132.7 111.6 2340.2 42 0.9692506790 -0.0293400139 0.2443200797 -0.0543650314 0.9428011179 0.3288928866 -0.2399949580 -0.3320621252 0.9122155309
138.6 -78.1 2407.1 0.9692506790 -0.0293400139 0.2443200797 -0.0543650314 0.9428011179 0.3288928866 -0.2399949580 -0.3320621252 0.9122155309
143.7 -265.5 2473.4 0.9693611860 -0.0256213136 0.2442998588 -0.0581559837 0.9423325062 0.3295865655 -0.2386561334 -0.3336959481 0.9119705558
2.2 -69.9 2440.7 -0.2726811469 -0.8040782213 0.5283021927 0.9365846515 -0.3474811614 -0.0454532243 0.2201229930 0.4824054837 0.8478388786
91.4 -376.3 2368.6 0.3195991516 -0.8040782213 0.5013128519 0.4315628409 -0.3474811614 -0.8324724436 0.8435697556 0.4824054837 0.2359555960
275.0 -86.3 2373.5 0.0030453906 0.6962245107 0.7178176045 -0.9745866656 0.1628518999 -0.1538183093 -0.2239900380 -0.6991070509 0.6790270805
275.7 -321.4 2319.5 -0.5506647229 0.6962245107 0.4604777694 -0.5035949349 0.1628518999 -0.8484523296 -0.6657029986 -0.6991070509 0.2609383464
59.6 -448.8 2562.6 0.8388321400 0.5383685231 0.0807461143 0.1311713606 -0.0559278578 -0.9897808433 -0.5283508897 0.8408516049 -0.1175326183
-164.3 -425.5 2212.9 0.8388321400 -0.1536333114 0.5222617984 0.1311713606 0.9881269336 0.0799952298 -0.5283508897 0.0014032186 0.8490249515
237.7 -458.1 2517.9 0.9863198996 -0.1010104865 0.1302687526 0.1110129654 -0.1771651357 -0.9779000878 0.1218572408 0.9789838791 -0.1635280252
279.8 -384.4 2110.2 0.9863198996 -0.1242683381 -0.1083071828 0.1110129654 0.9864432812 -0.1208541766 0.1218572408 0.1071773767 0.9867440462
7.6 -489.4 2147.6 0 0 0 0 0 0 0 0 0
132.4 -452.4 2146.2 0 0 0 0 0 0 0 0 0
-105.6 -803.1 2212.4 0 0 0 0 0 0 0 0 0
327.3 -761.5 2069.2 0 0 0 0 0 0 0 0 0
130.9 111.9 2341.0 43 0.9724146724 -0.0314965397 0.2311225682 -0.0473448709 0.9435662031 0.3277824223 -0.2284034491 -0.3296829164 0.9160464406
137.2 -78.1 2407.4 0.9724146724 -0.0314965397 0.2311225682 -0.0473448709 0.9435662031 0.3277824223 -0.2284034491 -0.3296829164 0.9160464406
142.7 -265.7 2472.9 0.9725270867 -0.0275711175 0.2311512381 -0.0509361550 0.9436969161 0.3268663883 -0.2271487862 -0.3296603560 0.9163664579
0.4 -70.9 2439.4 -0.2920075655 -0.8049348593 0.5165379643 0.9363306761 -0.3506988585 -0.0171799380 0.1949779987 0.4786336720 0.8560919166
93.9 -370.9 2376.9 0.3175029755 -0.8049348593 0.5012701154 0.4268830419 -0.3506988585 -0.8335353732 0.8467364907 0.4786336720 0.2322651148
274.1 -85.3 2375.4 0.0083931834 0.6821480989 0.7311658859 -0.9709220529 0.1805020571 -0.1572557092 -0.2392486334 -0.7085852027 0.6638275981
276.1 -321.7 2317.2 -0.5516562462 0.6821480989 0.4799472690 -0.5090178251 0.1805020571 -0.8416174054 -0.6607391834 -0.7085852027 0.2476504445
58.9 -449.3 2559.8 0.8432468176 0.5294204950 0.0929990485 0.1426171958 -0.0535451174 -0.9883285165 -0.5182616711 0.8466681242 -0.1206562072
-159.9 -427.2 2210.0 0.8432468176 -0.1571696103 0.5140355825 0.1426171958 0.9874419570 0.0679610074 -0.5182616711 0.0160024073 0.8550723791
237.4 -458.0 2517.6 0.9840469956 -0.1117049307 0.1384684294 0.1166719124 -0.1823854446 -0.9762802720 0.1343099475 0.9768610597 -0.1664430350
283.9 -382.0 2110.8 0.9840469956 -0.1318350583 -0.1194613576 0.1166719124 0.9851324558 -0.1261021793 0.1343099475 0.1101526842 0.9847980738
11.1 -482.2 2156.2 0 0 0 0 0 0 0 0 0
132.5 -454.2 2145.2 0 0 0 0 0 0 0 0 0
-99.8 -804.6 2203.8 0 0 0 0 0 0 0 0 0
334.3 -758.7 2068.7 0 0 0 0 0 0 0 0 0
131.1 110.9 2340.4 44 0.9740209579 -0.0312465392 0.2242917866 -0.0458265506 0.9427471757 0.3303447366 -0.2217725813 -0.3320412040 0.9168236256
137.4 -79.0 2407.3 0.9740209579 -0.0312465392 0.2242917866 -0.0458265506 0.9427471757 0.3303447366 -0.2217725813 -0.3320412040 0.9168236256
142.8 -266.5 2473.4 0.9741348028 -0.0273318402 0.2243085951 -0.0494906977 0.9427514672 0.3298034072 -0.2204813957 -0.3323741853 0.9170143604
0.3 -72.1 2438.3 -0.2928831875 -0.7888527513 0.5403061509 0.9334068298 -0.3584024906 -0.0173006002 0.2072946876 0.4992584288 0.8412906528
94.8 -373.1 2371.5 0.3304461837 -0.7888527513 0.5181859136 0.4375899434 -0.3584024906 -0.8246591091 0.8362537622 0.4992584288 0.2267613113
274.5 -86.0 2376.3 0.0106963618 0.6790330410 0.7340297699 -0.9714772105 0.1809621602 -0.1532472074 -0.2368915230 -0.7114540339 0.6616007686
277.1 -321.6 2318.8 -0.5527254939 0.6790330410 0.4831238389 -0.5117733479 0.1809621602 -0.8398456573 -0.6577100754 -0.7114540339 0.2474886179
58.5 -449.5 2558.4 0.8466217518 0.5275037289 0.0705081150 0.1249730363 -0.0682751313 -0.9898082018 -0.5173135400 0.8468047976 -0.1237269491
-158.9 -421.4 2209.5 0.8466217518 -0.1378149539 0.5140414238 0.1249730363 0.9903631210 0.0596877001 -0.5173135400 0.0137084126 0.8556861281
237.7 -458.4 2519.2 0.9828780293 -0.1178993434 0.1415998042 0.1190810502 -0.1799900681 -0.9764339328 0.1406074762 0.9765773416 -0.1628687084
286.8 -383.5 2112.5 0.9828780293 -0.1346109509 -0.1258199215 0.1190810502 0.9851436615 -0.1237401590 0.1406074762 0.1066387147 0.9843056798
8.8 -487.0 2153.8 0 0 0 0 0 0 0 0 0
133.2 -454.8 2147.6 0 0 0 0 0 0 0 0 0
-106.2 -799.9 2204.3 0 0 0 0 0 0 0 0 0
338.2 -760.1 2071.8 0 0 0 0 0 0 0 0 0
132.0 110.5 2340.1 45 0.9721112251 -0.0186328404 0.2337790430 -0.0603507534 0.9433915615 0.3261443079 -0.2266221792 -0.3311572969 0.9159570336
135.8 -79.8 2406.9 0.9721112251 -0.0186328404 0.2337790430 -0.0603507534 0.9433915615 0.3261443079 -0.2266221792 -0.3311572969 0.9159570336
138.9 -267.5 2472.3 0.9721518159 -0.0156915337 0.2338261157 -0.0625837594 0.9441370368 0.3235561252 -0.2258409709 -0.3291793764 0.9168624878
-1.0 -71.0 2438.7 -0.3149264753 -0.7793931961 0.5416340828 0.9295248389 -0.3686231673 0.0100244991 0.1918458492 0.5066193342 0.8405545950
99.0 -366.1 2377.8 0.3457503915 -0.7793931961 0.5224967599 0.4212805033 -0.3686231673 -0.8286372423 0.8384386897 0.5066193342 0.2008915544
272.6 -88.6 2375.1 0.0155886943 0.6794693470 0.7335382700 -0.9724659324 0.1809089780 -0.1469079852 -0.2325231284 -0.7110508680 0.6635809541
276.3 -321.4 2319.4 -0.5502053499 0.6794693470 0.4853817523 -0.5154889226 0.1809089780 -0.8375816941 -0.6569210291 -0.7110508680 0.2507218421
52.6 -449.5 2557.9 0.8460046053 0.5314290524 0.0431207828 0.1055991203 -0.0877349079 -0.9905308485 -0.5226136446 0.8425471783 -0.1303425729
-166.8 -413.3 2210.0 0.8460046053 -0.1128338426 0.5210995674 0.1055991203 0.9934493303 0.0436718091 -0.5226136446 0.0180811044 0.8523778915
231.2 -460.9 2517.1 0.9852007627 -0.1152879521 0.1268390864 0.1046449319 -0.1815227419 -0.9778031111 0.1357530951 0.9766054153 -0.1667720377
279.2 -385.3 2110.4 0.9852007627 -0.1200236827 -0.1223674044 0.1046449319 0.9865988493 -0.1251882464 0.1357530951 0.1105304286 0.9845578074
9.6 -475.0 2161.1 0 0 0 0 0 0 0 0 0
133.1 -455.6 2148.4 0 0 0 0 0 0 0 0 0
-123.7 -792.9 2203.1 0 0 0 0 0 0 0 0 0
325.1 -762.4 2068.1 0 0 0 0 0 0 0 0 0
132.0 110.0 2339.4 46 0.9712253213 -0.0141743943 0.2377402931 -0.0670581311 0.9415660501 0.3300857842 -0.2285269499 -0.3365300894 0.9135222435
134.8 -79.9 2407.3 0.9712253213 -0.0141743943 0.2377402931 -0.0670581311 0.9415660501 0.3300857842 -0.2285269499 -0.3365300894 0.9135222435
136.9 -267.4 2473.5 0.9712606668 -0.0103107858 0.2377949804 -0.0697758496 0.9428337812 0.3258769214 -0.2275611907 -0.3331037760 0.9150179029
-1.8 -70.1 2439.3 -0.3225723803 -0.7808258533 0.5350309014 0.9277619123 -0.3728632331 0.0151937399 0.1876296848 0.5012823939 0.8446958661
102.7 -370.7 2378.6 0.3536787629 -0.7808258533 0.5149974227 0.3976025283 -0.3728632331 -0.8383824825 0.8466543555 0.5012823939 0.1785845160
271.5 -89.7 2375.3 0.0191392656 0.6826045513 0.7305372953 -0.9723926187 0.1826678514 -0.1452068686 -0.2325645387 -0.7075899243 0.6672557592
276.1 -321.7 2319.8 -0.5513716936 0.6826045513 0.4796251357 -0.5067445040 0.1826678514 -0.8425214887 -0.6627210975 -0.7075899243 0.2451882362
49.7 -448.4 2560.3 0.8456518650 0.5328792930 0.0302089378 0.0934839100 -0.0921546668 -0.9913467169 -0.5254842639 0.8411582112 -0.1277464032
-170.6 -410.3 2212.6 0.8456518650 -0.1010139436 0.5240888596 0.0934839100 0.9947806001 0.0408935733 -0.5254842639 0.0144121479 0.8506812453
228.1 -461.2 2518.9 0.9861330390 -0.1144118607 0.1202146485 0.0988822579 -0.1766763926 -0.9792894125 0.1332814097 0.9775967598 -0.1629131287
275.7 -387.6 2111.8 0.9861330390 -0.1134640947 -0.1211096048 0.0988822579 0.9878012538 -0.1202952936 0.1332814097 0.1066515669 0.9853230715
12.3 -472.2 2162.3 0 0 0 0 0 0 0 0 0
132.6 -453.6 2147.3 0 0 0 0 0 0 0 0 0
-132.0 -790.5 2207.1 0 0 0 0 0 0 0 0 0
319.1 -765.2 2071.0 0 0 0 0 0 0 0 0 0
132.3 111.9 2339.1 47 0.9700472355 -0.0148827955 0.2424600869 -0.0684722662 0.9408960342 0.3317019939 -0.2330663800 -0.3383683860 0.9116945267
135.3 -77.8 2407.3 0.9700472355 -0.0148827955 0.2424600869 -0.0684722662 0.9408960342 0.3317019939 -0.2330663800 -0.3383683860 0.9116945267
137.5 -265.1 2473.9 0.9700868726 -0.0107499193 0.2425199300 -0.0713847280 0.9422182441 0.3273057044 -0.2320252061 -0.3348271847 0.9132661223
-1.2 -67.8 2440.0 -0.2968614995 -0.7901983857 0.5361527205 0.9313687086 -0.3635230660 -0.0200835336 0.2107738703 0.4933938682 0.8438820243
96.9 -375.6 2370.3 0.3339931071 -0.7901983857 0.5138434768 0.4195728898 -0.3635230660 -0.8317509294 0.8440421820 0.4933938682 0.2101316154
271.9 -87.9 2374.7 0.0168957673 0.6984136701 0.7154948115 -0.9746018052 0.1713242531 -0.1442198455 -0.2233067304 -0.6948858500 0.6835699081
275.9 -321.5 2321.1 -0.5472272635 0.6984136701 0.4612598717 -0.4979212284 0.1713242531 -0.8501308560 -0.6727679968 -0.6948858500 0.2540017068
48.3 -447.9 2561.6 0.8496199250 0.5254172683 0.0456367284 0.1111090928 -0.0937322080 -0.9893780947 -0.5155586600 0.8456659913 -0.1380153894
-164.8 -409.9 2218.7 0.8496199250 -0.1077590436 0.5162692666 0.1111090928 0.9935057163 0.0245196112 -0.5155586600 0.0365298614 0.8560752273
228.6 -459.0 2519.2 0.9868714213 -0.1099972427 0.1182598621 0.0979339406 -0.1746930778 -0.9797403812 0.1284279227 0.9784594774 -0.1616271436
274.4 -386.3 2111.7 0.9868714213 -0.1117674485 -0.1165882647 0.0979339406 0.9881358147 -0.1183070764 0.1284279227 0.1053359285 0.9861088395
10.9 -483.7 2152.9 0 0 0 0 0 0 0 0 0
133.5 -451.1 2146.1 0 0 0 0 0 0 0 0 0
-123.6 -789.6 2204.7 0 0 0 0 0 0 0 0 0
317.2 -764.0 2071.4 0 0 0 0 0 0 0 0 0
132.5 109.1 2339.4 48 0.9677644372 -0.0122710820 0.2515579462 -0.0759451389 0.9381027818 0.3379282951 -0.2401339412 -0.3461395800 0.9069305658
135.0 -79.5 2409.0 0.9677644372 -0.0122710820 0.2515579462 -0.0759451389 0.9381027818 0.3379282951 -0.2401339412 -0.3461395800 0.9069305658
136.1 -266.3 2476.9 0.9678099751 -0.0056782765 0.2516180277 -0.0807071403 0.9399476647 0.3316394091 -0.2383909374 -0.3412712812 0.9092324376
-1.2 -68.1 2442.6 -0.2873435318 -0.7921687961 0.5384258032 0.9313230515 -0.3623948395 -0.0361577049 0.2237657309 0.4910586476 0.8418968320
93.1 -373.8 2369.1 0.3181676269 -0.7921687961 0.5208051205 0.4413982034 -0.3623948395 -0.8208761215 0.8390095234 0.4910586476 0.2343595773
271.2 -90.8 2375.5 0.0255270153 0.6759495735 0.7365056276 -0.9727010131 0.1867832839 -0.1377123594 -0.2306535542 -0.7128844261 0.6622648239
277.2 -321.0 2320.9 -0.5590881705 0.6759495735 0.4801173210 -0.5002463460 0.1867832839 -0.8454972506 -0.6611914039 -0.7128844261 0.2337129712
47.3 -446.8 2566.5 0.8471538424 0.5292440057 0.0472347178 0.1103413552 -0.0882680193 -0.9899664521 -0.5197644830 0.8438658118 -0.1331740916
-165.8 -411.2 2226.8 0.8471538424 -0.1035755277 0.5211548805 0.1103413552 0.9937283397 0.0181324817 -0.5197644830 0.0421439372 0.8532694578
226.0 -460.6 2522.9 0.9885082841 -0.1043607071 0.1093627959 0.0909731612 -0.1670899838 -0.9817356467 0.1207280532 0.9804028869 -0.1556757987
269.5 -391.0 2114.6 0.9885082841 -0.1032035947 -0.1104554087 0.0909731612 0.9896965623 -0.1105651483 0.1207280532 0.0992460847 0.9877119660
10.8 -487.9 2152.1 0 0 0 0 0 0 0 0 0
131.7 -451.2 2148.8 0 0 0 0 0 0 0 0 0
-126.2 -791.1 2210.6 0 0 0 0 0 0 0 0 0
308.9 -769.3 2076.6 0 0 0 0 0 0 0 0 0
132.9 110.4 2339.6 49 0.9683302045 -0.0083674435 0.2495327741 -0.0789974630 0.9378237724 0.3380029798 -0.2368459851 -0.3470109403 0.9074620605
134.5 -78.8 2409.6 0.9683302045 -0.0083674435 0.2495327741 -0.0789974630 0.9378237724 0.3380029798 -0.2368459851 -0.3470109403 0.9074620605
135.3 -265.4 2478.2 0.9683533311 -0.0038538249 0.2495534867 -0.0825508237 0.9386587143 0.3348211944 -0.2355358899 -0.3448260725 0.9086351395
-1.7 -67.2 2442.8 -0.2774202824 -0.7919600010 0.5439093113 0.9334669709 -0.3561425507 -0.0424482115 0.2273265421 0.4959453940 0.8380696774
88.8 -371.8 2368.6 0.3094704449 -0.7919600010 0.5263339281 0.4660591483 -0.3561425507 -0.8099082708 0.8288648129 0.4959453940 0.2588846087
270.8 -90.4 2376.5 0.0229951646 0.6673101783 0.7444248796 -0.9690183401 0.1980402172 -0.1475924850 -0.2459160388 -0.7179673910 0.6511897445
276.3 -322.5 2317.6 -0.5611788034 0.6673101783 0.4896687865 -0.5001000762 0.1980402172 -0.8430184126 -0.6595288515 -0.7179673910 0.2225858867
46.6 -444.9 2568.3 0.8487669230 0.5262159705 0.0518792309 0.1123765260 -0.0836421251 -0.9901391268 -0.5166877508 0.8462273479 -0.1301269978
-164.4 -411.4 2228.8 0.8487669230 -0.1047652662 0.5182846189 0.1123765260 0.9935237169 0.0167963672 -0.5166877508 0.0439868234 0.8550432324
224.9 -459.6 2525.1 0.9882768393 -0.1071208045 0.1087842062 0.0904429033 -0.1632724553 -0.9824267030 0.1229998022 0.9807482958 -0.1516700834
269.5 -391.6 2116.7 0.9882768393 -0.1024718881 -0.1131741256 0.0904429033 0.9901638627 -0.1067499816 0.1229998022 0.0952627361 0.9878239036
8.6 -492.7 2153.7 0 0 0 0 0 0 0 0 0
130.3 -452.7 2145.9 0 0 0 0 0 0 0 0 0
-124.4 -791.2 2212.0 0 0 0 0 0 0 0 0 0
308.7 -770.1 2080.3 0 0 0 0 0 0 0 0 0
133.0 111.8 2339.2 50 0.9643576145 -0.0072579836 0.2645026743 -0.0855223760 0.9374212027 0.3375313580 -0.2504002154 -0.3481218517 0.9033885598
134.5 -77.7 2409.6 0.9643576145 -0.0072579836 0.2645026743 -0.0855223760 0.9374212027 0.3375313580 -0.2504002154 -0.3481218517 0.9033885598
134.1 -264.5 2477.7 0.9643771648 0.0017634474 0.2645251155 -0.0921984017 0.9395154715 0.3298637569 -0.2479437441 -0.3425018787 0.9062098861
-1.2 -64.8 2444.5 -0.2728338838 -0.7786654830 0.5650148392 0.9337054491 -0.3558516800 -0.0395439900 0.2318530083 0.5167684555 0.8241325617
88.7 -372.5 2368.0 0.3264686465 -0.7786654830 0.5358155370 0.4735611081 -0.3558516800 -0.8056733012 0.8180208206 0.5167684555 0.2525712550
270.2 -90.7 2374.7 0.0287039205 0.6636051536 0.7475321293 -0.9706308246 0.1972032338 -0.1377923191 -0.2388554513 -0.7216225266 0.6497761011
277.0 -322.0 2317.8 -0.5626013875 0.6636051536 0.4930596650 -0.5042241812 0.1972032338 -0.8407549262 -0.6551622748 -0.7216225266 0.2236589640
45.0 -443.1 2568.5 0.8434653878 0.5355172157 0.0422780402 0.1070169583 -0.0903872252 -0.9901401401 -0.5264157057 0.8396734595 -0.1335479170
-169.4 -406.9 2232.3 0.8434653878 -0.0945801884 0.5287917256 0.1070169583 0.9942316413 0.0071285376 -0.5264157057 0.0505770072 0.8487216830
222.2 -459.7 2523.0 0.9906522632 -0.0964950994 0.0964200646 0.0796482265 -0.1646672040 -0.9831281304 0.1107442677 0.9816177487 -0.1554422677
262.4 -391.2 2114.2 0.9906522632 -0.0907245353 -0.1018685028 0.0796482265 0.9909566641 -0.1079861373 0.1107442677 0.0988630652 0.9889194965
4.0 -495.4 2155.7 0 0 0 0 0 0 0 0 0
130.6 -453.2 2147.2 0 0 0 0 0 0 0 0 0
-133.3 -786.9 2212.9 0 0 0 0 0 0 0 0 0
297.1 -770.0 2076.4 0 0 0 0 0 0 0 0 0
131.9 110.2 2341.5 51 0.9625475407 0.0006972703 0.2711120546 -0.0939057097 0.9389519095 0.3309849501 -0.2543303967 -0.3440477252 0.9038513303
131.8 -79.1 2410.9 0.9625475407 0.0006972703 0.2711120546 -0.0939057097 0.9389519095 0.3309849501 -0.2543303967 -0.3440477252 0.9038513303
130.3 -265.9 2478.7 0.9625241756 0.0074354578 0.2710939348 -0.0993024036 0.9398632050 0.3267968893 -0.2523613274 -0.3414701819 0.9053794146
-3.6 -65.1 2446.4 -0.2747626305 -0.7512277961 0.6001352668 0.9317286015 -0.3621672988 -0.0267705508 0.2374601513 0.5518076420 0.7994504571
87.1 -372.8 2368.0 0.3466187418 -0.7512277961 0.5617048144 0.4949959815 -0.3621672988 -0.7898188233 0.7967649698 0.5518076420 0.2463207543
267.3 -93.0 2375.3 0.0367948264 0.6525371671 0.7568628788 -0.9693491459 0.2074092180 -0.1316951811 -0.2429163307 -0.7288187146 0.6401679516
275.9 -321.6 2318.1 -0.5652410984 0.6525371671 0.5046759248 -0.5073469877 0.2074092180 -0.8364092708 -0.6504625678 -0.7288187146 0.2138265520
40.4 -443.8 2569.8 0.8419542313 0.5383845568 0.0354276299 0.1023707688 -0.0949337408 -0.9902059436 -0.5297483206 0.8373348713 -0.1350447088
-175.0 -405.8 2234.8 0.8419542313 -0.0872332230 0.5324503779 0.1023707688 0.9947457314 0.0010956323 -0.5297483206 0.0535848849 0.8464605212
217.2 -461.9 2523.5 0.9917186499 -0.0933678299 0.0881845802 0.0719326809 -0.1650146395 -0.9836645126 0.1063943654 0.9818618298 -0.1569319069
256.0 -393.1 2114.6 0.9917186499 -0.0826868266 -0.0982698351 0.0719326809 0.9915068746 -0.1083504036 0.1063943654 0.1003843099 0.9892437458
-2.9 -501.3 2161.1 0 0 0 0 0 0 0 0 0
128.8 -453.7 2148.7 0 0 0 0 0 0 0 0 0
-141.6 -786.1 2214.3 0 0 0 0 0 0 0 0 0
287.6 -772.2 2076.2 0 0 0 0 0 0 0 0 0
132.9 110.7 2341.6 52 0.9630727768 0.0000995647 0.2692410946 -0.0919251814 0.9400311708 0.3284678757 -0.2530623078 -0.3410885334 0.9053276181
132.9 -78.8 2410.4 0.9630727768 0.0000995647 0.2692410946 -0.0919251814 0.9400311708 0.3284678757 -0.2530623078 -0.3410885334 0.9053276181
131.8 -265.8 2477.8 0.9630590677 0.0056809280 0.2692303658 -0.0964000970 0.9407950044 0.3249796629 -0.2514443994 -0.3389284313 0.9065887928
-2.6 -65.2 2445.8 -0.2672131360 -0.7329188585 0.6256412864 0.9341455698 -0.3564099669 -0.0185467694 0.2365780622 0.5794841051 0.7798903584
85.4 -373.0 2367.8 0.3690841794 -0.7329188585 0.5714952350 0.5072281957 -0.3564099669 -0.7846601009 0.7787787914 0.5794841051 0.2402118593
268.4 -92.3 2375.0 0.0269199554 0.6740606427 0.7381852865 -0.9707174301 0.1939679980 -0.1417185217 -0.2387112081 -0.7127542496 0.6595439911
274.8 -322.6 2318.4 -0.5567044616 0.6740606427 0.4855124652 -0.5008118749 0.1939679980 -0.8435424566 -0.6627726555 -0.7127542496 0.2295947075
42.2 -444.1 2568.2 0.8423775434 0.5375060439 0.0385649875 0.1063675061 -0.0956889167 -0.9897118807 -0.5282859206 0.8378131390 -0.1377793849
-172.7 -405.8 2233.2 0.8423775434 -0.0898628905 0.5313423276 0.1063675061 0.9943267703 -0.0004677209 -0.5282859206 0.0569115579 0.8471570611
219.0 -461.7 2522.1 0.9914190173 -0.0941836759 0.0906517953 0.0739394873 -0.1678519696 -0.9830354452 0.1078019738 0.9813027978 -0.1594477445
258.2 -391.8 2113.4 0.9914190173 -0.0851081237 -0.0992215797 0.0739394873 0.9910359979 -0.1112681180 0.1078019738 0.1029769406 0.9888247848
-10.4 -504.7 2165.6 0 0 0 0 0 0 0 0 0
130.0 -453.0 2145.9 0 0 0 0 0 0 0 0 0
-138.4 -785.9 2211.4 0 0 0 0 0 0 0 0 0
290.8 -770.7 2074.0 0 0 0 0 0 0 0 0 0
132.7 112.1 2340.2 53 0.9679365754 -0.0007901072 0.2511934042 -0.0848872364 0.9401362538 0.3300575316 -0.2364168018 -0.3407978714 0.9099252224
132.9 -77.6 2409.0 0.9679365754 -0.0007901072 0.2511934042 -0.0848872364 0.9401362538 0.3300575316 -0.2364168018 -0.3407978714 0.9099252224
132.0 -264.7 2476.0 0.9679291248 0.0044308901 0.2511844337 -0.0887606516 0.9413911104 0.3254294693 -0.2350208610 -0.3372879326 0.9115931392
-3.3 -65.1 2442.0 -0.2685299814 -0.7479321361 0.6070330739 0.9362639189 -0.3508312106 -0.0180929676 0.2264984697 0.5634846687 0.7944705486
85.2 -373.8 2367.4 0.3573076427 -0.7479321361 0.5594003797 0.5026282072 -0.3508312106 -0.7901154160 0.7872078419 0.5634846687 0.2505771220
269.1 -90.0 2375.9 0.0237839837 0.6796171665 0.7331812978 -0.9718561769 0.1876519024 -0.1424161196 -0.2343713045 -0.7091595531 0.6649532318
274.8 -322.4 2319.9 -0.5536813736 0.6796171665 0.4812041819 -0.5029333234 0.1876519024 -0.8437089920 -0.6636979580 -0.7091595531 0.2379027456
42.3 -443.7 2564.6 0.8505116701 0.5237028003 0.0486338288 0.1138521060 -0.0930438265 -0.9891312122 -0.5134856701 0.8468047380 -0.1387595236
-167.1 -406.6 2226.1 0.8505116701 -0.0984338969 0.5166629553 0.1138521060 0.9934959412 0.0018602583 -0.5134856701 0.0572410002 0.8561868668
219.9 -460.0 2521.5 0.9888393283 -0.1097348630 0.1007724032 0.0811810195 -0.1702996641 -0.9820426106 0.1249258146 0.9792631269 -0.1594906151
265.6 -389.1 2113.7 0.9888393283 -0.0943066105 -0.1153389812 0.0811810195 0.9901995063 -0.1136422232 0.1249258146 0.1030105650 0.9868041277
-7.6 -504.3 2162.8 0 0 0 0 0 0 0 0 0
130.7 -453.3 2147.1 0 0 0 0 0 0 0 0 0
-129.4 -786.4 2204.2 0 0 0 0 0 0 0 0 0
301.7 -767.6 2074.4 0 0 0 0 0 0 0 0 0
133.1 111.3 2340.0 54 0.9674617052 -0.0059825666 0.2529467642 -0.0805585384 0.9404110312 0.3303595185 -0.2398503125 -0.3399872184 0.9093297124
134.3 -78.4 2408.6 0.9674617052 -0.0059825666 0.2529467642 -0.0805585384 0.9404110312 0.3303595185 -0.2398503125 -0.3399872184 0.9093297124
134.4 -265.6 2475.6 0.9674763680 -0.0005887320 0.2529608309 -0.0847510695 0.9414485693 0.3263308108 -0.2383417338 -0.3371560574 0.9107793570
-1.9 -66.5 2442.1 -0.2647351921 -0.7809201479 0.5657552481 0.9366061687 -0.3478694260 -0.0419008881 0.2295302004 0.5187972188 0.8235079646
85.0 -373.9 2366.8 0.3285960555 -0.7809201479 0.5312139988 0.4775598645 -0.3478694260 -0.8067982793 0.8148381710 0.5187972188 0.2586276233
270.4 -90.3 2375.0 0.0228508413 0.6842259169 0.7289120555 -0.9736418724 0.1807328463 -0.1391300410 -0.2269347161 -0.7065200210 0.6703208685
275.8 -321.2 2321.2 -0.5500733852 0.6842259169 0.4788049757 -0.5081691146 0.1807328463 -0.8420806527 -0.6627091765 -0.7065200210 0.2482861578
45.7 -445.0 2564.5 0.8482741117 0.5269555449 0.0524299815 0.1175909191 -0.0909027308 -0.9888928533 -0.5163365006 0.8450174928 -0.1390756220
-164.9 -408.6 2226.7 0.8482741117 -0.1023795158 0.5195665956 0.1175909191 0.9930552244 0.0036938221 -0.5163365006 0.0579629429 0.8544219732
223.3 -460.5 2520.8 0.9889194369 -0.1056926847 0.1042470187 0.0852180496 -0.1708338857 -0.9816076756 0.1215576753 0.9796146154 -0.1599340141
267.3 -389.4 2112.8 0.9889194369 -0.0980192199 -0.1114926785 0.0852180496 0.9897840619 -0.1143041626 0.1215576753 0.1035364196 0.9871696830
-0.3 -497.9 2155.2 0 0 0 0 0 0 0 0 0
132.7 -453.4 2148.7 0 0 0 0 0 0 0 0 0
-125.8 -788.3 2204.6 0 0 0 0 0 0 0 0 0
304.8 -767.8 2073.2 0 0 0 0 0 0 0 0 0
132.9 111.4 2338.9 55 0.9726116061 -0.0089623304 0.2322635204 -0.0714979321 0.9392717481 0.3356436789 -0.2211667001 -0.3430573046 0.9129058123
134.7 -78.2 2408.2 0.9726116061 -0.0089623304 0.2322635204 -0.0714979321 0.9392717481 0.3356436789 -0.2211667001 -0.3430573046 0.9129058123
135.8 -265.2 2475.7 0.9726301432 -0.0053999228 0.2322961390 -0.0739208311 0.9405994415 0.3313735425 -0.2202870101 -0.3394753933 0.9144561887
-2.1 -67.8 2439.2 -0.2644093931 -0.8076776862 0.5270146132 0.9385091066 -0.3412884176 -0.0521815456 0.2220098525 0.4808107018 0.8482527137
83.8 -372.9 2367.0 0.2893176675 -0.8076776862 0.5137625933 0.4811408520 -0.3412884176 -0.8074810505 0.8275256753 0.4808107018 0.2898659706
271.6 -88.6 2377.2 0.0162557457 0.6851885319 0.7281842828 -0.9712646604 0.1837712973 -0.1512382925 -0.2374461144 -0.7048012018 0.6684867740
275.5 -321.2 2320.3 -0.5469294190 0.6851885319 0.4810248017 -0.5092368126 0.1837712973 -0.8407769799 -0.6644893289 -0.7048012018 0.2484133095
47.6 -445.4 2563.4 0.8562384844 0.5122768283 0.0665441155 0.1263650656 -0.0828035176 -0.9885218740 -0.5008867383 0.8548192978 -0.1356334537
-157.1 -412.3 2221.7 0.8562384844 -0.1150502488 0.5036060810 0.1263650656 0.9919140935 0.0117578646 -0.5008867383 0.0535706840 0.8638533950
226.1 -459.0 2522.9 0.9854456186 -0.1217285991 0.1186552718 0.0970909819 -0.1699120253 -0.9806646705 0.1395359039 0.9779120684 -0.1556203067
276.8 -388.2 2115.7 0.9854456186 -0.1114595905 -0.1283498555 0.0970909819 0.9888120890 -0.1132429168 0.1395359039 0.0991331190 0.9852423072
8.7 -497.8 2152.2 0 0 0 0 0 0 0 0 0
133.1 -453.8 2147.3 0 0 0 0 0 0 0 0 0
-113.1 -791.5 2201.2 0 0 0 0 0 0 0 0 0
319.4 -766.2 2077.8 0 0 0 0 0 0 0 0 0
133.0 112.7 2338.8 56 0.9721198678 -0.0114897443 0.2342028320 -0.0694655553 0.9398522973 0.3344430327 -0.2239587456 -0.3413877487 0.9128509760
135.3 -76.9 2407.7 0.9721198678 -0.0114897443 0.2342028320 -0.0694655553 0.9398522973 0.3344430327 -0.2239587456 -0.3413877487 0.9128509760
136.9 -264.1 2474.9 0.9721462131 -0.0077814856 0.2342459708 -0.0720386207 0.9411466718 0.3302323222 -0.2230295092 -0.3379088640 0.9143716097
-1.5 -66.8 2439.1 -0.2526278794 -0.8334367275 0.4914899766 0.9402618408 -0.3312849104 -0.0784729421 0.2282254547 0.4423048198 0.8673405051
82.3 -378.7 2363.4 0.2663486898 -0.8334367275 0.4841917157 0.4604709744 -0.3312849104 -0.8235391974 0.8467732072 0.4423048198 0.2955361307
272.1 -87.1 2376.3 0.0163379908 0.6923287511 0.7213972807 -0.9739209414 0.1743140668 -0.1452330500 -0.2262987047 -0.7002110481 0.6771214008
276.1 -320.9 2322.0 -0.5442618132 0.6923287511 0.4737721384 -0.5109800100 0.1743140668 -0.8417327404 -0.6653409004 -0.7002110481 0.2588936388
49.2 -444.6 2562.6 0.8546670079 0.5147271752 0.0678249747 0.1286103874 -0.0833359063 -0.9881874919 -0.5029947162 0.8532942533 -0.1374237090
-156.5 -411.2 2221.5 0.8546670079 -0.1164831147 0.5059406757 0.1286103874 0.9916336536 0.0110477870 -0.5029947162 0.0556270480 0.8624975085
227.6 -457.8 2521.6 0.9856664538 -0.1188235283 0.1197605580 0.0984089002 -0.1716395915 -0.9802324176 0.1370303184 0.9779676795 -0.1574860960
277.1 -386.3 2114.4 0.9856664538 -0.1127476245 -0.1254973859 0.0984089002 0.9884637594 -0.1151306033 0.1370303184 0.1011303142 0.9853909612
13.2 -498.2 2143.6 0 0 0 0 0 0 0 0 0
134.4 -453.9 2148.8 0 0 0 0 0 0 0 0 0
-112.0 -790.4 2200.2 0 0 0 0 0 0 0 0 0
320.2 -764.2 2075.7 0 0 0 0 0 0 0 0 0
133.0 110.5 2338.8 57 0.9717091918 -0.0126285441 0.2358426303 -0.0702053532 0.9379884601 0.3394832313 -0.2255048454 -0.3464364111 0.9105654359
135.6 -78.5 2408.6 0.9717091918 -0.0126285441 0.2358426303 -0.0702053532 0.9379884601 0.3394832313 -0.2255048454 -0.3464364111 0.9105654359
137.6 -265.5 2476.3 0.9717196822 -0.0101487953 0.2359192520 -0.0710680038 0.9401865005 0.3331645727 -0.2251893282 -0.3405088782 0.9128764868
-1.2 -68.5 2440.3 -0.2633372843 -0.8436519504 0.4678727090 0.9442418814 -0.3247684538 -0.0541545562 0.1976379007 0.4275241196 0.8821351528
84.0 -374.0 2376.4 0.2625173628 -0.8436519504 0.4683332443 0.4450844526 -0.3247684538 -0.8345209956 0.8561451435 0.4275241196 0.2902389765
272.3 -88.5 2376.9 0.0169706326 0.6987867951 0.7151286602 -0.9734464288 0.1748474687 -0.1477511823 -0.2282850146 -0.6936320066 0.6831988096
276.4 -320.4 2322.5 -0.5423729420 0.6987867951 0.4663996100 -0.5027232170 0.1748474687 -0.8465800285 -0.6731277704 -0.6936320066 0.2564638555
50.0 -444.1 2562.1 0.8478531837 0.5218619704 0.0938356295 0.1397630572 -0.0492446274 -0.9889596701 -0.5114795566 0.8516073227 -0.1146892384
-165.5 -423.8 2210.3 0.8478531837 -0.1596912742 0.5056122541 0.1397630572 0.9871541858 0.0774137899 -0.5114795566 0.0050303834 0.8592807651
228.8 -458.9 2523.4 0.9858317971 -0.1161713749 0.1209952831 0.1004145667 -0.1690696180 -0.9804756045 0.1343598217 0.9787337184 -0.1550089121
277.2 -388.5 2115.8 0.9858317971 -0.1141413078 -0.1229121983 0.1004145667 0.9885510206 -0.1126221865 0.1343598217 0.0986843556 0.9860064983
15.9 -489.5 2154.3 0 0 0 0 0 0 0 0 0
135.2 -451.3 2147.3 0 0 0 0 0 0 0 0 0
-104.6 -800.3 2208.4 0 0 0 0 0 0 0 0 0
320.8 -766.4 2078.0 0 0 0 0 0 0 0 0 0
132.5 110.9 2338.8 58 0.9695844054 -0.0145890461 0.2443220764 -0.0717981011 0.9373537898 0.3409000933 -0.2339896411 -0.3480732739 0.9077961445
135.5 -78.0 2408.9 0.9695844054 -0.0145890461 0.2443220764 -0.0717981011 0.9373537898 0.3409000933 -0.2339896411 -0.3480732739 0.9077961445
137.8 -264.7 2477.2 0.9696065784 -0.0115581872 0.2443961501 -0.0733913332 0.9391468167 0.3355844915 -0.2334026098 -0.3433215022 0.9097546935
-1.0 -67.6 2441.8 -0.2798062265 -0.8355165124 0.4728854895 0.9417636395 -0.3345642388 -0.0338826142 0.1865200549 0.4358657897 0.8804721832
89.0 -370.5 2381.8 0.2803346515 -0.8355165124 0.4725724161 0.4226894677 -0.3345642388 -0.8422591090 0.8618271947 0.4358657897 0.2593740821
271.9 -88.3 2376.1 0.0155132972 0.7017223835 0.7122815847 -0.9735475779 0.1730092913 -0.1492409259 -0.2279570252 -0.6911247969 0.6858440638
275.7 -321.4 2321.5 -0.5436666012 0.7017223835 0.4604479373 -0.4969080687 0.1730092913 -0.8503823876 -0.6763941050 -0.6911247969 0.2546321452
50.9 -445.6 2564.5 0.8516241312 0.5167067647 0.0880363658 0.1339364648 -0.0521402434 -0.9896172881 -0.5067517161 0.8545733094 -0.1136097685
-163.0 -424.1 2210.8 0.8516241312 -0.1497590840 0.5023031831 0.1339364648 0.9886755943 0.0676874369 -0.5067517161 0.0096324598 0.8620382547
229.0 -458.1 2524.0 0.9871262908 -0.1079307422 0.1180367172 0.0991885364 -0.1658485234 -0.9811502695 0.1254725009 0.9802271128 -0.1530079395
274.0 -389.1 2115.8 0.9871262908 -0.1116608083 -0.1145145223 0.0991885364 0.9890390635 -0.1093772948 0.1254725009 0.0966106802 0.9873819351
16.2 -480.3 2158.0 0 0 0 0 0 0 0 0 0
134.2 -450.8 2145.5 0 0 0 0 0 0 0 0 0
-105.8 -801.6 2207.1 0 0 0 0 0 0 0 0 0
316.7 -767.2 2078.9 0 0 0 0 0 0 0 0 0
133.3 110.5 2338.8 59 0.9685440660 -0.0150537528 0.2483863980 -0.0729248002 0.9371731877 0.3411573768 -0.2379167825 -0.3485394716 0.9065957665
136.4 -78.3 2409.0 0.9685440660 -0.0150537528 0.2483863980 -0.0729248002 0.9371731877 0.3411573768 -0.2379167825 -0.3485394716 0.9065957665
138.6 -265.0 2477.3 0.9685724974 -0.0114543149 0.2484674901 -0.0749390572 0.9390840530 0.3354180455 -0.2371738404 -0.3434966207 0.9087126255
0.0 -67.8 2442.4 -0.2733659148 -0.8229601979 0.4980035424 0.9399749041 -0.3384769261 -0.0433650203 0.2042503953 0.4562563300 0.8660899997
88.0 -370.3 2376.6 0.2893096805 -0.8229601979 0.4889134765 0.4414802492 -0.3384769261 -0.8309804797 0.8493497968 0.4562563300 0.2653960288
272.7 -88.9 2375.6 0.0151851587 0.6986689568 0.7152839303 -0.9743421674 0.1710000187 -0.1463430971 -0.2245589495 -0.6947090626 0.6833392978
276.3 -320.5 2322.3 -0.5500161648 0.6986689568 0.4575411677 -0.4926061928 0.1710000187 -0.8532866836 -0.6744044423 -0.6947090626 0.2501158714
51.3 -444.6 2566.8 0.8514640331 0.5175129771 0.0847897828 0.1335510910 -0.0576332100 -0.9893646836 -0.5071223974 0.8537322283 -0.1181870326
-162.9 -420.7 2213.3 0.8514640331 -0.1447853297 0.5040299892 0.1335510910 0.9893093705 0.0585749559 -0.5071223974 0.0174392872 0.8616976142
229.8 -458.6 2523.8 0.9877613187 -0.1043542102 0.1159213558 0.0976922512 -0.1654454917 -0.9813684225 0.1215885952 0.9806824327 -0.1532260627
273.2 -389.7 2115.4 0.9877613187 -0.1097558737 -0.1108206138 0.0976922512 0.9892317057 -0.1089812294 0.1215885952 0.0968211293 0.9878470898
12.8 -485.1 2155.9 0 0 0 0 0 0 0 0 0
133.1 -448.7 2146.7 0 0 0 0 0 0 0 0 0
-107.6 -798.7 2206.7 0 0 0 0 0 0 0 0 0
315.2 -767.9 2078.4 0 0 0 0 0 0 0 0 0
134.2 110.6 2345.8 60 0.9636176229 -0.0131273447 0.2669621706 -0.0759644210 0.9441549778 0.3206256032 -0.2562626004 -0.3292400837 0.9088071585
136.9 -79.5 2412.1 0.9636176229 -0.0131273447 0.2669621706 -0.0759644210 0.9441549778 0.3206256032 -0.2562626004 -0.3292400837 0.9088071585
139.1 -267.2 2477.4 0.9636375308 -0.0112824608 0.2669745982 -0.0775058270 0.9443557262 0.3196640611 -0.2557255626 -0.3287323713 0.9091421366
1.3 -68.6 2448.1 -0.2620063126 -0.8166514039 0.5142306685 0.9354930520 -0.3458169997 -0.0725488812 0.2370768636 0.4620509446 0.8545779586
86.4 -372.7 2371.0 0.2884684205 -0.8166514039 0.4998664260 0.4488309622 -0.3458169997 -0.8239911199 0.8457758427 0.4620509446 0.2667811513
272.5 -90.4 2376.1 0.0135762822 0.6861548424 0.7273288369 -0.9721786976 0.1791727096 -0.1508831233 -0.2338466644 -0.7050451636 0.6694976091
275.7 -321.2 2320.6 -0.5567331910 0.6861548424 0.4682303667 -0.4944875836 0.1791727096 -0.8505169749 -0.6674804688 -0.7050451636 0.2395436466
52.5 -447.7 2565.9 0.8430563211 0.5327335000 0.0738312379 0.1361331493 -0.0785652921 -0.9875704050 -0.5203112960 0.8426283002 -0.1387576610
-167.9 -415.2 2217.3 0.8430563211 -0.1358385682 0.5203882456 0.1361331493 0.9899664521 0.0378711857 -0.5203112960 0.0389145464 0.8530895710
229.7 -462.1 2519.3 0.9904236197 -0.0879482329 0.1064244211 0.0892734081 -0.1800460964 -0.9795987010 0.1053152755 0.9797185659 -0.1704704762
266.3 -387.1 2111.4 0.9904236197 -0.1012003943 -0.0939123482 0.0892734081 0.9883186817 -0.1235167384 0.1053152755 0.1139500216 0.9878886938
11.4 -489.4 2151.1 0 0 0 0 0 0 0 0 0
130.8 -449.9 2146.9 0 0 0 0 0 0 0 0 0
-116.0 -793.5 2202.5 0 0 0 0 0 0 0 0 0
305.0 -764.9 2067.8 0 0 0 0 0 0 0 0 0
132.9 109.3 2343.3 61 0.9758020043 -0.0197914634 0.2177585065 -0.0557855815 0.9404039383 0.3354525864 -0.2114200443 -0.3394830823 0.9165439606
136.9 -80.4 2411.8 0.9758020043 -0.0197914634 0.2177585065 -0.0557855815 0.9404039383 0.3354525864 -0.2114200443 -0.3394830823 0.9165439606
140.2 -267.6 2478.8 0.9758453369 -0.0167411547 0.2178200036 -0.0580196269 0.9413930178 0.3322843909 -0.2106170654 -0.3368960321 0.9176827073
-0.2 -72.3 2441.4 -0.2676025033 -0.8187678456 0.5079450011 0.9370087981 -0.3439720869 -0.0608085021 0.2245069444 0.4596764445 0.8592404723
84.5 -369.1 2370.3 0.2667486668 -0.8187678456 0.5083938837 0.4810745120 -0.3439720869 -0.8063811064 0.8351122737 0.4596764445 0.3021342456
274.1 -88.5 2382.2 0.0075947950 0.6792603135 0.7338581085 -0.9655601978 0.1958460957 -0.1712827682 -0.2600688338 -0.7072833180 0.6573541760
275.9 -321.3 2319.5 -0.5541163087 0.6792603135 0.4812073708 -0.4950481057 0.1958460957 -0.8465055823 -0.6692402363 -0.7072833180 0.2277450264
53.8 -449.3 2564.9 0.8630233407 0.4951074719 0.1002961248 0.1508071423 -0.0630220771 -0.9865522981 -0.4821285307 0.8665429950 -0.1290552616
-150.8 -423.3 2206.8 0.8630233407 -0.1581266075 0.4797777534 0.1508071423 0.9870842695 0.0540546365 -0.4821285307 0.0257034954 0.8757233620
232.9 -460.0 2526.5 0.9823485613 -0.1290202141 0.1354439706 0.1118551642 -0.1752033830 -0.9781575799 0.1499323398 0.9760417938 -0.1576792151
286.5 -387.1 2120.4 0.9823485613 -0.1276610643 -0.1367257684 0.1118551642 0.9867345691 -0.1176575422 0.1499323398 0.1002872363 0.9835968614
15.2 -494.2 2153.2 0 0 0 0 0 0 0 0 0
131.7 -450.1 2145.3 0 0 0 0 0 0 0 0 0
-90.4 -800.4 2197.0 0 0 0 0 0 0 0 0 0
335.3 -764.1 2082.1 0 0 0 0 0 0 0 0 0
132.6 110.1 2341.0 62 0.9742624164 -0.0212217662 0.2244156599 -0.0575352348 0.9391726255 0.3385918736 -0.2179505676 -0.3427891433 0.9137796164
136.8 -79.3 2410.2 0.9742624164 -0.0212217662 0.2244156599 -0.0575352348 0.9391726255 0.3385918736 -0.2179505676 -0.3427891433 0.9137796164
140.4 -266.3 2477.5 0.9743013978 -0.0181965772 0.2245121151 -0.0593940243 0.9407027364 0.3339920044 -0.2172766775 -0.3387435675 0.9154472351
-0.2 -71.0 2440.7 -0.2898483276 -0.8140216470 0.5033455491 0.9369239807 -0.3486822546 -0.0243749619 0.1953493953 0.4645314515 0.8637413383
91.5 -367.5 2378.9 0.2892256081 -0.8140216470 0.5037035942 0.4502308965 -0.3486822546 -0.8220175505 0.8447725773 0.4645314515 0.2656498551
273.9 -87.7 2379.6 -0.0016706060 0.6751515269 0.7376771569 -0.9667983651 0.1874123961 -0.1737167835 -0.2555350065 -0.7134752870 0.6524223089
273.5 -318.9 2318.5 -0.5344189405 0.6751515269 0.5084946156 -0.5424355268 0.1874123961 -0.8189262748 -0.6481975317 -0.7134752870 0.2660694420
54.5 -450.1 2564.4 0.8615171909 0.5029649138 0.0693863109 0.1218001619 -0.0720626414 -0.9899352193 -0.4929025173 0.8612974286 -0.1233444139
-154.9 -420.1 2205.9 0.8615171909 -0.1407812238 0.4878204763 0.1218001619 0.9900397062 0.0706121773 -0.4929025173 -0.0014169875 0.8700833917
234.4 -458.9 2530.1 0.9829303026 -0.1097887903 0.1476292312 0.1265974790 -0.1786252707 -0.9757387638 0.1334954947 0.9777727127 -0.1616772115
281.0 -383.2 2115.7 0.9829303026 -0.1386556774 -0.1209238172 0.1265974790 0.9866651893 -0.1022977456 0.1334954947 0.0852429047 0.9873766303
16.2 -484.8 2158.8 0 0 0 0 0 0 0 0 0
134.6 -459.9 2150.0 0 0 0 0 0 0 0 0 0
-101.1 -798.3 2206.5 0 0 0 0 0 0 0 0 0
334.0 -760.3 2083.1 0 0 0 0 0 0 0 0 0
133.5 111.5 2340.4 63 0.9729679823 -0.0157785732 0.2304004431 -0.0642994791 0.9397049546 0.3358871341 -0.2218082547 -0.3416220248 0.9132882953
136.7 -78.1 2409.3 0.9729679823 -0.0157785732 0.2304004431 -0.0642994791 0.9397049546 0.3358871341 -0.2218082547 -0.3416220248 0.9132882953
139.2 -265.2 2476.2 0.9729942679 -0.0126282098 0.2304835171 -0.0660420731 0.9415326715 0.3303855956 -0.2211799324 -0.3366849124 0.9152719378
-0.2 -68.8 2440.4 -0.2987329364 -0.8147260547 0.4969709218 0.9376015067 -0.3476538658 -0.0063388073 0.1779382527 0.4640670717 0.8677440286
94.4 -365.7 2384.1 0.3007925153 -0.8147260547 0.4957270920 0.4308272004 -0.3476538658 -0.8327813148 0.8508300781 0.4640670717 0.2464344501
273.6 -87.3 2378.2 0.0044760481 0.6770360470 0.7359362841 -0.9687102437 0.1855649054 -0.1648215204 -0.2481540591 -0.7121712565 0.6566823125
274.7 -319.0 2318.8 -0.5276484489 0.6770360470 0.5130393505 -0.5521952510 0.1855649054 -0.8128013611 -0.6454979181 -0.7121712565 0.2759430408
52.3 -447.5 2563.3 0.8606765270 0.5067213178 0.0496928021 0.1027485877 -0.0772670358 -0.9917018414 -0.4986768663 0.8586403728 -0.1185668334
-159.4 -415.2 2204.5 0.8606765270 -0.1252723634 0.4935004711 0.1027485877 0.9920521379 0.0726309642 -0.4986768663 -0.0118052904 0.8667075634
231.5 -458.5 2525.5 0.9835073948 -0.1050655693 0.1472222060 0.1262170970 -0.1843239069 -0.9747276306 0.1295468807 0.9772338271 -0.1680228561
275.9 -380.6 2112.3 0.9835073948 -0.1373453140 -0.1176835448 0.1262170970 0.9872164130 -0.0973296016 0.1295468807 0.0808707103 0.9882699847
16.0 -477.9 2162.4 0 0 0 0 0 0 0 0 0
137.4 -462.6 2150.9 0 0 0 0 0 0 0 0 0
-111.5 -794.2 2209.0 0 0 0 0 0 0 0 0 0
328.4 -758.0 2081.4 0 0 0 0 0 0 0 0 0
133.9 110.2 2339.6 64 0.9729721546 -0.0108997375 0.2306649685 -0.0688214004 0.9398061037 0.3347060084 -0.2204285413 -0.3415343165 0.9136550426
136.1 -79.4 2408.5 0.9729721546 -0.0108997375 0.2306649685 -0.0688214004 0.9398061037 0.3347060084 -0.2204285413 -0.3415343165 0.9136550426
137.6 -266.6 2475.2 0.9729904532 -0.0073581669 0.2307281643 -0.0707018599 0.9419611096 0.3281928897 -0.2197518498 -0.3356414437 0.9159988761
-0.8 -69.4 2439.4 -0.2920365036 -0.8047484159 0.5168120265 0.9352203012 -0.3533936143 -0.0218154583 0.2001940161 0.4769621789 0.8558208942
92.8 -369.2 2375.2 0.3054246008 -0.8047484159 0.5090144873 0.4424771070 -0.3533936143 -0.8242129683 0.8431665301 0.4769621789 0.2481476516
273.0 -89.3 2377.5 0.0087208403 0.6734254360 0.7392036915 -0.9690144062 0.1881777048 -0.1600005925 -0.2468501329 -0.7149037123 0.6542000771
275.1 -319.8 2318.8 -0.5327879786 0.6734254360 0.5124794245 -0.5468574762 0.1881777048 -0.8158039451 -0.6458203197 -0.7149037123 0.2680089176
49.7 -448.0 2562.0 0.8619672656 0.5054716468 0.0388700254 0.0920222774 -0.0806021541 -0.9924893975 -0.4985422194 0.8590702415 -0.1159910709
-161.9 -414.2 2202.3 0.8619672656 -0.1160419732 0.4935045242 0.0920222774 0.9930931926 0.0727861673 -0.4985422194 -0.0173258837 0.8666922450
228.6 -460.4 2523.1 0.9835197330 -0.1063527912 0.1462122798 0.1246276796 -0.1870800406 -0.9744070172 0.1309843063 0.9765706062 -0.1707424074
273.5 -381.4 2110.6 0.9835197330 -0.1355765164 -0.1196158528 0.1246276796 0.9876710773 -0.0947301537 0.1309843063 0.0782615319 0.9882905483
13.2 -484.5 2155.5 0 0 0 0 0 0 0 0 0
136.5 -462.1 2150.8 0 0 0 0 0 0 0 0 0
-117.6 -793.8 2209.0 0 0 0 0 0 0 0 0 0
325.3 -759.0 2080.7 0 0 0 0 0 0 0 0 0
134.3 111.4 2339.7 65 0.9738740325 -0.0098936353 0.2268731892 -0.0679288805 0.9406148195 0.3326099515 -0.2166910022 -0.3393314481 0.9153683186
136.3 -78.4 2408.2 0.9738740325 -0.0098936353 0.2268731892 -0.0679288805 0.9406148195 0.3326099515 -0.2166910022 -0.3393314481 0.9153683186
137.6 -265.8 2474.5 0.9738926888 -0.0061534867 0.2269254029 -0.0701173097 0.9425991774 0.3264817894 -0.2159087062 -0.3338696361 0.9175589681
-0.7 -68.5 2438.5 -0.2755414844 -0.8155932426 0.5088070035 0.9368715882 -0.3463807702 -0.0478743464 0.2152869552 0.4634954631 0.8595483899
89.8 -376.4 2367.8 0.2995505035 -0.8155932426 0.4950526953 0.4325765073 -0.3463807702 -0.8324049115 0.8503805399 0.4634954631 0.2490479350
273.4 -88.3 2377.8 0.0055598756 0.6921102405 0.7217704058 -0.9703657031 0.1781027466 -0.1633090228 -0.2415771335 -0.6994732618 0.6725902557
274.7 -321.9 2319.6 -0.5354620218 0.6921102405 0.4840081036 -0.5231376886 0.1781027466 -0.8334304690 -0.6630289555 -0.6994732618 0.2667016983
