-24.3 89.2 2545.9 8 0.9934288859 0.1088443547 0.0353823714 -0.1134989262 0.8971158862 0.4269672930 0.0147308912 -0.4281775057 0.9035745859
-45.7 -87.3 2630.1 0.9934288859 0.1088443547 0.0353823714 -0.1134989262 0.8971158862 0.4269672930 0.0147308912 -0.4281775057 0.9035745859
-68.0 -260.0 2719.5 0.9927749038 0.1135080308 0.0389091223 -0.1187331378 0.8824408054 0.4551929832 0.0173330642 -0.4565239847 0.8895422220
-187.1 -70.5 2627.7 -0.0909259990 -0.8514242768 -0.5165356994 0.8440437317 0.2093822956 -0.4937097132 0.5285098553 -0.4808697701 0.6996009946
-166.1 -265.6 2505.6 -0.3390869796 -0.8450261950 -0.4134618640 0.5176103115 0.1994114071 -0.8320544958 0.7855568528 -0.4961509705 0.3697764575
95.7 -104.1 2632.6 -0.1468208730 0.9028233290 0.4041703939 -0.8536847234 0.0907476172 -0.5128228068 -0.4996658862 -0.4203271866 0.7574028373
52.1 -357.5 2484.2 -0.4062771201 0.9028233290 0.1408864558 -0.1402438581 0.0907476172 -0.9859495759 -0.9029233456 -0.4203271866 0.0897467360
-178.3 -425.0 2804.4 0.9999825954 0.0019531620 0.0055669928 0.0055837813 -0.0086978553 -0.9999465942 -0.0019046367 0.9999602437 -0.0087086102
-179.1 -421.6 2412.9 0.9999825954 -0.0044191200 0.0039086612 0.0055837813 0.9228097200 -0.3852155805 -0.0019046367 0.3852306902 0.9228183627
1.2 -445.4 2808.3 0.9801622033 -0.1772764474 -0.0886290967 -0.0801908746 0.0542248525 -0.9953035116 0.1812497675 0.9826661348 0.0389331952
70.7 -466.6 2423.6 0.9801622033 -0.0069751609 -0.1980742365 -0.0801908746 0.8999697566 -0.4285135567 0.1812497675 0.4358965456 0.8815569878
-120.8 -334.7 2400.7 0 0 0 0 0 0 0 0 0
-55.0 -394.5 2246.1 0 0 0 0 0 0 0 0 0
-177.3 -789.6 2259.3 0 0 0 0 0 0 0 0 0
73.2 -794.1 2265.0 0 0 0 0 0 0 0 0 0
-24.1 85.9 2549.1 9 0.9928386807 0.1097117588 0.0472720340 -0.1193961203 0.8980928063 0.4232893288 0.0039851391 -0.4259021282 0.9047604799
-45.6 -90.5 2632.8 0.9928386807 0.1097117588 0.0472720340 -0.1193961203 0.8980928063 0.4232893288 0.0039851391 -0.4259021282 0.9047604799
-67.7 -263.4 2721.9 0.9923684001 0.1122974828 0.0509333387 -0.1231693178 0.8831330538 0.4526647031 0.0058521936 -0.4554835856 0.8902249336
-187.0 -73.1 2632.0 -0.0812191963 -0.8558353782 -0.5108319521 0.8430384398 0.2144165933 -0.4932663441 0.5316855907 -0.4707136750 0.7040873766
-168.2 -268.0 2509.1 -0.3279261291 -0.8496539593 -0.4129801691 0.5170281529 0.2044578791 -0.8311912417 0.7906619906 -0.4860917032 0.3722479343
95.7 -108.0 2633.6 -0.1144338697 0.8768752217 0.4668991268 -0.8502847552 0.1565905064 -0.5024890900 -0.5137321353 -0.4544989765 0.7276743650
64.1 -342.8 2491.7 -0.4175126255 0.8768752217 0.2382710725 -0.2205425799 0.1565905064 -0.9627255201 -0.8815010786 -0.4544989765 0.1280098110
-180.0 -422.1 2807.4 0.9999925494 -0.0038009130 -0.0006826398 -0.0008158439 -0.0351547450 -0.9993815422 0.0037745642 0.9993746281 -0.0351575837
-178.5 -408.4 2416.1 0.9999925494 -0.0006721655 -0.0038027791 -0.0008158439 0.9257369637 -0.3781671524 0.0037745642 0.3781674504 0.9257295132
-0.5 -443.6 2810.5 0.9822363257 -0.1753999144 -0.0666832477 -0.0657048151 0.0113863451 -0.9977741241 0.1757687777 0.9844314456 -0.0003405370
68.1 -448.0 2425.3 0.9822363257 -0.0145161198 -0.1870857328 -0.0657048151 0.9072812200 -0.4153596461 0.1757687777 0.4202737510 0.8902108073
-124.4 -337.0 2403.5 0 0 0 0 0 0 0 0 0
-46.1 -401.0 2259.0 0 0 0 0 0 0 0 0 0
-178.2 -789.2 2260.6 0 0 0 0 0 0 0 0 0
73.7 -794.5 2264.8 0 0 0 0 0 0 0 0 0
-24.5 84.9 2546.7 0 0.9926174283 0.1144041121 0.0402782932 -0.1206087992 0.8959644437 0.4274356365 0.0128124757 -0.4291379750 0.9031480551
-47.0 -91.5 2631.2 0.9926174283 0.1144041121 0.0402782932 -0.1206087992 0.8959644437 0.4274356365 0.0128124757 -0.4291379750 0.9031480551
-70.0 -264.2 2720.5 0.9922031164 0.1166882738 0.0437808521 -0.1237964630 0.8821609616 0.4543858469 0.0143997446 -0.4562630057 0.8897284269
-188.3 -74.0 2629.1 -0.0851089135 -0.8517245650 -0.5170316100 0.8441370726 0.2140392363 -0.4915483892 0.5293288827 -0.4782807231 0.7007556558
-168.7 -269.1 2506.8 -0.3341895938 -0.8454213142 -0.4166294932 0.5187968016 0.2040462345 -0.8301897049 0.7868717313 -0.4935868382 0.3704117537
94.3 -109.0 2633.2 -0.1453965753 0.9044302702 0.4010806382 -0.8421621919 0.0996227786 -0.5299416780 -0.5192520618 -0.4148266613 0.7471921444
53.1 -347.8 2486.0 -0.3811317384 0.9044302702 0.1916884035 -0.2482161075 0.0996227786 -0.9635683894 -0.8905769587 -0.4148266613 0.1865247637
-179.4 -425.2 2810.6 0.9999399781 -0.0088832090 -0.0064176056 -0.0064437767 -0.0029206586 -0.9999749660 0.0088642435 0.9999562502 -0.0029777247
-175.8 -424.0 2402.7 0.9999399781 0.0028055070 -0.0105936863 -0.0064437767 0.9324290156 -0.3612957001 0.0088642435 0.3613422513 0.9323911071
-0.0 -447.5 2811.7 0.9813938141 -0.1778067350 -0.0724631920 -0.0724260211 0.0067084311 -0.9973512292 0.1778218746 0.9840425849 -0.0062942216
69.6 -450.1 2426.4 0.9813938141 -0.0098371506 -0.1917534322 -0.0724260211 0.9059461951 -0.4171522558 0.1778218746 0.4232786000 0.8883774877
-124.0 -338.3 2401.8 0 0 0 0 0 0 0 0 0
-49.4 -414.5 2246.5 0 0 0 0 0 0 0 0 0
-176.9 -791.4 2260.3 0 0 0 0 0 0 0 0 0
73.3 -794.1 2265.7 0 0 0 0 0 0 0 0 0
-24.5 82.7 2539.5 1 0.9931868315 0.1011626199 0.0578446127 -0.1164368242 0.8816140294 0.4573829472 -0.0047265659 -0.4610019624 0.8873865008
-44.3 -90.3 2629.9 0.9931868315 0.1011626199 0.0578446127 -0.1164368242 0.8816140294 0.4573829472 -0.0047265659 -0.4610019624 0.8873865008
-64.4 -260.1 2725.0 0.9928951859 0.1023382694 0.0607125871 -0.1189444661 0.8680372238 0.4820410907 -0.0033695332 -0.4858376980 0.8740425706
-185.7 -73.4 2630.4 -0.0779066458 -0.8629370928 -0.4992695451 0.8598201275 0.1953217089 -0.4717613161 0.5046185255 -0.4660353661 0.7267538905
-167.7 -272.1 2513.8 -0.3197140098 -0.8569158912 -0.4043243229 0.5415650606 0.1848848909 -0.8200761080 0.7774897218 -0.4811577499 0.4049654007
97.1 -107.2 2629.4 -0.1327194870 0.8822302222 0.4517248571 -0.8422077298 0.1399054825 -0.5206847191 -0.5225626230 -0.4495511651 0.7244529724
61.3 -333.8 2488.8 -0.3845226765 0.8822302222 0.2716838419 -0.3368731439 0.1399054825 -0.9310976863 -0.8594526052 -0.4495511651 0.2434028387
-182.5 -425.7 2808.5 0.9999411106 -0.0108492989 0.0000993670 -0.0005305774 -0.0580448247 -0.9983138442 0.0108367736 0.9982550144 -0.0580471642
-178.2 -402.6 2410.0 0.9999411106 -0.0033712846 -0.0103126913 -0.0005305774 0.9341685772 -0.3568316102 0.0108367736 0.3568160832 0.9341117740
-3.1 -448.1 2811.1 0.9793871641 -0.1880829632 -0.0736588314 -0.0775554925 -0.0134331519 -0.9968975186 0.1865099669 0.9820612669 -0.0277431235
70.5 -442.9 2426.7 0.9793871641 -0.0071854810 -0.2018642873 -0.0775554925 0.9093913436 -0.4086471498 0.1865099669 0.4158794582 0.8900889158
-125.0 -344.4 2410.0 0 0 0 0 0 0 0 0 0
-42.7 -424.9 2256.3 0 0 0 0 0 0 0 0 0
-176.8 -791.1 2261.6 0 0 0 0 0 0 0 0 0
73.3 -795.2 2265.5 0 0 0 0 0 0 0 0 0
-24.7 78.1 2542.4 2 0.9941647053 0.1008230075 0.0383567400 -0.1072318405 0.8849728107 0.4531273842 0.0117409928 -0.4545963407 0.8906201720
-44.4 -94.9 2631.2 0.9941647053 0.1008230075 0.0383567400 -0.1072318405 0.8849728107 0.4531273842 0.0117409928 -0.4545963407 0.8906201720
-64.7 -265.4 2725.3 0.9937788248 0.1034135520 0.0413437374 -0.1105495840 0.8709316254 0.4788078368 0.0135076493 -0.4803996086 0.8769456744
-185.9 -79.3 2629.3 -0.0940154716 -0.8563018441 -0.5078467131 0.8569746614 0.1900195330 -0.4790479839 0.5067104697 -0.4802497029 0.7159641981
-164.1 -277.3 2512.2 -0.3378322721 -0.8499289155 -0.4043391645 0.5355315208 0.1796984226 -0.8251754045 0.7739995718 -0.4953072667 0.3944558203
97.1 -110.6 2633.1 -0.1091694981 0.8501503468 0.5150983930 -0.8344053030 0.2032530755 -0.5123046041 -0.5402312875 -0.4857288897 0.6871809363
68.6 -328.9 2491.8 -0.3931768239 0.8501503468 0.3502232432 -0.3685351610 0.2032530755 -0.9071218371 -0.8423739076 -0.4857288897 0.2333959043
-174.1 -419.2 2820.4 0.9999870062 0.0050244005 0.0008848498 0.0008649087 0.0039696470 -0.9999917746 -0.0050278716 0.9999794960 0.0039652498
-176.2 -420.9 2401.8 0.9999870062 0.0009932293 0.0050041038 0.0008649087 0.9336622357 -0.3581536710 -0.0050278716 0.3581533432 0.9336492419
5.3 -440.8 2819.8 0.9831699133 -0.1707979143 -0.0648457259 -0.0751538053 -0.0545884110 -0.9956766367 0.1665196717 0.9837927222 -0.0665057972
72.2 -419.4 2434.9 0.9831699133 -0.0002083030 -0.1826933324 -0.0751538053 0.9110087156 -0.4054812789 0.1665196717 0.4123871028 0.8956606984
-119.0 -348.8 2408.9 0 0 0 0 0 0 0 0 0
-38.5 -429.2 2262.5 0 0 0 0 0 0 0 0 0
-176.6 -790.9 2259.8 0 0 0 0 0 0 0 0 0
72.2 -794.3 2265.2 0 0 0 0 0 0 0 0 0
-22.5 82.9 2535.3 3 0.9917689562 0.1210339591 0.0417751856 -0.1266001314 0.8781492710 0.4613309801 0.0191518664 -0.4628224671 0.8862440586
-46.3 -90.0 2626.4 0.9917689562 0.1210339591 0.0417751856 -0.1266001314 0.8781492710 0.4613309801 0.0191518664 -0.4628224671 0.8862440586
-70.7 -259.3 2721.5 0.9912303686 0.1242518052 0.0449868962 -0.1304278374 0.8652049303 0.4841580093 0.0212346204 -0.4857796729 0.8738233447
-187.4 -71.5 2623.4 -0.0801759437 -0.8489840031 -0.5223006606 0.8623065352 0.2037642449 -0.4635812938 0.4999993145 -0.4875513315 0.7157474160
-168.9 -270.8 2507.9 -0.3322534561 -0.8427176476 -0.4235972762 0.5477613211 0.1932092309 -0.8140194416 0.7678314447 -0.5024909973 0.3974137008
94.8 -108.5 2629.4 -0.1422802955 0.9092239738 0.3912392259 -0.8442462683 0.0948678628 -0.5274924636 -0.5167248249 -0.4053540230 0.7541111112
55.3 -343.3 2485.8 -0.3562997878 0.9092239738 0.2153189927 -0.3262754381 0.0948678628 -0.9405022264 -0.8755540252 -0.4053540230 0.2628560364
-174.7 -425.9 2818.1 0.9999932051 0.0034124735 -0.0014031534 -0.0014296527 0.0077754264 -0.9999687672 -0.0034014566 0.9999639392 0.0077802520
-176.1 -429.2 2397.8 0.9999932051 0.0025484483 0.0026681877 -0.0014296527 0.9342786670 -0.3565407991 -0.0034014566 0.3565345705 0.9342759252
4.9 -445.9 2820.5 0.9849087000 -0.1658590585 -0.0494533256 -0.0633592010 -0.0796242207 -0.9948093295 0.1610604525 0.9829297066 -0.0889312848
69.8 -414.7 2435.9 0.9849087000 -0.0070172404 -0.1729324013 -0.0633592010 0.9151995778 -0.3979890645 0.1610604525 0.4029397368 0.9009434581
-124.6 -343.9 2405.4 0 0 0 0 0 0 0 0 0
-43.2 -433.5 2243.7 0 0 0 0 0 0 0 0 0
-177.1 -790.2 2260.0 0 0 0 0 0 0 0 0 0
72.7 -795.4 2268.3 0 0 0 0 0 0 0 0 0
-21.7 87.0 2531.8 4 0.9903081656 0.1286579818 0.0523149595 -0.1381949484 0.8752263188 0.4635525942 0.0138523085 -0.4662895799 0.8845236897
-47.2 -86.1 2624.0 0.9903081656 0.1286579818 0.0523149595 -0.1381949484 0.8752263188 0.4635525942 0.0138523085 -0.4662895799 0.8845236897
-73.3 -254.5 2720.3 0.9894972444 0.1332147568 0.0561158359 -0.1435698122 0.8605319858 0.4887457788 0.0168186724 -0.4916691482 0.8706196547
-188.1 -65.7 2621.7 -0.0659725070 -0.8487724662 -0.5246264338 0.8662878871 0.2121942341 -0.4522376060 0.4951695502 -0.4843128026 0.7212823629
-172.9 -265.9 2507.2 -0.3208004832 -0.8427275419 -0.4323162138 0.5567616820 0.2014667243 -0.8058707118 0.7662267685 -0.4992208183 0.4045678079
93.7 -106.4 2626.4 -0.1622216851 0.9358717203 0.3127751350 -0.8497921824 0.0286061466 -0.5263410807 -0.5015349984 -0.3511778116 0.7906559110
46.9 -351.5 2481.8 -0.3276483119 0.9358717203 0.1295790970 -0.2958947718 0.0286061466 -0.9547921419 -0.8972696662 -0.3511778116 0.2675467730
-184.6 -416.9 2814.7 0.9991682768 -0.0321234539 -0.0251158290 -0.0261773728 -0.0330635458 -0.9991104007 0.0312644579 0.9989368916 -0.0338769518
-171.5 -403.5 2409.7 0.9991682768 0.0131448777 -0.0385996550 -0.0261773728 0.9325733781 -0.3600301147 0.0312644579 0.3607411087 0.9321418405
-5.4 -440.5 2818.6 0.9795915484 -0.1912636906 -0.0617946610 -0.0752587020 -0.0639441907 -0.9951117039 0.1863773167 0.9794536233 -0.0770334452
69.4 -415.5 2435.2 0.9795915484 -0.0068588885 -0.2008813918 -0.0752587020 0.9142013192 -0.3982110918 0.1863773167 0.4052022994 0.8950276971
-130.0 -340.3 2404.9 0 0 0 0 0 0 0 0 0
-46.0 -435.4 2227.4 0 0 0 0 0 0 0 0 0
-177.0 -790.1 2260.2 0 0 0 0 0 0 0 0 0
72.3 -793.7 2267.6 0 0 0 0 0 0 0 0 0
-22.3 82.7 2530.0 5 0.9901341796 0.1252030283 0.0629164949 -0.1400788575 0.8732452989 0.4667124748 0.0034922773 -0.4709212482 0.8821683526
-47.1 -90.0 2623.2 0.9901341796 0.1252030283 0.0629164949 -0.1400788575 0.8732452989 0.4667124748 0.0034922773 -0.4709212482 0.8821683526
-72.4 -257.7 2720.8 0.9894009233 0.1288230270 0.0670105293 -0.1450730562 0.8569291830 0.4945969880 0.0062922034 -0.4990761280 0.8665353060
-188.0 -69.4 2622.3 -0.0588519610 -0.8540217876 -0.5168976784 0.8697617054 0.2102673501 -0.4464327693 0.4899500012 -0.4758512676 0.7304208279
-174.4 -270.4 2509.1 -0.3109891415 -0.8481675982 -0.4288327098 0.5625149012 0.1994282007 -0.8023748398 0.7660696507 -0.4907546639 0.4150869250
93.8 -110.5 2624.0 -0.1687519252 0.9460459352 0.2766223550 -0.8545317650 -0.0005565740 -0.5193988681 -0.4912211895 -0.3240321279 0.8085201979
45.5 -355.1 2483.4 -0.3154462874 0.9460459352 0.0740998089 -0.2302616686 -0.0005565740 -0.9731286168 -0.9205830693 -0.3240321279 0.2180136740
-188.8 -410.0 2815.0 0.9983761311 -0.0442513190 -0.0358744189 -0.0374288261 -0.0348130651 -0.9986926913 0.0429445691 0.9984136820 -0.0364128090
-171.2 -396.1 2417.1 0.9983761311 0.0187928174 -0.0537771620 -0.0374288261 0.9280572534 -0.3705519736 0.0429445691 0.3719630539 0.9272536039
-10.0 -436.0 2818.1 0.9781654477 -0.1971587837 -0.0657325387 -0.0739184096 -0.0344434567 -0.9966692924 0.1942380518 0.9797663093 -0.0482650623
67.2 -422.5 2434.6 0.9781654477 -0.0124102607 -0.2074568421 -0.0739184096 0.9121683240 -0.4030943513 0.1942380518 0.4096278548 0.8913341761
-132.8 -345.5 2406.8 0 0 0 0 0 0 0 0 0
-42.7 -419.5 2225.9 0 0 0 0 0 0 0 0 0
-179.1 -786.4 2260.7 0 0 0 0 0 0 0 0 0
72.2 -794.4 2267.6 0 0 0 0 0 0 0 0 0
-24.6 82.2 2529.7 6 0.9909553528 0.1138013899 0.0711109936 -0.1338838488 0.8743467331 0.4664685428 -0.0090908948 -0.4717701077 0.8816747069
-47.1 -90.5 2622.8 0.9909553528 0.1138013899 0.0711109936 -0.1338838488 0.8743467331 0.4664685428 -0.0090908948 -0.4717701077 0.8816747069
-70.1 -258.2 2721.1 0.9902597070 0.1172208339 0.0751330182 -0.1390962601 0.8567579389 0.4966065586 -0.0061581754 -0.5022202134 0.8647178411
-188.1 -70.8 2623.7 -0.0578195266 -0.8613150120 -0.5047706366 0.8703032732 0.2042295933 -0.4481768906 0.4891105890 -0.4652168751 0.7377967834
-174.8 -271.9 2510.7 -0.3045288622 -0.8555870652 -0.4186082780 0.5620579720 0.1933981627 -0.8041691184 0.7689948082 -0.4801748395 0.4219942391
93.9 -110.2 2621.9 -0.1847640872 0.9486196637 0.2568714023 -0.8578518629 -0.0281385798 -0.5131260753 -0.4795334935 -0.3151648939 0.8189741969
40.3 -359.0 2482.9 -0.3147707283 0.9486196637 0.0322500914 -0.1854383200 -0.0281385798 -0.9822529554 -0.9308770299 -0.3151648939 0.1847676486
-187.0 -412.4 2818.0 0.9989697337 -0.0368994437 -0.0264169108 -0.0291095078 -0.0744495168 -0.9967998266 0.0348146334 0.9965418577 -0.0754469410
-172.4 -383.0 2424.6 0.9989697337 0.0137995165 -0.0432318784 -0.0291095078 0.9256894588 -0.3771626651 0.0348146334 0.3780325651 0.9251374602
-8.1 -438.6 2819.2 0.9797728658 -0.1922874004 -0.0554140247 -0.0702448860 -0.0711841732 -0.9949866533 0.1873787940 0.9787534475 -0.0832515284
67.1 -410.7 2436.2 0.9797728658 -0.0117347930 -0.1997684985 -0.0702448860 0.9145861268 -0.3982435465 0.1873787940 0.4042209089 0.8952623010
-134.1 -347.0 2408.0 0 0 0 0 0 0 0 0 0
-45.3 -409.4 2229.7 0 0 0 0 0 0 0 0 0
-178.5 -787.7 2259.3 0 0 0 0 0 0 0 0 0
72.0 -795.2 2266.3 0 0 0 0 0 0 0 0 0
-23.6 84.6 2529.0 7 0.9897571802 0.1162738353 0.0828322247 -0.1416690499 0.8715882301 0.4693226814 -0.0176256467 -0.4762502611 0.8791331053
-46.7 -88.2 2623.4 0.9897571802 0.1162738353 0.0828322247 -0.1416690499 0.8715882301 0.4693226814 -0.0176256467 -0.4762502611 0.8791331053
-69.9 -255.7 2721.8 0.9892289639 0.1181421503 0.0864206478 -0.1455621719 0.8561674953 0.4957710207 -0.0154190930 -0.5030106306 0.8641426563
-187.5 -67.5 2625.6 -0.0475747362 -0.8642525077 -0.5008035898 0.8704735637 0.2100334764 -0.4451535642 0.4899106026 -0.4571143687 0.7423166633
-176.5 -268.7 2512.4 -0.2936793864 -0.8587349653 -0.4199126959 0.5637390614 0.1991706043 -0.8015792370 0.7719783783 -0.4721285105 0.4256101549
94.2 -108.8 2621.1 -0.2472904772 0.9568530321 0.1525769085 -0.8745502830 -0.1526233852 -0.4602911472 -0.4171441793 -0.2472617924 0.8745583892
16.0 -385.4 2489.2 -0.2619643807 0.9568530321 -0.1257256866 -0.0849157721 -0.1526233852 -0.9846295714 -0.9613344669 -0.2472617924 0.1212338060
-182.6 -413.4 2820.0 0.9996048212 -0.0230455324 -0.0160971470 -0.0187782496 -0.1212991327 -0.9924383759 0.0209186990 0.9923484325 -0.1216839552
-173.5 -365.7 2430.3 0.9996048212 0.0095820036 -0.0264272559 -0.0187782496 0.9271986485 -0.3740988970 0.0209186990 0.3744473159 0.9270122051
-3.6 -438.5 2818.9 0.9818100929 -0.1809158474 -0.0576057695 -0.0664796457 -0.0433703028 -0.9968447685 0.1778466254 0.9825418591 -0.0546086207
67.2 -421.6 2434.4 0.9818100929 -0.0123364218 -0.1894644499 -0.0664796457 0.9123815298 -0.4039064050 0.1778466254 0.4091549218 0.8949652910
-137.3 -344.0 2409.3 0 0 0 0 0 0 0 0 0
-53.3 -407.9 2234.7 0 0 0 0 0 0 0 0 0
-177.9 -789.6 2259.1 0 0 0 0 0 0 0 0 0
72.3 -795.1 2266.9 0 0 0 0 0 0 0 0 0
-23.5 84.3 2528.6 8 0.9892669916 0.1122644991 0.0935280174 -0.1431706250 0.8726615906 0.4668660760 -0.0292058252 -0.4752456844 0.8793683052
-45.7 -88.5 2622.7 0.9892669916 0.1122644991 0.0935280174 -0.1431706250 0.8726615906 0.4668660760 -0.0292058252 -0.4752456844 0.8793683052
-68.1 -256.2 2721.1 0.9887412190 0.1138698161 0.0970795676 -0.1471918672 0.8568951488 0.4940295815 -0.0269319527 -0.5027567148 0.8640083075
-186.5 -67.7 2626.6 -0.0405249298 -0.8690350652 -0.4930880070 0.8696463704 0.2123256177 -0.4456826448 0.4920090437 -0.4468734562 0.7471486926
-177.2 -268.6 2512.9 -0.2839276493 -0.8637070060 -0.4164075851 0.5628048182 0.2014812231 -0.8016582727 0.7762961984 -0.4619691670 0.4288924038
95.1 -109.4 2618.8 -0.3052537739 0.9510053396 0.0490817949 -0.8729582429 -0.2588643730 -0.4134406149 -0.3804787099 -0.1690506637 0.9092072248
-7.7 -403.5 2490.7 -0.1743988097 0.9510053396 -0.2552918792 0.0023383461 -0.2588643730 -0.9659108520 -0.9846723080 -0.1690506637 0.0429218598
-182.4 -410.2 2821.7 0.9996026158 -0.0231869426 -0.0160297900 -0.0181604400 -0.0948073491 -0.9953299761 0.0215589162 0.9952255487 -0.0951907635
-173.3 -373.1 2431.5 0.9996026158 0.0084953178 -0.0268778354 -0.0181604400 0.9233388901 -0.3835563958 0.0215589162 0.3838921189 0.9231262207
-3.6 -436.6 2819.0 0.9796535969 -0.1865602136 -0.0739872605 -0.0785857663 -0.0173647422 -0.9967561364 0.1846702546 0.9822900295 -0.0316724069
69.4 -429.8 2434.5 0.9796535969 -0.0060877060 -0.2006035149 -0.0785857663 0.9080907106 -0.4113338590 0.1846702546 0.4187292755 0.8891358972
-139.3 -343.8 2409.3 0 0 0 0 0 0 0 0 0
-53.1 -402.8 2234.7 0 0 0 0 0 0 0 0 0
-177.2 -789.6 2258.3 0 0 0 0 0 0 0 0 0
71.9 -794.6 2266.3 0 0 0 0 0 0 0 0 0
-24.3 82.0 2536.4 9 0.9892144799 0.1044178531 0.1027210578 -0.1394507289 0.8859282732 0.4423625469 -0.0448129363 -0.4519159794 0.8909342289
-44.9 -92.7 2625.5 0.9892144799 0.1044178531 0.1027210578 -0.1394507289 0.8859282732 0.4423625469 -0.0448129363 -0.4519159794 0.8909342289
-65.6 -262.9 2719.8 0.9887545109 0.1052467749 0.1062430963 -0.1433027089 0.8699504733 0.4718586206 -0.0427646339 -0.4817772508 0.8752496243
-185.7 -72.4 2631.6 -0.0369840972 -0.8750495911 -0.4826182723 0.8565173149 0.2210306972 -0.4663941562 0.5147914886 -0.4306200743 0.7413204908
-177.2 -270.3 2512.7 -0.2760055959 -0.8698758483 -0.4088237882 0.5416642427 0.2105967253 -0.8137867451 0.7939904332 -0.4460549057 0.4130547643
95.9 -113.0 2619.4 -0.3341345787 0.9424999952 -0.0069128727 -0.8674644232 -0.3103847206 -0.3888017535 -0.3685913086 -0.1239154413 0.9212955236
-20.9 -416.3 2490.5 -0.1204262227 0.9424999952 -0.3117550910 0.0304589458 -0.3103847206 -0.9501229525 -0.9922549129 -0.1239154413 0.0086709028
-179.8 -410.7 2822.0 0.9998584986 -0.0127174128 -0.0110110296 -0.0111388238 -0.0100219548 -0.9998877645 0.0126056327 0.9998689294 -0.0101621943
-174.6 -406.6 2411.7 0.9998584986 0.0056775124 -0.0158348102 -0.0111388238 0.9288429022 -0.3703063130 0.0126056327 0.3704302907 0.9287747145
-1.0 -437.3 2817.2 0.9807031751 -0.1812786162 -0.0732078925 -0.0778263062 -0.0184864979 -0.9967955351 0.1793443561 0.9832580090 -0.0322380103
69.9 -430.1 2432.2 0.9807031751 -0.0046625379 -0.1954471618 -0.0778263062 0.9077778459 -0.4121679366 0.1793443561 0.4194253385 0.8898977637
-140.3 -342.6 2406.7 0 0 0 0 0 0 0 0 0
-52.0 -408.5 2234.7 0 0 0 0 0 0 0 0 0
-176.9 -791.0 2258.4 0 0 0 0 0 0 0 0 0
71.8 -793.5 2264.3 0 0 0 0 0 0 0 0 0
-21.2 88.8 2532.9 0 0.9815378189 0.1489118934 0.1200365052 -0.1872201562 0.8764361739 0.4436307847 -0.0391424298 -0.4579136372 0.8881345391
-50.6 -84.3 2623.3 0.9815378189 0.1489118934 0.1200365052 -0.1872201562 0.8764361739 0.4436307847 -0.0391424298 -0.4579136372 0.8881345391
-80.1 -253.3 2717.4 0.9808347821 0.1504268497 0.1238342151 -0.1913078576 0.8640102744 0.4657118320 -0.0369384736 -0.4804767966 0.8762291670
-190.3 -57.1 2628.6 0.0017021428 -0.8606234193 -0.5092390776 0.8570623398 0.2636213005 -0.4426600635 0.5152099133 -0.4356961846 0.7380566597
-190.7 -255.2 2509.5 -0.2540608048 -0.8558713794 -0.4504855871 0.5541044474 0.2529547215 -0.7930839658 0.7927303314 -0.4511076212 0.4099762440
89.0 -111.6 2618.0 -0.2967077196 0.9549673796 0.0013320697 -0.8873353601 -0.2751783729 -0.3700173497 -0.3529879451 -0.1109689996 0.9290238619
-17.4 -429.7 2491.5 -0.1027323976 0.9549673796 -0.2783582211 0.0442137755 -0.2751783729 -0.9603759646 -0.9937258959 -0.1109689996 -0.0139529798
-180.8 -416.1 2817.8 0.9999765158 -0.0039672507 0.0055924822 0.0056484388 0.0142364651 -0.9998826981 0.0038871684 0.9998908043 0.0142585393
-179.2 -422.0 2401.3 0.9999765158 -0.0066688671 -0.0015940977 0.0056484388 0.9329870343 -0.3598655760 0.0038871684 0.3598481119 0.9330027699
-0.0 -444.8 2810.4 0.9813282490 -0.1790373772 -0.0702881888 -0.0720871240 -0.0035537470 -0.9973919988 0.1783206612 0.9838358760 -0.0163936820
70.2 -443.5 2424.5 0.9813282490 -0.0081646675 -0.1921669841 -0.0720871240 0.9106619358 -0.4068148434 0.1783206612 0.4130716920 0.8930697441
-156.7 -329.2 2403.7 0 0 0 0 0 0 0 0 0
-43.7 -418.4 2237.1 0 0 0 0 0 0 0 0 0
-176.5 -790.7 2259.1 0 0 0 0 0 0 0 0 0
73.3 -794.5 2265.3 0 0 0 0 0 0 0 0 0
-20.4 88.0 2532.1 1 0.9917777777 0.1261598021 0.0214591268 -0.1213988811 0.8744655848 0.4696511626 0.0404858291 -0.4683946967 0.8825912476
-45.5 -85.8 2625.2 0.9917777777 0.1261598021 0.0214591268 -0.1213988811 0.8744655848 0.4696511626 0.0404858291 -0.4683946967 0.8825912476
-70.5 -255.2 2719.9 0.9913383722 0.1291912496 0.0236177538 -0.1243937984 0.8659778237 0.4843640924 0.0421231538 -0.4831066430 0.8745476604
-186.3 -68.2 2619.3 -0.0959400907 -0.8397473097 -0.5344342589 0.8617689013 0.1986259669 -0.4667997956 0.4981463850 -0.5053436756 0.7046118975
-164.1 -267.3 2504.2 -0.3516857326 -0.8331034780 -0.4269142449 0.5456773639 0.1881101727 -0.8166093230 0.7606269717 -0.5201472640 0.3884499967
95.3 -103.5 2631.0 -0.1681982428 0.9852474928 -0.0315705724 -0.9243091345 -0.1687635630 -0.3423031867 -0.3425813317 -0.0283938255 0.9390590191
34.7 -436.3 2507.7 -0.0233107861 0.9852474928 -0.1695404202 0.0320249684 -0.1687635630 -0.9851361513 -0.9992151856 -0.0283938255 -0.0276185088
-197.1 -405.3 2814.3 0.9995058179 -0.0254889596 0.0183969513 0.0177272558 -0.0262553282 -0.9994980693 0.0259591825 0.9993302822 -0.0257905032
-186.8 -394.7 2411.3 0.9995058179 -0.0258132201 -0.0179391317 0.0177272558 0.9341403842 -0.3564652503 0.0259591825 0.3559710681 0.9341363311
-19.2 -438.8 2809.6 0.9661488533 -0.2336368412 -0.1094085276 -0.1085371599 0.0166237857 -0.9939534068 0.2340429127 0.9721817970 -0.0092972284
72.4 -445.4 2428.8 0.9661488533 -0.0012933372 -0.2579820454 -0.1085371599 0.9051457644 -0.4110119939 0.2340429127 0.4250994027 0.8743651509
-117.2 -340.2 2402.6 0 0 0 0 0 0 0 0 0
28.8 -428.2 2253.6 0 0 0 0 0 0 0 0 0
-175.9 -790.2 2260.6 0 0 0 0 0 0 0 0 0
72.9 -793.8 2265.2 0 0 0 0 0 0 0 0 0
-18.8 84.2 2532.2 2 0.9911029339 0.1245225370 0.0470011048 -0.1318211257 0.8695672750 0.4758948684 0.0183890145 -0.4778565466 0.8782454133
-43.6 -88.7 2627.2 0.9911029339 0.1245225370 0.0470011048 -0.1318211257 0.8695672750 0.4758948684 0.0183890145 -0.4778565466 0.8782454133
-67.9 -257.2 2723.7 0.9909762740 0.1247063354 0.0491360091 -0.1327006966 0.8611527681 0.4907202721 0.0188823175 -0.4928125441 0.8699306250
-184.5 -69.9 2624.6 -0.0763756260 -0.8501377702 -0.5209919214 0.8663032055 0.2021152377 -0.4568021595 0.4936451614 -0.4862255156 0.7210403681
-166.8 -270.1 2510.5 -0.3283064663 -0.8439479470 -0.4242248237 0.5544387102 0.1914306879 -0.8099086285 0.7647303939 -0.5011048913 0.4050695002
97.3 -107.5 2629.8 -0.1647832841 0.9863101840 -0.0062186574 -0.9302802086 -0.1575112492 -0.3313139081 -0.3277578056 -0.0488099009 0.9435001016
37.3 -446.2 2510.5 -0.0453202985 0.9863101840 -0.1585505307 0.0256728958 -0.1575112492 -0.9871833920 -0.9986425638 -0.0488099009 -0.0181829818
-184.4 -413.5 2810.6 0.9999118447 -0.0048856162 0.0123483734 0.0120121287 -0.0637208223 -0.9978954792 0.0056621828 0.9979557991 -0.0636565238
-182.4 -388.2 2414.3 0.9999118447 -0.0132435104 -0.0009802998 0.0120121287 0.9334726930 -0.3584472239 0.0056621828 0.3584038615 0.9335494637
-5.8 -435.4 2819.2 0.9732888937 -0.2052529305 -0.1028592363 -0.1062297374 -0.0054397988 -0.9943267107 0.2035289407 0.9786938429 -0.0270984601
74.6 -433.3 2436.0 0.9732888937 0.0090266140 -0.2294064164 -0.1062297374 0.9035329819 -0.4151425958 0.2035289407 0.4284234643 0.8803575039
-123.0 -344.1 2408.4 0 0 0 0 0 0 0 0 0
25.8 -439.7 2256.7 0 0 0 0 0 0 0 0 0
-176.7 -790.1 2260.0 0 0 0 0 0 0 0 0 0
70.9 -795.0 2264.5 0 0 0 0 0 0 0 0 0
-19.5 80.3 2533.2 3 0.9919869900 0.1162527427 0.0494684204 -0.1258941442 0.8766917586 0.4642868340 0.0106060663 -0.4667942822 0.8843023181
-42.6 -93.5 2625.7 0.9919869900 0.1162527427 0.0494684204 -0.1258941442 0.8766917586 0.4642868340 0.0106060663 -0.4667942822 0.8843023181
-65.5 -263.3 2720.2 0.9917678237 0.1172215492 0.0515339561 -0.1275321841 0.8681021929 0.4797229767 0.0114971288 -0.4823460281 0.8759053349
-183.7 -75.4 2624.1 -0.0781706348 -0.8540124297 -0.5143463612 0.8594371080 0.2037331760 -0.4688929915 0.5052298307 -0.4787020087 0.7180439830
-165.6 -274.0 2507.4 -0.3268482089 -0.8478515148 -0.4175140858 0.5427352190 0.1932752579 -0.8173635006 0.7736980915 -0.4937534034 0.3969872296
98.6 -111.5 2627.3 -0.1520077735 0.9883731008 0.0034960550 -0.9290756583 -0.1416794807 -0.3416801095 -0.3372121155 -0.0551861301 0.9398097992
42.9 -451.6 2503.9 -0.0501768440 0.9883731008 -0.1435300261 0.0386915356 -0.1416794807 -0.9891561270 -0.9979906082 -0.0551861301 -0.0311326459
-181.3 -413.8 2818.5 0.9999703169 -0.0017668494 0.0074975495 0.0074772937 -0.0112047493 -0.9999092817 0.0018506973 0.9999356866 -0.0111912061
-180.6 -409.2 2402.0 0.9999703169 -0.0076518143 0.0008858549 0.0074772937 0.9366093278 -0.3502956331 0.0018506973 0.3502918780 0.9366387725
-2.5 -437.5 2822.4 0.9794274569 -0.1835336834 -0.0838883668 -0.0839282125 0.0075647612 -0.9964430928 0.1835154593 0.9829843044 -0.0079945186
69.3 -440.5 2437.6 0.9794274569 -0.0053481236 -0.2017257214 -0.0839282125 0.8982928991 -0.4313072860 0.1835154593 0.4393646717 0.8793638349
-122.0 -346.5 2404.1 0 0 0 0 0 0 0 0 0
30.2 -441.7 2250.3 0 0 0 0 0 0 0 0 0
-177.5 -787.1 2260.6 0 0 0 0 0 0 0 0 0
71.4 -794.8 2264.3 0 0 0 0 0 0 0 0 0
-21.2 76.2 2533.8 4 0.9923767447 0.1071034521 0.0609696135 -0.1231301874 0.8826632500 0.4535906911 -0.0052345074 -0.4576400518 0.8891221285
-42.3 -97.7 2623.9 0.9923767447 0.1071034521 0.0609696135 -0.1231301874 0.8826632500 0.4535906911 -0.0052345074 -0.4576400518 0.8891221285
-63.5 -268.7 2716.7 0.9920960069 0.1085311845 0.0629797801 -0.1254165024 0.8737302423 0.4699639678 -0.0040215920 -0.4741480947 0.8804359436
-183.5 -79.9 2624.5 -0.0727783442 -0.8611586094 -0.5030995011 0.8535264730 0.2071737200 -0.4780916870 0.5159417987 -0.4642034471 0.7199439406
-166.7 -277.2 2505.3 -0.3169488013 -0.8551905155 -0.4101128876 0.5332674980 0.1968995631 -0.8227127790 0.7843272686 -0.4794577062 0.3936382234
99.0 -115.4 2623.3 -0.1461500078 0.9888284206 0.0293001998 -0.9301735163 -0.1272771806 -0.3443512321 -0.3367750645 -0.0775812045 0.9383835793
45.7 -454.3 2500.6 -0.0669513345 0.9888284206 -0.1331759840 0.0857748315 -0.1272771806 -0.9881514311 -0.9940624833 -0.0775812045 -0.0762952119
-177.8 -421.8 2813.6 0.9997476339 0.0126431268 0.0185706690 0.0194704197 -0.0752165616 -0.9969770908 -0.0112080863 0.9970870614 -0.0754437447
-182.9 -391.5 2411.5 0.9997476339 -0.0142016578 0.0174077954 0.0194704197 0.9342843294 -0.3559967875 -0.0112080863 0.3562458754 0.9343250394
1.3 -444.7 2815.9 0.9807541966 -0.1773908436 -0.0815702677 -0.0805730745 0.0128300898 -0.9966661334 0.1778459996 0.9840568304 -0.0017097623
70.8 -449.7 2430.6 0.9807541966 -0.0041566826 -0.1952023059 -0.0805730745 0.9020560980 -0.4240315855 0.1778459996 0.4315987825 0.8843603730
-124.4 -348.4 2400.5 0 0 0 0 0 0 0 0 0
29.9 -433.9 2265.2 0 0 0 0 0 0 0 0 0
-176.9 -786.6 2260.9 0 0 0 0 0 0 0 0 0
72.3 -795.9 2264.9 0 0 0 0 0 0 0 0 0
-22.3 71.4 2539.5 5 0.9925952554 0.1064862236 0.0584404804 -0.1213113889 0.8935049176 0.4323569834 -0.0061767930 -0.4362449944 0.8998067379
-43.2 -103.8 2625.0 0.9925952554 0.1064862236 0.0584404804 -0.1213113889 0.8935049176 0.4323569834 -0.0061767930 -0.4362449944 0.8998067379
-64.6 -276.5 2714.6 0.9921941757 0.1087617874 0.0610047095 -0.1246208251 0.8824933171 0.4535142779 -0.0045112250 -0.4575766921 0.8891587257
-184.5 -86.1 2625.7 -0.0743627846 -0.8604518771 -0.5040761232 0.8437089324 0.2151843011 -0.4917834401 0.5316252708 -0.4618639052 0.7099692225
-167.3 -281.1 2502.8 -0.3187922537 -0.8544480205 -0.4102317691 0.5183306932 0.2052004784 -0.8301963806 0.7935394049 -0.4772958755 0.3774703145
98.1 -121.4 2624.4 -0.1288086772 0.9787770510 0.1593857855 -0.8940398693 -0.0450762920 -0.4457138479 -0.4290699661 -0.1999090612 0.8808718920
57.0 -406.6 2487.5 -0.2036349475 0.9787770510 -0.0229850560 -0.1045202240 -0.0450762920 -0.9935007095 -0.9734517336 -0.1999090612 0.1114811003
-174.3 -428.5 2809.9 0.9992021918 0.0292448420 0.0271987282 0.0315336883 -0.1597878188 -0.9866476059 -0.0245083272 0.9867181182 -0.1605825424
-185.9 -365.2 2419.2 0.9992021918 -0.0209291577 0.0340147316 0.0315336883 0.9360887408 -0.3503476083 -0.0245083272 0.3511407077 0.9360018969
4.9 -451.0 2809.3 0.9798071980 -0.1764100492 -0.0941136405 -0.0892198384 0.0354886204 -0.9953795075 0.1789349169 0.9836767912 0.0190327298
74.0 -464.9 2424.1 0.9798071980 0.0028234634 -0.1999247670 -0.0892198384 0.9010067582 -0.4245311022 0.1789349169 0.4337958694 0.8830648065
-124.7 -350.3 2396.9 0 0 0 0 0 0 0 0 0
8.1 -431.7 2253.7 0 0 0 0 0 0 0 0 0
-176.5 -788.9 2260.3 0 0 0 0 0 0 0 0 0
72.9 -795.7 2264.9 0 0 0 0 0 0 0 0 0
-21.6 70.8 2542.4 6 0.9900718927 0.1123557761 0.0844621211 -0.1375737488 0.8978151083 0.4183318615 -0.0288293678 -0.4257983863 0.9043586850
-43.6 -105.0 2625.8 0.9900718927 0.1123557761 0.0844621211 -0.1375737488 0.8978151083 0.4183318615 -0.0288293678 -0.4257983863 0.9043586850
-65.9 -278.6 2713.3 0.9897333384 0.1132934391 0.0871351585 -0.1402519643 0.8872366548 0.4394775331 -0.0275195856 -0.4471864402 0.8940173388
-184.5 -85.1 2629.7 -0.0494497716 -0.8664485216 -0.4968115389 0.8369403481 0.2355065048 -0.4940319359 0.5450555682 -0.4402313828 0.7135199904
-173.1 -278.5 2503.7 -0.2935042977 -0.8609347939 -0.4155075252 0.5116927028 0.2256548256 -0.8290057182 0.8074811101 -0.4559289217 0.3743034005
97.3 -124.9 2621.8 -0.1346954554 0.9795236588 0.1496347636 -0.9043654203 -0.0598109104 -0.4225468934 -0.4049448669 -0.1922396421 0.8939035535
58.5 -385.5 2505.1 -0.1999894381 0.9795236588 -0.0231872816 -0.1790893972 -0.0598109104 -0.9820130467 -0.9632918835 -0.1922396421 0.1873838454
-175.5 -438.0 2804.6 0.9996533394 0.0183283798 0.0189009216 0.0216449294 -0.1634109467 -0.9863206148 -0.0149890417 0.9863878489 -0.1637510061
-182.7 -373.7 2416.2 0.9996533394 -0.0149517627 0.0216706973 0.0216449294 0.9353212118 -0.3531369865 -0.0149890417 0.3534836471 0.9353206158
3.8 -460.5 2803.9 0.9766361713 -0.1832079738 -0.1123239547 -0.1034609154 0.0572690926 -0.9929834008 0.1883551776 0.9814046621 0.0369761996
75.6 -482.9 2419.6 0.9766361713 0.0091571640 -0.2147044092 -0.1034609154 0.8957192898 -0.4324150681 0.1883551776 0.4445257187 0.8757392168
-133.9 -346.9 2395.9 0 0 0 0 0 0 0 0 0
9.9 -429.0 2270.8 0 0 0 0 0 0 0 0 0
-176.0 -790.1 2258.8 0 0 0 0 0 0 0 0 0
72.4 -796.0 2264.2 0 0 0 0 0 0 0 0 0
-21.3 72.1 2543.8 7 0.9887429476 0.1374604404 0.0590930991 -0.1496183574 0.9048699141 0.3985282183 0.0013102981 -0.4028833807 0.9152503610
-48.3 -105.7 2623.0 0.9887429476 0.1374604404 0.0590930991 -0.1496183574 0.9048699141 0.3985282183 0.0013102981 -0.4028833807 0.9152503610
-76.1 -280.7 2706.0 0.9879149795 0.1418879330 0.0623839237 -0.1549509168 0.8943279386 0.4197234213 0.0037620044 -0.4243175089 0.9055056572
-189.0 -83.7 2622.5 -0.0560749508 -0.8470056057 -0.5286180973 0.8262964487 0.2578223050 -0.5007612705 0.5604371428 -0.4648754001 0.6854203343
-176.0 -274.7 2492.9 -0.3139006197 -0.8410938978 -0.4404855371 0.4995695353 0.2482091933 -0.8299533129 0.8074011803 -0.4805760086 0.3422718346
92.3 -127.7 2623.5 -0.1011695042 0.9836832285 0.1487684846 -0.9011893272 -0.0272653978 -0.4325671792 -0.4214528501 -0.1778311878 0.8892432451
66.0 -362.1 2514.0 -0.1782343388 0.9836832285 0.0244919527 -0.2822527885 -0.0272653978 -0.9589525461 -0.9426377416 -0.1778311878 0.2825069427
-177.5 -439.7 2803.4 0.9996211529 0.0183232594 0.0205366481 0.0238538831 -0.2045763731 -0.9785599113 -0.0137290945 0.9786791205 -0.2049359530
-184.7 -359.4 2419.3 0.9996211529 -0.0176217537 0.0211416539 0.0238538831 0.9378848076 -0.3461257517 -0.0137290945 0.3464989364 0.9379498959
1.4 -465.0 2798.4 0.9737388492 -0.1913685948 -0.1233316511 -0.1123879775 0.0670657754 -0.9913985729 0.1979938895 0.9792243242 0.0437970236
76.3 -491.3 2415.0 0.9737388492 0.0131206457 -0.2272894233 -0.1123879775 0.8959180713 -0.4297671020 0.1979938895 0.4440255165 0.8738648295
-134.1 -341.3 2385.1 0 0 0 0 0 0 0 0 0
21.6 -432.4 2279.2 0 0 0 0 0 0 0 0 0
-176.6 -790.5 2260.1 0 0 0 0 0 0 0 0 0
71.9 -795.6 2264.1 0 0 0 0 0 0 0 0 0
-18.5 76.2 2539.6 8 0.9867862463 0.1500900835 0.0610403828 -0.1618465930 0.8952572942 0.4151144922 0.0076577212 -0.4195084572 0.9077191353
-48.1 -100.1 2622.1 0.9867862463 0.1500900835 0.0610403828 -0.1618465930 0.8952572942 0.4151144922 0.0076577212 -0.4195084572 0.9077191353
-78.4 -273.0 2708.4 0.9858120680 0.1548971385 0.0646642074 -0.1675300002 0.8840893507 0.4362565279 0.0104059493 -0.4409001172 0.8974958658
-188.4 -76.3 2620.7 -0.0473371670 -0.8419895768 -0.5374130607 0.8375937343 0.2596786320 -0.4806284606 0.5442388058 -0.4728854001 0.6929527521
-177.5 -269.8 2494.9 -0.3102155328 -0.8361481428 -0.4523523748 0.5190256238 0.2496896535 -0.8174762726 0.7964789867 -0.4883762896 0.3565246761
92.3 -123.9 2623.6 -0.0955333412 0.9866135120 0.1321633011 -0.9091844559 -0.0324266814 -0.4151290357 -0.4052863121 -0.1598194838 0.9001114964
68.0 -355.3 2520.5 -0.1620766968 0.9866135120 0.0180251095 -0.3033049703 -0.0324266814 -0.9523416162 -0.9390086532 -0.1598194838 0.3045004010
-193.1 -441.7 2788.7 0.9996492267 -0.0212401431 0.0158196390 0.0133400960 -0.1121900231 -0.9935972095 0.0228789523 0.9934597611 -0.1118673235
-184.8 -397.9 2401.2 0.9996492267 -0.0202856343 -0.0170263816 0.0133400960 0.9410590529 -0.3379791975 0.0228789523 0.3376334906 0.9409995675
-14.6 -469.7 2789.4 0.9657996297 -0.2253004760 -0.1283384711 -0.1162336469 0.0662505552 -0.9910098910 0.2317775041 0.9720342159 0.0377972685
73.6 -495.7 2408.9 0.9657996297 0.0041420986 -0.2592564523 -0.1162336469 0.9006966352 -0.4186111093 0.2317775041 0.4344287813 0.8703739643
-136.1 -339.1 2388.5 0 0 0 0 0 0 0 0 0
26.9 -432.2 2282.3 0 0 0 0 0 0 0 0 0
-176.3 -790.1 2260.5 0 0 0 0 0 0 0 0 0
72.2 -795.1 2264.5 0 0 0 0 0 0 0 0 0
-14.5 83.3 2533.9 9 0.9833670855 0.1644519567 0.0771019459 -0.1816238910 0.8871049881 0.4243317842 0.0013846670 -0.4312774837 0.9022182822
-47.1 -92.4 2619.3 0.9833670855 0.1644519567 0.0771019459 -0.1816238910 0.8871049881 0.4243317842 0.0013846670 -0.4312774837 0.9022182822
-80.2 -264.1 2707.2 0.9823720455 0.1687644720 0.0803975910 -0.1868933141 0.8774383068 0.4417838156 0.0040134937 -0.4490218461 0.8935117722
-187.0 -65.8 2618.8 -0.0264878422 -0.8404529691 -0.5412367582 0.8425269723 0.2726218402 -0.4645703733 0.5380024910 -0.4683120251 0.7008831501
-180.9 -260.6 2494.4 -0.2935720980 -0.8349331021 -0.4655127525 0.5311654806 0.2624005079 -0.8056110740 0.7947821617 -0.4837692380 0.3664541543
92.8 -118.9 2619.9 -0.0731054097 0.9796136618 0.1871168613 -0.9213255644 0.0055004964 -0.3887530267 -0.3818570077 -0.2008154988 0.9021409750
74.0 -355.1 2522.0 -0.1908138692 0.9796136618 0.0628266707 -0.2871462107 0.0055004964 -0.9578709602 -0.9386890531 -0.2008154988 0.2802427709
-197.8 -431.0 2793.8 0.9994696379 -0.0281350352 0.0163957328 0.0140186837 -0.0826978087 -0.9964760542 0.0293917805 0.9961774349 -0.0822595358
-186.8 -398.6 2404.5 0.9994696379 -0.0233028326 -0.0227459501 0.0140186837 0.9383680820 -0.3453531265 0.0293917805 0.3448511064 0.9381971359
-19.7 -461.2 2795.6 0.9637380242 -0.2386695445 -0.1193559170 -0.1163670868 0.0266269650 -0.9928492904 0.2401409745 0.9707357287 -0.0021118599
73.7 -471.7 2415.9 0.9637380242 0.0046623037 -0.2668093741 -0.1163670868 0.9071148634 -0.4044765532 0.2401409745 0.4208572805 0.8747636676
-141.7 -331.5 2388.3 0 0 0 0 0 0 0 0 0
25.3 -428.5 2282.1 0 0 0 0 0 0 0 0 0
-177.1 -789.5 2260.9 0 0 0 0 0 0 0 0 0
72.0 -796.3 2265.2 0 0 0 0 0 0 0 0 0
-13.9 84.6 2525.6 0 0.9806493521 0.1623419076 0.1094161794 -0.1945793927 0.8698412776 0.4533376098 -0.0215790216 -0.4658553898 0.8845977187
-45.9 -87.1 2617.5 0.9806493521 0.1623419076 0.1094161794 -0.1945793927 0.8698412776 0.4533376098 -0.0215790216 -0.4658553898 0.8845977187
-78.4 -255.1 2712.3 0.9796881080 0.1657931209 0.1127998680 -0.1996443570 0.8591530919 0.4711667895 -0.0187961441 -0.4841163456 0.8748016953
-185.4 -58.6 2620.2 0.0001010272 -0.8508547544 -0.5254009366 0.8608193398 0.2674561143 -0.4329633713 0.5089106560 -0.4522315264 0.7324592471
-185.4 -257.6 2502.6 -0.2628682852 -0.8459306359 -0.4640060067 0.5620450377 0.2566366792 -0.7862842679 0.7842229605 -0.4674814939 0.4079895020
93.5 -115.5 2614.9 -0.0818636045 0.9791448712 0.1859399825 -0.9197966456 -0.0023870065 -0.3923881352 -0.3837609887 -0.2031492740 0.9008095860
72.9 -346.3 2518.6 -0.1936458647 0.9791448712 0.0614540949 -0.3134305775 -0.0023870065 -0.9496081471 -0.9296572208 -0.2031492740 0.3073561490
-202.0 -418.9 2794.8 0.9988138676 -0.0486782789 0.0011502720 -0.0051064594 -0.1282125413 -0.9917335510 0.0484233648 0.9905513525 -0.1283090264
-182.9 -368.8 2407.7 0.9988138676 -0.0112006571 -0.0473861098 -0.0051064594 0.9437212944 -0.3307023942 0.0484233648 0.3305521309 0.9425446987
-24.4 -452.7 2795.5 0.9586551189 -0.2508982122 -0.1342776716 -0.1262479424 0.0479063801 -0.9908412695 0.2550330758 0.9668273330 0.0142503083
73.8 -471.5 2417.1 0.9586551189 0.0055727544 -0.2845160067 -0.1262479424 0.9043600559 -0.4076693654 0.2550330758 0.4267338812 0.8676729202
-150.3 -332.6 2397.9 0 0 0 0 0 0 0 0 0
23.3 -426.5 2280.5 0 0 0 0 0 0 0 0 0
-178.0 -786.5 2261.4 0 0 0 0 0 0 0 0 0
71.8 -795.4 2264.3 0 0 0 0 0 0 0 0 0
-13.6 85.1 2528.4 1 0.9809274673 0.1695762277 0.0950010344 -0.1942345798 0.8736842871 0.4460366368 -0.0073636980 -0.4559820890 0.8899585009
-47.2 -88.1 2618.8 0.9809274673 0.1695762277 0.0950010344 -0.1942345798 0.8736842871 0.4460366368 -0.0073636980 -0.4559820890 0.8899585009
-81.1 -257.1 2711.4 0.9800133109 0.1729259193 0.0983389616 -0.1988720149 0.8637761474 0.4629694521 -0.0048834356 -0.4732730687 0.8809022307
-186.7 -59.9 2619.5 -0.0087431809 -0.8436595201 -0.5368074179 0.8559852242 0.2711966634 -0.4401609600 0.5169263482 -0.4633476138 0.7197889090
-184.7 -257.7 2500.1 -0.2758893371 -0.8384822011 -0.4699283540 0.5544723868 0.2605243623 -0.7903717160 0.7851403952 -0.4786174297 0.3930393755
