-33.4 83.5 2893.4 6 0.9974242449 -0.0495269187 0.0518845581 0.0607434064 0.9679256678 -0.2437828928 -0.0381465815 0.2463065982 0.9684409499
-23.3 -113.7 2843.2 0.9974242449 -0.0495269187 0.0518845581 0.0607434064 0.9679256678 -0.2437828928 -0.0381465815 0.2463065982 0.9684409499
-14.4 -301.5 2788.7 0.9975606799 -0.0448702797 0.0534729883 0.0579575114 0.9593472481 -0.2762133479 -0.0389053933 0.2786387205 0.9596076608
-165.4 -121.9 2848.7 -0.0628221780 -0.7216148973 -0.6894384027 0.6426285505 0.4992917776 -0.5811508298 0.7635980248 -0.4795619547 0.4323637187
-148.0 -299.9 2637.2 -0.1655432582 -0.7281196713 -0.6651595235 0.5027715564 0.5179263353 -0.6920788288 0.8484197855 -0.4489922822 0.2803386748
118.8 -105.5 2837.7 0.0293483753 0.5317209959 0.8464109302 -0.7485892177 0.5728244781 -0.3338956535 -0.6623842120 -0.6238148212 0.4148520827
126.2 -293.2 2671.6 -0.5093337893 0.5317209959 0.6766475439 -0.3721992970 0.5728244781 -0.7303012013 -0.7759167552 -0.6238148212 -0.0938526541
-98.4 -489.5 2735.8 0.9544497728 0.2721161544 -0.1223864034 -0.1497084498 0.0819443390 -0.9853286147 -0.2580949664 0.9587689638 0.1189498454
-204.9 -521.5 2360.5 0.9544497728 0.2713335156 0.1241118535 -0.1497084498 0.7953133583 -0.5874215364 -0.2580949664 0.5420837402 0.7997075915
82.0 -480.8 2731.0 0.9978865385 -0.0568657555 -0.0314436853 -0.0365597829 -0.0912892967 -0.9951530695 0.0537196621 0.9941994548 -0.0931753591
110.9 -434.3 2225.5 0.9978865385 0.0273801386 -0.0589300245 -0.0365597829 0.9863058329 -0.1608233452 0.0537196621 0.1626379341 0.9852223396
-105.5 -429.0 2419.4 0 0 0 0 0 0 0 0 0
-4.2 -388.4 2473.0 0 0 0 0 0 0 0 0 0
-307.0 -821.0 2156.4 0 0 0 0 0 0 0 0 0
100.6 -805.8 2164.3 0 0 0 0 0 0 0 0 0
-33.2 83.8 2900.3 7 0.9986578226 -0.0384444073 0.0347069688 0.0461527333 0.9646470547 -0.2594724596 -0.0235047098 0.2607260346 0.9651266336
-25.3 -113.4 2847.0 0.9986578226 -0.0384444073 0.0347069688 0.0461527333 0.9646470547 -0.2594724596 -0.0235047098 0.2607260346 0.9651266336
-18.3 -300.7 2790.5 0.9987152815 -0.0358608961 0.0358012989 0.0446664728 0.9566578269 -0.2877684534 -0.0239299592 0.2889978588 0.9570305943
-167.6 -119.7 2850.5 -0.0623047501 -0.7074253559 -0.7040365934 0.6423792243 0.5114503503 -0.5707604289 0.7638501525 -0.4878195524 0.4225695729
-150.0 -301.0 2634.9 -0.1994068474 -0.7103372216 -0.6750243902 0.5001004934 0.5186251402 -0.6934893727 0.8426959515 -0.4758665264 0.2518225908
117.0 -107.0 2843.6 0.0054364996 0.5714386702 0.8206267953 -0.7398139834 0.5544238091 -0.3811686337 -0.6727895141 -0.6050389409 0.4257724285
118.3 -294.4 2673.3 -0.4774014354 0.5714386702 0.6674920917 -0.3750922084 0.5544238091 -0.7429132462 -0.7946028709 -0.6050389409 -0.0503405295
-95.7 -494.6 2737.6 0.9531965852 0.2798834443 -0.1143745929 -0.1333828270 0.0497724116 -0.9898139834 -0.2713398635 0.9587429166 0.0847745389
-205.3 -514.1 2362.4 0.9531965852 0.2645756602 0.1463420987 -0.1333828270 0.8023362756 -0.5817779303 -0.2713398635 0.5350292325 0.8000740409
84.5 -484.2 2730.6 0.9981784225 -0.0524710082 -0.0297760032 -0.0347859189 -0.0973103419 -0.9946460128 0.0492925644 0.9938699603 -0.0989583358
111.3 -434.6 2224.1 0.9981784225 0.0269334614 -0.0539852343 -0.0347859189 0.9880357385 -0.1502509415 0.0492925644 0.1518551856 0.9871728420
-98.8 -429.4 2418.6 0 0 0 0 0 0 0 0 0
-3.8 -390.4 2470.0 0 0 0 0 0 0 0 0 0
-304.9 -816.2 2160.9 0 0 0 0 0 0 0 0 0
101.1 -806.7 2167.0 0 0 0 0 0 0 0 0 0
-32.7 91.4 2892.3 8 0.9960599542 -0.0557193607 0.0689923540 0.0692759305 0.9745782018 -0.2130685598 -0.0553664006 0.2170085758 0.9745982885
-21.2 -109.8 2847.5 0.9960599542 -0.0557193607 0.0689923540 0.0692759305 0.9745782018 -0.2130685598 -0.0553664006 0.2170085758 0.9745982885
-11.6 -298.9 2798.0 0.9963005781 -0.0485328585 0.0709202886 0.0647955686 0.9663433433 -0.2489620149 -0.0564505123 0.2526363134 0.9659131765
-163.1 -119.0 2855.6 -0.0431429334 -0.7347857356 -0.6769258380 0.6382781863 0.5009809732 -0.5844818354 0.7685959339 -0.4572832286 0.4473839104
-150.7 -302.2 2635.0 -0.2071045041 -0.7337180376 -0.6471209526 0.4831280410 0.4984738529 -0.7197993398 0.8507026434 -0.4617159665 0.2512435913
120.6 -100.7 2839.4 -0.0115300240 0.6163488626 0.7873888016 -0.7609389424 0.5054552555 -0.4068008065 -0.6487210393 -0.6038452387 0.4631759226
117.7 -293.2 2675.3 -0.4642979801 0.6163488626 0.6360357404 -0.3860923052 0.5054552555 -0.7716525793 -0.7970948219 -0.6038452387 0.0032856860
-101.4 -492.0 2736.0 0.9555281997 0.2688801289 -0.1211171597 -0.1458279192 0.0738414973 -0.9865503907 -0.2563203275 0.9603389502 0.1097678617
-206.7 -521.0 2360.1 0.9555281997 0.2661784589 0.1269445568 -0.1458279192 0.8006413579 -0.5811261535 -0.2563203275 0.5367703438 0.8038516641
79.1 -484.0 2731.7 0.9979543686 -0.0601072200 -0.0217767078 -0.0275469739 -0.0969052762 -0.9949123263 0.0576911345 0.9934769869 -0.0983628184
109.8 -434.5 2223.8 0.9979543686 0.0178611763 -0.0613846965 -0.0275469739 0.9866078496 -0.1607671976 0.0576911345 0.1621292979 0.9850816131
-97.6 -426.2 2416.6 0 0 0 0 0 0 0 0 0
-1.1 -392.1 2471.3 0 0 0 0 0 0 0 0 0
-306.9 -822.5 2158.0 0 0 0 0 0 0 0 0 0
103.1 -806.0 2162.8 0 0 0 0 0 0 0 0 0
-31.5 90.1 2899.8 9 0.9975852966 -0.0520154200 0.0460219048 0.0613551140 0.9705332518 -0.2330251932 -0.0325448848 0.2352861762 0.9713811278
-20.9 -108.9 2851.6 0.9975852966 -0.0520154200 0.0460219048 0.0613551140 0.9705332518 -0.2330251932 -0.0325448848 0.2352861762 0.9713811278
-11.8 -297.1 2798.8 0.9978062510 -0.0458377264 0.0477664508 0.0569917113 0.9618774652 -0.2674765885 -0.0336849503 0.2696121037 0.9623796940
-163.0 -116.9 2856.4 -0.0506430231 -0.7199133635 -0.6922138333 0.6375939846 0.5101717114 -0.5772336721 0.7687062025 -0.4705842435 0.4331758022
-148.4 -299.8 2635.9 -0.2040648013 -0.7188760042 -0.6645109653 0.4989832938 0.5076186657 -0.7023808956 0.8422429562 -0.4749110937 0.2551200092
121.2 -100.8 2846.7 0.0027572173 0.5434639454 0.8394279480 -0.7364956737 0.5689277649 -0.3659171164 -0.6764366627 -0.6172261238 0.4018274844
122.0 -292.9 2670.3 -0.4969680905 0.5434639454 0.6765128374 -0.3745180666 0.5689277649 -0.7321594357 -0.7827892303 -0.6172261238 -0.0792018846
-91.9 -493.8 2753.7 0.9529961944 0.2666088641 -0.1439374238 -0.1490213722 -0.0011752060 -0.9888332486 -0.2638008595 0.9638041258 0.0386104509
-196.0 -493.3 2377.3 0.9529961944 0.2724387050 0.1325723082 -0.1490213722 0.8024504781 -0.5778112411 -0.2638008595 0.5308958292 0.8053314686
88.0 -482.2 2743.4 0.9988086820 -0.0414132141 -0.0258092172 -0.0295742378 -0.0930397883 -0.9952230453 0.0388141014 0.9948007464 -0.0941537172
109.7 -433.6 2223.9 0.9988086820 0.0228649005 -0.0431087725 -0.0295742378 0.9863364100 -0.1620672494 0.0388141014 0.1631490886 0.9858376384
-96.1 -427.9 2419.7 0 0 0 0 0 0 0 0 0
-5.2 -388.7 2470.0 0 0 0 0 0 0 0 0 0
-298.6 -795.5 2177.4 0 0 0 0 0 0 0 0 0
101.1 -805.1 2162.4 0 0 0 0 0 0 0 0 0
-35.4 84.2 2903.5 0 0.9939868450 -0.1087199822 0.0130443852 0.1087780893 0.9667505026 -0.2314319462 0.0125506101 0.2314592451 0.9727636576
-11.2 -130.3 2852.2 0.9939868450 -0.1087199822 0.0130443852 0.1087780893 0.9667505026 -0.2314319462 0.0125506101 0.2314592451 0.9727636576
-10.9 -309.8 2777.9 0.9997657537 0.0005429565 0.0216369741 0.0077574644 0.9242793322 -0.3816379607 -0.0202058200 0.3817164302 0.9240586162
-153.5 -131.3 2855.5 -0.0200723037 -0.6850579977 -0.7282119393 0.6188460588 0.5635501146 -0.5472118258 0.7852557898 -0.4616349041 0.4126336873
-148.1 -297.5 2644.6 -0.2557423711 -0.6601467729 -0.7062591910 0.5456917286 0.5044667721 -0.6691291332 0.7980077267 -0.5565244555 0.2312231213
131.0 -129.4 2848.8 -0.0290031563 0.4772472680 0.8782902956 -0.6769065261 0.6371466517 -0.3685671091 -0.7354973555 -0.6052100658 0.3045725226
124.2 -288.3 2676.2 -0.5022011399 0.4772472680 0.7211304307 -0.3674112260 0.6371466517 -0.6775346398 -0.7828173637 -0.6052100658 -0.1446297467
-100.4 -491.5 2708.0 0.9550417662 0.2814091146 -0.0932958946 -0.1652551591 0.2440349460 -0.9555823803 -0.2461421490 0.9280387163 0.2795678675
-207.1 -584.0 2356.2 0.9580883384 0.2828713357 0.0452831201 -0.1583377570 0.6546235085 -0.7391868234 -0.2387381792 0.7010362744 0.6719763875
84.3 -484.2 2725.8 0.9983691573 -0.0506126434 -0.0264079124 -0.0315142907 -0.1029064506 -0.9941917062 0.0476011261 0.9934025407 -0.1043336540
109.6 -432.7 2228.8 0.9983691573 0.0224385392 -0.0524931401 -0.0315142907 0.9833374023 -0.1790375113 0.0476011261 0.1803998053 0.9824408293
-82.7 -437.1 2440.4 0 0 0 0 0 0 0 0 0
-4.4 -382.3 2475.8 0 0 0 0 0 0 0 0 0
-310.9 -824.3 2098.9 0 0 0 0 0 0 0 0 0
101.2 -803.0 2160.8 0 0 0 0 0 0 0 0 0
-32.3 83.3 2894.9 1 0.9975420833 -0.0649386197 0.0263207480 0.0692609102 0.9707338214 -0.2299539000 -0.0106175514 0.2312116772 0.9728455544
-18.4 -125.0 2845.3 0.9975420833 -0.0649386197 0.0263207480 0.0692609102 0.9707338214 -0.2299539000 -0.0106175514 0.2312116772 0.9728455544
-16.9 -308.9 2781.1 0.9995263219 -0.0066932654 0.0300393030 0.0162201691 0.9440668225 -0.3293550611 -0.0261546485 0.3296862841 0.9437282085
-160.7 -127.3 2849.3 -0.0410773456 -0.6935768127 -0.7192105651 0.6246004105 0.5440089107 -0.5602933168 0.7798634768 -0.4722345769 0.4108619094
-149.4 -300.1 2633.5 -0.1911017746 -0.6841276884 -0.7038816810 0.5580887198 0.5141818523 -0.6512710452 0.8074757457 -0.5172874928 0.2835428715
123.9 -122.8 2841.3 0.0033316757 0.5198079944 0.8542766571 -0.7043818831 0.6076036096 -0.3669659495 -0.7098134160 -0.6005143523 0.3681676686
124.8 -300.5 2662.3 -0.5215097070 0.5198079944 0.6766293645 -0.3310682476 0.6076036096 -0.7219498754 -0.7863977551 -0.6005143523 -0.1447792500
-104.9 -491.7 2695.7 0.9534403086 0.3015521169 0.0042279437 -0.0786752924 0.2622385621 -0.9617905617 -0.2911387086 0.9166772962 0.2737535238
-223.8 -595.1 2334.3 0.9534403086 0.2547670603 0.1613855511 -0.0786752924 0.7267189622 -0.6824146509 -0.2911387086 0.6379445791 0.7129270434
77.8 -490.2 2701.5 0.9971487522 -0.0678973645 -0.0329296477 -0.0408649892 -0.1190114319 -0.9920516014 0.0634386837 0.9905686378 -0.1214467287
110.3 -433.2 2227.4 0.9971487522 0.0290005915 -0.0696661994 -0.0408649892 0.9836415052 -0.1754406840 0.0634386837 0.1777873635 0.9820219874
-100.5 -442.8 2427.0 0 0 0 0 0 0 0 0 0
-8.7 -385.2 2461.1 0 0 0 0 0 0 0 0 0
-318.0 -864.0 2098.3 0 0 0 0 0 0 0 0 0
99.4 -803.7 2160.5 0 0 0 0 0 0 0 0 0
-32.3 89.2 2891.1 2 0.9974166155 -0.0526043847 0.0489169620 0.0619398169 0.9746956825 -0.2147831321 -0.0363806151 0.2172581702 0.9754359722
-21.2 -115.2 2845.5 0.9974166155 -0.0526043847 0.0489169620 0.0619398169 0.9746956825 -0.2147831321 -0.0363806151 0.2172581702 0.9754359722
-17.5 -301.9 2788.9 0.9985007644 -0.0181706753 0.0516337417 0.0323526189 0.9568046331 -0.2889259756 -0.0441534258 0.2901633084 0.9559580088
-163.5 -119.7 2852.0 -0.0471761338 -0.7117434740 -0.7008535266 0.6306884885 0.5228685737 -0.5734461546 0.7746008039 -0.4690732062 0.4242215157
-149.8 -302.1 2628.0 -0.0834923759 -0.7140920162 -0.6950551271 0.5706838369 0.5375226736 -0.6207973957 0.8169143200 -0.4484885633 0.3626417220
121.0 -110.7 2839.1 0.0196503624 0.5190035701 0.8545461893 -0.7276310921 0.5936013460 -0.3437883258 -0.6856871247 -0.6150388122 0.3893076181
126.1 -301.6 2659.2 -0.5388896465 0.5190035701 0.6635007262 -0.3312965035 0.5936013460 -0.7334030867 -0.7744937539 -0.6150388122 -0.1479415596
-107.6 -495.0 2714.3 0.9569562674 0.2829101682 -0.0647803843 -0.1203076392 0.1835496873 -0.9756206274 -0.2641225755 0.9414198399 0.2096852809
-218.4 -566.9 2345.7 0.9569562674 0.2626999319 0.1233831570 -0.1203076392 0.7459245324 -0.6550745368 -0.2641225755 0.6120337844 0.7454220057
74.1 -492.1 2714.3 0.9965769053 -0.0759646893 -0.0326172560 -0.0413212813 -0.1159849614 -0.9923910499 0.0716035664 0.9903417826 -0.1187268943
111.6 -434.8 2225.2 0.9965769053 0.0295190196 -0.0772214159 -0.0413212813 0.9868897796 -0.1560165137 0.0716035664 0.1586733311 0.9847312570
-128.5 -447.5 2419.9 0 0 0 0 0 0 0 0 0
-11.8 -386.4 2461.0 0 0 0 0 0 0 0 0 0
-316.4 -845.3 2117.3 0 0 0 0 0 0 0 0 0
100.5 -806.4 2165.5 0 0 0 0 0 0 0 0 0
-33.5 88.0 2889.2 3 0.9974830747 -0.0565158874 0.0428185165 0.0643548965 0.9751198292 -0.2121314704 -0.0297643859 0.2143531293 0.9763026237
-21.8 -113.9 2844.8 0.9974830747 -0.0565158874 0.0428185165 0.0643548965 0.9751198292 -0.2121314704 -0.0297643859 0.2143531293 0.9763026237
-14.6 -301.9 2792.1 0.9982951283 -0.0365492292 0.0455083326 0.0474510416 0.9622147679 -0.2681252956 -0.0339890160 0.2698276043 0.9623085856
-164.0 -120.6 2849.8 -0.0618152656 -0.7151235342 -0.6962594390 0.6407915354 0.5064017177 -0.5770125985 0.7652222514 -0.4818253219 0.4269417226
-146.9 -297.8 2638.2 -0.0176705588 -0.7218425274 -0.6918317080 0.5465571880 0.5724331737 -0.6112245917 0.8372353315 -0.3889262676 0.3844130039
120.4 -107.1 2839.9 0.0194920227 0.4795179963 0.8773155212 -0.7276781201 0.6085568070 -0.3164539933 -0.6856417656 -0.6322349906 0.3607967496
125.5 -298.7 2659.3 -0.5492656231 0.4795179963 0.6843754649 -0.3537411094 0.6085568070 -0.7102998495 -0.7570828795 -0.6322349906 -0.1646341234
-104.9 -491.9 2733.9 0.9571657181 0.2694201171 -0.1060501859 -0.1438708752 0.1247048303 -0.9817076325 -0.2512668073 0.9549143910 0.1581248939
-210.2 -540.7 2360.6 0.9571657181 0.2683004737 0.1088517159 -0.1438708752 0.7669697404 -0.6253467798 -0.2512668073 0.5828999281 0.7727177143
76.0 -486.1 2728.1 0.9971311688 -0.0682149827 -0.0328048132 -0.0395957232 -0.1007104665 -0.9941275716 0.0645106062 0.9925745130 -0.1031225622
110.7 -435.0 2224.2 0.9971311688 0.0293121971 -0.0697870702 -0.0395957232 0.9877604842 -0.1508689374 0.0645106062 0.1531993896 0.9860873818
-142.4 -437.2 2424.6 0 0 0 0 0 0 0 0 0
-15.1 -389.3 2465.6 0 0 0 0 0 0 0 0 0
-310.7 -828.0 2142.2 0 0 0 0 0 0 0 0 0
99.6 -807.0 2166.5 0 0 0 0 0 0 0 0 0
-31.9 89.2 2888.2 4 0.9963345528 -0.0549665652 0.0655448064 0.0675101206 0.9758232832 -0.2078732103 -0.0525340736 0.2115361989 0.9759572744
-20.6 -111.4 2844.7 0.9963345528 -0.0549665652 0.0655448064 0.0675101206 0.9758232832 -0.2078732103 -0.0525340736 0.2115361989 0.9759572744
-12.3 -300.5 2795.3 0.9968182445 -0.0421616063 0.0676446632 0.0578375012 0.9665514827 -0.2498661876 -0.0548472852 0.2529835701 0.9659146667
-162.6 -119.6 2852.6 -0.0621338673 -0.7311266065 -0.6794065833 0.6303930283 0.4990040958 -0.5946423411 0.7737854719 -0.4652405977 0.4298920631
-144.8 -300.1 2631.1 -0.0099373329 -0.7375918627 -0.6751736403 0.5342151523 0.5668579936 -0.6271253824 0.8452901840 -0.3669199347 0.3883996904
121.4 -103.2 2836.9 0.0031394241 0.4887562096 0.8724147677 -0.7430914044 0.5849506855 -0.3250350952 -0.6691825390 -0.6472635269 0.3650269508
122.2 -295.6 2663.6 -0.5438715816 0.4887562096 0.6821444631 -0.3758096695 0.5849506855 -0.7187487483 -0.7503138185 -0.6472635269 -0.1344587654
-98.0 -494.4 2741.3 0.9545695186 0.2721606791 -0.1213493198 -0.1476158202 0.0781330615 -0.9859537482 -0.2588564456 0.9590744376 0.1147586554
-204.4 -525.0 2366.4 0.9545695186 0.2732877135 0.1187893450 -0.1476158202 0.7799606919 -0.6081700921 -0.2588564456 0.5630054474 0.7848683000
82.6 -485.9 2736.2 0.9982588887 -0.0528964624 -0.0260985456 -0.0312399324 -0.0988262072 -0.9946142435 0.0500323549 0.9936978221 -0.1003066227
110.0 -434.8 2223.1 0.9982588887 0.0236499999 -0.0540356115 -0.0312399324 0.9890482426 -0.1442483962 0.0500323549 0.1456853151 0.9880650640
-142.3 -436.8 2414.8 0 0 0 0 0 0 0 0 0
-17.0 -391.8 2471.5 0 0 0 0 0 0 0 0 0
-307.0 -817.9 2154.9 0 0 0 0 0 0 0 0 0
101.1 -807.3 2168.3 0 0 0 0 0 0 0 0 0
-28.0 84.1 2887.3 5 0.9980739355 -0.0439705290 0.0437611304 0.0521687120 0.9766232371 -0.2085318267 -0.0335688815 0.2104131430 0.9770360589
-19.0 -115.6 2844.2 0.9980739355 -0.0439705290 0.0437611304 0.0521687120 0.9766232371 -0.2085318267 -0.0335688815 0.2104131430 0.9770360589
-11.4 -305.1 2795.7 0.9982212782 -0.0386906974 0.0453574806 0.0487020053 0.9680234790 -0.2460867912 -0.0343858376 0.2478580773 0.9681859016
-161.2 -122.5 2849.2 -0.0537156090 -0.7177373767 -0.6942389011 0.6337442994 0.5127733946 -0.5791645646 0.7716753483 -0.4710801244 0.4273180366
-146.2 -299.8 2633.4 -0.0446972586 -0.7267393470 -0.6854575872 0.5146403909 0.5713406801 -0.6393083334 0.8562402725 -0.3813394904 0.3484720290
123.2 -108.7 2839.3 -0.0290065724 0.5293859243 0.8478850722 -0.7338328958 0.5646750927 -0.3776656091 -0.6787104607 -0.6331607699 0.3721015453
115.7 -296.2 2665.9 -0.5239222646 0.5293859243 0.6672750115 -0.3693998754 0.5646750927 -0.7380282879 -0.7674953938 -0.6331607699 -0.1002907529
-94.2 -494.8 2750.1 0.9536527395 0.2679553628 -0.1369174272 -0.1500311047 0.0289902166 -0.9882561564 -0.2608392835 0.9629950523 0.0678482354
-199.0 -506.2 2373.8 0.9536527395 0.2737577856 0.1249124780 -0.1500311047 0.7924184203 -0.5912391543 -0.2608392835 0.5450960994 0.7967641950
86.0 -484.4 2740.8 0.9984818101 -0.0469166785 -0.0288593788 -0.0332981274 -0.0967607424 -0.9947504997 0.0438779369 0.9942013025 -0.0981760845
110.5 -434.0 2222.8 0.9984818101 0.0263009388 -0.0483973064 -0.0332981274 0.9881272912 -0.1499856114 0.0438779369 0.1513694376 0.9875029325
-134.8 -431.6 2414.0 0 0 0 0 0 0 0 0 0
-18.3 -390.7 2469.4 0 0 0 0 0 0 0 0 0
-301.9 -804.1 2168.8 0 0 0 0 0 0 0 0 0
100.6 -806.2 2165.8 0 0 0 0 0 0 0 0 0
-29.1 84.4 2897.8 6 0.9988240004 -0.0484055281 0.0027456128 0.0476123244 0.9686198235 -0.2439440936 0.0091487886 0.2437879443 0.9697853923
-19.2 -112.6 2848.2 0.9988240004 -0.0484055281 0.0027456128 0.0476123244 0.9686198235 -0.2439440936 0.0091487886 0.2437879443 0.9697853923
-10.6 -300.3 2793.6 0.9990544319 -0.0432529747 0.0044132466 0.0427657999 0.9593321681 -0.2790212333 0.0078347297 0.2789461315 0.9602748156
-161.5 -118.6 2847.1 -0.0601359233 -0.6936807632 -0.7177678347 0.6447244883 0.5219648480 -0.5584648252 0.7620459199 -0.4963463247 0.4158441424
-144.3 -302.6 2629.7 -0.0774949938 -0.7062333822 -0.7037250400 0.5062134862 0.5802227259 -0.6380356550 0.8589193225 -0.4056796730 0.3125405014
123.0 -106.6 2849.3 -0.0331157185 0.5007417798 0.8649629951 -0.7147766948 0.5930333138 -0.3706828058 -0.6985682845 -0.6305308342 0.3382798433
114.2 -295.7 2664.5 -0.5246300697 0.5007417798 0.6884917617 -0.3714649379 0.5930333138 -0.7143705487 -0.7660137415 -0.6305308342 -0.1251151115
-94.1 -499.0 2750.0 0.9528978467 0.2671642900 -0.1435579211 -0.1544750780 0.0201892033 -0.9877904058 -0.2610040009 0.9634394646 0.0605084747
-198.7 -506.9 2373.0 0.9528978467 0.2768269479 0.1239051148 -0.1544750780 0.7945628762 -0.5872029066 -0.2610040009 0.5404042006 0.7999001741
86.3 -490.2 2744.1 0.9982161522 -0.0488193482 -0.0343683697 -0.0393865593 -0.1058566272 -0.9936010838 0.0448688343 0.9931823015 -0.1075906232
111.9 -434.8 2224.4 0.9982161522 0.0316345617 -0.0506336652 -0.0393865593 0.9862853885 -0.1602806151 0.0448688343 0.1619889885 0.9857719541
-124.4 -432.3 2409.5 0 0 0 0 0 0 0 0 0
-20.1 -390.9 2468.3 0 0 0 0 0 0 0 0 0
-302.8 -805.9 2169.7 0 0 0 0 0 0 0 0 0
99.9 -806.3 2163.4 0 0 0 0 0 0 0 0 0
-26.9 85.6 2891.0 7 0.9989166856 -0.0435137600 0.0164924432 0.0460038856 0.9767896533 -0.2092024237 -0.0070064636 0.2097344995 0.9777332544
-18.0 -112.9 2848.4 0.9989166856 -0.0435137600 0.0164924432 0.0460038856 0.9767896533 -0.2092024237 -0.0070064636 0.2097344995 0.9777332544
-10.6 -302.7 2801.4 0.9991581440 -0.0369789153 0.0177637655 0.0401640758 0.9699540734 -0.2399497926 -0.0083569540 0.2404612601 0.9706227779
-160.3 -118.5 2849.6 -0.0507465973 -0.7011035085 -0.7112514377 0.6412817240 0.5230834484 -0.5613746047 0.7656255960 -0.4846003950 0.4230601490
-145.8 -302.0 2630.5 -0.1212484762 -0.7109895945 -0.6926705837 0.5012651682 0.5584477782 -0.6609609127 0.8567566872 -0.4273521602 0.2886833847
124.3 -107.3 2847.2 -0.0326172709 0.5511817932 0.8337473869 -0.7297362685 0.5568812490 -0.3966966867 -0.6829503179 -0.6213548779 0.3840534091
116.0 -293.7 2672.8 -0.5069695711 0.5511817932 0.6627069116 -0.3679488599 0.5568812490 -0.7446454763 -0.7794840932 -0.6213548779 -0.0795151442
-92.3 -491.9 2738.2 0.9512345195 0.2894283533 -0.1066961959 -0.1314613968 0.0674627051 -0.9890230894 -0.2790533006 0.9548193812 0.1022215113
-205.4 -518.3 2364.9 0.9512345195 0.2678276598 0.1530398577 -0.1314613968 0.8007988930 -0.5843278766 -0.2790533006 0.5357140303 0.7969565392
88.2 -484.3 2739.7 0.9984395504 -0.0438856296 -0.0345323682 -0.0387802497 -0.0999507308 -0.9942363501 0.0401811525 0.9940240979 -0.1014966592
110.7 -433.0 2229.3 0.9984395504 0.0305538736 -0.0467428453 -0.0387802497 0.9816531539 -0.1866901815 0.0401811525 0.1882115752 0.9813061953
-114.7 -430.5 2410.9 0 0 0 0 0 0 0 0 0
-13.8 -387.9 2473.2 0 0 0 0 0 0 0 0 0
-306.3 -819.8 2163.2 0 0 0 0 0 0 0 0 0
99.2 -802.6 2158.4 0 0 0 0 0 0 0 0 0
-28.4 84.3 2889.1 8 0.9984579682 -0.0482327156 0.0274825301 0.0529499985 0.9761527181 -0.2105283886 -0.0166727901 0.2116589546 0.9772013426
-18.6 -114.1 2846.1 0.9984579682 -0.0482327156 0.0274825301 0.0529499985 0.9761527181 -0.2105283886 -0.0166727901 0.2116589546 0.9772013426
-9.6 -303.8 2798.7 0.9985376000 -0.0456528813 0.0289569944 0.0513003804 0.9691486359 -0.2410791367 -0.0170576740 0.2422120869 0.9700733423
-160.8 -121.4 2848.6 -0.0493387468 -0.7111430764 -0.7013139129 0.6403362751 0.5163525343 -0.5686383247 0.7665084004 -0.4771326184 0.4298945367
-147.0 -300.4 2634.3 -0.1421159357 -0.7194193602 -0.6798815131 0.4960356951 0.5426260233 -0.6778684258 0.8565930724 -0.4335814118 0.2797418535
123.7 -106.8 2843.7 -0.0531666577 0.5920275450 0.8041620851 -0.7381583452 0.5190553665 -0.4309336543 -0.6725292206 -0.6165102720 0.4094136357
110.3 -293.0 2674.0 -0.4842436612 0.5920275450 0.6442137957 -0.3823824823 0.5190553665 -0.7644377947 -0.7869508862 -0.6165102720 -0.0249683131
-93.6 -496.0 2755.1 0.9540609121 0.2677089870 -0.1345349401 -0.1391772926 -0.0016501864 -0.9902660847 -0.2653251290 0.9634984136 0.0356846340
-198.1 -495.3 2379.0 0.9540609121 0.2650944293 0.1396162361 -0.1391772926 0.8047868013 -0.5770164132 -0.2653251290 0.5310773849 0.8047107458
87.0 -488.8 2753.6 0.9986276031 -0.0437538363 -0.0287843179 -0.0333065614 -0.1064143330 -0.9937638640 0.0404179208 0.9933587313 -0.1077255830
110.1 -432.7 2229.4 0.9986276031 0.0261429809 -0.0453814901 -0.0333065614 0.9857189655 -0.1650721133 0.0404179208 0.1663570553 0.9852368832
-110.6 -427.6 2414.5 0 0 0 0 0 0 0 0 0
-13.7 -390.9 2472.6 0 0 0 0 0 0 0 0 0
-297.9 -798.4 2179.0 0 0 0 0 0 0 0 0 0
100.2 -803.8 2166.8 0 0 0 0 0 0 0 0 0
-29.5 82.4 2887.7 9 0.9981215000 -0.0535867475 0.0296974350 0.0584730022 0.9779053330 -0.2007039636 -0.0182862077 0.2020634264 0.9792017341
-18.6 -115.8 2846.8 0.9981215000 -0.0535867475 0.0296974350 0.0584730022 0.9779053330 -0.2007039636 -0.0182862077 0.2020634264 0.9792017341
-8.2 -305.9 2800.9 0.9981013536 -0.0529513806 0.0314617604 0.0588414557 0.9707012177 -0.2329738885 -0.0182036813 0.2343828231 0.9719739556
-160.8 -124.2 2849.4 -0.0532148778 -0.7161756158 -0.6958884001 0.6309399605 0.5160362124 -0.5793284178 0.7740045190 -0.4698927104 0.4244029820
-145.9 -301.5 2631.9 -0.1896250397 -0.7221883535 -0.6651964188 0.4657668173 0.5302455425 -0.7084496617 0.8643515706 -0.4441662133 0.2358235568
123.6 -107.5 2844.2 -0.0461880229 0.5714223385 0.8193553686 -0.7378021479 0.5334478617 -0.4136198163 -0.6734349132 -0.6236264706 0.3969577253
111.9 -294.5 2673.5 -0.4770247042 0.5714223385 0.6677753925 -0.4024398923 0.5334478617 -0.7439593673 -0.7813383341 -0.6236264706 -0.0245046746
-90.8 -498.1 2752.8 0.9522536993 0.2706876397 -0.1412130743 -0.1486107856 0.0069215437 -0.9888715148 -0.2666978836 0.9626423717 0.0468181670
-196.6 -500.8 2376.4 0.9522536993 0.2758427858 0.1308574975 -0.1486107856 0.7931877971 -0.5905658007 -0.2666978836 0.5429216623 0.7963091731
89.7 -488.9 2749.8 0.9990771413 -0.0374734476 -0.0209915973 -0.0249028634 -0.1071614325 -0.9939296842 0.0349964835 0.9935351610 -0.1079957262
109.3 -432.8 2229.5 0.9990771413 0.0182000306 -0.0389058515 -0.0249028634 0.9834550619 -0.1794323474 0.0349964835 0.1802356243 0.9830006957
-97.3 -420.8 2410.4 0 0 0 0 0 0 0 0 0
-10.2 -397.5 2473.4 0 0 0 0 0 0 0 0 0
-300.5 -799.5 2172.0 0 0 0 0 0 0 0 0 0
102.4 -803.1 2161.6 0 0 0 0 0 0 0 0 0
-25.4 79.1 2899.0 0 0.9989755750 -0.0291595012 0.0346050374 0.0366940573 0.9694951177 -0.2423483878 -0.0264826566 0.2433699220 0.9695719481
-19.5 -116.7 2849.8 0.9989755750 -0.0291595012 0.0346050374 0.0366940573 0.9694951177 -0.2423483878 -0.0264826566 0.2433699220 0.9695719481
-13.8 -304.8 2796.4 0.9989421964 -0.0292254686 0.0355022214 0.0377990752 0.9615483284 -0.2720221281 -0.0261871256 0.2730763257 0.9616358876
-161.8 -122.1 2853.6 -0.0598095283 -0.7069519162 -0.7047281861 0.6275716424 0.5223843455 -0.5772940516 0.7762581110 -0.4767951071 0.4124194384
-144.8 -301.2 2632.1 -0.2101603597 -0.7128642201 -0.6690719128 0.4542568624 0.5347994566 -0.7124887705 0.8657270670 -0.4536674023 0.2114298195
122.8 -111.3 2846.0 -0.0231600683 0.5098833442 0.8599317670 -0.7212957740 0.5870761871 -0.3675240874 -0.6922398210 -0.6287770271 0.3541799784
116.9 -294.4 2670.4 -0.4994010627 0.5098833442 0.7004409432 -0.3931389451 0.5870761871 -0.7076604366 -0.7720364928 -0.6287770271 -0.0927314684
-88.0 -501.2 2756.6 0.9510067701 0.2697052956 -0.1511461884 -0.1529496163 -0.0144443437 -0.9881284237 -0.2686866820 0.9628345966 0.0275146514
-193.5 -495.6 2379.9 0.9510067701 0.2804003060 0.1302373856 -0.1529496163 0.7927824259 -0.5900020599 -0.2686866820 0.5411761999 0.7968286276
92.4 -490.6 2753.3 0.9993234277 -0.0319110118 -0.0182844978 -0.0216891561 -0.1098346710 -0.9937132001 0.0297021214 0.9934374690 -0.1104524881
109.2 -432.6 2229.0 0.9993234277 0.0160295535 -0.0331011936 -0.0216891561 0.9837150574 -0.1784216315 0.0297021214 0.1790188551 0.9833971858
-90.9 -417.7 2410.1 0 0 0 0 0 0 0 0 0
-10.9 -395.0 2472.7 0 0 0 0 0 0 0 0 0
-299.1 -794.1 2176.1 0 0 0 0 0 0 0 0 0
103.2 -803.1 2161.6 0 0 0 0 0 0 0 0 0
-29.0 84.9 2892.1 1 0.9986346960 -0.0256554559 0.0455033071 0.0351143889 0.9746109247 -0.2211346626 -0.0386747122 0.2224305570 0.9741811752
-23.8 -113.0 2847.0 0.9986346960 -0.0256554559 0.0455033071 0.0351143889 0.9746109247 -0.2211346626 -0.0386747122 0.2224305570 0.9741811752
-19.5 -301.9 2796.3 0.9986768365 -0.0221517272 0.0464096516 0.0334035307 0.9655893445 -0.2579175234 -0.0390993468 0.2591265142 0.9650516510
-166.1 -117.7 2852.6 -0.0651120618 -0.7098854184 -0.7013010383 0.6431483030 0.5074943900 -0.5734193325 0.7629683018 -0.4883770943 0.4235176146
-147.6 -300.5 2635.8 -0.2375741601 -0.7161940336 -0.6562199593 0.4471467435 0.5190970898 -0.7284215689 0.8623330593 -0.4664807618 0.1969197690
118.5 -108.2 2841.4 -0.0189010967 0.5843363404 0.8112914562 -0.7393061519 0.5381104946 -0.4048005342 -0.6731041074 -0.6074439287 0.4218325615
113.8 -291.0 2674.9 -0.4630300105 0.5843363404 0.6664490104 -0.3936465979 0.5381104946 -0.7453049421 -0.7941319346 -0.6074439287 -0.0191393141
-98.3 -496.4 2745.4 0.9540272355 0.2573623359 -0.1536121964 -0.1692173630 0.0394876115 -0.9847874045 -0.2473814040 0.9655078053 0.0812224299
-198.9 -511.8 2368.0 0.9540272355 0.2802629173 0.1062297821 -0.1692173630 0.7962005734 -0.5808873177 -0.2473814040 0.5362064242 0.8070223927
82.2 -489.5 2740.6 0.9985668659 -0.0507981703 -0.0168468822 -0.0224384535 -0.1115968004 -0.9935002327 0.0485879332 0.9924544096 -0.1125767007
108.4 -432.0 2229.2 0.9985668659 0.0132807363 -0.0518448986 -0.0224384535 0.9833595157 -0.1802791953 0.0485879332 0.1811841428 0.9822481871
-86.7 -415.2 2414.6 0 0 0 0 0 0 0 0 0
-4.7 -391.7 2471.8 0 0 0 0 0 0 0 0 0
-304.5 -811.7 2166.0 0 0 0 0 0 0 0 0 0
103.4 -802.4 2160.9 0 0 0 0 0 0 0 0 0
-25.5 80.2 2900.7 2 0.9995158911 -0.0000612065 0.0311133135 0.0078582224 0.9680740833 -0.2505411506 -0.0301046558 0.2506643534 0.9676058292
-25.5 -117.0 2849.6 0.9995158911 -0.0000612065 0.0311133135 0.0078582224 0.9680740833 -0.2505411506 -0.0301046558 0.2506643534 0.9676058292
-25.7 -304.8 2794.4 0.9995157719 0.0011671613 0.0310952272 0.0076546906 0.9593662620 -0.2820599675 -0.0301609207 0.2821613848 0.9588927031
-167.9 -118.1 2854.0 -0.0752856433 -0.6903566122 -0.7195414305 0.6352444887 0.5230114460 -0.5682635903 0.7686328888 -0.4998667836 0.3991699517
-146.3 -299.8 2634.1 -0.2253868580 -0.6969124079 -0.6808184981 0.4666019082 0.5362309813 -0.7033768296 0.8552680612 -0.4762031138 0.2043212503
116.9 -116.0 2845.3 -0.0200454071 0.5804161429 0.8140732646 -0.7233388424 0.5536818504 -0.4125740528 -0.6902022362 -0.5971210003 0.4087387621
112.0 -293.4 2675.9 -0.4690007865 0.5804161429 0.6656991243 -0.3721546233 0.5536818504 -0.7449411750 -0.8009614348 -0.5971210003 -0.0436726660
-105.4 -493.9 2749.1 0.9557660222 0.2332191616 -0.1792209148 -0.1905538738 0.0268141124 -0.9813104868 -0.2240547538 0.9720544219 0.0700688362
-196.6 -504.4 2368.9 0.9557660222 0.2828840911 0.0805475637 -0.1905538738 0.8041411638 -0.5630686283 -0.2240547538 0.5228132010 0.8224754333
75.1 -487.9 2742.0 0.9976958036 -0.0652928352 -0.0184358060 -0.0253370330 -0.1064993814 -0.9939898849 0.0629370138 0.9921666980 -0.1079083160
108.9 -432.9 2229.2 0.9976958036 0.0134401871 -0.0665010884 -0.0253370330 0.9830756187 -0.1814396083 0.0629370138 0.1827064902 0.9811509848
-88.5 -419.5 2414.7 0 0 0 0 0 0 0 0 0
-8.0 -388.7 2471.0 0 0 0 0 0 0 0 0 0
-303.1 -807.3 2172.0 0 0 0 0 0 0 0 0 0
103.8 -803.1 2160.4 0 0 0 0 0 0 0 0 0
-26.4 81.7 2904.5 3 0.9992328286 -0.0038448183 0.0389747433 0.0137413843 0.9663205147 -0.2569744885 -0.0366740748 0.2573128939 0.9656319618
-25.6 -116.1 2851.8 0.9992328286 -0.0038448183 0.0389747433 0.0137413843 0.9663205147 -0.2569744885 -0.0366740748 0.2573128939 0.9656319618
-26.7 -303.8 2796.1 0.9992237687 0.0059318379 0.0389451347 0.0053887018 0.9587246776 -0.2842849791 -0.0390239954 0.2842741907 0.9579485059
-168.0 -116.9 2857.4 -0.0726243854 -0.6932600141 -0.7170190215 0.6334313750 0.5232474804 -0.5700673461 0.7703832984 -0.4955831170 0.4011321068
-147.0 -300.0 2634.6 -0.2219787538 -0.6957553625 -0.6831177473 0.4856017828 0.5286456943 -0.6962216496 0.8455272317 -0.4862696230 0.2205119431
116.8 -115.3 2846.2 -0.0291047879 0.5836309791 0.8114972711 -0.7223835588 0.5488412380 -0.4206367433 -0.6908798218 -0.5984548330 0.4056315124
109.5 -296.5 2672.9 -0.4725941122 0.5836309791 0.6603254676 -0.3697338998 0.5488412380 -0.7497133613 -0.7999697924 -0.5984548330 -0.0435909964
-116.2 -493.2 2741.9 0.9581670761 0.2191875130 -0.1840453148 -0.2029595226 0.0669570118 -0.9768951535 -0.2018000931 0.9733825326 0.1086421981
-201.9 -519.3 2361.2 0.9581670761 0.2812561691 0.0530171655 -0.2029595226 0.7983133197 -0.5670126081 -0.2018000931 0.5325325131 0.8220011592
64.5 -491.8 2736.4 0.9958739281 -0.0877242088 -0.0232278835 -0.0332886912 -0.1150262952 -0.9928045273 0.0844211802 0.9894813895 -0.1174719110
109.3 -432.9 2230.1 0.9958739281 0.0157407038 -0.0893717110 -0.0332886912 0.9795531034 -0.1984127313 0.0844211802 0.2005691379 0.9760354161
-90.0 -424.6 2417.7 0 0 0 0 0 0 0 0 0
-11.5 -391.2 2468.1 0 0 0 0 0 0 0 0 0
-307.8 -820.0 2160.7 0 0 0 0 0 0 0 0 0
103.4 -801.8 2154.6 0 0 0 0 0 0 0 0 0
-26.1 87.3 2904.9 4 0.9992104769 -0.0220571198 0.0330441035 0.0298370458 0.9658030272 -0.2575544715 -0.0262331869 0.2583370507 0.9656985998
-21.6 -110.3 2852.0 0.9992104769 -0.0220571198 0.0330441035 0.0298370458 0.9658030272 -0.2575544715 -0.0262331869 0.2583370507 0.9656985998
-18.6 -297.6 2795.1 0.9993155599 -0.0152993258 0.0336803198 0.0244296789 0.9566252232 -0.2902952433 -0.0277781226 0.2909193635 0.9563442469
-164.0 -113.7 2856.0 -0.0553924739 -0.6982144713 -0.7137423754 0.6459580660 0.5200279355 -0.5588462353 0.7613605261 -0.4920035303 0.4222116470
-148.2 -297.7 2639.2 -0.1996370852 -0.6990925670 -0.6865963936 0.5132682920 0.5222733617 -0.6810184717 0.8346859813 -0.4883646965 0.2545569241
120.7 -106.8 2848.1 -0.0488114990 0.6321545243 0.7733033895 -0.7382096648 0.4986905158 -0.4542623162 -0.6728030443 -0.5930332541 0.4423207641
108.3 -294.7 2676.9 -0.4584864974 0.6321545243 0.6246365309 -0.3762489855 0.4986905158 -0.7808613777 -0.8051253557 -0.5930332541 0.0092046345
-118.2 -492.0 2744.0 0.9583702683 0.2113756835 -0.1919549555 -0.2096879482 0.0647330731 -0.9756231904 -0.1937971860 0.9752588868 0.1063611880
-200.9 -517.3 2362.3 0.9583702683 0.2821430564 0.0438369028 -0.2096879482 0.7996745110 -0.5626292229 -0.1937971860 0.5300150514 0.8255463243
62.4 -491.0 2736.9 0.9951356053 -0.0933981016 -0.0313351303 -0.0420831069 -0.1154269651 -0.9924241304 0.0890736058 0.9889152646 -0.1187959686
110.1 -432.1 2232.1 0.9951356053 0.0233236086 -0.0957136601 -0.0420831069 0.9791058898 -0.1989487708 0.0890736058 0.2020089328 0.9753246903
-97.0 -429.4 2425.0 0 0 0 0 0 0 0 0 0
-9.1 -391.0 2470.7 0 0 0 0 0 0 0 0 0
-307.2 -818.5 2162.7 0 0 0 0 0 0 0 0 0
101.3 -800.8 2156.0 0 0 0 0 0 0 0 0 0
-27.9 87.1 2906.6 5 0.9983848333 -0.0293210596 0.0486621894 0.0409107357 0.9653645158 -0.2576774061 -0.0394213758 0.2592520416 0.9650048614
-21.9 -109.2 2853.9 0.9983848333 -0.0293210596 0.0486621894 0.0409107357 0.9653645158 -0.2576774061 -0.0394213758 0.2592520416 0.9650048614
-17.3 -296.5 2796.9 0.9984951019 -0.0235460047 0.0495290831 0.0369021222 0.9565594196 -0.2891924083 -0.0405681878 0.2905849516 0.9559888244
-164.2 -114.4 2859.6 -0.0595238432 -0.7110337019 -0.7006340027 0.6383785009 0.5124762654 -0.5743178725 0.7674176097 -0.4814552665 0.4234040678
-147.1 -297.7 2639.3 -0.1815318018 -0.7129082680 -0.6773536801 0.5152628422 0.5177198052 -0.6829863787 0.8375860453 -0.4729989469 0.2733525336
120.4 -103.9 2848.1 -0.0267050974 0.6265072227 0.7789579630 -0.7491994500 0.5033431053 -0.4305181503 -0.6618058681 -0.5950919390 0.4559370279
113.7 -291.7 2682.2 -0.4612680376 0.6265072227 0.6282678843 -0.3760022819 0.5033431053 -0.7779896855 -0.8036504984 -0.5950919390 0.0033920428
-105.9 -487.0 2740.7 0.9572455287 0.2482970655 -0.1484235376 -0.1737372279 0.0832302272 -0.9812686443 -0.2312927842 0.9651017189 0.1228102073
-203.0 -519.6 2363.1 0.9572455287 0.2746635973 0.0907793418 -0.1737372279 0.7967842221 -0.5787488222 -0.2312927842 0.5382329822 0.8104374409
74.7 -482.6 2735.6 0.9972062707 -0.0685261711 -0.0297282133 -0.0364656821 -0.0992656052 -0.9943925738 0.0651909262 0.9926986098 -0.1014871448
109.4 -432.3 2232.1 0.9972062707 0.0218775272 -0.0714211240 -0.0364656821 0.9770514965 -0.2098585665 0.0651909262 0.2118767053 0.9751197100
-100.5 -430.0 2424.3 0 0 0 0 0 0 0 0 0
-4.5 -388.0 2476.4 0 0 0 0 0 0 0 0 0
-306.5 -819.7 2160.4 0 0 0 0 0 0 0 0 0
101.2 -800.3 2152.3 0 0 0 0 0 0 0 0 0
-29.0 86.6 2907.9 6 0.9982867837 -0.0301335044 0.0501544438 0.0422366969 0.9643315673 -0.2613057792 -0.0404914543 0.2629764676 0.9639521837
-22.9 -109.3 2854.5 0.9982867837 -0.0301335044 0.0501544438 0.0422366969 0.9643315673 -0.2613057792 -0.0404914543 0.2629764676 0.9639521837
-18.0 -296.1 2796.2 0.9983734488 -0.0251462571 0.0511672124 0.0392281935 0.9542406797 -0.2964555621 -0.0413710885 0.2979805470 0.9536750317
-165.2 -114.9 2860.4 -0.0607010908 -0.7125961781 -0.6989435554 0.6316610575 0.5147626996 -0.5796754956 0.7728645802 -0.4766823649 0.4188725948
-147.9 -294.7 2640.4 -0.1785986423 -0.7130897045 -0.6779421568 0.5205820203 0.5161953568 -0.6801005006 0.8349232674 -0.4743895531 0.2790299058
119.3 -103.7 2848.6 -0.0244005546 0.6378389001 0.7697831392 -0.7475597858 0.4996033609 -0.4376652539 -0.6637461782 -0.5861381888 0.4646321237
113.2 -290.9 2682.4 -0.4466883540 0.6378389001 0.6274002194 -0.3799953759 0.4996033609 -0.7784600258 -0.8099833727 -0.5861381888 0.0192088224
-102.9 -487.1 2743.7 0.9562723041 0.2505007982 -0.1509723812 -0.1736730188 0.0710080490 -0.9822400808 -0.2353316694 0.9655087590 0.1114082560
-200.9 -514.9 2365.8 0.9562723041 0.2770670652 0.0936864913 -0.1736730188 0.7956476212 -0.5803296566 -0.2353316694 0.5386824012 0.8089748621
77.6 -480.5 2736.4 0.9976744652 -0.0626840964 -0.0267649461 -0.0324320793 -0.0912099928 -0.9953033924 0.0599484630 0.9938568473 -0.0930308551
109.5 -434.0 2229.7 0.9976744652 0.0204856414 -0.0650076643 -0.0324320793 0.9815523624 -0.1884228438 0.0599484630 0.1900929958 0.9799340963
-102.1 -428.3 2426.1 0 0 0 0 0 0 0 0 0
-1.1 -388.2 2475.0 0 0 0 0 0 0 0 0 0
-305.3 -814.6 2162.9 0 0 0 0 0 0 0 0 0
101.8 -803.6 2158.1 0 0 0 0 0 0 0 0 0
-30.6 85.9 2908.6 7 0.9990116358 -0.0348313004 0.0276142824 0.0409140140 0.9633798003 -0.2650007904 -0.0173727199 0.2658686936 0.9638527036
-23.5 -109.7 2854.6 0.9990116358 -0.0348313004 0.0276142824 0.0409140140 0.9633798003 -0.2650007904 -0.0173727199 0.2658686936 0.9638527036
-18.1 -296.4 2795.8 0.9992029071 -0.0277046822 0.0287410691 0.0350517519 0.9534401298 -0.2995384634 -0.0191042721 0.3003071249 0.9536512494
-165.9 -114.7 2857.3 -0.0695571452 -0.6991667747 -0.7115669847 0.6414315104 0.5149491429 -0.5686765909 0.7640205622 -0.4959770143 0.4126492143
-146.5 -293.2 2644.7 -0.1596311927 -0.7059742808 -0.6900131702 0.5170301199 0.5356494188 -0.6676522493 0.8409504890 -0.4633357525 0.2795036137
118.9 -104.7 2851.9 0.0087748580 0.5759959817 0.8174054623 -0.7373654842 0.5558755398 -0.3837896883 -0.6754369736 -0.5993588567 0.4295972884
121.1 -293.6 2678.9 -0.4762715697 0.5759959817 0.6643749475 -0.3676966131 0.5558755398 -0.7455210090 -0.7987268567 -0.5993588567 -0.0529559515
-103.3 -486.5 2741.5 0.9565443397 0.2582242489 -0.1354370564 -0.1622868776 0.0855706334 -0.9830262661 -0.2422517687 0.9622878432 0.1237585098
-204.4 -520.1 2364.8 0.9565443397 0.2725330293 0.1036759242 -0.1622868776 0.7929885983 -0.5872240067 -0.2422517687 0.5448805690 0.8027572632
77.2 -479.5 2734.1 0.9974793792 -0.0654427260 -0.0274257269 -0.0331075042 -0.0873789638 -0.9956248403 0.0627599731 0.9940232038 -0.0893253610
110.5 -435.0 2228.4 0.9974793792 0.0206341129 -0.0678907558 -0.0331075042 0.9815931320 -0.1880926192 0.0627599731 0.1898662001 0.9798020124
-105.5 -426.0 2428.8 0 0 0 0 0 0 0 0 0
-0.8 -387.7 2474.5 0 0 0 0 0 0 0 0 0
-307.1 -818.7 2159.5 0 0 0 0 0 0 0 0 0
102.7 -804.7 2156.9 0 0 0 0 0 0 0 0 0
-31.0 87.7 2907.4 8 0.9985208511 -0.0340577252 0.0423809104 0.0439797938 0.9642529488 -0.2613082230 -0.0319663584 0.2627856135 0.9643245935
-24.1 -108.2 2854.1 0.9985208511 -0.0340577252 0.0423809104 0.0439797938 0.9642529488 -0.2613082230 -0.0319663584 0.2627856135 0.9643245935
-18.6 -295.1 2795.9 0.9986622334 -0.0279596150 0.0434967652 0.0396058299 0.9544191360 -0.2958301604 -0.0332428478 0.2971571386 0.9542497396
-166.4 -113.8 2858.8 -0.0715813562 -0.7084316015 -0.7021401525 0.6362658143 0.5096894503 -0.5791221261 0.7681418657 -0.4882021248 0.4142665565
-145.9 -296.0 2638.8 -0.1514208913 -0.7161935568 -0.6812770963 0.5099497437 0.5338237286 -0.6745246053 0.8467720747 -0.4495542049 0.2843906581
118.2 -102.5 2849.3 0.0276223235 0.5455594063 0.8376168609 -0.7369032502 0.5772999525 -0.3517078459 -0.6754336357 -0.6075275540 0.4179708362
125.3 -291.8 2675.9 -0.4867766798 0.5455594063 0.6822121739 -0.3718176484 0.5772999525 -0.7269638181 -0.7904429436 -0.6075275540 -0.0781675279
-102.9 -486.3 2738.7 0.9562244415 0.2650216818 -0.1240899190 -0.1550381780 0.0991654098 -0.9829187989 -0.2481893599 0.9591296911 0.1359128654
-206.7 -525.2 2363.1 0.9562244415 0.2718648314 0.1082788035 -0.1550381780 0.7844704390 -0.6004742384 -0.2481893599 0.5574008226 0.7922792435
77.6 -480.0 2735.3 0.9975717068 -0.0640289858 -0.0274035539 -0.0330371708 -0.0886521563 -0.9955146313 0.0613124035 0.9940025806 -0.0905522183
110.4 -434.7 2227.6 0.9975717068 0.0215860922 -0.0662171170 -0.0330371708 0.9836469293 -0.1770517081 0.0613124035 0.1788093895 0.9819715023
-107.0 -426.9 2421.4 0 0 0 0 0 0 0 0 0
0.6 -387.0 2473.5 0 0 0 0 0 0 0 0 0
-309.1 -820.6 2153.2 0 0 0 0 0 0 0 0 0
102.2 -805.2 2160.2 0 0 0 0 0 0 0 0 0
-30.3 88.3 2907.4 9 0.9971961975 -0.0434710272 0.0609101690 0.0579339117 0.9636798501 -0.2607007027 -0.0473649763 0.2634985149 0.9634962678
-21.5 -107.1 2853.9 0.9971961975 -0.0434710272 0.0609101690 0.0579339117 0.9636798501 -0.2607007027 -0.0473649763 0.2634985149 0.9634962678
-14.0 -293.9 2795.5 0.9973042607 -0.0386056155 0.0624007955 0.0554094948 0.9537272453 -0.2955234349 -0.0481044725 0.2981843650 0.9532953501
-163.6 -115.0 2860.8 -0.0569417924 -0.7241864204 -0.6872493625 0.6357717514 0.5044452548 -0.5842338800 0.7697739005 -0.4702010751 0.4316932559
-147.4 -296.2 2641.4 -0.1610833108 -0.7281409502 -0.6662303805 0.5100733042 0.5164808631 -0.6878028512 0.8449126482 -0.4506199062 0.2882088423
