110.7 -5.1 2955.4 1 0.9999337792 -0.0108235897 0.0039032141 0.0113498429 0.8722040653 -0.4890104532 0.0018884492 0.4890223742 0.8722692132
112.9 -180.6 2857.1 0.9999337792 -0.0108235897 0.0039032141 0.0113498429 0.8722040653 -0.4890104532 0.0018884492 0.4890223742 0.8722692132
114.5 -344.6 2753.4 0.9999541044 -0.0085057355 0.0044117398 0.0095471274 0.8453069925 -0.5341956019 0.0008144520 0.5342131853 0.8453493714
-23.5 -181.9 2857.0 0.3443667889 -0.9134376049 -0.2168945670 0.9171662927 0.2779687941 0.2855509818 -0.2005430907 -0.2972626388 0.9334973693
-98.4 -381.4 2900.6 0.1279575527 -0.9134376049 -0.3863399923 0.8895263672 0.2779687941 -0.3625965118 0.4385997653 -0.2972626388 0.8480949998
249.2 -179.3 2857.2 0.4991559982 0.7605446577 0.4152290225 -0.8401277661 0.3074232340 0.4468515515 0.2121995091 -0.5718940496 0.7924067974
372.4 -386.5 2909.5 -0.2201521844 0.7605446577 0.6108230948 -0.7065284848 0.3074232340 -0.6374232769 -0.6725700498 -0.5718940496 0.4696665704
25.2 -514.6 2655.1 0.9680820107 0.2495901287 -0.0228463896 -0.0163975935 -0.0278865788 -0.9994766116 -0.2500966191 0.9679499269 -0.0229038186
-85.2 -502.2 2226.9 0.9680820107 0.0566335991 0.2441512346 -0.0163975935 0.9863607287 -0.1637793779 -0.2500966191 0.1545483768 0.9558067322
204.0 -507.5 2647.4 0.9704214334 -0.2397053987 0.0286969990 0.0312340967 0.0067912643 -0.9994890094 0.2393880337 0.9708219171 0.0140773701
306.4 -510.4 2232.6 0.9704214334 -0.0568920225 -0.2346177697 0.0312340967 0.9932551980 -0.1116627157 0.2393880337 0.1010318249 0.9656531215
-130.9 -606.9 2789.4 0 0 0 0 0 0 0 0 0
316.5 -565.8 2738.8 0 0 0 0 0 0 0 0 0
-106.3 -870.4 2169.2 0 0 0 0 0 0 0 0 0
327.4 -877.9 2195.2 0 0 0 0 0 0 0 0 0
110.4 -7.7 2955.2 2 0.9998595119 -0.0155508677 0.0062586539 0.0166068617 0.8680630326 -0.4961761534 0.0022830635 0.4962103665 0.8681992888
113.5 -181.8 2855.7 0.9998595119 -0.0155508677 0.0062586539 0.0166068617 0.8680630326 -0.4961761534 0.0022830635 0.4962103665 0.8681992888
116.2 -345.2 2751.0 0.9998755455 -0.0141334841 0.0070077209 0.0156810973 0.8419501781 -0.5393273234 0.0017224218 0.5393701196 0.8420670629
-23.0 -183.9 2855.5 0.3694062531 -0.8881168365 -0.2734730244 0.9024569392 0.2726806104 0.3334917724 -0.2216088623 -0.3699916005 0.9022171497
-100.7 -373.8 2902.1 0.0995382592 -0.8881168365 -0.4487099349 0.9000031948 0.2726806104 -0.3400581479 0.4243658781 -0.3699916005 0.8264501095
250.0 -179.6 2855.9 0.5042852759 0.7590955496 0.4116677046 -0.8381544352 0.3155293465 0.4449026287 0.2078303546 -0.5693989992 0.7953560948
374.4 -386.5 2907.2 -0.2154643387 0.7590955496 0.6142874360 -0.7035998702 0.3155293465 -0.6367012858 -0.6771427989 -0.5693989992 0.4661141932
26.7 -509.6 2649.6 0.9664499164 0.2565376461 -0.0127656767 -0.0087113874 -0.0169341303 -0.9998186827 -0.2567073107 0.9663859010 -0.0141311903
-85.4 -502.2 2227.2 0.9664499164 0.0518685803 0.2515634894 -0.0087113874 0.9854540825 -0.1697185338 -0.2567073107 0.1618330032 0.9528438449
205.6 -507.9 2649.7 0.9717173576 -0.2344056964 0.0286244303 0.0300654024 0.0025753602 -0.9995446205 0.2342252284 0.9721354246 0.0095500238
306.2 -509.0 2232.4 0.9717173576 -0.0539898276 -0.2298923433 0.0300654024 0.9938763976 -0.1063286439 0.2342252284 0.0964095816 0.9673901796
-126.0 -602.0 2794.5 0 0 0 0 0 0 0 0 0
319.7 -565.1 2735.3 0 0 0 0 0 0 0 0 0
-104.7 -870.0 2166.8 0 0 0 0 0 0 0 0 0
326.3 -878.3 2196.5 0 0 0 0 0 0 0 0 0
110.6 -6.5 2956.6 3 0.9997173548 -0.0157620180 -0.0177987926 0.0048136422 0.8673311472 -0.4977082908 0.0232823342 0.4974819422 0.8671618104
113.8 -180.2 2857.0 0.9997173548 -0.0157620180 -0.0177987926 0.0048136422 0.8673311472 -0.4977082908 0.0232823342 0.4974819422 0.8671618104
116.9 -343.6 2752.2 0.9997233748 -0.0162500944 -0.0170043223 0.0044925674 0.8415762186 -0.5401196480 0.0230874289 0.5398938656 0.8414164186
-22.7 -180.9 2853.8 0.3702193797 -0.8834152818 -0.2872543633 0.9026040435 0.2689762115 0.3360918164 -0.2196440399 -0.3837046623 0.8969544172
-102.0 -374.1 2900.8 0.0889037624 -0.8834152818 -0.4600799680 0.9001831412 0.2689762115 -0.3425230980 0.4263406992 -0.3837046623 0.8191485405
250.3 -179.6 2860.1 0.4903396368 0.7745670676 0.3995158076 -0.8439146876 0.3074932098 0.4396088719 0.2176581621 -0.5527148843 0.8044446111
371.3 -387.9 2913.8 -0.2088158578 0.7745670676 0.5970274210 -0.7005482912 0.3074932098 -0.6439565420 -0.6823694110 -0.5527148843 0.4784121811
29.5 -510.0 2646.1 0.9641676545 0.2647126317 -0.0175491571 -0.0135185681 -0.0170405116 -0.9997634292 -0.2649490535 0.9641767740 -0.0128513752
-86.3 -502.6 2224.4 0.9641676545 0.0547348857 0.2595859170 -0.0135185681 0.9873504043 -0.1579760164 -0.2649490535 0.1488061249 0.9527112842
208.5 -507.2 2646.4 0.9731215239 -0.2277126461 0.0343717001 0.0357363373 0.0018712822 -0.9993594885 0.2275024801 0.9737265706 0.0099586016
305.3 -508.0 2232.5 0.9731215239 -0.0579605848 -0.2228789628 0.0357363373 0.9940921664 -0.1024877429 0.2275024801 0.0917681530 0.9694437981
-124.5 -602.5 2792.7 0 0 0 0 0 0 0 0 0
318.3 -565.7 2740.6 0 0 0 0 0 0 0 0 0
-106.8 -871.1 2168.8 0 0 0 0 0 0 0 0 0
326.8 -878.3 2198.3 0 0 0 0 0 0 0 0 0
112.5 -4.4 2958.3 4 0.9998384714 -0.0169704985 -0.0059181629 0.0117667923 0.8669895530 -0.4981873631 0.0135854734 0.4980372488 0.8670492172
115.9 -177.8 2858.7 0.9998384714 -0.0169704985 -0.0059181629 0.0117667923 0.8669895530 -0.4981873631 0.0135854734 0.4980372488 0.8670492172
118.7 -341.3 2754.1 0.9998865128 -0.0141462833 -0.0051792068 0.0091273487 0.8423960805 -0.5387815237 0.0119847003 0.5386731029 0.8424295783
-20.6 -179.0 2857.0 0.3833303452 -0.8764731884 -0.2912946939 0.9001615047 0.2839136720 0.3303063810 -0.2068021446 -0.3888287246 0.8978001475
-102.9 -372.2 2901.4 0.1248748973 -0.8764731884 -0.4649742246 0.9140394330 0.2839136720 -0.2896980643 0.3859251142 -0.3888287246 0.8365847468
252.5 -176.5 2860.3 0.4966655672 0.7669557333 0.4063277245 -0.8412273526 0.3101138771 0.4429062009 0.2136815935 -0.5617902875 0.7992070317
375.1 -384.2 2913.1 -0.2131920457 0.7669557333 0.6052504182 -0.7026037574 0.3101138771 -0.6404508948 -0.6788939834 -0.5617902875 0.4727521837
30.6 -507.4 2645.3 0.9643377662 0.2632732987 -0.0272003356 -0.0255790837 -0.0095843757 -0.9996268749 -0.2634357512 0.9646736979 -0.0025082852
-83.8 -503.2 2226.0 0.9643377662 0.0674513057 0.2559355497 -0.0255790837 0.9862061143 -0.1635334194 -0.2634357512 0.1511548609 0.9527611732
209.6 -506.6 2649.4 0.9737940431 -0.2243793607 0.0371350832 0.0387160964 0.0026490560 -0.9992467165 0.2241119742 0.9744982719 0.0112667279
306.0 -507.7 2230.9 0.9737940431 -0.0587485991 -0.2197127938 0.0387160964 0.9947813749 -0.0943982676 0.2241119742 0.0834180489 0.9709867239
-134.5 -603.8 2803.6 0 0 0 0 0 0 0 0 0
321.0 -562.6 2740.7 0 0 0 0 0 0 0 0 0
-109.0 -871.3 2169.5 0 0 0 0 0 0 0 0 0
327.9 -878.6 2199.8 0 0 0 0 0 0 0 0 0
112.3 -1.2 2958.6 5 0.9998215437 -0.0175813194 -0.0069106324 0.0119250622 0.8711233735 -0.4909194410 0.0146510247 0.4907494187 0.8711775541
115.8 -176.4 2859.9 0.9998215437 -0.0175813194 -0.0069106324 0.0119250622 0.8711233735 -0.4909194410 0.0146510247 0.4907494187 0.8711775541
119.1 -340.5 2756.3 0.9998374581 -0.0169864986 -0.0060382090 0.0111339977 0.8452610373 -0.5342375636 0.0141786896 0.5340835452 0.8453128338
-20.8 -177.9 2858.0 0.3799609542 -0.8654302955 -0.3265885711 0.9077154994 0.2809073627 0.3116786480 -0.1779950112 -0.4148752391 0.8922983408
-103.0 -374.4 2896.5 0.1373374015 -0.8654302955 -0.4818390310 0.9293319583 0.2809073627 -0.2396520525 0.3427542746 -0.4148752391 0.8428511620
252.4 -174.9 2861.9 0.4978431165 0.7676174045 0.4036281705 -0.8390511870 0.3085568249 0.4480912983 0.2194204777 -0.5617438555 0.7976831794
375.3 -382.0 2916.0 -0.2103565931 0.7676174045 0.6054036617 -0.7066306472 0.3085568249 -0.6367619634 -0.6755909920 -0.5617438555 0.4775150716
31.9 -505.7 2648.5 0.9648009539 0.2613899708 -0.0288852323 -0.0286573414 -0.0046842755 -0.9995782971 -0.2614150345 0.9652219415 0.0029713474
-82.3 -503.6 2227.0 0.9648009539 0.0708536208 0.2532564402 -0.0286573414 0.9856126308 -0.1665726453 -0.2614150345 0.1534518003 0.9529505372
211.0 -504.0 2650.6 0.9748821259 -0.2203935385 0.0321169905 0.0342377312 0.0058083902 -0.9993968606 0.2200740576 0.9753937125 0.0132082701
306.2 -506.5 2228.9 0.9748821259 -0.0507194549 -0.2168694288 0.0342377312 0.9962790608 -0.0790935829 0.2200740576 0.0696818084 0.9729911685
-137.8 -609.9 2809.7 0 0 0 0 0 0 0 0 0
321.9 -561.4 2744.6 0 0 0 0 0 0 0 0 0
-108.7 -871.5 2169.7 0 0 0 0 0 0 0 0 0
325.2 -878.2 2202.9 0 0 0 0 0 0 0 0 0
111.7 -2.5 2957.8 6 0.9997649193 -0.0202572700 0.0077296072 0.0214628056 0.8740876317 -0.4852938354 0.0030743740 0.4853456616 0.8743169308
115.7 -177.6 2860.6 0.9997649193 -0.0202572700 0.0077296072 0.0214628056 0.8740876317 -0.4852938354 0.0030743740 0.4853456616 0.8743169308
119.4 -342.8 2758.7 0.9997793436 -0.0191509873 0.0086294124 0.0208306108 0.8510424495 -0.5246835947 0.0027042131 0.5247476101 0.8512535691
-20.9 -180.4 2860.2 0.3862849772 -0.8589060307 -0.3362503946 0.9034153223 0.2787651718 0.3257770538 -0.1860769987 -0.4296165407 0.8836317062
-103.3 -373.3 2900.0 0.1031440198 -0.8589060307 -0.5016390085 0.9158462286 0.2787651718 -0.2889907658 0.3880554140 -0.4296165407 0.8153788447
252.3 -174.7 2860.9 0.5084149837 0.7582181692 0.4081903696 -0.8317109346 0.3095703125 0.4608938694 0.2230944932 -0.5738217235 0.7880085707
377.8 -380.1 2916.0 -0.2110376358 0.7582181692 0.6169021726 -0.7161915302 0.3095703125 -0.6254885197 -0.6652314067 -0.5738217235 0.4776984751
32.9 -505.5 2651.3 0.9652488828 0.2599645853 -0.0267028157 -0.0265575331 -0.0040718913 -0.9996389747 -0.2599794865 0.9656095505 0.0029736299
-81.9 -503.7 2225.2 0.9652488828 0.0689646602 0.2520684600 -0.0265575331 0.9854436517 -0.1679153293 -0.2599794865 0.1553857625 0.9530298710
212.0 -503.6 2653.9 0.9763832688 -0.2144357711 0.0263258591 0.0282163769 0.0057595666 -0.9995852709 0.2141952068 0.9767211080 0.0116741452
305.7 -506.1 2227.1 0.9763832688 -0.0416289419 -0.2119971216 0.0282163769 0.9974268079 -0.0659057349 0.2141952068 0.0583674647 0.9750454426
-129.5 -605.2 2801.7 0 0 0 0 0 0 0 0 0
324.2 -561.9 2747.2 0 0 0 0 0 0 0 0 0
-107.6 -871.6 2167.2 0 0 0 0 0 0 0 0 0
321.2 -878.2 2205.4 0 0 0 0 0 0 0 0 0
112.6 -5.2 2955.9 7 0.9998890758 -0.0146767572 -0.0025401842 0.0115085356 0.8695082664 -0.4937843084 0.0094558634 0.4937002957 0.8695806861
115.6 -179.1 2857.2 0.9998890758 -0.0146767572 -0.0025401842 0.0115085356 0.8695082664 -0.4937843084 0.0094558634 0.4937002957 0.8695806861
118.6 -343.1 2753.5 0.9998781681 -0.0155008985 -0.0018264299 0.0121266367 0.8451828361 -0.5343397260 0.0098264134 0.5342525244 0.8452678323
-21.0 -180.7 2855.8 0.3812125921 -0.8668220043 -0.3213977814 0.9066312313 0.2825329006 0.3133608103 -0.1808226109 -0.4108463526 0.8935930133
-103.8 -377.7 2895.1 0.0845672563 -0.8668220043 -0.4913938940 0.8953373432 0.2825329006 -0.3443053365 0.4372863770 -0.4108463526 0.7999911904
252.2 -177.4 2858.5 0.4997005165 0.7648357749 0.4066025615 -0.8385446668 0.3094762266 0.4484052658 0.2171225846 -0.5650227666 0.7959944010
375.5 -384.5 2912.1 -0.2125317007 0.7648357749 0.6081582904 -0.7067440748 0.3094762266 -0.6361896396 -0.6747910976 -0.5650227666 0.4747696817
33.6 -509.8 2656.6 0.9659579992 0.2565014064 -0.0336477607 -0.0309075732 -0.0147080114 -0.9994140267 -0.2568460107 0.9664319158 -0.0062794853
-80.9 -503.2 2225.1 0.9659579992 0.0721472874 0.2484349310 -0.0309075732 0.9856311083 -0.1660603434 -0.2568460107 0.1527287960 0.9543081522
212.7 -506.1 2657.1 0.9771011472 -0.2095567137 0.0368690006 0.0368626900 -0.0039372570 -0.9993125796 0.2095578313 0.9777885675 0.0038777262
305.2 -504.4 2225.6 0.9771011472 -0.0490547232 -0.2070434093 0.0368626900 0.9973739386 -0.0623411499 0.2095578313 0.0532814339 0.9763435125
-125.2 -604.3 2784.4 0 0 0 0 0 0 0 0 0
321.6 -563.8 2740.8 0 0 0 0 0 0 0 0 0
-107.8 -871.2 2168.1 0 0 0 0 0 0 0 0 0
323.5 -876.6 2205.7 0 0 0 0 0 0 0 0 0
113.0 -3.0 2956.9 8 0.9999321699 -0.0113597047 0.0025698578 0.0111454651 0.8692705631 -0.4942109585 0.0033801890 0.4942061007 0.8693382144
115.3 -176.8 2858.1 0.9999321699 -0.0113597047 0.0025698578 0.0111454651 0.8692705631 -0.4942109585 0.0033801890 0.4942061007 0.8693382144
117.6 -341.0 2754.6 0.9999212027 -0.0121647166 0.0031061829 0.0119468356 0.8458335996 -0.5333130360 0.0038602881 0.5333080888 0.8459122777
-21.3 -178.4 2857.6 0.3779888451 -0.8673145175 -0.3238672614 0.9099211693 0.2834969461 0.3027753830 -0.1707860976 -0.4091393650 0.8963465095
-104.7 -379.1 2895.3 0.1037472785 -0.8673145175 -0.4868285656 0.9068662524 0.2834969461 -0.3118060827 0.4084483385 -0.4091393650 0.8159503341
251.9 -175.2 2858.7 0.5008068085 0.7615283728 0.4114208519 -0.8383759260 0.3085905910 0.4493302703 0.2152171284 -0.5699529648 0.7929912806
375.5 -382.2 2911.8 -0.2167249322 0.7615283728 0.6108230948 -0.7075172067 0.3085905910 -0.6357603669 -0.6726437807 -0.5699529648 0.4719151556
32.1 -508.3 2648.9 0.9655812979 0.2583422959 -0.0302001312 -0.0274529047 -0.0142356763 -0.9995217323 -0.2586486638 0.9659485221 -0.0066534556
-80.7 -502.1 2227.4 0.9655812979 0.0718916357 0.2499687821 -0.0274529047 0.9838439822 -0.1769106686 -0.2586486638 0.1639592499 0.9519549608
211.2 -506.1 2650.6 0.9759893417 -0.2154312432 0.0321586914 0.0322286263 -0.0031890783 -0.9994754195 0.2154207826 0.9765138030 0.0038305463
303.9 -504.7 2230.4 0.9759893417 -0.0513368472 -0.2116821408 0.0322286263 0.9951674938 -0.0927521214 0.2154207826 0.0837028548 0.9729273915
-131.0 -608.8 2791.8 0 0 0 0 0 0 0 0 0
320.5 -561.8 2741.1 0 0 0 0 0 0 0 0 0
-107.5 -869.3 2166.2 0 0 0 0 0 0 0 0 0
323.1 -876.0 2199.2 0 0 0 0 0 0 0 0 0
116.6 -2.0 2957.4 9 0.9999723434 0.0021073536 0.0071294545 0.0017261838 0.8669608831 -0.4983732402 -0.0072312066 0.4983717799 0.8669332862
116.2 -176.0 2857.5 0.9999723434 0.0021073536 0.0071294545 0.0017261838 0.8669608831 -0.4983732402 -0.0072312066 0.4983717799 0.8669332862
116.6 -340.3 2754.1 0.9999718070 -0.0023507604 0.0071342816 0.0057880566 0.8465012908 -0.5323551893 -0.0047877394 0.5323814750 0.8464910388
-20.4 -176.7 2858.1 0.3837804496 -0.8828026652 -0.2708728015 0.9084529281 0.3083423674 0.2822026312 -0.1656076610 -0.3543790281 0.9203203917
-104.2 -375.0 2894.3 0.1307084262 -0.8828026652 -0.4511926472 0.8858569860 0.3083423674 -0.3466733694 0.4451659620 -0.3543790281 0.8223398328
252.8 -175.2 2856.8 0.4974574149 0.7584778666 0.4210076928 -0.8412009478 0.3031973243 0.4477190673 0.2119365931 -0.5768732429 0.7888600230
375.6 -382.9 2909.1 -0.2269066721 0.7584778666 0.6109212041 -0.7069335580 0.3031973243 -0.6389963627 -0.6698942184 -0.5768732429 0.4673959613
30.4 -506.2 2650.8 0.9664711356 0.2558528483 -0.0217440967 -0.0203897581 -0.0079450998 -0.9997605085 -0.2559643388 0.9666830897 -0.0024619321
-82.1 -502.7 2225.6 0.9664711356 0.0635191277 0.2487947196 -0.0203897581 0.9848453403 -0.1722319871 -0.2559643388 0.1613843888 0.9531198144
209.6 -504.1 2651.4 0.9748874307 -0.2213241160 0.0247004367 0.0252602007 -0.0003013808 -0.9996808767 0.2212609351 0.9752002358 0.0052968790
305.1 -504.0 2230.6 0.9748874307 -0.0459265932 -0.2179110497 0.0252602007 0.9949935079 -0.0966945440 0.2212609351 0.0887618214 0.9711667895
-137.3 -599.4 2781.5 0 0 0 0 0 0 0 0 0
318.0 -562.3 2739.1 0 0 0 0 0 0 0 0 0
-105.8 -870.4 2165.3 0 0 0 0 0 0 0 0 0
322.2 -875.3 2197.5 0 0 0 0 0 0 0 0 0
101.2 -8.4 2968.2 0 0.9984843731 -0.0265078079 0.0482314676 0.0478762537 0.8505855799 -0.5236526132 -0.0271441061 0.5251681209 0.8505654931
106.5 -179.3 2862.7 0.9984843731 -0.0265078079 0.0482314676 0.0478762537 0.8505855799 -0.5236526132 -0.0271441061 0.5251681209 0.8505654931
111.3 -340.8 2755.3 0.9984766245 -0.0251890440 0.0490907468 0.0481281914 0.8326982856 -0.5516313910 -0.0269827135 0.5531537533 0.8326420784
-29.7 -185.9 2866.3 0.3644943833 -0.8754501939 -0.3173812032 0.9210075140 0.2886146903 0.2616231441 -0.1374371499 -0.3876706660 0.9114946723
-103.7 -372.8 2894.2 0.1020370349 -0.8754501939 -0.4724144638 0.8944107294 0.2886146903 -0.3416592479 0.4354514182 -0.3876706660 0.8124613762
242.8 -172.7 2859.1 0.5369259715 0.7314780354 0.4202980101 -0.8242333531 0.3486280441 0.4462037981 0.1798605919 -0.5860020518 0.7900960445
375.2 -376.0 2903.4 -0.2131935507 0.7314780354 0.6476792693 -0.6993895173 0.3486280441 -0.6239494085 -0.6822044253 -0.5860020518 0.4372627735
27.5 -505.1 2651.2 0.9674044847 0.2523462176 -0.0212125313 -0.0208091028 -0.0042676525 -0.9997743368 -0.2523798048 0.9676275849 0.0011225524
-83.5 -503.2 2225.7 0.9674044847 0.0632225275 0.2452172488 -0.0208091028 0.9849056005 -0.1718370169 -0.2523798048 0.1611331403 0.9541176558
206.7 -504.1 2650.4 0.9725601673 -0.2315074056 0.0230441894 0.0235401113 -0.0006203881 -0.9997227192 0.2314575016 0.9728329182 0.0048463452
306.8 -503.8 2229.8 0.9725601673 -0.0390774086 -0.2293461710 0.0235401113 0.9972624779 -0.0700960457 0.2314575016 0.0627737865 0.9708176255
-129.5 -599.4 2783.8 0 0 0 0 0 0 0 0 0
321.1 -553.5 2730.3 0 0 0 0 0 0 0 0 0
-107.1 -870.9 2165.6 0 0 0 0 0 0 0 0 0
321.3 -875.9 2206.3 0 0 0 0 0 0 0 0 0
91.3 -7.1 2973.1 1 0.9968699217 -0.0454417281 0.0646951348 0.0726702884 0.8489465117 -0.5234586000 -0.0311358441 0.5265215039 0.8495914936
100.4 -176.8 2867.8 0.9968699217 -0.0454417281 0.0646951348 0.0726702884 0.8489465117 -0.5234586000 -0.0311358441 0.5265215039 0.8495914936
108.7 -338.0 2760.1 0.9968917966 -0.0427521989 0.0661736652 0.0722527280 0.8309592605 -0.5516214967 -0.0314045921 0.5546881557 0.8314654231
-35.7 -186.7 2872.1 0.3189600110 -0.8881006241 -0.3309709728 0.9452666640 0.2727356553 0.1791261584 -0.0688144714 -0.3699899316 0.9264836907
-103.3 -387.2 2886.7 0.1050366238 -0.8881006241 -0.4474869668 0.9040597677 0.2727356553 -0.3290762007 0.4142984450 -0.3699899316 0.8315433264
236.5 -166.9 2863.6 0.5574739575 0.7202321887 0.4129023850 -0.8113191128 0.3671860397 0.4549018741 0.1760229915 -0.5885915160 0.7890347838
374.0 -367.0 2907.0 -0.1991662234 0.7202321887 0.6645286679 -0.7032803297 0.3671860397 -0.6087455750 -0.6824437976 -0.5885915160 0.4333941042
26.7 -506.7 2650.3 0.9680541158 0.2487890273 -0.0312284157 -0.0301535353 -0.0081310999 -0.9995121956 -0.2489215881 0.9685235620 -0.0003694760
-82.3 -503.1 2225.8 0.9680541158 0.0732323825 0.2398086935 -0.0301535353 0.9834588766 -0.1786039770 -0.2489215881 0.1656672359 0.9542496800
205.4 -498.0 2645.5 0.9720522165 -0.2337891161 0.0213815421 0.0272825863 0.0220357049 -0.9993848801 0.2331741452 0.9720376134 0.0277982280
305.2 -507.4 2230.8 0.9720522165 -0.0482376926 -0.2297556251 0.0272825863 0.9952429533 -0.0935260132 0.2331741452 0.0846438408 0.9687441587
-130.0 -616.5 2781.6 0 0 0 0 0 0 0 0 0
323.5 -545.5 2733.8 0 0 0 0 0 0 0 0 0
-109.6 -870.2 2164.0 0 0 0 0 0 0 0 0 0
323.2 -878.7 2199.2 0 0 0 0 0 0 0 0 0
88.1 -10.7 2975.5 2 0.9936400652 -0.0501009524 0.1008431315 0.0960054770 0.8449263573 -0.5261961818 -0.0588420928 0.5325310826 0.8443626165
98.1 -179.0 2869.5 0.9936400652 -0.0501009524 0.1008431315 0.0960054770 0.8449263573 -0.5261961818 -0.0588420928 0.5325310826 0.8443626165
107.0 -339.0 2760.1 0.9936476350 -0.0461384021 0.1026434526 0.0958744213 0.8246703744 -0.5574288368 -0.0589281395 0.5637286901 0.8238552213
-37.5 -192.1 2877.5 0.3121335804 -0.8961464167 -0.3154270649 0.9492871761 0.2809955478 0.1410508454 -0.0377686173 -0.3434575796 0.9384084344
-103.1 -391.5 2885.4 0.1052851751 -0.9000588655 -0.4228582382 0.9182989001 0.2511807680 -0.3059990108 0.3816309869 -0.3560930789 0.8529686332
233.7 -165.8 2861.5 0.5807967782 0.6943926811 0.4248457253 -0.7997199893 0.3892173767 0.4571190178 0.1520627737 -0.6052508354 0.7813758850
376.9 -363.1 2899.0 -0.2021738440 0.6943926811 0.6906116605 -0.7016969919 0.3892173767 -0.5967673063 -0.6831889153 -0.6052508354 0.4085636735
27.7 -505.7 2655.2 0.9690153599 0.2437550873 -0.0399091393 -0.0399415791 -0.0048115039 -0.9991904497 -0.2437497675 0.9698249102 0.0050735418
-80.5 -503.5 2225.0 0.9690153599 0.0789567456 0.2340408415 -0.0399415791 0.9851508141 -0.1669806838 -0.2437497675 0.1524588764 0.9577798843
206.1 -492.7 2649.6 0.9723669887 -0.2331896275 0.0111808963 0.0201220345 0.0359991044 -0.9991492033 0.2325887233 0.9717647433 0.0396965928
307.6 -508.4 2226.9 0.9723669887 -0.0336912423 -0.2310136706 0.0201220345 0.9979444146 -0.0608448200 0.2325887233 0.0545150302 0.9710461497
-129.8 -624.4 2788.7 0 0 0 0 0 0 0 0 0
325.6 -541.2 2725.6 0 0 0 0 0 0 0 0 0
-109.9 -871.2 2168.1 0 0 0 0 0 0 0 0 0
320.2 -880.6 2206.6 0 0 0 0 0 0 0 0 0
82.1 0.7 2976.7 3 0.9939790368 -0.0664110854 0.0871507525 0.1015896276 0.8565719128 -0.5059289336 -0.0410516001 0.5117363334 0.8581612110
95.5 -171.5 2873.9 0.9939790368 -0.0664110854 0.0871507525 0.1015896276 0.8565719128 -0.5059289336 -0.0410516001 0.5117363334 0.8581612110
107.5 -333.5 2767.9 0.9940150976 -0.0622472130 0.0897732154 0.1011150777 0.8353010416 -0.5404145718 -0.0413483568 0.5462576747 0.8365960121
-40.2 -185.3 2879.5 0.2863175869 -0.8932728767 -0.3465340137 0.9579954147 0.2607281804 0.1194385663 -0.0163400415 -0.3661753535 0.9304023981
-103.9 -398.3 2883.2 0.0996631011 -0.8937082887 -0.4374388158 0.9131146669 0.2568161786 -0.3166498244 0.3953339458 -0.3678734899 0.8416532278
231.2 -157.6 2868.2 0.5825220942 0.7037874460 0.4066340029 -0.7927817106 0.3815679848 0.4752925634 0.1793464273 -0.5992404222 0.7802216411
374.9 -353.2 2912.5 -0.1844701916 0.7037874460 0.6860422492 -0.7164219022 0.3815679848 -0.5840766430 -0.6728376150 -0.5992404222 0.4338208437
26.9 -507.6 2655.9 0.9690628052 0.2435347587 -0.0401004069 -0.0392469764 -0.0083574327 -0.9991945624 -0.2436737567 0.9698561430 0.0014591259
-81.1 -503.9 2225.6 0.9690628052 0.0788306668 0.2338866144 -0.0392469764 0.9847819209 -0.1693052202 -0.2436737567 0.1548880637 0.9574094415
204.8 -490.4 2645.4 0.9699580073 -0.2432600111 0.0024501372 0.0117920414 0.0369542539 -0.9992473722 0.2429863811 0.9692568779 0.0387126096
310.7 -506.5 2223.3 0.9699580073 -0.0196288489 -0.2424791604 0.0117920414 0.9993614554 -0.0337287933 0.2429863811 0.0298561901 0.9695701003
-129.2 -630.0 2782.9 0 0 0 0 0 0 0 0 0
328.1 -535.0 2741.8 0 0 0 0 0 0 0 0 0
-110.5 -871.5 2167.7 0 0 0 0 0 0 0 0 0
318.0 -879.2 2212.2 0 0 0 0 0 0 0 0 0
78.5 12.3 2989.4 4 0.9868165851 -0.0750227198 0.1434038579 0.1365127414 0.8617952466 -0.4885419905 -0.0869330093 0.5016777515 0.8606753349
93.6 -160.4 2888.8 0.9868165851 -0.0750227198 0.1434038579 0.1365127414 0.8617952466 -0.4885419905 -0.0869330093 0.5016777515 0.8606753349
107.2 -323.9 2785.1 0.9867597818 -0.0702311322 0.1461940110 0.1371786594 0.8422908783 -0.5212754011 -0.0865281224 0.5344283581 0.8407729864
-41.0 -179.1 2900.6 0.2786605656 -0.9004783630 -0.3338966072 0.9584781528 0.2826814950 0.0375609547 0.0605635718 -0.3304993808 0.9418610334
-103.8 -395.1 2887.0 0.0950933471 -0.9049964547 -0.4146549106 0.9116358757 0.2464818060 -0.3288871050 0.3998465538 -0.3467393219 0.8484660387
228.1 -141.8 2877.0 0.6192954183 0.6622577906 0.4217674732 -0.7673957348 0.3969263434 0.5035406947 0.1660631448 -0.6355029941 0.7540284991
380.8 -331.0 2917.9 -0.1852361560 0.6622577906 0.7260180116 -0.7350967526 0.3969263434 -0.5496200919 -0.6521658301 -0.6355029941 0.4132984877
30.5 -504.7 2665.6 0.9678949118 0.2474143803 -0.0443352796 -0.0448775329 -0.0034501303 -0.9989865422 -0.2473165989 0.9689036012 0.0077639832
-81.0 -503.1 2228.9 0.9678949118 0.0890990794 0.2350337058 -0.0448775329 0.9812980294 -0.1871902496 -0.2473165989 0.1706327498 0.9537919164
208.5 -486.5 2658.2 0.9743188620 -0.2250071615 0.0086361486 0.0202626456 0.0494137742 -0.9985728264 0.2242593020 0.9731032848 0.0527040102
308.8 -508.5 2224.8 0.9743188620 -0.0308769792 -0.2230457813 0.0202626456 0.9985575676 -0.0497214720 0.2242593020 0.0439250693 0.9735391140
-127.9 -626.5 2785.5 0 0 0 0 0 0 0 0 0
333.8 -517.4 2752.4 0 0 0 0 0 0 0 0 0
-114.2 -869.4 2165.2 0 0 0 0 0 0 0 0 0
320.3 -881.1 2208.4 0 0 0 0 0 0 0 0 0
81.9 16.2 2983.7 5 0.9860971570 -0.0684128404 0.1514334679 0.1329127699 0.8716872931 -0.4716942310 -0.0997326896 0.4852637947 0.8686612844
95.6 -158.6 2886.4 0.9860971570 -0.0684128404 0.1514334679 0.1329127699 0.8716872931 -0.4716942310 -0.0997326896 0.4852637947 0.8686612844
108.3 -323.5 2784.9 0.9858785272 -0.0650050044 0.1543305963 0.1357342154 0.8499498963 -0.5090789199 -0.0980805978 0.5228379369 0.8467707634
-38.9 -177.1 2899.8 0.2883124053 -0.9017473459 -0.3220678270 0.9568108916 0.2843996584 0.0602476113 0.0372678526 -0.3255281150 0.9447976351
-103.3 -390.8 2891.4 0.1518794298 -0.9021857381 -0.4037245214 0.9161685109 0.2817784846 -0.2850195765 0.3709014952 -0.3265910745 0.8693505526
230.2 -140.1 2873.0 0.6209682822 0.6560723782 0.4289142489 -0.7648342848 0.3873976469 0.5147344470 0.1715426892 -0.6476821303 0.7423483133
383.4 -328.8 2915.3 -0.1918803900 0.6560723782 0.7298979163 -0.7443756461 0.3873976469 -0.5439006686 -0.6395989656 -0.6476821303 0.4140302837
32.7 -499.5 2689.1 0.9700727463 0.2399475574 -0.0372020118 -0.0395167172 0.0048409430 -0.9992071986 -0.2395772189 0.9707737565 0.0141780069
-80.6 -501.8 2230.6 0.9700727463 0.0844477341 0.2276563197 -0.0395167172 0.9799805880 -0.1951320618 -0.2395772189 0.1802960634 0.9539895654
209.1 -475.0 2673.5 0.9770952463 -0.2123132795 0.0144187221 0.0307405852 0.0737772286 -0.9968008399 0.2105702758 0.9744126201 0.0786140189
306.2 -508.8 2228.1 0.9770952463 -0.0450778231 -0.2079731077 0.0307405852 0.9969550371 -0.0716635138 0.2105702758 0.0636288673 0.9755057693
-141.8 -622.8 2797.5 0 0 0 0 0 0 0 0 0
334.7 -517.6 2753.0 0 0 0 0 0 0 0 0 0
-112.2 -867.6 2163.3 0 0 0 0 0 0 0 0 0
323.0 -880.7 2204.3 0 0 0 0 0 0 0 0 0
95.4 17.7 2983.3 6 0.9977248311 -0.0448061489 0.0503738113 0.0637006760 0.8712052107 -0.4867686629 -0.0220756941 0.4888700545 0.8720772266
104.4 -157.7 2884.9 0.9977248311 -0.0448061489 0.0503738113 0.0637006760 0.8712052107 -0.4867686629 -0.0220756941 0.4888700545 0.8720772266
113.1 -323.0 2783.6 0.9976434708 -0.0447174199 0.0520367809 0.0652673021 0.8524090052 -0.5187861919 -0.0211578403 0.5209599733 0.8533188701
-31.1 -166.5 2887.8 0.3050145507 -0.8772569299 -0.3706566691 0.9521899819 0.2738350332 0.1354571581 -0.0173319522 -0.3942519724 0.9188389182
-102.4 -389.2 2891.8 0.1264831722 -0.8749507666 -0.4674004316 0.9081990123 0.2916515172 -0.3001897931 0.3989693224 -0.3865236640 0.8315184712
239.9 -148.8 2882.0 0.5494533777 0.7300771475 0.4063106179 -0.8079529405 0.3403722644 0.4809976816 0.2128685564 -0.5925656557 0.7768867016
374.9 -347.4 2934.3 -0.1932639629 0.7300771475 0.6554665565 -0.7288874984 0.3403722644 -0.5940283537 -0.6567891836 -0.5925656557 0.4663624167
32.7 -500.6 2692.2 0.9700648785 0.2416296154 -0.0242744666 -0.0259011947 0.0035578019 -0.9996581674 -0.2414606512 0.9703620076 0.0097097950
-82.3 -502.3 2230.3 0.9700648785 0.0703907683 0.2324204445 -0.0259011947 0.9816004038 -0.1891820133 -0.2414606512 0.1774988621 0.9540392756
209.2 -476.3 2674.6 0.9773458242 -0.2114545852 0.0090599274 0.0247706920 0.0717683882 -0.9971137047 0.2101940513 0.9747493267 0.0753804073
306.2 -509.2 2227.3 0.9773458242 -0.0389655344 -0.2080307901 0.0247706920 0.9972105622 -0.0704093501 0.2101940513 0.0636612177 0.9755848050
-134.5 -619.3 2790.7 0 0 0 0 0 0 0 0 0
325.9 -532.3 2767.7 0 0 0 0 0 0 0 0 0
-108.6 -868.6 2164.1 0 0 0 0 0 0 0 0 0
320.8 -881.4 2203.5 0 0 0 0 0 0 0 0 0
107.3 7.7 2982.1 7 0.9981337190 -0.0153539283 0.0591043606 0.0432845242 0.8606199622 -0.5074049234 -0.0430757329 0.5090162754 0.8596783876
110.4 -165.1 2879.9 0.9981337190 -0.0153539283 0.0591043606 0.0432845242 0.8606199622 -0.5074049234 -0.0430757329 0.5090162754 0.8596783876
113.3 -327.9 2774.5 0.9981036782 -0.0149589041 0.0597103350 0.0449710116 0.8395662904 -0.5413927436 -0.0420321412 0.5430513024 0.8386468887
-25.5 -171.3 2885.7 0.3500982523 -0.8473404050 -0.3993062377 0.9353950024 0.2936440110 0.1970010400 -0.0496730618 -0.4424787760 0.8954021931
-103.4 -379.4 2896.7 0.0931963474 -0.8473404050 -0.5228084922 0.9025090933 0.2936440110 -0.3150405586 0.4204661548 -0.4424787760 0.7920989394
246.3 -159.0 2874.2 0.5367810130 0.7239274979 0.4333532751 -0.8240373135 0.3395235538 0.4535264373 0.1811866313 -0.6005436778 0.7787930965
378.5 -361.8 2918.8 -0.2240175605 0.7239274979 0.6524914503 -0.7076439261 0.3395235538 -0.6196481586 -0.6701165438 -0.6005436778 0.4362236559
32.9 -494.1 2684.2 0.9693674445 0.2446401566 -0.0218626484 -0.0271460209 0.0182452369 -0.9994649887 -0.2441103756 0.9694422483 0.0243273452
-82.0 -502.6 2229.1 0.9693674445 0.0715773702 0.2349541634 -0.0271460209 0.9819564223 -0.1871487945 -0.2441103756 0.1750378758 0.9538196325
210.6 -482.5 2680.5 0.9783579111 -0.2068282068 0.0061536748 0.0192383323 0.0613118410 -0.9979332089 0.2060234398 0.9764542580 0.0639639571
306.5 -510.9 2227.6 0.9783579111 -0.0332399160 -0.2042324096 0.0192383323 0.9973499179 -0.0701644346 0.2060234398 0.0647168383 0.9764046669
-127.0 -608.1 2790.2 0 0 0 0 0 0 0 0 0
321.6 -541.3 2748.8 0 0 0 0 0 0 0 0 0
-108.7 -869.2 2163.8 0 0 0 0 0 0 0 0 0
318.9 -883.2 2203.4 0 0 0 0 0 0 0 0 0
113.2 6.2 2980.6 8 0.9986636043 0.0035299524 0.0515611656 0.0232375823 0.8604610562 -0.5089860559 -0.0461630672 0.5095040202 0.8592290878
112.5 -166.4 2878.4 0.9986636043 0.0035299524 0.0515611656 0.0232375823 0.8604610562 -0.5089860559 -0.0461630672 0.5095040202 0.8592290878
111.1 -329.0 2772.6 0.9986563325 0.0070686140 0.0513379574 0.0220709983 0.8383002877 -0.5447618961 -0.0468873382 0.5451629758 0.8370178938
-23.7 -169.5 2884.8 0.3555293083 -0.8274859190 -0.4345870912 0.9333264828 0.2894333601 0.2124381512 -0.0500055738 -0.4811396301 0.8752166033
-103.0 -377.6 2895.9 0.0900394171 -0.8274859190 -0.5542200804 0.9142151475 0.2894333601 -0.2836177051 0.3950994611 -0.4811396301 0.7825605869
248.6 -163.4 2871.9 0.5187417865 0.7286444306 0.4471960068 -0.8363821507 0.3241540194 0.4420284033 0.1771211624 -0.6033253670 0.7775774002
376.5 -369.6 2915.6 -0.2438259423 0.7286444306 0.6400204897 -0.7004188895 0.3241540194 -0.6358754635 -0.6707922816 -0.6033253670 0.4313191473
27.1 -494.7 2672.9 0.9697299600 0.2439751327 -0.0099954503 -0.0152255800 0.0195606910 -0.9996927381 -0.2437046468 0.9695842266 0.0226832516
-84.8 -503.7 2228.4 0.9697299600 0.0572334789 0.2373775542 -0.0152255800 0.9844235778 -0.1751525551 -0.2437046468 0.1662364751 0.9554964304
205.3 -486.6 2665.4 0.9742419124 -0.2254479229 0.0050869314 0.0172667671 0.0520862676 -0.9984933138 0.2248432785 0.9728618860 0.0546373837
306.3 -510.0 2229.5 0.9742419124 -0.0354228057 -0.2227057964 0.0172667671 0.9964041114 -0.0829498917 0.2248432785 0.0769678578 0.9713503122
-125.8 -609.4 2795.8 0 0 0 0 0 0 0 0 0
314.6 -547.2 2745.4 0 0 0 0 0 0 0 0 0
-106.2 -871.1 2166.3 0 0 0 0 0 0 0 0 0
319.5 -881.9 2200.7 0 0 0 0 0 0 0 0 0
115.7 0.3 2967.8 9 0.9979737401 0.0096235070 0.0628951564 0.0230891146 0.8663411736 -0.4989187121 -0.0592900105 0.4993599653 0.8643635511
113.8 -173.3 2867.7 0.9979737401 0.0096235070 0.0628951564 0.0230891146 0.8663411736 -0.4989187121 -0.0592900105 0.4993599653 0.8643635511
111.4 -336.7 2763.2 0.9979792237 0.0120060025 0.0623969249 0.0235202499 0.8424376845 -0.5382801890 -0.0590281114 0.5386600494 0.8404529095
-22.5 -176.5 2875.8 0.3538326621 -0.8993007541 -0.2570224702 0.9292851686 0.3068824410 0.2055533677 -0.1059786156 -0.3115786612 0.9442919493
-99.0 -377.4 2898.7 0.1684317738 -0.8993007541 -0.4035949111 0.9005385637 0.3068824410 -0.3079828620 0.4008254409 -0.3115786612 0.8615437746
250.0 -170.0 2859.7 0.5225797296 0.7206543684 0.4555960298 -0.8339225054 0.3208308518 0.4490443170 0.1774364859 -0.6145932674 0.7686296105
378.9 -375.8 2903.4 -0.2506294250 0.7206543684 0.6464071274 -0.7059705257 0.3208308518 -0.6314057112 -0.6624126434 -0.6145932674 0.4283510745
20.4 -493.6 2671.0 0.9731346965 0.2294183969 -0.0193920769 -0.0250842739 0.0219209250 -0.9994449615 -0.2288659662 0.9730809927 0.0270868056
-84.1 -503.6 2227.5 0.9731346965 0.0626401380 0.2215514928 -0.0250842739 0.9853951931 -0.1684254706 -0.2288659662 0.1583432108 0.9604935050
199.0 -489.6 2662.5 0.9708228707 -0.2397392392 0.0052941241 0.0167688653 0.0458489284 -0.9988076091 0.2392106503 0.9697540998 0.0485313423
306.0 -510.1 2229.7 0.9708228707 -0.0353482105 -0.2371780574 0.0167688653 0.9966617823 -0.0799003541 0.2392106503 0.0735918880 0.9681748152
-141.6 -605.2 2797.4 0 0 0 0 0 0 0 0 0
315.3 -554.9 2735.4 0 0 0 0 0 0 0 0 0
-107.5 -871.4 2168.4 0 0 0 0 0 0 0 0 0
319.2 -882.1 2202.2 0 0 0 0 0 0 0 0 0
116.6 0.9 2961.9 0 0.9976814985 0.0031063173 0.0679850951 0.0304804333 0.8727704287 -0.4871783555 -0.0608487092 0.4881210327 0.8706521988
116.0 -174.1 2864.0 0.9976814985 0.0031063173 0.0679850951 0.0304804333 0.8727704287 -0.4871783555 -0.0608487092 0.4881210327 0.8706521988
114.8 -339.1 2761.8 0.9976825714 0.0058966270 0.0677847713 0.0306796357 0.8502299786 -0.5255166888 -0.0607314184 0.5263783932 0.8480786681
-20.3 -178.3 2872.3 0.3722248375 -0.8580093980 -0.3539329171 0.9221541882 0.2986300588 0.2458694428 -0.1052632928 -0.4178994298 0.9023745060
-101.6 -379.6 2895.3 0.1230659336 -0.8580093980 -0.4986728430 0.9094386697 0.2986300588 -0.2893810570 0.3972103894 -0.4178994298 0.8170581460
252.2 -169.9 2855.7 0.5296161771 0.7172145844 0.4528906345 -0.8269385695 0.3176690340 0.4639601111 0.1888896376 -0.6202335358 0.7613350749
382.9 -374.0 2902.3 -0.2458388954 0.7172145844 0.6520479321 -0.7174804211 0.3176690340 -0.6199259758 -0.6517553926 -0.6202335358 0.4364920259
19.8 -502.3 2663.9 0.9721767902 0.2331174016 -0.0229906198 -0.0238139611 0.0007176040 -0.9997161627 -0.2330347300 0.9724483490 0.0062490869
-85.0 -502.6 2226.7 0.9721767902 0.0583159775 0.2268733978 -0.0238139611 0.9881030321 -0.1519385427 -0.2330347300 0.1423083693 0.9619995356
198.4 -498.1 2653.3 0.9699870944 -0.2423339188 0.0199819878 0.0280047432 0.0297065750 -0.9991662502 0.2415382862 0.9697380066 0.0356014930
304.1 -511.0 2230.6 0.9699870944 -0.0501162037 -0.2379356474 0.0280047432 0.9950432181 -0.0954188630 0.2415382862 0.0858917460 0.9665825963
-132.7 -609.8 2794.8 0 0 0 0 0 0 0 0 0
320.5 -556.0 2736.9 0 0 0 0 0 0 0 0 0
-106.8 -871.4 2173.6 0 0 0 0 0 0 0 0 0
322.8 -882.4 2198.6 0 0 0 0 0 0 0 0 0
116.6 5.3 2971.4 1 0.9995697141 -0.0010008343 0.0293150079 0.0153021701 0.8704328537 -0.4920492172 -0.0250242855 0.4922860861 0.8700736761
116.8 -168.9 2872.9 0.9995697141 -0.0010008343 0.0293150079 0.0153021701 0.8704328537 -0.4920492172 -0.0250242855 0.4922860861 0.8700736761
117.1 -333.6 2770.3 0.9995673895 -0.0015792648 0.0293697827 0.0168709941 0.8487362862 -0.5285471678 -0.0240924843 0.5288140178 0.8483957052
-19.6 -171.2 2876.2 0.3688403964 -0.8331924081 -0.4120038152 0.9259414673 0.2906533778 0.2411493063 -0.0811734870 -0.4704370201 0.8786921501
-103.2 -380.9 2894.6 0.0977688879 -0.8331924081 -0.5442716479 0.9147515893 0.2906533778 -0.2806244791 0.3920085728 -0.4704370201 0.7905809879
253.2 -166.6 2869.6 0.5106336474 0.7438046932 0.4312862754 -0.8348952532 0.3090985715 0.4554206133 0.2054340243 -0.5926319957 0.7788351774
379.2 -372.6 2920.3 -0.2316100597 0.7438046932 0.6269859076 -0.7125225067 0.3090985715 -0.6298966408 -0.6623205543 -0.5926319957 0.4583872259
24.4 -506.8 2665.1 0.9695300460 0.2443819046 -0.0169977341 -0.0155439312 -0.0078763785 -0.9998481870 -0.2444786727 0.9696470499 -0.0038377303
-86.1 -503.2 2226.8 0.9695300460 0.0543209501 0.2388737500 -0.0155439312 0.9867814779 -0.1613094658 -0.2444786727 0.1526813358 0.9575586319
203.0 -501.3 2654.2 0.9725397229 -0.2312655151 0.0261285510 0.0319240727 0.0213527624 -0.9992622137 0.2305369675 0.9726563096 0.0281493478
303.4 -510.6 2232.1 0.9725397229 -0.0538277589 -0.2264266163 0.0319240727 0.9945442080 -0.0993110165 0.2305369675 0.0893554464 0.9689521790
-127.9 -612.7 2795.2 0 0 0 0 0 0 0 0 0
320.5 -553.5 2752.2 0 0 0 0 0 0 0 0 0
-106.4 -871.5 2169.8 0 0 0 0 0 0 0 0 0
323.5 -881.8 2198.7 0 0 0 0 0 0 0 0 0
116.0 -3.1 2965.7 2 0.9998363256 -0.0112933610 0.0141328722 0.0168496277 0.8657135963 -0.5002560019 -0.0065854480 0.5004122853 0.8657622337
118.3 -176.7 2865.3 0.9998363256 -0.0112933610 0.0141328722 0.0168496277 0.8657135963 -0.5002560019 -0.0065854480 0.5004122853 0.8657622337
120.7 -340.6 2761.5 0.9998156428 -0.0124538932 0.0146146612 0.0183411520 0.8446803093 -0.5349567533 -0.0056824223 0.5351262093 0.8447530270
-18.2 -179.2 2866.1 0.3954779804 -0.8207238913 -0.4123219848 0.9081349373 0.2822363675 0.3092467189 -0.1374339163 -0.4967442751 0.8569463491
-102.7 -373.1 2895.5 0.0884819403 -0.8207238913 -0.5644317269 0.9217608571 0.2822363675 -0.2658938766 0.3775286376 -0.4967442751 0.7814840078
254.8 -174.2 2864.6 0.5080529451 0.7540730834 0.4162402749 -0.8356956244 0.3145428300 0.4501951337 0.2085546404 -0.5765731335 0.7899799943
380.2 -380.5 2916.0 -0.2185185850 0.7540730834 0.6193733811 -0.7077018619 0.3145428300 -0.6326301694 -0.6718688607 -0.5765731335 0.4649254382
28.0 -499.9 2669.8 0.9681809545 0.2499668002 -0.0119244307 -0.0135564310 0.0048081665 -0.9998965263 -0.2498836070 0.9682424664 0.0080438331
-86.3 -502.1 2227.0 0.9681809545 0.0521611646 0.2447545826 -0.0135564310 0.9875320196 -0.1568336040 -0.2498836070 0.1485253125 0.9568167925
206.9 -496.9 2665.5 0.9760391712 -0.2148989439 0.0341459736 0.0419212580 0.0317267254 -0.9986170530 0.2135184109 0.9761208296 0.0399753600
302.1 -510.9 2232.9 0.9760391712 -0.0641681775 -0.2079181373 0.0419212580 0.9930809736 -0.1096941456 0.2135184109 0.0983495936 0.9719759226
-125.1 -606.8 2799.7 0 0 0 0 0 0 0 0 0
324.7 -560.1 2745.5 0 0 0 0 0 0 0 0 0
-105.8 -870.7 2171.5 0 0 0 0 0 0 0 0 0
326.1 -881.6 2196.2 0 0 0 0 0 0 0 0 0
115.9 -4.0 2960.8 3 0.9996918440 -0.0230778642 -0.0091455830 0.0155295823 0.8688274622 -0.4948713183 0.0193665083 0.4945767820 0.8689181209
120.5 -178.0 2861.7 0.9996918440 -0.0230778642 -0.0091455830 0.0155295823 0.8688274622 -0.4948713183 0.0193665083 0.4945767820 0.8689181209
125.6 -342.5 2758.8 0.9996297956 -0.0259671099 -0.0081202909 0.0176998172 0.8473447561 -0.5307481885 0.0206626821 0.5304079652 0.8474906683
-16.0 -180.4 2858.9 0.4044079483 -0.8225259781 -0.3998815715 0.8984663486 0.2755870819 0.3417747319 -0.1709164083 -0.4974965453 0.8504614830
-104.1 -376.2 2896.2 0.0764575079 -0.8225259781 -0.5635648370 0.9203950763 0.2755870819 -0.2773530483 0.3834412694 -0.4974965453 0.7781195045
257.0 -175.6 2864.6 0.5016514063 0.7693073153 0.3956161141 -0.8349936008 0.3110677004 0.4538971186 0.2261229753 -0.5580350757 0.7984142303
380.8 -381.7 2920.4 -0.2012991756 0.7693073153 0.6063372493 -0.7109485865 0.3110677004 -0.6307051182 -0.6738180518 -0.5580350757 0.4843202829
33.6 -506.2 2658.2 0.9631487131 0.2685345411 -0.0152909551 -0.0135483211 -0.0083414661 -0.9998733997 -0.2686280906 0.9632339478 -0.0043958798
-86.8 -502.5 2226.2 0.9631487131 0.0561151989 0.2630507648 -0.0135483211 0.9868747592 -0.1609181017 -0.2686280906 0.1514241695 0.9512674212
212.7 -503.0 2657.2 0.9780094028 -0.2041412294 0.0427079350 0.0464758091 0.0136964079 -0.9988254905 0.2033165246 0.9788456559 0.0228828453
300.9 -508.9 2234.0 0.9780094028 -0.0683024079 -0.1970593631 0.0464758091 0.9924689531 -0.1133376285 0.2033165246 0.1016867757 0.9738183618
-123.5 -609.7 2798.9 0 0 0 0 0 0 0 0 0
329.7 -562.1 2749.4 0 0 0 0 0 0 0 0 0
-107.8 -870.9 2169.7 0 0 0 0 0 0 0 0 0
326.4 -879.4 2196.1 0 0 0 0 0 0 0 0 0
115.4 -2.0 2959.4 4 0.9994794130 -0.0265996680 -0.0182584077 0.0143778836 0.8738424778 -0.4859964848 0.0288823191 0.4854809642 0.8737699986
120.7 -176.6 2862.4 0.9994794130 -0.0265996680 -0.0182584077 0.0143778836 0.8738424778 -0.4859964848 0.0288823191 0.4854809642 0.8737699986
126.6 -342.1 2761.1 0.9994001985 -0.0301360358 -0.0170588996 0.0167871788 0.8524774313 -0.5224944353 0.0302882381 0.5218946934 0.8524720669
-15.8 -178.9 2858.2 0.4093295038 -0.8255938888 -0.3883865178 0.8919203877 0.2724264562 0.3609180748 -0.1921650022 -0.4941442609 0.8478761911
-104.4 -372.2 2899.9 0.0666987300 -0.8255938888 -0.5603088737 0.9167075753 0.2724264562 -0.2922858894 0.3939523995 -0.4941442609 0.7749986649
257.2 -174.3 2866.5 0.4984878898 0.7750833035 0.3882727027 -0.8332474828 0.3048175275 0.4612861276 0.2391828746 -0.5534728169 0.7977840900
