-38.4 91.5 2889.1 31 0.9961546659 -0.0637063757 0.0601450913 0.0741640851 0.9786351323 -0.1917628944 -0.0466435775 0.1954861134 0.9795966148
-25.4 -108.3 2849.2 0.9961546659 -0.0637063757 0.0601450913 0.0741640851 0.9786351323 -0.1917628944 -0.0466435775 0.1954861134 0.9795966148
-13.8 -298.3 2803.3 0.9963161349 -0.0585757531 0.0626341775 0.0715902820 0.9702133536 -0.2314323038 -0.0472121947 0.2350637317 0.9708326459
-167.2 -118.5 2856.0 -0.0768816322 -0.7288168669 -0.6803786755 0.6307808757 0.4929188192 -0.5992883444 0.7721429467 -0.4752441347 0.4218273461
-145.5 -297.0 2637.4 -0.3203595579 -0.7095729709 -0.6275954247 0.4574095011 0.4642919302 -0.7584257126 0.8295458555 -0.5300370455 0.1758250594
116.5 -98.2 2842.5 0.0212495942 0.6986403465 0.7151574492 -0.7738001943 0.4644444287 -0.4307256639 -0.6330732107 -0.5442362428 0.5504772663
121.5 -280.0 2693.7 -0.4023907483 0.6986403465 0.5915939212 -0.3738984466 0.4644444287 -0.8028022051 -0.8356325030 -0.5442362428 0.0743323788
-85.4 -489.6 2753.7 0.9498329163 0.2798031569 -0.1397414654 -0.1503896713 0.0168438237 -0.9884833097 -0.2742269635 0.9599096179 0.0580783226
-194.9 -496.1 2378.0 0.9498329163 0.2800842822 0.1391771436 -0.1503896713 0.7991902828 -0.5819603801 -0.2742269635 0.5318343043 0.8012189865
94.7 -475.4 2750.8 0.9992935658 -0.0290901493 -0.0237934217 -0.0260473751 -0.0797314644 -0.9964759946 0.0270905513 0.9963918328 -0.0804328620
110.0 -433.5 2226.8 0.9992935658 0.0208116099 -0.0312928185 -0.0260473751 0.9837725163 -0.1775194257 0.0270905513 0.1782091260 0.9836196303
-63.2 -414.4 2424.5 0 0 0 0 0 0 0 0 0
18.5 -375.8 2479.8 0 0 0 0 0 0 0 0 0
-300.4 -797.1 2177.7 0 0 0 0 0 0 0 0 0
102.1 -803.9 2159.7 0 0 0 0 0 0 0 0 0
-38.9 91.3 2887.7 32 0.9960935712 -0.0626116395 0.0622685701 0.0735396370 0.9785460830 -0.1924564391 -0.0488826521 0.1962838322 0.9793279171
-26.1 -108.5 2847.6 0.9960935712 -0.0626116395 0.0622685701 0.0735396370 0.9785460830 -0.1924564391 -0.0488826521 0.1962838322 0.9793279171
-15.1 -298.5 2801.4 0.9963397980 -0.0558501445 0.0647131056 0.0694895685 0.9700706601 -0.2326674759 -0.0497817732 0.2363127470 0.9704009891
-168.0 -118.4 2854.7 -0.0792540088 -0.7286254168 -0.6803115606 0.6306671500 0.4918684959 -0.6002702117 0.7719959617 -0.4766239822 0.4205375612
-145.6 -296.9 2636.3 -0.3333181441 -0.7049160004 -0.6260930300 0.4608172476 0.4575352371 -0.7604662776 0.8225244880 -0.5419916511 0.1723326445
115.8 -98.7 2840.5 0.0028193577 0.6498938203 0.7600197792 -0.7612700462 0.4942175746 -0.4197820127 -0.6484288573 -0.5773967505 0.4961380661
116.5 -283.8 2682.9 -0.4147767127 0.6498938203 0.6368659735 -0.4059682190 0.4942175746 -0.7687254548 -0.8143402934 -0.5773967505 0.0588462837
-92.3 -494.7 2761.6 0.9529205561 0.2519512177 -0.1687097698 -0.1695446074 -0.0185562316 -0.9853478074 -0.2513902187 0.9675620198 0.0250343569
-190.9 -487.4 2383.1 0.9529205561 0.2826780677 0.1097065359 -0.1695446074 0.7966871262 -0.5801243782 -0.2513902187 0.5342122912 0.8071060777
87.6 -481.8 2753.0 0.9987823367 -0.0424701348 -0.0251022410 -0.0288810134 -0.0908379480 -0.9954468012 0.0399965234 0.9949596524 -0.0919539258
110.1 -433.9 2227.8 0.9987823367 0.0210659541 -0.0446100943 -0.0288810134 0.9827757478 -0.1825312823 0.0399965234 0.1835974008 0.9821875095
-60.0 -415.2 2425.1 0 0 0 0 0 0 0 0 0
10.4 -387.6 2474.5 0 0 0 0 0 0 0 0 0
-297.3 -787.5 2181.9 0 0 0 0 0 0 0 0 0
102.1 -804.0 2158.7 0 0 0 0 0 0 0 0 0
-38.8 92.1 2897.0 33 0.9946747422 -0.0768944919 0.0686246827 0.0901892558 0.9716639519 -0.2184836715 -0.0498799384 0.2235094011 0.9734246731
-23.0 -107.6 2851.1 0.9946747422 -0.0768944919 0.0686246827 0.0901892558 0.9716639519 -0.2184836715 -0.0498799384 0.2235094011 0.9734246731
-9.4 -296.3 2800.5 0.9950128794 -0.0697977245 0.0712577403 0.0857287496 0.9636025429 -0.2532207966 -0.0509899035 0.2580668032 0.9647805691
-164.8 -119.8 2858.3 -0.0648728758 -0.7377733588 -0.6719240546 0.6270392537 0.4936689436 -0.6025883555 0.7762817144 -0.4604144096 0.4305871427
-146.4 -297.7 2638.0 -0.3341575563 -0.7121748924 -0.6173699498 0.4456609190 0.4577826560 -0.7692992687 0.8304969072 -0.5322048068 0.1644169837
118.7 -95.4 2843.8 -0.0027519383 0.6315435767 0.7753354907 -0.7690116167 0.4942840636 -0.4053448141 -0.6392288804 -0.5973574519 0.4843041003
118.1 -282.6 2688.2 -0.4169642329 0.6315435767 0.6536769271 -0.4330321252 0.4942840636 -0.7537681460 -0.7991395593 -0.5973574519 0.0673798919
-94.2 -494.7 2759.6 0.9540812969 0.2509823740 -0.1635137945 -0.1656987220 -0.0125519997 -0.9860965610 -0.2495452911 0.9679102898 0.0296118353
-192.4 -489.8 2380.7 0.9540812969 0.2791848183 0.1085576266 -0.1656987220 0.7937952280 -0.5851778388 -0.2495452911 0.5403193235 0.8036057353
85.8 -482.2 2750.6 0.9982917309 -0.0486784168 -0.0323106870 -0.0367909260 -0.0941459313 -0.9948783517 0.0453871861 0.9943675995 -0.0957760289
111.4 -432.9 2229.6 0.9982917309 0.0272160601 -0.0516996607 -0.0367909260 0.9802338481 -0.1943915337 0.0453871861 0.1959615350 0.9795606732
-60.6 -412.2 2424.8 0 0 0 0 0 0 0 0 0
11.4 -393.4 2483.8 0 0 0 0 0 0 0 0 0
-297.6 -788.8 2177.2 0 0 0 0 0 0 0 0 0
101.1 -802.0 2155.8 0 0 0 0 0 0 0 0 0
-38.3 92.7 2891.6 34 0.9953964949 -0.0711278543 0.0642385483 0.0828057677 0.9757268429 -0.2027320415 -0.0482593775 0.2071180940 0.9771249294
-23.7 -107.3 2849.2 0.9953964949 -0.0711278543 0.0642385483 0.0828057677 0.9757268429 -0.2027320415 -0.0482593775 0.2071180940 0.9771249294
-10.9 -296.7 2801.2 0.9956094027 -0.0654608235 0.0669085979 0.0797771811 0.9673117399 -0.2407148033 -0.0489640832 0.2449956983 0.9682869315
-165.6 -118.7 2856.1 -0.0741495043 -0.7332031727 -0.6759548187 0.6367853880 0.4868300557 -0.5979137421 0.7674673796 -0.4747731984 0.4307948947
-145.0 -295.6 2642.9 -0.3203883469 -0.7167340517 -0.6193896532 0.4453294277 0.4631386697 -0.7662795186 0.8360819221 -0.5213394761 0.1707985550
118.2 -95.9 2842.2 0.0236554332 0.6342365146 0.7727770805 -0.7743618488 0.5005254149 -0.3870891631 -0.6323006749 -0.5892523527 0.5029687285
123.9 -282.7 2689.7 -0.4296054840 0.6342365146 0.6427932382 -0.4055055678 0.5005254149 -0.7648788095 -0.8068484068 -0.5892523527 0.0421579964
-85.6 -492.7 2754.6 0.9508973360 0.2802878916 -0.1312745214 -0.1401351392 0.0117167560 -0.9900630713 -0.2759645879 0.9598444700 0.0504196137
-195.3 -497.2 2379.0 0.9508973360 0.2743857205 0.1432019174 -0.1401351392 0.7942192554 -0.5912511349 -0.2759645879 0.5421515107 0.7936720252
94.2 -477.2 2745.4 0.9990668893 -0.0325879343 -0.0283448044 -0.0310917106 -0.0871319398 -0.9957114458 0.0299784411 0.9956636429 -0.0880638510
111.1 -432.1 2230.9 0.9990668893 0.0246036723 -0.0354973339 -0.0310917106 0.9801703691 -0.1957022101 0.0299784411 0.1966232657 0.9800207019
-62.7 -410.0 2428.2 0 0 0 0 0 0 0 0 0
13.9 -386.4 2483.3 0 0 0 0 0 0 0 0 0
-298.6 -796.4 2174.8 0 0 0 0 0 0 0 0 0
101.8 -801.3 2156.8 0 0 0 0 0 0 0 0 0
-39.8 93.2 2888.5 35 0.9964228272 -0.0670725480 0.0514082611 0.0756729320 0.9789653420 -0.1894742548 -0.0376183875 0.1926866919 0.9805389643
-26.0 -107.8 2848.9 0.9964228272 -0.0670725480 0.0514082611 0.0756729320 0.9789653420 -0.1894742548 -0.0376183875 0.1926866919 0.9805389643
-13.9 -297.9 2803.3 0.9966230392 -0.0617965870 0.0540711209 0.0726441815 0.9705330729 -0.2297572643 -0.0382795930 0.2329093367 0.9717447758
-168.0 -118.2 2854.3 -0.0899399221 -0.7241529226 -0.6837494969 0.6393976212 0.4843836725 -0.5971122980 0.7635977268 -0.4908920527 0.4194562435
-143.0 -295.7 2642.3 -0.3013812900 -0.7174280286 -0.6280655265 0.4491735995 0.4742044508 -0.7572141290 0.8410781026 -0.5103206038 0.1793333888
116.0 -97.5 2843.5 0.0201619007 0.6345569491 0.7726130486 -0.7591567039 0.5125795603 -0.4011773765 -0.6505955458 -0.5784459114 0.4920627475
121.1 -287.0 2681.0 -0.4292494059 0.6345569491 0.6427148581 -0.3886542320 0.5125795603 -0.7656435966 -0.8152869940 -0.5784459114 0.0265987664
-88.1 -493.3 2757.7 0.9520328045 0.2702693939 -0.1434852928 -0.1450257301 -0.0143713010 -0.9893234968 -0.2694459260 0.9626774788 0.0255140625
-193.8 -487.7 2380.9 0.9520328045 0.2718456089 0.1404761225 -0.1450257301 0.8050984144 -0.5751383305 -0.2694459260 0.5271779299 0.8059046865
91.9 -478.9 2748.8 0.9990209341 -0.0354356095 -0.0264846217 -0.0294837598 -0.0869804993 -0.9957736135 0.0329822004 0.9955796003 -0.0879401192
110.5 -433.3 2227.3 0.9990209341 0.0228833668 -0.0378611833 -0.0294837598 0.9824510217 -0.1841756254 0.0329822004 0.1851115972 0.9821638465
-65.7 -411.1 2426.4 0 0 0 0 0 0 0 0 0
11.2 -386.5 2472.3 0 0 0 0 0 0 0 0 0
-296.2 -790.9 2182.4 0 0 0 0 0 0 0 0 0
101.8 -803.3 2157.6 0 0 0 0 0 0 0 0 0
-39.9 91.9 2887.4 36 0.9974597692 -0.0676766112 0.0222248342 0.0707311556 0.9779492617 -0.1965003461 -0.0084362822 0.1975731701 0.9802518487
-26.0 -108.7 2846.8 0.9974597692 -0.0676766112 0.0222248342 0.0707311556 0.9779492617 -0.1965003461 -0.0084362822 0.1975731701 0.9802518487
-13.3 -298.6 2800.4 0.9975951910 -0.0646744296 0.0249216799 0.0687385947 0.9692755342 -0.2361778915 -0.0088813044 0.2373230010 0.9713901877
-168.1 -118.5 2848.1 -0.1035003960 -0.7067955136 -0.6998055577 0.6488445997 0.4852809012 -0.5860913992 0.7538490295 -0.5147257447 0.4083736539
-139.6 -297.3 2640.4 -0.2666487098 -0.7159400582 -0.6452351213 0.4486880898 0.5002883077 -0.7405340075 0.8529815078 -0.4869717360 0.1878325492
116.1 -99.0 2845.6 0.0123656811 0.6225737929 0.7824634314 -0.7524463534 0.5211538672 -0.4027692974 -0.6585374475 -0.5837812424 0.4748978019
119.2 -286.7 2681.3 -0.4367629588 0.6225737929 0.6493381262 -0.3875897825 0.5211538672 -0.7603767514 -0.8117957115 -0.5837812424 0.0136825247
-91.9 -494.5 2761.1 0.9536590576 0.2577580810 -0.1552261114 -0.1557693928 -0.0184425227 -0.9876212478 -0.2574301362 0.9660334587 0.0225629415
-192.8 -487.3 2382.9 0.9536590576 0.2738793194 0.1245973706 -0.1557693928 0.8036741018 -0.5743203759 -0.2574301362 0.5282973647 0.8090931177
88.2 -481.3 2754.2 0.9985320568 -0.0430174433 -0.0329125524 -0.0367274322 -0.0911308229 -0.9951614141 0.0398099534 0.9949094057 -0.0925769657
111.0 -433.0 2226.8 0.9985320568 0.0282758828 -0.0461975224 -0.0367274322 0.9803529382 -0.1938020289 0.0398099534 0.1952142566 0.9799523354
-71.1 -412.4 2421.5 0 0 0 0 0 0 0 0 0
7.4 -385.9 2473.4 0 0 0 0 0 0 0 0 0
-296.0 -789.9 2183.9 0 0 0 0 0 0 0 0 0
100.4 -802.2 2153.3 0 0 0 0 0 0 0 0 0
-38.7 92.4 2886.3 37 0.9967195392 -0.0759794414 0.0278788805 0.0797325596 0.9809448123 -0.1771722138 -0.0138861975 0.1788138747 0.9837849140
-23.0 -109.7 2849.5 0.9967195392 -0.0759794414 0.0278788805 0.0797325596 0.9809448123 -0.1771722138 -0.0138861975 0.1788138747 0.9837849140
-8.7 -300.1 2806.0 0.9968408942 -0.0730505362 0.0311753359 0.0781427324 0.9722797871 -0.2203764021 -0.0142125348 0.2221163213 0.9749165773
-165.1 -120.8 2851.5 -0.0749329627 -0.7178569436 -0.6921462417 0.6348236203 0.5009356737 -0.5882707238 0.7690150142 -0.4834716320 0.4181759655
-144.3 -296.8 2638.3 -0.2989433706 -0.7065736651 -0.6413941979 0.4584219158 0.4831621349 -0.7459247112 0.8369481564 -0.5170184374 0.1794707328
119.0 -98.5 2847.5 0.0187959820 0.5949702263 0.8035279512 -0.7470760942 0.5424686670 -0.3841940761 -0.6644727588 -0.5930752158 0.4546842575
123.8 -288.7 2678.4 -0.4618613720 0.5949702263 0.6577951908 -0.3731441200 0.5424686670 -0.7526561022 -0.8046412468 -0.5930752158 -0.0285356697
-90.8 -494.6 2754.7 0.9521601796 0.2666072249 -0.1493706852 -0.1576977670 0.0099749146 -0.9874370694 -0.2617678940 0.9637536407 0.0515410826
-195.1 -498.5 2377.4 0.9521601796 0.2778822780 0.1271709949 -0.1576977670 0.8032280803 -0.5744180083 -0.2617678940 0.5268833637 0.8086231947
89.5 -482.2 2753.1 0.9987084270 -0.0415167809 -0.0292888228 -0.0331486091 -0.0955557600 -0.9948719740 0.0385051668 0.9945579171 -0.0968085676
111.4 -431.8 2229.2 0.9987084270 0.0246458165 -0.0444304161 -0.0331486091 0.9787880182 -0.2021760643 0.0385051668 0.2033877373 0.9783408046
-67.6 -414.4 2423.6 0 0 0 0 0 0 0 0 0
5.5 -384.2 2472.4 0 0 0 0 0 0 0 0 0
-299.8 -801.0 2179.0 0 0 0 0 0 0 0 0 0
102.1 -800.5 2152.6 0 0 0 0 0 0 0 0 0
-42.2 92.6 2886.8 38 0.9941486120 -0.1069735810 0.0150071830 0.1078970954 0.9767220616 -0.1853974760 0.0051747845 0.1859318614 0.9825490117
-20.0 -110.1 2848.2 0.9941486120 -0.1069735810 0.0150071830 0.1078970954 0.9767220616 -0.1853974760 0.0051747845 0.1859318614 0.9825490117
0.3 -299.5 2803.1 0.9944378734 -0.1034411639 0.0198297333 0.1052241251 0.9674954414 -0.2299574912 0.0046018958 0.2307650149 0.9729986191
-161.6 -125.1 2847.5 -0.0622767285 -0.7248071432 -0.6861313581 0.6317849755 0.5035662055 -0.5892951488 0.7726379037 -0.4701868594 0.4265618026
-144.4 -299.3 2634.4 -0.3036701083 -0.7077787519 -0.6378352046 0.4611654580 0.4766169190 -0.7484402061 0.8337330818 -0.5214264393 0.1816687882
121.7 -95.1 2848.9 0.0154733015 0.5977495313 0.8015335798 -0.7532914877 0.5341073275 -0.3837724626 -0.6575047970 -0.5978502035 0.4585440457
125.6 -289.0 2679.6 -0.4763790071 0.5977495313 0.6447933912 -0.3631578982 0.5341073275 -0.7634432912 -0.8007367849 -0.5978502035 -0.0373600535
-84.5 -497.5 2763.8 0.9508427382 0.2680337727 -0.1550999284 -0.1507233530 -0.0369604938 -0.9878848195 -0.2705190480 0.9627003074 0.0052553276
-189.3 -483.0 2387.2 0.9508427382 0.2781087756 0.1362115592 -0.1507233530 0.7998570800 -0.5809571147 -0.2705190480 0.5318685770 0.8024557829
95.7 -483.4 2761.2 0.9991746545 -0.0282629468 -0.0291751623 -0.0317717269 -0.0962612256 -0.9948489070 0.0253089238 0.9949547648 -0.0970797390
110.8 -432.0 2230.1 0.9991746545 0.0256689638 -0.0314815603 -0.0317717269 0.9767599702 -0.2119681537 0.0253089238 0.2127934396 0.9767693877
-66.5 -417.7 2420.4 0 0 0 0 0 0 0 0 0
3.7 -382.0 2474.6 0 0 0 0 0 0 0 0 0
-294.1 -784.3 2186.9 0 0 0 0 0 0 0 0 0
101.1 -799.9 2150.0 0 0 0 0 0 0 0 0 0
-39.3 93.3 2887.0 39 0.9954990149 -0.0877240002 0.0358644128 0.0928468704 0.9786354899 -0.1834449172 -0.0190056637 0.1859491318 0.9823755622
-21.3 -108.3 2848.7 0.9954990149 -0.0877240002 0.0358644128 0.0928468704 0.9786354899 -0.1834449172 -0.0190056637 0.1859491318 0.9823755622
-4.8 -298.2 2804.3 0.9956600070 -0.0842579454 0.0395197161 0.0910227075 0.9701293707 -0.2248639911 -0.0193926618 0.2274852693 0.9735884070
-163.1 -121.2 2851.5 -0.0701798424 -0.7273115516 -0.6827098131 0.6321110129 0.4970259070 -0.5944752693 0.7716932297 -0.4732685983 0.4248604476
-142.9 -302.5 2630.2 -0.3173559904 -0.7082273364 -0.6306340098 0.4571622014 0.4683735073 -0.7560614944 0.8308356404 -0.5282426476 0.1751336306
120.5 -95.3 2846.0 0.0061460757 0.6415836215 0.7670284510 -0.7651966810 0.4968238771 -0.4094386697 -0.6437672377 -0.5844112039 0.4939911962
122.1 -288.8 2683.2 -0.4634398818 0.6415836215 0.6112232804 -0.3560382426 0.4968238771 -0.7914561033 -0.8114556074 -0.5844112039 -0.0018196930
-69.3 -498.4 2757.5 0.9426867366 0.3070120215 -0.1307107806 -0.1268473417 -0.0325967930 -0.9913865328 -0.3086283207 0.9511472583 0.0082150912
-189.4 -485.6 2385.5 0.9426867366 0.2844952941 0.1743677408 -0.1268473417 0.7888690233 -0.6013280749 -0.3086283207 0.5447459221 0.7797438502
110.4 -479.4 2758.4 0.9998024702 0.0007153394 -0.0198621601 -0.0197174139 -0.0899117738 -0.9957545400 -0.0024981445 0.9959495068 -0.0898799077
110.0 -431.8 2231.8 0.9998024702 0.0197829083 -0.0019114567 -0.0197174139 0.9751871824 -0.2205020785 -0.0024981445 0.2204962224 0.9753846526
-61.5 -419.9 2416.9 0 0 0 0 0 0 0 0 0
3.4 -380.0 2475.4 0 0 0 0 0 0 0 0 0
-296.5 -782.7 2180.4 0 0 0 0 0 0 0 0 0
102.6 -799.1 2148.8 0 0 0 0 0 0 0 0 0
-39.9 93.6 2886.2 40 0.9965401292 -0.0827394277 0.0078748455 0.0827450901 0.9787524343 -0.1876084059 0.0078150872 0.1876108944 0.9822123647
-22.9 -107.5 2847.6 0.9965401292 -0.0827394277 0.0078748455 0.0827450901 0.9787524343 -0.1876084059 0.0078150872 0.1876108944 0.9822123647
-6.9 -297.4 2802.6 0.9965843558 -0.0817830265 0.0114515042 0.0822208524 0.9697188735 -0.2299674600 0.0077026957 0.2301235348 0.9731309414
-164.8 -119.2 2846.5 -0.0715176091 -0.7097492218 -0.7008147240 0.6435433030 0.5039753914 -0.5760735869 0.7620611787 -0.4922040105 0.4207112491
-144.8 -299.8 2632.7 -0.3316309154 -0.6866119504 -0.6469814181 0.4777090847 0.4691543579 -0.7427572012 0.8135201335 -0.5553901196 0.1724146903
119.0 -95.8 2848.7 -0.0004216770 0.6597540975 0.7514814734 -0.7644586563 0.4842469096 -0.4255677164 -0.6446726322 -0.5746559501 0.5041505098
118.9 -288.5 2686.2 -0.4451791644 0.6597540975 0.6054254770 -0.3642196953 0.4842469096 -0.7955180407 -0.8180217147 -0.5746559501 0.0247187894
-78.2 -496.3 2761.5 0.9477623105 0.2820223272 -0.1490302086 -0.1465343535 -0.0300464239 -0.9887491465 -0.2833271623 0.9589372277 0.0128490878
-188.5 -484.6 2386.3 0.9477623105 0.2836020589 0.1460015774 -0.1465343535 0.7936658263 -0.5904424191 -0.2833271623 0.5382048488 0.7937639952
101.7 -479.9 2758.0 0.9998245239 -0.0135850413 -0.0128983818 -0.0140625881 -0.0894132033 -0.9958953261 0.0123759937 0.9959019423 -0.0895885527
108.9 -432.8 2233.0 0.9998245239 0.0109897219 -0.0151706170 -0.0140625881 0.9753411412 -0.2202541977 0.0123759937 0.2204288840 0.9753245115
-59.7 -422.4 2423.9 0 0 0 0 0 0 0 0 0
4.9 -381.8 2476.7 0 0 0 0 0 0 0 0 0
-295.3 -783.5 2183.6 0 0 0 0 0 0 0 0 0
104.7 -800.1 2150.0 0 0 0 0 0 0 0 0 0
-39.7 92.6 2885.7 41 0.9970148802 -0.0769598037 -0.0062073190 0.0744939521 0.9799672365 -0.1847021282 0.0202976074 0.1836883575 0.9827749729
-23.9 -108.8 2848.0 0.9970148802 -0.0769598037 -0.0062073190 0.0744939521 0.9799672365 -0.1847021282 0.0202976074 0.1836883575 0.9827749729
-9.0 -299.0 2804.0 0.9971213341 -0.0757616311 -0.0030363328 0.0731335580 0.9715588093 -0.2252220511 0.0200131666 0.2243516594 0.9743027091
-165.9 -119.2 2845.1 -0.0820033923 -0.6981365085 -0.7112530470 0.6510315537 0.5028272867 -0.5686146021 0.7546080351 -0.5096765161 0.4132753611
-142.9 -302.1 2633.1 -0.3238638639 -0.6862967610 -0.6512364745 0.4626265764 0.4855555296 -0.7417631149 0.8252810836 -0.5415095687 0.1602452248
118.2 -98.4 2850.8 0.0168231372 0.6176342368 0.7862855196 -0.7532263994 0.5249940157 -0.3962716460 -0.6575461626 -0.5855845213 0.4740504920
122.4 -286.3 2686.8 -0.4560413957 0.6176342368 0.6407450438 -0.3675451875 0.5249940157 -0.7676534057 -0.8105163574 -0.5855845213 -0.0124105038
-80.9 -494.7 2756.8 0.9474870563 0.2810290158 -0.1526139230 -0.1556211710 -0.0117245270 -0.9877472520 -0.2793749571 0.9596276283 0.0326252282
-190.9 -490.1 2381.2 0.9474870563 0.2866134346 0.1418486834 -0.1556211710 0.8007352948 -0.5784505606 -0.2793749571 0.5259997249 0.8032894135
99.2 -479.9 2758.2 0.9998061657 -0.0163410958 -0.0109836645 -0.0124067804 -0.0897026360 -0.9958913326 0.0152886910 0.9958345294 -0.0898879915
107.8 -432.6 2233.3 0.9998061657 0.0089795711 -0.0175225437 -0.0124067804 0.9783592224 -0.2065412849 0.0152886910 0.2067186385 0.9782809615
-59.8 -420.8 2421.3 0 0 0 0 0 0 0 0 0
5.6 -380.4 2479.2 0 0 0 0 0 0 0 0 0
-298.8 -791.7 2183.1 0 0 0 0 0 0 0 0 0
104.4 -801.0 2155.4 0 0 0 0 0 0 0 0 0
-38.4 92.3 2885.5 42 0.9958677292 -0.0908118710 0.0007953354 0.0893933326 0.9786927104 -0.1848496050 0.0160081498 0.1841568649 0.9827665091
-19.7 -109.1 2847.6 0.9958677292 -0.0908118710 0.0007953354 0.0893933326 0.9786927104 -0.1848496050 0.0160081498 0.1841568649 0.9827665091
-2.5 -299.2 2804.0 0.9961285591 -0.0878042504 0.0042786878 0.0865464360 0.9709982872 -0.2228722721 0.0154145341 0.2223797441 0.9748382568
-161.7 -121.4 2845.4 -0.0641723648 -0.7084962130 -0.7027908564 0.6502747536 0.5045136809 -0.5679864883 0.7569839358 -0.4934562147 0.4283413589
-143.7 -303.4 2633.5 -0.3213905096 -0.6951920986 -0.6429743767 0.4497995377 0.4854339063 -0.7496894598 0.8332997561 -0.5301526785 0.1566832513
122.2 -96.8 2849.8 -0.0226009637 0.6876111031 0.7257273197 -0.7582834959 0.4612867236 -0.4606741369 -0.6515330076 -0.5607187748 0.5109786391
116.6 -285.1 2688.0 -0.4256708026 0.6876111031 0.5882136822 -0.3695163429 0.4612867236 -0.8066425920 -0.8259915709 -0.5607187748 0.0577272587
-84.3 -495.9 2758.3 0.9482763410 0.2656392455 -0.1738038957 -0.1712745875 -0.0328446478 -0.9846757054 -0.2672770619 0.9635128379 0.0143514546
-188.3 -483.0 2381.1 0.9482763410 0.2904888093 0.1280166656 -0.1712745875 0.8077227473 -0.5641356111 -0.2672770619 0.5130304694 0.8156977296
95.9 -482.7 2761.9 0.9995884895 -0.0236884598 -0.0161778424 -0.0182954893 -0.0920950100 -0.9955821037 0.0220939089 0.9954684377 -0.0924905017
108.5 -433.7 2232.2 0.9995884895 0.0133159393 -0.0254077036 -0.0182954893 0.9781388044 -0.2071467191 0.0220939089 0.2075263262 0.9779798985
-61.2 -418.9 2419.6 0 0 0 0 0 0 0 0 0
7.6 -379.7 2476.6 0 0 0 0 0 0 0 0 0
-297.7 -787.2 2187.9 0 0 0 0 0 0 0 0 0
103.5 -802.1 2154.0 0 0 0 0 0 0 0 0 0
-38.9 89.1 2886.4 43 0.9958883524 -0.0896857679 -0.0127630569 0.0856123492 0.9778423309 -0.1910362840 0.0296134930 0.1891581267 0.9814999700
-20.5 -111.6 2847.6 0.9958883524 -0.0896857679 -0.0127630569 0.0856123492 0.9778423309 -0.1910362840 0.0296134930 0.1891581267 0.9814999700
-3.0 -301.5 2803.1 0.9959451556 -0.0894823521 -0.0092821093 0.0849946588 0.9697382450 -0.2288746387 0.0294814557 0.2271576524 0.9734116793
-162.4 -123.7 2843.4 -0.0639335737 -0.7015495300 -0.7097469568 0.6452432871 0.5134865046 -0.5656789541 0.7612972856 -0.4941253662 0.4198411107
-144.6 -303.2 2631.6 -0.3246614039 -0.6858360171 -0.6513248086 0.4543528259 0.4908817112 -0.7433698177 0.8295531869 -0.5372747183 0.1522411853
121.4 -99.5 2851.8 -0.0160629861 0.6766688228 0.7361122966 -0.7517124414 0.4772679508 -0.4551304281 -0.6592953801 -0.5606555343 0.5009940267
117.4 -288.6 2685.9 -0.4360640943 0.6766688228 0.5932683945 -0.3537805974 0.4772679508 -0.8043970466 -0.8274583817 -0.5606555343 0.0312728882
-75.4 -497.2 2759.1 0.9457400441 0.2892296612 -0.1480606049 -0.1417383850 -0.0428069159 -0.9889781475 -0.2923798263 0.9563021660 0.0005107296
-188.6 -480.5 2384.8 0.9457400441 0.2816503346 0.1620148867 -0.1417383850 0.8062881231 -0.5742906332 -0.2923798263 0.5201659203 0.8024595976
104.7 -481.6 2761.9 0.9996290803 -0.0103332009 -0.0251966938 -0.0260302797 -0.0905926004 -0.9955477715 0.0080045611 0.9958344102 -0.0908279791
110.2 -433.3 2231.8 0.9996290803 0.0237914324 -0.0132520245 -0.0260302797 0.9777470827 -0.2081660032 0.0080045611 0.2084337473 0.9780037403
-61.3 -419.9 2418.6 0 0 0 0 0 0 0 0 0
5.7 -379.2 2474.1 0 0 0 0 0 0 0 0 0
-294.6 -784.1 2188.9 0 0 0 0 0 0 0 0 0
101.2 -801.6 2153.3 0 0 0 0 0 0 0 0 0
-38.4 89.6 2885.3 44 0.9966619611 -0.0813566819 0.0067852987 0.0811619312 0.9784345627 -0.1899435222 0.0088142036 0.1898601949 0.9817715883
-21.7 -111.3 2846.3 0.9966619611 -0.0813566819 0.0067852987 0.0811619312 0.9784345627 -0.1899435222 0.0088142036 0.1898601949 0.9817715883
-6.2 -301.4 2801.8 0.9968158007 -0.0791226774 0.0098910239 0.0792933702 0.9705066085 -0.2276609987 0.0084138447 0.2277203649 0.9736902118
-163.7 -122.6 2845.1 -0.0700950027 -0.7080770135 -0.7026476264 0.6400032043 0.5083764791 -0.5761504173 0.7651683688 -0.4900819659 0.4175368845
-143.7 -305.3 2626.7 -0.3363704681 -0.6904612780 -0.6404046416 0.4422493577 0.4845626652 -0.7547281384 0.8314267397 -0.5370867848 0.1423634887
120.3 -100.0 2847.5 0.0067917220 0.6352633834 0.7722657323 -0.7519859672 0.5123025179 -0.4148050845 -0.6591441631 -0.5779157281 0.4811885357
122.0 -286.9 2683.7 -0.4424651265 0.6352633834 0.6329811215 -0.3718908727 0.5123025179 -0.7741080523 -0.8160402775 -0.5779157281 0.0095726363
-75.4 -499.1 2755.9 0.9447654486 0.2960921526 -0.1405263692 -0.1396912932 -0.0240865648 -0.9899020791 -0.2964870632 0.9548556209 0.0186053421
-191.4 -489.7 2382.1 0.9447654486 0.2839951515 0.1636000872 -0.1396912932 0.8004759550 -0.5828589797 -0.2964870632 0.5278115273 0.7959336638
104.6 -483.8 2761.3 0.9997390509 -0.0099081267 -0.0205837842 -0.0214373115 -0.0955680832 -0.9951920509 0.0078933360 0.9953736067 -0.0957555473
109.8 -433.0 2232.4 0.9997390509 0.0190901309 -0.0125471102 -0.0214373115 0.9737666249 -0.2265370041 0.0078933360 0.2267468721 0.9739217162
-57.3 -418.9 2413.2 0 0 0 0 0 0 0 0 0
8.7 -382.1 2474.8 0 0 0 0 0 0 0 0 0
-298.3 -791.2 2183.3 0 0 0 0 0 0 0 0 0
102.6 -799.7 2147.0 0 0 0 0 0 0 0 0 0
-38.2 87.2 2884.8 45 0.9974284172 -0.0713811368 0.0064245127 0.0712656528 0.9783081412 -0.1945106238 0.0075992374 0.1944682747 0.9808793664
-23.5 -114.1 2844.8 0.9974284172 -0.0713811368 0.0064245127 0.0712656528 0.9783081412 -0.1945106238 0.0075992374 0.1944682747 0.9808793664
-9.3 -304.2 2799.5 0.9973247051 -0.0725261495 0.0091349455 0.0726703703 0.9701861143 -0.2312096953 0.0079061510 0.2312549651 0.9728610516
-165.6 -124.5 2843.6 -0.0767748952 -0.7043209672 -0.7057178020 0.6398775578 0.5080080628 -0.5766147375 0.7646321654 -0.4958424866 0.4116769135
-144.0 -304.6 2628.4 -0.3324392736 -0.6903675199 -0.6425548792 0.4399287105 0.4891322255 -0.7531350255 0.8342342973 -0.5330500007 0.1411057413
118.6 -103.8 2845.9 0.0134303700 0.6323060393 0.7746022940 -0.7508342266 0.5179814100 -0.4098087549 -0.6603541374 -0.5760940313 0.4817137420
121.9 -288.5 2683.5 -0.4292860329 0.6323060393 0.6449050903 -0.3847537935 0.5179814100 -0.7639763355 -0.8171156645 -0.5760940313 0.0209199917
-80.8 -498.6 2756.4 0.9473623037 0.2823733389 -0.1508973539 -0.1484882087 -0.0300436318 -0.9884576797 -0.2836475968 0.9588340521 0.0134669067
-191.4 -486.8 2381.0 0.9473623037 0.2822225690 0.1511791497 -0.1484882087 0.8056454659 -0.5734863877 -0.2836475968 0.5208510756 0.8051448464
99.4 -484.3 2757.9 0.9997128248 -0.0172566902 -0.0166263264 -0.0182237495 -0.0969659761 -0.9951208234 0.0155603038 0.9951381087 -0.0972526073
108.5 -433.1 2233.2 0.9997128248 0.0142856706 -0.0192392226 -0.0182237495 0.9745811820 -0.2232922912 0.0155603038 0.2235787809 0.9745616317
-58.7 -417.6 2414.2 0 0 0 0 0 0 0 0 0
12.0 -387.0 2474.3 0 0 0 0 0 0 0 0 0
-297.6 -790.3 2184.8 0 0 0 0 0 0 0 0 0
103.1 -800.2 2149.0 0 0 0 0 0 0 0 0 0
-35.3 89.2 2886.0 46 0.9972664714 -0.0737973228 0.0036814553 0.0730442777 0.9771269560 -0.1997184008 0.0111414352 0.1994413733 0.9798464179
-20.2 -111.0 2845.2 0.9972664714 -0.0737973228 0.0036814553 0.0730442777 0.9771269560 -0.1997184008 0.0111414352 0.1994413733 0.9798464179
-6.0 -300.8 2798.7 0.9973335862 -0.0726852939 0.0065228436 0.0721525326 0.9687132835 -0.2374627292 0.0109412838 0.2373002023 0.9713747501
-162.4 -121.3 2843.6 -0.0720776543 -0.7022079229 -0.7083141208 0.6488034725 0.5063650012 -0.5680216551 0.7575347424 -0.5004982948 0.4190973043
-142.0 -304.6 2629.6 -0.3326664865 -0.6894217730 -0.6434521079 0.4415168166 0.4890525341 -0.7522569299 0.8333042264 -0.5343455672 0.1416999102
121.9 -100.7 2846.7 -0.0136441570 0.6429616213 0.7657768726 -0.7493671775 0.5004743338 -0.4335600734 -0.6620141268 -0.5797635913 0.4749857783
118.4 -291.2 2678.5 -0.4246626198 0.6429616213 0.6373868585 -0.3970050514 0.5004743338 -0.7693584561 -0.8136637211 -0.5797635913 0.0427262932
-85.3 -500.7 2753.5 0.9497771859 0.2758633196 -0.1477252692 -0.1472927481 -0.0224068742 -0.9888390899 -0.2760944963 0.9609356523 0.0193511304
-193.3 -492.0 2377.2 0.9497771859 0.2784568965 0.1427763402 -0.1472927481 0.8003666997 -0.5811350346 -0.2760944963 0.5309188962 0.8011847138
95.0 -487.6 2754.9 0.9994865656 -0.0265728515 -0.0179021470 -0.0205593221 -0.1033493429 -0.9944326282 0.0245747343 0.9942901134 -0.1038426012
109.0 -433.3 2232.7 0.9994865656 0.0144999027 -0.0285719465 -0.0205593221 0.9741865396 -0.2248063833 0.0245747343 0.2252783924 0.9739844799
-56.6 -418.0 2415.6 0 0 0 0 0 0 0 0 0
9.7 -392.8 2470.2 0 0 0 0 0 0 0 0 0
-298.2 -793.4 2177.2 0 0 0 0 0 0 0 0 0
103.5 -800.2 2147.9 0 0 0 0 0 0 0 0 0
-37.1 90.2 2886.2 47 0.9977829456 -0.0655120760 0.0117201554 0.0665418059 0.9789243340 -0.1930784583 0.0011758262 0.1934302747 0.9811133146
-23.6 -111.3 2846.4 0.9977829456 -0.0655120760 0.0117201554 0.0665418059 0.9789243340 -0.1930784583 0.0011758262 0.1934302747 0.9811133146
-10.7 -301.6 2801.9 0.9977378845 -0.0657558218 0.0139764892 0.0672118068 0.9716645479 -0.2266066968 0.0013202502 0.2270334661 0.9738860726
-165.8 -120.9 2846.2 -0.0848472938 -0.7036804557 -0.7054322958 0.6454523206 0.5005412698 -0.5769312978 0.7590732574 -0.5042739511 0.4117226005
-142.0 -301.7 2633.5 -0.3291545808 -0.6920969486 -0.6423854828 0.4478822649 0.4844731390 -0.7514567375 0.8312994242 -0.5350584984 0.1505113989
118.6 -101.7 2846.5 0.0034246347 0.6309458613 0.7758193016 -0.7479987741 0.5165268183 -0.4167707860 -0.6636912823 -0.5788846016 0.4737156332
119.5 -291.1 2678.5 -0.4242310226 0.6309458613 0.6495655179 -0.3950215876 0.5165268183 -0.7597091198 -0.8148533702 -0.5788846016 0.0301105212
-81.9 -497.0 2751.2 0.9476677179 0.2856219113 -0.1426393092 -0.1469629258 -0.0063566319 -0.9891215563 -0.2834214866 0.9583212733 0.0359518565
-193.7 -494.5 2376.0 0.9476677179 0.2826759517 0.1483918577 -0.1469629258 0.7988777757 -0.5832633376 -0.2834214866 0.5309317708 0.7986136079
98.4 -484.0 2753.2 0.9996324182 -0.0206699017 -0.0175430030 -0.0194808394 -0.0976207256 -0.9950330257 0.0188546740 0.9950090051 -0.0979875103
109.2 -432.8 2231.6 0.9996324182 0.0149314608 -0.0226285942 -0.0194808394 0.9760863185 -0.2165085226 0.0188546740 0.2168697566 0.9760184288
-57.5 -416.7 2420.0 0 0 0 0 0 0 0 0 0
10.8 -392.3 2469.8 0 0 0 0 0 0 0 0 0
-300.2 -795.4 2176.0 0 0 0 0 0 0 0 0 0
103.6 -800.4 2149.9 0 0 0 0 0 0 0 0 0
-39.8 90.2 2884.7 48 0.9974684119 -0.0690842569 0.0168556441 0.0710576698 0.9774799943 -0.1987051219 -0.0027486596 0.1993997991 0.9799143672
-25.6 -110.5 2843.8 0.9974684119 -0.0690842569 0.0168556441 0.0710576698 0.9774799943 -0.1987051219 -0.0027486596 0.1993997991 0.9799143672
-12.3 -300.4 2797.9 0.9975065589 -0.0678822622 0.0193052758 0.0705156848 0.9697888494 -0.2335318178 -0.0028693744 0.2343108356 0.9721574783
-167.8 -120.5 2844.2 -0.0863320157 -0.7066517472 -0.7022749782 0.6505048871 0.4939184189 -0.5769644976 0.7545794845 -0.5066437721 0.4170394242
-143.8 -301.3 2634.4 -0.3279936910 -0.6983883977 -0.6361397505 0.4404444993 0.4826692641 -0.7569934130 0.8357205391 -0.5284733176 0.1492888480
116.5 -100.4 2843.4 0.0136373704 0.6401987672 0.7680882215 -0.7581040263 0.5074997544 -0.4095391333 -0.6519910693 -0.5767057538 0.4922582209
119.9 -288.7 2681.5 -0.4162417352 0.6401987672 0.6456689239 -0.4018054903 0.5074997544 -0.7622311711 -0.8156563044 -0.5767057538 0.0459927842
-88.0 -498.0 2757.3 0.9512854815 0.2699146271 -0.1490035355 -0.1509210467 -0.0137582468 -0.9884500504 -0.2688471675 0.9627859592 0.0276477765
-193.7 -492.6 2380.3 0.9512854815 0.2783796489 0.1325169206 -0.1509210467 0.7952524424 -0.5871936083 -0.2688471675 0.5385891795 0.7985254526
92.4 -485.8 2757.6 0.9993253946 -0.0308565106 -0.0199156385 -0.0228897799 -0.0992419645 -0.9948000312 0.0287195910 0.9945847988 -0.0998813137
108.7 -433.3 2231.2 0.9993253946 0.0162488259 -0.0329352766 -0.0228897799 0.9768764377 -0.2125757784 0.0287195910 0.2131862491 0.9765893817
-59.6 -414.4 2419.8 0 0 0 0 0 0 0 0 0
13.3 -391.6 2472.6 0 0 0 0 0 0 0 0 0
-298.5 -792.1 2177.4 0 0 0 0 0 0 0 0 0
102.6 -801.2 2150.9 0 0 0 0 0 0 0 0 0
-39.5 92.4 2886.0 49 0.9970363379 -0.0767868683 -0.0047240932 0.0743832067 0.9778596163 -0.1955957860 0.0196386874 0.1946647167 0.9806731939
-23.7 -108.0 2846.1 0.9970363379 -0.0767868683 -0.0047240932 0.0743832067 0.9778596163 -0.1955957860 0.0196386874 0.1946647167 0.9806731939
-8.7 -297.8 2800.0 0.9970614314 -0.0765907764 -0.0015435712 0.0740648806 0.9689347744 -0.2359655648 0.0195684060 0.2351578474 0.9717602134
-165.8 -118.6 2843.3 -0.0725842193 -0.6989325881 -0.7114947438 0.6511269212 0.5071665645 -0.5646377802 0.7554900646 -0.5042571425 0.4182815552
-145.4 -301.7 2630.9 -0.3374946713 -0.6862822771 -0.6442934275 0.4395065010 0.4903851151 -0.7525665760 0.8324249983 -0.5371583700 0.1361231506
118.3 -97.5 2848.9 0.0183424782 0.6427834034 0.7658283710 -0.7532321811 0.5125845671 -0.4121872485 -0.6574988961 -0.5692860484 0.4935671985
123.0 -288.8 2681.8 -0.4257036448 0.6427834034 0.6368719935 -0.3788172305 0.5125845671 -0.7705547214 -0.8217505217 -0.5692860484 0.0252882931
-89.2 -496.7 2752.3 0.9510482550 0.2726345062 -0.1455253661 -0.1514197886 0.0005874425 -0.9884693623 -0.2694053650 0.9621174932 0.0418409444
-196.0 -496.9 2375.5 0.9510482550 0.2782604396 0.1344556659 -0.1514197886 0.7988368869 -0.5821784139 -0.2694053650 0.5333204865 0.8018665910
91.1 -484.0 2751.8 0.9989916682 -0.0360422097 -0.0267687272 -0.0302205607 -0.0989092961 -0.9946374297 0.0332012549 0.9944435358 -0.0998987854
110.0 -432.3 2232.6 0.9989916682 0.0223263334 -0.0389504880 -0.0302205607 0.9760039449 -0.2156455219 0.0332012549 0.2166052014 0.9756945372
-58.7 -414.5 2417.1 0 0 0 0 0 0 0 0 0
14.0 -385.8 2471.5 0 0 0 0 0 0 0 0 0
-300.8 -797.8 2174.6 0 0 0 0 0 0 0 0 0
101.6 -799.9 2151.0 0 0 0 0 0 0 0 0 0
-38.8 91.5 2886.1 50 0.9969568253 -0.0767216906 -0.0138161080 0.0725272521 0.9778285623 -0.1964462996 0.0285814777 0.1948464364 0.9804172516
-23.1 -108.8 2846.2 0.9969568253 -0.0767216906 -0.0138161080 0.0725272521 0.9778285623 -0.1964462996 0.0285814777 0.1948464364 0.9804172516
-8.5 -298.7 2801.0 0.9971539974 -0.0745843351 -0.0110030444 0.0699887276 0.9700363874 -0.2326607704 0.0280262008 0.2312285304 0.9724957347
-165.2 -118.7 2842.2 -0.0764271170 -0.6926565170 -0.7172070146 0.6502172351 0.5106948018 -0.5625019073 0.7558944821 -0.5093307495 0.4113462567
-143.5 -302.9 2628.1 -0.3304275870 -0.6816067100 -0.6528628469 0.4481711686 0.4954494834 -0.7440916896 0.8306384683 -0.5384626985 0.1417663097
119.0 -98.8 2850.2 0.0309284963 0.6354754567 0.7715013623 -0.7546432614 0.5209769011 -0.3988691270 -0.6554059386 -0.5698719025 0.4956703186
126.7 -286.8 2687.0 -0.4317549765 0.6354754567 0.6401238441 -0.3721219897 0.5209769011 -0.7681850791 -0.8216525316 -0.5698719025 0.0115400236
-83.8 -494.3 2752.2 0.9482577443 0.2794378400 -0.1507372558 -0.1623451561 0.0187313948 -0.9865562320 -0.2728576362 0.9599810243 0.0631275699
-193.3 -501.6 2376.3 0.9482577443 0.2921038568 0.1244289801 -0.1623451561 0.7828737497 -0.6006269455 -0.2728576362 0.5493487120 0.7897877693
96.4 -480.9 2755.8 0.9993694425 -0.0260738190 -0.0241007805 -0.0263584778 -0.0900270939 -0.9955904484 0.0237891208 0.9955979586 -0.0906575993
110.2 -433.3 2229.2 0.9993694425 0.0211067386 -0.0285516586 -0.0263584778 0.9797872305 -0.1982982457 0.0237891208 0.1989257932 0.9797257781
-58.7 -418.0 2414.8 0 0 0 0 0 0 0 0 0
16.2 -382.0 2476.6 0 0 0 0 0 0 0 0 0
-303.2 -796.4 2169.5 0 0 0 0 0 0 0 0 0
102.2 -802.3 2154.3 0 0 0 0 0 0 0 0 0
-39.2 89.2 2886.7 51 0.9969177842 -0.0779453740 -0.0089159003 0.0746089816 0.9770611525 -0.1994617283 0.0242584981 0.1981817335 0.9798650742
-23.2 -110.8 2846.1 0.9969177842 -0.0779453740 -0.0089159003 0.0746089816 0.9770611525 -0.1994617283 0.0242584981 0.1981817335 0.9798650742
-8.5 -300.6 2800.0 0.9971612096 -0.0750566125 -0.0060014902 0.0715124905 0.9689888358 -0.2365304381 0.0235685520 0.2354298085 0.9716055393
-165.3 -121.0 2842.8 -0.0811109841 -0.6955539584 -0.7138807178 0.6460645199 0.5087052584 -0.5690515041 0.7589609027 -0.5073693395 0.4081111252
-142.6 -301.8 2630.4 -0.3205381632 -0.6859949827 -0.6531968713 0.4523903728 0.4949891865 -0.7418413758 0.8322248459 -0.5332884789 0.1516745985
118.9 -100.6 2849.5 0.0273544472 0.6240970492 0.7808678746 -0.7509949803 0.5283868313 -0.3959973454 -0.6597411036 -0.5755955577 0.4831474423
125.6 -286.4 2686.3 -0.4398164153 0.6240970492 0.6458052397 -0.3713114560 0.5283868313 -0.7635018826 -0.8177342415 -0.5755955577 -0.0006588220
-84.0 -495.1 2753.1 0.9488832951 0.2839742303 -0.1377649307 -0.1523848176 0.0299389288 -0.9878676534 -0.2764044404 0.9583643675 0.0716819093
-195.2 -506.8 2377.8 0.9488832951 0.2889601886 0.1269746274 -0.1523848176 0.7717149854 -0.6174421906 -0.2764044404 0.5665315390 0.7763005495
96.3 -482.4 2758.2 0.9992332458 -0.0268709250 -0.0284754913 -0.0307995584 -0.0904608071 -0.9954236150 0.0241720378 0.9955374599 -0.0912190601
110.6 -434.0 2225.9 0.9992332458 0.0257638358 -0.0294809248 -0.0307995584 0.9821385741 -0.1856212169 0.0241720378 0.1863868982 0.9821790457
-60.3 -418.0 2416.7 0 0 0 0 0 0 0 0 0
13.0 -381.5 2476.9 0 0 0 0 0 0 0 0 0
-304.0 -797.3 2164.5 0 0 0 0 0 0 0 0 0
100.9 -803.9 2155.7 0 0 0 0 0 0 0 0 0
-40.6 92.9 2886.5 52 0.9939742684 -0.0961633846 0.0526092611 0.1046244279 0.9754692912 -0.1936836988 -0.0326934345 0.1980208308 0.9796524048
-20.9 -107.1 2845.9 0.9939742684 -0.0961633846 0.0526092611 0.1046244279 0.9754692912 -0.1936836988 -0.0326934345 0.1980208308 0.9796524048
-3.5 -296.7 2800.0 0.9944664240 -0.0888607204 0.0560384840 0.0994546115 0.9681650400 -0.2297068983 -0.0338425785 0.2340090871 0.9716452360
-162.3 -121.2 2850.7 -0.0694570616 -0.7375990152 -0.6716572046 0.6336955428 0.4873698056 -0.6007500887 0.7704581022 -0.4673525095 0.4335619211
-142.3 -303.9 2628.6 -0.2968763113 -0.7224856615 -0.6244028211 0.4632890522 0.4627957940 -0.7557666898 0.8350016475 -0.5136482120 0.1973265707
120.6 -93.0 2841.1 -0.0019462289 0.6899868846 0.7238192558 -0.7761143446 0.4553920925 -0.4361932576 -0.6305891871 -0.5626154542 0.5346224308
120.1 -288.4 2682.3 -0.4335061908 0.6899868846 0.5796468854 -0.3624694645 0.4553920925 -0.8131629229 -0.8250383735 -0.5626154542 0.0526838787
-84.0 -496.9 2751.8 0.9491324425 0.2871957719 -0.1290976703 -0.1422960013 0.0254741777 -0.9894962907 -0.2808904946 0.9575331211 0.0650451779
-196.5 -506.8 2376.7 0.9491324425 0.2819811404 0.1401223242 -0.1422960013 0.7810854316 -0.6079945564 -0.2808904946 0.5571284890 0.7814783454
96.3 -483.9 2756.0 0.9990494847 -0.0294049121 -0.0321795456 -0.0347971246 -0.0933365524 -0.9950263500 0.0262551345 0.9952002764 -0.0942710415
111.9 -434.4 2227.5 0.9990494847 0.0291501749 -0.0324104801 -0.0347971246 0.9811320305 -0.1901816577 0.0262551345 0.1911286712 0.9812138081
-66.1 -422.8 2414.3 0 0 0 0 0 0 0 0 0
9.1 -381.3 2471.0 0 0 0 0 0 0 0 0 0
-302.6 -801.0 2167.0 0 0 0 0 0 0 0 0 0
100.9 -803.9 2155.5 0 0 0 0 0 0 0 0 0
-40.9 93.7 2885.9 53 0.9957287908 -0.0900310650 0.0204605181 0.0922803283 0.9775077105 -0.1896392554 -0.0029268898 0.1907173693 0.9816406369
-22.4 -106.6 2846.8 0.9957287908 -0.0900310650 0.0204605181 0.0922803283 0.9775077105 -0.1896392554 -0.0029268898 0.1907173693 0.9816406369
-5.7 -296.4 2801.7 0.9960682392 -0.0852819085 0.0239813328 0.0885105059 0.9694554210 -0.2287401706 -0.0037414357 0.2299634069 0.9731920958
-164.2 -119.2 2847.3 -0.0732079670 -0.7173933983 -0.6928111911 0.6501627564 0.4924386442 -0.5786126256 0.7562598586 -0.4927990735 0.4303719997
-143.8 -300.4 2636.5 -0.2616612017 -0.7164902091 -0.6466646194 0.4696517885 0.4908128381 -0.7338460088 0.8431847692 -0.4957262278 0.2080742568
119.3 -94.0 2846.3 0.0001399134 0.6430385113 0.7658338547 -0.7589387298 0.4987501800 -0.4186409414 -0.6511620283 -0.5811623931 0.4880966246
119.4 -291.1 2677.1 -0.4468055964 0.6430385113 0.6219857335 -0.3719977140 0.4987501800 -0.7828575373 -0.8136230707 -0.5811623931 0.0163644757
-75.8 -495.2 2757.1 0.9452102184 0.2980382740 -0.1332321167 -0.1366807222 -0.0093406374 -0.9905711412 -0.2964725792 0.9545082450 0.0319072157
-192.4 -491.6 2383.5 0.9452102184 0.2839157581 0.1611503810 -0.1366807222 0.7924396396 -0.5944390297 -0.2964725792 0.5398437381 0.7878278494
103.6 -477.3 2751.0 0.9995256066 -0.0133698536 -0.0277453400 -0.0287574455 -0.0826396942 -0.9961645007 0.0110257072 0.9964898229 -0.0829849690
110.7 -434.0 2228.9 0.9995256066 0.0258557294 -0.0167343393 -0.0287574455 0.9780119061 -0.2065568119 0.0110257072 0.2069400549 0.9782915115
-76.6 -420.9 2420.2 0 0 0 0 0 0 0 0 0
5.0 -386.4 2468.8 0 0 0 0 0 0 0 0 0
-299.3 -790.0 2180.2 0 0 0 0 0 0 0 0 0
100.9 -802.3 2151.0 0 0 0 0 0 0 0 0 0
-42.0 93.6 2885.1 54 0.9954834580 -0.0918292776 0.0240840074 0.0947338790 0.9773817658 -0.1890777498 -0.0061763963 0.1905053407 0.9816667438
-23.2 -106.5 2846.1 0.9954834580 -0.0918292776 0.0240840074 0.0947338790 0.9773817658 -0.1890777498 -0.0061763963 0.1905053407 0.9816667438
-5.7 -296.3 2800.8 0.9956116676 -0.0893486515 0.0278258678 0.0933570638 0.9688746333 -0.2292737067 -0.0064744814 0.2308653146 0.9729641676
-165.0 -119.8 2847.0 -0.0719148815 -0.7215430140 -0.6886246204 0.6454932690 0.4926648736 -0.5836263299 0.7603726983 -0.4864740074 0.4303212464
-144.9 -300.8 2633.8 -0.2521857023 -0.7239602804 -0.6420933604 0.4548459947 0.4969884455 -0.7389976978 0.8541179895 -0.4784182608 0.2039570212
