45.5 2.9 3202.3 51 0.9962393641 0.0809088498 0.0309979655 -0.0482476391 0.8152022958 -0.5771632195 -0.0719672218 0.5734971166 0.8160402775
28.4 -168.7 3081.5 0.9962393641 0.0809088498 0.0309979655 -0.0482476391 0.8152022958 -0.5771632195 -0.0719672218 0.5734971166 0.8160402775
12.3 -325.8 2961.0 0.9963076115 0.0812823772 0.0276453774 -0.0475717112 0.7906959057 -0.6103580594 -0.0714704394 0.6067892313 0.7916430831
-116.9 -161.8 3092.0 -0.0167247988 -0.9717069864 0.2355967015 0.6084153056 0.1770942658 0.7736074328 -0.7934425473 0.1562790722 0.5882395506
-110.7 -387.4 3386.2 0.1622869670 -0.9622980356 -0.2182783335 -0.3454336524 0.1518079638 -0.9260830879 0.9243043661 0.2256918997 -0.3077736795
173.8 -175.7 3071.1 0.4052746892 0.5909361243 0.6975291371 -0.8662574291 0.4920632541 0.0864397436 -0.2921481133 -0.6392716169 0.7113236189
280.2 -403.0 2994.4 -0.7963023782 0.5909361243 0.1292170137 0.2288624197 0.4920632541 -0.8399379253 -0.5599326491 -0.6392716169 -0.5270742178
-108.7 -482.4 2843.4 0.9827154279 0.1004225463 -0.1555173695 -0.1530980170 -0.0314124785 -0.9877116084 -0.1040737033 0.9944489002 -0.0154950358
-153.0 -468.5 2404.8 0.9827154279 0.1565674841 0.0987773389 -0.1530980170 0.9873255491 -0.0418242365 -0.1040737033 0.0259787086 0.9942302108
73.4 -491.8 2824.5 0.9918116331 -0.0153954523 0.1267780364 0.1262677014 -0.0305280797 -0.9915263653 0.0191352870 0.9994153380 -0.0283341575
80.3 -478.1 2377.2 0.9918116331 -0.1270115227 -0.0133327935 0.1262677014 0.9908991456 -0.0466401167 0.0191352870 0.0445747077 0.9988227487
-153.6 -296.1 3142.0 0 0 0 0 0 0 0 0 0
57.7 -339.0 2838.0 0 0 0 0 0 0 0 0 0
-207.8 -814.0 2395.7 0 0 0 0 0 0 0 0 0
128.8 -856.7 2360.2 0 0 0 0 0 0 0 0 0
45.0 2.6 3208.5 52 0.9983503222 0.0573255904 -0.0032357031 -0.0478581823 0.7996891141 -0.5985038877 -0.0317220315 0.5976713896 0.8011133671
32.8 -166.8 3081.9 0.9983503222 0.0573255904 -0.0032357031 -0.0478581823 0.7996891141 -0.5985038877 -0.0317220315 0.5976713896 0.8011133671
22.5 -320.5 2956.7 0.9986134171 0.0523505174 -0.0055416287 -0.0440829359 0.7740470767 -0.6315914989 -0.0287746601 0.6309600472 0.7752815485
-112.8 -160.3 3086.2 0.0165360626 -0.9781212211 0.2073775679 0.6297151446 0.1712918431 0.7577057481 -0.7766501307 0.1180593222 0.6187702417
-118.9 -393.8 3374.2 0.1224097386 -0.9717060328 -0.2019981891 -0.3701615930 0.1441440284 -0.9177161455 0.9208671451 0.1871093661 -0.3420436084
178.5 -173.3 3077.7 0.3937624693 0.5710021853 0.7203524113 -0.8661201596 0.4929471612 0.0826980099 -0.3078749180 -0.6564751267 0.6886606216
281.9 -400.7 2996.8 -0.8133221865 0.5710021853 0.1116399840 0.2309349477 0.4929471612 -0.8388516903 -0.5340187550 -0.6564751267 -0.5327892303
-95.1 -478.6 2847.1 0.9808135033 0.1380458921 -0.1376523226 -0.1355604082 -0.0244883280 -0.9904664159 -0.1401006877 0.9901230335 -0.0053049265
-156.7 -467.7 2405.2 0.9808135033 0.1413558125 0.1342511177 -0.1355604082 0.9894340038 -0.0514168255 -0.1401006877 0.0322311819 0.9896125197
87.4 -487.3 2834.0 0.9899362326 0.0209031906 0.1399616301 0.1403687745 -0.0194719583 -0.9899078012 -0.0179669056 0.9995918870 -0.0222101528
78.0 -478.5 2380.5 0.9899362326 -0.1392343342 0.0252982415 0.1403687745 0.9888044000 -0.0506204776 -0.0179669056 0.0536621287 0.9983974695
-151.3 -296.0 3130.9 0 0 0 0 0 0 0 0 0
54.4 -336.1 2847.5 0 0 0 0 0 0 0 0 0
-205.7 -810.1 2394.0 0 0 0 0 0 0 0 0 0
131.2 -856.3 2360.0 0 0 0 0 0 0 0 0 0
44.2 1.8 3212.1 53 0.9974897504 0.0605917796 0.0366446041 -0.0257949419 0.7928668261 -0.6088487506 -0.0659455210 0.6063751578 0.7924395204
31.4 -165.7 3084.0 0.9974897504 0.0605917796 0.0366446041 -0.0257949419 0.7928668261 -0.6088487506 -0.0659455210 0.6063751578 0.7924395204
20.5 -318.0 2957.0 0.9978947639 0.0550976098 0.0342096351 -0.0203351583 0.7667079568 -0.6416738629 -0.0615834966 0.6396273375 0.7662143111
-114.2 -162.7 3093.0 -0.0232254509 -0.9774298668 0.2099795043 0.6400732398 0.1468051672 0.7541581392 -0.7679627538 0.1519179344 0.6222171187
-105.6 -400.0 3377.8 0.1608020514 -0.9681476355 -0.1919187605 -0.3792573214 0.1189104766 -0.9176187515 0.9112116098 0.2203415632 -0.3480560482
177.0 -168.7 3075.0 0.3647386134 0.5925706625 0.7182101011 -0.8885245919 0.4521147013 0.0782073587 -0.2783699632 -0.6666725874 0.6914172769
273.1 -403.0 3001.6 -0.8015432358 0.5925706625 0.0799280703 0.2488294989 0.4521147013 -0.8565489650 -0.5437024236 -0.6666725874 -0.5098385215
-79.2 -470.2 2834.2 0.9751258492 0.1788624078 -0.1309114695 -0.1318483800 -0.0066916300 -0.9912472963 -0.1781729013 0.9838513136 0.0170575380
-157.5 -467.3 2403.9 0.9751258492 0.1393258125 0.1723887920 -0.1318483800 0.9897899032 -0.0541480482 -0.1781729013 0.0300719794 0.9835395813
103.7 -478.4 2828.9 0.9867044687 0.0589318983 0.1514640749 0.1515881866 0.0023846938 -0.9884408712 -0.0586118922 0.9982591867 -0.0065803919
77.3 -479.4 2382.2 0.9867044687 -0.1478512138 0.0674859434 0.1515881866 0.9869637489 -0.0540698320 -0.0586118922 0.0635810122 0.9962540269
-148.1 -299.8 3137.1 0 0 0 0 0 0 0 0 0
48.8 -333.3 2849.5 0 0 0 0 0 0 0 0 0
-206.0 -812.2 2393.4 0 0 0 0 0 0 0 0 0
133.8 -856.5 2357.9 0 0 0 0 0 0 0 0 0
45.1 1.3 3214.0 54 0.9971894622 0.0663159639 0.0348615572 -0.0319754407 0.7975147963 -0.6024513841 -0.0677547529 0.5996434689 0.7973938584
31.2 -165.7 3088.4 0.9971894622 0.0663159639 0.0348615572 -0.0319754407 0.7975147963 -0.6024513841 -0.0677547529 0.5996434689 0.7973938584
19.1 -319.2 2962.9 0.9976236224 0.0608631223 0.0322926827 -0.0266153943 0.7727364898 -0.6341687441 -0.0635512248 0.6318022013 0.7725200057
-114.4 -161.8 3097.7 -0.0213216618 -0.9762418270 0.2156322449 0.6324883699 0.1538635939 0.7591339946 -0.7742763162 0.1525708884 0.6141809821
-106.5 -396.3 3384.8 0.1606911570 -0.9669646025 -0.1978834420 -0.3710393012 0.1266018152 -0.9199466109 0.9146082401 0.2212498188 -0.3384380937
176.8 -169.6 3079.1 0.3490078151 0.6138523817 0.7080811262 -0.8984745145 0.4339350164 0.0666626990 -0.2663401365 -0.6594586372 0.7029774189
267.5 -403.0 3009.9 -0.7854452729 0.6138523817 0.0791267827 0.2519953549 0.4339350164 -0.8649848104 -0.5653088689 -0.6594586372 -0.4955201447
-81.9 -468.5 2835.7 0.9759271145 0.1780105084 -0.1260098219 -0.1283656508 0.0017324144 -0.9917253852 -0.1763192415 0.9840270877 0.0245411452
-160.3 -469.2 2401.9 0.9759271145 0.1338903159 0.1721615493 -0.1283656508 0.9907993078 -0.0428836346 -0.1763192415 0.0197516736 0.9841348529
100.9 -472.2 2824.4 0.9876350164 0.0523908623 0.1477575600 0.1470227540 0.0176338982 -0.9889759421 -0.0544188432 0.9984709620 0.0097132064
77.7 -480.0 2382.5 0.9876350164 -0.1426927745 0.0649297237 0.1470227540 0.9868161678 -0.0676618889 -0.0544188432 0.0763713941 0.9955933094
-148.9 -298.3 3143.2 0 0 0 0 0 0 0 0 0
47.6 -332.5 2851.7 0 0 0 0 0 0 0 0 0
-207.0 -814.6 2395.0 0 0 0 0 0 0 0 0 0
132.2 -857.0 2353.3 0 0 0 0 0 0 0 0 0
43.4 1.7 3214.4 55 0.9994248152 0.0332115740 -0.0068566599 -0.0305599887 0.7943880558 -0.6066413522 -0.0147006661 0.6065019369 0.7949460745
36.4 -166.3 3086.1 0.9994248152 0.0332115740 -0.0068566599 -0.0305599887 0.7943880558 -0.6066413522 -0.0147006661 0.6065019369 0.7949460745
27.1 -319.2 2959.6 0.9988767505 0.0466296114 -0.0084245410 -0.0412956737 0.7694658637 -0.6373515129 -0.0232370570 0.6369835138 0.7705271244
-109.4 -160.3 3089.5 0.0194316730 -0.9792406559 0.2017676085 0.6355137229 0.1678894609 0.7536149025 -0.7718450427 0.1135820821 0.6255832314
-116.6 -395.9 3375.7 0.1179874912 -0.9731585979 -0.1975887716 -0.3766828179 0.1402455270 -0.9156643748 0.9187976122 0.1824652404 -0.3500249088
182.1 -172.3 3082.7 0.3337026536 0.5955806375 0.7307025790 -0.8903915286 0.4537033141 0.0368263312 -0.3095891476 -0.6629004478 0.6817019582
269.7 -406.2 3001.4 -0.7958214283 0.5955806375 0.1093250811 0.2209458649 0.4537033141 -0.8633285761 -0.5637829304 -0.6629004478 -0.4926578999
-84.4 -470.3 2843.3 0.9777879715 0.1668918282 -0.1267980486 -0.1292139590 0.0036528949 -0.9916099906 -0.1650284231 0.9859684706 0.0251365099
-158.6 -471.9 2405.1 0.9777879715 0.1367069334 0.1588768214 -0.1292139590 0.9899988770 -0.0566215143 -0.1650284231 0.0348347351 0.9856734276
98.4 -475.2 2831.6 0.9889249802 0.0434398688 0.1419166327 0.1416028291 0.0102333957 -0.9898706675 -0.0444521382 0.9990036488 0.0039688530
78.8 -479.8 2379.8 0.9889249802 -0.1393489242 0.0510806553 0.1416028291 0.9889662862 -0.0435231663 -0.0444521382 0.0502743125 0.9977456927
-147.7 -296.4 3133.0 0 0 0 0 0 0 0 0 0
47.0 -344.3 2843.6 0 0 0 0 0 0 0 0 0
-205.7 -812.9 2393.1 0 0 0 0 0 0 0 0 0
132.0 -857.6 2360.6 0 0 0 0 0 0 0 0 0
45.5 0.6 3215.6 56 0.9980366826 0.0624242127 0.0050973464 -0.0469522513 0.7995628119 -0.5987443924 -0.0414517932 0.5973294973 0.8009239435
32.4 -167.7 3089.8 0.9980366826 0.0624242127 0.0050973464 -0.0469522513 0.7995628119 -0.5987443924 -0.0414517932 0.5973294973 0.8009239435
19.3 -321.8 2965.1 0.9978220463 0.0659127533 0.0025910337 -0.0495866574 0.7754147053 -0.6295023561 -0.0435013622 0.6280028224 0.7769942284
-113.2 -160.5 3096.2 0.0083715245 -0.9753169417 0.2206507474 0.6275626421 0.1769176275 0.7581987381 -0.7785210609 0.1321248859 0.6135535240
-116.3 -393.2 3384.9 0.1341041476 -0.9680212736 -0.2120163888 -0.3683882952 0.1499177963 -0.9175046086 0.9199489951 0.2011455297 -0.3365030885
178.0 -175.0 3083.5 0.3369015753 0.5987765789 0.7266112566 -0.8864160180 0.4618923068 0.0303665027 -0.3174334168 -0.6543104053 0.6863774061
266.2 -407.1 3000.3 -0.7897156477 0.5987765789 0.1334758252 0.2043399811 0.4618923068 -0.8630762696 -0.5784413218 -0.6543104053 -0.4871175885
-73.6 -468.3 2835.3 0.9727620482 0.1962444782 -0.1233781278 -0.1262272000 0.0020281768 -0.9919992685 -0.1944241375 0.9805529118 0.0267443247
-159.0 -469.2 2408.6 0.9727620482 0.1366342455 0.1872568727 -0.1262272000 0.9897716641 -0.0664737970 -0.1944241375 0.0410262719 0.9800592065
109.4 -475.9 2831.0 0.9884265661 0.0663303137 0.1364301592 0.1362541616 0.0071914992 -0.9906477928 -0.0666911155 0.9977717996 -0.0019295117
79.0 -479.2 2374.6 0.9884265661 -0.1347671449 0.0696470812 0.1362541616 0.9905273914 -0.0170384739 -0.0666911155 0.0263309851 0.9974261522
-151.8 -295.9 3141.9 0 0 0 0 0 0 0 0 0
45.1 -349.9 2838.4 0 0 0 0 0 0 0 0 0
-206.7 -814.8 2394.2 0 0 0 0 0 0 0 0 0
130.5 -857.5 2364.6 0 0 0 0 0 0 0 0 0
43.6 -0.1 3217.7 57 0.9968157411 0.0616880618 0.0505271442 -0.0191651918 0.8004222512 -0.5991301537 -0.0774022266 0.5962539911 0.7990557551
30.7 -167.7 3092.8 0.9968157411 0.0616880618 0.0505271442 -0.0191651918 0.8004222512 -0.5991301537 -0.0774022266 0.5962539911 0.7990557551
17.7 -321.6 2967.8 0.9967244267 0.0651942492 0.0478546768 -0.0202980489 0.7744567990 -0.6323010921 -0.0782837719 0.6292585731 0.7732433677
-114.7 -164.8 3104.2 -0.0369001962 -0.9748535156 0.2197704464 0.6306880116 0.1478710324 0.7618181109 -0.7751587033 0.1667178124 0.6093719006
-101.1 -398.6 3391.7 0.1766315997 -0.9643827677 -0.1968936920 -0.3680449724 0.1208160520 -0.9219253659 0.9128768444 0.2353068888 -0.3335963190
176.1 -170.7 3081.4 0.3680886626 0.5944735408 0.7149209380 -0.8801581264 0.4706382751 0.0618169345 -0.2997206151 -0.6519975662 0.6964673400
273.4 -403.3 3002.2 -0.7931347489 0.5944735408 0.1324328631 0.2096484154 0.4706382751 -0.8570572734 -0.5718258619 -0.6519975662 -0.4979099929
-85.2 -471.3 2844.4 0.9783920646 0.1694938540 -0.1184092984 -0.1195658445 -0.0034036071 -0.9928204417 -0.1686799824 0.9855253696 0.0169356149
-160.4 -469.8 2407.3 0.9783920646 0.1278018951 0.1625287831 -0.1195658445 0.9910402298 -0.0595251210 -0.1686799824 0.0388060175 0.9849066734
97.6 -480.4 2836.4 0.9890262485 0.0437212512 0.1411225200 0.1414560825 -0.0046164826 -0.9899337888 -0.0426296555 0.9990330935 -0.0107504595
77.4 -478.3 2374.3 0.9890262485 -0.1404472888 0.0458439887 0.1414560825 0.9897516370 -0.0195412003 -0.0426296555 0.0258116703 0.9987574816
-147.7 -301.4 3150.5 0 0 0 0 0 0 0 0 0
51.2 -344.6 2842.1 0 0 0 0 0 0 0 0 0
-205.0 -815.6 2393.7 0 0 0 0 0 0 0 0 0
131.1 -856.4 2364.4 0 0 0 0 0 0 0 0 0
43.2 1.1 3216.2 58 0.9975976944 0.0687349811 0.0086246068 -0.0503859781 0.8053919077 -0.5905972123 -0.0475408807 0.5887438655 0.8069204092
28.6 -169.8 3091.3 0.9975976944 0.0687349811 0.0086246068 -0.0503859781 0.8053919077 -0.5905972123 -0.0475408807 0.5887438655 0.8069204092
13.6 -324.1 2966.9 0.9971083403 0.0758132339 0.0052288580 -0.0557409525 0.7764108777 -0.6277571917 -0.0516520478 0.6256504655 0.7783916593
-116.9 -161.7 3098.7 0.0057087131 -0.9730984569 0.2303189784 0.6257475019 0.1831319779 0.7582234144 -0.7800047994 0.1397930533 0.6099593639
-119.0 -393.7 3388.0 0.1395015121 -0.9653937817 -0.2203501612 -0.3671254218 0.1562436819 -0.9169551730 0.9196511507 0.2088127881 -0.3326243758
174.1 -178.0 3083.8 0.3992794752 0.5790853500 0.7107996345 -0.8550845981 0.5149070621 0.0608365461 -0.3307662010 -0.6320845485 0.7007587552
277.7 -399.8 2997.9 -0.7938814759 0.5790853500 0.1855056584 0.1797316074 0.5149070621 -0.8381928802 -0.5809033513 -0.6320845485 -0.5128551126
-86.5 -473.7 2850.0 0.9783808589 0.1616536677 -0.1289920062 -0.1284370124 -0.0139231021 -0.9916199446 -0.1620949656 0.9867493510 0.0071402169
-158.7 -467.4 2409.2 0.9783808589 0.1363392621 0.1555070728 -0.1284370124 0.9899114370 -0.0598267429 -0.1620949656 0.0385604762 0.9860214591
96.1 -477.4 2835.7 0.9902483821 0.0355815068 0.1346927881 0.1347790956 -0.0000273374 -0.9908756614 -0.0352531672 0.9993667603 -0.0048227143
79.7 -477.4 2376.4 0.9902483821 -0.1334613115 0.0399533510 0.1347790956 0.9903481603 -0.0323281772 -0.0352531672 0.0373978019 0.9986784458
-155.8 -296.7 3145.0 0 0 0 0 0 0 0 0 0
55.4 -349.5 2835.3 0 0 0 0 0 0 0 0 0
-206.3 -813.4 2395.7 0 0 0 0 0 0 0 0 0
130.7 -855.7 2362.1 0 0 0 0 0 0 0 0 0
43.2 -0.9 3215.5 59 0.9961372018 0.0844529495 0.0240502562 -0.0534211881 0.8002170324 -0.5973264575 -0.0696914047 0.5937342644 0.8016375303
25.3 -169.8 3090.2 0.9961372018 0.0844529495 0.0240502562 -0.0534211881 0.8002170324 -0.5973264575 -0.0696914047 0.5937342644 0.8016375303
7.5 -323.1 2965.1 0.9957754016 0.0896089897 0.0200387202 -0.0566880554 0.7716206312 -0.6335519552 -0.0722342432 0.6297395229 0.7734405994
-120.0 -161.5 3100.7 -0.0091390209 -0.9697979093 0.2437384725 0.6315397620 0.1833858937 0.7533439994 -0.7752896547 0.1608153582 0.6107899547
-116.6 -395.7 3388.2 0.1575291008 -0.9607387185 -0.2283980250 -0.3741609156 0.1559732407 -0.9141531587 0.9138863087 0.2294633389 -0.3349005878
170.6 -178.0 3079.6 0.4098165631 0.5891927481 0.6963492632 -0.8510058522 0.5217931271 0.0593374036 -0.3283891082 -0.6169147491 0.7152459621
277.5 -399.9 2994.0 -0.7852758765 0.5891927481 0.1902463883 0.1900229752 0.5217931271 -0.8316388726 -0.5892648697 -0.6169147491 -0.5217117071
-92.8 -473.2 2847.3 0.9804896712 0.1492834389 -0.1278847009 -0.1267133057 -0.0173718370 -0.9917872548 -0.1502790004 0.9886418581 0.0018832922
-158.5 -465.6 2412.3 0.9804896712 0.1357744783 0.1421454698 -0.1267133057 0.9893946052 -0.0710078180 -0.1502790004 0.0516107082 0.9872955680
89.8 -483.5 2837.9 0.9883179069 0.0308387671 0.1492537856 0.1497355253 -0.0139384801 -0.9886278510 -0.0284076929 0.9994271994 -0.0183933079
75.7 -477.1 2381.8 0.9883179069 -0.1484259814 0.0346041694 0.1497355253 0.9879589677 -0.0389406607 -0.0284076929 0.0436672233 0.9986421466
-158.2 -296.8 3146.8 0 0 0 0 0 0 0 0 0
57.5 -346.7 2829.0 0 0 0 0 0 0 0 0 0
-206.0 -811.8 2394.3 0 0 0 0 0 0 0 0 0
132.4 -854.5 2365.1 0 0 0 0 0 0 0 0 0
44.0 -0.2 3215.1 60 0.9950553775 0.0917398632 0.0380608775 -0.0512990020 0.8028431535 -0.5939792395 -0.0850484893 0.5890897512 0.8035795093
24.8 -168.4 3091.7 0.9950553775 0.0917398632 0.0380608775 -0.0512990020 0.8028431535 -0.5939792395 -0.0850484893 0.5890897512 0.8035795093
5.6 -323.0 2968.4 0.9947592020 0.0963305905 0.0342719592 -0.0537886210 0.7781030536 -0.6258293986 -0.0869536325 0.6207061410 0.7792066336
-120.4 -160.5 3104.4 -0.0233943406 -0.9679064155 0.2502196431 0.6238386035 0.1814457476 0.7601992488 -0.7812029719 0.1738810390 0.5995725393
-111.7 -391.8 3394.1 0.1729173660 -0.9576935768 -0.2300491333 -0.3645717502 0.1547433138 -0.9182276130 0.9149792194 0.2426469177 -0.3223902285
170.0 -176.3 3079.0 0.3977156281 0.6145418882 0.6812932491 -0.8596782684 0.5090501308 0.0426759087 -0.3205863237 -0.6026659012 0.7307655215
276.1 -405.6 2993.5 -0.7810271382 0.6145418882 0.1110624224 0.2850495875 0.5090501308 -0.8121666312 -0.5556467772 -0.6026659012 -0.5727568865
-101.5 -471.2 2846.6 0.9829937816 0.1327852905 -0.1268514842 -0.1259881556 -0.0149180060 -0.9919195771 -0.1336047053 0.9910325408 0.0020650676
-160.0 -464.6 2410.5 0.9829937816 0.1327661127 0.1268715560 -0.1259881556 0.9902114868 -0.0600682907 -0.1336047053 0.0430624411 0.9900987148
80.9 -481.6 2833.3 0.9900987148 0.0060079480 0.1402442008 0.1402949542 -0.0090765134 -0.9900681376 -0.0046753497 0.9999407530 -0.0098295286
78.2 -477.5 2381.3 0.9900987148 -0.1400022209 0.0101936404 0.1402949542 0.9893554449 -0.0386407003 -0.0046753497 0.0396882221 0.9992011786
-157.4 -295.6 3152.4 0 0 0 0 0 0 0 0 0
58.4 -326.2 2838.7 0 0 0 0 0 0 0 0 0
-206.8 -814.2 2395.3 0 0 0 0 0 0 0 0 0
131.7 -855.5 2366.1 0 0 0 0 0 0 0 0 0
45.5 0.9 3215.4 61 0.9956919551 0.0819663256 0.0433477312 -0.0399831347 0.8013472557 -0.5968617201 -0.0836591497 0.5925572515 0.8011723161
28.4 -166.4 3091.7 0.9956919551 0.0819663256 0.0433477312 -0.0399831347 0.8013472557 -0.5968617201 -0.0836591497 0.5925572515 0.8011723161
9.8 -320.8 2968.0 0.9948518872 0.0931532606 0.0399019048 -0.0475537889 0.7768273950 -0.6279155016 -0.0894892663 0.6227854490 0.7772579789
-116.9 -159.5 3104.7 -0.0290173721 -0.9685565233 0.2470956743 0.6259959340 0.1751121134 0.7599110603 -0.7792862654 0.1767315269 0.6012311578
-106.1 -391.6 3393.7 0.1773034483 -0.9580181837 -0.2253102213 -0.3662325442 0.1482681483 -0.9186350107 0.9134753346 0.2453930974 -0.3245689869
173.6 -173.4 3078.7 0.3950591385 0.6012787223 0.6945445538 -0.8586530089 0.5104432106 0.0465053767 -0.3265628815 -0.6147451401 0.7179450393
278.6 -401.6 2991.9 -0.7889604568 0.6012787223 0.1265120059 0.2574523985 0.5104432106 -0.8204669356 -0.5579065084 -0.6147451401 -0.5575201511
-104.7 -472.7 2853.1 0.9839310050 0.1204945892 -0.1317604184 -0.1309313774 -0.0148067530 -0.9912808537 -0.1213949248 0.9926035404 0.0012077003
-158.8 -466.0 2407.1 0.9839310050 0.1356569827 0.1160902083 -0.1309313774 0.9902555943 -0.0474427789 -0.1213949248 0.0314805694 0.9921049476
77.7 -482.5 2837.1 0.9921370149 -0.0084146084 0.1248733029 0.1247867867 -0.0101251462 -0.9921318889 0.0096127614 0.9999133348 -0.0089955004
81.5 -477.9 2379.4 0.9921370149 -0.1250917315 -0.0040255841 0.1247867867 0.9911649227 -0.0449489653 0.0096127614 0.0440931916 0.9989811778
-152.9 -294.9 3152.4 0 0 0 0 0 0 0 0 0
58.2 -329.7 2836.0 0 0 0 0 0 0 0 0 0
-206.7 -815.5 2396.0 0 0 0 0 0 0 0 0 0
129.3 -856.6 2362.6 0 0 0 0 0 0 0 0 0
45.9 -0.2 3215.1 62 0.9962409139 0.0837886333 0.0219880212 -0.0547549352 0.8057779074 -0.5896811485 -0.0671260357 0.5862605572 0.8073368073
28.4 -168.4 3092.7 0.9962409139 0.0837886333 0.0219880212 -0.0547549352 0.8057779074 -0.5896811485 -0.0671260357 0.5862605572 0.8073368073
10.5 -323.6 2970.0 0.9957814813 0.0898666382 0.0185253862 -0.0589538589 0.7813299298 -0.6213275790 -0.0703110620 0.6176143885 0.7833318710
-116.9 -159.8 3103.0 -0.0076261624 -0.9697467685 0.2439939082 0.6192741394 0.1869999170 0.7625815272 -0.7851378322 0.1569146812 0.5991129875
-114.1 -389.4 3394.1 0.1561741233 -0.9607885480 -0.2291178554 -0.3599161506 0.1606603712 -0.9190476537 0.9198206663 0.2259946764 -0.3207123280
173.8 -177.0 3082.5 0.3887389302 0.5971242785 0.7016584873 -0.8539885879 0.5193583965 0.0311506093 -0.3458114564 -0.6113178134 0.7118321657
277.6 -405.0 2990.1 -0.7926263809 0.5971242785 0.1232317165 0.2649447620 0.5193583965 -0.8124476075 -0.5491335988 -0.6113178134 -0.5698621273
-99.9 -470.8 2852.4 0.9826632738 0.1263723820 -0.1356572062 -0.1352626681 -0.0117383609 -0.9907402396 -0.1267945915 0.9919134378 0.0055586086
-156.9 -465.5 2405.5 0.9826632738 0.1401505768 0.1213699728 -0.1352626681 0.9896629453 -0.0476575047 -0.1267945915 0.0304144546 0.9914625883
82.5 -479.5 2836.0 0.9912893772 0.0031404321 0.1316643506 0.1316672862 -0.0007455475 -0.9912936687 -0.0030149284 0.9999948144 -0.0011525454
81.1 -479.2 2380.4 0.9912893772 -0.1312901825 0.0104043856 0.1316672862 0.9897407293 -0.0554703772 -0.0030149284 0.0563571118 0.9984061122
-155.4 -294.3 3151.1 0 0 0 0 0 0 0 0 0
55.9 -330.9 2836.5 0 0 0 0 0 0 0 0 0
-206.4 -815.1 2394.8 0 0 0 0 0 0 0 0 0
131.2 -857.3 2358.9 0 0 0 0 0 0 0 0 0
45.5 1.1 3215.4 63 0.9980663061 0.0608529411 0.0126700392 -0.0411187671 0.7992419600 -0.5996010900 -0.0466139205 0.5979207158 0.8001987338
32.7 -167.0 3089.7 0.9980663061 0.0608529411 0.0126700392 -0.0411187671 0.7992419600 -0.5996010900 -0.0466139205 0.5979207158 0.8001987338
19.5 -320.7 2964.6 0.9977660179 0.0660388023 0.0100905560 -0.0448419005 0.7740107775 -0.6315825582 -0.0495191552 0.6297191381 0.7752429843
-113.0 -160.4 3096.9 0.0008716347 -0.9753262997 0.2207666039 0.6296977997 0.1720357239 0.7575515509 -0.7768396735 0.1383559406 0.6143107414
-113.3 -393.9 3385.0 0.1412381828 -0.9674981833 -0.2097594291 -0.3702490926 0.1448834538 -0.9175643921 0.9181325436 0.2072583586 -0.3377522528
178.3 -173.6 3082.5 0.3875946403 0.5864946842 0.7111922503 -0.8607205153 0.5064747334 0.0514149852 -0.3300462961 -0.6320659518 0.7011148930
280.7 -401.0 2995.3 -0.8006078005 0.5864946842 0.1226832196 0.2443087995 0.5064747334 -0.8269199133 -0.5471200943 -0.6320659518 -0.5487734079
-98.6 -473.5 2853.8 0.9825426340 0.1308972538 -0.1321962774 -0.1306017786 -0.0207301751 -0.9912181497 -0.1324881762 0.9911791682 -0.0032728678
-158.0 -464.1 2404.2 0.9825426340 0.1356429309 0.1273221821 -0.1306017786 0.9903117418 -0.0471792370 -0.1324881762 0.0297271069 0.9907386899
83.9 -484.3 2840.9 0.9905871153 0.0093932608 0.1365610212 0.1366373897 -0.0080326945 -0.9905885458 -0.0082079042 0.9999236465 -0.0092405537
79.6 -480.6 2378.5 0.9905871153 -0.1358970851 0.0164051205 0.1366373897 0.9888640642 -0.0589749962 -0.0082079042 0.0606614240 0.9981246591
-150.6 -296.1 3142.4 0 0 0 0 0 0 0 0 0
56.6 -332.6 2842.1 0 0 0 0 0 0 0 0 0
-206.1 -815.5 2393.7 0 0 0 0 0 0 0 0 0
131.5 -858.4 2355.4 0 0 0 0 0 0 0 0 0
44.9 1.2 3201.1 64 0.9979931712 0.0549991243 -0.0313801132 -0.0629492253 0.8080699444 -0.5857135653 -0.0068564098 0.5865135193 0.8099104166
33.3 -169.4 3077.3 0.9979931712 0.0549991243 -0.0313801132 -0.0629492253 0.8080699444 -0.5857135653 -0.0068564098 0.5865135193 0.8099104166
20.4 -325.0 2954.5 0.9973392487 0.0646138042 -0.0337555148 -0.0716498047 0.7834429741 -0.6173195839 -0.0134418439 0.6180956364 0.7859879732
-112.3 -158.9 3079.2 0.0447126813 -0.9746341705 0.2192919999 0.6151217222 0.1998241991 0.7626897097 -0.7871633172 0.1007893682 0.6084533334
-128.8 -387.0 3371.1 0.0992373973 -0.9699385762 -0.2221960574 -0.3569072187 0.1737448573 -0.9178398252 0.9288536906 0.1703874171 -0.3289361000
178.9 -179.8 3075.4 0.3936219513 0.6273929477 0.6718927622 -0.8868151903 0.4516599774 0.0977859125 -0.2421168685 -0.6343353391 0.7341648936
278.5 -404.2 3014.1 -0.7710369825 0.6273929477 0.1089955643 0.2462946624 0.4516599774 -0.8575209379 -0.5872315168 -0.6343353391 -0.5027700663
-85.1 -470.4 2844.1 0.9778417945 0.1618420780 -0.1327877045 -0.1324531436 -0.0129037388 -0.9911052585 -0.1621159911 0.9867323041 0.0088186786
-156.8 -464.7 2406.8 0.9778417945 0.1401948780 0.1554697007 -0.1324531436 0.9894236326 -0.0591362491 -0.1621159911 0.0372334421 0.9860690236
97.9 -478.6 2835.0 0.9904516935 0.0387737080 0.1322953999 0.1323717833 0.0006022991 -0.9911999702 -0.0385121778 0.9992478490 -0.0045359964
80.3 -478.9 2382.0 0.9904516935 -0.1293659657 0.0476436913 0.1323717833 0.9889653325 -0.0665227324 -0.0385121778 0.0721942335 0.9966467619
-155.1 -292.7 3125.8 0 0 0 0 0 0 0 0 0
62.8 -335.3 2849.9 0 0 0 0 0 0 0 0 0
-206.3 -814.3 2393.6 0 0 0 0 0 0 0 0 0
129.7 -856.8 2354.4 0 0 0 0 0 0 0 0 0
43.0 2.5 3207.9 65 0.9965746403 0.0790182501 0.0243950803 -0.0492570810 0.8041235805 -0.5924178958 -0.0664284825 0.5891870260 0.8052613735
26.4 -167.4 3083.5 0.9965746403 0.0790182501 0.0243950803 -0.0492570810 0.8041235805 -0.5924178958 -0.0664284825 0.5891870260 0.8052613735
10.1 -322.7 2960.7 0.9963755012 0.0823215842 0.0214260668 -0.0512145907 0.7816589475 -0.6215998530 -0.0679189637 0.6182495356 0.7830418348
-119.0 -159.9 3093.4 -0.0105069354 -0.9715421200 0.2366337031 0.6196317077 0.1794100851 0.7641129494 -0.7848224044 0.1546542197 0.6001132131
-115.1 -389.7 3384.4 0.1567173302 -0.9625483751 -0.2212246507 -0.3592076898 0.1531023085 -0.9206136465 0.9200051427 0.2237417102 -0.3217609823
171.7 -174.8 3073.6 0.3992418051 0.6057463884 0.6882421970 -0.8750029802 0.4759215713 0.0887042060 -0.2738170326 -0.6376283765 0.7200376987
277.4 -406.4 3001.1 -0.7884535789 0.6057463884 0.1068282276 0.2514484823 0.4759215713 -0.8427765369 -0.5613507032 -0.6376283765 -0.5275560617
-83.8 -474.1 2833.0 0.9765139818 0.1734519601 -0.1278077811 -0.1265210807 -0.0185011346 -0.9917913675 -0.1743927449 0.9846685529 0.0038787124
-158.9 -466.1 2406.7 0.9765139818 0.1349125803 0.1679851413 -0.1265210807 0.9901632071 -0.0597426593 -0.1743927449 0.0370858833 0.9839775562
98.9 -487.2 2830.5 0.9887254834 0.0468909703 0.1422080696 0.1430537701 -0.0151845869 -0.9895984530 -0.0442438610 0.9987846017 -0.0217213184
77.7 -480.4 2379.5 0.9887254834 -0.1399026811 0.0533773080 0.1430537701 0.9878548384 -0.0606505200 -0.0442438610 0.0676025450 0.9967308640
-156.5 -294.8 3141.4 0 0 0 0 0 0 0 0 0
56.8 -336.1 2844.0 0 0 0 0 0 0 0 0 0
-206.5 -815.2 2393.7 0 0 0 0 0 0 0 0 0
131.2 -857.8 2353.7 0 0 0 0 0 0 0 0 0
43.1 1.1 3211.3 66 0.9983545542 0.0568667389 -0.0073707872 -0.0495963879 0.7918134332 -0.6087460518 -0.0287811123 0.6081099510 0.7933309078
31.1 -166.2 3082.9 0.9983545542 0.0568667389 -0.0073707872 -0.0495963879 0.7918134332 -0.6087460518 -0.0287811123 0.6081099510 0.7933309078
19.9 -319.5 2957.1 0.9983515143 0.0566495620 -0.0092234965 -0.0496384054 0.7715235353 -0.6342613697 -0.0288144853 0.6336736679 0.7730636597
-114.5 -158.9 3087.1 0.0202073082 -0.9771510959 0.2115831971 0.6323275566 0.1764156967 0.7543469667 -0.7744375467 0.1185465604 0.6214444041
-122.0 -393.4 3374.3 0.1201871559 -0.9708990455 -0.2071475089 -0.3740720153 0.1489903033 -0.9153534770 0.9195787907 0.1875018179 -0.3452794552
176.7 -173.5 3078.6 0.3976703584 0.6021698117 0.6922786832 -0.8687336445 0.4898830950 0.0729139745 -0.2952290475 -0.6304014921 0.7179371715
280.7 -400.8 3001.4 -0.7847127914 0.6021698117 0.1470283717 0.2177589983 0.4898830950 -0.8441537619 -0.5803506374 -0.6304014921 -0.5155454278
-95.7 -473.0 2842.9 0.9810096622 0.1453687400 -0.1284056008 -0.1275166273 -0.0154561745 -0.9917159677 -0.1461491585 0.9892567992 0.0033742753
-160.2 -466.1 2404.0 0.9810096622 0.1319955289 0.1421170235 -0.1275166273 0.9910207987 -0.0402152613 -0.1461491585 0.0213292744 0.9890326262
84.8 -482.7 2831.8 0.9902600646 0.0150410077 0.1384152174 0.1385254711 -0.0065483185 -0.9903371930 -0.0139892828 0.9998654127 -0.0085681006
78.0 -479.8 2378.4 0.9902600646 -0.1373206079 0.0229794644 0.1385254711 0.9883201122 -0.0635140240 -0.0139892828 0.0660786405 0.9977163672
-153.8 -294.6 3131.4 0 0 0 0 0 0 0 0 0
61.2 -339.9 2839.0 0 0 0 0 0 0 0 0 0
-206.8 -816.1 2396.4 0 0 0 0 0 0 0 0 0
130.5 -857.4 2353.2 0 0 0 0 0 0 0 0 0
42.9 2.7 3213.1 67 0.9987351894 0.0490817763 -0.0109081119 -0.0454083867 0.7873432636 -0.6148403883 -0.0215890296 0.6145580411 0.7885761261
32.6 -163.4 3083.4 0.9987351894 0.0490817763 -0.0109081119 -0.0454083867 0.7873432636 -0.6148403883 -0.0215890296 0.6145580411 0.7885761261
21.7 -315.6 2956.3 0.9984229803 0.0547016859 -0.0126221459 -0.0500826463 0.7663233876 -0.6404999495 -0.0253637787 0.6401219964 0.7678545117
-113.1 -156.0 3087.2 0.0236099269 -0.9774870872 0.2096702307 0.6385698318 0.1761140227 0.7491410971 -0.7692016363 0.1162019148 0.6283518076
-121.9 -392.8 3372.4 0.1163903475 -0.9715193510 -0.2064061463 -0.3815947771 0.1481263936 -0.9123836756 0.9169725776 0.1849561632 -0.3534862101
178.3 -170.7 3079.7 0.3618514240 0.6237077713 0.6928579211 -0.8817996383 0.4701465666 0.0373040028 -0.3024779856 -0.6244603992 0.7201085091
273.2 -402.0 3000.4 -0.7681521177 0.6237077713 0.1446751952 0.2207970023 0.4701465666 -0.8545237780 -0.6009916663 -0.6244603992 -0.4988569021
-81.8 -468.0 2833.3 0.9758200645 0.1806139052 -0.1231008098 -0.1241926476 -0.0052950461 -0.9922440052 -0.1798648834 0.9835398197 0.0172639061
-160.8 -465.7 2403.2 0.9758200645 0.1298337728 0.1758362353 -0.1241926476 0.9913362265 -0.0427627526 -0.1798648834 0.0198911857 0.9834901690
100.1 -477.4 2828.7 0.9904868007 0.0422543697 0.1309596151 0.1307112575 0.0085997386 -0.9913831949 -0.0430164896 0.9990698695 0.0029948063
81.1 -481.2 2379.9 0.9904868007 -0.1276215017 0.0514645875 0.1307112575 0.9894827604 -0.0619553104 -0.0430164896 0.0680929199 0.9967511892
-152.6 -292.0 3130.2 0 0 0 0 0 0 0 0 0
58.2 -340.2 2832.2 0 0 0 0 0 0 0 0 0
-206.4 -814.2 2396.2 0 0 0 0 0 0 0 0 0
129.9 -859.3 2353.9 0 0 0 0 0 0 0 0 0
42.7 1.4 3199.9 68 0.9985899925 0.0530472398 -0.0019948944 -0.0436208509 0.7985667586 -0.6003235579 -0.0302524511 0.5995641351 0.7997547388
31.5 -167.4 3073.2 0.9985899925 0.0530472398 -0.0019948944 -0.0436208509 0.7985667586 -0.6003235579 -0.0302524511 0.5995641351 0.7997547388
19.2 -321.2 2948.0 0.9980875254 0.0616697855 -0.0042625712 -0.0505084656 0.7738061547 -0.6314055324 -0.0356402397 0.6304132938 0.7754411101
-114.2 -160.1 3078.4 0.0152350282 -0.9761635065 0.2165009528 0.6294582486 0.1775987744 0.7564660907 -0.7768849134 0.1247535273 0.6171599030
-119.9 -393.5 3366.4 0.1263664514 -0.9694476128 -0.2102447301 -0.3707780242 0.1504224986 -0.9164587855 0.9200843573 0.1937637776 -0.3404415250
177.1 -174.8 3068.0 0.3693411648 0.6475895047 0.6664945483 -0.8979316354 0.4334460199 0.0764418021 -0.2393864989 -0.6266996264 0.7415805459
270.8 -402.5 3007.3 -0.7500482202 0.6475895047 0.1343709379 0.2175655663 0.4334460199 -0.8745225668 -0.6245741844 -0.6266996264 -0.4659985900
-80.2 -463.2 2831.2 0.9759650230 0.1841581762 -0.1165250763 -0.1199083105 0.0073040631 -0.9927580953 -0.1819734126 0.9828695059 0.0292106066
-160.5 -466.4 2402.5 0.9759650230 0.1253258288 0.1782856286 -0.1199083105 0.9919426441 -0.0408878587 -0.1819734126 0.0185271911 0.9831289053
102.3 -472.5 2826.9 0.9889472723 0.0500227399 0.1395742893 0.1387494951 0.0196151119 -0.9901332259 -0.0522669442 0.9985554218 0.0124576828
79.8 -481.3 2377.0 0.9889472723 -0.1360878795 0.0588501766 0.1387494951 0.9893596172 -0.0437735319 -0.0522669442 0.0514551476 0.9973066449
-153.2 -295.5 3123.4 0 0 0 0 0 0 0 0 0
60.8 -341.6 2832.5 0 0 0 0 0 0 0 0 0
-204.2 -812.3 2396.1 0 0 0 0 0 0 0 0 0
131.8 -859.3 2357.3 0 0 0 0 0 0 0 0 0
44.0 2.6 3207.3 69 0.9983812571 0.0551760159 -0.0138020692 -0.0522496849 0.7938888073 -0.6058139801 -0.0224690922 0.6055544615 0.7954866290
32.4 -164.9 3079.5 0.9983812571 0.0551760159 -0.0138020692 -0.0522496849 0.7938888073 -0.6058139801 -0.0224690922 0.6055544615 0.7954866290
19.5 -317.6 2953.1 0.9977966547 0.0643409565 -0.0161902346 -0.0598920919 0.7685059309 -0.6370334625 -0.0285450500 0.6365994811 0.7706661224
-113.3 -156.2 3083.7 0.0271540601 -0.9753258228 0.2190939933 0.6349908710 0.1861041784 0.7497678399 -0.7720422745 0.1187634394 0.6243764758
-123.3 -391.6 3370.0 0.1158416346 -0.9693930149 -0.2164667994 -0.3787543476 0.1583562940 -0.9118489027 0.9182188511 0.1876178086 -0.3488175869
178.0 -173.7 3075.4 0.3781034350 0.5711144805 0.7286055088 -0.8766012192 0.4739329219 0.0834140629 -0.2976711690 -0.6702356339 0.6798353195
275.4 -399.6 2998.7 -0.8052800298 0.5711144805 0.1592240036 0.1650977433 0.4739329219 -0.8649452925 -0.5694442987 -0.6702356339 -0.4759384394
-84.3 -470.3 2825.8 0.9771446586 0.1750210226 -0.1206482276 -0.1204591021 -0.0117435083 -0.9926488400 -0.1751512587 0.9844946861 0.0096077695
-159.3 -465.2 2404.4 0.9771446586 0.1281735599 0.1695874184 -0.1204591021 0.9911898971 -0.0550652817 -0.1751512587 0.0333783962 0.9839755893
98.4 -479.6 2819.5 0.9910138845 0.0382217690 0.1281820238 0.1283386350 -0.0016621015 -0.9917290211 -0.0376925841 0.9992678761 -0.0065524951
81.5 -478.9 2375.7 0.9910138845 -0.1264346391 0.0436556824 0.1283386350 0.9907551408 -0.0439713970 -0.0376925841 0.0491789728 0.9980785251
-153.9 -291.6 3127.4 0 0 0 0 0 0 0 0 0
50.9 -353.5 2839.9 0 0 0 0 0 0 0 0 0
-204.1 -811.8 2392.8 0 0 0 0 0 0 0 0 0
129.8 -857.4 2356.9 0 0 0 0 0 0 0 0 0
44.5 2.5 3197.6 70 0.9963979125 0.0550018251 -0.0645445958 -0.0823851749 0.8082323074 -0.5830722451 0.0200969912 0.5862894654 0.8098523021
32.8 -168.9 3073.2 0.9963979125 0.0550018251 -0.0645445958 -0.0823851749 0.8082323074 -0.5830722451 0.0200969912 0.5862894654 0.8098523021
21.6 -324.2 2949.7 0.9961579442 0.0564011820 -0.0669944510 -0.0858094022 0.7814566493 -0.6180309057 0.0174955856 0.6214051843 0.7832940221
-112.6 -156.4 3070.6 0.0779506937 -0.9743739963 0.2109952420 0.6156792641 0.2135082036 0.7585204244 -0.7841318250 0.0707782060 0.6165450215
-141.5 -384.7 3361.4 0.0651549771 -0.9722211361 -0.2248129547 -0.3597653210 0.1872536242 -0.9140596390 0.9307651520 0.1404354423 -0.3375709653
178.2 -181.4 3075.7 0.3853386045 0.5886570811 0.7106314301 -0.8890204430 0.4432069957 0.1149357632 -0.2472990751 -0.6760550141 0.6941129565
274.7 -404.0 3013.8 -0.7930465937 0.5886570811 0.1567161977 0.1544870734 0.4432069957 -0.8830069900 -0.5892460346 -0.6760550141 -0.4424237013
-84.6 -464.8 2829.2 0.9770085812 0.1722107232 -0.1256891191 -0.1281177998 0.0030164458 -0.9917543530 -0.1704116017 0.9850555062 0.0250103530
-158.8 -466.1 2404.5 0.9770085812 0.1354765445 0.1646219641 -0.1281177998 0.9902561903 -0.0545753539 -0.1704116017 0.0322295837 0.9848457575
98.3 -475.8 2824.0 0.9901033044 0.0392806716 0.1347309202 0.1344613731 0.0094373971 -0.9908738732 -0.0401936993 0.9991836548 0.0040622652
80.4 -480.1 2369.7 0.9901033044 -0.1334114671 0.0435519628 0.1344613731 0.9906717539 -0.0221270379 -0.0401936993 0.0277641099 0.9988061190
-158.7 -289.7 3115.5 0 0 0 0 0 0 0 0 0
53.1 -360.8 2849.2 0 0 0 0 0 0 0 0 0
-206.3 -813.2 2393.2 0 0 0 0 0 0 0 0 0
131.4 -858.6 2359.1 0 0 0 0 0 0 0 0 0
45.2 0.9 3192.2 71 0.9963471889 0.0592720248 -0.0614744425 -0.0839053690 0.8133640885 -0.5756724477 0.0158798322 0.5787276626 0.8153662682
32.6 -172.0 3069.1 0.9963471889 0.0592720248 -0.0614744425 -0.0839053690 0.8133640885 -0.5756724477 0.0158798322 0.5787276626 0.8153662682
20.4 -328.0 2946.8 0.9960721135 0.0609111078 -0.0642667189 -0.0875647217 0.7853588462 -0.6128163934 0.0131451106 0.6160367727 0.7876076698
-112.8 -159.2 3067.2 0.0752143338 -0.9736168981 0.2154366970 0.6104388237 0.2157915980 0.7621013522 -0.7884841561 0.0741899684 0.6105641723
-140.7 -385.5 3359.6 0.0690857470 -0.9711685777 -0.2281638384 -0.3538494110 0.1899848580 -0.9158036709 0.9327474236 0.1440046281 -0.3305221796
178.0 -184.7 3071.1 0.3986113966 0.5041065216 0.7661498785 -0.8739775419 0.4620005190 0.1507275999 -0.2779788673 -0.7296794653 0.6247364283
277.6 -403.2 3001.6 -0.8557353616 0.5041065216 0.1165915206 0.1531408131 0.4620005190 -0.8735579252 -0.4942315519 -0.7296794653 -0.4725494683
-80.9 -471.7 2824.7 0.9751023054 0.1802415997 -0.1291838884 -0.1297936291 -0.0084575778 -0.9915049672 -0.1798030287 0.9835860133 0.0151472092
-158.0 -468.1 2403.7 0.9751023054 0.1366195828 0.1746728420 -0.1297936291 0.9902806878 -0.0499773137 -0.1798030287 0.0260615721 0.9833573699
101.5 -487.3 2828.0 0.9899784327 0.0482923351 0.1327048540 0.1335019320 -0.0136577850 -0.9909544587 -0.0460430495 0.9987398386 -0.0199680328
79.7 -481.2 2377.4 0.9899784327 -0.1307577193 0.0533399321 0.1335019320 0.9897040725 -0.0516046137 -0.0460430495 0.0582084358 0.9972420931
-158.9 -292.1 3113.2 0 0 0 0 0 0 0 0 0
39.7 -360.6 2864.2 0 0 0 0 0 0 0 0 0
-205.8 -814.5 2394.5 0 0 0 0 0 0 0 0 0
129.7 -859.2 2355.2 0 0 0 0 0 0 0 0 0
44.7 0.3 3190.5 72 0.9977027178 0.0608930290 -0.0296874773 -0.0668674558 0.8149052262 -0.5757240653 -0.0108650988 0.5763865709 0.8171049356
31.9 -171.3 3069.1 0.9977027178 0.0608930290 -0.0296874773 -0.0668674558 0.8149052262 -0.5757240653 -0.0108650988 0.5763865709 0.8171049356
19.2 -327.9 2947.4 0.9974450469 0.0636256933 -0.0324833170 -0.0701842979 0.7879599333 -0.6117134690 -0.0133251399 0.6124303341 0.7904122472
-113.7 -161.1 3071.0 0.0434434563 -0.9749069810 0.2183324695 0.6095243692 0.1990177631 0.7673799396 -0.7915760875 0.0997413248 0.6028755903
-129.8 -387.1 3364.5 0.1001567394 -0.9701434970 -0.2208850086 -0.3500745296 0.1734460890 -0.9205238819 0.9313519597 0.1695228815 -0.3222507536
177.5 -181.5 3067.2 0.3895796835 0.5019928813 0.7721598744 -0.8767229915 0.4589442909 0.1439685076 -0.2821071744 -0.7330574989 0.6189040542
277.3 -406.3 2994.8 -0.8618702292 0.5019928813 0.0719921663 0.1949043721 0.4589442909 -0.8668231964 -0.4681794345 -0.7330574989 -0.4933910370
-83.0 -476.1 2823.2 0.9756466150 0.1822871268 -0.1220046207 -0.1184309870 -0.0304047205 -0.9924966693 -0.1846288890 0.9827751517 -0.0080758175
-161.0 -463.1 2402.7 0.9756466150 0.1247127056 0.1804451942 -0.1184309870 0.9919320941 -0.0452200584 -0.1846288890 0.0227484927 0.9825450182
99.6 -492.1 2825.6 0.9887160659 0.0487351120 0.1416523308 0.1431328654 -0.0283469185 -0.9892974496 -0.0441981144 0.9984093904 -0.0350026526
77.6 -479.3 2376.4 0.9887160659 -0.1405940056 0.0517089888 0.1431328654 0.9884805083 -0.0491857007 -0.0441981144 0.0560319498 0.9974502325
-156.3 -294.6 3118.5 0 0 0 0 0 0 0 0 0
37.1 -351.9 2864.3 0 0 0 0 0 0 0 0 0
-205.2 -815.0 2394.7 0 0 0 0 0 0 0 0 0
131.4 -856.9 2355.0 0 0 0 0 0 0 0 0 0
43.8 1.1 3188.6 73 0.9981580377 0.0605542734 -0.0037017053 -0.0522078983 0.8262963891 -0.5608106852 -0.0309007764 0.5599709153 0.8279358149
31.1 -173.2 3070.5 0.9981580377 0.0605542734 -0.0037017053 -0.0522078983 0.8262963891 -0.5608106852 -0.0309007764 0.5599709153 0.8279358149
17.2 -331.8 2951.6 0.9975422025 0.0697356686 -0.0068213926 -0.0598855913 0.7979789972 -0.5997025967 -0.0363773331 0.5986371636 0.8001938462
-114.5 -164.5 3075.8 0.0177735966 -0.9743388891 0.2243831903 0.5976111889 0.1902723461 0.7788820863 -0.8015890121 0.1202503666 0.5856576562
-121.1 -386.1 3373.0 0.1263091862 -0.9676221609 -0.2185253054 -0.3345307708 0.1658363491 -0.9276785254 0.9338817596 0.1902777553 -0.3027527332
176.6 -182.0 3065.2 0.3918450177 0.5563321710 0.7327700853 -0.8771331310 0.4662636220 0.1150466949 -0.2776598334 -0.6878173351 0.6706804633
277.5 -407.9 2993.7 -0.8244008422 0.5563321710 0.1042005867 0.2059053630 0.4662636220 -0.8603494763 -0.5272250772 -0.6878173351 -0.4989399016
-84.8 -478.0 2827.0 0.9763177633 0.1803309023 -0.1195174381 -0.1161816195 -0.0289873518 -0.9928048849 -0.1824978888 0.9831787944 -0.0073497295
-162.1 -465.6 2405.6 0.9763177633 0.1240056604 0.1772744954 -0.1161816195 0.9917646646 -0.0538952388 -0.1824978888 0.0320228413 0.9826846123
98.0 -490.9 2824.5 0.9894216657 0.0443385914 0.1381261498 0.1396171004 -0.0324895754 -0.9896724224 -0.0393930227 0.9984881282 -0.0383363143
78.2 -476.4 2379.6 0.9894216657 -0.1364979595 0.0491227992 0.1396171004 0.9879402518 -0.0669414252 -0.0393930227 0.0730916783 0.9965469241
-154.5 -297.7 3126.3 0 0 0 0 0 0 0 0 0
47.7 -350.5 2846.7 0 0 0 0 0 0 0 0 0
-205.7 -814.1 2394.4 0 0 0 0 0 0 0 0 0
130.4 -853.8 2351.7 0 0 0 0 0 0 0 0 0
45.1 0.8 3188.7 74 0.9969698787 0.0737653524 0.0246925820 -0.0474968851 0.8286459446 -0.5577543378 -0.0616043545 0.5548914671 0.8296387196
29.5 -174.0 3071.6 0.9969698787 0.0737653524 0.0246925820 -0.0474968851 0.8286459446 -0.5577543378 -0.0616043545 0.5548914671 0.8296387196
14.2 -333.7 2954.5 0.9967722297 0.0773581713 0.0214668270 -0.0496321172 0.8039643764 -0.5926026702 -0.0631012246 0.5896244645 0.8052088022
-115.9 -166.7 3080.8 -0.0105346497 -0.9727081060 0.2317928225 0.5906150937 0.1809980422 0.7863927484 -0.8068846464 0.1451847106 0.5725893378
-112.0 -385.7 3380.0 0.1553068161 -0.9638228416 -0.2166224122 -0.3248567283 0.1572581977 -0.9325974584 0.9329243898 0.2152099907 -0.2886810899
175.0 -181.3 3062.4 0.4080333114 0.5845080018 0.7013267875 -0.8736864328 0.4728998840 0.1141827404 -0.2649166286 -0.6593300700 0.7036356330
