215.7 -53.5 2797.0 7 0.9785833359 0.1637380719 0.1247578561 -0.0066811182 0.6310027242 -0.7757518291 -0.2057426572 0.7583042979 0.6185826659
183.1 -179.2 2645.9 0.9785833359 0.1637380719 0.1247578561 -0.0066811182 0.6310027242 -0.7757518291 -0.2057426572 0.7583042979 0.6185826659
149.7 -304.4 2495.2 0.9778625369 0.1681616306 0.1245253757 -0.0094194636 0.6298803687 -0.7766350508 -0.2090363055 0.7582693100 0.6175203919
45.5 -177.9 2675.3 0.3146862090 -0.3461907804 -0.8838124871 0.4596079290 0.8702575564 -0.1772353798 0.8305017352 -0.3504337072 0.4329700768
-44.5 -309.3 2437.9 -0.3207063377 -0.3461907804 -0.8816458583 0.2412510514 0.8702575564 -0.4294761419 0.9159396291 -0.3504337072 -0.1955782026
320.7 -180.5 2616.5 -0.0835807994 0.0673580542 0.9942218661 -0.4217308164 0.9015676975 -0.0965342298 -0.9028606415 -0.4273624122 -0.0469467789
296.9 -300.7 2359.3 -0.4777505696 0.0652395561 0.8760697246 -0.3509742916 0.9000197053 -0.2584212720 -0.8053393364 -0.4309388697 -0.4070875347
27.3 -428.6 2362.3 0.9495596290 0.3068705201 -0.0645519122 -0.2024173141 0.4425836802 -0.8735827804 -0.2395071834 0.8425854445 0.4823755026
-94.7 -604.6 2027.3 0.9295834303 0.3681068718 0.0192876291 -0.2406775802 0.6457530260 -0.7246221900 -0.2791934609 0.6689546704 0.6888763905
205.9 -430.5 2325.2 0.9367821217 -0.0502012968 0.3462932706 0.3267346025 0.4796949625 -0.8143323660 -0.1252346039 0.8759980202 0.4657721817
225.9 -621.3 1976.9 0.9367821217 -0.0502012968 0.3462932706 0.3267346025 0.4796949625 -0.8143323660 -0.1252346039 0.8759980202 0.4657721817
38.9 -372.0 2199.9 0 0 0 0 0 0 0 0 0
172.7 -391.9 2149.9 0 0 0 0 0 0 0 0 0
-235.3 -851.1 1771.9 0 0 0 0 0 0 0 0 0
245.1 -804.7 1642.0 0 0 0 0 0 0 0 0 0
214.6 -53.7 2797.9 8 0.9773890972 0.1618474424 0.1360735148 0.0039404090 0.6294763088 -0.7770096660 -0.2114120722 0.7599769831 0.6146054864
182.4 -179.1 2646.4 0.9773890972 0.1618474424 0.1360735148 0.0039404090 0.6294763088 -0.7770096660 -0.2114120722 0.7599769831 0.6146054864
149.2 -304.2 2495.5 0.9765616059 0.1668053418 0.1360274553 0.0007710676 0.6292703152 -0.7771860957 -0.2152368277 0.7590749860 0.6143925786
44.9 -179.2 2676.7 0.3124435544 -0.3406682312 -0.8867492080 0.4552876055 0.8729844689 -0.1749608368 0.8337219357 -0.3490605652 0.4278603792
-44.0 -308.8 2439.4 -0.3191764355 -0.3406682312 -0.8843480945 0.2418346703 0.8729844689 -0.4235730171 0.9163200259 -0.3490605652 -0.1962506920
319.8 -179.0 2616.1 -0.0783743709 0.0548724309 0.9954127073 -0.4310497940 0.8984594345 -0.0834667906 -0.8989179730 -0.4356141090 -0.0467634425
297.6 -301.2 2361.3 -0.4764856994 0.0624545179 0.8769611120 -0.3452349305 0.9040614963 -0.2519635260 -0.8085630536 -0.4228146374 -0.4092108905
26.5 -428.8 2363.6 0.9509259462 0.3048613966 -0.0529096164 -0.1909974217 0.4438097179 -0.8755300641 -0.2434335202 0.8426698446 0.4802578986
-94.7 -605.3 2028.5 0.9266978502 0.3746996522 0.0288314465 -0.2371379882 0.6425483227 -0.7286269665 -0.2915418744 0.6683800220 0.6843036413
205.6 -429.3 2324.8 0.9327701330 -0.0504515283 0.3569236398 0.3358734250 0.4811404943 -0.8097486496 -0.1308773607 0.8751905560 0.4657388330
225.7 -620.6 1976.8 0.9327701330 -0.0504515283 0.3569236398 0.3358734250 0.4811404943 -0.8097486496 -0.1308773607 0.8751905560 0.4657388330
39.0 -371.7 2201.2 0 0 0 0 0 0 0 0 0
173.7 -390.9 2151.1 0 0 0 0 0 0 0 0 0
-237.9 -850.7 1773.2 0 0 0 0 0 0 0 0 0
245.0 -804.5 1642.2 0 0 0 0 0 0 0 0 0
215.4 -52.2 2799.3 9 0.9841355681 0.1484653354 0.0971348807 -0.0191173814 0.6330427527 -0.7738807201 -0.1763850003 0.7597466111 0.6258381605
185.7 -178.6 2647.7 0.9841355681 0.1484653354 0.0971348807 -0.0191173814 0.6330427527 -0.7738807201 -0.1763850003 0.7597466111 0.6258381605
155.2 -304.1 2496.5 0.9833905101 0.1535468400 0.0967803895 -0.0222360790 0.6311222911 -0.7753645778 -0.1801350415 0.7603341341 0.6240539551
47.4 -175.5 2673.0 0.3276219666 -0.3728415370 -0.8681319356 0.4760977924 0.8588062525 -0.1891631335 0.8160849810 -0.3513416946 0.4588728249
-44.8 -309.6 2443.1 -0.3208667338 -0.3728415370 -0.8706513047 0.2359553725 0.8588062525 -0.4547272325 0.9172620177 -0.3513416946 -0.1875883788
324.0 -181.7 2622.3 -0.0918875188 0.0917561352 0.9915329218 -0.4134794474 0.9023274779 -0.1218191385 -0.9058650136 -0.4211721420 -0.0449733548
297.5 -301.0 2361.1 -0.4745355248 0.0860334039 0.8760218620 -0.3434254229 0.8982468247 -0.2742474973 -0.8104782701 -0.4309883416 -0.3967039585
26.4 -429.4 2364.3 0.9479152560 0.3051772714 -0.0912333131 -0.2234368622 0.4329493940 -0.8732873201 -0.2270080447 0.8481872678 0.4785871804
-94.9 -601.5 2027.1 0.9322919846 0.3615429401 0.0108797913 -0.2548452914 0.6779071093 -0.6895620823 -0.2566817999 0.6401005387 0.7241448760
214.8 -431.7 2328.9 0.9456555247 -0.0331751294 0.3234734833 0.2995673120 0.4757935703 -0.8269703388 -0.1264717579 0.8789311051 0.4598749876
228.0 -620.8 1979.5 0.9456555247 -0.0331751294 0.3234734833 0.2995673120 0.4757935703 -0.8269703388 -0.1264717579 0.8789311051 0.4598749876
38.6 -370.9 2204.7 0 0 0 0 0 0 0 0 0
174.1 -390.3 2150.4 0 0 0 0 0 0 0 0 0
-232.9 -860.3 1782.7 0 0 0 0 0 0 0 0 0
240.7 -802.7 1643.5 0 0 0 0 0 0 0 0 0
214.8 -52.3 2799.1 0 0.9820734262 0.1495376527 0.1147615910 -0.0060746842 0.6336104274 -0.7736284137 -0.1884007156 0.7590627670 0.6231603622
185.0 -178.5 2647.8 0.9820734262 0.1495376527 0.1147615910 -0.0060746842 0.6336104274 -0.7736284137 -0.1884007156 0.7590627670 0.6231603622
154.4 -303.9 2496.6 0.9814653397 0.1539409757 0.1141400114 -0.0086074853 0.6304066181 -0.7762173414 -0.1914462745 0.7608479857 0.6200473309
46.9 -177.3 2674.8 0.3223216236 -0.3698243797 -0.8714004159 0.4703988135 0.8614054322 -0.1915870458 0.8214826584 -0.3481530845 0.4516145587
-43.6 -309.4 2444.1 -0.3157737553 -0.3698243797 -0.8737944961 0.2358799279 0.8614054322 -0.4498236477 0.9190471172 -0.3481530845 -0.1847750843
323.0 -179.8 2620.9 -0.0850860327 0.0739697367 0.9936240911 -0.4232697189 0.9001008868 -0.1032528952 -0.9019995332 -0.4293563664 -0.0452768654
299.0 -299.3 2366.2 -0.4697018564 0.0767380223 0.8794836402 -0.3429063261 0.9021365643 -0.2618490160 -0.8135080934 -0.4245714545 -0.3974212706
34.5 -427.6 2361.9 0.9418711066 0.3279143870 -0.0731504336 -0.2185753882 0.4327033460 -0.8746385574 -0.2551541328 0.8397856951 0.4792248011
-95.8 -599.6 2028.1 0.9335061312 0.3568883836 0.0345974080 -0.2351571321 0.6822096705 -0.6923084855 -0.2706795335 0.6381384134 0.7207717896
213.8 -430.0 2327.8 0.9400363564 -0.0353898965 0.3392332792 0.3136276007 0.4805905819 -0.8189446926 -0.1340499520 0.8762307167 0.4628718793
227.8 -621.1 1979.4 0.9400363564 -0.0353898965 0.3392332792 0.3136276007 0.4805905819 -0.8189446926 -0.1340499520 0.8762307167 0.4628718793
38.5 -370.8 2205.1 0 0 0 0 0 0 0 0 0
176.9 -388.4 2154.7 0 0 0 0 0 0 0 0 0
-232.2 -860.2 1784.3 0 0 0 0 0 0 0 0 0
241.4 -804.8 1644.5 0 0 0 0 0 0 0 0 0
214.5 -52.7 2797.4 1 0.9797412753 0.1553851217 0.1263427287 -0.0005274302 0.6328700781 -0.7742578387 -0.2002666891 0.7585057616 0.6201308966
183.6 -178.7 2646.4 0.9797412753 0.1553851217 0.1263427287 -0.0005274302 0.6328700781 -0.7742578387 -0.2002666891 0.7585057616 0.6201308966
151.8 -304.2 2495.5 0.9790931344 0.1596988440 0.1259878874 -0.0031275984 0.6311170459 -0.7756813169 -0.2033885121 0.7590702176 0.6184218526
45.8 -178.3 2675.0 0.3149879873 -0.3529901206 -0.8810110688 0.4628105462 0.8675461411 -0.1821264923 0.8286066651 -0.3503735662 0.4366341531
-42.4 -307.9 2442.9 -0.3116592169 -0.3529901206 -0.8821941614 0.2440678328 0.8675461411 -0.4333527088 0.9183133841 -0.3503735662 -0.1842252165
321.3 -179.1 2617.8 -0.0803639442 0.0631976798 0.9947600961 -0.4304980040 0.8979086280 -0.0918234065 -0.8990067244 -0.4356215298 -0.0449530035
298.8 -299.6 2366.2 -0.4764936566 0.0708865449 0.8763155341 -0.3415458500 0.9035307169 -0.2588024437 -0.8101236224 -0.4226196408 -0.4063156247
33.8 -428.5 2362.9 0.9445466399 0.3219932318 -0.0644356310 -0.2071674764 0.4320669174 -0.8777242303 -0.2547807693 0.8424004316 0.4748138785
-94.2 -600.2 2028.0 0.9332674146 0.3569937944 0.0395893194 -0.2296766639 0.6778774261 -0.6983773112 -0.2761530578 0.6426800489 0.7146340609
209.9 -430.0 2325.9 0.9360997677 -0.0427217893 0.3491304815 0.3254493773 0.4817037880 -0.8136609793 -0.1334164292 0.8752921224 0.4648265839
226.9 -621.5 1977.9 0.9360997677 -0.0427217893 0.3491304815 0.3254493773 0.4817037880 -0.8136609793 -0.1334164292 0.8752921224 0.4648265839
38.6 -371.3 2204.2 0 0 0 0 0 0 0 0 0
175.0 -388.4 2155.6 0 0 0 0 0 0 0 0 0
-230.7 -859.3 1782.4 0 0 0 0 0 0 0 0 0
243.2 -805.6 1643.3 0 0 0 0 0 0 0 0 0
215.0 -51.6 2798.1 2 0.9800738692 0.1567576826 0.1219925806 -0.0050194608 0.6335090995 -0.7737189531 -0.1985697895 0.7576894164 0.6216725707
183.7 -178.1 2646.8 0.9800738692 0.1567576826 0.1219925806 -0.0050194608 0.6335090995 -0.7737189531 -0.1985697895 0.7576894164 0.6216725707
151.5 -303.8 2496.2 0.9792171121 0.1622319967 0.1217155233 -0.0084189596 0.6321280599 -0.7748182416 -0.2026401013 0.7576905489 0.6203563809
45.9 -176.9 2675.3 0.3129551411 -0.3424339592 -0.8858882785 0.4600578547 0.8706671596 -0.1740270555 0.8309066296 -0.3530972004 0.4300191998
-43.1 -307.8 2439.0 -0.3176396191 -0.3424339592 -0.8842194676 0.2464062870 0.8706671596 -0.4257024527 0.9156358242 -0.3530972004 -0.1921805143
321.5 -179.3 2618.3 -0.0810695812 0.0677650869 0.9944021106 -0.4341565967 0.8956612349 -0.0964312628 -0.8971821070 -0.4395439029 -0.0431902222
298.7 -301.1 2366.5 -0.4798398018 0.0796645582 0.8737318516 -0.3341709375 0.9042082429 -0.2659647465 -0.8112235069 -0.4195962548 -0.4072535038
30.3 -429.4 2363.3 0.9454798698 0.3191165924 -0.0650570542 -0.2099884748 0.4446387291 -0.8707475066 -0.2489430904 0.8369354606 0.4874077737
-96.6 -606.1 2030.5 0.9316861629 0.3627155125 0.0199572854 -0.2360938489 0.6463635564 -0.7255851626 -0.2760806680 0.6713058949 0.6878429055
209.0 -430.2 2327.0 0.9375877380 -0.0440439321 0.3449484110 0.3227792084 0.4793175161 -0.8161301017 -0.1293942332 0.8765357137 0.4636186659
226.5 -620.8 1978.5 0.9375877380 -0.0440439321 0.3449484110 0.3227792084 0.4793175161 -0.8161301017 -0.1293942332 0.8765357137 0.4636186659
39.5 -371.8 2201.0 0 0 0 0 0 0 0 0 0
174.0 -388.0 2155.6 0 0 0 0 0 0 0 0 0
-235.1 -853.0 1774.2 0 0 0 0 0 0 0 0 0
243.4 -804.1 1643.4 0 0 0 0 0 0 0 0 0
215.4 -52.1 2796.4 3 0.9813621640 0.1554860175 0.1129267663 -0.0117385471 0.6350538135 -0.7723786831 -0.1918086708 0.7566576004 0.6250429749
184.4 -178.9 2645.3 0.9813621640 0.1554860175 0.1129267663 -0.0117385471 0.6350538135 -0.7723786831 -0.1918086708 0.7566576004 0.6250429749
152.5 -304.9 2494.9 0.9805917740 0.1604531109 0.1126699671 -0.0148321567 0.6337326169 -0.7734099627 -0.1954986602 0.7567283511 0.6238128543
46.4 -176.8 2672.8 0.3164758384 -0.3476376832 -0.8826047182 0.4616158903 0.8692698479 -0.1768636256 0.8287061453 -0.3514513075 0.4355779588
-43.3 -307.6 2438.1 -0.3071162403 -0.3476376832 -0.8859049678 0.2485869378 0.8692698479 -0.4272873700 0.9186316729 -0.3514513075 -0.1805486828
322.4 -181.0 2617.8 -0.0833402351 0.0770091340 0.9935411215 -0.4269847572 0.8980919123 -0.1054272279 -0.9004101753 -0.4330132306 -0.0419654697
299.1 -300.4 2366.2 -0.4816736579 0.0826937929 0.8724403977 -0.3358420134 0.9021142125 -0.2709245384 -0.8094446659 -0.4234993458 -0.4067525864
29.4 -428.7 2364.2 0.9456678629 0.3154166937 -0.0788964033 -0.2168283910 0.4309878051 -0.8759195209 -0.2422762364 0.8454358578 0.4759626091
-96.0 -600.0 2028.1 0.9328770041 0.3594625890 0.0229593925 -0.2421714514 0.6731141806 -0.6987634301 -0.2666336000 0.6463001966 0.7149842978
210.5 -432.3 2326.5 0.9405452013 -0.0413872451 0.3371377289 0.3150580227 0.4772242606 -0.8203629851 -0.1269377321 0.8778064251 0.4618903697
227.0 -622.0 1977.5 0.9405452013 -0.0413872451 0.3371377289 0.3150580227 0.4772242606 -0.8203629851 -0.1269377321 0.8778064251 0.4618903697
36.6 -372.2 2199.3 0 0 0 0 0 0 0 0 0
173.9 -387.7 2155.7 0 0 0 0 0 0 0 0 0
-233.3 -857.0 1781.3 0 0 0 0 0 0 0 0 0
242.8 -804.5 1641.9 0 0 0 0 0 0 0 0 0
215.9 -50.3 2798.1 4 0.9806199074 0.1624026895 0.1095898822 -0.0193369575 0.6368576288 -0.7707388997 -0.1949632168 0.7536827922 0.6276556253
183.5 -177.2 2647.8 0.9806199074 0.1624026895 0.1095898822 -0.0193369575 0.6368576288 -0.7707388997 -0.1949632168 0.7536827922 0.6276556253
150.9 -303.6 2497.9 0.9803997874 0.1639075428 0.1093188599 -0.0201954134 0.6355497837 -0.7717956901 -0.1959807277 0.7544605732 0.6264030337
45.5 -174.4 2675.4 0.2977479100 -0.3616403937 -0.8834944367 0.4645889103 0.8633736968 -0.1968324929 0.8339684010 -0.3518552482 0.4250818193
-39.8 -307.5 2436.5 -0.3002684116 -0.3616403937 -0.8826410174 0.2494302541 0.8633736968 -0.4386005402 0.9206646681 -0.3518552482 -0.1690397859
321.5 -180.1 2620.3 -0.0816151649 0.0818796381 0.9932948947 -0.4212765098 0.9003782868 -0.1088349521 -0.9032524824 -0.4273343682 -0.0389905535
298.1 -300.5 2362.0 -0.4825001061 0.0789926425 0.8723266721 -0.3448995948 0.8983296752 -0.2721176744 -0.8051322699 -0.4321619272 -0.4061996341
30.6 -429.6 2362.4 0.9473388195 0.3091464639 -0.0835321993 -0.2182442546 0.4323865473 -0.8748778701 -0.2343472093 0.8470361829 0.4770860076
-92.3 -601.5 2025.6 0.9193269610 0.3930608630 0.0184675772 -0.2714675069 0.6675096154 -0.6933515072 -0.2848566175 0.6324033737 0.7203629017
208.3 -431.8 2329.9 0.9416174293 -0.0451752096 0.3336402774 0.3141366243 0.4744296074 -0.8223349452 -0.1211396754 0.8791335225 0.4609223604
226.2 -620.4 1980.3 0.9416174293 -0.0451752096 0.3336402774 0.3141366243 0.4744296074 -0.8223349452 -0.1211396754 0.8791335225 0.4609223604
38.3 -372.3 2197.1 0 0 0 0 0 0 0 0 0
172.7 -390.2 2152.7 0 0 0 0 0 0 0 0 0
-242.4 -856.3 1784.2 0 0 0 0 0 0 0 0 0
243.5 -801.8 1644.2 0 0 0 0 0 0 0 0 0
217.2 -51.1 2797.9 5 0.9784621000 0.1714033037 0.1150338724 -0.0205751378 0.6354677081 -0.7718532681 -0.2053985149 0.7528623343 0.6253077388
183.0 -177.8 2647.9 0.9784621000 0.1714033037 0.1150338724 -0.0205751378 0.6354677081 -0.7718532681 -0.2053985149 0.7528623343 0.6253077388
148.9 -304.1 2498.2 0.9784581661 0.1714439392 0.1150071025 -0.0205898620 0.6353467107 -0.7719525099 -0.2054159492 0.7529551983 0.6251901388
45.3 -174.9 2676.8 0.3111287653 -0.3765371740 -0.8725930452 0.4728527963 0.8577814698 -0.2015469670 0.8243840933 -0.3499010205 0.4449271560
-42.9 -309.0 2442.9 -0.3110326529 -0.3765371740 -0.8726273179 0.2387195230 0.8577814698 -0.4552185535 0.9199302793 -0.3499010205 -0.1769112647
320.7 -180.7 2619.0 -0.0769142956 0.0785853788 0.9939358830 -0.4178702533 0.9025692344 -0.1036977768 -0.9052450657 -0.4233120680 -0.0365819819
298.9 -298.9 2362.8 -0.4824590385 0.0702276230 0.8730987310 -0.3531535566 0.8965786099 -0.2672626972 -0.8015708327 -0.4372812212 -0.4077613354
28.4 -428.1 2365.8 0.9491243362 0.3044598997 -0.0804185867 -0.2128078640 0.4319058359 -0.8764531612 -0.2321115732 0.8489767313 0.4747237861
-92.7 -599.8 2028.3 0.9210286140 0.3888502717 0.0223990772 -0.2673738301 0.6730235219 -0.6896017790 -0.2832269371 0.6291540265 0.7238423228
204.6 -432.3 2329.6 0.9397814274 -0.0542208329 0.3374476731 0.3217236698 0.4735598862 -0.8198993206 -0.1153460592 0.8790910840 0.4624869227
226.2 -620.6 1980.1 0.9397814274 -0.0542208329 0.3374476731 0.3217236698 0.4735598862 -0.8198993206 -0.1153460592 0.8790910840 0.4624869227
37.9 -371.1 2203.8 0 0 0 0 0 0 0 0 0
173.5 -390.7 2154.4 0 0 0 0 0 0 0 0 0
-241.3 -856.9 1787.9 0 0 0 0 0 0 0 0 0
246.9 -801.6 1644.0 0 0 0 0 0 0 0 0 0
217.4 -50.9 2798.4 6 0.9774088264 0.1698424071 0.1257998198 -0.0110706491 0.6355214119 -0.7720038295 -0.2110674679 0.7531706691 0.6230444908
183.4 -178.0 2647.8 0.9774088264 0.1698424071 0.1257998198 -0.0110706491 0.6355214119 -0.7720038295 -0.2110674679 0.7531706691 0.6230444908
149.2 -303.7 2497.6 0.9771257639 0.1719502807 0.1251333505 -0.0121207088 0.6324867606 -0.7744763494 -0.2123166174 0.7552440763 0.6201032400
45.9 -176.3 2677.6 0.3136718571 -0.3413674831 -0.8860464096 0.4590721130 0.8713542223 -0.1731895655 0.8311815262 -0.3524344862 0.4300315976
-43.3 -306.9 2441.1 -0.3139224648 -0.3413674831 -0.8859576583 0.2477340549 0.8713542223 -0.4235205650 0.9165590405 -0.3524344862 -0.1889693141
320.9 -179.7 2617.9 -0.0799028501 0.0680538043 0.9944768548 -0.4229367673 0.9010973573 -0.0956452265 -0.9026294947 -0.4282431602 -0.0432177931
298.1 -300.5 2360.1 -0.4812666476 0.0654647425 0.8741263151 -0.3512967825 0.8992198110 -0.2607570887 -0.8031020761 -0.4325714409 -0.4097669721
25.1 -428.5 2367.3 0.9520525336 0.2968714833 -0.0739140362 -0.2001623809 0.4217279553 -0.8843531609 -0.2313676178 0.8567454815 0.4609296620
-93.0 -596.2 2026.7 0.9273816943 0.3725126088 0.0346048959 -0.2509431541 0.6879886389 -0.6809545755 -0.2774719298 0.6228209734 0.7315075994
204.7 -430.6 2328.0 0.9366530180 -0.0533634797 0.3461696506 0.3282303810 0.4786914587 -0.8143213987 -0.1222534329 0.8763599992 0.4658833146
225.9 -620.9 1979.6 0.9366530180 -0.0533634797 0.3461696506 0.3282303810 0.4786914587 -0.8143213987 -0.1222534329 0.8763599992 0.4658833146
38.3 -371.3 2202.9 0 0 0 0 0 0 0 0 0
173.0 -391.8 2151.4 0 0 0 0 0 0 0 0 0
-235.3 -859.1 1788.8 0 0 0 0 0 0 0 0 0
246.3 -803.9 1644.5 0 0 0 0 0 0 0 0 0
218.3 -52.9 2807.6 7 0.9808514118 0.1746975034 0.0860886946 -0.0421015099 0.6217734218 -0.7820647359 -0.1901524216 0.7634648681 0.6172223687
183.5 -176.6 2655.6 0.9808514118 0.1746975034 0.0860886946 -0.0421015099 0.6217734218 -0.7820647359 -0.1901524216 0.7634648681 0.6172223687
148.6 -300.4 2504.0 0.9806689024 0.1756447256 0.0862403661 -0.0427496508 0.6224061251 -0.7815261483 -0.1909474730 0.7627316713 0.6178830862
45.6 -170.6 2682.5 0.3076466620 -0.3567937016 -0.8820724487 0.4657946527 0.8648301959 -0.1873607785 0.8296920061 -0.3532237113 0.4322547317
-43.3 -305.2 2442.8 -0.2988790870 -0.3567937016 -0.8850816488 0.2525591552 0.8648301959 -0.4339154363 0.9202636480 -0.3532237113 -0.1683681458
321.4 -182.7 2628.8 -0.0780756995 0.1075898111 0.9911249280 -0.4034129083 0.9057221413 -0.1300978363 -0.9116809964 -0.4099900723 -0.0273117702
298.6 -300.6 2362.3 -0.4820413589 0.0884917527 0.8716681600 -0.3501884341 0.8925030231 -0.2842646837 -0.8031215072 -0.4422754347 -0.3992345631
25.4 -428.4 2367.0 0.9509779215 0.2899989784 -0.1074320003 -0.2282851636 0.4239124358 -0.8764611483 -0.2086310536 0.8580203056 0.4693338275
-89.9 -596.9 2025.8 0.9171374440 0.3985709846 0.0001724873 -0.2942484915 0.6773765087 -0.6742246747 -0.2688432336 0.6183059812 0.7385262847
203.7 -428.0 2334.8 0.9494738579 -0.0541653708 0.3091366589 0.2965060771 0.4776853919 -0.8269829750 -0.1028762311 0.8768596053 0.4696101546
225.2 -618.0 1986.2 0.9494738579 -0.0541653708 0.3091366589 0.2965060771 0.4776853919 -0.8269829750 -0.1028762311 0.8768596053 0.4696101546
34.4 -370.8 2203.6 0 0 0 0 0 0 0 0 0
173.3 -391.6 2153.5 0 0 0 0 0 0 0 0 0
-242.2 -855.7 1789.6 0 0 0 0 0 0 0 0 0
245.9 -800.6 1650.9 0 0 0 0 0 0 0 0 0
216.5 -52.9 2802.7 8 0.9759817719 0.1745779812 0.1303154379 -0.0090300003 0.6300873756 -0.7764717340 -0.2176649719 0.7566455007 0.6165302396
181.7 -178.6 2651.7 0.9759817719 0.1745779812 0.1303154379 -0.0090300003 0.6300873756 -0.7764717340 -0.2176649719 0.7566455007 0.6165302396
146.5 -303.1 2500.8 0.9756646752 0.1769679934 0.1294633746 -0.0101632616 0.6262987256 -0.7795169353 -0.2190323025 0.7592313290 0.6128560901
44.5 -177.2 2682.5 0.3145199120 -0.3181202710 -0.8943582773 0.4460438788 0.8812077045 -0.1565819234 0.8379272819 -0.3496748805 0.4190529585
-44.4 -303.3 2445.6 -0.2950972915 -0.3181202710 -0.9009534121 0.2584738433 0.8812077045 -0.3958084285 0.9198417664 -0.3496748805 -0.1778162420
318.8 -180.1 2620.9 -0.0614424609 0.0648841187 0.9959994555 -0.4209122956 0.9031289220 -0.0847998634 -0.9050180316 -0.4244387150 -0.0281799380
301.8 -296.4 2370.9 -0.4735600948 0.0621285401 0.8785675168 -0.3518803120 0.9010958672 -0.2533900142 -0.8074163198 -0.4291460216 -0.4048612118
23.9 -420.2 2369.9 0.9562760592 0.2858119607 -0.0620294884 -0.1895090044 0.4439986348 -0.8757576942 -0.2227610201 0.8492212296 0.4787491858
-89.8 -596.6 2032.3 0.9263517261 0.3760184050 0.0219683405 -0.2491435409 0.6554394960 -0.7129702568 -0.2824888527 0.6549879313 0.7008500695
200.8 -428.6 2329.7 0.9353224635 -0.0598048940 0.3487051427 0.3331372738 0.4807400703 -0.8111156225 -0.1191278473 0.8748213053 0.4695702195
224.6 -619.7 1981.9 0.9353224635 -0.0598048940 0.3487051427 0.3331372738 0.4807400703 -0.8111156225 -0.1191278473 0.8748213053 0.4695702195
32.3 -370.5 2206.5 0 0 0 0 0 0 0 0 0
178.7 -387.8 2161.0 0 0 0 0 0 0 0 0 0
-233.3 -846.9 1782.3 0 0 0 0 0 0 0 0 0
247.4 -803.5 1647.4 0 0 0 0 0 0 0 0 0
216.3 -54.0 2798.7 9 0.9773469567 0.1668044031 0.1302661002 -0.0034342282 0.6279157996 -0.7782737017 -0.2116156220 0.7601960897 0.6142644286
183.0 -179.4 2646.9 0.9773469567 0.1668044031 0.1302661002 -0.0034342282 0.6279157996 -0.7782737017 -0.2116156220 0.7601960897 0.6142644286
149.3 -303.5 2495.4 0.9769412279 0.1697153896 0.1295475066 -0.0049442998 0.6245761514 -0.7809482813 -0.2134512216 0.7623000145 0.6110132933
45.6 -178.7 2676.9 0.3221257925 -0.3329384923 -0.8862205744 0.4525973797 0.8763681054 -0.1647257656 0.8314989805 -0.3480387032 0.4329878688
-44.3 -305.0 2444.9 -0.2947368622 -0.3329384923 -0.8957020640 0.2538842261 0.8763681054 -0.4092942476 0.9212344885 -0.3480387032 -0.1737701446
320.4 -180.1 2616.9 -0.0774066895 0.0627195463 0.9950248599 -0.4220511913 0.9021237493 -0.0896966308 -0.9032613039 -0.4268945456 -0.0433595590
298.7 -298.7 2363.1 -0.4767814279 0.0604394153 0.8769415617 -0.3530851305 0.9004449844 -0.2540269494 -0.8049908876 -0.4307503700 -0.4079751968
22.0 -426.7 2369.9 0.9550436735 0.2895719111 -0.0635586157 -0.1895291805 0.4315039217 -0.8819767833 -0.2279699296 0.8543725610 0.4669874012
-93.1 -598.2 2030.3 0.9302653074 0.3656857610 0.0296706781 -0.2402655631 0.6683298349 -0.7039940953 -0.2772704065 0.6477724314 0.7095857859
205.2 -428.2 2324.2 0.9354643226 -0.0516210794 0.3496309519 0.3295312524 0.4849413335 -0.8100870848 -0.1277329326 0.8730218410 0.4706560671
225.7 -621.0 1977.1 0.9354643226 -0.0516210794 0.3496309519 0.3295312524 0.4849413335 -0.8100870848 -0.1277329326 0.8730218410 0.4706560671
32.3 -371.0 2205.4 0 0 0 0 0 0 0 0 0
174.7 -390.5 2153.8 0 0 0 0 0 0 0 0 0
-232.8 -853.5 1782.8 0 0 0 0 0 0 0 0 0
245.4 -806.4 1643.4 0 0 0 0 0 0 0 0 0
216.2 -54.2 2797.8 0 0.9784582257 0.1580599248 0.1328025758 0.0039731804 0.6287468672 -0.7775999308 -0.2064065784 0.7613766789 0.6145745516
184.6 -180.1 2645.4 0.9784582257 0.1580599248 0.1328025758 0.0039731804 0.6287468672 -0.7775999308 -0.2064065784 0.7613766789 0.6145745516
153.1 -304.7 2493.8 0.9784107208 0.1586138010 0.1324920207 0.0037846663 0.6272216439 -0.7788316011 -0.2066353112 0.7625185847 0.6130800843
46.9 -180.6 2674.4 0.3215164840 -0.3199216723 -0.8912223577 0.4467124343 0.8811238408 -0.1551410854 0.8349102736 -0.3482396901 0.4262088239
-43.8 -306.7 2438.7 -0.3009195030 -0.3199216723 -0.8983861208 0.2540269196 0.8811238408 -0.3988622129 0.9191941023 -0.3482396901 -0.1838786304
322.2 -179.5 2616.3 -0.0853744447 0.0574063621 0.9946937561 -0.4219362140 0.9023163319 -0.0882897526 -0.9025968313 -0.4272350073 -0.0528129339
298.0 -299.5 2359.6 -0.4859964550 0.0564769320 0.8721340299 -0.3503117859 0.9016479850 -0.2535993159 -0.8006803989 -0.4287672043 -0.4184131622
26.0 -427.3 2363.4 0.9503906369 0.3060209155 -0.0557564199 -0.1928583533 0.4390677214 -0.8775107861 -0.2440558225 0.8447311521 0.4763045609
-95.6 -601.8 2027.6 0.9287834764 0.3691402376 0.0331174321 -0.2350654900 0.6558035016 -0.7174022198 -0.2865405679 0.6585265994 0.6958715916
211.3 -429.1 2323.2 0.9342836738 -0.0402626842 0.3542498350 0.3281660676 0.4854903519 -0.8103123903 -0.1393595338 0.8733143806 0.4667985439
227.3 -622.1 1976.0 0.9342836738 -0.0402626842 0.3542498350 0.3281660676 0.4854903519 -0.8103123903 -0.1393595338 0.8733143806 0.4667985439
34.4 -372.8 2199.7 0 0 0 0 0 0 0 0 0
171.6 -390.6 2151.5 0 0 0 0 0 0 0 0 0
-236.7 -852.4 1776.0 0 0 0 0 0 0 0 0 0
242.7 -807.7 1642.2 0 0 0 0 0 0 0 0 0
217.3 -54.4 2797.8 1 0.9790213108 0.1639117599 0.1210382432 -0.0086292792 0.6268504262 -0.7790918350 -0.2035751939 0.7617030144 0.6151143312
184.6 -179.7 2645.6 0.9790213108 0.1639117599 0.1210382432 -0.0086292792 0.6268504262 -0.7790918350 -0.2035751939 0.7617030144 0.6151143312
151.9 -304.3 2494.2 0.9789938927 0.1640867293 0.1210225448 -0.0087338826 0.6267743707 -0.7791518569 -0.2037023008 0.7617279291 0.6150414348
46.8 -178.4 2674.3 0.3192095757 -0.3302559555 -0.8882771134 0.4563222826 0.8750617504 -0.1613594443 0.8305872679 -0.3538331687 0.4300312698
-43.8 -307.9 2438.6 -0.2980502844 -0.3302559555 -0.8955987096 0.2590073347 0.8750617504 -0.4088790715 0.9187389016 -0.3538331687 -0.1752736866
322.3 -180.9 2616.9 -0.0865498409 0.0705990419 0.9937428832 -0.4148563147 0.9043330550 -0.1003788784 -0.9057611823 -0.4209482670 -0.0489814281
297.5 -299.7 2357.5 -0.4986806214 0.0639653504 0.8644223809 -0.3457701206 0.8998093009 -0.2660568357 -0.7948337197 -0.4315688312 -0.4266001582
31.8 -429.8 2361.1 0.9438279271 0.3233102262 -0.0682591051 -0.2117360830 0.4331461489 -0.8761005998 -0.2536861300 0.8413411379 0.4772718847
-96.7 -601.9 2026.7 0.9307152629 0.3644758463 0.0304387175 -0.2370229214 0.6644456983 -0.7087538838 -0.2785485387 0.6524333358 0.7047988772
209.1 -429.7 2324.0 0.9383353591 -0.0442860425 0.3428783119 0.3204538822 0.4836266935 -0.8145026565 -0.1297540069 0.8741533160 0.4679956436
226.7 -621.9 1976.5 0.9383353591 -0.0442860425 0.3428783119 0.3204538822 0.4836266935 -0.8145026565 -0.1297540069 0.8741533160 0.4679956436
33.7 -375.2 2199.7 0 0 0 0 0 0 0 0 0
167.9 -389.6 2150.9 0 0 0 0 0 0 0 0 0
-236.0 -855.9 1777.4 0 0 0 0 0 0 0 0 0
243.7 -806.8 1642.3 0 0 0 0 0 0 0 0 0
217.6 -53.8 2797.8 2 0.9804655910 0.1633200794 0.1096072868 -0.0181013551 0.6298155189 -0.7765338421 -0.1958559453 0.7593806386 0.6204687357
185.0 -179.4 2646.2 0.9804655910 0.1633200794 0.1096072868 -0.0181013551 0.6298155189 -0.7765338421 -0.1958559453 0.7593806386 0.6204687357
152.2 -304.6 2495.2 0.9802321196 0.1647750139 0.1095179692 -0.0189974122 0.6293662190 -0.7768766284 -0.1969367564 0.7594388723 0.6200552583
47.0 -176.8 2673.9 0.2985482812 -0.3250766397 -0.8973260522 0.4511907697 0.8765780330 -0.1674450636 0.8410088420 -0.3548747897 0.4083724320
-39.2 -307.2 2430.9 -0.2863625288 -0.3250766397 -0.9012888670 0.2663955688 0.8765780330 -0.4008046389 0.9203422666 -0.3548747897 -0.1644201279
322.9 -182.1 2618.5 -0.0882335752 0.0827318057 0.9926581979 -0.4102064669 0.9051021338 -0.1118962392 -0.9077144265 -0.4170677960 -0.0459232815
297.6 -299.9 2358.0 -0.5095153451 0.0728092492 0.8573755622 -0.3393364847 0.8986554146 -0.2779733539 -0.7907242775 -0.4325705171 -0.4331718981
29.5 -428.0 2361.4 0.9440652728 0.3202332258 -0.0786855891 -0.2211684436 0.4379040599 -0.8713923097 -0.2445920259 0.8400539756 0.4842355251
-97.8 -602.1 2027.5 0.9382607937 0.3455604613 0.0159560293 -0.2326302528 0.6644284725 -0.7102239132 -0.2560269535 0.6626634002 0.7037950158
209.4 -431.4 2326.2 0.9420861602 -0.0437764190 0.3325015903 0.3117802739 0.4795933366 -0.8202337027 -0.1235586554 0.8763982058 0.4654668570
226.8 -622.1 1977.7 0.9420861602 -0.0437764190 0.3325015903 0.3117802739 0.4795933366 -0.8202337027 -0.1235586554 0.8763982058 0.4654668570
35.2 -376.4 2191.6 0 0 0 0 0 0 0 0 0
165.1 -388.1 2152.4 0 0 0 0 0 0 0 0 0
-229.9 -856.1 1774.2 0 0 0 0 0 0 0 0 0
243.5 -805.5 1642.7 0 0 0 0 0 0 0 0 0
216.6 -54.6 2795.8 3 0.9864180088 0.1413680762 0.0836337432 -0.0248759966 0.6318741441 -0.7746717334 -0.1623598486 0.7620696425 0.6268086433
188.5 -180.2 2644.3 0.9864180088 0.1413680762 0.0836337432 -0.0248759966 0.6318741441 -0.7746717334 -0.1623598486 0.7620696425 0.6268086433
160.1 -305.6 2492.8 0.9862046838 0.1429571956 0.0834478512 -0.0258232877 0.6308225393 -0.7754973173 -0.1635037065 0.7626441717 0.6258118153
49.8 -176.6 2667.3 0.3223782480 -0.3218162358 -0.8902283907 0.4615436494 0.8745154738 -0.1489973217 0.8264682293 -0.3628457487 0.4304569960
-41.8 -307.7 2432.4 -0.3049323857 -0.3218162358 -0.8963540196 0.2670805156 0.8745154738 -0.4048342109 0.9141576886 -0.3628457487 -0.1807172298
327.2 -183.8 2621.3 -0.1046116799 0.1031802669 0.9891462326 -0.4007184207 0.9059188962 -0.1368784308 -0.9102094173 -0.4106881917 -0.0534234606
296.9 -299.7 2358.1 -0.5314002633 0.0816377178 0.8431779146 -0.3367506862 0.8929631710 -0.2986900806 -0.7773112059 -0.4426647425 -0.4470293224
29.5 -427.9 2362.3 0.9460096359 0.3079795837 -0.1010660082 -0.2342508137 0.4340795279 -0.8698859215 -0.2240364254 0.8465952873 0.4827878773
-92.9 -600.5 2025.8 0.9295756817 0.3686268926 -0.0018184370 -0.2662213147 0.6679085493 -0.6949995756 -0.2549809813 0.6465387940 0.7190078497
222.1 -433.4 2326.2 0.9497806430 -0.0198575035 0.3122857809 0.2834289372 0.4775180519 -0.8316516876 -0.1326075792 0.8783975244 0.4591656029
230.0 -623.2 1977.1 0.9497806430 -0.0198575035 0.3122857809 0.2834289372 0.4775180519 -0.8316516876 -0.1326075792 0.8783975244 0.4591656029
37.4 -377.1 2194.8 0 0 0 0 0 0 0 0 0
158.8 -387.2 2156.1 0 0 0 0 0 0 0 0 0
-233.7 -855.7 1778.7 0 0 0 0 0 0 0 0 0
237.6 -805.7 1641.3 0 0 0 0 0 0 0 0 0
217.2 -57.2 2793.8 4 0.9860927463 0.1432047337 0.0843413174 -0.0250157043 0.6295930743 -0.7765222192 -0.1643023789 0.7636131048 0.6244195700
188.8 -182.2 2642.1 0.9860927463 0.1432047337 0.0843413174 -0.0250157043 0.6295930743 -0.7765222192 -0.1643023789 0.7636131048 0.6244195700
159.9 -307.1 2490.2 0.9858181477 0.1452177316 0.0841096044 -0.0262134653 0.6282957792 -0.7775328159 -0.1657572538 0.7643011212 0.6231920123
50.1 -178.5 2665.5 0.3217367828 -0.3726994395 -0.8703910708 0.4738858938 0.8592317700 -0.1927509159 0.8197057843 -0.3504509926 0.4530634582
-39.1 -309.9 2438.1 -0.2978793979 -0.3726994395 -0.8788418174 0.2468943596 0.8592317700 -0.4480668902 0.9221231341 -0.3504509926 -0.1639300585
327.5 -185.9 2618.8 -0.0908803418 0.1030250043 0.9905183315 -0.4007600248 0.9067572355 -0.1310827583 -0.9116644859 -0.4088729918 -0.0411181077
301.7 -299.9 2359.5 -0.5506047010 0.0770477504 0.8312028050 -0.3345117867 0.8919225335 -0.3042631447 -0.7648112774 -0.4455758631 -0.4653233588
41.2 -428.7 2356.2 0.9341512918 0.3435367644 -0.0966634825 -0.2491612583 0.4339008331 -0.8658225536 -0.2554995120 0.8328940868 0.4909250736
-95.3 -601.1 2025.3 0.9317983985 0.3626745641 0.0147944242 -0.2536135018 0.6796708703 -0.6882787943 -0.2596765459 0.6375849843 0.7252954245
221.5 -434.4 2323.1 0.9497005939 -0.0207681656 0.3124700189 0.2841425240 0.4766156077 -0.8319258094 -0.1316505224 0.8788664341 0.4585432410
229.8 -623.9 1973.7 0.9497005939 -0.0207681656 0.3124700189 0.2841425240 0.4766156077 -0.8319258094 -0.1316505224 0.8788664341 0.4585432410
38.3 -374.1 2198.5 0 0 0 0 0 0 0 0 0
158.6 -386.8 2160.8 0 0 0 0 0 0 0 0 0
-233.9 -860.8 1781.6 0 0 0 0 0 0 0 0 0
237.7 -806.1 1637.7 0 0 0 0 0 0 0 0 0
216.1 -54.0 2795.8 5 0.9858869910 0.1447336674 0.0841364935 -0.0258707330 0.6282483935 -0.7775825858 -0.1654009968 0.7644318938 0.6231262684
187.2 -179.2 2643.3 0.9858869910 0.1447336674 0.0841364935 -0.0258707330 0.6282483935 -0.7775825858 -0.1654009968 0.7644318938 0.6231262684
158.2 -304.1 2491.4 0.9857353568 0.1457929611 0.0840846375 -0.0265265089 0.6279433966 -0.7778068185 -0.1661991477 0.7644811869 0.6228533387
48.5 -175.5 2666.7 0.3174159825 -0.3887303472 -0.8649484515 0.4816575348 0.8517896533 -0.2060593069 0.8168556094 -0.3512024283 0.4576065242
-40.3 -310.3 2438.1 -0.3146275282 -0.3887303472 -0.8659666777 0.2355446965 0.8517896533 -0.4679456353 0.9195261002 -0.3512024283 -0.1764331013
325.9 -183.0 2620.0 -0.0846850649 0.1024998948 0.9911217093 -0.4084902406 0.9036919475 -0.1283609867 -0.9088256955 -0.4157337844 -0.0346590057
301.6 -300.3 2358.9 -0.5479383469 0.0848991424 0.8321993351 -0.3275817931 0.8936066031 -0.3068508208 -0.7697101831 -0.4407486916 -0.4618299007
39.1 -426.0 2356.0 0.9331997037 0.3463681638 -0.0957463831 -0.2503561676 0.4354984760 -0.8646749854 -0.2577984929 0.8308851719 0.4931224883
-97.8 -598.1 2027.7 0.9330763817 0.3591984808 0.0185730159 -0.2505919933 0.6862601042 -0.6828255653 -0.2580158114 0.6324741244 0.7303453088
219.7 -431.4 2324.2 0.9497008324 -0.0241259877 0.3122279048 0.2849254310 0.4802870750 -0.8295431137 -0.1299454719 0.8767794967 0.4630031586
229.3 -622.3 1975.6 0.9497008324 -0.0241259877 0.3122279048 0.2849254310 0.4802870750 -0.8295431137 -0.1299454719 0.8767794967 0.4630031586
41.4 -371.6 2199.1 0 0 0 0 0 0 0 0 0
159.2 -385.5 2158.8 0 0 0 0 0 0 0 0 0
-235.1 -860.4 1785.9 0 0 0 0 0 0 0 0 0
238.5 -805.9 1640.4 0 0 0 0 0 0 0 0 0
216.3 -55.3 2794.8 6 0.9827162027 0.1553908437 0.1006106734 -0.0197292697 0.6283136606 -0.7777099013 -0.1840640604 0.7622832060 0.6205197573
185.3 -181.0 2642.3 0.9827162027 0.1553908437 0.1006106734 -0.0197292697 0.6283136606 -0.7777099013 -0.1840640604 0.7622832060 0.6205197573
153.4 -305.7 2490.9 0.9819627404 0.1601678580 0.1004759520 -0.0227279533 0.6275479794 -0.7782460451 -0.1877034903 0.7619250417 0.6198690534
47.1 -177.8 2668.7 0.3216406107 -0.3788206875 -0.8677800298 0.4741084278 0.8577492237 -0.1987146586 0.8196148276 -0.3475071192 0.4554890692
-43.0 -310.5 2439.2 -0.3282032013 -0.3788206875 -0.8653193116 0.2265752405 0.8577492237 -0.4614433646 0.9170312285 -0.3475071192 -0.1956846565
323.4 -184.1 2615.9 -0.0829478204 0.0899015069 0.9924904704 -0.4123616815 0.9035651088 -0.1163097918 -0.9072361588 -0.4189127088 -0.0378768146
300.2 -299.4 2362.3 -0.5286014676 0.0812635049 0.8449714184 -0.3284209669 0.8983117938 -0.2918486297 -0.7827644348 -0.4317779541 -0.4481602609
38.0 -424.7 2355.9 0.9356697202 0.3435932696 -0.0804107636 -0.2373957783 0.4443083405 -0.8638479710 -0.2610851824 0.8273655772 0.4972934425
-98.1 -600.8 2028.0 0.9356417060 0.3521917760 0.0231429860 -0.2374496013 0.6766154766 -0.6970001459 -0.2611366212 0.6466470957 0.7166974545
211.7 -432.6 2322.2 0.9448887110 -0.0395329185 0.3249960840 0.3032888174 0.4795329869 -0.8234463930 -0.1232931092 0.8766329288 0.4650952220
227.4 -623.2 1973.7 0.9448887110 -0.0395329185 0.3249960840 0.3032888174 0.4795329869 -0.8234463930 -0.1232931092 0.8766329288 0.4650952220
42.3 -369.4 2200.9 0 0 0 0 0 0 0 0 0
162.9 -384.8 2158.9 0 0 0 0 0 0 0 0 0
-232.8 -859.4 1780.8 0 0 0 0 0 0 0 0 0
242.5 -806.5 1638.6 0 0 0 0 0 0 0 0 0
216.0 -52.9 2796.8 7 0.9812966585 0.1618252397 0.1042567044 -0.0219634455 0.6321713328 -0.7745172977 -0.1912445426 0.7577413917 0.6239018440
183.7 -179.1 2645.5 0.9812966585 0.1618252397 0.1042567044 -0.0219634455 0.6321713328 -0.7745172977 -0.1912445426 0.7577413917 0.6239018440
151.2 -304.4 2494.7 0.9810158014 0.1637482047 0.1038966328 -0.0230525974 0.6304177642 -0.7759136558 -0.1925527602 0.7587884665 0.6222246289
45.7 -175.9 2672.6 0.2941406965 -0.3598861098 -0.8854169846 0.4654597938 0.8630556464 -0.1961686611 0.8347625136 -0.3544248343 0.4213723242
-37.0 -306.7 2438.0 -0.3025080562 -0.3598861098 -0.8825932741 0.2514163852 0.8630556464 -0.4380922019 0.9193903804 -0.3544248343 -0.1706000268
321.8 -182.3 2618.4 -0.0827080905 0.0877821892 0.9927001595 -0.4125942290 0.9037167430 -0.1142894030 -0.9071523547 -0.4190350175 -0.0385262594
298.0 -300.9 2357.8 -0.5288032889 0.0779414549 0.8451581001 -0.3315347433 0.8976944685 -0.2902229726 -0.7813141346 -0.4336701334 -0.4488635063
31.1 -427.5 2357.3 0.9405477643 0.3299571872 -0.0806112662 -0.2299699485 0.4439527392 -0.8660368323 -0.2499674857 0.8330871463 0.4934389889
-99.9 -603.7 2026.6 0.9383550286 0.3454129100 0.0134083228 -0.2342260927 0.6638723612 -0.7102193832 -0.2542203665 0.6632973552 0.7038527131
208.6 -431.9 2326.2 0.9436958432 -0.0448365249 0.3277618587 0.3084765673 0.4771641493 -0.8228952289 -0.1195004508 0.8776696920 0.4641288519
226.5 -621.6 1977.3 0.9436958432 -0.0448365249 0.3277618587 0.3084765673 0.4771641493 -0.8228952289 -0.1195004508 0.8776696920 0.4641288519
41.6 -372.0 2199.2 0 0 0 0 0 0 0 0 0
160.6 -387.0 2154.8 0 0 0 0 0 0 0 0 0
-231.9 -857.4 1773.1 0 0 0 0 0 0 0 0 0
243.6 -804.0 1641.7 0 0 0 0 0 0 0 0 0
215.9 -51.6 2796.8 8 0.9788241386 0.1630757749 0.1237318218 -0.0083055720 0.6355866194 -0.7719848752 -0.2045343220 0.7546097636 0.6234819889
183.3 -178.5 2646.1 0.9788241386 0.1630757749 0.1237318218 -0.0083055720 0.6355866194 -0.7719848752 -0.2045343220 0.7546097636 0.6234819889
150.5 -304.3 2495.7 0.9785166383 0.1653639525 0.1231255829 -0.0094929961 0.6327157617 -0.7743259072 -0.2059490979 0.7565219998 0.6206927299
45.6 -177.2 2675.1 0.3084602356 -0.3536202312 -0.8830657005 0.4672948718 0.8649275303 -0.1831279397 0.8285455704 -0.3561643660 0.4320406616
-40.3 -307.3 2444.3 -0.3005795479 -0.3536202312 -0.8857791424 0.2554983199 0.8649275303 -0.4319964647 0.9188974500 -0.3561643660 -0.1696301550
321.0 -179.8 2617.2 -0.0804655552 0.0688898116 0.9943739176 -0.4215076268 0.9016675949 -0.0965759009 -0.9032478333 -0.4269072413 -0.0435156003
298.1 -300.0 2359.7 -0.5207063556 0.0635243878 0.8513692021 -0.3420121670 0.8981889486 -0.2761960328 -0.7822356224 -0.4349956810 -0.4459665716
29.1 -429.1 2362.1 0.9435607195 0.3250251114 -0.0636541247 -0.2123161852 0.4460876882 -0.8694409728 -0.2541948259 0.8338851333 0.4899189174
-101.4 -608.3 2027.3 0.9398472905 0.3406096697 0.0259258263 -0.2196445763 0.6607028246 -0.7177938819 -0.2616167963 0.6689221859 0.6957727671
207.4 -431.0 2326.5 0.9372125268 -0.0494800322 0.3452309370 0.3257928193 0.4774828553 -0.8160080910 -0.1244657487 0.8772467375 0.4636231661
227.0 -620.8 1977.7 0.9372125268 -0.0494800322 0.3452309370 0.3257928193 0.4774828553 -0.8160080910 -0.1244657487 0.8772467375 0.4636231661
37.8 -373.7 2205.5 0 0 0 0 0 0 0 0 0
162.7 -388.9 2156.3 0 0 0 0 0 0 0 0 0
-231.6 -860.8 1771.6 0 0 0 0 0 0 0 0 0
245.9 -803.4 1642.3 0 0 0 0 0 0 0 0 0
217.2 -55.1 2806.3 9 0.9786890149 0.1681392491 0.1178857312 -0.0108436197 0.6155927181 -0.7879898548 -0.2050616145 0.7699186802 0.6042970419
183.8 -177.2 2653.5 0.9786890149 0.1681392491 0.1178857312 -0.0108436197 0.6155927181 -0.7879898548 -0.2050616145 0.7699186802 0.6042970419
150.6 -300.4 2501.1 0.9787604809 0.1671127081 0.1187489554 -0.0105803227 0.6196470261 -0.7848092914 -0.2047340423 0.7668839097 0.6082540751
46.1 -175.7 2682.3 0.3055328727 -0.3280270696 -0.8938947916 0.4551116228 0.8749177456 -0.1655062288 0.8363749385 -0.3562543094 0.4166050851
-42.1 -307.0 2441.0 -0.3131423295 -0.3280270696 -0.8912575841 0.2550918758 0.8749177456 -0.4116394520 0.9148060083 -0.3562543094 -0.1902967393
321.5 -178.7 2624.7 -0.0798622221 0.0726432204 0.9941554070 -0.4169662893 0.9034581184 -0.0995115638 -0.9054065943 -0.4224765003 -0.0418623947
298.3 -299.8 2361.6 -0.5099357963 0.0669410005 0.8576038480 -0.3407358229 0.8997014761 -0.2728303075 -0.7898509502 -0.4313423038 -0.4359807968
28.0 -430.0 2364.6 0.9463707805 0.3156452477 -0.0689228997 -0.2078547776 0.4315122366 -0.8778346181 -0.2473432571 0.8450829983 0.4739789665
-98.1 -602.3 2027.0 0.9392943978 0.3414405882 0.0338287801 -0.2224478871 0.6810657978 -0.6976147294 -0.2612336278 0.6477404833 0.7156739831
207.2 -424.5 2329.9 0.9392650127 -0.0482442714 0.3397848904 0.3194201291 0.4849643111 -0.8141132593 -0.1255072504 0.8732022047 0.4709202051
226.4 -617.3 1982.7 0.9392650127 -0.0482442714 0.3397848904 0.3194201291 0.4849643111 -0.8141132593 -0.1255072504 0.8732022047 0.4709202051
39.3 -373.3 2203.2 0 0 0 0 0 0 0 0 0
165.8 -388.4 2156.3 0 0 0 0 0 0 0 0 0
-228.5 -862.6 1779.4 0 0 0 0 0 0 0 0 0
244.8 -802.7 1648.9 0 0 0 0 0 0 0 0 0
215.8 -55.5 2801.0 0 0.9803118110 0.1589569747 0.1171384007 -0.0074381623 0.6225463748 -0.7825475931 -0.1973154843 0.7662693262 0.6114718914
184.2 -179.1 2648.8 0.9803118110 0.1589569747 0.1171384007 -0.0074381623 0.6225463748 -0.7825475931 -0.1973154843 0.7662693262 0.6114718914
152.2 -303.2 2496.8 0.9799925089 0.1607193947 0.1174049005 -0.0086830426 0.6238341331 -0.7815085053 -0.1988447607 0.7648531199 0.6127483249
46.3 -177.9 2676.8 0.3194462955 -0.3152959049 -0.8936120868 0.4511240423 0.8799027205 -0.1491920650 0.8333313465 -0.3554710448 0.4233192503
-43.0 -303.9 2444.0 -0.3083936870 -0.3152959049 -0.8974863887 0.2592447698 0.8799027205 -0.3982001245 0.9152516127 -0.3554710448 -0.1896176338
322.1 -180.4 2620.8 -0.0743032396 0.0728873610 0.9945684671 -0.4170205295 0.9036652446 -0.0973806754 -0.9058547616 -0.4219911695 -0.0367497243
