-42.4 111.0 2892.3 06 0.9948522449 -0.0921715274 0.0421118662 0.0981586128 0.9797556400 -0.1744814962 -0.0251771118 0.1777169555 0.9837595224
-23.4 -91.5 2855.5 0.9948522449 -0.0921715274 0.0421118662 0.0981586128 0.9797556400 -0.1744814962 -0.0251771118 0.1777169555 0.9837595224
-6.1 -281.7 2812.4 0.9950381517 -0.0881829187 0.0460742339 0.0961474255 0.9713475108 -0.2173470110 -0.0255877972 0.2206984907 0.9750064015
-165.1 -105.1 2859.2 -0.0676504970 -0.7322492003 -0.6776684523 0.6727581024 0.4680970013 -0.5729587674 0.7367631197 -0.4946678877 0.4609595835
-146.5 -289.6 2657.2 -0.3172470331 -0.7253452539 -0.6109243631 0.4394939542 0.4583964646 -0.7724750638 0.8403567076 -0.5135629773 0.1733599454
118.4 -77.8 2851.9 -0.0000181604 0.7370891571 0.6757954955 -0.7954413295 0.4095421135 -0.4467083514 -0.6060305834 -0.5375638008 0.5863037109
118.4 -277.2 2700.0 -0.3999917209 0.7370891571 0.5447074771 -0.3767682314 0.4095421135 -0.8308555484 -0.8354952335 -0.5375638008 0.1138983220
-80.6 -480.7 2768.6 0.9509019852 0.2704314291 -0.1505064666 -0.1537100524 -0.0094215581 -0.9880710840 -0.2686235011 0.9626931548 0.0326090530
-186.4 -477.0 2391.8 0.9509019852 0.2802890539 0.1312379539 -0.1537100524 0.7957535982 -0.5857895613 -0.2686235011 0.5368558764 0.7997669578
99.1 -464.3 2762.0 0.9997517467 -0.0169521663 -0.0144585902 -0.0153825516 -0.0557041205 -0.9983288050 0.0161184333 0.9983034134 -0.0559510589
108.3 -434.3 2224.9 0.9997517467 0.0122575471 -0.0186058935 -0.0153825516 0.9838377833 -0.1784001738 0.0161184333 0.1786420941 0.9837821126
-65.1 -402.4 2441.4 0 0 0 0 0 0 0 0 0
16.0 -373.7 2486.0 0 0 0 0 0 0 0 0 0
-292.0 -776.7 2189.6 0 0 0 0 0 0 0 0 0
103.6 -804.8 2157.7 0 0 0 0 0 0 0 0 0
-43.2 109.5 2888.8 07 0.9940493703 -0.1088566855 -0.0040147351 0.1064976454 0.9789323807 -0.1742115915 0.0228942502 0.1727473587 0.9847000837
-20.5 -94.7 2852.7 0.9940493703 -0.1088566855 -0.0040147351 0.1064976454 0.9789323807 -0.1742115915 0.0228942502 0.1727473587 0.9847000837
-0.7 -285.3 2812.4 0.9948471785 -0.1013850346 -0.0004366587 0.0990896896 0.9732173085 -0.2074349672 0.0214557648 0.2063228190 0.9782487154
-162.1 -108.9 2849.7 -0.0641690344 -0.7113981247 -0.6998535991 0.6806585193 0.4816541374 -0.5520083904 0.7297850847 -0.5117831826 0.4533119202
-145.0 -290.1 2655.4 -0.3130240142 -0.7121276259 -0.6284028888 0.4317131341 0.4826588929 -0.7620131969 0.8459548950 -0.5098182559 0.1563510299
121.1 -80.6 2855.8 -0.0281081218 0.7475164533 0.6636483669 -0.7827594280 0.3964495063 -0.4797034860 -0.6216893196 -0.5329605937 0.5739821196
114.1 -275.9 2700.7 -0.3925640583 0.7475164533 0.5358289480 -0.3835698068 0.3964495063 -0.8340874910 -0.8359232545 -0.5329605937 0.1310929060
-78.6 -480.5 2771.5 0.9500677586 0.2752985060 -0.1469079107 -0.1500029266 -0.0099001341 -0.9886359572 -0.2736244202 0.9613078237 0.0318897851
-186.5 -476.6 2395.1 0.9500677586 0.2827053368 0.1320942789 -0.1500029266 0.7849691510 -0.6011011004 -0.2736244202 0.5512722731 0.7881805301
101.1 -463.2 2766.9 0.9996389151 -0.0151431905 -0.0221985988 -0.0229609329 -0.0521780252 -0.9983738065 0.0139602860 0.9985229969 -0.0525068864
109.3 -434.9 2225.0 0.9996389151 0.0198956300 -0.0180626120 -0.0229609329 0.9816124439 -0.1894988418 0.0139602860 0.1898451447 0.9817147851
-64.6 -400.9 2438.2 0 0 0 0 0 0 0 0 0
13.6 -374.1 2486.6 0 0 0 0 0 0 0 0 0
-292.9 -772.2 2187.5 0 0 0 0 0 0 0 0 0
101.9 -804.5 2153.5 0 0 0 0 0 0 0 0 0
-41.7 110.5 2889.0 08 0.9947202802 -0.1022490487 -0.0087609990 0.0992768854 0.9803913236 -0.1702262461 0.0259946790 0.1684577167 0.9853660464
-20.6 -92.4 2854.2 0.9947202802 -0.1022490487 -0.0087609990 0.0992768854 0.9803913236 -0.1702262461 0.0259946790 0.1684577167 0.9853660464
-2.0 -283.3 2814.6 0.9954656959 -0.0949679539 -0.0053993785 0.0918869078 0.9747427106 -0.2035520673 0.0245939288 0.2021329701 0.9790492058
-162.3 -105.5 2850.7 -0.0832307935 -0.7054266334 -0.7038791776 0.6759174466 0.4790575504 -0.5600352287 0.7322623730 -0.5223764181 0.4369378388
-139.0 -295.0 2645.4 -0.2965466082 -0.7146548033 -0.6335050464 0.4303114414 0.4922025502 -0.7566826940 0.8525797129 -0.4969961643 0.1615631282
121.2 -79.3 2857.7 -0.0331115499 0.7523635030 0.6579154730 -0.7787946463 0.3931509554 -0.4887854755 -0.6264044642 -0.5285654664 0.5729188323
112.9 -273.5 2701.5 -0.3840577006 0.7523635030 0.5352091193 -0.3901187778 0.3931509554 -0.8326101303 -0.8368434906 -0.5285654664 0.1425184757
-70.7 -484.9 2770.2 0.9451897144 0.2893866003 -0.1512341946 -0.1456530988 -0.0408586338 -0.9884916544 -0.2922354639 0.9563398957 0.0035308946
-184.0 -468.9 2395.8 0.9451897144 0.2879093587 0.1540279090 -0.1456530988 0.7939571142 -0.5902688503 -0.2922354639 0.5354813933 0.7923749685
108.9 -466.9 2774.0 0.9998505712 -0.0001489378 -0.0172850993 -0.0172631275 -0.0597342066 -0.9980650544 -0.0008838621 0.9982143044 -0.0597278550
109.0 -434.2 2227.6 0.9998505712 0.0171232633 -0.0023644555 -0.0172631275 0.9821627140 -0.1872389466 -0.0008838621 0.1872517914 0.9823115468
-62.9 -405.5 2426.5 0 0 0 0 0 0 0 0 0
14.6 -373.4 2487.2 0 0 0 0 0 0 0 0 0
-292.4 -767.8 2194.2 0 0 0 0 0 0 0 0 0
102.5 -804.1 2157.0 0 0 0 0 0 0 0 0 0
-40.2 107.9 2887.7 09 0.9957023263 -0.0922003463 -0.0087159313 0.0895153061 0.9822745323 -0.1646928340 0.0237461738 0.1632048339 0.9863063693
-21.2 -94.3 2854.1 0.9957023263 -0.0922003463 -0.0087159313 0.0895153061 0.9822745323 -0.1646928340 0.0237461738 0.1632048339 0.9863063693
-3.7 -285.4 2814.9 0.9959832430 -0.0893825516 -0.0053035812 0.0864862651 0.9756655097 -0.2014869153 0.0231839363 0.2002189159 0.9794768691
-163.1 -106.6 2850.8 -0.0886157453 -0.7035295367 -0.7051194906 0.6688270569 0.4825532436 -0.5655198693 0.7381176353 -0.5217169523 0.4277777672
-138.2 -294.2 2643.8 -0.3030920923 -0.7128787041 -0.6324073672 0.4207802415 0.4953131080 -0.7600058913 0.8550316691 -0.4964562953 0.1498398036
120.7 -82.0 2857.4 -0.0446751937 0.7816578150 0.6221054792 -0.7797667980 0.3619811833 -0.5108163953 -0.6244741082 -0.5079180002 0.5933392048
109.7 -274.1 2703.5 -0.3699229956 0.7816578150 0.5021633506 -0.3865951598 0.3619811833 -0.8482415676 -0.8448083401 -0.5079180002 0.1682799608
-73.3 -482.5 2772.9 0.9469498992 0.2816841900 -0.1547254622 -0.1513611674 -0.0338034444 -0.9879003763 -0.2835061550 0.9589115381 0.0106258783
-183.6 -469.2 2397.4 0.9469498992 0.2879884839 0.1426484287 -0.1513611674 0.7911968231 -0.5925346613 -0.2835061550 0.5395091772 0.7928140163
106.5 -465.8 2777.3 0.9998621345 -0.0030707424 -0.0163190477 -0.0164717939 -0.0589749329 -0.9981235862 0.0021025655 0.9982547164 -0.0590173826
108.2 -433.5 2229.6 0.9998621345 0.0156907253 -0.0054352498 -0.0164717939 0.9786246419 -0.2049939781 0.0021025655 0.2050552368 0.9787481427
-60.4 -402.2 2424.2 0 0 0 0 0 0 0 0 0
15.0 -373.1 2487.2 0 0 0 0 0 0 0 0 0
-292.1 -767.2 2194.2 0 0 0 0 0 0 0 0 0
102.3 -802.0 2152.4 0 0 0 0 0 0 0 0 0
-39.4 104.5 2887.0 10 0.9952465892 -0.0965446979 -0.0127796512 0.0931308866 0.9818918705 -0.1649697870 0.0284751933 0.1629954427 0.9862158298
-19.4 -99.0 2853.2 0.9952465892 -0.0965446979 -0.0127796512 0.0931308866 0.9818918705 -0.1649697870 0.0284751933 0.1629954427 0.9862158298
-1.2 -290.1 2814.6 0.9956042171 -0.0931763947 -0.0095053976 0.0894401893 0.9759587049 -0.1987588555 0.0277965106 0.1970349997 0.9800023437
-161.3 -111.8 2849.2 -0.0782699138 -0.7036660314 -0.7062067389 0.6675187349 0.4891558290 -0.5613780618 0.7404677868 -0.5153452158 0.4314240813
-140.1 -293.0 2648.2 -0.3140968978 -0.7074640989 -0.6331174970 0.4205206037 0.4942084849 -0.7608681917 0.8511789441 -0.5052253008 0.1422738731
122.4 -86.3 2857.1 -0.0541045181 0.7849482894 0.6171944141 -0.7743949890 0.3572277427 -0.5222075582 -0.6303848624 -0.5062060356 0.5885323882
109.2 -276.2 2702.5 -0.3687582016 0.7849482894 0.4978690743 -0.3871829212 0.3572277427 -0.8499869108 -0.8450483680 -0.5062060356 0.1721878946
-76.2 -484.3 2773.6 0.9484288096 0.2715157866 -0.1635907739 -0.1563860625 -0.0481189154 -0.9865231514 -0.2757284343 0.9612303376 -0.0031760824
-182.5 -465.5 2397.2 0.9484288096 0.2870502174 0.1344802380 -0.1563860625 0.7927291393 -0.5891722441 -0.2757284343 0.5377570987 0.7967377901
103.8 -468.7 2777.8 0.9998508692 -0.0091460133 -0.0146492636 -0.0152212195 -0.0659621209 -0.9977059960 0.0081587359 0.9977802038 -0.0660914928
108.8 -432.6 2232.2 0.9998508692 0.0130571211 -0.0113031883 -0.0152212195 0.9754733443 -0.2195907384 0.0081587359 0.2197300494 0.9755265713
-59.4 -400.9 2429.6 0 0 0 0 0 0 0 0 0
14.7 -375.3 2486.1 0 0 0 0 0 0 0 0 0
-290.6 -764.0 2194.6 0 0 0 0 0 0 0 0 0
103.9 -799.9 2149.5 0 0 0 0 0 0 0 0 0
-38.7 102.0 2885.6 11 0.9944306612 -0.1010469347 -0.0299521592 0.0948424563 0.9819238782 -0.1637997180 0.0459621996 0.1600467265 0.9860388041
-17.8 -101.0 2852.5 0.9944306612 -0.1010469347 -0.0299521592 0.0948424563 0.9819238782 -0.1637997180 0.0459621996 0.1600467265 0.9860388041
1.5 -292.1 2814.4 0.9947620630 -0.0987421498 -0.0264283288 0.0915953666 0.9758459926 -0.1983303726 0.0453735441 0.1948708147 0.9797788262
-159.6 -114.1 2846.1 -0.0949637890 -0.6956155300 -0.7121102214 0.6644589901 0.4883746505 -0.5656716228 0.7412665486 -0.5268863440 0.4158301055
-133.9 -293.9 2645.4 -0.2986118495 -0.7048039436 -0.6434923410 0.4319443703 0.5014368296 -0.7496567369 0.8510317206 -0.5018092990 0.1547011137
123.9 -88.0 2859.0 -0.0756400153 0.8121606112 0.5785098672 -0.7646257281 0.3251460195 -0.5564418435 -0.6400203705 -0.4844328165 0.5964048505
105.2 -277.4 2700.4 -0.3547850847 0.8121606112 0.4631659091 -0.3839196861 0.3251460195 -0.8642255068 -0.8524864912 -0.4844328165 0.1964475065
-72.9 -489.4 2773.5 0.9470511079 0.2809240222 -0.1554858387 -0.1451934278 -0.0572222322 -0.9877471924 -0.2863791585 0.9580225945 -0.0134040555
-182.9 -467.0 2398.3 0.9470511079 0.2850960493 0.1476970166 -0.1451934278 0.7905360460 -0.5949551463 -0.2863791585 0.5420082808 0.7900721431
107.0 -473.2 2778.5 0.9998566508 -0.0033667574 -0.0165940858 -0.0167994406 -0.0747759491 -0.9970588684 0.0021160168 0.9971946478 -0.0748217925
108.9 -432.3 2233.2 0.9998566508 0.0159047637 -0.0058083744 -0.0167994406 0.9746937156 -0.2229124010 0.0021160168 0.2229780257 0.9748211503
-57.2 -404.8 2426.9 0 0 0 0 0 0 0 0 0
14.3 -375.7 2482.1 0 0 0 0 0 0 0 0 0
-290.3 -764.7 2194.2 0 0 0 0 0 0 0 0 0
102.9 -799.4 2149.3 0 0 0 0 0 0 0 0 0
-39.0 99.1 2885.9 12 0.9942549467 -0.1043672338 -0.0237598680 0.0990647599 0.9813051820 -0.1650041044 0.0405367017 0.1617023796 0.9860066772
-17.5 -103.1 2852.6 0.9942549467 -0.1043672338 -0.0237598680 0.0990647599 0.9813051820 -0.1650041044 0.0405367017 0.1617023796 0.9860066772
2.5 -294.1 2813.7 0.9946192503 -0.1016749144 -0.0198699757 0.0956068113 0.9747219086 -0.2019321620 0.0398991331 0.1989458948 0.9791979194
-159.2 -116.8 2846.9 -0.1049104631 -0.7005430460 -0.7058563828 0.6539067030 0.4861667454 -0.5796964169 0.7492662072 -0.5223804116 0.4070858061
-130.6 -295.3 2642.4 -0.2822127938 -0.7106539011 -0.6444586515 0.4391686022 0.5015444160 -0.7453751564 0.8529284000 -0.4933804274 0.1705546379
124.3 -89.5 2858.3 -0.0686835349 0.7938896418 0.6041703224 -0.7634310126 0.3480286300 -0.5441039801 -0.6422271132 -0.4986133575 0.5821761489
107.3 -278.7 2699.2 -0.3671153784 0.7938896418 0.4847324193 -0.3793523014 0.3480286300 -0.8573026657 -0.8493044972 -0.4986133575 0.1733972132
-69.1 -491.6 2772.1 0.9448553920 0.2967221439 -0.1385794729 -0.1277903616 -0.0555539504 -0.9902440906 -0.3015259802 0.9533466101 -0.0145722199
-185.3 -469.8 2398.8 0.9448553920 0.2801971138 0.1695224792 -0.1277903616 0.7920628190 -0.5969138145 -0.3015259802 0.5423339009 0.7841913104
110.4 -475.4 2777.4 0.9997184873 0.0182961728 -0.0151058612 -0.0135609247 -0.0818056539 -0.9965560436 -0.0194689073 0.9964803457 -0.0815345123
100.4 -430.6 2231.2 0.9997184873 0.0176453702 0.0158612058 -0.0135609247 0.9735024571 -0.2282742262 -0.0194689073 0.2279948592 0.9734676480
-58.1 -408.0 2423.4 0 0 0 0 0 0 0 0 0
13.3 -375.8 2481.7 0 0 0 0 0 0 0 0 0
-290.8 -768.1 2194.5 0 0 0 0 0 0 0 0 0
93.7 -797.2 2145.4 0 0 0 0 0 0 0 0 0
-34.3 94.1 2887.6 13 0.9961981773 -0.0866606608 0.0088936379 0.0868878663 0.9810193777 -0.1733537167 0.0062981169 0.1734673977 0.9848194718
-16.5 -107.2 2852.0 0.9961981773 -0.0866606608 0.0088936379 0.0868878663 0.9810193777 -0.1733537167 0.0062981169 0.1734673977 0.9848194718
0.2 -298.1 2811.3 0.9962985516 -0.0851309076 0.0119149340 0.0857457221 0.9744178057 -0.2077439576 0.0060753082 0.2079966664 0.9781106710
-158.4 -119.5 2851.2 -0.1040372774 -0.7117434740 -0.6946923733 0.6431291103 0.4846570194 -0.5928680301 0.7586574554 -0.5084572434 0.4073205590
-129.7 -296.5 2642.3 -0.2789959013 -0.7157365680 -0.6402205825 0.4508092105 0.4910434484 -0.7454175949 0.8478987813 -0.4965857863 0.1856615543
125.4 -95.0 2852.9 -0.0706631616 0.8030928969 0.5916489959 -0.7685404420 0.3342770636 -0.5455313325 -0.6358870268 -0.4932551384 0.5935882926
108.5 -278.9 2700.7 -0.3689117134 0.8030928969 0.4679165781 -0.3711277544 0.3342770636 -0.8663273454 -0.8521550894 -0.4932551384 0.1747313440
-67.5 -493.6 2771.1 0.9441907406 0.3009941578 -0.1338147968 -0.1225401238 -0.0561225414 -0.9908754826 -0.3057577610 0.9519730806 -0.0161065217
-185.4 -471.6 2398.2 0.9441907406 0.2792315781 0.1747387201 -0.1225401238 0.7901574969 -0.6005289555 -0.3057577610 0.5456013680 0.7802764177
112.1 -476.5 2776.9 0.9997996688 0.0142205087 -0.0140872626 -0.0128356190 -0.0845671222 -0.9963350892 -0.0153597109 0.9963163137 -0.0843676478
104.3 -430.4 2232.8 0.9997996688 0.0159243867 0.0121279741 -0.0128356190 0.9749590158 -0.2220137864 -0.0153597109 0.2218136340 0.9749680758
-58.1 -412.3 2424.6 0 0 0 0 0 0 0 0 0
14.0 -373.9 2482.5 0 0 0 0 0 0 0 0 0
-290.6 -769.2 2192.7 0 0 0 0 0 0 0 0 0
98.3 -797.6 2149.2 0 0 0 0 0 0 0 0 0
-32.7 92.1 2886.9 14 0.9969101548 -0.0752902701 -0.0223940704 0.0698407814 0.9800693989 -0.1859735996 0.0359497480 0.1838349551 0.9822995067
-17.3 -108.0 2849.4 0.9969101548 -0.0752902701 -0.0223940704 0.0698407814 0.9800693989 -0.1859735996 0.0359497480 0.1838349551 0.9822995067
-3.0 -298.6 2806.9 0.9971318245 -0.0730242059 -0.0198884755 0.0669209957 0.9734327197 -0.2189756781 0.0353506170 0.2170166671 0.9755275846
-159.3 -117.5 2844.4 -0.1109703928 -0.6854808331 -0.7195843458 0.6606397629 0.4900405705 -0.5686962008 0.7424558401 -0.5384944081 0.3984758854
-129.5 -294.6 2645.4 -0.2793261707 -0.6981879473 -0.6591740847 0.4520707726 0.5100284219 -0.7317807078 0.8471180201 -0.5023988485 0.1731660664
124.7 -98.5 2854.4 -0.0717190653 0.7794976234 0.6222859621 -0.7530430555 0.3667945862 -0.5462489724 -0.6540508866 -0.5077846050 0.5606890917
107.0 -284.3 2693.0 -0.3854089677 0.7794976234 0.4938050210 -0.3582010567 0.3667945862 -0.8585765362 -0.8503834009 -0.5077846050 0.1378509551
-73.2 -496.7 2770.1 0.9469842911 0.2908319235 -0.1365194768 -0.1254240572 -0.0565501861 -0.9904901981 -0.2957863808 0.9551014900 -0.0170748197
-187.1 -474.5 2396.0 0.9469842911 0.2752649486 0.1656803638 -0.1254240572 0.7915120125 -0.5981451273 -0.2957863808 0.5456537008 0.7840742469
106.7 -481.3 2770.5 0.9999672174 0.0021810397 -0.0077994741 -0.0075614620 -0.0934799835 -0.9955924749 -0.0029005213 0.9956187606 -0.0934604257
105.6 -431.0 2235.3 0.9999672174 0.0080137858 0.0011696037 -0.0075614620 0.9755701423 -0.2195580155 -0.0029005213 0.2195419669 0.9755987525
-57.8 -410.7 2427.8 0 0 0 0 0 0 0 0 0
8.3 -376.1 2475.3 0 0 0 0 0 0 0 0 0
-290.8 -772.6 2190.5 0 0 0 0 0 0 0 0 0
102.5 -798.4 2152.6 0 0 0 0 0 0 0 0 0
-34.3 90.5 2885.6 15 0.9971810579 -0.0745549202 -0.0084545771 0.0715242177 0.9785521626 -0.1931836605 0.0226760358 0.1920343786 0.9811261892
-19.1 -109.6 2846.3 0.9971810579 -0.0745549202 -0.0084545771 0.0715242177 0.9785521626 -0.1931836605 0.0226760358 0.1920343786 0.9811261892
-5.0 -299.9 2802.4 0.9974055886 -0.0717343092 -0.0060218354 0.0685307533 0.9718025923 -0.2256174088 0.0220365431 0.2246193886 0.9741973877
-161.1 -119.4 2843.2 -0.1088612825 -0.6927071810 -0.7129557729 0.6598061919 0.4860940278 -0.5730344057 0.7435085773 -0.5327938795 0.4041356742
-131.7 -297.7 2642.3 -0.2696270049 -0.7090333104 -0.6515927315 0.4391421974 0.5116617680 -0.7384824753 0.8570037484 -0.4852566719 0.1734085977
123.0 -99.8 2849.5 -0.0534842834 0.7730973959 0.6320284009 -0.7627070546 0.3769018054 -0.5255692005 -0.6445288062 -0.5101621747 0.5694885254
110.0 -284.8 2693.1 -0.3854689300 0.7730973959 0.5037202835 -0.3595651984 0.3769018054 -0.8536146283 -0.8497803211 -0.5101621747 0.1326949745
-78.7 -495.3 2761.2 0.9476276636 0.2865189016 -0.1410984397 -0.1424811035 -0.0161291659 -0.9896661043 -0.2858338654 0.9579387903 0.0255390853
-190.8 -489.0 2386.3 0.9476276636 0.2830242217 0.1479836255 -0.1424811035 0.7893227339 -0.5972175002 -0.2858338654 0.5448549986 0.7883096337
101.8 -483.1 2761.8 0.9998001456 0.0197168794 0.0033061060 0.0052308375 -0.0983811989 -0.9951350689 -0.0192956999 0.9949534535 -0.0984646678
91.3 -430.6 2231.4 0.9998001456 -0.0008655598 0.0199733935 0.0052308375 0.9755849242 -0.2195603400 -0.0192956999 0.2196209282 0.9753944278
-62.5 -410.4 2422.3 0 0 0 0 0 0 0 0 0
11.3 -376.9 2475.5 0 0 0 0 0 0 0 0 0
-297.4 -786.3 2181.1 0 0 0 0 0 0 0 0 0
91.6 -798.0 2148.6 0 0 0 0 0 0 0 0 0
-37.2 101.6 2896.4 16 0.9967417121 -0.0806029812 0.0030127626 0.0796427131 0.9775816202 -0.1949134171 0.0127653806 0.1945182830 0.9808158278
-20.7 -98.3 2856.7 0.9967417121 -0.0806029812 0.0030127626 0.0796427131 0.9775816202 -0.1949134171 0.0127653806 0.1945182830 0.9808158278
-5.7 -288.4 2811.8 0.9970545173 -0.0764793456 0.0057619186 0.0757637396 0.9704718590 -0.2290070206 0.0119225280 0.2287690192 0.9734077454
-162.7 -109.1 2855.0 -0.0897012576 -0.7030776739 -0.7054328322 0.6551904678 0.4917951524 -0.5734657645 0.7501193881 -0.5136334896 0.4165351391
-136.6 -300.3 2636.2 -0.2917926013 -0.7080658674 -0.6430395246 0.4372459948 0.4991910160 -0.7480803728 0.8506897092 -0.4994507730 0.1639387161
121.4 -87.5 2858.4 -0.0349539146 0.7093568444 0.7039822936 -0.7535769939 0.4439725578 -0.4847784340 -0.6564297080 -0.5474497676 0.5190364122
112.1 -287.7 2684.0 -0.4090615511 0.7093568444 0.5740048289 -0.3732009232 0.4439725578 -0.8146222830 -0.8327002525 -0.5474497676 0.0831205249
-81.1 -496.4 2756.4 0.9474530220 0.2829437852 -0.1492499113 -0.1520653218 -0.0121167721 -0.9882961512 -0.2814407051 0.9590599537 0.0315458626
-191.9 -491.7 2380.9 0.9474530220 0.2844305933 0.1463965923 -0.1520653218 0.8030786514 -0.5761430860 -0.2814407051 0.5236066580 0.8041313291
99.4 -484.0 2757.5 0.9999992847 0.0011395732 0.0003091781 0.0004207513 -0.0992471054 -0.9950627089 -0.0011032617 0.9950621724 -0.0992475152
98.8 -431.5 2231.6 0.9999992847 -0.0001650088 0.0011691835 0.0004207513 0.9749860168 -0.2222659290 -0.0011032617 0.2222662717 0.9749853611
-61.7 -412.5 2417.8 0 0 0 0 0 0 0 0 0
7.4 -383.2 2470.9 0 0 0 0 0 0 0 0 0
-299.0 -794.1 2183.7 0 0 0 0 0 0 0 0 0
98.8 -798.7 2147.9 0 0 0 0 0 0 0 0 0
-41.5 111.5 2892.9 17 0.9944459200 -0.0868189409 0.0594957247 0.0960104913 0.9799016118 -0.1748566926 -0.0431190804 0.1795977503 0.9827947021
-23.7 -90.0 2855.9 0.9944459200 -0.0868189409 0.0594957247 0.0960104913 0.9799016118 -0.1748566926 -0.0431190804 0.1795977503 0.9827947021
-7.8 -280.6 2814.0 0.9947735071 -0.0807669833 0.0624686591 0.0921922624 0.9734508991 -0.2095087171 -0.0438887887 0.2141728401 0.9758092761
-165.2 -103.0 2862.2 -0.0833214372 -0.7372472286 -0.6704655290 0.6644619107 0.4603085518 -0.5887328982 0.7426627278 -0.4945528805 0.4515191317
-141.1 -294.9 2647.7 -0.2794307768 -0.7406449318 -0.6110348105 0.4421567321 0.4656342864 -0.7666043043 0.8523003459 -0.4843859673 0.1973686069
117.8 -76.9 2849.7 -0.0112843458 0.7156520486 0.6983658075 -0.7998878360 0.4126427174 -0.4357813895 -0.6000434160 -0.5635318160 0.5677850246
115.0 -278.3 2698.6 -0.4066570997 0.7156520486 0.5678662658 -0.4098075628 0.4126427174 -0.8135009408 -0.8165094852 -0.5635318160 0.1254755557
-80.9 -485.3 2766.0 0.9498162270 0.2729932070 -0.1527213305 -0.1512108147 -0.0266956165 -0.9881410003 -0.2738327682 0.9616454840 0.0159235951
-187.7 -474.9 2389.4 0.9498162270 0.2794201374 0.1406181902 -0.1512108147 0.8036547303 -0.5755644441 -0.2738327682 0.5254174471 0.8055756688
99.5 -471.6 2766.7 0.9998935461 -0.0094607454 -0.0111098988 -0.0117842918 -0.0744954124 -0.9971517324 0.0086061619 0.9971764684 -0.0745989680
104.5 -431.7 2232.3 0.9998935461 0.0095692854 -0.0110165477 -0.0117842918 0.9747805595 -0.2228541672 0.0086061619 0.2229602486 0.9747895598
-69.4 -408.5 2428.9 0 0 0 0 0 0 0 0 0
11.0 -383.2 2489.7 0 0 0 0 0 0 0 0 0
-293.0 -777.5 2191.5 0 0 0 0 0 0 0 0 0
100.9 -798.8 2148.4 0 0 0 0 0 0 0 0 0
-45.7 115.3 2890.1 18 0.9933212399 -0.1066478342 0.0440361947 0.1123231873 0.9810861945 -0.1576496661 -0.0263903085 0.1615430415 0.9865127206
-23.7 -87.1 2856.7 0.9933212399 -0.1066478342 0.0440361947 0.1123231873 0.9810861945 -0.1576496661 -0.0263903085 0.1615430415 0.9865127206
-3.7 -277.9 2817.5 0.9936405420 -0.1017725989 0.0481745936 0.1093271300 0.9743942022 -0.1964776963 -0.0269450005 0.2004950047 0.9793241024
-165.1 -102.7 2860.6 -0.0788192749 -0.7381164432 -0.6700534821 0.6732115149 0.4563171864 -0.5818598866 0.7352372408 -0.4969494939 0.4609418809
-143.1 -291.1 2654.8 -0.2921873629 -0.7406617999 -0.6050179005 0.4356627166 0.4600885212 -0.7736384869 0.8513662815 -0.4896311164 0.1882466823
117.8 -71.6 2852.9 -0.0065140571 0.6984004378 0.7156775594 -0.8059291244 0.4200153649 -0.4172113240 -0.5919761658 -0.5795031786 0.5601252913
116.1 -275.3 2703.2 -0.4279659986 0.6984004378 0.5736566186 -0.4039084017 0.4200153649 -0.8126777411 -0.8085191250 -0.5795031786 0.1023375094
-81.6 -479.5 2776.0 0.9518518448 0.2594988346 -0.1632129550 -0.1573634148 -0.0433056019 -0.9865908027 -0.2630871832 0.9647719860 -0.0003848961
-183.3 -462.5 2398.2 0.9518518448 0.2785420418 0.1280329973 -0.1573634148 0.8023753166 -0.5757001042 -0.2630871832 0.5278334618 0.8075747490
97.9 -462.9 2767.3 0.9997779131 -0.0151282204 -0.0146716265 -0.0154966600 -0.0559440330 -0.9983136654 0.0142819192 0.9983192682 -0.0561660454
106.1 -432.7 2229.3 0.9997779131 0.0122502521 -0.0171479154 -0.0154966600 0.9787923694 -0.2042676955 0.0142819192 0.2044880688 0.9787648916
-68.1 -403.0 2436.2 0 0 0 0 0 0 0 0 0
6.6 -378.7 2496.3 0 0 0 0 0 0 0 0 0
-288.2 -764.7 2199.4 0 0 0 0 0 0 0 0 0
101.5 -801.3 2152.3 0 0 0 0 0 0 0 0 0
-44.3 115.8 2888.7 19 0.9939742684 -0.1080635339 0.0183690712 0.1095981821 0.9825941324 -0.1499900073 -0.0018408918 0.1510994136 0.9885168672
-21.9 -87.6 2857.4 0.9939742684 -0.1080635339 0.0183690712 0.1095981821 0.9825941324 -0.1499900073 -0.0018408918 0.1510994136 0.9885168672
-1.5 -278.7 2819.9 0.9942939281 -0.1042244881 0.0227351859 0.1066493168 0.9759216309 -0.1902706772 -0.0023568962 0.1916096658 0.9814683795
-163.5 -102.8 2857.7 -0.0887443870 -0.7245283127 -0.6835079789 0.6780826449 0.4587064683 -0.5742754936 0.7296083570 -0.5144386292 0.4505824447
-139.1 -289.2 2657.2 -0.2741259038 -0.7382854223 -0.6162707806 0.4292764664 0.4794961214 -0.7653791308 0.8605676889 -0.4743607640 0.1854862422
119.6 -72.4 2857.0 -0.0074093072 0.7107446790 0.7034111023 -0.8062655926 0.4118495286 -0.4246360660 -0.5915073156 -0.5702823997 0.5699974298
117.8 -271.1 2711.3 -0.4208533168 0.7107446790 0.5636705756 -0.4006516635 0.4118495286 -0.8184486628 -0.8138554692 -0.5702823997 0.1114327982
-73.5 -478.5 2780.7 0.9494222403 0.2712661028 -0.1581523418 -0.1450232863 -0.0679148436 -0.9870946407 -0.2785062194 0.9601053596 -0.0251399539
-179.7 -452.0 2404.8 0.9494222403 0.2779961526 0.1459986567 -0.1450232863 0.8006124496 -0.5813673139 -0.2785062194 0.5307897925 0.8004351854
105.9 -458.8 2775.4 0.9998908043 -0.0023813511 -0.0145833483 -0.0146757029 -0.0449630059 -0.9988808632 0.0017229748 0.9989858270 -0.0449930429
107.2 -434.2 2227.8 0.9998908043 0.0140891634 -0.0044542518 -0.0146757029 0.9820260406 -0.1881741583 0.0017229748 0.1882189810 0.9821255803
-68.7 -399.4 2436.2 0 0 0 0 0 0 0 0 0
10.1 -373.6 2502.9 0 0 0 0 0 0 0 0 0
-284.4 -753.5 2204.9 0 0 0 0 0 0 0 0 0
101.9 -804.0 2156.9 0 0 0 0 0 0 0 0 0
-45.7 114.4 2888.5 20 0.9939686656 -0.1095543802 -0.0049066152 0.1073415354 0.9811019897 -0.1609864980 0.0224506669 0.1594888568 0.9869444370
-22.9 -89.4 2855.3 0.9939686656 -0.1095543802 -0.0049066152 0.1073415354 0.9811019897 -0.1609864980 0.0224506669 0.1594888568 0.9869444370
-3.0 -280.4 2816.8 0.9948248863 -0.1016003117 -0.0009305902 0.0994093642 0.9751839638 -0.1978232116 0.0210063960 0.1967069358 0.9802372456
-164.6 -103.6 2852.4 -0.1189031601 -0.7063005567 -0.6978549361 0.6871065497 0.4488368630 -0.5713406205 0.7167612314 -0.5474348664 0.4319356084
-132.6 -288.6 2659.3 -0.2623641491 -0.7350220084 -0.6252260804 0.4274787605 0.4923478365 -0.7581923008 0.8651167154 -0.4661933482 0.1850319058
118.7 -75.3 2858.3 0.0063071083 0.7083590031 0.7058241963 -0.8036847115 0.4235883653 -0.4179280102 -0.5950219631 -0.5646241903 0.5719688535
120.3 -270.9 2713.5 -0.4211536646 0.7083590031 0.5664425492 -0.3882942498 0.4235883653 -0.8184133768 -0.8196689487 -0.5646241903 0.0966559201
-70.9 -479.4 2782.6 0.9478046894 0.2707782090 -0.1683610082 -0.1544634253 -0.0720033944 -0.9853712916 -0.2789396346 0.9599451423 -0.0264198296
-177.0 -451.2 2406.7 0.9478046894 0.2861588895 0.1406390816 -0.1544634253 0.7979422212 -0.5826055408 -0.2789396346 0.5304726958 0.8004944921
108.7 -460.2 2782.0 0.9999077320 0.0016926957 -0.0134761110 -0.0133814551 -0.0471001416 -0.9988005161 -0.0023253921 0.9988887310 -0.0470731482
107.7 -434.1 2229.7 0.9999077320 0.0135776708 -0.0003429966 -0.0133814551 0.9805055261 -0.1960352659 -0.0023253921 0.1960217655 0.9805967808
-65.2 -398.4 2437.2 0 0 0 0 0 0 0 0 0
12.4 -370.3 2503.6 0 0 0 0 0 0 0 0 0
-284.8 -751.8 2206.9 0 0 0 0 0 0 0 0 0
102.6 -803.4 2155.8 0 0 0 0 0 0 0 0 0
-43.0 113.5 2897.9 21 0.9952762127 -0.0945517197 0.0220287275 0.0969884917 0.9784229398 -0.1824329793 -0.0043040607 0.1837077290 0.9829714894
-23.3 -90.5 2859.6 0.9952762127 -0.0945517197 0.0220287275 0.0969884917 0.9784229398 -0.1824329793 -0.0043040607 0.1837077290 0.9829714894
-6.2 -280.8 2817.1 0.9958519936 -0.0874479786 0.0251329541 0.0908172131 0.9722263813 -0.2157036662 -0.0055720708 0.2170914412 0.9761353731
-165.1 -103.4 2860.4 -0.1334700733 -0.7146761417 -0.6866030693 0.6674665213 0.4472919405 -0.5953304172 0.7325804830 -0.5377433300 0.4173223376
-127.8 -290.2 2655.4 -0.2767501175 -0.7367324233 -0.6169559956 0.4290713668 0.4797367156 -0.7653433681 0.8598297238 -0.4765270054 0.1833436042
118.5 -77.5 2858.8 0.0194946025 0.6921717525 0.7214695215 -0.7951664329 0.4481666684 -0.4084813595 -0.6060778499 -0.5657251477 0.5591285229
123.2 -269.8 2712.2 -0.4278357029 0.6921717525 0.5812528729 -0.3764864802 0.4481666684 -0.8108049035 -0.8217144012 -0.5657251477 0.0688515902
-73.0 -480.3 2776.4 0.9489659071 0.2749653459 -0.1544595808 -0.1425825655 -0.0627985895 -0.9877887368 -0.2813074887 0.9594010711 -0.0203884561
-180.7 -455.8 2400.6 0.9489659071 0.2769222558 0.1509230584 -0.1425825655 0.8035597801 -0.5778943300 -0.2813074887 0.5268830061 0.8020351529
106.7 -462.4 2780.1 0.9999229908 -0.0026936643 -0.0121157812 -0.0122367162 -0.0506586172 -0.9986410737 0.0020762351 0.9987124205 -0.0506876782
108.2 -434.4 2228.1 0.9999229908 0.0115964580 -0.0044238134 -0.0122367162 0.9807108045 -0.1950808316 0.0020762351 0.1951199323 0.9807772040
-56.7 -400.3 2434.7 0 0 0 0 0 0 0 0 0
13.7 -366.2 2501.8 0 0 0 0 0 0 0 0 0
-285.0 -758.4 2202.2 0 0 0 0 0 0 0 0 0
103.9 -803.8 2154.7 0 0 0 0 0 0 0 0 0
-41.6 111.4 2891.6 22 0.9951086640 -0.0984828025 -0.0077370401 0.0956938267 0.9804397225 -0.1719901860 0.0245237779 0.1704085469 0.9850682616
-21.0 -94.0 2855.9 0.9951086640 -0.0984828025 -0.0077370401 0.0956938267 0.9804397225 -0.1719901860 0.0245237779 0.1704085469 0.9850682616
-3.7 -284.8 2815.1 0.9960918427 -0.0882248506 -0.0041773706 0.0854016393 0.9741247296 -0.2092548907 0.0225307606 0.2080803216 0.9778522253
-162.8 -106.2 2852.7 -0.1224363074 -0.6994472742 -0.7041184902 0.6734681726 0.4625665843 -0.5766045451 0.7290061712 -0.5447987318 0.4144205451
-129.9 -287.3 2656.7 -0.2884263396 -0.7174181938 -0.6341304779 0.4399111271 0.4889534116 -0.7532614470 0.8504636884 -0.4962214828 0.1745732129
120.9 -81.8 2859.1 0.0011644042 0.6917205453 0.7221643329 -0.7815734148 0.4511250556 -0.4308470786 -0.6238121986 -0.5639227629 0.5411556363
121.2 -269.5 2709.3 -0.4190993011 0.6917205453 0.5881143212 -0.3851607740 0.4511250556 -0.8050698042 -0.8221964240 -0.5639227629 0.0773574188
-79.1 -479.4 2775.2 0.9508025646 0.2607204616 -0.1673299521 -0.1574725062 -0.0584062710 -0.9857946634 -0.2667899728 0.9636459947 -0.0144765265
-181.2 -456.5 2397.7 0.9508025646 0.2793743908 0.1338820904 -0.1574725062 0.8080044985 -0.5677421689 -0.2667899728 0.5187279582 0.8122465014
100.8 -463.0 2774.1 0.9998267293 -0.0126124192 -0.0136887534 -0.0143319964 -0.0524070449 -0.9985229373 0.0118764024 0.9985461831 -0.0525787286
107.6 -434.5 2232.2 0.9998267293 0.0114226360 -0.0146962050 -0.0143319964 0.9762272239 -0.2162752301 0.0118764024 0.2164483815 0.9762217999
-55.9 -400.2 2438.4 0 0 0 0 0 0 0 0 0
13.9 -368.2 2498.7 0 0 0 0 0 0 0 0 0
-286.4 -760.9 2202.4 0 0 0 0 0 0 0 0 0
103.3 -802.1 2150.7 0 0 0 0 0 0 0 0 0
-40.1 109.7 2888.4 23 0.9953856468 -0.0959410816 0.0016619088 0.0949338526 0.9821196198 -0.1625688374 0.0139648374 0.1619764566 0.9866958261
-20.1 -94.3 2854.8 0.9953856468 -0.0959410816 0.0016619088 0.0949338526 0.9821196198 -0.1625688374 0.0139648374 0.1619764566 0.9866958261
-2.6 -285.3 2815.2 0.9959583282 -0.0896509290 0.0054553887 0.0888940915 0.9752233028 -0.2025767118 0.0128409676 0.2022429109 0.9792512059
-162.0 -106.9 2853.0 -0.1134041548 -0.7072530389 -0.6978055835 0.6702451706 0.4639973342 -0.5792044997 0.7334241271 -0.5333849788 0.4214137197
-130.9 -290.8 2651.8 -0.3000442684 -0.7192074656 -0.6266689897 0.4359213412 0.4809558988 -0.7606931329 0.8484963179 -0.5014199615 0.1692098230
121.8 -81.6 2856.6 0.0010608926 0.6848995686 0.7286367416 -0.7803354859 0.4562279284 -0.4277061820 -0.6253601909 -0.5681273937 0.5349354148
122.0 -274.5 2702.0 -0.4256993234 0.6848995686 0.5913481712 -0.3822525442 0.4562279284 -0.8035789132 -0.8201603889 -0.5681273937 0.0675886646
-76.5 -483.3 2772.4 0.9495123625 0.2688390911 -0.1617153734 -0.1523302943 -0.0555569567 -0.9867668748 -0.2742659450 0.9615814686 -0.0117996745
-181.8 -461.5 2395.8 0.9495123625 0.2818886340 0.1377139091 -0.1523302943 0.7979822755 -0.5831121206 -0.2742659450 0.5326941609 0.8006342053
103.5 -467.8 2776.4 0.9998209476 -0.0087280134 -0.0167879425 -0.0172948018 -0.0616668947 -0.9979469180 0.0076748342 0.9980586171 -0.0618068054
108.2 -434.2 2232.2 0.9998209476 0.0152871516 -0.0111497184 -0.0172948018 0.9773749709 -0.2108058333 0.0076748342 0.2109609246 0.9774643779
-53.9 -402.7 2434.0 0 0 0 0 0 0 0 0 0
13.0 -372.4 2492.0 0 0 0 0 0 0 0 0 0
-287.9 -762.1 2195.2 0 0 0 0 0 0 0 0 0
102.5 -802.3 2152.7 0 0 0 0 0 0 0 0 0
-40.3 110.1 2888.4 24 0.9949365854 -0.0985395685 0.0197772272 0.1004360318 0.9820879102 -0.1594238579 -0.0037134166 0.1606029868 0.9870120883
-19.9 -93.7 2855.0 0.9949365854 -0.0985395685 0.0197772272 0.1004360318 0.9820879102 -0.1594238579 -0.0037134166 0.1606029868 0.9870120883
-2.1 -284.9 2816.3 0.9955858588 -0.0909077600 0.0233365819 0.0937251598 0.9760715365 -0.1962139457 -0.0049408032 0.1975350529 0.9802833796
-161.7 -107.1 2855.7 -0.1130354106 -0.7185758948 -0.6862008572 0.6670383215 0.4569762647 -0.5884152651 0.7363985777 -0.5242340565 0.4276631773
-130.5 -291.0 2652.7 -0.2842461765 -0.7323805094 -0.6187268496 0.4336272180 0.4773624837 -0.7642594576 0.8550857306 -0.4855346382 0.1818916500
122.0 -80.4 2854.3 -0.0136578474 0.7161018848 0.6978621483 -0.7863404155 0.4234175384 -0.4498736858 -0.6176424623 -0.5549015403 0.5573168993
118.6 -275.2 2701.3 -0.3976925015 0.7161018848 0.5736190081 -0.4058260620 0.4234175384 -0.8099523187 -0.8228887320 -0.5549015403 0.1222228110
-75.0 -484.3 2774.4 0.9485402703 0.2729673684 -0.1604996473 -0.1492726058 -0.0615550838 -0.9868782163 -0.2792651057 0.9600519538 -0.0176409297
-182.0 -460.2 2398.4 0.9485402703 0.2823294699 0.1433923990 -0.1492726058 0.7980331182 -0.5838328600 -0.2792651057 0.5323844552 0.7991106510
104.9 -468.2 2776.7 0.9998166561 -0.0066102878 -0.0179698635 -0.0183560383 -0.0639313832 -0.9977854490 0.0054468112 0.9979323745 -0.0640410036
108.5 -433.4 2232.9 0.9998166561 0.0167385209 -0.0092969798 -0.0183560383 0.9760607481 -0.2167220116 0.0054468112 0.2168529481 0.9761890769
-57.6 -402.3 2433.1 0 0 0 0 0 0 0 0 0
16.8 -379.1 2490.6 0 0 0 0 0 0 0 0 0
-288.3 -760.7 2197.9 0 0 0 0 0 0 0 0 0
102.2 -801.0 2151.2 0 0 0 0 0 0 0 0 0
-40.7 110.6 2897.8 25 0.9952527285 -0.0927687585 0.0294265486 0.0967192352 0.9764295220 -0.1929526478 -0.0108329747 0.1948827654 0.9807667136
-21.4 -92.8 2857.2 0.9952527285 -0.0927687585 0.0294265486 0.0967192352 0.9764295220 -0.1929526478 -0.0108329747 0.1948827654 0.9807667136
-4.7 -282.7 2812.7 0.9958323240 -0.0852501690 0.0324105248 0.0903824717 0.9700231552 -0.2255793214 -0.0122082829 0.2275685221 0.9736855626
-163.3 -105.7 2859.0 -0.1239328310 -0.7175433040 -0.6853993535 0.6702762246 0.4487872422 -0.5910328031 0.7316901088 -0.5326552987 0.4253327250
-129.1 -290.8 2656.9 -0.2576422393 -0.7417395711 -0.6192276478 0.4289639294 0.4864408076 -0.7611604929 0.8658004403 -0.4617334306 0.1928518265
120.5 -79.9 2855.5 -0.0136690438 0.7410175800 0.6713464856 -0.7918568254 0.4019474685 -0.4597835839 -0.6105537415 -0.5378950834 0.5812856555
117.1 -275.7 2704.5 -0.3891919851 0.7410175800 0.5471951365 -0.3956874907 0.4019474685 -0.8257539868 -0.8318419456 -0.5378950834 0.1367766708
-74.2 -484.5 2778.1 0.9486122131 0.2747260034 -0.1570365131 -0.1461097300 -0.0599304400 -0.9874514341 -0.2806898355 0.9596530199 -0.0167106092
-181.8 -461.0 2402.2 0.9486122131 0.2812795639 0.1449711770 -0.1461097300 0.7957040668 -0.5877984166 -0.2806898355 0.5364110470 0.7959123254
105.7 -467.6 2777.2 0.9997953773 -0.0044369642 -0.0197353605 -0.0199765544 -0.0632279739 -0.9977991581 0.0031793723 0.9979892373 -0.0633036718
108.1 -433.0 2231.6 0.9997953773 0.0187550317 -0.0075775906 -0.0199765544 0.9743508697 -0.2241457105 0.0031793723 0.2242512107 0.9745261669
-63.0 -400.9 2434.7 0 0 0 0 0 0 0 0 0
17.5 -377.0 2491.5 0 0 0 0 0 0 0 0 0
-287.8 -760.7 2200.2 0 0 0 0 0 0 0 0 0
101.1 -800.0 2147.1 0 0 0 0 0 0 0 0 0
-42.0 110.4 2891.0 26 0.9913864136 -0.0904990360 0.0946724489 0.1059043929 0.9792202115 -0.1729509681 -0.0770532861 0.1814874709 0.9803698659
-23.1 -93.7 2853.2 0.9913864136 -0.0904990360 0.0946724489 0.1059043929 0.9792202115 -0.1729509681 -0.0770532861 0.1814874709 0.9803698659
-7.6 -284.1 2810.1 0.9920357466 -0.0790248066 0.0980823636 0.0984297246 0.9722555876 -0.2122042030 -0.0785917342 0.2201683819 0.9722906947
-164.2 -107.7 2864.4 -0.1292141527 -0.7527086139 -0.6455489397 0.6583373547 0.4217173159 -0.6234953403 0.7415494919 -0.5055534244 0.4410443604
-128.7 -288.3 2661.0 -0.2432071716 -0.7717375159 -0.5875980258 0.4370865226 0.4536015987 -0.7766601443 0.8659131527 -0.4457204938 0.2269969285
118.0 -79.7 2842.0 -0.0086967777 0.7809052467 0.6245889664 -0.8183435798 0.3533975780 -0.4532372057 -0.5746635199 -0.5150700808 0.6359753609
115.9 -274.1 2705.5 -0.3761261702 0.7809052467 0.4987144768 -0.3923076689 0.3533975780 -0.8492377996 -0.8394187093 -0.5150700808 0.1734330207
-78.1 -480.8 2769.2 0.9496120811 0.2765112519 -0.1475750059 -0.1494890302 -0.0142669566 -0.9886604548 -0.2754811943 0.9609047771 0.0277873278
-186.3 -475.2 2393.2 0.9496120811 0.2827073932 0.1353269666 -0.1494890302 0.7880159616 -0.5972301960 -0.2754811943 0.5469071269 0.7905711532
101.9 -464.4 2767.0 0.9998470545 -0.0104688304 -0.0140091423 -0.0146014635 -0.0588264540 -0.9981614351 0.0096254749 0.9982133508 -0.0589703172
107.6 -432.8 2230.7 0.9998470545 0.0123121478 -0.0124202864 -0.0146014635 0.9785731435 -0.2053811997 0.0096254749 0.2055311501 0.9786032438
-66.3 -400.5 2438.7 0 0 0 0 0 0 0 0 0
19.6 -374.5 2490.6 0 0 0 0 0 0 0 0 0
-292.7 -772.0 2187.2 0 0 0 0 0 0 0 0 0
102.9 -801.3 2153.3 0 0 0 0 0 0 0 0 0
-40.4 111.0 2888.2 27 0.9963480830 -0.0759614706 0.0389923081 0.0813560113 0.9831854105 -0.1634860188 -0.0259180292 0.1660612375 0.9857747555
-24.6 -93.0 2853.7 0.9963480830 -0.0759614706 0.0389923081 0.0813560113 0.9831854105 -0.1634860188 -0.0259180292 0.1660612375 0.9857747555
-11.5 -284.2 2813.2 0.9968541265 -0.0672414750 0.0419574603 0.0744319260 0.9761256576 -0.2040554136 -0.0272347666 0.2065364569 0.9780597687
-166.3 -103.7 2857.5 -0.1357294917 -0.7152237296 -0.6855891943 0.6812485456 0.4350665212 -0.5887423754 0.7193593979 -0.5469663143 0.4281937480
-129.7 -287.6 2663.3 -0.2311566621 -0.7483586073 -0.6217121482 0.4370484948 0.4910427332 -0.7535685897 0.8692268133 -0.4459107518 0.2135612071
117.1 -82.4 2849.9 -0.0023853201 0.7576545477 0.6526514292 -0.7950164080 0.3944528699 -0.4608208239 -0.6065832376 -0.5199677944 0.6014068723
116.5 -279.7 2699.3 -0.3875766993 0.7576545477 0.5251132250 -0.3690753579 0.3944528699 -0.8415404558 -0.8447293639 -0.5199677944 0.1267508864
-81.5 -483.3 2774.2 0.9517614841 0.2681450844 -0.1491587013 -0.1456366628 -0.0330956765 -0.9887844324 -0.2700741887 0.9628099203 0.0075525655
-186.5 -470.4 2397.3 0.9517614841 0.2752897143 0.1355200559 -0.1456366628 0.7940378785 -0.5901642442 -0.2700741887 0.5419588685 0.7958269119
97.4 -465.6 2760.0 0.9997563362 -0.0189199299 -0.0113714542 -0.0124733327 -0.0591786057 -0.9981694818 0.0182123501 0.9980680943 -0.0594001822
107.5 -434.1 2229.2 0.9997563362 0.0086684441 -0.0203010291 -0.0124733327 0.9806141257 -0.1955514103 0.0182123501 0.1957569867 0.9804832935
-70.3 -399.8 2440.1 0 0 0 0 0 0 0 0 0
17.2 -374.2 2483.1 0 0 0 0 0 0 0 0 0
-290.2 -769.4 2193.2 0 0 0 0 0 0 0 0 0
104.2 -803.4 2155.4 0 0 0 0 0 0 0 0 0
-43.0 110.1 2887.2 28 0.9948456287 -0.0986865759 0.0233062282 0.1011912003 0.9809931517 -0.1655679047 -0.0065239226 0.1670728773 0.9859229922
-22.5 -93.9 2852.5 0.9948456287 -0.0986865759 0.0233062282 0.1011912003 0.9809931517 -0.1655679047 -0.0065239226 0.1670728773 0.9859229922
-4.6 -284.7 2812.6 0.9954345226 -0.0915851370 0.0268749557 0.0951380059 0.9747021198 -0.2022488266 -0.0076720892 0.2038822919 0.9789653420
-164.1 -107.5 2853.6 -0.1202673689 -0.7180376649 -0.6855345964 0.6809303761 0.4428364336 -0.5832921267 0.7224054337 -0.5369523168 0.4356748760
-131.9 -289.8 2660.1 -0.2419657558 -0.7444599271 -0.6222797036 0.4407550097 0.4870173931 -0.7540219426 0.8644001484 -0.4567203820 0.2102828920
119.2 -80.4 2851.4 -0.0176900756 0.7766826749 0.6296436191 -0.8022260666 0.3648369312 -0.4725752175 -0.5967582464 -0.5134764314 0.6166211367
114.8 -277.5 2704.7 -0.3866134584 0.7766826749 0.4972866774 -0.3674557507 0.3648369312 -0.8554942012 -0.8458760381 -0.5134764314 0.1443456560
-88.3 -482.0 2775.2 0.9537782073 0.2492151558 -0.1679255217 -0.1676305085 -0.0225655045 -0.9855915904 -0.2494136840 0.9681851864 0.0202535763
-185.8 -473.2 2396.1 0.9537782073 0.2807053924 0.1072924063 -0.1676305085 0.7932927012 -0.5853090286 -0.2494136840 0.5402694941 0.8036800623
91.5 -468.6 2770.3 0.9994833469 -0.0297426078 -0.0121836662 -0.0140369907 -0.0629203767 -0.9979198575 0.0289141368 0.9975752831 -0.0633053631
107.6 -434.3 2227.8 0.9994833469 0.0080241580 -0.0311235804 -0.0140369907 0.9800824523 -0.1980942339 0.0289141368 0.1984287649 0.9796887040
-69.8 -403.0 2438.1 0 0 0 0 0 0 0 0 0
15.8 -371.6 2488.2 0 0 0 0 0 0 0 0 0
-291.6 -772.0 2192.7 0 0 0 0 0 0 0 0 0
104.6 -803.5 2153.1 0 0 0 0 0 0 0 0 0
-42.2 108.2 2886.2 29 0.9945322275 -0.1044066772 0.0022063805 0.1034095734 0.9816482067 -0.1602287591 0.0145630632 0.1595808268 0.9870774150
-20.5 -95.8 2853.1 0.9945322275 -0.1044066772 0.0022063805 0.1034095734 0.9816482067 -0.1602287591 0.0145630632 0.1595808268 0.9870774150
-1.1 -286.8 2814.3 0.9950339198 -0.0993438810 0.0061902637 0.0985916778 0.9751316309 -0.1984891891 0.0136823636 0.1981137693 0.9800835252
-162.2 -109.9 2851.1 -0.1073680446 -0.7115918398 -0.6943408251 0.6756857038 0.4600828886 -0.5759970546 0.7293291092 -0.5309998393 0.4314142168
-133.1 -292.8 2653.7 -0.2687784731 -0.7300429344 -0.6283275485 0.4373546839 0.4887078702 -0.7549076080 0.8581835628 -0.4777048826 0.1879335195
