45.9 4.9 3188.6 75 0.9974710345 0.0672086552 0.0231192429 -0.0427065752 0.8267742991 -0.5609102845 -0.0568124242 0.5585044622 0.8275536895
31.8 -168.7 3071.4 0.9974710345 0.0672086552 0.0231192429 -0.0427065752 0.8267742991 -0.5609102845 -0.0568124242 0.5585044622 0.8275536895
16.7 -327.9 2953.5 0.9969494939 0.0754388496 0.0200173650 -0.0486592017 0.8012763858 -0.5963123441 -0.0610245615 0.5935192704 0.8025028706
-113.8 -161.6 3080.3 -0.0090799714 -0.9731661081 0.2299245745 0.5943400264 0.1796597838 0.7838892341 -0.8041626215 0.1437710673 0.5767602324
-110.4 -381.9 3378.4 0.1533764154 -0.9644261599 -0.2153087258 -0.3290697932 0.1556017995 -0.9313974380 0.9317664504 0.2137060016 -0.2934978604
177.3 -175.8 3062.5 0.4083158672 0.6499863863 0.6409335732 -0.8799927831 0.4669365585 0.0870801806 -0.2426743954 -0.5995731354 0.7626408935
277.5 -391.7 3002.9 -0.6915394068 0.6499863863 0.3151046336 0.0362856351 0.4669365585 -0.8835460544 -0.7214267850 -0.5995731354 -0.3464902043
-92.0 -480.1 2833.7 0.9786853790 0.1648268402 -0.1225031167 -0.1192821115 -0.0293381624 -0.9924268723 -0.1671725959 0.9858860970 -0.0090519376
-163.8 -467.3 2404.1 0.9786853790 0.1242855266 0.1634870321 -0.1192821115 0.9920498133 -0.0401118807 -0.1671725959 0.0197558329 0.9857296944
90.7 -489.5 2822.2 0.9915151000 0.0228545144 0.1279667616 0.1286330223 -0.0305482168 -0.9912216663 -0.0187447332 0.9992719889 -0.0332288630
80.6 -475.9 2378.1 0.9915151000 -0.1275142431 0.0252574421 0.1286330223 0.9904717207 -0.0491870418 -0.0187447332 0.0520186350 0.9984701872
-150.9 -295.0 3132.3 0 0 0 0 0 0 0 0 0
80.6 -381.4 2797.4 0 0 0 0 0 0 0 0 0
-207.1 -812.8 2397.2 0 0 0 0 0 0 0 0 0
129.3 -854.3 2358.3 0 0 0 0 0 0 0 0 0
45.6 3.7 3189.2 76 0.9970368743 0.0749894604 0.0171471257 -0.0523865409 0.8251367211 -0.5624989271 -0.0563302152 0.5599339008 0.8266201615
29.9 -169.2 3071.8 0.9970368743 0.0749894604 0.0171471257 -0.0523865409 0.8251367211 -0.5624989271 -0.0563302152 0.5599339008 0.8266201615
13.2 -327.8 2953.2 0.9964103103 0.0835754350 0.0134767564 -0.0587995276 0.7977870107 -0.6000654697 -0.0609023124 0.5971189737 0.7998373508
-115.6 -160.7 3080.7 -0.0025599222 -0.9712917805 0.2378775775 0.5979864001 0.1891737729 0.7788617015 -0.8015021682 0.1442413777 0.5803349614
-114.6 -382.4 3377.9 0.1495701820 -0.9628306627 -0.2249129564 -0.3348104656 0.1647138447 -0.9277775884 0.9303390384 0.2140710801 -0.2977295220
175.4 -177.8 3063.0 0.4169008434 0.6370521188 0.6483504772 -0.8682014942 0.4902732670 0.0765393749 -0.2691093087 -0.5948081613 0.7574849129
278.1 -391.7 2996.7 -0.6968455911 0.6370521188 0.3295009434 0.0364472382 0.4902732670 -0.8708063960 -0.7162945271 -0.5948081613 -0.3648635447
-89.7 -482.6 2841.2 0.9783830643 0.1714513749 -0.1156329364 -0.1111133322 -0.0357598998 -0.9931641817 -0.1744143814 0.9845433831 -0.0159363486
-165.8 -466.8 2404.0 0.9783830643 0.1166747138 0.1707441360 -0.1111133322 0.9929280281 -0.0418063253 -0.1744143814 0.0219306499 0.9844281077
93.1 -491.5 2830.0 0.9898451567 0.0333165824 0.1381903589 0.1392489970 -0.0318699516 -0.9897444248 -0.0285707805 0.9989365935 -0.0361856185
78.1 -477.2 2379.6 0.9898451567 -0.1369960308 0.0379296429 0.1392489970 0.9881201386 -0.0650256872 -0.0285707805 0.0696470290 0.9971624613
-154.1 -294.0 3132.1 0 0 0 0 0 0 0 0 0
79.2 -381.3 2792.3 0 0 0 0 0 0 0 0 0
-206.6 -814.3 2396.4 0 0 0 0 0 0 0 0 0
130.5 -854.7 2352.9 0 0 0 0 0 0 0 0 0
44.7 3.4 3188.0 77 0.9968595505 0.0752566159 0.0246460363 -0.0487058908 0.8280710578 -0.5585033894 -0.0624397434 0.5555490255 0.8291360140
28.9 -170.1 3071.6 0.9968595505 0.0752566159 0.0246460363 -0.0487058908 0.8280710578 -0.5585033894 -0.0624397434 0.5555490255 0.8291360140
12.3 -328.8 2953.2 0.9963117242 0.0832794830 0.0206747148 -0.0543273911 0.7987132668 -0.5992542505 -0.0664187521 0.5959208608 0.8002917767
-116.5 -162.2 3081.2 -0.0097580059 -0.9713214040 0.2375699580 0.5972232819 0.1848918647 0.7804738283 -0.8020156622 0.1494981647 0.5782915950
-112.9 -383.6 3378.6 0.1562868655 -0.9623591900 -0.2223494053 -0.3332623541 0.1605355591 -0.9290664792 0.9297906160 0.2193015814 -0.2956284583
174.4 -178.1 3061.9 0.4266965687 0.6489917636 0.6298727989 -0.8722213507 0.4794158936 0.0969035402 -0.2390814126 -0.5907369256 0.7706295848
278.5 -390.9 3003.6 -0.6847184896 0.6489917636 0.3316176534 0.0296167303 0.4794158936 -0.8770879507 -0.7282056212 -0.5907369256 -0.3474859297
-94.8 -480.9 2840.2 0.9803882837 0.1594726741 -0.1157900169 -0.1120171919 -0.0324786492 -0.9931753278 -0.1621450335 0.9866679311 -0.0139780054
-165.5 -466.5 2402.8 0.9803882837 0.1167415902 0.1587774009 -0.1120171919 0.9929633737 -0.0384172350 -0.1621450335 0.0198780093 0.9865667224
88.0 -491.7 2829.0 0.9907053113 0.0208166540 0.1344234794 0.1351191252 -0.0366949253 -0.9901496172 -0.0156789422 0.9991096854 -0.0391665846
78.7 -475.3 2382.5 0.9907053113 -0.1335370690 0.0259008966 0.1351191252 0.9880449772 -0.0742288977 -0.0156789422 0.0770386681 0.9969047904
-154.2 -295.6 3133.0 0 0 0 0 0 0 0 0 0
83.0 -382.4 2795.6 0 0 0 0 0 0 0 0 0
-206.3 -813.6 2395.9 0 0 0 0 0 0 0 0 0
129.7 -852.8 2353.1 0 0 0 0 0 0 0 0 0
46.1 1.7 3189.9 78 0.9964607358 0.0808749795 0.0229181871 -0.0540116802 0.8249230385 -0.5626586080 -0.0644107461 0.5594293475 0.8263716102
29.1 -172.0 3072.1 0.9964607358 0.0808749795 0.0229181871 -0.0540116802 0.8249230385 -0.5626586080 -0.0644107461 0.5594293475 0.8263716102
12.0 -330.8 2953.8 0.9961362481 0.0856882632 0.0192373693 -0.0571752712 0.7990453839 -0.5985460877 -0.0666599050 0.5951335430 0.8008573651
-116.4 -163.6 3081.8 -0.0083268909 -0.9707564712 0.2399219126 0.5964829326 0.1877485663 0.7803579569 -0.8025825620 0.1496072859 0.5774763227
-113.3 -384.8 3379.4 0.1556308120 -0.9618415833 -0.2250328213 -0.3328108788 0.1634338945 -0.9287229180 0.9300623536 0.2194312811 -0.2946760058
174.5 -180.3 3062.4 0.4283715785 0.6342748404 0.6435784698 -0.8663397431 0.4907163382 0.0930209905 -0.2568135858 -0.5974051356 0.7597064376
278.9 -391.4 2999.8 -0.6991412044 0.6342748404 0.3299955130 0.0342415124 0.4907163382 -0.8706462979 -0.7141632438 -0.5974051356 -0.3647985458
-95.6 -482.6 2840.9 0.9808130264 0.1541598886 -0.1193335354 -0.1148012355 -0.0380073972 -0.9926611185 -0.1575640887 0.9873146415 -0.0195804071
-164.0 -465.7 2402.9 0.9808130264 0.1203042716 0.1534035504 -0.1148012355 0.9924014211 -0.0442726761 -0.1575640887 0.0258123018 0.9871713519
87.1 -492.5 2828.7 0.9916852713 0.0169172604 0.1275699735 0.1281062812 -0.0357241966 -0.9911168218 -0.0122096464 0.9992184639 -0.0375943668
79.5 -476.5 2379.7 0.9916852713 -0.1270178556 0.0206581410 0.1281062812 0.9896392822 -0.0648291707 -0.0122096464 0.0669365749 0.9976825118
-154.4 -296.9 3133.7 0 0 0 0 0 0 0 0 0
79.2 -381.6 2795.8 0 0 0 0 0 0 0 0 0
-206.2 -814.0 2393.9 0 0 0 0 0 0 0 0 0
128.1 -854.6 2354.1 0 0 0 0 0 0 0 0 0
45.8 -0.3 3188.8 79 0.9960364699 0.0861702561 0.0220469553 -0.0587808751 0.8237277865 -0.5639302135 -0.0667547062 0.5603991151 0.8255280852
27.8 -173.1 3071.2 0.9960364699 0.0861702561 0.0220469553 -0.0587808751 0.8237277865 -0.5639302135 -0.0667547062 0.5603991151 0.8255280852
9.5 -331.6 2952.8 0.9956288338 0.0916317627 0.0180793479 -0.0624976456 0.7974745631 -0.6001069546 -0.0694066733 0.5963538885 0.7997154593
-117.6 -164.0 3081.3 -0.0071849190 -0.9693158269 0.2457136363 0.5979873538 0.1927782297 0.7779766321 -0.8014733195 0.1525233537 0.5782535076
-114.9 -385.7 3378.5 0.1562657505 -0.9603495598 -0.2308889627 -0.3353582025 0.1682874411 -0.9269381166 0.9290403128 0.2222791761 -0.2957635224
173.1 -182.2 3061.1 0.4481543601 0.6294339895 0.6347995996 -0.8605888486 0.4959645867 0.1157840863 -0.2419596910 -0.5981906056 0.7639525533
281.8 -390.8 3002.5 -0.7067897320 0.6294339895 0.3228949606 0.0455285907 0.4959645867 -0.8671483397 -0.7059571147 -0.5981906056 -0.3791999221
-96.4 -484.3 2841.7 0.9813119769 0.1526369154 -0.1171697229 -0.1118225455 -0.0431876965 -0.9927892685 -0.1565965712 0.9873382449 -0.0253123567
-163.8 -465.2 2405.7 0.9813119769 0.1183742210 0.1517046839 -0.1118225455 0.9924163222 -0.0510446168 -0.1565965712 0.0331266932 0.9871069789
86.3 -494.8 2829.5 0.9926927090 0.0100842845 0.1202478483 0.1205657572 -0.0414839163 -0.9918381572 -0.0050136265 0.9990882874 -0.0423966013
81.7 -476.1 2378.4 0.9926927090 -0.1200089157 0.0126134474 0.1205657572 0.9907450676 -0.0623544045 -0.0050136265 0.0634195134 0.9979743361
-156.2 -297.1 3133.1 0 0 0 0 0 0 0 0 0
79.8 -377.8 2800.8 0 0 0 0 0 0 0 0 0
-205.6 -815.3 2394.0 0 0 0 0 0 0 0 0 0
127.6 -854.6 2354.2 0 0 0 0 0 0 0 0 0
45.4 1.9 3188.3 80 0.9958072901 0.0872844160 0.0273719002 -0.0583942048 0.8368823528 -0.5442591906 -0.0704124048 0.5403789282 0.8384704590
27.1 -174.0 3074.7 0.9958072901 0.0872844160 0.0273719002 -0.0583942048 0.8368823528 -0.5442591906 -0.0704124048 0.5403789282 0.8384704590
9.2 -335.5 2960.4 0.9956945181 0.0896433294 0.0235906411 -0.0594460145 0.8127901554 -0.5795156360 -0.0711239502 0.5756181479 0.8146196008
-118.3 -165.3 3085.1 -0.0126916757 -0.9697526097 0.2437598258 0.5774045587 0.1919199973 0.7935809493 -0.8163595200 0.1508198977 0.5575037599
-113.6 -379.4 3387.8 0.1608942002 -0.9604421258 -0.2272970974 -0.3109066188 0.1692515910 -0.9352491498 0.9367230535 0.2211443335 -0.2713762224
172.4 -182.7 3064.3 0.4289394319 0.6258203387 0.6514290571 -0.8610022664 0.5014075041 0.0852384865 -0.2732874155 -0.5974440575 0.7539061904
279.5 -397.7 2996.1 -0.7202173471 0.6258203387 0.2993925512 0.0774677470 0.5014075041 -0.8617361784 -0.6894097328 -0.5974440575 -0.4096032381
-100.0 -484.3 2840.6 0.9818683863 0.1433088779 -0.1240848154 -0.1195526719 -0.0398482159 -0.9920278788 -0.1471109539 0.9888754487 -0.0219927430
-163.4 -466.7 2403.7 0.9818683863 0.1249765456 0.1425318718 -0.1195526719 0.9917599559 -0.0460370146 -0.1471109539 0.0281622205 0.9887189865
82.6 -495.8 2827.9 0.9922337532 0.0029291101 0.1243529394 0.1243479848 -0.0485337153 -0.9910509586 0.0031324129 0.9988172650 -0.0485210195
81.3 -474.1 2382.2 0.9922337532 -0.1242685243 0.0054375450 0.1243479848 0.9898700118 -0.0685199648 0.0031324129 0.0686639696 0.9976349473
-156.1 -297.3 3140.4 0 0 0 0 0 0 0 0 0
73.8 -375.6 2799.2 0 0 0 0 0 0 0 0 0
-207.4 -815.8 2393.7 0 0 0 0 0 0 0 0 0
128.8 -852.4 2355.9 0 0 0 0 0 0 0 0 0
44.1 1.1 3188.5 81 0.9953725934 0.0897048935 0.0344440155 -0.0563415810 0.8352142572 -0.5470308661 -0.0778394789 0.5425589085 0.8364035487
25.3 -173.5 3075.1 0.9953725934 0.0897048935 0.0344440155 -0.0563415810 0.8352142572 -0.5470308661 -0.0778394789 0.5425589085 0.8364035487
6.1 -335.1 2961.2 0.9948634505 0.0963829160 0.0309357904 -0.0608530976 0.8136817217 -0.5781167150 -0.0808924660 0.5732646585 0.8153674603
-119.9 -164.6 3086.9 -0.0200573150 -0.9679637551 0.2502875626 0.5759885311 0.1934330463 0.7942423224 -0.8172116876 0.1600931436 0.5536562800
-112.5 -378.1 3389.9 0.1697852910 -0.9579848051 -0.2311667055 -0.3094711602 0.1708759665 -0.9354298711 0.9356284142 0.2303616703 -0.2674564421
170.6 -182.4 3063.3 0.4434958994 0.6294153929 0.6380811930 -0.8621687889 0.4941235483 0.1118342727 -0.2449007481 -0.5997317433 0.7618041039
279.5 -394.0 3003.2 -0.7156499028 0.6294153929 0.3027895689 0.0678677708 0.4941235483 -0.8667386174 -0.6951540709 -0.5997317433 -0.3963364661
-99.9 -491.5 2852.6 0.9819662571 0.1378490776 -0.1293826848 -0.1230697259 -0.0534113199 -0.9909596443 -0.1435133666 0.9890120625 -0.0354830697
-161.5 -467.7 2410.9 0.9819662571 0.1311871558 0.1361329257 -0.1230697259 0.9901701808 -0.0664592534 -0.1435133666 0.0485069044 0.9884588718
82.7 -502.4 2839.5 0.9916927218 0.0060068243 0.1284890473 0.1286067367 -0.0650455058 -0.9895601869 0.0024135206 0.9978642464 -0.0652776733
80.0 -472.8 2385.4 0.9916927218 -0.1283711791 0.0081459954 0.1286067367 0.9883396029 -0.0815177560 0.0024135206 0.0818881989 0.9966385961
-157.3 -296.4 3142.8 0 0 0 0 0 0 0 0 0
75.0 -374.6 2804.6 0 0 0 0 0 0 0 0 0
-207.4 -813.8 2394.0 0 0 0 0 0 0 0 0 0
129.0 -850.5 2354.1 0 0 0 0 0 0 0 0 0
44.8 2.5 3186.6 82 0.9941502810 0.0964311138 0.0486441851 -0.0553233400 0.8414718509 -0.5374611020 -0.0927606821 0.5316259265 0.8418843746
24.6 -173.9 3075.2 0.9941502810 0.0964311138 0.0486441851 -0.0553233400 0.8414718509 -0.5374611020 -0.0927606821 0.5316259265 0.8418843746
4.8 -336.8 2963.2 0.9940569997 0.0991899744 0.0448551923 -0.0561154261 0.8199752569 -0.5696417093 -0.0932828933 0.5637392402 0.8206682205
-120.5 -165.7 3088.8 -0.0339896753 -0.9668861032 0.2529347539 0.5675557256 0.1896393448 0.8011974692 -0.8226330876 0.1707870066 0.5423159599
-107.9 -376.1 3393.8 0.1837219000 -0.9558640718 -0.2292816788 -0.2990202606 0.1678516418 -0.9393682480 0.9363936782 0.2411423922 -0.2549847066
169.7 -182.1 3061.6 0.4160281718 0.6428487897 0.6431686878 -0.8726541996 0.4811341166 0.0835740939 -0.2557249069 -0.5960330367 0.7611500621
273.3 -399.4 2997.9 -0.7158904672 0.6428487897 0.2724816203 0.1005791426 0.4811341166 -0.8708580732 -0.6909303069 -0.5960330367 -0.4090965092
-104.3 -491.2 2854.8 0.9833282232 0.1271323264 -0.1300112754 -0.1242707372 -0.0521224476 -0.9908784032 -0.1327491850 0.9905153513 -0.0354546458
-161.3 -467.9 2410.9 0.9833282232 0.1309510171 0.1261641532 -0.1242707372 0.9904643893 -0.0594732687 -0.1327491850 0.0428032316 0.9902250171
78.2 -502.4 2839.9 0.9911449552 -0.0018088589 0.1327718049 0.1323741972 -0.0650493428 -0.9890630245 0.0104257949 0.9978803992 -0.0642338842
79.0 -472.9 2387.5 0.9911449552 -0.1327565163 0.0027076812 0.1323741972 0.9862785935 -0.0986491814 0.0104257949 0.0981340706 0.9951186180
-156.4 -297.2 3146.5 0 0 0 0 0 0 0 0 0
68.8 -370.6 2800.6 0 0 0 0 0 0 0 0 0
-207.4 -816.8 2395.8 0 0 0 0 0 0 0 0 0
129.7 -849.7 2350.0 0 0 0 0 0 0 0 0 0
44.9 2.0 3187.2 83 0.9946427941 0.0924596190 0.0462263525 -0.0504729263 0.8246439695 -0.5633957386 -0.0902116373 0.5580443740 0.8248929381
25.4 -171.5 3069.8 0.9946427941 0.0924596190 0.0462263525 -0.0504729263 0.8246439695 -0.5633957386 -0.0902116373 0.5580443740 0.8248929381
4.8 -330.7 2952.7 0.9937615395 0.1031820774 0.0423258767 -0.0577960461 0.8010454178 -0.5958068371 -0.0953815430 0.5896436572 0.8020116687
-119.7 -163.1 3083.7 -0.0314707495 -0.9659435749 0.2568319738 0.5937334895 0.1886426806 0.7822368145 -0.8040460944 0.1771073192 0.5675763488
-108.0 -383.2 3381.8 0.1824947000 -0.9550105333 -0.2337746620 -0.3296844065 0.1645638198 -0.9296380877 0.9262849689 0.2467258871 -0.2848200500
170.5 -180.0 3055.8 0.4054092467 0.6340471506 0.6585040092 -0.8796140552 0.4666669667 0.0922011286 -0.2488422096 -0.6166085601 0.7469078898
272.8 -401.9 2993.0 -0.7318792939 0.6340471506 0.2496736795 0.1046917140 0.4666669667 -0.8782150149 -0.6733441949 -0.6166085601 -0.4079233706
-106.0 -494.6 2859.8 0.9835723639 0.1181391925 -0.1364863515 -0.1293769926 -0.0659238175 -0.9894016385 -0.1258848161 0.9908063412 -0.0495563559
-159.6 -464.7 2410.6 0.9835723639 0.1348955482 0.1199524328 -0.1293769926 0.9901942015 -0.0526971333 -0.1258848161 0.0363123603 0.9913800359
76.3 -504.9 2842.7 0.9914175868 -0.0073985714 0.1305236369 0.1297813505 -0.0645577833 -0.9894387722 0.0157467499 0.9978865385 -0.0630435273
79.7 -475.0 2380.4 0.9914175868 -0.1305923760 -0.0060654567 0.1297813505 0.9887280464 -0.0746572167 0.0157467499 0.0732292980 0.9971908331
-156.2 -296.1 3137.2 0 0 0 0 0 0 0 0 0
63.7 -372.0 2800.7 0 0 0 0 0 0 0 0 0
-207.6 -817.1 2397.7 0 0 0 0 0 0 0 0 0
129.6 -852.7 2352.4 0 0 0 0 0 0 0 0 0
44.3 1.7 3187.5 84 0.9968510866 0.0769553259 0.0191270821 -0.0526443981 0.8226431012 -0.5661156178 -0.0593003742 0.5633260012 0.8241038918
28.1 -171.9 3068.6 0.9968510866 0.0769553259 0.0191270821 -0.0526443981 0.8226431012 -0.5661156178 -0.0593003742 0.5633260012 0.8241038918
10.5 -330.5 2950.3 0.9959652424 0.0883426517 0.0157755762 -0.0613317415 0.7984092832 -0.5989833474 -0.0655111447 0.5955990553 0.8006060719
-117.3 -162.9 3078.2 -0.0048718341 -0.9701349139 0.2425171435 0.5968751311 0.1917597204 0.7790817022 -0.8023193479 0.1485480219 0.5781151652
-115.5 -384.2 3375.7 0.1531319171 -0.9614048004 -0.2285858095 -0.3338821828 0.1673762500 -0.9276356697 0.9300931692 0.2183713615 -0.2953652740
173.5 -180.9 3059.0 0.4263609052 0.6342175603 0.6449685693 -0.8714571595 0.4791094959 0.1049595326 -0.2424434125 -0.6068131328 0.7569670081
278.6 -395.7 2999.3 -0.7144531608 0.6342175603 0.2955076993 0.0631942824 0.4791094959 -0.8754773140 -0.6968236566 -0.6068131328 -0.3823802173
-106.8 -484.5 2844.3 0.9835994840 0.1169742346 -0.1372919679 -0.1322755814 -0.0496563278 -0.9899684191 -0.1226182058 0.9918927550 -0.0333691053
-157.6 -462.9 2413.1 0.9835994840 0.1381935477 0.1159077138 -0.1322755814 0.9895542264 -0.0573198497 -0.1226182058 0.0410480127 0.9916046858
75.5 -495.1 2826.8 0.9911444783 -0.0078362878 0.1325563788 0.1319687068 -0.0525763556 -0.9898585677 0.0147261480 0.9985861778 -0.0510766208
79.0 -471.7 2383.5 0.9911444783 -0.1326993704 -0.0048451656 0.1319687068 0.9884212613 -0.0748841688 0.0147261480 0.0735816211 0.9971804619
-155.9 -296.0 3130.0 0 0 0 0 0 0 0 0 0
74.7 -377.7 2800.4 0 0 0 0 0 0 0 0 0
-207.2 -817.7 2398.4 0 0 0 0 0 0 0 0 0
129.7 -849.4 2355.4 0 0 0 0 0 0 0 0 0
44.5 1.4 3187.6 85 0.9959109426 0.0868486464 0.0248747487 -0.0581652299 0.8271062970 -0.5590277314 -0.0691248626 0.5552949905 0.8287757635
26.3 -171.7 3071.4 0.9959109426 0.0868486464 0.0248747487 -0.0581652299 0.8271062970 -0.5590277314 -0.0691248626 0.5552949905 0.8287757635
7.8 -331.0 2954.2 0.9954320788 0.0931391940 0.0209773816 -0.0624987371 0.8018116951 -0.5942994952 -0.0721724853 0.5902737379 0.8039701581
-119.0 -162.5 3082.0 -0.0100875776 -0.9689190984 0.2471720129 0.5921727419 0.1933900863 0.7822606564 -0.8057479262 0.1542596370 0.5718166232
-115.2 -382.1 3380.7 0.1594418734 -0.9597147107 -0.2313567400 -0.3285532892 0.1694088429 -0.9291681051 0.9309301972 0.2241613269 -0.2883065641
171.7 -180.8 3060.9 0.4474998116 0.6262952685 0.6383557916 -0.8620373607 0.4920548797 0.1215465218 -0.2379820794 -0.6046786308 0.7600843906
281.5 -392.5 3002.5 -0.7099907398 0.6262952685 0.3219741881 0.0396675169 0.4920548797 -0.8696599603 -0.7030929327 -0.6046786308 -0.3741979897
-98.3 -483.5 2838.1 0.9807552695 0.1365086287 -0.1395870149 -0.1344275326 -0.0463567488 -0.9898385406 -0.1415922940 0.9895536900 -0.0271141082
-157.6 -463.4 2408.1 0.9807552695 0.1399601400 0.1361260414 -0.1344275326 0.9897079468 -0.0490659475 -0.1415922940 0.0298225973 0.9894757271
84.3 -494.8 2826.0 0.9910654426 0.0115230251 0.1328776479 0.1332691312 -0.0456151664 -0.9900295734 -0.0053469003 0.9988926053 -0.0467432775
79.2 -474.5 2382.1 0.9910654426 -0.1327207983 0.0132074477 0.1332691312 0.9893714190 -0.0581685044 -0.0053469003 0.0594089404 0.9982194304
-157.3 -295.3 3134.8 0 0 0 0 0 0 0 0 0
78.8 -381.2 2801.7 0 0 0 0 0 0 0 0 0
-207.6 -816.3 2397.5 0 0 0 0 0 0 0 0 0
129.9 -852.5 2359.4 0 0 0 0 0 0 0 0 0
43.8 -0.1 3188.2 86 0.9953579903 0.0879694447 0.0390362367 -0.0515445173 0.8297978044 -0.5556786656 -0.0812749267 0.5510870814 0.8304802179
25.4 -173.9 3072.7 0.9953579903 0.0879694447 0.0390362367 -0.0515445173 0.8297978044 -0.5556786656 -0.0812749267 0.5510870814 0.8304802179
7.3 -334.1 2956.6 0.9952561259 0.0906344876 0.0353644043 -0.0524777137 0.8061991334 -0.5893123150 -0.0819227695 0.5846608877 0.8071309328
-119.9 -166.3 3084.7 -0.0244712848 -0.9692974091 0.2446706593 0.5872895122 0.1841200441 0.7881566286 -0.8090069294 0.1629797071 0.5647525191
-110.8 -384.0 3384.7 0.1722935885 -0.9591349363 -0.2244438380 -0.3213870227 0.1606478095 -0.9332216382 0.9311419129 0.2329214513 -0.2805749476
170.7 -181.6 3060.8 0.4448794127 0.6240200400 0.6424027085 -0.8563542366 0.5063850284 0.1011514291 -0.2621825933 -0.5951244831 0.7596625090
279.8 -391.7 2996.5 -0.7106668949 0.6240200400 0.3248869777 0.0511277989 0.5063850284 -0.8607904315 -0.7016683817 -0.5951244831 -0.3917758465
-102.0 -484.6 2843.6 0.9825358987 0.1297227293 -0.1333987117 -0.1283110380 -0.0468545593 -0.9906265140 -0.1347571164 0.9904426336 -0.0293914266
-159.3 -463.8 2405.6 0.9825358987 0.1333666742 0.1297556758 -0.1283110380 0.9906380773 -0.0466099158 -0.1347571164 0.0291468278 0.9904499054
80.6 -496.0 2830.3 0.9900885820 0.0063642627 0.1403001696 0.1404436678 -0.0415332727 -0.9892171621 -0.0004685124 0.9991168380 -0.0420154370
77.7 -477.4 2381.2 0.9900885820 -0.1402692050 0.0070137819 0.1404436678 0.9890142679 -0.0461128838 -0.0004685124 0.0466408804 0.9989116192
-156.4 -299.1 3138.7 0 0 0 0 0 0 0 0 0
76.8 -377.1 2796.0 0 0 0 0 0 0 0 0 0
-206.7 -815.3 2395.3 0 0 0 0 0 0 0 0 0
131.3 -855.2 2363.4 0 0 0 0 0 0 0 0 0
45.5 -1.2 3189.0 87 0.9956576824 0.0879740715 0.0304354578 -0.0562820956 0.8293132186 -0.5559423566 -0.0741490424 0.5518153310 0.8306634426
27.2 -174.5 3073.7 0.9956576824 0.0879740715 0.0304354578 -0.0562820956 0.8293132186 -0.5559423566 -0.0741490424 0.5518153310 0.8306634426
8.5 -334.1 2957.0 0.9952438474 0.0937643722 0.0264176466 -0.0600004941 0.8036691546 -0.5920438170 -0.0767436624 0.5876429081 0.8054726720
-118.1 -165.7 3084.9 -0.0155306766 -0.9686968923 0.2477602661 0.5899416804 0.1911867261 0.7844848633 -0.8072965145 0.1583476812 0.5685054064
-112.4 -384.4 3384.2 0.1647610813 -0.9590949416 -0.2301971465 -0.3255781829 0.1674213707 -0.9305745363 0.9310492277 0.2282696217 -0.2846758366
172.5 -183.2 3062.5 0.4515997469 0.6211326122 0.6405091286 -0.8552257419 0.5059276223 0.1123662516 -0.2542569041 -0.5985245109 0.7596853375
282.2 -391.1 3000.8 -0.7172054648 0.6211326122 0.3159282506 0.0590850078 0.5059276223 -0.8605499864 -0.6943524480 -0.5985245109 -0.3995536566
-101.9 -489.5 2848.0 0.9825889468 0.1317405403 -0.1310092807 -0.1241469830 -0.0590546057 -0.9905049801 -0.1382263601 0.9895235896 -0.0416712128
-160.5 -463.2 2407.9 0.9825889468 0.1301583648 0.1325813085 -0.1241469830 0.9908646345 -0.0526760966 -0.1382263601 0.0352993794 0.9897714257
80.6 -499.1 2832.9 0.9901726246 0.0069422722 0.1396782845 0.1398505569 -0.0505539142 -0.9888812304 0.0001962014 0.9986972213 -0.0510279834
77.4 -476.2 2380.2 0.9901726246 -0.1396040767 0.0083018327 0.1398505569 0.9883421659 -0.0601791404 0.0001962014 0.0607487522 0.9981530905
-155.9 -298.4 3138.3 0 0 0 0 0 0 0 0 0
77.3 -374.2 2802.4 0 0 0 0 0 0 0 0 0
-206.8 -815.6 2395.3 0 0 0 0 0 0 0 0 0
130.8 -853.8 2357.0 0 0 0 0 0 0 0 0 0
46.7 1.3 3187.9 88 0.9963414073 0.0763421208 0.0384140089 -0.0418004990 0.8273704648 -0.5600989461 -0.0745417625 0.5564441085 0.8275346160
30.6 -172.8 3070.8 0.9963414073 0.0763421208 0.0384140089 -0.0418004990 0.8273704648 -0.5600989461 -0.0745417625 0.5564441085 0.8275346160
13.4 -331.6 2952.7 0.9956787825 0.0861938074 0.0345607623 -0.0484335460 0.7995316386 -0.5986679792 -0.0792338997 0.5944071412 0.8002513051
-114.7 -165.7 3082.3 -0.0236552767 -0.9703980088 0.2403501421 0.5967010856 0.1791913956 0.7822009325 -0.8021149039 0.1619203538 0.5747987032
-105.9 -386.9 3379.8 0.1702436060 -0.9603915811 -0.2206016481 -0.3318004310 0.1549283415 -0.9305405617 0.9278607368 0.2316142917 -0.2922827899
176.0 -179.8 3059.3 0.4413459897 0.6249920130 0.6438933611 -0.8668678403 0.4823573828 0.1259822398 -0.2318488359 -0.6137722135 0.7546719909
283.5 -390.9 3002.8 -0.7237253189 0.6249920130 0.2925860584 0.0633424297 0.4823573828 -0.8736813664 -0.6871749163 -0.6137722135 -0.3886827826
-101.4 -488.3 2847.3 0.9824795127 0.1343967915 -0.1291181594 -0.1229106039 -0.0535384640 -0.9909725785 -0.1400963217 0.9894802570 -0.0360816568
-161.0 -464.6 2408.5 0.9824795127 0.1301758289 0.1333725899 -0.1229106039 0.9905186892 -0.0613652430 -0.1400963217 0.0438971892 0.9891643524
81.1 -499.3 2833.2 0.9912949204 0.0034253323 0.1316155493 0.1316080689 -0.0538861640 -0.9898361564 0.0037017392 0.9985412359 -0.0538678840
79.6 -474.9 2379.7 0.9912949204 -0.1315353215 0.0057309181 0.1316080689 0.9887400270 -0.0712213814 0.0037017392 0.0713556260 0.9974440932
-150.9 -299.3 3134.7 0 0 0 0 0 0 0 0 0
76.6 -372.8 2806.5 0 0 0 0 0 0 0 0 0
-206.9 -814.2 2393.0 0 0 0 0 0 0 0 0 0
129.8 -852.6 2352.4 0 0 0 0 0 0 0 0 0
46.5 -0.3 3188.8 89 0.9940383434 0.0919981301 0.0585159399 -0.0432508104 0.8253757954 -0.5629246831 -0.1000856534 0.5570378304 0.8244341612
27.2 -173.1 3072.2 0.9940383434 0.0919981301 0.0585159399 -0.0432508104 0.8253757954 -0.5629246831 -0.1000856534 0.5570378304 0.8244341612
7.7 -331.5 2953.9 0.9937533140 0.0976754278 0.0539802238 -0.0456894152 0.7973914146 -0.6017303467 -0.1018176302 0.5955051780 0.7968730927
-117.9 -166.4 3087.0 -0.0431148671 -0.9669247270 0.2513914704 0.5997973680 0.1761817932 0.7805145979 -0.7989894748 0.1844357401 0.5723628998
-101.9 -388.8 3383.3 0.1918739229 -0.9552944899 -0.2249374390 -0.3350371122 0.1516688317 -0.9299175739 0.9224611521 0.2537893057 -0.2909578085
172.3 -179.7 3057.3 0.4204141498 0.6290076971 0.6539123058 -0.8724789023 0.4780882597 0.1010552943 -0.2490632236 -0.6130097508 0.7497910261
277.0 -397.1 2995.3 -0.7291132808 0.6290076971 0.2697093785 0.0892287418 0.4780882597 -0.8737676144 -0.6785514355 -0.6130097508 -0.4047060609
-95.0 -486.0 2841.9 0.9806308746 0.1486388743 -0.1275522709 -0.1220935807 -0.0453258976 -0.9914830923 -0.1531543583 0.9878522158 -0.0263001211
-160.7 -466.0 2405.3 0.9806308746 0.1287733316 0.1475822777 -0.1220935807 0.9910757542 -0.0534981899 -0.1531543583 0.0344431251 0.9876018763
87.6 -494.9 2827.4 0.9907168746 0.0185625702 0.1346679181 0.1353656501 -0.0436446220 -0.9898339510 -0.0124963317 0.9988746643 -0.0457521975
79.3 -475.4 2380.9 0.9907168746 -0.1342862993 0.0211472586 0.1353656501 0.9888123870 -0.0626597032 -0.0124963317 0.0649406388 0.9978109002
-152.6 -300.3 3139.6 0 0 0 0 0 0 0 0 0
68.7 -371.6 2801.4 0 0 0 0 0 0 0 0 0
-206.2 -816.3 2393.1 0 0 0 0 0 0 0 0 0
130.6 -853.3 2356.1 0 0 0 0 0 0 0 0 0
47.6 2.0 3187.8 90 0.9967448115 0.0790721625 -0.0157274324 -0.0745477006 0.8296692967 -0.5532553792 -0.0306985341 0.5526269078 0.8328632116
30.9 -173.4 3071.0 0.9967448115 0.0790721625 -0.0157274324 -0.0745477006 0.8296692967 -0.5532553792 -0.0306985341 0.5526269078 0.8328632116
14.2 -333.5 2954.4 0.9962545633 0.0843218043 -0.0191477668 -0.0794532523 0.8053281307 -0.5874809027 -0.0341172107 0.5868018866 0.8090114594
-114.4 -161.8 3076.0 0.0300595146 -0.9706550241 0.2385901660 0.5851601958 0.2106077820 0.7830912471 -0.8103603721 0.1160741299 0.5743194222
-125.5 -378.8 3376.4 0.1188804731 -0.9644824266 -0.2358835638 -0.3229375482 0.1870934963 -0.9277431369 0.9389242530 0.1864662021 -0.2892258167
176.2 -184.9 3066.0 0.3753011823 0.6142483354 0.6941527128 -0.8667536974 0.4979504645 0.0279887524 -0.3284616172 -0.6121636629 0.7192834020
268.5 -398.1 2985.2 -0.7368933558 0.6142483354 0.2822892070 0.0844434574 0.4979504645 -0.8630843759 -0.6707141995 -0.6121636629 -0.4188056290
-102.8 -485.8 2844.9 0.9826444983 0.1318590492 -0.1304721385 -0.1257580370 -0.0435037166 -0.9911066294 -0.1363624036 0.9903134108 -0.0261663534
-161.6 -466.4 2403.2 0.9826444983 0.1304482371 0.1318826824 -0.1257580370 0.9911144972 -0.0433241092 -0.1363624036 0.0259868875 0.9903181195
79.4 -494.2 2826.3 0.9909501076 -0.0002225621 0.1342304647 0.1340919435 -0.0438081175 -0.9900001287 0.0061007207 0.9990399480 -0.0433818139
79.5 -474.6 2379.1 0.9909501076 -0.1342304200 0.0002511120 0.1340919435 0.9898393750 -0.0473013595 0.0061007207 0.0469069593 0.9988806248
-156.9 -293.5 3128.4 0 0 0 0 0 0 0 0 0
57.9 -374.0 2793.6 0 0 0 0 0 0 0 0 0
-207.5 -815.1 2394.0 0 0 0 0 0 0 0 0 0
130.8 -852.7 2361.2 0 0 0 0 0 0 0 0 0
47.6 0.3 3188.3 91 0.9949019551 0.0911391601 -0.0431707017 -0.0998885334 0.8317192197 -0.5461367965 -0.0138685470 0.5476648211 0.8365828395
28.3 -176.1 3072.1 0.9949019551 0.0911391601 -0.0431707017 -0.0998885334 0.8317192197 -0.5461367965 -0.0138685470 0.5476648211 0.8365828395
9.6 -336.6 2956.5 0.9944811463 0.0937866569 -0.0470247939 -0.1036195830 0.8077795506 -0.5803060532 -0.0164393000 0.5819761157 0.8130396605
-116.8 -161.0 3074.5 0.0578986220 -0.9671148062 0.2476625443 0.5777133107 0.2347786874 0.7817456722 -0.8141837120 0.0978159532 0.5723084211
-138.3 -375.2 3376.4 0.0951291025 -0.9627048373 -0.2532781065 -0.3181130886 0.2116916478 -0.9241161942 0.9432680011 0.1684814245 -0.2861109674
173.3 -191.2 3069.7 0.4269208014 0.5998960733 0.6766560078 -0.8445886970 0.5318927765 0.0613193288 -0.3231232166 -0.5976744890 0.7337414622
275.1 -392.4 2992.7 -0.7315210104 0.5998960733 0.3240397573 0.0620874241 0.5318927765 -0.8445325494 -0.6789861321 -0.5976744890 -0.4263367355
-93.7 -486.3 2841.0 0.9797750711 0.1578921080 -0.1229262277 -0.1174349636 -0.0436856784 -0.9921192527 -0.1620179266 0.9864895344 -0.0242600832
-164.4 -466.7 2399.5 0.9797750711 0.1208335459 0.1594993174 -0.1174349636 0.9926090240 -0.0305996202 -0.1620179266 0.0112499492 0.9867236614
88.5 -500.7 2834.8 0.9898356199 0.0233129468 0.1402924657 0.1413900554 -0.0551370531 -0.9884173274 -0.0153076071 0.9982066154 -0.0578728355
77.7 -475.3 2373.6 0.9898356199 -0.1408694535 0.0195260327 0.1413900554 0.9895437360 -0.0284962803 -0.0153076071 0.0309674200 0.9994031787
-163.4 -291.2 3127.2 0 0 0 0 0 0 0 0 0
66.1 -374.7 2798.7 0 0 0 0 0 0 0 0 0
-206.7 -814.6 2395.6 0 0 0 0 0 0 0 0 0
131.5 -853.3 2361.8 0 0 0 0 0 0 0 0 0
47.3 3.0 3188.5 92 0.9958550334 0.0888161436 0.0196066760 -0.0626826957 0.8263728023 -0.5596238971 -0.0659060627 0.5560752749 0.8285147548
28.4 -172.4 3070.5 0.9958550334 0.0888161436 0.0196066760 -0.0626826957 0.8263728023 -0.5596238971 -0.0659060627 0.5560752749 0.8285147548
8.8 -331.0 2952.4 0.9949585199 0.0991475880 0.0150770983 -0.0704296604 0.7978228927 -0.5987640023 -0.0713948607 0.5946834683 0.8007835746
-116.7 -162.2 3080.9 -0.0042033810 -0.9674484730 0.2530330718 0.5965558290 0.2006519884 0.7770842314 -0.8025605679 0.1542147398 0.5762936473
-115.1 -383.4 3378.5 0.1556089967 -0.9585260749 -0.2387752831 -0.3348704278 0.1762194932 -0.9256395102 0.9293264747 0.2239966244 -0.2935606837
173.5 -182.6 3060.1 0.4231967330 0.6176294088 0.6629015207 -0.8610886335 0.5017623901 0.0822244063 -0.2818348408 -0.6056140661 0.7441778779
276.5 -392.2 2991.5 -0.7256199121 0.6176294088 0.3033308387 0.0665615201 0.5017623901 -0.8624407649 -0.6848688126 -0.6056140661 -0.4051991701
-100.1 -487.7 2842.4 0.9820238948 0.1442128271 -0.1217856854 -0.1158135161 -0.0491386764 -0.9920547605 -0.1490513980 0.9883258939 -0.0315535590
-163.6 -466.1 2407.3 0.9820238948 0.1220595837 0.1439810693 -0.1158135161 0.9919595718 -0.0510242619 -0.1490513980 0.0334320888 0.9882641435
82.0 -506.6 2839.4 0.9891147017 0.0096298410 0.1468309164 0.1471400559 -0.0554974265 -0.9875575304 -0.0013612838 0.9984123707 -0.0563102551
77.5 -480.8 2374.6 0.9891147017 -0.1470092982 0.0063493992 0.1471400559 0.9885503650 -0.0334360935 -0.0013612838 0.0340063833 0.9994207025
-156.3 -294.9 3133.0 0 0 0 0 0 0 0 0 0
69.2 -373.2 2795.8 0 0 0 0 0 0 0 0 0
-206.6 -815.9 2395.5 0 0 0 0 0 0 0 0 0
133.7 -858.5 2361.7 0 0 0 0 0 0 0 0 0
47.1 2.3 3188.1 93 0.9962649345 0.0793557391 0.0340416878 -0.0459996834 0.8213812113 -0.5685217381 -0.0730766654 0.5648323298 0.8219636083
30.2 -172.0 3068.3 0.9962649345 0.0793557391 0.0340416878 -0.0459996834 0.8213812113 -0.5685217381 -0.0730766654 0.5648323298 0.8219636083
11.4 -329.1 2948.2 0.9950776100 0.0945608094 0.0296446308 -0.0570067503 0.7908999920 -0.6092843413 -0.0810603574 0.6045952439 0.7923974991
-115.0 -163.7 3080.1 -0.0187606905 -0.9684447646 0.2485210896 0.6072365642 0.1864331216 0.7723383307 -0.7942995429 0.1654006988 0.5845774412
-108.0 -388.8 3374.7 0.1680382043 -0.9585975409 -0.2298997194 -0.3454126418 0.1611743569 -0.9245068431 0.9232839346 0.2347627431 -0.3040282726
175.4 -180.3 3056.5 0.4183781445 0.6344406605 0.6499575377 -0.8676269650 0.4908398688 0.0793704391 -0.2686692178 -0.5971275568 0.7558144927
277.6 -392.1 2990.9 -0.7063342333 0.6344406605 0.3139698207 0.0543588921 0.4908398688 -0.8695523739 -0.7057882547 -0.5971275568 -0.3811844885
-102.0 -483.1 2840.8 0.9827268124 0.1421889365 -0.1184495687 -0.1133498624 -0.0434739478 -0.9926035404 -0.1462867111 0.9888843894 -0.0266059190
-164.3 -464.1 2408.0 0.9827268124 0.1195136383 0.1412957311 -0.1133498624 0.9922492504 -0.0509241819 -0.1462867111 0.0340287089 0.9886567593
79.9 -495.9 2827.8 0.9907916188 0.0018276061 0.1353830844 0.1353536248 -0.0382120162 -0.9900602102 0.0033638205 0.9992679954 -0.0381075181
79.1 -478.5 2373.8 0.9907916188 -0.1353949606 0.0003538401 0.1353536248 0.9904174805 -0.0274328534 0.0033638205 0.0272281338 0.9996235967
-152.4 -297.6 3130.8 0 0 0 0 0 0 0 0 0
75.8 -376.6 2789.3 0 0 0 0 0 0 0 0 0
-206.8 -817.3 2395.9 0 0 0 0 0 0 0 0 0
130.8 -857.0 2363.4 0 0 0 0 0 0 0 0 0
47.4 2.6 3187.5 94 0.9956000447 0.0928715467 0.0124690477 -0.0705408156 0.8304121494 -0.5526660085 -0.0616813935 0.5493546724 0.8333095908
27.9 -171.8 3072.1 0.9956000447 0.0928715467 0.0124690477 -0.0705408156 0.8304121494 -0.5526660085 -0.0616813935 0.5493546724 0.8333095908
7.1 -331.2 2955.3 0.9945164919 0.1042911336 0.0077693849 -0.0795138627 0.8023125529 -0.5915843844 -0.0679304823 0.5877226591 0.8062056303
-117.3 -160.2 3081.9 0.0030900121 -0.9661280513 0.2580447495 0.5892680287 0.2102437168 0.7801030874 -0.8079317212 0.1496469826 0.5699579716
-118.4 -378.7 3381.5 0.1501865238 -0.9576065540 -0.2458325624 -0.3277379572 0.1863701791 -0.9262040854 0.9327549934 0.2196720243 -0.2858537436
173.1 -183.4 3062.2 0.4464336932 0.6238682866 0.6414712071 -0.8536192775 0.5119395256 0.0961875990 -0.2683860660 -0.5905135870 0.7610930204
279.9 -387.7 2998.0 -0.6980866790 0.6238682866 0.3513735533 0.0253214184 0.5119395256 -0.8586482406 -0.7155653834 -0.5905135870 -0.3731753528
-98.6 -481.1 2835.5 0.9812750816 0.1496474892 -0.1212633401 -0.1162218228 -0.0420198105 -0.9923340082 -0.1535957605 0.9878461361 -0.0238406919
-163.6 -462.8 2406.4 0.9812750816 0.1229891777 0.1482323557 -0.1162218228 0.9917805195 -0.0535152480 -0.1535957605 0.0352853462 0.9875035882
83.7 -491.5 2820.7 0.9930096269 0.0013435027 0.1180259213 0.1180124730 -0.0302067101 -0.9925525784 0.0022316780 0.9995427728 -0.0301541034
83.1 -477.9 2372.6 0.9930096269 -0.1180321723 0.0005749476 0.1180124730 0.9927282333 -0.0237430576 0.0022316780 0.0236449353 0.9997179508
-158.1 -292.1 3135.1 0 0 0 0 0 0 0 0 0
80.5 -380.4 2793.6 0 0 0 0 0 0 0 0 0
-207.4 -816.2 2393.8 0 0 0 0 0 0 0 0 0
128.2 -857.2 2363.6 0 0 0 0 0 0 0 0 0
47.6 1.7 3187.6 95 0.9936463237 0.1016067863 0.0484055579 -0.0581154078 0.8315175176 -0.5524501801 -0.0963827595 0.5461269617 0.8321392536
26.4 -171.4 3073.9 0.9936463237 0.1016067863 0.0484055579 -0.0581154078 0.8315175176 -0.5524501801 -0.0963827595 0.5461269617 0.8321392536
4.9 -331.5 2958.2 0.9931408167 0.1084540412 0.0436923504 -0.0620548539 0.8056131601 -0.5891830325 -0.0990984142 0.5824304223 0.8068174124
-118.5 -162.4 3088.3 -0.0328532010 -0.9645240903 0.2619427443 0.5870549083 0.1934867054 0.7860848904 -0.8088802099 0.1796001792 0.5598719120
-106.3 -380.1 3388.3 0.1853056699 -0.9533773065 -0.2381879687 -0.3225141466 0.1699564159 -0.9311817288 0.9282491207 0.2493722439 -0.2759837806
171.3 -180.5 3059.5 0.4077937305 0.6221626997 0.6682947278 -0.8642517924 0.4991389513 0.0626831725 -0.2945728004 -0.6031367183 0.7412509322
271.8 -393.4 2986.9 -0.7208875418 0.6221626997 0.3053437173 0.0647798553 0.4991389513 -0.8640971780 -0.6900179386 -0.6031367183 -0.4001266360
-104.8 -483.3 2844.7 0.9832685590 0.1275811642 -0.1300229579 -0.1251221299 -0.0457382798 -0.9910864830 -0.1323910058 0.9907729626 -0.0290097855
-161.1 -463.1 2407.4 0.9832685590 0.1306825727 0.1269054413 -0.1251221299 0.9908360839 -0.0508753024 -0.1323910058 0.0341454074 0.9906092882
77.4 -497.8 2832.4 0.9921879172 -0.0101258624 0.1243405789 0.1238022372 -0.0428464040 -0.9913814664 0.0153661389 0.9990303516 -0.0412580781
82.1 -478.2 2373.9 0.9921879172 -0.1242958680 -0.0106606316 0.1238022372 0.9915565848 -0.0385814831 0.0153661389 0.0369602740 0.9991986156
-155.3 -294.9 3143.1 0 0 0 0 0 0 0 0 0
66.1 -374.9 2790.0 0 0 0 0 0 0 0 0 0
-207.7 -816.5 2395.3 0 0 0 0 0 0 0 0 0
129.6 -857.0 2359.8 0 0 0 0 0 0 0 0 0
48.0 2.0 3187.2 96 0.9945471287 0.1024935171 0.0192644149 -0.0748107508 0.8298560977 -0.5529395938 -0.0726594180 0.5484832525 0.8329986334
26.5 -172.2 3072.1 0.9945471287 0.1024935171 0.0192644149 -0.0748107508 0.8298560977 -0.5529395938 -0.0726594180 0.5484832525 0.8329986334
4.2 -332.5 2956.8 0.9936130047 0.1118342951 0.0150421308 -0.0819435269 0.8067518473 -0.5851809382 -0.0775785670 0.5802108049 0.8107632399
-118.5 -160.2 3083.4 -0.0042054327 -0.9641416073 0.2653549314 0.5828302503 0.2132635415 0.7841094136 -0.8125830293 0.1579544097 0.5610340834
-117.0 -376.3 3384.7 0.1592427492 -0.9549388289 -0.2504667938 -0.3206100464 0.1899303347 -0.9279739857 0.9337295890 0.2280752957 -0.2759179473
171.5 -184.1 3060.8 0.4300381839 0.6036169529 0.6713521481 -0.8562868237 0.5083408952 0.0914465636 -0.2860770524 -0.6141955256 0.7354752421
276.2 -392.7 2991.1 -0.7353484631 0.6036169529 0.3080734015 0.0572949685 0.5083408952 -0.8592478037 -0.6752628684 -0.6141955256 -0.4083918929
-107.7 -485.9 2851.5 0.9840188622 0.1217496544 -0.1299381703 -0.1252281219 -0.0456033871 -0.9910793304 -0.1265891939 0.9915126562 -0.0296281110
-162.5 -465.4 2405.0 0.9840188622 0.1296026558 0.1221067458 -0.1252281219 0.9912010431 -0.0428760424 -0.1265891939 0.0268996358 0.9915904403
74.3 -497.3 2833.4 0.9913615584 -0.0133581748 0.1304754466 0.1296750456 -0.0493184701 -0.9903292656 0.0196638405 0.9986937642 -0.0471602157
80.3 -474.9 2380.8 0.9913615584 -0.1307353824 -0.0105140619 0.1296750456 0.9890206456 -0.0708700046 0.0196638405 0.0688943863 0.9974301457
-159.0 -291.6 3138.0 0 0 0 0 0 0 0 0 0
66.3 -376.3 2798.3 0 0 0 0 0 0 0 0 0
-208.3 -815.1 2395.5 0 0 0 0 0 0 0 0 0
130.2 -852.6 2354.5 0 0 0 0 0 0 0 0 0
47.1 1.6 3187.5 97 0.9943142533 0.1038577259 0.0235103332 -0.0735772848 0.8296810985 -0.5533675551 -0.0769775733 0.5484914184 0.8326053023
25.4 -172.1 3072.6 0.9943142533 0.1038577259 0.0235103332 -0.0735772848 0.8296810985 -0.5533675551 -0.0769775733 0.5484914184 0.8326053023
2.5 -332.4 2957.4 0.9932016730 0.1148107946 0.0192075595 -0.0819020793 0.8064791560 -0.5855625272 -0.0827193931 0.5800085068 0.8103996515
-119.6 -160.2 3084.7 -0.0083803441 -0.9633181691 0.2682309747 0.5832127929 0.2131843716 0.7838464975 -0.8122761846 0.1630046368 0.5600329041
-116.5 -376.4 3385.9 0.1640371680 -0.9537552595 -0.2518782914 -0.3210488260 0.1898182034 -0.9278451800 0.9327483177 0.2330663204 -0.2750647664
170.3 -184.1 3060.6 0.4470612407 0.6191083789 0.6456322670 -0.8569520712 0.5033674240 0.1106993854 -0.2564553320 -0.6027653217 0.7555822730
278.9 -392.2 2998.3 -0.7230338454 0.6191083789 0.3064748347 0.0658226311 0.5033674240 -0.8615617156 -0.6876695156 -0.6027653217 -0.4047030210
-109.0 -485.3 2848.6 0.9837645888 0.1125789508 -0.1397613585 -0.1353075206 -0.0463137999 -0.9897206426 -0.1178945899 0.9925628304 -0.0303290971
-159.6 -464.5 2402.6 0.9837645888 0.1381285489 0.1145764440 -0.1353075206 0.9902841449 -0.0320814028 -0.1178945899 0.0160574950 0.9928962588
73.0 -500.3 2834.4 0.9924371839 -0.0229767226 0.1205839515 0.1190810204 -0.0582799874 -0.9911726117 0.0298015289 0.9980358481 -0.0551031344
83.4 -473.9 2382.4 0.9924371839 -0.1208634600 -0.0214579385 0.1190810204 0.9903610349 -0.0707444847 0.0298015289 0.0676542297 0.9972636700
-159.9 -291.6 3139.5 0 0 0 0 0 0 0 0 0
72.4 -373.4 2801.9 0 0 0 0 0 0 0 0 0
-208.3 -813.6 2396.9 0 0 0 0 0 0 0 0 0
129.6 -852.2 2356.5 0 0 0 0 0 0 0 0 0
47.2 4.8 3189.6 98 0.9933439493 0.1060417742 0.0449776575 -0.0640348196 0.8329626322 -0.5496114492 -0.0957464799 0.5430730581 0.8342087865
24.9 -170.2 3075.5 0.9933439493 0.1060417742 0.0449776575 -0.0640348196 0.8329626322 -0.5496114492 -0.0957464799 0.5430730581 0.8342087865
2.5 -331.3 2961.3 0.9928506017 0.1122074500 0.0407082066 -0.0677496716 0.8105325699 -0.5817619562 -0.0982733518 0.5748447180 0.8123397231
-120.1 -160.3 3089.8 -0.0298790019 -0.9636188149 0.2656049728 0.5795624852 0.1997949779 0.7900565267 -0.8143798709 0.1775407791 0.5525076389
-109.0 -375.2 3391.8 0.1835764945 -0.9525985718 -0.2426016927 -0.3146438599 0.1768695563 -0.9325858951 0.9312888384 0.2475339770 -0.2672601938
169.8 -180.1 3061.2 0.4193691313 0.6259935498 0.6574660540 -0.8666594625 0.4916613102 0.0846787989 -0.2702422440 -0.6053108573 0.7487108111
