111.5 -10.6 2977.1 09 0.9822702408 0.0730126351 0.1726681888 0.0136555294 0.8907299042 -0.4543277919 -0.1869723946 0.4486305416 0.8739404678
96.9 -188.3 2887.6 0.9822702408 0.0730126351 0.1726681888 0.0136555294 0.8907299042 -0.4543277919 -0.1869723946 0.4486305416 0.8739404678
81.7 -359.9 2798.3 0.9820218682 0.0786375254 0.1716076136 0.0107482858 0.8843283057 -0.4667417705 -0.1884608865 0.4601951241 0.8675845265
-37.2 -189.7 2913.4 -0.3139308393 -0.4296397269 -0.8466741443 0.4908316433 0.6899086833 -0.5320811272 0.8127310276 -0.5826111436 -0.0057028322
51.5 -328.5 2683.6 -0.1665602028 -0.4311137497 -0.8867912292 0.5656384230 0.6948849559 -0.4440586567 0.8076576591 -0.5755656958 0.1281143129
231.1 -186.8 2861.9 0.5438237786 0.6345258355 0.5492109060 -0.8200537562 0.2628134191 0.5083708763 0.1782344729 -0.7268466353 0.6632695198
365.4 -389.3 2905.9 -0.3317378759 0.6345258355 0.6980880499 -0.7567780018 0.2628134191 -0.5985116363 -0.5632380247 -0.7268466353 0.3930100203
-19.5 -536.8 2723.8 0.9913147092 0.1202551126 -0.0532344207 -0.0443206951 -0.0756206810 -0.9961512089 -0.1238178983 0.9898586869 -0.0696341023
-79.6 -499.0 2228.9 0.9913147092 0.0595685393 0.1172466800 -0.0443206951 0.9907044172 -0.1286096722 -0.1238178983 0.1222962067 0.9847399592
156.4 -533.9 2690.0 0.9509575367 -0.3063820302 0.0425418653 0.0239074808 -0.0643203184 -0.9976428747 0.3083961606 0.9497330785 -0.0538410731
303.7 -503.0 2233.4 0.9509575367 -0.0568443723 -0.3040533960 0.0239074808 0.9935357571 -0.1109736487 0.3083961606 0.0982620791 0.9461693168
93.8 -472.1 2478.6 0 0 0 0 0 0 0 0 0
281.2 -581.3 2762.9 0 0 0 0 0 0 0 0 0
-101.9 -868.7 2183.3 0 0 0 0 0 0 0 0 0
324.9 -873.8 2196.7 0 0 0 0 0 0 0 0 0
112.0 -11.5 2978.5 10 0.9820106030 0.0749760494 0.1733026206 0.0139698628 0.8864280581 -0.4626555741 -0.1883084029 0.4567537010 0.8694342971
97.1 -187.6 2887.8 0.9820106030 0.0749760494 0.1733026206 0.0139698628 0.8864280581 -0.4626555741 -0.1883084029 0.4567537010 0.8694342971
81.8 -358.3 2796.8 0.9819049239 0.0788574368 0.1721749604 0.0127569279 0.8795685172 -0.4756011665 -0.1889443547 0.4691915512 0.8626466990
-37.0 -189.3 2913.6 -0.3177667558 -0.4277482629 -0.8462007642 0.4867629409 0.6922832727 -0.5327341557 0.8136867285 -0.5811843872 -0.0117725963
50.9 -324.1 2688.4 -0.1618039757 -0.4274963140 -0.8894191384 0.5753539801 0.6913863420 -0.4369814396 0.8017401695 -0.5824361444 0.1340926439
231.3 -185.9 2862.0 0.5439802408 0.6340609789 0.5495926738 -0.8217971921 0.2702628374 0.5016047955 0.1695135683 -0.7245168686 0.6680871844
365.6 -388.8 2903.9 -0.3320730031 0.6340609789 0.6983510256 -0.7509816885 0.2702628374 -0.6024819016 -0.5707486272 -0.7245168686 0.3864212334
-21.5 -532.5 2725.9 0.9918959141 0.1152868047 -0.0533992238 -0.0459869355 -0.0660251975 -0.9967576861 -0.1184386984 0.9911355376 -0.0601884313
-79.5 -499.3 2227.7 0.9918959141 0.0596219450 0.1121951342 -0.0459869355 0.9916575551 -0.1204178780 -0.1184386984 0.1142824888 0.9863629341
154.4 -530.6 2692.1 0.9502331614 -0.3089059293 0.0404233038 0.0242164619 -0.0561220534 -0.9981302023 0.3105969727 0.9494353533 -0.0458484292
303.8 -503.4 2232.9 0.9502331614 -0.0579846315 -0.3060958982 0.0242164619 0.9933012724 -0.1129872203 0.3105969727 0.0999516472 0.9452720284
92.0 -470.1 2484.9 0 0 0 0 0 0 0 0 0
281.3 -579.4 2759.0 0 0 0 0 0 0 0 0 0
-101.7 -869.4 2185.1 0 0 0 0 0 0 0 0 0
325.5 -874.2 2195.6 0 0 0 0 0 0 0 0 0
109.6 -14.0 2981.3 11 0.9836553335 0.0547248535 0.1715442240 0.0359780192 0.8737513423 -0.4850403965 -0.1764307618 0.4832843840 0.8575012684
98.7 -187.7 2885.2 0.9836553335 0.0547248535 0.1715442240 0.0359780192 0.8737513423 -0.4850403965 -0.1764307618 0.4832843840 0.8575012684
86.5 -355.1 2788.0 0.9833872318 0.0629357994 0.1702606082 0.0320204794 0.8631163836 -0.5039888620 -0.1786736548 0.5010680556 0.8467623591
-35.6 -192.0 2909.6 -0.3362070322 -0.4220651686 -0.8419179320 0.4772315919 0.6943349242 -0.5386548638 0.8119204640 -0.5828893781 -0.0320174582
55.9 -321.9 2688.6 -0.1338199079 -0.4246595800 -0.8954085708 0.5713183284 0.7052149773 -0.4198419154 0.8097453713 -0.5677465200 0.1482440084
233.0 -183.3 2860.8 0.5533235669 0.6371227503 0.5365702510 -0.8201515079 0.3041579723 0.4846023619 0.1455490887 -0.7082107663 0.6908349991
369.6 -385.8 2896.8 -0.3170398474 0.6371227503 0.7025384903 -0.7340954542 0.3041579723 -0.6071175933 -0.6004911065 -0.7082107663 0.3712787330
-21.4 -530.2 2722.6 0.9917012453 0.1149054915 -0.0576658174 -0.0507713072 -0.0620527938 -0.9967806935 -0.1181138977 0.9914364219 -0.0557039306
-78.8 -499.2 2227.8 0.9917012453 0.0645151734 0.1112043634 -0.0507713072 0.9911970496 -0.1222729161 -0.1181138977 0.1156122163 0.9862468839
154.5 -527.9 2688.8 0.9491549730 -0.3130370677 0.0333557539 0.0180365779 -0.0517069586 -0.9984993935 0.3142920434 0.9483323097 -0.0434317999
304.0 -503.2 2235.7 0.9491549730 -0.0585331097 -0.3093197048 0.0180365779 0.9910597205 -0.1321942806 0.3142920434 0.1198937967 0.9417250156
89.8 -466.9 2483.1 0 0 0 0 0 0 0 0 0
289.2 -572.0 2744.4 0 0 0 0 0 0 0 0 0
-102.9 -869.2 2184.7 0 0 0 0 0 0 0 0 0
325.9 -873.1 2191.0 0 0 0 0 0 0 0 0 0
111.0 -9.8 2979.6 12 0.9816317558 0.0532735884 0.1831966192 0.0422575697 0.8756613731 -0.4810732603 -0.1860467046 0.4799782336 0.8573257923
100.3 -184.5 2883.8 0.9816317558 0.0532735884 0.1831966192 0.0422575697 0.8756613731 -0.4810732603 -0.1860467046 0.4799782336 0.8573257923
89.2 -352.1 2786.6 0.9816565514 0.0573730469 0.1818206012 0.0426472835 0.8634079695 -0.5027006269 -0.1858268231 0.5012335181 0.8451232910
-33.8 -190.4 2909.2 -0.3389270008 -0.4330831468 -0.8352050781 0.4725277126 0.6892928481 -0.5491747260 0.8135392070 -0.5807876587 -0.0289761890
62.5 -324.6 2678.0 -0.1096775308 -0.4355540574 -0.8934559226 0.5799276233 0.7019844055 -0.4134027958 0.8072513938 -0.5634807944 0.1755979061
234.4 -178.7 2858.5 0.5629429817 0.6287405491 0.5364518166 -0.8144103885 0.3113946915 0.4896622002 0.1408222467 -0.7125438452 0.6873502731
373.4 -379.8 2893.2 -0.3134462535 0.6287405491 0.7116436958 -0.7370921373 0.3113946915 -0.5997737646 -0.5987041593 -0.7125438452 0.3658341765
-13.8 -525.4 2706.8 0.9895204902 0.1351007074 -0.0509603657 -0.0436561853 -0.0564885363 -0.9974483252 -0.1376346499 0.9892203212 -0.0499985851
-79.3 -498.0 2227.6 0.9895204902 0.0592275560 0.1316861957 -0.0436561853 0.9920369983 -0.1181386933 -0.1376346499 0.1111517400 0.9842265844
162.4 -519.6 2674.8 0.9512282014 -0.3073278666 0.0267310124 0.0172436722 -0.0335450396 -0.9992884398 0.3080058694 0.9510122538 -0.0266095269
305.0 -504.1 2233.4 0.9512282014 -0.0524284393 -0.3040003777 0.0172436722 0.9929480553 -0.1172894910 0.3080058694 0.1063269898 0.9454241991
90.4 -471.7 2473.2 0 0 0 0 0 0 0 0 0
293.9 -566.8 2741.3 0 0 0 0 0 0 0 0 0
-101.4 -868.3 2186.1 0 0 0 0 0 0 0 0 0
324.6 -874.7 2193.7 0 0 0 0 0 0 0 0 0
111.7 -10.4 2979.3 13 0.9835259318 0.0604483709 0.1703607738 0.0294451285 0.8762719631 -0.4809162319 -0.1783529669 0.4780098498 0.8600562811
99.6 -185.0 2884.0 0.9835259318 0.0604483709 0.1703607738 0.0294451285 0.8762719631 -0.4809162319 -0.1783529669 0.4780098498 0.8600562811
87.3 -352.9 2787.5 0.9835762978 0.0634539425 0.1689712107 0.0301534217 0.8652417064 -0.5004473329 -0.1779562980 0.4973232150 0.8491178751
-34.8 -189.1 2908.3 -0.3073316514 -0.4200542271 -0.8538745046 0.5013929009 0.6911657453 -0.5204758048 0.8087968826 -0.5880853534 -0.0018049091
56.9 -338.7 2667.0 -0.1528853625 -0.4202441573 -0.8944388628 0.5837646127 0.6918903589 -0.4248607159 0.7973988652 -0.5870967507 0.1395437568
234.0 -180.9 2859.7 0.5520474911 0.6382166743 0.5365846157 -0.8202948570 0.3002896607 0.4867673218 0.1495322436 -0.7088762522 0.6893000603
370.2 -383.4 2896.6 -0.3171832561 0.6382166743 0.7014800310 -0.7364426255 0.3002896607 -0.6061999202 -0.5975341201 -0.7088762522 0.3747631609
-9.9 -523.4 2705.9 0.9883298874 0.1460855305 -0.0431625284 -0.0361886732 -0.0500648245 -0.9980901480 -0.1479674429 0.9880043268 -0.0441939197
-80.8 -499.1 2226.2 0.9883298874 0.0514184460 0.1433880329 -0.0361886732 0.9936143160 -0.1068691313 -0.1479674429 0.1004329398 0.9838795066
166.0 -515.8 2672.7 0.9530396461 -0.3016075492 0.0273552015 0.0218867753 -0.0214960240 -0.9995293617 0.3020536304 0.9531897902 -0.0138853472
305.9 -505.8 2230.5 0.9530396461 -0.0501631275 -0.2986621559 0.0218867753 0.9950162768 -0.0972810388 0.3020536304 0.0861759335 0.9493878484
95.7 -486.7 2464.9 0 0 0 0 0 0 0 0 0
289.7 -570.3 2745.0 0 0 0 0 0 0 0 0 0
-100.0 -870.0 2188.8 0 0 0 0 0 0 0 0 0
324.6 -877.1 2198.3 0 0 0 0 0 0 0 0 0
110.3 -11.6 2979.6 14 0.9834658504 0.0609606132 0.1705247462 0.0292960554 0.8756790757 -0.4820039868 -0.1787082106 0.4790301919 0.8594145775
98.2 -185.7 2884.4 0.9834658504 0.0609606132 0.1705247462 0.0292960554 0.8756790757 -0.4820039868 -0.1787082106 0.4790301919 0.8594145775
85.4 -353.5 2787.8 0.9833883643 0.0659149662 0.1691229343 0.0282326303 0.8648508191 -0.5012345314 -0.1793049723 0.4976829588 0.8486232162
-36.2 -189.5 2908.9 -0.2867757380 -0.4193437099 -0.8613423109 0.5129560828 0.6921434999 -0.5077533126 0.8090956211 -0.5874421000 0.0166149307
52.0 -347.3 2660.1 -0.1961672157 -0.4134832919 -0.8891288042 0.5903034806 0.6742365360 -0.4437869191 0.7829816341 -0.6119122505 0.1118175164
232.5 -181.8 2859.9 0.5505384803 0.6378629208 0.5385520458 -0.8215244412 0.2993280888 0.4852837026 0.1483407468 -0.7096010447 0.6888116002
368.4 -384.7 2896.5 -0.3194984496 0.6378629208 0.7007507682 -0.7355062962 0.2993280888 -0.6078101397 -0.5974539518 -0.7096010447 0.3735173345
-13.1 -523.5 2706.9 0.9892400503 0.1363144070 -0.0531276688 -0.0466379039 -0.0503707752 -0.9976410866 -0.1386689246 0.9893842340 -0.0434713699
-79.6 -499.0 2224.6 0.9892400503 0.0595969222 0.1336127669 -0.0466379039 0.9940825701 -0.0981057584 -0.1386689246 0.0908187181 0.9861657619
163.1 -518.1 2675.0 0.9516303539 -0.3048779368 0.0380672403 0.0313112587 -0.0270204023 -0.9991443753 0.3056456745 0.9520080686 -0.0161673222
305.5 -505.5 2230.3 0.9516303539 -0.0549009927 -0.3023004234 0.0313112587 0.9961124659 -0.0823380128 0.3056456745 0.0688899457 0.9496498704
101.7 -496.9 2461.7 0 0 0 0 0 0 0 0 0
287.3 -571.4 2744.9 0 0 0 0 0 0 0 0 0
-101.8 -870.0 2190.7 0 0 0 0 0 0 0 0 0
326.0 -877.3 2204.6 0 0 0 0 0 0 0 0 0
111.3 -10.8 2982.3 15 0.9846177101 0.0665571019 0.1615492404 0.0207230952 0.8735920191 -0.4862175584 -0.1734893620 0.4820862114 0.8587749004
98.0 -185.4 2886.0 0.9846177101 0.0665571019 0.1615492404 0.0207230952 0.8735920191 -0.4862175584 -0.1734893620 0.4820862114 0.8587749004
85.0 -353.1 2789.1 0.9848024249 0.0669554323 0.1602532715 0.0231275074 0.8639284372 -0.5030832291 -0.1721315235 0.4991438389 0.8492503762
-36.5 -188.5 2909.5 -0.2746892273 -0.4105727673 -0.8694686890 0.5248298645 0.6936509013 -0.4933579266 0.8056671023 -0.5918432474 0.0249424055
49.1 -352.1 2658.5 -0.2170524448 -0.4038805068 -0.8886893392 0.5844419599 0.6754230857 -0.4497013092 0.7818669081 -0.6169961095 0.0894424841
232.6 -182.2 2862.5 0.5449914336 0.6446101665 0.5361548662 -0.8246651292 0.2966707647 0.4815743864 0.1513662785 -0.7046021819 0.6932705641
367.1 -385.8 2899.8 -0.3190819323 0.6446101665 0.6947405934 -0.7331253290 0.2966707647 -0.6119752526 -0.6005946398 -0.7046021819 0.3779177666
-15.5 -523.9 2707.3 0.9897760153 0.1307203174 -0.0570581481 -0.0506087057 -0.0521421134 -0.9973564744 -0.1333498955 0.9900471568 -0.0449934304
-79.3 -498.5 2224.4 0.9897760153 0.0638665557 0.1275323331 -0.0506087057 0.9932237267 -0.1046204865 -0.1333498955 0.0970965996 0.9863011837
160.7 -518.9 2675.1 0.9489669800 -0.3142893314 0.0261513982 0.0159303173 -0.0350462683 -0.9992586970 0.3149728477 0.9486801028 -0.0282510240
308.5 -502.4 2228.9 0.9489669800 -0.0360171460 -0.3133120537 0.0159303173 0.9976634383 -0.0664374158 0.3149728477 0.0580557548 0.9473233819
104.1 -500.3 2460.2 0 0 0 0 0 0 0 0 0
286.1 -571.9 2747.4 0 0 0 0 0 0 0 0 0
-103.1 -869.3 2188.1 0 0 0 0 0 0 0 0 0
321.9 -874.7 2207.2 0 0 0 0 0 0 0 0 0
109.0 -11.9 2983.1 16 0.9832162857 0.0588616207 0.1726877987 0.0336350165 0.8718203902 -0.4886694849 -0.1793166250 0.4862761497 0.8552082181
97.2 -185.9 2886.1 0.9832162857 0.0588616207 0.1726877987 0.0336350165 0.8718203902 -0.4886694849 -0.1793166250 0.4862761497 0.8552082181
85.2 -353.3 2788.6 0.9832290411 0.0618363209 0.1715718061 0.0338188186 0.8626283407 -0.5047065020 -0.1792118847 0.5020444989 0.8460699916
-37.1 -190.5 2910.6 -0.2421087027 -0.4230391979 -0.8731673360 0.5329992175 0.6939987540 -0.4840222597 0.8107374310 -0.5825835466 0.0574564412
40.7 -361.8 2650.0 -0.2751643658 -0.4058378339 -0.8715389967 0.5742214918 0.6576936245 -0.4875539243 0.7710734606 -0.6346138716 0.0520669557
231.5 -181.3 2861.6 0.5544199944 0.6363938451 0.5363034010 -0.8196608424 0.3059419990 0.4843093753 0.1441337764 -0.7080976963 0.6912475228
368.4 -383.6 2897.2 -0.3160160780 0.6363938451 0.7036595345 -0.7339989543 0.3059419990 -0.6063373685 -0.6011483669 -0.7080976963 0.3704298437
-16.2 -522.8 2707.6 0.9898858070 0.1286207438 -0.0598566048 -0.0539335348 -0.0490533933 -0.9973389506 -0.1312146485 0.9904799461 -0.0416202843
-79.2 -498.8 2222.8 0.9898858070 0.0659187138 0.1256217808 -0.0539335348 0.9938676357 -0.0965313315 -0.1312146485 0.0887797624 0.9873706698
160.3 -518.7 2676.8 0.9500097036 -0.3108489215 0.0292318035 0.0211578459 -0.0293149929 -0.9993462563 0.3115026653 0.9500071406 -0.0212726332
305.7 -505.0 2232.4 0.9500097036 -0.0494428575 -0.3082806468 0.0211578459 0.9953067303 -0.0944290534 0.3115026653 0.0831859633 0.9465971589
110.4 -507.3 2454.7 0 0 0 0 0 0 0 0 0
288.2 -570.0 2744.6 0 0 0 0 0 0 0 0 0
-103.8 -869.8 2189.6 0 0 0 0 0 0 0 0 0
324.1 -876.3 2201.4 0 0 0 0 0 0 0 0 0
113.1 -8.7 2982.1 17 0.9832785726 0.0767308697 0.1651532948 0.0110548222 0.8800759315 -0.4747042358 -0.1817719042 0.4685922265 0.8645116091
97.8 -184.0 2888.7 0.9832785726 0.0767308697 0.1651532948 0.0110548222 0.8800759315 -0.4747042358 -0.1817719042 0.4685922265 0.8645116091
82.3 -352.9 2794.5 0.9832844734 0.0799009204 0.1636075824 0.0111209676 0.8705354929 -0.4919800162 -0.1817358583 0.4855757952 0.8550954461
-36.5 -185.5 2913.5 -0.2222463340 -0.4115886390 -0.8838559389 0.5531776547 0.6932631135 -0.4619315267 0.8028705120 -0.5915919542 0.0736064389
34.0 -360.9 2658.9 -0.2921008468 -0.4004735351 -0.8685033321 0.5504078865 0.6722558737 -0.4950991869 0.7821305990 -0.6226499677 0.0240572765
232.1 -182.5 2863.9 0.5386576056 0.6406493187 0.5471896529 -0.8274595737 0.2799980044 0.4867358804 0.1586149782 -0.7149612308 0.6809344292
365.1 -386.8 2903.1 -0.3318506777 0.6406493187 0.6924186945 -0.7387182117 0.2799980044 -0.6131039858 -0.5866605043 -0.7149612308 0.3803417683
-14.9 -523.8 2707.2 0.9897360802 0.1319572777 -0.0548615493 -0.0485028923 -0.0509303771 -0.9975237250 -0.1344246268 0.9899461269 -0.0440073237
-79.2 -499.0 2224.5 0.9897360802 0.0624952987 0.1285178959 -0.0485028923 0.9928289652 -0.1092616618 -0.1344246268 0.1019067243 0.9856698513
161.3 -517.7 2675.1 0.9507048130 -0.3085255623 0.0311815012 0.0233057272 -0.0291803461 -0.9993024468 0.3092202246 0.9507683516 -0.0205514841
305.5 -504.1 2230.7 0.9507048130 -0.0493220650 -0.3061496913 0.0233057272 0.9958423376 -0.0880619213 0.3092202246 0.0765858516 0.9479016066
108.0 -500.4 2460.7 0 0 0 0 0 0 0 0 0
280.9 -574.2 2754.2 0 0 0 0 0 0 0 0 0
-102.6 -869.6 2186.4 0 0 0 0 0 0 0 0 0
323.9 -875.7 2202.1 0 0 0 0 0 0 0 0 0
112.6 -6.3 2982.5 18 0.9875426888 0.0714910477 0.1401728243 0.0025739367 0.8833693266 -0.4686705172 -0.1573301107 0.4631929696 0.8721808791
98.4 -182.0 2890.4 0.9875426888 0.0714910477 0.1401728243 0.0025739367 0.8833693266 -0.4686705172 -0.1573301107 0.4631929696 0.8721808791
84.2 -352.0 2797.8 0.9875766039 0.0732152387 0.1390396953 0.0029856090 0.8759202957 -0.4824466109 -0.1571101397 0.4768680930 0.8648197651
-36.4 -182.4 2911.8 -0.2143368125 -0.3938240409 -0.8938469291 0.5704841018 0.6923355460 -0.4418363869 0.7928478122 -0.6046273112 0.0762773678
30.3 -360.0 2665.0 -0.2983699441 -0.3910377920 -0.8706691861 0.5344512463 0.6873441339 -0.4918535352 0.7907826900 -0.6120845675 0.0039077988
233.3 -181.5 2868.9 0.5291162729 0.6600615978 0.5332491994 -0.8288083076 0.2672447264 0.4915862679 0.1819691807 -0.7020676136 0.6884680390
363.9 -386.1 2913.9 -0.3217154443 0.6600615978 0.6788356900 -0.7439742684 0.2672447264 -0.6124398112 -0.5856632590 -0.7020676136 0.4050920904
-21.3 -522.8 2716.5 0.9910600185 0.1140130609 -0.0692897290 -0.0642144307 -0.0476054437 -0.9968000054 -0.1169467866 0.9923380017 -0.0398585685
-78.1 -499.1 2221.9 0.9910600185 0.0742550492 0.1108432785 -0.0642144307 0.9937269092 -0.0915606320 -0.1169467866 0.0836243406 0.9896112680
154.9 -520.9 2684.0 0.9474552274 -0.3189821839 0.0240614396 0.0117295496 -0.0405251235 -0.9991096854 0.3196732998 0.9468939304 -0.0346542224
308.9 -501.3 2226.6 0.9474552274 -0.0318838283 -0.3182954788 0.0117295496 0.9978139400 -0.0650367513 0.3196732998 0.0578859486 0.9457579851
105.9 -495.5 2464.5 0 0 0 0 0 0 0 0 0
282.2 -574.9 2765.2 0 0 0 0 0 0 0 0 0
-105.8 -870.0 2190.7 0 0 0 0 0 0 0 0 0
320.8 -873.6 2205.0 0 0 0 0 0 0 0 0 0
109.8 -10.6 2981.2 19 0.9865598083 0.0591145903 0.1523326486 0.0199266151 0.8817810416 -0.4712378979 -0.1621810794 0.4679398537 0.8687517643
98.0 -186.0 2888.2 0.9865598083 0.0591145903 0.1523326486 0.0199266151 0.8817810416 -0.4712378979 -0.1621810794 0.4679398537 0.8687517643
86.1 -355.9 2795.2 0.9865636230 0.0609909780 0.1515663713 0.0199823137 0.8756950498 -0.4824508727 -0.1621510684 0.4789971113 0.8627101779
-36.7 -188.7 2910.3 -0.2275846004 -0.4102520347 -0.8831186295 0.5534009337 0.6917304993 -0.4639573097 0.8012195230 -0.5943081975 0.0696066469
30.8 -352.9 2672.6 -0.2822137177 -0.4048838913 -0.8697266579 0.5411180258 0.6814199090 -0.4928064346 0.7921784520 -0.6097015142 0.0267839190
232.7 -183.3 2866.1 0.5439082384 0.6518968344 0.5283884406 -0.8202909827 0.2803195119 0.4985415936 0.1768801063 -0.7045931220 0.6872131824
367.0 -385.7 2909.7 -0.3121617436 0.6518968344 0.6910756230 -0.7475827932 0.2803195119 -0.6021137238 -0.5862380266 -0.7045931220 0.3998418152
-18.5 -522.2 2719.4 0.9903962016 0.1194426939 -0.0696332976 -0.0644086599 -0.0470627174 -0.9968132377 -0.1223391891 0.9917250276 -0.0389175937
-78.4 -498.6 2222.1 0.9903962016 0.0751110986 0.1160761565 -0.0644086599 0.9935473204 -0.0933554396 -0.1223391891 0.0849825665 0.9888433218
158.4 -521.7 2691.2 0.9516820312 -0.3056570292 0.0295815915 0.0190780219 -0.0372947864 -0.9991222024 0.3064919412 0.9514110088 -0.0296614468
306.3 -503.6 2230.9 0.9516820312 -0.0477941968 -0.3033430576 0.0190780219 0.9951079488 -0.0969337374 0.3064919412 0.0864629075 0.9479382038
102.4 -490.2 2471.7 0 0 0 0 0 0 0 0 0
287.8 -575.5 2760.9 0 0 0 0 0 0 0 0 0
-106.4 -869.5 2190.4 0 0 0 0 0 0 0 0 0
324.1 -874.8 2198.7 0 0 0 0 0 0 0 0 0
111.4 -10.2 2980.6 20 0.9872984886 0.0655213222 0.1447363347 0.0110226683 0.8805567026 -0.4738126099 -0.1584933698 0.4693898559 0.8686500788
98.4 -185.1 2887.4 0.9872984886 0.0655213222 0.1447363347 0.0110226683 0.8805567026 -0.4738126099 -0.1584933698 0.4693898559 0.8686500788
85.1 -354.9 2794.3 0.9872269630 0.0683106259 0.1439324319 0.0100844745 0.8748124242 -0.4843567908 -0.1590005904 0.4796215594 0.8629495502
-36.4 -186.5 2909.1 -0.2277131379 -0.3987197578 -0.8883519769 0.5640923977 0.6896206737 -0.4541179836 0.7936916947 -0.6045212150 0.0678791031
30.3 -351.9 2676.4 -0.2748604417 -0.4001574218 -0.8742572665 0.5342655182 0.6924139857 -0.4848950803 0.7993823290 -0.6003639698 0.0234730840
233.3 -183.7 2865.7 0.5350424051 0.6569386125 0.5311885476 -0.8258180022 0.2740680873 0.4928602874 0.1781971157 -0.7023662329 0.6891497970
365.3 -387.6 2909.7 -0.3178001940 0.6569386125 0.6836919785 -0.7441238165 0.2740680873 -0.6092343330 -0.5876076818 -0.7023662329 0.4017447531
-14.1 -527.7 2716.8 0.9894787073 0.1295859218 -0.0643382668 -0.0570271686 -0.0593640245 -0.9966061711 -0.1329655051 0.9897895455 -0.0513495207
-78.7 -498.1 2223.4 0.9894787073 0.0696078837 0.1268332154 -0.0570271686 0.9933257699 -0.1002587080 -0.1329655051 0.0919709131 0.9868442416
162.6 -524.1 2687.7 0.9539167881 -0.2984588742 0.0310660060 0.0186483264 -0.0443647727 -0.9988413453 0.2994912863 0.9533908367 -0.0367545411
305.3 -502.9 2232.2 0.9539167881 -0.0463376157 -0.2964719534 0.0186483264 0.9952497482 -0.0955521986 0.2994912863 0.0856201351 0.9502494931
100.1 -487.4 2473.6 0 0 0 0 0 0 0 0 0
284.7 -576.5 2760.5 0 0 0 0 0 0 0 0 0
-104.6 -868.9 2189.1 0 0 0 0 0 0 0 0 0
322.6 -874.3 2200.2 0 0 0 0 0 0 0 0 0
109.8 -11.2 2980.8 21 0.9890906811 0.0651588365 0.1321133226 0.0073742289 0.8738258481 -0.4861830771 -0.1471231580 0.4818533659 0.8638125062
96.9 -185.0 2885.0 0.9890906811 0.0651588365 0.1321133226 0.0073742289 0.8738258481 -0.4861830771 -0.1471231580 0.4818533659 0.8638125062
83.7 -352.9 2788.5 0.9890506864 0.0681240633 0.1309115738 0.0068524047 0.8649214506 -0.5018604398 -0.1474170089 0.4972624779 0.8549843431
-38.2 -185.9 2905.1 -0.2191383392 -0.3819551170 -0.8978244066 0.5785477161 0.6900989413 -0.4347941577 0.7856595516 -0.6147143245 0.0697521195
25.2 -353.4 2677.7 -0.3006276786 -0.3844497204 -0.8728238344 0.5287152529 0.6944868565 -0.4880042672 0.7937777638 -0.6081828475 -0.0055175372
232.0 -184.1 2864.8 0.5279365182 0.6666458845 0.5261808038 -0.8324639201 0.2835035026 0.4760562778 0.1681868583 -0.6893540621 0.7046304941
362.3 -389.6 2906.3 -0.3154640794 0.6666458845 0.6753263474 -0.7306148410 0.2835035026 -0.6211503148 -0.6055446863 -0.6893540621 0.3976262212
-16.6 -525.6 2715.4 0.9895605445 0.1258648485 -0.0701997876 -0.0634512752 -0.0568521619 -0.9963642955 -0.1293982416 0.9904170036 -0.0482723713
-79.1 -497.4 2223.1 0.9895605445 0.0739626586 0.1236911267 -0.0634512752 0.9941972494 -0.0868663639 -0.1293982416 0.0781111643 0.9885113835
160.3 -523.8 2686.9 0.9520546794 -0.3048320711 0.0258706324 0.0114318915 -0.0490565374 -0.9987305999 0.3057142198 0.9511418939 -0.0432197005
306.9 -500.2 2229.4 0.9520546794 -0.0365411565 -0.3037377596 0.0114318915 0.9963968992 -0.0840386525 0.3057142198 0.0765370950 0.9490420818
101.5 -487.5 2476.3 0 0 0 0 0 0 0 0 0
282.3 -575.0 2752.7 0 0 0 0 0 0 0 0 0
-106.7 -868.4 2193.9 0 0 0 0 0 0 0 0 0
320.6 -872.1 2200.8 0 0 0 0 0 0 0 0 0
110.8 -10.4 2981.9 22 0.9871728420 0.0607086755 0.1476626098 0.0196307432 0.8717117310 -0.4896256328 -0.1584437639 0.4862438738 0.8593384027
98.8 -183.6 2885.3 0.9871728420 0.0607086755 0.1476626098 0.0196307432 0.8717117310 -0.4896256328 -0.1584437639 0.4862438738 0.8593384027
86.2 -350.6 2787.1 0.9871466756 0.0645131990 0.1462173611 0.0192687102 0.8601871729 -0.5096143484 -0.1586511433 0.5058814883 0.8478878140
-36.1 -186.3 2906.9 -0.2189307660 -0.3996657133 -0.8901329637 0.5531466007 0.7006748915 -0.4506478906 0.8038023114 -0.5910346508 0.0676744282
34.3 -364.0 2648.7 -0.2908335030 -0.3818058670 -0.8772913814 0.5723408461 0.6653509736 -0.4793057442 0.7667084336 -0.6415078640 0.0250167362
233.6 -181.0 2863.6 0.5387731791 0.6555326581 0.5291506052 -0.8284325004 0.2981503904 0.4741370082 0.1530458480 -0.6938178539 0.7037000060
366.6 -385.5 2901.4 -0.3146055639 0.6555326581 0.6865131259 -0.7274119854 0.2981503904 -0.6180438399 -0.6098320484 -0.6938178539 0.3830425441
-18.1 -521.3 2705.2 0.9903316498 0.1247805282 -0.0606054664 -0.0549718998 -0.0481095091 -0.9973282218 -0.1273628473 0.9910172820 -0.0407849476
-79.1 -497.8 2220.6 0.9903316498 0.0646168441 0.1227512360 -0.0549718998 0.9952456355 -0.0804001838 -0.1273628473 0.0728749782 0.9891753793
159.1 -520.1 2678.7 0.9498021603 -0.3117268085 0.0264994483 0.0158446319 -0.0366636291 -0.9992020726 0.3124496341 0.9494641423 -0.0298839994
305.3 -502.9 2233.2 0.9498021603 -0.0501870364 -0.3087994158 0.0158446319 0.9934991002 -0.1127317846 0.3124496341 0.1021800786 0.9444228411
108.0 -509.0 2454.4 0 0 0 0 0 0 0 0 0
286.7 -570.1 2746.6 0 0 0 0 0 0 0 0 0
-103.3 -869.3 2193.4 0 0 0 0 0 0 0 0 0
324.1 -873.6 2195.1 0 0 0 0 0 0 0 0 0
110.2 -12.3 2980.9 23 0.9861840010 0.0567287803 0.1556371748 0.0275695845 0.8702241182 -0.4918840230 -0.1633432060 0.4893790185 0.8566371202
98.9 -186.2 2883.1 0.9861840010 0.0567287803 0.1556371748 0.0275695845 0.8702241182 -0.4918840230 -0.1633432060 0.4893790185 0.8566371202
86.9 -352.8 2784.4 0.9861139059 0.0614937730 0.1542655379 0.0265444797 0.8586097360 -0.5119421482 -0.1639351398 0.5089281797 0.8450546861
-35.8 -189.8 2905.5 -0.2241784781 -0.4095330238 -0.8843227625 0.5373661518 0.7050599456 -0.4627397358 0.8130077720 -0.5789414048 0.0620099269
38.9 -368.9 2634.6 -0.2870236039 -0.3765645921 -0.8808044791 0.6143442392 0.6331346631 -0.4708733559 0.7349820733 -0.6762689352 0.0496156961
233.6 -182.6 2860.8 0.5451390743 0.6497385502 0.5297765732 -0.8253827691 0.3052659035 0.4749273658 0.1468559057 -0.6961699128 0.7026953697
368.2 -386.3 2897.0 -0.3130331933 0.6497385502 0.6927121282 -0.7271173596 0.3052659035 -0.6149089932 -0.6109914780 -0.6961699128 0.3768778145
-14.7 -519.2 2703.1 0.9894605875 0.1326976120 -0.0579577237 -0.0525311679 -0.0440390259 -0.9976477623 -0.1349378675 0.9901776910 -0.0366041176
-79.3 -497.8 2220.9 0.9894605875 0.0618476234 0.1309298426 -0.0525311679 0.9959141016 -0.0734546185 -0.1349378675 0.0658025518 0.9886666536
162.1 -515.8 2674.7 0.9506142735 -0.3092666566 0.0262039229 0.0193648208 -0.0251635108 -0.9994957447 0.3097701073 0.9506424069 -0.0179319009
305.9 -504.1 2232.7 0.9506142735 -0.0506692380 -0.3062109351 0.0193648208 0.9943448305 -0.1044189408 0.3097701073 0.0933324173 0.9462196231
111.6 -524.5 2448.4 0 0 0 0 0 0 0 0 0
288.7 -570.9 2741.9 0 0 0 0 0 0 0 0 0
-102.4 -869.5 2196.4 0 0 0 0 0 0 0 0 0
324.8 -875.2 2197.9 0 0 0 0 0 0 0 0 0
108.9 -13.6 2980.4 24 0.9886662364 0.0550575554 0.1396699697 0.0224968288 0.8654904366 -0.5004199743 -0.1484349221 0.4978904724 0.8544425964
97.9 -186.1 2881.2 0.9886662364 0.0550575554 0.1396699697 0.0224968288 0.8654904366 -0.5004199743 -0.1484349221 0.4978904724 0.8544425964
86.4 -351.3 2780.0 0.9886292815 0.0595298000 0.1380883604 0.0219424926 0.8513634205 -0.5241172314 -0.1487639695 0.5211876035 0.8403765559
-37.1 -189.1 2901.5 -0.2328089029 -0.3914200366 -0.8902754188 0.5462273955 0.7047686577 -0.4526994228 0.8046338558 -0.5916852951 0.0497279540
40.8 -371.9 2632.2 -0.2848892212 -0.3584930897 -0.8889999390 0.6279343963 0.6309335232 -0.4556547701 0.7242489457 -0.6880447268 0.0453639738
233.0 -183.1 2860.9 0.5373746157 0.6621627808 0.5222729445 -0.8309707046 0.3100444674 0.4619091749 0.1439312398 -0.6822117567 0.7168478966
365.6 -388.3 2896.4 -0.3085226119 0.6621627808 0.6829013824 -0.7168560624 0.3100444674 -0.6244916320 -0.6252449155 -0.6822117567 0.3790196478
-13.3 -521.9 2700.2 0.9889886975 0.1382539570 -0.0527934283 -0.0465378501 -0.0480973534 -0.9977579117 -0.1404832006 0.9892282486 -0.0411336981
-80.5 -498.5 2219.9 0.9889886975 0.0562748387 0.1368738264 -0.0465378501 0.9962214231 -0.0733287632 -0.1404832006 0.0661515072 0.9878706336
163.3 -517.1 2670.9 0.9508319497 -0.3087322414 0.0245564021 0.0167381819 -0.0279470999 -0.9994692802 0.3092546761 0.9507383108 -0.0214053784
306.3 -504.2 2230.5 0.9508319497 -0.0436618552 -0.3066141903 0.0167381819 0.9958103895 -0.0898971111 0.3092546761 0.0803448856 0.9475791454
113.0 -531.1 2448.6 0 0 0 0 0 0 0 0 0
287.3 -570.2 2737.7 0 0 0 0 0 0 0 0 0
-101.5 -870.4 2195.3 0 0 0 0 0 0 0 0 0
322.6 -875.8 2200.5 0 0 0 0 0 0 0 0 0
109.0 -13.3 2980.7 25 0.9900184870 0.0622754693 0.1264325827 0.0104048727 0.8623378873 -0.5062263608 -0.1405530870 0.5024889708 0.8530824184
96.6 -185.3 2880.5 0.9900184870 0.0622754693 0.1264325827 0.0104048727 0.8623378873 -0.5062263608 -0.1405530870 0.5024889708 0.8530824184
83.9 -349.8 2778.2 0.9900385737 0.0655388013 0.1246123165 0.0106742494 0.8475688100 -0.5305780768 -0.1403909624 0.5266229510 0.8384262919
-38.7 -186.8 2899.6 -0.2215866297 -0.3741586208 -0.9005024433 0.5641899705 0.7040100098 -0.4313462675 0.7953546643 -0.6036350727 0.0550973490
34.2 -372.2 2638.3 -0.2995460629 -0.3434541225 -0.8901187778 0.6188170910 0.6401628852 -0.4552547634 0.7261801362 -0.6871904731 0.0207769871
231.8 -183.9 2861.3 0.5259468555 0.6716331840 0.5218129754 -0.8383156061 0.3058181703 0.4513337612 0.1435508430 -0.6748214960 0.7238847017
361.7 -390.8 2896.7 -0.3119738102 0.6716331840 0.6719979048 -0.7094073296 0.3058181703 -0.6349932551 -0.6319917440 -0.6748214960 0.3810542524
-13.7 -518.5 2692.2 0.9887733459 0.1406739205 -0.0503798462 -0.0448858105 -0.0419605933 -0.9981104732 -0.1425220966 0.9891663790 -0.0351752527
-80.8 -498.5 2220.2 0.9887733459 0.0545010939 0.1391291320 -0.0448858105 0.9964417219 -0.0713385642 -0.1425220966 0.0642927438 0.9877012968
163.4 -514.6 2665.5 0.9497008324 -0.3124461472 0.0211121868 0.0142574469 -0.0242075119 -0.9996052980 0.3128339052 0.9496269822 -0.0185352098
306.4 -503.5 2231.0 0.9497008324 -0.0429937504 -0.3101932704 0.0142574469 0.9954398274 -0.0943198577 0.3128339052 0.0851530805 0.9459830523
110.2 -529.1 2454.1 0 0 0 0 0 0 0 0 0
282.5 -570.9 2736.3 0 0 0 0 0 0 0 0 0
-101.2 -870.5 2196.2 0 0 0 0 0 0 0 0 0
322.4 -875.1 2199.2 0 0 0 0 0 0 0 0 0
110.9 -9.1 2979.8 26 0.9865700006 0.0624860115 0.1509143561 0.0220828038 0.8644251227 -0.5022763610 -0.1618394107 0.4988633990 0.8514360189
98.4 -181.4 2880.4 0.9865700006 0.0624860115 0.1509143561 0.0220828038 0.8644251227 -0.5022763610 -0.1618394107 0.4988633990 0.8514360189
85.6 -345.6 2777.7 0.9866847992 0.0660213903 0.1486415416 0.0236107409 0.8460825086 -0.5325288177 -0.1609212905 0.5289475918 0.8332579136
-36.3 -184.6 2902.4 -0.2016314864 -0.3929483294 -0.8971824646 0.5734337568 0.6952410936 -0.4333746433 0.7940519452 -0.6018566489 0.0851473287
29.8 -372.7 2641.9 -0.3027129769 -0.3686750531 -0.8788876534 0.5950286388 0.6472510099 -0.4764524996 0.7445170879 -0.6671917439 0.0234409384
233.2 -178.2 2858.4 0.5390770435 0.6535704732 0.5312641263 -0.8323559761 0.3169647455 0.4546612799 0.1287611872 -0.6872982979 0.7148717046
366.3 -383.6 2890.2 -0.3163032532 0.6535704732 0.6876029968 -0.7105987072 0.3169647455 -0.6281582713 -0.6284915805 -0.6872982979 0.3641693592
-17.5 -515.3 2688.6 0.9897347093 0.1349639744 -0.0470094420 -0.0426031090 -0.0353543796 -0.9984663725 -0.1364189684 0.9902195930 -0.0292415712
-81.2 -498.6 2221.4 0.9897347093 0.0520550869 0.1330993176 -0.0426031090 0.9964286685 -0.0729034767 -0.1364189684 0.0664846525 0.9884177446
159.9 -513.4 2663.4 0.9469899535 -0.3201465011 0.0267632455 0.0209831949 -0.0214910898 -0.9995487928 0.3205772042 0.9471242428 -0.0136341499
307.0 -503.5 2228.1 0.9469899535 -0.0419879034 -0.3185075521 0.0209831949 0.9973893762 -0.0690954179 0.3205772042 0.0587493628 0.9453987479
106.6 -523.6 2453.0 0 0 0 0 0 0 0 0 0
286.0 -564.0 2730.7 0 0 0 0 0 0 0 0 0
-100.6 -870.6 2196.6 0 0 0 0 0 0 0 0 0
322.7 -875.7 2206.2 0 0 0 0 0 0 0 0 0
111.1 -10.1 2980.4 27 0.9904688597 0.0579758063 0.1249407455 0.0144699318 0.8582811952 -0.5129756331 -0.1369744688 0.5098943114 0.8492619395
99.6 -180.7 2879.0 0.9904688597 0.0579758063 0.1249407455 0.0144699318 0.8582811952 -0.5129756331 -0.1369744688 0.5098943114 0.8492619395
88.3 -343.9 2774.5 0.9906734824 0.0586675182 0.1229804829 0.0174494609 0.8405036926 -0.5415248275 -0.1351354569 0.5386201739 0.8316409588
-35.7 -183.1 2897.5 -0.1928274035 -0.3706158996 -0.9085490704 0.5847536325 0.7001439333 -0.4097092748 0.7879598737 -0.6102805138 0.0817120597
26.8 -372.6 2642.1 -0.3097853959 -0.3494440317 -0.8842634559 0.5885970592 0.6599067450 -0.4669866860 0.7467171550 -0.6651405692 0.0012522599
234.9 -178.3 2860.6 0.5292460322 0.6735301614 0.5159997344 -0.8377332687 0.3183742762 0.4436674714 0.1345423758 -0.6670793891 0.7327369452
365.6 -385.1 2893.8 -0.3051410913 0.6735301614 0.6732354760 -0.7022306323 0.3183742762 -0.6367966533 -0.6432426572 -0.6670793891 0.3758244514
-15.6 -512.0 2689.4 0.9893067479 0.1362266988 -0.0521000735 -0.0490688942 -0.0255173016 -0.9984694123 -0.1373476386 0.9903489947 -0.0185599457
-80.1 -499.9 2220.5 0.9893067479 0.0584800616 0.1336121708 -0.0490688942 0.9961476922 -0.0726774260 -0.1373476386 0.0653440729 0.9883652329
161.2 -507.7 2660.6 0.9481732249 -0.3166327775 0.0266682543 0.0260344949 -0.0062327283 -0.9996415973 0.3166855276 0.9485276937 0.0023336683
305.1 -504.9 2229.4 0.9481732249 -0.0533387437 -0.3132450879 0.0260344949 0.9955366850 -0.0907132030 0.3166855276 0.0778566524 0.9453299046
105.5 -522.0 2452.6 0 0 0 0 0 0 0 0 0
288.1 -563.4 2730.5 0 0 0 0 0 0 0 0 0
-101.9 -871.7 2196.1 0 0 0 0 0 0 0 0 0
325.0 -876.4 2200.3 0 0 0 0 0 0 0 0 0
110.6 -12.1 2979.7 28 0.9882501960 0.0455048941 0.1459137201 0.0343121290 0.8642372489 -0.5019130111 -0.1489435732 0.5010222197 0.8525213003
101.5 -184.0 2880.0 0.9882501960 0.0455048941 0.1459137201 0.0343121290 0.8642372489 -0.5019130111 -0.1489435732 0.5010222197 0.8525213003
92.1 -348.4 2777.2 0.9883254170 0.0488300733 0.1443208307 0.0356760137 0.8467434049 -0.5308039188 -0.1481219083 0.5297557712 0.8351159692
-33.5 -188.9 2900.2 -0.2100436240 -0.3995432854 -0.8923266530 0.5486219525 0.7072838545 -0.4458289742 0.8092561960 -0.5831935406 0.0706377402
36.7 -372.1 2630.0 -0.2661429048 -0.3709982038 -0.8896787763 0.6219935417 0.6390114427 -0.4525355399 0.7364047766 -0.6738135815 0.0606901236
236.5 -179.2 2859.8 0.5475213528 0.6585098505 0.5163188577 -0.8257254362 0.3251560926 0.4609241188 0.1356388628 -0.6787033677 0.7217782140
371.6 -383.0 2893.2 -0.2992770374 0.6585098505 0.6905056238 -0.7143236995 0.3251560926 -0.6196895838 -0.6325938106 -0.6787033677 0.3730774224
-11.8 -508.6 2682.1 0.9877892733 0.1440318674 -0.0593902990 -0.0571599826 -0.0195774827 -0.9981730580 -0.1449314505 0.9893793464 -0.0111055681
-79.0 -499.4 2220.3 0.9877892733 0.0643746406 0.1418742239 -0.0571599826 0.9968841076 -0.0543582588 -0.1449314505 0.0455849767 0.9883910418
165.6 -505.5 2657.9 0.9497720003 -0.3123764992 0.0188159104 0.0199854206 0.0005424295 -0.9998001456 0.3123038709 0.9499582052 0.0067581600
307.1 -505.7 2227.7 0.9497720003 -0.0438342988 -0.3098575175 0.0199854206 0.9966162443 -0.0797282085 0.3123038709 0.0695309862 0.9474343061
104.1 -529.7 2443.4 0 0 0 0 0 0 0 0 0
295.7 -564.3 2732.7 0 0 0 0 0 0 0 0 0
-103.1 -871.5 2203.3 0 0 0 0 0 0 0 0 0
323.4 -877.6 2201.7 0 0 0 0 0 0 0 0 0
110.6 -12.9 2979.3 29 0.9892243743 0.0343237147 0.1423271447 0.0408789590 0.8687146306 -0.4936231375 -0.1405846477 0.4941222370 0.8579505682
103.7 -187.0 2880.3 0.9892243743 0.0343237147 0.1423271447 0.0408789590 0.8687146306 -0.4936231375 -0.1405846477 0.4941222370 0.8579505682
96.4 -352.3 2778.8 0.9892742634 0.0377349667 0.1411118507 0.0420693122 0.8515176177 -0.5226355791 -0.1398808509 0.5229663849 0.8407969475
-31.4 -192.8 2899.4 -0.2244051695 -0.4053853154 -0.8861743808 0.5295181870 0.7126786709 -0.4601081908 0.8180786967 -0.5724961162 0.0547301248
38.9 -358.7 2643.0 -0.2406068295 -0.3765742183 -0.8945950270 0.6382996440 0.6329540610 -0.4381127059 0.7312194705 -0.6764325500 0.0880741179
238.8 -181.3 2861.1 0.5526204705 0.6618885994 0.5064722300 -0.8202787042 0.3244063854 0.4710661471 0.1474905014 -0.6757691503 0.7222067714
375.2 -383.8 2897.6 -0.2884210944 0.6618885994 0.6918935776 -0.7218860984 0.3244063854 -0.6112617254 -0.6290419102 -0.6757691503 0.3842425644
-5.9 -515.9 2687.6 0.9861844778 0.1560423970 -0.0555961169 -0.0511796214 -0.0321827456 -0.9981707931 -0.1575461924 0.9872259498 -0.0237519350
-80.0 -500.6 2218.8 0.9861844778 0.0596588813 0.1545347124 -0.0511796214 0.9969874024 -0.0582820885 -0.1575461924 0.0495678633 0.9862667918
171.1 -509.5 2661.1 0.9544233084 -0.2977484763 0.0205412135 0.0193369109 -0.0069900323 -0.9997885823 0.2978291214 0.9546187520 -0.0009139137
305.6 -506.4 2230.1 0.9544233084 -0.0457736291 -0.2949252129 0.0193369109 0.9955767393 -0.0919404700 0.2978291214 0.0820471868 0.9510867596
99.9 -520.5 2457.6 0 0 0 0 0 0 0 0 0
302.0 -567.0 2737.9 0 0 0 0 0 0 0 0 0
-102.3 -872.7 2200.3 0 0 0 0 0 0 0 0 0
322.6 -877.9 2199.5 0 0 0 0 0 0 0 0 0
110.3 -14.2 2978.6 30 0.9894025326 0.0497866645 0.1363963038 0.0252117217 0.8662011623 -0.4990590513 -0.1429931223 0.4972090721 0.8557664156
100.4 -187.2 2879.3 0.9894025326 0.0497866645 0.1363963038 0.0252117217 0.8662011623 -0.4990590513 -0.1429931223 0.4972090721 0.8557664156
89.6 -352.0 2777.3 0.9893553257 0.0552450344 0.1346254945 0.0244411640 0.8489079475 -0.5279753208 -0.1434526592 0.5256456137 0.8385213017
-34.8 -190.6 2898.9 -0.2470657527 -0.3916306496 -0.8863317370 0.5237652659 0.7155811191 -0.4621835649 0.8152474761 -0.5784195065 0.0283269417
41.2 -351.7 2648.2 -0.2301681042 -0.3660350740 -0.9016878605 0.6394014359 0.6416117549 -0.4236745834 0.7336133122 -0.6740568280 0.0863647684
235.5 -183.9 2859.7 0.5380572081 0.6652723551 0.5175974369 -0.8307275772 0.3145137727 0.4593177140 0.1427798271 -0.6771216989 0.7218865156
368.3 -389.0 2894.9 -0.3039407432 0.6652723551 0.6819331050 -0.7142928839 0.3145137727 -0.6251933575 -0.6304011941 -0.6771216989 0.3796057701
0.5 -521.3 2689.8 0.9840718508 0.1727741361 -0.0418528318 -0.0348885283 -0.0431518629 -0.9984591603 -0.1743139625 0.9840157628 -0.0364366993
-82.4 -500.7 2218.0 0.9840718508 0.0458011664 0.1717696637 -0.0348885283 0.9972080588 -0.0660214201 -0.1743139625 0.0589770265 0.9829223752
177.7 -513.8 2664.7 0.9591055512 -0.2818303406 0.0262334030 0.0219181702 -0.0184536353 -0.9995894432 0.2821987271 0.9592868090 -0.0115217790
305.8 -505.4 2228.5 0.9591055512 -0.0441221856 -0.2795885503 0.0219181702 0.9963869452 -0.0820524693 0.2821987271 0.0725689083 0.9566073418
99.6 -513.9 2462.1 0 0 0 0 0 0 0 0 0
291.2 -570.2 2735.0 0 0 0 0 0 0 0 0 0
-99.5 -872.9 2196.0 0 0 0 0 0 0 0 0 0
322.3 -877.3 2201.5 0 0 0 0 0 0 0 0 0
110.8 -15.4 2978.3 31 0.9912567735 0.0597011782 0.1176680326 0.0084343506 0.8612895012 -0.5080446005 -0.1316770911 0.5045951009 0.8532555103
98.9 -187.3 2877.6 0.9912567735 0.0597011782 0.1176680326 0.0084343506 0.8612895012 -0.5080446005 -0.1316770911 0.5045951009 0.8532555103
86.5 -351.1 2774.3 0.9912297726 0.0639311075 0.1156560332 0.0080619939 0.8443055153 -0.5358014703 -0.1319034100 0.5320348144 0.8363853693
-36.5 -188.4 2895.7 -0.2577264905 -0.3681500852 -0.8933323026 0.5324925780 0.7173691988 -0.4492583573 0.8062435985 -0.5914785862 0.0111521259
46.9 -360.6 2634.8 -0.2381130159 -0.3443160653 -0.9081567526 0.6351166964 0.6522210240 -0.4138049185 0.7347986102 -0.6753178239 0.0633785576
234.3 -186.2 2859.6 0.5218151808 0.6784561276 0.5171132684 -0.8409563899 0.3073772788 0.4453218281 0.1431824416 -0.6672454476 0.7309461832
363.1 -393.8 2894.9 -0.3089448512 0.6784561276 0.6665210724 -0.7046638727 0.3073772788 -0.6395061016 -0.6387502551 -0.6672454476 0.3831208944
-9.7 -518.9 2688.1 0.9871100187 0.1553782672 -0.0383595079 -0.0327092372 -0.0387603939 -0.9987130165 -0.1566651314 0.9870943427 -0.0331784673
-83.5 -500.5 2219.4 0.9871100187 0.0443143547 0.1537858695 -0.0327092372 0.9964796901 -0.0771900564 -0.1566651314 0.0711648539 0.9850845933
167.5 -514.5 2662.4 0.9524067044 -0.3036148548 0.0271941163 0.0229492690 -0.0175410807 -0.9995827079 0.3039651811 0.9526333809 -0.0097385040
304.8 -506.6 2231.6 0.9524067044 -0.0517121777 -0.3004119694 0.0229492690 0.9948725700 -0.0984980464 0.3039651811 0.0869159624 0.9487100840
107.3 -521.8 2448.4 0 0 0 0 0 0 0 0 0
284.7 -572.6 2732.8 0 0 0 0 0 0 0 0 0
-100.0 -872.5 2192.8 0 0 0 0 0 0 0 0 0
324.1 -877.9 2199.2 0 0 0 0 0 0 0 0 0
110.1 -14.9 2979.6 32 0.9894074202 0.0636869520 0.1304487586 0.0121438317 0.8591609597 -0.5115613341 -0.1446562558 0.5077267289 0.8492868543
97.4 -186.5 2878.2 0.9894074202 0.0636869520 0.1304487586 0.0121438317 0.8591609597 -0.5115613341 -0.1446562558 0.5077267289 0.8492868543
84.2 -350.0 2774.3 0.9893952012 0.0680812895 0.1283047944 0.0119854314 0.8420659304 -0.5392414331 -0.1447533518 0.5350606441 0.8323199749
-37.7 -188.2 2898.0 -0.2725124061 -0.3754879236 -0.8858587742 0.5251843929 0.7133967876 -0.4639465511 0.8061751127 -0.5916703939 0.0027909116
53.9 -364.8 2626.9 -0.2204283774 -0.3514828086 -0.9098742604 0.6534945965 0.6392939687 -0.4052753150 0.7241244316 -0.6839320660 0.0887735784
232.6 -184.9 2858.4 0.5263699889 0.6686633825 0.5251893997 -0.8398646712 0.3126196265 0.4437299669 0.1325214803 -0.6746541858 0.7261403203
