-29.5 87.2 2891.7 7 0.9984824657 -0.0519483387 -0.0182805788 0.0458584353 0.9681060314 -0.2463081777 0.0304928385 0.2450960726 0.9690191746
-18.8 -113.6 2840.9 0.9984824657 -0.0519483387 -0.0182805788 0.0458584353 0.9681060314 -0.2463081777 0.0304928385 0.2450960726 0.9690191746
-10.2 -301.5 2786.7 0.9988968968 -0.0438826494 -0.0167123917 0.0375201926 0.9598891139 -0.2778580785 0.0282351915 0.2769245207 0.9604767561
-161.1 -119.0 2836.9 -0.0302519873 -0.7101259232 -0.7034244537 0.6549896598 0.5175106525 -0.5506098866 0.7550320625 -0.4773927927 0.4494694173
-152.6 -302.1 2625.7 -0.1821590364 -0.7097601891 -0.6804841161 0.5223858356 0.5164586902 -0.6785156727 0.8330252767 -0.4790729880 0.2766910195
123.6 -108.2 2844.9 0.0050834166 0.5342097878 0.8453366756 -0.7335776687 0.5764865279 -0.3598988056 -0.6795866489 -0.6182905436 0.3948148787
124.8 -287.6 2678.7 -0.4844563603 0.5342097878 0.6927639842 -0.3906047940 0.5764865279 -0.7176985741 -0.7827706933 -0.6182905436 -0.0706176460
-90.8 -487.6 2725.6 0.9492164850 0.2952036560 -0.1088249832 -0.1422431171 0.0941361263 -0.9853452444 -0.2806331813 0.9507855773 0.1313462555
-206.3 -524.4 2353.5 0.9492164850 0.2757085264 0.1515681148 -0.1422431171 0.8057643771 -0.5749005675 -0.2806331813 0.5241455436 0.8040624857
89.7 -480.1 2728.9 0.9991640449 -0.0373640135 -0.0165869072 -0.0197887383 -0.0870214924 -0.9960098863 0.0357715115 0.9955055118 -0.0876881331
108.6 -436.0 2225.2 0.9991640449 0.0140419370 -0.0383929573 -0.0197887383 0.9879240990 -0.1536695361 0.0357715115 0.1543008238 0.9873761535
-105.9 -436.2 2411.9 0 0 0 0 0 0 0 0 0
0.8 -387.6 2478.3 0 0 0 0 0 0 0 0 0
-310.2 -827.9 2156.1 0 0 0 0 0 0 0 0 0
103.3 -808.1 2167.1 0 0 0 0 0 0 0 0 0
-30.2 88.4 2889.0 8 0.9985189438 -0.0541341640 0.0054220315 0.0539420396 0.9721188545 -0.2281999588 0.0070825550 0.2281544656 0.9735991955
-19.0 -112.0 2842.0 0.9985189438 -0.0541341640 0.0054220315 0.0539420396 0.9721188545 -0.2281999588 0.0070825550 0.2281544656 0.9735991955
-10.0 -300.8 2791.0 0.9989038110 -0.0462682731 0.0070983996 0.0465188771 0.9643438458 -0.2605320811 0.0052090711 0.2605766952 0.9654390812
-161.3 -118.6 2841.2 -0.0451199114 -0.7252939343 -0.6869592071 0.6417301297 0.5059667230 -0.5763506889 0.7656021118 -0.4668473005 0.4426137805
-148.3 -303.7 2620.5 -0.1744894236 -0.7237798572 -0.6676048040 0.5319066048 0.5012847185 -0.6824873686 0.8286306858 -0.4741902351 0.2975144088
123.3 -105.4 2842.7 -0.0073003345 0.5229838490 0.8523113132 -0.7318045497 0.5780660510 -0.3609732985 -0.6814754605 -0.6263605356 0.3785018921
121.4 -291.3 2669.6 -0.4967752099 0.5229838490 0.6926054358 -0.3904208541 0.5780660510 -0.7165271640 -0.7751038074 -0.6263605356 -0.0829850733
-91.9 -492.7 2730.0 0.9513464570 0.2946161032 -0.0902291760 -0.1225620806 0.0931565836 -0.9880791306 -0.2826985717 0.9510642290 0.1247329488
-207.3 -529.2 2357.6 0.9513464570 0.2671272457 0.1535675228 -0.1225620806 0.7853394747 -0.6068117023 -0.2826985717 0.5584665537 0.7798696160
88.6 -485.9 2735.1 0.9989607930 -0.0389691480 -0.0236388445 -0.0273343809 -0.0972037464 -0.9948890805 0.0364721939 0.9945012927 -0.0981679335
108.5 -436.3 2227.1 0.9989607930 0.0208271481 -0.0405415744 -0.0273343809 0.9855378270 -0.1672365516 0.0364721939 0.1681709290 0.9850829244
-103.5 -440.2 2407.8 0 0 0 0 0 0 0 0 0
-5.8 -391.2 2471.2 0 0 0 0 0 0 0 0 0
-307.8 -824.8 2147.4 0 0 0 0 0 0 0 0 0
100.7 -807.4 2163.8 0 0 0 0 0 0 0 0 0
-29.0 91.2 2889.6 9 0.9975302815 -0.0701813251 -0.0028098053 0.0677903667 0.9724719524 -0.2229412496 0.0183787681 0.2222001702 0.9748278260
-14.5 -108.9 2843.9 0.9975302815 -0.0701813251 -0.0028098053 0.0677903667 0.9724719524 -0.2229412496 0.0183787681 0.2222001702 0.9748278260
-1.8 -297.9 2794.3 0.9978817701 -0.0650502294 -0.0006416281 0.0627541095 0.9651643038 -0.2540075183 0.0171425231 0.2534292042 0.9672020078
-156.7 -117.9 2841.5 -0.0362518243 -0.7287431955 -0.6838268638 0.6436434984 0.5064242482 -0.5738096833 0.7644664049 -0.4609423578 0.4506919980
-146.3 -301.8 2623.0 -0.1433925182 -0.7295917273 -0.6686811447 0.5381268263 0.5095708966 -0.6713843942 0.8305770159 -0.4561067522 0.3195442259
127.6 -100.0 2846.3 -0.0186856929 0.5231382847 0.8520429134 -0.7368503213 0.5688043237 -0.3653945923 -0.6757976413 -0.6346557736 0.3748461008
122.7 -292.3 2669.9 -0.5114508867 0.5231382847 0.6817215681 -0.3861480355 0.5688043237 -0.7261895537 -0.7676637769 -0.6346557736 -0.0889066905
-91.1 -493.8 2739.5 0.9514275789 0.2759033740 -0.1366124004 -0.1572695076 0.0540791042 -0.9860739112 -0.2646732330 0.9596628547 0.0948435366
-199.1 -514.9 2364.0 0.9514275789 0.2815920413 0.1244650036 -0.1572695076 0.7920750976 -0.5898163915 -0.2646732330 0.5415930152 0.7978878617
89.4 -485.4 2740.4 0.9991552234 -0.0363526605 -0.0191667993 -0.0226406641 -0.0976917073 -0.9949591756 0.0342969745 0.9945525527 -0.0984322280
108.0 -435.2 2229.7 0.9991552234 0.0160115119 -0.0378485620 -0.0226406641 0.9830740094 -0.1818044037 0.0342969745 0.1825077236 0.9826060534
-109.5 -439.9 2409.8 0 0 0 0 0 0 0 0 0
-8.2 -391.2 2473.4 0 0 0 0 0 0 0 0 0
-305.1 -813.1 2160.2 0 0 0 0 0 0 0 0 0
102.0 -805.4 2161.0 0 0 0 0 0 0 0 0 0
-29.4 94.4 2888.0 0 0.9971515536 -0.0752153397 -0.0056058289 0.0726237670 0.9775396585 -0.1978434920 0.0203607865 0.1968728155 0.9802175760
-13.9 -106.9 2847.4 0.9971515536 -0.0752153397 -0.0056058289 0.0726237670 0.9775396585 -0.1978434920 0.0203607865 0.1968728155 0.9802175760
-0.1 -296.7 2801.6 0.9975042939 -0.0705491751 -0.0028230958 0.0679116324 0.9696161747 -0.2350158691 0.0193174947 0.2342376262 0.9719874263
-156.1 -116.6 2844.7 -0.0335641392 -0.7303043604 -0.6822968125 0.6426502466 0.5070650578 -0.5743567944 0.7654241323 -0.4577560127 0.4523110688
-146.5 -300.7 2625.4 -0.1446691751 -0.7328414917 -0.6648414731 0.5189914703 0.5158678293 -0.6815630794 0.8424479961 -0.4436482489 0.3057083189
128.2 -97.2 2850.2 -0.0077692186 0.4833954871 0.8753675818 -0.7304400802 0.5951097608 -0.3351144195 -0.6829326153 -0.6420071721 0.3484678864
126.1 -291.0 2669.0 -0.5290511847 0.4833954871 0.6974479556 -0.3856995404 0.5951097608 -0.7050392032 -0.7558708191 -0.6420071721 -0.1283980906
-79.2 -492.5 2743.2 0.9460560083 0.2997462451 -0.1230050251 -0.1426251233 0.0443920717 -0.9887807965 -0.2909228802 0.9529855847 0.0847487301
-196.5 -509.9 2370.2 0.9460560083 0.2885507047 0.1473653167 -0.1426251233 0.7792722583 -0.6102399826 -0.2909228802 0.5563032031 0.7783898115
101.1 -481.2 2746.2 0.9998580813 -0.0105632665 -0.0131259225 -0.0140358089 -0.0912559181 -0.9957285523 0.0093203280 0.9957714677 -0.0913912281
106.6 -434.1 2232.1 0.9998580813 0.0119775804 -0.0118494732 -0.0140358089 0.9811876416 -0.1925454885 0.0093203280 0.1926844716 0.9812164903
-109.3 -433.9 2409.2 0 0 0 0 0 0 0 0 0
-9.3 -389.7 2475.5 0 0 0 0 0 0 0 0 0
-305.2 -803.3 2160.8 0 0 0 0 0 0 0 0 0
102.0 -803.6 2159.5 0 0 0 0 0 0 0 0 0
-27.6 92.7 2898.6 1 0.9978484511 -0.0611365587 0.0236799736 0.0649760738 0.9703616500 -0.2327581793 -0.0087481048 0.2337960154 0.9722462893
-15.1 -106.5 2850.6 0.9978484511 -0.0611365587 0.0236799736 0.0649760738 0.9703616500 -0.2327581793 -0.0087481048 0.2337960154 0.9722462893
-4.0 -294.7 2798.3 0.9980458021 -0.0569339320 0.0257511511 0.0617470518 0.9618128538 -0.2666521370 -0.0095862327 0.2677210867 0.9634487629
-157.2 -115.4 2852.0 -0.0375383981 -0.7398794889 -0.6716912985 0.6394959688 0.4987180531 -0.5850856304 0.7678774595 -0.4515070617 0.4544288814
-146.4 -300.3 2629.9 -0.1472175866 -0.7445377707 -0.6511455774 0.4968439341 0.5135720968 -0.6995639801 0.8552619815 -0.4265058339 0.2943122089
127.1 -97.6 2849.2 -0.0155824646 0.5063414574 0.8621922731 -0.7362176776 0.5776609778 -0.3525498509 -0.6765654087 -0.6402547956 0.3637761176
123.1 -285.1 2676.9 -0.4992612898 0.5063414574 0.7031049132 -0.4089940786 0.5776609778 -0.7064217329 -0.7638468742 -0.6402547956 -0.0813130960
-76.5 -492.7 2754.0 0.9460403323 0.3019485772 -0.1176212355 -0.1274144351 0.0128712216 -0.9917660356 -0.2979483902 0.9532372952 0.0506493002
-194.6 -497.8 2380.9 0.9460403323 0.2794880867 0.1639941931 -0.1274144351 0.7861431837 -0.6047681570 -0.2979483902 0.5512397885 0.7793339491
103.8 -480.4 2757.5 0.9998466372 -0.0069982852 -0.0160536207 -0.0166074876 -0.0879954323 -0.9959824085 0.0055575236 0.9960963130 -0.0880981684
107.6 -433.6 2227.6 0.9998466372 0.0154907303 -0.0081689656 -0.0166074876 0.9867202044 -0.1615778953 0.0055575236 0.1616887897 0.9868261218
-108.6 -427.8 2410.4 0 0 0 0 0 0 0 0 0
-4.6 -389.8 2481.4 0 0 0 0 0 0 0 0 0
-299.9 -793.8 2173.4 0 0 0 0 0 0 0 0 0
101.7 -805.1 2166.7 0 0 0 0 0 0 0 0 0
-25.9 84.2 2913.9 2 0.9984897971 -0.0537622534 -0.0113040563 0.0481219031 0.9551621079 -0.2921465635 0.0265036635 0.2911613882 0.9563067555
-14.9 -110.7 2854.6 0.9984897971 -0.0537622534 -0.0113040563 0.0481219031 0.9551621079 -0.2921465635 0.0265036635 0.2911613882 0.9563067555
-5.2 -296.0 2793.0 0.9987608194 -0.0487464294 -0.0100331800 0.0430906489 0.9478668571 -0.3157398105 0.0249013081 0.3149162233 0.9487927556
-157.1 -116.7 2851.1 -0.0347002149 -0.7148061395 -0.6984612346 0.6473702788 0.5163625479 -0.5606080890 0.7613853216 -0.4716162682 0.4448263645
-147.4 -297.3 2638.7 -0.1709589809 -0.7229787111 -0.6693839431 0.4696762264 0.5374275446 -0.7004112005 0.8661277294 -0.4341353178 0.2476878464
127.3 -104.6 2858.0 0.0043576909 0.4843974411 0.8748372197 -0.7161883116 0.6120665669 -0.3353339136 -0.6978935003 -0.6250868440 0.3495869935
128.4 -282.7 2684.5 -0.4850208163 0.4843974411 0.7280892134 -0.4067611396 0.6120665669 -0.6781738997 -0.7741448283 -0.6250868440 -0.0998309627
-83.1 -488.6 2746.8 0.9488794804 0.2917538583 -0.1204467788 -0.1397868544 0.0462962724 -0.9890987277 -0.2829971313 0.9553723335 0.0847129375
-197.3 -506.7 2373.0 0.9488794804 0.2793133259 0.1470095068 -0.1397868544 0.7894551754 -0.5976789594 -0.2829971313 0.5465753078 0.7881421447
97.2 -477.3 2745.0 0.9996280074 -0.0204940643 -0.0179967899 -0.0196403172 -0.0830417946 -0.9963524938 0.0189248268 0.9963353276 -0.0834134147
107.9 -434.2 2227.6 0.9996280074 0.0163299218 -0.0218454748 -0.0196403172 0.9867402911 -0.1611143202 0.0189248268 0.1614834368 0.9866939783
-103.6 -417.8 2416.5 0 0 0 0 0 0 0 0 0
4.2 -386.8 2486.4 0 0 0 0 0 0 0 0 0
-302.5 -804.0 2167.1 0 0 0 0 0 0 0 0 0
101.7 -805.8 2166.8 0 0 0 0 0 0 0 0 0
-27.6 90.6 2911.1 3 0.9983764887 -0.0548949428 0.0151952831 0.0569592081 0.9622664452 -0.2660806775 -0.0000154267 0.2665142119 0.9638310075
-16.4 -106.4 2856.6 0.9983764887 -0.0548949428 0.0151952831 0.0569592081 0.9622664452 -0.2660806775 -0.0000154267 0.2665142119 0.9638310075
-7.0 -293.1 2798.8 0.9987466931 -0.0471718982 0.0167289861 0.0500083119 0.9542251825 -0.2948787510 -0.0020532289 0.2953457832 0.9553882480
-158.6 -113.4 2856.9 -0.0402897410 -0.7304151058 -0.6818141341 0.6440718770 0.5027021170 -0.5765951276 0.7639032006 -0.4623681903 0.4501861036
-147.0 -298.4 2637.5 -0.1876998693 -0.7366090417 -0.6497506499 0.4624379575 0.5173345804 -0.7200806141 0.8665563464 -0.4356284142 0.2435323447
125.9 -99.3 2856.2 0.0114128366 0.4937375784 0.8695360422 -0.7285720706 0.5997062922 -0.3309609294 -0.6848740578 -0.6297425032 0.3665677607
128.7 -282.6 2684.0 -0.4807776809 0.4937375784 0.7246212959 -0.4151786566 0.5997062922 -0.6840899587 -0.7723208666 -0.6297425032 -0.0833360702
-85.8 -485.2 2729.2 0.9475821853 0.3094214499 -0.0796643794 -0.1204597279 0.1150339246 -0.9860307574 -0.2959349453 0.9439415336 0.1462769210
-206.6 -530.1 2360.6 0.9475821853 0.2739188969 0.1644885689 -0.1204597279 0.7830938697 -0.6101257801 -0.2959349453 0.5583300591 0.7750419974
94.6 -477.5 2733.6 0.9995642304 -0.0253662094 -0.0150978183 -0.0171188898 -0.0814465359 -0.9965307117 0.0240485407 0.9963548779 -0.0818452835
107.6 -435.9 2225.0 0.9995642304 0.0131193670 -0.0264437310 -0.0171188898 0.9874172807 -0.1572069824 0.0240485407 0.1575911492 0.9872115850
-98.8 -417.1 2415.2 0 0 0 0 0 0 0 0 0
5.6 -388.9 2486.2 0 0 0 0 0 0 0 0 0
-309.7 -825.0 2150.3 0 0 0 0 0 0 0 0 0
102.6 -807.8 2165.6 0 0 0 0 0 0 0 0 0
-28.7 92.3 2909.2 4 0.9980123043 -0.0622465797 -0.0098410537 0.0573305078 0.9616162181 -0.2683421075 0.0261666942 0.2672445178 0.9632734060
-15.9 -104.3 2854.5 0.9980123043 -0.0622465797 -0.0098410537 0.0573305078 0.9616162181 -0.2683421075 0.0261666942 0.2672445178 0.9632734060
-4.9 -290.9 2796.4 0.9983925223 -0.0561099052 -0.0080025718 0.0511788912 0.9531662464 -0.2980852425 0.0243533161 0.2971965075 0.9545056820
-158.1 -111.6 2851.1 -0.0326237939 -0.7184354663 -0.6948281527 0.6695395112 0.5004438758 -0.5488831997 0.7420596480 -0.4831215739 0.4646945298
-149.1 -296.5 2646.1 -0.1734039038 -0.7294198871 -0.6617232561 0.4722717702 0.5280220509 -0.7057989240 0.8642282486 -0.4349015057 0.2529233396
126.3 -97.1 2858.0 -0.0096569844 0.5537569523 0.8326223493 -0.7369817495 0.5588335395 -0.3802143633 -0.6758435965 -0.6172991991 0.4027121365
123.8 -282.0 2688.4 -0.4569652677 0.5537569523 0.6960862279 -0.4157793224 0.5588335395 -0.7175183892 -0.7863271236 -0.6172991991 -0.0251268130
-87.9 -484.2 2741.2 0.9511212707 0.2889803052 -0.1088979915 -0.1297341734 0.0538959913 -0.9900829792 -0.2802453041 0.9558167458 0.0887522474
-200.6 -505.3 2368.2 0.9511212707 0.2657103837 0.1573733836 -0.1297341734 0.8062413335 -0.5771862268 -0.2802453041 0.5285573602 0.8013049960
92.6 -475.3 2740.8 0.9994082451 -0.0299817808 -0.0168595798 -0.0190518443 -0.0744049549 -0.9970461130 0.0286387801 0.9967772961 -0.0749321356
108.1 -436.7 2223.3 0.9994082451 0.0145510770 -0.0311675910 -0.0190518443 0.9885982871 -0.1493667066 0.0286387801 0.1498721242 0.9882905483
-104.6 -417.8 2424.3 0 0 0 0 0 0 0 0 0
6.9 -388.4 2487.1 0 0 0 0 0 0 0 0 0
-300.6 -808.7 2169.3 0 0 0 0 0 0 0 0 0
102.6 -809.0 2166.8 0 0 0 0 0 0 0 0 0
-28.6 93.8 2908.7 5 0.9983444810 -0.0574916378 0.0017245647 0.0558827929 0.9624369144 -0.2656920552 0.0136152860 0.2653485537 0.9640564322
-16.9 -103.4 2854.4 0.9983444810 -0.0574916378 0.0017245647 0.0558827929 0.9624369144 -0.2656920552 0.0136152860 0.2653485537 0.9640564322
-7.1 -290.3 2796.8 0.9987553954 -0.0497640707 0.0033388876 0.0485389233 0.9544048309 -0.2945427299 0.0114709949 0.2943382263 0.9556324482
-159.1 -110.3 2852.7 -0.0389727876 -0.7229897976 -0.6897585392 0.6649271250 0.4965030551 -0.5579934120 0.7458907366 -0.4803857207 0.4613854289
-148.1 -298.1 2642.1 -0.1771713793 -0.7335332036 -0.6561549902 0.4704957902 0.5224554539 -0.7111076117 0.8644327521 -0.4347060621 0.2525601387
125.4 -96.5 2856.0 -0.0188150406 0.5693180561 0.8219020367 -0.7401986718 0.5446848273 -0.3942389488 -0.6721249223 -0.6157884002 0.4111602008
120.7 -282.1 2687.5 -0.4577774405 0.5693180561 0.6828739047 -0.4121305645 0.5446848273 -0.7303881049 -0.7877742052 -0.6157884002 -0.0147110568
-84.0 -482.1 2736.1 0.9487819672 0.3017031848 -0.0937440172 -0.1238602772 0.0822474882 -0.9888852239 -0.2906396091 0.9498476386 0.1154039726
-201.9 -514.2 2364.8 0.9487819672 0.2691133618 0.1655014902 -0.1238602772 0.7987608910 -0.5887610912 -0.2906396091 0.5381068587 0.7911823988
96.4 -472.9 2740.4 0.9995751977 -0.0228229687 -0.0181240160 -0.0197197422 -0.0717522129 -0.9972275496 0.0214592535 0.9971613288 -0.0721717924
108.2 -435.7 2223.9 0.9995751977 0.0162864234 -0.0241685789 -0.0197197422 0.9885791540 -0.1494066417 0.0214592535 0.1498197764 0.9884803891
-102.7 -418.9 2420.2 0 0 0 0 0 0 0 0 0
3.5 -387.6 2485.8 0 0 0 0 0 0 0 0 0
-303.2 -815.0 2162.3 0 0 0 0 0 0 0 0 0
102.0 -808.1 2167.5 0 0 0 0 0 0 0 0 0
-28.3 97.4 2897.5 6 0.9980379343 -0.0613416284 -0.0125499116 0.0569212697 0.9724056721 -0.2262457460 0.0260818880 0.2250874639 0.9739894271
-15.7 -102.4 2851.3 0.9980379343 -0.0613416284 -0.0125499116 0.0569212697 0.9724056721 -0.2262457460 0.0260818880 0.2250874639 0.9739894271
-4.9 -291.2 2801.1 0.9984201193 -0.0551654398 -0.0106773125 0.0505655259 0.9649850130 -0.2573851049 0.0245022085 0.2564385533 0.9662499428
-157.9 -109.6 2847.8 -0.0372044742 -0.7174682617 -0.6955969930 0.6743243337 0.4956873655 -0.5473396778 0.7374974489 -0.4894214571 0.4653645158
-147.6 -296.6 2643.2 -0.1604142189 -0.7307612896 -0.6635172963 0.4771489203 0.5310491920 -0.7002254128 0.8640579581 -0.4289226532 0.2634941041
126.6 -95.1 2854.7 -0.0448436178 0.5959196687 0.8017910123 -0.7386065722 0.5206285715 -0.4282594919 -0.6726435423 -0.6114128232 0.4168033004
115.3 -280.4 2686.0 -0.4491817355 0.5959196687 0.6656692624 -0.4150212407 0.5206285715 -0.7461254597 -0.7911973000 -0.6114128232 0.0134624522
-87.5 -481.6 2738.1 0.9509829879 0.2925616205 -0.1001948193 -0.1284450144 0.0789562911 -0.9885685444 -0.2813062072 0.9529814124 0.1126641780
-202.0 -512.5 2365.3 0.9509829879 0.2664377391 0.1569784731 -0.1284450144 0.8020817637 -0.5832381248 -0.2813062072 0.5344864130 0.7969887257
92.9 -472.8 2740.2 0.9994924068 -0.0288592204 -0.0134927491 -0.0155332396 -0.0716913417 -0.9973059297 0.0278141592 0.9970092773 -0.0721032321
107.8 -435.8 2225.2 0.9994924068 0.0110300863 -0.0298872236 -0.0155332396 0.9878068566 -0.1549076736 0.0278141592 0.1552932858 0.9874767661
-106.4 -419.1 2421.4 0 0 0 0 0 0 0 0 0
0.3 -386.7 2483.4 0 0 0 0 0 0 0 0 0
-302.3 -814.5 2164.0 0 0 0 0 0 0 0 0 0
103.7 -807.8 2166.8 0 0 0 0 0 0 0 0 0
-28.2 98.8 2891.9 7 0.9973831773 -0.0718580484 -0.0079490952 0.0686304718 0.9756364822 -0.2083826363 0.0227293968 0.2072917819 0.9780150652
-13.4 -101.6 2849.3 0.9973831773 -0.0718580484 -0.0079490952 0.0686304718 0.9756364822 -0.2083826363 0.0227293968 0.2072917819 0.9780150652
-0.1 -291.1 2801.9 0.9976772070 -0.0678990558 -0.0054664747 0.0645415634 0.9679000378 -0.2429072559 0.0217841733 0.2419902235 0.9700341225
-155.6 -110.8 2846.2 -0.0282960869 -0.7259631753 -0.6871511936 0.6711728573 0.4956242144 -0.5512563586 0.7407606244 -0.4767956734 0.4732225537
-147.7 -298.0 2639.6 -0.1594997495 -0.7366983891 -0.6571418047 0.4779111147 0.5248389244 -0.7043756843 0.8638060093 -0.4264031053 0.2683646381
128.8 -92.4 2852.4 -0.0171254985 0.5641862750 0.8254699111 -0.7506187558 0.5381394625 -0.3833763301 -0.6605136395 -0.6261786819 0.4142728746
124.4 -282.0 2685.6 -0.4836705625 0.5641862750 0.6691461802 -0.3992370367 0.5381394625 -0.7423043251 -0.7788919210 -0.6261786819 -0.0350381732
-84.4 -484.6 2748.7 0.9499528408 0.2779276073 -0.1426386982 -0.1577919424 0.0328177176 -0.9869269133 -0.2696131468 0.9600412846 0.0750300214
-193.1 -497.4 2373.3 0.9499528408 0.2823140621 0.1337472051 -0.1577919424 0.8031336069 -0.5745242238 -0.2696131468 0.5246666670 0.8074859977
96.1 -475.4 2753.1 0.9995287657 -0.0225372259 -0.0208400581 -0.0224686284 -0.0746023878 -0.9969602227 0.0209139995 0.9969586730 -0.0750736073
108.0 -435.9 2224.8 0.9995287657 0.0188522488 -0.0242245179 -0.0224686284 0.9870324731 -0.1589405388 0.0209139995 0.1594099402 0.9869909286
-106.7 -420.7 2417.8 0 0 0 0 0 0 0 0 0
0.7 -384.1 2486.3 0 0 0 0 0 0 0 0 0
-299.4 -799.9 2175.8 0 0 0 0 0 0 0 0 0
100.9 -807.7 2164.7 0 0 0 0 0 0 0 0 0
-25.6 88.3 2911.1 8 0.9979629517 -0.0637000799 -0.0035069336 0.0603497550 0.9604418874 -0.2718627155 0.0206858814 0.2710972726 0.9623296857
-12.5 -109.0 2855.4 0.9979629517 -0.0637000799 -0.0035069336 0.0603497550 0.9604418874 -0.2718627155 0.0206858814 0.2710972726 0.9623296857
-0.8 -295.4 2797.6 0.9982074499 -0.0598174818 -0.0019419180 0.0565609448 0.9534768462 -0.2961128056 0.0195642971 0.2954721749 0.9551510215
-154.7 -117.1 2852.7 -0.0266241990 -0.7245271802 -0.6887317896 0.6480481029 0.5120792985 -0.5637450218 0.7611339092 -0.4613406062 0.4558947682
-147.2 -300.0 2637.8 -0.2016437799 -0.7276458740 -0.6556457281 0.4629270434 0.5191085339 -0.7184879184 0.8631560206 -0.4483947456 0.2321719527
129.8 -100.9 2858.1 -0.0125188082 0.5428571105 0.8397317529 -0.7280813456 0.5706737638 -0.3797748983 -0.6853764057 -0.6161473393 0.3880999982
126.6 -283.2 2686.6 -0.4872681499 0.5428571105 0.6840145588 -0.3835225999 0.5706737638 -0.7261142135 -0.7845254540 -0.6161473393 -0.0698731989
-77.0 -486.4 2752.6 0.9457291365 0.2916124463 -0.1433826685 -0.1524034142 0.0083318232 -0.9882832766 -0.2870010436 0.9565002918 0.0523223802
-191.1 -489.6 2378.4 0.9457291365 0.2870593071 0.1522936374 -0.1524034142 0.8057373762 -0.5723290443 -0.2870010436 0.5180581808 0.8057581186
103.3 -474.7 2756.5 0.9997677803 -0.0096721258 -0.0192575343 -0.0199208744 -0.0739523917 -0.9970628023 0.0082195755 0.9972148538 -0.0741278976
108.5 -435.3 2224.8 0.9997677803 0.0182702262 -0.0114281019 -0.0199208744 0.9858007431 -0.1667333543 0.0082195755 0.1669223011 0.9859358072
-95.5 -418.7 2416.4 0 0 0 0 0 0 0 0 0
1.9 -381.4 2485.7 0 0 0 0 0 0 0 0 0
-299.2 -793.1 2183.3 0 0 0 0 0 0 0 0 0
101.6 -806.6 2162.0 0 0 0 0 0 0 0 0 0
-26.7 96.3 2910.7 9 0.9981968999 -0.0585881211 0.0130511113 0.0599719286 0.9643995762 -0.2575593293 0.0025034309 0.2578776479 0.9661743641
-14.6 -102.2 2857.6 0.9981968999 -0.0585881211 0.0130511113 0.0599719286 0.9643995762 -0.2575593293 0.0025034309 0.2578776479 0.9661743641
-4.1 -289.2 2800.9 0.9984372854 -0.0538587905 0.0149057936 0.0558674783 0.9556285739 -0.2892279923 0.0013330677 0.2896087766 0.9571442008
-156.9 -110.2 2857.4 -0.0324556679 -0.7319784164 -0.6805543303 0.6523520350 0.5003591776 -0.5692780614 0.7572208643 -0.4624373317 0.4612681270
-147.5 -298.9 2638.4 -0.2820814252 -0.7218353152 -0.6319682598 0.4472791851 0.4838040173 -0.7522466183 0.8487469554 -0.4948610365 0.1863897890
127.7 -94.3 2857.8 -0.0153117767 0.5910575390 0.8064840436 -0.7361750603 0.5391454697 -0.4091068506 -0.6766179204 -0.5999776125 0.4268665612
123.7 -286.1 2681.4 -0.4612276554 0.5910575390 0.6617552638 -0.3843239546 0.5391454697 -0.7494112849 -0.7997275591 -0.5999776125 -0.0215112269
-79.3 -486.9 2738.1 0.9455975890 0.3009240329 -0.1236525998 -0.1470151842 0.0561789870 -0.9875375628 -0.2902271152 0.9519919157 0.0973631144
-197.0 -508.9 2365.9 0.9455975890 0.2852701247 0.1564167291 -0.1470151842 0.8035678267 -0.5767714381 -0.2902271152 0.5223980546 0.8017908335
101.1 -476.7 2741.6 0.9998759627 -0.0109647112 -0.0113083636 -0.0121656246 -0.0815583989 -0.9965943098 0.0100050764 0.9966082573 -0.0816816762
106.8 -434.5 2226.1 0.9998759627 0.0103542516 -0.0118698543 -0.0121656246 0.9863168001 -0.1644116938 0.0100050764 0.1645357013 0.9863203764
-75.3 -413.3 2421.3 0 0 0 0 0 0 0 0 0
5.6 -384.5 2476.7 0 0 0 0 0 0 0 0 0
-304.4 -811.5 2169.1 0 0 0 0 0 0 0 0 0
102.9 -806.0 2164.1 0 0 0 0 0 0 0 0 0
-27.2 99.6 2898.0 0 0.9984608889 -0.0520422533 0.0191681720 0.0549824759 0.9741206169 -0.2192395478 -0.0072623920 0.2199560404 0.9754827619
-16.5 -101.0 2852.7 0.9984608889 -0.0520422533 0.0191681720 0.0549824759 0.9741206169 -0.2192395478 -0.0072623920 0.2199560404 0.9754827619
-6.9 -290.0 2803.1 0.9985846281 -0.0488960817 0.0209275931 0.0526049323 0.9660199881 -0.2530574501 -0.0078429552 0.2538001835 0.9672248960
-158.8 -108.4 2853.8 -0.0352323949 -0.7339299917 -0.6783106923 0.6667349339 0.4883420169 -0.5630156398 0.7444617152 -0.4720898271 0.4721313119
-148.9 -295.5 2645.0 -0.3150947392 -0.7160659432 -0.6228682399 0.4558782876 0.4614293873 -0.7610899210 0.8324003220 -0.5237675309 0.1810449660
125.8 -93.5 2851.6 0.0073067667 0.6253161430 0.7803373337 -0.7589322329 0.5115948915 -0.4028554857 -0.6511285901 -0.5892795920 0.4783106744
127.6 -281.0 2690.7 -0.4407273531 0.6253161430 0.6440024376 -0.3916469216 0.5115948915 -0.7647767067 -0.8076955080 -0.5892795920 0.0194292814
-83.8 -481.2 2744.2 0.9486623406 0.2894847393 -0.1274297386 -0.1512261033 0.0612834357 -0.9865977168 -0.2777956426 0.9552187920 0.1019149348
-197.0 -505.2 2370.4 0.9486623406 0.2824113071 0.1424205452 -0.1512261033 0.8004742265 -0.5799756050 -0.2777956426 0.5286633372 0.8020877242
96.7 -471.2 2744.4 0.9998070598 -0.0180850048 -0.0076655494 -0.0088890269 -0.0685711205 -0.9976066351 0.0175160859 0.9974822998 -0.0687186494
106.1 -435.5 2226.2 0.9998070598 0.0058442722 -0.0187529344 -0.0088890269 0.9859777093 -0.1666400433 0.0175160859 0.1667745858 0.9858394265
-68.2 -412.2 2431.8 0 0 0 0 0 0 0 0 0
14.8 -381.2 2484.0 0 0 0 0 0 0 0 0 0
-303.4 -806.7 2171.2 0 0 0 0 0 0 0 0 0
103.9 -806.9 2163.4 0 0 0 0 0 0 0 0 0
-27.1 99.2 2891.6 1 0.9985314012 -0.0538934469 -0.0055278889 0.0515990630 0.9771639109 -0.2061268240 0.0165105388 0.2055388689 0.9785096645
-16.1 -101.8 2849.3 0.9985314012 -0.0538934469 -0.0055278889 0.0515990630 0.9771639109 -0.2061268240 0.0165105388 0.2055388689 0.9785096645
-6.3 -291.5 2802.2 0.9987540245 -0.0497696772 -0.0036615315 0.0474189371 0.9693233371 -0.2411715090 0.0155522358 0.2406973839 0.9704756141
-158.4 -108.6 2847.1 -0.0354361087 -0.7199479342 -0.6931228042 0.6821182966 0.4894572496 -0.5432736874 0.7303827405 -0.4920432270 0.4737451971
-148.6 -297.2 2645.1 -0.3322605193 -0.7041548491 -0.6275100708 0.4481499195 0.4675475657 -0.7619454861 0.8299184442 -0.5343829989 0.1602193415
126.2 -95.0 2851.6 -0.0170911159 0.6794332266 0.7335382700 -0.7593083382 0.4684909880 -0.4516270757 -0.6505064964 -0.5647005439 0.5078922510
122.0 -282.3 2691.2 -0.4202313125 0.6794332266 0.6014783382 -0.3824355304 0.4684909880 -0.7964039445 -0.8228904605 -0.5647005439 0.0629648268
-87.6 -483.7 2754.1 0.9513806105 0.2654507756 -0.1562395245 -0.1655506641 0.0129263820 -0.9861165881 -0.2597458065 0.9640377760 0.0562434644
-191.4 -488.7 2377.2 0.9513806105 0.2828375995 0.1219745800 -0.1655506641 0.8034768105 -0.5718548298 -0.2597458065 0.5238586664 0.8112362623
92.9 -474.2 2752.7 0.9996864200 -0.0242734905 -0.0061573586 -0.0079095596 -0.0727639869 -0.9973178506 0.0237603504 0.9970537424 -0.0729331598
105.8 -435.8 2225.8 0.9996864200 0.0041618692 -0.0246940125 -0.0079095596 0.9880902767 -0.1536719501 0.0237603504 0.1538190693 0.9878132939
-63.4 -412.1 2432.3 0 0 0 0 0 0 0 0 0
14.5 -380.2 2480.5 0 0 0 0 0 0 0 0 0
-297.9 -791.4 2179.9 0 0 0 0 0 0 0 0 0
104.2 -807.9 2167.9 0 0 0 0 0 0 0 0 0
-26.8 98.6 2888.5 2 0.9981479049 -0.0528479479 0.0301311873 0.0574802831 0.9814935923 -0.1826646775 -0.0199201126 0.1840583235 0.9827134609
-15.9 -103.6 2850.5 0.9981479049 -0.0528479479 0.0301311873 0.0574802831 0.9814935923 -0.1826646775 -0.0199201126 0.1840583235 0.9827134609
-6.5 -294.3 2807.5 0.9983386397 -0.0479209349 0.0319923423 0.0537777208 0.9742895961 -0.2187870741 -0.0206853226 0.2201440632 0.9752480388
-158.1 -111.2 2853.5 -0.0390360281 -0.7405141592 -0.6709061265 0.6601750851 0.4848998189 -0.5736209750 0.7500966787 -0.4653073847 0.4699404240
-147.0 -299.4 2639.7 -0.3457423747 -0.7131132483 -0.6098620296 0.4445521832 0.4478859901 -0.7757393122 0.8263386488 -0.5393214822 0.1621629000
126.2 -96.0 2847.6 -0.0304952580 0.7133579850 0.7001360059 -0.7697046995 0.4301124811 -0.4717605114 -0.6376713514 -0.5532844067 0.5359585881
118.8 -283.3 2692.4 -0.4197033346 0.7133579850 0.5612214208 -0.3700516820 0.4301124811 -0.8234470487 -0.8288008571 -0.5532844067 0.0834596902
-86.9 -485.6 2753.7 0.9511532187 0.2767747641 -0.1367600411 -0.1518406272 0.0337024815 -0.9878302217 -0.2687973380 0.9603435993 0.0740818754
-195.1 -498.7 2378.0 0.9511532187 0.2802310884 0.1295304149 -0.1518406272 0.7899627090 -0.5940566659 -0.2687973380 0.5453709364 0.7939260006
93.6 -477.0 2756.5 0.9997036457 -0.0232102852 -0.0073446017 -0.0091772787 -0.0798667297 -0.9967632890 0.0225485712 0.9965353012 -0.0800560638
106.0 -434.5 2226.3 0.9997036457 0.0052297791 -0.0237762462 -0.0091772787 0.9855580330 -0.1690892726 0.0225485712 0.1692573577 0.9853138924
-58.3 -413.5 2427.6 0 0 0 0 0 0 0 0 0
11.4 -378.1 2480.2 0 0 0 0 0 0 0 0 0
-300.7 -796.2 2172.7 0 0 0 0 0 0 0 0 0
104.0 -805.6 2162.6 0 0 0 0 0 0 0 0 0
-26.8 97.9 2886.9 3 0.9977174401 -0.0659442395 0.0145338187 0.0674984008 0.9801702499 -0.1863068640 -0.0019597528 0.1868626177 0.9823840857
-13.3 -103.5 2848.5 0.9977174401 -0.0659442395 0.0145338187 0.0674984008 0.9801702499 -0.1863068640 -0.0019597528 0.1868626177 0.9823840857
-1.0 -294.1 2805.2 0.9979020953 -0.0625254437 0.0167910475 0.0646906942 0.9732103348 -0.2206280231 -0.0025463575 0.2212513834 0.9752134681
-155.4 -112.7 2848.8 -0.0514789447 -0.7374746203 -0.6734100580 0.6608064771 0.4804279804 -0.5766487122 0.7487888336 -0.4746790230 0.4625960886
-141.1 -295.9 2641.3 -0.3170901239 -0.7177600265 -0.6198986769 0.4682323933 0.4499332309 -0.7604725957 0.8247498274 -0.5313949585 0.1934091300
128.9 -94.4 2848.1 -0.0738592893 0.7822579741 0.6185606718 -0.7718487978 0.3479248881 -0.5321632028 -0.6315015554 -0.5167405009 0.5780873895
110.6 -284.9 2692.2 -0.3928651512 0.7822579741 0.4834557176 -0.3682204187 0.3479248881 -0.8621844053 -0.8426569104 -0.5167405009 0.1513557881
-87.2 -489.9 2766.3 0.9518892169 0.2585290074 -0.1645286232 -0.1620841622 -0.0308951214 -0.9862931967 -0.2600685060 0.9655092955 0.0124947233
-188.2 -477.8 2389.1 0.9518892169 0.2813336551 0.1214836538 -0.1620841622 0.7986629009 -0.5795397162 -0.2600685060 0.5319670439 0.8058383465
93.1 -480.2 2762.5 0.9995944500 -0.0256051626 -0.0124616958 -0.0146432184 -0.0868583322 -0.9961130619 0.0244232342 0.9958915710 -0.0871980488
106.9 -433.6 2227.5 0.9995944500 0.0102259377 -0.0265772156 -0.0146432184 0.9850333333 -0.1717407256 0.0244232342 0.1720602512 0.9847835898
-59.8 -416.0 2429.7 0 0 0 0 0 0 0 0 0
10.1 -379.1 2476.5 0 0 0 0 0 0 0 0 0
-294.1 -778.5 2188.8 0 0 0 0 0 0 0 0 0
103.0 -804.5 2162.7 0 0 0 0 0 0 0 0 0
-26.4 98.1 2886.6 4 0.9959810972 -0.0808975548 -0.0384341963 0.0714781880 0.9765334129 -0.2031585127 0.0539673045 0.1995948404 0.9783912301
-9.7 -103.1 2845.4 0.9959810972 -0.0808975548 -0.0384341963 0.0714781880 0.9765334129 -0.2031585127 0.0539673045 0.1995948404 0.9783912301
5.3 -293.0 2800.1 0.9964495897 -0.0761732161 -0.0358590446 0.0656734332 0.9697577953 -0.2350676805 0.0526804514 0.2318781018 0.9713172913
-151.5 -112.4 2838.0 -0.0524976738 -0.7113546729 -0.7008698583 0.6835147142 0.4860799611 -0.5445492864 0.7280464172 -0.5076424479 0.4607033134
-137.2 -297.6 2640.6 -0.3113743365 -0.7023883462 -0.6400755048 0.4688575864 0.4723188281 -0.7463829517 0.8265703917 -0.5325087309 0.1822521538
132.1 -93.8 2852.9 -0.0728020370 0.7479497790 0.6597507000 -0.7528083324 0.3926990926 -0.5282679796 -0.6542014480 -0.5351247787 0.5344735384
113.7 -284.0 2687.7 -0.3958543837 0.7479497790 0.5327948928 -0.3832337856 0.3926990926 -0.8360139132 -0.8345245123 -0.5351247787 0.1311879754
-78.9 -490.5 2762.1 0.9475945234 0.2794570029 -0.1548172235 -0.1559882462 -0.0181872770 -0.9875914454 -0.2788050473 0.9599859118 0.0263578445
-188.1 -483.4 2386.7 0.9475945234 0.2873493135 0.1396243721 -0.1559882462 0.7975549698 -0.5827295780 -0.2788050473 0.5304116011 0.8005818129
101.4 -478.8 2761.6 0.9999306202 -0.0096399412 -0.0067716930 -0.0075699068 -0.0853305832 -0.9963239431 0.0090266718 0.9963060617 -0.0853976384
106.6 -433.1 2227.4 0.9999306202 0.0058517940 -0.0102245193 -0.0075699068 0.9841736555 -0.1770450175 0.0090266718 0.1771101207 0.9841496348
-57.3 -418.0 2428.5 0 0 0 0 0 0 0 0 0
12.3 -382.1 2474.1 0 0 0 0 0 0 0 0 0
-296.4 -783.7 2187.0 0 0 0 0 0 0 0 0 0
104.4 -803.7 2160.7 0 0 0 0 0 0 0 0 0
-26.9 97.9 2886.4 5 0.9971514940 -0.0739695206 -0.0147446832 0.0697301850 0.9785967469 -0.1936134100 0.0287505891 0.1920337528 0.9809671044
-11.6 -103.9 2846.8 0.9971514940 -0.0739695206 -0.0147446832 0.0697301850 0.9785967469 -0.1936134100 0.0287505891 0.1920337528 0.9809671044
2.2 -294.1 2802.2 0.9974645972 -0.0701316968 -0.0120811537 0.0654941946 0.9710670114 -0.2296504974 0.0278373882 0.2282769829 0.9731981754
-153.6 -113.2 2842.9 -0.0713592991 -0.7229406834 -0.6872150898 0.6677281857 0.4771933854 -0.5713366270 0.7409769893 -0.4996430874 0.4486756921
-133.9 -297.7 2638.1 -0.2865552008 -0.7195676565 -0.6325412989 0.4668802619 0.4716476798 -0.7480449677 0.8366056085 -0.5096772313 0.2007988244
130.4 -94.6 2850.8 -0.0326395668 0.6865603328 0.7263398170 -0.7574580908 0.4571356475 -0.4661375880 -0.6520674229 -0.5653865337 0.5051199794
122.2 -283.4 2688.2 -0.4154455066 0.6865603328 0.5966908336 -0.3915232718 0.4571356475 -0.7985840440 -0.8210448027 -0.5653865337 0.0788893923
-69.6 -488.8 2750.1 0.9421182871 0.3095759451 -0.1287473440 -0.1384990811 0.0096325316 -0.9903157353 -0.3053377569 0.9508259296 0.0519509688
-190.7 -492.6 2378.3 0.9421182871 0.2881866395 0.1713522971 -0.1384990811 0.7999388576 -0.5838799477 -0.3053377569 0.5263518691 0.7935506105
110.2 -477.0 2759.6 0.9999663234 0.0076922937 -0.0028648027 -0.0022284407 -0.0814971924 -0.9966710806 -0.0079001598 0.9966439009 -0.0814772993
106.1 -433.6 2228.6 0.9999663234 0.0035450868 0.0074034343 -0.0022284407 0.9853007793 -0.1708141118 -0.0079001598 0.1707918495 0.9852754474
-60.3 -417.6 2423.4 0 0 0 0 0 0 0 0 0
15.9 -383.7 2478.1 0 0 0 0 0 0 0 0 0
-299.2 -793.8 2180.0 0 0 0 0 0 0 0 0 0
104.8 -804.7 2164.3 0 0 0 0 0 0 0 0 0
-27.2 98.0 2885.4 6 0.9973757863 -0.0662623420 -0.0291686803 0.0597049743 0.9806792140 -0.1862889230 0.0409490578 0.1840585470 0.9820619226
-13.5 -104.6 2847.3 0.9973757863 -0.0662623420 -0.0291686803 0.0597049743 0.9806792140 -0.1862889230 0.0409490578 0.1840585470 0.9820619226
-0.9 -295.0 2803.4 0.9975909591 -0.0641163588 -0.0264836345 0.0564820506 0.9723696709 -0.2265104204 0.0402749069 0.2244688869 0.9736486077
-155.5 -112.6 2841.6 -0.0774404705 -0.7118107080 -0.6980891824 0.6733089685 0.4790592790 -0.5631671548 0.7352945209 -0.5136415958 0.4421699643
-134.3 -297.2 2640.1 -0.2778382897 -0.7166767120 -0.6396721005 0.4572286308 0.4869653881 -0.7441818714 0.8448359966 -0.4992386103 0.1923874915
128.6 -96.6 2853.1 -0.0297105648 0.6513165832 0.7582242489 -0.7438334227 0.4923103154 -0.4520424902 -0.6677044034 -0.5774229765 0.4698442221
121.0 -286.2 2682.9 -0.4190250635 0.6513165832 0.6326173544 -0.4010642171 0.4923103154 -0.7725141048 -0.8145952821 -0.5774229765 0.0549294241
-74.1 -490.1 2755.0 0.9456163645 0.2948571742 -0.1373642236 -0.1440479308 0.0009582387 -0.9895702600 -0.2916502655 0.9555408359 0.0433796942
-189.5 -490.5 2381.1 0.9456163645 0.2855330706 0.1558221877 -0.1440479308 0.7970840335 -0.5864360929 -0.2916502655 0.5320976973 0.7948661447
106.0 -478.3 2760.1 0.9999932647 -0.0001424001 -0.0036720212 -0.0036710897 -0.0834899992 -0.9965018630 -0.0001646751 0.9965085983 -0.0834899619
106.1 -433.7 2227.5 0.9999932647 0.0036469907 -0.0004510842 -0.0036710897 0.9859330058 -0.1671005040 -0.0001646751 0.1671010256 0.9859397411
-63.0 -414.5 2423.2 0 0 0 0 0 0 0 0 0
13.8 -388.9 2474.3 0 0 0 0 0 0 0 0 0
-297.0 -790.7 2180.7 0 0 0 0 0 0 0 0 0
104.7 -805.1 2164.6 0 0 0 0 0 0 0 0 0
-31.7 94.7 2896.8 7 0.9971117377 -0.0738837421 0.0175895542 0.0759452879 0.9721424580 -0.2217461467 -0.0007161180 0.2224415243 0.9749457836
-16.5 -104.7 2851.2 0.9971117377 -0.0738837421 0.0175895542 0.0759452879 0.9721424580 -0.2217461467 -0.0007161180 0.2224415243 0.9749457836
-2.9 -293.3 2800.8 0.9973159432 -0.0703752413 0.0202034041 0.0732045397 0.9636824131 -0.2568216324 -0.0013957787 0.2576113045 0.9662476182
-158.4 -115.2 2851.4 -0.0658620670 -0.7409515977 -0.6683209538 0.6529267430 0.4744779766 -0.5903874636 0.7545520663 -0.4752487838 0.4525370002
-139.8 -300.5 2637.2 -0.2995527387 -0.7343414426 -0.6091066003 0.4320712686 0.4647904038 -0.7728416920 0.8506366014 -0.4946843088 0.1780585796
125.4 -94.2 2851.0 0.0058687786 0.5555383563 0.8314701915 -0.7473145127 0.5549214482 -0.3654903173 -0.6644445062 -0.6192247868 0.4184185863
127.0 -287.3 2679.3 -0.4533383250 0.5555383563 0.6970376968 -0.4221542478 0.5549214482 -0.7168319225 -0.7850287557 -0.6192247868 -0.0170442723
-78.4 -490.6 2755.8 0.9479026198 0.2935883105 -0.1236385405 -0.1304193437 0.0035529106 -0.9914525747 -0.2906396091 0.9559253454 0.0416574106
-193.4 -492.0 2381.5 0.9479026198 0.2737263441 0.1629554480 -0.1304193437 0.8001597524 -0.5854358673 -0.2906396091 0.5336836576 0.7941727638
101.8 -480.4 2763.1 0.9999108315 -0.0094594080 -0.0094278390 -0.0102177467 -0.0872628391 -0.9961329103 0.0086001279 0.9961404204 -0.0873517096
106.9 -433.6 2229.1 0.9999108315 0.0085569192 -0.0102539593 -0.0102177467 0.9845566154 -0.1747680157 0.0086001279 0.1748571992 0.9845562577
-62.9 -411.4 2418.9 0 0 0 0 0 0 0 0 0
11.0 -395.3 2478.5 0 0 0 0 0 0 0 0 0
-296.5 -793.3 2180.5 0 0 0 0 0 0 0 0 0
103.6 -804.4 2163.3 0 0 0 0 0 0 0 0 0
-31.6 94.2 2890.5 8 0.9977849722 -0.0642606989 0.0171957016 0.0664500594 0.9748240113 -0.2128439695 -0.0030852812 0.2135151625 0.9769348502
-18.3 -107.7 2846.3 0.9977849722 -0.0642606989 0.0171957016 0.0664500594 0.9748240113 -0.2128439695 -0.0030852812 0.2135151625 0.9769348502
-6.2 -296.9 2797.5 0.9978747368 -0.0621684045 0.0195221510 0.0650720447 0.9664268494 -0.2485653311 -0.0034138213 0.2493074089 0.9684183598
-160.4 -117.0 2846.8 -0.0636063516 -0.7374761701 -0.6723712683 0.6615751982 0.4732613266 -0.5816717148 0.7471763492 -0.4818221629 0.4577935338
-143.2 -296.2 2644.4 -0.3023624718 -0.7318565249 -0.6107069254 0.4333685040 0.4651011825 -0.7719278932 0.8489809632 -0.4980631471 0.1765344292
123.8 -98.4 2845.9 0.0215159561 0.5752453208 0.8176979423 -0.7498020530 0.5502886772 -0.3673951626 -0.6613122821 -0.6052067280 0.4431601167
129.2 -284.5 2681.7 -0.4508874416 0.5752453208 0.6824905276 -0.4040082395 0.5502886772 -0.7307254672 -0.7959132195 -0.6052067280 -0.0157144126
-79.3 -488.6 2750.4 0.9473075271 0.3007939756 -0.1101426333 -0.1221908182 0.0214784537 -0.9922742248 -0.2961044312 0.9534472227 0.0571009628
-197.0 -497.0 2377.1 0.9473075271 0.2690250278 0.1738791615 -0.1221908182 0.8052618504 -0.5801919699 -0.2961044312 0.5283737779 0.7957029939
100.8 -475.3 2750.2 0.9998769760 -0.0114819761 -0.0106881419 -0.0115922624 -0.0818007439 -0.9965812564 0.0105684241 0.9965825677 -0.0819237828
106.8 -432.7 2231.3 0.9998769760 0.0095008090 -0.0124822585 -0.0115922624 0.9836144447 -0.1799116284 0.0105684241 0.1800341755 0.9836035967
-65.6 -407.5 2426.5 0 0 0 0 0 0 0 0 0
13.8 -387.9 2478.1 0 0 0 0 0 0 0 0 0
-298.4 -800.3 2178.1 0 0 0 0 0 0 0 0 0
103.2 -803.2 2163.5 0 0 0 0 0 0 0 0 0
-27.6 82.4 2898.9 9 0.9988499284 -0.0449322350 0.0167303719 0.0477050617 0.9662962556 -0.2529737651 -0.0047998186 0.2534809411 0.9673284888
-18.5 -114.5 2847.3 0.9988499284 -0.0449322350 0.0167303719 0.0477050617 0.9662962556 -0.2529737651 -0.0047998186 0.2534809411 0.9673284888
-10.2 -301.9 2791.7 0.9989338517 -0.0424585901 0.0181213655 0.0458568856 0.9578455091 -0.2836002111 -0.0053162035 0.2841288447 0.9587713480
-160.8 -121.0 2848.1 -0.0631036237 -0.7286603451 -0.6819618940 0.6461240053 0.4909588993 -0.5843655467 0.7606192827 -0.4775075316 0.4398236573
-143.2 -301.2 2636.0 -0.3315074444 -0.7099419832 -0.6213575602 0.4417549968 0.4651383162 -0.7671368122 0.8336398005 -0.5287993550 0.1594235897
123.8 -107.9 2846.5 0.0152488407 0.5468511581 0.8370909691 -0.7237190008 0.5837017298 -0.3681345582 -0.6899262667 -0.6002050042 0.4046673775
127.6 -287.8 2675.0 -0.4604739547 0.5468511581 0.6992263794 -0.3890368044 0.5837017298 -0.7127009630 -0.7978810072 -0.6002050042 -0.0560342148
-84.2 -492.0 2749.0 0.9494484663 0.2921749055 -0.1148103774 -0.1273263544 0.0241210442 -0.9915675521 -0.2869417965 0.9560606480 0.0601032525
-198.7 -501.5 2374.6 0.9494484663 0.2681836188 0.1631721407 -0.1273263544 0.8040944338 -0.5807065964 -0.2869417965 0.5305749178 0.7975930572
96.0 -480.2 2748.4 0.9997316599 -0.0214506667 -0.0087482501 -0.0106583564 -0.0906141996 -0.9958290458 0.0205684807 0.9956550002 -0.0908185095
107.2 -433.1 2231.1 0.9997316599 0.0069044102 -0.0221131649 -0.0106583564 0.9846107960 -0.1744363308 0.0205684807 0.1746252030 0.9844201207
-58.1 -414.5 2422.1 0 0 0 0 0 0 0 0 0
9.8 -387.3 2470.8 0 0 0 0 0 0 0 0 0
-299.7 -804.3 2174.7 0 0 0 0 0 0 0 0 0
104.6 -804.0 2165.4 0 0 0 0 0 0 0 0 0
-28.6 83.6 2892.6 0 0.9988105893 -0.0481296778 0.0078029903 0.0486000404 0.9698656201 -0.2387439758 0.0039228182 0.2388392389 0.9710512161
-18.8 -114.3 2843.9 0.9988105893 -0.0481296778 0.0078029903 0.0486000404 0.9698656201 -0.2387439758 0.0039228182 0.2388392389 0.9710512161
-10.0 -302.4 2790.5 0.9989506602 -0.0448208563 0.0094181551 0.0456910469 0.9611275196 -0.2722980678 0.0031525847 0.2724426687 0.9621668458
-161.1 -120.8 2843.4 -0.0563179627 -0.7252267599 -0.6862029433 0.6489177942 0.4957395196 -0.5771897435 0.7587713599 -0.4777954519 0.4426935017
-145.4 -302.2 2631.3 -0.3325359821 -0.7001323104 -0.6318500638 0.4689213336 0.4585430622 -0.7548847795 0.8182497025 -0.5473143458 0.1758249253
