274.0 302.3 2450.0 2 0.4697375596 0.7888239622 -0.3963626325 -0.4262488186 0.5958374143 0.6806538701 0.7730838060 -0.1507796049 0.6161224842
117.1 183.8 2480.0 0.4697375596 0.7888239622 -0.3963626325 -0.4262488186 0.5958374143 0.6806538701 0.7730838060 -0.1507796049 0.6161224842
-34.6 59.1 2510.4 0.4908631146 0.7635075450 -0.4196542203 -0.4096023738 0.6273624897 0.6623007059 0.7689468861 -0.1532076150 0.6206836104
48.1 241.4 2371.8 0.4156735241 0.2588604689 -0.8718983531 0.8535457253 0.2200676054 0.4722605050 0.3141261637 -0.9405112863 -0.1294729561
-52.2 35.5 2296.0 -0.8263885379 0.2588604689 -0.5000731945 0.5545616746 0.2200676054 -0.8025158048 -0.0976896957 -0.9405112863 -0.3254154325
186.2 126.1 2588.2 -0.1456324458 0.8716188669 -0.4680509865 -0.9881350994 -0.1514773816 0.0253690090 -0.0487870276 0.4661921561 0.8833372593
155.0 -85.3 2577.7 0.3697382510 0.8716188669 -0.3218293786 -0.4212475717 -0.1514773816 -0.8942064047 -0.8281570673 0.4661921561 0.3111603558
-232.1 -26.9 2471.7 0.6224371195 -0.0403071381 -0.7816312313 0.0481230542 0.9987544417 -0.0131818680 0.7811889648 -0.0294095967 0.6236014962
-216.1 -423.8 2483.4 0.6205087304 0.0500428267 -0.7826011777 -0.0489341542 0.9984878898 0.0250486266 0.7826712728 0.0227530338 0.6220192909
-141.2 -104.2 2611.0 0.3357816339 -0.2166165262 -0.9166940451 0.1052275151 0.9757326841 -0.1920230389 0.9360437393 -0.0319836289 0.3504271209
-55.1 -492.1 2623.7 0.3417241871 -0.0369385704 -0.9390740991 -0.0020818061 0.9991950393 -0.0400609933 0.9397979975 0.0156447813 0.3413722217
162.8 -108.8 2321.5 0 0 0 0 0 0 0 0 0
251.1 -194.7 2362.5 0 0 0 0 0 0 0 0 0
-232.5 -750.5 2476.0 0 0 0 0 0 0 0 0 0
-45.9 -739.9 2619.8 0 0 0 0 0 0 0 0 0
275.6 303.9 2448.4 3 0.4866135418 0.7887149453 -0.3756807446 -0.4546177685 0.5958320498 0.6620474458 0.7460093498 -0.1513701081 0.6485037804
118.5 185.3 2478.5 0.4866135418 0.7887149453 -0.3756807446 -0.4546177685 0.5958320498 0.6620474458 0.7460093498 -0.1513701081 0.6485037804
-33.4 60.9 2509.1 0.5078945160 0.7645576000 -0.3968562186 -0.4378793836 0.6258839965 0.6453920007 0.7418253422 -0.1540159285 0.6526670456
47.1 246.9 2374.2 0.4166327119 0.2439428121 -0.8757334352 0.8513054252 0.2332334071 0.4699800909 0.3188985586 -0.9413257241 -0.1104971617
-55.3 37.6 2295.8 -0.8312996626 0.2439428121 -0.4994324446 0.5501651764 0.2332334071 -0.8018231988 -0.0791146681 -0.9413257241 -0.3280957043
189.9 123.7 2582.8 -0.1560188085 0.8824295402 -0.4438200593 -0.9848213196 -0.1735676527 0.0011027411 -0.0760597214 0.4372555315 0.8961152434
156.6 -86.9 2566.5 0.3435262144 0.8824295402 -0.3214153945 -0.3972822726 -0.1735676527 -0.9011332393 -0.8509739041 0.4372555315 0.2909485698
-231.4 -28.0 2470.4 0.6425181031 -0.0380656756 -0.7653244734 0.0536014475 0.9985514879 -0.0046655247 0.7643935084 -0.0380248129 0.6436277628
-216.2 -424.9 2485.5 0.6409490108 0.0496934503 -0.7659731507 -0.0569107421 0.9982321262 0.0171399135 0.7654708028 0.0326062925 0.6426439881
-141.3 -103.2 2611.4 0.3530883491 -0.2137936652 -0.9108352661 0.1133975983 0.9761430621 -0.1851639301 0.9286924005 -0.0379073061 0.3689084351
-56.3 -491.3 2626.5 0.3610964417 -0.0386707373 -0.9317263365 -0.0156000527 0.9987494946 -0.0474983938 0.9323979616 0.0316864811 0.3600416183
160.8 -105.4 2316.4 0 0 0 0 0 0 0 0 0
245.8 -190.0 2345.6 0 0 0 0 0 0 0 0 0
-232.4 -750.4 2474.9 0 0 0 0 0 0 0 0 0
-46.8 -737.0 2618.7 0 0 0 0 0 0 0 0 0
276.1 304.2 2447.1 4 0.4851228893 0.7900772691 -0.3747448027 -0.4516671002 0.5933567882 0.6662766337 0.7487673759 -0.1539661437 0.6447029114
118.7 186.0 2477.8 0.4851228893 0.7900772691 -0.3747448027 -0.4516671002 0.5933567882 0.6662766337 0.7487673759 -0.1539661437 0.6447029114
-33.8 62.4 2509.2 0.5061315298 0.7672725320 -0.3938575685 -0.4352788031 0.6214926243 0.6513672471 0.7445557714 -0.1582396328 0.6485344768
47.5 247.2 2373.0 0.4209713340 0.2454948723 -0.8732212782 0.8502408862 0.2286057770 0.4741622508 0.3160278201 -0.9420571327 -0.1124933064
-55.5 39.2 2295.7 -0.8263164163 0.2454948723 -0.5068860650 0.5574883223 0.2286057770 -0.7980890870 -0.0800497010 -0.9420571327 -0.3257612288
189.9 124.8 2582.5 -0.1601777822 0.8818315864 -0.4435269833 -0.9846222401 -0.1744810492 0.0086843017 -0.0697289556 0.4380975366 0.8962189555
155.7 -85.9 2567.6 0.3415041864 0.8818315864 -0.3251891434 -0.4043643475 -0.1744810492 -0.8978005648 -0.8484482169 0.4380975366 0.2969952226
-231.9 -23.4 2471.8 0.6429963708 -0.0381554700 -0.7649181485 0.0537475012 0.9985438585 -0.0046285517 0.7639809251 -0.0381362960 0.6441107988
-216.8 -420.3 2486.9 0.6421104074 0.0436108299 -0.7653707266 -0.0569469258 0.9983356595 0.0091093555 0.7644941211 0.0377362967 0.6435251832
-138.8 -103.7 2607.8 0.3546686471 -0.2048434317 -0.9122769833 0.1137776077 0.9779100418 -0.1753470600 0.9280435443 -0.0416065827 0.3701406419
-57.4 -492.4 2624.3 0.3624261022 -0.0420915857 -0.9310615659 -0.0071494267 0.9988247156 -0.0479380302 0.9319850802 0.0240305495 0.3616992235
159.2 -105.7 2316.5 0 0 0 0 0 0 0 0 0
244.4 -190.9 2347.1 0 0 0 0 0 0 0 0 0
-231.3 -752.5 2474.4 0 0 0 0 0 0 0 0 0
-47.0 -738.5 2618.4 0 0 0 0 0 0 0 0 0
277.1 303.9 2446.4 5 0.4835198820 0.7847186923 -0.3878467977 -0.4209889770 0.5969483852 0.6829501390 0.7674482465 -0.1669407487 0.6189943552
121.3 185.3 2479.6 0.4835198820 0.7847186923 -0.3878467977 -0.4209889770 0.5969483852 0.6829501390 0.7674482465 -0.1669407487 0.6189943552
-30.3 61.0 2512.5 0.5000932217 0.7626382709 -0.4102312326 -0.4078975022 0.6253300309 0.6652683616 0.7638890147 -0.1653638780 0.6238015294
50.9 242.7 2372.2 0.4178025723 0.2571123838 -0.8713978529 0.8574188948 0.2056002170 0.4717640877 0.3004559875 -0.9442572594 -0.1345527321
-50.5 34.6 2299.2 -0.8256495595 0.2571123838 -0.5021911860 0.5544996858 0.2056002170 -0.8063861728 -0.1040812656 -0.9442572594 -0.3123224676
191.6 128.0 2587.0 -0.1485271901 0.8772083521 -0.4565579593 -0.9879565239 -0.1518748552 0.0295964945 -0.0433773845 0.4554553032 0.8892012239
159.8 -83.3 2577.7 0.3582038879 0.8772083521 -0.3196802735 -0.4246234894 -0.1518748552 -0.8925406933 -0.8314955831 0.4554553032 0.3180811107
-232.7 -21.2 2472.4 0.6326965094 -0.0429525189 -0.7732077241 0.0529247709 0.9985244274 -0.0121620884 0.7725892067 -0.0332269296 0.6340361834
-215.7 -418.2 2485.6 0.6313638687 0.0460009165 -0.7741211653 -0.0525651053 0.9984818101 0.0164617263 0.7737031579 0.0302984193 0.6328234076
-139.9 -101.0 2608.9 0.3476439714 -0.2068011761 -0.9145364761 0.1091896594 0.9776666760 -0.1795701981 0.9312471747 -0.0374314263 0.3624604940
-57.7 -489.7 2623.8 0.3548925519 -0.0420103110 -0.9339627624 -0.0064766174 0.9988554716 -0.0473902524 0.9348846674 0.0228673685 0.3542142808
164.1 -109.5 2326.3 0 0 0 0 0 0 0 0 0
252.9 -193.6 2361.7 0 0 0 0 0 0 0 0 0
-231.3 -756.9 2475.3 0 0 0 0 0 0 0 0 0
-47.2 -738.0 2618.1 0 0 0 0 0 0 0 0 0
273.8 304.4 2448.6 6 0.4953665733 0.7772190571 -0.3879980743 -0.4276360273 0.6069638133 0.6698673964 0.7561345100 -0.1659079492 0.6330364943
118.9 183.4 2481.7 0.4953665733 0.7772190571 -0.3879980743 -0.4276360273 0.6069638133 0.6698673964 0.7561345100 -0.1659079492 0.6330364943
-31.0 57.4 2515.4 0.5152003169 0.7543339133 -0.4068771601 -0.4115634263 0.6341575384 0.6545683742 0.7517873049 -0.1697780788 0.6371744275
46.5 241.3 2375.9 0.4482213557 0.2725436985 -0.8513621688 0.8365551829 0.2077975720 0.5069473982 0.3150763214 -0.9394360781 -0.1348585337
-61.2 40.4 2300.2 -0.8331782222 0.2725436985 -0.4811798036 0.5392816663 0.2077975720 -0.8160854578 -0.1224309579 -0.9394360781 -0.3201102316
191.4 125.6 2587.4 -0.1400463730 0.8853658438 -0.4432993233 -0.9887650609 -0.1486802995 0.0154218404 -0.0522559099 0.4404786527 0.8962409496
161.4 -85.9 2576.2 0.3493715525 0.8853658438 -0.3067031205 -0.4122855067 -0.1486802995 -0.8988408446 -0.8414037228 0.4404786527 0.3130788505
-227.8 -25.8 2475.3 0.6440340877 -0.0230537970 -0.7646493316 0.0417679437 0.9991145134 0.0050566895 0.7638556957 -0.0351945087 0.6444267035
-218.6 -423.0 2489.3 0.6437179446 0.0365040824 -0.7643917203 -0.0620272048 0.9980639815 -0.0045717591 0.7627449036 0.0503560044 0.6447359324
-136.1 -100.6 2615.4 0.3621094823 -0.2067897618 -0.9089085460 0.0951042175 0.9781895876 -0.1846626401 0.9272712469 -0.0195729416 0.3738783002
-53.9 -489.5 2623.2 0.3668658733 -0.0301298965 -0.9297857881 -0.0034242503 0.9994248748 -0.0337376706 0.9302675724 0.0155610191 0.3665516973
155.4 -99.8 2332.1 0 0 0 0 0 0 0 0 0
252.2 -193.1 2357.6 0 0 0 0 0 0 0 0 0
-230.8 -754.3 2472.6 0 0 0 0 0 0 0 0 0
-46.4 -738.6 2619.3 0 0 0 0 0 0 0 0 0
276.4 303.7 2454.7 7 0.4896176159 0.7816781402 -0.3863339126 -0.4343618453 0.6028431654 0.6692607403 0.7560452223 -0.1598731428 0.6346938014
120.0 183.1 2486.7 0.4896176159 0.7816781402 -0.3863339126 -0.4343618453 0.6028431654 0.6692607403 0.7560452223 -0.1598731428 0.6346938014
-30.8 57.9 2519.8 0.5112982392 0.7585996985 -0.4038571119 -0.4170100689 0.6298952103 0.6552363038 0.7514497638 -0.1666086614 0.6384080648
48.1 241.8 2381.0 0.4580035508 0.2539451122 -0.8519064784 0.8279854059 0.2269177437 0.5127850175 0.3235319555 -0.9402235150 -0.1063337103
-62.4 42.0 2302.9 -0.8182609677 0.2539451122 -0.5157139301 0.5687136650 0.2269177437 -0.7906156778 -0.0837483257 -0.9402235150 -0.3300999701
192.0 124.4 2592.4 -0.1460496038 0.8836879730 -0.4447078705 -0.9877232313 -0.1554432362 0.0155006554 -0.0554290898 0.4415121377 0.8955415487
160.7 -86.9 2580.6 0.3482204974 0.8836879730 -0.3127907515 -0.4120037258 -0.1554432362 -0.8978253603 -0.8420186639 0.4415121377 0.3099541962
-228.2 -30.9 2480.2 0.6429664493 -0.0327382609 -0.7651942968 0.0351571739 0.9992944598 -0.0132126939 0.7650870085 -0.0184067506 0.6436638236
-215.2 -428.2 2487.5 0.6416087151 0.0466700792 -0.7656109333 -0.0697789341 0.9975597262 0.0023320236 0.7638515234 0.0519272685 0.6432996392
-133.7 -106.4 2618.1 0.3626694083 -0.2014713287 -0.9098792076 0.0824081898 0.9794597626 -0.1840311587 0.9282670617 -0.0082390253 0.3718229830
-53.6 -495.8 2621.4 0.3663773835 -0.0290470943 -0.9300128222 -0.0011052809 0.9994983077 -0.0316527560 0.9304656982 0.0126247806 0.3661614656
148.9 -104.9 2324.5 0 0 0 0 0 0 0 0 0
251.2 -194.0 2361.7 0 0 0 0 0 0 0 0 0
-230.5 -755.7 2470.5 0 0 0 0 0 0 0 0 0
-46.6 -736.8 2618.3 0 0 0 0 0 0 0 0 0
277.3 304.0 2449.7 8 0.4920655787 0.7824974656 -0.3815352619 -0.4304794967 0.5996406078 0.6746247411 0.7566761971 -0.1677164882 0.6319116354
120.9 184.2 2483.2 0.4920655787 0.7824974656 -0.3815352619 -0.4304794967 0.5996406078 0.6746247411 0.7566761971 -0.1677164882 0.6319116354
-30.4 60.0 2517.9 0.5124305487 0.7611592412 -0.3975569904 -0.4143277109 0.6246579885 0.6619176865 0.7521618605 -0.1744679809 0.6354631782
48.8 242.5 2377.4 0.4610145986 0.2292177528 -0.8572775126 0.8353325725 0.2139280289 0.5064131618 0.2994745672 -0.9495757222 -0.0928491205
-61.5 42.7 2305.8 -0.8066588044 0.2292177528 -0.5447575450 0.5877233744 0.2139280289 -0.7802666426 -0.0623120628 -0.9495757222 -0.3072835505
193.0 125.9 2589.1 -0.1514262855 0.8848367929 -0.4406063259 -0.9873176813 -0.1568963230 0.0242352448 -0.0476852730 0.4386882484 0.8973732591
160.7 -85.3 2578.9 0.3422901332 0.8848367929 -0.3160716891 -0.4198654294 -0.1568963230 -0.8939220309 -0.8405655622 0.4386882484 0.3178083301
-228.5 -29.1 2484.0 0.6469561458 -0.0245267488 -0.7621326447 0.0211865455 0.9996748567 -0.0141865192 0.7622328401 -0.0069689015 0.6472654343
-218.7 -426.5 2486.8 0.6462627053 0.0343345851 -0.7623422146 -0.0578130744 0.9983192086 -0.0040474692 0.7609218955 0.0466890745 0.6471614838
-134.7 -105.6 2621.8 0.3698050976 -0.2002914846 -0.9072637558 0.0743600950 0.9797354937 -0.1859811246 0.9261289239 0.0013125486 0.3772048652
-55.1 -495.1 2621.3 0.3731744289 -0.0329185240 -0.9271770120 0.0018972618 0.9993953109 -0.0347189493 0.9277592301 0.0111971265 0.3730112314
146.4 -108.8 2321.8 0 0 0 0 0 0 0 0 0
249.6 -194.5 2360.4 0 0 0 0 0 0 0 0 0
-230.0 -755.5 2471.4 0 0 0 0 0 0 0 0 0
-47.2 -734.3 2618.6 0 0 0 0 0 0 0 0 0
281.2 311.4 2456.3 9 0.4696048796 0.7771548629 -0.4189291000 -0.4044016302 0.6111443639 0.6804130673 0.7848124504 -0.1501096785 0.6012790799
126.7 189.9 2486.1 0.4696048796 0.7771548629 -0.4189291000 -0.4044016302 0.6111443639 0.6804130673 0.7848124504 -0.1501096785 0.6012790799
-24.4 64.8 2518.4 0.4886910915 0.7604022622 -0.4277492464 -0.3890103102 0.6287587881 0.6733003855 0.7809302211 -0.1626370102 0.6030731201
58.0 244.6 2376.3 0.4512812197 0.2068937123 -0.8680669665 0.8528092504 0.1864767969 0.4877938032 0.2627958059 -0.9604277015 -0.0922873989
-53.6 33.6 2311.3 -0.8047936559 0.2068937123 -0.5563291311 0.5906462073 0.1864767969 -0.7850881815 -0.0586873405 -0.9604277015 -0.2722763419
195.4 135.1 2595.9 -0.1394443959 0.8695720434 -0.4737084806 -0.9898534417 -0.1355966926 0.0424700454 -0.0273025408 0.4748241901 0.8796570897
165.5 -76.6 2590.1 0.3775569201 0.8695720434 -0.3182691336 -0.4371792078 -0.1355966926 -0.8890938759 -0.8162873983 0.4748241901 0.3289633393
-228.7 -26.1 2483.6 0.6188920140 -0.0243192222 -0.7850995064 0.0220721550 0.9996643066 -0.0135661522 0.7851659060 -0.0089328559 0.6192210317
-219.0 -423.6 2487.2 0.6181089878 0.0342501663 -0.7853459120 -0.0563535616 0.9984105229 -0.0008110013 0.7840698361 0.0447583273 0.6190566421
-134.7 -102.1 2621.6 0.3405016065 -0.2018690854 -0.9183177948 0.0740941167 0.9794039726 -0.1878241152 0.9373199940 -0.0040875273 0.3484459519
-54.4 -491.5 2623.2 0.3437625468 -0.0267759766 -0.9386748075 -0.0061994172 0.9995068908 -0.0307815876 0.9390361309 0.0164007936 0.3434270322
153.8 -118.6 2326.4 0 0 0 0 0 0 0 0 0
263.6 -190.1 2378.1 0 0 0 0 0 0 0 0 0
-230.4 -754.0 2472.3 0 0 0 0 0 0 0 0 0
-47.9 -735.4 2619.2 0 0 0 0 0 0 0 0 0
277.4 308.2 2460.5 0 0.4396787584 0.7769106627 -0.4506577253 -0.3768076301 0.6150264144 0.6926460266 0.8152905107 -0.1347304732 0.5631599426
123.1 186.1 2487.3 0.4396787584 0.7769106627 -0.4506577253 -0.3768076301 0.6150264144 0.6926460266 0.8152905107 -0.1347304732 0.5631599426
-27.4 59.8 2517.4 0.4622738659 0.7577024102 -0.4606407583 -0.3584054708 0.6348102093 0.6845155358 0.8110785484 -0.1513374597 0.5650208592
58.2 236.5 2373.3 0.4539598525 0.2306663245 -0.8606471419 0.8515899181 0.1718477309 0.4952402711 0.2621355057 -0.9577376246 -0.1184211522
-50.7 32.2 2310.4 -0.8092432618 0.2306663245 -0.5402947664 0.5804210305 0.1718477309 -0.7959772348 -0.0907567143 -0.9577376246 -0.2729502022
188.0 135.7 2601.2 -0.1251040995 0.8515425920 -0.5091406107 -0.9921401143 -0.1087430641 0.0619110875 -0.0026455845 0.5128841400 0.8584537506
161.3 -76.5 2600.7 0.4159025848 0.8515425920 -0.3192181885 -0.4555145204 -0.1087430641 -0.8835617900 -0.7871032953 0.5128841400 0.3426634967
-220.3 -24.5 2479.2 0.5874075294 -0.0057735359 -0.8092706800 0.0177550539 0.9998258352 0.0057544685 0.8090965152 -0.0177488644 0.5874077082
-218.0 -422.0 2486.3 0.5864027143 0.0351932086 -0.8092547655 -0.0552464686 0.9984669685 0.0033890160 0.8081334233 0.0427211374 0.5874480605
-130.8 -95.9 2622.4 0.3090641499 -0.1892644018 -0.9320183992 0.0710965320 0.9818537235 -0.1758082956 0.9483799934 -0.0119272377 0.3169118166
-55.5 -486.2 2627.1 0.3132644296 -0.0306241028 -0.9491720200 -0.0218128767 0.9989842176 -0.0394303575 0.9494153857 0.0330563001 0.3122782111
158.7 -118.0 2333.9 0 0 0 0 0 0 0 0 0
269.2 -194.7 2396.4 0 0 0 0 0 0 0 0 0
-229.8 -755.9 2472.0 0 0 0 0 0 0 0 0 0
-47.9 -736.0 2618.8 0 0 0 0 0 0 0 0 0
276.5 305.2 2452.6 1 0.4474518597 0.7815863490 -0.4346373081 -0.3656009138 0.6034031510 0.7086893916 0.8161634803 -0.1582005769 0.5557425618
121.4 185.5 2484.0 0.4474518597 0.7815863490 -0.4346373081 -0.3656009138 0.6034031510 0.7086893916 0.8161634803 -0.1582005769 0.5557425618
-29.2 60.2 2517.4 0.4691603184 0.7579849958 -0.4531526864 -0.3482048213 0.6303354502 0.6938520074 0.8115676045 -0.1677378863 0.5596624017
55.5 234.5 2369.9 0.4482449591 0.2622731030 -0.8545696735 0.8503888845 0.1695498228 0.4980879724 0.2755272090 -0.9499819279 -0.1470342726
-49.5 35.4 2305.4 -0.8021765947 0.2622731030 -0.5364004970 0.5855184197 0.1695498228 -0.7927300930 -0.1169651821 -0.9499819279 -0.2895746529
187.4 136.5 2598.1 -0.1275119036 0.8562861681 -0.5005144477 -0.9917582273 -0.1037138030 0.0752271414 0.0125056999 0.5059816837 0.8624535799
160.1 -75.6 2600.8 0.4068731666 0.8562861681 -0.3181638718 -0.4680036604 -0.1037138030 -0.8776195049 -0.7844914198 0.5059816837 0.3585467041
-220.3 -33.6 2473.2 0.5952984095 -0.0082550142 -0.8034623265 0.0340029150 0.9993102551 0.0149261020 0.8027849197 -0.0362055451 0.5951684713
-217.0 -430.8 2487.6 0.5940399170 0.0414404720 -0.8033674359 -0.0605435781 0.9981429577 0.0067194798 0.8021540046 0.0446470976 0.5954457521
-135.7 -99.3 2621.8 0.3205737174 -0.2082347274 -0.9240512848 0.0734593794 0.9780640006 -0.1949217916 0.9443708062 -0.0053934259 0.3288384080
-52.9 -488.1 2624.0 0.3235922456 -0.0219206102 -0.9459426999 -0.0112245688 0.9995723367 -0.0270031355 0.9461300373 0.0193558037 0.3232077956
158.5 -116.4 2335.8 0 0 0 0 0 0 0 0 0
265.8 -197.1 2397.1 0 0 0 0 0 0 0 0 0
-230.6 -759.1 2472.9 0 0 0 0 0 0 0 0 0
-47.4 -736.3 2619.1 0 0 0 0 0 0 0 0 0
279.5 306.9 2449.7 2 0.4568756223 0.7849807739 -0.4184134603 -0.3796115220 0.5974501967 0.7063627839 0.8044624329 -0.1638853550 0.5709481835
123.1 187.9 2482.4 0.4568756223 0.7849807739 -0.4184134603 -0.3796115220 0.5974501967 0.7063627839 0.8044624329 -0.1638853550 0.5709481835
-28.4 63.7 2516.1 0.4761571586 0.7624884844 -0.4380476177 -0.3643865883 0.6244482994 0.6908594370 0.8003104329 -0.1693389714 0.5751761198
56.2 239.1 2369.8 0.4253141582 0.2764576375 -0.8617882729 0.8641764522 0.1588598341 0.4774543047 0.2688994408 -0.9478052258 -0.1713428497
-45.0 33.7 2305.9 -0.7960482240 0.2764576375 -0.5384035110 0.5903849602 0.1588598341 -0.7913337946 -0.1332395822 -0.9478052258 -0.2896765471
190.1 136.6 2594.9 -0.1380580962 0.8618308306 -0.4880446792 -0.9904239178 -0.1198227629 0.0685779378 0.0006237117 0.4928388894 0.8701203465
160.5 -75.2 2595.1 0.3912106752 0.8618308306 -0.3228031397 -0.4613873065 -0.1198227629 -0.8790701032 -0.7962888479 0.4928388894 0.3507618308
-222.9 -33.2 2476.4 0.6062676907 -0.0147844264 -0.7951232195 0.0245787222 0.9996978641 0.0001525871 0.7948807478 -0.0196356215 0.6064479351
-217.0 -430.5 2484.2 0.6049730182 0.0398764610 -0.7952468395 -0.0489373393 0.9987191558 0.0128508769 0.7947407365 0.0311428308 0.6061495543
-136.9 -97.0 2625.1 0.3304326534 -0.2064991742 -0.9209627509 0.0740539059 0.9784364700 -0.1928161681 0.9409199357 -0.0044881306 0.3385994434
-54.8 -486.0 2626.9 0.3344560564 -0.0286939628 -0.9419744015 -0.0173574630 0.9991792440 -0.0365994237 0.9422515035 0.0285911839 0.3336834908
161.7 -119.6 2340.5 0 0 0 0 0 0 0 0 0
262.2 -195.1 2388.2 0 0 0 0 0 0 0 0 0
-230.0 -757.7 2474.0 0 0 0 0 0 0 0 0 0
-47.6 -734.3 2619.8 0 0 0 0 0 0 0 0 0
274.6 301.5 2455.7 3 0.4680609405 0.7832639217 -0.4091657698 -0.4350122511 0.6072542071 0.6648358107 0.7692095041 -0.1331915706 0.6249613762
119.8 181.5 2482.1 0.4680609405 0.7832639217 -0.4091657698 -0.4350122511 0.6072542071 0.6648358107 0.7692095041 -0.1331915706 0.6249613762
-32.1 56.7 2511.0 0.4895727634 0.7639464736 -0.4203621149 -0.4178284407 0.6286692023 0.6558920741 0.7653351426 -0.1454676539 0.6269778609
51.0 240.1 2374.7 0.3876833320 0.2913225293 -0.8745471835 0.8760665059 0.1786598861 0.4478706717 0.2867213190 -0.9397935271 -0.1859544665
-41.0 32.2 2306.6 -0.7928115129 0.2913225293 -0.5353327394 0.5948504210 0.1786598861 -0.7837305665 -0.1326759011 -0.9397935271 -0.3149369657
188.6 122.9 2589.5 -0.1469307989 0.8703356385 -0.4700289667 -0.9873695970 -0.1575220078 0.0169733837 -0.0592673719 0.4665862322 0.8824877739
157.2 -88.0 2576.8 0.3714023829 0.8703356385 -0.3233824074 -0.4122105837 -0.1575220078 -0.8973679543 -0.8319511414 0.4665862322 0.3002575040
-223.6 -27.0 2476.4 0.6219262481 -0.0185192786 -0.7828567624 0.0339570120 0.9994177222 0.0033342806 0.7823392153 -0.0286571551 0.6221929789
-216.3 -424.3 2487.7 0.6207253933 0.0418433100 -0.7829106450 -0.0591598712 0.9982277155 0.0064466042 0.7817928791 0.0423153229 0.6221007705
-136.3 -93.8 2623.1 0.3361489773 -0.2022007555 -0.9198471308 0.0814102292 0.9792639613 -0.1855112165 0.9382836819 -0.0125255585 0.3456397951
-56.0 -483.2 2628.1 0.3412146568 -0.0343217179 -0.9393585920 -0.0174462944 0.9989297986 -0.0428355224 0.9398235083 0.0310044345 0.3402507007
164.9 -122.3 2341.1 0 0 0 0 0 0 0 0 0
253.5 -194.9 2361.1 0 0 0 0 0 0 0 0 0
-230.2 -755.6 2473.7 0 0 0 0 0 0 0 0 0
-47.3 -735.0 2620.3 0 0 0 0 0 0 0 0 0
220.6 358.6 2451.7 4 0.5333855152 0.6459794641 -0.5460864305 -0.3353359103 0.7541754246 0.5645965934 0.7765627503 -0.1180252731 0.6188863516
95.1 212.1 2474.6 0.5333855152 0.6459794641 -0.5460864305 -0.3353359103 0.7541754246 0.5645965934 0.7765627503 -0.1180252731 0.6188863516
-29.0 63.2 2498.8 0.5400451422 0.6355064511 -0.5517995954 -0.3274534345 0.7626238465 0.5578343272 0.7753228545 -0.1205670312 0.6199500561
20.4 257.5 2365.5 0.2297851294 0.2658931017 -0.9362155795 0.9462236762 0.1640508771 0.2788333595 0.2277268618 -0.9499411583 -0.2138978988
-36.4 23.5 2309.2 -0.7990460396 0.2658931017 -0.5392830968 0.5887668729 0.1640508771 -0.7914801836 -0.1219792515 -0.9499411583 -0.2876332700
169.7 166.6 2583.7 0.0436542965 0.8765161633 -0.4793889225 -0.9966745973 0.0051622293 -0.0813209340 -0.0688043982 0.4813447595 0.8738267422
178.9 -42.6 2569.3 0.4574550390 0.8765161633 -0.1498476267 -0.3202072978 0.0051622293 -0.9473334551 -0.8295795321 0.4813447595 0.2830283642
-217.1 -39.7 2464.0 0.5945459604 -0.0030441601 -0.8040558696 0.0467116460 0.9984347224 0.0307600852 0.8027036190 -0.0558470599 0.5937575102
-215.9 -426.9 2485.7 0.5933154225 0.0424863957 -0.8038480878 -0.0558785163 0.9983710647 0.0115240719 0.8030282855 0.0380804278 0.5947230458
-127.1 -107.3 2606.9 0.2972337306 -0.1795094162 -0.9377784729 0.1115072072 0.9819731712 -0.1526263803 0.9482712150 -0.0592033528 0.3118921518
-56.3 -494.4 2630.2 0.3049826026 -0.0351947024 -0.9517073631 -0.0262187887 0.9986278415 -0.0453318805 0.9519969225 0.0387780517 0.3036413789
170.5 -129.0 2340.7 0 0 0 0 0 0 0 0 0
296.7 -125.1 2355.6 0 0 0 0 0 0 0 0 0
-229.9 -756.0 2473.1 0 0 0 0 0 0 0 0 0
-47.8 -736.1 2620.8 0 0 0 0 0 0 0 0 0
193.6 386.2 2443.7 5 0.5724889636 0.5640438795 -0.5950722098 -0.2688773572 0.8147917986 0.5136334300 0.7745717168 -0.1340480447 0.6181179285
83.2 226.8 2469.9 0.5724889636 0.5640438795 -0.5950722098 -0.2688773572 0.8147917986 0.5136334300 0.7745717168 -0.1340480447 0.6181179285
-26.3 66.3 2496.8 0.5746529102 0.5593724847 -0.5973913670 -0.2657324374 0.8179352880 0.5102627873 0.7740544677 -0.1344777197 0.6186723113
3.5 263.7 2361.1 0.1338341981 0.2756091356 -0.9519075751 0.9701312780 0.1596663743 0.1826251447 0.2023207843 -0.9479168057 -0.2460082322
-30.0 20.8 2310.4 -0.8042498231 0.2756091356 -0.5265185833 0.5784245729 0.1596663743 -0.7999572754 -0.1364082247 -0.9479168057 -0.2878307700
163.0 189.9 2578.8 0.1385188848 0.8746852279 -0.4644763172 -0.9885625839 0.0938761830 -0.1180307269 -0.0596364662 0.4755133986 0.8776847124
192.3 -18.6 2566.2 0.4811570048 0.8746852279 -0.0584266558 -0.2864372134 0.0938761830 -0.9534888268 -0.8285177350 0.4755133986 0.2957116067
-195.8 -60.9 2449.0 0.5950665474 0.0556070618 -0.8017503619 0.0454732142 0.9936756492 0.1026690826 0.8023889065 -0.0975531042 0.5887745023
-217.5 -450.2 2487.2 0.5943753719 0.0382812358 -0.8032760620 -0.0613865219 0.9981117845 0.0021441136 0.8018413782 0.0480359159 0.5956029892
-98.2 -115.8 2592.6 0.2987794280 -0.1065084264 -0.9483600855 0.1187284365 0.9901803732 -0.0737999678 0.9469078183 -0.0905473977 0.3084910810
-56.2 -506.6 2628.4 0.3077753484 -0.0396857373 -0.9506310225 -0.0261837002 0.9983980656 -0.0501570590 0.9510986805 0.0403281450 0.3062431812
178.6 -129.2 2345.8 0 0 0 0 0 0 0 0 0
316.7 -92.7 2352.0 0 0 0 0 0 0 0 0 0
-229.2 -753.2 2472.6 0 0 0 0 0 0 0 0 0
-47.1 -736.4 2619.1 0 0 0 0 0 0 0 0 0
180.9 389.9 2415.7 6 0.6282518506 0.5134296417 -0.5845422745 -0.1767390221 0.8258708119 0.5354444385 0.7576693892 -0.2330825478 0.6095979214
80.3 228.0 2461.4 0.6282518506 0.5134296417 -0.5845422745 -0.1767390221 0.8258708119 0.5354444385 0.7576693892 -0.2330825478 0.6095979214
-20.0 65.5 2507.4 0.6287952662 0.5112723708 -0.5858473182 -0.1758622378 0.8274189830 0.5333388448 0.7574225664 -0.2323325127 0.6101906300
-7.3 252.4 2355.6 0.0816835091 0.2773588598 -0.9572877884 0.9795394540 0.1549155861 0.1284665167 0.1839301288 -0.9481947422 -0.2590298951
-26.9 17.8 2311.5 -0.8097895384 0.2773588598 -0.5170231462 0.5687887669 0.1549155861 -0.8077626824 -0.1439451873 -0.9481947422 -0.2832076252
167.8 203.5 2567.3 0.1844548285 0.8922356367 -0.4121795297 -0.9827862978 0.1718653888 -0.0677745044 0.0103685651 0.4175857306 0.9085783958
206.9 -4.6 2569.4 0.4515658319 0.8922356367 0.0019630881 -0.3355572522 0.1718653888 -0.9262092710 -0.8267343044 0.4175857306 0.3770046830
-184.1 -73.4 2457.9 0.6292123795 0.0926201418 -0.7716950774 -0.0004907049 0.9929214120 0.1187720001 0.7772332430 -0.0743541345 0.6248039007
-220.6 -463.7 2487.1 0.6285960674 0.0291819293 -0.7771843076 -0.0607270375 0.9980865121 -0.0116403345 0.7753574848 0.0545131676 0.6291654110
-79.0 -117.2 2598.6 0.3569013178 -0.0599204339 -0.9322183132 0.1009065807 0.9945742488 -0.0252962522 0.9286761284 -0.0850386992 0.3610112071
-55.2 -511.5 2632.4 0.3661690950 -0.0364860669 -0.9298327565 -0.0453818515 0.9973418117 -0.0570065007 0.9294410348 0.0630715489 0.3635399342
183.4 -129.9 2348.9 0 0 0 0 0 0 0 0 0
323.8 -91.4 2355.4 0 0 0 0 0 0 0 0 0
-229.0 -752.9 2471.3 0 0 0 0 0 0 0 0 0
-47.0 -736.1 2618.1 0 0 0 0 0 0 0 0 0
161.6 390.4 2399.3 7 0.6597832441 0.4565479159 -0.5968669057 -0.1025787741 0.8415644169 0.5303272009 0.7444217205 -0.2886750996 0.6020821929
71.7 224.7 2456.2 0.6597832441 0.4565479159 -0.5968669057 -0.1025787741 0.8415644169 0.5303272009 0.7444217205 -0.2886750996 0.6020821929
-17.9 58.8 2513.1 0.6597284675 0.4555956721 -0.5976545215 -0.1026798487 0.8424667120 0.5288730264 0.7444562912 -0.2875455320 0.6025797725
-20.3 238.9 2352.1 -0.0185703710 0.2768100202 -0.9607452154 0.9877877235 0.1537533849 0.0252063628 0.1546951979 -0.9485442042 -0.2762847841
-15.9 3.2 2315.2 -0.8246176839 0.2768100202 -0.4933374524 0.5447925925 0.1537533849 -0.8243548870 -0.1523373723 -0.9485442042 -0.2775917947
163.8 210.4 2560.3 0.2406957597 0.8923829794 -0.3817304969 -0.9692663550 0.2416097522 -0.0463412181 0.0508756973 0.3811526299 0.9231112003
214.9 4.6 2571.1 0.4465075433 0.8923829794 0.0654494390 -0.3502266407 0.2416097522 -0.9049674273 -0.8233907223 0.3811526299 0.4204168618
-175.5 -82.6 2487.0 0.6392086148 0.1188838705 -0.7597887516 -0.0755876228 0.9929074049 0.0917681605 0.7653096318 -0.0012283680 0.6436610818
-222.3 -474.0 2487.5 0.6396993995 0.0235617757 -0.7682639360 -0.0586913638 0.9981091619 -0.0182588380 0.7663810849 0.0567706265 0.6398727298
-60.7 -112.3 2624.4 0.3863667250 -0.0142232701 -0.9222355485 0.0336787254 0.9994318485 -0.0013042769 0.9217301607 -0.0305557903 0.3866262436
-55.1 -508.1 2636.5 0.3915603757 -0.0360001177 -0.9194478989 -0.0612554774 0.9959979057 -0.0650839061 0.9181112051 0.0818054974 0.3877881169
198.3 -138.3 2354.7 0 0 0 0 0 0 0 0 0
330.7 -86.2 2357.5 0 0 0 0 0 0 0 0 0
-229.0 -754.8 2471.5 0 0 0 0 0 0 0 0 0
-46.9 -735.2 2617.9 0 0 0 0 0 0 0 0 0
151.5 392.4 2388.0 8 0.6717557907 0.4307799339 -0.6026382446 -0.0647732317 0.8445685506 0.5315151811 0.7379353642 -0.3180135787 0.5952467918
66.3 225.3 2450.9 0.6717557907 0.4307799339 -0.6026382446 -0.0647732317 0.8445685506 0.5315151811 0.7379353642 -0.3180135787 0.5952467918
-18.8 58.3 2513.9 0.6716406345 0.4303324819 -0.6030861139 -0.0649992153 0.8451036215 0.5306363702 0.7380203009 -0.3171968162 0.5955771804
-27.8 234.3 2347.5 -0.0889857337 0.2718358934 -0.9582206607 0.9881619811 0.1447981447 -0.0506887324 0.1249695569 -0.9513878226 -0.2815028727
-6.0 -7.9 2316.9 -0.8346517682 0.2718358934 -0.4790215492 0.5275731087 0.1447981447 -0.8370782733 -0.1581864953 -0.9513878226 -0.2642693520
160.3 216.3 2554.4 0.2648791969 0.8908696175 -0.3690397441 -0.9613298774 0.2738862038 -0.0288299173 0.0753911957 0.3624053597 0.9289663434
216.7 11.5 2570.4 0.4446168542 0.8908696175 0.0930975229 -0.3622273803 0.2738862038 -0.8909420371 -0.8192113042 0.3624053597 0.4444718063
-166.6 -98.6 2503.5 0.6407744288 0.1486836076 -0.7531940937 -0.1191805452 0.9884385467 0.0937298387 0.7584221363 0.0297063943 0.6510863304
-225.5 -489.6 2491.8 0.6425836086 0.0136548318 -0.7660939097 -0.0627039522 0.9974246621 -0.0348167047 0.7636455297 0.0704097599 0.6417849660
-46.3 -116.1 2638.9 0.3983407021 0.0151092289 -0.9171130657 -0.0214867853 0.9997436404 0.0071379361 0.9169858098 0.0168624800 0.3985632360
-52.3 -512.2 2632.3 0.3988051414 -0.0218064170 -0.9167764187 -0.0397150144 0.9983685613 -0.0410235189 0.9161753058 0.0527701750 0.3972884715
210.8 -144.9 2358.0 0 0 0 0 0 0 0 0 0
332.2 -82.6 2357.7 0 0 0 0 0 0 0 0 0
-229.1 -756.9 2472.9 0 0 0 0 0 0 0 0 0
-47.4 -737.6 2620.4 0 0 0 0 0 0 0 0 0
142.7 388.6 2377.3 9 0.6682541966 0.4138210416 -0.6182139516 -0.0228235442 0.8420206904 0.5389621854 0.7435828447 -0.3460538983 0.5721287131
60.7 221.6 2445.9 0.6682541966 0.4138210416 -0.6182139516 -0.0228235442 0.8420206904 0.5389621854 0.7435828447 -0.3460538983 0.5721287131
-21.3 54.8 2514.5 0.6681959629 0.4133055210 -0.6186216474 -0.0229421761 0.8425483704 0.5381318331 0.7436315417 -0.3453849852 0.5724695325
-33.1 224.8 2341.6 -0.1396650970 0.2599074543 -0.9554798603 0.9851256609 0.1340228915 -0.1075419113 0.1001052335 -0.9562876225 -0.2747597992
0.6 -12.7 2317.4 -0.8376312852 0.2599074543 -0.4804393351 0.5240139961 0.1340228915 -0.8410988450 -0.1542179734 -0.9562876225 -0.2484568954
154.4 218.5 2550.2 0.2851481140 0.8821568489 -0.3748196959 -0.9518744349 0.3064751327 -0.0028441227 0.1123639643 0.3575922847 0.9270933867
215.2 15.4 2574.2 0.4579916000 0.8821568489 0.1097403541 -0.3813354373 0.3064751327 -0.8721560836 -0.8030111790 0.3575922847 0.4767607152
-164.7 -103.3 2510.0 0.6305071115 0.1587293744 -0.7597800493 -0.1319706589 0.9865368605 0.0965857655 0.7648820281 0.0393706635 0.6429660916
-227.6 -494.5 2494.4 0.6324940920 0.0051917396 -0.7745477557 -0.0608846471 0.9972167015 -0.0430340059 0.7721685171 0.0743768215 0.6310498118
-41.9 -114.6 2644.7 0.3922137618 0.0286615435 -0.9194274545 -0.0390698314 0.9991315603 0.0144795831 0.9190440178 0.0302427821 0.3929929733
-53.3 -511.1 2632.7 0.3924326897 -0.0263923258 -0.9194020033 -0.0468908511 0.9977143407 -0.0486549996 0.9185847044 0.0622053556 0.3902981579
218.3 -148.9 2357.5 0 0 0 0 0 0 0 0 0
334.2 -83.6 2365.7 0 0 0 0 0 0 0 0 0
-229.0 -760.7 2474.5 0 0 0 0 0 0 0 0 0
-47.3 -735.3 2618.7 0 0 0 0 0 0 0 0 0
138.0 377.8 2365.5 0 0.6598138213 0.4053905010 -0.6326959729 0.0244578924 0.8299580216 0.5572894216 0.7510309815 -0.3831816614 0.5377027988
57.5 213.0 2441.6 0.6598138213 0.4053905010 -0.6326959729 0.0244578924 0.8299580216 0.5572894216 0.7510309815 -0.3831816614 0.5377027988
-22.8 48.4 2517.6 0.6599102616 0.4045214355 -0.6331515312 0.0246555861 0.8305785656 0.5563554168 0.7509397864 -0.3827553988 0.5381336212
-35.1 209.5 2336.2 -0.1823461503 0.2388689965 -0.9537774920 0.9807027578 0.1137516797 -0.1590052545 0.0705123693 -0.9643661976 -0.2550016642
7.9 -21.8 2319.6 -0.8428939581 0.2388689965 -0.4821528792 0.5173966885 0.1137516797 -0.8481516838 -0.1477514356 -0.9643661976 -0.2194706202
150.2 216.6 2546.9 0.2977422178 0.8731958270 -0.3858479261 -0.9405860305 0.3374406695 0.0378377177 0.1632405221 0.3516573012 0.9217861295
213.7 15.9 2581.8 0.4731081426 0.8731958270 0.1170373559 -0.4136130512 0.3374406695 -0.8456110358 -0.7778772116 0.3516573012 0.5208111405
-164.1 -110.3 2515.4 0.6142001152 0.1671669483 -0.7712414861 -0.1436502337 0.9846615791 0.0990258902 0.7759657502 0.0499673039 0.6287928820
-230.5 -501.2 2495.6 0.6154569983 -0.0096984096 -0.7881107926 -0.0626755953 0.9961555600 -0.0612036474 0.7856745124 0.0870635286 0.6124830246
-41.8 -114.1 2651.4 0.3802849650 0.0358990021 -0.9241724014 -0.0652391836 0.9977985024 0.0119138937 0.9225655794 0.0557615757 0.3817898035
-56.0 -510.4 2629.2 0.3789890110 -0.0384306163 -0.9246028662 -0.0225978382 0.9984550476 -0.0507629588 0.9251252413 0.0401326269 0.3775350451
227.0 -156.3 2358.0 0 0 0 0 0 0 0 0 0
336.5 -91.5 2379.8 0 0 0 0 0 0 0 0 0
-227.9 -764.1 2472.6 0 0 0 0 0 0 0 0 0
-47.4 -735.9 2620.2 0 0 0 0 0 0 0 0 0
137.2 369.1 2362.5 1 0.6818913221 0.4090541601 -0.6063818336 0.0084005306 0.8245751858 0.5656899810 0.7314053178 -0.3908330202 0.5588343740
55.9 205.2 2440.2 0.6818913221 0.4090541601 -0.6063818336 0.0084005306 0.8245751858 0.5656899810 0.7314053178 -0.3908330202 0.5588343740
-25.3 41.5 2517.8 0.6818769574 0.4087626040 -0.6065945625 0.0083716428 0.8248696327 0.5652610660 0.7314189672 -0.3905166686 0.5590375662
-39.9 204.0 2337.4 -0.2479281574 0.2137923986 -0.9448938966 0.9672691226 0.1090512499 -0.2291251123 0.0540566482 -0.9707732201 -0.2338316590
20.8 -32.9 2324.2 -0.8516811728 0.2137923986 -0.4784683585 0.5075388551 0.1090512499 -0.8547000289 -0.1305508018 -0.9707732201 -0.2013848424
151.7 206.4 2542.9 0.2841359675 0.8895245790 -0.3577887416 -0.9469294548 0.3188516796 0.0407214947 0.1503043026 0.3272302449 0.9329142570
212.4 4.1 2575.0 0.4418985844 0.8895245790 0.1160674766 -0.4184669852 0.3188516796 -0.8504228592 -0.7934803367 0.3272302449 0.5131367445
-163.5 -118.6 2525.1 0.6327638626 0.1701716334 -0.7554147840 -0.1646195203 0.9828158617 0.0835065693 0.7566440701 0.0715160817 0.6499039531
-231.1 -509.0 2496.7 0.6345289946 -0.0125502162 -0.7727971673 -0.0686225668 0.9950045943 -0.0725035444 0.7698466778 0.0990369245 0.6304980516
-42.6 -113.9 2662.4 0.4050599635 0.0361317433 -0.9135758877 -0.0916638598 0.9957892299 -0.0012585262 0.9096835256 0.0842516720 0.4066663384
-57.0 -509.4 2628.9 0.4030098915 -0.0439352356 -0.9141404033 -0.0241384208 0.9979892373 -0.0586068779 0.9148772359 0.0456850566 0.4011390209
242.2 -164.8 2358.1 0 0 0 0 0 0 0 0 0
327.1 -104.5 2369.0 0 0 0 0 0 0 0 0 0
-227.9 -763.0 2471.4 0 0 0 0 0 0 0 0 0
-47.0 -737.1 2618.5 0 0 0 0 0 0 0 0 0
123.8 370.2 2353.0 2 0.6702112556 0.3808367252 -0.6370088458 0.0615854263 0.8268073797 0.5591034889 0.7396107912 -0.4139479399 0.5306816101
48.1 205.9 2435.3 0.6702112556 0.3808367252 -0.6370088458 0.0615854263 0.8268073797 0.5591034889 0.7396107912 -0.4139479399 0.5306816101
-27.5 41.8 2517.5 0.6701382995 0.3803265989 -0.6373902559 0.0614268966 0.8273791075 0.5582746267 0.7396900654 -0.4132741094 0.5310961604
-46.0 197.3 2331.4 -0.2649318278 0.1823808849 -0.9468623996 0.9637652636 0.0817597434 -0.2539130151 0.0311063491 -0.9798226953 -0.1974331141
18.2 -36.2 2323.9 -0.8597878814 0.1823808849 -0.4769716859 0.4966896474 0.0817597434 -0.8640686870 -0.1185925305 -0.9798226953 -0.1608827263
142.2 214.6 2539.1 0.3202741444 0.8707353473 -0.3731546998 -0.9287244678 0.3662742972 0.0575673729 0.1868029088 0.3281205595 0.9259814024
210.5 16.3 2579.0 0.4704120159 0.8707353473 0.1432916373 -0.4259806275 0.3662742972 -0.8272748590 -0.7728214860 0.3281205595 0.5432162285
-168.9 -123.1 2528.5 0.6223827600 0.1593093872 -0.7663290501 -0.1495758742 0.9852319956 0.0833365917 0.7682881951 0.0627570823 0.6370202303
-232.2 -514.6 2503.6 0.6225941181 -0.0180377774 -0.7823370099 -0.0823940635 0.9926663637 -0.0884574726 0.7781952024 0.1195330247 0.6165420413
-44.0 -121.5 2662.4 0.3945443630 0.0290597323 -0.9184172750 -0.0884670243 0.9960579872 -0.0064883223 0.9146082997 0.0838095769 0.3955598772
-55.5 -517.3 2629.1 0.3928618431 -0.0390253887 -0.9187690616 -0.0253227316 0.9982611537 -0.0532297678 0.9192487597 0.0441776887 0.3911904991
241.7 -165.3 2354.7 0 0 0 0 0 0 0 0 0
332.7 -94.3 2378.3 0 0 0 0 0 0 0 0 0
-227.7 -765.1 2473.4 0 0 0 0 0 0 0 0 0
-46.9 -738.3 2619.3 0 0 0 0 0 0 0 0 0
119.9 364.2 2358.1 3 0.6547867060 0.3649610877 -0.6618593335 0.0657845736 0.8448482752 0.5309460759 0.7529454231 -0.3911965489 0.5291866064
47.3 196.3 2435.8 0.6547867060 0.3649610877 -0.6618593335 0.0657845736 0.8448482752 0.5309460759 0.7529454231 -0.3911965489 0.5291866064
-25.1 28.5 2513.5 0.6546382904 0.3649611771 -0.6620060802 0.0654410198 0.8450883627 0.5306063890 0.7531043887 -0.3906776011 0.5293437839
-44.7 187.1 2329.9 -0.2717571855 0.1931453347 -0.9427846670 0.9618884921 0.0853657946 -0.2597752512 0.0303071830 -0.9774495363 -0.2089830488
19.2 -38.9 2322.8 -0.8617474437 0.1931453347 -0.4691334367 0.4910826683 0.0853657946 -0.8669201136 -0.1273936331 -0.9774495363 -0.1684140861
139.3 205.4 2541.7 0.3423833251 0.8543681502 -0.3909331262 -0.9229918122 0.3836429715 0.0300699715 0.1756695807 0.3505326211 0.9199277759
212.5 8.2 2579.2 0.4956078827 0.8543681502 0.1562941968 -0.3986607492 0.3836429715 -0.8329992294 -0.7716491818 0.3505326211 0.5307395458
-164.4 -128.1 2532.0 0.6105244756 0.1703434438 -0.7734616399 -0.1580526531 0.9831570983 0.0917684138 0.7760664821 0.0662208050 0.6271647215
-232.1 -518.8 2505.7 0.6104835868 -0.0192422736 -0.7917951345 -0.0980538130 0.9901780486 -0.0996640623 0.7859359384 0.1384818107 0.6026006341
-41.8 -116.8 2667.4 0.3800402582 0.0245512389 -0.9246440530 -0.1015814692 0.9947089553 -0.0153396418 0.9193751216 0.0997563824 0.3805233836
-51.5 -512.1 2627.7 0.3795839548 -0.0204400849 -0.9249314666 -0.0258003492 0.9991331697 -0.0326681137 0.9247974753 0.0362638459 0.3787275851
243.2 -166.6 2355.9 0 0 0 0 0 0 0 0 0
341.1 -95.3 2378.8 0 0 0 0 0 0 0 0 0
-227.3 -765.5 2471.2 0 0 0 0 0 0 0 0 0
-46.9 -736.1 2619.6 0 0 0 0 0 0 0 0 0
128.5 360.2 2359.2 4 0.6665344834 0.3911775947 -0.6345958114 0.0460365601 0.8280408382 0.5587745309 0.7440513372 -0.4016571045 0.5339093208
50.7 195.6 2439.0 0.6665344834 0.3911775947 -0.6345958114 0.0460365601 0.8280408382 0.5587745309 0.7440513372 -0.4016571045 0.5339093208
-27.0 31.1 2518.8 0.6663150787 0.3913446665 -0.6347231865 0.0455722138 0.8282483816 0.5585049391 0.7442764044 -0.4010660052 0.5340399742
-42.9 189.2 2334.4 -0.2941108942 0.2475920469 -0.9231451154 0.9546031356 0.1238349378 -0.2709201574 0.0472399443 -0.9609178305 -0.2727733552
29.8 -47.0 2322.7 -0.8637714982 0.2475920469 -0.4388586581 0.4774599969 0.1238349378 -0.8698832393 -0.1610301435 -0.9609178305 -0.2251804024
144.4 201.9 2543.7 0.3096611798 0.8727707863 -0.3773342669 -0.9340795875 0.3534187376 0.0508975275 0.1777788699 0.3366992474 0.9246773720
210.5 2.3 2581.7 0.4699651003 0.8727707863 0.1319242269 -0.4219713509 0.3534187376 -0.8348864317 -0.7752889991 0.3366992474 0.5343787074
-157.6 -145.2 2522.2 0.6192106009 0.1880018860 -0.7623867393 -0.1509007215 0.9813085794 0.1194256395 0.7705888748 0.0410950966 0.6360062361
-232.3 -535.2 2505.8 0.6188828349 -0.0208774544 -0.7852058411 -0.1089584604 0.9877006412 -0.1121402681 0.7778895497 0.1549565047 0.6089962125
-37.6 -133.3 2660.2 0.3884235620 0.0372867249 -0.9207262397 -0.0978596956 0.9951997399 -0.0009810443 0.9162699580 0.0904830545 0.3902078867
-52.4 -528.9 2624.2 0.3874551356 -0.0288527831 -0.9214369655 -0.0005560213 0.9995025992 -0.0315310396 0.9218884110 0.0127292015 0.3872463703
254.2 -171.0 2364.5 0 0 0 0 0 0 0 0 0
332.6 -107.2 2380.4 0 0 0 0 0 0 0 0 0
-227.4 -765.6 2469.7 0 0 0 0 0 0 0 0 0
-46.4 -737.4 2621.6 0 0 0 0 0 0 0 0 0
133.2 361.6 2361.4 5 0.6688875556 0.4075219333 -0.6217035651 0.0280265491 0.8219186664 0.5689149499 0.7428351045 -0.3979643285 0.5383496881
52.2 198.1 2440.5 0.6688875556 0.4075219333 -0.6217035651 0.0280265491 0.8219186664 0.5689149499 0.7428351045 -0.3979643285 0.5383496881
-28.8 34.9 2519.5 0.6687476635 0.4075934887 -0.6218071580 0.0277444571 0.8220727444 0.5687061548 0.7429715991 -0.3975726068 0.5384507775
-41.9 194.3 2336.0 -0.2706495523 0.2437991798 -0.9312952161 0.9613940716 0.1183967218 -0.2484022528 0.0497020334 -0.9625716209 -0.2664310932
25.8 -46.2 2323.5 -0.8657073975 0.2437991798 -0.4371643364 0.4739620388 0.1183967218 -0.8725492358 -0.1609679759 -0.9625716209 -0.2180484682
146.2 202.0 2545.0 0.2905293107 0.8806917071 -0.3741321266 -0.9413050413 0.3332800567 0.0535646528 0.1718647182 0.3366103470 0.9258272052
208.3 0.8 2581.8 0.4593883455 0.8806917071 0.1155182570 -0.4276349545 0.3332800567 -0.8402694464 -0.7785182595 0.3366103470 0.5297195315
