-209.3 400.7 2660.2 0 0.3910883963 0.4826597273 -0.7836385965 -0.3083451390 0.8709606528 0.3825582564 0.8671638370 0.0920170620 0.4894483984
-306.4 225.5 2641.7 0.3910883963 0.4826597273 -0.7836385965 -0.3083451390 0.8709606528 0.3825582564 0.8671638370 0.0920170620 0.4894483984
-399.9 50.7 2627.7 0.4035292566 0.4702896774 -0.7848514318 -0.2854903042 0.8796841502 0.3803302050 0.8692867160 0.0705931187 0.4892414212
-365.3 267.2 2514.8 -0.1522975713 0.3563078642 -0.9218731523 0.9812349081 0.1661128700 -0.0979010612 0.1182520837 -0.9194841981 -0.3749202788
-318.4 -35.3 2478.4 -0.8369811773 0.3563078642 -0.4153398871 0.4941753149 0.1661128700 -0.8533447385 -0.2350601405 -0.9194841981 -0.3151119053
-247.5 183.8 2768.6 -0.3683973849 0.5266497135 -0.7661092877 -0.8945624232 0.0235050451 0.4463245571 0.2530641258 0.8497573733 0.4624618292
-318.8 10.8 2817.6 0.7200570703 0.5266497135 -0.4518383443 -0.5436544418 0.0235050451 -0.8389799595 -0.4312280715 0.8497573733 0.3032404184
-528.3 -96.2 2530.8 -0.9434971213 -0.0702628866 0.3238460422 -0.1102180928 0.9881618023 -0.1067153886 -0.3125141561 -0.1363793612 -0.9400721192
-500.4 -488.8 2585.0 -0.9528070688 -0.0544704720 0.2986496687 -0.0172559023 0.9918981194 0.1258585453 -0.3030856252 0.1147654355 -0.9460274577
-456.3 -149.9 2690.4 -0.5101692080 -0.0130723584 0.8599746823 -0.1872751415 0.9775817990 -0.0962385461 -0.8394375443 -0.2101498246 -0.5011802912
-451.2 -537.3 2773.7 -0.5396711230 -0.2075396329 0.8158935905 -0.0680908188 0.9767228365 0.2034113854 -0.8391178250 0.0542203821 -0.5412406325
-83.5 -174.0 2544.3 0 0 0 0 0 0 0 0 0
-131.6 -130.6 2705.4 0 0 0 0 0 0 0 0 0
-482.1 -822.0 2546.4 0 0 0 0 0 0 0 0 0
-393.6 -808.2 2758.7 0 0 0 0 0 0 0 0 0
-203.8 408.1 2658.0 1 0.4159624875 0.4885864258 -0.7669801116 -0.3213373721 0.8679688573 0.3786454201 0.8507158756 0.0889570862 0.5180435777
-302.1 233.6 2640.1 0.4159624875 0.4885864258 -0.7669801116 -0.3213373721 0.8679688573 0.3786454201 0.8507158756 0.0889570862 0.5180435777
-396.0 59.0 2626.4 0.4288126528 0.4727289081 -0.7698357701 -0.2979921401 0.8784817457 0.3734575212 0.8528308272 0.0692616925 0.5175735950
-364.7 277.1 2515.6 -0.1648446769 0.3401766121 -0.9258002639 0.9807040691 0.1565489173 -0.1170982346 0.1050989479 -0.9272390604 -0.3594188392
-312.1 -35.8 2482.1 -0.8409523368 0.3401766121 -0.4208076298 0.4918958247 0.1565489173 -0.8564642072 -0.2254721075 -0.9272390604 -0.2989816368
-239.5 190.1 2764.6 -0.4392046928 0.5236074328 -0.7300236225 -0.8545446396 0.0072594578 0.5193272233 0.2772231400 0.8519287109 0.4442575276
-323.6 26.4 2817.7 0.6348960400 0.5236074328 -0.5681041479 -0.6701211333 0.0072594578 -0.7422162294 -0.3845058084 0.8519287109 0.3554894030
-530.3 -97.9 2534.0 -0.9525638223 -0.0614125393 0.2980782092 -0.1027647853 0.9868085384 -0.1250933707 -0.2864638269 -0.1497913599 -0.9463091493
-505.9 -490.0 2593.6 -0.9603863955 -0.0736249089 0.2687701583 -0.0315825678 0.9870104194 0.1575215161 -0.2768764496 0.1427930743 -0.9502366185
-456.3 -150.2 2693.4 -0.5350334048 -0.0058008488 0.8448110223 -0.1585997194 0.9828872681 -0.0936949998 -0.8298104405 -0.1841167361 -0.5267975330
-454.0 -540.1 2766.4 -0.5484728813 -0.2205010951 0.8065709472 -0.1032678708 0.9750815630 0.1963459253 -0.8297669888 0.0243975576 -0.5575764775
-73.3 -175.4 2546.1 0 0 0 0 0 0 0 0 0
-159.6 -146.7 2718.4 0 0 0 0 0 0 0 0 0
-480.9 -824.3 2545.2 0 0 0 0 0 0 0 0 0
-393.2 -808.9 2759.7 0 0 0 0 0 0 0 0 0
-203.4 409.1 2657.4 2 0.4479594827 0.4945779145 -0.7447986007 -0.3393236399 0.8647770286 0.3701623082 0.8271588683 0.0869100764 0.5552070737
-302.9 235.2 2639.9 0.4479594827 0.4945779145 -0.7447986007 -0.3393236399 0.8647770286 0.3701623082 0.8271588683 0.0869100764 0.5552070737
-397.2 60.9 2625.6 0.4603916407 0.4744523466 -0.7502896190 -0.3169732094 0.8773360848 0.3602906764 0.8291969299 0.0719468743 0.5543068647
-370.0 281.5 2518.9 -0.1869110465 0.3429742754 -0.9205611944 0.9771879315 0.1610973030 -0.1383883953 0.1008362621 -0.9254276156 -0.3652611971
-309.7 -33.8 2486.4 -0.8409166932 0.3429742754 -0.4186021388 0.4916862249 0.1610973030 -0.8557407856 -0.2260614038 -0.9254276156 -0.3041051328
-235.7 189.0 2760.9 -0.4770514667 0.5263467431 -0.7038331032 -0.8291192651 -0.0038927610 0.5590581894 0.2915185988 0.8502610922 0.4382613003
-321.9 39.2 2813.5 0.5755980015 0.5263467431 -0.6258162856 -0.7343816161 -0.0038927610 -0.6787256598 -0.3596811891 0.8502610922 0.3842987120
-529.2 -88.2 2534.5 -0.9629687071 -0.0545183644 0.2640435398 -0.0897735506 0.9882946610 -0.1233467683 -0.2542281449 -0.1424832046 -0.9565911293
-507.5 -480.9 2591.1 -0.9678895473 -0.0756134689 0.2397340387 -0.0409669280 0.9883850217 0.1463444978 -0.2480151653 0.1318241507 -0.9597452283
-450.6 -142.8 2690.8 -0.5653602481 0.0245978571 0.8244772553 -0.1313973218 0.9841054678 -0.1194620058 -0.8143110871 -0.1758731753 -0.5531420112
-460.4 -533.4 2760.6 -0.5617480278 -0.2405756116 0.7915570140 -0.1462527663 0.9705944061 0.1911980212 -0.8142783642 -0.0083622998 -0.5804142952
-66.7 -175.9 2551.7 0 0 0 0 0 0 0 0 0
-172.4 -151.6 2720.1 0 0 0 0 0 0 0 0 0
-481.1 -826.5 2545.0 0 0 0 0 0 0 0 0 0
-391.8 -810.1 2762.9 0 0 0 0 0 0 0 0 0
-200.5 409.9 2656.6 3 0.4823813736 0.4889572561 -0.7267936468 -0.3526972532 0.8678978086 0.3497971594 0.8018184900 0.0876024812 0.5911116004
-298.8 235.5 2639.0 0.4823813736 0.4889572561 -0.7267936468 -0.3526972532 0.8678978086 0.3497971594 0.8018184900 0.0876024812 0.5911116004
-391.1 60.2 2623.7 0.4945500493 0.4644238651 -0.7346636653 -0.3303586245 0.8822719455 0.3353497088 0.8039175272 0.0768552646 0.5897540450
-370.9 283.7 2521.7 -0.1882187426 0.3431016207 -0.9202472568 0.9772255421 0.1589216292 -0.1406207979 0.0979999676 -0.9257565737 -0.3651996851
-309.1 -37.5 2489.5 -0.8466892838 0.3431016207 -0.4066922665 0.4790590405 0.1589216292 -0.8632765412 -0.2315593660 -0.9257565737 -0.2989231646
-226.6 187.4 2756.2 -0.5308506489 0.5054674149 -0.6802207828 -0.7918664217 -0.0099127721 0.6106138825 0.3019025326 0.8627887368 0.4055248797
-322.3 44.7 2810.6 0.5534780025 0.5054674149 -0.6619401574 -0.7633838058 -0.0099127721 -0.6458691359 -0.3330274522 0.8627887368 0.3803791404
-533.6 -84.4 2535.4 -0.9704951048 -0.0621648990 0.2329695821 -0.0935837552 0.9875642657 -0.1263287067 -0.2222192287 -0.1444035619 -0.9642438889
-508.9 -476.9 2592.8 -0.9749724865 -0.0792856216 0.2077074647 -0.0497835204 0.9883826971 0.1436008811 -0.2166799605 0.1296665072 -0.9675930738
-449.3 -142.5 2687.3 -0.5928968787 0.0200390741 0.8050290346 -0.1417100430 0.9814931750 -0.1287999004 -0.7927114964 -0.1904457510 -0.5790845156
-457.2 -532.2 2762.9 -0.5934195518 -0.2298939675 0.7713637352 -0.1395041943 0.9732153416 0.1827306896 -0.7927116752 0.0008274940 -0.6095961928
-64.0 -176.2 2556.5 0 0 0 0 0 0 0 0 0
-177.7 -154.7 2723.6 0 0 0 0 0 0 0 0 0
-480.9 -826.3 2546.9 0 0 0 0 0 0 0 0 0
-391.5 -810.5 2762.7 0 0 0 0 0 0 0 0 0
-199.3 414.6 2666.2 4 0.4913275540 0.4787585437 -0.7275902033 -0.3632557988 0.8718902469 0.3284091949 0.7916074991 0.1029448807 0.6022955179
-295.3 239.6 2645.5 0.4913275540 0.4787585437 -0.7275902033 -0.3632557988 0.8718902469 0.3284091949 0.7916074991 0.1029448807 0.6022955179
-387.7 64.6 2628.1 0.5020356178 0.4646452665 -0.7294278741 -0.3433576524 0.8811833858 0.3249943554 0.7937667966 0.0872958899 0.6019249558
-368.6 289.7 2529.7 -0.1840865016 0.3823624253 -0.9054894447 0.9765467644 0.1758037955 -0.1242955551 0.1116625369 -0.9071339369 -0.4057579339
-306.6 -39.3 2492.1 -0.8396973014 0.3823624253 -0.3856259584 0.4758256972 0.1758037955 -0.8617905378 -0.2617218196 -0.9071339369 -0.3295598626
-222.1 189.5 2761.4 -0.5648769140 0.4872925878 -0.6659279466 -0.7693474293 -0.0192162562 0.6385415196 0.2983599007 0.8730273247 0.3857521117
-323.8 50.9 2815.1 0.5394244194 0.4872925878 -0.6867074966 -0.7795770168 -0.0192162562 -0.6260115504 -0.3182467222 0.8730273247 0.3695163727
-528.7 -84.8 2534.7 -0.9729556441 -0.0488733537 0.2257625014 -0.0813710615 0.9872282743 -0.1369637400 -0.2161852419 -0.1516301781 -0.9645062089
-509.2 -477.1 2595.0 -0.9758920074 -0.0811003968 0.2026266158 -0.0511964597 0.9875572920 0.1486926079 -0.2121644169 0.1347341537 -0.9679013491
-438.1 -145.3 2682.0 -0.6003758311 0.0457465611 0.7984085083 -0.1395801306 0.9770441651 -0.1609413475 -0.7874428630 -0.2080672532 -0.5802083611
-456.2 -533.3 2764.6 -0.6009724140 -0.2245543897 0.7670772672 -0.1370008588 0.9744598269 0.1779292524 -0.7874407768 0.0018403264 -0.6163876057
-63.7 -176.9 2567.8 0 0 0 0 0 0 0 0 0
-182.4 -153.4 2731.7 0 0 0 0 0 0 0 0 0
-480.6 -826.2 2547.4 0 0 0 0 0 0 0 0 0
-392.2 -811.1 2764.1 0 0 0 0 0 0 0 0 0
-198.2 413.3 2661.5 5 0.5469592214 0.4936752915 -0.6761067510 -0.3982896805 0.8638155460 0.3085255325 0.7363429666 0.1005354375 0.6690976620
-297.2 240.2 2641.3 0.5469592214 0.4936752915 -0.6761067510 -0.3982896805 0.8638155460 0.3085255325 0.7363429666 0.1005354375 0.6690976620
-392.2 66.5 2623.7 0.5571684837 0.4777281582 -0.6792194843 -0.3800260425 0.8739549518 0.3029570878 0.7383383512 0.0893229321 0.6684892774
-378.3 295.5 2533.9 -0.2123789340 0.4105519652 -0.8867594004 0.9701322317 0.1974321306 -0.1409395784 0.1172117740 -0.8902065158 -0.4402201176
-305.8 -35.4 2493.9 -0.8298026323 0.4105519652 -0.3779876232 0.4855963290 0.1974321306 -0.8515965939 -0.2749977708 -0.8902065158 -0.3631922305
-216.2 184.8 2748.7 -0.5648579597 0.5393310785 -0.6245458126 -0.7640369534 -0.0558983870 0.6427463889 0.3117420077 0.8402364850 0.4436435103
-318.0 47.1 2804.9 0.5017012358 0.5393310785 -0.6763267517 -0.7800480723 -0.0558983870 -0.6232177019 -0.3739262819 0.8402364850 0.3926599026
-526.0 -79.1 2538.1 -0.9874383211 -0.0396998078 0.1529362798 -0.0598299615 0.9897910357 -0.1293603182 -0.1462393850 -0.1368855089 -0.9797328115
-510.3 -472.4 2592.4 -0.9869426489 -0.0842197239 0.1372999549 -0.0658673272 0.9889078736 0.1331266165 -0.1469888985 0.1223447621 -0.9815426469
-434.0 -142.0 2683.5 -0.6597083211 0.0447852537 0.7501861453 -0.1174871475 0.9798030853 -0.1618104875 -0.7422814369 -0.1948849559 -0.6411225796
-451.8 -531.2 2760.9 -0.6535952091 -0.2058147341 0.7283224463 -0.1481404752 0.9784899950 0.1435679346 -0.7422046065 -0.0140587091 -0.6700258851
-62.8 -177.6 2574.5 0 0 0 0 0 0 0 0 0
-186.5 -157.4 2706.9 0 0 0 0 0 0 0 0 0
-480.0 -827.3 2548.5 0 0 0 0 0 0 0 0 0
-393.3 -809.4 2764.9 0 0 0 0 0 0 0 0 0
-198.5 416.5 2668.6 6 0.5825095773 0.4914816618 -0.6474012136 -0.4319682121 0.8618819714 0.2656367719 0.6885390878 0.1249207854 0.7143589854
-296.9 243.9 2643.6 0.5825095773 0.4914816618 -0.6474012136 -0.4319682121 0.8618819714 0.2656367719 0.6885390878 0.1249207854 0.7143589854
-390.8 70.4 2620.5 0.5933734775 0.4717446566 -0.6522000432 -0.4123897254 0.8740089536 0.2569884956 0.6912616491 0.1164704487 0.7131563425
-383.3 303.8 2543.1 -0.2116741985 0.4810358882 -0.8507634997 0.9680464268 0.2229547650 -0.1147924215 0.1344624907 -0.8478771448 -0.5128588676
-310.0 -31.3 2496.5 -0.8019870520 0.4810358882 -0.3541485369 0.5025822520 0.2229547650 -0.8352857232 -0.3228433132 -0.8478771448 -0.4205669463
-210.5 184.0 2744.1 -0.5519233942 0.5698546767 -0.6088071465 -0.7798998952 -0.0943047702 0.6187590957 0.2951893508 0.8163162470 0.4964786172
-310.0 43.3 2797.3 0.4909845889 0.5698546767 -0.6589383483 -0.7575042248 -0.0943047702 -0.6459829211 -0.4302574396 0.8163162470 0.3853651583
-538.0 -72.4 2538.6 -0.9910790324 -0.0683071017 0.1144400910 -0.0832450241 0.9878416061 -0.1312983781 -0.1040800661 -0.1396536380 -0.9847152829
-510.9 -464.8 2594.1 -0.9921635985 -0.0842014849 0.0923122391 -0.0713622645 0.9883396626 0.1345069110 -0.1025615260 0.1268652380 -0.9866034389
-436.2 -141.9 2673.5 -0.6920856833 0.0423613973 0.7205712199 -0.1282695234 0.9751700759 -0.1805277169 -0.7103269100 -0.2173679769 -0.6694675684
-453.1 -529.2 2759.8 -0.6874188185 -0.2011657655 0.6978450418 -0.1520165354 0.9794433713 0.1325959861 -0.7101734281 -0.0149350017 -0.7038683295
-74.0 -179.2 2591.5 0 0 0 0 0 0 0 0 0
-181.3 -155.3 2684.5 0 0 0 0 0 0 0 0 0
-480.1 -825.8 2547.8 0 0 0 0 0 0 0 0 0
-394.6 -814.1 2764.2 0 0 0 0 0 0 0 0 0
-196.9 413.4 2663.2 7 0.5984011889 0.5022543669 -0.6242247820 -0.4344860315 0.8580324054 0.2738653719 0.6731551886 0.1073355973 0.7316701412
-297.7 241.3 2641.7 0.5984011889 0.5022543669 -0.6242247820 -0.4344860315 0.8580324054 0.2738653719 0.6731551886 0.1073355973 0.7316701412
-393.6 68.5 2621.7 0.6089925766 0.4824050963 -0.6296136379 -0.4158972800 0.8701253533 0.2644074857 0.6753942966 0.1008323804 0.7305308580
-386.5 301.9 2543.3 -0.1306654215 0.4750772715 -0.8701885343 0.9764826894 0.2134881765 -0.0300729554 0.1714880019 -0.8536535501 -0.4918002486
-344.0 -15.7 2487.5 -0.8119152188 0.4750772715 -0.3392569423 0.4803749621 0.2134881765 -0.8506836891 -0.3317131102 -0.8536535501 -0.4015495181
-208.9 180.7 2740.1 -0.5542622805 0.5887280107 -0.5883814096 -0.7708349824 -0.0963767320 0.6297022700 0.3140170872 0.8025651574 0.5072301626
-308.9 41.7 2796.7 0.4713778496 0.5887280107 -0.6566599011 -0.7656367421 -0.0963767320 -0.6360124946 -0.4377250969 0.8025651574 0.4053219557
-538.9 -65.5 2534.3 -0.9933398962 -0.0764001384 0.0862489715 -0.0883656442 0.9855162501 -0.1447384208 -0.0739417300 -0.1513958871 -0.9857037663
-508.5 -457.0 2594.4 -0.9952042699 -0.0753764361 0.0623448193 -0.0669650435 0.9895793200 0.1274695098 -0.0713033378 0.1226832718 -0.9898810983
-430.4 -140.7 2660.5 -0.7147978544 0.0778380930 0.6949857473 -0.1538840532 0.9519218802 -0.2648856640 -0.6821903586 -0.2962869406 -0.6684536934
-461.2 -517.5 2777.7 -0.7208583355 -0.2156668752 0.6586737037 -0.1276991814 0.9754124880 0.1796202511 -0.6812166572 0.0453686602 -0.7306746840
-142.2 -135.0 2569.9 0 0 0 0 0 0 0 0 0
-185.1 -159.4 2681.7 0 0 0 0 0 0 0 0 0
-480.3 -827.2 2548.5 0 0 0 0 0 0 0 0 0
-395.1 -816.6 2763.8 0 0 0 0 0 0 0 0 0
-196.5 412.6 2669.0 8 0.5812239051 0.4938746691 -0.6467353106 -0.4246797860 0.8620449305 0.2766326666 0.6941367984 0.1138698980 0.7107796669
-296.2 238.5 2646.0 0.5812239051 0.4938746691 -0.6467353106 -0.4246797860 0.8620449305 0.2766326666 0.6941367984 0.1138698980 0.7107796669
-391.7 65.4 2626.0 0.5913423896 0.4803579748 -0.6477425098 -0.4066775441 0.8712496161 0.2748407423 0.6963673830 0.1008973494 0.7105576396
-382.5 297.8 2544.4 -0.0348000340 0.5174592733 -0.8549998999 0.9774196148 0.1960394382 0.0788633898 0.2084222883 -0.8329492211 -0.5125970244
-371.8 -1.8 2480.5 -0.7848812342 0.5174592733 -0.3408772647 0.4964980781 0.1960394382 -0.8456111550 -0.3707439303 -0.8329492211 -0.4107852280
-210.0 179.1 2747.5 -0.5649361610 0.5663792491 -0.6000514030 -0.7643587589 -0.0852885842 0.6391255856 0.3108099401 0.8197197318 0.4810995460
-311.9 41.2 2803.6 0.4812092483 0.5663792491 -0.6690681577 -0.7732508183 -0.0852885842 -0.6283382773 -0.4129416347 0.8197197318 0.3969115615
-545.2 -66.3 2539.9 -0.9901239872 -0.0907438323 0.1068646982 -0.1021789387 0.9890056849 -0.1068983003 -0.0959894285 -0.1167618930 -0.9885103106
-509.1 -459.0 2586.3 -0.9931169748 -0.0809660628 0.0846354440 -0.0714308619 0.9913406968 0.1101873145 -0.0928239971 0.1033833101 -0.9903007746
-433.7 -142.4 2663.5 -0.6960003972 0.0616361648 0.7153910995 -0.1452777833 0.9636160135 -0.2243625820 -0.7031911612 -0.2600868940 -0.6617227793
-458.1 -524.2 2766.5 -0.6972929239 -0.2145133764 0.6839346886 -0.1394530088 0.9765351415 0.1641096175 -0.7030899525 0.0190557204 -0.7108455896
-172.6 -127.8 2574.7 0 0 0 0 0 0 0 0 0
-185.4 -162.0 2695.1 0 0 0 0 0 0 0 0 0
-479.2 -825.6 2548.0 0 0 0 0 0 0 0 0 0
-395.3 -810.1 2760.9 0 0 0 0 0 0 0 0 0
-199.0 409.6 2671.9 9 0.5570729971 0.5080351233 -0.6569398642 -0.4191274941 0.8549082875 0.3057187498 0.7169392109 0.1050339043 0.6891778111
-301.6 237.1 2650.7 0.5570729971 0.5080351233 -0.6569398642 -0.4191274941 0.8549082875 0.3057187498 0.7169392109 0.1050339043 0.6891778111
-398.9 64.9 2632.0 0.5684801340 0.4899236560 -0.6609123945 -0.3994490504 0.8666716218 0.2988657653 0.7192153931 0.0941015780 0.6883851290
-384.5 295.4 2545.7 0.0273938682 0.4711477757 -0.8816288114 0.9761189818 0.1775280237 0.1252019107 0.2155024260 -0.8640043736 -0.4550331235
-392.5 9.4 2482.6 -0.8077985048 0.4711477757 -0.3542334139 0.4802256525 0.1775280237 -0.8589919209 -0.3418257833 -0.8640043736 -0.3696641326
-218.6 178.9 2755.6 -0.5842069387 0.5441102386 -0.6022012234 -0.7488348484 -0.0752463937 0.6584712267 0.3129674494 0.8356327415 0.4514081776
-324.0 43.8 2812.1 0.4798571169 0.5441102386 -0.6882449985 -0.7890877128 -0.0752463937 -0.6096544862 -0.3835071921 0.8356327415 0.3932431638
-541.3 -70.5 2542.2 -0.9884151220 -0.0832172483 0.1269267797 -0.0961131677 0.9904241562 -0.0991070122 -0.1174639389 -0.1101582050 -0.9869485497
-508.2 -463.9 2585.9 -0.9912052155 -0.0785152391 0.1065250635 -0.0665039867 0.9914838076 0.1119689345 -0.1144091412 0.1038998440 -0.9879854918
-433.0 -145.0 2669.7 -0.6791371107 0.0611206144 0.7314622998 -0.1304043084 0.9706274271 -0.2021809667 -0.7223347425 -0.2326944321 -0.6512187123
-457.2 -530.0 2762.0 -0.6741852164 -0.2174547613 0.7058241367 -0.1535197049 0.9760600924 0.1540726572 -0.7224306464 -0.0044844123 -0.6914288402
-184.5 -114.2 2570.6 0 0 0 0 0 0 0 0 0
-197.8 -163.7 2711.2 0 0 0 0 0 0 0 0 0
-479.8 -823.7 2548.2 0 0 0 0 0 0 0 0 0
-395.0 -809.2 2763.3 0 0 0 0 0 0 0 0 0
-200.3 406.8 2674.3 0 0.5495041609 0.5144249797 -0.6583403945 -0.4224294722 0.8508969545 0.3122942150 0.7208318114 0.1064954102 0.6848797202
-303.9 235.4 2652.9 0.5495041609 0.5144249797 -0.6583403945 -0.4224294722 0.8508969545 0.3122942150 0.7208318114 0.1064954102 0.6848797202
-402.2 63.8 2633.7 0.5612821579 0.4948866665 -0.6633622646 -0.4024226367 0.8635876775 0.3037637174 0.7232000828 0.0964548439 0.6838699579
-385.8 294.1 2547.3 0.0710683390 0.4195520878 -0.9049449563 0.9751172066 0.1617712677 0.1515798718 0.2099897414 -0.8931999207 -0.3976156712
-406.0 17.4 2487.7 -0.8263312578 0.4195520878 -0.3757029176 0.4753319323 0.1617712677 -0.8648061156 -0.3020532727 -0.8931999207 -0.3331031799
-222.0 176.7 2758.4 -0.5915263295 0.5379388332 -0.6005983949 -0.7442360520 -0.0777241215 0.6633790135 0.3101763427 0.8393930793 0.4463293254
-328.7 42.4 2814.4 0.4772132039 0.5379388332 -0.6949024200 -0.7927474380 -0.0777241215 -0.6045746207 -0.3792348802 0.8393930793 0.3893586695
-548.4 -70.7 2547.4 -0.9867159724 -0.0952926502 0.1315709800 -0.1074991450 0.9902126789 -0.0890099630 -0.1218012646 -0.1019713208 -0.9873025417
-510.5 -464.1 2587.9 -0.9907186031 -0.0806009620 0.1094538495 -0.0680257529 0.9911341071 0.1141301170 -0.1176824421 0.1056251526 -0.9874179363
-444.2 -143.8 2679.1 -0.6762928367 0.0418006591 0.7354459167 -0.1436193585 0.9717471600 -0.1872991920 -0.7224966884 -0.2322933823 -0.6511822939
-460.8 -529.6 2771.3 -0.6774176955 -0.2249411941 0.7003618479 -0.1387863308 0.9740817547 0.1786145270 -0.7223874927 0.0237959810 -0.6910789609
-191.4 -106.0 2566.1 0 0 0 0 0 0 0 0 0
-203.1 -166.2 2714.6 0 0 0 0 0 0 0 0 0
-481.2 -824.6 2549.5 0 0 0 0 0 0 0 0 0
-396.3 -809.0 2764.5 0 0 0 0 0 0 0 0 0
-198.7 407.1 2675.0 1 0.5373203754 0.5192896724 -0.6645487547 -0.4143388867 0.8488504887 0.3282927871 0.7345815897 0.0989499912 0.6712665558
-303.1 236.4 2655.1 0.5373203754 0.5192896724 -0.6645487547 -0.4143388867 0.8488504887 0.3282927871 0.7345815897 0.0989499912 0.6712665558
-401.5 64.7 2637.2 0.5504190922 0.4951493144 -0.6722097397 -0.3922204673 0.8641257882 0.3153564632 0.7370223403 0.0900762156 0.6698390245
-383.5 293.6 2547.5 0.0442491882 0.4362108707 -0.8987558484 0.9807181358 0.1524488926 0.1222755313 0.1903522462 -0.8868367672 -0.4210541546
-396.1 14.1 2493.3 -0.8166736960 0.4362108707 -0.3778414130 0.4808974564 0.1524488926 -0.8634216785 -0.3190324008 -0.8868367672 -0.3342736959
-222.7 179.1 2762.8 -0.5974969864 0.5258663893 -0.6053609252 -0.7381064892 -0.0656585246 0.6714817286 0.3133625686 0.8480291963 0.4273761809
-330.6 45.9 2819.3 0.4808983803 0.5258663893 -0.7015705705 -0.7994145155 -0.0656585246 -0.5971812010 -0.3601016104 0.8480291963 0.3888101578
-552.0 -70.9 2548.2 -0.9843544364 -0.1034081876 0.1426640898 -0.1155741140 0.9900892973 -0.0797857046 -0.1329997033 -0.0950256884 -0.9865501523
-510.9 -464.3 2586.0 -0.9895700216 -0.0785905421 0.1207257211 -0.0656820238 0.9920419455 0.1074183062 -0.1282070428 0.0983684286 -0.9868569374
-449.1 -144.6 2680.8 -0.6661704183 0.0243420117 0.7454022169 -0.1453272253 0.9760714173 -0.1617546082 -0.7315032482 -0.2160833627 -0.6466923356
-458.8 -532.2 2766.6 -0.6668567657 -0.2208824754 0.7116972804 -0.1423116922 0.9752310514 0.1693275124 -0.7314707637 0.0116343489 -0.6817735434
-183.1 -111.3 2576.5 0 0 0 0 0 0 0 0 0
-204.0 -164.4 2724.6 0 0 0 0 0 0 0 0 0
-482.3 -825.9 2550.1 0 0 0 0 0 0 0 0 0
-396.5 -807.4 2763.3 0 0 0 0 0 0 0 0 0
-198.3 407.2 2684.9 2 0.5145832300 0.5164170861 -0.6844834089 -0.4235253036 0.8471897840 0.3207736611 0.7455403805 0.1248313114 0.6546653509
-301.5 237.8 2659.9 0.5145832300 0.5164170861 -0.6844834089 -0.4235253036 0.8471897840 0.3207736611 0.7455403805 0.1248313114 0.6546653509
-398.8 65.9 2638.6 0.5318811536 0.4894737899 -0.6910266280 -0.3940753341 0.8653505445 0.3096337318 0.7495378852 0.1076281965 0.6531532407
-379.2 295.4 2550.5 0.0660876110 0.4483496845 -0.8914117813 0.9771181941 0.1519274116 0.1488560140 0.2021694332 -0.8808522224 -0.4280501008
-398.0 17.7 2493.1 -0.8110821247 0.4483496845 -0.3756705225 0.4833126366 0.1519274116 -0.8621641397 -0.3294763565 -0.8808522224 -0.3399186730
-223.9 180.2 2769.4 -0.6030095220 0.5031340718 -0.6190602183 -0.7417249084 -0.0679710656 0.6672511101 0.2936386168 0.8615311980 0.4141742885
-332.7 46.4 2822.4 0.4931757748 0.5031340718 -0.7096715569 -0.7960547209 -0.0679710656 -0.6013957262 -0.3508198261 0.8615311980 0.3670005798
-550.4 -71.1 2551.8 -0.9810788035 -0.0911051780 0.1708339155 -0.1075602472 0.9901471138 -0.0896634012 -0.1609819084 -0.1063418016 -0.9812116027
-514.2 -464.5 2594.0 -0.9852180481 -0.0891485214 0.1462802738 -0.0697296634 0.9886742234 0.1328950375 -0.1564709246 0.1207305118 -0.9802759886
-449.5 -143.0 2686.9 -0.6460377574 0.0182779711 0.7630865574 -0.1533422470 0.9762246609 -0.1532044858 -0.7477442026 -0.2159892917 -0.6278752089
-456.7 -530.8 2772.7 -0.6534218192 -0.2144263834 0.7259898186 -0.1213874072 0.9763123393 0.1791070998 -0.7471981049 0.0289064609 -0.6639724374
-187.7 -107.6 2578.5 0 0 0 0 0 0 0 0 0
-202.9 -163.1 2730.0 0 0 0 0 0 0 0 0 0
-481.8 -823.9 2550.1 0 0 0 0 0 0 0 0 0
-395.0 -811.8 2764.4 0 0 0 0 0 0 0 0 0
-199.1 409.5 2690.8 3 0.4837426245 0.5009966493 -0.7176318169 -0.4099844694 0.8541401029 0.3199333847 0.7732436657 0.1394524872 0.6185848117
-299.2 238.9 2663.0 0.4837426245 0.5009966493 -0.7176318169 -0.4099844694 0.8541401029 0.3199333847 0.7732436657 0.1394524872 0.6185848117
-395.8 67.0 2639.1 0.4966483712 0.4868554175 -0.7185486555 -0.3875228465 0.8651515245 0.3183376789 0.7766379118 0.1203521490 0.6183437109
-371.6 295.5 2549.7 0.0906142592 0.4785935283 -0.8733482957 0.9759936333 0.1317255348 0.1734496206 0.1980541348 -0.8680994511 -0.4551680386
-396.8 24.8 2494.7 -0.7765939236 0.4785935283 -0.4096951485 0.5248275995 0.1317255348 -0.8409544230 -0.3485080302 -0.8680994511 -0.3534763455
-226.7 182.4 2776.3 -0.6176915765 0.4638815522 -0.6350362897 -0.7371757030 -0.0602816045 0.6730067730 0.2739143968 0.8838438988 0.3791976571
-338.2 49.4 2825.7 0.5055210590 0.4638815522 -0.7275041938 -0.8012905717 -0.0602816045 -0.5952306986 -0.3199716508 0.8838438988 0.3412303030
-544.7 -69.9 2548.5 -0.9740064740 -0.0742539540 0.2140039355 -0.0970112830 0.9904598594 -0.0978676304 -0.2046952546 -0.1160845086 -0.9719178081
-515.2 -463.5 2594.6 -0.9773623347 -0.0941665992 0.1894612312 -0.0667093247 0.9869709611 0.1464179009 -0.2007804066 0.1304645091 -0.9709100127
-447.2 -142.2 2685.9 -0.6129562259 0.0323251970 0.7894553542 -0.1746037453 0.9689190388 -0.1752410084 -0.7705830336 -0.2452569306 -0.5882608294
-460.1 -527.0 2783.3 -0.6336300373 -0.2262023687 0.7398279905 -0.0952640101 0.9718350172 0.2155490965 -0.7677484751 0.0660993904 -0.6373327971
-195.5 -111.2 2585.1 0 0 0 0 0 0 0 0 0
-205.2 -161.4 2741.5 0 0 0 0 0 0 0 0 0
-480.6 -826.8 2546.6 0 0 0 0 0 0 0 0 0
-393.1 -814.9 2763.7 0 0 0 0 0 0 0 0 0
-204.6 405.0 2693.3 4 0.4539444149 0.4921850860 -0.7427572608 -0.3963763714 0.8581162691 0.3263774216 0.7980101705 0.1462542117 0.5846276283
-303.0 233.4 2664.1 0.4539444149 0.4921850860 -0.7427572608 -0.3963763714 0.8581162691 0.3263774216 0.7980101705 0.1462542117 0.5846276283
-398.4 61.0 2638.9 0.4659152329 0.4803740382 -0.7430772185 -0.3751325011 0.8678270578 0.3258095384 0.8013729453 0.1269527972 0.5845377445
-371.0 288.2 2547.2 0.0508351438 0.5172979832 -0.8542941809 0.9822522402 0.1287406087 0.1364052296 0.1805445105 -0.8460665941 -0.5015725493
-384.7 22.9 2498.4 -0.7519552112 0.5172979832 -0.4086148739 0.5404042006 0.1287406087 -0.8314981461 -0.3775269985 -0.8460665941 -0.3763571978
-235.1 178.7 2781.0 -0.6270128489 0.4283733964 -0.6506543756 -0.7343900204 -0.0464300066 0.6771377325 0.2598579228 0.9024081826 0.3437053561
-348.2 46.2 2827.8 0.5189813972 0.4283733964 -0.7396989465 -0.8048881888 -0.0464300066 -0.5916073322 -0.2877730727 0.9024081826 0.3206963837
-538.0 -69.4 2544.1 -0.9654738903 -0.0662210509 0.2519423366 -0.0942744911 0.9904149175 -0.1009486392 -0.2428425252 -0.1212150082 -0.9624626637
-511.7 -462.9 2592.2 -0.9698861837 -0.0836055130 0.2287595719 -0.0524307862 0.9888868928 0.1391176730 -0.2378483415 0.1229342595 -0.9634912014
-447.0 -140.4 2686.3 -0.5801634789 0.0318019651 0.8138789535 -0.1505429000 0.9778345823 -0.1455210894 -0.8004668355 -0.2069497257 -0.5625163317
-459.7 -528.6 2768.5 -0.5859875083 -0.2254902124 0.7783141136 -0.1262133271 0.9741778970 0.1872099638 -0.8004304171 0.0114690932 -0.5993159413
-189.7 -117.3 2596.3 0 0 0 0 0 0 0 0 0
-211.7 -165.5 2752.2 0 0 0 0 0 0 0 0 0
-480.8 -828.0 2546.8 0 0 0 0 0 0 0 0 0
-394.4 -810.7 2765.2 0 0 0 0 0 0 0 0 0
-210.7 400.4 2695.0 5 0.4475843608 0.4793578386 -0.7549068332 -0.3873451352 0.8648074865 0.3194866478 0.8059974909 0.1494122595 0.5727512240
-307.2 226.3 2665.0 0.4475843608 0.4793578386 -0.7549068332 -0.3873451352 0.8648074865 0.3194866478 0.8059974909 0.1494122595 0.5727512240
-401.1 53.2 2638.9 0.4571337104 0.4727874100 -0.7533265352 -0.3699328005 0.8713371754 0.3223681748 0.8088130355 0.1313148290 0.5732171535
-373.9 280.4 2546.9 -0.0041290922 0.5379035473 -0.8429962993 0.9860455990 0.1424873620 0.0860893279 0.1664240658 -0.8308773041 -0.5309857726
-372.8 17.0 2502.5 -0.7423916459 0.5379035473 -0.3993925452 0.5470218062 0.1424873620 -0.8249027133 -0.3868097067 -0.8308773041 -0.4000264108
-240.5 172.3 2783.0 -0.6258598566 0.4160319567 -0.6597096920 -0.7376828194 -0.0411316752 0.6738933325 0.2532261908 0.9084193110 0.3326422870
-353.4 39.2 2828.7 0.5285334587 0.4160319567 -0.7399796247 -0.8019753695 -0.0411316752 -0.5959392786 -0.2783663869 0.9084193110 0.3119079173
-536.5 -77.1 2540.3 -0.9621016383 -0.0606298782 0.2658655047 -0.0898185074 0.9910224080 -0.0990311354 -0.2574744225 -0.1191576645 -0.9589099884
-512.4 -471.0 2587.7 -0.9658713937 -0.0837411433 0.2451119572 -0.0531339571 0.9902291298 0.1289302856 -0.2535137534 0.1115062982 -0.9608834982
-451.2 -145.9 2687.1 -0.5676630735 0.0190960485 0.8230394721 -0.1468339264 0.9813527465 -0.1240428537 -0.8100607395 -0.1912646741 -0.5542737842
-458.7 -535.6 2763.0 -0.5698224902 -0.2310972065 0.7886040807 -0.1378509998 0.9729260206 0.1855048537 -0.8101230860 -0.0030050133 -0.5862521529
-180.1 -124.9 2602.9 0 0 0 0 0 0 0 0 0
-214.4 -171.8 2755.5 0 0 0 0 0 0 0 0 0
-482.4 -825.7 2547.7 0 0 0 0 0 0 0 0 0
-393.3 -811.1 2763.9 0 0 0 0 0 0 0 0 0
-215.2 399.1 2696.4 6 0.4675402045 0.4625147283 -0.7533168793 -0.3891612589 0.8728641868 0.2943834364 0.7936999798 0.1555256546 0.5880919099
-308.2 223.6 2665.1 0.4675402045 0.4625147283 -0.7533168793 -0.3891612589 0.8728641868 0.2943834364 0.7936999798 0.1555256546 0.5880919099
-400.9 50.0 2638.2 0.4742732048 0.4666413665 -0.7465324998 -0.3765027225 0.8740203977 0.3071385622 0.7958081961 0.1354039162 0.5902161598
-377.4 278.6 2548.9 -0.1147279069 0.5854671001 -0.8025370836 0.9834857583 0.1807756722 -0.0087161735 0.1399761587 -0.7902837992 -0.5965385437
-344.4 -4.6 2508.6 -0.7336466908 0.5854671001 -0.3449504972 0.5329299569 0.1807756722 -0.8266231418 -0.4216019809 -0.7902837992 -0.4446384013
-239.0 168.7 2781.3 -0.6145713925 0.4317063093 -0.6602512002 -0.7470487356 -0.0496285334 0.6629141569 0.2534169257 0.9006479383 0.3530059457
-349.8 33.9 2827.0 0.5314012170 0.4317063093 -0.7288637757 -0.7928230762 -0.0496285334 -0.6074277759 -0.2984028459 0.9006479383 0.3158940673
-536.9 -86.1 2538.7 -0.9659512043 -0.0561012253 0.2525685430 -0.0875969827 0.9894686937 -0.1152321026 -0.2434440106 -0.1334328353 -0.9606928229
-514.6 -479.2 2591.7 -0.9689956307 -0.0906930566 0.2298308164 -0.0589085445 0.9881731868 0.1415751278 -0.2399525344 0.1236466765 -0.9628781080
-453.1 -153.9 2687.0 -0.5798158050 0.0129239252 0.8146450520 -0.1336678714 0.9848172665 -0.1107604504 -0.8037079573 -0.1731125414 -0.5692850947
-458.3 -545.1 2755.7 -0.5721880794 -0.2362798750 0.7853487134 -0.1664448828 0.9711269736 0.1709049493 -0.8030547500 -0.0329275019 -0.5949948430
-151.1 -145.0 2619.7 0 0 0 0 0 0 0 0 0
-210.0 -174.7 2748.5 0 0 0 0 0 0 0 0 0
-482.9 -825.2 2548.5 0 0 0 0 0 0 0 0 0
-392.8 -814.1 2764.8 0 0 0 0 0 0 0 0 0
-214.8 396.4 2696.1 7 0.4513772428 0.4742224216 -0.7558913231 -0.3767872453 0.8691640496 0.3202892840 0.8088819385 0.1402389109 0.5710018277
-310.1 221.8 2667.9 0.4513772428 0.4742224216 -0.7558913231 -0.3767872453 0.8691640496 0.3202892840 0.8088819385 0.1402389109 0.5710018277
-402.9 47.9 2643.7 0.4609166980 0.4674004316 -0.7543822527 -0.3591113389 0.8755882978 0.3230854273 0.8115385771 0.1219917536 0.5714220405
-377.4 274.3 2549.4 -0.1396378726 0.5641107559 -0.8138060570 0.9825699925 0.1807844341 -0.0432800241 0.1227087379 -0.8056649566 -0.5795226693
-337.7 -4.6 2514.6 -0.7434552312 0.5641107559 -0.3592400253 0.5357255936 0.1807844341 -0.8248121738 -0.4003404081 -0.8056649566 -0.4366137087
-242.8 169.4 2786.4 -0.6209421158 0.4177487195 -0.6632623076 -0.7389758229 -0.0297707915 0.6730738878 0.2614299059 0.9080747366 0.3271921277
-354.8 36.1 2833.6 0.5333684683 0.4177487195 -0.7355297804 -0.8010828495 -0.0297707915 -0.5978126526 -0.2716327906 0.9080747366 0.3187725246
-537.1 -89.2 2538.4 -0.9622175097 -0.0596903078 0.2656585872 -0.0942907929 0.9883525372 -0.1194510087 -0.2554342747 -0.1399870217 -0.9566383958
-513.4 -482.0 2594.0 -0.9667221904 -0.0885004178 0.2400330752 -0.0533676855 0.9873791337 0.1491117030 -0.2502000928 0.1313395798 -0.9592444301
-450.2 -158.2 2684.3 -0.5678505898 0.0253111366 0.8227424026 -0.1441078931 0.9810329080 -0.1296430230 -0.8104187846 -0.1921815425 -0.5534325838
-460.2 -547.9 2760.6 -0.5650727749 -0.2457474321 0.7875918746 -0.1552199423 0.9692285657 0.1910569072 -0.8103082776 -0.0142889107 -0.5858296156
-140.2 -146.9 2621.0 0 0 0 0 0 0 0 0 0
-214.5 -174.7 2762.1 0 0 0 0 0 0 0 0 0
-482.5 -826.1 2548.2 0 0 0 0 0 0 0 0 0
-392.2 -816.0 2764.5 0 0 0 0 0 0 0 0 0
-215.9 395.7 2696.4 8 0.3945001364 0.4776697159 -0.7849848866 -0.3433070779 0.8690260649 0.3562778831 0.8523554802 0.1289392114 0.5068182945
-311.6 221.6 2670.6 0.3945001364 0.4776697159 -0.7849848866 -0.3433070779 0.8690260649 0.3562778831 0.8523554802 0.1289392114 0.5068182945
-404.9 47.6 2648.7 0.4047851264 0.4692893624 -0.7848035097 -0.3243527114 0.8761410117 0.3566122055 0.8549528122 0.1102018282 0.5068641305
-370.5 268.8 2546.1 -0.1589677781 0.5762218833 -0.8016842008 0.9821118712 0.1753006279 -0.0687453821 0.1009231508 -0.7982718945 -0.5937815309
-324.4 -16.1 2516.8 -0.7345656157 0.5762218833 -0.3583039343 0.5392829776 0.1753006279 -0.8236768842 -0.4118097425 -0.7982718945 -0.4395164549
-252.6 174.5 2795.1 -0.6449127197 0.3591436744 -0.6746134758 -0.7204663157 0.0088044200 0.6934340596 0.2549820244 0.9332407713 0.2530728579
-369.0 44.5 2841.1 0.5388960242 0.3591436744 -0.7619756460 -0.8183671832 0.0088044200 -0.5746282935 -0.1996653527 0.9332407713 0.2986560762
-538.1 -93.2 2545.1 -0.9456444979 -0.0522831157 0.3209719658 -0.0916378051 0.9898365736 -0.1087479591 -0.3120241165 -0.1322500706 -0.9408245683
-517.3 -486.5 2597.6 -0.9503552914 -0.1031971052 0.2935561538 -0.0535772592 0.9835829735 0.1723196208 -0.3065197170 0.1480369270 -0.9402822852
-453.6 -159.0 2693.8 -0.5159665346 0.0111248503 0.8565365076 -0.1240662038 0.9884020090 -0.0875734165 -0.8475766182 -0.1514521837 -0.5086020827
-458.0 -551.3 2753.9 -0.5076310039 -0.2384061217 0.8279331326 -0.1594655812 0.9703488350 0.1816419959 -0.8466885090 -0.0398197249 -0.5305967331
-125.8 -161.9 2628.2 0 0 0 0 0 0 0 0 0
-227.5 -170.3 2788.7 0 0 0 0 0 0 0 0 0
-481.6 -827.0 2546.4 0 0 0 0 0 0 0 0 0
-393.7 -813.1 2764.7 0 0 0 0 0 0 0 0 0
-216.2 395.2 2705.6 9 0.3790188432 0.4769797921 -0.7929911613 -0.3709115386 0.8633847833 0.3420399129 0.8478026390 0.1644899994 0.5041564107
-311.6 222.6 2672.7 0.3790188432 0.4769797921 -0.7929911613 -0.3709115386 0.8633847833 0.3420399129 0.8478026390 0.1644899994 0.5041564107
-404.2 49.4 2643.6 0.3896594644 0.4665591121 -0.7940328121 -0.3513378203 0.8722829819 0.3401237726 0.8513091207 0.1464412957 0.5038131475
-368.4 273.8 2548.6 -0.1674711853 0.5948992968 -0.7861604691 0.9803522229 0.1847917140 -0.0690041035 0.1042254493 -0.7822703123 -0.6141580939
-319.2 -14.2 2518.0 -0.7263123393 0.5948992968 -0.3443330228 0.5404884815 0.1847917140 -0.8208070993 -0.4246676266 -0.7822703123 -0.4557527006
-254.7 171.4 2796.8 -0.6489115953 0.3425033689 -0.6794152856 -0.7280951738 -0.0202935711 0.6851755977 0.2208871841 0.9392973781 0.2625437975
-371.7 40.1 2836.6 0.5437316298 0.3425033689 -0.7661901712 -0.8110435009 -0.0202935711 -0.5846337080 -0.2157877684 0.9392973781 0.2667508721
-535.3 -96.8 2548.6 -0.9396778941 -0.0526574329 0.3379832506 -0.0848244578 0.9930890203 -0.0811109468 -0.3313763738 -0.1048874110 -0.9376504421
-514.4 -491.3 2590.3 -0.9438319206 -0.0995433033 0.3150752187 -0.0496847890 0.9854559302 0.1625054628 -0.3266690969 0.1377234012 -0.9350505471
-461.3 -156.0 2704.9 -0.5007447004 -0.0000097460 0.8655950427 -0.1180937141 0.9906504154 -0.0683057830 -0.8575013876 -0.1364250928 -0.4960640669
-461.2 -549.5 2759.1 -0.4933303297 -0.2474122792 0.8339138627 -0.1481142938 0.9685884118 0.1997465193 -0.8571390510 -0.0249735434 -0.5144793391
-121.0 -161.7 2633.9 0 0 0 0 0 0 0 0 0
-228.8 -173.0 2779.9 0 0 0 0 0 0 0 0 0
-480.2 -829.3 2543.1 0 0 0 0 0 0 0 0 0
-393.2 -815.9 2766.0 0 0 0 0 0 0 0 0 0
-214.1 394.3 2709.7 0 0.3635523617 0.4875897765 -0.7937794924 -0.3778684139 0.8560234308 0.3527595699 0.8514958024 0.1716976166 0.4954541326
-311.8 222.8 2675.3 0.3635523617 0.4875897765 -0.7937794924 -0.3778684139 0.8560234308 0.3527595699 0.8514958024 0.1716976166 0.4954541326
-406.2 50.8 2644.8 0.3750490844 0.4752751589 -0.7958967686 -0.3573031425 0.8663445711 0.3489721715 0.8553786278 0.1534947455 0.4947390556
-366.6 275.0 2550.5 -0.1938093007 0.6154401898 -0.7639838457 0.9748466015 0.2081774473 -0.0796006024 0.1100548059 -0.7601944208 -0.6403064728
-307.5 -22.2 2516.9 -0.7190111876 0.6154401898 -0.3228874207 0.5433987975 0.2081774473 -0.8132526875 -0.4332904816 -0.7601944208 -0.4841113687
-257.1 170.7 2800.1 -0.6602466106 0.3310996890 -0.6741271615 -0.7204749584 -0.0257284325 0.6930035353 0.2121089995 0.9432449341 0.2555361390
-376.2 40.7 2838.3 0.5365214944 0.3310996890 -0.7762201428 -0.8171802759 -0.0257284325 -0.5758076310 -0.2106206566 0.9432449341 0.2567642629
-532.6 -91.6 2536.6 -0.9360260367 -0.0415859297 0.3494651318 -0.0859450102 0.9899394512 -0.1123981029 -0.3412751257 -0.1352423280 -0.9301832318
-516.1 -484.7 2590.4 -0.9403560162 -0.1005089432 0.3250054419 -0.0497459397 0.9857157469 0.1609030068 -0.3365351856 0.1351384073 -0.9319236279
-461.3 -155.9 2692.4 -0.4918869138 -0.0037932449 0.8706508279 -0.1434502453 0.9866773486 -0.0767455623 -0.8587603569 -0.1626452208 -0.4858777821
-459.7 -547.7 2757.0 -0.4907690883 -0.2457482517 0.8359147906 -0.1478794366 0.9689735770 0.1980451941 -0.8586485982 -0.0264201351 -0.5118833780
-107.7 -173.2 2637.3 0 0 0 0 0 0 0 0 0
-235.1 -174.2 2782.9 0 0 0 0 0 0 0 0 0
-481.2 -827.2 2543.4 0 0 0 0 0 0 0 0 0
-392.3 -813.7 2764.3 0 0 0 0 0 0 0 0 0
-205.0 395.4 2713.2 1 0.3747737110 0.5153600574 -0.7706806660 -0.4070217311 0.8383339047 0.3626700640 0.8329933882 0.1777645648 0.5239482522
-309.1 226.0 2677.3 0.3747737110 0.5153600574 -0.7706806660 -0.4070217311 0.8383339047 0.3626700640 0.8329933882 0.1777645648 0.5239482522
-406.0 55.5 2645.5 0.3912545443 0.4876028001 -0.7804892063 -0.3791443110 0.8581835628 0.3460788131 0.8385519981 0.1605131477 0.5206400752
-366.2 281.3 2554.9 -0.2018545419 0.6257613897 -0.7534437180 0.9727000594 0.2180136740 -0.0795273483 0.1144958809 -0.7489277124 -0.6526852250
-302.5 -25.9 2518.8 -0.7146723866 0.6257613897 -0.3125156164 0.5449344516 0.2180136740 -0.8096397519 -0.4385086298 -0.7489277124 -0.4968073070
-252.1 170.6 2799.7 -0.6624299884 0.3529330194 -0.6607758999 -0.7183302045 -0.0489610136 0.6939773560 0.2125752568 0.9343667030 0.2859556973
-371.6 41.0 2838.0 0.5230382085 0.3529330194 -0.7758023739 -0.8176999092 -0.0489610136 -0.5735588074 -0.2404119074 0.9343667030 0.2629848123
-535.0 -88.6 2535.9 -0.9439693689 -0.0429763868 0.3272229135 -0.0851279646 0.9896412492 -0.1156000569 -0.3188652396 -0.1369787306 -0.9378495812
-518.0 -481.8 2590.3 -0.9466276169 -0.1079761535 0.3037059605 -0.0630407929 0.9860461354 0.1540743858 -0.3161044419 0.1267051995 -0.9402253628
-466.3 -154.0 2692.6 -0.5131367445 -0.0149288112 0.8581770658 -0.1422128528 0.9875075221 -0.0678558350 -0.8464432955 -0.1568631232 -0.5088494420
-460.4 -546.3 2754.9 -0.5093104243 -0.2416107804 0.8259704113 -0.1578558385 0.9697241187 0.1863240749 -0.8459813595 -0.0354874618 -0.5320302844
-99.1 -181.0 2643.6 0 0 0 0 0 0 0 0 0
-234.0 -174.0 2774.8 0 0 0 0 0 0 0 0 0
-480.0 -828.8 2545.8 0 0 0 0 0 0 0 0 0
-394.5 -810.9 2764.6 0 0 0 0 0 0 0 0 0
-201.5 396.1 2723.5 2 0.3120047450 0.5158973932 -0.7978113294 -0.3974306583 0.8335999846 0.3836142719 0.8629611135 0.1973852068 0.4651206136
-305.1 228.7 2683.9 0.3120047450 0.5158973932 -0.7978113294 -0.3974306583 0.8335999846 0.3836142719 0.8629611135 0.1973852068 0.4651206136
-404.0 60.0 2649.0 0.3275465965 0.4985345006 -0.8026061058 -0.3716524243 0.8489716649 0.3756614923 0.8686701059 0.1752438545 0.4633593559
-352.8 282.8 2557.3 -0.1543372869 0.6555809379 -0.7391844392 0.9788275361 0.2032630146 -0.0240998454 0.1344494522 -0.7272535563 -0.6730717421
-304.7 -22.3 2515.4 -0.6798190475 0.6555809379 -0.3287242949 0.5781262517 0.2032630146 -0.7902241349 -0.4512383938 -0.7272535563 -0.5171906352
-257.4 174.6 2810.4 -0.6924499869 0.2916605473 -0.6598841548 -0.6980240345 -0.0395762734 0.7149798870 0.1824156642 0.9557027817 0.2309906632
-382.2 48.8 2843.3 0.5148631930 0.2916605473 -0.8061327338 -0.8355578184 -0.0395762734 -0.5479752421 -0.1917265058 0.9557027817 0.2233228832
-538.8 -80.2 2536.8 -0.9222375154 -0.0664689317 0.3808672726 -0.1100080758 0.9895054698 -0.0936867148 -0.3706429899 -0.1282998770 -0.9198711514
-512.4 -473.3 2587.7 -0.9308157563 -0.0864426717 0.3551192582 -0.0392500423 0.9896514416 0.1380199939 -0.3633750975 0.1145327315 -0.9245759845
-467.1 -149.7 2690.4 -0.4621690214 -0.0041890210 0.8867819309 -0.1501587778 0.9859184027 -0.0736017451 -0.8739863634 -0.1671745330 -0.4562899768
-465.4 -541.4 2756.8 -0.4643723369 -0.2489996850 0.8499161601 -0.1416666806 0.9681903720 0.2062474042 -0.8742361665 -0.0246292092 -0.4848757684
-108.6 -189.0 2645.5 0 0 0 0 0 0 0 0 0
-246.9 -170.8 2792.9 0 0 0 0 0 0 0 0 0
-481.4 -827.7 2546.7 0 0 0 0 0 0 0 0 0
-395.9 -811.5 2763.7 0 0 0 0 0 0 0 0 0
-198.8 396.8 2729.1 3 0.3439465165 0.5042139888 -0.7921294570 -0.4110861719 0.8393141031 0.3557527363 0.8442209363 0.2032735348 0.4959545434
-300.9 226.8 2687.9 0.3439465165 0.5042139888 -0.7921294570 -0.4110861719 0.8393141031 0.3557527363 0.8442209363 0.2032735348 0.4959545434
-398.8 57.7 2651.7 0.3572919667 0.4925762415 -0.7935433984 -0.3884552121 0.8510245085 0.3533550203 0.8493791819 0.1820051521 0.4954080582
-353.0 283.4 2564.1 -0.1607602239 0.6815552115 -0.7138897777 0.9741227627 0.2259908766 -0.0036069008 0.1588742733 -0.6959961057 -0.7002487779
