-182.1 404.0 2817.7 0 0.3084504008 0.4097504616 -0.8584654331 -0.4220370054 0.8677330017 0.2625342011 0.8524922729 0.2813253999 0.4405824542
-264.7 228.9 2760.9 0.3084504008 0.4097504616 -0.8584654331 -0.4220370054 0.8677330017 0.2625342011 0.8524922729 0.2813253999 0.4405824542
-341.6 53.2 2709.1 0.3208815157 0.3872688711 -0.8643251061 -0.3947115242 0.8842374086 0.2496537417 0.8609517217 0.2610498071 0.4365949333
-311.5 286.5 2635.3 0.0337846763 0.5370011330 -0.8429046869 0.9725832343 0.1764986515 0.1514268219 0.2300879210 -0.8249108791 -0.5163154006
-320.1 37.8 2576.5 -0.7029116750 0.5370011330 -0.4664170742 0.6342827678 0.1764986515 -0.7526842952 -0.3218703270 -0.8249108791 -0.4646735489
-217.9 171.3 2886.5 -0.1645677537 0.2461357713 -0.9551621079 -0.9783397317 0.0825506896 0.1898335963 0.1255741268 0.9657135010 0.2272192091
-260.8 -83.9 2919.3 0.4779451191 0.2461357713 -0.8431996703 -0.8771401048 0.0825506896 -0.4730862677 -0.0468367375 0.9657135010 0.2553502619
-448.0 -88.4 2580.1 0.4170751870 0.1087119356 -0.9023469687 0.0682674944 0.9862689376 0.1503766179 0.9063044786 -0.1243193150 0.4039268196
-491.2 -480.3 2629.5 0.4331474304 -0.0207652282 -0.9010838270 -0.1592860371 0.9822355509 -0.0992035195 0.8871365190 0.1864998341 0.4221451879
-389.5 -157.8 2735.7 -0.7139291167 0.1363794059 0.6868084669 0.0185939148 0.9841960669 -0.1761034429 -0.6999710798 -0.1129549146 -0.7051820159
-443.4 -546.7 2780.3 -0.7167038918 0.0234212484 0.6969842315 -0.0424176343 0.9961213470 -0.0770911127 -0.6960864067 -0.0848159194 -0.7129305601
-121.4 -141.5 2667.5 0 0 0 0 0 0 0 0 0
-136.7 -311.7 2907.1 0 0 0 0 0 0 0 0 0
-483.7 -831.0 2562.9 0 0 0 0 0 0 0 0 0
-452.2 -918.9 2812.0 0 0 0 0 0 0 0 0 0
-184.9 401.1 2817.2 1 0.2772533000 0.4120940566 -0.8679338098 -0.4188365638 0.8648359179 0.2768297791 0.8647002578 0.2867704332 0.4123786688
-267.8 227.1 2759.5 0.2772533000 0.4120940566 -0.8679338098 -0.4188365638 0.8648359179 0.2768297791 0.8647002578 0.2867704332 0.4123786688
-345.3 51.8 2707.1 0.2905613482 0.3899640441 -0.8737860918 -0.3898490965 0.8822007775 0.2640823424 0.8738374114 0.2639125884 0.4083605707
-310.2 284.0 2632.0 0.0292000119 0.5001360178 -0.8654544353 0.9784662724 0.1626882553 0.1270286292 0.2043308616 -0.8505272269 -0.4846157134
-317.8 31.7 2579.3 -0.7249060273 0.5001360178 -0.4736826420 0.6159288287 0.1626882553 -0.7708204389 -0.3084524572 -0.8505272269 -0.4259818792
-225.5 170.2 2887.0 -0.1799020022 0.2184725255 -0.9591168165 -0.9750564098 0.0892516449 0.2032220066 0.1300011724 0.9717530012 0.1969664842
-272.4 -84.2 2920.9 0.4686310291 0.2184725255 -0.8559525013 -0.8830609918 0.0892516449 -0.4606923163 -0.0242534392 0.9717530012 0.2347506583
-448.0 -86.3 2578.4 0.3915989697 0.1059982032 -0.9140101671 0.0782338828 0.9859099388 0.1478550136 0.9168040752 -0.1294064373 0.3777886629
-490.1 -478.1 2629.8 0.4075421989 -0.0183491316 -0.9130020142 -0.1591445208 0.9830712676 -0.0907956511 0.8992120624 0.1823023260 0.3977228701
-389.3 -157.7 2734.9 -0.6912617683 0.1385778189 0.7091920376 0.0295461416 0.9860385060 -0.1638751328 -0.7220001221 -0.0923267305 -0.6857051849
-444.3 -548.4 2771.5 -0.6950542331 -0.0035069978 0.7189487815 -0.0797555894 0.9941922426 -0.0722552538 -0.7145199180 -0.1075615063 -0.6912972331
-112.0 -143.1 2666.9 0 0 0 0 0 0 0 0 0
-150.7 -313.5 2914.6 0 0 0 0 0 0 0 0 0
-483.5 -832.1 2564.2 0 0 0 0 0 0 0 0 0
-442.9 -923.8 2812.1 0 0 0 0 0 0 0 0 0
-187.4 400.9 2819.0 2 0.2545427680 0.4008685648 -0.8800638318 -0.4180705845 0.8662196398 0.2736430764 0.8720234632 0.2982749343 0.3880812824
-267.7 227.3 2759.2 0.2545427680 0.4008685648 -0.8800638318 -0.4180705845 0.8662196398 0.2736430764 0.8720234632 0.2982749343 0.3880812824
-344.7 52.5 2704.6 0.2661032379 0.3880217075 -0.8823991418 -0.3924856782 0.8797023892 0.2684747577 0.8804226518 0.2748870254 0.3863846064
-306.5 284.6 2630.7 0.0476381890 0.5184866190 -0.8537576795 0.9755814672 0.1593187451 0.1511899382 0.2144095600 -0.8401125669 -0.4982362986
-318.7 35.4 2576.0 -0.7073629498 0.5184866190 -0.4804261625 0.6319221258 0.1593187451 -0.7584800124 -0.3167208731 -0.8401125669 -0.4403393567
-228.8 170.0 2887.7 -0.1884118021 0.1942720860 -0.9626834393 -0.9742019773 0.0870183408 0.2082266957 0.1242237464 0.9770804048 0.1728649735
-278.0 -84.1 2920.1 0.4643296003 0.1942720860 -0.8640928268 -0.8855602741 0.0870183408 -0.4563012123 -0.0134546729 0.9770804048 0.2124448419
-449.4 -87.8 2574.6 0.3695725203 0.1011257544 -0.9236826897 0.0837535113 0.9863887429 0.1415012926 0.9254196286 -0.1296566576 0.3560725152
-489.6 -479.8 2626.1 0.3841133416 -0.0126037281 -0.9231998920 -0.1597951800 0.9839098454 -0.0799181163 0.9093527794 0.1782205105 0.3759188950
-396.3 -158.7 2734.1 -0.6780447960 0.1261936873 0.7241066098 -0.0056530074 0.9842270613 -0.1768195927 -0.7349988222 -0.1239849851 -0.6666366458
-446.3 -549.1 2783.3 -0.6777897477 -0.0208022762 0.7349614501 -0.0500596426 0.9985857606 -0.0179016981 -0.7335496545 -0.0489254966 -0.6778725982
-119.2 -142.8 2665.3 0 0 0 0 0 0 0 0 0
-157.4 -314.2 2916.6 0 0 0 0 0 0 0 0 0
-485.1 -830.1 2562.7 0 0 0 0 0 0 0 0 0
-438.4 -927.8 2801.8 0 0 0 0 0 0 0 0 0
-184.9 399.8 2807.9 3 0.2867759764 0.4139857888 -0.8639301658 -0.4051380157 0.8696054816 0.2822224200 0.8681144714 0.2690763474 0.4171033204
-268.2 224.9 2753.8 0.2867759764 0.4139857888 -0.8639301658 -0.4051380157 0.8696054816 0.2822224200 0.8681144714 0.2690763474 0.4171033204
-346.7 49.3 2704.2 0.2980860174 0.3956106901 -0.8686984181 -0.3806422949 0.8838464022 0.2718952000 0.8753606081 0.2496152073 0.4140484333
-311.7 280.5 2626.0 0.0117371548 0.4943550527 -0.8691808581 0.9833077788 0.1521334350 0.0998056680 0.1815709025 -0.8558437228 -0.4843175709
-314.7 31.1 2580.0 -0.7209123969 0.4943550527 -0.4856937528 0.6218742132 0.1521334350 -0.7681978345 -0.3058722317 -0.8558437228 -0.4171015322
-224.7 169.4 2881.5 -0.1814185530 0.2287482917 -0.9564316869 -0.9728982449 0.1000465378 0.2084699571 0.1433748305 0.9683309793 0.2043985128
-272.0 -84.4 2918.9 0.4656054676 0.2287482917 -0.8549185991 -0.8847974539 0.1000465378 -0.4551089108 -0.0185737442 0.9683309793 0.2489781231
-446.2 -86.3 2569.3 0.4014805257 0.1120248511 -0.9089905620 0.0909637287 0.9827066064 0.1612863094 0.9113391042 -0.1474384815 0.3843473792
-490.7 -476.8 2627.9 0.4181555808 -0.0155397011 -0.9082424641 -0.1558596343 0.9837985039 -0.0885903388 0.8949043155 0.1786028892 0.4089588225
-397.3 -161.4 2736.5 -0.7064402699 0.1113592386 0.6989572644 -0.0394016691 0.9798257351 -0.1959312558 -0.7066750526 -0.1659538150 -0.6878005862
-441.7 -552.0 2802.7 -0.7062269449 -0.0340824574 0.7071647048 -0.0461238250 0.9989335537 0.0020818710 -0.7064815164 -0.0311468672 -0.7070457935
-113.1 -142.8 2665.5 0 0 0 0 0 0 0 0 0
-151.0 -314.3 2914.1 0 0 0 0 0 0 0 0 0
-485.1 -829.4 2563.9 0 0 0 0 0 0 0 0 0
-428.7 -932.2 2814.5 0 0 0 0 0 0 0 0 0
-185.0 400.4 2802.3 4 0.3055718839 0.4108371735 -0.8589753509 -0.3980227411 0.8746397495 0.2767366767 0.8649877310 0.2573287785 0.4307878613
-267.8 224.0 2750.4 0.3055718839 0.4108371735 -0.8589753509 -0.3980227411 0.8746397495 0.2767366767 0.8649877310 0.2573287785 0.4307878613
-346.7 47.8 2703.7 0.3169557452 0.3974735141 -0.8611351848 -0.3732130527 0.8869678378 0.2720295191 0.8719237447 0.2351655811 0.4294718802
-314.1 278.5 2623.2 -0.0034412874 0.4600558579 -0.8878833055 0.9867239594 0.1457294375 0.0716851875 0.1623699218 -0.8758490682 -0.4544496238
-313.2 26.4 2581.7 -0.7379708290 0.4600558579 -0.4937080741 0.6112651229 0.1457294375 -0.7778932452 -0.2859265208 -0.8758490682 -0.3887601793
-221.5 169.5 2877.7 -0.1751583815 0.2478565425 -0.9528308511 -0.9723977447 0.1079755798 0.2068426460 0.1541497707 0.9627608061 0.2221023142
-267.2 -84.2 2917.9 0.4683219492 0.2478565425 -0.8480811715 -0.8832961917 0.1079755798 -0.4562116861 -0.0215029903 0.9627608061 0.2694980800
-452.5 -91.4 2574.4 0.4171949625 0.0878113285 -0.9045648575 0.0764090121 0.9884080887 0.1311911345 0.9055992961 -0.1238491833 0.4056493044
-487.4 -483.9 2623.6 0.4307078719 -0.0099040316 -0.9024370313 -0.1513281763 0.9849898815 -0.0830347240 0.8897137046 0.1723278612 0.4227441549
-397.8 -162.7 2737.7 -0.7165656686 0.1150715053 0.6879623532 -0.0129426550 0.9839348793 -0.1780579090 -0.6973995566 -0.1364942342 -0.7035646439
-443.6 -554.2 2792.1 -0.7160264850 -0.0278767664 0.6975162625 -0.0548412129 0.9983604550 -0.0163963195 -0.6959155798 -0.0499928407 -0.7163813114
-108.0 -143.5 2661.2 0 0 0 0 0 0 0 0 0
-145.5 -313.7 2912.3 0 0 0 0 0 0 0 0 0
-483.9 -829.9 2563.1 0 0 0 0 0 0 0 0 0
-433.0 -934.9 2811.1 0 0 0 0 0 0 0 0 0
-186.7 399.2 2798.0 5 0.2917636931 0.3913988173 -0.8727433085 -0.3780223429 0.8853442073 0.2706746459 0.8786199689 0.2509434521 0.4062687755
-265.2 221.6 2747.7 0.2917636931 0.3913988173 -0.8727433085 -0.3780223429 0.8853442073 0.2706746459 0.8786199689 0.2509434521 0.4062687755
-341.2 43.9 2701.9 0.3009136021 0.3825605214 -0.8735550642 -0.3569794297 0.8945993781 0.2688078284 0.8843170404 0.2309532613 0.4057633579
-309.1 273.8 2618.6 0.0075031659 0.4411872625 -0.8973836899 0.9905686975 0.1194999143 0.0670329109 0.1368113458 -0.8894231915 -0.4361296892
-311.0 22.8 2583.9 -0.7439680099 0.4411872625 -0.5018619299 0.6029536128 0.1194999143 -0.7887754440 -0.2880252302 -0.8894231915 -0.3549195528
-221.3 169.5 2876.8 -0.1685547531 0.2246660292 -0.9597470760 -0.9718357325 0.1248098686 0.1998943985 0.1646953821 0.9664096832 0.1973011792
-265.2 -84.1 2919.8 0.4779881239 0.2246660292 -0.8491481543 -0.8783632517 0.1248098686 -0.4614114463 0.0023185883 0.9664096832 0.2569960058
-454.7 -94.2 2577.1 0.3936250806 0.0864902139 -0.9151932597 0.0709827542 0.9897320271 0.1240642071 0.9165264368 -0.1137977242 0.3834440410
-489.0 -487.4 2622.3 0.4073382616 -0.0164495371 -0.9131292105 -0.1504704952 0.9849650860 -0.0848670825 0.9007964134 0.1719686091 0.3987388015
-396.5 -163.5 2738.4 -0.6995481849 0.1178845242 0.7047947049 -0.0245692544 0.9817476869 -0.1885942668 -0.7141628861 -0.1492470652 -0.6838834882
-443.4 -553.8 2797.7 -0.6992939711 -0.0266759880 0.7143362761 -0.0357277691 0.9993588328 0.0023443704 -0.7139407992 -0.0238822382 -0.6997987032
-104.8 -144.3 2663.8 0 0 0 0 0 0 0 0 0
-141.1 -312.2 2920.4 0 0 0 0 0 0 0 0 0
-483.3 -829.4 2562.6 0 0 0 0 0 0 0 0 0
-433.2 -935.2 2806.8 0 0 0 0 0 0 0 0 0
-186.1 397.4 2798.4 6 0.2889970839 0.3942348957 -0.8723872304 -0.3712930679 0.8860996366 0.2774327099 0.8823956847 0.2437340915 0.4024569094
-265.3 219.4 2749.5 0.2889970839 0.3942348957 -0.8723872304 -0.3712930679 0.8860996366 0.2774327099 0.8823956847 0.2437340915 0.4024569094
-340.6 40.9 2705.8 0.3006311357 0.3791578710 -0.8751344085 -0.3444428444 0.8988147378 0.2710925937 0.8893705606 0.2199349105 0.4008099139
-309.2 269.8 2619.6 -0.0084653161 0.4526568651 -0.8916445971 0.9900775552 0.1288711280 0.0560235307 0.1402666867 -0.8823230863 -0.4492563307
-307.0 19.4 2584.1 -0.7449946404 0.4526568651 -0.4899844229 0.5983930230 0.1288711280 -0.7907705307 -0.2948028445 -0.8823230863 -0.3668750226
-221.4 169.1 2879.3 -0.1655757725 0.2226036042 -0.9607456923 -0.9701756239 0.1381206065 0.1992033124 0.1770421416 0.9650753140 0.1930951625
-264.6 -84.0 2925.5 0.4810724258 0.2226036042 -0.8479486704 -0.8765611053 0.1381206065 -0.4610458910 0.0144887082 0.9650753140 0.2615716755
-444.7 -101.1 2575.0 0.3900040984 0.1190846637 -0.9130802751 0.0662466511 0.9854040146 0.1568131149 0.9184269905 -0.1216462702 0.3764226437
-492.0 -492.5 2623.3 0.4051848352 -0.0228793696 -0.9139484763 -0.1558588296 0.9833238125 -0.0937136635 0.9008514285 0.1804182827 0.3948619366
-389.6 -167.0 2737.8 -0.6971755624 0.1200025156 0.7067853808 -0.0271305721 0.9807679057 -0.1932827085 -0.7163868546 -0.1539274752 -0.6805117130
-437.3 -556.9 2799.0 -0.6967895627 0.0263453480 0.7167916298 0.0285619386 0.9995517731 -0.0089731487 -0.7167067528 0.0142205628 -0.6972296834
-102.5 -144.9 2665.1 0 0 0 0 0 0 0 0 0
-139.6 -311.7 2929.3 0 0 0 0 0 0 0 0 0
-484.2 -828.8 2561.6 0 0 0 0 0 0 0 0 0
-447.3 -937.8 2793.6 0 0 0 0 0 0 0 0 0
-182.0 398.6 2808.6 7 0.2421769053 0.4130541086 -0.8779160976 -0.3817851841 0.8724230528 0.3051525950 0.8919587731 0.2612744272 0.3689786494
-265.3 222.6 2755.9 0.2421769053 0.4130541086 -0.8779160976 -0.3817851841 0.8724230528 0.3051525950 0.8919587731 0.2612744272 0.3689786494
-341.3 45.3 2708.7 0.2565535307 0.3828550875 -0.8874695897 -0.3499012887 0.8927109241 0.2839652300 0.9009713531 0.2376744598 0.3629896343
-302.8 273.7 2624.4 0.0238221530 0.4983621836 -0.8666415811 0.9836475849 0.1431173533 0.1093380302 0.1785213947 -0.8550745845 -0.4868034124
-308.9 21.4 2578.6 -0.7226727009 0.4983621836 -0.4789355993 0.6134223342 0.1431173533 -0.7766791582 -0.3185235262 -0.8550745845 -0.4091334939
-227.9 171.6 2887.3 -0.1875963509 0.1826795340 -0.9651092291 -0.9678363800 0.1333062351 0.2133591622 0.1676314175 0.9740932584 0.1517961323
-276.8 -80.9 2931.1 0.4663684666 0.1826795340 -0.8655222058 -0.8839556575 0.1333062351 -0.4481649697 0.0335089304 0.9740932584 0.2236504257
-443.5 -106.1 2580.6 0.3507455587 0.1241874918 -0.9281998873 0.0589442402 0.9862749577 0.1542312652 0.9346138835 -0.1088079661 0.3386114240
-492.8 -497.9 2623.8 0.3654184043 -0.0267873630 -0.9304578304 -0.1596012563 0.9829802513 -0.0909795985 0.9170587659 0.1817478687 0.3549237847
-388.4 -169.5 2744.0 -0.6645860672 0.1347892135 0.7349538803 -0.0070868949 0.9824139476 -0.1865813136 -0.7471780777 -0.1292078793 -0.6519433856
-441.9 -559.8 2795.4 -0.6648280025 -0.0044455905 0.7469832301 -0.0415387303 0.9986550212 -0.0310267992 -0.7458406687 -0.0516562238 -0.6641184688
-114.2 -143.8 2664.4 0 0 0 0 0 0 0 0 0
-155.7 -310.5 2939.8 0 0 0 0 0 0 0 0 0
-483.8 -830.4 2562.3 0 0 0 0 0 0 0 0 0
-440.2 -939.9 2815.0 0 0 0 0 0 0 0 0 0
-173.8 400.1 2802.2 8 0.2888352573 0.4276634455 -0.8565501571 -0.3895161152 0.8697794080 0.3029207885 0.8745577931 0.2461458892 0.4178047776
-260.7 223.4 2752.2 0.2888352573 0.4276634455 -0.8565501571 -0.3895161152 0.8697794080 0.3029207885 0.8745577931 0.2461458892 0.4178047776
-339.1 46.8 2706.0 0.3005283177 0.3951321840 -0.8680744767 -0.3645266593 0.8886359930 0.2782919109 0.8813643456 0.2328016758 0.4110964835
-304.5 276.6 2623.7 0.0030760518 0.4789910913 -0.8778143525 0.9877203703 0.1356620938 0.0774870068 0.1562017202 -0.8672735095 -0.4726919532
-305.3 18.6 2582.9 -0.7313877344 0.4789910913 -0.4854271412 0.6080250740 0.1356620938 -0.7822412252 -0.3088324964 -0.8672735095 -0.3904601634
-216.9 170.2 2880.7 -0.1803316176 0.2308296412 -0.9561371207 -0.9703265429 0.1174434200 0.2113608718 0.1610803753 0.9658802748 0.2028013617
-263.9 -82.9 2922.7 0.4660916626 0.2308296412 -0.8540937901 -0.8847281933 0.1174434200 -0.4510687590 -0.0038123394 0.9658802748 0.2589609027
-440.8 -100.0 2578.9 0.4005942047 0.1327396333 -0.9065894485 0.0739632472 0.9815366268 0.1763952374 0.9132654071 -0.1377172023 0.3833800256
-493.5 -489.9 2633.6 0.4204218090 -0.0269769412 -0.9069276452 -0.1741881818 0.9785653949 -0.1098557487 0.8904515505 0.2041618377 0.4067111611
-393.8 -164.3 2744.1 -0.6993249059 0.1291774809 0.7030347586 0.0166037772 0.9862053394 -0.1646918207 -0.7146110535 -0.1035000682 -0.6918227673
-445.1 -556.0 2785.3 -0.6998889446 -0.0177137889 0.7140319943 -0.0560915396 0.9979680777 -0.0302228071 -0.7120457888 -0.0612037629 -0.6994604468
-110.5 -143.3 2665.1 0 0 0 0 0 0 0 0 0
-142.9 -312.6 2921.7 0 0 0 0 0 0 0 0 0
-484.2 -828.9 2562.9 0 0 0 0 0 0 0 0 0
-438.4 -936.6 2808.6 0 0 0 0 0 0 0 0 0
-211.8 393.1 2779.5 9 0.3280016482 0.3394002616 -0.8816021681 -0.3011566103 0.9221068025 0.2429479510 0.8953879476 0.1858129948 0.4046652019
-279.6 209.1 2742.5 0.3280016482 0.3394002616 -0.8816021681 -0.3011566103 0.9221068025 0.2429479510 0.8953879476 0.1858129948 0.4046652019
-343.1 25.2 2707.3 0.3330617547 0.3214217424 -0.8864299059 -0.2869740129 0.9300612211 0.2294166982 0.8981735706 0.1779724061 0.4020075202
-327.7 250.7 2611.7 -0.0938039497 0.5356531143 -0.8392118812 0.9880402088 0.1537021697 -0.0123342294 0.1223818138 -0.8303321004 -0.5436646938
-305.7 19.2 2583.0 -0.7079880238 0.5356531143 -0.4602485299 0.6176742315 0.1537021697 -0.7712678909 -0.3423908651 -0.8303321004 -0.4396784306
-231.4 167.4 2873.2 -0.0994924605 0.2265994847 -0.9688931704 -0.9706479907 0.1921684444 0.1446159780 0.2189605981 0.9548423886 0.2008290142
-257.3 -84.6 2930.0 0.5385175347 0.2265994847 -0.8115735054 -0.8415879607 0.1921684444 -0.5047782063 0.0415763408 0.9548423886 0.2941894531
-441.0 -111.1 2583.3 0.3874895573 0.1183355153 -0.9142475128 0.0516585335 0.9873815775 0.1496962756 0.9204255939 -0.1052344292 0.3764870167
-486.3 -488.7 2623.6 0.3908928633 0.0238684639 -0.9201266766 -0.1539075077 0.9872844219 -0.0397732034 0.9074774384 0.1571614593 0.3895959854
-388.2 -166.6 2742.9 -0.6898497939 0.1463197023 0.7090118527 0.0328313783 0.9846777916 -0.1712651700 -0.7232077122 -0.0948693976 -0.6840836406
-445.9 -554.6 2780.3 -0.6908223629 -0.0386265852 0.7219920158 -0.0997612104 0.9941132069 -0.0422692671 -0.7161090374 -0.1012273505 -0.6906090379
-119.6 -143.2 2673.1 0 0 0 0 0 0 0 0 0
-118.0 -302.2 2940.8 0 0 0 0 0 0 0 0 0
-494.0 -808.7 2572.6 0 0 0 0 0 0 0 0 0
-431.2 -933.7 2818.9 0 0 0 0 0 0 0 0 0
-225.8 387.6 2745.5 0 0.3080238700 0.3114929795 -0.8989401460 -0.1942356080 0.9455695152 0.2610953152 0.9313398004 0.0941826031 0.3517610133
-287.6 200.1 2726.8 0.3080238700 0.3114929795 -0.8989401460 -0.1942356080 0.9455695152 0.2610953152 0.9313398004 0.0941826031 0.3517610133
-347.2 12.8 2709.1 0.3103561401 0.2997672856 -0.9021189809 -0.1870042235 0.9496884942 0.2512392104 0.9320453405 0.0907264277 0.3507994115
-332.4 227.1 2591.7 -0.1364117414 0.4294192195 -0.8927435279 0.9906480312 0.0617604814 -0.1216641515 0.0028913445 -0.9009910226 -0.4338281453
-303.2 15.1 2591.1 -0.7296156883 0.4294192195 -0.5322217941 0.6116697192 0.0617604814 -0.7886987925 -0.3058121502 -0.9009910226 -0.3077241480
-242.7 173.1 2861.9 -0.0912272409 0.1921179146 -0.9771224856 -0.9448307157 0.2932830453 0.1458765268 0.3145989478 0.9365231991 0.1547635049
-266.3 -71.6 2943.4 0.5525515079 0.1921179146 -0.8110348582 -0.8209885955 0.2932830453 -0.4898599982 0.1437518895 0.9365231991 0.3197806180
-434.8 -139.9 2592.1 0.3411631286 0.1375885010 -0.9298801422 0.0147636533 0.9883235693 0.1516526341 0.9398881793 -0.0654667169 0.3351482451
-488.4 -524.9 2617.6 0.3444561958 0.0114143649 -0.9387329817 -0.1597532034 0.9860550761 -0.0466296487 0.9251101613 0.1660274714 0.3414762616
-375.4 -186.6 2755.4 -0.6493037343 0.1772210896 0.7395926714 0.0622873046 0.9815958738 -0.1805265397 -0.7579742074 -0.0711493269 -0.6483924985
-445.5 -574.7 2783.6 -0.6535913944 -0.0199873168 0.7565836310 -0.0865558833 0.9950664639 -0.0484856851 -0.7518818974 -0.0971765965 -0.6520968676
-113.9 -143.6 2670.4 0 0 0 0 0 0 0 0 0
-123.9 -283.2 2980.5 0 0 0 0 0 0 0 0 0
-491.7 -810.7 2569.5 0 0 0 0 0 0 0 0 0
-437.9 -954.5 2820.7 0 0 0 0 0 0 0 0 0
-218.5 379.8 2751.0 1 0.2397610843 0.3350745738 -0.9111748934 -0.1956345439 0.9359726310 0.2927155495 0.9509162903 0.1080754921 0.2899619639
-285.0 194.0 2729.6 0.2397610843 0.3350745738 -0.9111748934 -0.1956345439 0.9359726310 0.2927155495 0.9509162903 0.1080754921 0.2899619639
-350.4 8.3 2708.6 0.2412102968 0.3297753930 -0.9127243757 -0.1915493608 0.9381707907 0.2883476913 0.9513813257 0.1052793413 0.2894647121
-319.9 221.6 2591.4 -0.0810980722 0.4576938152 -0.8854035735 0.9966710806 0.0446913801 -0.0681871325 0.0083610760 -0.8879859447 -0.4597945809
-302.9 12.7 2589.7 -0.7143178582 0.4576938152 -0.5294018984 0.6131597757 0.0446913801 -0.7886937261 -0.3373205364 -0.8879859447 -0.3125632703
-250.1 166.3 2867.7 -0.1471503228 0.1413246393 -0.9789658189 -0.9388523102 0.2915331125 0.1832068413 0.3112926185 0.9460632801 0.0897837654
-288.3 -77.3 2948.5 0.5080773234 0.1413246393 -0.8496380448 -0.8415526152 0.2915331125 -0.4547501206 0.1834302247 0.9460632801 0.2670534849
-434.0 -161.2 2607.6 0.2756981552 0.1620572060 -0.9474850893 -0.0114242351 0.9861688614 0.1653494388 0.9611763954 -0.0347622484 0.2737363279
-497.7 -549.0 2621.3 0.2857169211 -0.0328583121 -0.9577505589 -0.1838757545 0.9789627790 -0.0884400159 0.9405081272 0.2013759166 0.2736643553
-378.2 -192.3 2776.8 -0.5988471508 0.1612036824 0.7844714522 0.0635365397 0.9860078096 -0.1541157514 -0.7983390689 -0.0424491726 -0.6007102728
-442.0 -583.0 2793.7 -0.6012848616 -0.0145421391 0.7989023924 -0.0538031310 0.9983020425 -0.0223225746 -0.7972213030 -0.0564056747 -0.6010462642
-120.9 -143.6 2675.7 0 0 0 0 0 0 0 0 0
-157.1 -294.7 2995.9 0 0 0 0 0 0 0 0 0
-488.6 -818.9 2565.8 0 0 0 0 0 0 0 0 0
-436.5 -963.9 2815.2 0 0 0 0 0 0 0 0 0
-235.7 379.4 2751.5 2 0.3118292391 0.2793368399 -0.9081483483 -0.1981467307 0.9539097548 0.2253752798 0.9292472005 0.1096680239 0.3528066576
-291.1 190.2 2729.7 0.3118292391 0.2793368399 -0.9081483483 -0.1981467307 0.9539097548 0.2253752798 0.9292472005 0.1096680239 0.3528066576
-346.0 1.2 2708.2 0.3130158186 0.2766584158 -0.9085599780 -0.1940727234 0.9550794363 0.2239620388 0.9297079444 0.1062230468 0.3526468277
-336.6 218.0 2594.6 -0.1459638327 0.4659152329 -0.8727070093 0.9886093736 0.1014106795 -0.1112085059 0.0366880745 -0.8789988160 -0.4754104614
-306.6 14.6 2587.1 -0.7195818424 0.4659152329 -0.5149028897 0.6215149760 0.1014106795 -0.7768107653 -0.3097113371 -0.8789988160 -0.3625465631
-245.7 162.4 2864.8 -0.0675410628 0.1826798469 -0.9808498025 -0.9525529742 0.2806281149 0.1178585589 0.2967844009 0.9422717094 0.1550583094
-263.2 -84.7 2941.8 0.5699269176 0.1826798469 -0.8011313081 -0.8111710548 0.2806281149 -0.5130783319 0.1310908943 0.9422717094 0.3081221282
-437.3 -161.8 2601.5 0.3394041955 0.1789269298 -0.9234662652 0.0065931482 0.9812651873 0.1925490052 0.9406175017 -0.0714404881 0.3318658471
-507.9 -549.4 2629.7 0.3617966473 -0.0748438910 -0.9292478561 -0.1919438094 0.9694358110 -0.1528128088 0.9122833014 0.2336505353 0.3363727927
-388.2 -196.8 2774.3 -0.6482049823 0.1504557282 0.7464538217 0.0666979253 0.9877360463 -0.1411696374 -0.7585391402 -0.0417199470 -0.6502905488
-447.8 -587.7 2790.8 -0.6457390785 -0.0619346946 0.7610421777 -0.0679466799 0.9974117279 0.0235184953 -0.7605289817 -0.0365234725 -0.6482759714
-126.3 -141.1 2664.7 0 0 0 0 0 0 0 0 0
-116.1 -294.1 2975.6 0 0 0 0 0 0 0 0 0
-486.6 -825.7 2563.1 0 0 0 0 0 0 0 0 0
-424.2 -968.1 2804.8 0 0 0 0 0 0 0 0 0
-245.4 372.5 2760.2 3 0.3335021436 0.2613546550 -0.9057980180 -0.2251848727 0.9550772309 0.1926635206 0.9154605865 0.1397183239 0.3773734272
-297.3 182.9 2732.5 0.3335021436 0.2613546550 -0.9057980180 -0.2251848727 0.9550772309 0.1926635206 0.9154605865 0.1397183239 0.3773734272
-348.9 -6.5 2704.9 0.3341784179 0.2595896423 -0.9060562849 -0.2227041572 0.9558492303 0.1917161793 0.9158207774 0.1377151012 0.3772358894
-346.0 215.1 2599.2 -0.1915162206 0.4973716736 -0.8461341262 0.9797289968 0.1484879851 -0.1344707310 0.0587588176 -0.8547354937 -0.5157273412
-307.2 16.5 2587.2 -0.7004687190 0.4973716736 -0.5118251443 0.6500045061 0.1484879851 -0.7452821136 -0.2946823239 -0.8547354937 -0.4273050427
-248.6 150.7 2865.8 -0.0427686498 0.1942119300 -0.9800268412 -0.9640915990 0.2493165433 0.0914802924 0.2621034682 0.9487481117 0.1765751541
-259.7 -99.9 2933.9 0.5887247920 0.1942119300 -0.7846558690 -0.8032439351 0.2493165433 -0.5409625173 0.0905663222 0.9487481117 0.3027783930
-429.1 -171.4 2602.2 0.3606564999 0.1985871941 -0.9113122225 -0.0007416231 0.9771310687 0.2126365006 0.9326984286 -0.0760128871 0.3525559604
-507.8 -558.4 2632.3 0.3857937455 -0.0850635245 -0.9186552167 -0.1996836066 0.9644385576 -0.1731609702 0.9007161856 0.2502447963 0.3550885618
-369.4 -206.4 2771.5 -0.6596861482 0.1917704791 0.7266623974 0.1054859757 0.9809516072 -0.1631155312 -0.7441014051 -0.0309523568 -0.6673492789
-445.4 -595.1 2783.7 -0.6651601791 -0.0289925076 0.7461376786 -0.0732797086 0.9969569445 -0.0265882071 -0.7430962324 -0.0723621696 -0.6652606130
-131.3 -146.7 2661.2 0 0 0 0 0 0 0 0 0
-107.4 -307.7 2957.3 0 0 0 0 0 0 0 0 0
-483.7 -831.5 2561.4 0 0 0 0 0 0 0 0 0
-434.4 -975.3 2811.3 0 0 0 0 0 0 0 0 0
-236.0 352.9 2761.9 4 0.3374458849 0.2839154303 -0.8975089192 -0.2521741688 0.9458493590 0.2043946981 0.9069390893 0.1573564261 0.3907690942
-292.4 165.0 2730.7 0.3374458849 0.2839154303 -0.8975089192 -0.2521741688 0.9458493590 0.2043946981 0.9069390893 0.1573564261 0.3907690942
-348.6 -22.7 2699.5 0.3377956450 0.2829054594 -0.8976962566 -0.2510066330 0.9462947249 0.2037693709 0.9071327448 0.1564953178 0.3906653821
-341.6 201.5 2598.4 -0.1892855167 0.5289126635 -0.8272982240 0.9803236723 0.1498465985 -0.1284969598 0.0560041554 -0.8353426456 -0.5468693972
-305.8 15.9 2587.8 -0.6816959977 0.5289126635 -0.5055115819 0.6613020301 0.1498465985 -0.7350004315 -0.3130018413 -0.8353426456 -0.4519208670
-243.2 128.5 2862.9 -0.0623567887 0.2095318586 -0.9758114815 -0.9683670998 0.2239870727 0.1099768728 0.2416128218 0.9518015385 0.1889366508
-259.4 -123.6 2925.8 0.5708916187 0.2095318586 -0.7938382626 -0.8182959557 0.2239870727 -0.5293595791 0.0668918118 0.9518015385 0.2993314266
-430.9 -176.2 2593.7 0.3786598146 0.1936472356 -0.9050511122 0.0127612045 0.9766817689 0.2143126279 0.9254479408 -0.0927011222 0.3673589826
-507.7 -563.7 2630.5 0.4049344063 -0.0867706835 -0.9102191925 -0.1886390448 0.9661424756 -0.1760227382 0.8946750760 0.2429805398 0.3748559952
-368.4 -216.7 2761.0 -0.6713752151 0.2174997181 0.7084837556 0.1051609591 0.9742518067 -0.1994358152 -0.7336187959 -0.0593914352 -0.6769609451
-454.7 -603.0 2784.5 -0.6577320695 -0.1350254118 0.7410510182 -0.1109548211 0.9904379249 0.0819859058 -0.7450352311 -0.0282984264 -0.6664245725
-133.9 -150.9 2666.8 0 0 0 0 0 0 0 0 0
-111.4 -335.6 2943.1 0 0 0 0 0 0 0 0 0
-483.5 -833.8 2562.6 0 0 0 0 0 0 0 0 0
-412.4 -913.3 2793.4 0 0 0 0 0 0 0 0 0
-228.3 343.2 2754.1 5 0.2702872157 0.3242766857 -0.9065260291 -0.2297602743 0.9360923171 0.2663482726 0.9349625707 0.1362931430 0.3275196850
-292.6 157.4 2727.0 0.2702872157 0.3242766857 -0.9065260291 -0.2297602743 0.9360923171 0.2663482726 0.9349625707 0.1362931430 0.3275196850
-356.9 -28.3 2700.0 0.2710484862 0.3230634928 -0.9067319036 -0.2275577933 0.9367992878 0.2657527030 0.9352807999 0.1343020499 0.3274336457
-332.2 190.2 2590.9 -0.1695225835 0.4513362646 -0.8761036992 0.9854883552 0.0854329467 -0.1466761976 0.0086478367 -0.8882549405 -0.4592694342
-301.4 11.4 2589.3 -0.6807309985 0.4513362646 -0.5769756436 0.6765700579 0.0854329467 -0.7314056158 -0.2808171511 -0.8882549405 -0.3635174334
-253.1 124.5 2863.2 -0.1280768663 0.1645996422 -0.9780098796 -0.9526699185 0.2537261248 0.1674606949 0.2757106125 0.9531683922 0.1243126839
-286.4 -123.0 2934.8 0.5213486552 0.1645996422 -0.8373186588 -0.8427104950 0.2537261248 -0.4748285115 0.1342930049 0.9531683922 0.2709896266
-435.7 -187.7 2585.4 0.3253959417 0.1870845556 -0.9268855453 0.0375134349 0.9769060612 0.2103503942 0.9448334575 -0.1032178327 0.3108631074
-509.9 -575.6 2626.4 0.3584322929 -0.1005596444 -0.9281239510 -0.1912315041 0.9651912451 -0.1784274876 0.9137597084 0.2414407134 0.3267255425
-393.6 -226.3 2763.3 -0.6307423711 0.1070389301 0.7685744762 0.0580672547 0.9941744208 -0.0908043236 -0.7738167048 -0.0126451226 -0.6332833767
-432.9 -591.2 2767.9 -0.6261343956 -0.0773476139 0.7758691907 -0.0426712893 0.9969754815 0.0649538785 -0.7785466313 0.0075625214 -0.6275411844
-129.9 -159.1 2660.1 0 0 0 0 0 0 0 0 0
-151.6 -340.9 2969.5 0 0 0 0 0 0 0 0 0
-483.0 -834.3 2561.6 0 0 0 0 0 0 0 0 0
-408.1 -911.4 2765.5 0 0 0 0 0 0 0 0 0
-221.2 336.2 2750.1 6 0.2261491865 0.3558265567 -0.9067767262 -0.2036382705 0.9275946617 0.3132085204 0.9525691867 0.1138225943 0.2822346985
-291.9 152.0 2727.5 0.2261491865 0.3558265567 -0.9067767262 -0.2036382705 0.9275946617 0.3132085204 0.9525691867 0.1138225943 0.2822346985
-362.4 -32.0 2705.0 0.2269137949 0.3546904624 -0.9070307612 -0.2016411573 0.9282545447 0.3125449419 0.9528121352 0.1119739711 0.2821539342
-325.0 181.1 2588.8 -0.1498358548 0.4225408435 -0.8938727379 0.9886680245 0.0556110814 -0.1394381523 -0.0092090880 -0.9046362042 -0.4260851443
-298.8 8.1 2590.4 -0.6770741343 0.4225408435 -0.6025196314 0.6828956008 0.0556110814 -0.7283961773 -0.2742703855 -0.9046362042 -0.3262041211
-258.7 123.0 2866.3 -0.1758796275 0.1387712806 -0.9745814204 -0.9357020855 0.2839972377 0.2093017399 0.3058235049 0.9487297535 0.0798992515
-304.4 -120.3 2945.8 0.4822868407 0.1387712806 -0.8649519682 -0.8560991883 0.2839972377 -0.4317866564 0.1857243925 0.9487297535 0.2557701170
-445.9 -193.5 2587.6 0.2863850892 0.1517355740 -0.9460232258 0.0360828824 0.9849715233 0.1689058095 0.9574348927 -0.0825073496 0.2766060829
-506.2 -584.5 2620.3 0.3158970773 -0.0898017734 -0.9445341229 -0.1942262501 0.9683081508 -0.1570205837 0.9287008047 0.2330556512 0.2884438634
-406.2 -231.1 2764.4 -0.6053098440 0.0761211216 0.7923418283 -0.0057590823 0.9949719906 -0.0999876782 -0.7959690690 -0.0650866926 -0.6018279791
-435.2 -610.8 2789.3 -0.6067513227 -0.0014100547 0.7948904634 0.0607855134 0.9969879985 0.0481670126 -0.7925641537 0.0775432214 -0.6048380733
-128.5 -163.6 2659.4 0 0 0 0 0 0 0 0 0
-179.7 -341.7 2993.8 0 0 0 0 0 0 0 0 0
-482.8 -836.2 2559.8 0 0 0 0 0 0 0 0 0
-434.8 -959.8 2762.1 0 0 0 0 0 0 0 0 0
-225.9 325.3 2754.0 7 0.2952042818 0.3461121917 -0.8905395865 -0.2452826351 0.9282936454 0.2794769108 0.9234126210 0.1359311193 0.3589315712
-294.6 140.8 2727.0 0.2952042818 0.3461121917 -0.8905395865 -0.2452826351 0.9282936454 0.2794769108 0.9234126210 0.1359311193 0.3589315712
-363.3 -43.4 2700.0 0.2958291471 0.3446630836 -0.8908941746 -0.2436024845 0.9290223122 0.2785235345 0.9236573577 0.1346286684 0.3587926626
-337.7 176.0 2592.8 -0.2221526504 0.4542098641 -0.8627523184 0.9749137163 0.1160357594 -0.1899445206 0.0138354413 -0.8833057880 -0.4685930908
-299.3 7.2 2590.4 -0.6800768375 0.4542098641 -0.5754901171 0.6856260896 0.1160357594 -0.7186463475 -0.2596388459 -0.8833057880 -0.3903313875
-251.5 105.7 2861.2 -0.1379178315 0.1987245381 -0.9703026414 -0.9533658624 0.2389048040 0.1844397783 0.2684626877 0.9504909515 0.1565079689
-287.4 -142.2 2931.0 0.5087664127 0.1987245381 -0.8376546502 -0.8540657759 0.2389048040 -0.4620564580 0.1082977578 0.9504909515 0.2912705839
-453.8 -197.8 2595.3 0.3512100875 0.1426028311 -0.9253733754 -0.0047339415 0.9885913134 0.1505482197 0.9362847209 -0.0484933890 0.3478783071
-510.4 -590.2 2614.6 0.3736452162 -0.1102410331 -0.9209973812 -0.1619069576 0.9699183106 -0.1817817986 0.9133320451 0.2170377821 0.3445565403
-415.4 -234.3 2770.6 -0.6582810879 0.0894589350 0.7474377155 0.0257843006 0.9950104356 -0.0963816196 -0.7523305416 -0.0441740416 -0.6573031545
-450.1 -620.2 2787.7 -0.6498365402 -0.1315327436 0.7486064434 -0.0536784194 0.9903953075 0.1274197102 -0.7581761479 0.0426179729 -0.6506555676
-129.1 -164.4 2655.4 0 0 0 0 0 0 0 0 0
-155.9 -362.9 2959.0 0 0 0 0 0 0 0 0 0
-482.5 -835.5 2559.7 0 0 0 0 0 0 0 0 0
-402.4 -979.8 2772.2 0 0 0 0 0 0 0 0 0
-207.7 315.9 2749.5 8 0.3101997077 0.3942779005 -0.8650555611 -0.2576972544 0.9107467532 0.3226956725 0.9150782824 0.1228223369 0.3841176927
-285.9 135.1 2725.1 0.3101997077 0.3942779005 -0.8650555611 -0.2576972544 0.9107467532 0.3226956725 0.9150782824 0.1228223369 0.3841176927
-364.1 -45.5 2700.8 0.3103531003 0.3936303556 -0.8652954102 -0.2573426068 0.9110432863 0.3221411109 0.9151260853 0.1226998642 0.3840429485
-331.2 172.6 2591.8 -0.2318243831 0.4612298906 -0.8564603925 0.9727149606 0.1181649715 -0.1996564269 0.0091161169 -0.8793770671 -0.4760387242
-292.5 10.4 2590.3 -0.6584957242 0.4612298906 -0.5946851373 0.7098497748 0.1181649715 -0.6943704486 -0.2499934584 -0.8793770671 -0.4052150548
-240.7 97.7 2858.5 -0.1755135655 0.2389365286 -0.9550415277 -0.9449877739 0.2311107665 0.2314862609 0.2760308981 0.9431315660 0.1852290332
-286.4 -148.3 2930.3 0.4695217013 0.2389365286 -0.8499757051 -0.8776732087 0.2311107665 -0.4198541641 0.0961200371 0.9431315660 0.3182197213
-459.1 -205.6 2588.8 0.3844658434 0.1338777244 -0.9133798480 0.0194867644 0.9880306125 0.1530220807 0.9229335189 -0.0766305849 0.3772552013
-512.2 -597.9 2619.2 0.4159198105 -0.1207199395 -0.9013531208 -0.1712430418 0.9630227089 -0.2079977542 0.8931329846 0.2408608347 0.3798677623
-406.6 -249.8 2757.8 -0.6837016344 0.1064332053 0.7219584584 0.0104946066 0.9906389117 -0.1361043602 -0.7296862006 -0.0854781047 -0.6784183979
-448.3 -638.4 2791.4 -0.6813473105 -0.1003591865 0.7250474691 -0.0150130466 0.9922635555 0.1232383624 -0.7318062782 0.0730829537 -0.6775828004
-130.5 -164.2 2651.8 0 0 0 0 0 0 0 0 0
-164.9 -375.5 2955.2 0 0 0 0 0 0 0 0 0
-482.5 -834.9 2559.9 0 0 0 0 0 0 0 0 0
-410.9 -1007.8 2764.2 0 0 0 0 0 0 0 0 0
-205.6 316.4 2743.5 9 0.2133678049 0.4119876027 -0.8858557343 -0.1994829327 0.9060052037 0.3733109832 0.9563894272 0.0970605612 0.2754968405
-287.4 136.5 2724.3 0.2133678049 0.4119876027 -0.8858557343 -0.1994829327 0.9060052037 0.3733109832 0.9563894272 0.0970605612 0.2754968405
-369.2 -43.3 2705.0 0.2140331119 0.4102902710 -0.8864827752 -0.1980161071 0.9068951607 0.3719285429 0.9565455914 0.0959328488 0.2753496766
-318.6 164.9 2585.7 -0.1463811845 0.3192283213 -0.9363043308 0.9878155589 -0.0033951988 -0.1555919945 -0.0528483093 -0.9476717710 -0.3148417175
-295.3 8.1 2594.1 -0.6606403589 0.3192283213 -0.6794465184 0.7161575556 -0.0033951988 -0.6979303956 -0.2251060158 -0.9476717710 -0.2263747603
-256.3 108.0 2862.8 -0.2340058386 0.1545456499 -0.9598733783 -0.9177965522 0.2906166911 0.2705391049 0.3207658827 0.9442762136 0.0738354623
-317.1 -130.4 2946.1 0.4272545576 0.1545456499 -0.8908249736 -0.8814266920 0.2906166911 -0.3723290563 0.2013467848 0.9442762136 0.2603879571
-470.7 -202.7 2592.7 0.2901581824 0.1090562642 -0.9507444501 0.0343850404 0.9916558266 0.1242430434 0.9563607574 -0.0687415227 0.2839871645
-514.0 -596.4 2620.0 0.3282024562 -0.1311440915 -0.9354594350 -0.1873681843 0.9615998864 -0.2005462050 0.9258381724 0.2410950959 0.2910272181
-414.7 -249.6 2760.4 -0.6082240939 0.0924537480 0.7883626819 -0.0004702944 0.9931514859 -0.1168328002 -0.7937652469 -0.0714312866 -0.6040151715
-451.2 -641.7 2788.6 -0.6016941667 -0.1024531946 0.7921284437 -0.0852754042 0.9943107963 0.0638287961 -0.7941613793 -0.0291436575 -0.6070077419
-132.5 -168.4 2649.6 0 0 0 0 0 0 0 0 0
-207.0 -357.6 2998.0 0 0 0 0 0 0 0 0 0
-481.3 -836.3 2559.9 0 0 0 0 0 0 0 0 0
-412.8 -1014.9 2799.5 0 0 0 0 0 0 0 0 0
-215.3 320.1 2747.6 0 0.2613796890 0.3812346756 -0.8867585659 -0.2067642659 0.9194850326 0.3343588412 0.9428304434 0.0959553793 0.3191604316
-291.1 137.5 2728.5 0.2613796890 0.3812346756 -0.8867585659 -0.2067642659 0.9194850326 0.3343588412 0.9428304434 0.0959553793 0.3191604316
-366.7 -45.0 2709.5 0.2619858682 0.3804389238 -0.8869214058 -0.2053003460 0.9199558496 0.3339655697 0.9429820776 0.0945910215 0.3191196918
-329.2 167.1 2591.5 -0.3056547642 0.2817877233 -0.9094893336 0.9487662315 0.0097692003 -0.3158278763 -0.0801114365 -0.9594270587 -0.2703366876
-266.5 -27.5 2608.0 -0.6215335131 0.3301936984 -0.7104000449 0.7408737540 -0.0469197370 -0.6700034142 -0.2545627058 -0.9427463412 -0.2154696584
-252.9 107.9 2865.5 -0.1847122610 0.1852496117 -0.9651756287 -0.9310576320 0.2814493179 0.2322024405 0.3146634102 0.9415247440 0.1204909384
-300.9 -134.2 2947.4 0.4688178301 0.1852496117 -0.8636506200 -0.8673573136 0.2814493179 -0.4104601741 0.1670362800 0.9415247440 0.2926260531
-470.5 -205.2 2598.8 0.3273336887 0.1113937348 -0.9383198023 0.0065472089 0.9927356243 0.1201377735 0.9448861480 -0.0454685166 0.3242264986
-514.7 -599.5 2616.8 0.3592733145 -0.1354501694 -0.9233503938 -0.1776960790 0.9613806009 -0.2101700902 0.9161587358 0.2395842522 0.3213294446
-410.1 -250.4 2770.3 -0.6404460073 0.0043587722 0.7679908276 0.0186192468 0.9997780919 0.0098527446 -0.7677774429 0.0206095614 -0.6403850913
-411.8 -651.0 2762.0 -0.6248637438 -0.1600893289 0.7641444206 -0.1115825400 0.9870160222 0.1155368537 -0.7727190256 -0.0130703896 -0.6346136928
-109.4 -214.8 2672.3 0 0 0 0 0 0 0 0 0
-179.8 -358.3 2990.5 0 0 0 0 0 0 0 0 0
-481.1 -838.3 2557.3 0 0 0 0 0 0 0 0 0
-351.3 -1024.1 2767.0 0 0 0 0 0 0 0 0 0
-234.0 321.2 2752.2 1 0.2319985479 0.3378787637 -0.9121483564 -0.2074144036 0.9333505034 0.2929780781 0.9503451586 0.1212222278 0.2866168618
-301.1 135.9 2728.1 0.2319985479 0.3378787637 -0.9121483564 -0.2074144036 0.9333505034 0.2929780781 0.9503451586 0.1212222278 0.2866168618
-368.1 -49.2 2704.1 0.2320236117 0.3378306627 -0.9121598005 -0.2073451281 0.9333757758 0.2929464579 0.9503541589 0.1211613938 0.2866127789
-334.9 166.1 2589.7 -0.3553933501 0.3292236626 -0.8748184443 0.9275784492 0.0087728472 -0.3735254705 -0.1152987778 -0.9442111850 -0.3084985912
-256.7 -38.1 2615.1 -0.5979918838 0.3652987778 -0.7134160399 0.7566957474 -0.0361276902 -0.6527681947 -0.2642295063 -0.9301890135 -0.2548159659
-267.3 105.7 2866.5 -0.1572926641 0.1356178075 -0.9781957269 -0.9417157173 0.2776702046 0.1899231374 0.2973727584 0.9510557652 0.0840379298
-308.2 -139.5 2943.9 0.4977721274 0.1356178075 -0.8566392064 -0.8490725756 0.2776702046 -0.4494163096 0.1769143343 0.9510557652 0.2533658445
-466.3 -208.9 2604.4 0.2884272337 0.1288143992 -0.9487974644 0.0072367401 0.9905877113 0.1366880089 0.9574744701 -0.0462907478 0.2847802937
-517.5 -602.4 2622.8 0.3290166855 -0.1487611234 -0.9325332046 -0.2064348310 0.9522986412 -0.2247485965 0.9214839339 0.2664533854 0.2826126814
-409.7 -255.4 2763.8 -0.6089395285 -0.0162735190 0.7930496931 -0.0057355710 0.9998537302 0.0161131416 -0.7931959033 0.0052633360 -0.6089437604
-403.8 -619.6 2761.9 -0.6030040979 -0.1063149348 0.7906220555 -0.0750889331 0.9942438006 0.0764259398 -0.7941962481 -0.0132818101 -0.6075161695
-103.5 -231.9 2682.8 0 0 0 0 0 0 0 0 0
-179.3 -359.3 2989.7 0 0 0 0 0 0 0 0 0
-480.9 -836.8 2557.2 0 0 0 0 0 0 0 0 0
-367.0 -963.8 2766.5 0 0 0 0 0 0 0 0 0
-216.1 313.2 2747.1 2 0.2449795008 0.3821979463 -0.8910161257 -0.2143429369 0.9176302552 0.3346816599 0.9455380440 0.1089928672 0.3067220151
-291.9 131.0 2725.4 0.2449795008 0.3821979463 -0.8910161257 -0.2143429369 0.9176302552 0.3346816599 0.9455380440 0.1089928672 0.3067220151
-367.7 -50.9 2703.8 0.2448528707 0.3822027445 -0.8910489082 -0.2146469653 0.9175878763 0.3346030414 0.9455018640 0.1093324274 0.3067126870
-327.6 162.4 2587.5 -0.3315890133 0.3145039082 -0.8894582987 0.9329154491 -0.0310170576 -0.3587571383 -0.1404189020 -0.9487493038 -0.2831206322
-253.7 -45.7 2618.9 -0.6022444963 0.3615068495 -0.7117684484 0.7380862236 -0.0875858143 -0.6689973474 -0.3041879535 -0.9282464981 -0.2140751332
-256.2 99.7 2863.3 -0.1921264082 0.1709506065 -0.9663660526 -0.9325325489 0.2749680281 0.2340418398 0.3057293594 0.9461334348 0.1065883860
-306.3 -143.2 2942.9 0.4634015560 0.1709506065 -0.8695026636 -0.8698693514 0.2749680281 -0.4095362127 0.1690749675 0.9461334348 0.2761253119
-456.4 -215.4 2593.2 0.3132823408 0.1520766914 -0.9374043345 0.0110988813 0.9864408970 0.1637412459 0.9495951533 -0.0617013834 0.3073466420
-516.8 -607.2 2617.7 0.3519398570 -0.1522554457 -0.9235565066 -0.1885362864 0.9549282789 -0.2292728722 0.9168382883 0.2548141778 0.3073716462
-409.5 -258.0 2760.6 -0.6274507642 0.0338418558 0.7779204845 0.0095352205 0.9993141294 -0.0357822739 -0.7785978913 -0.0150339697 -0.6273430586
-422.4 -638.0 2766.3 -0.6179567575 -0.1242765933 0.7763277292 -0.0928112864 0.9920546412 0.0849329606 -0.7807147503 -0.0195670743 -0.6245811582
-98.4 -236.0 2697.3 0 0 0 0 0 0 0 0 0
-186.2 -368.7 2986.8 0 0 0 0 0 0 0 0 0
-479.8 -838.7 2555.9 0 0 0 0 0 0 0 0 0
-377.2 -999.2 2773.4 0 0 0 0 0 0 0 0 0
-225.4 317.1 2752.8 3 0.2496064901 0.3510958552 -0.9024568200 -0.2186742872 0.9283189178 0.3006752133 0.9433335066 0.1222936139 0.3084900677
-295.1 132.8 2728.5 0.2496064901 0.3510958552 -0.9024568200 -0.2186742872 0.9283189178 0.3006752133 0.9433335066 0.1222936139 0.3084900677
-364.7 -51.4 2704.2 0.2495878339 0.3510979414 -0.9024611712 -0.2187235951 0.9283109903 0.3006637394 0.9433270097 0.1223475337 0.3084885478
-331.5 164.7 2590.8 -0.3347036242 0.3191155493 -0.8866446614 0.9340626597 -0.0119614946 -0.3569087684 -0.1245007366 -0.9476402998 -0.2940703630
-252.8 -55.1 2620.1 -0.6295560598 0.3550336659 -0.6910935044 0.7245877385 -0.0527397357 -0.6871616840 -0.2804136276 -0.9333646894 -0.2240504175
