-92.2 451.2 2479.0 56 0.6377776265 0.4182375073 -0.6467743516 -0.0900133476 0.8744453788 0.4767000079 0.7649426460 -0.2458102703 0.5953486562
-175.7 276.7 2528.1 0.6377776265 0.4182375073 -0.6467743516 -0.0900133476 0.8744453788 0.4767000079 0.7649426460 -0.2458102703 0.5953486562
-254.1 103.6 2575.3 0.6411958337 0.4005623162 -0.6545362473 -0.0826722160 0.8840460777 0.4600302279 0.7629109621 -0.2408575267 0.5999620557
-266.8 288.5 2419.6 0.0150213940 0.4887075424 -0.8723183274 0.9970476031 0.0583813936 0.0498768277 0.0753023401 -0.8704921603 -0.4863876998
-270.3 52.3 2401.8 -0.5404770374 0.4887075424 -0.6848719120 0.8035001755 0.0583813936 -0.5924348235 -0.2495435923 -0.8704921603 -0.4242303967
-84.6 264.9 2636.5 -0.0712091923 0.8997751474 -0.4305042624 -0.6397748590 0.2899244428 0.7117807865 0.7652564049 0.3261111379 0.5550082326
-100.6 120.8 2808.9 0.4124550223 0.8997751474 -0.1424272507 -0.8090292215 0.2899244428 -0.5112881064 -0.4187511802 0.3261111379 0.8475252390
-393.6 -54.0 2554.2 -0.0853794068 -0.1226641536 -0.9887688756 -0.1453895867 0.9833039045 -0.1094319075 0.9856836200 0.1344134659 -0.1017879993
-345.5 -439.1 2501.5 -0.0897239745 0.2506703436 -0.9639055729 -0.1618502140 0.9512748718 0.2624512613 0.9827278852 0.1795564890 -0.0447811149
-272.3 -75.9 2686.0 -0.5055063367 -0.2275883257 -0.8322661519 -0.0678318813 0.9720822573 -0.2246218026 0.8601524234 -0.0570935607 -0.5068314672
-183.2 -456.5 2708.3 -0.5055063367 0.3647998273 -0.7819107771 -0.0678318813 0.8866167068 0.4575036764 0.8601524234 0.2843094766 -0.4234452844
-131.9 -153.4 2465.7 0 0 0 0 0 0 0 0 0
4.9 -86.1 2701.8 0 0 0 0 0 0 0 0 0
-432.8 -770.4 2439.0 0 0 0 0 0 0 0 0 0
-320.4 -789.9 2601.4 0 0 0 0 0 0 0 0 0
-98.1 449.7 2486.6 57 0.6114411354 0.3995534182 -0.6830057502 -0.0766514465 0.8890029192 0.4514403045 0.7875686288 -0.2236757725 0.5741992593
-177.3 273.4 2531.0 0.6114411354 0.3995534182 -0.6830057502 -0.0766514465 0.8890029192 0.4514403045 0.7875686288 -0.2236757725 0.5741992593
-253.0 98.2 2574.5 0.6140587330 0.3870905936 -0.6878173947 -0.0707152113 0.8949491978 0.4405284524 0.7860860229 -0.2218711823 0.5769245625
-264.6 283.6 2419.2 0.0146544715 0.4695092440 -0.8828059435 0.9977259040 0.0512255877 0.0438058116 0.0657894835 -0.8814402819 -0.4676908553
-268.1 45.3 2403.5 -0.5471775532 0.4695092440 -0.6929342151 0.8003737926 0.0512255877 -0.5973087549 -0.2449460179 -0.8814402819 -0.4038123786
-90.0 263.3 2642.8 -0.0343069844 0.8951134086 -0.4445165992 -0.7006722689 0.2956195176 0.6493592262 0.7126579881 0.3337380290 0.6170393825
-97.5 110.3 2798.5 0.4131717980 0.8951134086 -0.1675143093 -0.8312868476 0.2956195176 -0.4707135856 -0.3718215525 0.3337380290 0.8662376404
-390.3 -62.0 2553.8 -0.1164586172 -0.1097213626 -0.9871163368 -0.1682645231 0.9816916585 -0.0892667770 0.9788383245 0.1557007581 -0.1327886581
-347.4 -446.3 2492.8 -0.1085822806 0.2499479502 -0.9621517062 -0.1380405873 0.9547062516 0.2635921240 0.9844565392 0.1614374220 -0.0691612214
-274.7 -76.9 2691.4 -0.4793595970 -0.2558977306 -0.8394824266 -0.0804098025 0.9653287530 -0.2483437508 0.8739271164 -0.0515433513 -0.4833163023
-174.6 -454.8 2711.5 -0.4793595970 0.3943175673 -0.7840459347 -0.0804098025 0.8698876500 0.4866515696 0.8739271164 0.2963261008 -0.3852820098
-128.0 -159.7 2466.2 0 0 0 0 0 0 0 0 0
8.1 -102.2 2703.5 0 0 0 0 0 0 0 0 0
-432.1 -770.2 2438.1 0 0 0 0 0 0 0 0 0
-322.9 -782.0 2600.1 0 0 0 0 0 0 0 0 0
-100.3 447.9 2492.5 58 0.5999570489 0.3908326030 -0.6980697513 -0.0761664137 0.8964923024 0.4364633262 0.7963982821 -0.2086897790 0.5676252246
-177.6 270.5 2533.8 0.5999570489 0.3908326030 -0.6980697513 -0.0761664137 0.8964923024 0.4364633262 0.7963982821 -0.2086897790 0.5676252246
-251.1 93.8 2575.2 0.6045051813 0.3754818141 -0.7025573850 -0.0654899850 0.9023833275 0.4259288609 0.7939046025 -0.2114657313 0.5700857043
-263.7 279.9 2420.7 0.0946138427 0.5107721686 -0.8544939756 0.9878072739 0.0584293939 0.1443010122 0.1236325130 -0.8577282429 -0.4990162551
-280.5 104.1 2398.7 -0.4457906485 0.5107721686 -0.7351071239 0.8710811734 0.0584293939 -0.4876510501 -0.2061267346 -0.8577282429 -0.4709713459
-91.6 261.1 2646.8 -0.0458303690 0.8942221999 -0.4452709854 -0.7067058682 0.2860090435 0.6471210718 0.7060215473 0.3443334103 0.6188441515
-101.4 110.7 2797.0 0.4089439809 0.8942221999 -0.1820205748 -0.8347970247 0.2860090435 -0.4704389274 -0.3686173856 0.3443334103 0.8634557128
-384.1 -70.6 2547.2 -0.1305968016 -0.0855123922 -0.9877409339 -0.1414857954 0.9876838923 -0.0668005347 0.9812880754 0.1310273707 -0.1410871446
-350.6 -457.1 2495.9 -0.1319970638 0.2475549728 -0.9598402381 -0.1468690783 0.9527409673 0.2659213841 0.9803092480 0.1760716885 -0.0894008353
-273.4 -83.4 2689.0 -0.3902257979 -0.2235684395 -0.8931634426 -0.0818958431 0.9746546149 -0.2081860155 0.9170697331 -0.0080931829 -0.3986447155
-185.9 -464.5 2692.2 -0.3902257979 0.3639878035 -0.8457166553 -0.0818958431 0.9011766315 0.4256451130 0.9170697331 0.2353583872 -0.3218532801
-176.3 -99.6 2446.9 0 0 0 0 0 0 0 0 0
1.7 -99.6 2704.2 0 0 0 0 0 0 0 0 0
-432.2 -771.0 2437.9 0 0 0 0 0 0 0 0 0
-322.5 -802.8 2603.8 0 0 0 0 0 0 0 0 0
-104.7 448.5 2494.9 59 0.5895818472 0.3777612448 -0.7139255404 -0.0606320314 0.9020953178 0.4272561669 0.8054296970 -0.2086157352 0.5547634363
-179.2 270.6 2536.0 0.5895818472 0.3777612448 -0.7139255404 -0.0606320314 0.9020953178 0.4272561669 0.8054296970 -0.2086157352 0.5547634363
-251.0 92.9 2576.3 0.5912100673 0.3668825924 -0.7182393670 -0.0566757768 0.9072414041 0.4167744219 0.8045237660 -0.2056944519 0.5571635962
-263.4 278.7 2421.4 0.1325233877 0.6119585633 -0.7797078490 0.9739125967 0.0657992363 0.2171744257 0.1842059195 -0.7881479263 -0.5872741938
-283.4 131.7 2393.6 -0.3703455627 0.6119585633 -0.6988210678 0.9043657780 0.0657992363 -0.4216550887 -0.2120535374 -0.7881479263 -0.5778028369
-95.0 262.5 2650.6 -0.0354947373 0.9008432031 -0.4326911271 -0.7124994397 0.2807902992 0.6430407166 0.7007743120 0.3311167657 0.6318837404
-102.4 114.5 2796.1 0.3970801830 0.9008432031 -0.1755244285 -0.8412482738 0.2807902992 -0.4620153308 -0.3669178188 0.3311167657 0.8693290353
-379.1 -76.9 2545.0 -0.1458010077 -0.0732957348 -0.9865950346 -0.1446540505 0.9881133437 -0.0520312600 0.9786813855 0.1351287514 -0.1546704471
-350.4 -463.8 2492.1 -0.1432353258 0.2535026670 -0.9566713572 -0.1349920928 0.9526001811 0.2726352513 0.9804390669 0.1681940705 -0.1022251472
-270.0 -88.8 2688.4 -0.3330229819 -0.2127992213 -0.9185925126 -0.0799027160 0.9770658612 -0.1973774135 0.9395271540 0.0076668183 -0.3423886299
-186.7 -471.2 2685.4 -0.3330229819 0.3792102039 -0.8633048534 -0.0799027160 0.9009241462 0.4265573919 0.9395271540 0.2110338211 -0.2697285414
-199.0 -74.4 2441.9 0 0 0 0 0 0 0 0 0
-3.2 -95.7 2704.4 0 0 0 0 0 0 0 0 0
-432.1 -770.8 2437.9 0 0 0 0 0 0 0 0 0
-329.3 -809.8 2606.1 0 0 0 0 0 0 0 0 0
-107.8 450.9 2503.1 60 0.5615790486 0.3648538589 -0.7426376343 -0.0398880541 0.9084247947 0.4161410630 0.8264610767 -0.2040737122 0.5247056484
-179.9 271.5 2543.4 0.5615790486 0.3648538589 -0.7426376343 -0.0398880541 0.9084247947 0.4161410630 0.8264610767 -0.2040737122 0.5247056484
-249.7 92.9 2583.0 0.5626075268 0.3567496240 -0.7457898259 -0.0372932106 0.9121357203 0.4081882536 0.8258825541 -0.2018368840 0.5264787674
-259.9 276.8 2425.8 0.1843176484 0.6571820974 -0.7308479548 0.9500995874 0.0712677985 0.3036966026 0.2516698837 -0.7503550053 -0.6112525463
-285.9 143.0 2390.3 -0.3391242325 0.6571820974 -0.6731318235 0.9170221686 0.0712677985 -0.3924171925 -0.2099169195 -0.7503550053 -0.6268191338
-99.8 266.1 2661.0 -0.0071520596 0.9182415605 -0.3959562182 -0.7339043617 0.2641332150 0.6257939339 0.6792151928 0.2950696945 0.6720123291
-101.3 117.4 2798.6 0.3674401641 0.9182415605 -0.1477166861 -0.8461572528 0.2641332150 -0.4628731012 -0.3860124350 0.2950696945 0.8740299344
-376.2 -79.6 2544.0 -0.1794050336 -0.0697773471 -0.9812976122 -0.1262409091 0.9908675551 -0.0473779328 0.9756418467 0.1153800637 -0.1865753978
-348.9 -467.6 2498.8 -0.1841609031 0.2600393593 -0.9478735924 -0.1434722394 0.9469268918 0.2876546383 0.9723684788 0.1889682859 -0.1370784789
-269.4 -89.9 2689.4 -0.4173809886 -0.2268956155 -0.8799496889 -0.0796442553 0.9737347960 -0.2133010179 0.9052346945 -0.0189448521 -0.4244893491
-180.6 -470.9 2696.8 -0.4173809886 0.4042703211 -0.8138541579 -0.0796442553 0.8758735061 0.4759226739 0.9052346945 0.2634598911 -0.3333751559
-209.6 -63.4 2437.6 0 0 0 0 0 0 0 0 0
-8.4 -96.5 2701.0 0 0 0 0 0 0 0 0 0
-432.1 -770.7 2438.3 0 0 0 0 0 0 0 0 0
-332.4 -799.8 2597.8 0 0 0 0 0 0 0 0 0
-105.3 450.1 2498.7 61 0.5842478275 0.3777646124 -0.7182954550 -0.0511719510 0.9004493356 0.4319403470 0.8099604249 -0.2156036198 0.5454165339
-180.2 271.5 2541.4 0.5842478275 0.3777646124 -0.7182954550 -0.0511719510 0.9004493356 0.4319403470 0.8099604249 -0.2156036198 0.5454165339
-251.3 93.8 2582.7 0.5859130621 0.3632997274 -0.7243750095 -0.0471090190 0.9076356292 0.4171071053 0.8090034723 -0.2102639079 0.5489102602
-263.6 278.3 2426.2 0.1776250005 0.6713565588 -0.7195343971 0.9495880604 0.0750021264 0.3043964803 0.2583251894 -0.7373296618 -0.6241899133
-287.6 149.9 2391.3 -0.3236120939 0.6713565588 -0.6667500138 0.9246816635 0.0750021264 -0.3732807934 -0.2005968392 -0.7373296618 -0.6450626850
-96.8 264.8 2656.6 -0.0544732735 0.9053664804 -0.4211225212 -0.7307838202 0.2512497902 0.6346877813 0.6804320216 0.3423230350 0.6479407549
-108.2 112.5 2798.4 0.3752217889 0.9053664804 -0.1987966895 -0.8507807255 0.2512497902 -0.4615687132 -0.3679412305 0.3423230350 0.8645427823
-370.3 -82.4 2548.0 -0.1522375494 -0.0538217463 -0.9868773818 -0.1323982924 0.9906268716 -0.0336022265 0.9794357419 0.1255453527 -0.1579365134
-349.2 -470.3 2498.8 -0.1581702828 0.2625110447 -0.9518771768 -0.1536667049 0.9457226396 0.2863480449 0.9753813148 0.1915635765 -0.1092460081
-268.8 -89.1 2697.1 -0.1669462323 -0.2079457045 -0.9637880921 -0.0948991627 0.9763570428 -0.1942192465 0.9813883305 0.0590385199 -0.1827329993
-187.6 -470.2 2674.1 -0.1669462323 0.3765816092 -0.9112163782 -0.0948991627 0.9137583375 0.3950188458 0.9813883305 0.1524205804 -0.1168112233
-214.8 -58.1 2436.5 0 0 0 0 0 0 0 0 0
-15.0 -98.7 2707.1 0 0 0 0 0 0 0 0 0
-432.6 -770.4 2438.0 0 0 0 0 0 0 0 0 0
-328.2 -811.3 2617.2 0 0 0 0 0 0 0 0 0
-106.2 448.5 2491.5 62 0.5821576715 0.3806170821 -0.7184866667 -0.0451463312 0.8974334002 0.4388337433 0.8118215799 -0.2230333984 0.5396311879
-181.8 270.3 2535.8 0.5821576715 0.3806170821 -0.7184866667 -0.0451463312 0.8974334002 0.4388337433 0.8118215799 -0.2230333984 0.5396311879
-254.3 93.5 2578.5 0.5830017924 0.3703898191 -0.7231322527 -0.0431227088 0.9028928280 0.4276972711 0.8113256693 -0.2181648612 0.5423603654
-264.8 276.5 2420.2 0.1684850454 0.6323524117 -0.7561370134 0.9599385858 0.0689826682 0.2715865374 0.2238987535 -0.7716034055 -0.5953969359
-288.7 140.6 2388.5 -0.3585624099 0.6323524117 -0.6867047548 0.9089769125 0.0689826682 -0.4110989571 -0.2125886828 -0.7716034055 -0.5995283127
-98.7 264.1 2651.3 -0.0877802595 0.9216201305 -0.3780356348 -0.6833418608 0.2204171419 0.6960317492 0.7248024344 0.3194254041 0.6104333401
-117.8 115.5 2809.0 0.3474025130 0.9216201305 -0.1729965657 -0.8354417086 0.2204171419 -0.5034416318 -0.4258505106 0.3194254041 0.8465333581
-375.3 -79.7 2550.8 -0.1552046984 -0.0653834417 -0.9857162237 -0.1402437091 0.9891596437 -0.0435299501 0.9778769016 0.1314844489 -0.1626918465
-349.7 -467.1 2499.3 -0.1589977741 0.2574572265 -0.9531188011 -0.1541506499 0.9470856786 0.2815427184 0.9751703739 0.1916885525 -0.1108973175
-269.5 -88.3 2697.0 -0.3101961613 -0.1969626248 -0.9300451875 -0.0915127546 0.9799456596 -0.1770083457 0.9462577701 0.0302036926 -0.3219999671
-192.5 -471.2 2685.2 -0.3101961613 0.3525041044 -0.8829038739 -0.0915127546 0.9133302569 0.3968037665 0.9462577701 0.2038839608 -0.2510529160
-207.5 -65.2 2436.6 0 0 0 0 0 0 0 0 0
-30.4 -94.7 2701.8 0 0 0 0 0 0 0 0 0
-431.8 -769.1 2438.2 0 0 0 0 0 0 0 0 0
-324.5 -813.2 2608.8 0 0 0 0 0 0 0 0 0
-106.9 446.4 2485.4 63 0.5540502071 0.3889372647 -0.7360408902 -0.0149015281 0.8886427879 0.4583578408 0.8323498964 -0.2429851294 0.4981485009
-184.2 269.7 2533.7 0.5540502071 0.3889372647 -0.7360408902 -0.0149015281 0.8886427879 0.4583578408 0.8323498964 -0.2429851294 0.4981485009
-257.8 94.2 2579.7 0.5545005798 0.3753986657 -0.7427011132 -0.0138496002 0.8965122104 0.4428024888 0.8320680857 -0.2352481335 0.5023157001
-263.2 271.7 2415.3 0.0714162588 0.5295160413 -0.8452883959 0.9931200743 0.0410981253 0.1096513793 0.0928019285 -0.8473038077 -0.5229379535
-276.4 87.2 2398.0 -0.4464992583 0.5295160413 -0.7212843895 0.8627747893 0.0410981253 -0.5039152503 -0.2371877581 -0.8473038077 -0.4752033651
-105.3 267.8 2652.1 -0.0834822878 0.9128095508 -0.3997617066 -0.7047893405 0.2295193672 0.6712621450 0.7044875622 0.3377862871 0.6241776347
-123.1 117.2 2802.6 0.3615111411 0.9128095508 -0.1899694651 -0.8388862610 0.2295193672 -0.4935491085 -0.4069146812 0.3377862871 0.8487172127
-379.5 -79.4 2547.9 -0.1871034205 -0.0753850564 -0.9794434309 -0.1309285909 0.9900692701 -0.0511915609 0.9735758901 0.1186590269 -0.1951154023
-350.0 -467.2 2501.5 -0.1932254732 0.2570440173 -0.9468855858 -0.1532879174 0.9453135133 0.2878978550 0.9691061378 0.2007753253 -0.1432569176
-274.1 -87.2 2694.6 -0.2202979624 -0.2094717324 -0.9526754022 -0.0922109485 0.9767680168 -0.1934461594 0.9710643291 0.0452313051 -0.2344955802
-192.2 -469.3 2676.9 -0.2202979624 0.3454848826 -0.9122000933 -0.0922109485 0.9236107469 0.3720756471 0.9710643291 0.1660823375 -0.1716120839
-169.2 -120.0 2455.0 0 0 0 0 0 0 0 0 0
-31.3 -95.7 2699.3 0 0 0 0 0 0 0 0 0
-432.2 -769.6 2437.2 0 0 0 0 0 0 0 0 0
-321.8 -815.9 2614.5 0 0 0 0 0 0 0 0 0
-107.4 444.1 2483.3 64 0.5849313736 0.3848337233 -0.7139735818 -0.0246840641 0.8883106709 0.4585791826 0.8107070923 -0.2506135702 0.5291000605
-184.0 267.3 2533.2 0.5849313736 0.3848337233 -0.7139735818 -0.0246840641 0.8883106709 0.4585791826 0.8107070923 -0.2506135702 0.5291000605
-256.7 91.8 2580.6 0.5854351521 0.3710063994 -0.7208467126 -0.0234944820 0.8965352178 0.4423489869 0.8103787303 -0.2420307249 0.5335798264
-267.3 270.7 2417.9 0.0091254413 0.4951916039 -0.8687358499 0.9981193542 0.0481540412 0.0379329994 0.0606172420 -0.8674482703 -0.4938209057
-269.3 57.4 2404.9 -0.5098863244 0.4951916039 -0.7034211159 0.8245257139 0.0481540412 -0.5637716651 -0.2453024387 -0.8674482703 -0.4328512847
-100.7 264.0 2648.5 -0.1251810044 0.9145894051 -0.3845203519 -0.6760785580 0.2050161362 0.7077330947 0.7261180878 0.3485607207 0.5926702023
-126.8 122.7 2800.3 0.3453200758 0.9145894051 -0.2104287297 -0.8444924355 0.2050161362 -0.4947736263 -0.4093734324 0.3485607207 0.8431600332
-381.4 -80.1 2550.7 -0.1505754590 -0.0763294995 -0.9856474400 -0.1426829100 0.9882538915 -0.0547339544 0.9782477021 0.1323934495 -0.1596976966
-351.5 -467.1 2498.8 -0.1545302421 0.2508077919 -0.9556232691 -0.1575880498 0.9486013055 0.2744477987 0.9753391147 0.1930052936 -0.1070632711
-281.3 -82.6 2700.9 -0.2455419451 -0.2540491223 -0.9355042577 -0.1062102243 0.9662888050 -0.2345320880 0.9635499716 0.0417726524 -0.2642470598
-181.9 -460.4 2684.6 -0.2455419451 0.3719674647 -0.8951811790 -0.1062102243 0.9075693488 0.4062477648 0.9635499716 0.1948282570 -0.1833395958
-143.1 -146.6 2465.6 0 0 0 0 0 0 0 0 0
-38.8 -92.6 2696.0 0 0 0 0 0 0 0 0 0
-431.6 -769.9 2437.2 0 0 0 0 0 0 0 0 0
-321.6 -801.3 2611.4 0 0 0 0 0 0 0 0 0
-106.5 444.5 2488.8 65 0.5668069124 0.3831731081 -0.7293204069 -0.0210507531 0.8917049766 0.4521272779 0.8235816956 -0.2409161478 0.5134906769
-182.9 266.7 2536.8 0.5668069124 0.3831731081 -0.7293204069 -0.0210507531 0.8917049766 0.4521272779 0.8235816956 -0.2409161478 0.5134906769
-256.2 91.1 2583.4 0.5679182410 0.3740074337 -0.7332034707 -0.0184264611 0.8963531852 0.4429575801 0.8228787184 -0.2380533367 0.5159469843
-263.8 269.3 2419.7 0.0092313904 0.4913874269 -0.8708921671 0.9980516434 0.0492167659 0.0383490697 0.0617067479 -0.8695493937 -0.4899756610
-265.9 43.7 2405.7 -0.5351313353 0.4913874269 -0.6871483326 0.8047730923 0.0492167659 -0.5915386677 -0.2568554282 -0.8695493937 -0.4217928052
-102.1 264.1 2654.0 -0.1624504477 0.9158588648 -0.3671680093 -0.6470620632 0.1820477098 0.7403845787 0.7449299097 0.3578562737 0.5630437732
-135.3 131.7 2806.4 0.3374650478 0.9158588648 -0.2175312340 -0.8319379687 0.1820477098 -0.5241544843 -0.4404504597 0.3578562737 0.8233724833
-382.2 -81.7 2554.8 -0.1698331982 -0.0696986392 -0.9830049872 -0.1571812928 0.9866418839 -0.0428003855 0.9728569984 0.1472410709 -0.1785198748
-354.9 -468.1 2497.1 -0.1669429690 0.2471077889 -0.9544987082 -0.1460214406 0.9512121081 0.2717962563 0.9750937223 0.1847517639 -0.1227151379
-276.5 -85.9 2701.1 -0.3042028546 -0.2314965576 -0.9240508676 -0.1112176403 0.9720199704 -0.2069004774 0.9460926056 0.0398310386 -0.3214377463
-185.9 -466.3 2685.5 -0.3042028546 0.3638603985 -0.8803784847 -0.1112176403 0.9042918086 0.4121735096 0.9460926056 0.2232979685 -0.2346204370
-131.2 -158.8 2470.4 0 0 0 0 0 0 0 0 0
-49.1 -80.8 2693.9 0 0 0 0 0 0 0 0 0
-433.6 -771.3 2438.3 0 0 0 0 0 0 0 0 0
-322.7 -806.3 2601.6 0 0 0 0 0 0 0 0 0
-104.1 443.3 2483.5 66 0.5760321021 0.3953838944 -0.7154429555 -0.0244574845 0.8831822276 0.4683919549 0.8170611262 -0.2523108721 0.5184113979
-183.1 267.0 2533.9 0.5760321021 0.3953838944 -0.7154429555 -0.0244574845 0.8831822276 0.4683919549 0.8170611262 -0.2523108721 0.5184113979
-256.8 92.0 2581.7 0.5777304173 0.3766747117 -0.7241157889 -0.0205490496 0.8935803175 0.4484328330 0.8159689307 -0.2441934049 0.5239888430
-265.4 269.9 2417.7 -0.0065047066 0.4952062070 -0.8687511086 0.9987002611 0.0471358262 0.0193907116 0.0505517051 -0.8674958348 -0.4948691726
-263.8 36.2 2405.9 -0.5459849238 0.4952062070 -0.6757745743 0.7935866117 0.0471358262 -0.6066288352 -0.2685531676 -0.8674958348 -0.4187244475
-100.8 264.1 2650.2 -0.1796347946 0.9277173281 -0.3272184134 -0.6156467795 0.1534192860 0.7729434371 0.7672746181 0.3402985036 0.5435867906
-139.2 132.3 2814.4 0.3149112463 0.9277173281 -0.2004281580 -0.8111539483 0.1534192860 -0.5643507838 -0.4928084612 0.3402985036 0.8008350134
-380.7 -82.8 2555.7 -0.1595183015 -0.0667846650 -0.9849333763 -0.1464375854 0.9882720709 -0.0432942435 0.9762734771 0.1373250335 -0.1674272567
-354.6 -469.8 2501.9 -0.1644704342 0.2482220381 -0.9546388388 -0.1652439535 0.9472074509 0.2747589052 0.9724422693 0.2029380202 -0.1147704348
-278.1 -86.1 2704.4 -0.3690924644 -0.2615843415 -0.8918208480 -0.1158597693 0.9650387168 -0.2351100594 0.9221427441 0.0165488049 -0.3864956200
-175.8 -463.6 2697.9 -0.3690924644 0.3917636275 -0.8427882195 -0.1158597693 0.8803471327 0.4599624574 0.9221427441 0.2674139142 -0.2795398533
-125.2 -165.3 2474.0 0 0 0 0 0 0 0 0 0
-58.8 -74.8 2688.6 0 0 0 0 0 0 0 0 0
-433.5 -771.1 2437.4 0 0 0 0 0 0 0 0 0
-323.0 -794.4 2597.4 0 0 0 0 0 0 0 0 0
-96.4 443.8 2481.4 67 0.6064829826 0.4211096168 -0.6744220257 -0.0637021735 0.8712351322 0.4867148399 0.7925404906 -0.2522221208 0.5552148819
-180.7 269.3 2531.9 0.6064829826 0.4211096168 -0.6744220257 -0.0637021735 0.8712351322 0.4867148399 0.7925404906 -0.2522221208 0.5552148819
-259.1 96.3 2579.5 0.6086875796 0.4005607963 -0.6848726273 -0.0589936413 0.8836612105 0.4643948972 0.7912137508 -0.2422682792 0.5615041256
-267.3 277.8 2419.3 0.0629473403 0.5419073701 -0.8380775452 0.9916030765 0.0610899404 0.1139797419 0.1129645705 -0.8382149935 -0.5335115790
-278.6 98.8 2398.9 -0.4468371868 0.5419073701 -0.7118095756 0.8656527996 0.0610899404 -0.4969036281 -0.2257913500 -0.8382149935 -0.4964009225
-94.2 260.9 2644.5 -0.2099817991 0.9245362878 -0.3180256784 -0.5742918849 0.1466158628 0.8054145575 0.7912625670 0.3517619669 0.5001670122
-139.8 135.9 2816.7 0.3171278536 0.9245362878 -0.2113353312 -0.8078548908 0.1466158628 -0.5708539486 -0.4967900813 0.3517619669 0.7933871150
-382.8 -81.2 2555.8 -0.1268796474 -0.0809384733 -0.9886103868 -0.1407519132 0.9880493283 -0.0628282428 0.9818810821 0.1311771870 -0.1367556006
-351.1 -468.1 2504.5 -0.1369005740 0.2551715076 -0.9571549892 -0.1775863171 0.9442762136 0.2771380544 0.9745364785 0.2079180032 -0.0839569867
-282.5 -82.6 2699.0 -0.3757227957 -0.2400088757 -0.8951134682 -0.1182240695 0.9704032540 -0.2105720937 0.9191601872 0.0267072190 -0.3929774463
-188.3 -463.4 2688.5 -0.3757227957 0.4459205270 -0.8123959899 -0.1182240695 0.8463985920 0.5192615390 0.9191601872 0.2911431491 -0.2652927041
-174.9 -102.1 2451.3 0 0 0 0 0 0 0 0 0
-58.7 -70.7 2689.6 0 0 0 0 0 0 0 0 0
-432.8 -770.6 2437.9 0 0 0 0 0 0 0 0 0
-355.7 -781.1 2579.2 0 0 0 0 0 0 0 0 0
-100.4 442.9 2479.8 68 0.6436342001 0.4047432244 -0.6495521069 -0.0703927130 0.8764276505 0.4763605595 0.7620891929 -0.2608782053 0.5925897956
-181.2 267.9 2531.9 0.6436342001 0.4047432244 -0.6495521069 -0.0703927130 0.8764276505 0.4763605595 0.7620891929 -0.2608782053 0.5925897956
-256.7 94.1 2581.0 0.6456387043 0.3859735131 -0.6589196324 -0.0659201816 0.8878123760 0.4554598629 0.7607924342 -0.2506264150 0.5986495018
-273.0 277.3 2423.7 0.0668644086 0.6615142226 -0.7469458580 0.9801768064 0.0963821113 0.1731010079 0.1865009964 -0.7437132597 -0.6419563293
-283.0 129.6 2395.6 -0.3728281558 0.6615142226 -0.6506904960 0.9027363658 0.0963821113 -0.4192583263 -0.2146303952 -0.7437132597 -0.6331068873
-89.3 258.5 2640.1 -0.2365081161 0.9256144166 -0.2954688072 -0.5375664234 0.1286599785 0.8333480358 0.8093739748 0.3559276760 0.4671500921
-141.6 139.8 2818.8 0.3075106144 0.9256144166 -0.2206243873 -0.8038907051 0.1286599785 -0.5806946754 -0.5091138482 0.3559276760 0.7836571932
-392.4 -71.3 2555.6 -0.0811017677 -0.1119281426 -0.9904012084 -0.1392292380 0.9852041602 -0.0999396369 0.9869334698 0.1297875345 -0.0954854712
-348.6 -457.0 2504.8 -0.0922601372 0.2566688359 -0.9620858431 -0.1802044362 0.9459483027 0.2696444690 0.9792928100 0.1982495636 -0.0410204567
-284.7 -80.9 2696.3 -0.3763321638 -0.2457327247 -0.8933026195 -0.1061945036 0.9692710638 -0.2218925655 0.9203786254 0.0113585126 -0.3908633590
-188.4 -460.9 2691.9 -0.3763321638 0.3947647214 -0.8381735682 -0.1061945036 0.8803393245 0.4623043835 0.9203786254 0.2629894316 -0.2893781662
-198.3 -75.5 2444.4 0 0 0 0 0 0 0 0 0
-62.9 -65.9 2688.6 0 0 0 0 0 0 0 0 0
-433.4 -769.6 2439.3 0 0 0 0 0 0 0 0 0
-336.5 -791.1 2593.2 0 0 0 0 0 0 0 0 0
-89.5 447.3 2478.6 69 0.6711985469 0.4154164791 -0.6139394641 -0.1013054997 0.8718523383 0.4791770875 0.7343226075 -0.2594275177 0.6272699833
-172.9 272.3 2530.6 0.6711985469 0.4154164791 -0.6139394641 -0.1013054997 0.8718523383 0.4791770875 0.7343226075 -0.2594275177 0.6272699833
-251.3 100.0 2580.6 0.6742072105 0.4005918503 -0.6204602122 -0.0948458910 0.8801218867 0.4651770890 0.7324267626 -0.2547776401 0.6313790083
-268.7 285.8 2426.5 0.0264778752 0.5701811910 -0.8210921884 0.9922034144 0.0850760266 0.0910740495 0.1217839718 -0.8171018958 -0.5634830594
-274.1 83.1 2401.6 -0.4397639036 0.5701811910 -0.6939027905 0.8717253208 0.0850760266 -0.4825525880 -0.2161079049 -0.8171018958 -0.5344547629
-77.0 258.8 2634.8 -0.2732145488 0.9178904295 -0.2878036797 -0.5287547112 0.1066373438 0.8420492411 0.8035995960 0.3822376430 0.4562040269
-139.4 138.1 2818.2 0.3069740832 0.9178904295 -0.2514837086 -0.8012184501 0.1066373438 -0.5887932777 -0.5136301517 0.3822376430 0.7681656480
-390.5 -73.8 2561.4 -0.0433165692 -0.1031643897 -0.9937206507 -0.1629949808 0.9820572138 -0.0948485360 0.9856755733 0.1578629613 -0.0593546294
-350.1 -458.2 2499.6 -0.0474633574 0.2519335151 -0.9665799141 -0.1786306351 0.9499304295 0.2563654780 0.9827707410 0.1848287582 -0.0000838414
-275.0 -85.2 2697.6 -0.4530076683 -0.2419683784 -0.8580415845 -0.0915311202 0.9699998498 -0.2252163291 0.8867954016 -0.0234872121 -0.4615649879
-180.3 -465.1 2706.8 -0.4530076683 0.4011531770 -0.7961533666 -0.0915311202 0.8673948646 0.4891299903 0.8867954016 0.2944524586 -0.3562185168
-168.1 -127.0 2453.7 0 0 0 0 0 0 0 0 0
-60.8 -67.0 2686.7 0 0 0 0 0 0 0 0 0
-432.5 -769.1 2439.1 0 0 0 0 0 0 0 0 0
-331.0 -790.9 2596.2 0 0 0 0 0 0 0 0 0
-84.7 447.1 2478.4 70 0.6723127961 0.4299971163 -0.6025760770 -0.1277159005 0.8691680431 0.4777400494 0.7291667461 -0.2442321926 0.6392703056
-171.0 272.5 2527.5 0.6723127961 0.4299971163 -0.6025760770 -0.1277159005 0.8691680431 0.4777400494 0.7291667461 -0.2442321926 0.6392703056
-252.2 100.8 2574.8 0.6762227416 0.4146702886 -0.6089099050 -0.1196311340 0.8773795962 0.4646433592 0.7269189358 -0.2413578331 0.6429115534
-267.2 289.6 2424.0 0.0220970940 0.5175176859 -0.8553871512 0.9950146675 0.0718428418 0.0691697001 0.0972499847 -0.8526511788 -0.5133501291
-272.2 67.2 2402.3 -0.4933465123 0.5175176859 -0.6991313696 0.8392220736 0.0718428418 -0.5390222073 -0.2287259251 -0.8526511788 -0.4697556794
-74.8 255.5 2630.9 -0.2673321962 0.9279208183 -0.2598008811 -0.4976519644 0.0979244560 0.8618313670 0.8251520991 0.3596856892 0.4356032610
-136.9 140.0 2822.5 0.2879719138 0.9279208183 -0.2367174923 -0.8010103106 0.0979244560 -0.5905872583 -0.5248377323 0.3596856892 0.7714735866
-390.5 -63.8 2564.5 -0.0431587771 -0.1066775993 -0.9933565259 -0.1582952142 0.9824535251 -0.0986291990 0.9864481688 0.1529868692 -0.0592880473
-348.7 -448.5 2504.6 -0.0505861901 0.2504103184 -0.9668173194 -0.1864314973 0.9486731291 0.2554654181 0.9811648130 0.1931682229 -0.0013053892
-269.4 -80.7 2696.1 -0.4452366531 -0.2525499463 -0.8590592742 -0.0882798433 0.9671068788 -0.2385602295 0.8910505176 -0.0303781386 -0.4528864920
-170.5 -459.4 2708.0 -0.4452366531 0.4192542732 -0.7911953926 -0.0882798433 0.8587512374 0.5047305822 0.8910505176 0.2945711613 -0.3453358114
-149.8 -141.1 2459.0 0 0 0 0 0 0 0 0 0
-63.1 -65.1 2688.1 0 0 0 0 0 0 0 0 0
-433.3 -769.1 2439.3 0 0 0 0 0 0 0 0 0
-328.2 -782.4 2597.2 0 0 0 0 0 0 0 0 0
-79.9 448.7 2478.3 71 0.6673774123 0.4312733412 -0.6071332097 -0.1111612394 0.8638063073 0.4914080501 0.7363766432 -0.2604649365 0.6244257092
-166.5 275.3 2530.6 0.6673774123 0.4312733412 -0.6071332097 -0.1111612394 0.8638063073 0.4914080501 0.7363766432 -0.2604649365 0.6244257092
-247.2 104.1 2580.7 0.6717206836 0.4120746255 -0.6156182289 -0.1022082418 0.8746174574 0.4739175141 0.7337198257 -0.2554189563 0.6296160817
-262.1 289.9 2426.2 0.0375851467 0.5000586510 -0.8651755452 0.9938945770 0.0711693838 0.0843118355 0.1037348732 -0.8630621433 -0.4943306446
-270.9 58.2 2402.0 -0.5193810463 0.5000586510 -0.6929535866 0.8221258521 0.0711693838 -0.5648397803 -0.2331359237 -0.8630621433 -0.4480751753
-70.8 260.7 2635.1 -0.2697657049 0.9219976068 -0.2777532935 -0.5091499686 0.1082503349 0.8538431525 0.8173082471 0.3717556894 0.4402328134
-134.0 141.5 2826.5 0.2981718183 0.9219976068 -0.2470101118 -0.8110096455 0.1082503349 -0.5749306083 -0.5033457279 0.3717556894 0.7800261378
-394.4 -60.2 2556.5 -0.0486426502 -0.1113411933 -0.9925910830 -0.1448166966 0.9840528369 -0.1032865867 0.9882621169 0.1387196332 -0.0639910027
-350.8 -445.6 2502.2 -0.0572015494 0.2426734567 -0.9684201479 -0.1783617288 0.9519187808 0.2490736991 0.9823009372 0.1869764924 -0.0111675728
-272.6 -81.7 2687.5 -0.4380738437 -0.2527140975 -0.8626858592 -0.0833985955 0.9669578075 -0.2409093678 0.8950619698 -0.0335893035 -0.4446749091
-173.6 -460.4 2700.6 -0.4380738437 0.4000787437 -0.8050020337 -0.0833985955 0.8735522628 0.4795322120 0.8950619698 0.2772065699 -0.3493143916
-140.0 -149.0 2460.7 0 0 0 0 0 0 0 0 0
-57.7 -66.1 2697.6 0 0 0 0 0 0 0 0 0
-433.2 -768.9 2438.6 0 0 0 0 0 0 0 0 0
-324.1 -789.1 2596.3 0 0 0 0 0 0 0 0 0
-78.6 446.9 2480.8 72 0.6494594216 0.4416247308 -0.6190073490 -0.1093061641 0.8598255515 0.4987506270 0.7524989247 -0.2562569678 0.6066941023
-167.2 274.3 2532.3 0.6494594216 0.4416247308 -0.6190073490 -0.1093061641 0.8598255515 0.4987506270 0.7524989247 -0.2562569678 0.6066941023
-250.1 103.9 2581.7 0.6539223194 0.4231119752 -0.6271856427 -0.1003775597 0.8701869249 0.4823888838 0.7498732805 -0.2524894774 0.6115056276
-260.4 288.6 2425.5 0.0407912023 0.5027453899 -0.8634715676 0.9944062829 0.0638396963 0.0841465369 0.0974280462 -0.8620740175 -0.4973290861
-270.0 53.3 2402.4 -0.5298663378 0.5027453899 -0.6829998493 0.8107124567 0.0638396963 -0.5819534659 -0.2489719093 -0.8620740175 -0.4414084554
-74.1 260.0 2639.1 -0.2395876944 0.9090632200 -0.3408838809 -0.5277491212 0.1727627814 0.8316453099 0.8149101734 0.3791531622 0.4383654594
-129.8 137.2 2828.7 0.3451611400 0.9090632200 -0.2333835363 -0.8219648004 0.1727627814 -0.5427033305 -0.4530316293 0.3791531622 0.8068489432
-388.5 -57.9 2564.5 -0.0679849982 -0.0988720506 -0.9927750826 -0.1785041988 0.9802261591 -0.0853983611 0.9815876484 0.1714087129 -0.0842897519
-349.8 -441.6 2497.4 -0.0630403832 0.2427195758 -0.9680460095 -0.1590278000 0.9551389217 0.2498394549 0.9852594137 0.1696961969 -0.0216131657
-267.3 -76.3 2696.9 -0.4057777822 -0.2403236777 -0.8818100095 -0.0971481577 0.9706863761 -0.2198413908 0.9087940454 -0.0035405306 -0.4172299504
-173.3 -456.4 2698.3 -0.4057777822 0.3903655708 -0.8264133930 -0.0971481577 0.8806561232 0.4636884928 0.9087940454 0.2684390247 -0.3194273710
-135.4 -152.7 2465.6 0 0 0 0 0 0 0 0 0
-41.7 -72.8 2713.0 0 0 0 0 0 0 0 0 0
-433.3 -770.0 2439.0 0 0 0 0 0 0 0 0 0
-320.2 -787.8 2597.2 0 0 0 0 0 0 0 0 0
-79.9 445.2 2479.0 73 0.6105020046 0.4592448473 -0.6452762485 -0.0889995843 0.8493462801 0.5202786922 0.7869983315 -0.2602019012 0.5594002604
-172.1 274.7 2531.3 0.6105020046 0.4592448473 -0.6452762485 -0.0889995843 0.8493462801 0.5202786922 0.7869983315 -0.2602019012 0.5594002604
-257.7 105.7 2580.9 0.6150615215 0.4366476536 -0.6565349698 -0.0802848712 0.8630141616 0.4987593591 0.7843810916 -0.2540578544 0.5658629537
-259.6 286.0 2419.7 0.0402438529 0.4581250548 -0.8879762888 0.9970123172 0.0402284488 0.0659401417 0.0659307390 -0.8879769444 -0.4551374018
-269.2 49.2 2404.0 -0.5403938890 0.4581250548 -0.7057590485 0.8057711720 0.0402284488 -0.5908591151 -0.2422957718 -0.8879769444 -0.3908831775
-84.6 263.3 2642.9 -0.1591621935 0.9204643369 -0.3569493294 -0.5596961379 0.2137127370 0.8006666303 0.8132696748 0.3272190392 0.4811653495
-122.1 131.4 2834.5 0.3584444225 0.9204643369 -0.1557659209 -0.7953164577 0.2137127370 -0.5672729611 -0.4888653457 0.3272190392 0.8086645603
-392.0 -57.5 2563.4 -0.1146283150 -0.1062240750 -0.9877129197 -0.1808993220 0.9798746109 -0.0843869597 0.9767987728 0.1690034568 -0.1315372437
-350.4 -441.1 2497.2 -0.1054947153 0.2405803353 -0.9648792744 -0.1443917900 0.9563045502 0.2542293668 0.9838810563 0.1661404967 -0.0661472604
-273.9 -75.5 2698.8 -0.3711974621 -0.2583926618 -0.8918775916 -0.1041013747 0.9660268426 -0.2365482450 0.9227000475 0.0050395816 -0.3854857385
-172.8 -453.8 2696.8 -0.3711974621 0.3926334977 -0.8414579034 -0.1041013747 0.8828926086 0.4578902721 0.9227000475 0.2575646341 -0.2868538201
-131.4 -156.3 2465.8 0 0 0 0 0 0 0 0 0
-30.5 -71.8 2709.6 0 0 0 0 0 0 0 0 0
-433.3 -770.4 2440.0 0 0 0 0 0 0 0 0 0
-320.6 -786.2 2599.8 0 0 0 0 0 0 0 0 0
-75.9 446.1 2478.2 74 0.5859565139 0.4712020159 -0.6592599154 -0.0721553713 0.8406646848 0.5367276073 0.8071236014 -0.2669298947 0.5265927315
-170.9 276.6 2532.0 0.5859565139 0.4712020159 -0.6592599154 -0.0721553713 0.8406646848 0.5367276073 0.8071236014 -0.2669298947 0.5265927315
-258.7 109.1 2582.8 0.5900124907 0.4482588470 -0.6715275645 -0.0646740794 0.8552886248 0.5140997767 0.8047996759 -0.2598948777 0.5336217284
-254.9 285.7 2417.5 0.0544135682 0.4510538876 -0.8908364177 0.9969807863 0.0249510054 0.0735303685 0.0553934202 -0.8921478987 -0.4483343959
-268.0 45.0 2404.1 -0.5421022177 0.4510538876 -0.7089961767 0.8017451167 0.0249510054 -0.5971450210 -0.2516544163 -0.8921478987 -0.3751562536
-86.9 267.4 2646.5 -0.1175901741 0.9245195389 -0.3625413179 -0.5727300644 0.2351043820 0.7853064537 0.8112661839 0.2999826372 0.5018541813
-114.4 133.6 2836.1 0.3577717841 0.9245195389 -0.1313887388 -0.8066650629 0.2351043820 -0.5422337055 -0.4704155922 0.2999826372 0.8298913240
-398.7 -56.1 2559.8 -0.1442590505 -0.1221872568 -0.9819672108 -0.1708858609 0.9805141687 -0.0969019160 0.9746729732 0.1538253278 -0.1623281091
-350.8 -440.1 2499.6 -0.1384017915 0.2378050834 -0.9614019394 -0.1472375989 0.9550158381 0.2574215531 0.9793702364 0.1771821231 -0.0971620530
-287.7 -70.5 2701.3 -0.1850023121 -0.2827013135 -0.9411982298 -0.1093612164 0.9577042460 -0.2661630213 0.9766341448 0.0536898114 -0.2080940455
-177.2 -445.0 2680.3 -0.1850023121 0.3642997146 -0.9127211571 -0.1093612164 0.9153528214 0.3875168860 0.9766341448 0.1715078056 -0.1295021325
-129.5 -159.9 2468.4 0 0 0 0 0 0 0 0 0
-22.9 -72.7 2715.8 0 0 0 0 0 0 0 0 0
-433.1 -770.4 2438.3 0 0 0 0 0 0 0 0 0
-313.7 -788.2 2616.1 0 0 0 0 0 0 0 0 0
-79.0 444.3 2477.7 75 0.5653995275 0.4434364140 -0.6954764724 -0.0302257035 0.8537613153 0.5197864771 0.8242632151 -0.2728657424 0.4961194098
-168.6 271.8 2532.8 0.5653995275 0.4434364140 -0.6954764724 -0.0302257035 0.8537613153 0.5197864771 0.8242632151 -0.2728657424 0.4961194098
-250.8 102.1 2585.2 0.5693283081 0.4197977185 -0.7068487406 -0.0223922897 0.8673974872 0.4971118867 0.8218052387 -0.2671918869 0.5032341480
-249.5 275.0 2415.9 0.0801054165 0.4077341557 -0.9095801115 0.9959149361 0.0054100766 0.0901339576 0.0416715927 -0.9130846262 -0.4056351781
-268.1 44.0 2406.3 -0.5463901162 0.4077341557 -0.7315809727 0.8026366830 0.0054100766 -0.5964437127 -0.2392325699 -0.9130846262 -0.3302184045
-87.6 268.6 2649.8 -0.0886137262 0.9147577882 -0.3941646516 -0.5861635804 0.2720552683 0.7631502151 0.8053321838 0.2986705303 0.5120898485
-108.4 131.5 2838.2 0.3872818947 0.9147577882 -0.1150256172 -0.8009865284 0.2720552683 -0.5332977176 -0.4565449357 0.2986705303 0.8380708098
-399.8 -52.6 2561.0 -0.1605593562 -0.1355214715 -0.9776781797 -0.1805149764 0.9778544903 -0.1059008166 0.9703788161 0.1594821811 -0.1814673394
-346.7 -435.6 2498.5 -0.1500315368 0.2452683002 -0.9577755332 -0.1391512156 0.9538592696 0.2660628855 0.9788398743 0.1731934547 -0.1089795902
-293.3 -64.2 2706.2 -0.2430470884 -0.2947111726 -0.9241609573 -0.1156635731 0.9547367692 -0.2740430832 0.9630939960 0.0402863808 -0.2661333382
-178.0 -437.8 2690.4 -0.2430470884 0.3554272950 -0.9025517106 -0.1156635731 0.9131945968 0.3907653987 0.9630939960 0.1993667483 -0.1808393002
-128.3 -161.3 2467.5 0 0 0 0 0 0 0 0 0
-9.3 -73.4 2721.4 0 0 0 0 0 0 0 0 0
-432.8 -770.3 2437.7 0 0 0 0 0 0 0 0 0
-311.5 -780.8 2615.6 0 0 0 0 0 0 0 0 0
-88.8 438.3 2478.0 76 0.5649450421 0.4356846511 -0.7007253170 -0.0282753762 0.8589551449 0.5112695694 0.8246439099 -0.2690259516 0.4975816011
-176.3 265.9 2532.0 0.5649450421 0.4356846511 -0.7007253170 -0.0282753762 0.8589551449 0.5112695694 0.8246439099 -0.2690259516 0.4975816011
-257.2 95.4 2584.0 0.5691819787 0.4132986069 -0.7107855678 -0.0196415074 0.8710681796 0.4907692373 0.8219769001 -0.2653761208 0.5039141178
-257.3 268.7 2414.9 0.0315268561 0.4279649258 -0.9032452703 0.9990240932 0.0144761316 0.0417288244 0.0309339706 -0.9036793709 -0.4270909131
-264.6 35.2 2407.7 -0.5461637378 0.4279649258 -0.7201049924 0.8007968068 0.0144761316 -0.5987612009 -0.2458244562 -0.9036793709 -0.3506192863
-95.2 263.1 2649.0 0.0001991260 0.9169288278 -0.3990507722 -0.6125503778 0.3155341744 0.7247207761 0.7904314995 0.2442944050 0.5617279410
-95.2 116.7 2838.0 0.3975398242 0.9169288278 -0.0346937366 -0.7755051255 0.3155341744 -0.5468363762 -0.4904629588 0.2442944050 0.8365203738
-384.3 -65.6 2563.5 -0.1587020159 -0.0851948783 -0.9836440086 -0.1907554716 0.9801448584 -0.0541151464 0.9687238932 0.1790472865 -0.1718023568
-351.0 -449.0 2493.4 -0.1441591233 0.2418567389 -0.9595433474 -0.1324355006 0.9562332630 0.2609191537 0.9806523323 0.1646914780 -0.1058193296
-281.6 -69.7 2711.8 -0.3445903659 -0.2565706670 -0.9030110836 -0.1191906631 0.9660988450 -0.2290123254 0.9311557412 0.0287150480 -0.3634891808
-181.3 -447.6 2700.5 -0.3445903659 0.3544420600 -0.8692688346 -0.1191906631 0.9019691348 0.4150243700 0.9311557412 0.2466221303 -0.2685636878
-124.8 -169.8 2470.6 0 0 0 0 0 0 0 0 0
6.5 -81.6 2712.5 0 0 0 0 0 0 0 0 0
-432.4 -770.9 2438.0 0 0 0 0 0 0 0 0 0
-314.4 -786.5 2607.9 0 0 0 0 0 0 0 0 0
-92.6 437.0 2478.1 77 0.5597010851 0.4302417338 -0.7082561255 -0.0211983323 0.8618184924 0.5067736506 0.8284233809 -0.2686279118 0.4914811254
-178.5 264.9 2531.8 0.5597010851 0.4302417338 -0.7082561255 -0.0211983323 0.8618184924 0.5067736506 0.8284233809 -0.2686279118 0.4914811254
-258.6 93.7 2583.1 0.5624349713 0.4087938964 -0.7187172174 -0.0155413551 0.8743051887 0.4851277173 0.8266954422 -0.2616829574 0.4980930388
-258.6 267.1 2414.0 0.0164539777 0.4058986902 -0.9137699604 0.9997810721 0.0051360242 0.0202841870 0.0129264696 -0.9139036536 -0.4057253301
-262.6 29.4 2411.0 -0.5489400625 0.4058986902 -0.7306921482 0.8008735180 0.0051360242 -0.5988115072 -0.2393039614 -0.9139036536 -0.3278928995
-98.4 262.6 2649.6 0.0851201937 0.9271234870 -0.3649610877 -0.6753141880 0.3230051696 0.6630373001 0.7326017618 0.1900255233 0.6535938978
-78.4 104.0 2821.7 0.3738551140 0.9271234870 0.0259691142 -0.7620366216 0.3230051696 -0.5612199306 -0.5287083387 0.1900255233 0.8272591829
-389.5 -73.4 2561.7 -0.1661377847 -0.0985853747 -0.9811621308 -0.1838982105 0.9806322455 -0.0673931018 0.9688032269 0.1692374200 -0.1810497344
-350.9 -457.1 2495.5 -0.1544308364 0.2497674525 -0.9559117556 -0.1387459785 0.9524484873 0.2712774277 0.9782130122 0.1745225191 -0.1124331877
-286.8 -76.9 2710.2 -0.5109190345 -0.3213442564 -0.7973077297 -0.1146765500 0.9446908236 -0.3072596788 0.8519454598 -0.0655523241 -0.5195111632
-161.8 -444.2 2735.7 -0.5109190345 0.3978886604 -0.7620015740 -0.1146765500 0.8469603062 0.5191411376 0.8519454598 0.3526227772 -0.3870996237
-122.0 -175.6 2472.2 0 0 0 0 0 0 0 0 0
15.8 -88.1 2688.4 0 0 0 0 0 0 0 0 0
-433.3 -771.1 2438.0 0 0 0 0 0 0 0 0 0
-310.3 -760.2 2604.1 0 0 0 0 0 0 0 0 0
-79.3 433.4 2478.7 78 0.5715637207 0.4617053270 -0.6783385277 -0.0507389233 0.8449841142 0.5323789716 0.8189874887 -0.2698703110 0.5063886642
-171.7 264.3 2532.7 0.5715637207 0.4617053270 -0.6783385277 -0.0507389233 0.8449841142 0.5323789716 0.8189874887 -0.2698703110 0.5063886642
-256.6 95.5 2583.9 0.5758440495 0.4335422516 -0.6931412220 -0.0425748117 0.8625689745 0.5041449070 0.8164502382 -0.2607984841 0.5151631832
-253.7 270.4 2416.4 0.0349887237 0.4113608599 -0.9108007550 0.9992370009 0.0014280427 0.0390310064 0.0173564907 -0.9114714265 -0.4109970331
-262.2 28.0 2412.2 -0.5578170419 0.4113608599 -0.7208483815 0.7912547588 0.0014280427 -0.6114849448 -0.2505115867 -0.9114714265 -0.3262878358
-89.8 258.2 2649.0 0.0757756680 0.9416389465 -0.3279848993 -0.6696646214 0.2917693555 0.6829494834 0.7387877703 0.1678889245 0.6526913047
-72.6 106.7 2816.2 0.3360917866 0.9416389465 0.0189306270 -0.7868266106 0.2917693555 -0.5438516140 -0.5176352262 0.1678889245 0.8389678597
-389.5 -76.1 2559.6 -0.1564462334 -0.0936776176 -0.9832339883 -0.1749417931 0.9823802114 -0.0657605976 0.9720699191 0.1617207229 -0.1700778157
-352.8 -460.8 2496.3 -0.1487491429 0.2453009933 -0.9579671621 -0.1448243707 0.9528950453 0.2664899230 0.9782124758 0.1783771366 -0.1062167659
-288.9 -76.2 2709.4 -0.5532611609 -0.3152511120 -0.7710504532 -0.0998651534 0.9440479875 -0.3143252730 0.8270000219 -0.0969028994 -0.5537877083
-165.7 -445.4 2747.3 -0.5532611609 0.4567900300 -0.6965952516 -0.0998651534 0.7938381433 0.5998732448 0.8270000219 0.4014521837 -0.3935824335
-119.4 -174.6 2476.3 0 0 0 0 0 0 0 0 0
12.1 -91.6 2685.7 0 0 0 0 0 0 0 0 0
-432.5 -770.4 2438.4 0 0 0 0 0 0 0 0 0
-336.2 -741.7 2597.4 0 0 0 0 0 0 0 0 0
-73.1 435.6 2480.5 79 0.5849578977 0.4777131081 -0.6554498076 -0.0782489032 0.8376062512 0.5406411886 0.8072802424 -0.2649641037 0.5273448825
-169.0 267.5 2533.6 0.5849578977 0.4777131081 -0.6554498076 -0.0782489032 0.8376062512 0.5406411886 0.8072802424 -0.2649641037 0.5273448825
-257.1 100.1 2584.1 0.5901430249 0.4501727521 -0.6701310873 -0.0687897876 0.8551125526 0.5138584971 0.8043625951 -0.2571518123 0.5356059670
-252.9 277.4 2419.1 0.0410892703 0.4454585612 -0.8943591714 0.9983745217 0.0170794409 0.0543748699 0.0394969061 -0.8951396346 -0.4440326691
-263.1 30.7 2409.3 -0.5531675220 0.4454585612 -0.7039690614 0.7913991213 0.0170794409 -0.6110610962 -0.2601790130 -0.8951396346 -0.3619832993
