270.6 342.2 2495.8 6 0.4482448697 0.7427721024 -0.4973591566 -0.4100338221 0.6652453542 0.6239558458 0.7943228483 -0.0757509246 0.6027545333
124.5 211.3 2510.7 0.4482448697 0.7427721024 -0.4973591566 -0.4100338221 0.6652453542 0.6239558458 0.7943228483 -0.0757509246 0.6027545333
-19.2 75.0 2527.4 0.4661351740 0.7226272225 -0.5104193687 -0.3935363293 0.6860702634 0.6119123697 0.7923680544 -0.0843653157 0.6041815281
59.0 266.6 2399.3 0.2375118732 0.3535893261 -0.9047445655 0.9240660667 0.2049103379 0.3226665258 0.2994829416 -0.9126808643 -0.2780712545
1.4 42.9 2326.8 -0.6650837660 0.3535893261 -0.6577523947 0.7411713004 0.2049103379 -0.6392784119 -0.0912617669 -0.9126808643 -0.3983528018
190.0 156.1 2622.0 0.0501452796 0.9915875196 -0.1193298548 -0.7786917686 0.1136338040 0.6170303822 0.6253995895 0.0619800091 0.7778392434
207.3 -112.4 2837.6 0.0544388443 0.9915875196 0.1174332798 0.0683091804 0.1136338040 -0.9911716580 -0.9961778522 0.0619800091 -0.0615484379
-204.9 -26.0 2471.6 0.5940194726 -0.0114444839 -0.8043692112 0.0201226622 0.9997973442 0.0006353914 0.8041989207 -0.0165634863 0.5941293836
-200.4 -423.5 2478.1 0.5904754400 0.0661301315 -0.8043416739 -0.0690211803 0.9971237183 0.0313108377 0.8040987849 0.0370283313 0.5933414698
-117.4 -99.2 2614.7 0.2347099036 -0.2436836660 -0.9410257936 0.0448096953 0.9697515368 -0.2399459481 0.9710320830 0.0141506121 0.2385296822
-20.6 -484.7 2609.0 0.2314855754 0.1069185063 -0.9669451118 0.0138082122 0.9934810400 0.1131583452 0.9727403522 -0.0395463072 0.2285001725
175.9 -151.5 2350.7 0 0 0 0 0 0 0 0 0
221.9 -94.0 2570.1 0 0 0 0 0 0 0 0 0
-222.5 -757.2 2465.8 0 0 0 0 0 0 0 0 0
-46.4 -725.1 2618.6 0 0 0 0 0 0 0 0 0
273.5 343.2 2495.3 7 0.4373817444 0.7466903925 -0.5011493564 -0.3950783312 0.6601706147 0.6388175488 0.8078430295 -0.0814138576 0.5837478042
126.0 212.7 2511.4 0.4373817444 0.7466903925 -0.5011493564 -0.3950783312 0.6601706147 0.6388175488 0.8078430295 -0.0814138576 0.5837478042
-18.6 77.4 2529.1 0.4542060792 0.7273580432 -0.5144386888 -0.3797771931 0.6804241538 0.6267313957 0.8058946133 -0.0892931148 0.5852867961
62.1 266.1 2398.1 0.2347579151 0.3388315141 -0.9110883474 0.9286194444 0.1988713592 0.3132348955 0.2873232365 -0.9195886850 -0.2679589093
5.0 40.2 2328.2 -0.6295613647 0.3388315141 -0.6991750002 0.7742668390 0.1988713592 -0.6008003950 -0.0645242184 -0.9195886850 -0.3875477314
189.9 159.3 2624.7 0.0383970626 0.9913360476 -0.1256127059 -0.7659799457 0.1099264026 0.6333963275 0.6417167187 0.0718962476 0.7635643482
203.1 -104.8 2846.0 0.0669901595 0.9913360476 0.1129831970 0.0476953387 0.1099264026 -0.9927946925 -0.9966130257 0.0718962476 -0.0399181210
-205.6 -25.4 2471.5 0.5842977762 -0.0186517239 -0.8113250136 0.0254152641 0.9996660352 -0.0046780412 0.8111413121 -0.0178866703 0.5845766664
-198.2 -422.8 2478.7 0.5796821117 0.0751916692 -0.8113660216 -0.0747324228 0.9964426160 0.0389505327 0.8114084601 0.0380564220 0.5832392573
-120.1 -97.5 2616.7 0.2272220254 -0.2506399155 -0.9410365224 0.0466190949 0.9680041075 -0.2465659380 0.9727264643 0.0121549405 0.2316364497
-20.5 -482.3 2611.9 0.2228137851 0.1053946093 -0.9691470265 0.0030221022 0.9940592051 0.1087986007 0.9748563170 -0.0271706898 0.2211715877
169.4 -161.9 2345.0 0 0 0 0 0 0 0 0 0
221.1 -92.0 2578.2 0 0 0 0 0 0 0 0 0
-223.3 -756.5 2465.9 0 0 0 0 0 0 0 0 0
-46.3 -725.2 2618.5 0 0 0 0 0 0 0 0 0
276.1 342.0 2487.0 8 0.4591572583 0.7522990108 -0.4724624455 -0.4189734757 0.6523604989 0.6315749884 0.7833490968 -0.0920430198 0.6147294044
127.1 212.8 2505.3 0.4591572583 0.7522990108 -0.4724624455 -0.4189734757 0.6523604989 0.6315749884 0.7833490968 -0.0920430198 0.6147294044
-18.1 78.5 2524.8 0.4771446884 0.7308137417 -0.4881026745 -0.4028689563 0.6755008698 0.6175720096 0.7810438871 -0.0980297998 0.6167338490
60.1 269.4 2395.5 0.2070357651 0.3284995556 -0.9215336442 0.9415143132 0.1890796125 0.2789260149 0.2658703029 -0.9253847599 -0.2701407671
8.9 36.5 2329.7 -0.6092261672 0.3284995556 -0.7217558622 0.7911130190 0.1890796125 -0.5817121863 -0.0546228625 -0.9253847599 -0.3750725091
194.2 156.1 2615.0 0.0519431382 0.9942678809 -0.0934521034 -0.7812961340 0.0987435430 0.6163003445 0.6219953895 0.0410011932 0.7819466591
212.1 -113.3 2829.5 0.0340853482 0.9942678809 0.1013389081 0.0707351565 0.0987435430 -0.9925957322 -0.9969125986 0.0410011932 -0.0669639856
-204.9 -23.0 2472.9 0.6112908721 -0.0205165036 -0.7911400199 0.0111497939 0.9997879863 -0.0173122138 0.7913274765 0.0017617496 0.6113899946
-196.7 -420.5 2472.2 0.6071639061 0.0794135332 -0.7905981541 -0.0603495836 0.9967279434 0.0537714288 0.7922814488 0.0150641985 0.6099697948
-121.6 -92.6 2620.7 0.2520068884 -0.2593314052 -0.9323302507 0.0534479432 0.9656836987 -0.2541619241 0.9662483335 0.0142194256 0.2572196722
-18.5 -476.5 2615.0 0.2446149141 0.1100419536 -0.9633557796 -0.0192828663 0.9938947558 0.1086340547 0.9694285393 -0.0079972493 0.2452434003
167.7 -169.8 2344.0 0 0 0 0 0 0 0 0 0
221.2 -94.3 2561.8 0 0 0 0 0 0 0 0 0
-223.8 -760.1 2467.1 0 0 0 0 0 0 0 0 0
-45.9 -724.1 2617.0 0 0 0 0 0 0 0 0 0
276.0 340.1 2490.9 9 0.4484131336 0.7549604177 -0.4784981310 -0.4405861795 0.6524750590 0.6165712476 0.7776949406 -0.0656589940 0.6252034903
127.6 211.9 2503.8 0.4484131336 0.7549604177 -0.4784981310 -0.4405861795 0.6524750590 0.6165712476 0.7776949406 -0.0656589940 0.6252034903
-18.4 78.1 2520.2 0.4715707302 0.7348867655 -0.4874038398 -0.4199808240 0.6731752157 0.6086470485 0.7753948569 -0.0823198557 0.6260880828
61.3 271.0 2394.8 0.2073339820 0.2990075350 -0.9314543009 0.9457063675 0.1823573560 0.2690451741 0.2503040731 -0.9366644621 -0.2449644506
9.9 36.3 2332.7 -0.5944829583 0.2990075350 -0.7464479208 0.8034159541 0.1823573560 -0.5668056011 -0.0333588645 -0.9366644621 -0.3486357629
194.0 152.9 2612.8 0.0452918373 0.9945673943 -0.0937251374 -0.7929348946 0.0928581953 0.6021890044 0.6076206565 0.0470436886 0.7928329110
209.6 -120.7 2822.4 0.0387668647 0.9945673943 0.0966068432 0.0890088677 0.0928581953 -0.9916929007 -0.9952760935 0.0470436886 -0.0849254876
-207.1 -18.9 2472.7 0.6072955132 -0.0264249183 -0.7940364480 0.0229395684 0.9996132255 -0.0157216992 0.7941448092 -0.0086671365 0.6076667905
-196.6 -416.3 2476.1 0.6030089855 0.0749392882 -0.7942066789 -0.0665161014 0.9968342185 0.0435557179 0.7949564457 0.0265630446 0.6060847044
-119.7 -92.8 2615.8 0.2427695990 -0.2540955544 -0.9362149239 0.0543762036 0.9671335220 -0.2483868152 0.9685587883 0.0093929563 0.2486073673
-18.7 -477.3 2612.1 0.2368602008 0.1120250821 -0.9650635123 -0.0013318299 0.9933664799 0.1149836257 0.9715428352 -0.0259497445 0.2354381830
164.8 -173.1 2341.4 0 0 0 0 0 0 0 0 0
220.0 -96.7 2555.0 0 0 0 0 0 0 0 0 0
-222.3 -758.2 2467.0 0 0 0 0 0 0 0 0 0
-46.4 -723.4 2618.5 0 0 0 0 0 0 0 0 0
273.7 338.1 2484.8 0 0.4498130083 0.7538781166 -0.4788904488 -0.4001402557 0.6494797468 0.6465785503 0.7984710336 -0.0992160812 0.5938014388
125.9 210.8 2504.3 0.4498130083 0.7538781166 -0.4788904488 -0.4001402557 0.6494797468 0.6465785503 0.7984710336 -0.0992160812 0.5938014388
-19.9 77.5 2526.0 0.4690511525 0.7333223820 -0.4921679497 -0.3830581307 0.6710509658 0.6347889900 0.7957747579 -0.1092195734 0.5956622958
60.0 264.6 2392.5 0.2063783109 0.2999767959 -0.9313548803 0.9463034272 0.1808709055 0.2679468393 0.2488328218 -0.9366427660 -0.2465412468
10.2 36.7 2332.5 -0.5859648585 0.2999767959 -0.7527676225 0.8097316623 0.1808709055 -0.5582296848 -0.0313021913 -0.9366427660 -0.3488847017
191.9 157.0 2616.1 0.0447182469 0.9940414429 -0.0994077548 -0.7644709945 0.0981079414 0.6371490359 0.6431052685 0.0475021601 0.7643030882
207.3 -106.5 2837.8 0.0433511846 0.9940414429 0.1000114903 0.0440182947 0.0981079414 -0.9942017794 -0.9980897307 0.0475021601 -0.0395029150
-207.8 -17.2 2465.5 0.6039869189 -0.0271219183 -0.7965325713 0.0399467275 0.9991948605 -0.0037321493 0.7959924936 -0.0295647010 0.6045840383
-197.0 -414.4 2477.2 0.5995323062 0.0738900229 -0.7969323993 -0.0660942420 0.9968990088 0.0427078269 0.7976167798 0.0270679202 0.6025568843
-121.3 -94.2 2607.6 0.2437693775 -0.2602318823 -0.9342675805 0.0771024898 0.9654790759 -0.2488079518 0.9667634964 -0.0113825994 0.2554187477
-17.8 -478.0 2612.2 0.2353429943 0.1157149523 -0.9649993181 -0.0015529479 0.9929306507 0.1186855212 0.9719111323 -0.0264332127 0.2338589877
163.0 -174.4 2340.7 0 0 0 0 0 0 0 0 0
219.0 -94.7 2569.8 0 0 0 0 0 0 0 0 0
-222.6 -760.3 2467.8 0 0 0 0 0 0 0 0 0
-46.4 -723.3 2618.7 0 0 0 0 0 0 0 0 0
269.8 341.1 2491.3 1 0.4358610213 0.7404550314 -0.5116165876 -0.3944414854 0.6681094170 0.6309086680 0.8089753389 -0.0731856972 0.5832690597
124.4 209.9 2505.7 0.4358610213 0.7404550314 -0.5116165876 -0.3944414854 0.6681094170 0.6309086680 0.8089753389 -0.0731856972 0.5832690597
-19.6 74.1 2522.9 0.4531182945 0.7249077559 -0.5188376904 -0.3785250485 0.6833977699 0.6242485642 0.8070951700 -0.0864653960 0.5840557814
60.7 263.1 2392.2 0.1985493451 0.2900812626 -0.9361789227 0.9501023293 0.1775119156 0.2565055192 0.2405903786 -0.9403948188 -0.2403620034
12.4 32.0 2333.7 -0.5874182582 0.2900812626 -0.7555081844 0.8087804317 0.1775119156 -0.5606815219 -0.0285314899 -0.9403948188 -0.3388857841
188.2 156.6 2619.2 0.0396507718 0.9905912280 -0.1309842020 -0.7662391663 0.1142800078 0.6323112845 0.6413308978 0.0752936006 0.7635610700
201.8 -107.6 2840.4 0.0700839311 0.9905912280 0.1175469682 0.0489453599 0.1142800078 -0.9922420979 -0.9963396192 0.0752936006 -0.0404756516
-208.7 -20.7 2474.8 0.5817020535 -0.0252502281 -0.8130099177 0.0262898281 0.9995794892 -0.0122344904 0.8129769564 -0.0142570622 0.5821212530
-198.6 -418.0 2480.5 0.5778427720 0.0676047429 -0.8133432865 -0.0732742622 0.9968361855 0.0307986159 0.8128521442 0.0418003760 0.5809682608
-122.6 -90.9 2620.6 0.2252569050 -0.2706588507 -0.9359503984 0.0433561951 0.9624723792 -0.2678938806 0.9733342528 0.0197656974 0.2285382897
-15.1 -473.3 2612.8 0.2197566330 0.1253792495 -0.9674642682 -0.0019696974 0.9917618036 0.1280806959 0.9755527377 -0.0262409691 0.2181931883
165.5 -178.8 2341.1 0 0 0 0 0 0 0 0 0
220.7 -94.5 2572.7 0 0 0 0 0 0 0 0 0
-221.9 -760.7 2466.1 0 0 0 0 0 0 0 0 0
-46.7 -723.5 2619.4 0 0 0 0 0 0 0 0 0
271.6 341.0 2493.0 2 0.4375603199 0.7429356575 -0.5065447688 -0.3899954259 0.6643922329 0.6375629306 0.8102126122 -0.0814221054 0.5804532170
125.4 210.2 2509.1 0.4375603199 0.7429356575 -0.5065447688 -0.3899954259 0.6643922329 0.6375629306 0.8102126122 -0.0814221054 0.5804532170
-17.6 73.4 2526.9 0.4568632841 0.7194912434 -0.5230758190 -0.3721357286 0.6886927485 0.6222678423 0.8079547882 -0.0896361470 0.5823868513
61.1 262.6 2395.4 0.1952773780 0.2963446677 -0.9349045753 0.9486488700 0.1848114580 0.2567294538 0.2488614917 -0.9370296597 -0.2450375408
13.3 30.3 2334.5 -0.5865715146 0.2963446677 -0.7537331581 0.8094847202 0.1848114580 -0.5572963953 -0.0258532818 -0.9370296597 -0.3482916057
189.6 157.9 2622.7 0.0462800227 0.9897499681 -0.1351040900 -0.7635831237 0.1222519055 0.6340309978 0.6440488696 0.0738202408 0.7614142299
205.6 -105.6 2844.9 0.0686705187 0.9897499681 0.1252170801 0.0458203182 0.1222519055 -0.9914408326 -0.9965866208 0.0738202408 -0.0369555578
-205.2 -26.9 2466.1 0.5820107460 -0.0199836493 -0.8129355311 0.0448043160 0.9989674687 0.0075203716 0.8119458556 -0.0407999568 0.5823051333
-197.2 -424.0 2482.3 0.5773946643 0.0731648207 -0.8131803274 -0.0791689530 0.9963005781 0.0334272981 0.8126177788 0.0450778939 0.5810510516
-122.1 -96.4 2614.1 0.2198656946 -0.2700485289 -0.9374075532 0.0697286651 0.9628136754 -0.2610129118 0.9730349183 -0.0079763876 0.2305198312
-14.8 -478.9 2617.2 0.2093631178 0.1293590814 -0.9692437053 -0.0169771593 0.9915423989 0.1286679804 0.9776905775 -0.0104833236 0.2097885609
166.2 -180.8 2341.2 0 0 0 0 0 0 0 0 0
224.1 -93.3 2577.1 0 0 0 0 0 0 0 0 0
-222.0 -760.8 2467.1 0 0 0 0 0 0 0 0 0
-46.6 -723.1 2619.8 0 0 0 0 0 0 0 0 0
271.9 342.3 2494.4 3 0.4254288971 0.7410592437 -0.5194626451 -0.3614211977 0.6653608084 0.6531996131 0.8296896815 -0.0901451558 0.5508982539
125.3 210.6 2512.2 0.4254288971 0.7410592437 -0.5194626451 -0.3614211977 0.6653608084 0.6531996131 0.8296896815 -0.0901451558 0.5508982539
-17.5 73.8 2532.1 0.4444141388 0.7181676626 -0.5354729295 -0.3438041210 0.6887066364 0.6383430958 0.8272211552 -0.0995909050 0.5529800057
62.8 259.0 2395.9 0.2035784870 0.3016408682 -0.9314336181 0.9459230304 0.1848133206 0.2665963769 0.2525576949 -0.9353377819 -0.2477050424
13.5 30.1 2334.8 -0.5849764347 0.3016408682 -0.7528713942 0.8105495572 0.1848133206 -0.5557458401 -0.0284949951 -0.9353377819 -0.3526063263
187.8 162.3 2628.6 0.0380531996 0.9878602028 -0.1506126970 -0.7422226071 0.1288584173 0.6576481462 0.6690721512 0.0867625326 0.7381156683
200.9 -93.7 2859.3 0.0856765434 0.9878602028 0.1295830160 0.0139577519 0.1288584173 -0.9915647507 -0.9962252378 0.0867625326 -0.0027481630
-202.5 -29.4 2470.6 0.5685189366 -0.0095629413 -0.8226145506 0.0304285642 0.9994926453 0.0094103934 0.8221072555 -0.0303809680 0.5685214996
-198.7 -426.6 2482.7 0.5641351938 0.0709966049 -0.8226244450 -0.0793641955 0.9963458776 0.0315636583 0.8218593597 0.0474807546 0.5677083731
-118.7 -97.6 2618.8 0.2167059332 -0.2583725750 -0.9414256215 0.0519188941 0.9660267830 -0.2531731427 0.9748553634 0.0059863492 0.2227581590
-16.0 -481.6 2616.5 0.2088305950 0.1270041168 -0.9696699381 -0.0131164677 0.9918059111 0.1270786226 0.9778638482 -0.0138192624 0.2087852657
166.0 -181.2 2342.2 0 0 0 0 0 0 0 0 0
223.9 -89.9 2591.6 0 0 0 0 0 0 0 0 0
-222.5 -760.0 2466.8 0 0 0 0 0 0 0 0 0
-46.9 -722.9 2619.8 0 0 0 0 0 0 0 0 0
269.8 345.8 2493.6 4 0.4228246808 0.7318485975 -0.5344313383 -0.3529520035 0.6761690378 0.6466995478 0.8346521258 -0.0848119184 0.5442084074
124.7 211.8 2510.4 0.4228246808 0.7318485975 -0.5344313383 -0.3529520035 0.6761690378 0.6466995478 0.8346521258 -0.0848119184 0.5442084074
-16.5 73.2 2530.2 0.4437157512 0.7100555301 -0.5467517972 -0.3330559433 0.6970595121 0.6349659562 0.8319796324 -0.0996454731 0.5457844734
62.3 258.6 2393.4 0.1880589724 0.3181514442 -0.9292004704 0.9513233304 0.1761928946 0.2528635263 0.2441674173 -0.9315233231 -0.2695302367
16.2 25.7 2333.6 -0.5842548013 0.3181514442 -0.7466096878 0.8102490306 0.1761928946 -0.5589746237 -0.0462912656 -0.9315233231 -0.3607234359
187.1 164.9 2627.4 0.0434295982 0.9856159687 -0.1633250564 -0.7374736071 0.1419126838 0.6602980494 0.6739782095 0.0917714387 0.7330289483
202.1 -89.5 2860.0 0.0914437175 0.9856159687 0.1421240717 0.0088431090 0.1419126838 -0.9898396730 -0.9957709908 0.0917714387 0.0042611132
-201.0 -31.6 2476.0 0.5634770989 -0.0035062660 -0.8261242509 0.0164772999 0.9998397827 0.0069951667 0.8259673715 -0.0175539125 0.5634446144
-199.6 -429.0 2483.0 0.5593792796 0.0691312775 -0.8260239959 -0.0826868489 0.9961994290 0.0273784138 0.8247773647 0.0529864021 0.5629695654
-119.5 -94.6 2627.7 0.2213104665 -0.2608397603 -0.9396724701 0.0202960279 0.9645888209 -0.2629761100 0.9749921560 0.0391277447 0.2187676132
-15.9 -477.8 2612.1 0.2183173895 0.1276588887 -0.9674919844 -0.0034373307 0.9915013313 0.1300512254 0.9758717418 -0.0250668563 0.2169007957
168.5 -185.5 2345.6 0 0 0 0 0 0 0 0 0
226.7 -87.1 2592.3 0 0 0 0 0 0 0 0 0
-222.5 -759.3 2465.4 0 0 0 0 0 0 0 0 0
-47.4 -722.5 2618.3 0 0 0 0 0 0 0 0 0
273.6 353.6 2502.7 5 0.4408683181 0.7280943394 -0.5248940587 -0.4059531689 0.6833096147 0.6068689823 0.8005230427 -0.0544668883 0.5968217850
128.9 217.7 2513.5 0.4408683181 0.7280943394 -0.5248940587 -0.4059531689 0.6833096147 0.6068689823 0.8005230427 -0.0544668883 0.5968217850
-12.0 78.2 2527.2 0.4612232149 0.7081466317 -0.5346040726 -0.3863104582 0.7026802301 0.5974987745 0.7987723947 -0.0690571591 0.5976568460
64.0 271.9 2401.4 0.2001144141 0.3443091512 -0.9172815681 0.9406047463 0.1945531964 0.2782297432 0.2742570937 -0.9184771180 -0.2849259079
12.3 28.8 2330.5 -0.6020253301 0.3443091512 -0.7204281092 0.7964414954 0.1945531964 -0.5725644231 -0.0569775738 -0.9184771180 -0.3913480341
193.7 163.5 2625.6 0.0570886657 0.9874702692 -0.1471168399 -0.7799620032 0.1360984445 0.6108490229 0.6232176423 0.0798729882 0.7779589295
213.4 -105.0 2840.2 0.0702688023 0.9874702692 0.1412967741 0.0739744678 0.1360984445 -0.9879296422 -0.9947814345 0.0798729882 -0.0634841099
-198.3 -34.8 2473.8 0.5810838342 0.0055579217 -0.8138247728 0.0188772064 0.9996156096 0.0203053840 0.8136247396 -0.0271618683 0.5807555318
-200.5 -432.1 2484.6 0.5771369338 0.0684422404 -0.8137742877 -0.0807460397 0.9963814616 0.0265344512 0.8126457334 0.0503950417 0.5805749893
-116.9 -95.9 2626.4 0.2242511809 -0.2564328313 -0.9401880503 0.0234707519 0.9659004807 -0.2578476369 0.9742487073 0.0357557125 0.2226230055
-15.0 -479.7 2612.1 0.2206021845 0.1311150938 -0.9665110111 -0.0047908947 0.9910572171 0.1333514899 0.9753521085 -0.0247871764 0.2192575485
168.8 -178.2 2345.3 0 0 0 0 0 0 0 0 0
232.2 -85.2 2573.4 0 0 0 0 0 0 0 0 0
-223.2 -762.1 2467.9 0 0 0 0 0 0 0 0 0
-47.2 -723.2 2618.2 0 0 0 0 0 0 0 0 0
276.6 355.7 2508.2 6 0.4682158530 0.7316137552 -0.4954949021 -0.4489981532 0.6799597144 0.5797029138 0.7610352039 -0.0489498153 0.6468611360
132.2 221.6 2517.9 0.4682158530 0.7316137552 -0.4954949021 -0.4489981532 0.6799597144 0.5797029138 0.7610352039 -0.0489498153 0.6468611360
-9.4 82.5 2528.5 0.4838649333 0.7117958665 -0.5091379285 -0.4340329766 0.7003685832 0.5666561723 0.7599276900 -0.0532023981 0.6478266716
64.3 282.4 2411.3 0.2142672837 0.3602093458 -0.9079310298 0.9248518348 0.2242088914 0.3072123528 0.3142269552 -0.9055272341 -0.2850996554
7.2 36.1 2327.6 -0.6212421060 0.3602093458 -0.6959220171 0.7817866206 0.2242088914 -0.5818419456 -0.0535530113 -0.9055272341 -0.4208948612
200.2 160.7 2624.5 0.0700697452 0.9908165932 -0.1156404242 -0.8144087791 0.1237631738 0.5669400692 0.5760456324 0.0544532314 0.8156017661
224.3 -119.5 2822.7 0.0382534787 0.9908165932 0.1296886653 0.1296909899 0.1237631738 -0.9838002324 -0.9908162951 0.0544532314 -0.1237656176
-195.1 -25.9 2467.8 0.6084622741 0.0097655840 -0.7935227156 0.0247077309 0.9992064238 0.0312424041 0.7931980491 -0.0386159681 0.6077381372
-199.0 -423.2 2483.2 0.6043893099 0.0706879646 -0.7935469747 -0.0792013407 0.9964528680 0.0284403861 0.7927425504 0.0456609167 0.6078440547
-110.6 -96.6 2614.0 0.2347502261 -0.2408194393 -0.9417527914 0.0533925779 0.9705578089 -0.2348761410 0.9705882668 0.0048546186 0.2406966388
-14.9 -482.2 2612.1 0.2270475477 0.1331613213 -0.9647369981 -0.0070819845 0.9908075929 0.1350930929 0.9738579392 -0.0238403007 0.2259034812
168.5 -167.0 2341.5 0 0 0 0 0 0 0 0 0
234.5 -84.8 2557.1 0 0 0 0 0 0 0 0 0
-222.9 -760.8 2467.7 0 0 0 0 0 0 0 0 0
-47.0 -721.2 2617.8 0 0 0 0 0 0 0 0 0
274.3 356.4 2501.5 7 0.4838358760 0.7315200567 -0.4803969562 -0.4652065635 0.6799275875 0.5668168068 0.7412730455 -0.0507624745 0.6692813039
129.5 221.8 2511.6 0.4838358760 0.7315200567 -0.4803969562 -0.4652065635 0.6799275875 0.5668168068 0.7412730455 -0.0507624745 0.6692813039
-11.3 81.9 2521.7 0.5002813935 0.7081210017 -0.4982801974 -0.4493947029 0.7042438388 0.5496225953 0.7401100993 -0.0510414876 0.6705459356
59.2 284.9 2407.6 0.1988628507 0.4063672125 -0.8918067217 0.9265527129 0.2185212970 0.3061838150 0.3193018138 -0.8871945143 -0.3330648839
7.5 44.3 2324.7 -0.6144235134 0.4063672125 -0.6762761474 0.7840174437 0.2185212970 -0.5810035467 -0.0883200541 -0.8871945143 -0.4528636038
199.8 158.7 2615.5 0.0846976861 0.9912214279 -0.1015206128 -0.8270727396 0.1267582029 0.5476157665 0.5556770563 0.0375831388 0.8305483460
229.0 -126.2 2806.9 0.0179823432 0.9912214279 0.1309838444 0.1523663849 0.1267582029 -0.9801616669 -0.9881604910 0.0375831388 -0.1487494111
-195.3 -16.8 2469.6 0.6238914728 0.0060056746 -0.7814879417 0.0105290785 0.9998151064 0.0160892662 0.7814400792 -0.0182663035 0.6237128973
-197.7 -414.3 2476.9 0.6203966737 0.0694685280 -0.7812055349 -0.0658784807 0.9971651435 0.0363550968 0.7815164924 0.0289100576 0.6232144237
-106.7 -96.2 2608.6 0.2467793971 -0.2308771759 -0.9411671758 0.0601241067 0.9729816318 -0.2229166776 0.9672047496 -0.0015755937 0.2539930940
-14.9 -482.9 2609.2 0.2397731692 0.1319085360 -0.9618258476 0.0046970714 0.9905571938 0.1370197833 0.9708175659 -0.0373714343 0.2368894517
167.1 -159.3 2347.6 0 0 0 0 0 0 0 0 0
233.8 -85.3 2541.7 0 0 0 0 0 0 0 0 0
-221.9 -762.0 2466.8 0 0 0 0 0 0 0 0 0
-46.7 -721.5 2618.2 0 0 0 0 0 0 0 0 0
274.8 354.4 2498.1 8 0.4874674082 0.7459989786 -0.4537191987 -0.4782415032 0.6628805399 0.5760855079 0.7305207849 -0.0638355538 0.6799002886
126.9 222.9 2510.8 0.4874674082 0.7459989786 -0.4537191987 -0.4782415032 0.6628805399 0.5760855079 0.7305207849 -0.0638355538 0.6799002886
-16.2 85.4 2522.4 0.5041061044 0.7196680903 -0.4774461985 -0.4628620446 0.6918611526 0.5541542172 0.7291335464 -0.0583607890 0.6818784475
56.0 288.0 2408.3 0.2076831311 0.4404129982 -0.8734438419 0.9143313766 0.2299469709 0.3333503902 0.3476576209 -0.8678483367 -0.3549273312
0.4 43.4 2315.3 -0.6350620985 0.4404129982 -0.6346121430 0.7630683780 0.2299469709 -0.6040290594 -0.1200950965 -0.8678483367 -0.4820958376
197.7 157.9 2613.3 0.0791407302 0.9937751889 -0.0784071088 -0.8318145871 0.1091799513 0.5442097187 0.5493825674 0.0221510250 0.8352772593
225.0 -129.0 2802.7 0.0046197386 0.9937751889 0.1113085300 0.1582761854 0.1091799513 -0.9813401103 -0.9873840809 0.0221510250 -0.1567865610
-198.0 -16.8 2464.1 0.6368719339 -0.0092874439 -0.7709136605 0.0372971557 0.9991278052 0.0187753402 0.7700669169 -0.0407103747 0.6366628408
-194.3 -413.9 2480.3 0.6317726374 0.0808220580 -0.7709287405 -0.0772928521 0.9961612225 0.0410936661 0.7712906003 0.0336254276 0.6355943680
-106.3 -99.1 2599.6 0.2560471892 -0.2288160324 -0.9391927719 0.0823317468 0.9732127786 -0.2146586776 0.9631517529 -0.0223626290 0.2680272162
-15.4 -485.9 2608.5 0.2466511428 0.1301968545 -0.9603186846 0.0051394897 0.9907445908 0.1356419474 0.9690907001 -0.0383917913 0.2436991483
165.4 -154.8 2346.5 0 0 0 0 0 0 0 0 0
226.3 -86.4 2537.5 0 0 0 0 0 0 0 0 0
-222.4 -760.4 2468.6 0 0 0 0 0 0 0 0 0
-46.5 -723.0 2617.7 0 0 0 0 0 0 0 0 0
272.1 355.0 2498.0 9 0.4962869883 0.7384433746 -0.4565091431 -0.4824167490 0.6717498899 0.5621620417 0.7217848301 -0.0587660410 0.6896181703
126.5 222.5 2509.6 0.4962869883 0.7384433746 -0.4565091431 -0.4824167490 0.6717498899 0.5621620417 0.7217848301 -0.0587660410 0.6896181703
-15.6 84.0 2521.3 0.5138978362 0.7146062851 -0.4746018052 -0.4658272564 0.6970298290 0.5451186895 0.7203568816 -0.0590528399 0.6910852194
54.2 288.0 2408.2 0.2129900604 0.4407802820 -0.8719793558 0.9064239860 0.2440132648 0.3447507620 0.3647338450 -0.8638114929 -0.3475614190
-3.5 42.7 2309.5 -0.6581778526 0.4407802820 -0.6103398204 0.7422119975 0.2440132648 -0.6241625547 -0.1261875331 -0.8638114929 -0.4877565205
198.7 157.0 2610.9 0.0898576751 0.9931933880 -0.0741113350 -0.8359645009 0.1156626046 0.5364564061 0.5413768888 0.0137497215 0.8406676054
229.7 -131.4 2797.6 -0.0057594250 0.9931933880 0.1163345203 0.1666692048 0.1156626046 -0.9792055488 -0.9859960675 0.0137497215 -0.1662009060
-205.5 -9.6 2467.2 0.6436053514 -0.0307650305 -0.7647389174 0.0434844829 0.9990476370 -0.0035945412 0.7641212344 -0.0309408102 0.6443302035
-193.2 -406.6 2479.5 0.6384795308 0.0810926855 -0.7653546929 -0.0794387534 0.9960660338 0.0392676108 0.7655281425 0.0357272550 0.6424096823
-113.1 -94.5 2600.9 0.2639524043 -0.2470324785 -0.9323647618 0.0780098066 0.9689469934 -0.2346404642 0.9613758922 -0.0107996808 0.2750268579
-14.9 -479.5 2605.2 0.2570994198 0.1261606216 -0.9581145048 0.0208772272 0.9904853702 0.1360252500 0.9661594033 -0.0549747907 0.2520193458
168.2 -150.9 2342.4 0 0 0 0 0 0 0 0 0
228.2 -86.6 2532.6 0 0 0 0 0 0 0 0 0
-221.9 -758.2 2466.9 0 0 0 0 0 0 0 0 0
-45.8 -721.9 2618.6 0 0 0 0 0 0 0 0 0
270.3 356.9 2505.4 0 0.4831348658 0.7306999564 -0.4823466241 -0.4886787534 0.6821616888 0.5439196229 0.7264804244 -0.0270739887 0.6866536140
125.2 221.4 2510.8 0.4831348658 0.7306999564 -0.4823466241 -0.4886787534 0.6821616888 0.5439196229 0.7264804244 -0.0270739887 0.6866536140
-15.8 81.5 2517.5 0.5016745329 0.7094264030 -0.4950119853 -0.4708341062 0.7039740086 0.5317291021 0.7256982327 -0.0336864069 0.6871879697
54.6 287.6 2408.7 0.2212519199 0.4419904947 -0.8693054914 0.9015645385 0.2471330315 0.3551149070 0.3717915118 -0.8623048663 -0.3438042998
-5.7 42.0 2307.4 -0.6782574058 0.4419904947 -0.5870360136 0.7211762071 0.2471330315 -0.6471709013 -0.1409673989 -0.8623048663 -0.4863728285
195.7 155.1 2612.8 0.0853980109 0.9915116429 -0.0980397537 -0.8422529697 0.1244076267 0.5245309472 0.5322754383 0.0377803706 0.8457278013
225.2 -135.5 2796.5 0.0149233993 0.9915116429 0.1291584522 0.1797632873 0.1244076267 -0.9758114219 -0.9835966825 0.0377803706 -0.1763808131
-204.8 -11.9 2467.0 0.6255949736 -0.0283605419 -0.7796323299 0.0435258448 0.9990512729 -0.0014161624 0.7789328694 -0.0330482125 0.6262359023
-193.5 -409.0 2480.1 0.6200910211 0.0829404145 -0.7801333070 -0.0815741718 0.9958223104 0.0410320908 0.7802773714 0.0381950960 0.6242662668
-110.5 -97.3 2599.1 0.2406045496 -0.2437614650 -0.9395157099 0.0707811415 0.9697802663 -0.2334870994 0.9680389762 -0.0103219412 0.2505872548
-13.6 -482.8 2603.2 0.2351683527 0.1374421418 -0.9621878862 0.0302900225 0.9884341955 0.1485944390 0.9714825749 -0.0640894026 0.2282853276
172.1 -147.0 2344.3 0 0 0 0 0 0 0 0 0
229.2 -87.2 2532.1 0 0 0 0 0 0 0 0 0
-222.7 -759.2 2466.7 0 0 0 0 0 0 0 0 0
-47.0 -722.7 2618.7 0 0 0 0 0 0 0 0 0
266.6 358.4 2509.1 1 0.4848865867 0.7205964327 -0.4956064522 -0.4816941619 0.6930260658 0.5363633037 0.7299696803 -0.0213446114 0.6831461787
124.1 221.4 2513.3 0.4848865867 0.7205964327 -0.4956064522 -0.4816941619 0.6930260658 0.5363633037 0.7299696803 -0.0213446114 0.6831461787
-14.7 79.3 2519.9 0.5058227181 0.6987628937 -0.5058397055 -0.4609312415 0.7145911455 0.5262146592 0.7291678786 -0.0330139920 0.6835380793
53.0 286.2 2410.7 0.2768948674 0.4202354848 -0.8641362190 0.8732217550 0.2652601898 0.4088040590 0.4010149240 -0.8677783012 -0.2935095727
-20.3 55.0 2304.5 -0.6871119738 0.4202354848 -0.5926881433 0.7176511288 0.2652601898 -0.6439051628 -0.1133752018 -0.8677783012 -0.4838459492
195.3 156.5 2615.9 0.0960019082 0.9893404245 -0.1094949022 -0.8391789794 0.1396049559 0.5256320834 0.5353151560 0.0414241366 0.8436360359
228.4 -133.1 2800.6 0.0162427668 0.9893404245 0.1447123885 0.1768968403 0.1396049559 -0.9742781520 -0.9840953350 0.0414241366 -0.1727436185
-202.8 -15.2 2457.6 0.6218039989 -0.0243567508 -0.7827940583 0.0518766344 0.9986020327 0.0101359952 0.7814528942 -0.0469113253 0.6221982837
-193.1 -412.2 2476.3 0.6159102321 0.0857498348 -0.7831357121 -0.0739304125 0.9959630966 0.0509096645 0.7843397856 0.0265417621 0.6197633743
-110.8 -101.6 2590.7 0.2333065420 -0.2411825657 -0.9420185685 0.0860976577 0.9700718522 -0.2270414531 0.9685841203 -0.0281353332 0.2470893711
-14.9 -487.2 2601.9 0.2274984419 0.1341382861 -0.9644954205 0.0416513458 0.9882200956 0.1472622454 0.9728872776 -0.0736744627 0.2192315012
159.8 -133.1 2334.2 0 0 0 0 0 0 0 0 0
232.8 -85.5 2536.0 0 0 0 0 0 0 0 0 0
-223.1 -760.5 2467.0 0 0 0 0 0 0 0 0 0
-46.8 -722.6 2619.4 0 0 0 0 0 0 0 0 0
269.0 358.7 2510.4 2 0.4883936942 0.7204200029 -0.4924089611 -0.4800962806 0.6930413842 0.5377743244 0.7286831737 -0.0262418762 0.6843479872
126.1 221.2 2515.6 0.4883936942 0.7204200029 -0.4924089611 -0.4800962806 0.6930413842 0.5377743244 0.7286831737 -0.0262418762 0.6843479872
-12.9 79.2 2523.3 0.5093111992 0.6989480257 -0.5020694733 -0.4593583345 0.7141414881 0.5281967521 0.7277307510 -0.0383867472 0.6847878695
54.4 285.8 2413.2 0.3221337795 0.4210513532 -0.8479065895 0.8444172740 0.2771351933 0.4584272504 0.4280061722 -0.8636618853 -0.2662684321
-29.9 64.7 2301.2 -0.6926196814 0.4210513532 -0.5856567025 0.7130407095 0.2771351933 -0.6440256238 -0.1088617891 -0.8636618853 -0.4921760559
197.7 156.5 2618.0 0.0983213484 0.9896097183 -0.1049070284 -0.8378853202 0.1391981691 0.5277992487 0.5369181037 0.0360061266 0.8428656459
231.7 -132.6 2803.3 0.0112985540 0.9896097183 0.1433349699 0.1743634045 0.1391981691 -0.9747929573 -0.9846165180 0.0360061266 -0.1709789783
-200.0 -20.4 2459.6 0.6260307431 -0.0126469517 -0.7796958089 0.0420064926 0.9989636540 0.0175241567 0.7786661386 -0.0437229462 0.6259132028
-195.0 -417.5 2476.9 0.6208466887 0.0809612721 -0.7797401547 -0.0722513795 0.9963287115 0.0459217243 0.7805953622 0.0278269537 0.6244169474
-107.2 -105.0 2593.3 0.2397997528 -0.2310339063 -0.9429312944 0.0822437927 0.9726135731 -0.2173908800 0.9673324227 -0.0254199654 0.2522335947
-15.4 -491.6 2603.4 0.2334265858 0.1349730045 -0.9629611969 0.0335232168 0.9886136055 0.1466947496 0.9717963934 -0.0665240139 0.2262439728
152.0 -122.6 2329.8 0 0 0 0 0 0 0 0 0
234.7 -85.7 2538.6 0 0 0 0 0 0 0 0 0
-222.7 -758.8 2467.4 0 0 0 0 0 0 0 0 0
-47.0 -723.0 2619.0 0 0 0 0 0 0 0 0 0
269.6 359.6 2511.1 3 0.4726577401 0.7183740735 -0.5104246736 -0.4569211006 0.6950461268 0.5550981760 0.7535368204 -0.0291476343 0.6567592025
126.7 221.3 2516.9 0.4726577401 0.7183740735 -0.5104246736 -0.4569211006 0.6950461268 0.5550981760 0.7535368204 -0.0291476343 0.6567592025
-11.9 79.0 2525.0 0.4928934276 0.6967768669 -0.5211123228 -0.4367422760 0.7161289454 0.5444405675 0.7525371909 -0.0407594144 0.6572871804
57.3 282.8 2411.1 0.3650080264 0.3946359158 -0.8432269096 0.8275148869 0.2774921954 0.4880749881 0.4266008139 -0.8759341240 -0.2252801955
-37.2 68.5 2300.6 -0.7105942965 0.3946359158 -0.5825102925 0.6965330243 0.2774921954 -0.6616947055 -0.0994864181 -0.8759341240 -0.4720613062
196.0 159.9 2622.7 0.0880241320 0.9878722429 -0.1279071271 -0.8224049807 0.1445237249 0.5502389669 0.5620514154 0.0567571521 0.8251526356
226.3 -123.8 2816.6 0.0352347977 0.9878722429 0.1512183547 0.1473430395 0.1445237249 -0.9784696698 -0.9884576797 0.0567571521 -0.1404638290
-198.5 -20.6 2464.1 0.6066191196 -0.0059171570 -0.7949705720 0.0338399857 0.9992581606 0.0183846001 0.7942720652 -0.0380542427 0.6063693166
-196.2 -417.8 2479.3 0.6015446186 0.0795429349 -0.7948691845 -0.0743623152 0.9962854385 0.0434225239 0.7953705788 0.0329877287 0.6052251458
-105.1 -104.9 2597.7 0.2253563851 -0.2251355648 -0.9479074478 0.0673819780 0.9742066860 -0.2153623998 0.9719434977 -0.0153385820 0.2347137779
-15.6 -492.2 2603.8 0.2208384424 0.1328233480 -0.9662237763 0.0327479467 0.9891148806 0.1434549242 0.9747604728 -0.0633222088 0.2140848935
149.4 -114.3 2326.7 0 0 0 0 0 0 0 0 0
235.8 -84.2 2551.0 0 0 0 0 0 0 0 0 0
-223.3 -758.0 2468.0 0 0 0 0 0 0 0 0 0
-46.5 -722.4 2618.5 0 0 0 0 0 0 0 0 0
264.4 356.8 2511.4 4 0.4400694072 0.7218464017 -0.5341129899 -0.4223836362 0.6912946701 0.5862625241 0.7924209833 -0.0323956087 0.6091137528
120.8 219.3 2517.9 0.4400694072 0.7218464017 -0.5341129899 -0.4223836362 0.6912946701 0.5862625241 0.7924209833 -0.0323956087 0.6091137528
-18.5 77.8 2526.4 0.4589108229 0.7008174658 -0.5461279154 -0.4037982523 0.7120386958 0.5744108558 0.7914214134 -0.0430778489 0.6097511649
56.3 276.0 2406.7 0.4171907306 0.3524401486 -0.8376979232 0.8048016429 0.2849265337 0.5206833482 0.4221920967 -0.8914049864 -0.1647757143
-47.6 75.5 2301.6 -0.7389380932 0.3524401486 -0.5742442608 0.6692137718 0.2849265337 -0.6862723827 -0.0782525241 -0.8914049864 -0.4464008808
185.2 162.6 2629.0 0.0603178814 0.9852926135 -0.1598756015 -0.7969058156 0.1439833492 0.5866940618 0.6010847688 0.0920176432 0.7938701510
206.0 -111.9 2836.1 0.0775614977 0.9852926135 0.1522585601 0.1029902026 0.1439833492 -0.9842061996 -0.9916538000 0.0920176432 -0.0903079286
-195.6 -23.3 2464.1 0.5726848841 0.0013360493 -0.8197745085 0.0228073262 0.9995856285 0.0175620336 0.8194582462 -0.0287543759 0.5724171400
-196.1 -420.7 2475.6 0.5678814054 0.0790856183 -0.8193022609 -0.0668054596 0.9965180755 0.0498871766 0.8203948736 0.0264038648 0.5711874366
-105.2 -103.4 2602.1 0.1975421309 -0.2257867008 -0.9539378881 0.0529971123 0.9741503000 -0.2195960879 0.9788607955 -0.0071764742 0.2044017762
-15.4 -490.7 2605.0 0.1943942308 0.1319283247 -0.9720112085 0.0289600026 0.9897105694 0.1401223689 0.9804958701 -0.0553884283 0.1885733753
145.8 -99.7 2322.0 0 0 0 0 0 0 0 0 0
226.8 -84.3 2570.0 0 0 0 0 0 0 0 0 0
-222.8 -757.4 2466.6 0 0 0 0 0 0 0 0 0
-46.3 -722.3 2617.9 0 0 0 0 0 0 0 0 0
265.1 353.2 2512.6 5 0.4619487226 0.7195782661 -0.5184693933 -0.4516865909 0.6939672828 0.5607036948 0.7632709742 -0.0248306934 0.6456011534
123.2 216.3 2517.5 0.4619487226 0.7195782661 -0.5184693933 -0.4516865909 0.6939672828 0.5607036948 0.7632709742 -0.0248306934 0.6456011534
-14.6 73.1 2525.1 0.4863228202 0.6927357912 -0.5325478911 -0.4272809625 0.7201748490 0.5466069579 0.7621818185 -0.0382798612 0.6462302804
54.8 276.2 2410.5 0.4011372626 0.3800072074 -0.8334767222 0.7947050929 0.3081386685 0.5229669213 0.4555575848 -0.8721497059 -0.1783877462
-46.6 75.2 2295.2 -0.7622392774 0.3800072074 -0.5240094066 0.6384671330 0.3081386685 -0.7052732110 -0.1065413281 -0.8721497059 -0.4774974883
191.5 156.3 2624.5 0.0858489722 0.9862991571 -0.1408684105 -0.8173187971 0.1505747736 0.5561629534 0.5697543025 0.0673883855 0.8190475106
221.1 -125.3 2820.8 0.0463334173 0.9862991571 0.1583261490 0.1392037719 0.1505747736 -0.9787489772 -0.9891791940 0.0673883855 -0.1303199232
-199.9 -26.8 2462.5 0.5967321992 -0.0090297144 -0.8023896217 0.0342638418 0.9993114471 0.0142360292 0.8017085791 -0.0359880514 0.5966306925
-196.3 -424.1 2476.8 0.5917102695 0.0791153014 -0.8022591472 -0.0699015185 0.9964597225 0.0467102975 0.8031144142 0.0284401719 0.5951457024
-115.9 -100.7 2607.4 0.2177754641 -0.2527590990 -0.9427018166 0.0551175773 0.9675276279 -0.2466826439 0.9744413495 0.0017619870 0.2246352434
-15.4 -485.2 2606.7 0.2132930309 0.1253401637 -0.9689148068 0.0185385924 0.9910386205 0.1322831362 0.9768123627 -0.0461773872 0.2090579867
153.0 -92.1 2323.1 0 0 0 0 0 0 0 0 0
233.5 -87.9 2555.4 0 0 0 0 0 0 0 0 0
-222.8 -758.0 2467.3 0 0 0 0 0 0 0 0 0
-45.5 -723.2 2617.8 0 0 0 0 0 0 0 0 0
262.4 352.7 2512.7 6 0.4349773526 0.7221652865 -0.5378400683 -0.4125744402 0.6907619834 0.5938267112 0.8003605604 -0.0364021063 0.5984128118
119.5 216.0 2519.9 0.4349773526 0.7221652865 -0.5378400683 -0.4125744402 0.6907619834 0.5938267112 0.8003605604 -0.0364021063 0.5984128118
-19.4 74.1 2529.6 0.4564365745 0.6984218955 -0.5512462854 -0.3913544416 0.7139889598 0.5805699229 0.7990665436 -0.0492606647 0.5992211699
55.4 270.9 2407.8 0.4016909599 0.3813142478 -0.8326126337 0.7916585803 0.3124488890 0.5250260234 0.4603488147 -0.8700431585 -0.1763628125
-43.9 75.1 2293.9 -0.7710400224 0.3813142478 -0.5099967718 0.6267051101 0.3124488890 -0.7138742208 -0.1128624901 -0.8700431585 -0.4798822105
183.6 161.1 2632.0 0.0601498820 0.9843374491 -0.1657158285 -0.7884857655 0.1486577839 0.5968174338 0.6121047139 0.0947660655 0.7850778103
204.3 -110.3 2842.8 0.0820113420 0.9843374491 0.1560572982 0.0897132382 0.1486577839 -0.9848108292 -0.9925853610 0.0947660655 -0.0761164799
-196.8 -30.9 2462.8 0.5684244037 0.0030053102 -0.8227300048 0.0380182490 0.9988291264 0.0299153943 0.8218566179 -0.0482833944 0.5676445961
-198.0 -428.0 2482.0 0.5635847449 0.0744887590 -0.8226929307 -0.0785027221 0.9962482452 0.0364247151 0.8223196268 0.0440552272 0.5673178434
-107.7 -109.1 2602.4 0.1931876242 -0.2291409224 -0.9540298581 0.0640338957 0.9732186198 -0.2207830846 0.9790700674 -0.0184376910 0.2026865929
-16.7 -495.8 2609.7 0.1879019290 0.1279170811 -0.9738224149 0.0217921697 0.9906958938 0.1343383640 0.9819459915 -0.0464641415 0.1833660752
158.7 -89.6 2323.6 0 0 0 0 0 0 0 0 0
226.3 -86.2 2576.6 0 0 0 0 0 0 0 0 0
-222.7 -758.1 2467.4 0 0 0 0 0 0 0 0 0
-46.3 -724.8 2620.4 0 0 0 0 0 0 0 0 0
261.9 354.0 2513.2 7 0.4282784760 0.7195605040 -0.5466353297 -0.4166968763 0.6940264702 0.5871039033 0.8018361926 -0.0236627124 0.5970752239
120.0 217.2 2517.9 0.4282784760 0.7195605040 -0.5466353297 -0.4166968763 0.6940264702 0.5871039033 0.8018361926 -0.0236627124 0.5970752239
-18.4 74.7 2525.7 0.4510364532 0.6961290240 -0.5585432053 -0.3940165043 0.7168359756 0.5752366185 0.8008227944 -0.0393774286 0.5976054668
56.6 272.5 2405.4 0.3973242939 0.3811033666 -0.8348015547 0.7950945497 0.3112587631 0.5205214620 0.4582117796 -0.8705620170 -0.1793425381
-42.6 74.1 2291.0 -0.7769065499 0.3811033666 -0.5011751056 0.6182575822 0.3112587631 -0.7217170596 -0.1190536618 -0.8705620170 -0.4774390161
183.4 161.8 2630.4 0.0583360493 0.9828203917 -0.1751028001 -0.7914324403 0.1524388492 0.5919434428 0.6084665656 0.1040503979 0.7867286205
203.6 -111.0 2840.2 0.0901458710 0.9828203917 0.1610521972 0.0954638869 0.1524388492 -0.9836915135 -0.9913427234 0.1040503979 -0.0800821185
-200.1 -32.0 2466.2 0.5612139702 -0.0009007865 -0.8276702762 0.0283875037 0.9994320273 0.0181608405 0.8271837831 -0.0336876102 0.5609207749
-199.7 -429.3 2479.6 0.5569396615 0.0714276880 -0.8274758458 -0.0670400932 0.9969103336 0.0409313664 0.8278428912 0.0326777585 0.5600073934
-116.5 -103.5 2612.4 0.1904263198 -0.2533181310 -0.9484554529 0.0359180272 0.9672852159 -0.2511358261 0.9810441732 0.0137562230 0.1932952553
-15.9 -487.7 2607.0 0.1891223192 0.1237472668 -0.9741249084 0.0253904052 0.9910795689 0.1308305264 0.9816251993 -0.0494764000 0.1842932850
161.9 -88.6 2322.3 0 0 0 0 0 0 0 0 0
227.8 -85.3 2574.0 0 0 0 0 0 0 0 0 0
-223.3 -758.2 2468.8 0 0 0 0 0 0 0 0 0
-45.5 -725.1 2618.8 0 0 0 0 0 0 0 0 0
262.0 351.5 2515.0 8 0.4211668074 0.7268713713 -0.5424726009 -0.4208661914 0.6864385009 0.5930209160 0.8034240007 -0.0214523375 0.5950207114
118.5 216.0 2519.2 0.4211668074 0.7268713713 -0.5424726009 -0.4208661914 0.6864385009 0.5930209160 0.8034240007 -0.0214523375 0.5950207114
-21.7 75.3 2526.5 0.4429982901 0.7052503824 -0.5535110235 -0.3996090889 0.7080047727 0.5822729468 0.8025366664 -0.0367578864 0.5954693556
56.2 272.2 2406.4 0.4250886440 0.3510766029 -0.8342930079 0.7811892629 0.3232825398 0.5340709090 0.4572121501 -0.8787682652 -0.1368335485
-48.8 79.2 2293.4 -0.7869759798 0.3510766029 -0.5073599219 0.6104066372 0.3232825398 -0.7231128216 -0.0898473859 -0.8787682652 -0.4687150717
180.8 159.8 2632.1 0.0462639630 0.9842212796 -0.1707867682 -0.7919605374 0.1403393745 0.5942249894 0.6088169813 0.1077651829 0.7859570980
196.8 -113.3 2842.1 0.0950751752 0.9842212796 0.1492286325 0.0942043066 0.1403393745 -0.9856116772 -0.9910026789 0.1077651829 -0.0793750957
-198.1 -31.7 2460.1 0.5585209131 0.0043432019 -0.8294790983 0.0377019942 0.9988198876 0.0306161176 0.8286331892 -0.0483727567 0.5576980710
-199.9 -428.7 2479.3 0.5541072488 0.0712819025 -0.8293877840 -0.0667271316 0.9969243407 0.0411010161 0.8297666311 0.0325682983 0.5571594238
-115.4 -103.9 2606.8 0.1831446439 -0.2498254031 -0.9508129954 0.0493848808 0.9682886004 -0.2449046373 0.9818447828 -0.0021028109 0.1896744817
-16.2 -488.6 2607.7 0.1802659184 0.1219382510 -0.9760303497 0.0255644489 0.9913700819 0.1285762638 0.9832856655 -0.0481295958 0.1755929440
158.3 -81.5 2317.0 0 0 0 0 0 0 0 0 0
222.4 -88.0 2575.8 0 0 0 0 0 0 0 0 0
-223.5 -759.2 2468.5 0 0 0 0 0 0 0 0 0
-45.4 -725.8 2619.2 0 0 0 0 0 0 0 0 0
264.8 358.2 2505.9 9 0.4624174237 0.7286554575 -0.5052043200 -0.4440932274 0.6834956408 0.5793228149 0.7674316764 -0.0435311683 0.6396512389
121.1 223.4 2514.5 0.4624174237 0.7286554575 -0.5052043200 -0.4440932274 0.6834956408 0.5793228149 0.7674316764 -0.0435311683 0.6396512389
-19.4 83.1 2524.1 0.4792667925 0.7068880200 -0.5202044249 -0.4277880490 0.7056842446 0.5648071170 0.7663555145 -0.0481560752 0.6406092644
53.8 283.5 2406.8 0.3856773674 0.3441017270 -0.8560647964 0.8067660928 0.3243935406 0.4938595593 0.4476398230 -0.8811145425 -0.1524983644
-45.0 76.9 2292.2 -0.7760021687 0.3441017270 -0.5285968781 0.6265640855 0.3243935406 -0.7086510062 -0.0723746270 -0.8811145425 -0.4673318863
188.4 163.3 2622.1 0.0705696493 0.9892280698 -0.1282488108 -0.8120821714 0.1316360384 0.5685020089 0.5792602897 0.0640295818 0.8126239777
212.7 -116.6 2821.8 0.0472735316 0.9892280698 0.1385389715 0.1266915202 0.1316360384 -0.9831689596 -0.9908150434 0.0640295818 -0.1191039011
-202.5 -28.8 2460.2 0.5985337496 -0.0099790581 -0.8010354042 0.0498905368 0.9984457493 0.0248398799 0.7995425463 -0.0548315942 0.5981013775
