85.2 278.1 2259.8 58 0.3686150312 0.6137100458 -0.6981998086 -0.3009815812 0.7894254923 0.5349929929 0.8795073032 0.0129388357 0.4757094979
-34.9 123.7 2257.3 0.3686150312 0.6137100458 -0.6981998086 -0.3009815812 0.7894254923 0.5349929929 0.8795073032 0.0129388357 0.4757094979
-148.8 -33.1 2258.3 0.3882091939 0.5859864354 -0.7112759948 -0.2748538256 0.8103027344 0.5175566673 0.8796300292 -0.0054233260 0.4756275713
-87.7 160.8 2137.9 0.3212134242 0.4315139353 -0.8429813981 0.8744956851 0.2064513117 0.4389021695 0.3634270430 -0.8781648874 -0.3110421598
-167.1 -55.4 2048.0 -0.7488510013 0.4315139353 -0.5030088425 0.6247726083 0.2064513117 -0.7530186176 -0.2210911959 -0.8781648874 -0.4241993725
18.0 86.5 2376.7 -0.1841805875 0.7633382678 -0.6191867590 -0.9828230143 -0.1355441362 0.1252463758 0.0116782095 0.6316189766 0.7751910090
-23.7 -136.3 2379.3 0.2975983322 0.7633382678 -0.5733672380 -0.7940248847 -0.1355441362 -0.5925809741 -0.5300562978 0.6316189766 0.5657718778
-295.2 -154.0 2165.0 0.3926532567 -0.2725311518 -0.8783792853 0.1278330684 0.9619873166 -0.2413278967 0.9107590914 -0.0175277293 0.4125659466
-189.5 -527.0 2171.8 0.3753527701 0.1891113371 -0.9073848128 0.0286181066 0.9761334062 0.2152777761 0.9264401197 -0.1067727506 0.3609823883
-216.8 -222.8 2315.4 -0.6443548203 -0.1925331652 -0.7400931120 -0.0521853231 0.9766022563 -0.2086257190 0.7629439831 -0.0958069935 -0.6393257976
-141.0 -607.5 2353.2 -0.6333478093 0.1270190477 -0.7633719444 0.0744718537 0.9918634892 0.1032510698 0.7702755928 0.0085441107 -0.6376538873
41.9 -229.8 2109.7 0 0 0 0 0 0 0 0 0
51.3 -336.5 2245.7 0 0 0 0 0 0 0 0 0
-260.1 -891.3 2211.7 0 0 0 0 0 0 0 0 0
-188.2 -976.3 2350.0 0 0 0 0 0 0 0 0 0
79.4 275.3 2264.9 59 0.3739369512 0.5894215703 -0.7160679698 -0.2985524535 0.8074826002 0.5087615252 0.8780874610 0.0235391147 0.4779208601
-35.5 118.0 2260.3 0.3739369512 0.5894215703 -0.7160679698 -0.2985524535 0.8074826002 0.5087615252 0.8780874610 0.0235391147 0.4779208601
-146.0 -41.3 2260.6 0.3937634826 0.5691137910 -0.7218447328 -0.2706620395 0.8222568631 0.5006352663 0.8784602284 -0.0017559204 0.4778122306
-89.2 154.8 2140.7 0.3015879989 0.4354631603 -0.8481842279 0.8779564500 0.2200713158 0.4251600504 0.3718025684 -0.8728920221 -0.3159468174
-163.2 -60.7 2049.4 -0.7576535344 0.4354631603 -0.4861409068 0.6132452488 0.2200713158 -0.7586164474 -0.2233638316 -0.8728920221 -0.4337835312
18.3 81.3 2379.9 -0.1621388495 0.7667697668 -0.6211079955 -0.9867402911 -0.1212760359 0.1078687534 0.0073849866 0.6303619742 0.7762662172
-18.6 -142.8 2381.6 0.3145484030 0.7667697668 -0.5595743060 -0.7850338221 -0.1212760359 -0.6074652076 -0.5336489081 0.6303619742 0.5637930036
-297.5 -165.5 2180.9 0.3989998996 -0.2680586278 -0.8768942952 0.1006582901 0.9633402824 -0.2486833632 0.9114093184 0.0109579517 0.4113549888
-193.5 -539.1 2176.7 0.3813765943 0.1768773049 -0.9073402286 -0.0109963072 0.9823226333 0.1868724078 0.9243543744 -0.0612913705 0.3765798509
-215.7 -229.0 2328.3 -0.6305380464 -0.2062346339 -0.7482573390 -0.1277385205 0.9784803391 -0.1620465815 0.7655746937 -0.0065952563 -0.6433132291
-133.3 -620.2 2330.9 -0.6239072084 0.0916198120 -0.7761092782 0.0308588743 0.9952178001 0.0926784351 0.7808889151 0.0338728838 -0.6237508059
48.3 -231.9 2111.8 0 0 0 0 0 0 0 0 0
61.0 -341.4 2246.6 0 0 0 0 0 0 0 0 0
-259.5 -905.4 2199.5 0 0 0 0 0 0 0 0 0
-167.4 -990.7 2318.3 0 0 0 0 0 0 0 0 0
81.8 278.0 2258.9 60 0.3907397687 0.5975087881 -0.7002183199 -0.2793139815 0.8017888665 0.5283164382 0.8771010041 -0.0108534954 0.4801833630
-34.9 121.4 2261.0 0.3907397687 0.5975087881 -0.7002183199 -0.2793139815 0.8017888665 0.5283164382 0.8771010041 -0.0108534954 0.4801833630
-144.8 -38.3 2266.9 0.4113746285 0.5662072301 -0.7142691016 -0.2504909337 0.8237041831 0.5086901188 0.8763704896 -0.0303442907 0.4806807935
-91.0 155.5 2141.6 0.2666953504 0.4364155233 -0.8593108058 0.8912224174 0.2277264595 0.3922541440 0.3668736219 -0.8704493642 -0.3282096982
-157.0 -65.0 2050.8 -0.7639380693 0.4364155233 -0.4753316045 0.6048792601 0.2277264595 -0.7630607486 -0.2247659862 -0.8704493642 -0.4379476011
21.3 87.3 2380.5 -0.1576569527 0.7793486714 -0.6064320803 -0.9869837165 -0.1046226993 0.1221361309 0.0317400731 0.6177942157 0.7856989503
-14.5 -137.0 2387.8 0.3073616922 0.7793486714 -0.5460259914 -0.7953585386 -0.1046226993 -0.5970417261 -0.5224304199 0.6177942157 0.5877046585
-291.8 -176.5 2182.5 0.4218678772 -0.2441195101 -0.8731741905 0.0994210020 0.9697176814 -0.2230763286 0.9011897445 0.0072968816 0.4333633482
-197.1 -552.7 2179.6 0.4052982032 0.1659002453 -0.8990052938 -0.0153949214 0.9844949841 0.1747358292 0.9140549302 -0.0569800027 0.4015680552
-215.2 -232.1 2334.7 -0.6254948378 -0.1762669384 -0.7600566745 -0.0616423860 0.9822657704 -0.1770709902 0.7777894139 -0.0639052838 -0.6252676845
-145.9 -618.3 2359.9 -0.6163579226 0.1172285825 -0.7786914706 0.0474675298 0.9925898314 0.1118580550 0.7860342264 0.0319820344 -0.6173551679
56.3 -233.9 2113.5 0 0 0 0 0 0 0 0 0
63.3 -338.5 2255.4 0 0 0 0 0 0 0 0 0
-259.0 -919.9 2200.9 0 0 0 0 0 0 0 0 0
-189.5 -988.2 2347.9 0 0 0 0 0 0 0 0 0
84.3 280.6 2255.9 61 0.4054736495 0.6067661643 -0.6836855412 -0.2838953137 0.7945314050 0.5367711782 0.8689042330 -0.0235514548 0.4944196343
-34.8 124.6 2260.6 0.4054736495 0.6067661643 -0.6836855412 -0.2838953137 0.7945314050 0.5367711782 0.8689042330 -0.0235514548 0.4944196343
-146.0 -34.3 2268.1 0.4254637361 0.5728824139 -0.7005614638 -0.2565575540 0.8187175989 0.5136922598 0.8678472638 -0.0388230756 0.4953119457
-92.9 159.6 2142.1 0.2453250587 0.4248826504 -0.8713726997 0.9017617106 0.2299369872 0.3659983575 0.3558671772 -0.8755590916 -0.3267335892
-154.6 -67.2 2052.6 -0.7796969414 0.4248826504 -0.4599428177 0.5843750238 0.2299369872 -0.7782254219 -0.2248966098 -0.8755590916 -0.4275719821
23.3 89.5 2379.0 -0.1655495763 0.7900429368 -0.5902757645 -0.9856747985 -0.1129915044 0.1252124906 0.0322270952 0.6025487781 0.7974311113
-14.4 -134.6 2386.3 0.2904094756 0.7900429368 -0.5399022698 -0.7966140509 -0.1129915044 -0.5938341022 -0.5301588178 0.6025487781 0.5965455174
-291.5 -175.6 2194.4 0.4433594048 -0.2271109223 -0.8670946360 0.0771447271 0.9734470248 -0.2155215889 0.8930180073 0.0286617521 0.4491073191
-203.4 -553.2 2183.3 0.4324250817 0.1324576735 -0.8918876052 -0.0203928053 0.9903346300 0.1371911168 0.9014392495 -0.0411367938 0.4309467375
-214.7 -224.0 2348.8 -0.6145111322 -0.1681318730 -0.7707838416 -0.0397119634 0.9823799133 -0.1826270074 0.7879079580 -0.0816169977 -0.6103602648
-149.1 -607.8 2380.7 -0.6057792902 0.1428844333 -0.7826975584 0.0316185579 0.9872884750 0.1557616889 0.7950041890 0.0696094409 -0.6025967598
63.0 -230.3 2115.4 0 0 0 0 0 0 0 0 0
59.2 -336.6 2251.9 0 0 0 0 0 0 0 0 0
-252.8 -922.5 2198.6 0 0 0 0 0 0 0 0 0
-202.3 -975.6 2354.8 0 0 0 0 0 0 0 0 0
84.2 282.5 2267.5 62 0.4155734181 0.6007648706 -0.6829203963 -0.3317819834 0.7992161512 0.5011729002 0.8468880653 0.0183065515 0.5314559340
-33.8 125.6 2263.9 0.4155734181 0.6007648706 -0.6829203963 -0.3317819834 0.7992161512 0.5011729002 0.8468880653 0.0183065515 0.5314559340
-144.6 -33.6 2264.5 0.4380408525 0.5705809593 -0.6946636438 -0.3007003367 0.8212337494 0.4849272370 0.8471714854 -0.0035323396 0.5313078165
-93.6 166.6 2148.4 0.2472706288 0.4297101498 -0.8684505820 0.8939925432 0.2444771677 0.3755106330 0.3736770749 -0.8692411184 -0.3237056434
-157.3 -63.7 2052.1 -0.7862396836 0.4297101498 -0.4440453947 0.5746990442 0.2444771677 -0.7809941769 -0.2270421833 -0.8692411184 -0.4391716719
26.0 84.6 2379.4 -0.1634277254 0.7982738018 -0.5796984434 -0.9863992929 -0.1426676214 0.0816237628 -0.0175460801 0.5851536989 0.8107325435
-11.1 -139.5 2375.4 0.2847780287 0.7982738018 -0.5307168365 -0.7666749954 -0.1426676214 -0.6259835362 -0.5754224062 0.5851536989 0.5713880062
-295.3 -170.1 2198.0 0.4433791041 -0.2365227044 -0.8645645976 0.0822147354 0.9712215066 -0.2235386819 0.8925557137 0.0280324295 0.4500649571
-203.5 -547.0 2187.1 0.4302973449 0.1339107454 -0.8926993608 -0.0384405963 0.9907566309 0.1300909072 0.9018683434 -0.0216618758 0.4314675629
-214.0 -223.6 2338.7 -0.6055828929 -0.1771670431 -0.7758100033 -0.0705187619 0.9830144644 -0.1694394201 0.7926515341 -0.0479004495 -0.6077903509
-144.5 -609.1 2357.5 -0.5987452269 0.1503173709 -0.7867075801 -0.0210226011 0.9789431095 0.2030479163 0.8006635904 0.1381126046 -0.5829774141
62.2 -224.2 2115.5 0 0 0 0 0 0 0 0 0
61.0 -333.8 2229.6 0 0 0 0 0 0 0 0 0
-253.5 -916.6 2195.2 0 0 0 0 0 0 0 0 0
-200.4 -973.3 2306.1 0 0 0 0 0 0 0 0 0
84.2 284.8 2259.7 63 0.4595087469 0.6083337665 -0.6471335292 -0.3463827670 0.7936611772 0.5001208782 0.8178451657 -0.0056540072 0.5754106045
-35.6 128.5 2260.8 0.4595087469 0.6083337665 -0.6471335292 -0.3463827670 0.7936611772 0.5001208782 0.8178451657 -0.0056540072 0.5754106045
-146.9 -30.4 2264.9 0.4816311896 0.5734251738 -0.6627329588 -0.3161941171 0.8189869523 0.4788336158 0.8173449039 -0.0210689493 0.5757633448
-101.3 171.6 2149.4 0.2316573709 0.4352419972 -0.8699995875 0.8950677514 0.2549354732 0.3658710420 0.3810361922 -0.8634653091 -0.3305133879
-161.0 -59.3 2051.2 -0.7896732688 0.4352419972 -0.4324125051 0.5687324405 0.2549354732 -0.7820174694 -0.2301295698 -0.8634653091 -0.4488519430
30.1 85.3 2372.2 -0.1686282456 0.8281939626 -0.5344710350 -0.9853755236 -0.1551123261 0.0705352575 -0.0244861692 0.5385488868 0.8422384262
-8.3 -138.8 2366.6 0.2492663413 0.8281939626 -0.5019571781 -0.7587104440 -0.1551123261 -0.6326915622 -0.6018511057 0.5385488868 0.5896951556
-294.6 -165.9 2189.5 0.4793130457 -0.2376271188 -0.8448623419 0.1153299287 0.9713540673 -0.2077745944 0.8700333238 0.0021511584 0.4929881990
-202.4 -542.8 2188.6 0.4639380276 0.1337760538 -0.8757085204 -0.0428576432 0.9907639623 0.1286469102 0.8848303556 -0.0221533943 0.4653864205
-213.9 -219.6 2340.9 -0.5634432435 -0.1781873256 -0.8067099452 -0.0748774633 0.9834589362 -0.1649300456 0.8227545619 -0.0325243287 -0.5674654841
-143.9 -606.2 2353.7 -0.5572267771 0.1666572392 -0.8134639859 -0.0359768458 0.9738862514 0.2241678238 0.8295806050 0.1541781873 -0.5366796851
59.4 -218.0 2115.4 0 0 0 0 0 0 0 0 0
54.9 -331.0 2214.2 0 0 0 0 0 0 0 0 0
-252.3 -912.5 2196.9 0 0 0 0 0 0 0 0 0
-206.0 -969.0 2296.3 0 0 0 0 0 0 0 0 0
84.3 286.4 2255.8 64 0.4525483251 0.6106685400 -0.6498337984 -0.3305703104 0.7916887999 0.5137627721 0.8282048702 -0.0176867042 0.5601463318
-36.3 130.0 2259.3 0.4525483251 0.6106685400 -0.6498337984 -0.3305703104 0.7916887999 0.5137627721 0.8282048702 -0.0176867042 0.5601463318
-148.4 -28.3 2265.3 0.4726295173 0.5773084164 -0.6658350825 -0.3033951819 0.8159535527 0.4921088815 0.8273890615 -0.0305740256 0.5607963204
-100.8 171.4 2146.5 0.2382496744 0.4473153055 -0.8620592356 0.8933379054 0.2473032773 0.3752178550 0.3810307682 -0.8595057130 -0.3406838179
-161.6 -56.4 2049.3 -0.7860944271 0.4473153055 -0.4265730381 0.5670666695 0.2473032773 -0.7856694460 -0.2459490746 -0.8595057130 -0.4480613172
28.2 88.6 2372.2 -0.1726944149 0.8225437403 -0.5418472886 -0.9849407077 -0.1488311589 0.0879835114 -0.0082734711 0.5488817096 0.8358591199
-11.1 -135.4 2370.3 0.2515411675 0.8225437403 -0.5100479126 -0.7703940868 -0.1488311589 -0.6199534535 -0.5858498216 0.5488817096 0.5962456465
-301.2 -161.0 2196.0 0.4745554030 -0.2561630309 -0.8421268463 0.1180453748 0.9665957689 -0.2275037467 0.8722742796 0.0085539557 0.4889420867
-201.7 -536.1 2192.7 0.4562735558 0.1433177143 -0.8782223463 -0.0600261427 0.9896537662 0.1303161681 0.8878126740 -0.0067435196 0.4601556361
-213.9 -217.6 2342.1 -0.5760932565 -0.1692468673 -0.7996699810 -0.0302080549 0.9820684791 -0.1860884726 0.8168255687 -0.0830478370 -0.5708756447
-147.9 -600.7 2374.5 -0.5699710250 0.1881365925 -0.7998360395 0.0032260623 0.9739384055 0.2267898470 0.8216584325 0.1266833246 -0.5557236075
57.8 -214.7 2117.9 0 0 0 0 0 0 0 0 0
52.7 -330.8 2221.8 0 0 0 0 0 0 0 0 0
-255.2 -905.5 2195.2 0 0 0 0 0 0 0 0 0
-218.0 -963.7 2327.2 0 0 0 0 0 0 0 0 0
83.0 290.6 2255.9 65 0.3936926425 0.6056810021 -0.6914887428 -0.2717264891 0.7953004837 0.5419057012 0.8781633377 -0.0254484806 0.4776835144
-35.9 134.5 2260.9 0.3936926425 0.6056810021 -0.6914887428 -0.2717264891 0.7953004837 0.5419057012 0.8781633377 -0.0254484806 0.4776835144
-146.9 -24.6 2267.9 0.4107761979 0.5717003345 -0.7102264762 -0.2482933700 0.8196854591 0.5162035823 0.8772760630 -0.0356996134 0.4786566794
-91.7 168.2 2141.7 0.2883360982 0.4536560476 -0.8432428241 0.8816602826 0.2177698463 0.4186303914 0.3735470772 -0.8641600013 -0.3371796310
-164.5 -54.3 2047.4 -0.7762668133 0.4536560476 -0.4377282858 0.5728517771 0.2177698463 -0.7902007103 -0.2631553113 -0.8641600013 -0.4289251566
19.9 100.7 2380.1 -0.1657637209 0.7791230679 -0.6045573354 -0.9854367971 -0.1073030978 0.1319103092 0.0379034914 0.6176190376 0.7855635285
-17.8 -123.3 2388.7 0.3000172675 0.7791230679 -0.5504151583 -0.8012493849 -0.1073030978 -0.5886301994 -0.5176766515 0.6176190376 0.5920791030
-302.7 -159.5 2197.2 0.4272271395 -0.2621404827 -0.8653088212 0.0974596068 0.9648228288 -0.2441691607 0.8988763094 0.0199830402 0.4377466142
-201.0 -533.9 2189.4 0.4102302790 0.1513384730 -0.8993374109 -0.0396786854 0.9881631136 0.1481865346 0.9111183882 -0.0251060780 0.4113793671
-219.2 -207.7 2351.5 -0.6371307969 -0.1724564433 -0.7512144446 0.0164267588 0.9713869691 -0.2369336039 0.7705806494 -0.1632977128 -0.6160676479
-151.8 -587.4 2415.3 -0.6302468181 0.1821724772 -0.7547199130 0.0563179553 0.9802486897 0.1895804405 0.7743495703 0.0769781768 -0.6280581951
52.2 -214.2 2120.9 0 0 0 0 0 0 0 0 0
58.0 -325.8 2257.9 0 0 0 0 0 0 0 0 0
-257.5 -902.7 2198.8 0 0 0 0 0 0 0 0 0
-219.7 -952.6 2386.6 0 0 0 0 0 0 0 0 0
83.0 292.8 2273.9 66 0.3816568553 0.5986585617 -0.7042343020 -0.3109956682 0.8006573915 0.5120834708 0.8704135418 0.0235736575 0.4917565882
-34.3 136.0 2269.3 0.3816568553 0.5986585617 -0.7042343020 -0.3109956682 0.8006573915 0.5120834708 0.8704135418 0.0235736575 0.4917565882
-144.4 -23.6 2268.1 0.4012795985 0.5675939322 -0.7188962102 -0.2836721539 0.8232818842 0.4916675985 0.8709217906 0.0066346596 0.4913768172
-89.0 174.6 2150.8 0.3370952606 0.4402594268 -0.8321889043 0.8548189998 0.2272846401 0.4665042162 0.3945266604 -0.8686272502 -0.2997255325
-176.6 -47.5 2048.2 -0.7838896513 0.4402594268 -0.4378225803 0.5690400004 0.2272846401 -0.7902753353 -0.2484158278 -0.8686272502 -0.4286913276
20.4 97.3 2387.9 -0.1596280336 0.7721040249 -0.6151213646 -0.9871551394 -0.1290160418 0.0942315385 -0.0066039725 0.6222621799 0.7827810049
-15.8 -127.0 2386.4 0.3118987679 0.7721040249 -0.5536917448 -0.7761986852 -0.1290160418 -0.6171470284 -0.5479367971 0.6222621799 0.5590661764
-294.5 -161.5 2196.7 0.4084159136 -0.2406010330 -0.8805155158 0.0880987868 0.9705224037 -0.2243319452 0.9085345864 0.0140483892 0.4175734520
-201.1 -538.1 2191.2 0.3929183185 0.1443028450 -0.9081805348 -0.0416543037 0.9893899560 0.1391849369 0.9186294675 -0.0168586839 0.3947602808
-221.9 -202.7 2356.2 -0.6448313594 -0.1795496494 -0.7429363728 -0.0299041886 0.9771988392 -0.2102098465 0.7637396455 -0.1133329943 -0.6354977489
-152.0 -582.9 2400.3 -0.6279401183 0.1887064129 -0.7550371289 0.0779643059 0.9805309772 0.1802236736 0.7743467093 0.0543037243 -0.6304271221
42.3 -206.4 2117.6 0 0 0 0 0 0 0 0 0
63.1 -323.4 2247.7 0 0 0 0 0 0 0 0 0
-255.0 -907.4 2197.5 0 0 0 0 0 0 0 0 0
-222.3 -948.5 2380.0 0 0 0 0 0 0 0 0 0
82.4 294.8 2270.0 67 0.3911796510 0.6025912762 -0.6956020594 -0.3049461842 0.7980016470 0.5198087692 0.8683238626 0.0087825833 0.4959199131
-36.2 137.8 2268.2 0.3911796510 0.6025912762 -0.6956020594 -0.3049461842 0.7980016470 0.5198087692 0.8683238626 0.0087825833 0.4959199131
-146.1 -22.0 2269.4 0.4115927517 0.5665571094 -0.7138658762 -0.2766263783 0.8240002990 0.4944707751 0.8683716059 -0.0060464600 0.4958771765
-92.4 175.6 2149.8 0.3805238008 0.4341420531 -0.8165306449 0.8346637487 0.2189297974 0.5053772926 0.3981684446 -0.8738365769 -0.2790546417
-189.2 -36.8 2048.5 -0.7741555572 0.4341420531 -0.4606558681 0.5866996050 0.2189297974 -0.7796494961 -0.2376273423 -0.8738365769 -0.4241966903
20.0 100.1 2386.6 -0.1578889787 0.7796378136 -0.6060000062 -0.9874535799 -0.1230736077 0.0989359692 0.0025516136 0.6140177846 0.7892881036
-15.9 -124.5 2387.2 0.3067863882 0.7796378136 -0.5459368229 -0.7797176242 -0.1230736077 -0.6139163971 -0.5458227992 0.6140177846 0.5701400042
-290.4 -157.9 2189.0 0.4166286290 -0.2293180376 -0.8796782494 0.1038641185 0.9733321071 -0.2045405209 0.9031239152 -0.0061495691 0.4293359220
-201.4 -535.6 2191.4 0.4012481570 0.1404566914 -0.9051363468 -0.0310975444 0.9896923900 0.1397922933 0.9154413342 -0.0279438812 0.4014801085
-219.0 -207.1 2346.1 -0.6392161846 -0.1656850278 -0.7509667873 -0.0069198878 0.9777150750 -0.2098221332 0.7689959407 -0.1289251000 -0.6261178255
-154.6 -587.0 2396.2 -0.6289244294 0.1648152471 -0.7597960234 0.0646416992 0.9849732518 0.1601533294 0.7747744918 0.0516098365 -0.6301277280
26.9 -200.5 2114.8 0 0 0 0 0 0 0 0 0
61.8 -322.1 2248.9 0 0 0 0 0 0 0 0 0
-253.8 -905.0 2201.9 0 0 0 0 0 0 0 0 0
-216.0 -954.3 2377.0 0 0 0 0 0 0 0 0 0
81.1 292.6 2255.5 68 0.4609270692 0.5953099132 -0.6581431031 -0.3241192102 0.8033168316 0.4996286631 0.8261313438 -0.0169755667 0.5632218719
-35.5 135.2 2258.8 0.4609270692 0.5953099132 -0.6581431031 -0.3241192102 0.8033168316 0.4996286631 0.8261313438 -0.0169755667 0.5632218719
-144.2 -25.4 2264.3 0.4802093804 0.5610591769 -0.6742488742 -0.2969293296 0.8272739649 0.4769180119 0.8253677487 -0.0288162474 0.5638596416
-100.8 175.7 2146.5 0.3813050985 0.4315072894 -0.8175621629 0.8363901973 0.2156762928 0.5039197803 0.3937738240 -0.8759481907 -0.2786700130
-195.3 -31.7 2048.9 -0.7618464231 0.4315072894 -0.4831061065 0.6071233153 0.2156762928 -0.7647777796 -0.2258126438 -0.8759481907 -0.4262903333
29.8 94.8 2371.0 -0.1536864787 0.8263924122 -0.5417158604 -0.9880512953 -0.1349712908 0.0744133219 -0.0116214817 0.5466793776 0.8372613788
-5.1 -130.0 2368.4 0.2644572854 0.8263924122 -0.4971297085 -0.7640865445 -0.1349712908 -0.6308363676 -0.5884166360 0.5466793776 0.5957411528
-292.9 -157.1 2192.9 0.4788011312 -0.2363560945 -0.8455088735 0.1143869758 0.9716637135 -0.2068458796 0.8704395890 0.0023228379 0.4922697544
-201.2 -534.2 2192.0 0.4614168108 0.1427454650 -0.8756244779 -0.0520063862 0.9896259308 0.1339249760 0.8856578469 -0.0162571669 0.4640536904
-209.9 -212.7 2342.4 -0.5747513175 -0.1710135192 -0.8002595305 -0.0392656028 0.9825569391 -0.1817692369 0.8173855543 -0.0730494410 -0.5714408755
-143.2 -596.3 2370.9 -0.5653311610 0.1540508866 -0.8103511333 0.0300015025 0.9855958223 0.1664354056 0.8243182302 0.0697793737 -0.5618098378
17.3 -201.1 2111.9 0 0 0 0 0 0 0 0 0
61.8 -323.4 2219.4 0 0 0 0 0 0 0 0 0
-254.5 -903.6 2198.1 0 0 0 0 0 0 0 0 0
-200.6 -964.0 2344.9 0 0 0 0 0 0 0 0 0
90.9 293.8 2260.7 69 0.4481869042 0.6167451739 -0.6471119523 -0.3340285420 0.7869935632 0.5187158585 0.8291884065 -0.0163277909 0.5587306619
-30.9 138.4 2263.9 0.4481869042 0.6167451739 -0.6471119523 -0.3340285420 0.7869935632 0.5187158585 0.8291884065 -0.0163277909 0.5587306619
-144.6 -18.6 2269.2 0.4662354290 0.5866679549 -0.6621519923 -0.3100866377 0.8093701005 0.4987648427 0.8285353184 -0.0272173714 0.5592749119
-94.4 180.7 2151.0 0.4125225842 0.4228418767 -0.8068642020 0.8259635568 0.1999488622 0.5270717740 0.3841996193 -0.8838694692 -0.2667685449
-197.8 -26.3 2054.7 -0.7083257437 0.4228418767 -0.5652251244 0.6812818050 0.1999488622 -0.7041843534 -0.1847425103 -0.8838694692 -0.4297033846
32.6 96.2 2376.9 -0.1838999540 0.8190229535 -0.5434907675 -0.9828866720 -0.1592452377 0.0926001146 -0.0107066985 0.5512189865 0.8342919350
-9.2 -127.4 2374.4 0.2443326116 0.8190229535 -0.5191367865 -0.7724475861 -0.1592452377 -0.6147891283 -0.5861964822 0.5512189865 0.5937435031
-295.8 -159.4 2196.3 0.4755764604 -0.2481200993 -0.8439570069 0.1088772938 0.9686227441 -0.2234181315 0.8729104996 0.0143646458 0.4876688421
-199.5 -535.4 2190.7 0.4565192163 0.1524597406 -0.8765535951 -0.0570514426 0.9881974459 0.1421650201 0.8878824711 -0.0148924133 0.4598291814
-205.4 -215.5 2340.6 -0.5827996731 -0.1287247092 -0.8023555875 -0.0002247326 0.9873992801 -0.1582486778 0.8126158714 -0.0920469612 -0.5754848719
-155.4 -599.5 2376.4 -0.5793364644 0.1078963801 -0.8079156280 0.0350472406 0.9935806394 0.1075602546 0.8143346906 0.0339983627 -0.5793989301
-1.1 -215.5 2106.0 0 0 0 0 0 0 0 0 0
52.7 -323.2 2225.9 0 0 0 0 0 0 0 0 0
-256.4 -904.3 2196.2 0 0 0 0 0 0 0 0 0
-195.6 -969.7 2363.7 0 0 0 0 0 0 0 0 0
87.9 291.4 2270.8 70 0.4123912752 0.6117827892 -0.6750224233 -0.3350550830 0.7908838391 0.5120946169 0.8471549749 0.0149863260 0.5311344862
-32.6 135.5 2267.9 0.4123912752 0.6117827892 -0.6750224233 -0.3350550830 0.7908838391 0.5120946169 0.8471549749 0.0149863260 0.5311344862
-146.1 -21.8 2266.8 0.4275392294 0.5858170390 -0.6884973645 -0.3148007691 0.8104246855 0.4940772653 0.8474141359 0.0055021043 0.5309039950
-90.9 178.5 2152.4 0.3899593055 0.4328471422 -0.8127577305 0.8388270736 0.1971314549 0.5074528456 0.3798696101 -0.8796491027 -0.2862106264
-189.9 -34.5 2055.9 -0.6933858395 0.4328471422 -0.5760723948 0.6963776350 0.1971314549 -0.6900705695 -0.1851330847 -0.8796491027 -0.4381132126
25.6 92.5 2383.4 -0.1808778048 0.7926334143 -0.5822503567 -0.9831747413 -0.1610799730 0.0861435607 -0.0255085994 0.5880352855 0.8084329367
-15.5 -131.2 2377.6 0.2732428908 0.7926334143 -0.5450417995 -0.7683403492 -0.1610799730 -0.6194403768 -0.5787844658 0.5880352855 0.5649982691
-300.0 -147.9 2200.4 0.4376358390 -0.2675739229 -0.8584166169 0.0904233232 0.9629525542 -0.2540590465 0.8945940733 0.0335644633 0.4456174672
-196.2 -521.6 2187.3 0.4204999804 0.1575144380 -0.8935149312 -0.0404558778 0.9870902896 0.1549714059 0.9063901305 -0.0290175434 0.4214438200
-214.4 -204.9 2347.0 -0.6167863607 -0.1574013978 -0.7712324262 -0.0299621895 0.9837870598 -0.1768198460 0.7865601778 -0.0859522596 -0.6115025282
-153.2 -587.0 2380.4 -0.6065233946 0.1389988214 -0.7828209996 0.0619371273 0.9898674488 0.1277739108 0.7926494479 0.0290121827 -0.6089869738
3.1 -228.4 2107.5 0 0 0 0 0 0 0 0 0
53.8 -326.0 2230.9 0 0 0 0 0 0 0 0 0
-255.0 -890.0 2198.2 0 0 0 0 0 0 0 0 0
-205.0 -956.0 2369.6 0 0 0 0 0 0 0 0 0
91.6 288.4 2268.4 71 0.4028668404 0.6316956878 -0.6623132825 -0.3395710588 0.7751484513 0.5327630043 0.8499351740 0.0102698673 0.5267871618
-32.8 135.7 2266.4 0.4028668404 0.6316956878 -0.6623132825 -0.3395710588 0.7751484513 0.5327630043 0.8499351740 0.0102698673 0.5267871618
-148.6 -19.9 2265.1 0.4188375771 0.5974996090 -0.6837903857 -0.3190814853 0.8018421531 0.5052090287 0.8501541615 0.0065843244 0.5264927149
-89.9 179.3 2150.4 0.3469014764 0.4290532172 -0.8340100050 0.8653714061 0.1964620948 0.4610151947 0.3616513908 -0.8816552758 -0.3031373918
-181.1 -48.2 2055.3 -0.7187650800 0.4290532172 -0.5470741391 0.6654106379 0.1964620948 -0.7201606035 -0.2015078962 -0.8816552758 -0.4267066717
24.4 92.1 2382.4 -0.1950927079 0.7873909473 -0.5847686529 -0.9804841280 -0.1713382155 0.0964059085 -0.0242840741 0.5921644568 0.8054511547
-20.0 -131.0 2376.9 0.2650108933 0.7873909473 -0.5565831065 -0.7732211947 -0.1713382155 -0.6105507016 -0.5761060119 0.5921644568 0.5634208918
-297.8 -150.9 2190.0 0.4294331968 -0.2722021341 -0.8610999584 0.1049898714 0.9620771408 -0.2517632544 0.8969750404 0.0177087244 0.4417263269
-192.2 -524.2 2183.1 0.4111170769 0.1750475764 -0.8946178555 -0.0152455550 0.9825728536 0.1852515042 0.9114550352 -0.0625211075 0.4066211879
-220.3 -208.0 2340.7 -0.6187248826 -0.1782828867 -0.7651109099 -0.0327627510 0.9789180160 -0.2016089410 0.7849242687 -0.0996733382 -0.6115219593
-151.0 -588.0 2379.4 -0.6014628410 0.1666999906 -0.7813152671 0.1044512391 0.9860016704 0.1299640834 0.7920431495 -0.0034407824 -0.6104553938
19.1 -233.6 2111.4 0 0 0 0 0 0 0 0 0
47.2 -327.1 2230.7 0 0 0 0 0 0 0 0 0
-257.5 -890.7 2206.4 0 0 0 0 0 0 0 0 0
-213.2 -955.5 2380.7 0 0 0 0 0 0 0 0 0
90.6 286.3 2279.2 72 0.3755199313 0.6251653433 -0.6842171550 -0.3469122350 0.7793912888 0.5217289925 0.8594397306 0.0414436385 0.5095544457
-31.8 133.7 2271.1 0.3755199313 0.6251653433 -0.6842171550 -0.3469122350 0.7793912888 0.5217289925 0.8594397306 0.0414436385 0.5095544457
-147.7 -21.8 2265.7 0.3937414587 0.5975456834 -0.6985033154 -0.3233550489 0.8013558984 0.5032595396 0.8604702950 0.0277104117 0.5087464452
-85.5 177.9 2153.6 0.3396521211 0.4426326454 -0.8298872113 0.8622691631 0.2058807909 0.4627148211 0.3756705225 -0.8727481961 -0.3117406368
-176.8 -53.8 2052.7 -0.7270758748 0.4426326454 -0.5248208642 0.6520457864 0.2058807909 -0.7296912670 -0.2149346471 -0.8727481961 -0.4383077323
21.9 89.6 2388.5 -0.1947946399 0.7697173953 -0.6079393029 -0.9802367091 -0.1745790541 0.0930492878 -0.0345118158 0.6140499115 0.7885122895
-22.4 -133.5 2380.7 0.2812892795 0.7697173953 -0.5730719566 -0.7707215548 -0.1745790541 -0.6127890944 -0.5717207789 0.6140499115 0.5441305637
-302.0 -146.9 2187.7 0.4028632641 -0.2917565107 -0.8675132990 0.1017343104 0.9562333226 -0.2743499875 0.9095885158 0.0222696718 0.4149129391
-188.7 -518.0 2179.1 0.3859896660 0.1842716038 -0.9039114714 0.0011893463 0.9797463417 0.2002391964 0.9225023389 -0.0783653259 0.3779527843
-226.4 -204.5 2339.5 -0.6398875713 -0.2031312138 -0.7411353588 -0.0433076434 0.9724310637 -0.2291336954 0.7672472596 -0.1145229712 -0.6310436726
-147.6 -581.8 2384.0 -0.6204383969 0.1815719604 -0.7629467845 0.0967715457 0.9831200838 0.1552745849 0.7782618403 0.0225067735 -0.6275364161
25.9 -235.6 2112.6 0 0 0 0 0 0 0 0 0
49.0 -329.1 2235.6 0 0 0 0 0 0 0 0 0
-257.5 -883.6 2208.3 0 0 0 0 0 0 0 0 0
-215.3 -948.4 2375.6 0 0 0 0 0 0 0 0 0
93.6 283.8 2265.6 73 0.4064429998 0.6341083646 -0.6578074694 -0.3440545797 0.7731822133 0.5327435732 0.8464221954 0.0097917709 0.5324223638
-31.6 131.2 2263.6 0.4064429998 0.6341083646 -0.6578074694 -0.3440545797 0.7731822133 0.5327435732 0.8464221954 0.0097917709 0.5324223638
-148.5 -23.7 2261.9 0.4198520780 0.6029999852 -0.6783179641 -0.3270278275 0.7976894379 0.5066995025 0.8466268778 0.0090900287 0.5321093202
-88.9 175.8 2148.1 0.3229041994 0.4407316446 -0.8375490904 0.8718076348 0.2059136331 0.4444670975 0.3683534861 -0.8737019897 -0.3177428544
-173.8 -53.4 2051.2 -0.7296981812 0.4407316446 -0.5227773786 0.6490475535 0.2059136331 -0.7323502302 -0.2151229382 -0.8737019897 -0.4363105893
25.7 86.5 2379.2 -0.2017877698 0.7884579301 -0.5810471773 -0.9789927006 -0.1800815314 0.0956239924 -0.0292403735 0.5881366730 0.8082327843
-20.2 -136.3 2372.5 0.2576210797 0.7884579301 -0.5585387349 -0.7715887427 -0.1800815314 -0.6100995541 -0.5816203356 0.5881366730 0.5619724393
-298.8 -148.4 2183.3 0.4287663996 -0.2865585089 -0.8567634225 0.1126883700 0.9579181075 -0.2639965713 0.8963596821 0.0166455805 0.4430149198
-187.6 -520.2 2176.8 0.4093512297 0.1915280223 -0.8920474052 -0.0004725073 0.9777625203 0.2097147405 0.9123767614 -0.0854254887 0.4003387690
-228.0 -206.5 2337.1 -0.6151656508 -0.2128931135 -0.7591098547 -0.0377575457 0.9697018266 -0.2413559854 0.7874932289 -0.1198117882 -0.6045656204
-145.4 -582.8 2383.6 -0.5922371745 0.1977509856 -0.7811207771 0.1102070957 0.9801861048 0.1645891815 0.7981914282 0.0113907848 -0.6022962332
29.8 -234.5 2111.3 0 0 0 0 0 0 0 0 0
45.2 -332.1 2225.0 0 0 0 0 0 0 0 0 0
-259.0 -885.1 2208.7 0 0 0 0 0 0 0 0 0
-219.2 -948.5 2379.4 0 0 0 0 0 0 0 0 0
96.7 285.1 2258.3 74 0.3857781589 0.6444066167 -0.6602388620 -0.3082269430 0.7645380497 0.5661075115 0.8695811629 -0.0148885092 0.4935655594
-31.0 133.6 2261.2 0.3857781589 0.6444066167 -0.6602388620 -0.3082269430 0.7645380497 0.5661075115 0.8695811629 -0.0148885092 0.4935655594
-149.1 -20.2 2264.4 0.4006925225 0.6087711453 -0.6847212315 -0.2896881700 0.7931786776 0.5356755853 0.8692101240 -0.0162855461 0.4941745996
-85.7 173.1 2142.7 0.3248926401 0.4296285510 -0.8425343037 0.8778885603 0.1943742484 0.4376417994 0.3517903686 -0.8818378448 -0.3140152097
-169.7 -53.9 2051.7 -0.7311319113 0.4296285510 -0.5299674273 0.6480116844 0.1943742484 -0.7364099026 -0.2133706957 -0.8818378448 -0.4205175042
23.7 94.1 2379.8 -0.2093097419 0.7750297785 -0.5962535739 -0.9777697325 -0.1580990404 0.1377354860 0.0124819903 0.6118280292 0.7908923030
-23.9 -128.2 2382.6 0.2629709840 0.7750297785 -0.5746086836 -0.7996904850 -0.1580990404 -0.5792234540 -0.5397605300 0.6118280292 0.5782084465
-303.0 -149.2 2184.4 0.4255461097 -0.2986039519 -0.8542518020 0.1069210172 0.9539692402 -0.2801974118 0.8985980153 0.0278994478 0.4378849268
-187.1 -519.5 2173.5 0.4091249704 0.1844541430 -0.8936405778 0.0089352131 0.9784985185 0.2060601711 0.9124346375 -0.0922892243 0.3986800313
-227.7 -207.9 2335.8 -0.6189642549 -0.2252010107 -0.7524411678 -0.0496712811 0.9673182964 -0.2486524135 0.7838469148 -0.1165322438 -0.6099215150
-140.3 -583.4 2381.1 -0.5874710083 0.2218820602 -0.7782327533 0.1384543329 0.9750560522 0.1734822243 0.7973131537 -0.0058339210 -0.6035376787
34.4 -234.8 2111.2 0 0 0 0 0 0 0 0 0
42.8 -330.9 2245.8 0 0 0 0 0 0 0 0 0
-256.0 -884.7 2208.0 0 0 0 0 0 0 0 0 0
-223.1 -947.1 2383.2 0 0 0 0 0 0 0 0 0
96.7 284.0 2256.6 75 0.3727412522 0.6468530297 -0.6653158069 -0.2807712257 0.7619960308 0.5835491419 0.8844385147 -0.0307113044 0.4656450748
-31.4 133.2 2262.7 0.3727412522 0.6468530297 -0.6653158069 -0.2807712257 0.7619960308 0.5835491419 0.8844385147 -0.0307113044 0.4656450748
-149.5 -20.6 2269.5 0.3894447684 0.6087293029 -0.6912173629 -0.2600897253 0.7926059365 0.5514790416 0.8835644126 -0.0349921025 0.4670004547
-84.5 168.7 2142.2 0.3160274923 0.4291554689 -0.8461396098 0.8813881278 0.1972544044 0.4292384684 0.3511148095 -0.8814285398 -0.3159147203
-165.5 -57.1 2052.2 -0.7433378696 0.4291554689 -0.5131027102 0.6314940453 0.1972544044 -0.7498706579 -0.2205993086 -0.8814285398 -0.4176357985
21.8 97.7 2383.2 -0.2092407644 0.7670294046 -0.6065345407 -0.9769351482 -0.1369403750 0.1638445258 0.0426144972 0.6268278956 0.7779915333
-25.8 -124.4 2392.9 0.2702746987 0.7670294046 -0.5819084644 -0.8170887232 -0.1369403750 -0.5600119829 -0.5092324018 0.6268278956 0.5897195339
-303.2 -148.2 2189.7 0.2812840641 -0.3022877872 -0.9107696414 0.0465542376 0.9522706270 -0.3016842008 0.9584946632 0.0424587689 0.2819313109
-185.8 -517.8 2173.3 0.2812840641 0.1979855895 -0.9389786720 0.0465542376 0.9745180011 0.2194250971 0.9584946632 -0.1054342166 0.2648993134
-231.3 -200.0 2345.2 -0.6193042994 -0.2309299409 -0.7504222393 -0.0652564019 0.9676002860 -0.2439084202 0.7824345231 -0.1020836756 -0.6143086553
-141.7 -575.6 2384.8 -0.5914983749 0.2075458765 -0.7791369557 0.1137615368 0.9781193733 0.1741861552 0.7982405424 0.0143950181 -0.6021667719
42.0 -233.4 2113.8 0 0 0 0 0 0 0 0 0
42.7 -331.6 2263.8 0 0 0 0 0 0 0 0 0
-259.7 -881.5 2212.6 0 0 0 0 0 0 0 0 0
-219.1 -940.5 2379.4 0 0 0 0 0 0 0 0 0
96.5 285.6 2255.3 76 0.3782429099 0.6438536048 -0.6651201844 -0.2748834789 0.7642115951 0.5834549665 0.8839521408 -0.0378571525 0.4660423398
-31.3 133.9 2262.8 0.3782429099 0.6438536048 -0.6651201844 -0.2748834789 0.7642115951 0.5834549665 0.8839521408 -0.0378571525 0.4660423398
-149.8 -19.6 2271.5 0.3946064413 0.6103298068 -0.6868648529 -0.2545939088 0.7908838391 0.5564932227 0.8828746676 -0.0447241999 0.4674741030
-85.2 168.6 2142.3 0.3140736520 0.4103241563 -0.8561494350 0.8844246864 0.2014182955 0.4209794104 0.3451821804 -0.8894182444 -0.2996406257
-165.7 -58.0 2053.8 -0.7607803345 0.4103241563 -0.5028392673 0.6133832932 0.2014182955 -0.7636697888 -0.2120711356 -0.8894182444 -0.4049210548
22.6 99.1 2383.3 -0.2109371722 0.7709628940 -0.6009340286 -0.9761632085 -0.1340049654 0.1707279831 0.0510968044 0.6226225495 0.7808522582
-25.4 -123.0 2395.0 0.2651237547 0.7709628940 -0.5790730119 -0.8213509321 -0.1340049654 -0.5544594526 -0.5050663352 0.6226225495 0.5977032185
-302.6 -151.0 2197.2 0.2933800220 -0.2925131619 -0.9101451635 0.0343890637 0.9546517134 -0.2957320809 0.9553771615 0.0554628484 0.2901349962
-189.1 -521.6 2175.7 0.2933868170 0.1811076254 -0.9386821389 0.0344257206 0.9792531729 0.1996951401 0.9553737640 -0.0909027308 0.2810651958
-232.8 -197.6 2355.3 -0.6079409122 -0.2366123348 -0.7579066157 -0.0846334547 0.9684368372 -0.2344509959 0.7894586921 -0.0783880949 -0.6087777019
-141.0 -573.4 2385.7 -0.5778462887 0.2116984278 -0.7882115841 0.1069885045 0.9770876169 0.1839924753 0.8091026545 0.0219897926 -0.5872557163
46.6 -229.2 2113.0 0 0 0 0 0 0 0 0 0
41.8 -331.3 2266.8 0 0 0 0 0 0 0 0 0
-256.6 -887.0 2209.6 0 0 0 0 0 0 0 0 0
-220.0 -938.0 2377.5 0 0 0 0 0 0 0 0 0
93.3 290.1 2254.1 77 0.4438759089 0.6203743815 -0.6466140747 -0.3074677885 0.7832308412 0.5403823256 0.8416874409 -0.0410496853 0.5384024382
-30.0 134.4 2262.3 0.4438759089 0.6203743815 -0.6466140747 -0.3074677885 0.7832308412 0.5403823256 0.8416874409 -0.0410496853 0.5384024382
-144.9 -21.7 2272.1 0.4605519474 0.5922409892 -0.6611675024 -0.2856381834 0.8041296601 0.5213313103 0.8404181600 -0.0512454547 0.5395101309
-92.7 173.2 2147.9 0.2846288383 0.4112511873 -0.8659439087 0.8896442056 0.2231710851 0.3984065950 0.3570988178 -0.8837800026 -0.3023463190
-166.2 -56.3 2055.8 -0.7688729167 0.4112511873 -0.4895987213 0.6057057381 0.2231710851 -0.7637507319 -0.2048291117 -0.8837800026 -0.4206874073
32.7 95.6 2376.7 -0.1913975179 0.8152048588 -0.5466333032 -0.9813032150 -0.1474303305 0.1237266064 0.0202722084 0.5600939989 0.8281809688
-10.8 -127.6 2381.3 0.2407178879 0.8152048588 -0.5267788172 -0.7933280468 -0.1474303305 -0.5906732678 -0.5591829419 0.5600939989 0.6112357378
-303.6 -150.3 2201.1 0.3454391360 -0.2901431322 -0.8924621940 0.0439961068 0.9549663067 -0.2934342325 0.9374092817 0.0620988011 0.3426479101
-191.0 -521.0 2177.0 0.3412591517 0.1706203371 -0.9243543148 0.0193265211 0.9819062948 0.1883785576 0.9397705197 -0.0821504593 0.3317870200
-232.9 -195.8 2359.2 -0.5624306202 -0.2373530567 -0.7920450568 -0.0785457715 0.9689180255 -0.2345814854 0.8231053352 -0.0697240233 -0.5635921955
-140.8 -571.9 2386.2 -0.5327656269 0.2125718445 -0.8191300631 0.0998398140 0.9769665599 0.1885956675 0.8403527737 0.0186954904 -0.5417172909
48.5 -225.3 2113.0 0 0 0 0 0 0 0 0 0
50.1 -328.4 2239.7 0 0 0 0 0 0 0 0 0
-254.7 -887.4 2207.7 0 0 0 0 0 0 0 0 0
-220.1 -936.6 2379.3 0 0 0 0 0 0 0 0 0
90.7 290.6 2260.1 78 0.4076904953 0.6142235994 -0.6756610274 -0.2852323949 0.7885850072 0.5447716713 0.8674277663 -0.0293778405 0.4966950715
-31.1 134.2 2265.9 0.4076904953 0.6142235994 -0.6756610274 -0.2852323949 0.7885850072 0.5447716713 0.8674277663 -0.0293778405 0.4966950715
-145.7 -22.3 2273.8 0.4226742089 0.5904332399 -0.6875573397 -0.2653982043 0.8060378432 0.5290243030 0.8665508032 -0.0411284603 0.4973913431
-88.7 170.3 2147.9 0.2999758422 0.4105601311 -0.8610777259 0.8850880861 0.2169349492 0.4117745459 0.3558560610 -0.8856520653 -0.2983066440
-165.5 -56.3 2056.7 -0.7775537372 0.4105601311 -0.4762882888 0.5906357765 0.2169349492 -0.7772313952 -0.2157766372 -0.8856520653 -0.4111700952
26.4 98.1 2383.9 -0.1874960214 0.7892871499 -0.5846974254 -0.9817143083 -0.1306398064 0.1384565681 0.0328972340 0.5999658704 0.7993489504
-16.2 -125.2 2391.4 0.2701261938 0.7892871499 -0.5514142513 -0.8035958409 -0.1306398064 -0.5806607604 -0.5303447247 0.5999658704 0.5989786386
-301.0 -152.3 2206.8 0.3136007488 -0.2759691477 -0.9085679054 0.0260890778 0.9589784145 -0.2822759748 0.9491964579 0.0648182631 0.3079361320
-193.8 -524.5 2181.7 0.3130321503 0.1572709680 -0.9366304874 0.0225162059 0.9846880436 0.1728655398 0.9494755864 -0.0752018392 0.3046978414
-218.7 -203.2 2356.8 -0.6001365781 -0.1970461309 -0.7752476335 -0.0606065840 0.9775990248 -0.2015612423 0.7975982428 -0.0739791691 -0.5986352563
-142.3 -582.4 2385.5 -0.5712728500 0.2174969614 -0.7914179564 0.1085791737 0.9758018255 0.1897930056 0.8135464787 0.0224920809 -0.5810647011
51.5 -221.2 2117.0 0 0 0 0 0 0 0 0 0
52.2 -328.8 2257.0 0 0 0 0 0 0 0 0 0
-252.5 -892.0 2209.7 0 0 0 0 0 0 0 0 0
-223.4 -946.6 2377.1 0 0 0 0 0 0 0 0 0
93.3 295.6 2256.5 79 0.4319475889 0.6233906746 -0.6517708898 -0.2992946506 0.7807909846 0.5484415293 0.8507902026 -0.0418264419 0.5238382816
-30.2 141.0 2264.8 0.4319475889 0.6233906746 -0.6517708898 -0.2992946506 0.7807909846 0.5484415293 0.8507902026 -0.0418264419 0.5238382816
-146.7 -13.9 2274.2 0.4446142912 0.6006512046 -0.6644819379 -0.2829565406 0.7980365753 0.5320461988 0.8498551250 -0.0485358499 0.5247766376
-90.8 179.6 2148.9 0.2962731123 0.4039869905 -0.8654575348 0.8881888390 0.2166605890 0.4051897526 0.3512019217 -0.8887366056 -0.2946260273
-168.9 -54.8 2056.2 -0.7908279300 0.4039869905 -0.4597670138 0.5710259676 0.2166605890 -0.7918254733 -0.2202737778 -0.8887366056 -0.4020282924
30.4 102.4 2380.7 -0.2003868818 0.8051696420 -0.5581638813 -0.9793668985 -0.1494011134 0.1360873431 0.0261830855 0.5739173293 0.8184945583
-15.1 -120.5 2386.6 0.2427377254 0.8051696420 -0.5410916805 -0.7999452353 -0.1494011134 -0.5811771750 -0.5487859249 0.5739173293 0.6078263521
-298.0 -155.0 2204.3 0.3319256902 -0.2681545317 -0.9043884277 0.0469032414 0.9622496963 -0.2680963278 0.9421387315 0.0465693101 0.3319727182
-193.9 -528.5 2186.2 0.3237233758 0.1699278057 -0.9307672977 -0.0030066245 0.9839197397 0.1785860062 0.9461470246 -0.0550139956 0.3190287054
-222.4 -202.4 2359.1 -0.5762530565 -0.2000893503 -0.7923992872 -0.0650271028 0.9777184129 -0.1995950490 0.8146802187 -0.0634898245 -0.5764244795
-144.8 -581.8 2383.7 -0.5494140983 0.2069770396 -0.8095089197 0.0996294469 0.9781493545 0.1824768484 0.8295891285 0.0196044259 -0.5580300689
51.8 -214.2 2117.7 0 0 0 0 0 0 0 0 0
46.4 -323.2 2247.5 0 0 0 0 0 0 0 0 0
-257.3 -895.7 2206.7 0 0 0 0 0 0 0 0 0
-222.1 -946.9 2376.4 0 0 0 0 0 0 0 0 0
84.0 296.7 2274.7 80 0.4192238748 0.5988771915 -0.6823469996 -0.3468168676 0.8002194166 0.4892514050 0.8390288353 0.0315435939 0.5431718230
-32.8 140.7 2268.6 0.4192238748 0.5988771915 -0.6823469996 -0.3468168676 0.8002194166 0.4892514050 0.8390288353 0.0315435939 0.5431718230
-145.4 -16.7 2264.7 0.4320675135 0.5815656781 -0.6892743111 -0.3292616308 0.8132620454 0.4797828794 0.8395858407 0.0196529850 0.5428713560
-91.8 185.6 2154.2 0.2983767390 0.4206219018 -0.8567663431 0.8810380697 0.2238521725 0.4167278409 0.3670738637 -0.8791856766 -0.3037916124
-172.0 -51.2 2055.6 -0.7877314091 0.4206219018 -0.4500626922 0.5708567500 0.2238521725 -0.7899447680 -0.2315205634 -0.8791856766 -0.4164502323
26.3 95.8 2382.9 -0.1758561879 0.7950417995 -0.5805024505 -0.9834208488 -0.1683893204 0.0672935769 -0.0442492180 0.5827122331 0.8114730120
-13.6 -127.4 2372.9 0.2760550678 0.7950417995 -0.5400945544 -0.7549768090 -0.1683893204 -0.6337625980 -0.5948139429 0.5827122331 0.5537533760
-302.7 -143.8 2206.8 0.2950392365 -0.2829679549 -0.9126231074 0.0376177356 0.9578406215 -0.2848267555 0.9547443390 0.0497042537 0.2932451665
-192.9 -515.2 2187.6 0.2866387069 0.1663867384 -0.9434795976 -0.0145327058 0.9854449630 0.1693723351 0.9579285383 -0.0348373577 0.2848847210
-223.0 -195.6 2357.1 -0.6071899533 -0.1912377030 -0.7711994052 -0.0655626431 0.9793522358 -0.1912347078 0.7918471098 -0.0655539259 -0.6071909070
-149.0 -574.4 2382.5 -0.5861819386 0.1753914505 -0.7909668684 0.0995814502 0.9844808578 0.1445024759 0.8040362597 0.0059391069 -0.5945506096
47.9 -210.6 2120.2 0 0 0 0 0 0 0 0 0
56.2 -318.4 2222.4 0 0 0 0 0 0 0 0 0
-255.0 -882.9 2200.6 0 0 0 0 0 0 0 0 0
-214.4 -941.7 2380.2 0 0 0 0 0 0 0 0 0
85.8 297.3 2270.4 81 0.4340855181 0.6085745096 -0.6642339826 -0.3469607234 0.7933843732 0.5001594424 0.8313772082 0.0133511266 0.5555481315
-33.7 141.6 2267.7 0.4340855181 0.6085745096 -0.6642339826 -0.3469607234 0.7933843732 0.5001594424 0.8313772082 0.0133511266 0.5555481315
-147.3 -15.4 2266.4 0.4467146993 0.5860245824 -0.6760333776 -0.3300071061 0.8102651834 0.4843197167 0.8315896392 0.0067430860 0.5553496480
-94.7 186.7 2154.3 0.2985925376 0.4321779907 -0.8509199023 0.8792028427 0.2222865969 0.4214154482 0.3712745607 -0.8739627004 -0.3135990202
-174.1 -47.2 2055.5 -0.7806518674 0.4321779907 -0.4514474571 0.5773863792 0.2222865969 -0.7856294513 -0.2391810417 -0.8739627004 -0.4230621457
27.4 96.6 2381.2 -0.1817529947 0.8056577444 -0.5638097525 -0.9825720787 -0.1715106517 0.0716669858 -0.0389603153 0.5670094490 0.8227893710
