38.8 349.8 2214.7 50 0.5026275516 0.4554121792 -0.7348233461 -0.2922963202 0.8894605637 0.3513157368 0.8135898709 0.0382051878 0.5801826715
-50.9 174.6 2207.2 0.5026275516 0.4554121792 -0.7348233461 -0.2922963202 0.8894605637 0.3513157368 0.8135898709 0.0382051878 0.5801826715
-135.6 -0.0 2201.6 0.5116071701 0.4359815717 -0.7403905392 -0.2742749751 0.8994866014 0.3401428163 0.8142673969 0.0290511046 0.5797626376
-120.8 212.0 2096.0 0.1920770407 0.3165781200 -0.9289158583 0.9224801660 0.2647379339 0.2809700072 0.3348682225 -0.9108743668 -0.2411869615
-171.9 -33.3 2006.9 -0.7717818618 0.3165781200 -0.5514807701 0.6301696301 0.2647379339 -0.7299315929 -0.0850824788 -0.9108743668 -0.4038178325
18.9 137.1 2318.4 0.1772530675 0.9374307394 -0.2996748090 -0.9472672939 0.0799107030 -0.3103206754 -0.2669569254 0.3388774395 0.9021618962
60.9 -86.9 2255.3 0.3256215751 0.9374307394 -0.1232649162 -0.5458031893 0.0799107030 -0.8340942264 -0.7720553279 0.3388774395 0.5376733541
-267.3 -142.8 2130.6 0.3582500219 -0.2010922134 -0.9117120504 0.1390346438 0.9771305919 -0.1608887315 0.9232152104 -0.0691211745 0.3780158460
-189.3 -522.1 2157.4 0.3411634564 0.1777984053 -0.9230358601 0.0343421884 0.9789358377 0.2012592703 0.9393764734 -0.1003613770 0.3278711438
-173.3 -192.6 2274.7 0.0306170210 -0.1065894142 -0.9938316345 0.1519406736 0.9832389951 -0.1007725000 0.9879152775 -0.1479180902 0.0462991185
-132.0 -573.7 2332.1 0.0335674323 0.2435234785 -0.9693139791 0.1635188162 0.9554533958 0.2457039207 0.9859690070 -0.1667487174 -0.0077485531
44.3 -209.9 2030.7 0 0 0 0 0 0 0 0 0
143.9 -226.2 2058.4 0 0 0 0 0 0 0 0 0
-255.7 -887.4 2194.9 0 0 0 0 0 0 0 0 0
-222.6 -929.2 2394.1 0 0 0 0 0 0 0 0 0
38.2 347.6 2212.9 51 0.4940572977 0.4599706829 -0.7377902269 -0.2886861861 0.8872354627 0.3598242402 0.8201022148 0.0352160446 0.5711323619
-52.2 173.2 2205.9 0.4940572977 0.4599706829 -0.7377902269 -0.2886861861 0.8872354627 0.3598242402 0.8201022148 0.0352160446 0.5711323619
-138.2 -0.7 2201.2 0.5030487180 0.4431540370 -0.7419949174 -0.2709312141 0.8961188197 0.3515214026 0.8206937313 0.0241971724 0.5708557367
-120.9 210.2 2093.8 0.1897947639 0.3191065490 -0.9285197854 0.9285733104 0.2488783598 0.2753383219 0.3189507425 -0.9144564271 -0.2490780205
-171.2 -35.9 2009.3 -0.7717142105 0.3191065490 -0.5501165390 0.6283282042 0.2488783598 -0.7370639443 -0.0982898250 -0.9144564271 -0.3925665915
16.5 136.2 2318.0 0.1888317764 0.9358513951 -0.2975311279 -0.9441635609 0.0897181332 -0.3170264661 -0.2699957192 0.3407827318 0.9005383849
61.9 -90.5 2253.2 0.3309797645 0.9358513951 -0.1209736392 -0.5557617545 0.0897181332 -0.8264862895 -0.7626147866 0.3407827318 0.5498052835
-266.0 -150.1 2123.0 0.3509228230 -0.2001613528 -0.9147614837 0.1513344347 0.9761682153 -0.1555426717 0.9240947366 -0.0838514417 0.3728510141
-188.3 -528.9 2155.6 0.3324749470 0.1939987838 -0.9229435921 0.0498919487 0.9736266732 0.2226248980 0.9417914748 -0.1200646535 0.3140275180
-174.3 -199.2 2268.9 0.0197614636 -0.1090302169 -0.9938420057 0.2035438120 0.9736573100 -0.1027685925 0.9788663983 -0.2002595216 0.0414333194
-132.1 -576.4 2346.5 -0.0038343517 0.2500245869 -0.9682319164 0.1133163348 0.9621111155 0.2479952872 0.9935515523 -0.1087655872 -0.0320209451
45.6 -212.4 2036.9 0 0 0 0 0 0 0 0 0
146.3 -232.2 2058.7 0 0 0 0 0 0 0 0 0
-260.7 -892.2 2200.4 0 0 0 0 0 0 0 0 0
-225.1 -934.3 2386.9 0 0 0 0 0 0 0 0 0
40.7 346.8 2206.9 52 0.5260977149 0.4686650038 -0.7096297145 -0.3032875955 0.8829717040 0.3582981527 0.7945047617 0.0267220419 0.6066696644
-51.8 172.5 2201.6 0.5260977149 0.4686650038 -0.7096297145 -0.3032875955 0.8829717040 0.3582981527 0.7945047617 0.0267220419 0.6066696644
-138.2 -1.3 2197.4 0.5352034569 0.4451399446 -0.7179189920 -0.2855688632 0.8951935172 0.3421680629 0.7949891090 0.0218857881 0.6062287688
-124.8 211.5 2093.1 0.1669455171 0.3239715993 -0.9312204719 0.9371579885 0.2413399667 0.2519721389 0.3063725233 -0.9147663116 -0.2633219361
-169.3 -38.3 2011.5 -0.7716501355 0.3239715993 -0.5473558903 0.6268261075 0.2413399667 -0.7408400774 -0.1079122946 -0.9147663116 -0.3893038929
21.3 133.5 2310.1 0.1731784493 0.9315741062 -0.3196543455 -0.9558378458 0.0807224140 -0.2825914919 -0.2374516428 0.3544764817 0.9044131637
62.0 -91.3 2254.3 0.3357163668 0.9315741062 -0.1395141482 -0.5651825070 0.0807224140 -0.8210070729 -0.7535670400 0.3544764817 0.5536091924
-269.3 -150.4 2123.0 0.3835862875 -0.2051921189 -0.9004209042 0.1561480463 0.9753762484 -0.1557530165 0.9102084041 -0.0808542445 0.4061813056
-189.6 -529.0 2154.4 0.3675631583 0.1749187857 -0.9134006500 0.0561732426 0.9761837721 0.2095467001 0.9283005595 -0.1283303201 0.3489834368
-179.1 -198.9 2270.1 0.0601679347 -0.1265823245 -0.9901296496 0.1802015305 0.9770065546 -0.1139541790 0.9817878008 -0.1715664864 0.0815947950
-130.1 -577.6 2336.6 0.0530270748 0.2575730681 -0.9648026824 0.1537775397 0.9525310993 0.2627488077 0.9866815805 -0.1622977853 0.0109009827
47.0 -214.0 2041.7 0 0 0 0 0 0 0 0 0
147.6 -235.5 2062.1 0 0 0 0 0 0 0 0 0
-254.9 -893.3 2202.3 0 0 0 0 0 0 0 0 0
-225.9 -932.1 2396.9 0 0 0 0 0 0 0 0 0
44.5 347.4 2202.4 53 0.5106834173 0.4723754823 -0.7183758616 -0.2868909836 0.8812812567 0.3755488098 0.8104912043 0.0143090086 0.5855759978
-48.9 173.2 2199.6 0.5106834173 0.4723754823 -0.7183758616 -0.2868909836 0.8812812567 0.3755488098 0.8104912043 0.0143090086 0.5855759978
-135.9 -0.3 2197.5 0.5192997456 0.4481022656 -0.7276896238 -0.2702739537 0.8939148784 0.3575866222 0.8107279539 0.0109809013 0.5853201151
-119.8 210.1 2088.9 0.1865028292 0.2854615450 -0.9400683045 0.9418669939 0.2202366441 0.2537368238 0.2794695795 -0.9327419400 -0.2277920395
-169.1 -39.2 2015.0 -0.7744850516 0.2854615450 -0.5645215511 0.6262784600 0.2202366441 -0.7478442788 -0.0891524479 -0.9327419400 -0.3493483961
22.0 136.3 2310.3 0.1677213609 0.9270704389 -0.3352758884 -0.9561504722 0.0701463744 -0.2843515575 -0.2400955409 0.3682660162 0.8981838822
62.8 -95.9 2252.0 0.3408167362 0.9270704389 -0.1561548561 -0.5668837428 0.0701463744 -0.8208059072 -0.7499911785 0.3682660162 0.5494481921
-272.5 -149.5 2122.0 0.3697951436 -0.2202790678 -0.9026232362 0.1626821607 0.9718320370 -0.1705198586 0.9147601128 -0.0837832838 0.3952142298
-187.0 -526.7 2154.5 0.3495781422 0.1883998364 -0.9177693725 0.0451044105 0.9750534296 0.2173393816 0.9358208776 -0.1173725501 0.3323597014
-176.7 -200.6 2264.3 0.0436074324 -0.1150488555 -0.9924021959 0.1933881044 0.9755311012 -0.1045952663 0.9801527858 -0.1873576492 0.0647894815
-132.1 -579.0 2337.0 0.0345197991 0.2502338588 -0.9675698280 0.1587425172 0.9544831514 0.2525128126 0.9867163897 -0.1623111516 -0.0067741848
47.4 -214.3 2039.9 0 0 0 0 0 0 0 0 0
149.7 -240.6 2060.6 0 0 0 0 0 0 0 0 0
-257.3 -890.6 2198.3 0 0 0 0 0 0 0 0 0
-225.3 -934.7 2397.5 0 0 0 0 0 0 0 0 0
45.8 340.7 2200.2 54 0.5063481927 0.4781704843 -0.7176102400 -0.2868744731 0.8781841993 0.3827473223 0.8132124543 0.0120606571 0.5818418860
-48.4 167.6 2197.8 0.5063481927 0.4781704843 -0.7176102400 -0.2868744731 0.8781841993 0.3827473223 0.8132124543 0.0120606571 0.5818418860
-135.9 -5.6 2196.1 0.5158768892 0.4509358406 -0.7283734679 -0.2687146664 0.8925124407 0.3622347414 0.8134269714 0.0088561103 0.5815995932
-118.8 204.3 2086.7 0.1935072988 0.2771660089 -0.9411343932 0.9425782561 0.2136369944 0.2567206919 0.2722153664 -0.9367701411 -0.2199103236
-168.9 -39.5 2016.3 -0.7747932673 0.2771660089 -0.5682203174 0.6262811422 0.2136369944 -0.7497540712 -0.0864134580 -0.9367701411 -0.3391083479
22.1 130.9 2308.9 0.1710036695 0.9288191199 -0.3287138045 -0.9580996037 0.0789502785 -0.2753398418 -0.2297888845 0.3620246947 0.9034020305
62.4 -94.8 2254.8 0.3394926190 0.9288191199 -0.1484580338 -0.5727858543 0.0789502785 -0.8158941269 -0.7460972667 0.3620246947 0.5588175058
-269.4 -149.6 2122.8 0.3710006773 -0.2093893290 -0.9047179818 0.1488532275 0.9750590920 -0.1646284461 0.9166249037 -0.0735929236 0.3929158449
-188.1 -528.1 2151.3 0.3562382162 0.1828686148 -0.9163260460 0.0630777478 0.9737187028 0.2188449204 0.9322636724 -0.1357607096 0.3353408575
-176.4 -198.0 2267.9 0.0417940393 -0.1244150847 -0.9913496375 0.1917821318 0.9747650623 -0.1142484099 0.9805472493 -0.1853482574 0.0645999610
-128.1 -576.2 2339.8 0.0327683799 0.2617940903 -0.9645673037 0.1590043306 0.9514288902 0.2636298835 0.9867339134 -0.1620091051 -0.0104496125
47.7 -214.6 2040.5 0 0 0 0 0 0 0 0 0
149.0 -241.0 2064.4 0 0 0 0 0 0 0 0 0
-256.3 -891.5 2202.0 0 0 0 0 0 0 0 0 0
-225.8 -931.1 2400.3 0 0 0 0 0 0 0 0 0
51.9 338.1 2193.1 55 0.4972853065 0.5015808344 -0.7079011202 -0.2813559175 0.8650795221 0.4153026044 0.8206986189 -0.0073517174 0.5713140965
-47.1 167.3 2194.5 0.4972853065 0.5015808344 -0.7079011202 -0.2813559175 0.8650795221 0.4153026044 0.8206986189 -0.0073517174 0.5713140965
-138.2 -4.1 2195.5 0.5067881942 0.4688985646 -0.7233946919 -0.2642365396 0.8832368255 0.3873909414 0.8205758929 -0.0051778383 0.5715141296
-116.4 203.4 2082.5 0.1979235262 0.2942784727 -0.9350007772 0.9453291893 0.1949173808 0.2614574134 0.2591891885 -0.9356321096 -0.2396112829
-167.5 -41.0 2015.5 -0.7651301622 0.2942784727 -0.5726918578 0.6346799135 0.1949173808 -0.7477891445 -0.1084306464 -0.9356321096 -0.3359098136
22.1 131.3 2306.6 0.1718124002 0.9321801662 -0.3186230063 -0.9592177868 0.0846083313 -0.2697084248 -0.2244586796 0.3519681096 0.9087005854
63.1 -97.4 2253.1 0.3341624141 0.9321801662 -0.1391963214 -0.5750004053 0.0846083313 -0.8137665391 -0.7467998266 0.3519681096 0.5642768741
-269.7 -154.8 2121.5 0.3706464171 -0.2089529932 -0.9049640298 0.1546284407 0.9746483564 -0.1617116332 0.9158118367 -0.0799953416 0.3935599923
-188.5 -533.1 2152.6 0.3545577526 0.1826793402 -0.9170153141 0.0601443574 0.9742425680 0.2173340470 0.9330977798 -0.1322107613 0.3344381452
-177.3 -202.9 2267.2 0.0424987338 -0.1106530502 -0.9929500222 0.1989052147 0.9748903513 -0.1001272723 0.9790968299 -0.1932476610 0.0634410754
-134.3 -581.3 2342.2 0.0331233442 0.2415673733 -0.9698185921 0.1618156731 0.9562524557 0.2437149286 0.9862649441 -0.1650045067 -0.0074151098
46.5 -218.5 2045.8 0 0 0 0 0 0 0 0 0
148.3 -244.1 2062.6 0 0 0 0 0 0 0 0 0
-256.7 -896.8 2201.9 0 0 0 0 0 0 0 0 0
-224.4 -938.0 2403.8 0 0 0 0 0 0 0 0 0
62.8 333.7 2196.0 56 0.4800072312 0.5238541961 -0.7036830187 -0.2891950309 0.8517854810 0.4368383288 0.8282266259 -0.0061839153 0.5603592396
-41.2 164.6 2197.3 0.4800072312 0.5238541961 -0.7036830187 -0.2891950309 0.8517854810 0.4368383288 0.8282266259 -0.0061839153 0.5603592396
-136.7 -4.3 2198.9 0.4915513992 0.4924248457 -0.7182583213 -0.2696333230 0.8703092337 0.4121403694 0.8280550241 -0.0089218067 0.5605758429
-108.3 201.4 2084.1 0.2243623137 0.3214606047 -0.9199590087 0.9382469654 0.1838582009 0.2930678725 0.2633517981 -0.9289021492 -0.2603586018
-165.3 -37.0 2017.2 -0.7232313156 0.3214606047 -0.6112278700 0.6808757782 0.1838582009 -0.7089459300 -0.1155189350 -0.9289021492 -0.3518467546
26.0 127.8 2310.4 0.1603319496 0.9190019965 -0.3601791263 -0.9583477974 0.0575580038 -0.2797437608 -0.2363538742 0.3900287151 0.8899519444
63.5 -96.5 2255.0 0.3454181850 0.9190019965 -0.1900568455 -0.5944520235 0.0575580038 -0.8020685315 -0.7261632681 0.3900287151 0.5661841631
-274.6 -151.8 2123.0 0.3682765365 -0.2266249657 -0.9016726017 0.1416387707 0.9721916914 -0.1864985973 0.9188638926 -0.0590287410 0.3901342750
-186.6 -529.1 2145.9 0.3596312702 0.1800216883 -0.9155640602 0.0927215144 0.9694615006 0.2270399779 0.9284762144 -0.1665431559 0.3319567740
-183.8 -199.1 2270.0 0.0372185037 -0.1379398108 -0.9897410870 0.2170143276 0.9679063559 -0.1267360449 0.9754586220 -0.2100710720 0.0659589395
-130.3 -574.6 2351.5 0.0109179281 0.2545965612 -0.9669857025 0.1182653755 0.9599270821 0.2540734112 0.9929220080 -0.1171348840 -0.0196295436
36.4 -226.9 2049.4 0 0 0 0 0 0 0 0 0
151.6 -248.2 2069.8 0 0 0 0 0 0 0 0 0
-253.8 -890.7 2208.0 0 0 0 0 0 0 0 0 0
-225.1 -932.4 2395.2 0 0 0 0 0 0 0 0 0
70.6 327.8 2197.5 57 0.4688299596 0.5424830317 -0.6970729232 -0.2948610187 0.8400288820 0.4554211497 0.8326196074 -0.0079754647 0.5537878275
-36.7 161.6 2199.1 0.4688299596 0.5424830317 -0.6970729232 -0.2948610187 0.8400288820 0.4554211497 0.8326196074 -0.0079754647 0.5537878275
-135.7 -5.3 2201.2 0.4813398421 0.5101683736 -0.7127693892 -0.2746575475 0.8600010872 0.4300713837 0.8323912621 -0.0112429913 0.5540744066
-102.5 199.1 2085.4 0.2429345548 0.3325177133 -0.9112709761 0.9332820773 0.1760423183 0.3130393326 0.2645133734 -0.9265209436 -0.2675660551
-163.1 -33.9 2019.3 -0.6959764361 0.3325177133 -0.6364343762 0.7087785602 0.1760423183 -0.6831120253 -0.1151074693 -0.9265209436 -0.3582027256
29.0 124.1 2312.8 0.1511474103 0.9073571563 -0.3922466040 -0.9582652450 0.0370870344 -0.2834648490 -0.2426566035 0.4187212586 0.8750944138
64.2 -99.1 2256.3 0.3556783795 0.9073571563 -0.2240442932 -0.5986380577 0.0370870344 -0.8001606464 -0.7177223563 0.4187212586 0.5563696027
-276.3 -149.0 2126.4 0.3680108488 -0.2342172265 -0.8998390436 0.1307103932 0.9711760879 -0.1993282437 0.9205883145 -0.0442633703 0.3880179524
-185.4 -525.9 2143.6 0.3639068604 0.1668555439 -0.9163683653 0.1062100604 0.9699735045 0.2187941372 0.9253600240 -0.1769482195 0.3352582455
-188.2 -197.2 2274.8 0.0375006385 -0.1533833146 -0.9874549508 0.2130754590 0.9666528702 -0.1420601159 0.9763157964 -0.2050750703 0.0689323172
-128.7 -572.3 2354.4 0.0066285473 0.2577551007 -0.9661875367 0.0984648094 0.9613450766 0.2571387589 0.9951184392 -0.0968399271 -0.0190074854
31.0 -231.6 2051.4 0 0 0 0 0 0 0 0 0
154.9 -251.8 2073.2 0 0 0 0 0 0 0 0 0
-247.7 -887.8 2209.7 0 0 0 0 0 0 0 0 0
-224.8 -930.9 2390.5 0 0 0 0 0 0 0 0 0
79.2 325.9 2191.2 58 0.4905525148 0.5537489653 -0.6728449464 -0.2955945134 0.8320941329 0.4693007767 0.8197451830 -0.0313274041 0.5718710423
-30.7 160.8 2197.4 0.4905525148 0.5537489653 -0.6728449464 -0.2955945134 0.8320941329 0.4693007767 0.8197451830 -0.0313274041 0.5718710423
-133.3 -3.6 2204.8 0.5023556948 0.5291814208 -0.6838170290 -0.2772861421 0.8476755023 0.4522815645 0.8189939857 -0.0375932269 0.5725693107
-99.3 198.7 2085.6 0.2375411093 0.3263040185 -0.9149316549 0.9370994568 0.1710282564 0.3042925000 0.2557710409 -0.9296639562 -0.2651530802
-158.5 -34.9 2021.8 -0.6848754883 0.3263040185 -0.6515145898 0.7206403017 0.1710282564 -0.6718831062 -0.1078107432 -0.9296639562 -0.3522808850
37.9 122.9 2309.3 0.1163177639 0.8982067704 -0.4239042699 -0.9651950598 0.0015666427 -0.2615264058 -0.2342406809 0.4395704567 0.8671269417
65.0 -101.6 2254.8 0.3484344184 0.8982067704 -0.2679889798 -0.6121907830 0.0015666427 -0.7907085419 -0.7097998857 0.4395704567 0.5504198074
-277.9 -147.6 2128.8 0.4008702636 -0.2442885786 -0.8829643726 0.1337331384 0.9690728188 -0.2073965669 0.9063214064 -0.0349424779 0.4211419523
-183.0 -523.7 2142.4 0.3947766125 0.1681095362 -0.9032666087 0.0970023721 0.9699975848 0.2229243368 0.9136421680 -0.1756243110 0.3666253388
-191.6 -196.7 2277.9 0.0804322362 -0.1666590571 -0.9827285409 0.1869768202 0.9709439278 -0.1493572444 0.9790660739 -0.1717343330 0.1092565730
-127.0 -573.4 2344.5 0.0642238185 0.2654707432 -0.9619774222 0.1285526752 0.9537350535 0.2717786431 0.9896208644 -0.1411194354 0.0271255337
32.6 -236.0 2051.9 0 0 0 0 0 0 0 0 0
153.8 -257.8 2073.7 0 0 0 0 0 0 0 0 0
-245.8 -885.7 2207.9 0 0 0 0 0 0 0 0 0
-225.9 -928.8 2397.1 0 0 0 0 0 0 0 0 0
84.0 324.2 2169.6 59 0.5182183385 0.5645323396 -0.6424584985 -0.2705931365 0.8208320141 0.5030051470 0.8113132119 -0.0868216306 0.5781288147
-28.1 161.3 2186.8 0.5182183385 0.5645323396 -0.6424584985 -0.2705931365 0.8208320141 0.5030051470 0.8113132119 -0.0868216306 0.5781288147
-133.2 -0.7 2203.5 0.5260620117 0.5429695845 -0.6545554399 -0.2588633597 0.8353725672 0.4849148989 0.8100916743 -0.0856549218 0.5800126791
-99.9 196.7 2076.3 0.2101263553 0.3011434972 -0.9301395416 0.9538332224 0.1456742585 0.2626426816 0.2145905197 -0.9423861504 -0.2566306591
-151.6 -37.8 2023.5 -0.6786797643 0.3011434972 -0.6698554754 0.7269616723 0.1456742585 -0.6710482240 -0.1045011058 -0.9423861504 -0.3177859485
43.8 125.8 2297.4 0.0916743577 0.8942547441 -0.4380687475 -0.9784049392 -0.0009527831 -0.2066951245 -0.1852554828 0.4475572705 0.8748559356
65.3 -103.9 2253.9 0.3577460945 0.8942547441 -0.2689352334 -0.5993712544 -0.0009527831 -0.8004705906 -0.7160809040 0.4475572705 0.5356497765
-280.9 -143.2 2138.8 0.4415076375 -0.2584670484 -0.8592239618 0.1321149915 0.9659004211 -0.2226702869 0.8874776959 -0.0152057428 0.4605997503
-180.6 -518.0 2144.7 0.4320924580 0.1728795916 -0.8851038218 0.0751589090 0.9711362123 0.2263748497 0.8986919522 -0.1643383056 0.4066272080
-190.9 -192.9 2285.4 0.1258968711 -0.1693427563 -0.9774829745 0.1757021844 0.9735519886 -0.1460318118 0.9763599634 -0.1533609480 0.1523210406
-125.2 -570.7 2344.9 0.1064900458 0.2707307339 -0.9567469358 0.1066373140 0.9535590410 0.2816978395 0.9885789752 -0.1320229471 0.0726745501
37.8 -240.7 2052.7 0 0 0 0 0 0 0 0 0
156.6 -256.8 2071.2 0 0 0 0 0 0 0 0 0
-245.1 -880.5 2206.0 0 0 0 0 0 0 0 0 0
-226.2 -926.3 2394.2 0 0 0 0 0 0 0 0 0
85.7 318.9 2165.3 60 0.5078279376 0.5642434359 -0.6509532332 -0.2414167374 0.8185759783 0.5212017894 0.8269394040 -0.1075298190 0.5519135594
-26.4 156.2 2186.7 0.5078279376 0.5642434359 -0.6509532332 -0.2414167374 0.8185759783 0.5212017894 0.8269394040 -0.1075298190 0.5519135594
-131.7 -5.3 2207.2 0.5150253773 0.5426955819 -0.6634985209 -0.2306763679 0.8332473636 0.5024811029 0.8255527020 -0.1057371050 0.5543305874
-96.8 187.8 2074.0 0.1838912368 0.3145529926 -0.9312574267 0.9617129564 0.1382834017 0.2366134524 0.2032049298 -0.9391134977 -0.2770805657
-140.9 -43.3 2025.2 -0.6719757318 0.3145529926 -0.6704513431 0.7312074304 0.1382834017 -0.6679920554 -0.1174065992 -0.9391134977 -0.3229265809
43.9 124.7 2299.3 0.0917223096 0.8869558573 -0.4526547194 -0.9768382907 -0.0081077116 -0.2138253301 -0.1933236271 0.4617829919 0.8656687737
65.5 -104.6 2253.9 0.3708327711 0.8869558573 -0.2753040493 -0.5834908485 -0.0081077116 -0.8120792508 -0.7225105166 0.4617829919 0.5145240426
-285.5 -139.3 2147.6 0.4404790699 -0.2724835277 -0.8554127216 0.1199188158 0.9621462822 -0.2447324842 0.8897177577 0.0052194549 0.4564812183
-179.7 -512.7 2145.6 0.4332821369 0.1636715829 -0.8862720728 0.0743590593 0.9735271335 0.2161381245 0.8981855512 -0.1595511436 0.4096414447
-191.2 -185.8 2292.6 0.1178107262 -0.1771096438 -0.9771145582 0.1746658683 0.9723222256 -0.1551815271 0.9775543213 -0.1523865163 0.1454849988
-122.5 -563.2 2351.8 0.0897197872 0.2706978321 -0.9584743381 0.0739004463 0.9578932524 0.2774513066 0.9932215810 -0.0957245529 0.0659372881
46.6 -247.4 2057.9 0 0 0 0 0 0 0 0 0
160.0 -253.5 2069.6 0 0 0 0 0 0 0 0 0
-240.8 -876.1 2205.1 0 0 0 0 0 0 0 0 0
-223.5 -920.4 2387.5 0 0 0 0 0 0 0 0 0
88.5 316.6 2170.1 61 0.4936620593 0.5628884435 -0.6629135609 -0.2361133546 0.8203922510 0.5207754374 0.8369876146 -0.1005643159 0.5379019976
-23.3 153.7 2190.1 0.4936620593 0.5628884435 -0.6629135609 -0.2361133546 0.8203922510 0.5207754374 0.8369876146 -0.1005643159 0.5379019976
-128.4 -8.2 2209.7 0.5014332533 0.5418565273 -0.6745043993 -0.2244730890 0.8343778253 0.5034137964 0.8355695605 -0.1010203287 0.5400170088
-91.8 184.4 2076.0 0.1560214162 0.2877911329 -0.9448987246 0.9682760239 0.1444738060 0.2038843632 0.1951892227 -0.9467331171 -0.2561202347
-129.8 -51.7 2028.4 -0.6935101151 0.2877911329 -0.6604695320 0.7131926417 0.1444738060 -0.6859180927 -0.1019805968 -0.9467331171 -0.3054445386
45.2 123.0 2304.2 0.0881748274 0.8746736050 -0.4766249359 -0.9723680615 -0.0282542855 -0.2317370772 -0.2161609977 0.4838882387 0.8480133414
65.8 -104.5 2253.6 0.3834823370 0.8746736050 -0.2964580953 -0.5702391863 -0.0282542855 -0.8209926486 -0.7264768481 0.4838882387 0.4879381359
-283.0 -146.2 2153.8 0.4308037460 -0.2643102109 -0.8628720641 0.1044862643 0.9643268585 -0.2432207167 0.8963764310 0.0146221193 0.4430524111
-180.5 -520.5 2148.1 0.4272678196 0.1676215976 -0.8884510398 0.0834369585 0.9711601734 0.2233520597 0.9002668858 -0.1695608050 0.4009596705
-190.8 -187.6 2301.6 0.1086204499 -0.1606883556 -0.9810101390 0.1330327988 0.9803220034 -0.1458458453 0.9851415753 -0.1146646738 0.1278598458
-128.5 -567.8 2346.0 0.1028109789 0.2369244546 -0.9660727978 0.1093347371 0.9626428485 0.2477188408 0.9886737466 -0.1310935318 0.0730661899
63.7 -250.7 2056.9 0 0 0 0 0 0 0 0 0
163.7 -250.0 2068.3 0 0 0 0 0 0 0 0 0
-243.0 -883.0 2211.4 0 0 0 0 0 0 0 0 0
-216.8 -926.5 2394.9 0 0 0 0 0 0 0 0 0
92.7 318.8 2159.5 62 0.4887735844 0.5775591135 -0.6538546681 -0.1902705878 0.8020102978 0.5661948323 0.8514091372 -0.1523317695 0.5018939376
-22.2 159.3 2189.8 0.4887735844 0.5775591135 -0.6538546681 -0.1902705878 0.8020102978 0.5661948323 0.8514091372 -0.1523317695 0.5018939376
-128.9 -0.3 2217.1 0.4932721555 0.5497568846 -0.6741290092 -0.1837845892 0.8233428597 0.5369634032 0.8502386808 -0.1409745812 0.5071689487
-89.6 184.3 2073.9 0.1288495511 0.2499573082 -0.9596453309 0.9758549333 0.1401463300 0.1675296724 0.1763660312 -0.9580607414 -0.2258642763
-121.4 -56.9 2030.3 -0.7145578861 0.2499573082 -0.6533975005 0.6944118142 0.1401463300 -0.7057982683 -0.0848481804 -0.9580607414 -0.2737159729
45.2 134.2 2305.8 0.0866571143 0.8673986197 -0.4900104105 -0.9714785218 -0.0354015343 -0.2344700545 -0.2207261175 0.4963530898 0.8395913243
66.5 -104.3 2251.6 0.3972499967 0.8673986197 -0.2996866703 -0.5514584184 -0.0354015343 -0.8334508538 -0.7335434556 0.4963530898 0.4642710090
-278.4 -150.0 2154.5 0.4394658804 -0.2466349006 -0.8637366295 0.0929555595 0.9688914418 -0.2293657959 0.8934366107 0.0205093175 0.4487208128
-182.7 -526.0 2146.6 0.4393368363 0.1582381129 -0.8842759132 0.0921625867 0.9712297916 0.2195875645 0.8935822248 -0.1779700518 0.4121133983
-188.6 -190.2 2304.1 0.1103648394 -0.1580033898 -0.9812515378 0.1344126016 0.9805853367 -0.1427782625 0.9847602844 -0.1161348671 0.1294597983
-127.3 -570.7 2349.2 0.0996344686 0.2516306639 -0.9626811147 0.0931714103 0.9608851671 0.2608041763 0.9906523228 -0.1156794429 0.0722924992
77.9 -250.6 2053.9 0 0 0 0 0 0 0 0 0
167.8 -244.9 2064.5 0 0 0 0 0 0 0 0 0
-241.8 -888.5 2213.0 0 0 0 0 0 0 0 0 0
-221.1 -929.0 2392.3 0 0 0 0 0 0 0 0 0
89.4 319.0 2160.3 63 0.4928878546 0.5624021292 -0.6639016271 -0.1784060448 0.8121361136 0.5555233955 0.8516060114 -0.1553666741 0.5006279349
-22.7 157.1 2191.2 0.4928878546 0.5624021292 -0.6639016271 -0.1784060448 0.8121361136 0.5555233955 0.8516060114 -0.1553666741 0.5006279349
-126.9 -3.9 2220.3 0.4991470575 0.5367414951 -0.6802652478 -0.1690530628 0.8302915096 0.5310716629 0.8498666286 -0.1500819176 0.5051753521
-90.9 180.2 2075.2 0.0933634862 0.2558996379 -0.9621843100 0.9793190956 0.1506197751 0.1350845098 0.1794920564 -0.9548974037 -0.2365449965
-113.8 -60.0 2031.2 -0.7219357491 0.2558996379 -0.6429029107 0.6867005825 0.1506197751 -0.7111652493 -0.0851530284 -0.9548974037 -0.2844642401
45.5 134.0 2307.2 0.0841086656 0.8634808064 -0.4973194003 -0.9737501740 -0.0347136930 -0.2249569148 -0.2115097642 0.5031856894 0.8378948569
65.3 -96.1 2257.3 0.4036381543 0.8634808064 -0.3024518192 -0.5506684184 -0.0347136930 -0.8340019584 -0.7306439281 0.5031856894 0.4614798725
-279.8 -143.4 2168.4 0.4522513449 -0.2554249465 -0.8545330763 0.0664009824 0.9650979638 -0.2533315122 0.8894153237 0.0578276813 0.4534273148
-180.7 -517.8 2146.0 0.4552894533 0.1616900861 -0.8755385876 0.0842038542 0.9711443782 0.2231329978 0.8863527775 -0.1753138155 0.4285368621
-191.4 -176.3 2320.5 0.1251690686 -0.1702897400 -0.9774119258 0.0691995025 0.9842590690 -0.1626208574 0.9897192121 -0.0472813174 0.1349827647
-125.5 -557.4 2338.8 0.1356438398 0.2352559865 -0.9624215961 0.1115861014 0.9615913630 0.2507799864 0.9844537973 -0.1414096355 0.1041826457
87.7 -251.7 2055.0 0 0 0 0 0 0 0 0 0
168.3 -236.6 2070.9 0 0 0 0 0 0 0 0 0
-241.1 -880.3 2211.4 0 0 0 0 0 0 0 0 0
-213.2 -916.0 2391.5 0 0 0 0 0 0 0 0 0
86.8 324.6 2173.6 64 0.4918045104 0.5465041399 -0.6778359413 -0.1940452158 0.8277050257 0.5265461206 0.8488078713 -0.1274269223 0.5131155849
-21.7 160.3 2198.9 0.4918045104 0.5465041399 -0.6778359413 -0.1940452158 0.8277050257 0.5265461206 0.8488078713 -0.1274269223 0.5131155849
-123.4 -3.1 2223.4 0.4987049401 0.5241281986 -0.6903499365 -0.1832822412 0.8422178030 0.5070273876 0.8471723795 -0.1263281852 0.5160815716
-89.8 185.3 2083.2 0.0647629201 0.2545989156 -0.9648756981 0.9786319137 0.1728887707 0.1113058925 0.1951545328 -0.9514666796 -0.2379618436
-106.4 -65.6 2033.2 -0.7357180715 0.2545989156 -0.6276132464 0.6731728315 0.1728887707 -0.7189908028 -0.0745469928 -0.9514666796 -0.2985864580
46.5 135.2 2314.6 0.0892969593 0.8689063787 -0.4868549705 -0.9687234759 -0.0378539115 -0.2452384531 -0.2315186262 0.4935269058 0.8383497596
67.8 -96.2 2259.3 0.3994592130 0.8689063787 -0.2922910452 -0.5351582170 -0.0378539115 -0.8439033031 -0.7443373203 0.4935269058 0.4498812854
-275.8 -149.8 2173.4 0.4467775822 -0.2461269051 -0.8601228595 0.0547228493 0.9671304822 -0.2483225316 0.8929698467 0.0638765693 0.4455609918
-180.3 -525.1 2148.6 0.4503440559 0.1700240225 -0.8765169978 0.0745720938 0.9711086750 0.2266868800 0.8897354603 -0.1674508005 0.4246539772
-186.4 -180.1 2325.5 0.1219727248 -0.1524807215 -0.9807508588 0.0369105227 0.9881421328 -0.1490394175 0.9918469191 -0.0180212818 0.1261545271
-127.3 -563.0 2332.5 0.1447816640 0.2271741033 -0.9630317688 0.1310428232 0.9603108764 0.2462331653 0.9807476997 -0.1618484557 0.1092658713
98.9 -253.5 2054.0 0 0 0 0 0 0 0 0 0
169.7 -232.7 2069.4 0 0 0 0 0 0 0 0 0
-243.7 -887.6 2211.1 0 0 0 0 0 0 0 0 0
-212.0 -921.2 2392.9 0 0 0 0 0 0 0 0 0
80.7 321.1 2174.3 65 0.4796846509 0.5360022187 -0.6946972609 -0.1701219827 0.8335204124 0.5256446004 0.8607910275 -0.1339603662 0.4910126925
-25.8 155.5 2200.9 0.4796846509 0.5360022187 -0.6946972609 -0.1701219827 0.8335204124 0.5256446004 0.8607910275 -0.1339603662 0.4910126925
-125.0 -9.2 2227.3 0.4881316423 0.5110366940 -0.7075089812 -0.1565501094 0.8487676978 0.5050598383 0.8586149216 -0.1357750893 0.4943132401
-92.5 176.9 2083.7 0.0564877726 0.2579195499 -0.9645136595 0.9777594209 0.1811444610 0.1057031676 0.2019792199 -0.9490333200 -0.2419508249
-106.3 -62.5 2034.2 -0.7307826877 0.2579195499 -0.6320080161 0.6791158319 0.1811444610 -0.7113286257 -0.0689807981 -0.9490333200 -0.3075344861
40.8 134.1 2318.1 0.1130991057 0.8787335157 -0.4637196958 -0.9654753804 -0.0130308717 -0.2601681054 -0.2346611023 0.4771347344 0.8469218612
67.5 -93.4 2262.8 0.3975304961 0.8787335157 -0.2641909719 -0.5333104134 -0.0130308717 -0.8458192348 -0.7466924191 0.4771347344 0.4634575844
-269.8 -150.0 2172.0 0.4408136010 -0.2344941646 -0.8664270639 0.0442882478 0.9697786570 -0.2399331480 0.8965054154 0.0673932657 0.4378769696
-178.8 -526.4 2145.9 0.4479948282 0.1795686781 -0.8758171797 0.0812755525 0.9673852921 0.2399166375 0.8903341889 -0.1786639392 0.4187890589
-180.4 -182.8 2323.7 0.1058030576 -0.1482165754 -0.9832789898 0.0563321225 0.9881346226 -0.1428870261 0.9927902222 -0.0402723104 0.1128970161
-122.9 -566.0 2339.3 0.1188006997 0.2571962774 -0.9590288997 0.1042879149 0.9572945833 0.2696499527 0.9874261618 -0.1320497245 0.0869048014
97.7 -252.1 2053.5 0 0 0 0 0 0 0 0 0
168.9 -229.5 2072.3 0 0 0 0 0 0 0 0 0
-245.8 -887.5 2212.6 0 0 0 0 0 0 0 0 0
-218.8 -922.9 2388.6 0 0 0 0 0 0 0 0 0
79.0 324.4 2180.1 66 0.5100976825 0.5229108334 -0.6829089522 -0.1916621178 0.8431134820 0.5024194717 0.8384903073 -0.1253952384 0.5302924514
-24.8 157.0 2205.0 0.5100976825 0.5229108334 -0.6829089522 -0.1916621178 0.8431134820 0.5024194717 0.8384903073 -0.1253952384 0.5302924514
-121.9 -9.1 2230.0 0.5187460184 0.5001553297 -0.6933593154 -0.1772962213 0.8563193083 0.4850601256 0.8363423944 -0.1286930144 0.5328878760
-95.6 181.2 2090.9 0.0385947675 0.2392212749 -0.9701977372 0.9762133956 0.1982730627 0.0877221823 0.2133490890 -0.9505056739 -0.2258787006
-105.4 -67.3 2036.6 -0.7457767129 0.2392212749 -0.6217638850 0.6643836498 0.1982730627 -0.7206123471 -0.0491067730 -0.9505056739 -0.3068021238
46.0 132.9 2319.1 0.0916037634 0.8706912398 -0.4832241237 -0.9634795785 -0.0451248549 -0.2639524043 -0.2516264617 0.4897556007 0.8347595930
67.6 -94.4 2259.8 0.3961270154 0.8706912398 -0.2915136516 -0.5258716941 -0.0451248549 -0.8493660688 -0.7526900768 0.4897556007 0.4399966896
-267.9 -159.8 2176.8 0.4667006433 -0.2265453339 -0.8549080491 0.0415241569 0.9711831808 -0.2346891761 0.8834400177 0.0740302503 0.4626589119
-180.0 -536.8 2148.0 0.4763694406 0.1843649894 -0.8596985936 0.0890911147 0.9626151919 0.2558022141 0.8747199178 -0.1984478682 0.4421351850
-180.5 -187.8 2330.5 0.1343275309 -0.1393045783 -0.9810965061 0.0655925795 0.9891481400 -0.1314671487 0.9887637496 -0.0466929935 0.1420071721
-126.4 -571.6 2348.6 0.1357003599 0.2470266670 -0.9594598413 0.0709401220 0.9635095000 0.2581026554 0.9882069230 -0.1030888185 0.1132244840
102.7 -252.7 2050.3 0 0 0 0 0 0 0 0 0
168.7 -228.6 2067.7 0 0 0 0 0 0 0 0 0
-248.8 -896.0 2222.1 0 0 0 0 0 0 0 0 0
-218.5 -930.9 2387.1 0 0 0 0 0 0 0 0 0
76.0 329.6 2195.5 67 0.5102849603 0.5065053701 -0.6950263381 -0.2246652842 0.8586122394 0.4607716501 0.8301414251 -0.0789765418 0.5519310832
-24.0 160.0 2211.1 0.5102849603 0.5065053701 -0.6950263381 -0.2246652842 0.8586122394 0.4607716501 0.8301414251 -0.0789765418 0.5519310832
-118.3 -8.5 2228.2 0.5206600428 0.4855965674 -0.7022172809 -0.2065910399 0.8697109222 0.4482443929 0.8283919692 -0.0883111283 0.5531436205
-95.2 188.2 2098.1 0.0571978614 0.2285809815 -0.9718431830 0.9715905786 0.2111738473 0.1068518385 0.2296521664 -0.9503453970 -0.2100084424
-110.1 -65.1 2038.3 -0.7899165750 0.2285809815 -0.5690189004 0.6108083129 0.2111738473 -0.7630981803 -0.0542678200 -0.9503453970 -0.3064288795
47.1 131.9 2324.2 0.0801809728 0.9012098908 -0.4259011447 -0.9602056146 -0.0448484421 -0.2756697834 -0.2675373256 0.4310561419 0.8617507815
65.6 -89.6 2262.4 0.3085467815 0.9012098908 -0.3043347597 -0.6320630312 -0.0448484421 -0.7736180425 -0.7108411789 0.4310561419 0.5557836294
-265.4 -159.4 2180.1 0.4605772197 -0.2127622664 -0.8617429137 0.0269460436 0.9737510681 -0.2260149270 0.8872105479 0.0808767602 0.4542206526
-182.9 -537.4 2148.7 0.4739611149 0.1637659818 -0.8651829958 0.0985702500 0.9665099382 0.2369440049 0.8750113249 -0.1975835413 0.4419456720
-172.6 -191.1 2329.7 0.1235675961 -0.1179699898 -0.9852989912 0.0830023736 0.9906578064 -0.1082021669 0.9888587594 -0.0684118792 0.1322049946
-126.8 -575.4 2356.3 0.1109268367 0.2590448856 -0.9594743252 0.0355130993 0.9637826681 0.2643138170 0.9931938648 -0.0633933991 0.0977098718
109.9 -235.2 2053.4 0 0 0 0 0 0 0 0 0
143.5 -249.2 2082.9 0 0 0 0 0 0 0 0 0
-244.0 -898.1 2222.4 0 0 0 0 0 0 0 0 0
-223.4 -934.7 2379.9 0 0 0 0 0 0 0 0 0
73.8 330.8 2203.8 68 0.5080945492 0.4991922379 -0.7018882036 -0.2375213653 0.8645255566 0.4429211617 0.8279030919 -0.0583323836 0.5578295588
-25.3 159.3 2215.3 0.5080945492 0.4991922379 -0.7018882036 -0.2375213653 0.8645255566 0.4429211617 0.8279030919 -0.0583323836 0.5578295588
-118.3 -10.4 2228.4 0.5179947615 0.4790425897 -0.7086604238 -0.2199144065 0.8752042651 0.4308771491 0.8266311288 -0.0673474744 0.5586996078
-96.1 189.3 2102.5 0.1019899175 0.2245402783 -0.9691128731 0.9638614655 0.2187081277 0.1521112174 0.2461079508 -0.9496043324 -0.1941196918
-122.3 -58.4 2039.2 -0.8094656467 0.2245402783 -0.5425375700 0.5844130516 0.2187081277 -0.7814269662 -0.0568044484 -0.9496043324 -0.3082609773
45.5 129.3 2328.2 0.0811712220 0.9263255000 -0.3678753376 -0.9565888643 -0.0312506370 -0.2897605300 -0.2799089253 0.3754256666 0.8835760355
63.9 -87.8 2264.7 0.2554740906 0.9263255000 -0.2768646181 -0.6802836061 -0.0312506370 -0.7322824597 -0.6869841218 0.3754256666 0.6221803427
-259.2 -158.7 2171.2 0.4469589889 -0.1951957047 -0.8729984164 0.0529508851 0.9799648523 -0.1920027137 0.8929859400 0.0395912975 0.4483399093
-183.5 -538.7 2155.8 0.4508520365 0.1645939946 -0.8772919774 0.0752683952 0.9723404050 0.2211080194 0.8894195557 -0.1657193601 0.4259929359
-165.9 -195.6 2319.4 0.1141887978 -0.0931324735 -0.9890840650 0.0954429805 0.9920194149 -0.0823900700 0.9888637662 -0.0849931091 0.1221663430
-129.7 -580.4 2352.4 0.1060814634 0.2457304448 -0.9635161161 0.0633985549 0.9653406739 0.2531758547 0.9923343062 -0.0879427940 0.0868257955
103.3 -221.3 2055.1 0 0 0 0 0 0 0 0 0
128.6 -260.0 2090.8 0 0 0 0 0 0 0 0 0
-244.9 -901.4 2217.6 0 0 0 0 0 0 0 0 0
-221.4 -940.4 2385.1 0 0 0 0 0 0 0 0 0
72.1 333.7 2207.4 69 0.5001503229 0.4983985126 -0.7081303000 -0.2383902669 0.8654101491 0.4407213926 0.8324780464 -0.0516155772 0.5516485572
-26.9 161.7 2217.6 0.5001503229 0.4983985126 -0.7081303000 -0.2383902669 0.8654101491 0.4407213926 0.8324780464 -0.0516155772 0.5516485572
-119.7 -8.3 2229.0 0.5093778372 0.4779710770 -0.7155961394 -0.2219287157 0.8763986826 0.4274025857 0.8314335942 -0.0588980764 0.5524935722
-96.5 192.1 2104.1 0.0827072859 0.1817990094 -0.9798513055 0.9683644772 0.2176196426 0.1221142784 0.2354351580 -0.9589529634 -0.1580489725
-118.3 -63.1 2042.0 -0.8228920102 0.1817990094 -0.5383287668 0.5675460100 0.2176196426 -0.7940612435 -0.0272086225 -0.9589529634 -0.2822567523
42.7 131.4 2331.2 0.0904666856 0.8503857255 -0.5183241367 -0.9513524175 -0.0801255852 -0.2975037098 -0.2945239246 0.5200231075 0.8017678261
64.1 -93.4 2261.6 0.3577038646 0.8503857255 -0.3858653903 -0.6367691159 -0.0801255852 -0.7668800354 -0.6830614805 0.5200231075 0.5128381252
-257.6 -160.5 2167.4 0.4346739948 -0.1900809705 -0.8802998066 0.0626529977 0.9814866781 -0.1809932292 0.8984059095 0.0235196277 0.4385358691
-183.9 -541.3 2158.3 0.4373109937 0.1662785709 -0.8838045597 0.0777699649 0.9720842838 0.2213684469 0.8959413767 -0.1655403078 0.4121716619
-164.8 -199.8 2315.4 0.1020423770 -0.0833532289 -0.9912818074 0.1047759950 0.9918412566 -0.0726146549 0.9892468452 -0.0964527652 0.1099432632
-132.5 -584.7 2352.8 0.0925304592 0.2386948466 -0.9666762352 0.0659825802 0.9672373533 0.2451492697 0.9935212135 -0.0864675641 0.0737492144
112.4 -222.2 2049.7 0 0 0 0 0 0 0 0 0
154.4 -254.3 2089.0 0 0 0 0 0 0 0 0 0
-246.0 -904.0 2220.0 0 0 0 0 0 0 0 0 0
-221.5 -945.6 2385.1 0 0 0 0 0 0 0 0 0
69.6 334.7 2204.2 70 0.5079047680 0.4977435470 -0.7030534148 -0.2324025631 0.8650765419 0.4445578158 0.8294708133 -0.0624016188 0.5550533533
-29.3 162.7 2216.6 0.5079047680 0.4977435470 -0.7030534148 -0.2324025631 0.8650765419 0.4445578158 0.8294708133 -0.0624016188 0.5550533533
-121.6 -7.5 2229.3 0.5160499811 0.4755346477 -0.7124319077 -0.2178212702 0.8772500753 0.4277687967 0.8283998370 -0.0655672774 0.5562864542
-99.8 192.5 2103.4 0.0560462065 0.1622288376 -0.9851602316 0.9726997018 0.2136832625 0.0905250907 0.2251980156 -0.9633386135 -0.1458237916
-115.0 -71.3 2042.4 -0.8414276242 0.1622288376 -0.5154429078 0.5399244428 0.2136832625 -0.8141382337 -0.0219351780 -0.9633386135 -0.2673903108
41.2 133.0 2329.7 0.0926246122 0.8324424028 -0.5463152528 -0.9524163008 -0.0859437361 -0.2924326360 -0.2903856933 0.5474060178 0.7848712206
63.3 -94.7 2260.3 0.3859726191 0.8324424028 -0.3975736499 -0.6188792586 -0.0859437361 -0.7807701826 -0.6841151714 0.5474060178 0.4820094109
-258.1 -158.5 2166.0 0.4410658777 -0.1904505193 -0.8770344853 0.0675302595 0.9814971089 -0.1791734993 0.8949304819 0.0198009536 0.4457660317
-184.2 -539.4 2158.3 0.4406900704 0.1800817996 -0.8794105053 0.0654997155 0.9706082940 0.2315800935 0.8952664733 -0.1596561819 0.4159421325
-166.8 -198.2 2314.9 0.1081974432 -0.0887876526 -0.9901565909 0.1194384545 0.9899501204 -0.0757177398 0.9869284630 -0.1100703031 0.1177147329
-132.3 -582.4 2357.6 0.0963590965 0.2375038415 -0.9665954709 0.0708297193 0.9670163393 0.2446682006 0.9928233027 -0.0920396969 0.0763584897
122.6 -223.8 2048.5 0 0 0 0 0 0 0 0 0
161.3 -251.7 2086.7 0 0 0 0 0 0 0 0 0
-251.4 -901.6 2217.9 0 0 0 0 0 0 0 0 0
-221.0 -943.3 2392.0 0 0 0 0 0 0 0 0 0
68.3 335.6 2196.1 71 0.5259332657 0.4994792938 -0.6884145737 -0.2221620381 0.8619747758 0.4556791186 0.8209983110 -0.0867172182 0.5643065572
-30.8 164.5 2213.3 0.5259332657 0.4994792938 -0.6884145737 -0.2221620381 0.8619747758 0.4556791186 0.8209983110 -0.0867172182 0.5643065572
-122.9 -5.5 2229.8 0.5332836509 0.4746666849 -0.7002142668 -0.2090480626 0.8760126829 0.4346271157 0.8196995854 -0.0854010954 0.5663914084
-103.7 193.1 2101.3 0.0500398874 0.1680389047 -0.9845094681 0.9766590595 0.1979329288 0.0834246352 0.2088854313 -0.9657046795 -0.1542121768
-117.3 -71.6 2044.7 -0.8247807026 0.1680389047 -0.5399071574 0.5647708774 0.1979329288 -0.8011594415 -0.0277605504 -0.9657046795 -0.2581547499
42.0 135.9 2325.2 0.0865970254 0.8125486374 -0.5764248967 -0.9561358094 -0.0947340280 -0.2771818638 -0.2798307836 0.5751435757 0.7687031627
62.9 -95.2 2257.6 0.4053643644 0.8125486374 -0.4188608527 -0.6171971560 -0.0947340280 -0.7810845971 -0.6743496060 0.5751435757 0.4631009400
-260.2 -158.2 2167.8 0.4594186544 -0.1946459711 -0.8666298985 0.0796874985 0.9807908535 -0.1780426353 0.8846380115 0.0127365394 0.4661044776
-184.6 -538.9 2162.9 0.4502741694 0.1848908961 -0.8735379577 0.0281898398 0.9748947620 0.2208745778 0.8924452662 -0.1240790114 0.4337578714
-167.7 -197.3 2316.2 0.1298272014 -0.0920113847 -0.9872581959 0.1225869134 0.9895356297 -0.0761031210 0.9839295149 -0.1111446843 0.1397480369
-132.0 -581.4 2359.3 0.1143632457 0.2409408838 -0.9637782574 0.0596919693 0.9667239189 0.2487604022 0.9916440248 -0.0859788656 0.0961754471
114.3 -230.2 2052.5 0 0 0 0 0 0 0 0 0
166.1 -252.2 2086.0 0 0 0 0 0 0 0 0 0
-253.6 -902.6 2209.1 0 0 0 0 0 0 0 0 0
-221.9 -942.2 2391.4 0 0 0 0 0 0 0 0 0
67.0 333.9 2197.5 72 0.5180817246 0.4989229739 -0.6947425604 -0.2280229926 0.8634185791 0.4500153661 0.8243766427 -0.0747274682 0.5610873103
-32.3 162.0 2212.4 0.5180817246 0.4989229739 -0.6947425604 -0.2280229926 0.8634185791 0.4500153661 0.8243766427 -0.0747274682 0.5610873103
-124.1 -8.4 2226.5 0.5254383683 0.4727357626 -0.7074145675 -0.2148366719 0.8782132864 0.4273015857 0.8232616186 -0.0725420564 0.5630079508
-104.1 191.4 2100.0 0.0569632836 0.1795123965 -0.9821051359 0.9777140021 0.1890653670 0.0912665799 0.2020655423 -0.9654167891 -0.1647420079
-119.4 -70.5 2045.8 -0.8062664270 0.1795123965 -0.5636575222 0.5905593634 0.1890653670 -0.7845342159 -0.0342655107 -0.9654167891 -0.2584497929
39.4 132.6 2324.8 0.0959891826 0.8133283854 -0.5738318563 -0.9559215307 -0.0853892937 -0.2809318602 -0.2774889469 0.5755046606 0.7692816257
62.3 -95.1 2258.7 0.4165427387 0.8133283854 -0.4061884880 -0.6051300764 -0.0853892937 -0.7915341258 -0.6784613132 0.5755046606 0.4566011727
-262.8 -156.8 2173.0 0.4515187442 -0.2020787299 -0.8690770864 0.0655683428 0.9788971543 -0.1935489476 0.8898491859 0.0304070301 0.4552403688
-184.4 -536.7 2161.2 0.4466479123 0.1869896501 -0.8749517202 0.0393992513 0.9728575349 0.2280261666 0.8938419223 -0.1363198608 0.4271575511
-167.3 -194.2 2319.8 0.1206157953 -0.0941502526 -0.9882244468 0.0996793881 0.9916096330 -0.0823065937 0.9876820445 -0.0885781348 0.1289886236
-130.7 -579.1 2354.2 0.1177862659 0.2521198690 -0.9605008960 0.0888749734 0.9606759548 0.2630645633 0.9890539050 -0.1163498834 0.0907472819
106.2 -235.8 2055.4 0 0 0 0 0 0 0 0 0
168.4 -249.3 2085.9 0 0 0 0 0 0 0 0 0
-254.1 -899.7 2212.1 0 0 0 0 0 0 0 0 0
-224.8 -937.5 2397.6 0 0 0 0 0 0 0 0 0
66.8 332.8 2205.2 73 0.5110142827 0.5026933551 -0.6972544193 -0.2339070141 0.8618770242 0.4499505758 0.8271347284 -0.0668384656 0.5580149889
-33.1 161.6 2218.5 0.5110142827 0.5026933551 -0.6972544193 -0.2339070141 0.8618770242 0.4499505758 0.8271347284 -0.0668384656 0.5580149889
-126.0 -8.4 2231.6 0.5189180970 0.4782775640 -0.7085016370 -0.2199077308 0.8756227493 0.4300295115 0.8260536194 -0.0673451200 0.5595534444
-104.0 191.6 2105.7 0.0562960245 0.2221432328 -0.9733874798 0.9738192558 0.2028458118 0.1026137918 0.2202425152 -0.9536802173 -0.2049079537
-119.3 -72.0 2046.1 -0.7871388793 0.2221432328 -0.5753822327 0.6145251393 0.2028458118 -0.7623729110 -0.0526421070 -0.9536802173 -0.2961804271
37.8 131.5 2331.4 0.1027961820 0.8250436783 -0.5556400418 -0.9473245740 -0.0891403928 -0.3076201379 -0.3033300340 0.5579936504 0.7724208832
