250.8 372.8 2500.2 46 0.5268833637 0.6945770979 -0.4898535609 -0.4621286690 0.7178153396 0.5207477808 0.7133238912 -0.0479979739 0.6991889477
114.4 231.9 2509.6 0.5268833637 0.6945770979 -0.4898535609 -0.4621286690 0.7178153396 0.5207477808 0.7133238912 -0.0479979739 0.6991889477
-19.1 84.9 2517.4 0.5376746655 0.6719155312 -0.5093480945 -0.4506195188 0.7395848036 0.4999563694 0.7126345634 -0.0392916575 0.7004342675
39.0 295.2 2409.6 -0.0201300476 0.4184426963 -0.9080200791 0.9440765977 0.3069161475 0.1205067039 0.3291111588 -0.8548147082 -0.4012201726
44.8 19.5 2313.5 -0.8088272214 0.4184426963 -0.4131636620 0.5540675521 0.3069161475 -0.7738292217 -0.1969965845 -0.8548147082 -0.4800876379
189.8 168.7 2609.6 0.1364078522 0.9846077561 -0.1092723310 -0.8416619897 0.1733618230 0.5114203691 0.5224921107 0.0222086180 0.8523548245
236.8 -121.2 2789.5 -0.0110729625 0.9846077561 0.1744274497 0.1886853576 0.1733618230 -0.9666144848 -0.9819751382 0.0222086180 -0.1877006888
-198.9 -26.9 2461.7 0.6559042335 -0.0399578884 -0.7537857890 0.0273463707 0.9992002845 -0.0291718598 0.7543485761 -0.0014793581 0.6564723849
-183.0 -424.0 2462.3 0.6475099921 0.1243975982 -0.7518351078 -0.0595629998 0.9918298125 0.1128088012 0.7597256303 -0.0282632746 0.6496292353
-106.6 -102.5 2600.8 0.1545792669 -0.2487962097 -0.9561410546 0.0500617288 0.9685025811 -0.2439193130 0.9867112637 -0.0101612024 0.1621655822
-7.7 -487.3 2604.8 0.1516563147 0.1521580666 -0.9766515493 0.0309247803 0.9868662953 0.1585515440 0.9879494309 -0.0542480797 0.1449590474
262.7 -129.8 2366.6 0 0 0 0 0 0 0 0 0
233.8 -70.6 2526.2 0 0 0 0 0 0 0 0 0
-224.2 -752.4 2471.7 0 0 0 0 0 0 0 0 0
-44.6 -726.7 2618.0 0 0 0 0 0 0 0 0 0
255.1 369.7 2498.5 47 0.5241568089 0.7081530094 -0.4730527997 -0.4866185188 0.7049082518 0.5160491467 0.6989005804 -0.0402944386 0.7140828371
114.7 230.0 2506.5 0.5241568089 0.7081530094 -0.4730527997 -0.4866185188 0.7049082518 0.5160491467 0.6989005804 -0.0402944386 0.7140828371
-20.9 84.8 2512.8 0.5381011963 0.6822103858 -0.4950111508 -0.4722226858 0.7304669619 0.4933799207 0.6981782317 -0.0317328274 0.7152203918
39.1 296.3 2408.4 -0.0503654927 0.4855134487 -0.8727771640 0.9387717247 0.3212469518 0.1245312244 0.3408385813 -0.8130664825 -0.4719660878
53.7 22.9 2309.1 -0.7859730721 0.4855134487 -0.3827832043 0.5676167011 0.3212469518 -0.7580314875 -0.2450665385 -0.8130664825 -0.5280770063
190.2 163.6 2604.5 0.1297178119 0.9871150255 -0.0936867669 -0.8534097672 0.1592527330 0.4963167608 0.5048416257 0.0155720823 0.8630715609
235.0 -130.5 2778.5 -0.0181277040 0.9871150255 0.1589820981 0.2079904526 0.1592527330 -0.9650795460 -0.9779628515 0.0155720823 -0.2081973851
-201.8 -20.8 2460.1 0.6627013087 -0.0431038812 -0.7476423383 0.0322335213 0.9990587831 -0.0290274024 0.7481898069 -0.0048626475 0.6634669304
-184.7 -418.0 2462.0 0.6551281214 0.1156906188 -0.7466075420 -0.0542167202 0.9928576350 0.1062745973 0.7535699606 -0.0291448627 0.6567212939
-103.5 -103.3 2590.4 0.1526612341 -0.2389973700 -0.9589446187 0.0794149041 0.9701469541 -0.2291466892 0.9850826263 -0.0411726795 0.1670837849
-8.5 -488.7 2606.8 0.1446190327 0.1505488306 -0.9779675007 0.0252740812 0.9874731898 0.1557496041 0.9891645908 -0.0472415872 0.1390024424
265.2 -129.8 2375.1 0 0 0 0 0 0 0 0 0
230.1 -74.7 2516.0 0 0 0 0 0 0 0 0 0
-223.9 -753.8 2471.9 0 0 0 0 0 0 0 0 0
-44.5 -724.8 2618.1 0 0 0 0 0 0 0 0 0
256.7 366.0 2498.1 48 0.5040666461 0.7188599110 -0.4787036777 -0.4691566825 0.6932694316 0.5470553041 0.7251267433 -0.0511653051 0.6867119670
114.0 228.4 2508.3 0.5040666461 0.7188599110 -0.4787036777 -0.4691566825 0.6932694316 0.5470553041 0.7251267433 -0.0511653051 0.6867119670
-23.2 84.8 2516.6 0.5191671848 0.6902745962 -0.5039705634 -0.4539868832 0.7223251462 0.5216725469 0.7241279483 -0.0420392416 0.6883831620
41.0 292.2 2406.5 -0.0622155927 0.5082768202 -0.8589434624 0.9390959144 0.3212429583 0.1220731586 0.3379765153 -0.7990354300 -0.4973069727
58.8 23.7 2309.9 -0.7750957012 0.5082768202 -0.3753416240 0.5750238895 0.3212429583 -0.7524297237 -0.2618667185 -0.7990354300 -0.5412653685
187.0 164.6 2610.0 0.1109695286 0.9882102013 -0.1054813787 -0.8373061419 0.1501387656 0.5257155299 0.5353543162 0.0299817976 0.8440952897
225.2 -124.0 2794.5 0.0032323101 0.9882102013 0.1530689597 0.1753247231 0.1501387656 -0.9729951620 -0.9845053554 0.0299817976 -0.1727723926
-205.8 -17.1 2455.2 0.6476198435 -0.0545605384 -0.7600076795 0.0591756515 0.9980219603 -0.0212225318 0.7596622705 -0.0312298164 0.6495674849
-184.1 -413.7 2467.6 0.6381345391 0.1164007857 -0.7610750198 -0.0638263822 0.9931008220 0.0983712450 0.7672747374 -0.0141974268 0.6411613822
-107.3 -103.6 2583.1 0.1396319121 -0.2473914921 -0.9588015079 0.0870909765 0.9676032066 -0.2369793057 0.9863660932 -0.0504130870 0.1566538513
-8.9 -488.2 2603.1 0.1330709308 0.1484463215 -0.9799264073 0.0426129177 0.9869483709 0.1552967578 0.9901900291 -0.0624230094 0.1250084192
266.4 -130.3 2380.1 0 0 0 0 0 0 0 0 0
226.1 -76.9 2530.2 0 0 0 0 0 0 0 0 0
-223.9 -753.3 2472.5 0 0 0 0 0 0 0 0 0
-44.3 -723.2 2618.0 0 0 0 0 0 0 0 0 0
256.5 363.9 2513.5 49 0.4929052293 0.7125872970 -0.4992632568 -0.4974665940 0.7015765309 0.5102130771 0.7138427496 -0.0031198848 0.7002990842
116.0 225.6 2514.1 0.4929052293 0.7125872970 -0.4992632568 -0.4974665940 0.7015765309 0.5102130771 0.7138427496 -0.0031198848 0.7002990842
-21.1 81.9 2515.5 0.5106371045 0.6897639632 -0.5132985115 -0.4794410169 0.7239989638 0.4959453642 0.7137128711 -0.0071517578 0.7004019022
44.2 293.0 2413.8 -0.0653147250 0.5215550661 -0.8507140279 0.9338941574 0.3322851956 0.1320161372 0.3515333533 -0.7858542204 -0.5087803602
63.1 23.1 2312.2 -0.7709556222 0.5215550661 -0.3655239940 0.5781187415 0.3322851956 -0.7452283502 -0.2672194242 -0.7858542204 -0.5576978326
187.9 158.3 2614.4 0.1058737785 0.9874544144 -0.1171516031 -0.8559724092 0.1504610032 0.4946440458 0.5060651898 0.0479087047 0.8611636162
224.4 -136.8 2788.8 0.0152857155 0.9874544144 0.1571626663 0.2108951807 0.1504610032 -0.9658595920 -0.9773891568 0.0479087047 -0.2059494853
-208.1 -17.1 2458.6 0.6362350583 -0.0643847659 -0.7688040137 0.0604871809 0.9976070523 -0.0334892012 0.7691204548 -0.0251957811 0.6386070251
-182.5 -413.6 2468.6 0.6254051328 0.1234265268 -0.7704766393 -0.0713750646 0.9923198819 0.1010287106 0.7770289779 -0.0081910575 0.6294115782
-112.9 -100.3 2591.3 0.1245194077 -0.2600582838 -0.9575304985 0.0612512119 0.9652153850 -0.2541801929 0.9903247952 -0.0269995332 0.1361169368
-9.6 -483.8 2602.0 0.1233630255 0.1419790834 -0.9821524620 0.0531826727 0.9873440862 0.1494095773 0.9909355044 -0.0706651136 0.1142509282
268.1 -130.7 2383.2 0 0 0 0 0 0 0 0 0
228.5 -80.1 2526.3 0 0 0 0 0 0 0 0 0
-224.6 -752.5 2471.4 0 0 0 0 0 0 0 0 0
-44.3 -725.1 2619.3 0 0 0 0 0 0 0 0 0
255.5 367.1 2513.6 50 0.5258795619 0.7046463490 -0.4763656259 -0.5184965730 0.7095476985 0.4771827161 0.6742491722 -0.0039466992 0.7384933829
117.3 227.9 2514.4 0.5258795619 0.7046463490 -0.4763656259 -0.5184965730 0.7095476985 0.4771827161 0.6742491722 -0.0039466992 0.7384933829
-18.2 82.5 2514.7 0.5414014459 0.6812941432 -0.4926689863 -0.5023518205 0.7320078015 0.4602251351 0.6741862297 -0.0016733978 0.7385594845
41.2 298.4 2419.7 -0.0594785698 0.5493527055 -0.8334710002 0.9266778231 0.3408028781 0.1584980190 0.3711206317 -0.7629318833 -0.5293434262
58.6 27.0 2311.0 -0.7553322911 0.5493527055 -0.3573299944 0.5929899812 0.3408028781 -0.7295315862 -0.2789910138 -0.7629318833 -0.5831800699
193.3 157.4 2609.1 0.1329221129 0.9869988561 -0.0903604850 -0.8750110865 0.1596799642 0.4570097625 0.4654968679 0.0183197241 0.8848599195
239.1 -144.0 2769.4 -0.0226991512 0.9869988561 0.1591164768 0.2513207495 0.1596799642 -0.9546414018 -0.9676376581 0.0183197241 -0.2516779006
-205.0 -18.0 2451.5 0.6611608267 -0.0567217581 -0.7480969429 0.0666556805 0.9976357222 -0.0167324953 0.7472773194 -0.0388020426 0.6633784771
-182.4 -414.5 2466.9 0.6503409743 0.1239335760 -0.7494645715 -0.0691324547 0.9921635389 0.1040779203 0.7564901710 -0.0158738140 0.6538124084
-111.3 -105.8 2582.3 0.1423722059 -0.2542249560 -0.9566084743 0.0859805420 0.9659768343 -0.2439181656 0.9860717654 -0.0475225523 0.1593866646
-10.3 -489.7 2601.2 0.1379660070 0.1415727884 -0.9802665710 0.0548047684 0.9871237874 0.1502765268 0.9889194965 -0.0744563341 0.1284306645
258.3 -129.8 2384.8 0 0 0 0 0 0 0 0 0
233.0 -76.5 2509.8 0 0 0 0 0 0 0 0 0
-225.0 -755.6 2472.4 0 0 0 0 0 0 0 0 0
-44.1 -725.8 2619.0 0 0 0 0 0 0 0 0 0
253.9 363.9 2513.2 51 0.5024759173 0.7026598454 -0.5037728548 -0.4832119942 0.7114074230 0.5102995634 0.7169547677 -0.0129841445 0.6969987750
115.4 223.7 2515.8 0.5024759173 0.7026598454 -0.5037728548 -0.4832119942 0.7114074230 0.5102995634 0.7169547677 -0.0129841445 0.6969987750
-19.5 77.8 2518.7 0.5194892883 0.6783358455 -0.5196069479 -0.4653976262 0.7346057892 0.4937199652 0.7166141868 -0.0146583663 0.6973156929
42.5 289.0 2415.2 -0.0143626286 0.4950876534 -0.8687243462 0.9305429459 0.3245508969 0.1695775092 0.3659009933 -0.8059496880 -0.4653617144
46.5 30.2 2313.4 -0.7625430226 0.4950876534 -0.4164329469 0.6069114208 0.3245508969 -0.7254827619 -0.2240238488 -0.8059496880 -0.5479583740
188.4 158.5 2616.3 0.1193325594 0.9852403402 -0.1227240786 -0.8501135111 0.1652472913 0.5000002980 0.5129002929 0.0446630828 0.8572855592
229.5 -134.2 2792.9 0.0103424983 0.9852403402 0.1708639562 0.2029750794 0.1652472913 -0.9651396275 -0.9791292548 0.0446630828 -0.1982701719
-203.2 -16.9 2453.2 0.6371815801 -0.0496966057 -0.7691098452 0.0601497144 0.9980816841 -0.0146597847 0.7683629990 -0.0369207934 0.6389485002
-183.5 -413.7 2467.9 0.6275576949 0.1161759123 -0.7698535919 -0.0651588067 0.9931725264 0.0967610180 0.7758387327 -0.0105603812 0.6308429241
-104.0 -108.9 2576.6 0.1170733497 -0.2319792509 -0.9656497836 0.0988665223 0.9702284932 -0.2210928351 0.9881898761 -0.0695863515 0.1365228891
-11.8 -494.4 2604.3 0.1107517034 0.1386332065 -0.9841315150 0.0530192479 0.9879890680 0.1451432556 0.9924328923 -0.0682527795 0.1020712405
247.4 -129.7 2372.5 0 0 0 0 0 0 0 0 0
232.2 -79.8 2530.3 0 0 0 0 0 0 0 0 0
-223.2 -752.9 2471.5 0 0 0 0 0 0 0 0 0
-44.5 -727.3 2620.4 0 0 0 0 0 0 0 0 0
253.4 362.7 2512.5 52 0.4904031157 0.7032554150 -0.5147199631 -0.4671919048 0.7107232213 0.5259317756 0.7356877923 -0.0174455941 0.6770961285
114.4 222.2 2515.9 0.4904031157 0.7032554150 -0.5147199631 -0.4671919048 0.7107232213 0.5259317756 0.7356877923 -0.0174455941 0.6770961285
-20.4 76.1 2520.0 0.5083295107 0.6777874231 -0.5312299728 -0.4484262466 0.7349764109 0.5086488128 0.7351972461 -0.0203437060 0.6775478721
42.9 285.2 2412.7 0.0116096018 0.4678011537 -0.8837574720 0.9326561093 0.3136421442 0.1782727987 0.3605798185 -0.8263114691 -0.4326563478
39.8 31.5 2314.6 -0.7656148076 0.4678011537 -0.4415835440 0.6109080911 0.3136421442 -0.7269249558 -0.2015571296 -0.8263114691 -0.5259125829
185.8 159.2 2619.2 0.1121735424 0.9841741323 -0.1371800005 -0.8380493522 0.1678773016 0.5191247463 0.5339385271 0.0567315444 0.8436179161
224.5 -129.6 2803.2 0.0258389153 0.9841741323 0.1753100306 0.1807727218 0.1678773016 -0.9690915346 -0.9831854105 0.0567315444 -0.1735740751
-201.9 -25.6 2456.0 0.6259647608 -0.0482559949 -0.7783569098 0.0521397628 0.9984401464 -0.0199690741 0.7781063914 -0.0280834064 0.6275044084
-182.7 -422.5 2467.2 0.6159582138 0.1204428673 -0.7785171866 -0.0675657243 0.9926788211 0.1001177952 0.7848759890 -0.0090672998 0.6195864677
-106.8 -110.7 2587.1 0.1124432832 -0.2404000014 -0.9641391635 0.0745792538 0.9695975780 -0.2330631614 0.9908553958 -0.0456983931 0.1269535869
-11.3 -495.9 2605.3 0.1076694801 0.1424675882 -0.9839259386 0.0410600603 0.9881975651 0.1475792378 0.9933384657 -0.0562898405 0.1005489901
241.5 -129.4 2367.7 0 0 0 0 0 0 0 0 0
231.4 -81.0 2539.3 0 0 0 0 0 0 0 0 0
-222.7 -751.8 2470.2 0 0 0 0 0 0 0 0 0
-44.8 -728.5 2618.5 0 0 0 0 0 0 0 0 0
266.9 367.4 2511.6 53 0.5199314356 0.7053833008 -0.4817734659 -0.4965284467 0.7084991932 0.5014861822 0.6950761080 -0.0215241965 0.7186138630
126.4 226.3 2515.9 0.5199314356 0.7053833008 -0.4817734659 -0.4965284467 0.7084991932 0.5014861822 0.6950761080 -0.0215241965 0.7186138630
-8.9 80.7 2519.2 0.5347812176 0.6805315614 -0.5008851290 -0.4810881317 0.7325310111 0.4816145301 0.6946677566 -0.0165885091 0.7191394567
51.3 293.8 2418.4 0.0655022934 0.4639276266 -0.8834481239 0.9288282990 0.2952120304 0.2238924950 0.3646744490 -0.8352370858 -0.4115720391
33.1 36.0 2317.2 -0.7351794839 0.4639276266 -0.4942491651 0.6543350220 0.2952120304 -0.6962007880 -0.1770784706 -0.8352370858 -0.5205979347
201.5 158.8 2613.4 0.1283222437 0.9866495132 -0.1002801061 -0.8604596257 0.1610414237 0.4833993614 0.4930950105 0.0242560897 0.8696372509
245.7 -137.6 2783.3 -0.0123208705 0.9866495132 0.1623911709 0.2223248929 0.1610414237 -0.9615806341 -0.9748947620 0.0242560897 -0.2213409245
-201.7 -28.9 2456.7 0.6548430920 -0.0518210083 -0.7539861798 0.0583362468 0.9981358647 -0.0179357659 0.7535100579 -0.0322396122 0.6566454172
-181.1 -425.7 2469.5 0.6433786750 0.1272296309 -0.7549016476 -0.0810080096 0.9918712974 0.0981274843 0.7612500191 -0.0019800523 0.6484554410
-108.6 -111.0 2591.4 0.1428514421 -0.2433237582 -0.9593680501 0.0706133991 0.9693446159 -0.2353396565 0.9872219563 -0.0341256261 0.1556541920
-11.9 -496.2 2604.9 0.1391505003 0.1430412233 -0.9798858762 0.0447465889 0.9875936508 0.1505207121 0.9892597795 -0.0647915825 0.1310235560
226.5 -136.1 2363.7 0 0 0 0 0 0 0 0 0
242.4 -78.0 2521.8 0 0 0 0 0 0 0 0 0
-223.1 -752.8 2470.1 0 0 0 0 0 0 0 0 0
-45.5 -728.0 2620.1 0 0 0 0 0 0 0 0 0
272.9 363.6 2512.7 54 0.4946191609 0.7157246470 -0.4930417240 -0.4785374701 0.6978344321 0.5329437256 0.7255024314 -0.0276652407 0.6876633167
130.4 224.6 2518.2 0.4946191609 0.7157246470 -0.4930417240 -0.4785374701 0.6978344321 0.5329437256 0.7255024314 -0.0276652407 0.6876633167
-7.3 81.4 2523.6 0.5104762912 0.6924263239 -0.5098624825 -0.4625604749 0.7209619284 0.5159958005 0.7248805165 -0.0275614019 0.6883230209
58.6 289.5 2416.4 0.1504428983 0.4246601760 -0.8927657604 0.9212512374 0.2674285173 0.2824502885 0.3586964011 -0.8649541736 -0.3509860039
19.1 47.7 2322.3 -0.7146628499 0.4246601760 -0.5558063984 0.6855355501 0.2674285173 -0.6771432757 -0.1389173120 -0.8649541736 -0.4822408557
202.1 159.7 2620.0 0.1031526849 0.9882568121 -0.1127299219 -0.8429624438 0.1470173746 0.5174942017 0.5279904008 0.0416461751 0.8482285738
237.6 -130.6 2801.9 0.0138643095 0.9882568121 0.1521719098 0.1851518601 0.1470173746 -0.9716504812 -0.9826121330 0.0416461751 -0.1809392869
-193.2 -20.8 2459.0 0.6388996243 -0.0375014506 -0.7683755159 0.0459827594 0.9988868833 -0.0105174342 0.7679146528 -0.0286124405 0.6399128437
-178.3 -418.0 2470.4 0.6265656352 0.1352875531 -0.7675368190 -0.0847494230 0.9908058643 0.1054576263 0.7747470737 -0.0010278263 0.6322704554
-95.3 -108.9 2586.1 0.1265290529 -0.2104303390 -0.9693861604 0.0796998292 0.9762375355 -0.2015147954 0.9887559414 -0.0517624319 0.1402936727
-11.7 -496.7 2606.7 0.1212003455 0.1390225142 -0.9828444719 0.0411833413 0.9885869026 0.1449133456 0.9917733669 -0.0580403656 0.1140916571
207.0 -132.5 2358.8 0 0 0 0 0 0 0 0 0
241.3 -81.0 2538.2 0 0 0 0 0 0 0 0 0
-224.1 -753.1 2470.7 0 0 0 0 0 0 0 0 0
-44.4 -729.5 2620.4 0 0 0 0 0 0 0 0 0
265.4 360.9 2512.7 55 0.4972276092 0.7002697587 -0.5122372508 -0.4491775930 0.7128822803 0.5385520458 0.7422965765 -0.0376974680 0.6690102816
126.5 219.5 2520.2 0.4972276092 0.7002697587 -0.5122372508 -0.4491775930 0.7128822803 0.5385520458 0.7422965765 -0.0376974680 0.6690102816
-8.1 73.6 2529.3 0.5156903267 0.6772674918 -0.5247592330 -0.4297810197 0.7343341708 0.5253966451 0.7411826849 -0.0454103909 0.6697657108
54.1 279.8 2416.1 0.1823578924 0.3871782422 -0.9037912488 0.9162142277 0.2666387260 0.2990907431 0.3567871749 -0.8826079369 -0.3061145246
8.2 49.5 2326.4 -0.6886841059 0.3871782422 -0.6130312085 0.7201137543 0.2666387260 -0.6405778527 -0.0845599398 -0.8826079369 -0.4624422193
199.0 159.1 2624.4 0.1178068519 0.9845768809 -0.1293439865 -0.8242815733 0.1695911884 0.5401839614 0.5537882447 0.0429784879 0.8315476179
239.6 -124.9 2815.2 0.0162443817 0.9845768809 0.1741965562 0.1559801400 0.1695911884 -0.9730924964 -0.9876266122 0.0429784879 -0.1508195400
-191.8 -19.6 2462.7 0.6350592971 -0.0383936204 -0.7715086937 0.0425995477 0.9989848137 -0.0146484515 0.7712878585 -0.0235632863 0.6360501051
-176.5 -416.8 2472.0 0.6218695641 0.1398562789 -0.7705312371 -0.0919485539 0.9901579618 0.1055113599 0.7777041197 0.0052349297 0.6286087036
-98.2 -104.2 2595.4 0.1308579594 -0.2115009725 -0.9685781002 0.0589187630 0.9769112468 -0.2053605169 0.9896488190 -0.0301943664 0.1402979940
-14.2 -492.4 2607.4 0.1280242503 0.1255714744 -0.9837893844 0.0363084488 0.9906937480 0.1311777085 0.9911062121 -0.0525137931 0.1222735196
188.4 -139.0 2348.5 0 0 0 0 0 0 0 0 0
244.0 -83.0 2550.0 0 0 0 0 0 0 0 0 0
-223.9 -752.5 2470.3 0 0 0 0 0 0 0 0 0
-44.3 -729.8 2620.0 0 0 0 0 0 0 0 0 0
262.3 357.7 2512.8 56 0.4968421161 0.7010491490 -0.5115447044 -0.4469061792 0.7119618058 0.5416504741 0.7439239025 -0.0405022837 0.6670358181
123.6 216.9 2520.8 0.4968421161 0.7010491490 -0.5115447044 -0.4469061792 0.7119618058 0.5416504741 0.7439239025 -0.0405022837 0.6670358181
-10.5 70.6 2531.0 0.5188146234 0.6747582555 -0.5249121189 -0.4237772524 0.7362558842 0.5275794864 0.7424582243 -0.0512701571 0.6679275036
50.7 276.4 2416.4 0.1922722459 0.3599828184 -0.9129313827 0.9160488248 0.2678255737 0.2985365093 0.3519743979 -0.8936899900 -0.2782664001
2.9 48.7 2328.9 -0.6640865803 0.3599828184 -0.6552872658 0.7463703156 0.2678255737 -0.6092624664 -0.0438213497 -0.8936899900 -0.4465398788
196.6 157.3 2625.2 0.1220572963 0.9840781689 -0.1291980743 -0.8206247687 0.1732787192 0.5445635915 0.5582804084 0.0395551734 0.8287088871
238.7 -125.7 2817.7 0.0132739004 0.9840781689 0.1772397459 0.1502775401 0.1732787192 -0.9733402133 -0.9885547161 0.0395551734 -0.1455847621
-190.0 -32.9 2470.4 0.6378836632 -0.0304944851 -0.7695287466 0.0166763831 0.9995284081 -0.0257852767 0.7699521780 0.0036150499 0.6380913854
-177.9 -430.2 2469.0 0.6264411211 0.1392211020 -0.7669348121 -0.0918068290 0.9902498126 0.1047704369 0.7740432620 0.0047773379 0.6331146359
-95.5 -111.6 2606.2 0.1387763023 -0.2064171433 -0.9685727358 0.0381526053 0.9784247279 -0.2030502856 0.9895885587 -0.0087750014 0.1436575204
-13.5 -500.4 2609.7 0.1369267404 0.1317256540 -0.9817838073 0.0241459962 0.9903806448 0.1362466663 0.9902868271 -0.0423619598 0.1324289441
175.6 -145.4 2340.3 0 0 0 0 0 0 0 0 0
242.2 -85.3 2552.1 0 0 0 0 0 0 0 0 0
-223.0 -751.0 2467.4 0 0 0 0 0 0 0 0 0
-44.2 -731.1 2619.6 0 0 0 0 0 0 0 0 0
259.5 354.5 2513.3 57 0.4902345538 0.6981968880 -0.5217194557 -0.4376035333 0.7148377895 0.5454448462 0.7537726760 -0.0390896276 0.6559716463
121.7 213.4 2521.0 0.4902345538 0.6981968880 -0.5217194557 -0.4376035333 0.7148377895 0.5454448462 0.7537726760 -0.0390896276 0.6559716463
-11.8 66.5 2531.4 0.5133398175 0.6716160774 -0.5342415571 -0.4130803347 0.7390375733 0.5321542621 0.7522279024 -0.0524912700 0.6568087935
49.5 271.5 2415.2 0.2024295926 0.3488333821 -0.9150614738 0.9167715907 0.2610276639 0.3023150563 0.3443139493 -0.9000998735 -0.2669607997
0.3 48.8 2331.5 -0.6427978873 0.3488333821 -0.6820015907 0.7655560970 0.2610276639 -0.5880377293 -0.0271059126 -0.9000998735 -0.4348395765
193.9 155.3 2626.8 0.1204951629 0.9827536345 -0.1402719915 -0.8138863444 0.1787021458 0.5528603196 0.5683923960 0.0475484617 0.8213825226
235.5 -125.5 2822.9 0.0225051474 0.9827536345 0.1835451722 0.1396370530 0.1787021458 -0.9739440680 -0.9899469614 0.0475484617 -0.1332070976
-192.2 -36.9 2473.1 0.6303303838 -0.0315853022 -0.7756841779 0.0171235725 0.9994945526 -0.0267838761 0.7761381269 0.0036002074 0.6305526495
-179.7 -434.2 2471.7 0.6186293960 0.1392076463 -0.7732521296 -0.0944038332 0.9902182221 0.1027413458 0.7799907327 0.0094391499 0.6257198453
-97.1 -114.6 2609.2 0.1324378997 -0.2156634629 -0.9674448371 0.0317934453 0.9764645100 -0.2133218050 0.9906812906 -0.0025065115 0.1361775994
-11.4 -502.7 2610.2 0.1301581264 0.1410644650 -0.9814069867 0.0156843271 0.9894104004 0.1442949623 0.9913691878 -0.0341738686 0.1265673041
166.6 -149.2 2338.5 0 0 0 0 0 0 0 0 0
241.5 -87.9 2556.8 0 0 0 0 0 0 0 0 0
-224.2 -751.1 2468.7 0 0 0 0 0 0 0 0 0
-43.9 -730.5 2618.1 0 0 0 0 0 0 0 0 0
258.4 352.4 2513.0 58 0.4937726259 0.7003599405 -0.5154459476 -0.4529635906 0.7131288648 0.5350431800 0.7423022389 -0.0307114460 0.6693610549
120.5 212.0 2519.1 0.4937726259 0.7003599405 -0.5154459476 -0.4529635906 0.7131288648 0.5350431800 0.7423022389 -0.0307114460 0.6693610549
-12.7 64.7 2528.1 0.5202511549 0.6697466373 -0.5298850536 -0.4248571992 0.7412092686 0.5197164416 0.7408340573 -0.0452576093 0.6701616645
47.3 271.8 2414.9 0.1726809144 0.3538338542 -0.9192295074 0.9292047024 0.2510619164 0.2711946368 0.3267413676 -0.9009825587 -0.2854304612
4.8 43.3 2334.5 -0.6017196178 0.3538338542 -0.7160552144 0.7985885143 0.2510619164 -0.5470139384 -0.0137778632 -0.9009825587 -0.4336365163
193.7 152.2 2623.3 0.1267551333 0.9827609658 -0.1345885396 -0.8232617974 0.1799161583 0.5383960009 0.5533291698 0.0425571464 0.8318747878
237.4 -131.8 2814.2 0.0140908705 0.9827609658 0.1843431145 0.1566266418 0.1799161583 -0.9711324573 -0.9875573516 0.0425571464 -0.1513913721
-192.4 -42.5 2472.9 0.6362497211 -0.0275975429 -0.7709894180 0.0168241225 0.9996186495 -0.0218974147 0.7712997198 0.0009610032 0.6364713907
-181.5 -439.9 2472.5 0.6256096363 0.1320373267 -0.7688814998 -0.0913749263 0.9911913872 0.0958655253 0.7747665644 0.0102820909 0.6321638227
-98.3 -118.3 2610.9 0.1368842870 -0.2144169956 -0.9671028852 0.0312184915 0.9767415524 -0.2121353000 0.9900950193 -0.0011535049 0.1403943449
-13.0 -506.6 2611.3 0.1340331137 0.1391501576 -0.9811586738 0.0107350582 0.9898304343 0.1418464780 0.9909186959 -0.0295449216 0.1311762780
160.6 -163.5 2338.1 0 0 0 0 0 0 0 0 0
241.2 -89.7 2548.7 0 0 0 0 0 0 0 0 0
-223.1 -752.8 2469.3 0 0 0 0 0 0 0 0 0
-44.2 -728.5 2617.9 0 0 0 0 0 0 0 0 0
259.5 353.0 2512.9 59 0.4727877378 0.6937938929 -0.5432510972 -0.4280021191 0.7197062373 0.5466600060 0.7702505589 -0.0259415098 0.6372135282
122.4 210.7 2518.0 0.4727877378 0.6937938929 -0.5432510972 -0.4280021191 0.7197062373 0.5466600060 0.7702505589 -0.0259415098 0.6372135282
-9.2 61.9 2526.6 0.5001673698 0.6617611051 -0.5584844351 -0.3983471990 0.7484979033 0.5301607847 0.7688641548 -0.0426984131 0.6379848719
52.1 266.7 2409.9 0.1907150596 0.3173351288 -0.9289382100 0.9350658059 0.2293139398 0.2703091502 0.2987970710 -0.9201703668 -0.2529956102
6.0 40.8 2337.7 -0.5760203600 0.3173351288 -0.7533252835 0.8174197078 0.2293139398 -0.5284317732 0.0050580078 -0.9201703668 -0.3914854825
192.6 154.7 2626.1 0.1177067086 0.9785493016 -0.1690749824 -0.8067959547 0.1935012937 0.5582450628 0.5789865255 0.0706998259 0.8122660518
233.2 -123.6 2825.8 0.0456397720 0.9785493016 0.2008935809 0.1310335696 0.1935012937 -0.9723103642 -0.9903268218 0.0706998259 -0.1193914562
-193.6 -43.7 2469.1 0.6101633310 -0.0309322607 -0.7916715741 0.0311107635 0.9994023442 -0.0150708035 0.7916646004 -0.0154338554 0.6107609868
-181.3 -441.0 2475.3 0.5983173847 0.1333201677 -0.7900898457 -0.0913169011 0.9909814000 0.0980664715 0.7960386276 0.0134736802 0.6050958037
-98.1 -121.6 2605.0 0.1088394448 -0.2141995430 -0.9707072377 0.0334768891 0.9767442346 -0.2117781341 0.9934954643 -0.0094464431 0.1134790406
-13.0 -509.9 2608.8 0.1081835926 0.1438341439 -0.9836707115 0.0289616026 0.9886020422 0.1477404088 0.9937089682 -0.0444717668 0.1027848497
155.3 -171.2 2336.4 0 0 0 0 0 0 0 0 0
245.5 -88.4 2559.8 0 0 0 0 0 0 0 0 0
-223.5 -755.2 2471.0 0 0 0 0 0 0 0 0 0
-44.7 -727.9 2618.6 0 0 0 0 0 0 0 0 0
261.8 349.8 2513.8 60 0.4836667180 0.7014709711 -0.5234548450 -0.4456464648 0.7121030688 0.5425019860 0.7533032298 -0.0291143619 0.6570286155
123.4 209.3 2519.6 0.4836667180 0.7014709711 -0.5234548450 -0.4456464648 0.7121030688 0.5425019860 0.7533032298 -0.0291143619 0.6570286155
-8.7 61.1 2529.5 0.5165711641 0.6646967530 -0.5397521853 -0.4105407298 0.7454604506 0.5251143575 0.7514057159 -0.0496686772 0.6579684615
50.8 267.0 2413.9 0.1708990037 0.3141663671 -0.9338592291 0.9384757876 0.2367738783 0.2513986528 0.3000944853 -0.9193680882 -0.2543731034
8.3 33.7 2339.3 -0.5710664988 0.3141663671 -0.7584078908 0.8207433224 0.2367738783 -0.5199216008 0.0162293036 -0.9193680882 -0.3930635750
196.0 151.5 2625.2 0.1274177283 0.9810438156 -0.1460058242 -0.8145763874 0.1874910146 0.5489193201 0.5658887029 0.0489908457 0.8230248094
240.0 -129.5 2820.5 0.0220632795 0.9810438156 0.1925258189 0.1430978626 0.1874910146 -0.9717870951 -0.9894626141 0.0489908457 -0.1362486184
-186.6 -50.3 2464.6 0.6293894649 -0.0127545465 -0.7769853473 0.0233494621 0.9997242093 0.0025031059 0.7767391205 -0.0197176188 0.6295137405
-181.5 -447.7 2472.5 0.6179122925 0.1348078400 -0.7746039629 -0.0923829749 0.9908156395 0.0987409577 0.7808007598 0.0105469683 0.6246910691
-94.9 -123.4 2605.6 0.1306835115 -0.2036772519 -0.9702769518 0.0327888504 0.9790224433 -0.2010968477 0.9908818007 -0.0055342265 0.1346204281
-13.9 -512.6 2607.8 0.1315933168 0.1372988969 -0.9817495942 0.0393216908 0.9888595343 0.1435639113 0.9905235767 -0.0574961007 0.1247284785
156.5 -179.4 2335.1 0 0 0 0 0 0 0 0 0
245.9 -91.0 2554.6 0 0 0 0 0 0 0 0 0
-223.4 -755.5 2469.2 0 0 0 0 0 0 0 0 0
-44.1 -730.1 2620.4 0 0 0 0 0 0 0 0 0
273.2 354.0 2505.8 61 0.4704903960 0.7155292034 -0.5163881779 -0.4246427417 0.6965837479 0.5783162117 0.7735097408 -0.0528117232 0.6315802336
131.7 216.3 2516.3 0.4704903960 0.7155292034 -0.5163881779 -0.4246427417 0.6965837479 0.5783162117 0.7735097408 -0.0528117232 0.6315802336
-4.3 72.0 2529.3 0.4965771735 0.6843698621 -0.5338998437 -0.3981302381 0.7261618376 0.5605188012 0.7712998390 -0.0657791644 0.6330637336
61.9 272.2 2407.8 0.2129743993 0.2886284888 -0.9334535599 0.9386121631 0.2049220800 0.2775143087 0.2713837922 -0.9352542758 -0.2272670567
8.5 37.1 2339.8 -0.5511781573 0.2886284888 -0.7828769088 0.8342909217 0.2049220800 -0.5118257403 0.0127012674 -0.9352542758 -0.3537487090
201.6 160.3 2624.7 0.0997018963 0.9849258065 -0.1413532346 -0.7979447842 0.1640119106 0.5799863935 0.5944271684 0.0549663231 0.8022686839
235.9 -114.7 2829.6 0.0373073444 0.9849258065 0.1689063758 0.1088709831 0.1640119106 -0.9804321527 -0.9933555722 0.0549663231 -0.1011109948
-188.2 -49.5 2470.5 0.6203354597 -0.0176800117 -0.7841373086 0.0164365545 0.9998193979 -0.0095399637 0.7841643691 -0.0069705374 0.6205140352
-181.2 -446.9 2473.3 0.6096206903 0.1324617118 -0.7815474868 -0.0907524675 0.9911193252 0.0971927941 0.7874811888 0.0116766253 0.6162281036
-93.5 -124.8 2608.3 0.1258389801 -0.1925390661 -0.9731871486 0.0287901666 0.9812809229 -0.1904176325 0.9916328192 -0.0040562619 0.1290266216
-17.0 -514.9 2609.9 0.1259014010 0.1262019426 -0.9839826822 0.0292802807 0.9909704328 0.1308446079 0.9916105866 -0.0452848114 0.1210693419
151.7 -179.6 2336.5 0 0 0 0 0 0 0 0 0
246.0 -85.5 2562.8 0 0 0 0 0 0 0 0 0
-222.4 -755.3 2469.7 0 0 0 0 0 0 0 0 0
-44.2 -729.0 2619.7 0 0 0 0 0 0 0 0 0
278.1 357.4 2500.8 62 0.4623952806 0.7159222364 -0.5231118202 -0.3981825411 0.6947973371 0.5989218354 0.7922381163 -0.0686446279 0.6063387394
136.4 219.9 2514.4 0.4623952806 0.7159222364 -0.5231118202 -0.3981825411 0.6947973371 0.5989218354 0.7922381163 -0.0686446279 0.6063387394
-0.6 76.8 2530.1 0.4841527045 0.6892332435 -0.5390303135 -0.3762730956 0.7201772928 0.5828921199 0.7899460196 -0.0793861747 0.6080157161
68.3 272.8 2403.3 0.2341269404 0.2834394574 -0.9299713373 0.9364378452 0.1913306266 0.2940692604 0.2612828016 -0.9397099018 -0.2206277698
10.5 41.6 2338.8 -0.5388780832 0.2834394574 -0.7932669520 0.8423360586 0.1913306266 -0.5038477778 0.0089659346 -0.9397099018 -0.3418551385
204.5 167.0 2625.5 0.0873703361 0.9850071669 -0.1487526298 -0.7794016004 0.1605880260 0.6055943966 0.6204026937 0.0630270541 0.7817468047
234.7 -101.7 2839.3 0.0510905534 0.9850071669 0.1647746265 0.0774081573 0.1605880260 -0.9839814305 -0.9956895709 0.0630270541 -0.0680430532
-185.9 -35.8 2471.6 0.6103985906 -0.0150406603 -0.7919515967 0.0121898623 0.9998796582 -0.0095942430 0.7920005918 -0.0037974692 0.6105085015
-179.9 -433.3 2473.1 0.5999827385 0.1331986487 -0.7888465524 -0.0887866691 0.9910373092 0.0998094827 0.7950708270 0.0101550892 0.6064315438
-94.8 -108.7 2613.0 0.1203356311 -0.1813887358 -0.9760212302 0.0198577661 0.9834087491 -0.1803133637 0.9925346375 0.0023165210 0.1219410896
-22.7 -499.7 2612.1 0.1202408522 0.0922847912 -0.9884460568 0.0188348703 0.9952786565 0.0952138975 0.9925660491 -0.0300658550 0.1179349795
150.5 -177.2 2336.5 0 0 0 0 0 0 0 0 0
248.4 -80.9 2571.9 0 0 0 0 0 0 0 0 0
-222.9 -753.4 2469.8 0 0 0 0 0 0 0 0 0
-43.8 -727.6 2618.9 0 0 0 0 0 0 0 0 0
278.7 356.7 2499.3 63 0.4866250455 0.7183930278 -0.4970991313 -0.4310492575 0.6923741102 0.5786316991 0.7598635554 -0.0673024803 0.6465893388
136.0 219.1 2512.7 0.4866250455 0.7183930278 -0.4970991313 -0.4310492575 0.6923741102 0.5786316991 0.7598635554 -0.0673024803 0.6465893388
-2.0 76.9 2528.0 0.5076029897 0.6939235330 -0.5106949210 -0.4101317227 0.7158786058 0.5650750399 0.7577144504 -0.0773815736 0.6479821801
64.7 276.7 2406.2 0.2102683932 0.3024298549 -0.9296899438 0.9398885965 0.1991859078 0.2773705721 0.2690662742 -0.9321272373 -0.2423678637
12.1 41.9 2339.0 -0.5280689001 0.3024298549 -0.7935234308 0.8491412401 0.1991859078 -0.4891667664 0.0101200435 -0.9321272373 -0.3619895577
207.3 161.5 2619.1 0.1000738591 0.9883963466 -0.1142710075 -0.8029593825 0.1480479985 0.5773543119 0.5875724554 0.0339769088 0.8084579110
241.8 -115.2 2821.6 0.0170345772 0.9883963466 0.1509386152 0.1142372936 0.1480479985 -0.9823602438 -0.9933074117 0.0339769088 -0.1103897840
-182.0 -31.8 2473.4 0.6379761696 -0.0114702815 -0.7699706554 -0.0028278399 0.9998474121 -0.0172378328 0.7700508833 0.0131746810 0.6378464103
-177.5 -429.3 2468.2 0.6291867495 0.1378591061 -0.7649306059 -0.0797982290 0.9904016852 0.1128571630 0.7731469870 -0.0099681225 0.6341485381
-93.2 -100.7 2618.2 0.1507495195 -0.1804214567 -0.9719684720 0.0088628419 0.9834116697 -0.1811710000 0.9885322452 0.0186970364 0.1498478800
-21.5 -491.7 2610.8 0.1528607905 0.0940245241 -0.9837647080 0.0308085904 0.9945263863 0.0998402312 0.9877673984 -0.0455700606 0.1491273344
149.3 -178.8 2336.4 0 0 0 0 0 0 0 0 0
246.4 -84.5 2554.9 0 0 0 0 0 0 0 0 0
-222.7 -754.3 2471.4 0 0 0 0 0 0 0 0 0
-44.1 -730.8 2621.8 0 0 0 0 0 0 0 0 0
276.4 362.4 2498.0 64 0.5109295249 0.6997510195 -0.4992990792 -0.4408668876 0.7119332552 0.5466144681 0.7379616499 -0.0591570437 0.6722447872
137.4 220.9 2509.8 0.5109295249 0.6997510195 -0.4992990792 -0.4408668876 0.7119332552 0.5466144681 0.7379616499 -0.0591570437 0.6722447872
2.7 75.6 2524.2 0.5314717889 0.6778655648 -0.5079724789 -0.4193419218 0.7315859199 0.5375261903 0.7359960079 -0.0726658478 0.6730747223
62.7 279.8 2406.4 0.2020750344 0.2984104156 -0.9328005910 0.9420241714 0.2012865841 0.2684663534 0.2678733766 -0.9329710603 -0.2404348254
12.3 44.9 2339.6 -0.5194879770 0.2984104156 -0.8006768823 0.8542848825 0.2012865841 -0.4792504609 0.0181521829 -0.9329710603 -0.3594934642
212.1 162.0 2613.2 0.1286073774 0.9857555032 -0.1083800197 -0.8157303929 0.1673030853 0.5537089705 0.5639539361 0.0171978232 0.8256271482
256.4 -119.1 2807.6 -0.0065028090 0.9857555032 0.1680589169 0.1400932670 0.1673030853 -0.9759014249 -0.9901169538 0.0171978232 -0.1391856521
-186.4 -27.8 2474.0 0.6536182761 -0.0272423476 -0.7563338876 0.0034481946 0.9994487762 -0.0330191813 0.7568165064 0.0189739540 0.6533519030
-175.6 -425.1 2466.5 0.6441369653 0.1398621202 -0.7520146966 -0.0801106915 0.9900696874 0.1155176684 0.7607035041 -0.0141647821 0.6489449143
-93.4 -102.9 2612.8 0.1631195694 -0.1917336583 -0.9677965641 0.0274812952 0.9814372659 -0.1898041815 0.9862235188 0.0043644710 0.1653607190
-17.2 -493.1 2611.1 0.1627760977 0.1079229712 -0.9807428718 0.0243127625 0.9932592511 0.1133355424 0.9863634109 -0.0422928855 0.1590549648
147.3 -177.1 2334.8 0 0 0 0 0 0 0 0 0
254.7 -81.5 2541.7 0 0 0 0 0 0 0 0 0
-222.0 -753.4 2471.2 0 0 0 0 0 0 0 0 0
-43.3 -732.8 2621.3 0 0 0 0 0 0 0 0 0
272.6 363.7 2497.9 65 0.5042614937 0.6912084818 -0.5176400542 -0.4174585342 0.7198557258 0.5545593500 0.7559422851 -0.0635496676 0.6515464187
135.8 221.2 2510.5 0.5042614937 0.6912084818 -0.5176400542 -0.4174585342 0.7198557258 0.5545593500 0.7559422851 -0.0635496676 0.6515464187
3.5 73.8 2526.2 0.5274127722 0.6654779911 -0.5281806588 -0.3925090432 0.7422064543 0.5432000160 0.7535067201 -0.0791749433 0.6526553035
61.7 276.4 2404.6 0.2017981112 0.3008411229 -0.9320794940 0.9436859488 0.1950165480 0.2672551572 0.2621722817 -0.9335219264 -0.2445455790
12.3 45.6 2340.4 -0.5238277316 0.3008411229 -0.7969310880 0.8517752886 0.1950165480 -0.4862585366 0.0091281896 -0.9335219264 -0.3584041297
209.9 166.1 2616.4 0.1345034838 0.9821066260 -0.1318157166 -0.8000450134 0.1861189157 0.5703400373 0.5846680999 0.0287457835 0.8107631207
256.3 -109.7 2818.0 0.0068013067 0.9821066260 0.1882028431 0.1174863204 0.1861189157 -0.9754776955 -0.9930512309 0.0287457835 -0.1141182408
-180.8 -31.4 2471.1 0.6425427198 -0.0118957162 -0.7661575675 -0.0035629505 0.9998223186 -0.0185117926 0.7662416101 0.0146243991 0.6423861384
-176.1 -428.9 2465.3 0.6338428855 0.1411976665 -0.7604646087 -0.0769054741 0.9898288846 0.1196841225 0.7696290016 -0.0173770357 0.6382548809
-83.4 -108.2 2606.0 0.1501171589 -0.1698631942 -0.9739667773 0.0373695865 0.9854009748 -0.1660975814 0.9879617095 -0.0114626409 0.1542733014
-15.9 -499.8 2610.5 0.1484968215 0.1184829473 -0.9817894101 0.0236860998 0.9920857549 0.1233080626 0.9886291623 -0.0415656157 0.1445151716
148.5 -175.8 2338.1 0 0 0 0 0 0 0 0 0
258.1 -78.2 2551.2 0 0 0 0 0 0 0 0 0
-222.2 -752.3 2471.0 0 0 0 0 0 0 0 0 0
-43.6 -732.2 2620.3 0 0 0 0 0 0 0 0 0
273.7 370.5 2505.8 66 0.4979076684 0.6828237772 -0.5346397758 -0.4103119671 0.7286069989 0.5484303832 0.7640236020 -0.0536986142 0.6429497600
138.1 225.8 2516.5 0.4979076684 0.6828237772 -0.5346397758 -0.4103119671 0.7286069989 0.5484303832 0.7640236020 -0.0536986142 0.6429497600
6.7 77.2 2530.4 0.5187081099 0.6606992483 -0.5426033735 -0.3874602616 0.7474078536 0.5396814346 0.7621130943 -0.0696999207 0.6436812282
65.1 280.3 2409.3 0.2023764849 0.3071966171 -0.9298784733 0.9402580261 0.2045080960 0.2721971869 0.2737857401 -0.9294120073 -0.2474564314
13.6 41.1 2339.7 -0.5326789021 0.3071966171 -0.7885958552 0.8462566137 0.2045080960 -0.4919615686 0.0101453206 -0.9294120073 -0.3689043224
211.0 171.3 2623.7 0.1319199353 0.9799894691 -0.1490561068 -0.7982928753 0.1941745579 0.5701093674 0.5876441002 0.0437816381 0.8079341650
256.5 -104.1 2826.4 0.0212835521 0.9799894691 0.1979080588 0.1164726019 0.1941745579 -0.9740279317 -0.9929658175 0.0437816381 -0.1100092009
-177.1 -37.8 2472.9 0.6307072639 -0.0024578096 -0.7760169506 -0.0138442433 0.9998002052 -0.0144184781 0.7758973837 0.0198372062 0.6305472255
-176.1 -435.2 2465.0 0.6228076816 0.1447589397 -0.7688663006 -0.0764811784 0.9892918468 0.1243074015 0.7786277533 -0.0186158027 0.6272099018
-80.4 -109.7 2611.0 0.1375207901 -0.1663962007 -0.9764221907 0.0217177831 0.9860578775 -0.1649794877 0.9902607799 0.0014823838 0.1392172128
-14.3 -501.6 2610.4 0.1382091790 0.1245887727 -0.9825354218 0.0271781571 0.9912054539 0.1295111924 0.9900301099 -0.0446031392 0.1336075962
152.1 -178.8 2337.0 0 0 0 0 0 0 0 0 0
262.2 -72.8 2559.5 0 0 0 0 0 0 0 0 0
-222.4 -751.8 2471.0 0 0 0 0 0 0 0 0 0
-43.4 -733.1 2620.9 0 0 0 0 0 0 0 0 0
268.4 373.1 2500.3 67 0.5426627398 0.6780438423 -0.4957556725 -0.4343534410 0.7317065001 0.5253024697 0.7189257741 -0.0697288662 0.6915805340
133.5 227.5 2514.2 0.5426627398 0.6780438423 -0.4957556725 -0.4343534410 0.7317065001 0.5253024697 0.7189257741 -0.0697288662 0.6915805340
3.3 78.0 2529.4 0.5601428747 0.6548569798 -0.5073482990 -0.4148972929 0.7518690825 0.5123993754 0.7170078158 -0.0765194297 0.6928524971
54.9 285.7 2413.5 0.1686215997 0.3311458528 -0.9283906221 0.9401580691 0.2288990915 0.2524044514 0.2960904539 -0.9153947830 -0.2727321088
11.8 45.5 2337.9 -0.5334584117 0.3311458528 -0.7783087492 0.8456245065 0.2288990915 -0.4822078049 0.0184730552 -0.9153947830 -0.4021331966
212.1 169.2 2614.8 0.1642623991 0.9808413386 -0.1047290266 -0.8204512000 0.1947939992 0.5375082493 0.5476108789 -0.0023673370 0.8367297649
268.7 -113.4 2803.5 -0.0331763439 0.9808413386 0.1919625849 0.1550527364 0.1947939992 -0.9685112238 -0.9873489738 -0.0023673370 -0.1585446745
-172.2 -35.8 2474.4 0.6722509861 0.0064434842 -0.7402952313 -0.0178562384 0.9998123646 -0.0075126761 0.7401079535 0.0182692930 0.6722398996
-174.7 -433.3 2467.1 0.6632406116 0.1482422501 -0.7335776091 -0.0898675397 0.9888692498 0.1185810268 0.7429910898 -0.0127229355 0.6691803932
-77.0 -106.8 2614.1 0.1842520684 -0.1614326090 -0.9695311785 0.0268134344 0.9868780971 -0.1592252851 0.9825131893 0.0033411267 0.1861628890
-12.9 -499.2 2612.8 0.1813302785 0.1306893229 -0.9746997952 0.0043038158 0.9910154939 0.1336776316 0.9834128618 -0.0284347292 0.1791386455
150.4 -174.3 2333.1 0 0 0 0 0 0 0 0 0
259.8 -71.8 2538.6 0 0 0 0 0 0 0 0 0
-222.5 -752.1 2471.2 0 0 0 0 0 0 0 0 0
-43.6 -732.0 2619.5 0 0 0 0 0 0 0 0 0
263.4 377.9 2506.5 68 0.5360643864 0.6814291477 -0.4982863367 -0.4562552869 0.7304962873 0.5081400275 0.7102577090 -0.0450500064 0.7024987340
127.9 232.6 2515.5 0.5360643864 0.6814291477 -0.4982863367 -0.4562552869 0.7304962873 0.5081400275 0.7102577090 -0.0450500064 0.7024987340
-2.6 83.1 2525.9 0.5551218987 0.6566678882 -0.5105163455 -0.4351361692 0.7523564696 0.4945869744 0.7088696361 -0.0524119474 0.7033895254
49.9 293.8 2415.9 0.1568069756 0.3255476058 -0.9324324727 0.9394574165 0.2420908809 0.2425114810 0.3046824336 -0.9140080810 -0.2678765655
9.1 49.6 2336.7 -0.5681518912 0.3255476058 -0.7557924390 0.8227764964 0.2420908809 -0.5142284036 0.0155646270 -0.9140080810 -0.4053973258
205.9 171.5 2615.1 0.1600870192 0.9810436964 -0.1092034206 -0.8349785209 0.1935902536 0.5151055455 0.5264817476 0.0087207993 0.8501417041
261.1 -116.3 2796.6 -0.0270866118 0.9810436964 0.1918842345 0.1815472245 0.1935902536 -0.9641386867 -0.9830091000 0.0087207993 -0.1833494604
-178.1 -33.5 2478.9 0.6678387523 -0.0045431522 -0.7442921400 -0.0254042633 0.9992595911 -0.0288942177 0.7438723445 0.0382048711 0.6672288179
-176.3 -430.7 2463.7 0.6614981294 0.1391048282 -0.7369329333 -0.0770113096 0.9900519252 0.1177558601 0.7459822297 -0.0211431105 0.6656301022
-75.5 -109.5 2610.1 0.1745289415 -0.1706532836 -0.9697510600 0.0235336423 0.9853083491 -0.1691555828 0.9843707681 0.0067007677 0.1759809107
-7.7 -501.2 2607.5 0.1736584455 0.1526318640 -0.9729061127 0.0178850237 0.9872648120 0.1580768675 0.9846435189 -0.0448518321 0.1687170565
156.3 -163.6 2332.7 0 0 0 0 0 0 0 0 0
253.8 -67.6 2532.7 0 0 0 0 0 0 0 0 0
-221.3 -751.5 2470.6 0 0 0 0 0 0 0 0 0
-42.4 -725.9 2617.7 0 0 0 0 0 0 0 0 0
259.6 382.8 2509.2 69 0.5437980890 0.6728426814 -0.5015639067 -0.4533563256 0.7384738326 0.4991236925 0.7062235475 -0.0440353565 0.7066181302
125.4 235.5 2517.9 0.5437980890 0.6728426814 -0.5015639067 -0.4533563256 0.7384738326 0.4991236925 0.7062235475 -0.0440353565 0.7066181302
-3.2 84.3 2527.8 0.5624124408 0.6470099092 -0.5148499012 -0.4322106838 0.7608599663 0.4840309918 0.7049015164 -0.0497014225 0.7075617313
46.3 296.3 2418.8 0.1582407206 0.3140498698 -0.9361263514 0.9381093979 0.2479876280 0.2417703420 0.3080756962 -0.9164468646 -0.2553713918
4.8 50.6 2338.1 -0.5949497819 0.3140498698 -0.7398698926 0.8036480546 0.2479876280 -0.5409731269 0.0135860341 -0.9164468646 -0.3999257386
204.5 174.7 2617.1 0.1721675545 0.9784995317 -0.1135648265 -0.8357928395 0.2061196268 0.5088860989 0.5213527679 0.0073029976 0.8533099890
263.8 -113.5 2796.9 -0.0320199467 0.9784995317 0.2037482709 0.1867951602 0.2061196268 -0.9605323076 -0.9818769097 0.0073029976 -0.1893789172
-184.0 -26.5 2471.4 0.6694684029 -0.0262164343 -0.7423777580 0.0058903429 0.9995329976 -0.0299858004 0.7428171635 0.0157016870 0.6693101525
