269.3 351.2 2494.6 26 0.4645714462 0.7392063141 -0.4875934720 -0.4066717029 0.6672171950 0.6240507960 0.7866330147 -0.0916257128 0.6105843186
122.7 218.9 2512.8 0.4645714462 0.7392063141 -0.4875934720 -0.4066717029 0.6672171950 0.6240507960 0.7866330147 -0.0916257128 0.6105843186
-19.5 81.1 2530.6 0.4792023599 0.7154617906 -0.5084087849 -0.3929923475 0.6928411722 0.6045892239 0.7848070264 -0.0899198279 0.6131821275
55.3 274.2 2402.4 0.2151352614 0.2599609196 -0.9413485527 0.9394162297 0.2083106190 0.2722202837 0.2668595314 -0.9428822994 -0.1993965358
-0.1 32.0 2333.6 -0.5941776037 0.2599609196 -0.7611657381 0.8042145371 0.2083106190 -0.5566378236 0.0138548454 -0.9428822994 -0.3328378499
190.1 163.6 2623.2 0.0649626702 0.9911629558 -0.1156538427 -0.7809702754 0.1226450801 0.6124080420 0.6211805940 0.0505385473 0.7820361853
212.5 -105.9 2837.5 0.0417247340 0.9911629558 0.1259166598 0.0733994693 0.1226450801 -0.9897326231 -0.9964293838 0.0505385473 -0.0676335022
-206.5 -23.3 2478.2 0.6089355350 -0.0357597321 -0.7924132347 0.0141417058 0.9993139505 -0.0342293754 0.7930936217 0.0096374089 0.6090234518
-192.3 -420.5 2474.4 0.6026567817 0.1023830920 -0.7914054394 -0.0660144016 0.9947325587 0.0784171596 0.7952653170 0.0049855206 0.6062410474
-118.8 -92.7 2623.5 0.1374973208 -0.2476173937 -0.9590516686 0.0378166139 0.9688543677 -0.2447266579 0.9897799492 -0.0026188283 0.1425789297
-20.4 -477.8 2624.6 0.1301499307 0.1148461923 -0.9848204851 -0.0282833166 0.9932947159 0.1120966151 0.9910908341 0.0132646207 0.1325254738
154.2 -176.8 2330.0 0 0 0 0 0 0 0 0 0
223.7 -86.1 2569.7 0 0 0 0 0 0 0 0 0
-226.7 -754.2 2472.7 0 0 0 0 0 0 0 0 0
-48.4 -720.5 2621.3 0 0 0 0 0 0 0 0 0
267.0 348.3 2479.7 27 0.4672670066 0.7415187359 -0.4814680815 -0.3771981299 0.6597268581 0.6499861479 0.7996143699 -0.1221082285 0.5879680514
121.7 219.1 2503.6 0.4672670066 0.7415187359 -0.4814680815 -0.3771981299 0.6597268581 0.6499861479 0.7996143699 -0.1221082285 0.5879680514
-21.0 82.9 2527.5 0.4812570512 0.7178951502 -0.5030091405 -0.3643004894 0.6857295036 0.6301271319 0.7972934246 -0.1200066656 0.5915417075
53.9 270.3 2391.5 0.2210090607 0.2249283195 -0.9489795566 0.9481614232 0.1782755107 0.2630736232 0.2283525318 -0.9579275250 -0.1738678664
-1.0 34.6 2334.8 -0.5865007043 0.2249283195 -0.7780900598 0.8098443747 0.1782755107 -0.5589006543 0.0130018117 -0.9579275250 -0.2867156565
189.4 167.8 2615.7 0.0649162084 0.9918590188 -0.1095514819 -0.7564731240 0.1205110028 0.6428261995 0.6507951021 0.0411429144 0.7581378222
211.8 -93.0 2840.1 0.0372445881 0.9918590188 0.1217722520 0.0344249420 0.1205110028 -0.9921149015 -0.9987130761 0.0411429144 -0.0296563096
-205.6 -20.5 2476.6 0.6132654548 -0.0331557691 -0.7891806960 0.0252404772 0.9994309545 -0.0223748405 0.7894734740 -0.0061975811 0.6137533784
-192.4 -417.8 2479.0 0.6062953472 0.0992745236 -0.7890186906 -0.0768044814 0.9948490858 0.0661542788 0.7915219665 0.0204911381 0.6107971072
-117.8 -92.6 2620.5 0.1487257183 -0.2439625561 -0.9583125710 0.0500934012 0.9697048068 -0.2390884608 0.9876089096 -0.0124465311 0.1564409584
-20.8 -478.1 2625.4 0.1399154961 0.1123589203 -0.9837678075 -0.0321563929 0.9935323596 0.1089007407 0.9896411300 0.0163975228 0.1426236331
151.4 -175.8 2331.4 0 0 0 0 0 0 0 0 0
221.8 -83.8 2571.8 0 0 0 0 0 0 0 0 0
-225.7 -751.4 2472.2 0 0 0 0 0 0 0 0 0
-48.2 -720.4 2621.4 0 0 0 0 0 0 0 0 0
265.9 348.6 2487.7 28 0.4691817462 0.7360802889 -0.4879080951 -0.4026840031 0.6700353026 0.6236171126 0.7859479189 -0.0961169749 0.6107760668
121.8 217.4 2506.6 0.4691817462 0.7360802889 -0.4879080951 -0.4026840031 0.6700353026 0.6236171126 0.7859479189 -0.0961169749 0.6107760668
-20.8 80.3 2526.4 0.4837432802 0.7169391513 -0.5019866824 -0.3890550137 0.6899268627 0.6104401350 0.7839825153 -0.0999958590 0.6126762629
53.7 272.1 2396.3 0.2084747404 0.2325148880 -0.9499868751 0.9482721090 0.1897180229 0.2545330226 0.2394123673 -0.9539098144 -0.1809359789
0.3 29.2 2335.0 -0.5994968414 0.2325148880 -0.7658591866 0.8002709746 0.1897180229 -0.5688351989 0.0130346483 -0.9539098144 -0.2998102903
189.8 162.7 2616.8 0.0673450977 0.9918569922 -0.1080939919 -0.7767617106 0.1201165766 0.6182339787 0.6261835694 0.0423282534 0.7785258293
213.1 -105.2 2832.7 0.0345293209 0.9918569922 0.1225862950 0.0662832707 0.1201165766 -0.9905445576 -0.9972032309 0.0423282534 -0.0615959801
-207.9 -20.0 2478.2 0.6146505475 -0.0393670797 -0.7878165841 0.0203182604 0.9992126226 -0.0340783037 0.7885378003 0.0049391855 0.6149663925
-192.2 -417.2 2476.2 0.6081558466 0.0988453627 -0.7876395583 -0.0710579827 0.9950126410 0.0700041801 0.7906308770 0.0133946259 0.6121464968
-119.6 -86.8 2624.4 0.1485819966 -0.2508239448 -0.9565619230 0.0295343790 0.9679929018 -0.2492337525 0.9884589314 0.0087801833 0.1512342393
-19.9 -471.5 2620.9 0.1423706412 0.1175997853 -0.9828025699 -0.0247471090 0.9930295348 0.1152386069 0.9895039797 0.0079149287 0.1442884952
156.1 -178.8 2331.6 0 0 0 0 0 0 0 0 0
222.3 -87.4 2564.8 0 0 0 0 0 0 0 0 0
-225.4 -750.9 2471.7 0 0 0 0 0 0 0 0 0
-49.2 -719.1 2618.9 0 0 0 0 0 0 0 0 0
270.4 349.6 2493.8 29 0.4842665792 0.7358219028 -0.4733413160 -0.4419092834 0.6726387739 0.5935261250 0.7551172376 -0.0782509521 0.6509029865
126.0 217.6 2509.1 0.4842665792 0.7358219028 -0.4733413160 -0.4419092834 0.6726387739 0.5935261250 0.7551172376 -0.0782509521 0.6509029865
-17.0 80.6 2526.3 0.5000696778 0.7191271186 -0.4824795723 -0.4271144569 0.6894796491 0.5849709511 0.7533283234 -0.0864522234 0.6519374847
55.7 277.6 2403.3 0.2151220739 0.2436708659 -0.9456992149 0.9427002072 0.2010685205 0.2662476301 0.2550271451 -0.9487865567 -0.1864542961
-0.5 31.3 2336.7 -0.5924222469 0.2436708659 -0.7678934932 0.8054143786 0.2010685205 -0.5575653911 0.0185367670 -0.9487865567 -0.3153734803
196.3 157.6 2614.9 0.0767050758 0.9934722185 -0.0844347626 -0.8048592806 0.1116797030 0.5828629136 0.5884878039 0.0232495517 0.8081717491
222.7 -119.7 2817.7 0.0107328473 0.9934722185 0.1135680601 0.1113963723 0.1116797030 -0.9874808788 -0.9937180877 0.0232495517 -0.1094705611
-207.7 -21.0 2474.4 0.6318300962 -0.0478143506 -0.7736307383 0.0334827043 0.9988474846 -0.0343883261 0.7743833661 -0.0041756677 0.6327028871
-188.7 -418.1 2476.1 0.6234509349 0.1094494164 -0.7741639018 -0.0794565231 0.9938965440 0.0765266195 0.7778146267 0.0138017805 0.6283422112
-118.9 -92.4 2618.1 0.1565614492 -0.2474435568 -0.9561695457 0.0485435128 0.9688658714 -0.2427807599 0.9864745736 -0.0084057217 0.1636988223
-20.5 -477.5 2621.5 0.1491929591 0.1147735864 -0.9821244478 -0.0181865469 0.9933912158 0.1133275554 0.9886408448 0.0009537801 0.1502943039
153.5 -178.0 2331.8 0 0 0 0 0 0 0 0 0
225.6 -89.8 2551.0 0 0 0 0 0 0 0 0 0
-225.5 -752.4 2471.4 0 0 0 0 0 0 0 0 0
-48.5 -719.5 2621.2 0 0 0 0 0 0 0 0 0
269.0 353.8 2494.3 30 0.4879457951 0.7325313091 -0.4746649265 -0.4388274848 0.6759455800 0.5920540690 0.7545458078 -0.0805942789 0.6512796879
124.9 220.9 2510.1 0.4879457951 0.7325313091 -0.4746649265 -0.4388274848 0.6759455800 0.5920540690 0.7545458078 -0.0805942789 0.6512796879
-17.5 83.3 2527.5 0.5023458004 0.7165383101 -0.4839644134 -0.4252329171 0.6920748353 0.5832746625 0.7528782487 -0.0872079805 0.6523565650
54.3 280.6 2404.3 0.2154706120 0.2707666159 -0.9382205606 0.9406444430 0.2004492432 0.2738761008 0.2622221112 -0.9415442348 -0.2115041912
-1.0 39.1 2336.9 -0.5743438005 0.2707666159 -0.7725377679 0.8185635805 0.2004492432 -0.5383063555 0.0090992292 -0.9415442348 -0.3367664814
195.6 161.1 2616.0 0.0804197565 0.9930589795 -0.0858282149 -0.8044658899 0.1155053675 0.5826603770 0.5885297656 0.0221884660 0.8081710339
223.3 -116.4 2818.9 0.0092623224 0.9930589795 0.1172519848 0.1112649813 0.1155053675 -0.9870555401 -0.9937475920 0.0221884660 -0.1094228402
-205.8 -17.2 2474.5 0.6327683926 -0.0456836857 -0.7729923129 0.0294100121 0.9989557862 -0.0349631570 0.7737823725 -0.0006101329 0.6334512234
-187.7 -414.4 2474.7 0.6246718168 0.1089066640 -0.7732557654 -0.0781151950 0.9939749837 0.0768880621 0.7769705057 0.0123732220 0.6294153929
-114.2 -95.4 2612.5 0.1541294456 -0.2392654121 -0.9586429000 0.0618996657 0.9706689715 -0.2323148251 0.9861097932 -0.0235331189 0.1644191146
-19.1 -481.3 2621.8 0.1459256411 0.1175417602 -0.9822879434 -0.0107385665 0.9930462837 0.1172338203 0.9892372489 -0.0065590553 0.1461731344
148.2 -173.6 2334.6 0 0 0 0 0 0 0 0 0
225.8 -86.5 2551.9 0 0 0 0 0 0 0 0 0
-224.8 -753.0 2470.5 0 0 0 0 0 0 0 0 0
-47.7 -723.6 2623.4 0 0 0 0 0 0 0 0 0
266.1 352.3 2494.5 31 0.4531507194 0.7284675837 -0.5137990117 -0.3818334937 0.6794390082 0.6265507340 0.8055169582 -0.0877362266 0.5860416293
122.1 218.0 2511.9 0.4531507194 0.7284675837 -0.5137990117 -0.3818334937 0.6794390082 0.6265507340 0.8055169582 -0.0877362266 0.5860416293
-18.2 78.6 2531.2 0.4719454348 0.7057802081 -0.5283387303 -0.3637338281 0.7017704844 0.6125486493 0.8030972481 -0.0969148800 0.5879135132
56.0 269.0 2399.3 0.2292107493 0.2669779360 -0.9360476732 0.9387712479 0.1935053021 0.2850689292 0.2572372854 -0.9440754652 -0.2062777132
0.5 41.9 2337.1 -0.5630632639 0.2669779360 -0.7821013331 0.8263515234 0.1935053021 -0.5288656354 0.0101452898 -0.9440754652 -0.3295733631
188.3 167.0 2624.4 0.0652056709 0.9882046580 -0.1385630965 -0.7629392743 0.1388716996 0.6313781142 0.6431732774 0.0645457879 0.7629953623
210.7 -95.6 2845.8 0.0584282912 0.9882046580 0.1415543854 0.0476903729 0.1388716996 -0.9891613722 -0.9971518517 0.0645457879 -0.0390138142
-206.1 -15.2 2475.8 0.5954904556 -0.0560999326 -0.8014011979 0.0345238373 0.9984242916 -0.0442386642 0.8026202321 -0.0013237417 0.5964888930
-183.8 -412.2 2476.3 0.5858303905 0.1172497943 -0.8019072413 -0.0814988688 0.9929864407 0.0856494904 0.8063254356 0.0151784560 0.5912773609
-113.9 -93.2 2613.8 0.1232768670 -0.2417069525 -0.9624866843 0.0484606177 0.9701937437 -0.2374355048 0.9911883473 -0.0173723921 0.1313157231
-17.8 -478.9 2620.7 0.1169990301 0.1188503504 -0.9859948158 -0.0054329881 0.9928752184 0.1190350130 0.9931171536 -0.0085700825 0.1168111414
146.9 -172.8 2334.4 0 0 0 0 0 0 0 0 0
226.3 -82.8 2578.6 0 0 0 0 0 0 0 0 0
-224.1 -754.1 2471.1 0 0 0 0 0 0 0 0 0
-47.2 -724.6 2622.8 0 0 0 0 0 0 0 0 0
261.6 354.9 2487.2 32 0.4919533134 0.7204268575 -0.4888425767 -0.4041022658 0.6862893105 0.6047382951 0.7711571455 -0.0999606028 0.6287484169
119.3 219.3 2506.9 0.4919533134 0.7204268575 -0.4888425767 -0.4041022658 0.6862893105 0.6047382951 0.7711571455 -0.0999606028 0.6287484169
-19.0 78.1 2528.8 0.5129199624 0.6955283880 -0.5031434894 -0.3834264576 0.7100236416 0.5906357169 0.7680476904 -0.1100303084 0.6308692694
47.3 273.0 2399.2 0.1732777059 0.2618915141 -0.9494143724 0.9521204829 0.2019921243 0.2294901758 0.2518757582 -0.9437224269 -0.2143515497
3.5 32.1 2335.5 -0.5820381641 0.2618915141 -0.7698339820 0.8130652905 0.2019921243 -0.5460073352 0.0125057027 -0.9437224269 -0.3305020332
191.2 165.5 2614.6 0.1019878685 0.9892455339 -0.1048414484 -0.7812744975 0.1448919773 0.6071379781 0.6157991886 0.0199892391 0.7876495123
226.3 -103.4 2826.6 0.0088419495 0.9892455339 0.1459968388 0.0771745965 0.1448919773 -0.9864331484 -0.9969784021 0.0199892391 -0.0750634968
-201.7 -27.5 2477.2 0.6333810687 -0.0439159535 -0.7725929022 0.0204690807 0.9989898205 -0.0400040708 0.7735692859 0.0095235538 0.6336401701
-184.3 -424.7 2473.4 0.6241709590 0.1206692681 -0.7719129324 -0.0840420201 0.9926379323 0.0872174874 0.7767544985 0.0104345037 0.6297170520
-115.5 -94.0 2624.0 0.1686004996 -0.2496381104 -0.9535484910 0.0298664141 0.9682469368 -0.2482053638 0.9852318764 0.0133684753 0.1707027107
-16.3 -478.8 2618.7 0.1631942391 0.1261600703 -0.9784944057 -0.0139051164 0.9919859767 0.1255804747 0.9864959717 -0.0068879309 0.1636406779
154.7 -179.2 2332.2 0 0 0 0 0 0 0 0 0
228.7 -82.8 2559.4 0 0 0 0 0 0 0 0 0
-224.2 -753.5 2470.0 0 0 0 0 0 0 0 0 0
-47.4 -723.6 2620.4 0 0 0 0 0 0 0 0 0
262.0 363.5 2483.5 33 0.5248935819 0.7127397656 -0.4652834535 -0.4198467433 0.6923151612 0.5868802667 0.7404156923 -0.1127019525 0.6626332402
121.0 226.6 2505.7 0.5248935819 0.7127397656 -0.4652834535 -0.4198467433 0.6923151612 0.5868802667 0.7404156923 -0.1127019525 0.6626332402
-16.7 85.2 2529.2 0.5404458642 0.6932071447 -0.4768460095 -0.4043237269 0.7109900713 0.5753394365 0.7378621697 -0.1181396618 0.6645317078
45.2 283.3 2402.2 0.1645378917 0.2760362625 -0.9469589591 0.9517646432 0.2076384872 0.2258990258 0.2589814365 -0.9384509921 -0.2285571545
2.2 34.8 2334.6 -0.5807669163 0.2760362625 -0.7658419013 0.8140169978 0.2076384872 -0.5424597263 0.0092796879 -0.9384509921 -0.3452877700
196.9 169.8 2609.3 0.1229944527 0.9897283316 -0.0728712231 -0.7971043587 0.1422647238 0.5868435502 0.5911827087 -0.0140925329 0.8064145446
239.2 -104.7 2812.9 -0.0289416015 0.9897283316 0.1400008351 0.1028537825 0.1422647238 -0.9844703674 -0.9942753315 -0.0140925329 -0.1059146672
-204.1 -27.9 2480.4 0.6615300775 -0.0503990501 -0.7482231855 0.0176147521 0.9985081553 -0.0516840108 0.7497117519 0.0210107621 0.6614308953
-184.1 -424.9 2472.1 0.6527466774 0.1197937503 -0.7480449677 -0.0834978744 0.9927791953 0.0861255452 0.7529607415 0.0062420038 0.6580358148
-110.3 -98.1 2620.8 0.1958004534 -0.2339461446 -0.9523294568 0.0453081578 0.9722478986 -0.2295238078 0.9795965552 0.0017925736 0.2009662390
-17.3 -484.4 2620.1 0.1869242191 0.1269536465 -0.9741365910 -0.0281182025 0.9918996096 0.1238730773 0.9819718599 0.0042360923 0.1889797598
153.2 -176.8 2332.2 0 0 0 0 0 0 0 0 0
231.5 -77.2 2546.3 0 0 0 0 0 0 0 0 0
-223.7 -753.5 2470.0 0 0 0 0 0 0 0 0 0
-47.6 -720.9 2619.1 0 0 0 0 0 0 0 0 0
259.0 367.5 2489.1 34 0.4880822301 0.7128512859 -0.5036057830 -0.3945648968 0.6948875189 0.6012070179 0.7785205841 -0.0947333053 0.6204283237
118.3 230.3 2507.8 0.4880822301 0.7128512859 -0.5036057830 -0.3945648968 0.6948875189 0.6012070179 0.7785205841 -0.0947333053 0.6204283237
-18.6 87.8 2529.1 0.5090433955 0.6889777184 -0.5159307122 -0.3734558225 0.7168340683 0.5887950659 0.7755033970 -0.1070449129 0.6222023964
46.9 282.8 2399.0 0.1838482320 0.2684838772 -0.9455772042 0.9483866096 0.2044195235 0.2424366176 0.2583847642 -0.9413442612 -0.2170443535
0.6 43.8 2333.9 -0.5660172701 0.2684838772 -0.7794490457 0.8242066503 0.2044195235 -0.5281061530 0.0175466184 -0.9413442612 -0.3369911611
189.7 177.9 2616.6 0.1039926484 0.9873556495 -0.1196428016 -0.7765449286 0.1557669044 0.6105036139 0.6214205623 0.0294201244 0.7829245925
225.5 -89.6 2830.7 0.0183975119 0.9873556495 0.1574496776 0.0717382431 0.1557669044 -0.9851853848 -0.9972538352 0.0294201244 -0.0679654405
-203.9 -19.1 2485.2 0.6266382337 -0.0548120588 -0.7773802876 0.0060441811 0.9978353381 -0.0654838979 0.7792868614 0.0363360867 0.6256130934
-182.2 -415.8 2470.7 0.6186314821 0.1221660227 -0.7761253119 -0.0766200274 0.9925094843 0.0951539278 0.7819363475 0.0006015292 0.6233580112
-105.0 -93.1 2620.2 0.1571075171 -0.2213613540 -0.9624533057 0.0377977155 0.9751895666 -0.2181206793 0.9868579507 -0.0021101378 0.1615765691
-17.1 -480.8 2621.0 0.1501106471 0.1231018081 -0.9809753895 -0.0207492206 0.9923917651 0.1213593557 0.9884514213 0.0021371439 0.1515228301
147.7 -170.4 2329.4 0 0 0 0 0 0 0 0 0
230.4 -70.4 2563.3 0 0 0 0 0 0 0 0 0
-223.9 -755.3 2470.5 0 0 0 0 0 0 0 0 0
-46.8 -720.7 2620.5 0 0 0 0 0 0 0 0 0
257.8 368.9 2484.0 35 0.5253787637 0.7090926766 -0.4702815711 -0.4185419381 0.6965882182 0.5827413797 0.7408102155 -0.1093273759 0.6627576351
117.2 230.7 2505.6 0.5253787637 0.7090926766 -0.4702815711 -0.4185419381 0.6965882182 0.5827413797 0.7408102155 -0.1093273759 0.6627576351
-19.3 87.9 2528.0 0.5415950418 0.6866325736 -0.4849850833 -0.4021036327 0.7182438970 0.5678365827 0.7382326722 -0.1125232205 0.6650947928
41.2 287.1 2402.1 0.1511009932 0.2841492295 -0.9467986822 0.9512666464 0.2186609954 0.2174376547 0.2688126862 -0.9335130453 -0.2372617871
2.2 41.7 2332.7 -0.5677007437 0.2841492295 -0.7726415992 0.8229926825 0.2186609954 -0.5242808461 0.0199725814 -0.9335130453 -0.3579867482
193.1 174.2 2609.2 0.1283338070 0.9883671403 -0.0816140175 -0.7984074354 0.1517826021 0.5826727748 0.5882822275 -0.0096153785 0.8085985184
237.3 -100.8 2811.8 -0.0260869861 0.9883671403 0.1498328447 0.1069064364 0.1517826021 -0.9826154113 -0.9939268231 -0.0096153785 -0.1096223593
-202.0 -20.6 2479.5 0.6588990092 -0.0503143370 -0.7505468130 0.0170514025 0.9985032082 -0.0519672781 0.7520381212 0.0214433130 0.6587707400
-182.0 -417.5 2471.0 0.6498170495 0.1236758009 -0.7499613762 -0.0821071267 0.9923216105 0.0925001651 0.7556428909 0.0014689864 0.6549822092
-109.0 -88.9 2621.4 0.1913562715 -0.2395891547 -0.9518297315 0.0446752682 0.9708710909 -0.2354006022 0.9805033803 0.0025221331 0.1964859813
-13.7 -474.8 2620.4 0.1833697110 0.1313918084 -0.9742236733 -0.0184200723 0.9913127422 0.1302295327 0.9828714132 -0.0059348815 0.1841969788
149.8 -172.2 2327.5 0 0 0 0 0 0 0 0 0
230.3 -72.1 2545.4 0 0 0 0 0 0 0 0 0
-224.1 -755.3 2470.5 0 0 0 0 0 0 0 0 0
-46.5 -722.4 2621.9 0 0 0 0 0 0 0 0 0
251.5 367.4 2481.4 36 0.5148898363 0.6990344524 -0.4962250292 -0.3841965795 0.7056319714 0.5953793526 0.7663429379 -0.1159068123 0.6318893433
113.0 227.6 2504.3 0.5148898363 0.6990344524 -0.4962250292 -0.3841965795 0.7056319714 0.5953793526 0.7663429379 -0.1159068123 0.6318893433
-21.7 83.3 2528.1 0.5296738744 0.6775478125 -0.5102690458 -0.3688243330 0.7257183790 0.5807765722 0.7638155222 -0.1194225177 0.6342902184
38.6 279.4 2397.1 0.1508478224 0.3083031774 -0.9392518997 0.9504454732 0.2160423249 0.2235600203 0.2718424201 -0.9264312387 -0.2604358494
1.4 44.9 2330.0 -0.5738117695 0.3083031774 -0.7587418556 0.8189871907 0.2160423249 -0.5315878987 0.0000301212 -0.9264312387 -0.3764639795
187.3 175.8 2611.6 0.1268342882 0.9856550097 -0.1113428026 -0.7763937116 0.1685094684 0.6073033810 0.6173539758 0.0094189588 0.7866291404
231.0 -91.7 2824.3 -0.0031505041 0.9856550097 0.1687430888 0.0741695985 0.1685094684 -0.9829056263 -0.9972406626 0.0094189588 -0.0736365244
-205.2 -18.2 2482.9 0.6427147388 -0.0555875264 -0.7640862465 0.0057066423 0.9976838827 -0.0677816644 0.7660843134 0.0392039083 0.6415433288
-183.1 -414.8 2467.3 0.6355999112 0.1203293875 -0.7625834942 -0.0672965944 0.9926542640 0.1005421355 0.7690799236 -0.0125853047 0.6390287280
-106.2 -91.8 2617.9 0.1746704727 -0.2426679879 -0.9542549253 0.0475645103 0.9701018929 -0.2379914969 0.9834774137 -0.0038185790 0.1809905320
-9.7 -477.4 2619.4 0.1655490845 0.1473956704 -0.9751245975 -0.0159655418 0.9890390635 0.1467884183 0.9860723019 -0.0087322956 0.1660877615
150.6 -168.0 2330.0 0 0 0 0 0 0 0 0 0
230.2 -71.8 2556.7 0 0 0 0 0 0 0 0 0
-224.5 -755.9 2471.6 0 0 0 0 0 0 0 0 0
-46.1 -721.8 2621.6 0 0 0 0 0 0 0 0 0
245.4 365.1 2488.1 37 0.4716516435 0.6948569417 -0.5428798795 -0.3394146860 0.7112852931 0.6155248880 0.8138442039 -0.1060519069 0.5713235140
107.9 224.3 2509.1 0.4716516435 0.6948569417 -0.5428798795 -0.3394146860 0.7112852931 0.6155248880 0.8138442039 -0.1060519069 0.5713235140
-25.3 78.6 2531.9 0.4893162251 0.6704408526 -0.5577442646 -0.3207273781 0.7330580354 0.5997998714 0.8109892607 -0.1146079302 0.5737259388
39.4 269.3 2395.4 0.1834975183 0.2596580982 -0.9481067061 0.9454464912 0.2174903154 0.2425467521 0.2691832483 -0.9408908486 -0.2055839151
-5.2 39.4 2329.9 -0.6290551424 0.2596580982 -0.7327123284 0.7773368955 0.2174903154 -0.5902925730 0.0060835737 -0.9408908486 -0.3386552334
176.4 179.3 2622.7 0.1024398059 0.9802803397 -0.1689868271 -0.7434211373 0.1883191466 0.6417639256 0.6609320045 0.0598862097 0.7480524778
211.7 -76.6 2850.2 0.0558564588 0.9802803397 0.1895534694 0.0266379863 0.1883191466 -0.9817465544 -0.9980834126 0.0598862097 -0.0155938538
-204.8 -27.2 2482.0 0.5991507173 -0.0564838275 -0.7986413240 -0.0021579878 0.9973908067 -0.0721593127 0.8006333709 0.0449577607 0.5974655151
-182.4 -423.7 2464.1 0.5932193995 0.1262130290 -0.7950855494 -0.0555938855 0.9916986227 0.1159446463 0.8031189442 -0.0245787166 0.5953115225
-107.9 -94.7 2621.8 0.1363138855 -0.2499071211 -0.9586265683 0.0150523772 0.9680697918 -0.2502284944 0.9905513525 0.0196800083 0.1357230395
-8.6 -479.5 2614.0 0.1362077892 0.1561740786 -0.9782929420 0.0143816965 0.9870803356 0.1595792621 0.9905759096 -0.0358054526 0.1322019845
156.3 -160.3 2328.4 0 0 0 0 0 0 0 0 0
226.6 -69.5 2582.9 0 0 0 0 0 0 0 0 0
-224.6 -755.4 2472.3 0 0 0 0 0 0 0 0 0
-46.6 -720.0 2622.7 0 0 0 0 0 0 0 0 0
247.4 370.1 2485.4 38 0.5252282619 0.6955680847 -0.4902248085 -0.4027547538 0.7106675506 0.5768363476 0.7496158481 -0.1055303738 0.6534060240
109.9 229.6 2506.3 0.5252282619 0.6955680847 -0.4902248085 -0.4027547538 0.7106675506 0.5768363476 0.7496158481 -0.1055303738 0.6534060240
-22.6 82.9 2527.5 0.5439267755 0.6661532521 -0.5102778673 -0.3828605115 0.7381303906 0.5555009842 0.7467004061 -0.1067866534 0.6565326452
33.9 283.1 2402.0 0.1647044867 0.2739460766 -0.9475367665 0.9432747960 0.2370246947 0.2324907929 0.2882795632 -0.9320798516 -0.2193673998
-9.3 35.9 2326.5 -0.6605209708 0.2739460766 -0.6990461946 0.7508007884 0.2370246947 -0.6165366769 -0.0032065937 -0.9320798516 -0.3622387052
185.9 176.2 2610.6 0.1429715604 0.9837695956 -0.1084277332 -0.7925525904 0.1794174761 0.5828119516 0.5928065181 0.0026091484 0.8053407073
235.0 -95.8 2814.0 -0.0161133595 0.9837695956 0.1787114888 0.1028150320 0.1794174761 -0.9783856273 -0.9945699573 0.0026091484 -0.1040373147
-203.2 -37.8 2480.7 0.6525719166 -0.0449644066 -0.7563915253 -0.0064287805 0.9978733063 -0.0648659095 0.7576995492 0.0471923426 0.6508949995
-185.4 -434.6 2462.0 0.6471285820 0.1217484623 -0.7525967956 -0.0579631776 0.9921662211 0.1106636152 0.7601742148 -0.0279906895 0.6491160393
-113.9 -96.5 2628.9 0.1893455237 -0.2629299462 -0.9460529089 0.0082348669 0.9638731480 -0.2662344575 0.9818760157 0.0426196791 0.1846702546
-9.4 -479.5 2612.0 0.1894292235 0.1560734063 -0.9694109559 0.0087640705 0.9869783521 0.1606142819 0.9818552732 -0.0389210247 0.1855947077
159.6 -156.0 2327.3 0 0 0 0 0 0 0 0 0
230.7 -68.4 2548.5 0 0 0 0 0 0 0 0 0
-224.3 -752.1 2470.9 0 0 0 0 0 0 0 0 0
-47.5 -720.4 2621.5 0 0 0 0 0 0 0 0 0
246.0 368.8 2476.1 39 0.5552204251 0.6927670240 -0.4602218866 -0.4193599224 0.7110449076 0.5644044280 0.7182391882 -0.1203702614 0.6853053570
108.6 227.7 2500.0 0.5552204251 0.6927670240 -0.4602218866 -0.4193599224 0.7110449076 0.5644044280 0.7182391882 -0.1203702614 0.6853053570
-23.9 81.3 2523.6 0.5715581179 0.6661971807 -0.4790643454 -0.4019597769 0.7362920046 0.5443366766 0.7153667808 -0.1185554415 0.6886181235
28.5 284.0 2399.8 0.1484555155 0.2686911523 -0.9517174363 0.9462042451 0.2411953658 0.2156903893 0.2875039279 -0.9325394630 -0.2184299082
-10.7 34.5 2324.0 -0.6956065893 0.2686911523 -0.6662856340 0.7182735801 0.2411953658 -0.6526162028 -0.0146471839 -0.9325394630 -0.3607708216
188.6 171.4 2600.2 0.1629937589 0.9840134978 -0.0717664361 -0.8055891991 0.1747279763 0.5661237836 0.5696130991 -0.0344603769 0.8211902380
244.7 -105.7 2796.1 -0.0567056239 0.9840134978 0.1688249260 0.1239665076 0.1747279763 -0.9767816663 -0.9906648397 -0.0344603769 -0.1318927854
-204.6 -28.9 2480.7 0.6818847656 -0.0515963174 -0.7296375632 0.0015153320 0.9976065159 -0.0691295862 0.7314580083 0.0460327715 0.6803309321
-184.1 -425.5 2462.4 0.6755418777 0.1203516349 -0.7274329066 -0.0624534860 0.9923827648 0.1061884090 0.7346718311 -0.0263039954 0.6779124737
-105.5 -98.6 2616.7 0.2163027823 -0.2390966266 -0.9465970397 0.0382950120 0.9708814621 -0.2364798784 0.9755750299 0.0149013102 0.2191605568
-10.5 -484.3 2610.8 0.2117567658 0.1526183635 -0.9653324485 0.0082524009 0.9874173999 0.1579202414 0.9772875309 -0.0414069891 0.2078328431
167.7 -149.7 2327.8 0 0 0 0 0 0 0 0 0
229.5 -72.6 2530.9 0 0 0 0 0 0 0 0 0
-223.6 -751.2 2471.1 0 0 0 0 0 0 0 0 0
-46.8 -719.1 2620.6 0 0 0 0 0 0 0 0 0
247.3 373.2 2479.4 40 0.5824725032 0.6823611259 -0.4417115152 -0.4504126608 0.7233004570 0.5234165788 0.6766492724 -0.1059233099 0.7286466956
112.7 230.6 2500.3 0.5824725032 0.6823611259 -0.4417115152 -0.4504126608 0.7233004570 0.5234165788 0.6766492724 -0.1059233099 0.7286466956
-19.2 83.4 2521.6 0.5958554745 0.6631776094 -0.4529367387 -0.4358509481 0.7407467365 0.5112026930 0.6745296121 -0.1071900278 0.7304246426
29.2 291.7 2405.8 0.1461391449 0.2787895799 -0.9491679072 0.9402946234 0.2589874268 0.2208427340 0.3073911965 -0.9247712493 -0.2242961377
-10.2 38.3 2323.0 -0.7034577131 0.2787895799 -0.6537764072 0.7106171250 0.2589874268 -0.6541779637 -0.0130581185 -0.9247712493 -0.3802993596
196.3 169.5 2594.8 0.1818808615 0.9824535251 -0.0412841588 -0.8316820860 0.1760966629 0.5265879631 0.5246182084 -0.0614409782 0.8491176367
258.9 -116.6 2775.3 -0.0919623971 0.9824535251 0.1622588933 0.1707853824 0.1760966629 -0.9694443345 -0.9810072780 -0.0614409782 -0.1839829832
-208.5 -28.3 2481.8 0.7051749825 -0.0637228787 -0.7061640620 0.0094488915 0.9967094064 -0.0805054680 0.7089703679 0.0500979759 0.7034566402
-183.1 -424.6 2461.9 0.6979124546 0.1218947619 -0.7057335973 -0.0663957372 0.9921779633 0.1057096943 0.7130987644 -0.0269184131 0.7005466223
-104.1 -101.8 2612.4 0.2347246706 -0.2322980464 -0.9438971877 0.0596108921 0.9726381302 -0.2245475352 0.9702323675 -0.0035597072 0.2421496660
-11.8 -488.3 2613.8 0.2262243181 0.1492123604 -0.9625789523 0.0006480447 0.9881744981 0.1533322930 0.9740750194 -0.0353112891 0.2234524041
171.4 -145.1 2326.4 0 0 0 0 0 0 0 0 0
234.2 -70.9 2512.6 0 0 0 0 0 0 0 0 0
-223.7 -754.7 2470.9 0 0 0 0 0 0 0 0 0
-46.6 -719.1 2622.1 0 0 0 0 0 0 0 0 0
244.6 371.0 2487.6 41 0.5648331046 0.6851745248 -0.4598907530 -0.4532873631 0.7233118415 0.5209131837 0.6895608306 -0.0857663229 0.7191314101
109.5 228.3 2504.5 0.5648331046 0.6851745248 -0.4598907530 -0.4532873631 0.7233118415 0.5209131837 0.6895608306 -0.0857663229 0.7191314101
-22.1 80.3 2521.7 0.5803155303 0.6620760560 -0.4742248654 -0.4364199638 0.7444546819 0.5052968264 0.6875838041 -0.0862703845 0.7209618092
27.9 289.6 2408.0 0.1135135964 0.3023397624 -0.9464170933 0.9393410087 0.2776532769 0.2013632208 0.3236559033 -0.9118658304 -0.2524827123
-3.2 31.7 2319.1 -0.7611334920 0.3023397624 -0.5738174915 0.6462078094 0.2776532769 -0.7108615637 -0.0555994101 -0.9118658304 -0.4067054987
191.0 167.0 2601.1 0.1730323434 0.9826688766 -0.0664957687 -0.8331797719 0.1820447892 0.5221792459 0.5252345204 -0.0349509642 0.8502394557
250.6 -120.1 2782.0 -0.0673900023 0.9826688766 0.1726860255 0.1751894206 0.1820447892 -0.9675579071 -0.9822256565 -0.0349509642 -0.1844211966
-205.5 -24.0 2481.3 0.6865063310 -0.0578911081 -0.7248156071 0.0092932396 0.9974427223 -0.0708638132 0.7270644307 0.0419125706 0.6852887273
-182.5 -420.6 2464.6 0.6792657971 0.1223824173 -0.7236162424 -0.0649518967 0.9921537042 0.1068281233 0.7310124636 -0.0255644452 0.6818850636
-96.5 -103.6 2604.5 0.2066107392 -0.2074361295 -0.9561811090 0.0671833754 0.9779685736 -0.1976458281 0.9761139154 -0.0234037209 0.2159950584
-14.1 -492.2 2613.8 0.1996220201 0.1374146789 -0.9701898098 0.0148633076 0.9895793796 0.1432191730 0.9797602296 -0.0430099294 0.1954993904
194.7 -136.4 2333.6 0 0 0 0 0 0 0 0 0
232.5 -73.1 2518.5 0 0 0 0 0 0 0 0 0
-223.7 -755.0 2473.2 0 0 0 0 0 0 0 0 0
-45.9 -721.3 2623.8 0 0 0 0 0 0 0 0 0
248.1 369.1 2491.7 42 0.5772800446 0.6846717596 -0.4449408352 -0.4727862477 0.7245410681 0.5015110970 0.6657484174 -0.0791504309 0.7419664860
113.4 226.6 2507.3 0.5772800446 0.6846717596 -0.4449408352 -0.4727862477 0.7245410681 0.5015110970 0.6657484174 -0.0791504309 0.7419664860
-18.0 78.3 2522.5 0.5920427442 0.6613827944 -0.4604977369 -0.4566567838 0.7461305857 0.4845139384 0.6640406251 -0.0765635371 0.7437661290
30.2 290.8 2414.0 0.0981692672 0.3088750243 -0.9460227489 0.9355737567 0.2953800559 0.1935261190 0.3392116129 -0.9040723443 -0.2599781454
2.4 25.1 2317.6 -0.7992054820 0.3088750243 -0.5156227350 0.5959301591 0.2953800559 -0.7467381358 -0.0783441067 -0.9040723443 -0.4201373160
196.7 162.4 2600.5 0.1816067398 0.9820665121 -0.0506389663 -0.8480852246 0.1824806333 0.4974457324 0.4977654517 -0.0473933369 0.8660158515
259.2 -129.9 2772.1 -0.0848925412 0.9820665121 0.1683406383 0.2035488933 0.1824806333 -0.9619088769 -0.9753774405 -0.0473933369 -0.2153898031
-206.9 -27.7 2475.9 0.6981977224 -0.0532731712 -0.7139201164 0.0115852822 0.9979376197 -0.0631366000 0.7158112526 0.0358108617 0.6973749995
-185.7 -424.4 2461.6 0.6923851371 0.1117727235 -0.7128181458 -0.0532552861 0.9931503534 0.1040012166 0.7195600867 -0.0340475664 0.6935950518
-100.6 -107.6 2601.7 0.2146459371 -0.2139656842 -0.9529668689 0.0833036974 0.9761639237 -0.2004107386 0.9731329083 -0.0363683105 0.2273537666
-15.5 -495.5 2616.2 0.2043195814 0.1304886341 -0.9701681137 -0.0007164140 0.9910953045 0.1331524700 0.9789039493 -0.0265106168 0.2025936693
212.6 -131.7 2338.3 0 0 0 0 0 0 0 0 0
236.5 -75.2 2510.3 0 0 0 0 0 0 0 0 0
-222.9 -755.5 2473.0 0 0 0 0 0 0 0 0 0
-45.6 -723.7 2622.3 0 0 0 0 0 0 0 0 0
246.6 368.8 2485.2 43 0.5855100751 0.6853417754 -0.4329949021 -0.4704483747 0.7222391367 0.5069999099 0.6601940989 -0.0931518152 0.7452962399
111.0 226.0 2503.7 0.5855100751 0.6853417754 -0.4329949021 -0.4704483747 0.7222391367 0.5069999099 0.6601940989 -0.0931518152 0.7452962399
-20.7 77.9 2520.0 0.5968146920 0.6622692943 -0.4530028403 -0.4581422806 0.7447602153 0.4852194488 0.6587244272 -0.0820463523 0.7478973866
27.1 290.4 2411.0 0.0747353658 0.3110971451 -0.9474350810 0.9382125735 0.2999939620 0.1725130677 0.3378931284 -0.9017883539 -0.2694551051
5.6 21.5 2314.2 -0.8178690076 0.3110971451 -0.4840545952 0.5677964091 0.2999939620 -0.7665578127 -0.0932604894 -0.9017883539 -0.4219956100
194.9 161.5 2596.3 0.1843867153 0.9819445610 -0.0422661826 -0.8485252261 0.1807404011 0.4973306954 0.4959903657 -0.0558372475 0.8665308952
258.5 -131.1 2767.4 -0.0929595977 0.9819445610 0.1647525430 0.2039650381 0.1807404011 -0.9621492624 -0.9745546579 -0.0558372475 -0.2170839161
-203.8 -28.1 2476.9 0.7047154903 -0.0444801897 -0.7080943584 0.0033403502 0.9982298017 -0.0593811423 0.7094821930 0.0394815281 0.7036165595
-186.1 -425.0 2461.2 0.6992691755 0.1112625301 -0.7061467767 -0.0568004362 0.9933380485 0.1002659947 0.7125983238 -0.0300034694 0.7009304166
-95.3 -111.8 2598.5 0.2213176042 -0.1982302517 -0.9548420310 0.0917379558 0.9790126085 -0.1819847524 0.9708772898 -0.0473188274 0.2348579615
-16.5 -500.9 2617.3 0.2092889845 0.1300168782 -0.9691716433 -0.0081269899 0.9913182259 0.1312329024 0.9778200388 -0.0195891540 0.2085286379
223.4 -129.7 2339.0 0 0 0 0 0 0 0 0 0
233.6 -76.3 2505.5 0 0 0 0 0 0 0 0 0
-222.9 -753.9 2471.1 0 0 0 0 0 0 0 0 0
-45.7 -723.8 2621.7 0 0 0 0 0 0 0 0 0
252.0 363.6 2490.5 44 0.5471833944 0.7044742703 -0.4520025253 -0.4613998830 0.7044307590 0.5393398404 0.6983555555 -0.0865639150 0.7104972005
112.2 223.8 2507.7 0.5471833944 0.7044742703 -0.4520025253 -0.4613998830 0.7044307590 0.5393398404 0.6983555555 -0.0865639150 0.7104972005
-23.1 79.1 2523.6 0.5607195497 0.6808502078 -0.4712075591 -0.4474035501 0.7279894352 0.5194819570 0.6967235208 -0.0804637671 0.7128127217
33.4 286.6 2409.8 0.0982592478 0.2977820039 -0.9495635629 0.9318351150 0.3074095547 0.1928279996 0.3493256271 -0.9037838578 -0.2472779006
5.3 20.8 2310.2 -0.8280997276 0.2977820039 -0.4749492109 0.5541996956 0.3074095547 -0.7735386491 -0.0843419731 -0.9037838578 -0.4195964336
191.0 161.0 2605.6 0.1464398205 0.9871074557 -0.0646085069 -0.8348255754 0.1583579630 0.5272465944 0.5306802988 -0.0232730638 0.8472524881
241.4 -126.7 2788.4 -0.0507984236 0.9871074557 0.1517840624 0.1720661670 0.1583579630 -0.9722735882 -0.9837747216 -0.0232730638 -0.1778921336
-207.0 -28.1 2475.9 0.6766452193 -0.0559816770 -0.7341779470 0.0091463625 0.9976676106 -0.0676433668 0.7362523675 0.0390555039 0.6755790710
-184.8 -424.8 2460.4 0.6707023978 0.1154874414 -0.7326806784 -0.0534968972 0.9927635789 0.1075109914 0.7397948503 -0.0329117402 0.6720271111
-97.6 -112.1 2596.7 0.1912973821 -0.2005048990 -0.9608345628 0.0889490992 0.9784263968 -0.1864666045 0.9774934053 -0.0497947969 0.2050051391
-17.9 -501.1 2616.5 0.1800011694 0.1277182996 -0.9753397703 -0.0050740736 0.9916424751 0.1289166659 0.9836533070 -0.0182562061 0.1791448444
228.6 -128.6 2332.9 0 0 0 0 0 0 0 0 0
227.8 -80.5 2524.3 0 0 0 0 0 0 0 0 0
-223.0 -753.4 2471.3 0 0 0 0 0 0 0 0 0
-46.5 -723.1 2620.5 0 0 0 0 0 0 0 0 0
252.8 364.9 2476.6 45 0.5714523792 0.7070742846 -0.4165190458 -0.4674035013 0.6976231337 0.5430063605 0.6745191813 -0.1156198457 0.7291474342
111.9 225.9 2499.7 0.5714523792 0.7070742846 -0.4165190458 -0.4674035013 0.6976231337 0.5430063605 0.6745191813 -0.1156198457 0.7291474342
-23.9 82.4 2520.7 0.5841539502 0.6837155819 -0.4373753369 -0.4544385672 0.7220085263 0.5217176080 0.6724951863 -0.1060031652 0.7324708700
29.8 289.8 2405.2 0.0926464349 0.2813377976 -0.9551259875 0.9334940314 0.3091955185 0.1816234440 0.3464182317 -0.9084311724 -0.2339812964
3.2 21.4 2305.6 -0.8336355090 0.2813377976 -0.4752903283 0.5476306677 0.3091955185 -0.7774952054 -0.0717811584 -0.9084311724 -0.4118255675
194.0 162.0 2594.2 0.1600805223 0.9867631793 -0.0259346627 -0.8376477361 0.1496959925 0.5252974629 0.5222265124 -0.0623657852 0.8505233526
249.1 -126.8 2774.2 -0.0886252373 0.9867631793 0.1358084977 0.1757305562 0.1496959925 -0.9729901552 -0.9804409146 -0.0623657852 -0.1866712868
-209.8 -24.7 2475.6 0.7051255703 -0.0628817454 -0.7062887549 0.0126387784 0.9970164299 -0.0761476159 0.7089698315 0.0447670035 0.7038165331
-184.8 -421.1 2457.8 0.6990065575 0.1164096221 -0.7055767775 -0.0524053425 0.9923473597 0.1118051261 0.7131924629 -0.0411765203 0.6997578144
-107.1 -106.6 2603.2 0.2292992473 -0.2273093462 -0.9464419484 0.0935447589 0.9729946852 -0.2110230327 0.9688504934 -0.0401472598 0.2443705350
-16.7 -493.2 2619.2 0.2153713405 0.1318229884 -0.9675938487 -0.0224347357 0.9912532568 0.1300526708 0.9762744904 -0.0063019064 0.2164449543
229.8 -127.5 2325.1 0 0 0 0 0 0 0 0 0
225.4 -79.6 2511.0 0 0 0 0 0 0 0 0 0
-223.8 -752.9 2471.6 0 0 0 0 0 0 0 0 0
-47.3 -722.7 2620.7 0 0 0 0 0 0 0 0 0
247.5 366.0 2486.7 46 0.5304751396 0.6938765645 -0.4869614244 -0.4216303825 0.7143241167 0.5585417747 0.7354073524 -0.0909748226 0.6714906096
110.2 224.7 2504.7 0.5304751396 0.6938765645 -0.4869614244 -0.4216303825 0.7143241167 0.5585417747 0.7354073524 -0.0909748226 0.6714906096
-22.8 78.2 2522.5 0.5444708467 0.6702431440 -0.5043070316 -0.4067420959 0.7367928624 0.5400899649 0.7335613966 -0.0889403522 0.6737783551
34.1 281.8 2401.9 0.1110348403 0.3107920587 -0.9439700842 0.9262447357 0.3118970990 0.2116386741 0.3601971567 -0.8978465796 -0.2532380521
2.9 22.1 2300.9 -0.8326965570 0.3107920587 -0.4582845867 0.5448110700 0.3118970990 -0.7783964872 -0.0989818126 -0.8978465796 -0.4290385842
186.4 167.6 2607.5 0.1413170844 0.9846023321 -0.1028964147 -0.8091389537 0.1747638136 0.5610274076 0.5703715086 0.0039747357 0.8213772178
235.1 -111.0 2803.9 -0.0192287080 0.9846023321 0.1737482250 0.1308762729 0.1747638136 -0.9758734703 -0.9912121892 0.0039747357 -0.1322215796
-213.2 -19.5 2480.1 0.6547915936 -0.0734543204 -0.7522316575 0.0065204026 0.9957781434 -0.0915604979 0.7557813525 0.0550481901 0.6525061131
-184.0 -415.4 2458.2 0.6495225430 0.1165818796 -0.7513515353 -0.0461789928 0.9923996925 0.1140631512 0.7589386702 -0.0393899344 0.6499695778
-106.2 -102.8 2603.3 0.1719238907 -0.2270621508 -0.9585848451 0.0705488846 0.9734131098 -0.2179214954 0.9825807810 -0.0301611871 0.1833719462
-16.0 -489.7 2615.3 0.1618668288 0.1354656070 -0.9774702787 -0.0066126292 0.9906595349 0.1361984462 0.9867904782 -0.0155823613 0.1612506956
231.3 -127.3 2328.1 0 0 0 0 0 0 0 0 0
229.9 -76.0 2538.5 0 0 0 0 0 0 0 0 0
-223.8 -754.0 2471.7 0 0 0 0 0 0 0 0 0
-47.5 -720.3 2618.9 0 0 0 0 0 0 0 0 0
247.5 364.8 2490.7 47 0.4989950061 0.7069212794 -0.5012647510 -0.4142052531 0.7026298642 0.5785717964 0.7612082362 -0.0810779333 0.6434192657
107.5 225.7 2506.8 0.4989950061 0.7069212794 -0.5012647510 -0.4142052531 0.7026298642 0.5785717964 0.7612082362 -0.0810779333 0.6434192657
-25.9 79.2 2521.4 0.5165821910 0.6721700430 -0.5304057598 -0.3958489895 0.7367687225 0.5481563807 0.7592406869 -0.0732072219 0.6466794014
35.1 281.4 2400.3 0.1089947522 0.3518122733 -0.9297033548 0.9244848490 0.3078324795 0.2248709053 0.3653052151 -0.8840063810 -0.2916929722
4.5 21.1 2297.4 -0.8302637339 0.3518122733 -0.4323080778 0.5387638211 0.3078324795 -0.7842019200 -0.1428133994 -0.8840063810 -0.4451258481
180.0 170.1 2613.3 0.1212455332 0.9833794236 -0.1351458132 -0.8009487391 0.1773442477 0.5718654990 0.5863281488 0.0389087275 0.8091387153
221.7 -105.9 2815.4 0.0181982741 0.9833794236 0.1806479841 0.1169446260 0.1773442477 -0.9771760106 -0.9929717183 0.0389087275 -0.1117735803
-205.5 -31.1 2473.3 0.6255919337 -0.0445039757 -0.7788800597 0.0150909051 0.9988750815 -0.0449532196 0.7800045013 0.0163683649 0.6255598068
-187.8 -427.7 2466.8 0.6189419031 0.1112012863 -0.7775250673 -0.0604333542 0.9937347770 0.0940160677 0.7831083536 -0.0112020383 0.6217843294
-106.2 -105.5 2607.4 0.1422192603 -0.2262288630 -0.9636359215 0.0494267158 0.9739403129 -0.2213532925 0.9886003733 -0.0161486566 0.1496948153
-16.2 -492.7 2613.8 0.1362768412 0.1330249608 -0.9816990495 0.0041052899 0.9908593893 0.1348361224 0.9906622767 -0.0224051997 0.1344850808
234.4 -128.0 2337.0 0 0 0 0 0 0 0 0 0
226.6 -74.6 2549.1 0 0 0 0 0 0 0 0 0
-224.1 -752.3 2470.5 0 0 0 0 0 0 0 0 0
-46.9 -720.9 2619.0 0 0 0 0 0 0 0 0 0
250.3 362.7 2493.8 48 0.5031584501 0.7137399912 -0.4872440696 -0.4276864231 0.6955856085 0.5772737861 0.7509433031 -0.0820725337 0.6552466750
109.5 225.4 2510.0 0.5031584501 0.7137399912 -0.4872440696 -0.4276864231 0.6955856085 0.5772737861 0.7509433031 -0.0820725337 0.6552466750
-25.3 80.1 2524.2 0.5204287171 0.6786574721 -0.5182451010 -0.4099924266 0.7309738398 0.5455121398 0.7490394711 -0.0714236200 0.6586642265
36.4 283.1 2404.7 0.1038496941 0.4081294537 -0.9069980979 0.9172291160 0.3133214414 0.2460089624 0.3845854402 -0.8574730754 -0.3418098688
6.6 19.6 2294.2 -0.8229482770 0.4081294537 -0.3952043653 0.5328725576 0.3133214414 -0.7860512137 -0.1969846487 -0.8574730754 -0.4753283262
182.6 167.8 2615.2 0.1199210063 0.9853389859 -0.1213509887 -0.8088263273 0.1678475887 0.5635842085 0.5756899714 0.0305662919 0.8170965314
223.9 -111.2 2813.7 0.0088920342 0.9853389859 0.1703761816 0.1283928007 0.1678475887 -0.9774162173 -0.9916835427 0.0305662919 -0.1250179112
-206.6 -31.0 2466.6 0.6326109171 -0.0399439484 -0.7734389901 0.0293585025 0.9991881251 -0.0275897775 0.7739130855 -0.0052534160 0.6332700253
-190.7 -428.0 2468.7 0.6261872053 0.1005987450 -0.7731555104 -0.0584273264 0.9949074388 0.0821309462 0.7774804235 -0.0062559387 0.6288760304
-112.2 -103.6 2605.5 0.1486090124 -0.2429771423 -0.9585809708 0.0542525500 0.9698879123 -0.2374323905 0.9874067307 -0.0167208705 0.1573162079
-15.6 -489.1 2612.1 0.1429250538 0.1305853426 -0.9810810089 0.0100467782 0.9910151958 0.1333712488 0.9896824956 -0.0289187972 0.1403289437
237.7 -130.1 2349.5 0 0 0 0 0 0 0 0 0
226.3 -76.7 2547.5 0 0 0 0 0 0 0 0 0
-223.8 -755.7 2470.7 0 0 0 0 0 0 0 0 0
-46.2 -721.7 2618.9 0 0 0 0 0 0 0 0 0
248.1 362.3 2494.8 49 0.4807543755 0.7010775805 -0.5266550183 -0.3867441118 0.7085758448 0.5902112722 0.7869588733 -0.0800659209 0.6117885113
110.2 223.0 2510.5 0.4807543755 0.7010775805 -0.5266550183 -0.3867441118 0.7085758448 0.5902112722 0.7869588733 -0.0800659209 0.6117885113
-23.2 76.5 2526.5 0.4982202351 0.6710596085 -0.5490496755 -0.3683425486 0.7370679379 0.5666168332 0.7849205732 -0.0800616145 0.6144019961
40.3 274.7 2400.3 0.1383164078 0.4279726446 -0.8931449652 0.9051320553 0.3114229739 0.2893988490 0.4020006657 -0.8484427929 -0.3442968726
2.4 26.7 2290.2 -0.7824658155 0.4279726446 -0.4523125887 0.5974844098 0.3114229739 -0.7389371395 -0.1753843576 -0.8484427929 -0.4993848205
180.1 171.2 2620.7 0.1091919616 0.9813013673 -0.1585077047 -0.7804390192 0.1833918095 0.5977309942 0.6156232953 0.0584381744 0.7858707905
217.7 -97.7 2832.8 0.0435558222 0.9813013673 0.1874845773 0.0841576234 0.1833918095 -0.9794309139 -0.9955000877 0.0584381744 -0.0745962113
-207.8 -27.7 2469.8 0.6054632664 -0.0373558104 -0.7949960828 0.0319098234 0.9992340803 -0.0226503927 0.7952333093 -0.0116542047 0.6061915159
