23.0 365.9 2293.3 7 0.5406517982 0.4010573924 -0.7394921184 -0.2689568102 0.9153127670 0.2997746170 0.7970933914 0.0368177518 0.6027325988
-56.4 184.8 2286.0 0.5406517982 0.4010573924 -0.7394921184 -0.2689568102 0.9153127670 0.2997746170 0.7970933914 0.0368177518 0.6027325988
-129.8 5.1 2281.1 0.5501747131 0.3782883883 -0.7444499135 -0.2464655340 0.9253502488 0.2880652845 0.7978487015 0.0249950141 0.6023393869
-131.5 218.4 2177.0 0.1010350361 0.4737979174 -0.8748185039 0.9534941912 0.2048724443 0.2210795134 0.2839732170 -0.8564711213 -0.4310642779
-158.1 -32.8 2102.2 -0.7516131401 0.4737979174 -0.4589043856 0.6008855104 0.2048724443 -0.7726343870 -0.2720557153 -0.8564711213 -0.4386831224
18.8 151.1 2395.0 0.0507956482 0.9316940308 -0.3596749306 -0.9905329943 0.0929876566 0.1009836346 0.1275311708 0.3511403501 0.9275970459
31.8 -102.9 2427.7 0.3548970819 0.9316940308 -0.0774230435 -0.4390668869 0.0929876566 -0.8936294317 -0.8253898025 0.3511403501 0.4420770407
-250.8 -155.9 2204.0 0.7668470740 -0.1476316005 -0.6246202588 0.1004556194 0.9887999892 -0.1103775054 0.6339197159 0.0218960512 0.7730888128
-193.5 -539.8 2195.5 0.7540792227 0.1395375133 -0.6417894959 -0.0904577896 0.9899235368 0.1089440137 0.6505243182 -0.0240975581 0.7591030598
-153.2 -199.9 2347.7 0.9668810964 -0.0227774717 0.2542089522 -0.0092899697 0.9922090173 0.1242375970 -0.2550582290 -0.1224845722 0.9591364861
-144.4 -585.0 2395.2 0.9449161887 0.2082058042 0.2525543272 -0.1859074831 0.9764547348 -0.1094281152 -0.2693914473 0.0564486571 0.9613749385
50.6 -199.7 2177.8 0 0 0 0 0 0 0 0 0
121.8 -214.2 2218.3 0 0 0 0 0 0 0 0 0
-245.5 -909.2 2204.5 0 0 0 0 0 0 0 0 0
-222.0 -949.1 2374.1 0 0 0 0 0 0 0 0 0
17.8 363.6 2293.6 8 0.5340124369 0.3936770856 -0.7482306361 -0.2609376013 0.9185191989 0.2970421612 0.8042028546 0.0366172940 0.5932258368
-60.1 181.7 2286.4 0.5340124369 0.3936770856 -0.7482306361 -0.2609376013 0.9185191989 0.2970421612 0.8042028546 0.0366172940 0.5932258368
-132.4 1.7 2281.5 0.5427908897 0.3724786043 -0.7527534366 -0.2397840321 0.9276990891 0.2861434221 0.8049109578 0.0251822080 0.5928610563
-134.3 214.5 2176.4 0.0985423177 0.4853024185 -0.8687755466 0.9511618614 0.2107118219 0.2255918235 0.2925415337 -0.8485764861 -0.4408371150
-159.5 -29.0 2101.5 -0.7446511984 0.4853024185 -0.4582315385 0.6082445979 0.2107118219 -0.7652705908 -0.2748328745 -0.8485764861 -0.4520893991
14.0 149.0 2396.3 0.0585732907 0.9267503619 -0.3710834682 -0.9898588657 0.1021068320 0.0987601280 0.1294161379 0.3615355790 0.9233328104
29.0 -105.0 2429.5 0.3673624396 0.9267503619 -0.0786041841 -0.4476661384 0.1021068320 -0.8883519769 -0.8152544498 0.3615355790 0.4523849785
-252.5 -152.4 2204.8 0.7597632408 -0.1540797502 -0.6316797137 0.1040674001 0.9878084064 -0.1157781184 0.6418175697 0.0222266894 0.7665351629
-192.7 -535.9 2196.2 0.7458322644 0.1448380649 -0.6501969695 -0.0885916203 0.9889723063 0.1186814830 0.6602163911 -0.0309144780 0.7504389286
-155.8 -201.6 2348.7 0.9697220325 -0.0263524503 0.2427853346 -0.0062867547 0.9911375642 0.1326905042 -0.2441303879 -0.1301992387 0.9609622955
-145.5 -587.7 2399.4 0.9500819445 0.1967924833 0.2421095073 -0.1756788045 0.9787107110 -0.1061240733 -0.2578395903 0.0582930595 0.9644276500
47.5 -198.1 2177.9 0 0 0 0 0 0 0 0 0
122.2 -218.5 2222.7 0 0 0 0 0 0 0 0 0
-246.8 -905.0 2207.7 0 0 0 0 0 0 0 0 0
-218.9 -952.8 2377.6 0 0 0 0 0 0 0 0 0
17.9 362.3 2294.8 9 0.5272781253 0.3942348063 -0.7526996136 -0.2631569505 0.9180613756 0.2964992225 0.8079147339 0.0417405590 0.5878193378
-59.9 181.0 2286.6 0.5272781253 0.3942348063 -0.7526996136 -0.2631569505 0.9180613756 0.2964992225 0.8079147339 0.0417405590 0.5878193378
-132.5 1.0 2280.7 0.5359582901 0.3738094568 -0.7569776773 -0.2423045933 0.9270197153 0.2862218618 0.8087256551 0.0300162006 0.5874196291
-133.1 214.1 2176.1 0.0953907073 0.4862296581 -0.8686088324 0.9523227215 0.2094553709 0.2218330503 0.2897965908 -0.8483567238 -0.4430674314
-157.7 -31.3 2101.4 -0.7440309525 0.4862296581 -0.4582560956 0.6083695889 0.2094553709 -0.7655161023 -0.2762323916 -0.8483567238 -0.4516486228
13.3 147.9 2397.0 0.0575585142 0.9238038063 -0.3785149455 -0.9903113842 0.1008259952 0.0954852179 0.1263737530 0.3693516850 0.9206568599
28.1 -106.3 2429.5 0.3734151125 0.9238038063 -0.0845441222 -0.4502983391 0.1008259952 -0.8871671557 -0.8110440969 0.3693516850 0.4536372721
-253.4 -156.9 2204.5 0.7532135248 -0.1573245525 -0.6386848688 0.1115911677 0.9874638319 -0.1116361693 0.6482413411 0.0128142815 0.7613271475
-192.3 -540.3 2199.5 0.7390949130 0.1457067132 -0.6576535702 -0.0982566476 0.9892024398 0.1087387726 0.6663964987 -0.0157494433 0.7454311848
-157.0 -202.4 2349.2 0.9714661837 -0.0240296070 0.2359576821 -0.0008032079 0.9945154190 0.1045869961 -0.2371767312 -0.1017922536 0.9661188126
-147.7 -589.0 2388.7 0.9535778761 0.1858904660 0.2369261682 -0.1809096038 0.9825683236 -0.0427926145 -0.2407508790 -0.0020561286 0.9705847502
49.2 -200.5 2178.2 0 0 0 0 0 0 0 0 0
122.8 -220.6 2223.6 0 0 0 0 0 0 0 0 0
-246.7 -909.5 2205.4 0 0 0 0 0 0 0 0 0
-216.9 -955.0 2389.5 0 0 0 0 0 0 0 0 0
16.5 363.3 2293.9 0 0.5186184049 0.3897451758 -0.7610083222 -0.2520073950 0.9202017188 0.2995348275 0.8170233965 0.0364354514 0.5754522085
-60.4 181.7 2286.7 0.5186184049 0.3897451758 -0.7610083222 -0.2520073950 0.9202017188 0.2995348275 0.8170233965 0.0364354514 0.5754522085
-132.4 1.5 2282.0 0.5269766450 0.3709282577 -0.7646619081 -0.2316955924 0.9283513427 0.2906560302 0.8176874518 0.0239998698 0.5751619339
-132.4 213.3 2175.0 0.1007571444 0.4824269414 -0.8701219559 0.9510453939 0.2101244479 0.2266283482 0.2921655178 -0.8503599167 -0.4376383722
-158.1 -29.5 2100.4 -0.7220174670 0.4824269414 -0.4959385097 0.6450409889 0.2101244479 -0.7346902490 -0.2502255738 -0.8503599167 -0.4628986716
11.6 150.0 2398.4 0.0594881661 0.9189586639 -0.3898411393 -0.9887197614 0.1080191880 0.1037551984 0.1374570578 0.3792714477 0.9150184393
26.8 -103.8 2433.7 0.3843987584 0.9189586639 -0.0880486369 -0.4600955248 0.1080191880 -0.8812740445 -0.8003435135 0.3792714477 0.4643312097
-253.1 -157.2 2202.5 0.7468065619 -0.1504186988 -0.6478072405 0.1105544865 0.9886115193 -0.1021026671 0.6557878256 0.0046329480 0.7549310327
-194.7 -541.0 2200.7 0.7370785475 0.1225058585 -0.6646108627 -0.0850642994 0.9924290776 0.0885921568 0.6704322100 -0.0087647177 0.7419190407
-157.5 -201.9 2347.6 0.9740294814 -0.0324945487 0.2240773439 0.0054737204 0.9927384257 0.1201684326 -0.2263550013 -0.1158210635 0.9671343565
-144.9 -587.5 2392.6 0.9528735280 0.2022740990 0.2260913253 -0.1894078106 0.9788387418 -0.0774556398 -0.2369742095 0.0309819654 0.9710218310
42.5 -208.7 2169.9 0 0 0 0 0 0 0 0 0
124.4 -220.5 2230.6 0 0 0 0 0 0 0 0 0
-240.4 -911.3 2203.9 0 0 0 0 0 0 0 0 0
-220.2 -952.3 2381.0 0 0 0 0 0 0 0 0 0
20.3 363.2 2292.4 1 0.5492585301 0.3953884542 -0.7361950278 -0.2777329385 0.9172751307 0.2854309082 0.7881494164 0.0476902500 0.6136335731
-57.9 181.7 2283.0 0.5492585301 0.3953884542 -0.7361950278 -0.2777329385 0.9172751307 0.2854309082 0.7881494164 0.0476902500 0.6136335731
-130.4 1.8 2276.2 0.5587293506 0.3732878864 -0.7405927777 -0.2550091445 0.9270446897 0.2748790681 0.7891716361 0.0352749303 0.6131588817
-134.2 216.5 2175.3 0.1092525646 0.4654030502 -0.8783301711 0.9469137192 0.2200463712 0.2343799770 0.3023545146 -0.8573095202 -0.4166558981
-162.2 -26.6 2097.7 -0.7127123475 0.4654030502 -0.5248247981 0.6675087810 0.2200463712 -0.7113449574 -0.2155763060 -0.8573095202 -0.4674903750
18.3 147.0 2390.7 0.0629431233 0.9334852099 -0.3530488610 -0.9923028946 0.0963368043 0.0778089017 0.1066450551 0.3454338610 0.9323638082
34.5 -107.7 2418.0 0.3513448834 0.9334852099 -0.0718477517 -0.4386655986 0.0963368043 -0.8934717178 -0.8271210790 0.3454338610 0.4433353245
-251.7 -158.0 2204.1 0.7705470324 -0.1515887082 -0.6190946698 0.1047522947 0.9882176518 -0.1115921065 0.6287163496 0.0211353786 0.7773474455
-192.8 -541.6 2195.9 0.7557012439 0.1505382061 -0.6373804808 -0.0924190581 0.9879975319 0.1237725094 0.6483628154 -0.0346289314 0.7605435252
-157.5 -200.1 2350.7 0.9644019604 -0.0288257319 0.2628648281 0.0061324760 0.9962116480 0.0867455602 -0.2643695176 -0.0820455775 0.9609252214
-146.3 -586.8 2382.6 0.9437999129 0.1982749104 0.2644404173 -0.1992059499 0.9796740413 -0.0235751010 -0.2637397647 -0.0304279272 0.9641138315
34.8 -211.1 2157.3 0 0 0 0 0 0 0 0 0
123.5 -218.9 2208.3 0 0 0 0 0 0 0 0 0
-249.0 -910.1 2208.9 0 0 0 0 0 0 0 0 0
-220.1 -951.5 2393.9 0 0 0 0 0 0 0 0 0
19.1 362.9 2293.7 2 0.5469898582 0.3883275092 -0.7416224480 -0.2789195180 0.9198226333 0.2759170830 0.7893072963 0.0559291206 0.6114457846
-57.9 180.5 2282.6 0.5469898582 0.3883275092 -0.7416224480 -0.2789195180 0.9198226333 0.2759170830 0.7893072963 0.0559291206 0.6114457846
-129.8 0.4 2273.9 0.5549390912 0.3699966073 -0.7450805902 -0.2595500350 0.9279453158 0.2674907148 0.7903647423 0.0449446477 0.6109857559
-133.7 216.0 2174.7 0.1137152612 0.4749257863 -0.8726478815 0.9424629211 0.2263681442 0.2460104376 0.3143763840 -0.8504133821 -0.4218584299
-162.6 -24.0 2094.7 -0.7061209679 0.4749257863 -0.5252034664 0.6747457385 0.2263681442 -0.7024782300 -0.2147357017 -0.8504133821 -0.4802974463
17.9 145.1 2390.5 0.0661484152 0.9310955405 -0.3587276042 -0.9929004908 0.0970411450 0.0687869489 0.0988585576 0.3516306877 0.9309043288
34.8 -109.7 2415.9 0.3577492833 0.9310955405 -0.0712500736 -0.4312153459 0.0970411450 -0.8970152736 -0.8282926679 0.3516306877 0.4362190664
-253.0 -155.3 2198.7 0.7628439665 -0.1540749967 -0.6279570460 0.1255458444 0.9880059361 -0.0899028480 0.6342770457 -0.0102555566 0.7730377913
-193.2 -538.7 2202.7 0.7504639626 0.1427213252 -0.6453173757 -0.1138509437 0.9897258878 0.0864907131 0.6510313749 0.0085618291 0.7590025663
-153.1 -201.2 2340.0 0.9665438533 -0.0086481012 0.2563555837 -0.0199515242 0.9938687086 0.1087516770 -0.2557243109 -0.1102279499 0.9604451656
-149.7 -586.8 2382.8 0.9505795240 0.1763705462 0.2555229068 -0.1792661548 0.9837261438 -0.0121068489 -0.2534998357 -0.0342980847 0.9667271972
32.6 -210.5 2154.0 0 0 0 0 0 0 0 0 0
125.6 -219.1 2205.8 0 0 0 0 0 0 0 0 0
-246.4 -907.6 2199.5 0 0 0 0 0 0 0 0 0
-215.4 -953.4 2395.5 0 0 0 0 0 0 0 0 0
21.3 364.5 2287.8 3 0.5451050401 0.3960044980 -0.7389458418 -0.2736346722 0.9171792269 0.2896659672 0.7924547791 0.0443028212 0.6083195806
-57.1 182.8 2279.1 0.5451050401 0.3960044980 -0.7389458418 -0.2736346722 0.9171792269 0.2896659672 0.7924547791 0.0443028212 0.6083195806
-129.4 2.8 2272.0 0.5536020994 0.3722206354 -0.7449674606 -0.2532320917 0.9274343848 0.2752071917 0.7933462262 0.0362943746 0.6076878309
-132.7 217.4 2170.7 0.1201907620 0.4738006890 -0.8723915815 0.9443758130 0.2164023668 0.2476374656 0.3061184287 -0.8536292315 -0.4214363694
-163.2 -22.1 2093.1 -0.6950357556 0.4738006890 -0.5407755375 0.6871386766 0.2164023668 -0.6935491562 -0.2115789652 -0.8536292315 -0.4759742022
18.5 148.2 2387.4 0.0638782158 0.9310060143 -0.3593707681 -0.9920480251 0.0983714014 0.0785097554 0.1084448621 0.3514980078 0.9298864603
34.9 -106.5 2415.2 0.3574778736 0.9310060143 -0.0737383813 -0.4402856529 0.0983714014 -0.8924525976 -0.8236249685 0.3514980078 0.4450742006
-251.3 -156.4 2194.4 0.7629981041 -0.1486977786 -0.6290650368 0.1271068752 0.9886949062 -0.0795377716 0.6337804794 -0.0192713216 0.7732728720
-193.6 -540.2 2201.9 0.7526747584 0.1346882433 -0.6444686055 -0.1140668318 0.9907256365 0.0738342851 0.6484361291 0.0179392844 0.7610576749
-152.0 -203.1 2336.0 0.9667207599 -0.0078830961 0.2557124496 -0.0250432920 0.9918088913 0.1252516061 -0.2546052635 -0.1274871975 0.9586048126
-148.9 -587.9 2385.4 0.9489678741 0.1877114326 0.2534254193 -0.1829371601 0.9822056890 -0.0424967818 -0.2568930387 -0.0060328469 0.9664210081
29.2 -212.3 2151.7 0 0 0 0 0 0 0 0 0
125.6 -218.2 2206.3 0 0 0 0 0 0 0 0 0
-243.8 -909.7 2195.2 0 0 0 0 0 0 0 0 0
-218.9 -954.1 2387.7 0 0 0 0 0 0 0 0 0
19.2 362.1 2291.4 4 0.5316002965 0.3860995173 -0.7538755536 -0.2678346038 0.9210151434 0.2828351855 0.8035333157 0.0515586846 0.5930227041
-57.2 180.0 2281.2 0.5316002965 0.3860995173 -0.7538755536 -0.2678346038 0.9210151434 0.2828351855 0.8035333157 0.0515586846 0.5930227041
-128.5 -0.4 2273.7 0.5400368571 0.3674326241 -0.7572010756 -0.2471190840 0.9292410016 0.2746694982 0.8045448065 0.0387871899 0.5926240087
-130.9 213.8 2171.3 0.1273154467 0.4982149601 -0.8576552868 0.9371941090 0.2226803452 0.2684784532 0.3247429430 -0.8379709721 -0.4385734797
-162.9 -21.3 2089.9 -0.6864047050 0.4982149601 -0.5297456384 0.6917738318 0.2226803452 -0.6869224310 -0.2242710739 -0.8379709721 -0.4975009263
16.6 146.2 2391.1 0.0662812963 0.9239472747 -0.3767335713 -0.9912427664 0.1041897163 0.0811314657 0.1142129675 0.3680569232 0.9227619171
33.6 -108.2 2420.4 0.3744821250 0.9239472747 -0.0780033916 -0.4425840378 0.1041897163 -0.8906536102 -0.8147898316 0.3680569232 0.4479415119
-251.2 -154.6 2193.9 0.7529028654 -0.1491353959 -0.6410115957 0.1187468395 0.9887850285 -0.0905724764 0.6473302245 -0.0079258215 0.7621684670
-193.4 -538.4 2197.0 0.7417434454 0.1322503090 -0.6575154066 -0.0941399038 0.9911901355 0.0931651965 0.6640439034 -0.0072062397 0.7476588488
-152.1 -200.0 2336.0 0.9712833166 -0.0113234203 0.2376562506 -0.0170696341 0.9929764867 0.1170738935 -0.2373127490 -0.1177686229 0.9642682076
-147.7 -585.4 2381.8 0.9523501992 0.1923348308 0.2367201746 -0.1904679090 0.9812052250 -0.0309555419 -0.2382248938 -0.0156070786 0.9710845947
27.7 -213.4 2152.1 0 0 0 0 0 0 0 0 0
128.6 -220.5 2213.7 0 0 0 0 0 0 0 0 0
-242.7 -908.1 2199.7 0 0 0 0 0 0 0 0 0
-219.5 -951.4 2387.6 0 0 0 0 0 0 0 0 0
21.4 357.2 2294.2 5 0.5135573149 0.4094047844 -0.7540866137 -0.2814703584 0.9105824232 0.3026782572 0.8105759025 0.0568103716 0.5828715563
-59.5 177.4 2283.0 0.5135573149 0.4094047844 -0.7540866137 -0.2814703584 0.9105824232 0.3026782572 0.8105759025 0.0568103716 0.5828715563
-133.4 -1.9 2274.8 0.5255379677 0.3806563914 -0.7608616948 -0.2536540926 0.9237534404 0.2869480550 0.8120772243 0.0421935730 0.5820226073
-131.3 212.0 2172.0 0.1139473319 0.5218329430 -0.8454030752 0.9340708256 0.2335924953 0.2700855434 0.3384193480 -0.8204419017 -0.4608117342
-160.1 -24.4 2086.4 -0.6834782958 0.5218329430 -0.5104387999 0.6899896264 0.2335924953 -0.6850903630 -0.2382680774 -0.8204419017 -0.5197147727
12.3 142.7 2393.9 0.0500853620 0.9204349518 -0.3876737356 -0.9919201732 0.0911431164 0.0882459357 0.1165584400 0.3801215589 0.9175629616
25.1 -111.9 2423.8 0.3786210716 0.9204349518 -0.0971882120 -0.4496504962 0.0911431164 -0.8885422945 -0.8089873195 0.3801215589 0.4483827353
-248.2 -158.6 2194.1 0.7460265160 -0.1407053769 -0.6508812904 0.1077782661 0.9900479913 -0.0904921219 0.6571364403 -0.0026413272 0.7537670732
-193.6 -542.9 2195.1 0.7321475744 0.1432516724 -0.6659120917 -0.0805109665 0.9889815450 0.1242316514 0.6763711572 -0.0373426825 0.7356137633
-160.5 -202.5 2338.2 0.9740076661 0.0057642669 0.2264415920 -0.0300145037 0.9941455722 0.1037964672 -0.2245175838 -0.1078950837 0.9684784412
-162.7 -583.7 2379.6 0.9514617920 0.2114259005 0.2236503959 -0.2101660222 0.9772143364 -0.0297047514 -0.2248347253 -0.0187407788 0.9742166996
30.6 -217.0 2152.9 0 0 0 0 0 0 0 0 0
121.2 -226.0 2218.5 0 0 0 0 0 0 0 0 0
-247.0 -911.8 2209.1 0 0 0 0 0 0 0 0 0
-241.6 -948.3 2386.6 0 0 0 0 0 0 0 0 0
24.6 357.7 2293.6 6 0.5022368431 0.4218383133 -0.7548580170 -0.2805566490 0.9052090049 0.3191937208 0.8179523945 0.0514695905 0.5729788542
-58.8 178.9 2283.4 0.5022368431 0.4218383133 -0.7548580170 -0.2805566490 0.9052090049 0.3191937208 0.8179523945 0.0514695905 0.5729788542
-135.4 0.7 2275.5 0.5128735900 0.3948945999 -0.7622459531 -0.2568141520 0.9178330302 0.3027029335 0.8191502690 0.0405072235 0.5721468329
-128.8 213.9 2171.5 0.1112412736 0.5500707626 -0.8276759982 0.9334964752 0.2278492749 0.2768916488 0.3408953846 -0.8034344316 -0.4881429076
-156.7 -19.7 2086.2 -0.6550838947 0.5500707626 -0.5179645419 0.7144228220 0.2278492749 -0.6615774632 -0.2458965778 -0.8034344316 -0.5422434807
11.3 143.8 2395.3 0.0330363475 0.9177581072 -0.3957633674 -0.9918347001 0.0789068490 0.1001881659 0.1231769398 0.3892219961 0.9128711224
19.8 -110.8 2426.9 0.3798069656 0.9177581072 -0.1160461307 -0.4607679248 0.0789068490 -0.8840060234 -0.8021468520 0.3892219961 0.4528428912
-254.3 -158.5 2193.8 0.7375841737 -0.1551178098 -0.6571971178 0.1222406551 0.9878498316 -0.0959686488 0.6640984416 -0.0095512485 0.7475841045
-194.1 -542.0 2197.5 0.7225458622 0.1486958712 -0.6751422286 -0.0955332518 0.9887011051 0.1155143604 0.6846903563 -0.0189658888 0.7285872698
-164.7 -203.7 2339.3 0.9756636620 -0.0244216323 0.2179081291 0.0036447048 0.9954472780 0.0952439979 -0.2192420661 -0.0921318978 0.9713107944
-155.3 -587.6 2374.8 0.9538573623 0.2051369846 0.2192601115 -0.2090088576 0.9778974652 -0.0056475932 -0.2155724317 -0.0404403098 0.9756500721
26.1 -219.0 2154.8 0 0 0 0 0 0 0 0 0
116.2 -227.7 2223.3 0 0 0 0 0 0 0 0 0
-249.6 -910.8 2204.6 0 0 0 0 0 0 0 0 0
-231.8 -952.5 2389.9 0 0 0 0 0 0 0 0 0
25.8 357.7 2293.3 7 0.4921819568 0.4243583083 -0.7600505948 -0.2770469785 0.9040891528 0.3253733516 0.8252283931 0.0504268371 0.5625435710
-58.0 179.1 2283.3 0.4921819568 0.4243583083 -0.7600505948 -0.2770469785 0.9040891528 0.3253733516 0.8252283931 0.0504268371 0.5625435710
-135.7 1.4 2275.7 0.5022428036 0.4001052976 -0.7665950060 -0.2548411191 0.9156305194 0.3109288216 0.8263220787 0.0391981751 0.5618321300
-126.6 213.9 2170.4 0.1110804677 0.5651780367 -0.8174563646 0.9334833026 0.2228852957 0.2809466720 0.3409838974 -0.7942895889 -0.5028260946
-154.0 -16.0 2086.5 -0.6356700659 0.5651780367 -0.5258302093 0.7313486338 0.2228852957 -0.6445551515 -0.2470885813 -0.7942895889 -0.5550236702
10.6 144.3 2396.2 0.0255406145 0.9138834476 -0.4051724672 -0.9912294149 0.0757208392 0.1083079875 0.1296608746 0.3988525867 0.9078021049
17.1 -110.1 2429.5 0.3857656717 0.9138834476 -0.1264985800 -0.4680904150 0.0757208392 -0.8804304004 -0.7950322032 0.3988525867 0.4569905698
-258.0 -154.4 2194.3 0.7307372689 -0.1663674116 -0.6620762348 0.1234234273 0.9860638380 -0.1115563214 0.6714087725 -0.0001973572 0.7410871983
-193.4 -537.2 2194.3 0.7191714644 0.1310380846 -0.6823645830 -0.0827006996 0.9912179112 0.1031872332 0.6898934841 -0.0177772846 0.7236925960
-168.4 -200.3 2341.0 0.9771472812 -0.0468602031 0.2073337734 0.0232781619 0.9931215644 0.1147506461 -0.2112848759 -0.1073019356 0.9715168476
-150.3 -584.4 2382.5 0.9559463859 0.2027730346 0.2122489512 -0.1959770471 0.9791854024 -0.0528099462 -0.2185395062 0.0088875564 0.9757876396
23.4 -220.0 2155.4 0 0 0 0 0 0 0 0 0
115.0 -229.0 2227.7 0 0 0 0 0 0 0 0 0
-242.3 -907.0 2201.0 0 0 0 0 0 0 0 0 0
-225.8 -949.4 2379.2 0 0 0 0 0 0 0 0 0
25.1 358.1 2293.6 8 0.4720161557 0.4291360676 -0.7700928450 -0.2667770982 0.9021009803 0.3391811252 0.8402563334 0.0453441516 0.5402898788
-59.4 180.6 2284.7 0.4720161557 0.4291360676 -0.7700928450 -0.2667770982 0.9021009803 0.3391811252 0.8402563334 0.0453441516 0.5402898788
-139.1 3.7 2278.8 0.4821134508 0.4103596807 -0.7740617394 -0.2449643910 0.9114226699 0.3306073546 0.8411653042 0.0302273072 0.5399326086
-125.3 214.0 2169.8 0.1070932448 0.5727946758 -0.8126729131 0.9359517097 0.2176927477 0.2767747641 0.3354481161 -0.7902632952 -0.5127947330
-151.6 -16.2 2087.3 -0.6270853281 0.5727946758 -0.5278922915 0.7372564077 0.2176927477 -0.6395801902 -0.2514297962 -0.7902632952 -0.5588085055
6.4 147.2 2399.6 0.0106526241 0.9064142704 -0.4222554564 -0.9888265133 0.0723410472 0.1303413808 0.1486897022 0.4161489010 0.8970571160
9.2 -106.6 2437.7 0.3960980177 0.9064142704 -0.1466953009 -0.4877421856 0.0723410472 -0.8699852228 -0.7779549360 0.4161489010 0.4707506299
-258.3 -153.5 2194.0 0.7196449041 -0.1704628766 -0.6730925441 0.1195141673 0.9853379130 -0.1217600405 0.6839792132 0.0071798954 0.7294661403
-192.2 -536.0 2191.2 0.7067177892 0.1357920319 -0.6943417192 -0.0697306469 0.9899985194 0.1226399317 0.7040508389 -0.0382549241 0.7091184855
-169.5 -199.1 2342.1 0.9801439047 -0.0548958853 0.1905369759 0.0378441997 0.9950389266 0.0920072421 -0.1946425289 -0.0829696134 0.9773588777
-148.2 -584.6 2374.2 0.9598962665 0.2015310526 0.1948958784 -0.2048694491 0.9787844419 -0.0030890098 -0.1913835853 -0.0369630828 0.9808190465
23.4 -222.0 2157.5 0 0 0 0 0 0 0 0 0
109.7 -230.4 2240.3 0 0 0 0 0 0 0 0 0
-242.8 -905.4 2205.5 0 0 0 0 0 0 0 0 0
-223.3 -949.3 2388.0 0 0 0 0 0 0 0 0 0
23.3 357.4 2286.3 9 0.4485311806 0.4289340675 -0.7841143608 -0.2345979810 0.9030538201 0.3598021567 0.8624289036 0.0225691553 0.5056748390
-60.7 180.5 2281.9 0.4485311806 0.4289340675 -0.7841143608 -0.2345979810 0.9030538201 0.3598021567 0.8624289036 0.0225691553 0.5056748390
-138.8 2.9 2279.7 0.4587633610 0.4021366835 -0.7923523784 -0.2122077346 0.9155092835 0.3417756557 0.8628464937 0.0113491574 0.5053386092
-123.3 209.4 2164.1 0.1115041226 0.5555323958 -0.8239845634 0.9408587813 0.2079170942 0.2674981058 0.3199243248 -0.8050802946 -0.4994939268
-150.1 -16.8 2087.2 -0.6309807301 0.5555323958 -0.5415229201 0.7359887362 0.2079170942 -0.6442756057 -0.2453241050 -0.8050802946 -0.5400572419
1.9 151.6 2399.6 0.0135403294 0.8928926587 -0.4500659704 -0.9830994606 0.0940719172 0.1570539474 0.1825708747 0.4403330386 0.8790760636
5.4 -100.7 2446.5 0.4230674505 0.8928926587 -0.1541319042 -0.5100325942 0.0940719172 -0.8549954295 -0.7489196658 0.4403330386 0.4952031374
-261.9 -151.3 2197.6 0.7032700181 -0.1804223955 -0.6876474619 0.1200061068 0.9835079908 -0.1353166848 0.7007209063 0.0126422793 0.7133234739
-191.9 -533.1 2192.6 0.6888121367 0.1418864131 -0.7109192014 -0.0845857188 0.9896914363 0.1155688167 0.7199882865 -0.0194715858 0.6937130094
-176.1 -195.1 2348.2 0.9827844501 -0.0822604075 0.1654325575 0.0732823461 0.9955245256 0.0596708469 -0.1696007252 -0.0465202965 0.9844142795
-144.3 -580.8 2366.2 0.9614591002 0.2178525776 0.1677397937 -0.2260008156 0.9736372828 0.0308879651 -0.1565887034 -0.0676068440 0.9853472710
26.1 -222.3 2155.7 0 0 0 0 0 0 0 0 0
112.7 -230.0 2256.6 0 0 0 0 0 0 0 0 0
-244.8 -902.4 2199.9 0 0 0 0 0 0 0 0 0
-225.5 -943.7 2391.4 0 0 0 0 0 0 0 0 0
23.0 354.2 2283.6 0 0.4587855935 0.4273324311 -0.7790396810 -0.2280742079 0.9040176272 0.3615719676 0.8587769866 0.0117948428 0.5122137666
-61.4 175.7 2281.3 0.4587855935 0.4273324311 -0.7790396810 -0.2280742079 0.9040176272 0.3615719676 0.8587769866 0.0117948428 0.5122137666
-138.7 -2.3 2281.6 0.4703569710 0.3980444372 -0.7876070738 -0.2025392950 0.9173646569 0.3426659405 0.8589192033 -0.0016539263 0.5121085048
-125.6 203.4 2164.0 0.0816657022 0.5854613185 -0.8065765500 0.9433718920 0.2156706750 0.2520628273 0.3215279579 -0.7814865112 -0.5346948504
-145.3 -24.3 2086.4 -0.6254075170 0.5854613185 -0.5158492923 0.7335237265 0.2156706750 -0.6445379257 -0.2660984397 -0.7814865112 -0.5643318295
2.8 148.1 2398.6 0.0206660703 0.8978585601 -0.4397986829 -0.9813787341 0.1022407860 0.1626119614 0.1909679025 0.4282484949 0.8832522035
8.1 -103.8 2447.6 0.4161346555 0.8978585601 -0.1438120604 -0.5147668123 0.1022407860 -0.8512120247 -0.7495645881 0.4282484949 0.5047337413
-258.0 -155.8 2200.3 0.7146151066 -0.1695189625 -0.6786667705 0.1109972075 0.9853796363 -0.1292537898 0.6906554103 0.0170365926 0.7229833007
-192.2 -538.3 2193.7 0.6999101639 0.1442238241 -0.6995178461 -0.0906218663 0.9894169569 0.1133213937 0.7084584832 -0.0159231834 0.7055728436
-174.0 -199.1 2355.6 0.9795809984 -0.0871196836 0.1811940521 0.0840174332 0.9961571097 0.0247414839 -0.1826532036 -0.0090128267 0.9831361175
-140.3 -584.2 2359.1 0.9580497146 0.2232347578 0.1797414124 -0.2340410799 0.9713588953 0.0410696864 -0.1654252261 -0.0814136788 0.9828562140
29.2 -229.1 2160.7 0 0 0 0 0 0 0 0 0
113.7 -234.4 2257.4 0 0 0 0 0 0 0 0 0
-246.0 -907.6 2199.6 0 0 0 0 0 0 0 0 0
-223.6 -946.5 2389.5 0 0 0 0 0 0 0 0 0
26.5 353.4 2281.3 1 0.4567459226 0.4275844693 -0.7800991535 -0.2180394530 0.9039729834 0.3678201437 0.8624627590 0.0020920478 0.5061162710
-57.5 175.8 2280.9 0.4567459226 0.4275844693 -0.7800991535 -0.2180394530 0.9039729834 0.3678201437 0.8624627590 0.0020920478 0.5061162710
-135.2 -2.0 2283.8 0.4692174494 0.4000477493 -0.7872717381 -0.1906088293 0.9163694978 0.3520443439 0.8622663617 -0.0151243955 0.5062291622
-121.6 201.8 2163.1 0.0801207945 0.5693617463 -0.8181734681 0.9498822093 0.2052102089 0.2358230501 0.3021661937 -0.7960627675 -0.5243850350
-141.2 -30.5 2089.2 -0.6194486022 0.5693617463 -0.5404725671 0.7437193394 0.2052102089 -0.6362155676 -0.2513263226 -0.7960627675 -0.5505625606
6.6 149.8 2398.6 0.0184972268 0.8977435231 -0.4401299357 -0.9784268737 0.1068468019 0.1768178791 0.2057635933 0.4273643494 0.8803527951
11.3 -101.3 2451.5 0.4156366587 0.8977435231 -0.1459544003 -0.5268774629 0.1068468019 -0.8431986570 -0.7413813472 0.4273643494 0.5174102783
-258.1 -162.2 2205.1 0.7174682617 -0.1672184020 -0.6762228012 0.1011376008 0.9854795933 -0.1363859624 0.6892100573 0.0294610467 0.7239624262
-193.2 -544.7 2193.6 0.7038117051 0.1393384784 -0.6965873241 -0.0896605328 0.9901570678 0.1074708775 0.7047057152 -0.0131828692 0.7093772888
-172.9 -201.1 2359.3 0.9806598425 -0.0743906572 0.1810310781 0.0697482824 0.9970549345 0.0318852663 -0.1828698963 -0.0186419934 0.9829603434
-144.1 -587.4 2366.5 0.9606307149 0.2104108930 0.1814273894 -0.2186664641 0.9754387140 0.0265383124 -0.1713873446 -0.0651656017 0.9830461740
31.7 -238.1 2159.4 0 0 0 0 0 0 0 0 0
116.8 -235.0 2263.3 0 0 0 0 0 0 0 0 0
-245.2 -914.3 2198.5 0 0 0 0 0 0 0 0 0
-222.6 -951.3 2390.8 0 0 0 0 0 0 0 0 0
29.3 353.4 2280.6 2 0.4696332514 0.4236538708 -0.7745721340 -0.2253507376 0.9058039784 0.3587982953 0.8536167741 0.0060467846 0.5208663940
-54.3 174.8 2279.4 0.4696332514 0.4236538708 -0.7745721340 -0.2253507376 0.9058039784 0.3587982953 0.8536167741 0.0060467846 0.5208663940
-131.9 -3.1 2282.1 0.4822274446 0.3999629617 -0.7794140577 -0.1974864453 0.9164254069 0.3480856121 0.8534961939 -0.0139327310 0.5209127665
-120.1 201.7 2162.9 0.0786314309 0.5673277974 -0.8197293878 0.9529090524 0.1988063604 0.2289987057 0.2928847373 -0.7991340160 -0.5249793530
-139.6 -34.9 2090.1 -0.6246852279 0.5673277974 -0.5365701914 0.7362039089 0.1988063604 -0.6469001770 -0.2603308856 -0.7991340160 -0.5418603420
11.6 147.8 2396.0 0.0214233641 0.9041773081 -0.4266197979 -0.9800327420 0.1033647656 0.1698572785 0.1976785511 0.4144624472 0.8883377910
17.1 -103.8 2446.8 0.4041685760 0.9041773081 -0.1382431090 -0.5210371017 0.1033647656 -0.8472520709 -0.7517766356 0.4144624472 0.5128867030
-254.9 -162.8 2209.5 0.7284047604 -0.1559351981 -0.6671661735 0.0923957527 0.9872175455 -0.1298633963 0.6788884401 0.0329497866 0.7335017323
-194.3 -546.0 2196.8 0.7165902257 0.1307001114 -0.6851393580 -0.0914048478 0.9914122224 0.0935253128 0.6914793253 -0.0043942630 0.7223829031
-170.3 -198.3 2364.2 0.9783498049 -0.0713290498 0.1942776293 0.0633448958 0.9968838096 0.0470116101 -0.1970255226 -0.0336873010 0.9798194170
-142.7 -584.8 2377.3 0.9561137557 0.2151240706 0.1989172697 -0.2144828886 0.9764069915 -0.0250285547 -0.1996084601 -0.0187342018 0.9796966314
34.7 -240.4 2162.8 0 0 0 0 0 0 0 0 0
119.7 -236.0 2256.0 0 0 0 0 0 0 0 0 0
-243.1 -916.1 2198.4 0 0 0 0 0 0 0 0 0
-222.9 -948.8 2384.2 0 0 0 0 0 0 0 0 0
29.2 351.3 2287.3 3 0.4526723027 0.4223528802 -0.7853062153 -0.2335594147 0.9061200619 0.3526987731 0.8605450392 0.0237586759 0.5088199377
-53.9 173.1 2282.6 0.4526723027 0.4223528802 -0.7853062153 -0.2335594147 0.9061200619 0.3526987731 0.8605450392 0.0237586759 0.5088199377
-132.1 -4.5 2282.5 0.4653457999 0.4031189680 -0.7880027890 -0.2055974603 0.9151473641 0.3467492163 0.8609198332 0.0006530819 0.5087401867
-117.4 201.2 2165.0 0.0934149846 0.5829380155 -0.8071287870 0.9479658008 0.1957435012 0.2510882318 0.3043591082 -0.7885859013 -0.5343199372
-140.8 -35.5 2089.1 -0.6172660589 0.5829380155 -0.5283614397 0.7378138900 0.1957435012 -0.6459993124 -0.2731542587 -0.7885859013 -0.5509256124
9.7 145.0 2400.2 0.0146342646 0.8965016007 -0.4427987635 -0.9815801978 0.0972471982 0.1644484401 0.1904892325 0.4322358966 0.8814113736
13.4 -107.0 2449.1 0.4166516960 0.8965016007 -0.1506196111 -0.5167378783 0.0972471982 -0.8506026864 -0.7479193211 0.4322358966 0.5037745833
-252.7 -163.3 2208.4 0.7150549293 -0.1526016593 -0.6822090149 0.0890674591 0.9878175259 -0.1276067495 0.6933710575 0.0304832123 0.7199356556
-193.5 -546.8 2196.6 0.7030378580 0.1306423843 -0.6990495920 -0.0864380077 0.9913912416 0.0983456969 0.7058797479 -0.0087162917 0.7082780004
-170.6 -200.4 2360.9 0.9830027819 -0.0573532581 0.1744023860 0.0471622609 0.9969593287 0.0620303191 -0.1774297357 -0.0527507626 0.9827187061
-148.5 -584.8 2381.3 0.9588451982 0.2196655869 0.1798968017 -0.2132415622 0.9754756093 -0.0545467101 -0.1874669790 0.0139403790 0.9821719527
31.6 -241.5 2165.3 0 0 0 0 0 0 0 0 0
119.2 -238.1 2259.3 0 0 0 0 0 0 0 0 0
-242.3 -916.8 2199.8 0 0 0 0 0 0 0 0 0
-230.4 -948.5 2376.1 0 0 0 0 0 0 0 0 0
29.8 354.5 2297.6 4 0.4612750709 0.4134858549 -0.7850189209 -0.2619852722 0.9087948203 0.3247393370 0.8476963043 0.0558692217 0.5275316238
-51.9 175.1 2286.6 0.4612750709 0.4134858549 -0.7850189209 -0.2619852722 0.9087948203 0.3247393370 0.8476963043 0.0558692217 0.5275316238
-128.8 -2.9 2280.4 0.4736424387 0.3963934481 -0.7864699960 -0.2340961695 0.9175281525 0.3214671314 0.8490357995 0.0318491310 0.5273744464
-116.6 207.1 2170.7 0.0941948369 0.5858156085 -0.8049517870 0.9437699914 0.2048285156 0.2595062256 0.3168998659 -0.7841334939 -0.5335814357
-140.8 -35.4 2089.3 -0.6233568788 0.5858156085 -0.5179249644 0.7321944237 0.2048285156 -0.6495664716 -0.2744404078 -0.7841334939 -0.5566121936
12.9 143.2 2402.5 0.0232291091 0.8990998864 -0.4371267557 -0.9878775477 0.0877729356 0.1280386597 0.1534874439 0.4288534820 0.8902394772
18.8 -110.3 2441.9 0.4145925343 0.8990998864 -0.1404721439 -0.4851294756 0.0877729356 -0.8700260520 -0.7699106336 0.4288534820 0.4725698829
-252.0 -163.7 2205.3 0.7172723413 -0.1452092230 -0.6814944148 0.0852192640 0.9889835119 -0.1210341677 0.6915620565 0.0287380125 0.7217451930
-195.6 -547.7 2194.1 0.7070281506 0.1215319261 -0.6966643333 -0.0653311834 0.9921347499 0.1067731678 0.7041612267 -0.0299777314 0.7094069719
-170.8 -201.4 2359.3 0.9819315672 -0.0634943694 0.1782664210 0.0498339832 0.9955409765 0.0800918415 -0.1825568974 -0.0697609857 0.9807173014
-146.2 -586.6 2386.3 0.9584910870 0.2161308527 0.1859632134 -0.2053864747 0.9757676721 -0.0754579082 -0.1977656633 0.0341314077 0.9796549082
33.3 -239.8 2165.9 0 0 0 0 0 0 0 0 0
124.0 -233.3 2246.6 0 0 0 0 0 0 0 0 0
-241.0 -918.0 2205.3 0 0 0 0 0 0 0 0 0
-226.9 -950.5 2373.5 0 0 0 0 0 0 0 0 0
31.7 356.9 2289.3 5 0.4971304536 0.4174104631 -0.7606772184 -0.2672956884 0.9077214003 0.3234112859 0.8254782557 0.0425481349 0.5628279448
-51.1 176.8 2280.9 0.4971304536 0.4174104631 -0.7606772184 -0.2672956884 0.9077214003 0.3234112859 0.8254782557 0.0425481349 0.5628279448
-128.3 -1.2 2276.1 0.5081827641 0.3976886570 -0.7639332414 -0.2425507903 0.9171893597 0.3161214292 0.8263893723 0.0246451423 0.5625595450
-120.5 209.9 2168.1 0.0918604955 0.5797353387 -0.8096101284 0.9464367032 0.2019137144 0.2519690096 0.3095467389 -0.7893907428 -0.5301349163
-143.7 -29.1 2089.9 -0.6176626086 0.5797353387 -0.5314130187 0.7407574058 0.2019137144 -0.6407099962 -0.2641426623 -0.7893907428 -0.5541577935
18.3 143.7 2393.6 0.0290280543 0.9161081910 -0.3998789191 -0.9893806577 0.0833312124 0.1190875769 0.1424195021 0.3921755850 0.9087986350
25.7 -110.2 2430.2 0.3821129799 0.9161081910 -0.1213896200 -0.4776281416 0.0833312124 -0.8746011853 -0.7911137938 0.3921755850 0.4694010019
-248.2 -159.9 2198.2 0.7422063947 -0.1434365064 -0.6546416283 0.0991134122 0.9895787835 -0.1044527367 0.6628018022 0.0126417233 0.7486881614
-192.5 -544.0 2193.3 0.7285119891 0.1419512331 -0.6701642275 -0.0876510292 0.9895693064 0.1143238470 0.6794023514 -0.0245457049 0.7333552837
-163.7 -200.7 2349.8 0.9750372171 -0.0518570691 0.2159009874 0.0271568522 0.9928966761 0.1158390567 -0.2203744501 -0.1070842072 0.9695194960
-143.6 -585.5 2391.3 0.9502174258 0.2187986970 0.2218422294 -0.2065898776 0.9753839374 -0.0771153271 -0.2332540900 0.0274459664 0.9720284343
28.8 -235.9 2163.7 0 0 0 0 0 0 0 0 0
122.6 -231.3 2229.6 0 0 0 0 0 0 0 0 0
-245.5 -913.3 2202.5 0 0 0 0 0 0 0 0 0
-225.2 -949.5 2381.0 0 0 0 0 0 0 0 0 0
39.2 361.3 2291.6 6 0.4792283773 0.4430433214 -0.7576627135 -0.2854536176 0.8949908018 0.3427940011 0.8299736977 0.0520009361 0.5553733110
-48.3 184.5 2281.4 0.4792283773 0.4430433214 -0.7576627135 -0.2854536176 0.8949908018 0.3427940011 0.8299736977 0.0520009361 0.5553733110
-129.1 8.3 2274.2 0.4917139411 0.4164588749 -0.7647086978 -0.2592566311 0.9084026217 0.3280101717 0.8312661648 0.0369686149 0.5546439886
-115.4 219.9 2167.9 0.1113766506 0.5603913069 -0.8207051158 0.9486971498 0.1859577596 0.2557213604 0.2959205210 -0.8070819974 -0.5109302998
-144.5 -27.9 2090.6 -0.6032294631 0.5603913069 -0.5675172806 0.7593646049 0.1859577596 -0.6235263348 -0.2438844889 -0.8070819974 -0.5377165079
18.8 149.1 2394.8 0.0065124119 0.9122648835 -0.4095489979 -0.9907950163 0.0612657629 0.1207136139 0.1352141201 0.4049929678 0.9042664766
20.5 -105.1 2429.5 0.3827444911 0.9122648835 -0.1458747536 -0.4796372056 0.0612657629 -0.8753254414 -0.7895915508 0.4049929678 0.4610053003
-250.9 -157.5 2197.3 0.7298659086 -0.1586000770 -0.6649373770 0.1150568277 0.9873377085 -0.1092069522 0.6738380194 0.0032008444 0.7388721704
-189.4 -540.7 2196.1 0.7122229934 0.1595471501 -0.6835811138 -0.1081398726 0.9871404171 0.1177266911 0.6935734749 -0.0099252807 0.7203174829
-160.1 -200.4 2345.0 0.9783304334 -0.0329951867 0.2044036239 0.0071230596 0.9919999242 0.1260374784 -0.2069270015 -0.1218503192 0.9707387686
-147.3 -585.1 2392.3 0.9577599168 0.2000090033 0.2066213042 -0.1831715554 0.9782007337 -0.0978339836 -0.2216847986 0.0558543205 0.9735174179
23.8 -239.9 2158.6 0 0 0 0 0 0 0 0 0
117.6 -226.8 2229.2 0 0 0 0 0 0 0 0 0
-248.9 -909.1 2199.8 0 0 0 0 0 0 0 0 0
-222.0 -949.9 2371.4 0 0 0 0 0 0 0 0 0
36.4 364.9 2291.8 7 0.5063009858 0.4347384274 -0.7447562218 -0.2869900167 0.8993439674 0.3298744559 0.8132010698 0.0467218347 0.5801043510
-49.3 187.7 2282.6 0.5063009858 0.4347384274 -0.7447562218 -0.2869900167 0.8993439674 0.3298744559 0.8132010698 0.0467218347 0.5801043510
-129.1 10.9 2275.7 0.5167177916 0.4111959040 -0.7509464622 -0.2646991313 0.9108683467 0.3166278601 0.8142094612 0.0351676345 0.5795050859
-119.8 223.8 2171.4 0.1056175083 0.5684018135 -0.8159438372 0.9441884756 0.2001361698 0.2616363764 0.3120144606 -0.7980381250 -0.5155405998
-147.0 -19.1 2091.2 -0.5938204527 0.5684018135 -0.5694705248 0.7711566687 0.2001361698 -0.6043698788 -0.2295532972 -0.7980381250 -0.5571717620
21.3 151.6 2393.7 0.0169211384 0.9229199290 -0.3846198916 -0.9921274185 0.0632371604 0.1080935001 0.1240839213 0.3797628880 0.9167242646
25.6 -103.1 2425.6 0.3634438515 0.9229199290 -0.1269935220 -0.4684901536 0.0632371604 -0.8812026381 -0.8052487373 0.3797628880 0.4553620517
-253.9 -144.8 2192.6 0.7441988587 -0.1719999760 -0.6454332471 0.1340126842 0.9850778580 -0.1079914719 0.6543765664 -0.0061291219 0.7561439872
-187.2 -527.2 2194.9 0.7273416519 0.1586248428 -0.6676917076 -0.1036748514 0.9871520400 0.1215827465 0.6783993244 -0.0192093514 0.7344422340
-166.0 -190.9 2341.3 0.9719416499 -0.0501714200 0.2298091054 0.0181295015 0.9900600314 0.1394718587 -0.2345223129 -0.1313921809 0.9631901979
-146.5 -575.0 2392.2 0.9535195231 0.1883690953 0.2351969928 -0.1717496365 0.9810717702 -0.0894440487 -0.2475936264 0.0448916517 0.9678233862
18.7 -234.4 2155.2 0 0 0 0 0 0 0 0 0
117.8 -221.9 2221.3 0 0 0 0 0 0 0 0 0
-246.4 -895.6 2202.1 0 0 0 0 0 0 0 0 0
-216.8 -941.1 2375.5 0 0 0 0 0 0 0 0 0
31.4 362.7 2285.4 8 0.4969106615 0.4268057942 -0.7555902004 -0.2471653968 0.9042392373 0.3482250273 0.8318588138 0.0137190269 0.5548177361
-52.6 184.7 2282.7 0.4969106615 0.4268057942 -0.7555902004 -0.2471653968 0.9042392373 0.3482250273 0.8318588138 0.0137190269 0.5548177361
-130.8 7.2 2281.8 0.5061321855 0.4028954506 -0.7625650764 -0.2269432843 0.9152346849 0.3329297304 0.8320618868 0.0045525548 0.5546641350
-121.6 215.7 2169.2 0.1261577457 0.5577737689 -0.8203490973 0.9389019012 0.1998127252 0.2802465856 0.3202303946 -0.8055825830 -0.4984869063
-152.0 -10.5 2092.0 -0.5901221037 0.5577737689 -0.5836474299 0.7779858708 0.1998127252 -0.5956616998 -0.2156242579 -0.8055825830 -0.5518540144
16.5 153.8 2396.2 0.0231250040 0.9161391258 -0.4001928568 -0.9860954285 0.0867945850 0.1417128146 0.1645632237 0.3913512528 0.9054077268
22.4 -99.1 2438.4 0.3802748024 0.9161391258 -0.1268076599 -0.4970109165 0.0867945850 -0.8633926511 -0.7799815536 0.3913512528 0.4883369207
-255.1 -142.2 2196.0 0.7403172851 -0.1754947305 -0.6489467621 0.1249944717 0.9844253659 -0.1236247644 0.6605351567 0.0104067866 0.7507229447
-187.0 -524.3 2192.0 0.7246617079 0.1519744992 -0.6721377373 -0.0967969596 0.9881565571 0.1190671697 0.6822724938 -0.0212225318 0.7307898998
-162.7 -189.4 2341.7 0.9752230644 -0.0448825173 0.2166231424 0.0190398172 0.9925982952 0.1199421436 -0.2204030603 -0.1128458753 0.9688592553
-145.2 -574.6 2385.5 0.9557404518 0.1942010671 0.2210115939 -0.1900255233 0.9809552431 -0.0402127728 -0.2246118486 -0.0035648700 0.9744417667
12.7 -227.7 2152.2 0 0 0 0 0 0 0 0 0
118.9 -225.1 2240.7 0 0 0 0 0 0 0 0 0
-243.7 -893.1 2199.9 0 0 0 0 0 0 0 0 0
-217.6 -940.3 2386.8 0 0 0 0 0 0 0 0 0
25.2 359.5 2289.2 9 0.5092284679 0.4039393961 -0.7599468827 -0.2564482391 0.9141172171 0.3140445948 0.8215355277 0.0349666029 0.5690841079
-54.2 179.9 2282.3 0.5092284679 0.4039393961 -0.7599468827 -0.2564482391 0.9141172171 0.3140445948 0.8215355277 0.0349666029 0.5690841079
-128.7 0.9 2277.5 0.5174345374 0.3841175735 -0.7646666765 -0.2373187542 0.9229546785 0.3030420840 0.8221564889 0.0246652942 0.5687269568
-124.8 212.3 2170.1 0.1090034619 0.5440903902 -0.8319157958 0.9423217773 0.2098760605 0.2607329786 0.3164615035 -0.8123531938 -0.4898310006
-151.3 -16.2 2093.4 -0.6116460562 0.5440903902 -0.5743298531 0.7619739175 0.2098760605 -0.6126563549 -0.2128023207 -0.8123531938 -0.5429525375
16.5 147.5 2394.5 0.0448010676 0.9174600840 -0.3952972293 -0.9892335534 0.0959257558 0.1105227470 0.1393193901 0.3860897124 0.9118798375
28.0 -106.2 2430.3 0.3837503493 0.9174600840 -0.1048936918 -0.4692796767 0.0959257558 -0.8778239489 -0.7953063846 0.3860897124 0.4673568904
-254.3 -150.0 2206.5 0.7473804951 -0.1702422798 -0.6422148943 0.0998811275 0.9844187498 -0.1447186619 0.6568455696 0.0440147668 0.7527393699
-188.3 -531.9 2189.4 0.7306497693 0.1585294902 -0.6640928388 -0.0847491771 0.9862060547 0.1421800852 0.6774721146 -0.0476025343 0.7340065241
-156.4 -198.8 2339.4 0.9718803763 -0.0656927899 0.2261261642 0.0586198159 0.9975621700 0.0378602743 -0.2280620635 -0.0235401839 0.9733619690
-131.2 -581.8 2348.5 0.9559318423 0.1808135808 0.2313022017 -0.1724323779 0.9834209681 -0.0561268702 -0.2376159430 0.0137694757 0.9712615609
19.4 -228.8 2152.8 0 0 0 0 0 0 0 0 0
125.3 -225.2 2228.6 0 0 0 0 0 0 0 0 0
-247.4 -899.9 2207.2 0 0 0 0 0 0 0 0 0
-198.6 -948.6 2343.3 0 0 0 0 0 0 0 0 0
26.0 361.4 2284.6 0 0.5309926271 0.4136097431 -0.7395767570 -0.2533408701 0.9103525281 0.3272257149 0.8086193204 0.0136105707 0.5881747603
-55.6 181.8 2281.9 0.5309926271 0.4136097431 -0.7395767570 -0.2533408701 0.9103525281 0.3272257149 0.8086193204 0.0136105707 0.5881747603
-131.3 3.2 2280.9 0.5397024751 0.3904762566 -0.7458214164 -0.2335080802 0.9205981493 0.3130063415 0.8088233471 0.0052250195 0.5880284905
-129.3 213.7 2171.5 0.0957754925 0.5173365474 -0.8504057527 0.9454680085 0.2199154496 0.2402652800 0.3113153875 -0.8270429373 -0.4680626690
-153.1 -22.1 2093.8 -0.6478388906 0.5173365474 -0.5591669083 0.7320959568 0.2199154496 -0.6447268128 -0.2105713189 -0.8270429373 -0.5212097764
18.1 150.0 2392.3 0.0428583957 0.9289214015 -0.3677881956 -0.9882295728 0.0935256109 0.1210588142 0.1468517333 0.3582707942 0.9219959974
29.1 -103.6 2430.0 0.3574603498 0.9289214015 -0.0965769887 -0.4788748026 0.0935256109 -0.8728870749 -0.8018110991 0.3582707942 0.4782687426
