28.9 355.4 2314.4 5 0.4789384902 0.3840343654 -0.7893893123 -0.2753862739 0.9195672274 0.2802828848 0.8335348368 0.0831487328 0.5461739302
-47.2 173.2 2297.9 0.4789384902 0.3840343654 -0.7893893123 -0.2753862739 0.9195672274 0.2802828848 0.8335348368 0.0831487328 0.5461739302
-118.8 -6.8 2285.6 0.4885578454 0.3689454198 -0.7906898856 -0.2517928779 0.9272646904 0.2770930529 0.8354110122 0.0637140870 0.5459202528
-113.9 207.6 2183.8 0.0266199447 0.5119800568 -0.8585847616 0.9424394369 0.2735291123 0.1923271120 0.3333155811 -0.8142839074 -0.4752288461
-120.9 -38.5 2096.8 -0.7653746605 0.5119800568 -0.3899719119 0.5756140351 0.2735291123 -0.7706168294 -0.2878717780 -0.8142839074 -0.5040551424
19.5 138.8 2412.0 0.0270196032 0.8714732528 -0.4896981418 -0.9928790927 0.0802535340 0.0880371183 0.1160220057 0.4838323295 0.8674359918
27.1 -141.4 2444.7 0.3835912645 0.8714732528 -0.3056012094 -0.7262482643 0.0802535340 -0.6827318668 -0.5704569817 0.4838323295 0.6636905074
-234.2 -167.6 2203.8 0.7370192409 -0.1109904274 -0.6666961908 0.0759941190 0.9937774539 -0.0814323798 0.6715858579 0.0093522444 0.7408677340
-191.1 -553.3 2200.2 0.7204639316 0.1574506909 -0.6753820777 -0.1027014256 0.9873709679 0.1206273809 0.6858455539 -0.0175449774 0.7275356054
-144.9 -210.7 2353.3 0.9791397452 0.0160142109 0.2025559694 -0.0370914787 0.9942258596 0.1006931439 -0.1997738630 -0.1061057597 0.9740800858
-151.2 -598.6 2394.7 0.9649137855 0.1743058562 0.1963641644 -0.1614235491 0.9836432338 -0.0799278244 -0.2070841640 0.0454256609 0.9772679806
92.8 -199.2 2177.2 0 0 0 0 0 0 0 0 0
124.5 -325.7 2300.0 0 0 0 0 0 0 0 0 0
-249.8 -921.7 2206.8 0 0 0 0 0 0 0 0 0
-216.2 -965.4 2377.8 0 0 0 0 0 0 0 0 0
27.2 355.3 2318.2 6 0.4721319377 0.3869296014 -0.7920712829 -0.2804430127 0.9177669883 0.2811680138 0.8357291222 0.0893824697 0.5418187976
-49.4 173.7 2300.5 0.4721319377 0.3869296014 -0.7920712829 -0.2804430127 0.9177669883 0.2811680138 0.8357291222 0.0893824697 0.5418187976
-121.6 -5.9 2286.7 0.4814865887 0.3721038103 -0.7935423255 -0.2577260137 0.9254825115 0.2775956988 0.8377040029 0.0708579049 0.5415082574
-115.2 209.0 2186.1 0.0393173397 0.5144064426 -0.8566446900 0.9381929636 0.2760279775 0.2088121623 0.3438722193 -0.8119079471 -0.4717598259
-125.4 -35.2 2096.6 -0.7562261820 0.5144064426 -0.4043611288 0.5924521685 0.2760279775 -0.7568414807 -0.2777091563 -0.8119079471 -0.5135008097
16.4 138.5 2414.9 0.0223046876 0.8682637215 -0.4956012666 -0.9935263395 0.0744833499 0.0857764110 0.1113905907 0.4904797077 0.8643042445
22.7 -141.9 2446.3 0.3848786354 0.8682637215 -0.3130280077 -0.7249546051 0.0744833499 -0.6847577095 -0.5712348819 0.4904797077 0.6581188440
-234.1 -164.2 2198.4 0.7303107977 -0.1147870943 -0.6734018326 0.0886912644 0.9933700562 -0.0731418803 0.6773329973 -0.0063085542 0.7356495261
-189.6 -549.7 2200.9 0.7127423286 0.1607576013 -0.6827557087 -0.1009777710 0.9867592454 0.1269237697 0.6941195130 -0.0215207860 0.7195380330
-149.8 -209.3 2350.7 0.9801917076 0.0253632367 0.1964202970 -0.0495108068 0.9916563630 0.1190226600 -0.1917626411 -0.1263899505 0.9732690454
-159.7 -596.3 2400.0 0.9664764404 0.1757282466 0.1871973872 -0.1623798162 0.9831015468 -0.0845227540 -0.1988870800 0.0512921736 0.9786792397
85.7 -200.6 2174.1 0 0 0 0 0 0 0 0 0
120.3 -325.9 2301.4 0 0 0 0 0 0 0 0 0
-249.6 -918.0 2208.9 0 0 0 0 0 0 0 0 0
-225.3 -963.1 2380.9 0 0 0 0 0 0 0 0 0
26.4 354.6 2320.1 7 0.4715331197 0.3852585554 -0.7932416797 -0.2809672654 0.9182778597 0.2789680064 0.8358910680 0.0913322940 0.5412434936
-49.9 172.6 2302.0 0.4715331197 0.3852585554 -0.7932416797 -0.2809672654 0.9182778597 0.2789680064 0.8358910680 0.0913322940 0.5412434936
-121.1 -7.4 2287.7 0.4813145399 0.3668671548 -0.7960808873 -0.2569647729 0.9273535609 0.2720008492 0.8380366564 0.0736467764 0.5406206846
-115.7 207.7 2187.5 0.0448437929 0.5257893801 -0.8494319320 0.9352237582 0.2768311203 0.2207285017 0.3512058854 -0.8043072224 -0.4793165326
-127.3 -34.7 2096.4 -0.7479811311 0.5257893801 -0.4050553143 0.6007378697 0.2768311203 -0.7499856949 -0.2822025716 -0.8043072224 -0.5229260325
15.9 137.5 2416.4 0.0275627840 0.8669294715 -0.4976681173 -0.9936370254 0.0781502351 0.0811049417 0.1092051417 0.4922659695 0.8635672927
23.6 -143.0 2447.3 0.3899378479 0.8669294715 -0.3104540706 -0.7214998603 0.0781502351 -0.6879901886 -0.5721769333 0.4922659695 0.6559632421
-236.9 -162.4 2198.0 0.7274658680 -0.1232940257 -0.6749755144 0.0998510048 0.9922738075 -0.0736370981 0.6788395643 -0.0138285058 0.7341564298
-189.1 -547.6 2203.3 0.7102317810 0.1574803442 -0.6861273646 -0.1100729704 0.9875117540 0.1127143130 0.6953091025 -0.0045292079 0.7186965346
-152.3 -208.6 2349.4 0.9809923768 0.0104471408 0.1937649250 -0.0318531245 0.9936740994 0.1076903716 -0.1914141327 -0.1118154451 0.9751194715
-156.4 -595.3 2392.9 0.9655898213 0.1779022813 0.1897026300 -0.1714326739 0.9839200974 -0.0501204766 -0.1955687851 0.0158745926 0.9805614948
81.5 -202.4 2175.2 0 0 0 0 0 0 0 0 0
122.6 -326.1 2302.1 0 0 0 0 0 0 0 0 0
-247.9 -916.1 2205.0 0 0 0 0 0 0 0 0 0
-222.7 -962.3 2387.0 0 0 0 0 0 0 0 0 0
24.2 354.4 2322.0 8 0.4864147305 0.3741225004 -0.7895777822 -0.2872853577 0.9219242930 0.2598512769 0.8251471519 0.1004386470 0.5559175014
-49.8 172.1 2302.2 0.4864147305 0.3741225004 -0.7895777822 -0.2872853577 0.9219242930 0.2598512769 0.8251471519 0.1004386470 0.5559175014
-119.3 -8.5 2286.8 0.4966606200 0.3581545353 -0.7906032801 -0.2613690197 0.9303251505 0.2572573423 0.8276560307 0.0788696185 0.5556663871
-117.6 207.8 2189.1 0.0387619399 0.5309405923 -0.8465220332 0.9353255033 0.2788563967 0.2177276015 0.3516585231 -0.8002132177 -0.4857932925
-127.7 -36.1 2097.4 -0.7446858287 0.5309405923 -0.4044070542 0.6041859984 0.2788563967 -0.7464572191 -0.2835529745 -0.8002132177 -0.5284472704
18.1 136.4 2415.2 0.0395965129 0.8734599352 -0.4852832556 -0.9944811463 0.0816715732 0.0658560917 0.0971565023 0.4799973667 0.8718733191
29.3 -144.3 2442.6 0.3886793852 0.8734599352 -0.2932508290 -0.7107116580 0.0816715732 -0.6987264752 -0.5863593221 0.4799973667 0.6525222063
-235.4 -164.3 2198.3 0.7387714982 -0.1165483072 -0.6638020873 0.0826188847 0.9931665659 -0.0824272931 0.6688727736 0.0060523464 0.7433522344
-190.2 -549.8 2196.0 0.7243648767 0.1485332251 -0.6732261181 -0.0755420625 0.9877358675 0.1366428882 0.6852656007 -0.0481224209 0.7267016768
-150.0 -210.4 2349.1 0.9782443047 0.0049476498 0.2073971331 -0.0255518407 0.9949771762 0.0967860222 -0.2058765441 -0.0999797583 0.9734571576
-151.9 -597.1 2388.0 0.9583072662 0.1987109631 0.2053316683 -0.1983813345 0.9798688293 -0.0224047247 -0.2056501657 -0.0192633588 0.9784359932
80.2 -204.8 2176.6 0 0 0 0 0 0 0 0 0
127.9 -324.6 2293.8 0 0 0 0 0 0 0 0 0
-245.6 -918.1 2213.9 0 0 0 0 0 0 0 0 0
-226.0 -962.4 2395.2 0 0 0 0 0 0 0 0 0
29.0 360.4 2328.5 9 0.4950463772 0.3705075681 -0.7859091759 -0.3003195822 0.9217383265 0.2453704476 0.8153141737 0.1145541593 0.5675739050
-44.2 178.2 2305.9 0.4950463772 0.3705075681 -0.7859091759 -0.3003195822 0.9217383265 0.2453704476 0.8153141737 0.1145541593 0.5675739050
-113.3 -2.3 2287.9 0.5051897168 0.3557486534 -0.7862736583 -0.2744569480 0.9300118089 0.2444411367 0.8182033896 0.0923091099 0.5674700737
-113.2 215.7 2194.1 0.0519903488 0.5343374610 -0.8436708450 0.9341904521 0.2725719213 0.2302014679 0.3529662490 -0.8001174927 -0.4850018620
-127.3 -37.2 2098.5 -0.7387142181 0.5343374610 -0.4108342230 0.6106593013 0.2725719213 -0.7435050607 -0.2853007317 -0.8001174927 -0.5276508927
24.8 140.8 2417.6 0.0437955223 0.8775680065 -0.4774477184 -0.9959215522 0.0760843530 0.0484917872 0.0788811445 0.4733767509 0.8773210645
37.2 -140.3 2439.9 0.3856399059 0.8775680065 -0.2848793268 -0.6986603737 0.0760843530 -0.7113963962 -0.6026238799 0.4733767509 0.6424631476
-233.3 -165.6 2197.4 0.7434234619 -0.1098970398 -0.6597303748 0.0838936940 0.9939397573 -0.0710327849 0.6635385156 -0.0025397767 0.7481378317
-190.6 -551.4 2198.4 0.7271650434 0.1564726979 -0.6683915854 -0.0940966755 0.9872044325 0.1287370026 0.6799829602 -0.0307196155 0.7325841188
-144.7 -212.4 2346.0 0.9761076570 0.0192089248 0.2164366245 -0.0449197888 0.9924063683 0.1145069301 -0.2125935256 -0.1214933768 0.9695582986
-152.2 -597.8 2393.2 0.9594113827 0.1905779839 0.2078696936 -0.1748214066 0.9803039432 -0.0918782577 -0.2212854624 0.0518089756 0.9738318920
78.9 -207.7 2178.2 0 0 0 0 0 0 0 0 0
135.0 -317.6 2286.9 0 0 0 0 0 0 0 0 0
-249.0 -919.7 2209.8 0 0 0 0 0 0 0 0 0
-223.1 -962.6 2373.9 0 0 0 0 0 0 0 0 0
35.0 367.0 2339.7 0 0.4976886511 0.3767431080 -0.7812622190 -0.3285613656 0.9155016541 0.2321725786 0.8027162552 0.1411429197 0.5794180036
-39.4 186.3 2311.9 0.4976886511 0.3767431080 -0.7812622190 -0.3285613656 0.9155016541 0.2321725786 0.8027162552 0.1411429197 0.5794180036
-109.3 6.7 2288.8 0.5086132288 0.3599455953 -0.7821456194 -0.3012621701 0.9253956676 0.2299650759 0.8065690994 0.1186676025 0.5791064501
-108.9 227.4 2201.7 0.0803815722 0.5346411467 -0.8412476778 0.9249777794 0.2744809091 0.2628238499 0.3714228570 -0.7992615700 -0.4724679589
-131.5 -32.1 2097.5 -0.7338896394 0.5346411467 -0.4190045893 0.6197384596 0.2744809091 -0.7352445126 -0.2780832052 -0.7992615700 -0.5327763557
30.0 145.1 2422.0 0.0402607508 0.8803692460 -0.4725770652 -0.9980258942 0.0582477078 0.0234844591 0.0482015237 0.4706986547 0.8809763789
41.4 -136.4 2435.6 0.3796904087 0.8803692460 -0.2842274010 -0.6812881827 0.0582477078 -0.7296941876 -0.6258447170 0.4706986547 0.6219012141
-227.6 -158.2 2196.7 0.7465160489 -0.0981031582 -0.6580954194 0.0694513842 0.9951567650 -0.0695665777 0.6617327929 0.0062269298 0.7497138977
-189.5 -544.5 2194.3 0.7327207327 0.1526466012 -0.6631888151 -0.0622190833 0.9854637384 0.1580823958 0.6776792407 -0.0745672509 0.7315672040
-137.3 -207.4 2343.4 0.9739406109 0.0374971293 0.2236821204 -0.0682545677 0.9889767766 0.1314012259 -0.2162892520 -0.1432443112 0.9657639861
-151.9 -591.2 2399.0 0.9602627754 0.1869315952 0.2072487324 -0.1647893488 0.9790573716 -0.1195456237 -0.2252552509 0.0806428269 0.9709566236
73.4 -205.1 2175.2 0 0 0 0 0 0 0 0 0
137.7 -309.3 2276.8 0 0 0 0 0 0 0 0 0
-246.4 -911.9 2222.1 0 0 0 0 0 0 0 0 0
-221.5 -956.0 2369.0 0 0 0 0 0 0 0 0 0
34.6 365.5 2338.4 1 0.4754434824 0.3796032071 -0.7936339974 -0.3104378879 0.9164768457 0.2523857057 0.8231535554 0.1263789088 0.5535761714
-40.3 184.7 2313.4 0.4754434824 0.3796032071 -0.7936339974 -0.3104378879 0.9164768457 0.2523857057 0.8231535554 0.1263789088 0.5535761714
-110.8 5.2 2292.0 0.4842032194 0.3630008698 -0.7961015105 -0.2887135148 0.9252012968 0.2462661713 0.8259490132 0.1106023937 0.5527887344
-106.4 224.1 2200.7 0.1151930243 0.5343930721 -0.8373497725 0.9141831398 0.2727264464 0.2998157442 0.3885868788 -0.8000277281 -0.4571169615
-137.3 -21.1 2096.4 -0.7238377929 0.5343930721 -0.4364435077 0.6364025474 0.2727264464 -0.7215345502 -0.2665533721 -0.8000277281 -0.5374988317
25.8 145.4 2426.2 0.0317584313 0.8675713539 -0.4962976277 -0.9971448779 0.0615369119 0.0437638648 0.0685089007 0.4934907854 0.8670486808
34.8 -136.0 2445.5 0.3916951120 0.8675713539 -0.3064227104 -0.6959748864 0.0615369119 -0.7154244781 -0.6018254757 0.4934907854 0.6279115677
-224.8 -145.9 2193.6 0.7288253903 -0.1006285623 -0.6772646904 0.0748603120 0.9949226379 -0.0672669560 0.6805949807 -0.0016743836 0.7326579690
-185.7 -532.1 2194.2 0.7115105391 0.1694164574 -0.6819463372 -0.0726505145 0.9830350876 0.1684160382 0.6989096403 -0.0702860355 0.7117480040
-133.8 -199.8 2338.1 0.9798085690 0.0314464420 0.1974493265 -0.0587902293 0.9892099500 0.1341915876 -0.1910989881 -0.1430901736 0.9710851312
-146.0 -583.8 2393.7 0.9614305496 0.2029204965 0.1856732070 -0.1896162182 0.9779966474 -0.0869955197 -0.1992409527 0.0484335050 0.9787529111
64.8 -198.7 2170.9 0 0 0 0 0 0 0 0 0
134.2 -312.5 2292.9 0 0 0 0 0 0 0 0 0
-248.9 -898.8 2220.5 0 0 0 0 0 0 0 0 0
-221.6 -948.3 2375.6 0 0 0 0 0 0 0 0 0
36.7 359.5 2330.7 2 0.4572466016 0.3913282156 -0.7986161709 -0.2909361124 0.9143968225 0.2814865708 0.8404057026 0.1036374867 0.5319563150
-40.6 179.0 2310.2 0.4572466016 0.3913282156 -0.7986161709 -0.2909361124 0.9143968225 0.2814865708 0.8404057026 0.1036374867 0.5319563150
-112.8 -0.3 2294.1 0.4685015976 0.3717653155 -0.8014342189 -0.2638119459 0.9246327877 0.2746951282 0.8431544900 0.0827328116 0.5312680602
-104.6 215.0 2195.1 0.0882454365 0.5568453670 -0.8259152770 0.9258562922 0.2599928379 0.2742150426 0.3674274385 -0.7888770103 -0.4926155806
-128.4 -34.9 2095.9 -0.7293940187 0.5568453670 -0.3973758817 0.6074289083 0.2599928379 -0.7506223321 -0.3146656454 -0.7888770103 -0.5278812051
23.4 143.0 2425.3 0.0193534270 0.8607037663 -0.5087381005 -0.9942960739 0.0699474141 0.0805148333 0.1048843339 0.5042780638 0.8571481109
28.9 -137.4 2454.9 0.3927534521 0.8607037663 -0.3239347637 -0.7214755416 0.0699474141 -0.6888979673 -0.5702787042 0.5042780638 0.6484487653
-224.6 -148.5 2196.5 0.7211793065 -0.0968523249 -0.6859446168 0.0722785220 0.9952941537 -0.0645398721 0.6889674664 -0.0030342450 0.7247858644
-187.0 -534.9 2197.7 0.7046655416 0.1598957926 -0.6912884712 -0.0868518874 0.9863888025 0.1396202892 0.7042039633 -0.0383458957 0.7089614868
-138.0 -200.2 2344.5 0.9828206301 0.0257442072 0.1827590019 -0.0484063998 0.9915147424 0.1206454784 -0.1781023294 -0.1274195611 0.9757273197
-148.0 -585.0 2393.9 0.9639346004 0.2020433545 0.1732298881 -0.1886005551 0.9778280258 -0.0910065323 -0.1877762973 0.0550530925 0.9806677699
76.8 -205.8 2184.4 0 0 0 0 0 0 0 0 0
128.5 -320.3 2310.3 0 0 0 0 0 0 0 0 0
-246.7 -902.8 2212.0 0 0 0 0 0 0 0 0 0
-223.3 -949.8 2373.4 0 0 0 0 0 0 0 0 0
32.8 354.4 2319.8 3 0.4810904264 0.3875923455 -0.7863359451 -0.2662924528 0.9191840887 0.2901533246 0.8352486491 0.0698053390 0.5454235673
-43.7 173.0 2306.0 0.4810904264 0.3875923455 -0.7863359451 -0.2662924528 0.9191840887 0.2901533246 0.8352486491 0.0698053390 0.5454235673
-115.0 -7.2 2296.5 0.4922637641 0.3675885499 -0.7890216112 -0.2389519364 0.9286998510 0.2835816443 0.8370056152 0.0489412621 0.5450012684
-110.9 205.6 2191.8 -0.0017053635 0.5738094449 -0.8189870715 0.9440766573 0.2709623575 0.1878793538 0.3297215998 -0.7728661895 -0.5421821475
-110.5 -56.4 2100.3 -0.7493426204 0.5738094449 -0.3304971755 0.5545172691 0.2709623575 -0.7868227363 -0.3619340062 -0.7728661895 -0.5212308764
23.5 140.3 2420.2 -0.0203151405 0.9491978288 -0.3140234649 -0.8943381310 0.1231517717 0.4301080108 0.4469301403 0.2895808518 0.8464019895
18.0 -105.1 2542.9 0.3124097288 0.9491978288 -0.0377305970 -0.4791322052 0.1231517717 -0.8690603971 -0.8202636838 0.2895808518 0.4932650924
-227.0 -156.1 2202.6 0.7417526841 -0.0977199674 -0.6635161638 0.0627529100 0.9951003790 -0.0764021128 0.6677312255 0.0150339045 0.7442506552
-189.0 -542.4 2196.8 0.7253616452 0.1616808623 -0.6691111922 -0.0932866856 0.9861465693 0.1371587366 0.6820176840 -0.0370705277 0.7303955555
-143.1 -203.3 2353.5 0.9783046246 0.0046672132 0.2071189731 -0.0274873115 0.9938316941 0.1074384451 -0.2053399682 -0.1108006686 0.9723984599
-144.9 -588.9 2396.5 0.9559274912 0.2145639658 0.2004117817 -0.1921402663 0.9733021855 -0.1255585402 -0.2220015526 0.0815176889 0.9716327190
101.1 -213.0 2202.5 0 0 0 0 0 0 0 0 0
87.0 -210.9 2361.7 0 0 0 0 0 0 0 0 0
-249.4 -910.3 2210.6 0 0 0 0 0 0 0 0 0
-224.9 -952.0 2366.1 0 0 0 0 0 0 0 0 0
35.5 353.0 2313.9 4 0.4875298440 0.3960427642 -0.7781161666 -0.2706063986 0.9158598781 0.2966022193 0.8301125169 0.0659607798 0.5536807179
-42.7 172.3 2300.9 0.4875298440 0.3960427642 -0.7781161666 -0.2706063986 0.9158598781 0.2966022193 0.8301125169 0.0659607798 0.5536807179
-115.5 -7.4 2291.8 0.4985670447 0.3754106462 -0.7813435793 -0.2442595065 0.9256755114 0.2888981104 0.8317260146 0.0468155108 0.5532089472
-110.8 205.6 2187.3 -0.0416058749 0.5729044080 -0.8185654879 0.9562881589 0.2601793110 0.1334904283 0.2894510627 -0.7772305012 -0.5586866736
-98.7 -71.2 2103.5 -0.7623442411 0.5729044080 -0.3010179698 0.5174216032 0.2601793110 -0.8152187467 -0.3887237608 -0.7772305012 -0.4947793186
25.4 138.9 2414.4 -0.0499738045 0.9678527713 -0.2465028763 -0.8107447624 0.1048242226 0.5759381652 0.5832628012 0.2286327332 0.7794430852
11.2 -91.8 2580.4 0.2498988360 0.9678527713 0.0284889285 -0.2978110313 0.1048242226 -0.9488521814 -0.9213355184 0.2286327332 0.3144326806
-230.4 -165.9 2212.1 0.7492089868 -0.0968762860 -0.6552105546 0.0509983860 0.9947462678 -0.0887636468 0.6603673697 0.0330878422 0.7502133846
-192.8 -552.0 2199.3 0.7357366681 0.1456942707 -0.6614111662 -0.0968051255 0.9891825914 0.1102115586 0.6703135967 -0.0170586985 0.7418818474
-142.2 -208.7 2361.9 0.9759988785 0.0074746697 0.2176473439 -0.0336521976 0.9925829768 0.1168186814 -0.2151598632 -0.1213392094 0.9690113664
-145.1 -593.9 2409.0 0.9545108676 0.2163622230 0.2051741034 -0.1782348901 0.9656435847 -0.1891157329 -0.2390425652 0.1439438313 0.9602805972
116.5 -217.3 2213.3 0 0 0 0 0 0 0 0 0
65.4 -156.4 2380.7 0 0 0 0 0 0 0 0 0
-247.1 -921.1 2205.6 0 0 0 0 0 0 0 0 0
-225.7 -953.6 2355.4 0 0 0 0 0 0 0 0 0
38.1 348.3 2311.4 5 0.4945853651 0.4189234078 -0.7615041137 -0.2853567004 0.9058686495 0.3130072653 0.8209487796 0.0624914840 0.5675719976
-44.2 170.3 2299.1 0.4945853651 0.4189234078 -0.7615041137 -0.2853567004 0.9058686495 0.3130072653 0.8209487796 0.0624914840 0.5675719976
-120.8 -7.8 2290.0 0.5058592558 0.3946813643 -0.7670286894 -0.2600894570 0.9175934792 0.3006254733 0.8224717975 0.0474219024 0.5668256283
-113.3 205.8 2186.8 -0.0321928933 0.5813320279 -0.8130292892 0.9565722346 0.2537095249 0.1435306668 0.2897122502 -0.7731006145 -0.5642537475
-104.1 -66.7 2104.3 -0.7467070818 0.5813320279 -0.3232360780 0.5438014865 0.2537095249 -0.7999446392 -0.3830253780 -0.7731006145 -0.5055759549
24.8 134.7 2411.5 -0.0683007762 0.9788113236 -0.1930374205 -0.7669048905 0.0722469538 0.6376811862 0.6381159425 0.1915954649 0.7457206249
4.9 -89.6 2598.1 0.2023415267 0.9788113236 0.0314062648 -0.1977538913 0.0722469538 -0.9775856733 -0.9591408968 0.1915954649 0.2081823051
-233.0 -165.1 2208.2 0.7569265962 -0.1042524725 -0.6451306939 0.0633284599 0.9942486286 -0.0863668099 0.6504242420 0.0245181993 0.7591753006
-192.5 -551.0 2198.7 0.7412790060 0.1569854170 -0.6525802612 -0.0981063098 0.9871631265 0.1260321140 0.6639884114 -0.0294027198 0.7471645474
-143.7 -208.8 2357.2 0.9722001553 0.0031241253 0.2341305763 -0.0247682631 0.9956732988 0.0895615667 -0.2328377664 -0.0928707719 0.9680710435
-144.9 -595.2 2393.2 0.9485389590 0.2180573791 0.2296189070 -0.2014188468 0.9749978781 -0.0938592404 -0.2443446517 0.0427795686 0.9687443376
105.5 -219.3 2211.8 0 0 0 0 0 0 0 0 0
49.1 -132.7 2388.6 0 0 0 0 0 0 0 0 0
-251.1 -919.4 2209.7 0 0 0 0 0 0 0 0 0
-225.8 -956.9 2377.3 0 0 0 0 0 0 0 0 0
35.5 346.9 2309.7 6 0.4768907428 0.4022483528 -0.7815186977 -0.2623366714 0.9137496948 0.3102272451 0.8389008641 0.0570765063 0.5412832499
-43.7 166.9 2298.5 0.4768907428 0.4022483528 -0.7815186977 -0.2623366714 0.9137496948 0.3102272451 0.8389008641 0.0570765063 0.5412832499
-117.4 -12.4 2291.3 0.4887278676 0.3795176148 -0.7855644226 -0.2345037758 0.9244343042 0.3007144630 0.8403291106 0.0372502767 0.5407950878
-110.4 199.0 2183.7 -0.0382857472 0.5643551350 -0.8246438503 0.9610514641 0.2468360215 0.1243065223 0.2737048268 -0.7877659798 -0.5518246293
-99.6 -73.7 2106.1 -0.7644946575 0.5643551350 -0.3115304410 0.5163726211 0.2468360215 -0.8200190663 -0.3858850598 -0.7877659798 -0.4801223576
23.0 134.9 2413.2 -0.0819231272 0.9762115479 -0.2007476389 -0.7295291424 0.0784960240 0.6794303656 0.6790256500 0.2021123171 0.7057441473
-1.3 -81.5 2614.6 0.2127655596 0.9762115479 0.0417352282 -0.1673809886 0.0784960240 -0.9827623963 -0.9626600742 0.2021123171 0.1801005006
-242.7 -162.5 2207.2 0.7407124639 -0.1227710396 -0.6605091095 0.0764892250 0.9921789169 -0.0986425728 0.6674537063 0.0225439481 0.7443099618
-195.0 -547.6 2198.4 0.7286115885 0.1349319071 -0.6715046763 -0.0775717199 0.9903515577 0.1148322076 0.6805202365 -0.0315783024 0.7320485115
-152.1 -209.1 2354.5 0.9778960943 -0.0136355627 0.2086463273 -0.0017513722 0.9973021746 0.0733846501 -0.2090840787 -0.0721279755 0.9752340317
-146.8 -596.1 2382.4 0.9553684592 0.2087422609 0.2090402246 -0.2105263919 0.9774888754 -0.0139349764 -0.2072433084 -0.0306954477 0.9778077602
117.1 -220.0 2215.4 0 0 0 0 0 0 0 0 0
45.6 -118.4 2402.3 0 0 0 0 0 0 0 0 0
-245.4 -917.2 2210.2 0 0 0 0 0 0 0 0 0
-224.3 -958.8 2393.8 0 0 0 0 0 0 0 0 0
37.0 347.7 2309.3 7 0.4899173677 0.3954059184 -0.7769395709 -0.2656266689 0.9165505767 0.2989606857 0.8303152323 0.0599098429 0.5540643930
-41.0 166.9 2297.5 0.4899173677 0.3954059184 -0.7769395709 -0.2656266689 0.9165505767 0.2989606857 0.8303152323 0.0599098429 0.5540643930
-113.5 -12.9 2289.9 0.5015181899 0.3738816082 -0.7801871896 -0.2378316075 0.9266340137 0.2911795080 0.8318146467 0.0395213552 0.5536446571
-109.4 199.4 2183.9 -0.0556504838 0.5646795034 -0.8234319091 0.9623618722 0.2500596046 0.1064418554 0.2660125792 -0.7865158916 -0.5573419333
-93.3 -80.2 2106.6 -0.7718926668 0.5646795034 -0.2920938432 0.4973013997 0.2500596046 -0.8307595849 -0.3960720301 -0.7865158916 -0.4738350511
27.5 134.4 2411.1 -0.0706086829 0.9800012112 -0.1860430539 -0.7233133316 0.0781317726 0.6860854626 0.6869004965 0.1830110103 0.7033311725
6.4 -82.0 2616.6 0.1922569424 0.9800012112 0.0513310209 -0.1345239282 0.0781317726 -0.9878252745 -0.9720805287 0.1830110103 0.1468549818
-234.8 -170.8 2208.9 0.7511616349 -0.1000187099 -0.6524970531 0.0583152324 0.9946445227 -0.0853320286 0.6575374603 0.0260476284 0.7529714704
-196.0 -556.8 2198.8 0.7382961512 0.1440371126 -0.6589174271 -0.0801832974 0.9887469411 0.1262938827 0.6696935892 -0.0404081196 0.7415373921
-147.3 -212.8 2359.4 0.9751704931 -0.0017847134 0.2214481235 -0.0095426347 0.9987000823 0.0500708222 -0.2212496251 -0.0509407856 0.9738858342
-146.6 -600.3 2379.1 0.9514874220 0.2140932232 0.2209882587 -0.2143929750 0.9764785171 -0.0229207557 -0.2206974626 -0.0255695190 0.9750071168
125.2 -221.0 2218.8 0 0 0 0 0 0 0 0 0
49.0 -111.8 2401.2 0 0 0 0 0 0 0 0 0
-249.7 -925.8 2213.9 0 0 0 0 0 0 0 0 0
-226.3 -963.7 2388.6 0 0 0 0 0 0 0 0 0
43.6 352.3 2308.2 8 0.5216980577 0.4052059054 -0.7507591844 -0.2865036726 0.9121116996 0.2932027280 0.8035836816 0.0621319711 0.5919399261
-36.5 172.1 2295.9 0.5216980577 0.4052059054 -0.7507591844 -0.2865036726 0.9121116996 0.2932027280 0.8035836816 0.0621319711 0.5919399261
-110.1 -7.3 2287.2 0.5338534117 0.3793607950 -0.7557022572 -0.2580540478 0.9241703153 0.2816333473 0.8052382469 0.0446611047 0.5912670493
-109.3 207.3 2186.0 -0.0640904680 0.5734658837 -0.8167185783 0.9596555829 0.2599370182 0.1072098017 0.2737765610 -0.7768974304 -0.5669892430
-89.9 -83.2 2103.1 -0.7723653316 0.5734658837 -0.2731091678 0.4876955450 0.2599370182 -0.8334181309 -0.4069457352 -0.7768974304 -0.4804431200
36.4 136.9 2405.7 -0.0470330827 0.9876398444 -0.1495171189 -0.7324652076 0.0676741377 0.6774325967 0.6791778803 0.1413778365 0.7202289104
22.2 -83.1 2609.7 0.1477812827 0.9876398444 0.0522319004 -0.1014725491 0.0676741377 -0.9925339222 -0.9838008285 0.1413778365 0.1102193072
-231.0 -171.5 2207.7 0.7762846351 -0.0884120613 -0.6241518259 0.0546249077 0.9958260059 -0.0731209219 0.6280114055 0.0226684138 0.7778739333
-196.7 -558.0 2198.9 0.7624710202 0.1495734453 -0.6294963956 -0.0948081017 0.9882391691 0.1199782938 0.6400385499 -0.0317986123 0.7676844597
-141.2 -214.1 2356.7 0.9651092291 0.0140687684 0.2614694536 -0.0357186086 0.9962949753 0.0782336667 -0.2594000697 -0.0848433524 0.9620359540
-146.7 -600.5 2389.6 0.9426241517 0.2148726732 0.2555180788 -0.1986426711 0.9761102796 -0.0880331248 -0.2683297098 0.0322253592 0.9627879858
130.0 -222.1 2219.0 0 0 0 0 0 0 0 0 0
55.0 -105.6 2391.4 0 0 0 0 0 0 0 0 0
-252.5 -926.8 2210.8 0 0 0 0 0 0 0 0 0
-226.6 -963.7 2377.6 0 0 0 0 0 0 0 0 0
43.8 352.3 2308.1 9 0.5104003549 0.4071638882 -0.7574358582 -0.2808562219 0.9114307165 0.3006889224 0.8127799630 0.0592588410 0.5795490742
-36.7 172.2 2296.4 0.5104003549 0.4071638882 -0.7574358582 -0.2808562219 0.9114307165 0.3006889224 0.8127799630 0.0592588410 0.5795490742
-111.3 -6.8 2288.2 0.5216143727 0.3845851123 -0.7615856528 -0.2548864782 0.9221204519 0.2910786569 0.8142182231 0.0422870815 0.5790168047
-107.9 207.0 2185.2 -0.0641743764 0.5789042115 -0.8128662705 0.9595339298 0.2595905960 0.1091207638 0.2741829157 -0.7729700208 -0.5721372962
-88.4 -83.9 2102.1 -0.7709388137 0.5789042115 -0.2655622363 0.4829919934 0.2595905960 -0.8362604380 -0.4151771963 -0.7729700208 -0.4797345400
34.6 137.4 2407.5 -0.0612905771 0.9864410758 -0.1522414982 -0.7235035300 0.0611674935 0.6876053810 0.6875944138 0.1522909999 0.7099446058
16.1 -80.4 2614.5 0.1580644399 0.9864410758 0.0441547707 -0.1044381484 0.0611674935 -0.9926486015 -0.9818901420 0.1522909999 0.1126904860
-231.6 -163.5 2206.6 0.7683099508 -0.0932180882 -0.6332536936 0.0549653769 0.9952923656 -0.0798239484 0.6377136111 0.0265225042 0.7698168159
-195.4 -549.9 2196.3 0.7557640076 0.1422681957 -0.6392030120 -0.0864507705 0.9892477393 0.1179626957 0.6491125226 -0.0338923633 0.7599370480
-136.0 -209.7 2350.7 0.9683520198 0.0163704548 0.2490508407 -0.0347177424 0.9969807267 0.0694555789 -0.2471618801 -0.0759039372 0.9659966826
-142.4 -596.6 2380.1 0.9422941208 0.2273440361 0.2457570136 -0.2244233787 0.9736615419 -0.0402157977 -0.2484269738 -0.0172585119 0.9684968591
132.1 -222.1 2220.8 0 0 0 0 0 0 0 0 0
51.3 -103.6 2396.1 0 0 0 0 0 0 0 0 0
-248.5 -919.2 2208.9 0 0 0 0 0 0 0 0 0
-227.0 -959.0 2386.5 0 0 0 0 0 0 0 0 0
52.8 360.0 2314.5 0 0.4595154822 0.4277507365 -0.7783796191 -0.2895089984 0.9006580710 0.3240363300 0.8396607041 0.0764481872 0.5377040505
-31.4 182.5 2299.5 0.4595154822 0.4277507365 -0.7783796191 -0.2895089984 0.9006580710 0.3240363300 0.8396607041 0.0764481872 0.5377040505
-109.4 5.3 2286.6 0.4695916772 0.4026129246 -0.7857394814 -0.2675006688 0.9130188823 0.3079609871 0.8413839936 0.0655699074 0.5364452600
-95.4 219.0 2184.7 -0.0235443395 0.5688050985 -0.8221352696 0.9654482007 0.2264230996 0.1290052682 0.2595292628 -0.7906916738 -0.5544828773
-88.0 -85.2 2103.0 -0.7715997100 0.5688050985 -0.2847711444 0.4797632396 0.2264230996 -0.8476790786 -0.4176854491 -0.7906916738 -0.4475997984
32.6 146.1 2414.2 -0.1163401082 0.9777739048 -0.1744223386 -0.7213717103 0.0375280119 0.6915305257 0.6827062368 0.2062760890 0.7009724379
-2.4 -71.0 2619.6 0.2091356814 0.9777739048 0.0148473410 -0.1049032211 0.0375280119 -0.9937741160 -0.9722436070 0.2062760890 0.1104200855
-232.7 -162.9 2207.1 0.7306973934 -0.1044068635 -0.6746706367 0.0597706288 0.9942254424 -0.0891245604 0.6800799370 0.0247975960 0.7327184677
-192.2 -548.9 2197.4 0.7152198553 0.1568158865 -0.6810795069 -0.0902961567 0.9870687127 0.1324462742 0.6930419803 -0.0332293436 0.7201309800
-139.3 -208.6 2352.9 0.9802283049 0.0169540495 0.1971421838 -0.0341570862 0.9958639145 0.0841921195 -0.1948993951 -0.0892613009 0.9767531157
-145.9 -595.1 2387.5 0.9570644498 0.2171598673 0.1920137256 -0.2065988630 0.9756491780 -0.0736584663 -0.2033336908 0.0308260806 0.9786241055
132.9 -222.6 2222.6 0 0 0 0 0 0 0 0 0
44.1 -94.3 2403.4 0 0 0 0 0 0 0 0 0
-250.7 -917.3 2209.8 0 0 0 0 0 0 0 0 0
-226.7 -958.3 2376.0 0 0 0 0 0 0 0 0 0
49.9 355.2 2318.7 1 0.4925939143 0.4145096242 -0.7652012706 -0.3129471838 0.9048326612 0.2886900008 0.8120439053 0.0972606465 0.5754346848
-31.7 177.0 2299.6 0.4925939143 0.4145096242 -0.7652012706 -0.3129471838 0.9048326612 0.2886900008 0.8120439053 0.0972606465 0.5754346848
-107.8 -0.9 2284.4 0.5050324798 0.3918168545 -0.7690394521 -0.2848468125 0.9167614579 0.2800190747 0.8147419691 0.0776397064 0.5746021271
-100.6 215.8 2188.5 -0.0008370774 0.5833854079 -0.8121950626 0.9540089965 0.2439432591 0.1742369086 0.2997767627 -0.7746955156 -0.5567591190
-100.4 -70.1 2098.7 -0.7482149601 0.5833854079 -0.3159681261 0.5324848890 0.2439432591 -0.8105254769 -0.3957704306 -0.7746955156 -0.4931658804
37.1 138.2 2410.7 -0.0803292841 0.9844421148 -0.1562720984 -0.7420518994 0.0456141792 0.6687887311 0.6655119658 0.1696853191 0.7268429399
13.0 -85.1 2611.0 0.1726422310 0.9844421148 0.0326866694 -0.0714512467 0.0456141792 -0.9964005351 -0.9823896289 0.1696853191 0.0782145485
-229.4 -147.9 2198.6 0.7529022694 -0.1003414094 -0.6504381299 0.0713479370 0.9949286580 -0.0708976313 0.6542534828 0.0069715693 0.7562432289
-190.5 -534.1 2195.9 0.7399954796 0.1414838880 -0.6575629115 -0.0799260661 0.9891961217 0.1228937581 0.6678462029 -0.0383844040 0.7433089018
-145.5 -195.7 2349.0 0.9724836946 -0.0018521199 0.2329636514 -0.0132403020 0.9979128242 0.0632039905 -0.2325944752 -0.0645493567 0.9704293609
-144.8 -582.9 2374.1 0.9497451782 0.2096767128 0.2324215025 -0.2124344707 0.9770835042 -0.0133939497 -0.2299036086 -0.0366535001 0.9725229144
110.8 -220.4 2210.4 0 0 0 0 0 0 0 0 0
51.4 -101.0 2392.5 0 0 0 0 0 0 0 0 0
-243.3 -903.3 2210.2 0 0 0 0 0 0 0 0 0
-222.8 -946.4 2387.7 0 0 0 0 0 0 0 0 0
49.5 348.8 2320.4 2 0.4424374104 0.4263400137 -0.7889761329 -0.2940425575 0.9000994563 0.3214963973 0.8472237587 0.0897505358 0.5235998034
-34.0 172.5 2302.8 0.4424374104 0.4263400137 -0.7889761329 -0.2940425575 0.9000994563 0.3214963973 0.8472237587 0.0897505358 0.5235998034
-112.0 -4.6 2288.9 0.4551140964 0.4015047848 -0.7947735786 -0.2662774026 0.9130935669 0.3087984324 0.8496867418 0.0710917413 0.5224733949
-96.0 208.7 2187.0 0.0713007152 0.5759474635 -0.8143713474 0.9404460192 0.2332479805 0.2472987920 0.3323816061 -0.7835049033 -0.5250167251
-115.8 -51.8 2095.0 -0.7335403562 0.5759474635 -0.3608366549 0.5705055594 0.2332479805 -0.7874761820 -0.3693805039 -0.7835049033 -0.4996780455
28.0 136.4 2418.5 -0.1289122701 0.9743545651 -0.1844310760 -0.7194213867 0.0361116193 0.6936345100 0.6825060248 0.2221016586 0.6963163018
-10.8 -80.1 2623.9 0.2247047126 0.9743545651 0.0118739838 -0.1040645465 0.0361116193 -0.9939147234 -0.9688541293 0.2221016586 0.1095102206
-229.0 -153.3 2196.4 0.7178326845 -0.1017627344 -0.6887384057 0.0725042000 0.9948077798 -0.0714182258 0.6924300790 0.0013299069 0.7214837670
-189.4 -539.5 2195.9 0.7015685439 0.1596854180 -0.6944797635 -0.0811609328 0.9861329794 0.1447574198 0.7079650760 -0.0451926216 0.7048000693
-138.6 -204.2 2342.1 0.9834593534 0.0170980096 0.1803200990 -0.0319602825 0.9962950945 0.0798412263 -0.1782868952 -0.0842836797 0.9803621769
-145.3 -590.7 2374.8 0.9608006477 0.2120013684 0.1786547154 -0.2170590162 0.9761167765 0.0090250093 -0.1724745482 -0.0474498533 0.9838704467
89.9 -211.7 2198.6 0 0 0 0 0 0 0 0 0
39.1 -103.3 2408.6 0 0 0 0 0 0 0 0 0
-249.0 -907.5 2212.8 0 0 0 0 0 0 0 0 0
-224.3 -954.4 2392.5 0 0 0 0 0 0 0 0 0
48.1 347.2 2313.7 3 0.4566083550 0.4307433963 -0.7784400582 -0.2764557898 0.9003584981 0.3360457420 0.8456246257 0.0617629737 0.5301927328
-36.8 169.6 2301.5 0.4566083550 0.4307433963 -0.7784400582 -0.2764557898 0.9003584981 0.3360457420 0.8456246257 0.0617629737 0.5301927328
-115.6 -7.5 2293.1 0.4695372283 0.4059678018 -0.7840439677 -0.2484374791 0.9128891826 0.3239014447 0.8472388387 0.0427021310 0.5294930935
-100.9 203.4 2185.9 0.0927939415 0.5774053931 -0.8111672401 0.9307183027 0.2391577512 0.2767074108 0.3537692726 -0.7806450129 -0.5152093768
-125.5 -43.2 2092.2 -0.7279659510 0.5774053931 -0.3696871698 0.5837356448 0.2391577512 -0.7759228349 -0.3596084714 -0.7806450129 -0.5111507773
27.2 135.7 2417.0 -0.1185637265 0.9783379436 -0.1696982384 -0.7024488449 0.0381478369 0.7107111812 0.7017893195 0.2034689039 0.6827093959
-8.5 -75.9 2628.4 0.2067082226 0.9783379436 0.0112499511 -0.1266050637 0.0381478369 -0.9912194014 -0.9701766968 0.2034689039 0.1317480057
-230.6 -158.1 2199.1 0.7303194404 -0.1137053743 -0.6735759974 0.0877884850 0.9934954047 -0.0725265294 0.6774412990 -0.0061646821 0.7355509996
-186.5 -543.7 2201.5 0.7095735073 0.1772553772 -0.6819720864 -0.1007183790 0.9834184051 0.1508112997 0.6973960400 -0.0383245721 0.7156605124
-149.3 -205.5 2350.9 0.9800104499 -0.0147387413 0.1983992457 -0.0061299386 0.9945414662 0.1041621566 -0.1988514960 -0.1032961756 0.9745706916
-143.6 -591.3 2390.9 0.9555640817 0.2186883688 0.1976681054 -0.2059518844 0.9750270247 -0.0831031278 -0.2109054178 0.0387002453 0.9767400622
78.2 -206.5 2192.8 0 0 0 0 0 0 0 0 0
37.5 -104.0 2412.5 0 0 0 0 0 0 0 0 0
-252.6 -910.7 2215.8 0 0 0 0 0 0 0 0 0
-224.8 -953.6 2376.5 0 0 0 0 0 0 0 0 0
53.9 348.2 2310.3 4 0.4606668651 0.4455125630 -0.7676617503 -0.2763469219 0.8939033747 0.3529435694 0.8434562087 0.0495515615 0.5349076986
-34.1 171.5 2300.5 0.4606668651 0.4455125630 -0.7676617503 -0.2763469219 0.8939033747 0.3529435694 0.8434562087 0.0495515615 0.5349076986
-115.3 -4.6 2294.1 0.4737428427 0.4183553159 -0.7749493718 -0.2490771562 0.9076831341 0.3377453387 0.8447060585 0.0330177546 0.5342110991
-98.8 205.5 2185.2 0.1164594144 0.5644114017 -0.8172374368 0.9292163849 0.2286319882 0.2903177142 0.3507052362 -0.7932006121 -0.4978339374
-129.7 -41.3 2092.1 -0.7264304161 0.5644114017 -0.3920951486 0.5939637423 0.2286319882 -0.7713199854 -0.3456962705 -0.7932006121 -0.5013251305
30.6 137.5 2415.8 -0.1214478686 0.9805386066 -0.1542544663 -0.6958645582 0.0267133359 0.7176760435 0.7078297138 0.1945004463 0.6790778041
-6.1 -72.3 2629.2 0.1963259727 0.9805386066 -0.0003677521 -0.1352734715 0.0267133359 -0.9904481173 -0.9711627960 0.1945004463 0.1378853917
-236.4 -162.4 2209.0 0.7379723191 -0.1328553557 -0.6616240144 0.0778469294 0.9906437397 -0.1120930538 0.6703258753 0.0312161688 0.7414100170
-184.8 -546.7 2196.9 0.7170294523 0.1822992712 -0.6727820635 -0.0974401906 0.9819319844 0.1622189432 0.6901986599 -0.0507597439 0.7218374014
-152.3 -206.8 2360.6 0.9777408838 -0.0250184368 0.2083189934 0.0006983494 0.9932479858 0.1160081849 -0.2098147720 -0.1132804677 0.9711566567
-142.6 -592.2 2404.5 0.9513435364 0.2270068526 0.2083587348 -0.2052723318 0.9712108970 -0.1208829507 -0.2298015356 0.0722309276 0.9705533981
73.3 -207.3 2188.7 0 0 0 0 0 0 0 0 0
37.7 -102.4 2412.9 0 0 0 0 0 0 0 0 0
-252.9 -913.2 2215.9 0 0 0 0 0 0 0 0 0
-227.1 -953.7 2377.6 0 0 0 0 0 0 0 0 0
60.5 349.2 2315.6 5 0.4430285096 0.4682310522 -0.7645164728 -0.3002151549 0.8810208440 0.3656133711 0.8447464705 0.0675422624 0.5308874249
-32.5 174.4 2302.2 0.4430285096 0.4682310522 -0.7645164728 -0.3002151549 0.8810208440 0.3656133711 0.8447464705 0.0675422624 0.5308874249
-118.0 0.5 2293.1 0.4586241841 0.4408797920 -0.7715496421 -0.2697246373 0.8963487148 0.3518630266 0.8467068672 0.0467330664 0.5300033689
-95.1 211.2 2186.6 0.1393034607 0.5665705204 -0.8121529222 0.9231567383 0.2224476635 0.3135261834 0.3582962155 -0.7934197783 -0.4920456409
-132.6 -37.6 2090.1 -0.7202351689 0.5665705204 -0.4003238678 0.6014713049 0.2224476635 -0.7673000097 -0.3456784487 -0.7934197783 -0.5009905100
30.1 137.6 2417.8 -0.1463377327 0.9788432717 -0.1430073082 -0.6995223761 -0.0001756971 0.7146106362 0.6994667053 0.2046113163 0.6847485304
-14.0 -73.3 2628.7 0.2028482407 0.9788432717 -0.0268032439 -0.1301625222 -0.0001756971 -0.9914926291 -0.9705206156 0.2046113163 0.1273730695
-238.9 -158.5 2212.1 0.7309550047 -0.1355572194 -0.6688266397 0.0673719496 0.9896191359 -0.1269449294 0.6790919304 0.0477308780 0.7324997783
-186.3 -542.5 2193.5 0.7148929238 0.1607902199 -0.6804958582 -0.0820311308 0.9857673645 0.1467434019 0.6944054961 -0.0490839742 0.7179079056
-154.1 -203.1 2363.3 0.9792460799 -0.0221663192 0.2014590800 0.0056314068 0.9965932369 0.0822810829 -0.2025966197 -0.0794389322 0.9760348797
-145.5 -589.6 2394.1 0.9548190832 0.2176678479 0.2023392767 -0.2043778449 0.9752238393 -0.0846647769 -0.2157548964 0.0394858755 0.9756488800
68.6 -205.6 2186.6 0 0 0 0 0 0 0 0 0
31.2 -102.4 2412.5 0 0 0 0 0 0 0 0 0
-246.3 -910.3 2211.9 0 0 0 0 0 0 0 0 0
-226.6 -953.0 2379.4 0 0 0 0 0 0 0 0 0
57.7 344.3 2312.3 6 0.4559561610 0.4705541134 -0.7554355264 -0.3104246557 0.8795802593 0.3605206311 0.8341106176 0.0701242089 0.5471216440
-35.1 171.0 2298.5 0.4559561610 0.4705541134 -0.7554355264 -0.3104246557 0.8795802593 0.3605206311 0.8341106176 0.0701242089 0.5471216440
-119.9 -3.2 2287.8 0.4710924625 0.4370602965 -0.7661920190 -0.2807843387 0.8977355361 0.3394569457 0.8362009525 0.0552191213 0.5456361175
-99.4 209.3 2184.3 0.1384272277 0.5771749616 -0.8048024774 0.9191564322 0.2277106792 0.3214020729 0.3687673509 -0.7842301726 -0.4989927113
-135.6 -31.3 2087.8 -0.7077705860 0.5771749616 -0.4073449075 0.6185227036 0.2277106792 -0.7520489097 -0.3413069844 -0.7842301726 -0.5181627274
29.3 132.7 2412.7 -0.1336718351 0.9814604521 -0.1373579353 -0.7112948298 0.0014954522 0.7028921843 0.6900662780 0.1916588843 0.6979078650
-11.0 -81.8 2620.8 0.1905853897 0.9814604521 -0.0203119610 -0.1135879606 0.0014954522 -0.9935268164 -0.9750769138 0.1916588843 0.1117671058
-244.6 -149.3 2208.3 0.7339862585 -0.1611137539 -0.6597776413 0.0966859162 0.9863483310 -0.1332996786 0.6722469926 0.0340489261 0.7395435572
-182.1 -531.9 2195.0 0.7135833502 0.1744303852 -0.6785078049 -0.0998875946 0.9839450717 0.1479007155 0.6934127212 -0.0377649777 0.7195502520
-162.5 -197.6 2359.9 0.9748746753 -0.0626938269 0.2137494832 0.0482979640 0.9962400794 0.0719236359 -0.2174549699 -0.0597928651 0.9742372036
-138.1 -583.8 2383.0 0.9438277483 0.2466021925 0.2199466825 -0.2405756861 0.9691151977 -0.0542127974 -0.2265226692 -0.0017462801 0.9740043283
62.0 -204.0 2183.1 0 0 0 0 0 0 0 0 0
31.4 -107.2 2403.5 0 0 0 0 0 0 0 0 0
-247.1 -899.1 2209.1 0 0 0 0 0 0 0 0 0
-230.0 -944.7 2383.7 0 0 0 0 0 0 0 0 0
51.8 338.3 2310.6 7 0.4503747225 0.4398610592 -0.7769715786 -0.2869713008 0.8953649998 0.3405421674 0.8454644084 0.0695969686 0.5294772387
-34.8 162.1 2296.9 0.4503747225 0.4398610592 -0.7769715786 -0.2869713008 0.8953649998 0.3405421674 0.8454644084 0.0695969686 0.5294772387
-115.1 -14.2 2286.9 0.4634047151 0.4141198397 -0.7834289074 -0.2594442070 0.9087489843 0.3269005418 0.8473162055 0.0517688356 0.5285595655
-98.0 197.6 2181.2 0.1439392120 0.5858529806 -0.7975323200 0.9169619083 0.2240838706 0.3301019669 0.3721053600 -0.7788213491 -0.5049504042
-134.4 -34.0 2087.3 -0.6981468797 0.5858529806 -0.4115424752 0.6275666952 0.2240838706 -0.7456181645 -0.3446025848 -0.7788213491 -0.5241053104
28.5 126.7 2412.7 -0.1282165498 0.9776945114 -0.1663549840 -0.7062015533 0.0277630854 0.7074663043 0.6963044405 0.2081890404 0.6868897080
-10.2 -86.3 2622.7 0.2100227028 0.9776945114 0.0019811683 -0.1198808700 0.0277630854 -0.9923999906 -0.9703190327 0.2081890404 0.1230377406
-246.9 -152.3 2202.1 0.7230398059 -0.1771559119 -0.6677044034 0.1049644426 0.9835092425 -0.1472822428 0.6827853918 0.0364056975 0.7297114134
-178.1 -533.9 2188.0 0.6983554363 0.1951701939 -0.6886278391 -0.0880537555 0.9782236218 0.1879495382 0.7103141546 -0.0706193149 0.7003332973
-162.5 -202.5 2351.9 0.9775309563 -0.0788570717 0.1954860240 0.0631005391 0.9943321347 0.0855682120 -0.2011256963 -0.0713102967 0.9769663811
-131.9 -588.2 2379.6 0.9381036162 0.2792747617 0.2048589140 -0.2728396952 0.9602112174 -0.0596060716 -0.2133543044 0.0000230280 0.9769749045
60.6 -209.2 2183.5 0 0 0 0 0 0 0 0 0
36.6 -113.0 2406.5 0 0 0 0 0 0 0 0 0
-250.9 -898.8 2214.4 0 0 0 0 0 0 0 0 0
-236.0 -946.1 2379.5 0 0 0 0 0 0 0 0 0
52.4 337.0 2294.8 8 0.4905036986 0.4407403469 -0.7517672777 -0.2727631927 0.8969749808 0.3479024768 0.8276510835 0.0344069861 0.5601872802
-34.2 160.7 2288.0 0.4905036986 0.4407403469 -0.7517672777 -0.2727631927 0.8969749808 0.3479024768 0.8276510835 0.0344069861 0.5601872802
-114.4 -15.8 2283.3 0.5011203885 0.4142325222 -0.7597958446 -0.2503268421 0.9098450541 0.3309356272 0.8283808231 0.0243587047 0.5596354604
-102.5 194.9 2175.0 0.1098818183 0.5846518278 -0.8038085699 0.9328902364 0.2184035331 0.2863837481 0.3429894149 -0.7813335657 -0.5214174390
-130.5 -42.4 2087.8 -0.6983167529 0.5846518278 -0.4129599631 0.6257044673 0.2184035331 -0.7488616705 -0.3476314247 -0.7813335657 -0.5183340907
34.2 126.5 2401.1 -0.0954850614 0.9859268069 -0.1372257471 -0.6998303533 0.0315465666 0.7136121392 0.7078983188 0.1641740501 0.6869693398
5.4 -84.5 2614.5 0.1669026911 0.9859268069 0.0095810266 -0.1294587702 0.0315465666 -0.9910828471 -0.9774374366 0.1641740501 0.1329020709
