-159.0 455.2 2738.8 9 0.5165702105 0.3088166416 -0.7986159921 -0.2922966182 0.9402678609 0.1745252013 0.8048092127 0.1432782561 0.5759804249
-221.8 264.3 2709.7 0.5165702105 0.3088166416 -0.7986159921 -0.2922966182 0.9402678609 0.1745252013 0.8048092127 0.1432782561 0.5759804249
-276.0 74.7 2684.7 0.5271502137 0.2731263041 -0.8046829700 -0.2578632236 0.9537031651 0.1547799259 0.8097031713 0.1259058565 0.5731740594
-298.6 301.9 2591.6 -0.3392699659 0.7409715652 -0.5795317888 0.7898369431 0.5590025783 0.2523365319 0.5109339356 -0.3721254170 -0.7748994827
-183.9 34.7 2418.8 -0.6604686975 0.7409715652 -0.1214177161 0.7068281174 0.5590025783 -0.4334860146 -0.2533279955 -0.3721254170 -0.8929432034
-144.9 226.6 2827.8 -0.0137220062 0.7482625842 -0.6632607579 -0.8835525513 0.3014776409 0.3583938181 0.4681309760 0.5909436345 0.6569924355
-147.6 49.8 2921.5 0.5230978131 0.7482625842 -0.4080095291 -0.8159754872 0.3014776409 -0.4932496548 -0.2460745126 0.5909436345 0.7682662010
-375.1 -90.1 2587.4 0.6272330880 0.0236784406 -0.7784715891 -0.0015112971 0.9995728731 0.0291858986 0.7788301110 -0.0171298590 0.6270009875
-384.5 -487.2 2594.2 0.6313668489 0.0032792098 -0.7754774094 -0.1204905137 0.9882616401 -0.0939202011 0.7660665512 0.1527357697 0.6243507266
-280.3 -136.7 2736.7 -0.1388106346 0.1944637150 0.9710383415 -0.0544743948 0.9775470495 -0.2035543174 -0.9888195992 -0.0811522305 -0.1251006275
-357.5 -524.7 2768.9 -0.1594768465 -0.2655326724 0.9508204460 0.0187887922 0.9621562958 0.2718497515 -0.9870228767 0.0612185076 -0.1484526098
12.6 -175.5 2494.1 0 0 0 0 0 0 0 0 0
-11.8 -162.1 2857.6 0 0 0 0 0 0 0 0 0
-385.5 -813.7 2543.8 0 0 0 0 0 0 0 0 0
-272.7 -832.2 2749.4 0 0 0 0 0 0 0 0 0
-160.8 452.0 2737.8 0 0.5212666392 0.3098847568 -0.7951431274 -0.2977900803 0.9392246008 0.1708162427 0.7997513413 0.1477449387 0.5818670392
-223.2 262.9 2708.0 0.5212666392 0.3098847568 -0.7951431274 -0.2977900803 0.9392246008 0.1708162427 0.7997513413 0.1477449387 0.5818670392
-277.6 73.7 2681.2 0.5308218598 0.2739931047 -0.8019700646 -0.2668366730 0.9522007108 0.1487009227 0.8043794632 0.1350613236 0.5785603523
-300.7 301.8 2590.6 -0.3147459328 0.7703114748 -0.5545766354 0.7690626979 0.5494025946 0.3266487122 0.5563070774 -0.3236928582 -0.7653400302
-195.7 45.4 2405.2 -0.6290472746 0.7703114748 -0.1044976935 0.7378996611 0.5494025946 -0.3919960558 -0.2445477396 -0.3236928582 -0.9140127897
-145.7 223.9 2825.4 -0.0117506161 0.7509590983 -0.6602441072 -0.8884443045 0.2951433957 0.3515069187 0.4588340223 0.5907205343 0.6637172103
-148.0 46.1 2917.3 0.5220468640 0.7509590983 -0.4043852687 -0.8131568432 0.2951433957 -0.5016635656 -0.2573772073 0.5907205343 0.7647262216
-378.5 -91.1 2585.5 0.6313637495 0.0143531607 -0.7753539681 0.0173232947 0.9993181825 0.0326053314 0.7752932906 -0.0340175107 0.6306846142
-384.2 -488.2 2599.0 0.6368321776 0.0098527698 -0.7709394693 -0.1291739494 0.9871482253 -0.0940877870 0.7601044774 0.1595034301 0.6299204826
-282.0 -138.4 2733.8 -0.3501565158 0.2437310517 0.9044255614 -0.0300198458 0.9621375799 -0.2709061503 -0.9362100363 -0.1220102683 -0.3295819759
-378.6 -519.7 2782.1 -0.3501565158 -0.3224103451 0.8794555068 -0.0300198458 0.9422762394 0.3334881365 -0.9362100363 0.0903719217 -0.3396228850
-10.8 -171.5 2477.1 0 0 0 0 0 0 0 0 0
-12.4 -165.2 2850.4 0 0 0 0 0 0 0 0 0
-387.5 -815.1 2546.2 0 0 0 0 0 0 0 0 0
-271.6 -832.5 2752.1 0 0 0 0 0 0 0 0 0
-159.7 455.8 2746.3 1 0.5030601621 0.3025068939 -0.8095801473 -0.2978084385 0.9400460720 0.1662032455 0.8113202453 0.1574895680 0.5629888773
-221.1 264.9 2714.3 0.5030601621 0.3025068939 -0.8095801473 -0.2978084385 0.9400460720 0.1662032455 0.8113202453 0.1574895680 0.5629888773
-274.5 75.5 2686.9 0.5136122704 0.2689586878 -0.8147782683 -0.2628484964 0.9532655478 0.1489814222 0.8167698979 0.1376445740 0.5603042841
-296.1 303.3 2595.0 -0.2588551342 0.7651634812 -0.5895073414 0.7596620321 0.5382154584 0.3650174141 0.5965799689 -0.3533397019 -0.7205854654
-210.9 53.4 2398.8 -0.6299831867 0.7651634812 -0.1328382641 0.7391076684 0.5382154584 -0.4050233662 -0.2384134680 -0.3533397019 -0.9046049118
-146.1 226.5 2833.5 -0.0199282393 0.7371563315 -0.6754282713 -0.8867964745 0.2989571989 0.3524437845 0.4617303312 0.6059910059 0.6477499604
-150.1 49.0 2926.0 0.5293492079 0.7371563315 -0.4199880362 -0.8128899932 0.2989571989 -0.4998343885 -0.2428976297 0.6059910059 0.7574797869
-380.7 -91.1 2580.6 0.6142780781 0.0170214344 -0.7889060378 0.0286720749 0.9986256361 0.0438717231 0.7885685563 -0.0495690107 0.6129457951
-387.5 -487.9 2600.3 0.6228404641 -0.0051404065 -0.7823319435 -0.1279934347 0.9858356714 -0.1083773822 0.7718079090 0.1676351726 0.6133604646
-283.4 -140.0 2728.0 -0.2699061036 0.2259180397 0.9360083938 -0.0373228155 0.9689006209 -0.2446193546 -0.9621630311 -0.1009587273 -0.2530803084
-373.0 -524.4 2768.1 -0.2699061036 -0.3154862821 0.9097357392 -0.0373228155 0.9475182295 0.3175156713 -0.9621630311 0.0517455228 -0.2675158083
-26.0 -163.5 2468.8 0 0 0 0 0 0 0 0 0
-12.6 -162.2 2862.9 0 0 0 0 0 0 0 0 0
-385.7 -818.5 2544.1 0 0 0 0 0 0 0 0 0
-273.8 -822.3 2751.8 0 0 0 0 0 0 0 0 0
-161.4 458.4 2753.0 2 0.4989256263 0.2864002287 -0.8179536462 -0.2880057991 0.9449687004 0.1551992446 0.8173896670 0.1581425071 0.5539540052
-219.8 265.9 2720.8 0.4989256263 0.2864002287 -0.8179536462 -0.2880057991 0.9449687004 0.1551992446 0.8173896670 0.1581425071 0.5539540052
-270.6 75.8 2693.2 0.5081306100 0.2561197579 -0.8223174214 -0.2557423115 0.9565681815 0.1399040222 0.8224349022 0.1392118484 0.5515622497
-294.0 303.3 2600.7 -0.2277807295 0.7795587182 -0.5834416151 0.7503949404 0.5223764777 0.4050064683 0.6205025315 -0.3455589712 -0.7039642334
-218.7 55.2 2395.6 -0.6135425568 0.7795587182 -0.1259115785 0.7478139997 0.5223764777 -0.4097523987 -0.2536528111 -0.3455589712 -0.9034651518
-145.6 228.6 2840.9 -0.0141547620 0.7271327376 -0.6863509417 -0.8863440752 0.3085898459 0.3452049792 0.4628107846 0.6132293940 0.6401218176
-148.4 51.1 2933.6 0.5416320562 0.7271327376 -0.4217969477 -0.8067273498 0.3085898459 -0.5039477348 -0.2362746447 0.6132293940 0.7537400126
-375.0 -89.8 2584.7 0.6053330302 0.0322517715 -0.7953186631 0.0226613265 0.9980754852 0.0577219576 0.7956497073 -0.0529639833 0.6034371257
-387.9 -486.4 2605.8 0.6142890453 -0.0070389626 -0.7890496850 -0.1357498616 0.9841088653 -0.1144627035 0.7773165107 0.1774265766 0.6035717726
-280.9 -138.0 2734.5 -0.3167247176 0.2166293710 0.9234485030 -0.0277144872 0.9710411429 -0.2372995168 -0.9481125474 -0.1007515267 -0.3015489578
-366.9 -523.6 2774.5 -0.3167247176 -0.2985644937 0.9003025293 -0.0277144872 0.9516758323 0.3058513403 -0.9481125474 0.0719192550 -0.3096938133
-39.8 -162.8 2469.5 0 0 0 0 0 0 0 0 0
-7.7 -158.5 2872.2 0 0 0 0 0 0 0 0 0
-385.5 -819.1 2545.8 0 0 0 0 0 0 0 0 0
-274.1 -819.5 2752.1 0 0 0 0 0 0 0 0 0
-163.3 456.2 2754.4 3 0.4913249016 0.2805305421 -0.8245619535 -0.2855080068 0.9462753534 0.1518162787 0.8228517771 0.1608279347 0.5450223684
-220.1 264.7 2721.8 0.4913249016 0.2805305421 -0.8245619535 -0.2855080068 0.9462753534 0.1518162787 0.8228517771 0.1608279347 0.5450223684
-269.4 74.2 2694.2 0.5011649728 0.2484757006 -0.8289110065 -0.2500752807 0.9586051702 0.1361558884 0.8284298778 0.1390536129 0.5425570011
-293.3 301.2 2600.8 -0.2021432370 0.7888336778 -0.5804132223 0.7527762651 0.5042525530 0.4231515825 0.6264711022 -0.3513840735 -0.6957465410
-228.2 58.8 2399.2 -0.6001656651 0.7888336778 -0.1324483305 0.7551965117 0.5042525530 -0.4188169241 -0.2635894716 -0.3513840735 -0.8983595371
-146.9 228.1 2842.8 -0.0132535705 0.7186733484 -0.6952215433 -0.8850564361 0.3151083291 0.3426103890 0.4652950466 0.6198510528 0.6318901181
-149.5 50.9 2936.0 0.5493126512 0.7186733484 -0.4263381660 -0.8038398027 0.3151083291 -0.5045277476 -0.2282479405 0.6198510528 0.7507912517
-368.1 -90.8 2590.1 0.5956940055 0.0470406376 -0.8018327951 -0.0023732460 0.9983822703 0.0568083674 0.8032079339 -0.0319374576 0.5948420167
-386.8 -487.4 2602.8 0.6019651294 -0.0076906369 -0.7984853387 -0.1334209293 0.9849281311 -0.1100702435 0.7872971892 0.1727931052 0.5918663144
-274.9 -137.7 2740.9 -0.3144378364 0.2225597948 0.9228196144 -0.0178072881 0.9705738425 -0.2401444316 -0.9491110444 -0.0919434130 -0.3012219369
-363.4 -523.2 2777.4 -0.3144378364 -0.2870059609 0.9048516154 -0.0178072881 0.9548153877 0.2966656685 -0.9491110444 0.0771699622 -0.3053408861
-54.9 -159.2 2475.3 0 0 0 0 0 0 0 0 0
-6.8 -158.0 2876.7 0 0 0 0 0 0 0 0 0
-384.2 -817.2 2544.9 0 0 0 0 0 0 0 0 0
-274.1 -820.2 2753.4 0 0 0 0 0 0 0 0 0
-165.6 455.2 2756.1 4 0.4884625971 0.2749357820 -0.8281392455 -0.2823518217 0.9478062391 0.1481243074 0.8256402016 0.1614734530 0.5405965447
-221.3 263.3 2723.4 0.4884625971 0.2749357820 -0.8281392455 -0.2823518217 0.9478062391 0.1481243074 0.8256402016 0.1614734530 0.5405965447
-269.7 72.6 2695.6 0.4978432357 0.2439187467 -0.8322594166 -0.2478664815 0.9596245289 0.1329774708 0.8310922384 0.1400872916 0.5382018685
-294.0 299.5 2602.0 -0.1797876954 0.7824229598 -0.5962303877 0.7488787770 0.5018748045 0.4327843189 0.6378533840 -0.3686949909 -0.6761708856
-237.1 62.5 2400.1 -0.6031549573 0.7824229598 -0.1549788713 0.7580581903 0.5018748045 -0.4164966345 -0.2480965406 -0.3686949909 -0.8958303928
-148.5 227.1 2844.8 -0.0121190334 0.7141687274 -0.6998686790 -0.8849755526 0.3181619048 0.3399870992 0.4654797018 0.6234869957 0.6281660795
-151.0 49.8 2938.0 0.5537355542 0.7141687274 -0.4281821251 -0.8016656041 0.3181619048 -0.5060684681 -0.2251870334 0.6234869957 0.7487020493
-364.8 -93.4 2590.6 0.5903664827 0.0769462287 -0.8034592271 -0.0188174974 0.9964870214 0.0816055164 0.8069159389 -0.0330580696 0.5897405148
-395.3 -489.1 2603.8 0.5979034305 -0.0348311067 -0.8008109927 -0.1283759326 0.9819983244 -0.1385601461 0.7912212610 0.1856504530 0.5826686621
-272.9 -139.2 2742.6 -0.3127878904 0.2064743787 0.9271095395 -0.0346716419 0.9729540944 -0.2283818126 -0.9491899610 -0.1035794690 -0.2971694469
-354.9 -525.8 2783.7 -0.3247583807 -0.2633159757 0.9084033966 0.0078043672 0.9596846104 0.2809707820 -0.9457648396 0.0983371362 -0.3096106052
-63.2 -156.0 2471.6 0 0 0 0 0 0 0 0 0
-7.1 -158.5 2879.5 0 0 0 0 0 0 0 0 0
-383.7 -815.7 2542.0 0 0 0 0 0 0 0 0 0
-273.4 -822.8 2753.3 0 0 0 0 0 0 0 0 0
-164.9 451.5 2756.9 5 0.5081322193 0.2700297534 -0.8178542256 -0.2812430263 0.9495492578 0.1387752146 0.8140663505 0.1594996303 0.5584405661
-219.2 260.3 2724.8 0.5081322193 0.2700297534 -0.8178542256 -0.2812430263 0.9495492578 0.1387752146 0.8140663505 0.1594996303 0.5584405661
-267.0 69.5 2696.8 0.5165659785 0.2404442132 -0.8217945099 -0.2496888638 0.9603495598 0.1240331009 0.8190330267 0.1411216557 0.5561201572
-294.7 296.8 2605.2 -0.1635599583 0.7936051488 -0.5860366821 0.7523385286 0.4845980108 0.4462639689 0.6381496191 -0.3679070473 -0.6763205528
-244.0 63.5 2407.3 -0.5908537507 0.7936051488 -0.1451987773 0.7581222057 0.4845980108 -0.4363662302 -0.2759394646 -0.3679070473 -0.8879762292
-143.8 223.9 2844.4 0.0033109924 0.7248495221 -0.6888992786 -0.8879687190 0.3189538717 0.3313307166 0.4598919749 0.6106239557 0.6446996927
-143.1 46.1 2936.5 0.5541353226 0.7248495221 -0.4093009531 -0.7965589762 0.3189538717 -0.5135778785 -0.2417185307 0.6106239557 0.7541289926
-363.8 -95.4 2591.5 0.6068475842 0.0714203864 -0.7916029096 -0.0228645820 0.9971110821 0.0724337175 0.7944893241 -0.0258565564 0.6067274213
-392.2 -491.5 2601.8 0.6135668755 -0.0280570220 -0.7891441584 -0.1307333410 0.9819676280 -0.1365589947 0.7787454724 0.1869555265 0.5988348126
-272.5 -140.8 2744.0 -0.3272422254 0.2013561279 0.9232379198 -0.0069214669 0.9764958620 -0.2154248953 -0.9449151158 -0.0768862814 -0.3181570172
-352.5 -528.7 2774.5 -0.3237300217 -0.2554938793 0.9110004306 -0.0202997699 0.9645043015 0.2632856369 -0.9459317327 0.0667403564 -0.3174254596
-73.2 -155.6 2487.1 0 0 0 0 0 0 0 0 0
0.8 -160.9 2873.7 0 0 0 0 0 0 0 0 0
-382.9 -819.3 2539.4 0 0 0 0 0 0 0 0 0
-274.7 -822.5 2754.2 0 0 0 0 0 0 0 0 0
-164.3 448.6 2755.8 6 0.5016588569 0.2712285221 -0.8214459419 -0.2810293138 0.9491692185 0.1417754889 0.8181447983 0.1597274691 0.5523823500
-218.9 257.5 2723.7 0.5016588569 0.2712285221 -0.8214459419 -0.2810293138 0.9491692185 0.1417754889 0.8181447983 0.1597274691 0.5523823500
-267.1 66.8 2695.5 0.5098568797 0.2426096797 -0.8253402114 -0.2505744696 0.9596900344 0.1273086518 0.8229570985 0.1419000030 0.5500963926
-293.4 294.1 2603.5 -0.1401246190 0.7693043947 -0.6233264208 0.7787529230 0.4744157493 0.4104553163 0.6114809513 -0.4279024005 -0.6655753851
-251.7 62.4 2421.5 -0.6084283590 0.7693043947 -0.1948991567 0.7483534217 0.4744157493 -0.4635697007 -0.2641629577 -0.4279024005 -0.8643595576
-144.4 220.9 2843.9 -0.0029000533 0.7214978933 -0.6924105883 -0.8874905705 0.3172201216 0.3342632651 0.4608168006 0.6154772043 0.6394026279
-145.0 43.1 2936.2 0.5532587171 0.7214978933 -0.4163479209 -0.7985949516 0.3172201216 -0.5114855766 -0.2369618416 0.6154772043 0.7516893744
-362.2 -98.4 2593.6 0.5999121070 0.0664504766 -0.7973015904 -0.0403193869 0.9977896214 0.0528225563 0.7990493178 0.0004578189 0.6012653112
-388.5 -494.8 2593.4 0.6030373573 -0.0171830729 -0.7975278497 -0.1168552861 0.9870800972 -0.1096252277 0.7891076207 0.1593034565 0.5932382345
-267.4 -144.2 2743.8 -0.3870216310 0.2228113860 0.8947454095 -0.0101606855 0.9692758918 -0.2457661331 -0.9220146537 -0.1042080373 -0.3728668392
-355.9 -529.1 2785.2 -0.3870216310 -0.2704548240 0.8815148473 -0.0101606855 0.9572094679 0.2892175019 -0.9220146537 0.1029766351 -0.3732087910
-77.2 -152.2 2497.3 0 0 0 0 0 0 0 0 0
-1.3 -164.4 2874.6 0 0 0 0 0 0 0 0 0
-382.9 -820.2 2540.9 0 0 0 0 0 0 0 0 0
-272.7 -823.7 2753.5 0 0 0 0 0 0 0 0 0
-163.8 446.8 2755.3 7 0.4901860356 0.2768109143 -0.8264946342 -0.2867726088 0.9466573596 0.1469739079 0.8230912089 0.1649714708 0.5434200168
-219.7 255.8 2722.0 0.4901860356 0.2768109143 -0.8264946342 -0.2867726088 0.9466573596 0.1469739079 0.8230912089 0.1649714708 0.5434200168
-268.5 65.3 2693.6 0.4997945428 0.2459599078 -0.8304873109 -0.2517524064 0.9586893320 0.1324218363 0.8287497163 0.1428934485 0.5410686731
-292.7 292.6 2601.0 -0.1448662281 0.7670588493 -0.6250076294 0.8172322512 0.4488632381 0.3614598513 0.5578039289 -0.4584130645 -0.6918903589
-250.5 54.7 2438.6 -0.6098282337 0.7670588493 -0.1993244588 0.7320805788 0.4488632381 -0.5124254227 -0.3035910130 -0.4584130645 -0.8352783918
-146.7 219.1 2843.1 -0.0123015670 0.7165146470 -0.6974635720 -0.8866764903 0.3146184981 0.3388510644 0.4622266889 0.6225929260 0.6314464211
-149.1 41.5 2935.6 0.5516922474 0.7165146470 -0.4268985689 -0.8017795086 0.3146184981 -0.5080991983 -0.2297503352 0.6225929260 0.7480593920
-362.1 -101.0 2591.8 0.5915880203 0.0528435558 -0.8045067787 -0.0352263004 0.9985909462 0.0396884680 0.8054705262 0.0048605767 0.5926159024
-383.1 -497.7 2589.9 0.5932617784 0.0018395381 -0.8050075173 -0.1130319759 0.9902811050 -0.0810376182 0.7970346808 0.1390681118 0.5877038240
-268.6 -146.9 2742.7 -0.3764847517 0.2114372402 0.9019719958 -0.0064442740 0.9729860425 -0.2307739556 -0.9264004230 -0.0926954299 -0.3649518490
-352.6 -533.4 2779.6 -0.3742190301 -0.2634415925 0.8891336322 -0.0147555927 0.9603698850 0.2783378661 -0.9272229671 0.0910396203 -0.3632759154
-76.3 -154.4 2525.4 0 0 0 0 0 0 0 0 0
-5.8 -166.9 2875.9 0 0 0 0 0 0 0 0 0
-383.7 -820.1 2544.6 0 0 0 0 0 0 0 0 0
-273.2 -822.6 2752.2 0 0 0 0 0 0 0 0 0
-155.4 449.4 2755.0 8 0.4906704128 0.2918969989 -0.8209986091 -0.2931438386 0.9425966144 0.1599321961 0.8205542564 0.1621966958 0.5480720401
-214.8 257.8 2722.1 0.4906704128 0.2918969989 -0.8209986091 -0.2931438386 0.9425966144 0.1599321961 0.8205542564 0.1621966958 0.5480720401
-266.4 68.0 2694.2 0.5009661317 0.2599726617 -0.8254981041 -0.2577354014 0.9553556442 0.1444577873 0.8261993527 0.1403916180 0.5456050038
-287.9 295.4 2601.4 -0.1732749939 0.7887505293 -0.5897867084 0.8446868062 0.4269536436 0.3228231072 0.5064384937 -0.4422479272 -0.7402275801
-236.9 46.4 2452.1 -0.5915970206 0.7887505293 -0.1669896841 0.7226694226 0.4269536436 -0.5435618162 -0.3574378192 -0.4422479272 -0.8225904107
-141.6 220.1 2842.8 -0.0218945686 0.7243126631 -0.6891239285 -0.8858818412 0.3054335713 0.3491757810 0.4633940160 0.6181274652 0.6349681020
-146.0 42.7 2935.6 0.5392964482 0.7243126631 -0.4295701981 -0.8095512390 0.3054335713 -0.5013353229 -0.2319183797 0.6181274652 0.7510874271
-363.2 -102.1 2589.2 0.5963407755 0.0571680814 -0.8006931543 -0.0306653865 0.9983551502 0.0484418161 0.8021454811 -0.0043342640 0.5971129537
-386.0 -498.8 2590.9 0.5988039374 -0.0008977554 -0.8008951545 -0.1192664504 0.9887492061 -0.0902800784 0.7919654846 0.1495799869 0.5919598937
-271.6 -148.3 2741.2 -0.3817802668 0.1999554783 0.9023644924 -0.0022130797 0.9761168957 -0.2172346562 -0.9242504835 -0.0849329084 -0.3722196519
-351.0 -536.1 2775.0 -0.3742792606 -0.2587850094 0.8904747963 -0.0307568535 0.9632071257 0.2669945657 -0.9268058538 0.0725423172 -0.3684678674
-65.7 -162.6 2555.5 0 0 0 0 0 0 0 0 0
-5.9 -167.6 2875.3 0 0 0 0 0 0 0 0 0
-385.7 -815.8 2543.0 0 0 0 0 0 0 0 0 0
-273.1 -826.0 2753.1 0 0 0 0 0 0 0 0 0
-155.1 450.6 2757.9 9 0.4842920899 0.2882263958 -0.8260670304 -0.2990677059 0.9418392181 0.1532887667 0.8222041726 0.1728134304 0.5423244834
-213.7 259.1 2722.8 0.4842920899 0.2882263958 -0.8260670304 -0.2990677059 0.9418392181 0.1532887667 0.8222041726 0.1728134304 0.5423244834
-265.1 69.6 2692.8 0.4940704107 0.2589999139 -0.8299478889 -0.2651911378 0.9540007114 0.1398437172 0.8279903531 0.1510021836 0.5400280356
-285.8 297.9 2601.8 -0.2238888741 0.8130546808 -0.5374159217 0.8594871759 0.4246957302 0.2844561338 0.4595166147 -0.3982155323 -0.7938947678
-218.6 39.8 2463.8 -0.5707080364 0.8130546808 -0.1150408015 0.7165738344 0.4246957302 -0.5533131957 -0.4010165632 -0.3982155323 -0.8249909878
-141.5 220.4 2843.7 -0.0258703604 0.7192167044 -0.6943040490 -0.8899616003 0.2997590601 0.3436755836 0.4553011358 0.6267949343 0.6323203444
-146.7 42.2 2934.9 0.5410604477 0.7192167044 -0.4358680546 -0.8075946569 0.2997590601 -0.5078734159 -0.2346156538 0.6267949343 0.7430232763
-364.0 -98.2 2590.5 0.5895032287 0.0545786135 -0.8059200048 -0.0412210301 0.9984473586 0.0374651887 0.8067135215 0.0111350026 0.5908377767
-385.7 -495.0 2586.1 0.5908737183 -0.0030333400 -0.8067583442 -0.1040216908 0.9913593531 -0.0799134150 0.8000298738 0.1311390996 0.5854526162
-272.1 -145.5 2742.0 -0.1939125806 0.2260085046 0.9546297789 -0.0159731507 0.9722440243 -0.2334232777 -0.9808887839 -0.0605121553 -0.1849202812
-361.9 -531.6 2766.1 -0.1939125806 -0.2885795534 0.9376138449 -0.0159731507 0.9565572739 0.2911064923 -0.9808887839 0.0414725617 -0.1900980175
-52.5 -168.8 2580.6 0 0 0 0 0 0 0 0 0
-6.1 -167.7 2873.9 0 0 0 0 0 0 0 0 0
-384.7 -817.7 2543.4 0 0 0 0 0 0 0 0 0
-272.4 -828.3 2753.2 0 0 0 0 0 0 0 0 0
-159.6 447.6 2756.8 0 0.4929429293 0.2928955555 -0.8192798495 -0.3095588088 0.9390602708 0.1494626850 0.8131301403 0.1799387187 0.5535715818
-219.1 257.0 2720.3 0.4929429293 0.2928955555 -0.8192798495 -0.3095588088 0.9390602708 0.1494626850 0.8131301403 0.1799387187 0.5535715818
-271.0 67.8 2688.9 0.5033140779 0.2611380219 -0.8237000704 -0.2741546631 0.9522515535 0.1343731731 0.8194596767 0.1581893116 0.5508738756
-292.6 297.1 2600.6 -0.2772044241 0.8253498077 -0.4918895960 0.8589585423 0.4422757030 0.2580357194 0.4305205345 -0.3509841263 -0.8315420747
-208.5 36.3 2469.9 -0.5624231696 0.8253498077 -0.0497779697 0.6987938285 0.4422757030 -0.5622093678 -0.4420038462 -0.3509841263 -0.8254954815
-145.6 217.0 2840.0 -0.0211816225 0.7264069915 -0.6869382858 -0.8947554827 0.2927756608 0.3371869922 0.4460538030 0.6217839718 0.6437551379
-149.8 37.8 2929.3 0.5379692912 0.7264069915 -0.4276937246 -0.8052484393 0.2927756608 -0.5156135559 -0.2493269593 0.6217839718 0.7424424291
-361.9 -95.7 2586.8 0.5995061994 0.0665841773 -0.7975956798 -0.0351918675 0.9977627397 0.0568426661 0.7995960712 -0.0060086483 0.6005081534
-388.3 -492.1 2589.2 0.6018128991 -0.0097859632 -0.7985771298 -0.1074892208 0.9898343682 -0.0931342468 0.7913705111 0.1418878287 0.5946432352
-271.3 -144.3 2738.7 -0.2121532261 0.2144655138 0.9534125924 -0.0369075015 0.9731667638 -0.2271217704 -0.9765391946 -0.0833726898 -0.1985450834
-356.4 -530.8 2771.8 -0.2229850292 -0.2717828155 0.9361686707 0.0007591437 0.9602997303 0.2789692283 -0.9748215675 0.0629166514 -0.2139261365
-44.7 -167.1 2598.6 0 0 0 0 0 0 0 0 0
-10.0 -171.4 2864.6 0 0 0 0 0 0 0 0 0
-385.1 -816.9 2542.7 0 0 0 0 0 0 0 0 0
-273.9 -822.5 2752.7 0 0 0 0 0 0 0 0 0
-155.8 450.5 2756.3 1 0.4947910011 0.3044006228 -0.8139546514 -0.3142131269 0.9359403253 0.1590149850 0.8102172613 0.1770760566 0.5587415099
-217.7 260.3 2720.3 0.4947910011 0.3044006228 -0.8139546514 -0.3142131269 0.9359403253 0.1590149850 0.8102172613 0.1770760566 0.5587415099
-271.9 71.8 2688.6 0.5044755340 0.2729793489 -0.8191377521 -0.2826023102 0.9486539960 0.1420969814 0.8158678412 0.1598057747 0.5557173491
-291.4 301.6 2601.1 -0.3247307837 0.8194232583 -0.4723297656 0.8607725501 0.4629945755 0.2114395648 0.3919446170 -0.3379075527 -0.8556856513
-189.4 31.3 2478.1 -0.5719410181 0.8194232583 -0.0378018990 0.6993290186 0.4629945755 -0.5445868969 -0.4287451208 -0.3379075527 -0.8378520608
-144.0 219.0 2839.5 -0.0291464031 0.7330713272 -0.6795269847 -0.8958665729 0.2823777497 0.3430537879 0.4433661997 0.6187642813 0.6485037804
-149.8 39.6 2928.3 0.5272879601 0.7330713272 -0.4296206236 -0.8105898499 0.2823777497 -0.5130369067 -0.2547773421 0.6187642813 0.7431145310
-369.0 -96.3 2582.3 0.6056373715 0.0486835465 -0.7942501307 -0.0082088718 0.9984558821 0.0549408458 0.7956984043 -0.0267543327 0.6051018238
-388.4 -492.9 2592.9 0.6099432707 -0.0055135144 -0.7924259305 -0.1176051646 0.9882724881 -0.0973987952 0.7836697102 0.1526011229 0.6021417379
-276.7 -146.5 2732.6 -0.3680649102 0.2124730051 0.9051980376 -0.0314507224 0.9701383710 -0.2405044287 -0.9292680621 -0.1169903725 -0.3503914475
-361.1 -531.7 2779.0 -0.3680649102 -0.2817656994 0.8860791922 -0.0314507224 0.9562056065 0.2910011113 -0.9292680621 0.0792394727 -0.3608074784
-23.9 -171.1 2602.2 0 0 0 0 0 0 0 0 0
-12.8 -171.0 2862.1 0 0 0 0 0 0 0 0 0
-386.6 -818.1 2542.7 0 0 0 0 0 0 0 0 0
-274.2 -826.6 2754.6 0 0 0 0 0 0 0 0 0
-151.5 447.7 2755.5 2 0.4974200130 0.3171402216 -0.8074623346 -0.3295637071 0.9300822616 0.1622799188 0.8024718761 0.1853890121 0.5671594143
-215.8 259.2 2717.9 0.4974200130 0.3171402216 -0.8074623346 -0.3295637071 0.9300822616 0.1622799188 0.8024718761 0.1853890121 0.5671594143
-272.8 71.7 2685.0 0.5080977678 0.2867843211 -0.8121523261 -0.2964365780 0.9435577989 0.1477294564 0.8086791635 0.1656906456 0.5644329786
-290.0 302.5 2599.8 -0.3392267823 0.7807612419 -0.5247256756 0.8400230408 0.5024887919 0.2046125084 0.4234222770 -0.3713716269 -0.8263151050
-183.0 37.3 2466.2 -0.6205168366 0.7807612419 -0.0732848495 0.6932664514 0.5024887919 -0.5166107416 -0.3665248454 -0.3713716269 -0.8530783653
-141.6 215.9 2836.1 -0.0368805528 0.7422587872 -0.6690977216 -0.8993347287 0.2672720253 0.3460674882 0.4357027411 0.6145059466 0.6576819420
-149.0 35.8 2923.3 0.5143342614 0.7422587872 -0.4295488298 -0.8150427938 0.2672720253 -0.5140728951 -0.2667687237 0.6145059466 0.7424398065
-372.4 -90.8 2582.0 0.6142210364 0.0238685030 -0.7887729406 0.0135639273 0.9990754724 0.0407946110 0.7890174389 -0.0357557684 0.6133294702
-381.9 -487.6 2596.2 0.6193520427 0.0109597128 -0.7850368619 -0.1331254542 0.9868894815 -0.0912511200 0.7737445831 0.1610249579 0.6126910448
-279.9 -142.6 2731.6 -0.3882455230 0.2153084278 0.8960511684 -0.0298294649 0.9688786268 -0.2457325011 -0.9210730791 -0.1221332699 -0.3697402477
-365.4 -527.5 2780.2 -0.3882455230 -0.2895900905 0.8748731017 -0.0298294649 0.9527950287 0.3021453619 -0.9210730791 0.0912095830 -0.3785567284
-1.2 -165.8 2573.6 0 0 0 0 0 0 0 0 0
-15.4 -176.0 2854.0 0 0 0 0 0 0 0 0 0
-385.6 -819.3 2542.1 0 0 0 0 0 0 0 0 0
-275.1 -824.6 2751.7 0 0 0 0 0 0 0 0 0
-147.9 446.3 2755.6 3 0.4974007607 0.3270827234 -0.8034982085 -0.3388777971 0.9258692861 0.1671164632 0.7985952497 0.1891638488 0.5713691711
-214.0 259.1 2717.4 0.4974007607 0.3270827234 -0.8034982085 -0.3388777971 0.9258692861 0.1671164632 0.7985952497 0.1891638488 0.5713691711
-272.6 72.2 2683.7 0.5087446570 0.2950454354 -0.8087812066 -0.3048497736 0.9403107166 0.1512691975 0.8051369190 0.1695993841 0.5683225989
-288.3 303.6 2599.8 -0.3560215831 0.7661510110 -0.5350338817 0.8280255795 0.5240311027 0.1994116753 0.4331538379 -0.3720268905 -0.8209590316
-173.3 36.2 2459.9 -0.6380615830 0.7661510110 -0.0767463297 0.6893860102 0.5240311027 -0.5001382828 -0.3429639935 -0.3720268905 -0.8625379205
-139.7 214.5 2835.0 -0.0424913801 0.7467277050 -0.6637711525 -0.9013296962 0.2579818666 0.3479225338 0.4310443401 0.6130604148 0.6620858908
-148.2 34.0 2921.3 0.5067036748 0.7467277050 -0.4308701754 -0.8177301884 0.2579818666 -0.5145509839 -0.2730727792 0.6130604148 0.7413421869
-376.4 -88.6 2578.0 0.6177541614 0.0105649531 -0.7863003016 0.0257688519 0.9991007447 0.0336694084 0.7859489918 -0.0410614721 0.6169263721
-380.6 -485.5 2594.3 0.6225563884 0.0180801116 -0.7823660374 -0.1299974024 0.9882324338 -0.0806059539 0.7717021704 0.1518873125 0.6175807714
-283.2 -143.0 2726.3 -0.4699013829 0.2503324449 0.8464788198 -0.0390448980 0.9521118999 -0.3032465279 -0.8818549514 -0.1755466312 -0.4376244843
-382.5 -520.5 2795.9 -0.4699013829 -0.3288168907 0.8191899657 -0.0390448980 0.9348645210 0.3528510034 -0.8818549514 0.1338199824 -0.4521327317
15.1 -167.4 2561.2 0 0 0 0 0 0 0 0 0
-16.5 -178.4 2850.4 0 0 0 0 0 0 0 0 0
-386.7 -820.0 2542.9 0 0 0 0 0 0 0 0 0
-274.9 -826.3 2752.1 0 0 0 0 0 0 0 0 0
-146.4 444.6 2755.2 4 0.5004253983 0.3298142254 -0.8004980087 -0.3404413462 0.9250776768 0.1683180630 0.7960364819 0.1882919818 0.5752147436
-212.9 258.1 2717.2 0.5004253983 0.3298142254 -0.8004980087 -0.3404413462 0.9250776768 0.1683180630 0.7960364819 0.1882919818 0.5752147436
-272.2 71.3 2684.2 0.5124332905 0.2983762324 -0.8052228093 -0.3047933280 0.9398378134 0.1542914957 0.8028157353 0.1663624346 0.5725472569
-287.8 302.6 2600.0 -0.3606655598 0.7474265695 -0.5579192042 0.8136442900 0.5445626378 0.2035547644 0.4559641778 -0.3805325627 -0.8045443296
-170.1 37.1 2451.2 -0.6558575034 0.7474265695 -0.1058507562 0.6961023211 0.5445626378 -0.4678601623 -0.2920487523 -0.3805325627 -0.8774408698
-138.1 213.5 2834.5 -0.0423557907 0.7507773042 -0.6591960788 -0.9005047083 0.2571113110 0.3506922126 0.4327785373 0.6084629893 0.6651883125
-146.6 33.2 2921.2 0.5030925870 0.7507773042 -0.4280552864 -0.8194866180 0.2571113110 -0.5121868849 -0.2744804323 0.6084629893 0.7446027398
-377.9 -86.6 2576.2 0.6222878098 0.0187979415 -0.7825627923 0.0325775668 0.9982236028 0.0498837568 0.7821103334 -0.0565360449 0.6205700040
-385.4 -483.2 2598.7 0.6299332380 0.0048278971 -0.7766342759 -0.1300421804 0.9865188599 -0.0993454531 0.7656847239 0.1635762304 0.6220688820
-284.6 -142.5 2723.9 -0.4123920798 0.2026533633 0.8881803751 -0.0425252281 0.9695991278 -0.2409753650 -0.9100133777 -0.1371463984 -0.3912371099
-364.9 -526.7 2778.2 -0.4123920798 -0.2877969742 0.8643527627 -0.0425252281 0.9538359046 0.2973022759 -0.9100133777 0.0858482942 -0.4055930078
23.9 -168.8 2537.6 0 0 0 0 0 0 0 0 0
-15.9 -179.7 2849.9 0 0 0 0 0 0 0 0 0
-387.0 -817.8 2543.2 0 0 0 0 0 0 0 0 0
-275.8 -821.9 2751.6 0 0 0 0 0 0 0 0 0
-146.2 445.0 2755.5 5 0.4975737333 0.3307646513 -0.8018822670 -0.3414832950 0.9244877696 0.1694447696 0.7973766923 0.1895181090 0.5729514360
-213.0 258.1 2717.2 0.4975737333 0.3307646513 -0.8018822670 -0.3414832950 0.9244877696 0.1694447696 0.7973766923 0.1895181090 0.5729514360
-272.4 71.5 2683.7 0.5093994737 0.2990239561 -0.8069057465 -0.3064874709 0.9392395020 0.1545788646 0.8041005135 0.1685640961 0.5700951815
-287.4 302.9 2599.7 -0.2941639125 0.6811348796 -0.6704646945 0.7871447802 0.5705449581 0.2342680842 0.5420984030 -0.4588395357 -0.7039855123
-195.5 57.0 2430.3 -0.7122914791 0.6811348796 -0.1693993360 0.6613804102 0.5705449581 -0.4868823290 -0.2349825948 -0.4588395357 -0.8568835855
-138.6 213.4 2834.6 -0.0449140668 0.7490981817 -0.6609346271 -0.9010171294 0.2553619444 0.3506542146 0.4314520061 0.6112627387 0.6634809971
-147.6 32.9 2921.1 0.5029487014 0.7490981817 -0.4311548471 -0.8197721243 0.2553619444 -0.5126050115 -0.2738909721 0.6112627387 0.7425237894
-378.5 -87.5 2577.5 0.6198523641 0.0182021149 -0.7845072746 0.0360209085 0.9980171323 0.0516166873 0.7838912606 -0.0602533929 0.6179676652
-385.8 -484.1 2601.4 0.6288336515 0.0008901463 -0.7775393128 -0.1332312673 0.9853329659 -0.1066225320 0.7660402656 0.1706403941 0.6197291613
-284.5 -143.4 2724.8 -0.4070221782 0.1951211244 0.8923344016 -0.0290168542 0.9736624956 -0.2261401415 -0.9129572511 -0.1179367825 -0.3906404078
-361.9 -529.6 2771.5 -0.4007314742 -0.2817817330 0.8717874289 -0.0507426634 0.9568953514 0.2859658599 -0.9147893190 0.0703587085 -0.3977564573
12.0 -135.7 2498.8 0 0 0 0 0 0 0 0 0
-16.9 -180.1 2849.9 0 0 0 0 0 0 0 0 0
-386.1 -819.2 2543.4 0 0 0 0 0 0 0 0 0
-274.0 -828.2 2749.6 0 0 0 0 0 0 0 0 0
-145.3 450.7 2765.6 6 0.4561696649 0.3229561448 -0.8292216659 -0.3393430114 0.9245421290 0.1734018326 0.8226515651 0.2022899240 0.5313409567
-211.1 262.3 2724.4 0.4561696649 0.3229561448 -0.8292216659 -0.3393430114 0.9245421290 0.1734018326 0.8226515651 0.2022899240 0.5313409567
-269.6 75.7 2689.3 0.4682458341 0.2945076525 -0.8330732584 -0.3028926849 0.9391935468 0.1617762148 0.8300613761 0.1765807718 0.5289776325
-279.4 306.6 2603.3 -0.2661684155 0.6781283021 -0.6850520968 0.7780510187 0.5706780553 0.2626083195 0.5690263510 -0.4631074369 -0.6795149446
-194.3 57.8 2421.4 -0.7117467523 0.6781283021 -0.1831897795 0.6670053005 0.5706780553 -0.4789890349 -0.2202736437 -0.4631074369 -0.8584934473
-142.8 218.1 2845.5 -0.0698788986 0.7195687294 -0.6908963919 -0.8980233073 0.2561956942 0.3576560915 0.4343627989 0.6454336643 0.6282868385
-156.8 38.3 2932.5 0.5116643310 0.7195687294 -0.4694895744 -0.8239998221 0.2561956942 -0.5053592920 -0.2433595359 0.6454336643 0.7240107059
-378.6 -87.0 2576.4 0.5810061097 0.0206483155 -0.8136372566 0.0378297754 0.9979126453 0.0523384921 0.8130195737 -0.0611886978 0.5790122151
-386.8 -483.6 2600.8 0.5904645324 -0.0079136416 -0.8070247769 -0.1272534132 0.9865307808 -0.1027795896 0.7969681025 0.1633843631 0.5815044045
-285.1 -143.3 2723.9 -0.3608880937 0.1833164394 0.9144150615 -0.0275121275 0.9779717922 -0.2069160044 -0.9322032332 -0.0998310223 -0.3478949368
-357.9 -531.5 2763.6 -0.3524397910 -0.2732786834 0.8950446844 -0.0578654520 0.9609470367 0.2706147432 -0.9340437651 0.0435832366 -0.3544893563
12.9 -136.5 2485.5 0 0 0 0 0 0 0 0 0
-23.9 -175.7 2869.3 0 0 0 0 0 0 0 0 0
-384.1 -822.7 2544.6 0 0 0 0 0 0 0 0 0
-272.4 -832.2 2749.9 0 0 0 0 0 0 0 0 0
-147.2 451.6 2760.7 7 0.4927208424 0.3177355528 -0.8101050854 -0.3279173970 0.9301212430 0.1653623134 0.8060374260 0.1841700822 0.5624811053
-211.9 262.4 2723.2 0.4927208424 0.3177355528 -0.8101050854 -0.3279173970 0.9301212430 0.1653623134 0.8060374260 0.1841700822 0.5624811053
-269.6 75.1 2690.7 0.5029972792 0.2907896936 -0.8139011860 -0.2962910533 0.9426527023 0.1536797285 0.8119146228 0.1638511419 0.5603101254
-285.2 305.7 2604.8 -0.2975369394 0.7055208087 -0.6432046294 0.7507407665 0.5891068578 0.2989003062 0.5897966623 -0.3939460516 -0.7049442530
-187.8 59.8 2411.6 -0.6921738982 0.7055208087 -0.1521041244 0.6921129823 0.5891068578 -0.4170524180 -0.2046335638 -0.3939460516 -0.8960645199
-138.5 219.2 2841.7 -0.0432638563 0.7410159111 -0.6700922847 -0.8980047107 0.2651091814 0.3511475623 0.4378535748 0.6169380546 0.6539661288
-147.1 39.4 2929.3 0.5108782649 0.7410159111 -0.4357738197 -0.8188318610 0.2651091814 -0.5091477633 -0.2617589533 0.6169380546 0.7422059774
-371.0 -83.2 2578.2 0.6104403734 0.0374817140 -0.7911748290 0.0075681075 0.9985581040 0.0531457067 0.7920260429 -0.0384299830 0.6092765331
-385.9 -479.9 2593.5 0.6144275665 0.0011852160 -0.7889723182 -0.1077564210 0.9907542467 -0.0824290738 0.7815800309 0.1356635243 0.6088744402
-285.2 -138.7 2730.3 -0.3907922208 0.1726643294 0.9041396379 -0.0029915352 0.9820057154 -0.1888275146 -0.9204740524 -0.0764970854 -0.3832436502
-353.8 -528.6 2760.7 -0.3730361164 -0.2580023110 0.8912232518 -0.0733387470 0.9657533765 0.2488810718 -0.9249137640 0.0274804346 -0.3791824877
15.4 -143.4 2471.7 0 0 0 0 0 0 0 0 0
-14.4 -173.3 2861.3 0 0 0 0 0 0 0 0 0
-386.3 -820.4 2546.9 0 0 0 0 0 0 0 0 0
-272.9 -831.3 2752.1 0 0 0 0 0 0 0 0 0
-150.0 451.6 2768.2 8 0.4704152346 0.3069798946 -0.8273287416 -0.3159808815 0.9339729548 0.1668849289 0.8239330053 0.1829148680 0.5363548994
-212.3 262.1 2731.1 0.4704152346 0.3069798946 -0.8273287416 -0.3159808815 0.9339729548 0.1668849289 0.8239330053 0.1829148680 0.5363548994
-267.8 74.1 2698.7 0.4801458120 0.2792837024 -0.8315411210 -0.2847737074 0.9462451935 0.1533753723 0.8296769857 0.1631585062 0.5338683128
-282.3 303.7 2610.0 -0.2800863385 0.7361850142 -0.6161032915 0.7270395160 0.5817671418 0.3646375537 0.6268693209 -0.3458014727 -0.6981806159
-189.9 63.7 2403.1 -0.6639761329 0.7361850142 -0.1310240477 0.7197788358 0.5817671418 -0.3787682950 -0.2026180625 -0.3458014727 -0.9161698818
-142.2 220.5 2852.2 -0.0505765416 0.7200476527 -0.6920790076 -0.8938643932 0.2764591575 0.3529544175 0.4454755783 0.6364759803 0.6296426058
-152.4 41.5 2941.4 0.5242218375 0.7200476527 -0.4546678364 -0.8176803589 0.2764591575 -0.5049446821 -0.2378871739 0.6364759803 0.7336947918
-373.3 -85.1 2583.7 0.5853600502 0.0348941050 -0.8100222349 -0.0018571257 0.9991285205 0.0416983701 0.8107713461 -0.0229042470 0.5849147439
-387.2 -482.0 2592.8 0.5896139741 -0.0057722372 -0.8076645732 -0.1119834259 0.9897323251 -0.0888239518 0.7998844385 0.1428168863 0.5829135776
-281.2 -139.4 2732.5 -0.3607255816 0.1869300455 0.9137473702 -0.0040006940 0.9793900847 -0.2019383013 -0.9326634407 -0.0764999315 -0.3525432050
-355.5 -528.4 2762.9 -0.3467467129 -0.2604240477 0.9010804892 -0.0578758754 0.9647922516 0.2565662563 -0.9361715317 0.0368126780 -0.3496108055
6.7 -149.5 2463.1 0 0 0 0 0 0 0 0 0
-16.2 -170.8 2879.6 0 0 0 0 0 0 0 0 0
-385.3 -815.4 2544.7 0 0 0 0 0 0 0 0 0
-272.9 -834.4 2751.2 0 0 0 0 0 0 0 0 0
-149.9 452.6 2772.5 9 0.4532682598 0.3095674217 -0.8358922601 -0.3278483152 0.9299224019 0.1666129231 0.8288928866 0.1985255182 0.5229954720
-212.9 263.2 2732.1 0.4532682598 0.3095674217 -0.8358922601 -0.3278483152 0.9299224019 0.1666129231 0.8288928866 0.1985255182 0.5229954720
-269.2 76.0 2696.8 0.4631326795 0.2835200727 -0.8397169113 -0.2967075408 0.9423812032 0.1545390040 0.8351483345 0.1775782853 0.5205700994
-280.5 306.6 2610.2 -0.2553031445 0.7835299969 -0.5664812922 0.7211140990 0.5445951223 0.4282646775 0.6440611482 -0.2991603017 -0.7040513754
-196.0 67.9 2397.0 -0.6156653166 0.7835299969 -0.0838865787 0.7454503179 0.5445951223 -0.3843436241 -0.2554605305 -0.2991603017 -0.9193710089
-145.3 219.9 2854.0 -0.0651640370 0.7106739283 -0.7004971504 -0.8977647424 0.2647046447 0.3520652056 0.4356283844 0.6518236399 0.6207687855
-158.4 40.1 2941.2 0.5223481655 0.7106739283 -0.4712695479 -0.8191820383 0.2647046447 -0.5087949038 -0.2368400395 0.6518236399 0.7204393148
-367.2 -87.9 2590.3 0.5710334182 0.0509581976 -0.8193437457 -0.0097657228 0.9984226227 0.0552896932 0.8208687305 -0.0235707778 0.5706303120
-387.4 -484.5 2599.7 0.5760481954 -0.0047169691 -0.8174021244 -0.1328652203 0.9861447215 -0.0993249118 0.8065452576 0.1658202559 0.5674402118
-279.2 -140.1 2742.3 -0.3409735858 0.1902847141 0.9206132293 0.0239049010 0.9807382226 -0.1938583404 -0.9397689104 -0.0440934040 -0.3389545679
-354.8 -529.5 2759.9 -0.3176241517 -0.2627059817 0.9110984802 -0.0673293546 0.9646778703 0.2546829283 -0.9458232522 0.0195497759 -0.3240928054
-14.1 -152.4 2472.5 0 0 0 0 0 0 0 0 0
-22.7 -172.7 2879.7 0 0 0 0 0 0 0 0 0
-385.9 -816.0 2544.0 0 0 0 0 0 0 0 0 0
-270.9 -837.8 2753.6 0 0 0 0 0 0 0 0 0
-154.0 452.1 2775.6 0 0.4295892417 0.2846559286 -0.8569854498 -0.3083291352 0.9382211566 0.1570800692 0.8487557173 0.1967536956 0.4908174276
-211.4 262.7 2735.9 0.4295892417 0.2846559286 -0.8569854498 -0.3083291352 0.9382211566 0.1570800692 0.8487557173 0.1967536956 0.4908174276
-263.7 74.3 2700.9 0.4375934303 0.2634198964 -0.8597220182 -0.2807773650 0.9483461976 0.1476604193 0.8542107940 0.1767752618 0.4889523983
-275.2 303.8 2611.3 -0.2272698879 0.7986692190 -0.5572035909 0.7142799497 0.5256314278 0.4620776474 0.6619309187 -0.2929830253 -0.6899335980
-201.3 71.3 2395.8 -0.5945808291 0.7986692190 -0.0927421153 0.7643172741 0.5256314278 -0.3735381365 -0.2495852560 -0.2929830253 -0.9229670167
-147.6 221.7 2860.6 -0.0676960722 0.6832627058 -0.7270277143 -0.8938260078 0.2822230458 0.3484612703 0.4432745576 0.6734257340 0.5916125774
-161.1 42.7 2949.4 0.5420791507 0.6832627058 -0.4891853333 -0.8139525056 0.2822230458 -0.5077710748 -0.2088816911 0.6734257340 0.7091305852
-368.0 -84.1 2585.0 0.5420948267 0.0327653103 -0.8396782875 0.0167703871 0.9986186624 0.0497943014 0.8401499391 -0.0410749651 0.5407965779
-381.0 -480.8 2601.3 0.5477365851 0.0109271314 -0.8365795016 -0.1470810771 0.9855999947 -0.0834253058 0.8236211538 0.1687401086 0.5414563417
-283.1 -138.5 2738.1 -0.3081713617 0.1729620099 0.9354755878 0.0071006939 0.9837243557 -0.1795436740 -0.9513043761 -0.0486876927 -0.3043838441
-351.8 -529.2 2757.4 -0.2916208208 -0.2479585260 0.9238364697 -0.0604641549 0.9686636925 0.2409039140 -0.9546210766 0.0143936034 -0.2974750996
-25.2 -155.0 2469.7 0 0 0 0 0 0 0 0 0
-20.4 -168.6 2895.1 0 0 0 0 0 0 0 0 0
-384.7 -819.8 2543.3 0 0 0 0 0 0 0 0 0
-273.5 -834.9 2752.8 0 0 0 0 0 0 0 0 0
-155.7 449.9 2775.7 1 0.4212290049 0.2751321197 -0.8642154932 -0.2941535115 0.9428116083 0.1567800641 0.8579276204 0.1881717145 0.4780706763
-211.1 259.9 2737.8 0.4212290049 0.2751321197 -0.8642154932 -0.2941535115 0.9428116083 0.1567800641 0.8579276204 0.1881717145 0.4780706763
-262.0 70.7 2704.3 0.4285512567 0.2560714483 -0.8664705753 -0.2680368125 0.9518579841 0.1487368941 0.8628441691 0.1685046107 0.4765565097
-273.7 299.0 2611.8 -0.1951863915 0.8246263862 -0.5309364796 0.7004578114 0.4961237013 0.5130498409 0.6864846349 -0.2717582583 -0.6744526029
-211.5 76.0 2393.2 -0.5595033765 0.8246263862 -0.0833503604 0.7861255407 0.4961237013 -0.3686026335 -0.2626073956 -0.2717582583 -0.9258427620
-148.6 220.7 2863.7 -0.0683013350 0.6733447313 -0.7361669540 -0.8887469172 0.2941892743 0.3515416980 0.4532811940 0.6782768965 0.5783395171
-162.3 42.7 2954.5 0.5491713285 0.6733447313 -0.4949926734 -0.8132497072 0.2941892743 -0.5020733476 -0.1924468875 0.6782768965 0.7091577053
-356.1 -88.3 2587.6 0.5295842290 0.0592327043 -0.8461867571 -0.0163546279 0.9980865717 0.0596301146 0.8480997086 -0.0177400969 0.5295395851
-379.6 -484.7 2594.6 0.5314841866 0.0168832932 -0.8468999863 -0.1377297938 0.9882191420 -0.0667337477 0.8357960582 0.1521112919 0.5275481939
-276.0 -139.8 2744.1 -0.2925258577 0.1957736462 0.9360028505 0.0151587082 0.9796450734 -0.2001643330 -0.9561374784 -0.0443646498 -0.2895391881
-353.7 -529.0 2761.7 -0.2760317028 -0.2490590066 0.9283189774 -0.0516369008 0.9682912827 0.2444291860 -0.9597604275 0.0195346884 -0.2801397145
-47.0 -155.3 2470.5 0 0 0 0 0 0 0 0 0
-19.6 -168.5 2904.5 0 0 0 0 0 0 0 0 0
-385.4 -819.2 2543.1 0 0 0 0 0 0 0 0 0
-275.2 -834.3 2755.6 0 0 0 0 0 0 0 0 0
-155.7 452.6 2776.7 2 0.4086185992 0.2667644620 -0.8728502393 -0.2826822698 0.9462983608 0.1568763256 0.8678258061 0.1826366931 0.4620846808
-209.5 261.7 2739.9 0.4086185992 0.2667644620 -0.8728502393 -0.2826822698 0.9462983608 0.1568763256 0.8678258061 0.1826366931 0.4620846808
-259.2 72.1 2707.3 0.4151311517 0.2502356768 -0.8746703863 -0.2587420642 0.9541995525 0.1501855850 0.8721919060 0.1639673114 0.4608644545
-270.1 299.5 2612.5 -0.1780912727 0.8521743417 -0.4920187294 0.7033596039 0.4599215686 0.5419939160 0.6881632805 -0.2495417297 -0.6812930107
-213.6 76.5 2394.3 -0.5213286877 0.8521743417 -0.0448922180 0.7871783376 0.4599215686 -0.4108800292 -0.3294945061 -0.2495417297 -0.9105834961
-148.9 223.9 2867.2 -0.0729211792 0.6611446738 -0.7467062473 -0.8847987056 0.3026100397 0.3543422520 0.4602322876 0.6865237951 0.5629132986
