-370.6 528.0 2528.0 9 0.6543286443 0.0929763317 -0.7504727840 0.1063793004 0.9712269902 0.2130765319 0.7486904860 -0.2192568481 0.6256108880
-389.9 326.5 2573.5 0.6543286443 0.0929763317 -0.7504727840 0.1063793004 0.9712269902 0.2130765319 0.7486904860 -0.2192568481 0.6256108880
-406.5 136.1 2616.1 0.6546941996 0.0848481059 -0.7511166930 0.1103748083 0.9722989798 0.2060391754 0.7477920055 -0.2177970111 0.6271933913
-483.2 310.8 2466.9 -0.3654100299 0.2927885056 -0.8836008310 0.8932333589 0.3774032891 -0.2443377972 0.2619345486 -0.8785451651 -0.3994354010
-375.8 48.1 2389.9 -0.7878027558 0.2927885056 -0.5418872237 0.6159242392 0.3774032891 -0.6915230155 0.0020400358 -0.8785451651 -0.4776548743
-296.6 342.2 2680.0 0.8077043295 0.3876682520 0.4442150891 -0.5867907405 0.6018676758 0.5416935682 -0.0573612973 -0.6981895566 0.7136112452
-61.7 171.6 2663.3 0.1499987096 0.3876682520 0.9095128775 -0.7885140181 0.6018676758 -0.1264950633 -0.5964444876 -0.6981895566 0.3959611952
-482.3 -64.9 2597.6 -0.5404381156 0.1615513563 0.8257286549 0.1400087625 0.9849781394 -0.1010725200 -0.8296530843 0.0609858073 -0.5549383163
-545.6 -450.7 2573.7 -0.5298140645 -0.1455046684 0.8355390429 0.0554638430 0.9771199822 0.2053297758 -0.8462983370 0.1551288068 -0.5096216202
-363.7 -42.8 2732.2 -0.8563719988 -0.0201031417 -0.5159679055 -0.0365095846 0.9990983605 0.0216695033 0.5150670409 0.0373949297 -0.8563337922
-355.8 -434.1 2717.5 -0.8432363272 0.1694623083 -0.5101323724 0.0662226230 0.9745277166 0.2142667621 0.5334482789 0.1468952149 -0.8329794407
-152.4 -126.5 2389.3 0 0 0 0 0 0 0 0 0
-23.6 -28.8 2511.8 0 0 0 0 0 0 0 0 0
-497.5 -773.3 2522.5 0 0 0 0 0 0 0 0 0
-419.6 -801.1 2662.2 0 0 0 0 0 0 0 0 0
-376.2 536.4 2528.1 0 0.6906423569 0.0763756037 -0.7191522121 0.1077663675 0.9724366069 0.2067690790 0.7151220441 -0.2203039080 0.6633751392
-392.0 335.2 2573.7 0.6906423569 0.0763756037 -0.7191522121 0.1077663675 0.9724366069 0.2067690790 0.7151220441 -0.2203039080 0.6633751392
-406.2 144.7 2616.6 0.6907915473 0.0725296214 -0.7194070220 0.1097156778 0.9729206562 0.2034400851 0.7146813869 -0.2194649130 0.6641277075
-490.3 319.6 2472.0 -0.3742079735 0.2919629812 -0.8801851869 0.8866701722 0.3906657398 -0.2473787665 0.2716327906 -0.8730050921 -0.4050651193
-376.5 49.9 2389.3 -0.7871646285 0.2919629812 -0.5432581902 0.6166126132 0.3906657398 -0.6834977269 0.0126763349 -0.8730050921 -0.4875463247
-293.7 350.9 2675.4 0.7935813069 0.4165315926 0.4435426891 -0.6076863408 0.5794081092 0.5431423187 -0.0307562966 -0.7005624175 0.7129279971
-61.1 172.8 2666.4 0.1432296336 0.4165315926 0.8977676034 -0.8027929664 0.5794081092 -0.1407469064 -0.5787993670 -0.7005624175 0.4173770547
-482.3 -64.3 2591.2 -0.5830180645 0.1592874080 0.7966915965 0.1292897761 0.9862866998 -0.1025801972 -0.8021060228 0.0431979671 -0.5956171751
-544.7 -450.5 2574.3 -0.5734683275 -0.1404978335 0.8070901036 0.0497257113 0.9773978591 0.2054769248 -0.8177171946 0.1579676419 -0.5535203815
-364.0 -44.3 2726.3 -0.8299252391 -0.0175285414 -0.5575991869 -0.0288750380 0.9995162487 0.0115567949 0.5571268797 0.0256919730 -0.8300298452
-357.1 -435.8 2716.3 -0.8182365298 0.1639367342 -0.5510115623 0.0622314773 0.9781042933 0.1985932142 0.5715034604 0.1282059550 -0.8105226755
-153.2 -125.0 2385.7 0 0 0 0 0 0 0 0 0
-24.8 -30.7 2519.7 0 0 0 0 0 0 0 0 0
-498.4 -772.5 2522.2 0 0 0 0 0 0 0 0 0
-418.8 -804.1 2668.0 0 0 0 0 0 0 0 0 0
-379.1 537.3 2529.7 1 0.6889181137 0.0719299540 -0.7212613225 0.1099682376 0.9731735587 0.2020896226 0.7164487839 -0.2185390443 0.6625268459
-393.9 336.2 2574.9 0.6889181137 0.0719299540 -0.7212613225 0.1099682376 0.9731735587 0.2020896226 0.7164487839 -0.2185390443 0.6625268459
-407.6 145.6 2617.7 0.6890339851 0.0699144900 -0.7213488221 0.1115583107 0.9732411504 0.2008891106 0.7160913944 -0.2188918889 0.6627966762
-492.1 320.3 2472.9 -0.3818685710 0.2991374731 -0.8744673729 0.8835974932 0.3955861032 -0.2505336106 0.2709831297 -0.8683480620 -0.4153790176
-374.2 47.5 2389.2 -0.7805318236 0.2991374731 -0.5488960147 0.6249162555 0.3955861032 -0.6730462909 0.0158022717 -0.8683480620 -0.4957034290
-295.8 352.1 2676.8 0.8053500652 0.3208463490 0.4984665513 -0.5892958641 0.5245973468 0.6144330502 -0.0643556193 -0.7885779738 0.6115579009
-52.2 173.9 2657.4 0.0959888324 0.3208463490 0.9422546029 -0.8463197947 0.5245973468 -0.0924143940 -0.5239551067 -0.7885779738 0.3218941092
-482.8 -55.8 2595.0 -0.5802409649 0.1597812474 0.7986177802 0.1377909482 0.9856905937 -0.0970964059 -0.8027042150 0.0537029840 -0.5939545035
-545.3 -441.8 2574.0 -0.5702490807 -0.1364709139 0.8100565672 0.0496484265 0.9785755873 0.1998120546 -0.8199701309 0.1541606784 -0.5512562394
-358.0 -35.9 2724.1 -0.8310856819 -0.0074106799 -0.5560950637 -0.0204871092 0.9996404648 0.0172965508 0.5557669401 0.0257676952 -0.8309386969
-355.1 -427.4 2714.0 -0.8179344535 0.1705157459 -0.5494611859 0.0801232159 0.9795224071 0.1847054213 0.5697047710 0.1070523262 -0.8148474097
-149.7 -132.2 2384.6 0 0 0 0 0 0 0 0 0
-27.3 -45.8 2521.4 0 0 0 0 0 0 0 0 0
-498.9 -774.4 2521.6 0 0 0 0 0 0 0 0 0
-419.3 -796.3 2673.7 0 0 0 0 0 0 0 0 0
-382.3 543.1 2531.5 2 0.6931790113 0.0647157431 -0.7178542614 0.1085197553 0.9752367735 0.1927087456 0.7125492096 -0.2114830166 0.6689907312
-395.7 341.8 2575.1 0.6931790113 0.0647157431 -0.7178542614 0.1085197553 0.9752367735 0.1927087456 0.7125492096 -0.2114830166 0.6689907312
-408.3 150.8 2616.4 0.6931660175 0.0643320158 -0.7179012895 0.1083234698 0.9753988385 0.1919978708 0.7125917077 -0.2108519524 0.6691446304
-494.4 326.3 2473.6 -0.3798500597 0.3066494465 -0.8727428317 0.8872459531 0.3877231181 -0.2499308437 0.2617413998 -0.8692737818 -0.4193501472
-376.1 50.0 2392.1 -0.7826067209 0.3066494465 -0.5417497754 0.6225144267 0.3877231181 -0.6798136234 0.0015844300 -0.8692737818 -0.4943284094
-296.9 357.2 2676.7 0.7928811312 0.3536581993 0.4962513149 -0.6081989408 0.5098663568 0.6083833575 -0.0378620811 -0.7841952443 0.6193580031
-54.3 171.2 2665.1 0.0972981900 0.3536581993 0.9303004742 -0.8538801670 0.5098663568 -0.1045226157 -0.5112941861 -0.7841952443 0.3515907824
-483.6 -55.1 2595.8 -0.5872162580 0.1526300609 0.7949095368 0.1344832629 0.9868083596 -0.0901308358 -0.7981800437 0.0539757386 -0.5999960899
-543.4 -441.6 2574.7 -0.5778908730 -0.1323996931 0.8053027391 0.0495026708 0.9792490602 0.1965216547 -0.8146113157 0.1534327120 -0.5593449473
-359.1 -34.9 2725.2 -0.8273264170 -0.0095934849 -0.5616395473 -0.0339373238 0.9988813400 0.0329294689 0.5606953502 0.0463039614 -0.8267264962
-355.3 -426.1 2707.1 -0.8121286631 0.1690972149 -0.5584381819 0.0963645801 0.9828127623 0.1574578285 0.5754658580 0.0740623549 -0.8144653440
-150.9 -129.1 2391.6 0 0 0 0 0 0 0 0 0
-28.2 -58.4 2527.6 0 0 0 0 0 0 0 0 0
-498.1 -776.3 2522.3 0 0 0 0 0 0 0 0 0
-419.0 -796.0 2679.2 0 0 0 0 0 0 0 0 0
-379.4 544.3 2529.9 3 0.6701205969 0.0777609497 -0.7381677628 0.1111231521 0.9727786779 0.2033549994 0.7338868976 -0.2182999104 0.6432380080
-395.4 343.5 2574.9 0.6701205969 0.0777609497 -0.7381677628 0.1111231521 0.9727786779 0.2033549994 0.7338868976 -0.2182999104 0.6432380080
-410.2 152.9 2617.2 0.6700912714 0.0754126087 -0.7384379506 0.1107506305 0.9735325575 0.1999215633 0.7339699864 -0.2157481611 0.6440036893
-490.9 327.7 2470.4 -0.3687671423 0.2759333551 -0.8876212835 0.8952087760 0.3624911010 -0.2592323720 0.2502239645 -0.8902027607 -0.3806927800
-377.8 53.3 2393.7 -0.7814225554 0.2759333551 -0.5596781373 0.6238900423 0.3624911010 -0.6923592687 0.0118333139 -0.8902027607 -0.4554108083
-300.0 359.3 2679.5 0.8020071387 0.3979268968 0.4454646409 -0.5971531272 0.5514799953 0.5824757218 -0.0138820903 -0.7331602573 0.6799141765
-62.2 182.3 2675.4 0.1765911877 0.3979268968 0.9002609253 -0.8302558064 0.5514799953 -0.0809019506 -0.5286689401 -0.7331602573 0.4277676344
-483.5 -50.1 2593.3 -0.5609499216 0.1461846381 0.8148406148 0.1270772368 0.9878252745 -0.0897364542 -0.8180382252 0.0532100424 -0.5726972222
-540.8 -437.0 2572.5 -0.5535573363 -0.1222251579 0.8237932324 0.0562142469 0.9814320803 0.1833876371 -0.8309116960 0.1478244811 -0.5364081264
-358.2 -30.5 2722.1 -0.8452207446 -0.0111494651 -0.5343010426 -0.0311445985 0.9991107583 0.0284193866 0.5335090756 0.0406612456 -0.8448163867
-353.9 -421.8 2706.2 -0.8297069669 0.1725033522 -0.5308756232 0.0993381292 0.9815002680 0.1636740267 0.5492888689 0.0830653012 -0.8314937949
-152.4 -126.7 2390.3 0 0 0 0 0 0 0 0 0
-14.1 -43.8 2531.4 0 0 0 0 0 0 0 0 0
-498.4 -776.8 2521.3 0 0 0 0 0 0 0 0 0
-418.8 -791.3 2674.9 0 0 0 0 0 0 0 0 0
-382.4 547.1 2532.1 4 0.6674785614 0.0647495240 -0.7418085337 0.1170848310 0.9746935964 0.1904299557 0.7353662252 -0.2139624357 0.6430059075
-395.8 346.3 2576.2 0.6674785614 0.0647495240 -0.7418085337 0.1170848310 0.9746935964 0.1904299557 0.7353662252 -0.2139624357 0.6430059075
-407.0 155.2 2617.3 0.6675990820 0.0571719036 -0.7423226237 0.1190129593 0.9760314822 0.1822044998 0.7349472046 -0.2099855691 0.6447935104
-490.9 329.3 2471.4 -0.3657459915 0.3087237179 -0.8780202270 0.8941894174 0.3782496750 -0.2394837141 0.2581765652 -0.8727066517 -0.4144007862
-378.5 54.5 2392.1 -0.7804194689 0.3087237179 -0.5437234044 0.6252356768 0.3782496750 -0.6826474667 -0.0050862692 -0.8727066517 -0.4882184863
-300.7 363.3 2680.9 0.8059332371 0.4483019710 0.3866483867 -0.5919454098 0.6008589864 0.5371862650 0.0085005034 -0.6618109941 0.7496225238
-68.8 193.0 2683.3 0.2336790860 0.4483019710 0.8627974391 -0.7934092879 0.6008589864 -0.0973149836 -0.5620461106 -0.6618109941 0.4960951209
-485.5 -47.8 2593.1 -0.5623572469 0.1489388943 0.8133705258 0.1253233105 0.9876336455 -0.0942013338 -0.8173422813 0.0489594787 -0.5740684271
-543.9 -434.7 2573.9 -0.5542740822 -0.1336348057 0.8215363622 0.0560334064 0.9787968993 0.1970201284 -0.8304459453 0.1552366316 -0.5350337029
-364.5 -27.8 2725.7 -0.8446221352 -0.0303758942 -0.5345004797 -0.0526284762 0.9982643127 0.0264321659 0.5327697992 0.0504551344 -0.8447547555
-352.6 -418.7 2705.9 -0.8277750015 0.1737232357 -0.5334874392 0.0989509523 0.9811546206 0.1659649611 0.5522655845 0.0845925584 -0.8293653131
-153.9 -125.4 2393.6 0 0 0 0 0 0 0 0 0
-4.6 -24.9 2529.0 0 0 0 0 0 0 0 0 0
-496.9 -778.8 2519.3 0 0 0 0 0 0 0 0 0
-418.0 -788.2 2674.1 0 0 0 0 0 0 0 0 0
-382.5 546.1 2530.2 5 0.6557375789 0.0665957257 -0.7520460486 0.1295363903 0.9714071751 0.1989684701 0.7437933683 -0.2278884351 0.6283615828
-396.1 346.5 2577.0 0.6557375789 0.0665957257 -0.7520460486 0.1295363903 0.9714071751 0.1989684701 0.7437933683 -0.2278884351 0.6283615828
-408.0 156.1 2621.0 0.6558392048 0.0603754967 -0.7524824142 0.1310921162 0.9725431800 0.1922877282 0.7434310913 -0.2247543335 0.6299172044
-489.6 327.8 2471.1 -0.3680571020 0.2883456647 -0.8839631081 0.8942759037 0.3700672388 -0.2516363859 0.2545675337 -0.8831234574 -0.3940664530
-375.0 49.5 2391.9 -0.7775641084 0.2883456647 -0.5587940812 0.6287305951 0.3700672388 -0.6839210987 0.0095857065 -0.8831234574 -0.4690427482
-302.7 365.2 2682.9 0.8111117482 0.4725113213 0.3447183371 -0.5845206976 0.6338768005 0.5064935684 0.0208149906 -0.6123179197 0.7903375626
-74.3 200.6 2688.8 0.2601773143 0.4725113213 0.8420456052 -0.7641317248 0.6338768005 -0.1195947528 -0.5902630687 -0.6123179197 0.5259812474
-478.5 -46.7 2592.0 -0.5454883575 0.1657943577 0.8215562701 0.1361011416 0.9847509265 -0.1083608791 -0.8269938827 0.0527051389 -0.5597350001
-543.4 -432.4 2571.3 -0.5364527702 -0.1308806986 0.8337197900 0.0546465702 0.9804407954 0.1890756190 -0.8421592116 0.1469900608 -0.5188080072
-357.9 -25.2 2724.8 -0.8529128432 -0.0162508227 -0.5218003392 -0.0464449562 0.9979140162 0.0448381752 0.5199832320 0.0624780506 -0.8518884778
-351.5 -416.0 2700.3 -0.8356727362 0.1746792048 -0.5207093954 0.1137192324 0.9825614095 0.1471088976 0.5373257995 0.0637202188 -0.8409641385
-150.0 -132.5 2389.1 0 0 0 0 0 0 0 0 0
-2.4 -10.5 2525.7 0 0 0 0 0 0 0 0 0
-497.2 -779.2 2519.3 0 0 0 0 0 0 0 0 0
-417.3 -786.0 2676.3 0 0 0 0 0 0 0 0 0
-380.2 544.4 2529.7 6 0.6412001848 0.0645051748 -0.7646576762 0.1357258707 0.9712174535 0.1957424879 0.7552753091 -0.2292939574 0.6139898300
-393.5 345.0 2576.8 0.6412001848 0.0645051748 -0.7646576762 0.1357258707 0.9712174535 0.1957424879 0.7552753091 -0.2292939574 0.6139898300
-404.5 154.6 2621.1 0.6413560510 0.0563112870 -0.7651741505 0.1382333636 0.9725019336 0.1874339879 0.7546879649 -0.2259845138 0.6159359217
-484.9 325.3 2469.3 -0.3618600667 0.2436669618 -0.8998242617 0.8959271312 0.3576475978 -0.2634440362 0.2576273978 -0.9015068412 -0.3477262259
-371.6 44.9 2388.7 -0.7780696750 0.2436669618 -0.5789939761 0.6270006895 0.3576475978 -0.6920681596 0.0384416655 -0.9015068412 -0.4310540855
-302.1 364.7 2684.3 0.8147129416 0.5032279491 0.2881049812 -0.5776044130 0.6604576111 0.4797592163 0.0511471145 -0.5572767258 0.8287500143
-78.7 206.3 2698.4 0.2942067385 0.5032279491 0.8125293851 -0.7372988462 0.6604576111 -0.1420778632 -0.6081387997 -0.5572767258 0.5653405190
-479.1 -46.2 2597.8 -0.5290892124 0.1590309888 0.8335309029 0.1462960541 0.9846682549 -0.0950044096 -0.8358600736 0.0716764629 -0.5442429781
-541.4 -431.8 2569.8 -0.5197170973 -0.1269626617 0.8448517919 0.0575310513 0.9814503193 0.1828810871 -0.8523991108 0.1436516345 -0.5027722120
-360.6 -22.5 2732.2 -0.8614332080 -0.0246216729 -0.5072737336 -0.0607199222 0.9966528416 0.0547375046 0.5042280555 0.0779543221 -0.8600448966
-350.9 -412.8 2701.7 -0.8451028466 0.1685845852 -0.5073267817 0.1067669019 0.9830826521 0.1488263160 0.5238339901 0.0716078281 -0.8488051891
-146.2 -136.8 2377.5 0 0 0 0 0 0 0 0 0
3.5 0.3 2528.4 0 0 0 0 0 0 0 0 0
-496.4 -779.9 2518.8 0 0 0 0 0 0 0 0 0
-414.4 -783.0 2674.7 0 0 0 0 0 0 0 0 0
-377.1 534.1 2531.0 7 0.6024290919 0.0703496784 -0.7950661182 0.1448686421 0.9699265957 0.1955901682 0.7849154472 -0.2330093533 0.5741205215
-391.5 335.5 2578.7 0.6024290919 0.0703496784 -0.7950661182 0.1448686421 0.9699265957 0.1955901682 0.7849154472 -0.2330093533 0.5741205215
-404.3 145.3 2623.6 0.6024534702 0.0650185794 -0.7955013514 0.1452182382 0.9711120129 0.1893492192 0.7848321199 -0.2295954078 0.5756079555
-477.3 314.8 2467.0 -0.3480396271 0.2507756054 -0.9033161402 0.9019526243 0.3523195982 -0.2497045100 0.2556361556 -0.9016554356 -0.3488088846
-374.3 48.0 2391.4 -0.7825192213 0.2507756054 -0.5698905587 0.6221062541 0.3523195982 -0.6991814971 0.0254459586 -0.9016554356 -0.4317059219
-305.8 356.2 2690.4 0.8459512591 0.4281540513 0.3178845048 -0.5331667066 0.6679304838 0.5192322731 0.0099866409 -0.6087306142 0.7933140993
-82.1 215.2 2693.0 0.3166259825 0.4281540513 0.8464231491 -0.7417696118 0.6679304838 -0.0603877641 -0.5912070870 -0.6087306142 0.5290758014
-473.5 -48.4 2597.1 -0.4882763326 0.1776989251 0.8544058204 0.1315181255 0.9828512669 -0.1292529106 -0.8627219796 0.0492587127 -0.5032736659
-543.1 -433.2 2577.8 -0.4822717905 -0.1321947575 0.8659898639 0.0827769041 0.9772486091 0.1952772290 -0.8721020222 0.1658606529 -0.4603567421
-357.6 -23.4 2733.5 -0.8856951594 -0.0141787380 -0.4640506804 -0.0472600162 0.9970948696 0.0597357638 0.4618555605 0.0748387203 -0.8837921619
-352.1 -413.9 2704.2 -0.8705935478 0.1658321023 -0.4632132947 0.1035766900 0.9821604490 0.1569482684 0.4809768200 0.0886600539 -0.8722388744
-148.7 -131.3 2384.0 0 0 0 0 0 0 0 0 0
6.6 7.5 2527.5 0 0 0 0 0 0 0 0 0
-496.2 -780.1 2519.0 0 0 0 0 0 0 0 0 0
-414.5 -783.7 2670.8 0 0 0 0 0 0 0 0 0
-373.4 523.4 2539.1 8 0.5708904862 0.0757651627 -0.8175228834 0.1380789578 0.9726902843 0.1865684837 0.8093319535 -0.2193928808 0.5448380709
-388.9 325.5 2583.8 0.5708904862 0.0757651627 -0.8175228834 0.1380789578 0.9726902843 0.1865684837 0.8093319535 -0.2193928808 0.5448380709
-402.9 134.9 2626.5 0.5709741712 0.0719879940 -0.8178057075 0.1391809434 0.9732404351 0.1828433722 0.8090841174 -0.2182218134 0.5456758142
-470.1 305.6 2468.6 -0.3402400315 0.2193484008 -0.9143975973 0.9008996487 0.3547036052 -0.2501302063 0.2694744766 -0.9088848233 -0.3182952702
-371.2 43.7 2390.3 -0.7812662721 0.2193484008 -0.5843879580 0.6218460798 0.3547036052 -0.6982068419 0.0541339591 -0.9088848233 -0.4135189056
-307.6 345.3 2698.9 0.8638959527 0.3876725733 0.3215490580 -0.5034813285 0.6821758151 0.5302289724 -0.0137977796 -0.6199565530 0.7845147848
-84.2 215.1 2695.4 0.3277770281 0.3876725733 0.8615521789 -0.7306129932 0.6821758151 -0.0289972946 -0.5989715457 -0.6199565530 0.5068401694
-471.4 -58.0 2597.7 -0.4547063410 0.1794796735 0.8723698854 0.1367110461 0.9819422960 -0.1307648271 -0.8800864816 0.0598030016 -0.4710322320
-541.7 -442.5 2574.3 -0.4481742680 -0.1321435571 0.8841254711 0.0835403949 0.9784950614 0.1885959357 -0.8900341392 0.1583840400 -0.4274969995
-362.6 -31.7 2739.4 -0.9027740955 -0.0227944739 -0.4295105338 -0.0635188445 0.9947109818 0.0807180554 0.4253989458 0.1001521796 -0.8994472027
-353.7 -421.2 2700.2 -0.8872808814 0.1665808707 -0.4300969839 0.1155514419 0.9830465317 0.1423636079 0.4465203881 0.0766181797 -0.8914870620
-146.5 -135.1 2374.7 0 0 0 0 0 0 0 0 0
7.9 9.8 2527.0 0 0 0 0 0 0 0 0 0
-496.3 -778.5 2519.9 0 0 0 0 0 0 0 0 0
-416.5 -791.4 2671.3 0 0 0 0 0 0 0 0 0
-372.0 515.0 2542.7 9 0.5640933514 0.0739722624 -0.8223909140 0.1314147562 0.9752413630 0.1778606772 0.8151863813 -0.2084043324 0.5404061675
-387.0 317.4 2585.0 0.5640933514 0.0739722624 -0.8223909140 0.1314147562 0.9752413630 0.1778606772 0.8151863813 -0.2084043324 0.5404061675
-400.8 126.3 2625.8 0.5642529726 0.0706267282 -0.8225755095 0.1335680038 0.9753997922 0.1753704548 0.8147258162 -0.2088230699 0.5409387946
-467.4 298.3 2468.9 -0.3367592394 0.2513703704 -0.9074172974 0.8992513418 0.3715950251 -0.2307904214 0.2791778743 -0.8937169909 -0.3511831760
-372.6 45.2 2390.3 -0.7861730456 0.2513703704 -0.5645749569 0.6169909239 0.3715950251 -0.6937142015 0.0354140587 -0.8937169909 -0.4472312033
-306.7 336.4 2701.0 0.8857989907 0.3535192013 0.3006398082 -0.4640117288 0.6848865151 0.5618038177 -0.0072957254 -0.6371456981 0.7707088590
-79.8 217.5 2699.1 0.3164484799 0.3535192013 0.8802752495 -0.7285310030 0.6848865151 -0.0131527092 -0.6075384021 -0.6371456981 0.4742809832
-468.5 -68.3 2596.1 -0.4490344524 0.1869315505 0.8737417459 0.1393602490 0.9805557132 -0.1381635368 -0.8825796247 0.0597246811 -0.4663541317
-541.7 -452.4 2572.7 -0.4417734444 -0.1369404048 0.8866135478 0.0822340623 0.9779394269 0.1920208037 -0.8933497667 0.1577395201 -0.4207665026
-365.4 -43.2 2742.2 -0.9059172869 -0.0264453162 -0.4226281047 -0.0671729669 0.9943853617 0.0817653090 0.4180928767 0.1024617925 -0.9026073217
-355.1 -432.6 2702.1 -0.8896738291 0.1707843542 -0.4234538674 0.1192178428 0.9821298718 0.1456296146 0.4407579601 0.0790795982 -0.8941358328
-149.0 -130.3 2380.3 0 0 0 0 0 0 0 0 0
9.4 12.3 2527.9 0 0 0 0 0 0 0 0 0
-496.4 -775.9 2520.6 0 0 0 0 0 0 0 0 0
-419.4 -802.5 2672.3 0 0 0 0 0 0 0 0 0
-371.9 507.9 2547.0 0 0.5646022558 0.0817839503 -0.8213012218 0.1170901954 0.9770776629 0.1777894050 0.8170154095 -0.1965466142 0.5420841575
-388.5 310.3 2586.7 0.5646022558 0.0817839503 -0.8213012218 0.1170901954 0.9770776629 0.1777894050 0.8170154095 -0.1965466142 0.5420841575
-404.6 119.1 2625.8 0.5647820830 0.0825529993 -0.8211006522 0.1192275211 0.9763821959 0.1801738292 0.8165819049 -0.1996567398 0.5416005254
-468.9 293.3 2470.4 -0.3424425125 0.2724137902 -0.8991795778 0.8954345584 0.3844107389 -0.2245558947 0.2844821513 -0.8820539117 -0.3755672872
-374.5 46.4 2391.9 -0.7886936665 0.2724137902 -0.5511379242 0.6143120527 0.3844107389 -0.6890929341 0.0241449419 -0.8820539117 -0.4705294073
-308.0 327.3 2703.1 0.8900026679 0.3458827138 0.2970865369 -0.4556812942 0.6973282695 0.5532521009 -0.0158065036 -0.6277726293 0.7782362700
-79.9 210.5 2699.0 0.3060392439 0.3458827138 0.8869640231 -0.7163237333 0.6973282695 -0.0247705951 -0.6270727515 -0.6277726293 0.4611738026
-465.6 -76.8 2593.1 -0.4489759207 0.1961757243 0.8717429042 0.1392665654 0.9790424705 -0.1485954672 -0.8826241493 0.0546888523 -0.4668872356
-542.5 -460.2 2571.7 -0.4408226311 -0.1427764148 0.8861660957 0.0775484294 0.9775184393 0.1960712373 -0.8942380548 0.1551534235 -0.4198401570
-363.7 -52.6 2740.3 -0.9074862599 -0.0138746062 -0.4198526442 -0.0390356332 0.9979151487 0.0513956957 0.4182642102 0.0630301014 -0.9061358571
-358.3 -443.2 2715.6 -0.8939055800 0.1654077172 -0.4166210890 0.0818101987 0.9740187526 0.2111741900 0.4407266080 0.1546859294 -0.8842128515
-151.5 -127.3 2385.1 0 0 0 0 0 0 0 0 0
7.2 6.7 2520.5 0 0 0 0 0 0 0 0 0
-496.5 -775.1 2521.7 0 0 0 0 0 0 0 0 0
-420.4 -809.0 2657.5 0 0 0 0 0 0 0 0 0
-369.7 505.6 2539.1 1 0.5696872473 0.0919890627 -0.8166972995 0.1158526316 0.9748054743 0.1906106621 0.8136550784 -0.2032049894 0.5446770787
-388.4 307.9 2580.3 0.5696872473 0.0919890627 -0.8166972995 0.1158526316 0.9748054743 0.1906106621 0.8136550784 -0.2032049894 0.5446770787
-406.6 117.1 2620.2 0.5696647167 0.0930296108 -0.8165951371 0.1156152338 0.9746226072 0.1916870028 0.8137046695 -0.2036081553 0.5444524288
-469.6 291.5 2464.4 -0.3460910916 0.2768509090 -0.8964231610 0.8982840776 0.3735176921 -0.2314525247 0.2707520723 -0.8853462934 -0.3779619038
-375.4 47.0 2390.7 -0.7898586392 0.2768509090 -0.5472448468 0.6131773591 0.3735176921 -0.6960589886 0.0117010763 -0.8853462934 -0.4647848606
-307.2 324.4 2696.3 0.8776202798 0.3866410851 0.2833572924 -0.4793565273 0.7078198195 0.5188530087 0.0000439880 -0.5911850929 0.8065358996
-76.7 198.5 2696.3 0.2923163176 0.3866410851 0.8746770024 -0.7020443678 0.7078198195 -0.0782610998 -0.6493726373 -0.5911850929 0.4783464670
-471.8 -82.9 2591.1 -0.4520013332 0.1917256117 0.8711693883 0.1370982677 0.9799560308 -0.1445345581 -0.8814186454 0.0541060008 -0.4692266881
-546.9 -466.7 2569.9 -0.4418872297 -0.1586213112 0.8829354048 0.0682645962 0.9754431844 0.2094052583 -0.8944694400 0.1528067440 -0.4202076793
-369.7 -61.3 2738.7 -0.9057494998 -0.0267799217 -0.4229665697 -0.0482596382 0.9980273843 0.0401545875 0.4210568666 0.0567822121 -0.9052551389
-359.3 -452.0 2716.5 -0.8921469450 0.1654084474 -0.4203734696 0.0722692460 0.9708281159 0.2286261916 0.4459270835 0.1735880822 -0.8780753016
-153.1 -125.6 2387.4 0 0 0 0 0 0 0 0 0
5.8 0.2 2512.9 0 0 0 0 0 0 0 0 0
-496.9 -774.1 2521.8 0 0 0 0 0 0 0 0 0
-421.5 -817.1 2651.2 0 0 0 0 0 0 0 0 0
-368.4 502.8 2535.2 2 0.5800712705 0.1016445607 -0.8081990480 0.1140348613 0.9722799063 0.2041270882 0.8065440655 -0.2105711251 0.5524006486
-389.0 305.7 2577.9 0.5800712705 0.1016445607 -0.8081990480 0.1140348613 0.9722799063 0.2041270882 0.8065440655 -0.2105711251 0.5524006486
-409.2 115.2 2618.7 0.5797930360 0.1032710448 -0.8081924915 0.1113940999 0.9725729227 0.2041891664 0.8071129918 -0.2084153295 0.5523872375
-471.6 289.8 2462.9 -0.3563474417 0.2981650531 -0.8855021596 0.8937724829 0.3850453198 -0.2300236970 0.2723734379 -0.8734058142 -0.4037016332
-375.3 48.2 2389.2 -0.7880902290 0.2981650531 -0.5385270715 0.6155553460 0.3850453198 -0.6876276135 0.0023307959 -0.8734058142 -0.4869875312
-306.4 321.5 2692.9 0.8704521060 0.4063904285 0.2777767479 -0.4920272827 0.7012010813 0.5159711242 0.0149083780 -0.5858018994 0.8103171587
-72.7 189.5 2696.9 0.2556237280 0.4063904285 0.8772133589 -0.7027830482 0.7012010813 -0.1200544611 -0.6638919711 -0.5858018994 0.4648479521
-476.3 -84.3 2586.6 -0.4639894664 0.1759546101 0.8681899309 0.1171660796 0.9836537838 -0.1367380470 -0.8780580163 0.0382773913 -0.4770209193
-545.2 -469.5 2571.6 -0.4565861821 -0.1602165848 0.8751341105 0.0687922388 0.9743486643 0.2142716199 -0.8870155811 0.1580358893 -0.4338524938
-373.3 -63.4 2733.6 -0.9013180137 -0.0341050997 -0.4318132997 -0.0519946553 0.9982059598 0.0296883024 0.4300260842 0.0492105857 -0.9014742970
-360.0 -454.3 2714.4 -0.8876796961 0.1648792773 -0.4299296737 0.0697641745 0.9710724950 0.2283663750 0.4551457763 0.1727225184 -0.8735040426
-153.9 -124.7 2388.6 0 0 0 0 0 0 0 0 0
-0.9 -7.9 2510.4 0 0 0 0 0 0 0 0 0
-495.2 -773.7 2522.2 0 0 0 0 0 0 0 0 0
-422.0 -819.7 2649.4 0 0 0 0 0 0 0 0 0
-367.5 499.8 2533.7 3 0.5881951451 0.1028939709 -0.8021466732 0.1098154336 0.9725241661 0.2052738965 0.8012284636 -0.2088291943 0.5607346296
-388.4 302.3 2576.2 0.5881951451 0.1028939709 -0.8021466732 0.1098154336 0.9725241661 0.2052738965 0.8012284636 -0.2088291943 0.5607346296
-408.5 111.7 2616.6 0.5880041122 0.1026503965 -0.8023179173 0.1080070883 0.9730672836 0.2036528736 0.8016144037 -0.2064047456 0.5610805750
-472.2 286.9 2461.9 -0.3588967621 0.2764487267 -0.8914983273 0.8952330947 0.3722137809 -0.2449788600 0.2641038597 -0.8860208988 -0.3810723722
-376.3 47.7 2391.3 -0.7906370163 0.2764487267 -0.5463233590 0.6121952534 0.3722137809 -0.6976201534 0.0104928678 -0.8860208988 -0.4635265768
-304.6 317.7 2690.4 0.8691369295 0.4020905495 0.2879655659 -0.4944953620 0.6962904930 0.5202440619 0.0086775487 -0.5945609808 0.8040037155
-68.7 183.5 2692.7 0.2195974141 0.4020905495 0.8888757825 -0.7037523985 0.6962904930 -0.1411104053 -0.6756548882 -0.5945609808 0.4358757734
-481.8 -85.3 2586.6 -0.4733429849 0.1655202806 0.8651875257 0.1161748916 0.9853382707 -0.1249473616 -0.8731837273 0.0413701124 -0.4856322706
-546.7 -471.2 2570.4 -0.4648186862 -0.1626500189 0.8703382015 0.0606446192 0.9748251438 0.2145649642 -0.8833265901 0.1525151283 -0.4432530999
-377.0 -65.2 2732.5 -0.8968634009 -0.0372260660 -0.4407383204 -0.0573650189 0.9978256226 0.0324534029 0.4385719001 0.0543892309 -0.8970487714
-362.4 -456.0 2711.2 -0.8841235638 0.1562214792 -0.4403639138 0.0684523284 0.9755890965 0.2086629719 0.4622118771 0.1543399096 -0.8732349873
-154.3 -124.2 2388.4 0 0 0 0 0 0 0 0 0
-7.6 -12.3 2504.8 0 0 0 0 0 0 0 0 0
-496.5 -771.5 2523.4 0 0 0 0 0 0 0 0 0
-421.3 -823.2 2653.1 0 0 0 0 0 0 0 0 0
-370.0 497.7 2543.0 4 0.5874856710 0.0866162628 -0.8045857549 0.0979596972 0.9793317318 0.1769556105 0.8032835722 -0.1827758551 0.5668584108
-387.5 299.5 2580.0 0.5874856710 0.0866162628 -0.8045857549 0.0979596972 0.9793317318 0.1769556105 0.8032835722 -0.1827758551 0.5668584108
-405.1 107.8 2616.0 0.5873889923 0.0896293893 -0.8043262959 0.0968853980 0.9789133668 0.1798384935 0.8034845591 -0.1835626215 0.5663191080
-471.3 285.7 2465.5 -0.3550733030 0.2993904650 -0.8856005073 0.8938686848 0.3861075938 -0.2278589159 0.2737182975 -0.8725172281 -0.4047122598
-376.7 47.6 2392.6 -0.7906881571 0.2993904650 -0.5340202451 0.6122189760 0.3861075938 -0.6900064349 -0.0003920679 -0.8725172281 -0.4885832071
-303.8 313.3 2694.5 0.8761649132 0.3618796766 0.3183993399 -0.4812601209 0.6936407089 0.5359582901 -0.0269023348 -0.6228207350 0.7819018960
-67.8 183.6 2687.3 0.2346196175 0.3618796766 0.9022176862 -0.7143636346 0.6936407089 -0.0924508050 -0.6592709422 -0.6228207350 0.4212554097
-481.8 -88.6 2584.6 -0.4775564075 0.1734315157 0.8613137603 0.1195576712 0.9840329289 -0.1318529844 -0.8704285622 0.0400094278 -0.4906662703
-549.7 -474.0 2568.9 -0.4667934477 -0.1743732989 0.8670051098 0.0536135435 0.9729857445 0.2245536745 -0.8827397823 0.1513033956 -0.4448345900
-375.5 -69.1 2729.5 -0.8965107203 -0.0323604569 -0.4418385327 -0.0565954186 0.9975228310 0.0417756848 0.4393921494 0.0624583885 -0.8961213827
-362.8 -459.8 2705.0 -0.8835135698 0.1555507034 -0.4418231845 0.0788116232 0.9791682363 0.1871317923 0.4617277086 0.1305126697 -0.8773676157
-154.8 -124.2 2392.7 0 0 0 0 0 0 0 0 0
-3.8 -11.2 2507.5 0 0 0 0 0 0 0 0 0
-496.5 -770.9 2522.7 0 0 0 0 0 0 0 0 0
-421.4 -828.4 2655.9 0 0 0 0 0 0 0 0 0
-369.6 500.3 2545.1 5 0.6038186550 0.0867532492 -0.7923868299 0.0941084772 0.9793496132 0.1789355874 0.7915470004 -0.1826149672 0.5831853151
-387.2 301.8 2582.2 0.6038186550 0.0867532492 -0.7923868299 0.0941084772 0.9793496132 0.1789355874 0.7915470004 -0.1826149672 0.5831853151
-404.7 110.1 2618.0 0.6036960483 0.0893858671 -0.7921876311 0.0927452147 0.9790724516 0.1811504513 0.7918013930 -0.1828314215 0.5827720165
-473.2 288.6 2469.3 -0.3575323224 0.2958604097 -0.8857975006 0.8911789656 0.3916800916 -0.2288814932 0.2792322934 -0.8712366819 -0.4037028551
-376.8 48.4 2394.1 -0.7897712588 0.2958604097 -0.5373340845 0.6133549809 0.3916800916 -0.6858442426 0.0075489115 -0.8712366819 -0.4908051491
-301.1 315.0 2695.0 0.8648736477 0.3765410483 0.3319796026 -0.5002964735 0.7008224726 0.5084794164 -0.0411953740 -0.6058586836 0.7945050001
-65.7 178.9 2683.8 0.2328715920 0.3765410483 0.8966535926 -0.7045975327 0.7008224726 -0.1113112792 -0.6703082323 -0.6058586836 0.4285115302
-475.7 -92.6 2579.3 -0.4952018559 0.1875638962 0.8482894301 0.1195172518 0.9818408489 -0.1473232210 -0.8605177402 0.0284304861 -0.5086265206
-549.2 -477.1 2568.1 -0.4833344221 -0.1773851812 0.8572761416 0.0472252145 0.9725474119 0.2278624922 -0.8741610646 0.1506188363 -0.4616885781
-369.5 -75.1 2724.5 -0.8882749081 -0.0102895396 -0.4591969550 -0.0257800650 0.9992899299 0.0274774246 0.4585881829 0.0362456329 -0.8879094124
-365.5 -466.3 2710.3 -0.8786309958 0.1489527971 -0.4536746144 0.0596613437 0.9769009352 0.2051951289 0.4737595618 0.1532239616 -0.8672221899
-154.7 -124.1 2392.0 0 0 0 0 0 0 0 0 0
-3.6 -9.3 2504.8 0 0 0 0 0 0 0 0 0
-495.6 -770.9 2522.6 0 0 0 0 0 0 0 0 0
-421.6 -834.0 2652.6 0 0 0 0 0 0 0 0 0
-370.7 500.2 2548.2 6 0.6088827252 0.0827947482 -0.7889276743 0.0922999904 0.9803885221 0.1741235554 0.7878721356 -0.1788388342 0.5892996788
-387.4 302.4 2584.3 0.6088827252 0.0827947482 -0.7889276743 0.0922999904 0.9803885221 0.1741235554 0.7878721356 -0.1788388342 0.5892996788
-403.9 110.4 2619.3 0.6088015437 0.0842437968 -0.7888368964 0.0913469419 0.9802880287 0.1751887351 0.7880459428 -0.1787130088 0.5891054273
-474.2 289.3 2472.0 -0.3573098481 0.3352060616 -0.8717606068 0.8860602975 0.4168068469 -0.2029018998 0.2953418493 -0.8449313045 -0.4459419847
-377.1 48.5 2391.7 -0.7894682288 0.3352060616 -0.5141758323 0.6137022376 0.4168068469 -0.6705532074 -0.0104615027 -0.8449313045 -0.5347725153
-300.7 315.4 2696.6 0.8611533046 0.3763200939 0.3417575359 -0.5052112341 0.7081067562 0.4933015108 -0.0563615561 -0.5974679589 0.7999096513
-62.7 175.7 2681.0 0.2522760034 0.3763200939 0.8914819360 -0.6988220215 0.7081067562 -0.1011560559 -0.6693314314 -0.5974679589 0.4416191280
-476.7 -90.0 2582.2 -0.5013321638 0.1961389035 0.8427309990 0.1231948510 0.9802263975 -0.1548524648 -0.8564397693 0.0261875968 -0.5155823231
-553.5 -473.9 2572.0 -0.4885514975 -0.1878229976 0.8520798087 0.0502227284 0.9688841105 0.2423659265 -0.8710884452 0.1612020135 -0.4639168084
-367.6 -73.3 2725.3 -0.8849852681 -0.0107890787 -0.4654939473 -0.0298205260 0.9989923835 0.0335396826 0.4646630585 0.0435633995 -0.8844153285
-363.4 -464.5 2708.3 -0.8733186126 0.1588524878 -0.4605219960 0.0704225823 0.9765778184 0.2033137530 0.4820324481 0.1451265216 -0.8640503287
-155.0 -124.2 2394.7 0 0 0 0 0 0 0 0 0
3.6 -7.8 2505.2 0 0 0 0 0 0 0 0 0
-495.9 -771.5 2522.5 0 0 0 0 0 0 0 0 0
-423.2 -832.2 2653.6 0 0 0 0 0 0 0 0 0
-370.8 499.4 2547.2 7 0.5980972052 0.0810907856 -0.7973104715 0.0986622870 0.9798497558 0.1736668795 0.7953272462 -0.1825341582 0.5780448318
-387.2 301.2 2584.1 0.5980972052 0.0810907856 -0.7973104715 0.0986622870 0.9798497558 0.1736668795 0.7953272462 -0.1825341582 0.5780448318
-403.8 109.4 2620.0 0.5979465246 0.0848124027 -0.7970362902 0.0968821570 0.9794480205 0.1769049764 0.7956593633 -0.1829983145 0.5774407387
-472.4 287.4 2470.8 -0.3541571200 0.3165626824 -0.8799777031 0.8884481192 0.4076422751 -0.2109211385 0.2919463813 -0.8565137982 -0.4256189167
-376.9 48.0 2392.1 -0.7906830907 0.3165626824 -0.5240308642 0.6122250557 0.4076422751 -0.6775014400 -0.0008545337 -0.8565137982 -0.5161234736
-302.0 315.1 2697.5 0.8571940660 0.3733510673 0.3547215462 -0.5085929632 0.7219672799 0.4691444039 -0.0809417889 -0.5825566649 0.8087497354
-61.3 172.3 2674.8 0.2660219073 0.3733510673 0.8887301683 -0.6849116683 0.7219672799 -0.0982814804 -0.6783275604 -0.5825566649 0.4477716088
-475.5 -89.9 2583.1 -0.4872132540 0.1916548312 0.8519927859 0.1314897984 0.9805976152 -0.1453917176 -0.8633270860 0.0411915816 -0.5029608011
-550.5 -473.9 2566.9 -0.4728766978 -0.1773141474 0.8631033301 0.0418555252 0.9739168882 0.2230112553 -0.8801339269 0.1415824741 -0.4531210363
-365.4 -73.4 2725.5 -0.8911609650 0.0001745172 -0.4536872804 -0.0218005758 0.9988282919 0.0432062671 0.4531632364 0.0483943820 -0.8901129365
-365.5 -464.5 2706.6 -0.8812465668 0.1485709250 -0.4486994445 0.0683472231 0.9793912172 0.1900566220 0.4676891565 0.1368193775 -0.8732395172
-154.7 -124.1 2392.3 0 0 0 0 0 0 0 0 0
8.1 -6.4 2497.9 0 0 0 0 0 0 0 0 0
-496.5 -770.8 2523.8 0 0 0 0 0 0 0 0 0
-421.4 -833.3 2655.0 0 0 0 0 0 0 0 0 0
-369.9 499.0 2547.8 8 0.5949461460 0.0822030902 -0.7995509505 0.0984916911 0.9798038006 0.1740228683 0.7977082729 -0.1822833568 0.5748341680
-386.5 301.0 2584.6 0.5949461460 0.0822030902 -0.7995509505 0.0984916911 0.9798038006 0.1740228683 0.7977082729 -0.1822833568 0.5748341680
-403.2 109.2 2620.7 0.5949609280 0.0848941952 -0.7992587090 0.0986649841 0.9791715741 0.1774491668 0.7976758480 -0.1844341755 0.5741927624
-471.3 286.9 2470.9 -0.3574422896 0.3034428060 -0.8832652569 0.8860479593 0.4091328979 -0.2180121690 0.2952186465 -0.8605421185 -0.4151062667
-372.8 42.7 2389.5 -0.7872951627 0.3034428060 -0.5367390513 0.6163830161 0.4091328979 -0.6728166342 0.0154362200 -0.8605421185 -0.5091453791
-301.8 315.0 2698.3 0.8530419469 0.3666187525 0.3713625371 -0.5160634518 0.6982793808 0.4960689843 -0.0774466097 -0.6148142815 0.7848601341
-60.2 168.9 2676.3 0.2632408142 0.3666187525 0.8923535943 -0.7116782069 0.6982793808 -0.0769421160 -0.6513205171 -0.6148142815 0.4447301924
-474.5 -91.2 2583.9 -0.4851402342 0.1963296533 0.8521112800 0.1244740039 0.9800509810 -0.1549395323 -0.8655317426 0.0308983028 -0.4999001026
-551.4 -475.0 2571.8 -0.4735083878 -0.1789997071 0.8624087572 0.0548691861 0.9712353945 0.2317136377 -0.8790785670 0.1570380181 -0.4500665367
-366.4 -73.6 2727.7 -0.8927817941 -0.0055229813 -0.4504555166 -0.0295784753 0.9984858036 0.0463808365 0.4495173097 0.0547317564 -0.8915933371
-364.2 -464.7 2706.3 -0.8814984560 0.1514768004 -0.4472306371 0.0782519355 0.9809142947 0.1779994220 0.4656576812 0.1219095662 -0.8765277863
-150.2 -131.6 2385.2 0 0 0 0 0 0 0 0 0
8.6 -16.9 2506.3 0 0 0 0 0 0 0 0 0
-496.7 -771.4 2523.9 0 0 0 0 0 0 0 0 0
-421.2 -834.1 2660.4 0 0 0 0 0 0 0 0 0
-370.4 499.7 2547.0 9 0.6002338529 0.0855928734 -0.7952315211 0.0971962214 0.9790829420 0.1787441522 0.7938968539 -0.1845818013 0.5793594122
-387.7 301.6 2584.4 0.6002338529 0.0855928734 -0.7952315211 0.0971962214 0.9790829420 0.1787441522 0.7938968539 -0.1845818013 0.5793594122
-404.7 109.9 2620.8 0.6002482772 0.0869900435 -0.7950689793 0.0973598883 0.9787282944 0.1805877537 0.7938658595 -0.1858053207 0.5790106654
-473.2 287.8 2471.2 -0.3612612188 0.2683216929 -0.8930251002 0.8867430091 0.3950684965 -0.2400161028 0.2884045541 -0.8785922527 -0.3806553185
-373.3 42.5 2391.5 -0.7931409478 0.2683216929 -0.5467457175 0.6082345843 0.3950684965 -0.6884559393 0.0312743448 -0.8785922527 -0.4765475392
-302.2 315.5 2697.5 0.8549801707 0.3770001829 0.3562018275 -0.5139266253 0.7083674669 0.4838336110 -0.0699164271 -0.5967297554 0.7993905544
-59.3 169.5 2677.6 0.2703646421 0.3770001829 0.8858746290 -0.7003733516 0.7083674669 -0.0877082050 -0.6605907679 -0.5967297554 0.4555583894
-473.6 -91.5 2584.7 -0.4891655743 0.1987027675 0.8492551446 0.1300148070 0.9794363976 -0.1542739719 -0.8624460697 0.0349502340 -0.5049408674
-551.4 -475.1 2571.0 -0.4770244360 -0.1781529188 0.8606446385 0.0565109700 0.9709969163 0.2323177606 -0.8770713806 0.1594571173 -0.4531216323
-366.0 -73.6 2728.9 -0.8900912404 -0.0043957722 -0.4557612538 -0.0143941529 0.9997258186 0.0184691921 0.4555550814 0.0229995623 -0.8899104595
-364.3 -465.0 2719.9 -0.8822308183 0.1526551843 -0.4453820884 0.0467464626 0.9697036743 0.2397696972 0.4684907496 0.1907121688 -0.8626385927
-150.6 -128.3 2382.7 0 0 0 0 0 0 0 0 0
10.8 -12.0 2506.4 0 0 0 0 0 0 0 0 0
-497.0 -771.4 2522.4 0 0 0 0 0 0 0 0 0
-421.7 -829.4 2648.3 0 0 0 0 0 0 0 0 0
-369.3 501.5 2538.1 0 0.6033291817 0.0945125297 -0.7918720245 0.1083150953 0.9740401506 0.1987804323 0.7901023626 -0.2057017237 0.5774297118
-388.6 303.3 2580.0 0.6033291817 0.0945125297 -0.7918720245 0.1083150953 0.9740401506 0.1987804323 0.7901023626 -0.2057017237 0.5774297118
-407.4 112.5 2620.0 0.6031409502 0.0959960893 -0.7918369770 0.1063898206 0.9741790891 0.1991387755 0.7905075550 -0.2043521404 0.5773543119
-474.5 288.1 2467.4 -0.3653650582 0.2773864269 -0.8885747790 0.8887645602 0.3877764940 -0.2443909049 0.2767776847 -0.8790256977 -0.3882111907
-374.2 44.0 2391.3 -0.7932420373 0.2773864269 -0.5420551896 0.6086350083 0.3877764940 -0.6922374964 0.0181789864 -0.8790256977 -0.4764277041
-302.6 318.5 2692.7 0.8435589075 0.3903652430 0.3688134849 -0.5343815684 0.6783464551 0.5042642355 -0.0533360690 -0.6224637032 0.7808291316
-56.5 162.6 2677.1 0.2459345013 0.3903652430 0.8872041702 -0.7283691168 0.6783464551 -0.0965637714 -0.6395269036 -0.6224637032 0.4511587620
-476.0 -90.5 2585.4 -0.4883299768 0.1906992346 0.8515677452 0.1269339025 0.9809747934 -0.1468885094 -0.8633780479 0.0363627486 -0.5032455921
-550.7 -474.8 2571.1 -0.4771937728 -0.1755812019 0.8610791564 0.0589830987 0.9712286592 0.2307289243 -0.8768164515 0.1608915180 -0.4531079531
-367.5 -72.9 2728.9 -0.8889933228 -0.0090366919 -0.4578309953 -0.0276965816 0.9990358949 0.0340608135 0.4570818245 0.0429601893 -0.8883865476
-364.0 -464.1 2712.1 -0.8782128692 0.1540291458 -0.4527882636 0.0671199039 0.9770442843 0.2021866292 0.4735367894 0.1471717954 -0.8683912754
-152.4 -126.2 2386.2 0 0 0 0 0 0 0 0 0
8.9 -31.2 2507.0 0 0 0 0 0 0 0 0 0
-497.2 -770.9 2522.1 0 0 0 0 0 0 0 0 0
-421.9 -831.3 2656.8 0 0 0 0 0 0 0 0 0
-368.5 498.7 2534.7 1 0.5960054994 0.0949325860 -0.7973489165 0.1167669371 0.9721853137 0.2030300647 0.7944450378 -0.2141110152 0.5683428049
-387.8 301.0 2578.2 0.5960054994 0.0949325860 -0.7973489165 0.1167669371 0.9721853137 0.2030300647 0.7944450378 -0.2141110152 0.5683428049
-406.5 110.5 2619.7 0.5957974195 0.0952569842 -0.7974656820 0.1146392748 0.9726871252 0.2018356770 0.7949108481 -0.2116740644 0.5686042309
-472.7 284.7 2465.0 -0.3631976843 0.2748624980 -0.8902460337 0.8915379643 0.3800773025 -0.2463762909 0.2706427276 -0.8831714392 -0.3830935657
-374.9 44.5 2392.1 -0.7938711047 0.2748624980 -0.5424197912 0.6079120040 0.3800773025 -0.6971256733 0.0145477541 -0.8831714392 -0.4688246250
-302.9 317.3 2691.5 0.8511809707 0.4136469960 0.3230899572 -0.5243964791 0.6964044571 0.4899276793 -0.0223441795 -0.5864443779 0.8096812963
-61.2 168.4 2685.2 0.2683162689 0.4136469960 0.8700014949 -0.7087740898 0.6964044571 -0.1125170439 -0.6524152756 -0.5864443779 0.4800389111
-480.7 -87.8 2588.6 -0.4803036153 0.1819428504 0.8580240011 0.1218316108 0.9826046228 -0.1401612610 -0.8685997128 0.0372144915 -0.4941149652
-552.0 -472.7 2574.0 -0.4709150493 -0.1773808002 0.8641614914 0.0663889721 0.9696730375 0.2352163941 -0.8796769381 0.1681377292 -0.4448574781
-371.6 -68.6 2731.5 -0.8925273418 -0.0251818802 -0.4502896965 -0.0490585975 0.9979361892 0.0414316170 0.4483170807 0.0590694323 -0.8919207454
-361.8 -459.3 2708.4 -0.8783037663 0.1637350917 -0.4491917789 0.0876069292 0.9787383080 0.1854626536 0.4700079560 0.1235402450 -0.8739739060
-153.5 -125.1 2388.0 0 0 0 0 0 0 0 0 0
10.5 -21.1 2510.7 0 0 0 0 0 0 0 0 0
-497.3 -771.5 2522.2 0 0 0 0 0 0 0 0 0
-423.4 -827.4 2661.9 0 0 0 0 0 0 0 0 0
-367.3 498.5 2531.5 2 0.6003612280 0.0986041948 -0.7936268449 0.1194252744 0.9701884985 0.2108836919 0.7907616496 -0.2213854939 0.5706877112
-387.4 300.8 2576.6 0.6003612280 0.0986041948 -0.7936268449 0.1194252744 0.9701884985 0.2108836919 0.7907616496 -0.2213854939 0.5706877112
-406.7 110.7 2619.3 0.6001004577 0.0986048505 -0.7938239574 0.1168586016 0.9709205031 0.2089435160 0.7913428545 -0.2181522697 0.5711270571
-473.0 284.2 2463.8 -0.3649296761 0.3159172833 -0.8757982850 0.8868491650 0.4043005109 -0.2236954272 0.2834164202 -0.8583340645 -0.4277122617
-374.7 45.5 2387.5 -0.7922326922 0.3159172833 -0.5220762491 0.6102048755 0.4043005109 -0.6813157201 -0.0041637104 -0.8583340645 -0.5130743384
-301.9 317.5 2689.4 0.8424059749 0.4394742846 0.3117924631 -0.5388414264 0.6854811907 0.4896585047 0.0014644481 -0.5804979205 0.8142604232
