-397.0 494.2 2476.1 7 0.6880408525 0.0691252723 -0.7223721743 0.1994320154 0.9391102791 0.2798192203 0.6977296472 -0.3365911841 0.6323603988
-411.2 301.3 2545.2 0.6880408525 0.0691252723 -0.7223721743 0.1994320154 0.9391102791 0.2798192203 0.6977296472 -0.3365911841 0.6323603988
-424.0 116.7 2609.2 0.6877249479 0.0648659170 -0.7230676413 0.1949950904 0.9428943396 0.2700503767 0.6992934346 -0.3267150223 0.6358034015
-509.1 273.6 2445.7 -0.4485880136 0.0286171250 -0.8932803869 0.8708503246 0.2387435734 -0.4296756983 0.2009688616 -0.9706608653 -0.1320187300
-384.5 31.6 2389.8 -0.8147668839 0.0532566682 -0.5773375630 0.5733921528 0.2215217203 -0.7887645960 0.0858858377 -0.9737001061 -0.2110255212
-313.3 329.1 2644.7 0.8597051501 0.2756909430 0.4300017953 -0.5107904673 0.4633414149 0.7241600752 0.0004067277 -0.8422049880 0.5391573310
-41.6 167.7 2644.9 0.2486255914 0.2756909430 0.9285364151 -0.8807164431 0.4633414149 0.0982509926 -0.4031424522 -0.8422049880 0.3580040634
-500.2 -87.1 2609.8 -0.5346227884 0.1477428675 0.8320760131 0.1126336008 0.9882724285 -0.1031080261 -0.8375512362 0.0385958143 -0.5449938178
-558.0 -474.0 2594.7 -0.5299385786 -0.1920958310 0.8259928823 0.0885040611 0.9561601281 0.2791502178 -0.8434050679 0.2210361958 -0.4897049069
-379.1 -50.9 2738.6 -0.8356400132 -0.0536295623 -0.5466531515 -0.1027662233 0.9929133654 0.0596832894 0.5395784378 0.1060512215 -0.8352294564
-358.1 -439.9 2697.1 -0.8226701021 0.1466565132 -0.5492774844 0.0714310035 0.9851624966 0.1560529023 0.5640137196 0.0891446173 -0.8209395409
-155.2 -129.8 2365.7 0 0 0 0 0 0 0 0 0
30.1 -86.5 2528.5 0 0 0 0 0 0 0 0 0
-498.2 -771.8 2525.9 0 0 0 0 0 0 0 0 0
-413.3 -810.8 2663.5 0 0 0 0 0 0 0 0 0
-396.8 490.6 2473.2 8 0.6800799370 0.0677214488 -0.7300034761 0.2151352316 0.9334546328 0.2870178819 0.7008624077 -0.3522445560 0.6202545166
-410.7 298.8 2545.6 0.6800799370 0.0677214488 -0.7300034761 0.2151352316 0.9334546328 0.2870178819 0.7008624077 -0.3522445560 0.6202545166
-423.6 115.1 2612.2 0.6795382500 0.0660241246 -0.7306631207 0.2075559646 0.9379521012 0.2777883410 0.7036677599 -0.3404212892 0.6236706376
-507.5 269.2 2445.4 -0.4425484538 0.0337893628 -0.8961077929 0.8753319979 0.2333465368 -0.4234894514 0.1947942078 -0.9718064070 -0.1328440607
-387.0 31.1 2392.4 -0.8217605948 0.0531635135 -0.5673474669 0.5638191700 0.2201249301 -0.7960231900 0.0825679302 -0.9740219116 -0.2108646035
-313.9 328.4 2645.8 0.8545240760 0.2999565303 0.4240455627 -0.5193616748 0.5047718883 0.6895424724 -0.0072135008 -0.8094636798 0.5871256590
-45.5 165.3 2643.5 0.2674196661 0.2999565303 0.9157034159 -0.8590067625 0.5047718883 0.0855142400 -0.4365707934 -0.8094636798 0.3926506341
-498.8 -85.6 2610.0 -0.5230872035 0.1478467137 0.8393575549 0.1161256805 0.9880179763 -0.1016626954 -0.8443308473 0.0442925170 -0.5339883566
-556.7 -472.5 2592.7 -0.5182343721 -0.1854448318 0.8348912001 0.0900732726 0.9589443803 0.2689096928 -0.8504821658 0.2145596445 -0.4802543521
-374.6 -50.4 2736.3 -0.8425213695 -0.0376973003 -0.5373421907 -0.0695713162 0.9968083501 0.0391525812 0.5341512561 0.0703704879 -0.8424550295
-359.9 -440.5 2708.8 -0.8331645727 0.1320326924 -0.5370327830 0.0359981731 0.9819704890 0.1855749041 0.5518522859 0.1352822334 -0.8228959441
-156.1 -127.4 2369.2 0 0 0 0 0 0 0 0 0
32.5 -85.0 2516.3 0 0 0 0 0 0 0 0 0
-498.7 -772.3 2525.6 0 0 0 0 0 0 0 0 0
-409.5 -809.9 2657.9 0 0 0 0 0 0 0 0 0
-397.2 491.7 2476.2 9 0.6657456756 0.0646781027 -0.7433703542 0.2109726071 0.9392715096 0.2706650794 0.7157326937 -0.3370248675 0.6116706133
-410.5 299.0 2545.4 0.6657456756 0.0646781027 -0.7433703542 0.2109726071 0.9392715096 0.2706650794 0.7157326937 -0.3370248675 0.6116706133
-422.7 114.3 2609.4 0.6653360128 0.0622768775 -0.7439419031 0.2048991621 0.9430124164 0.2621906996 0.7178748846 -0.3268780112 0.6146596074
-505.3 269.8 2443.1 -0.4407162964 0.0469945073 -0.8964154720 0.8743679523 0.2484231591 -0.4168532491 0.2031005472 -0.9675109386 -0.1505746245
-386.6 34.4 2388.4 -0.8179911375 0.0868849680 -0.5686312318 0.5724030137 0.2208425105 -0.7896729708 0.0569672398 -0.9714317322 -0.2303804457
-315.7 328.1 2647.6 0.8481700420 0.2984999418 0.4376132190 -0.5287525058 0.5270788670 0.6652884483 -0.0320681222 -0.7956668139 0.6048851013
-51.0 163.1 2637.6 0.2891069651 0.2984999418 0.9095685482 -0.8444411755 0.5270788670 0.0954307616 -0.4509282708 -0.7956668139 0.4044477940
-498.0 -87.3 2615.3 -0.5100677013 0.1587867290 0.8453506231 0.1204447746 0.9863145351 -0.1125907525 -0.8516595364 0.0443891585 -0.5222122073
-560.2 -473.6 2598.0 -0.5061172843 -0.1970645636 0.8396492600 0.1008359417 0.9533489943 0.2845308483 -0.8565496802 0.2286728024 -0.4626352191
-375.2 -49.8 2742.4 -0.8511227965 -0.0394760184 -0.5234802961 -0.0762071535 0.9958969355 0.0488033555 0.5194059014 0.0814305916 -0.8506389260
-359.8 -439.7 2710.6 -0.8409710526 0.1354382932 -0.5238551497 0.0411639661 0.9813742638 0.1876433790 0.5395120382 0.1362386942 -0.8308824897
-158.0 -125.6 2372.5 0 0 0 0 0 0 0 0 0
33.2 -82.7 2506.3 0 0 0 0 0 0 0 0 0
-498.3 -773.2 2526.1 0 0 0 0 0 0 0 0 0
-410.8 -809.1 2659.3 0 0 0 0 0 0 0 0 0
-397.3 489.4 2476.8 0 0.6582900882 0.0711392909 -0.7493953705 0.2082954645 0.9394391775 0.2721525729 0.7233721018 -0.3352510035 0.6036055088
-411.9 296.5 2545.6 0.6582900882 0.0711392909 -0.7493953705 0.2082954645 0.9394391775 0.2721525729 0.7233721018 -0.3352510035 0.6036055088
-425.0 111.8 2609.4 0.6579704881 0.0668880045 -0.7500672340 0.2039367110 0.9429986477 0.2629892826 0.7249032259 -0.3260054290 0.6068243384
-505.6 267.4 2442.3 -0.4388082325 0.0606104769 -0.8965342641 0.8777703047 0.2423928678 -0.4132371843 0.1922670156 -0.9682830572 -0.1595660746
-388.5 33.1 2391.0 -0.8223127127 0.0844564661 -0.5627334118 0.5658351183 0.2261035591 -0.7929109931 0.0602695718 -0.9704350829 -0.2337162793
-318.1 325.5 2648.9 0.8572129011 0.3488124907 0.3788349032 -0.5148146152 0.5980818868 0.6142181754 -0.0123273265 -0.7215454578 0.6922572851
-62.9 172.2 2645.2 0.3367216885 0.3488124907 0.8746132851 -0.7984694839 0.5980818868 0.0688802227 -0.4990640879 -0.7215454578 0.4799032807
-495.0 -88.9 2608.5 -0.5038637519 0.1711987257 0.8466476798 0.1035590544 0.9850652814 -0.1375569403 -0.8575528264 0.0183680840 -0.5140678287
-562.0 -474.5 2601.4 -0.5045409203 -0.2026735246 0.8392627239 0.1067204997 0.9499636292 0.2935640216 -0.8567667007 0.2376815826 -0.4576660693
-374.8 -51.9 2738.3 -0.8571145535 -0.0370083228 -0.5137946606 -0.0631813705 0.9974378347 0.0335545950 0.5112364292 0.0612223856 -0.8572567105
-360.3 -442.4 2714.3 -0.8482547998 0.1326185316 -0.5127144456 0.0318656042 0.9791649580 0.2005507648 0.5286287665 0.1537801921 -0.8348073363
-159.3 -124.6 2374.2 0 0 0 0 0 0 0 0 0
33.2 -55.6 2502.8 0 0 0 0 0 0 0 0 0
-498.6 -771.7 2527.0 0 0 0 0 0 0 0 0 0
-410.2 -811.0 2656.4 0 0 0 0 0 0 0 0 0
-397.2 486.0 2479.5 1 0.6836419702 0.0665805042 -0.7267742157 0.2046723664 0.9383772612 0.2784912288 0.7005304694 -0.3391388953 0.6278868318
-410.8 294.5 2548.7 0.6836419702 0.0665805042 -0.7267742157 0.2046723664 0.9383772612 0.2784912288 0.7005304694 -0.3391388953 0.6278868318
-423.0 110.1 2613.6 0.6834298372 0.0625033304 -0.7273355126 0.2015838176 0.9414312840 0.2703167498 0.7016320825 -0.3313616216 0.6308025718
-508.1 265.8 2448.8 -0.4407075346 0.0981070101 -0.8922734261 0.8749322891 0.2691635787 -0.4025474489 0.2006747723 -0.9580845237 -0.2044593990
-389.5 30.3 2394.8 -0.8278889060 0.0981070101 -0.5522454381 0.5563142300 0.2691635787 -0.7861713767 0.0715154260 -0.9580845237 -0.2774158716
-313.5 323.2 2648.6 0.8510521650 0.3428564668 0.3976928592 -0.5239836574 0.6034842134 0.6010390520 -0.0339312255 -0.7199001908 0.6932477355
-61.8 168.3 2638.6 0.3284654915 0.3428564668 0.8800908327 -0.7949915528 0.6034842134 0.0616059229 -0.5099989176 -0.7199001908 0.4707917273
-497.5 -91.3 2607.8 -0.5291794538 0.1576763541 0.8337309361 0.1192457378 0.9866505861 -0.1109099686 -0.8400890231 0.0407275893 -0.5409174562
-559.3 -477.6 2591.8 -0.5216081142 -0.1988281161 0.8296940923 0.0808566734 0.9565697312 0.2800652087 -0.8493451476 0.2131706029 -0.4828779697
-378.6 -54.5 2738.8 -0.8393654227 -0.0431706458 -0.5418505073 -0.0685312077 0.9972915649 0.0267029479 0.5392301679 0.0595472008 -0.8400505781
-361.7 -445.0 2715.5 -0.8316673040 0.1223331243 -0.5416309237 0.0212445892 0.9817256331 0.1891123950 0.5548676848 0.1457718760 -0.8190680146
-159.8 -124.0 2374.9 0 0 0 0 0 0 0 0 0
31.2 -56.8 2494.2 0 0 0 0 0 0 0 0 0
-498.5 -770.1 2526.6 0 0 0 0 0 0 0 0 0
-407.8 -814.7 2660.6 0 0 0 0 0 0 0 0 0
-396.1 487.7 2478.9 2 0.6839796901 0.0667550415 -0.7264403701 0.2060674876 0.9375690818 0.2801791430 0.6997913718 -0.3413325846 0.6275221705
-409.7 296.1 2548.7 0.6839796901 0.0667550415 -0.7264403701 0.2060674876 0.9375690818 0.2801791430 0.6997913718 -0.3413325846 0.6275221705
-422.5 112.0 2614.2 0.6836793423 0.0656309128 -0.7268253565 0.2018080056 0.9401082397 0.2747181654 0.7013245225 -0.3344983160 0.6294877529
-507.1 267.4 2448.7 -0.4460916519 0.0885843560 -0.8905925155 0.8675979972 0.2870949507 -0.4060174525 0.2197178155 -0.9537972808 -0.2049262673
-387.6 35.0 2389.9 -0.8189977407 0.1256835908 -0.5598627925 0.5717265606 0.2615527511 -0.7776367068 0.0486974753 -0.9569711685 -0.2860677540
-312.3 324.9 2648.6 0.8347221613 0.3326433003 0.4388478100 -0.5478112102 0.5827293396 0.6002744436 -0.0560522303 -0.7414680719 0.6686428189
-61.0 159.9 2631.7 0.3203351796 0.3326433003 0.8869801760 -0.8093133569 0.5827293396 0.0737451985 -0.4923385382 -0.7414680719 0.4558814168
-497.0 -92.5 2615.1 -0.5271371603 0.1571315974 0.8351264000 0.1255949587 0.9863689542 -0.1063120067 -0.8404477239 0.0488466583 -0.5396866202
-558.5 -478.7 2596.0 -0.5213196278 -0.1951514632 0.8307477236 0.0959719196 0.9539166093 0.2843104601 -0.8479476571 0.2279450744 -0.4785663784
-373.5 -56.0 2741.9 -0.8400607109 -0.0369253494 -0.5412341952 -0.0590577684 0.9979760647 0.0235785097 0.5392681360 0.0517714657 -0.8405412436
-359.1 -446.9 2721.6 -0.8322332501 0.1355101913 -0.5376102924 0.0141834905 0.9745569825 0.2236907184 0.5542442203 0.1785376668 -0.8129807115
-160.3 -123.7 2376.4 0 0 0 0 0 0 0 0 0
28.9 -67.2 2493.6 0 0 0 0 0 0 0 0 0
-498.7 -771.1 2526.1 0 0 0 0 0 0 0 0 0
-410.1 -813.7 2654.4 0 0 0 0 0 0 0 0 0
-395.2 487.9 2479.1 3 0.6728063822 0.0691797733 -0.7365770340 0.2070129961 0.9382429123 0.2772107720 0.7102655768 -0.3389902115 0.6169347167
-409.3 296.5 2548.3 0.6728063822 0.0691797733 -0.7365770340 0.2070129961 0.9382429123 0.2772107720 0.7102655768 -0.3389902115 0.6169347167
-422.7 112.2 2613.5 0.6725239754 0.0681901649 -0.7369271517 0.2031502426 0.9404871464 0.2724222839 0.7116470337 -0.3329174221 0.6186472774
-505.1 267.5 2446.9 -0.4358801246 0.1688062996 -0.8840321898 0.8734525442 0.3161736131 -0.3702902496 0.2170003206 -0.9335623384 -0.2852580845
-388.0 32.8 2388.5 -0.8273733854 0.1688062996 -0.5356842875 0.5602170825 0.3161736131 -0.7656311989 0.0401258618 -0.9335623384 -0.3561618030
-313.5 325.4 2649.7 0.8388471007 0.3211271167 0.4395599067 -0.5416935682 0.5723420978 0.6156237721 -0.0538851582 -0.7545210123 0.6540600061
-59.8 161.5 2633.4 0.2829757631 0.3211271167 0.9037710428 -0.8183099031 0.5723420978 0.0528533198 -0.5002935529 -0.7545210123 0.4247404039
-497.2 -90.4 2616.3 -0.5148811936 0.1627649814 0.8416679502 0.1240284964 0.9856235981 -0.1147305891 -0.8482418656 0.0453181900 -0.5276665092
-560.9 -476.4 2598.6 -0.5108791590 -0.2007510513 0.8358836770 0.1045928970 0.9506112933 0.2922303081 -0.8532660007 0.2367218584 -0.4646503329
-373.6 -53.9 2743.0 -0.8479404449 -0.0339268968 -0.5290047526 -0.0609867610 0.9975668788 0.0337781273 0.5265716314 0.0609041229 -0.8479463458
-360.3 -444.6 2719.2 -0.8391440511 0.1345680952 -0.5269997120 0.0287291333 0.9785245657 0.2041183412 0.5431500077 0.1561444551 -0.8249890804
-157.7 -123.1 2377.4 0 0 0 0 0 0 0 0 0
19.6 -68.0 2493.0 0 0 0 0 0 0 0 0 0
-498.6 -771.6 2525.0 0 0 0 0 0 0 0 0 0
-411.0 -813.0 2660.4 0 0 0 0 0 0 0 0 0
-395.2 487.5 2479.2 4 0.6652924418 0.0645770952 -0.7437847853 0.2101039141 0.9397935271 0.2695264518 0.7164093256 -0.3355860114 0.6116696000
-408.3 296.1 2547.5 0.6652924418 0.0645770952 -0.7437847853 0.2101039141 0.9397935271 0.2695264518 0.7164093256 -0.3355860114 0.6116696000
-420.2 111.4 2611.6 0.6650402546 0.0606714934 -0.7443388700 0.2063136846 0.9429798126 0.2611967623 0.7177437544 -0.3272736669 0.6146022081
-503.1 266.7 2445.2 -0.4405227005 0.1961927265 -0.8760411739 0.8680581450 0.3419453204 -0.3599284291 0.2289428413 -0.9190112948 -0.3209413588
-385.4 34.7 2384.0 -0.8241114020 0.1961927265 -0.5313650966 0.5653802156 0.3419453204 -0.7506121397 0.0344331563 -0.9190112948 -0.3927245140
-313.6 325.5 2649.8 0.8398732543 0.2870141566 0.4606905282 -0.5385624766 0.5462903976 0.6414960623 -0.0675523803 -0.7868860364 0.6133897901
-58.4 161.9 2629.3 0.2418940514 0.2870141566 0.9268819690 -0.8361580968 0.5462903976 0.0490554199 -0.4922671318 -0.7868860364 0.3721336126
-496.8 -90.3 2614.3 -0.5085882545 0.1527042240 0.8473602533 0.1315672547 0.9863725901 -0.0987887904 -0.8508983850 0.0612420365 -0.5217484236
-556.6 -476.6 2590.4 -0.5010061860 -0.1870525479 0.8449876308 0.0903700963 0.9597188234 0.2660320699 -0.8607125282 0.2096453309 -0.4639210999
-375.2 -53.6 2743.0 -0.8515887260 -0.0388116948 -0.5227717757 -0.0617673397 0.9977375269 0.0265440568 0.5205587745 0.0548948422 -0.8520593047
-360.0 -444.4 2721.5 -0.8442876935 0.1276931167 -0.5204543471 0.0130215883 0.9757976532 0.2182874978 0.5357319117 0.1775203049 -0.8255167007
-155.7 -122.8 2374.4 0 0 0 0 0 0 0 0 0
9.8 -74.0 2490.4 0 0 0 0 0 0 0 0 0
-499.6 -769.2 2526.4 0 0 0 0 0 0 0 0 0
-408.1 -811.7 2654.6 0 0 0 0 0 0 0 0 0
-394.9 487.3 2478.2 5 0.6635441780 0.0673699528 -0.7450975776 0.2111638039 0.9385771751 0.2729151547 0.7177178860 -0.3384289145 0.6085613370
-408.6 296.4 2547.1 0.6635441780 0.0673699528 -0.7450975776 0.2111638039 0.9385771751 0.2729151547 0.7177178860 -0.3384289145 0.6085613370
-420.9 111.8 2611.4 0.6632114649 0.0628503785 -0.7457884550 0.2063573748 0.9424868822 0.2629354596 0.7194214463 -0.3282807469 0.6120984554
-503.1 267.0 2444.5 -0.4319871962 0.1530235112 -0.8888030648 0.8762403131 0.3045273721 -0.3734514117 0.2135180086 -0.9401313066 -0.2656373084
-387.4 32.4 2387.4 -0.8269507289 0.1530235112 -0.5410510898 0.5603153110 0.3045273721 -0.7702660561 0.0468960516 -0.9401313066 -0.3375705481
-314.0 325.8 2649.6 0.8390862346 0.2607989907 0.4774077833 -0.5381584167 0.5261955261 0.6584100723 -0.0794971511 -0.8093838096 0.5818745494
-56.9 160.9 2625.2 0.2163190991 0.2607989907 0.9408453107 -0.8489317894 0.5261955261 0.0493268110 -0.4822041988 -0.8093838096 0.3352266848
-492.2 -91.9 2610.8 -0.5053932071 0.1638762802 0.8471848965 0.1345017999 0.9847609401 -0.1102506071 -0.8523420691 0.0582279861 -0.5197331309
-556.4 -477.6 2588.0 -0.4964656234 -0.1869670898 0.8476822376 0.0853603482 0.9612810016 0.2620160878 -0.8638492227 0.2024404258 -0.4612833858
-372.0 -54.6 2740.6 -0.8535098433 -0.0313015170 -0.5201357007 -0.0505447462 0.9984602928 0.0228538737 0.5186194777 0.0457961336 -0.8537777662
-359.7 -445.7 2722.6 -0.8470237255 0.1290388107 -0.5156546831 0.0113639478 0.9742612839 0.2251351327 0.5314335823 0.1848349273 -0.8266888261
-157.5 -123.4 2374.3 0 0 0 0 0 0 0 0 0
4.3 -79.5 2488.7 0 0 0 0 0 0 0 0 0
-499.3 -770.8 2526.3 0 0 0 0 0 0 0 0 0
-408.3 -812.5 2653.0 0 0 0 0 0 0 0 0 0
-394.1 488.4 2478.3 6 0.6648230553 0.0650733113 -0.7441611290 0.2126419544 0.9384980202 0.2720384598 0.7160961628 -0.3390973210 0.6100977659
-407.3 297.5 2547.2 0.6648230553 0.0650733113 -0.7441611290 0.2126419544 0.9384980202 0.2720384598 0.7160961628 -0.3390973210 0.6100977659
-418.9 113.0 2611.9 0.6646300554 0.0592818074 -0.7448171377 0.2097239047 0.9419711232 0.2621187866 0.7171350718 -0.3304179907 0.6136295199
-502.0 267.6 2445.0 -0.4348115921 0.2088636458 -0.8759651184 0.8710583448 0.3443338275 -0.3502736092 0.2284649909 -0.9153197408 -0.3316527605
-385.9 34.9 2384.0 -0.8196386695 0.2088636458 -0.5334495902 0.5721853971 0.3443338275 -0.7443373203 0.0282197278 -0.9153197408 -0.4017380476
-312.6 327.4 2649.4 0.8532809615 0.3928842545 0.3428607881 -0.5212551355 0.6246196032 0.5815010071 0.0143050337 -0.6749017239 0.7377689481
-70.6 179.6 2653.5 0.2248648405 0.3928842545 0.8916713595 -0.7768927217 0.6246196032 -0.0792975426 -0.5881101489 -0.6749017239 0.4456838965
-493.1 -91.4 2610.6 -0.5076159239 0.1621038020 0.8461964726 0.1345105916 0.9850084782 -0.1080055311 -0.8510187864 0.0589970574 -0.5218106508
-556.6 -477.2 2587.5 -0.4980887175 -0.1880928427 0.8464801908 0.0821294934 0.9615687132 0.2619930804 -0.8632279038 0.2000167966 -0.4634985626
-373.2 -54.1 2740.7 -0.8515415192 -0.0379015990 -0.5229154229 -0.0622461997 0.9976378083 0.0290547069 0.5205789804 0.0572907850 -0.8518892527
-358.4 -444.9 2718.3 -0.8430172801 0.1387719959 -0.5196769834 0.0173445847 0.9726570845 0.2315972894 0.5376067162 0.1862269491 -0.8223737478
-158.9 -123.5 2376.2 0 0 0 0 0 0 0 0 0
-7.1 -39.7 2487.5 0 0 0 0 0 0 0 0 0
-499.1 -771.3 2526.4 0 0 0 0 0 0 0 0 0
-410.6 -811.2 2648.1 0 0 0 0 0 0 0 0 0
-392.7 490.3 2477.8 7 0.6448619366 0.0719206780 -0.7609076500 0.2197247744 0.9360899925 0.2746934891 0.7320342064 -0.3443296254 0.5878461003
-407.3 299.6 2547.9 0.6448619366 0.0719206780 -0.7609076500 0.2197247744 0.9360899925 0.2746934891 0.7320342064 -0.3443296254 0.5878461003
-420.0 115.5 2613.5 0.6446421146 0.0648439899 -0.7617294788 0.2167089880 0.9400250912 0.2634199262 0.7331260443 -0.3348852098 0.5919274688
-499.2 268.7 2443.5 -0.4154328406 0.1552199423 -0.8962824941 0.8856555820 0.2937237024 -0.3596395552 0.2074361742 -0.9432036877 -0.2594938874
-388.3 32.3 2388.1 -0.8253496289 0.1552199423 -0.5428671241 0.5632335544 0.2937237024 -0.7723304629 0.0395718403 -0.9432036877 -0.3298498392
-315.5 330.5 2652.4 0.8605884910 0.4519264400 0.2348401397 -0.5014905334 0.6714863181 0.5455395579 0.0888518095 -0.5872551799 0.8045102358
-85.5 196.5 2676.1 0.2837062478 0.4519264400 0.8457382917 -0.7323270440 0.6714863181 -0.1131516248 -0.6190378666 -0.5872551799 0.5214627981
-490.6 -90.5 2611.8 -0.4825152457 0.1710421443 0.8590248227 0.1438876092 0.9829026461 -0.1148858666 -0.8639880419 0.0681688339 -0.4988763630
-557.6 -475.4 2585.1 -0.4708017409 -0.1918556839 0.8611254692 0.0800581649 0.9627505541 0.2582674623 -0.8785991073 0.1905328929 -0.4379050136
-370.4 -52.6 2741.5 -0.8649111986 -0.0352538787 -0.5006853342 -0.0602752231 0.9976066351 0.0338799879 0.4982926250 0.0594821014 -0.8649660945
-356.6 -443.3 2718.2 -0.8536412716 0.1524737477 -0.4980444610 0.0418081693 0.9731666446 0.2262713313 0.5191807151 0.1723322272 -0.8371099234
-159.7 -123.7 2377.2 0 0 0 0 0 0 0 0 0
-5.6 -9.7 2501.8 0 0 0 0 0 0 0 0 0
-498.6 -771.3 2526.6 0 0 0 0 0 0 0 0 0
-414.1 -809.8 2653.3 0 0 0 0 0 0 0 0 0
-394.9 493.6 2479.0 8 0.6301730275 0.0660939962 -0.7736365795 0.2246398181 0.9382402897 0.2631390393 0.7432488799 -0.3396126926 0.5764063597
-408.4 302.1 2548.4 0.6301730275 0.0660939962 -0.7736365795 0.2246398181 0.9382402897 0.2631390393 0.7432488799 -0.3396126926 0.5764063597
-420.5 117.5 2612.9 0.6297957301 0.0620320961 -0.7742798924 0.2191030383 0.9421418309 0.2536979020 0.7452188730 -0.3294249475 0.5797654986
-498.1 270.8 2442.2 -0.4175429046 0.1910571754 -0.8883439898 0.8822519183 0.3192142546 -0.3460257053 0.2174613625 -0.9282237887 -0.3018462062
-386.6 35.3 2384.1 -0.8185964823 0.1910571754 -0.5416612625 0.5736473799 0.3192142546 -0.7543414235 0.0287836641 -0.9282237887 -0.3709070981
-318.7 333.3 2654.5 0.8622958064 0.4719293416 0.1836536080 -0.4943745136 0.7059208155 0.5072175860 0.1097259521 -0.5281652808 0.8420223594
-92.6 203.7 2683.3 0.3054250181 0.4719293416 0.8270418644 -0.6928824186 0.7059208155 -0.1469346583 -0.6531687975 -0.5281652808 0.5425974131
-491.0 -88.2 2612.8 -0.4698831141 0.1859104931 0.8629294038 0.1370416582 0.9810814857 -0.1367432773 -0.8720260859 0.0540039167 -0.4864710867
-563.8 -472.5 2591.7 -0.4603875577 -0.2095532864 0.8626301289 0.0914531276 0.9553723931 0.2808913291 -0.8829947114 0.2082090825 -0.4206772447
-374.5 -49.1 2745.3 -0.8730334044 -0.0453586280 -0.4855463505 -0.0664016902 0.9974485636 0.0262137577 0.4831185043 0.0551265851 -0.8738178015
-356.7 -439.8 2723.7 -0.8627566695 0.1465274990 -0.4839220643 0.0299383830 0.9702128768 0.2403968275 0.5047321916 0.1929161251 -0.8414444923
-160.1 -123.5 2376.2 0 0 0 0 0 0 0 0 0
-5.9 7.0 2497.8 0 0 0 0 0 0 0 0 0
-498.2 -771.5 2526.5 0 0 0 0 0 0 0 0 0
-411.9 -805.1 2651.1 0 0 0 0 0 0 0 0 0
-399.2 508.5 2487.1 9 0.6495950222 0.0587124527 -0.7580100298 0.1985124648 0.9493296742 0.2436513752 0.7339067459 -0.3087491393 0.6050246358
-411.3 313.7 2550.5 0.6495950222 0.0587124527 -0.7580100298 0.1985124648 0.9493296742 0.2436513752 0.7339067459 -0.3087491393 0.6050246358
-421.6 127.1 2608.9 0.6493603587 0.0522822514 -0.7586815953 0.1944902390 0.9530393481 0.2321412563 0.7351902723 -0.2982994914 0.6086975336
-503.8 285.9 2445.8 -0.4080609679 0.1218330041 -0.9047889113 0.8902801871 0.2726075351 -0.3648099601 0.2022063881 -0.9543803334 -0.2197060138
-387.9 33.0 2388.4 -0.8230380416 0.1218330041 -0.5547657609 0.5651819706 0.2726075351 -0.7786234617 0.0563713051 -0.9543803334 -0.2932242155
-318.8 341.4 2655.2 0.8483522534 0.4966010451 0.1835369319 -0.5202679634 0.7177485824 0.4627723098 0.0980798379 -0.4880823493 0.8672692776
-103.1 209.2 2680.1 0.3588689268 0.4966010451 0.7903167009 -0.6817913055 0.7177485824 -0.1414129287 -0.6374745369 -0.4880823493 0.5961559415
-489.6 -86.8 2610.1 -0.4971117377 0.1836366057 0.8480315208 0.1456155628 0.9811428189 -0.1271020323 -0.8553806543 0.0603026710 -0.5144779682
-561.5 -471.1 2586.4 -0.4821262658 -0.2048392743 0.8518187404 0.0681621730 0.9605655670 0.2695694864 -0.8734461665 0.1880283505 -0.4491516054
-375.8 -47.2 2744.7 -0.8607782722 -0.0439554490 -0.5070785284 -0.0602232665 0.9980612397 0.0157148242 0.5054046512 0.0440649055 -0.8617565632
-358.5 -438.1 2727.5 -0.8543991446 0.1278945953 -0.5036318302 0.0011189737 0.9696868658 0.2443484217 0.5196160078 0.2082075328 -0.8286427259
-160.1 -123.4 2372.8 0 0 0 0 0 0 0 0 0
-1.7 16.5 2499.9 0 0 0 0 0 0 0 0 0
-498.0 -768.7 2528.2 0 0 0 0 0 0 0 0 0
-406.7 -803.2 2649.1 0 0 0 0 0 0 0 0 0
-402.4 512.8 2491.2 0 0.6451141238 0.0480029993 -0.7625768781 0.1883581430 0.9572338462 0.2196009308 0.7405058742 -0.2853052318 0.6084833145
-412.2 317.0 2549.6 0.6451141238 0.0480029993 -0.7625768781 0.1883581430 0.9572338462 0.2196009308 0.7405058742 -0.2853052318 0.6084833145
-420.4 129.0 2603.5 0.6449537277 0.0415727869 -0.7630900145 0.1849244684 0.9603554010 0.2086154521 0.7415103912 -0.2756613195 0.6116969585
-504.1 290.6 2444.0 -0.4085656404 0.1708341092 -0.8965990543 0.8888915777 0.2975096107 -0.3483672738 0.2072338015 -0.9393102527 -0.2734052241
-387.8 37.5 2385.0 -0.8157334924 0.1708341092 -0.5526251793 0.5773968697 0.2975096107 -0.7603294253 0.0345210880 -0.9393102527 -0.3413276374
-320.3 343.3 2655.2 0.8318704963 0.5229918361 0.1856636256 -0.5490176082 0.7266634107 0.4129648209 0.0810622722 -0.4454658329 0.8916215897
-108.3 203.4 2675.9 0.3986822963 0.5229918361 0.7533471584 -0.6705010533 0.7266634107 -0.1496284306 -0.6256842613 -0.4454658329 0.6403744221
-490.6 -77.0 2600.8 -0.5027735829 0.1774138212 0.8460159898 0.1243990138 0.9833738804 -0.1322901398 -0.8554201126 0.0387315676 -0.5164845586
-560.1 -462.1 2585.7 -0.4915654659 -0.1945132613 0.8488392234 0.0642044395 0.9639875889 0.2580807507 -0.8684706092 0.1813628227 -0.4613744020
-373.2 -41.8 2733.6 -0.8627372980 -0.0376729444 -0.5042470098 -0.0532278456 0.9984464645 0.0164745227 0.5028430223 0.0410531685 -0.8634023070
-358.5 -432.9 2717.5 -0.8558763862 0.1252400428 -0.5017873049 0.0181656238 0.9769176245 0.2128425092 0.5168612599 0.1730515957 -0.8383958340
-160.3 -123.5 2375.3 0 0 0 0 0 0 0 0 0
6.5 10.4 2495.7 0 0 0 0 0 0 0 0 0
-498.2 -768.8 2528.0 0 0 0 0 0 0 0 0 0
-405.6 -800.6 2652.4 0 0 0 0 0 0 0 0 0
-397.2 506.8 2485.2 1 0.6139912009 0.0642053857 -0.7866971493 0.2016094774 0.9508682489 0.2349535674 0.7631306648 -0.3028650284 0.5708803535
-410.3 312.6 2547.1 0.6139912009 0.0642053857 -0.7866971493 0.2016094774 0.9508682489 0.2349535674 0.7631306648 -0.3028650284 0.5708803535
-421.5 125.7 2604.3 0.6137520075 0.0564591773 -0.7874774933 0.1978318095 0.9546193480 0.2226307243 0.7643108368 -0.2924281657 0.5747301579
-497.7 284.4 2438.3 -0.4010825455 0.1775045544 -0.8986795545 0.8922144175 0.2979994714 -0.3393371701 0.2075721323 -0.9379171133 -0.2778944969
-388.1 40.5 2381.6 -0.8113461733 0.1775045544 -0.5569645762 0.5836947560 0.2979994714 -0.7553123832 0.0319037624 -0.9379171133 -0.3453891873
-322.9 340.9 2655.9 0.8334202766 0.5189110637 0.1901103854 -0.5493892431 0.7406968474 0.3867035806 0.0598506033 -0.4267311990 0.9023959041
-112.1 201.9 2671.0 0.4494812787 0.5189110637 0.7271161675 -0.6610416770 0.7406968474 -0.1199669465 -0.6008248329 -0.4267311990 0.6759511828
-486.8 -75.7 2590.5 -0.4682895243 0.1813672334 0.8647605777 0.0954069570 0.9833633900 -0.1545766741 -0.8784090281 0.0101175336 -0.4778024554
-557.8 -460.7 2586.5 -0.4652794898 -0.1851132810 0.8655911684 0.0793883577 0.9652202129 0.2490931898 -0.8815965652 0.1846158057 -0.4344013333
-370.2 -42.3 2724.5 -0.8832963705 -0.0337038152 -0.4676019847 -0.0425005928 0.9990621805 0.0082728742 0.4668846428 0.0271807611 -0.8839004040
-357.0 -433.6 2713.8 -0.8742473125 0.1386712790 -0.4652546346 0.0476806164 0.9782302380 0.2019706666 0.4831336737 0.1543886960 -0.8618271351
-160.3 -123.4 2372.6 0 0 0 0 0 0 0 0 0
17.2 11.8 2498.2 0 0 0 0 0 0 0 0 0
-498.4 -770.5 2527.3 0 0 0 0 0 0 0 0 0
-409.2 -801.8 2655.7 0 0 0 0 0 0 0 0 0
-393.8 500.6 2482.3 2 0.5910378695 0.0761329904 -0.8030430079 0.2131175995 0.9454236031 0.2464855462 0.7779814601 -0.3168248832 0.5425558686
-409.4 307.7 2546.9 0.5910378695 0.0761329904 -0.8030430079 0.2131175995 0.9454236031 0.2464855462 0.7779814601 -0.3168248832 0.5425558686
-422.8 121.7 2606.7 0.5906827450 0.0683214515 -0.8040062785 0.2084590197 0.9496629834 0.2338483036 0.7795118690 -0.3057325184 0.5467073321
-493.5 277.9 2436.0 -0.3980411887 0.1582563668 -0.9036139250 0.8938162923 0.2886643708 -0.3431694806 0.2065324038 -0.9442604780 -0.2563524246
-388.4 41.8 2381.4 -0.8094225526 0.1582563668 -0.5654998422 0.5856229663 0.2886643708 -0.7574421763 0.0433696210 -0.9442604780 -0.3263300061
-325.2 337.4 2657.9 0.8360757232 0.5016630888 0.2220619619 -0.5483437777 0.7514441609 0.3669478893 0.0172170307 -0.4285625219 0.9033480883
-116.2 200.3 2662.2 0.4857634306 0.5016630888 0.7157989144 -0.6546322703 0.7514441609 -0.0823909715 -0.5792154074 -0.4285625219 0.6934289336
-488.0 -79.0 2592.5 -0.4378169775 0.1641319096 0.8839552999 0.0999408886 0.9859863520 -0.1335768849 -0.8934921026 0.0298610572 -0.4480850399
-552.3 -465.0 2580.8 -0.4343914092 -0.1719469577 0.8841596842 0.0801136270 0.9703437090 0.2280677706 -0.8971543312 0.1699039191 -0.4077336788
-377.2 -43.2 2730.4 -0.8956540227 -0.0548519827 -0.4413560331 -0.0707289353 0.9973032475 0.0195864495 0.4390914440 0.0487593226 -0.8971182704
-355.7 -433.7 2711.4 -0.8843697906 0.1440239102 -0.4440126121 0.0593481660 0.9781835675 0.1990846545 0.4629987776 0.1497131288 -0.8736235499
-160.1 -123.3 2369.2 0 0 0 0 0 0 0 0 0
22.3 13.7 2497.1 0 0 0 0 0 0 0 0 0
-497.9 -772.0 2527.0 0 0 0 0 0 0 0 0 0
-409.9 -802.0 2655.0 0 0 0 0 0 0 0 0 0
-389.7 496.2 2482.8 3 0.5751591921 0.0846021548 -0.8136549592 0.2218777537 0.9412195683 0.2547077537 0.7873767614 -0.3270294368 0.5225797296
-406.9 305.1 2549.2 0.5751591921 0.0846021548 -0.8136549592 0.2218777537 0.9412195683 0.2547077537 0.7873767614 -0.3270294368 0.5225797296
-421.2 119.6 2610.1 0.5746126771 0.0730034113 -0.8151630759 0.2153286040 0.9474371672 0.2366356999 0.7895909548 -0.3115018010 0.5286896229
-488.7 274.4 2436.7 -0.3867532909 0.1788814813 -0.9046674967 0.8972303271 0.2996538877 -0.3243227303 0.2130718082 -0.9371280670 -0.2763900161
-388.7 42.3 2381.6 -0.8088896871 0.1788814813 -0.5600883365 0.5870167017 0.2996538877 -0.7520763874 0.0333001092 -0.9371280670 -0.3473933637
-325.0 335.8 2661.6 0.8337906003 0.4905342162 0.2533169091 -0.5504604578 0.7737931013 0.3134286404 -0.0422673970 -0.4007748067 0.9152010679
-118.0 199.2 2651.1 0.5056713223 0.4905342162 0.7096990347 -0.6273151040 0.7737931013 -0.0878636464 -0.5922603607 -0.4007748067 0.6990044713
-489.6 -83.1 2596.1 -0.4206548929 0.1660982370 0.8918861151 0.0882664472 0.9859261513 -0.1419810057 -0.9029166698 0.0189986136 -0.4293955863
-554.7 -469.1 2588.7 -0.4239735603 -0.1820054203 0.8871980906 0.1054847687 0.9630085826 0.2479666471 -0.8995106220 0.1987171918 -0.3890913725
-382.9 -45.3 2736.9 -0.9030240774 -0.0694930330 -0.4239318371 -0.0869583786 0.9959697127 0.0219670907 0.4206967056 0.0567012355 -0.9054276347
-355.7 -435.3 2714.7 -0.8916785121 0.1435797811 -0.4292950332 0.0514865406 0.9743781090 0.2189439386 0.4497315884 0.1731247008 -0.8762244582
-160.3 -123.4 2372.2 0 0 0 0 0 0 0 0 0
24.6 22.2 2484.1 0 0 0 0 0 0 0 0 0
-497.3 -772.7 2526.0 0 0 0 0 0 0 0 0 0
-409.8 -802.2 2649.5 0 0 0 0 0 0 0 0 0
-389.2 498.1 2489.0 4 0.5773212314 0.0820567608 -0.8123834729 0.2084912807 0.9471414685 0.2438328862 0.7894501686 -0.3101447821 0.5296967626
-405.9 306.0 2551.9 0.5773212314 0.0820567608 -0.8123834729 0.2084912807 0.9471414685 0.2438328862 0.7894501686 -0.3101447821 0.5296967626
-420.0 119.5 2609.8 0.5768079162 0.0721580237 -0.8136865497 0.2021684200 0.9524934292 0.2277810574 0.7914673090 -0.2958876491 0.5348176956
-488.1 277.2 2439.2 -0.3810967505 0.1908929497 -0.9046132565 0.8982457519 0.3081214726 -0.3133939207 0.2189060897 -0.9319984317 -0.2888928652
-388.3 42.2 2381.9 -0.8085364103 0.1908929497 -0.5566226244 0.5877456069 0.3081214726 -0.7480750680 0.0287051369 -0.9319984317 -0.3613239229
-323.7 334.9 2664.7 0.8298600316 0.4631208181 0.3112095892 -0.5512052178 0.7670354247 0.3283739388 -0.0866319910 -0.4440447688 0.8918066621
-119.3 199.1 2643.3 0.4997760653 0.4631208181 0.7319446802 -0.6397701502 0.7670354247 -0.0484848879 -0.5838818550 -0.4440447688 0.6796368361
-487.5 -85.4 2599.8 -0.4224906564 0.1706748307 0.8901526332 0.1071844846 0.9846271276 -0.1379163712 -0.9000073075 0.0371421799 -0.4342894554
-554.3 -471.0 2585.2 -0.4207454622 -0.1820867956 0.8887168765 0.0978371352 0.9648274183 0.2439999431 -0.9018875360 0.1896113753 -0.3881319165
-383.6 -46.5 2742.4 -0.9022469521 -0.0662355423 -0.4261023998 -0.0882026479 0.9955882430 0.0320046209 0.4221026897 0.0664594322 -0.9041086435
-357.7 -436.4 2716.4 -0.8922101855 0.1344434172 -0.4311449528 0.0493993014 0.9779862761 0.2027375400 0.4489105642 0.1595862359 -0.8792107701
-160.4 -123.5 2373.8 0 0 0 0 0 0 0 0 0
21.4 19.1 2479.0 0 0 0 0 0 0 0 0 0
-497.6 -771.3 2526.2 0 0 0 0 0 0 0 0 0
-408.3 -804.6 2656.3 0 0 0 0 0 0 0 0 0
-390.7 498.9 2492.6 5 0.5875390172 0.0796260759 -0.8052686453 0.1964421570 0.9513425827 0.2373979390 0.7849894166 -0.2976692617 0.5433089733
-406.9 306.1 2553.0 0.5875390172 0.0796260759 -0.8052686453 0.1964421570 0.9513425827 0.2373979390 0.7849894166 -0.2976692617 0.5433089733
-420.8 118.8 2608.7 0.5870727897 0.0708124042 -0.8064311147 0.1905307621 0.9560968280 0.2226587534 0.7867932320 -0.2843668163 0.5478065014
-490.5 278.9 2440.9 -0.3982643485 0.1234641597 -0.9089235663 0.8957909346 0.2655341029 -0.3564410210 0.1973425150 -0.9561632872 -0.2163508534
-386.2 44.4 2389.2 -0.8012740612 0.1234641597 -0.5854198933 0.5950972438 0.2655341029 -0.7585188746 0.0617990419 -0.9561632872 -0.2862387598
-323.2 333.2 2665.1 0.8311131597 0.4616705477 0.3100181520 -0.5499776602 0.7648978829 0.3353443444 -0.0823136270 -0.4492121339 0.8896251321
-122.4 200.3 2645.2 0.4960805774 0.4616705477 0.7353668213 -0.6424482465 0.7648978829 -0.0468129814 -0.5840926766 -0.4492121339 0.6760504246
-486.3 -85.3 2596.2 -0.4361359179 0.1709030122 0.8835030198 0.1039754748 0.9847948551 -0.1391698122 -0.8938537836 0.0311656930 -0.4472741187
-553.3 -471.0 2584.0 -0.4338698983 -0.1796482801 0.8828836083 0.0916060656 0.9660454988 0.2415873706 -0.8963064551 0.1856949776 -0.4026811719
-382.1 -48.7 2739.3 -0.8980609179 -0.0627256483 -0.4353758395 -0.0772797540 0.9968845248 0.0157833602 0.4330294132 0.0478201546 -0.9001104236
-357.5 -439.1 2720.5 -0.8872956038 0.1405316442 -0.4392691553 0.0511780009 0.9765653014 0.2090479434 0.4583528638 0.1630063951 -0.8736941814
-160.3 -123.4 2371.8 0 0 0 0 0 0 0 0 0
17.0 19.8 2481.0 0 0 0 0 0 0 0 0 0
-497.4 -771.3 2526.3 0 0 0 0 0 0 0 0 0
-410.4 -806.8 2659.1 0 0 0 0 0 0 0 0 0
-395.0 500.1 2503.0 6 0.5997793078 0.0621405803 -0.7977489233 0.1729353666 0.9633503556 0.2050597668 0.7812541723 -0.2609496117 0.5670512915
-407.6 305.1 2555.8 0.5997793078 0.0621405803 -0.7977489233 0.1729353666 0.9633503556 0.2050597668 0.7812541723 -0.2609496117 0.5670512915
-419.1 116.0 2604.9 0.5994347930 0.0582558736 -0.7983008027 0.1674140543 0.9661636949 0.1962149143 0.7827199101 -0.2512648404 0.5693992972
-493.0 281.2 2444.3 -0.3950085342 0.1599972397 -0.9046375751 0.8918958306 0.3028236330 -0.3358864486 0.2202047259 -0.9395204782 -0.2623187900
-388.0 44.2 2385.8 -0.8040996194 0.1599972397 -0.5725597739 0.5920469165 0.3028236330 -0.7468456030 0.0538913980 -0.9395204782 -0.3382262290
-322.1 329.0 2667.2 0.8318518400 0.4090286791 0.3751240373 -0.5390350819 0.7563736439 0.3705942035 -0.1321502775 -0.5104844570 0.8496716619
-116.9 196.0 2634.6 0.4861615896 0.4090286791 0.7722321153 -0.6540451646 0.7563736439 0.0111275911 -0.5795445442 -0.5104844570 0.6352430582
-487.7 -85.6 2593.2 -0.4600686431 0.1806798279 0.8693052530 0.0900728405 0.9835225344 -0.1567492932 -0.8833027482 0.0061853626 -0.4687622190
-558.5 -470.7 2590.8 -0.4613183737 -0.1955342591 0.8654199839 0.0961563364 0.9586488008 0.2678553462 -0.8820086718 0.2067822069 -0.4234404564
-381.6 -51.2 2735.4 -0.8908749223 -0.0640157238 -0.4497153163 -0.0812288895 0.9965131879 0.0190615542 0.4469270110 0.0535113402 -0.8929685354
-356.5 -441.5 2714.5 -0.8792108893 0.1453441828 -0.4537215829 0.0549249388 0.9769024253 0.2065065503 0.4732562304 0.1566421837 -0.8668862581
-160.6 -123.3 2370.6 0 0 0 0 0 0 0 0 0
19.5 12.4 2472.0 0 0 0 0 0 0 0 0 0
-497.1 -771.7 2525.9 0 0 0 0 0 0 0 0 0
-411.3 -809.4 2655.5 0 0 0 0 0 0 0 0 0
-395.1 497.6 2507.1 7 0.6030421853 0.0631844997 -0.7952030301 0.1621262133 0.9663448930 0.1997313350 0.7810603380 -0.2493696809 0.5725028515
-407.8 302.7 2557.4 0.6030421853 0.0631844997 -0.7952030301 0.1621262133 0.9663448930 0.1997313350 0.7810603380 -0.2493696809 0.5725028515
-419.1 113.1 2604.5 0.6028318405 0.0573524833 -0.7958042622 0.1587494016 0.9688492417 0.1900782734 0.7819158435 -0.2409186959 0.5749484897
-493.7 280.1 2446.0 -0.3948476017 0.2050498277 -0.8955724239 0.8886211514 0.3328050375 -0.3155839741 0.2333405763 -0.9204321504 -0.3136188686
-388.8 43.9 2384.0 -0.8056729436 0.2050498277 -0.5557388067 0.5913645029 0.3328050375 -0.7345262766 0.0343381986 -0.9204321504 -0.3893912137
-321.9 325.4 2668.8 0.8311351538 0.3330335021 0.4453123510 -0.5250033140 0.7338880897 0.4310218394 -0.1832647026 -0.5920278430 0.7848038673
-113.2 193.5 2622.8 0.4830787480 0.3330335021 0.8097676039 -0.6720071435 0.7338880897 0.0990692079 -0.5612854362 -0.5920278430 0.5783266425
-484.7 -88.2 2583.4 -0.4675906599 0.1802444309 0.8653732538 0.0794431642 0.9835970998 -0.1619428694 -0.8803679347 -0.0069749802 -0.4742400348
-555.3 -473.4 2586.1 -0.4693865180 -0.1860421151 0.8631712794 0.0886294320 0.9626883268 0.2556874156 -0.8785334826 0.1965186000 -0.4353840947
-376.3 -57.9 2724.8 -0.8906419873 -0.0475696139 -0.4522100687 -0.0557599030 0.9984326959 0.0047921375 0.4512733519 0.0294832680 -0.8918985724
-357.7 -448.9 2713.2 -0.8797938228 0.1474381238 -0.4519124329 0.0511436909 0.9745239615 0.2183743715 0.4725961983 0.1690119505 -0.8649206758
-160.7 -123.5 2374.3 0 0 0 0 0 0 0 0 0
22.0 5.4 2465.7 0 0 0 0 0 0 0 0 0
-497.9 -770.7 2525.4 0 0 0 0 0 0 0 0 0
-413.2 -815.9 2649.6 0 0 0 0 0 0 0 0 0
-395.4 491.9 2506.2 8 0.6075037718 0.0651799366 -0.7916380167 0.1582350880 0.9667215347 0.2010252774 0.7783963084 -0.2473885268 0.5769731998
-408.5 297.3 2556.0 0.6075037718 0.0651799366 -0.7916380167 0.1582350880 0.9667215347 0.2010252774 0.7783963084 -0.2473885268 0.5769731998
-419.8 107.5 2602.9 0.6073757410 0.0576919504 -0.7923170924 0.1562181115 0.9692119360 0.1903263479 0.7789034843 -0.2393738776 0.5796632767
-495.1 275.1 2445.0 -0.4065554142 0.2196561545 -0.8868280053 0.8805236816 0.3531212807 -0.3162015676 0.2437022030 -0.9094265103 -0.3369758129
-388.4 44.0 2381.0 -0.8056527972 0.2196561545 -0.5501587987 0.5913516879 0.3531212807 -0.7249886394 0.0350245722 -0.9094265103 -0.4143871963
-321.9 319.6 2667.0 0.8378931880 0.2922934890 0.4609767199 -0.5078399777 0.7270359397 0.4620792866 -0.2000838816 -0.6212754846 0.7576168180
-109.2 190.7 2616.2 0.4800635874 0.2922934890 0.8271054626 -0.6734108329 0.7270359397 0.1339274645 -0.5621892810 -0.6212754846 0.5458570719
-484.9 -91.0 2581.1 -0.4730212986 0.1773731560 0.8630119562 0.0778068751 0.9841082096 -0.1596154720 -0.8776086569 -0.0083532557 -0.4793049991
-554.3 -476.4 2584.3 -0.4739810526 -0.1850683242 0.8608668447 0.0827742592 0.9639692903 0.2528075278 -0.8766358495 0.1910835952 -0.4415842891
-375.9 -62.3 2722.3 -0.8889253736 -0.0413366631 -0.4561829865 -0.0396479145 0.9991254807 -0.0132764159 0.4563328624 0.0062849619 -0.8897869587
-359.7 -453.4 2719.9 -0.8816458583 0.1359992325 -0.4518902004 0.0273539647 0.9706913829 0.2387676686 0.4711181521 0.1981475353 -0.8595261574
-160.4 -123.4 2371.1 0 0 0 0 0 0 0 0 0
24.3 3.4 2459.8 0 0 0 0 0 0 0 0 0
-497.7 -771.6 2525.8 0 0 0 0 0 0 0 0 0
-410.9 -818.8 2645.3 0 0 0 0 0 0 0 0 0
-395.3 494.0 2509.2 9 0.6243290305 0.0658874884 -0.7783778906 0.1525208354 0.9669772387 0.2041873038 0.7661270499 -0.2461989075 0.5936627388
-408.6 298.9 2558.9 0.6243290305 0.0658874884 -0.7783778906 0.1525208354 0.9669772387 0.2041873038 0.7661270499 -0.2461989075 0.5936627388
-420.2 109.0 2605.3 0.6240987778 0.0594723523 -0.7790787816 0.1489641517 0.9697535634 0.1933589727 0.7670139074 -0.2367299050 0.5963627696
-497.5 277.7 2449.6 -0.4081783295 0.2142966837 -0.8873935938 0.8795018792 0.3528431356 -0.3193402588 0.2446771711 -0.9108120799 -0.3324972391
-388.9 43.7 2384.5 -0.8061742187 0.2142966837 -0.5515071154 0.5903891325 0.3528431356 -0.7259079814 0.0390358195 -0.9108120799 -0.4109714627
-319.6 320.2 2668.2 0.8245924711 0.2784304917 0.4924669862 -0.5143803954 0.7313709855 0.4477826953 -0.2354996949 -0.6225535870 0.7463021874
-105.4 186.5 2607.0 0.4700675309 0.2930700779 0.8325541615 -0.6898236871 0.7104301453 0.1393998265 -0.5506176353 -0.6398429275 0.5361168385
-486.0 -96.4 2579.3 -0.4909863770 0.1750328690 0.8534024954 0.0800726265 0.9845285416 -0.1558587849 -0.8674795628 -0.0081903664 -0.4974054396
-554.6 -482.0 2582.5 -0.4908356667 -0.1907083839 0.8501238823 0.0793116242 0.9619178772 0.2615792453 -0.8676347136 0.1958171278 -0.4570181966
-376.2 -68.1 2720.1 -0.8799250722 -0.0388876833 -0.4735183418 -0.0304706469 0.9992119074 -0.0254375562 0.4741343558 -0.0079547344 -0.8804165721
-361.0 -459.4 2723.2 -0.8744905591 0.1344696432 -0.4660301805 0.0158965532 0.9682322145 0.2495470196 0.4847819209 0.2108182460 -0.8488475680
-160.5 -123.5 2373.5 0 0 0 0 0 0 0 0 0
23.2 -2.2 2456.3 0 0 0 0 0 0 0 0 0
-496.8 -773.4 2523.2 0 0 0 0 0 0 0 0 0
-411.6 -824.0 2643.9 0 0 0 0 0 0 0 0 0
-394.3 502.4 2518.8 0 0.6382761002 0.0614588782 -0.7673502564 0.1308020651 0.9736545086 0.1867824197 0.7586135268 -0.2195897549 0.6134214401
-406.7 305.9 2563.1 0.6382761002 0.0614588782 -0.7673502564 0.1308020651 0.9736545086 0.1867824197 0.7586135268 -0.2195897549 0.6134214401
-417.6 114.9 2604.4 0.6381027102 0.0554133318 -0.7679546475 0.1279096603 0.9759179354 0.1767010093 0.7592523098 -0.2109822035 0.6156479716
-497.6 287.7 2454.9 -0.3927730620 0.2225734740 -0.8922950029 0.8856793046 0.3527742028 -0.3018651605 0.2475914806 -0.9088516831 -0.3356889188
-389.4 43.5 2386.7 -0.8067951798 0.2225734740 -0.5473048091 0.5899947286 0.3527742028 -0.7262620330 0.0314283557 -0.9088516831 -0.4159336984
-315.8 324.2 2671.2 0.8183740973 0.1523104310 0.5541347861 -0.5164255500 0.6179415584 0.5928346515 -0.2521280050 -0.7713298798 0.5843643546
