146.2 474.6 2593.9 1 0.4664903879 0.3042301834 -0.8305605054 0.0072746291 0.9376377463 0.3475379050 0.8844963312 -0.1681651026 0.4351858199
85.8 288.4 2627.3 0.4664903879 0.3042301834 -0.8305605054 0.0072746291 0.9376377463 0.3475379050 0.8844963312 -0.1681651026 0.4351858199
26.6 102.0 2662.8 0.4702476859 0.2978136539 -0.8307672143 0.0189785026 0.9377123117 0.3468939662 0.8823304176 -0.1788928062 0.4353049994
19.6 285.7 2503.2 -0.4327874482 0.0698964968 -0.8987822533 0.8953577280 0.1494739056 -0.4195141792 0.1050219238 -0.9862920642 -0.1272727996
135.0 47.0 2475.2 -0.9388589859 0.0698964968 -0.3371325135 0.3440006673 0.1494739056 -0.9269957542 -0.0144012365 -0.9862920642 -0.1643793583
151.9 291.1 2751.3 0.4663021564 0.8834329247 -0.0459196866 -0.8291022778 0.4545460641 0.3255414665 0.3084666431 -0.1137285605 0.9444120526
295.9 35.0 2846.6 -0.0721460357 0.8834329247 0.4629700482 -0.1078673825 0.4545460641 -0.8841676712 -0.9915440083 -0.1137285605 0.0624998920
-76.6 -85.0 2621.9 0.7921386361 0.0626041442 -0.6071220040 -0.1081876159 0.9933760166 -0.0387239009 0.6006761789 0.0963577777 0.7936645150
-101.4 -479.9 2583.6 0.8035701513 0.0732589886 -0.5906844735 -0.0083606420 0.9936879873 0.1118672043 0.5951513648 -0.0849546418 0.7991104722
13.2 -79.2 2781.6 0.7358137369 -0.1773687005 -0.6535430551 0.0223430097 0.9709226489 -0.2383484840 0.6768153310 0.1607779711 0.7183811665
83.7 -465.0 2717.7 0.7358137369 0.2115635127 -0.6432876587 0.0223430097 0.9418433309 0.3353087306 0.6768153310 -0.2610977590 0.6882942915
376.5 -41.4 2478.9 0 0 0 0 0 0 0 0 0
272.7 0.4 2528.1 0 0 0 0 0 0 0 0 0
-122.0 -758.5 2607.4 0 0 0 0 0 0 0 0 0
24.1 -730.3 2791.3 0 0 0 0 0 0 0 0 0
153.4 474.4 2597.3 2 0.4824465215 0.3246386051 -0.8135448098 -0.0212126132 0.9328410029 0.3596633375 0.8756685257 -0.1562609226 0.4569323063
89.0 289.3 2628.3 0.4824465215 0.3246386051 -0.8135448098 -0.0212126132 0.9328410029 0.3596633375 0.8756685257 -0.1562609226 0.4569323063
27.5 103.1 2660.5 0.4863480628 0.3094090223 -0.8171485066 -0.0097064059 0.9370592237 0.3490355611 0.8737112284 -0.1618211865 0.4587401748
20.6 290.7 2505.5 -0.3867331743 0.1006735116 -0.9166800380 0.9157976508 0.1587772369 -0.3689233363 0.1084071174 -0.9821683168 -0.1536009908
125.5 42.2 2476.1 -0.9518798590 0.1006735116 -0.2894643247 0.3025849164 0.1587772369 -0.9398043156 -0.0486530513 -0.9821683168 -0.1815991402
157.4 288.0 2751.2 0.4585223496 0.8883613348 -0.0239027292 -0.8434274197 0.4434888065 0.3032290637 0.2799775600 -0.1188770831 0.9526178837
298.9 27.5 2837.6 -0.0916158482 0.8883613348 0.4499118030 -0.0824875832 0.4434888065 -0.8924760222 -0.9923720956 -0.1188770831 0.0326481797
-75.7 -86.1 2617.5 0.8034811616 0.0564669855 -0.5926461816 -0.0994619802 0.9942323565 -0.0401158743 0.5869628191 0.0911781117 0.8044633269
-98.2 -481.4 2581.2 0.8142782450 0.0881799534 -0.5737379789 -0.0130651519 0.9909280539 0.1337567419 0.5803276896 -0.1014192402 0.8080432415
10.5 -82.6 2779.2 0.7044707537 -0.1899060309 -0.6838542223 0.0267631635 0.9699600935 -0.2417874932 0.7092282176 0.1520301253 0.6883910298
86.0 -468.1 2718.8 0.7044707537 0.2273697257 -0.6723272800 0.0267631635 0.9381120205 0.3452963233 0.7092282176 -0.2612447739 0.6547873616
371.3 -35.9 2488.7 0 0 0 0 0 0 0 0 0
269.5 1.0 2518.9 0 0 0 0 0 0 0 0 0
-122.9 -759.7 2609.7 0 0 0 0 0 0 0 0 0
21.9 -732.4 2792.4 0 0 0 0 0 0 0 0 0
153.8 482.7 2590.6 3 0.4959768653 0.3208378553 -0.8068891168 -0.0130768837 0.9318907261 0.3625033200 0.8682372570 -0.1692416668 0.4663918018
90.0 297.3 2624.2 0.4959768653 0.3208378553 -0.8068891168 -0.0130768837 0.9318907261 0.3625033200 0.8682372570 -0.1692416668 0.4663918018
28.4 111.4 2658.3 0.4983012974 0.3098254204 -0.8097555637 -0.0061952998 0.9352184534 0.3540171087 0.8669818044 -0.1713905036 0.4679400027
19.9 298.2 2502.3 -0.3524713218 0.0924785882 -0.9312419891 0.9318526983 0.1262460351 -0.3401654065 0.0861075968 -0.9876789451 -0.1306745261
116.8 42.1 2478.6 -0.9469324350 0.0924785882 -0.3078419268 0.3178226054 0.1262460351 -0.9397078156 -0.0480390303 -0.9876789451 -0.1489382535
160.1 296.5 2746.2 0.4600248933 0.8878511786 -0.0098675834 -0.8431178927 0.4402782023 0.3087188601 0.2784408927 -0.1336988211 0.9511021376
302.2 36.0 2832.2 -0.1055924818 0.8878511786 0.4478509724 -0.0878559500 0.4402782023 -0.8935527205 -0.9905208349 -0.1336988211 0.0315129384
-78.6 -82.2 2612.6 0.8116698265 0.0554062352 -0.5814828277 -0.0904191434 0.9954097271 -0.0313656367 0.5770758390 0.0780357197 0.8129538298
-100.7 -478.0 2581.6 0.8208771348 0.0760152563 -0.5660233498 -0.0076198187 0.9924718738 0.1222353652 0.5710539818 -0.0960272178 0.8152766824
10.5 -84.0 2772.8 0.7008249164 -0.1934819967 -0.6865924001 0.0331343487 0.9703034759 -0.2396106869 0.7125633359 0.1451753527 0.6864237785
87.4 -469.7 2715.1 0.7008249164 0.2319694310 -0.6745625138 0.0331343487 0.9340416789 0.3556237817 0.7125633359 -0.2715812027 0.6469135284
362.1 -40.2 2491.1 0 0 0 0 0 0 0 0 0
268.2 7.8 2513.9 0 0 0 0 0 0 0 0 0
-122.0 -755.9 2608.5 0 0 0 0 0 0 0 0 0
23.3 -728.0 2790.2 0 0 0 0 0 0 0 0 0
159.3 481.3 2596.2 4 0.5597887635 0.3216013312 -0.7636812925 -0.0649929643 0.9358144999 0.3464493155 0.8260825872 -0.1443045288 0.5447602868
95.0 294.2 2625.0 0.5597887635 0.3216013312 -0.7636812925 -0.0649929643 0.9358144999 0.3464493155 0.8260825872 -0.1443045288 0.5447602868
34.0 107.3 2654.3 0.5634607077 0.3057620227 -0.7674773932 -0.0540101267 0.9406350255 0.3350950480 0.8243754506 -0.1473613381 0.5465251207
16.0 301.7 2509.5 -0.2754283547 0.1575860232 -0.9483174086 0.9526165724 0.1771952510 -0.2472317070 0.1290770769 -0.9714774489 -0.1989236623
92.0 38.6 2473.9 -0.9439800978 0.1575860232 -0.2899451256 0.3158787191 0.1771952510 -0.9321064949 -0.0955100507 -0.9714774489 -0.2170468718
174.0 286.7 2740.5 0.4694623351 0.8803752065 0.0674140677 -0.8602355123 0.4388410151 0.2596409321 0.1989973634 -0.1798836142 0.9633493423
318.5 21.8 2801.8 -0.1826022118 0.8803752065 0.4377167821 -0.0364127904 0.4388410151 -0.8978266716 -0.9825123549 -0.1798836142 -0.0480764173
-78.9 -73.9 2612.9 0.8552564383 0.0453836918 -0.5162138939 -0.0814818367 0.9955435395 -0.0474733859 0.5117588639 0.0826639757 0.8551429510
-96.9 -469.7 2580.0 0.8619630933 0.0884955823 -0.4991874397 -0.0231969487 0.9905002713 0.1355402321 0.5064399838 -0.1052510515 0.8558275104
12.5 -75.0 2771.9 0.7107863426 -0.1930798441 -0.6763896942 0.0298429690 0.9690011740 -0.2452471107 0.7027746439 0.1541328132 0.6945148706
89.2 -460.2 2710.6 0.7107863426 0.2302252948 -0.6646646857 0.0298429690 0.9341996908 0.3555001020 0.7027746439 -0.2725201845 0.6571457386
336.4 -43.1 2498.6 0 0 0 0 0 0 0 0 0
260.1 10.2 2487.3 0 0 0 0 0 0 0 0 0
-122.6 -756.5 2610.5 0 0 0 0 0 0 0 0 0
23.3 -727.7 2788.6 0 0 0 0 0 0 0 0 0
164.4 485.6 2617.0 5 0.6224505901 0.3088994622 -0.7191219926 -0.1348225474 0.9474029541 0.2902593911 0.7709592581 -0.0837182701 0.6313581467
102.6 296.1 2633.7 0.6224505901 0.3088994622 -0.7191219926 -0.1348225474 0.9474029541 0.2902593911 0.7709592581 -0.0837182701 0.6313581467
42.6 107.9 2653.6 0.6283189654 0.2991458774 -0.7181413770 -0.1165209115 0.9488875866 0.2933176160 0.7691801786 -0.1006185487 0.6310608387
14.7 312.2 2526.4 -0.2289553732 0.1746466011 -0.9576418996 0.9537034035 0.2373263240 -0.1847321987 0.1950107813 -0.9556018114 -0.2208982110
80.0 40.0 2470.8 -0.9386427999 0.1746466011 -0.2974025607 0.3332686722 0.2373263240 -0.9124736786 -0.0887789726 -0.9556018114 -0.2809688747
190.5 280.1 2741.0 0.4774250686 0.8660468459 0.1484188884 -0.8735837936 0.4496873021 0.1860985458 0.0944279656 -0.2185044438 0.9712564945
336.9 12.1 2770.0 -0.2628410757 0.8660468459 0.4252968729 0.0377426744 0.4496873021 -0.8923882842 -0.9641006589 -0.2185044438 -0.1508832127
-78.5 -74.7 2608.2 0.8960397243 0.0418459848 -0.4419974983 -0.0704791173 0.9963309765 -0.0485514812 0.4383441210 0.0746556446 0.8957014084
-95.1 -470.8 2578.6 0.8998952508 0.0922753587 -0.4262321293 -0.0352723971 0.9895569682 0.1397601366 0.4346773922 -0.1107352525 0.8937523365
24.5 -84.4 2758.8 0.6977078915 -0.1626772285 -0.6976674199 0.0336528756 0.9802433252 -0.1949114799 0.7155914903 0.1125127599 0.6893980503
89.1 -473.6 2714.1 0.6977078915 0.2372732908 -0.6759475470 0.0336528756 0.9316596389 0.3617704213 0.7155914903 -0.2751576304 0.6420413256
323.5 -46.5 2493.8 0 0 0 0 0 0 0 0 0
253.1 24.2 2462.6 0 0 0 0 0 0 0 0 0
-121.8 -756.9 2610.6 0 0 0 0 0 0 0 0 0
24.2 -728.6 2789.4 0 0 0 0 0 0 0 0 0
166.2 484.4 2626.9 6 0.6188659668 0.3077425957 -0.7227028608 -0.1522698551 0.9496070743 0.2739713788 0.7705963850 -0.0595056899 0.6345394254
104.5 294.1 2638.8 0.6188659668 0.3077425957 -0.7227028608 -0.1522698551 0.9496070743 0.2739713788 0.7705963850 -0.0595056899 0.6345394254
45.1 105.1 2653.8 0.6246836782 0.2973326743 -0.7220550776 -0.1339883208 0.9517706037 0.2760068774 0.7692967057 -0.0756700486 0.6343947053
16.8 312.8 2531.0 -0.1571774036 0.1870775372 -0.9696892500 0.9626383781 0.2482605875 -0.1081387922 0.2205052972 -0.9504570961 -0.2191089839
60.4 45.7 2469.9 -0.9196132421 0.1870775372 -0.3454178274 0.3844710588 0.2482605875 -0.8891280293 -0.0805822536 -0.9504570961 -0.3002296388
192.2 275.4 2746.6 0.4804497361 0.8654275537 0.1421377510 -0.8737738729 0.4584059715 0.1624288857 0.0754136443 -0.2022351772 0.9764290452
340.0 6.4 2769.8 -0.2577592134 0.8654275537 0.4296455383 0.0612187795 0.4584059715 -0.8866319656 -0.9642678499 -0.2022351772 -0.1711387783
-74.7 -69.9 2603.6 0.8943801522 0.0469095185 -0.4448410869 -0.0696670413 0.9969582558 -0.0349382944 0.4418490827 0.0622388832 0.8949277997
-93.3 -466.2 2578.8 0.8975311518 0.0971626341 -0.4301131070 -0.0413395986 0.9896663427 0.1373011172 0.4390089810 -0.1054513231 0.8922730088
40.0 -90.8 2743.5 0.6920782924 -0.1150538847 -0.7125940323 0.0309304241 0.9910352826 -0.1299704760 0.7211594582 0.0679089129 0.6894326806
85.6 -483.7 2716.5 0.6940076351 0.2350087464 -0.6805323362 0.0384906791 0.9317635894 0.3610194623 0.7189379930 -0.2767444253 0.6376054287
298.9 -54.0 2490.8 0 0 0 0 0 0 0 0 0
257.5 26.0 2461.1 0 0 0 0 0 0 0 0 0
-121.8 -756.9 2609.8 0 0 0 0 0 0 0 0 0
24.9 -724.4 2788.0 0 0 0 0 0 0 0 0 0
167.0 488.5 2622.3 7 0.6216169596 0.3093310297 -0.7196573615 -0.1511206776 0.9488239288 0.2773007154 0.7686058283 -0.0636197254 0.6365513802
104.9 297.8 2635.1 0.6216169596 0.3093310297 -0.7196573615 -0.1511206776 0.9488239288 0.2773007154 0.7686058283 -0.0636197254 0.6365513802
46.1 108.5 2649.2 0.6262230873 0.2951767743 -0.7216060758 -0.1366310418 0.9527845979 0.2711706161 0.7675783634 -0.0712195262 0.6369860172
16.9 316.9 2527.3 -0.1195905879 0.1647867262 -0.9790523052 0.9665535092 0.2446697950 -0.0768828914 0.2268752456 -0.9555009007 -0.1885353923
50.8 42.6 2462.9 -0.9111969471 0.1647867262 -0.3775783777 0.4086101055 0.2446697950 -0.8793033957 -0.0525154956 -0.9555009007 -0.2902759016
192.9 278.7 2742.9 0.4829847813 0.8638786077 0.1429667324 -0.8728119731 0.4618850648 0.1576750576 0.0701779053 -0.2009377182 0.9770870209
341.9 9.5 2764.5 -0.2592590451 0.8638786077 0.4318547547 0.0657107085 0.4618850648 -0.8845022917 -0.9635698795 -0.2009377182 -0.1765139550
-71.3 -71.6 2598.5 0.8955226541 0.0496653393 -0.4422357678 -0.0642188862 0.9977737069 -0.0179874692 0.4403578639 0.0445080772 0.8967184424
-91.1 -468.3 2580.8 0.8970483541 0.1057257727 -0.4290993810 -0.0507300496 0.9891781211 0.1376704574 0.4390110075 -0.1017288268 0.8927040696
43.0 -96.0 2739.0 0.6913389564 -0.1054740399 -0.7147906423 0.0451549292 0.9936610460 -0.1029505432 0.7211182117 0.0388973989 0.6917192340
84.8 -490.3 2723.6 0.6869993806 0.2348354757 -0.6876657605 0.0273434520 0.9373157024 0.3474070132 0.7261434197 -0.2574715614 0.6375140548
287.2 -63.4 2476.6 0 0 0 0 0 0 0 0 0
258.7 30.6 2455.4 0 0 0 0 0 0 0 0 0
-122.1 -758.6 2610.7 0 0 0 0 0 0 0 0 0
25.8 -726.0 2788.3 0 0 0 0 0 0 0 0 0
164.1 483.4 2620.6 8 0.6237655878 0.3240964115 -0.7112510204 -0.1697532684 0.9444332719 0.2814775407 0.7629550099 -0.0548388213 0.6441214085
99.3 294.6 2631.5 0.6237655878 0.3240964115 -0.7112510204 -0.1697532684 0.9444332719 0.2814775407 0.7629550099 -0.0548388213 0.6441214085
37.6 106.1 2643.6 0.6281453967 0.3101460934 -0.7136124969 -0.1566797793 0.9487572908 0.2744286060 0.7621580362 -0.0605724044 0.6445510983
11.0 316.6 2524.4 -0.1135408953 0.1209039614 -0.9861494303 0.9611536264 0.2647016048 -0.0782100260 0.2515794337 -0.9567211270 -0.1462617368
43.3 43.4 2452.9 -0.9039076567 0.1209039614 -0.4102842510 0.4277079403 0.2647016048 -0.8642910123 0.0041066916 -0.9567211270 -0.2909773886
187.6 272.6 2738.6 0.4694469571 0.8700283170 0.1505666524 -0.8811734915 0.4507906437 0.1425521672 0.0561503805 -0.1995960176 0.9782681465
332.5 0.6 2756.0 -0.2632490098 0.8700283170 0.4168341756 0.0824847296 0.4507906437 -0.8888104558 -0.9611952305 -0.1995960176 -0.1904342324
-70.1 -68.3 2593.1 0.8984208703 0.0496736355 -0.4363168776 -0.0560047999 0.9984291196 -0.0016508182 0.4355494678 0.0259189699 0.8997915387
-89.8 -465.2 2582.8 0.8979371786 0.1102574319 -0.4260893464 -0.0604285263 0.9898293614 0.1287875921 0.4359555244 -0.0898952186 0.8954672813
44.7 -93.2 2733.6 0.6921234131 -0.1125884131 -0.7129439116 0.0621820316 0.9933877587 -0.0965101272 0.7190957069 0.0224646162 0.6945478916
89.4 -487.8 2724.7 0.6820541620 0.2508763075 -0.6869229674 0.0225090235 0.9316686392 0.3626112044 0.7309551239 -0.2627824545 0.6298015118
277.6 -67.5 2451.8 0 0 0 0 0 0 0 0 0
248.0 27.1 2447.3 0 0 0 0 0 0 0 0 0
-122.3 -757.1 2609.3 0 0 0 0 0 0 0 0 0
23.5 -732.5 2793.7 0 0 0 0 0 0 0 0 0
163.3 476.1 2619.2 9 0.6202732325 0.3365038037 -0.7085381150 -0.1846016645 0.9405561090 0.2850901783 0.7623537779 -0.0460364893 0.6455209851
95.8 287.4 2628.4 0.6202732325 0.3365038037 -0.7085381150 -0.1846016645 0.9405561090 0.2850901783 0.7623537779 -0.0460364893 0.6455209851
33.3 99.0 2638.9 0.6269490123 0.3142204583 -0.7128818035 -0.1652283669 0.9478669167 0.2724847496 0.7613373399 -0.0530457497 0.6461823583
7.6 310.7 2521.3 -0.1044230834 0.0897840858 -0.9904718995 0.9518047571 0.2978042066 -0.0733512044 0.2883809209 -0.9503954053 -0.1165545508
36.6 46.6 2441.3 -0.8897675872 0.0897840858 -0.4474957883 0.4527382255 0.2978042066 -0.8404408097 0.0578079112 -0.9503954053 -0.3056252003
184.0 264.2 2735.5 0.4658060670 0.8720068932 0.1504285038 -0.8834914565 0.4487591386 0.1343803108 0.0496743880 -0.1954974532 0.9794453382
327.9 -8.6 2750.8 -0.2622185647 0.8720068932 0.4133345485 0.0910076126 0.4487591386 -0.8890066743 -0.9607075453 -0.1954974532 -0.1970322430
-81.7 -68.1 2585.8 0.8995292187 0.0145005463 -0.4366198480 -0.0148685686 0.9998861551 0.0025747400 0.4366074800 0.0041758586 0.8996424079
-87.5 -465.3 2584.1 0.8946481347 0.1157004759 -0.4315299392 -0.0675158873 0.9898050427 0.1254094988 0.4416404366 -0.0830622539 0.8933389187
33.4 -96.8 2725.4 0.6862890720 -0.1427987963 -0.7131730914 0.0978885964 0.9897505045 -0.1039794087 0.7207115293 0.0015484174 0.6932333112
90.2 -489.8 2724.8 0.6682869792 0.2599237561 -0.6970165968 0.0266351476 0.9280104637 0.3716007471 0.7434265614 -0.2669010758 0.6132541895
267.2 -70.7 2426.3 0 0 0 0 0 0 0 0 0
243.6 20.6 2442.1 0 0 0 0 0 0 0 0 0
-121.3 -754.4 2608.4 0 0 0 0 0 0 0 0 0
22.7 -730.7 2794.1 0 0 0 0 0 0 0 0 0
163.3 473.5 2618.5 0 0.6205080748 0.3368321955 -0.7081763744 -0.1836163402 0.9403572679 0.2863794565 0.7624006271 -0.0476680249 0.6453472376
95.8 285.1 2628.0 0.6205080748 0.3368321955 -0.7081763744 -0.1836163402 0.9403572679 0.2863794565 0.7624006271 -0.0476680249 0.6453472376
32.5 97.0 2639.2 0.6266835332 0.3186767995 -0.7111349106 -0.1658434421 0.9461961389 0.2778648436 0.7614221573 -0.0561962575 0.6458159685
7.7 308.4 2520.9 -0.0441489257 0.0437852368 -0.9980649948 0.9434192181 0.3304823041 -0.0272333976 0.3286503851 -0.9427959919 -0.0558982715
20.0 44.9 2429.1 -0.9016808271 0.0437852368 -0.4301796556 0.4194232821 0.3304823041 -0.8454972506 0.1051464677 -0.9427959919 -0.3163540959
184.0 261.8 2735.2 0.4571368694 0.8828279972 0.1078917906 -0.8883903027 0.4474792182 0.1025917009 0.0422914885 -0.1427484751 0.9888550639
325.5 -13.3 2748.2 -0.2046216875 0.8828279972 0.4227821231 0.0928483456 0.4474792182 -0.8894613981 -0.9744275808 -0.1427484751 -0.1735330671
-86.7 -74.2 2579.7 0.8999451995 0.0128509412 -0.4358136058 -0.0056093582 0.9998240471 0.0178988557 0.4359669685 -0.0136633543 0.8998589516
-91.8 -471.5 2585.1 0.8955628872 0.1063455567 -0.4320390821 -0.0582773723 0.9906873703 0.1230540201 0.4411019087 -0.0850245059 0.8934203386
28.3 -104.5 2719.3 0.6832877994 -0.1577191502 -0.7129112482 0.1233047992 0.9872931838 -0.1002402082 0.7196622491 -0.0194124673 0.6940529346
91.0 -496.7 2727.0 0.6580820084 0.2697232366 -0.7029775381 0.0238168184 0.9257117510 0.3774791658 0.7525694966 -0.2651549280 0.6027702689
253.0 -63.4 2401.9 0 0 0 0 0 0 0 0 0
253.3 19.5 2404.3 0 0 0 0 0 0 0 0 0
-121.8 -751.3 2609.1 0 0 0 0 0 0 0 0 0
22.3 -732.6 2794.6 0 0 0 0 0 0 0 0 0
163.1 472.8 2618.1 1 0.6185823083 0.3371941745 -0.7096872926 -0.1833600402 0.9402434230 0.2869170010 0.7640255690 -0.0473534949 0.6434459090
95.6 284.7 2627.6 0.6185823083 0.3371941745 -0.7096872926 -0.1833600402 0.9402434230 0.2869170010 0.7640255690 -0.0473534949 0.6434459090
32.1 96.6 2638.8 0.6247861385 0.3191324472 -0.7125985622 -0.1655300111 0.9460495710 0.2785498798 0.7630478740 -0.0560776666 0.6439046860
7.7 308.0 2520.2 -0.0436287150 -0.0497850254 -0.9978066087 0.9377757907 0.3423487544 -0.0580851957 0.3444896042 -0.9382530451 0.0317509547
19.7 48.7 2425.0 -0.8861227632 -0.0497850254 -0.4607688487 0.4182515144 0.3423487544 -0.8413459659 0.1996300668 -0.9382530451 -0.2825403512
183.5 261.4 2735.0 0.4545121193 0.8865274191 0.0865321383 -0.8898823857 0.4476631880 0.0877895653 0.0390906036 -0.1169048473 0.9923735261
324.4 -14.5 2747.1 -0.1767176986 0.8865274191 0.4275978804 0.0941048041 0.4476631880 -0.8892367482 -0.9797526002 -0.1169048473 -0.1625365019
-88.4 -75.8 2580.5 0.8989515901 0.0064137555 -0.4380010366 0.0009126203 0.9998632073 0.0165142976 0.4380470514 -0.0152452821 0.8988227844
-90.9 -473.3 2586.6 0.8942011595 0.1053419486 -0.4350946844 -0.0594647080 0.9912571311 0.1177848056 0.4436983764 -0.0794505328 0.8926473856
26.6 -106.2 2720.2 0.5172290802 -0.1729384363 -0.8381923437 0.1005359292 0.9848683476 -0.1411626935 0.8499215245 -0.0112549961 0.5267890692
95.3 -497.6 2724.7 0.5172290802 0.3280648887 -0.7904729843 0.1005359292 0.8939300179 0.4367855489 0.8499215245 -0.3053891063 0.4293843210
248.3 -59.2 2373.5 0 0 0 0 0 0 0 0 0
259.2 20.3 2385.4 0 0 0 0 0 0 0 0 0
-120.5 -751.3 2608.9 0 0 0 0 0 0 0 0 0
-9.0 -781.8 2821.8 0 0 0 0 0 0 0 0 0
161.3 474.3 2609.5 2 0.6839553118 0.3295667171 -0.6508386135 -0.1857461035 0.9414098263 0.2815065086 0.7054810524 -0.0716471225 0.7050979733
95.2 285.3 2623.8 0.6839553118 0.3295667171 -0.6508386135 -0.1857461035 0.9414098263 0.2815065086 0.7054810524 -0.0716471225 0.7050979733
33.1 97.1 2639.1 0.6890947223 0.3132568300 -0.6534666419 -0.1706518978 0.9465293884 0.2737882435 0.7042914033 -0.0771507174 0.7057062984
-1.4 309.3 2525.1 -0.1060957685 -0.0981500298 -0.9894999862 0.9182921648 0.3720429540 -0.1353642642 0.3814225197 -0.9230117202 0.0506582223
28.3 52.1 2418.2 -0.8694370389 -0.0981500298 -0.4841960371 0.4192086458 0.3720429540 -0.8281595111 0.2614256144 -0.9230117202 -0.2823225856
191.8 261.3 2722.6 0.4529288113 0.8759118915 0.1662343889 -0.8914982080 0.4469059110 0.0742025897 -0.0092961993 -0.1818061471 0.9832904339
332.1 -14.9 2719.7 -0.2518778145 0.8759118915 0.4115044773 0.1021725908 0.4469059110 -0.8887271285 -0.9623504281 -0.1818061471 -0.2020598650
-88.6 -76.3 2579.9 0.9337869883 0.0097825807 -0.3576956689 -0.0067633558 0.9999301434 0.0096908184 0.3577654958 -0.0066299373 0.9337879419
-92.5 -473.8 2582.5 0.9295499921 0.1030337960 -0.3540068865 -0.0608618967 0.9898673892 0.1282902062 0.3636380732 -0.0977066308 0.9264020324
26.0 -106.6 2719.9 0.6127705574 -0.1741234660 -0.7708393335 0.0994295254 0.9846599698 -0.1433825642 0.7839809060 0.0112164235 0.6206836104
95.2 -497.9 2715.4 0.6127705574 0.3223251700 -0.7215391397 0.0994295254 0.8743374348 0.4750240445 0.7839809060 -0.3628230393 0.5037195683
253.0 -56.3 2350.7 0 0 0 0 0 0 0 0 0
237.3 23.6 2357.5 0 0 0 0 0 0 0 0 0
-121.8 -754.5 2610.2 0 0 0 0 0 0 0 0 0
-17.5 -803.6 2842.3 0 0 0 0 0 0 0 0 0
161.2 478.6 2614.6 3 0.6654770970 0.3290486336 -0.6699755788 -0.1784832329 0.9416981339 0.2852163315 0.7247647643 -0.0702255294 0.6854081750
95.0 289.1 2628.7 0.6654770970 0.3290486336 -0.6699755788 -0.1784832329 0.9416981339 0.2852163315 0.7247647643 -0.0702255294 0.6854081750
32.1 101.3 2645.0 0.6710660458 0.3169602454 -0.6702287197 -0.1621614844 0.9448685050 0.2844770551 0.7234458923 -0.0822176039 0.6854679585
0.8 311.9 2527.2 -0.1081341505 -0.1324258298 -0.9852768183 0.9115279913 0.3823427558 -0.1514288783 0.3967665434 -0.9144820571 0.0793655515
30.7 59.4 2417.2 -0.8463887572 -0.1324258298 -0.5158385634 0.4365259111 0.3823427558 -0.8144072294 0.3050757051 -0.9144820571 -0.2658033073
189.2 266.3 2730.3 0.4513036311 0.8818330765 0.1367311925 -0.8922775984 0.4437177181 0.0833983198 0.0128733441 -0.1596401483 0.9870913625
329.2 -10.3 2734.3 -0.2208249718 0.8818330765 0.4166614115 0.0894435719 0.4437177181 -0.8916918635 -0.9712034464 -0.1596401483 -0.1768582612
-92.0 -75.4 2590.0 0.9244907498 0.0071026003 -0.3811382949 -0.0156514756 0.9996905327 -0.0193348248 0.3808830380 0.0238402449 0.9243158102
-94.8 -472.7 2580.5 0.9221038222 0.0940240175 -0.3753452301 -0.0450782105 0.9895263314 0.1371335983 0.3843078315 -0.1095315292 0.9166844487
34.0 -106.7 2718.8 0.5967018604 -0.1335584223 -0.7912705541 0.0873078480 0.9910039902 -0.1014320329 0.7976993322 -0.0085594440 0.6029946208
87.0 -500.2 2722.2 0.5984289050 0.2718018591 -0.7536621094 0.0930566862 0.9107472897 0.4023429155 0.7957533002 -0.3109069169 0.5197244883
249.9 -53.6 2338.3 0 0 0 0 0 0 0 0 0
245.1 23.7 2364.5 0 0 0 0 0 0 0 0 0
-121.7 -755.3 2611.8 0 0 0 0 0 0 0 0 0
3.7 -779.3 2817.5 0 0 0 0 0 0 0 0 0
165.3 482.9 2616.2 4 0.6786838174 0.3233304322 -0.6594282985 -0.1825823486 0.9439682364 0.2749320567 0.7113733292 -0.0661919490 0.6996904016
100.6 294.0 2629.4 0.6786838174 0.3233304322 -0.6594282985 -0.1825823486 0.9439682364 0.2749320567 0.7113733292 -0.0661919490 0.6996904016
38.7 105.6 2644.2 0.6832665801 0.3113234043 -0.6604729295 -0.1689249575 0.9474064112 0.2718188763 0.7103598714 -0.0741543770 0.6999214292
4.5 317.7 2529.6 -0.1324928254 -0.1729304940 -0.9759818912 0.9046619534 0.3812465370 -0.1903625131 0.4050092101 -0.9081553221 0.1059312001
43.3 52.8 2411.0 -0.8659515977 -0.1729304940 -0.4692791104 0.3804646432 0.3812465370 -0.8425542712 0.3246143460 -0.9081553221 -0.2643471062
196.6 270.2 2729.3 0.4555881619 0.8774929643 0.1498181671 -0.8901605606 0.4504581988 0.0685677826 -0.0073190718 -0.1646008939 0.9863330722
337.9 -5.9 2727.0 -0.2337596714 0.8774929643 0.4187630117 0.1020422503 0.4504581988 -0.8869469166 -0.9669249058 -0.1646008939 -0.1948403269
-92.3 -71.7 2595.1 0.9304563403 0.0146978814 -0.3661078811 -0.0236656833 0.9995194674 -0.0200188700 0.3656377196 0.0272908770 0.9303570390
-98.1 -469.0 2584.3 0.9289489985 0.0852950886 -0.3602478206 -0.0433139354 0.9914543629 0.1230534911 0.3676651418 -0.0987066701 0.9247050285
30.6 -101.4 2727.6 0.6094844937 -0.1357990354 -0.7810808420 0.0754142925 0.9906837940 -0.1133942455 0.7892029881 0.0102073783 0.6140476465
84.5 -495.0 2723.5 0.6095924973 0.2532230318 -0.7511824369 0.0758084580 0.9246422052 0.3732155263 0.7890817523 -0.2844553888 0.5444585085
268.8 -46.3 2326.5 0 0 0 0 0 0 0 0 0
248.4 33.2 2356.5 0 0 0 0 0 0 0 0 0
-122.5 -752.8 2612.5 0 0 0 0 0 0 0 0 0
13.3 -755.0 2803.5 0 0 0 0 0 0 0 0 0
165.0 481.5 2608.0 5 0.5981094241 0.3369435072 -0.7271411419 -0.1283866912 0.9358887076 0.3280688226 0.7910638452 -0.1028658003 0.6030228734
97.7 294.5 2628.5 0.5981094241 0.3369435072 -0.7271411419 -0.1283866912 0.9358887076 0.3280688226 0.7910638452 -0.1028658003 0.6030228734
33.3 108.0 2651.0 0.6041772366 0.3219948411 -0.7288958430 -0.1111141294 0.9398281574 0.3230738342 0.7890649438 -0.1142032295 0.6036009789
13.2 309.7 2518.5 -0.1589645147 -0.1681989729 -0.9728511572 0.8974367976 0.3860955834 -0.2133949101 0.4115063548 -0.9069946408 0.0895724520
58.2 56.1 2402.2 -0.8724029064 -0.1681989729 -0.4589359760 0.3700673878 0.3860955834 -0.8449735641 0.3193168342 -0.9069946408 -0.2745859623
182.1 279.3 2738.6 0.4466188550 0.8935581446 0.0456665307 -0.8880568743 0.4364935160 0.1443203539 0.1090254858 -0.1050106660 0.9884766936
319.8 5.6 2772.2 -0.1289074719 0.8935581446 0.4300426543 0.0253977664 0.4364935160 -0.8993488550 -0.9913313389 -0.1050106660 -0.0789616555
-85.8 -67.2 2593.8 0.8857600689 0.0305189807 -0.4631389081 -0.0387151241 0.9992166758 -0.0081989178 0.4625259042 0.0251927543 0.8862477541
-97.9 -464.4 2583.8 0.8868296146 0.0883475766 -0.4535723627 -0.0273845010 0.9898760915 0.1392672360 0.4612843692 -0.1110854670 0.8802708387
35.3 -96.5 2728.8 0.5357705355 -0.1239475161 -0.8352167010 0.0449183919 0.9919503331 -0.1183930188 0.8431680202 0.0259149000 0.5370252728
84.8 -492.9 2718.4 0.5551634431 0.2444815785 -0.7949983478 0.1129421666 0.9248120189 0.3632722795 0.8240373731 -0.2914643288 0.4858095348
286.2 -40.7 2318.7 0 0 0 0 0 0 0 0 0
270.6 15.2 2394.4 0 0 0 0 0 0 0 0 0
-123.7 -753.4 2616.2 0 0 0 0 0 0 0 0 0
18.6 -743.3 2797.3 0 0 0 0 0 0 0 0 0
160.8 480.6 2597.9 6 0.5641741753 0.3290615380 -0.7572489977 -0.0739987344 0.9336094856 0.3505673707 0.8223330975 -0.1417455971 0.5510684848
95.2 294.5 2626.1 0.5641741753 0.3290615380 -0.7572489977 -0.0739987344 0.9336094856 0.3505673707 0.8223330975 -0.1417455971 0.5510684848
32.4 108.5 2655.7 0.5688776374 0.3145008683 -0.7599127889 -0.0603240319 0.9374612570 0.3428227603 0.8202068210 -0.1491831839 0.5522726774
15.6 302.7 2511.5 -0.2119663507 -0.1653074175 -0.9631945491 0.8955641389 0.3616683781 -0.2591542304 0.3911971152 -0.9175344110 0.0713818595
74.8 52.8 2402.4 -0.8939063549 -0.1653074175 -0.4166591465 0.3380945921 0.3616683781 -0.8688429594 0.2943186164 -0.9175344110 -0.2674081326
174.9 286.3 2740.8 0.4538464546 0.8910746574 -0.0030520232 -0.8734896183 0.4455619156 0.1961897761 0.1761796027 -0.0863741189 0.9805611968
314.9 16.7 2795.1 -0.0824705213 0.8910746574 0.4463009238 -0.0281847809 0.4455619156 -0.8948073387 -0.9961948991 -0.0863741189 -0.0116309784
-86.2 -68.7 2601.8 0.8628968596 0.0318958163 -0.5043725371 -0.0515139848 0.9983593822 -0.0249969400 0.5027477145 0.0475520194 0.8631242514
-98.9 -465.5 2582.9 0.8655815125 0.0882721916 -0.4929266572 -0.0249006338 0.9907104969 0.1336885691 0.5001485944 -0.1034441665 0.8597387075
21.8 -87.7 2747.7 0.7212132812 -0.1558769196 -0.6749472618 0.0464822240 0.9830471873 -0.1773631424 0.6911517978 0.0965436026 0.7162321806
83.8 -478.3 2709.3 0.7212132812 0.2324246913 -0.6525566578 0.0464822240 0.9236692190 0.3803610504 0.6911517978 -0.3046537042 0.6553589106
307.4 -35.1 2325.8 0 0 0 0 0 0 0 0 0
283.4 6.0 2414.1 0 0 0 0 0 0 0 0 0
-124.2 -749.8 2612.6 0 0 0 0 0 0 0 0 0
18.7 -737.0 2794.6 0 0 0 0 0 0 0 0 0
157.4 481.4 2598.3 7 0.5545545816 0.3195040226 -0.7683660388 -0.0583426356 0.9360093474 0.3471061289 0.8300995827 -0.1476608068 0.5377089977
93.8 295.1 2627.7 0.5545545816 0.3195040226 -0.7683660388 -0.0583426356 0.9360093474 0.3471061289 0.8300995827 -0.1476608068 0.5377089977
31.8 108.8 2658.8 0.5585297346 0.3104806840 -0.7691854835 -0.0465205200 0.9375708103 0.3446691632 0.8281789422 -0.1567250788 0.5381048918
15.4 301.5 2511.6 -0.2766026258 -0.1421865672 -0.9504072666 0.8820556402 0.3549556434 -0.3098133504 0.3814037144 -0.9240072966 0.0272347964
92.5 55.4 2405.2 -0.8948685527 -0.1421865672 -0.4230760038 0.3528958559 0.3549556434 -0.8657199144 0.2732669413 -0.9240072966 -0.2674615681
172.1 288.6 2743.9 0.4580496550 0.8887541294 -0.0175107569 -0.8677808642 0.4513379037 0.2079674453 0.1927351803 -0.0800639167 0.9779790044
313.9 20.1 2803.5 -0.0690942481 0.8887541294 0.4531469047 -0.0407634079 0.4513379037 -0.8914216161 -0.9967769980 -0.0800639167 0.0050437921
-82.4 -72.2 2610.5 0.8556560278 0.0440353490 -0.5156681538 -0.0668083131 0.9974352717 -0.0256803259 0.5132147670 0.0564244464 0.8564034700
-99.9 -468.7 2588.1 0.8591257334 0.0879459530 -0.5041512847 -0.0332237780 0.9926300049 0.1165411919 0.5106850266 -0.0833737254 0.8557158709
20.3 -82.5 2761.2 0.7430720925 -0.1687240154 -0.6475924850 0.0343371220 0.9760330319 -0.2148963511 0.6683298349 0.1374470145 0.7310564518
87.3 -470.1 2706.6 0.7430720925 0.2362002283 -0.6261416078 0.0343371220 0.9209515452 0.3881613016 0.6683298349 -0.3099317253 0.6762229800
323.7 -35.8 2334.6 0 0 0 0 0 0 0 0 0
287.4 4.4 2420.8 0 0 0 0 0 0 0 0 0
-124.9 -750.1 2611.7 0 0 0 0 0 0 0 0 0
18.9 -736.9 2796.4 0 0 0 0 0 0 0 0 0
152.4 476.4 2590.1 8 0.5420867801 0.3182110488 -0.7777426243 -0.0269510094 0.9316362739 0.3623913229 0.8398901820 -0.1754866093 0.5136038661
89.3 291.6 2624.9 0.5420867801 0.3182110488 -0.7777426243 -0.0269510094 0.9316362739 0.3623913229 0.8398901820 -0.1754866093 0.5136038661
28.2 105.9 2660.4 0.5449195504 0.3066316843 -0.7804099321 -0.0184889864 0.9349021912 0.3544235229 0.8382844329 -0.1787033230 0.5151157975
12.7 294.1 2507.2 -0.3449698389 -0.0938387886 -0.9339112043 0.8665331006 0.3505418301 -0.3553038239 0.3607162237 -0.9318340421 -0.0396119468
105.2 61.9 2410.5 -0.8860582113 -0.0938387886 -0.4539770186 0.3973841369 0.3505418301 -0.8480603099 0.2387188822 -0.9318340421 -0.2733104229
165.9 289.0 2742.6 0.4612108767 0.8865798712 -0.0355056748 -0.8582155108 0.4559003115 0.2358411252 0.2252790332 -0.0783009678 0.9711427689
308.7 23.2 2812.3 -0.0520211793 0.8865798712 0.4596410692 -0.0699320734 0.4559003115 -0.8872792125 -0.9961944222 -0.0783009678 0.0382838994
-81.2 -73.2 2614.3 0.8457722664 0.0513971746 -0.5310627222 -0.0827053413 0.9959477186 -0.0353272632 0.5270949602 0.0738005415 0.8465957642
-101.6 -469.1 2584.9 0.8535329103 0.0784636289 -0.5150970817 -0.0120987855 0.9913142323 0.1309566945 0.5208984017 -0.1055437997 0.8470686674
20.5 -81.3 2766.3 0.7654423714 -0.1642732620 -0.6221835017 0.0260702930 0.9739899039 -0.2250866294 0.6429761648 0.1560703367 0.7498157620
85.8 -468.3 2704.3 0.7654423714 0.2297688276 -0.6010859013 0.0260702930 0.9222425818 0.3857317269 0.6429761648 -0.3109258711 0.6999334097
334.4 -40.9 2348.7 0 0 0 0 0 0 0 0 0
288.7 -3.7 2429.2 0 0 0 0 0 0 0 0 0
-124.5 -758.3 2615.7 0 0 0 0 0 0 0 0 0
20.5 -730.4 2792.6 0 0 0 0 0 0 0 0 0
151.1 471.4 2595.4 9 0.4638126194 0.3206083775 -0.8258862495 0.0030713349 0.9316341877 0.3633844852 0.8859280348 -0.1710788757 0.4311189950
87.6 286.9 2629.3 0.4638126194 0.3206083775 -0.8258862495 0.0030713349 0.9316341877 0.3633844852 0.8859280348 -0.1710788757 0.4311189950
25.9 101.4 2665.1 0.4679014087 0.3102351427 -0.8275399804 0.0151596107 0.9334083796 0.3584954143 0.8836506605 -0.1802857071 0.4320400655
22.1 284.7 2505.6 -0.3834609985 -0.0631545633 -0.9213952422 0.8570705056 0.3473482430 -0.3804987669 0.3440752625 -0.9356071353 -0.0790665969
121.9 61.7 2416.1 -0.9000838995 -0.0631545633 -0.4311153889 0.3851459622 0.3473482430 -0.8549922705 0.2037438452 -0.9356071353 -0.2883188426
153.1 289.1 2753.0 0.4476909935 0.8854219913 -0.1249026433 -0.8450176716 0.4646068811 0.2647368908 0.2924345136 -0.0129753929 0.9561975002
291.6 27.6 2843.4 0.0383394770 0.8854219913 0.4632040560 -0.1008299589 0.4646068811 -0.8797578216 -0.9941647053 -0.0129753929 0.1070898473
-82.8 -78.2 2619.1 0.7944436073 0.0521073155 -0.6050984859 -0.0939083844 0.9948697686 -0.0376218520 0.6000338197 0.0867122635 0.7952612042
-103.5 -473.7 2584.7 0.8053427339 0.0727667138 -0.5883265734 0.0026094688 0.9919930100 0.1262659132 0.5928037763 -0.1032225490 0.7987044454
16.8 -81.4 2772.9 0.7583466172 -0.1712863445 -0.6289446354 0.0246991273 0.9717164040 -0.2348557115 0.6513834000 0.1625676602 0.7411284447
84.8 -467.6 2708.3 0.7583466172 0.2273419350 -0.6109222770 0.0246991273 0.9265162945 0.3754430413 0.6513834000 -0.2998051941 0.6970053911
355.2 -38.2 2363.3 0 0 0 0 0 0 0 0 0
306.3 -11.0 2462.3 0 0 0 0 0 0 0 0 0
-124.2 -755.9 2614.0 0 0 0 0 0 0 0 0 0
20.7 -728.8 2792.8 0 0 0 0 0 0 0 0 0
153.7 470.7 2598.1 00 0.4217462242 0.3418211043 -0.8398145437 0.0091820806 0.9245601892 0.3809253871 0.9066674113 -0.1683650911 0.3867911398
86.3 288.3 2631.3 0.4217462242 0.3418211043 -0.8398145437 0.0091820806 0.9245601892 0.3809253871 0.9066674113 -0.1683650911 0.3867911398
21.4 103.8 2666.8 0.4272080362 0.3259823620 -0.8433437943 0.0243358389 0.9282606244 0.3711334169 0.9038258195 -0.1790746599 0.3886273205
26.4 284.8 2504.6 -0.4048613012 -0.0451709591 -0.9132617116 0.8621441126 0.3138824999 -0.3977251649 0.3046225011 -0.9483867288 -0.0881350040
132.1 59.7 2425.1 -0.9093708992 -0.0451709591 -0.4135265052 0.3800651133 0.3138824999 -0.8700737357 0.1691007912 -0.9483867288 -0.2682677209
146.2 291.8 2758.0 0.4274589419 0.8886606097 -0.1660155952 -0.8438276052 0.4581011832 0.2794606984 0.3243976533 0.0206305757 0.9456958175
278.5 30.4 2858.5 0.0827233344 0.8886606097 0.4510423243 -0.1158971190 0.4581011832 -0.8813121915 -0.9898104668 0.0206305757 0.1408888549
-78.6 -85.5 2620.3 0.7650473714 0.0624638200 -0.6409374475 -0.0976143181 0.9950324297 -0.0195433367 0.6365327835 0.0775162503 0.7673442960
-103.4 -481.1 2589.5 0.7751737237 0.0740187913 -0.6273969412 -0.0059998292 0.9939302206 0.1098484844 0.6317196488 -0.0813873857 0.7709127069
6.7 -82.6 2781.7 0.7635546327 -0.2011957020 -0.6135997176 0.0280718710 0.9596663117 -0.2797366381 0.6451327801 0.1963693053 0.7384055853
86.6 -463.7 2703.7 0.7635546327 0.2292367518 -0.6036844254 0.0280718710 0.9222002029 0.3856925666 0.6451327801 -0.3114438951 0.6977151036
365.3 -37.8 2381.7 0 0 0 0 0 0 0 0 0
310.3 -14.1 2478.3 0 0 0 0 0 0 0 0 0
-123.6 -751.7 2611.6 0 0 0 0 0 0 0 0 0
20.5 -729.6 2793.5 0 0 0 0 0 0 0 0 0
154.4 471.8 2598.9 01 0.4022746682 0.3401007354 -0.8500038981 0.0175533835 0.9254034758 0.3785767257 0.9153507352 -0.1672122627 0.3662964404
87.1 288.7 2632.0 0.4022746682 0.3401007354 -0.8500038981 0.0175533835 0.9254034758 0.3785767257 0.9153507352 -0.1672122627 0.3662964404
22.2 104.3 2667.7 0.4079072475 0.3266942799 -0.8525740504 0.0332084000 0.9278656244 0.3714332283 0.9124192595 -0.1798229218 0.3676340878
29.8 284.0 2503.9 -0.4177467823 -0.0064582648 -0.9085405469 0.8670057654 0.2961369157 -0.4007541835 0.2716405690 -0.9551236629 -0.1181108952
136.4 62.9 2434.6 -0.8967794776 -0.0064582648 -0.4424306452 0.4208784103 0.2961369157 -0.8574172258 0.1365574747 -0.9551236629 -0.2628513575
144.4 293.5 2760.1 0.4238990247 0.8861724138 -0.1871044338 -0.8392767310 0.4619925916 0.2866661251 0.3404764831 0.0355148949 0.9395820498
275.8 33.3 2865.7 0.1039913818 0.8861724138 0.4515354335 -0.1236076280 0.4619925916 -0.8782277703 -0.9868672490 0.0355148949 0.1575809121
-82.5 -83.0 2619.7 0.7518214583 0.0520392098 -0.6573100090 -0.0879233927 0.9958903790 -0.0217208695 0.6534783840 0.0741231441 0.7533072233
-103.1 -478.9 2590.2 0.7602509856 0.0728219673 -0.6455349326 -0.0071438579 0.9945743084 0.1037832797 0.6495901346 -0.0742897317 0.7566463351
-4.4 -78.4 2785.0 0.7475995421 -0.2306783050 -0.6228020787 0.0386907198 0.9512777328 -0.3058981001 0.6630218029 0.2045926303 0.7200999260
87.2 -456.2 2703.7 0.7475995421 0.2200029790 -0.6266527176 0.0386907198 0.9275119305 0.3717857599 0.6630218029 -0.3021925092 0.6848953962
367.6 -45.7 2399.4 0 0 0 0 0 0 0 0 0
315.8 -14.3 2485.9 0 0 0 0 0 0 0 0 0
-123.2 -752.6 2610.7 0 0 0 0 0 0 0 0 0
22.7 -728.1 2792.3 0 0 0 0 0 0 0 0 0
152.7 474.7 2598.9 02 0.4574758410 0.3235926628 -0.8282533884 0.0016328571 0.9311286807 0.3646872044 0.8892205358 -0.1681880057 0.4254404902
88.6 290.1 2632.2 0.4574758410 0.3235926628 -0.8282533884 0.0016328571 0.9311286807 0.3646872044 0.8892205358 -0.1681880057 0.4254404902
25.9 104.8 2667.4 0.4614290893 0.3151137829 -0.8293289542 0.0131661855 0.9322600365 0.3615492284 0.8870794177 -0.1777484268 0.4260230362
23.8 288.2 2507.7 -0.4448804855 0.0323391631 -0.8950058818 0.8615574837 0.2883254886 -0.4178362489 0.2445405424 -0.9569861889 -0.1561324447
140.5 62.3 2443.6 -0.9083607197 0.0323391631 -0.4169351757 0.4078975320 0.2883254886 -0.8663071394 0.0921973959 -0.9569861889 -0.2750946283
153.4 292.1 2756.7 0.4433434904 0.8867863417 -0.1306005418 -0.8463458419 0.4621283710 0.2648322880 0.2952038646 -0.0068784519 0.9554095268
290.7 29.8 2848.1 0.0449643098 0.8867863417 0.4599871039 -0.1010757461 0.4621283710 -0.8810340762 -0.9938620925 -0.0068784519 0.1104118824
-80.1 -83.2 2619.9 0.7901647091 0.0557279065 -0.6103557348 -0.0874624997 0.9959182143 -0.0222973898 0.6066218615 0.0710018501 0.7918135524
-102.3 -479.2 2591.6 0.7973499894 0.0827676281 -0.5978147984 -0.0220308658 0.9938828945 0.1082191691 0.6031149626 -0.0731181726 0.7942959666
-5.5 -77.1 2787.0 0.7448450923 -0.2375925630 -0.6235026717 0.0362226777 0.9474744797 -0.3177734911 0.6662535071 0.2141070813 0.7143279910
88.9 -453.5 2701.9 0.7448450923 0.2230291814 -0.6288591027 0.0362226777 0.9275759459 0.3718746901 0.6662535071 -0.2997680008 0.6828216910
375.4 -43.2 2419.8 0 0 0 0 0 0 0 0 0
308.0 -9.0 2466.0 0 0 0 0 0 0 0 0 0
-125.3 -755.1 2611.9 0 0 0 0 0 0 0 0 0
23.4 -726.1 2790.0 0 0 0 0 0 0 0 0 0
151.3 471.0 2591.8 03 0.4345213175 0.3192774951 -0.8421716690 0.0338133611 0.9286168814 0.3694960475 0.9000266194 -0.1890305579 0.3927079737
88.2 287.5 2629.2 0.4345213175 0.3192774951 -0.8421716690 0.0338133611 0.9286168814 0.3694960475 0.9000266194 -0.1890305579 0.3927079737
26.2 102.6 2667.8 0.4371087849 0.3113544881 -0.8437975645 0.0414400809 0.9302009940 0.3647036850 0.8984534740 -0.1943822205 0.3936964869
26.8 281.6 2503.0 -0.4446352720 0.1074524075 -0.8892431855 0.8717138767 0.2801763713 -0.4020150006 0.2059474587 -0.9539157152 -0.2182440609
137.1 65.4 2451.9 -0.9187113643 0.1074524075 -0.3800308108 0.3947333395 0.2801763713 -0.8750352859 0.0124510108 -0.9539157152 -0.2998162806
149.6 293.3 2755.3 0.4432250559 0.8821554780 -0.1592269391 -0.8334494829 0.4709360898 0.2891040444 0.3300204277 0.0045694588 0.9439627528
287.0 35.0 2857.6 0.0729468465 0.8821554780 0.4652745724 -0.1270454824 0.4709360898 -0.8729711771 -0.9892109036 0.0045694588 0.1464271694
-79.0 -81.8 2621.5 0.7725839019 0.0589307621 -0.6321718693 -0.0947721228 0.9952321649 -0.0230469368 0.6277995706 0.0777179599 0.7744854093
-102.4 -477.4 2590.6 0.7809550166 0.0789211243 -0.6195811033 -0.0184274148 0.9944643378 0.1034461260 0.6243153811 -0.0693694949 0.7780862451
5.5 -79.2 2783.8 0.7576034665 -0.2063402385 -0.6192420125 0.0283603873 0.9582273960 -0.2845978439 0.6520986557 0.1980503798 0.7318083048
87.4 -459.9 2705.1 0.7576034665 0.2211665362 -0.6141028404 0.0283603873 0.9288012981 0.3694913387 0.6520986557 -0.2973441184 0.6973907351
374.5 -36.6 2448.7 0 0 0 0 0 0 0 0 0
315.0 -13.9 2477.0 0 0 0 0 0 0 0 0 0
-124.2 -751.9 2609.8 0 0 0 0 0 0 0 0 0
24.4 -724.7 2789.9 0 0 0 0 0 0 0 0 0
151.8 474.7 2587.3 04 0.4450436532 0.3194259107 -0.8366022110 0.0349312387 0.9273166656 0.3726441264 0.8948273659 -0.1950664371 0.4015384316
88.7 291.5 2625.8 0.4450436532 0.3194259107 -0.8366022110 0.0349312387 0.9273166656 0.3726441264 0.8948273659 -0.1950664371 0.4015384316
26.5 107.0 2665.9 0.4478753507 0.3124108613 -0.8377392888 0.0432476252 0.9283015132 0.3693046570 0.8930494189 -0.2016326934 0.4022523463
25.7 285.4 2500.3 -0.4304438829 0.1596231610 -0.8883909583 0.8879952431 0.2513310015 -0.3850937784 0.1618103087 -0.9546481967 -0.2499284893
136.2 57.5 2458.8 -0.9268189073 0.1596231610 -0.3398928642 0.3711163402 0.2513310015 -0.8939269781 -0.0572658256 -0.9546481967 -0.2921770811
151.6 297.6 2751.4 0.4444859326 0.8836380243 -0.1470242739 -0.8335804343 0.4681056440 0.2932928801 0.3279876113 -0.0078079947 0.9446497560
289.5 39.0 2853.1 0.0606801659 0.8836380243 0.4642216861 -0.1310504228 0.4681056440 -0.8739009500 -0.9895169139 -0.0078079947 0.1442058682
-75.7 -86.1 2624.1 0.7794291973 0.0648706183 -0.6231226921 -0.0982034653 0.9949800968 -0.0192541201 0.6187456250 0.0762000307 0.7818870544
-101.5 -481.7 2593.8 0.7870039344 0.0835027024 -0.6112709045 -0.0300845336 0.9948136806 0.0971631110 0.6162140369 -0.0580779538 0.7854344249
