-79.5 417.3 2529.5 0.9957948923 0.0080398843 -0.0912571549 -0.0041228030 0.9990652204 0.0430311747 0.0915178210 -0.0424739905 0.9948971868
-81.1 218.7 2538.0 0.9957948923 0.0080398843 -0.0912571549 -0.0041228030 0.9990652204 0.0430311747 0.0915178210 -0.0424739905 0.9948971868
-81.6 24.7 2543.1 0.9958170652 0.0022236884 -0.0913425833 0.0001888689 0.9996515512 0.0263950545 0.0913694501 -0.0263018962 0.9954696298
-217.2 218.7 2525.5 0.4911153018 -0.7109093070 -0.5034021139 0.8364937305 0.5461412072 0.0448111035 0.2430720031 -0.4431001246 0.8628894687
-322.3 39.5 2473.4 -0.5861883759 -0.7109093070 -0.3885757625 -0.1120355874 0.5461412072 -0.8301673532 0.8023909330 -0.4431001246 -0.3997887671
54.9 218.7 2550.5 0.0292995516 0.8797599077 0.4745145142 -0.9146676660 0.2150590122 -0.3422465324 -0.4031433761 -0.4239954352 0.8109890819
61.5 14.5 2460.4 -0.4585322738 0.8797599077 0.1255812347 0.1482532620 0.2150590122 -0.9652826786 -0.8762243390 -0.4239954352 -0.2290387750
-177.6 -165.9 2538.8 0.9522644281 -0.0061551747 0.3052123189 0.0084610926 0.9999448061 -0.0062329159 -0.3051570952 0.0085178139 0.9522639513
-175.2 -554.1 2535.5 0.9522148371 0.0125193810 0.3051723242 -0.0129735200 0.9999157190 -0.0005398506 -0.3051533401 -0.0034451054 0.9522969723
0.6 -166.7 2557.7 0.9204213619 0.0639205426 0.3856664896 -0.0600603148 0.9979509115 -0.0220624972 -0.3862864673 -0.0028564560 0.9223744273
-24.2 -554.1 2558.8 0.9197137952 -0.0584303290 0.3882170022 0.0531796776 0.9982900620 0.0242656469 -0.3889710307 -0.0016721961 0.9212484956
-182.1 66.3 2281.5 0 0 0 0 0 0 0 0 0
-52.6 51.4 2242.5 0 0 0 0 0 0 0 0 0
-178.5 -822.0 2536.4 0 0 0 0 0 0 0 0 0
-8.1 -828.5 2559.3 0 0 0 0 0 0 0 0 0
-77.0 413.3 2520.2 0.9878075123 0.0144823287 -0.1550050974 -0.0043831188 0.9978561401 0.0652985200 0.1556184590 -0.0638229623 0.9857532978
-79.9 215.2 2532.9 0.9878075123 0.0144823287 -0.1550050974 -0.0043831188 0.9978561401 0.0652985200 0.1556184590 -0.0638229623 0.9857532978
-81.3 21.4 2542.4 0.9878674150 0.0063380110 -0.1551701874 0.0013619205 0.9987748861 0.0494659618 0.1552936137 -0.0490771420 0.9866485596
-214.6 214.9 2511.8 0.5101987123 -0.6737862825 -0.5345178246 0.8030903935 0.5956501961 0.0157052428 0.3078036904 -0.4372789264 0.8450112343
-319.2 50.2 2448.6 -0.6569526196 -0.6737862825 -0.3382680118 -0.2119816244 0.5956501961 -0.7747674584 0.7235171199 -0.4372789264 -0.5341442823
54.8 215.5 2554.1 0.0388474353 0.8605369329 0.5079045892 -0.8987448215 0.2522515953 -0.3586458862 -0.4367477596 -0.4425441325 0.7832024693
63.2 19.4 2458.8 -0.4936975837 0.8605369329 0.1254547685 0.1990493089 0.2522515953 -0.9469680786 -0.8465471268 -0.4425441325 -0.2958252728
-171.2 -169.4 2540.0 0.9699213505 0.0106530152 0.2431853712 -0.0087590134 0.9999223351 -0.0088682715 -0.2432609648 0.0064714621 0.9699392915
-175.3 -557.5 2537.5 0.9698705077 0.0126545429 0.2432922274 -0.0137198567 0.9999022484 0.0026847455 -0.2432344705 -0.0059417896 0.9699493051
7.2 -169.4 2556.4 0.9423396587 0.0817239359 0.3245261312 -0.0818236172 0.9965572357 -0.0133639369 -0.3245010078 -0.0139605338 0.9457823038
-24.5 -556.2 2561.8 0.9430279136 -0.0647481158 0.3263527155 0.0650500134 0.9978318810 0.0100007067 -0.3262926638 0.0117983036 0.9451951385
-158.1 102.2 2271.2 0 0 0 0 0 0 0 0 0
-62.2 69.9 2243.8 0 0 0 0 0 0 0 0 0
-178.7 -826.1 2539.1 0 0 0 0 0 0 0 0 0
-7.0 -825.6 2558.6 0 0 0 0 0 0 0 0 0
-77.2 415.5 2534.1 0.9888306260 0.0177957993 -0.1479775161 -0.0134273404 0.9994455576 0.0304679163 0.1484376788 -0.0281406641 0.9885212779
-80.7 216.6 2539.7 0.9888306260 0.0177957993 -0.1479775161 -0.0134273404 0.9994455576 0.0304679163 0.1484376788 -0.0281406641 0.9885212779
-82.6 22.6 2544.0 0.9889338017 0.0091867745 -0.1480726600 -0.0057802955 0.9997090101 0.0234193914 0.1482447237 -0.0223043244 0.9886991382
-215.7 217.3 2519.5 0.4624615610 -0.6391932368 -0.6144601703 0.7723684311 0.6307512522 -0.0748318806 0.4354035854 -0.4399828017 0.7853909135
-309.9 59.9 2430.8 -0.7011067867 -0.6391932368 -0.3160400391 -0.2428248525 0.6307512522 -0.7370135188 0.6704366803 -0.4399828017 -0.5974360108
54.2 215.8 2559.9 0.0756218508 0.8369897008 0.5419682860 -0.8847271204 0.3070239425 -0.3507053256 -0.4599339664 -0.4529730380 0.7637251616
71.0 19.9 2458.1 -0.5253143907 0.8369897008 0.1532743722 0.2189492136 0.3070239425 -0.9261736274 -0.8222566247 -0.4529730380 -0.3445423245
-171.0 -172.7 2538.0 0.9680261612 0.0137680974 0.2504710257 -0.0144230165 0.9998956919 0.0007793184 -0.2504341900 -0.0043669487 0.9681237936
-176.3 -560.8 2539.7 0.9680809379 0.0107237427 0.2504081726 -0.0101428758 0.9999420643 -0.0036100892 -0.2504323721 0.0009549994 0.9681336284
5.6 -172.3 2565.8 0.9403620958 0.0766335130 0.3314309716 -0.0685929433 0.9969982505 -0.0359087698 -0.3331879079 0.0110334223 0.9427958727
-24.1 -559.2 2561.5 0.9403687119 -0.0602617934 0.3347764015 0.0594087578 0.9981517196 0.0127974320 -0.3349288404 0.0078543453 0.9422106743
-133.1 121.2 2261.7 0 0 0 0 0 0 0 0 0
-63.7 76.0 2247.3 0 0 0 0 0 0 0 0 0
-179.2 -826.1 2539.5 0 0 0 0 0 0 0 0 0
-7.8 -829.3 2559.4 0 0 0 0 0 0 0 0 0
-75.6 414.7 2540.5 0.9903650284 0.0232381579 -0.1365178227 -0.0204472505 0.9995530248 0.0218105558 0.1369636357 -0.0188089963 0.9903975129
-80.2 216.2 2544.3 0.9903650284 0.0232381579 -0.1365178227 -0.0204472505 0.9995530248 0.0218105558 0.1369636357 -0.0188089963 0.9903975129
-83.2 22.1 2546.4 0.9904988408 0.0150928162 -0.1366902739 -0.0134664159 0.9998272061 0.0128153870 0.1368600726 -0.0108528975 0.9905309081
-215.4 218.0 2525.6 0.4383895695 -0.5903728008 -0.6776979566 0.7324301600 0.6716777086 -0.1113334894 0.5209228992 -0.4475589991 0.7268633246
-306.8 65.3 2417.1 -0.7488463521 -0.5903728008 -0.3011463583 -0.2489284724 0.6716777086 -0.6977705359 0.6142179966 -0.4475589991 -0.6499439478
55.0 214.4 2562.9 0.0816858411 0.8220672011 0.5635005832 -0.8715826273 0.3331444263 -0.3596644700 -0.4833954573 -0.4617578387 0.7437126637
73.0 22.9 2456.7 -0.5431265235 0.8220672011 0.1709359884 0.2153370380 0.3331444263 -0.9179568291 -0.8115685582 -0.4617578387 -0.3579610884
-173.0 -170.9 2535.1 0.9650318027 0.0120647987 0.2618550956 -0.0161775723 0.9997772574 0.0135562001 -0.2616332173 -0.0173183437 0.9650120139
-177.7 -559.0 2541.8 0.9652211070 0.0020375934 0.2614269555 0.0016279842 0.9999033809 -0.0138040902 -0.2614298165 0.0137495985 0.9651245475
4.0 -171.9 2561.6 0.9359425902 0.0759235620 0.3438707590 -0.0720823109 0.9971108437 -0.0239604656 -0.3446964324 -0.0023613784 0.9387112260
-25.4 -558.9 2562.5 0.9351642728 -0.0733553991 0.3465352952 0.0728923082 0.9972360134 0.0143891890 -0.3466330171 0.0118035013 0.9379265308
-114.0 129.4 2259.0 0 0 0 0 0 0 0 0 0
-66.4 78.2 2248.4 0 0 0 0 0 0 0 0 0
-178.2 -823.0 2538.2 0 0 0 0 0 0 0 0 0
-5.7 -827.1 2559.3 0 0 0 0 0 0 0 0 0
-74.9 414.7 2542.8 0.9898413420 0.0246358141 -0.1400258690 -0.0230186749 0.9996484518 0.0131569924 0.1403007805 -0.0098001249 0.9900604486
-79.8 216.8 2544.7 0.9898413420 0.0246358141 -0.1400258690 -0.0230186749 0.9996484518 0.0131569924 0.1403007805 -0.0098001249 0.9900604486
-83.2 22.8 2545.4 0.9899723530 0.0174768455 -0.1401758343 -0.0167962909 0.9998407364 0.0060366904 0.1402590126 -0.0036217228 0.9901082516
-215.0 219.1 2525.5 0.4207778871 -0.5757743120 -0.7010206580 0.7272639275 0.6760148406 -0.1187060773 0.5422482491 -0.4598781168 0.7031919360
-303.0 67.1 2412.2 -0.7667223811 -0.5757743120 -0.2839379311 -0.2510995567 0.6760148406 -0.6927863359 0.5908347964 -0.4598781168 -0.6628924012
55.4 214.5 2563.8 0.0828268379 0.8166170716 0.5712059736 -0.8715530038 0.3373018503 -0.3558409512 -0.4832546413 -0.4683631063 0.7396627069
73.6 23.8 2458.1 -0.5505468249 0.8166170716 0.1733053029 0.2115540057 0.3373018503 -0.9173180461 -0.8075537682 -0.4683631063 -0.3584590852
-174.9 -170.7 2536.2 0.9659922719 0.0060771424 0.2584994733 -0.0089735826 0.9999094605 0.0100264000 -0.2584151626 -0.0120050916 0.9659593701
-177.2 -558.9 2540.9 0.9660909772 0.0032379786 0.2581816614 0.0023527008 0.9997694492 -0.0213421620 -0.2581912577 0.0212258939 0.9658606052
2.5 -173.1 2560.7 0.9374486208 0.0696608797 0.3410826921 -0.0656287372 0.9975706339 -0.0233611409 -0.3418814242 -0.0004849542 0.9397429824
-24.5 -560.3 2560.9 0.9370712638 -0.0638251230 0.3432547152 0.0640908927 0.9978879690 0.0105827581 -0.3432051837 0.0120827034 0.9391827583
-102.7 132.7 2257.8 0 0 0 0 0 0 0 0 0
-68.5 78.4 2249.6 0 0 0 0 0 0 0 0 0
-178.1 -819.9 2535.4 0 0 0 0 0 0 0 0 0
-7.4 -828.6 2557.7 0 0 0 0 0 0 0 0 0
-74.2 417.8 2542.4 0.9882009029 0.0257336982 -0.1509859115 -0.0238583125 0.9996142387 0.0142196361 0.1512935907 -0.0104495874 0.9884336591
-79.3 220.3 2544.4 0.9882009029 0.0257336982 -0.1509859115 -0.0238583125 0.9996142387 0.0142196361 0.1512935907 -0.0104495874 0.9884336591
-83.0 26.3 2545.7 0.9883361459 0.0189934783 -0.1510990858 -0.0178133547 0.9997993708 0.0091601284 0.1512427628 -0.0063617043 0.9884761572
-214.3 222.7 2523.8 0.4170721769 -0.5673704147 -0.7100293040 0.7310101986 0.6736235023 -0.1088828370 0.5400693417 -0.4736267030 0.6957031488
-302.9 67.4 2409.0 -0.7790036798 -0.5673704147 -0.2669158578 -0.2526388466 0.6736235023 -0.6945538521 0.5738700628 -0.4736267030 -0.6680949926
55.7 217.9 2565.1 0.0881913006 0.8124443889 0.5763301849 -0.8720315695 0.3426139057 -0.3495377302 -0.4814386666 -0.4717519283 0.7386927009
75.3 23.6 2457.8 -0.5558030605 0.8124443889 0.1761168242 0.2107083350 0.3426139057 -0.9155423045 -0.8041672707 -0.4717519283 -0.3616146445
-175.3 -169.8 2533.5 0.9687749743 0.0037515357 0.2479133457 -0.0110575650 0.9995443821 0.0280842707 -0.2476950288 -0.0299486555 0.9683750272
-176.8 -557.8 2545.2 0.9689279199 0.0050046020 0.2472925037 0.0022781801 0.9995722771 -0.0291551650 -0.2473326474 0.0288126301 0.9685021639
2.0 -172.8 2558.7 0.9414656162 0.0650333092 0.3307766020 -0.0622131079 0.9978797436 -0.0191184152 -0.3313186169 -0.0025793095 0.9435154200
-23.2 -560.2 2559.7 0.9409773946 -0.0600089096 0.3331073225 0.0563306175 0.9981976151 0.0206987727 -0.3337490261 -0.0007129366 0.9426617026
-96.9 134.3 2257.2 0 0 0 0 0 0 0 0 0
-69.2 78.5 2248.6 0 0 0 0 0 0 0 0 0
-178.1 -820.9 2537.6 0 0 0 0 0 0 0 0 0
-6.9 -831.1 2559.8 0 0 0 0 0 0 0 0 0
-73.3 414.5 2542.7 0.9885548353 0.0294011235 -0.1479694843 -0.0282687731 0.9995527864 0.0097502796 0.1481899768 -0.0054557701 0.9889438748
-79.1 217.2 2543.7 0.9885548353 0.0294011235 -0.1479694843 -0.0282687731 0.9995527864 0.0097502796 0.1481899768 -0.0054557701 0.9889438748
-83.5 23.2 2544.0 0.9887122512 0.0226973593 -0.1480975151 -0.0222260449 0.9997412562 0.0048368406 0.1481689811 -0.0014906214 0.9889609218
-214.2 220.2 2523.5 0.4181755781 -0.5673762560 -0.7093753219 0.7245340347 0.6793629527 -0.1162599474 0.5478864908 -0.4653495252 0.6951764226
-301.1 69.7 2409.7 -0.7723752260 -0.5673762560 -0.2855183482 -0.2431108057 0.6793629527 -0.6923605204 0.5867995024 -0.4653495252 -0.6626583934
55.9 214.2 2564.0 0.0981911197 0.8033823967 0.5873118639 -0.8688073158 0.3570103049 -0.3430998623 -0.4853167832 -0.4765715003 0.7330397367
77.5 23.1 2457.2 -0.5669664741 0.8033823967 0.1820049137 0.2139919698 0.3570103049 -0.9092585444 -0.7954599261 -0.4765715003 -0.3743302226
-175.2 -166.2 2533.3 0.9679908752 0.0025485780 0.2509725392 -0.0111481873 0.9993981123 0.0328494087 -0.2507377565 -0.0345958173 0.9674366713
-176.2 -554.2 2546.8 0.9680873156 0.0125673143 0.2502978146 -0.0049540391 0.9995063543 -0.0310237184 -0.2505641282 0.0287936833 0.9676716924
1.8 -169.4 2560.4 0.9400589466 0.0696234331 0.3338289857 -0.0665212050 0.9975696206 -0.0207302868 -0.3344609737 -0.0027190172 0.9424057007
-25.2 -556.7 2561.5 0.9391407371 -0.0700901523 0.3363064528 0.0678314939 0.9975256920 0.0184754319 -0.3367692828 0.0054611401 0.9415713549
-94.3 134.8 2252.7 0 0 0 0 0 0 0 0 0
-69.7 78.7 2250.7 0 0 0 0 0 0 0 0 0
-179.6 -820.8 2539.1 0 0 0 0 0 0 0 0 0
-6.3 -825.7 2560.0 0 0 0 0 0 0 0 0 0
-72.7 414.2 2536.8 0.9907171130 0.0329242535 -0.1318924278 -0.0297043584 0.9992125034 0.0263071023 0.1326547116 -0.0221451148 0.9909148812
-79.3 216.0 2541.2 0.9907171130 0.0329242535 -0.1318924278 -0.0297043584 0.9992125034 0.0263071023 0.1326547116 -0.0221451148 0.9909148812
-84.7 22.0 2543.6 0.9908223152 0.0280976128 -0.1322181076 -0.0262576286 0.9995328784 0.0156396236 0.1325957775 -0.0120243542 0.9910972714
-214.6 219.6 2523.1 0.4183315039 -0.5660640597 -0.7103310823 0.7221772671 0.6815938354 -0.1178552881 0.5508708954 -0.4636823535 0.6939307451
-300.8 70.8 2409.6 -0.7707897425 -0.5660640597 -0.2923262417 -0.2381560206 0.6815938354 -0.6918898225 0.5909017324 -0.4636823535 -0.6601771116
56.1 212.4 2559.3 0.1085769311 0.7963269949 0.5950414538 -0.8727490306 0.3629438579 -0.3264673352 -0.4759414196 -0.4838750064 0.7344009280
79.7 22.4 2455.7 -0.5775546432 0.7963269949 0.1797049791 0.2185823619 0.3629438579 -0.9058109522 -0.7865445614 -0.4838750064 -0.3836829662
-176.5 -168.9 2531.0 0.9638159871 -0.0020219742 0.2665607929 -0.0050353338 0.9996547103 0.0257892814 -0.2665208876 -0.0261983443 0.9634730220
-175.7 -557.0 2541.2 0.9637774229 0.0118728671 0.2664435506 -0.0088875741 0.9998835325 -0.0124072852 -0.2665598094 0.0095898239 0.9637706876
0.6 -172.9 2557.6 0.9351537228 0.0645083785 0.3483191431 -0.0616377443 0.9979113936 -0.0193296298 -0.3488385677 -0.0033934314 0.9371767044
-24.4 -560.3 2558.9 0.9343361259 -0.0639466867 0.3506092727 0.0606543720 0.9979508519 0.0203761756 -0.3511937857 0.0022277883 0.9363001585
-93.0 135.0 2250.3 0 0 0 0 0 0 0 0 0
-69.8 79.0 2252.1 0 0 0 0 0 0 0 0 0
-178.9 -824.9 2538.6 0 0 0 0 0 0 0 0 0
-7.4 -826.4 2558.3 0 0 0 0 0 0 0 0 0
-74.3 417.4 2541.4 0.9854740500 0.0316688120 -0.1668473482 -0.0303877350 0.9994858503 0.0102261547 0.1670854241 -0.0050074966 0.9859297276
-80.6 219.0 2542.4 0.9854740500 0.0316688120 -0.1668473482 -0.0303877350 0.9994858503 0.0102261547 0.1670854241 -0.0050074966 0.9859297276
-85.4 25.0 2542.9 0.9856497645 0.0249588341 -0.1669477969 -0.0241827480 0.9996852279 0.0066802776 0.1670619696 -0.0025471577 0.9859430790
-215.2 222.3 2519.6 0.4243722856 -0.5649628639 -0.7076193690 0.7322969437 0.6737836003 -0.0987765267 0.5325874090 -0.4762694836 0.6996556520
-303.1 70.7 2409.3 -0.7757525444 -0.5649628639 -0.2811138630 -0.2370888293 0.6737836003 -0.6998603344 0.5848050117 -0.4762694836 -0.6566357017
53.9 215.7 2565.2 0.1090338528 0.7979319096 0.5928037167 -0.8677669764 0.3672921956 -0.3347789049 -0.4848629832 -0.4779132605 0.7324662805
78.2 22.3 2457.2 -0.5738046169 0.7979319096 0.1845343262 0.2201345563 0.3672921956 -0.9036798477 -0.7888529897 -0.4779132605 -0.3864063323
-178.9 -169.7 2534.0 0.9725483656 -0.0078523736 0.2325682640 0.0056795445 0.9999337792 0.0100109149 -0.2326314747 -0.0084152175 0.9725285769
-175.8 -557.8 2537.3 0.9725062847 0.0103898635 0.2326448560 -0.0102492981 0.9999458194 -0.0018130391 -0.2326510996 -0.0006212546 0.9725600481
-1.4 -174.4 2557.8 0.9465953112 0.0605731122 0.3166830838 -0.0626404062 0.9980294704 -0.0036586500 -0.3162806630 -0.0163738970 0.9485243559
-24.9 -561.8 2564.1 0.9456608295 -0.0723135918 0.3170115948 0.0756352469 0.9971338511 0.0018328738 -0.3162355423 0.0222439729 0.9484198689
-91.9 135.3 2250.1 0 0 0 0 0 0 0 0 0
-70.6 79.4 2252.6 0 0 0 0 0 0 0 0 0
-178.6 -823.7 2537.4 0 0 0 0 0 0 0 0 0
-6.1 -821.5 2558.3 0 0 0 0 0 0 0 0 0
-74.3 418.8 2543.7  0.9822211266 0.0324391462 -0.1849037111 -0.0324586108 0.9994688034 0.0029224972 0.1849002987 0.0031311791 0.9827523232
-80.7 220.2 2543.1 0.9822211266 0.0324391462 -0.1849037111 -0.0324586108 0.9994688034 0.0029224972 0.1849002987 0.0031311791 0.9827523232
-85.5 26.1 2542.4 0.9824413061 0.0245230589 -0.1849533319 -0.0247313771 0.9996934533 0.0011809227 0.1849255860 0.0034139631 0.9827466011
-214.9 223.6 2517.8 0.4195485711 -0.5664804578 -0.7092805505 0.7329022884 0.6724128723 -0.1035142392 0.5355681777 -0.4764040709 0.6972846389
-301.5 72.2 2407.2 -0.7731121182 -0.5664804578 -0.2853025198 -0.2334942073 0.6724128723 -0.7023826241 0.5897271037 -0.4764040709 -0.6521204710
53.4 216.8 2568.3 0.1059684753 0.7976289392 0.5937666297 -0.8613716364 0.3719659448 -0.3459483385 -0.4967993498 -0.4747940898 0.7264716029
77.1 24.6 2457.5 -0.5704947114 0.7976289392 0.1957648993 0.2097718716 0.3719659448 -0.9042328596 -0.7940601707 -0.4747940898 -0.3795247078
-178.5 -166.9 2528.4 0.9766730666 -0.0067414893 0.2146257758 0.0025070964 0.9997969270 0.0199953001 -0.2147169858 -0.0189907849 0.9764916897
-175.9 -555.0 2535.8 0.9766101837 0.0112906927 0.2147208154 -0.0112592196 0.9999356866 -0.0013696712 -0.2147224694 -0.0010799541 0.9766744971
-2.0 -171.3 2558.4 0.9523051977 0.0585670546 0.2994741499 -0.0596260875 0.9982050061 -0.0056088301 -0.2992650867 -0.0125151537 0.9540879130
-24.7 -558.8 2563.2 0.9513860345 -0.0684826300 0.3002911508 0.0690134093 0.9975764751 0.0088523002 -0.3001696169 0.0123021612 0.9538065195
-90.9 135.8 2246.6 0 0 0 0 0 0 0 0 0
-71.4 79.2 2250.8 0 0 0 0 0 0 0 0 0
-178.9 -825.5 2536.1 0 0 0 0 0 0 0 0 0
-6.2 -828.8 2559.9 0 0 0 0 0 0 0 0 0
-74.3 418.7 2553.8  0.9879530668 0.0278264713 -0.1522316635 -0.0312279947 0.9993122220 -0.0199988559 0.1515704691 0.0245118197 0.9881424904
-79.8 220.9 2549.0 0.9879530668 0.0278264713 -0.1522316635 -0.0312279947 0.9993122220 -0.0199988559 0.1515704691 0.0245118197 0.9881424904
-84.7 26.9 2544.7 0.9880334735 0.0251290835 -0.1521788687 -0.0281925015 0.9994403124 -0.0180058833 0.1516412199 0.0220807176 0.9881889224
-214.7 224.7 2528.3 0.4139935076 -0.5602610707 -0.7174377441 0.7157405019 0.6873189211 -0.1237266138 0.5624276996 -0.4622772038 0.6855471134
-303.0 72.0 2408.3 -0.7739389539 -0.5602610707 -0.2951710820 -0.2354966998 0.6873189211 -0.6871200800 0.5878432989 -0.4622772038 -0.6638825536
55.1 217.1 2569.7 0.0899485648 0.8044136763 0.5872204900 -0.8633488417 0.3569263518 -0.3566964269 -0.4965259433 -0.4748918116 0.7265946269
75.2 24.3 2458.8 -0.5649784803 0.8044136763 0.1836245805 0.2125498205 0.3569263518 -0.9096297026 -0.7972589731 -0.4748918116 -0.3726336956
-178.2 -165.7 2525.2 0.9690442085 -0.0068888809 0.2467911392 -0.0001711496 0.9995916486 0.0285744425 -0.2468872070 -0.0277321376 0.9686473012
-175.5 -553.7 2536.0 0.9688910842 0.0172367152 0.2468864769 -0.0186011102 0.9998219013 0.0031950080 -0.2467874289 -0.0076879775 0.9690391421
-2.2 -170.2 2558.3 0.9413740039 0.0607775785 0.3318448961 -0.0607556626 0.9980979562 -0.0104511948 -0.3318488896 -0.0103229731 0.9432760477
-25.8 -557.7 2562.3 0.9396382570 -0.0790051371 0.3329235911 0.0808900744 0.9966891408 0.0082185762 -0.3324706554 0.0192077253 0.9429180026
-91.0 136.5 2247.3 0 0 0 0 0 0 0 0 0
-71.4 79.5 2251.9 0 0 0 0 0 0 0 0 0
-180.1 -821.3 2538.0 0 0 0 0 0 0 0 0 0
-4.7 -824.2 2557.2 0 0 0 0 0 0 0 0 0
-74.8 420.7 2540.9  0.9857571721 0.0230917949 -0.1665819287 -0.0213340204 0.9996963143 0.0123339863 0.1668161601 -0.0086044529 0.9859504700
-79.4 222.7 2542.6 0.9857571721 0.0230917949 -0.1665819287 -0.0213340204 0.9996963143 0.0123339863 0.1668161601 -0.0086044529 0.9859504700
-83.7 28.7 2543.8 0.9857670069 0.0222078804 -0.1666441411 -0.0209016912 0.9997355342 0.0095881578 0.1668130010 -0.0059685451 0.9859704971
-214.0 225.5 2519.8 0.4400173128 -0.5313906670 -0.7238844633 0.7057341933 0.7030965686 -0.0871461034 0.5552693009 -0.4725242257 0.6843952537
-305.9 78.0 2403.8 -0.7930027843 -0.5313906670 -0.2979438603 -0.2166805863 0.7030965686 -0.6772774458 0.5693822503 -0.4725242257 -0.6726995707
55.3 219.9 2565.4 0.0798202902 0.8136704564 0.5758203864 -0.8741178513 0.3347862065 -0.3519036472 -0.4791103303 -0.4752458334 0.7379665971
73.0 25.7 2458.9 -0.5560418963 0.8136704564 0.1695813090 0.2097296864 0.3347862065 -0.9186575413 -0.8042579293 -0.4752458334 -0.3568060100
-178.1 -164.5 2526.8 0.9725400805 -0.0065487986 0.2326433212 -0.0008757316 0.9994940162 0.0317961797 -0.2327338308 -0.0311267916 0.9720422029
-175.6 -552.6 2538.9 0.9724109769 0.0159679614 0.2327270806 -0.0152615365 0.9998718500 -0.0048358375 -0.2327744812 0.0011506487 0.9725300670
-1.2 -169.5 2554.0 0.9462856650 0.0630182773 0.3171311617 -0.0676455125 0.9977029562 0.0035898515 -0.3161764741 -0.0248495247 0.9483748674
-25.7 -556.8 2563.6 0.9451334476 -0.0784776658 0.3171183467 0.0816195458 0.9966577888 0.0033867895 -0.3163242638 0.0226820875 0.9483799338
-91.3 136.6 2249.6 0 0 0 0 0 0 0 0 0
-70.6 79.8 2251.3 0 0 0 0 0 0 0 0 0
-180.0 -828.2 2538.6 0 0 0 0 0 0 0 0 0
-4.6 -825.1 2557.5 0 0 0 0 0 0 0 0 0
-73.9 419.3 2534.4  0.9839439988 0.0199807230 -0.1773555279 -0.0152316457 0.9994891286 0.0280985180 0.1778263450 -0.0249459520 0.9837456346
-77.8 221.7 2539.4 0.9839439988 0.0199807230 -0.1773555279 -0.0152316457 0.9994891286 0.0280985180 0.1778263450 -0.0249459520 0.9837456346
-81.2 27.7 2543.2 0.9839789867 0.0170959812 -0.1774629205 -0.0133451782 0.9996621013 0.0223079175 0.1777843237 -0.0195822492 0.9838746190
-212.2 223.5 2515.1 0.4494048059 -0.5183621645 -0.7275547981 0.6966568232 0.7131738663 -0.0777967870 0.5591999888 -0.4718937576 0.6816242933
-304.6 80.3 2400.2 -0.8007829189 -0.5183621645 -0.3000789881 -0.2111715376 0.7131738663 -0.6684232354 0.5604938269 -0.4718937576 -0.6805607677
56.6 219.9 2563.6 0.0827204734 0.8107665181 0.5794954300 -0.8809846044 0.3313144743 -0.3377821445 -0.4658577144 -0.4825851023 0.7416793108
74.8 25.6 2460.9 -0.5622036457 0.8107665181 0.1630481482 0.2110964358 0.3313144743 -0.9196026325 -0.7996032238 -0.4825851023 -0.3574161530
-176.4 -163.4 2530.0 0.9750316143 -0.0023466020 0.2220536023 -0.0008456747 0.9998976588 0.0142799821 -0.2220643908 -0.0141112190 0.9749298692
-175.5 -551.6 2535.5 0.9749550223 0.0122285895 0.2220655978 -0.0138203083 0.9998887181 0.0056152339 -0.2219722271 -0.0085436152 0.9750155807
0.2 -167.1 2559.9 0.9503774047 0.0666473731 0.3038764298 -0.0613067336 0.9977511764 -0.0270931199 -0.3049987555 0.0071190177 0.9523261189
-25.7 -554.3 2557.1 0.9486698508 -0.0765942708 0.3068531752 0.0729635134 0.9970623255 0.0233042389 -0.3077366948 0.0002810563 0.9514715075
-91.2 136.5 2250.8 0 0 0 0 0 0 0 0 0
-69.9 80.0 2255.1 0 0 0 0 0 0 0 0 0
-178.8 -824.2 2537.8 0 0 0 0 0 0 0 0 0
-5.0 -824.1 2557.0 0 0 0 0 0 0 0 0 0
-73.9 420.4 2539.7  0.9885029793 0.0245839730 -0.1491895020 -0.0228232238 0.9996483326 0.0135029759 0.1494690031 -0.0099427467 0.9887164235
-78.8 223.5 2541.7 0.9885029793 0.0245839730 -0.1491895020 -0.0228232238 0.9996483326 0.0135029759 0.1494690031 -0.0099427467 0.9887164235
-82.6 29.5 2543.1 0.9886035919 0.0195695162 -0.1492645890 -0.0182654187 0.9997821450 0.0101028290 0.1494297832 -0.0072613126 0.9887456894
-213.8 226.0 2521.3 0.4283205867 -0.5010620952 -0.7519828677 0.6776703596 0.7286043763 -0.0994914994 0.5977494121 -0.4669822156 0.6516311765
-304.2 83.0 2395.1 -0.8087229133 -0.5010620952 -0.3080648780 -0.2021326423 0.7286043763 -0.6544295549 0.5523672700 -0.4669822156 -0.6905201077
56.2 221.1 2562.1 0.0622832850 0.8257156610 0.5606375933 -0.8927804828 0.2972043157 -0.3385448158 -0.4461656511 -0.4794405997 0.7556936741
70.0 23.5 2463.3 -0.5481451750 0.8257156610 0.1331561059 0.2221219540 0.2972043157 -0.9286180139 -0.8063489795 -0.4794405997 -0.3463206887
-172.7 -165.1 2531.1 0.9682545662 0.0072093327 0.2498621345 -0.0114505654 0.9998139143 0.0155248474 -0.2497037202 -0.0178930685 0.9681569338
-175.5 -553.2 2538.0 0.9682413340 0.0122052012 0.2497193515 -0.0125875510 0.9999207854 -0.0000658619 -0.2497003824 -0.0030795848 0.9683182240
3.6 -167.5 2562.9 0.9407459497 0.0735144317 0.3310478330 -0.0648706481 0.9972037673 -0.0371005833 -0.3328495622 0.0134269334 0.9428843260
-24.9 -554.5 2557.7 0.9396293759 -0.0684070960 0.3352865875 0.0615982302 0.9976221919 0.0309136398 -0.3366040587 -0.0083943047 0.9416088462
-91.2 136.2 2249.7 0 0 0 0 0 0 0 0 0
-70.0 80.2 2257.4 0 0 0 0 0 0 0 0 0
-178.8 -826.7 2538.9 0 0 0 0 0 0 0 0 0
-6.1 -828.9 2560.0 0 0 0 0 0 0 0 0 0
-73.2 415.7 2516.8  0.9884388447 0.0320820995 -0.1481869817 -0.0214807857 0.9971301556 0.0725946948 0.1500906944 -0.0685722381 0.9862913489
-79.6 217.7 2530.5 0.9884388447 0.0320820995 -0.1481869817 -0.0214807857 0.9971301556 0.0725946948 0.1500906944 -0.0685722381 0.9862913489
-84.9 24.2 2541.0 0.9885258079 0.0269538183 -0.1486277282 -0.0185414292 0.9981618524 0.0576984659 0.1499097198 -0.0542806499 0.9872085452
-214.6 220.2 2510.0 0.4394757152 -0.4922489822 -0.7513667941 0.6768470407 0.7313979268 -0.0832776502 0.5905414820 -0.4719618559 0.6546089053
-302.1 85.6 2392.5 -0.8132039905 -0.4922489822 -0.3104677796 -0.1930190474 0.7313979268 -0.6540647149 0.5490381718 -0.4719618559 -0.6897891760
55.4 215.2 2550.9 0.0559954569 0.8342896104 0.5484754443 -0.9112982750 0.2671451271 -0.3133191466 -0.4079214633 -0.4822803140 0.7752456069
67.3 22.5 2464.6 -0.5399126410 0.8342896104 0.1116027161 0.2188111097 0.2671451271 -0.9384855628 -0.8127828836 -0.4822803140 -0.3267868757
-175.0 -162.9 2531.1 0.9682127833 0.0033781461 0.2501052320 -0.0069658444 0.9998851418 0.0134609798 -0.2500310242 -0.0147752864 0.9681251049
-176.3 -551.1 2536.9 0.9682282805 0.0019869595 0.2500601113 -0.0029973420 0.9999887943 0.0036598165 -0.2500500381 -0.0042930534 0.9682233930
2.0 -166.1 2557.9 0.9415075183 0.0715851411 0.3293009698 -0.0684006885 0.9974313378 -0.0212617107 -0.3299771249 -0.0025063520 0.9439855814
-25.8 -553.3 2558.8 0.9399504662 -0.0774038881 0.3324180245 0.0722958669 0.9969977736 0.0277270358 -0.3335661888 -0.0020295926 0.9427244663
-90.6 135.8 2249.7 0 0 0 0 0 0 0 0 0
-69.4 77.9 2258.9 0 0 0 0 0 0 0 0 0
-176.9 -825.6 2538.0 0 0 0 0 0 0 0 0 0
-4.5 -827.3 2559.4 0 0 0 0 0 0 0 0 0
-73.9 421.4 2523.4  0.9864165187 0.0326549448 -0.1609847546 -0.0258432887 0.9986872077 0.0442267396 0.1622176319 -0.0394656099 0.9859654903
-80.4 222.6 2531.3 0.9864165187 0.0326549448 -0.1609847546 -0.0258432887 0.9986872077 0.0442267396 0.1622176319 -0.0394656099 0.9859654903
-86.4 28.8 2538.5 0.9864571691 0.0309736598 -0.1610678732 -0.0245670062 0.9988315701 0.0416170470 0.1621687114 -0.0370964780 0.9860655069
-215.1 225.9 2509.1 0.4274688959 -0.4959435761 -0.7558507323 0.6917911172 0.7176898122 -0.0796644837 0.5819754601 -0.4888367355 0.6498793960
-302.2 85.0 2390.6 -0.8169197440 -0.4959435761 -0.2944183052 -0.1947465986 0.7176898122 -0.6685769558 0.5428774357 -0.4888367355 -0.6828782558
54.4 219.2 2553.4 0.0618026704 0.8357595801 0.5456063747 -0.9117106199 0.2697243392 -0.3098910749 -0.4061577618 -0.4782830477 0.7786406279
67.9 19.7 2464.5 -0.5386067033 0.8357595801 0.1068116128 0.2332593501 0.2697243392 -0.9342584610 -0.8096251488 -0.4782830477 -0.3402240872
-178.7 -167.7 2538.1 0.9713196158 -0.0051423926 0.2377220541 0.0076221055 0.9999256730 -0.0095131695 -0.2376554608 0.0110522704 0.9712866545
-176.7 -555.7 2533.8 0.9713767767 0.0008246540 0.2375426292 -0.0041070385 0.9999027848 0.0133235380 -0.2375085503 -0.0139177721 0.9712857604
-1.6 -171.0 2564.9 0.9466374516 0.0573977940 0.3171482384 -0.0478849076 0.9981405735 -0.0377155505 -0.3187232912 0.0205163416 0.9476257563
-23.9 -558.3 2557.0 0.9446620345 -0.0706883967 0.3203385472 0.0641797334 0.9974615574 0.0308448616 -0.3217057586 -0.0085787270 0.9468008280
-90.3 135.5 2249.8 0 0 0 0 0 0 0 0 0
-68.9 78.9 2258.9 0 0 0 0 0 0 0 0 0
-176.9 -824.8 2537.5 0 0 0 0 0 0 0 0 0
-4.5 -831.4 2559.3 0 0 0 0 0 0 0 0 0
-72.9 423.3 2534.2  0.9868639708 0.0326998793 -0.1582092941 -0.0306827612 0.9994139671 0.0151761137 0.1586128324 -0.0101224622 0.9872889519
-79.4 224.3 2536.2 0.9868639708 0.0326998793 -0.1582092941 -0.0306827612 0.9994139671 0.0151761137 0.1586128324 -0.0101224622 0.9872889519
-86.0 30.4 2538.2 0.9868221283 0.0340238921 -0.1581912935 -0.0319372192 0.9993663430 0.0157150161 0.1586257368 -0.0104557350 0.9872834086
-214.2 228.6 2514.5 0.4184899628 -0.4977179766 -0.7596992850 0.6869745255 0.7206172347 -0.0936847031 0.5940809250 -0.4826879203 0.6434906125
-301.5 85.4 2390.7 -0.8129469752 -0.4977179766 -0.3023145199 -0.1936140358 0.7206172347 -0.6657510400 0.5492092967 -0.4826879203 -0.6821887493
55.4 219.9 2557.9 0.0454593226 0.8403823972 0.5400841236 -0.9072434902 0.2610308826 -0.3298062384 -0.4181419909 -0.4749950171 0.7742977738
65.5 19.3 2465.4 -0.5318140388 0.8403823972 0.1045524627 0.2280790359 0.2610308826 -0.9379993677 -0.8155696392 -0.4749950171 -0.3304935098
-180.8 -162.7 2531.1 0.9706826806 -0.0113317091 0.2400973737 0.0096486295 0.9999199510 0.0081843631 -0.2401708961 -0.0056278091 0.9707143307
-176.4 -550.8 2533.3 0.9707829356 0.0007638359 0.2399582565 -0.0055272118 0.9998008013 0.0191784985 -0.2398958057 -0.0199444592 0.9705937505
-4.0 -167.1 2560.2 0.9453922510 0.0521341674 0.3217383325 -0.0457761250 0.9985786080 -0.0273006633 -0.3227042854 0.0110819023 0.9464349747
-24.3 -554.7 2555.9 0.9436395168 -0.0664088055 0.3242442906 0.0594344661 0.9977389574 0.0313773826 -0.3255949020 -0.0103376526 0.9454528689
-90.2 135.7 2247.9 0 0 0 0 0 0 0 0 0
-69.5 77.2 2258.5 0 0 0 0 0 0 0 0 0
-176.6 -828.4 2538.8 0 0 0 0 0 0 0 0 0
-6.2 -826.0 2558.7 0 0 0 0 0 0 0 0 0
-72.6 421.7 2531.1  0.9840523601 0.0344045423 -0.1745202690 -0.0305601954 0.9992284775 0.0246685874 0.1752343327 -0.0189418066 0.9843445420
-79.4 222.9 2534.8 0.9840523601 0.0344045423 -0.1745202690 -0.0305601954 0.9992284775 0.0246685874 0.1752343327 -0.0189418066 0.9843445420
-85.9 29.0 2538.1 0.9840845466 0.0330486558 -0.1746007502 -0.0296063442 0.9993132353 0.0222840551 0.1752172858 -0.0167601034 0.9843870997
-213.9 226.9 2510.9 0.4246608019 -0.4962612689 -0.7572238445 0.6834238172 0.7242779732 -0.0913967192 0.5937972069 -0.4786922038 0.6467292309
-301.1 86.5 2388.9 -0.8110835552 -0.4962612689 -0.3096259534 -0.1901398450 0.7242779732 -0.6627731919 0.5531638861 -0.4786922038 -0.6818089485
55.0 218.8 2558.8 0.0294182617 0.8480827212 0.5290465951 -0.9042714238 0.2481193990 -0.3474621773 -0.4259433746 -0.4681799710 0.7741962075
61.5 20.4 2465.3 -0.5198746324 0.8480827212 0.1024016738 0.2188828140 0.2481193990 -0.9436774254 -0.8257243633 -0.4681799710 -0.3146217167
-181.0 -160.6 2526.1 0.9745392799 -0.0147418240 0.2237316966 0.0085132420 0.9995495677 0.0287786461 -0.2240551710 -0.0261412393 0.9742258191
-175.3 -548.5 2536.2 0.9745109677 0.0118271690 0.2240277678 -0.0130682159 0.9999063611 0.0040577943 -0.2239588052 -0.0068820082 0.9745743275
-4.2 -166.3 2554.5 0.9505267143 0.0523073375 0.3062073886 -0.0497335978 0.9986310005 -0.0162067115 -0.3066359162 0.0001761169 0.9518268704
-24.5 -553.9 2554.4 0.9488147497 -0.0683359504 0.3083517253 0.0616487265 0.9976041913 0.0313895158 -0.3097580075 -0.0107733430 0.9507544041
-90.9 135.8 2245.5 0 0 0 0 0 0 0 0 0
-70.3 75.9 2255.9 0 0 0 0 0 0 0 0 0
-178.6 -827.2 2538.1 0 0 0 0 0 0 0 0 0
-5.9 -826.0 2557.3 0 0 0 0 0 0 0 0 0
-73.5 421.4 2530.0  0.9838960171 0.0329812206 -0.1756725758 -0.0284615271 0.9991974235 0.0281863417 0.1764612049 -0.0227325186 0.9840450287
-80.1 223.0 2534.5 0.9838960171 0.0329812206 -0.1756725758 -0.0284615271 0.9991974235 0.0281863417 0.1764612049 -0.0227325186 0.9840450287
-86.1 29.0 2538.3 0.9839497209 0.0306874905 -0.1757873595 -0.0267755445 0.9993391633 0.0245832223 0.1764255911 -0.0194818527 0.9841211438
-214.5 226.6 2510.4 0.4217917621 -0.4999475479 -0.7564020753 0.6851174831 0.7221739292 -0.0952828750 0.5938903093 -0.4780347645 0.6471298337
-300.0 87.7 2390.0 -0.8048270941 -0.4999475479 -0.3198527992 -0.1835622638 0.7221739292 -0.6669105887 0.5644096732 -0.4780347645 -0.6729966402
54.3 219.3 2558.6 0.0146965198 0.8534970880 0.5208903551 -0.8991358876 0.2391791940 -0.3665350378 -0.4374227226 -0.4629644454 0.7709249854
57.6 21.8 2462.5 -0.5103523731 0.8534970880 0.1052769274 0.2041785717 0.2391791940 -0.9492651820 -0.8353751302 -0.4629644454 -0.2963314652
-180.4 -162.3 2525.7 0.9748395085 -0.0118772360 0.2225913405 0.0056821923 0.9995790124 0.0284512900 -0.2228355706 -0.0264706332 0.9744966030
-175.8 -550.3 2535.9 0.9748408794 0.0058512758 0.2228251547 -0.0065534492 0.9999756217 0.0024119220 -0.2228056043 -0.0038115135 0.9748554230
-4.1 -167.6 2557.0 0.9511189461 0.0517889373 0.3044514060 -0.0458805151 0.9985944629 -0.0265340172 -0.3053976595 0.0112686176 0.9521582127
-24.2 -555.2 2552.7 0.9494712353 -0.0645340532 0.3071478009 0.0556455478 0.9977416396 0.0376185849 -0.3088818491 -0.0186263546 0.9509180188
-90.1 135.6 2242.8 0 0 0 0 0 0 0 0 0
-72.4 73.8 2249.8 0 0 0 0 0 0 0 0 0
-177.4 -828.0 2537.0 0 0 0 0 0 0 0 0 0
-6.7 -826.7 2557.7 0 0 0 0 0 0 0 0 0
-74.5 421.7 2538.0  0.9859346747 0.0280576609 -0.1647591293 -0.0275587067 0.9996060729 0.0053139641 0.1648433208 -0.0006986731 0.9863195419
-80.1 223.5 2538.1 0.9859346747 0.0280576609 -0.1647591293 -0.0275587067 0.9996060729 0.0053139641 0.1648433208 -0.0006986731 0.9863195419
-85.5 29.5 2538.1 0.9859349132 0.0279306136 -0.1647792310 -0.0275498237 0.9996098876 0.0045963419 0.1648433208 0.0000079450 0.9863197803
-214.7 227.2 2515.6 0.4197513759 -0.4978423417 -0.7589214444 0.6750571132 0.7301669717 -0.1056128666 0.6067179441 -0.4679841995 0.6425606012
-300.8 88.9 2391.3 -0.7981511950 -0.4978423417 -0.3392751515 -0.1746439487 0.7301669717 -0.6605722904 0.5765883327 -0.4679841995 -0.6697288156
54.6 219.8 2560.7 -0.0085137030 0.8627135754 0.5056211948 -0.8947691917 0.2191773504 -0.3890364468 -0.4464477301 -0.4557264149 0.7700635195
52.8 22.5 2462.2 -0.4969197512 0.8627135754 0.0937872827 0.2002925128 0.2191773504 -0.9549053311 -0.8443658352 -0.4557264149 -0.2817086279
-180.2 -162.5 2526.3 0.9723422527 -0.0123817846 0.2332320660 0.0064418600 0.9996356368 0.0262124371 -0.2334716469 -0.0239850115 0.9720677733
-175.4 -550.6 2535.6 0.9723179936 0.0094609773 0.2334700227 -0.0099732019 0.9999497533 0.0010134986 -0.2334486991 -0.0033138865 0.9723634720
-3.9 -167.3 2557.9 0.9472569823 0.0522939898 0.3161795735 -0.0466906019 0.9985895157 -0.0252775066 -0.3170554936 0.0091816792 0.9483625293
-24.2 -555.0 2554.3 0.9459326863 -0.0604431108 0.3186817169 0.0527504645 0.9980714321 0.0327227935 -0.3200449944 -0.0141429501 0.9472967982
-90.0 135.0 2239.0 0 0 0 0 0 0 0 0 0
-74.1 73.6 2246.6 0 0 0 0 0 0 0 0 0
-178.0 -829.4 2536.5 0 0 0 0 0 0 0 0 0
-7.9 -823.5 2558.1 0 0 0 0 0 0 0 0 0
-74.0 422.1 2541.5  0.9868984818 0.0278641321 -0.1589181721 -0.0290123541 0.9995669723 -0.0049093179 0.1587125659 0.0094555886 0.9872795343
-79.5 224.6 2539.6 0.9868984818 0.0278641321 -0.1589181721 -0.0290123541 0.9995669723 -0.0049093179 0.1587125659 0.0094555886 0.9872795343
-84.9 30.6 2537.9 0.9869034886 0.0278056897 -0.1588974297 -0.0288332533 0.9995755553 -0.0041646399 0.1587141901 0.0086916275 0.9872863293
-214.4 228.5 2517.9 0.4104838967 -0.4966133535 -0.7647732496 0.6704196334 0.7328515053 -0.1160440594 0.6180942655 -0.4650847614 0.6337630749
-299.1 90.1 2390.3 -0.7951598167 -0.4966133535 -0.3479884863 -0.1693039536 0.7328515053 -0.6589877605 0.5822860003 -0.4650847614 -0.6668127179
55.3 220.7 2561.3 -0.0585914440 0.8895429373 0.4530788064 -0.8904550076 0.1586013734 -0.4265390038 -0.4512836635 -0.4284378290 0.7828052640
42.3 23.5 2461.3 -0.4543094039 0.8895429373 0.0481281430 0.2083014697 0.1586013734 -0.9651197195 -0.8661486506 -0.4284378290 -0.2573471963
-179.3 -162.0 2523.4 0.9710059166 -0.0088730864 0.2388907820 0.0018587264 0.9995609522 0.0295714904 -0.2390482873 -0.0282700583 0.9705960751
-175.8 -550.1 2534.3 0.9710084200 0.0037970573 0.2390150726 -0.0065792031 0.9999195933 0.0108432900 -0.2389546782 -0.0121014547 0.9709553123
-2.6 -166.9 2552.9 0.9447419047 0.0569862127 0.3228240311 -0.0549431555 0.9983699918 -0.0154456422 -0.3231780231 -0.0031448265 0.9463329315
-24.7 -554.5 2554.1 0.9432525635 -0.0657142550 0.3255092800 0.0555259176 0.9976354241 0.0405024029 -0.3274011612 -0.0201297943 0.9446709752
-89.8 134.7 2237.0 0 0 0 0 0 0 0 0 0
-73.3 76.4 2241.0 0 0 0 0 0 0 0 0 0
-176.9 -828.3 2537.7 0 0 0 0 0 0 0 0 0
-6.5 -831.3 2559.7 0 0 0 0 0 0 0 0 0
-73.2 421.5 2535.2  0.9871968031 0.0309730414 -0.1564708054 -0.0294343438 0.9994929433 0.0121418573 0.1567675322 -0.0073807873 0.9876079559
-79.3 223.3 2536.7 0.9871968031 0.0309730414 -0.1564708054 -0.0294343438 0.9994929433 0.0121418573 0.1567675322 -0.0073807873 0.9876079559
-84.9 29.3 2537.2 0.9872367978 0.0288782604 -0.1566192061 -0.0280994140 0.9995793104 0.0071851807 0.1567608118 -0.0026925670 0.9876329303
-214.2 227.1 2515.3 0.4144186676 -0.5047529936 -0.7572856545 0.6784262657 0.7259842157 -0.1126262248 0.6066258550 -0.4670880735 0.6432991028
-298.1 89.8 2392.5 -0.7885827422 -0.5047529936 -0.3512287736 -0.1676215082 0.7259842157 -0.6669706702 0.5916420221 -0.4670880735 -0.6571061015
55.6 219.4 2558.1 -0.0946452841 0.9043959379 0.4160652161 -0.8925569654 0.1080066264 -0.4378089309 -0.4408904016 -0.4127984643 0.7970025539
34.9 24.4 2461.8 -0.4265585244 0.9043959379 0.0107625555 0.2044499367 0.1080066264 -0.9729002118 -0.8810493946 -0.4127984643 -0.2309748381
-178.8 -160.8 2522.0 0.9704393744 -0.0066807955 0.2412526459 -0.0001364028 0.9996014237 0.0282297544 -0.2413450927 -0.0274281725 0.9700516462
-176.2 -548.9 2532.7 0.9703706503 0.0122205643 0.2413119525 -0.0168500897 0.9997112751 0.0171305090 -0.2410329431 -0.0206890702 0.9702963829
-1.9 -166.0 2550.5 0.9438289404 0.0612417161 0.3247096539 -0.0613755025 0.9980662465 -0.0098405229 -0.3246844113 -0.0106414491 0.9457625747
-25.7 -553.4 2554.6 0.9420898557 -0.0741818696 0.3270532191 0.0669585690 0.9971996546 0.0333069712 -0.3286081254 -0.0094791437 0.9444187880
-90.2 134.0 2236.5 0 0 0 0 0 0 0 0 0
-72.7 76.0 2239.6 0 0 0 0 0 0 0 0 0
-179.6 -829.6 2538.5 0 0 0 0 0 0 0 0 0
-5.3 -827.8 2557.2 0 0 0 0 0 0 0 0 0
-73.6 422.5 2540.6  0.9892737269 0.0293352064 -0.1430976987 -0.0309480093 0.9994799495 -0.0090574566 0.1427575648 0.0133888917 0.9896671176
-79.5 224.5 2537.9 0.9892737269 0.0293352064 -0.1430976987 -0.0309480093 0.9994799495 -0.0090574566 0.1427575648 0.0133888917 0.9896671176
-85.2 30.5 2535.3 0.9892683625 0.0294630919 -0.1431084424 -0.0311300941 0.9994709492 -0.0094230194 0.1427550912 0.0137768751 0.9896621704
-214.6 228.7 2518.4 0.4112362564 -0.5010889173 -0.7614424825 0.6786294580 0.7260053754 -0.1112575382 0.6085612178 -0.4709841907 0.6386134624
-300.2 87.4 2391.7 -0.7983245850 -0.5010889173 -0.3340475559 -0.1777169406 0.7260053754 -0.6643289328 0.5754081607 -0.4709841907 -0.6686398983
55.7 220.2 2557.4 -0.0947709456 0.9048373103 0.4150757492 -0.8964747190 0.1037186980 -0.4307847619 -0.4328412414 -0.4129308164 0.8013342619
34.9 23.1 2462.3 -0.4257571399 0.9048373103 0.0005197988 0.2192429900 0.1037186980 -0.9701417089 -0.8778743148 -0.4129308164 -0.2425382137
-179.0 -162.2 2523.7 0.9670621753 -0.0081135333 0.2544109225 0.0021016083 0.9997122884 0.0238936804 -0.2545315921 -0.0225720014 0.9668009877
-175.8 -550.4 2532.5 0.9670436978 0.0090987543 0.2544479072 -0.0143931173 0.9997167587 0.0189531744 -0.2542033792 -0.0219908450 0.9669007659
-2.1 -167.3 2551.8 0.9392281175 0.0603045560 0.3379555047 -0.0568947829 0.9981799126 -0.0199955851 -0.3385462165 -0.0004474894 0.9409496784
-25.5 -554.8 2552.0 0.9369921684 -0.0751181170 0.3411787450 0.0633931234 0.9969552755 0.0454030000 -0.3435505629 -0.0209138691 0.9389013052
-89.5 134.3 2239.8 0 0 0 0 0 0 0 0 0
-72.3 78.3 2241.3 0 0 0 0 0 0 0 0 0
-178.4 -828.2 2538.6 0 0 0 0 0 0 0 0 0
-5.2 -824.9 2557.6 0 0 0 0 0 0 0 0 0
-73.7 421.5 2534.3  0.9891443849 0.0345679224 -0.1428230107 -0.0328674689 0.9993581176 0.0142488489 0.1432238966 -0.0093999384 0.9896456599
-80.6 223.2 2536.1 0.9891443849 0.0345679224 -0.1428230107 -0.0328674689 0.9993581176 0.0142488489 0.1432238966 -0.0093999384 0.9896456599
-86.9 29.2 2536.4 0.9891718626 0.0325345211 -0.1431102157 -0.0320495106 0.9994700551 0.0056935651 0.1432196200 -0.0010453020 0.9896903634
-215.7 227.6 2516.6 0.4014694691 -0.5005723238 -0.7669743299 0.6778932810 0.7255183458 -0.1186753362 0.6158595085 -0.4722822011 0.6306080818
-297.8 88.9 2390.6 -0.8014668822 -0.5005723238 -0.3272280991 -0.1821767539 0.7255183458 -0.6636525989 0.5696160793 -0.4722822011 -0.6726715565
54.6 218.8 2555.7 -0.0524683446 0.8819065690 0.4684953094 -0.8961832523 0.1653923094 -0.4117049277 -0.4405708015 -0.4414591193 0.7816720605
43.4 27.3 2461.6 -0.4688432515 0.8819065690 0.0492624901 0.2098551244 0.1653923094 -0.9636421800 -0.8579900265 -0.4414591193 -0.2626156807
-179.6 -160.7 2519.8 0.9669971466 -0.0121050160 0.2544995546 0.0023624655 0.9992538095 0.0385520756 -0.2547762990 -0.0366785005 0.9663041830
