-80.2 482.4 2413.2 6 0.9897501469 0.0403038561 -0.1370045096 -0.0070523471 0.9719730616 0.2349864542 0.1426355541 -0.2316116691 0.9622946978
-88.5 282.2 2460.9 0.9897501469 0.0403038561 -0.1370045096 -0.0070523471 0.9719730616 0.2349864542 0.1426355541 -0.2316116691 0.9622946978
-96.2 87.8 2501.4 0.9896736741 0.0383065455 -0.1381253749 -0.0089495834 0.9782621264 0.2071789950 0.1430591345 -0.2038034350 0.9685031176
-232.8 283.5 2440.0 0.7015189528 -0.5995366573 -0.3852621913 0.7126459479 0.5881657004 0.3823570013 -0.0026390257 -0.5427862406 0.8398667574
-364.9 149.3 2440.5 -0.7670210004 -0.5995366573 -0.2285488248 -0.2285813242 0.5881657004 -0.7757652402 0.5995242596 -0.5427862406 -0.5881783366
55.7 280.9 2481.7 0.1717447191 0.5591642857 0.8110727668 -0.9203636050 0.3846889436 -0.0703225881 -0.3513326049 -0.7344043255 0.5807027817
94.5 73.0 2402.4 -0.8263913393 0.5591642857 -0.0664276853 0.3295991421 0.3846889436 -0.8621941805 -0.4565542042 -0.7344043255 -0.5022037029
-196.9 -108.5 2528.7 0.9788274169 0.0987099037 -0.1793133616 -0.0916706547 0.9946725965 0.0471481234 0.1830120683 -0.0297121033 0.9826616049
-236.1 -503.6 2540.5 0.9792602658 0.0553403646 -0.1949019581 -0.0844316110 0.9859294891 -0.1442715973 0.1841755509 0.1577353328 0.9701540470
-15.8 -111.8 2552.4 0.9515746832 0.0853431597 -0.2953340113 -0.0870627984 0.9961757064 0.0073477062 0.2948316336 0.0187207144 0.9553658366
-49.8 -507.6 2545.0 0.9431067705 -0.1403793246 -0.3014020920 0.1231838018 0.9895138144 -0.0754201636 0.3088289797 0.0340014137 0.9505096078
-171.1 207.0 2289.0 0 0 0 0 0 0 0 0 0
-121.4 159.1 2283.1 0 0 0 0 0 0 0 0 0
-253.9 -821.1 2489.7 0 0 0 0 0 0 0 0 0
-6.1 -815.2 2534.4 0 0 0 0 0 0 0 0 0
-78.5 481.0 2413.0 7 0.9899328947 0.0419579037 -0.1351754963 -0.0092021804 0.9721091986 0.2343481183 0.1412380934 -0.2307450026 0.9627089500
-87.2 281.1 2460.4 0.9899328947 0.0419579037 -0.1351754963 -0.0092021804 0.9721091986 0.2343481183 0.1412380934 -0.2307450026 0.9627089500
-95.2 86.8 2501.3 0.9898455739 0.0405954793 -0.1362267286 -0.0112641221 0.9777396917 0.2095188946 0.1416998059 -0.2058568746 0.9682686329
-231.6 282.7 2439.8 0.7035189867 -0.5973402262 -0.3850268126 0.7106759548 0.5906684995 0.3821654320 -0.0008595727 -0.5424899459 0.8400618434
-364.5 148.5 2439.9 -0.7699400783 -0.5973402262 -0.2244480401 -0.2330547273 0.5906684995 -0.7725258470 0.5940351486 -0.5424899459 -0.5939923525
57.3 279.4 2481.1 0.1760859340 0.5595345497 0.8098856807 -0.9218399525 0.3823006749 -0.0636971071 -0.3452605605 -0.7353688478 0.5831190348
95.7 78.3 2405.8 -0.8276101351 0.5595345497 -0.0445263460 0.3053883612 0.3823006749 -0.8721147776 -0.4709558785 -0.7353688478 -0.4872712493
-194.3 -105.7 2528.8 0.9800427556 0.0899138451 -0.1772899181 -0.0813337266 0.9951627851 0.0550983623 0.1813864261 -0.0395791009 0.9826151133
-230.0 -501.1 2544.5 0.9787295461 0.0720952004 -0.1920697540 -0.1022886187 0.9830361009 -0.1522400081 0.1778357327 0.1686483324 0.9695010185
-13.2 -107.4 2555.0 0.9506910443 0.1001796499 -0.2935142219 -0.1002050862 0.9948538542 0.0149908755 0.2935055494 0.0151599273 0.9558371305
-53.0 -502.7 2549.0 0.9408773184 -0.1521593332 -0.3026506305 0.1297204942 0.9871763587 -0.0930347219 0.3129256368 0.0482742712 0.9485500455
-171.1 207.0 2290.7 0 0 0 0 0 0 0 0 0
-119.2 157.6 2283.5 0 0 0 0 0 0 0 0 0
-253.5 -820.8 2489.7 0 0 0 0 0 0 0 0 0
-5.0 -814.4 2533.7 0 0 0 0 0 0 0 0 0
-77.6 479.4 2414.4 8 0.9969788790 0.0473551117 -0.0615678616 -0.0316608101 0.9715758562 0.2346016616 0.0709274337 -0.2319436222 0.9701399207
-87.4 278.9 2462.2 0.9969788790 0.0473551117 -0.0615678616 -0.0316608101 0.9715758562 0.2346016616 0.0709274337 -0.2319436222 0.9701399207
-96.6 84.5 2502.6 0.9969294071 0.0465526022 -0.0629652515 -0.0326881073 0.9780921936 0.2055896372 0.0711565539 -0.2029001415 0.9766106009
-232.5 283.6 2451.9 0.7094593644 -0.5756251216 -0.4065994620 0.7031109333 0.6174120307 0.3527568579 0.0479836762 -0.5361511707 0.8427570462
-366.1 151.2 2442.8 -0.7831920385 -0.5756251216 -0.2350869626 -0.2277743816 0.6174120307 -0.7529417276 0.5785577297 -0.5361511707 -0.6146648526
57.8 274.1 2472.6 0.1900067627 0.5441065431 0.8172181249 -0.9234223366 0.3817501962 -0.0394708440 -0.3334495425 -0.7471377850 0.5749752522
97.5 81.3 2403.0 -0.8377876282 0.5441065431 -0.0453871936 0.2953764498 0.3817501962 -0.8757964969 -0.4592000246 -0.7471377850 -0.4805418551
-194.0 -106.5 2529.3 0.9900848866 0.0897287205 -0.1080769375 -0.0866734833 0.9957015514 0.0326518901 0.1105421856 -0.0229607392 0.9936061502
-229.6 -502.1 2538.4 0.9895763397 0.0764908046 -0.1220155954 -0.0935378522 0.9856184721 -0.1407368630 0.1094957441 0.1506829560 0.9824995399
-12.6 -108.5 2555.2 0.9688419104 0.1025597081 -0.2254481614 -0.1032489538 0.9946169257 0.0087634623 0.2251333445 0.0147868777 0.9742157459
-53.4 -503.8 2549.4 0.9604069591 -0.1515805870 -0.2337558120 0.1361991465 0.9873896837 -0.0806931630 0.2430396080 0.0456609316 0.9689410925
-171.6 207.8 2299.1 0 0 0 0 0 0 0 0 0
-117.8 157.2 2284.9 0 0 0 0 0 0 0 0 0
-254.5 -821.9 2489.5 0 0 0 0 0 0 0 0 0
-5.3 -816.9 2534.9 0 0 0 0 0 0 0 0 0
-75.3 483.5 2423.1 9 0.9981163144 0.0535267778 -0.0299790781 -0.0458505228 0.9754964709 0.2151843905 0.0407626145 -0.2134044915 0.9761132002
-86.3 282.3 2467.1 0.9981163144 0.0535267778 -0.0299790781 -0.0458505228 0.9754964709 0.2151843905 0.0407626145 -0.2134044915 0.9761132002
-97.1 87.3 2503.8 0.9980434775 0.0539700985 -0.0315673575 -0.0471765697 0.9813650250 0.1862715483 0.0410321914 -0.1844178587 0.9819910526
-231.8 289.1 2461.1 0.6879087090 -0.5723801851 -0.4462762475 0.7184168696 0.6244474649 0.3065004945 0.1032412499 -0.5314567685 0.8407704234
-366.2 148.7 2441.0 -0.7876470685 -0.5723801851 -0.2280196398 -0.2384649962 0.6244474649 -0.7437740564 0.5681078434 -0.5314567685 -0.6283368468
59.2 275.4 2473.0 0.1899557710 0.5342756510 0.8236906528 -0.9217071533 0.3860366046 -0.0378374755 -0.3381904066 -0.7520141602 0.5657755733
99.3 80.8 2401.6 -0.8438061476 0.5342756510 -0.0504057892 0.2966076434 0.3860366046 -0.8734984994 -0.4472305179 -0.7520141602 -0.4842103124
-197.0 -106.9 2536.5 0.9930717945 0.0870062932 -0.0789829865 -0.0865810290 0.9962059259 0.0087994821 0.0794489309 -0.0019000887 0.9968371391
-231.6 -502.6 2537.2 0.9933844209 0.0702780411 -0.0908206850 -0.0823203400 0.9872150421 -0.1364909261 0.0800672397 0.1430643499 0.9864693880
-14.8 -112.8 2549.5 0.9759825468 0.0964285433 -0.1953447461 -0.0974139422 0.9952334166 0.0045796055 0.1948552281 0.0145596862 0.9807239175
-53.1 -508.3 2543.7 0.9670873284 -0.1554608196 -0.2014300376 0.1456214637 0.9873406887 -0.0628710911 0.2086540610 0.0314692929 0.9774830937
-171.8 207.6 2300.7 0 0 0 0 0 0 0 0 0
-117.2 156.9 2286.9 0 0 0 0 0 0 0 0 0
-254.1 -818.7 2491.4 0 0 0 0 0 0 0 0 0
-4.4 -817.3 2533.8 0 0 0 0 0 0 0 0 0
-70.6 483.4 2418.4 0 0.9850026369 0.0643826872 -0.1600772142 -0.0263303798 0.9729954004 0.2293178588 0.1705184877 -0.2216638029 0.9600982070
-84.0 281.6 2464.4 0.9850026369 0.0643826872 -0.1600772142 -0.0263303798 0.9729954004 0.2293178588 0.1705184877 -0.2216638029 0.9600982070
-96.2 87.1 2502.9 0.9849540591 0.0606119521 -0.1618386060 -0.0270890705 0.9790500402 0.2018099576 0.1706801951 -0.1943894774 0.9659611583
-226.5 285.4 2439.7 0.7118829489 -0.5786477327 -0.3979817331 0.7022961378 0.5851992965 0.4053664207 -0.0016657347 -0.5680744648 0.8229754567
-366.5 147.3 2440.0 -0.7953523397 -0.5786477327 -0.1805032343 -0.2507435679 0.5851992965 -0.7711481452 0.5518534780 -0.5680744648 -0.6105318069
58.5 277.9 2489.1 0.1897913665 0.5339566469 0.8239353895 -0.8963426352 0.4367053807 -0.0765395835 -0.4006858468 -0.7240018249 0.5614910126
100.2 81.2 2401.1 -0.8452872038 0.5339566469 -0.0194878206 0.2954506278 0.4367053807 -0.8497042656 -0.4451948106 -0.7240018249 -0.5268993378
-199.2 -103.4 2536.7 0.9746717215 0.0803772733 -0.2086971700 -0.0798698068 0.9967460036 0.0108716553 0.2088918984 0.0060723079 0.9779198766
-231.2 -499.4 2534.3 0.9735094309 0.0717673227 -0.2170917392 -0.0981992483 0.9886712432 -0.1135170534 0.2064855397 0.1318281740 0.9695282578
-16.6 -111.9 2544.2 0.9429897666 0.0935913175 -0.3193916082 -0.0869576856 0.9955969453 0.0350009985 0.3212611079 -0.0052320291 0.9469761848
-53.8 -507.5 2546.3 0.9302441478 -0.1626378149 -0.3289296925 0.1382787228 0.9856994748 -0.0963094458 0.3398893774 0.0441073179 0.9394305348
-171.9 208.7 2305.0 0 0 0 0 0 0 0 0 0
-116.3 156.8 2287.1 0 0 0 0 0 0 0 0 0
-254.3 -818.7 2491.8 0 0 0 0 0 0 0 0 0
-2.8 -816.3 2532.5 0 0 0 0 0 0 0 0 0
-67.8 484.2 2416.1 1 0.9797021747 0.0701859891 -0.1877700239 -0.0243922062 0.9714810848 0.2358590811 0.1989690214 -0.2264915258 0.9534741044
-82.3 283.4 2462.9 0.9797021747 0.0701859891 -0.1877700239 -0.0243922062 0.9714810848 0.2358590811 0.1989690214 -0.2264915258 0.9534741044
-95.6 89.2 2502.5 0.9796031117 0.0663921386 -0.1896571517 -0.0258059241 0.9775903821 0.2089283615 0.1992782056 -0.1997725964 0.9593638778
-224.7 287.1 2433.9 0.7221165299 -0.5639712811 -0.4006046653 0.6908386946 0.5578541756 0.4599354863 -0.0359114073 -0.6088802218 0.7924488783
-366.4 151.5 2441.0 -0.8125873208 -0.5639712811 -0.1470993459 -0.2435494959 0.5578541756 -0.7933992147 0.5295143723 -0.6088802218 -0.5906601548
60.0 279.8 2491.9 0.1804524213 0.5387798548 0.8228932023 -0.8960123062 0.4351376891 -0.0884146616 -0.4057078958 -0.7213677764 0.5612750053
99.7 82.6 2402.6 -0.8421782255 0.5387798548 -0.0212623570 0.2998115122 0.4351376891 -0.8489807248 -0.4481616318 -0.7213677764 -0.5279958844
-197.8 -105.0 2526.0 0.9680606127 0.0877037123 -0.2348759323 -0.0800798461 0.9959107041 0.0418217592 0.2375833839 -0.0216771699 0.9711252451
-232.7 -500.6 2534.6 0.9668031335 0.0708381906 -0.2455070317 -0.1005359218 0.9887655973 -0.1106122136 0.2349133343 0.1316225082 0.9630634785
-18.9 -109.8 2557.0 0.9325649738 0.0888910517 -0.3498870134 -0.0924817994 0.9956933856 0.0064676395 0.3489550948 0.0263266861 0.9367696047
-54.2 -505.3 2546.5 0.9210838079 -0.1555852294 -0.3569283187 0.1313203722 0.9871173501 -0.0914015695 0.3665508926 0.0373165458 0.9296493530
-165.3 211.8 2309.9 0 0 0 0 0 0 0 0 0
-114.3 158.8 2288.7 0 0 0 0 0 0 0 0 0
-255.2 -815.7 2492.7 0 0 0 0 0 0 0 0 0
-4.8 -818.6 2534.7 0 0 0 0 0 0 0 0 0
-67.0 483.1 2415.4 2 0.9737966657 0.0688193738 -0.2167578489 -0.0165363364 0.9720188975 0.2343199998 0.2268184721 -0.2245956510 0.9476867318
-81.2 282.6 2461.7 0.9737966657 0.0688193738 -0.2167578489 -0.0165363364 0.9720188975 0.2343199998 0.2268184721 -0.2245956510 0.9476867318
-94.0 88.2 2501.1 0.9736734033 0.0646415353 -0.2185898572 -0.0183369052 0.9780521989 0.2075514346 0.2272087485 -0.1980790645 0.9534887671
-223.0 285.2 2428.6 0.7265655994 -0.5426506400 -0.4214650095 0.6861401796 0.5406600833 0.4867220223 -0.0362506881 -0.6428195238 0.7651594281
-364.9 151.1 2435.7 -0.8322291374 -0.5426506400 -0.1136878207 -0.2424935848 0.5406600833 -0.8055330515 0.4985894859 -0.6428195238 -0.5815423727
60.6 280.0 2494.9 0.1771762520 0.5391918421 0.8233351707 -0.8992021680 0.4287407398 -0.0872745812 -0.4000550508 -0.7248817682 0.5608051419
100.0 80.0 2405.9 -0.8415838480 0.5391918421 -0.0317624323 0.3067593575 0.4287407398 -0.8497529626 -0.4445619881 -0.7248817682 -0.5262234211
-198.3 -102.8 2524.0 0.9614268541 0.0867046416 -0.2610378265 -0.0730119422 0.9954193234 0.0617222227 0.2651937008 -0.0402825214 0.9633533359
-232.7 -498.2 2540.0 0.9596696496 0.0692753941 -0.2724611163 -0.1054794416 0.9870878458 -0.1205475405 0.2605920732 0.1444248706 0.9545853734
-19.6 -107.4 2560.4 0.9214324951 0.0936520100 -0.3770827651 -0.1019470543 0.9947876930 -0.0020511574 0.3749252260 0.0403324813 0.9261772633
-56.8 -502.6 2544.4 0.9099379778 -0.1569061726 -0.3839183450 0.1320169866 0.9871048927 -0.0905285999 0.3931721747 0.0316916704 0.9189185500
-153.9 212.6 2309.3 0 0 0 0 0 0 0 0 0
-114.5 158.2 2292.6 0 0 0 0 0 0 0 0 0
-255.1 -816.7 2493.4 0 0 0 0 0 0 0 0 0
-6.8 -816.7 2534.3 0 0 0 0 0 0 0 0 0
-67.6 480.7 2416.1 3 0.9749227762 0.0651670545 -0.2127882391 -0.0149155138 0.9731490612 0.2296921164 0.2220430374 -0.2207582295 0.9497171640
-81.0 280.3 2461.6 0.9749227762 0.0651670545 -0.2127882391 -0.0149155138 0.9731490612 0.2296921164 0.2220430374 -0.2207582295 0.9497171640
-93.2 85.8 2500.4 0.9748149514 0.0613067560 -0.2144232541 -0.0165798701 0.9787347317 0.2044589221 0.2223981917 -0.1957544982 0.9551016688
-223.2 282.7 2429.1 0.7320781946 -0.5197362304 -0.4403814077 0.6811485887 0.5490782261 0.4843033254 -0.0099061411 -0.6545130610 0.7559857965
-363.3 152.3 2431.0 -0.8466162682 -0.5197362304 -0.1145215109 -0.2283242494 0.5490782261 -0.8039783239 0.4807379246 -0.6545130610 -0.5835269094
61.2 277.9 2494.0 0.1766705513 0.5599032640 0.8095034957 -0.9176341891 0.3911621571 -0.0702826008 -0.3559985757 -0.7304112315 0.5828931928
100.9 71.6 2413.9 -0.8272891641 0.5599032640 -0.0458370075 0.3126938045 0.3911621571 -0.8655719161 -0.4667068124 -0.7304112315 -0.4986824691
-196.0 -104.5 2519.6 0.9620989561 0.0914168656 -0.2569213510 -0.0803211108 0.9953387976 0.0533777885 0.2606034279 -0.0307185017 0.9649571180
-232.3 -499.9 2531.8 0.9610592127 0.0679120272 -0.2678676844 -0.0976348817 0.9902623892 -0.0992362201 0.2585199773 0.1215251163 0.9583314061
-17.9 -107.8 2561.2 0.9228160977 0.0958788320 -0.3731189072 -0.1079714298 0.9940863848 -0.0115939705 0.3698008060 0.0509852841 0.9277110696
-56.0 -502.7 2541.0 0.9119976163 -0.1566898078 -0.3790892661 0.1348614246 0.9873272181 -0.0836500227 0.3873922825 0.0251641069 0.9215714931
-147.9 210.4 2308.7 0 0 0 0 0 0 0 0 0
-111.5 151.9 2294.1 0 0 0 0 0 0 0 0 0
-254.3 -820.5 2492.5 0 0 0 0 0 0 0 0 0
-6.1 -817.3 2532.9 0 0 0 0 0 0 0 0 0
-66.3 479.8 2415.9 4 0.9674837589 0.0762426108 -0.2411685437 -0.0176880937 0.9715471268 0.2361848056 0.2523139715 -0.2242391407 0.9413046837
-82.0 279.7 2462.1 0.9674837589 0.0762426108 -0.2411685437 -0.0176880937 0.9715471268 0.2361848056 0.2523139715 -0.2242391407 0.9413046837
-96.2 85.5 2501.6 0.9673560858 0.0715557858 -0.2431089878 -0.0193714947 0.9773809314 0.2105974406 0.2526795566 -0.1990133226 0.9468615055
-223.1 282.5 2425.2 0.7344940901 -0.4795330465 -0.4801734388 0.6784217358 0.5019809604 0.5364317894 -0.0161988735 -0.7197660804 0.6940276623
-363.7 152.7 2428.3 -0.8753298521 -0.4795330465 -0.0620137751 -0.2156630158 0.5019809604 -0.8375586867 0.4327668250 -0.7197660804 -0.5428164601
59.2 276.9 2499.0 0.1894739121 0.5712738037 0.7985899448 -0.9189308286 0.3897113204 -0.0607551634 -0.3459273577 -0.7223373652 0.5988012552
102.8 65.6 2419.4 -0.8194115758 0.5712738037 -0.0470200889 0.3212242424 0.3897113204 -0.8630990982 -0.4747416675 -0.7223373652 -0.5028409958
-194.6 -107.1 2519.0 0.9529950023 0.0988242254 -0.2864163220 -0.0847942457 0.9945287108 0.0610127226 0.2908788025 -0.0338583626 0.9561606050
-233.9 -502.3 2532.4 0.9522006512 0.0644996241 -0.2985861003 -0.0983690247 0.9901313782 -0.0998169184 0.2892013192 0.1244173646 0.9491485357
-16.1 -110.1 2559.7 0.9107888937 0.0950952023 -0.4017716646 -0.1058642864 0.9943698049 -0.0046300385 0.3990693390 0.0467502587 0.9157281518
-53.9 -505.3 2541.1 0.9002069235 -0.1514126956 -0.4082911313 0.1265768707 0.9881029725 -0.0873542130 0.4166602194 0.0269566569 0.9086625576
-139.1 208.0 2317.3 0 0 0 0 0 0 0 0 0
-108.8 148.5 2296.8 0 0 0 0 0 0 0 0 0
-254.5 -817.8 2492.8 0 0 0 0 0 0 0 0 0
-6.1 -817.1 2532.6 0 0 0 0 0 0 0 0 0
-64.6 483.7 2424.8 5 0.9619866014 0.0810106918 -0.2608045936 -0.0230793003 0.9756896496 0.2179383188 0.2721196711 -0.2036345601 0.9404700398
-81.3 283.0 2466.7 0.9619866014 0.0810106918 -0.2608045936 -0.0230793003 0.9756896496 0.2179383188 0.2721196711 -0.2036345601 0.9404700398
-96.1 88.0 2502.0 0.9619027972 0.0748958737 -0.2629327476 -0.0241313446 0.9812493920 0.1912257820 0.2723246217 -0.1775956899 0.9456738830
-221.7 286.5 2427.0 0.7455128431 -0.4665965736 -0.4759182930 0.6664667726 0.5157760978 0.5383280516 -0.0057147108 -0.7185142040 0.6954888105
-370.1 153.8 2428.1 -0.8821008801 -0.4665965736 -0.0646972209 -0.2119424492 0.5157760978 -0.8300936222 0.4206880927 -0.7185142040 -0.5538581610
59.1 279.4 2506.5 0.1916107684 0.5709334612 0.7983234525 -0.9142887592 0.3995949626 -0.0663322136 -0.3568772972 -0.7171881795 0.5985647440
104.7 62.1 2421.6 -0.8195384741 0.5709334612 -0.0489050858 0.3294270933 0.3995949626 -0.8554540873 -0.4688651264 -0.7171881795 -0.5155643821
-199.1 -106.9 2518.0 0.9487044811 0.0873389766 -0.3038613200 -0.0699740201 0.9952559471 0.0675965250 0.3083235919 -0.0428667255 0.9503152370
-233.8 -502.4 2535.0 0.9468972683 0.0665401369 -0.3145757914 -0.1064040735 0.9880760312 -0.1112832427 0.3034200072 0.1388459504 0.9426866174
-21.8 -110.4 2564.3 0.9037238955 0.0824275091 -0.4201057255 -0.0982906893 0.9950256944 -0.0162105653 0.4166797996 0.0559423566 0.9073303938
-54.6 -505.8 2542.0 0.8920322657 -0.1532054543 -0.4252134562 0.1253422946 0.9877507091 -0.0929401815 0.4342438281 0.0296084154 0.9003086090
-140.4 209.0 2318.6 0 0 0 0 0 0 0 0 0
-106.9 147.1 2300.6 0 0 0 0 0 0 0 0 0
-255.0 -818.0 2490.7 0 0 0 0 0 0 0 0 0
-6.6 -815.3 2532.8 0 0 0 0 0 0 0 0 0
-65.6 490.7 2438.3 6 0.9771462679 0.0800815299 -0.1969064623 -0.0420581400 0.9808450341 0.1901949495 0.2083658278 -0.1775667667 0.9617971182
-82.1 288.1 2475.0 0.9771462679 0.0800815299 -0.1969064623 -0.0420581400 0.9808450341 0.1901949495 0.2083658278 -0.1775667667 0.9617971182
-97.0 92.3 2504.7 0.9771572948 0.0742295533 -0.1991320252 -0.0419171490 0.9859281182 0.1618291140 0.2083423734 -0.1497854441 0.9665184021
-224.5 294.1 2444.7 0.7399740815 -0.4336862564 -0.5141542554 0.6688086390 0.5558099747 0.4937309921 0.0716477111 -0.7092189193 0.7013381124
-382.4 151.4 2429.4 -0.8986129165 -0.4336862564 -0.0664159805 -0.2087710500 0.5558099747 -0.8046675920 0.3858879209 -0.7092189193 -0.5899991393
60.3 282.1 2505.3 0.1869893670 0.5502527952 0.8137916327 -0.9200573564 0.3884202242 -0.0512273274 -0.3442811072 -0.7391560078 0.5788945556
104.7 63.6 2423.5 -0.8323135376 0.5502527952 -0.0669028461 0.3260675967 0.3884202242 -0.8618640900 -0.4482567012 -0.7391560078 -0.5027070045
-199.1 -104.7 2512.3 0.9677348733 0.0850325674 -0.2371890694 -0.0675020516 0.9944183230 0.0810907930 0.2427605093 -0.0624636412 0.9680731297
-232.9 -499.8 2537.1 0.9658691883 0.0688624084 -0.2497092783 -0.1034504101 0.9863460660 -0.1281385720 0.2374758273 0.1495976299 0.9598050714
-22.8 -109.1 2562.2 0.9294683933 0.0843070298 -0.3591390252 -0.0998773575 0.9946859479 -0.0249870643 0.3551239669 0.0590945445 0.9329495430
-56.3 -504.4 2538.7 0.9188019037 -0.1546901017 -0.3631446660 0.1353375167 0.9876997471 -0.0783131495 0.3707921803 0.0228071716 0.9284358025
-146.8 206.1 2328.2 0 0 0 0 0 0 0 0 0
-107.1 146.6 2309.5 0 0 0 0 0 0 0 0 0
-255.0 -816.6 2489.1 0 0 0 0 0 0 0 0 0
-7.5 -816.2 2531.5 0 0 0 0 0 0 0 0 0
-64.5 492.7 2442.5 7 0.9834129810 0.0834156647 -0.1610612124 -0.0536152981 0.9819810390 0.1812144518 0.1732751727 -0.1695733070 0.9701652527
-81.8 288.7 2477.8 0.9834129810 0.0834156647 -0.1610612124 -0.0536152981 0.9819810390 0.1812144518 0.1732751727 -0.1695733070 0.9701652527
-97.5 92.7 2506.2 0.9834427834 0.0786401406 -0.1632667035 -0.0532534048 0.9865685105 0.1544234902 0.1732176840 -0.1431721598 0.9744215608
-225.2 296.4 2452.5 0.7327982187 -0.4091299772 -0.5437089801 0.6678439975 0.5855178237 0.4595141709 0.1303502768 -0.6998439431 0.7023014426
-384.0 151.6 2424.3 -0.9108406901 -0.4091299772 -0.0546072200 -0.2161605358 0.5855178237 -0.7813088298 0.3516303599 -0.6998439431 -0.6217512488
61.6 281.0 2503.0 0.1688761562 0.5436569452 0.8221423030 -0.9296320677 0.3650230169 -0.0504226647 -0.3275135159 -0.7557746768 0.5670446157
101.4 61.8 2425.7 -0.8334135413 0.5436569452 -0.0992924720 0.3413099349 0.3650230169 -0.8661788106 -0.4346600771 -0.7557746768 -0.4897706509
-201.3 -99.8 2515.4 0.9758250713 0.0794759169 -0.2035904080 -0.0694090948 0.9960079193 0.0561299175 0.2072386444 -0.0406419523 0.9774458408
-232.9 -495.5 2531.6 0.9742569327 0.0697418600 -0.2143815756 -0.0970501229 0.9880661368 -0.1196100116 0.2034813464 0.1373366416 0.9693987966
-22.6 -107.3 2553.5 0.9422602654 0.0835069716 -0.3243026137 -0.0915288031 0.9957568049 -0.0095322141 0.3221305311 0.0386648551 0.9459053874
-55.8 -502.9 2538.1 0.9315197468 -0.1552165449 -0.3289054632 0.1391377002 0.9876501560 -0.0720271468 0.3360233307 0.0213315617 0.9416120648
-145.8 208.1 2332.3 0 0 0 0 0 0 0 0 0
-107.6 147.4 2316.7 0 0 0 0 0 0 0 0 0
-255.5 -815.8 2487.0 0 0 0 0 0 0 0 0 0
-6.3 -817.6 2531.3 0 0 0 0 0 0 0 0 0
-64.7 488.9 2444.2 8 0.9866315126 0.0904505253 -0.1355618536 -0.0650343373 0.9812574387 0.1813955903 0.1494283974 -0.1701544225 0.9740218520
-83.4 285.7 2479.4 0.9866315126 0.0904505253 -0.1355618536 -0.0650343373 0.9812574387 0.1813955903 0.1494283974 -0.1701544225 0.9740218520
-100.2 89.6 2506.8 0.9867750406 0.0842447951 -0.1384839118 -0.0634168014 0.9868806601 0.1484752744 0.1491753608 -0.1377294958 0.9791717529
-227.4 294.9 2457.6 0.7366993427 -0.3666279614 -0.5682059526 0.6563740969 0.5897730589 0.4704686701 0.1626255959 -0.7195496559 0.6751305461
-388.8 151.1 2422.0 -0.9296413660 -0.3666279614 -0.0367540605 -0.2016759515 0.5897730589 -0.7819811702 0.3083727062 -0.7195496559 -0.6222174764
60.6 276.5 2501.1 0.1700527817 0.5370623469 0.8262240291 -0.9352970123 0.3519966006 -0.0363028124 -0.3103249073 -0.7665914297 0.5621708035
100.1 59.3 2429.1 -0.8367311954 0.5370623469 -0.1069813222 0.3375522792 0.3519966006 -0.8730159402 -0.4312069118 -0.7665914297 -0.4758131206
-203.3 -98.4 2518.8 0.9805724025 0.0753961429 -0.1810889244 -0.0706315562 0.9969687462 0.0326262079 0.1829998940 -0.0192017648 0.9829254150
-233.2 -494.5 2526.5 0.9793869257 0.0703580678 -0.1893436909 -0.0899719521 0.9912032485 -0.0970626697 0.1808489412 0.1120975316 0.9771017432
-23.2 -108.1 2550.5 0.9498640895 0.0847804919 -0.3009492755 -0.0907659978 0.9958545566 -0.0059356363 0.2991984785 0.0329540074 0.9536216855
-56.9 -503.8 2537.4 0.9381743073 -0.1619079560 -0.3059652746 0.1465008110 0.9865259528 -0.0728288814 0.3136342466 0.0235020258 0.9492529631
-146.1 203.7 2341.5 0 0 0 0 0 0 0 0 0
-108.8 143.6 2321.4 0 0 0 0 0 0 0 0 0
-256.0 -815.0 2490.2 0 0 0 0 0 0 0 0 0
-5.1 -819.3 2529.9 0 0 0 0 0 0 0 0 0
-65.9 486.6 2446.0 9 0.9888678789 0.0920510143 -0.1169056222 -0.0698454976 0.9808974862 0.1815536171 0.1313846260 -0.1713672131 0.9764073491
-84.9 283.6 2481.4 0.9888678789 0.0920510143 -0.1169056222 -0.0698454976 0.9808974862 0.1815536171 0.1313846260 -0.1713672131 0.9764073491
-102.1 87.4 2508.2 0.9889851213 0.0862867907 -0.1202620789 -0.0685514137 0.9871253371 0.1445139349 0.1311833858 -0.1346780062 0.9821673632
-229.3 293.6 2462.3 0.7138324976 -0.3374651372 -0.6136451960 0.6643393636 0.6035453677 0.4408924580 0.2215768844 -0.7223920226 0.6550217271
-381.8 151.6 2415.0 -0.9411094785 -0.3374651372 -0.0207420383 -0.1994059831 0.6035453677 -0.7719910741 0.2730388343 -0.7223920226 -0.6352948546
59.4 273.6 2500.6 0.1780669540 0.5305935144 0.8287114501 -0.9351518154 0.3533429801 -0.0252945013 -0.3062404692 -0.7704669237 0.5591042042
100.5 57.8 2429.9 -0.8407064080 0.5305935144 -0.1080892757 0.3352901638 0.3533429801 -0.8733437061 -0.4251978993 -0.7704669237 -0.4749604762
-207.4 -100.7 2520.5 0.9843407273 0.0636402518 -0.1643874794 -0.0621792674 0.9979664683 0.0140232733 0.1649456322 -0.0035821863 0.9862961769
-232.7 -497.1 2521.9 0.9830119014 0.0687768385 -0.1701684892 -0.0851731300 0.9922016859 -0.0910021961 0.1625826061 0.1039500237 0.9812039733
-26.6 -112.2 2547.8 0.9562311769 0.0732339919 -0.2832997739 -0.0769961402 0.9970290661 -0.0021520993 0.2823005021 0.0238708928 0.9590290189
-55.7 -508.4 2538.3 0.9450948834 -0.1547915190 -0.2878110707 0.1393750906 0.9875128269 -0.0734367892 0.2955845296 0.0292910431 0.9548674226
-135.9 203.7 2343.6 0 0 0 0 0 0 0 0 0
-109.2 141.4 2323.8 0 0 0 0 0 0 0 0 0
-254.9 -817.8 2488.3 0 0 0 0 0 0 0 0 0
-7.5 -816.3 2529.2 0 0 0 0 0 0 0 0 0
-65.5 484.2 2446.9 0 0.9910496473 0.0914964601 -0.0972056612 -0.0733338520 0.9816038609 0.1762838513 0.1115467995 -0.1675775945 0.9795279503
-84.4 281.4 2481.5 0.9910496473 0.0914964601 -0.0972056612 -0.0733338520 0.9816038609 0.1762838513 0.1115467995 -0.1675775945 0.9795279503
-101.6 85.1 2507.6 0.9911751747 0.0864380002 -0.1004999056 -0.0719448850 0.9875587821 0.1398271769 0.1113359407 -0.1313627809 0.9850624800
-229.2 291.9 2465.2 0.7230526209 -0.3387189806 -0.6020501256 0.6537731290 0.6170157194 0.4380323589 0.2231044918 -0.7103246450 0.6675801873
-387.1 149.0 2416.5 -0.9406422377 -0.3387189806 -0.0214866195 -0.2048268765 0.6170157194 -0.7598273158 0.2706255317 -0.7103246450 -0.6497697830
60.3 270.9 2497.7 0.1589689851 0.5393346548 0.8269504309 -0.9447819591 0.3262169063 -0.0311373472 -0.2865586579 -0.7763379812 0.5614120364
96.6 54.9 2432.2 -0.8325156569 0.5393346548 -0.1266325861 0.3451929092 0.3262169063 -0.8800138831 -0.4333122969 -0.7763379812 -0.4577551782
-209.9 -102.4 2523.0 0.9873255491 0.0676274970 -0.1435785592 -0.0640750974 0.9975169301 0.0292285979 0.1451987028 -0.0196583327 0.9892072082
-236.8 -498.7 2530.8 0.9869974852 0.0512472503 -0.1523472071 -0.0708581805 0.9894683361 -0.1262203604 0.1442742795 0.1353742182 0.9802340269
-28.7 -115.0 2547.0 0.9621587396 0.0701653436 -0.2633008659 -0.0704447180 0.9974803925 0.0083917249 0.2632262707 0.0104739852 0.9646772742
-56.5 -511.3 2542.8 0.9501664639 -0.1577752829 -0.2688692808 0.1387454271 0.9863664508 -0.0884927511 0.2791655958 0.0467784628 0.9591028690
-141.1 202.6 2345.7 0 0 0 0 0 0 0 0 0
-109.4 140.3 2325.0 0 0 0 0 0 0 0 0 0
-253.3 -817.5 2487.2 0 0 0 0 0 0 0 0 0
-8.0 -814.7 2528.4 0 0 0 0 0 0 0 0 0
-66.1 482.4 2446.8 1 0.9899680018 0.0925971419 -0.1067198664 -0.0731301233 0.9820737839 0.1737328023 0.1208939403 -0.1641854793 0.9789932370
-85.2 279.8 2480.7 0.9899680018 0.0925971419 -0.1067198664 -0.0731301233 0.9820737839 0.1737328023 0.1208939403 -0.1641854793 0.9789932370
-102.6 83.5 2506.2 0.9900682569 0.0875285119 -0.1100164056 -0.0720336810 0.9878538251 0.1376805007 0.1207311004 -0.1283882111 0.9843477607
-229.8 290.3 2463.1 0.7257827520 -0.3285022378 -0.6044217348 0.6477215886 0.6222849488 0.4395658672 0.2317241728 -0.7105263472 0.6644216776
-388.4 148.7 2412.4 -0.9442793727 -0.3285022378 -0.0205601696 -0.2000063807 0.6222849488 -0.7568083405 0.2614075243 -0.7105263472 -0.6533133984
59.4 269.3 2498.3 0.1670970470 0.5436893702 0.8224843144 -0.9457687140 0.3240888119 -0.0220897552 -0.2785679400 -0.7741888165 0.5683586597
97.4 54.1 2434.9 -0.8300614357 0.5436893702 -0.1240964606 0.3440279365 0.3240888119 -0.8812554479 -0.4389109313 -0.7741888165 -0.4560579360
-209.7 -104.5 2523.5 0.9859065413 0.0683308989 -0.1527062654 -0.0640092641 0.9974020123 0.0330452994 0.1545675546 -0.0228049587 0.9877189994
-236.9 -500.8 2532.6 0.9855378270 0.0503971204 -0.1617880613 -0.0718555152 0.9889526963 -0.1296508461 0.1534667164 0.1394011676 0.9782716036
-28.0 -117.7 2543.9 0.9599049091 0.0688462779 -0.2717402875 -0.0663175806 0.9976272583 0.0184895471 0.2723684609 0.0002729520 0.9621930122
-55.4 -514.1 2543.8 0.9480819702 -0.1550394893 -0.2776747942 0.1345121264 0.9866662025 -0.0916312858 0.2881788015 0.0495233424 0.9562951326
-141.3 201.1 2344.0 0 0 0 0 0 0 0 0 0
-109.4 139.9 2325.6 0 0 0 0 0 0 0 0 0
-253.1 -819.1 2487.7 0 0 0 0 0 0 0 0 0
-7.7 -817.2 2528.6 0 0 0 0 0 0 0 0 0
-67.3 483.7 2446.8 2 0.9902012944 0.0938913152 -0.1033720151 -0.0751783997 0.9822232723 0.1720048338 0.1176841557 -0.1625480652 0.9796573520
-86.7 280.8 2480.4 0.9902012944 0.0938913152 -0.1033720151 -0.0751783997 0.9822232723 0.1720048338 0.1176841557 -0.1625480652 0.9796573520
-104.1 84.4 2505.3 0.9904022813 0.0877130255 -0.1068164632 -0.0729979649 0.9882031679 0.1346321851 0.1173653603 -0.1255426407 0.9851215482
-231.3 291.4 2463.2 0.7043293715 -0.3318785131 -0.6275163889 0.6605444551 0.6301775575 0.4081143439 0.2600023746 -0.7019493580 0.6630730629
-382.0 150.1 2407.6 -0.9430403709 -0.3318785131 -0.0230552778 -0.2034553289 0.6301775575 -0.7493211627 0.2632125020 -0.7019493580 -0.6618053317
58.0 270.1 2497.5 0.1813801974 0.5512179732 0.8144077659 -0.9474650621 0.3198129535 -0.0054459632 -0.2634600699 -0.7706350684 0.5802674890
99.2 55.1 2437.7 -0.8265066743 0.5512179732 -0.1142167374 0.3357301950 0.3198129535 -0.8860050440 -0.4518538713 -0.7706350684 -0.4493880570
-210.8 -106.2 2520.6 0.9869436026 0.0613862090 -0.1489095986 -0.0560239255 0.9976300001 0.0399455354 0.1510087997 -0.0310814884 0.9880436659
-235.2 -502.6 2533.0 0.9857787490 0.0597660989 -0.1570612639 -0.0801719129 0.9886601567 -0.1269785017 0.1476912051 0.1377646029 0.9793917537
-29.2 -119.4 2542.8 0.9608783126 0.0680614859 -0.2684782147 -0.0654851720 0.9976810813 0.0185503960 0.2691181898 -0.0002433313 0.9631071091
-56.3 -515.9 2542.9 0.9487964511 -0.1568280756 -0.2742083073 0.1376312822 0.9865644574 -0.0880240276 0.2843288183 0.0457772426 0.9576333165
-135.7 203.3 2338.9 0 0 0 0 0 0 0 0 0
-108.7 139.6 2324.1 0 0 0 0 0 0 0 0 0
-254.4 -821.0 2488.6 0 0 0 0 0 0 0 0 0
-8.4 -817.2 2528.9 0 0 0 0 0 0 0 0 0
-65.0 489.8 2446.8 3 0.9845329523 0.1003242508 -0.1436310560 -0.0738054737 0.9810183048 0.1793205887 0.1588948965 -0.1659462750 0.9732493162
-85.8 286.6 2481.1 0.9845329523 0.1003242508 -0.1436310560 -0.0738054737 0.9810183048 0.1793205887 0.1588948965 -0.1659462750 0.9732493162
-104.5 90.5 2507.0 0.9846302271 0.0940147266 -0.1471890062 -0.0728208497 0.9869980216 0.1432901919 0.1587466449 -0.1303694099 0.9786742926
-229.5 297.3 2458.0 0.6841356158 -0.3285423219 -0.6511669159 0.6763979793 0.6197846532 0.3979355693 0.2728446126 -0.7126899362 0.6462421417
-377.9 150.5 2398.8 -0.9443866014 -0.3285423219 -0.0139255906 -0.2044442743 0.6197846532 -0.7576737404 0.2575587630 -0.7126899362 -0.6524849534
57.9 276.0 2504.3 0.1809923649 0.5506472588 0.8148799539 -0.9407551885 0.3385083377 -0.0197933167 -0.2867427766 -0.7630200982 0.5792917013
100.3 56.0 2437.3 -0.8284795880 0.5506472588 -0.1020252258 0.3333509564 0.3385083377 -0.8799370527 -0.4499985576 -0.7630200982 -0.4640060365
-212.3 -105.3 2519.5 0.9800028205 0.0626487508 -0.1888639927 -0.0524734408 0.9969127178 0.0584082454 0.1919401288 -0.0473299026 0.9802646637
-237.2 -501.4 2538.3 0.9788684249 0.0532125831 -0.1974463016 -0.0812558159 0.9872652888 -0.1367653459 0.1876542419 0.1499189436 0.9707266092
-30.7 -118.7 2541.0 0.9489531517 0.0662525743 -0.3083804250 -0.0629161447 0.9978028536 0.0207618084 0.3090783954 -0.0002998759 0.9510365129
-57.0 -515.2 2541.1 0.9361932874 -0.1583369076 -0.3138017654 0.1369290650 0.9865496159 -0.0892765746 0.3237167895 0.0406115465 0.9452820420
-131.2 203.9 2331.5 0 0 0 0 0 0 0 0 0
-108.5 140.0 2323.9 0 0 0 0 0 0 0 0 0
-254.4 -819.2 2490.0 0 0 0 0 0 0 0 0 0
-8.6 -817.3 2528.7 0 0 0 0 0 0 0 0 0
-66.1 497.8 2454.8 4 0.9844960570 0.0943350270 -0.1478796899 -0.0701421872 0.9844531417 0.1610343605 0.1607718170 -0.1481650919 0.9758071303
-85.7 293.9 2485.5 0.9844960570 0.0943350270 -0.1478796899 -0.0701421872 0.9844531417 0.1610343605 0.1607718170 -0.1481650919 0.9758071303
-103.6 97.4 2508.4 0.9844368696 0.0900249779 -0.1509291232 -0.0707761422 0.9891951084 0.1283889562 0.1608565748 -0.1157086417 0.9801717401
-229.4 304.3 2462.0 0.6547388434 -0.3257057369 -0.6820797920 0.6875799298 0.6314392686 0.3584945202 0.3139282465 -0.7037046552 0.6373764873
-375.3 151.0 2392.0 -0.9452674389 -0.3257057369 -0.0196291003 -0.2020255327 0.6314392686 -0.7486455441 0.2562327385 -0.7037046552 -0.6626798511
58.1 283.6 2508.9 0.1687586308 0.5654162765 0.8073567748 -0.9355095029 0.3498242497 -0.0494465642 -0.3103908598 -0.7469454408 0.5879881382
98.9 57.5 2433.9 -0.8200683594 0.5654162765 -0.0882741287 0.3353534639 0.3498242497 -0.8747348189 -0.4637088776 -0.7469454408 -0.4764941037
-213.4 -99.0 2518.4 0.9798032045 0.0575128235 -0.1915148497 -0.0476683006 0.9973132610 0.0556236058 0.1941993684 -0.0453710034 0.9799122810
-236.3 -495.3 2536.4 0.9782792926 0.0589607693 -0.1987292022 -0.0848456770 0.9886029363 -0.1243600547 0.1891319156 0.1385201812 0.9721323252
-33.0 -112.3 2547.5 0.9482307434 0.0620385036 -0.3114638329 -0.0633578077 0.9979735017 0.0058914181 0.3111981153 0.0141472407 0.9502397776
-57.6 -508.9 2541.8 0.9352006316 -0.1596593261 -0.3160832524 0.1368702352 0.9861962795 -0.0931852385 0.3265980184 0.0438845120 0.9441440105
-128.2 203.9 2325.0 0 0 0 0 0 0 0 0 0
-107.5 141.9 2317.2 0 0 0 0 0 0 0 0 0
-255.6 -819.7 2490.9 0 0 0 0 0 0 0 0 0
-7.6 -817.6 2528.1 0 0 0 0 0 0 0 0 0
-66.8 504.2 2458.3 5 0.9858800173 0.0956901833 -0.1374188215 -0.0749135315 0.9859765768 0.1491245925 0.1497614980 -0.1367244273 0.9792231321
-86.7 299.5 2486.7 0.9858800173 0.0956901833 -0.1374188215 -0.0749135315 0.9859765768 0.1491245925 0.1497614980 -0.1367244273 0.9792231321
-104.6 102.8 2508.6 0.9860615134 0.0900375023 -0.1399138868 -0.0729828030 0.9897711873 0.1225824580 0.1495197415 -0.1106625423 0.9825465083
-230.7 310.1 2464.8 0.6247984767 -0.3294780254 -0.7078637481 0.6996067166 0.6387702227 0.3201922476 0.3466659486 -0.6952818632 0.6296076775
-372.3 151.5 2386.2 -0.9437190294 -0.3294780254 -0.0289598331 -0.2002150565 0.6387702227 -0.7428906560 0.2632648349 -0.6952818632 -0.6687860489
57.4 288.8 2508.5 0.1489755213 0.5894449353 0.7939527631 -0.9405648112 0.3322787285 -0.0702042729 -0.3051951528 -0.7363052964 0.6039125919
93.8 58.7 2433.8 -0.8031696081 0.5894449353 -0.0864480436 0.3386091292 0.3322787285 -0.8803037405 -0.4901657403 -0.7363052964 -0.4664675891
-211.7 -92.7 2516.7 0.9820269942 0.0575338863 -0.1797577143 -0.0466334671 0.9968410134 0.0642910525 0.1828887761 -0.0547528192 0.9816077948
-234.6 -488.8 2538.4 0.9800177813 0.0660540536 -0.1876221001 -0.0924953669 0.9864001274 -0.1358655244 0.1760959774 0.1505047977 0.9727993011
-31.2 -105.6 2546.2 0.9513880610 0.0671932548 -0.3005758822 -0.0686011091 0.9976268411 0.0058804504 0.3002576828 0.0150252488 0.9537397623
-57.9 -502.1 2540.2 0.9383398890 -0.1619459987 -0.3054370582 0.1426028907 0.9861432314 -0.0847702548 0.3149328828 0.0359871052 0.9484314322
-126.5 203.7 2317.6 0 0 0 0 0 0 0 0 0
-107.2 143.5 2311.2 0 0 0 0 0 0 0 0 0
-256.4 -815.0 2488.7 0 0 0 0 0 0 0 0 0
-6.0 -818.3 2528.7 0 0 0 0 0 0 0 0 0
-68.1 508.9 2460.5 6 0.9875298142 0.0962338448 -0.1245950013 -0.0779712200 0.9865072370 0.1439582407 0.1367675215 -0.1324482262 0.9817087650
-88.1 303.7 2488.1 0.9875298142 0.0962338448 -0.1245950013 -0.0779712200 0.9865072370 0.1439582407 0.1367675215 -0.1324482262 0.9817087650
-105.7 106.9 2508.9 0.9879161119 0.0885147080 -0.1272279769 -0.0738376677 0.9905263782 0.1157821640 0.1362710893 -0.1049888507 0.9850926399
-232.4 314.5 2468.2 0.5926277041 -0.3521203101 -0.7244333625 0.7204432487 0.6339319944 0.2812326252 0.3602137566 -0.6885793209 0.6293683648
-365.7 152.4 2387.1 -0.9351297617 -0.3521203101 -0.0392887592 -0.2074020654 0.6339319944 -0.7450601459 0.2872572243 -0.6885793209 -0.6658391356
56.2 292.9 2508.0 0.1401350200 0.6088182330 0.7808344960 -0.9435995221 0.3210364282 -0.0809665993 -0.2999702692 -0.7254487872 0.6194690466
90.8 59.8 2433.9 -0.7892434001 0.6088182330 -0.0802195296 0.3375836909 0.3210364282 -0.8848575354 -0.5129640102 -0.7254487872 -0.4589030147
-212.9 -87.2 2516.9 0.9842556715 0.0575787388 -0.1671092659 -0.0486744568 0.9971925020 0.0569027662 0.1699164957 -0.0478729159 0.9842949510
-235.8 -483.5 2535.9 0.9828044176 0.0596182831 -0.1747601777 -0.0820580795 0.9888675213 -0.1241270080 0.1654144228 0.1363330632 0.9767555594
-32.1 -100.5 2544.3 0.9554432631 0.0659798756 -0.2877061367 -0.0667269677 0.9977451563 0.0072200992 0.2875337601 0.0122993616 0.9576915503
-58.3 -497.1 2539.4 0.9426351786 -0.1608154774 -0.2925360203 0.1421609521 0.9862648249 -0.0840947255 0.3020417094 0.0376834460 0.9525496364
-122.3 206.4 2312.4 0 0 0 0 0 0 0 0 0
-106.3 144.2 2305.7 0 0 0 0 0 0 0 0 0
-255.8 -816.1 2490.1 0 0 0 0 0 0 0 0 0
-6.4 -815.2 2527.3 0 0 0 0 0 0 0 0 0
-67.6 509.9 2462.6 7 0.9868500829 0.0982077271 -0.1283829808 -0.0793596730 0.9863208532 0.1444757730 0.1408154517 -0.1323874891 0.9811444879
-87.9 305.5 2490.1 0.9868500829 0.0982077271 -0.1283829808 -0.0793596730 0.9863208532 0.1444757730 0.1408154517 -0.1323874891 0.9811444879
-105.8 108.7 2510.9 0.9872587323 0.0901797488 -0.1311020702 -0.0750712678 0.9904146194 0.1159446090 0.1403012723 -0.1046253294 0.9845654368
-232.1 316.5 2469.6 0.5736771226 -0.3684801757 -0.7315168381 0.7274328470 0.6397002339 0.2482440621 0.3764784932 -0.6745412946 0.6350259781
-361.1 152.9 2384.9 -0.9280445576 -0.3684801757 -0.0543659814 -0.2106907219 0.6397002339 -0.7391840219 0.3071525991 -0.6745412946 -0.6713056564
56.3 294.5 2510.6 0.1304945946 0.6231966019 0.7711012959 -0.9416516423 0.3212943971 -0.1003099382 -0.3102633357 -0.7130188942 0.6287612319
88.7 61.0 2433.6 -0.7790940404 0.6231966019 -0.0681065544 0.3344509900 0.3212943971 -0.8859528303 -0.5302405357 -0.7130188942 -0.4587472677
-213.9 -83.2 2517.3 0.9838171601 0.0502714291 -0.1719783396 -0.0439756475 0.9982224107 0.0402264036 0.1736948788 -0.0320125669 0.9842790961
-233.9 -479.8 2530.0 0.9819763303 0.0655242130 -0.1772824675 -0.0839271545 0.9916039109 -0.0983764529 0.1693479568 0.1114821583 0.9792308211
-32.7 -96.7 2542.3 0.9541338682 0.0657712370 -0.2920662165 -0.0685795099 0.9976454377 0.0006243184 0.2914195955 0.0194340739 0.9563978910
-58.8 -493.2 2534.6 0.9414294958 -0.1617421061 -0.2958885729 0.1482041180 0.9866311550 -0.0677825734 0.3028961718 0.0199606083 0.9528145194
-119.2 207.8 2304.9 0 0 0 0 0 0 0 0 0
-106.1 144.6 2301.0 0 0 0 0 0 0 0 0 0
-256.0 -815.7 2492.2 0 0 0 0 0 0 0 0 0
-5.9 -816.0 2528.0 0 0 0 0 0 0 0 0 0
-68.3 506.6 2462.7 8 0.9857605696 0.1059151515 -0.1306064725 -0.0862203911 0.9851936102 0.1481876522 0.1443679780 -0.1348166019 0.9802970886
-90.3 301.6 2490.7 0.9857605696 0.1059151515 -0.1306064725 -0.0862203911 0.9851936102 0.1481876522 0.1443679780 -0.1348166019 0.9802970886
-109.0 104.8 2510.9 0.9864860177 0.0940995589 -0.1341292858 -0.0790554062 0.9904001951 0.1133918539 0.1435118020 -0.1012558341 0.9844549894
-234.5 313.2 2469.8 0.5598984361 -0.3799684048 -0.7363000512 0.7273276448 0.6510460973 0.2171026170 0.3968731165 -0.6570867896 0.6408812404
-357.9 152.8 2382.3 -0.9223460555 -0.3799684048 -0.0700129345 -0.2129002661 0.6510460973 -0.7285687923 0.3224147856 -0.6570867896 -0.6813851595
53.8 290.1 2511.7 0.1388826519 0.6359819770 0.7591037750 -0.9399823546 0.3259098530 -0.1010738537 -0.3116805255 -0.6995067596 0.6430750489
87.5 62.1 2436.1 -0.7699530125 0.6359819770 -0.0519546829 0.3290077448 0.3259098530 -0.8863050938 -0.5467415452 -0.6995067596 -0.4601782560
-214.3 -81.2 2518.8 0.9831595421 0.0480617918 -0.1763161868 -0.0456953272 0.9988028407 0.0174598619 0.1769442558 -0.0091090035 0.9841787219
-233.4 -478.1 2522.4 0.9816585779 0.0627549961 -0.1800227761 -0.0774047300 0.9941342473 -0.0755356029 0.1742265671 0.0880847871 0.9807579517
-33.2 -95.0 2544.5 0.9529364109 0.0654943511 -0.2960112989 -0.0717194006 0.9973726273 -0.0102082519 0.2945649624 0.0309575684 0.9551298618
-59.3 -491.4 2532.2 0.9407482743 -0.1601100564 -0.2989272177 0.1488285959 0.9870234132 -0.0602893755 0.3047010899 0.0122282086 0.9523695111
-116.2 208.6 2297.8 0 0 0 0 0 0 0 0 0
-106.2 144.8 2298.6 0 0 0 0 0 0 0 0 0
-254.6 -814.2 2492.6 0 0 0 0 0 0 0 0 0
-6.8 -814.5 2528.2 0 0 0 0 0 0 0 0 0
-69.2 503.1 2462.7 9 0.9886075854 0.1034198031 -0.1093587801 -0.0872497484 0.9857942462 0.1435172707 0.1226477847 -0.1323407441 0.9835870266
-90.7 297.7 2490.3 0.9886075854 0.1034198031 -0.1093587801 -0.0872497484 0.9857942462 0.1435172707 0.1226477847 -0.1323407441 0.9835870266
-109.4 100.8 2509.8 0.9891623259 0.0939175412 -0.1128601879 -0.0816938579 0.9907397628 0.1084471568 0.1220001653 -0.0980518535 0.9876749516
-235.2 309.6 2472.5 0.5532640219 -0.3947571814 -0.7335295677 0.7194274068 0.6703307629 0.1818814576 0.4199084640 -0.6283497810 0.6548690200
-355.9 152.7 2380.9 -0.9137547612 -0.3947571814 -0.0960156024 -0.2149628252 0.6703307629 -0.7102447748 0.3447364271 -0.6283497810 -0.6973760724
53.8 285.8 2508.1 0.1373096108 0.6483561397 0.7488527298 -0.9437561035 0.3152034581 -0.0998558402 -0.3007831275 -0.6930231452 0.6551705003
86.2 62.4 2436.9 -0.7597035170 0.6483561397 -0.0498488434 0.3274521828 0.3152034581 -0.8907423019 -0.5618057251 -0.6930231452 -0.4517668188
