215.2 523.9 2539.0 0.9998572469 -0.0107306847 0.0130516505 0.0100192595 0.9985227585 0.0534035154 -0.0136054270 -0.0532651246 0.9984877110
217.3 322.8 2549.8 0.9998572469 -0.0107306847 0.0130516505 0.0100192595 0.9985227585 0.0534035154 -0.0136054270 -0.0532651246 0.9984877110
218.3 124.2 2558.6 0.9999000430 -0.0052580638 0.0131234201 0.0046701115 0.9990012646 0.0444371440 -0.0133439666 -0.0443714149 0.9989259839
76.6 322.1 2551.6 0.2049305737 -0.7748557925 0.5979983211 0.9760790467 0.1164593995 -0.1835944951 0.0726167411 0.6213177443 0.7801865935
13.7 22.3 2529.3 0.3351842463 -0.8278639317 0.4497697651 0.8080408573 0.0071154502 -0.5890834332 0.4844806194 0.5608838797 0.6713328958
358.0 323.4 2547.9 0.2006847709 0.8005449772 0.5646709800 -0.9796305299 0.1681354195 0.1097930744 -0.0070468979 -0.5752027631 0.8179805279
417.2 34.4 2545.8 0.2795525193 0.7533723712 0.5952146649 -0.8997032642 0.4220016897 -0.1115733534 -0.3352378607 -0.5043259263 0.7957832217
131.2 -75.8 2568.8 0.9489520788 0.0176822748 0.3149241805 -0.0213001240 0.9997407198 0.0080498969 -0.3147001863 -0.0143468911 0.9490826726
124.2 -473.3 2574.5 0.9491718411 -0.0065326607 0.3146905303 0.0081723612 0.9999590516 -0.0038913845 -0.3146522045 0.0062653571 0.9491863251
314.6 -74.1 2564.2 0.9985917807 -0.0396635532 0.0352315232 0.0428722836 0.9945006967 -0.0955530778 -0.0312478002 0.0969289690 0.9948006868
330.4 -469.5 2525.6 0.9994970560 0.0186803304 0.0256254040 -0.0217653476 0.9917990565 0.1259400845 -0.0230626483 -0.1264344901 0.9917068481
-82.3 -209.2 2390.5 0 0 0 0 0 0 0 0 0
495.5 -217.5 2452.0 0 0 0 0 0 0 0 0 0
126.1 -778.4 2572.6 0 0 0 0 0 0 0 0 0
324.8 -768.0 2563.7 0 0 0 0 0 0 0 0 0
215.8 524.9 2542.4 0.9997922182 -0.0038236587 0.0200218670 0.0029640784 0.9990798235 0.0427870937 -0.0201670472 -0.0427188575 0.9988835454
216.5 323.8 2551.0 0.9997922182 -0.0038236587 0.0200218670 0.0029640784 0.9990798235 0.0427870937 -0.0201670472 -0.0427188575 0.9988835454
216.3 125.1 2558.0 0.9997988343 0.0009808273 0.0200326014 -0.0016865202 0.9993774295 0.0352407694 -0.0199855659 -0.0352674648 0.9991780519
75.8 324.0 2553.8 0.2062066197 -0.7709530592 0.6025863290 0.9751716852 0.1110996082 -0.1915647089 0.0807402954 0.6271269917 0.7747210264
11.8 21.0 2528.7 0.3186806738 -0.8316558599 0.4547429681 0.8047583103 -0.0160843004 -0.5933846831 0.5008060932 0.5550584197 0.6641561985
357.2 323.5 2548.2 0.2119729072 0.7961287498 0.5667861104 -0.9772571921 0.1762314290 0.1179442108 -0.0059867492 -0.5788967609 0.8153788447
419.9 34.7 2546.4 0.2689597011 0.7527146935 0.6009003520 -0.9017956853 0.4159212708 -0.1173628196 -0.3382679820 -0.5103235245 0.7906609178
127.6 -74.8 2568.6 0.9468070865 0.0136339283 0.3215127587 -0.0181862544 0.9997723103 0.0111598987 -0.3212874234 -0.0164133832 0.9468394518
122.2 -472.4 2575.1 0.9468575716 -0.0174789876 0.3211778998 0.0214167796 0.9997324944 -0.0087313857 -0.3209393919 0.0151459752 0.9469786286
311.1 -74.0 2566.2 0.9983341694 -0.0405836180 0.0410107002 0.0445068777 0.9940135479 -0.0997805297 -0.0367157385 0.1014395654 0.9941639304
327.2 -469.2 2525.8 0.9994627833 0.0108787334 0.0309162568 -0.0146537870 0.9920946956 0.1246328279 -0.0293160081 -0.1250189096 0.9917211533
-79.6 -209.9 2385.1 0 0 0 0 0 0 0 0 0
495.1 -217.3 2451.9 0 0 0 0 0 0 0 0 0
127.6 -780.7 2570.5 0 0 0 0 0 0 0 0 0
324.0 -766.5 2563.3 0 0 0 0 0 0 0 0 0
215.6 526.0 2543.1 0.9999330640 -0.0015181873 0.0114726676 0.0010584338 0.9992001653 0.0399741493 -0.0115241790 -0.0399593301 0.9991348386
215.9 324.1 2551.2 0.9999330640 -0.0015181873 0.0114726676 0.0010584338 0.9992001653 0.0399741493 -0.0115241790 -0.0399593301 0.9991348386
215.5 125.4 2557.2 0.9999324679 0.0018771043 0.0114709791 -0.0022270456 0.9995301366 0.0305704493 -0.0114082051 -0.0305939298 0.9994667768
75.2 324.4 2552.8 0.2032694519 -0.7762819529 0.5967141986 0.9755408168 0.1084869877 -0.1911822557 0.0836756006 0.6209806204 0.7793468237
12.5 23.8 2527.0 0.3153506219 -0.8308817744 0.4584642947 0.8153052330 -0.0100116739 -0.5789448619 0.4856247008 0.5563589334 0.6742650867
356.6 323.8 2549.6 0.2119909227 0.8016825914 0.5588960648 -0.9772645235 0.1760843992 0.1181031838 -0.0037316119 -0.5712261200 0.8207842708
420.3 30.5 2548.4 0.2618550658 0.7618417144 0.5924770832 -0.9115702510 0.3968621194 -0.1074249744 -0.3169725239 -0.5119547248 0.7983925939
124.4 -73.4 2566.9 0.9496136308 0.0027716269 0.3134106100 -0.0064417720 0.9999222755 0.0106753977 -0.3133566678 -0.0121564232 0.9495577216
123.3 -471.0 2571.7 0.9495462179 -0.0130528556 0.3133553863 0.0141525017 0.9998990893 -0.0012347519 -0.3133076429 0.0056072166 0.9496351480
307.9 -73.7 2563.2 0.9980819225 -0.0527536012 0.0323959477 0.0558641441 0.9929950237 -0.1041158512 -0.0266765300 0.1057259217 0.9940374494
328.8 -468.5 2521.2 0.9997242689 0.0138710132 0.0189459547 -0.0162975509 0.9907659292 0.1346002072 -0.0169039667 -0.1348718703 0.9907188416
-78.3 -211.0 2387.2 0 0 0 0 0 0 0 0 0
493.7 -225.3 2459.5 0 0 0 0 0 0 0 0 0
127.3 -780.2 2570.0 0 0 0 0 0 0 0 0 0
324.6 -767.6 2561.9 0 0 0 0 0 0 0 0 0
215.2 524.8 2535.9 0.9996303320 -0.0003298274 0.0271864440 -0.0011379517 0.9985426664 0.0539562181 -0.0271646213 -0.0539672114 0.9981731176
215.3 322.9 2546.8 0.9996303320 -0.0003298274 0.0271864440 -0.0011379517 0.9985426664 0.0539562181 -0.0271646213 -0.0539672114 0.9981731176
214.5 124.3 2555.3 0.9996235967 0.0038317775 0.0271664020 -0.0049853502 0.9990830421 0.0425234698 -0.0269785505 -0.0426428951 0.9987260699
74.6 323.6 2550.6 0.2008112371 -0.7680437565 0.6080983877 0.9767245650 0.1091996729 -0.1846200377 0.0753921121 0.6310184002 0.7720956802
13.1 24.7 2527.6 0.3139402270 -0.8262326121 0.4677405059 0.8163123131 -0.0166852903 -0.5773696899 0.4848460853 0.5630819201 0.6692256927
355.9 322.2 2543.1 0.2138485909 0.7931608558 0.5702320933 -0.9767992496 0.1667561531 0.1343710870 0.0114881797 -0.5857373476 0.8104194999
420.4 27.8 2546.5 0.2563606799 0.7547047734 0.6039038897 -0.9184787273 0.3848468959 -0.0910475105 -0.3011245430 -0.5313318968 0.7918398976
123.4 -73.1 2564.4 0.9446007013 -0.0003669529 0.3282216191 -0.0042875567 0.9999002814 0.0134572042 -0.3281938136 -0.0141189527 0.9445048571
123.6 -470.6 2570.0 0.9445307255 -0.0118591180 0.3282089531 0.0113453027 0.9999296069 0.0034803946 -0.3282271028 0.0004362903 0.9445987344
306.9 -73.5 2562.3 0.9972136617 -0.0572316684 0.0478484854 0.0616024695 0.9935205579 -0.0955095515 -0.0420722812 0.0981910080 0.9942778349
329.7 -468.5 2523.2 0.9992193580 0.0204410888 0.0338062085 -0.0246618092 0.9912644625 0.1295629293 -0.0308624860 -0.1302955151 0.9909947515
-77.5 -211.1 2387.5 0 0 0 0 0 0 0 0 0
492.7 -231.2 2461.6 0 0 0 0 0 0 0 0 0
127.2 -780.0 2569.9 0 0 0 0 0 0 0 0 0
323.5 -765.4 2562.3 0 0 0 0 0 0 0 0 0
216.6 522.3 2541.4 0.9999091625 0.0074228877 0.0112502798 -0.0077376571 0.9995723963 0.0281984396 -0.0110361548 -0.0282829292 0.9995390177
215.1 320.8 2547.1 0.9999091625 0.0074228877 0.0112502798 -0.0077376571 0.9995723963 0.0281984396 -0.0110361548 -0.0282829292 0.9995390177
212.9 122.1 2552.3 0.9998732805 0.0112835225 0.0112315826 -0.0115746297 0.9995896816 0.0262002908 -0.0109313428 -0.0263269730 0.9995936155
74.4 322.4 2548.6 0.1928068846 -0.7771813869 0.5990113616 0.9783686399 0.1056241542 -0.1778715700 0.0749684051 0.6203488111 0.7807349563
15.6 24.3 2525.8 0.3326264024 -0.8250495195 0.4567854404 0.8122010827 0.0044711791 -0.5833604932 0.4792589247 0.5650427341 0.6715933084
355.8 319.1 2545.5 0.2154210657 0.8024051189 0.5565426946 -0.9765208960 0.1765043586 0.1235038489 0.0008679118 -0.5700808764 0.8215880990
420.3 26.6 2545.8 0.2579307556 0.7661359906 0.5886487961 -0.9255547523 0.3707144260 -0.0769365951 -0.2771644890 -0.5249823928 0.8047194481
122.1 -73.8 2566.3 0.9497655630 -0.0046196352 0.3129281700 0.0048653567 0.9999881387 -0.0000043715 -0.3129244447 0.0015266590 0.9497768283
123.9 -471.4 2565.7 0.9497763515 -0.0079276096 0.3128289878 0.0035974130 0.9998896122 0.0144168101 -0.3129087389 -0.0125673702 0.9497000575
305.5 -74.7 2561.3 0.9974470139 -0.0641828701 0.0313044228 0.0674118325 0.9909301996 -0.1162452325 -0.0235595480 0.1180587485 0.9927271008
331.0 -468.6 2514.4 0.9994937778 0.0292247795 0.0125733539 -0.0308534894 0.9868004322 0.1589749157 -0.0077613839 -0.1592823714 0.9872025847
-80.7 -211.0 2386.9 0 0 0 0 0 0 0 0 0
493.3 -235.3 2467.4 0 0 0 0 0 0 0 0 0
126.4 -779.9 2569.5 0 0 0 0 0 0 0 0 0
322.2 -765.9 2562.4 0 0 0 0 0 0 0 0 0
218.5 522.0 2543.6 0.9999335408 0.0091628823 0.0069998270 -0.0093214000 0.9996929169 0.0229594018 -0.0067873034 -0.0230231248 0.9997118711
216.7 320.6 2548.2 0.9999335408 0.0091628823 0.0069998270 -0.0093214000 0.9996929169 0.0229594018 -0.0067873034 -0.0230231248 0.9997118711
214.1 121.9 2552.2 0.9998932481 0.0128444750 0.0069668936 -0.0129813273 0.9997163415 0.0199673176 -0.0067084478 -0.0200556256 0.9997763634
76.0 322.5 2549.2 0.2005259246 -0.7783415318 0.5949569941 0.9764685631 0.1095942259 -0.1857369989 0.0793629661 0.6182019114 0.7820025086
14.2 21.5 2524.7 0.3208398819 -0.8317739964 0.4530052841 0.8119384050 -0.0047222171 -0.5837239623 0.4876656234 0.5550943017 0.6738342047
357.4 318.8 2547.3 0.2105488032 0.8052766323 0.5542551279 -0.9775505066 0.1780779064 0.1126198396 -0.0080104647 -0.5655243993 0.8246926665
420.7 24.8 2544.8 0.2523609400 0.7712790370 0.5843308568 -0.9289566875 0.3621349037 -0.0767967254 -0.2708383203 -0.5234375596 0.8078735471
118.9 -75.5 2558.5 0.9511259794 -0.0101549374 0.3086360693 0.0029704208 0.9997137785 0.0237392448 -0.3087888062 -0.0216622334 0.9508839250
123.0 -472.9 2567.1 0.9511070251 -0.0086981840 0.3087389469 0.0054986482 0.9999217987 0.0112318210 -0.3088124990 -0.0089850174 0.9510805011
302.4 -77.7 2556.5 0.9973386526 -0.0680261925 0.0262304451 0.0705701411 0.9910949469 -0.1129187942 -0.0183154270 0.1144693643 0.9932579398
329.4 -471.7 2511.0 0.9996963143 0.0239476264 0.0058174999 -0.0245936979 0.9845472574 0.1733834743 -0.0015754810 -0.1734738797 0.9848372340
-78.3 -212.5 2384.1 0 0 0 0 0 0 0 0 0
492.3 -238.9 2468.0 0 0 0 0 0 0 0 0 0
125.6 -778.5 2569.9 0 0 0 0 0 0 0 0 0
322.3 -764.0 2562.5 0 0 0 0 0 0 0 0 0
216.9 520.5 2536.7 0.9998197556 0.0073129241 0.0175209548 -0.0079917014 0.9992076755 0.0389893577 -0.0172219463 -0.0391223505 0.9990860224
215.5 319.7 2544.5 0.9998197556 0.0073129241 0.0175209548 -0.0079917014 0.9992076755 0.0389893577 -0.0172219463 -0.0391223505 0.9990860224
213.4 121.0 2551.1 0.9997915030 0.0105756074 0.0174676962 -0.0111486185 0.9993918538 0.0330391675 -0.0171076655 -0.0332270190 0.9993013740
74.8 321.2 2547.0 0.1996068805 -0.7731009722 0.6020564437 0.9770959616 0.1107878312 -0.1816854328 0.0737606511 0.6245325804 0.7775078416
13.5 21.3 2524.3 0.3143968582 -0.8302639723 0.4602351487 0.8148313165 -0.0127102826 -0.5795587301 0.4870364666 0.5572254658 0.6725290418
356.2 318.1 2542.1 0.2170082182 0.7998300791 0.5596241951 -0.9760274887 0.1679930538 0.1383787394 0.0166665036 -0.5762379169 0.8171120286
421.5 24.2 2547.1 0.2504756451 0.7656641603 0.5924696922 -0.9317822456 0.3567581475 -0.0671227500 -0.2627618611 -0.5352401137 0.8027915359
119.9 -75.6 2556.8 0.9478660226 -0.0020376118 0.3186626434 -0.0071194065 0.9995945692 0.0275684297 -0.3185896277 -0.0283998661 0.9474672079
120.7 -473.0 2568.1 0.9476906061 -0.0188170020 0.3186352551 0.0176359024 0.9998227358 0.0065915128 -0.3187028170 -0.0006272947 0.9478544593
303.3 -78.0 2555.6 0.9971903563 -0.0646852702 0.0377786681 0.0685617179 0.9912927151 -0.1124190986 -0.0301778596 0.1146934107 0.9929424524
329.1 -472.1 2509.9 0.9995794892 0.0229222979 0.0177603755 -0.0256794915 0.9842369556 0.1749804914 -0.0134694623 -0.1753629893 0.9844117165
-77.0 -213.3 2384.1 0 0 0 0 0 0 0 0 0
492.9 -241.4 2472.2 0 0 0 0 0 0 0 0 0
126.4 -778.8 2568.3 0 0 0 0 0 0 0 0 0
322.3 -763.3 2561.8 0 0 0 0 0 0 0 0 0
217.7 520.8 2533.2 0.9999491572 0.0077114487 0.0064929123 -0.0080068316 0.9988736510 0.0467681549 -0.0061249491 -0.0468177684 0.9988846779
216.2 319.7 2542.7 0.9999491572 0.0077114487 0.0064929123 -0.0080068316 0.9988736510 0.0467681549 -0.0061249491 -0.0468177684 0.9988846779
213.7 121.1 2550.4 0.9999037385 0.0123017225 0.0064159702 -0.0125433384 0.9991570711 0.0390865542 -0.0059297299 -0.0391632691 0.9992152452
75.4 321.5 2543.5 0.2016267627 -0.7777442932 0.5953658223 0.9779208302 0.1257601082 -0.1668987572 0.0549312979 0.6158719063 0.7859289646
13.6 21.4 2526.6 0.3113407791 -0.8367943168 0.4503800571 0.8202564716 -0.0026690878 -0.5719897151 0.4798398614 0.5475108624 0.6855549216
356.9 317.9 2541.8 0.2131336629 0.8059271574 0.5523182750 -0.9768658280 0.1656404436 0.1352641284 0.0175267830 -0.5683702230 0.8225862384
420.9 24.6 2547.1 0.2562651932 0.7710165381 0.5829765797 -0.9343537092 0.3520877957 -0.0549304746 -0.2476112396 -0.5306295753 0.8106299639
119.6 -76.6 2559.3 0.9513198733 -0.0031340576 0.3081894517 -0.0019499651 0.9998670816 0.0161870625 -0.3081991971 -0.0160000324 0.9511873126
120.8 -474.1 2565.7 0.9511150718 -0.0201732945 0.3081771731 0.0148696788 0.9996983409 0.0195486061 -0.3084785640 -0.0140104787 0.9511281252
303.0 -78.7 2556.2 0.9970405698 -0.0718496144 0.0273436885 0.0745794326 0.9902972579 -0.1172572002 -0.0186534952 0.1189494655 0.9927250743
331.6 -472.4 2508.9 0.9993298054 0.0362930745 0.0047647743 -0.0365535021 0.9825770259 0.1822256595 0.0019317711 -0.1822777092 0.9832451940
-76.0 -214.5 2388.6 0 0 0 0 0 0 0 0 0
494.0 -241.9 2476.5 0 0 0 0 0 0 0 0 0
127.1 -784.5 2570.0 0 0 0 0 0 0 0 0 0
320.9 -762.1 2562.6 0 0 0 0 0 0 0 0 0
220.1 517.8 2532.0 0.9999679327 0.0079765888 -0.0007060151 -0.0079341177 0.9988425970 0.0474400520 0.0010836078 -0.0474329293 0.9988738298
218.5 316.8 2541.5 0.9999679327 0.0079765888 -0.0007060151 -0.0079341177 0.9988425970 0.0474400520 0.0010836078 -0.0474329293 0.9988738298
216.4 118.2 2549.4 0.9999471903 0.0102500180 -0.0007792593 -0.0102113476 0.9991708994 0.0394109786 0.0011825764 -0.0394009389 0.9992227554
77.7 318.3 2541.4 0.2261146456 -0.7762340307 0.5885004997 0.9730851650 0.1524173468 -0.1728414446 0.0444677211 0.6117431521 0.7898056507
8.9 22.0 2527.8 0.2961030900 -0.8471116424 0.4412763119 0.8273631930 -0.0033775894 -0.5616571307 0.4772767425 0.5314041972 0.6998689175
359.2 315.4 2541.7 0.2091014236 0.8110774755 0.5462874174 -0.9776279330 0.1603542268 0.1361255944 0.0228089094 -0.5625298619 0.8264622688
421.4 24.5 2548.5 0.2563717067 0.7765222192 0.5755751729 -0.9375279546 0.3446652889 -0.0474040881 -0.2351911217 -0.5274647474 0.8163737059
119.5 -76.4 2558.8 0.9534754753 -0.0040174397 0.3014437556 0.0030371873 0.9999884963 0.0037204598 -0.3014552295 -0.0026318261 0.9534767270
121.1 -473.9 2559.8 0.9534670115 -0.0157163627 0.3010874689 0.0035857430 0.9991608858 0.0407997295 -0.3014760613 -0.0378215723 0.9527233243
303.0 -78.7 2557.7 0.9975351095 -0.0671285614 0.0204333290 0.0690437183 0.9909468889 -0.1151397973 -0.0125191752 0.1162667796 0.9931390882
329.7 -472.7 2511.4 0.9995868206 0.0287418328 0.0002498115 -0.0283423997 0.9841750264 0.1749177575 0.0047815987 -0.1748525649 0.9845830202
-76.1 -215.6 2390.8 0 0 0 0 0 0 0 0 0
494.6 -243.3 2481.3 0 0 0 0 0 0 0 0 0
126.0 -783.9 2571.5 0 0 0 0 0 0 0 0 0
321.3 -761.5 2562.8 0 0 0 0 0 0 0 0 0
221.0 519.7 2531.4  0.9999101162 0.0132264961 -0.0021840280 -0.0131030371 0.9987025261 0.0492096692 0.0028320658 -0.0491766296 0.9987860918
218.3 318.7 2541.3 0.9999101162 0.0132264961 -0.0021840280 -0.0131030371 0.9987025261 0.0492096692 0.0028320658 -0.0491766296 0.9987860918
215.3 120.1 2549.5 0.9998775721 0.0154769318 -0.0022967879 -0.0153687401 0.9990260601 0.0413617045 0.0029347031 -0.0413213447 0.9991415739
77.6 320.9 2540.9 0.2333076745 -0.7756052613 0.5865185857 0.9715923667 0.1613124162 -0.1731662005 0.0396958850 0.6102579832 0.7912075520
6.1 23.1 2528.7 0.2845336795 -0.8481621146 0.4468351007 0.8400120139 -0.0040321667 -0.5425527692 0.4619744420 0.5297213793 0.7113190889
359.1 316.5 2541.7 0.2054527402 0.8119443655 0.5463839769 -0.9784783721 0.1594577134 0.1309706420 0.0192157291 -0.5615332127 0.8272310495
420.6 23.3 2547.5 0.2640922964 0.7768265605 0.5716605186 -0.9413646460 0.3366353810 -0.0225660875 -0.2099711001 -0.5321815014 0.8201798797
122.6 -79.5 2557.1 0.9539913535 0.0022056696 0.2998260856 -0.0054125278 0.9999366999 0.0098656351 -0.2997853160 -0.0110345474 0.9539428949
121.8 -477.0 2561.5 0.9539464712 -0.0097119240 0.2998197079 0.0016770571 0.9996328354 0.0270447042 -0.2999722660 -0.0252963845 0.9536124468
306.1 -81.4 2557.3 0.9980588555 -0.0594662316 0.0185012408 0.0612561889 0.9909559488 -0.1193900853 -0.0112342369 0.1202916503 0.9926750064
329.8 -475.4 2509.5 0.9996811748 0.0252480432 0.0003114800 -0.0249109250 0.9841683507 0.1754768938 0.0041238992 -0.1754287034 0.9844834805
-75.5 -217.8 2396.2 0 0 0 0 0 0 0 0 0
495.8 -244.6 2487.7 0 0 0 0 0 0 0 0 0
124.7 -778.2 2569.1 0 0 0 0 0 0 0 0 0
322.4 -764.7 2561.1 0 0 0 0 0 0 0 0 0
220.1 519.7 2522.6  0.9998868704 0.0132516772 0.0071156002 -0.0137361595 0.9972361326 0.0730161592 -0.0061283475 -0.0731056407 0.9973053932
217.4 318.3 2537.3 0.9998868704 0.0132516772 0.0071156002 -0.0137361595 0.9972361326 0.0730161592 -0.0061283475 -0.0731056407 0.9973053932
214.1 120.0 2549.2 0.9998365045 0.0167076457 0.0069167740 -0.0170915648 0.9980655909 0.0597742610 -0.0059047071 -0.0598827042 0.9981879592
76.7 320.8 2538.2 0.2376281470 -0.7706034184 0.5913571715 0.9709254503 0.1703047007 -0.1682263166 0.0289248694 0.6141390204 0.7886676192
4.3 24.7 2529.4 0.2769919336 -0.8506863713 0.4467752576 0.8397524953 -0.0116666043 -0.5428440571 0.4670023918 0.5255440474 0.7111344934
358.2 315.9 2536.5 0.2054432184 0.8064426780 0.5544756651 -0.9781314731 0.1504204571 0.1436402202 0.0324331261 -0.5718600154 0.8197098374
419.8 22.3 2546.3 0.2718414366 0.7697938085 0.5775116682 -0.9446287155 0.3280585706 0.0073621958 -0.1837902814 -0.5475354195 0.8163492084
120.4 -77.1 2557.4 0.9512056112 -0.0017673569 0.3085527122 -0.0037638792 0.9998427629 0.0173302703 -0.3085348308 -0.0176460054 0.9510493875
121.2 -474.6 2564.5 0.9511305094 -0.0123874964 0.3085405827 0.0058318502 0.9997374415 0.0221604332 -0.3087340593 -0.0192781016 0.9509530067
303.9 -79.9 2558.0 0.9975394607 -0.0638234690 0.0290096384 0.0670244694 0.9895530939 -0.1276417226 -0.0205600392 0.1292720139 0.9913960099
329.3 -473.4 2506.6 0.9997051954 0.0230112579 0.0077430303 -0.0240507070 0.9822283387 0.1861424744 -0.0033220516 -0.1862738431 0.9824922681
-75.6 -217.4 2394.7 0 0 0 0 0 0 0 0 0
497.0 -245.7 2494.1 0 0 0 0 0 0 0 0 0
124.9 -778.0 2570.3 0 0 0 0 0 0 0 0 0
322.5 -765.8 2562.1 0 0 0 0 0 0 0 0 0
219.2 520.5 2516.7  0.9995258451 0.0122830719 -0.0282338969 -0.0097674122 0.9961102605 0.0875724927 0.0291997343 -0.0872552022 0.9957579374
216.7 318.7 2534.4 0.9995258451 0.0122830719 -0.0282338969 -0.0097674122 0.9961102605 0.0875724927 0.0291997343 -0.0872552022 0.9957579374
214.0 120.4 2548.4 0.9995018840 0.0136543242 -0.0284524076 -0.0116111375 0.9974245429 0.0707779750 0.0293455534 -0.0704123527 0.9970862269
76.1 320.3 2530.2 0.2375473529 -0.7885616422 0.5672228932 0.9713587165 0.1893587857 -0.1435460746 0.0057862811 0.5850759149 0.8109579086
4.6 27.7 2528.5 0.2613509595 -0.8721945286 0.4134880900 0.8410310745 -0.0044482867 -0.5409685373 0.4736691117 0.4891389608 0.7323801517
357.3 317.0 2538.5 0.2099584490 0.8219488859 0.5294501185 -0.9774492979 0.1639506817 0.1330902576 0.0225896798 -0.5454540849 0.8378362060
420.6 22.6 2545.3 0.2728000581 0.7890986800 0.5503666401 -0.9487529993 0.3155113757 0.0178976394 -0.1595239192 -0.5270444751 0.8347312808
119.1 -76.9 2561.7 0.9614383578 -0.0046400460 0.2749814093 0.0023299328 0.9999592304 0.0087270262 -0.2750107050 -0.0077498094 0.9614099264
120.9 -474.4 2564.8 0.9612957835 -0.0182958767 0.2749102116 0.0132554900 0.9997084737 0.0201814845 -0.2751993239 -0.0157563072 0.9612580538
302.6 -80.0 2560.6 0.9975234866 -0.0702061281 -0.0042453981 0.0690698028 0.9891968966 -0.1293014288 0.0132772876 0.1286879778 0.9915962219
330.5 -473.3 2509.4 0.9991708994 0.0318171047 -0.0254015885 -0.0268059038 0.9837104678 0.1777503043 0.0306433085 -0.1769220233 0.9837477207
-70.4 -213.6 2392.6 0 0 0 0 0 0 0 0 0
498.0 -246.8 2500.0 0 0 0 0 0 0 0 0 0
126.5 -780.5 2569.6 0 0 0 0 0 0 0 0 0
321.1 -764.3 2561.8 0 0 0 0 0 0 0 0 0
219.7 519.1 2514.7  0.9997870922 0.0107448837 -0.0176145080 -0.0091184452 0.9959048033 0.0899472907 0.0185088459 -0.0897675231 0.9957907200
217.5 317.6 2532.9 0.9997870922 0.0107448837 -0.0176145080 -0.0091184452 0.9959048033 0.0899472907 0.0185088459 -0.0897675231 0.9957907200
215.2 119.3 2547.7 0.9997717142 0.0118334712 -0.0177893117 -0.0104767093 0.9971647263 0.0745167583 0.0186206661 -0.0743133724 0.9970610738
76.9 319.0 2530.3 0.2434582561 -0.7826221585 0.5729141235 0.9698525667 0.1899307668 -0.1526835859 0.0106795430 0.5928143263 0.8052683473
3.9 28.3 2527.1 0.2615982592 -0.8693284392 0.4193260968 0.8396914005 -0.0092325360 -0.5429853201 0.4759040475 0.4941485524 0.7275524139
358.2 316.1 2535.5 0.2140515000 0.8175634146 0.5345764756 -0.9758743048 0.1548734456 0.1538947076 0.0430269875 -0.5546208024 0.8309900165
422.2 24.5 2548.4 0.2620496452 0.7839113474 0.5628614426 -0.9458128810 0.3245045841 -0.0116066150 -0.1917496771 -0.5293200612 0.8264697790
119.6 -76.8 2559.7 0.9584221244 0.0018548541 0.2853482664 0.0002972166 0.9999718666 -0.0074984189 -0.2853541374 0.0072714607 0.9583945870
118.9 -474.4 2556.8 0.9580498338 -0.0302550625 0.2850001752 0.0170188788 0.9986633062 0.0488058813 -0.2860958278 -0.0419080853 0.9572840929
302.9 -78.9 2565.1 0.9974550009 -0.0708907098 0.0076214545 0.0712581053 0.9875380993 -0.1403236836 0.0024211686 0.1405096501 0.9900763631
331.1 -471.6 2509.2 0.9993622899 0.0323721431 -0.0150698228 -0.0291875936 0.9836860299 0.1775100678 0.0205703564 -0.1769570112 0.9840036035
-71.0 -212.1 2390.8 0 0 0 0 0 0 0 0 0
497.0 -245.5 2493.6 0 0 0 0 0 0 0 0 0
128.1 -780.4 2569.6 0 0 0 0 0 0 0 0 0
321.5 -763.8 2561.8 0 0 0 0 0 0 0 0 0
218.9 518.3 2506.8  0.9996731877 0.0089620408 -0.0239423588 -0.0062756408 0.9939107895 0.1100091562 0.0247824751 -0.1098229438 0.9936421514
217.1 316.1 2529.1 0.9996731877 0.0089620408 -0.0239423588 -0.0062756408 0.9939107895 0.1100091562 0.0247824751 -0.1098229438 0.9936421514
215.4 118.1 2547.0 0.9996721745 0.0085916007 -0.0241184924 -0.0063869115 0.9959173799 0.0900432095 0.0247936416 -0.0898596495 0.9956457615
76.4 316.9 2525.6 0.2471744269 -0.9654136300 0.0829534382 0.9689437151 0.2469027042 -0.0136805642 -0.0072740251 0.0837586969 0.9964595437
2.2 25.9 2527.8 0.2540985048 -0.9654136300 -0.0583987832 0.8190531135 0.2469027042 -0.5178716183 0.5143791437 0.0837586969 0.8534626961
357.7 315.2 2532.6 0.2183390409 0.8187255263 0.5310522914 -0.9747171402 0.1564847827 0.1594960093 0.0474818535 -0.5524500012 0.8321925402
422.5 26.0 2546.7 0.2524837554 0.7854485512 0.5650863051 -0.9400740266 0.3374328911 -0.0489885323 -0.2291566730 -0.5188541412 0.8235760927
121.1 -77.9 2560.7 0.9601333737 0.0039086360 0.2795149386 0.0035206946 0.9996538758 -0.0260723773 -0.2795200944 0.0260170475 0.9597873092
119.6 -475.3 2550.4 0.9600561261 -0.0287109371 0.2783305943 0.0063357330 0.9966972470 0.0809593126 -0.2797357738 -0.0759620517 0.9570672512
304.5 -79.9 2564.2 0.9976743460 -0.0681228787 0.0022643341 0.0678606704 0.9896249175 -0.1266392618 0.0063861897 0.1264984161 0.9919462800
331.6 -473.3 2513.9 0.9993917942 0.0301355664 -0.0175484344 -0.0268279612 0.9858961701 0.1651939303 0.0222791471 -0.1646226645 0.9861049652
-71.1 -210.4 2379.4 0 0 0 0 0 0 0 0 0
494.9 -243.3 2481.0 0 0 0 0 0 0 0 0 0
128.3 -777.5 2573.4 0 0 0 0 0 0 0 0 0
322.7 -764.7 2562.5 0 0 0 0 0 0 0 0 0
218.8 516.7 2501.3  0.9994035363 0.0076742056 -0.0336694978 -0.0034207874 0.9921997190 0.1246112362 0.0343631580 -0.1244217381 0.9916341901
217.2 314.7 2526.6 0.9994035363 0.0076742056 -0.0336694978 -0.0034207874 0.9921997190 0.1246112362 0.0343631580 -0.1244217381 0.9916341901
215.7 117.0 2547.5 0.9994010925 0.0073389094 -0.0338163264 -0.0037435228 0.9944459200 0.1051819697 0.0344004296 -0.1049923822 0.9938778877
76.6 315.2 2521.8 0.2515684664 -0.9666619301 0.0477286205 0.9677818418 0.2517856956 -0.0015030268 -0.0105644651 0.0465690047 0.9988592267
1.2 25.3 2524.9 0.2359425277 -0.9666619301 -0.0994778126 0.8052175641 0.2517856956 -0.5368692875 0.5440181494 0.0465690047 0.8377801180
357.9 314.2 2531.4 0.2193297893 0.8228679299 0.5241973400 -0.9739829302 0.1532649249 0.1669346243 0.0570240766 -0.5471729636 0.8350748420
421.7 30.8 2548.0 0.2585026324 0.7848240733 0.5632295609 -0.9241129160 0.3707570732 -0.0924906358 -0.2814102173 -0.4965786338 0.8211077452
121.9 -79.3 2562.6 0.9627395868 0.0063867434 0.2703548372 -0.0010381422 0.9998009801 -0.0199220087 -0.2704282701 0.0188990403 0.9625546336
119.4 -476.8 2555.0 0.9624249935 -0.0300738961 0.2698771358 0.0122141661 0.9976367354 0.0676144883 -0.2712727785 -0.0617775545 0.9605178833
305.3 -80.4 2567.1 0.9975427389 -0.0697922707 -0.0061256699 0.0685134307 0.9900512099 -0.1229005605 0.0146422358 0.1221788675 0.9924001098
333.1 -474.1 2518.5 0.9988952875 0.0398628823 -0.0248817820 -0.0356598981 0.9878780246 0.1510808021 0.0306026824 -0.1500266194 0.9882082343
-66.7 -206.4 2368.4 0 0 0 0 0 0 0 0 0
495.4 -232.8 2467.8 0 0 0 0 0 0 0 0 0
128.3 -772.8 2573.4 0 0 0 0 0 0 0 0 0
321.5 -760.3 2562.0 0 0 0 0 0 0 0 0 0
220.0 515.6 2499.0  0.9998371601 0.0141167445 -0.0112423887 -0.0125377430 0.9914485216 0.1298945099 0.0129799377 -0.1297324002 0.9914640784
217.2 314.2 2525.4 0.9998371601 0.0141167445 -0.0112423887 -0.0125377430 0.9914485216 0.1298945099 0.0129799377 -0.1297324002 0.9914640784
214.0 116.7 2547.4 0.9998033643 0.0161326658 -0.0115299076 -0.0147539433 0.9937080145 0.1110257357 0.0132485023 -0.1108337939 0.9937506318
76.5 316.3 2523.5 0.2487939596 -0.9667768478 0.0586866252 0.9685559273 0.2483991235 -0.0140466504 -0.0009977297 0.0603360012 0.9981776476
1.7 25.1 2523.8 0.2355805188 -0.9667768478 -0.0992188305 0.7741872668 0.2483991235 -0.5821786523 0.5874826908 0.0603360012 0.8069843054
357.8 312.2 2527.2 0.2305513620 0.8102498651 0.5388332009 -0.9705696106 0.1518908590 0.1868789792 0.0695748255 -0.5660603642 0.8214225769
423.1 37.4 2546.9 0.2621304393 0.7687774301 0.5833256841 -0.9101468921 0.3978905976 -0.1153936684 -0.3208118379 -0.5006638765 0.8039996624
122.6 -80.3 2565.2 0.9567996860 0.0132676242 0.2904449999 -0.0074038957 0.9997461438 -0.0212784223 -0.2906535864 0.0182087626 0.9566550851
117.3 -477.8 2558.0 0.9559810162 -0.0410394333 0.2905444801 0.0240720157 0.9978022575 0.0617352948 -0.2924394906 -0.0520237759 0.9548678994
306.0 -81.0 2571.5 0.9975023270 -0.0691364259 0.0144647099 0.0704389513 0.9888585806 -0.1311376691 -0.0052371626 0.1318290085 0.9912586212
333.4 -474.1 2519.1 0.9992519021 0.0382737927 -0.0055506737 -0.0369855277 0.9876745939 0.1520886719 0.0113032693 -0.1517695934 0.9883512855
-66.2 -198.0 2354.5 0 0 0 0 0 0 0 0 0
497.9 -222.2 2455.4 0 0 0 0 0 0 0 0 0
129.5 -775.4 2573.5 0 0 0 0 0 0 0 0 0
322.2 -764.6 2563.7 0 0 0 0 0 0 0 0 0
221.2 520.3 2507.4  0.9996665120 0.0217737351 0.0138847111 -0.0230827630 0.9944769740 0.1023849621 -0.0115787219 -0.1026713178 0.9946479201
216.8 318.4 2528.2 0.9996665120 0.0217737351 0.0138847111 -0.0230827630 0.9944769740 0.1023849621 -0.0115787219 -0.1026713178 0.9946479201
212.3 120.5 2546.1 0.9996612072 0.0221946780 0.0135962162 -0.0233222954 0.9957293272 0.0893264264 -0.0115555795 -0.0896132588 0.9959095716
76.2 321.6 2529.9 0.2522042096 -0.9666563869 0.0443668813 0.9668115377 0.2497790754 -0.0537200831 0.0408469476 0.0564428419 0.9975699186
-0.8 26.6 2517.4 0.2275829613 -0.9666563869 -0.1173940971 0.7369225025 0.2497790754 -0.6281366348 0.6365149021 0.0564428419 0.7691963315
357.4 315.2 2526.6 0.2356855571 0.7987662554 0.5535564423 -0.9693376422 0.1524551064 0.1927226782 0.0695478693 -0.5820050836 0.8102056384
424.1 40.9 2546.3 0.2501768172 0.7599300146 0.5999316573 -0.9071951509 0.4004601240 -0.1289521307 -0.3382432759 -0.5119942427 0.7895906568
119.0 -79.5 2568.3 0.9495757222 0.0017252546 0.3135331273 0.0093701286 0.9993820786 -0.0338778719 -0.3133978248 0.0351074524 0.9489727616
118.4 -476.7 2554.3 0.9495365024 -0.0339118913 0.3118179739 0.0105423816 0.9970269799 0.0763288066 -0.3134793937 -0.0691896826 0.9470710158
302.5 -82.2 2570.7 0.9963208437 -0.0780039504 0.0354991667 0.0818759352 0.9887275100 -0.1253563762 -0.0253207106 0.1278017014 0.9914764762
333.5 -475.3 2519.9 0.9990349412 0.0421109498 0.0124856774 -0.0435307994 0.9871695638 0.1536273956 -0.0058560846 -0.1540226489 0.9880499840
-66.4 -185.9 2333.8 0 0 0 0 0 0 0 0 0
495.8 -219.3 2449.3 0 0 0 0 0 0 0 0 0
128.5 -775.8 2575.1 0 0 0 0 0 0 0 0 0
321.1 -765.2 2565.1 0 0 0 0 0 0 0 0 0
219.3 519.3 2501.6  0.9990270138 0.0174172688 0.0405177921 -0.0222434420 0.9922942519 0.1218907163 -0.0380825698 -0.1226733699 0.9917161465
215.7 317.8 2526.5 0.9990270138 0.0174172688 0.0405177921 -0.0222434420 0.9922942519 0.1218907163 -0.0380825698 -0.1226733699 0.9917161465
211.6 120.2 2547.4 0.9989741445 0.0208901297 0.0401783474 -0.0249854084 0.9942332506 0.1042878926 -0.0377680622 -0.1051847786 0.9937352538
75.2 321.3 2531.8 0.2467127144 -0.9690819979 0.0035892532 0.9667469859 0.2458575666 -0.0703868419 0.0673281774 0.0208352283 0.9975132942
-0.2 25.7 2511.2 0.1910121143 -0.9690819979 -0.1561871320 0.6940798163 0.2458575666 -0.6766145229 0.6940947771 0.0208352283 0.7195820808
356.2 314.2 2521.2 0.2423772812 0.7814749479 0.5749348998 -0.9673400521 0.1493352503 0.2048223019 0.0742054582 -0.6058018208 0.7921475172
423.8 44.6 2541.9 0.2541342974 0.7398612499 0.6229133606 -0.8984509110 0.4190289080 -0.1311515719 -0.3580526710 -0.5263270140 0.7712186575
116.2 -75.3 2565.0 0.9408187866 -0.0138456104 0.3386271596 0.0220095348 0.9995520115 -0.0202806368 -0.3381946683 0.0265334304 0.9407020211
121.7 -472.6 2554.4 0.9416816831 -0.0249015186 0.3355822861 -0.0017912609 0.9968731403 0.0789983645 -0.3365001678 -0.0749924332 0.9386925697
299.5 -79.5 2562.8 0.9947068691 -0.0830787495 0.0604662299 0.0885661244 0.9915696979 -0.0945810378 -0.0520988069 0.0994356722 0.9936791658
332.6 -473.6 2523.3 0.9986568093 0.0338684618 0.0392103232 -0.0391020328 0.9891667962 0.1414921582 -0.0339934267 -0.1428353190 0.9891625047
-55.0 -173.5 2312.1 0 0 0 0 0 0 0 0 0
496.7 -213.0 2439.2 0 0 0 0 0 0 0 0 0
129.3 -777.4 2577.4 0 0 0 0 0 0 0 0 0
322.5 -765.9 2565.5 0 0 0 0 0 0 0 0 0
220.9 519.6 2499.2  0.9993417859 0.0255552959 0.0257472899 -0.0286450125 0.9913834333 0.1278216988 -0.0222589150 -0.1284750998 0.9914628863
215.7 318.7 2525.2 0.9993417859 0.0255552959 0.0257472899 -0.0286450125 0.9913834333 0.1278216988 -0.0222589150 -0.1284750998 0.9914628863
210.0 121.2 2547.4 0.9992584586 0.0290441532 0.0252772812 -0.0316734686 0.9933449626 0.1107365713 -0.0218928102 -0.1114550754 0.9935283065
75.2 323.1 2528.3 0.2403790653 -0.9703485966 -0.0253283028 0.9676228762 0.2416096181 -0.0730122104 0.0769668519 -0.0069576395 0.9970093966
1.7 27.4 2504.8 0.1579371691 -0.9703485966 -0.1829739511 0.6555693746 0.2416096181 -0.7154394388 0.7384338975 -0.0069576395 0.6742899418
356.3 314.2 2522.1 0.2422815561 0.7869827747 0.5674132109 -0.9683410525 0.1599047482 0.1916925907 0.0601267107 -0.5958930850 0.8008097410
423.4 45.9 2538.8 0.2601618767 0.7434025407 0.6161724329 -0.8856285810 0.4379561841 -0.1544550657 -0.3846788108 -0.5055165887 0.7723180652
115.8 -75.1 2571.8 0.9458747506 -0.0202089977 0.3239020705 0.0318379737 0.9990231991 -0.0306434520 -0.3229663968 0.0392972529 0.9455941916
123.9 -472.3 2556.2 0.9472025633 -0.0162173156 0.3202254772 -0.0065935445 0.9975237250 0.0700212196 -0.3205680549 -0.0684356987 0.9447500706
299.1 -79.7 2564.9 0.9959142804 -0.0788732246 0.0439751334 0.0823795870 0.9930007458 -0.0846349671 -0.0369919091 0.0879118219 0.9954411387
330.4 -474.5 2529.9 0.9993093610 0.0254181456 0.0271064341 -0.0284493286 0.9926014543 0.1180380657 -0.0239055771 -0.1187277064 0.9926390648
-43.3 -159.4 2294.4 0 0 0 0 0 0 0 0 0
498.1 -208.4 2428.3 0 0 0 0 0 0 0 0 0
128.8 -775.3 2577.0 0 0 0 0 0 0 0 0 0
323.0 -765.6 2564.8 0 0 0 0 0 0 0 0 0
220.3 516.1 2497.0  0.9990522265 0.0181972776 0.0395414904 -0.0232894737 0.9909226894 0.1324002743 -0.0367732346 -0.1331956983 0.9904072881
216.6 315.3 2524.0 0.9990522265 0.0181972776 0.0395414904 -0.0232894737 0.9909226894 0.1324002743 -0.0367732346 -0.1331956983 0.9904072881
212.4 117.9 2546.8 0.9990028739 0.0214144662 0.0391750559 -0.0257610492 0.9931413531 0.1140463203 -0.0364641249 -0.1149417907 0.9927027225
76.1 318.9 2529.1 0.2422988117 -0.9692658782 -0.0426026955 0.9648590088 0.2453340292 -0.0941185281 0.1016777679 -0.0183007866 0.9946490526
3.1 28.2 2498.5 0.1401706338 -0.9692658782 -0.2021778822 0.6118550897 0.2453340292 -0.7519604564 0.7784507275 -0.0183007866 0.6274388433
357.2 311.7 2518.8 0.2459300011 0.7771787047 0.5792337060 -0.9677045345 0.1627258658 0.1925310940 0.0553747676 -0.6078762412 0.7920985818
425.3 43.7 2534.2 0.2413242608 0.7388095856 0.6292241216 -0.8601501584 0.4630599618 -0.2138157487 -0.4493376315 -0.4896283150 0.7472347617
112.5 -73.3 2571.5 0.9407911301 -0.0267370269 0.3379307389 0.0378732830 0.9989336729 -0.0264028367 -0.3368644714 0.0376381017 0.9408005476
123.2 -470.5 2556.6 0.9424324632 -0.0192522220 0.3338418305 -0.0040497547 0.9976109862 0.0689633414 -0.3343719542 -0.0663452744 0.9401029944
295.8 -79.1 2567.5 0.9940464497 -0.0921170861 0.0581905544 0.0961700901 0.9928163290 -0.0711832345 -0.0512153395 0.0763556361 0.9957644343
332.4 -473.8 2537.2 0.9983634949 0.0391638950 0.0416712165 -0.0431216098 0.9941771626 0.0987538174 -0.0375609882 -0.1003891379 0.9942389727
-36.5 -144.6 2278.6 0 0 0 0 0 0 0 0 0
494.7 -203.8 2404.9 0 0 0 0 0 0 0 0 0
129.0 -772.1 2576.6 0 0 0 0 0 0 0 0 0
321.0 -763.6 2566.4 0 0 0 0 0 0 0 0 0
219.1 512.8 2496.9  0.9989770055 0.0129798744 0.0433182195 -0.0185973812 0.9910870194 0.1319115013 -0.0412199311 -0.1325821579 0.9903145432
216.5 312.4 2523.7 0.9989770055 0.0129798744 0.0433182195 -0.0185973812 0.9910870194 0.1319115013 -0.0412199311 -0.1325821579 0.9903145432
213.3 115.0 2546.6 0.9989438057 0.0160245579 0.0430644415 -0.0208706241 0.9931982756 0.1145496666 -0.0409359187 -0.1153274626 0.9924836755
75.9 315.4 2529.4 0.2570694089 -0.9590636492 -0.1187951416 0.9582909346 0.2688651085 -0.0969019458 0.1248750016 -0.0889297873 0.9881789684
-0.6 30.3 2492.3 0.0843774602 -0.9590636492 -0.2703283429 0.5710653663 0.2688651085 -0.7756261230 0.8165566921 -0.0889297873 0.5703741908
357.1 309.5 2517.9 0.2484808862 0.7690388560 0.5889282823 -0.9684129953 0.1841647178 0.1681058854 0.0208201408 -0.6120969057 0.7905086279
426.2 40.1 2523.7 0.2352438122 0.7322266102 0.6391435862 -0.8471255302 0.4768504202 -0.2345036864 -0.4764857292 -0.4862693250 0.7324640155
116.5 -77.2 2573.0 0.9393661022 -0.0204597730 0.3423049450 0.0311591849 0.9991817474 -0.0257865116 -0.3414972723 0.0348889194 0.9392349720
124.6 -474.5 2559.1 0.9407037497 -0.0145464884 0.3389171958 -0.0088109318 0.9976953864 0.0672773272 -0.3391147852 -0.0662742034 0.9384076595
299.8 -81.9 2566.3 0.9951695204 -0.0763311610 0.0617349222 0.0798113346 0.9952346087 -0.0560201369 -0.0571646467 0.0606766790 0.9965192080
330.1 -477.5 2542.2 0.9983804822 0.0251069907 0.0510490239 -0.0289834160 0.9966351390 0.0766707733 -0.0489522777 -0.0780261755 0.9957487583
-24.2 -129.8 2263.4 0 0 0 0 0 0 0 0 0
493.9 -203.9 2386.5 0 0 0 0 0 0 0 0 0
129.0 -772.8 2578.9 0 0 0 0 0 0 0 0 0
322.8 -766.3 2564.8 0 0 0 0 0 0 0 0 0
217.3 509.4 2497.3  0.9986051321 0.0152400397 0.0505528226 -0.0218069088 0.9910084605 0.1320100874 -0.0480864383 -0.1329283416 0.9899584651
214.2 309.4 2524.2 0.9986051321 0.0152400397 0.0505528226 -0.0218069088 0.9910084605 0.1320100874 -0.0480864383 -0.1329283416 0.9899584651
210.5 111.9 2547.1 0.9985622168 0.0186694730 0.0502487943 -0.0243161228 0.9931578040 0.1142202392 -0.0477725491 -0.1152778715 0.9921838641
73.7 312.8 2530.9 0.2508160174 -0.9548529387 -0.1592078954 0.9545353055 0.2713210285 -0.1234796122 0.1611013263 -0.1209988892 0.9794925451
-0.4 30.9 2483.3 0.0435297787 -0.9548529387 -0.2938724160 0.5306795835 0.2713210285 -0.8029720187 0.8464539647 -0.1209988892 0.5185315013
354.7 306.0 2517.4 0.2598794103 0.7605348229 0.5950205922 -0.9656189680 0.2005034387 0.1654642522 0.0065376419 -0.6175639033 0.7864935398
426.6 38.7 2519.3 0.2344920486 0.7234829068 0.6492965221 -0.8438495994 0.4830932617 -0.2335353345 -0.4826295972 -0.4931464493 0.7237922549
118.5 -80.5 2573.3 0.9371140599 -0.0166378617 0.3486265242 0.0277384743 0.9992539287 -0.0268730726 -0.3479193151 0.0348534994 0.9368764162
125.1 -477.8 2559.4 0.9384259582 -0.0148954457 0.3451591432 -0.0114891818 0.9971719384 0.0742702782 -0.3452893198 -0.0736627579 0.9356009364
301.8 -84.4 2565.8 0.9949807525 -0.0728178769 0.0686357096 0.0769900903 0.9952104092 -0.0602390356 -0.0639204979 0.0652209520 0.9958214760
330.7 -480.0 2539.8 0.9980630279 0.0237774961 0.0574875399 -0.0285156146 0.9961367249 0.0830570161 -0.0552905612 -0.0845354348 0.9948852658
-12.5 -116.8 2247.7 0 0 0 0 0 0 0 0 0
494.0 -203.6 2380.7 0 0 0 0 0 0 0 0 0
129.5 -774.9 2581.4 0 0 0 0 0 0 0 0 0
323.8 -769.2 2564.4 0 0 0 0 0 0 0 0 0
217.5 509.7 2496.6  0.9995792508 0.0174120869 0.0231988411 -0.0204263143 0.9903920889 0.1367708892 -0.0205944832 -0.1371871978 0.9903310537
213.9 309.1 2524.3 0.9995792508 0.0174120869 0.0231988411 -0.0204263143 0.9903920889 0.1367708892 -0.0205944832 -0.1371871978 0.9903310537
210.3 111.7 2547.4 0.9995694757 0.0184518695 0.0228132084 -0.0209670737 0.9930927753 0.1154431403 -0.0205254909 -0.1158717647 0.9930520654
73.3 312.1 2527.2 0.2427501827 -0.9557877779 -0.1659578830 0.9551154971 0.2654213905 -0.1315519363 0.1697845012 -0.1265746802 0.9773188233
0.9 27.3 2476.6 0.0071318732 -0.9557877779 -0.2939707637 0.4512393177 0.2654213905 -0.8520179391 0.8923744559 -0.1265746802 0.4331820011
354.6 306.2 2521.4 0.2553774714 0.9667356610 -0.0143018682 -0.9666990042 0.2550580800 -0.0209372565 -0.0165929850 0.0191725064 0.9996784925
425.7 36.9 2516.8 0.2203828841 0.9667356610 0.1298213601 -0.7925692797 0.2550580800 -0.5538766384 -0.5685642958 0.0191725064 0.8224154115
115.2 -83.3 2574.4 0.9460231662 -0.0264924280 0.3230144680 0.0357353799 0.9991030693 -0.0227167234 -0.3221229315 0.0330335908 0.9461213350
125.7 -480.5 2561.2 0.9474221468 -0.0109605640 0.3197985291 -0.0081806714 0.9982568622 0.0584493205 -0.3198817372 -0.0579923466 0.9456810355
298.4 -87.7 2565.6 0.9956076741 -0.0843269154 0.0406737402 0.0861940756 0.9951892495 -0.0465716124 -0.0365508310 0.0498728901 0.9980865121
331.9 -483.3 2545.8 0.9991118312 0.0279763825 0.0315102041 -0.0298047327 0.9978051186 0.0591326803 -0.0297867246 -0.0600193143 0.9977526665
-1.0 -98.3 2228.2 0 0 0 0 0 0 0 0 0
488.8 -190.0 2354.1 0 0 0 0 0 0 0 0 0
128.9 -773.6 2578.3 0 0 0 0 0 0 0 0 0
323.9 -768.7 2563.0 0 0 0 0 0 0 0 0 0
220.1 506.4 2495.7  0.9986559153 0.0249945447 0.0454058349 -0.0310535710 0.9899366498 0.1380618811 -0.0414981060 -0.1392863244 0.9893822670
215.0 306.5 2523.8 0.9986559153 0.0249945447 0.0454058349 -0.0310535710 0.9899366498 0.1380618811 -0.0414981060 -0.1392863244 0.9893822670
209.6 109.2 2547.6 0.9986187816 0.0273007657 0.0448904410 -0.0324593037 0.9924203753 0.1185248643 -0.0413143672 -0.1198182702 0.9919358492
74.6 311.1 2529.6 0.2395422161 -0.9519747496 -0.1906925589 0.9509911537 0.2696210146 -0.1513947845 0.1955387294 -0.1450814903 0.9699051380
3.1 27.3 2471.2 -0.0367251709 -0.9519747496 -0.3039661050 0.3698740304 0.2696210146 -0.8890993595 0.9283558130 -0.1450814903 0.3422088623
355.5 302.0 2518.0 0.2559997141 0.9664930701 -0.0188491587 -0.9665896297 0.2556660175 -0.0184221864 -0.0129858265 0.0229354762 0.9996526241
425.5 37.6 2514.4 0.2174512595 0.9664930701 0.1364041716 -0.7679876089 0.2556660175 -0.5872221589 -0.6024200916 0.0229354762 0.7978495955
114.9 -83.8 2572.3 0.9392317533 -0.0226382874 0.3425363898 0.0341269337 0.9990377426 -0.0275491867 -0.3415831327 0.0375647880 0.9391005635
123.9 -481.0 2557.4 0.9407706857 -0.0177062545 0.3385807872 -0.0071588405 0.9973753691 0.0720496029 -0.3389678597 -0.0702060014 0.9381747842
