-244.5 109.2 2696.7 7 0.4832328260 0.1601141244 -0.8607261777 -0.2701898217 0.9624187946 0.0273400024 0.8327565789 0.2193478793 0.5083335638
-276.9 -85.9 2652.2 0.4832328260 0.1601141244 -0.8607261777 -0.2701898217 0.9624187946 0.0273400024 0.8327565789 0.2193478793 0.5083335638
-302.7 -279.0 2613.1 0.4884890914 0.1295556277 -0.8628984690 -0.2350903600 0.9718887806 0.0128341746 0.8403040767 0.1965897530 0.5052143335
-348.2 -51.6 2529.6 -0.3466857970 0.3320727944 -0.8772323728 0.7649987936 0.6412698627 -0.0595804974 0.5427575707 -0.6917374134 -0.4763544202
-260.6 -245.0 2392.4 -0.8119458556 0.3320727944 0.4800745547 -0.1789121181 0.6412698627 -0.7461658120 -0.5556386709 -0.6917374134 -0.4612645507
-205.6 -120.1 2774.8 0.9064491391 0.2457205653 0.3434696794 -0.2602095008 0.9655437469 -0.0040389872 -0.3326274455 -0.0857129395 0.9391551018
-24.7 -172.1 2708.4 -0.0205211733 0.2457205653 0.9691234827 -0.0832225531 0.9655437469 -0.2465751618 -0.9963196516 -0.0857129395 0.0006354020
-372.9 -454.0 2497.4 0.7169500589 -0.6419255733 -0.2718715668 -0.2078728676 0.1753915250 -0.9623028040 0.6654107571 0.7464377880 -0.0076919538
-124.4 -521.9 2208.5 0.7169500589 0.4786655605 -0.5068154335 -0.2078728676 0.8407257795 0.4999690056 0.6654107571 -0.2530996203 0.7022599578
-277.1 -497.2 2647.7 0.4539376497 -0.8789238930 -0.1464013755 -0.1502683014 0.0864378884 -0.9848593473 0.8782710433 0.4690642357 -0.0928369910
71.2 -531.5 2461.8 0.4539376497 0.5886493921 -0.6689039469 -0.1502683014 0.7905278802 0.5937045217 0.8782710433 -0.1689897776 0.4473057091
-39.2 -196.2 2543.9 0 0 0 0 0 0 0 0 0
-26.6 -179.9 2614.0 0 0 0 0 0 0 0 0 0
-307.1 -842.8 2305.1 0 0 0 0 0 0 0 0 0
-153.6 -833.3 2526.3 0 0 0 0 0 0 0 0 0
-246.6 106.6 2696.7 8 0.4518490136 0.1546407640 -0.8785890341 -0.2695684135 0.9624894857 0.0307719465 0.8503912687 0.2229355723 0.4765861928
-277.9 -88.6 2651.5 0.4518490136 0.1546407640 -0.8785890341 -0.2695684135 0.9624894857 0.0307719465 0.8503912687 0.2229355723 0.4765861928
-304.2 -281.5 2611.2 0.4560611844 0.1319682747 -0.8801094294 -0.2411634773 0.9702675343 0.0205193087 0.8566495180 0.2028921843 0.4743272960
-344.5 -53.5 2526.5 -0.3816464245 0.3772848845 -0.8438021541 0.7689283490 0.6361911893 -0.0633245781 0.5129281282 -0.6729909778 -0.5329051018
-248.3 -247.3 2397.2 -0.7904328108 0.3772848845 0.4825682044 -0.1574525684 0.6361911893 -0.7552942634 -0.5919667482 -0.6729909778 -0.4434619248
-211.4 -123.8 2776.5 0.9150975943 0.2580060661 0.3098857999 -0.2685752809 0.9632180333 -0.0088532772 -0.3007718027 -0.0751260519 0.9507325888
-28.7 -177.4 2716.5 0.0140211806 0.2580060661 0.9660415649 -0.0814834982 0.9632180333 -0.2560693324 -0.9965760708 -0.0751260519 0.0345286913
-373.2 -450.6 2497.1 0.7298023105 -0.6240568161 -0.2791803777 -0.1864648908 0.2111826390 -0.9594960809 0.6577381492 0.7522997856 0.0377568826
-132.0 -532.2 2206.3 0.7298023105 0.4685909152 -0.4978063107 -0.1864648908 0.8369764090 0.5144913197 0.6577381492 -0.2826535702 0.6982030869
-283.7 -493.6 2651.1 0.4346438944 -0.8822425604 -0.1809218079 -0.2079633176 0.0971404165 -0.9733011127 0.8762624860 0.4606644809 -0.1412526071
66.5 -532.2 2468.2 0.4346438944 0.5818216801 -0.6874359846 -0.2079633176 0.8075176477 0.5519660711 0.8762624860 -0.0969472080 0.4719801843
-30.8 -204.0 2560.1 0 0 0 0 0 0 0 0 0
-27.4 -185.1 2622.0 0 0 0 0 0 0 0 0 0
-310.9 -851.7 2314.2 0 0 0 0 0 0 0 0 0
-155.1 -839.8 2505.1 0 0 0 0 0 0 0 0 0
-246.8 106.6 2696.2 9 0.4698904455 0.1454868466 -0.8706529737 -0.2786445618 0.9603412747 0.0100896833 0.8375918865 0.2378616780 0.4917943180
-276.5 -89.0 2647.8 0.4698904455 0.1454868466 -0.8706529737 -0.2786445618 0.9603412747 0.0100896833 0.8375918865 0.2378616780 0.4917943180
-301.0 -281.2 2603.7 0.4733490944 0.1233024225 -0.8722024560 -0.2538412511 0.9672453403 -0.0010224996 0.8435077071 0.2218849510 0.4891439676
-345.6 -52.0 2524.7 -0.4154857993 0.3939289749 -0.8198728561 0.7697653174 0.6324797869 -0.0862016901 0.4845956564 -0.6669252515 -0.5660192370
-239.3 -249.0 2400.7 -0.7875738144 0.3939289749 0.4738643467 -0.1418129504 0.6324797869 -0.7614843249 -0.5996803641 -0.6669252515 -0.4422602952
-207.4 -126.0 2770.9 0.9131787419 0.2447289973 0.3259022236 -0.2502724230 0.9678392410 -0.0255133715 -0.3216648102 -0.0582660660 0.9450591803
-25.1 -175.9 2706.7 -0.0017146358 0.2447289973 0.9695900083 -0.0596613251 0.9678392410 -0.2443926036 -0.9982172251 -0.0582660660 0.0129413642
-372.2 -452.2 2492.4 0.7333387136 -0.6173647046 -0.2847369015 -0.1761226505 0.2320058942 -0.9566368461 0.6566544771 0.7516874671 0.0614069998
-135.4 -541.1 2204.1 0.7333387136 0.4713581800 -0.4899344742 -0.1761226505 0.8277483582 0.5327414274 0.6566544771 -0.3043913841 0.6900367737
-288.6 -496.3 2649.3 0.4336241782 -0.8851718903 -0.1686440259 -0.1983335167 0.0888095275 -0.9761028290 0.8789959550 0.4567095339 -0.1370493025
68.3 -532.1 2465.2 0.4336241782 0.5855568051 -0.6849038601 -0.1983335167 0.8034617305 0.5613492727 0.8789959550 -0.1075752303 0.4645359814
-20.5 -209.6 2567.2 0 0 0 0 0 0 0 0 0
-25.3 -181.6 2612.1 0 0 0 0 0 0 0 0 0
-315.4 -857.2 2320.3 0 0 0 0 0 0 0 0 0
-155.1 -838.7 2506.2 0 0 0 0 0 0 0 0 0
-246.9 107.0 2695.5 0 0.4651274681 0.1399097443 -0.8741176724 -0.2842817008 0.9587383270 0.0021846087 0.8383557200 0.2474795282 0.4857093096
-275.5 -89.0 2644.9 0.4651274681 0.1399097443 -0.8741176724 -0.2842817008 0.9587383270 0.0021846087 0.8383557200 0.2474795282 0.4857093096
-299.2 -280.9 2599.2 0.4684810042 0.1194475591 -0.8753615618 -0.2593977749 0.9657448530 -0.0070451633 0.8445343971 0.2303673476 0.4834175706
-343.9 -51.2 2521.6 -0.4293549955 0.4073264897 -0.8060641289 0.7748218179 0.6246871352 -0.0970418900 0.4640101790 -0.6662214994 -0.5838180184
-234.0 -249.5 2402.9 -0.7852457166 0.4073264897 0.4663413465 -0.1329355687 0.6246871352 -0.7694764733 -0.6047456264 -0.6662214994 -0.4363847375
-207.1 -126.9 2768.2 0.9158726931 0.2426926047 0.3198084831 -0.2454752624 0.9688664079 -0.0322462097 -0.3176776171 -0.0489716455 0.9469333291
-24.3 -175.8 2704.8 0.0049291779 0.2426926047 0.9700907469 -0.0517117791 0.9688664079 -0.2421235442 -0.9986498952 -0.0489716455 0.0173257813
-368.9 -450.1 2482.3 0.7310094237 -0.6150333285 -0.2955659032 -0.1631957740 0.2630003095 -0.9508932233 0.6625649929 0.7433470488 0.0918848664
-139.4 -548.3 2204.9 0.7310094237 0.4676770270 -0.4968937933 -0.1631957740 0.8268821836 0.5381756425 0.6625649929 -0.3123205006 0.6807815433
-282.2 -496.6 2636.9 0.4200120568 -0.8974949718 -0.1345090419 -0.1387096941 0.0829870924 -0.9868499041 0.8968553543 0.4331465662 -0.0896356702
64.4 -528.6 2469.6 0.4200120568 0.5548710227 -0.7181281447 -0.1387096941 0.8212627769 0.5534321070 0.8968553543 -0.1328368187 0.4219062626
-14.0 -212.2 2572.3 0 0 0 0 0 0 0 0 0
-23.8 -180.7 2610.2 0 0 0 0 0 0 0 0 0
-318.0 -864.1 2324.2 0 0 0 0 0 0 0 0 0
-147.3 -841.9 2520.3 0 0 0 0 0 0 0 0 0
-246.9 108.0 2695.1 1 0.4677745700 0.1379792988 -0.8730112910 -0.2882350683 0.9575546384 -0.0030999701 0.8355282545 0.2530825436 0.4876901805
-275.1 -87.7 2643.4 0.4677745700 0.1379792988 -0.8730112910 -0.2882350683 0.9575546384 -0.0030999701 0.8355282545 0.2530825436 0.4876901805
-298.1 -279.5 2597.0 0.4714232981 0.1160215810 -0.8742420077 -0.2606121898 0.9653637409 -0.0124171916 0.8425208330 0.2336918712 0.4853315949
-343.9 -49.7 2520.4 -0.4050395191 0.3805293143 -0.8313485384 0.7838616967 0.6125819683 -0.1015092432 0.4706419110 -0.6927775741 -0.5464022756
-240.3 -250.2 2400.0 -0.8134441972 0.3805293143 0.4398931265 -0.1346236914 0.6125819683 -0.7788580060 -0.5658488870 -0.6927775741 -0.4470730126
-206.2 -125.7 2766.4 0.9161536694 0.2386277169 0.3220547140 -0.2405487299 0.9700254798 -0.0344517939 -0.3206224144 -0.0459067114 0.9460939765
-23.4 -173.7 2702.4 0.0029062789 0.2386277169 0.9711067677 -0.0479854979 0.9700254798 -0.2382184118 -0.9988437891 -0.0459067114 0.0142698344
-365.9 -449.1 2476.0 0.7272292376 -0.6136212349 -0.3075818717 -0.1605425775 0.2836230397 -0.9454015493 0.6673557758 0.7369036078 0.1077466160
-141.5 -552.8 2206.4 0.7272292376 0.4708511531 -0.4994365275 -0.1605425775 0.8241207600 0.5431860089 0.6673557758 -0.3148398995 0.6749163270
-280.0 -496.6 2630.8 0.4006023109 -0.9046688676 -0.1452310234 -0.1658928692 0.0842713937 -0.9825364351 0.9011089802 0.4176991582 -0.1163187921
64.7 -528.7 2471.6 0.4006023109 0.5566954613 -0.7277416587 -0.1658928692 0.8252009749 0.5399286747 0.9011089802 -0.0955695137 0.4229292274
-11.3 -212.3 2559.4 0 0 0 0 0 0 0 0 0
-23.1 -178.2 2607.8 0 0 0 0 0 0 0 0 0
-321.4 -867.7 2326.7 0 0 0 0 0 0 0 0 0
-147.7 -843.6 2508.1 0 0 0 0 0 0 0 0 0
-245.8 108.0 2694.9 2 0.4602120519 0.1431288719 -0.8761957288 -0.2765129805 0.9609385133 0.0117364572 0.8436500430 0.2368782461 0.4818124771
-275.2 -89.5 2646.3 0.4602120519 0.1431288719 -0.8761957288 -0.2765129805 0.9609385133 0.0117364572 0.8436500430 0.2368782461 0.4818124771
-298.3 -281.8 2602.1 0.4636419117 0.1165310740 -0.8783260584 -0.2510340512 0.9679695964 -0.0040888716 0.8497164845 0.2223855108 0.4780445397
-342.9 -52.9 2522.2 -0.3752489090 0.3458857834 -0.8599717021 0.7804742455 0.6184065342 -0.0918333456 0.5000482202 -0.7056460977 -0.5020112991
-247.9 -250.4 2395.6 -0.8363593817 0.3458857834 0.4252834022 -0.1376749724 0.6184065342 -0.7737047076 -0.5306115150 -0.7056460977 -0.4695902765
-207.5 -126.1 2770.3 0.9181991816 0.2414984107 0.3139884472 -0.2468638271 0.9687722325 -0.0232071783 -0.3097877800 -0.0562035777 0.9491431117
-24.2 -175.4 2708.5 0.0111921495 0.2414984107 0.9703366756 -0.0606946759 0.9687722325 -0.2404089868 -0.9980936050 -0.0562035777 0.0255003124
-364.4 -447.5 2473.3 0.7245850563 -0.6121284962 -0.3166626990 -0.1638437361 0.2933013737 -0.9418755174 0.6694264412 0.7343521118 0.1122283712
-142.0 -554.0 2206.5 0.7245850563 0.4697882831 -0.5042573810 -0.1638437361 0.8281164765 0.5360768437 0.6694264412 -0.3058138192 0.6770126820
-278.0 -495.2 2627.9 0.4023028016 -0.9065998197 -0.1273941696 -0.1056242138 0.0922592580 -0.9901170135 0.9093931913 0.4117827713 -0.0586427338
62.0 -529.8 2473.5 0.4023028016 0.5360857248 -0.7421351075 -0.1056242138 0.8323932886 0.5440266132 0.9093931913 -0.1404759884 0.3914977908
-12.6 -211.7 2544.9 0 0 0 0 0 0 0 0 0
-23.2 -181.1 2613.9 0 0 0 0 0 0 0 0 0
-321.5 -870.5 2323.3 0 0 0 0 0 0 0 0 0
-142.5 -847.3 2527.0 0 0 0 0 0 0 0 0 0
-247.3 107.2 2695.9 3 0.4755575657 0.1276809126 -0.8703692555 -0.2723179758 0.9621769786 -0.0076418547 0.8364735246 0.2406513393 0.4923403263
-273.5 -90.6 2646.4 0.4755575657 0.1276809126 -0.8703692555 -0.2723179758 0.9621769786 -0.0076418547 0.8364735246 0.2406513393 0.4923403263
-295.1 -283.0 2601.6 0.4783329368 0.1085123494 -0.8714485765 -0.2496351600 0.9682000279 -0.0164634604 0.8419500589 0.2254192233 0.4902104437
-343.4 -54.2 2523.5 -0.3528285921 0.3272728622 -0.8765868545 0.7795121670 0.6210094690 -0.0819024742 0.5175642371 -0.7122076154 -0.4742230773
-254.5 -250.6 2393.1 -0.8492742777 0.3272728622 0.4142773151 -0.1371333748 0.6210094690 -0.7717134953 -0.5098310113 -0.7122076154 -0.4825273156
-203.7 -127.0 2769.3 0.9165491462 0.2295531929 0.3274797499 -0.2347961813 0.9717478156 -0.0240185112 -0.3237412572 -0.0548768491 0.9445528984
-20.7 -173.9 2704.7 -0.0020740735 0.2295531929 0.9732939005 -0.0558939576 0.9717478156 -0.2293076515 -0.9984345436 -0.0548768491 0.0108151594
-364.0 -451.2 2480.0 0.7306168675 -0.6044764519 -0.3175014555 -0.1695290059 0.2898476720 -0.9419385791 0.6614067554 0.7420219183 0.1092913225
-141.3 -557.9 2206.7 0.7306168675 0.4769501090 -0.4885872900 -0.1695290059 0.8198866844 0.5468507409 0.6614067554 -0.3167086542 0.6798799634
-279.0 -497.2 2635.9 0.4141260087 -0.8996482491 -0.1383210123 -0.1391889453 0.0875853375 -0.9863849282 0.8995143771 0.4277404249 -0.0889497250
63.2 -530.5 2473.2 0.4141260087 0.4990256727 -0.7612312436 -0.1391889453 0.8611991405 0.4888378978 0.8995143771 -0.0964855105 0.4261038303
-15.4 -212.0 2536.6 0 0 0 0 0 0 0 0 0
-20.9 -179.2 2610.1 0 0 0 0 0 0 0 0 0
-323.6 -871.2 2327.7 0 0 0 0 0 0 0 0 0
-97.0 -806.9 2504.1 0 0 0 0 0 0 0 0 0
-248.1 106.2 2695.3 4 0.4592267573 0.1350838542 -0.8779881001 -0.2664127648 0.9638175368 0.0089435261 0.8474284410 0.2298001498 0.4785988927
-275.8 -91.4 2648.2 0.4592267573 0.1350838542 -0.8779881001 -0.2664127648 0.9638175368 0.0089435261 0.8474284410 0.2298001498 0.4785988927
-299.1 -284.0 2605.6 0.4620827138 0.1174425259 -0.8790260553 -0.2445464283 0.9696370959 0.0009965001 0.8524532914 0.2145022154 0.4767726660
-343.3 -55.7 2523.8 -0.3485392630 0.3334293365 -0.8759824634 0.7753711343 0.6276587844 -0.0695989504 0.5266117454 -0.7034695148 -0.4772952199
-256.3 -249.1 2392.4 -0.8465124965 0.3334293365 0.4150198400 -0.1291545630 0.6276587844 -0.7677001953 -0.5164645910 -0.7034695148 -0.4882570803
-208.3 -127.0 2772.6 0.9183336496 0.2428164929 0.3125755191 -0.2505917847 0.9679653645 -0.0157117210 -0.3063773513 -0.0639002547 0.9497629404
-25.0 -177.0 2711.5 0.0125686759 0.2428164929 0.9699907899 -0.0690053180 0.9679653645 -0.2414153218 -0.9975371361 -0.0639002547 0.0289216712
-360.5 -452.5 2479.6 0.7316645980 -0.5976431966 -0.3278559148 -0.1838878542 0.2900851369 -0.9391676188 0.6563932896 0.7474444509 0.1023457050
-142.5 -558.4 2206.9 0.7316645980 0.4762979150 -0.4876548052 -0.1838878542 0.8267782331 0.5316230059 0.6563932896 -0.2992959321 0.6925097704
-272.8 -498.3 2634.0 0.4245652556 -0.8998949528 -0.0996664390 -0.1030341759 0.0613433346 -0.9927844405 0.8995155692 0.4317708313 -0.0666756853
58.6 -520.9 2475.0 0.4245652556 0.4799414873 -0.7677242160 -0.1030341759 0.8680448532 0.4856769741 0.8995155692 -0.1270997375 0.4179920554
-17.3 -212.7 2538.2 0 0 0 0 0 0 0 0 0
-23.8 -183.6 2617.0 0 0 0 0 0 0 0 0 0
-324.4 -874.2 2321.3 0 0 0 0 0 0 0 0 0
-110.0 -825.9 2519.7 0 0 0 0 0 0 0 0 0
-248.3 105.1 2695.5 5 0.4576774538 0.1399674118 -0.8780321479 -0.2727316022 0.9620250463 0.0111944089 0.8462557793 0.2343436778 0.4784707129
-277.0 -91.9 2647.5 0.4576774538 0.1399674118 -0.8780321479 -0.2727316022 0.9620250463 0.0111944089 0.8462557793 0.2343436778 0.4784707129
-300.5 -284.6 2605.0 0.4613902271 0.1185248941 -0.8792445064 -0.2449883223 0.9695236683 0.0021353259 0.8527014852 0.2144194096 0.4763659835
-344.4 -56.2 2523.1 -0.2791724205 0.3401997685 -0.8979570866 0.7763209343 0.6303327084 -0.0025483903 0.5651447773 -0.6978142858 -0.4400756955
-275.3 -248.2 2383.3 -0.8595152497 0.3401997685 0.3814415038 -0.0925760716 0.6303327084 -0.7707855105 -0.5026561022 -0.6978142858 -0.5102862120
-209.6 -127.7 2772.0 0.9181691408 0.2440254241 0.3121170700 -0.2517541349 0.9676596522 -0.0159577876 -0.3059172034 -0.0639248043 0.9499096274
-26.4 -177.9 2711.0 0.0129457107 0.2440254241 0.9696823955 -0.0691621751 0.9676596522 -0.2425930351 -0.9975214005 -0.0639248043 0.0294043720
-364.9 -454.3 2484.8 0.7330864072 -0.5989887714 -0.3221750259 -0.1828196496 0.2827163041 -0.9416201115 0.6551040411 0.7491888404 0.0977485478
-143.0 -559.0 2207.3 0.7330864072 0.4706329107 -0.4910081327 -0.1828196496 0.8317118287 0.5242446065 0.6551040411 -0.2945506573 0.6957575679
-280.1 -499.1 2641.2 0.4264839590 -0.8955048919 -0.1272100806 -0.1581393927 0.0646516979 -0.9852979779 0.8905634880 0.4403306842 -0.1140416935
61.3 -523.8 2473.3 0.4264839590 0.5224165916 -0.7383714318 -0.1581393927 0.8468289375 0.5078116059 0.8905634880 -0.0998078957 0.4437735975
-32.4 -222.1 2525.3 0 0 0 0 0 0 0 0 0
-25.1 -184.5 2616.5 0 0 0 0 0 0 0 0 0
-322.8 -876.8 2319.9 0 0 0 0 0 0 0 0 0
-130.0 -833.9 2509.8 0 0 0 0 0 0 0 0 0
-248.7 104.2 2695.2 6 0.4526583850 0.1395467967 -0.8806969523 -0.2751137316 0.9613496065 0.0109239845 0.8481820822 0.2373469919 0.4735541940
-277.2 -92.1 2646.7 0.4526583850 0.1395467967 -0.8806969523 -0.2751137316 0.9613496065 0.0109239845 0.8481820822 0.2373469919 0.4735541940
-301.3 -284.4 2603.1 0.4559617043 0.1210845336 -0.8817241192 -0.2506597638 0.9680695534 0.0033196285 0.8539722562 0.2194991559 0.4717536569
-343.8 -55.5 2522.0 -0.2421394438 0.3454384208 -0.9066646695 0.7780240178 0.6274555326 0.0312761180 0.5796957612 -0.6978336573 -0.4206911027
-284.0 -247.7 2378.8 -0.8539177775 0.3454384208 0.3892258704 -0.0982551500 0.6274555326 -0.7724282742 -0.5110483170 -0.6978336573 -0.5018543601
-210.6 -128.6 2771.4 0.8916276693 0.3405462801 -0.2983761132 -0.4078930914 0.8902053237 -0.2028736323 0.1965281218 0.3025932908 0.9326381683
-85.5 -185.9 2799.0 0.3721984625 0.3405462801 0.8634214401 0.1679033488 0.8902053237 -0.4234890044 -0.9128399491 0.3025932908 0.2741541862
-366.4 -454.8 2484.2 0.7373762131 -0.6029214263 -0.3045687675 -0.1707319617 0.2698951662 -0.9476324320 0.6535494924 0.7507612109 0.0960763097
-142.8 -554.9 2205.8 0.7373762131 0.4653087258 -0.4896571636 -0.1707319617 0.8297485113 0.5313830972 0.6535494924 -0.3082291186 0.6912798882
-281.8 -499.7 2640.6 0.4264075458 -0.8951488137 -0.1299429983 -0.1575517505 0.0679603443 -0.9851694703 0.8907042146 0.4405564368 -0.1120534539
63.8 -525.9 2470.5 0.4264075458 0.4931764007 -0.7582569718 -0.1575517505 0.8659681678 0.4746330380 0.8907042146 -0.0829224065 0.4469561875
-42.4 -219.9 2523.3 0 0 0 0 0 0 0 0 0
-21.8 -157.1 2642.7 0 0 0 0 0 0 0 0 0
-320.6 -871.9 2323.5 0 0 0 0 0 0 0 0 0
-90.6 -797.1 2496.4 0 0 0 0 0 0 0 0 0
-249.9 102.8 2695.0 7 0.4681460857 0.1270315796 -0.8744725585 -0.2687860131 0.9631916881 -0.0039742365 0.8417798281 0.2369065136 0.4850587249
-275.9 -94.3 2646.5 0.4681460857 0.1270315796 -0.8744725585 -0.2687860131 0.9631916881 -0.0039742365 0.8417798281 0.2369065136 0.4850587249
-298.8 -286.8 2602.5 0.4705802500 0.1151732579 -0.8748081923 -0.2493734807 0.9683845639 -0.0066508697 0.8463847041 0.2212837338 0.4844238162
-344.6 -57.9 2522.9 -0.2715747356 0.3366716802 -0.9016093016 0.7761725783 0.6305183768 0.0016512892 0.5690371990 -0.6993559599 -0.4325481653
-278.8 -246.0 2385.0 -0.8577100635 0.3366716802 0.3885686696 -0.1011389941 0.6305183768 -0.7695567012 -0.5040876269 -0.6993559599 -0.5067512989
-207.1 -130.7 2770.1 0.7753477097 0.1716818959 -0.6077510118 -0.2849203050 0.9539291859 -0.0940186679 0.5636101365 0.2460577488 0.7885424495
-85.4 -175.5 2858.6 0.3161990345 0.1716818959 0.9330292344 0.1831939816 0.9539291859 -0.2376111448 -0.9308373332 0.2460577488 0.2701804042
-367.1 -453.8 2481.2 0.7303699851 -0.6071376204 -0.3129593432 -0.1762933433 0.2750990987 -0.9451143742 0.6599093080 0.7454558015 0.0938897952
-140.8 -556.4 2203.2 0.7303699851 0.4816955030 -0.4842820466 -0.1762933433 0.8179126382 0.5476673841 0.6599093080 -0.3146241307 0.6822985411
-283.5 -499.8 2637.8 0.4241568148 -0.8975504637 -0.1203915253 -0.1619369388 0.0556257665 -0.9852320552 0.8909924030 0.4373887181 -0.1217525303
56.9 -520.9 2471.9 0.4241568148 0.4695577621 -0.7743425965 -0.1619369388 0.8806166053 0.4452986121 0.8909924030 -0.0634817630 0.4495582581
-34.2 -217.1 2528.7 0 0 0 0 0 0 0 0 0
-18.4 -136.6 2661.3 0 0 0 0 0 0 0 0 0
-324.8 -868.8 2323.4 0 0 0 0 0 0 0 0 0
-106.2 -826.8 2494.0 0 0 0 0 0 0 0 0 0
-251.8 103.6 2694.9 8 0.4638352096 0.1268411279 -0.8767942786 -0.2592919171 0.9657956362 0.0025477873 0.8471272588 0.2261639237 0.4808588922
-277.8 -93.9 2648.6 0.4638352096 0.1268411279 -0.8767942786 -0.2592919171 0.9657956362 0.0025477873 0.8471272588 0.2261639237 0.4808588922
-299.9 -286.8 2606.3 0.4662012458 0.1112071574 -0.8776612878 -0.2400438935 0.9707515836 -0.0045054280 0.8514900804 0.2127776742 0.4792602062
-345.9 -58.9 2524.2 -0.3079254329 0.3354682922 -0.8903049827 0.7662585974 0.6421179771 -0.0230710693 0.5639412403 -0.6893079877 -0.4547799230
-270.6 -246.2 2386.4 -0.8503659368 0.3354682922 0.4053872228 -0.1084657833 0.6421179771 -0.7588937283 -0.5148912072 -0.6893079877 -0.5096484423
-209.7 -129.0 2773.0 0.7935592532 0.0799654424 -0.6032157540 -0.1615775228 0.9834311604 -0.0821941942 0.5866484642 0.1626920700 0.7933315039
-63.6 -158.7 2881.0 0.2086645365 0.0799654424 0.9747126102 0.1430834681 0.9834311604 -0.1113117337 -0.9674637914 0.1626920700 0.1937654614
-364.8 -456.3 2480.9 0.7303442955 -0.6056737900 -0.3158423901 -0.1872505993 0.2671480179 -0.9452878833 0.6569127440 0.7495272756 0.0816972405
-139.7 -555.6 2202.4 0.7303442955 0.4882949293 -0.4776664376 -0.1872505993 0.8156138659 0.5474588275 0.6569127440 -0.3103901148 0.6871125102
-278.5 -502.0 2636.1 0.4294245541 -0.8963766098 -0.1100158617 -0.1471338272 0.0507513285 -0.9878137112 0.8910365701 0.4403785169 -0.1100934520
58.8 -521.1 2470.4 0.4294245541 0.4944580793 -0.7557154298 -0.1471338272 0.8639235497 0.4816510379 0.8910365701 -0.0956414863 0.4437415004
-26.7 -215.0 2534.1 0 0 0 0 0 0 0 0 0
-15.0 -125.4 2655.6 0 0 0 0 0 0 0 0 0
-326.3 -867.2 2321.0 0 0 0 0 0 0 0 0 0
-121.4 -836.0 2505.3 0 0 0 0 0 0 0 0 0
-251.8 103.2 2695.3 9 0.4355854094 0.1314066797 -0.8905041218 -0.2511917949 0.9677320719 0.0199336298 0.8643888235 0.2150045186 0.4545382559
-278.7 -94.7 2651.4 0.4355854094 0.1314066797 -0.8905041218 -0.2511917949 0.9677320719 0.0199336298 0.8643888235 0.2150045186 0.4545382559
-301.5 -288.0 2611.7 0.4383011460 0.1144394204 -0.8915131688 -0.2297516763 0.9731757045 0.0119675696 0.8689684868 0.1995812505 0.4528366625
-342.7 -61.2 2524.5 -0.3075456917 0.3207114041 -0.8958570361 0.7653090358 0.6428370476 -0.0325970799 0.5654358268 -0.6956325769 -0.4431451261
-268.4 -246.1 2387.9 -0.8584856987 0.3207114041 0.4001830220 -0.1130147055 0.6428370476 -0.7576200962 -0.5002298951 -0.6956325769 -0.5156213045
-214.7 -128.2 2778.2 0.8191130161 -0.0301988740 -0.5728367567 -0.0488498174 0.9913134575 -0.1221117079 0.5715484023 0.1280062646 0.8105225563
-46.3 -138.2 2895.7 0.1321495920 -0.0301988740 0.9907696843 0.1309002042 0.9913134575 0.0127558848 -0.9825485349 0.1280062646 0.1349547207
-364.7 -457.7 2486.0 0.7344735861 -0.6022686362 -0.3127635121 -0.1926473975 0.2568753660 -0.9470491409 0.6507192254 0.7558356524 0.0726426840
-139.2 -553.9 2202.9 0.7344735861 0.4829597771 -0.4767582119 -0.1926473975 0.8220020533 0.5359100699 0.6507192254 -0.3017655611 0.6967797279
-279.2 -501.7 2642.1 0.4395595193 -0.8884955049 -0.1317693293 -0.1717570573 0.0608509928 -0.9832581878 0.8816387653 0.4548327923 -0.1258577406
63.1 -525.2 2466.9 0.4395595193 0.5354719162 -0.7211499810 -0.1717570573 0.8381644487 0.5176677108 0.8816387653 -0.1036831737 0.4603942335
-22.5 -213.7 2531.2 0 0 0 0 0 0 0 0 0
-14.1 -106.3 2656.1 0 0 0 0 0 0 0 0 0
-323.7 -868.0 2318.2 0 0 0 0 0 0 0 0 0
-136.5 -837.7 2505.5 0 0 0 0 0 0 0 0 0
-249.8 105.8 2695.0 0 0.4414433539 0.1467150897 -0.8852131963 -0.2561239302 0.9661009312 0.0323960260 0.8599582911 0.2124232799 0.4640560746
-279.7 -91.2 2651.7 0.4414433539 0.1467150897 -0.8852131963 -0.2561239302 0.9661009312 0.0323960260 0.8599582911 0.2124232799 0.4640560746
-305.0 -284.4 2612.6 0.4446916878 0.1271394789 -0.8866142631 -0.2331328094 0.9721850157 0.0224797577 0.8648111820 0.1967023164 0.4619629979
-344.7 -57.2 2525.4 -0.2975187898 0.3139149845 -0.9016318321 0.7674775124 0.6403593421 -0.0303012487 0.5678563714 -0.7009973526 -0.4314416349
-271.7 -245.4 2386.2 -0.8660885692 0.3139149845 0.3890346587 -0.1093923226 0.6403593421 -0.7602455020 -0.4877744317 -0.7009973526 -0.5202680230
-214.8 -125.2 2778.0 0.7509067059 0.0285233036 -0.6597920656 -0.1011489779 0.9922463894 -0.0722216964 0.6526162624 0.1209690496 0.7479695678
-50.7 -147.3 2920.6 0.0997295603 0.0285233036 0.9946056604 0.1175896078 0.9922463894 -0.0402464084 -0.9880418777 0.1209690496 0.0956022516
-364.4 -460.4 2492.4 0.7405571342 -0.5957629085 -0.3108724952 -0.2026740015 0.2430545688 -0.9486030340 0.6407014728 0.7655004859 0.0592501350
-139.3 -552.2 2203.1 0.7405571342 0.4827291071 -0.4674909413 -0.2026740015 0.8237294555 0.5295215249 0.6407014728 -0.2973926663 0.7078553438
-284.1 -502.4 2651.7 0.4580855668 -0.8805513382 -0.1216016188 -0.1551184207 0.0555134192 -0.9863349199 0.8752690554 0.4706884325 -0.1111598313
66.0 -524.5 2464.6 0.4580855668 0.5567106009 -0.6929869652 -0.1551184207 0.8176956773 0.5543572903 0.8752690554 -0.1464480311 0.4609306455
-23.8 -214.1 2525.8 0 0 0 0 0 0 0 0 0
-25.7 -117.9 2673.0 0 0 0 0 0 0 0 0 0
-323.8 -867.0 2316.8 0 0 0 0 0 0 0 0 0
-143.9 -832.8 2519.8 0 0 0 0 0 0 0 0 0
-247.4 110.6 2695.4 1 0.4590376914 0.1481160372 -0.8759828806 -0.2504726946 0.9675830007 0.0323501229 0.8523777723 0.2045598775 0.4812560976
-277.7 -87.2 2653.6 0.4590376914 0.1481160372 -0.8759828806 -0.2504726946 0.9675830007 0.0323501229 0.8523777723 0.2045598775 0.4812560976
-302.3 -280.7 2615.5 0.4622569084 0.1237356737 -0.8780706525 -0.2274851352 0.9736253023 0.0174423400 0.8570700288 0.1916851848 0.4782130718
-345.2 -54.0 2528.4 -0.2935275137 0.3176725507 -0.9016239643 0.7656019330 0.6429130435 -0.0227250140 0.5724467039 -0.6969555020 -0.4319233894
-272.2 -244.3 2386.1 -0.8555806875 0.3176725507 0.4087368250 -0.1224925816 0.6429130435 -0.7560809255 -0.5029683709 -0.6969555020 -0.5111514926
-210.2 -120.4 2778.7 0.7274511456 0.0497521237 -0.6843534112 -0.1139660850 0.9922752976 -0.0490053147 0.6766288280 0.1136420518 0.7275018096
-45.7 -146.2 2931.8 0.0693696290 0.0497521237 0.9963496327 0.1100750566 0.9922752976 -0.0572125167 -0.9914995432 0.1136420518 0.0633572936
-371.1 -456.2 2494.3 0.7397852540 -0.6008487940 -0.3028176725 -0.1844269484 0.2517413199 -0.9500594735 0.6470738053 0.7586877346 0.0754218027
-141.9 -552.1 2205.0 0.7397852540 0.4713640511 -0.4801392853 -0.1844269484 0.8283233643 0.5290246606 0.6470738053 -0.3028140068 0.6997136474
-289.5 -498.9 2652.9 0.4645799696 -0.8802744150 -0.0963453352 -0.0774855390 0.0679719225 -0.9946737289 0.8821346164 0.4695708752 -0.0366301425
63.8 -526.2 2464.4 0.4645799696 0.5283914804 -0.7106109262 -0.0774855390 0.8236472011 0.5617840290 0.8821346164 -0.2059315592 0.4235926867
-27.2 -209.2 2530.2 0 0 0 0 0 0 0 0 0
-28.0 -118.3 2680.0 0 0 0 0 0 0 0 0 0
-322.1 -868.6 2320.7 0 0 0 0 0 0 0 0 0
-136.3 -838.1 2542.4 0 0 0 0 0 0 0 0 0
-248.0 113.8 2694.6 2 0.4657353461 0.1416687965 -0.8735104799 -0.2507504523 0.9677722454 0.0232622139 0.8486546874 0.2081990987 0.4862492383
-277.1 -85.0 2651.8 0.4657353461 0.1416687965 -0.8735104799 -0.2507504523 0.9677722454 0.0232622139 0.8486546874 0.2081990987 0.4862492383
-300.4 -278.6 2613.9 0.4693732262 0.1171194017 -0.8751981854 -0.2234450281 0.9746589661 0.0105945822 0.8542605639 0.1905858666 0.4836485684
-345.7 -52.3 2527.0 -0.2911952734 0.3344674408 -0.8962906003 0.7689656019 0.6391901970 -0.0113030737 0.5691196322 -0.6925080419 -0.4433231354
-273.6 -242.6 2386.2 -0.8455432653 0.3344674408 0.4161587358 -0.1209573150 0.6391901970 -0.7594769597 -0.5200248957 -0.6925080419 -0.5000066757
-208.6 -117.6 2776.6 0.7144093513 0.0563575290 -0.6974546909 -0.1176155359 0.9922412634 -0.0402970575 0.6897723079 0.1108201072 0.7154949903
-44.2 -144.6 2935.3 0.0570324212 0.0563575290 0.9967803955 0.1076158434 0.9922412634 -0.0622583069 -0.9925553799 0.1108201072 0.0505249575
-369.2 -453.3 2498.8 0.7417725325 -0.5917880535 -0.3155319989 -0.1955034137 0.2592427433 -0.9458179474 0.6415231228 0.7632693648 0.0766025707
-142.2 -552.7 2206.0 0.7417725325 0.4706602097 -0.4777577817 -0.1955034137 0.8331912756 0.5172724128 0.6415231228 -0.2902951837 0.7100540400
-284.5 -495.0 2656.0 0.4719632864 -0.8751292229 -0.1067684218 -0.0758788660 0.0803338513 -0.9938756824 0.8783467412 0.4771743119 -0.0284891818
64.3 -527.0 2465.8 0.4719632864 0.5323936343 -0.7027145028 -0.0758788660 0.8186460137 0.5692636967 0.8783467412 -0.2153503895 0.4267682731
-30.1 -207.8 2535.9 0 0 0 0 0 0 0 0 0
-29.6 -117.1 2681.5 0 0 0 0 0 0 0 0 0
-322.1 -871.1 2317.0 0 0 0 0 0 0 0 0 0
-138.3 -838.4 2547.7 0 0 0 0 0 0 0 0 0
-248.1 111.2 2691.2 3 0.4701614678 0.1452042758 -0.8705537915 -0.2447021753 0.9691496491 0.0294928923 0.8479793668 0.1991599798 0.4911886156
-277.9 -87.3 2650.4 0.4701614678 0.1452042758 -0.8705537915 -0.2447021753 0.9691496491 0.0294928923 0.8479793668 0.1991599798 0.4911886156
-302.0 -281.2 2614.6 0.4740524292 0.1215027422 -0.8720730543 -0.2163224071 0.9761483669 0.0184119195 0.8535097837 0.1799207330 0.4890292585
-347.1 -55.7 2525.7 -0.3194806874 0.3431248367 -0.8832878470 0.7655068636 0.6428544521 -0.0271545853 0.5585080981 -0.6848382950 -0.4680440128
-269.2 -242.5 2389.4 -0.8283074498 0.3431248367 0.4429131448 -0.1367121190 0.6428544521 -0.7536895275 -0.5433382988 -0.6848382950 -0.4855718315
-208.6 -118.9 2775.1 0.6824649572 0.1368664056 -0.7179896832 -0.1575831175 0.9867621660 0.0383148007 0.7137290835 0.0869945437 0.6949983835
-54.3 -154.5 2936.5 0.0294747595 0.1368664056 0.9901509285 0.0837254077 0.9867621660 -0.1388903111 -0.9960528612 0.0869945437 0.0176253822
-366.7 -451.8 2497.7 0.7415206432 -0.5891858935 -0.3209472597 -0.1963968724 0.2667937875 -0.9435302615 0.6415414214 0.7626801729 0.0821188316
-141.7 -553.7 2206.5 0.7415206432 0.4755893052 -0.4732461870 -0.1963968724 0.8283252120 0.5246957541 0.6415414214 -0.2961286902 0.7076244950
-280.6 -492.8 2654.4 0.4664369524 -0.8719218969 -0.1489588767 -0.1540821791 0.0857361779 -0.9843312502 0.8710311651 0.4820803702 -0.0943571031
65.6 -526.8 2463.0 0.4664369524 0.5505768061 -0.6923161745 -0.1540821791 0.8212789893 0.5493264198 0.8710311651 -0.1495525539 0.4679089487
-30.7 -203.2 2545.8 0 0 0 0 0 0 0 0 0
-46.7 -133.1 2681.2 0 0 0 0 0 0 0 0 0
-323.5 -870.2 2319.7 0 0 0 0 0 0 0 0 0
-143.9 -839.2 2519.9 0 0 0 0 0 0 0 0 0
-246.7 113.1 2683.5 4 0.4723043144 0.1495200992 -0.8686612248 -0.2281972468 0.9726495743 0.0433449969 0.8513839245 0.1777540743 0.4935066998
-277.1 -85.1 2647.2 0.4723043144 0.1495200992 -0.8686612248 -0.2281972468 0.9726495743 0.0433449969 0.8513839245 0.1777540743 0.4935066998
-302.3 -279.6 2615.5 0.4761114419 0.1266814619 -0.8702124357 -0.2012960464 0.9789949656 0.0323842317 0.8560360670 0.1597518176 0.4916112125
-346.7 -55.7 2522.2 -0.3878142238 0.4033972919 -0.8287766576 0.7725036740 0.6327528358 -0.0534970798 0.5028302073 -0.6609799266 -0.5570164323
-252.7 -243.0 2400.3 -0.7894555926 0.4033972919 0.4626343548 -0.1245509684 0.6327528358 -0.7642714977 -0.6010382175 -0.6609799266 -0.4492867291
-207.6 -114.5 2772.3 0.6649098992 0.1847997457 -0.7237014771 -0.1686850339 0.9810299277 0.0955279619 0.7276263833 0.0585601218 0.6834694743
-58.3 -152.4 2935.6 0.0154759875 0.1847997457 0.9826543331 0.0566741303 0.9810299277 -0.1853868216 -0.9982727766 0.0585601218 0.0047090426
-369.6 -455.4 2500.6 0.7414812446 -0.5912226439 -0.3172717392 -0.2001177520 0.2564707696 -0.9456086159 0.6404361725 0.7646427155 0.0718540996
-140.1 -554.9 2203.7 0.7414812446 0.4856957197 -0.4629311562 -0.2001177520 0.8186195493 0.5383445621 0.6404361725 -0.3065316379 0.7041873932
-282.7 -495.0 2657.2 0.4678454697 -0.8711854815 -0.1488504708 -0.1580068469 0.0832594335 -0.9839215875 0.8695713878 0.4838426709 -0.0987007171
62.6 -528.0 2465.4 0.4678454697 0.5380898714 -0.7011275887 -0.1580068469 0.8314434290 0.5326684117 0.8695713878 -0.1384235471 0.4740089476
-25.9 -207.2 2573.0 0 0 0 0 0 0 0 0 0
-54.3 -137.9 2679.4 0 0 0 0 0 0 0 0 0
-325.7 -867.7 2320.9 0 0 0 0 0 0 0 0 0
-142.6 -845.0 2518.2 0 0 0 0 0 0 0 0 0
-245.6 111.6 2681.6 5 0.4680584967 0.1536710858 -0.8702335358 -0.2250511497 0.9730229378 0.0507776104 0.8545602560 0.1720801741 0.4900155067
-276.8 -86.1 2646.7 0.4680584967 0.1536710858 -0.8702335358 -0.2250511497 0.9730229378 0.0507776104 0.8545602560 0.1720801741 0.4900155067
-302.7 -280.7 2615.5 0.4716508090 0.1303128749 -0.8721032739 -0.2003589422 0.9789882302 0.0379259214 0.8587210178 0.1568458974 0.4878499210
-345.8 -56.9 2521.2 -0.3574031591 0.3924736381 -0.8474829793 0.7746881843 0.6314128041 -0.0342934616 0.5216523409 -0.6687916517 -0.5297136307
-259.2 -244.6 2394.8 -0.7946638465 0.3924736381 0.4631131291 -0.1333368719 0.6314128041 -0.7638972998 -0.5922251344 -0.6687916517 -0.4494297504
-207.9 -115.4 2772.1 0.6511546373 0.2119193822 -0.7287577391 -0.1804174483 0.9759209752 0.1225879490 0.7371886969 0.0516568981 0.6737093925
-62.3 -155.8 2937.0 0.0145497182 0.2119193822 0.9771788120 0.0497009680 0.9759209752 -0.2123866081 -0.9986581802 0.0516568981 0.0036667765
-371.1 -455.6 2505.3 0.7505524158 -0.5874722004 -0.3025680482 -0.1878202260 0.2493382990 -0.9500284195 0.6335570812 0.7698745131 0.0768022984
-141.7 -553.0 2204.6 0.7505524158 0.4698917568 -0.4646211267 -0.1878202260 0.8258027434 0.5317643881 0.6335570812 -0.3118518293 0.7080634236
-283.8 -492.6 2662.3 0.4604741633 -0.8696439862 -0.1779969186 -0.2007562518 0.0932995975 -0.9751882553 0.8646736145 0.4847829640 -0.1316244155
64.1 -529.9 2468.3 0.4604741633 0.5614597201 -0.6875511408 -0.2007562518 0.8203557134 0.5354562998 0.8646736145 -0.1085336059 0.4904691279
-30.9 -206.3 2565.0 0 0 0 0 0 0 0 0 0
-58.5 -143.0 2680.4 0 0 0 0 0 0 0 0 0
-321.2 -868.5 2323.7 0 0 0 0 0 0 0 0 0
-150.0 -842.8 2509.7 0 0 0 0 0 0 0 0 0
-246.2 110.2 2678.7 6 0.4591336250 0.1552712768 -0.8746926188 -0.2191866338 0.9739669561 0.0578410476 0.8609027267 0.1651641577 0.4812143445
-277.8 -88.0 2645.1 0.4591336250 0.1552712768 -0.8746926188 -0.2191866338 0.9739669561 0.0578410476 0.8609027267 0.1651641577 0.4812143445
-304.4 -282.7 2615.4 0.4627194107 0.1335887462 -0.8763816357 -0.1949342787 0.9797173142 0.0464173704 0.8648071289 0.1493586153 0.4793752730
-345.4 -59.6 2518.8 -0.2970966399 0.3132215142 -0.9020121098 0.7789043188 0.6259164810 -0.0392005146 0.5523058176 -0.7142274380 -0.4299272597
-275.9 -241.8 2389.6 -0.8374171853 0.3132215142 0.4479115009 -0.1726754159 0.6259164810 -0.7605338693 -0.5185707211 -0.7142274380 -0.4700675607
-210.2 -116.5 2771.4 0.6383215785 0.2279980332 -0.7352294922 -0.1825747192 0.9727174044 0.1431339085 0.7478047609 0.0428688489 0.6625332236
-67.7 -157.3 2938.4 0.0213449579 0.2279980332 0.9734275937 0.0390245020 0.9727174044 -0.2286874056 -0.9990102649 0.0428688489 0.0118651036
-371.9 -456.8 2505.6 0.7515601516 -0.5947497487 -0.2853596509 -0.1828655005 0.2277918011 -0.9563844204 0.6338119507 0.7709628344 0.0624400377
-139.5 -545.8 2204.3 0.7515601516 0.4609158933 -0.4719257653 -0.1828655005 0.8329352140 0.5222826600 0.6338119507 -0.3062278926 0.7102864981
-285.4 -493.5 2663.1 0.4700957835 -0.8657306433 -0.1718150079 -0.1818448007 0.0954886302 -0.9786798954 0.8636795878 0.4913169742 -0.1125398129
65.4 -532.2 2464.0 0.4700957835 0.5766960382 -0.6681553721 -0.1818448007 0.8040599823 0.5660565495 0.8636795878 -0.1446002126 0.4828543663
-38.7 -192.8 2536.5 0 0 0 0 0 0 0 0 0
-62.2 -147.2 2681.6 0 0 0 0 0 0 0 0 0
-315.6 -864.1 2321.3 0 0 0 0 0 0 0 0 0
-154.5 -838.9 2519.1 0 0 0 0 0 0 0 0 0
-248.0 110.4 2687.7 7 0.4497298002 0.1493357867 -0.8805918097 -0.2438189089 0.9690034389 0.0398076177 0.8592411876 0.1968022585 0.4722006321
-278.5 -87.0 2647.6 0.4497298002 0.1493357867 -0.8805918097 -0.2438189089 0.9690034389 0.0398076177 0.8592411876 0.1968022585 0.4722006321
-303.7 -281.0 2613.3 0.4542143047 0.1269472986 -0.8818014264 -0.2122368664 0.9767172337 0.0312888958 0.8652426600 0.1729389131 0.4705818295
-344.8 -56.0 2521.3 -0.2773475051 0.3407501280 -0.8983138204 0.7801926136 0.6255289912 -0.0036016097 0.5606940985 -0.7018566728 -0.4393396378
-278.9 -241.5 2387.9 -0.8247771859 0.3407501280 0.4512559474 -0.1594277620 0.6255289912 -0.7637383342 -0.5425176024 -0.7018566728 -0.4615970254
-212.1 -118.0 2774.0 0.6285871863 0.2287761122 -0.7433301210 -0.1994420737 0.9712136984 0.1302567422 0.7517320514 0.0663735792 0.6561200619
-71.8 -162.5 2941.7 0.0307196230 0.2287761122 0.9729942679 0.0609452873 0.9712136984 -0.2302816361 -0.9976682663 0.0663735792 0.0158924926
-373.4 -459.5 2506.4 0.7524948120 -0.5924556851 -0.2876591980 -0.1864612997 0.2272551060 -0.9558176398 0.6316515803 0.7728850842 0.0605382286
-142.5 -548.1 2205.2 0.7524948120 0.4592326880 -0.4720772207 -0.1864612997 0.8360173106 0.5160496831 0.6316515803 -0.3003005683 0.7147278190
-288.5 -495.2 2665.0 0.4674991667 -0.8692414165 -0.1608224064 -0.1730861813 0.0883968025 -0.9809318185 0.8668827415 0.4864209294 -0.1091282442
61.6 -530.8 2469.1 0.4674991667 0.5495684743 -0.6924008727 -0.1730861813 0.8250108361 0.5379575491 0.8668827415 -0.1316497028 0.4808145761
-45.4 -196.4 2541.5 0 0 0 0 0 0 0 0 0
-63.9 -146.8 2685.3 0 0 0 0 0 0 0 0 0
-317.9 -867.5 2319.9 0 0 0 0 0 0 0 0 0
-148.1 -845.6 2519.3 0 0 0 0 0 0 0 0 0
-247.4 109.1 2682.2 8 0.4425817728 0.1479936093 -0.8844316006 -0.2284796238 0.9723463058 0.0483701900 0.8671323061 0.1806668341 0.4641562700
-277.5 -88.6 2645.5 0.4425817728 0.1479936093 -0.8844316006 -0.2284796238 0.9723463058 0.0483701900 0.8671323061 0.1806668341 0.4641562700
-302.1 -283.1 2612.9 0.4461833239 0.1236241311 -0.8863619566 -0.2026101351 0.9786514044 0.0345047154 0.8717049956 0.1641904861 0.4617054164
-342.7 -59.0 2518.2 -0.2896684110 0.3430247009 -0.8935469985 0.7791407704 0.6267344356 -0.0119826579 0.5559063554 -0.6996698976 -0.4488097131
-274.5 -242.6 2387.2 -0.8392296433 0.3430247009 0.4219332933 -0.1301002800 0.6267344356 -0.7682954073 -0.5279844403 -0.6996698976 -0.4813464880
-212.4 -118.2 2772.8 0.6202632785 0.2294681370 -0.7500785589 -0.1920523793 0.9715745449 0.1384153217 0.7605191469 0.0582004413 0.6467018723
-74.0 -161.1 2942.5 0.0396501943 0.2294681370 0.9725081921 0.0504152253 0.9715745449 -0.2313033193 -0.9979409575 0.0582004413 0.0269544311
-370.5 -455.6 2499.6 0.7509731054 -0.5925716162 -0.2913730145 -0.1797818393 0.2411044389 -0.9537017941 0.6353879571 0.7685880065 0.0745293349
-140.0 -549.4 2200.6 0.7509731054 0.4705829322 -0.4632397890 -0.1797818393 0.8207309246 0.5422906876 0.6353879571 -0.3239636421 0.7009491324
-287.2 -494.5 2658.3 0.4497934580 -0.8783569336 -0.1617868245 -0.1768523157 0.0899668261 -0.9801169634 0.8754479289 0.4694625735 -0.1148729697
62.5 -530.3 2471.4 0.4497934580 0.5564501286 -0.6986051202 -0.1768523157 0.8221988082 0.5410289764 0.8754479289 -0.1198013648 0.4682291448
-36.2 -205.7 2537.1 0 0 0 0 0 0 0 0 0
-63.8 -148.1 2685.8 0 0 0 0 0 0 0 0 0
-319.7 -862.9 2324.3 0 0 0 0 0 0 0 0 0
-150.0 -844.2 2517.1 0 0 0 0 0 0 0 0 0
-248.7 110.8 2688.5 9 0.4561528563 0.1463700533 -0.8777815104 -0.2462627739 0.9686224461 0.0335434824 0.8551486731 0.2008639574 0.4778854251
-278.5 -86.5 2647.6 0.4561528563 0.1463700533 -0.8777815104 -0.2462627739 0.9686224461 0.0335434824 0.8551486731 0.2008639574 0.4778854251
-302.7 -280.3 2611.1 0.4598880410 0.1213502139 -0.8796460032 -0.2191390097 0.9754885435 0.0200038850 0.8605121374 0.1835652143 0.4752080739
-345.7 -54.5 2521.9 -0.3471370041 0.3156968057 -0.8830806613 0.7798744440 0.6201564074 -0.0848641396 0.5208567977 -0.7181515098 -0.4614830911
-260.3 -246.4 2393.8 -0.8603350520 0.3156968057 0.4001988173 -0.1321349293 0.6201564074 -0.7732699513 -0.4923046827 -0.7181515098 -0.4918277264
-211.4 -118.5 2773.3 0.6316770911 0.2270373851 -0.7412409186 -0.2059039325 0.9709467888 0.1219258457 0.7473871708 0.0756066516 0.6600727439
-70.5 -164.4 2939.9 0.0244001653 0.2270373851 0.9735803008 0.0719384849 0.9709467888 -0.2282261848 -0.9971105456 0.0756066516 0.0073585380
-367.6 -458.9 2500.3 0.7536534071 -0.5886976719 -0.2923038602 -0.1783815473 0.2448320538 -0.9530148506 0.6326029897 0.7703845501 0.0795057192
-141.6 -552.9 2204.6 0.7536534071 0.4676058590 -0.4618996084 -0.1783815473 0.8218927383 0.5409920216 0.6326029897 -0.3253261149 0.7028345466
-285.8 -496.1 2660.2 0.4590651095 -0.8740127683 -0.1592511833 -0.1811489016 0.0834005624 -0.9799129367 0.8697380424 0.4786920249 -0.1200401708
64.5 -529.5 2468.4 0.4590651095 0.5662885308 -0.6845265031 -0.1811489016 0.8139921427 0.5519074798 0.8697380424 -0.1293602437 0.4762579501
-16.3 -208.9 2533.4 0 0 0 0 0 0 0 0 0
-64.2 -145.9 2683.5 0 0 0 0 0 0 0 0 0
-320.2 -866.9 2328.9 0 0 0 0 0 0 0 0 0
-151.8 -840.4 2517.8 0 0 0 0 0 0 0 0 0
-249.2 107.7 2692.1 0 0.4598475099 0.1495061964 -0.8753217459 -0.2667091787 0.9634669423 0.0244466942 0.8469985127 0.2222145945 0.4829225838
-279.7 -88.8 2646.8 0.4598475099 0.1495061964 -0.8753217459 -0.2667091787 0.9634669423 0.0244466942 0.8469985127 0.2222145945 0.4829225838
-304.0 -281.7 2606.5 0.4640479982 0.1223643348 -0.8773177266 -0.2368134111 0.9715011716 0.0102406526 0.8535683155 0.2030084580 0.4798007011
-347.5 -54.2 2522.2 -0.3620353937 0.3279991448 -0.8725519776 0.7791820765 0.6202844381 -0.0901249647 0.5116695166 -0.7125052810 -0.4801359773
-257.8 -247.1 2395.5 -0.8534957767 0.3279991448 0.4049216211 -0.1287097484 0.6202844381 -0.7737448215 -0.5049542189 -0.7125052810 -0.4871934652
