-240.7 132.0 2552.7 2 0.3464255631 0.2475174963 -0.9048339128 0.2552886903 0.9032817483 0.3448329568 0.9026721716 -0.3504528403 0.2497314662
-290.4 -49.1 2623.0 0.3464255631 0.2475174963 -0.9048339128 0.2552886903 0.9032817483 0.3448329568 0.9026721716 -0.3504528403 0.2497314662
-336.6 -226.0 2693.0 0.3489108980 0.2359528989 -0.9069660306 0.2645773292 0.9036155939 0.3368644714 0.8990328312 -0.3574983478 0.2528535426
-340.1 -86.8 2494.9 -0.6096470356 -0.0292460844 -0.7921332717 0.5248286128 0.7340126634 -0.4310224354 0.5940415859 -0.6785057783 -0.4321394861
-222.6 -188.0 2380.4 -0.9455211759 -0.0292460844 0.3242442608 -0.2405048162 0.7340126634 -0.6351242661 -0.2194245011 -0.6785057783 -0.7010583878
-240.6 -11.4 2751.0 0.8461881280 0.4924609363 -0.2035874128 -0.4894001782 0.8693460226 0.0687385798 0.2108389735 0.0414699465 0.9766407609
-62.0 -114.8 2795.6 -0.7427214384 0.6388328075 0.2006429285 0.6401561499 0.7653144598 -0.0670359135 -0.1963796765 0.0786538050 -0.9773681760
-414.8 -426.0 2673.8 0.9737810493 -0.2270441055 0.0141911432 0.0168617684 0.0098273009 -0.9998095632 0.2268614024 0.9738348722 0.0133980047
-316.6 -430.3 2252.5 0.9737810493 -0.0502818711 -0.2218606472 0.0168617684 0.9885376096 -0.1500304341 0.2268614024 0.1423558444 0.9634670615
-351.3 -379.0 2844.1 0.5041604042 -0.8439698815 0.1831314117 0.0373721272 -0.1905336976 -0.9809690118 0.8628010154 0.5014097691 -0.0645186082
-34.7 -307.5 2656.0 0.5041604042 -0.3508684635 -0.7891220450 0.0373721272 0.9217560887 -0.3859651089 0.8628010154 0.1650971770 0.4778256416
10.9 -128.6 2434.6 0 0 0 0 0 0 0 0 0
-251.7 48.7 2745.4 0 0 0 0 0 0 0 0 0
-297.7 -801.4 2199.0 0 0 0 0 0 0 0 0 0
148.3 -788.3 2569.9 0 0 0 0 0 0 0 0 0
-242.3 130.3 2550.5 3 0.3326265812 0.2402395010 -0.9119454622 0.2690243423 0.9026547670 0.3359169960 0.9038724899 -0.3570704460 0.2356166989
-290.4 -50.4 2622.0 0.3326265812 0.2402395010 -0.9119454622 0.2690243423 0.9026547670 0.3359169960 0.9038724899 -0.3570704460 0.2356166989
-336.0 -226.6 2694.1 0.3357958794 0.2323667407 -0.9128235579 0.2811143994 0.9002075195 0.3325673938 0.8990082145 -0.3682825863 0.2369643599
-338.3 -90.4 2493.9 -0.6068459749 -0.0370513387 -0.7939553857 0.5131325722 0.7445854545 -0.4269513488 0.6069867611 -0.6664980650 -0.4328364432
-224.3 -186.8 2379.9 -0.9546985626 -0.0370513387 0.2952589393 -0.2234343588 0.7445854545 -0.6290227175 -0.1965393722 -0.6664980650 -0.7191331983
-242.6 -10.3 2750.0 0.8582527637 0.4828086793 -0.1740631163 -0.4804943204 0.8750733733 0.0580675863 0.1803535223 0.0337996706 0.9830209613
-58.3 -113.5 2788.8 -0.7471693158 0.6487839222 0.1442824900 0.6505097151 0.7583677769 -0.0414183997 -0.1362907737 0.0629106015 -0.9886693358
-414.4 -426.8 2681.7 0.9739561677 -0.2262978256 0.0140955355 0.0163412839 0.0080535347 -0.9998340607 0.2261467427 0.9740248919 0.0115417866
-313.8 -430.4 2248.7 0.9739561677 -0.0459659733 -0.2220281959 0.0163412839 0.9909188747 -0.1334643811 0.2261467427 0.1263602376 0.9658626914
-351.2 -377.5 2847.4 0.4935288429 -0.8481698632 0.1924505085 0.0548254736 -0.1904966533 -0.9801557064 0.8679996729 0.4942862988 -0.0475142747
-32.9 -306.0 2662.0 0.4935288429 -0.3607863486 -0.7913674712 0.0548254736 0.9209966660 -0.3856932223 0.8679996729 0.1469636410 0.4743187129
11.7 -131.6 2428.4 0 0 0 0 0 0 0 0 0
-249.0 52.6 2754.0 0 0 0 0 0 0 0 0 0
-296.5 -803.0 2201.1 0 0 0 0 0 0 0 0 0
155.3 -786.4 2585.3 0 0 0 0 0 0 0 0 0
-236.4 134.2 2547.9 4 0.3151015639 0.2575832903 -0.9134340882 0.2695600390 0.8985349536 0.3463702202 0.9099716544 -0.3553671241 0.2136956006
-288.1 -46.4 2619.3 0.3151015639 0.2575832903 -0.9134340882 0.2695600390 0.8985349536 0.3463702202 0.9099716544 -0.3553671241 0.2136956006
-336.2 -222.1 2691.0 0.3186052740 0.2455000877 -0.9155437946 0.2820689380 0.8975665569 0.3388383090 0.9049462676 -0.3662021458 0.2167214751
-333.5 -86.6 2490.4 -0.6046552062 0.0015754341 -0.7964857817 0.5378464460 0.7383740544 -0.4068476558 0.5874634385 -0.6743896008 -0.4473090470
-220.0 -187.6 2380.0 -0.9458526373 0.0015754341 0.3245924711 -0.2178020626 0.7383740544 -0.6382523179 -0.2406761795 -0.6743896008 -0.6980499029
-242.7 -6.2 2748.2 0.8429933190 0.4934835732 -0.2140939683 -0.4897961915 0.8687084913 0.0737920702 0.2224004120 0.0426561870 0.9740217924
-55.6 -114.9 2797.6 -0.7405368686 0.6500992179 0.1702239662 0.6526529789 0.7561113238 -0.0483703837 -0.1601538211 0.0752771273 -0.9842175245
-411.9 -428.3 2685.0 0.9754245281 -0.2199963182 0.0121908272 0.0134789217 0.0043549221 -0.9998996854 0.2199211568 0.9754909873 0.0072132112
-314.3 -430.2 2252.3 0.9754245281 -0.0454471633 -0.2155958116 0.0134789217 0.9889716506 -0.1474902779 0.2199211568 0.1409596354 0.9652797580
-355.5 -372.4 2844.4 0.4756265581 -0.8594573736 0.1873829663 0.0546741672 -0.1837248206 -0.9814560413 0.8779465556 0.4770515561 -0.0403942876
-33.1 -303.5 2665.5 0.4756265581 -0.3580954969 -0.8034594059 0.0546741672 0.9236566424 -0.3793008029 0.8779465556 0.1364770532 0.4588941932
13.2 -133.9 2439.4 0 0 0 0 0 0 0 0 0
-244.9 52.0 2756.6 0 0 0 0 0 0 0 0 0
-297.2 -802.3 2199.3 0 0 0 0 0 0 0 0 0
153.7 -785.4 2594.3 0 0 0 0 0 0 0 0 0
-236.1 129.3 2547.6 5 0.3295706511 0.2517962456 -0.9099350572 0.2582296729 0.9029904604 0.3434031010 0.9081302881 -0.3481478095 0.2325778902
-286.4 -51.1 2617.1 0.3295706511 0.2517962456 -0.9099350572 0.2582296729 0.9029904604 0.3434031010 0.9081302881 -0.3481478095 0.2325778902
-333.0 -228.4 2685.8 0.3310859799 0.2380788326 -0.9130720496 0.2638245225 0.9056994319 0.3318209946 0.9059683681 -0.3507520854 0.2370533496
-333.6 -88.7 2488.1 -0.6101779938 -0.0143238930 -0.7921348810 0.5386713147 0.7256716490 -0.4280582070 0.5809612870 -0.6878920197 -0.4350730181
-221.3 -187.8 2381.2 -0.9536571503 -0.0143238930 0.3005543351 -0.2167061418 0.7256716490 -0.6530230045 -0.2087499499 -0.6878920197 -0.6951460242
-239.2 -13.5 2746.2 0.8127457500 0.5036028624 -0.2929649651 -0.4952104688 0.8620331287 0.1080067083 0.3069379926 0.0572973154 0.9500032067
-74.4 -113.9 2808.4 -0.6678790450 0.6986165047 0.2566564679 0.7041925788 0.7047870755 -0.0859530196 -0.2409363687 0.1233293638 -0.9626731277
-413.1 -423.4 2680.9 0.9747918844 -0.2227986008 0.0118992301 0.0157480240 0.0155060319 -0.9997557402 0.2225596756 0.9747411609 0.0186237916
-315.5 -430.2 2253.9 0.9747918844 -0.0492877290 -0.2176040709 0.0157480240 0.9880616665 -0.1532520503 0.2225596756 0.1459620148 0.9639306664
-349.8 -381.9 2836.3 0.4881551862 -0.8520309925 0.1890707761 0.0374149904 -0.1960068941 -0.9798884988 0.8719545007 0.4854117036 -0.0638030469
-30.1 -308.4 2654.2 0.4881551862 -0.3581837416 -0.7958699465 0.0374149904 0.9196536541 -0.3909440935 0.8719545007 0.1610639244 0.4623351395
14.1 -134.4 2432.7 0 0 0 0 0 0 0 0 0
-244.1 65.0 2747.2 0 0 0 0 0 0 0 0 0
-297.0 -802.1 2198.9 0 0 0 0 0 0 0 0 0
156.7 -788.1 2570.2 0 0 0 0 0 0 0 0 0
-239.9 124.6 2546.9 6 0.3198881745 0.2462179363 -0.9149034619 0.2559871376 0.9072688818 0.3336670399 0.9122182727 -0.3409396708 0.2271959633
-289.1 -56.9 2615.2 0.3198881745 0.2462179363 -0.9149034619 0.2559871376 0.9072688818 0.3336670399 0.9122182727 -0.3409396708 0.2271959633
-335.0 -234.8 2683.0 0.3219586313 0.2339916229 -0.9173824191 0.2638157308 0.9084243774 0.3242937922 0.9092546105 -0.3464291096 0.2307444066
-335.0 -94.5 2485.6 -0.6210685372 -0.0473476537 -0.7823247910 0.5276433825 0.7128292322 -0.4620248377 0.5795397758 -0.6997375488 -0.4177331328
-224.2 -188.7 2382.2 -0.9621249437 -0.0473476537 0.2684656680 -0.2208230346 0.7128292322 -0.6656663418 -0.1598524302 -0.6997375488 -0.6962862611
-243.3 -19.4 2744.7 0.8074959517 0.4872852862 -0.3324203789 -0.4755979478 0.8711946011 0.1217641607 0.3489367366 0.0597743914 0.9352380037
-84.3 -113.0 2813.4 -0.6341599226 0.7178506851 0.2872830331 0.7268025279 0.6802039742 -0.0952923596 -0.2638167441 0.1483674347 -0.9530938268
-409.6 -429.6 2672.6 0.9752356410 -0.2207968384 0.0128132179 0.0133929960 0.0011289389 -0.9999096990 0.2207624316 0.9753191471 0.0040581124
-314.7 -430.1 2253.5 0.9752356410 -0.0454570241 -0.2164464891 0.0133929960 0.9889923930 -0.1473589391 0.2207624316 0.1408108324 0.9651094675
-351.7 -388.9 2833.0 0.4810541868 -0.8542849422 0.1969367117 0.0387927182 -0.2036742419 -0.9782698750 0.8758322001 0.4782405198 -0.0648383126
-31.2 -312.5 2653.6 0.4810541868 -0.3664294183 -0.7964397669 0.0387927182 0.9164685607 -0.3982217312 0.8758322001 0.1606701761 0.4550858140
12.6 -134.3 2421.5 0 0 0 0 0 0 0 0 0
-245.9 72.2 2746.2 0 0 0 0 0 0 0 0 0
-297.6 -802.5 2200.5 0 0 0 0 0 0 0 0 0
160.0 -790.7 2569.7 0 0 0 0 0 0 0 0 0
-233.5 129.3 2546.6 7 0.3125014901 0.2634559870 -0.9126520753 0.2535285652 0.9027864933 0.3474188745 0.9154595137 -0.3399522603 0.2153284997
-286.7 -52.9 2615.2 0.3125014901 0.2634559870 -0.9126520753 0.2535285652 0.9027864933 0.3474188745 0.9154595137 -0.3399522603 0.2153284997
-335.0 -230.1 2683.1 0.3152061403 0.2466423810 -0.9164128900 0.2631141543 0.9050717950 0.3340898454 0.9118201733 -0.3464283943 0.2203890681
-331.6 -90.4 2485.3 -0.5927031040 -0.0215547457 -0.8051325083 0.5549997687 0.7134952545 -0.4276678562 0.5836765170 -0.7003284693 -0.4109279811
-226.2 -189.1 2381.5 -0.9586566091 -0.0215547457 0.2837480009 -0.2135594040 0.7134952545 -0.6673207283 -0.1880689263 -0.7003284693 -0.6886001229
-241.7 -15.4 2745.2 0.8101124763 0.4833612442 -0.3317826688 -0.4711070657 0.8735505939 0.1223414987 0.3489640951 0.0571947843 0.9353891015
-85.4 -106.3 2812.5 -0.6440587640 0.6937072277 0.3224261403 0.7001415491 0.7043685317 -0.1169050708 -0.3082047403 0.1504501998 -0.9393479824
-409.9 -436.6 2668.7 0.9743434191 -0.2247028351 0.0127889374 0.0103295008 -0.0121174920 -0.9998732209 0.2248293161 0.9743520021 -0.0094855307
-314.0 -431.4 2252.6 0.9743434191 -0.0423097312 -0.2210538685 0.0103295008 0.9895428419 -0.1438690573 0.2248293161 0.1378944963 0.9645915627
-354.8 -383.6 2833.3 0.4724130630 -0.8611550927 0.1877174079 0.0363880694 -0.1937440187 -0.9803770781 0.8806257844 0.4699735940 -0.0601914339
-31.7 -310.9 2657.0 0.4724130630 -0.3588569760 -0.8050140142 0.0363880694 0.9205214977 -0.3889936507 0.8806257844 0.1544727832 0.4479244947
10.1 -136.5 2427.8 0 0 0 0 0 0 0 0 0
-249.7 72.3 2733.9 0 0 0 0 0 0 0 0 0
-298.0 -804.1 2200.7 0 0 0 0 0 0 0 0 0
155.6 -791.2 2576.4 0 0 0 0 0 0 0 0 0
-229.3 133.0 2546.9 8 0.2839262784 0.2823607922 -0.9163286686 0.2615601420 0.8966062069 0.3573283851 0.9224815369 -0.3411299884 0.1807157248
-286.2 -47.7 2615.7 0.2839262784 0.2823607922 -0.9163286686 0.2615601420 0.8966062069 0.3573283851 0.9224815369 -0.3411299884 0.1807157248
-338.2 -223.9 2683.6 0.2864959240 0.2655197978 -0.9205538034 0.2699843347 0.8995176554 0.3434770703 0.9192543626 -0.3469398916 0.1860219687
-327.0 -86.2 2484.8 -0.6053259969 0.0533776432 -0.7941859365 0.5654992461 0.7310063839 -0.3818904161 0.5601705313 -0.6802797318 -0.4726821780
-217.6 -188.4 2383.5 -0.9446207285 0.0533776432 0.3237938583 -0.1839359254 0.7310063839 -0.6571128368 -0.2717705071 -0.6802797318 -0.6807057261
-245.4 -9.2 2746.6 0.7962160110 0.5058335662 -0.3319224417 -0.4976700544 0.8595591784 0.1161144599 0.3440415561 0.0727356747 0.9361329675
-86.7 -108.4 2815.2 -0.6326714158 0.6794517636 0.3715806007 0.6848977208 0.7148628831 -0.1410183460 -0.3614443541 0.1652764082 -0.9176282883
-411.8 -431.2 2668.5 0.9736528397 -0.2269314080 0.0224105883 0.0230583809 0.0002037139 -0.9997341037 0.2268665135 0.9739107490 0.0054310174
-314.8 -431.2 2252.4 0.9736528397 -0.0654002726 -0.2184557319 0.0230583809 0.9813169241 -0.1910114139 0.2268665135 0.1809415817 0.9569700956
-364.3 -375.6 2834.5 0.4427882433 -0.8780214787 0.1817055047 0.0415507071 -0.1823434085 -0.9823565483 0.8956629634 0.4425259233 -0.0442571081
-35.1 -307.2 2668.5 0.4427882433 -0.3560771346 -0.8228898048 0.0415507071 0.9249252677 -0.3778714538 0.8956629634 0.1331253797 0.4243412912
14.3 -143.3 2450.3 0 0 0 0 0 0 0 0 0
-248.2 66.4 2723.0 0 0 0 0 0 0 0 0 0
-291.5 -781.3 2187.9 0 0 0 0 0 0 0 0 0
150.7 -789.8 2599.1 0 0 0 0 0 0 0 0 0
-227.6 133.6 2547.6 9 0.2670831084 0.2957239747 -0.9171771407 0.2637163699 0.8929909468 0.3647201955 0.9268873930 -0.3392852545 0.1605155468
-287.3 -46.7 2616.1 0.2670831084 0.2957239747 -0.9171771407 0.2637163699 0.8929909468 0.3647201955 0.9268873930 -0.3392852545 0.1605155468
-341.8 -222.0 2684.4 0.2708584368 0.2778159082 -0.9216582775 0.2754860222 0.8950317502 0.3507501185 0.9223573804 -0.3489076197 0.1658924967
-325.9 -86.0 2484.7 -0.7007331252 0.1043147966 -0.7057559490 0.5209679604 0.7506711483 -0.4063067436 0.4874068499 -0.6523888707 -0.5803648233
-190.6 -186.6 2390.6 -0.9001476169 0.1043147966 0.4229097962 -0.2076743990 0.7506711483 -0.6271874905 -0.3828911185 -0.6523888707 -0.6540513635
-248.7 -7.4 2747.5 0.7918000817 0.5129871368 -0.3315069377 -0.5058863163 0.8549441099 0.1146717966 0.3422450423 0.0769076869 0.9364579916
-88.8 -109.6 2816.6 -0.6334221363 0.6823244095 0.3649791777 0.6886911988 0.7121577859 -0.1361458451 -0.3528183997 0.1651201695 -0.9210073352
-416.1 -424.5 2668.4 0.9713721275 -0.2372556031 0.0120815346 0.0148863327 0.0100338208 -0.9998388290 0.2370961457 0.9713954329 0.0132784396
-315.8 -428.7 2257.7 0.9713721275 -0.0599357672 -0.2298779935 0.0148863327 0.9811057448 -0.1928986758 0.2370961457 0.1839543581 0.9539110065
-371.7 -372.4 2836.0 0.4260859489 -0.8873702288 0.1761386544 0.0459245779 -0.1732300222 -0.9838100672 0.9035162926 0.4272767305 -0.0330587737
-38.9 -307.4 2675.7 0.4260859489 -0.3525975049 -0.8331421018 0.0459245779 0.9281646013 -0.3693256080 0.9035162926 0.1191027462 0.4116707742
31.9 -135.3 2485.2 0 0 0 0 0 0 0 0 0
-250.8 66.5 2726.4 0 0 0 0 0 0 0 0 0
-293.8 -788.4 2190.2 0 0 0 0 0 0 0 0 0
145.1 -791.7 2613.6 0 0 0 0 0 0 0 0 0
-225.8 134.4 2546.4 0 0.2738164961 0.2948746681 -0.9154635072 0.2597890496 0.8937841058 0.3655949235 0.9260314107 -0.3379333019 0.1681276113
-285.8 -47.4 2615.2 0.2738164961 0.2948746681 -0.9154635072 0.2597890496 0.8937841058 0.3655949235 0.9260314107 -0.3379333019 0.1681276113
-339.0 -223.3 2682.8 0.2773228288 0.2717188895 -0.9215535522 0.2708783150 0.8981522322 0.3463343680 0.9218009710 -0.3456753194 0.1754753590
-325.3 -86.0 2483.8 -0.6731380820 0.1403343379 -0.7260794640 0.5017851591 0.8078983426 -0.3090499341 0.5432280898 -0.5723692179 -0.6142448187
-198.6 -180.5 2381.6 -0.9119110703 0.1403343379 0.3856481016 -0.1197017506 0.8078983426 -0.5770370364 -0.3925426006 -0.5723692179 -0.7199332118
-246.3 -8.8 2746.5 0.7824388146 0.5266747475 -0.3322697878 -0.5213805437 0.8458186984 0.1129293665 0.3405170441 0.0848786682 0.9363993406
-94.9 -109.6 2812.4 -0.6170137525 0.7042393684 0.3511993587 0.7143153548 0.6884652972 -0.1255752295 -0.3302235603 0.1733854413 -0.9278415442
-420.6 -422.2 2669.3 0.9673904181 -0.2531627417 -0.0080222450 -0.0040536476 0.0161937997 -0.9998606443 0.2532573938 0.9672881365 0.0146394949
-312.1 -429.1 2254.6 0.9673904181 -0.0371932536 -0.2505441904 -0.0040536476 0.9867600799 -0.1621361673 0.2532573938 0.1578646004 0.9544314742
-367.2 -374.7 2833.8 0.4332413375 -0.8832376599 0.1794244498 0.0420924760 -0.1790318787 -0.9829424024 0.9002944827 0.4334037304 -0.0403863490
-35.8 -307.5 2671.2 0.4332413375 -0.3551058173 -0.8283729553 0.0420924760 0.9260785580 -0.3749756217 0.9002944827 0.1275866777 0.4161628187
30.0 -150.4 2480.0 0 0 0 0 0 0 0 0 0
-252.7 73.0 2727.9 0 0 0 0 0 0 0 0 0
-298.3 -795.7 2195.9 0 0 0 0 0 0 0 0 0
149.5 -790.8 2604.6 0 0 0 0 0 0 0 0 0
-225.7 133.0 2556.4 1 0.2977751195 0.2960043550 -0.9075855017 0.2175240219 0.9046652317 0.3664206862 0.9295231700 -0.3065325916 0.2049987465
-285.5 -49.8 2618.3 0.2977751195 0.2960043550 -0.9075855017 0.2175240219 0.9046652317 0.3664206862 0.9295231700 -0.3065325916 0.2049987465
-339.3 -227.5 2680.3 0.3021282852 0.2739215195 -0.9130638242 0.2313702106 0.9081133604 0.3489956260 0.9247628450 -0.3166972101 0.2109894454
-328.6 -82.7 2486.7 -0.6594629884 0.1559285820 -0.7353875637 0.5240423679 0.7967288494 -0.3010028303 0.5389695168 -0.5838744640 -0.6071264148
-200.7 -184.3 2382.2 -0.9122557640 0.1559285820 0.3787818849 -0.1105160415 0.7967288494 -0.5941458344 -0.3944307864 -0.5838744640 -0.7095878720
-242.5 -16.8 2749.9 0.7878015041 0.5088771582 -0.3470054567 -0.5065326691 0.8557987213 0.1050393507 0.3504189253 0.0930194259 0.9319624305
-97.8 -109.9 2814.3 -0.5719822645 0.7171005011 0.3982501030 0.7354139686 0.6633660197 -0.1382456422 -0.3633216023 0.2138046324 -0.9067993164
-417.3 -423.7 2667.2 0.9699925184 -0.2431214303 0.0025408252 0.0069289580 0.0171957240 -0.9998281598 0.2430359572 0.9698434472 0.0183643028
-312.9 -431.1 2250.7 0.9699925184 -0.0429191291 -0.2393165976 0.0069289580 0.9887762666 -0.1492432058 0.2430359572 0.1431065798 0.9594029784
-365.7 -384.4 2825.7 0.4547017217 -0.8748029470 0.1672308594 0.0019229756 -0.1867993027 -0.9823961854 0.8906416893 0.4470188320 -0.0832557380
-37.5 -314.3 2658.0 0.4547017217 -0.3411336839 -0.8227236271 0.0019229756 0.9241142273 -0.3821114600 0.8906416893 0.1721646637 0.4208523333
26.5 -156.8 2480.4 0 0 0 0 0 0 0 0 0
-243.9 78.0 2721.5 0 0 0 0 0 0 0 0 0
-296.9 -800.9 2197.1 0 0 0 0 0 0 0 0 0
140.3 -796.0 2568.3 0 0 0 0 0 0 0 0 0
-228.3 127.8 2551.3 2 0.3269073963 0.2921960354 -0.8987508416 0.2160524130 0.9027102590 0.3720692098 0.9200287461 -0.3158094585 0.2319730073
-287.1 -54.0 2614.9 0.3269073963 0.2921960354 -0.8987508416 0.2160524130 0.9027102590 0.3720692098 0.9200287461 -0.3158094585 0.2319730073
-340.4 -231.4 2678.3 0.3306734562 0.2718048096 -0.9037572742 0.2281312943 0.9062072635 0.3560120165 0.9157571793 -0.3238990307 0.2376514971
-334.2 -86.4 2484.5 -0.6733350158 0.1144087836 -0.7304317951 0.5111516118 0.7858401537 -0.3481081426 0.5341759920 -0.6077547669 -0.5876139402
-203.3 -185.9 2380.6 -0.9138570428 0.1144087836 0.3895842731 -0.1566601247 0.7858401537 -0.5982581973 -0.3745969534 -0.6077547669 -0.7002222538
-240.0 -21.5 2745.3 0.8180938959 0.4855703413 -0.3081295192 -0.4796372056 0.8717201352 0.1002603322 0.3172861338 0.0657680109 0.9460465312
-86.2 -111.6 2804.9 -0.6405216455 0.7163509130 0.2767190337 0.7270271778 0.6817061901 -0.0819032267 -0.2473125160 0.1487214714 -0.9574541450
-420.3 -426.2 2658.8 0.9673332572 -0.2535081804 -0.0001224679 0.0037555092 0.0148132602 -0.9998832345 0.2534803748 0.9672198296 0.0152814109
-313.2 -432.4 2250.4 0.9673332572 -0.0420476645 -0.2499967963 0.0037555092 0.9884174466 -0.1517132074 0.2534803748 0.1458183676 0.9562869072
-363.8 -388.2 2824.4 0.4804640412 -0.8628545403 0.1569597125 -0.0023154244 -0.1802178770 -0.9836239815 0.8770113587 0.4722325504 -0.0885860845
-40.2 -320.6 2647.3 0.4804640412 -0.3286398649 -0.8131114244 -0.0023154244 0.9266571403 -0.3759004772 0.8770113587 0.1824893504 0.4444645047
23.8 -146.9 2473.7 0 0 0 0 0 0 0 0 0
-248.6 72.6 2742.2 0 0 0 0 0 0 0 0 0
-297.5 -803.4 2195.7 0 0 0 0 0 0 0 0 0
131.2 -803.9 2552.1 0 0 0 0 0 0 0 0 0
-226.8 131.2 2548.8 3 0.3076170087 0.2974584401 -0.9038197994 0.2346343249 0.8968326449 0.3750171959 0.9221271873 -0.3274288177 0.2060870230
-286.9 -50.1 2615.0 0.3076170087 0.2974584401 -0.9038197994 0.2346343249 0.8968326449 0.3750171959 0.9221271873 -0.3274288177 0.2060870230
-342.0 -225.9 2681.2 0.3118703067 0.2811282873 -0.9075812697 0.2478291094 0.8980861902 0.3633481562 0.9172337055 -0.3382425606 0.2104146481
-331.3 -85.4 2484.4 -0.6507471204 0.0828648731 -0.7547593117 0.5337678194 0.7568875551 -0.3771115839 0.5400186181 -0.6482704878 -0.5367729664
-207.1 -187.3 2381.2 -0.9242356420 0.0828648731 0.3727222383 -0.1849271357 0.7568875551 -0.6268358231 -0.3340514898 -0.6482704878 -0.6842185259
-242.5 -14.7 2745.6 0.8120613098 0.4987999797 -0.3029109240 -0.4909846187 0.8645288944 0.1073496938 0.3154212832 0.0615500733 0.9469535351
-79.3 -113.4 2808.9 -0.6685834527 0.7031835318 0.2419277877 0.7106416821 0.6999941468 -0.0706865713 -0.2190536708 0.1246641055 -0.9677160382
-423.5 -429.4 2659.0 0.9663155675 -0.2573460937 0.0026945933 0.0049612829 0.0081590293 -0.9999544024 0.2573123872 0.9662848711 0.0091609638
-314.4 -432.9 2249.5 0.9663155675 -0.0432008915 -0.2537084222 0.0049612829 0.9887543321 -0.1494664848 0.2573123872 0.1431730688 0.9556630254
-368.9 -379.3 2830.2 0.4617142677 -0.8732012510 0.1560111791 0.0160933752 -0.1676053852 -0.9857227802 0.8868827224 0.4576330185 -0.0633330420
-41.4 -316.5 2658.5 0.4617142677 -0.3297813237 -0.8234465718 0.0160933752 0.9312816262 -0.3639443815 0.8868827224 0.1547862887 0.4352933168
21.1 -141.7 2463.7 0 0 0 0 0 0 0 0 0
-249.5 67.5 2753.2 0 0 0 0 0 0 0 0 0
-298.2 -804.7 2195.6 0 0 0 0 0 0 0 0 0
130.6 -802.2 2577.8 0 0 0 0 0 0 0 0 0
-228.2 130.5 2551.0 4 0.3113123477 0.2797520161 -0.9081978798 0.2353456765 0.9032217860 0.3588910997 0.9207046628 -0.3254676759 0.2153456807
-284.4 -51.1 2616.5 0.3113123477 0.2797520161 -0.9081978798 0.2353456765 0.9032217860 0.3588910997 0.9207046628 -0.3254676759 0.2153456807
-335.8 -228.4 2682.0 0.3149681985 0.2620125711 -0.9122195244 0.2475488633 0.9051917791 0.3454669118 0.9162502885 -0.3346299827 0.2202457041
-329.3 -86.4 2486.0 -0.6437649131 0.0724308640 -0.7617877126 0.5400860906 0.7482484579 -0.3852677047 0.5421012044 -0.6594527960 -0.5208150148
-208.5 -187.8 2384.3 -0.9251902103 0.0724308640 0.3725275695 -0.1965536326 0.7482484579 -0.6336330771 -0.3246378005 -0.6594527960 -0.6780356169
-239.5 -15.9 2747.0 0.8084496856 0.5001944304 -0.3101847768 -0.4942441285 0.8631197810 0.1036678478 0.3195807040 0.0694967657 0.9450070858
-80.0 -113.4 2810.1 -0.6654112935 0.7034840584 0.2496756762 0.7129006982 0.6980656385 -0.0669101328 -0.2213602215 0.1334712058 -0.9660150409
-425.3 -424.1 2664.5 0.9660385251 -0.2583937049 0.0015152674 0.0065575424 0.0186531916 -0.9998044968 0.2583149374 0.9658595920 0.0197141282
-314.6 -432.1 2250.7 0.9660385251 -0.0460399240 -0.2542635202 0.0065575424 0.9880501032 -0.1539934427 0.2583149374 0.1470962465 0.9547963738
-358.6 -383.2 2830.3 0.4688167274 -0.8661661148 0.1731100380 0.0187562723 -0.1861758381 -0.9823374152 0.8830962777 0.4637831151 -0.0710363016
-33.7 -313.4 2656.3 0.4688167274 -0.3453763127 -0.8129736185 0.0187562723 0.9240719080 -0.3817581534 0.8830962777 0.1637262553 0.4396983385
19.5 -139.3 2464.3 0 0 0 0 0 0 0 0 0
-249.9 68.6 2753.6 0 0 0 0 0 0 0 0 0
-297.2 -804.0 2195.3 0 0 0 0 0 0 0 0 0
146.4 -795.4 2570.9 0 0 0 0 0 0 0 0 0
-227.3 130.1 2550.2 5 0.2946655154 0.2867922187 -0.9115494490 0.2520983815 0.8967796564 0.3636381030 0.9217476249 -0.3369517624 0.1919501722
-285.0 -50.3 2617.9 0.2946655154 0.2867922187 -0.9115494490 0.2520983815 0.8967796564 0.3636381030 0.9217476249 -0.3369517624 0.1919501722
-337.9 -226.1 2685.9 0.2986052930 0.2702038884 -0.9153276682 0.2647931278 0.8979741931 0.3514640331 0.9169075489 -0.3473214805 0.1965917051
-327.5 -88.0 2487.3 -0.5705884099 0.0499524511 -0.8197155595 0.5637500882 0.7496410608 -0.3467334807 0.5971722603 -0.6599568129 -0.4558972120
-225.9 -188.4 2381.0 -0.9329974055 0.0499524511 0.3563995659 -0.2007718980 0.7496410608 -0.6306574941 -0.2986746430 -0.6599568129 -0.6893841028
-242.4 -12.5 2748.5 0.8242779374 0.5029142499 -0.2600828707 -0.5001606345 0.8620615602 0.0817879885 0.2653397918 0.0626671761 0.9621162415
-75.9 -113.6 2802.1 -0.6905142665 0.6995019317 0.1840844452 0.7064518332 0.7068455815 -0.0359878764 -0.1552928686 0.1051966473 -0.9822514057
-415.5 -428.0 2664.7 0.9719282985 -0.2347777486 0.0153225558 0.0178893041 0.0088066766 -0.9998011589 0.2345961332 0.9720091820 0.0127594694
-314.8 -431.7 2247.5 0.9719282985 -0.0496171676 -0.2299858928 0.0178893041 0.9902651906 -0.1380390525 0.2345961332 0.1300497800 0.9633544087
-363.9 -378.0 2836.7 0.4524492025 -0.8750112057 0.1721777320 0.0350725427 -0.1754611582 -0.9838614464 0.8911002278 0.4511860013 -0.0486983955
-35.6 -312.2 2667.5 0.4524492025 -0.3461798728 -0.8218571544 0.0350725427 0.9277757406 -0.3714863658 0.8911002278 0.1392540932 0.4319127798
3.3 -139.0 2454.4 0 0 0 0 0 0 0 0 0
-252.0 66.6 2762.5 0 0 0 0 0 0 0 0 0
-296.1 -804.5 2198.5 0 0 0 0 0 0 0 0 0
144.9 -796.1 2594.8 0 0 0 0 0 0 0 0 0
-234.8 129.2 2557.7 6 0.2670644820 0.2686542273 -0.9254736304 0.2429716587 0.9105578065 0.3344388008 0.9325456023 -0.3141805828 0.1779022813
-288.6 -53.0 2620.6 0.2670644820 0.2686542273 -0.9254736304 0.2429716587 0.9105578065 0.3344388008 0.9325456023 -0.3141805828 0.1779022813
-338.4 -231.1 2685.0 0.2717648447 0.2543434799 -0.9281450510 0.2593283653 0.9094125032 0.3251425922 0.9267646074 -0.3290566802 0.1811878681
-327.3 -89.9 2488.6 -0.5231719017 0.0453967303 -0.8510172367 0.5724453926 0.7584862113 -0.3114561439 0.6313457489 -0.6501060128 -0.4228057861
-237.2 -188.5 2379.8 -0.9310627580 0.0453967303 0.3620238304 -0.2037146091 0.7584862113 -0.6190307140 -0.3026920557 -0.6501060128 -0.6969502568
-249.9 -16.1 2752.6 0.8475441337 0.4742723107 -0.2381905913 -0.4803184271 0.8763606548 0.0358642675 0.2257502824 0.0840107799 0.9705560207
-78.3 -113.3 2798.3 -0.6916386485 0.7009335756 0.1741495281 0.7118294239 0.7023524046 0.0001514581 -0.1222081780 0.1240695119 -0.9847192168
-417.8 -425.8 2671.0 0.9712716937 -0.2378175408 0.0086094616 0.0124729769 0.0147457337 -0.9998134971 0.2376462370 0.9711979032 0.0172884073
-314.8 -432.2 2250.2 0.9712716937 -0.0449412540 -0.2336912304 0.0124729769 0.9902700782 -0.1385988146 0.2376462370 0.1317022741 0.9623818398
-363.5 -385.7 2833.2 0.4320441186 -0.8796960115 0.1986775845 0.0344137847 -0.2040576488 -0.9783537984 0.9011956453 0.4295292497 -0.0578882359
-33.7 -309.2 2672.1 0.4320441186 -0.3731561303 -0.8210312724 0.0344137847 0.9165415764 -0.3984560072 0.9011956453 0.1438957751 0.4088281393
-7.9 -138.4 2454.4 0 0 0 0 0 0 0 0 0
-255.0 68.5 2767.1 0 0 0 0 0 0 0 0 0
-297.9 -805.1 2200.6 0 0 0 0 0 0 0 0 0
160.9 -787.2 2597.1 0 0 0 0 0 0 0 0 0
-234.7 131.4 2561.5 7 0.2779285610 0.2604731917 -0.9246131182 0.2340370119 0.9151701331 0.3281619549 0.9316557050 -0.3075992763 0.1933915764
-287.1 -52.8 2623.4 0.2779285610 0.2604731917 -0.9246131182 0.2340370119 0.9151701331 0.3281619549 0.9316557050 -0.3075992763 0.1933915764
-334.8 -232.0 2686.3 0.2822916508 0.2434231341 -0.9279313684 0.2498858124 0.9152226448 0.3161085546 0.9262118936 -0.3211116791 0.1975317299
-327.4 -88.4 2491.5 -0.4603192508 0.0379712321 -0.8869410157 0.5773339868 0.7717596889 -0.2665941715 0.6743823886 -0.6347796321 -0.3771779239
-247.7 -188.2 2374.8 -0.9383323789 0.0379712321 0.3436430097 -0.1909153312 0.7717596889 -0.6065791845 -0.2882423699 -0.6347796321 -0.7169178128
-246.9 -17.2 2755.4 0.8383837342 0.4843591750 -0.2500178516 -0.4917877913 0.8699596524 0.0362617560 0.2350691706 0.0925544649 0.9675619602
-84.6 -112.4 2800.9 -0.6471417546 0.7203447819 0.2496214807 0.7371718287 0.6747440696 -0.0360292532 -0.1943840981 0.1606978923 -0.9676730037
-412.7 -432.5 2665.7 0.9732585549 -0.2293858528 0.0122422175 0.0127034588 0.0005341315 -0.9999191761 0.2293607742 0.9733354449 0.0034338417
-314.9 -432.7 2250.8 0.9732585549 -0.0455056019 -0.2251599133 0.0127034588 0.9893443584 -0.1450389773 0.2293607742 0.1383001208 0.9634659886
-356.9 -388.6 2832.8 0.4438189268 -0.8724104166 0.2047554106 0.0262753312 -0.2157246172 -0.9761006832 0.8957312107 0.4385919571 -0.0728197917
-29.7 -307.7 2668.3 0.4438189268 -0.3776704073 -0.8126437068 0.0262753312 0.9119451642 -0.4094699919 0.8957312107 0.1603780538 0.4146619141
-15.7 -141.0 2446.1 0 0 0 0 0 0 0 0 0
-249.5 75.5 2751.3 0 0 0 0 0 0 0 0 0
-297.8 -805.3 2198.7 0 0 0 0 0 0 0 0 0
167.3 -783.4 2584.7 0 0 0 0 0 0 0 0 0
-234.8 133.3 2561.9 8 0.2637481987 0.2613948882 -0.9284985662 0.2466390133 0.9123088717 0.3268970847 0.9325267076 -0.3152225018 0.1761496365
-287.3 -49.9 2625.2 0.2637481987 0.2613948882 -0.9284985662 0.2466390133 0.9123088717 0.3268970847 0.9325267076 -0.3152225018 0.1761496365
-335.4 -228.4 2689.8 0.2683219612 0.2454700023 -0.9315298200 0.2630969286 0.9115539193 0.3159897029 0.9267056584 -0.3298696280 0.1800075322
-325.5 -87.4 2493.2 -0.4148601592 0.0400170535 -0.9090047479 0.5835332870 0.7782273293 -0.2320585549 0.6981260777 -0.6267063618 -0.3462067842
-255.9 -185.4 2376.0 -0.9623011351 0.0400170535 0.2690263391 -0.1388545483 0.7782273293 -0.6124390960 -0.2338716537 -0.6267063618 -0.7433325052
-249.1 -12.5 2757.2 0.8298490644 0.5048702359 -0.2376059145 -0.5126280189 0.8579880595 0.0326959416 0.2203702480 0.0946707577 0.9708111882
-88.2 -111.8 2799.9 -0.6369893551 0.7338616848 0.2359907776 0.7497438788 0.6609684229 -0.0316984244 -0.1792447269 0.1567410976 -0.9712381363
-408.0 -433.7 2665.5 0.9757769108 -0.2175798714 0.0227691755 0.0227657668 -0.0025227135 -0.9997376204 0.2175802290 0.9760392308 0.0024917673
-315.6 -432.7 2251.0 0.9757769108 -0.0544943325 -0.2118721455 0.0227657668 0.9885144234 -0.1494020075 0.2175802290 0.1409596056 0.9658101201
-359.2 -383.2 2838.1 0.4308966100 -0.8779935837 0.2084594667 0.0395335220 -0.2124168277 -0.9763790965 0.9015349150 0.4289596081 -0.0568195134
-29.8 -303.5 2677.2 0.4308966100 -0.3824194074 -0.8173637390 0.0395335220 0.9128954411 -0.4062745273 0.9015349150 0.1427490562 0.4084819555
-14.4 -150.6 2434.6 0 0 0 0 0 0 0 0 0
-250.9 79.7 2754.1 0 0 0 0 0 0 0 0 0
-295.0 -805.0 2197.9 0 0 0 0 0 0 0 0 0
169.7 -779.7 2602.7 0 0 0 0 0 0 0 0 0
-234.9 135.4 2562.6 9 0.2751093805 0.2688282132 -0.9230635166 0.2435439527 0.9093086123 0.3374080360 0.9300543666 -0.3176306486 0.1846878529
-289.0 -47.3 2626.4 0.2751093805 0.2688282132 -0.9230635166 0.2435439527 0.9093086123 0.3374080360 0.9300543666 -0.3176306486 0.1846878529
-339.3 -224.9 2691.9 0.2801451385 0.2572117150 -0.9248571992 0.2609290779 0.9067592025 0.3312155902 0.9238153100 -0.3341105878 0.1869101673
-328.9 -84.5 2494.8 -0.3998158276 0.0335386358 -0.9159817100 0.6035153866 0.7617690563 -0.2355356216 0.6898669600 -0.6469799280 -0.3248084188
-260.9 -187.1 2377.5 -0.9650570750 0.0335386358 0.2598846555 -0.1436457932 0.7617690563 -0.6317228675 -0.2191592157 -0.6469799280 -0.7303329706
-249.0 -10.2 2758.0 0.8218337297 0.5176656246 -0.2379320115 -0.5232079625 0.8510468602 0.0444150902 0.2254834622 0.0879861042 0.9702657461
-89.7 -111.6 2801.8 -0.6196976304 0.7405872941 0.2598179281 0.7554408908 0.6526101828 -0.0583866835 -0.2128002644 0.1600949913 -0.9638909101
-407.7 -430.7 2670.6 0.9765363336 -0.2137253433 0.0264238287 0.0280867405 0.0047472971 -0.9995942116 0.2135131806 0.9768822789 0.0106387567
-315.8 -432.8 2250.4 0.9765363336 -0.0576381758 -0.2074959874 0.0280867405 0.9893754721 -0.1426440775 0.2135131806 0.1334692389 0.9677799940
-364.4 -378.9 2840.8 0.4389922619 -0.8776531816 0.1923817396 0.0348113142 -0.1973417997 -0.9797164798 0.8978162408 0.4367850125 -0.0560792647
-35.1 -304.8 2676.9 0.4389922619 -0.3666871190 -0.8202599287 0.0348113142 0.9191866517 -0.3922805488 0.8978162408 0.1436537951 0.4162807167
-19.9 -151.2 2432.3 0 0 0 0 0 0 0 0 0
-248.1 81.5 2747.4 0 0 0 0 0 0 0 0 0
-294.1 -805.4 2200.1 0 0 0 0 0 0 0 0 0
156.2 -784.4 2602.0 0 0 0 0 0 0 0 0 0
-236.8 134.4 2565.9 0 0.2703121901 0.2751872241 -0.9226068258 0.2386130244 0.9092349410 0.3411093950 0.9327353239 -0.3123520315 0.1801140457
-291.9 -47.6 2628.5 0.2703121901 0.2751872241 -0.9226068258 0.2386130244 0.9092349410 0.3411093950 0.9327353239 -0.3123520315 0.1801140457
-343.6 -225.2 2693.0 0.2755849957 0.2638904154 -0.9243456125 0.2563737333 0.9065750241 0.3352525532 0.9264585376 -0.3293685019 0.1821838915
-331.2 -84.2 2496.5 -0.4206279516 0.0448877774 -0.9061220884 0.5966128111 0.7661150694 -0.2389996201 0.6834656000 -0.6411339641 -0.3490300477
-258.3 -187.5 2378.1 -0.9600805640 0.0448877774 0.2760985196 -0.1442904621 0.7661150694 -0.6262969971 -0.2396363169 -0.6411339641 -0.7290553451
-252.6 -11.1 2760.5 0.8457684517 0.4945215583 -0.2003102750 -0.5019788146 0.8647435308 0.0153586017 0.1808121800 0.0875616968 0.9796121120
-82.6 -112.0 2796.9 -0.6575601101 0.7177215219 0.2291081399 0.7317532897 0.6807937622 -0.0325111747 -0.1793093681 0.1462725848 -0.9728578925
-415.0 -426.0 2673.8 0.9740365744 -0.2250373363 0.0247183498 0.0284805149 0.0134865940 -0.9995033741 0.2245922089 0.9742568135 0.0195456147
-317.2 -431.9 2250.5 0.9740365744 -0.0583835319 -0.2187330872 0.0284805149 0.9900994301 -0.1374480724 0.2245922089 0.1276498139 0.9660558105
-370.4 -379.6 2841.2 0.4334597886 -0.8814040422 0.1877220571 0.0295029450 -0.1943174601 -0.9804949164 0.9006898403 0.4305434823 -0.0582247898
-39.6 -306.6 2679.7 0.4334597886 -0.3629877269 -0.8248348236 0.0295029450 0.9205156565 -0.3895901740 0.9006898403 0.1445366144 0.4097157121
-19.6 -151.6 2437.6 0 0 0 0 0 0 0 0 0
-250.6 74.9 2751.0 0 0 0 0 0 0 0 0 0
-295.3 -804.8 2202.4 0 0 0 0 0 0 0 0 0
149.8 -787.0 2604.3 0 0 0 0 0 0 0 0 0
-234.5 136.8 2564.6 1 0.2774780095 0.2768799067 -0.9199692607 0.2318732888 0.9099630713 0.3438051939 0.9323307872 -0.3087146878 0.1882936805
-290.2 -46.3 2626.7 0.2774780095 0.2768799067 -0.9199692607 0.2318732888 0.9099630713 0.3438051939 0.9323307872 -0.3087146878 0.1882936805
-343.1 -223.6 2691.0 0.2831730545 0.2703318596 -0.9201813340 0.2507644892 0.9052062631 0.3431017697 0.9257052541 -0.3279059827 0.1885403991
-330.5 -82.0 2494.8 -0.4156470895 0.0522236675 -0.9080254436 0.6107509136 0.7558038831 -0.2361013144 0.6739590764 -0.6527121663 -0.3460433483
-258.6 -187.7 2378.2 -0.9528941512 0.0522236675 0.2987732291 -0.1578318328 0.7558038831 -0.6354916096 -0.2590016723 -0.6527121663 -0.7119585276
-249.8 -10.6 2758.7 0.8550111651 0.4853151739 -0.1828252375 -0.4924932718 0.8702882528 0.0069839414 0.1625000685 0.0840688497 0.9831206203
-71.4 -113.4 2792.6 -0.6974389553 0.6945090294 0.1767373234 0.7051696777 0.7090300322 -0.0034797403 -0.1277287751 0.1222028881 -0.9842519164
-420.2 -425.9 2673.8 0.9712878466 -0.2374682575 0.0144464038 0.0181507263 0.0134201385 -0.9997451901 0.2372138798 0.9713025689 0.0173450392
-316.6 -431.7 2250.0 0.9712878466 -0.0514067784 -0.2322869301 0.0181507263 0.9895421863 -0.1430971473 0.2372138798 0.1347723454 0.9620633721
-370.5 -378.2 2838.9 0.4388271570 -0.8806879520 0.1783801913 0.0225517917 -0.1876585633 -0.9819753766 0.8982884288 0.4349402487 -0.0624885820
-40.0 -307.8 2675.7 0.4388271570 -0.3537021875 -0.8260299563 0.0225517917 0.9233157635 -0.3833788931 0.8982884288 0.1496086121 0.4131526649
-22.6 -148.6 2442.4 0 0 0 0 0 0 0 0 0
-249.3 66.6 2760.0 0 0 0 0 0 0 0 0 0
-297.2 -804.4 2199.2 0 0 0 0 0 0 0 0 0
144.5 -789.6 2597.6 0 0 0 0 0 0 0 0 0
-233.3 137.7 2555.9 2 0.3120662570 0.2689800560 -0.9111884236 0.2398714870 0.9057053328 0.3495132923 0.9192803502 -0.3276394308 0.2181194425
-287.4 -44.7 2621.9 0.3120662570 0.2689800560 -0.9111884236 0.2398714870 0.9057053328 0.3495132923 0.9192803502 -0.3276394308 0.2181194425
-337.8 -221.8 2688.6 0.3162924647 0.2576051652 -0.9130162597 0.2543966770 0.9041430354 0.3432312012 0.9139154553 -0.3408297300 0.2204397321
-332.5 -80.9 2491.7 -0.4159783423 0.0270812120 -0.9089711905 0.6271235347 0.7323924303 -0.2651742101 0.6585423946 -0.6803439260 -0.3216426671
-261.1 -188.5 2378.7 -0.9551751614 0.0270812120 0.2948000431 -0.1817537099 0.7323924303 -0.6561759710 -0.2336793691 -0.6803439260 -0.6946409345
-242.4 -8.4 2752.1 0.8379139900 0.5018001795 -0.2147014588 -0.5036526322 0.8624511957 0.0501189269 0.2103192210 0.0661396086 0.9753929377
-66.1 -114.4 2796.3 -0.7209436893 0.6738958359 0.1615692228 0.6805564761 0.7324661016 -0.0183385648 -0.1307022572 0.0967359170 -0.9866909981
-421.7 -423.5 2671.5 0.9700624347 -0.2425545156 0.0120893111 0.0172451381 0.0191444084 -0.9996680021 0.2422425300 0.9699488878 0.0227541570
-316.2 -431.9 2249.7 0.9700624347 -0.0522505008 -0.2371681333 0.0172451381 0.9889360666 -0.1473365873 0.2422425300 0.1388356984 0.9602308273
-359.7 -375.8 2837.9 0.4710147083 -0.8642309904 0.1767764241 0.0261685736 -0.1866207272 -0.9820834398 0.8817371130 0.4672017395 -0.0652854219
-35.6 -305.9 2662.7 0.4710147083 -0.3486174345 -0.8103153706 0.0261685736 0.9237121344 -0.3821924031 0.8817371130 0.1588134617 0.4442048371
-24.4 -143.5 2436.6 0 0 0 0 0 0 0 0 0
-250.3 59.5 2762.9 0 0 0 0 0 0 0 0 0
-296.5 -804.3 2197.4 0 0 0 0 0 0 0 0 0
146.4 -787.9 2579.8 0 0 0 0 0 0 0 0 0
-232.8 138.0 2551.1 3 0.3055564165 0.2795038819 -0.9102268219 0.2522330284 0.8980348706 0.3604328632 0.9181578159 -0.3397218287 0.2039002031
-289.1 -43.1 2619.6 0.3055564165 0.2795038819 -0.9102268219 0.2522330284 0.8980348706 0.3604328632 0.9181578159 -0.3397218287 0.2039002031
-341.7 -218.6 2688.7 0.3099274039 0.2682238221 -0.9121409059 0.2665529847 0.8963920474 0.3541621268 0.9126305580 -0.3528984189 0.2063206136
-333.3 -81.1 2489.6 -0.4798091948 0.0201106872 -0.8771423697 0.6058390737 0.7307223082 -0.3146488667 0.6346196532 -0.6823785305 -0.3627911210
-248.8 -187.7 2377.9 -0.9536233544 0.0201106872 0.3003299534 -0.1910021603 0.7307223082 -0.6554106474 -0.2326385528 -0.6823785305 -0.6929926276
-245.0 -5.1 2749.6 0.8046785593 0.5363328457 -0.2546359301 -0.5331550241 0.8414756656 0.0875470936 0.2612242997 0.0653131381 0.9630659819
-83.1 -112.3 2802.1 -0.6592591405 0.7232360840 0.2056865245 0.7300343513 0.6811724901 -0.0552622303 -0.1800756454 0.1137260944 -0.9770563841
-416.8 -421.8 2672.8 0.9723003507 -0.2335991710 0.0079686204 0.0136020556 0.0225147214 -0.9996539950 0.2333389372 0.9720723033 0.0250684991
-315.2 -431.6 2250.2 0.9723003507 -0.0494323075 -0.2284480780 0.0136020556 0.9876905680 -0.1558277160 0.2333389372 0.1484039724 0.9610042572
-366.2 -370.0 2840.2 0.4629662037 -0.8700761199 0.1692034751 0.0365094282 -0.1720128804 -0.9844179153 0.8856236935 0.4619297683 -0.0478701703
-39.8 -305.5 2666.9 0.4629662037 -0.3424496949 -0.8175514936 0.0365094282 0.9289376736 -0.3684315681 0.8856236935 0.1407230347 0.4425694048
-12.6 -140.4 2435.5 0 0 0 0 0 0 0 0 0
-251.0 73.6 2756.3 0 0 0 0 0 0 0 0 0
-296.6 -803.6 2194.3 0 0 0 0 0 0 0 0 0
138.9 -790.2 2593.5 0 0 0 0 0 0 0 0 0
-237.3 132.4 2559.7 4 0.3017051220 0.2692817748 -0.9145826101 0.2379074246 0.9076736569 0.3457291424 0.9232410789 -0.3218942583 0.2097856551
-291.3 -49.7 2624.3 0.3017051220 0.2692817748 -0.9145826101 0.2379074246 0.9076736569 0.3457291424 0.9232410789 -0.3218942583 0.2097856551
-342.3 -227.0 2690.0 0.3059687912 0.2602043450 -0.9157930017 0.2525062561 0.9052957892 0.3415847719 0.9179453850 -0.3357577324 0.2112890333
-334.9 -85.7 2493.5 -0.5340928435 -0.0016682821 -0.8454241753 0.5634999871 0.7447760701 -0.3574581742 0.6302480698 -0.6673123837 -0.3968394995
-238.3 -187.6 2379.5 -0.9546534419 -0.0016682821 0.2977147698 -0.1998554468 0.7447760701 -0.6366838813 -0.2206686735 -0.6673123837 -0.7113364339
-247.7 -13.7 2755.1 0.8265709877 0.4959121048 -0.2661795914 -0.4957003593 0.8654175401 0.0730315149 0.2665736973 0.0715795830 0.9611528516
-81.4 -113.5 2808.7 -0.6667672396 0.7057355642 0.2394968867 0.7159643769 0.6957998872 -0.0570743829 -0.2069213241 0.1334159076 -0.9692181349
-422.2 -418.2 2675.3 0.9699248075 -0.2434008121 0.0013801827 0.0091145644 0.0306529999 -0.9994885325 0.2432340235 0.9694412947 0.0319495983
-315.4 -431.7 2250.1 0.9699248075 -0.0472575948 -0.2387730777 0.0091145644 0.9873349667 -0.1583873481 0.2432340235 0.1514475048 0.9580714107
-365.5 -381.4 2838.7 0.4611764848 -0.8691408038 0.1786350757 0.0245140996 -0.1887652874 -0.9817162156 0.8869697452 0.4571235180 -0.0657479167
-39.5 -310.6 2667.2 0.4611764848 -0.3516220152 -0.8146644831 0.0245140996 0.9228285551 -0.3844300807 0.8869697452 0.1573193520 0.4342065454
-2.0 -138.1 2434.2 0 0 0 0 0 0 0 0 0
-251.6 69.3 2755.9 0 0 0 0 0 0 0 0 0
-297.6 -803.6 2193.0 0 0 0 0 0 0 0 0 0
144.0 -792.1 2585.1 0 0 0 0 0 0 0 0 0
-238.2 128.7 2555.5 5 0.3402983248 0.2646680176 -0.9023014307 0.2286490500 0.9074796438 0.3524207175 0.9120946527 -0.3262385428 0.2482976913
-291.3 -53.4 2621.0 0.3402983248 0.2646680176 -0.9023014307 0.2286490500 0.9074796438 0.3524207175 0.9120946527 -0.3262385428 0.2482976913
-341.1 -230.8 2687.3 0.3442755044 0.2542763948 -0.9037798047 0.2425464839 0.9058615565 0.3472549915 0.9069980979 -0.3387599885 0.2501921058
-340.3 -88.0 2491.8 -0.5972466469 0.0273612142 -0.8015908003 0.5358411670 0.7572653294 -0.3733945489 0.5968003869 -0.6525340080 -0.4669354558
-228.9 -187.9 2380.5 -0.9418470263 0.0273612142 0.3349261284 -0.1991850138 0.7572653294 -0.6219924092 -0.2706464231 -0.6525340080 -0.7077781558
-242.2 -18.9 2750.1 0.8338961601 0.4830327630 -0.2670142055 -0.4772245884 0.8740753531 0.0908239037 0.2772614658 0.0516880490 0.9594031572
