149.1 32.2 2637.2 3 0.4142167866 0.1324606836 -0.9004880190 -0.1428609192 0.9865522981 0.0794058368 0.8988966346 0.0957533121 0.4275699854
122.9 -163.1 2618.2 0.4142167866 0.1324606836 -0.9004880190 -0.1428609192 0.9865522981 0.0794058368 0.8988966346 0.0957533121 0.4275699854
96.2 -354.7 2601.7 0.4152379930 0.1370811015 -0.8993253708 -0.1353841275 0.9868848324 0.0879177079 0.8995824456 0.0852476135 0.4283506870
66.3 -144.7 2495.6 -0.6485977769 0.1675069630 -0.7424703836 0.7172850966 0.4608236849 -0.5226314068 0.2546035647 -0.8715405464 -0.4190394878
223.4 -318.4 2434.0 -0.9147245288 0.1675069630 0.3677232862 -0.2570907176 0.4608236849 -0.8494385481 -0.3117424846 -0.8715405464 -0.3784622550
179.5 -181.5 2740.8 0.8764407635 0.3577157855 -0.3223212659 -0.4814778566 0.6587674618 -0.5781042576 0.0055377316 0.6618646979 0.7496029139
381.4 -292.4 2742.1 0.7908591032 0.3577157855 0.4965695739 0.1631746292 0.6587674618 -0.7344381809 -0.5898439884 0.6618646979 0.4626220763
36.5 -535.0 2507.9 0.7883799672 -0.6141850948 0.0351242237 0.0436520986 -0.0011011082 -0.9990462065 0.6136379242 0.7891612649 0.0259423759
251.5 -534.7 2231.6 0.7883799672 -0.0788969547 -0.6101084352 0.0436520986 0.9964166284 -0.0724458098 0.6136379242 0.0304823127 0.7889989018
100.4 -556.9 2673.7 0.4055282772 -0.8622938395 -0.3033086360 -0.0135510676 0.3261098564 -0.9452347755 0.9139820337 0.3874295652 0.1205617562
435.1 -683.5 2523.3 0.4055282772 -0.5278734565 -0.7462549210 -0.0135510676 0.8128362894 -0.5823345780 0.9139820337 0.2462656647 0.3224748373
460.9 -251.7 2514.9 0 0 0 0 0 0 0 0 0
540.4 -259.6 2623.5 0 0 0 0 0 0 0 0 0
271.8 -790.7 2223.8 0 0 0 0 0 0 0 0 0
632.0 -986.6 2431.4 0 0 0 0 0 0 0 0 0
149.7 32.2 2638.6 4 0.3862769604 0.1282431036 -0.9134241939 -0.1407008022 0.9868907332 0.0790568665 0.9115883708 0.0979816690 0.3992570639
124.4 -162.6 2619.2 0.3862769604 0.1282431036 -0.9134241939 -0.1407008022 0.9868907332 0.0790568665 0.9115883708 0.0979816690 0.3992570639
98.9 -354.3 2602.3 0.3873828351 0.1313955635 -0.9125074148 -0.1322913617 0.9874705076 0.0860287249 0.9123779535 0.0873907954 0.3999116421
71.6 -144.5 2494.8 -0.6278250217 0.1763296425 -0.7581184506 0.7316147089 0.4661249220 -0.4974610507 0.2656607628 -0.8669691086 -0.4216502607
219.9 -317.3 2432.0 -0.9208382368 0.1763296425 0.3477998972 -0.2330939472 0.4661249220 -0.8534604907 -0.3126085699 -0.8669691086 -0.3881242871
177.3 -180.6 2743.7 0.8773183227 0.3349325359 -0.3437044919 -0.4787036180 0.6614769697 -0.5773136616 0.0339914896 0.6710204482 0.7406592965
379.5 -291.0 2751.5 0.8083809614 0.3349325359 0.4840872288 0.1641497910 0.6614769697 -0.7317807674 -0.5653097034 0.6710204482 0.4797462821
32.4 -534.1 2504.7 0.7757182121 -0.6308071613 0.0185344350 0.0301606022 0.0077213454 -0.9995152354 0.6303582788 0.7759011984 0.0250151139
255.9 -536.9 2229.8 0.7757182121 -0.0607737340 -0.6281462908 0.0301606022 0.9977850318 -0.0592903197 0.6303582788 0.0270473100 0.7758330107
106.6 -558.3 2665.5 0.3837364316 -0.8624642491 -0.3300026953 -0.0366021059 0.3428748846 -0.9386677146 0.9227169752 0.3722797930 0.1000055745
441.3 -691.4 2521.0 0.3837364316 -0.5266593099 -0.7585356236 -0.0366021059 0.8121013641 -0.5823672414 0.9227169752 0.2512395382 0.2923560441
457.8 -257.1 2512.8 0 0 0 0 0 0 0 0 0
542.2 -258.0 2637.7 0 0 0 0 0 0 0 0 0
271.3 -789.0 2222.9 0 0 0 0 0 0 0 0 0
637.8 -994.4 2427.2 0 0 0 0 0 0 0 0 0
148.3 30.6 2637.8 5 0.3960751891 0.1239723042 -0.9098106027 -0.1319029629 0.9882488847 0.0772380605 0.9086946845 0.0894146413 0.4077731669
123.8 -164.4 2620.1 0.3960751891 0.1239723042 -0.9098106027 -0.1319029629 0.9882488847 0.0772380605 0.9086946845 0.0894146413 0.4077731669
99.2 -356.3 2604.1 0.3967117965 0.1268434227 -0.9091372490 -0.1268857121 0.9884767532 0.0825449824 0.9091313481 0.0826099589 0.4082350135
69.7 -147.1 2496.0 -0.6440957189 0.1783517152 -0.7438624501 0.7180606723 0.4761807621 -0.5075832605 0.2636846304 -0.8610705733 -0.4347733557
222.1 -317.0 2433.6 -0.9242272377 0.1783517152 0.3376309276 -0.2192043513 0.4761807621 -0.8515875340 -0.3126554489 -0.8610705733 -0.4010037482
178.0 -181.7 2744.2 0.8802900314 0.3376837075 -0.3332554400 -0.4736469984 0.6660042405 -0.5762784481 0.0273496676 0.6651376486 0.7462197542
381.1 -291.0 2750.5 0.8020865321 0.3376837075 0.4925717413 0.1661904603 0.6660042405 -0.7271994948 -0.5736182928 0.6651376486 0.4780732095
38.7 -534.1 2503.7 0.7820916176 -0.6227632761 0.0223297868 0.0321108550 0.0044889972 -0.9994742274 0.6223356128 0.7823974490 0.0235082675
257.7 -535.7 2228.7 0.7820916176 -0.0551865995 -0.6207150221 0.0321108550 0.9983166456 -0.0482992493 0.6223356128 0.0178427473 0.7825471163
108.0 -557.8 2666.9 0.3944087625 -0.8573716879 -0.3306893706 -0.0243959129 0.3499653935 -0.9364449382 0.9186112285 0.3774095476 0.1171130538
440.8 -693.6 2520.4 0.3944087625 -0.5360303521 -0.7464001775 -0.0243959129 0.8058506250 -0.5916160941 0.9186112285 0.2515476942 0.3047575951
457.4 -261.2 2513.2 0 0 0 0 0 0 0 0 0
542.7 -257.6 2635.0 0 0 0 0 0 0 0 0 0
271.7 -789.1 2224.1 0 0 0 0 0 0 0 0 0
640.8 -994.3 2426.5 0 0 0 0 0 0 0 0 0
149.4 25.0 2637.4 6 0.3872638941 0.1305228472 -0.9126831293 -0.1372403502 0.9870604277 0.0829265937 0.9116972089 0.0931424797 0.4001658559
123.6 -170.0 2619.0 0.3872638941 0.1305228472 -0.9126831293 -0.1372403502 0.9870604277 0.0829265937 0.9116972089 0.0931424797 0.4001658559
98.8 -361.8 2602.4 0.3883099854 0.1277695149 -0.9126282334 -0.1292408407 0.9881043434 0.0833462104 0.9124210477 0.0855846778 0.4002038240
70.5 -152.4 2494.4 -0.6580319405 0.1942755431 -0.7274963856 0.7088856697 0.4856296182 -0.5115124583 0.2539194226 -0.8523032665 -0.4572789371
223.1 -316.7 2435.5 -0.9183018804 0.1942755431 0.3449328244 -0.2154822648 0.4856296182 -0.8471902013 -0.3320979476 -0.8523032665 -0.4040916562
176.6 -187.7 2743.6 0.8792533875 0.3328110278 -0.3408083022 -0.4751116335 0.6643449664 -0.5769876242 0.0343864150 0.6692402959 0.7422499061
379.6 -297.4 2751.5 0.8074944615 0.3328110278 0.4870210588 0.1657556444 0.6643449664 -0.7288147211 -0.5661075711 0.6692402959 0.4812895656
39.1 -536.8 2506.7 0.7880885005 -0.6149905920 0.0265164375 0.0343205072 0.0008891050 -0.9994105101 0.6146044731 0.7885339856 0.0218074806
255.5 -537.1 2229.1 0.7880885005 -0.0609748363 -0.6125345826 0.0343205072 0.9978865385 -0.0551779009 0.6146044731 0.0224625729 0.7885155678
110.1 -559.5 2669.4 0.4062449038 -0.8523824811 -0.3292554319 -0.0248343628 0.3498962522 -0.9364592433 0.9134266973 0.3886086345 0.1209751964
440.9 -695.3 2518.6 0.4062449038 -0.5355778933 -0.7403522134 -0.0248343628 0.8034517169 -0.5948517323 0.9134266973 0.2600416541 0.3130974174
454.9 -262.3 2519.3 0 0 0 0 0 0 0 0 0
542.3 -264.0 2637.4 0 0 0 0 0 0 0 0 0
270.8 -787.1 2223.5 0 0 0 0 0 0 0 0 0
640.8 -995.2 2421.5 0 0 0 0 0 0 0 0 0
150.7 26.0 2637.2 7 0.3712500036 0.1410016716 -0.9177646637 -0.1328143477 0.9863033295 0.0978062227 0.9189851880 0.0855817571 0.3848921657
123.1 -167.6 2620.4 0.3712500036 0.1410016716 -0.9177646637 -0.1328143477 0.9863033295 0.0978062227 0.9189851880 0.0855817571 0.3848921657
95.8 -359.2 2605.0 0.3721198142 0.1401380748 -0.9175446033 -0.1267093122 0.9869520068 0.0993504897 0.9194952846 0.0792911574 0.3850212097
72.2 -150.3 2494.8 -0.6539826989 0.1949732006 -0.7309528589 0.7138754725 0.4788325429 -0.5109806061 0.2503764927 -0.8559818268 -0.4523347914
226.2 -318.4 2435.9 -0.9135792255 0.1949732006 0.3568731248 -0.2288866043 0.4788325429 -0.8475437164 -0.3361307681 -0.8559818268 -0.3928247094
173.9 -184.9 2745.9 0.8719500899 0.3314560652 -0.3603330255 -0.4867958128 0.6655212641 -0.5657837987 0.0522768199 0.6687438488 0.7416527867
375.2 -297.3 2758.0 0.8185067773 0.3314560652 0.4692371786 0.1496895552 0.6655212641 -0.7312144041 -0.5546528101 0.6687438488 0.4951181412
39.2 -542.1 2504.0 0.7841930985 -0.6194193959 0.0368884839 0.0317028090 -0.0193760265 -0.9993095398 0.6197064519 0.7848210931 0.0044427887
254.9 -535.3 2230.7 0.7841930985 -0.0646204427 -0.6171429157 0.0317028090 0.9974361658 -0.0641563535 0.6197064519 0.0307458062 0.7842312455
108.7 -565.2 2667.4 0.3844977617 -0.8605335951 -0.3341307640 -0.0521306507 0.3411371410 -0.9385669231 0.9216527939 0.3782953322 0.0863062888
442.8 -697.6 2520.6 0.3844977617 -0.5289067030 -0.7565838695 -0.0521306507 0.8058404326 -0.5898334980 0.9216527939 0.2662308812 0.2822716236
454.0 -261.3 2519.7 0 0 0 0 0 0 0 0 0
540.1 -267.1 2646.3 0 0 0 0 0 0 0 0 0
271.2 -787.0 2223.0 0 0 0 0 0 0 0 0 0
640.2 -998.4 2421.2 0 0 0 0 0 0 0 0 0
150.0 30.1 2637.6 8 0.3808962107 0.1304538548 -0.9153687358 -0.1294929832 0.9877662063 0.0868879631 0.9155051112 0.0854385346 0.3931292593
124.3 -164.1 2620.8 0.3808962107 0.1304538548 -0.9153687358 -0.1294929832 0.9877662063 0.0868879631 0.9155051112 0.0854385346 0.3931292593
98.9 -355.9 2605.5 0.3816887736 0.1311213225 -0.9149430990 -0.1235057190 0.9882447720 0.0901031122 0.9160022140 0.0786093622 0.3933961689
72.2 -147.3 2495.7 -0.6487310529 0.1946929246 -0.7356919646 0.7173292637 0.4792717099 -0.5057048202 0.2541391850 -0.8557997942 -0.4505773783
224.1 -315.3 2436.1 -0.9216108918 0.1946929246 0.3357498944 -0.2092709094 0.4792717099 -0.8523522019 -0.3268623650 -0.8557997942 -0.4009584785
176.5 -181.0 2745.9 0.8771554232 0.3309669495 -0.3479357660 -0.4781824350 0.6684595346 -0.5696520209 0.0440449715 0.6660501361 0.7446054220
379.0 -291.4 2756.1 0.8119065762 0.3309669495 0.4809038937 0.1579872966 0.6684595346 -0.7267749906 -0.5620032549 0.6660501361 0.4904381037
35.3 -539.4 2507.2 0.7820912600 -0.6225705147 0.0271892380 0.0295942444 -0.0064753457 -0.9995410442 0.6224608421 0.7825369239 0.0133601930
256.2 -537.1 2229.6 0.7820912600 -0.0600748025 -0.6202614903 0.0295942444 0.9977999330 -0.0593253560 0.6224608421 0.0280416701 0.7821484208
102.0 -562.1 2671.9 0.4102538228 -0.8613228202 -0.2996912003 -0.0036066382 0.3270841539 -0.9449883103 0.9119642377 0.3887659609 0.1310810447
436.3 -689.0 2521.0 0.4102538228 -0.5389205813 -0.7357013226 -0.0036066382 0.8057502508 -0.5922445059 0.9119642377 0.2456239760 0.3286184371
454.6 -263.0 2517.9 0 0 0 0 0 0 0 0 0
542.6 -259.5 2642.8 0 0 0 0 0 0 0 0 0
271.2 -787.2 2222.5 0 0 0 0 0 0 0 0 0
637.4 -989.7 2429.3 0 0 0 0 0 0 0 0 0
151.3 28.7 2638.3 9 0.3847143948 0.1385482252 -0.9125783443 -0.1465110034 0.9853026271 0.0878248438 0.9113338590 0.0999152809 0.3993589580
124.1 -164.8 2618.6 0.3847143948 0.1385482252 -0.9125783443 -0.1465110034 0.9853026271 0.0878248438 0.9113338590 0.0999152809 0.3993589580
98.2 -356.4 2600.8 0.3860435784 0.1331992447 -0.9128134251 -0.1368646771 0.9868391752 0.0861189216 0.9122710228 0.0916862562 0.3991931975
71.4 -146.1 2494.0 -0.6381106377 0.1785079241 -0.7489657402 0.7243196964 0.4690576494 -0.5053176284 0.2611049116 -0.8649392128 -0.4286074638
219.3 -314.1 2433.5 -0.9284717441 0.1785079241 0.3256918788 -0.2106754631 0.4690576494 -0.8576717377 -0.3058694601 -0.8649392128 -0.3978995085
176.8 -183.5 2743.3 0.8765835166 0.3353760839 -0.3451437950 -0.4801176190 0.6586065292 -0.5794174075 0.0329911970 0.6736173630 0.7383435965
379.2 -294.4 2750.9 0.8093837500 0.3353760839 0.4821004272 0.1644733101 0.6586065292 -0.7342928648 -0.5637787580 0.6736173630 0.4779049754
39.2 -536.7 2508.2 0.7882793546 -0.6147698164 0.0259563904 0.0326854475 -0.0002883311 -0.9994656444 0.6144487858 0.7887065411 0.0198667422
255.6 -536.6 2230.6 0.7882793546 -0.0657717362 -0.6117922664 0.0326854475 0.9973428845 -0.0651065931 0.6144487858 0.0313254781 0.7883345485
107.6 -558.8 2672.3 0.3934657574 -0.8568724394 -0.3330981433 -0.0508597866 0.3414802253 -0.9385118484 0.9179313779 0.3862135708 0.0907804221
440.2 -691.4 2522.4 0.3934657574 -0.5241131783 -0.7553079724 -0.0508597866 0.8079092503 -0.5871081352 0.9179313779 0.2694217563 0.2912283242
452.1 -261.3 2510.1 0 0 0 0 0 0 0 0 0
542.4 -261.2 2637.3 0 0 0 0 0 0 0 0 0
272.1 -787.2 2222.7 0 0 0 0 0 0 0 0 0
635.7 -992.8 2421.8 0 0 0 0 0 0 0 0 0
148.3 30.1 2638.1 0 0.3883115053 0.1185568944 -0.9138700366 -0.1438036114 0.9873366356 0.0669843256 0.9102388024 0.1054070368 0.4004430771
125.0 -163.8 2617.4 0.3883115053 0.1185568944 -0.9138700366 -0.1438036114 0.9873366356 0.0669843256 0.9102388024 0.1054070368 0.4004430771
101.3 -355.5 2599.0 0.3892754912 0.1222702041 -0.9129701853 -0.1358968019 0.9879280925 0.0743648335 0.9110414982 0.0951213166 0.4011923373
71.8 -145.2 2493.0 -0.6477413774 0.1953366250 -0.7363930345 0.7177091837 0.4807159603 -0.5037913918 0.2555869818 -0.8548425436 -0.4515744746
222.1 -311.7 2433.7 -0.9272105098 0.1953366250 0.3195688426 -0.1934978217 0.4807159603 -0.8552606702 -0.3206855655 -0.8548425436 -0.4079276621
178.2 -182.3 2741.9 0.8819807768 0.3292302191 -0.3372200727 -0.4703542292 0.6598727703 -0.5859477520 0.0296106394 0.6754075885 0.7368499637
381.8 -291.0 2748.7 0.8064010143 0.3292302191 0.4912483096 0.1756402403 0.6598727703 -0.7305603623 -0.5646839142 0.6754075885 0.4742960036
37.8 -535.6 2501.3 0.7799720764 -0.6252329946 0.0269684903 0.0368688367 0.0028895130 -0.9993159175 0.6247273684 0.7804328203 0.0253053512
255.2 -536.7 2230.0 0.7799720764 -0.0681268126 -0.6220951080 0.0368688367 0.9973326325 -0.0629942864 0.6247273684 0.0261978600 0.7804033756
106.9 -560.2 2664.8 0.4037764072 -0.8587942719 -0.3153363466 -0.0020272797 0.3438427150 -0.9390250444 0.9148554802 0.3797954619 0.1370945573
440.3 -693.6 2517.3 0.4037764072 -0.5376070738 -0.7402319312 -0.0020272797 0.8085947037 -0.5883625746 0.9148554802 0.2390675992 0.3254015744
455.1 -263.1 2514.3 0 0 0 0 0 0 0 0 0
544.4 -255.6 2634.9 0 0 0 0 0 0 0 0 0
272.4 -788.5 2223.4 0 0 0 0 0 0 0 0 0
640.9 -995.2 2428.1 0 0 0 0 0 0 0 0 0
150.6 33.2 2637.0 1 0.3986963332 0.1218329668 -0.9089543223 -0.1443680525 0.9871164560 0.0689851120 0.9056484103 0.1037198603 0.4111485183
126.7 -160.4 2616.7 0.3986963332 0.1218329668 -0.9089543223 -0.1443680525 0.9871164560 0.0689851120 0.9056484103 0.1037198603 0.4111485183
103.4 -352.3 2598.2 0.3997577727 0.1199200824 -0.9087424874 -0.1356951296 0.9882236719 0.0707160532 0.9065211415 0.0950426385 0.4113226831
72.1 -141.9 2492.9 -0.6571674943 0.1899871379 -0.7294078469 0.7124273181 0.4725592732 -0.5187823176 0.2461264729 -0.8605769277 -0.4459026158
226.7 -309.5 2434.9 -0.9310306907 0.1899871379 0.3115875423 -0.1914680004 0.4725592732 -0.8602486253 -0.3106797636 -0.8605769277 -0.4035907090
181.3 -179.0 2740.5 0.8838484287 0.3344070017 -0.3270839155 -0.4673761129 0.6601304412 -0.5880368352 0.0192744136 0.6726066470 0.7397491336
385.4 -286.9 2745.0 0.7995198965 0.3344070017 0.4989387393 0.1791248918 0.6601304412 -0.7294806838 -0.5733081102 0.6726066470 0.4678868353
42.6 -535.1 2498.9 0.7819212675 -0.6229836941 0.0221466422 0.0343913510 0.0076381355 -0.9993792772 0.6224278212 0.7821975350 0.0273976699
256.6 -537.7 2230.2 0.7819212675 -0.0623621419 -0.6202500463 0.0343913510 0.9977836609 -0.0569650903 0.6224278212 0.0232109819 0.7823329568
112.4 -559.5 2662.1 0.3844580948 -0.8546019793 -0.3490665555 -0.0377991423 0.3632381856 -0.9309292436 0.9223682284 0.3710977137 0.1073466465
444.1 -700.4 2518.1 0.3844580948 -0.5360157490 -0.7515843511 -0.0377991423 0.8043352962 -0.5929721594 0.9223682284 0.2563821971 0.2889722884
462.3 -261.1 2513.6 0 0 0 0 0 0 0 0 0
546.6 -250.8 2629.4 0 0 0 0 0 0 0 0 0
272.2 -788.0 2224.4 0 0 0 0 0 0 0 0 0
644.1 -1000.5 2422.4 0 0 0 0 0 0 0 0 0
148.2 35.5 2639.0 2 0.3993037641 0.1152110025 -0.9095509648 -0.1398739815 0.9881145954 0.0637561455 0.9060859680 0.1017644405 0.4106729031
125.5 -159.8 2618.9 0.3993037641 0.1152110025 -0.9095509648 -0.1398739815 0.9881145954 0.0637561455 0.9060859680 0.1017644405 0.4106729031
102.1 -351.6 2600.9 0.4000664055 0.1202007234 -0.9085695744 -0.1334707588 0.9884341955 0.0719959512 0.9067152143 0.0924643055 0.4114826024
70.8 -141.5 2495.0 -0.6684854031 0.1810936183 -0.7213407159 0.6975919008 0.4889575243 -0.5237232447 0.2578620315 -0.8533027768 -0.4531903863
229.6 -307.2 2433.8 -0.9332280159 0.1810936183 0.3103072941 -0.1883276552 0.4889575243 -0.8517354131 -0.3059709370 -0.8533027768 -0.4222038984
180.1 -178.0 2742.8 0.8837425709 0.3348221183 -0.3269452751 -0.4675396979 0.6617780924 -0.5860515237 0.0201422106 0.6707785726 0.7413840890
384.2 -286.0 2747.4 0.7993488312 0.3348221183 0.4989344478 0.1774496138 0.6617780924 -0.7283964753 -0.5740671158 0.6707785726 0.4695774913
44.3 -531.9 2498.6 0.7857822776 -0.6182488799 0.0177361183 0.0350208804 0.0158443917 -0.9992609620 0.6175109744 0.7858226895 0.0341018625
259.0 -537.4 2225.8 0.7857822776 -0.0496011339 -0.6165111065 0.0350208804 0.9987481236 -0.0357175283 0.6175109744 0.0064754374 0.7865356207
116.0 -556.2 2661.0 0.3745515943 -0.8490430713 -0.3726083040 -0.0613499619 0.3782871366 -0.9236530662 0.9251741767 0.3688152432 0.0895992890
445.5 -703.1 2517.8 0.3745515943 -0.5382171273 -0.7550055385 -0.0613499619 0.7981101274 -0.5993800163 0.9251741767 0.2708183229 0.2659138143
467.7 -259.2 2511.8 0 0 0 0 0 0 0 0 0
545.4 -250.2 2631.7 0 0 0 0 0 0 0 0 0
271.5 -789.3 2224.1 0 0 0 0 0 0 0 0 0
646.4 -1000.9 2416.8 0 0 0 0 0 0 0 0 0
151.2 34.2 2637.5 3 0.4348069131 0.1212995425 -0.8923168778 -0.1514014900 0.9866285920 0.0603453666 0.8877052069 0.1088595167 0.4473578930
127.2 -161.1 2615.9 0.4348069131 0.1212995425 -0.8923168778 -0.1514014900 0.9866285920 0.0603453666 0.8877052069 0.1088595167 0.4473578930
104.4 -352.8 2596.0 0.4357112944 0.1168286353 -0.8924722672 -0.1439028531 0.9878280759 0.0590567440 0.8885086775 0.1026976183 0.4472198188
67.7 -141.4 2494.7 -0.6748474836 0.1754004955 -0.7168093324 0.6909286380 0.4913877547 -0.5302411318 0.2592267692 -0.8530959487 -0.4528010190
229.1 -306.7 2432.6 -0.9360641241 0.1754004955 0.3049895167 -0.1852041483 0.4913877547 -0.8510214686 -0.2991377115 -0.8530959487 -0.4274855554
186.6 -180.7 2737.2 0.8870370984 0.3558482826 -0.2941721082 -0.4612201452 0.6539777517 -0.5996574163 -0.0210050382 0.6675964594 0.7442269325
391.3 -287.1 2732.4 0.7753506899 0.3558482826 0.5217310786 0.1922075003 0.6539777517 -0.7316893935 -0.6015709043 0.6675964594 0.4386654198
43.0 -531.6 2501.8 0.7901235819 -0.6126091480 0.0203660037 0.0410817862 0.0197758451 -0.9989600778 0.6115692854 0.7901385427 0.0407924391
255.1 -538.4 2228.1 0.7901235819 -0.0664530247 -0.6093346477 0.0410817862 0.9976116419 -0.0555271655 0.6115692854 0.0188407656 0.7909665108
114.7 -555.5 2664.2 0.4011025429 -0.8473027945 -0.3481304049 -0.0161678270 0.3734338582 -0.9275159240 0.9158904552 0.3776575029 0.1360862255
443.6 -700.4 2517.6 0.4011025429 -0.5393278003 -0.7404338121 -0.0161678270 0.8040106297 -0.5943951011 0.9158904552 0.2503845990 0.3137709200
469.6 -259.2 2509.5 0 0 0 0 0 0 0 0 0
547.5 -248.4 2611.2 0 0 0 0 0 0 0 0 0
271.6 -785.5 2223.4 0 0 0 0 0 0 0 0 0
644.8 -1000.4 2424.2 0 0 0 0 0 0 0 0 0
150.4 27.2 2646.2 4 0.4046138823 0.1191936433 -0.9066865444 -0.1642207503 0.9848224521 0.0561810285 0.8996216655 0.1261651218 0.4180468917
126.8 -167.7 2621.3 0.4046138823 0.1191936433 -0.9066865444 -0.1642207503 0.9848224521 0.0561810285 0.8996216655 0.1261651218 0.4180468917
103.0 -358.9 2598.2 0.4052180946 0.1230998263 -0.9058944583 -0.1593077928 0.9852408767 0.0626216233 0.9002329111 0.1189406216 0.4188481867
71.5 -145.9 2498.4 -0.6769189239 0.1768547595 -0.7144950628 0.6854486465 0.5051857233 -0.5243544579 0.2682181001 -0.8446950912 -0.4631946087
230.0 -306.4 2435.6 -0.9345900416 0.1768547595 0.3086484075 -0.1829351038 0.5051857233 -0.8433991671 -0.3050839305 -0.8446950912 -0.4397885799
182.1 -189.4 2744.1 0.8825740218 0.3406410813 -0.3240783513 -0.4701703191 0.6419487000 -0.6056745648 0.0017240332 0.6869246960 0.7267265916
385.8 -297.9 2744.5 0.7963278294 0.3406410813 0.4998255968 0.1914176792 0.6419487000 -0.7424696088 -0.5737780333 0.6869246960 0.4459969103
42.7 -531.7 2496.5 0.7838838100 -0.6205365062 0.0214630496 0.0424574912 0.0190834161 -0.9989160299 0.6194542050 0.7839453220 0.0413056016
255.8 -538.2 2227.3 0.7838838100 -0.0667848587 -0.6173053980 0.0424574912 0.9976369143 -0.0540175103 0.6194542050 0.0161342118 0.7848669291
120.7 -557.4 2655.6 0.3845840693 -0.8456751108 -0.3700388074 -0.0301306956 0.3891556263 -0.9206791520 0.9225980639 0.3652280569 0.1241822764
449.0 -708.5 2513.8 0.3845840693 -0.5426666141 -0.7467315793 -0.0301306956 0.8011368513 -0.5977222323 0.9225980639 0.2523739934 0.2917535603
470.6 -259.3 2514.2 0 0 0 0 0 0 0 0 0
546.2 -259.4 2629.0 0 0 0 0 0 0 0 0 0
272.5 -787.4 2223.3 0 0 0 0 0 0 0 0 0
651.5 -1007.5 2419.6 0 0 0 0 0 0 0 0 0
151.3 26.6 2641.6 5 0.4026467204 0.1260058135 -0.9066411257 -0.1522996128 0.9858959317 0.0693832114 0.9025964737 0.1101441756 0.4161584079
126.4 -168.2 2619.8 0.4026467204 0.1260058135 -0.9066411257 -0.1522996128 0.9858959317 0.0693832114 0.9025964737 0.1101441756 0.4161584079
101.7 -359.6 2599.6 0.4032958150 0.1271695346 -0.9061900377 -0.1472429335 0.9864103794 0.0728973895 0.9031456113 0.1040308699 0.4165399969
71.3 -148.1 2496.5 -0.6880221963 0.1887335032 -0.7007175684 0.6784092784 0.5101101398 -0.5287234187 0.2576553226 -0.8391467929 -0.4790056646
231.9 -306.4 2436.4 -0.9302387834 0.1887335032 0.3146990836 -0.1809661835 0.5101101398 -0.8408560157 -0.3192288876 -0.8391467929 -0.4403698444
181.5 -188.3 2743.2 0.8806505203 0.3422993422 -0.3275451064 -0.4736549854 0.6511202455 -0.5930374265 0.0102749364 0.6774020791 0.7355412245
384.8 -297.6 2745.5 0.7979443073 0.3422993422 0.4961008132 0.1792137325 0.6511202455 -0.7375125885 -0.5754714012 0.6774020791 0.4582129717
42.8 -535.9 2494.5 0.7784980536 -0.6273229122 0.0201670062 0.0309191775 0.0062384922 -0.9995024204 0.6268849373 0.7787342668 0.0242529623
258.0 -538.0 2227.4 0.7784980536 -0.0562972352 -0.6251170635 0.0309191775 0.9981998801 -0.0513909720 0.6268849373 0.0206796657 0.7788373232
115.4 -564.4 2655.6 0.3615516722 -0.8559560776 -0.3696208894 -0.0544300079 0.3763854504 -0.9248629212 0.9307619333 0.3545041978 0.0894930884
447.6 -710.4 2518.0 0.3615516722 -0.5530603528 -0.7506028414 -0.0544300079 0.7911701798 -0.6091691852 0.9307619333 0.2611014545 0.2559458315
472.3 -259.6 2518.9 0 0 0 0 0 0 0 0 0
545.6 -261.5 2629.6 0 0 0 0 0 0 0 0 0
272.1 -787.6 2222.2 0 0 0 0 0 0 0 0 0
654.0 -1005.7 2420.6 0 0 0 0 0 0 0 0 0
152.8 29.4 2640.8 6 0.3858139813 0.1404558718 -0.9118221998 -0.1500939280 0.9847316146 0.0881783888 0.9102853537 0.1028385237 0.4010047913
125.1 -164.6 2620.5 0.3858139813 0.1404558718 -0.9118221998 -0.1500939280 0.9847316146 0.0881783888 0.9102853537 0.1028385237 0.4010047913
98.4 -356.0 2602.3 0.3871549666 0.1377286464 -0.9116697907 -0.1405938864 0.9860357046 0.0892579034 0.9112323523 0.0936185643 0.4011124074
72.2 -145.4 2496.1 -0.6786688566 0.1903132945 -0.7093584538 0.6886451244 0.5006264448 -0.5245389342 0.2552968562 -0.8444844484 -0.4708178937
231.3 -306.9 2436.2 -0.9297707081 0.1903132945 0.3151305318 -0.1842100769 0.5006264448 -0.8458367586 -0.3187366426 -0.8444844484 -0.4304101765
178.0 -183.8 2745.0 0.8744874001 0.3395437002 -0.3463839591 -0.4841011167 0.6555690169 -0.5795475841 0.0302968677 0.6744918823 0.7376603484
379.9 -295.5 2752.0 0.8090729713 0.3395437002 0.4796988368 0.1621524543 0.6555690169 -0.7375200391 -0.5648959875 0.6744918823 0.4753453434
41.0 -537.9 2498.6 0.7786984444 -0.6267990470 0.0274171792 0.0324187465 -0.0034431734 -0.9994684458 0.6265602708 0.7791733742 0.0176388454
258.2 -536.7 2228.6 0.7786984444 -0.0587021448 -0.6246461272 0.0324187465 0.9980479479 -0.0533792265 0.6265602708 0.0213160757 0.7790814042
113.2 -564.3 2660.3 0.4052892625 -0.8545449376 -0.3247976899 0.0140277026 0.3610566258 -0.9324383736 0.9140808582 0.3733510971 0.1583196670
444.8 -704.4 2515.4 0.4052892625 -0.5522905588 -0.7285024524 0.0140277026 0.8005474806 -0.5991051197 0.9140808582 0.2325916439 0.3322006464
472.4 -259.1 2518.9 0 0 0 0 0 0 0 0 0
542.9 -262.9 2638.1 0 0 0 0 0 0 0 0 0
272.9 -786.7 2223.2 0 0 0 0 0 0 0 0 0
650.9 -1003.1 2428.6 0 0 0 0 0 0 0 0 0
152.7 35.4 2638.4 7 0.3976361752 0.1282168031 -0.9085405469 -0.1409996152 0.9869657755 0.0775739104 0.9066447020 0.0972576663 0.4105318189
127.5 -159.0 2619.2 0.3976361752 0.1282168031 -0.9085405469 -0.1409996152 0.9869657755 0.0775739104 0.9066447020 0.0972576663 0.4105318189
103.1 -350.8 2602.6 0.3991310298 0.1257688701 -0.9082272053 -0.1293737143 0.9883626103 0.0800110251 0.9077206850 0.0855658501 0.4107573628
73.0 -141.4 2495.2 -0.6684504151 0.1948169917 -0.7177885175 0.7018885612 0.4844678342 -0.5221526027 0.2460212559 -0.8528407216 -0.4605825543
231.0 -307.3 2437.1 -0.9293444157 0.1948169917 0.3136324584 -0.1868564934 0.4844678342 -0.8546200991 -0.3184393644 -0.8528407216 -0.4138346612
182.0 -176.7 2743.2 0.8810627460 0.3384918571 -0.3303811550 -0.4724125266 0.6645148993 -0.5790045857 0.0235548578 0.6662155986 0.7453871369
385.4 -285.7 2748.6 0.8004627228 0.3384918571 0.4946541488 0.1688411832 0.6645148993 -0.7279509306 -0.5751104951 0.6662155986 0.4747680426
36.9 -534.7 2502.5 0.7822700739 -0.6224131584 0.0256011114 0.0407222137 0.0100852577 -0.9991195798 0.6216070056 0.7826238871 0.0332354382
253.3 -538.3 2230.5 0.7822700739 -0.0746720135 -0.6184477806 0.0407222137 0.9967958927 -0.0688449293 0.6216070056 0.0286707617 0.7828044295
106.3 -559.9 2665.7 0.4193873405 -0.8557872176 -0.3028902113 0.0283651967 0.3458406031 -0.9378644228 0.9073641300 0.3847369254 0.1693157405
438.4 -694.1 2516.4 0.4193873405 -0.5512265563 -0.7212929726 0.0283651967 0.8021129966 -0.5964982510 0.9073641300 0.2297042012 0.3520316780
472.2 -258.8 2519.7 0 0 0 0 0 0 0 0 0
546.7 -251.7 2632.7 0 0 0 0 0 0 0 0 0
271.9 -787.4 2223.3 0 0 0 0 0 0 0 0 0
644.1 -993.5 2430.7 0 0 0 0 0 0 0 0 0
153.5 40.4 2637.2 8 0.4043012261 0.1314095408 -0.9051364660 -0.1399010420 0.9868645072 0.0807847679 0.9038629532 0.0939681605 0.4173748493
127.6 -154.1 2618.6 0.4043012261 0.1314095408 -0.9051364660 -0.1399010420 0.9868645072 0.0807847679 0.9038629532 0.0939681605 0.4173748493
102.4 -345.9 2602.4 0.4055931866 0.1299181432 -0.9047737122 -0.1301377863 0.9879714251 0.0835263133 0.9047421217 0.0838675499 0.4176217318
72.2 -136.3 2495.1 -0.6827790141 0.2121304274 -0.6991519928 0.6934056878 0.4896670282 -0.5285969377 0.2302201837 -0.8457108736 -0.4814268351
237.5 -304.2 2439.3 -0.9313709140 0.2121304274 0.2958865762 -0.1607223302 0.4896670282 -0.8569682240 -0.3266749382 -0.8457108736 -0.4219675660
183.0 -171.9 2742.2 0.8795421720 0.3458940983 -0.3267457485 -0.4755092561 0.6638062000 -0.5772801042 0.0172180738 0.6631128192 0.7483214140
386.1 -281.7 2746.2 0.7966271639 0.3458940983 0.4957241714 0.1656261384 0.6638062000 -0.7293348312 -0.5813373923 0.6631128192 0.4715169072
42.9 -531.1 2504.7 0.7922852635 -0.6097725630 0.0214804485 0.0407830998 0.0177979115 -0.9990094900 0.6087862849 0.7923765779 0.0389694385
252.9 -537.2 2231.7 0.7922852635 -0.0773050785 -0.6052337885 0.0407830998 0.9964325428 -0.0738845840 0.6087862849 0.0338543579 0.7926115990
114.4 -554.2 2667.3 0.4512663782 -0.8443179131 -0.2889392376 0.0800439790 0.3607729971 -0.9292124510 0.8887922168 0.3961944878 0.2303872854
442.1 -694.2 2513.5 0.4512663782 -0.5431880951 -0.7080292106 0.0800439790 0.8148482442 -0.5741213560 0.8887922168 0.2024081796 0.4111925364
481.1 -262.2 2524.8 0 0 0 0 0 0 0 0 0
546.7 -248.3 2629.1 0 0 0 0 0 0 0 0 0
272.6 -790.1 2223.1 0 0 0 0 0 0 0 0 0
644.7 -998.2 2438.0 0 0 0 0 0 0 0 0 0
151.5 36.4 2638.1 9 0.4187856019 0.1079609469 -0.9016446471 -0.1325630099 0.9895392060 0.0569139011 0.8983572125 0.0956900045 0.4287164211
130.3 -158.5 2619.2 0.4187856019 0.1079609469 -0.9016446471 -0.1325630099 0.9895392060 0.0569139011 0.8983572125 0.0956900045 0.4287164211
108.1 -350.6 2602.7 0.4195695817 0.1142252013 -0.9005076289 -0.1255790144 0.9898157120 0.0670430362 0.8989946246 0.0849556476 0.4296408296
72.9 -141.4 2496.4 -0.7365752459 0.2442770302 -0.6307024956 0.6435733438 0.5399256945 -0.5424883366 0.2080150396 -0.8054867983 -0.5549061298
252.0 -297.8 2445.9 -0.9333583713 0.2442770302 0.2630035281 -0.0943753868 0.5399256945 -0.8364050984 -0.3463169336 -0.8054867983 -0.4808904529
187.6 -175.6 2742.0 0.8876326084 0.3432741165 -0.3070361614 -0.4605315328 0.6678877473 -0.5846679807 0.0043642847 0.6603702307 0.7509275079
392.5 -282.0 2743.0 0.7859901190 0.3432741165 0.5141812563 0.1806323379 0.6678877473 -0.7220096588 -0.5912625790 0.6603702307 0.4629467726
40.8 -526.0 2505.0 0.7887452245 -0.6146507859 0.0092378473 0.0346932523 0.0295059811 -0.9989623427 0.6137404442 0.7882472873 0.0445969366
254.8 -536.2 2230.7 0.7887452245 -0.0707177222 -0.6106389761 0.0346932523 0.9968985319 -0.0706379041 0.6137404442 0.0345302597 0.7887523770
113.5 -549.3 2667.1 0.4464827180 -0.8414736390 -0.3042618930 0.0692501217 0.3715118170 -0.9258419871 0.8921085000 0.3923022747 0.2241457552
440.1 -693.5 2514.9 0.4464827180 -0.5464264154 -0.7085699439 0.0692501217 0.8106084466 -0.5814794898 0.8921085000 0.2105519921 0.3997627497
499.1 -272.8 2537.5 0 0 0 0 0 0 0 0 0
550.9 -245.6 2623.9 0 0 0 0 0 0 0 0 0
272.7 -788.2 2221.9 0 0 0 0 0 0 0 0 0
644.0 -996.0 2436.3 0 0 0 0 0 0 0 0 0
149.2 31.1 2638.0 0 0.2970170975 0.1114485189 -0.9483459592 -0.1335210949 0.9882553220 0.0743205026 0.9454908371 0.1045497283 0.3084094524
127.3 -163.4 2617.4 0.2970170975 0.1114485189 -0.9483459592 -0.1335210949 0.9882553220 0.0743205026 0.9454908371 0.1045497283 0.3084094524
103.2 -355.2 2599.5 0.2979842722 0.1243052185 -0.9464426041 -0.1254135072 0.9879887104 0.0902758390 0.9462963939 0.0917958990 0.3099946678
86.9 -146.5 2489.3 -0.6871517301 0.2291981280 -0.6894133091 0.6947953701 0.4846433997 -0.5313945413 0.2123249769 -0.8441498876 -0.4922693670
241.4 -302.8 2441.5 -0.9440497756 0.2291981280 0.2371459752 -0.1006073803 0.4846433997 -0.8689067364 -0.3140830398 -0.8441498876 -0.4344684780
167.6 -180.3 2745.6 0.8679369092 0.2714647651 -0.4159235954 -0.4817339778 0.6639647484 -0.5719118714 0.1209046543 0.6967479587 0.7070533037
366.6 -290.8 2773.4 0.8590700626 0.2714647651 0.4339417815 0.1592416763 0.6639647484 -0.7306113243 -0.4864572883 0.6967479587 0.5271637440
48.3 -531.5 2505.7 0.8017663360 -0.5973683596 0.0179400705 0.0384956338 0.0216649324 -0.9990238547 0.5963965654 0.8016743064 0.0403662845
253.1 -538.9 2230.8 0.8017663360 -0.0741763562 -0.5930165648 0.0384956338 0.9966169596 -0.0726133361 0.5963965654 0.0353903808 0.8019093871
123.5 -554.0 2666.7 0.4412071109 -0.8337566853 -0.3319429159 0.0434407927 0.3893010020 -0.9200856686 0.8963532448 0.3915284574 0.2079814225
447.1 -705.1 2514.8 0.4412071109 -0.5490695834 -0.7098301649 0.0434407927 0.8031207323 -0.5942305923 0.8963532448 0.2313431799 0.3781946003
492.4 -276.0 2525.0 0 0 0 0 0 0 0 0 0
538.3 -259.0 2676.1 0 0 0 0 0 0 0 0 0
271.6 -787.3 2222.0 0 0 0 0 0 0 0 0 0
652.0 -1004.7 2428.4 0 0 0 0 0 0 0 0 0
150.9 27.8 2637.0 1 0.3590166867 0.1179515943 -0.9258479476 -0.1427797973 0.9872469902 0.0704079270 0.9223453403 0.1069147587 0.3712792397
127.7 -166.0 2616.0 0.3590166867 0.1179515943 -0.9258479476 -0.1427797973 0.9872469902 0.0704079270 0.9223453403 0.1069147587 0.3712792397
103.1 -357.7 2597.6 0.3600373566 0.1270632595 -0.9242445827 -0.1345538348 0.9873962402 0.0833300874 0.9231837988 0.0943587050 0.3725963831
78.8 -147.8 2490.7 -0.6867040396 0.2136013806 -0.6948467493 0.6891070008 0.4956142008 -0.5286757946 0.2314500362 -0.8418675661 -0.4875344634
237.8 -307.3 2437.1 -0.9382201433 0.2136013806 0.2722450793 -0.1360793710 0.4956142008 -0.8578163981 -0.3181592822 -0.8418675661 -0.4359284937
176.6 -184.3 2741.3 0.8759024739 0.3144258559 -0.3659661710 -0.4789667428 0.6581113935 -0.5809305310 0.0581869036 0.6841241121 0.7270408869
377.8 -294.2 2754.7 0.8244996071 0.3144258559 0.4704643786 0.1678376198 0.6581113935 -0.7339754701 -0.5403988361 0.6841241121 0.4898400903
52.7 -535.9 2497.5 0.7975847125 -0.6024633050 0.0299431365 0.0395730063 0.0027275593 -0.9992129803 0.6019074321 0.7981419563 0.0260167420
256.8 -536.8 2227.1 0.7975847125 -0.0642813221 -0.5997720361 0.0395730063 0.9977396727 -0.0543093048 0.6019074321 0.0195814893 0.7983257174
105.7 -558.0 2665.6 0.3727566600 -0.8587356806 -0.3516041338 -0.0564565621 0.3572227955 -0.9323114157 0.9262101054 0.3673756421 0.0846759081
438.6 -696.6 2523.1 0.3727566600 -0.5515987277 -0.7461845279 -0.0564565621 0.7891684771 -0.6115764380 0.9262101054 0.2700962126 0.2630264461
487.8 -271.0 2521.9 0 0 0 0 0 0 0 0 0
542.9 -260.6 2646.4 0 0 0 0 0 0 0 0 0
273.1 -789.3 2222.2 0 0 0 0 0 0 0 0 0
644.3 -990.8 2422.4 0 0 0 0 0 0 0 0 0
152.1 28.2 2637.0 2 0.3448037803 0.1296898425 -0.9296724796 -0.1339818537 0.9870684147 0.0880044252 0.9290636182 0.0942149833 0.3577210009
126.6 -165.5 2618.5 0.3448037803 0.1296898425 -0.9296724796 -0.1339818537 0.9870684147 0.0880044252 0.9290636182 0.0942149833 0.3577210009
100.3 -357.1 2602.2 0.3458118439 0.1355769336 -0.9284573793 -0.1264791638 0.9872105718 0.0970480666 0.9297403693 0.0838701427 0.3585367501
79.5 -148.3 2491.9 -0.6845197678 0.2083478421 -0.6985870600 0.6934875250 0.4815357327 -0.5359089375 0.2247391492 -0.8513016701 -0.4741073549
236.8 -307.6 2440.3 -0.9374283552 0.2083478421 0.2789610028 -0.1499393433 0.4815357327 -0.8635053635 -0.3142391741 -0.8513016701 -0.4201657176
173.7 -182.7 2745.1 0.8707093596 0.3109406531 -0.3810264170 -0.4857654870 0.6647324562 -0.5675937533 0.0767926574 0.6792986989 0.7298330069
374.2 -294.5 2762.8 0.8337204456 0.3109406531 0.4563179910 0.1523858756 0.6647324562 -0.7313749790 -0.5307435989 0.6792986989 0.5068180561
46.4 -537.4 2497.1 0.7896577120 -0.6127045751 0.0321528353 0.0446177199 0.0050796540 -0.9989911914 0.6119231582 0.7902957201 0.0313486680
256.0 -539.1 2226.7 0.7896577120 -0.0662414134 -0.6099612713 0.0446177199 0.9977223873 -0.0505897850 0.6119231582 0.0127335349 0.7908146977
110.5 -561.3 2661.4 0.3816680312 -0.8596561551 -0.3395891190 -0.0273935907 0.3567197621 -0.9338096976 0.9238934517 0.3657078743 0.1125994623
444.1 -699.7 2519.5 0.3816680312 -0.5419566631 -0.7487406135 -0.0273935907 0.8030744791 -0.5952486396 0.9238934517 0.2476980686 0.2916617095
486.5 -267.6 2524.0 0 0 0 0 0 0 0 0 0
541.7 -263.9 2656.1 0 0 0 0 0 0 0 0 0
272.6 -789.4 2223.5 0 0 0 0 0 0 0 0 0
646.2 -999.2 2427.2 0 0 0 0 0 0 0 0 0
149.1 28.2 2637.0 3 0.3326455355 0.1215332821 -0.9351879954 -0.1355210096 0.9875288010 0.0801305845 0.9332635999 0.1000825390 0.3449673653
125.0 -167.0 2617.2 0.3326455355 0.1215332821 -0.9351879954 -0.1355210096 0.9875288010 0.0801305845 0.9332635999 0.1000825390 0.3449673653
100.4 -358.8 2600.5 0.3340562284 0.1272149533 -0.9339286685 -0.1243166849 0.9881404042 0.0901326612 0.9343189001 0.0859935433 0.3459093869
79.5 -150.1 2489.8 -0.6920689940 0.1991833448 -0.6938058138 0.6866700649 0.4779996276 -0.5477231145 0.2225416005 -0.8554778695 -0.4675819576
236.8 -306.2 2439.2 -0.9321630001 0.1991833448 0.3023212552 -0.1768964827 0.4779996276 -0.8603627086 -0.3158793747 -0.8554778695 -0.4103387296
170.6 -184.0 2744.6 0.8733355403 0.2966251671 -0.3863916695 -0.4789834321 0.6672910452 -0.5703486204 0.0886559561 0.6831809282 0.7248475552
372.0 -294.4 2765.1 0.8397465348 0.2966251671 0.4547958076 0.1584322155 0.6672910452 -0.7277512550 -0.5193505287 0.6831809282 0.5133603811
43.1 -537.4 2502.9 0.7895319462 -0.6130941510 0.0274750367 0.0363281742 0.0019987300 -0.9993379116 0.6126333475 0.7900072932 0.0238506533
254.5 -538.1 2230.4 0.7895319462 -0.0705543384 -0.6096404195 0.0363281742 0.9970006943 -0.0683361441 0.6126333475 0.0318064466 0.7897270322
104.9 -560.0 2668.9 0.4510751069 -0.8541101813 -0.2588958740 0.0878544971 0.3311687112 -0.9394726753 0.8881513476 0.4010275602 0.2244193852
436.1 -688.4 2513.4 0.4510751069 -0.5454463363 -0.7064131498 0.0878544971 0.8148045540 -0.5730403066 0.8881513476 0.1964226365 0.4154579639
485.4 -259.0 2523.4 0 0 0 0 0 0 0 0 0
541.0 -262.5 2660.6 0 0 0 0 0 0 0 0 0
272.2 -787.6 2222.5 0 0 0 0 0 0 0 0 0
639.3 -992.0 2440.2 0 0 0 0 0 0 0 0 0
152.2 29.8 2637.0 4 0.3931429088 0.1274956763 -0.9105951190 -0.1425787359 0.9868141413 0.0766100362 0.9083556533 0.0997128040 0.4061371684
127.1 -164.3 2617.4 0.3931429088 0.1274956763 -0.9105951190 -0.1425787359 0.9868141413 0.0766100362 0.9083556533 0.0997128040 0.4061371684
102.9 -356.1 2600.3 0.3946659267 0.1245145798 -0.9103487730 -0.1306419671 0.9883137345 0.0785408169 0.9094896913 0.0879323706 0.4063206017
73.3 -146.5 2493.5 -0.7022494078 0.2032950073 -0.6822879910 0.6776462197 0.4846951365 -0.5530517101 0.2182690352 -0.8507301211 -0.4781389534
238.7 -306.1 2442.1 -0.9329189658 0.2032950073 0.2972092032 -0.1678559333 0.4846951365 -0.8584259152 -0.3185695708 -0.8507301211 -0.4180570245
180.9 -182.1 2741.2 0.8809087873 0.3348341882 -0.3344933093 -0.4725128114 0.6625788808 -0.5811375380 0.0270434916 0.6699815392 0.7418850064
383.8 -290.9 2747.5 0.8031311631 0.3348341882 0.4928147495 0.1711918563 0.6625788808 -0.7291656137 -0.5706782341 0.6699815392 0.4748168886
45.8 -539.5 2500.2 0.7899628878 -0.6122924089 0.0325061455 0.0361208692 -0.0064513418 -0.9993265867 0.6120898128 0.7906050682 0.0170202143
254.7 -537.3 2230.4 0.7899628878 -0.0703916475 -0.6091006994 0.0361208692 0.9970056415 -0.0683741122 0.6120898128 0.0320117660 0.7901400328
105.5 -561.7 2667.4 0.4375230670 -0.8571837544 -0.2716791332 0.0496681966 0.3247080147 -0.9445092678 0.8978344202 0.3997507691 0.1846420169
438.1 -687.7 2512.3 0.4375230670 -0.5482326746 -0.7127513885 0.0496681966 0.8061682582 -0.5895980000 0.8978344202 0.2225616425 0.3799469471
488.5 -261.2 2527.4 0 0 0 0 0 0 0 0 0
545.2 -256.5 2632.8 0 0 0 0 0 0 0 0 0
272.6 -790.2 2222.3 0 0 0 0 0 0 0 0 0
613.2 -945.1 2441.2 0 0 0 0 0 0 0 0 0
148.5 32.2 2637.5 5 0.3876683712 0.1185716540 -0.9141411185 -0.1387953311 0.9878949523 0.0692778975 0.9112898111 0.1000216678 0.3994328082
125.1 -162.8 2617.7 0.3876683712 0.1185716540 -0.9141411185 -0.1387953311 0.9878949523 0.0692778975 0.9112898111 0.1000216678 0.3994328082
101.4 -354.7 2600.7 0.3888438046 0.1221206114 -0.9131741524 -0.1291429251 0.9886149168 0.0772183836 0.9122075438 0.0879040956 0.4001877904
72.0 -145.2 2493.3 -0.6766211390 0.1625978202 -0.7181544304 0.6973534226 0.4546208084 -0.5540921092 0.2363937795 -0.8757179379 -0.4209941924
230.1 -308.1 2438.1 -0.9417557716 0.1625978202 0.2943773866 -0.1932867616 0.4546208084 -0.8694596887 -0.2752023339 -0.8757179379 -0.3967137635
178.1 -180.4 2742.2 0.8817858696 0.3289938271 -0.3379596174 -0.4704645574 0.6643027663 -0.5808312297 0.0334176347 0.6711667776 0.7405527830
381.5 -288.9 2749.9 0.8066312075 0.3289938271 0.4910286963 0.1718748957 0.6643027663 -0.7274343967 -0.5655131936 0.6711667776 0.4793015718
43.5 -536.3 2501.9 0.7891609669 -0.6134870052 0.0293030497 0.0352807529 -0.0023513653 -0.9993746877 0.6131722331 0.7897013426 0.0197886769
254.4 -535.5 2230.4 0.7891609669 -0.0691620782 -0.6102799177 0.0352807529 0.9971035123 -0.0673781931 0.6131722331 0.0316411071 0.7893152833
114.0 -559.6 2664.4 0.4288036823 -0.8491941094 -0.3082154989 0.0227649473 0.3512225151 -0.9360152483 0.9031108022 0.3943502903 0.1699373722
443.4 -695.9 2511.4 0.4288036823 -0.5504221320 -0.7163538933 0.0227649473 0.7992869616 -0.6005182266 0.9031108022 0.2411966622 0.3552675247
482.1 -256.4 2511.7 0 0 0 0 0 0 0 0 0
543.9 -254.4 2636.0 0 0 0 0 0 0 0 0 0
271.9 -787.7 2222.4 0 0 0 0 0 0 0 0 0
599.8 -922.9 2442.9 0 0 0 0 0 0 0 0 0
150.2 34.9 2638.2 6 0.4134101570 0.1093254909 -0.9039579630 -0.1439874768 0.9881238937 0.0536543094 0.8990882635 0.1079773903 0.4242419302
128.6 -160.3 2616.9 0.4134101570 0.1093254909 -0.9039579630 -0.1439874768 0.9881238937 0.0536543094 0.8990882635 0.1079773903 0.4242419302
107.9 -352.4 2598.4 0.4148238301 0.1067158058 -0.9036220908 -0.1310450584 0.9897519946 0.0567289889 0.9004156590 0.0948826820 0.4245572984
72.0 -142.4 2494.0 -0.6683223248 0.1752820760 -0.7229256630 0.7007346153 0.4744832516 -0.5327631831 0.2496322691 -0.8626365662 -0.4399339557
229.2 -307.2 2435.3 -0.9349851012 0.1752820760 0.3083489537 -0.1941983849 0.4744832516 -0.8585759401 -0.2967993915 -0.8626365662 -0.4095952511
185.2 -178.1 2739.8 0.8907098770 0.3344696462 -0.3078407943 -0.4545372427 0.6637237668 -0.5940257907 0.0056376671 0.6690297723 0.7432142496
390.7 -283.0 2741.1 0.7883723974 0.3344696462 0.5163322687 0.1918936968 0.6637237668 -0.7229436636 -0.5845047235 0.6690297723 0.4590789080
