-35.8 17.1 2826.0 8 0.3077205122 0.3788298070 -0.8728092909 -0.1910782009 0.9232371449 0.3333500922 0.9320929050 0.0641961694 0.3564851284
-110.5 -164.8 2813.3 0.3077205122 0.3788298070 -0.8728092909 -0.1910782009 0.9232371449 0.3333500922 0.9320929050 0.0641961694 0.3564851284
-189.0 -347.0 2803.0 0.3097303212 0.3952074051 -0.8647995591 -0.1862997115 0.9171209335 0.3523941636 0.9323945045 0.0519647561 0.3576871753
-154.1 -138.7 2682.2 -0.6163786054 0.0768658072 -0.7836893797 0.6286970973 0.6472938657 -0.4309878945 0.4741491377 -0.7583549619 -0.4473034143
-2.5 -293.3 2565.5 -0.9738668203 0.0768658072 0.2137171328 -0.1142942235 0.6472938657 -0.7536228895 -0.1962656230 -0.7583549619 -0.6215927601
-66.8 -191.0 2944.5 0.7572932839 0.2672360837 -0.5958957076 -0.6519647241 0.3625358343 -0.6659653187 0.0380635932 0.8928340673 0.4487744570
111.8 -344.8 2953.5 0.9606141448 0.2672360837 0.0761929750 -0.0269648619 0.3625358343 -0.9315796494 -0.2765743732 0.8928340673 0.3554630280
-283.8 -519.0 2696.8 0.8643274307 -0.4927766621 -0.1005446017 -0.1089299247 0.0117460946 -0.9939800501 0.4909911752 0.8700765371 -0.0435256511
-89.0 -523.6 2352.8 0.8643274307 0.1954531521 -0.4633962810 -0.1089299247 0.9722760916 0.2069142610 0.4909911752 -0.1283639520 0.8616555929
-239.1 -546.2 2878.1 0.3548006415 -0.9320005774 0.0741037503 -0.0134904943 -0.0843554139 -0.9963443875 0.9348446131 0.3525039554 -0.0425025038
128.8 -512.9 2738.9 0.3548006415 0.0132324109 -0.9348483086 -0.0134904943 0.9998682141 0.0090327282 0.9348446131 0.0094067482 0.3549323976
250.6 -263.6 2616.5 0 0 0 0 0 0 0 0 0
361.3 -351.8 2881.6 0 0 0 0 0 0 0 0 0
-163.7 -895.3 2401.9 0 0 0 0 0 0 0 0 0
123.8 -894.7 2735.3 0 0 0 0 0 0 0 0 0
-33.3 20.3 2811.9 9 0.3237764239 0.3925263584 -0.8608669639 -0.1644217074 0.9193777442 0.3573654592 0.9317372441 0.0258386973 0.3622126877
-110.6 -161.0 2806.8 0.3237764239 0.3925263584 -0.8608669639 -0.1644217074 0.9193777442 0.3573654592 0.9317372441 0.0258386973 0.3622126877
-191.4 -342.4 2803.4 0.3249054551 0.4063907266 -0.8539806604 -0.1618314385 0.9135420322 0.3731642962 0.9317977428 0.0169578101 0.3625815809
-156.4 -138.2 2675.8 -0.6349171996 0.0935945287 -0.7668899894 0.6289797425 0.6390281916 -0.4427499175 0.4486253560 -0.7634677887 -0.4645990133
-0.9 -292.2 2565.9 -0.9740767479 0.0935945287 0.2059480250 -0.0998502821 0.6390281916 -0.7626748085 -0.2029887885 -0.7634677887 -0.6131170392
-64.9 -183.7 2937.8 0.7504511476 0.2879398465 -0.5949065089 -0.6594620943 0.3860934377 -0.6450128555 0.0439646021 0.8763689399 0.4796296656
112.2 -339.4 2948.2 0.9549328685 0.2879398465 0.0720686689 -0.0468904078 0.3860934377 -0.9212671518 -0.2930947542 0.8763689399 0.3821949363
-296.0 -512.0 2707.1 0.8568657041 -0.5053812265 -0.1018380448 -0.1023008451 0.0269272886 -0.9943889976 0.5052877069 0.8624759316 -0.0286278520
-89.7 -523.0 2355.0 0.8568657041 0.1882887632 -0.4799254835 -0.1023008451 0.9745066762 0.1996780187 0.5052877069 -0.1220004633 0.8542834520
-242.2 -538.6 2885.4 0.3719225824 -0.9261950850 0.0619376525 0.0106875328 -0.0624471977 -0.9979910254 0.9282022119 0.3718373775 -0.0133267818
123.4 -514.0 2738.6 0.3719225824 0.0243139528 -0.9279452562 0.0106875328 0.9994784594 0.0304718483 0.9282022119 -0.0212506149 0.3714687526
252.2 -266.3 2618.6 0 0 0 0 0 0 0 0 0
360.3 -351.5 2872.1 0 0 0 0 0 0 0 0 0
-161.7 -895.6 2401.6 0 0 0 0 0 0 0 0 0
114.1 -895.7 2746.8 0 0 0 0 0 0 0 0 0
-32.5 19.2 2815.3 0 0.3139907718 0.4003036320 -0.8609104753 -0.1739316583 0.9156762958 0.3623322546 0.9333581924 0.0359705947 0.3571394086
-111.5 -161.5 2808.2 0.3139907718 0.4003036320 -0.8609104753 -0.1739316583 0.9156762958 0.3623322546 0.9333581924 0.0359705947 0.3571394086
-194.0 -342.1 2802.8 0.3149447441 0.4152912498 -0.8534301519 -0.1717971116 0.9092808366 0.3790700138 0.9334321618 0.0272307284 0.3577190638
-155.9 -137.3 2676.9 -0.6354157925 0.0908357799 -0.7668087482 0.6249238253 0.6438000202 -0.4415786862 0.4535603225 -0.7597831488 -0.4658461213
1.3 -291.8 2564.8 -0.9774224758 0.0908357799 0.1907725334 -0.0885163695 0.6438000202 -0.7600568533 -0.1918597072 -0.7597831488 -0.6212241650
-67.2 -185.6 2939.5 0.7433477044 0.2841644883 -0.6055449843 -0.6673522592 0.3767078221 -0.6424424052 0.0455542132 0.8816698790 0.4696626961
108.3 -343.1 2950.3 0.9569219351 0.2841644883 0.0595898554 -0.0542801172 0.3767078221 -0.9247404337 -0.2852263749 0.8816698790 0.3759044409
-301.9 -508.9 2714.6 0.8547014594 -0.5087096691 -0.1034403667 -0.1014364734 0.0317597091 -0.9943349361 0.5091130137 0.8603521585 -0.0244566444
-89.8 -522.2 2355.9 0.8547014594 0.1885547787 -0.4836657345 -0.1014364734 0.9744045138 0.2006152719 0.5091130137 -0.1224048212 0.8519513011
-247.6 -538.5 2883.0 0.3639512658 -0.9299582839 0.0521250442 0.0001401177 -0.0559084415 -0.9984359145 0.9314180017 0.3633893132 -0.0202176441
119.7 -516.4 2739.5 0.3639512658 0.0345208421 -0.9307780266 0.0001401177 0.9993109107 0.0371173881 0.9314180017 -0.0136393392 0.3636956215
255.3 -268.8 2614.6 0 0 0 0 0 0 0 0 0
356.9 -357.2 2876.2 0 0 0 0 0 0 0 0 0
-161.9 -894.7 2402.7 0 0 0 0 0 0 0 0 0
106.5 -898.3 2744.7 0 0 0 0 0 0 0 0 0
-34.3 17.1 2817.6 1 0.3174504042 0.3988363743 -0.8603224754 -0.1815657467 0.9160290956 0.3576654196 0.9307304025 0.0426640622 0.3632088304
-112.9 -163.5 2809.1 0.3174504042 0.3988363743 -0.8603224754 -0.1815657467 0.9160290956 0.3576654196 0.9307304025 0.0426640622 0.3632088304
-196.1 -343.8 2802.9 0.3184401989 0.4188160896 -0.8504051566 -0.1793582886 0.9075214863 0.3797833323 0.9308202863 0.0315889344 0.3641094565
-157.7 -138.2 2678.2 -0.6405440569 0.0790813267 -0.7638386488 0.6163856387 0.6462026834 -0.4499897957 0.4580087960 -0.7590574622 -0.4626658857
1.0 -291.0 2564.7 -0.9800661206 0.0790813267 0.1822540015 -0.0888127834 0.6462026834 -0.7579804659 -0.1777151227 -0.7590574622 -0.6262979507
-68.1 -188.7 2940.1 0.7410019636 0.2895574868 -0.6058651805 -0.6704490185 0.3695532382 -0.6433727741 0.0376060307 0.8829421997 0.4679732025
106.8 -347.0 2949.0 0.9554081559 0.2895574868 0.0578943491 -0.0557960421 0.3695532382 -0.9275328517 -0.2899691164 0.8829421997 0.3692303300
-305.4 -507.0 2711.8 0.8474667668 -0.5185214877 -0.1137344092 -0.1094649062 0.0389496684 -0.9932272434 0.5194395781 0.8541770577 -0.0237513576
-89.1 -523.2 2355.5 0.8474667668 0.1988943666 -0.4921799302 -0.1094649062 0.9727064967 0.2045958787 0.5194395781 -0.1195117757 0.8461084366
-250.2 -540.6 2882.0 0.3681805730 -0.9284955859 0.0483630002 -0.0076207370 -0.0550289303 -0.9984557033 0.9297230840 0.3672434390 -0.0273364037
116.7 -518.9 2736.9 0.3681805730 0.0382902548 -0.9289655089 -0.0076207370 0.9992423058 0.0381665789 0.9297230840 -0.0069727912 0.3681934178
255.7 -267.9 2610.9 0 0 0 0 0 0 0 0 0
355.2 -361.5 2873.6 0 0 0 0 0 0 0 0 0
-165.2 -895.1 2401.1 0 0 0 0 0 0 0 0 0
102.0 -900.8 2739.5 0 0 0 0 0 0 0 0 0
-34.4 18.4 2818.7 2 0.3081753552 0.4016573131 -0.8623800278 -0.1834692359 0.9145753384 0.3604039550 0.9334703684 0.0471525900 0.3555413485
-114.0 -162.8 2809.3 0.3081753552 0.4016573131 -0.8623800278 -0.1834692359 0.9145753384 0.3604039550 0.9334703684 0.0471525900 0.3555413485
-197.4 -343.1 2802.3 0.3098395765 0.4194715321 -0.8532543778 -0.1797772199 0.9070758224 0.3806489706 0.9336377978 0.0354555808 0.3564594090
-157.6 -137.5 2677.9 -0.6427795291 0.1015888155 -0.7592853308 0.6174736023 0.6553322077 -0.4350471795 0.4533882141 -0.7484780550 -0.4839625359
1.2 -290.1 2565.9 -0.9756931663 0.1015888155 0.1941715181 -0.0812150761 0.6553322077 -0.7509618998 -0.2035361826 -0.7484780550 -0.6311526299
-70.4 -188.1 2940.7 0.7398903370 0.2820064723 -0.6107656360 -0.6712744236 0.3691318929 -0.6427537203 0.0441923551 0.8855586052 0.4624208510
104.3 -346.6 2951.1 0.9579136372 0.2820064723 0.0536079109 -0.0567573197 0.3691318929 -0.9276422858 -0.2813895345 0.8855586052 0.3696023822
-308.6 -507.7 2711.2 0.8435497284 -0.5248317122 -0.1139102727 -0.1092874706 0.0399122946 -0.9932085872 0.5258137584 0.8502697349 -0.0236895289
-88.7 -524.4 2355.0 0.8435497284 0.1964720786 -0.4998225868 -0.1092874706 0.9740048051 0.1984210610 0.5258137584 -0.1127536818 0.8430933952
-252.3 -539.9 2880.9 0.3598135710 -0.9318105578 0.0475742966 -0.0081095640 -0.0541107431 -0.9985020161 0.9329890013 0.3588887453 -0.0270263553
115.8 -518.6 2739.1 0.3598135710 0.0394282676 -0.9321907759 -0.0081095640 0.9992011189 0.0391323753 0.9329890013 -0.0065206983 0.3598458469
254.7 -269.0 2618.8 0 0 0 0 0 0 0 0 0
353.3 -361.3 2878.0 0 0 0 0 0 0 0 0 0
-163.9 -896.8 2398.1 0 0 0 0 0 0 0 0 0
100.7 -900.5 2741.6 0 0 0 0 0 0 0 0 0
-35.9 18.3 2818.7 3 0.3061076403 0.3914184570 -0.8678073883 -0.1871658713 0.9185184836 0.3482710421 0.9334168434 0.0558155067 0.3544257283
-113.4 -163.5 2807.7 0.3061076403 0.3914184570 -0.8678073883 -0.1871658713 0.9185184836 0.3482710421 0.9334168434 0.0558155067 0.3544257283
-194.7 -344.7 2799.3 0.3085142970 0.4091835916 -0.8587128520 -0.1816648394 0.9114785790 0.3690592051 0.9337112904 0.0421378911 0.3555384278
-156.8 -137.9 2676.3 -0.6404201984 0.1137530431 -0.7595539689 0.6211526990 0.6583573818 -0.4251292050 0.4516982436 -0.7440603375 -0.4922833741
0.6 -290.6 2565.2 -0.9718243480 0.1137530431 0.2064404190 -0.0818836018 0.6583573818 -0.7482383251 -0.2210259736 -0.7440603375 -0.6304932237
-70.0 -189.1 2939.1 0.7471801043 0.2747228444 -0.6051852703 -0.6632248759 0.3672014475 -0.6521471143 0.0430652052 0.8886452913 0.4565686285
106.4 -345.6 2949.2 0.9594782591 0.2747228444 0.0626800507 -0.0444448851 0.3672014475 -0.9290789962 -0.2782554328 0.8886452913 0.3645318151
-309.2 -506.9 2709.6 0.8405679464 -0.5298154354 -0.1128767133 -0.1097949743 0.0374179892 -0.9932497144 0.5304626226 0.8472871184 -0.0267187096
-86.7 -522.7 2353.8 0.8405679464 0.2020115703 -0.5026299357 -0.1097949743 0.9721397758 0.2070973814 0.5304626226 -0.1188931689 0.8393293619
-247.7 -542.5 2876.6 0.3565843999 -0.9324083924 0.0588403754 -0.0094323484 -0.0665702522 -0.9977371693 0.9342154860 0.3552225232 -0.0325327143
120.6 -516.2 2736.2 0.3565843999 0.0282881912 -0.9338347316 -0.0094323484 0.9995995760 0.0266786348 0.9342154860 -0.0007049305 0.3567084372
253.2 -269.3 2622.7 0 0 0 0 0 0 0 0 0
355.8 -357.2 2876.9 0 0 0 0 0 0 0 0 0
-163.9 -894.3 2399.2 0 0 0 0 0 0 0 0 0
109.8 -898.3 2736.5 0 0 0 0 0 0 0 0 0
-34.4 16.7 2818.8 4 0.3061668575 0.3875095546 -0.8695390821 -0.1878138334 0.9200377464 0.3438845277 0.9332672954 0.0580254197 0.3544647098
-110.5 -164.2 2807.3 0.3061668575 0.3875095546 -0.8695390821 -0.1878138334 0.9200377464 0.3438845277 0.9332672954 0.0580254197 0.3544647098
-190.9 -345.8 2797.3 0.3063442409 0.4043250382 -0.8617856503 -0.1874031723 0.9132115245 0.3618352413 0.9332916141 0.0506552197 0.3555288911
-153.7 -137.8 2676.0 -0.6278939247 0.1136940867 -0.7699499130 0.6288483739 0.6570021510 -0.4158099294 0.4585836232 -0.7452662587 -0.4840240180
0.1 -291.9 2563.7 -0.9657987356 0.1136940867 0.2330374569 -0.1028620675 0.6570021510 -0.7468383908 -0.2380172312 -0.7452662587 -0.6228370667
-67.4 -190.6 2938.7 0.7504550219 0.2698647380 -0.6033160686 -0.6596871614 0.3616138995 -0.6588233709 0.0403742939 0.8924171925 0.4494012594
109.7 -346.3 2948.2 0.9606152773 0.2698647380 0.0662671551 -0.0373236202 0.3616138995 -0.9315805435 -0.2753638625 0.8924171925 0.3574441671
-304.4 -509.2 2705.3 0.8457601666 -0.5238449574 -0.1013715714 -0.0991223082 0.0324238688 -0.9945468903 0.5242751837 0.8511962891 -0.0245019048
-87.6 -522.6 2353.0 0.8457601666 0.2011036426 -0.4942135811 -0.0991223082 0.9693471789 0.2248128057 0.5242751837 -0.1411501318 0.8397691250
-243.2 -544.5 2872.8 0.3535174727 -0.9332289100 0.0641029030 -0.0149358502 -0.0741504505 -0.9971352220 0.9353086948 0.3515472710 -0.0401520468
125.6 -515.2 2733.9 0.3535174727 0.0231228583 -0.9351420999 -0.0149358502 0.9997065067 0.0190730244 0.9353086948 0.0072244951 0.3537590802
251.1 -265.1 2625.5 0 0 0 0 0 0 0 0 0
359.5 -356.0 2876.6 0 0 0 0 0 0 0 0 0
-164.5 -893.1 2407.0 0 0 0 0 0 0 0 0 0
116.7 -897.4 2731.2 0 0 0 0 0 0 0 0 0
-35.5 13.8 2829.3 5 0.2924982607 0.3796248138 -0.8776842952 -0.2093373835 0.9209818840 0.3285882473 0.9330716133 0.0876206532 0.3488552570
-110.0 -167.0 2812.1 0.2924982607 0.3796248138 -0.8776842952 -0.2093373835 0.9209818840 0.3285882473 0.9330716133 0.0876206532 0.3488552570
-189.8 -348.4 2797.4 0.2943675220 0.4014160633 -0.8673020601 -0.2049483061 0.9129136205 0.3529658914 0.9334580898 0.0738503933 0.3510016501
-151.4 -138.1 2680.7 -0.6145998240 0.1011365950 -0.7823288441 0.6298509836 0.6600043774 -0.4094898701 0.4749260545 -0.7444230318 -0.4693395495
0.5 -293.8 2563.3 -0.9667951465 0.1011365950 0.2346880436 -0.1113115996 0.6600043774 -0.7429696918 -0.2300365567 -0.7444230318 -0.6268313527
-68.6 -195.8 2943.4 0.7514563799 0.2571049333 -0.6076267958 -0.6587168574 0.3446828127 -0.6687943339 0.0374881960 0.9028238058 0.4283734858
108.8 -351.3 2952.3 0.9642856717 0.2571049333 0.0636410341 -0.0299797803 0.3446828127 -0.9382403493 -0.2631621957 0.9028238058 0.3400806487
-299.4 -510.1 2701.6 0.8472426534 -0.5202898979 -0.1071367189 -0.1069870070 0.0304214451 -0.9937949181 0.5203207135 0.8534476757 -0.0298899151
-88.4 -522.4 2355.4 0.8472426534 0.1940761358 -0.4944838881 -0.1069870070 0.9741376638 0.1990214884 0.5203207135 -0.1157161444 0.8460946083
-242.5 -548.7 2868.3 0.3410358131 -0.9376634359 0.0669467896 -0.0324056447 -0.0829002708 -0.9960308075 0.9394915700 0.3375127316 -0.0586575530
127.9 -515.9 2735.0 0.3410358131 0.0205022693 -0.9398267269 -0.0324056447 0.9994243383 0.0100433193 0.9394915700 0.0270305593 0.3415038884
251.7 -264.9 2623.1 0 0 0 0 0 0 0 0 0
359.5 -359.1 2883.8 0 0 0 0 0 0 0 0 0
-162.5 -894.7 2399.6 0 0 0 0 0 0 0 0 0
120.1 -897.9 2724.7 0 0 0 0 0 0 0 0 0
-35.6 12.9 2834.5 6 0.2781161666 0.3704454601 -0.8862401247 -0.2252740860 0.9220628738 0.3147246838 0.9337574244 0.1121169031 0.3398923576
-108.3 -168.1 2812.5 0.2781161666 0.3704454601 -0.8862401247 -0.2252740860 0.9220628738 0.3147246838 0.9337574244 0.1121169031 0.3398923576
-185.0 -350.3 2793.0 0.2809942663 0.3862178624 -0.8785658479 -0.2182782441 0.9171767831 0.3333786726 0.9345570207 0.0980943143 0.3420243859
-147.9 -137.3 2681.0 -0.6016606688 0.0853803530 -0.7941754460 0.6388911009 0.6481868029 -0.4143332243 0.4793981016 -0.7566796541 -0.4445372522
-1.1 -293.1 2564.1 -0.9741676450 0.0853803530 0.2090636492 -0.1050471887 0.6481868029 -0.7542008758 -0.1999062300 -0.7566796541 -0.6224736571
-68.7 -198.8 2944.0 0.7605212331 0.2358954847 -0.6049469113 -0.6481586099 0.3313388228 -0.6856420636 0.0387025326 0.9135468602 0.4048878849
110.8 -351.8 2953.1 0.9691247344 0.2358954847 0.0717672110 -0.0107855452 0.3313388228 -0.9434502125 -0.2463349104 0.9135468602 0.3236528933
-296.6 -511.0 2697.1 0.8486475945 -0.5185716748 -0.1043103188 -0.1045892537 0.0288008377 -0.9940983653 0.5185155272 0.8545489311 -0.0297952630
-88.2 -522.6 2353.7 0.8486475945 0.1957250983 -0.4914152324 -0.1045892537 0.9727717638 0.2068239301 0.5185155272 -0.1241238788 0.8460111618
-235.9 -552.6 2859.3 0.3248562515 -0.9421122670 0.0830233395 -0.0450715087 -0.1031063870 -0.9936486483 0.9446887970 0.3190509975 -0.0759571791
136.2 -511.9 2733.3 0.3248562515 0.0048283632 -0.9457510710 -0.0450715087 0.9989297986 -0.0103817647 0.9446887970 0.0459990092 0.3247262239
252.0 -265.9 2616.1 0 0 0 0 0 0 0 0 0
362.6 -354.6 2889.1 0 0 0 0 0 0 0 0 0
-163.0 -894.4 2401.2 0 0 0 0 0 0 0 0 0
134.3 -893.6 2715.7 0 0 0 0 0 0 0 0 0
-34.7 11.9 2827.7 7 0.2776847780 0.3813643456 -0.8817325830 -0.2127659768 0.9194495082 0.3306709826 0.9368147254 0.0957804099 0.3364584744
-109.3 -167.9 2808.9 0.2776847780 0.3813643456 -0.8817325830 -0.2127659768 0.9194495082 0.3306709826 0.9368147254 0.0957804099 0.3364584744
-188.2 -349.6 2792.6 0.2804145515 0.3971904814 -0.8738463521 -0.2063373923 0.9140318632 0.3492430151 0.9374393821 0.0823743418 0.3382630646
-148.8 -138.9 2677.0 -0.6132107377 0.0941079706 -0.7842935324 0.6364874244 0.6468862295 -0.4200261235 0.4678208530 -0.7567574978 -0.4565761089
-0.1 -293.2 2563.6 -0.9684867263 0.0941079706 0.2306017876 -0.1165834144 0.6468862295 -0.7536222935 -0.2200949788 -0.7567574978 -0.6155292988
-69.8 -197.0 2940.8 0.7529646754 0.2417121232 -0.6120616198 -0.6563260555 0.3433350623 -0.6718311906 0.0477524586 0.9075771570 0.4171611369
107.9 -351.9 2952.1 0.9684019685 0.2417121232 0.0614239573 -0.0261466149 0.3433350623 -0.9388489723 -0.2480201870 0.9075771570 0.3388063014
-287.5 -512.5 2687.8 0.8515104055 -0.5131534338 -0.1077197567 -0.1104650125 0.0252630357 -0.9935588837 0.5125694871 0.8579249978 -0.0351737589
-88.0 -522.4 2354.3 0.8515104055 0.2019568682 -0.4838836789 -0.1104650125 0.9712308645 0.2109693736 0.5125694871 -0.1261904091 0.8493223786
-241.4 -550.1 2862.2 0.3263311982 -0.9425706267 0.0711935684 -0.0336088128 -0.0868389606 -0.9956552982 0.9446578026 0.3225206435 -0.0600169413
130.9 -515.8 2734.8 0.3263311982 0.0167852305 -0.9451064467 -0.0336088128 0.9994161725 0.0061451569 0.9446578026 0.0297585484 0.3267048001
251.5 -262.9 2620.8 0 0 0 0 0 0 0 0 0
359.6 -358.7 2887.6 0 0 0 0 0 0 0 0 0
-165.2 -893.6 2402.5 0 0 0 0 0 0 0 0 0
124.5 -897.8 2723.4 0 0 0 0 0 0 0 0 0
-34.8 11.1 2823.7 8 0.2848049700 0.3823158443 -0.8790453672 -0.2073231339 0.9198859334 0.3329069614 0.9358970523 0.0874328762 0.3412510157
-109.8 -169.2 2806.6 0.2848049700 0.3823158443 -0.8790453672 -0.2073231339 0.9198859334 0.3329069614 0.9358970523 0.0874328762 0.3412510157
-188.5 -351.1 2791.5 0.2871812284 0.3959137499 -0.8722265959 -0.2017199695 0.9151602387 0.3489853740 0.9363952279 0.0757234693 0.3426805735
-150.2 -140.9 2674.8 -0.6201958656 0.0853336528 -0.7797917724 0.6360897422 0.6364509463 -0.4362568855 0.4590718448 -0.7665822506 -0.4490041137
0.0 -294.9 2563.6 -0.9664044380 0.0853336528 0.2424470782 -0.1343478411 0.6364509463 -0.7595267296 -0.2191188633 -0.7665822506 -0.6036046147
-69.4 -197.6 2938.3 0.7545559406 0.2472620159 -0.6078707576 -0.6546653509 0.3476712704 -0.6712212563 0.0453716703 0.9044259191 0.4242112935
108.8 -352.2 2949.0 0.9667222500 0.2472620159 0.0656475276 -0.0252772365 0.3476712704 -0.9372757077 -0.2545764446 0.9044259191 0.3423516452
-292.9 -512.3 2690.2 0.8466275334 -0.5207214952 -0.1098678187 -0.1128971800 0.0260141306 -0.9932660460 0.5200731158 0.8533301950 -0.0367637090
-88.2 -522.5 2354.8 0.8466275334 0.2025203109 -0.4921456575 -0.1128971800 0.9720613956 0.2057933807 0.5200731158 -0.1186684892 0.8458378911
-240.8 -551.5 2862.4 0.3328904808 -0.9401524067 0.0727833509 -0.0289314482 -0.0873323157 -0.9957590103 0.9425215721 0.3293729722 -0.0562720634
130.6 -517.0 2732.2 0.3328904808 0.0150381802 -0.9428455830 -0.0289314482 0.9995650053 0.0057280166 0.9425215721 0.0253710859 0.3331807256
251.1 -260.0 2620.5 0 0 0 0 0 0 0 0 0
360.1 -358.8 2882.9 0 0 0 0 0 0 0 0 0
-165.7 -894.1 2400.1 0 0 0 0 0 0 0 0 0
124.9 -899.1 2722.5 0 0 0 0 0 0 0 0 0
-36.3 13.2 2819.7 9 0.2919576168 0.3716749549 -0.8812596202 -0.1892981380 0.9256321788 0.3276756108 0.9375110269 0.0711534098 0.3406027257
-109.3 -168.4 2805.8 0.2919576168 0.3716749549 -0.8812596202 -0.1892981380 0.9256321788 0.3276756108 0.9375110269 0.0711534098 0.3406027257
-185.7 -351.5 2793.5 0.2935733497 0.3844842613 -0.8752065897 -0.1853521317 0.9210683107 0.3424583673 0.9377949238 0.0616847426 0.3416661024
-150.6 -142.4 2673.8 -0.6316259503 0.1057780907 -0.7680232525 0.6260825992 0.6538597941 -0.4248386919 0.4572408795 -0.7491851449 -0.4792206287
2.6 -294.2 2563.0 -0.9637784958 0.1057780907 0.2448304892 -0.1180858016 0.6538597941 -0.7473440170 -0.2391374409 -0.7491851449 -0.6176851392
-68.0 -194.5 2937.7 0.7630649805 0.2466105074 -0.5974236727 -0.6443184018 0.3629746437 -0.6731294394 0.0508488677 0.8985725641 0.4358689487
112.2 -346.6 2949.7 0.9658836722 0.2466105074 0.0790696964 -0.0164074861 0.3629746437 -0.9316545725 -0.2584561110 0.8985725641 0.3546375334
-293.5 -514.5 2690.6 0.8465276361 -0.5226652622 -0.1010543257 -0.1090619117 0.0155268675 -0.9939137101 0.5210531950 0.8523966074 -0.0438589454
-88.5 -520.6 2356.2 0.8465276361 0.1990036219 -0.4937494099 -0.1090619117 0.9726581573 0.2050403953 0.5210531950 -0.1197231188 0.8450857401
-235.2 -551.6 2867.3 0.3371972740 -0.9375663996 0.0852479115 -0.0119723715 -0.0948143825 -0.9954229593 0.9413578510 0.3346332908 -0.0431960449
135.3 -514.1 2735.1 0.3371972740 0.0023657908 -0.9414310455 -0.0119723715 0.9999267459 -0.0017754178 0.9413578510 0.0118698282 0.3372009099
253.0 -263.5 2625.1 0 0 0 0 0 0 0 0 0
363.2 -350.9 2882.6 0 0 0 0 0 0 0 0 0
-164.6 -892.5 2402.0 0 0 0 0 0 0 0 0 0
134.4 -896.3 2730.5 0 0 0 0 0 0 0 0 0
-34.1 15.7 2829.8 0 0.2677175701 0.3633509278 -0.8923583627 -0.2038754374 0.9265573621 0.3161111772 0.9416804910 0.0973014385 0.3221340179
-105.7 -166.9 2810.6 0.2677175701 0.3633509278 -0.8923583627 -0.2038754374 0.9265573621 0.3161111772 0.9416804910 0.0973014385 0.3221340179
-180.2 -350.3 2793.8 0.2706600428 0.3749625385 -0.8866488934 -0.1965035945 0.9231533408 0.3304151893 0.9424062371 0.0847995058 0.3235422075
-143.8 -139.2 2678.0 -0.6144466996 0.1112980098 -0.7810685039 0.6358008385 0.6560192704 -0.4066891074 0.4671323001 -0.7464928031 -0.4738522172
5.8 -294.0 2564.3 -0.9642776847 0.1112980098 0.2403772920 -0.1104020700 0.6560192704 -0.7466257811 -0.2407900989 -0.7464928031 -0.6202972531
-67.6 -194.6 2943.2 0.7667794824 0.2200699896 -0.6030077934 -0.6389394999 0.3519407511 -0.6840277910 0.0616890080 0.9097840190 0.4104723632
113.4 -345.4 2957.7 0.9723966718 0.2200699896 0.0775490627 -0.0050030854 0.3519407511 -0.9360089302 -0.2332801521 0.9097840190 0.3433270454
-289.0 -517.6 2695.2 0.8551766276 -0.5086458325 -0.0997614637 -0.1107403859 0.0087319007 -0.9938110113 0.5063689351 0.8609315753 -0.0488603152
-88.5 -521.0 2355.8 0.8551766276 0.1967709810 -0.4795352817 -0.1107403859 0.9731404781 0.2018270940 0.5063689351 -0.1194938868 0.8539975286
-229.8 -551.9 2863.4 0.3126344085 -0.9451382756 0.0947278216 -0.0226913653 -0.1071295515 -0.9939860702 0.9496024251 0.3086047769 -0.0549388640
143.5 -509.5 2741.5 0.3126344085 -0.0065345569 -0.9498510361 -0.0226913653 0.9996395707 -0.0143457269 0.9496024251 0.0260383859 0.3123734593
256.4 -265.3 2626.9 0 0 0 0 0 0 0 0 0
366.1 -346.7 2897.1 0 0 0 0 0 0 0 0 0
-163.7 -893.0 2401.4 0 0 0 0 0 0 0 0 0
146.0 -891.6 2731.5 0 0 0 0 0 0 0 0 0
-34.7 15.1 2824.8 1 0.2769792080 0.3684079945 -0.8874446750 -0.1908053458 0.9262743592 0.3249754906 0.9417408705 0.0793177336 0.3268529475
-107.4 -167.8 2809.1 0.2769792080 0.3684079945 -0.8874446750 -0.1908053458 0.9262743592 0.3249754906 0.9417408705 0.0793177336 0.3268529475
-183.6 -350.8 2796.0 0.2796839178 0.3836079240 -0.8801260591 -0.1841609478 0.9211226702 0.3429543972 0.9422640800 0.0661660209 0.3282687962
-146.8 -141.8 2676.5 -0.6265766025 0.0959501490 -0.7734308839 0.6302042603 0.6462356448 -0.4303743839 0.4585241079 -0.7570819855 -0.4653843045
4.8 -294.3 2565.6 -0.9699206948 0.0959501490 0.2237128168 -0.1102425829 0.6462356448 -0.7551331520 -0.2170263231 -0.7570819855 -0.6162195206
-68.0 -193.7 2941.7 0.7621076107 0.2332651019 -0.6039696932 -0.6443696618 0.3641602695 -0.6724395752 0.0630850792 0.9016510844 0.4278382659
111.9 -345.8 2956.6 0.9696223736 0.2332651019 0.0736193284 -0.0169064049 0.3641602695 -0.9311828613 -0.2440216988 0.9016510844 0.3570416272
-279.5 -515.8 2690.5 0.8624064922 -0.4947429895 -0.1071653143 -0.1153253540 0.0141127966 -0.9932275414 0.4929047525 0.8689247370 -0.0448854417
-88.8 -521.2 2355.6 0.8624064922 0.1955628842 -0.4669156075 -0.1153253540 0.9740104675 0.1949452311 0.4929047525 -0.1142748296 0.8625463247
-234.2 -550.8 2869.3 0.3231477439 -0.9424524307 0.0857844800 -0.0106333224 -0.0942581370 -0.9954910278 0.9462887645 0.3207784891 -0.0404807068
138.1 -513.6 2742.6 0.3231477439 0.0021468368 -0.9463461041 -0.0106333224 0.9999425411 -0.0013625255 0.9462887645 0.0105031002 0.3231520057
256.8 -265.7 2622.0 0 0 0 0 0 0 0 0 0
363.9 -350.2 2893.1 0 0 0 0 0 0 0 0 0
-163.6 -893.6 2399.2 0 0 0 0 0 0 0 0 0
137.3 -895.8 2738.5 0 0 0 0 0 0 0 0 0
-36.4 15.1 2822.3 2 0.2653785646 0.3698335588 -0.8903917074 -0.1789766550 0.9263499975 0.3314257860 0.9473866820 0.0714060217 0.3120250106
-109.4 -167.8 2808.2 0.2653785646 0.3698335588 -0.8903917074 -0.1789766550 0.9263499975 0.3314257860 0.9473866820 0.0714060217 0.3120250106
-185.9 -350.9 2796.4 0.2679037750 0.3846383989 -0.8833350539 -0.1727930158 0.9211660624 0.3487056792 0.9478238821 0.0592145696 0.3132466972
-147.1 -143.5 2674.8 -0.6356387138 0.0861945376 -0.7671596408 0.6226600409 0.6446874142 -0.4434778392 0.4563528299 -0.7595713139 -0.4634581804
5.7 -293.2 2565.1 -0.9733282328 0.0861945376 0.2126091272 -0.1082093120 0.6446874142 -0.7567488551 -0.2022940516 -0.7595713139 -0.6181654334
-71.7 -192.1 2941.5 0.7600177526 0.2230570912 -0.6104249358 -0.6449151039 0.3749857545 -0.6659355760 0.0803589970 0.8997951150 0.4288487136
107.7 -344.4 2960.5 0.9724620581 0.2230570912 0.0675504506 -0.0216347352 0.3749857545 -0.9267780781 -0.2320548743 0.8997951150 0.3694851995
-285.5 -517.0 2696.4 0.8612002134 -0.4983811378 -0.0997520015 -0.1076710671 0.0129165854 -0.9941026568 0.4967304766 0.8668618202 -0.0425374657
-89.9 -522.1 2356.3 0.8612002134 0.1909351647 -0.4710392654 -0.1076710671 0.9742583632 0.1980595738 0.4967304766 -0.1198516414 0.8595896959
-236.3 -550.3 2872.2 0.3283360302 -0.9415754676 0.0750403553 -0.0546564981 -0.0982505083 -0.9936596751 0.9429783225 0.3221528232 -0.0837224051
136.8 -511.3 2744.5 0.3283360302 -0.0964566320 -0.9396231174 -0.0546564981 0.9911653399 -0.1208465099 0.9429783225 0.0910347700 0.3201633394
258.7 -265.1 2617.7 0 0 0 0 0 0 0 0 0
360.4 -350.0 2900.2 0 0 0 0 0 0 0 0 0
-162.9 -894.5 2402.1 0 0 0 0 0 0 0 0 0
172.8 -880.8 2710.6 0 0 0 0 0 0 0 0 0
-36.9 18.6 2830.5 3 0.2824918628 0.3680960834 -0.8858349919 -0.1950005293 0.9262017012 0.3226844072 0.9392407537 0.0815825686 0.3334233761
-109.7 -164.5 2814.4 0.2824918628 0.3680960834 -0.8858349919 -0.1950005293 0.9262017012 0.3226844072 0.9392407537 0.0815825686 0.3334233761
-186.0 -347.5 2800.8 0.2850246131 0.3841069639 -0.8781929016 -0.1887816340 0.9207466245 0.3414486349 0.9397459626 0.0684654266 0.3349477947
-149.8 -137.9 2682.2 -0.6341654658 0.0970280245 -0.7670852542 0.6185136437 0.6589929461 -0.4279826581 0.4639774561 -0.7458645105 -0.4779237211
9.3 -293.1 2565.8 -0.9698906541 0.0970280245 0.2233778089 -0.1055880487 0.6589929461 -0.7447009087 -0.2194612622 -0.7458645105 -0.6289061308
-69.6 -191.1 2946.6 0.7624142170 0.2383703589 -0.6015846729 -0.6447031498 0.3595826328 -0.6745799780 0.0555195361 0.9021528959 0.4278290272
110.4 -343.2 2959.7 0.9682140350 0.2383703589 0.0757706985 -0.0155141037 0.3595826328 -0.9329842329 -0.2496416271 0.9021528959 0.3518510461
-286.9 -518.2 2697.7 0.8618018031 -0.4984872341 -0.0938518569 -0.1025519073 0.0099760396 -0.9946776032 0.4967703521 0.8668396473 -0.0425234474
-90.6 -522.1 2356.3 0.8618018031 0.1891801655 -0.4706469476 -0.1025519073 0.9736701846 0.2035914063 0.4967703521 -0.1271896958 0.8585115075
-238.8 -549.6 2873.1 0.3190204501 -0.9434636235 0.0900128111 -0.0275042653 -0.1041518152 -0.9941810369 0.9473486543 0.3146883547 -0.0591758341
135.7 -508.3 2748.2 0.3190204501 -0.0477239750 -0.9465454817 -0.0275042653 0.9978445172 -0.0595803708 0.9473486543 0.0450413935 0.3170202076
261.4 -265.7 2622.8 0 0 0 0 0 0 0 0 0
362.0 -347.2 2894.8 0 0 0 0 0 0 0 0 0
-162.9 -894.3 2405.0 0 0 0 0 0 0 0 0 0
153.7 -884.2 2731.2 0 0 0 0 0 0 0 0 0
-37.4 18.7 2814.7 4 0.3549472094 0.3548586667 -0.8649206758 -0.1956750900 0.9328688979 0.3024350107 0.9141792655 0.0618949719 0.4005562067
-107.6 -165.9 2802.4 0.3549472094 0.3548586667 -0.8649206758 -0.1956750900 0.9328688979 0.3024350107 0.9141792655 0.0618949719 0.4005562067
-180.1 -350.6 2790.7 0.3545947373 0.3653022945 -0.8607071638 -0.1965863258 0.9290741682 0.3133289218 0.9141205549 0.0580984615 0.4012582600
-157.3 -138.4 2674.1 -0.6490214467 0.1098884270 -0.7527919412 0.6211383343 0.6478875279 -0.4409409165 0.4392701983 -0.7537680268 -0.4887488186
3.0 -291.8 2565.6 -0.9715491533 0.1098884270 0.2098018676 -0.0900596827 0.6478875279 -0.7563934326 -0.2190469056 -0.7537680268 -0.6195580363
-57.8 -193.4 2930.7 0.7793504000 0.2920323908 -0.5543735623 -0.6265148520 0.3496389985 -0.6965857148 -0.0095949825 0.8902076483 0.4554539621
125.7 -340.9 2928.4 0.9484909773 0.2920323908 0.1228086427 0.0136420876 0.3496389985 -0.9367851615 -0.3165103197 0.8902076483 0.3276455104
-288.6 -513.2 2701.0 0.8614320159 -0.4968737066 -0.1051255316 -0.1063791737 0.0258721560 -0.9939889908 0.4966067970 0.8674371243 -0.0305699110
-89.7 -523.6 2353.8 0.8614320159 0.2000424415 -0.4668167531 -0.1063791737 0.9698415995 0.2192960232 0.4966067970 -0.1392490417 0.8567329645
-236.8 -547.7 2874.1 0.3325267136 -0.9398781061 0.0778149143 -0.0556593351 -0.1019245163 -0.9932337999 0.9414499402 0.3259456456 -0.0862056166
136.6 -507.2 2744.6 0.3325267136 -0.1437928379 -0.9320673943 -0.0556593351 0.9835932851 -0.1715990603 0.9414499402 0.1089395210 0.3190676272
255.5 -268.4 2622.5 0 0 0 0 0 0 0 0 0
371.6 -337.4 2846.4 0 0 0 0 0 0 0 0 0
-166.1 -894.3 2407.0 0 0 0 0 0 0 0 0 0
189.5 -869.1 2704.5 0 0 0 0 0 0 0 0 0
-37.5 17.7 2816.7 5 0.3353240490 0.3589591980 -0.8710373640 -0.1945621222 0.9310217500 0.3087783158 0.9217935801 0.0659300834 0.3820338547
-108.6 -166.5 2803.7 0.3353240490 0.3589591980 -0.8710373640 -0.1945621222 0.9310217500 0.3087783158 0.9217935801 0.0659300834 0.3820338547
-182.1 -350.8 2792.5 0.3371347487 0.3701162934 -0.8656523824 -0.1899468005 0.9273140430 0.3225040138 0.9220956564 0.0557005815 0.3829322159
-155.9 -139.8 2674.1 -0.6437292695 0.1090844944 -0.7574386001 0.6231538057 0.6492246389 -0.4361039996 0.4441756010 -0.7527336478 -0.4859013259
0.9 -291.7 2565.9 -0.9687220454 0.1090844944 0.2228860110 -0.1003628299 0.6492246389 -0.7539460659 -0.2269469053 -0.7527336478 -0.6179702282
-61.2 -193.1 2933.2 0.7756807804 0.2784747481 -0.5663666725 -0.6310396791 0.3570061326 -0.6887202263 0.0104051800 0.8916268349 0.4526514411
121.7 -341.9 2935.7 0.9539958239 0.2784747481 0.1111023948 0.0045728968 0.3570061326 -0.9340908527 -0.2997849584 0.8916268349 0.3393089473
-285.1 -517.3 2695.4 0.8612763286 -0.4979431033 -0.1012705564 -0.1084725410 0.0145346103 -0.9939931631 0.4964239597 0.8670879006 -0.0414948352
-89.3 -523.0 2354.4 0.8612763286 0.1927027255 -0.4701794386 -0.1084725410 0.9736971259 0.2003687173 0.4964239597 -0.1215712801 0.8595252633
-233.1 -549.8 2871.6 0.2771253586 -0.9574241638 0.0808731243 -0.0579810292 -0.1006799936 -0.9932279587 0.9590827823 0.2705595195 -0.0834134221
130.2 -511.6 2768.9 0.2771253586 -0.1820380092 -0.9434318542 -0.0579810292 0.9769310355 -0.2055332214 0.9590827823 0.1116596162 0.2601776123
252.7 -265.6 2624.9 0 0 0 0 0 0 0 0 0
369.3 -340.7 2857.9 0 0 0 0 0 0 0 0 0
-162.9 -895.2 2400.9 0 0 0 0 0 0 0 0 0
196.8 -869.0 2728.1 0 0 0 0 0 0 0 0 0
-23.7 34.2 2807.2 6 0.2905194163 0.3856857717 -0.8756968379 -0.1460006088 0.9223203659 0.3577834666 0.9456650019 0.0239092242 0.3242623210
-99.9 -147.9 2802.5 0.2905194163 0.3856857717 -0.8756968379 -0.1460006088 0.9223203659 0.3577834666 0.9456650019 0.0239092242 0.3242623210
-178.2 -330.4 2799.1 0.2923759520 0.3932215273 -0.8717184663 -0.1416110992 0.9193030000 0.3671897054 0.9457603097 0.0160875805 0.3244666159
-141.0 -128.2 2669.9 -0.5885665417 0.1074906811 -0.8012709618 0.6817142963 0.5987564921 -0.4204239249 0.4345745444 -0.7936853170 -0.4256859720
0.1 -291.7 2565.7 -0.9705035686 0.1074906811 0.2157974094 -0.1100848615 0.5987564921 -0.7933296561 -0.2144856453 -0.7936853170 -0.5692622662
-58.7 -167.6 2935.2 0.7572060823 0.2491199225 -0.6038030982 -0.6479129791 0.4035832882 -0.6460102797 0.0827507973 0.8803747892 0.4670037627
119.4 -320.0 2954.6 0.9658761621 0.2491199225 0.0708694309 -0.0370153449 0.4035832882 -0.9141938686 -0.2563456297 0.8803747892 0.3990327418
-286.5 -517.8 2696.9 0.8612473607 -0.4976931214 -0.1027351767 -0.1088710576 0.0167674981 -0.9939144254 0.4963870049 0.8671910763 -0.0397434123
-88.9 -524.4 2352.5 0.8612473607 0.1965985149 -0.4686171114 -0.1088710576 0.9721068740 0.2077385932 0.4963870049 -0.1278954744 0.8586283922
-233.8 -524.3 2885.1 0.2129072100 -0.9750332236 0.0630927607 -0.0124610802 -0.0672776625 -0.9976564646 0.9769929647 0.2116220593 -0.0264738668
127.2 -499.4 2806.7 0.2129072100 -0.1799988896 -0.9603493810 -0.0124610802 0.9823043942 -0.1868765354 0.9769929647 0.0517543517 0.2068967074
252.4 -263.0 2621.4 0 0 0 0 0 0 0 0 0
369.8 -329.6 2888.2 0 0 0 0 0 0 0 0 0
-164.0 -896.0 2401.4 0 0 0 0 0 0 0 0 0
192.7 -857.3 2787.9 0 0 0 0 0 0 0 0 0
-30.3 31.0 2813.5 7 0.2502223253 0.3839253485 -0.8888138533 -0.1423320770 0.9226300716 0.3584624827 0.9576692581 0.0368114151 0.2855075598
-106.1 -151.1 2806.2 0.2502223253 0.3839253485 -0.8888138533 -0.1423320770 0.9226300716 0.3584624827 0.9576692581 0.0368114151 0.2855075598
-184.7 -333.4 2800.7 0.2523086369 0.3954772353 -0.8831410408 -0.1374048889 0.9180632830 0.3718598187 0.9578414559 0.0275244527 0.2859758139
-141.6 -131.9 2671.8 -0.5878441334 0.1123160720 -0.8011394143 0.6741450429 0.6154299378 -0.4083802700 0.4471775293 -0.7801480889 -0.4374942183
-1.1 -292.9 2564.9 -0.9650521278 0.1123160720 0.2367688864 -0.1195154861 0.6154299378 -0.7790776491 -0.2332176119 -0.7801480889 -0.5804984570
-70.6 -170.3 2940.7 0.7504082322 0.2144131064 -0.6252315640 -0.6504481435 0.4076930583 -0.6408615708 0.1174934581 0.8875885010 0.4454008341
106.1 -323.5 2968.4 0.9754257798 0.2144131064 0.0507108346 -0.0421961136 0.4076930583 -0.9121435285 -0.2162499875 0.8875885010 0.4067217410
-283.3 -500.0 2709.2 0.8686696887 -0.4778722823 -0.1305795163 -0.1177799925 0.0568067990 -0.9914135933 0.4811868668 0.8765906096 -0.0069374465
-88.6 -523.1 2352.1 0.8686696887 0.2018084675 -0.4524226785 -0.1177799925 0.9712090492 0.2070769221 0.4811868668 -0.1265951097 0.8674288988
-242.3 -527.7 2884.2 0.1610529572 -0.9850435257 0.0612471588 -0.0109314946 -0.0638338625 -0.9979006648 0.9868852496 0.1600453258 -0.0210486297
118.2 -504.3 2825.6 0.1610529572 -0.1897384971 -0.9685356021 -0.0109314946 0.9809432030 -0.1939869225 0.9868852496 0.0418297090 0.1559096873
249.7 -261.9 2625.6 0 0 0 0 0 0 0 0 0
359.1 -334.4 2912.3 0 0 0 0 0 0 0 0 0
-165.7 -894.4 2400.5 0 0 0 0 0 0 0 0 0
187.3 -861.6 2810.4 0 0 0 0 0 0 0 0 0
-32.7 24.7 2806.1 8 0.2617947459 0.3861945271 -0.8844870329 -0.1191572770 0.9223715663 0.3674673438 0.9577395320 0.0091920393 0.2874899209
-108.7 -156.6 2804.3 0.2617947459 0.3861945271 -0.8844870329 -0.1191572770 0.9223715663 0.3674673438 0.9577395320 0.0091920393 0.2874899209
-187.4 -339.0 2804.1 0.2635597885 0.3964219689 -0.8794236183 -0.1150065288 0.9180676937 0.3793747425 0.9577628970 0.0011515260 0.2875568569
-145.7 -140.5 2669.8 -0.6125496030 0.0942777693 -0.7847896218 0.6536415219 0.6186905503 -0.4358608723 0.4444499314 -0.7799574733 -0.4406025112
-0.8 -295.1 2564.6 -0.9648106694 0.0942777693 0.2454628944 -0.1363866478 0.6186905503 -0.7737057805 -0.2248088419 -0.7799574733 -0.5840610266
-71.6 -172.7 2938.9 0.7514132857 0.2256034613 -0.6200653911 -0.6481056213 0.4287280440 -0.6294056177 0.1238433570 0.8748115897 0.4683668315
105.6 -325.6 2968.1 0.9726834893 0.2256034613 0.0546800420 -0.0487256572 0.4287280440 -0.9021186829 -0.2269639522 0.8748115897 0.4280093610
-286.5 -503.3 2707.4 0.8640395999 -0.4873435795 -0.1262214035 -0.1180282682 0.0476332791 -0.9918671250 0.4893923998 0.8719101548 -0.0163632799
-88.2 -522.7 2352.7 0.8640395999 0.2036946267 -0.4603738785 -0.1180282682 0.9709625244 0.2080890536 0.4893923998 -0.1254600585 0.8629918098
-243.1 -531.6 2892.2 0.1666911095 -0.9841661453 0.0602582991 0.0099935113 -0.0594238788 -0.9981828332 0.9859585166 0.1669903845 -0.0000701562
115.6 -509.9 2831.4 0.1666911095 -0.1943878978 -0.9666578770 0.0099935113 0.9806568027 -0.1954797059 0.9859585166 0.0229244214 0.1654093862
249.9 -259.7 2623.0 0 0 0 0 0 0 0 0 0
358.2 -338.2 2909.2 0 0 0 0 0 0 0 0 0
-166.1 -893.9 2400.7 0 0 0 0 0 0 0 0 0
186.4 -867.1 2823.0 0 0 0 0 0 0 0 0 0
-34.9 21.1 2812.5 9 0.2220806330 0.3915503025 -0.8929549456 -0.1204575077 0.9198266268 0.3733750582 0.9675588608 0.0246437602 0.2514408529
-112.2 -160.5 2807.6 0.2220806330 0.3915503025 -0.8929549456 -0.1204575077 0.9198266268 0.3733750582 0.9675588608 0.0246437602 0.2514408529
-192.2 -342.3 2804.7 0.2248907685 0.4029301405 -0.8871704936 -0.1139671504 0.9151215553 0.3867350519 0.9676960707 0.0141351484 0.2517232001
-143.8 -144.5 2671.6 -0.6221967936 0.1057355627 -0.7756875157 0.6378467679 0.6429495811 -0.4239898026 0.4538971484 -0.7585749030 -0.4674842656
4.3 -296.3 2563.6 -0.9590477347 0.1057355627 0.2627687454 -0.1356477290 0.6429495811 -0.7538007498 -0.2486505955 -0.7585749030 -0.6022765636
-80.6 -176.5 2943.6 0.7408816814 0.1944943517 -0.6428579092 -0.6535125971 0.4296062589 -0.6231851578 0.1549697816 0.8818222284 0.4453919232
94.1 -330.6 2980.1 0.9804131389 0.1944943517 0.0310169589 -0.0567133017 0.4296062589 -0.9012336135 -0.1886099279 0.8818222284 0.4322220385
-290.4 -510.9 2716.0 0.8645111918 -0.4878985882 -0.1207284406 -0.1231930107 0.0271821395 -0.9920104146 0.4872821271 0.8724769950 -0.0366064347
-87.5 -522.2 2353.2 0.8645111918 0.2058644146 -0.4585196078 -0.1231930107 0.9712332487 0.2037876397 0.4872821271 -0.1196902841 0.8650031090
-252.2 -534.4 2890.9 0.1250209212 -0.9907442927 0.0528722592 0.0107656512 -0.0519325845 -0.9985925555 0.9920957088 0.1254141629 0.0041733482
107.8 -515.6 2845.3 0.1250209212 -0.1904560477 -0.9737023711 0.0107656512 0.9816049337 -0.1906195134 0.9920957088 0.0133488886 0.1247715428
253.5 -261.0 2628.2 0 0 0 0 0 0 0 0 0
348.7 -345.3 2931.2 0 0 0 0 0 0 0 0 0
-166.2 -893.5 2398.9 0 0 0 0 0 0 0 0 0
177.2 -873.1 2840.5 0 0 0 0 0 0 0 0 0
-36.7 18.2 2815.6 0 0.2420218736 0.3804470897 -0.8925723433 -0.1386023611 0.9240427017 0.3562787175 0.9603201747 0.0374853984 0.2763693929
-111.9 -164.5 2808.2 0.2420218736 0.3804470897 -0.8925723433 -0.1386023611 0.9240427017 0.3562787175 0.9603201747 0.0374853984 0.2763693929
-190.5 -347.0 2803.2 0.2449612170 0.3950999677 -0.8853756189 -0.1316198260 0.9182959795 0.3733748198 0.9605572224 0.0250706412 0.2769498825
-146.4 -146.1 2673.2 -0.6329321265 0.1024445146 -0.7673994899 0.6208642721 0.6593201756 -0.4240571260 0.4625196457 -0.7448503375 -0.4809090793
5.3 -294.8 2562.3 -0.9591485262 0.1024445146 0.2637028694 -0.1330308318 0.6593201756 -0.7399998307 -0.2496735305 -0.7448503375 -0.6187577248
-77.5 -183.0 2943.2 0.7496469617 0.2080527544 -0.6282861233 -0.6495391130 0.4134355187 -0.6380987763 0.1269975901 0.8864452243 0.4450690746
99.3 -336.2 2973.2 0.9769580364 0.2080527544 0.0476138815 -0.0437197611 0.4134355187 -0.9094831944 -0.2089057416 0.8864452243 0.4130051434
-292.9 -513.8 2713.2 0.8625890017 -0.4937658012 -0.1101615652 -0.1145993173 0.0213832799 -0.9931816459 0.4927547276 0.8693319559 -0.0381402411
-88.9 -522.6 2354.1 0.8625890017 0.2012102753 -0.4641709328 -0.1145993173 0.9713693261 0.2081073225 0.4927547276 -0.1263174117 0.8609510064
-246.8 -541.5 2886.4 0.1428665072 -0.9878125191 0.0617701747 -0.0090029910 -0.0637048259 -0.9979282022 0.9897010326 0.1420143992 -0.0179945529
111.8 -518.4 2834.8 0.1428665072 -0.2000402659 -0.9693157673 -0.0090029910 0.9790589213 -0.2033779323 0.9897010326 0.0377826355 0.1380737722
254.6 -260.3 2627.2 0 0 0 0 0 0 0 0 0
353.1 -347.6 2918.9 0 0 0 0 0 0 0 0 0
-165.8 -894.0 2402.4 0 0 0 0 0 0 0 0 0
184.7 -874.8 2821.0 0 0 0 0 0 0 0 0 0
-37.1 17.0 2817.2 1 0.2638470232 0.3765313327 -0.8880365491 -0.1463628858 0.9256284237 0.3489841521 0.9533953071 0.0378971584 0.2993345261
-111.5 -166.0 2809.7 0.2638470232 0.3765313327 -0.8880365491 -0.1463628858 0.9256284237 0.3489841521 0.9533953071 0.0378971584 0.2993345261
-189.2 -348.9 2804.0 0.2655214667 0.3907530308 -0.8813685179 -0.1423350871 0.9200533628 0.3650239408 0.9535402656 0.0285279732 0.2999117970
-148.9 -146.0 2675.6 -0.6370536685 0.0944704115 -0.7650084496 0.6138997674 0.6623603702 -0.4294249117 0.4661433399 -0.7432052493 -0.4799545109
5.7 -294.9 2562.6 -0.9599460363 0.0944704115 0.2637782395 -0.1371986866 0.6623603702 -0.7365155816 -0.2442951947 -0.7432052493 -0.6228690147
-74.1 -186.0 2943.8 0.7555055022 0.2243071198 -0.6155467033 -0.6469591260 0.4034763277 -0.6470322609 0.1032245681 0.8870700002 0.4499461353
