149.9 25.9 2637.2 53 0.4059000611 0.1229128987 -0.9056144357 -0.1290559620 0.9886940718 0.0763453320 0.9047594666 0.0858863667 0.4171736240
125.8 -167.9 2620.4 0.4059000611 0.1229128987 -0.9056144357 -0.1290559620 0.9886940718 0.0763453320 0.9047594666 0.0858863667 0.4171736240
100.7 -359.7 2605.2 0.4065250754 0.1292425245 -0.9044522047 -0.1241550371 0.9885758758 0.0854593664 0.9051645398 0.0775509179 0.4179269671
70.4 -151.0 2497.0 -0.7663292885 0.2355823368 -0.5976958871 0.6075785160 0.5680906177 -0.5550868511 0.2087767720 -0.7885264754 -0.5784792304
253.0 -295.8 2447.2 -0.9169355631 0.2355823368 0.3220715523 -0.1389585882 0.5680906177 -0.8111495376 -0.3740583360 -0.7885264754 -0.4881663322
181.3 -184.7 2743.8 0.8478816152 0.4575622976 -0.2678310871 -0.5268797874 0.7835028768 -0.3294250965 0.0591139346 0.4204282761 0.9053980112
374.7 -304.9 2757.3 0.2332490087 0.4575622976 0.8580394387 0.3505072892 0.7835028768 -0.5130963326 -0.9070498943 0.4204282761 0.0223723594
37.2 -543.4 2507.2 0.7902047038 -0.6105301976 0.0531915464 0.0437866263 -0.0303271487 -0.9985805154 0.6112767458 0.7914121151 0.0027684039
249.6 -532.9 2232.0 0.7902047038 -0.0841068253 -0.6070441008 0.0437866263 0.9957546592 -0.0809650645 0.6112767458 0.0373985618 0.7905328274
100.7 -565.5 2673.1 0.3635795414 -0.8689608574 -0.3357334435 -0.1141527072 0.3161232173 -0.9418255091 0.9245426059 0.3807533681 0.0157417078
437.9 -688.2 2525.4 0.3635795414 -0.5444615483 -0.7558912039 -0.1141527072 0.7792680860 -0.6162064672 0.9245426059 0.3103271127 0.2211741656
489.4 -260.0 2543.6 0 0 0 0 0 0 0 0 0
433.4 -216.7 2528.9 0 0 0 0 0 0 0 0 0
271.2 -789.6 2222.3 0 0 0 0 0 0 0 0 0
587.7 -902.6 2440.0 0 0 0 0 0 0 0 0 0
147.4 29.9 2635.1 54 0.4177500010 0.1283657253 -0.8994482756 -0.1291764975 0.9883037210 0.0810506269 0.8993321657 0.0823286772 0.4294457138
122.2 -164.3 2618.9 0.4177500010 0.1283657253 -0.8994482756 -0.1291764975 0.9883037210 0.0810506269 0.8993321657 0.0823286772 0.4294457138
96.2 -356.1 2604.5 0.4184367359 0.1340050995 -0.8983058333 -0.1240030304 0.9882230759 0.0896571130 0.8997410536 0.0738768131 0.4301258922
65.1 -147.4 2496.1 -0.7806405425 0.2665644288 -0.5652819872 0.5981705785 0.5807439685 -0.5522032380 0.1810863465 -0.7692072988 -0.6128032804
257.4 -294.8 2451.5 -0.9014939070 0.2665644288 0.3409576416 -0.1320970803 0.5807439685 -0.8032974601 -0.4121396244 -0.7692072988 -0.4883247614
179.3 -181.2 2741.7 0.8467608690 0.4659844339 -0.2566214502 -0.5297461748 0.7827166915 -0.3266857564 0.0486314110 0.4125689566 0.9096273184
372.6 -302.2 2752.8 0.2220794559 0.4659844339 0.8564690351 0.3478951156 0.7827166915 -0.5160654783 -0.9108510613 0.4125689566 0.0117115788
39.3 -540.5 2509.2 0.7937196493 -0.6064554453 0.0471265838 0.0448587462 -0.0189056657 -0.9988144040 0.6066274643 0.7948926687 0.0121990349
250.7 -533.9 2232.1 0.7937196493 -0.0837342069 -0.6024929285 0.0448587462 0.9958405495 -0.0793049112 0.6066274643 0.0359187871 0.7941744328
112.0 -562.6 2671.0 0.3701930642 -0.8533800840 -0.3670143187 -0.1063617244 0.3535474837 -0.9293499589 0.9228457808 0.3830751777 0.0401138365
442.9 -699.7 2522.5 0.3701930642 -0.5543713570 -0.7454056144 -0.1063617244 0.7718418241 -0.6268551350 0.9228457808 0.3113400340 0.2267665863
490.7 -260.6 2558.2 0 0 0 0 0 0 0 0 0
428.6 -214.5 2523.3 0 0 0 0 0 0 0 0 0
272.5 -793.6 2222.7 0 0 0 0 0 0 0 0 0
587.8 -901.5 2441.1 0 0 0 0 0 0 0 0 0
148.2 27.2 2635.5 55 0.4291416109 0.1151903123 -0.8958619833 -0.1442065388 0.9878499508 0.0579394102 0.8916512728 0.1043249518 0.4405387044
125.5 -168.0 2614.9 0.4291416109 0.1151903123 -0.8958619833 -0.1442065388 0.9878499508 0.0579394102 0.8916512728 0.1043249518 0.4405387044
102.0 -359.8 2596.8 0.4300273359 0.1208274513 -0.8946939111 -0.1367905140 0.9882825613 0.0677192584 0.8923927546 0.0932645127 0.4415165782
66.8 -149.3 2493.1 -0.7577881813 0.2762384117 -0.5911424160 0.6242222190 0.5707276464 -0.5334947109 0.1900095791 -0.7732802033 -0.6049247980
245.5 -296.6 2448.3 -0.8873870373 0.2762384117 0.3691023588 -0.1575382501 0.5707276464 -0.8058856726 -0.4332734942 -0.7732802033 -0.4629381895
184.2 -186.6 2736.8 0.8548079133 0.4591079354 -0.2419159710 -0.5181598663 0.7807273865 -0.3492493331 0.0285272878 0.4238922298 0.9052632451
379.4 -304.9 2743.3 0.2070594281 0.4591079354 0.8639133573 0.3699705899 0.7807273865 -0.5035737157 -0.9056755304 0.4238922298 -0.0081994692
32.7 -536.9 2509.6 0.7828201056 -0.6214787364 0.0309334081 0.0359860994 -0.0044127484 -0.9993425608 0.6212066412 0.7834185958 0.0189102069
252.8 -535.3 2232.2 0.7828201056 -0.0735824555 -0.6178820729 0.0359860994 0.9966751933 -0.0730999708 0.6212066412 0.0349889621 0.7828653455
107.6 -559.0 2670.7 0.3627502024 -0.8544198871 -0.3719931543 -0.1126481742 0.3560509682 -0.9276519418 0.9250528216 0.3784102499 0.0329087153
439.1 -697.2 2523.8 0.3650324345 -0.5570669174 -0.7459408641 -0.1157907099 0.7678432465 -0.6300867200 0.9237661362 0.3163751066 0.2157845199
475.6 -255.7 2560.6 0 0 0 0 0 0 0 0 0
431.6 -211.7 2515.0 0 0 0 0 0 0 0 0 0
271.6 -790.2 2223.2 0 0 0 0 0 0 0 0 0
587.3 -901.5 2439.7 0 0 0 0 0 0 0 0 0
148.7 29.0 2635.8 56 0.4382875264 0.1322006881 -0.8890596032 -0.1411308497 0.9869773984 0.0771862790 0.8876858354 0.0916439518 0.4512374699
122.7 -165.1 2617.7 0.4382875264 0.1322006881 -0.8890596032 -0.1411308497 0.9869773984 0.0771862790 0.8876858354 0.0916439518 0.4512374699
96.5 -356.7 2601.6 0.4391309023 0.1352107078 -0.8881903291 -0.1349042356 0.9873252511 0.0836040825 0.8882369399 0.0831075013 0.4518055320
62.7 -146.6 2496.4 -0.7253192067 0.2620113194 -0.6366019845 0.6491528749 0.5681381226 -0.5057861209 0.2291561514 -0.7801084518 -0.5821669102
233.5 -299.5 2442.5 -0.8927273154 0.2620113194 0.3665896654 -0.1643737853 0.5681381226 -0.8063500524 -0.4195463955 -0.7801084518 -0.4641246200
182.7 -183.5 2739.0 0.9449388981 0.3254055977 0.0346651301 -0.3115335107 0.9269350767 -0.2091368288 -0.1001866236 0.1868221760 0.9772717953
428.2 -264.4 2713.0 0.0940285921 0.3254055977 0.9408878088 0.1648753285 0.9269350767 -0.3370570540 -0.9818221331 0.1868221760 0.0335070454
40.0 -539.3 2498.7 0.7791590095 -0.6259471178 0.0331880897 0.0304537807 -0.0150820743 -0.9994223714 0.6260860562 0.7797196507 0.0073111220
251.7 -534.2 2235.1 0.7791590095 -0.0780375004 -0.6219496727 0.0304537807 0.9957611561 -0.0867889747 0.6260860562 0.0486816950 0.7782328129
117.0 -563.8 2658.5 0.3570899069 -0.8529056907 -0.3808394074 -0.1028162539 0.3693522215 -0.9235841632 0.9283940792 0.3689590991 0.0441993885
448.0 -707.1 2515.3 0.3550210893 -0.5597054362 -0.7487922907 -0.0999539346 0.7736514211 -0.6256777644 0.9294994473 0.2969735265 0.2187178135
465.4 -256.8 2551.4 0 0 0 0 0 0 0 0 0
451.3 -224.0 2472.1 0 0 0 0 0 0 0 0 0
271.5 -787.6 2222.7 0 0 0 0 0 0 0 0 0
589.1 -902.0 2440.5 0 0 0 0 0 0 0 0 0
149.9 28.9 2636.9 57 0.4620014131 0.1394781768 -0.8758427501 -0.1539153755 0.9851799011 0.0757007748 0.8734213114 0.0998317972 0.4766223431
122.6 -164.4 2617.3 0.4620014131 0.1394781768 -0.8758427501 -0.1539153755 0.9851799011 0.0757007748 0.8734213114 0.0998317972 0.4766223431
95.8 -355.9 2600.1 0.4634729028 0.1380688399 -0.8752884269 -0.1434623301 0.9864462614 0.0796384290 0.8744206429 0.0886606649 0.4769988060
59.3 -144.8 2497.9 -0.7029726505 0.2413229197 -0.6690236926 0.6677746177 0.5476796627 -0.5041071773 0.2447580397 -0.8011305928 -0.5461531281
227.9 -305.0 2439.2 -0.9061807394 0.2413229197 0.3472747207 -0.1682425141 0.5476796627 -0.8195983768 -0.3879831731 -0.8011305928 -0.4556959867
185.9 -184.0 2736.7 0.9612944126 0.2276458144 0.1552110314 -0.2123795003 0.9710970521 -0.1089288443 -0.1755221784 0.0717490464 0.9818574190
455.3 -243.5 2687.5 0.0125795165 0.2276458144 0.9736627340 0.0707446411 0.9710970521 -0.2279599458 -0.9974151254 0.0717490464 -0.0038887898
30.9 -536.2 2505.9 0.7738493681 -0.6328623295 0.0253471881 0.0293163937 -0.0041866903 -0.9995614290 0.6326908469 0.7742530704 0.0153133729
252.7 -534.7 2234.6 0.7738493681 -0.0744421929 -0.6289797425 0.0293163937 0.9962144494 -0.0818371624 0.6326908469 0.0448902138 0.7731022835
109.6 -560.3 2665.0 0.3595592082 -0.8521730304 -0.3801556230 -0.1017294079 0.3691746891 -0.9237754941 0.9275603890 0.3708249927 0.0460490994
440.3 -703.6 2521.1 0.3609223962 -0.5675086975 -0.7400465608 -0.1035640612 0.7642361522 -0.6365670562 0.9268276691 0.3063935339 0.2170564532
463.1 -261.3 2539.9 0 0 0 0 0 0 0 0 0
458.5 -226.0 2440.4 0 0 0 0 0 0 0 0 0
271.7 -789.2 2223.1 0 0 0 0 0 0 0 0 0
587.4 -901.7 2441.7 0 0 0 0 0 0 0 0 0
152.4 27.7 2636.9 58 0.4288517237 0.1703209877 -0.8871735930 -0.1601049453 0.9808491468 0.1109116748 0.8890740275 0.0944762081 0.4479080737
119.0 -165.0 2618.4 0.4288517237 0.1703209877 -0.8871735930 -0.1601049453 0.9808491468 0.1109116748 0.8890740275 0.0944762081 0.4479080737
86.8 -355.5 2601.0 0.4300479889 0.1657535136 -0.8874595761 -0.1531177312 0.9821513891 0.1092411131 0.8897267580 0.0889068842 0.4477520287
60.3 -144.1 2496.9 -0.7089088559 0.2463876009 -0.6608641148 0.6642721891 0.5481595993 -0.5081963539 0.2370457202 -0.7992585301 -0.5522636175
228.2 -301.5 2440.8 -0.9138798714 0.2463876009 0.3226712346 -0.1431601793 0.5481595993 -0.8240304589 -0.3799062073 -0.7992585301 -0.4656791091
177.7 -185.8 2739.8 0.9666929841 0.2056243271 0.1523918509 -0.2001714259 0.9784601927 -0.0504680276 -0.1594868153 0.0182825942 0.9870307446
460.4 -244.3 2693.2 0.0186068024 0.2056243271 0.9784541130 0.0147695569 0.9784601927 -0.2059064806 -0.9997177720 0.0182825942 0.0151690347
27.4 -534.5 2504.6 0.7674114704 -0.6408256888 0.0205444656 0.0297833364 0.0036216676 -0.9995498061 0.6404627562 0.7676779032 0.0218652356
253.4 -535.7 2233.9 0.7674114704 -0.0742070377 -0.6368460655 0.0297833364 0.9963332415 -0.0802059844 0.6404627562 0.0425835922 0.7668077350
110.5 -560.2 2661.2 0.3386258185 -0.8576177955 -0.3870713711 -0.1136664897 0.3710767329 -0.9216192365 0.9340302348 0.3560810983 0.0281737559
443.3 -704.2 2522.9 0.3492416143 -0.5571384430 -0.7534102798 -0.1282377541 0.7680551410 -0.6274124384 0.9282162189 0.3157342076 0.1967906356
465.9 -264.2 2539.6 0 0 0 0 0 0 0 0 0
465.0 -240.6 2442.9 0 0 0 0 0 0 0 0 0
272.3 -790.2 2223.1 0 0 0 0 0 0 0 0 0
588.2 -903.8 2440.9 0 0 0 0 0 0 0 0 0
153.9 30.7 2637.4 59 0.3555401266 0.1789866835 -0.9173630476 -0.1490137726 0.9797935486 0.1334146112 0.9227058887 0.0892654806 0.3750274181
118.7 -162.2 2619.9 0.3555401266 0.1789866835 -0.9173630476 -0.1490137726 0.9797935486 0.1334146112 0.9227058887 0.0892654806 0.3750274181
85.3 -352.7 2603.3 0.3567705154 0.1719217151 -0.9182361960 -0.1421370357 0.9814662337 0.1285345256 0.9233157039 0.0846580490 0.3745946586
70.1 -143.0 2494.2 -0.6857080460 0.2500508130 -0.6835781336 0.6872632504 0.5317398906 -0.4948958755 0.2397366315 -0.8091522455 -0.5364690423
226.4 -299.7 2439.5 -0.9055510759 0.2500508130 0.3427124918 -0.1673674136 0.5317398906 -0.8302053213 -0.3898274004 -0.8091522455 -0.4396672547
167.2 -181.5 2745.5 0.9771110415 0.1937666833 0.0877979919 -0.1940987557 0.9809701443 -0.0048211650 -0.0870613903 -0.0123306671 0.9961266518
458.2 -239.3 2719.6 0.0840178803 0.1937666833 0.9774433374 -0.0291157570 0.9809701443 -0.1919631362 -0.9960387945 -0.0123306671 0.0880606920
16.2 -532.4 2504.0 0.7531686425 -0.6576628089 0.0147195468 0.0279299691 0.0096141258 -0.9995636344 0.6572343111 0.7532511353 0.0256095584
255.7 -535.9 2229.7 0.7531686425 -0.0600621291 -0.6550797820 0.0279299691 0.9978448153 -0.0593770519 0.6572343111 0.0264245775 0.7532229424
93.1 -559.7 2663.3 0.3211187720 -0.8794841170 -0.3512697816 -0.1429517269 0.3216498792 -0.9360054135 0.9361877441 0.3507835269 -0.0224359520
434.0 -684.4 2527.3 0.3211187720 -0.5458062291 -0.7739368677 -0.1429517269 0.7799183726 -0.6093375087 0.9361877441 0.3063053191 0.1724224836
462.3 -256.1 2541.1 0 0 0 0 0 0 0 0 0
479.3 -246.6 2469.3 0 0 0 0 0 0 0 0 0
270.9 -788.2 2223.0 0 0 0 0 0 0 0 0 0
588.2 -904.7 2440.8 0 0 0 0 0 0 0 0 0
154.9 27.3 2637.2 60 0.4002365172 0.1648628265 -0.9014604688 -0.1518005282 0.9820224047 0.1121988967 0.9037517905 0.0919360742 0.4180674851
122.3 -167.1 2619.0 0.4002365172 0.1648628265 -0.9014604688 -0.1518005282 0.9820224047 0.1121988967 0.9037517905 0.0919360742 0.4180674851
93.2 -358.2 2601.9 0.4018973410 0.1498925537 -0.9033331275 -0.1414224207 0.9848350286 0.1004968658 0.9046978951 0.0873621330 0.4170007408
67.5 -147.9 2495.8 -0.6571134329 0.2260359824 -0.7191033959 0.7022905350 0.5301520824 -0.4751070738 0.2738428712 -0.8172187209 -0.5071129799
217.4 -308.2 2433.3 -0.8861271739 0.2260359824 0.4045817554 -0.2365289330 0.5301520824 -0.8142437339 -0.3985382318 -0.8172187209 -0.4163181186
177.0 -186.3 2742.2 0.9778871536 0.1543660164 0.1410952657 -0.1563238949 0.9877017736 0.0028316453 -0.1389229298 -0.0248255897 0.9899919629
471.0 -233.2 2700.5 0.0331371538 0.1543660164 0.9874578714 -0.0302883033 0.9877017736 -0.1533877403 -0.9989917874 -0.0248255897 0.0374051109
20.0 -530.5 2504.4 0.7601618767 -0.6496375799 0.0111777149 0.0294684879 0.0172859933 -0.9994162321 0.6490651369 0.7600474954 0.0322839916
250.5 -536.7 2234.8 0.7601618767 -0.0801979527 -0.6447651982 0.0294684879 0.9955874085 -0.0890917331 0.6490651369 0.0487238839 0.7591708899
83.7 -555.8 2669.2 0.3339264691 -0.8872393966 -0.3182756305 -0.1271854341 0.2921589613 -0.9478750229 0.9339790940 0.3570005596 -0.0152843231
427.7 -669.1 2530.8 0.3339264691 -0.5367814302 -0.7748282552 -0.1271854341 0.7888367176 -0.6012990475 0.9339790940 0.2993365228 0.1951426715
446.4 -247.0 2536.3 0 0 0 0 0 0 0 0 0
479.3 -240.9 2448.5 0 0 0 0 0 0 0 0 0
270.7 -787.5 2222.5 0 0 0 0 0 0 0 0 0
587.0 -903.2 2442.0 0 0 0 0 0 0 0 0 0
151.5 26.4 2637.6 61 0.4151685834 0.1475642473 -0.8976969719 -0.1527646482 0.9840539098 0.0911088139 0.8968266249 0.0993108377 0.4310908914
122.4 -167.6 2618.0 0.4151685834 0.1475642473 -0.8976969719 -0.1527646482 0.9840539098 0.0911088139 0.8968266249 0.0993108377 0.4310908914
95.2 -358.9 2600.0 0.4165266752 0.1401277035 -0.8982592821 -0.1434657425 0.9858009815 0.0872584581 0.8977321982 0.0925239697 0.4307159185
65.6 -148.0 2495.6 -0.6164783835 0.2221235782 -0.7553909421 0.7260828018 0.5314733386 -0.4362795055 0.3045621812 -0.8174332976 -0.4889219403
203.6 -310.6 2427.4 -0.8808648586 0.2221235782 0.4180170596 -0.2500497103 0.5314733386 -0.8093276620 -0.4019356668 -0.8174332976 -0.4126142263
179.2 -187.1 2740.5 0.9778418541 0.1366524398 0.1585921198 -0.1390487850 0.9902772307 0.0040602498 -0.1564953327 -0.0260223243 0.9873358607
475.0 -229.1 2693.1 0.0159285590 0.1366524398 0.9904909730 -0.0284618847 0.9902772307 -0.1361652315 -0.9994679689 -0.0260223243 0.0196630750
28.1 -536.7 2504.0 0.7712550163 -0.6357349753 0.0317295715 0.0419846550 0.0010685275 -0.9991176724 0.6351401210 0.7719066739 0.0275152214
253.6 -537.1 2230.3 0.7712550163 -0.0747079477 -0.6321269274 0.0419846550 0.9968965054 -0.0665929914 0.6351401210 0.0248205438 0.7719979882
99.9 -561.8 2665.6 0.3506629765 -0.8754195571 -0.3326801658 -0.1072882414 0.3153455555 -0.9428926110 0.9303358197 0.3663301766 0.0166577827
439.5 -684.1 2523.5 0.3506629765 -0.5339183211 -0.7693937421 -0.1072882414 0.7932489514 -0.5993707776 0.9303358197 0.2927240431 0.2208798677
430.2 -246.3 2530.7 0 0 0 0 0 0 0 0 0
479.1 -236.3 2440.2 0 0 0 0 0 0 0 0 0
272.5 -789.2 2224.0 0 0 0 0 0 0 0 0 0
585.5 -901.1 2443.5 0 0 0 0 0 0 0 0 0
151.9 28.1 2638.3 62 0.3201164901 0.1688195467 -0.9322153330 -0.1356185824 0.9820263982 0.1312695891 0.9376209378 0.0844041556 0.3372579217
118.7 -165.0 2621.7 0.3201164901 0.1688195467 -0.9322153330 -0.1356185824 0.9820263982 0.1312695891 0.9376209378 0.0844041556 0.3372579217
86.7 -355.8 2606.7 0.3217753470 0.1642346084 -0.9324632287 -0.1258286089 0.9835229516 0.1298066974 0.9384177327 0.0755619481 0.3371388614
75.0 -148.2 2494.3 -0.5430132747 0.2104345709 -0.8129291534 0.7677611113 0.5165269375 -0.3791343272 0.3401168287 -0.8300103545 -0.4420444667
190.8 -311.9 2421.7 -0.8847799301 0.2104345709 0.4157905281 -0.2604736686 0.5165269375 -0.8156920075 -0.3864167929 -0.8300103545 -0.4021999836
162.4 -181.9 2749.1 0.9777058363 0.2006736696 0.0618176945 -0.1993739903 0.9795628190 -0.0265839100 -0.0658890083 0.0136664025 0.9977333546
490.6 -248.8 2727.0 -0.0955546573 0.2006736696 0.9749868512 0.0334552154 0.9795628190 -0.1983366758 -0.9948618412 0.0136664025 -0.1003153697
30.7 -537.4 2501.6 0.7729992867 -0.6332852840 0.0377069414 0.0413780585 -0.0089815976 -0.9991031885 0.6330560446 0.7738662958 0.0192613490
254.7 -534.2 2227.9 0.7729992867 -0.0666316971 -0.6308979988 0.0413780585 0.9976468682 -0.0546676144 0.6330560446 0.0161526930 0.7739374638
101.6 -562.1 2664.4 0.3454867601 -0.8676888943 -0.3574281931 -0.1179297641 0.3377179801 -0.9338303804 0.9309841394 0.3647774458 0.0143507440
441.9 -694.5 2521.3 0.3454867601 -0.5454257131 -0.7636423707 -0.1179297641 0.7820646763 -0.6119374633 0.9309841394 0.3014724553 0.2058710605
415.8 -245.7 2520.0 0 0 0 0 0 0 0 0 0
466.6 -240.4 2477.1 0 0 0 0 0 0 0 0 0
271.7 -789.6 2223.8 0 0 0 0 0 0 0 0 0
586.3 -901.6 2441.5 0 0 0 0 0 0 0 0 0
149.8 26.4 2637.6 63 0.3337650597 0.1550068259 -0.9298245907 -0.1287434548 0.9846406579 0.1179318726 0.9338233471 0.0803472996 0.3485947549
119.3 -167.6 2621.8 0.3337650597 0.1550068259 -0.9298245907 -0.1287434548 0.9846406579 0.1179318726 0.9338233471 0.0803472996 0.3485947549
88.9 -358.7 2607.5 0.3347724974 0.1562977433 -0.9292461276 -0.1223692670 0.9850082397 0.1215917766 0.9343196154 0.0730055869 0.3488797247
73.7 -151.1 2494.5 -0.4877648652 0.2041184753 -0.8487762213 0.7769967914 0.5447247624 -0.3155170083 0.3979465663 -0.8133944869 -0.4242969751
174.7 -311.9 2412.2 -0.8775215149 0.2041184753 0.4339258075 -0.2664856017 0.5447247624 -0.7951480150 -0.3986745179 -0.8133944869 -0.4236130714
164.9 -184.1 2749.0 0.9187859297 0.3422319889 -0.1967478395 -0.3641422689 0.9272080064 -0.0876681954 0.1524233222 0.1521925181 0.9765267968
425.1 -287.3 2792.2 0.0840326771 0.3422319889 0.9358502626 0.1311214417 0.9272080064 -0.3508453667 -0.9877983928 0.1521925181 0.0330418162
26.0 -535.5 2508.2 0.7750684619 -0.6312559843 0.0280139018 0.0385288745 0.0029616153 -0.9992530942 0.6307015419 0.7755689025 0.0266170390
253.2 -536.6 2229.1 0.7750684619 -0.0705724061 -0.6279239058 0.0385288745 0.9971727133 -0.0645147637 0.6307015419 0.0258101542 0.7755961418
81.5 -557.2 2676.4 0.3651509583 -0.8767154217 -0.3131052554 -0.0950268060 0.2994710505 -0.9493613839 0.9260857105 0.3764135838 0.0260406788
423.3 -673.9 2529.7 0.3651509583 -0.5594272017 -0.7441142201 -0.0950268060 0.7727346420 -0.6275755167 0.9260857105 0.2998706102 0.2290042043
389.6 -246.7 2509.8 0 0 0 0 0 0 0 0 0
445.9 -254.8 2547.9 0 0 0 0 0 0 0 0 0
270.8 -785.6 2222.6 0 0 0 0 0 0 0 0 0
588.6 -902.3 2441.0 0 0 0 0 0 0 0 0 0
150.9 26.0 2637.3 64 0.3708559275 0.1663728207 -0.9136662483 -0.1373679191 0.9828273058 0.1232091710 0.9184747934 0.0798155740 0.3873416185
118.1 -167.4 2621.6 0.3708559275 0.1663728207 -0.9136662483 -0.1373679191 0.9828273058 0.1232091710 0.9184747934 0.0798155740 0.3873416185
86.4 -358.4 2607.6 0.3722456694 0.1635035425 -0.9136190414 -0.1290822327 0.9839145541 0.1234904379 0.9191142321 0.0719632134 0.3873633444
67.4 -149.9 2496.3 -0.5256726146 0.1944380701 -0.8281679749 0.7618449926 0.5407566428 -0.3566152751 0.3784977496 -0.8183984756 -0.4323926270
179.3 -312.1 2415.7 -0.8856759667 0.1944380701 0.4216300249 -0.2618371844 0.5407566428 -0.7993894815 -0.3834309876 -0.8183984756 -0.4280240834
168.9 -185.0 2746.9 0.8507890105 0.4107700884 -0.3277589977 -0.4599633217 0.8837224245 -0.0864202902 0.2541491091 0.2242825478 0.9408004880
397.4 -308.5 2815.1 0.1414325684 0.4107700884 0.9007023573 0.1812542528 0.8837224245 -0.4314876795 -0.9732130766 0.2242825478 0.0505332984
28.6 -539.0 2509.7 0.7796413898 -0.6249949932 0.0392499231 0.0391887799 -0.0138605963 -0.9991356730 0.6249988079 0.7805057168 0.0136864958
252.2 -534.0 2230.5 0.7796413898 -0.0714042559 -0.6221420169 0.0391887799 0.9970939755 -0.0653284267 0.6249988079 0.0265517607 0.7801740170
87.5 -560.5 2677.1 0.3547887206 -0.8787466288 -0.3192638159 -0.1213645637 0.2953024805 -0.9476640224 0.9270359278 0.3749678135 -0.0018787099
429.4 -675.4 2531.2 0.3547887206 -0.5471232533 -0.7581431866 -0.1213645637 0.7770828605 -0.6175863743 0.9270359278 0.3111243844 0.2092988342
399.2 -247.1 2510.9 0 0 0 0 0 0 0 0 0
432.7 -263.2 2572.0 0 0 0 0 0 0 0 0 0
270.4 -788.0 2223.7 0 0 0 0 0 0 0 0 0
588.6 -901.5 2440.7 0 0 0 0 0 0 0 0 0
151.3 27.2 2637.1 65 0.3304081857 0.1516641080 -0.9315730929 -0.1245267689 0.9853817821 0.1162575260 0.9355872869 0.0775933564 0.3444644511
121.3 -167.2 2621.8 0.3304081857 0.1516641080 -0.9315730929 -0.1245267689 0.9853817821 0.1162575260 0.9355872869 0.0775933564 0.3444644511
91.7 -358.5 2608.2 0.3314378560 0.1526409537 -0.9310476184 -0.1178568155 0.9857945442 0.1196613386 0.9360868931 0.0700700060 0.3447194099
76.2 -151.1 2494.2 -0.6083425283 0.2220457643 -0.7619810104 0.7333114147 0.5245021582 -0.4326105118 0.3036013842 -0.8219447136 -0.4819056690
206.6 -308.4 2429.1 -0.8983232975 0.2220457643 0.3790923059 -0.2177048624 0.5245021582 -0.8231051564 -0.3816017509 -0.8219447136 -0.4228320718
166.5 -183.2 2749.4 0.7884821296 0.4169144332 -0.4521927834 -0.4972710609 0.8647856116 -0.0697661340 0.3619633019 0.2798717320 0.8891875148
373.5 -313.8 2844.5 0.2300727367 0.4169144332 0.8793457150 0.1974784583 0.8647856116 -0.4616796374 -0.9529264569 0.2798717320 0.1166319773
21.3 -537.8 2511.4 0.7735810280 -0.6324408054 0.0398884825 0.0463012084 -0.0063676466 -0.9989072084 0.6320036650 0.7745825648 0.0243568812
247.8 -535.5 2234.0 0.7735810280 -0.0910264552 -0.6271256804 0.0463012084 0.9951033592 -0.0873238072 0.6320036650 0.0385153629 0.7740077376
87.4 -560.7 2676.0 0.3521514833 -0.8779666424 -0.3242898583 -0.1232996285 0.2999466658 -0.9459541440 0.9277858138 0.3731039762 -0.0026262938
428.6 -677.3 2531.0 0.3521514833 -0.5498605371 -0.7573920488 -0.1232996285 0.7749210596 -0.6199149489 0.9277858138 0.3116901219 0.2050920129
433.0 -253.5 2525.2 0 0 0 0 0 0 0 0 0
431.2 -264.2 2605.5 0 0 0 0 0 0 0 0 0
271.1 -790.0 2224.1 0 0 0 0 0 0 0 0 0
587.4 -901.0 2441.0 0 0 0 0 0 0 0 0 0
150.4 32.5 2636.6 66 0.3307631910 0.1496601254 -0.9317712188 -0.1169302538 0.9862361550 0.1168999448 0.9364416599 0.0702860430 0.3437104225
120.9 -161.5 2622.7 0.3307631910 0.1496601254 -0.9317712188 -0.1169302538 0.9862361550 0.1168999448 0.9364416599 0.0702860430 0.3437104225
91.7 -353.1 2610.8 0.3319883049 0.1503533572 -0.9312237501 -0.1088735387 0.9867250323 0.1205002367 0.9369793534 0.0613809489 0.3439506888
75.6 -146.7 2494.9 -0.6304324865 0.2244858593 -0.7430753708 0.7254058123 0.5111119151 -0.4610325694 0.2762993872 -0.8296810985 -0.4850648940
217.9 -310.4 2432.5 -0.9074802995 0.2244858593 0.3550853729 -0.2005944252 0.5111119151 -0.8357789516 -0.3691089451 -0.8296810985 -0.4187934101
166.2 -176.4 2750.6 0.7599119544 0.4227744341 -0.4937565923 -0.5120258927 0.8572710156 -0.0539989695 0.4004538357 0.2938506305 0.8679219484
364.9 -310.3 2855.3 0.2520349026 0.4227744341 0.8704827428 0.2002361715 0.8572710156 -0.4743330777 -0.9467754960 0.2938506305 0.1314074844
32.4 -539.3 2511.0 0.7890655994 -0.6123160124 0.0494431108 0.0515250228 -0.0142341545 -0.9985702634 0.6121443510 0.7904849648 0.0203179140
249.6 -534.2 2230.6 0.7890655994 -0.0870601684 -0.6081085801 0.0515250228 0.9957980514 -0.0757064223 0.6121443510 0.0284045245 0.7902357578
91.4 -560.3 2678.5 0.3600314260 -0.8723874688 -0.3306319714 -0.1251754910 0.3060221374 -0.9437592626 0.9245044589 0.3811700046 0.0009760577
430.3 -679.2 2530.4 0.3600314260 -0.5491252542 -0.7542140484 -0.1251754910 0.7726840973 -0.6223265529 0.9245044589 0.3184662163 0.2094535381
448.0 -259.5 2526.1 0 0 0 0 0 0 0 0 0
428.5 -259.8 2616.5 0 0 0 0 0 0 0 0 0
272.2 -792.3 2223.2 0 0 0 0 0 0 0 0 0
587.8 -900.9 2439.1 0 0 0 0 0 0 0 0 0
147.6 21.6 2636.8 67 0.3525770903 0.1323083937 -0.9263821244 -0.1384625584 0.9864335656 0.0881868452 0.9254823327 0.0971765891 0.3661136329
121.5 -172.6 2617.6 0.3525770903 0.1323083937 -0.9263821244 -0.1384625584 0.9864335656 0.0881868452 0.9254823327 0.0971765891 0.3661136329
94.6 -364.0 2600.6 0.3534658849 0.1385258138 -0.9251337647 -0.1319879740 0.9864662290 0.0972808450 0.9260891080 0.0877210796 0.3669659197
73.3 -154.6 2491.3 -0.7070738673 0.2498232871 -0.6615397334 0.6714032292 0.5308134556 -0.5171603560 0.2219554931 -0.8098304868 -0.5430564880
232.0 -305.4 2441.4 -0.9014902115 0.2498232871 0.3534171581 -0.1777558178 0.5308134556 -0.8286374211 -0.3946115077 -0.8098304868 -0.4341155887
169.8 -190.6 2744.0 0.7598501444 0.4214947224 -0.4949443936 -0.5235165954 0.8481121659 -0.0814624354 0.3854323626 0.3210108578 0.8650976419
368.3 -327.3 2844.7 0.2401046902 0.4214947224 0.8744666576 0.2369839698 0.8481121659 -0.4738611281 -0.9413757920 0.3210108578 0.1037482172
32.8 -534.8 2515.1 0.7930495739 -0.6079185605 0.0388253033 0.0461091883 -0.0036466692 -0.9989297390 0.6074095368 0.7939909697 0.0251386445
253.0 -533.5 2227.4 0.7930495739 -0.0713297799 -0.6049665213 0.0461091883 0.9973005652 -0.0571442582 0.6074095368 0.0174237117 0.7941977382
92.2 -554.5 2682.6 0.3872724473 -0.8650997877 -0.3187826276 -0.0891233310 0.3090176284 -0.9468712211 0.9176476002 0.3951081038 0.0425734334
427.9 -674.4 2529.3 0.3872724473 -0.5452684164 -0.7434395552 -0.0891233310 0.7804470062 -0.6188372374 0.9176476002 0.3059164286 0.2536494732
462.3 -260.0 2542.2 0 0 0 0 0 0 0 0 0
429.0 -267.4 2606.7 0 0 0 0 0 0 0 0 0
271.4 -790.0 2223.0 0 0 0 0 0 0 0 0 0
587.6 -903.1 2439.7 0 0 0 0 0 0 0 0 0
148.1 20.7 2636.9 68 0.3580745757 0.1231353879 -0.9255378246 -0.1554691792 0.9852904677 0.0709366649 0.9206584096 0.1184919924 0.3719512224
123.9 -173.0 2613.6 0.3580745757 0.1231353879 -0.9255378246 -0.1554691792 0.9852904677 0.0709366649 0.9206584096 0.1184919924 0.3719512224
98.9 -364.2 2592.2 0.3587999642 0.1287176758 -0.9244968295 -0.1497925669 0.9855496287 0.0790831149 0.9213168621 0.1101077273 0.3728961349
74.9 -152.5 2487.8 -0.7651286721 0.3071534932 -0.5658929348 0.6317028403 0.5281949043 -0.5674166679 0.1246177405 -0.7916229367 -0.5981668234
253.3 -299.9 2458.7 -0.8816949129 0.3071534932 0.3581490815 -0.1551090628 0.5281949043 -0.8348361254 -0.4455953538 -0.7916229367 -0.4180644751
172.9 -193.4 2739.3 0.7591397166 0.4159514010 -0.5006908178 -0.5297614336 0.8417557478 -0.1039233729 0.3782323301 0.3441390693 0.8593652248
371.1 -331.7 2838.1 0.2391341031 0.4159514010 0.8773820996 0.2638665736 0.8417557478 -0.4709795117 -0.9344459772 0.3441390693 0.0915368348
36.0 -543.6 2500.7 0.7811536193 -0.6221600771 0.0521143712 0.0463149212 -0.0254957192 -0.9986014962 0.6226186752 0.7824748158 0.0088992231
249.7 -534.8 2231.9 0.7811536193 -0.0854059085 -0.6184697747 0.0463149212 0.9957970381 -0.0790141672 0.6226186752 0.0330778211 0.7818259597
99.3 -567.2 2666.3 0.3568226397 -0.8743278384 -0.3289809823 -0.1089311093 0.3108181357 -0.9442065954 0.9277993441 0.3727505505 0.0156654418
438.5 -687.8 2521.7 0.3568226397 -0.5445095897 -0.7590697408 -0.1089311093 0.7827631235 -0.6127119660 0.9277993441 0.3013158143 0.2199935466
477.4 -260.4 2572.0 0 0 0 0 0 0 0 0 0
431.7 -264.9 2601.5 0 0 0 0 0 0 0 0 0
271.6 -789.6 2223.4 0 0 0 0 0 0 0 0 0
587.4 -901.8 2439.3 0 0 0 0 0 0 0 0 0
147.4 18.7 2636.9 69 0.3523689210 0.1303903461 -0.9267332554 -0.1552245170 0.9846733809 0.0795219094 0.9228984118 0.1158306748 0.3672080636
121.9 -174.4 2614.2 0.3523689210 0.1303903461 -0.9267332554 -0.1552245170 0.9846733809 0.0795219094 0.9228984118 0.1158306748 0.3672080636
94.7 -365.3 2592.6 0.3524808586 0.1399068683 -0.9253017306 -0.1544091851 0.9839040637 0.0899475962 0.9229924679 0.1111702770 0.3684102595
73.7 -153.3 2488.1 -0.8064527512 0.3195590973 -0.4975097179 0.5839563608 0.5626043677 -0.5852104425 0.0928918198 -0.7624685764 -0.6403223872
268.6 -294.4 2465.7 -0.8677270412 0.3195590973 0.3806990683 -0.1495368928 0.5626043677 -0.8130898476 -0.4740132093 -0.7624685764 -0.4404011369
170.0 -195.5 2740.3 0.7469233871 0.4250883162 -0.5112782121 -0.5414681435 0.8351451159 -0.0966690779 0.3858985901 0.3490452766 0.8539611697
365.0 -336.8 2841.0 0.2496696264 0.4250883162 0.8700373769 0.2624766529 0.8351451159 -0.4833618701 -0.9320788980 0.3490452766 0.0969346091
41.7 -542.0 2488.3 0.7753471136 -0.6294385195 0.0514205173 0.0484545864 -0.0218903981 -0.9985854626 0.6296737790 0.7767419219 0.0135265263
252.4 -534.6 2228.2 0.7753471136 -0.0769024715 -0.6268356442 0.0484545864 0.9968764782 -0.0623658523 0.6296737790 0.0179821197 0.7766515017
106.0 -568.8 2653.2 0.3405319452 -0.8716648817 -0.3524745405 -0.1046141237 0.3374264836 -0.9355208278 0.9343948960 0.3554485440 0.0237160400
444.1 -699.7 2515.3 0.3405319452 -0.5511418581 -0.7617615461 -0.1046141237 0.7829437256 -0.6132332683 0.9343948960 0.2885165215 0.2089601308
488.1 -256.6 2585.6 0 0 0 0 0 0 0 0 0
428.3 -270.3 2604.7 0 0 0 0 0 0 0 0 0
272.3 -791.6 2223.6 0 0 0 0 0 0 0 0 0
588.0 -904.0 2440.1 0 0 0 0 0 0 0 0 0
149.3 20.8 2636.9 70 0.3667528331 0.1454091668 -0.9188843966 -0.1504915953 0.9839738607 0.0956438035 0.9180657268 0.1032067388 0.3827580512
120.9 -171.8 2616.7 0.3667528331 0.1454091668 -0.9188843966 -0.1504915953 0.9839738607 0.0956438035 0.9180657268 0.1032067388 0.3827580512
91.4 -362.6 2596.7 0.3663997650 0.1517456323 -0.9180002809 -0.1528287232 0.9830269217 0.1014963016 0.9178205729 0.1031085849 0.3833719194
70.8 -150.9 2491.4 -0.7675474286 0.2690079808 -0.5818124413 0.6269496679 0.5040141940 -0.5940570831 0.1334356219 -0.8207340837 -0.5555092096
253.9 -300.5 2459.6 -0.9049703479 0.2690079808 0.3296412230 -0.1593821794 0.5040141940 -0.8488621712 -0.3944945633 -0.8207340837 -0.4132428169
170.9 -192.7 2742.1 0.7457443476 0.4397764206 -0.5004618764 -0.5481958389 0.8319355249 -0.0858173892 0.3786115646 0.3383489549 0.8614947796
365.6 -335.8 2840.9 0.2379461080 0.4397764206 0.8660129309 0.2553423047 0.8319355249 -0.4926292896 -0.9371136427 0.3383489549 0.0856622905
35.9 -542.4 2488.4 0.7658243179 -0.6413958669 0.0460922159 0.0453186594 -0.0176669843 -0.9988163710 0.6414510012 0.7670066953 0.0155373933
254.9 -536.4 2226.6 0.7658243179 -0.0656736344 -0.6396874785 0.0453186594 0.9978097677 -0.0481855050 0.6414510012 0.0079118526 0.7671232224
99.1 -570.1 2653.7 0.3235260546 -0.8775071502 -0.3539944291 -0.1254353374 0.3310390711 -0.9352428317 0.9378682375 0.3469788134 -0.0029706522
439.6 -698.6 2519.0 0.3235260546 -0.5593470931 -0.7631918192 -0.1254353374 0.7740983367 -0.6205140948 0.9378682375 0.2964836955 0.1802790761
481.7 -260.4 2558.8 0 0 0 0 0 0 0 0 0
425.9 -271.0 2603.2 0 0 0 0 0 0 0 0 0
271.6 -791.3 2224.5 0 0 0 0 0 0 0 0 0
587.0 -902.5 2440.9 0 0 0 0 0 0 0 0 0
150.8 25.3 2637.0 71 0.3669664264 0.1418573558 -0.9193542004 -0.1310021579 0.9863356352 0.0999022722 0.9209636450 0.0837766007 0.3805356622
122.9 -168.3 2620.5 0.3669664264 0.1418573558 -0.9193542004 -0.1310021579 0.9863356352 0.0999022722 0.9209636450 0.0837766007 0.3805356622
95.7 -359.8 2605.6 0.3679516912 0.1403594464 -0.9191902876 -0.1241124719 0.9871095419 0.1010484546 0.9215246439 0.0769020319 0.3806290030
72.7 -151.3 2494.7 -0.7243021727 0.2326795459 -0.6490350962 0.6631324291 0.4928399622 -0.5633508563 0.1887902170 -0.8384324908 -0.5112624168
241.0 -305.5 2450.8 -0.9202803373 0.2326795459 0.3145541847 -0.1672555953 0.4928399622 -0.8538936377 -0.3537084460 -0.8384324908 -0.4146339595
173.2 -185.2 2746.3 0.7511050701 0.4301581681 -0.5008044839 -0.5297908187 0.8453600407 -0.0684698895 0.3939072192 0.3167496920 0.8628480434
369.2 -323.5 2849.1 0.2360939682 0.4301581681 0.8713343740 0.2333134264 0.8453600407 -0.4805530906 -0.9433050752 0.3167496920 0.0992227271
29.1 -539.7 2494.5 0.7650395036 -0.6427735686 0.0394556262 0.0433289818 -0.0097519765 -0.9990132451 0.6425240636 0.7659941912 0.0203900747
249.5 -536.3 2231.9 0.7650395036 -0.0779068395 -0.6392535567 0.0433289818 0.9966331124 -0.0696064308 0.6425240636 0.0255534630 0.7658393383
94.8 -567.1 2658.9 0.3064642549 -0.8790086508 -0.3652718067 -0.1655583233 0.3286658525 -0.9298221469 0.9373740554 0.3454310298 -0.0448028632
436.0 -694.7 2524.8 0.3064642549 -0.5618698597 -0.7683631182 -0.1655583233 0.7634380460 -0.6243018508 0.9373740554 0.3185351193 0.1409442276
473.2 -263.3 2540.0 0 0 0 0 0 0 0 0 0
429.1 -264.3 2609.8 0 0 0 0 0 0 0 0 0
269.3 -788.6 2225.4 0 0 0 0 0 0 0 0 0
588.0 -901.2 2438.7 0 0 0 0 0 0 0 0 0
149.5 30.3 2638.0 72 0.3780736923 0.1464300305 -0.9141217470 -0.1379800737 0.9852960110 0.1007636935 0.9154353142 0.0880344883 0.3927189112
120.7 -163.5 2620.6 0.3780736923 0.1464300305 -0.9141217470 -0.1379800737 0.9852960110 0.1007636935 0.9154353142 0.0880344883 0.3927189112
91.9 -354.8 2605.3 0.3791945875 0.1482270360 -0.9133675098 -0.1304818392 0.9857884645 0.1058090031 0.9160709381 0.0790556669 0.3931466043
68.9 -145.7 2495.5 -0.7119898200 0.2623240948 -0.6513497829 0.6712321639 0.5266486406 -0.5216211081 0.2061987072 -0.8085958362 -0.5510488749
233.1 -300.4 2448.0 -0.9066450000 0.2623240948 0.3304254115 -0.1524133980 0.5266486406 -0.8363081813 -0.3934018910 -0.8085958362 -0.4375016689
172.5 -181.3 2745.8 0.7519602180 0.4403297901 -0.4905766845 -0.5369641185 0.8408313394 -0.0683533996 0.3823942244 0.3148211241 0.8687130213
368.8 -321.5 2845.6 0.2255396098 0.4403297901 0.8690463305 0.2358111590 0.8408313394 -0.4872327447 -0.9452645183 0.3148211241 0.0858060941
35.5 -540.2 2508.2 0.7903194427 -0.6109976172 0.0455750152 0.0451123342 -0.0161531083 -0.9988512993 0.6110319495 0.7914676070 0.0147974128
252.0 -534.5 2227.7 0.7903194427 -0.0701639205 -0.6086642742 0.0451123342 0.9973886609 -0.0563981570 0.6110319495 0.0171142947 0.7914209366
101.4 -562.4 2673.2 0.3937267661 -0.8585848808 -0.3283463120 -0.0648918003 0.3303458989 -0.9416266084 0.9169341922 0.3920505643 0.0743508935
434.3 -690.5 2521.2 0.3937267661 -0.5619249344 -0.7274748087 -0.0648918003 0.7724326253 -0.6317728162 0.9169341922 0.2959530056 0.2676630616
462.2 -261.9 2547.4 0 0 0 0 0 0 0 0 0
426.0 -261.6 2605.7 0 0 0 0 0 0 0 0 0
269.9 -789.6 2223.3 0 0 0 0 0 0 0 0 0
589.3 -903.6 2439.6 0 0 0 0 0 0 0 0 0
149.6 32.9 2637.0 73 0.3924874067 0.1462435573 -0.9080564380 -0.1368920803 0.9855701923 0.0995586514 0.9095131755 0.0852302089 0.4068434834
120.8 -161.1 2620.2 0.3924874067 0.1462435573 -0.9080564380 -0.1368920803 0.9855701923 0.0995586514 0.9095131755 0.0852302089 0.4068434834
92.5 -352.5 2605.6 0.3938153088 0.1461612582 -0.9074945450 -0.1279367805 0.9863830209 0.1033477411 0.9102426767 0.0754020065 0.4071521163
67.1 -143.6 2495.9 -0.7016326785 0.2378941029 -0.6716531515 0.6758207083 0.5208705068 -0.5214981437 0.2257829905 -0.8198172450 -0.5262334943
228.4 -299.0 2443.9 -0.9236968756 0.2378941029 0.3003173470 -0.1396515965 0.5208705068 -0.8421350121 -0.3567653894 -0.8198172450 -0.4479041398
174.6 -178.6 2744.5 0.7593241334 0.4425008893 -0.4770952165 -0.5341356993 0.8426113725 -0.0685939267 0.3716529906 0.3069186211 0.8761706352
372.8 -318.0 2841.5 0.2101701200 0.4425008893 0.8717920780 0.2352743596 0.8426113725 -0.4844089746 -0.9489333630 0.3069186211 0.0729826167
29.2 -534.4 2507.9 0.7828847170 -0.6212599277 0.0335804783 0.0451995656 0.0029617827 -0.9989736080 0.6205227971 0.7835989594 0.0303994119
248.3 -535.5 2231.5 0.7828847170 -0.0838914067 -0.6164849997 0.0451995656 0.9959183931 -0.0781250894 0.6205227971 0.0332980826 0.7834811211
97.1 -557.8 2672.0 0.4052012265 -0.8604559302 -0.3089135289 -0.0356695279 0.3227588832 -0.9458088279 0.9135314226 0.3942617178 0.1000902429
431.0 -683.0 2519.1 0.4052012265 -0.5563781261 -0.7254346013 -0.0356695279 0.7832691669 -0.6206585765 0.9135314226 0.2773675323 0.2975358963
462.5 -263.6 2534.4 0 0 0 0 0 0 0 0 0
426.2 -258.3 2600.7 0 0 0 0 0 0 0 0 0
269.8 -790.1 2223.0 0 0 0 0 0 0 0 0 0
587.3 -903.1 2441.1 0 0 0 0 0 0 0 0 0
149.8 33.5 2636.5 74 0.3920375109 0.1324619800 -0.9103627801 -0.1307109296 0.9875600934 0.0874053463 0.9106158614 0.0847281963 0.4044748247
123.7 -161.0 2619.8 0.3920375109 0.1324619800 -0.9103627801 -0.1307109296 0.9875600934 0.0874053463 0.9106158614 0.0847281963 0.4044748247
97.6 -352.8 2605.0 0.3930130899 0.1342123300 -0.9096855521 -0.1234835610 0.9880333543 0.0924227163 0.9112038612 0.0760078654 0.4048830569
70.0 -144.2 2495.3 -0.6994126439 0.2284892648 -0.6772109270 0.6791878343 0.5075135827 -0.5302205682 0.2225440443 -0.8307963610 -0.5101485252
232.0 -301.5 2443.7 -0.9180052876 0.2284892648 0.3241279423 -0.1718003750 0.5075135827 -0.8443427086 -0.3574225903 -0.8307963610 -0.4266456068
177.3 -177.9 2744.3 0.7645631433 0.4316751957 -0.4786436558 -0.5252106190 0.8477119803 -0.0744194910 0.3736269176 0.3082871139 0.8748496771
376.9 -315.0 2841.8 0.2097984254 0.4316751957 0.8772919178 0.2380426675 0.8477119803 -0.4740465581 -0.9483249784 0.3082871139 0.0750915259
28.8 -532.5 2509.4 0.7816464901 -0.6229809523 0.0303889513 0.0443345755 0.0068952609 -0.9989929199 0.6221440434 0.7822065949 0.0330092534
250.1 -535.0 2231.6 0.7816464901 -0.0810807794 -0.6184292436 0.0443345755 0.9962291718 -0.0745777786 0.6221440434 0.0308756586 0.7822937369
99.4 -555.4 2672.5 0.4064942300 -0.8576055765 -0.3150795102 -0.0389535278 0.3282754719 -0.9437785149 0.9128226042 0.3959139585 0.1000353247
432.2 -682.9 2518.8 0.4064942300 -0.5537719131 -0.7267042994 -0.0389535278 0.7841553688 -0.6193407774 0.9128226042 0.2800661623 0.2971832454
466.4 -257.7 2535.0 0 0 0 0 0 0 0 0 0
430.1 -254.6 2601.1 0 0 0 0 0 0 0 0 0
271.0 -791.5 2223.6 0 0 0 0 0 0 0 0 0
587.0 -902.0 2440.5 0 0 0 0 0 0 0 0 0
152.3 30.7 2638.2 75 0.3928500712 0.1388542950 -0.9090590477 -0.1325745583 0.9867597222 0.0934305713 0.9099960327 0.0838138834 0.4060571492
124.9 -163.6 2621.7 0.3928500712 0.1388542950 -0.9090590477 -0.1325745583 0.9867597222 0.0934305713 0.9099960327 0.0838138834 0.4060571492
97.5 -355.3 2607.5 0.3940708339 0.1412392706 -0.9081627727 -0.1239709109 0.9872597456 0.0997470170 0.9106807113 0.0732783750 0.4065598249
71.1 -146.7 2497.3 -0.7013007402 0.2162866592 -0.6792623997 0.6793248057 0.4916068912 -0.5448306799 0.2160904706 -0.8435299397 -0.4916931689
234.0 -304.5 2447.1 -0.9226503372 0.2162866592 0.3192749023 -0.1796168089 0.4916068912 -0.8520917892 -0.3412538171 -0.8435299397 -0.4147325456
178.8 -180.6 2746.1 0.7616243958 0.4382172227 -0.4773824215 -0.5296227932 0.8454304338 -0.0688995719 0.3734006584 0.3053081930 0.8759902120
377.6 -318.8 2843.6 0.2094727904 0.4382172227 0.8741205931 0.2342553139 0.8454304338 -0.4799706936 -0.9493395686 0.3053081930 0.0744399577
36.4 -533.5 2508.6 0.7887617946 -0.6141979098 0.0248150676 0.0375181027 0.0078085680 -0.9992654324 0.6135529280 0.7891134024 0.0292026401
254.0 -536.3 2229.1 0.7887617946 -0.0678191781 -0.6109462976 0.0375181027 0.9973536134 -0.0622752830 0.6135529280 0.0261988193 0.7892188430
106.8 -555.7 2671.9 0.4211202860 -0.8474718928 -0.3231858313 -0.0157105103 0.3494530320 -0.9368221760 0.9068687558 0.3995922208 0.1338475496
435.6 -691.3 2516.8 0.4211202860 -0.5590764880 -0.7142066956 -0.0157105103 0.7828199267 -0.6220499873 0.9068687558 0.2731783986 0.3208779693
470.0 -258.6 2534.4 0 0 0 0 0 0 0 0 0
430.7 -259.4 2602.6 0 0 0 0 0 0 0 0 0
271.2 -789.3 2222.4 0 0 0 0 0 0 0 0 0
587.1 -903.4 2442.8 0 0 0 0 0 0 0 0 0
150.3 31.9 2637.6 76 0.3745762110 0.1201990843 -0.9193719625 -0.1229629964 0.9892430305 0.0792357177 0.9190064073 0.0833689198 0.3853269517
126.7 -162.5 2621.2 0.3745762110 0.1201990843 -0.9193719625 -0.1229629964 0.9892430305 0.0792357177 0.9190064073 0.0833689198 0.3853269517
101.6 -354.4 2607.1 0.3753323257 0.1291538477 -0.9178479910 -0.1169644967 0.9889281392 0.0913259313 0.9194808006 0.0730780512 0.3862831295
75.4 -146.5 2495.6 -0.6949338317 0.2300687879 -0.6812747717 0.6879017949 0.4886372983 -0.5366793275 0.2094230950 -0.8416067958 -0.4978353381
233.9 -303.3 2447.9 -0.9201516509 0.2300687879 0.3168426454 -0.1723352820 0.4886372983 -0.8552976847 -0.3515984416 -0.8416067958 -0.4099714458
178.0 -178.5 2746.8 0.7587167025 0.4225011170 -0.4958243370 -0.5204479694 0.8509097099 -0.0713201165 0.3917689323 0.3121625185 0.8654892445
376.0 -314.3 2849.1 0.2277375907 0.4225011170 0.8772847056 0.2336981893 0.8509097099 -0.4704654813 -0.9452622533 0.3121625185 0.0950463936
