-235.8 101.8 2696.6 51 0.5489721298 0.1778533012 -0.8166993260 -0.2867282331 0.9578806162 0.0158643592 0.7851219773 0.2254616618 0.5768453479
-272.4 -95.6 2650.1 0.5489721298 0.1778533012 -0.8166993260 -0.2867282331 0.9578806162 0.0158643592 0.7851219773 0.2254616618 0.5768453479
-302.1 -287.7 2609.0 0.5542876720 0.1496034116 -0.8187698126 -0.2554851770 0.9668059349 0.0036947846 0.7921442389 0.2071355730 0.5741100907
-353.4 -58.3 2534.5 -0.1411561668 0.3118717968 -0.9395802021 0.7754555345 0.6248251796 0.0908970088 0.6154215336 -0.7157719731 -0.3300406337
-319.9 -242.0 2388.7 -0.9274242520 0.3118717968 0.2064467818 0.0365046114 0.6248251796 -0.7799108624 -0.3722253442 -0.7157719731 -0.5908627510
-191.4 -132.9 2765.8 0.5201878548 0.3972114325 -0.7560606599 -0.3689142466 0.9029188156 0.2205444425 0.7702641487 0.1641969979 0.6162243485
-4.7 -265.4 3042.3 -0.0584662855 0.3972114325 0.9158628583 0.2034506649 0.9029188156 -0.3786098063 -0.9773379564 0.1641969979 -0.1336032301
-379.6 -456.8 2490.0 0.7269874811 -0.6231830716 -0.2883263826 -0.1668367684 0.2470087260 -0.9545429349 0.6660740972 0.7420442104 0.0756024048
-138.0 -552.5 2202.4 0.7269874811 0.4773016274 -0.4936318099 -0.1668367684 0.8201384544 0.5473009944 0.6660740972 -0.3155250549 0.6758618355
-281.0 -504.4 2637.2 0.4478931725 -0.8837309480 -0.1356883645 -0.1917595565 0.0532810092 -0.9799945951 0.8732811809 0.4649524093 -0.1455996484
61.9 -525.1 2456.8 0.4478931725 0.5675224066 -0.6908762455 -0.1917595565 0.8157108426 0.5457509756 0.8732811809 -0.1119560078 0.4741791487
-81.1 -251.4 2484.5 0 0 0 0 0 0 0 0 0
-28.1 -183.9 2651.3 0 0 0 0 0 0 0 0 0
-320.4 -865.9 2323.0 0 0 0 0 0 0 0 0 0
-152.4 -833.2 2499.0 0 0 0 0 0 0 0 0 0
-235.7 101.8 2686.2 52 0.5488282442 0.1854611188 -0.8151022792 -0.2765859365 0.9604462385 0.0322993360 0.7888522148 0.2077190429 0.5784159303
-274.1 -96.8 2643.2 0.5488282442 0.1854611188 -0.8151022792 -0.2765859365 0.9604462385 0.0322993360 0.7888522148 0.2077190429 0.5784159303
-305.0 -289.4 2605.5 0.5544312000 0.1556511372 -0.8175443411 -0.2448874563 0.9693753123 0.0184835419 0.7953842878 0.1899585128 0.5755689144
-355.1 -61.0 2527.1 -0.1556971520 0.3274795711 -0.9319418073 0.7886873484 0.6092574596 0.0823259503 0.5947526097 -0.7221928239 -0.3531386554
-319.1 -243.2 2389.7 -0.9219031334 0.3274795711 0.2070065439 0.0385758951 0.6092574596 -0.7920336127 -0.3854950964 -0.7221928239 -0.5743092299
-193.1 -132.5 2759.4 0.5196271539 0.4027940631 -0.7534883022 -0.3584789932 0.9033026099 0.2356632799 0.7755517364 0.1476526856 0.6137737632
-6.5 -261.2 3037.8 -0.0593051463 0.4027940631 0.9133673310 0.1867355555 0.9033026099 -0.3862307668 -0.9806185365 0.1476526856 -0.1287864596
-382.7 -456.4 2495.2 0.7321640253 -0.6202617288 -0.2814448774 -0.1601327807 0.2448730022 -0.9562398791 0.6620372534 0.7451930046 0.0799629837
-140.5 -552.0 2204.3 0.7321640253 0.4687645435 -0.4941615164 -0.1601327807 0.8236331344 0.5440458655 0.6620372534 -0.3191993833 0.6780991554
-281.1 -503.3 2640.5 0.4571215808 -0.8781198859 -0.1412277371 -0.1947562695 0.0561077595 -0.9792456031 0.8678190112 0.4751392901 -0.1453712881
59.9 -525.0 2456.0 0.4571215808 0.5606842041 -0.6904151440 -0.1947562695 0.8205295801 0.5374022722 0.8678190112 -0.1111954898 0.4842785597
-80.6 -253.1 2489.4 0 0 0 0 0 0 0 0 0
-30.3 -186.5 2645.4 0 0 0 0 0 0 0 0 0
-319.6 -866.7 2326.2 0 0 0 0 0 0 0 0 0
-153.1 -836.8 2498.2 0 0 0 0 0 0 0 0 0
-236.3 101.5 2691.0 53 0.5297223330 0.1760845929 -0.8296917677 -0.2769216597 0.9605118036 0.0270458702 0.8016911149 0.2154328227 0.5575662255
-272.6 -96.8 2646.5 0.5297223330 0.1760845929 -0.8296917677 -0.2769216597 0.9605118036 0.0270458702 0.8016911149 0.2154328227 0.5575662255
-302.6 -289.3 2607.3 0.5346297622 0.1509766579 -0.8314908743 -0.2479756027 0.9686268568 0.0164342150 0.8078855872 0.1974032372 0.5552952886
-350.7 -60.6 2528.5 -0.1372683495 0.3255677521 -0.9355015159 0.7858958244 0.6106707454 0.0972056985 0.6029304266 -0.7218634486 -0.3396881223
-318.7 -243.8 2387.9 -0.9223432541 0.3255677521 0.2080590725 0.0371196344 0.6106707454 -0.7910141349 -0.3845842779 -0.7218634486 -0.5753329992
-194.5 -133.0 2764.5 0.5003186464 0.3990838826 -0.7683835626 -0.3614860475 0.9026766419 0.2334582508 0.7867712975 0.1609564275 0.5958892107
-14.9 -262.8 3046.9 -0.0350890718 0.3990838826 0.9162427783 0.1904480457 0.9026766419 -0.3858813941 -0.9810699821 0.1609564275 -0.1076788306
-386.8 -459.5 2494.8 0.7245214581 -0.6288646460 -0.2821311355 -0.1660517454 0.2380170226 -0.9569612145 0.6689510345 0.7401872873 0.0680243596
-141.2 -552.5 2205.8 0.7245214581 0.4743677676 -0.5000439286 -0.1660517454 0.8242495656 0.5413312316 0.6689510345 -0.3091728985 0.6759560704
-285.1 -504.4 2640.7 0.4526050985 -0.8812322617 -0.1363024563 -0.1796993762 0.0595809557 -0.9819155931 0.8734167218 0.4689134955 -0.1313902289
57.1 -527.6 2458.6 0.4526050985 0.5555961132 -0.6974679828 -0.1796993762 0.8229510784 0.5389430523 0.8734167218 -0.1185938269 0.4723121226
-79.6 -253.5 2487.6 0 0 0 0 0 0 0 0 0
-29.0 -186.6 2654.3 0 0 0 0 0 0 0 0 0
-322.5 -867.4 2323.9 0 0 0 0 0 0 0 0 0
-154.5 -841.1 2503.8 0 0 0 0 0 0 0 0 0
-234.4 99.7 2683.9 54 0.5191196799 0.1955147237 -0.8320388794 -0.2730060220 0.9604187012 0.0553498156 0.8099274635 0.1984184384 0.5519489646
-274.7 -98.5 2642.9 0.5191196799 0.1955147237 -0.8320388794 -0.2730060220 0.9604187012 0.0553498156 0.8099274635 0.1984184384 0.5519489646
-307.8 -291.0 2606.7 0.5246455073 0.1667799503 -0.8348242640 -0.2435775846 0.9690347910 0.0405159444 0.8157309890 0.1820879579 0.5490235686
-351.3 -62.9 2523.8 -0.1433479786 0.3256773055 -0.9345510602 0.7949291468 0.6003892422 0.0872950330 0.5895244479 -0.7303882837 -0.3449549675
-318.6 -244.2 2389.4 -0.9219219089 0.3256773055 0.2097481787 0.0302803926 0.6003892422 -0.7991344333 -0.3861905038 -0.7303882837 -0.5633736253
-198.1 -134.0 2762.1 0.4884717166 0.4139209986 -0.7681567669 -0.3568088412 0.8981150985 0.2570539117 0.7962931991 0.1485215575 0.5863944888
-22.7 -262.1 3047.9 -0.0250374842 0.4139209986 0.9099684358 0.1743247360 0.8981150985 -0.4037327468 -0.9843698740 0.1485215575 -0.0946432129
-381.6 -459.0 2494.0 0.7165660262 -0.6469161510 -0.2608306706 -0.1823138744 0.1872366667 -0.9652482271 0.6732717156 0.7392171025 0.0162256379
-129.7 -531.9 2206.1 0.7165660262 0.4757927954 -0.5100532770 -0.1823138744 0.8335752487 0.5214537382 0.6732717156 -0.2806662023 0.6840553284
-283.6 -504.5 2642.1 0.4624018073 -0.8789425492 -0.1168100834 -0.1464807242 0.0542055368 -0.9877272844 0.8744872808 0.4738372862 -0.1036834046
58.2 -525.6 2457.8 0.4624018073 0.5549528599 -0.6915286779 -0.1464807242 0.8170112371 0.5577060580 0.8744872808 -0.1565886587 0.4590773582
-79.4 -252.1 2489.6 0 0 0 0 0 0 0 0 0
-32.7 -192.4 2654.0 0 0 0 0 0 0 0 0 0
-311.4 -850.3 2313.3 0 0 0 0 0 0 0 0 0
-153.4 -837.1 2517.6 0 0 0 0 0 0 0 0 0
-234.8 99.6 2679.8 55 0.5202172995 0.1961634457 -0.8312002420 -0.2634623349 0.9626561403 0.0622957945 0.8123801947 0.1865825951 0.5524720550
-275.2 -98.4 2641.4 0.5202172995 0.1961634457 -0.8312002420 -0.2634623349 0.9626561403 0.0622957945 0.8123801947 0.1865825951 0.5524720550
-308.2 -291.2 2606.5 0.5250004530 0.1661970317 -0.8347173333 -0.2379471660 0.9703019857 0.0435344130 0.8171631694 0.1757630408 0.5489550829
-351.9 -63.7 2522.1 -0.1376501322 0.3069369793 -0.9417229295 0.7979596853 0.5976230502 0.0781475604 0.5867816806 -0.7406999469 -0.3271862268
-321.0 -242.5 2390.6 -0.9312071204 0.3069369793 0.1965783089 0.0278300885 0.5976230502 -0.8012940884 -0.3634265065 -0.7406999469 -0.5650528669
-198.5 -133.2 2760.8 0.4888952374 0.4133757949 -0.7681809068 -0.3513253331 0.8993257880 0.2603529990 0.7984684706 0.1425960809 0.5849054456
-23.0 -259.3 3047.4 -0.0253886078 0.4133757949 0.9102064967 0.1679253429 0.8993257880 -0.4037502408 -0.9854727387 0.1425960809 -0.0922488943
-389.1 -461.2 2495.8 0.7168889642 -0.6483331323 -0.2563871741 -0.1695990264 0.1945267469 -0.9661239386 0.6762443185 0.7360866070 0.0294974092
-132.7 -538.1 2204.6 0.7168889642 0.4740498066 -0.5112210512 -0.1695990264 0.8298123479 0.5316461325 0.6762443185 -0.2944286466 0.6752817035
-292.9 -505.8 2645.4 0.4525913298 -0.8811342120 -0.1369803995 -0.1838967055 0.0580830425 -0.9812279940 0.8725497723 0.4692855179 -0.1357498020
58.2 -529.0 2458.4 0.4525913298 0.5706560016 -0.6852100492 -0.1838967055 0.8116287589 0.5544734001 0.8725497723 -0.1249419823 0.4722778797
-84.8 -249.6 2482.8 0 0 0 0 0 0 0 0 0
-33.2 -192.1 2653.1 0 0 0 0 0 0 0 0 0
-313.8 -855.1 2317.1 0 0 0 0 0 0 0 0 0
-159.5 -838.6 2506.0 0 0 0 0 0 0 0 0 0
-231.4 99.9 2677.8 56 0.5362848043 0.1999483854 -0.8200117350 -0.2594113946 0.9635570645 0.0652957559 0.8031838536 0.1777032763 0.5686098933
-272.4 -97.8 2641.3 0.5362848043 0.1999483854 -0.8200117350 -0.2594113946 0.9635570645 0.0652957559 0.8031838536 0.1777032763 0.5686098933
-306.0 -290.8 2608.1 0.5413078070 0.1686704308 -0.8237330317 -0.2330446839 0.9713886976 0.0457619689 0.8078836799 0.1671952903 0.5651280284
-351.5 -63.7 2523.4 -0.1288765073 0.2917422652 -0.9477749467 0.7965779305 0.5997037292 0.0762825906 0.5906389952 -0.7451455593 -0.3096831739
-322.7 -241.6 2391.5 -0.9364206195 0.2917422652 0.1949433237 0.0203019548 0.5997037292 -0.7999645472 -0.3502916992 -0.7451455593 -0.5674978495
-193.4 -131.8 2759.3 0.5049533248 0.4152154028 -0.7567154765 -0.3465547860 0.9004550576 0.2628316879 0.7905200124 0.1295256317 0.5985826254
-12.1 -256.2 3043.1 -0.0450547896 0.4152154028 0.9086067677 0.1625588387 0.9004550576 -0.4034294486 -0.9856696725 0.1295256317 -0.1080667451
-389.4 -462.2 2496.6 0.7233820558 -0.6414036155 -0.2555773258 -0.1584602147 0.2060552239 -0.9656249881 0.6720184088 0.7390146255 0.0474197045
-138.3 -542.9 2207.3 0.7233820558 0.4634035528 -0.5118354559 -0.1584602147 0.8329477906 0.5301775932 0.6720184088 -0.3024154305 0.6759705544
-293.1 -505.8 2646.5 0.4534763396 -0.8813901544 -0.1323274821 -0.1803988963 0.0546283871 -0.9820753336 0.8728203773 0.4692196846 -0.1342291385
58.0 -527.6 2459.6 0.4534763396 0.5622535348 -0.6915419102 -0.1803988963 0.8177508712 0.5465708971 0.8728203773 -0.1231035814 0.4722605944
-89.2 -246.7 2478.8 0 0 0 0 0 0 0 0 0
-30.1 -191.2 2648.7 0 0 0 0 0 0 0 0 0
-315.3 -861.1 2322.8 0 0 0 0 0 0 0 0 0
-156.7 -839.8 2506.6 0 0 0 0 0 0 0 0 0
-230.0 99.7 2676.3 57 0.5424425602 0.1944061816 -0.8172895908 -0.2663599253 0.9624617100 0.0521523133 0.7967486978 0.1894035637 0.5738621950
-270.0 -98.6 2637.3 0.5424425602 0.1944061816 -0.8172895908 -0.2663599253 0.9624617100 0.0521523133 0.7967486978 0.1894035637 0.5738621950
-302.8 -291.5 2602.5 0.5477675796 0.1650063097 -0.8201972842 -0.2377193719 0.9706473351 0.0365131460 0.8021472692 0.1749760807 0.5709143281
-350.0 -63.9 2520.1 -0.1153510809 0.2794889808 -0.9531946778 0.8046603203 0.5889400840 0.0753086656 0.5824224353 -0.7583109736 -0.2928285599
-324.8 -240.2 2392.5 -0.9451769590 0.2794889808 0.1688976437 0.0298315920 0.5889400840 -0.8076259494 -0.3251931369 -0.7583109736 -0.5649901628
-190.0 -133.3 2754.4 0.5118561387 0.4116419256 -0.7540253401 -0.3512452841 0.9012849927 0.2535984218 0.7839834690 0.1350419521 0.6059155464
-6.3 -259.4 3035.8 -0.0523598641 0.4116419256 0.9098402858 0.1713229865 0.9012849927 -0.3979118466 -0.9838225842 0.1350419521 -0.1177148893
-389.1 -462.4 2500.8 0.7145207524 -0.6635152102 -0.2218280286 -0.1818734258 0.1300063878 -0.9746899009 0.6755606532 0.7367807627 -0.0277835242
-121.9 -514.8 2204.1 0.7145207524 0.4744567573 -0.5141506791 -0.1818734258 0.8356078267 0.5183450580 0.6755606532 -0.2768579721 0.6833502054
-289.8 -505.2 2649.0 0.4523473978 -0.8802438974 -0.1433615983 -0.2054948956 0.0535496250 -0.9771920443 0.8678442836 0.4714903533 -0.1566625983
58.6 -526.4 2462.4 0.4523473978 0.5661967397 -0.6890595555 -0.2054948956 0.8180061579 0.5372501612 0.8678442836 -0.1014254913 0.4863735139
-92.3 -247.5 2472.5 0 0 0 0 0 0 0 0 0
-27.2 -190.8 2642.2 0 0 0 0 0 0 0 0 0
-303.1 -833.9 2309.8 0 0 0 0 0 0 0 0 0
-157.7 -838.7 2501.1 0 0 0 0 0 0 0 0 0
-226.9 102.1 2676.0 58 0.5478246212 0.2031524181 -0.8115524054 -0.2667164803 0.9618594050 0.0607357100 0.7929378748 0.1831818670 0.5811143517
-268.7 -96.0 2638.3 0.5478246212 0.2031524181 -0.8115524054 -0.2667164803 0.9618594050 0.0607357100 0.7929378748 0.1831818670 0.5811143517
-303.1 -288.7 2604.3 0.5531047583 0.1729684919 -0.8149582744 -0.2395976484 0.9699087739 0.0432427824 0.7979148626 0.1713443100 0.5779039860
-349.5 -61.0 2521.8 -0.1040435210 0.2645967901 -0.9587301612 0.8167842627 0.5727500319 0.0694321617 0.5674842596 -0.7758517265 -0.2757094204
-326.7 -240.3 2397.2 -0.9532067776 0.2645967901 0.1462374181 0.0333314426 0.5727500319 -0.8190521598 -0.3004760444 -0.7758517265 -0.5547686219
-187.9 -131.0 2754.8 0.5162830353 0.4187820256 -0.7470431328 -0.3529213071 0.8988148570 0.2599585056 0.7803193927 0.1294352710 0.6118399501
-2.6 -257.6 3035.0 -0.0597425140 0.4187820256 0.9061194658 0.1694975495 0.8988148570 -0.4042306840 -0.9837181568 0.1294352710 -0.1246799901
-385.8 -462.5 2494.2 0.7175873518 -0.6544915438 -0.2381369621 -0.1695326418 0.1674906462 -0.9711877108 0.6755198240 0.7372840047 0.0092314985
-131.5 -527.6 2207.6 0.7175873518 0.4684213698 -0.5154122710 -0.1695326418 0.8352569938 0.5230720639 0.6755198240 -0.2879707217 0.6787825823
-285.4 -506.1 2641.3 0.4431244135 -0.8849539161 -0.1431689709 -0.2108984143 0.0523123667 -0.9761071801 0.8712993860 0.4627310336 -0.1634544879
55.1 -526.3 2463.2 0.4431244135 0.5515879989 -0.7066763043 -0.2108984143 0.8303148746 0.5158479214 0.8712993860 -0.0795478895 0.4842618108
-94.6 -248.4 2470.3 0 0 0 0 0 0 0 0 0
-26.5 -189.8 2641.3 0 0 0 0 0 0 0 0 0
-310.4 -846.7 2317.7 0 0 0 0 0 0 0 0 0
-155.5 -843.3 2493.6 0 0 0 0 0 0 0 0 0
-226.3 101.0 2678.9 59 0.5896061659 0.1989227682 -0.7828118205 -0.2736626565 0.9610707760 0.0381007120 0.7599166632 0.1917619407 0.6210910082
-267.3 -96.9 2639.4 0.5896061659 0.1989227682 -0.7828118205 -0.2736626565 0.9610707760 0.0381007120 0.7599166632 0.1917619407 0.6210910082
-301.9 -289.4 2604.1 0.5947954655 0.1738654971 -0.7848497629 -0.2467999756 0.9686747193 0.0275512654 0.7650543451 0.1773135364 0.6190733314
-354.1 -60.9 2527.7 -0.1214106008 0.2533343732 -0.9597297311 0.8121169806 0.5812875628 0.0507023074 0.5707235932 -0.7732570171 -0.2763116360
-327.6 -237.9 2403.4 -0.9571042657 0.2533343732 0.1406170279 0.0344191492 0.5812875628 -0.8129699230 -0.2876921594 -0.7732570171 -0.5650723577
-180.5 -133.0 2751.1 0.5580140948 0.4177798331 -0.7169938684 -0.3601585925 0.9003329277 0.2443080395 0.7476001978 0.1219041646 0.6528654695
19.9 -262.3 3019.4 -0.1109802276 0.4177798331 0.9017446637 0.1837407500 0.9003329277 -0.3945122957 -0.9766896963 0.1219041646 -0.1766823381
-388.2 -459.4 2497.1 0.7183536887 -0.6421744823 -0.2675443292 -0.1742133945 0.2062699944 -0.9628615379 0.6735114455 0.7382849455 0.0362994224
-134.9 -540.8 2205.9 0.7183536887 0.4816626310 -0.5019652247 -0.1742133945 0.8231079578 0.5405025482 0.6735114455 -0.3008229434 0.6751946807
-286.8 -503.4 2643.4 0.4360453784 -0.8855652809 -0.1601204872 -0.2286747396 0.0630533844 -0.9714587927 0.8703863025 0.4602156281 -0.1750122607
57.8 -527.9 2464.3 0.4360453784 0.5747814775 -0.6924526691 -0.2286747396 0.8149688244 0.5324788094 0.8703863025 -0.0738385096 0.4868013859
-94.9 -246.3 2473.3 0 0 0 0 0 0 0 0 0
-24.6 -188.7 2628.6 0 0 0 0 0 0 0 0 0
-318.9 -855.2 2320.8 0 0 0 0 0 0 0 0 0
-161.7 -839.1 2492.5 0 0 0 0 0 0 0 0 0
-227.1 100.9 2677.3 60 0.5830135942 0.1966982484 -0.7882924080 -0.2692073584 0.9622094631 0.0409915932 0.7665654421 0.1883154809 0.6139338017
-267.6 -97.3 2638.5 0.5830135942 0.1966982484 -0.7882924080 -0.2692073584 0.9622094631 0.0409915932 0.7665654421 0.1883154809 0.6139338017
-301.6 -289.9 2603.8 0.5880378485 0.1711249501 -0.7905237079 -0.2428193837 0.9696297646 0.0292728096 0.7715246081 0.1747409552 0.6117314696
-353.5 -61.8 2525.9 -0.1332999617 0.2601552606 -0.9563212395 0.8097009659 0.5850147605 0.0462831371 0.5715028644 -0.7681646943 -0.2886303961
-324.5 -237.8 2401.7 -0.9584050179 0.2601552606 0.1173844859 0.0597365126 0.5850147605 -0.8088197112 -0.2790903449 -0.7681646943 -0.5762218237
-181.7 -132.7 2751.2 0.5515477061 0.4156150222 -0.7232283950 -0.3562950790 0.9013398886 0.2462523431 0.7542207837 0.1218627915 0.6452135444
16.3 -260.6 3022.0 -0.1022308096 0.4156150222 0.9037770629 0.1794269979 0.9013398886 -0.3941983581 -0.9784451127 0.1218627915 -0.1667172611
-391.0 -459.3 2498.8 0.7232937217 -0.6357759833 -0.2695089281 -0.1628825366 0.2221963108 -0.9613001943 0.6710554957 0.7392007113 0.0571563914
-139.8 -547.1 2206.8 0.7232937217 0.4695449173 -0.5063336492 -0.1628825366 0.8285605907 0.5356833339 0.6710554957 -0.3049834967 0.6757733226
-282.0 -504.5 2638.9 0.4321152568 -0.8873311281 -0.1609965414 -0.2344922721 0.0618292987 -0.9701497555 0.8707983494 0.4569689333 -0.1813549101
59.5 -528.3 2463.1 0.4321152568 0.5864890218 -0.6850599051 -0.2344922721 0.8065850735 0.5426176786 0.8707983494 -0.0738321170 0.4860648513
-83.5 -252.8 2471.9 0 0 0 0 0 0 0 0 0
-24.6 -188.8 2630.4 0 0 0 0 0 0 0 0 0
-319.2 -863.6 2323.3 0 0 0 0 0 0 0 0 0
-164.6 -836.4 2491.3 0 0 0 0 0 0 0 0 0
-227.9 99.8 2677.0 61 0.5671896338 0.1908358186 -0.8011726141 -0.2649289072 0.9633566737 0.0419110954 0.7798131704 0.1884822547 0.5969638824
-267.3 -99.0 2638.2 0.5671896338 0.1908358186 -0.8011726141 -0.2649289072 0.9633566737 0.0419110954 0.7798131704 0.1884822547 0.5969638824
-300.3 -291.9 2604.0 0.5724256039 0.1657433957 -0.8030305505 -0.2365236729 0.9711041451 0.0318317935 0.7851022482 0.1717143953 0.5950871110
-350.9 -64.4 2523.5 -0.1215083152 0.2589293420 -0.9582229853 0.8138645887 0.5786185861 0.0531504676 0.5682078600 -0.7734055519 -0.2810404003
-324.8 -239.0 2401.6 -0.9574844837 0.2589293420 0.1271968484 0.0483161770 0.5786185861 -0.8141658902 -0.2844098806 -0.7734055519 -0.5665287971
-183.7 -133.5 2752.8 0.5365038514 0.4113946855 -0.7368296981 -0.3501826823 0.9029349685 0.2491597235 0.7678123116 0.1243498623 0.6284913421
8.9 -259.2 3028.4 -0.0823389813 0.4113946855 0.9077305198 0.1726888418 0.9029349685 -0.3935569227 -0.9815288186 0.1243498623 -0.1453900188
-389.6 -460.4 2498.4 0.7215102911 -0.6349151134 -0.2762348652 -0.1709945202 0.2232050449 -0.9596563578 0.6709573269 0.7396366000 0.0524777323
-141.3 -547.7 2209.2 0.7215102911 0.4648313820 -0.5131809115 -0.1709945202 0.8378214240 0.5184748173 0.6709573269 -0.2863337994 0.6839804053
-281.8 -504.9 2639.8 0.4373968542 -0.8853299618 -0.1577175409 -0.2206016183 0.0643895343 -0.9732363224 0.8717906475 0.4604832530 -0.1671414375
56.6 -529.5 2463.8 0.4373968542 0.5631081462 -0.7011370659 -0.2206016183 0.8230400681 0.5233927965 0.8717906475 -0.0742583871 0.4842177033
-87.1 -251.0 2472.3 0 0 0 0 0 0 0 0 0
-24.1 -190.1 2635.7 0 0 0 0 0 0 0 0 0
-318.8 -867.7 2318.5 0 0 0 0 0 0 0 0 0
-158.5 -843.8 2492.2 0 0 0 0 0 0 0 0 0
-225.8 101.3 2676.9 62 0.5443955064 0.2017751038 -0.8141992092 -0.2635861337 0.9626209140 0.0623162352 0.7963390946 0.1806869507 0.5772315860
-267.4 -97.4 2639.6 0.5443955064 0.2017751038 -0.8141992092 -0.2635861337 0.9626209140 0.0623162352 0.7963390946 0.1806869507 0.5772315860
-301.2 -290.3 2605.9 0.5496451855 0.1699306965 -0.8179326057 -0.2362806499 0.9707374573 0.0428978689 0.8012874722 0.1696830243 0.5737125278
-347.7 -62.9 2522.6 -0.1109845936 0.2825701535 -0.9528045654 0.8174610138 0.5711877942 0.0741758049 0.5651901960 -0.7706481814 -0.2943831384
-323.6 -240.7 2399.6 -0.9452548027 0.2825701535 0.1632405221 0.0290860999 0.5711877942 -0.8203039169 -0.3250344098 -0.7706481814 -0.5481368303
-187.2 -131.9 2756.6 0.5131665468 0.4161097407 -0.7506749034 -0.3497323692 0.9000907540 0.2598536313 0.7838031650 0.1291871220 0.6074234843
-3.0 -257.4 3038.0 -0.0552039631 0.4161097407 0.9076371789 0.1668143868 0.9000907540 -0.4025041461 -0.9844416976 0.1291871220 -0.1191016734
-385.7 -463.2 2498.0 0.7324309945 -0.6291334629 -0.2602612078 -0.1649251580 0.2069317400 -0.9643541574 0.6605637670 0.7492465377 0.0478032902
-139.6 -544.2 2204.8 0.7324309945 0.4623055756 -0.4998183250 -0.1649251580 0.8327278495 0.5285489559 0.6605637670 -0.3046930134 0.6861615181
-280.8 -506.6 2641.9 0.4483391643 -0.8796485662 -0.1587779820 -0.2258924842 0.0603652708 -0.9722800851 0.8648494482 0.4717780054 -0.1716418862
60.0 -529.9 2459.1 0.4483391643 0.5876983404 -0.6735002995 -0.2258924842 0.8035079241 0.5507700443 0.8648494482 -0.0947931111 0.4930006862
-89.8 -247.9 2480.0 0 0 0 0 0 0 0 0 0
-25.1 -190.7 2644.0 0 0 0 0 0 0 0 0 0
-316.2 -862.3 2321.2 0 0 0 0 0 0 0 0 0
-164.4 -836.7 2495.3 0 0 0 0 0 0 0 0 0
-225.1 99.8 2679.8 63 0.5415703654 0.2024834603 -0.8159056306 -0.2681547701 0.9614670277 0.0606154427 0.7967399359 0.1859614551 0.5749989748
-266.6 -97.5 2641.7 0.5415703654 0.2024834603 -0.8159056306 -0.2681547701 0.9614670277 0.0606154427 0.7967399359 0.1859614551 0.5749989748
-301.0 -290.0 2606.7 0.5464249849 0.1731825024 -0.8194068074 -0.2432074100 0.9690373540 0.0426231585 0.8014174104 0.1759954542 0.5716255307
-346.4 -61.9 2524.6 -0.1018900573 0.2776096165 -0.9552755356 0.8091318607 0.5817694664 0.0827638805 0.5787262321 -0.7645110488 -0.2838993073
-323.8 -241.6 2396.1 -0.9437087774 0.2776096165 0.1798516363 0.0161603726 0.5817694664 -0.8131931424 -0.3303824365 -0.7645110488 -0.5535072684
-186.8 -133.0 2758.7 0.5095597506 0.4192028046 -0.7514106035 -0.3564101756 0.8976821899 0.2591108382 0.7831479311 0.1357779205 0.6068308353
-3.9 -260.9 3039.9 -0.0517307669 0.4192028046 0.9064176083 0.1729269773 0.8976821899 -0.4052936137 -0.9835752249 0.1357779205 -0.1189292669
-385.4 -461.5 2498.7 0.7356161475 -0.6243494749 -0.2627862394 -0.1602810323 0.2164934874 -0.9630371332 0.6581632495 0.7505453229 0.0591847226
-142.0 -545.9 2206.1 0.7356161475 0.4581947625 -0.4989252985 -0.1602810323 0.8333489299 0.5289986134 0.6581632495 -0.3091716468 0.6864648461
-284.6 -504.8 2645.6 0.4539997280 -0.8765761852 -0.1596822143 -0.2254550457 0.0603661202 -0.9723815918 0.8620059490 0.4774621427 -0.1702223271
57.5 -528.4 2459.2 0.4539997280 0.5713866949 -0.6836676598 -0.2254550457 0.8160015345 0.5322701335 0.8620059490 -0.0875141695 0.4992865026
-91.1 -245.6 2477.6 0 0 0 0 0 0 0 0 0
-24.6 -191.7 2646.3 0 0 0 0 0 0 0 0 0
-317.1 -864.3 2324.2 0 0 0 0 0 0 0 0 0
-160.7 -840.0 2492.7 0 0 0 0 0 0 0 0 0
-224.4 101.7 2677.3 64 0.5343759656 0.2108846158 -0.8185169697 -0.2659425139 0.9611437917 0.0740084201 0.8023197055 0.1781301200 0.5696952939
-267.7 -95.3 2640.8 0.5343759656 0.2108846158 -0.8185169697 -0.2659425139 0.9611437917 0.0740084201 0.8023197055 0.1781301200 0.5696952939
-303.7 -288.0 2608.3 0.5402537584 0.1811445206 -0.8217740059 -0.2369917333 0.9697808623 0.0579658411 0.8074408770 0.1634373814 0.5668574572
-346.6 -60.7 2522.9 -0.1047130972 0.2923506796 -0.9505609870 0.8186196685 0.5680802464 0.0845379159 0.5647096634 -0.7692957520 -0.2988094687
-323.1 -243.9 2396.5 -0.9383605123 0.2923506796 0.1844197363 0.0152737610 0.5680802464 -0.8228314519 -0.3453205526 -0.7692957520 -0.5375293493
-188.8 -129.9 2758.7 0.5024480224 0.4266982079 -0.7519804835 -0.3500990570 0.8956514597 0.2742974162 0.7905546427 0.1254474670 0.5994049907
-8.4 -255.6 3042.5 -0.0453344919 0.4266982079 0.9032571316 0.1597167850 0.8956514597 -0.4150891006 -0.9861213565 0.1254474670 -0.1087547690
-385.6 -460.3 2498.3 0.7329618335 -0.6245609522 -0.2696119249 -0.1607187688 0.2261243761 -0.9607482553 0.6610116959 0.7475234866 0.0653618723
-142.6 -548.2 2207.5 0.7329618335 0.4602875113 -0.5009015203 -0.1607187688 0.8326522708 0.5299618840 0.6610116959 -0.3079375625 0.6842792034
-285.4 -504.9 2645.2 0.4580452442 -0.8777458668 -0.1405588835 -0.1837036610 0.0612407550 -0.9810721278 0.8697399497 0.4751966000 -0.1331940889
61.2 -529.0 2457.6 0.4580452442 0.5806596279 -0.6730742455 -0.1837036610 0.8026617169 0.5674391389 0.8697399497 -0.1362665743 0.4743246734
-85.6 -247.8 2483.9 0 0 0 0 0 0 0 0 0
-26.5 -191.7 2647.9 0 0 0 0 0 0 0 0 0
-318.5 -866.4 2325.2 0 0 0 0 0 0 0 0 0
-160.4 -835.3 2509.6 0 0 0 0 0 0 0 0 0
-224.5 102.1 2676.0 65 0.5384102464 0.2176953405 -0.8140780926 -0.2621391118 0.9613919854 0.0837169811 0.8008729219 0.1683276445 0.5746897459
-269.3 -95.3 2641.5 0.5384102464 0.2176953405 -0.8140780926 -0.2621391118 0.9613919854 0.0837169811 0.8008729219 0.1683276445 0.5746897459
-306.7 -288.1 2611.0 0.5445213914 0.1884078979 -0.8173120022 -0.2330743223 0.9700549245 0.0683362707 0.8057126403 0.1532838792 0.5721286535
-348.8 -61.3 2523.8 -0.1184700876 0.2923806310 -0.9489353895 0.8189229369 0.5692228675 0.0731470883 0.5615425706 -0.7684392333 -0.3068730831
-322.2 -245.1 2397.8 -0.9380097985 0.2923806310 0.1861482859 0.0142907389 0.5692228675 -0.8220590353 -0.3463140130 -0.7684392333 -0.5381149650
-189.7 -129.4 2759.1 0.5058848858 0.4332119823 -0.7459275126 -0.3460878432 0.8940241337 0.2845066488 0.7901289463 0.1142288446 0.6022026539
-8.1 -253.6 3042.8 -0.0513905250 0.4332119823 0.8998257518 0.1510348022 0.8940241337 -0.4217929840 -0.9871917367 0.1142288446 -0.1113744527
-389.2 -459.0 2501.8 0.7311668992 -0.6264362931 -0.2701343000 -0.1547741890 0.2333257645 -0.9600021243 0.6644094586 0.7437315583 0.0736439005
-141.6 -551.2 2207.8 0.7311668992 0.4620500505 -0.5019010901 -0.1547741890 0.8288789392 0.5375915170 0.6644094586 -0.3153877854 0.6775622368
-291.8 -503.4 2652.1 0.4716107249 -0.8706040978 -0.1401134878 -0.1639762223 0.0695381165 -0.9840102792 0.8664266467 0.4870450795 -0.1099634469
59.3 -531.5 2455.7 0.4716107249 0.5844610333 -0.6602943540 -0.1639762223 0.7938631177 0.5855708122 0.8664266467 -0.1678888947 0.4702320695
-81.6 -248.7 2486.6 0 0 0 0 0 0 0 0 0
-28.7 -193.2 2647.7 0 0 0 0 0 0 0 0 0
-318.2 -867.9 2328.4 0 0 0 0 0 0 0 0 0
-163.7 -834.4 2519.7 0 0 0 0 0 0 0 0 0
-225.6 100.2 2676.9 66 0.5335001945 0.2124857455 -0.8186741471 -0.2621809542 0.9617977738 0.0787794665 0.8041384816 0.1726119071 0.5688290000
-269.0 -95.9 2641.7 0.5335001945 0.2124857455 -0.8186741471 -0.2621809542 0.9617977738 0.0787794665 0.8041384816 0.1726119071 0.5688290000
-305.8 -288.6 2610.1 0.5389575362 0.1856363863 -0.8216227293 -0.2357049435 0.9696835876 0.0644743741 0.8086828589 0.1589116007 0.5663736463
-347.7 -61.5 2523.6 -0.1119337752 0.3031468391 -0.9463471174 0.8157075047 0.5719264746 0.0867255703 0.5675315261 -0.7622349262 -0.3112970591
-322.5 -244.8 2396.0 -0.9355357289 0.3031468391 0.1813143045 0.0264253858 0.5719264746 -0.8198791146 -0.3522422314 -0.7622349262 -0.5430684686
-190.2 -130.3 2759.8 0.5006275773 0.4308496416 -0.7508265972 -0.3487127721 0.8942298293 0.2806285620 0.7923202515 0.1213324368 0.5979189277
-10.5 -255.5 3044.3 -0.0443642028 0.4308496416 0.9013325572 0.1552779078 0.8942298293 -0.4198115766 -0.9868741632 0.1213324368 -0.1065732241
-394.1 -459.5 2506.7 0.7338495851 -0.6283635497 -0.2581161857 -0.1466870755 0.2244239599 -0.9633882046 0.6632854939 0.7448443770 0.0725206211
-141.8 -549.5 2207.7 0.7338495851 0.4554139972 -0.5040464401 -0.1466870755 0.8307250142 0.5370091796 0.6632854939 -0.3201468587 0.6764305830
-295.0 -502.7 2655.6 0.4693984389 -0.8719953895 -0.1388854384 -0.1749355048 0.0623340830 -0.9826047421 0.8654840589 0.4855290949 -0.1232834384
59.7 -528.1 2458.1 0.4693984389 0.5650563240 -0.6785104871 -0.1749355048 0.8127070069 0.5557920933 0.8654840589 -0.1421923488 0.4803318083
-81.0 -251.6 2487.0 0 0 0 0 0 0 0 0 0
-28.3 -193.3 2649.3 0 0 0 0 0 0 0 0 0
-315.9 -867.0 2330.0 0 0 0 0 0 0 0 0 0
-155.9 -838.2 2512.3 0 0 0 0 0 0 0 0 0
-226.8 101.7 2676.3 67 0.5284321904 0.2097238153 -0.8226635456 -0.2574535608 0.9629635811 0.0801173598 0.8089975715 0.1694610864 0.5628551245
-269.7 -95.3 2641.7 0.5284321904 0.2097238153 -0.8226635456 -0.2574535608 0.9629635811 0.0801173598 0.8089975715 0.1694610864 0.5628551245
-305.7 -288.3 2611.1 0.5343050361 0.1811365038 -0.8256559372 -0.2283893824 0.9713768959 0.0653083473 0.8138528466 0.1536764652 0.5603812337
-347.7 -62.0 2522.8 -0.1121871546 0.3181234896 -0.9413880706 0.8147113919 0.5718393922 0.0961509943 0.5689106584 -0.7561726570 -0.3233318925
-322.5 -244.9 2395.0 -0.9296330810 0.3181234896 0.1859564930 0.0317084678 0.5718393922 -0.8197525740 -0.3671197891 -0.7561726570 -0.5416880250
-191.6 -128.7 2760.5 0.4964854121 0.4268628359 -0.7558375001 -0.3416398168 0.8965510130 0.2819192410 0.7979877591 0.1182554066 0.5909578800
-13.4 -251.3 3047.0 -0.0382375345 0.4268628359 0.9035075903 0.1485449970 0.8965510130 -0.4172896147 -0.9881660938 0.1182554066 -0.0976902395
-392.2 -459.6 2504.4 0.7381944060 -0.6277486086 -0.2469831854 -0.1457308978 0.2090801299 -0.9669787884 0.6586588621 0.7498114109 0.0628594160
-140.1 -543.6 2203.4 0.7381944060 0.4544804394 -0.4985143542 -0.1457308978 0.8289794922 0.5399588346 0.6586588621 -0.3259456456 0.6781798601
-293.7 -503.1 2653.3 0.4531559944 -0.8772137165 -0.1585740000 -0.2273072004 0.0582987256 -0.9720764756 0.8619635105 0.4765473008 -0.1729785800
61.3 -526.7 2460.5 0.4531559944 0.5785506964 -0.6781804562 -0.2273072004 0.8106223941 0.5396506190 0.8619635105 -0.0903906301 0.4988471270
-81.8 -253.1 2490.1 0 0 0 0 0 0 0 0 0
-28.7 -191.9 2651.6 0 0 0 0 0 0 0 0 0
-313.8 -860.3 2327.9 0 0 0 0 0 0 0 0 0
-159.4 -835.8 2494.9 0 0 0 0 0 0 0 0 0
-226.4 101.2 2676.5 68 0.5432919264 0.2067322433 -0.8136925697 -0.2539409697 0.9642734528 0.0754367486 0.8002173901 0.1656457186 0.5763797760
-268.7 -96.0 2642.7 0.5432919264 0.2067322433 -0.8136925697 -0.2539409697 0.9642734528 0.0754367486 0.8002173901 0.1656457186 0.5763797760
-304.3 -289.0 2611.5 0.5478751063 0.1792823970 -0.8171234131 -0.2309609503 0.9712187052 0.0582343750 0.8040459752 0.1568184346 0.5735138059
-348.7 -62.3 2525.2 -0.1164120063 0.3138204217 -0.9423189163 0.8079771399 0.5816832185 0.0939022154 0.5775995255 -0.7504407763 -0.3212746382
-322.3 -245.3 2394.4 -0.9303277731 0.3138204217 0.1897550821 0.0304219127 0.5816832185 -0.8128463030 -0.3654651344 -0.7504407763 -0.5507030487
-188.6 -129.7 2760.1 0.5103057027 0.4247512817 -0.7477796674 -0.3442795575 0.8977009058 0.2749630511 0.7880733609 0.1171300411 0.6043350697
-5.4 -253.3 3043.0 -0.0542343594 0.4247512817 0.9036841393 0.1543804407 0.8977009058 -0.4126739204 -0.9865218401 0.1171300411 -0.1142595187
-390.7 -460.4 2506.0 0.7407473922 -0.6224059463 -0.2527925968 -0.1513943523 0.2119543999 -0.9654818177 0.6545021534 0.7534494996 0.0627759174
-142.9 -544.8 2206.0 0.7407473922 0.4513462484 -0.4975739717 -0.1513943523 0.8337802291 0.5309333801 0.6545021534 -0.3179576397 0.6859518290
-292.9 -502.4 2655.5 0.4604266584 -0.8735802770 -0.1576856077 -0.2155487984 0.0622963123 -0.9745039344 0.8611306548 0.4826765358 -0.1596162915
55.6 -527.3 2463.0 0.4604266584 0.5534176826 -0.6940721273 -0.2155487984 0.8281781673 0.5173583627 0.8611306548 -0.0885991603 0.5006038547
-81.0 -253.2 2489.2 0 0 0 0 0 0 0 0 0
-27.1 -191.5 2648.2 0 0 0 0 0 0 0 0 0
-315.4 -863.4 2327.5 0 0 0 0 0 0 0 0 0
-155.6 -843.3 2496.8 0 0 0 0 0 0 0 0 0
-228.0 99.3 2676.2 69 0.5474668741 0.1989239752 -0.8128402233 -0.2500711977 0.9658409357 0.0679385960 0.7985889912 0.1660737991 0.5785111189
-268.7 -98.2 2642.2 0.5474668741 0.1989239752 -0.8128402233 -0.2500711977 0.9658409357 0.0679385960 0.7985889912 0.1660737991 0.5785111189
-302.3 -291.6 2611.2 0.5522592068 0.1694120169 -0.8162777424 -0.2248439044 0.9731191397 0.0498432815 0.8027795553 0.1560086459 0.5755052567
-349.3 -65.4 2524.9 -0.1205956489 0.3102215528 -0.9429842234 0.8072180152 0.5835444927 0.0887407139 0.5778025389 -0.7504920959 -0.3207893372
-322.4 -245.5 2396.0 -0.9321106076 0.3102215528 0.1869022697 0.0315010920 0.5835444927 -0.8114699721 -0.3608012497 -0.7504920959 -0.5537003279
-188.0 -131.1 2759.5 0.5158482194 0.4155443311 -0.7491485476 -0.3385589421 0.9021787643 0.2673037946 0.7869424820 0.1157427579 0.6060735583
-2.8 -252.6 3042.0 -0.0582888573 0.4155443311 0.9077033401 0.1534011662 0.9021787643 -0.4031644464 -0.9864433408 0.1157427579 -0.1163319573
-390.2 -460.8 2506.6 0.7371186018 -0.6247963309 -0.2574602067 -0.1644019336 0.2037414610 -0.9651224613 0.6554602981 0.7537366748 0.0474638902
-140.5 -542.2 2205.5 0.7371186018 0.4598107636 -0.4952072799 -0.1644019336 0.8328153491 0.5285741091 0.6554602981 -0.3082087636 0.6894774437
-289.8 -503.2 2654.2 0.4476410449 -0.8772063255 -0.1735699773 -0.2458840460 0.0658733100 -0.9670583010 0.8597432971 0.4755730927 -0.1862034500
58.9 -529.4 2465.2 0.4476410449 0.5824791789 -0.6784802675 -0.2458840460 0.8096759915 0.5328844786 0.8597432971 -0.0717134923 0.5056665540
-80.4 -253.7 2489.7 0 0 0 0 0 0 0 0 0
-26.1 -191.2 2647.2 0 0 0 0 0 0 0 0 0
-316.2 -860.4 2323.2 0 0 0 0 0 0 0 0 0
-163.3 -838.4 2492.5 0 0 0 0 0 0 0 0 0
-229.2 101.2 2675.5 70 0.5582689047 0.1933621466 -0.8068128228 -0.2552995682 0.9653136730 0.0546958633 0.7894035578 0.1754439622 0.5882698894
-268.8 -96.4 2639.6 0.5582689047 0.1933621466 -0.8068128228 -0.2552995682 0.9653136730 0.0546958633 0.7894035578 0.1754439622 0.5882698894
-301.8 -289.5 2606.3 0.5624604225 0.1659070402 -0.8100081086 -0.2326994091 0.9718267322 0.0374671444 0.7934036255 0.1674146205 0.5852205157
-351.0 -62.4 2523.7 -0.1279627681 0.3133123219 -0.9409893155 0.8201770782 0.5668753386 0.0772133246 0.5576155186 -0.7618974447 -0.3295105398
-322.4 -245.6 2399.1 -0.9328595996 0.3133123219 0.1777872741 0.0335190147 0.5668753386 -0.8231213689 -0.3586772978 -0.7618974447 -0.5393170714
-186.6 -130.4 2755.4 0.5264871716 0.4119496942 -0.7437127829 -0.3463881910 0.9028077126 0.2548597157 0.7764190435 0.1234329566 0.6180111766
2.4 -254.7 3034.2 -0.0702096000 0.4119496942 0.9084976912 0.1665069610 0.9028077126 -0.3965018094 -0.9835374951 0.1234329566 -0.1319782585
-386.6 -464.3 2506.6 0.7427141666 -0.6182706952 -0.2571323216 -0.1615726203 0.2071847916 -0.9648672342 0.6498230100 0.7581660748 0.0539834686
-143.6 -545.8 2208.5 0.7427141666 0.4495311677 -0.4962835908 -0.1615726203 0.8395666480 0.5186734200 0.6498230100 -0.3050402701 0.6961899400
-285.4 -505.6 2653.9 0.4534191787 -0.8731638789 -0.1788740605 -0.2631350160 0.0606060922 -0.9628534913 0.8515697122 0.4836442769 -0.2022800297
60.9 -529.6 2462.1 0.4534191787 0.5975517631 -0.6613190770 -0.2631350160 0.7986463308 0.5412244797 0.8515697122 -0.0713853613 0.5193583965
-80.1 -254.3 2492.3 0 0 0 0 0 0 0 0 0
-25.7 -188.1 2640.6 0 0 0 0 0 0 0 0 0
-315.3 -866.6 2325.1 0 0 0 0 0 0 0 0 0
-167.2 -834.6 2489.3 0 0 0 0 0 0 0 0 0
-228.9 104.4 2675.6 71 0.5717223883 0.2033249438 -0.7948537469 -0.2671542764 0.9621418715 0.0539588220 0.7757332921 0.1814991236 0.6043971777
-270.6 -93.0 2638.4 0.5717223883 0.2033249438 -0.7948537469 -0.2671542764 0.9621418715 0.0539588220 0.7757332921 0.1814991236 0.6043971777
-305.5 -285.6 2603.8 0.5761574507 0.1755488217 -0.7982638478 -0.2445490360 0.9689467549 0.0365777761 0.7798963785 0.1741400957 0.6011961699
-354.8 -57.3 2524.5 -0.1424064040 0.3147430420 -0.9384334087 0.8271522522 0.5585674047 0.0618194453 0.5436355472 -0.7674238086 -0.3398839831
-322.3 -245.7 2400.7 -0.9332306981 0.3147430420 0.1732549667 0.0345272049 0.5585674047 -0.8287402391 -0.3576147854 -0.7674238086 -0.5321394205
-186.5 -128.7 2752.3 0.5391100645 0.4202316403 -0.7299079895 -0.3578215837 0.8988103271 0.2531871498 0.7624461055 0.1246810779 0.6349256635
7.0 -257.2 3026.0 -0.0881279781 0.4202316403 0.9031272531 0.1771783084 0.8988103271 -0.4009337425 -0.9802251458 0.1246810779 -0.1536662728
-386.3 -461.2 2500.3 0.7345185876 -0.6240202785 -0.2666104734 -0.1627682745 0.2194039077 -0.9619607329 0.6587783694 0.7499737740 0.0595855489
-143.5 -546.6 2208.5 0.7345185876 0.4576830864 -0.5010076165 -0.1627682745 0.8355842829 0.5246955752 0.6587783694 -0.3038504720 0.6882484555
-283.2 -503.9 2645.8 0.4491628408 -0.8795151711 -0.1571808010 -0.2277047038 0.0574279949 -0.9720352888 0.8639463782 0.4723929167 -0.1744752228
62.1 -526.5 2460.3 0.4491628408 0.5892938375 -0.6715545654 -0.2277047038 0.8023248911 0.5517475605 0.8639463782 -0.0949083567 0.4945594966
-79.9 -254.6 2493.6 0 0 0 0 0 0 0 0 0
-28.2 -186.3 2633.7 0 0 0 0 0 0 0 0 0
-318.4 -865.9 2324.6 0 0 0 0 0 0 0 0 0
-162.9 -832.8 2496.6 0 0 0 0 0 0 0 0 0
-228.8 102.6 2665.7 72 0.5395653844 0.2067336589 -0.8161681294 -0.2459139079 0.9658113718 0.0820652917 0.8052300811 0.1564275026 0.5719571114
-271.2 -95.1 2633.7 0.5395653844 0.2067336589 -0.8161681294 -0.2459139079 0.9658113718 0.0820652917 0.8052300811 0.1564275026 0.5719571114
-306.9 -288.2 2604.0 0.5438477993 0.1795405447 -0.8197528720 -0.2244261950 0.9723820686 0.0640782267 0.8086175919 0.1491252184 0.5691214800
-350.5 -62.4 2515.6 -0.1125959530 0.2864165306 -0.9514660835 0.8481977582 0.5264824629 0.0581099577 0.5175738931 -0.8004884720 -0.3022176623
-326.3 -245.0 2404.2 -0.9446954727 0.2864165306 0.1597373635 0.0158892944 0.5264824629 -0.8500375152 -0.3275637329 -0.8004884720 -0.5019165874
-191.8 -127.8 2751.7 0.5062375665 0.4251177609 -0.7503321767 -0.3378436863 0.8982762098 0.2810008824 0.7934640050 0.1112417877 0.5983645320
-10.1 -249.1 3036.5 -0.0494328514 0.4251177609 0.9037871957 0.1457581371 0.8982762098 -0.4145532846 -0.9880844951 0.1112417877 -0.1063687280
-393.3 -455.7 2497.7 0.7178478837 -0.6364573240 -0.2821639478 -0.1619216204 0.2415478826 -0.9567841887 0.6771084070 0.7325139642 0.0703384280
-142.6 -550.8 2209.2 0.7178478837 0.4704831541 -0.5131666660 -0.1619216204 0.8297106624 0.5341925025 0.6771084070 -0.3003761768 0.6717874408
-287.6 -500.5 2640.7 0.4341908693 -0.8874092102 -0.1548652500 -0.2129091620 0.0659517422 -0.9748436213 0.8752987981 0.4562404156 -0.1603019089
64.9 -526.7 2459.5 0.4341908693 0.5933456421 -0.6778047085 -0.2129091620 0.7987058163 0.5627954602 0.8752987981 -0.1000498086 0.4731194973
-84.7 -249.1 2488.0 0 0 0 0 0 0 0 0 0
-29.9 -190.8 2641.1 0 0 0 0 0 0 0 0 0
-322.4 -867.8 2324.0 0 0 0 0 0 0 0 0 0
-161.8 -831.8 2497.7 0 0 0 0 0 0 0 0 0
-226.2 105.0 2661.7 73 0.6428278089 0.2082312703 -0.7371649146 -0.2519581914 0.9662728310 0.0532343425 0.7233874798 0.1515142322 0.6736125946
-268.7 -92.4 2630.8 0.6428278089 0.2082312703 -0.7371649146 -0.2519581914 0.9662728310 0.0532343425 0.7233874798 0.1515142322 0.6736125946
-305.0 -285.1 2599.2 0.6458273530 0.1803537309 -0.7418757081 -0.2370036542 0.9710531831 0.0297484193 0.7257660031 0.1566148996 0.6698772311
-362.6 -58.0 2525.3 -0.1695709825 0.3022568226 -0.9380226731 0.8264481425 0.5621181130 0.0317288861 0.5368698239 -0.7698467970 -0.3451184928
-323.9 -246.5 2402.8 -0.9358384013 0.3022568226 0.1812383384 0.0214352682 0.5621181130 -0.8267791271 -0.3517769873 -0.7698467970 -0.5325306654
-174.9 -126.8 2736.3 0.6085438132 0.4203692377 -0.6730261445 -0.3506842256 0.9033025503 0.2471135706 0.7118251324 0.0856402218 0.6971160173
43.6 -252.7 2991.8 -0.1769123524 0.4203692377 0.8899391890 0.1741693765 0.9033025503 -0.3920581341 -0.9686934948 0.0856402218 -0.2330208123
-392.6 -460.9 2500.3 0.7249206901 -0.6349570155 -0.2670572996 -0.1577564627 0.2243548781 -0.9616536498 0.6705243587 0.7392526269 0.0624709092
-139.9 -550.1 2206.2 0.7249206901 0.4741019011 -0.4997173548 -0.1577564627 0.8204416633 0.5495346785 0.6705243587 -0.3195354044 0.6695477366
-292.9 -501.9 2648.4 0.4506303072 -0.8792667985 -0.1543443799 -0.2082427442 0.0645887107 -0.9759422541 0.8680825233 0.4719302654 -0.1539953053
60.9 -527.9 2458.5 0.4506303072 0.5797567368 -0.6788331270 -0.2082427442 0.8077070117 0.5515834689 0.8680825233 -0.1071981639 0.4847074151
-82.7 -252.0 2493.5 0 0 0 0 0 0 0 0 0
-27.2 -183.0 2604.2 0 0 0 0 0 0 0 0 0
-321.1 -863.6 2328.2 0 0 0 0 0 0 0 0 0
-160.5 -836.5 2499.4 0 0 0 0 0 0 0 0 0
-225.6 107.1 2668.2 74 0.6374746561 0.2064034641 -0.7423096895 -0.2609239519 0.9643529058 0.0440697372 0.7249446511 0.1655930281 0.6686061621
-268.1 -91.6 2634.1 0.6374746561 0.2064034641 -0.7423096895 -0.2609239519 0.9643529058 0.0440697372 0.7249446511 0.1655930281 0.6686061621
-303.5 -284.1 2600.0 0.6406762004 0.1767562479 -0.7471889257 -0.2447662801 0.9693871140 0.0194452871 0.7277523279 0.1704285145 0.6643272042
-361.5 -56.0 2528.1 -0.1685692370 0.3093697727 -0.9358817935 0.8232108355 0.5663976669 0.0389560871 0.5421330929 -0.7638612390 -0.3501537740
-322.6 -246.1 2402.9 -0.9336602688 0.3093697727 0.1804683805 0.0284743030 0.5663976669 -0.8236400485 -0.3570261896 -0.7638612390 -0.5376321077
