-254.8 118.9 2675.4 3 0.5840168595 0.1188190356 -0.8029983640 -0.2198433876 0.9754110575 -0.0155602349 0.7814046144 0.1856213212 0.5957780480
-279.3 -81.7 2637.2 0.5840168595 0.1188190356 -0.8029983640 -0.2198433876 0.9754110575 -0.0155602349 0.7814046144 0.1856213212 0.5957780480
-297.5 -276.2 2601.3 0.5862451196 0.0912007540 -0.8049839139 -0.1991035789 0.9793870449 -0.0340412483 0.7852862477 0.1802316904 0.5923192501
-364.2 -53.0 2523.5 -0.3572996855 0.1120496169 -0.9272441864 0.7442910075 0.6339145303 -0.2101982087 0.5642409325 -0.7652432919 -0.3098949790
-275.9 -236.9 2384.0 -0.8372834921 0.1120496169 0.5351646543 -0.3545099199 0.6339145303 -0.6873682141 -0.4162679911 -0.7652432919 -0.4910434783
-194.3 -110.4 2751.0 0.4646315277 0.5289339423 -0.7101735473 -0.1465706229 0.8368747830 0.5274065137 0.8732895255 -0.1409590989 0.4663645923
-38.3 -159.6 3044.3 -0.2901418805 0.5267145038 0.7989928126 0.0130002052 0.8369997740 -0.5470488071 -0.9568953514 -0.1483346969 -0.2496960908
-366.5 -452.9 2493.7 0.7465287447 -0.5965482593 -0.2946609259 -0.1671362817 0.2605285943 -0.9508892298 0.6440188885 0.7591146827 0.0947872177
-140.6 -551.6 2206.2 0.7465287447 0.4642143548 -0.4766549170 -0.1671362817 0.8242601156 0.5409812331 0.6440188885 -0.3241916895 0.6929209232
-280.3 -489.9 2652.6 0.4591714442 -0.8734396696 -0.1620639861 -0.1257855445 0.1166697294 -0.9851731658 0.8793972731 0.4727486968 -0.0562946722
68.6 -536.5 2463.8 0.4591714442 0.6029947400 -0.6523487568 -0.1257855445 0.7710727453 0.6241993904 0.8793972731 -0.2045584917 0.4299025834
-52.0 -142.1 2495.4 0 0 0 0 0 0 0 0 0
-108.4 -156.4 2812.9 0 0 0 0 0 0 0 0 0
-317.9 -866.5 2330.0 0 0 0 0 0 0 0 0 0
-161.6 -830.9 2541.9 0 0 0 0 0 0 0 0 0
-252.8 121.9 2675.6 4 0.6056464314 0.1250094473 -0.7858530283 -0.2281296700 0.9734048843 -0.0209722724 0.7623314261 0.1919781715 0.6180575490
-278.5 -78.0 2636.2 0.6056464314 0.1250094473 -0.7858530283 -0.2281296700 0.9734048843 -0.0209722724 0.7623314261 0.1919781715 0.6180575490
-298.1 -272.1 2598.6 0.6078178883 0.0982345790 -0.7879768014 -0.2091579735 0.9770826697 -0.0395273678 0.7660354972 0.1888370663 0.6144348383
-366.9 -47.7 2524.8 -0.3895816505 0.1298994422 -0.9117851853 0.7536923289 0.6139435172 -0.2345659882 0.5293146372 -0.7785881758 -0.3370853364
-267.7 -239.5 2390.0 -0.8362698555 0.1298994422 0.5327090025 -0.3540416956 0.6139435172 -0.7054982781 -0.4186970592 -0.7785881758 -0.4674326181
-190.1 -108.3 2747.5 0.4888514280 0.5267289877 -0.6953997612 -0.1582213044 0.8374546766 0.5231019258 0.8578987718 -0.1456920803 0.4927306771
-25.3 -161.7 3036.7 -0.3170417845 0.5244349837 0.7902230024 0.0257812664 0.8376645446 -0.5455762148 -0.9480611086 -0.1525975019 -0.2790952623
-369.1 -452.7 2493.9 0.7460905910 -0.5990144610 -0.2907412946 -0.1608642042 0.2615561187 -0.9516885281 0.6461203694 0.7568157911 0.0987845808
-141.0 -552.3 2205.7 0.7460905910 0.4664402604 -0.4751655459 -0.1608642042 0.8187592626 0.5511406064 0.6461203694 -0.3347636759 0.6859021783
-263.2 -489.0 2637.8 0.4417653680 -0.8818614483 -0.1648143679 -0.1405506134 0.1134121791 -0.9835563898 0.8860524297 0.4576659203 -0.0738446042
68.2 -531.6 2465.8 0.4417653680 0.5938548446 -0.6724431515 -0.1405506134 0.7861064672 0.6018987894 0.8860524297 -0.1713857204 0.4307412803
-41.6 -143.8 2503.2 0 0 0 0 0 0 0 0 0
-102.2 -155.4 2806.7 0 0 0 0 0 0 0 0 0
-319.2 -865.1 2333.6 0 0 0 0 0 0 0 0 0
-158.5 -831.7 2531.2 0 0 0 0 0 0 0 0 0
-255.7 122.8 2676.2 5 0.5617520213 0.1200452968 -0.8185498118 -0.2256019413 0.9741461277 -0.0119610224 0.7959512472 0.1913855523 0.5743110180
-280.3 -76.4 2637.0 0.5617520213 0.1200452968 -0.8185498118 -0.2256019413 0.9741461277 -0.0119610224 0.7959512472 0.1913855523 0.5743110180
-299.7 -270.6 2599.5 0.5634119511 0.0975093916 -0.8204016685 -0.2107140422 0.9771301150 -0.0285706874 0.7988532782 0.1889672130 0.5710734129
-362.3 -45.8 2520.8 -0.3714781106 0.1863842160 -0.9095410705 0.7715093493 0.6069576144 -0.1907242239 0.5165048838 -0.7725692987 -0.3692686558
-268.0 -241.6 2389.7 -0.8822999001 0.1863842160 0.4322126806 -0.2425271869 0.6069576144 -0.7568243146 -0.4033948779 -0.7725692987 -0.4903154075
-198.3 -107.0 2753.3 0.4399512112 0.5422211885 -0.7158485651 -0.1584026217 0.8314970136 0.5324671865 0.8839409351 -0.1208672971 0.4517073929
-49.9 -160.5 3051.5 -0.2648020685 0.5403245687 0.7987047434 0.0238711294 0.8316909075 -0.5547255278 -0.9640072584 -0.1278264821 -0.2331316471
-373.2 -447.2 2491.1 0.7342281342 -0.6074988246 -0.3030746877 -0.1675675660 0.2704438567 -0.9480407238 0.6578983068 0.7468636632 0.0967703909
-142.0 -550.1 2206.8 0.7342281342 0.4642719626 -0.4953388870 -0.1675675660 0.8309736848 0.5304751396 0.6578983068 -0.3064870238 0.6879211664
-262.6 -485.4 2631.5 0.4236902893 -0.8884659410 -0.1763938367 -0.1550280005 0.1207373962 -0.9805043340 0.8924420476 0.4427761734 -0.0865818337
69.1 -530.5 2466.1 0.4236902893 0.6018037200 -0.6769924760 -0.1550280005 0.7845410109 0.6003846526 0.8924420476 -0.1494243592 0.4256988466
-28.9 -175.9 2499.0 0 0 0 0 0 0 0 0 0
-114.2 -154.7 2817.4 0 0 0 0 0 0 0 0 0
-319.3 -867.5 2323.8 0 0 0 0 0 0 0 0 0
-160.7 -830.0 2523.2 0 0 0 0 0 0 0 0 0
-257.8 124.2 2686.0 6 0.4927265346 0.1237035841 -0.8613466024 -0.2214492559 0.9750803709 0.0133593325 0.8415347934 0.1841620654 0.5078420639
-283.2 -75.7 2648.2 0.4927265346 0.1237035841 -0.8613466024 -0.2214492559 0.9750803709 0.0133593325 0.8415347934 0.1841620654 0.5078420639
-303.2 -270.1 2612.7 0.4946206510 0.1004758179 -0.8632815480 -0.2049411237 0.9787680507 -0.0035047571 0.8446002603 0.1786554158 0.5047104955
-355.0 -46.0 2525.5 -0.3612094522 0.2619098723 -0.8949474692 0.7729514241 0.6209524870 -0.1302464902 0.5216069818 -0.7387971878 -0.4267375171
-262.3 -244.3 2391.6 -0.8690238595 0.2619098723 0.4197627604 -0.1812180430 0.6209524870 -0.7626126409 -0.4603885114 -0.7387971878 -0.4921596944
-211.3 -105.4 2771.0 0.3657687008 0.5653830171 -0.7392937541 -0.1486100852 0.8196242452 0.5532912016 0.9187645316 -0.0925100744 0.3838145137
-88.1 -155.5 3080.5 -0.1874233335 0.5640200377 0.8042101264 0.0094504077 0.8197159171 -0.5726923347 -0.9822337627 -0.0997357890 -0.1589640975
-370.6 -445.5 2488.9 0.7319849133 -0.6056682467 -0.3120322526 -0.1705991179 0.2804583609 -0.9445840716 0.6596165895 0.7446537018 0.1019648314
-139.1 -552.7 2204.3 0.7319849133 0.4742768109 -0.4891417027 -0.1705991179 0.8226482868 0.5423520803 0.6596165895 -0.3135463893 0.6830772758
-267.9 -484.0 2635.1 0.4306084812 -0.8838084340 -0.1829179376 -0.1547109783 0.1273886114 -0.9797125459 0.8891798854 0.4501719475 -0.0818802565
66.1 -532.1 2465.0 0.4306084812 0.5977859497 -0.6761866212 -0.1547109783 0.7870053649 0.5972328782 0.8891798854 -0.1525600404 0.4313752353
-24.9 -194.8 2517.4 0 0 0 0 0 0 0 0 0
-133.5 -153.2 2842.3 0 0 0 0 0 0 0 0 0
-320.3 -866.9 2324.1 0 0 0 0 0 0 0 0 0
-162.2 -832.8 2523.3 0 0 0 0 0 0 0 0 0
-261.1 124.2 2690.4 7 0.4611118436 0.1187884435 -0.8793549538 -0.2182371318 0.9757411480 0.0173707437 0.8600862622 0.1838980466 0.4758498371
-285.5 -76.2 2652.6 0.4611118436 0.1187884435 -0.8793549538 -0.2182371318 0.9757411480 0.0173707437 0.8600862622 0.1838980466 0.4758498371
-305.1 -270.9 2618.4 0.4633410573 0.0986009687 -0.8806775212 -0.1981803030 0.9801502824 0.0054715802 0.8637358546 0.1719977260 0.4736846685
-352.9 -47.3 2526.8 -0.2856476605 0.2765277028 -0.9175717235 0.7804562449 0.6227616668 -0.0552814044 0.5561416149 -0.7319155335 -0.3937081695
-279.5 -247.9 2383.9 -0.8639579415 0.2765277028 0.4208433628 -0.1724237055 0.6227616668 -0.7631762624 -0.4731244743 -0.7319155335 -0.4903599322
-218.0 -105.0 2778.4 0.3321557045 0.5721890926 -0.7498481274 -0.1408005059 0.8161548376 0.5604164004 0.9326563478 -0.0805664957 0.3516549766
-105.9 -152.5 3093.2 -0.1522813290 0.5711159110 0.8066207170 0.0004459387 0.8161787987 -0.5777992010 -0.9883370996 -0.0876283348 -0.1245434806
-368.4 -445.9 2500.1 0.7480832338 -0.5845431685 -0.3141349554 -0.1767605990 0.2807520330 -0.9433631301 0.6396304965 0.7612407804 0.1067016870
-142.1 -554.7 2205.3 0.7480832338 0.4624360502 -0.4759458005 -0.1767605990 0.8301584721 0.5287652016 0.6396304965 -0.3114319146 0.7027680874
-278.3 -483.3 2654.3 0.4637410045 -0.8678395152 -0.1783223301 -0.1400323212 0.1269467324 -0.9819753170 0.8748344183 0.4803531170 -0.0626551732
66.2 -533.7 2463.7 0.4637410045 0.5911577940 -0.6599066257 -0.1400323212 0.7843843699 0.6042615771 0.8748344183 -0.1878126264 0.4465323985
-41.7 -200.4 2514.1 0 0 0 0 0 0 0 0 0
-142.9 -152.4 2853.1 0 0 0 0 0 0 0 0 0
-318.7 -871.8 2324.3 0 0 0 0 0 0 0 0 0
-159.6 -833.2 2535.4 0 0 0 0 0 0 0 0 0
-263.9 123.7 2693.1 8 0.4526285231 0.1109749377 -0.8847666383 -0.2221256942 0.9749796391 0.0086552501 0.8635899425 0.1926117986 0.4659539759
-286.7 -76.0 2653.6 0.4526285231 0.1109749377 -0.8847666383 -0.2221256942 0.9749796391 0.0086552501 0.8635899425 0.1926117986 0.4659539759
-304.9 -270.7 2618.1 0.4548477232 0.0915503055 -0.8858510256 -0.2007074058 0.9796495438 -0.0018107911 0.8676578403 0.1786205024 0.4639661908
-353.0 -46.8 2527.1 -0.2878774107 0.2815044224 -0.9153588414 0.7761046290 0.6285563111 -0.0507796593 0.5610598922 -0.7250325680 -0.3994240463
-279.7 -244.3 2384.2 -0.8673408031 0.2815044224 0.4104572535 -0.1565306187 0.6285563111 -0.7618498206 -0.4724595845 -0.7250325680 -0.5011084676
-220.4 -105.3 2780.2 0.3226696253 0.5687978268 -0.7565403581 -0.1446559131 0.8195381761 0.5544654131 0.9353924394 -0.0694710985 0.3467200398
-111.3 -154.2 3096.4 -0.1414300650 0.5678243637 0.8109087348 0.0057261880 0.8195980787 -0.5729102492 -0.9899317026 -0.0763833225 -0.1191672832
-367.2 -447.6 2505.3 0.7510036230 -0.5791375041 -0.3171644211 -0.1851846576 0.2763230801 -0.9430547357 0.6337982416 0.7669715285 0.1002722606
-141.7 -555.1 2206.7 0.7510036230 0.4705755711 -0.4631977677 -0.1851846576 0.8234500289 0.5363177061 0.6337982416 -0.3169994056 0.7055573463
-282.5 -483.8 2663.2 0.4661327302 -0.8643624187 -0.1886740923 -0.1765841395 0.1180714890 -0.9771781564 0.8669130802 0.4888115823 -0.0975957066
67.3 -531.6 2465.4 0.4661327302 0.5892152786 -0.6599587798 -0.1765841395 0.7929093242 0.5831919312 0.8669130802 -0.1553065926 0.4736470580
-38.4 -200.8 2515.6 0 0 0 0 0 0 0 0 0
-145.7 -152.8 2855.5 0 0 0 0 0 0 0 0 0
-321.5 -869.8 2327.8 0 0 0 0 0 0 0 0 0
-157.6 -834.3 2524.7 0 0 0 0 0 0 0 0 0
-264.3 122.8 2693.9 9 0.4527422786 0.1121962517 -0.8845543861 -0.2259514630 0.9741064906 0.0079060262 0.8625371456 0.1962869614 0.4663701057
-287.2 -76.5 2653.7 0.4527422786 0.1121962517 -0.8845543861 -0.2259514630 0.9741064906 0.0079060262 0.8625371456 0.1962869614 0.4663701057
-305.1 -271.1 2617.6 0.4551291466 0.0896763504 -0.8858981729 -0.2028563321 0.9791952372 -0.0050967210 0.8670102358 0.1820297241 0.4638517201
-353.7 -46.9 2527.2 -0.3162519932 0.2445622385 -0.9166100621 0.7732006311 0.6262794137 -0.0996737406 0.5496775508 -0.7402455211 -0.3871577978
-273.3 -243.5 2387.5 -0.8701869249 0.2445622385 0.4277428985 -0.1950173080 0.6262794137 -0.7548127770 -0.4524852931 -0.7402455211 -0.4972862899
-220.8 -106.1 2780.3 0.3228721321 0.5672683716 -0.7576016188 -0.1473710090 0.8208422661 0.5518149734 0.9348986149 -0.0665171519 0.3486260176
-111.6 -156.0 3096.7 -0.1413486749 0.5663072467 0.8119831681 0.0090649417 0.8209242821 -0.5709650517 -0.9899183512 -0.0733445808 -0.1211701035
-364.8 -447.0 2503.2 0.7568123937 -0.5771394968 -0.3068305850 -0.1755174249 0.2727417946 -0.9459416270 0.6296257973 0.7697544694 0.1051163375
-141.7 -552.4 2205.7 0.7568123937 0.4649774432 -0.4593810737 -0.1755174249 0.8215686679 0.5424191952 0.6296257973 -0.3298802078 0.7033849955
-281.5 -483.7 2662.1 0.4676297009 -0.8650206327 -0.1818290800 -0.1753980070 0.1108083278 -0.9782418013 0.8663474917 0.4893473983 -0.0999056175
65.8 -528.2 2465.6 0.4676297009 0.5755695701 -0.6708517671 -0.1753980070 0.8042770624 0.5677798390 0.8663474917 -0.1478446573 0.4770576060
-29.1 -188.7 2514.4 0 0 0 0 0 0 0 0 0
-146.0 -153.8 2855.6 0 0 0 0 0 0 0 0 0
-319.3 -866.3 2331.7 0 0 0 0 0 0 0 0 0
-154.1 -835.3 2522.1 0 0 0 0 0 0 0 0 0
-264.8 123.0 2694.3 0 0.4723181725 0.1113175601 -0.8743705750 -0.2272143811 0.9738439918 0.0012448403 0.8516390920 0.1980816126 0.4852571785
-287.5 -75.9 2653.9 0.4723181725 0.1113175601 -0.8743705750 -0.2272143811 0.9738439918 0.0012448403 0.8516390920 0.1980816126 0.4852571785
-304.5 -270.4 2617.0 0.4746607840 0.0855243951 -0.8760038614 -0.2039755434 0.9788616896 -0.0149572715 0.8562074304 0.1857829839 0.4820721447
-356.8 -46.1 2528.9 -0.3556610644 0.2313390672 -0.9055315852 0.7654110789 0.6280918717 -0.1401659995 0.5363311172 -0.7429555058 -0.4004573226
-264.0 -245.8 2389.0 -0.8593036532 0.2313390672 0.4561572969 -0.2261488587 0.6280918717 -0.7445517778 -0.4587526023 -0.7429555058 -0.4874045551
-218.2 -105.6 2778.9 0.3434318006 0.5591000915 -0.7546268106 -0.1499274820 0.8258306384 0.5436225533 0.9271333814 -0.0735579804 0.3674409986
-102.0 -156.4 3092.7 -0.1619795412 0.5579993725 0.8138791919 0.0134482970 0.8259426951 -0.5635936856 -0.9867025018 -0.0803453550 -0.1412899494
-364.6 -447.1 2502.0 0.7568458319 -0.5792903900 -0.3026666343 -0.1744777560 0.2672033608 -0.9477129579 0.6298745275 0.7700811625 0.1011584699
-139.5 -550.9 2202.7 0.7568458319 0.4676612616 -0.4565932155 -0.1744777560 0.8178023100 0.5484130979 0.6298745275 -0.3353987932 0.7005467415
-281.2 -484.2 2660.9 0.4741791487 -0.8643463254 -0.1675098836 -0.1436284184 0.1117686778 -0.9832998514 0.8686339855 0.4903194606 -0.0711463168
62.2 -528.6 2466.0 0.4741791487 0.5575389862 -0.6813988686 -0.1436284184 0.8125580549 0.5649073124 0.8686339855 -0.1699990332 0.4653765261
-23.3 -182.4 2517.5 0 0 0 0 0 0 0 0 0
-141.4 -153.1 2852.3 0 0 0 0 0 0 0 0 0
-318.2 -863.4 2330.9 0 0 0 0 0 0 0 0 0
-150.7 -838.9 2531.0 0 0 0 0 0 0 0 0 0
-265.1 123.3 2694.6 1 0.4715451598 0.1117106378 -0.8747376204 -0.2179386467 0.9759362936 0.0071501997 0.8544869423 0.1872674823 0.4845440984
-288.1 -77.2 2656.1 0.4715451598 0.1117106378 -0.8747376204 -0.2179386467 0.9759362936 0.0071501997 0.8544869423 0.1872674823 0.4845440984
-305.1 -272.0 2620.8 0.4737008810 0.0855560601 -0.8765202165 -0.1965596527 0.9804353118 -0.0105283316 0.8584706187 0.1772757918 0.4812499583
-357.3 -48.5 2530.7 -0.3723833561 0.2170226574 -0.9023479223 0.7644346356 0.6230658293 -0.1656160653 0.5262797475 -0.7514587045 -0.3979189694
-260.7 -246.6 2394.3 -0.8611466289 0.2170226574 0.4597038329 -0.2403236628 0.6230658293 -0.7443342805 -0.4479631484 -0.7514587045 -0.4843953550
-218.9 -105.9 2781.4 0.3424169719 0.5593836904 -0.7548778057 -0.1419100016 0.8250223994 0.5469914079 0.9287691712 -0.0801744238 0.3618838191
-103.0 -153.9 3095.9 -0.1609211117 0.5582959652 0.8138857484 0.0049059489 0.8250752687 -0.5650015473 -0.9869551063 -0.0869277939 -0.1355110109
-365.0 -446.2 2501.6 0.7461001277 -0.5946590304 -0.2995249927 -0.1907243580 0.2401285022 -0.9518206120 0.6379332542 0.7672802210 0.0657439530
-134.4 -539.3 2204.0 0.7461001277 0.4689763188 -0.4726476669 -0.1907243580 0.8306428790 0.5231219530 0.6379332542 -0.3001559377 0.7091879845
-278.0 -483.6 2658.5 0.4631077051 -0.8666419387 -0.1856421232 -0.1713431180 0.1179618686 -0.9781239629 0.8695819378 0.4847852588 -0.0938640833
63.6 -530.1 2467.4 0.4631077051 0.5580027699 -0.6885957718 -0.1713431180 0.8186410666 0.5481498837 0.8695819378 -0.1358662993 0.4747289419
-20.0 -179.4 2519.6 0 0 0 0 0 0 0 0 0
-142.2 -152.7 2855.4 0 0 0 0 0 0 0 0 0
-313.5 -856.5 2318.6 0 0 0 0 0 0 0 0 0
-149.4 -842.6 2519.3 0 0 0 0 0 0 0 0 0
-265.8 124.6 2694.7 2 0.4600563645 0.1088555530 -0.8811916113 -0.2149494439 0.9765889049 0.0084184399 0.8614783287 0.1855386943 0.4726843834
-288.2 -75.8 2656.6 0.4600563645 0.1088555530 -0.8811916113 -0.2149494439 0.9765889049 0.0084184399 0.8614783287 0.1855386943 0.4726843834
-305.6 -270.7 2621.7 0.4619344175 0.0877994820 -0.8825575709 -0.1962590665 0.9805384278 -0.0051759235 0.8649271727 0.1756008565 0.4701758623
-355.6 -47.2 2530.3 -0.3929190338 0.2348310202 -0.8890832663 0.7680736780 0.6154468060 -0.1768842041 0.5056455135 -0.7523826361 -0.4221883118
-253.3 -247.2 2398.6 -0.8342033029 0.2348310202 0.4989581108 -0.2697170675 0.6154468060 -0.7405929565 -0.4809963703 -0.7523826361 -0.4500698447
-220.7 -104.5 2782.9 0.3300189376 0.5641226172 -0.7568706274 -0.1408202499 0.8222407699 0.5514433384 0.9334115386 -0.0754040405 0.3507949412
-109.0 -152.2 3098.9 -0.1484334767 0.5631211996 0.8129342198 0.0028348346 0.8222793341 -0.5690770149 -0.9889183044 -0.0821655393 -0.1236501336
-365.5 -448.8 2506.9 0.7565219402 -0.5856315494 -0.2910503149 -0.1838148385 0.2366902828 -0.9540386796 0.6276038885 0.7752505541 0.0714136139
-136.7 -541.3 2204.0 0.7565219402 0.4608493149 -0.4639962018 -0.1838148385 0.8307520151 0.5254170895 0.6276038885 -0.3122001886 0.7131930590
-278.7 -484.8 2664.3 0.4714492559 -0.8618363738 -0.1870124042 -0.1924392879 0.1064116284 -0.9755222797 0.8606408834 0.4958977699 -0.1156834960
64.9 -527.3 2466.6 0.4714492559 0.5642309785 -0.6777750254 -0.1924392879 0.8158440590 0.5453124046 0.8606408834 -0.1266565770 0.4932092726
-21.0 -172.1 2532.5 0 0 0 0 0 0 0 0 0
-145.1 -151.5 2858.0 0 0 0 0 0 0 0 0 0
-312.7 -858.6 2323.2 0 0 0 0 0 0 0 0 0
-150.6 -838.9 2515.0 0 0 0 0 0 0 0 0 0
-266.6 122.6 2684.7 3 0.4476390183 0.1082995012 -0.8876319528 -0.1949368119 0.9805837870 0.0213325005 0.8727078438 0.1634828895 0.4600591362
-288.8 -78.5 2651.2 0.4476390183 0.1082995012 -0.8876319528 -0.1949368119 0.9805837870 0.0213325005 0.8727078438 0.1634828895 0.4600591362
-306.5 -274.0 2620.4 0.4493303597 0.0886041895 -0.8889608979 -0.1780617684 0.9839861989 0.0080731707 0.8754405975 0.1546624452 0.4579119086
-354.5 -52.6 2523.3 -0.4674650431 0.2981417775 -0.8322187066 0.7580618262 0.6194972396 -0.2038759887 0.4547732174 -0.7261781096 -0.5156031847
-236.0 -244.6 2408.1 -0.7374413013 0.2981417775 0.6060460806 -0.3335414827 0.6194972396 -0.7106147408 -0.5873077512 -0.7261781096 -0.3574001789
-223.2 -104.5 2779.0 0.3167454898 0.5677896738 -0.7597941756 -0.1206582710 0.8186512589 0.5614727736 0.9408048987 -0.0861685276 0.3278126121
-116.0 -145.4 3097.5 -0.1348525286 0.5668854713 0.8126842380 -0.0190558303 0.8185405731 -0.5741325617 -0.9906824231 -0.0929095969 -0.0995797887
-365.4 -447.5 2507.5 0.7549780011 -0.5827159286 -0.3007496595 -0.1914071888 0.2428347915 -0.9509966373 0.6271933317 0.7755472064 0.0717989132
-136.8 -542.8 2203.1 0.7549780011 0.4681209326 -0.4592068791 -0.1914071888 0.8270977736 0.5284624100 0.6271933317 -0.3110820055 0.7140423656
-280.7 -483.5 2666.1 0.4758601189 -0.8586496711 -0.1904674172 -0.1845632792 0.1142490357 -0.9761575460 0.8599380851 0.4996677339 -0.1041086391
64.7 -529.5 2465.1 0.4758601189 0.5635139346 -0.6752845049 -0.1845632792 0.8146705627 0.5497710705 0.8599380851 -0.1369814128 0.4916732311
-33.5 -153.0 2569.4 0 0 0 0 0 0 0 0 0
-148.8 -150.0 2856.1 0 0 0 0 0 0 0 0 0
-315.6 -858.8 2322.0 0 0 0 0 0 0 0 0 0
-150.5 -840.7 2517.4 0 0 0 0 0 0 0 0 0
-268.0 121.8 2689.7 4 0.4413582981 0.0998240933 -0.8917611837 -0.1968831271 0.9803498387 0.0122976108 0.8754655123 0.1701450795 0.4523392320
-288.4 -78.6 2655.0 0.4413582981 0.0998240933 -0.8917611837 -0.1968831271 0.9803498387 0.0122976108 0.8754655123 0.1701450795 0.4523392320
-305.1 -273.9 2622.6 0.4426572621 0.0839284658 -0.8927544951 -0.1830033511 0.9831108451 0.0016837966 0.8778179288 0.1626317203 0.4505403340
-353.0 -51.9 2526.7 -0.4872419238 0.3503471613 -0.7999076247 0.7458792329 0.6433410048 -0.1725585908 0.4541579783 -0.6807122827 -0.5747793913
-227.1 -244.7 2409.3 -0.6726377606 0.3503471613 0.6517785788 -0.3329310119 0.6433410048 -0.6893977523 -0.6608444452 -0.6807122827 -0.3160940409
-223.7 -105.3 2783.2 0.3093106747 0.5656862259 -0.7644121647 -0.1266049743 0.8211716413 0.5564605594 0.9424956441 -0.0753408000 0.3256158233
-119.0 -148.2 3102.3 -0.1265326589 0.5648376942 0.8154433370 -0.0121309431 0.8211080432 -0.5706438422 -0.9918882847 -0.0820971802 -0.0970449746
-365.3 -453.2 2509.5 0.7611622214 -0.5765805244 -0.2969628274 -0.1900378913 0.2395037413 -0.9521152973 0.6200948358 0.7811484337 0.0727290586
-139.5 -547.0 2203.5 0.7611622214 0.4683312476 -0.4486623406 -0.1900378913 0.8224698305 0.5361239910 0.6200948358 -0.3228144944 0.7150336504
-282.9 -485.8 2670.0 0.4900492728 -0.8558483124 -0.1654551774 -0.1508043706 0.1037086174 -0.9831086397 0.8585509658 0.5067230463 -0.0782433301
66.4 -528.2 2463.1 0.4900492728 0.5718544722 -0.6579012871 -0.1508043706 0.7989752889 0.5821481943 0.8585509658 -0.1860668957 0.4777754247
-42.2 -153.2 2590.9 0 0 0 0 0 0 0 0 0
-149.8 -151.1 2860.6 0 0 0 0 0 0 0 0 0
-318.5 -861.2 2326.9 0 0 0 0 0 0 0 0 0
-151.8 -833.0 2534.1 0 0 0 0 0 0 0 0 0
-269.4 121.0 2692.3 5 0.4406338036 0.0979686379 -0.8923250437 -0.2082047760 0.9780745506 0.0045707263 0.8732082248 0.1837723255 0.4513702691
-289.4 -79.2 2654.6 0.4406338036 0.0979686379 -0.8923250437 -0.2082047760 0.9780745506 0.0045707263 0.8732082248 0.1837723255 0.4513702691
-305.2 -274.3 2620.9 0.4425099790 0.0794164613 -0.8932401538 -0.1874707788 0.9822545648 -0.0055421949 0.8769490719 0.1699088961 0.4495456815
-354.1 -51.8 2526.6 -0.4769314229 0.3310006559 -0.8142327666 0.7531850934 0.6314062476 -0.1844948828 0.4530436993 -0.7012593746 -0.5504422188
-230.8 -246.4 2409.5 -0.7430443168 0.3310006559 0.5816560388 -0.2836787999 0.6314062476 -0.7217010856 -0.6061447859 -0.7012593746 -0.3752649426
-224.8 -106.6 2782.7 0.3088339567 0.5621459484 -0.7672114968 -0.1321463436 0.8241806626 0.5506937504 0.9418911338 -0.0686887354 0.3288205266
-120.2 -151.3 3101.7 -0.1253976077 0.5613051653 0.8180537820 -0.0054145753 0.8241629004 -0.5663269162 -0.9920917749 -0.0754454583 -0.1003088281
-362.3 -452.5 2509.8 0.7617073059 -0.5720288157 -0.3042778671 -0.1988940835 0.2405125350 -0.9500499368 0.6166386008 0.7841790318 0.0694269985
-139.2 -546.3 2204.0 0.7617073059 0.4676513076 -0.4484464824 -0.1988940835 0.8274809122 0.5250871181 0.6166386008 -0.3107693195 0.7233113050
-281.2 -486.0 2670.8 0.4897964001 -0.8541548848 -0.1746967882 -0.1679838300 0.1041641608 -0.9802710414 0.8555004001 0.5094794631 -0.0924649835
64.1 -528.2 2464.9 0.4897964001 0.5660465360 -0.6630918980 -0.1679838300 0.8075896502 0.5653144717 0.8555004001 -0.1655002534 0.4906411469
-26.7 -168.5 2576.0 0 0 0 0 0 0 0 0 0
-150.8 -152.6 2859.9 0 0 0 0 0 0 0 0 0
-317.9 -862.5 2322.7 0 0 0 0 0 0 0 0 0
-152.0 -836.5 2528.0 0 0 0 0 0 0 0 0 0
-269.6 118.3 2695.0 6 0.4344848990 0.0997601077 -0.8951373100 -0.2101509273 0.9776442647 0.0069514387 0.8758193254 0.1850936413 0.4457363486
-290.0 -81.6 2657.2 0.4344848990 0.0997601077 -0.8951373100 -0.2101509273 0.9776442647 0.0069514387 0.8758193254 0.1850936413 0.4457363486
-305.6 -276.8 2623.3 0.4365360141 0.0785033181 -0.8962553144 -0.1876005530 0.9822309017 -0.0053400109 0.8799104095 0.1704691052 0.4435064197
-353.7 -54.2 2528.6 -0.4480048418 0.3046702743 -0.8405163288 0.7519424558 0.6369560957 -0.1699101627 0.4836054146 -0.7081404924 -0.5144539475
-238.6 -247.4 2404.4 -0.7923824787 0.3046702743 0.5284940600 -0.2430366725 0.6369560957 -0.7315874100 -0.5595204830 -0.7081404924 -0.4306668341
-226.2 -109.0 2785.7 0.3024140298 0.5628001690 -0.7692865133 -0.1322522163 0.8240450621 0.5508711934 0.9439571500 -0.0648513138 0.3236343563
-123.8 -153.8 3105.4 -0.1186783388 0.5620046854 0.8185757399 -0.0053548799 0.8240277171 -0.5665241480 -0.9929183125 -0.0716175213 -0.0947847739
-361.6 -452.3 2506.7 0.7633649111 -0.5716264844 -0.3008606136 -0.1867849678 0.2505277395 -0.9499195814 0.6183731556 0.7813315392 0.0844728649
-143.7 -547.8 2208.9 0.7633649111 0.4563061893 -0.4572293162 -0.1867849678 0.8335070014 0.5199782848 0.6183731556 -0.3115296364 0.7215011716
-280.4 -486.7 2667.5 0.4738017023 -0.8597372174 -0.1906931251 -0.1936100721 0.1095476672 -0.9749432802 0.8590850234 0.4988498986 -0.1145499125
67.4 -531.0 2465.7 0.4738017023 0.5937481523 -0.6503653526 -0.1936100721 0.7906845212 0.5808038712 0.8590850234 -0.1492685825 0.4895832837
-19.6 -180.2 2559.0 0 0 0 0 0 0 0 0 0
-152.7 -155.1 2863.4 0 0 0 0 0 0 0 0 0
-318.1 -866.3 2327.9 0 0 0 0 0 0 0 0 0
-159.3 -832.8 2522.7 0 0 0 0 0 0 0 0 0
-271.3 118.5 2695.4 7 0.4403938055 0.1012187153 -0.8920807242 -0.2323239744 0.9726288319 -0.0043334607 0.8672248125 0.2091601789 0.4518552423
-291.9 -80.0 2652.7 0.4403938055 0.1012187153 -0.8920807242 -0.2323239744 0.9726288319 -0.0043334607 0.8672248125 0.2091601789 0.4518552423
-307.7 -274.2 2614.2 0.4425648153 0.0790547207 -0.8932450414 -0.2088350058 0.9778043032 -0.0169303808 0.8720804453 0.1940336376 0.4492512047
-356.6 -49.5 2525.3 -0.4751850367 0.3485867083 -0.8078901172 0.7580984235 0.6282732487 -0.1748125553 0.4466384649 -0.6955285668 -0.5628091097
-231.3 -249.3 2407.6 -0.7719619274 0.3485867083 0.5315656662 -0.2284079641 0.6282732487 -0.7437086105 -0.5932154655 -0.6955285668 -0.4053830802
-227.3 -110.5 2780.1 0.3089130521 0.5618327260 -0.7674090862 -0.1551550627 0.8258332014 0.5421497822 0.9383494258 -0.0484097302 0.3422818482
-122.7 -163.0 3097.8 -0.1253926009 0.5609954596 0.8182669282 0.0189519841 0.8259806633 -0.5633797050 -0.9919261932 -0.0551358648 -0.1142038405
-361.2 -454.7 2508.7 0.7680597901 -0.5669050217 -0.2978302836 -0.1837387383 0.2504408658 -0.9505363703 0.6134527326 0.7847917080 0.0881911516
-142.8 -551.2 2206.3 0.7680597901 0.4583081305 -0.4472558796 -0.1837387383 0.8267762661 0.5316776633 0.6134527326 -0.3261819780 0.7192225456
-281.1 -489.1 2670.1 0.4779662192 -0.8590590954 -0.1832097620 -0.1998010278 0.0967799127 -0.9750452042 0.8553524613 0.5026441813 -0.1253833473
67.0 -528.4 2466.4 0.4779662192 0.5851103663 -0.6551290751 -0.1998010278 0.7987098694 0.5675756335 0.8553524613 -0.1403865069 0.4986619949
-16.4 -185.7 2572.8 0 0 0 0 0 0 0 0 0
-153.2 -158.4 2856.1 0 0 0 0 0 0 0 0 0
-317.9 -867.1 2330.9 0 0 0 0 0 0 0 0 0
-156.4 -833.4 2520.0 0 0 0 0 0 0 0 0 0
-272.3 116.5 2697.6 8 0.4192664921 0.0969478488 -0.9026719928 -0.2267511934 0.9739524722 -0.0007162908 0.8790901899 0.2049822658 0.4303286672
-292.1 -82.5 2655.7 0.4192664921 0.0969478488 -0.9026719928 -0.2267511934 0.9739524722 -0.0007162908 0.8790901899 0.2049822658 0.4303286672
-307.5 -277.0 2618.6 0.4214688241 0.0773274079 -0.9035400152 -0.2020675391 0.9793158770 -0.0104447063 0.8840433955 0.1869782209 0.4283764660
-353.7 -53.0 2526.6 -0.4161406159 0.3527642787 -0.8380837440 0.7579087019 0.6437988281 -0.1053443253 0.5023956299 -0.6790290475 -0.5352739692
-246.7 -247.8 2397.5 -0.7986912727 0.3527642787 0.4874931574 -0.1708989590 0.6437988281 -0.7458663583 -0.5769625306 -0.6790290475 -0.4539094865
-230.6 -112.0 2784.8 0.2864186466 0.5652002096 -0.7736362815 -0.1474195272 0.8238474727 0.5473051071 0.9466952085 -0.0427092798 0.3192868233
-133.6 -161.9 3105.3 -0.1021174639 0.5645172596 0.8190801740 0.0102161998 0.8239362240 -0.5665904284 -0.9947198629 -0.0494908914 -0.0899055004
-364.0 -449.3 2495.7 0.7479828000 -0.5861318111 -0.3114019930 -0.1796068549 0.2729244530 -0.9451209307 0.6389546990 0.7628641725 0.0988695100
-142.5 -552.4 2207.4 0.7479828000 0.4669643044 -0.4716630876 -0.1796068549 0.8265305161 0.5334685445 0.6389546990 -0.3143113852 0.7021005750
-282.8 -487.6 2655.6 0.4463760555 -0.8770201802 -0.1777189225 -0.1902079731 0.1010729969 -0.9765270948 0.8743965626 0.4697018862 -0.1216996610
64.7 -527.7 2469.4 0.4463760555 0.5710210204 -0.6889727116 -0.1902079731 0.8128864169 0.5504875779 0.8743965626 -0.1146763861 0.4714657962
-23.1 -200.0 2559.0 0 0 0 0 0 0 0 0 0
-158.5 -159.4 2862.9 0 0 0 0 0 0 0 0 0
-320.9 -868.2 2327.5 0 0 0 0 0 0 0 0 0
-153.3 -838.0 2513.2 0 0 0 0 0 0 0 0 0
-270.4 119.8 2696.7 9 0.4220739901 0.1087892130 -0.9000102282 -0.2202146351 0.9753418565 0.0146218380 0.8794083595 0.1920239329 0.4356234074
-292.6 -79.4 2657.5 0.4220739901 0.1087892130 -0.9000102282 -0.2202146351 0.9753418565 0.0146218380 0.8794083595 0.1920239329 0.4356234074
-309.8 -274.2 2622.4 0.4244246483 0.0866692066 -0.9013057947 -0.1966934800 0.9804636240 0.0016580890 0.8838412762 0.1765772402 0.4331801832
-354.6 -50.7 2528.4 -0.3776528239 0.3434004784 -0.8599153757 0.7612372041 0.6438625455 -0.0771944225 0.5271586776 -0.6837522388 -0.5045657158
-257.4 -246.4 2392.8 -0.8286459446 0.3434004784 0.4420655668 -0.1349628121 0.6438625455 -0.7531441450 -0.5432595015 -0.6837522388 -0.4871878028
-230.6 -108.1 2786.5 0.2901957631 0.5719764829 -0.7672218084 -0.1402926445 0.8184878826 0.5571315289 0.9466279149 -0.0540416390 0.3177658021
-132.3 -155.6 3107.1 -0.1073397100 0.5712583661 0.8137211204 0.0010421814 0.8185139894 -0.5744856596 -0.9942218661 -0.0608170778 -0.0884544104
-361.6 -453.1 2500.4 0.7537868619 -0.5782424212 -0.3121555150 -0.1886036545 0.2646700442 -0.9457158446 0.6294712424 0.7717418075 0.0904461816
-142.2 -553.5 2207.6 0.7537868619 0.4673621058 -0.4619286060 -0.1886036545 0.8272574544 0.5292199254 0.6294712424 -0.3117976189 0.7117220163
-284.3 -490.1 2662.5 0.4580985606 -0.8702360392 -0.1812042147 -0.1968145072 0.0994930565 -0.9753795266 0.8668389320 0.4824835658 -0.1256974488
65.6 -530.1 2468.5 0.4580985606 0.5842952728 -0.6698841453 -0.1968145072 0.8015761375 0.5645703673 0.8668389320 -0.1267859638 0.4821986556
-23.9 -208.4 2545.9 0 0 0 0 0 0 0 0 0
-158.5 -155.4 2864.8 0 0 0 0 0 0 0 0 0
-320.8 -869.6 2326.7 0 0 0 0 0 0 0 0 0
-157.5 -836.3 2516.9 0 0 0 0 0 0 0 0 0
-270.7 122.3 2694.7 0 0.4210608602 0.1076145470 -0.9006258249 -0.2145975083 0.9765655398 0.0163597912 0.8812807202 0.1863835901 0.4342873394
-292.6 -76.6 2656.8 0.4210608602 0.1076145470 -0.9006258249 -0.2145975083 0.9765655398 0.0163597912 0.8812807202 0.1863835901 0.4342873394
-309.9 -271.6 2622.9 0.4233946502 0.0866462588 -0.9017923474 -0.1910730302 0.9815650582 0.0046015489 0.8855665326 0.1703599095 0.4321451485
-354.5 -48.7 2527.4 -0.4066455960 0.3535408676 -0.8424062133 0.7630356550 0.6385175586 -0.1003590003 0.5024101734 -0.6835964918 -0.5294146538
-248.8 -247.1 2396.8 -0.8076879978 0.3535408676 0.4718568921 -0.1602618992 0.6385175586 -0.7527359724 -0.5674118400 -0.6835964918 -0.4590638578
-230.8 -104.5 2786.1 0.2890778482 0.5721876621 -0.7674863338 -0.1342431456 0.8180227876 0.5593008995 0.9478464127 -0.0586517118 0.3132845163
-132.9 -150.0 3107.1 -0.1061912850 0.5714777112 0.8137177825 -0.0053401026 0.8180053830 -0.5751857758 -0.9943313599 -0.0654250532 -0.0838132948
-366.0 -450.9 2506.3 0.7563217282 -0.5748511553 -0.3122876287 -0.1876879930 0.2666227520 -0.9453493953 0.6266981959 0.7736009359 0.0937599242
-144.2 -553.8 2207.8 0.7563217282 0.4663494527 -0.4587980211 -0.1876879930 0.8265094161 0.5307121873 0.6266981959 -0.3152782619 0.7126352191
-288.1 -487.0 2668.3 0.4793772995 -0.8608372808 -0.1707528830 -0.1582144052 0.1066081002 -0.9816327691 0.8632297516 0.4975880384 -0.0850913599
65.6 -530.8 2463.9 0.4793772995 0.5793725252 -0.6591850519 -0.1582144052 0.7958613038 0.5844424963 0.8632297516 -0.1758759022 0.4731829166
-18.7 -201.4 2558.4 0 0 0 0 0 0 0 0 0
-158.8 -151.3 2864.7 0 0 0 0 0 0 0 0 0
-322.4 -869.6 2328.3 0 0 0 0 0 0 0 0 0
-155.5 -834.5 2531.0 0 0 0 0 0 0 0 0 0
-272.1 120.7 2695.2 1 0.4224885106 0.1073256955 -0.8999914527 -0.2297315001 0.9732193947 0.0082140043 0.8767707348 0.2032860667 0.4358300865
-293.9 -77.3 2653.9 0.4224885106 0.1073256955 -0.8999914527 -0.2297315001 0.9732193947 0.0082140043 0.8767707348 0.2032860667 0.4358300865
-311.3 -271.9 2617.7 0.4252486527 0.0872449353 -0.9008617401 -0.2020323724 0.9793787003 -0.0005196843 0.8822394609 0.1822242439 0.4341057539
-356.0 -47.8 2525.0 -0.4153093994 0.3395878077 -0.8439183831 0.7703818083 0.6246502995 -0.1277649552 0.4837664366 -0.7032013535 -0.5210353732
-248.2 -247.8 2399.4 -0.8157233596 0.3395878077 0.4682686925 -0.1766209006 0.6246502995 -0.7606688142 -0.5508180261 -0.7032013535 -0.4495635033
-231.8 -106.8 2782.8 0.2910777330 0.5722545981 -0.7666801214 -0.1459417045 0.8185610771 0.5555706620 0.9455024004 -0.0498236455 0.3217807114
-133.2 -156.2 3102.9 -0.1083156094 0.5715309978 0.8134002686 0.0069048866 0.8186269999 -0.5742840171 -0.9940925837 -0.0565874875 -0.0926164389
-365.9 -449.2 2507.9 0.7557614446 -0.5737679601 -0.3156182766 -0.1891126633 0.2702043951 -0.9440476298 0.6269457936 0.7731622458 0.0957032889
-142.9 -554.2 2207.3 0.7557614446 0.4685181081 -0.4575099945 -0.1891126633 0.8250377178 0.5324933529 0.6269457936 -0.3159170449 0.7121344209
-288.3 -484.2 2670.3 0.4781222641 -0.8605242968 -0.1757756621 -0.1585599482 0.1122748330 -0.9809449911 0.8638621569 0.4968826175 -0.0827635899
62.9 -530.0 2467.5 0.4781222641 0.5721828938 -0.6663376093 -0.1585599482 0.8024401665 0.5752812028 0.8638621569 -0.1694002897 0.4743898213
-15.0 -197.3 2556.9 0 0 0 0 0 0 0 0 0
-159.6 -154.6 2860.6 0 0 0 0 0 0 0 0 0
-322.0 -869.5 2328.1 0 0 0 0 0 0 0 0 0
-155.6 -836.4 2532.2 0 0 0 0 0 0 0 0 0
-271.5 121.3 2695.5 2 0.4252896309 0.1082749888 -0.8985573053 -0.2156853527 0.9763388634 0.0155631062 0.8789815307 0.1871868223 0.4385801256
-293.7 -78.6 2657.2 0.4252896309 0.1082749888 -0.8985573053 -0.2156853527 0.9763388634 0.0155631062 0.8789815307 0.1871868223 0.4385801256
-311.2 -273.6 2623.0 0.4275439978 0.0879480541 -0.8997062445 -0.1931962073 0.9811515808 0.0041018859 0.8831089139 0.1720660925 0.4364766777
-356.1 -50.4 2528.2 -0.4133356214 0.3058615923 -0.8576726317 0.7586088181 0.6366435289 -0.1385554969 0.5036529303 -0.7079079747 -0.4951767623
-248.9 -247.2 2397.5 -0.8040690422 0.3058615923 0.5098251104 -0.2254259735 0.6366435289 -0.7374741435 -0.5501418710 -0.7079079747 -0.4429562092
-231.2 -106.8 2786.2 0.2935521007 0.5723054409 -0.7656981349 -0.1364390701 0.8178701997 0.5589925647 0.9461562037 -0.0596223027 0.3181723356
-131.8 -153.0 3106.6 -0.1109476686 0.5715638399 0.8130223751 -0.0031318404 0.8178678155 -0.5753976107 -0.9938213229 -0.0663852766 -0.0889504775
-367.6 -448.0 2500.6 0.7519462109 -0.5851136446 -0.3036757112 -0.1760103703 0.2657368183 -0.9478418827 0.6352930665 0.7661761642 0.0968337208
-140.7 -551.0 2203.5 0.7519462109 0.4660370648 -0.4662471116 -0.1760103703 0.8235221505 0.5392881036 0.6352930665 -0.3234513104 0.7012716532
-289.6 -485.0 2662.4 0.4569048584 -0.8729768395 -0.1707319617 -0.1654919088 0.1051616818 -0.9805883169 0.8739853501 0.4762903154 -0.0964217186
64.1 -527.6 2469.4 0.4569048584 0.5750064850 -0.6786792278 -0.1654919088 0.8046053052 0.5702830553 0.8739853501 -0.1482491642 0.4627870023
-18.8 -182.7 2555.0 0 0 0 0 0 0 0 0 0
-158.9 -153.8 2864.4 0 0 0 0 0 0 0 0 0
-318.8 -865.7 2327.1 0 0 0 0 0 0 0 0 0
-155.5 -834.9 2526.0 0 0 0 0 0 0 0 0 0
-271.8 121.4 2695.6 3 0.4230564833 0.1004389077 -0.9005194306 -0.2191126049 0.9756818414 0.0058848360 0.8792114854 0.1948255301 0.4347759485
-292.4 -78.6 2655.7 0.4230564833 0.1004389077 -0.9005194306 -0.2191126049 0.9756818414 0.0058848360 0.8792114854 0.1948255301 0.4347759485
-309.2 -273.4 2620.3 0.4251208305 0.0848507807 -0.9011507034 -0.1973200142 0.9803388119 -0.0007793751 0.8833668828 0.1781463921 0.4335052371
-354.5 -49.7 2526.7 -0.4472760856 0.3235802352 -0.8338105083 0.7499061227 0.6437391043 -0.1524492800 0.4874268472 -0.6934664845 -0.5305839181
-241.2 -239.6 2403.3 -0.7827749848 0.3235802352 0.5315629840 -0.2296091467 0.6437391043 -0.7299860120 -0.5783969164 -0.6934664845 -0.4296058714
-230.2 -107.4 2784.8 0.2907686234 0.5703925490 -0.7681835294 -0.1412854046 0.8196679354 0.5551422238 0.9463043809 -0.0528848357 0.3189218640
-131.8 -155.2 3105.2 -0.1076548547 0.5696729422 0.8147902489 0.0024656914 0.8197036982 -0.5727824569 -0.9941852689 -0.0596537925 -0.0896497220
-367.9 -450.8 2507.8 0.7565103769 -0.5779125690 -0.3061193824 -0.1837369651 0.2614117861 -0.9475783110 0.6276406050 0.7730982900 0.0915768221
-141.6 -553.1 2205.1 0.7565103769 0.4693041742 -0.4554619789 -0.1837369651 0.8209159970 0.5406826138 0.6276406050 -0.3253467977 0.7072600126
-289.4 -486.2 2669.8 0.4646073282 -0.8668982387 -0.1806308180 -0.1814284623 0.1064669490 -0.9776238799 0.8667316437 0.4869828224 -0.1078146771
62.2 -529.4 2472.3 0.4646073282 0.5682750344 -0.6791196465 -0.1814284623 0.8117377758 0.5551265478 0.8667316437 -0.1347042322 0.4802406132
-16.6 -173.7 2569.3 0 0 0 0 0 0 0 0 0
-158.0 -154.6 2862.9 0 0 0 0 0 0 0 0 0
-320.9 -866.8 2329.5 0 0 0 0 0 0 0 0 0
-154.9 -839.5 2523.7 0 0 0 0 0 0 0 0 0
-271.8 121.6 2695.2 4 0.4362337887 0.0947066694 -0.8948355913 -0.2230254561 0.9747967720 -0.0055557508 0.8717566729 0.2019947171 0.4463613033
-291.3 -78.7 2653.7 0.4362337887 0.0947066694 -0.8948355913 -0.2230254561 0.9747967720 -0.0055557508 0.8717566729 0.2019947171 0.4463613033
-307.6 -273.3 2617.3 0.4382814169 0.0818946734 -0.8950992823 -0.2003640980 0.9796848893 -0.0084737968 0.8762212396 0.1830596626 0.4457864165
-355.3 -49.4 2525.7 -0.5244660974 0.3688809276 -0.7673735619 0.7138149142 0.6817833781 -0.1601238996 0.4641158879 -0.6317422390 -0.6208850145
-223.9 -228.3 2409.4 -0.7326417565 0.3688809276 0.5719815493 -0.2049800456 0.6817833781 -0.7022496462 -0.6490139961 -0.6317422390 -0.4238897860
-227.3 -107.9 2781.7 0.3044978678 0.5650870204 -0.7667839527 -0.1454281062 0.8231542706 0.5488785505 0.9413456917 -0.0556204095 0.3328282833
-124.1 -157.2 3100.5 -0.1213073656 0.5642731190 0.8166274428 0.0079250382 0.8232274652 -0.5676563382 -0.9925833344 -0.0623890944 -0.1043354422
-365.1 -450.1 2503.9 0.7549849153 -0.5791607499 -0.3075233698 -0.1786013395 0.2696233392 -0.9462583065 0.6309511662 0.7693348527 0.1001226604
-142.2 -553.8 2207.9 0.7549849153 0.4633367062 -0.4640224874 -0.1786013395 0.8261727691 0.5343595147 0.6309511662 -0.3205583394 0.7065005302
-287.1 -486.3 2665.9 0.4519420862 -0.8700808883 -0.1967425942 -0.2128961384 0.1089739650 -0.9709788561 0.8662699461 0.4807119370 -0.1359869391
63.0 -530.1 2472.5 0.4519420862 0.5770268440 -0.6802855134 -0.2128961384 0.8103447556 0.5459089875 0.8662699461 -0.1018890962 0.4890756905
-13.7 -169.5 2595.5 0 0 0 0 0 0 0 0 0
-153.7 -155.3 2858.5 0 0 0 0 0 0 0 0 0
-319.3 -869.5 2330.4 0 0 0 0 0 0 0 0 0
-157.4 -839.5 2511.4 0 0 0 0 0 0 0 0 0
-271.2 121.5 2695.0 5 0.4305497706 0.0976034552 -0.8972738981 -0.2249985486 0.9743570685 -0.0019753750 0.8740723729 0.2027358264 0.4414698780
-291.2 -78.0 2653.5 0.4305497706 0.0976034552 -0.8972738981 -0.2249985486 0.9743570685 -0.0019753750 0.8740723729 0.2027358264 0.4414698780
-307.8 -272.6 2616.6 0.4325653315 0.0836740062 -0.8977114558 -0.2032789290 0.9790980220 -0.0066907480 0.8783876896 0.1853800118 0.4405330122
-354.4 -48.3 2525.2 -0.5866122842 0.4234877229 -0.6903218031 0.6831135154 0.7165949345 -0.1408816129 0.4350194633 -0.5542110801 -0.7096535563
-206.7 -220.2 2415.7 -0.6562873721 0.4234877229 0.6244557500 -0.1790237725 0.7165949345 -0.6741232872 -0.7329647541 -0.5542110801 -0.3944778442
-228.0 -107.7 2781.8 0.2985486388 0.5678018332 -0.7671178579 -0.1480867416 0.8215993643 0.5504950285 0.9428356290 -0.0507495627 0.3293713033
-126.9 -157.8 3101.1 -0.1154611409 0.5670279264 0.8155661225 0.0101441098 0.8216876388 -0.5698478222 -0.9932602048 -0.0575220883 -0.1006249860
-364.0 -449.6 2500.6 0.7525486946 -0.5830366015 -0.3061678112 -0.1760274321 0.2699097395 -0.9466589093 0.6345744729 0.7663008571 0.1004897878
-141.1 -552.8 2207.6 0.7525486946 0.4628095329 -0.4684845507 -0.1760274321 0.8268867731 0.5341091156 0.6345744729 -0.3194770217 0.7037397623
-283.6 -486.4 2661.3 0.4486261904 -0.8718888760 -0.1963270903 -0.2096827477 0.1108577922 -0.9714646935 0.8687736392 0.4769909382 -0.1330863386
63.9 -530.6 2471.2 0.4486261904 0.5828868151 -0.6774787903 -0.2096827477 0.8055334687 0.5542102456 0.8687736392 -0.1065776199 0.4836047292
-19.7 -169.2 2624.5 0 0 0 0 0 0 0 0 0
-155.0 -155.4 2859.0 0 0 0 0 0 0 0 0 0
-318.0 -868.8 2329.7 0 0 0 0 0 0 0 0 0
-158.8 -838.3 2511.9 0 0 0 0 0 0 0 0 0
-270.1 121.1 2694.9 6 0.4413288236 0.1044066995 -0.8912508488 -0.2288414538 0.9734634161 0.0007200782 0.8676753044 0.2036373615 0.4535100460
-291.5 -78.7 2653.1 0.4413288236 0.1044066995 -0.8912508488 -0.2288414538 0.9734634161 0.0007200782 0.8676753044 0.2036373615 0.4535100460
-307.8 -273.3 2616.2 0.4438308477 0.0815427229 -0.8923928142 -0.2025674134 0.9792034626 -0.0112716611 0.8729150295 0.1857724190 0.4511186182
-356.4 -49.1 2525.6 -0.6249547601 0.4402835369 -0.6446564794 0.6555702090 0.7443501949 -0.1271632016 0.4238623083 -0.5020888448 -0.7538219690
