-260.4 156.0 2609.8 8 0.4817506969 0.1947425753 -0.8543954492 0.0896212161 0.9589326382 0.2691026628 0.8717134595 -0.2062123567 0.4445133805
-299.3 -35.6 2651.0 0.4817506969 0.1947425753 -0.8543954492 0.0896212161 0.9589326382 0.2691026628 0.8717134595 -0.2062123567 0.4445133805
-337.3 -222.8 2693.9 0.4840332568 0.1939530969 -0.8532842398 0.1008678973 0.9562597275 0.2745778561 0.8692166209 -0.2189737856 0.4432978630
-368.3 -49.9 2527.1 -0.4386772811 -0.0187686998 -0.8984486461 0.6217603683 0.7155094743 -0.3185282946 0.6488268971 -0.6983508468 -0.3022080958
-271.6 -187.0 2384.1 -0.9672917724 -0.0187686998 0.2529710829 -0.1897193491 0.7155094743 -0.6723486781 -0.1683840901 -0.6983508468 -0.6956672072
-230.4 -21.2 2774.8 0.7768245935 0.6273276210 -0.0548054613 -0.5220433474 0.6902245283 0.5010597110 0.3521566689 -0.3606246710 0.8636755943
-105.5 -105.1 2831.4 -0.4685353935 0.6273276210 0.6220406890 -0.0353672914 0.6902245283 -0.7227303982 -0.8827365041 -0.3606246710 -0.3012077510
-415.2 -424.2 2654.4 0.9690240026 -0.2469333261 0.0040463950 0.0078336988 0.0143568665 -0.9998662472 0.2468422055 0.9689261317 0.0158465486
-312.9 -430.2 2252.9 0.9690240026 -0.0494986326 -0.2419552058 0.0078336988 0.9853762984 -0.1702122241 0.2468422055 0.1630443335 0.9552410841
-331.5 -401.0 2815.3 0.6286250949 -0.7619240880 0.1558914036 -0.1138915718 -0.2884792089 -0.9506884217 0.7693238258 0.5798718929 -0.2681220174
-45.7 -292.8 2597.8 0.6286250949 -0.3074421585 -0.7143597007 -0.1138915718 0.8722487092 -0.4756163061 0.7693238258 0.3803439140 0.5133023858
-25.9 -138.9 2426.8 0 0 0 0 0 0 0 0 0
-118.8 -106.1 2806.3 0 0 0 0 0 0 0 0 0
-294.8 -789.2 2193.5 0 0 0 0 0 0 0 0 0
114.7 -747.8 2399.3 0 0 0 0 0 0 0 0 0
-255.6 157.0 2613.0 9 0.4671921730 0.2078384161 -0.8593804240 0.0827035755 0.9574441314 0.2765156627 0.8802792430 -0.2002597749 0.4301214218
-297.1 -34.1 2653.0 0.4671921730 0.2078384161 -0.8593804240 0.0827035755 0.9574441314 0.2765156627 0.8802792430 -0.2002597749 0.4301214218
-337.3 -221.1 2695.1 0.4701550603 0.2056626379 -0.8582873344 0.0964046717 0.9546854496 0.2815703750 0.8773028851 -0.2151246369 0.4290233254
-364.0 -47.9 2528.0 -0.4238884449 -0.0155490283 -0.9055809379 0.6262732148 0.7172679901 -0.3054644763 0.6542938948 -0.6966239214 -0.2943036854
-270.5 -186.0 2383.7 -0.9669650197 -0.0155490283 0.2544343472 -0.1880749017 0.7172679901 -0.6709355116 -0.1720652133 -0.6966239214 -0.6964974403
-230.1 -20.4 2778.0 0.7663716078 0.6390952468 -0.0650527924 -0.5287415981 0.6850510240 0.5011361241 0.3648382127 -0.3496603966 0.8629198670
-106.9 -105.4 2836.6 -0.4538361430 0.6390952468 0.6209589839 -0.0311541408 0.6850510240 -0.7278286219 -0.8905403614 -0.3496603966 -0.2909904420
-419.0 -419.2 2658.2 0.9673932791 -0.2532653213 0.0026345497 0.0108405044 0.0310105756 -0.9994602799 0.2530469298 0.9668996930 0.0327449441
-312.5 -432.2 2251.4 0.9673932791 -0.0615110211 -0.2456962913 0.0108405044 0.9792283177 -0.2024707198 0.2530469298 0.1932053268 0.9479656816
-335.1 -399.3 2816.5 0.6146052480 -0.7739987969 0.1522703618 -0.1196172237 -0.2822444141 -0.9518559575 0.7797127962 0.5668015480 -0.2660524845
-44.7 -293.5 2603.9 0.6146052480 -0.3064046204 -0.7268951535 -0.1196172237 0.8746232986 -0.4698146284 0.7797127962 0.3756997287 0.5008968115
-25.7 -138.4 2427.2 0 0 0 0 0 0 0 0 0
-119.8 -106.2 2811.4 0 0 0 0 0 0 0 0 0
-291.0 -774.0 2184.0 0 0 0 0 0 0 0 0 0
115.1 -749.8 2407.8 0 0 0 0 0 0 0 0 0
-254.3 153.5 2617.1 0 0.4741795659 0.2060875744 -0.8559682369 0.0723489821 0.9598091245 0.2711679339 0.8774504662 -0.1905107349 0.4402116537
-295.5 -38.4 2655.2 0.4741795659 0.2060875744 -0.8559682369 0.0723489821 0.9598091245 0.2711679339 0.8774504662 -0.1905107349 0.4402116537
-335.3 -225.7 2696.1 0.4777064025 0.2034556419 -0.8546358347 0.0888527483 0.9566361904 0.2774029970 0.8740147352 -0.2084539384 0.4389136434
-363.5 -51.0 2530.7 -0.4214463234 -0.0134029239 -0.9067543149 0.6158840656 0.7296946049 -0.2970398068 0.6656348705 -0.6836418509 -0.2992724478
-270.2 -187.4 2383.3 -0.9631448388 -0.0134029239 0.2686492801 -0.1931141764 0.7296946049 -0.6559365392 -0.1872404516 -0.6836418509 -0.7053898573
-227.4 -25.7 2779.8 0.7697204351 0.6357610822 -0.0577775650 -0.5315686464 0.6884201169 0.4934698343 0.3535041809 -0.3491210938 0.8678417206
-103.7 -111.1 2836.6 -0.4615384340 0.6357610822 0.6187003255 -0.0234966166 0.6884201169 -0.7249314785 -0.8868089914 -0.3491210938 -0.3027940989
-420.1 -416.8 2658.0 0.9662199616 -0.2576332986 -0.0066395337 0.0018835403 0.0328212939 -0.9994594455 0.2577119768 0.9656851888 0.0321978517
-311.9 -430.5 2252.4 0.9662199616 -0.0456786007 -0.2536384761 0.0018835403 0.9853926301 -0.1702874303 0.2577119768 0.1640573740 0.9521920681
-332.0 -405.0 2815.9 0.6213698387 -0.7689697146 0.1502834558 -0.1262693107 -0.2875778377 -0.9493972063 0.7732758522 0.5709506273 -0.2757894695
-43.5 -297.1 2601.6 0.6213698387 -0.3034404814 -0.7223734260 -0.1262693107 0.8711295724 -0.4745411575 0.7732758522 0.3860791624 0.5029784441
-25.1 -138.3 2430.9 0 0 0 0 0 0 0 0 0
-116.8 -111.8 2811.4 0 0 0 0 0 0 0 0 0
-295.3 -787.9 2192.9 0 0 0 0 0 0 0 0 0
114.9 -751.7 2400.2 0 0 0 0 0 0 0 0 0
-256.4 156.9 2616.7 1 0.4717577398 0.2074430585 -0.8569784164 0.0785471797 0.9581788182 0.2751793563 0.8782226443 -0.1971312314 0.4357342124
-297.8 -34.4 2656.1 0.4717577398 0.2074430585 -0.8569784164 0.0785471797 0.9581788182 0.2751793563 0.8782226443 -0.1971312314 0.4357342124
-337.6 -221.5 2697.8 0.4750500917 0.2032937557 -0.8561536670 0.0938882157 0.9556837678 0.2790225148 0.8749356866 -0.2129324079 0.4349107742
-365.5 -47.8 2531.4 -0.3951628506 -0.0024487707 -0.9186078310 0.6296247244 0.7274332643 -0.2727884650 0.6688938737 -0.6861740947 -0.2859127820
-278.4 -186.6 2383.9 -0.9709072113 -0.0024487707 0.2394435108 -0.1660304219 0.7274332643 -0.6657888293 -0.1725488007 -0.6861740947 -0.7066767216
-230.1 -21.0 2780.7 0.7691146731 0.6362152100 -0.0607685745 -0.5290293097 0.6871063113 0.4980089366 0.3585953414 -0.3508776426 0.8650400639
-106.5 -106.0 2838.4 -0.4588907361 0.6362152100 0.6202011704 -0.0285801813 0.6871063113 -0.7259945273 -0.8880329132 -0.3508776426 -0.2971235812
-418.3 -421.1 2657.9 0.9671932459 -0.2539687455 -0.0060924408 0.0008954820 0.0273902062 -0.9996244311 0.2540402412 0.9668245316 0.0267190468
-311.1 -432.7 2249.7 0.9671932459 -0.0402545631 -0.2508322299 0.0008954820 0.9879000783 -0.1550892442 0.2540402412 0.1497766525 0.9555262923
-334.5 -400.2 2818.5 0.6191872954 -0.7704207897 0.1518517137 -0.1216442287 -0.2851566374 -0.9507304430 0.7757639885 0.5702083111 -0.2702825963
-45.4 -293.2 2604.6 0.6191872954 -0.3053099215 -0.7234590054 -0.1216442287 0.8729016185 -0.4724885225 0.7757639885 0.3805634975 0.5033503771
-30.6 -144.2 2427.9 0 0 0 0 0 0 0 0 0
-119.5 -106.8 2813.2 0 0 0 0 0 0 0 0 0
-296.2 -797.8 2194.4 0 0 0 0 0 0 0 0 0
113.9 -748.8 2406.0 0 0 0 0 0 0 0 0 0
-256.0 153.6 2616.5 2 0.4916931093 0.1975202709 -0.8480705619 0.0677139238 0.9623109102 0.2633865774 0.8681317568 -0.1869315505 0.4597867727
-295.5 -38.7 2653.8 0.4916931093 0.1975202709 -0.8480705619 0.0677139238 0.9623109102 0.2633865774 0.8681317568 -0.1869315505 0.4597867727
-333.3 -226.7 2693.4 0.4947829247 0.1928089559 -0.8473573923 0.0829319879 0.9601495862 0.2668989003 0.8650503755 -0.2023300529 0.4590755999
-366.0 -50.5 2530.6 -0.3882989585 -0.0050821169 -0.9215194583 0.6262142062 0.7321768403 -0.2679046392 0.6760767102 -0.6810956597 -0.2811210155
-282.5 -185.2 2385.2 -0.9785727859 -0.0050821169 0.2058383971 -0.1438406259 0.7321768403 -0.6657529473 -0.1473266631 -0.6810956597 -0.7172193527
-225.0 -26.8 2777.1 0.7802952528 0.6239086390 -0.0433275737 -0.5299160480 0.6963559389 0.4840221405 0.3321570158 -0.3547202051 0.8739824295
-99.6 -112.0 2830.5 -0.4793643355 0.6239086390 0.6172096729 -0.0174721777 0.6963559389 -0.7174838781 -0.8774420619 -0.3547202051 -0.3229071498
-420.4 -417.2 2660.4 0.9668654799 -0.2552516758 -0.0042090048 0.0052102553 0.0362144671 -0.9993304610 0.2552331984 0.9661961794 0.0363444425
-312.0 -432.6 2250.1 0.9668654799 -0.0447114967 -0.2513404191 0.0052102553 0.9877941608 -0.1556778550 0.2552331984 0.1492099911 0.9552969933
-326.4 -407.2 2811.2 0.6377547383 -0.7552989721 0.1509713978 -0.1302641034 -0.2989482582 -0.9453365803 0.7591443658 0.5832266808 -0.2890440226
-43.0 -295.1 2592.4 0.6377547383 -0.3011574447 -0.7089239359 -0.1302641034 0.8649643660 -0.4846317172 0.7591443658 0.4014235139 0.5124050975
-32.5 -148.4 2422.9 0 0 0 0 0 0 0 0 0
-113.2 -112.5 2805.5 0 0 0 0 0 0 0 0 0
-295.3 -801.2 2194.4 0 0 0 0 0 0 0 0 0
114.1 -746.4 2383.0 0 0 0 0 0 0 0 0 0
-259.2 153.9 2616.9 3 0.4664436877 0.1890401989 -0.8641146421 0.0794997439 0.9639836550 0.2538017631 0.8809710741 -0.1870811284 0.4346154332
-296.9 -38.7 2654.3 0.4664436877 0.1890401989 -0.8641146421 0.0794997439 0.9639836550 0.2538017631 0.8809710741 -0.1870811284 0.4346154332
-333.4 -226.8 2694.5 0.4697780609 0.1860117763 -0.8629647493 0.0966122895 0.9608435631 0.2597030401 0.8774819970 -0.2053757906 0.4334122241
-363.9 -52.4 2529.3 -0.4140084684 0.0278560091 -0.9098467231 0.6107907295 0.7496137023 -0.2549784482 0.6749308705 -0.6612891555 -0.3273606002
-274.4 -184.3 2383.5 -0.9716522098 0.0278560091 0.2347679436 -0.1350650042 0.7496137023 -0.6479481459 -0.1940345168 -0.6612891555 -0.7246014476
-230.0 -24.9 2779.2 0.7774789929 0.6245996952 -0.0734958276 -0.5170569420 0.7013504505 0.4906726182 0.3580203056 -0.3434861302 0.8682388663
-105.1 -108.0 2836.8 -0.4547836483 0.6245996952 0.6348598599 -0.0308940727 0.7013504505 -0.7121468186 -0.8900659680 -0.3434861302 -0.2996662855
-415.8 -422.2 2654.9 0.9683975577 -0.2493593842 -0.0051049879 0.0011244643 0.0248329900 -0.9996910095 0.2494090945 0.9680925608 0.0243286025
-311.3 -432.6 2249.3 0.9683975577 -0.0372994430 -0.2466067970 0.0011244643 0.9893971086 -0.1452313215 0.2494090945 0.1403643638 0.9581716657
-327.4 -406.3 2814.0 0.6183840036 -0.7670249939 0.1710962653 -0.1154068410 -0.3039858341 -0.9456605315 0.7773560882 0.5650356412 -0.2764998972
-39.7 -292.2 2602.0 0.6183840036 -0.3230634034 -0.7164016366 -0.1154068410 0.8643822074 -0.4894126058 0.7773560882 0.3853225708 0.4972363710
-27.3 -150.0 2432.9 0 0 0 0 0 0 0 0 0
-118.0 -108.8 2811.5 0 0 0 0 0 0 0 0 0
-297.3 -803.5 2196.7 0 0 0 0 0 0 0 0 0
128.8 -743.1 2401.0 0 0 0 0 0 0 0 0 0
-260.3 152.8 2618.1 4 0.4616341293 0.1853233278 -0.8674959540 0.0847344473 0.9642494321 0.2510838509 0.8830141425 -0.1894156635 0.4294271767
-297.3 -39.5 2655.9 0.4616341293 0.1853233278 -0.8674959540 0.0847344473 0.9642494321 0.2510838509 0.8830141425 -0.1894156635 0.4294271767
-333.1 -227.7 2696.3 0.4646860063 0.1828383803 -0.8663931489 0.1006953865 0.9611908197 0.2568514347 0.8797314167 -0.2065970600 0.4282409549
-363.5 -53.8 2530.5 -0.4350843728 0.0305217914 -0.8998722434 0.5960311294 0.7588625550 -0.2624394596 0.6748692393 -0.6505351663 -0.3483611941
-268.2 -184.4 2382.7 -0.9695155025 0.0305217914 0.2431215644 -0.1358298957 0.7588625550 -0.6369284391 -0.2039360553 -0.6505351663 -0.7315832973
-231.1 -25.1 2781.2 0.7778993249 0.6232349873 -0.0803167298 -0.5127272606 0.7034068108 0.4922698736 0.3632951379 -0.3417558372 0.8667292595
-106.1 -107.5 2839.6 -0.4499140680 0.6232349873 0.6396526098 -0.0349394567 0.7034068108 -0.7099282146 -0.8923881054 -0.3417558372 -0.2946971357
-412.3 -423.7 2655.4 0.9705835581 -0.2407259792 0.0043069213 0.0098815151 0.0219551008 -0.9997101426 0.2405616492 0.9703447819 0.0236879978
-311.6 -432.9 2249.4 0.9705835581 -0.0547038242 -0.2344675660 0.0098815151 0.9820763469 -0.1882243156 0.2405616492 0.1803705245 0.9537277222
-326.9 -406.9 2816.3 0.6147516370 -0.7686887383 0.1766297817 -0.1108969525 -0.3059608936 -0.9455631971 0.7808855772 0.5616987944 -0.2733351886
-38.5 -292.1 2605.5 0.6147516370 -0.3290308714 -0.7168117762 -0.1108969525 0.8637413383 -0.4915818572 0.7808855772 0.3816929758 0.4944978654
-22.1 -149.9 2434.5 0 0 0 0 0 0 0 0 0
-118.8 -108.5 2814.2 0 0 0 0 0 0 0 0 0
-292.2 -781.0 2185.5 0 0 0 0 0 0 0 0 0
133.1 -742.7 2406.4 0 0 0 0 0 0 0 0 0
-262.4 151.8 2618.2 5 0.4698037207 0.1658415943 -0.8670530915 0.0903137997 0.9680115581 0.2340875566 0.8781388998 -0.1882820576 0.4397976398
-295.4 -41.1 2655.7 0.4698037207 0.1658415943 -0.8670530915 0.0903137997 0.9680115581 0.2340875566 0.8781388998 -0.1882820576 0.4397976398
-327.3 -230.1 2695.6 0.4723471403 0.1628939062 -0.8662295938 0.1052720025 0.9653134346 0.2389304191 0.8751034141 -0.2040478289 0.4388148785
-362.7 -56.1 2531.0 -0.4468980134 0.0368111171 -0.8938272595 0.5814589262 0.7712634802 -0.2589558065 0.6798438430 -0.6354506612 -0.3660802841
-264.4 -184.0 2381.5 -0.9663596153 0.0368111171 0.2545466423 -0.1344981045 0.7712634802 -0.6221437454 -0.2192243338 -0.6354506612 -0.7403668761
-228.1 -26.1 2780.4 0.7911367416 0.6063995957 -0.0798882768 -0.4998868704 0.7163121700 0.4868367016 0.3524425328 -0.3452193141 0.8698320985
-101.0 -106.4 2837.0 -0.4588924348 0.6063995957 0.6493821740 -0.0393014699 0.7163121700 -0.6966722608 -0.8876221776 -0.3452193141 -0.3048778474
-410.9 -425.1 2657.3 0.9715884924 -0.2366737127 -0.0011844994 0.0022327809 0.0141702332 -0.9998971224 0.2366661429 0.9714858532 0.0142960753
-312.3 -431.0 2252.6 0.9715884924 -0.0438082516 -0.2325869501 0.0022327809 0.9843730330 -0.1760817468 0.2366661429 0.1705596745 0.9565032721
-316.6 -409.6 2814.7 0.6252195239 -0.7567671537 0.1907983124 -0.1031878442 -0.3224819899 -0.9409344792 0.7735973001 0.5686025023 -0.2797112167
-32.7 -288.7 2601.4 0.6252195239 -0.3406191766 -0.7021959424 -0.1031878442 0.8557566404 -0.5069841146 0.7735973001 0.3894344568 0.4998880029
-19.5 -149.9 2437.0 0 0 0 0 0 0 0 0 0
-114.0 -107.5 2811.8 0 0 0 0 0 0 0 0 0
-296.3 -790.8 2190.3 0 0 0 0 0 0 0 0 0
145.1 -735.2 2398.2 0 0 0 0 0 0 0 0 0
-261.4 150.7 2618.2 6 0.4644591212 0.1674812138 -0.8696135879 0.0860362500 0.9687761068 0.2325310111 0.8814054132 -0.1828194410 0.4355474412
-294.9 -42.8 2654.7 0.4644591212 0.1674812138 -0.8696135879 0.0860362500 0.9687761068 0.2325310111 0.8814054132 -0.1828194410 0.4355474412
-326.4 -232.1 2693.4 0.4670796394 0.1608520150 -0.8694614768 0.1014865711 0.9670635462 0.2334277481 0.8783718348 -0.1972680092 0.4353713691
-361.4 -57.2 2529.6 -0.4228729010 0.0177487712 -0.9060151577 0.5924679637 0.7619358301 -0.2616018057 0.6856822968 -0.6474092603 -0.3327175975
-271.7 -183.0 2384.0 -0.9782063365 0.0177487712 0.2068752497 -0.1207422912 0.7619358301 -0.6362979412 -0.1689191759 -0.6474092603 -0.7431874275
-228.3 -28.3 2779.9 0.7907989025 0.6059510112 -0.0863738358 -0.4994434416 0.7203968763 0.4812323749 0.3538267016 -0.3374191821 0.8723273277
-101.2 -108.6 2836.8 -0.4538030922 0.6059510112 0.6533651948 -0.0353360251 0.7203968763 -0.6926613450 -0.8904011250 -0.3374191821 -0.3055064380
-401.9 -428.7 2656.5 0.9765944481 -0.2149805427 0.0068277628 0.0086972313 0.0077512548 -0.9999321103 0.2149130404 0.9765875936 0.0094395680
-313.1 -431.9 2252.7 0.9765944481 -0.0428855792 -0.2107702047 0.0086972313 0.9869933128 -0.1605260670 0.2149130404 0.1549357474 0.9642651677
-315.7 -412.4 2811.4 0.6211730838 -0.7588996291 0.1954873800 -0.1057911292 -0.3283704519 -0.9386059046 0.7764999866 0.5623558760 -0.2842597365
-30.9 -289.1 2600.4 0.6211730838 -0.3456923962 -0.7033070326 -0.1057911292 0.8522444963 -0.5123353601 0.7764999866 0.3926525712 0.4928201735
-22.8 -152.3 2427.0 0 0 0 0 0 0 0 0 0
-114.1 -109.6 2811.5 0 0 0 0 0 0 0 0 0
-297.1 -798.1 2195.3 0 0 0 0 0 0 0 0 0
149.5 -733.9 2395.5 0 0 0 0 0 0 0 0 0
-262.3 153.3 2617.8 7 0.4547104836 0.1612058878 -0.8759287000 0.0894272625 0.9702490568 0.2249879241 0.8861383200 -0.1806362718 0.4267662168
-294.8 -42.7 2654.2 0.4547104836 0.1612058878 -0.8759287000 0.0894272625 0.9702490568 0.2249879241 0.8861383200 -0.1806362718 0.4267662168
-325.9 -232.2 2692.6 0.4571096301 0.1585840136 -0.8751581907 0.1039662585 0.9677028060 0.2296569645 0.8833129406 -0.1959653348 0.4258588850
-360.0 -57.5 2528.4 -0.4168608487 -0.0122194216 -0.9088881612 0.6024153829 0.7450636625 -0.2863142490 0.6806781292 -0.6668814421 -0.3032267094
-271.8 -184.9 2384.4 -0.9784613252 -0.0122194216 0.2060683519 -0.1463531703 0.7450636625 -0.6507387161 -0.1455823928 -0.6668814421 -0.7308043242
-229.7 -27.9 2780.1 0.7891806960 0.6062986255 -0.0979584008 -0.4957255125 0.7229973674 0.4811767638 0.3625604808 -0.3311749101 0.8711332083
-102.8 -107.5 2838.4 -0.4440060556 0.6062986255 0.6597428322 -0.0377279148 0.7229973674 -0.6898198724 -0.8952291608 -0.3311749101 -0.2981408238
-400.1 -430.7 2652.6 0.9774518609 -0.2106850743 0.0141290668 0.0153185083 0.0040145670 -0.9998745918 0.2106019258 0.9775457382 0.0071514267
-313.8 -432.3 2252.1 0.9774518609 -0.0459938906 -0.2060883045 0.0153185083 0.9888632894 -0.1480363756 0.2106019258 0.1415414661 0.9672707915
-315.6 -412.3 2810.8 0.6132280231 -0.7634205818 0.2028309256 -0.1026149988 -0.3315947354 -0.9378246665 0.7832123041 0.5542868972 -0.2816815972
-29.2 -287.9 2602.9 0.6132280231 -0.3537843525 -0.7062492371 -0.1026149988 0.8508366942 -0.5153126121 0.7832123041 0.3884758949 0.4854533374
-22.2 -147.5 2421.5 0 0 0 0 0 0 0 0 0
-115.5 -108.6 2813.0 0 0 0 0 0 0 0 0 0
-296.6 -802.0 2199.2 0 0 0 0 0 0 0 0 0
155.4 -731.9 2400.1 0 0 0 0 0 0 0 0 0
-261.6 154.1 2618.0 8 0.4560087323 0.1771402657 -0.8721681833 0.0893187895 0.9659344554 0.2428843677 0.8854818940 -0.1886584014 0.4246525764
-297.2 -39.7 2655.9 0.4560087323 0.1771402657 -0.8721681833 0.0893187895 0.9659344554 0.2428843677 0.8854818940 -0.1886584014 0.4246525764
-331.2 -228.4 2695.9 0.4587673247 0.1741104573 -0.8713312149 0.1044697687 0.9632440209 0.2474812865 0.8823937178 -0.2045640945 0.4237155914
-362.5 -54.6 2530.1 -0.4654495418 -0.0112339584 -0.8850031495 0.5886516571 0.7427763939 -0.3190180361 0.6609432697 -0.6694453359 -0.3391120136
-259.4 -185.1 2383.6 -0.9730954170 -0.0112339584 0.2301283926 -0.1621986628 0.7427763939 -0.6495959163 -0.1636364013 -0.6694453359 -0.7246144414
-231.8 -24.8 2781.6 0.7811337113 0.6178089976 -0.0902337730 -0.5050446391 0.7101933360 0.4904644787 0.3670968115 -0.3375462592 0.8667770624
-106.2 -106.0 2840.6 -0.4446131885 0.6178089976 0.6485608220 -0.0385551006 0.7101933360 -0.7029501796 -0.8948925138 -0.3375462592 -0.2919416130
-398.3 -431.1 2651.2 0.9777554274 -0.2096153647 0.0074675595 0.0079581132 0.0014969013 -0.9999672174 0.2095973045 0.9777827859 0.0031317461
-312.6 -431.7 2251.5 0.9777554274 -0.0368710682 -0.2064821720 0.0079581132 0.9902405739 -0.1391410232 0.2095973045 0.1344026774 0.9685065150
-323.9 -407.5 2815.8 0.6115505695 -0.7686240673 0.1876776218 -0.1055001244 -0.3143039644 -0.9434419870 0.7841400504 0.5571624637 -0.2733027339
-35.5 -289.6 2606.7 0.6115505695 -0.3400416374 -0.7144071460 -0.1055001244 0.8598261476 -0.4995685518 0.7841400504 0.3808814883 0.4899527431
-12.4 -143.9 2425.2 0 0 0 0 0 0 0 0 0
-118.8 -107.1 2815.2 0 0 0 0 0 0 0 0 0
-298.8 -803.3 2201.1 0 0 0 0 0 0 0 0 0
141.9 -738.3 2408.0 0 0 0 0 0 0 0 0 0
-262.4 151.9 2619.1 9 0.4531794786 0.1842940450 -0.8721605539 0.0849459395 0.9650149345 0.2480532527 0.8873627186 -0.1864991337 0.4216699302
-299.1 -40.2 2656.3 0.4531794786 0.1842940450 -0.8721605539 0.0849459395 0.9650149345 0.2480532527 0.8873627186 -0.1864991337 0.4216699302
-334.7 -228.5 2696.2 0.4562701583 0.1817858219 -0.8710749149 0.1012145653 0.9619550109 0.2537680268 0.8840662837 -0.2039522529 0.4205119610
-364.1 -54.6 2530.3 -0.5248778462 0.0322367288 -0.8505669236 0.5650176406 0.7605630159 -0.3198421597 0.6365990639 -0.6484633684 -0.4174169898
-243.6 -184.3 2384.1 -0.9639898539 0.0322367288 0.2639779747 -0.1476983577 0.7605630159 -0.6322413683 -0.2211532742 -0.6484633684 -0.7284137011
-234.1 -25.7 2782.3 0.7761387825 0.6241278648 -0.0898496658 -0.5106449723 0.7057186365 0.4911241233 0.3699328601 -0.3352992237 0.8664433956
-109.3 -107.8 2841.7 -0.4415858686 0.6241278648 0.6445667148 -0.0354195610 0.7057186365 -0.7076062560 -0.8965196013 -0.3352992237 -0.2895290554
-406.8 -426.4 2656.2 0.9737138748 -0.2277744561 -0.0002092735 0.0030393878 0.0139117725 -0.9998986125 0.2277542800 0.9736145139 0.0142383808
-312.1 -432.2 2251.6 0.9737138748 -0.0362976156 -0.2248638123 0.0030393878 0.9892035723 -0.1465164125 0.2277542800 0.1419816166 0.9633116126
-329.1 -407.8 2816.1 0.6078920364 -0.7729105949 0.1818694174 -0.1098597348 -0.3087173700 -0.9447880387 0.7863829136 0.5543490052 -0.2725785673
-39.0 -291.9 2608.1 0.6078920364 -0.3352497518 -0.7197741866 -0.1098597348 0.8622639179 -0.4944003820 0.7863829136 0.3796162605 0.4873329699
0.9 -146.9 2440.2 0 0 0 0 0 0 0 0 0
-121.9 -108.8 2816.3 0 0 0 0 0 0 0 0 0
-298.5 -804.1 2198.2 0 0 0 0 0 0 0 0 0
135.9 -741.9 2410.0 0 0 0 0 0 0 0 0 0
-262.1 154.0 2618.2 0 0.4578755200 0.1800177842 -0.8705995679 0.0765875205 0.9676561356 0.2403663695 0.8857111931 -0.1767349243 0.4292789102
-298.1 -39.6 2653.6 0.4578755200 0.1800177842 -0.8705995679 0.0765875205 0.9676561356 0.2403663695 0.8857111931 -0.1767349243 0.4292789102
-333.3 -228.4 2692.0 0.4610382617 0.1795782745 -0.8690197468 0.0935771093 0.9640101790 0.2488527000 0.8824324608 -0.1960509717 0.4276411831
-363.8 -53.0 2527.8 -0.5501405001 0.0677022412 -0.8323231936 0.5649120212 0.7642064095 -0.3112282157 0.6149958372 -0.6414085627 -0.4586666822
-235.9 -184.3 2384.9 -0.9601011872 0.0677022412 0.2713338733 -0.1249343380 0.7642064095 -0.6327558756 -0.2501940727 -0.6414085627 -0.7252571583
-232.4 -26.3 2779.3 0.7787627578 0.6214526296 -0.0855874196 -0.5131202936 0.7095261216 0.4829909205 0.3608825207 -0.3322187066 0.8714324832
-107.2 -108.8 2837.4 -0.4465194046 0.6214526296 0.6437522769 -0.0276633445 0.7095261216 -0.7041358948 -0.8943462372 -0.3322187066 -0.2996257246
-411.5 -426.1 2656.2 0.9718289375 -0.2356057018 0.0062063010 0.0106605478 0.0176364388 -0.9997876287 0.2354462147 0.9716886878 0.0196512882
-313.5 -433.4 2251.8 0.9718289375 -0.0446933433 -0.2314110398 0.0106605478 0.9891864061 -0.1462757289 0.2354462147 0.1396880150 0.9617964029
-326.8 -408.8 2810.1 0.6123269200 -0.7695056200 0.1814299226 -0.1164178923 -0.3147408068 -0.9420111775 0.7819863558 0.5556971431 -0.2823084891
-38.0 -290.7 2601.6 0.6123269200 -0.3341117203 -0.7165368795 -0.1164178923 0.8583308458 -0.4997149408 0.7819863558 0.3894066215 0.4866825044
7.5 -152.6 2448.3 0 0 0 0 0 0 0 0 0
-119.9 -109.6 2812.0 0 0 0 0 0 0 0 0 0
-296.7 -805.6 2199.3 0 0 0 0 0 0 0 0 0
136.3 -738.6 2398.4 0 0 0 0 0 0 0 0 0
-259.8 156.5 2617.2 1 0.4549094141 0.1779413819 -0.8725790977 0.0807083100 0.9675638080 0.2393875867 0.8868729472 -0.1793240607 0.4257925451
-295.5 -37.5 2653.2 0.4549094141 0.1779413819 -0.8725790977 0.0807083100 0.9675638080 0.2393875867 0.8868729472 -0.1793240607 0.4257925451
-329.5 -226.5 2691.7 0.4579679668 0.1738276780 -0.8718080521 0.0975111574 0.9649555087 0.2436235398 0.8836045265 -0.1965827942 0.4249685705
-360.7 -51.4 2527.3 -0.5451342463 0.0773540959 -0.8347724080 0.5712965131 0.7630151510 -0.3023709655 0.6135543585 -0.6417353153 -0.4601378143
-233.7 -184.5 2384.3 -0.9602300525 0.0773540959 0.2682808936 -0.1161855087 0.7630151510 -0.6358528137 -0.2538881898 -0.6417353153 -0.7236826420
-230.2 -23.6 2779.1 0.7810813785 0.6177392602 -0.0911597386 -0.5076614022 0.7132201195 0.4833186865 0.3635818660 -0.3312329352 0.8706853390
-104.6 -105.2 2837.6 -0.4438304603 0.6177392602 0.6491631269 -0.0315000452 0.7132201195 -0.7002319694 -0.8955569267 -0.3312329352 -0.2970900238
-410.1 -425.7 2650.6 0.9715495706 -0.2367935181 0.0044992296 0.0090008099 0.0179329626 -0.9997986555 0.2366651595 0.9713944793 0.0195540953
-312.8 -433.1 2251.5 0.9715495706 -0.0420383252 -0.2330754995 0.0090008099 0.9899637699 -0.1410344988 0.2366651595 0.1349241287 0.9621772766
-322.2 -406.7 2810.1 0.6109137535 -0.7689638138 0.1883587390 -0.1115776226 -0.3191696703 -0.9411063790 0.7837951183 0.5539182425 -0.2807843089
-33.6 -286.9 2602.2 0.6109137535 -0.3407958150 -0.7145925760 -0.1115776226 0.8565371037 -0.5038795471 0.7837951183 0.3875595033 0.4852451384
10.1 -155.0 2448.8 0 0 0 0 0 0 0 0 0
-117.2 -106.1 2812.2 0 0 0 0 0 0 0 0 0
-297.0 -805.8 2200.7 0 0 0 0 0 0 0 0 0
144.2 -733.9 2400.0 0 0 0 0 0 0 0 0 0
-260.5 153.5 2617.8 2 0.4484927654 0.1829866767 -0.8748543262 0.0874547362 0.9651367068 0.2467039078 0.8894975781 -0.1871550679 0.4168537855
-297.0 -39.0 2655.1 0.4484927654 0.1829866767 -0.8748543262 0.0874547362 0.9651367068 0.2467039078 0.8894975781 -0.1871550679 0.4168537855
-332.0 -227.4 2695.4 0.4518562257 0.1786597520 -0.8740175366 0.1053796336 0.9621912837 0.2511634827 0.8858448267 -0.2055934370 0.4159450233
-361.4 -54.0 2528.9 -0.5127341747 0.0604581647 -0.8564161062 0.5740621686 0.7658793926 -0.2896227837 0.6384013891 -0.6401355863 -0.4273992777
-244.3 -185.0 2383.2 -0.9623193145 0.0604581647 0.2651158273 -0.1256102771 0.7658793926 -0.6305955648 -0.2411713898 -0.6401355863 -0.7294263840
-232.6 -24.0 2781.3 0.7766326666 0.6226293445 -0.0957831815 -0.5064094067 0.7074993849 0.4929443598 0.3746881783 -0.3343311846 0.8647724986
-107.7 -105.4 2841.6 -0.4374289811 0.6226293445 0.6488363147 -0.0395772494 0.7074993849 -0.7056049109 -0.8983816504 -0.3343311846 -0.2848387659
-405.0 -424.3 2650.3 0.9740597010 -0.2262908816 0.0002919740 0.0054613370 0.0222181771 -0.9997382164 0.2262251526 0.9738063216 0.0228776820
-312.2 -433.4 2251.2 0.9740597010 -0.0377416350 -0.2231215239 0.0054613370 0.9896271229 -0.1435561925 0.2262251526 0.1386137605 0.9641620517
-326.1 -406.4 2815.7 0.6047596335 -0.7741226554 0.1870826483 -0.1053217873 -0.3105839193 -0.9446930289 0.7894131541 0.5516083241 -0.2693606019
-35.6 -289.8 2608.7 0.6047596335 -0.3405686617 -0.7199158072 -0.1053217873 0.8618133068 -0.4961704612 0.7894131541 0.3758866787 0.4853205979
-0.4 -153.2 2444.3 0 0 0 0 0 0 0 0 0
-120.1 -106.5 2816.1 0 0 0 0 0 0 0 0 0
-298.0 -806.1 2199.0 0 0 0 0 0 0 0 0 0
142.1 -739.5 2412.6 0 0 0 0 0 0 0 0 0
-262.3 154.6 2617.5 3 0.4433864057 0.1774028391 -0.8785992861 0.0932202488 0.9657755494 0.2420488000 0.8914698362 -0.1892243922 0.4116742015
-297.8 -38.4 2655.3 0.4433864057 0.1774028391 -0.8785992861 0.0932202488 0.9657755494 0.2420488000 0.8914698362 -0.1892243922 0.4116742015
-332.2 -226.8 2696.3 0.4467180967 0.1758007556 -0.8772326112 0.1114039272 0.9619433284 0.2495079488 0.8877117038 -0.2091868818 0.4101325870
-361.4 -54.3 2528.8 -0.5066704154 0.0512188822 -0.8606170416 0.5773172975 0.7615368366 -0.2945613861 0.6403044462 -0.6460946798 -0.4154177308
-246.2 -185.7 2383.2 -0.9679526687 0.0512188822 0.2458540946 -0.1214084625 0.7615368366 -0.6366487741 -0.2198353857 -0.6460946798 -0.7309131622
-234.1 -22.6 2781.9 0.7766951919 0.6214991212 -0.1023885831 -0.5014548302 0.7084836364 0.4965823293 0.3811661005 -0.3343498707 0.8619295359
-109.3 -103.2 2843.1 -0.4324766695 0.6214991212 0.6532249451 -0.0455840752 0.7084836364 -0.7042535543 -0.9004921317 -0.3343498707 -0.2780721784
-407.8 -425.4 2655.6 0.9726802707 -0.2318695635 0.0113824876 0.0157718491 0.0170852803 -0.9997296333 0.2316123992 0.9725968242 0.0202755276
-311.5 -432.5 2251.5 0.9726802707 -0.0596573725 -0.2243525088 0.0157718491 0.9811658859 -0.1925220788 0.2316123992 0.1837239861 0.9553016424
-326.3 -405.2 2817.5 0.6010055542 -0.7757446170 0.1923866868 -0.0990936682 -0.3111774623 -0.9451714158 0.7930780649 0.5489889383 -0.2638907731
-35.2 -288.4 2611.5 0.6010055542 -0.3460981250 -0.7204223871 -0.0990936682 0.8621565700 -0.4968566000 0.7930780649 0.3700028658 0.4838647544
-0.5 -154.8 2439.0 0 0 0 0 0 0 0 0 0
-121.5 -104.5 2817.6 0 0 0 0 0 0 0 0 0
-290.2 -781.7 2186.1 0 0 0 0 0 0 0 0 0
145.4 -738.3 2418.4 0 0 0 0 0 0 0 0 0
-255.5 155.7 2608.9 4 0.4591422379 0.2036345452 -0.8647088408 0.1005858555 0.9551973939 0.2783530951 0.8826498985 -0.2147811502 0.4180887043
-296.1 -35.1 2651.8 0.4591422379 0.2036345452 -0.8647088408 0.1005858555 0.9551973939 0.2783530951 0.8826498985 -0.2147811502 0.4180887043
-335.6 -221.3 2697.6 0.4628283978 0.2018079162 -0.8631705642 0.1179170609 0.9510712028 0.2855855823 0.8785701394 -0.2339596450 0.4163861573
-362.1 -51.9 2526.6 -0.4858557582 0.0566567332 -0.8722007871 0.5974928737 0.7498513460 -0.2841217816 0.6379235387 -0.6591759324 -0.3981716037
-252.2 -187.0 2382.3 -0.9631530046 0.0566567332 0.2629188299 -0.1328173876 0.7498513460 -0.6481376886 -0.2338714004 -0.6591759324 -0.7146965861
-230.2 -18.4 2777.0 0.7665287852 0.6378237605 -0.0749301687 -0.5161069632 0.6812425852 0.5191745162 0.3821874559 -0.3592902124 0.8513773084
-107.0 -101.3 2838.4 -0.4469036758 0.6378237605 0.6272622943 -0.0525706410 0.6812425852 -0.7301677465 -0.8930360675 -0.3592902124 -0.2709189951
-407.0 -425.3 2657.0 0.9738477468 -0.2268525660 0.0125875147 0.0155329537 0.0112034259 -0.9998165965 0.2266699225 0.9738646746 0.0144341215
-313.8 -429.9 2257.0 0.9738477468 -0.0555588640 -0.2203037441 0.0155329537 0.9836524129 -0.1794063002 0.2266699225 0.1712924540 0.9587907195
-333.2 -396.8 2822.9 0.6092851758 -0.7766651511 0.1598835737 -0.0991057754 -0.2746365666 -0.9564270973 0.7867335081 0.5668914914 -0.2443040013
-42.0 -293.8 2610.3 0.6092851758 -0.3144470453 -0.7279385924 -0.0991057754 0.8806158900 -0.4633505344 0.7867335081 0.3544555306 0.5053827167
-6.9 -153.2 2441.9 0 0 0 0 0 0 0 0 0
-119.7 -102.8 2813.1 0 0 0 0 0 0 0 0 0
-293.5 -790.2 2194.2 0 0 0 0 0 0 0 0 0
122.0 -753.0 2425.5 0 0 0 0 0 0 0 0 0
-255.7 156.1 2613.1 5 0.4786236882 0.1991738677 -0.8551310897 0.0852188244 0.9587949514 0.2710165083 0.8738747835 -0.2025881857 0.4419286251
-295.5 -35.6 2653.6 0.4786236882 0.1991738677 -0.8551310897 0.0852188244 0.9587949514 0.2710165083 0.8738747835 -0.2025881857 0.4419286251
-334.1 -222.7 2696.2 0.4814496338 0.1971738487 -0.8540074229 0.0988708660 0.9559303522 0.2764446735 0.8708792925 -0.2175306380 0.4407376051
-364.1 -49.7 2529.6 -0.4682400227 0.0411444604 -0.8826428652 0.6032693386 0.7447555065 -0.2853161693 0.6456139684 -0.6660678387 -0.3735455275
-257.1 -187.6 2382.0 -0.9606037736 0.0411444604 0.2748590708 -0.1538999528 0.7447555065 -0.6493489146 -0.2314199209 -0.6660678387 -0.7090828419
-226.9 -21.5 2777.7 0.7743628025 0.6302228570 -0.0564037636 -0.5242035389 0.6889005899 0.5006262064 0.3543626964 -0.3580992818 0.8638240695
-102.5 -105.8 2834.6 -0.4658358991 0.6302228570 0.6211408973 -0.0334799886 0.6889005899 -0.7240822315 -0.8842375278 -0.3580992818 -0.2998147607
-416.9 -418.0 2664.1 0.9692952037 -0.2458998859 0.0001892433 0.0085479468 0.0329253934 -0.9994212389 0.2457513362 0.9687358737 0.0340163670
-313.0 -431.9 2254.7 0.9692952037 -0.0470088758 -0.2413647622 0.0085479468 0.9874050021 -0.1579821110 0.2457513362 0.1510681212 0.9574887753
-329.3 -400.9 2817.5 0.6257511973 -0.7646126747 0.1542819291 -0.1163307726 -0.2870589495 -0.9508229494 0.7712993026 0.5770308375 -0.2685754597
-42.5 -293.3 2601.1 0.6257511973 -0.3062871397 -0.7173727155 -0.1163307726 0.8727518916 -0.4741005301 0.7712993026 0.3801214993 0.5104948878
-12.3 -148.4 2441.0 0 0 0 0 0 0 0 0 0
-115.7 -106.7 2809.5 0 0 0 0 0 0 0 0 0
-295.5 -798.6 2198.6 0 0 0 0 0 0 0 0 0
117.2 -748.4 2402.8 0 0 0 0 0 0 0 0 0
-258.3 156.6 2607.2 6 0.4801692665 0.1949518621 -0.8552375436 0.0946620926 0.9577792287 0.2714738846 0.8720530868 -0.2113119960 0.4414415658
-297.2 -34.5 2649.3 0.4801692665 0.1949518621 -0.8552375436 0.0946620926 0.9577792287 0.2714738846 0.8720530868 -0.2113119960 0.4414415658
-334.7 -221.7 2693.1 0.4825984836 0.1916744411 -0.8546108007 0.1066843122 0.9556289315 0.2745756507 0.8693199158 -0.2236833721 0.4407364130
-365.9 -49.7 2525.5 -0.4759942889 0.0570253395 -0.8775976300 0.6064299941 0.7439899445 -0.2805738151 0.6369239688 -0.6657530069 -0.3887168169
-258.3 -186.8 2381.5 -0.9585857987 0.0570253395 0.2790364921 -0.1455735415 0.7439899445 -0.6521405578 -0.2447888702 -0.6657530069 -0.7048768401
-228.4 -19.3 2773.2 0.7778210044 0.6258632541 -0.0573557019 -0.5179952979 0.6900826097 0.5054372549 0.3559147716 -0.3634297252 0.8609549999
-103.4 -102.6 2830.4 -0.4672752321 0.6258632541 0.6244590282 -0.0413155220 0.6900826097 -0.7225503325 -0.8831460476 -0.3634297252 -0.2966006398
-416.3 -418.8 2660.1 0.9688730240 -0.2475164533 -0.0045441869 0.0037883602 0.0331779644 -0.9994422793 0.2475291789 0.9683154821 0.0330829173
-312.4 -432.7 2253.8 0.9688730240 -0.0418119691 -0.2440016419 0.0037883602 0.9880223870 -0.1542642117 0.2475291789 0.1485380679 0.9574266076
-328.6 -399.1 2815.5 0.6278815269 -0.7619528174 0.1587220132 -0.1083294004 -0.2875024378 -0.9516339302 0.7707331181 0.5803191066 -0.2630593777
-42.8 -291.3 2597.8 0.6278815269 -0.3102519810 -0.7137986422 -0.1083294004 0.8733513951 -0.4748916924 0.7707331181 0.3755010962 0.5147517920
-13.3 -149.6 2444.1 0 0 0 0 0 0 0 0 0
-116.7 -103.8 2805.3 0 0 0 0 0 0 0 0 0
-296.8 -802.3 2198.2 0 0 0 0 0 0 0 0 0
119.1 -746.9 2401.9 0 0 0 0 0 0 0 0 0
-254.0 158.7 2612.2 7 0.4867773652 0.2064727545 -0.8487737179 0.0765324906 0.9578467607 0.2768977582 0.8701670170 -0.1997463256 0.4504562318
-295.3 -32.6 2652.1 0.4867773652 0.2064727545 -0.8487737179 0.0765324906 0.9578467607 0.2768977582 0.8701670170 -0.1997463256 0.4504562318
-335.0 -219.5 2694.8 0.4904648066 0.2027590573 -0.8475452662 0.0937652811 0.9546326399 0.2826385796 0.8664019704 -0.2180946022 0.4492019713
-365.1 -45.9 2528.7 -0.4635455310 0.0660615042 -0.8836070299 0.6132727861 0.7436891198 -0.2661257982 0.6395483017 -0.6652535796 -0.3852474988
-258.6 -186.8 2381.7 -0.9507462382 0.0660615042 0.3028489947 -0.1554403156 0.7436891198 -0.6502036452 -0.2681789398 -0.6652535796 -0.6967909932
-225.4 -19.2 2775.6 0.7734423280 0.6323249936 -0.0441825762 -0.5309848785 0.6843983531 0.4996538460 0.3461821079 -0.3629931211 0.8650976419
-101.1 -104.6 2831.2 -0.4742939472 0.6323249936 0.6125441790 -0.0284802392 0.6843983531 -0.7285518646 -0.8799057603 -0.3629931211 -0.3065972328
-415.9 -418.4 2658.4 0.9685007334 -0.2487817556 -0.0106775770 -0.0024207195 0.0334714837 -0.9994367361 0.2489990294 0.9679810405 0.0318149254
-312.3 -432.3 2255.6 0.9685007334 -0.0385578126 -0.2460074574 -0.0024207195 0.9864344001 -0.1641381979 0.2489990294 0.1595634669 0.9552690387
-330.4 -398.0 2815.9 0.6321735978 -0.7613289356 0.1439958960 -0.1223971620 -0.2816323042 -0.9516838789 0.7650983930 0.5840047002 -0.2712250054
-44.7 -292.3 2596.7 0.6321735978 -0.2957519293 -0.7161615491 -0.1223971620 0.8745633364 -0.4692098498 0.7650983930 0.3842782080 0.5166766644
-15.5 -147.1 2450.3 0 0 0 0 0 0 0 0 0
-114.5 -105.4 2806.2 0 0 0 0 0 0 0 0 0
-297.9 -802.6 2195.7 0 0 0 0 0 0 0 0 0
109.6 -748.6 2396.3 0 0 0 0 0 0 0 0 0
-256.1 157.8 2614.8 8 0.4881151319 0.2000305802 -0.8495477438 0.0721623376 0.9607998133 0.2676869631 0.8697909117 -0.1919674128 0.4545462430
-296.1 -34.2 2653.1 0.4881151319 0.2000305802 -0.8495477438 0.0721623376 0.9607998133 0.2676869631 0.8697909117 -0.1919674128 0.4545462430
-334.8 -221.7 2694.4 0.4916405976 0.1976951212 -0.8480602503 0.0891648829 0.9573405981 0.2748609483 0.8662211895 -0.2107499987 0.4530400634
-366.1 -46.9 2529.7 -0.4549969435 0.0463862605 -0.8892840147 0.6103417277 0.7434251308 -0.2734996676 0.6484295130 -0.6672086716 -0.3665676415
-261.7 -186.9 2380.9 -0.9553435445 0.0463862605 0.2918338478 -0.1621181518 0.7434251308 -0.6488734484 -0.2470554411 -0.6672086716 -0.7027063370
-226.0 -21.5 2776.5 0.7766866088 0.6282811165 -0.0449533574 -0.5299661756 0.6903834343 0.4924495816 0.3404318094 -0.3586552143 0.8691792488
-101.2 -106.7 2831.3 -0.4758350253 0.6282811165 0.6155029535 -0.0237212516 0.6903834343 -0.7230546474 -0.8792145848 -0.3586552143 -0.3136050105
-419.0 -414.9 2659.3 0.9633784890 -0.2673861980 -0.0201624501 -0.0086453594 0.0441804938 -0.9989861846 0.2680059075 0.9625760913 0.0402508900
-305.8 -433.6 2251.7 0.9633784890 -0.0443169810 -0.2644577920 -0.0086453594 0.9806017876 -0.1958197802 0.2680059075 0.1909348965 0.9443075061
-329.1 -401.1 2814.0 0.6341865063 -0.7588660121 0.1480873972 -0.1254976690 -0.2900218368 -0.9487558603 0.7629271746 0.5831035376 -0.2791638374
-44.3 -292.3 2595.2 0.6341865063 -0.2992863357 -0.7129061818 -0.1254976690 0.8699716926 -0.4768643975 0.7629271746 0.3918890059 0.5141645074
-17.1 -145.4 2444.1 0 0 0 0 0 0 0 0 0
-114.7 -107.3 2806.3 0 0 0 0 0 0 0 0 0
-290.0 -782.6 2183.7 0 0 0 0 0 0 0 0 0
111.8 -746.2 2390.7 0 0 0 0 0 0 0 0 0
-257.1 157.2 2616.0 9 0.4702279568 0.1998600811 -0.8596171141 0.0814938471 0.9600263238 0.2677839100 0.8787744045 -0.1959729940 0.4351438284
-297.0 -34.5 2655.2 0.4702279568 0.1998600811 -0.8596171141 0.0814938471 0.9600263238 0.2677839100 0.8787744045 -0.1959729940 0.4351438284
-335.9 -221.9 2696.9 0.4734568894 0.1980965585 -0.8582518697 0.0970459580 0.9567177892 0.2743595243 0.8754545450 -0.2131872773 0.4337401688
-364.5 -48.4 2530.4 -0.4431714714 0.0469419174 -0.8952069879 0.6070976257 0.7504744530 -0.2611905932 0.6595692039 -0.6592302322 -0.3610872030
-262.9 -187.5 2379.2 -0.9578201771 0.0469419174 0.2835083008 -0.1534927040 0.7504744530 -0.6428281665 -0.2429413199 -0.6592302322 -0.7116143703
-229.6 -20.7 2779.9 0.7716500163 0.6327545047 -0.0646369010 -0.5244863033 0.6904997230 0.4981207252 0.3598198891 -0.3504737020 0.8646951914
-105.6 -105.0 2837.7 -0.4576458931 0.6327545047 0.6246454716 -0.0316342860 0.6904997230 -0.7226405740 -0.8885716200 -0.3504737020 -0.2959876359
-418.0 -417.2 2657.4 0.9660490155 -0.2582113743 -0.0087290062 -0.0008892883 0.0304628536 -0.9995355010 0.2583573461 0.9656080604 0.0291989855
-309.9 -430.0 2253.4 0.9660490155 -0.0480653904 -0.2538484335 -0.0008892883 0.9819175005 -0.1893072277 0.2583573461 0.1831057966 0.9485377073
-331.9 -400.5 2817.8 0.6189553142 -0.7694351673 0.1576825827 -0.1176906750 -0.2893517911 -0.9499602318 0.7765585780 0.5694251657 -0.2696511745
-43.2 -292.0 2604.1 0.6189553142 -0.3106795847 -0.7213684916 -0.1176906750 0.8713864684 -0.4762715101 0.7765585780 0.3796891272 0.5027852058
-17.5 -148.2 2441.5 0 0 0 0 0 0 0 0 0
-118.6 -105.9 2812.5 0 0 0 0 0 0 0 0 0
-292.3 -789.6 2186.3 0 0 0 0 0 0 0 0 0
118.9 -746.6 2406.0 0 0 0 0 0 0 0 0 0
-257.9 157.2 2616.6 0 0.4447780550 0.2019890398 -0.8725668192 0.0859276205 0.9601199031 0.2660568953 0.8915093541 -0.1933138520 0.4096838236
-298.1 -34.1 2655.2 0.4447780550 0.2019890398 -0.8725668192 0.0859276205 0.9601199031 0.2660568953 0.8915093541 -0.1933138520 0.4096838236
-337.2 -221.4 2697.0 0.4486764073 0.1995950043 -0.8711207509 0.1045313701 0.9563300014 0.2729580700 0.8875599504 -0.2135292888 0.4082187712
-362.1 -49.0 2528.7 -0.4452456832 0.0502603315 -0.8939967752 0.6099799275 0.7479398251 -0.2617450655 0.6555003524 -0.6618609428 -0.3636747599
-261.9 -186.2 2381.3 -0.9610292315 0.0502603315 0.2718394101 -0.1441573203 0.7479398251 -0.6479233503 -0.2358843684 -0.6618609428 -0.7115466595
-234.2 -19.2 2781.6 0.7637147307 0.6391613483 -0.0906233862 -0.5187991858 0.6912224293 0.5030496716 0.3841708004 -0.3371711075 0.8594931364
-111.5 -102.5 2843.3 -0.4327961206 0.6391613483 0.6357360482 -0.0391249582 0.6912224293 -0.7215821743 -0.9006423950 -0.3371711075 -0.2741512358
-417.4 -418.1 2659.6 0.9646173716 -0.2618832290 -0.0305048134 -0.0229874812 0.0317212939 -0.9992323518 0.2626498640 0.9645780921 0.0245788749
-305.9 -431.6 2248.6 0.9646173716 -0.0175962206 -0.2630660534 -0.0229874812 0.9883577228 -0.1504013240 0.2626498640 0.1511269510 0.9529825449
-335.8 -399.2 2819.0 0.5978204012 -0.7835159302 0.1694507599 -0.1100783348 -0.2896168828 -0.9507916570 0.7940362692 0.5497497916 -0.2593870163
-41.9 -290.6 2612.8 0.5978204012 -0.3248749375 -0.7328485847 -0.1100783348 0.8722686768 -0.4764767289 0.7940362692 0.3655182421 0.4856983125
-17.1 -149.5 2441.3 0 0 0 0 0 0 0 0 0
-123.8 -103.6 2817.7 0 0 0 0 0 0 0 0 0
-299.3 -798.4 2192.5 0 0 0 0 0 0 0 0 0
127.6 -745.7 2422.0 0 0 0 0 0 0 0 0 0
-257.8 157.5 2617.0 1 0.4563301802 0.2022530735 -0.8665197492 0.0827644393 0.9599556327 0.2676475644 0.8859530687 -0.1938526779 0.4213173687
-298.1 -33.8 2655.6 0.4563301802 0.2022530735 -0.8665197492 0.0827644393 0.9599556327 0.2676475644 0.8859530687 -0.1938526779 0.4213173687
-337.5 -221.1 2697.4 0.4600622952 0.2006671578 -0.8649135232 0.1005121022 0.9560936093 0.2752858102 0.8821791410 -0.2135828882 0.4196931422
-363.7 -48.2 2529.9 -0.4544897377 0.0366583280 -0.8899973035 0.6069948673 0.7439988852 -0.2793257535 0.6519173980 -0.6671745181 -0.3603912890
