153.8 27.3 2648.0 9 0.4216837287 0.1155189425 -0.8993543386 -0.1667602211 0.9848134518 0.0483063646 0.8912765384 0.1296065152 0.4345437586
131.0 -167.2 2622.4 0.4216837287 0.1155189425 -0.8993543386 -0.1667602211 0.9848134518 0.0483063646 0.8912765384 0.1296065152 0.4345437586
106.2 -358.3 2599.6 0.4224279225 0.1274099648 -0.8973969817 -0.1607260257 0.9849103689 0.0641769916 0.8920323849 0.1171249002 0.4365317523
73.3 -145.3 2500.6 -0.6704881787 0.1795636266 -0.7198628187 0.7053228617 0.4552457929 -0.5433883667 0.2301417440 -0.8720712066 -0.4318872690
229.4 -309.5 2447.0 -0.9334638715 0.1795636266 0.3104869127 -0.2009390444 0.4552457929 -0.8673954010 -0.2971005142 -0.8720712066 -0.3888741434
188.7 -189.1 2744.1 0.9061987400 0.3854991496 -0.1737648845 -0.4135431647 0.7222110033 -0.5544306040 -0.0882376283 0.5742835999 0.8138872385
405.6 -288.1 2723.0 0.8237124681 0.3854991496 0.4157982171 0.0111052506 0.7222110033 -0.6915836334 -0.5668989420 0.5742835999 0.5906131268
39.1 -533.1 2506.0 0.7873945236 -0.6160692573 0.0216463171 0.0399659388 0.0159766153 -0.9990733266 0.6151525378 0.7875299454 0.0372016840
259.7 -538.8 2224.1 0.7873945236 -0.0489155129 -0.6145056486 0.0399659388 0.9988003373 -0.0282957088 0.6151525378 -0.0022794073 0.7884048223
114.2 -557.8 2666.6 0.3989456296 -0.8482109308 -0.3483972251 -0.0283687003 0.3683434427 -0.9292568564 0.9165356755 0.3806065321 0.1228863597
443.1 -700.7 2519.0 0.3989456296 -0.5438091159 -0.7383183837 -0.0283687003 0.7974627614 -0.6027008295 0.9165356755 0.2613900006 0.3027171195
469.4 -257.9 2523.4 0 0 0 0 0 0 0 0 0
635.4 -285.0 2564.9 0 0 0 0 0 0 0 0 0
271.9 -788.4 2224.7 0 0 0 0 0 0 0 0 0
646.0 -998.2 2421.5 0 0 0 0 0 0 0 0 0
154.3 24.9 2653.0 0 0.4279405773 0.1090631709 -0.8972023726 -0.1741003990 0.9840483069 0.0365790427 0.8868798614 0.1405496299 0.4401021302
132.8 -169.0 2625.3 0.4279405773 0.1090631709 -0.8972023726 -0.1741003990 0.9840483069 0.0365790427 0.8868798614 0.1405496299 0.4401021302
108.9 -359.9 2600.4 0.4285413027 0.1227246225 -0.8951485753 -0.1689994782 0.9841347337 0.0540181957 0.8875762224 0.1281306148 0.4424827695
74.2 -145.9 2504.1 -0.6646419168 0.1681130081 -0.7280035615 0.7024955750 0.4724447131 -0.5322555304 0.2544623613 -0.8651785851 -0.4321052134
229.0 -309.5 2444.8 -0.9360605478 0.1681130081 0.3090771139 -0.1986761093 0.4724447131 -0.8586755991 -0.2903763950 -0.8651785851 -0.4088368416
191.3 -192.0 2746.5 0.9079083800 0.3849352300 -0.1659131795 -0.4074402153 0.7174546719 -0.5650233030 -0.0984621942 0.5805890560 0.8082212210
408.7 -289.6 2722.9 0.8202530146 0.3849352300 0.4230955839 0.0224370938 0.7174546719 -0.6962437630 -0.5715606809 0.5805890560 0.5798574686
43.7 -535.0 2497.0 0.7851415873 -0.6187663674 0.0260924790 0.0407121144 0.0095272055 -0.9991254807 0.6179766655 0.7855172753 0.0326714963
254.9 -538.2 2228.8 0.7851415873 -0.0685502440 -0.6155107617 0.0407121144 0.9974184632 -0.0591516942 0.6179766655 0.0213837083 0.7859055400
119.3 -563.7 2656.7 0.4198501408 -0.8490127921 -0.3207852244 0.0469381809 0.3732849360 -0.9265285730 0.9063788652 0.3739460707 0.1965748519
448.8 -708.6 2511.6 0.4198501408 -0.5498946309 -0.7220399976 0.0469381809 0.8076455593 -0.5877971053 0.9063788652 0.2128954530 0.3649011552
469.4 -258.5 2519.4 0 0 0 0 0 0 0 0 0
637.7 -283.3 2563.4 0 0 0 0 0 0 0 0 0
271.9 -785.1 2223.5 0 0 0 0 0 0 0 0 0
653.7 -1009.6 2432.2 0 0 0 0 0 0 0 0 0
151.5 24.4 2646.0 1 0.4264195859 0.1063904464 -0.8982468247 -0.1552236527 0.9869340658 0.0432063304 0.8911071420 0.1210051253 0.4373623431
130.6 -169.7 2622.2 0.4264195859 0.1063904464 -0.8982468247 -0.1552236527 0.9869340658 0.0432063304 0.8911071420 0.1210051253 0.4373623431
106.4 -361.0 2600.3 0.4263831973 0.1245041713 -0.8959330916 -0.1555346847 0.9858210087 0.0629750788 0.8910703063 0.1124971509 0.4397022426
72.3 -148.4 2500.5 -0.7187536955 0.2072624415 -0.6636530757 0.6638628244 0.4882153273 -0.5665085912 0.2065896541 -0.8477547169 -0.4885004163
239.2 -302.6 2452.5 -0.9314809442 0.2072624415 0.2989741266 -0.1663472801 0.4882153273 -0.8567230701 -0.3235302567 -0.8477547169 -0.4202857316
188.8 -190.9 2743.9 0.9072675109 0.3852316141 -0.1687074900 -0.4108093977 0.7259543538 -0.5515667796 -0.0900070220 0.5697252154 0.8168916106
406.1 -289.3 2722.3 0.8214592338 0.3852316141 0.4204775095 0.0115393521 0.7259543538 -0.6876460314 -0.5701504946 0.5697252154 0.5918965936
46.7 -535.8 2496.0 0.7881064415 -0.6147201061 0.0317400172 0.0425963737 0.0030248156 -0.9990878105 0.6140633225 0.7887395620 0.0285687242
254.0 -536.8 2230.1 0.7881064415 -0.0759346262 -0.6108372211 0.0425963737 0.9967106581 -0.0689453185 0.6140633225 0.0283167996 0.7887486219
123.5 -566.0 2655.0 0.4156121612 -0.8472030163 -0.3309284151 0.0618260130 0.3893140852 -0.9190278053 0.9074382186 0.3614991605 0.2141828537
452.3 -717.1 2514.7 0.4454487860 -0.5546922684 -0.7027744055 0.0201896168 0.7909770608 -0.6115126014 0.8950797319 0.2582088113 0.3635388017
476.8 -260.1 2535.0 0 0 0 0 0 0 0 0 0
635.5 -286.1 2563.2 0 0 0 0 0 0 0 0 0
273.1 -788.0 2223.0 0 0 0 0 0 0 0 0 0
658.9 -1011.8 2418.5 0 0 0 0 0 0 0 0 0
149.1 25.2 2651.0 2 0.3955051005 0.1005628929 -0.9129418731 -0.1608239412 0.9862138033 0.0389617682 0.9042739272 0.1314133257 0.4062255025
129.4 -167.9 2625.2 0.3955051005 0.1005628929 -0.9129418731 -0.1608239412 0.9862138033 0.0389617682 0.9042739272 0.1314133257 0.4062255025
106.8 -359.3 2602.1 0.3959914148 0.1168226451 -0.9107926488 -0.1564119905 0.9859603047 0.0584597252 0.9048348665 0.1193093434 0.4087042809
75.3 -146.6 2501.7 -0.7409923077 0.2398114651 -0.6272326708 0.6438534260 0.5190433860 -0.5621803403 0.1907436848 -0.8204172254 -0.5390105844
249.2 -297.6 2456.9 -0.9250842333 0.2398114651 0.2944650352 -0.1341515929 0.5190433860 -0.8441547751 -0.3552781343 -0.8204172254 -0.4479877353
183.5 -189.3 2748.8 0.9112595916 0.3627761602 -0.1949343085 -0.4074784517 0.7255809903 -0.5545209646 -0.0597263649 0.5847440958 0.8090161681
401.7 -286.9 2734.5 0.8405466080 0.3627761602 0.4023367763 0.0161360409 0.7255809903 -0.6879475713 -0.5414988995 0.5847440958 0.6040308475
44.0 -538.3 2498.7 0.7891448736 -0.6133539677 0.0323615707 0.0463962853 0.0069901929 -0.9988986254 0.6124522686 0.7897772193 0.0339736231
260.4 -540.8 2220.1 0.7891448736 -0.0491414554 -0.6122381091 0.0463962853 0.9987156391 -0.0203596391 0.6124522686 -0.0123388693 0.7904112935
120.4 -566.2 2658.3 0.4225846231 -0.8461773992 -0.3246629834 0.0360987112 0.3736500144 -0.9268670678 0.9056043029 0.3799598515 0.1884446591
448.8 -711.2 2510.9 0.4225846231 -0.5585772395 -0.7137322426 0.0360987112 0.7972512841 -0.6025671959 0.9056043029 0.2288708389 0.3570700586
483.6 -263.6 2547.0 0 0 0 0 0 0 0 0 0
636.2 -282.4 2583.4 0 0 0 0 0 0 0 0 0
272.7 -791.4 2223.2 0 0 0 0 0 0 0 0 0
657.0 -1008.4 2425.5 0 0 0 0 0 0 0 0 0
148.5 23.1 2645.0 3 0.4028238058 0.1064508110 -0.9090661407 -0.1353176534 0.9892254472 0.0558756776 0.9052193761 0.1005046442 0.4128882289
127.5 -171.5 2625.2 0.4028238058 0.1064508110 -0.9090661407 -0.1353176534 0.9892254472 0.0558756776 0.9052193761 0.1005046442 0.4128882289
104.9 -363.3 2606.8 0.4028970301 0.1167747974 -0.9077652097 -0.1346689016 0.9885956049 0.0674021766 0.9052835107 0.0950916037 0.4140281379
72.5 -153.1 2501.6 -0.7552597523 0.2008519173 -0.6238919497 0.6236770153 0.5129038692 -0.5898784399 0.2015183717 -0.8346185684 -0.5126423836
245.8 -296.2 2455.4 -0.9315426350 0.2008519173 0.3031284809 -0.1636324376 0.5129038692 -0.8427063823 -0.3247349560 -0.8346185684 -0.4449259043
182.6 -189.9 2748.8 0.9112266898 0.3663923740 -0.1882087141 -0.4079501033 0.7395920157 -0.5353319645 -0.0569438897 0.5645885468 0.8234058022
400.8 -287.6 2735.2 0.8365039229 0.3663923740 0.4074527919 0.0038886329 0.7395920157 -0.6730442047 -0.5479471087 0.5645885468 0.6172468662
48.6 -536.6 2498.0 0.7943733931 -0.6069611907 0.0238539837 0.0378375463 0.0102502275 -0.9992313385 0.6062501669 0.7946653366 0.0311084297
255.0 -540.1 2227.8 0.7943733931 -0.0638760999 -0.6040619016 0.0378375463 0.9977278113 -0.0557456501 0.6062501669 0.0214266405 0.7949852943
119.6 -564.7 2660.0 0.4268545210 -0.8452592492 -0.3214530349 0.0320472643 0.3693793118 -0.9287259579 0.9037522674 0.3861291707 0.1847594678
447.6 -708.0 2510.1 0.4268545210 -0.5530024767 -0.7155302167 0.0320472643 0.7999886274 -0.5991587043 0.9037522674 0.2328228205 0.3592009842
481.5 -254.8 2537.5 0 0 0 0 0 0 0 0 0
634.3 -286.5 2582.2 0 0 0 0 0 0 0 0 0
270.5 -783.0 2222.6 0 0 0 0 0 0 0 0 0
653.9 -1006.5 2423.2 0 0 0 0 0 0 0 0 0
147.1 27.5 2640.5 4 0.3957305849 0.1065899730 -0.9121600389 -0.1303356588 0.9897065163 0.0591069423 0.9090709090 0.0954965502 0.4055496156
126.3 -166.3 2621.8 0.3957305849 0.1065899730 -0.9121600389 -0.1303356588 0.9897065163 0.0591069423 0.9090709090 0.0954965502 0.4055496156
103.2 -358.3 2605.4 0.3963001072 0.1188763678 -0.9103925824 -0.1253367066 0.9893040657 0.0746204704 0.9095256925 0.0845335126 0.4069608748
72.1 -149.2 2497.6 -0.7340722084 0.1803238839 -0.6546917558 0.6483671069 0.4727395475 -0.5967724919 0.2018863708 -0.8625547290 -0.4639410377
239.3 -296.8 2451.6 -0.9292533994 0.1803238839 0.3224459291 -0.2055972368 0.4727395475 -0.8568822145 -0.3069492579 -0.8625547290 -0.4022207558
180.4 -183.4 2746.0 0.9104843140 0.3645295203 -0.1952856928 -0.4109792411 0.7450883985 -0.5252993107 -0.0459819920 0.5585351586 0.8282054067
398.5 -281.8 2735.0 0.8402280211 0.3645295203 0.4014163315 -0.0046204398 0.7450883985 -0.6669496894 -0.5422134995 0.5585351586 0.6277284622
46.2 -543.1 2507.3 0.7994748950 -0.5990515947 0.0444642007 0.0412621088 -0.0190805085 -0.9989661574 0.5992806554 0.8004830480 0.0094637433
254.6 -536.5 2228.7 0.7994748950 -0.0657123476 -0.5970944166 0.0412621088 0.9976581931 -0.0545482226 0.5992806554 0.0189725608 0.8003141284
118.3 -567.2 2669.4 0.3912698030 -0.8491344452 -0.3547938466 -0.0565435104 0.3626194894 -0.9302203655 0.9185373187 0.3840284348 0.0938690081
448.0 -708.0 2520.3 0.3912698030 -0.5437638164 -0.7424479127 -0.0565435104 0.7910375595 -0.6091489196 0.9185373187 0.2803221941 0.2787627876
474.2 -244.9 2529.2 0 0 0 0 0 0 0 0 0
633.1 -283.1 2583.6 0 0 0 0 0 0 0 0 0
271.0 -784.7 2224.0 0 0 0 0 0 0 0 0 0
650.6 -1002.8 2415.8 0 0 0 0 0 0 0 0 0
151.3 25.9 2638.2 5 0.3705021739 0.1261239052 -0.9202287197 -0.1286816001 0.9881538749 0.0836237893 0.9198745489 0.0874337107 0.3823429942
126.6 -167.2 2621.1 0.3705021739 0.1261239052 -0.9202287197 -0.1286816001 0.9881538749 0.0836237893 0.9198745489 0.0874337107 0.3823429942
100.0 -358.9 2606.1 0.3711996078 0.1371195316 -0.9183730483 -0.1234472319 0.9875447154 0.0975508839 0.9203106165 0.0771597624 0.3835032582
75.9 -150.4 2495.5 -0.7370885611 0.1951276958 -0.6470128894 0.6502556205 0.4655031860 -0.6003952026 0.1840328276 -0.8632681966 -0.4699999392
241.1 -296.1 2454.2 -0.9271733165 0.1951276958 0.3198043406 -0.1994535476 0.4655031860 -0.8622789979 -0.3171244562 -0.8632681966 -0.3926832080
177.3 -184.0 2746.8 0.9026684761 0.3660354316 -0.2262911350 -0.4299088418 0.7435866594 -0.5121105909 -0.0191835612 0.5595506430 0.8285741210
393.5 -287.0 2742.2 0.8529627323 0.3660354316 0.3721190989 -0.0276427586 0.7435866594 -0.6680679321 -0.5212393403 0.5595506430 0.6443699598
44.6 -539.0 2507.5 0.7998428345 -0.5987228155 0.0422184430 0.0468796715 -0.0078072287 -0.9988700151 0.5983758569 0.8009182811 0.0218233727
247.8 -536.4 2235.7 0.7998428345 -0.0927492008 -0.5929999948 0.0468796715 0.9946238995 -0.0923342407 0.5983758569 0.0460532382 0.7998908758
115.6 -561.5 2670.4 0.3732003570 -0.8491317034 -0.3737604916 -0.1031793952 0.3623800278 -0.9263016582 0.9219954014 0.3842604756 0.0476274565
445.3 -702.2 2521.2 0.3732003570 -0.5251648426 -0.7648028135 -0.1031793952 0.7957537770 -0.5967662334 0.9219954014 0.3016252518 0.2427893877
474.7 -245.9 2534.1 0 0 0 0 0 0 0 0 0
631.5 -294.7 2596.8 0 0 0 0 0 0 0 0 0
271.2 -787.4 2224.1 0 0 0 0 0 0 0 0 0
641.1 -998.9 2408.8 0 0 0 0 0 0 0 0 0
152.3 28.3 2638.1 6 0.3632197380 0.1451279819 -0.9203310609 -0.1338545531 0.9856749773 0.1026048213 0.9220381975 0.0859224051 0.3774426579
123.9 -164.4 2621.3 0.3632197380 0.1451279819 -0.9203310609 -0.1338545531 0.9856749773 0.1026048213 0.9220381975 0.0859224051 0.3774426579
93.2 -355.4 2606.5 0.3638828993 0.1578803509 -0.9179667830 -0.1295424402 0.9845303297 0.1179778054 0.9223925471 0.0759855509 0.3787059784
74.2 -146.7 2495.3 -0.7178015709 0.2238177955 -0.6592923999 0.6746041775 0.4578400254 -0.5790438056 0.1722501367 -0.8603999615 -0.4796267152
239.9 -302.5 2455.5 -0.9133117795 0.2238177955 0.3402458131 -0.2096607536 0.4578400254 -0.8639588356 -0.3491475284 -0.8603999615 -0.3712248802
173.6 -182.1 2747.3 0.8933250904 0.3791445792 -0.2412875295 -0.4491974711 0.7367425561 -0.5054028034 -0.0138539365 0.5598747730 0.8284614086
387.5 -289.6 2744.0 0.8547000289 0.3791445792 0.3545944393 -0.0469682850 0.7367425561 -0.6745401025 -0.5169930458 0.5598747730 0.6475017071
40.1 -539.5 2508.7 0.7930926085 -0.6076000333 0.0427348763 0.0474234261 -0.0083511043 -0.9988399744 0.6072521210 0.7941992283 0.0221912768
249.1 -536.6 2235.5 0.7930926085 -0.0909222066 -0.6022767425 0.0474234261 0.9950119257 -0.0877628252 0.6072521210 0.0410420224 0.7934484482
106.6 -561.5 2673.5 0.4528167844 -0.8529687524 -0.2596175969 0.0509853736 0.3154758513 -0.9475629330 0.8901446462 0.4158356786 0.1863416880
437.3 -683.8 2512.3 0.4528167844 -0.5159092546 -0.7271826267 0.0509853736 0.8292380571 -0.5565651655 0.8901446462 0.2149463594 0.4017967284
472.1 -249.2 2544.3 0 0 0 0 0 0 0 0 0
626.0 -302.7 2599.7 0 0 0 0 0 0 0 0 0
272.4 -791.6 2225.0 0 0 0 0 0 0 0 0 0
628.9 -991.8 2432.5 0 0 0 0 0 0 0 0 0
150.6 28.6 2638.5 7 0.3666921258 0.1437936574 -0.9191628098 -0.1407452375 0.9851862788 0.0979732499 0.9196345210 0.0934417695 0.3814983368
122.5 -163.8 2620.3 0.3666921258 0.1437936574 -0.9191628098 -0.1407452375 0.9851862788 0.0979732499 0.9196345210 0.0934417695 0.3814983368
92.5 -354.8 2604.0 0.3673877120 0.1543699056 -0.9171674848 -0.1361504346 0.9844327569 0.1111539528 0.9200485349 0.0840361565 0.3826860189
72.3 -145.2 2494.6 -0.7219001651 0.2623433173 -0.6403406262 0.6758272648 0.4661558568 -0.5709257722 0.1487199813 -0.8449110389 -0.5138167739
241.3 -303.4 2459.8 -0.8961549401 0.2623433173 0.3578858972 -0.2070375532 0.4661558568 -0.8601361513 -0.3924815655 -0.8449110389 -0.3634329438
172.7 -182.4 2746.0 0.8949967027 0.3781144321 -0.2366649956 -0.4455949664 0.7332857251 -0.5135535002 -0.0206389483 0.5650854111 0.8247742057
387.0 -289.1 2741.0 0.8532094359 0.3781144321 0.3592535257 -0.0391549766 0.7332857251 -0.6787922978 -0.5200966597 0.5650854111 0.6404513717
30.0 -534.9 2509.1 0.7791294456 -0.6261830926 0.0291893668 0.0395298935 0.0026069903 -0.9992150068 0.6256154180 0.7796716690 0.0267841350
252.4 -535.8 2232.2 0.7791294456 -0.0762515664 -0.6222081780 0.0395298935 0.9965752363 -0.0726308599 0.6256154180 0.0319930203 0.7794753313
95.2 -558.1 2674.3 0.4481183290 -0.8651102781 -0.2253311872 0.0697780848 0.2851346135 -0.9559441805 0.8912468553 0.4126529396 0.1881397814
430.6 -668.6 2514.4 0.4481183290 -0.5062175393 -0.7368404269 0.0697780848 0.8415215015 -0.5356982350 0.8912468553 0.1886408776 0.4124240875
470.7 -250.4 2560.3 0 0 0 0 0 0 0 0 0
625.2 -300.0 2595.8 0 0 0 0 0 0 0 0 0
271.8 -789.6 2224.1 0 0 0 0 0 0 0 0 0
619.0 -981.9 2444.1 0 0 0 0 0 0 0 0 0
149.5 26.5 2638.2 8 0.3748185635 0.1406038553 -0.9163741469 -0.1360207051 0.9860765338 0.0956629664 0.9170656800 0.0887896046 0.3887248337
122.0 -166.3 2620.9 0.3748185635 0.1406038553 -0.9163741469 -0.1360207051 0.9860765338 0.0956629664 0.9170656800 0.0887896046 0.3887248337
93.6 -357.7 2604.8 0.3752874434 0.1463368237 -0.9152840376 -0.1327985227 0.9857605100 0.1031542569 0.9173461199 0.0828358680 0.3893768489
70.7 -148.2 2495.6 -0.7470799088 0.3012512326 -0.5925531983 0.6533619761 0.4969602823 -0.5710942149 0.1224325523 -0.8138047457 -0.5680951476
247.1 -302.4 2466.7 -0.8627939820 0.3012512326 0.4059978127 -0.2213194221 0.4969602823 -0.8390758038 -0.4545373917 -0.8138047457 -0.3621015847
173.3 -184.5 2746.2 0.8986892104 0.3758096993 -0.2261078358 -0.4377433360 0.7366348505 -0.5155093074 -0.0271744952 0.5622598529 0.8265140057
388.5 -289.3 2739.7 0.8496875167 0.3758096993 0.3698624074 -0.0317478739 0.7366348505 -0.6755450964 -0.5263299346 0.5622598529 0.6378405690
29.6 -533.7 2505.2 0.7735884786 -0.6334100962 0.0187769197 0.0372764766 0.0159062203 -0.9991784096 0.6325910091 0.7736527920 0.0359161645
251.6 -539.3 2234.1 0.7735884786 -0.0767951235 -0.6290178299 0.0372764766 0.9964255095 -0.0758070201 0.6325910091 0.0351958685 0.7736859322
95.5 -558.1 2670.0 0.4269953072 -0.8709364533 -0.2431967258 0.0442504361 0.2887506783 -0.9563812017 0.9031704664 0.3976087272 0.1618345082
433.3 -670.1 2515.8 0.4269953072 -0.5065392256 -0.7490614057 0.0442504361 0.8390877247 -0.5421933532 0.9031704664 0.1983677447 0.3807011247
468.7 -245.6 2583.4 0 0 0 0 0 0 0 0 0
625.7 -298.2 2592.8 0 0 0 0 0 0 0 0 0
270.8 -788.4 2225.3 0 0 0 0 0 0 0 0 0
622.1 -982.8 2441.9 0 0 0 0 0 0 0 0 0
151.4 28.0 2637.6 9 0.4023903608 0.1390600204 -0.9048449397 -0.1457391232 0.9855213165 0.0866475552 0.9037931561 0.0970051661 0.4168307483
124.2 -165.2 2618.6 0.4023903608 0.1390600204 -0.9048449397 -0.1457391232 0.9855213165 0.0866475552 0.9037931561 0.0970051661 0.4168307483
97.2 -356.6 2601.4 0.4034751952 0.1389202178 -0.9043831825 -0.1380438358 0.9863355160 0.0899228230 0.9045173526 0.0885628983 0.4171389937
69.1 -146.4 2495.1 -0.7591653466 0.3300316036 -0.5610232949 0.6422851086 0.5195854306 -0.5634721518 0.1055359095 -0.7881054282 -0.6064255834
251.4 -300.7 2469.7 -0.8338828087 0.3300316036 0.4424009323 -0.2308040559 0.5195854306 -0.8226545453 -0.5013670921 -0.7881054282 -0.3571006954
179.3 -184.0 2742.1 0.9017724395 0.3849150240 -0.1965880245 -0.4282937944 0.7347152829 -0.5260778069 -0.0580590367 0.5585998893 0.8274027109
395.2 -286.6 2728.2 0.8340865970 0.3849150240 0.3951455355 -0.0177895874 0.7347152829 -0.6781423092 -0.5513466597 0.5585998893 0.6196636558
31.6 -537.1 2506.5 0.7766646147 -0.6293083429 0.0276244022 0.0354233608 -0.0001509508 -0.9993723631 0.6289175749 0.7771556973 0.0221749786
252.2 -537.1 2234.1 0.7766646147 -0.0780294612 -0.6250628233 0.0354233608 0.9961380959 -0.0803375989 0.6289175749 0.0402535424 0.7764292359
98.8 -560.9 2670.9 0.4391531646 -0.8636543155 -0.2474787086 0.0512985587 0.2991180420 -0.9528362155 0.8969464898 0.4057457149 0.1756628603
433.9 -677.0 2513.4 0.4391531646 -0.5170432329 -0.7347182035 0.0512985587 0.8308930993 -0.5540623665 0.8969464898 0.2056282610 0.3914128840
466.6 -241.1 2599.1 0 0 0 0 0 0 0 0 0
628.0 -291.5 2574.3 0 0 0 0 0 0 0 0 0
271.9 -789.5 2223.9 0 0 0 0 0 0 0 0 0
626.8 -986.9 2436.7 0 0 0 0 0 0 0 0 0
151.0 32.5 2636.8 0 0.4298062325 0.1226811185 -0.8945478797 -0.1401738971 0.9877809882 0.0681176037 0.8919741511 0.0961148962 0.4417511225
126.8 -162.0 2617.9 0.4298062325 0.1226811185 -0.8945478797 -0.1401738971 0.9877809882 0.0681176037 0.8919741511 0.0961148962 0.4417511225
102.2 -353.7 2600.4 0.4302915931 0.1267130673 -0.8937521577 -0.1363291591 0.9878643155 0.0744211003 0.8923360109 0.0898217112 0.4423443675
68.1 -143.4 2496.0 -0.7699733973 0.3453385234 -0.5365465879 0.6297756433 0.5464929342 -0.5520218611 0.1025845185 -0.7629461288 -0.6382707953
257.3 -298.1 2470.8 -0.8064258695 0.3453385234 0.4800193608 -0.2430181503 0.5464929342 -0.8014284968 -0.5390913486 -0.7629461288 -0.3567825258
185.6 -180.5 2739.7 0.9060250521 0.3893695772 -0.1658613235 -0.4145714939 0.7376686931 -0.5328934193 -0.0851417705 0.5515761375 0.8297678232
402.5 -279.8 2719.3 0.8186936975 0.3893695772 0.4220567942 -0.0027740190 0.7376686931 -0.6751571894 -0.5742237568 0.5515761375 0.6050048470
34.1 -535.7 2503.2 0.7767285109 -0.6291558743 0.0292530954 0.0382943302 0.0008148534 -0.9992661476 0.6286703348 0.7772787213 0.0247260239
252.2 -536.0 2233.7 0.7767285109 -0.0807786658 -0.6246340275 0.0382943302 0.9959634542 -0.0811808184 0.6286703348 0.0391355157 0.7766865492
106.3 -560.4 2665.1 0.4217506051 -0.8581678271 -0.2927019000 0.0232355390 0.3329401016 -0.9426616430 0.9064140916 0.3907670379 0.1603576839
439.2 -689.6 2513.6 0.4217506051 -0.5280964971 -0.7370485067 0.0232355390 0.8189084530 -0.5734536052 0.9064140916 0.2247286886 0.3576457500
466.0 -235.2 2610.3 0 0 0 0 0 0 0 0 0
630.9 -280.6 2559.1 0 0 0 0 0 0 0 0 0
273.0 -792.1 2223.6 0 0 0 0 0 0 0 0 0
636.2 -995.0 2429.7 0 0 0 0 0 0 0 0 0
148.5 32.7 2637.9 1 0.4450747669 0.1214824766 -0.8872150183 -0.1416645944 0.9878311753 0.0641928315 0.8842169642 0.0971163511 0.4568684995
124.5 -162.4 2618.7 0.4450747669 0.1214824766 -0.8872150183 -0.1416645944 0.9878311753 0.0641928315 0.8842169642 0.0971163511 0.4568684995
99.7 -354.1 2601.0 0.4453917146 0.1278913915 -0.8861545920 -0.1391537189 0.9876064658 0.0725928023 0.8844560385 0.0909794793 0.4576683044
63.7 -143.4 2497.9 -0.7210613489 0.2846697569 -0.6316910982 0.6759922504 0.4890452027 -0.5512433648 0.1520031691 -0.8244985938 -0.5450661778
236.1 -305.0 2461.6 -0.8627833128 0.2846697569 0.4178133905 -0.2441588491 0.4890452027 -0.8373895288 -0.4427091181 -0.8244985938 -0.3524354100
185.4 -181.4 2739.5 0.9046071172 0.3983695805 -0.1516168416 -0.4139027596 0.7359802127 -0.5357403159 -0.1018356308 0.5473890901 0.8306591511
402.0 -280.5 2715.1 0.8088595867 0.3983695805 0.4324902296 -0.0004883059 0.7359802127 -0.6770029068 -0.5880016088 0.5473890901 0.5954991579
39.1 -533.2 2503.0 0.7832308412 -0.6213177443 0.0226641539 0.0320566334 0.0039519463 -0.9994782209 0.6209040284 0.7835487127 0.0230126418
254.1 -534.6 2231.9 0.7832308412 -0.0705185235 -0.6177188754 0.0320566334 0.9968056679 -0.0731490105 0.6209040284 0.0374905765 0.7829895616
116.2 -557.6 2662.8 0.4325165749 -0.8472354412 -0.3084177077 0.0366002657 0.3582846820 -0.9328947067 0.9008827806 0.3922042549 0.1859730929
444.8 -696.6 2510.7 0.4325165749 -0.5289294124 -0.7301802039 0.0366002657 0.8194805384 -0.5719370842 0.9008827806 0.2206474841 0.3737978637
456.1 -242.8 2574.5 0 0 0 0 0 0 0 0 0
627.7 -280.6 2551.0 0 0 0 0 0 0 0 0 0
272.2 -790.3 2222.3 0 0 0 0 0 0 0 0 0
642.2 -1002.4 2428.3 0 0 0 0 0 0 0 0 0
149.9 34.7 2638.9 2 0.3978500962 0.1370476186 -0.9071567059 -0.1437225491 0.9858821034 0.0859088227 0.9061231613 0.0962000340 0.4119301140
122.9 -159.3 2620.0 0.3978500962 0.1370476186 -0.9071567059 -0.1437225491 0.9858821034 0.0859088227 0.9061231613 0.0962000340 0.4119301140
96.8 -350.9 2602.6 0.3988675773 0.1344500333 -0.9070985913 -0.1363291591 0.9868947864 0.0863310322 0.9068180919 0.0892293304 0.4119697809
68.5 -140.8 2496.3 -0.6881538033 0.2285190970 -0.6886388063 0.7094473839 0.4108588099 -0.5726075768 0.1520815492 -0.8825950623 -0.4448563159
230.8 -308.1 2460.4 -0.9056640267 0.2285190970 0.3571437299 -0.2428639233 0.4108588099 -0.8787560463 -0.3475481868 -0.8825950623 -0.3166010082
177.3 -177.9 2743.7 0.9036542177 0.3789791167 -0.1994589120 -0.4249801338 0.7359789014 -0.5269980431 -0.0529236868 0.5609900951 0.8261290789
393.5 -279.6 2731.0 0.8372800350 0.3789791167 0.3941281140 -0.0145178530 0.7359789014 -0.6768487692 -0.5465815067 0.5609900951 0.6217224002
35.0 -533.3 2504.1 0.7806423306 -0.6245635152 0.0227579493 0.0365432315 0.0092631467 -0.9992891550 0.6239087582 0.7809190750 0.0300547760
251.4 -536.5 2233.6 0.7806423306 -0.0826630443 -0.6194871664 0.0365432315 0.9955556989 -0.0867951363 0.6239087582 0.0451178961 0.7801937461
114.7 -558.2 2662.5 0.4464111924 -0.8463007808 -0.2906751335 0.0719820932 0.3577493429 -0.9310392141 0.8919280171 0.3947029114 0.2206218243
443.2 -697.1 2509.4 0.4464111924 -0.5412750840 -0.7125576138 0.0719820932 0.8154481649 -0.5743369460 0.8919280171 0.2050990462 0.4029873013
459.3 -246.8 2548.1 0 0 0 0 0 0 0 0 0
626.9 -283.6 2578.7 0 0 0 0 0 0 0 0 0
272.3 -788.0 2222.2 0 0 0 0 0 0 0 0 0
645.2 -1001.4 2432.8 0 0 0 0 0 0 0 0 0
149.3 34.3 2637.9 3 0.3953350484 0.1345728487 -0.9086255431 -0.1422134936 0.9862488508 0.0841934681 0.9074610472 0.0959341899 0.4090368152
122.7 -160.0 2619.1 0.3953350484 0.1345728487 -0.9086255431 -0.1422134936 0.9862488508 0.0841934681 0.9074610472 0.0959341899 0.4090368152
97.3 -351.7 2602.0 0.3965145051 0.1308600605 -0.9086539149 -0.1334431171 0.9874917269 0.0839825720 0.9082781672 0.0879533067 0.4090171456
68.6 -141.8 2495.1 -0.6921211481 0.2146696001 -0.6891192198 0.7027158141 0.4184016883 -0.5754393935 0.1647992879 -0.8825287819 -0.4404363632
233.2 -308.8 2455.9 -0.9195248485 0.2146696001 0.3292279243 -0.2180096507 0.4184016883 -0.8817095757 -0.3270257413 -0.8825287819 -0.3379307091
176.9 -178.2 2743.1 0.9053239822 0.3746414185 -0.2000807375 -0.4218437672 0.7384158373 -0.5261082649 -0.0493591577 0.5607012510 0.8265457153
393.6 -279.2 2731.2 0.8390107751 0.3746414185 0.3945943713 -0.0126277367 0.7384158373 -0.6742274165 -0.5439682603 0.5607012510 0.6242697239
35.0 -530.3 2504.1 0.7802963853 -0.6250284910 0.0218383819 0.0400326252 0.0150695853 -0.9990847111 0.6241273284 0.7804564834 0.0367802754
250.9 -535.5 2234.6 0.7802963853 -0.0855713189 -0.6195281148 0.0400326252 0.9953978062 -0.0870665759 0.6241273284 0.0431363992 0.7801309824
106.4 -554.6 2666.4 0.4370708764 -0.8529247642 -0.2854617834 0.0621130578 0.3452469707 -0.9364542365 0.8972797990 0.3915659487 0.2038751543
437.4 -688.6 2514.4 0.4370708764 -0.5371477008 -0.7214162350 0.0621130578 0.8181952238 -0.5715755224 0.8972797990 0.2050096244 0.3909731805
466.6 -253.5 2538.9 0 0 0 0 0 0 0 0 0
627.7 -282.7 2579.5 0 0 0 0 0 0 0 0 0
272.8 -790.1 2223.5 0 0 0 0 0 0 0 0 0
637.9 -994.0 2437.9 0 0 0 0 0 0 0 0 0
150.5 32.6 2637.5 4 0.4221774042 0.1231937930 -0.8981032968 -0.1426133662 0.9874118567 0.0684051216 0.8952249289 0.0992024392 0.4344320595
126.2 -162.1 2617.9 0.4221774042 0.1231937930 -0.8981032968 -0.1426133662 0.9874118567 0.0684051216 0.8952249289 0.0992024392 0.4344320595
102.9 -354.0 2600.3 0.4233017564 0.1200330034 -0.8980020881 -0.1334789544 0.9886308312 0.0692275241 0.8961021304 0.0905602425 0.4345110357
68.4 -143.9 2495.6 -0.6830161214 0.2023283094 -0.7018206716 0.7118512988 0.3995836079 -0.5775817633 0.1635749042 -0.8940895796 -0.4169497192
231.1 -313.5 2456.6 -0.9283242226 0.2023283094 0.3118931949 -0.2125075310 0.3995836079 -0.8917250037 -0.3050486147 -0.8940895796 -0.3279468715
184.0 -180.2 2740.2 0.9091684222 0.3801606894 -0.1699725091 -0.4092321694 0.7400889397 -0.5336641073 -0.0770833418 0.5547487736 0.8284394741
401.6 -278.2 2721.8 0.8236780167 0.3801606894 0.4207521677 0.0019494270 0.7400889397 -0.6725061536 -0.5670544505 0.5547487736 0.6088538766
36.4 -531.4 2503.5 0.7813555002 -0.6235237122 0.0264915545 0.0407131054 0.0085687051 -0.9991341233 0.6227568388 0.7817574739 0.0320807919
252.5 -534.4 2232.7 0.7813555002 -0.0779860467 -0.6191944480 0.0407131054 0.9964178205 -0.0741209462 0.6227568388 0.0327054784 0.7817316055
107.4 -555.3 2666.2 0.4465914965 -0.8518815041 -0.2735944688 0.0721014962 0.3390515447 -0.9380007386 0.8918281198 0.3991765976 0.2128394693
438.1 -686.9 2511.2 0.4465914965 -0.5281270742 -0.7222449780 0.0721014962 0.8258310556 -0.5592892170 0.8918281198 0.1976988614 0.4068878889
466.5 -259.6 2533.9 0 0 0 0 0 0 0 0 0
631.4 -277.7 2563.6 0 0 0 0 0 0 0 0 0
272.4 -789.4 2224.3 0 0 0 0 0 0 0 0 0
635.2 -995.1 2437.4 0 0 0 0 0 0 0 0 0
150.8 32.1 2636.7 5 0.4296939671 0.1243610084 -0.8943698406 -0.1464642733 0.9869534373 0.0668668598 0.8910170197 0.1022609472 0.4423023760
126.3 -162.6 2616.5 0.4296939671 0.1243610084 -0.8943698406 -0.1464642733 0.9869534373 0.0668668598 0.8910170197 0.1022609472 0.4423023760
102.3 -354.4 2598.2 0.4306601882 0.1232958883 -0.8940525055 -0.1387594342 0.9878916144 0.0693972707 0.8917834163 0.0941715837 0.4425540566
67.5 -143.7 2494.7 -0.6624471545 0.2202640623 -0.7159940600 0.7274628878 0.4172586203 -0.5446953177 0.1787779033 -0.8816909790 -0.4366457164
224.3 -316.0 2452.4 -0.9122084379 0.2202640623 0.3454844356 -0.2320292890 0.4172586203 -0.8786681294 -0.3376953602 -0.8816909790 -0.3295191228
185.1 -181.6 2738.3 0.9074814320 0.3867037594 -0.1641269326 -0.4110255837 0.7365951538 -0.5371084809 -0.0868067518 0.5548763275 0.8273915648
402.4 -280.0 2717.5 0.8187772036 0.3867037594 0.4243395627 0.0026245965 0.7365951538 -0.6763288379 -0.5741053820 0.5548763275 0.6020923853
41.7 -533.9 2502.4 0.7847894430 -0.6191668510 0.0271642879 0.0361062363 0.0019207539 -0.9993461370 0.6187098026 0.7852571011 0.0238631722
255.1 -534.6 2231.7 0.7847894430 -0.0682475939 -0.6159933209 0.0361062363 0.9972649813 -0.0644895658 0.6187098026 0.0283695292 0.7851071954
117.5 -557.8 2662.9 0.4415015280 -0.8440681696 -0.3043441772 0.0600180626 0.3662143946 -0.9285929203 0.8952509165 0.3917090595 0.2123435438
445.0 -699.9 2510.9 0.4415015280 -0.5387454629 -0.7175163627 0.0600180626 0.8156156540 -0.5754727721 0.8952509165 0.2110081762 0.3924300075
453.9 -257.6 2537.4 0 0 0 0 0 0 0 0 0
630.9 -279.3 2557.3 0 0 0 0 0 0 0 0 0
272.5 -788.6 2224.5 0 0 0 0 0 0 0 0 0
646.0 -1004.3 2432.1 0 0 0 0 0 0 0 0 0
150.8 32.1 2637.3 6 0.4257242382 0.1247133464 -0.8962172866 -0.1425510347 0.9873318672 0.0696773380 0.8935536146 0.0980933681 0.4381091297
126.3 -161.7 2618.1 0.4257242382 0.1247133464 -0.8962172866 -0.1425510347 0.9873318672 0.0696773380 0.8935536146 0.0980933681 0.4381091297
101.5 -353.4 2600.2 0.4262759686 0.1274841130 -0.8955649734 -0.1382305175 0.9875724912 0.0747857094 0.8939692974 0.0919150561 0.4386005998
68.1 -142.9 2496.0 -0.6827324033 0.1377419829 -0.7175678015 0.7029450536 0.3917769194 -0.5936152935 0.1993607730 -0.9096911550 -0.3643038571
230.5 -310.1 2448.5 -0.9410392046 0.1377419829 0.3089859486 -0.2347533405 0.3917769194 -0.8896076083 -0.2435898781 -0.9096911550 -0.3363420665
184.5 -180.6 2740.2 0.9059400558 0.3877577782 -0.1700484455 -0.4154253602 0.7364184260 -0.5339565873 -0.0818190277 0.5543751121 0.8282353878
401.5 -280.1 2720.6 0.8211807013 0.3877577782 0.4186957777 -0.0027955791 0.7364184260 -0.6765205860 -0.5706614256 0.5543751121 0.6058166027
39.8 -533.7 2500.1 0.7804306149 -0.6246410012 0.0274161659 0.0391042121 0.0050001089 -0.9992226362 0.6240183711 0.7808960080 0.0283283331
255.7 -535.5 2230.1 0.7804306149 -0.0648530573 -0.6218698621 0.0391042121 0.9977217317 -0.0549748093 0.6240183711 0.0185862929 0.7811886072
117.0 -558.6 2659.8 0.4179676473 -0.8455597758 -0.3321621716 0.0232106298 0.3754514158 -0.9265514016 0.9081653357 0.3795588315 0.1765525192
445.1 -704.3 2512.5 0.4179676473 -0.5495958924 -0.7233583927 0.0232106298 0.8024456501 -0.5962736607 0.9081653357 0.2324334979 0.3481527865
467.0 -251.1 2509.8 0 0 0 0 0 0 0 0 0
630.8 -280.9 2561.3 0 0 0 0 0 0 0 0 0
272.2 -788.4 2225.4 0 0 0 0 0 0 0 0 0
650.2 -1003.7 2425.8 0 0 0 0 0 0 0 0 0
148.5 33.2 2646.2 7 0.4190929234 0.1131324843 -0.9008674622 -0.1614887118 0.9856743813 0.0486564524 0.8934665918 0.1250883490 0.4313587546
126.2 -161.6 2621.4 0.4190929234 0.1131324843 -0.9008674622 -0.1614887118 0.9856743813 0.0486564524 0.8934665918 0.1250883490 0.4313587546
103.3 -353.0 2599.6 0.4201501012 0.1181830391 -0.8997258544 -0.1524748206 0.9865809679 0.0583898090 0.8945531249 0.1126530617 0.4325320423
68.8 -140.7 2499.3 -0.6610577106 0.0626226440 -0.7477172613 0.7137686014 0.3597772419 -0.6009116173 0.2313809842 -0.9309343696 -0.2825315893
225.8 -310.3 2444.3 -0.9601116776 0.0626226440 0.2725142241 -0.2329749614 0.3597772419 -0.9034838080 -0.1546229571 -0.9309343696 -0.3308368027
183.6 -182.4 2743.6 0.9101578593 0.3767638206 -0.1722256243 -0.4059789479 0.7285042405 -0.5517813563 -0.0824241489 0.5721281171 0.8160120845
401.6 -279.7 2723.9 0.8258645535 0.3767638206 0.4195196927 0.0155476397 0.7285042405 -0.6848648190 -0.5636541843 0.5721281171 0.5957880616
38.6 -532.8 2502.3 0.7837736607 -0.6206602454 0.0219022594 0.0419244245 0.0176903326 -0.9989641905 0.6196299195 0.7838799953 0.0398860388
253.6 -538.9 2230.8 0.7837736607 -0.0729770511 -0.6167440414 0.0419244245 0.9970239997 -0.0646955743 0.6196299195 0.0248500481 0.7845006585
115.0 -557.5 2662.5 0.4113529921 -0.8469766378 -0.3367778659 0.0038639307 0.3711032867 -0.9285835624 0.9114679098 0.3806743324 0.1559271067
443.7 -701.6 2514.7 0.4113529921 -0.5471341610 -0.7289944887 0.0038639307 0.8008350134 -0.5988725424 0.9114679098 0.2435312271 0.3315399885
466.4 -251.9 2483.0 0 0 0 0 0 0 0 0 0
632.2 -275.3 2566.5 0 0 0 0 0 0 0 0 0
271.9 -788.5 2224.5 0 0 0 0 0 0 0 0 0
647.9 -1000.4 2423.8 0 0 0 0 0 0 0 0 0
149.2 31.6 2643.1 8 0.4145345986 0.1364882439 -0.8997399807 -0.1525226980 0.9851238728 0.0791694224 0.8971610069 0.1044123024 0.4291854799
122.2 -163.5 2622.4 0.4145345986 0.1364882439 -0.8997399807 -0.1525226980 0.9851238728 0.0791694224 0.8971610069 0.1044123024 0.4291854799
96.6 -355.0 2603.9 0.4159249365 0.1316335946 -0.8998216987 -0.1422979087 0.9867007136 0.0785685778 0.8981969357 0.0953641161 0.4291246235
65.3 -144.1 2499.7 -0.6635056138 0.0447948314 -0.7468290925 0.7071968913 0.3633582890 -0.6065009236 0.2441984415 -0.9305719733 -0.2727690339
221.6 -310.6 2442.2 -0.9640260935 0.0447948314 0.2620060444 -0.2285830975 0.3633582890 -0.9031724930 -0.1356595308 -0.9305719733 -0.3400475383
179.0 -183.0 2745.1 0.9046453834 0.3854672611 -0.1817463189 -0.4199012816 0.7333762646 -0.5346421599 -0.0727986097 0.5599770546 0.8253036141
395.7 -283.5 2727.6 0.8273115754 0.3854672611 0.4086202979 -0.0059392969 0.7333762646 -0.6797970533 -0.5617119074 0.5599770546 0.6090200543
42.7 -530.8 2497.6 0.7838515639 -0.6206464767 0.0193573777 0.0409329571 0.0205403529 -0.9989507198 0.6195976138 0.7838214636 0.0415054820
255.2 -537.9 2229.1 0.7838515639 -0.0698264763 -0.6170096993 0.0409329571 0.9973064661 -0.0608629547 0.6195976138 0.0224514883 0.7845984101
118.0 -558.2 2657.8 0.4077896774 -0.8483290076 -0.3377061188 0.0074053449 0.3729161024 -0.9278355241 0.9130458236 0.3758609295 0.1583535224
447.3 -702.9 2511.9 0.4077896774 -0.5380936861 -0.7376738787 0.0074053449 0.8098223209 -0.5866284370 0.9130458236 0.2337583154 0.3342219591
463.7 -253.2 2476.3 0 0 0 0 0 0 0 0 0
626.6 -285.2 2570.8 0 0 0 0 0 0 0 0 0
272.9 -789.5 2223.5 0 0 0 0 0 0 0 0 0
648.1 -1005.2 2424.7 0 0 0 0 0 0 0 0 0
150.7 28.4 2649.5 9 0.4105682373 0.1244946718 -0.9032911062 -0.1742890328 0.9830852747 0.0562734790 0.8950179219 0.1343296319 0.4253216386
126.1 -165.7 2623.0 0.4105682373 0.1244946718 -0.9032911062 -0.1742890328 0.9830852747 0.0562734790 0.8950179219 0.1343296319 0.4253216386
102.7 -356.8 2599.2 0.4120858908 0.1205821559 -0.9031307697 -0.1621010303 0.9850938916 0.0575610958 0.8966094255 0.1226783097 0.4254897833
69.8 -143.6 2500.5 -0.6611605287 0.0879095197 -0.7450762987 0.7090540528 0.3977555037 -0.5822653174 0.2451715171 -0.9132702351 -0.3253128231
224.4 -309.5 2443.2 -0.9593665004 0.0879095197 0.2681191564 -0.2129653841 0.3977555037 -0.8924328089 -0.1850992143 -0.9132702351 -0.3628716171
182.4 -187.9 2745.4 0.9094938636 0.3742562234 -0.1809783727 -0.4082646966 0.7220456600 -0.5585427284 -0.0783634484 0.5818783045 0.8094916940
400.3 -285.7 2726.7 0.8307145834 0.3742562234 0.4121231735 0.0178170484 0.7220456600 -0.6916159391 -0.5564133525 0.5818783045 0.5931457281
33.8 -533.7 2504.9 0.7800851464 -0.6250195503 0.0285952985 0.0433555432 0.0084055196 -0.9990243316 0.6241694093 0.7805638313 0.0336550847
255.6 -536.7 2227.9 0.7800851464 -0.0692843571 -0.6218253970 0.0433555432 0.9974467754 -0.0567465425 0.6241694093 0.0173075590 0.7810972929
108.3 -559.2 2665.8 0.4323470294 -0.8538403511 -0.2898840010 0.0549548529 0.3458366692 -0.9366840124 0.9000310898 0.3890420198 0.1964441240
439.7 -693.4 2514.8 0.4323470294 -0.5460516214 -0.7175678611 0.0549548529 0.8102653623 -0.5834808946 0.9000310898 0.2128324062 0.3803240359
466.7 -255.7 2489.9 0 0 0 0 0 0 0 0 0
632.1 -280.7 2571.4 0 0 0 0 0 0 0 0 0
273.2 -790.6 2223.5 0 0 0 0 0 0 0 0 0
643.4 -995.8 2435.4 0 0 0 0 0 0 0 0 0
151.8 31.3 2644.7 0 0.3858195543 0.1361143440 -0.9124780297 -0.1547608823 0.9845899940 0.0814343467 0.9095011353 0.1097969487 0.4009392560
125.1 -161.9 2623.2 0.3858195543 0.1361143440 -0.9124780297 -0.1547608823 0.9845899940 0.0814343467 0.9095011353 0.1097969487 0.4009392560
98.9 -353.2 2603.8 0.3871369362 0.1347279102 -0.9121257663 -0.1451767981 0.9858337641 0.0839972124 0.9105210900 0.0999010727 0.4012120068
72.2 -142.1 2498.9 -0.6809028387 0.1404166967 -0.7187868357 0.7030922771 0.4000722170 -0.5878804922 0.2050184011 -0.9056629539 -0.3711362183
232.5 -307.7 2450.6 -0.9410920143 0.1404166967 0.3076182008 -0.2302710563 0.4000722170 -0.8870837092 -0.2476308495 -0.9056629539 -0.3441708684
178.0 -181.7 2747.5 0.9039360285 0.3723261654 -0.2104113102 -0.4252927601 0.7308152318 -0.5338868499 -0.0450082459 0.5720859766 0.8189578056
394.4 -283.5 2736.7 0.8442939520 0.3723261654 0.3854101300 -0.0107340422 0.7308152318 -0.6824909449 -0.5357728004 0.5720859766 0.6210194230
42.4 -533.4 2495.1 0.7838640809 -0.6202213168 0.0297098123 0.0464983061 0.0109194042 -0.9988586903 0.6191890240 0.7843508720 0.0373985693
250.6 -537.1 2231.7 0.7838640809 -0.0855363086 -0.6150127053 0.0464983061 0.9957714677 -0.0792280585 0.6191890240 0.0335069783 0.7845267653
116.2 -562.5 2655.7 0.4274741709 -0.8529144526 -0.2996711433 0.0644222721 0.3593818545 -0.9309642315 0.9017292261 0.3786576688 0.2085731477
447.2 -701.9 2508.7 0.4274741709 -0.5401150584 -0.7249424458 0.0644222721 0.8180642724 -0.5715073347 0.9017292261 0.1976021826 0.3844967782
470.2 -249.5 2513.1 0 0 0 0 0 0 0 0 0
629.9 -286.5 2587.3 0 0 0 0 0 0 0 0 0
272.4 -790.0 2223.2 0 0 0 0 0 0 0 0 0
648.8 -1007.2 2435.0 0 0 0 0 0 0 0 0 0
148.5 28.1 2642.9 1 0.3373730481 0.1289439052 -0.9324982166 -0.1475194395 0.9855778217 0.0829118639 0.9297405481 0.1095893830 0.3515291214
123.3 -164.8 2621.4 0.3373730481 0.1289439052 -0.9324982166 -0.1475194395 0.9855778217 0.0829118639 0.9297405481 0.1095893830 0.3515291214
97.1 -356.2 2602.8 0.3388260901 0.1344473064 -0.9311932325 -0.1366413534 0.9862754345 0.0926815346 0.9308738112 0.0958365798 0.3525469005
77.0 -146.2 2494.4 -0.7174102068 0.1712799221 -0.6752671599 0.6730649471 0.4204971790 -0.6084124446 0.1797391027 -0.8909799457 -0.4169515073
241.4 -300.4 2453.3 -0.9211978316 0.1712799221 0.3493676484 -0.2523351014 0.4204971790 -0.8714982271 -0.2961782515 -0.8909799457 -0.3441411555
169.5 -183.5 2748.4 0.9026691318 0.3462676704 -0.2555135190 -0.4302880466 0.7350474000 -0.5239823461 0.0063764136 0.5829271078 0.8124994636
385.4 -286.4 2749.9 0.8707326055 0.3462676704 0.3491753936 -0.0205406472 0.7350474000 -0.6777045131 -0.4913276136 0.5829271078 0.6471422911
38.0 -531.4 2502.8 0.7844470739 -0.6198405623 0.0209875442 0.0391259976 0.0156869143 -0.9991111159 0.6189603806 0.7845709920 0.0365574323
255.5 -536.9 2227.6 0.7844470739 -0.0633869022 -0.6169480085 0.0391259976 0.9978398085 -0.0527721904 0.6189603806 0.0172582865 0.7852326035
107.4 -557.4 2665.9 0.4345982075 -0.8504278064 -0.2964742184 0.0521642342 0.3524037600 -0.9343931079 0.8991125226 0.3906202316 0.1975159645
437.5 -694.1 2514.3 0.4345982075 -0.5537645817 -0.7102599740 0.0521642342 0.8027840257 -0.5939837098 0.8991125226 0.2210941166 0.3777752221
473.7 -236.8 2528.0 0 0 0 0 0 0 0 0 0
628.1 -292.1 2612.9 0 0 0 0 0 0 0 0 0
271.6 -791.2 2223.2 0 0 0 0 0 0 0 0 0
644.0 -993.6 2431.8 0 0 0 0 0 0 0 0 0
151.3 31.1 2646.9 2 0.3038610220 0.1429247558 -0.9419347048 -0.1530837715 0.9831612110 0.0997966155 0.9403371215 0.1138706133 0.3206238151
123.2 -162.1 2624.5 0.3038610220 0.1429247558 -0.9419347048 -0.1530837715 0.9831612110 0.0997966155 0.9403371215 0.1138706133 0.3206238151
95.3 -353.2 2606.0 0.3063400090 0.1435577869 -0.9410350323 -0.1360526085 0.9850170016 0.1059774607 0.9421494007 0.0955651328 0.3212815225
81.4 -143.5 2496.0 -0.7116758227 0.1978055090 -0.6740849614 0.6748881936 0.4589193761 -0.5778571963 0.1950473189 -0.8661789298 -0.4600984454
243.6 -297.4 2451.5 -0.9101287127 0.1978055090 0.3640586138 -0.2421978414 0.4589193761 -0.8548293710 -0.3361635208 -0.8661789298 -0.3697676361
165.0 -180.6 2753.1 0.8964902759 0.3362525105 -0.2885123789 -0.4414301813 0.7337219715 -0.5165185928 0.0380071923 0.5904120207 0.8062066436
379.5 -286.2 2762.2 0.8860232234 0.3362525105 0.3192132711 -0.0339694023 0.7337219715 -0.6786001325 -0.4623948038 0.5904120207 0.6615169644
