-334.4 480.9 2699.3 7 0.5202175379 -0.0932413042 0.8489285707 0.1067825630 0.9933231473 0.0436651334 -0.8473318219 0.0679354072 0.5267006755
-315.9 284.2 2685.9 0.5202175379 -0.0932413042 0.8489285707 0.1067825630 0.9933231473 0.0436651334 -0.8473318219 0.0679354072 0.5267006755
-301.4 89.2 2678.6 0.5233911872 -0.0739430413 0.8488781452 0.0690073818 0.9966335893 0.0442657918 -0.8492935896 0.0354105309 0.5267318487
-390.1 274.7 2805.9 0.3738272786 -0.6521319747 -0.6595278978 0.9103478789 0.3940937519 0.1263202727 0.1775383353 -0.6476218104 0.7409899235
-505.2 -5.5 2751.3 0.2078837454 -0.6557316184 -0.7258101702 0.9222813845 0.3785915077 -0.0778814107 0.3258548677 -0.6532109380 0.6834720969
-241.7 293.7 2565.8 0.0166892707 -0.0827768669 0.9964283705 -0.7764298320 0.6268345714 0.0650778860 -0.6299826503 -0.7747428417 -0.0538090169
-237.4 92.1 2402.2 -0.9465041161 -0.0827768669 0.3118942082 -0.2927553952 0.6268345714 -0.7220614552 -0.1357360929 -0.7747428417 -0.6175348759
-310.4 -111.0 2761.4 0.8312615752 0.3367229998 0.4422916174 -0.1975430846 0.9226625562 -0.3311654925 -0.5195969343 0.1879134923 0.8334912062
-442.0 -471.6 2688.0 0.8640810251 0.2383425087 0.4433473647 -0.0909108818 0.9402006865 -0.3282650113 -0.4950749874 0.2433424592 0.8340774775
-227.3 -98.9 2603.4 0.8828228116 -0.0753851831 0.4636172652 0.0306160040 0.9941731691 0.1033555493 -0.4687073231 -0.0770505294 0.8799867630
-197.7 -488.3 2633.6 0.8818165064 -0.0653649643 0.4670407772 0.0480314679 0.9976462126 0.0489382707 -0.4691403210 -0.0207219180 0.8828805089
-561.1 -253.6 2663.6 0 0 0 0 0 0 0 0 0
-467.5 20.9 2369.2 0 0 0 0 0 0 0 0 0
-525.4 -800.6 2602.8 0 0 0 0 0 0 0 0 0
-176.9 -806.3 2640.2 0 0 0 0 0 0 0 0 0
-338.5 480.5 2698.8 8 0.5496838093 -0.1131643578 0.8276723623 0.1501388848 0.9880317450 0.0353776030 -0.8217700720 0.1048193127 0.5600954294
-315.8 282.8 2677.8 0.5496838093 -0.1131643578 0.8276723623 0.1501388848 0.9880317450 0.0353776030 -0.8217700720 0.1048193127 0.5600954294
-296.4 88.7 2662.9 0.5530975461 -0.0986599550 0.8272540569 0.1182252541 0.9922092557 0.0392880775 -0.8246853352 0.0760721862 0.5604526401
-394.3 266.1 2794.6 0.3271557689 -0.6700415611 -0.6663433313 0.9379492998 0.3160484433 0.1427041590 0.1149790511 -0.6716827750 0.7318620682
-493.5 -18.2 2759.8 0.3277796805 -0.7061523795 -0.6276219487 0.9442524910 0.2232203186 0.2419915646 -0.0307849552 -0.6719534993 0.7399532199
-237.4 299.4 2561.0 0.0864117742 0.2001704276 0.9759430289 -0.8515505195 0.5232990980 -0.0319332257 -0.5171021819 -0.8283054233 0.2156744450
-213.1 60.7 2416.0 -0.7529560924 0.2001704276 0.6268882751 -0.4587654769 0.5232990980 -0.7181171775 -0.4717958868 -0.8283054233 -0.3021899462
-332.7 -112.1 2746.2 0.8493602872 0.2862079144 0.4434773624 -0.1723539382 0.9445523620 -0.2794906199 -0.4988800287 0.1609531492 0.8515942693
-444.5 -480.9 2683.4 0.8719018698 0.2317555994 0.4313658178 -0.0934549198 0.9434751868 -0.3179948926 -0.4806800485 0.2369470894 0.8442764878
-238.9 -99.6 2594.3 0.9025683403 -0.0884028375 0.4213731587 0.0303034727 0.9893099070 0.1426451653 -0.4294788837 -0.1159779355 0.8955987096
-204.3 -487.0 2639.8 0.9000963569 -0.0789638236 0.4284754992 0.0710286796 0.9968773127 0.0345050879 -0.4298621416 -0.0006238557 0.9028943181
-577.6 -260.6 2767.7 0 0 0 0 0 0 0 0 0
-389.5 -46.8 2305.5 0 0 0 0 0 0 0 0 0
-522.7 -799.5 2603.4 0 0 0 0 0 0 0 0 0
-179.0 -807.2 2640.0 0 0 0 0 0 0 0 0 0
-342.5 480.9 2687.0 9 0.5563477278 -0.1296862811 0.8207671046 0.1409867853 0.9881569743 0.0605686121 -0.8189016581 0.0820201039 0.5680429339
-316.8 284.6 2670.7 0.5563477278 -0.1296862811 0.8207671046 0.1409867853 0.9881569743 0.0605686121 -0.8189016581 0.0820201039 0.5680429339
-293.6 90.7 2658.7 0.5592936873 -0.1179872751 0.8205300570 0.1174444929 0.9911130667 0.0624630041 -0.8206079006 0.0614315718 0.5681802630
-396.3 267.9 2787.3 0.3020998538 -0.6936013699 -0.6539517045 0.9532696605 0.2172490507 0.2099518925 -0.0035525358 -0.6868187785 0.7268200517
-485.9 -14.8 2788.4 0.3098647892 -0.7369188070 -0.6007782817 0.9302900434 0.1045132726 0.3516211212 -0.1963269264 -0.6678530574 0.7179331779
-237.2 301.3 2554.1 0.2010516375 0.4847030044 0.8512586355 -0.8973513842 0.4396435022 -0.0383932218 -0.3928596377 -0.7561590672 0.5233399868
-178.8 40.4 2439.9 -0.5274734497 0.4847030044 0.6977354288 -0.5426954627 0.4396435022 -0.7156781554 -0.6536462307 -0.7561590672 0.0311458521
-326.1 -116.0 2721.4 0.8372020125 0.3115933836 0.4494466782 -0.2298422158 0.9461835623 -0.2278360724 -0.4962512553 0.0874430016 0.8637641072
-447.5 -484.9 2687.3 0.8823712468 0.2212411761 0.4152991176 -0.0842116475 0.9425721169 -0.3232123852 -0.4629572630 0.2502202988 0.8503295779
-226.7 -94.6 2573.4 0.9118260145 -0.0448765531 0.4081169665 -0.0315742642 0.9834007025 0.1786788404 -0.4093609750 -0.1758100092 0.8952733874
-209.1 -478.7 2642.1 0.9077351689 -0.0876346603 0.4102889597 0.0813716576 0.9961459637 0.0327403173 -0.4115768373 0.0036663550 0.9113676548
-568.3 -262.1 2840.6 0 0 0 0 0 0 0 0 0
-302.0 -86.4 2287.2 0 0 0 0 0 0 0 0 0
-521.3 -799.0 2603.9 0 0 0 0 0 0 0 0 0
-180.1 -809.0 2640.9 0 0 0 0 0 0 0 0 0
-345.6 480.3 2681.2 0 0.5756547451 -0.1264456213 0.8078570962 0.1190154478 0.9904068112 0.0702114180 -0.8089851141 0.0557299368 0.5851814151
-320.5 284.0 2670.1 0.5756547451 -0.1264456213 0.8078570962 0.1190154478 0.9904068112 0.0702114180 -0.8089851141 0.0557299368 0.5851814151
-297.4 89.7 2663.4 0.5784087777 -0.1178251952 0.8071929812 0.0966598839 0.9924420118 0.0756024271 -0.8100000620 0.0342940725 0.5854261518
-402.8 270.2 2785.3 0.2487191409 -0.6997147202 -0.6697298288 0.9653223753 0.1224501133 0.2305616289 -0.0793188810 -0.7038502693 0.7059059739
-474.4 -7.5 2808.1 0.3033918142 -0.7446068525 -0.5945704579 0.8947954774 0.0081332317 0.4464022219 -0.3275583684 -0.6674537063 0.6687383652
-238.2 297.7 2554.9 0.3133457899 0.6241217852 0.7157418728 -0.8955550194 0.4449319839 0.0040889932 -0.3159044087 -0.6422675252 0.6983529329
-144.8 31.0 2460.8 -0.3116538227 0.6241217852 0.7164802551 -0.6120318174 0.4449319839 -0.6537986398 -0.7268348932 -0.6422675252 0.2433176041
-320.6 -113.9 2720.3 0.8440889120 0.3288887739 0.4234927595 -0.2548154891 0.9409563541 -0.2228681743 -0.4717870653 0.0802080408 0.8780567646
-449.1 -481.5 2689.0 0.8979418874 0.2080662549 0.3878256977 -0.0817940980 0.9447356462 -0.3174654543 -0.4324465990 0.2533436716 0.8653362989
-219.7 -92.6 2572.5 0.9210334420 -0.0278898124 0.3884837031 -0.0421248786 0.9844487906 0.1705464423 -0.3871988058 -0.1734437943 0.9055353999
-208.8 -477.6 2640.3 0.9171581268 -0.0879562348 0.3886961043 0.0801743641 0.9961221814 0.0362303331 -0.3903754950 -0.0020654812 0.9206534028
-556.7 -250.4 2897.0 0 0 0 0 0 0 0 0 0
-219.8 -116.3 2285.9 0 0 0 0 0 0 0 0 0
-519.2 -799.8 2603.6 0 0 0 0 0 0 0 0 0
-179.6 -808.6 2641.0 0 0 0 0 0 0 0 0 0
-350.7 481.8 2669.2 1 0.6094285846 -0.1381024122 0.7807205319 0.1037538350 0.9901362062 0.0941561610 -0.7860229015 0.0236212928 0.6177459359
-323.4 286.3 2664.6 0.6094285846 -0.1381024122 0.7807205319 0.1037538350 0.9901362062 0.0941561610 -0.7860229015 0.0236212928 0.6177459359
-298.1 92.3 2663.4 0.6119350195 -0.1300532818 0.7801420689 0.0852314234 0.9914872646 0.0984308869 -0.7863021493 0.0062593049 0.6178104281
-410.5 274.1 2776.4 0.2133287936 -0.6795609593 -0.7019171715 0.9691818953 0.0566047952 0.2397547662 -0.1231961027 -0.7314320207 0.6706936359
-471.1 -1.3 2811.4 0.3019542694 -0.7242156863 -0.6199477911 0.8706477284 -0.0553988516 0.4887775183 -0.3883247375 -0.6873446107 0.6138088703
-236.3 298.5 2552.7 0.3984651864 0.7228626609 0.5645308495 -0.8883446455 0.4573011994 0.0414653309 -0.2281869054 -0.5180204511 0.8243697882
-116.5 31.4 2484.1 -0.1304740906 0.7228626609 0.6785618067 -0.6458601952 0.4573011994 -0.6113429666 -0.7522240877 -0.5180204511 0.4072022438
-326.5 -113.2 2729.6 0.8693276048 0.3184821904 0.3779399395 -0.2469211668 0.9422919154 -0.2260883451 -0.4281348586 0.1032234654 0.8978003263
-451.0 -481.8 2689.2 0.9168074727 0.1987134069 0.3463770449 -0.0865027830 0.9456273317 -0.3135381937 -0.3898478448 0.2574915886 0.8841474652
-222.1 -95.7 2583.5 0.9370436072 -0.0234585796 0.3484235108 -0.0277334396 0.9895907044 0.1412127316 -0.3481093347 -0.1419854760 0.9266390800
-212.9 -482.9 2639.0 0.9318737388 -0.0989329219 0.3490323722 0.0897668898 0.9950606227 0.0423824489 -0.3515014052 -0.0081635397 0.9361517429
-554.4 -241.6 2918.6 0 0 0 0 0 0 0 0 0
-149.1 -130.0 2296.2 0 0 0 0 0 0 0 0 0
-517.6 -798.6 2602.9 0 0 0 0 0 0 0 0 0
-180.4 -809.3 2641.7 0 0 0 0 0 0 0 0 0
-355.4 482.1 2663.2 2 0.6393457055 -0.1235325262 0.7589313388 0.0911216661 0.9922275543 0.0847430155 -0.7635011077 0.0149750048 0.6456329226
-331.1 286.4 2660.3 0.6393457055 -0.1235325262 0.7589313388 0.0911216661 0.9922275543 0.0847430155 -0.7635011077 0.0149750048 0.6456329226
-308.7 91.9 2660.6 0.6415915489 -0.1144175902 0.7584648132 0.0723803416 0.9934307933 0.0886360705 -0.7636238337 -0.0019702131 0.6456583738
-422.4 276.1 2768.9 0.2177766412 -0.6562929153 -0.7223938704 0.9666978121 0.0431058481 0.2522642314 -0.1344198138 -0.7532738447 0.6438243985
-483.9 2.7 2806.9 0.3254865408 -0.7039859891 -0.6312386394 0.8542361259 -0.0672869459 0.5155125260 -0.4053877294 -0.7070192099 0.5794692636
-239.7 296.7 2551.7 0.4944039583 0.7564675212 0.4281607270 -0.8598915339 0.4976592958 0.1136738732 -0.1270875782 -0.4243725836 0.8965247869
-93.7 42.7 2514.1 0.0303064734 0.7564675212 0.6533287168 -0.6748321056 0.4976592958 -0.5449191332 -0.7373487353 -0.4243725836 0.5255708694
-327.9 -109.5 2733.0 0.8857848048 0.3164489269 0.3394779861 -0.2466260642 0.9406114817 -0.2332930863 -0.3931422532 0.1229233593 0.9112238884
-451.7 -477.6 2684.9 0.9279713035 0.1943897009 0.3179338276 -0.0981720388 0.9505516291 -0.2946418226 -0.3594878614 0.2422069460 0.9011682868
-217.4 -94.0 2591.2 0.9485898018 0.0104229758 0.3163363934 -0.0468385443 0.9930759668 0.1077326536 -0.3130231798 -0.1170108318 0.9425099492
-221.5 -482.4 2637.0 0.9414531589 -0.1195640042 0.3152306676 0.1089844406 0.9927319288 0.0510459729 -0.3190428019 -0.0137021570 0.9476412535
-574.7 -235.4 2919.9 0 0 0 0 0 0 0 0 0
-86.0 -129.6 2325.8 0 0 0 0 0 0 0 0 0
-517.0 -796.7 2603.6 0 0 0 0 0 0 0 0 0
-182.2 -809.1 2641.5 0 0 0 0 0 0 0 0 0
-360.8 481.1 2660.8 3 0.6749228835 -0.1133360863 0.7291323543 0.0876611695 0.9934514761 0.0732780099 -0.7326626778 0.0144595886 0.6804383397
-338.4 285.0 2657.9 0.6749228835 -0.1133360863 0.7291323543 0.0876611695 0.9934514761 0.0732780099 -0.7326626778 0.0144595886 0.6804383397
-318.2 90.2 2658.5 0.6770526171 -0.1037649959 0.7285826206 0.0681590661 0.9945961833 0.0783123150 -0.7327715158 -0.0033620454 0.6804664135
-434.8 275.3 2762.1 0.2262017131 -0.6227167845 -0.7490370870 0.9655727744 0.0419344455 0.2567308545 -0.1284601539 -0.7813227773 0.6107640266
-498.6 2.9 2798.4 0.3506571949 -0.6735189557 -0.6507009864 0.8472869396 -0.0678147078 0.5267884135 -0.3989290893 -0.7360525727 0.5468840599
-242.1 294.7 2553.7 0.5863300562 0.7406629920 0.3280784190 -0.8093386292 0.5528386235 0.1983441412 -0.0344682634 -0.3818216622 0.9235930443
-77.9 68.0 2544.0 0.1344857663 0.7406629920 0.6582795382 -0.6787781119 0.5528386235 -0.4833526015 -0.7219237089 -0.3818216622 0.5770947337
-344.3 -109.1 2729.9 0.9104991555 0.2824770212 0.3019901514 -0.2231870890 0.9505024552 -0.2161773890 -0.3481075168 0.1294290125 0.9284768701
-454.8 -481.0 2679.2 0.9406336546 0.1859635264 0.2839469016 -0.1060713604 0.9557093978 -0.2745330334 -0.3224238753 0.2281163782 0.9186978936
-228.5 -96.0 2592.1 0.9618225098 -0.0124553330 0.2733903825 -0.0161518808 0.9946389794 0.1021389365 -0.2731969059 -0.1026552990 0.9564650059
-223.6 -485.2 2632.2 0.9542921782 -0.1201244295 0.2736723721 0.1076620594 0.9923652411 0.0601677261 -0.2788105309 -0.0279534627 0.9599391818
-596.8 -234.5 2910.1 0 0 0 0 0 0 0 0 0
-43.1 -108.0 2356.8 0 0 0 0 0 0 0 0 0
-515.8 -794.3 2604.4 0 0 0 0 0 0 0 0 0
-184.5 -808.0 2641.3 0 0 0 0 0 0 0 0 0
-366.2 479.9 2659.0 4 0.6733961105 -0.1063564494 0.7315914035 0.0832867995 0.9942114949 0.0678736642 -0.7345753312 0.0152260410 0.6783562303
-345.2 284.3 2656.0 0.6733961105 -0.1063564494 0.7315914035 0.0832867995 0.9942114949 0.0678736642 -0.7345753312 0.0152260410 0.6783562303
-325.8 89.5 2656.7 0.6753031015 -0.0993209779 0.7308222055 0.0648433194 0.9950494170 0.0753129646 -0.7346843481 -0.0034701375 0.6784002185
-441.4 275.1 2760.6 0.2262449265 -0.6259779930 -0.7463007569 0.9648796916 0.0390218087 0.2597777545 -0.1334931552 -0.7788638473 0.6128219366
-505.1 3.2 2798.2 0.3518241346 -0.6772711873 -0.6461606026 0.8430114985 -0.0708004534 0.5332155824 -0.4068800211 -0.7323189378 0.5460380912
-249.1 293.5 2551.4 0.6535999179 0.7149747014 0.2482303679 -0.7555301189 0.5970863700 0.2695589960 0.0445129052 -0.3637292683 0.9304405451
-66.5 82.6 2563.9 0.1840673238 0.7149747014 0.6744852662 -0.6626458764 0.5970863700 -0.4520932436 -0.7259612083 -0.3637292683 0.5836791396
-359.0 -110.6 2725.2 0.9164816141 0.2530872524 0.3098519742 -0.1992358565 0.9603337646 -0.1951003820 -0.3469387293 0.1170722991 0.9305523038
-458.0 -486.4 2679.4 0.9410458803 0.1782489568 0.2875064909 -0.0971457362 0.9565097690 -0.2750486732 -0.3240299225 0.2309033871 0.9174357057
-236.8 -98.4 2593.0 0.9608401656 -0.0168459509 0.2765906155 -0.0099412426 0.9954122901 0.0951608941 -0.2769247591 -0.0941840708 0.9562646151
-230.2 -488.1 2629.8 0.9508128762 -0.1389399618 0.2768584788 0.1223449931 0.9895405769 0.0764272660 -0.2845814824 -0.0387957767 0.9578664899
-604.0 -233.6 2912.5 0 0 0 0 0 0 0 0 0
-18.1 -91.7 2372.9 0 0 0 0 0 0 0 0 0
-515.2 -793.5 2605.2 0 0 0 0 0 0 0 0 0
-185.4 -806.8 2642.3 0 0 0 0 0 0 0 0 0
-373.1 479.7 2657.1 5 0.7360854745 -0.1110800579 0.6677120924 0.0942872092 0.9936522245 0.0613610409 -0.6702895761 0.0177897383 0.7418863773
-351.3 284.1 2653.6 0.7360854745 -0.1110800579 0.6677120924 0.0942872092 0.9936522245 0.0613610409 -0.6702895761 0.0177897383 0.7418863773
-331.5 89.3 2653.1 0.7379667759 -0.1009596214 0.6672422290 0.0766437948 0.9948871136 0.0657674968 -0.6704705358 0.0026057470 0.7419315577
-456.0 273.3 2748.8 0.2319533676 -0.5549253225 -0.7989089489 0.9675349593 0.0468753129 0.2483520806 -0.1003677472 -0.8305784464 0.5477825403
-521.3 0.9 2777.0 0.3830670714 -0.6095497608 -0.6940523386 0.8491380215 -0.0634079352 0.5243510604 -0.3636265099 -0.7902078629 0.4933024049
-246.6 295.0 2558.5 0.7013005614 0.6735795736 0.2333839089 -0.7040336728 0.6030665040 0.3750298321 0.1118664071 -0.4273187518 0.8971536160
-60.9 108.6 2588.1 0.1696444154 0.6735795736 0.7193825841 -0.6888595819 0.6030665040 -0.4022228420 -0.7047646642 -0.4273187518 0.5663086176
-367.4 -111.3 2723.7 0.9418396950 0.2392260134 0.2360272706 -0.2026502788 0.9645612240 -0.1689806879 -0.2680873275 0.1113217324 0.9569413066
-461.0 -488.8 2680.1 0.9625383019 0.1715960652 0.2099400759 -0.1121006459 0.9568413496 -0.2681195736 -0.2468876094 0.2345409393 0.9402324557
-245.4 -99.5 2591.0 0.9811038971 -0.0395632386 0.1893935800 0.0198446829 0.9942847490 0.1049002334 -0.1924613416 -0.0991595685 0.9762817025
-229.9 -488.8 2629.8 0.9725398421 -0.1330551803 0.1909518987 0.1235265359 0.9904634356 0.0610196441 -0.1972498447 -0.0357564092 0.9797009826
-628.9 -237.6 2879.2 0 0 0 0 0 0 0 0 0
-15.6 -75.4 2399.9 0 0 0 0 0 0 0 0 0
-515.6 -793.5 2605.4 0 0 0 0 0 0 0 0 0
-187.5 -804.6 2641.2 0 0 0 0 0 0 0 0 0
-377.7 478.9 2655.7 6 0.7792199254 -0.1159061864 0.6159399748 0.1090935543 0.9928321242 0.0488156490 -0.6171830297 0.0291569531 0.7862792015
-355.0 283.9 2650.0 0.7792199254 -0.1159061864 0.6159399748 0.1090935543 0.9928321242 0.0488156490 -0.6171830297 0.0291569531 0.7862792015
-334.3 89.2 2647.6 0.7813283801 -0.1050877497 0.6152093410 0.0901342034 0.9943884015 0.0553854182 -0.6175773740 0.0121772056 0.7864158750
-465.8 271.2 2737.6 0.2330741584 -0.4979837835 -0.8352775574 0.9699655771 0.0575797036 0.2363288105 -0.0695928857 -0.8652726412 0.4964474738
-531.4 -1.7 2757.1 0.4029127359 -0.5547685623 -0.7279376388 0.8558021188 -0.0535818264 0.5145208240 -0.3244442046 -0.8302775621 0.4531832933
-244.1 296.7 2562.4 0.7413247228 0.6149672270 0.2687991560 -0.6528778672 0.5679712296 0.5011578202 0.1555254608 -0.5470137000 0.8225495815
-58.7 133.4 2601.3 0.0904567018 0.6149672270 0.7833472490 -0.7399250865 0.5679712296 -0.3604436219 -0.6665796638 -0.5470137000 0.5064064860
-378.0 -112.4 2713.0 0.9573966861 0.2227023393 0.1838348359 -0.2007064074 0.9708700776 -0.1308749616 -0.2076259106 0.0884024203 0.9742055535
-465.2 -492.5 2678.3 0.9740491509 0.1658703834 0.1539975256 -0.1233308017 0.9594755173 -0.2533697188 -0.1897833794 0.2278019339 0.9550332427
-245.2 -98.7 2592.3 0.9923135638 -0.0177253373 0.1224728525 0.0069711884 0.9961238503 0.0876849592 -0.1235523745 -0.0861571953 0.9885907769
-238.3 -488.7 2626.0 0.9810251594 -0.1499570012 0.1228922457 0.1432494670 0.9877576828 0.0617602132 -0.1306491345 -0.0429840758 0.9904964566
-644.6 -242.2 2848.3 0 0 0 0 0 0 0 0 0
-34.6 -64.0 2423.5 0 0 0 0 0 0 0 0 0
-517.1 -792.4 2607.1 0 0 0 0 0 0 0 0 0
-190.4 -804.2 2639.8 0 0 0 0 0 0 0 0 0
-383.4 480.3 2646.5 7 0.8203346729 -0.1153394356 0.5601319671 0.1055742651 0.9931591749 0.0498885773 -0.5620543361 0.0182101894 0.8268998265
-360.8 285.5 2642.9 0.8203346729 -0.1153394356 0.5601319671 0.1055742651 0.9931591749 0.0498885773 -0.5620543361 0.0182101894 0.8268998265
-339.5 90.8 2642.9 0.8220932484 -0.1085790545 0.5589036345 0.0899673253 0.9940877557 0.0607896894 -0.5621997714 0.0003082729 0.8270013928
-477.4 272.7 2722.6 0.2345575839 -0.4369109273 -0.8683844805 0.9703614116 0.0517957136 0.2360423505 -0.0581508912 -0.8980122805 0.4361105859
-543.4 -0.3 2739.0 0.4221957624 -0.4957310855 -0.7589475513 0.8553475738 -0.0594215952 0.5146353841 -0.3002186418 -0.8664408326 0.3989348710
-244.1 298.3 2563.2 0.7750368118 0.5574195981 0.2976598144 -0.6078804731 0.5289856195 0.5921617746 0.1726248115 -0.6398887634 0.7488278151
-54.9 149.9 2605.4 0.0079772510 0.5574195981 0.8301926255 -0.7741128802 0.5289856195 -0.3477405608 -0.6329973340 -0.6398887634 0.4357255101
-383.9 -113.6 2700.8 0.9685877562 0.2148322761 0.1252391934 -0.2053628415 0.9750471711 -0.0843159109 -0.1402278990 0.0559478849 0.9885373116
-468.0 -495.2 2678.9 0.9834655523 0.1578257233 0.0888063163 -0.1325202286 0.9614198208 -0.2410607040 -0.1234257370 0.2253062725 0.9664384127
-243.3 -97.4 2589.7 0.9985911846 -0.0000990238 0.0530628040 -0.0059101940 0.9935684800 0.1130783558 -0.0527327284 -0.1132326648 0.9921681285
-243.3 -486.3 2634.0 0.9856490493 -0.1603087783 0.0528870299 0.1588919908 0.9868396521 0.0300134271 -0.0570024364 -0.0211793818 0.9981493950
-662.1 -240.9 2823.4 0 0 0 0 0 0 0 0 0
-52.8 -55.4 2437.4 0 0 0 0 0 0 0 0 0
-516.6 -791.2 2609.6 0 0 0 0 0 0 0 0 0
-191.5 -805.3 2640.9 0 0 0 0 0 0 0 0 0
-391.4 480.2 2651.4 8 0.8116934896 -0.1194657460 0.5717355609 0.1169803515 0.9922767282 0.0412618816 -0.5722492933 0.0333898291 0.8193997145
-368.0 285.7 2644.8 0.8116934896 -0.1194657460 0.5717355609 0.1169803515 0.9922767282 0.0412618816 -0.5722492933 0.0333898291 0.8193997145
-346.0 91.1 2641.3 0.8133739233 -0.1126845405 0.5707232952 0.1026066020 0.9934685826 0.0499208905 -0.5726209283 0.0179556273 0.8196235895
-483.7 271.0 2726.2 0.2301319987 -0.4502593577 -0.8627315760 0.9720638394 0.0643028617 0.2257365286 -0.0461638756 -0.8905794024 0.4524790049
-548.4 -2.5 2739.2 0.4149165154 -0.5084209442 -0.7545544505 0.8612742424 -0.0479035079 0.5058773756 -0.2933444679 -0.8597751856 0.4180139005
-252.4 300.3 2563.5 0.8311877847 0.4266235232 0.3565378189 -0.5336532593 0.4322176278 0.7269127369 0.1560161263 -0.7944685221 0.5869230628
-52.0 171.6 2601.1 -0.0797297508 0.4266235232 0.9009081721 -0.8570269346 0.4322176278 -0.2805222273 -0.5090658069 -0.7944685221 0.3311672509
-392.3 -112.0 2693.4 0.9701925516 0.1945494860 0.1444884539 -0.1847609431 0.9796468616 -0.0784567147 -0.1568113714 0.0494222976 0.9863912463
-468.4 -495.5 2674.1 0.9805539846 0.1604354233 0.1130235940 -0.1316551864 0.9648587704 -0.2274082452 -0.1455361396 0.2081059217 0.9672182798
-244.3 -95.7 2592.3 0.9977378845 0.0030668944 0.0671546236 -0.0093112327 0.9956346750 0.0928701982 -0.0665766522 -0.0932854041 0.9934110045
-245.5 -485.5 2628.8 0.9838983417 -0.1657070816 0.0669716001 0.1624249220 0.9853585958 0.0518321805 -0.0745800063 -0.0401197374 0.9964076877
-665.2 -244.9 2821.8 0 0 0 0 0 0 0 0 0
-72.8 -53.0 2467.7 0 0 0 0 0 0 0 0 0
-517.5 -790.4 2610.5 0 0 0 0 0 0 0 0 0
-191.5 -807.0 2641.9 0 0 0 0 0 0 0 0 0
-399.5 481.4 2654.8 9 0.7562022805 -0.1176548451 0.6436734200 0.1175363883 0.9921257496 0.0432627983 -0.6436950564 0.0429396220 0.7640764713
-376.5 286.8 2646.4 0.7562022805 -0.1176548451 0.6436734200 0.1175363883 0.9921257496 0.0432627983 -0.6436950564 0.0429396220 0.7640764713
-354.0 92.4 2641.3 0.7576829195 -0.1152346954 0.6423687339 0.1049156263 0.9929929972 0.0543838292 -0.6441345215 0.0261888206 0.7644637823
-483.9 271.9 2737.7 0.2196306288 -0.5294123888 -0.8194418550 0.9731810093 0.0599854030 0.2220820934 -0.0684184581 -0.8462412953 0.5283887386
-545.7 -1.9 2757.0 0.3816371560 -0.5838291049 -0.7165868282 0.8630874753 -0.0523746386 0.5023314357 -0.3308067024 -0.8101854324 0.4839074910
-269.1 301.8 2555.1 0.8803069592 0.2796693444 0.3832032084 -0.4589748979 0.2977441549 0.8370725513 0.1200070307 -0.9127614498 0.3904674649
-50.3 187.7 2584.9 -0.1497913003 0.2796693444 0.9483394027 -0.9255243540 0.2977441549 -0.2339936793 -0.3478033841 -0.9127614498 0.2142413110
-397.3 -112.7 2689.5 0.9535037875 0.1938679814 0.2307504267 -0.1775011271 0.9800060391 -0.0898970962 -0.2435649782 0.0447587594 0.9688512683
-473.2 -496.5 2671.9 0.9688215852 0.1439304352 0.2016650885 -0.0972421765 0.9695388079 -0.2248075157 -0.2278787792 0.1981880218 0.9533062577
-250.6 -94.2 2586.2 0.9876918197 0.0013914878 0.1564061344 -0.0167977102 0.9951208830 0.0972229317 -0.1555077136 -0.0986535624 0.9828961492
-251.2 -483.8 2624.8 0.9719504118 -0.1756957471 0.1563438922 0.1654126346 0.9832437038 0.0766187012 -0.1671857238 -0.0486083217 0.9847264290
-653.0 -244.6 2850.0 0 0 0 0 0 0 0 0 0
-89.3 -53.0 2494.5 0 0 0 0 0 0 0 0 0
-516.7 -789.3 2612.1 0 0 0 0 0 0 0 0 0
-193.8 -804.8 2640.7 0 0 0 0 0 0 0 0 0
-408.2 486.1 2655.1 0 0.7492833138 -0.1195622683 0.6513673067 0.1222940162 0.9916324615 0.0413422063 -0.6508599520 0.0486812927 0.7576354742
-384.7 291.2 2645.5 0.7492833138 -0.1195622683 0.6513673067 0.1222940162 0.9916324615 0.0413422063 -0.6508599520 0.0486812927 0.7576354742
-362.7 96.7 2639.3 0.7512138486 -0.1124964654 0.6504016519 0.1057823747 0.9931514263 0.0496014208 -0.6515272856 0.0315397531 0.7579692602
-491.4 276.2 2738.1 0.2218596339 -0.5380143523 -0.8132151365 0.9727763534 0.0648485497 0.2224877030 -0.0669657513 -0.8404375315 0.5377548933
-553.9 2.4 2756.9 0.3810500503 -0.5925515294 -0.7097066641 0.8629039526 -0.0476810858 0.5031136274 -0.3319603205 -0.8041201234 0.4931461811
-277.9 306.3 2552.9 0.8969187140 0.1080626026 0.4287881255 -0.4417022467 0.1731587350 0.8802926540 0.0208783094 -0.9789476395 0.2030408084
-56.3 197.2 2558.0 -0.1778575480 0.1080626026 0.9781048894 -0.9654595852 0.1731587350 -0.1946889907 -0.1904060096 -0.9789476395 0.0735324919
-399.6 -111.6 2694.0 0.9497060776 0.2038512826 0.2377036959 -0.1825821698 0.9771811366 -0.1085394248 -0.2544054687 0.0596800931 0.9652544260
-479.5 -494.2 2670.7 0.9690267444 0.1238815635 0.2136364579 -0.0767633542 0.9733237028 -0.2162136585 -0.2347223163 0.1931173652 0.9526862502
-263.4 -92.6 2578.2 0.9859178066 -0.0133283865 0.1666984558 -0.0067884824 0.9928074479 0.1195296422 -0.1670926064 -0.1189780384 0.9787360430
-258.2 -481.4 2624.8 0.9666012526 -0.1943119317 0.1671072692 0.1834434569 0.9799041152 0.0783352032 -0.1789705604 -0.0450641699 0.9828218222
-661.1 -240.5 2850.4 0 0 0 0 0 0 0 0 0
-102.1 -51.6 2509.0 0 0 0 0 0 0 0 0 0
-517.0 -789.1 2612.2 0 0 0 0 0 0 0 0 0
-194.2 -803.9 2639.6 0 0 0 0 0 0 0 0 0
-413.5 484.2 2655.7 1 0.7462874055 -0.1062130034 0.6570950747 0.1114250273 0.9931913614 0.0339901261 -0.6562313437 0.0478504263 0.7530410290
-392.8 290.2 2646.3 0.7462874055 -0.1062130034 0.6570950747 0.1114250273 0.9931913614 0.0339901261 -0.6562313437 0.0478504263 0.7530410290
-372.5 95.4 2641.1 0.7479874492 -0.1033565849 0.6556159258 0.0953025892 0.9942895770 0.0480177924 -0.6568350196 0.0265651885 0.7535662651
-499.2 276.6 2739.8 0.2304145545 -0.5427327752 -0.8076820374 0.9702666402 0.0649279132 0.2331673205 -0.0741064474 -0.8373920918 0.5415558815
-564.0 3.5 2760.7 0.3870282471 -0.5981595516 -0.7017223835 0.8572057486 -0.0469763093 0.5128269792 -0.3397167027 -0.7999989986 0.4945646524
-286.3 303.7 2552.8 0.8783935905 -0.0856450349 0.4702017009 -0.4648144245 0.0758798644 0.8821506500 -0.1112306640 -0.9934320450 0.0268433373
-66.4 187.4 2525.0 -0.1802371442 -0.0856450349 0.9798874855 -0.9818246961 0.0758798644 -0.1739613414 -0.0594548061 -0.9934320450 -0.0977647752
-408.4 -107.3 2691.9 0.9495871663 0.1964035332 0.2443560958 -0.1773358136 0.9792637825 -0.0979515463 -0.2585271001 0.0496804453 0.9647256732
-485.3 -490.8 2672.4 0.9698227644 0.1068000868 0.2191748023 -0.0589878261 0.9750289321 -0.2141005397 -0.2365677208 0.1947109252 0.9519051313
-273.0 -88.2 2574.4 0.9844149947 -0.0257221740 0.1739699095 0.0040773530 0.9923179746 0.1236464903 -0.1758139133 -0.1210101172 0.9769575596
-262.9 -476.8 2621.8 0.9629740715 -0.2052579820 0.1747860014 0.1924128383 0.9773876667 0.0876961127 -0.1888340116 -0.0508180112 0.9806932211
-673.0 -237.9 2856.3 0 0 0 0 0 0 0 0 0
-112.6 -64.5 2509.7 0 0 0 0 0 0 0 0 0
-518.0 -789.1 2612.8 0 0 0 0 0 0 0 0 0
-193.7 -806.3 2638.9 0 0 0 0 0 0 0 0 0
-423.4 486.6 2664.5 2 0.6802414656 -0.0912392139 0.7272873521 0.1007447019 0.9944438934 0.0305265244 -0.7260317206 0.0525049418 0.6856538653
-405.5 292.0 2654.2 0.6802414656 -0.0912392139 0.7272873521 0.1007447019 0.9944438934 0.0305265244 -0.7260317206 0.0525049418 0.6856538653
-388.5 97.0 2648.3 0.6819099784 -0.0869960412 0.7262440920 0.0821141303 0.9957301021 0.0421760827 -0.7268122435 0.0308746062 0.6861419082
-502.2 280.3 2757.2 0.2339269370 -0.6207545996 -0.7482926250 0.9669054151 0.0679130554 0.2459303588 -0.1018435657 -0.7810579538 0.6160976887
-568.0 8.2 2785.9 0.3622364700 -0.6734035611 -0.6444473863 0.8511617184 -0.0428038426 0.5231553316 -0.3798795044 -0.7380349040 0.5576702356
-308.9 303.8 2551.2 0.8157054782 -0.2873225510 0.5020660162 -0.5297595263 -0.0224512424 0.8478506804 -0.2323346138 -0.9575707316 -0.1705254614
-85.9 158.9 2487.6 -0.1177185029 -0.2873225510 0.9505724907 -0.9913185835 -0.0224512424 -0.1295506507 0.0585643575 -0.9575707316 -0.2821852565
-419.8 -107.9 2695.2 0.9257223010 0.1763795167 0.3345571458 -0.1505096704 0.9833369851 -0.1019566953 -0.3469654918 0.0440295041 0.9368438125
-488.9 -493.0 2678.0 0.9465982318 0.0952690467 0.3080188930 -0.0222732499 0.9723876715 -0.2323059887 -0.3216453493 0.2130398601 0.9225823879
-284.8 -90.7 2576.6 0.9623315334 -0.0343457274 0.2697004974 0.0011506812 0.9924942255 0.1222860217 -0.2718761861 -0.1173693538 0.9551480412
-271.3 -479.4 2622.6 0.9366108775 -0.2229140699 0.2703133821 0.2020419240 0.9739350677 0.1030994728 -0.2862500250 -0.0419494547 0.9572362304
-669.9 -231.2 2892.8 0 0 0 0 0 0 0 0 0
-116.2 -95.9 2502.7 0 0 0 0 0 0 0 0 0
-517.9 -788.7 2613.2 0 0 0 0 0 0 0 0 0
-196.5 -806.4 2636.7 0 0 0 0 0 0 0 0 0
-428.4 485.9 2660.4 3 0.6569920182 -0.0684688240 0.7507819533 0.0723918751 0.9969950318 0.0275741741 -0.7504138350 0.0362345017 0.6599743366
-415.0 290.3 2653.3 0.6569920182 -0.0684688240 0.7507819533 0.0723918751 0.9969950318 0.0275741741 -0.7504138350 0.0362345017 0.6599743366
-402.3 95.0 2650.5 0.6582301855 -0.0649289563 0.7500115037 0.0538766533 0.9977819920 0.0390950106 -0.7508863807 0.0146745928 0.6602683663
-508.4 282.6 2759.9 0.2508945465 -0.6455349922 -0.7213435769 0.9594490528 0.0669213831 0.2738229632 -0.1284890026 -0.7607930899 0.6361481547
-579.0 12.7 2796.1 0.3672347069 -0.6991714835 -0.6134312749 0.8354374766 -0.0419734828 0.5479803681 -0.4088800848 -0.7137208581 0.5686998963
-321.6 298.0 2546.6 0.7172757983 -0.4069056809 0.5656352639 -0.6318178177 -0.0375226960 0.7742081881 -0.2938055396 -0.9126991630 -0.2840043902
-123.0 123.1 2465.3 0.0119952876 -0.4069056809 0.9133914113 -0.9992893338 -0.0375226960 -0.0035925845 0.0357347541 -0.9126991630 -0.4070665836
-432.8 -105.4 2707.8 0.9213190079 0.1528670639 0.3574954271 -0.1132926121 0.9851163626 -0.1292693466 -0.3719356060 0.0785967186 0.9249250889
-492.7 -490.9 2677.0 0.9370081425 0.0795746520 0.3401228786 0.0003204221 0.9735100865 -0.2286437303 -0.3493072987 0.2143500298 0.9121614099
-310.3 -90.5 2577.1 0.9492781758 -0.0775574446 0.3047224283 0.0378902592 0.9902564287 0.1340018362 -0.3121461868 -0.1156590059 0.9429675341
-279.9 -478.0 2622.3 0.9195015430 -0.2467049062 0.3060288131 0.2209483087 0.9682772160 0.1167093962 -0.3251135051 -0.0396979228 0.9448413849
-682.3 -222.3 2911.1 0 0 0 0 0 0 0 0 0
-119.9 -134.6 2474.5 0 0 0 0 0 0 0 0 0
-517.1 -789.4 2611.3 0 0 0 0 0 0 0 0 0
-195.1 -810.8 2636.0 0 0 0 0 0 0 0 0 0
-433.5 485.9 2658.3 4 0.6510673165 -0.0495940037 0.7573980689 0.0569502413 0.9982421398 0.0164093208 -0.7568804622 0.0324504301 0.6527472138
-423.7 289.0 2651.9 0.6510673165 -0.0495940037 0.7573980689 0.0569502413 0.9982421398 0.0164093208 -0.7568804622 0.0324504301 0.6527472138
-414.8 93.4 2650.3 0.6520598531 -0.0452159755 0.7568179965 0.0360419750 0.9989401102 0.0286284499 -0.7573103309 0.0086097540 0.6529984474
-516.4 283.8 2759.7 0.2689494193 -0.6511281133 -0.7097171545 0.9533386827 0.0750352591 0.2924296260 -0.1371553242 -0.7552495599 0.6409263015
-592.1 15.6 2798.2 0.3802519143 -0.7066037655 -0.5967575312 0.8249722719 -0.0325693786 0.5642340183 -0.4181258976 -0.7068594694 0.5705439448
-331.0 294.1 2544.2 0.5923752189 -0.3740260005 0.7135798335 -0.7449896932 0.0829037502 0.6619043350 -0.3067278862 -0.9237053394 -0.2295353860
-161.0 80.3 2456.2 0.0770997256 -0.3740260005 0.9242078662 -0.9897692204 0.0829037502 0.1161200851 -0.1200522259 -0.9237053394 -0.3638075590
-448.8 -105.3 2715.5 0.9219405651 0.1415421963 0.3605432808 -0.0927504748 0.9844325781 -0.1492978036 -0.3760624826 0.1042031422 0.9207164049
-504.2 -490.5 2674.7 0.9351313114 0.0451592989 0.3514115810 0.0309645403 0.9776316285 -0.2080326080 -0.3529456854 0.2054191083 0.9128156304
-330.2 -95.5 2580.2 0.9430758953 -0.1016352773 0.3166672289 0.0637444630 0.9897464514 0.1278227866 -0.3264115453 -0.1003608033 0.9398846626
-290.5 -482.8 2619.5 0.9077715874 -0.2761321366 0.3157559931 0.2445092052 0.9599810243 0.1365709752 -0.3408313990 -0.0467699990 0.9389603138
-699.1 -216.6 2916.0 0 0 0 0 0 0 0 0 0
-140.9 -177.6 2424.9 0 0 0 0 0 0 0 0 0
-518.0 -790.4 2611.7 0 0 0 0 0 0 0 0 0
-195.7 -812.2 2635.5 0 0 0 0 0 0 0 0 0
-444.0 484.2 2666.3 5 0.6567669511 -0.0264754687 0.7536287308 0.0599247850 0.9980553985 -0.0171604846 -0.7517088652 0.0564314798 0.6570762992
-438.8 286.2 2655.1 0.6567669511 -0.0264754687 0.7536287308 0.0599247850 0.9980553985 -0.0171604846 -0.7517088652 0.0564314798 0.6570762992
-434.8 90.6 2649.5 0.6573534012 -0.0202873331 0.7533093095 0.0348736234 0.9993855357 -0.0035170526 -0.7527750731 0.0285825711 0.6576570272
-532.4 281.2 2762.3 0.2938537300 -0.6443540454 -0.7060154676 0.9487581253 0.1068105772 0.2974046469 -0.1162239760 -0.7572313547 0.6427228451
-615.0 14.4 2795.0 0.4037539959 -0.7028909326 -0.5855997205 0.8230960369 -0.0003343472 0.5679020882 -0.3993690312 -0.7112975717 0.5784117579
-345.2 291.2 2547.9 0.4647477865 -0.3868014514 0.7964886427 -0.8233859539 0.1420352310 0.5494192839 -0.3256456256 -0.9111589789 -0.2524763048
-207.8 47.8 2451.7 0.1623400897 -0.3945955932 0.9044003487 -0.9499448538 0.1854445934 0.2514260113 -0.2669277489 -0.8999469876 -0.3447389901
-464.8 -105.4 2717.1 0.9280561209 0.1129614115 0.3548965454 -0.0627709180 0.9867041707 -0.1499156952 -0.3671126068 0.1168529913 0.9228075147
-509.0 -491.6 2671.3 0.9366514087 0.0319569446 0.3488020301 0.0407303944 0.9791359305 -0.1990824789 -0.3478866816 0.2006777227 0.9158074856
-347.2 -98.9 2580.4 0.9423373342 -0.1232679039 0.3111355305 0.0863780081 0.9877795577 0.1297321767 -0.3233251274 -0.0953762084 0.9414691925
-298.9 -485.6 2617.7 0.9031544924 -0.2974680066 0.3095557690 0.2653532326 0.9536098242 0.1421826929 -0.3374902308 -0.0462713167 0.9401910901
-728.7 -217.3 2907.4 0 0 0 0 0 0 0 0 0
-164.7 -204.5 2380.8 0 0 0 0 0 0 0 0 0
-518.7 -788.3 2610.5 0 0 0 0 0 0 0 0 0
-196.6 -813.4 2633.7 0 0 0 0 0 0 0 0 0
-455.7 486.2 2670.3 6 0.6366413832 -0.0499076024 0.7695433497 0.0890057385 0.9959900975 -0.0090407673 -0.7660063505 0.0742494985 0.6385305524
-445.8 287.5 2655.5 0.6366413832 -0.0499076024 0.7695433497 0.0890057385 0.9959900975 -0.0090407673 -0.7660063505 0.0742494985 0.6385305524
-437.1 92.2 2646.4 0.6378204823 -0.0445247777 0.7688969970 0.0641090423 0.9979322553 0.0046074488 -0.7675122619 0.0463545211 0.6393560767
-536.6 278.4 2764.7 0.2674250007 -0.6648723483 -0.6974443793 0.9576945305 0.1035295203 0.2685196698 -0.1063252166 -0.7397475243 0.6644309759
-611.8 9.1 2794.6 0.3734814227 -0.7196575403 -0.5853244066 0.8396842480 -0.0059051607 0.5430427790 -0.3942612708 -0.6943040490 0.6020796299
-355.0 296.6 2546.2 0.3544978499 -0.4139614999 0.8384313583 -0.8815827370 0.1509149075 0.4472544491 -0.3116779327 -0.8976973891 -0.3114423156
-248.9 32.8 2452.9 0.1224506050 -0.4608898163 0.8789689541 -0.8642429709 0.3858998120 0.3227467537 -0.4879446328 -0.7991632819 -0.3510671258
-490.2 -108.2 2712.0 0.9219129682 0.0606300831 0.3826231956 -0.0101245800 0.9911105037 -0.1326556504 -0.3872647882 0.1184230596 0.9143314362
-513.9 -495.7 2665.7 0.9250261188 0.0199776329 0.3793779016 0.0520911962 0.9825145006 -0.1787506044 -0.3763153255 0.1851112247 0.9078108668
-371.5 -101.9 2576.0 0.9295552969 -0.1680428684 0.3281593919 0.1293155551 0.9821454287 0.1366305053 -0.3452600241 -0.0845694914 0.9346889853
-305.7 -486.0 2609.1 0.8950589299 -0.3091779649 0.3213697970 0.2648323476 0.9483270645 0.1747559458 -0.3587943614 -0.0713077560 0.9306889176
-716.9 -227.3 2905.6 0 0 0 0 0 0 0 0 0
-216.4 -196.7 2323.4 0 0 0 0 0 0 0 0 0
-519.8 -786.7 2610.8 0 0 0 0 0 0 0 0 0
-198.4 -815.3 2633.8 0 0 0 0 0 0 0 0 0
-466.5 486.6 2671.8 7 0.6277282834 -0.0704618767 0.7752369642 0.1081021726 0.9941357970 0.0028247910 -0.7708898187 0.0820316002 0.6316642165
-452.6 289.8 2655.5 0.6277282834 -0.0704618767 0.7752369642 0.1081021726 0.9941357970 0.0028247910 -0.7708898187 0.0820316002 0.6316642165
-439.4 94.8 2644.1 0.6291485429 -0.0673698634 0.7743600011 0.0875951275 0.9960357547 0.0154869100 -0.7723336220 0.0580866002 0.6325557232
-542.1 277.3 2765.5 0.2440668494 -0.6738008857 -0.6974408031 0.9648134708 0.0961801261 0.2447128445 -0.0978077874 -0.7326266170 0.6735665798
-610.8 5.9 2793.0 0.3502184153 -0.7256256938 -0.5922958851 0.8525052667 -0.0150393089 0.5225022435 -0.3880487978 -0.6879252791 0.6133326888
-363.0 302.2 2545.5 0.2420847863 -0.4261221290 0.8716735840 -0.9303761721 0.1529690176 0.3331675828 -0.2753091455 -0.8916391730 -0.3594224155
-294.2 38.0 2467.4 0.0071747163 -0.4734925628 0.8807685971 -0.7901675701 0.5371213555 0.2951878607 -0.6128488779 -0.6980726719 -0.3702847660
-486.0 -108.9 2706.6 0.9152382612 0.0826601461 0.3943428099 -0.0349179432 0.9913194776 -0.1267535985 -0.4013971984 0.1022401080 0.9101797938
-518.3 -496.7 2666.6 0.9208948016 0.0061398470 0.3897628784 0.0678224638 0.9821019769 -0.1757153124 -0.3838657439 0.1882499903 0.9039961696
-370.8 -97.3 2567.9 0.9316223860 -0.1486627907 0.3316310644 0.1058047712 0.9839278460 0.1438446939 -0.3476853967 -0.0989207849 0.9323784113
-312.7 -482.4 2606.6 0.8932660222 -0.3079240918 0.3275035322 0.2647482753 0.9491584897 0.1703130007 -0.3632962406 -0.0654288083 0.9293733835
-709.3 -234.0 2902.3 0 0 0 0 0 0 0 0 0
-292.3 -177.5 2300.2 0 0 0 0 0 0 0 0 0
-520.1 -785.1 2611.3 0 0 0 0 0 0 0 0 0
-205.7 -812.1 2629.4 0 0 0 0 0 0 0 0 0
-477.6 489.7 2683.0 8 0.6043130159 -0.0733612180 0.7933623791 0.1377332509 0.9903796315 -0.0133338086 -0.7847517729 0.1173301712 0.6086035967
-463.1 293.9 2659.8 0.6043130159 -0.0733612180 0.7933623791 0.1377332509 0.9903796315 -0.0133338086 -0.7847517729 0.1173301712 0.6086035967
-449.6 99.7 2641.0 0.6056787372 -0.0697861686 0.7926431298 0.1188112274 0.9929111600 -0.0033684389 -0.7867891192 0.0962150991 0.6096765399
-549.4 277.0 2771.8 0.3092019856 -0.6544768810 -0.6899667382 0.9486393929 0.2633144259 0.1753533334 0.0669134930 -0.7087492347 0.7022799253
-641.3 -5.2 2751.9 0.3491005898 -0.6753206253 -0.6496698260 0.9354884624 0.2106986940 0.2836678028 -0.0546821393 -0.7067871690 0.7053096890
-376.9 310.9 2547.9 0.1724896431 0.8804774284 0.4415957630 -0.9570247531 0.2559109330 -0.1364300698 -0.2331327796 -0.3990853131 0.8867806792
-327.8 38.5 2481.5 -0.0998862907 0.8804774284 0.4634460211 -0.7227625251 0.2559109330 -0.6419687867 -0.6838399172 -0.3990853131 0.6108140945
-483.0 -108.0 2702.5 0.8995736837 0.1076451465 0.4232962132 -0.0525482260 0.9887876511 -0.1397772580 -0.4335964322 0.1034964845 0.8951439261
-525.2 -495.0 2662.0 0.9065998793 -0.0100604082 0.4218713939 0.0819064602 0.9848989844 -0.1525296718 -0.4139662087 0.1728373617 0.8937333226
-369.4 -92.2 2562.9 0.9270722270 -0.1210709140 0.3547942638 0.0762729272 0.9875344038 0.1376887709 -0.3670416474 -0.1005862281 0.9247501493
-322.0 -478.7 2602.3 0.8810494542 -0.3189467192 0.3493205309 0.2711254656 0.9456418157 0.1795898527 -0.3876116872 -0.0635178611 0.9196317792
-729.1 -240.3 2765.6 0 0 0 0 0 0 0 0 0
-355.5 -162.0 2291.8 0 0 0 0 0 0 0 0 0
-522.2 -784.7 2611.1 0 0 0 0 0 0 0 0 0
-210.6 -809.2 2624.5 0 0 0 0 0 0 0 0 0
-486.1 491.9 2678.2 9 0.6757795215 -0.0644865409 0.7342775464 0.1363281459 0.9899141788 -0.0385298915 -0.7243871093 0.1261404157 0.6777550578
-473.4 296.3 2653.2 0.6757795215 -0.0644865409 0.7342775464 0.1363281459 0.9899141788 -0.0385298915 -0.7243871093 0.1261404157 0.6777550578
-462.4 102.2 2631.4 0.6768222451 -0.0557428598 0.7340329885 0.1191374063 0.9922782779 -0.0344976522 -0.7264419794 0.1107995585 0.6782370210
-569.4 279.6 2756.2 0.2613254786 -0.5905953050 -0.7634829283 0.9566513300 0.2638154328 0.1233678237 0.1285581142 -0.7626261115 0.6339355111
-645.4 1.1 2718.8 0.3676266074 -0.5410006642 -0.7564185262 0.9019371867 0.4056283832 0.1482392251 0.2266272902 -0.7367386818 0.6370684505
-377.4 313.1 2550.2 0.0686800182 0.8613240123 0.5033924580 -0.9626725912 0.1896353662 -0.1931318641 -0.2618101239 -0.4713378251 0.8421971798
-356.8 25.4 2472.0 -0.2574729621 0.8613240123 0.4379824102 -0.6368437409 0.1896353662 -0.7473074794 -0.7267308831 -0.4713378251 0.4997028112
-490.7 -105.4 2693.1 0.9327821136 0.1069184393 0.3442178667 -0.0737227648 0.9913959503 -0.1081618220 -0.3528206944 0.0755147263 0.9326387644
-532.6 -493.4 2663.6 0.9406843781 -0.0288992915 0.3380498588 0.0879488885 0.9830783606 -0.1606919318 -0.3276856244 0.1808914989 0.9273081422
-381.3 -83.9 2551.1 0.9554086328 -0.1235863268 0.2681804001 0.0840965882 0.9844732285 0.1540784687 -0.2830584049 -0.1246548444 0.9509674311
-333.0 -469.2 2599.9 0.9033449292 -0.3343254030 0.2686902881 0.3036145568 0.9409139752 0.1499971151 -0.3029622734 -0.0539208576 0.9514759183
-735.6 -220.1 2663.2 0 0 0 0 0 0 0 0 0
-428.3 -151.3 2270.3 0 0 0 0 0 0 0 0 0
-524.0 -785.0 2609.9 0 0 0 0 0 0 0 0 0
-212.4 -808.6 2619.4 0 0 0 0 0 0 0 0 0
-495.9 489.8 2676.2 0 0.7285445929 -0.0656653941 0.6818436980 0.1394321471 0.9887713194 -0.0537578948 -0.6706574559 0.1342359483 0.7295199037
-482.9 293.9 2649.6 0.7285445929 -0.0656653941 0.6818436980 0.1394321471 0.9887713194 -0.0537578948 -0.6706574559 0.1342359483 0.7295199037
-472.0 99.9 2626.0 0.7295807004 -0.0555263832 0.6816368699 0.1225051135 0.9911884069 -0.0503791124 -0.6728332043 0.1202596277 0.7299541831
-586.4 276.7 2745.0 0.2366016507 -0.5298673511 -0.8144079447 0.9548664689 0.2817337811 0.0941069499 0.1795820296 -0.7999166846 0.5726112127
-654.2 3.0 2693.5 0.3607210517 -0.4301795363 -0.8275420666 0.7975372672 0.6022788882 0.0345607027 0.4835438132 -0.6724624038 0.5603389144
-379.5 311.2 2554.3 0.0068874806 0.7546351552 0.6561084390 -0.9553943872 0.1986928284 -0.2185009718 -0.2952525616 -0.6253374219 0.7223427296
