577.6 299.1 2549.7 19 0.9880046248 0.0651902556 -0.1399896294 -0.0744645074 0.9952905774 -0.0620619394 0.1352845281 0.0717417449 0.9882060885
564.7 103.2 2535.6 0.9880046248 0.0651902556 -0.1399896294 -0.0744645074 0.9952905774 -0.0620619394 0.1352845281 0.0717417449 0.9882060885
553.2 -90.0 2521.3 0.9883321524 0.0596142560 -0.1401633024 -0.0692404360 0.9954910874 -0.0648321435 0.1356664002 0.0737806559 0.9880035520
429.9 112.7 2517.1 -0.4004068375 -0.8644691706 -0.3039201498 0.7475286126 -0.1163290143 -0.6539636850 0.5299766660 -0.4890405536 0.6927943826
520.8 -57.1 2396.7 -0.3408028483 -0.8644691706 0.3695220053 -0.5795138478 -0.1163290143 -0.8066172004 0.7402818203 -0.4890405536 -0.4613265693
699.6 93.7 2554.1 0.1252220273 0.9912497401 -0.0417537875 -0.8245982528 0.0805829465 -0.5599501133 -0.5516857505 0.1045481861 0.8274735808
728.0 -93.1 2429.1 0.0357031748 0.9912497401 0.1270795763 0.5988341570 0.0805829465 -0.7968086600 -0.8000768423 0.1045481861 -0.5907171369
454.8 -275.9 2492.4 0.9970692396 0.0666917637 -0.0374853089 -0.0674020424 0.9975632429 -0.0180136655 0.0361926034 0.0204874575 0.9991347790
428.9 -663.1 2484.5 0.9968917370 0.0731230304 -0.0293245912 -0.0698530152 0.9925087094 0.1002349481 0.0364343934 -0.0978749767 0.9945315719
630.7 -288.5 2522.8 0.9825803041 0.0743378475 -0.1703228503 -0.0791985467 0.9966179729 -0.0219142139 0.1681177467 0.0350217968 0.9851446152
601.8 -675.4 2509.3 0.9843668342 -0.0709397644 -0.1612125784 0.0857385322 0.9925321937 0.0867684707 0.1538533270 -0.0992341340 0.9830980301
586.8 55.0 2253.5 0 0 0 0 0 0 0 0 0
736.7 53.8 2232.9 0 0 0 0 0 0 0 0 0
401.6 -1033.5 2521.0 0 0 0 0 0 0 0 0 0
628.3 -1045.9 2546.3 0 0 0 0 0 0 0 0 0
573.5 297.6 2539.3 20 0.9891268015 0.0584195629 -0.1349639446 -0.0633362606 0.9974653721 -0.0324242488 0.1327276528 0.0406198055 0.9903198481
562.0 100.7 2531.3 0.9891268015 0.0584195629 -0.1349639446 -0.0633362606 0.9974653721 -0.0324242488 0.1327276528 0.0406198055 0.9903198481
551.8 -92.9 2522.5 0.9894012213 0.0528034009 -0.1352665722 -0.0584146269 0.9975745082 -0.0378524698 0.1329397410 0.0453528278 0.9900858998
426.9 108.7 2513.2 -0.3268438578 -0.8709895015 -0.3668111563 0.7422993183 0.0036383835 -0.6700586081 0.5849485993 -0.4912881851 0.6453456879
499.4 -55.8 2383.5 -0.4134128988 -0.8709895015 0.2654563785 -0.5457252264 0.0036383835 -0.8379563093 0.7288852930 -0.4912881851 -0.4768250883
697.1 92.7 2549.4 0.1246645749 0.9891123772 -0.0782010779 -0.8348378539 0.0619737469 -0.5469963551 -0.5361944437 0.1334762871 0.8334743977
725.1 -94.7 2429.1 0.0693350583 0.9891123772 0.1298049092 0.6037729383 0.0619737469 -0.7947436571 -0.7941353321 0.1334762871 -0.5929023623
453.2 -277.1 2494.8 0.9975176454 0.0608747043 -0.0353955440 -0.0620031953 0.9975721240 -0.0317094140 0.0333793052 0.0338253342 0.9988701940
429.6 -664.3 2481.7 0.9948359132 0.0981661007 -0.0257854909 -0.0944282115 0.9883369803 0.1194708422 0.0372127406 -0.1164190099 0.9925028086
630.1 -289.5 2519.1 0.9836185575 0.0695601776 -0.1663005352 -0.0711027309 0.9974634051 -0.0033327148 0.1656468809 0.0151025429 0.9860695004
603.1 -676.6 2513.2 0.9848920107 -0.0619794577 -0.1616981030 0.0722043589 0.9956939220 0.0581387468 0.1573984176 -0.0689356998 0.9851261973
585.6 58.0 2231.6 0 0 0 0 0 0 0 0 0
741.9 52.1 2236.1 0 0 0 0 0 0 0 0 0
392.9 -1033.0 2525.1 0 0 0 0 0 0 0 0 0
626.2 -1048.1 2538.9 0 0 0 0 0 0 0 0 0
572.2 294.2 2534.1 21 0.9873583317 0.0588053428 -0.1471918821 -0.0620994158 0.9979097843 -0.0178810842 0.1458327174 0.0267955679 0.9889463186
560.6 96.8 2528.8 0.9873583317 0.0588053428 -0.1471918821 -0.0620994158 0.9979097843 -0.0178810842 0.1458327174 0.0267955679 0.9889463186
550.5 -96.9 2522.7 0.9876786470 0.0522536747 -0.1475140303 -0.0563420095 0.9981308579 -0.0236709137 0.1460014135 0.0316904932 0.9887766838
425.7 104.5 2508.9 -0.2596874535 -0.8903275132 -0.3740044534 0.7582784295 0.0518214926 -0.6498679519 0.5979768038 -0.4523620605 0.6616587639
480.9 -56.6 2381.9 -0.4123816490 -0.8903275132 0.1930240244 -0.5129502416 0.0518214926 -0.8568527102 0.7528767586 -0.4523620605 -0.4780639410
695.5 89.1 2548.8 0.1235351339 0.9867945910 -0.1047637835 -0.8370044827 0.0469035022 -0.5451821089 -0.5330689549 0.1550368965 0.8317457438
722.7 -94.9 2431.6 0.0954852700 0.9867945910 0.1308393776 0.6047130227 0.0469035022 -0.7950611711 -0.7906988859 0.1550368965 -0.5922489762
453.0 -281.2 2501.8 0.9964931607 0.0670472533 -0.0500608943 -0.0697050020 0.9961384535 -0.0533792451 0.0462886505 0.0566815473 0.9973186851
426.9 -667.8 2479.8 0.9965450764 0.0747490674 -0.0362003073 -0.0690216422 0.9877984524 0.1396075338 0.0461941399 -0.1366265863 0.9895449877
630.1 -291.7 2525.6 0.9810518026 0.0698638111 -0.1807108223 -0.0748569816 0.9969741702 -0.0209514964 0.1787002683 0.0340819694 0.9833130836
603.0 -678.6 2512.4 0.9826964140 -0.0618153773 -0.1746043265 0.0729599744 0.9956387281 0.0581412986 0.1702488065 -0.0698743686 0.9829205871
573.2 58.2 2213.4 0 0 0 0 0 0 0 0 0
745.7 51.3 2240.4 0 0 0 0 0 0 0 0 0
399.1 -1036.2 2530.8 0 0 0 0 0 0 0 0 0
626.1 -1050.2 2538.5 0 0 0 0 0 0 0 0 0
571.8 295.8 2531.1 22 0.9881266952 0.0588184446 -0.1419366449 -0.0597675815 0.9982093573 -0.0024294180 0.1415395886 0.0108837830 0.9898727536
560.1 98.3 2528.9 0.9881266952 0.0588184446 -0.1419366449 -0.0597675815 0.9982093573 -0.0024294180 0.1415395886 0.0108837830 0.9898727536
550.0 -95.5 2525.5 0.9884524941 0.0519136712 -0.1423609853 -0.0538930520 0.9984958172 -0.0100809848 0.1416234970 0.0176368430 0.9897634983
425.1 105.6 2509.6 -0.1848960072 -0.9053810835 -0.3822283745 0.7824633718 0.0997009426 -0.6146631837 0.5946129560 -0.4127284586 0.6899932027
464.5 -61.3 2382.7 -0.4054528177 -0.9053810835 0.1260677278 -0.4916152954 0.0997009426 -0.8650861979 0.7706636190 -0.4127284586 -0.4855232239
695.1 90.9 2548.2 0.1278294623 0.9841102958 -0.1232337728 -0.8483256698 0.0441198088 -0.5276334286 -0.5138124228 0.1719894707 0.8404858112
723.3 -95.7 2435.2 0.1095963866 0.9841102958 0.1396981329 0.6111621261 0.0441198088 -0.7902748585 -0.7838810682 0.1719894707 -0.5966155529
451.9 -285.5 2503.5 0.9970890284 0.0610403232 -0.0456891544 -0.0634253472 0.9965935946 -0.0527110659 0.0423160195 0.0554554798 0.9975640774
428.2 -672.4 2482.0 0.9946734905 0.0971190110 -0.0345327593 -0.0923864767 0.9885690808 0.1191468313 0.0457094423 -0.1153218374 0.9922759533
628.8 -295.6 2529.6 0.9817094207 0.0692651272 -0.1773385704 -0.0762040243 0.9965587854 -0.0326124057 0.1744694114 0.0455298200 0.9836093783
601.9 -682.4 2511.9 0.9828880429 -0.0750942528 -0.1682019532 0.0898910314 0.9925580025 0.0821477994 0.1607813686 -0.0958619416 0.9823237062
560.0 54.5 2201.2 0 0 0 0 0 0 0 0 0
749.6 51.4 2246.5 0 0 0 0 0 0 0 0 0
391.9 -1041.1 2525.0 0 0 0 0 0 0 0 0 0
629.9 -1052.8 2547.7 0 0 0 0 0 0 0 0 0
572.8 294.6 2529.5 23 0.9852349162 0.0607704557 -0.1600598991 -0.0604389720 0.9981477261 0.0069430778 0.1601853520 0.0028332931 0.9870828986
560.8 97.2 2529.0 0.9852349162 0.0607704557 -0.1600598991 -0.0604389720 0.9981477261 0.0069430778 0.1601853520 0.0028332931 0.9870828986
550.4 -96.7 2526.8 0.9855768681 0.0534087457 -0.1605793983 -0.0544587448 0.9985136986 -0.0021416850 0.1602263600 0.0108557474 0.9870206118
426.2 104.6 2507.1 -0.1343342215 -0.9234893322 -0.3593352437 0.7964367270 0.1151434258 -0.5936585665 0.5896124244 -0.3659364581 0.7200331092
454.5 -63.3 2382.8 -0.3755173683 -0.9234893322 0.0784487575 -0.4663898051 0.1151434258 -0.8770533204 0.8009164929 -0.3659364581 -0.4739443660
695.4 89.7 2550.8 0.1179814711 0.9848633409 -0.1269827932 -0.8437744975 0.0320040770 -0.5357427597 -0.5235694647 0.1703525633 0.8347784281
721.3 -95.0 2436.2 0.1161763370 0.9848633409 0.1286363751 0.6074937582 0.0320040770 -0.7936794758 -0.7857826352 0.1703525633 -0.5945801735
451.4 -284.5 2509.4 0.9956814051 0.0656609014 -0.0656291842 -0.0701155961 0.9952150583 -0.0680502206 0.0608469136 0.0723579675 0.9955209494
425.9 -670.8 2481.3 0.9955706596 0.0780503005 -0.0524140820 -0.0715343505 0.9906231165 0.1163987964 0.0610075630 -0.1121338159 0.9918185472
628.5 -294.1 2534.7 0.9774168134 0.0764697790 -0.1969992220 -0.0869901478 0.9951785803 -0.0453024469 0.1925851405 0.0614163652 0.9793564081
598.8 -680.4 2510.9 0.9784376025 -0.0908864364 -0.1854711771 0.1078719050 0.9906414747 0.0836251229 0.1761350483 -0.1018290892 0.9790849090
546.1 50.5 2187.4 0 0 0 0 0 0 0 0 0
749.2 51.0 2247.3 0 0 0 0 0 0 0 0 0
396.8 -1040.3 2523.1 0 0 0 0 0 0 0 0 0
632.7 -1050.1 2548.9 0 0 0 0 0 0 0 0 0
575.0 295.3 2530.2 24 0.9786797166 0.0620287545 -0.1958020180 -0.0616670661 0.9980651140 0.0079489937 0.1959162354 0.0042950176 0.9806112051
562.7 97.5 2529.4 0.9786797166 0.0620287545 -0.1958020180 -0.0616670661 0.9980651140 0.0079489937 0.1959162354 0.0042950176 0.9806112051
551.8 -96.2 2527.2 0.9789415598 0.0560794026 -0.1962868571 -0.0572412200 0.9983603358 -0.0002463718 0.1959511936 0.0114768827 0.9805464745
429.0 105.4 2502.6 -0.0710366517 -0.9347245693 -0.3482007086 0.8108956218 0.1491664946 -0.5658600926 0.5808632374 -0.3225512505 0.7473677993
443.9 -64.3 2381.1 -0.3551231027 -0.9347245693 0.0133237652 -0.4261009395 0.1491664946 -0.8922933340 0.8320610523 -0.3225512505 -0.4512594938
696.3 89.7 2556.1 0.1292292327 0.9800730348 -0.1508529335 -0.8265821338 0.0224305335 -0.5623689890 -0.5477789640 0.1973668486 0.8130095601
725.0 -93.6 2434.6 0.1412063688 0.9800730348 0.1397052556 0.6201457977 0.0224305335 -0.7841658592 -0.7716735005 0.1973668486 -0.6046208143
451.8 -285.6 2510.4 0.9928205013 0.0629951879 -0.1016808972 -0.0696088448 0.9955919385 -0.0628593266 0.0972728506 0.0694859177 0.9928291440
427.3 -672.1 2483.4 0.9915716648 0.0936338231 -0.0895450786 -0.0839260742 0.9907495379 0.1066384315 0.0987017080 -0.0982244834 0.9902575016
628.3 -295.3 2539.1 0.9695569277 0.0733834505 -0.2336113751 -0.0891089067 0.9943622947 -0.0574733019 0.2280767709 0.0765404925 0.9706299901
599.9 -681.3 2509.4 0.9710123539 -0.0936602205 -0.2199153453 0.1163881347 0.9888636470 0.0927499235 0.2087793052 -0.1156568602 0.9710997343
532.2 41.7 2174.2 0 0 0 0 0 0 0 0 0
759.5 58.0 2246.0 0 0 0 0 0 0 0 0 0
392.4 -1041.7 2520.1 0 0 0 0 0 0 0 0 0
634.8 -1050.3 2552.5 0 0 0 0 0 0 0 0 0
574.2 298.5 2537.1 25 0.9799979925 0.0586798415 -0.1901595145 -0.0615472421 0.9980617166 -0.0092031602 0.1892509013 0.0207228716 0.9817100763
562.6 100.4 2533.0 0.9799979925 0.0586798415 -0.1901595145 -0.0615472421 0.9980617166 -0.0092031602 0.1892509013 0.0207228716 0.9817100763
552.4 -93.4 2528.6 0.9803265929 0.0523457155 -0.1903147995 -0.0556383729 0.9983789325 -0.0119954711 0.1893783808 0.0223482847 0.9816498160
428.7 108.0 2507.1 -0.0258489419 -0.9457826614 -0.3237699866 0.8161449432 0.1670612693 -0.5531708598 0.5772688389 -0.2785421312 0.7675773501
434.3 -69.2 2381.8 -0.3241372705 -0.9457826614 -0.0207412597 -0.4307074249 0.1670612693 -0.8868944049 0.8422743678 -0.2785421312 -0.4615063965
696.5 92.8 2558.9 0.1169292778 0.9754375815 -0.1866790205 -0.7917400002 -0.0219218228 -0.6104647517 -0.5995625854 0.2191824615 0.7697296739
723.2 -88.1 2421.9 0.1825193018 0.9754375815 0.1233216077 0.6375070810 -0.0219218228 -0.7701325417 -0.7485128045 0.2191824615 -0.6258495450
453.3 -284.9 2507.4 0.9931558967 0.0693983808 -0.0939427614 -0.0744989440 0.9958686233 -0.0519187823 0.0899515748 0.0585620813 0.9942229390
426.3 -671.5 2484.6 0.9939535260 0.0727477223 -0.0822443441 -0.0643285811 0.9928295016 0.1007542089 0.0889842510 -0.0948543400 0.9915061593
628.5 -295.2 2542.5 0.9708629847 0.0756663531 -0.2273755968 -0.0932999402 0.9933256507 -0.0678178743 0.2207264751 0.0870559961 0.9714427590
599.2 -680.7 2508.7 0.9725090265 -0.0999815613 -0.2103089392 0.1251166016 0.9860484004 0.1097925827 0.1963975579 -0.1330874264 0.9714503288
515.7 38.9 2170.5 0 0 0 0 0 0 0 0 0
767.7 67.5 2239.2 0 0 0 0 0 0 0 0 0
399.2 -1041.9 2520.0 0 0 0 0 0 0 0 0 0
636.5 -1048.7 2558.3 0 0 0 0 0 0 0 0 0
575.9 295.8 2541.0 26 0.9798476100 0.0640551448 -0.1891972721 -0.0684282109 0.9975168109 -0.0166658629 0.1876599342 0.0292764362 0.9817976356
563.2 98.0 2535.2 0.9798476100 0.0640551448 -0.1891972721 -0.0684282109 0.9975168109 -0.0166658629 0.1876599342 0.0292764362 0.9817976356
552.1 -95.7 2529.1 0.9802227020 0.0573372692 -0.1894093901 -0.0622628108 0.9978563190 -0.0201524552 0.1878478676 0.0315470546 0.9816913605
429.3 106.5 2509.6 -0.0051196003 -0.9549388885 -0.2967582941 0.8042119145 0.1724423915 -0.5687766075 0.5943206549 -0.2415684611 0.7670903802
430.5 -69.3 2379.7 -0.2927834094 -0.9549388885 -0.0486782156 -0.4138198495 0.1724423915 -0.8938773870 0.8619924784 -0.2415684611 -0.4456609488
697.1 89.5 2560.9 0.1107220054 0.9726877213 -0.2040079981 -0.7539840937 -0.0515230820 -0.6548689604 -0.6474940777 0.2263271809 0.7276863456
722.4 -82.8 2412.9 0.2052293271 0.9726877213 0.1084414348 0.6464250088 -0.0515230820 -0.7612358928 -0.7348575592 0.2263271809 -0.6393437386
454.5 -282.2 2507.3 0.9935264587 0.0661864579 -0.0923286155 -0.0708316863 0.9963339567 -0.0479736216 0.0888149366 0.0542028509 0.9945722222
428.8 -669.0 2486.3 0.9917801023 0.0978709385 -0.0824228749 -0.0905272141 0.9919480681 0.0885652378 0.0904271752 -0.0803757235 0.9926543832
630.1 -292.2 2541.3 0.9710612297 0.0785953999 -0.2255278528 -0.0944466665 0.9936982393 -0.0603623353 0.2193624377 0.0799158812 0.9723649621
599.5 -677.9 2510.2 0.9731803536 -0.0926926211 -0.2105422914 0.1147522256 0.9888341427 0.0950734615 0.1993787885 -0.1166838184 0.9729506373
504.1 34.9 2162.8 0 0 0 0 0 0 0 0 0
772.1 73.7 2234.9 0 0 0 0 0 0 0 0 0
392.3 -1039.1 2516.3 0 0 0 0 0 0 0 0 0
634.1 -1047.0 2553.8 0 0 0 0 0 0 0 0 0
576.2 294.9 2535.0 27 0.9817262292 0.0657269955 -0.1785877198 -0.0667574182 0.9977691770 0.0002400390 0.1782051027 0.0116864024 0.9839239717
563.1 96.9 2532.7 0.9817262292 0.0657269955 -0.1785877198 -0.0667574182 0.9977691770 0.0002400390 0.1782051027 0.0116864024 0.9839239717
551.5 -96.8 2529.2 0.9820197821 0.0598476715 -0.1790402532 -0.0620918907 0.9980462193 -0.0069521964 0.1782743782 0.0179441422 0.9838171601
429.0 105.4 2508.3 -0.0005282905 -0.9579164386 -0.2870466709 0.8011099696 0.1713969409 -0.5734508634 0.5985169411 -0.2302589118 0.7673059106
429.1 -69.0 2378.1 -0.2822183967 -0.9579164386 -0.0524295382 -0.4158372879 0.1713969409 -0.8931419253 0.8645415902 -0.2302589118 -0.4467087388
697.3 88.4 2557.0 0.1034099162 0.9685276747 -0.2264078259 -0.7411066890 -0.0767887756 -0.6669815183 -0.6633756757 0.2367648631 0.7098416090
720.3 -76.2 2409.7 0.2305003405 0.9685276747 0.0939346030 0.6356833577 -0.0767887756 -0.7681211829 -0.7367335558 0.2367648631 -0.6333767176
453.2 -283.8 2506.2 0.9947215319 0.0617489964 -0.0819517076 -0.0648538619 0.9972531199 -0.0357790515 0.0795172751 0.0409050807 0.9959938526
429.2 -670.9 2490.3 0.9925050139 0.0964255854 -0.0750726461 -0.0913525969 0.9934728742 0.0683110505 0.0811695680 -0.0609409772 0.9948354959
628.8 -295.0 2539.8 0.9743120670 0.0642333701 -0.2158472836 -0.0776105672 0.9955163002 -0.0540731773 0.2114061862 0.0694361776 0.9749287367
603.8 -681.4 2512.8 0.9764893055 -0.0617400333 -0.2065351158 0.0769168586 0.9948325753 0.0662719980 0.2013762295 -0.0805999339 0.9761922359
500.2 35.8 2160.3 0 0 0 0 0 0 0 0 0
775.9 77.2 2232.0 0 0 0 0 0 0 0 0 0
393.2 -1041.6 2513.0 0 0 0 0 0 0 0 0 0
626.8 -1052.3 2542.9 0 0 0 0 0 0 0 0 0
576.3 295.1 2540.0 28 0.9842076302 0.0689915568 -0.1630198956 -0.0719906688 0.9973263144 -0.0125547647 0.1617178619 0.0240924060 0.9865428805
562.7 97.7 2535.2 0.9842076302 0.0689915568 -0.1630198956 -0.0719906688 0.9973263144 -0.0125547647 0.1617178619 0.0240924060 0.9865428805
550.6 -96.0 2529.4 0.9845836759 0.0622008592 -0.1634808630 -0.0662722439 0.9976097345 -0.0195642971 0.1618731916 0.0300969332 0.9863525033
428.2 106.7 2513.1 0.0075407061 -0.9608309269 -0.2770326436 0.7887527943 0.1760068685 -0.5889742374 0.6146643162 -0.2140689939 0.7591852546
426.5 -69.8 2375.6 -0.2689807713 -0.9608309269 -0.0667330921 -0.4062631428 0.1760068685 -0.8966447711 0.8732694983 -0.2140689939 -0.4376926422
697.2 88.6 2557.3 0.1084099188 0.9707292318 -0.2143177390 -0.7373893857 -0.0660641268 -0.6722294688 -0.6667115092 0.2309119552 0.7086433768
721.1 -74.3 2410.0 0.2199257910 0.9707292318 0.0965269282 0.6308966279 -0.0660641268 -0.7730491757 -0.7440444231 0.2309119552 -0.6269589663
452.0 -284.9 2509.8 0.9958675504 0.0623607002 -0.0660228729 -0.0653933138 0.9968528152 -0.0448122658 0.0630205646 0.0489445366 0.9968113303
427.7 -671.9 2490.8 0.9954166412 0.0759422779 -0.0581245944 -0.0715497360 0.9946696758 0.0742487833 0.0634533912 -0.0697496757 0.9955443740
627.9 -296.1 2541.7 0.9783179760 0.0558045283 -0.1994488537 -0.0668660179 0.9965503216 -0.0491564646 0.1960176826 0.0614270046 0.9786745310
606.2 -682.9 2517.8 0.9799866676 -0.0522068106 -0.1920951009 0.0649844632 0.9960307479 0.0608257242 0.1881571114 -0.0720915943 0.9794895053
494.3 32.7 2155.4 0 0 0 0 0 0 0 0 0
774.4 78.6 2229.7 0 0 0 0 0 0 0 0 0
399.4 -1043.1 2516.8 0 0 0 0 0 0 0 0 0
625.7 -1054.5 2544.7 0 0 0 0 0 0 0 0 0
575.8 297.0 2534.5 29 0.9834824204 0.0689816177 -0.1673437208 -0.0690369084 0.9975990057 0.0054941140 0.1673209220 0.0061495295 0.9858832955
562.1 99.0 2533.3 0.9834824204 0.0689816177 -0.1673437208 -0.0690369084 0.9975990057 0.0054941140 0.1673209220 0.0061495295 0.9858832955
550.3 -94.7 2529.8 0.9838923216 0.0606255010 -0.1681677848 -0.0627247319 0.9980049133 -0.0071942098 0.1673961282 0.0176266078 0.9857321382
427.7 107.5 2510.4 0.0105365328 -0.9585207701 -0.2848279476 0.7977223992 0.1798086464 -0.5755934715 0.6029328108 -0.2211488634 0.7665280104
425.4 -70.0 2376.2 -0.2751064003 -0.9585207701 -0.0745281726 -0.3807684183 0.1798086464 -0.9070194364 0.8827977777 -0.2211488634 -0.4144409299
696.5 90.4 2556.1 0.1064226106 0.9716039896 -0.2113288492 -0.7297675610 -0.0680355579 -0.6803017855 -0.6753618121 0.2266204357 0.7018045783
720.0 -70.6 2407.1 0.2194297463 0.9716039896 0.0885225460 0.6174102426 -0.0680355579 -0.7836936116 -0.7554171681 0.2266204357 -0.6148073077
450.3 -283.7 2509.0 0.9957379103 0.0581941009 -0.0715503916 -0.0615764409 0.9970412850 -0.0460106060 0.0686611533 0.0502203256 0.9963752031
427.7 -670.7 2489.5 0.9955647588 0.0696308762 -0.0632640570 -0.0640946031 0.9942585230 0.0856847689 0.0688671395 -0.0812498480 0.9943116903
626.7 -295.5 2538.0 0.9775889516 0.0511610284 -0.2042115927 -0.0605272055 0.9973695278 -0.0398815610 0.2016340345 0.0513481274 0.9781140685
606.9 -682.7 2518.1 0.9789887667 -0.0486389063 -0.1980284601 0.0617667399 0.9962455034 0.0606612526 0.1943344623 -0.0716182590 0.9783173800
494.3 25.4 2155.1 0 0 0 0 0 0 0 0 0
773.5 79.7 2223.1 0 0 0 0 0 0 0 0 0
401.7 -1041.8 2519.9 0 0 0 0 0 0 0 0 0
625.0 -1054.5 2544.8 0 0 0 0 0 0 0 0 0
573.1 292.6 2542.7 30 0.9856383801 0.0605664961 -0.1576346308 -0.0651767403 0.9975793362 -0.0242384076 0.1557850093 0.0341644175 0.9871999621
561.1 95.8 2536.0 0.9856383801 0.0605664961 -0.1576346308 -0.0651767403 0.9975793362 -0.0242384076 0.1557850093 0.0341644175 0.9871999621
550.7 -97.9 2528.4 0.9859859347 0.0536736473 -0.1579585671 -0.0591064915 0.9978039265 -0.0298964120 0.1560070217 0.0388138182 0.9869930744
426.4 103.8 2514.7 0.0019200693 -0.9597427249 -0.2808739841 0.7867844701 0.1748128980 -0.5919549465 0.6172248125 -0.2198506892 0.7554463744
426.0 -70.7 2377.8 -0.2707094550 -0.9597427249 -0.0749017224 -0.3669637740 0.1748128980 -0.9136618972 0.8899741769 -0.2198506892 -0.3995143175
695.8 87.7 2557.3 0.1092055514 0.9712103009 -0.2117184252 -0.7165898681 -0.0706916973 -0.6939032078 -0.6888926625 0.2274933606 0.6882395148
719.9 -70.3 2405.3 0.2218139172 0.9712103009 0.0868857279 0.6166442037 -0.0706916973 -0.7840616107 -0.7553465962 0.2274933606 -0.6145716310
450.4 -282.8 2511.4 0.9963093996 0.0603791103 -0.0610073321 -0.0645584017 0.9955235124 -0.0690297186 0.0565662831 0.0727134943 0.9957474470
427.0 -669.2 2483.2 0.9966653585 0.0662838295 -0.0475885011 -0.0594457015 0.9893317819 0.1329992563 0.0558965206 -0.1297268122 0.9899730086
626.7 -294.0 2541.4 0.9799719453 0.0490876213 -0.1929906905 -0.0587181151 0.9972823262 -0.0444989800 0.1902818531 0.0549398027 0.9801909924
607.6 -681.2 2520.1 0.9813041687 -0.0418940634 -0.1878484339 0.0511221252 0.9976982474 0.0445503965 0.1855496615 -0.0533206984 0.9811871648
493.9 21.4 2154.5 0 0 0 0 0 0 0 0 0
774.3 80.9 2220.1 0 0 0 0 0 0 0 0 0
402.3 -1038.0 2531.6 0 0 0 0 0 0 0 0 0
623.3 -1053.5 2540.0 0 0 0 0 0 0 0 0 0
573.5 292.0 2544.8 31 0.9863671064 0.0618874952 -0.1524789780 -0.0670594648 0.9973272085 -0.0290083811 0.1502761841 0.0388380699 0.9878808856
561.3 95.2 2537.2 0.9863671064 0.0618874952 -0.1524789780 -0.0670594648 0.9973272085 -0.0290083811 0.1502761841 0.0388380699 0.9878808856
550.5 -98.4 2528.9 0.9866914153 0.0557139479 -0.1527613103 -0.0615586080 0.9975310564 -0.0337975286 0.1505011618 0.0427515060 0.9876850247
426.5 103.6 2516.6 0.0056879874 -0.9580626488 -0.2865024507 0.7893174887 0.1802079082 -0.5869437456 0.6139588952 -0.2228028774 0.7572405934
425.2 -72.0 2380.0 -0.2754242718 -0.9580626488 -0.0791042894 -0.3644534349 0.1802079082 -0.9136185050 0.8895589709 -0.2228028774 -0.3988028467
696.1 86.8 2557.7 0.1003531218 0.9681944251 -0.2291915417 -0.7050919533 -0.0933197811 -0.7029486299 -0.7019790411 0.2321441919 0.6733011603
718.1 -68.0 2403.7 0.2391207963 0.9681944251 0.0736257657 0.6181640029 -0.0933197811 -0.7804900408 -0.7487953901 0.2321441919 -0.6208176613
451.9 -286.2 2506.9 0.9963210225 0.0657433122 -0.0549749248 -0.0690084994 0.9958239794 -0.0597701222 0.0508158617 0.0633439645 0.9966971874
426.4 -672.7 2482.3 0.9976189137 0.0564374216 -0.0396401063 -0.0496773310 0.9867243767 0.1546195000 0.0478401817 -0.1522821188 0.9871785641
628.6 -296.8 2534.9 0.9809505343 0.0536031611 -0.1867157072 -0.0595920980 0.9978681207 -0.0266073681 0.1848914027 0.0372272916 0.9820536375
607.8 -684.1 2520.4 0.9822737575 -0.0433396176 -0.1823730320 0.0524240881 0.9975974560 0.0452880226 0.1799721122 -0.0540459752 0.9821858406
494.3 19.4 2157.0 0 0 0 0 0 0 0 0 0
776.1 81.8 2222.2 0 0 0 0 0 0 0 0 0
405.4 -1040.7 2539.1 0 0 0 0 0 0 0 0 0
623.9 -1056.4 2540.6 0 0 0 0 0 0 0 0 0
572.8 293.0 2544.4 32 0.9846473336 0.0597008727 -0.1640287191 -0.0647257194 0.9975783229 -0.0254571959 0.1621116847 0.0356832370 0.9861270189
561.0 96.1 2537.4 0.9846473336 0.0597008727 -0.1640287191 -0.0647257194 0.9975783229 -0.0254571959 0.1621116847 0.0356832370 0.9861270189
550.7 -97.6 2529.1 0.9849566817 0.0530339070 -0.1644618958 -0.0592505299 0.9976934195 -0.0331239440 0.1623258740 0.0423701070 0.9858270884
426.5 104.2 2515.2 0.0165790040 -0.9529886842 -0.3025520444 0.8054224253 0.1920309216 -0.5607305765 0.5924692750 -0.2343858629 0.7707421184
422.8 -73.1 2384.8 -0.2913049459 -0.9529886842 -0.0833908841 -0.3677503765 0.1920309216 -0.9098811746 0.8831201196 -0.2343858629 -0.4064014852
695.6 88.0 2559.5 0.1021729633 0.9669304490 -0.2336796075 -0.7008827329 -0.0967259258 -0.7066876888 -0.7059207559 0.2359863818 0.6678220630
718.1 -66.5 2403.9 0.2454930246 0.9669304490 0.0691277906 0.6037853360 -0.0967259258 -0.7912568450 -0.7584038973 0.2359863818 -0.6075639725
451.2 -286.5 2507.1 0.9958805442 0.0618211739 -0.0663332343 -0.0653533712 0.9964817762 -0.0524695851 0.0628561303 0.0565885380 0.9964169860
427.2 -673.4 2485.1 0.9959321618 0.0722361580 -0.0538613386 -0.0646497086 0.9892331958 0.1312941462 0.0627656057 -0.1272779405 0.9898791909
628.0 -297.5 2534.1 0.9792571664 0.0433967002 -0.1979196072 -0.0476247631 0.9987264872 -0.0166504737 0.1969449967 0.0257309694 0.9800768495
611.2 -685.2 2524.1 0.9803020358 -0.0190910287 -0.1965793073 0.0219330788 0.9996839166 0.0122904414 0.1962825209 -0.0163599346 0.9804108739
495.7 18.9 2163.9 0 0 0 0 0 0 0 0 0
777.2 79.0 2221.3 0 0 0 0 0 0 0 0 0
400.3 -1042.3 2532.6 0 0 0 0 0 0 0 0 0
618.3 -1058.0 2530.2 0 0 0 0 0 0 0 0 0
571.2 293.7 2546.7 33 0.9844375253 0.0552739501 -0.1668158174 -0.0616261847 0.9975488782 -0.0331423134 0.1645750254 0.0429067612 0.9854308963
560.3 96.9 2538.2 0.9844375253 0.0552739501 -0.1668158174 -0.0616261847 0.9975488782 -0.0331423134 0.1645750254 0.0429067612 0.9854308963
550.9 -96.8 2529.0 0.9847506881 0.0483761281 -0.1671101749 -0.0555979237 0.9976987243 -0.0388084911 0.1648481935 0.0475076698 0.9851741195
425.8 104.5 2515.7 0.0128059871 -0.9547966123 -0.2969838381 0.8073565364 0.1851001680 -0.5602797270 0.5899249315 -0.2325969189 0.7732316852
423.0 -73.4 2385.7 -0.2867877185 -0.9547966123 -0.0782061219 -0.3677355051 0.1851001680 -0.9113224149 0.8846035004 -0.2325969189 -0.4041970670
694.9 89.3 2560.7 0.1302173883 0.9729509354 -0.1908136904 -0.7725738287 -0.0210526567 -0.6345758438 -0.6214283109 0.2300504744 0.7489350438
723.8 -82.4 2422.6 0.1932653785 0.9729509354 0.1265501082 0.6197080016 -0.0210526567 -0.7845500708 -0.7606645226 0.2300504744 -0.6070142388
452.2 -285.9 2506.4 0.9951776266 0.0694612563 -0.0692573190 -0.0738519132 0.9952779412 -0.0629899651 0.0645549148 0.0678009912 0.9956082106
425.2 -672.3 2480.1 0.9971813560 0.0535362326 -0.0525658019 -0.0448678248 0.9870348573 0.1541072279 0.0601345971 -0.1513143331 0.9866548777
628.6 -296.5 2535.5 0.9783886671 0.0496867187 -0.2007159144 -0.0557138994 0.9981464148 -0.0244884584 0.1991271228 0.0351418965 0.9793433547
609.4 -684.0 2521.8 0.9796945453 -0.0295634717 -0.1983044446 0.0341968127 0.9992153645 0.0199801531 0.1975581646 -0.0263558272 0.9799367785
494.7 18.5 2164.7 0 0 0 0 0 0 0 0 0
770.8 68.1 2237.8 0 0 0 0 0 0 0 0 0
405.2 -1040.4 2536.5 0 0 0 0 0 0 0 0 0
620.4 -1056.8 2531.7 0 0 0 0 0 0 0 0 0
568.5 294.2 2548.3 34 0.9823178053 0.0438455120 -0.1820144951 -0.0514015183 0.9979922771 -0.0370033234 0.1800266355 0.0457048453 0.9825993180
559.9 97.4 2539.3 0.9823178053 0.0438455120 -0.1820144951 -0.0514015183 0.9979922771 -0.0370033234 0.1800266355 0.0457048453 0.9825993180
552.3 -96.3 2530.0 0.9825070500 0.0387064293 -0.1821585894 -0.0468264781 0.9980821609 -0.0404875092 0.1802421212 0.0483091064 0.9824352264
425.6 103.8 2514.7 0.0086895488 -0.9567003846 -0.2909447253 0.8123857379 0.1764038801 -0.5557976961 0.5830556154 -0.2315297127 0.7787426710
423.8 -73.1 2387.7 -0.2816422880 -0.9567003846 -0.0734979883 -0.3601630926 0.1764038801 -0.9160590768 0.8893594146 -0.2315297127 -0.3942509890
694.1 91.0 2563.9 0.1296109408 0.9733828902 -0.1890152991 -0.7846777439 -0.0158521328 -0.6197012067 -0.6062028408 0.2286361456 0.7617372274
723.5 -87.3 2426.2 0.1880584061 0.9733828902 0.1309954673 0.6254467964 -0.0158521328 -0.7801057696 -0.7572650313 0.2286361456 -0.6117802858
453.3 -285.5 2505.0 0.9941584468 0.0684864148 -0.0834179744 -0.0728591830 0.9960602522 -0.0505524054 0.0796271786 0.0563348681 0.9952315688
426.7 -672.1 2483.1 0.9953385592 0.0677673668 -0.0686200038 -0.0574304536 0.9880873561 0.1427766383 0.0774781555 -0.1381702125 0.9873733521
629.8 -295.4 2534.6 0.9747419953 0.0569787733 -0.2159431726 -0.0648417249 0.9974594712 -0.0294981822 0.2137137949 0.0427552462 0.9759602547
607.7 -682.6 2518.0 0.9766372442 -0.0435402319 -0.2104374319 0.0560418144 0.9969772696 0.0538112521 0.2074583918 -0.0643473715 0.9761252403
494.7 17.6 2163.8 0 0 0 0 0 0 0 0 0
770.0 67.2 2239.1 0 0 0 0 0 0 0 0 0
401.5 -1040.7 2534.7 0 0 0 0 0 0 0 0 0
623.9 -1054.4 2542.0 0 0 0 0 0 0 0 0 0
569.2 291.9 2548.6 35 0.9827181101 0.0505230501 -0.1780801564 -0.0580316931 0.9976211190 -0.0372075886 0.1757766902 0.0468988642 0.9833123088
559.3 95.4 2539.4 0.9827181101 0.0505230501 -0.1780801564 -0.0580316931 0.9976211190 -0.0372075886 0.1757766902 0.0468988642 0.9833123088
550.2 -98.3 2530.0 0.9828990102 0.0464619435 -0.1781875342 -0.0543094948 0.9977458715 -0.0394165404 0.1759545058 0.0484197550 0.9832067490
425.0 102.8 2515.4 -0.0074961362 -0.9646636248 -0.2633778453 0.8003842831 0.1521000713 -0.5798711181 0.5994403958 -0.2151502818 0.7709614635
426.6 -71.2 2385.1 -0.2578416765 -0.9646636248 -0.0542379282 -0.3768522441 0.1521000713 -0.9137001634 0.8896628618 -0.2151502818 -0.4027533829
693.5 88.0 2563.5 0.1460397243 0.9784719348 -0.1458254606 -0.8045803905 0.0317093395 -0.5929965377 -0.5756064653 0.2039293498 0.7918901443
726.0 -91.1 2435.4 0.1425805986 0.9784719348 0.1492093801 0.6105362773 0.0317093395 -0.7913532257 -0.7790482640 0.2039293498 -0.5928714871
456.8 -285.8 2504.4 0.9937834740 0.0780101344 -0.0794282928 -0.0821063891 0.9953846335 -0.0496785417 0.0751862675 0.0558912829 0.9956019521
426.5 -672.3 2482.7 0.9961379170 0.0610935949 -0.0630617440 -0.0516798683 0.9886025190 0.1414011866 0.0709817037 -0.1375960559 0.9879417419
632.8 -294.2 2536.7 0.9744600058 0.0727308840 -0.2124568075 -0.0821880028 0.9959658980 -0.0360140987 0.2089803964 0.0525556989 0.9765065908
604.6 -680.8 2516.3 0.9771121740 -0.0581193008 -0.2046311498 0.0714337155 0.9957409501 0.0582852922 0.2003721148 -0.0715688318 0.9771022797
491.8 24.0 2160.3 0 0 0 0 0 0 0 0 0
761.4 60.3 2242.3 0 0 0 0 0 0 0 0 0
403.7 -1041.2 2534.1 0 0 0 0 0 0 0 0 0
626.3 -1052.3 2543.0 0 0 0 0 0 0 0 0 0
570.0 294.2 2549.3 36 0.9841222763 0.0510846712 -0.1699816138 -0.0583457053 0.9975730777 -0.0379959457 0.1676280797 0.0473103523 0.9847144485
560.0 97.5 2540.0 0.9841222763 0.0510846712 -0.1699816138 -0.0583457053 0.9975730777 -0.0379959457 0.1676280797 0.0473103523 0.9847144485
550.9 -96.2 2530.3 0.9843088388 0.0467880405 -0.1701382399 -0.0545422509 0.9976615906 -0.0411887951 0.1678132415 0.0498222187 0.9845589995
425.5 104.9 2517.1 -0.0228351820 -0.9706058502 -0.2395889759 0.7894688249 0.1295254529 -0.5999684334 0.6133657098 -0.2028484195 0.7633053064
430.5 -68.5 2382.3 -0.2377633899 -0.9706058502 -0.0373214819 -0.3853402138 0.1295254529 -0.9136388898 0.8916173577 -0.2028484195 -0.4048098922
694.4 90.0 2562.9 0.1547062099 0.9810202122 -0.1168987527 -0.8279905915 0.0641946197 -0.5570552945 -0.5389782786 0.1829709858 0.8222067952
728.7 -93.5 2443.5 0.1094275489 0.9810202122 0.1600779295 0.5957096219 0.0641946197 -0.8006304502 -0.7957107425 0.1829709858 -0.5773785710
453.2 -287.1 2504.9 0.9953887463 0.0654494986 -0.0701255277 -0.0680577531 0.9970505834 -0.0354715139 0.0675971135 0.0400805324 0.9969072938
427.8 -674.1 2489.3 0.9953556657 0.0746216699 -0.0608171411 -0.0684994757 0.9929056168 0.0971918851 0.0676383004 -0.0925745517 0.9934057593
629.3 -296.8 2536.4 0.9767240286 0.0641745776 -0.2046749890 -0.0740344971 0.9964175224 -0.0408774689 0.2013184577 0.0550790131 0.9779760838
604.4 -683.6 2515.0 0.9787039757 -0.0597758368 -0.1963807791 0.0745849907 0.9948319197 0.0688953325 0.1912475824 -0.0820751935 0.9781042933
490.3 28.4 2158.2 0 0 0 0 0 0 0 0 0
756.1 55.7 2244.2 0 0 0 0 0 0 0 0 0
399.9 -1044.3 2523.8 0 0 0 0 0 0 0 0 0
626.7 -1054.8 2545.6 0 0 0 0 0 0 0 0 0
567.1 296.2 2548.6 37 0.9869971275 0.0456607901 -0.1541160643 -0.0520105548 0.9979451299 -0.0374218225 0.1520906687 0.0449508950 0.9873438478
558.1 99.3 2539.8 0.9869971275 0.0456607901 -0.1541160643 -0.0520105548 0.9979451299 -0.0374218225 0.1520906687 0.0449508950 0.9873438478
550.1 -94.4 2529.9 0.9871383309 0.0415014699 -0.1543877870 -0.0487778373 0.9978557229 -0.0436432920 0.1522454619 0.0506126657 0.9870459437
423.3 105.9 2519.0 -0.0307169333 -0.9651758671 -0.2597923279 0.7865235209 0.1370499134 -0.6021611691 0.6167959571 -0.2228293121 0.7549237609
430.1 -67.9 2382.6 -0.2585353851 -0.9651758671 -0.0399378277 -0.3696766496 0.1370499134 -0.9189975858 0.8924677372 -0.2228293121 -0.3922352195
693.0 92.6 2560.6 0.1435741335 0.9779568315 -0.1516141742 -0.8096521497 0.0279791486 -0.5862427354 -0.5690780878 0.2069240361 0.7958219647
725.1 -88.5 2433.3 0.1476858258 0.9779568315 0.1476119310 0.6078711152 0.0279791486 -0.7935425639 -0.7801804543 0.2069240361 -0.5903396010
453.6 -285.0 2505.6 0.9960684180 0.0689835772 -0.0555789396 -0.0722036809 0.9956917167 -0.0581771433 0.0513262227 0.0619614199 0.9967579246
426.8 -671.4 2481.6 0.9965597987 0.0719913319 -0.0410589688 -0.0657505020 0.9883705378 0.1371151507 0.0504525751 -0.1339437962 0.9897037745
630.0 -294.7 2535.7 0.9801983237 0.0582795106 -0.1892477125 -0.0683868602 0.9965360761 -0.0473192222 0.1858344376 0.0593242832 0.9807885289
607.3 -681.6 2512.7 0.9827450514 -0.0419104882 -0.1801544726 0.0573844388 0.9950153828 0.0815560967 0.1758384109 -0.0904869139 0.9802514911
494.3 24.0 2160.7 0 0 0 0 0 0 0 0 0
762.2 64.2 2237.4 0 0 0 0 0 0 0 0 0
400.0 -1039.8 2531.5 0 0 0 0 0 0 0 0 0
623.0 -1052.9 2546.4 0 0 0 0 0 0 0 0 0
568.2 295.4 2548.3 38 0.9848752022 0.0461730324 -0.1669995934 -0.0532031991 0.9978654385 -0.0378685966 0.1648946106 0.0461807549 0.9852294922
559.1 98.4 2539.2 0.9848752022 0.0461730324 -0.1669995934 -0.0532031991 0.9978654385 -0.0378685966 0.1648946106 0.0461807549 0.9852294922
551.1 -95.3 2529.1 0.9850537181 0.0410481393 -0.1672847122 -0.0491183698 0.9978059530 -0.0443923250 0.1650954634 0.0519455783 0.9849087000
424.5 105.1 2516.6 -0.0348687358 -0.9687544703 -0.2455584407 0.7957789302 0.1217275336 -0.5932270288 0.6045825481 -0.2160953134 0.7666699290
432.0 -66.9 2385.9 -0.2466799915 -0.9687544703 -0.0257634986 -0.3823820055 0.1217275336 -0.9159510732 0.8904678226 -0.2160953134 -0.4004620314
693.6 91.7 2561.7 0.1411887705 0.9756522775 -0.1678342372 -0.7925877571 0.0098185670 -0.6096788049 -0.5931866169 0.2191031724 0.7746763229
725.3 -85.9 2428.8 0.1679124385 0.9756522775 0.1410957724 0.6092396379 0.0098185670 -0.7929253578 -0.7750048041 0.2191031724 -0.5927574039
453.6 -283.7 2506.5 0.9950782657 0.0716811344 -0.0684186816 -0.0755779594 0.9955563545 -0.0561743341 0.0640880093 0.0610687993 0.9960739613
425.7 -670.2 2482.8 0.9963321686 0.0672938377 -0.0528557040 -0.0591892414 0.9880607724 0.1422411799 0.0617966056 -0.1385909766 0.9884198308
630.4 -292.5 2533.7 0.9774615765 0.0619187132 -0.2018288821 -0.0722442269 0.9964073896 -0.0441943370 0.1983673275 0.0577792376 0.9784231782
606.4 -679.3 2511.3 0.9803248644 -0.0495329350 -0.1910748631 0.0690396056 0.9929046035 0.0968194753 0.1849233508 -0.1081062779 0.9767888188
493.9 29.0 2162.7 0 0 0 0 0 0 0 0 0
767.4 67.0 2234.3 0 0 0 0 0 0 0 0 0
400.6 -1038.8 2534.5 0 0 0 0 0 0 0 0 0
624.9 -1049.8 2551.7 0 0 0 0 0 0 0 0 0
572.4 298.4 2556.6 39 0.9888573885 0.0519446246 -0.1395093948 -0.0606688298 0.9964112043 -0.0590255074 0.1359426528 0.0668316782 0.9884599447
562.1 101.4 2543.4 0.9888573885 0.0519446246 -0.1395093948 -0.0606688298 0.9964112043 -0.0590255074 0.1359426528 0.0668316782 0.9884599447
553.3 -92.0 2530.2 0.9891831875 0.0449593924 -0.1396255791 -0.0539677888 0.9966521859 -0.0614153408 0.1363969445 0.0682863072 0.9882979393
427.0 108.7 2524.8 -0.0108696939 -0.9593949914 -0.2818565667 0.8001039028 0.1607223600 -0.5779291391 0.5997629762 -0.2317964435 0.7658686638
429.5 -69.9 2390.9 -0.2764976025 -0.9593949914 -0.0557704382 -0.3733914793 0.1607223600 -0.9136449695 0.8855099678 -0.2317964435 -0.4026692510
697.2 94.1 2562.0 0.1276828498 0.9821816087 -0.1378998607 -0.8013056517 0.0202211216 -0.5979133248 -0.5844709873 0.1868432164 0.7896095514
726.3 -88.8 2428.7 0.1370220184 0.9821816087 0.1286244392 0.6033881307 0.0202211216 -0.7971912026 -0.7855874896 0.1868432164 -0.5898659825
454.9 -284.6 2504.2 0.9963343740 0.0758846775 -0.0394880883 -0.0781758726 0.9951242805 -0.0601351932 0.0347322114 0.0630017743 0.9974088669
425.4 -670.9 2479.8 0.9979817271 0.0590861179 -0.0232659392 -0.0551699884 0.9881734848 0.1430715770 0.0314443260 -0.1414992362 0.9894388318
631.4 -293.4 2533.8 0.9829962850 0.0617837496 -0.1729192287 -0.0694986731 0.9968226552 -0.0389169753 0.1699653715 0.0502729006 0.9841668606
607.4 -680.4 2514.3 0.9854449034 -0.0450255163 -0.1639240533 0.0595802553 0.9945994616 0.0849826708 0.1592123955 -0.0935123712 0.9828056097
498.2 23.0 2170.6 0 0 0 0 0 0 0 0 0
760.5 61.6 2232.8 0 0 0 0 0 0 0 0 0
403.4 -1039.6 2532.6 0 0 0 0 0 0 0 0 0
624.2 -1051.5 2549.2 0 0 0 0 0 0 0 0 0
572.6 298.8 2551.3 40 0.9908171892 0.0505553596 -0.1254009753 -0.0561140180 0.9975740910 -0.0411960110 0.1230140924 0.0478544682 0.9912504554
562.6 101.8 2541.9 0.9908171892 0.0505553596 -0.1254009753 -0.0561140180 0.9975740910 -0.0411960110 0.1230140924 0.0478544682 0.9912504554
553.8 -91.8 2531.0 0.9910295606 0.0450629778 -0.1258164942 -0.0516841486 0.9974177480 -0.0498655140 0.1232445240 0.0559209175 0.9907994866
427.2 108.9 2525.0 0.0110349283 -0.9473417997 -0.3200339079 0.8207207322 0.1914137304 -0.5383105874 0.5712230206 -0.2567182481 0.7796152830
424.8 -71.7 2399.3 -0.3116630316 -0.9473417997 -0.0735501871 -0.3670004308 0.1914137304 -0.9103139639 0.8764569759 -0.2567182481 -0.4073314369
698.0 94.8 2558.7 0.1253355145 0.9848369360 -0.1199469194 -0.8174220920 0.0339937657 -0.5750352740 -0.5622385144 0.1701195985 0.8092880845
726.6 -91.9 2430.3 0.1160338223 0.9848369360 0.1289666891 0.5999133587 0.0339937657 -0.7993424535 -0.7916060090 0.1701195985 -0.5868723989
456.0 -280.7 2504.7 0.9967806935 0.0758328438 -0.0260302741 -0.0771616623 0.9955256581 -0.0545406938 0.0217778292 0.0563736521 0.9981722236
426.5 -667.2 2482.8 0.9980906844 0.0605121776 -0.0123785762 -0.0585915297 0.9910120368 0.1202588454 0.0195444413 -0.1193039492 0.9926654100
633.2 -290.3 2529.1 0.9850386977 0.0668099895 -0.1588557065 -0.0712400675 0.9972087145 -0.0223518535 0.1569189727 0.0333343334 0.9870487452
607.2 -677.4 2516.2 0.9873649478 -0.0459544733 -0.1516531408 0.0577260926 0.9955747128 0.0741534829 0.1475743353 -0.0819708928 0.9856483340
502.7 20.1 2180.2 0 0 0 0 0 0 0 0 0
755.5 57.3 2233.3 0 0 0 0 0 0 0 0 0
404.0 -1036.9 2527.4 0 0 0 0 0 0 0 0 0
624.4 -1049.0 2546.8 0 0 0 0 0 0 0 0 0
572.5 296.0 2548.6 41 0.9898880124 0.0596804693 -0.1286854446 -0.0649432987 0.9971993566 -0.0370925516 0.1261113435 0.0450747311 0.9909915328
560.7 98.7 2539.7 0.9898880124 0.0596804693 -0.1286854446 -0.0649432987 0.9971993566 -0.0370925516 0.1261113435 0.0450747311 0.9909915328
550.2 -94.9 2529.9 0.9901782870 0.0538402200 -0.1290280670 -0.0598440319 0.9972763062 -0.0431122035 0.1263554692 0.0504103303 0.9907033443
425.4 106.9 2522.5 -0.0542526282 -0.9492694736 -0.3097484112 0.8190933466 0.1351079792 -0.5575230122 0.5710890293 -0.2839599550 0.7702103853
437.3 -72.9 2397.1 -0.3140300512 -0.9492694736 -0.0165091716 -0.3598802388 0.1351079792 -0.9231641293 0.8785620928 -0.2839599550 -0.3840513229
695.9 90.5 2557.0 0.1269832104 0.9854932427 -0.1125982851 -0.8088412285 0.0371700376 -0.5868511200 -0.5741525292 0.1655943692 0.8018274903
724.6 -92.3 2427.2 0.1111967117 0.9854932427 0.1282123178 0.5957000256 0.0371700376 -0.8023464680 -0.7954726815 0.1655943692 -0.5829251409
456.3 -280.7 2509.1 0.9969745874 0.0717192963 -0.0299672801 -0.0733399019 0.9956753850 -0.0570248924 0.0257478971 0.0590501651 0.9979228973
428.5 -667.3 2486.2 0.9968680143 0.0771092251 -0.0175597053 -0.0747221783 0.9910989404 0.1101795882 0.0258992687 -0.1085224077 0.9937565923
633.9 -290.0 2531.2 0.9836769700 0.0754215345 -0.1633744389 -0.0823381767 0.9959548712 -0.0359770507 0.1600001156 0.0488417484 0.9859079123
604.6 -676.6 2512.2 0.9865208268 -0.0619562939 -0.1514533013 0.0778396651 0.9918063879 0.1012972444 0.1439363509 -0.1117209122 0.9832602739
516.0 17.3 2177.0 0 0 0 0 0 0 0 0 0
752.1 55.1 2230.3 0 0 0 0 0 0 0 0 0
399.7 -1037.1 2526.7 0 0 0 0 0 0 0 0 0
627.7 -1046.6 2553.9 0 0 0 0 0 0 0 0 0
573.7 301.9 2547.3 42 0.9897506833 0.0680411011 -0.1255546957 -0.0721940696 0.9969740510 -0.0288234577 0.1232135892 0.0375923403 0.9916679263
560.2 104.2 2539.8 0.9897506833 0.0680411011 -0.1255546957 -0.0721940696 0.9969740510 -0.0288234577 0.1232135892 0.0375923403 0.9916679263
548.5 -89.3 2530.7 0.9901744723 0.0601754636 -0.1262276918 -0.0656033531 0.9970719814 -0.0392900631 0.1234937981 0.0471849740 0.9912229180
424.9 113.2 2523.0 -0.0919018015 -0.9451277256 -0.3135086298 0.8189517856 0.1073622257 -0.5637298226 0.5664556623 -0.3085562587 0.7641472816
445.8 -73.1 2394.1 -0.3255111873 -0.9451277256 0.0278580766 -0.3899964988 0.1073622257 -0.9145359993 0.8613623977 -0.3085562587 -0.4035440981
695.4 95.2 2556.7 0.1332618147 0.9859727621 -0.1004939675 -0.8176109791 0.0520621277 -0.5734124184 -0.5601370335 0.1585789472 0.8130800724
726.0 -92.2 2428.3 0.0984724462 0.9859727621 0.1347624809 0.5856798291 0.0520621277 -0.8088687658 -0.8045386076 0.1585789472 -0.5723376274
