563.5 321.3 2599.5 08 0.9943277836 -0.0275411140 0.1027314588 0.0395165980 0.9924132824 -0.1164228022 -0.0987456515 0.1198220253 0.9878724217
568.9 126.7 2576.0 0.9943277836 -0.0275411140 0.1027314588 0.0395165980 0.9924132824 -0.1164228022 -0.0987456515 0.1198220253 0.9878724217
574.0 -65.9 2552.5 0.9943538308 -0.0265836567 0.1027314290 0.0385608599 0.9924510121 -0.1164216250 -0.0988610014 0.1197257042 0.9878726006
433.7 121.4 2589.5 0.4904678166 -0.7845121622 -0.3794495761 0.8673217893 0.3970576227 0.3001634777 -0.0848185644 -0.4763254225 0.8751685023
315.3 -88.0 2609.9 -0.2512363493 -0.7845121622 -0.5669400096 0.4987474680 0.3970576227 -0.7704519629 0.8295367956 -0.4763254225 0.2915181518
704.1 132.0 2562.5 0.4735671580 0.7846989036 0.3999771774 -0.8714951277 0.3517927825 0.3416695893 0.1273986846 -0.5103816390 0.8504588008
822.8 -86.6 2594.4 -0.2693502903 0.7846989036 0.5582992435 -0.5480610728 0.3517927825 -0.7588616014 -0.7918834686 -0.5103816390 0.3353074491
483.4 -260.7 2533.7 -0.9871764183 -0.0148702459 -0.1589390486 -0.0056965896 0.9982992411 -0.0580185726 0.1595314890 -0.0563691556 -0.9855821729
489.2 -648.1 2555.6 -0.9868727326 -0.0362213440 -0.1573857069 -0.0152652385 0.9910825491 -0.1323722154 0.1607769281 -0.1282319874 -0.9786252379
661.4 -258.4 2526.0 0.5010744333 0.0851302370 0.8612068892 -0.0163649675 0.9959040284 -0.0889234394 -0.8652494550 0.0304636415 0.5004152060
628.3 -644.9 2514.2 0.4933616519 -0.2107003033 0.8439192176 0.0209341627 0.9728132486 0.2306428552 -0.8695723414 -0.0961235985 0.4843595922
376.7 -209.9 2407.1 0 0 0 0 0 0 0 0 0
754.8 -225.1 2394.3 0 0 0 0 0 0 0 0 0
502.7 -1017.9 2603.4 0 0 0 0 0 0 0 0 0
706.9 -1007.9 2550.1 0 0 0 0 0 0 0 0 0
559.6 321.5 2603.7 09 0.9824933410 -0.0390063860 0.1821683943 0.0616995320 0.9907798171 -0.1206171885 -0.1757839322 0.1297452897 0.9758412838
567.3 126.9 2578.2 0.9824933410 -0.0390063860 0.1821683943 0.0616995320 0.9907798171 -0.1206171885 -0.1757839322 0.1297452897 0.9758412838
574.4 -65.4 2553.4 0.9825733304 -0.0373945199 0.1820750833 0.0596250631 0.9911984801 -0.1181963086 -0.1760526597 0.1269927770 0.9761548638
433.8 118.8 2602.2 0.4717722535 -0.8185987473 -0.3276081085 0.8735237122 0.3833812773 0.2999584973 -0.1199468374 -0.4276855290 0.8959340453
319.8 -92.3 2631.2 -0.1887460798 -0.8185987473 -0.5424675345 0.5237112641 0.3833812773 -0.7607530951 0.8307234049 -0.4276855290 0.3563476801
700.7 135.1 2554.3 0.4971020818 0.6958959103 0.5182841420 -0.8649680614 0.3501348794 0.3594939113 0.0687009692 -0.6270043850 0.7759804726
829.0 -88.1 2572.0 -0.3249126375 0.6958959103 0.6404379010 -0.6251152158 0.3501348794 -0.6975933909 -0.7096920013 -0.6270043850 0.3212518394
490.5 -261.9 2537.9 -0.9721092582 -0.0003912941 -0.2345281392 0.0113832913 0.9987412691 -0.0488495976 0.2342520356 -0.0501568466 -0.9708811641
490.7 -649.6 2557.4 -0.9716017246 -0.0357801281 -0.2339014858 -0.0076595657 0.9927391410 -0.1200432181 0.2364983112 -0.1148426086 -0.9648211002
667.8 -255.0 2520.2 0.4303402007 0.1006734297 0.8970352411 -0.0229372680 0.9946599007 -0.1006259173 -0.9023753405 0.0227278378 0.4303512871
628.7 -641.0 2511.4 0.4291434586 -0.1994029731 0.8809508085 -0.0170576964 0.9733639359 0.2286300808 -0.9030752778 -0.1131420955 0.4143114090
365.9 -220.0 2428.5 0 0 0 0 0 0 0 0 0
746.9 -246.1 2392.6 0 0 0 0 0 0 0 0 0
504.0 -1020.0 2600.3 0 0 0 0 0 0 0 0 0
703.2 -1004.2 2553.6 0 0 0 0 0 0 0 0 0
556.8 319.1 2601.3 10 0.9725147486 -0.0507319346 0.2272471786 0.0766444877 0.9913336039 -0.1066927388 -0.2198650241 0.1211775094 0.9679749012
566.7 124.4 2577.5 0.9725147486 -0.0507319346 0.2272471786 0.0766444877 0.9913336039 -0.1066927388 -0.2198650241 0.1211775094 0.9679749012
575.9 -68.1 2554.6 0.9727311134 -0.0470489673 0.2271135747 0.0722565800 0.9919508696 -0.1039830372 -0.2203932106 0.1175579876 0.9683010578
434.3 114.6 2607.6 0.4930423200 -0.8194880486 -0.2921449244 0.8405125141 0.3619785905 0.4031255841 -0.2246063948 -0.4443094134 0.8672606945
320.0 -80.3 2659.7 -0.1590835601 -0.8194880486 -0.5505740643 0.6011312008 0.3619785905 -0.7124695182 0.7831562161 -0.4443094134 0.4350349903
699.1 134.3 2547.5 0.5397297144 0.6122419834 0.5777989030 -0.8391922116 0.3369173706 0.4268994033 0.0666952431 -0.7152946591 0.6956330538
832.2 -72.7 2563.9 -0.3302659094 0.6122419834 0.7183899879 -0.7129936218 0.3369173706 -0.6149201393 -0.6185179949 -0.7152946591 0.3252523243
494.1 -263.1 2544.3 -0.9608822465 0.0019180555 -0.2769506872 0.0110187829 0.9994490743 -0.0313079357 0.2767380476 -0.0331348963 -0.9603739381
493.4 -651.1 2557.2 -0.9607788920 -0.0238825791 -0.2762852609 0.0062590516 0.9941633940 -0.1077030003 0.2772449255 -0.1052080467 -0.9550217390
669.2 -252.4 2512.9 0.3895335495 0.1019157469 0.9153560996 -0.0329601765 0.9947646856 -0.0967307612 -0.9204223156 0.0075095757 0.3908533752
629.6 -638.5 2509.9 0.3911384344 -0.1933978200 0.8997821808 -0.0409695543 0.9730433226 0.2269540578 -0.9194195271 -0.1256341338 0.3726712167
359.4 -229.3 2465.6 0 0 0 0 0 0 0 0 0
748.7 -252.9 2407.6 0 0 0 0 0 0 0 0 0
502.3 -1022.1 2596.4 0 0 0 0 0 0 0 0 0
701.8 -1001.7 2556.8 0 0 0 0 0 0 0 0 0
555.7 317.8 2600.2 11 0.9651157856 -0.0534720458 0.2563050091 0.0834349245 0.9906992316 -0.1074877530 -0.2481735796 0.1251229197 0.9606009126
566.2 123.5 2575.6 0.9651157856 -0.0534720458 0.2563050091 0.0834349245 0.9906992316 -0.1074877530 -0.2481735796 0.1251229197 0.9606009126
575.7 -68.9 2552.0 0.9653975964 -0.0488293469 0.2561701834 0.0779747516 0.9914237261 -0.1048758551 -0.2488521934 0.1212217063 0.9609255195
434.6 112.8 2609.6 0.4901318848 -0.8363127112 -0.2456660718 0.8031892776 0.3238407671 0.5000141859 -0.3386115134 -0.4423892498 0.8304420710
321.5 -72.5 2687.7 -0.1353446990 -0.8363127112 -0.5312842131 0.6599839926 0.3238407671 -0.6778998971 0.7389877439 -0.4423892498 0.5081228614
697.8 134.1 2541.7 0.5573574305 0.5419618487 0.6289913654 -0.8288949132 0.3195870817 0.4591267109 0.0478116423 -0.7772653699 0.6273536086
839.5 -76.6 2553.8 -0.3498060703 0.5419618487 0.7641420364 -0.7551613450 0.3195870817 -0.5723595619 -0.5544069409 -0.7772653699 0.2974751294
498.2 -267.0 2551.3 -0.9523258209 0.0062076477 -0.3050196171 0.0122781890 0.9997628331 -0.0179878958 0.3048356175 -0.0208754260 -0.9521761537
495.8 -655.1 2559.4 -0.9523788095 -0.0188738182 -0.3043326437 0.0148950508 0.9940112233 -0.1082582474 0.3045533001 -0.1076359078 -0.9463940859
671.8 -254.1 2511.9 0.3612501919 0.1095461920 0.9260118604 -0.0393719338 0.9939815998 -0.1022273973 -0.9316373467 0.0004707926 0.3633891046
629.3 -640.0 2511.8 0.3607968390 -0.1998439431 0.9109818935 -0.0371602848 0.9729170203 0.2281481922 -0.9319038391 -0.1161674932 0.3435991108
355.4 -237.6 2502.9 0 0 0 0 0 0 0 0 0
751.2 -267.1 2414.0 0 0 0 0 0 0 0 0 0
502.8 -1026.1 2599.6 0 0 0 0 0 0 0 0 0
703.9 -1003.1 2555.1 0 0 0 0 0 0 0 0 0
550.9 316.7 2591.6 12 0.9409369826 -0.0691949800 0.3314356804 0.0999608189 0.9920325875 -0.0766759962 -0.3234893680 0.1052778661 0.9403569698
564.5 122.0 2570.9 0.9409369826 -0.0691949800 0.3314356804 0.0999608189 0.9920325875 -0.0766759962 -0.3234893680 0.1052778661 0.9403569698
576.4 -70.6 2550.6 0.9414782524 -0.0609071851 0.3315253556 0.0917043313 0.9927232265 -0.0780442655 -0.3243594766 0.1038792878 0.9402127862
436.4 109.6 2615.1 0.4902252853 -0.8466993570 -0.2068317533 0.7613945007 0.3005132377 0.5744303465 -0.4242141247 -0.4390808344 0.7919914126
324.9 -63.6 2711.6 -0.1180163324 -0.8466993570 -0.5188181996 0.6986026764 0.3005132377 -0.6493428349 0.7057099342 -0.4390808344 0.5560409427
692.5 134.4 2526.7 0.5701640248 0.4932092726 0.6570065618 -0.8183088303 0.2701971531 0.5073107481 0.0726890713 -0.8268845677 0.5576542020
844.6 -83.8 2546.1 -0.3651482165 0.4932092726 0.7895640731 -0.7984428406 0.2701971531 -0.5380358100 -0.4787021875 -0.8268845677 0.2951374054
498.9 -268.3 2550.7 -0.9262012839 0.0040986314 -0.3770071566 0.0146906404 0.9995738864 -0.0252239369 0.3767431080 -0.0289009195 -0.9258668423
497.3 -656.4 2561.9 -0.9263313413 -0.0185147095 -0.3762544394 0.0207553692 0.9947659373 -0.1000497192 0.3761374950 -0.1004884914 -0.9210985899
671.4 -254.4 2506.2 0.2903029919 0.1034817919 0.9513231516 -0.0427369401 0.9945459366 -0.0951419398 -0.9559800029 -0.0130366506 0.2931421399
631.3 -640.4 2511.2 0.2955183685 -0.1969660521 0.9348118901 -0.0679973066 0.9716968536 0.2262334824 -0.9529140592 -0.1304208487 0.2737611234
354.6 -239.4 2534.0 0 0 0 0 0 0 0 0 0
752.1 -286.1 2424.9 0 0 0 0 0 0 0 0 0
504.2 -1027.7 2599.4 0 0 0 0 0 0 0 0 0
704.8 -1003.1 2559.9 0 0 0 0 0 0 0 0 0
551.0 317.2 2595.8 13 0.9061487317 -0.0648000836 0.4179658294 0.1087798700 0.9906576276 -0.0822460577 -0.4087314904 0.1199934334 0.9047321081
563.7 122.4 2572.2 0.9061487317 -0.0648000836 0.4179658294 0.1087798700 0.9906576276 -0.0822460577 -0.4087314904 0.1199934334 0.9047321081
575.2 -70.1 2549.8 0.9065725207 -0.0596682094 0.4178109169 0.1020306349 0.9915770292 -0.0797790140 -0.4095314741 0.1149549782 0.9050244689
440.7 108.5 2627.8 0.4824104607 -0.8592328429 -0.1702910364 0.7311283946 0.2879035175 0.6185166240 -0.4824224412 -0.4228835106 0.7670971751
334.8 -51.9 2733.7 -0.0827147961 -0.8592328429 -0.5048536062 0.7375569940 0.2879035175 -0.6108365655 0.6701999307 -0.4228835106 0.6099193096
686.7 136.2 2516.5 0.5995402336 0.4650751054 0.6513498425 -0.7936900854 0.2407630682 0.5586494207 0.1029929519 -0.8519027233 0.5134726763
852.4 -83.0 2545.0 -0.3834784031 0.4650751054 0.7979031801 -0.8125462532 0.2407630682 -0.5308499336 -0.4389907122 -0.8519027233 0.2855676115
504.4 -271.4 2559.3 -0.8873410821 0.0206406489 -0.4606514871 0.0188161116 0.9997863770 0.0085529527 0.4607296288 -0.0010782845 -0.8875398636
496.4 -659.3 2559.7 -0.8877716660 -0.0250079595 -0.4596042633 0.0325424895 0.9926140308 -0.1168691218 0.4591323137 -0.1187097654 -0.8804007769
672.4 -255.2 2501.4 0.2005493045 0.1074729264 0.9737707973 -0.0388103873 0.9940558672 -0.1017186940 -0.9789145589 -0.0173928086 0.2035282701
630.6 -641.0 2508.1 0.2159923315 -0.2103157938 0.9534749985 -0.1074812487 0.9654698372 0.2373095006 -0.9704613090 -0.1537377238 0.1859290600
355.7 -238.0 2564.6 0 0 0 0 0 0 0 0 0
755.2 -289.0 2433.7 0 0 0 0 0 0 0 0 0
505.7 -1029.8 2604.0 0 0 0 0 0 0 0 0 0
709.1 -1001.3 2565.5 0 0 0 0 0 0 0 0 0
553.7 305.0 2590.4 14 0.8746327162 -0.0431319885 0.4828636348 0.0847801939 0.9942935705 -0.0647505149 -0.4773153961 0.0975701883 0.8732984066
562.1 110.1 2571.2 0.8746327162 -0.0431319885 0.4828636348 0.0847801939 0.9942935705 -0.0647505149 -0.4773153961 0.0975701883 0.8732984066
569.3 -82.9 2552.6 0.8748887777 -0.0361628570 0.4829719663 0.0783573389 0.9946397543 -0.0674675554 -0.4779433012 0.0968710035 0.8730327487
443.4 99.5 2636.2 0.4573666751 -0.8825158477 -0.1094598919 0.6923571825 0.2761334479 0.6666272283 -0.5580835938 -0.3806784451 0.7373104095
347.9 -45.1 2752.7 -0.0400242060 -0.8825158477 -0.4685763717 0.7624296546 0.2761334479 -0.5851933956 0.6458320618 -0.3806784451 0.6618042588
680.9 120.7 2506.3 0.6530194879 0.4213810861 0.6292881370 -0.7454411983 0.2109089047 0.6323249340 0.1337273121 -0.8820177913 0.4518424571
856.1 -79.4 2542.2 -0.3829019964 0.4213810861 0.8220851421 -0.8402628899 0.2109089047 -0.4994754493 -0.3838545978 -0.8820177913 0.2733134627
506.1 -271.6 2563.9 -0.8511003256 0.0252524260 -0.5243954659 0.0100217788 0.9994419813 0.0318629704 0.5249074697 0.0218632072 -0.8508784771
496.3 -659.4 2555.4 -0.8535431027 -0.0321176723 -0.5200313330 0.0563160144 0.9865636826 -0.1533643752 0.5179697275 -0.1601891965 -0.8402658701
667.5 -253.4 2491.0 0.1293701828 0.1002292186 0.9865178466 -0.0353675000 0.9947118163 -0.0964236856 -0.9909654260 -0.0224163178 0.1322309077
628.6 -639.6 2499.7 0.1620578915 -0.2271306962 0.9602858424 -0.1676309258 0.9526686668 0.2536184490 -0.9724387527 -0.2020744681 0.1163133457
358.0 -237.7 2589.5 0 0 0 0 0 0 0 0 0
759.5 -291.5 2445.3 0 0 0 0 0 0 0 0 0
508.3 -1027.3 2615.2 0 0 0 0 0 0 0 0 0
713.2 -994.6 2575.0 0 0 0 0 0 0 0 0 0
550.9 309.4 2595.7 15 0.8472607732 -0.0317576490 0.5302269459 0.0785607845 0.9947251081 -0.0659554228 -0.5253354907 0.0975364894 0.8452864885
557.1 114.4 2576.5 0.8472607732 -0.0317576490 0.5302269459 0.0785607845 0.9947251081 -0.0659554228 -0.5253354907 0.0975364894 0.8452864885
562.2 -78.8 2558.6 0.8474714160 -0.0258499607 0.5302112699 0.0712849945 0.9953086972 -0.0654141158 -0.5260329843 0.0932326987 0.8453384042
441.9 104.7 2648.1 0.4100745916 -0.9041541219 -0.1197669059 0.6970838904 0.2260270864 0.6804305911 -0.5881435871 -0.3625148833 0.7229592800
356.1 -41.2 2771.2 -0.0515649952 -0.9041541219 -0.4240829349 0.7846259475 0.2260270864 -0.5772987604 0.6178213358 -0.3625148833 0.6977677345
672.3 124.0 2505.0 0.7336906791 0.3580852449 0.5774711370 -0.6580418348 0.1626374871 0.7352074385 0.1693484783 -0.9194150567 0.3549606800
864.8 -48.5 2549.4 -0.3590389192 0.3580852449 0.8618967533 -0.8850117922 0.1626374871 -0.4362375736 -0.2963869572 -0.9194150567 0.2585164607
498.5 -282.9 2576.5 -0.8216459155 0.0073308842 -0.5699511170 -0.0323833860 0.9977018833 0.0595168844 0.5690776110 0.0673587471 -0.8195202947
495.7 -669.6 2550.4 -0.8301225901 -0.0359004252 -0.5564239621 0.0721366927 0.9826234579 -0.1710186750 0.5528949499 -0.1821050495 -0.8131082058
654.3 -268.9 2491.3 0.0748542845 0.0574981943 0.9955354333 -0.0325533412 0.9979450703 -0.0551896803 -0.9966629744 -0.0282768216 0.0765722170
632.0 -656.0 2502.3 0.1158333048 -0.2495765090 0.9614022374 -0.1846145838 0.9456421137 0.2677282989 -0.9759610891 -0.2085007131 0.0634613931
369.2 -239.7 2614.8 0 0 0 0 0 0 0 0 0
774.3 -271.4 2474.7 0 0 0 0 0 0 0 0 0
509.1 -1036.2 2618.3 0 0 0 0 0 0 0 0 0
725.1 -1008.6 2580.1 0 0 0 0 0 0 0 0 0
546.2 309.6 2597.8 16 0.8339989185 -0.0327502452 0.5507932901 0.0804623514 0.9947846532 -0.0626842678 -0.5458677411 0.0965967327 0.8322844505
552.7 113.6 2578.8 0.8339989185 -0.0327502452 0.5507932901 0.0804623514 0.9947846532 -0.0626842678 -0.5458677411 0.0965967327 0.8322844505
557.7 -79.6 2560.6 0.8342116475 -0.0256307945 0.5508484244 0.0732108578 0.9952244163 -0.0645639673 -0.5465629697 0.0941881016 0.8321042657
439.0 103.6 2653.3 0.3709366024 -0.9213711619 -0.1161086261 0.6820306778 0.1854324192 0.7074242234 -0.6302699447 -0.3415991664 0.6971870661
362.1 -37.8 2783.9 -0.0517817177 -0.9213711619 -0.3852191865 0.8124666810 0.1854324192 -0.5527320504 0.5807034969 -0.3415991664 0.7389813662
666.4 123.5 2504.3 0.7956441045 0.3215553164 0.5133737326 -0.5735973120 0.1274280101 0.8091651797 0.1947731674 -0.9382773042 0.2858306170
872.5 -25.1 2554.7 -0.3433817625 0.3215553164 0.8824347854 -0.9077586532 0.1274280101 -0.3996702433 -0.2409629971 -0.9382773042 0.2481381744
491.8 -278.3 2587.5 -0.8073685765 -0.0103363115 -0.5899569392 -0.0656871125 0.9952060580 0.0724577457 0.5863797665 0.0972526670 -0.8041770458
495.8 -664.2 2549.8 -0.8206238747 -0.0352209024 -0.5703822970 0.0742590651 0.9830641747 -0.1675423235 0.5666233897 -0.1798452735 -0.8041104674
642.9 -265.6 2493.7 0.0508018285 0.0198656525 0.9985111356 -0.0250852033 0.9995120764 -0.0186092909 -0.9983936548 -0.0241024680 0.0512753762
635.2 -653.2 2503.0 0.0837929398 -0.2275406718 0.9701566696 -0.1620033681 0.9575175643 0.2385686040 -0.9832261205 -0.1771590114 0.0433708616
375.3 -243.5 2636.9 0 0 0 0 0 0 0 0 0
785.8 -254.2 2493.9 0 0 0 0 0 0 0 0 0
508.9 -1031.0 2616.9 0 0 0 0 0 0 0 0 0
720.0 -1010.2 2569.1 0 0 0 0 0 0 0 0 0
543.6 310.7 2598.9 17 0.8075763583 -0.0358351469 0.5886732936 0.0853537843 0.9947452545 -0.0565387495 -0.5835539103 0.0959048495 0.8063914180
550.6 115.1 2580.0 0.8075763583 -0.0358351469 0.5886732936 0.0853537843 0.9947452545 -0.0565387495 -0.5835539103 0.0959048495 0.8063914180
556.2 -78.1 2562.2 0.8078384995 -0.0286462810 0.5887073278 0.0772629380 0.9953461289 -0.0575889088 -0.5843178630 0.0920078009 0.8062922359
440.5 104.6 2659.7 0.3433324695 -0.9277101755 -0.1465492547 0.7048843503 0.1513991207 0.6929764748 -0.6206938624 -0.3412216008 0.7059085965
368.8 -42.6 2789.4 -0.0761592239 -0.9277101755 -0.3654499352 0.8180791736 0.1513991207 -0.5548195839 0.5700405836 -0.3412216008 0.7474099398
660.7 125.6 2500.4 0.8434424996 0.2708198428 0.4639626145 -0.4972393811 0.0666160509 0.8650522232 0.2033659369 -0.9603223205 0.1908490956
878.2 -2.6 2552.8 -0.3226849735 0.2708198428 0.9069349766 -0.9336018562 0.0666160509 -0.3520652056 -0.1557626724 -0.9603223205 0.2313418984
488.2 -279.3 2591.2 -0.7788860202 -0.0316028446 -0.6263687611 -0.0861204639 0.9946582317 0.0569057763 0.6212244630 0.0982662812 -0.7774470448
500.4 -665.1 2553.1 -0.7934080958 -0.0093731945 -0.6086179018 0.0921481177 0.9865076542 -0.1353193671 0.6016746163 -0.1634464711 -0.7818394303
637.3 -266.2 2493.5 0.0053763110 0.0006831096 0.9999853373 -0.0277183559 0.9996156096 -0.0005338324 -0.9996013045 -0.0277150795 0.0053931791
637.0 -654.0 2504.2 0.0328275710 -0.2099760324 0.9771552682 -0.1538981646 0.9649602175 0.2125257105 -0.9875412583 -0.1573591083 -0.0006376270
388.1 -250.0 2644.9 0 0 0 0 0 0 0 0 0
796.9 -237.9 2513.6 0 0 0 0 0 0 0 0 0
503.9 -1033.2 2614.1 0 0 0 0 0 0 0 0 0
715.3 -1013.9 2562.9 0 0 0 0 0 0 0 0 0
540.2 310.9 2590.4 18 0.7911559939 -0.0527804047 0.6093327999 0.0900246501 0.9954674840 -0.0306603592 -0.6049526930 0.0791120976 0.7923215628
550.6 115.3 2574.9 0.7911559939 -0.0527804047 0.6093327999 0.0900246501 0.9954674840 -0.0306603592 -0.6049526930 0.0791120976 0.7923215628
558.9 -78.1 2560.0 0.7916213870 -0.0422739945 0.6095477939 0.0802735165 0.9961524010 -0.0351652279 -0.6057159305 0.0767680928 0.7919690013
442.6 104.4 2657.5 0.2792479694 -0.9561633468 -0.0881599635 0.7152555585 0.1458736360 0.6834693551 -0.6406481862 -0.2539143562 0.7246360779
384.3 -45.0 2791.3 -0.0283570308 -0.9561633468 -0.2914575338 0.8168946505 0.1458736360 -0.5580357909 0.5760893822 -0.2539143562 0.7769482136
658.6 126.2 2492.2 0.8707557917 0.2640062571 0.4148312807 -0.4344640076 0.0180020295 0.9005092382 0.2302722931 -0.9643529654 0.1303765923
880.2 15.6 2550.9 -0.3153001964 0.2640062571 0.9115297198 -0.9432841539 0.0180020295 -0.3314980268 -0.1039269418 -0.9643529654 0.2433568835
489.6 -278.2 2596.6 -0.7614384294 -0.0216579307 -0.6478753090 -0.0933679193 0.9926845431 0.0765493438 0.6414778829 0.1187783852 -0.7578903437
498.0 -663.3 2550.5 -0.7798807025 -0.0235758312 -0.6254839897 0.0938229561 0.9835973978 -0.1540564448 0.6188564301 -0.1788304001 -0.7648767233
634.0 -264.4 2492.1 -0.0193270519 -0.0094513725 0.9997685552 -0.0338705629 0.9993875623 0.0087930011 -0.9992393255 -0.0336927809 -0.0196353383
637.7 -652.2 2505.2 0.0006893207 -0.2016122788 0.9794651866 -0.1309049129 0.9710188508 0.1999658197 -0.9913946986 -0.1283546537 -0.0257226955
391.5 -252.0 2645.4 0 0 0 0 0 0 0 0 0
800.6 -222.7 2524.6 0 0 0 0 0 0 0 0 0
506.8 -1030.3 2617.2 0 0 0 0 0 0 0 0 0
712.9 -1014.3 2553.1 0 0 0 0 0 0 0 0 0
540.5 308.5 2594.7 19 0.7699084282 -0.0601828136 0.6353101730 0.1061821952 0.9937465787 -0.0345407762 -0.6292585135 0.0940518677 0.7714842558
552.3 113.8 2576.3 0.7699084282 -0.0601828136 0.6353101730 0.1061821952 0.9937465787 -0.0345407762 -0.6292585135 0.0940518677 0.7714842558
561.9 -79.2 2558.8 0.7705087066 -0.0495426245 0.6355012655 0.0953045040 0.9947224259 -0.0380043089 -0.6302645206 0.0898487866 0.7711639404
447.2 100.8 2662.3 0.2598237097 -0.9644115567 -0.0490104146 0.7182997465 0.1590987146 0.6772983670 -0.6453968287 -0.2111823410 0.7340741754
394.0 -46.3 2794.5 0.0080494024 -0.9644115567 -0.2642831504 0.8160019517 0.1590987146 -0.5557233095 0.5779930353 -0.2111823410 0.7882423997
657.5 126.8 2490.3 0.8867656589 0.2236925364 0.4044852555 -0.4103954434 -0.0215716548 0.9116525054 0.2126552761 -0.9744210243 0.0726733953
882.0 22.9 2544.1 -0.3211620152 0.2236925364 0.9202263951 -0.9455515146 -0.0215716548 -0.3247568309 -0.0527948737 -0.9744210243 0.2184408158
496.3 -278.5 2599.2 -0.7398146987 -0.0184707604 -0.6725571156 -0.0751296878 0.9956392646 0.0552991480 0.6686028242 0.0914401263 -0.7379762530
503.5 -664.8 2563.8 -0.7474591732 0.0055850432 -0.6642842889 0.0750968978 0.9942650795 -0.0761403665 0.6600494385 -0.1067975014 -0.7435919642
637.9 -264.2 2490.8 -0.0515794568 -0.0065082321 0.9986476898 -0.0346778184 0.9993873835 0.0047219675 -0.9980666637 -0.0343873650 -0.0517735519
640.5 -652.1 2504.2 -0.0319642611 -0.1848595291 0.9822450280 -0.1397913396 0.9739145041 0.1787426174 -0.9896649122 -0.1315959692 -0.0569722168
391.9 -253.1 2648.0 0 0 0 0 0 0 0 0 0
800.8 -216.2 2530.8 0 0 0 0 0 0 0 0 0
501.4 -1034.7 2603.5 0 0 0 0 0 0 0 0 0
709.4 -1015.5 2553.3 0 0 0 0 0 0 0 0 0
539.6 308.6 2596.8 20 0.7544486523 -0.0694208667 0.6526775360 0.1189848483 0.9923807383 -0.0319852084 -0.6454842091 0.1017899364 0.7569603324
553.3 113.8 2576.9 0.7544486523 -0.0694208667 0.6526775360 0.1189848483 0.9923807383 -0.0319852084 -0.6454842091 0.1017899364 0.7569603324
564.2 -79.1 2558.6 0.7553974986 -0.0565982610 0.6528179646 0.1040289775 0.9939861298 -0.0341984145 -0.6469564438 0.0937453806 0.7567424774
450.2 99.6 2665.2 0.2531292737 -0.9662067890 -0.0486829206 0.7364608645 0.1598198861 0.6573301554 -0.6273363829 -0.2022425681 0.7520285845
398.4 -50.9 2793.4 0.0112141399 -0.9662067890 -0.2575241625 0.8099099994 0.1598198861 -0.5643610358 0.5864469409 -0.2022425681 0.7843327522
656.4 128.0 2488.5 0.8933082223 0.2053772360 0.3997757137 -0.4010315239 -0.0373505391 0.9153025150 0.2029141337 -0.9779698849 0.0489972048
880.9 27.2 2539.5 -0.3135848343 0.2053772360 0.9270839691 -0.9490985274 -0.0373505391 -0.3127569556 -0.0296060704 -0.9779698849 0.2066357881
502.6 -280.8 2597.7 -0.7243489623 0.0034363496 -0.6894249916 -0.0561113618 0.9963762760 0.0639200881 0.6871463656 0.0849850252 -0.7215312719
501.3 -667.4 2564.7 -0.7306898236 -0.0070855175 -0.6826728582 0.0659039244 0.9945441484 -0.0808618441 0.6795212030 -0.1040757447 -0.7262362838
640.5 -263.7 2484.9 -0.0732933432 -0.0026254882 0.9973069429 -0.0489441082 0.9988010526 -0.0009675426 -0.9961087108 -0.0488832146 -0.0733339712
641.5 -651.4 2503.9 -0.0563958362 -0.1825954169 0.9815693498 -0.1410995722 0.9747242928 0.1732152253 -0.9883877635 -0.1287304014 -0.0807345286
395.6 -256.3 2644.6 0 0 0 0 0 0 0 0 0
801.5 -213.2 2532.0 0 0 0 0 0 0 0 0 0
503.9 -1038.0 2603.5 0 0 0 0 0 0 0 0 0
709.6 -1015.2 2551.9 0 0 0 0 0 0 0 0 0
541.4 307.4 2599.4 21 0.7849357128 -0.0604113229 0.6166250110 0.1201717407 0.9911799431 -0.0558663607 -0.6078113914 0.1179523990 0.7852723002
553.2 113.1 2576.3 0.7849357128 -0.0604113229 0.6166250110 0.1201717407 0.9911799431 -0.0558663607 -0.6078113914 0.1179523990 0.7852723002
563.8 -79.6 2555.8 0.7856576443 -0.0541747212 0.6162849665 0.1076712534 0.9929295182 -0.0499786027 -0.6092199683 0.1056222469 0.7859356999
446.0 98.5 2659.4 0.2204795182 -0.9750600457 -0.0254298542 0.7283887267 0.1472507268 0.6691539884 -0.6487207413 -0.1660575718 0.7426885366
400.0 -53.7 2794.9 0.0180955958 -0.9750600457 -0.2212022692 0.7984597683 0.1472507268 -0.5837630033 0.6017761827 -0.1660575718 0.7812107801
660.4 127.8 2493.2 0.8893354535 0.1965371966 0.4128626585 -0.4192703366 -0.0098108593 0.9078084230 0.1824686527 -0.9804472923 0.0736770704
881.2 23.7 2538.5 -0.3221386969 0.1965371966 0.9260668159 -0.9450865984 -0.0098108593 -0.3266727328 -0.0551178269 -0.9804472923 0.1889051199
507.6 -281.4 2598.3 -0.7558772564 0.0179183092 -0.6544681191 -0.0333764367 0.9972710609 0.0658518001 0.6538620591 0.0716196895 -0.7532164454
500.6 -668.4 2570.5 -0.7585341930 -0.0157961864 -0.6514417529 0.0319341347 0.9976038337 -0.0613738187 0.6508502960 -0.0673573688 -0.7562121749
642.8 -262.8 2482.5 -0.0268517304 0.0079843914 0.9996075630 -0.0507627390 0.9986670613 -0.0093404818 -0.9983497262 -0.0509936251 -0.0264106300
639.7 -650.4 2502.3 -0.0062782029 -0.1995826662 0.9798609018 -0.1515966952 0.9687446952 0.1963471472 -0.9884225130 -0.1473109573 -0.0363380499
395.4 -256.3 2642.3 0 0 0 0 0 0 0 0 0
799.5 -215.9 2524.5 0 0 0 0 0 0 0 0 0
506.5 -1040.2 2595.6 0 0 0 0 0 0 0 0 0
714.2 -1011.9 2557.2 0 0 0 0 0 0 0 0 0
540.0 306.8 2600.2 22 0.7492762208 -0.0698688477 0.6585616469 0.1295523494 0.9906701446 -0.0422944650 -0.6494623423 0.1170084476 0.7513372898
553.7 112.6 2577.3 0.7492762208 -0.0698688477 0.6585616469 0.1295523494 0.9906701446 -0.0422944650 -0.6494623423 0.1170084476 0.7513372898
565.2 -80.0 2556.6 0.7502724528 -0.0589255132 0.6584975123 0.1142116338 0.9925973415 -0.0413069725 -0.6511888504 0.1061995625 0.7514484525
451.5 97.1 2666.0 0.2512394786 -0.9676322937 -0.0238000322 0.6897829771 0.1617397219 0.7057192326 -0.6790273190 -0.1937213987 0.7080917358
399.7 -44.9 2805.8 0.0075030723 -0.9676322937 -0.2522526979 0.7857246399 0.1617397219 -0.5970569849 0.6185309291 -0.1937213987 0.7615060806
656.0 128.2 2488.5 0.8896667957 0.1930174828 0.4138081670 -0.4216665626 -0.0004048944 0.9067508578 0.1751863211 -0.9811952114 0.0810287967
888.0 18.2 2534.2 -0.3766514659 0.1930174828 0.9060231447 -0.9234176278 -0.0004048944 -0.3837964237 -0.0737125799 -0.9811952114 0.1783882529
504.1 -281.9 2589.7 -0.7187364697 0.0075287982 -0.6952418089 -0.0212865882 0.9992343783 0.0328266807 0.6949566603 0.0383930579 -0.7180259228
501.1 -669.5 2574.8 -0.7199128866 -0.0099839289 -0.6939926147 0.0236396790 0.9989636540 -0.0388939157 0.6936617494 -0.0444059968 -0.7189307809
644.6 -262.7 2480.7 -0.0803964734 0.0181029737 0.9965985417 -0.0512093566 0.9984396696 -0.0222675204 -0.9954466224 -0.0528254025 -0.0793439895
637.6 -650.3 2501.2 -0.0547437966 -0.2123228312 0.9756649733 -0.1709381044 0.9646978974 0.2003449947 -0.9837597609 -0.1558106840 -0.0891052932
397.8 -244.3 2648.9 0 0 0 0 0 0 0 0 0
792.7 -215.6 2515.5 0 0 0 0 0 0 0 0 0
504.9 -1042.0 2591.4 0 0 0 0 0 0 0 0 0
716.8 -1010.3 2559.4 0 0 0 0 0 0 0 0 0
539.0 307.3 2600.1 23 0.7244068384 -0.0796825960 0.6847521067 0.1383949667 0.9898849130 -0.0312195588 -0.6753381491 0.1173819005 0.7281070948
554.6 112.9 2577.0 0.7244068384 -0.0796825960 0.6847521067 0.1383949667 0.9898849130 -0.0312195588 -0.6753381491 0.1173819005 0.7281070948
567.3 -79.7 2556.0 0.7256392241 -0.0654511303 0.6849553585 0.1215660349 0.9920009971 -0.0339956358 -0.6772513986 0.1079358757 0.7277914882
455.7 96.3 2669.4 0.2694183886 -0.9630055428 -0.0058347569 0.6335867047 0.1726881117 0.7541529536 -0.7252458930 -0.2068794966 0.6566728950
401.5 -31.1 2815.2 0.0146257235 -0.9630055428 -0.2690843642 0.8000556827 0.1726881117 -0.5745343566 0.5997474790 -0.2068794966 0.7729837298
653.6 129.4 2484.7 0.8937811255 0.1646603048 0.4171837568 -0.4188362360 -0.0262502711 0.9076822996 0.1604104340 -0.9860009551 0.0455037057
893.4 17.0 2527.7 -0.4033740759 0.1646603048 0.9000979662 -0.9140229225 -0.0262502711 -0.4048123360 -0.0430287085 -0.9860009551 0.1610919684
509.6 -282.9 2594.2 -0.6934149861 0.0199334137 -0.7202627063 -0.0139275678 0.9990596771 0.0410575978 0.7204038501 0.0385014601 -0.6924853325
501.8 -670.6 2579.2 -0.6938554645 -0.0056425137 -0.7200921774 0.0144842220 0.9996576309 -0.0217896271 0.7199685574 -0.0255488269 -0.6935362220
643.7 -262.5 2477.7 -0.1149146184 0.0109029245 0.9933155179 -0.0568397529 0.9982293844 -0.0175325330 -0.9917479157 -0.0584745556 -0.1140914261
639.5 -650.0 2500.4 -0.0876860172 -0.2129996717 0.9731096029 -0.1850325316 0.9633548856 0.1941913962 -0.9788126349 -0.1630290598 -0.1238846183
397.8 -234.1 2663.1 0 0 0 0 0 0 0 0 0
791.2 -214.5 2516.8 0 0 0 0 0 0 0 0 0
503.9 -1043.5 2588.8 0 0 0 0 0 0 0 0 0
719.0 -1009.6 2561.3 0 0 0 0 0 0 0 0 0
538.4 306.3 2600.0 24 0.7084791660 -0.0845102519 0.7006534934 0.1427413970 0.9894444346 -0.0249925386 -0.6911455393 0.1177189574 0.7130638361
555.0 112.0 2576.9 0.7084791660 -0.0845102519 0.7006534934 0.1427413970 0.9894444346 -0.0249925386 -0.6911455393 0.1177189574 0.7130638361
568.7 -80.5 2555.7 0.7097393274 -0.0705681667 0.7009209991 0.1266438514 0.9915413260 -0.0284095760 -0.6929873228 0.1089307293 0.7126728892
458.2 94.7 2671.5 0.2846380174 -0.9585053325 -0.0157711338 0.6208820939 0.1717925966 0.7648481727 -0.7304016948 -0.2274968773 0.6440175176
402.9 -25.8 2813.3 0.0124515658 -0.9585053325 -0.2848025262 0.8224934936 0.1717925966 -0.5422100425 0.5686381459 -0.2274968773 0.7905035019
651.9 129.2 2482.3 0.8977013230 0.1362574995 0.4190062284 -0.4153974652 -0.0553122498 0.9079567790 0.1468920857 -0.9891281128 0.0069471383
895.3 16.6 2522.2 -0.3902154267 0.1362574995 0.9105854034 -0.9207208157 -0.0553122498 -0.3862819970 -0.0022672901 -0.9891281128 0.1470388025
515.2 -283.1 2595.6 -0.6771661639 0.0350786634 -0.7349935174 -0.0093062846 0.9983748794 0.0562230200 0.7357712984 0.0449123830 -0.6757392287
501.6 -670.6 2578.2 -0.6778255105 -0.0082347421 -0.7351766825 0.0242778305 0.9991412759 -0.0335753374 0.7348218560 -0.0406067185 -0.6770435572
644.9 -261.4 2474.5 -0.1361688972 0.0136663793 0.9905913472 -0.0657306388 0.9975769520 -0.0227982327 -0.9885026813 -0.0682166144 -0.1349406391
639.6 -648.7 2500.9 -0.1161418706 -0.2015612721 0.9725657105 -0.1658548415 0.9693796039 0.1810948998 -0.9792870879 -0.1402720362 -0.1460154653
399.8 -234.4 2669.1 0 0 0 0 0 0 0 0 0
796.5 -216.7 2521.6 0 0 0 0 0 0 0 0 0
504.6 -1043.4 2593.3 0 0 0 0 0 0 0 0 0
714.9 -1010.4 2553.3 0 0 0 0 0 0 0 0 0
538.1 307.6 2609.0 25 0.6808064580 -0.0887274891 0.7270694971 0.1617988199 0.9863324165 -0.0311371647 -0.7143694758 0.1388373673 0.6858574748
555.6 113.5 2581.7 0.6808064580 -0.0887274891 0.7270694971 0.1617988199 0.9863324165 -0.0311371647 -0.7143694758 0.1388373673 0.6858574748
570.5 -78.5 2557.5 0.6823503375 -0.0772022977 0.7269372940 0.1434172988 0.9892206192 -0.0295634065 -0.7168189883 0.1244279891 0.6860671639
462.5 94.0 2679.5 0.3104611933 -0.9501112700 -0.0300397985 0.6374335885 0.1846383214 0.7480555773 -0.7051895261 -0.2513906062 0.6629558802
403.4 -27.4 2813.8 0.0093261991 -0.9501112700 -0.3117716610 0.8224250078 0.1846383214 -0.5380759835 0.5687970519 -0.2513906062 0.7831172347
648.7 133.1 2483.9 0.8962998986 0.0817644298 0.4358452857 -0.4314487875 -0.0663052648 0.8996974826 0.1024620906 -0.9944436550 -0.0241522379
892.1 16.0 2511.7 -0.3728078306 0.0817644298 0.9242991209 -0.9273844957 -0.0663052648 -0.3681868613 0.0311813112 -0.9944436550 0.1005461887
518.9 -284.3 2596.6 -0.6487988234 0.0447271354 -0.7596443892 -0.0066850274 0.9978975654 0.0644648224 0.7609305978 0.0469029434 -0.6471357942
501.6 -671.6 2578.4 -0.6496832967 -0.0100812772 -0.7601381540 0.0322030932 0.9986495376 -0.0407682136 0.7595226169 -0.0509652235 -0.6484812498
645.9 -261.6 2472.5 -0.1718346477 0.0091634747 0.9850831628 -0.0754462108 0.9968974590 -0.0224339608 -0.9822325110 -0.0781757236 -0.1706101745
642.4 -648.6 2502.9 -0.1498839855 -0.1971500367 0.9688481092 -0.1894663423 0.9674841762 0.1675614268 -0.9703799486 -0.1584493369 -0.1823636889
401.0 -236.1 2669.5 0 0 0 0 0 0 0 0 0
797.6 -219.1 2519.6 0 0 0 0 0 0 0 0 0
505.3 -1044.3 2597.4 0 0 0 0 0 0 0 0 0
715.9 -1009.7 2562.0 0 0 0 0 0 0 0 0 0
535.0 304.3 2604.5 26 0.6727542877 -0.1015924737 0.7328578234 0.1621624976 0.9866901040 -0.0120831402 -0.7218760252 0.1269710362 0.6802744865
555.0 110.6 2579.6 0.6727542877 -0.1015924737 0.7328578234 0.1621624976 0.9866901040 -0.0120831402 -0.7218760252 0.1269710362 0.6802744865
571.9 -81.5 2557.3 0.6745482683 -0.0876219943 0.7330122590 0.1434250921 0.9895663857 -0.0136960428 -0.7241642475 0.1143709943 0.6800774932
462.9 91.0 2678.4 0.2955057621 -0.9546641707 -0.0359529890 0.6977192760 0.1899582595 0.6907269359 -0.6525827050 -0.2291988730 0.7222213745
407.2 -40.3 2801.3 0.0265193805 -0.9546641707 -0.2965012491 0.8211466074 0.1899582595 -0.5381766558 0.5701009035 -0.2291988730 0.7889568210
647.0 130.2 2480.7 0.8997749090 0.1015262008 0.4243789613 -0.4216426015 -0.0481171906 0.9054845572 0.1123503298 -0.9936685562 -0.0004868674
889.5 16.6 2511.0 -0.3654823303 0.1015262008 0.9252648950 -0.9307861924 -0.0481171906 -0.3623835444 0.0077297199 -0.9936685562 0.1120851710
524.4 -283.3 2597.4 -0.6420410275 0.0595764294 -0.7643519640 -0.0021399551 0.9968330264 0.0794943869 0.7666673064 0.0526743382 -0.6398802400
501.3 -670.2 2577.0 -0.6429992318 -0.0114558898 -0.7657811642 0.0374231301 0.9982237220 -0.0463560447 0.7649520040 -0.0584648289 -0.6414283514
646.5 -257.6 2469.2 -0.1792640984 0.0081909867 0.9837669134 -0.0917206705 0.9954708815 -0.0250019729 -0.9795160294 -0.0947137177 -0.1777009070
643.3 -644.0 2505.9 -0.1705438495 -0.1718589664 0.9702470303 -0.1428866684 0.9785778522 0.1482188851 -0.9749349952 -0.1133575439 -0.1914467812
400.5 -248.7 2656.6 0 0 0 0 0 0 0 0 0
796.9 -219.4 2512.9 0 0 0 0 0 0 0 0 0
505.5 -1042.8 2598.8 0 0 0 0 0 0 0 0 0
707.4 -1008.8 2548.2 0 0 0 0 0 0 0 0 0
534.9 292.6 2593.2 27 0.6979995966 -0.1080342010 0.7079019547 0.1529916078 0.9882274866 -0.0000363146 -0.6995642781 0.1083284095 0.7063106894
556.1 99.4 2572.0 0.6979995966 -0.1080342010 0.7079019547 0.1529916078 0.9882274866 -0.0000363146 -0.6995642781 0.1083284095 0.7063106894
574.3 -92.9 2552.9 0.6996889710 -0.0942194983 0.7082076073 0.1364621371 0.9906406403 -0.0030264938 -0.7012940645 0.0987611189 0.7059977651
460.6 80.7 2667.8 0.2682838738 -0.9627585411 -0.0334627777 0.6868882179 0.1668236554 0.7073573470 -0.6754319668 -0.2127577662 0.7060636282
407.2 -56.0 2802.2 -0.0016305617 -0.9627585411 -0.2703578174 0.7833374739 0.1668236554 -0.5987923145 0.6215944886 -0.2127577662 0.7538928390
651.6 118.0 2476.3 0.9141842127 0.0617348962 0.4005696774 -0.3963404298 -0.0704799145 0.9153943658 0.0847438946 -0.9956009984 -0.0399635918
888.0 15.5 2498.2 -0.3523856401 0.0617348962 0.9338164330 -0.9348045588 -0.0704799145 -0.3480990827 0.0443254486 -0.9956009984 0.0825461745
528.5 -286.3 2599.9 -0.6699104309 0.0668198690 -0.7394289374 -0.0079656914 0.9952375293 0.0971532762 0.7423992157 0.0709740520 -0.6661877632
502.6 -672.6 2572.4 -0.6712719798 -0.0017255850 -0.7412091494 0.0531149022 0.9973144531 -0.0504250340 0.7393056154 -0.0732181594 -0.6693775654
649.3 -260.7 2470.3 -0.1436699182 0.0150147080 0.9895117283 -0.0923453569 0.9953187704 -0.0285106972 -0.9853076935 -0.0954729393 -0.1416108310
643.5 -647.1 2507.3 -0.1295523494 -0.1917067915 0.9728641510 -0.1662368029 0.9714453816 0.1692901403 -0.9775385261 -0.1397938877 -0.1577217579
407.6 -254.4 2644.8 0 0 0 0 0 0 0 0 0
798.6 -221.4 2509.5 0 0 0 0 0 0 0 0 0
503.2 -1044.8 2599.7 0 0 0 0 0 0 0 0 0
715.0 -1009.2 2559.4 0 0 0 0 0 0 0 0 0
539.3 289.5 2597.1 28 0.6959854364 -0.1008681878 0.7109358907 0.1653632224 0.9859874845 -0.0219930168 -0.6987555027 0.1328694671 0.7029128075
558.9 97.1 2571.2 0.6959854364 -0.1008681878 0.7109358907 0.1653632224 0.9859874845 -0.0219930168 -0.6987555027 0.1328694671 0.7029128075
576.6 -94.8 2547.9 0.6975558400 -0.0910491645 0.7107220888 0.1492057443 0.9886080623 -0.0197931137 -0.7008234262 0.1198506206 0.7031943798
463.7 76.7 2666.8 0.2835462391 -0.9587909579 -0.0179272089 0.6345853209 0.1735865176 0.7531063557 -0.7189596891 -0.2249168158 0.6576544642
405.9 -52.6 2813.3 -0.0122105768 -0.9587909579 -0.2838498652 0.7657393217 0.1735865176 -0.6192826629 0.6430351138 -0.2249168158 0.7320643663
654.2 117.5 2475.5 0.9117923975 0.0496092476 0.4076438844 -0.4034518898 -0.0768470541 0.9117681384 0.0765583590 -0.9958079457 -0.0500536151
887.5 14.2 2495.1 -0.3513213396 0.0496092476 0.9349396825 -0.9346600175 -0.0768470541 -0.3471386135 0.0546260737 -0.9958079457 0.0733657926
529.9 -297.4 2596.5 -0.6654996872 0.0660425350 -0.7434706092 0.0041558878 0.9963902235 0.0847893581 0.7463865280 0.0533375107 -0.6633718610
504.3 -684.1 2575.8 -0.6659899354 0.0074394103 -0.7459236383 0.0552211776 0.9976983070 -0.0393531732 0.7439140081 -0.0673995987 -0.6648678780
655.2 -272.9 2471.0 -0.1477557868 0.0223725308 0.9887707829 -0.0859184861 0.9956741929 -0.0353678577 -0.9852848649 -0.0901794955 -0.1451944113
646.5 -659.5 2506.0 -0.1269100308 -0.1970516294 0.9721443057 -0.1930531561 0.9662342668 0.1706512570 -0.9729462266 -0.1660181582 -0.1606662571
409.0 -246.6 2650.3 0 0 0 0 0 0 0 0 0
798.4 -222.9 2508.9 0 0 0 0 0 0 0 0 0
501.5 -1056.5 2600.9 0 0 0 0 0 0 0 0 0
719.9 -1019.8 2567.9 0 0 0 0 0 0 0 0 0
542.1 287.1 2598.0 29 0.6825910211 -0.0951600671 0.7245785594 0.1657351404 0.9858098030 -0.0266632084 -0.7117593884 0.1382881999 0.6886762381
560.6 95.2 2571.1 0.6825910211 -0.0951600671 0.7245785594 0.1657351404 0.9858098030 -0.0266632084 -0.7117593884 0.1382881999 0.6886762381
577.5 -96.7 2547.3 0.6841421723 -0.0871766806 0.7241199613 0.1489384025 0.9886084199 -0.0216972940 -0.7139796019 0.1226933002 0.6893326640
467.2 74.8 2668.6 0.3244790733 -0.9457212687 -0.0180174708 0.5833488703 0.1850812882 0.7908533812 -0.7445921302 -0.2671258152 0.6117404103
403.6 -39.4 2814.4 -0.0192657709 -0.9457212687 -0.3244073391 0.7886030674 0.1850812882 -0.5863873363 0.6146007180 -0.2671258152 0.7422329783
654.0 115.5 2473.6 0.9115090370 0.0338201858 0.4098871350 -0.4059691429 -0.0856561661 0.9098637700 0.0658811182 -0.9957506061 -0.0643464178
884.8 12.7 2490.3 -0.3397020996 0.0338201858 0.9399248362 -0.9379876256 -0.0856561661 -0.3359199166 0.0691494793 -0.9957506061 0.0608204938
531.7 -300.0 2587.4 -0.6493633986 0.0780616179 -0.7564612031 0.0261987261 0.9964236021 0.0803345144 0.7600268722 0.0323479697 -0.6490861177
501.5 -686.7 2574.8 -0.6495469809 -0.0221234150 -0.7599995136 0.0336599760 0.9977598190 -0.0578126535 0.7595760226 -0.0631335974 -0.6473472118
656.7 -273.3 2461.9 -0.1672459245 0.0236484911 0.9856315255 -0.1011129543 0.9940294623 -0.0410072356 -0.9807165861 -0.1065184101 -0.1638562083
647.5 -659.1 2503.3 -0.1505148709 -0.1879184246 0.9705833197 -0.1915054619 0.9687137604 0.1578584313 -0.9698818922 -0.1621119529 -0.1817932278
408.5 -239.3 2658.6 0 0 0 0 0 0 0 0 0
798.6 -225.2 2507.8 0 0 0 0 0 0 0 0 0
509.7 -1059.0 2598.4 0 0 0 0 0 0 0 0 0
717.6 -1020.5 2563.7 0 0 0 0 0 0 0 0 0
542.4 287.3 2600.0 30 0.6795499325 -0.0916013792 0.7278880477 0.1653079987 0.9857771993 -0.0302745663 -0.7147622705 0.1408988088 0.6850273013
560.3 95.4 2572.6 0.6795499325 -0.0916013792 0.7278880477 0.1653079987 0.9857771993 -0.0302745663 -0.7147622705 0.1408988088 0.6850273013
576.5 -96.5 2548.4 0.6810830235 -0.0839011967 0.7273833156 0.1480607390 0.9886723757 -0.0245961882 -0.7170801759 0.1244489551 0.6857904196
467.2 75.2 2670.5 0.3385519087 -0.9409477115 -0.0002599521 0.5510979295 0.1980604678 0.8105943203 -0.7626753449 -0.2745715082 0.5856080651
404.7 -26.7 2811.5 0.0015796815 -0.9409477115 -0.3385483325 0.8135769367 0.1980604678 -0.5466851592 0.5814551711 -0.2745715082 0.7658461928
653.3 115.6 2474.6 0.9096288681 0.0588716567 0.4112292230 -0.4084901512 -0.0533231571 0.9112038612 0.0755721182 -0.9968404174 -0.0244557913
884.6 11.7 2493.8 -0.3510190845 0.0588716567 0.9345157743 -0.9359087348 -0.0533231571 -0.3481830955 0.0293332171 -0.9968404174 0.0738159418
533.1 -301.9 2587.4 -0.6455555558 0.0774256885 -0.7597784400 0.0275681447 0.9965618253 0.0781316161 0.7632155418 0.0294926185 -0.6454705000
503.1 -688.7 2576.0 -0.6456289887 -0.0125705963 -0.7635477781 0.0327191502 0.9984909892 -0.0441047177 0.7629499435 -0.0534579195 -0.6442434192
655.7 -275.2 2459.6 -0.1723705381 0.0196364336 0.9848364592 -0.1041601002 0.9938325286 -0.0380463786 -0.9795095921 -0.1091387346 -0.1692621261
648.0 -661.0 2501.9 -0.1540990174 -0.1780735701 0.9718762040 -0.2094755322 0.9671533704 0.1439941525 -0.9655948877 -0.1813949198 -0.1863394380
404.3 -232.8 2664.1 0 0 0 0 0 0 0 0 0
795.6 -225.6 2501.3 0 0 0 0 0 0 0 0 0
507.7 -1061.4 2595.9 0 0 0 0 0 0 0 0 0
714.5 -1021.9 2569.6 0 0 0 0 0 0 0 0 0
546.7 288.4 2601.0 31 0.6765156984 -0.0784565583 0.7322370410 0.1601455808 0.9861869812 -0.0422925502 -0.7188044786 0.1458761096 0.6797354221
562.0 96.3 2572.6 0.6765156984 -0.0784565583 0.7322370410 0.1601455808 0.9861869812 -0.0422925502 -0.7188044786 0.1458761096 0.6797354221
576.0 -95.7 2548.0 0.6779121161 -0.0722538009 0.7315835953 0.1418413371 0.9893146753 -0.0337271355 -0.7213294506 0.1266328245 0.6809169650
469.3 76.9 2671.1 0.3645746112 -0.9310066104 -0.0176645424 0.5413649678 0.1964830458 0.8175074458 -0.7576340437 -0.3076054156 0.5756470561
403.1 -21.5 2808.9 -0.0028671657 -0.9310066104 -0.3649910390 0.8387864828 0.1964830458 -0.5077712536 0.5444529653 -0.3076054156 0.7803524137
654.6 115.7 2474.0 0.9110109806 0.0700141788 0.4063951075 -0.4029356241 -0.0585949458 0.9133507013 0.0877601951 -0.9958236217 -0.0251694322
