116.1 452.7 2594.6 13 0.4611570537 -0.2580913901 0.8489540815 0.1159396172 0.9660876393 0.2307221591 -0.8797114491 -0.0079717375 0.4754411280
167.9 258.7 2596.2 0.4611570537 -0.2580913901 0.8489540815 0.1159396172 0.9660876393 0.2307221591 -0.8797114491 -0.0079717375 0.4754411280
212.2 68.0 2597.8 0.4649933875 -0.2262507677 0.8559157252 0.1005724221 0.9740342498 0.2028359622 -0.8795830607 -0.0082358653 0.4756740928
101.7 244.4 2721.5 -0.4693345726 -0.8828539848 -0.0171436053 0.4933552146 -0.2782758474 0.8241135478 -0.7323426008 0.3783271015 0.5661650896
222.5 117.4 2910.1 -0.1731795669 -0.8828539848 0.4365520477 0.9416819215 -0.2782758474 -0.1892028302 0.2885203660 0.3783271015 0.8795593381
234.1 273.1 2471.0 0.5833031535 -0.5372868776 0.6091635823 -0.7132927775 0.0199217405 0.7005829811 -0.3885496557 -0.8431642652 -0.3716224432
379.5 95.2 2374.1 -0.2942471504 -0.5372868776 0.7904058695 -0.9413328171 0.0199217405 -0.3368912339 0.1652609706 -0.8431642652 -0.5116276741
222.8 -135.2 2683.0 0.4227564335 -0.0600683466 0.9042503834 0.1185601875 0.9928910732 0.0105272187 -0.8984544873 0.1027576476 0.4268728197
246.4 -524.1 2642.8 0.4152891636 -0.1132599264 0.9026112556 0.1943697035 0.9803531766 0.0335859917 -0.8886817694 0.1614923924 0.4291443825
309.6 -114.5 2526.0 0.1322832555 0.5440256000 0.8285754323 0.0325440802 0.8330871463 -0.5521835685 -0.9906775355 0.1000098661 0.0924986601
96.8 -440.4 2486.9 0.1539587229 0.1663215160 0.9739783406 0.1532516629 0.9697827101 -0.1898298413 -0.9761201739 0.1784897596 0.1238174662
267.8 -129.0 2834.6 0 0 0 0 0 0 0 0 0
304.2 -145.6 2416.4 0 0 0 0 0 0 0 0 0
281.0 -823.8 2593.4 0 0 0 0 0 0 0 0 0
30.4 -827.4 2415.7 0 0 0 0 0 0 0 0 0
107.1 450.8 2588.4 14 0.4593993127 -0.2509503067 0.8520423770 0.1167359501 0.9679964781 0.2221610248 -0.8805254102 -0.0025966470 0.4739918411
157.5 256.0 2589.0 0.4593993127 -0.2509503067 0.8520423770 0.1167359501 0.9679964781 0.2221610248 -0.8805254102 -0.0025966470 0.4739918411
201.6 65.2 2590.6 0.4636204839 -0.2247200906 0.8570629954 0.0994989574 0.9743887186 0.2016595751 -0.8804294467 -0.0082166372 0.4741059840
91.5 241.9 2714.4 -0.4698406458 -0.8826239705 -0.0149905868 0.4936511815 -0.2767840028 0.8244386911 -0.7318184972 0.3799546659 0.5657527447
212.5 114.7 2902.9 -0.1711741835 -0.8826239705 0.4378062785 0.9420242310 -0.2767840028 -0.1896865815 0.2885996997 0.3799546659 0.8788314462
223.6 270.2 2463.5 0.5881962180 -0.5845301747 0.5588825941 -0.6829066873 0.0111814784 0.7304200530 -0.4332016706 -0.8112949133 -0.3926026523
366.9 103.9 2358.0 -0.3074073493 -0.5845301747 0.7508829832 -0.9284125566 0.0111814784 -0.3713826835 0.2086883932 -0.8112949133 -0.5461224318
214.5 -131.9 2678.9 0.4217202961 -0.0778619498 0.9033767581 0.1125734672 0.9930938482 0.0330423675 -0.8997106552 0.0877616107 0.4275730252
245.0 -520.7 2644.6 0.4128147066 -0.1172997281 0.9032301903 0.2017831206 0.9788085222 0.0348913670 -0.8881821632 0.1678529382 0.4277356863
298.5 -113.7 2520.0 0.1172944531 0.5311652422 0.8391099572 0.0112232007 0.8441794515 -0.5359431505 -0.9930337667 0.0722806603 0.0930561945
90.7 -443.9 2491.8 0.1448203921 0.1554019600 0.9771782160 0.1728264987 0.9684348106 -0.1796248108 -0.9742474556 0.1948956251 0.1133915335
257.3 -131.7 2827.4 0 0 0 0 0 0 0 0 0
288.7 -132.3 2411.1 0 0 0 0 0 0 0 0 0
281.2 -823.0 2592.7 0 0 0 0 0 0 0 0 0
29.3 -826.3 2414.8 0 0 0 0 0 0 0 0 0
97.1 452.8 2576.9 15 0.4704416692 -0.2370989919 0.8499816060 0.1016648486 0.9713760018 0.2146927416 -0.8765551448 -0.0145871583 0.4810803831
144.6 258.3 2579.8 0.4704416692 -0.2370989919 0.8499816060 0.1016648486 0.9713760018 0.2146927416 -0.8765551448 -0.0145871583 0.4810803831
187.6 67.3 2583.1 0.4728336930 -0.2198477536 0.8532850146 0.0914739594 0.9753894210 0.2006190270 -0.8763908148 -0.0168060828 0.4813073277
77.2 245.3 2704.7 -0.4601266086 -0.8876978159 -0.0166162793 0.4910090268 -0.2700117230 0.8282534480 -0.7397254109 0.3729427159 0.5601072311
195.7 118.8 2895.2 -0.1693723947 -0.8876978159 0.4281420112 0.9446986318 -0.2700117230 -0.1861133128 0.2808157504 0.3729427159 0.8843394518
211.9 271.3 2454.9 0.5608020425 -0.6366372705 0.5293335915 -0.6871183515 -0.0011827105 0.7265445590 -0.4619192779 -0.7711625099 -0.4381084144
349.8 102.4 2341.3 -0.2986423075 -0.6366372705 0.7109892964 -0.9215905070 -0.0011827105 -0.3881617486 0.2479591370 -0.7711625099 -0.5863656402
203.7 -134.6 2671.8 0.4321183860 -0.1009608358 0.8961476684 0.0940917879 0.9933373928 0.0665396824 -0.8968948722 0.0555671155 0.4387389421
243.2 -523.4 2650.0 0.4197567403 -0.1214168444 0.8994788527 0.2247503102 0.9740532637 0.0265998635 -0.8793699741 0.1909926832 0.4361538887
287.5 -116.6 2512.7 0.1206559539 0.5240714550 0.8430843949 -0.0063456702 0.8496788144 -0.5272624493 -0.9926741123 0.0582674183 0.1058443859
82.3 -449.2 2489.8 0.1481670588 0.1386020333 0.9792017341 0.1721805930 0.9713934064 -0.1635501534 -0.9738584757 0.1928322762 0.1200639307
240.0 -128.4 2821.8 0 0 0 0 0 0 0 0 0
273.6 -132.7 2404.6 0 0 0 0 0 0 0 0 0
280.7 -824.1 2591.1 0 0 0 0 0 0 0 0 0
28.5 -826.3 2415.0 0 0 0 0 0 0 0 0 0
85.7 454.3 2570.1 16 0.4660956264 -0.2411837131 0.8512257338 0.1018602401 0.9703565836 0.2191634625 -0.8788511753 -0.0154450694 0.4768459797
134.3 258.6 2573.2 0.4660956264 -0.2411837131 0.8512257338 0.1018602401 0.9703565836 0.2191634625 -0.8788511753 -0.0154450694 0.4768459797
177.0 67.5 2577.0 0.4694787264 -0.2180315107 0.8556003571 0.0875229090 0.9757508039 0.2006243616 -0.8785951734 -0.0193042364 0.4771769941
67.4 246.2 2698.4 -0.4621568918 -0.8867056370 -0.0128109856 0.4893063009 -0.2670246959 0.8302271962 -0.7395879626 0.3774267137 0.5572779179
186.5 120.1 2888.9 -0.1664408892 -0.8867056370 0.4313357472 0.9459803104 -0.2670246959 -0.1838996410 0.2782421410 0.3774267137 0.8832498789
201.2 271.1 2448.0 0.5321432948 -0.6799528003 0.5044676661 -0.6887697577 -0.0011701446 0.7249792218 -0.4923613369 -0.7332549095 -0.4689536393
333.8 99.5 2325.3 -0.3098268211 -0.6799528003 0.6645836830 -0.9058865905 -0.0011701446 -0.4235186875 0.2887503803 -0.7332549095 -0.6155976057
187.9 -132.0 2665.6 0.4286473393 -0.1201718897 0.8954440951 0.0905028507 0.9918406606 0.0897851214 -0.8989275098 0.0425540879 0.4360257685
235.0 -520.3 2648.9 0.4128639698 -0.1390459985 0.9001164436 0.2336299568 0.9713790417 0.0428933129 -0.8803183436 0.1925850660 0.4335327148
273.4 -115.5 2507.2 0.1124619097 0.5041562915 0.8562585711 -0.0169685297 0.8625741005 -0.5056461692 -0.9935111403 0.0423364826 0.1055615172
76.1 -453.1 2490.6 0.1402698755 0.1247595102 0.9822216630 0.1812445819 0.9720315933 -0.1493485123 -0.9733831286 0.1989714652 0.1137347594
230.0 -127.4 2816.2 0 0 0 0 0 0 0 0 0
254.7 -131.8 2399.0 0 0 0 0 0 0 0 0 0
278.4 -823.4 2588.8 0 0 0 0 0 0 0 0 0
28.2 -825.7 2414.3 0 0 0 0 0 0 0 0 0
77.5 454.6 2567.7 17 0.4390603304 -0.2361279577 0.8668734431 0.1006705537 0.9716998339 0.2136933059 -0.8927997947 -0.0065556229 0.4504060149
125.2 258.2 2569.0 0.4390603304 -0.2361279577 0.8668734431 0.1006705537 0.9716998339 0.2136933059 -0.8927997947 -0.0065556229 0.4504060149
167.1 66.9 2572.0 0.4430959523 -0.2139292806 0.8705746531 0.0831992179 0.9767315984 0.1976697296 -0.8926051259 -0.0151555268 0.4505845606
62.1 246.4 2696.1 -0.4819453955 -0.8761637211 0.0081080478 0.4899323285 -0.2617987990 0.8315213323 -0.7264261246 0.4047202468 0.5554336905
186.2 120.2 2883.3 -0.1534827948 -0.8761637211 0.4569246471 0.9474695921 -0.2617987990 -0.1837465763 0.2806144059 0.4047202468 0.8703200817
188.3 270.1 2441.8 0.5245651007 -0.6881843209 0.5012322664 -0.6787890792 0.0172925238 0.7341296673 -0.5138841271 -0.7253297567 -0.4580609500
318.0 102.3 2314.8 -0.3413569629 -0.6881843209 0.6402169466 -0.8898720741 0.0172925238 -0.4558823407 0.3026601076 -0.7253297567 -0.6182989478
177.3 -131.5 2660.2 0.4028666914 -0.1288967729 0.9061368704 0.0766626522 0.9913068414 0.1069280207 -0.9120423794 0.0263891183 0.4092460573
227.7 -519.6 2649.8 0.3820725083 -0.1540428549 0.9112032652 0.2466215640 0.9672460556 0.0601073615 -0.8906168342 0.2017570138 0.4075484276
262.1 -115.7 2501.3 0.0792419240 0.5042561293 0.8599107265 -0.0250257831 0.8633577228 -0.5039713383 -0.9965412617 0.0184157193 0.0810335353
64.7 -453.6 2494.1 0.1032006070 0.0935154557 0.9902547598 0.2014162391 0.9729803205 -0.1128749698 -0.9740539789 0.2111021578 0.0815766305
226.4 -127.7 2809.9 0 0 0 0 0 0 0 0 0
230.7 -125.1 2392.2 0 0 0 0 0 0 0 0 0
275.7 -821.0 2587.0 0 0 0 0 0 0 0 0 0
29.0 -825.9 2413.4 0 0 0 0 0 0 0 0 0
66.5 455.6 2565.5 18 0.3794750869 -0.2510554194 0.8904885650 0.1038856879 0.9679556489 0.2286255956 -0.9193511009 0.0057512978 0.3933961093
117.1 260.4 2564.3 0.3794750869 -0.2510554194 0.8904885650 0.1038856879 0.9679556489 0.2286255956 -0.9193511009 0.0057512978 0.3933961093
159.0 69.1 2565.4 0.3853325546 -0.2144879401 0.8975042105 0.0794179291 0.9767109752 0.1993198693 -0.9193539023 -0.0055265068 0.3933927119
62.3 249.1 2695.0 -0.5270786285 -0.8486708403 0.0441125706 0.4877291024 -0.2595864236 0.8335077763 -0.6959227324 0.4608391225 0.5507439375
197.9 123.7 2874.1 -0.1351986527 -0.8486708403 0.5113503337 0.9488026500 -0.2595864236 -0.1799677759 0.2854729891 0.4608391225 0.8403168917
171.9 271.8 2433.6 0.5370861888 -0.6718147397 0.5101013184 -0.6685556173 0.0297223963 0.7430679202 -0.5143654346 -0.7401226163 -0.4331820607
307.3 103.2 2303.9 -0.3994024992 -0.6718147397 0.6238129139 -0.8560293913 0.0297223963 -0.5160719156 0.3281635344 -0.7401226163 -0.5869643688
168.9 -131.9 2655.6 0.3454616368 -0.1297051758 0.9294260740 0.0611103512 0.9914094806 0.1156408936 -0.9364410043 0.0168480612 0.3504202664
219.7 -520.1 2649.0 0.3178672791 -0.1726738811 0.9322789907 0.2539729178 0.9628505111 0.0917423293 -0.9134867787 0.2076117396 0.3499131501
249.0 -116.8 2494.3 0.0294931736 0.4852063358 0.8739021420 -0.0047527868 0.8743406534 -0.4852893949 -0.9995536804 0.0101592531 0.0280931629
59.0 -459.1 2490.3 0.0476388074 0.0813211054 0.9955487847 0.2045742124 0.9747588634 -0.0894121304 -0.9776911139 0.2079230994 0.0298001505
233.3 -124.5 2799.4 0 0 0 0 0 0 0 0 0
205.4 -115.3 2387.6 0 0 0 0 0 0 0 0 0
273.6 -820.5 2584.2 0 0 0 0 0 0 0 0 0
28.7 -822.7 2412.8 0 0 0 0 0 0 0 0 0
50.9 459.6 2555.9 19 0.3234847486 -0.2681354582 0.9074475169 0.0853851587 0.9633694887 0.2542215586 -0.9423730373 -0.0047542546 0.3345301449
104.5 267.1 2556.8 0.3234847486 -0.2681354582 0.9074475169 0.0853851587 0.9633694887 0.2542215586 -0.9423730373 -0.0047542546 0.3345301449
149.3 76.5 2558.8 0.3281817436 -0.2291826159 0.9163907766 0.0670937970 0.9733266234 0.2193939388 -0.9422288537 -0.0105169453 0.3348047435
57.8 257.6 2690.7 -0.5754486322 -0.8152995706 0.0643849745 0.4670259058 -0.2629624605 0.8442378640 -0.6713759303 0.5158849955 0.5320874453
205.7 137.6 2863.3 -0.1325084269 -0.8152995706 0.5636737347 0.9520205855 -0.2629624605 -0.1565487981 0.2758592069 0.5158849955 0.8110267520
151.1 276.5 2422.9 0.5372593403 -0.6698555350 0.5124899745 -0.6804647446 0.0147504807 0.7326323390 -0.4983173013 -0.7423449159 -0.4478882551
291.2 99.1 2293.0 -0.4193242490 -0.6698555350 0.6127485037 -0.8326125741 0.0147504807 -0.5536593795 0.3618334532 -0.7423449159 -0.5639153719
166.2 -129.3 2649.4 0.2893112600 -0.1149212942 0.9503116012 0.0350631364 0.9933732152 0.1094541773 -0.9565926790 0.0016545776 0.2914235592
211.2 -518.3 2648.8 0.2515173852 -0.1994201541 0.9470853209 0.2526401579 0.9581445456 0.1346551627 -0.9342975616 0.2054036707 0.2913715243
235.7 -115.0 2483.6 -0.0202161837 0.4643380940 0.8854272366 -0.0041327085 0.8855618834 -0.4645030499 -0.9997870922 -0.0130496919 -0.0159837082
54.0 -461.6 2488.7 -0.0061442186 0.0667016879 0.9977540374 0.2086083293 0.9759057760 -0.0639564693 -0.9779799581 0.2077468336 -0.0199107062
240.4 -111.5 2791.1 0 0 0 0 0 0 0 0 0
184.1 -113.6 2385.4 0 0 0 0 0 0 0 0 0
274.0 -820.0 2584.1 0 0 0 0 0 0 0 0 0
29.5 -819.1 2412.6 0 0 0 0 0 0 0 0 0
38.6 460.5 2550.6 20 0.3130007088 -0.2629806697 0.9126180410 0.0841408670 0.9648003578 0.2491597384 -0.9460183978 -0.0011987032 0.3241106272
91.0 268.2 2550.8 0.3130007088 -0.2629806697 0.9126180410 0.0841408670 0.9648003578 0.2491597384 -0.9460183978 -0.0011987032 0.3241106272
136.8 77.7 2552.0 0.3166011572 -0.2334336936 0.9193869829 0.0700908601 0.9723536968 0.2227454484 -0.9459656477 -0.0060808510 0.3242098987
46.0 258.2 2685.4 -0.5854579806 -0.8079487681 0.0667665973 0.4651431143 -0.2673148513 0.8439103365 -0.6639885902 0.5251300335 0.5323134065
196.7 138.5 2856.3 -0.1330963671 -0.8079487681 0.5740244985 0.9509370923 -0.2673148513 -0.1557606608 0.2792918980 0.5251300335 0.8038870692
136.1 278.1 2416.2 0.5416607857 -0.6758998036 0.4997629821 -0.6673991084 0.0156641025 0.7445354462 -0.5110597014 -0.7368270159 -0.4426102936
277.8 103.5 2282.5 -0.4176103473 -0.6758998036 0.6072569489 -0.8319191337 0.0156641025 -0.5546756983 0.3653930724 -0.7368270159 -0.5688354969
164.6 -120.2 2645.7 0.2807615995 -0.0943531394 0.9551284909 0.0093886927 0.9953784943 0.0955694541 -0.9597316384 -0.0178648252 0.2803499103
201.6 -509.8 2652.7 0.2308596969 -0.2247200161 0.9466809034 0.2620869875 0.9513636827 0.1619184762 -0.9370241165 0.2107322812 0.2785277069
223.8 -108.1 2475.9 -0.0353387706 0.4423355758 0.8961530924 -0.0088226451 0.8965401649 -0.4428745210 -0.9993364215 -0.0235570837 -0.0277800597
50.6 -459.1 2485.1 -0.0244296379 0.0535830781 0.9982644916 0.2053046376 0.9775473475 -0.0474468209 -0.9783931971 0.2037892193 -0.0348819830
231.5 -110.2 2783.2 0 0 0 0 0 0 0 0 0
171.0 -109.3 2376.0 0 0 0 0 0 0 0 0 0
275.0 -820.8 2583.8 0 0 0 0 0 0 0 0 0
30.9 -818.6 2410.1 0 0 0 0 0 0 0 0 0
27.3 458.7 2539.9 21 0.3995994329 -0.2639193833 0.8778763413 0.1039474234 0.9645278454 0.2426540703 -0.9107772708 -0.0057114423 0.4128585160
80.2 265.6 2541.1 0.3995994329 -0.2639193833 0.8778763413 0.1039474234 0.9645278454 0.2426540703 -0.9107772708 -0.0057114423 0.4128585160
125.0 74.9 2542.0 0.4031998515 -0.2287570089 0.8860587478 0.0897848010 0.9734690785 0.2104676068 -0.9106967449 -0.0053058937 0.4130414724
23.0 252.9 2670.2 -0.5196512341 -0.8541248441 0.0208156444 0.4846853912 -0.2746448219 0.8304518461 -0.7035926580 0.4416343868 0.5567013621
156.4 128.5 2850.8 -0.1557483524 -0.8541248441 0.4961987138 0.9452927709 -0.2746448219 -0.1760447472 0.2866426110 0.4416343868 0.8501735926
137.3 278.2 2412.0 0.4753119648 -0.7323108912 0.4876466691 -0.6924389005 0.0305679124 0.7208287120 -0.5427770615 -0.6802840233 -0.4925512373
257.3 103.5 2275.0 -0.3712464571 -0.7323108912 0.5708737373 -0.8553999662 0.0305679124 -0.5170652866 0.3612021506 -0.6802840233 -0.6377669573
153.9 -119.0 2638.5 0.3710862398 -0.0890062153 0.9243229628 0.0017796869 0.9954621196 0.0951419622 -0.9285966754 -0.0336608700 0.3695607185
188.7 -508.8 2651.7 0.3118952811 -0.2560588419 0.9149618745 0.2774530351 0.9455708265 0.1700458676 -0.9087030292 0.2008224428 0.3659633696
211.0 -106.4 2467.7 0.0330602005 0.4164440930 0.9085600376 -0.0371187963 0.9089413881 -0.4152682424 -0.9987638593 -0.0199958030 0.0455076881
48.0 -462.2 2475.5 0.0441609733 0.0461505912 0.9979578853 0.1809137166 0.9820470810 -0.0534204729 -0.9825069904 0.1829033643 0.0350188799
197.1 -118.8 2775.8 0 0 0 0 0 0 0 0 0
162.4 -115.1 2367.4 0 0 0 0 0 0 0 0 0
273.5 -821.7 2585.2 0 0 0 0 0 0 0 0 0
31.3 -818.6 2409.2 0 0 0 0 0 0 0 0 0
13.4 458.7 2534.1 22 0.3526715636 -0.2829047740 0.8919572234 0.0965576321 0.9591171145 0.2660281062 -0.9307520390 -0.0076952786 0.3655699790
69.9 267.2 2535.6 0.3526715636 -0.2829047740 0.8919572234 0.0965576321 0.9591171145 0.2660281062 -0.9307520390 -0.0076952786 0.3655699790
117.3 77.1 2537.4 0.3571684361 -0.2416469604 0.9022402167 0.0800170302 0.9703195691 0.2282044291 -0.9306062460 -0.0093128355 0.3659033775
19.2 255.9 2667.8 -0.5599169731 -0.8277508020 0.0363539942 0.4659973085 -0.2783292234 0.8398686647 -0.6850835681 0.4871975780 0.5415709019
163.1 136.2 2843.7 -0.1540707797 -0.8277508020 0.5395283103 0.9476674199 -0.2783292234 -0.1563946903 0.2796223164 0.4871975780 0.8273148537
120.6 278.5 2403.5 0.4761254191 -0.7391390800 0.4764221013 -0.6984135509 0.0113608344 0.7156042457 -0.5343436003 -0.6734570265 -0.5108155608
241.9 100.6 2267.5 -0.3449541330 -0.7391390800 0.5785154104 -0.8651639819 0.0113608344 -0.5013602972 0.3640025854 -0.6734570265 -0.6433954835
133.5 -123.8 2624.9 0.3270571828 -0.1054618061 0.9391013980 -0.0244623479 0.9924754500 0.1199751645 -0.9446879029 -0.0622113645 0.3220163882
174.8 -512.3 2649.2 0.2523560524 -0.2914197743 0.9227084517 0.2638594806 0.9381586313 0.2241351753 -0.9309643507 0.1869035214 0.3136438727
206.1 -107.7 2461.1 -0.0126462970 0.4247892201 0.9052039385 -0.0475238040 0.9039979577 -0.4248872399 -0.9987900257 -0.0483919829 0.0087553728
39.8 -461.5 2480.1 -0.0069516925 0.0248156935 0.9996678829 0.1909950376 0.9813207388 -0.0230320673 -0.9815663695 0.1907714903 -0.0115615148
203.4 -111.7 2770.6 0 0 0 0 0 0 0 0 0
153.6 -120.6 2360.6 0 0 0 0 0 0 0 0 0
271.9 -824.7 2587.0 0 0 0 0 0 0 0 0 0
30.7 -819.6 2410.5 0 0 0 0 0 0 0 0 0
-0.4 456.6 2522.7 23 0.3544572890 -0.2928965092 0.8880155683 0.1011502147 0.9561135769 0.2749826908 -0.9295852184 -0.0076466473 0.3685279787
58.3 264.8 2524.2 0.3544572890 -0.2928965092 0.8880155683 0.1011502147 0.9561135769 0.2749826908 -0.9295852184 -0.0076466473 0.3685279787
108.0 75.4 2526.3 0.3593490124 -0.2535763383 0.8980909586 0.0839332566 0.9672563076 0.2395213842 -0.9294210672 -0.0106920749 0.3688660860
7.2 252.9 2656.4 -0.5632172823 -0.8259721398 0.0235875398 0.4579465389 -0.2882512212 0.8409495950 -0.6878017783 0.4844391644 0.5405991077
152.1 135.1 2833.4 -0.1665075421 -0.8259721398 0.5385585427 0.9457851648 -0.2882512212 -0.1496719420 0.2788650095 0.4844391644 0.8291881680
109.4 276.7 2392.0 0.4778495729 -0.7527395487 0.4528166652 -0.6963770986 -0.0103912028 0.7176008224 -0.5354612470 -0.6582363844 -0.5291560292
228.6 103.1 2258.5 -0.3109271526 -0.7527395487 0.5802649856 -0.8757135868 -0.0103912028 -0.4827190936 0.3693914115 -0.6582363844 -0.6559533477
132.5 -120.0 2622.9 0.3322514296 -0.0576027967 0.9414302111 -0.0399036258 0.9963812232 0.0750479177 -0.9423463941 -0.0625012591 0.3287505209
155.0 -509.7 2647.3 0.2411862761 -0.3353230953 0.9107071757 0.2561849654 0.9271222949 0.2735206485 -0.9360547066 0.1673400700 0.3095139265
196.8 -105.7 2455.3 -0.0139767183 0.4251770079 0.9050022960 -0.0597588904 0.9031176567 -0.4252144992 -0.9981150031 -0.0600250363 0.0127854850
30.3 -459.3 2478.8 -0.0144612901 -0.0001383209 0.9998953938 0.1892668754 0.9819214940 0.0028731639 -0.9818192124 0.1892886311 -0.0141736716
195.7 -112.3 2760.4 0 0 0 0 0 0 0 0 0
149.0 -120.9 2353.0 0 0 0 0 0 0 0 0 0
269.2 -825.5 2590.3 0 0 0 0 0 0 0 0 0
30.4 -819.4 2409.4 0 0 0 0 0 0 0 0 0
-12.3 454.1 2517.0 24 0.3473806977 -0.3052500784 0.8866504431 0.1133535802 0.9522700310 0.2834303677 -0.9308478236 0.0020467667 0.3654014170
48.9 263.0 2516.6 0.3473806977 -0.3052500784 0.8866504431 0.1133535802 0.9522700310 0.2834303677 -0.9308478236 0.0020467667 0.3654014170
102.5 74.7 2517.1 0.3522135913 -0.2737054229 0.8950033188 0.0973756239 0.9618090391 0.2558150589 -0.9308402538 -0.0029500257 0.3654144406
-1.2 249.1 2649.1 -0.5765265226 -0.8170306683 0.0088360030 0.4500610232 -0.3085165024 0.8380111456 -0.6819547415 0.4871123731 0.5455815792
147.2 133.3 2824.7 -0.1844062060 -0.8170306683 0.5463106036 0.9402532578 -0.3085165024 -0.1440186352 0.2862134874 0.4871123731 0.8251081109
99.1 276.8 2384.0 0.4677776098 -0.7562181950 0.4575130343 -0.7072061300 -0.0097602345 0.7069400549 -0.5301355124 -0.6542467475 -0.5393677354
214.7 102.1 2253.0 -0.2831469476 -0.7562181950 0.5898829103 -0.8965395689 -0.0097602345 -0.4428561628 0.3406532705 -0.6542467475 -0.6752158999
125.2 -121.6 2612.2 0.3294824660 -0.0311357882 0.9436481595 -0.0606011301 0.9966978431 0.0540455468 -0.9422148466 -0.0749932006 0.3265075982
137.4 -511.5 2641.5 0.2240979224 -0.3727439046 0.9004676938 0.2382751852 0.9168815613 0.3202391863 -0.9449894428 0.1427941620 0.2942868769
190.1 -106.5 2444.5 -0.0216812547 0.4269173145 0.9040307403 -0.0607106909 0.9020123482 -0.4274201691 -0.9979199171 -0.0641513318 0.0063616843
22.9 -459.7 2469.6 -0.0265189745 -0.0180288330 0.9994857311 0.1696073413 0.9852600098 0.0222723559 -0.9851548672 0.1701107621 -0.0230702627
195.5 -112.6 2749.8 0 0 0 0 0 0 0 0 0
142.3 -127.2 2340.1 0 0 0 0 0 0 0 0 0
265.3 -826.1 2592.5 0 0 0 0 0 0 0 0 0
29.4 -817.7 2407.8 0 0 0 0 0 0 0 0 0
-24.6 452.1 2505.6 25 0.3745818734 -0.3184458017 0.8707931638 0.1214996427 0.9479305148 0.2943901718 -0.9191986918 -0.0044721621 0.3937686384
39.1 262.4 2506.5 0.3745818734 -0.3184458017 0.8707931638 0.1214996427 0.9479305148 0.2943901718 -0.9191986918 -0.0044721621 0.3937686384
94.3 74.5 2507.0 0.3784692585 -0.2818910480 0.8816453218 0.1091487259 0.9594440460 0.2599109411 -0.9191558957 -0.0021378368 0.3938881457
-14.8 246.8 2637.4 -0.5601471066 -0.8282685280 -0.0143694859 0.4516949058 -0.3199240863 0.8328387141 -0.6944112182 0.4600215554 0.5533292294
129.5 130.5 2816.2 -0.2009403110 -0.8282685280 0.5230623484 0.9359638691 -0.3199240863 -0.1470382661 0.2891274393 0.4600215554 0.8395150304
93.0 277.9 2375.7 0.4371216297 -0.7816610336 0.4448939860 -0.7308318615 -0.0203823391 0.6822531819 -0.5242227316 -0.6233702898 -0.5801723599
199.9 99.1 2247.4 -0.2525438666 -0.7816610336 0.5702872872 -0.9035249352 -0.0203823391 -0.4280505180 0.3462142050 -0.6233702898 -0.7011028528
124.3 -122.4 2601.7 0.3576512635 0.0291235372 0.9334009886 -0.0933075547 0.9956262708 0.0046875933 -0.9291820526 -0.0887698904 0.3588044345
113.0 -511.5 2636.4 0.2266322225 -0.4176372290 0.8798959851 0.2341697365 0.9002674222 0.3669919968 -0.9454112053 0.1228728145 0.3018276095
187.9 -104.9 2433.6 -0.4404091239 0.4422371089 0.7813233137 0.1311192513 0.8926185966 -0.4313232899 -0.8881708980 -0.0875121802 -0.4511031806
14.8 -454.4 2467.9 -0.4404091239 -0.0361515433 0.8970690370 0.1311192513 0.9858855605 0.1041027978 -0.8881708980 0.1634708494 -0.4294528365
182.0 -114.3 2740.6 0 0 0 0 0 0 0 0 0
135.3 -132.0 2336.0 0 0 0 0 0 0 0 0 0
257.3 -822.6 2593.9 0 0 0 0 0 0 0 0 0
28.1 -817.4 2407.7 0 0 0 0 0 0 0 0 0
-35.3 448.0 2492.0 26 0.4214028716 -0.3252469897 0.8465423584 0.1360993534 0.9455830455 0.2955497503 -0.8966028094 -0.0093316445 0.4427373409
29.7 258.9 2493.8 0.4214028716 -0.3252469897 0.8465423584 0.1360993534 0.9455830455 0.2955497503 -0.8966028094 -0.0093316445 0.4427373409
87.5 71.8 2496.0 0.4260383546 -0.2954000831 0.8551199436 0.1219019815 0.9553161263 0.2692786455 -0.8964548111 -0.0104822144 0.4430111647
-30.9 241.5 2621.3 -0.5280498266 -0.8473654985 -0.0559922159 0.4497635365 -0.3349866867 0.8279472589 -0.7203305960 0.4120141268 0.5580037832
105.0 125.7 2806.7 -0.2298922688 -0.8473654985 0.4786661267 0.9308506250 -0.3349866867 -0.1459489018 0.2840188444 0.4120141268 0.8657815456
90.3 276.3 2366.3 0.4174515009 -0.7864312530 0.4552583694 -0.7428514957 -0.0067960750 0.6694217324 -0.5233601928 -0.6176404357 -0.5870386362
191.0 97.1 2240.1 -0.2749131024 -0.7864312530 0.5531263351 -0.8915878534 -0.0067960750 -0.4527968168 0.3598526418 -0.6176404357 -0.6993041635
115.3 -123.3 2590.4 -0.4512160718 0.0456457287 0.8912466168 -0.0887302905 0.9914476871 -0.0956995338 -0.8879926801 -0.1222617403 -0.4433069825
97.5 -510.9 2638.2 -0.4512160718 -0.4237210751 0.7854072452 -0.0887302905 0.8970323205 0.4329664111 -0.8879926801 0.1256719977 -0.4423522949
183.7 -103.5 2424.4 -0.4787931442 0.4380243123 0.7608494163 0.1262534857 0.8919876814 -0.4340714216 -0.8688021302 -0.1117705256 -0.4823797047
12.2 -452.8 2468.1 -0.4787931442 -0.0380849168 0.8771013021 0.1262534857 0.9856870174 0.1117192656 -0.8688021302 0.1642275155 -0.4671318233
165.1 -117.7 2732.5 0 0 0 0 0 0 0 0 0
120.6 -131.0 2332.1 0 0 0 0 0 0 0 0 0
241.1 -815.0 2595.6 0 0 0 0 0 0 0 0 0
26.3 -818.8 2407.2 0 0 0 0 0 0 0 0 0
-47.1 443.9 2484.6 27 0.4058308005 -0.3280881047 0.8530296087 0.1261886805 0.9445212483 0.3032425940 -0.9051948786 -0.0154225063 0.4247168005
18.8 254.0 2487.7 0.4058308005 -0.3280881047 0.8530296087 0.1261886805 0.9445212483 0.3032425940 -0.9051948786 -0.0154225063 0.4247168005
77.4 67.2 2490.8 0.4099491835 -0.2991670668 0.8616499901 0.1137230769 0.9540727735 0.2771501839 -0.9049910307 -0.0156279989 0.4251435399
-39.5 237.8 2616.5 -0.5423653722 -0.8386652470 -0.0498039722 0.4396381974 -0.3338312507 0.8338314891 -0.7159315944 0.4303455949 0.5497677922
100.1 124.6 2800.9 -0.2285285145 -0.8386652470 0.4943838120 0.9329053164 -0.3338312507 -0.1350715458 0.2783205509 0.4303455949 0.8586852551
77.2 270.2 2358.9 0.4209393859 -0.7865226269 0.4518762827 -0.7410163879 -0.0108497702 0.6713992953 -0.5231679678 -0.6174661517 -0.5873932838
179.2 90.6 2232.0 -0.2927098274 -0.7865226269 0.5437858701 -0.8738518953 -0.0108497702 -0.4860711694 0.3882059157 -0.6174661517 -0.6841284633
106.9 -126.3 2579.0 -0.4652701914 0.0397990532 0.8842735291 -0.0763084888 0.9934661984 -0.0848641023 -0.8818733692 -0.1069623157 -0.4591931999
91.3 -515.0 2620.8 -0.4374400973 -0.4137366116 0.7984160185 -0.1400990933 0.9083855748 0.3939643204 -0.8882670999 0.0604784228 -0.4553284049
183.7 -104.2 2417.2 -0.4743039012 0.4466086328 0.7586675882 0.1195453405 0.8864598274 -0.4470993578 -0.8722068071 -0.1213658005 -0.4738413692
8.9 -451.4 2464.7 -0.4743039012 -0.0377048291 0.8795533776 0.1195453405 0.9870699644 0.1067793369 -0.8722068071 0.1557923704 -0.4636636972
159.9 -119.4 2728.1 0 0 0 0 0 0 0 0 0
104.4 -133.0 2331.3 0 0 0 0 0 0 0 0 0
226.0 -810.9 2601.1 0 0 0 0 0 0 0 0 0
22.9 -819.6 2406.6 0 0 0 0 0 0 0 0 0
-61.0 442.4 2472.9 28 0.3974015117 -0.3506722450 0.8479982615 0.1116892099 0.9357163906 0.3346047997 -0.9108224511 -0.0382602029 0.4110214114
9.3 254.8 2480.6 0.3974015117 -0.3506722450 0.8479982615 0.1116892099 0.9357163906 0.3346047997 -0.9108224511 -0.0382602029 0.4110214114
71.7 69.4 2487.9 0.4018077552 -0.3186437488 0.8584967852 0.0992939770 0.9471389055 0.3050713837 -0.9103248119 -0.0373364948 0.4122071862
-48.0 240.7 2610.3 -0.5558135509 -0.8288620114 -0.0637111068 0.4102557898 -0.3401478529 0.8461617231 -0.7230224609 0.4441702664 0.5291042328
95.1 135.0 2796.4 -0.2458841950 -0.8288620114 0.5025224090 0.9346339703 -0.3401478529 -0.1037245318 0.2569052279 0.4441702664 0.8583195806
66.5 268.9 2351.0 0.4275664985 -0.7727813721 0.4690371156 -0.7426206470 -0.0044082510 0.6696977615 -0.5154623389 -0.6346569657 -0.5757682323
170.4 88.5 2225.8 -0.3133451045 -0.7727813721 0.5519273281 -0.8669546843 -0.0044082510 -0.4983674586 0.3875621259 -0.6346569657 -0.6685851812
101.7 -123.2 2579.1 -0.4690185487 0.0093809031 0.8831384778 -0.0955222771 0.9935390353 -0.0612837225 -0.8780074716 -0.1131026074 -0.4650921524
98.1 -509.5 2623.1 -0.4264296889 -0.4246111512 0.7986633182 -0.1925307512 0.9053435326 0.3785301149 -0.8837927580 0.0076492289 -0.4678160548
173.0 -109.4 2412.2 -0.4593065381 0.4358815849 0.7739797831 0.1053268313 0.8919039369 -0.4397882223 -0.8820111752 -0.1204767674 -0.4555673301
2.3 -458.7 2459.4 -0.4593065381 -0.0531276353 0.8866876364 0.1053268313 0.9879102707 0.1137521639 -0.8820111752 0.1456391066 -0.4481578767
159.4 -109.4 2729.2 0 0 0 0 0 0 0 0 0
90.2 -133.3 2325.0 0 0 0 0 0 0 0 0 0
233.7 -798.6 2620.7 0 0 0 0 0 0 0 0 0
21.7 -819.0 2406.2 0 0 0 0 0 0 0 0 0
-70.6 440.8 2476.6 29 0.3934457004 -0.3250747621 0.8599575162 0.1013663709 0.9450353980 0.3108583987 -0.9137424827 -0.0351351276 0.4047717452
-5.5 251.6 2483.6 0.3934457004 -0.3250747621 0.8599575162 0.1013663709 0.9450353980 0.3108583987 -0.9137424827 -0.0351351276 0.4047717452
53.4 65.1 2492.4 0.3994144201 -0.3009811938 0.8659552336 0.0832747668 0.9525777698 0.2926789224 -0.9129804969 -0.0447879657 0.4055374265
-62.4 239.7 2613.7 -0.5513246655 -0.8330532312 -0.0454249792 0.4137489796 -0.3202924132 0.8521881104 -0.7244673371 0.4510377645 0.5212600231
79.6 133.2 2800.3 -0.2270178348 -0.8330532312 0.5044652820 0.9414540529 -0.3202924132 -0.1052476615 0.2492533177 0.4510377645 0.8569934368
51.4 263.4 2353.6 0.4459261894 -0.7724131942 0.4522474110 -0.7154558301 -0.0039867391 0.6986465454 -0.5378408432 -0.6351078749 -0.5544053316
161.7 86.3 2220.5 -0.3217394352 -0.7724131942 0.5475962162 -0.8597196341 -0.0039867391 -0.5107506514 0.3966936767 -0.6351078749 -0.6627761126
78.2 -128.0 2584.5 -0.4746080041 0.0226210654 0.8799065351 -0.0889211074 0.9933231473 -0.0734995008 -0.8756941557 -0.1131257117 -0.4694276154
69.5 -513.3 2628.4 -0.4276451468 -0.4036424458 0.8088216186 -0.2044993639 0.9147695303 0.3483915925 -0.8805109859 -0.0164155215 -0.4737413824
170.4 -107.1 2413.0 -0.4518437386 0.4417313337 0.7750552297 0.1049744785 0.8890928030 -0.4455270469 -0.8858993053 -0.1199476048 -0.4481015503
-2.6 -455.3 2460.0 -0.4518437386 -0.0628770664 0.8898784518 0.1049744785 0.9868353605 0.1230295748 -0.8858993053 0.1490046680 -0.4392949045
138.9 -113.0 2735.1 0 0 0 0 0 0 0 0 0
79.4 -133.7 2322.0 0 0 0 0 0 0 0 0 0
197.2 -802.7 2633.6 0 0 0 0 0 0 0 0 0
20.4 -816.1 2405.5 0 0 0 0 0 0 0 0 0
-83.5 441.0 2468.9 30 0.4445511997 -0.3312791586 0.8322429657 0.0956232697 0.9413401484 0.3236277699 -0.8906348348 -0.0642873198 0.4501518905
-16.8 251.5 2481.9 0.4445511997 -0.3312791586 0.8322429657 0.0956232697 0.9413401484 0.3236277699 -0.8906348348 -0.0642873198 0.4501518905
41.8 65.2 2495.1 0.4501626194 -0.3002603054 0.8409502506 0.0788052306 0.9514541626 0.2975309789 -0.8894624114 -0.0676660463 0.4519712031
-80.9 240.3 2608.4 -0.5103175044 -0.8566120267 -0.0761049092 0.4082785249 -0.3192094862 0.8552274108 -0.7568914890 0.4053654969 0.5126344562
50.4 135.2 2803.1 -0.2424816191 -0.8566120267 0.4554322660 0.9425447583 -0.3192094862 -0.0985632911 0.2298087925 0.4053654969 0.8847975731
47.2 262.8 2355.3 0.4272756577 -0.7943489552 0.4317931235 -0.7100484967 0.0008329749 0.7041522861 -0.5597022772 -0.6074611545 -0.5636703372
154.2 85.0 2215.2 -0.3171881437 -0.7943489552 0.5180747509 -0.8534196019 0.0008329749 -0.5212237835 0.4136020243 -0.6074611545 -0.6781771779
60.9 -127.8 2589.1 -0.4240803421 0.0237631798 0.9053127766 -0.0926827416 0.9932680130 -0.0694877356 -0.9008694291 -0.1133752540 -0.4190230072
51.7 -512.5 2633.0 -0.3741286993 -0.4004388452 0.8364666700 -0.2163150460 0.9147721529 0.3411739767 -0.9017957449 -0.0532973558 -0.4288634658
148.4 -113.9 2418.7 -0.4498978853 0.3878872097 0.8044472337 0.0990651995 0.9168723226 -0.3866926432 -0.8875685930 -0.0942794755 -0.4509250522
-3.2 -472.2 2455.6 -0.4498978853 -0.0684093833 0.8904560804 0.0990651995 0.9870861173 0.1258851290 -0.8875685930 0.1448486596 -0.4373109639
113.8 -111.2 2743.1 0 0 0 0 0 0 0 0 0
73.0 -133.5 2321.1 0 0 0 0 0 0 0 0 0
177.8 -800.6 2649.8 0 0 0 0 0 0 0 0 0
20.8 -818.9 2404.7 0 0 0 0 0 0 0 0 0
-95.4 443.8 2473.6 31 0.3935830295 -0.3441535830 0.8524380922 0.1027834043 0.9379398823 0.3312164843 -0.9135250449 -0.0427446999 0.4045304954
-26.4 255.9 2482.2 0.3935830295 -0.3441535830 0.8524380922 0.1027834043 0.9379398823 0.3312164843 -0.9135250449 -0.0427446999 0.4045304954
35.9 70.6 2491.4 0.3986256719 -0.3189412355 0.8598686457 0.0884521455 0.9465806484 0.3100988567 -0.9128383398 -0.0475561395 0.4055423737
-83.1 243.4 2611.9 -0.5583140254 -0.8273696899 -0.0611951686 0.4017535746 -0.3341670036 0.8525998592 -0.7258646488 0.4514330626 0.5189688802
60.4 140.1 2798.5 -0.2442838103 -0.8273696899 0.5057517290 0.9378467202 -0.3341670036 -0.0936801136 0.2465136200 0.4514330626 0.8575775027
30.2 268.5 2352.4 0.4400819540 -0.7977820039 0.4121550620 -0.7101628184 -0.0283185914 0.7034677267 -0.5495421886 -0.6022806168 -0.5790176392
143.4 85.9 2211.1 -0.2878974378 -0.7977820039 0.5297725797 -0.8597794175 -0.0283185914 -0.5098798275 0.4217753410 -0.6022806168 -0.6777636409
62.7 -122.5 2583.1 -0.4720010161 0.0003748812 0.8815979362 -0.0950851440 0.9941448569 -0.0513306223 -0.8764553070 -0.1080549732 -0.4692017436
62.6 -507.2 2624.9 -0.4184614718 -0.4165042043 0.8071023822 -0.2227720171 0.9085729122 0.3533664942 -0.8804900050 -0.0319295675 -0.4729882479
141.1 -113.9 2428.1 -0.4831153452 0.3758397102 0.7907869816 0.1363179833 0.9244558215 -0.3560881913 -0.8648797274 -0.0642331690 -0.4978525043
-5.8 -475.5 2453.2 -0.4798407555 -0.0765268505 0.8740117550 0.0861522257 0.9872643948 0.1337414384 -0.8731154799 0.1394726485 -0.4671367407
124.3 -105.1 2734.1 0 0 0 0 0 0 0 0 0
69.7 -134.1 2319.1 0 0 0 0 0 0 0 0 0
193.5 -792.8 2635.0 0 0 0 0 0 0 0 0 0
20.7 -817.9 2404.9 0 0 0 0 0 0 0 0 0
-106.4 444.1 2476.9 32 0.3590424359 -0.3634628356 0.8596413732 0.1041947380 0.9309081435 0.3500764072 -0.9274868965 -0.0361221842 0.3721064627
-33.5 257.4 2484.2 0.3590424359 -0.3634628356 0.8596413732 0.1041947380 0.9309081435 0.3500764072 -0.9274868965 -0.0361221842 0.3721064627
28.5 71.8 2491.3 0.3653107584 -0.3175818324 0.8750370741 0.0869056135 0.9475346804 0.3076123893 -0.9268200994 -0.0363284834 0.3737442791
-85.5 245.0 2616.0 -0.5832172632 -0.8113448024 -0.0397145562 0.4032004476 -0.3315816224 0.8529261351 -0.7051858306 0.4814283252 0.5205187201
64.5 141.3 2797.4 -0.2324707061 -0.8113448024 0.5363552570 0.9386570454 -0.3315816224 -0.0947446004 0.2547160983 0.4814283252 0.8386575580
18.4 269.8 2352.3 0.4553966820 -0.8010110855 0.3885809183 -0.6905330420 -0.0423049293 0.7220625877 -0.5619412661 -0.5971528888 -0.5723901391
135.6 92.1 2207.8 -0.2673312426 -0.8010110855 0.5356447101 -0.8672406673 -0.0423049293 -0.4960885942 0.4200328588 -0.5971528888 -0.6833599806
63.6 -119.8 2580.2 -0.1673080623 0.2816282213 0.9448246360 -0.1184389144 0.9456508756 -0.3028475046 -0.9787646532 -0.1625728309 -0.1248592734
-41.5 -472.7 2640.8 -0.1673080623 -0.2653365731 0.9495285749 -0.1184389144 0.9615381956 0.2478234768 -0.9787646532 -0.0709982663 -0.1922992617
134.1 -106.8 2418.3 -0.4645055234 0.3665871620 0.8061317801 0.0880652219 0.9249063134 -0.3698551655 -0.8811805248 -0.1008075774 -0.4619076550
-9.3 -468.5 2457.7 -0.4645055234 -0.0922212452 0.8807553053 0.0880652219 0.9848225713 0.1495629400 -0.8811805248 0.1470367163 -0.4493340254
125.3 -104.2 2730.8 0 0 0 0 0 0 0 0 0
67.2 -129.9 2315.3 0 0 0 0 0 0 0 0 0
49.1 -801.1 2665.1 0 0 0 0 0 0 0 0 0
23.4 -818.1 2405.5 0 0 0 0 0 0 0 0 0
-114.9 443.4 2477.6 33 0.3396007121 -0.3652811050 0.8667416573 0.1065767929 0.9305165410 0.3504003286 -0.9345120192 -0.0266216528 0.3549345434
-41.8 257.1 2482.9 0.3396007121 -0.3652811050 0.8667416573 0.1065767929 0.9305165410 0.3504003286 -0.9345120192 -0.0266216528 0.3549345434
22.3 72.1 2487.9 0.3441070616 -0.3277415335 0.8798726201 0.0943850651 0.9444285035 0.3148750067 -0.9341744184 -0.0253038704 0.3559184074
-90.8 243.6 2615.9 -0.6025365591 -0.7972250581 -0.0371739492 0.3999306858 -0.3419171274 0.8503811359 -0.6906555891 0.4975187182 0.5248523355
64.3 140.7 2793.7 -0.2363341749 -0.7972250581 0.5554983020 0.9351312518 -0.3419171274 -0.0928561240 0.2639616132 0.4975187182 0.8263167739
7.2 270.5 2350.0 0.4751790166 -0.7969664335 0.3728933334 -0.6795861125 -0.0632272586 0.7308659554 -0.5588986278 -0.6007052660 -0.5716515779
129.4 95.7 2206.2 -0.2428406775 -0.7969664335 0.5530577898 -0.8770530224 -0.0632272586 -0.4762145281 0.4144953191 -0.6007052660 -0.6836276650
58.4 -120.1 2580.6 -0.3170246482 0.3956282437 0.8619592190 -0.0806833953 0.8942945600 -0.4401447475 -0.9449791312 -0.2090825289 -0.2515927851
-91.7 -459.2 2659.9 -0.3170246482 -0.1103868559 0.9419714212 -0.0806833953 0.9927420020 0.0891821608 -0.9449791312 -0.0477285050 -0.3236300647
123.6 -105.9 2414.7 -0.4872098565 0.3431359529 0.8030468822 0.0797315016 0.9332079291 -0.3503795862 -0.8696375489 -0.1066802517 -0.4820268452
-10.7 -471.0 2456.5 -0.4875116646 -0.0976590291 0.8676376343 0.0827499852 0.9840839505 0.1572618037 -0.8691862822 0.1484639645 -0.4716711044
126.1 -103.9 2724.6 0 0 0 0 0 0 0 0 0
67.3 -128.8 2312.3 0 0 0 0 0 0 0 0 0
-52.5 -811.6 2676.8 0 0 0 0 0 0 0 0 0
23.3 -814.1 2404.7 0 0 0 0 0 0 0 0 0
-124.7 444.2 2478.9 34 0.3162523806 -0.3743281066 0.8717011213 0.1102968305 0.9271384478 0.3581185341 -0.9422414899 -0.0171099678 0.3344969749
-49.7 258.4 2482.4 0.3162523806 -0.3743281066 0.8717011213 0.1102968305 0.9271384478 0.3581185341 -0.9422414899 -0.0171099678 0.3344969749
16.6 74.2 2486.1 0.3214080632 -0.3392421603 0.8840880394 0.0968027562 0.9405051470 0.3256981373 -0.9419798851 -0.0190998483 0.3351255357
-95.5 244.7 2616.5 -0.6229172945 -0.7814949155 -0.0352102965 0.3916161656 -0.3504823148 0.8507637382 -0.6772080660 0.5161665082 0.5243675113
64.9 143.8 2790.9 -0.2412135005 -0.7814949155 0.5753970742 0.9327024817 -0.3504823148 -0.0850190222 0.2681084275 0.5161665082 0.8134433031
-4.0 272.2 2348.2 0.4831305444 -0.7886555195 0.3802727759 -0.6867848039 -0.0719700828 0.7232889533 -0.5430575609 -0.6106085777 -0.5764075518
120.9 94.7 2207.9 -0.2213483304 -0.7886555195 0.5736091137 -0.8932986856 -0.0719700828 -0.4436640739 0.3911808133 -0.6106085777 -0.6885744333
55.7 -120.6 2576.4 -0.4601168036 0.4826174378 0.7452334762 -0.0110882465 0.8361717463 -0.5483555794 -0.8877891302 -0.2605709732 -0.3793852925
-129.1 -440.8 2676.2 -0.4601168036 -0.0707942098 0.8850314617 -0.0110882465 0.9971964955 0.0740017220 -0.8877891302 0.0242359880 -0.4596118331
117.5 -104.3 2408.4 -0.5309525728 0.3392376304 0.7765353918 0.0729876161 0.9312745333 -0.3569320738 -0.8442524076 -0.1328365356 -0.5192227364
-15.3 -468.8 2460.4 -0.5309525728 -0.1115377843 0.8400290012 0.0729876161 0.9815965891 0.1764678061 -0.8442524076 0.1550077498 -0.5130403638
128.0 -100.1 2720.7 0 0 0 0 0 0 0 0 0
64.2 -133.9 2308.0 0 0 0 0 0 0 0 0 0
-103.6 -800.2 2667.5 0 0 0 0 0 0 0 0 0
24.0 -814.6 2405.8 0 0 0 0 0 0 0 0 0
-134.5 443.1 2478.6 35 0.2997353375 -0.3939017653 0.8689074516 0.1087073907 0.9189526439 0.3790894151 -0.9478087425 -0.0191698391 0.3182626069
-55.1 258.0 2482.5 0.2997353375 -0.3939017653 0.8689074516 0.1087073907 0.9189526439 0.3790894151 -0.9478087425 -0.0191698391 0.3182626069
11.9 74.0 2485.8 0.3054370880 -0.3424634039 0.8884970546 0.0943181291 0.9393793941 0.3296519816 -0.9475295544 -0.0168865696 0.3192218244
-98.6 244.5 2617.4 -0.6352952123 -0.7717148662 -0.0292593297 0.3871712685 -0.3510537744 0.8525606394 -0.6682053208 0.5302993655 0.5218086243
65.0 144.8 2789.5 -0.2397684008 -0.7717148662 0.5890392661 0.9329160452 -0.3510537744 -0.0801807866 0.2686611712 0.5302993655 0.8041167855
-11.6 271.4 2347.5 0.4827258885 -0.8035153747 0.3483370841 -0.6782945991 -0.0914293453 0.7290796638 -0.5539785028 -0.5882207751 -0.5891554356
108.8 102.2 2209.3 -0.1769882143 -0.8035153747 0.5683645010 -0.9067576528 -0.0914293453 -0.4116201997 0.3827083707 -0.5882207751 -0.7124118209
54.2 -118.3 2574.5 -0.5000552535 0.5366551280 0.6796661615 0.0248437095 0.7934067249 -0.6081846952 -0.8656370640 -0.2872405052 -0.4100796878
-153.1 -424.8 2685.5 -0.5000552535 -0.0433625206 0.8649072051 0.0248437095 0.9976161718 0.0643796027 -0.8656370640 0.0536808595 -0.4977859259
112.0 -101.2 2404.7 -0.5423882008 0.3258295357 0.7743708491 0.0675532073 0.9356594086 -0.3463785052 -0.8374077082 -0.1355603635 -0.5295014381
-15.5 -467.5 2457.8 -0.5423882008 -0.1079423204 0.8331647515 0.0675532073 0.9828970432 0.1713181585 -0.8374077082 0.1492038965 -0.5258198977
127.7 -99.2 2719.2 0 0 0 0 0 0 0 0 0
64.2 -126.5 2305.8 0 0 0 0 0 0 0 0 0
-137.4 -786.1 2666.0 0 0 0 0 0 0 0 0 0
22.7 -815.7 2404.9 0 0 0 0 0 0 0 0 0
-146.0 443.5 2486.9 36 0.2963719964 -0.3802510798 0.8761122823 0.1135192513 0.9248476028 0.3630018234 -0.9483022094 -0.0081279529 0.3172647357
-69.4 257.2 2488.6 0.2963719964 -0.3802510798 0.8761122823 0.1135192513 0.9248476028 0.3630018234 -0.9483022094 -0.0081279529 0.3172647357
-2.9 73.0 2489.9 0.3009543717 -0.3396111429 0.8911176920 0.1016448438 0.9405401349 0.3241181970 -0.9482060671 -0.0069672693 0.3175793886
-112.3 242.7 2623.7 -0.6374469399 -0.7701190114 -0.0240433235 0.3948824704 -0.3533311784 0.8480712771 -0.6616110802 0.5311061740 0.5293363929
51.9 141.0 2794.1 -0.2355493754 -0.7701190114 0.5928179622 0.9312568307 -0.3533311784 -0.0889819488 0.2779877782 0.5311061740 0.8004055619
-26.5 271.6 2353.5 0.4951811731 -0.7925477624 0.3558983505 -0.6716476679 -0.0893807337 0.7354593873 -0.5510762334 -0.6032239199 -0.5765725374
100.0 100.0 2212.7 -0.1725714505 -0.7925477624 0.5848821402 -0.9158899784 -0.0893807337 -0.3913522661 0.3624425530 -0.6032239199 -0.7104620337
