-135.5 508.7 2891.7 74 -0.5067846775 0.1063348427 -0.8554894328 -0.0977130085 0.9788828492 0.1795566380 0.8565170169 0.1745889932 -0.4856925309
-156.6 314.6 2857.0 -0.5067846775 0.1063348427 -0.8554894328 -0.0977130085 0.9788828492 0.1795566380 0.8565170169 0.1745889932 -0.4856925309
-172.6 118.9 2826.6 -0.5063039064 0.0798978209 -0.8586458564 -0.0926435888 0.9848966002 0.1462732404 0.8573642969 0.1536067426 -0.4912550151
-85.7 327.7 2736.9 0.0215808526 0.8509083986 -0.5248706341 0.9681004286 0.1132994220 0.2234833837 0.2496314198 -0.5129504204 -0.8213196993
-92.4 27.2 2659.4 -0.1940459609 0.8550473452 -0.4808743596 0.9698448777 0.0935226008 -0.2250654846 -0.1474690288 -0.5100466013 -0.8474109769
-227.6 301.6 2977.2 -0.2045041025 -0.1101690009 -0.9726462960 -0.9730247259 0.1312664449 0.1897154748 0.1067750603 0.9852065444 -0.1340416968
-281.9 42.9 3005.6 0.3037550151 -0.0728829131 -0.9499583840 -0.9521313310 0.0127099687 -0.3054249287 0.0343342014 0.9972594976 -0.0655333921
-138.5 -83.0 2716.2 -0.3222651780 0.1633877009 -0.9324428439 0.1520203650 0.9811412096 0.1193805560 0.9343634248 -0.1032781079 -0.3410259187
-203.5 -472.9 2757.3 -0.3133073151 0.2622769773 -0.9127153754 0.1856011897 0.9594822526 0.2120046467 0.9313381314 -0.1029784456 -0.3492917120
-235.1 -85.3 2874.3 -0.8450107574 -0.0027205001 -0.5347424150 0.1196171939 0.9736865163 -0.1939751357 0.5211991668 -0.2278754562 -0.8224501014
-234.1 -464.7 2963.1 -0.7711251974 -0.3468386233 -0.5339184403 -0.2529273331 0.9364616275 -0.2430379093 0.5842890143 -0.0523700900 -0.8098540902
-38.9 -239.8 2700.0 0 0 0 0 0 0 0 0 0
-200.8 -211.2 3014.7 0 0 0 0 0 0 0 0 0
-278.7 -748.2 2786.8 0 0 0 0 0 0 0 0 0
-120.5 -771.3 2980.2 0 0 0 0 0 0 0 0 0
-132.8 510.6 2901.7 75 -0.4905884266 0.1057576239 -0.8649498820 -0.1050099432 0.9781987667 0.1791648865 0.8650409579 0.1787245572 -0.4687874019
-153.8 316.6 2866.3 -0.4905884266 0.1057576239 -0.8649498820 -0.1050099432 0.9781987667 0.1791648865 0.8650409579 0.1787245572 -0.4687874019
-170.4 120.9 2835.6 -0.4896085262 0.0833797976 -0.8679466248 -0.0948415399 0.9844189882 0.1480688751 0.8667690754 0.1548131704 -0.4740720391
-85.0 330.0 2744.6 0.0233041309 0.8409379721 -0.5406295061 0.9671903253 0.1178791001 0.2250497788 0.2529818118 -0.5281361938 -0.8105999827
-92.3 29.7 2666.0 -0.2105220407 0.8454197049 -0.4908624589 0.9646341801 0.0981737822 -0.2446280122 -0.1586235166 -0.5250022411 -0.8361884952
-222.5 303.3 2988.0 -0.2027589828 -0.0908883512 -0.9750015736 -0.9732228518 0.1288103014 0.1903815567 0.1082867831 0.9874954224 -0.1145720631
-276.4 44.6 3016.8 0.3047193587 -0.0532784760 -0.9509508610 -0.9520908594 0.0100763254 -0.3056492209 0.0258666147 0.9985288382 -0.0476554967
-142.4 -68.3 2717.8 -0.3033731580 0.1443085819 -0.9418809414 0.1534200013 0.9829666018 0.1011879519 0.9404398203 -0.1138056740 -0.3203454912
-199.8 -459.0 2763.1 -0.3012300134 0.2543813288 -0.9189943671 0.1615836471 0.9634389877 0.2137195319 0.9397612810 -0.0841157287 -0.3313205838
-232.0 -83.4 2884.1 -0.8346772194 -0.0057532787 -0.5507093668 0.1199489310 0.9740419388 -0.1919752657 0.5375185609 -0.2262943834 -0.8123205304
-229.8 -463.0 2972.3 -0.7585737109 -0.3498677313 -0.5496894121 -0.2564952374 0.9358417392 -0.2416824698 0.5989791751 -0.0423412621 -0.7996443510
-33.5 -239.4 2710.3 0 0 0 0 0 0 0 0 0
-195.0 -209.8 3023.7 0 0 0 0 0 0 0 0 0
-275.5 -745.9 2788.1 0 0 0 0 0 0 0 0 0
-115.3 -769.3 2986.1 0 0 0 0 0 0 0 0 0
-129.7 507.7 2905.7 76 -0.4687150121 0.0928689837 -0.8784540892 -0.1121875420 0.9801471233 0.1634795219 0.8761964440 0.1751769036 -0.4489909410
-148.1 313.6 2871.1 -0.4687150121 0.0928689837 -0.8784540892 -0.1121875420 0.9801471233 0.1634795219 0.8761964440 0.1751769036 -0.4489909410
-162.1 117.7 2840.5 -0.4679982364 0.0702103078 -0.8809359670 -0.1035475656 0.9856159687 0.1335630417 0.8776420355 0.1537260413 -0.4539964199
-82.4 328.2 2747.7 0.0321032517 0.8261445165 -0.5625429749 0.9674873948 0.1155866832 0.2249620110 0.2508735955 -0.5514752269 -0.7955737114
-91.8 42.8 2673.7 -0.2380636632 0.8239547014 -0.5142220855 0.9613696337 0.1245807111 -0.2454548627 -0.1381815374 -0.5527913570 -0.8217831850
-213.9 299.1 2994.4 -0.1836255491 -0.0704749227 -0.9804667234 -0.9765929580 0.1267404854 0.1737900823 0.1120169759 0.9894291759 -0.0920981020
-262.7 39.5 3024.2 0.3217360079 -0.0305316728 -0.9463370442 -0.9466592073 0.0085773403 -0.3221222758 0.0179519858 0.9994969964 -0.0261434503
-142.3 -66.0 2725.5 -0.2835453451 0.1420954317 -0.9483727813 0.1538006216 0.9828971028 0.1012847871 0.9465450048 -0.1171414927 -0.3005502820
-198.7 -456.7 2772.0 -0.2897683382 0.2576006949 -0.9217787981 0.1308409423 0.9647186995 0.2284698337 0.9481112361 -0.0544030815 -0.3132496774
-219.0 -87.7 2890.3 -0.8241057396 -0.0269965976 -0.5657922626 0.1061306521 0.9738147259 -0.2010500431 0.5564045310 -0.2257343978 -0.7996611595
-208.5 -467.2 2978.3 -0.7396099567 -0.3678061068 -0.5636450648 -0.2708340287 0.9293162227 -0.2510385215 0.6161380410 -0.0330163017 -0.7869459391
-24.9 -227.3 2712.5 0 0 0 0 0 0 0 0 0
-176.7 -213.4 3029.0 0 0 0 0 0 0 0 0 0
-276.2 -746.7 2788.4 0 0 0 0 0 0 0 0 0
-88.2 -771.2 2989.1 0 0 0 0 0 0 0 0 0
-120.9 507.1 2906.8 77 -0.4193282425 0.1141583920 -0.9006285071 -0.1049877107 0.9793079495 0.1730131060 0.9017435312 0.1671041995 -0.3986662328
-143.4 314.1 2873.8 -0.4193282425 0.1141583920 -0.9006285071 -0.1049877107 0.9793079495 0.1730131060 0.9017435312 0.1671041995 -0.3986662328
-160.7 118.4 2843.6 -0.4190860689 0.0871881321 -0.9037505388 -0.1026259884 0.9844509363 0.1425631940 0.9021279216 0.1524945349 -0.4036219120
-84.5 328.6 2747.1 -0.0046281288 0.7958337665 -0.6054974794 0.9730341434 0.1432235986 0.1808081120 0.2306147218 -0.5883328915 -0.7750362754
-83.2 40.2 2678.8 -0.2306418270 0.8092856407 -0.5402416587 0.9581841230 0.0922545493 -0.2708732784 -0.1693741232 -0.5801256895 -0.7967224121
-202.2 299.6 3000.5 -0.1852572113 -0.0139225824 -0.9825914502 -0.9754047394 0.1241346225 0.1821433455 0.1194377095 0.9921677113 -0.0365769863
-251.4 40.4 3032.3 0.3138470352 0.0254362188 -0.9491328001 -0.9494701028 0.0057098484 -0.3138055503 -0.0025626230 0.9996601343 0.0259429496
-133.2 -68.7 2729.5 -0.2274553478 0.1584064215 -0.9608181119 0.1620208323 0.9790837169 0.1230624616 0.9602152705 -0.1276813447 -0.2483629584
-196.2 -457.9 2780.3 -0.2449700087 0.2633653283 -0.9330747128 0.0999826565 0.9641296268 0.2458812296 0.9643615484 -0.0330577604 -0.2625147998
-216.4 -86.7 2896.0 -0.7907853723 -0.0308705270 -0.6113145351 0.1115993336 0.9747156501 -0.1935846359 0.6018338799 -0.2213062048 -0.7673457861
-204.4 -466.6 2982.2 -0.7062340975 -0.3612126410 -0.6088997126 -0.2667587698 0.9324329495 -0.2437387109 0.6557996273 -0.0097072581 -0.7548725605
-17.6 -232.0 2726.9 0 0 0 0 0 0 0 0 0
-167.6 -213.3 3031.6 0 0 0 0 0 0 0 0 0
-276.3 -750.9 2790.3 0 0 0 0 0 0 0 0 0
-86.3 -771.5 2985.4 0 0 0 0 0 0 0 0 0
-116.0 510.7 2918.8 78 -0.3712380826 0.1129787862 -0.9216387868 -0.1067126319 0.9808022976 0.1632153988 0.9223853350 0.1589422822 -0.3520548940
-138.4 316.3 2887.3 -0.3712380826 0.1129787862 -0.9216387868 -0.1067126319 0.9808022976 0.1632153988 0.9223853350 0.1589422822 -0.3520548940
-155.1 120.2 2859.6 -0.3704288304 0.0846431181 -0.9249962568 -0.0986560658 0.9866212010 0.1297905296 0.9236067533 0.1393346339 -0.3571223617
-86.4 330.2 2757.6 -0.0290935338 0.7619640231 -0.6469655037 0.9682944417 0.1821393222 0.1709712595 0.2481117994 -0.6214789152 -0.7431046367
-77.9 47.8 2685.2 -0.2333223820 0.7929814458 -0.5627975464 0.9544367194 0.0760255978 -0.2885665596 -0.1860409230 -0.6044836640 -0.7745890617
-190.4 302.5 3016.9 -0.1681879312 0.0364095047 -0.9850823283 -0.9761983752 0.1326608658 0.1715743989 0.1369288117 0.9904925227 0.0132309441
-235.1 43.0 3053.3 0.3234471381 0.0773853809 -0.9430766106 -0.9461802244 0.0146791115 -0.3233070970 -0.0111757144 0.9968931675 0.0779684335
-139.7 -67.8 2730.8 -0.1823424995 0.1329907775 -0.9741994739 0.1432721764 0.9838288426 0.1074888185 0.9727405906 -0.1199759096 -0.1984476894
-192.5 -458.8 2778.5 -0.1930983663 0.2719668150 -0.9427338243 0.1058666781 0.9609828591 0.2555469573 0.9754512906 -0.0504583977 -0.2143564373
-205.8 -84.9 2916.5 -0.7594838142 -0.0527575836 -0.6483833194 0.1088165417 0.9723595977 -0.2065811157 0.6413604617 -0.2274498492 -0.7327504754
-185.2 -463.9 3005.1 -0.6680796146 -0.3713785708 -0.6447848678 -0.2684624791 0.9284800291 -0.2566178143 0.6939722896 0.0016594140 -0.7199998498
-11.4 -224.2 2738.3 0 0 0 0 0 0 0 0 0
-148.6 -209.8 3050.3 0 0 0 0 0 0 0 0 0
-275.5 -752.0 2793.9 0 0 0 0 0 0 0 0 0
-63.8 -767.5 3004.5 0 0 0 0 0 0 0 0 0
-112.5 508.1 2924.8 79 -0.4405807853 0.1129110903 -0.8905838728 -0.0940814987 0.9807879925 0.1708905250 0.8927693963 0.1590785533 -0.4214935005
-134.9 313.5 2893.2 -0.4405807853 0.1129110903 -0.8905838728 -0.0940814987 0.9807879925 0.1708905250 0.8927693963 0.1590785533 -0.4214935005
-151.5 117.1 2867.0 -0.4394244254 0.0835251734 -0.8943879008 -0.0824934915 0.9877079129 0.1327702701 0.8944836259 0.1321236789 -0.4271326959
-73.3 325.1 2767.9 0.0170295592 0.8082521558 -0.5885902047 0.9614812136 0.1482844055 0.2314424813 0.2743426263 -0.5698598027 -0.7745940089
-78.0 59.7 2692.1 -0.2572234571 0.8149401546 -0.5193348527 0.9528856277 0.1244919747 -0.2766057849 -0.1607641280 -0.5660161972 -0.8085669875
-196.5 301.9 3018.6 -0.1876774281 -0.0366063826 -0.9815483689 -0.9727116227 0.1457138211 0.1805534661 0.1364157498 0.9886493087 -0.0629546493
-246.4 43.4 3054.8 0.3133384585 0.0024505472 -0.9496383667 -0.9492990971 0.0276591722 -0.3131551445 0.0254988093 0.9996144176 0.0109929852
-138.0 -66.9 2747.4 -0.2546680272 0.1208713204 -0.9594448209 0.1479137987 0.9853516817 0.0848739147 0.9556493759 -0.1203004494 -0.2688161135
-186.0 -458.6 2795.2 -0.2768940628 0.2922862768 -0.9153679013 0.0778539330 0.9563069344 0.2818081081 0.9577413201 0.0067659956 -0.2875513434
-208.3 -86.7 2922.4 -0.8042539954 -0.0254815146 -0.5937391520 0.1245850548 0.9696505070 -0.2103721648 0.5810800791 -0.2431636900 -0.7766706944
-198.4 -464.5 3017.2 -0.7210264206 -0.3607042432 -0.5916193128 -0.2525571883 0.9318929911 -0.2603656650 0.6452409029 -0.0383128189 -0.7630178928
-4.6 -212.2 2738.0 0 0 0 0 0 0 0 0 0
-162.7 -210.1 3061.6 0 0 0 0 0 0 0 0 0
-275.6 -751.6 2793.1 0 0 0 0 0 0 0 0 0
-80.5 -769.1 3029.7 0 0 0 0 0 0 0 0 0
-102.3 506.2 2953.3 80 -0.3769870400 0.1262507439 -0.9175736904 -0.1383181661 0.9718838334 0.1905516833 0.9158323407 0.1987526268 -0.3489248455
-127.1 314.9 2914.1 -0.3769870400 0.1262507439 -0.9175736904 -0.1383181661 0.9718838334 0.1905516833 0.9158323407 0.1987526268 -0.3489248455
-146.1 119.8 2881.4 -0.3747791350 0.0940595344 -0.9223304391 -0.1187389269 0.9817776084 0.1483702809 0.9194790125 0.1651226133 -0.3567812443
-74.6 331.6 2785.4 -0.0239617079 0.7661417723 -0.6422247291 0.9533083439 0.2109615654 0.2160981447 0.3010465503 -0.6070601344 -0.7354243398
-67.8 59.8 2699.6 -0.2664607763 0.7838065624 -0.5609331131 0.9582723379 0.1529395878 -0.2415028214 -0.1035026163 -0.6018776894 -0.7918525338
-179.7 298.1 3042.9 -0.1798802018 0.0340548307 -0.9830988646 -0.9774407148 0.1062722951 0.1825262159 0.1106920764 0.9937537313 0.0141702956
-227.5 38.4 3072.3 0.3122415245 0.0735341907 -0.9471525550 -0.9493739009 -0.0121171502 -0.3139145374 -0.0345602445 0.9972190857 0.0660279691
-128.0 -71.6 2759.0 -0.1815547496 0.1457362622 -0.9725219011 0.1418257058 0.9824987650 0.1207546815 0.9730998874 -0.1160050258 -0.1990464628
-185.9 -462.1 2805.1 -0.2170851976 0.2897917926 -0.9321452379 0.0297223385 0.9564369917 0.2904218137 0.9757000804 0.0353407413 -0.2162415981
-209.6 -87.6 2925.4 -0.7606850266 -0.0091030728 -0.6490573287 0.0995197818 0.9864447713 -0.1304705739 0.6414468884 -0.1638410538 -0.7494677901
-206.0 -474.6 2989.7 -0.6769544482 -0.3659237027 -0.6386176348 -0.2269908935 0.9291591644 -0.2917847335 0.7001484036 -0.0525645688 -0.7120597959
7.4 -210.8 2728.8 0 0 0 0 0 0 0 0 0
-144.2 -214.8 3063.0 0 0 0 0 0 0 0 0 0
-272.1 -746.6 2794.6 0 0 0 0 0 0 0 0 0
-90.6 -767.5 3006.3 0 0 0 0 0 0 0 0 0
-102.3 503.5 2954.5 81 -0.4358719885 0.1070069745 -0.8936247230 -0.1200364679 0.9771243334 0.1755542904 0.8919679523 0.1837867498 -0.4130563736
-123.3 311.2 2918.3 -0.4358719885 0.1070069745 -0.8936247230 -0.1200364679 0.9771243334 0.1755542904 0.8919679523 0.1837867498 -0.4130563736
-140.2 115.7 2886.9 -0.4346022308 0.0841709599 -0.8966806531 -0.1070130914 0.9837436080 0.1442105174 0.8942421675 0.1586307734 -0.4185297787
-62.4 326.3 2793.1 -0.0090335896 0.8051533103 -0.5929979682 0.9536883235 0.1852429807 0.2369886339 0.3006608784 -0.5633943677 -0.7695387006
-59.9 58.9 2708.8 -0.2642050982 0.8057529330 -0.5300545692 0.9622598886 0.1830669791 -0.2013513744 -0.0652039722 -0.5632483363 -0.8237109780
-184.3 296.0 3043.6 -0.1875715852 -0.0312386658 -0.9817540646 -0.9759529233 0.1189295277 0.1826789826 0.1110529006 0.9924111366 -0.0527952686
-234.1 36.7 3073.1 0.3129303455 0.0077779978 -0.9497442245 -0.9497744441 0.0006991863 -0.3129345775 -0.0017699562 0.9999694824 0.0076061399
-130.8 -64.3 2764.8 -0.2461581528 0.1293463707 -0.9605600834 0.1461861283 0.9846724272 0.0951308459 0.9581418633 -0.1170033291 -0.2612937689
-182.2 -455.7 2811.3 -0.2801405191 0.2951391935 -0.9134626985 0.0419875681 0.9544208646 0.2954960167 0.9590403438 0.0444263220 -0.2797641158
-202.0 -90.4 2933.6 -0.8011521101 0.0343803614 -0.5974724293 0.1060584337 0.9907025695 -0.0852059871 0.5889880061 -0.1316299438 -0.7973497510
-215.6 -482.5 2985.7 -0.7272074223 -0.3546887338 -0.5876778364 -0.1889283210 0.9265089631 -0.3254031539 0.6599056125 -0.1256066263 -0.7407749891
13.9 -209.8 2727.1 0 0 0 0 0 0 0 0 0
-150.6 -216.8 3072.6 0 0 0 0 0 0 0 0 0
-272.2 -746.8 2797.8 0 0 0 0 0 0 0 0 0
-106.1 -768.4 3024.4 0 0 0 0 0 0 0 0 0
-107.5 506.7 2946.2 82 -0.5112468600 0.0485832356 -0.8580595851 -0.0816724524 0.9911361337 0.1047798842 0.8555443883 0.1236482188 -0.5027472973
-117.1 311.8 2921.8 -0.5112468600 0.0485832356 -0.8580595851 -0.0816724524 0.9911361337 0.1047798842 0.8555443883 0.1236482188 -0.5027472973
-124.9 114.8 2900.1 -0.5110622644 0.0369738340 -0.8587480783 -0.0773914382 0.9930371642 0.0888132825 0.8560525179 0.1118488684 -0.5046423674
-45.5 323.0 2802.2 -0.0167415682 0.8474672437 -0.5305836201 0.9528946280 0.1742499173 0.2482514530 0.3028391302 -0.5014341474 -0.8104642034
-40.8 55.0 2717.1 -0.2798613608 0.8393377662 -0.4660362005 0.9567159414 0.2034646124 -0.2080788463 -0.0798265636 -0.5040974617 -0.8599497080
-188.7 300.5 3041.4 -0.1665666401 -0.1257498413 -0.9779788256 -0.9748530984 0.1699169278 0.1441861391 0.1480437666 0.9774022698 -0.1508901268
-232.9 41.6 3080.7 0.3410719633 -0.0839225426 -0.9362835884 -0.9366872907 0.0536696762 -0.3460296392 0.0792897195 0.9950259328 -0.0603039525
-111.4 -70.5 2779.3 -0.3423472941 0.1776136756 -0.9226330519 0.1534826756 0.9793514609 0.1315819323 0.9269527793 -0.0965614691 -0.3625389338
-182.0 -459.6 2817.6 -0.3735383451 0.2946781218 -0.8795645833 0.0588214621 0.9538166523 0.2945739627 0.9257478714 0.0582973994 -0.3736205101
-198.2 -91.8 2937.6 -0.8556485176 0.0314133503 -0.5166031122 0.0709081888 0.9958592653 -0.0568893477 0.5126768947 -0.0853086784 -0.8543329835
-210.7 -486.4 2971.4 -0.7872217894 -0.3480290174 -0.5090752840 -0.2210530788 0.9299210310 -0.2939088345 0.5756886005 -0.1188387945 -0.8089870214
36.6 -209.5 2739.1 0 0 0 0 0 0 0 0 0
-142.2 -207.6 3101.8 0 0 0 0 0 0 0 0 0
-270.6 -746.6 2800.1 0 0 0 0 0 0 0 0 0
-106.8 -764.1 3006.9 0 0 0 0 0 0 0 0 0
-116.6 523.2 2940.5 83 -0.5116099715 -0.0206745565 -0.8589690328 -0.0809116140 0.9964272380 0.0242086705 0.8553996086 0.0818859711 -0.5114549398
-112.6 326.3 2924.3 -0.5116099715 -0.0206745565 -0.8589690328 -0.0809116140 0.9964272380 0.0242086705 0.8553996086 0.0818859711 -0.5114549398
-110.9 128.6 2909.4 -0.5117719769 -0.0095835915 -0.8590678573 -0.0702392608 0.9970570207 0.0307206213 0.8562452197 0.0760622472 -0.5109390020
-40.7 336.3 2804.2 -0.0451632813 0.8425803781 -0.5366736650 0.9664154649 0.1728987247 0.1901240498 0.2529849708 -0.5100631118 -0.8220914006
-27.3 50.9 2729.5 -0.2768250704 0.8368931413 -0.4722052515 0.9565610290 0.1932458729 -0.2182820439 -0.0914270282 -0.5121190548 -0.8540346622
-184.4 316.2 3044.3 -0.1214004755 -0.1389966756 -0.9828234315 -0.9756703973 0.1988209188 0.0923984945 0.1825627685 0.9701289535 -0.1597519070
-216.7 57.4 3092.8 0.3855221272 -0.0914524347 -0.9181553125 -0.9156482220 0.0848580077 -0.3929216564 0.1138464734 0.9921872616 -0.0510236211
-83.1 -75.1 2803.1 -0.3648711443 0.2475409508 -0.8975480795 0.1164130792 0.9685730338 0.2198051661 0.9237515926 -0.0242857672 -0.3822213411
-181.0 -458.1 2812.7 -0.3778625429 0.2862114608 -0.8805128336 0.0742614344 0.9573248029 0.2793107629 0.9228787422 0.0401529260 -0.3829916716
-180.2 -90.6 2956.6 -0.8593767285 0.0831650272 -0.5045346618 0.0932642743 0.9956275225 0.0052568000 0.5027657747 -0.0425374918 -0.8633754253
-213.1 -484.9 2973.4 -0.7825431228 -0.3605134189 -0.5075986385 -0.2498359680 0.9286044240 -0.2743643522 0.5702703595 -0.0878855288 -0.8167422414
48.6 -211.3 2754.6 0 0 0 0 0 0 0 0 0
-114.0 -186.4 3123.1 0 0 0 0 0 0 0 0 0
-266.5 -743.9 2800.7 0 0 0 0 0 0 0 0 0
-105.9 -760.9 2999.5 0 0 0 0 0 0 0 0 0
-120.6 538.6 2950.1 84 -0.5396963358 -0.0410819389 -0.8408567905 -0.0950483903 0.9953957200 0.0123736644 0.8364769816 0.0866001099 -0.5411161780
-112.4 339.4 2932.8 -0.5396963358 -0.0410819389 -0.8408567905 -0.0950483903 0.9953957200 0.0123736644 0.8364769816 0.0866001099 -0.5411161780
-106.1 141.7 2916.9 -0.5400449634 -0.0323670655 -0.8410135508 -0.0855940506 0.9961913824 0.0166238062 0.8372724056 0.0809633583 -0.5407586098
-36.5 351.6 2815.3 -0.0670166165 0.8576404452 -0.5098643899 0.9704235792 0.1748090237 0.1664928645 0.2319198996 -0.4836266339 -0.8439896107
-15.7 49.7 2743.1 -0.3168060482 0.8381804228 -0.4439454079 0.9450469017 0.2390979230 -0.2229764909 -0.0807481036 -0.4901895225 -0.8678674698
-188.3 327.2 3050.3 -0.1071546823 -0.1770373881 -0.9783535600 -0.9790922403 0.1899168789 0.0728692934 0.1729052663 0.9657066464 -0.1936864108
-216.7 67.3 3096.2 0.4003698826 -0.1280239075 -0.9073664546 -0.9081116915 0.0770744011 -0.4115734398 0.1226259619 0.9887716770 -0.0854017437
-60.9 -62.6 2817.7 -0.3979383111 0.2786652744 -0.8740656376 0.1091363877 0.9603650570 0.2564920187 0.9108975530 0.0066756308 -0.4125785828
-171.3 -443.0 2815.0 -0.4017980695 0.2964150608 -0.8664273620 0.0968218818 0.9546099305 0.2816830873 0.9105952978 0.0292905867 -0.4122599065
-156.5 -76.1 2973.0 0.2822642326 0.1949950010 0.9393103123 -0.0127673997 0.9798015952 -0.1995641142 -0.9592517614 0.0443372577 0.2790524960
-233.1 -461.0 2955.6 0.2822642326 -0.3901812732 0.8764048815 -0.0127673997 0.9119441509 0.4101155996 -0.9592517614 -0.1269503683 0.2524276078
72.2 -212.6 2765.5 0 0 0 0 0 0 0 0 0
-109.9 -174.9 3128.9 0 0 0 0 0 0 0 0 0
-266.8 -750.7 2805.6 0 0 0 0 0 0 0 0 0
-105.2 -759.9 2997.2 0 0 0 0 0 0 0 0 0
-122.8 536.1 2954.0 85 -0.5516922474 -0.0567684211 -0.8321136236 -0.0894111395 0.9959570765 -0.0086664595 0.8292413950 0.0696190074 -0.5545375347
-111.5 337.4 2940.1 -0.5516922474 -0.0567684211 -0.8321136236 -0.0894111395 0.9959570765 -0.0086664595 0.8292413950 0.0696190074 -0.5545375347
-101.1 139.5 2927.4 -0.5520532727 -0.0529705323 -0.8321245909 -0.0828562602 0.9965255260 -0.0084667830 0.8296818733 0.0642726198 -0.5545241237
-33.9 349.2 2823.5 -0.1156452149 0.8598467708 -0.4972822964 0.9706853628 0.2040300965 0.1270495951 0.2107037455 -0.4680119753 -0.8582358360
1.4 53.3 2759.2 -0.2988894582 0.8496926427 -0.4343817234 0.9525612593 0.2382794619 -0.1893408597 -0.0573772900 -0.4703671932 -0.8806034923
-189.1 325.7 3056.7 -0.0909282789 -0.1966308206 -0.9762521982 -0.9781692028 0.2015791088 0.0505059846 0.1868610084 0.9595322609 -0.2106674463
-213.3 65.8 3106.3 0.4161712825 -0.1457583457 -0.8975276947 -0.8978673816 0.0900648385 -0.4309552908 0.1436510235 0.9852120876 -0.0933892727
-49.6 -48.2 2825.1 -0.4109938443 0.2755048871 -0.8690115809 0.1301058382 0.9612103105 0.2432021052 0.9023061991 -0.0131089147 -0.4308963120
-158.9 -429.6 2830.3 -0.4300126433 0.3147459924 -0.8461820483 0.0752258822 0.9464945197 0.3138299584 0.8996833563 0.0712960586 -0.4306816459
-149.4 -64.2 2977.7 0.1808970720 0.1906443536 0.9648476243 -0.0100880945 0.9813407660 -0.1920118332 -0.9834502935 0.0250009056 0.1794449091
-224.7 -452.0 2967.9 0.1808970720 -0.3758601546 0.9088484049 -0.0100880945 0.9233363271 0.3838596940 -0.9834502935 -0.0786076412 0.1632371247
85.6 -215.1 2775.4 0 0 0 0 0 0 0 0 0
-102.2 -173.8 3144.6 0 0 0 0 0 0 0 0 0
-265.6 -750.4 2806.1 0 0 0 0 0 0 0 0 0
-103.7 -749.4 2993.2 0 0 0 0 0 0 0 0 0
-111.0 541.2 2991.9 86 -0.5151603818 0.0037823757 -0.8570854664 -0.1223115101 0.9894312024 0.0778830647 0.8483216763 0.1449536830 -0.5092531443
-111.7 345.6 2963.2 -0.5151603818 0.0037823757 -0.8570854664 -0.1223115101 0.9894312024 0.0778830647 0.8483216763 0.1449536830 -0.5092531443
-106.1 149.1 2937.5 -0.5150941014 -0.0300775245 -0.8566057682 -0.1273016781 0.9909848571 0.0417531319 0.8476274610 0.1305541396 -0.5142793655
-39.3 363.6 2844.3 -0.1390638053 0.8390318155 -0.5260103345 0.9622105360 0.2400616705 0.1285349578 0.2341198474 -0.4882581234 -0.8407091498
6.0 50.5 2768.1 -0.3077711761 0.8434754014 -0.4402569234 0.9469739795 0.2266723514 -0.2277277559 -0.0922886878 -0.4869998991 -0.8685124516
-184.2 327.5 3082.1 -0.1032623351 -0.1484743506 -0.9835101962 -0.9864175916 0.1422732919 0.0820894912 0.1277390420 0.9786284566 -0.1611491740
-211.6 65.9 3116.0 0.4039404988 -0.0986357555 -0.9094520807 -0.9124093056 0.0281652398 -0.4083086848 0.0658887699 0.9947249293 -0.0786191002
-41.2 -49.3 2838.1 -0.3564891517 0.2688277364 -0.8947888613 0.1126732230 0.9630912542 0.2444586307 0.9274805784 -0.0136719029 -0.3736212552
-148.2 -432.8 2843.6 -0.3839670420 0.3399445117 -0.8584911227 0.0403850600 0.9350534081 0.3521990478 0.9224631786 0.1005626097 -0.3727583885
-141.3 -66.2 2990.8 0.2505830526 0.2280357778 0.9408548474 0.0118994927 0.9710630774 -0.2385266274 -0.9680219889 0.0709664226 0.2406184226
-231.5 -450.4 2962.8 0.2505830526 -0.4020297825 0.8806703091 0.0118994927 0.9109043479 0.4124459028 -0.9680219889 -0.0928724185 0.2330411375
92.8 -216.5 2794.2 0 0 0 0 0 0 0 0 0
-104.0 -177.1 3133.5 0 0 0 0 0 0 0 0 0
-261.2 -743.5 2810.2 0 0 0 0 0 0 0 0 0
-99.6 -749.4 2993.3 0 0 0 0 0 0 0 0 0
-101.1 534.0 2997.3 87 -0.5544415712 0.0219614226 -0.8319328427 -0.1187640056 0.9873323441 0.1052139327 0.8237048388 0.1571386456 -0.5448098779
-105.6 331.3 2965.1 -0.5544415712 0.0219614226 -0.8319328427 -0.1187640056 0.9873323441 0.1052139327 0.8237048388 0.1571386456 -0.5448098779
-106.6 133.8 2949.9 -0.5537207723 0.0031191090 -0.8326965570 -0.0617345981 0.9970872402 0.0447867289 0.8304108381 0.0762055293 -0.5519154072
-27.9 340.1 2848.7 -0.1363341212 0.8601921797 -0.4914086163 0.9613462090 0.2346570790 0.1440469027 0.2392205298 -0.4527752995 -0.8589342833
12.4 55.7 2778.0 -0.3399063945 0.8502470851 -0.4019247890 0.9357899427 0.2632414997 -0.2345231324 -0.0935993195 -0.4558330774 -0.8851301670
-183.3 322.6 3081.4 -0.1467201710 -0.1827038825 -0.9721586704 -0.9736707807 0.2000150681 0.1093582958 0.1744661927 0.9626075625 -0.2072396725
-222.2 64.6 3127.6 0.3651905954 -0.1382543147 -0.9206093550 -0.9216267467 0.0857854337 -0.3784771860 0.1313009709 0.9866745472 -0.0960908383
-52.7 -46.4 2844.2 -0.4061538279 0.2113300115 -0.8890324831 0.1135572642 0.9770221710 0.1803673208 0.9067214727 -0.0276992153 -0.4208193421
-134.1 -422.7 2854.9 -0.4319851995 0.3594865501 -0.8271385431 0.0498409495 0.9252405167 0.3760929406 0.9005024433 0.1212412119 -0.4176073670
-148.3 -60.2 2991.0 -0.0566640981 0.1776127815 0.9824677706 -0.0058351089 0.9839730859 -0.1782214642 -0.9983762503 -0.0158315655 -0.0547195598
-218.1 -447.2 2997.2 -0.0566640981 -0.3666501343 0.9286317229 -0.0058351089 0.9302318692 0.3669258654 -0.9983762503 0.0153728565 -0.0548501946
110.0 -212.9 2804.8 0 0 0 0 0 0 0 0 0
-125.0 -180.6 3162.5 0 0 0 0 0 0 0 0 0
-257.3 -739.8 2813.4 0 0 0 0 0 0 0 0 0
-101.0 -744.6 2992.3 0 0 0 0 0 0 0 0 0
-84.8 528.5 3012.6 88 -0.5316315293 0.0712440535 -0.8439740539 -0.1012030318 0.9839737415 0.1468113959 0.8409077525 0.1634623110 -0.5159013867
-99.3 329.4 2979.5 -0.5316315293 0.0712440535 -0.8439740539 -0.1012030318 0.9839737415 0.1468113959 0.8409077525 0.1634623110 -0.5159013867
-105.3 132.2 2959.8 -0.5299999118 0.0288736448 -0.8475059867 -0.0689567327 0.9946429133 0.0770095140 0.8451893926 0.0992562845 -0.5251696110
-24.8 339.2 2860.9 -0.1373382211 0.8497945070 -0.5089080930 0.9604676962 0.2398552895 0.1413197964 0.2421571016 -0.4693811834 -0.8491414785
15.7 55.6 2789.4 -0.3595039845 0.8336235285 -0.4193193614 0.9301968813 0.2844656110 -0.2319765240 -0.0740991384 -0.4734460413 -0.8777005076
-173.7 319.6 3098.1 -0.1636984348 -0.1490724087 -0.9751821756 -0.9739886522 0.1814224273 0.1357647181 0.1566811353 0.9720407724 -0.1748933941
-217.1 61.2 3139.7 0.3472273350 -0.1065323949 -0.9317102432 -0.9325624108 0.0654424876 -0.3550276458 0.0987953842 0.9921532869 -0.0766246840
-56.8 -63.5 2863.9 -0.3860342205 0.1947271228 -0.9016978145 0.0558769442 0.9806077480 0.1878462136 0.9207906127 0.0221309438 -0.3894288838
-132.9 -446.8 2855.3 -0.3916506171 0.3843243420 -0.8360051513 0.0426052734 0.9151889682 0.4007666707 0.9191271067 0.1213422865 -0.3748085499
-158.6 -70.0 3011.4 -0.0926926956 0.1156149954 0.9889596701 -0.0190004241 0.9928495288 -0.1178506091 -0.9955134392 -0.0297145434 -0.0898331702
-204.2 -461.8 3023.2 -0.1281594485 -0.3473994136 0.9289180636 0.0746540949 0.9306052923 0.3583301604 -0.9889398217 0.1152709424 -0.0933310762
118.6 -210.7 2810.6 0 0 0 0 0 0 0 0 0
-124.6 -187.3 3166.0 0 0 0 0 0 0 0 0 0
-258.0 -744.7 2815.8 0 0 0 0 0 0 0 0 0
-100.0 -741.1 2988.6 0 0 0 0 0 0 0 0 0
-72.5 525.6 3020.2 89 -0.4427112639 0.0729070008 -0.8936952949 -0.1133997589 0.9841337204 0.1364599168 0.8894645572 0.1617571712 -0.4274194539
-87.1 328.6 2987.8 -0.4427112639 0.0729070008 -0.8936952949 -0.1133997589 0.9841337204 0.1364599168 0.8894645572 0.1617571712 -0.4274194539
-93.9 131.5 2964.9 -0.4414395690 0.0324299335 -0.8967047334 -0.0895333663 0.9927672744 0.0799805596 0.8928129077 0.1155915782 -0.4353432059
-25.4 341.2 2863.0 -0.1461558640 0.7964087129 -0.5868318081 0.9604499936 0.2563580871 0.1087030619 0.2370111495 -0.5477350354 -0.8023790121
18.1 55.3 2792.4 -0.3721265197 0.8012735248 -0.4684897065 0.9183413982 0.2445373684 -0.3112082481 -0.1347996742 -0.5460423231 -0.8268414736
-148.9 315.9 3112.6 -0.1404291093 -0.0514287055 -0.9887541533 -0.9783948064 0.1602540910 0.1306224018 0.1517341584 0.9857351184 -0.0728219151
-186.2 56.2 3152.9 0.3595774472 -0.0067048422 -0.9330911636 -0.9320788980 0.0445344597 -0.3595073819 0.0439651497 0.9989853501 0.0097641461
-62.6 -61.4 2865.3 -0.2909571826 0.1485020071 -0.9451407790 0.0374223441 0.9888908267 0.1438557953 0.9560039043 0.0064864908 -0.2932821810
-121.1 -450.8 2862.8 -0.3092364669 0.4086944163 -0.8586860299 -0.0022893222 0.9026210904 0.4304299057 0.9509823918 0.1350704283 -0.2781877220
-160.0 -71.8 3017.9 -0.1963513345 0.0712359920 0.9779425263 -0.0419709943 0.9958328009 -0.0809661001 -0.9796349406 -0.0569430217 -0.1925432533
-188.1 -465.8 3040.5 -0.2467470318 -0.3011580408 0.9210970402 0.1065000147 0.9363018274 0.3346589804 -0.9632100463 0.1806729585 -0.1989563704
125.4 -209.5 2831.3 0 0 0 0 0 0 0 0 0
-90.3 -192.2 3164.6 0 0 0 0 0 0 0 0 0
-254.1 -744.6 2818.8 0 0 0 0 0 0 0 0 0
-99.1 -742.6 2987.0 0 0 0 0 0 0 0 0 0
-66.3 522.3 3037.0 90 -0.4638059437 0.0679313540 -0.8833285570 -0.1293768734 0.9811736345 0.1433874369 0.8764392138 0.1807862371 -0.4462854266
-79.8 327.1 3001.0 -0.4638059437 0.0679313540 -0.8833285570 -0.1293768734 0.9811736345 0.1433874369 0.8764392138 0.1807862371 -0.4462854266
-87.7 130.7 2972.6 -0.4626968205 0.0393855944 -0.8856412768 -0.1090157554 0.9889025688 0.1009322405 0.8797881603 0.1432498693 -0.4532684088
-14.8 342.4 2877.7 -0.1211265028 0.8127692342 -0.5698547959 0.9551519156 0.2517058849 0.1559776068 0.2702096105 -0.5254048705 -0.8068063259
20.8 61.1 2798.1 -0.3975866735 0.8047455549 -0.4408054352 0.9065894485 0.2704490423 -0.3239642978 -0.1414934099 -0.5284334421 -0.8371007442
-144.7 311.7 3124.3 -0.1526752412 -0.0724589676 -0.9856165648 -0.9806771874 0.1345470995 0.1420187056 0.1223213226 0.9882544279 -0.0916008651
-185.2 51.3 3156.8 0.3509609997 -0.0288930610 -0.9359441996 -0.9360034466 0.0178956576 -0.3515356481 0.0269062761 0.9994223118 -0.0207633264
-60.3 -58.7 2861.9 -0.3073482811 0.1161101088 -0.9444868565 0.0517368466 0.9930990338 0.1052503809 0.9501896501 -0.0165162478 -0.3112344444
-106.2 -451.4 2868.4 -0.3288121223 0.4317665696 -0.8399167657 0.0082791047 0.8906535506 0.4546071589 0.9443590641 0.1425265819 -0.2964323461
-140.9 -74.0 3023.6 -0.1741495132 0.1239442751 0.9768878222 -0.0132782627 0.9916612506 -0.1281857938 -0.9846296906 -0.0352948681 -0.1710515618
-190.0 -466.7 3037.6 -0.2184480578 -0.3106971085 0.9250663519 0.1147432700 0.9332069755 0.3405270875 -0.9690791368 0.1805326194 -0.1682068557
134.7 -198.7 2838.6 0 0 0 0 0 0 0 0 0
-91.6 -198.4 3164.0 0 0 0 0 0 0 0 0 0
-248.5 -744.8 2821.5 0 0 0 0 0 0 0 0 0
-98.3 -742.1 2984.3 0 0 0 0 0 0 0 0 0
-61.1 525.5 3045.4 91 -0.5010100007 0.0587933250 -0.8634421229 -0.1206463948 0.9832031131 0.1369528174 0.8569909334 0.1727859080 -0.4855013788
-72.8 330.2 3011.1 -0.5010100007 0.0587933250 -0.8634421229 -0.1206463948 0.9832031131 0.1369528174 0.8569909334 0.1727859080 -0.4855013788
-81.0 133.8 2982.1 -0.5002702475 0.0410402641 -0.8648961782 -0.1060371846 0.9884538054 0.1082368717 0.8593519330 0.1458588392 -0.4901422560
-2.6 345.1 2890.5 -0.0831155404 0.7668887973 -0.6363752484 0.9550958276 0.2435462475 0.1687519848 0.2844007909 -0.5937733650 -0.7526947260
21.9 64.4 2806.9 -0.4091916680 0.7668887973 -0.4944125712 0.8983041048 0.2435462475 -0.3656979203 -0.1600373089 -0.5937733650 -0.7885563970
-143.0 315.3 3131.7 -0.1651517004 -0.1130537614 -0.9797672033 -0.9795634747 0.1344392002 0.1496046335 0.1148057431 0.9844515920 -0.1329461932
-186.9 55.1 3162.2 0.3424423635 -0.0708821565 -0.9368612170 -0.9386537075 0.0174627211 -0.3444187641 0.0407732911 0.9973317981 -0.0605538189
-53.2 -56.4 2864.3 -0.3457145393 0.0762346163 -0.9352378249 0.0639863536 0.9962894917 0.0575583391 0.9361555576 -0.0399437025 -0.3493097425
-83.4 -451.0 2880.2 -0.3667189777 0.4684179127 -0.8038045764 0.0257156566 0.8687714338 0.4945451617 0.9299762845 0.1606887430 -0.3306406438
-136.5 -71.4 3031.2 -0.1335120350 0.1384778470 0.9813248515 -0.0184066612 0.9896725416 -0.1421600878 -0.9908762574 -0.0370429978 -0.1295842826
-191.2 -462.5 3045.9 -0.1769861132 -0.3172330558 0.9316861629 0.1060782671 0.9349675179 0.3385013044 -0.9784801006 0.1587416828 -0.1318247318
138.6 -191.8 2852.5 0 0 0 0 0 0 0 0 0
-95.5 -195.5 3173.0 0 0 0 0 0 0 0 0 0
-241.2 -743.7 2826.0 0 0 0 0 0 0 0 0 0
-97.7 -738.1 2999.1 0 0 0 0 0 0 0 0 0
-47.0 539.2 3050.1 92 -0.5751125216 0.0885518491 -0.8132675886 -0.0946710780 0.9802410603 0.1736804396 0.8125779629 0.1768787205 -0.5553655624
-64.6 344.1 3014.9 -0.5751125216 0.0885518491 -0.8132675886 -0.0946710780 0.9802410603 0.1736804396 0.8125779629 0.1768787205 -0.5553655624
-75.5 147.7 2986.5 -0.5744373202 0.0544922240 -0.8167327046 -0.0853791237 0.9883502722 0.1259927005 0.8140836358 0.1421068460 -0.5630927682
15.8 356.0 2900.9 -0.0224740040 0.7036375403 -0.7102035880 0.9601565003 0.2131238282 0.1807698160 0.2785577178 -0.6778439283 -0.6803919077
22.6 66.5 2816.9 -0.4140219688 0.7036375403 -0.5774772763 0.8982614875 0.2131238282 -0.3843234479 -0.1473502517 -0.6778439283 -0.7202884555
-145.1 332.2 3128.8 -0.1998596787 -0.1933452636 -0.9605590701 -0.9740985632 0.1450361311 0.1734833270 0.1057735831 0.9703515768 -0.2173242271
-198.2 73.5 3156.9 0.3119660616 -0.1557053924 -0.9372475743 -0.9470985532 0.0272974763 -0.3197799325 0.0753759518 0.9874262810 -0.1389524639
-43.4 -53.2 2874.8 -0.3925510049 0.0333189666 -0.9191265106 0.0465055667 0.9987843037 0.0163444895 0.9185537100 -0.0363284536 -0.3936232924
-56.6 -449.2 2889.2 -0.3925510049 0.5092701316 -0.7658640146 0.0465055667 0.8426306248 0.5364800692 0.9185537100 0.1749788523 -0.3544593751
-139.6 -56.1 3032.2 -0.0493027531 0.1701049060 0.9841918349 -0.0264964849 0.9848206043 -0.1715409160 -0.9984323382 -0.0345350616 -0.0440471880
-206.7 -444.6 3045.8 -0.0898953155 -0.3066000342 0.9475839138 0.0969899520 0.9442187548 0.3147124350 -0.9912173152 0.1201972887 -0.0551437140
140.1 -188.5 2858.7 0 0 0 0 0 0 0 0 0
-114.9 -179.3 3177.0 0 0 0 0 0 0 0 0 0
-232.4 -740.1 2828.8 0 0 0 0 0 0 0 0 0
-116.4 -722.7 3010.4 0 0 0 0 0 0 0 0 0
-50.8 557.9 3051.9 93 -0.5993132591 0.0505717285 -0.7989156246 -0.1002727821 0.9853996634 0.1375967264 0.7942096591 0.1625730246 -0.5854921341
-60.9 361.0 3019.4 -0.5993132591 0.0505717285 -0.7989156246 -0.1002727821 0.9853996634 0.1375967264 0.7942096591 0.1625730246 -0.5854921341
-68.0 164.5 2990.8 -0.5990667343 0.0353781655 -0.7999171019 -0.0946108103 0.9888972044 0.1145913228 0.7950898409 0.1443286538 -0.5890682936
23.1 374.3 2907.9 -0.0108185681 0.6680067778 -0.7440765500 0.9687042236 0.1915407926 0.1578742862 0.2479820997 -0.7190821171 -0.6491732001
26.5 71.1 2830.3 -0.4020086825 0.6680067778 -0.6262235641 0.9060551524 0.1915407926 -0.3773276806 -0.1321101040 -0.7190821171 -0.6822520494
-145.0 347.7 3131.0 -0.1889716089 -0.2264333069 -0.9555196166 -0.9768996239 0.1422254890 0.1594961584 0.0997839943 0.9635869861 -0.2480791956
-195.2 88.2 3157.5 0.3238621354 -0.1875328869 -0.9273320436 -0.9422025681 0.0249948706 -0.3341102004 0.0858351961 0.9819402695 -0.1685990840
-33.9 -41.2 2884.0 -0.4142322838 -0.0466000214 -0.9089774489 0.0469036400 0.9962685704 -0.0724496916 0.9089618325 -0.0726453513 -0.4105009139
-15.5 -435.2 2912.7 -0.4142322838 0.5502358079 -0.7250187397 0.0469036400 0.8084204793 0.5867336392 0.9089618325 0.2090380043 -0.3606819212
-141.1 -48.4 3032.7 -0.0189818367 0.0501535982 0.9985611439 -0.0481144972 0.9975380898 -0.0510168336 -0.9986614585 -0.0490136594 -0.0165219903
-160.9 -440.6 3051.9 -0.0519854650 -0.1508419067 0.9871900678 0.1611269265 0.9743081927 0.1573585123 -0.9855636358 0.1672432572 -0.0263451710
140.9 -186.8 2867.9 0 0 0 0 0 0 0 0 0
-108.7 -163.4 3180.4 0 0 0 0 0 0 0 0 0
-219.7 -735.2 2835.2 0 0 0 0 0 0 0 0 0
-110.4 -766.8 2995.9 0 0 0 0 0 0 0 0 0
-47.8 540.2 3077.4 94 -0.5602816343 0.0790344849 -0.8245229125 -0.1554231048 0.9677247405 0.1983745247 0.8135896325 0.2392955124 -0.5299146175
-63.5 347.9 3029.8 -0.5602816343 0.0790344849 -0.8245229125 -0.1554231048 0.9677247405 0.1983745247 0.8135896325 0.2392955124 -0.5299146175
-70.8 154.0 2988.6 -0.5601418018 0.0352306180 -0.8276472092 -0.1530428380 0.9774961472 0.1451868415 0.8141369820 0.2079907060 -0.5421446562
15.1 369.4 2915.8 -0.0740477517 0.6316301823 -0.7717254758 0.9608857036 0.2522691786 0.1142756045 0.2668624818 -0.7330781817 -0.6256043911
37.6 78.0 2834.9 -0.3803298771 0.6705658436 -0.6369385123 0.9138686657 0.1666673720 -0.3702243268 -0.1421029121 -0.7228854895 -0.6761977077
-142.1 326.3 3143.8 -0.1789275259 -0.1815649122 -0.9669638872 -0.9829085469 0.0762521997 0.1675602049 0.0433100723 0.9804181457 -0.1921053231
-189.6 65.5 3155.3 0.3338342309 -0.1410042644 -0.9320260286 -0.9425991774 -0.0417118371 -0.3313108683 0.0078397254 0.9891299009 -0.1468353420
-20.7 -23.9 2888.7 -0.3757339120 -0.1233619303 -0.9184802175 0.0328539088 0.9887043834 -0.1462337524 0.9261450171 -0.0851206407 -0.3674368262
33.1 -455.4 2925.9 -0.3757339120 0.6350848079 -0.6749010086 0.0328539088 0.7369331717 0.6751667857 0.9261450171 0.2315099090 -0.2977558076
-131.1 -37.4 3034.4 -0.0679967105 0.0081495075 0.9976522326 -0.0708650500 0.9974014759 -0.0129773887 -0.9951655865 -0.0715810955 -0.0672425032
-134.4 -430.6 3062.6 -0.0755358264 -0.0123523008 0.9970665574 0.2413935661 0.9699540138 0.0303039216 -0.9674830437 0.2429744899 -0.0702845156
146.5 -183.7 2875.6 0 0 0 0 0 0 0 0 0
-100.7 -185.6 3157.4 0 0 0 0 0 0 0 0 0
-199.6 -725.5 2841.0 0 0 0 0 0 0 0 0 0
-130.0 -774.6 2976.5 0 0 0 0 0 0 0 0 0
-44.8 529.7 3090.6 95 -0.5731224418 0.0684295297 -0.8166076541 -0.1765724868 0.9627873898 0.2046034634 0.8002204895 0.2614533007 -0.5397123098
-58.3 339.8 3039.0 -0.5731224418 0.0684295297 -0.8166076541 -0.1765724868 0.9627873898 0.2046034634 0.8002204895 0.2614533007 -0.5397123098
-63.2 146.8 2993.0 -0.5731381178 0.0237560011 -0.8191143274 -0.1769017577 0.9724234939 0.1519812644 0.8001365066 0.2320090383 -0.5531305075
22.2 364.7 2926.8 -0.0786929578 0.6439186931 -0.7610362172 0.9591398835 0.2570187449 0.1182882115 0.2717685699 -0.7206317186 -0.6378336549
45.6 79.0 2845.8 -0.3507795632 0.6829070449 -0.6407742500 0.9283847213 0.1639436632 -0.3335029781 -0.1227006465 -0.7118710876 -0.6915085912
-138.9 314.9 3151.3 -0.1708972454 -0.1993566453 -0.9649098516 -0.9851442575 0.0513513647 0.1638714820 0.0168805700 0.9785805941 -0.2051708549
-184.2 53.4 3155.8 0.3420093656 -0.1578991264 -0.9263355136 -0.9396573901 -0.0664646253 -0.3355986178 -0.0085778162 0.9852159023 -0.1711025983
-27.1 -26.1 2872.7 -0.3920644224 -0.1951176524 -0.8990075588 0.0515049174 0.9710596800 -0.2332173139 0.9184948206 -0.1377395242 -0.3706684411
63.6 -477.5 2936.7 -0.3920644224 0.6943040490 -0.6035125256 0.0515049174 0.6715740561 0.7391451597 0.9184948206 0.2587086558 -0.2990603745
-130.0 -52.3 3021.4 -0.0493188240 -0.0259214826 0.9984466434 -0.0954227746 0.9952126741 0.0211240612 -0.9942143559 -0.0942327380 -0.0515562184
-119.8 -446.0 3058.7 -0.0341411047 0.0466051735 0.9983297586 0.2906859815 0.9561892152 -0.0346969739 -0.9562091827 0.2890158594 -0.0461928248
144.9 -183.7 2880.5 0 0 0 0 0 0 0 0 0
-93.0 -197.3 3153.5 0 0 0 0 0 0 0 0 0
-174.8 -708.1 2847.9 0 0 0 0 0 0 0 0 0
-136.9 -797.4 2952.5 0 0 0 0 0 0 0 0 0
-42.2 530.1 3110.2 96 -0.4339464605 0.0663219243 -0.8984942436 -0.2295513749 0.9562331438 0.1814505011 0.8712041378 0.2849904001 -0.3997297287
-55.2 342.8 3054.4 -0.4339464605 0.0663219243 -0.8984942436 -0.2295513749 0.9562331438 0.1814505011 0.8712041378 0.2849904001 -0.3997297287
-59.8 150.9 3003.4 -0.4336225390 0.0206756871 -0.9008573890 -0.2223924994 0.9663550854 0.1292262822 0.8732199669 0.2563793361 -0.4144352078
5.0 373.8 2933.3 -0.1642204374 0.9156274796 -0.3669577837 0.9323933125 0.2655144930 0.2452443391 0.3219850659 -0.3018748462 -0.8973277807
56.3 82.3 2832.7 -0.3271460235 0.9156274796 -0.2336704135 0.9285146594 0.2655144930 -0.2595429718 -0.1756017953 -0.3018748462 -0.9370355010
-115.4 311.8 3175.4 -0.1268664896 -0.0464553870 -0.9908313751 -0.9918848872 0.0143216094 0.1263298988 0.0083215954 0.9988176823 -0.0478953272
-149.0 48.6 3177.6 0.3686132431 -0.0008329280 -0.9295824766 -0.9248660207 -0.1009394377 -0.3666525483 -0.0935261399 0.9948922396 -0.0379779600
-15.6 -30.1 2873.6 -0.3976059854 -0.2167101204 -0.8915975690 0.0548658147 0.9643548727 -0.2588616610 0.9159144163 -0.1518431753 -0.3715432882
86.3 -483.8 2945.0 -0.3976059854 0.7195126414 -0.5693953633 0.0548658147 0.6380894780 0.7680049539 0.9159144163 0.2741230130 -0.2931848168
-120.8 -61.6 3020.0 -0.9999216199 -0.0113808354 -0.0052181822 -0.0104553858 0.9883199930 -0.1520337909 0.0068875058 -0.1519673169 -0.9883615375
-116.3 -452.9 3080.2 -0.9999216199 -0.0065246518 -0.0106855864 -0.0104553858 0.9046690464 0.4259865582 0.0068875058 0.4260649085 -0.9046663642
148.7 -179.9 2882.2 0 0 0 0 0 0 0 0 0
-51.0 -197.4 3152.7 0 0 0 0 0 0 0 0 0
-144.6 -688.5 2857.1 0 0 0 0 0 0 0 0 0
-113.9 -794.7 2919.2 0 0 0 0 0 0 0 0 0
-43.5 530.8 3094.5 97 -0.5029634237 0.0605300218 -0.8621855378 -0.1628952026 0.9730291963 0.1633381546 0.8488186002 0.2225989997 -0.4795380235
-55.5 338.7 3050.5 -0.5029634237 0.0605300218 -0.8621855378 -0.1628952026 0.9730291963 0.1633381546 0.8488186002 0.2225989997 -0.4795380235
-62.4 144.5 3010.1 -0.5028334856 0.0317234918 -0.8638009429 -0.1601474732 0.9786058068 0.1291643679 0.8494181633 0.2032837123 -0.4869953692
14.6 361.0 2932.5 -0.1534058005 0.9152363539 -0.3725708425 0.9333776832 0.2580037713 0.2494797111 0.3244575858 -0.3094776869 -0.8938404918
