366.4 364.8 2599.7 76 0.8646705747 -0.0328115895 0.5012665987 0.0112995729 0.9988824725 0.0458927751 -0.5022122264 -0.0340180323 0.8640750051
373.0 165.2 2606.5 0.8646705747 -0.0328115895 0.5012665987 0.0112995729 0.9988824725 0.0458927751 -0.5022122264 -0.0340180323 0.8640750051
378.5 -33.2 2615.1 0.8649499416 -0.0277217738 0.5010918975 0.0020804689 0.9986627102 0.0516575873 -0.5018538237 -0.0436387248 0.8638508916
246.7 164.9 2679.7 0.1950735897 -0.4408430755 0.8761299253 0.5975626707 0.7617698908 0.2502508759 -0.7777307630 0.4747251868 0.4120325446
180.9 -36.8 2942.2 0.3250178099 -0.4914754033 0.8079698682 0.7398934960 0.6642529964 0.1064216122 -0.5890000463 0.5632227659 0.5795335174
499.3 165.5 2533.2 0.9549164176 -0.0484973043 0.2928868234 -0.2941874862 -0.0221383572 0.9554913044 -0.0398547165 -0.9985779524 -0.0354075804
709.8 100.6 2524.4 -0.6318145394 -0.0484973043 0.7736009359 -0.7736420631 -0.0221383572 -0.6332359910 0.0478364900 -0.9985779524 -0.0235322192
290.2 -231.7 2658.7 0.8580999970 0.0708059892 0.5085772872 0.0379254967 0.9790022969 -0.2002902776 -0.5120800734 0.1911571324 0.8373965025
262.0 -620.7 2582.8 0.8409138322 0.1948198527 0.5048853159 -0.0774295777 0.9666679502 -0.2440445572 -0.5356011391 0.1661273837 0.8279692531
449.9 -229.8 2569.0 0.3226099312 -0.0612313673 0.9445493817 -0.0357670337 0.9964040518 0.0768090934 -0.9458559752 -0.0585631095 0.3192597926
474.2 -625.5 2592.2 0.3251649439 -0.0952054709 0.9408526421 -0.0612563938 0.9907091260 0.1214210987 -0.9436712265 -0.0971151292 0.3163119256
89.8 -244.1 3107.2 0 0 0 0 0 0 0 0 0
545.8 -100.2 2536.9 0 0 0 0 0 0 0 0 0
187.6 -989.8 2519.3 0 0 0 0 0 0 0 0 0
510.5 -1003.7 2629.3 0 0 0 0 0 0 0 0 0
380.6 363.9 2600.2 77 0.8709665537 -0.0211108606 0.4908885956 -0.0025132780 0.9988720417 0.0474161133 -0.4913358986 -0.0425315909 0.8699311018
384.8 163.4 2608.8 0.8709665537 -0.0211108606 0.4908885956 -0.0025132780 0.9988720417 0.0474161133 -0.4913358986 -0.0425315909 0.8699311018
388.9 -35.0 2618.7 0.8710566759 -0.0205264278 0.4907534420 -0.0068369252 0.9985229373 0.0538996905 -0.4911349416 -0.0503049307 0.8696297407
257.6 164.4 2680.5 0.2086729109 -0.4415332973 0.8726419806 0.5911352038 0.7677829266 0.2471206039 -0.7791115642 0.4642820060 0.4212213457
187.2 -35.2 2943.5 0.3372718096 -0.4939177632 0.8014318347 0.7338459492 0.6711809039 0.1048156843 -0.5896760821 0.5527760983 0.5888299346
512.0 162.4 2537.1 0.9662033319 -0.0467686690 0.2535032034 -0.2551982105 -0.0346730314 0.9662668705 -0.0364012904 -0.9983037710 -0.0454364792
726.5 105.7 2529.0 -0.5977751017 -0.0467686690 0.8002984524 -0.7997208834 -0.0346730314 -0.5993699431 0.0557805076 -0.9983037710 -0.0166752040
304.8 -231.8 2669.8 0.8650682569 0.0876002908 0.4939464629 0.0349407718 0.9717225432 -0.2335259765 -0.5004358888 0.2192747891 0.8375455141
270.0 -617.8 2582.7 0.8463675976 0.2022844255 0.4926894605 -0.0869281515 0.9651278257 -0.2469246238 -0.5254573226 0.1661604047 0.8344371319
463.3 -231.5 2577.8 0.3329658508 -0.0562668219 0.9412586093 -0.0255463682 0.9973133802 0.0686545894 -0.9425927401 -0.0469053723 0.3306338787
485.7 -627.6 2596.5 0.3368368447 -0.0725720748 0.9387620687 -0.0732378662 0.9919850826 0.1029649824 -0.9387103915 -0.1034353301 0.3288221061
92.7 -240.8 3108.7 0 0 0 0 0 0 0 0 0
571.4 -101.8 2543.4 0 0 0 0 0 0 0 0 0
192.7 -986.4 2519.2 0 0 0 0 0 0 0 0 0
513.4 -1006.4 2636.0 0 0 0 0 0 0 0 0 0
393.1 361.3 2600.0 78 0.8672159910 -0.0309449900 0.4969696999 0.0016748370 0.9982426167 0.0592353307 -0.4979293644 -0.0505374819 0.8657438159
399.3 161.5 2610.1 0.8672159910 -0.0309449900 0.4969696999 0.0016748370 0.9982426167 0.0592353307 -0.4979293644 -0.0505374819 0.8657438159
404.9 -36.8 2621.9 0.8674136996 -0.0283728465 0.4967780411 -0.0049792412 0.9978280663 0.0656838268 -0.4975627065 -0.0594486296 0.8653884530
272.6 162.2 2682.8 0.1984824538 -0.4437862337 0.8738755584 0.5852436423 0.7688725591 0.2575360537 -0.7861899137 0.4603137374 0.4123307765
205.6 -35.3 2948.2 0.3274240494 -0.4947915077 0.8049688339 0.7306870818 0.6727336645 0.1163006350 -0.5990741849 0.5501006842 0.5818069577
526.0 160.8 2537.4 0.9669111967 -0.0575833134 0.2485294640 -0.2515173554 -0.0521833412 0.9664449692 -0.0426820070 -0.9969759583 -0.0649398565
736.7 106.0 2528.1 -0.5761422515 -0.0575833134 0.8153185248 -0.8138202429 -0.0521833412 -0.5787690282 0.0758734792 -0.9969759583 -0.0167974383
313.1 -232.8 2673.8 0.8609518409 0.0945548490 0.4998212457 0.0356510654 0.9689403772 -0.2447112203 -0.5074356198 0.2285037339 0.8308400512
275.6 -617.7 2583.0 0.8412874341 0.2079534531 0.4989897609 -0.0880672112 0.9634408951 -0.2530332804 -0.5333662629 0.1689291000 0.8288446069
472.8 -234.1 2583.7 0.3251906931 -0.0576359890 0.9438903928 -0.0163288806 0.9976498485 0.0665443093 -0.9455074668 -0.0370522626 0.3234853148
495.7 -630.5 2598.4 0.3282500505 -0.0442636833 0.9435532093 -0.0731881335 0.9947067499 0.0721245930 -0.9417512417 -0.0927317962 0.3232729733
113.8 -240.1 3116.1 0 0 0 0 0 0 0 0 0
587.1 -105.3 2547.8 0 0 0 0 0 0 0 0 0
196.1 -985.8 2518.4 0 0 0 0 0 0 0 0 0
512.6 -1010.2 2633.8 0 0 0 0 0 0 0 0 0
401.0 361.8 2601.4 79 0.8590255976 -0.0381764472 0.5105071664 0.0054019606 0.9978359938 0.0655297562 -0.5119041204 -0.0535340011 0.8573728800
408.7 161.3 2612.1 0.8590255976 -0.0381764472 0.5105071664 0.0054019606 0.9978359938 0.0655297562 -0.5119041204 -0.0535340011 0.8573728800
415.8 -36.8 2624.7 0.8592989445 -0.0354175232 0.5102459192 -0.0020090076 0.9973582029 0.0726126209 -0.5114696622 -0.0634210408 0.8569577336
283.2 161.6 2686.8 0.1822033077 -0.4409971535 0.8788193464 0.5828447938 0.7682677507 0.2646819949 -0.7918925881 0.4639893770 0.3970138431
221.7 -35.1 2954.2 0.3132518530 -0.4899647236 0.8135157228 0.7299239635 0.6722230911 0.1238028482 -0.6075230837 0.5550231338 0.5682120919
534.2 161.0 2537.4 0.9678420424 -0.0143324537 0.2511500418 -0.2514957190 -0.0327958278 0.9673026204 -0.0056271455 -0.9993593097 -0.0353457332
754.7 103.8 2536.2 -0.5919791460 -0.0143324537 0.8058258295 -0.8051967025 -0.0327958278 -0.5921002626 0.0349139757 -0.9993593097 0.0078740017
331.0 -234.6 2679.3 0.8501651883 0.1300976574 0.5101899505 0.0188597552 0.9608456492 -0.2764414847 -0.5261781812 0.2446429878 0.8144239187
279.4 -616.1 2582.2 0.8340743184 0.1987542659 0.5146034956 -0.0816613585 0.9670477509 -0.2411433756 -0.5455744267 0.1591082662 0.8228201866
490.1 -235.5 2588.1 0.3102442026 -0.0279113241 0.9502470493 -0.0237619895 0.9990289211 0.0371021815 -0.9503598809 -0.0340904966 0.3092797101
501.2 -632.3 2601.6 0.3110134900 -0.0249683652 0.9500774741 -0.0501737706 0.9978294969 0.0426479876 -0.9490801692 -0.0609330684 0.3090856969
133.9 -239.7 3124.5 0 0 0 0 0 0 0 0 0
601.1 -105.1 2545.2 0 0 0 0 0 0 0 0 0
203.5 -985.5 2521.4 0 0 0 0 0 0 0 0 0
510.7 -1013.2 2624.9 0 0 0 0 0 0 0 0 0
409.3 356.8 2601.1 80 0.8560037613 -0.0504347384 0.5145035982 0.0105963992 0.9967324138 0.0800759867 -0.5168610215 -0.0630934611 0.8537411094
419.4 157.3 2613.7 0.8560037613 -0.0504347384 0.5145035982 0.0105963992 0.9967324138 0.0800759867 -0.5168610215 -0.0630934611 0.8537411094
428.8 -40.7 2627.9 0.8563607335 -0.0470973551 0.5142257214 0.0033008673 0.9963108897 0.0857539251 -0.5163674951 -0.0717389062 0.8533570170
294.4 156.8 2689.1 0.1711259633 -0.4470470548 0.8779890537 0.5779609680 0.7672483921 0.2780125737 -0.7979204059 0.4598682523 0.3896718919
236.6 -38.3 2958.5 0.3015401959 -0.4944075346 0.8152512908 0.7280988693 0.6714579463 0.1378995478 -0.6155855656 0.5520012975 0.5624490976
544.5 157.7 2538.3 0.9640544057 0.0032169570 0.2656854987 -0.2657037675 0.0086755119 0.9640156627 0.0007962394 -0.9999572039 0.0092184227
758.5 98.7 2538.4 -0.5820875168 0.0032169570 0.8131197691 -0.8130771518 0.0086755119 -0.5820912719 -0.0089267930 -0.9999572039 -0.0024342726
344.0 -234.8 2684.2 0.8451005220 0.1543103158 0.5118529201 0.0113390842 0.9520478249 -0.3057391047 -0.5344871283 0.2641842365 0.8028263450
282.8 -612.8 2579.3 0.8313463330 0.1892885864 0.5225257277 -0.0771002099 0.9703997374 -0.2288664728 -0.5503806472 0.1499804556 0.8213324547
501.6 -235.2 2590.4 0.3050692677 -0.0075322171 0.9523003697 -0.0264652465 0.9995154738 0.0163838025 -0.9519623518 -0.0302010588 0.3047221005
504.6 -632.2 2602.4 0.3057607114 -0.0118630631 0.9520344734 -0.0652491301 0.9973104596 0.0333830118 -0.9498699307 -0.0723266378 0.3041643202
152.1 -242.4 3131.1 0 0 0 0 0 0 0 0 0
608.7 -110.5 2536.2 0 0 0 0 0 0 0 0 0
210.4 -983.6 2522.0 0 0 0 0 0 0 0 0 0
509.1 -1013.1 2630.0 0 0 0 0 0 0 0 0 0
414.5 357.5 2600.4 81 0.8449541330 -0.0714087114 0.5300503373 0.0219227765 0.9948381186 0.0990780890 -0.5343893170 -0.0720962659 0.8421580791
428.8 158.0 2614.9 0.8449541330 -0.0714087114 0.5300503373 0.0219227765 0.9948381186 0.0990780890 -0.5343893170 -0.0720962659 0.8421580791
441.6 -39.6 2630.5 0.8456280231 -0.0640530065 0.5299155712 0.0120246205 0.9948078990 0.1010577604 -0.5336372256 -0.0790852457 0.8420076370
305.3 156.3 2692.8 0.1459847987 -0.4495899677 0.8812248707 0.5735759139 0.7642344832 0.2948836088 -0.8060391545 0.4624008536 0.3694405854
256.1 -37.3 2964.9 0.2776795924 -0.4936012030 0.8241673708 0.7273191810 0.6684933305 0.1553172767 -0.6276152134 0.5563043356 0.5446325541
552.3 159.7 2536.9 0.9528197050 0.0227762144 0.3026811779 -0.3034491539 0.0474961549 0.9516631365 0.0072990903 -0.9986116886 0.0521666929
767.4 91.3 2538.6 -0.6064711213 0.0227762144 0.7947792411 -0.7934314013 0.0474961549 -0.6068037152 -0.0515696481 -0.9986116886 -0.0107336827
359.7 -238.9 2689.5 0.8309096098 0.1833297759 0.5253374577 0.0025268223 0.9429066181 -0.3330476582 -0.5564017296 0.2780599296 0.7830069065
286.9 -613.3 2579.1 0.8163995743 0.1956238449 0.5433443189 -0.0870450586 0.9718121886 -0.2190987915 -0.5708895326 0.1315767318 0.8104151487
516.7 -238.4 2594.8 0.2862110734 0.0284591932 0.9577438831 -0.0266551599 0.9994084239 -0.0217316523 -0.9577957392 -0.0193089768 0.2868003249
505.4 -635.2 2602.5 0.2866517603 -0.0108725997 0.9579731226 -0.0558733493 0.9980438948 0.0280462205 -0.9564041495 -0.0615646653 0.2854835391
178.3 -241.1 3140.8 0 0 0 0 0 0 0 0 0
611.0 -113.3 2525.3 0 0 0 0 0 0 0 0 0
212.1 -984.6 2528.9 0 0 0 0 0 0 0 0 0
509.6 -1016.4 2626.0 0 0 0 0 0 0 0 0 0
420.9 355.6 2600.6 82 0.8411263227 -0.0828740522 0.5344514847 0.0292008817 0.9937076569 0.1081313193 -0.5400498509 -0.0753456429 0.8382536769
437.5 156.4 2615.7 0.8411263227 -0.0828740522 0.5344514847 0.0292008817 0.9937076569 0.1081313193 -0.5400498509 -0.0753456429 0.8382536769
452.5 -41.1 2631.7 0.8418655396 -0.0752692819 0.5344126821 0.0199099313 0.9938840270 0.1086191460 -0.5393199325 -0.0808025971 0.8382153511
314.5 153.5 2694.5 0.1344159693 -0.4546777010 0.8804547191 0.5732981563 0.7604002953 0.3051566780 -0.8082460165 0.4637451172 0.3628758192
269.2 -40.0 2967.3 0.2656530738 -0.4970219433 0.8260736465 0.7288312316 0.6644206047 0.1653791517 -0.6310573816 0.5581347942 0.5387504697
560.5 159.3 2536.9 0.9447942972 0.0389289036 0.3253432512 -0.3275213540 0.0829041302 0.9411996007 0.0096675679 -0.9957969189 0.0910774022
771.5 86.1 2539.1 -0.6234645844 0.0389289036 0.7808818221 -0.7767646909 0.0829041302 -0.6243104339 -0.0890420526 -0.9957969189 -0.0214491934
376.8 -238.4 2695.2 0.8211429715 0.2156157792 0.5284260511 -0.0184693355 0.9354438186 -0.3529925942 -0.5704236627 0.2800976932 0.7721153498
291.2 -609.7 2583.9 0.8104147315 0.1966407895 0.5518699288 -0.0794109553 0.9701647758 -0.2290724069 -0.5804497600 0.1418191344 0.8018512726
531.9 -236.2 2597.3 0.2801871896 0.0579771213 0.9581930041 -0.0227574445 0.9982951283 -0.0537490211 -0.9596756101 -0.0067462381 0.2810288966
508.8 -632.6 2600.0 0.2803040147 0.0010316372 0.9599107504 -0.0555154346 0.9983430505 0.0151381483 -0.9583045840 -0.0575331450 0.2798968554
194.7 -244.3 3144.2 0 0 0 0 0 0 0 0 0
610.6 -114.3 2516.1 0 0 0 0 0 0 0 0 0
216.1 -980.4 2529.8 0 0 0 0 0 0 0 0 0
508.4 -1014.0 2621.9 0 0 0 0 0 0 0 0 0
427.3 353.3 2610.2 83 0.8283199072 -0.0831923261 0.5540443659 0.0396109335 0.9951352477 0.0902041271 -0.5588533878 -0.0527716614 0.8275856376
443.9 154.2 2620.7 0.8283199072 -0.0831923261 0.5540443659 0.0396109335 0.9951352477 0.0902041271 -0.5588533878 -0.0527716614 0.8275856376
459.1 -43.5 2633.4 0.8292537332 -0.0764838234 0.5536140203 0.0279720668 0.9950298071 0.0955679193 -0.5581718683 -0.0637643263 0.8272715807
322.8 150.1 2702.2 0.1162542403 -0.4434289038 0.8887382746 0.5857537985 0.7532401681 0.2992017865 -0.8021081090 0.4857983589 0.3473075330
283.6 -47.6 2973.0 0.2516374588 -0.4836588502 0.8383034468 0.7384559512 0.6558368206 0.1567189991 -0.6255888343 0.5796138644 0.5221938491
565.0 158.3 2539.2 0.9535620809 0.0314212106 0.2995531261 -0.3011964560 0.0986558497 0.9484449029 0.0002486189 -0.9946254492 0.1035384312
782.2 89.7 2539.3 -0.6554185152 0.0314212106 0.7546120286 -0.7492642999 0.0986558497 -0.6548816562 -0.0950240642 -0.9946254492 -0.0411180742
390.2 -240.3 2697.2 0.8030617833 0.2476142943 0.5420137644 -0.0286059193 0.9245486856 -0.3799887896 -0.5952087641 0.2896496654 0.7495529652
291.9 -607.4 2582.2 0.7948839664 0.1785235405 0.5799041986 -0.0793609321 0.9781157374 -0.1923316866 -0.6015491486 0.1068596318 0.7916562557
544.6 -236.7 2598.3 0.2569744885 0.0951547250 0.9617222548 -0.0217883904 0.9954583645 -0.0926707312 -0.9661725163 0.0028596343 0.2578806877
506.9 -631.9 2597.2 0.2583002746 -0.0139326323 0.9659641981 -0.0825201795 0.9959232807 0.0364307687 -0.9625338316 -0.0891216174 0.2560975254
213.1 -254.6 3148.3 0 0 0 0 0 0 0 0 0
612.6 -104.2 2514.7 0 0 0 0 0 0 0 0 0
223.8 -980.8 2541.4 0 0 0 0 0 0 0 0 0
512.2 -1012.2 2631.2 0 0 0 0 0 0 0 0 0
430.5 351.7 2606.5 84 0.8255954981 -0.0915093049 0.5567926764 0.0364687890 0.9933524132 0.1091834083 -0.5630826354 -0.0698357746 0.8234445453
448.7 153.4 2620.4 0.8255954981 -0.0915093049 0.5567926764 0.0364687890 0.9933524132 0.1091834083 -0.5630826354 -0.0698357746 0.8234445453
464.9 -44.0 2635.5 0.8266122937 -0.0814795941 0.5568421483 0.0247889180 0.9937747717 0.1086152345 -0.5622255802 -0.0759791732 0.8234862089
328.0 149.8 2702.5 0.1098586321 -0.4448135793 0.8888599277 0.5760411620 0.7572693229 0.3077656925 -0.8100047112 0.4782091975 0.3394235075
290.9 -44.7 2976.0 0.2453083247 -0.4841532707 0.8398925066 0.7316001058 0.6608901024 0.1672886759 -0.6360700130 0.5734281540 0.5163284540
569.5 157.0 2538.3 0.9575609565 0.0108612608 0.2880260944 -0.2879368067 0.0811694339 0.9542033076 -0.0130150635 -0.9966411591 0.0808520392
785.5 92.1 2535.4 -0.6713836193 0.0108612608 0.7410303950 -0.7380365133 0.0811694339 -0.6698608994 -0.0674245507 -0.9966411591 -0.0464798212
398.2 -243.8 2697.2 0.7968727946 0.2666465044 0.5421193242 -0.0455921404 0.9213129878 -0.3861396015 -0.6024243236 0.2829877734 0.7463262081
292.3 -609.6 2584.8 0.7938349843 0.1583125144 0.5871653557 -0.0654578060 0.9821553230 -0.1763128191 -0.6046000719 0.1015287414 0.7900320888
550.3 -238.6 2594.9 0.2520971298 0.1103555784 0.9613889456 -0.0393725634 0.9938233495 -0.1037543043 -0.9669006467 -0.0116961859 0.2548849881
506.5 -633.3 2599.5 0.2523106039 -0.0101926802 0.9675925970 -0.0566058606 0.9980766177 0.0252744127 -0.9659891725 -0.0611484125 0.2512483597
222.2 -249.7 3154.3 0 0 0 0 0 0 0 0 0
611.6 -99.2 2517.9 0 0 0 0 0 0 0 0 0
231.9 -984.7 2546.1 0 0 0 0 0 0 0 0 0
510.4 -1014.4 2622.9 0 0 0 0 0 0 0 0 0
434.6 352.7 2612.6 85 0.8136000037 -0.0926754177 0.5739915371 0.0419317558 0.9939970374 0.1010527238 -0.5799109936 -0.0581480227 0.8126020432
453.1 153.6 2624.3 0.8136000037 -0.0926754177 0.5739915371 0.0419317558 0.9939970374 0.1010527238 -0.5799109936 -0.0581480227 0.8126020432
469.8 -43.9 2637.6 0.8146978617 -0.0839581713 0.5737755895 0.0295743234 0.9941914082 0.1034835726 -0.5791310668 -0.0673388243 0.8124486208
334.1 149.3 2708.8 0.0924290866 -0.4354580939 0.8954513669 0.5818378925 0.7534114718 0.3063263893 -0.8080356121 0.4926940501 0.3230031431
302.9 -47.1 2981.6 0.2313223034 -0.4727178812 0.8503103852 0.7363200188 0.6563179493 0.1645587385 -0.6358638406 0.5880344510 0.4998926222
572.1 157.9 2539.7 0.9566834569 -0.0098751793 0.2909626961 -0.2893965840 0.0766487569 0.9541355371 -0.0317241885 -0.9970092773 0.0704707503
788.5 92.5 2532.5 -0.7050294876 -0.0098751793 0.7091092467 -0.7075911164 0.0766487569 -0.7024526596 -0.0474154949 -0.9970092773 -0.0610272214
405.3 -243.8 2702.1 0.7795654535 0.2991542816 0.5502585173 -0.0553717613 0.9080355763 -0.4152172208 -0.6238683462 0.2932201922 0.7244378328
286.5 -604.3 2585.7 0.7822802067 0.1081423387 0.6134679914 -0.0324365608 0.9905511737 -0.1332523376 -0.6220816374 0.0843418762 0.7783963680
556.9 -239.2 2599.0 0.2318705767 0.1243707314 0.9647631645 -0.0329468735 0.9922279119 -0.1199928671 -0.9721885324 -0.0039631147 0.2341660857
507.5 -633.3 2600.6 0.2321549654 -0.0138094546 0.9725807905 -0.0508257188 0.9983609915 0.0263075978 -0.9713500142 -0.0555395558 0.2310725898
238.1 -253.5 3159.8 0 0 0 0 0 0 0 0 0
605.8 -90.9 2520.2 0 0 0 0 0 0 0 0 0
245.3 -982.1 2553.5 0 0 0 0 0 0 0 0 0
512.8 -1014.7 2621.8 0 0 0 0 0 0 0 0 0
437.0 354.1 2615.7 86 0.7883250117 -0.0835857913 0.6095548868 0.0248456057 0.9942454696 0.1042045355 -0.6147571802 -0.0670022815 0.7858653069
453.8 155.1 2629.1 0.7883250117 -0.0835857913 0.6095548868 0.0248456057 0.9942454696 0.1042045355 -0.6147571802 -0.0670022815 0.7858653069
468.5 -42.5 2644.3 0.7893740535 -0.0738539174 0.6094540358 0.0115952818 0.9943540692 0.1054778844 -0.6138030291 -0.0761947185 0.7857736349
338.6 153.4 2718.7 0.0648761764 -0.4040932357 0.9124142528 0.5711282492 0.7648140192 0.2981141210 -0.8182930946 0.5017650127 0.2804072797
316.7 -39.3 2994.8 0.2129154205 -0.4384084344 0.8731924891 0.7256802917 0.6693769097 0.1591309458 -0.6542592049 0.5997771621 0.4606650174
568.9 156.8 2539.5 0.9584571719 -0.0295474231 0.2837020457 -0.2816588283 0.0589986332 0.9576990604 -0.0450355709 -0.9978206754 0.0482253693
789.8 91.9 2529.2 -0.7276404500 -0.0295474231 0.6853221059 -0.6856956482 0.0589986332 -0.7254933715 -0.0189966075 -0.9978206754 -0.0631903261
411.7 -244.2 2704.1 0.7591363192 0.3174962997 0.5682500601 -0.0511655957 0.8993834257 -0.4341561496 -0.6489176750 0.3005088568 0.6989995241
285.6 -601.4 2584.8 0.7602314353 0.0791944489 0.6448072791 -0.0382025652 0.9962741137 -0.0773201436 -0.6485281587 0.0341479108 0.7604243159
561.1 -238.7 2597.9 0.1920886785 0.1253771037 0.9733357430 -0.0276845805 0.9921031594 -0.1223309860 -0.9809870124 -0.0034479955 0.1940428019
511.3 -632.9 2599.3 0.1920953691 0.0020497052 0.9813741446 -0.0518789217 0.9986208081 0.0080691166 -0.9800040722 -0.0524626710 0.1919367611
257.0 -242.7 3178.1 0 0 0 0 0 0 0 0 0
601.1 -85.9 2524.2 0 0 0 0 0 0 0 0 0
255.5 -981.1 2571.7 0 0 0 0 0 0 0 0 0
510.5 -1014.4 2619.3 0 0 0 0 0 0 0 0 0
438.0 353.8 2617.2 87 0.7711231112 -0.0793982074 0.6317159534 0.0158074070 0.9942754507 0.1056712791 -0.6364898086 -0.0714997724 0.7679638863
453.9 155.0 2631.5 0.7711231112 -0.0793982074 0.6317159534 0.0158074070 0.9942754507 0.1056712791 -0.6364898086 -0.0714997724 0.7679638863
468.3 -42.6 2646.9 0.7718124390 -0.0724899247 0.6317046285 0.0067819692 0.9943621755 0.1058197618 -0.6358140707 -0.0773888081 0.7679527402
341.3 154.0 2724.3 0.0438620187 -0.3871205449 0.9209852219 0.5681869388 0.7679260969 0.2957247496 -0.8217297196 0.5103207231 0.2536396384
326.5 -37.8 3001.7 0.1970232874 -0.4190118015 0.8863469362 0.7227594852 0.6729232669 0.1574579328 -0.6624202132 0.6095927954 0.4354263246
566.6 156.0 2538.7 0.9567774534 -0.0481392257 0.2868091762 -0.2830607891 0.0721551478 0.9563839436 -0.0667343438 -0.9962310195 0.0554100946
789.9 89.9 2523.2 -0.7506432533 -0.0481392257 0.6589516997 -0.6606063843 0.0721551478 -0.7472568750 -0.0115743903 -0.9962310195 -0.0859638527
410.9 -241.1 2715.7 0.7504354715 0.3072549403 0.5851845741 -0.0275560655 0.8991520405 -0.4367679358 -0.6603690386 0.3116407692 0.6832223535
288.8 -598.3 2591.9 0.7496247292 0.0814743564 0.6568292975 -0.0379704386 0.9960539341 -0.0802175999 -0.6607730389 0.0351930000 0.7497602701
555.5 -239.0 2603.2 0.1672897339 0.1092288643 0.9798383713 -0.0065062144 0.9939444661 -0.1096905470 -0.9858863354 0.0119750639 0.1669873744
512.1 -633.8 2598.5 0.1671334952 0.0075023873 0.9859057069 -0.0633296818 0.9979876876 0.0031414987 -0.9838982224 -0.0629621521 0.1672722995
271.3 -240.3 3187.3 0 0 0 0 0 0 0 0 0
595.2 -81.5 2520.2 0 0 0 0 0 0 0 0 0
259.4 -957.5 2579.2 0 0 0 0 0 0 0 0 0
509.2 -1015.1 2622.5 0 0 0 0 0 0 0 0 0
437.9 354.1 2618.0 88 0.7551115751 -0.0883666128 0.6496135592 0.0202140566 0.9935415387 0.1116541177 -0.6552845836 -0.0711799935 0.7520209551
455.5 155.4 2632.2 0.7551115751 -0.0883666128 0.6496135592 0.0202140566 0.9935415387 0.1116541177 -0.6552845836 -0.0711799935 0.7520209551
471.0 -42.1 2647.7 0.7561583519 -0.0775963813 0.6497717500 0.0076788100 0.9939284921 0.1097598597 -0.6543436050 -0.0780063644 0.7521631718
345.2 154.3 2727.7 0.0221374147 -0.3771532178 0.9258862734 0.5661813617 0.7680184245 0.2993097901 -0.8239833713 0.5175936222 0.2305390686
337.7 -36.8 3005.9 0.1786379367 -0.4063392282 0.8960897923 0.7216851115 0.6731483936 0.1613747478 -0.6687743068 0.6178669930 0.4134988487
565.9 156.5 2536.7 0.9430893064 -0.0421085432 0.3298627734 -0.3241544366 0.1049427092 0.9401654005 -0.0742056891 -0.9935863614 0.0853206739
784.6 81.4 2519.5 -0.7710691094 -0.0421085432 0.6353575587 -0.6358173490 0.1049427092 -0.7646720409 -0.0344769210 -0.9935863614 -0.1076914296
412.1 -240.8 2720.6 0.7332348824 0.3094515502 0.6054802537 -0.0298991017 0.9042556882 -0.4259433150 -0.6793177724 0.2942131758 0.6722841859
289.1 -600.1 2603.7 0.7328235507 0.0748145580 0.6762931347 -0.0355365649 0.9967885017 -0.0717621669 -0.6794900894 0.0285558701 0.7331287265
553.5 -239.6 2604.1 0.1440860033 0.0912148207 0.9853522778 -0.0013062694 0.9957593083 -0.0919871926 -0.9895642996 0.0119669307 0.1435941309
517.2 -635.2 2599.3 0.1424147338 0.0269713495 0.9894395471 -0.0793803558 0.9967200756 -0.0157442186 -0.9866188765 -0.0762998536 0.1440886110
287.6 -239.0 3193.3 0 0 0 0 0 0 0 0 0
585.8 -82.5 2510.6 0 0 0 0 0 0 0 0 0
263.0 -948.5 2593.7 0 0 0 0 0 0 0 0 0
506.9 -1015.9 2628.5 0 0 0 0 0 0 0 0 0
439.5 354.9 2627.9 89 0.7426785231 -0.0836165175 0.6644071341 0.0342659317 0.9956190586 0.0869972929 -0.6687708497 -0.0418444909 0.7422900796
456.2 155.5 2636.3 0.7426785231 -0.0836165175 0.6644071341 0.0342659317 0.9956190586 0.0869972929 -0.6687708497 -0.0418444909 0.7422900796
471.1 -42.3 2647.0 0.7438175678 -0.0752175674 0.6641368866 0.0199859906 0.9957062602 0.0903859884 -0.6680838466 -0.0539572537 0.7421270609
347.6 152.6 2733.8 0.0091079623 -0.3644529879 0.9311772585 0.5846472979 0.7574084401 0.2907232046 -0.8112364411 0.5417623520 0.2199749053
344.5 -44.7 3007.6 0.1691515744 -0.3921560049 0.9042131305 0.7360260487 0.6604125500 0.1487312913 -0.6554795504 0.6403662562 0.4003468454
564.8 158.5 2538.7 0.9201200604 -0.0510429777 0.3882959187 -0.3785407245 0.1383357942 0.9151885509 -0.1004291698 -0.9890691638 0.1079636887
777.0 71.2 2515.6 -0.7662562728 -0.0510429777 0.6405044198 -0.6405827403 0.1383357942 -0.7553257346 -0.0500506163 -0.9890691638 -0.1386979222
417.1 -240.3 2723.2 0.7139812708 0.3201168776 0.6227005124 -0.0347184837 0.9044553041 -0.4251531363 -0.6993034482 0.2819321752 0.6568781734
289.9 -599.6 2611.2 0.7125300169 0.0736313313 0.6977674365 -0.0567386039 0.9972681403 -0.0472968817 -0.6993438005 -0.0058899033 0.7147611976
555.7 -238.9 2603.3 0.1235789284 0.1041985154 0.9868490100 0.0010144450 0.9944580793 -0.1051289737 -0.9923342466 0.0139928292 0.1227883622
514.3 -634.0 2597.7 0.1217376813 0.0275761690 0.9921791553 -0.0804061592 0.9966026545 -0.0178334955 -0.9893001318 -0.0776063129 0.1235413849
297.1 -251.0 3191.3 0 0 0 0 0 0 0 0 0
578.0 -95.2 2502.6 0 0 0 0 0 0 0 0 0
264.3 -946.1 2613.2 0 0 0 0 0 0 0 0 0
503.8 -1014.8 2627.4 0 0 0 0 0 0 0 0 0
439.6 355.3 2632.8 90 0.7304257751 -0.0832266286 0.6779022813 0.0425947569 0.9961665869 0.0764052346 -0.6816625595 -0.0269332733 0.7311708331
456.3 155.5 2638.2 0.7304257751 -0.0832266286 0.6779022813 0.0425947569 0.9961665869 0.0764052346 -0.6816625595 -0.0269332733 0.7311708331
471.5 -42.4 2645.7 0.7313677669 -0.0771584138 0.6776044369 0.0308925062 0.9963075519 0.0801053345 -0.6812832355 -0.0376535654 0.7310508490
349.5 151.0 2737.7 -0.0063830516 -0.3551439941 0.9347898364 0.5966759324 0.7488064766 0.2885597646 -0.8024569154 0.5596084595 0.2071262002
351.6 -50.4 3008.5 0.1563790292 -0.3809405565 0.9112792611 0.7459264994 0.6503096223 0.1438439935 -0.6474096775 0.6572531462 0.3858484328
563.1 160.1 2538.8 0.9119018912 -0.0661801845 0.4050371349 -0.3919771612 0.1519904286 0.9073327780 -0.1216092110 -0.9861638546 0.1126592383
778.5 67.4 2510.0 -0.7742813826 -0.0661801845 0.6293715239 -0.6312163472 0.1519904286 -0.7605687380 -0.0453238711 -0.9861638546 -0.1594573706
417.8 -241.9 2718.9 0.6881309152 0.3210477531 0.6506951451 -0.0596916974 0.9187934399 -0.3901993930 -0.7231270671 0.2296671718 0.6514140368
290.5 -606.5 2627.8 0.6882137060 0.0749693438 0.7216241956 -0.0585961752 0.9971410632 -0.0477094874 -0.7231378555 -0.0094500938 0.6906390786
554.2 -238.2 2596.5 0.1014978737 0.0971086323 0.9900848866 -0.0215229113 0.9952058792 -0.0954044983 -0.9946029186 -0.0116261551 0.1031013429
515.6 -633.6 2601.1 0.1006640643 0.0227513649 0.9946603179 -0.0617213026 0.9979556799 -0.0165802706 -0.9930041432 -0.0597226955 0.1018625200
307.8 -259.5 3190.0 0 0 0 0 0 0 0 0 0
576.6 -97.2 2498.2 0 0 0 0 0 0 0 0 0
264.9 -945.9 2631.0 0 0 0 0 0 0 0 0 0
506.9 -1014.8 2623.9 0 0 0 0 0 0 0 0 0
438.7 354.4 2635.3 91 0.7202590108 -0.0839847848 0.6886025667 0.0492541790 0.9963304400 0.0699980333 -0.6919544935 -0.0165001601 0.7217525244
455.5 155.2 2638.6 0.7202590108 -0.0839847848 0.6886025667 0.0492541790 0.9963304400 0.0699980333 -0.6919544935 -0.0165001601 0.7217525244
470.3 -42.9 2644.2 0.7214286327 -0.0748192295 0.6884350777 0.0345745794 0.9967979193 0.0721005723 -0.6916251779 -0.0282130614 0.7217053771
350.1 150.1 2739.6 -0.0163942426 -0.3447695971 0.9385441542 0.6033528447 0.7450966835 0.2842468321 -0.7973058224 0.5709332824 0.1958024204
355.7 -53.6 3008.7 0.1490319520 -0.3694164157 0.9172354937 0.7508516312 0.6458663940 0.1381245703 -0.6434370875 0.6681228280 0.3736316562
560.9 160.2 2537.6 0.8830381036 -0.0886909664 0.4608444870 -0.4460386932 0.1467223912 0.8829054236 -0.1459219456 -0.9851936102 0.0900018588
764.1 57.6 2504.0 -0.7642893791 -0.0886909664 0.6387453675 -0.6443016529 0.1467223912 -0.7505650520 -0.0271499138 -0.9851936102 -0.1692821085
419.8 -243.2 2715.6 0.6695924401 0.3230478764 0.6687944531 -0.0774409100 0.9259139895 -0.3697110415 -0.7386804819 0.1957636625 0.6450021267
291.6 -610.7 2637.9 0.6690789461 0.0835055187 0.7384850383 -0.0837247968 0.9958111048 -0.0367471576 -0.7384602427 -0.0372427590 0.6732677817
553.9 -237.5 2590.7 0.0838530809 0.0962246358 0.9918212891 -0.0444172956 0.9946983457 -0.0927485228 -0.9954876900 -0.0362767726 0.0876825601
515.7 -632.6 2605.1 0.0840387493 0.0254503619 0.9961374402 -0.0372155458 0.9990565181 -0.0223852657 -0.9957672954 -0.0351905674 0.0849066079
313.9 -264.0 3189.1 0 0 0 0 0 0 0 0 0
564.4 -110.7 2496.9 0 0 0 0 0 0 0 0 0
263.4 -946.3 2650.5 0 0 0 0 0 0 0 0 0
505.9 -1014.2 2618.6 0 0 0 0 0 0 0 0 0
436.1 356.7 2637.5 92 0.7119894624 -0.1003610641 0.6949810386 0.0707783625 0.9949499965 0.0711685419 -0.6986139417 -0.0014816301 0.7154972553
456.2 157.3 2637.8 0.7119894624 -0.1003610641 0.6949810386 0.0707783625 0.9949499965 0.0711685419 -0.6986139417 -0.0014816301 0.7154972553
474.3 -40.5 2640.4 0.7133871913 -0.0910986811 0.6948235631 0.0562453978 0.9957588315 0.0728063658 -0.6985092759 -0.0128584988 0.7154855132
352.0 149.1 2739.8 -0.0346517600 -0.3505940735 0.9358862638 0.6143510342 0.7311468720 0.2966430187 -0.7882716060 0.5852418542 0.1900523007
363.7 -58.3 3005.9 0.1300542355 -0.3726090193 0.9188299179 0.7623366714 0.6301186681 0.1476255804 -0.6339784861 0.6812583804 0.3660031259
560.4 165.6 2535.8 0.8578171730 -0.1032358631 0.5034798980 -0.4893543422 0.1353900284 0.8615114093 -0.1571050286 -0.9853993654 0.0656209737
757.8 53.0 2499.7 -0.7439637184 -0.1032358631 0.6601971984 -0.6680765152 0.1353900284 -0.7316716313 -0.0138493646 -0.9853993654 -0.1696947217
419.0 -244.1 2713.2 0.6511602998 0.3229263723 0.6868106127 -0.0902594924 0.9314885139 -0.3523952663 -0.7535539269 0.1674746275 0.6356955171
290.8 -613.9 2646.7 0.6497469544 0.0897836611 0.7548296452 -0.1069306433 0.9939218163 -0.0261781961 -0.7525920272 -0.0637052134 0.6553983092
551.3 -237.7 2586.4 0.0724969655 0.1004421934 0.9922981262 -0.0448915400 0.9942364097 -0.0973586291 -0.9963578582 -0.0374875851 0.0765881315
511.4 -632.8 2601.3 0.0725154206 -0.0007627544 0.9973670244 -0.0592448190 0.9982305765 0.0050709196 -0.9956061244 -0.0594565459 0.0723419264
327.3 -271.9 3183.6 0 0 0 0 0 0 0 0 0
563.3 -121.7 2496.1 0 0 0 0 0 0 0 0 0
260.9 -945.4 2668.0 0 0 0 0 0 0 0 0 0
511.7 -1013.9 2624.0 0 0 0 0 0 0 0 0 0
431.6 358.1 2641.6 93 0.7107551694 -0.1128225103 0.6943328977 0.0867417380 0.9935780168 0.0726536587 -0.6980708838 0.0085886810 0.7159771323
454.3 157.7 2639.9 0.7107551694 -0.1128225103 0.6943328977 0.0867417380 0.9935780168 0.0726536587 -0.6980708838 0.0085886810 0.7159771323
474.2 -40.0 2640.1 0.7124531269 -0.0999688804 0.6945623159 0.0708741769 0.9949900508 0.0705098882 -0.6981313825 -0.0010084573 0.7159689665
350.3 147.3 2741.9 -0.0406205431 -0.3567516804 0.9333156943 0.6232919097 0.7210148573 0.3027289808 -0.7809335589 0.5940251350 0.1930724084
364.0 -63.1 3005.5 0.1228431687 -0.3778003454 0.9177017212 0.7708965540 0.6186794043 0.1515066624 -0.6250024438 0.6888415813 0.3672455549
558.4 168.0 2538.0 0.8527622223 -0.0976316705 0.5130932331 -0.4983625114 0.1418910474 0.8552787304 -0.1563056409 -0.9850558043 0.0723433569
755.2 53.1 2501.9 -0.7089536786 -0.0976316705 0.6984645128 -0.7045636177 0.1418910474 -0.6953107715 -0.0312215108 -0.9850558043 -0.1693819016
426.9 -243.4 2706.9 0.6347826719 0.3278864026 0.6996724010 -0.1241502687 0.9370164871 -0.3264763951 -0.7626517415 0.1203770339 0.6355090141
296.8 -615.2 2659.2 0.6332632899 0.1129140183 0.7656553388 -0.1380289644 0.9899167418 -0.0318247713 -0.7615284920 -0.0855291486 0.6424633265
557.7 -233.1 2578.9 0.0704436004 0.1266193241 0.9894469380 -0.0494836681 0.9911334515 -0.1233121604 -0.9962876439 -0.0402749106 0.0760845914
507.4 -626.8 2594.9 0.0711194649 -0.0132631594 0.9973796010 -0.0947914794 0.9952963591 0.0199946873 -0.9929534793 -0.0959651023 0.0695277080
329.6 -279.2 3180.7 0 0 0 0 0 0 0 0 0
570.0 -131.0 2493.7 0 0 0 0 0 0 0 0 0
259.3 -944.1 2687.6 0 0 0 0 0 0 0 0 0
512.5 -1006.8 2631.5 0 0 0 0 0 0 0 0 0
428.0 357.3 2649.2 94 0.6923162937 -0.1075544283 0.7135335803 0.0844200850 0.9941115379 0.0679375157 -0.7166389823 0.0132023171 0.6973193884
449.6 157.7 2646.6 0.6923162937 -0.1075544283 0.7135335803 0.0844200850 0.9941115379 0.0679375157 -0.7166389823 0.0132023171 0.6973193884
469.6 -40.0 2646.4 0.6937646270 -0.1004128978 0.7131674886 0.0705675334 0.9949455857 0.0714391917 -0.7167362571 0.0007644864 0.6973439455
348.3 147.4 2751.2 -0.0614628047 -0.3412824273 0.9379491806 0.6227217317 0.7212868929 0.3032539189 -0.7800256610 0.6027201414 0.1681916565
369.1 -62.8 3014.5 0.1059357673 -0.3597730398 0.9270064831 0.7704994678 0.6190069318 0.1521872431 -0.6285762787 0.6981359124 0.3427799046
550.9 168.0 2541.9 0.8535146117 -0.1484684050 0.4994696379 -0.4852403104 0.1228301227 0.8657104373 -0.1898805648 -0.9812593460 0.0327944532
751.9 53.7 2497.2 -0.6519767046 -0.1484684050 0.7435613871 -0.7582297921 0.1228301227 -0.6403126717 0.0037344622 -0.9812593460 -0.1926555485
428.7 -244.2 2704.3 0.6068325043 0.3323631883 0.7220035195 -0.1462803781 0.9395591617 -0.3095652461 -0.7812530994 0.0822393000 0.6187732220
296.8 -617.0 2671.7 0.6066459417 0.1135289073 0.7868239284 -0.1479122788 0.9885869026 -0.0285995416 -0.7810906768 -0.0990311280 0.6165145040
559.4 -231.2 2576.3 0.0441910848 0.1346834004 0.9899027944 -0.0501785167 0.9899193048 -0.1324455887 -0.9977621436 -0.0438189395 0.0505038239
505.8 -624.5 2593.7 0.0451701619 -0.0174297020 0.9988272190 -0.1026171818 0.9944777489 0.0219944790 -0.9936947823 -0.1034903303 0.0431321338
339.4 -278.8 3190.7 0 0 0 0 0 0 0 0 0
582.0 -143.8 2498.2 0 0 0 0 0 0 0 0 0
258.8 -948.0 2704.8 0 0 0 0 0 0 0 0 0
512.5 -1004.3 2633.2 0 0 0 0 0 0 0 0 0
423.8 358.4 2652.5 95 0.6628976464 -0.1037493646 0.7414868474 0.0717163980 0.9945975542 0.0750495195 -0.7452673912 0.0034266165 0.6667569280
444.6 158.7 2651.8 0.6628976464 -0.1037493646 0.7414868474 0.0717163980 0.9945975542 0.0750495195 -0.7452673912 0.0034266165 0.6667569280
463.3 -39.1 2654.0 0.6646007895 -0.0938380957 0.7412828207 0.0545625538 0.9955289364 0.0771044716 -0.7452038527 -0.0107974028 0.6667492986
347.7 150.8 2760.5 -0.0891698226 -0.3118584752 0.9459350109 0.6113065481 0.7326662540 0.2991730571 -0.7863543034 0.6049334407 0.1253093928
377.8 -55.5 3025.9 0.0850766376 -0.3270825744 0.9411582947 0.7601268888 0.6320028305 0.1509290040 -0.6441809535 0.7025591731 0.3023929298
541.6 166.7 2543.1 0.8692438006 -0.1499625593 0.4710906744 -0.4620925188 0.0922829881 0.8820171952 -0.1757432222 -0.9843754768 0.0109198382
750.9 55.4 2500.7 -0.6062631011 -0.1499625593 0.7809969783 -0.7950643897 0.0922829881 -0.5994635224 0.0178243499 -0.9843754768 -0.1751776636
425.9 -244.2 2711.9 0.5840454102 0.3145614564 0.7482927442 -0.1329671144 0.9464823008 -0.2940934896 -0.8007563353 0.0722656250 0.5946149826
301.0 -619.9 2683.3 0.5819890499 0.1256847531 0.8034251928 -0.1498113722 0.9876447916 -0.0459822603 -0.7992779613 -0.0936010554 0.5936274529
553.1 -231.2 2580.5 0.0044372263 0.1159854680 0.9932410121 -0.0578654110 0.9916162491 -0.1155372262 -0.9983145595 -0.0569616333 0.0111115724
507.0 -625.2 2603.2 0.0043305745 -0.0068845227 0.9999669194 -0.0423171520 0.9990792871 0.0070616752 -0.9990948439 -0.0423463322 0.0040352540
353.9 -268.5 3206.4 0 0 0 0 0 0 0 0 0
592.8 -151.9 2505.4 0 0 0 0 0 0 0 0 0
259.1 -949.6 2714.5 0 0 0 0 0 0 0 0 0
509.6 -1006.1 2619.3 0 0 0 0 0 0 0 0 0
417.6 358.4 2655.1 96 0.6508522630 -0.0983837321 0.7528027296 0.0612175763 0.9951400757 0.0771277696 -0.7567322850 -0.0041140215 0.6537119746
437.3 158.9 2655.9 0.6508522630 -0.0983837321 0.7528027296 0.0612175763 0.9951400757 0.0771277696 -0.7567322850 -0.0041140215 0.6537119746
455.5 -39.0 2659.3 0.6522202492 -0.0912078843 0.7525223494 0.0468531400 0.9956873059 0.0800720006 -0.7565801740 -0.0169665404 0.6536808014
342.1 152.0 2766.4 -0.1005089134 -0.2996777892 0.9487313628 0.6053295732 0.7383479476 0.2973523438 -0.7896037102 0.6041817069 0.1071932837
376.1 -52.3 3032.9 0.0765433908 -0.3135668933 0.9464760423 0.7547606230 0.6385037899 0.1504969001 -0.6515193582 0.7028433084 0.2855412066
532.6 165.7 2545.5 0.8829329014 -0.1546594203 0.4432944655 -0.4388396740 0.0637489408 0.8963012099 -0.1668809801 -0.9859089851 -0.0115846489
750.5 57.4 2504.3 -0.5654422641 -0.1546594203 0.8101577163 -0.8240270019 0.0637489408 -0.5629525185 0.0354192108 -0.9859089851 -0.1634898782
421.1 -241.9 2724.4 0.5735793114 0.2887946665 0.7665535808 -0.1303456724 0.9560458064 -0.2626526654 -0.8087130189 0.0507351942 0.5860112309
306.5 -621.4 2704.3 0.5744155645 0.1339174658 0.8075350523 -0.1242505684 0.9893599153 -0.0756884888 -0.8090788126 -0.0568600483 0.5849430561
542.9 -231.9 2587.9 -0.0093061430 0.0913908482 0.9957715869 -0.0363152549 0.9951269627 -0.0916710719 -0.9992970228 -0.0370148048 -0.0059419116
506.6 -627.1 2602.6 -0.0093087805 0.0044252994 0.9999468923 -0.0369106084 0.9993072152 -0.0047660796 -0.9992752075 -0.0369530134 -0.0091389911
354.6 -263.8 3215.5 0 0 0 0 0 0 0 0 0
603.0 -157.6 2513.6 0 0 0 0 0 0 0 0 0
261.8 -951.2 2723.2 0 0 0 0 0 0 0 0 0
504.9 -1008.5 2616.7 0 0 0 0 0 0 0 0 0
410.7 356.0 2655.9 97 0.6462923288 -0.1107444614 0.7550111413 0.0670988634 0.9938281178 0.0883370712 -0.7601341605 -0.0064311801 0.6497343183
432.9 156.7 2657.2 0.6462923288 -0.1107444614 0.7550111413 0.0670988634 0.9938281178 0.0883370712 -0.7601341605 -0.0064311801 0.6497343183
453.2 -40.9 2661.1 0.6479122639 -0.1024845243 0.7547891140 0.0519929156 0.9945467114 0.0904077664 -0.7599384189 -0.0193326119 0.6497074962
338.3 149.1 2768.2 -0.1111181453 -0.3050040305 0.9458463192 0.6017301083 0.7368042469 0.3082862198 -0.7909321189 0.6034004092 0.1016577855
375.8 -54.0 3035.2 0.0649527386 -0.3173012137 0.9460977912 0.7535766959 0.6371021867 0.1619350910 -0.6541432142 0.7024391294 0.2804923356
527.5 164.3 2546.3 0.8934119940 -0.1957460344 0.4043494165 -0.4083395600 0.0213827640 0.9125796556 -0.1872799546 -0.9804214835 -0.0608272329
743.3 65.6 2501.0 -0.4959176779 -0.1957460344 0.8460195661 -0.8646623492 0.0213827640 -0.5018982291 0.0801543519 -0.9804214835 -0.1798583120
413.9 -241.1 2732.1 0.5777420998 0.2539361119 0.7757129073 -0.1018929556 0.9653769732 -0.2401355356 -0.8098344803 0.0596967302 0.5836132765
313.1 -624.3 2708.4 0.5723674297 0.1423091292 0.8075541258 -0.1426615119 0.9870881438 -0.0728333220 -0.8074919581 -0.0735194609 0.5852791667
533.4 -232.5 2593.4 -0.0129779587 0.0823632702 0.9965178967 -0.0288994107 0.9961546063 -0.0827096105 -0.9994980693 -0.0298721828 -0.0105478028
500.7 -628.3 2605.3 -0.0131207798 -0.0222790875 0.9996656775 -0.0225045513 0.9995051026 0.0219801310 -0.9996606112 -0.0222086310 -0.0136156669
357.6 -265.2 3218.6 0 0 0 0 0 0 0 0 0
614.3 -159.4 2521.9 0 0 0 0 0 0 0 0 0
265.7 -952.8 2732.8 0 0 0 0 0 0 0 0 0
509.2 -1009.8 2613.7 0 0 0 0 0 0 0 0 0
400.4 354.6 2656.4 98 0.6592750549 -0.1323250234 0.7401665449 0.0854783133 0.9912006855 0.1010677069 -0.7470273376 -0.0033632340 0.6647847891
426.9 156.0 2657.0 0.6592750549 -0.1323250234 0.7401665449 0.0854783133 0.9912006855 0.1010677069 -0.7470273376 -0.0033632340 0.6647847891
451.7 -41.1 2660.5 0.6612696052 -0.1247928143 0.7396953702 0.0700938851 0.9920304418 0.1047016308 -0.7468663454 -0.0173878856 0.6647467613
330.4 145.7 2766.1 -0.1093520224 -0.3334940672 0.9363887310 0.6025042534 0.7270198464 0.3292883039 -0.7905888557 0.6001865268 0.1214305162
367.3 -57.7 3033.0 0.0604425706 -0.3454299569 0.9364960194 0.7576665282 0.6266782880 0.1822518706 -0.6498370171 0.6985359192 0.2995987833
523.5 166.2 2548.0 0.8889504075 -0.2103348076 0.4068493545 -0.4152254462 0.0047472566 0.9097061753 -0.1932742894 -0.9776178598 -0.0831162930
729.0 70.3 2503.3 -0.4388923943 -0.2103348076 0.8735746741 -0.8940122128 0.0047472566 -0.4480174184 0.0900865719 -0.9776178598 -0.1901254356
414.2 -243.3 2734.6 0.5875840187 0.2399832308 0.7727568150 -0.1182835028 0.9702230096 -0.2113676220 -0.8004711270 0.0327918567 0.5984736085
319.0 -628.5 2721.6 0.5861762762 0.1529653519 0.7956123352 -0.1275402457 0.9871928096 -0.0958321244 -0.8000817895 -0.0452980734 0.5981782675
533.0 -233.7 2595.3 0.0082506454 0.1017970741 0.9947709441 -0.0118979393 0.9947444201 -0.1016956717 -0.9998951554 -0.0109966695 0.0094184587
492.6 -628.9 2599.6 0.0102330623 -0.0469880812 0.9988430142 -0.0538347401 0.9974207282 0.0474727079 -0.9984974265 -0.0542582497 0.0076770773
350.4 -270.1 3215.2 0 0 0 0 0 0 0 0 0
616.6 -158.5 2526.3 0 0 0 0 0 0 0 0 0
268.7 -953.1 2736.5 0 0 0 0 0 0 0 0 0
510.5 -1009.5 2620.3 0 0 0 0 0 0 0 0 0
394.2 353.6 2666.6 99 0.6368635297 -0.1309277117 0.7597781420 0.0929034203 0.9913265109 0.0929551795 -0.7653586268 0.0113862250 0.6435033083
420.4 155.7 2664.3 0.6368635297 -0.1309277117 0.7597781420 0.0929034203 0.9913265109 0.0929551795 -0.7653586268 0.0113862250 0.6435033083
445.3 -41.5 2665.1 0.6388484240 -0.1254092753 0.7590423226 0.0775451884 0.9920963645 0.0986486077 -0.7654145360 -0.0041614254 0.6435240507
327.1 144.3 2776.0 -0.1326954663 -0.3156729043 0.9395437837 0.6101362109 0.7210209370 0.3284243941 -0.7811053991 0.6168301105 0.0969272628
371.9 -61.7 3039.7 0.0412201099 -0.3247037530 0.9449171424 0.7640278935 0.6196780205 0.1796120107 -0.6438651085 0.7145394087 0.2736259103
513.7 167.0 2552.5 0.8925012946 -0.1884616762 0.4097848237 -0.4130386710 0.0235296544 0.9104094505 -0.1812193990 -0.9817986488 -0.0568417162
720.1 71.5 2510.6 -0.4073795974 -0.1884616762 0.8936017156 -0.9115185738 0.0235296544 -0.4105851948 0.0563534349 -0.9817986488 -0.1813718230
