-279.3 366.8 2935.3 6 0.8682521582 -0.1323609352 0.4781409502 0.1237077117 0.9910726547 0.0497129932 -0.4804525077 0.0159863122 0.8768750429
-251.9 161.6 2932.0 0.8682521582 -0.1323609352 0.4781409502 0.1237077117 0.9910726547 0.0497129932 -0.4804525077 0.0159863122 0.8768750429
-227.5 -34.0 2926.7 0.8691047430 -0.1239267886 0.4788518548 0.1171102598 0.9921343327 0.0442118756 -0.4805644155 0.0176537186 0.8767817020
-379.1 146.1 3000.4 0.1713856757 -0.4811816812 -0.8597040772 0.9790410399 0.1806341112 0.0940739885 0.1100251973 -0.8578085303 0.5020547509
-426.1 -122.8 2970.1 -0.2767358124 -0.4431696534 -0.8526535034 0.9456107020 0.0322984420 -0.3236930668 0.1709903330 -0.8958557248 0.4101278484
-124.8 177.1 2863.6 0.2704768181 0.5164915919 -0.8124523163 -0.9619888067 0.1780266315 -0.2070846707 0.0376806557 0.8375816345 0.5450111628
-64.8 -36.2 2871.9 0.8423558474 0.5164915919 -0.1538605690 -0.2813891470 0.1780266315 -0.9429351091 -0.4596267641 0.8375816345 0.2952968776
-276.7 -242.0 2969.5 0.6859542131 -0.1252835840 0.7167780995 0.1171257570 0.9912317395 0.0611655973 -0.7181562185 0.0419963710 0.6946135163
-226.9 -635.7 2952.8 0.6856900454 0.0524140596 0.7260040641 0.1120246127 0.9779220819 -0.1764054000 -0.7192215323 0.2022897601 0.6646798253
-120.8 -219.3 2876.5 0.9020732641 0.1002746373 0.4197724164 -0.0120314350 0.9780990481 -0.2077918649 -0.4314152598 0.1823930144 0.8835234642
-160.6 -607.8 2804.0 0.8958865404 -0.1334714890 0.4237601161 0.2211423814 0.9612216353 -0.1647696495 -0.3853353262 0.2413262278 0.8906617165
-357.2 -358.2 2927.6 0 0 0 0 0 0 0 0 0
122.8 -98.8 2769.5 0 0 0 0 0 0 0 0 0
-244.3 -959.5 2885.9 0 0 0 0 0 0 0 0 0
-114.2 -941.9 2720.2 0 0 0 0 0 0 0 0 0
-277.8 365.4 2934.5 7 0.8962000012 -0.1137720793 0.4288140237 0.1091600433 0.9933927059 0.0354259014 -0.4300111830 0.0150606623 0.9026979208
-254.3 160.0 2931.4 0.8962000012 -0.1137720793 0.4288140237 0.1091600433 0.9933927059 0.0354259014 -0.4300111830 0.0150606623 0.9026979208
-233.1 -36.0 2926.8 0.8969360590 -0.1068632379 0.4290524423 0.1025296673 0.9941731691 0.0332779959 -0.4301086068 0.0141423708 0.9026663899
-385.3 146.6 2992.4 0.1824493259 -0.4284103215 -0.8849728107 0.9754841328 0.1915242225 0.1083936915 0.1230567545 -0.8830532432 0.4528509378
-435.4 -121.3 2958.6 -0.2689379752 -0.3909750581 -0.8802334070 0.9500423670 0.0426199846 -0.3091973364 0.1584039778 -0.9194139838 0.3599807620
-123.2 173.4 2870.4 0.2505562007 0.4712564051 -0.8456588984 -0.9668348432 0.1664864123 -0.1936817169 0.0495169610 0.8661406636 0.4973413348
-67.6 -40.9 2881.4 0.8618788719 0.4712564051 -0.1873024851 -0.2954702079 0.1664864123 -0.9407335520 -0.4121434093 0.8661406636 0.2827333510
-282.5 -241.9 2967.1 0.7251323462 -0.1428583860 0.6736279130 0.1257792115 0.9892644882 0.0744003430 -0.6770248413 0.0307782926 0.7353162766
-225.8 -634.9 2954.9 0.7244217992 0.0577349588 0.6869350672 0.1127093360 0.9731575847 -0.2006511539 -0.6800806522 0.2227800637 0.6984692812
-123.4 -220.4 2879.1 0.9273285270 0.0892819241 0.3634425998 -0.0016195222 0.9720751643 -0.2346640527 -0.3742448092 0.2170220613 0.9015776515
-158.9 -606.4 2793.0 0.9209725857 -0.1236230358 0.3694953918 0.1922235489 0.9690486193 -0.1549028456 -0.3389094472 0.2136869878 0.9162304401
-368.5 -357.7 2919.2 0 0 0 0 0 0 0 0 0
124.4 -106.8 2789.5 0 0 0 0 0 0 0 0 0
-244.8 -956.1 2881.4 0 0 0 0 0 0 0 0 0
-116.1 -941.7 2719.0 0 0 0 0 0 0 0 0 0
-275.9 364.5 2921.1 8 0.9139866829 -0.1052870527 0.3918455839 0.0861241594 0.9940813184 0.0662188381 -0.3964983523 -0.0267757699 0.9176448584
-254.0 157.7 2926.7 0.9139866829 -0.1052870527 0.3918455839 0.0861241594 0.9940813184 0.0662188381 -0.3964983523 -0.0267757699 0.9176448584
-234.9 -38.5 2929.4 0.9146660566 -0.0962566659 0.3925820887 0.0794193000 0.9950967431 0.0589495897 -0.3963314593 -0.0227405913 0.9178258181
-387.6 147.6 2982.8 0.1881936342 -0.3902265131 -0.9012804031 0.9771878123 0.1663618237 0.1320141107 0.0984232575 -0.9055644870 0.4126328528
-439.3 -120.8 2955.7 -0.2645086944 -0.3530155122 -0.8974492550 0.9573615193 0.0159746427 -0.2884505391 0.1161639392 -0.9354810715 0.3337380290
-120.5 167.8 2870.7 0.2375565767 0.4377096295 -0.8671661615 -0.9670760632 0.1904543936 -0.1687929630 0.0912733003 0.8787134886 0.4685421884
-67.8 -46.6 2890.9 0.8744766116 0.4377096295 -0.2090475559 -0.3174038529 0.1904543936 -0.9289681911 -0.3668043017 0.8787134886 0.3054786623
-294.0 -242.9 2963.2 0.7444030046 -0.1712598950 0.6453946233 0.1535980403 0.9845483899 0.0840955675 -0.6498244405 0.0365303494 0.7592059970
-226.0 -633.9 2948.7 0.7420744896 0.0593147837 0.6676880121 0.0856593475 0.9795196056 -0.1822192520 -0.6648217440 0.1924139708 0.7217956185
-129.9 -224.1 2884.5 0.9426453710 0.0811540335 0.3237803578 -0.0114208898 0.9772685170 -0.2116973251 -0.3336004317 0.1958576441 0.9221445322
-162.1 -612.2 2806.8 0.9366148114 -0.1318996847 0.3245846927 0.2048135549 0.9577722549 -0.2018011212 -0.2842606902 0.2554892600 0.9240785241
-373.4 -359.1 2926.8 0 0 0 0 0 0 0 0 0
127.0 -117.4 2809.2 0 0 0 0 0 0 0 0 0
-245.8 -961.3 2884.4 0 0 0 0 0 0 0 0 0
-117.3 -937.4 2720.0 0 0 0 0 0 0 0 0 0
-274.9 365.9 2914.5 9 0.9263671637 -0.0880319849 0.3661887944 0.0650590360 0.9950863123 0.0746360049 -0.3709598184 -0.0453164503 0.9275425673
-256.8 160.3 2923.8 0.9263671637 -0.0880319849 0.3661887944 0.0650590360 0.9950863123 0.0746360049 -0.3709598184 -0.0453164503 0.9275425673
-240.8 -36.2 2929.6 0.9267860055 -0.0799803361 0.3669752181 0.0600950606 0.9960533977 0.0653161928 -0.3707509041 -0.0384807363 0.9279348254
-392.0 153.0 2976.1 0.2005633414 -0.3614464700 -0.9105662107 0.9754385948 0.1600778103 0.1513098627 0.0910710245 -0.9185485840 0.3846745789
-447.1 -114.9 2951.1 -0.2527163625 -0.3257509172 -0.9110547900 0.9627673626 0.0087503958 -0.2701895833 0.0959865972 -0.9454151392 0.3114109933
-121.5 167.5 2871.5 0.2196780741 0.4152582586 -0.8827809095 -0.9692720175 0.1955774575 -0.1492019743 0.1106946990 0.8884311914 0.4454622865
-72.8 -47.4 2896.1 0.8795612454 0.4152582586 -0.2322339267 -0.3356341422 0.1955774575 -0.9214657545 -0.3372265399 0.8884311914 0.3113971949
-299.7 -243.5 2970.0 0.7566635609 -0.1847693324 0.6271526814 0.1817325205 0.9808732867 0.0697197393 -0.6280394197 0.0612196513 0.7757697105
-226.3 -633.0 2945.7 0.7543294430 0.0647932589 0.6532908678 0.0646093935 0.9829598665 -0.1720917225 -0.6533090472 0.1720225811 0.7372893095
-132.2 -228.8 2897.6 0.9535773396 0.0789087862 0.2906263769 -0.0067942082 0.9704522491 -0.2411976606 -0.3010716438 0.2280260473 0.9259373546
-163.6 -614.2 2807.0 0.9465270042 -0.1367154270 0.2922251225 0.2058386952 0.9533767700 -0.2206880003 -0.2484291941 0.2690383792 0.9305381775
-384.2 -354.6 2927.2 0 0 0 0 0 0 0 0 0
123.2 -122.1 2820.9 0 0 0 0 0 0 0 0 0
-248.1 -964.3 2887.8 0 0 0 0 0 0 0 0 0
-116.4 -943.0 2714.2 0 0 0 0 0 0 0 0 0
-274.0 366.6 2911.6 0 0.9312350750 -0.0699873790 0.3576353192 0.0471438244 0.9962747097 0.0722095072 -0.3613567650 -0.0503837317 0.9310653806
-259.7 162.2 2921.9 0.9312350750 -0.0699873790 0.3576353192 0.0471438244 0.9962747097 0.0722095072 -0.3613567650 -0.0503837317 0.9310653806
-246.9 -34.5 2928.6 0.9314687848 -0.0633803159 0.3582580686 0.0436506942 0.9970647097 0.0629016384 -0.3611932099 -0.0429527014 0.9315012097
-395.6 157.3 2972.8 0.2154204398 -0.3491667211 -0.9119630456 0.9724003673 0.1624073386 0.1675152034 0.0896187723 -0.9228794575 0.3745157123
-454.7 -109.8 2948.2 -0.2380319089 -0.3156552613 -0.9185328484 0.9670961499 0.0104198046 -0.2541975677 0.0898097381 -0.9488167167 0.3027887642
-123.7 167.1 2871.1 0.2027314305 0.4090617597 -0.8897013068 -0.9722754955 0.1922115088 -0.1331732571 0.1165347472 0.8920332193 0.4366880357
-78.8 -48.5 2896.9 0.8774728179 0.4090617597 -0.2504196167 -0.3511302769 0.1922115088 -0.9163854122 -0.3267247081 0.8920332193 0.3122943342
-309.9 -239.5 2971.1 0.7609226108 -0.1979793906 0.6179004312 0.1944090873 0.9781260490 0.0739901140 -0.6190330386 0.0638247058 0.7827672362
-231.2 -628.1 2945.7 0.7602931857 0.0499287583 0.6476584077 0.0802804232 0.9821755886 -0.1699591428 -0.6446001530 0.1812130660 0.7427331209
-140.2 -228.5 2903.2 0.9606923461 0.0366361402 0.2751871347 0.0403516591 0.9622994661 -0.2689823210 -0.2746669054 0.2695135176 0.9229954481
-154.7 -610.1 2796.4 0.9543094635 -0.1119527668 0.2770559788 0.1717898101 0.9641762972 -0.2021195441 -0.2445029616 0.2404799908 0.9393548965
-395.5 -350.5 2925.9 0 0 0 0 0 0 0 0 0
116.7 -126.7 2824.1 0 0 0 0 0 0 0 0 0
-248.1 -960.5 2884.4 0 0 0 0 0 0 0 0 0
-115.9 -943.7 2713.1 0 0 0 0 0 0 0 0 0
-272.1 362.5 2909.7 1 0.9399839640 -0.0558696873 0.3366135955 0.0350050442 0.9970886111 0.0677419081 -0.3394182920 -0.0518931337 0.9392030239
-260.7 158.9 2920.3 0.9399839640 -0.0558696873 0.3366135955 0.0350050442 0.9970886111 0.0677419081 -0.3394182920 -0.0518931337 0.9392030239
-250.0 -37.8 2927.6 0.9400320649 -0.0528244153 0.3369708359 0.0341228098 0.9975429177 0.0611865632 -0.3393749893 -0.0460189395 0.9395248294
-397.8 155.4 2968.0 0.2225527018 -0.3259299994 -0.9188252687 0.9704673886 0.1640410125 0.1768717617 0.0930772126 -0.9310532808 0.3528122008
-458.9 -111.1 2942.4 -0.2308101803 -0.2932758629 -0.9277477860 0.9694804549 0.0116943140 -0.2448894382 0.0826695412 -0.9559563398 0.2816260755
-123.6 162.4 2872.6 0.1906480491 0.3899170458 -0.9008984566 -0.9739472866 0.1899347603 -0.1239011362 0.1228007674 0.9010490775 0.4159693420
-81.3 -53.5 2899.8 0.8814735413 0.3899170458 -0.2664001584 -0.3600627482 0.1899347603 -0.9133890867 -0.3055473268 0.9010490775 0.3078170717
-319.8 -236.6 2970.2 0.7659146786 -0.2175485194 0.6050184965 0.2391009182 0.9699014425 0.0460642725 -0.5968295336 0.1093791723 0.7948777676
-233.4 -621.5 2926.8 0.7739142776 0.0400361940 0.6320235729 0.0381608643 0.9932379127 -0.1096457615 -0.6321395636 0.1089749858 0.7671532035
-149.1 -228.5 2904.0 0.9681308866 0.0003244284 0.2504445612 0.0758172646 0.9526957273 -0.2943170965 -0.2386929542 0.3039254844 0.9223095775
-149.2 -606.2 2783.5 0.9637389183 -0.0972989425 0.2484758049 0.1426338553 0.9748036861 -0.1715033501 -0.2255280316 0.2007255256 0.9533343315
-401.5 -352.4 2921.8 0 0 0 0 0 0 0 0 0
115.1 -133.7 2831.7 0 0 0 0 0 0 0 0 0
-247.4 -968.2 2888.7 0 0 0 0 0 0 0 0 0
-115.7 -941.4 2714.5 0 0 0 0 0 0 0 0 0
-267.5 358.6 2897.2 2 0.9585218430 -0.0412125438 0.2820238173 0.0168330185 0.9959491491 0.0883286521 -0.2845216095 -0.0799176246 0.9553327560
-259.0 154.0 2913.6 0.9585218430 -0.0412125438 0.2820238173 0.0168330185 0.9959491491 0.0883286521 -0.2845216095 -0.0799176246 0.9553327560
-250.5 -42.6 2925.7 0.9584115744 -0.0411453359 0.2824080586 0.0195005257 0.9966813326 0.0790319443 -0.2847226262 -0.0702380240 0.9560332894
-398.7 152.6 2953.3 0.2254416794 -0.2698646486 -0.9361352324 0.9705241919 0.1462351531 0.1915673167 0.0851986259 -0.9517291188 0.2948776782
-460.6 -114.0 2929.9 -0.2265436500 -0.2371834219 -0.9446809292 0.9727957845 -0.0068640485 -0.2315624952 0.0484384485 -0.9714406133 0.2322860509
-119.3 155.4 2873.9 0.1744857877 0.3386468589 -0.9245934486 -0.9724799991 0.2065013051 -0.1078884006 0.1543936878 0.9179735780 0.3653588295
-80.7 -60.2 2908.2 0.8944672346 0.3386468589 -0.2919703722 -0.3733935058 0.2065013051 -0.9043973088 -0.2459790558 0.9179735780 0.3111571968
-325.7 -239.1 2967.7 0.7949901819 -0.2273794264 0.5623959303 0.2481640875 0.9678703547 0.0405155718 -0.5535387993 0.1073570028 0.8258748651
-235.4 -623.5 2925.1 0.8069805503 0.0256400034 0.5900211334 0.0446986817 0.9935398102 -0.1043103859 -0.5888839960 0.1105496213 0.8006212711
-153.4 -232.9 2905.6 0.9806941748 -0.0203856211 0.1944822967 0.0825385153 0.9447676539 -0.3171772957 -0.1772747338 0.3271062076 0.9282107353
-145.3 -607.7 2775.8 0.9780189395 -0.0882216096 0.1889335215 0.1203825176 0.9787244201 -0.1661522985 -0.1702556312 0.1852443963 0.9678313732
-404.2 -356.1 2917.9 0 0 0 0 0 0 0 0 0
118.6 -143.4 2853.4 0 0 0 0 0 0 0 0 0
-244.2 -963.8 2887.2 0 0 0 0 0 0 0 0 0
-115.8 -935.5 2713.7 0 0 0 0 0 0 0 0 0
-263.0 360.0 2902.5 3 0.9716412425 -0.0260675848 0.2350186706 0.0123138567 0.9981343746 0.0598007850 -0.2361390740 -0.0552109219 0.9701495171
-257.7 155.4 2913.8 0.9716412425 -0.0260675848 0.2350186706 0.0123138567 0.9981343746 0.0598007850 -0.2361390740 -0.0552109219 0.9701495171
-252.2 -41.5 2922.7 0.9716499448 -0.0254722107 0.2350480258 0.0119773466 0.9982059598 0.0586634390 -0.2361206263 -0.0541850738 0.9702118635
-399.2 155.1 2946.5 0.2326474488 -0.2200032622 -0.9473509192 0.9658721685 0.1663118452 0.1985732466 0.1138689145 -0.9612174034 0.2511870563
-463.1 -110.2 2915.2 -0.2168648392 -0.1882350892 -0.9578816295 0.9746714830 0.0131669808 -0.2232535332 0.0546365567 -0.9820357561 0.1806119084
-116.2 155.6 2881.2 0.1547085494 0.2946675420 -0.9429932833 -0.9772146344 0.1860337704 -0.1021909118 0.1453162432 0.9373166561 0.3167344630
-81.9 -61.0 2913.4 0.9010795355 0.2946675420 -0.3181613982 -0.3806663156 0.1860337704 -0.9058060646 -0.2077228725 0.9373166561 0.2798012495
-330.2 -242.4 2965.6 0.8246439695 -0.2323006243 0.5157507062 0.2476507276 0.9680218101 0.0400356278 -0.5085582137 0.0947109014 0.8558027744
-237.9 -627.0 2928.0 0.8369095922 0.0215630960 0.5469162464 0.0526160561 0.9914265275 -0.1196035221 -0.5448063016 0.1288739145 0.8285998106
-154.8 -238.8 2913.5 0.9885371327 -0.0439053588 0.1444527954 0.0929017290 0.9310912490 -0.3527582586 -0.1190107539 0.3621345758 0.9244971871
-137.4 -608.1 2769.9 0.9881427884 -0.0758839622 0.1334746629 0.0981850326 0.9806514382 -0.1693587899 -0.1180405170 0.1804558784 0.9764743447
-409.1 -352.8 2901.6 0 0 0 0 0 0 0 0 0
118.8 -145.8 2867.1 0 0 0 0 0 0 0 0 0
-245.3 -964.7 2884.1 0 0 0 0 0 0 0 0 0
-112.5 -929.1 2710.8 0 0 0 0 0 0 0 0 0
-257.9 359.6 2894.1 4 0.9831132293 -0.0168645494 0.1822195649 0.0031935344 0.9971739650 0.0750593543 -0.1829704344 -0.0732099190 0.9803887606
-254.4 155.0 2909.1 0.9831132293 -0.0168645494 0.1822195649 0.0031935344 0.9971739650 0.0750593543 -0.1829704344 -0.0732099190 0.9803887606
-250.5 -41.8 2920.4 0.9830864668 -0.0171149988 0.1823404282 0.0047633178 0.9976764321 0.0679634139 -0.1830799431 -0.0659453645 0.9808837771
-397.5 155.8 2934.1 0.2313222587 -0.1665944010 -0.9585073590 0.9659107327 0.1570206285 0.2058178335 0.1162173301 -0.9734427929 0.1972376853
-461.0 -109.5 2902.1 -0.2142573595 -0.1345682591 -0.9674632549 0.9762345552 0.0035096926 -0.2166880667 0.0325548351 -0.9908981323 0.1306182146
-111.4 154.3 2884.2 0.1413243562 0.2443432361 -0.9593350887 -0.9763280749 0.1946843415 -0.0942414552 0.1637402624 0.9499444366 0.2660728097
-80.0 -62.2 2920.5 0.9089642167 0.2443432361 -0.3377579153 -0.3872082233 0.1946843415 -0.9012035131 -0.1544467956 0.9499444366 0.2715727985
-336.1 -240.9 2955.0 0.8488674760 -0.2454961240 0.4681406021 0.2523643076 0.9663821459 0.0491715595 -0.4644741416 0.0764018446 0.8822848201
-238.5 -624.8 2924.6 0.8637156487 0.0244699065 0.5033850670 0.0405182578 0.9922158122 -0.1177541539 -0.5023480654 0.1221023872 0.8560008407
-158.2 -238.7 2911.8 0.9936248064 -0.0641105771 0.0927337408 0.0929758102 0.9312046766 -0.3524391055 -0.0637590140 0.3588142395 0.9312288165
-132.8 -608.4 2769.3 0.9928636551 -0.0870212168 0.0815421119 0.1019739062 0.9740276933 -0.2021668106 -0.0618314743 0.2090392411 0.9759505391
-407.7 -352.5 2894.0 0 0 0 0 0 0 0 0 0
122.5 -148.4 2886.1 0 0 0 0 0 0 0 0 0
-246.9 -965.7 2882.7 0 0 0 0 0 0 0 0 0
-104.4 -925.7 2701.2 0 0 0 0 0 0 0 0 0
-251.3 359.0 2881.4 5 0.9858994484 -0.0154150156 0.1666272879 -0.0009374249 0.9952236414 0.0976166353 -0.1673361808 -0.0963963866 0.9811760187
-248.1 152.3 2901.5 0.9858994484 -0.0154150156 0.1666272879 -0.0009374249 0.9952236414 0.0976166353 -0.1673361808 -0.0963963866 0.9811760187
-244.2 -44.4 2915.2 0.9858253598 -0.0170133598 0.1669098735 0.0036136906 0.9967675805 0.0802582651 -0.1677358001 -0.0785174742 0.9827002287
-391.5 153.2 2924.1 0.2285733670 -0.1514923722 -0.9616674185 0.9675304294 0.1448180377 0.2071535885 0.1078845933 -0.9777923226 0.1796750277
-454.3 -112.6 2894.5 -0.2156523913 -0.1190537363 -0.9691853523 0.9763196707 -0.0088602798 -0.2161514461 0.0171463843 -0.9928482771 0.1181452423
-104.7 151.4 2878.8 0.1396576315 0.2292706668 -0.9632915854 -0.9740750194 0.2066578865 -0.0920348763 0.1779709011 0.9511716366 0.2521881759
-73.7 -64.6 2918.3 0.9116304517 0.2292706668 -0.3411228955 -0.3880583048 0.2066578865 -0.8981665969 -0.1354275346 0.9511716366 0.2773660123
-337.1 -240.4 2950.2 0.8531978726 -0.2422894537 0.4618973434 0.2578158379 0.9657174945 0.0303427242 -0.4534140825 0.0931961089 0.8864142299
-240.8 -624.1 2913.1 0.8725745082 0.0217675082 0.4879958034 0.0241741147 0.9958583117 -0.0876463875 -0.4878824949 0.0882748663 0.8684343696
-157.2 -239.5 2916.7 0.9947556853 -0.0633948892 0.0802633837 0.0885449573 0.9265671372 -0.3655586541 -0.0511948615 0.3707484901 0.9273211956
-132.0 -607.5 2769.4 0.9906710386 -0.1167339087 0.0703141093 0.1299093664 0.9648295641 -0.2285334021 -0.0411635339 0.2355358750 0.9709935188
-400.6 -355.6 2890.2 0 0 0 0 0 0 0 0 0
129.4 -151.0 2888.1 0 0 0 0 0 0 0 0 0
-248.3 -967.1 2882.7 0 0 0 0 0 0 0 0 0
-91.9 -939.2 2688.5 0 0 0 0 0 0 0 0 0
-245.5 356.8 2883.1 6 0.9970414639 -0.0145261055 0.0754802972 0.0094003780 0.9976529479 0.0678249225 -0.0762883723 -0.0669147149 0.9948379397
-242.5 150.5 2896.9 0.9970414639 -0.0145261055 0.0754802972 0.0094003780 0.9976529479 0.0678249225 -0.0762883723 -0.0669147149 0.9948379397
-239.0 -46.4 2907.1 0.9970388412 -0.0141762188 0.0755816400 0.0095839901 0.9981052876 0.0607786290 -0.0763000399 -0.0598742776 0.9952855706
-387.4 150.6 2906.3 0.2133789212 -0.0616844185 -0.9750202298 0.9657410979 0.1641916335 0.2009606808 0.1476940215 -0.9844979048 0.0946062133
-446.0 -114.6 2865.8 -0.2206692398 -0.0273146462 -0.9749661684 0.9752057195 0.0109349554 -0.2210298181 0.0166985635 -0.9995670915 0.0242243912
-97.6 150.5 2887.5 0.1270645857 0.1400102377 -0.9819632173 -0.9771109819 0.1879531890 -0.0996379852 0.1706127673 0.9721474648 0.1606877446
-69.5 -66.2 2925.4 0.9219381809 0.1400102377 -0.3611470163 -0.3828543425 0.1879531890 -0.9044866562 -0.0587586686 0.9721474648 0.2268847376
-331.1 -242.8 2946.1 0.8968325853 -0.2231446952 0.3819656968 0.2418161780 0.9703216553 -0.0009071359 -0.3704271615 0.0931790322 0.9241760373
-242.5 -628.3 2909.1 0.9161410332 0.0105385967 0.4007175267 0.0276329406 0.9956160188 -0.0893598720 -0.3999025226 0.0929392502 0.9118334651
-150.6 -242.1 2915.4 0.9990194440 -0.0440236107 -0.0047021531 0.0391543321 0.9280762672 -0.3703260422 0.0206670463 0.3697788119 0.9288899302
-133.1 -610.7 2768.5 0.9869934916 -0.1604643166 -0.0097513590 0.1524105072 0.9533010721 -0.2607453167 0.0511363000 0.2558677197 0.9653583765
-391.1 -357.4 2861.6 0 0 0 0 0 0 0 0 0
135.9 -151.5 2912.3 0 0 0 0 0 0 0 0 0
-246.0 -961.2 2878.0 0 0 0 0 0 0 0 0 0
-76.0 -950.1 2677.5 0 0 0 0 0 0 0 0 0
-239.0 358.0 2883.9 7 0.9993422031 -0.0219216570 0.0288898777 0.0204691570 0.9985569715 0.0496482402 -0.0299365595 -0.0490242317 0.9983488321
-234.5 152.4 2894.0 0.9993422031 -0.0219216570 0.0288898777 0.0204691570 0.9985569715 0.0496482402 -0.0299365595 -0.0490242317 0.9983488321
-229.0 -44.6 2900.8 0.9992905855 -0.0239849724 0.0290345345 0.0227135662 0.9988015294 0.0433543101 -0.0300395899 -0.0426640771 0.9986377954
-379.7 150.6 2896.7 0.1941899359 -0.0184824578 -0.9807898402 0.9653057456 0.1815274954 0.1877034009 0.1745711118 -0.9832121730 0.0530920364
-433.0 -114.6 2848.8 -0.2334709913 0.0184708238 -0.9721882939 0.9720704556 0.0289887004 -0.2328919172 0.0238807704 -0.9994090796 -0.0247229617
-89.3 154.2 2891.3 0.1313966066 0.0928502977 -0.9869720340 -0.9785202742 0.1716819108 -0.1141202822 0.1588491350 0.9807671309 0.1134143174
-60.2 -62.8 2926.5 0.9284135103 0.0928502977 -0.3597598374 -0.3708372712 0.1716819108 -0.9126911163 -0.0229793862 0.9807671309 0.1938241571
-327.0 -245.4 2925.9 0.9208347201 -0.2004074454 0.3345149159 0.2102551907 0.9776220918 0.0069129039 -0.3284145892 0.0639678538 0.9423651099
-247.5 -633.6 2900.5 0.9381336570 -0.0082408627 0.3461752236 0.0283449292 0.9981893897 -0.0530522987 -0.3451112211 0.0595824607 0.9366686344
-145.1 -243.8 2912.0 0.9980095029 -0.0448823944 -0.0443016365 0.0258492567 0.9318994880 -0.3617942929 0.0575228706 0.3599289954 0.9312047362
-127.2 -614.1 2769.0 0.9831496477 -0.1766095012 -0.0471786968 0.1547754109 0.9415413141 -0.2992399633 0.0972693115 0.2868955731 0.9530107975
-374.9 -356.5 2842.8 0 0 0 0 0 0 0 0 0
146.6 -145.4 2921.4 0 0 0 0 0 0 0 0 0
-244.8 -958.3 2881.1 0 0 0 0 0 0 0 0 0
-63.6 -953.4 2665.6 0 0 0 0 0 0 0 0 0
-230.9 359.9 2873.4 8 0.9995040894 -0.0120784668 -0.0290807504 0.0140193291 0.9976214767 0.0674892738 0.0281964149 -0.0678635016 0.9972960949
-228.3 153.1 2887.4 0.9995040894 -0.0120784668 -0.0290807504 0.0140193291 0.9976214767 0.0674892738 0.0281964149 -0.0678635016 0.9972960949
-223.5 -43.8 2896.9 0.9993814826 -0.0200496614 -0.0288910791 0.0216366388 0.9982126951 0.0557067208 0.0277225412 -0.0562973693 0.9980291128
-373.4 151.4 2881.7 0.1851065159 0.0388500504 -0.9819502234 0.9672582746 0.1693415195 0.1890368015 0.1736290306 -0.9847913980 -0.0062318142
-424.3 -114.3 2834.0 -0.2330813557 0.0764638931 -0.9694464207 0.9724557400 0.0165877286 -0.2324965447 -0.0016966753 -0.9969343543 -0.0782240406
-83.3 154.8 2893.1 0.1205683351 0.0360363349 -0.9920507073 -0.9765686393 0.1837580651 -0.1120117009 0.1782608330 0.9823107123 0.0573473610
-56.5 -61.8 2932.7 0.9276548624 0.0360363349 -0.3716959059 -0.3717465103 0.1837580651 -0.9099656343 0.0355102941 0.9823107123 0.1838604510
-315.4 -245.0 2912.0 0.9463499188 -0.1654384434 0.2775824070 0.1643191725 0.9860248566 0.0274620280 -0.2782464325 0.0196234267 0.9603092670
-249.8 -636.1 2904.3 0.9561390281 -0.0109997783 0.2927066386 0.0332274884 0.9969173670 -0.0710753500 -0.2910225391 0.0776838213 0.9535570741
-132.7 -241.0 2906.6 0.9947715998 -0.0244963467 -0.0991430879 -0.0109747704 0.9395411611 -0.3422600329 0.1015331298 0.3415586650 0.9343600273
-123.0 -614.2 2770.9 0.9781410694 -0.1825666428 -0.0995460898 0.1412582248 0.9346864223 -0.3262015283 0.1525978893 0.3050093949 0.9400442243
-366.3 -356.3 2834.5 0 0 0 0 0 0 0 0 0
150.1 -144.6 2940.6 0 0 0 0 0 0 0 0 0
-246.2 -962.2 2878.8 0 0 0 0 0 0 0 0 0
-55.9 -957.8 2658.8 0 0 0 0 0 0 0 0 0
-219.8 359.9 2868.6 9 0.9961147308 -0.0239796173 -0.0847372264 0.0294164885 0.9975478053 0.0635067150 0.0830065683 -0.0657526404 0.9943774343
-214.9 153.7 2882.1 0.9961147308 -0.0239796173 -0.0847372264 0.0294164885 0.9975478053 0.0635067150 0.0830065683 -0.0657526404 0.9943774343
-206.8 -43.1 2891.4 0.9957789779 -0.0361197442 -0.0843778700 0.0405649543 0.9978449345 0.0515754484 0.0823331326 -0.0547805317 0.9950981736
-359.4 149.3 2868.5 0.1567397565 0.0892745033 -0.9835968018 0.9699805379 0.1735728234 0.1703239828 0.1859312654 -0.9807662964 -0.0593887642
-402.4 -117.1 2817.5 -0.2512795031 0.1304224283 -0.9590873718 0.9678406119 0.0216074511 -0.2506345212 -0.0119649321 -0.9912230372 -0.1316576451
-70.4 158.2 2895.8 0.1293984056 -0.0211613234 -0.9913668633 -0.9747270346 0.1808954328 -0.1310878098 0.1821077317 0.9832746387 0.0027810652
-41.7 -58.0 2936.2 0.9313045144 -0.0211613234 -0.3636263311 -0.3541381061 0.1808954328 -0.9175309539 0.0851945132 0.9832746387 0.1609746963
-310.9 -244.1 2905.6 0.9625994563 -0.1455336213 0.2285218239 0.1486891061 0.9888780117 0.0034436116 -0.2264813632 0.0306638870 0.9735326767
-253.1 -636.6 2893.4 0.9717873931 -0.0270359870 0.2343037874 0.0367413685 0.9986338019 -0.0371558219 -0.2329791337 0.0447162017 0.9714531302
-128.2 -240.2 2910.7 0.9896119237 -0.0139256669 -0.1430885196 -0.0381864607 0.9340831637 -0.3550075889 0.1386002898 0.3567837775 0.9238480926
-122.6 -611.2 2768.9 0.9700524807 -0.1961315721 -0.1432849318 0.1377226561 0.9300422072 -0.3406669199 0.2000765651 0.3107312024 0.9292015433
-339.9 -358.0 2820.4 0 0 0 0 0 0 0 0 0
165.8 -136.9 2955.1 0 0 0 0 0 0 0 0 0
-244.3 -962.8 2878.8 0 0 0 0 0 0 0 0 0
-48.6 -962.4 2651.6 0 0 0 0 0 0 0 0 0
-213.8 356.2 2865.7 0 0.9958987236 -0.0381372496 -0.0820443928 0.0421248525 0.9979857206 0.0474335514 0.0800701529 -0.0506951213 0.9954992533
-206.0 151.1 2876.1 0.9958987236 -0.0381372496 -0.0820443928 0.0421248525 0.9979857206 0.0474335514 0.0800701529 -0.0506951213 0.9954992533
-195.9 -45.7 2883.1 0.9955877662 -0.0461451150 -0.0817042515 0.0494884625 0.9979981184 0.0393782407 0.0797235742 -0.0432479158 0.9958783984
-350.5 145.4 2862.8 0.1477479488 0.0844233632 -0.9854152799 0.9693012834 0.1856292933 0.1612352878 0.1965339780 -0.9789864421 -0.0544053279
-391.1 -120.8 2808.9 -0.2608602941 0.1270360798 -0.9569815993 0.9653765559 0.0342083462 -0.2586075962 -0.0001157406 -0.9913080335 -0.1315612495
-61.5 156.8 2889.3 0.1395971626 -0.0198057294 -0.9900102615 -0.9754115343 0.1694448143 -0.1409285069 0.1705432981 0.9853406549 0.0043352791
-30.6 -59.4 2927.1 0.9350230694 -0.0198057294 -0.3540332615 -0.3458410800 0.1694448143 -0.9228664041 0.0782671422 0.9853406549 0.1515851766
-290.6 -245.0 2894.8 0.9676322937 -0.1005249470 0.2314789891 0.1044142991 0.9945233464 -0.0045802710 -0.2297508270 0.0286017340 0.9728291035
-250.7 -639.6 2883.5 0.9723653197 -0.0187571123 0.2327096909 0.0233344436 0.9995843172 -0.0169322044 -0.2322953492 0.0218944401 0.9723988175
-108.6 -237.6 2909.9 0.9901300669 0.0312482473 -0.1366237849 -0.0798534974 0.9269019961 -0.3667098284 0.1151778176 0.3740003109 0.9202488065
-121.0 -605.5 2761.5 0.9713518023 -0.1956652105 -0.1348733753 0.1442928314 0.9365420341 -0.3194817901 0.1888260543 0.2908679545 0.9379448891
-326.1 -361.1 2808.9 0 0 0 0 0 0 0 0 0
177.8 -136.5 2944.6 0 0 0 0 0 0 0 0 0
-244.7 -961.3 2876.4 0 0 0 0 0 0 0 0 0
-46.3 -962.9 2650.5 0 0 0 0 0 0 0 0 0
-203.9 357.2 2864.2 1 0.9950063825 -0.0349857621 -0.0934790298 0.0384022966 0.9986491203 0.0350028165 0.0921281502 -0.0384178348 0.9950057864
-196.8 152.7 2872.1 0.9950063825 -0.0349857621 -0.0934790298 0.0384022966 0.9986491203 0.0350028165 0.0921281502 -0.0384178348 0.9950057864
-187.6 -44.2 2876.5 0.9948015213 -0.0411732309 -0.0931380764 0.0437745899 0.9987014532 0.0260608941 0.0919441208 -0.0300024990 0.9953120947
-341.1 147.9 2857.1 0.1497794241 0.0966663510 -0.9839825630 0.9658126831 0.1986781359 0.1665317714 0.2115938365 -0.9752858877 -0.0636036918
-382.2 -117.4 2799.0 -0.2565206587 0.1387422532 -0.9565290213 0.9664851427 0.0472451039 -0.2523379028 0.0101813832 -0.9892009497 -0.1462116688
-52.4 157.6 2887.1 0.1332341880 -0.0305397101 -0.9906139374 -0.9783003330 0.1559718698 -0.1363865137 0.1586731225 0.9872892499 -0.0090962201
-22.9 -59.3 2922.2 0.9324903488 -0.0305397101 -0.3599015474 -0.3512127399 0.1559718698 -0.9232130647 0.0843291804 0.9872892499 0.1347163320
-277.9 -248.5 2884.4 0.9723696113 -0.0830043033 0.2181916088 0.0845917091 0.9964135289 0.0020725008 -0.2175811082 0.0164419636 0.9759037495
-244.9 -644.1 2877.9 0.9757502675 0.0025853573 0.2188714594 -0.0012636430 0.9999800920 -0.0061785383 -0.2188830823 0.0057521351 0.9757341146
-95.6 -239.4 2899.0 0.9873010516 0.0588991642 -0.1475383788 -0.1076682135 0.9309773445 -0.3488391042 0.1168085560 0.3602943718 0.9254964590
-119.0 -609.0 2756.0 0.9706029892 -0.1921431720 -0.1449511051 0.1399350017 0.9404898286 -0.3096724451 0.1958264858 0.2802852690 0.9397298098
-318.4 -357.9 2796.4 0 0 0 0 0 0 0 0 0
184.9 -137.6 2941.0 0 0 0 0 0 0 0 0 0
-245.8 -962.2 2876.0 0 0 0 0 0 0 0 0 0
-46.6 -963.1 2650.5 0 0 0 0 0 0 0 0 0
-191.0 361.8 2864.0 2 0.9964012504 -0.0257933643 -0.0807415545 0.0272128526 0.9994930029 0.0165297128 0.0802742615 -0.0186674353 0.9965980053
-185.7 156.7 2867.8 0.9964012504 -0.0257933643 -0.0807415545 0.0272128526 0.9994930029 0.0165297128 0.0802742615 -0.0186674353 0.9965980053
-178.2 -40.3 2868.3 0.9962027669 -0.0332197547 -0.0804766342 0.0339366570 0.9993954301 0.0075564794 0.0801769570 -0.0102588935 0.9967278242
-330.2 153.3 2854.6 0.1604553610 0.0861277655 -0.9832782149 0.9602954984 0.2167172283 0.1756877303 0.2282249182 -0.9724277258 -0.0479346663
-374.3 -110.4 2791.9 -0.2483094335 0.1267629266 -0.9603507519 0.9681514502 0.0652461573 -0.2417141199 0.0320188105 -0.9897848964 -0.1389269382
-41.1 160.1 2881.1 0.1270477623 -0.0169028156 -0.9917525649 -0.9822325706 0.1370875537 -0.1281646341 0.1381232738 0.9904147387 0.0008141695
-13.0 -57.7 2911.7 0.9305114746 -0.0169028156 -0.3658725321 -0.3603123128 0.1370875537 -0.9227036834 0.0657528564 0.9904147387 0.1214712411
-270.6 -246.6 2874.0 0.9711093903 -0.0723733604 0.2273953408 0.0692035779 0.9973623157 0.0218923725 -0.2283799648 -0.0055233180 0.9735563993
-241.9 -642.7 2876.2 0.9732634425 0.0044853953 0.2296478748 -0.0020484331 0.9999390244 -0.0108490298 -0.2296825498 0.0100885462 0.9732133150
-88.3 -238.6 2890.9 0.9882205129 0.0680929571 -0.1370531172 -0.1116399989 0.9333092570 -0.3412775397 0.1046743393 0.3525580764 0.9299172163
-115.3 -609.3 2750.9 0.9738994837 -0.1836081445 -0.1334459335 0.1380634308 0.9458463788 -0.2937909365 0.1801617593 0.2676988244 0.9465088844
-312.5 -351.4 2783.9 0 0 0 0 0 0 0 0 0
194.3 -138.0 2926.3 0 0 0 0 0 0 0 0 0
-243.3 -962.9 2873.0 0 0 0 0 0 0 0 0 0
-46.7 -962.8 2650.8 0 0 0 0 0 0 0 0 0
-179.6 361.0 2863.4 3 0.9974149466 0.0060259411 -0.0716038942 -0.0062146322 0.9999777675 -0.0024127148 0.0715877637 0.0028514697 0.9974302053
-180.9 157.0 2862.8 0.9974149466 0.0060259411 -0.0716038942 -0.0062146322 0.9999777675 -0.0024127148 0.0715877637 0.0028514697 0.9974302053
-178.8 -40.1 2858.9 0.9974164963 -0.0057462906 -0.0716052875 0.0048722047 0.9999115467 -0.0123756956 0.0716700628 0.0119948471 0.9973562956
-325.6 157.9 2850.8 0.1888349205 0.0836465582 -0.9784398675 0.9502406120 0.2358159125 0.2035524100 0.2477581501 -0.9681911469 -0.0349540859
-377.4 -103.1 2782.8 -0.2212413698 0.1199391335 -0.9678155184 0.9736347198 0.0837122276 -0.2121973783 0.0555672236 -0.9892455935 -0.1352975070
-36.2 156.1 2874.8 0.1011152416 -0.0045421273 -0.9948643446 -0.9881660938 0.1154752448 -0.1009616554 0.1153407842 0.9932999611 0.0071879313
-13.7 -63.0 2900.3 0.9207602143 -0.0045421273 -0.3901025057 -0.3870138526 0.1154752448 -0.9148145914 0.0492023863 0.9932999611 0.1045671478
-262.9 -242.0 2863.0 0.9698871970 -0.0690390021 0.2335646600 0.0607435666 0.9972467422 0.0425343104 -0.2358581126 -0.0270659309 0.9714105129
-235.5 -638.1 2873.8 0.9711020589 0.0213448871 0.2377082109 -0.0158067346 0.9995579720 -0.0251800250 -0.2381405979 0.0206949841 0.9710102081
-80.3 -235.8 2877.7 0.9881129861 0.0749243796 -0.1342352331 -0.1140423417 0.9428015947 -0.3132403791 0.1030878425 0.3248254061 0.9401389956
-110.0 -610.2 2748.7 0.9768469334 -0.1681583524 -0.1322606504 0.1243022457 0.9492705464 -0.2888500988 0.1741236895 0.2657220364 0.9481944442
-322.4 -345.5 2768.9 0 0 0 0 0 0 0 0 0
191.4 -149.2 2911.3 0 0 0 0 0 0 0 0 0
-242.2 -954.7 2867.2 0 0 0 0 0 0 0 0 0
-48.0 -960.4 2650.7 0 0 0 0 0 0 0 0 0
-167.3 361.1 2851.6 4 0.9994555116 0.0255586375 -0.0208664294 -0.0253674015 0.9996342063 0.0093785618 0.0210985001 -0.0088441279 0.9997382760
-172.6 156.4 2853.4 0.9994555116 0.0255586375 -0.0208664294 -0.0253674015 0.9996342063 0.0093785618 0.0210985001 -0.0088441279 0.9997382760
-175.4 -40.8 2850.7 0.9995962977 0.0189307332 -0.0211862158 -0.0190405399 0.9998062253 -0.0049932236 0.0210875850 0.0053946045 0.9997630715
-317.6 160.7 2848.7 0.2239719182 0.0400645770 -0.9737717509 0.9467387795 0.2282346338 0.2271446288 0.2313488871 -0.9727814794 0.0131874597
-379.2 -99.3 2785.2 -0.1946458071 0.0715718344 -0.9782589078 0.9790372849 0.0751749054 -0.1893007010 0.0599919185 -0.9945985079 -0.0847039744
-27.5 152.1 2858.0 0.0830311030 0.0486415997 -0.9953591228 -0.9896702766 0.1211598366 -0.0766356587 0.1168698743 0.9914405346 0.0581991822
-9.1 -67.4 2883.9 0.9124916792 0.0486415997 -0.4061932266 -0.4090619683 0.1211598366 -0.9044272304 0.0052215210 0.9914405346 0.1304547787
-269.1 -239.1 2850.0 0.9543957710 -0.0979263112 0.2820268571 0.0834969804 0.9945294261 0.0627650842 -0.2866303623 -0.0363543369 0.9573512077
-230.2 -634.1 2864.4 0.9568626881 0.0395499393 0.2878360152 -0.0405410752 0.9991747141 -0.0025189845 -0.2876980901 -0.0092588598 0.9576764107
-86.2 -238.2 2863.1 0.9944674969 0.0482973494 -0.0932830796 -0.0741589442 0.9517343640 -0.2978291512 0.0743963495 0.3030991852 0.9500505328
-105.4 -616.1 2742.7 0.9825984240 -0.1615044624 -0.0917423368 0.1318117231 0.9543012381 -0.2682067156 0.1308664083 0.2514467835 0.9589830637
-330.7 -343.0 2770.3 0 0 0 0 0 0 0 0 0
194.2 -158.5 2885.1 0 0 0 0 0 0 0 0 0
-243.2 -962.7 2867.5 0 0 0 0 0 0 0 0 0
-47.1 -960.9 2651.9 0 0 0 0 0 0 0 0 0
-155.1 365.1 2847.2 5 0.9958166480 0.0209999420 -0.0889283195 -0.0203984398 0.9997625351 0.0076674018 0.0890682191 -0.0058213272 0.9960085154
-159.4 158.8 2848.4 0.9958166480 0.0209999420 -0.0889283195 -0.0203984398 0.9997625351 0.0076674018 0.0890682191 -0.0058213272 0.9960085154
-160.7 -38.3 2844.9 0.9959442019 0.0117975445 -0.0891960636 -0.0126194991 0.9998828769 -0.0086568184 0.0890834853 0.0097473180 0.9959764481
-303.8 162.2 2833.9 0.2013251334 0.1046916842 -0.9739136696 0.9473521709 0.2319196314 0.2207648009 0.2489819378 -0.9670847654 -0.0524886474
-359.1 -97.9 2765.5 -0.2048571706 0.1386399418 -0.9689233899 0.9775342345 0.0791457370 -0.1953530461 0.0496024229 -0.9871752262 -0.1517388523
-14.9 155.4 2862.9 0.0815297365 -0.0198132228 -0.9964739680 -0.9895159006 0.1179758534 -0.0833061934 0.1192104295 0.9928187728 -0.0099869585
3.1 -64.0 2889.3 0.9127464294 -0.0198132228 -0.4080457985 -0.4031402767 0.1179758534 -0.9075018764 0.0661200881 0.9928187728 0.0996945351
-270.7 -237.5 2847.9 0.9698252678 -0.1077229977 0.2187115103 0.1029745042 0.9941354394 0.0330296904 -0.2209869176 -0.0095113181 0.9752303958
-227.9 -632.3 2851.7 0.9749529362 0.0419847406 0.2184125483 -0.0509954542 0.9980577230 0.0357807875 -0.2164860815 -0.0460226312 0.9752003551
-87.7 -241.0 2851.7 0.9874853492 0.0291657317 -0.1549903452 -0.0710644871 0.9596149325 -0.2721928656 0.1407923400 0.2798008025 0.9496783614
-99.2 -622.1 2740.6 0.9777263403 -0.1418341845 -0.1547069997 0.0976082385 0.9598218203 -0.2630869746 0.1858058721 0.2421263903 0.9522872567
-308.1 -341.3 2753.1 0 0 0 0 0 0 0 0 0
206.5 -153.8 2904.0 0 0 0 0 0 0 0 0 0
-241.6 -959.0 2866.7 0 0 0 0 0 0 0 0 0
-49.8 -957.0 2656.1 0 0 0 0 0 0 0 0 0
-141.6 364.7 2844.5 6 0.9878125191 0.0154792452 -0.1548767835 -0.0162821542 0.9998597503 -0.0039169318 0.1547944248 0.0063909222 0.9879260063
-144.8 159.4 2843.2 0.9878125191 0.0154792452 -0.1548767835 -0.0162821542 0.9998597503 -0.0039169318 0.1547944248 0.0063909222 0.9879260063
-144.8 -37.7 2837.8 0.9878946543 0.0053707324 -0.1550332457 -0.0084049627 0.9997856021 -0.0189226307 0.1548983753 0.0199966151 0.9877279997
-288.0 162.2 2819.1 0.1789060980 0.1672926545 -0.9695389271 0.9458705783 0.2419663221 0.2162896097 0.2707794309 -0.9557538629 -0.1149479523
-337.1 -97.6 2744.8 -0.2133187950 0.2033777684 -0.9555796981 0.9759382010 0.0895732790 -0.1987994760 0.0451630168 -0.9749944210 -0.2175917923
-1.6 156.6 2867.2 0.0791330636 -0.0863236487 -0.9931194186 -0.9902124405 0.1080880314 -0.0882966295 0.1149664149 0.9903863668 -0.0769254118
15.9 -63.0 2892.7 0.9086525440 -0.0863236487 -0.4085325003 -0.3991008103 0.1080880314 -0.9105138779 0.1227563545 0.9903863668 0.0637626275
-254.1 -235.8 2835.0 0.9856123328 -0.0741061866 0.1519099474 0.0688388050 0.9968394637 0.0396523923 -0.1543683261 -0.0286245886 0.9875986576
-224.6 -631.5 2846.3 0.9866698980 0.0561475456 0.1527414024 -0.0611629002 0.9977255464 0.0283338502 -0.1508031338 -0.0372982658 0.9878599644
-72.0 -238.1 2851.3 0.9746984839 0.0574853271 -0.2160053104 -0.1181669012 0.9528038502 -0.2796452343 0.1897351891 0.2980944812 0.9354892969
-94.8 -616.4 2732.9 0.9684558511 -0.1277964413 -0.2139189839 0.0729521364 0.9662692547 -0.2469853014 0.2382671833 0.2235885113 0.9451121092
-284.0 -340.5 2733.5 0 0 0 0 0 0 0 0 0
218.4 -151.9 2920.0 0 0 0 0 0 0 0 0 0
-242.7 -953.1 2858.4 0 0 0 0 0 0 0 0 0
-49.9 -955.6 2654.4 0 0 0 0 0 0 0 0 0
-130.2 364.2 2842.1 7 0.9845203161 0.0137255583 -0.1747323424 -0.0175728854 0.9996355772 -0.0204902254 0.1743874252 0.0232435931 0.9844027162
-133.0 159.0 2837.3 0.9845203161 0.0137255583 -0.1747323424 -0.0175728854 0.9996355772 -0.0204902254 0.1743874252 0.0232435931 0.9844027162
-132.7 -38.0 2829.1 0.9845867157 0.0041481298 -0.1748480499 -0.0101473331 0.9993895292 -0.0334309265 0.1746026278 0.0346898846 0.9840276837
-275.7 162.0 2810.5 0.1726496816 0.1862792224 -0.9672084451 0.9419080019 0.2559901476 0.2174358219 0.2880996168 -0.9485616088 -0.1312612742
-323.1 -96.6 2731.4 -0.2149836123 0.2228687704 -0.9508478045 0.9750620127 0.1039134264 -0.1961021572 0.0551008098 -0.9692943096 -0.2396505624
9.6 155.9 2864.2 0.0776168108 -0.1063099205 -0.9912990928 -0.9917444587 0.0935634673 -0.0876857117 0.1020712331 0.9899212718 -0.0981701761
26.8 -64.0 2886.8 0.9063271880 -0.1063099205 -0.4089856744 -0.4003735781 0.0935634673 -0.9115628600 0.1351742893 0.9899212718 0.0422354303
-236.0 -235.6 2819.7 0.9903596044 -0.0447216853 0.1311021447 0.0397709012 0.9984021783 0.0401422195 -0.1326878965 -0.0345411859 0.9905558228
-218.2 -632.0 2833.4 0.9880065918 0.0834070966 0.1299470365 -0.0924290717 0.9935948849 0.0650085881 -0.1236925274 -0.0762397945 0.9893875122
-55.5 -237.2 2848.1 0.9693491459 0.0780894980 -0.2329469323 -0.1415708810 0.9524443746 -0.2698284090 0.2007982433 0.2945364416 0.9343063235
-86.5 -615.4 2731.1 0.9684445858 -0.0964779854 -0.2297980338 0.0414273739 0.9715234041 -0.2332939953 0.2457619011 0.2164123654 0.9448633790
-269.6 -339.3 2717.6 0 0 0 0 0 0 0 0 0
228.8 -153.2 2917.0 0 0 0 0 0 0 0 0 0
-245.6 -957.6 2858.4 0 0 0 0 0 0 0 0 0
-52.9 -954.0 2655.7 0 0 0 0 0 0 0 0 0
-115.9 362.5 2830.4 8 0.9797418118 0.0266143940 -0.1984885633 -0.0298353136 0.9994669557 -0.0132536441 0.1980300248 0.0189071186 0.9800136089
-121.4 157.3 2826.6 0.9797418118 0.0266143940 -0.1984885633 -0.0298353136 0.9994669557 -0.0132536441 0.1980300248 0.0189071186 0.9800136089
-123.3 -39.8 2819.3 0.9799228907 0.0156408716 -0.1987622827 -0.0212670024 0.9994304180 -0.0262024570 0.1982392520 0.0299034659 0.9796974063
-263.3 161.9 2796.3 0.1773037612 0.2120846957 -0.9610325098 0.9412071109 0.2487859726 0.2285492420 0.2875632048 -0.9450532198 -0.1555049419
-312.0 -96.6 2717.3 -0.2042001784 0.2472820282 -0.9471820593 0.9778866768 0.0961685553 -0.1857128441 0.0451656803 -0.9641593099 -0.2614514232
20.5 152.6 2856.9 0.0629135370 -0.1288240105 -0.9896697998 -0.9920771122 0.0999742672 -0.0760800913 0.1087424532 0.9866151810 -0.1215136126
34.5 -67.4 2881.0 0.8978235126 -0.1288240105 -0.4210906029 -0.4107071757 0.0999742672 -0.9062696695 0.1588475108 0.9866151810 0.0368503034
-223.6 -235.6 2806.2 0.9937146902 -0.0267791674 0.1086923108 0.0253997669 0.9995785356 0.0140558407 -0.1090229079 -0.0112067359 0.9939760566
-213.0 -632.5 2810.7 0.9886161089 0.1085886359 0.1041475981 -0.1233105361 0.9813757539 0.1472960114 -0.0862132534 -0.1584617049 0.9835940003
-43.4 -237.5 2838.2 0.9611971974 0.0981271863 -0.2578196526 -0.1654808968 0.9528691769 -0.2542762458 0.2207169831 0.2870738208 0.9321333766
-82.3 -616.0 2724.2 0.9636620283 -0.0845000371 -0.2534071505 0.0294918250 0.9765046239 -0.2134688050 0.2654913664 0.1982383579 0.9435124993
-261.2 -340.0 2706.0 0 0 0 0 0 0 0 0 0
234.5 -158.9 2916.4 0 0 0 0 0 0 0 0 0
-249.6 -963.8 2864.2 0 0 0 0 0 0 0 0 0
-53.3 -952.0 2656.0 0 0 0 0 0 0 0 0 0
-104.5 365.8 2824.6 9 0.9779436588 0.0323952623 -0.2063413262 -0.0382260196 0.9989728332 -0.0243330076 0.2053411007 0.0316839181 0.9781774879
-111.1 160.8 2818.1 0.9779436588 0.0323952623 -0.2063413262 -0.0382260196 0.9989728332 -0.0243330076 0.2053411007 0.0316839181 0.9781774879
-114.3 -36.1 2808.3 0.9781649113 0.0217877403 -0.2066851407 -0.0300689302 0.9988623857 -0.0370099954 0.2056436539 0.0424166806 0.9777072668
-252.8 166.7 2786.7 0.1810279042 0.2211541831 -0.9582899809 0.9364141226 0.2590575814 0.2366807163 0.3005952239 -0.9402021170 -0.1601952463
-302.5 -90.4 2704.2 -0.1983005255 0.2555262148 -0.9462469220 0.9785581827 0.1064627022 -0.1763224602 0.0556849949 -0.9609224796 -0.2711588740
30.5 154.8 2849.5 0.0557105690 -0.1359992623 -0.9891412854 -0.9937316179 0.0886153951 -0.0681530312 0.0969219133 0.9867377877 -0.1302099377
