-352.7 326.3 2843.3 48 -0.6148229241 -0.1124248430 0.7806109786 -0.0637795180 0.9936333299 0.0928707942 -0.7860820293 0.0073120999 -0.6180789471
-330.2 127.3 2841.9 -0.6148229241 -0.1124248430 0.7806109786 -0.0637795180 0.9936333299 0.0928707942 -0.7860820293 0.0073120999 -0.6180789471
-313.2 -70.0 2844.3 -0.6139154434 -0.0954745933 0.7835766673 -0.0724608004 0.9952835441 0.0644984543 -0.7860389352 -0.0171819944 -0.6179381013
-242.8 138.3 2955.1 -0.8283025622 0.4881282747 0.2750374973 0.5482773185 0.8072423339 0.2185218036 -0.1153552383 0.3317990005 -0.9362705946
35.7 -46.1 2993.9 -0.6667999029 0.5881049037 0.4577232003 0.6918541789 0.7167872190 0.0869132951 -0.2769760191 0.3746314943 -0.8848364353
-417.6 116.4 2728.7 -0.9163489342 -0.3988935947 0.0344752409 -0.0591733232 0.0497660935 -0.9970064163 0.3959837854 -0.9156458378 -0.0692069679
-647.1 101.6 2827.9 0.7719705105 -0.3988935947 -0.4949195981 0.5571467280 0.0497660935 0.8289214969 -0.3060212433 -0.9156458378 0.2606602311
-235.1 -261.1 2919.0 0.2298548967 0.2883068025 0.9295406938 0.0226566773 0.9532699585 -0.3012691736 -0.9729611278 0.0903084949 0.2125816941
-349.3 -638.6 2883.2 0.2392577976 0.1022339612 0.9655588865 0.1055907235 0.9858039021 -0.1305420548 -0.9651975632 0.1331872642 0.2250663191
-333.7 -277.2 2769.7 -0.3062724471 -0.1089952439 0.9456834793 0.1733818501 0.9704201818 0.1679983586 -0.9360213280 0.2154176086 -0.2783151567
-290.4 -662.7 2684.2 -0.2206075042 -0.5332944393 0.8166574240 0.0353693888 0.8323612213 0.5531038046 -0.9747211337 0.1509035230 -0.1647628248
222.1 -239.5 3071.3 0 0 0 0 0 0 0 0 0
-450.0 243.8 2749.7 0 0 0 0 0 0 0 0 0
-381.6 -950.4 2841.1 0 0 0 0 0 0 0 0 0
-121.1 -927.0 2636.2 0 0 0 0 0 0 0 0 0
-368.0 330.2 2865.6 49 -0.5647017956 -0.1307931989 0.8148650527 -0.0393627100 0.9905068874 0.1317069381 -0.8243557811 0.0422998406 -0.5644893646
-341.9 132.0 2857.1 -0.5647017956 -0.1307931989 0.8148650527 -0.0393627100 0.9905068874 0.1317069381 -0.8243557811 0.0422998406 -0.5644893646
-324.1 -65.3 2854.6 -0.5634357929 -0.0992169678 0.8201805353 -0.0502913930 0.9950404167 0.0858212635 -0.8246277571 0.0071067475 -0.5656311512
-261.8 139.7 2975.8 -0.8222607970 0.4624732137 0.3316710293 0.5489622951 0.7982315421 0.2479248643 -0.1500916779 0.3859338164 -0.9102349281
14.8 -44.9 3026.3 -0.6517359614 0.5600433946 0.5114603043 0.6979206204 0.7068206668 0.1153750122 -0.2968956828 0.4321527183 -0.8515262604
-422.0 124.2 2738.4 -0.9389074445 -0.3413813114 0.0437215790 -0.0741216838 0.0765144974 -0.9943095446 0.3360933661 -0.9368053675 -0.0971437916
-657.2 105.6 2822.6 0.7867113948 -0.3413813114 -0.5143383741 0.5686562061 0.0765144974 0.8190089464 -0.2402399927 -0.9368053675 0.2543234229
-251.2 -258.4 2928.2 0.2900675535 0.2713896334 0.9177191854 0.0539112128 0.9527913928 -0.2988012135 -0.9554864764 0.1361478865 0.2617429197
-358.5 -635.1 2874.4 0.2987206876 0.0840002671 0.9506365657 0.1417229772 0.9811690450 -0.1312321126 -0.9437587261 0.1739287972 0.2811907530
-350.5 -274.4 2775.7 -0.2467727959 -0.0853100047 0.9653110504 0.1871191412 0.9731768370 0.1338404119 -0.9508362412 0.2136563510 -0.2241904438
-316.7 -661.0 2690.8 -0.1689320505 -0.5234808326 0.8351225853 0.0596936010 0.8403109312 0.5388081074 -0.9838184118 0.1408734322 -0.1107069999
196.9 -240.0 3109.3 0 0 0 0 0 0 0 0 0
-456.3 250.8 2761.2 0 0 0 0 0 0 0 0 0
-385.1 -945.2 2819.4 0 0 0 0 0 0 0 0 0
-153.8 -922.3 2647.0 0 0 0 0 0 0 0 0 0
-384.1 331.5 2886.7 50 -0.4814913869 -0.1295755208 0.8668196201 0.0043453169 0.9886460304 0.1502002925 -0.8764400482 0.0760867521 -0.4754615128
-358.3 134.3 2871.5 -0.4814913869 -0.1295755208 0.8668196201 0.0043453169 0.9886460304 0.1502002925 -0.8764400482 0.0760867521 -0.4754615128
-340.2 -62.7 2861.2 -0.4800225794 -0.1004147902 0.8714901805 -0.0083159283 0.9939035177 0.1099390239 -0.8772166967 0.0455259643 -0.4779312015
-290.2 136.0 2997.7 -0.8041758537 0.4217198491 0.4188718200 0.5586517453 0.7769315839 0.2903197408 -0.2030011415 0.4674715698 -0.8603841066
-19.7 -51.9 3066.0 -0.6202555895 0.5143910646 0.5921865106 0.7138801217 0.6830306053 0.1544163525 -0.3250511289 0.5185278058 -0.7908670306
-426.4 132.6 2745.3 -0.9672068357 -0.2481850386 0.0539918654 -0.0867287293 0.1229212210 -0.9886195064 0.2387238145 -0.9608821869 -0.1404150277
-668.7 110.9 2805.1 0.8058784008 -0.2481850386 -0.5375538468 0.5766289234 0.1229212210 0.8077062964 -0.1343838274 -0.9608821869 0.2421702445
-275.3 -259.3 2931.9 0.3823189437 0.2511651814 0.8892402649 0.0997458547 0.9455084801 -0.3099427223 -0.9186310172 0.2071949989 0.3364331126
-374.4 -632.3 2850.1 0.3895590007 0.0614859834 0.9189468026 0.1891954690 0.9711473584 -0.1451822221 -0.9013594389 0.2304176241 0.3666863143
-355.8 -267.5 2777.8 -0.1510774791 -0.0400189050 0.9877115488 0.2114291638 0.9747500420 0.0718333349 -0.9656465650 0.2196834385 -0.1388016194
-339.9 -654.4 2690.6 -0.0703922734 -0.4867987335 0.8706732392 0.0666263998 0.8685948849 0.4910233021 -0.9952918291 0.0925740749 -0.0287087206
153.6 -251.4 3156.8 0 0 0 0 0 0 0 0 0
-462.9 258.1 2770.8 0 0 0 0 0 0 0 0 0
-393.8 -938.9 2777.4 0 0 0 0 0 0 0 0 0
-192.8 -916.9 2662.6 0 0 0 0 0 0 0 0 0
-395.2 328.7 2897.2 51 -0.4366042018 -0.1165128350 0.8920770884 0.0332317203 0.9888129830 0.1454117745 -0.8990397453 0.0931326523 -0.4278479815
-371.9 130.8 2878.6 -0.4366042018 -0.1165128350 0.8920770884 0.0332317203 0.9888129830 0.1454117745 -0.8990397453 0.0931326523 -0.4278479815
-354.9 -66.0 2863.9 -0.4351521730 -0.0943734050 0.8953972459 0.0195842069 0.9932640195 0.1142060831 -0.9001439214 0.0672326684 -0.4303727746
-310.2 128.5 3008.0 -0.7882534862 0.4039714634 0.4641804695 0.5715453029 0.7601612806 0.3090158999 -0.2280184031 0.5088829994 -0.8300877213
-45.1 -63.7 3084.7 -0.5971271396 0.4931665957 0.6326340437 0.7281839252 0.6640519500 0.1696559936 -0.3364332318 0.5619801283 -0.7556394339
-433.5 133.1 2749.1 -0.9787138700 -0.1983083785 0.0528480038 -0.0837359577 0.1507618725 -0.9850173593 0.1873697340 -0.9684754014 -0.1641582847
-678.7 112.1 2796.0 0.8163729310 -0.1983083785 -0.5424103141 0.5722217560 0.1507618725 0.8061222434 -0.0780859962 -0.9684754014 0.2365542948
-295.7 -265.1 2932.6 0.4291784167 0.2477789521 0.8685686588 0.1209249049 0.9372159839 -0.3271137476 -0.8950883150 0.2454217523 0.3722702265
-393.5 -635.1 2835.7 0.4363867342 0.0575768836 0.8979151249 0.2110738307 0.9635513425 -0.1643675417 -0.8746510744 0.2612541914 0.4083280265
-363.5 -260.6 2772.3 -0.0998085290 0.0173257608 0.9948558211 0.1968492121 0.9804301262 0.0026742888 -0.9753402472 0.1961034983 -0.1012658551
-370.4 -649.2 2694.6 -0.0199582353 -0.4648837745 0.8851467371 0.0451167114 0.8840024471 0.4653000832 -0.9987823367 0.0492214784 0.0033308992
121.8 -267.2 3178.8 0 0 0 0 0 0 0 0 0
-470.2 258.2 2776.1 0 0 0 0 0 0 0 0 0
-411.7 -939.5 2753.1 0 0 0 0 0 0 0 0 0
-228.1 -919.9 2679.5 0 0 0 0 0 0 0 0 0
-409.4 325.4 2901.0 52 -0.4487595856 -0.1140119582 0.8863498569 0.0465010218 0.9875055552 0.1505671889 -0.8924418688 0.1087846458 -0.4378508925
-386.6 127.7 2879.2 -0.4487595856 -0.1140119582 0.8863498569 0.0465010218 0.9875055552 0.1505671889 -0.8924418688 0.1087846458 -0.4378508925
-368.6 -68.7 2861.2 -0.4470888078 -0.0993896797 0.8889506459 0.0310068820 0.9914884567 0.1264485717 -0.8939520121 0.0840973258 -0.4402016103
-323.2 123.8 3007.8 -0.7945788503 0.4061123729 0.4513503909 0.5701826811 0.7545671463 0.3248386085 -0.2086532116 0.5154620409 -0.8311213255
-56.0 -68.0 3078.0 -0.6058340073 0.4965701997 0.6215972900 0.7296751142 0.6581888199 0.1853692979 -0.3170794845 0.5658670664 -0.7610880733
-450.0 131.7 2750.6 -0.9756432176 -0.2119513601 0.0565418750 -0.0926879793 0.1646954119 -0.9819797873 0.1988197714 -0.9633026719 -0.1803293079
-694.3 108.4 2800.4 0.8118520975 -0.2119513601 -0.5440338254 0.5783922076 0.1646954119 0.7989605069 -0.0797408819 -0.9633026719 0.2562993467
-307.6 -268.5 2926.2 0.4165847600 0.2461377233 0.8751419187 0.1374630779 0.9345263243 -0.3282749951 -0.8986440301 0.2570540607 0.3554745615
-404.9 -637.8 2824.6 0.4236718416 0.0561513565 0.9040736556 0.2279655337 0.9593424201 -0.1664144993 -0.8766606450 0.2766027749 0.3936458230
-375.5 -261.3 2768.4 -0.1143156365 0.0266531035 0.9930868745 0.1879628897 0.9821648002 -0.0047232956 -0.9755008221 0.1861235350 -0.1172865853
-386.1 -651.1 2694.5 -0.0419083536 -0.3776633441 0.9249941111 0.0087135397 0.9256340861 0.3783194423 -0.9990834594 0.0239147190 -0.0355010182
113.4 -271.9 3166.6 0 0 0 0 0 0 0 0 0
-487.1 256.1 2780.1 0 0 0 0 0 0 0 0 0
-422.7 -941.2 2737.2 0 0 0 0 0 0 0 0 0
-276.3 -920.2 2687.6 0 0 0 0 0 0 0 0 0
-421.7 327.9 2915.9 53 -0.5177626014 -0.1373993307 0.8444189429 0.0670153573 0.9774726629 0.2001401484 -0.8528955579 0.1602141261 -0.4968909621
-394.1 131.9 2883.8 -0.5177626014 -0.1373993307 0.8444189429 0.0670153573 0.9774726629 0.2001401484 -0.8528955579 0.1602141261 -0.4968909621
-371.9 -62.9 2856.0 -0.5159196258 -0.1212696582 0.8480098248 0.0530434549 0.9835069776 0.1729174703 -0.8549931645 0.1341928840 -0.5009779334
-320.9 124.8 3006.8 -0.8245937824 0.4228850603 0.3757835329 0.5523042083 0.7455976605 0.3728863299 -0.1224952638 0.5150265694 -0.8483763933
-43.5 -61.0 3048.0 -0.6495516896 0.5197438002 0.5549315214 0.7220942378 0.6502091289 0.2362370491 -0.2380388081 0.5541610718 -0.7976484299
-467.4 139.1 2760.7 -0.9541414380 -0.2908596396 0.0708151907 -0.1321436167 0.1969653517 -0.9714642167 0.2686115801 -0.9362720251 -0.2263680547
-706.4 106.0 2828.0 0.7860810757 -0.2908596396 -0.5454147458 0.6070463061 0.1969653517 0.7698697448 -0.1164962351 -0.9362720251 0.3313959837
-313.6 -270.2 2923.0 0.3153873980 0.1852275878 0.9307102561 0.0707474872 0.9734467268 -0.2177069038 -0.9463221431 0.1345074326 0.2939084470
-386.3 -652.1 2870.3 0.3649593294 0.0768847987 0.9278433919 0.4039350748 0.8848262429 -0.2322046608 -0.8388332129 0.4595337510 0.2918691337
-389.6 -262.7 2762.7 0.4030345678 0.0930130929 0.9104458690 0.1148569062 0.9818155766 -0.1511490196 -0.9079487920 0.1654892713 0.3850224018
-426.5 -651.8 2697.2 0.4030345678 -0.3891187608 0.8283415437 0.1148569062 0.9194585085 0.3760372102 -0.9079487920 -0.0564152449 0.4152665138
138.0 -262.8 3114.6 0 0 0 0 0 0 0 0 0
-505.7 261.0 2798.2 0 0 0 0 0 0 0 0 0
-412.6 -955.8 2712.5 0 0 0 0 0 0 0 0 0
-308.6 -930.2 2714.3 0 0 0 0 0 0 0 0 0
-435.5 328.7 2923.3 54 -0.5859382749 -0.1373162270 0.7986366749 0.0804135501 0.9708214998 0.2259186506 -0.8063559532 0.1965955943 -0.5577993989
-407.9 133.9 2883.9 -0.5859382749 -0.1373162270 0.7986366749 0.0804135501 0.9708214998 0.2259186506 -0.8063559532 0.1965955943 -0.5577993989
-386.4 -60.4 2851.8 -0.5831153989 -0.1181189939 0.8037564158 0.0588471778 0.9806328416 0.1868054271 -0.8102551699 0.1562279165 -0.5648711324
-325.0 125.9 3000.6 -0.8362092376 0.4566867352 0.3036302924 0.5462170243 0.7430340052 0.3867135644 -0.0490006842 0.4892214835 -0.8707819581
-43.7 -57.8 3017.1 -0.6723615527 0.5571382642 0.4873673022 0.7190073133 0.6480596066 0.2510920167 -0.1759501100 0.5192452669 -0.8363168836
-490.9 141.8 2767.1 -0.9284746647 -0.3664592803 0.0603521913 -0.1441461146 0.2058074623 -0.9679179788 0.3422815800 -0.9073868394 -0.2439107001
-723.4 105.7 2852.9 0.7692800164 -0.3664592803 -0.5233697295 0.6155865788 0.2058074623 0.7607210279 -0.1710598618 -0.9073868394 0.3839109540
-303.9 -263.6 2905.6 -0.9790554643 0.1403605342 -0.1474765539 0.1377259791 0.9900751114 0.0279780123 0.1499398798 0.0070806718 -0.9886697531
-358.8 -651.0 2902.8 -0.9790554643 0.1975389272 -0.0492827334 0.1377259791 0.8208812475 0.5542432070 0.1499398798 0.5358473659 -0.8308944702
-395.3 -253.3 2751.2 0.4954652488 0.2379570454 0.8353984952 0.0343842395 0.9556184411 -0.2925937176 -0.8679469228 0.1736945510 0.4652937651
-488.7 -628.4 2683.0 0.4954652488 -0.4558364451 0.7394101024 0.0343842395 0.8608645201 0.5076711774 -0.8679469228 -0.2261093855 0.4422020316
144.2 -258.8 3066.2 0 0 0 0 0 0 0 0 0
-527.0 262.9 2809.2 0 0 0 0 0 0 0 0 0
-433.4 -961.2 2700.4 0 0 0 0 0 0 0 0 0
-321.4 -944.4 2766.0 0 0 0 0 0 0 0 0 0
-447.4 325.3 2927.5 55 -0.5152922869 -0.1298347265 0.8471226692 0.1041787863 0.9716378450 0.2122890502 -0.8506589532 0.1976431161 -0.4871515036
-421.3 130.0 2887.8 -0.5152922869 -0.1298347265 0.8471226692 0.1041787863 0.9716378450 0.2122890502 -0.8506589532 0.1976431161 -0.4871515036
-401.3 -64.3 2854.7 -0.5126571655 -0.1102700830 0.8514829278 0.0827511400 0.9807558656 0.1768338382 -0.8545963168 0.1611163169 -0.4936665297
-348.5 118.6 3010.8 -0.8177583814 0.4299249649 0.3826692700 0.5650758147 0.7260419130 0.3918577135 -0.1093645170 0.5366820693 -0.8366670609
-73.5 -71.5 3047.6 -0.6404078603 0.5255514979 0.5600655079 0.7359499931 0.6284808517 0.2517725527 -0.2196709812 0.5734173059 -0.7892637253
-494.1 141.4 2764.8 -0.9564248323 -0.2856968641 0.0602402724 -0.1283959001 0.2262349129 -0.9655735493 0.2622328997 -0.9312331080 -0.2530589998
-733.7 109.2 2830.5 0.7934170365 -0.2856968641 -0.5374632478 0.6008268595 0.2262349129 0.7666973472 -0.0974500850 -0.9312331080 0.3511529863
-311.5 -260.8 2893.9 -0.8944737315 0.0878685042 -0.4384015501 0.0855682641 0.9960174561 0.0250455365 0.4388563037 -0.0151106846 -0.8984301686
-346.1 -653.0 2899.8 -0.8944737315 0.3305796981 -0.3010545671 0.0855682641 0.7874365449 0.6104274988 0.4388563037 0.5202506185 -0.7326284051
-416.5 -249.8 2746.9 0.4710136652 0.2831153274 0.8354590535 -0.0102268979 0.9487861991 -0.3157532215 -0.8820666075 0.1401799321 0.4497866631
-528.2 -624.0 2691.6 0.4710136652 -0.4930084348 0.7314976454 -0.0102268979 0.8261364102 0.5633773804 -0.8820666075 -0.2728393972 0.3840795755
105.5 -277.2 3109.0 0 0 0 0 0 0 0 0 0
-531.1 262.6 2805.6 0 0 0 0 0 0 0 0 0
-476.1 -962.7 2695.2 0 0 0 0 0 0 0 0 0
-335.5 -946.9 2798.3 0 0 0 0 0 0 0 0 0
-461.6 324.5 2929.7 56 -0.4654648304 -0.1439606845 0.8732799292 0.1099880114 0.9696259499 0.2184678167 -0.8782055974 0.1977394074 -0.4354928136
-432.7 130.0 2890.0 -0.4654648304 -0.1439606845 0.8732799292 0.1099880114 0.9696259499 0.2184678167 -0.8782055974 0.1977394074 -0.4354928136
-411.7 -63.9 2855.3 -0.4637513757 -0.1146789640 0.8785120249 0.0970783085 0.9790391922 0.1790475100 -0.8806307316 0.1683179885 -0.4428979456
-367.0 116.5 3016.7 -0.8078215718 0.4025458694 0.4305590689 0.5708146095 0.7163925171 0.4011888504 -0.1469523609 0.5698584318 -0.8084963560
-95.3 -75.5 3066.1 -0.6238198876 0.4955312908 0.6043984890 0.7422374487 0.6178377271 0.2595383227 -0.2448108047 0.6105123162 -0.7532213330
-498.5 143.4 2763.2 -0.9701457620 -0.2322215289 0.0699309558 -0.1269110292 0.2403938323 -0.9623431563 0.2066658437 -0.9424881935 -0.2626885474
-741.5 111.6 2815.0 0.8003183603 -0.2322215289 -0.5527781248 0.5979075432 0.2403938323 0.7646681070 -0.0446879566 -0.9424881935 0.3312386274
-333.5 -266.8 2900.1 -0.7404295206 0.0287836026 -0.6715173721 0.0109368674 0.9994663000 0.0307814237 0.6720449924 0.0154471789 -0.7403491735
-344.9 -661.3 2894.0 -0.7404295206 0.4565581679 -0.4932734668 0.0109368674 0.7419783473 0.6703346372 0.6720449924 0.4909406900 -0.5543760061
-426.2 -251.6 2744.7 0.4222990274 0.3587260246 0.8324537277 -0.0405118987 0.9249117970 -0.3780171573 -0.9055508375 0.1259119958 0.4051220119
-567.8 -616.6 2695.0 0.4222990274 -0.5447705388 0.7244919538 -0.0405118987 0.7871156931 0.6154735088 -0.9055508375 -0.2892644107 0.3103285134
79.1 -282.9 3134.6 0 0 0 0 0 0 0 0 0
-537.2 264.3 2803.6 0 0 0 0 0 0 0 0 0
-530.6 -963.1 2694.3 0 0 0 0 0 0 0 0 0
-340.4 -945.0 2815.7 0 0 0 0 0 0 0 0 0
-478.1 327.0 2930.2 57 -0.4122709930 -0.1460043788 0.8992860317 0.1164186671 0.9705407023 0.2109442651 -0.9035924673 0.1916598827 -0.3831281364
-448.9 133.1 2891.9 -0.4122709930 -0.1460043788 0.8992860317 0.1164186671 0.9705407023 0.2109442651 -0.9035924673 0.1916598827 -0.3831281364
-427.3 -60.7 2857.0 -0.4110547304 -0.1171024069 0.9040580988 0.1074083745 0.9785861373 0.1755921543 -0.9052609801 0.1692813933 -0.3896746635
-390.7 118.2 3022.1 -0.7937151790 0.3739712536 0.4797516763 0.5781839490 0.7088651061 0.4039970040 -0.1889959574 0.5980432630 -0.7788612247
-123.7 -76.3 3085.7 -0.6030868888 0.4637126923 0.6490429640 0.7489141226 0.6092825532 0.2605809271 -0.2746158540 0.6432303786 -0.7147312760
-507.1 148.0 2761.7 -0.9814211130 -0.1752782613 0.0780390427 -0.1209409013 0.2493882030 -0.9608219266 0.1489491761 -0.9524090886 -0.2659531534
-752.9 117.7 2799.0 0.8059161901 -0.1752782613 -0.5654879212 0.5919917226 0.2493882030 0.7663884759 0.0066947751 -0.9524090886 0.3047492802
-347.0 -267.4 2902.0 -0.7782670856 0.0627638698 -0.6247888207 0.0090211313 0.9960070252 0.0888178572 0.6278685927 0.0634877086 -0.7757256627
-371.8 -661.2 2876.9 -0.7999181747 0.1547854394 -0.5798037648 -0.0921867564 0.9230015874 0.3735902905 0.5929861069 0.3522918820 -0.7240565419
-431.3 -249.6 2741.5 0.2964050472 0.3246097267 0.8982052207 -0.0465346985 0.9442592263 -0.3258972466 -0.9539279938 0.0547998883 0.2949888408
-559.4 -622.3 2719.9 0.2964050472 -0.2852767110 0.9114610553 -0.0465346985 0.9488998055 0.3121275902 -0.9539279938 -0.1349307597 0.2679834366
44.8 -285.6 3162.5 0 0 0 0 0 0 0 0 0
-547.1 268.9 2800.7 0 0 0 0 0 0 0 0 0
-428.2 -997.5 2748.6 0 0 0 0 0 0 0 0 0
-452.7 -977.2 2770.3 0 0 0 0 0 0 0 0 0
-492.1 320.7 2930.0 58 -0.4845835865 -0.1636093557 0.8593083024 0.0910190940 0.9675897956 0.2355535328 -0.8699967265 0.1923588365 -0.4539865553
-459.4 127.6 2891.6 -0.4845835865 -0.1636093557 0.8593083024 0.0910190940 0.9675897956 0.2355535328 -0.8699967265 0.1923588365 -0.4539865553
-433.8 -65.7 2856.7 -0.4833316803 -0.1384715289 0.8644166589 0.0829655305 0.9757217765 0.2026910931 -0.8714970946 0.1696838140 -0.4601089060
-390.9 116.1 3017.0 -0.8260427117 0.3935590088 0.4034411311 0.5480158329 0.7280627489 0.4118291736 -0.1316513866 0.5612806082 -0.8170874715
-113.1 -68.2 3061.3 -0.6488046050 0.4900148213 0.5821838975 0.7243321538 0.6321780682 0.2751251161 -0.2332285047 0.6001969576 -0.7650935054
-528.0 139.1 2766.2 -0.9620449543 -0.2571122944 0.0914479718 -0.1534428596 0.2325520068 -0.9604035020 0.2256651372 -0.9379833937 -0.2631775439
-769.0 100.6 2822.7 0.7824153304 -0.2571122944 -0.5672032833 0.6197810769 0.2325520068 0.7495271564 -0.0608083867 -0.9379833937 0.3413056135
-366.7 -265.0 2905.9 -0.7281079292 0.0239183642 -0.6850450635 -0.0415221155 0.9960168004 0.0789081976 0.6842037439 0.0858982056 -0.7242145538
-376.2 -659.4 2871.9 -0.7367864251 0.0794904456 -0.6714365482 -0.1186035573 0.9624717832 0.2440927625 0.6656417847 0.2594790161 -0.6997082829
-441.6 -245.3 2740.7 0.2220396250 0.2992101908 0.9279933572 -0.0507568792 0.9540078640 -0.2954534590 -0.9737156630 0.0185003281 0.2270145267
-560.0 -622.8 2733.3 0.2190898806 -0.0531661026 0.9742550850 0.0130843576 0.9985846281 0.0515513904 -0.9756169319 0.0014531151 0.2194754183
68.3 -270.6 3126.5 0 0 0 0 0 0 0 0 0
-569.2 258.9 2807.2 0 0 0 0 0 0 0 0 0
-403.2 -986.1 2783.8 0 0 0 0 0 0 0 0 0
-542.1 -959.1 2732.8 0 0 0 0 0 0 0 0 0
-507.1 323.1 2931.4 59 -0.5021341443 -0.1717230082 0.8475685716 0.0851963982 0.9654954672 0.2460895926 -0.8605828881 0.1957797706 -0.4701780379
-472.8 130.3 2892.3 -0.5021341443 -0.1717230082 0.8475685716 0.0851963982 0.9654954672 0.2460895926 -0.8605828881 0.1957797706 -0.4701780379
-446.7 -62.9 2857.1 -0.5011395812 -0.1410236806 0.8537982106 0.0790254697 0.9750515223 0.2074355930 -0.8617506027 0.1714259982 -0.4774924517
-401.7 119.4 3016.3 -0.8318456411 0.4002274275 0.3845137954 0.5428180695 0.7310870290 0.4133525491 -0.1156780347 0.5525665283 -0.8254022002
-121.9 -63.2 3055.2 -0.6577539444 0.4980262220 0.5650926232 0.7200963497 0.6358366609 0.2778002620 -0.2209547609 0.5896453261 -0.7768509388
-543.9 141.2 2768.2 -0.9563890100 -0.2772128880 0.0920493752 -0.1590502411 0.2299130559 -0.9601265788 0.2449961007 -0.9328949451 -0.2639770806
-783.5 101.3 2829.6 0.7772371173 -0.2772128880 -0.5648499131 0.6244714856 0.2299130559 0.7464417815 -0.0770569071 -0.9328949451 0.3518085182
-362.3 -267.0 2902.3 -0.7134128809 0.0472289436 -0.6991505623 -0.0267764851 0.9951601624 0.0945476666 0.7002321482 0.0861723125 -0.7086954713
-381.0 -661.7 2868.1 -0.7200949788 0.0367502496 -0.6929016113 -0.1195219159 0.9771006703 0.1760362685 0.6835040450 0.2095797658 -0.6992127895
-450.3 -252.0 2743.3 0.2031214684 0.2935934961 0.9341009259 -0.0496404283 0.9558491111 -0.2896347344 -0.9778944254 0.0124618644 0.2087275833
-566.8 -631.0 2738.4 0.2163200825 0.1217581779 0.9687004685 0.0491371229 0.9895779490 -0.1353551149 -0.9750851989 0.0768791810 0.2080827355
61.9 -264.5 3117.0 0 0 0 0 0 0 0 0 0
-585.0 260.8 2809.9 0 0 0 0 0 0 0 0 0
-392.8 -976.0 2800.7 0 0 0 0 0 0 0 0 0
-606.1 -950.4 2713.6 0 0 0 0 0 0 0 0 0
-521.6 319.4 2931.1 60 -0.4834852815 -0.1753301620 0.8576137424 0.0922687575 0.9640696049 0.2491110563 -0.8704760075 0.1995724738 -0.4499359429
-486.4 126.3 2891.1 -0.4834852815 -0.1753301620 0.8576137424 0.0922687575 0.9640696049 0.2491110563 -0.8704760075 0.1995724738 -0.4499359429
-459.9 -66.6 2854.6 -0.4828462005 -0.1427457333 0.8639925718 0.0883755311 0.9736447930 0.2102511525 -0.8712343574 0.1778747737 -0.4575054646
-418.0 114.0 3016.5 -0.8282200098 0.3899506927 0.4024799466 0.5456401706 0.7248892188 0.4204906523 -0.1277827621 0.5678679943 -0.8131405115
-139.4 -69.5 3059.5 -0.6516301036 0.4867727458 0.5817478299 0.7235623002 0.6290822029 0.2841005921 -0.2276747674 0.6060593128 -0.7621393204
-554.9 138.5 2765.7 -0.9616041780 -0.2571962178 0.0957471654 -0.1594124734 0.2394752800 -0.9577260613 0.2233944535 -0.9362167120 -0.2712807059
-795.8 98.6 2821.6 0.7798529267 -0.2571962178 -0.5706834197 0.6235648990 0.2394752800 0.7441897988 -0.0547382310 -0.9362167120 0.3471340239
-372.9 -263.8 2901.7 -0.7283770442 0.0479524471 -0.6834965348 -0.0407477170 0.9927508831 0.1130723208 0.6839638352 0.1102102026 -0.7211429477
-391.9 -657.8 2857.9 -0.7295627594 -0.0106267584 -0.6838313341 -0.1135139763 0.9878920913 0.1057533845 0.6744277477 0.1547781378 -0.7219355702
-464.5 -249.4 2744.1 0.2159611881 0.2784558535 0.9358541965 -0.0656363964 0.9604443908 -0.2706259489 -0.9741933346 -0.0029813915 0.2256955653
-575.0 -630.6 2745.3 0.2575764060 0.2385413349 0.9363505840 0.0894088969 0.9590069652 -0.2689082921 -0.9621124864 0.1529825032 0.2256898731
42.7 -271.7 3123.1 0 0 0 0 0 0 0 0 0
-596.7 257.8 2807.7 0 0 0 0 0 0 0 0 0
-388.5 -971.0 2808.9 0 0 0 0 0 0 0 0 0
-652.8 -943.4 2695.4 0 0 0 0 0 0 0 0 0
-538.7 320.5 2930.9 61 -0.4687871635 -0.1740066558 0.8660025001 0.1008232832 0.9634563923 0.2481661290 -0.8775382042 0.2036503106 -0.4341120720
-504.0 128.5 2890.3 -0.4687871635 -0.1740066558 0.8660025001 0.1008232832 0.9634563923 0.2481661290 -0.8775382042 0.2036503106 -0.4341120720
-477.5 -64.2 2853.1 -0.4678786695 -0.1426575482 0.8722031713 0.0952676907 0.9729953408 0.2102478445 -0.8786430359 0.1814632714 -0.4416531026
-437.7 115.3 3016.8 -0.8242444396 0.3826369643 0.4173847437 0.5490907431 0.7201346159 0.4241527319 -0.1382766813 0.5787876248 -0.8036693335
-160.4 -69.4 3063.3 -0.6454462409 0.4785036743 0.5953431129 0.7270480394 0.6237826347 0.2868734002 -0.2340947092 0.6180043817 -0.7505133152
-570.3 141.7 2763.9 -0.9657125473 -0.2406974137 0.0972831622 -0.1576618701 0.2460307777 -0.9563533068 0.2062571049 -0.9389002323 -0.2755438089
-812.2 102.2 2815.5 0.7826126218 -0.2406974137 -0.5740925074 0.6213597059 0.2460307777 0.7438958287 -0.0378093719 -0.9389002323 0.3421064913
-387.4 -268.1 2898.9 -0.7397004366 0.0397876278 -0.6717590690 -0.0386514477 0.9940905571 0.1014396399 0.6718253493 0.1009994075 -0.7337913513
-403.2 -662.9 2858.8 -0.7383201122 -0.0543545820 -0.6722566485 -0.1519697756 0.9845220447 0.0873015672 0.6571062207 0.1666191965 -0.7351526618
-475.8 -252.0 2739.4 0.2238119990 0.2947763205 0.9289860725 -0.0878212973 0.9553877711 -0.2819958627 -0.9706676006 -0.0184707046 0.2397148758
-592.8 -631.3 2746.8 0.2887955904 0.2916517556 0.9118861556 0.1039713100 0.9372828603 -0.3327023089 -0.9517284632 0.1908929646 0.2403597385
20.0 -272.6 3128.7 0 0 0 0 0 0 0 0 0
-612.4 260.9 2805.9 0 0 0 0 0 0 0 0 0
-386.3 -969.1 2807.0 0 0 0 0 0 0 0 0 0
-689.9 -943.3 2683.2 0 0 0 0 0 0 0 0 0
-586.7 314.0 2875.8 62 -0.4892574847 -0.0853742436 0.8679506779 0.0450043865 0.9913998842 0.1228857189 -0.8709774613 0.0991843492 -0.4812076092
-569.9 119.6 2856.3 -0.4892574847 -0.0853742436 0.8679506779 0.0450043865 0.9913998842 0.1228857189 -0.8709774613 0.0991843492 -0.4812076092
-559.4 -77.2 2836.6 -0.4897106588 -0.0619963966 0.8696780801 0.0511086993 0.9937123656 0.0996173918 -0.8703857660 0.0932318121 -0.4834629893
-500.4 112.8 2981.6 -0.7845340371 0.4561577737 0.4200314879 0.5973755717 0.7376369238 0.3146969974 -0.1662792563 0.4978070557 -0.8511987329
-236.5 -88.1 3037.5 -0.5962060094 0.5457490683 0.5888092518 0.7511855960 0.6380214095 0.1692598611 -0.2832995057 0.5432187915 -0.7903510332
-639.5 126.4 2731.1 -0.9670943618 -0.2539896667 0.0147565641 -0.0615683012 0.1773623079 -0.9822178483 0.2468559444 -0.9508059025 -0.1871638000
-881.7 111.0 2792.9 0.8257007599 -0.2539896667 -0.5036938787 0.5517021418 0.1773623079 0.8149645925 -0.1176562905 -0.9508059025 0.2865748405
-467.7 -275.3 2898.4 -0.7255313993 -0.0109395348 -0.6881021261 -0.0838959590 0.9938219190 0.0726595670 0.6830561161 0.1104457825 -0.7219668031
-463.5 -655.0 2856.2 -0.7028425932 -0.2025184929 -0.6819080114 -0.2349806428 0.9709037542 -0.0461521894 0.6714137197 0.1277974546 -0.7299804688
-559.5 -264.4 2739.3 0.2311591655 0.2365903407 0.9437109828 -0.0402908809 0.9714778066 -0.2336824089 -0.9720813036 0.0159948859 0.2340984344
-644.5 -613.5 2733.6 0.2667115927 0.2049464434 0.9417334199 0.1126931235 0.9637940526 -0.2416636199 -0.9571651816 0.1705813706 0.2339589894
-69.9 -298.1 3116.7 0 0 0 0 0 0 0 0 0
-670.9 251.9 2762.9 0 0 0 0 0 0 0 0 0
-400.9 -955.3 2816.6 0 0 0 0 0 0 0 0 0
-715.8 -948.6 2674.2 0 0 0 0 0 0 0 0 0
-638.5 317.4 2880.3 63 -0.6506098509 -0.1303124875 0.7481480837 0.0961198881 0.9631133676 0.2513436079 -0.7533046007 0.2354385406 -0.6140853763
-609.9 106.3 2828.7 -0.6506098509 -0.1303124875 0.7481480837 0.0961198881 0.9631133676 0.2513436079 -0.7533046007 0.2354385406 -0.6140853763
-604.6 -91.7 2825.3 -0.6412467360 -0.0365871936 0.7664619684 -0.0139688728 0.9992536902 0.0360127352 -0.7672075629 0.0123864394 -0.6412792802
-518.6 108.9 2939.2 -0.7974022627 0.5453494787 0.2583477795 0.5989395380 0.7674816251 0.2285680622 -0.0736277103 0.3369953930 -0.9386229515
-250.4 -92.6 2963.9 -0.6327406764 0.6410497427 0.4343897700 0.7373428345 0.6701408625 0.0850691870 -0.2365687490 0.3741209209 -0.8966988325
-701.2 103.7 2718.1 -0.9055093527 -0.4234626591 -0.0270593259 -0.0166042913 0.0990825593 -0.9949406981 0.4240013361 -0.9004787803 -0.0967514813
-928.1 99.5 2824.3 0.7938719988 -0.4234626591 -0.4364018738 0.5194229484 0.0990825593 0.8487534523 -0.3161755800 -0.9004787803 0.2986150980
-532.6 -282.5 2898.4 -0.5847768784 -0.0701220259 -0.8081577420 -0.1233299300 0.9923607707 0.0031356998 0.8017641306 0.1015037224 -0.5889577270
-505.3 -668.6 2858.9 -0.5409502983 -0.3124227524 -0.7808743715 -0.2812730074 0.9421893358 -0.1821120679 0.7926274538 0.1211252958 -0.5975536704
-625.7 -276.2 2740.3 0.0822699443 0.1405271888 0.9866527915 0.0441339351 0.9885239005 -0.1444737017 -0.9956324100 0.0554307140 0.0751237869
-678.6 -648.3 2719.4 0.0973585919 0.1539296806 0.9832735658 0.1376649290 0.9763872027 -0.1664824933 -0.9856823087 0.1515707821 0.0738689676
-73.5 -298.7 3030.1 0 0 0 0 0 0 0 0 0
-725.4 232.2 2743.6 0 0 0 0 0 0 0 0 0
-410.9 -953.5 2822.3 0 0 0 0 0 0 0 0 0
-725.5 -945.8 2673.2 0 0 0 0 0 0 0 0 0
-681.9 320.6 2882.5 64 -0.6222746372 -0.1434531510 0.7695423961 0.0823087618 0.9656251669 0.2465629280 -0.7784597278 0.2167699337 -0.5890766382
-651.8 118.0 2837.0 -0.6222746372 -0.1434531510 0.7695423961 0.0823087618 0.9656251669 0.2465629280 -0.7784597278 0.2167699337 -0.5890766382
-639.3 -78.9 2819.5 -0.6155099273 -0.0728827268 0.7847520113 0.0210369825 0.9938408732 0.1088016406 -0.7878483534 0.0834772959 -0.6101856232
-564.2 115.5 2950.5 -0.8156725168 0.5063543916 0.2797921002 0.5756509304 0.7584548593 0.3055686653 -0.0574836433 0.4103065133 -0.9101341367
-289.8 -78.2 2969.9 -0.6509779692 0.6042599678 0.4594535530 0.7311163545 0.6619103551 0.1653588116 -0.2041973323 0.4435589612 -0.8726734519
-739.4 120.5 2723.5 -0.9174001813 -0.3977896273 0.0118479962 -0.0781284645 0.1508316100 -0.9854672551 0.3902215958 -0.9049934745 -0.1694516391
-969.2 100.9 2821.3 0.7843637466 -0.3977896273 -0.4759589732 0.5676191449 0.1508316100 0.8093567491 -0.2501640618 -0.9049934745 0.3440998495
-553.2 -290.4 2892.4 -0.6137605906 -0.0537097827 -0.7876631618 -0.0983818695 0.9951097965 0.0088055171 0.7833383679 0.0828962550 -0.6160432100
-532.1 -681.6 2859.8 -0.5447614789 -0.3677995801 -0.7536301613 -0.3149250448 0.9226348996 -0.2226366550 0.7772111297 0.1160531342 -0.6184452176
-668.7 -282.6 2743.4 0.1080698594 0.0695493147 0.9917075038 0.0706637874 0.9944892526 -0.0774448812 -0.9916287065 0.0784472600 0.1025597006
-696.2 -675.4 2712.4 0.1163107604 0.1266687959 0.9851024151 0.1329454035 0.9809231758 -0.1418282241 -0.9842750430 0.1474609822 0.0972518846
-107.9 -282.5 3026.9 0 0 0 0 0 0 0 0 0
-768.9 245.8 2757.4 0 0 0 0 0 0 0 0 0
-424.9 -950.4 2826.0 0 0 0 0 0 0 0 0 0
-730.5 -941.6 2672.4 0 0 0 0 0 0 0 0 0
-715.1 320.8 2883.1 65 -0.6204610467 -0.1622438431 0.7672711611 0.0786335319 0.9605651498 0.2667046785 -0.7802851200 0.2258131057 -0.5832354426
-681.8 123.7 2836.8 -0.6204610467 -0.1622438431 0.7672711611 0.0786335319 0.9605651498 0.2667046785 -0.7802851200 0.2258131057 -0.5832354426
-662.6 -71.3 2808.2 -0.6157565713 -0.1067164391 0.7806763053 0.0446122065 0.9844746590 0.1697629094 -0.7866725326 0.1393603235 -0.6014358401
-594.1 117.8 2950.2 -0.8348053098 0.4801580608 0.2693479061 0.5499048829 0.7508191466 0.3658896983 -0.0265466757 0.4535624087 -0.8908290863
-313.4 -67.1 2959.1 -0.6754827499 0.5812917352 0.4536772072 0.7189300060 0.6559344530 0.2299775332 -0.1638984680 0.4815080166 -0.8609804511
-769.4 129.7 2723.4 -0.9142611027 -0.4025685489 0.0454441309 -0.1312284619 0.1881538033 -0.9733330607 0.3832827806 -0.8958441019 -0.2248501480
-998.4 96.8 2819.5 0.7646030188 -0.4025685489 -0.5033097863 0.6072066426 0.1881538033 0.7719444633 -0.2160609066 -0.8958441019 0.3883052468
-575.5 -278.5 2874.8 -0.6176298261 -0.0048964722 -0.7864537239 -0.0030057996 0.9999880195 -0.0038653798 0.7864632010 -0.0000234516 -0.6176371574
-573.5 -672.0 2874.8 -0.4886901975 -0.4392755330 -0.7538029552 -0.3619596362 0.8882156014 -0.2829456627 0.7938306332 0.1345734596 -0.5930622816
-687.4 -269.3 2726.5 0.1020643115 0.0437122248 0.9938169718 0.0380976945 0.9981294274 -0.0478145145 -0.9940479994 0.0427422896 0.1002080590
-704.7 -664.4 2709.6 0.1121640056 0.1031222418 0.9883243442 0.1304222047 0.9844687581 -0.1175214425 -0.9850935340 0.1420811266 0.0969725326
-124.6 -268.1 3004.9 0 0 0 0 0 0 0 0 0
-803.2 251.8 2764.3 0 0 0 0 0 0 0 0 0
-439.1 -943.8 2833.6 0 0 0 0 0 0 0 0 0
-733.5 -939.3 2669.9 0 0 0 0 0 0 0 0 0
-740.0 321.9 2884.0 66 -0.5900285840 -0.1686829478 0.7895646691 0.0918658525 0.9575543404 0.2732221782 -0.8021389842 0.2337429225 -0.5494882464
-705.9 128.3 2836.7 -0.5900285840 -0.1686829478 0.7895646691 0.0918658525 0.9575543404 0.2732221782 -0.8021389842 0.2337429225 -0.5494882464
-683.3 -65.2 2800.6 -0.5870008469 -0.1235935763 0.8000966311 0.0718312114 0.9764297009 0.2035321742 -0.8063933849 0.1769454628 -0.5642871261
-622.4 118.4 2952.9 -0.8398291469 0.4541395903 0.2973957360 0.5417741537 0.7356793284 0.4065177441 -0.0341720954 0.5025267601 -0.8638860583
-340.0 -63.8 2964.4 -0.6776250601 0.5553156137 0.4821294844 0.7181861997 0.6407476068 0.2713872790 -0.1582177430 0.5301575661 -0.8330066800
-789.4 138.1 2720.5 -0.9260497689 -0.3716976047 0.0653662905 -0.1570861936 0.2221406400 -0.9622772336 0.3431556225 -0.9013847113 -0.2641018331
-1021.4 98.8 2806.5 0.7646452188 -0.3716976047 -0.5264585018 0.6238712668 0.2221406400 0.7492917776 -0.1615621299 -0.9013847113 0.4017502367
-588.4 -270.7 2852.5 -0.3560788035 0.1092778519 0.9280443192 -0.0543820225 0.9890320897 -0.1373248994 -0.9328721762 -0.0993674099 -0.3462305963
-631.2 -657.4 2891.3 -0.3560788035 -0.5404092669 0.7623422742 -0.0543820225 0.8264154792 0.5604285002 -0.9328721762 0.1580989808 -0.3236575723
-701.0 -259.8 2706.4 0.1351323277 0.0355792381 0.9901885390 -0.0043344540 0.9993667603 -0.0353174992 -0.9908180833 0.0004806092 0.1352009773
-715.1 -655.8 2706.2 0.1452672780 0.0688938349 0.9869909286 0.1245921552 0.9883576035 -0.0873269513 -0.9815163016 0.1356570721 0.1349923909
-150.6 -264.5 3008.6 0 0 0 0 0 0 0 0 0
-826.1 258.1 2765.2 0 0 0 0 0 0 0 0 0
-453.2 -929.5 2839.3 0 0 0 0 0 0 0 0 0
-734.7 -937.0 2667.6 0 0 0 0 0 0 0 0 0
-761.1 327.5 2884.4 67 -0.5289952159 -0.1806396991 0.8291763067 0.1072907373 0.9550056458 0.2765011787 -0.8418151736 0.2352307290 -0.4858124554
-724.6 134.8 2836.9 -0.5289952159 -0.1806396991 0.8291763067 0.1072907373 0.9550056458 0.2765011787 -0.8418151736 0.2352307290 -0.4858124554
-699.0 -57.5 2797.2 -0.5267760754 -0.1387297958 0.8386065960 0.0939075798 0.9710533023 0.2196289599 -0.8448007703 0.1944467872 -0.4984998703
-649.8 121.8 2958.5 -0.8365104795 0.4143318534 0.3585796058 0.5420243740 0.7216708660 0.4305818081 -0.0803727210 0.5545451045 -0.8282632232
-368.5 -60.6 2985.6 -0.6661487222 0.5134697556 0.5409202576 0.7219159007 0.6260659695 0.2947521210 -0.1873054802 0.5868477225 -0.7877349854
-799.4 147.8 2715.2 -0.9482080936 -0.3055088818 0.0869810581 -0.1671190262 0.2469288409 -0.9545142055 0.2701344490 -0.9196143150 -0.2851962745
-1037.0 106.0 2782.9 0.7727620602 -0.3055088818 -0.5563300252 0.6285737753 0.2469288409 0.7375100851 -0.0879419446 -0.9196143150 0.3828521073
-606.6 -265.5 2839.3 -0.3164190054 0.1557783186 0.9357414842 -0.0655450597 0.9804766774 -0.1853895634 -0.9463524222 -0.1199940145 -0.3000309765
-667.9 -651.5 2886.5 -0.3164190054 -0.5729932785 0.7560143471 -0.0655450597 0.8082638979 0.5851609707 -0.9463524222 0.1356030405 -0.2933069468
-714.0 -250.9 2690.7 0.2050513029 0.0213938709 0.9785173535 -0.0516465567 0.9986047149 -0.0110103572 -0.9773876667 -0.0482793674 0.2058701217
-722.5 -646.7 2709.8 0.2166464329 0.0461761281 0.9751574397 0.1254525185 0.9892821312 -0.0747161955 -0.9681559801 0.1385229528 0.2085315287
-182.3 -262.3 3037.9 0 0 0 0 0 0 0 0 0
-839.6 266.5 2760.4 0 0 0 0 0 0 0 0 0
-481.1 -915.1 2842.3 0 0 0 0 0 0 0 0 0
-736.1 -938.7 2668.9 0 0 0 0 0 0 0 0 0
-779.0 330.0 2883.1 68 -0.5102393627 -0.1825601012 0.8404329419 0.1161287129 0.9536364675 0.2776537836 -0.8521560431 0.2392683029 -0.4653824270
-742.3 138.2 2834.9 -0.5102393627 -0.1825601012 0.8404329419 0.1161287129 0.9536364675 0.2776537836 -0.8521560431 0.2392683029 -0.4653824270
-716.0 -53.5 2792.9 -0.5087656975 -0.1415026635 0.8491963744 0.1073888987 0.9682642221 0.2256813198 -0.8541809320 0.2060131729 -0.4774238169
-670.0 123.3 2957.9 -0.8339162469 0.4035317600 0.3764914274 0.5445356965 0.7126205564 0.4423266053 -0.0898027048 0.5738763809 -0.8140032887
-389.6 -59.9 2988.1 -0.6611049175 0.5018415451 0.5577592254 0.7257261276 0.6163810492 0.3056075573 -0.1904256493 0.6068190932 -0.7716920972
-814.5 153.2 2712.0 -0.9539006948 -0.2857713997 0.0916960984 -0.1695839614 0.2611485124 -0.9502856135 0.2476181388 -0.9220283031 -0.2975719869
-1053.4 110.7 2774.0 0.7752727270 -0.2857713997 -0.5632823110 0.6285506487 0.2611485124 0.7326155305 -0.0622602329 -0.9220283031 0.3820831180
-623.9 -259.0 2835.9 -0.3068146408 0.2125018239 0.9277433753 -0.0684476420 0.9673061371 -0.2442001402 -0.9493048191 -0.1384260356 -0.2822384536
-707.8 -640.9 2890.5 -0.3068146408 -0.5864864588 0.7495988011 -0.0684476420 0.7991418242 0.5972329974 -0.9493048191 0.1319315583 -0.2853320539
-720.2 -240.9 2681.0 0.2244046181 0.0191074926 0.9743087292 -0.0881614909 0.9961059093 0.0007705544 -0.9704999328 -0.0860694200 0.2252153009
-727.7 -636.0 2715.2 0.2399628162 0.0388811938 0.9700031281 0.1445795447 0.9866228104 -0.0753139704 -0.9599555135 0.1583151668 0.2311313599
-204.8 -262.7 3041.4 0 0 0 0 0 0 0 0 0
-855.5 271.2 2758.1 0 0 0 0 0 0 0 0 0
-514.5 -904.4 2847.0 0 0 0 0 0 0 0 0 0
-739.7 -938.5 2666.6 0 0 0 0 0 0 0 0 0
-797.7 333.2 2885.4 69 -0.3660381734 -0.1936623007 0.9102258086 0.1539254636 0.9520342946 0.2644571960 -0.9177815914 0.2369083464 -0.3186713457
-758.7 141.6 2837.7 -0.3660381734 -0.1936623007 0.9102258086 0.1539254636 0.9520342946 0.2644571960 -0.9177815914 0.2369083464 -0.3186713457
-730.8 -49.6 2794.2 -0.3646079898 -0.1489026248 0.9191784263 0.1459187120 0.9657990336 0.2143361270 -0.9196568727 0.2122740000 -0.3304103613
-707.2 121.1 2970.0 -0.7958626151 0.3248064518 0.5109828711 0.5706998110 0.6843160987 0.4538867176 -0.2022484839 0.6528493166 -0.7299885750
-439.5 -70.9 3038.0 -0.6050006747 0.4143237174 0.6799338460 0.7495690584 0.5843920708 0.3108570576 -0.2685525119 0.6977261305 -0.6641218662
-810.2 162.1 2705.4 -0.9848571420 -0.1300510466 0.1146432906 -0.1488242596 0.2950118780 -0.9438322783 0.0889252424 -0.9466016889 -0.3098993003
-1056.9 124.8 2727.7 0.7902930379 -0.1300510466 -0.5987684131 0.6073889732 0.2950118780 0.7375951409 0.0807187781 -0.9466016889 0.3121373951
-641.6 -255.7 2830.2 -0.3273223639 0.2607527375 0.9082224965 -0.0733140409 0.9512650967 -0.2995326817 -0.9420642853 -0.1646292061 -0.2922534943
-744.8 -631.9 2895.3 -0.3273223639 -0.5661271214 0.7565448880 -0.0733140409 0.8134527206 0.5769919753 -0.9420642853 0.1333969980 -0.3077663183
-734.8 -235.6 2673.7 0.3718079925 -0.0037106744 0.9283022285 -0.1048510000 0.9934250712 0.0459664054 -0.9223693013 -0.1144240946 0.3689743280
-733.3 -629.7 2719.1 0.3910385370 0.0293620415 0.9199058414 0.1418983638 0.9856173396 -0.0917783827 -0.9093699455 0.1664220244 0.3812479377
-270.4 -280.4 3113.1 0 0 0 0 0 0 0 0 0
-855.1 279.9 2748.3 0 0 0 0 0 0 0 0 0
-556.5 -902.5 2851.0 0 0 0 0 0 0 0 0 0
-742.6 -940.6 2666.6 0 0 0 0 0 0 0 0 0
-817.0 337.9 2884.6 70 -0.3241052330 -0.1985515356 0.9249503016 0.1612704694 0.9518193603 0.2608289421 -0.9321736097 0.2337031811 -0.2764691114
-777.0 145.9 2837.4 -0.3241052330 -0.1985515356 0.9249503016 0.1612704694 0.9518193603 0.2608289421 -0.9321736097 0.2337031811 -0.2764691114
-747.8 -44.9 2793.1 -0.3233180046 -0.1549629271 0.9335159063 0.1570041180 0.9640430212 0.2144079059 -0.9331747890 0.2158877850 -0.2873626351
-731.4 123.8 2971.6 -0.7843376398 0.2979878485 0.5440750718 0.5757620931 0.6761520505 0.4596916437 -0.2308949530 0.6738112569 -0.7019016147
-467.6 -69.8 3049.3 -0.5901639462 0.3851193488 0.7094995379 0.7546133399 0.5754265785 0.3153458238 -0.2868191004 0.7215035558 -0.6302121878
-822.5 168.0 2703.3 -0.9882936478 -0.0873201340 0.1251033843 -0.1460985839 0.3055020273 -0.9409164190 0.0439416058 -0.9481791258 -0.3146830797
-1070.1 131.4 2714.3 0.7879432440 -0.0873201340 -0.6095249057 0.6035603881 0.3055020273 0.7364668250 0.1219027191 -0.9481791258 0.2934212387
-668.3 -254.8 2835.3 -0.2427478433 0.2739921212 0.9305921793 -0.0482430384 0.9546883702 -0.2936710715 -0.9688891172 -0.1161826104 -0.2185303420
-776.8 -632.8 2881.3 -0.2427478433 -0.5547025204 0.7958508730 -0.0482430384 0.8262768984 0.5611943007 -0.9688891172 0.0978344455 -0.2273374796
-734.2 -228.0 2668.9 0.4116222858 0.0039616656 0.9113459587 -0.1114790365 0.9926999211 0.0460357666 -0.9045106769 -0.1205453128 0.4090590477
-735.8 -622.2 2716.8 0.4308224022 0.0268613379 0.9020369053 0.1304957271 0.9871968627 -0.0917234197 -0.8929517865 0.1572284549 0.4218012393
-302.7 -280.7 3129.4 0 0 0 0 0 0 0 0 0
-868.9 285.5 2745.4 0 0 0 0 0 0 0 0 0
-595.6 -902.7 2849.3 0 0 0 0 0 0 0 0 0
-744.5 -941.6 2665.9 0 0 0 0 0 0 0 0 0
-832.3 336.3 2884.7 71 -0.2845255435 -0.2086023837 0.9356977344 0.1693432182 0.9497541785 0.2632297277 -0.9435932040 0.2333496511 -0.2349039316
-790.6 146.2 2838.0 -0.2845255435 -0.2086023837 0.9356977344 0.1693432182 0.9497541785 0.2632297277 -0.9435932040 0.2333496511 -0.2349039316
-759.2 -44.2 2793.4 -0.2835564613 -0.1655890048 0.9445506930 0.1643920839 0.9620038271 0.2179996222 -0.9447597265 0.2170918584 -0.2455608845
-750.7 123.0 2973.8 -0.7747380733 0.2679277956 0.5727090240 0.5766690969 0.6708718538 0.4662442803 -0.2592945397 0.6914808154 -0.6742556095
