338.5 199.8 3210.4 6 -0.9943310618 0.0795729235 0.0705258548 0.0945271477 0.9652445912 0.2436544895 -0.0486863963 0.2489398271 -0.9672944546
322.9 10.6 3161.6 -0.9943310618 0.0795729235 0.0705258548 0.0945271477 0.9652445912 0.2436544895 -0.0486863963 0.2489398271 -0.9672944546
307.7 -177.4 3117.6 -0.9943984747 0.0802875981 0.0687423944 0.0937104374 0.9705196619 0.2220584303 -0.0488873050 0.2272564471 -0.9726070762
458.3 -2.4 3168.2 -0.0374627002 0.7202733755 0.6926780343 0.9713400602 0.1890630424 -0.1440612227 -0.2347232848 0.6674290299 -0.7067131996
469.8 -300.4 3240.2 0.5264004469 0.7202733755 0.4517841041 0.4776540697 0.1890630424 -0.8579637408 -0.7033841014 0.6674290299 -0.2445186377
187.4 23.6 3155.1 -0.1409755498 -0.4425909519 -0.8855727911 -0.9842959046 -0.0333330296 0.1733505726 -0.1062422246 0.8961038589 -0.4309413433
154.1 -209.0 3130.0 -0.2593671083 -0.4551380575 -0.8518086672 -0.9415445328 -0.0771787912 0.3279289007 -0.2149944901 0.8870697618 -0.4085150957
401.8 -376.9 3061.5 -0.9973810911 -0.0570036843 -0.0445148647 -0.0705880225 0.9013046026 0.4273960590 0.0157583021 0.4294189513 -0.9029679298
423.9 -727.2 2894.6 -0.9447831511 -0.3266021013 -0.0267559811 -0.3266176879 0.9319105744 0.1576819420 -0.0265650712 0.1577142179 -0.9871274233
220.3 -360.0 3055.6 -0.0625580400 0.1295859069 0.9895928502 -0.1031238213 0.9853885174 -0.1355544180 -0.9926993251 -0.1105306149 -0.0482805818
170.4 -739.4 3098.2 -0.0522903241 0.0420890376 0.9977445602 0.2018723935 0.9789300561 -0.0307155289 -0.9780149460 0.1998109668 -0.0596851856
336.9 -421.0 3417.9 0 0 0 0 0 0 0 0 0
86.5 -454.4 3073.9 0 0 0 0 0 0 0 0 0
512.8 -980.8 2851.7 0 0 0 0 0 0 0 0 0
161.3 -950.5 3055.1 0 0 0 0 0 0 0 0 0
320.2 195.7 3198.3 7 -0.9978765249 0.0611407235 0.0224567428 0.0644584745 0.9765132666 0.2055892944 -0.0093594287 0.2066002488 -0.9783806801
308.2 4.6 3157.8 -0.9978765249 0.0611407235 0.0224567428 0.0644584745 0.9765132666 0.2055892944 -0.0093594287 0.2066002488 -0.9783806801
296.5 -185.0 3119.9 -0.9978272915 0.0621940643 0.0217396356 0.0652387217 0.9787861109 0.1942205727 -0.0091990866 0.1952168494 -0.9807169437
444.2 -4.5 3159.0 -0.0744567215 0.7422469258 0.6659772992 0.9624035358 0.2284200639 -0.1469820142 -0.2612195015 0.6299951077 -0.7313484550
467.0 -299.8 3239.1 0.4826619029 0.7422469258 0.4648731351 0.4699390531 0.2284200639 -0.8526321650 -0.7390499115 0.6299951077 -0.2385611385
172.3 13.7 3156.7 -0.1176082417 -0.4036581218 -0.9073193669 -0.9904795885 -0.0181422401 0.1364589334 -0.0715435594 0.9147300124 -0.3976814747
144.5 -220.5 3139.8 -0.2415344566 -0.4153440297 -0.8770122528 -0.9542302489 -0.0626009926 0.2924479544 -0.1763683408 0.9075078368 -0.3812135458
381.3 -373.5 3077.9 -0.9912048578 -0.0902795047 -0.0967600942 -0.1232957244 0.8956127763 0.4274060428 0.0480735712 0.4355770648 -0.8988668323
416.3 -721.2 2908.8 -0.9463758469 -0.3160203099 -0.0671110526 -0.3227812350 0.9336565733 0.1552341729 0.0136015285 0.1685720682 -0.9855954647
201.3 -357.4 3072.1 -0.0942407250 0.0806786865 0.9922749996 -0.0592518114 0.9944894910 -0.0864861533 -0.9937846661 -0.0669446066 -0.0889410526
170.2 -741.1 3098.0 -0.0872618407 0.0412139520 0.9953324795 0.1640843302 0.9860917330 -0.0264458768 -0.9825791121 0.1610107422 -0.0928107426
345.0 -418.6 3426.0 0 0 0 0 0 0 0 0 0
81.5 -469.4 3093.8 0 0 0 0 0 0 0 0 0
505.6 -985.0 2861.1 0 0 0 0 0 0 0 0 0
161.1 -958.9 3062.4 0 0 0 0 0 0 0 0 0
298.8 189.3 3197.8 8 -0.9988961816 0.0402255878 -0.0242544040 0.0346651673 0.9797430634 0.1972356290 0.0316970013 0.1961771399 -0.9800560474
290.9 -2.4 3159.4 -0.9988961816 0.0402255878 -0.0242544040 0.0346651673 0.9797430634 0.1972356290 0.0316970013 0.1961771399 -0.9800560474
283.2 -192.6 3122.5 -0.9988636971 0.0408734120 -0.0245090034 0.0354512110 0.9809340239 0.1910803467 0.0318518206 0.1899943501 -0.9812683463
427.0 -7.4 3155.0 -0.1133084372 0.7607766986 0.6390461922 0.9588221908 0.2523158789 -0.1303714663 -0.2604250610 0.5979594588 -0.7580391169
461.8 -301.7 3235.0 0.4372903407 0.7607766986 0.4795789421 0.4815270305 0.2523158789 -0.8393262029 -0.7595451474 0.5979594588 -0.2559992671
154.8 2.5 3163.9 -0.0914240628 -0.3648938537 -0.9265495539 -0.9937353134 -0.0266293567 0.1085405573 -0.0642791986 0.9306682348 -0.3601733148
133.2 -232.6 3148.6 -0.2204784155 -0.3755736947 -0.9001853466 -0.9615029097 -0.0715031251 0.2653290629 -0.1640166789 0.9240301251 -0.3453502953
373.9 -380.5 3082.7 -0.9841863513 -0.1035042033 -0.1437501907 -0.1531445682 0.9050068855 0.3968743682 0.0890167505 0.4126129150 -0.9065465331
414.1 -731.7 2922.6 -0.9459181428 -0.3035328388 -0.1144845709 -0.3194879889 0.9328543544 0.1664637774 0.0562702045 0.1940375566 -0.9793789387
194.4 -369.0 3082.7 -0.1307037473 0.0928961337 0.9870597124 -0.0291972347 0.9948079586 -0.0974915698 -0.9909914732 -0.0415619276 -0.1273128241
158.5 -753.9 3098.8 -0.1349546313 -0.0103756981 0.9907974601 0.1561878771 0.9872213602 0.0316123031 -0.9784644246 0.1590167731 -0.1316095442
351.2 -423.5 3427.1 0 0 0 0 0 0 0 0 0
75.6 -483.6 3105.8 0 0 0 0 0 0 0 0 0
498.5 -991.3 2868.6 0 0 0 0 0 0 0 0 0
160.8 -968.0 3064.3 0 0 0 0 0 0 0 0 0
280.7 186.3 3204.9 9 -0.9980031252 0.0300390385 -0.0555647202 0.0186572168 0.9806193709 0.1950320601 0.0603464209 0.1936059296 -0.9792216420
274.8 -5.7 3167.0 -0.9980031252 0.0300390385 -0.0555647202 0.0186572168 0.9806193709 0.1950320601 0.0603464209 0.1936059296 -0.9792216420
269.0 -196.0 3130.0 -0.9979879260 0.0303588100 -0.0556640364 0.0191512946 0.9812459946 0.1918060780 0.0604431182 0.1903541088 -0.9798530340
410.9 -8.4 3158.7 -0.1358992755 0.7733563781 0.6192344427 0.9571048021 0.2639230192 -0.1195616722 -0.2558940053 0.5764239430 -0.7760500908
452.7 -302.4 3237.3 0.4074377120 0.7733563781 0.4857102036 0.4896852970 0.2639230192 -0.8309951425 -0.7708455324 0.5764239430 -0.2711690664
138.7 -3.0 3175.3 -0.0775513351 -0.3376137614 -0.9380846024 -0.9949958920 -0.0332479477 0.0942220166 -0.0630000383 0.9406973720 -0.3333458900
120.4 -238.6 3160.4 -0.2099232525 -0.3477821946 -0.9137722850 -0.9647004604 -0.0783231333 0.2514329255 -0.1590134054 0.9342981577 -0.3190637827
364.7 -385.9 3082.6 -0.9787508845 -0.1095024571 -0.1733663678 -0.1681585461 0.9124580026 0.3730189502 0.1173430383 0.3942456543 -0.9114828706
407.2 -740.0 2929.6 -0.9408814311 -0.3069593012 -0.1432414353 -0.3273227811 0.9327343702 0.1512162387 0.0871889815 0.1891627461 -0.9780672193
185.6 -379.7 3089.1 -0.1567133963 0.0854688883 0.9839389920 -0.0080103064 0.9961057901 -0.0878015533 -0.9876116514 -0.0216413327 -0.1554185003
152.5 -765.6 3097.5 -0.1649267077 -0.0377904363 0.9855815768 0.1524178237 0.9862854481 0.0633229464 -0.9744578004 0.1606638581 -0.1569048762
349.5 -426.4 3432.6 0 0 0 0 0 0 0 0 0
65.5 -490.7 3118.8 0 0 0 0 0 0 0 0 0
490.3 -992.8 2878.3 0 0 0 0 0 0 0 0 0
160.1 -965.0 3065.0 0 0 0 0 0 0 0 0 0
266.9 185.5 3208.2 0 -0.9965947866 0.0229030196 -0.0792100057 0.0075792274 0.9820272326 0.1885869205 0.0821055919 0.1873443872 -0.9788568616
262.4 -6.8 3171.6 -0.9965947866 0.0229030196 -0.0792100057 0.0075792274 0.9820272326 0.1885869205 0.0821055919 0.1873443872 -0.9788568616
258.0 -197.4 3135.5 -0.9965866804 0.0231198706 -0.0792495385 0.0079270843 0.9823470116 0.1868996322 0.0821716413 0.1856334656 -0.9791772366
398.4 -7.9 3160.3 -0.1524165124 0.7825597525 0.6036302447 0.9542979002 0.2753964663 -0.1160700843 -0.2570694089 0.5583521128 -0.7887700796
445.2 -301.2 3239.3 0.3848028481 0.7825597525 0.4894149899 0.4910611212 0.2753964663 -0.8264476657 -0.7815278172 0.5583521128 -0.2783113122
126.4 -5.7 3182.8 -0.0675515160 -0.3165829182 -0.9461564422 -0.9960867167 -0.0327709690 0.0820814446 -0.0569920465 0.9479985833 -0.3131302893
110.4 -241.6 3169.3 -0.2023648918 -0.3263819814 -0.9233218431 -0.9677143693 -0.0780149922 0.2396716774 -0.1502574533 0.9420129657 -0.3000570238
352.5 -388.1 3087.5 -0.9726620317 -0.1213242039 -0.1980125457 -0.1889140457 0.9092769027 0.3708463609 0.1350555867 0.3981155455 -0.9073389769
399.6 -741.0 2933.0 -0.9462773204 -0.2811692953 -0.1596969366 -0.3015485406 0.9456257224 0.1219036058 0.1167379841 0.1635109931 -0.9796103239
173.7 -384.7 3098.7 -0.1773919463 0.0506245047 0.9828373790 -0.0023945591 0.9986509085 -0.0518712327 -0.9841373563 -0.0115550002 -0.1770313978
154.1 -771.8 3103.2 -0.1878894567 -0.0351080410 0.9815624952 0.1927596182 0.9786082506 0.0719001815 -0.9630894661 0.2027149051 -0.1771027595
347.7 -425.7 3437.5 0 0 0 0 0 0 0 0 0
57.5 -494.5 3130.0 0 0 0 0 0 0 0 0 0
473.5 -989.8 2889.9 0 0 0 0 0 0 0 0 0
161.0 -964.8 3063.2 0 0 0 0 0 0 0 0 0
278.6 198.9 3254.6 1 -0.9939813614 0.1048241332 -0.0318273418 0.0873123035 0.9335133433 0.3477490246 0.0661637411 0.3428771198 -0.9370473027
255.3 -8.8 3178.4 -0.9939813614 0.1048241332 -0.0318273418 0.0873123035 0.9335133433 0.3477490246 0.0661637411 0.3428771198 -0.9370473027
244.4 -198.7 3140.4 -0.9974027276 0.0566375628 -0.0444975607 0.0467830971 0.9791539907 0.1976582110 0.0547648445 0.1950630993 -0.9792605639
391.4 -15.2 3170.8 -0.1073948517 0.7771380544 0.6200990081 0.9616326094 0.2395631224 -0.1336870939 -0.2524461746 0.5819500685 -0.7730491757
424.4 -310.5 3248.4 0.4255392849 0.7771380544 0.4636515081 0.4812391698 0.2395631224 -0.8432190418 -0.7663714290 0.5819500685 -0.2720457613
119.3 -2.3 3185.9 -0.1051673666 -0.3439624012 -0.9330753684 -0.9921155572 -0.0280250516 0.1221527681 -0.0681654513 0.9385650754 -0.3383031487
94.4 -237.2 3169.7 -0.2360723764 -0.3553791046 -0.9044200182 -0.9576443434 -0.0728432089 0.2785877585 -0.1648851335 0.9318795800 -0.3231305480
342.7 -388.7 3092.0 -0.9789745212 -0.1312482506 -0.1561497301 -0.1813617051 0.9104228616 0.3718038797 0.0933636799 0.3923061192 -0.9150842428
393.6 -742.1 2939.7 -0.9646028876 -0.2356301993 -0.1184048951 -0.2505293787 0.9589930177 0.1325422078 0.0823185220 0.1575144976 -0.9840797186
164.2 -387.3 3106.9 -0.1503416896 0.0162535496 0.9885004759 0.0032029937 0.9998676181 -0.0159533098 -0.9886289239 0.0007677133 -0.1503738314
157.9 -774.9 3106.6 -0.1544986516 0.0021108887 0.9879907370 0.2470055819 0.9683242440 0.0365570299 -0.9566181898 0.2496872395 -0.1501262039
316.5 -432.5 3442.6 0 0 0 0 0 0 0 0 0
32.7 -487.4 3126.7 0 0 0 0 0 0 0 0 0
454.8 -990.9 2898.9 0 0 0 0 0 0 0 0 0
157.5 -956.4 3059.9 0 0 0 0 0 0 0 0 0
290.3 205.4 3279.8 2 -0.9907533526 0.1311569959 0.0347222351 0.1343756020 0.9132449627 0.3846125901 0.0187347289 0.3857220411 -0.9224247932
262.7 13.6 3198.8 -0.9907533526 0.1311569959 0.0347222351 0.1343756020 0.9132449627 0.3846125901 0.0187347289 0.3857220411 -0.9224247932
242.5 -170.4 3144.1 -0.9939650297 0.1075817049 0.0214400925 0.1092622578 0.9535400271 0.2807546854 0.0097600818 0.2814029157 -0.9595400691
398.0 -1.6 3197.0 -0.0342489444 0.7570745349 0.6524302363 0.9844726324 0.1380136907 -0.1084705964 -0.1721646190 0.6385846734 -0.7500459552
408.5 -302.3 3249.6 0.4978870749 0.7570745349 0.4230208397 0.5109947920 0.1380136907 -0.8484318256 -0.7007088065 0.6385846734 -0.3181459010
127.5 28.8 3200.5 -0.1617217958 -0.3959124684 -0.9039354920 -0.9738337398 -0.0841788799 0.2110964805 -0.1596680135 0.9144217968 -0.3719393909
89.4 -200.6 3162.9 -0.2850069106 -0.4095845819 -0.8666092157 -0.9228374362 -0.1271557361 0.3635965288 -0.2591178715 0.9033669829 -0.3417397141
322.3 -385.6 3094.7 -0.9840826392 -0.1656139791 -0.0644466504 -0.1776482463 0.9264379144 0.3318943977 0.0047394647 0.3380603492 -0.9411125183
387.4 -750.0 2961.7 -0.9823138714 -0.1823178679 -0.0426576696 -0.1872237027 0.9595543742 0.2102444172 0.0026010387 0.2145125419 -0.9767177701
144.0 -368.8 3100.5 -0.0979108885 -0.0431985334 0.9942572117 -0.0218610205 0.9989097714 0.0412478819 -0.9949550629 -0.0176968593 -0.0987485051
161.4 -771.2 3107.7 -0.0922717676 0.0331882760 0.9951806068 0.2652433515 0.9641518593 -0.0075604990 -0.9597561359 0.2632674277 -0.0977669656
282.8 -431.2 3426.4 0 0 0 0 0 0 0 0 0
15.4 -440.3 3095.6 0 0 0 0 0 0 0 0 0
432.4 -986.4 2908.8 0 0 0 0 0 0 0 0 0
155.1 -953.4 3057.9 0 0 0 0 0 0 0 0 0
296.2 212.6 3305.4 3 -0.9856359363 0.1383296549 0.0968847573 0.1666739583 0.8892536163 0.4259669185 -0.0272312611 0.4359965026 -0.8995362520
268.1 31.6 3216.6 -0.9856359363 0.1383296549 0.0968847573 0.1666739583 0.8892536163 0.4259669185 -0.0272312611 0.4359965026 -0.8995362520
244.0 -146.8 3147.3 -0.9880104661 0.1284746975 0.0856127292 0.1505288780 0.9248313904 0.3493249416 -0.0342979245 0.3580238819 -0.9330822825
402.5 10.7 3220.9 0.0127031971 0.7245651484 0.6890892386 0.9950802922 0.0585563034 -0.0799149871 -0.0982541367 0.6867142916 -0.7202566266
398.7 -293.2 3250.9 0.5558428764 0.7245651484 0.4074849784 0.5394518971 0.0585563034 -0.8399778605 -0.6324794888 0.6867142916 -0.3583199680
133.7 52.4 3212.4 -0.1894000322 -0.4492112994 -0.8731189966 -0.9517729282 -0.1345888823 0.2757065892 -0.2413626313 0.8832299113 -0.4020560384
89.1 -171.5 3155.6 -0.3050467968 -0.4638449848 -0.8317416906 -0.8884269595 -0.1759462804 0.4239580631 -0.3429926932 0.8682687879 -0.3584205508
310.8 -360.8 3086.9 -0.9864227772 -0.1627193540 0.0221916474 -0.1504280865 0.9494760633 0.2754389048 -0.0658896789 0.2683609724 -0.9610623717
374.2 -730.8 2982.3 -0.9918277264 -0.1241985410 0.0291977450 -0.1140060425 0.9654855132 0.2341802269 -0.0572748408 0.2289377153 -0.9717546701
133.5 -336.7 3087.2 -0.0405796282 -0.0466192476 0.9980881214 -0.0476147719 0.9978662729 0.0446729921 -0.9980411530 -0.0457109287 -0.0427128077
151.9 -731.3 3105.3 -0.0449054539 -0.0116243055 0.9989235997 0.2032915056 0.9789029956 0.0205300618 -0.9780879617 0.2039945871 -0.0415949598
258.6 -429.1 3410.2 0 0 0 0 0 0 0 0 0
9.9 -402.1 3066.6 0 0 0 0 0 0 0 0 0
407.1 -986.7 2921.6 0 0 0 0 0 0 0 0 0
154.6 -956.0 3058.4 0 0 0 0 0 0 0 0 0
301.6 214.3 3278.9 4 -0.9833618999 0.1815584004 0.0059917714 0.1711782664 0.9150913954 0.3651105165 0.0608058609 0.3600614369 -0.9309449196
265.5 32.3 3207.3 -0.9833618999 0.1815584004 0.0059917714 0.1711782664 0.9150913954 0.3651105165 0.0608058609 0.3600614369 -0.9309449196
231.7 -147.5 3145.6 -0.9839144349 0.1786327362 -0.0016498355 0.1683475077 0.9302735925 0.3259603083 0.0597619824 0.3204393089 -0.9453819990
399.0 9.0 3199.0 0.0190780666 0.7904681563 0.6122059226 0.9919044971 0.0619231500 -0.1108644903 -0.1255445629 0.6093649268 -0.7828875780
393.2 -294.8 3237.5 0.4967310429 0.7904681563 0.3583550453 0.5172588229 0.0619231500 -0.8535858393 -0.6969228983 0.6093649268 -0.3781175017
132.0 55.6 3215.6 -0.2277242839 -0.3609210849 -0.9043658972 -0.9540290833 -0.1031618342 0.2814003527 -0.1948593557 0.9268730283 -0.3208367527
78.4 -169.2 3169.7 -0.3517268300 -0.3776611984 -0.8565396667 -0.8912599087 -0.1447043568 0.4297865331 -0.2862587273 0.9145669341 -0.2856978774
306.4 -338.3 3080.1 -0.9880852103 -0.1410723627 -0.0615317971 -0.1506579816 0.9682819247 0.1993294656 0.0314602479 0.2062247694 -0.9779987931
361.0 -713.0 3000.2 -0.9945712090 -0.0833375081 -0.0623133890 -0.0944603309 0.9742567539 0.2046975195 0.0436502546 0.2094724029 -0.9768397808
125.9 -312.3 3079.5 -0.1392715126 -0.0653419495 0.9880960584 -0.0885841548 0.9946421981 0.0532889627 -0.9862840772 -0.0801080242 -0.1443135887
151.2 -696.7 3110.5 -0.1499169916 -0.0153368702 0.9885796309 0.1996446699 0.9788132310 0.0454612449 -0.9683319926 0.2041800618 -0.1436788142
268.1 -425.1 3413.0 0 0 0 0 0 0 0 0 0
-13.0 -400.8 3095.3 0 0 0 0 0 0 0 0 0
384.7 -989.7 2940.8 0 0 0 0 0 0 0 0 0
155.3 -960.9 3055.4 0 0 0 0 0 0 0 0 0
286.1 214.2 3304.9 5 -0.9906666875 0.1311366260 -0.0371850878 0.0961316600 0.8655803204 0.4914564490 0.0966346264 0.4832948744 -0.8701079488
258.6 32.7 3203.6 -0.9906666875 0.1311366260 -0.0371850878 0.0961316600 0.8655803204 0.4914564490 0.0966346264 0.4832948744 -0.8701079488
231.2 -150.8 3149.1 -0.9871615171 0.1448158473 -0.0673830807 0.1191763505 0.9486810565 0.2929184735 0.1063442901 0.2811273634 -0.9537600875
392.7 16.2 3188.8 -0.0399524048 0.8166901469 0.5756917596 0.9868236780 0.1226567104 -0.1055192277 -0.1567889750 0.5638905168 -0.8108296394
404.9 -286.1 3236.9 0.4323911369 0.8166901469 0.3821715117 0.5170579553 0.1226567104 -0.8471165299 -0.7387076616 0.5638905168 -0.3692404628
124.5 49.2 3218.3 -0.1865337938 -0.3072452843 -0.9331696033 -0.9703524709 -0.0909734592 0.2239193171 -0.1536918133 0.9472719431 -0.2811666131
80.5 -179.7 3182.0 -0.3180532455 -0.3223602176 -0.8915862441 -0.9171263576 -0.1336999834 0.3755044043 -0.2402527481 0.9371276498 -0.2531213164
284.5 -342.3 3078.2 -0.9772893786 -0.1763386279 -0.1175163761 -0.1919218898 0.9716519117 0.1380527169 0.0898409858 0.1574714184 -0.9834283590
352.7 -718.3 3017.3 -0.9915557504 -0.0220837891 -0.1277868897 -0.0470176712 0.9795669913 0.1955450326 0.1208574474 0.1999020427 -0.9723336101
107.4 -312.5 3091.6 -0.1922021806 -0.1196501553 0.9740339518 -0.0669525489 0.9918256402 0.1086242050 -0.9790687561 -0.0443362482 -0.1986419410
153.6 -695.8 3108.8 -0.1994891912 -0.0010000371 0.9798995256 0.1976111978 0.9794130325 0.0412294827 -0.9597676396 0.2018639594 -0.1951846927
295.9 -416.5 3423.1 0 0 0 0 0 0 0 0 0
-2.2 -418.3 3119.5 0 0 0 0 0 0 0 0 0
358.8 -984.7 2962.9 0 0 0 0 0 0 0 0 0
153.9 -964.8 3053.3 0 0 0 0 0 0 0 0 0
267.6 206.5 3272.5 6 -0.9817727208 0.1080257148 -0.1563737243 0.0403475873 0.9224743247 0.3839442134 0.1857265979 0.3706366420 -0.9100187421
245.9 21.1 3198.0 -0.9817727208 0.1080257148 -0.1563737243 0.0403475873 0.9224743247 0.3839442134 0.1857265979 0.3706366420 -0.9100187421
224.3 -164.5 3147.1 -0.9789891243 0.1141638085 -0.1689582169 0.0639140084 0.9586257935 0.2774014175 0.1936369091 0.2607741952 -0.9457809329
378.5 12.1 3171.5 -0.1100602448 0.8560450077 0.5050482154 0.9814059138 0.1739936769 -0.0810469911 -0.1572550684 0.4867372811 -0.8592774272
412.2 -288.4 3219.6 0.3339590132 0.8560450077 0.3945356309 0.5325604081 0.1739936769 -0.8283149004 -0.7777215242 0.4867372811 -0.3977889121
113.3 30.0 3224.5 -0.1432365924 -0.2160139829 -0.9658266902 -0.9809200168 -0.0986311287 0.1675345451 -0.1314503849 0.9713958502 -0.1977648586
79.4 -201.6 3193.4 -0.2842715383 -0.2294302732 -0.9308874607 -0.9363554120 -0.1421639025 0.3209796250 -0.2059810460 0.9628868699 -0.1744151264
291.3 -345.0 3084.9 -0.9709084034 -0.1076439023 -0.2138918191 -0.1370923519 0.9822583199 0.1279617995 0.1963227242 0.1535621136 -0.9684399962
332.9 -724.8 3025.5 -0.9758446813 -0.0187097043 -0.2176629156 -0.0553710386 0.9849752188 0.1635783315 0.2113320678 0.1716792583 -0.9622187614
114.4 -323.6 3105.4 -0.2848491371 -0.0982783511 0.9535210133 -0.0158343632 0.9950770736 0.0978312194 -0.9584415555 0.0127687398 -0.2850030065
152.4 -708.4 3100.5 -0.2917753756 -0.0078565199 0.9564545751 0.1759047657 0.9824696779 0.0617315993 -0.9401726723 0.1862566769 -0.2852784693
328.2 -422.4 3415.2 0 0 0 0 0 0 0 0 0
5.4 -445.5 3139.8 0 0 0 0 0 0 0 0 0
337.7 -981.4 2980.8 0 0 0 0 0 0 0 0 0
154.5 -969.4 3051.0 0 0 0 0 0 0 0 0 0
257.8 210.3 3301.7 7 -0.9724401832 0.0788377821 -0.2194190472 -0.0376526676 0.8756411672 0.4814922810 0.2300921232 0.4764841497 -0.8485401869
240.2 14.3 3195.1 -0.9724401832 0.0788377821 -0.2194190472 -0.0376526676 0.8756411672 0.4814922810 0.2300921232 0.4764841497 -0.8485401869
220.3 -172.5 3147.4 -0.9648683071 0.1043120101 -0.2411393970 0.0384004824 0.9639412165 0.2633300424 0.2599126995 0.2448189259 -0.9340819716
371.1 8.9 3159.6 -0.1482513398 0.8819542527 0.4474128485 0.9763022065 0.2026436776 -0.0759574398 -0.1576563716 0.4255493581 -0.8910960555
416.5 -290.5 3207.9 0.2644566596 0.8819542527 0.3901530206 0.5346001983 0.2026436776 -0.8204499483 -0.8026613593 0.4255493581 -0.4179024398
109.3 19.8 3230.5 -0.1243103892 -0.1460316479 -0.9814385772 -0.9857957959 -0.0943989307 0.1389082223 -0.1129317433 0.9847657681 -0.1322226226
79.9 -213.4 3203.8 -0.2713776529 -0.1587822437 -0.9492852092 -0.9458726645 -0.1383943111 0.2935506403 -0.1779862940 0.9775659442 -0.1126306579
289.4 -355.9 3078.9 -0.9572354555 -0.0648698583 -0.2819435000 -0.0963083282 0.9904053211 0.0991060063 0.2728093565 0.1220212877 -0.9542986155
314.5 -739.0 3031.7 -0.9583086967 -0.0350132585 -0.2835816741 -0.0733239204 0.9893639088 0.1256290525 0.2761667669 0.1411847323 -0.9506832957
115.0 -344.3 3114.2 -0.3547076583 -0.0883426219 0.9307942986 0.0180010833 0.9946963787 0.1012674943 -0.9348039627 0.0526756644 -0.3512361646
149.2 -729.4 3093.9 -0.3610398769 -0.0254871845 0.9322020411 0.1467560977 0.9856178761 0.0837859437 -0.9209304452 0.1670563966 -0.3521069288
349.9 -425.2 3410.2 0 0 0 0 0 0 0 0 0
9.1 -460.1 3157.4 0 0 0 0 0 0 0 0 0
323.1 -981.6 2997.0 0 0 0 0 0 0 0 0 0
155.5 -975.6 3052.1 0 0 0 0 0 0 0 0 0
252.7 171.9 3256.8 8 -0.9786778092 0.0697968081 -0.1931790709 -0.0044847811 0.9330098033 0.3598229587 0.2053524554 0.3530170918 -0.9128029943
238.3 -20.5 3184.1 -0.9786778092 0.0697968081 -0.1931790709 -0.0044847811 0.9330098033 0.3598229587 0.2053524554 0.3530170918 -0.9128029943
222.9 -208.7 3140.2 -0.9759674668 0.0798642188 -0.2027540803 0.0299929660 0.9707967639 0.2380211949 0.2158423811 0.2262197435 -0.9498614073
371.0 -24.6 3154.6 -0.1534956247 0.8586919308 0.4889655113 0.9699204564 0.2255333513 -0.0915915743 -0.1889269799 0.4601987302 -0.8674812317
418.1 -322.3 3212.6 0.2932938039 0.8586919308 0.4202700555 0.5201154947 0.2255333513 -0.8237806559 -0.8021587133 0.4601987302 -0.3804714680
105.6 -16.3 3213.5 -0.1069002524 -0.1884403527 -0.9762492180 -0.9898571968 -0.0722314417 0.1223327965 -0.0935683250 0.9794247746 -0.1788074821
80.3 -250.6 3191.4 -0.2515745163 -0.2003550529 -0.9468728304 -0.9534617662 -0.1166927665 0.2780169249 -0.1661953032 0.9727489948 -0.1616739631
289.0 -372.2 3076.9 -0.9698767066 -0.0247842669 -0.2423323095 -0.0526807904 0.9926091433 0.1093241647 0.2378317565 0.1187972203 -0.9640141726
298.4 -747.4 3032.0 -0.9681693912 -0.0660140216 -0.2414335012 -0.0871839002 0.9931285381 0.0780686066 0.2346208692 0.0966327563 -0.9672720432
116.1 -365.4 3119.7 -0.3196120858 -0.0735919178 0.9446863532 0.0675650612 0.9926717281 0.1001890451 -0.9451365471 0.0958494246 -0.3122976124
143.9 -739.8 3083.6 -0.3215619922 -0.0519211031 0.9454639554 0.1012924612 0.9908797741 0.0888657644 -0.9414551258 0.1243442222 -0.3133700490
344.0 -453.8 3415.4 0 0 0 0 0 0 0 0 0
14.6 -499.6 3148.0 0 0 0 0 0 0 0 0 0
314.2 -985.4 3008.8 0 0 0 0 0 0 0 0 0
156.3 -976.1 3053.9 0 0 0 0 0 0 0 0 0
249.6 174.2 3245.6 9 -0.9869859219 0.0586871281 -0.1497149467 0.0119288824 0.9551805854 0.2957832217 0.1603634804 0.2901479304 -0.9434499145
237.8 -17.3 3187.5 -0.9869859219 0.0586871281 -0.1497149467 0.0119288824 0.9551805854 0.2957832217 0.1603634804 0.2901479304 -0.9434499145
225.6 -205.9 3143.9 -0.9860848188 0.0632388145 -0.1537450850 0.0261745378 0.9723466635 0.2320707440 0.1641694009 0.2248172313 -0.9604715705
372.1 -20.9 3165.1 -0.1477355361 0.8321039081 0.5345814228 0.9680640101 0.2323558629 -0.0941423997 -0.2025493830 0.5036008358 -0.8398571014
417.5 -318.3 3227.3 0.3325054049 0.8321039081 0.4438955188 0.5177391768 0.2323558629 -0.8233813643 -0.7882806063 0.5036008358 -0.3535532057
103.6 -13.8 3209.8 -0.0974225700 -0.2391973138 -0.9660711884 -0.9908706546 -0.0675778612 0.1166556031 -0.0931887329 0.9686164856 -0.2304299921
80.5 -248.4 3187.8 -0.2382881641 -0.2505674660 -0.9383147955 -0.9555540085 -0.1122043952 0.2726291716 -0.1735950410 0.9615747929 -0.2126937658
295.9 -404.3 3077.2 -0.9812722802 0.0118372953 -0.1922618300 -0.0139637236 0.9911127090 0.1322899610 0.1921190917 0.1324971616 -0.9723861217
291.4 -783.7 3026.5 -0.9767440557 -0.0943837687 -0.1925169379 -0.1034460291 0.9939258695 0.0375542268 0.1878030598 0.0565959811 -0.9805747867
123.2 -377.8 3117.1 -0.2705752850 -0.0741079077 0.9598422050 0.0698986202 0.9928888679 0.0963634998 -0.9601579309 0.0931652263 -0.2634711266
147.0 -696.4 3087.2 -0.2719216347 -0.0104836682 0.9622622728 0.1376251876 0.9892382622 0.0496684872 -0.9524273872 0.1459374577 -0.2675524950
333.3 -449.4 3426.8 0 0 0 0 0 0 0 0 0
18.3 -498.1 3142.4 0 0 0 0 0 0 0 0 0
311.0 -990.6 3014.7 0 0 0 0 0 0 0 0 0
150.2 -998.7 3042.6 0 0 0 0 0 0 0 0 0
260.1 194.2 3288.3 0 -0.9858213663 0.0939400941 -0.1390375644 0.0245806836 0.9005098343 0.4341403246 0.1659878790 0.4245671630 -0.8900509477
238.4 -14.2 3190.0 -0.9858213663 0.0939400941 -0.1390375644 0.0245806836 0.9005098343 0.4341403246 0.1659878790 0.4245671630 -0.8900509477
222.9 -202.7 3146.7 -0.9842548370 0.0799416751 -0.1576444805 0.0414454490 0.9713938236 0.2338297218 0.1718276143 0.2236143798 -0.9594122767
372.6 -19.9 3166.6 -0.1346363127 0.8394353390 0.5265181661 0.9699711800 0.2202668935 -0.1031426266 -0.2025560886 0.4968207181 -0.8438839912
414.0 -318.0 3228.8 0.3342087865 0.8394353390 0.4285473526 0.5116536617 0.2202668935 -0.8304775953 -0.7915270329 0.4968207181 -0.3558850288
104.1 -8.6 3213.5 -0.1135246009 -0.2326359749 -0.9659154415 -0.9892981052 -0.0632224530 0.1314995885 -0.0916590840 0.9705067873 -0.2229690254
77.3 -242.9 3191.8 -0.2546603680 -0.2447845042 -0.9355365634 -0.9517697096 -0.1077474654 0.2872714400 -0.1711212844 0.9635720253 -0.2055394650
302.1 -399.2 3085.8 -0.9802569151 0.0143221058 -0.1972087920 -0.0180591960 0.9867196083 0.1614256352 0.1969017386 0.1618000269 -0.9669800997
296.6 -779.5 3023.5 -0.9783675671 -0.0619153082 -0.1973913759 -0.0694115683 0.9970976114 0.0312801078 0.1948817521 0.0443046875 -0.9798256159
126.7 -384.0 3115.8 -0.2768332660 -0.0645048022 0.9587504864 0.0715875626 0.9935872555 0.0875190869 -0.9582476616 0.0928627998 -0.2704402804
149.6 -736.3 3082.9 -0.2774063647 0.0029126971 0.9607482553 0.1466981322 0.9883978963 0.0393610820 -0.9494869113 0.1518589854 -0.2746151388
329.2 -447.7 3429.5 0 0 0 0 0 0 0 0 0
10.7 -491.7 3147.0 0 0 0 0 0 0 0 0 0
310.1 -996.9 3013.8 0 0 0 0 0 0 0 0 0
148.9 -983.4 3044.9 0 0 0 0 0 0 0 0 0
275.2 201.7 3306.1 1 -0.9782034159 0.1274264753 -0.1639530212 0.0376114659 0.8852380514 0.4636151195 0.2042142898 0.4473433793 -0.8707355857
248.0 12.5 3210.5 -0.9782034159 0.1274264753 -0.1639530212 0.0376114659 0.8852380514 0.4636151195 0.2042142898 0.4473433793 -0.8707355857
225.2 -169.1 3149.4 -0.9765318632 0.1163653806 -0.1812307835 0.0501340702 0.9411765933 0.3341753483 0.2094566077 0.3172470331 -0.9249228239
381.2 6.0 3181.9 -0.1105619371 0.8598523140 0.4984275401 0.9888674021 0.1454224885 -0.0315206721 -0.0995856971 0.4893937707 -0.8663581610
415.0 -296.3 3212.3 0.3267639279 0.8598523140 0.3922744989 0.5797630548 0.1454224885 -0.8017026186 -0.7463914156 0.4893937707 -0.4509917796
114.8 19.1 3239.2 -0.1483134329 -0.2030021101 -0.9678807855 -0.9713030457 -0.1541133374 0.1811613888 -0.1859394759 0.9669742584 -0.1743194908
79.8 -209.8 3195.3 -0.2911071777 -0.2167172879 -0.9318209291 -0.9218229651 -0.1970189512 0.3338052332 -0.2559277415 0.9561470151 -0.1424213499
294.6 -379.6 3079.7 -0.9737282395 0.0171000622 -0.2270702124 -0.0175510962 0.9885741472 0.1497099847 0.2270357907 0.1497621685 -0.9623024464
287.8 -776.6 3019.6 -0.9697061777 -0.0899709687 -0.2271015942 -0.0928085670 0.9956822991 0.0018253732 0.2259568125 0.0228470489 -0.9738693833
119.6 -368.4 3113.9 -0.2998309731 -0.0721824914 0.9512576461 0.0744049400 0.9923266172 0.0987508669 -0.9510864019 0.1003868356 -0.2921595275
147.4 -751.0 3075.2 -0.3008982837 -0.0090476386 0.9536133409 0.1333777308 0.9897275567 0.0514756106 -0.9442831278 0.1426797062 -0.2966005802
332.4 -442.9 3401.0 0 0 0 0 0 0 0 0 0
4.1 -449.7 3128.7 0 0 0 0 0 0 0 0 0
307.7 -997.3 3014.5 0 0 0 0 0 0 0 0 0
149.4 -971.4 3043.4 0 0 0 0 0 0 0 0 0
276.3 210.6 3280.4 2 -0.9718943238 0.1336093098 -0.1938296705 0.0515742637 0.9241838455 0.3784499466 0.2296986729 0.3578167260 -0.9050998092
249.1 22.4 3207.5 -0.9718943238 0.1336093098 -0.1938296705 0.0515742637 0.9241838455 0.3784499466 0.2296986729 0.3578167260 -0.9050998092
224.2 -161.3 3152.1 -0.9706462026 0.1280060560 -0.2036183625 0.0605128407 0.9493466020 0.3083491921 0.2327749729 0.2869764268 -0.9292256832
381.5 14.2 3175.7 -0.1104290858 0.8731924891 0.4747002721 0.9859778285 0.1563715488 -0.0582721904 -0.1251124442 0.4616090059 -0.8782163858
415.4 -288.1 3214.1 0.3081078231 0.8731924891 0.3776301146 0.5567503572 0.1563715488 -0.8158290386 -0.7714263201 0.4616090059 -0.4379709065
116.6 30.5 3239.3 -0.1554381102 -0.1788018197 -0.9715291858 -0.9757119417 -0.1258832812 0.1792750955 -0.1543539912 0.9757987857 -0.1548920125
79.9 -200.0 3202.8 -0.2997936904 -0.1929558814 -0.9342867732 -0.9277458191 -0.1692214608 0.3326436877 -0.2222869247 0.9665051103 -0.1282824874
289.4 -347.4 3065.5 -0.9668228030 0.0458023772 -0.2513083220 0.0166003257 0.9929799438 0.1171121970 0.2549081147 0.1090549454 -0.9607959390
271.3 -739.1 3022.5 -0.9580888748 -0.1305966228 -0.2549710274 -0.1346022189 0.9908981323 -0.0017533803 0.2528792918 0.0326397717 -0.9669470787
115.2 -336.9 3104.7 -0.3231964707 -0.0793864951 0.9429962039 0.0398125164 0.9944522977 0.0973634273 -0.9454940557 0.0690105632 -0.3182428777
145.9 -721.5 3078.0 -0.3257052004 -0.0171088018 0.9453165531 0.1216685846 0.9907646179 0.0598517880 -0.9376102090 0.1345093697 -0.3206155896
337.4 -429.0 3409.3 0 0 0 0 0 0 0 0 0
1.8 -441.8 3144.8 0 0 0 0 0 0 0 0 0
305.5 -998.5 3013.9 0 0 0 0 0 0 0 0 0
150.1 -965.2 3044.9 0 0 0 0 0 0 0 0 0
276.7 214.5 3262.3 3 -0.9684599042 0.1373300999 -0.2079081684 0.0668676496 0.9470407367 0.3140740693 0.2400293350 0.2902658284 -0.9263539910
249.3 25.8 3204.5 -0.9684599042 0.1373300999 -0.2079081684 0.0668676496 0.9470407367 0.3140740693 0.2400293350 0.2902658284 -0.9263539910
223.3 -159.7 3155.6 -0.9677249193 0.1344117522 -0.2131713182 0.0720209405 0.9581165314 0.2771745324 0.2414984852 0.2528758943 -0.9368736744
381.5 16.0 3171.5 -0.1090003029 0.8791307807 0.4639483094 0.9814857841 0.1691302359 -0.0898922160 -0.1574946940 0.4455603957 -0.8812896013
414.9 -285.2 3219.9 0.3005268872 0.8791307807 0.3698819876 0.5288628936 0.1691302359 -0.8316844702 -0.7937176228 0.4455603957 -0.4141114354
117.2 35.7 3237.4 -0.1600006223 -0.1681305915 -0.9726931453 -0.9798765182 -0.0920779407 0.1770979613 -0.1193391606 0.9814549088 -0.1500146836
79.4 -196.1 3209.2 -0.3049789369 -0.1825457066 -0.9347004294 -0.9337506294 -0.1357525587 0.3311812878 -0.1873437017 0.9737803936 -0.1290504932
286.0 -346.5 3073.8 -0.9651378393 0.0321086235 -0.2597651780 -0.0034856177 0.9907824993 0.1354175508 0.2617188692 0.1316020489 -0.9561297894
273.5 -734.1 3022.3 -0.9585240483 -0.1127954498 -0.2617419064 -0.1200201884 0.9927021861 0.0117289256 0.2585087717 0.0426567718 -0.9650666118
112.5 -334.8 3116.3 -0.3375802636 -0.0953752175 0.9364523888 0.0525282212 0.9913945794 0.1199067459 -0.9398299456 0.0896683335 -0.3296653628
149.5 -718.9 3081.6 -0.3389082253 -0.0045620501 0.9408083558 0.1282070875 0.9904358983 0.0509868525 -0.9320430160 0.1378981620 -0.3350819945
338.8 -419.2 3420.9 0 0 0 0 0 0 0 0 0
-0.2 -439.7 3160.3 0 0 0 0 0 0 0 0 0
303.5 -998.9 3010.9 0 0 0 0 0 0 0 0 0
150.6 -964.9 3047.3 0 0 0 0 0 0 0 0 0
279.3 220.0 3296.6 4 -0.9586951137 0.1918883026 -0.2099584937 0.0826097205 0.8941813111 0.4400174916 0.2721751630 0.4044980109 -0.8730990887
236.5 20.9 3206.6 -0.9586951137 0.1918883026 -0.2099584937 0.0826097205 0.8941813111 0.4400174916 0.2721751630 0.4044980109 -0.8730990887
218.8 -165.8 3158.2 -0.9672678709 0.0913583785 -0.2367413342 0.0263673421 0.9640781879 0.2643067539 0.2523837984 0.2494131923 -0.9349307418
368.5 17.3 3172.1 -0.1575351357 0.8754713535 0.4568726420 0.9747855663 0.2119017541 -0.0699340105 -0.1580373496 0.4343357980 -0.8867787719
416.8 -281.8 3220.6 0.2654768825 0.8754713535 0.4038217068 0.5401181579 0.2119017541 -0.8144752979 -0.7986202836 0.4343357980 -0.4166029692
104.6 24.5 3241.0 -0.1141605005 -0.1525014341 -0.9816876650 -0.9866551161 -0.0980741531 0.1299736053 -0.1160993502 0.9834250212 -0.1392701268
77.6 -208.8 3213.6 -0.2618158758 -0.1649135798 -0.9509237409 -0.9476830959 -0.1425056309 0.2856376469 -0.1826175153 0.9759588242 -0.1189755797
283.7 -349.8 3084.0 -0.9604693055 0.0338644721 -0.2763184309 -0.0114375651 0.9869351983 0.1607111990 0.2781507969 0.1575185806 -0.9475336671
270.5 -734.3 3022.7 -0.9524195790 -0.1245447919 -0.2781824768 -0.1300206780 0.9915105104 0.0012465742 0.2756655812 0.0373567343 -0.9605274200
110.6 -336.5 3127.7 -0.3556460440 -0.0974521488 0.9295262098 0.0780613348 0.9879768491 0.1334472001 -0.9313551188 0.1200200319 -0.3437628150
148.3 -719.4 3081.2 -0.3565549254 -0.0089944005 0.9342310429 0.1282112300 0.9900221229 0.0584641248 -0.9254353046 0.1406245828 -0.3518441021
349.6 -418.7 3423.0 0 0 0 0 0 0 0 0 0
9.3 -456.1 3165.9 0 0 0 0 0 0 0 0 0
303.3 -995.5 3012.8 0 0 0 0 0 0 0 0 0
150.6 -963.3 3046.5 0 0 0 0 0 0 0 0 0
294.1 221.5 3318.3 5 -0.9484851360 0.2284402996 -0.2195244730 0.0935100093 0.8638794422 0.4949426353 0.3027075231 0.4489179850 -0.8407382369
246.2 40.1 3224.1 -0.9484851360 0.2284402996 -0.2195244730 0.0935100093 0.8638794422 0.4949426353 0.3027075231 0.4489179850 -0.8407382369
217.0 -139.3 3159.9 -0.9571288824 0.1502570808 -0.2476432323 0.0525462292 0.9308187366 0.3616840243 0.2848565578 0.3331654966 -0.8988089561
376.7 33.2 3185.0 -0.1075778753 0.8961551785 0.4305031002 0.9921436906 0.1245820597 -0.0114102336 -0.0638583004 0.4258934557 -0.9025169611
409.6 -269.9 3204.5 0.2751689255 0.8961551785 0.3481206298 0.5969404578 0.1245820597 -0.7925537229 -0.7536207438 0.4258934557 -0.5006701350
115.7 47.0 3263.1 -0.1720897853 -0.1303428411 -0.9764199257 -0.9644039273 -0.1797301173 0.1939643025 -0.2007739246 0.9750424623 -0.0947734341
75.2 -180.0 3215.8 -0.3193703294 -0.1453006566 -0.9364241958 -0.9117506146 -0.2222253084 0.3454369903 -0.2582893670 0.9641076922 -0.0615057945
281.3 -341.0 3079.6 -0.9536821842 0.0258354265 -0.2997046113 -0.0210286025 0.9881420732 0.1520953476 0.3000801802 0.1513529867 -0.9418302178
270.9 -736.5 3019.0 -0.9461208582 -0.1222283989 -0.2998591959 -0.1240443885 0.9921908379 -0.0130491881 0.2991125286 0.0248497389 -0.9538941979
108.1 -330.0 3126.2 -0.3686707914 -0.0964897498 0.9245385528 0.0725382119 0.9885788560 0.1320988089 -0.9267254472 0.1157653481 -0.3574609458
147.3 -731.8 3079.1 -0.3695334494 -0.0173731782 0.9290550351 0.1082529724 0.9922122955 0.0616120398 -0.9228901863 0.1233406737 -0.3647749424
340.0 -420.9 3395.2 0 0 0 0 0 0 0 0 0
-7.8 -417.0 3148.7 0 0 0 0 0 0 0 0 0
303.0 -996.4 3012.5 0 0 0 0 0 0 0 0 0
151.4 -966.8 3049.9 0 0 0 0 0 0 0 0 0
311.6 223.9 3342.6 6 -0.9436063766 0.2533512115 -0.2131199688 0.0990159214 0.8302310109 0.5485547185 0.3159158230 0.4965175092 -0.8084971309
260.0 54.9 3241.6 -0.9436063766 0.2533512115 -0.2131199688 0.0990159214 0.8302310109 0.5485547185 0.3159158230 0.4965175092 -0.8084971309
221.6 -116.8 3163.3 -0.9502704740 0.1986305267 -0.2398581803 0.0736282915 0.8916530609 0.4466919899 0.3025969565 0.4068178535 -0.8619363904
389.6 45.1 3200.0 -0.0604191162 0.9054607153 0.4201076031 0.9979618788 0.0461384058 0.0440826565 0.0205320176 0.4219148159 -0.9064029455
408.1 -259.4 3193.8 0.2959735990 0.9054607153 0.3042047024 0.6438501477 0.0461384058 -0.7637592554 -0.7055895329 0.4219148159 -0.5693252683
130.4 64.7 3283.1 -0.2206745744 -0.1281026900 -0.9668983817 -0.9350132942 -0.2543497384 0.2470958233 -0.2775839865 0.9585905671 -0.0636491925
78.5 -155.2 3217.8 -0.3660244048 -0.1451810300 -0.9192108512 -0.8708088398 -0.2949268520 0.3933320343 -0.3282043040 0.9444260597 -0.0184744969
270.2 -316.4 3066.4 -0.9514636397 0.0099601317 -0.3076000512 -0.0300377253 0.9916989803 0.1250235587 0.3062919080 0.1281949729 -0.9432662725
266.3 -707.2 3015.9 -0.9440150261 -0.1251823902 -0.3052293360 -0.1201496124 0.9921280742 -0.0352977924 0.3072452545 0.0033515389 -0.9516244531
98.9 -304.2 3118.3 -0.3596836329 -0.1475570053 0.9213330746 0.0126825431 0.9865522385 0.1629534364 -0.9329881072 0.0702965334 -0.3529753089
157.4 -695.2 3090.4 -0.3601168692 0.0173438247 0.9327459335 0.1290953606 0.9911345243 0.0314119346 -0.9239319563 0.1317251474 -0.3591632843
333.3 -422.1 3372.1 0 0 0 0 0 0 0 0 0
-16.5 -381.2 3132.6 0 0 0 0 0 0 0 0 0
302.8 -996.5 3014.9 0 0 0 0 0 0 0 0 0
152.5 -974.7 3053.2 0 0 0 0 0 0 0 0 0
315.8 231.2 3316.5 7 -0.9513104558 0.2487409711 -0.1820338368 0.1413795650 0.8769053817 0.4594004452 0.2738981545 0.4112965763 -0.8693761826
266.4 57.0 3234.8 -0.9513104558 0.2487409711 -0.1820338368 0.1413795650 0.8769053817 0.4594004452 0.2738981545 0.4112965763 -0.8693761826
223.7 -117.9 3164.7 -0.9557506442 0.2191082239 -0.1962964833 0.1244608238 0.9057817459 0.4050542414 0.2665524781 0.3626995981 -0.8929718733
396.6 40.2 3198.5 -0.0232672356 0.8940058351 0.4474508166 0.9990479946 0.0373134874 -0.0226022415 -0.0369024873 0.4464989305 -0.8940228820
403.7 -265.1 3209.8 0.3400305212 0.8940058351 0.2917753160 0.5924400091 0.0373134874 -0.8047499657 -0.7303383350 0.4464989305 -0.5169571042
136.1 73.7 3271.1 -0.2471525669 -0.1672017723 -0.9544417858 -0.9406111836 -0.1951860487 0.2777643502 -0.2327364236 0.9664087892 -0.1090311185
77.8 -148.1 3216.2 -0.3880042434 -0.1854450107 -0.9028083086 -0.8742396235 -0.2360945791 0.4242221117 -0.2918180227 0.9538707733 -0.0705176815
266.7 -295.3 3059.1 -0.9618334174 -0.0053594275 -0.2735832632 -0.0268459897 0.9968330264 0.0748544186 0.2723156512 0.0793420970 -0.9589312077
268.7 -680.9 3028.4 -0.9557320476 -0.1107897907 -0.2725836337 -0.1170658246 0.9931007624 0.0068167350 0.2699477971 0.0384251997 -0.9621079564
96.5 -277.0 3110.6 -0.3281066120 -0.1785155535 0.9276196957 -0.0405049697 0.9837369919 0.1749881059 -0.9437718987 0.0198415481 -0.3300013840
166.4 -662.2 3102.8 -0.3246501684 0.0501460098 0.9445039034 0.1609843075 0.9869526029 0.0029347136 -0.9320334196 0.1530030668 -0.3284870386
317.8 -414.8 3394.3 0 0 0 0 0 0 0 0 0
-23.2 -375.6 3140.3 0 0 0 0 0 0 0 0 0
304.2 -998.9 3016.1 0 0 0 0 0 0 0 0 0
150.7 -969.7 3055.2 0 0 0 0 0 0 0 0 0
302.1 227.5 3273.4 8 -0.9526024461 0.2026623785 -0.2268844992 0.1189725474 0.9345762134 0.3352802694 0.2799895406 0.2923957705 -0.9143908024
262.5 45.0 3216.3 -0.9526024461 0.2026623785 -0.2268844992 0.1189725474 0.9345762134 0.3352802694 0.2799895406 0.2923957705 -0.9143908024
226.5 -137.0 3165.2 -0.9542369246 0.1873778105 -0.2330695093 0.1110929623 0.9457008243 0.3054639995 0.2776512206 0.2655926645 -0.9232390523
392.7 29.9 3178.4 -0.0695603937 0.9000206590 0.4302605689 0.9884443879 0.1204131022 -0.0920783877 -0.1346814632 0.4188836217 -0.8979963064
413.9 -271.4 3219.4 0.2989414930 0.9000206590 0.3171699643 0.5288389921 0.1204131022 -0.8401368856 -0.7943319678 0.4188836217 -0.4399695396
132.4 60.2 3254.3 -0.2095121443 -0.1375233978 -0.9680867791 -0.9688594341 -0.1044267938 0.2245139033 -0.1319701076 0.9849783778 -0.1113621518
83.2 -167.5 3223.3 -0.3550314903 -0.1541194171 -0.9220628142 -0.9146049023 -0.1469121873 0.3767157197 -0.1935214698 0.9770690799 -0.0887999162
266.1 -304.6 3072.0 -0.9531569481 -0.0243676528 -0.3014929891 -0.0517664365 0.9951854944 0.0832231790 0.2980135083 0.0949319676 -0.9498293996
275.5 -689.4 3035.3 -0.9498238564 -0.0878749341 -0.3001876473 -0.1048630327 0.9936442971 0.0409243703 0.2946834862 0.0703495294 -0.9530018568
97.7 -286.6 3122.4 -0.3688359857 -0.1943311691 0.9089529514 -0.0427035503 0.9804104567 0.1922802627 -0.9285130501 0.0321043618 -0.3699092865
171.9 -661.2 3110.1 -0.3642582297 0.0622587726 0.9292145967 0.1872099787 0.9822907448 0.0075725899 -0.9122874141 0.1767166257 -0.3694629371
338.6 -404.7 3419.6 0 0 0 0 0 0 0 0 0
-8.9 -404.6 3173.1 0 0 0 0 0 0 0 0 0
302.7 -996.0 3013.6 0 0 0 0 0 0 0 0 0
152.6 -966.9 3055.1 0 0 0 0 0 0 0 0 0
314.5 226.5 3302.2 9 -0.9400743842 0.2807980776 -0.1934232712 0.1615528911 0.8663682938 0.4725532830 0.3002678454 0.4129871428 -0.8598144054
248.4 22.6 3205.0 -0.9400743842 0.2807980776 -0.1934232712 0.1615528911 0.8663682938 0.4725532830 0.3002678454 0.4129871428 -0.8598144054
224.3 -163.4 3160.3 -0.9622843266 0.1255161613 -0.2413597703 0.0614698119 0.9645768404 0.2565404475 0.2650099993 0.2320285290 -0.9359126091
379.6 14.2 3168.6 -0.1288050264 0.8868330717 0.4437751174 0.9765341282 0.1913172156 -0.0988877639 -0.1725987494 0.4206243157 -0.8906654119
418.9 -284.0 3221.3 0.2732024789 0.8868330717 0.3726761043 0.5170460939 0.1913172156 -0.8343027234 -0.8111866117 0.4206243157 -0.4062652290
117.3 30.9 3241.3 -0.1472580880 -0.1415730566 -0.9789137244 -0.9842901826 -0.0764903352 0.1591290981 -0.0974058285 0.9869682193 -0.1280851513
