596.5 310.0 2582.2 53 0.6893698573 -0.0228753798 0.7240483165 0.0773507357 0.9961115122 -0.0421751402 -0.7202680707 0.0850799382 0.6884586811
601.0 114.8 2565.6 0.6893698573 -0.0228753798 0.7240483165 0.0773507357 0.9961115122 -0.0421751402 -0.7202680707 0.0850799382 0.6884586811
603.4 -78.8 2551.9 0.6896870732 -0.0121650165 0.7240053415 0.0593020283 0.9974491000 -0.0397315547 -0.7216751575 0.0703373253 0.6886491776
507.1 106.8 2663.9 0.5418208838 -0.8376996517 0.0684793442 0.8398979902 0.5427043438 -0.0065863305 -0.0316466726 0.0610842705 0.9976307750
382.7 -86.1 2671.1 0.0883109272 -0.8376996517 -0.5389438868 0.0242312811 0.5427043438 -0.8395741582 0.9957981706 0.0610842705 0.0682252571
694.9 122.9 2467.3 -0.1110002771 -0.1511134803 0.9822645783 -0.7623450160 0.6470322609 0.0133923087 -0.6375806332 -0.7473379374 -0.1870213747
670.8 -43.0 2328.5 -0.9043129086 -0.1511134803 -0.3992277980 0.2148446441 0.6470322609 -0.7315675020 0.3688629866 -0.7473379374 -0.5526537299
536.3 -277.9 2598.5 -0.5707664490 0.0774522424 -0.8174514174 -0.0606333762 0.9888478518 0.1360276341 0.8188707232 0.1272048503 -0.5597049594
506.2 -661.7 2549.1 -0.5783244371 0.0180410855 -0.8156073689 0.1343745291 0.9882068038 -0.0734222680 0.8046641350 -0.1520587504 -0.5739283562
667.6 -268.3 2477.6 0.2306467146 0.0459791422 0.9719506502 -0.0446000136 0.9983326793 -0.0366434604 -0.9720149040 -0.0348973200 0.2323128134
649.7 -655.8 2491.1 0.2572298646 -0.1649054140 0.9521759152 -0.1853320599 0.9586226940 0.2160892785 -0.9484117627 -0.2320533395 0.2160241157
360.9 -92.1 2424.9 0 0 0 0 0 0 0 0 0
443.3 11.0 2421.3 0 0 0 0 0 0 0 0 0
499.5 -1030.5 2605.9 0 0 0 0 0 0 0 0 0
711.2 -1013.5 2577.7 0 0 0 0 0 0 0 0 0
594.8 308.3 2583.6 54 0.6131353974 -0.0256459787 0.7895614505 0.0817890614 0.9961625338 -0.0311567932 -0.7857325077 0.0836808234 0.6128800511
599.8 114.0 2567.3 0.6131353974 -0.0256459787 0.7895614505 0.0817890614 0.9961625338 -0.0311567932 -0.7857325077 0.0836808234 0.6128800511
602.6 -79.6 2554.7 0.6135798693 -0.0142963640 0.7895032167 0.0595993511 0.9978225231 -0.0282503311 -0.7873802781 0.0643877164 0.6130958796
516.5 106.0 2674.2 0.5942377448 -0.7957748771 0.1167212576 0.7997354269 0.6000393629 0.0193904601 -0.0854677856 0.0818235800 0.9929754138
377.6 -80.9 2694.1 0.1231980696 -0.7957748771 -0.5929287672 0.0281152725 0.6000393629 -0.7994762659 0.9919837713 0.0818235800 0.0962971151
683.0 122.1 2460.4 -0.1287371367 -0.2115321755 0.9688554406 -0.7586662769 0.6501787305 0.0411466882 -0.6386330724 -0.7297408581 -0.2441844791
655.7 -39.1 2324.7 -0.8710870743 -0.2115321755 -0.4432397187 0.2131854594 0.6501787305 -0.7292596102 0.4424469173 -0.7297408581 -0.5212666988
544.2 -277.7 2602.7 -0.4869060814 0.0985270292 -0.8678795099 -0.0742470175 0.9853525162 0.1535180658 0.8702929616 0.1391863376 -0.4724588096
506.0 -660.1 2548.6 -0.4951816499 0.0103870593 -0.8687273860 0.1301494390 0.9895316958 -0.0623547621 0.8589856029 -0.1439413130 -0.4913498163
667.4 -267.1 2473.8 0.1325686574 0.0414524116 0.9903066158 -0.0566289686 0.9978098273 -0.0341857746 -0.9895548224 -0.0515480824 0.1346257180
651.3 -654.4 2493.8 0.1527288854 -0.1549374163 0.9760472775 -0.1766433865 0.9674496651 0.1812132448 -0.9723533392 -0.2000887841 0.1203888357
346.9 -87.9 2446.5 0 0 0 0 0 0 0 0 0
435.6 14.7 2436.5 0 0 0 0 0 0 0 0 0
502.1 -1029.4 2602.4 0 0 0 0 0 0 0 0 0
709.1 -1015.3 2568.4 0 0 0 0 0 0 0 0 0
592.7 306.6 2591.8 55 0.5337413549 -0.0272396971 0.8452089429 0.0988980010 0.9946331978 -0.0303977467 -0.8398448229 0.0998140052 0.5335708261
598.0 112.6 2572.3 0.5337413549 -0.0272396971 0.8452089429 0.0988980010 0.9946331978 -0.0303977467 -0.8398448229 0.0998140052 0.5335708261
601.5 -81.0 2557.6 0.5343155265 -0.0183759835 0.8450853229 0.0738285854 0.9969575405 -0.0250006560 -0.8420547843 0.0757496953 0.5340465903
525.6 102.6 2686.5 0.6497167945 -0.7452080250 0.1501103044 0.7484518886 0.6616477370 0.0451895967 -0.1329957843 0.0829899013 0.9876359701
373.1 -73.1 2717.7 0.1426194608 -0.7452080250 -0.6514021158 0.0365688689 0.6616477370 -0.7489225864 0.9891018271 0.0829899013 0.1216152608
670.3 122.6 2458.2 -0.1903439015 -0.2781865895 0.9414783120 -0.7571333647 0.6520592570 0.0395956263 -0.6249145865 -0.7052878737 -0.3347398639
630.4 -36.4 2327.0 -0.8200263381 -0.2781865895 -0.5001689792 0.2211277336 0.6520592570 -0.7252042890 0.5278819203 -0.7052878737 -0.4731909633
550.9 -278.6 2612.3 -0.4026543498 0.1161559969 -0.9079522491 -0.1108238772 0.9784326553 0.1743203402 0.9086185098 0.1708136201 -0.3810972869
505.8 -658.1 2546.0 -0.4142178595 0.0122093847 -0.9100958705 0.1559606194 0.9860733747 -0.0577547103 0.8967161775 -0.1658621579 -0.4103533626
660.1 -268.1 2472.1 0.0371038541 0.0249052681 0.9990010262 -0.0541550405 0.9982704520 -0.0228756852 -0.9978429675 -0.0532521643 0.0383884273
650.4 -655.5 2492.8 0.0589800701 -0.1644542217 0.9846197963 -0.1815324426 0.9681242108 0.1725731194 -0.9816146493 -0.1889188141 0.0272462573
337.4 -82.3 2469.8 0 0 0 0 0 0 0 0 0
422.7 19.6 2460.7 0 0 0 0 0 0 0 0 0
501.3 -1026.1 2607.9 0 0 0 0 0 0 0 0 0
711.7 -1016.8 2563.3 0 0 0 0 0 0 0 0 0
589.5 309.3 2596.4 56 0.4749994576 -0.0374621488 0.8791882992 0.1180273369 0.9927783608 -0.0214644745 -0.8720350266 0.1139638722 0.4759907424
596.8 114.9 2574.1 0.4749994576 -0.0374621488 0.8791882992 0.1180273369 0.9927783608 -0.0214644745 -0.8720350266 0.1139638722 0.4759907424
601.7 -78.3 2557.0 0.4759135544 -0.0255693197 0.8791202903 0.0891884193 0.9958273768 -0.0193185732 -0.8749580979 0.0876013190 0.4762082398
532.3 102.8 2692.9 0.6521365643 -0.7274267673 0.2134670317 0.7269700766 0.6799167395 0.0960611105 -0.2150172293 0.0925391838 0.9722160697
376.0 -71.4 2744.4 0.1874898821 -0.7274267673 -0.6600741148 0.0672142133 0.6799167395 -0.7302023768 0.9799641967 0.0925391838 0.1763709188
661.4 127.1 2455.3 -0.2541671991 -0.3527012765 0.9005558491 -0.7485846877 0.6613190770 0.0477287844 -0.6123887897 -0.6620112062 -0.4321123958
606.8 -33.6 2323.8 -0.7594450116 -0.3527012765 -0.5466672778 0.2110100389 0.6613190770 -0.7198137045 0.6154007316 -0.6620112062 -0.4278119504
557.5 -281.0 2617.7 -0.3400929868 0.1354830861 -0.9305810332 -0.1285515279 0.9735798240 0.1887241006 0.9315638542 0.1838113517 -0.3136911094
505.0 -658.7 2546.3 -0.3502607644 0.0133748241 -0.9365566969 0.1528712064 0.9873070121 -0.0430723839 0.9240929484 -0.1582591236 -0.3478595614
652.4 -267.9 2468.0 -0.0291228946 -0.0001246831 0.9995758533 -0.0761802122 0.9970918894 -0.0020951563 -0.9966686964 -0.0762089118 -0.0290476996
652.5 -654.7 2497.5 -0.0129983770 -0.1585157067 0.9872708917 -0.1764170825 0.9722290635 0.1537778974 -0.9842296839 -0.1721725911 -0.0406022780
329.9 -87.9 2503.4 0 0 0 0 0 0 0 0 0
412.9 20.2 2480.9 0 0 0 0 0 0 0 0 0
500.0 -1027.2 2605.4 0 0 0 0 0 0 0 0 0
711.6 -1017.5 2561.8 0 0 0 0 0 0 0 0 0
587.3 304.5 2598.2 57 0.3376559913 -0.0493660159 0.9399741888 0.1293479204 0.9915834069 0.0056123002 -0.9323398471 0.1196886823 0.3411994874
597.0 110.1 2574.7 0.3376559913 -0.0493660159 0.9399741888 0.1293479204 0.9915834069 0.0056123002 -0.9323398471 0.1196886823 0.3411994874
603.0 -83.1 2557.4 0.3390949965 -0.0313057676 0.9402310848 0.0939015672 0.9955812097 -0.0007169686 -0.9360539913 0.0885322914 0.3405362666
551.4 97.5 2700.8 0.6435598135 -0.6973680258 0.3154498637 0.6977270246 0.7039514184 0.1327757686 -0.3146549463 0.1346487403 0.9396073818
391.4 -75.9 2779.0 0.2527086437 -0.6973680258 -0.6706833839 0.0657052472 0.7039514184 -0.7072024345 0.9653088450 0.1346487403 0.2237153351
642.5 122.7 2448.6 -0.2961471975 -0.4436359406 0.8458628654 -0.7424947023 0.6640066504 0.0882997662 -0.6008315086 -0.6018989682 -0.5260410309
581.9 -29.3 2325.6 -0.6777067184 -0.4436359406 -0.5864305496 0.1909081489 0.6640066504 -0.7229448557 0.7101181149 -0.6018989682 -0.3653080165
564.2 -279.6 2617.8 -0.1991231889 0.1387867033 -0.9700970054 -0.1544967443 0.9730952978 0.1709278226 0.9677193165 0.1839125305 -0.1723237336
510.3 -657.2 2546.5 -0.1982579827 0.0347718894 -0.9795328975 0.1644168496 0.9863893986 0.0017372256 0.9662612677 -0.1607072949 -0.2012766600
648.8 -263.7 2462.0 -0.1752096713 -0.0060933009 0.9845122695 -0.0784857720 0.9968847632 -0.0077979201 -0.9813977480 -0.0786364824 -0.1751420796
651.2 -650.6 2492.5 -0.1516105831 -0.1660578847 0.9743916392 -0.2286543101 0.9649403095 0.1288696826 -0.9616295695 -0.2032608390 -0.1842650175
328.6 -92.2 2538.8 0 0 0 0 0 0 0 0 0
406.6 20.0 2509.2 0 0 0 0 0 0 0 0 0
497.3 -1025.3 2606.4 0 0 0 0 0 0 0 0 0
713.1 -1010.5 2568.3 0 0 0 0 0 0 0 0 0
582.1 309.6 2599.6 58 0.2275382578 -0.0638953447 0.9716705680 0.1323514581 0.9906144738 0.0341480263 -0.9647328258 0.1208320335 0.2338593304
594.6 115.1 2575.9 0.2275382578 -0.0638953447 0.9716705680 0.1323514581 0.9906144738 0.0341480263 -0.9647328258 0.1208320335 0.2338593304
603.1 -77.9 2557.2 0.2291504741 -0.0440928154 0.9723918438 0.1027145386 0.9944915175 0.0208895653 -0.9679564834 0.0950919241 0.2324171811
563.9 101.4 2706.3 0.5854959488 -0.6816669106 0.4387764037 0.7052227259 0.6952202320 0.1390312165 -0.3998192251 0.2280328870 0.8877756596
418.5 -73.7 2805.6 0.3997304738 -0.6816669106 -0.6128178835 0.0928269997 0.6952202320 -0.7127776146 0.9119203091 0.2280328870 0.3411778212
625.4 128.9 2445.4 -0.3188737035 -0.5274898410 0.7874478102 -0.7610979080 0.6376398802 0.1189341843 -0.5648446679 -0.5613998771 -0.6047980189
557.9 -32.1 2325.9 -0.5951046348 -0.5274898410 -0.6063043475 0.1942718923 0.6376398802 -0.7454352975 0.7798134089 -0.5613998771 -0.2769859731
579.1 -284.6 2622.8 -0.0896384269 0.1798049510 -0.9796096683 -0.1876602918 0.9629031420 0.1939102262 0.9781352282 0.2012156397 -0.0525708757
509.4 -658.0 2544.8 -0.0853486285 0.0276713390 -0.9959667921 0.1671654284 0.9858422875 0.0130649284 0.9822277427 -0.1653761566 -0.0887659788
638.8 -268.1 2457.4 -0.2824561894 -0.0350277871 0.9586404562 -0.0929187909 0.9956330061 0.0090016359 -0.9547693729 -0.0865331441 -0.2844774425
652.4 -654.4 2491.0 -0.2597226501 -0.1618461311 0.9520241618 -0.2518057525 0.9631004333 0.0950337425 -0.9322757125 -0.2150427550 -0.2908927798
321.5 -96.3 2584.2 0 0 0 0 0 0 0 0 0
400.2 19.4 2532.5 0 0 0 0 0 0 0 0 0
499.0 -1026.0 2606.5 0 0 0 0 0 0 0 0 0
712.8 -1013.8 2571.2 0 0 0 0 0 0 0 0 0
578.1 307.9 2599.8 59 0.1090536341 -0.0805186331 0.9907694459 0.1443363875 0.9874334335 0.0643604621 -0.9835010767 0.1359853446 0.1193049699
593.9 113.9 2573.0 0.1090536341 -0.0805186331 0.9907694459 0.1443363875 0.9874334335 0.0643604621 -0.9835010767 0.1359853446 0.1193049699
604.9 -78.8 2552.5 0.1114177182 -0.0577304773 0.9920954108 0.1104732975 0.9928431511 0.0453672372 -0.9876141548 0.1045453325 0.1169979945
579.1 99.1 2706.1 0.4926136732 -0.6562650204 0.5715312362 0.6887970567 0.6954160929 0.2048294395 -0.5318744183 0.2927672565 0.7946048975
456.4 -72.4 2838.6 0.4849409759 -0.6562650204 -0.5780557990 0.0914785638 0.6954160929 -0.7127609253 0.8697493672 0.2927672565 0.3972699344
608.7 128.6 2439.9 -0.3822683096 -0.6176663041 0.6872839928 -0.7790593505 0.6154064536 0.1197556630 -0.4969280362 -0.4896562099 -0.7164491415
529.6 -32.7 2337.1 -0.5187617540 -0.6176663041 -0.5910791159 0.1491313279 0.6154064536 -0.7739733458 0.8418111801 -0.4896562099 -0.2271359563
591.4 -279.9 2624.1 0.0239758808 0.2162853777 -0.9760357738 -0.2232476920 0.9528198838 0.2056568563 0.9744668603 0.2129669189 0.0711299032
507.5 -649.3 2541.5 0.0330272056 0.0158076230 -0.9993294477 0.1841697246 0.9826564193 0.0216305777 0.9823393822 -0.1847606152 0.0295431092
631.7 -261.9 2453.0 -0.3889269829 -0.0461179167 0.9201135635 -0.1168058589 0.9931547046 0.0004056837 -0.9138337970 -0.1073168740 -0.3916514814
649.5 -647.2 2494.6 -0.3700401485 -0.1711122990 0.9131215215 -0.2427508831 0.9665527940 0.0827507600 -0.8967398405 -0.1910399497 -0.3992010057
336.5 -95.0 2623.6 0 0 0 0 0 0 0 0 0
389.6 7.6 2564.3 0 0 0 0 0 0 0 0 0
501.6 -1016.0 2610.5 0 0 0 0 0 0 0 0 0
713.4 -1007.9 2565.9 0 0 0 0 0 0 0 0 0
578.8 304.2 2608.9 60 0.0334914401 -0.0734480917 0.9967365265 0.1533539295 0.9858636260 0.0674940273 -0.9876036048 0.1505929977 0.0442815498
593.2 110.6 2579.3 0.0334914401 -0.0734480917 0.9967365265 0.1533539295 0.9858636260 0.0674940273 -0.9876036048 0.1505929977 0.0442815498
604.3 -81.8 2557.0 0.0359429680 -0.0580088235 0.9976688027 0.1164735332 0.9917535186 0.0534686968 -0.9925432205 0.1142801940 0.0424030572
588.5 94.9 2713.6 0.3313093483 -0.6320896745 0.7004975080 0.7086101770 0.6568968892 0.2576006353 -0.6229813695 0.4110341370 0.6655412316
507.6 -78.0 2865.6 0.6065526605 -0.6320896745 -0.4822411239 0.0893209055 0.6568968892 -0.7486709952 0.7900099158 0.4110341370 0.4549013972
597.9 126.3 2445.0 -0.3939216733 -0.6539900899 0.6458503008 -0.7485825419 0.6359978318 0.1874325871 -0.5333384275 -0.4096385241 -0.7400988936
516.2 -29.0 2334.3 -0.4563883841 -0.6539900899 -0.6033295393 0.1001552492 0.6359978318 -0.7651638389 0.8841258883 -0.4096385241 -0.2247614712
606.2 -281.2 2619.2 0.0980344191 0.2404557914 -0.9656967521 -0.2320185304 0.9491527677 0.2127826065 0.9677585959 0.2031995207 0.1488398314
513.0 -649.3 2540.4 0.1196489260 0.0294395201 -0.9923796654 0.1739430279 0.9834780693 0.0501473583 0.9774599671 -0.1786176115 0.1125512943
625.7 -261.8 2444.7 -0.4542436302 -0.0671680048 0.8883417845 -0.1351530105 0.9908077121 0.0058065318 -0.8805659413 -0.1174244881 -0.4591460824
651.7 -646.3 2490.2 -0.4394942224 -0.1569053233 0.8844351768 -0.2445995212 0.9683216810 0.0502408259 -0.8643007874 -0.1942518651 -0.4639507830
357.2 -100.1 2669.8 0 0 0 0 0 0 0 0 0
393.8 -2.1 2571.3 0 0 0 0 0 0 0 0 0
502.0 -1016.3 2607.1 0 0 0 0 0 0 0 0 0
710.3 -1007.6 2562.7 0 0 0 0 0 0 0 0 0
576.8 294.5 2611.9 61 -0.0874498487 -0.0982402414 0.9913129807 0.1667674333 0.9796379805 0.1117948219 -0.9821105599 0.1750951558 -0.0692859218
596.0 102.7 2577.6 -0.0874498487 -0.0982402414 0.9913129807 0.1667674333 0.9796379805 0.1117948219 -0.9821105599 0.1750951558 -0.0692859218
611.6 -88.9 2551.0 -0.0839663148 -0.0820474401 0.9930850267 0.1287610382 0.9873558283 0.0924609751 -0.9881144762 0.1356342733 -0.0723401234
607.5 85.5 2711.0 0.3984993398 -0.5032625794 0.7667626739 0.7163919210 0.6928144693 0.0824060813 -0.5726962090 0.5164638162 0.6366193891
507.2 -94.8 2855.2 0.7169085741 -0.5032625794 -0.4824612141 0.0010566757 0.6928144693 -0.7211151123 0.6971663833 0.5164638162 0.4972164333
584.5 119.8 2444.2 -0.4409344494 -0.7025541067 0.5585647225 -0.7544149756 0.6272556186 0.1934126168 -0.4862456918 -0.3361073136 -0.8065959215
496.2 -31.2 2346.9 -0.3583764434 -0.7025541067 -0.6148040891 0.0961863101 0.6272556186 -0.7728509307 0.9286088943 -0.3361073136 -0.1572175324
612.3 -284.6 2622.8 0.2104735672 0.2424918562 -0.9470472932 -0.2710261941 0.9452483058 0.1817978472 0.9392793179 0.2184109688 0.2646714449
518.2 -651.4 2538.0 0.2577522993 0.0515011810 -0.9648374915 0.1676452458 0.9810487032 0.0971522257 0.9515560269 -0.1867916286 0.2442336231
618.5 -264.0 2446.6 -0.5456291437 -0.0942965224 0.8327046037 -0.1645161361 0.9863666892 0.0038983256 -0.8217197061 -0.1348662972 -0.5537037253
655.0 -646.7 2498.9 -0.5426778793 -0.1390337199 0.8283540010 -0.1863409430 0.9815580845 0.0426708572 -0.8190102577 -0.1311997324 -0.5585775375
329.8 -95.1 2682.7 0 0 0 0 0 0 0 0 0
401.7 -5.8 2591.8 0 0 0 0 0 0 0 0 0
499.0 -1017.5 2607.7 0 0 0 0 0 0 0 0 0
706.8 -1012.2 2547.8 0 0 0 0 0 0 0 0 0
569.4 296.1 2614.9 62 -0.1864639670 -0.1390299797 0.9725748301 0.1682873815 0.9707858562 0.1710386276 -0.9679414034 0.1955646276 -0.1576195955
596.6 106.5 2576.7 -0.1864639670 -0.1390299797 0.9725748301 0.1682873815 0.9707858562 0.1710386276 -0.9679414034 0.1955646276 -0.1576195955
619.5 -83.6 2546.0 -0.1817699522 -0.1200312003 0.9759877920 0.1329329163 0.9804117084 0.1453329623 -0.9743143916 0.1561580598 -0.1622532904
621.3 88.9 2708.4 0.3860814571 -0.4429531395 0.8091561198 0.7350987196 0.6776584387 0.0202222578 -0.5572890043 0.5870021582 0.5872456431
522.4 -99.5 2851.3 0.7876238823 -0.4429531395 -0.4283002615 -0.0186507963 0.6776584387 -0.7351402640 0.6158739328 0.5870021582 0.5254785419
571.8 124.1 2445.0 -0.4734340012 -0.7526057959 0.4576513171 -0.7735359073 0.6037572026 0.1926641017 -0.4213104248 -0.2627959847 -0.8680068254
475.2 -33.9 2359.0 -0.2593997419 -0.7526057959 -0.6052241325 0.0949792415 0.6037572026 -0.7914898396 0.9610882998 -0.2627959847 -0.0851325318
634.7 -291.7 2611.8 0.3093533814 0.2937247455 -0.9044480324 -0.2717525065 0.9387454391 0.2119140029 0.9112908840 0.1802297086 0.3702245355
520.9 -655.2 2542.0 0.3651231527 0.0577788390 -0.9291645288 0.1436611116 0.9826200604 0.1175557673 0.9198079109 -0.1764071435 0.3504767716
619.6 -269.2 2436.9 -0.6088789105 -0.1035870537 0.7864707112 -0.1959752887 0.9803484082 -0.0225994736 -0.7686742544 -0.1678891629 -0.6172139645
659.8 -649.4 2502.0 -0.6130537987 -0.1300447732 0.7792646289 -0.1665019244 0.9854729772 0.0334686972 -0.7722966671 -0.1092309430 -0.6258006692
326.1 -94.9 2697.8 0 0 0 0 0 0 0 0 0
407.3 -9.1 2610.4 0 0 0 0 0 0 0 0 0
499.4 -1022.0 2607.9 0 0 0 0 0 0 0 0 0
708.2 -1016.7 2542.7 0 0 0 0 0 0 0 0 0
563.0 299.5 2619.5 63 -0.2815470695 -0.1626905799 0.9456548095 0.1647177041 0.9626981020 0.2146636397 -0.9453037977 0.2162040174 -0.2442468107
594.5 112.6 2577.5 -0.2815470695 -0.1626905799 0.9456548095 0.1647177041 0.9626981020 0.2146636397 -0.9453037977 0.2162040174 -0.2442468107
621.0 -76.3 2542.8 -0.2766776085 -0.1385786235 0.9509181976 0.1334076375 0.9744261503 0.1808205396 -0.9516574740 0.1768887490 -0.2511144578
632.1 94.9 2706.2 0.3467699885 -0.3872808516 0.8542623520 0.7489690781 0.6625949144 -0.0036402030 -0.5646200776 0.6410784125 0.5198294520
542.5 -98.7 2852.2 0.8456847668 -0.3872808516 -0.3671931624 -0.0216327868 0.6625949144 -0.7486654520 0.5332441330 0.6410784125 0.5519684553
557.0 130.3 2448.8 -0.3074011505 -0.7574816346 0.5759567022 -0.7023012042 0.5890047550 0.3998079598 -0.6420884132 -0.2815936506 -0.7130410075
514.1 32.5 2359.3 -0.5121889114 -0.7574816346 -0.4048259854 -0.2686910331 0.5890047550 -0.7621538639 0.8157619834 -0.2815936506 -0.5052102208
658.6 -285.1 2601.5 0.3921871781 0.3542892337 -0.8489218950 -0.2977458835 0.9220675826 0.2472624481 0.8703657985 0.1557898372 0.4671112597
521.5 -641.9 2541.2 0.4531296492 0.0493138544 -0.8900795579 0.1207095161 0.9858784080 0.1160733551 0.8832342625 -0.1600373536 0.4407780766
626.1 -262.1 2428.8 -0.6736305356 -0.0891897455 0.7336668372 -0.1910921782 0.9799547195 -0.0563247651 -0.7139367461 -0.1781400740 -0.6771709323
660.7 -642.3 2497.9 -0.6771534681 -0.1244511604 0.7252414227 -0.1651056111 0.9861608148 0.0150667364 -0.7170797586 -0.1095389351 -0.6883297563
330.8 -93.2 2718.7 0 0 0 0 0 0 0 0 0
422.1 -15.8 2505.9 0 0 0 0 0 0 0 0 0
503.1 -1009.8 2601.0 0 0 0 0 0 0 0 0 0
707.2 -1010.2 2538.8 0 0 0 0 0 0 0 0 0
562.9 289.5 2617.2 64 -0.2586298883 -0.1597226113 0.9526800513 0.1309529841 0.9713333845 0.1984005570 -0.9570589662 0.1760686040 -0.2302996814
594.0 100.4 2582.9 -0.2586298883 -0.1597226113 0.9526800513 0.1309529841 0.9713333845 0.1984005570 -0.9570589662 0.1760686040 -0.2302996814
621.5 -89.4 2554.9 -0.2543733120 -0.1432174295 0.9564428926 0.1035455167 0.9792560339 0.1741721928 -0.9615469575 0.1433401257 -0.2342670858
628.6 86.6 2713.6 0.3793178797 -0.3925517797 0.8378669620 0.7300994396 0.6832616329 -0.0104124127 -0.5683948994 0.6156758070 0.5457751751
530.1 -103.0 2861.1 0.8337417841 -0.3925517797 -0.3883011639 -0.0182587206 0.6832616329 -0.7299453020 0.5518525839 0.6156758070 0.5624962449
559.4 114.3 2452.3 -0.2454262376 -0.7226612568 0.6461630464 -0.2985818684 0.6904961467 0.6588352919 -0.9222878218 -0.0312371012 -0.3852394223
537.4 87.6 2369.8 -0.6162885427 -0.7226612568 -0.3129682839 -0.6232169271 0.6904961467 -0.3671725690 0.4814447761 -0.0312371012 -0.8759195805
670.9 -279.5 2596.7 0.3578489125 0.3847440183 -0.8508326411 -0.3051517904 0.9093276858 0.2828525305 0.8825114965 0.1584146321 0.4428072572
522.7 -629.7 2535.7 0.4204903245 0.0418257415 -0.9063324332 0.1478973627 0.9824159145 0.1139534265 0.8951615691 -0.1819604933 0.4069104791
623.6 -256.8 2426.7 -0.6581248045 -0.0944048390 0.7469668984 -0.1975161731 0.9790086746 -0.0502928980 -0.7265391350 -0.1806370318 -0.6629563570
659.9 -633.1 2496.1 -0.6623579860 -0.1370446086 0.7365464568 -0.1691427827 0.9850980639 0.0311851501 -0.7298442125 -0.1039257795 -0.6756677032
320.1 -98.4 2722.1 0 0 0 0 0 0 0 0 0
424.2 -26.9 2458.2 0 0 0 0 0 0 0 0 0
507.1 -996.3 2603.6 0 0 0 0 0 0 0 0 0
711.0 -1000.7 2534.9 0 0 0 0 0 0 0 0 0
557.7 287.5 2628.1 65 -0.1370862126 -0.1534639448 0.9785990715 0.1547592878 0.9724761248 0.1741830558 -0.9783951044 0.1753253937 -0.1095630899
587.6 97.8 2593.9 -0.1370862126 -0.1534639448 0.9785990715 0.1547592878 0.9724761248 0.1741830558 -0.9783951044 0.1753253937 -0.1095630899
613.9 -92.3 2565.1 -0.1333495528 -0.1358565539 0.9817132354 0.1295467466 0.9796715379 0.1531707942 -0.9825658202 0.1476030201 -0.1130389869
605.6 80.4 2726.7 0.4701004326 -0.4443402886 0.7626056075 0.7322016358 0.6787940264 -0.0558516271 -0.4928350151 0.5846369267 0.6444480419
484.1 -108.9 2854.1 0.7602217197 -0.4443402886 -0.4739458263 -0.0595487617 0.6787940264 -0.7319102287 0.6469287872 0.5846369267 0.4895740747
569.6 115.1 2461.1 -0.3253386319 -0.7114653587 0.6228738427 0.0878694430 0.6331125498 0.7690562010 -0.9415060878 0.3049352765 -0.1434599012
540.6 122.9 2377.1 -0.5672636628 -0.7114653587 -0.4147637486 -0.7735517025 0.6331125498 -0.0280397534 0.2825414538 0.3049352765 -0.9094970226
671.1 -289.8 2614.7 0.7496488690 0.3869201541 0.5369538069 -0.1675480455 0.8958292603 -0.4116037488 -0.6402766705 0.2185927182 0.7363851070
521.8 -635.5 2530.3 0.7496488690 0.0317716524 0.6610727310 -0.1675480455 0.9754203558 0.1431181133 -0.6402766705 -0.2180497646 0.7365460396
626.7 -271.8 2442.8 -0.5692667961 -0.0940763131 0.8167526722 -0.1721255630 0.9850535393 -0.0065076854 -0.8039329052 -0.1442886293 -0.5769512057
663.0 -652.1 2498.5 -0.5704759359 -0.1504351944 0.8074196577 -0.1643378586 0.9841094017 0.0672437102 -0.8047050834 -0.0943287015 -0.5861329436
293.4 -94.0 2691.8 0 0 0 0 0 0 0 0 0
424.1 -36.0 2435.2 0 0 0 0 0 0 0 0 0
509.9 -999.3 2611.7 0 0 0 0 0 0 0 0 0
719.2 -1019.3 2533.7 0 0 0 0 0 0 0 0 0
551.5 285.3 2631.5 66 -0.1354425550 -0.1704253703 0.9760176539 0.1526866704 0.9697370529 0.1905171126 -0.9789494872 0.1748290062 -0.1053219810
584.8 96.1 2597.4 -0.1354425550 -0.1704253703 0.9760176539 0.1526866704 0.9697370529 0.1905171126 -0.9789494872 0.1748290062 -0.1053219810
613.5 -93.5 2567.8 -0.1322280318 -0.1483212262 0.9800594449 0.1330527067 0.9771373272 0.1658302397 -0.9822487831 0.1523269713 -0.1094704047
602.7 78.1 2730.9 0.4676698446 -0.4508126080 0.7602978945 0.7383368611 0.6721343398 -0.0556245930 -0.4859460592 0.5873699188 0.6471885443
481.2 -113.7 2857.2 0.7594501972 -0.4508126080 -0.4690451920 -0.0569608808 0.6721343398 -0.7382349968 0.6480669975 0.5873699188 0.4847738445
566.8 114.1 2463.9 -0.4424873590 -0.6820797920 0.5822131038 0.2731166780 0.5158898234 0.8119513392 -0.8541734219 0.5182903409 -0.0419873707
528.7 137.6 2390.4 -0.4783972204 -0.6820797920 -0.5530852079 -0.8508304358 0.5158898234 0.0997258648 0.2173100561 0.5182903409 -0.8271344900
651.7 -294.4 2624.4 0.7805359364 0.3375915587 0.5261136889 -0.1378408074 0.9138659239 -0.3819017410 -0.6097242236 0.2255680859 0.7598390579
521.2 -647.6 2537.2 0.7805359364 0.0214858372 0.6247415543 -0.1378408074 0.9807249904 0.1384860724 -0.6097242236 -0.1942082345 0.7684527040
628.6 -271.7 2449.9 -0.5668533444 -0.0933567956 0.8185119629 -0.1554135084 0.9878366590 0.0050391462 -0.8090265393 -0.1243513599 -0.5744674206
664.7 -654.1 2498.0 -0.5670380592 -0.1369745284 0.8122227788 -0.1540872753 0.9863085151 0.0587594882 -0.8091507554 -0.0918343216 -0.5803804398
289.6 -99.4 2693.6 0 0 0 0 0 0 0 0 0
422.9 -50.6 2438.5 0 0 0 0 0 0 0 0 0
513.2 -1013.5 2609.6 0 0 0 0 0 0 0 0 0
715.8 -1022.2 2532.3 0 0 0 0 0 0 0 0 0
548.3 286.3 2632.7 67 -0.0428416058 -0.1701698005 0.9844830036 0.1710951328 0.9695811868 0.1750395000 -0.9843226075 0.1759392321 -0.0124231903
581.5 97.0 2598.4 -0.0428416058 -0.1701698005 0.9844830036 0.1710951328 0.9695811868 0.1750395000 -0.9843226075 0.1759392321 -0.0124231903
610.7 -92.4 2567.8 -0.0399027579 -0.1504197866 0.9878166318 0.1532601118 0.9759843946 0.1548089683 -0.9873799086 0.1575701833 -0.0158911142
586.9 76.2 2732.3 0.5202416778 -0.4942524731 0.6964647174 0.7413548231 0.6662080884 -0.0809928700 -0.4239594936 0.5584633350 0.7130056620
451.8 -116.3 2842.4 0.6960697770 -0.4942524731 -0.5207699537 -0.0815553293 0.6662080884 -0.7412931323 0.7133271098 0.5584633350 0.4234184027
576.1 117.8 2464.5 -0.4149831235 -0.6940962076 0.5882341862 0.3847735524 0.4519841671 0.8047730327 -0.8244624734 0.5603041649 0.0795040727
540.2 151.0 2393.2 -0.4645507634 -0.6940962076 -0.5499300361 -0.8758018613 0.4519841671 0.1693559438 0.1310103387 0.5603041649 -0.8178603053
653.9 -295.2 2626.2 0.7467885613 0.3474010527 0.5671149492 -0.1253564954 0.9109686017 -0.3929656148 -0.6531405449 0.2223706841 0.7238498926
519.3 -648.1 2540.0 0.7467885613 0.0065271407 0.6650295258 -0.1253564954 0.9834095836 0.1311158985 -0.6531405449 -0.1812816262 0.7352172136
630.6 -271.7 2451.0 -0.4903345108 -0.0884278938 0.8670366406 -0.1520997286 0.9882547259 0.0147739360 -0.8581595421 -0.1246318668 -0.4980252385
664.9 -654.8 2499.3 -0.4933377504 -0.1418891847 0.8581872582 -0.1319451779 0.9873962402 0.0874020308 -0.8597722650 -0.0701149404 -0.5058414340
276.4 -95.7 2662.6 0 0 0 0 0 0 0 0 0
433.4 -50.4 2423.3 0 0 0 0 0 0 0 0 0
516.9 -1015.0 2607.7 0 0 0 0 0 0 0 0 0
717.8 -1023.2 2525.4 0 0 0 0 0 0 0 0 0
541.3 292.4 2633.9 68 0.0650822893 -0.1860764772 0.9803773761 0.1819449216 0.9682042003 0.1716875881 -0.9811525345 0.1672008634 0.0968686119
577.8 102.8 2601.1 0.0650822893 -0.1860764772 0.9803773761 0.1819449216 0.9682042003 0.1716875881 -0.9811525345 0.1672008634 0.0968686119
609.5 -86.2 2570.7 0.0671938956 -0.1636216640 0.9842321277 0.1702178866 0.9738798141 0.1502798200 -0.9831128120 0.1574360281 0.0932901129
568.6 79.7 2734.2 0.5651267171 -0.5495941639 0.6152870059 0.7465975285 0.6580235958 -0.0979644731 -0.3510326743 0.5147340894 0.7821923494
422.0 -114.0 2825.2 0.6148115396 -0.5495941639 -0.5656439066 -0.0985922813 0.6580235958 -0.7465149164 0.7824872732 0.5147340894 0.3503747582
586.9 125.9 2468.1 -0.6736367345 -0.6053295732 0.4240161180 0.2969839871 0.3036512733 0.9053156376 -0.6767673492 0.7357798815 -0.0247774608
522.1 154.5 2403.0 -0.3909058869 -0.6053295732 -0.6933748722 -0.9186320305 0.3036512733 0.2528063655 0.0575129911 0.7357798815 -0.6747742295
643.4 -295.6 2625.3 0.7856178284 0.3199998736 0.5295325518 -0.1260282844 0.9206850529 -0.3693994582 -0.6057404876 0.2234707177 0.7636355758
519.3 -652.5 2538.7 0.7856178284 0.0040258202 0.6186990142 -0.1260282844 0.9800550342 0.1536523253 -0.6057404876 -0.1986855716 0.7704560757
636.5 -268.4 2449.5 -0.3939363360 -0.0738193542 0.9161685705 -0.1556676477 0.9877284765 0.0126508754 -0.9058596492 -0.1376341730 -0.4005934298
665.1 -651.5 2502.9 -0.3998588026 -0.1457267404 0.9049180150 -0.1176501811 0.9872734547 0.1070027053 -0.9089946747 -0.0636777952 -0.4119147658
267.4 -89.2 2628.4 0 0 0 0 0 0 0 0 0
432.7 -55.5 2416.1 0 0 0 0 0 0 0 0 0
517.8 -1018.2 2612.8 0 0 0 0 0 0 0 0 0
719.5 -1020.0 2526.7 0 0 0 0 0 0 0 0 0
538.1 290.6 2634.9 69 0.0669024885 -0.1909641176 0.9793144464 0.1857907176 0.9667314887 0.1758180559 -0.9803090692 0.1701848656 0.1001561061
575.5 101.2 2601.6 0.0669024885 -0.1909641176 0.9793144464 0.1857907176 0.9667314887 0.1758180559 -0.9803090692 0.1701848656 0.1001561061
608.5 -87.6 2570.7 0.0693001747 -0.1698558331 0.9830292463 0.1729041189 0.9725297689 0.1558524966 -0.9824976325 0.1591691971 0.0967652574
566.1 77.7 2735.2 0.5636523962 -0.5537285805 0.6129278541 0.7490732670 0.6553813219 -0.0967708752 -0.3481166661 0.5136730075 0.7841905355
419.4 -117.3 2825.8 0.6130939722 -0.5537285805 -0.5634717345 -0.0965500772 0.6553813219 -0.7491017580 0.7840878963 0.5136730075 0.3483478129
585.0 124.8 2468.0 -0.7361103296 -0.6754940748 -0.0430045128 -0.3330389559 0.3061473966 0.8918289542 -0.5892593861 0.6708066463 -0.4503240883
492.3 82.9 2393.8 -0.3575281799 -0.6754940748 -0.6448886991 -0.9316267371 0.3061473966 0.1958199292 0.0651557893 0.6708066463 -0.7387646437
635.3 -290.5 2627.6 0.7908143997 0.3003553450 0.5332909822 -0.1122946069 0.9277213812 -0.3559817672 -0.6016664505 0.2216297984 0.7673836946
518.8 -650.3 2541.7 0.7908293605 -0.0025454585 0.6120314002 -0.1159539446 0.9812576175 0.1539096534 -0.6009522080 -0.1926837265 0.7757121921
647.3 -260.2 2453.1 -0.3916270733 -0.0416023508 0.9191830754 -0.1315695792 0.9912437201 -0.0111926962 -0.9106687903 -0.1253198832 -0.3936714828
663.4 -644.6 2501.7 -0.3928681016 -0.1516825110 0.9069989324 -0.1235895082 0.9860638380 0.1113719717 -0.9112520218 -0.0683410540 -0.4061394036
264.5 -92.9 2627.7 0 0 0 0 0 0 0 0 0
406.1 -141.7 2409.5 0 0 0 0 0 0 0 0 0
519.7 -1016.6 2613.6 0 0 0 0 0 0 0 0 0
720.1 -1012.7 2527.2 0 0 0 0 0 0 0 0 0
541.9 284.8 2635.4 70 -0.0672268793 -0.1817461103 0.9810447693 0.1818344593 0.9645704627 0.1911544651 -0.9810284376 0.1912384629 -0.0317973532
577.3 96.9 2598.2 -0.0672268793 -0.1817461103 0.9810447693 0.1818344593 0.9645704627 0.1911544651 -0.9810284376 0.1912384629 -0.0317973532
612.1 -91.3 2565.9 -0.0625889450 -0.1796296239 0.9817411900 0.1570104808 0.9696488380 0.1874269694 -0.9856116772 0.1658745110 -0.0324855596
585.8 75.8 2731.3 0.4885180891 -0.5058779716 0.7109413147 0.7612935305 0.6452423930 -0.0639880747 -0.4263593256 0.5724943876 0.7003341913
459.2 -121.5 2841.8 0.7114491463 -0.5058779716 -0.4877782762 -0.0631961226 0.6452423930 -0.7613596916 0.6998902559 0.5724943876 0.4270876050
568.9 118.1 2465.0 -0.6291649342 -0.7625301480 0.1506626308 -0.1264311969 0.2916528583 0.9481317401 -0.7669202089 0.5774827600 -0.2799053490
507.8 105.8 2390.6 -0.3454673588 -0.7625301480 -0.5469918251 -0.9382639527 0.2916528583 0.1860091090 0.0176941641 0.5774827600 -0.8162111044
635.3 -291.8 2627.6 0.8262741566 0.2976403534 0.4782062173 -0.1291534305 0.9264792204 -0.3534906805 -0.5482612252 0.2303182632 0.8039671183
519.8 -651.3 2538.2 0.8262741566 0.0066308025 0.5632290840 -0.1291534305 0.9755203128 0.1779873669 -0.5482612252 -0.2198093235 0.8069036603
647.7 -260.9 2452.4 -0.5026648045 -0.0415782630 0.8634809256 -0.1257880032 0.9917300940 -0.0254722312 -0.8552809358 -0.1214195415 -0.5037378669
663.8 -645.8 2499.5 -0.4980821311 -0.1436162591 0.8551540971 -0.1592590958 0.9845644832 0.0725896806 -0.8523794413 -0.1000354439 -0.5132662058
280.6 -105.6 2666.2 0 0 0 0 0 0 0 0 0
429.7 -106.4 2394.6 0 0 0 0 0 0 0 0 0
517.3 -1015.3 2620.2 0 0 0 0 0 0 0 0 0
717.4 -1013.1 2536.8 0 0 0 0 0 0 0 0 0
536.3 286.1 2626.7 71 -0.0888611078 -0.2139624655 0.9727917314 0.1396452487 0.9643329382 0.2248580903 -0.9862062931 0.1558268815 -0.0558128543
577.9 98.7 2596.4 -0.0888611078 -0.2139624655 0.9727917314 0.1396452487 0.9643329382 0.2248580903 -0.9862062931 0.1558268815 -0.0558128543
612.9 -90.0 2567.5 -0.0878952220 -0.1802054793 0.9796940684 0.1348996758 0.9722868800 0.1909458041 -0.9869531393 0.1489436328 -0.0611497127
589.9 80.4 2730.4 0.4753972292 -0.4931968451 0.7285289168 0.7520511150 0.6575242281 -0.0456181504 -0.4565266669 0.5695776939 0.6834944487
466.3 -115.1 2849.1 0.7290973067 -0.4931968451 -0.4745249450 -0.0447180420 0.6575242281 -0.7521051764 0.6829475760 0.5695776939 0.4573443532
566.0 116.9 2462.4 -0.4697092474 -0.8222969770 0.3212489784 0.1509923935 0.2836986482 0.9469510913 -0.8698129058 0.4932978451 -0.0090952851
524.2 130.4 2385.1 -0.3232236207 -0.8222969770 -0.4683526158 -0.9463070035 0.2836986482 0.1549777836 0.0054332297 0.4932978451 -0.8698434830
652.4 -293.4 2621.0 0.7435888052 0.3444038630 0.5731157064 -0.1320798397 0.9159089923 -0.3790325522 -0.6554620862 0.2061473280 0.7265484929
518.9 -648.4 2541.1 0.7435888052 0.0000597346 0.6686371565 -0.1320798397 0.9803087711 0.1467979103 -0.6554620862 -0.1974707693 0.7289545536
641.3 -265.7 2446.3 -0.5225716233 -0.0611584820 0.8503990769 -0.1579478532 0.9871032834 -0.0260693207 -0.8378373384 -0.1479417831 -0.5254920125
665.0 -648.6 2503.7 -0.5228861570 -0.1469307244 0.8396436572 -0.1558479071 0.9849070311 0.0752966926 -0.8380343318 -0.0914851055 -0.5378930569
282.3 -103.8 2676.8 0 0 0 0 0 0 0 0 0
448.0 -92.7 2386.3 0 0 0 0 0 0 0 0 0
518.9 -1014.1 2614.7 0 0 0 0 0 0 0 0 0
719.9 -1016.1 2537.8 0 0 0 0 0 0 0 0 0
534.9 287.1 2622.3 72 -0.0333168656 -0.2152216882 0.9759967327 0.1388991773 0.9660651684 0.2177731246 -0.9897459149 0.1428206563 -0.0022921485
577.1 97.7 2594.3 -0.0333168656 -0.2152216882 0.9759967327 0.1388991773 0.9660651684 0.2177731246 -0.9897459149 0.1428206563 -0.0022921485
612.5 -91.5 2569.4 -0.0304584540 -0.1830811054 0.9826258421 0.1249715313 0.9746702313 0.1854725629 -0.9916927218 0.1284494698 -0.0068070237
581.2 80.7 2729.2 0.5055894256 -0.5213995576 0.6874022484 0.7444807887 0.6663107872 -0.0421695486 -0.4360363483 0.5330781937 0.7250516415
449.6 -113.1 2842.7 0.6882826090 -0.5213995576 -0.5043902993 -0.0408716165 0.6663107872 -0.7445531487 0.7242904305 0.5330781937 0.4372996986
573.0 114.7 2459.5 -0.2967613041 -0.8791061640 0.3729679883 0.2998509407 0.2850282192 0.9104110599 -0.9066543579 0.3820095658 0.1790154576
546.8 141.1 2379.5 -0.3173658550 -0.8791061640 -0.3555999398 -0.9480243325 0.2850282192 0.1414524913 -0.0229957364 0.3820095658 -0.9238722324
655.7 -290.7 2626.4 0.7548967004 0.3504923284 0.5543339252 -0.1330543458 0.9094913006 -0.3938554227 -0.6422051787 0.2235636115 0.7332065105
519.8 -643.5 2539.7 0.7548967004 0.0028139432 0.6558376551 -0.1330543458 0.9798527360 0.1489469707 -0.6422051787 -0.1997016370 0.7400619984
640.0 -266.8 2450.6 -0.4750283360 -0.0661881641 0.8774777651 -0.1562074870 0.9876729846 -0.0100637609 -0.8659949899 -0.1418491751 -0.4795117378
665.7 -650.1 2505.7 -0.4795872867 -0.1401125044 0.8662358522 -0.1257368177 0.9879557490 0.0901869610 -0.8684390187 -0.0656652153 -0.4914283156
275.7 -102.8 2659.7 0 0 0 0 0 0 0 0 0
470.5 -86.8 2374.0 0 0 0 0 0 0 0 0 0
518.7 -1009.1 2614.2 0 0 0 0 0 0 0 0 0
718.0 -1018.7 2530.2 0 0 0 0 0 0 0 0 0
535.5 282.4 2609.2 73 0.1482893974 -0.2098427266 0.9664244652 0.1312126368 0.9727638364 0.1910857856 -0.9802007675 0.0984711125 0.1717845798
576.8 91.2 2589.8 0.1482893974 -0.2098427266 0.9664244652 0.1312126368 0.9727638364 0.1910857856 -0.9802007675 0.0984711125 0.1717845798
610.5 -99.0 2572.5 0.1513565332 -0.1777771264 0.9723612666 0.1157600135 0.9801133275 0.1611753851 -0.9816775322 0.0881656110 0.1689260453
556.4 75.7 2721.4 0.5912748575 -0.5961154103 0.5431762934 0.7322681546 0.6790363193 -0.0518942438 -0.3379014730 0.4284344614 0.8380134106
403.6 -113.6 2808.7 0.5453635454 -0.5961154103 -0.5892580152 -0.0491804071 0.6790363193 -0.7324554324 0.8367555737 0.4284344614 0.3410044909
597.1 106.6 2458.2 -0.2825627327 -0.8680551052 0.4082140028 0.3653190136 0.2961061895 0.8825322390 -0.8869612813 0.3984990716 0.2334484607
570.9 140.5 2375.9 -0.3417156339 -0.8680551052 -0.3601538539 -0.9386319518 0.2961061895 0.1768931001 -0.0469091646 0.3984990716 -0.9159683585
650.6 -291.8 2632.9 0.8460949659 0.3277732134 0.4203428030 -0.1805534214 0.9182044864 -0.3525634706 -0.5015215278 0.2224078327 0.8360687494
523.5 -648.0 2546.6 0.8503352404 0.0412090272 0.5246254206 -0.1191299707 0.9861224294 0.1156315804 -0.5125797987 -0.1608242095 0.8434438705
645.2 -269.5 2456.0 -0.3161556721 -0.0545164831 0.9471396804 -0.1403238773 0.9900536537 0.0101464000 -0.9382722378 -0.1296984702 -0.3206610382
666.4 -653.8 2506.4 -0.3192364573 -0.1418780088 0.9369944930 -0.1194208860 0.9868705869 0.1087431461 -0.9401205778 -0.0771819428 -0.3319882751
267.7 -101.3 2600.3 0 0 0 0 0 0 0 0 0
488.8 -84.9 2364.7 0 0 0 0 0 0 0 0 0
508.1 -1015.5 2606.5 0 0 0 0 0 0 0 0 0
719.3 -1022.1 2535.2 0 0 0 0 0 0 0 0 0
534.3 284.8 2605.1 74 0.1805355698 -0.2037843168 0.9622259736 0.1188365892 0.9756534696 0.1843315810 -0.9763630629 0.0810692459 0.2003571838
574.7 91.4 2589.0 0.1805355698 -0.2037843168 0.9622259736 0.1188365892 0.9756534696 0.1843315810 -0.9763630629 0.0810692459 0.2003571838
608.1 -99.2 2575.0 0.1834356487 -0.1743863970 0.9674403071 0.1038233712 0.9820720553 0.1573379636 -0.9775336385 0.0715815201 0.1982524097
549.8 77.4 2721.2 0.6088978648 -0.6023405790 0.5161678791 0.7218303680 0.6905622482 -0.0456582345 -0.3289442360 0.4003868401 0.8552696109
391.6 -110.1 2806.6 0.5179162025 -0.6023405790 -0.6074114442 -0.0435829125 0.6905622482 -0.7219586968 0.8543204069 0.4003868401 0.3314016163
599.6 105.4 2456.8 -0.3293287456 -0.8385244012 0.4340730608 0.3873554170 0.2992715538 0.8720047474 -0.8611029983 0.4553167820 0.2262482494
568.2 142.2 2374.9 -0.3508794308 -0.8385244012 -0.4168458283 -0.9359062314 0.2992715538 0.1857850850 -0.0310352203 0.4553167820 -0.8897884488
630.9 -299.4 2641.5 0.8762998581 0.2809492648 0.3913643658 -0.1433479041 0.9276143909 -0.3449389935 -0.4599455595 0.2461687475 0.8531418443
522.0 -658.8 2546.1 0.8780535460 0.0254911557 0.4778830409 -0.1035244390 0.9850532413 0.1376693547 -0.4672308862 -0.1703536361 0.8675684333
657.6 -279.1 2469.0 -0.2881031334 -0.0194255542 0.9574023485 -0.1088756025 0.9939755797 -0.0125954095 -0.9513898492 -0.1078665331 -0.2884824276
665.1 -664.6 2510.8 -0.2882379293 -0.1608321667 0.9439554811 -0.1080506966 0.9849604964 0.1348252445 -0.9514430761 -0.0631332994 -0.3012810051
261.5 -99.2 2591.9 0 0 0 0 0 0 0 0 0
484.0 -82.6 2367.4 0 0 0 0 0 0 0 0 0
512.5 -1026.2 2609.7 0 0 0 0 0 0 0 0 0
725.1 -1032.1 2534.4 0 0 0 0 0 0 0 0 0
538.6 289.9 2603.5 75 0.1880499423 -0.1655509919 0.9681064487 0.1209540665 0.9820921421 0.1444478780 -0.9746832252 0.0899329931 0.2047064304
571.4 94.9 2585.7 0.1880499423 -0.1655509919 0.9681064487 0.1209540665 0.9820921421 0.1444478780 -0.9746832252 0.0899329931 0.2047064304
602.4 -96.2 2572.0 0.1913845390 -0.1604387909 0.9683136344 0.1008370444 0.9845436811 0.1431977749 -0.9763215780 0.0702360496 0.2046046108
545.4 81.2 2718.4 0.6227760315 -0.5930114388 0.5103797317 0.7110355496 0.7011603117 -0.0529405884 -0.3264636099 0.3958682716 0.8583180308
383.2 -103.9 2803.4 0.5117032528 -0.5930114388 -0.6216890216 -0.0514280610 0.7011603117 -0.7111465335 0.8576216698 0.3958682716 0.3282885849
597.5 108.6 2452.9 0.0981889591 -0.7835242748 0.6135541201 -0.3360019624 0.5542276502 0.7615342736 -0.9367291927 -0.2809296548 -0.2088466734
610.2 65.0 2331.4 -0.6194428205 -0.7835242748 0.0487884656 -0.7322123647 0.5542276502 -0.3958494961 0.2831177711 -0.2809296548 -0.9170184731
625.2 -299.0 2647.7 0.8846475482 0.2629820108 0.3850184381 -0.1311759204 0.9327816367 -0.3357250690 -0.4474277794 0.2464932054 0.8596798778
523.2 -660.8 2552.1 0.8864936233 0.0433575921 0.4607050717 -0.0994772464 0.9901795387 0.0982280225 -0.4519218206 -0.1329081953 0.8821009398
657.8 -280.6 2474.3 -0.2832954526 -0.0243894234 0.9587225318 -0.1110905930 0.9937816262 -0.0075451448 -0.9525768161 -0.1086425558 -0.2842432559
667.3 -666.3 2516.5 -0.2868331671 -0.1465082467 0.9467111826 -0.0877944529 0.9880977273 0.1263131797 -0.9539490938 -0.0468851775 -0.2962818146
254.0 -90.9 2586.8 0 0 0 0 0 0 0 0 0
475.4 -94.5 2393.1 0 0 0 0 0 0 0 0 0
507.0 -1029.9 2601.7 0 0 0 0 0 0 0 0 0
722.0 -1035.0 2534.0 0 0 0 0 0 0 0 0 0
539.2 292.6 2602.2 76 0.2327520698 -0.1683347672 0.9578568935 0.1376269013 0.9806956053 0.1389061511 -0.9627488256 0.0994961932 0.2514263093
572.6 97.8 2582.5 0.2327520698 -0.1683347672 0.9578568935 0.1376269013 0.9806956053 0.1389061511 -0.9627488256 0.0994961932 0.2514263093
604.3 -93.2 2568.3 0.2372805625 -0.1635255814 0.9575788975 0.1108191162 0.9838517308 0.1405520886 -0.9650995135 0.0727677718 0.2515706420
540.3 82.7 2713.8 0.6377988458 -0.6104094386 0.4696945548 0.7135946751 0.6977972984 -0.0621420704 -0.2898194790 0.3748056591 0.8806391954
374.1 -103.2 2789.4 0.4706972539 -0.6104094386 -0.6370592117 -0.0610194616 0.6977972984 -0.7136915326 0.8801822066 0.3748056591 0.2912043929
605.0 112.8 2451.1 0.1912310570 -0.6517974138 0.7338874340 -0.5965618491 0.5165621638 0.6142291427 -0.7794514894 -0.5552689433 -0.2900547683
