51.6 491.1 2011.5 9 0.9963619709 0.0257722773 -0.0812314898 -0.0204241555 0.9976109266 0.0659947768 0.0827382579 -0.0640956089 0.9945079684
46.4 288.4 2024.5 0.9963619709 0.0257722773 -0.0812314898 -0.0204241555 0.9976109266 0.0659947768 0.0827382579 -0.0640956089 0.9945079684
41.4 90.1 2035.2 0.9963539839 0.0252325274 -0.0814988986 -0.0207380541 0.9982416034 0.0555310063 0.0827567726 -0.0536384098 0.9951252341
-99.1 291.5 2012.4 0.1810916513 -0.8312392831 -0.5255921483 0.9801677465 0.1088141650 0.1656219512 -0.0804795995 -0.5451612473 0.8344592452
-146.0 37.6 2033.3 -0.0295021534 -0.8320674896 -0.5538892746 0.9606393576 0.1295306832 -0.2457516640 0.2762276232 -0.5393379927 0.7954953313
191.9 285.4 2036.6 0.0757901967 0.9966651201 0.0302411281 -0.9965177178 0.0746520236 0.0371416770 0.0347602516 -0.0329507962 0.9988523126
212.3 17.5 2046.0 -0.0418457165 0.9979669452 0.0480720662 -0.9770316482 -0.0308110025 -0.2108549178 -0.2089450806 -0.0557913035 0.9763346314
-54.9 -106.4 2037.0 0.9671069980 0.0506399795 -0.2492782623 -0.0347872190 0.9971060753 0.0675970167 0.2519799769 -0.0567018501 0.9660698771
-75.1 -502.6 2059.5 0.9678651094 0.0417530127 -0.2479795665 -0.0194517393 0.9955956340 0.0917110220 0.2507165968 -0.0839402601 0.9644144177
127.7 -110.1 2053.1 0.9772863984 0.0708542839 -0.1997271776 -0.0665766597 0.9973866343 0.0280615482 0.2011934966 -0.0141270012 0.9794496298
99.6 -506.4 2058.7 0.9771148562 -0.0944604799 -0.1905880868 0.1221204475 0.9827302098 0.1390251368 0.1741642803 -0.1591182202 0.9717757702
-138.4 -212.1 1961.5 0 0 0 0 0 0 0 0 0
200.3 -261.8 1986.3 0 0 0 0 0 0 0 0 0
-91.0 -882.9 2091.5 0 0 0 0 0 0 0 0 0
135.6 -881.8 2119.5 0 0 0 0 0 0 0 0 0
52.1 492.6 2017.1 0 0.9964216352 0.0278674830 -0.0797952935 -0.0239372402 0.9984726310 0.0497940965 0.0810610503 -0.0477058366 0.9955667853
46.4 289.8 2026.8 0.9964216352 0.0278674830 -0.0797952935 -0.0239372402 0.9984726310 0.0497940965 0.0810610503 -0.0477058366 0.9955667853
41.0 91.4 2035.1 0.9964273572 0.0271851644 -0.0799595416 -0.0237310845 0.9987568855 0.0438355319 0.0810518116 -0.0417813957 0.9958337545
-99.1 293.3 2015.0 0.1790896505 -0.8324246407 -0.5244007111 0.9813848138 0.1135741919 0.1548699439 -0.0693591759 -0.5423744917 0.8372688890
-145.8 37.8 2033.0 -0.0291873589 -0.8329694271 -0.5525487065 0.9611976147 0.1283114403 -0.2442035079 0.2743123770 -0.5382361412 0.7969031334
192.0 286.4 2038.7 0.0736191943 0.9967937469 0.0313439593 -0.9968857169 0.0726624131 0.0306434166 0.0282676388 -0.0335022919 0.9990388155
212.0 15.8 2046.3 -0.0356953926 0.9981926084 0.0483467579 -0.9766716361 -0.0245935377 -0.2133253813 -0.2117508054 -0.0548336394 0.9757842422
-55.0 -106.4 2038.3 0.9673835039 0.0537774377 -0.2475420982 -0.0399403609 0.9973634481 0.0605876967 0.2501477003 -0.0487246178 0.9669808745
-76.4 -502.7 2057.6 0.9688408971 0.0374529585 -0.2448358834 -0.0116625205 0.9943030477 0.1059504151 0.2474092096 -0.0997936875 0.9637582302
127.7 -110.2 2053.5 0.9781190157 0.0651326329 -0.1975879222 -0.0610696785 0.9977791905 0.0265935753 0.1988812238 -0.0139450496 0.9799243808
101.8 -506.7 2059.0 0.9770381451 -0.0969018713 -0.1897538751 0.1228436679 0.9838629961 0.1300884187 0.1740860045 -0.1504114121 0.9731754661
-138.2 -212.1 1961.7 0 0 0 0 0 0 0 0 0
201.8 -263.4 1985.8 0 0 0 0 0 0 0 0 0
-90.7 -882.5 2095.8 0 0 0 0 0 0 0 0 0
138.9 -882.6 2116.5 0 0 0 0 0 0 0 0 0
51.9 492.4 2019.5 1 0.9959847927 0.0235663224 -0.0863650218 -0.0198130626 0.9988323450 0.0440606214 0.0873025283 -0.0421725512 0.9952887893
47.1 289.7 2028.0 0.9959847927 0.0235663224 -0.0863650218 -0.0198130626 0.9988323450 0.0440606214 0.0873025283 -0.0421725512 0.9952887893
42.5 91.1 2035.5 0.9959791899 0.0233915299 -0.0864767954 -0.0200503636 0.9990260601 0.0393053629 0.0873119831 -0.0374134332 0.9954782128
-98.3 292.6 2015.3 0.1823060364 -0.8292697668 -0.5282766223 0.9805043340 0.1132647097 0.1605689973 -0.0733199194 -0.5472502112 0.8337514400
-145.5 39.0 2034.2 -0.0320970565 -0.8299818635 -0.5568661094 0.9594339132 0.1305537671 -0.2498846203 0.2801006734 -0.5422967672 0.7921223640
192.6 286.7 2040.8 0.0717014447 0.9971272349 0.0244170446 -0.9969566464 0.0708951727 0.0324249342 0.0306007322 -0.0266676471 0.9991758466
211.9 18.6 2049.0 -0.0376826711 0.9984299541 0.0414438434 -0.9760063887 -0.0278724730 -0.2159504592 -0.2144562751 -0.0485870466 0.9755243659
-55.8 -104.9 2036.0 0.9662033916 0.0452979207 -0.2537697256 -0.0312698856 0.9977654815 0.0590442047 0.2558772564 -0.0491133593 0.9654608965
-73.8 -501.4 2055.5 0.9669122100 0.0498612188 -0.2501891553 -0.0187122002 0.9919337034 0.1253690124 0.2544220984 -0.1165392399 0.9600458145
127.0 -109.3 2050.9 0.9770174623 0.0647537783 -0.2030856311 -0.0588367097 0.9976522923 0.0350455977 0.2048781812 -0.0222912710 0.9785336256
101.3 -505.7 2059.7 0.9757509828 -0.0990545377 -0.1951876730 0.1275599897 0.9819955826 0.1393308640 0.1778720766 -0.1608503610 0.9708185792
-137.1 -210.3 1961.4 0 0 0 0 0 0 0 0 0
201.2 -260.4 1987.7 0 0 0 0 0 0 0 0 0
-92.8 -880.3 2100.0 0 0 0 0 0 0 0 0 0
139.1 -880.9 2121.2 0 0 0 0 0 0 0 0 0
52.2 490.8 2016.1 2 0.9947776794 0.0215836335 -0.0997570679 -0.0159797557 0.9982669353 0.0566368364 0.1008066088 -0.0547469668 0.9933986068
47.8 287.2 2027.3 0.9947776794 0.0215836335 -0.0997570679 -0.0159797557 0.9982669353 0.0566368364 0.1008066088 -0.0547469668 0.9933986068
43.6 88.7 2036.5 0.9947641492 0.0213545077 -0.0999415889 -0.0166111588 0.9987065792 0.0480550826 0.1008385122 -0.0461433269 0.9938321710
-97.5 289.6 2012.6 0.1865396351 -0.8219659328 -0.5381217003 0.9785923958 0.1069811583 0.1758178771 -0.0869474187 -0.5593988299 0.8243258595
-145.4 38.3 2034.9 -0.0326170214 -0.8232145309 -0.5667926669 0.9589269161 0.1341008544 -0.2499522716 0.2817717195 -0.5516654253 0.7850286365
193.1 284.8 2042.0 0.0815016329 0.9966026545 0.0118601555 -0.9962728620 0.0811258703 0.0293089412 0.0282472018 -0.0142046772 0.9995000362
214.8 19.9 2049.5 -0.0460678153 0.9984406829 0.0315268040 -0.9755489826 -0.0381772444 -0.2164410055 -0.2148998976 -0.0407269076 0.9757865071
-53.5 -105.5 2034.9 0.9625401497 0.0461699069 -0.2671793997 -0.0311762840 0.9977058172 0.0600928105 0.2693409324 -0.0495120808 0.9617713094
-71.8 -502.0 2054.6 0.9630273581 0.0582768619 -0.2630249262 -0.0233986136 0.9907268286 0.1338388175 0.2683855593 -0.1227360293 0.9554606676
129.2 -109.2 2050.9 0.9731907248 0.0778677464 -0.2164171785 -0.0704747140 0.9966422915 0.0416831449 0.2189362794 -0.0253137108 0.9754107594
98.3 -505.3 2061.0 0.9728441238 -0.1017225385 -0.2079107463 0.1320275217 0.9816651344 0.1374855191 0.1901133507 -0.1612019241 0.9684373140
-136.9 -211.0 1961.6 0 0 0 0 0 0 0 0 0
201.6 -258.9 1988.1 0 0 0 0 0 0 0 0 0
-94.1 -880.5 2101.5 0 0 0 0 0 0 0 0 0
137.1 -880.4 2122.6 0 0 0 0 0 0 0 0 0
53.1 490.9 2013.9 3 0.9953637123 0.0221224297 -0.0936040580 -0.0163086578 0.9979163408 0.0624255911 0.0947900265 -0.0606096089 0.9936504960
48.6 287.8 2026.3 0.9953637123 0.0221224297 -0.0936040580 -0.0163086578 0.9979163408 0.0624255911 0.0947900265 -0.0606096089 0.9936504960
44.5 89.4 2036.3 0.9953766465 0.0205778014 -0.0938183218 -0.0157027785 0.9985023141 0.0524077080 0.0947562456 -0.0506922007 0.9942089915
-96.8 290.1 2012.4 0.1874925345 -0.8244723678 -0.5339399576 0.9785147905 0.1093113869 0.1748136580 -0.0857633054 -0.5552444458 0.8272534609
-145.6 35.5 2034.7 -0.0351299271 -0.8255122304 -0.5632898211 0.9585511088 0.1316326261 -0.2526908219 0.2827467024 -0.5488191247 0.7866714001
194.0 285.5 2040.1 0.0797357038 0.9966524243 0.0180583876 -0.9963088632 0.0791042224 0.0333344117 0.0317943320 -0.0206496734 0.9992811084
215.6 15.7 2048.7 -0.0404973999 0.9984827042 0.0373134464 -0.9760186672 -0.0315371156 -0.2153902352 -0.2138866633 -0.0451413654 0.9758149385
-51.9 -108.2 2036.4 0.9639003277 0.0510107465 -0.2613312304 -0.0357864238 0.9973911643 0.0626910180 0.2638473809 -0.0510757826 0.9632111788
-72.2 -504.6 2056.7 0.9638747573 0.0602050200 -0.2594625950 -0.0362110771 0.9946947694 0.0962862372 0.2638829947 -0.0834124535 0.9609412551
130.5 -111.2 2054.9 0.9741165042 0.0787788481 -0.2118748128 -0.0747249722 0.9968362451 0.0270857327 0.2133382857 -0.0105523197 0.9769213796
99.2 -507.4 2059.1 0.9750878215 -0.0968962088 -0.1995366663 0.1298345178 0.9786679745 0.1592230797 0.1798520237 -0.1811632216 0.9668676853
-136.4 -213.7 1961.2 0 0 0 0 0 0 0 0 0
204.1 -263.3 1987.6 0 0 0 0 0 0 0 0 0
-95.2 -884.4 2088.5 0 0 0 0 0 0 0 0 0
136.3 -881.3 2128.3 0 0 0 0 0 0 0 0 0
52.3 490.0 2013.4 4 0.9962912202 0.0234862119 -0.0827783048 -0.0182293784 0.9978026748 0.0636982992 0.0840924531 -0.0619530603 0.9945302010
47.6 287.6 2025.9 0.9962912202 0.0234862119 -0.0827783048 -0.0182293784 0.9978026748 0.0636982992 0.0840924531 -0.0619530603 0.9945302010
43.0 89.2 2036.5 0.9962877631 0.0229115803 -0.0829806104 -0.0183777399 0.9983174801 0.0549949296 0.0841010138 -0.0532657802 0.9950325489
-98.0 290.3 2013.6 0.1789962798 -0.8307532072 -0.5270763636 0.9805492163 0.1067903042 0.1646787524 -0.0805207491 -0.5463011861 0.8337094188
-144.4 35.9 2034.5 -0.0366783142 -0.8317226768 -0.5539783835 0.9586688280 0.1272309721 -0.2544923127 0.2821502388 -0.5404161811 0.7926800251
193.1 284.9 2038.2 0.0849678889 0.9959815145 0.0283071995 -0.9955720305 0.0837179273 0.0427506939 0.0402090810 -0.0318142921 0.9986847043
216.0 16.6 2049.0 -0.0388086066 0.9980452061 0.0489866473 -0.9769097567 -0.0275879372 -0.2118637860 -0.2100981921 -0.0560776740 0.9760707021
-50.8 -107.6 2037.7 0.9659094214 0.0634160265 -0.2509928346 -0.0492924489 0.9968476295 0.0621693991 0.2541441321 -0.0476779565 0.9659904838
-76.0 -503.7 2056.7 0.9680374265 0.0192513037 -0.2500657439 -0.0001093324 0.9970820546 0.0763370916 0.2508056760 -0.0738698170 0.9652149081
131.7 -110.4 2055.1 0.9762203097 0.0790546313 -0.2018521279 -0.0759731531 0.9968450069 0.0229805801 0.2030320019 -0.0070987665 0.9791463614
100.3 -506.6 2057.9 0.9762657881 -0.1048824266 -0.1894855648 0.1353778988 0.9784503579 0.1559093446 0.1690500677 -0.1778611094 0.9694263935
-134.9 -213.3 1961.2 0 0 0 0 0 0 0 0 0
204.9 -262.7 1989.0 0 0 0 0 0 0 0 0 0
-83.4 -884.2 2084.9 0 0 0 0 0 0 0 0 0
140.4 -880.5 2125.9 0 0 0 0 0 0 0 0 0
52.9 492.9 2018.6 5 0.9965630174 0.0287383609 -0.0776937455 -0.0251766238 0.9986037016 0.0464405939 0.0789198875 -0.0443249121 0.9958950281
47.0 289.7 2027.6 0.9965630174 0.0287383609 -0.0776937455 -0.0251766238 0.9986037016 0.0464405939 0.0789198875 -0.0443249121 0.9958950281
40.9 91.3 2035.7 0.9964993596 0.0306313485 -0.0777864009 -0.0273167975 0.9986875653 0.0433234647 0.0790113658 -0.0410469286 0.9960283041
-98.6 293.7 2016.0 0.1727213860 -0.8343750834 -0.5234363079 0.9826781154 0.1097356901 0.1493377686 -0.0671640709 -0.5401632190 0.8388758302
-144.3 33.7 2033.8 -0.0455785617 -0.8347957730 -0.5486698151 0.9586254954 0.1179454625 -0.2590868771 0.2809977531 -0.5377777219 0.7948807478
192.6 285.8 2039.1 0.0888012424 0.9955167174 0.0325692445 -0.9953511953 0.0874674916 0.0403162539 0.0372867584 -0.0359979682 0.9986560345
217.0 12.5 2049.3 -0.0329154655 0.9980147481 0.0536950864 -0.9776267409 -0.0209824126 -0.2092981637 -0.2077559978 -0.0593828969 0.9763765335
-52.9 -107.5 2039.4 0.9678915143 0.0550134219 -0.2452744991 -0.0410609990 0.9972532392 0.0616440848 0.2479920387 -0.0495935678 0.9674918056
-74.8 -503.8 2059.1 0.9693042636 0.0232570227 -0.2447618395 -0.0060678469 0.9974756837 0.0707492903 0.2457893938 -0.0670924112 0.9669985175
129.8 -110.8 2054.8 0.9781097770 0.0723354667 -0.1951123774 -0.0665864274 0.9971355796 0.0358738340 0.1971484423 -0.0220967140 0.9801245928
101.1 -507.1 2063.6 0.9760079384 -0.1081385836 -0.1889830828 0.1308851093 0.9850142002 0.1123214886 0.1740047336 -0.1343617290 0.9755353928
-132.4 -215.5 1960.8 0 0 0 0 0 0 0 0 0
207.6 -267.0 1990.0 0 0 0 0 0 0 0 0 0
-83.7 -884.7 2084.7 0 0 0 0 0 0 0 0 0
142.4 -883.1 2114.9 0 0 0 0 0 0 0 0 0
51.0 494.7 2021.2 6 0.9971331358 0.0298757814 -0.0695191696 -0.0269255172 0.9987123609 0.0429951474 0.0707141683 -0.0410000458 0.9966536760
44.9 292.6 2029.5 0.9971331358 0.0298757814 -0.0695191696 -0.0269255172 0.9987123609 0.0429951474 0.0707141683 -0.0410000458 0.9966536760
38.9 94.1 2036.6 0.9971025586 0.0305388924 -0.0696699843 -0.0279378053 0.9988868237 0.0380083360 0.0707531646 -0.0359517820 0.9968457818
-100.7 296.7 2019.1 0.1708955467 -0.8389729857 -0.5166420937 0.9832281470 0.1113154516 0.1444687992 -0.0636951700 -0.5326661468 0.8439251781
-145.9 37.0 2036.0 -0.0498778298 -0.8391722441 -0.5415737629 0.9569865465 0.1150191426 -0.2663594484 0.2858127952 -0.5315642357 0.7973396778
190.6 288.5 2039.8 0.0893520191 0.9951798916 0.0404129550 -0.9954035282 0.0878207833 0.0382015556 0.0344683230 -0.0436405838 0.9984525442
215.4 12.5 2049.3 -0.0268641710 0.9977490902 0.0614418685 -0.9772803783 -0.0132867135 -0.2115336359 -0.2102411240 -0.0657286122 0.9754375815
-56.6 -104.6 2036.7 0.9705314636 0.0433108620 -0.2370502800 -0.0290760882 0.9975758791 0.0632212386 0.2392138094 -0.0544657037 0.9694380760
-73.8 -501.0 2058.3 0.9710631371 0.0325244293 -0.2365977466 -0.0155255776 0.9971847534 0.0733588934 0.2383176237 -0.0675628036 0.9688343406
126.2 -109.6 2051.1 0.9808449149 0.0571239628 -0.1862258613 -0.0496628731 0.9977746010 0.0444903895 0.1883528978 -0.0343896635 0.9814991355
103.5 -506.1 2064.8 0.9792183042 -0.0913490504 -0.1810713112 0.1148748249 0.9856102467 0.1240007281 0.1671383977 -0.1422243267 0.9756213427
-132.9 -211.8 1961.7 0 0 0 0 0 0 0 0 0
207.7 -266.8 1989.3 0 0 0 0 0 0 0 0 0
-86.2 -882.0 2084.1 0 0 0 0 0 0 0 0 0
138.4 -882.5 2119.1 0 0 0 0 0 0 0 0 0
51.3 495.1 2022.0 7 0.9979025722 0.0253590383 -0.0595601089 -0.0229846500 0.9989265203 0.0402177721 0.0605160594 -0.0387644507 0.9974142313
46.2 293.1 2029.8 0.9979025722 0.0253590383 -0.0595601089 -0.0229846500 0.9989265203 0.0402177721 0.0605160594 -0.0387644507 0.9974142313
41.0 94.5 2036.5 0.9978775978 0.0260218233 -0.0596920773 -0.0239548180 0.9990971684 0.0350859426 0.0605511852 -0.0335815623 0.9976000190
-99.6 296.5 2021.0 0.1783836931 -0.8426013589 -0.5081360340 0.9822169542 0.1217521578 0.1429203153 -0.0585581958 -0.5245944858 0.8493359685
-146.4 39.1 2036.3 -0.0438451357 -0.8422492146 -0.5373023748 0.9600094557 0.1133372784 -0.2560010552 0.2765130699 -0.5270397663 0.8035979271
191.9 289.6 2038.6 0.0916022658 0.9945396185 0.0500000641 -0.9951689243 0.0896479860 0.0400251150 0.0353241563 -0.0534249023 0.9979468584
217.0 16.8 2048.3 -0.0246751420 0.9972067475 0.0704973415 -0.9798135161 -0.0101300655 -0.1996567100 -0.1983848810 -0.0740008131 0.9773266315
-58.7 -101.8 2037.3 0.9731922150 0.0341025144 -0.2274508476 -0.0210596137 0.9980045557 0.0595267639 0.2290269881 -0.0531409569 0.9719684720
-72.2 -498.4 2058.4 0.9733322859 0.0328895114 -0.2270298600 -0.0170516763 0.9973039031 0.0713734031 0.2287651896 -0.0655987933 0.9712688923
124.2 -106.9 2050.2 0.9832315445 0.0451273099 -0.1766897440 -0.0394184776 0.9985852242 0.0356895290 0.1780503392 -0.0281262286 0.9836193323
106.3 -503.7 2061.4 0.9827136993 -0.0723388866 -0.1704137921 0.0982651561 0.9839448929 0.1489846557 0.1569003910 -0.1631549895 0.9740445018
-135.0 -210.4 1964.4 0 0 0 0 0 0 0 0 0
210.0 -263.2 1991.6 0 0 0 0 0 0 0 0 0
-84.8 -879.5 2083.4 0 0 0 0 0 0 0 0 0
133.9 -879.5 2123.7 0 0 0 0 0 0 0 0 0
52.1 494.4 2022.9 8 0.9976246357 0.0251465049 -0.0641301870 -0.0229126811 0.9991129041 0.0353334695 0.0649618059 -0.0337801464 0.9973158240
47.0 291.5 2029.7 0.9976246357 0.0251465049 -0.0641301870 -0.0229126811 0.9991129041 0.0353334695 0.0649618059 -0.0337801464 0.9973158240
41.4 93.0 2035.9 0.9975402951 0.0281308461 -0.0642027855 -0.0260767732 0.9991279244 0.0326104276 0.0650641546 -0.0308560133 0.9974039197
-98.8 295.3 2020.2 0.1875740439 -0.8400199413 -0.5090996623 0.9799224734 0.1243699566 0.1558334976 -0.0675865337 -0.5281085372 0.8464829922
-147.4 41.2 2037.7 -0.0440168642 -0.8396673799 -0.5413143039 0.9591778517 0.1159939989 -0.2579210997 0.2793571353 -0.5305695534 0.8002846837
192.7 287.7 2039.2 0.1068584472 0.9932299256 0.0455584303 -0.9937701225 0.1052331328 0.0367008634 0.0316581428 -0.0491964035 0.9982872605
221.7 18.1 2047.8 -0.0450467020 0.9965125918 0.0702382326 -0.9779525995 -0.0296377353 -0.2067130953 -0.2039104998 -0.0780014023 0.9758771658
-55.7 -101.8 2037.6 0.9719248414 0.0408524387 -0.2317178249 -0.0277762171 0.9978467226 0.0594174191 0.2336462140 -0.0513130203 0.9709667563
-71.9 -498.4 2058.0 0.9720495343 0.0452987999 -0.2303642035 -0.0251118112 0.9956413507 0.0898205191 0.2334288806 -0.0815251395 0.9689502716
127.3 -106.2 2048.7 0.9820417762 0.0543903336 -0.1806533039 -0.0473763272 0.9979546070 0.0429195128 0.1826182008 -0.0335900672 0.9826099277
105.7 -502.8 2062.0 0.9820486903 -0.0714982003 -0.1745518744 0.0964875519 0.9855587482 0.1391551793 0.1620817631 -0.1534992456 0.9747653604
-136.0 -208.1 1965.1 0 0 0 0 0 0 0 0 0
208.8 -261.4 1989.5 0 0 0 0 0 0 0 0 0
-89.2 -878.7 2089.1 0 0 0 0 0 0 0 0 0
133.0 -879.2 2120.7 0 0 0 0 0 0 0 0 0
52.8 493.8 2017.8 9 0.9969501495 0.0272017047 -0.0731470585 -0.0234073643 0.9983602762 0.0522389673 0.0744481012 -0.0503674671 0.9959521294
47.3 290.1 2028.1 0.9969501495 0.0272017047 -0.0731470585 -0.0234073643 0.9983602762 0.0522389673 0.0744481012 -0.0503674671 0.9959521294
41.6 91.6 2036.9 0.9968971610 0.0286551379 -0.0733136088 -0.0253004730 0.9986078739 0.0462843813 0.0745378286 -0.0442859009 0.9962343574
-98.4 293.7 2017.2 0.1780252159 -0.8364036679 -0.5183974504 0.9811151028 0.1103797033 0.1588380486 -0.0756321773 -0.5368847251 0.8402586579
-145.0 36.9 2037.0 -0.0369279794 -0.8369640708 -0.5460104346 0.9594708681 0.1230563149 -0.2535208464 0.2793778777 -0.5332431197 0.7984984517
192.9 286.4 2039.0 0.1124570444 0.9929664731 0.0370269418 -0.9928271770 0.1107629463 0.0450083651 0.0405905843 -0.0418228619 0.9983001947
223.6 15.3 2050.1 -0.0474851504 0.9967434406 0.0651738942 -0.9757570028 -0.0323320255 -0.2164552808 -0.2136431783 -0.0738722906 0.9741147161
-55.7 -103.2 2036.0 0.9697296619 0.0395685174 -0.2409538627 -0.0249578413 0.9976766706 0.0633906722 0.2429023236 -0.0554581285 0.9684641957
-71.4 -499.7 2058.1 0.9693582654 0.0553390309 -0.2393367887 -0.0320784114 0.9944686294 0.1000157818 0.2435477078 -0.0892735794 0.9657715559
127.3 -107.9 2047.9 0.9804474115 0.0515831336 -0.1899002045 -0.0425817482 0.9977810979 0.0511822030 0.1921189874 -0.0420951732 0.9804683924
106.8 -504.4 2064.7 0.9808599353 -0.0615710840 -0.1847234666 0.0877984092 0.9866247773 0.1373425126 0.1737964302 -0.1509321928 0.9731465578
-135.4 -212.5 1964.4 0 0 0 0 0 0 0 0 0
210.0 -263.6 1989.0 0 0 0 0 0 0 0 0 0
-92.6 -879.6 2092.2 0 0 0 0 0 0 0 0 0
130.3 -881.4 2122.3 0 0 0 0 0 0 0 0 0
50.8 494.1 2025.3 0 0.9978196621 0.0226671565 -0.0619852059 -0.0207911767 0.9993110299 0.0307443682 0.0626393855 -0.0293885898 0.9976034164
46.2 291.0 2031.3 0.9978196621 0.0226671565 -0.0619852059 -0.0207911767 0.9993110299 0.0307443682 0.0626393855 -0.0293885898 0.9976034164
40.9 92.5 2036.8 0.9977260232 0.0263967570 -0.0620164797 -0.0246055927 0.9992627501 0.0294705033 0.0627486855 -0.0278775338 0.9976399541
-99.6 294.6 2022.1 0.1678271741 -0.8430539966 -0.5109735131 0.9843980670 0.1155222654 0.1327216178 -0.0528626703 -0.5252756476 0.8492885232
-143.9 34.4 2036.1 -0.0338346064 -0.8431886435 -0.5365520716 0.9614248872 0.1191753000 -0.2479101270 0.2729787529 -0.5242424607 0.8066303134
191.9 287.5 2040.4 0.1187457293 0.9918105602 0.0470237210 -0.9923502207 0.1169331223 0.0395935960 0.0337707177 -0.0513655692 0.9981087446
225.0 11.5 2049.8 -0.0487769879 0.9959261417 0.0758414418 -0.9759700894 -0.0313787609 -0.2156334519 -0.2123751938 -0.0845369250 0.9735246897
-55.6 -104.5 2038.9 0.9724096656 0.0410846360 -0.2296333909 -0.0289715845 0.9980173111 0.0558757074 0.2314737290 -0.0476812348 0.9716719389
-71.9 -501.1 2057.8 0.9723595977 0.0519249476 -0.2276413441 -0.0299391765 0.9946376681 0.0989928320 0.2315608412 -0.0894412398 0.9687000513
127.3 -109.1 2052.5 0.9826057553 0.0536064319 -0.1777983010 -0.0447397232 0.9975644350 0.0535120927 0.1802338511 -0.0446266457 0.9826109409
106.0 -505.6 2070.3 0.9815765619 -0.0766284317 -0.1750302017 0.0953494832 0.9902889729 0.1011741012 0.1655776650 -0.1159991622 0.9793509245
-135.1 -215.5 1965.1 0 0 0 0 0 0 0 0 0
211.0 -267.5 1989.1 0 0 0 0 0 0 0 0 0
-91.7 -881.2 2092.0 0 0 0 0 0 0 0 0 0
135.2 -883.7 2114.6 0 0 0 0 0 0 0 0 0
52.1 493.5 2024.0 1 0.9985069036 0.0303138830 -0.0454429165 -0.0287994798 0.9990197420 0.0336177573 0.0464174561 -0.0322588272 0.9984011054
45.9 290.6 2030.6 0.9985069036 0.0303138830 -0.0454429165 -0.0287994798 0.9990197420 0.0336177573 0.0464174561 -0.0322588272 0.9984011054
39.5 92.1 2036.1 0.9984345436 0.0324049108 -0.0455890335 -0.0311039370 0.9990964532 0.0289627891 0.0464863777 -0.0274994504 0.9985403419
-99.9 295.1 2023.8 0.1640722454 -0.8514871597 -0.4980461299 0.9852875471 0.1169721559 0.1246030256 -0.0478403457 -0.5111625791 0.8581516147
-143.4 34.0 2036.5 -0.0308514927 -0.8514901400 -0.5234622359 0.9618884921 0.1170654744 -0.2471157908 0.2716960311 -0.5111361742 0.8154269457
191.7 286.1 2037.4 0.1293789446 0.9896776080 0.0616384596 -0.9905573130 0.1261502057 0.0536876842 0.0453577973 -0.0680024773 0.9966535568
227.1 15.4 2049.8 -0.0651708618 0.9933884144 0.0945101678 -0.9750328660 -0.0432444625 -0.2178091705 -0.2122820765 -0.1063453332 0.9714046717
-55.9 -103.8 2036.6 0.9759982824 0.0455121361 -0.2129694968 -0.0320004374 0.9972752333 0.0664684549 0.2154143304 -0.0580579825 0.9747953415
-73.9 -500.1 2059.6 0.9763467908 0.0444151461 -0.2115991265 -0.0247690808 0.9952064157 0.0946082547 0.2147868574 -0.0871293545 0.9727666974
127.1 -108.3 2048.1 0.9851930737 0.0587919429 -0.1610532850 -0.0496311784 0.9969440103 0.0603277460 0.1641078889 -0.0514412113 0.9851002097
103.8 -504.5 2068.5 0.9838357568 -0.0830565691 -0.1586468667 0.0995529369 0.9900925159 0.0990252346 0.1488503814 -0.1132183298 0.9823569655
-135.4 -216.0 1965.8 0 0 0 0 0 0 0 0 0
208.5 -263.2 1989.1 0 0 0 0 0 0 0 0 0
-90.9 -880.4 2092.9 0 0 0 0 0 0 0 0 0
135.5 -882.7 2111.8 0 0 0 0 0 0 0 0 0
52.8 495.9 2028.4 2 0.9986891747 0.0315348692 -0.0403168499 -0.0308263488 0.9993612766 0.0180764459 0.0408611372 -0.0168099292 0.9990234375
46.4 292.5 2031.8 0.9986891747 0.0315348692 -0.0403168499 -0.0308263488 0.9993612766 0.0180764459 0.0408611372 -0.0168099292 0.9990234375
39.3 94.0 2035.0 0.9985519052 0.0355868675 -0.0403438769 -0.0349136069 0.9992410541 0.0172717515 0.0409279056 -0.0158381909 0.9990365505
-99.5 297.6 2025.8 0.1733677089 -0.8535311818 -0.4913534224 0.9837911129 0.1268799454 0.1267145425 -0.0458119176 -0.5053573251 0.8616932631
-145.5 36.4 2038.0 -0.0425691567 -0.8529211879 -0.5203012228 0.9594979882 0.1102560908 -0.2592436373 0.2784807682 -0.5102637410 0.8136826158
192.2 287.4 2037.8 0.1249992102 0.9899947643 0.0654644147 -0.9911392927 0.1216113269 0.0534191839 0.0449234955 -0.0715617090 0.9964240193
226.5 16.0 2050.1 -0.0660413802 0.9930176139 0.0977474451 -0.9733587503 -0.0425562412 -0.2253036797 -0.2195707560 -0.1100226939 0.9693728089
-58.6 -103.6 2037.3 0.9775720835 0.0356529094 -0.2075613290 -0.0237978306 0.9979543686 0.0593361072 0.2092522383 -0.0530658104 0.9764207602
-72.7 -500.2 2058.3 0.9770775437 0.0517954528 -0.2064864784 -0.0343621373 0.9956032634 0.0871400833 0.2100920677 -0.0780473053 0.9745613933
124.6 -109.3 2045.8 0.9868064523 0.0498715714 -0.1540318727 -0.0378207080 0.9960609674 0.0802003220 0.1574248672 -0.0733166039 0.9848055840
104.7 -505.0 2074.9 0.9844655395 -0.0821798965 -0.1551582813 0.0919453204 0.9941406846 0.0568362474 0.1495783627 -0.0702194050 0.9862532616
-134.5 -212.9 1965.6 0 0 0 0 0 0 0 0 0
207.6 -262.2 1987.3 0 0 0 0 0 0 0 0 0
-92.5 -880.6 2088.2 0 0 0 0 0 0 0 0 0
136.1 -884.5 2101.7 0 0 0 0 0 0 0 0 0
53.2 493.8 2025.1 3 0.9990257621 0.0350772552 -0.0267791543 -0.0341825001 0.9988650084 0.0331693962 0.0279122517 -0.0322217047 0.9990909100
46.1 290.2 2031.6 0.9990257621 0.0350772552 -0.0267791543 -0.0341825001 0.9988650084 0.0331693962 0.0279122517 -0.0322217047 0.9990909100
38.3 91.7 2036.4 0.9988736510 0.0389643610 -0.0270782895 -0.0382870212 0.9989515543 0.0250980388 0.0280278269 -0.0240330230 0.9993181825
-99.9 295.8 2027.6 0.1727908105 -0.8583016396 -0.4831786752 0.9843933582 0.1338692755 0.1142308414 -0.0333617404 -0.4953759313 0.8680378199
-145.2 37.5 2036.3 -0.0395851322 -0.8575389385 -0.5128937960 0.9611941576 0.1075693145 -0.2540367544 0.2730180323 -0.5030465722 0.8200032115
192.0 284.6 2035.7 0.1280753016 0.9886057377 0.0790909305 -0.9905923605 0.1236405224 0.0586500429 0.0482029282 -0.0858584940 0.9951406121
227.0 13.7 2048.9 -0.0711927488 0.9911780357 0.1117929891 -0.9742093682 -0.0450358465 -0.2211059928 -0.2141207159 -0.1246509179 0.9688211679
-59.4 -101.4 2034.4 0.9802201986 0.0365979038 -0.1944967359 -0.0241938252 0.9975412488 0.0657730624 0.1964256763 -0.0597664602 0.9786955118
-73.9 -497.8 2058.1 0.9805986285 0.0278399643 -0.1940392703 -0.0128976945 0.9968817830 0.0778486282 0.1956015080 -0.0738356039 0.9778999686
123.8 -107.8 2041.9 0.9889273047 0.0443481170 -0.1416194737 -0.0347157344 0.9969583154 0.0697777569 0.1442832202 -0.0640887022 0.9874588251
106.1 -503.9 2067.3 0.9879567623 -0.0666838959 -0.1396235675 0.0826352239 0.9902942777 0.1117529422 0.1308162808 -0.1219448969 0.9838783145
-134.9 -212.3 1965.3 0 0 0 0 0 0 0 0 0
206.6 -264.7 1987.7 0 0 0 0 0 0 0 0 0
-84.6 -878.6 2086.3 0 0 0 0 0 0 0 0 0
131.6 -881.6 2113.8 0 0 0 0 0 0 0 0 0
54.1 493.8 2023.9 4 0.9992776513 0.0295846909 -0.0238514412 -0.0287385415 0.9989715219 0.0350704826 0.0248644594 -0.0343596935 0.9991002083
48.0 290.0 2030.9 0.9992776513 0.0295846909 -0.0238514412 -0.0287385415 0.9989715219 0.0350704826 0.0248644594 -0.0343596935 0.9991002083
41.6 91.5 2036.4 0.9991822243 0.0324897058 -0.0240675174 -0.0318097621 0.9990984201 0.0281153414 0.0249592774 -0.0273267683 0.9993149042
-97.9 294.7 2027.3 0.1779459715 -0.8580550551 -0.4817433953 0.9836859703 0.1419719756 0.1104803383 -0.0264041517 -0.4935437441 0.8693200946
-145.0 34.2 2034.3 -0.0351886451 -0.8573433161 -0.5135408640 0.9635856152 0.1071891114 -0.2449759245 0.2650744617 -0.5034609437 0.8223518729
194.0 285.4 2034.6 0.1226457730 0.9890674949 0.0818749517 -0.9910883904 0.1177391261 0.0623005480 0.0519795604 -0.0887862071 0.9946934581
227.7 13.0 2048.9 -0.0765826926 0.9905678034 0.1136247069 -0.9731695652 -0.0494619086 -0.2247097343 -0.2169701159 -0.1277849823 0.9677783847
-61.0 -103.2 2038.6 0.9810209274 0.0263537318 -0.1921027154 -0.0156143745 0.9982402921 0.0572054870 0.1932722479 -0.0531202145 0.9797061086
-71.5 -499.9 2059.8 0.9801222086 0.0512875319 -0.1916509718 -0.0378053598 0.9965890050 0.0733558387 0.1947595030 -0.0646522492 0.9787179232
122.2 -110.3 2043.8 0.9894312620 0.0402326025 -0.1393093020 -0.0317894220 0.9975503683 0.0623116866 0.1414749920 -0.0572245680 0.9882864952
106.2 -506.7 2066.5 0.9880915880 -0.0706071109 -0.1367099881 0.0873612016 0.9888364673 0.1207079366 0.1266609877 -0.1312136501 0.9832293391
-135.9 -216.2 1965.4 0 0 0 0 0 0 0 0 0
205.8 -265.2 1986.8 0 0 0 0 0 0 0 0 0
-91.1 -880.6 2084.4 0 0 0 0 0 0 0 0 0
133.1 -884.2 2116.6 0 0 0 0 0 0 0 0 0
53.4 493.2 2023.8 5 0.9991859794 0.0263566226 -0.0305399857 -0.0253166463 0.9991027117 0.0339533910 0.0314074792 -0.0331525840 0.9989566803
48.0 290.4 2030.6 0.9991859794 0.0263566226 -0.0305399857 -0.0253166463 0.9991027117 0.0339533910 0.0314074792 -0.0331525840 0.9989566803
42.4 91.8 2036.0 0.9991267920 0.0283403266 -0.0306996033 -0.0274790768 0.9992267489 0.0281218458 0.0314728469 -0.0272536930 0.9991329908
-97.9 294.4 2026.0 0.1691035926 -0.8566429615 -0.4874082208 0.9851025343 0.1312213838 0.1111480966 -0.0312558599 -0.4989426136 0.8660712242
-142.7 33.4 2034.3 -0.0290183052 -0.8562176824 -0.5157996416 0.9649983644 0.1105576009 -0.2378132492 0.2606454790 -0.5046467781 0.8230404854
194.0 286.4 2035.2 0.1305962652 0.9885507822 0.0755774230 -0.9902223945 0.1262868643 0.0592552982 0.0490324348 -0.0825769827 0.9953777194
229.6 16.1 2048.6 -0.0837823898 0.9904579520 0.1094236970 -0.9730690718 -0.0576542094 -0.2231873423 -0.2147489339 -0.1251759827 0.9686143994
-56.5 -104.1 2039.5 0.9793782234 0.0361602306 -0.1987729520 -0.0257023294 0.9981585741 0.0549438111 0.2003937215 -0.0487018451 0.9785041809
-70.9 -500.8 2058.9 0.9786598086 0.0571480878 -0.1973804086 -0.0399661325 0.9951427579 0.0899646357 0.2015630007 -0.0801562443 0.9761902094
126.8 -109.9 2044.1 0.9878345132 0.0539370850 -0.1458554566 -0.0447845422 0.9968585968 0.0653244555 0.1489206702 -0.0579976812 0.9871468544
105.3 -506.1 2067.1 0.9865527153 -0.0788546205 -0.1431630850 0.0953187719 0.9891213179 0.1120414883 0.1327706724 -0.1241809651 0.9833366871
-135.2 -217.4 1966.5 0 0 0 0 0 0 0 0 0
205.7 -262.1 1987.2 0 0 0 0 0 0 0 0 0
-92.7 -880.9 2089.5 0 0 0 0 0 0 0 0 0
135.5 -883.8 2114.6 0 0 0 0 0 0 0 0 0
53.7 492.8 2023.3 6 0.9992186427 0.0273856949 -0.0284979958 -0.0264014397 0.9990607500 0.0343590081 0.0294121765 -0.0335797742 0.9990031719
48.1 290.5 2030.1 0.9992186427 0.0273856949 -0.0284979958 -0.0264014397 0.9990607500 0.0343590081 0.0294121765 -0.0335797742 0.9990031719
42.1 92.0 2035.9 0.9991371036 0.0300992746 -0.0286187269 -0.0292347241 0.9991173744 0.0301624462 0.0295013357 -0.0292997584 0.9991351962
-97.9 294.8 2025.8 0.1680203229 -0.8581086397 -0.4851996601 0.9850944877 0.1277570128 0.1151824445 -0.0368513875 -0.4973205030 0.8667838573
-142.6 32.3 2035.6 -0.0305293947 -0.8578252196 -0.5130339861 0.9602987766 0.1172233894 -0.2531499565 0.2772980034 -0.5003944039 0.8201897740
194.1 286.3 2034.4 0.1278267503 0.9887722135 0.0773939267 -0.9903647900 0.1230616122 0.0635089278 0.0532716401 -0.0847663656 0.9949758053
228.9 16.3 2048.9 -0.0815012604 0.9904677272 0.1110462695 -0.9726939201 -0.0547522120 -0.2255409807 -0.2173110247 -0.1263959110 0.9678843021
-54.8 -104.2 2038.5 0.9796387553 0.0411606394 -0.1965037435 -0.0295176040 0.9976509213 0.0618174523 0.1985865831 -0.0547584519 0.9785524607
-71.2 -500.7 2060.3 0.9784483910 0.0664737076 -0.1954994202 -0.0506477319 0.9951039553 0.0848701224 0.2001838833 -0.0731394365 0.9770245552
128.4 -109.2 2044.3 0.9882799983 0.0520538539 -0.1435027272 -0.0420665480 0.9965333939 0.0717747584 0.1467414200 -0.0648968890 0.9870437384
107.7 -505.3 2070.1 0.9879407883 -0.0641636774 -0.1409113556 0.0811484605 0.9896564484 0.1183004454 0.1318632364 -0.1283085793 0.9829288125
-134.7 -217.3 1963.5 0 0 0 0 0 0 0 0 0
205.6 -261.8 1986.8 0 0 0 0 0 0 0 0 0
-96.6 -880.9 2088.2 0 0 0 0 0 0 0 0 0
132.2 -883.3 2119.1 0 0 0 0 0 0 0 0 0
53.1 492.8 2023.0 7 0.9993180037 0.0271081254 -0.0250729080 -0.0262058657 0.9990210533 0.0356398039 0.0260144919 -0.0349584408 0.9990501404
47.6 290.6 2030.1 0.9993180037 0.0271081254 -0.0250729080 -0.0262058657 0.9990210533 0.0356398039 0.0260144919 -0.0349584408 0.9990501404
41.9 92.1 2036.2 0.9992579222 0.0291348435 -0.0251954999 -0.0283416752 0.9991086125 0.0312845446 0.0260845106 -0.0305472463 0.9991928935
-98.3 294.8 2026.3 0.1664031893 -0.8601404428 -0.4821498096 0.9852467775 0.1252069473 0.1166705042 -0.0399845168 -0.4944508672 0.8682854176
-142.3 34.4 2036.9 -0.0266465247 -0.8600260019 -0.5095539689 0.9596389532 0.1207536235 -0.2539913356 0.2799696624 -0.4957558215 0.8220968246
193.6 286.5 2033.9 0.1319242418 0.9880181551 0.0801008642 -0.9895110130 0.1264629513 0.0698221028 0.0588557087 -0.0884719118 0.9943383336
229.5 17.2 2049.9 -0.0810252503 0.9899910092 0.1155540496 -0.9726411700 -0.0532100536 -0.2261367738 -0.2177247256 -0.1307154149 0.9672173858
-55.5 -103.9 2039.0 0.9802994132 0.0409447476 -0.1932269037 -0.0295352526 0.9976660609 0.0615638681 0.1952966452 -0.0546440184 0.9792207479
-71.8 -500.4 2060.8 0.9794690609 0.0601030365 -0.1924264431 -0.0453393683 0.9957445264 0.0802319944 0.1964297742 -0.0698602647 0.9780260324
127.8 -109.2 2044.5 0.9884866476 0.0558822528 -0.1406105757 -0.0472045727 0.9968127012 0.0643127486 0.1437563449 -0.0569348298 0.9879739285
105.6 -505.4 2067.1 0.9866691828 -0.0879305750 -0.1369385868 0.1052714959 0.9865536690 0.1250188649 0.1241042912 -0.1377679855 0.9826586843
-135.4 -215.1 1964.1 0 0 0 0 0 0 0 0 0
206.4 -260.8 1987.7 0 0 0 0 0 0 0 0 0
-94.7 -880.8 2087.5 0 0 0 0 0 0 0 0 0
139.2 -882.2 2119.7 0 0 0 0 0 0 0 0 0
53.5 493.3 2022.9 8 0.9991005063 0.0294591971 -0.0305019841 -0.0284075923 0.9990059137 0.0343542658 0.0314837098 -0.0334568769 0.9989441633
47.6 291.3 2029.7 0.9991005063 0.0294591971 -0.0305019841 -0.0284075923 0.9990059137 0.0343542658 0.0314837098 -0.0334568769 0.9989441633
41.4 92.7 2035.4 0.9990469813 0.0310935341 -0.0306322593 -0.0301734135 0.9990926981 0.0300554503 0.0315389968 -0.0291025266 0.9990787506
-98.4 295.7 2025.1 0.1633094847 -0.8583814502 -0.4863242805 0.9856197834 0.1202666685 0.1186993718 -0.0434007458 -0.4987155497 0.8656784296
-141.7 34.3 2036.6 -0.0226769950 -0.8584459424 -0.5124024749 0.9608421922 0.1228669882 -0.2483666539 0.2761667073 -0.4979701340 0.8220448494
193.5 286.9 2034.3 0.1335748434 0.9882212281 0.0746764690 -0.9893038869 0.1285053343 0.0690231323 0.0586138032 -0.0830974728 0.9948161840
229.8 18.2 2050.2 -0.0844997391 0.9902010560 0.1111829728 -0.9715637565 -0.0571079515 -0.2297881097 -0.2211869955 -0.1274383813 0.9668690562
-55.6 -103.9 2039.9 0.9791030884 0.0445448719 -0.1984260529 -0.0327623673 0.9975212216 0.0622736737 0.2007081807 -0.0544714369 0.9781355262
-73.3 -500.3 2061.5 0.9790854454 0.0433873124 -0.1987693161 -0.0331701599 0.9979655147 0.0544481352 0.2007272840 -0.0467161648 0.9785326719
127.7 -109.1 2044.6 0.9879703522 0.0508603454 -0.1460405588 -0.0422935486 0.9972302914 0.0611796454 0.1487476826 -0.0542671010 0.9873850346
107.5 -505.4 2066.2 0.9875486493 -0.0669780746 -0.1423432827 0.0853598714 0.9881939888 0.1272255182 0.1321414560 -0.1377917975 0.9816069007
-135.8 -215.5 1964.8 0 0 0 0 0 0 0 0 0
205.7 -259.5 1987.0 0 0 0 0 0 0 0 0 0
-89.9 -881.5 2079.4 0 0 0 0 0 0 0 0 0
133.1 -882.8 2118.8 0 0 0 0 0 0 0 0 0
53.8 494.5 2028.3 9 0.9990546107 0.0317854583 -0.0296585169 -0.0313240550 0.9993829131 0.0158944055 0.0301454253 -0.0149503546 0.9994336963
47.3 291.5 2031.4 0.9990546107 0.0317854583 -0.0296585169 -0.0313240550 0.9993829131 0.0158944055 0.0301454253 -0.0149503546 0.9994336963
40.8 92.9 2034.2 0.9990079999 0.0331927165 -0.0296866558 -0.0327574909 0.9993503094 0.0150288371 0.0301662181 -0.0140414685 0.9994462729
-98.6 296.2 2027.0 0.1676545888 -0.8586811423 -0.4843125641 0.9852526188 0.1289017200 0.1125237048 -0.0341932587 -0.4960353374 0.8676288128
-143.2 33.9 2036.1 -0.0345799625 -0.8582219481 -0.5121125579 0.9606245756 0.1128101423 -0.2539178133 0.2756893337 -0.5007284284 0.8205281496
193.3 286.7 2035.8 0.1347639710 0.9880923033 0.0742448270 -0.9893925786 0.1300828308 0.0646593347 0.0542314127 -0.0821710229 0.9951416254
229.8 18.5 2050.5 -0.0855915919 0.9901484251 0.1108159870 -0.9711779356 -0.0580793433 -0.2311714590 -0.2224579304 -0.1274083704 0.9665814042
-56.4 -103.0 2038.3 0.9795723557 0.0413516015 -0.1967943311 -0.0295903757 0.9976165295 0.0623347610 0.1989029199 -0.0552381910 0.9784612060
-72.8 -499.5 2060.3 0.9795032740 0.0401302576 -0.1973903328 -0.0313478932 0.9983831048 0.0474187732 0.1989740878 -0.0402590707 0.9791774750
126.9 -108.6 2044.1 0.9885529876 0.0456377082 -0.1438059658 -0.0356150493 0.9968034029 0.0715161934 0.1466101110 -0.0655758902 0.9870184064
108.7 -504.7 2070.2 0.9881380200 -0.0566035323 -0.1427562088 0.0704182386 0.9931116104 0.0936513394 0.1364718527 -0.1025930867 0.9853172302
-134.2 -215.7 1964.4 0 0 0 0 0 0 0 0 0
205.4 -259.1 1986.9 0 0 0 0 0 0 0 0 0
-88.2 -881.0 2075.7 0 0 0 0 0 0 0 0 0
130.3 -883.9 2109.4 0 0 0 0 0 0 0 0 0
53.5 494.8 2025.5 0 0.9992187023 0.0310238004 -0.0244850162 -0.0303996149 0.9992133379 0.0254659224 0.0252558049 -0.0247016903 0.9993758202
47.2 291.0 2030.6 0.9992187023 0.0310238004 -0.0244850162 -0.0303996149 0.9992133379 0.0254659224 0.0252558049 -0.0247016903 0.9993758202
40.5 92.5 2034.6 0.9991272688 0.0337369107 -0.0246282332 -0.0332214721 0.9992263913 0.0210464187 0.0253192224 -0.0202098638 0.9994751215
-98.8 295.9 2026.9 0.1664063036 -0.8602452874 -0.4819615781 0.9856739640 0.1314910352 0.1056262776 -0.0274908766 -0.4926338792 0.8698023558
-143.0 34.2 2034.2 -0.0256936904 -0.8598902225 -0.5098319054 0.9656505585 0.1105657890 -0.2351472378 0.2585707903 -0.4983612895 0.8275126219
193.1 286.2 2034.3 0.1319417357 0.9880757332 0.0793585181 -0.9894789457 0.1264886707 0.0702280104 0.0593526363 -0.0877895877 0.9943692684
229.0 17.0 2050.4 -0.0795059428 0.9901189208 0.1155130863 -0.9713807702 -0.0509345159 -0.2320023626 -0.2238263339 -0.1306527555 0.9658321142
-57.5 -102.7 2034.2 0.9805629253 0.0430343039 -0.1914273202 -0.0286365971 0.9965923429 0.0773540139 0.1941038668 -0.0703686476 0.9784538746
-74.6 -498.7 2062.1 0.9809299707 0.0255881641 -0.1926697195 -0.0169375278 0.9987787008 0.0464130305 0.1936220527 -0.0422645845 0.9801654220
125.8 -108.7 2039.7 0.9897451997 0.0365234353 -0.1380959600 -0.0236250013 0.9953000546 0.0939132869 0.1408769488 -0.0896877050 0.9859563112
111.3 -504.1 2075.3 0.9890792966 -0.0503307208 -0.1385241151 0.0620965883 0.9946985841 0.0819680691 0.1336642355 -0.0896747932 0.9869611263
-136.3 -216.8 1967.0 0 0 0 0 0 0 0 0 0
206.3 -260.6 1986.4 0 0 0 0 0 0 0 0 0
-84.3 -880.3 2078.3 0 0 0 0 0 0 0 0 0
130.5 -884.0 2109.6 0 0 0 0 0 0 0 0 0
53.3 496.3 2029.2 1 0.9996078014 0.0279975757 -0.0006435749 -0.0279850215 0.9994991422 0.0147745851 0.0010569051 -0.0147507805 0.9998906255
47.6 292.2 2032.2 0.9996078014 0.0279975757 -0.0006435749 -0.0279850215 0.9994991422 0.0147745851 0.0010569051 -0.0147507805 0.9998906255
41.5 93.6 2034.6 0.9995192885 0.0309940893 -0.0007144436 -0.0309828892 0.9994433522 0.0123731857 0.0010975415 -0.0123451026 0.9999231696
-98.3 296.7 2032.0 0.1642765552 -0.8709999323 -0.4630036056 0.9863623381 0.1402293742 0.0861687437 -0.0101262657 -0.4708448052 0.8821579218
-142.1 34.2 2034.7 -0.0203775596 -0.8708056211 -0.4912049472 0.9668325186 0.1079478264 -0.2314782441 0.2545970678 -0.4796298742 0.8397234678
193.6 287.7 2032.3 0.1317674816 0.9861621261 0.1006061584 -0.9890771508 0.1240323558 0.0796390995 0.0660586432 -0.1100010946 0.9917338490
229.6 17.6 2050.4 -0.0780384988 0.9874961972 0.1369716227 -0.9708110094 -0.0440169163 -0.2357721478 -0.2267950326 -0.1513728648 0.9621071815
-57.9 -103.0 2036.3 0.9850146174 0.0376624502 -0.1683083475 -0.0273936391 0.9976423383 0.0629233271 0.1702813804 -0.0573698170 0.9837239981
-72.9 -499.5 2059.1 0.9853891730 0.0322764590 -0.1672315001 -0.0173770469 0.9958078861 0.0898036510 0.1694289893 -0.0855855569 0.9818192124
125.4 -109.1 2040.9 0.9926823974 0.0386394337 -0.1144055128 -0.0281886272 0.9953970909 0.0915971920 0.1174181774 -0.0877019912 0.9892023802
110.0 -504.7 2075.8 0.9917623401 -0.0575630479 -0.1144288331 0.0681638718 0.9935156703 0.0909959897 0.1084488332 -0.0980463102 0.9892551899
-136.8 -217.0 1968.5 0 0 0 0 0 0 0 0 0
207.3 -259.9 1985.5 0 0 0 0 0 0 0 0 0
-85.2 -879.6 2091.8 0 0 0 0 0 0 0 0 0
132.0 -884.2 2113.2 0 0 0 0 0 0 0 0 0
54.7 496.3 2032.0 2 0.9995609522 0.0263809152 -0.0134901535 -0.0262451246 0.9996040463 0.0101457909 0.0137524670 -0.0097872857 0.9998575449
49.3 293.4 2033.9 0.9995609522 0.0263809152 -0.0134901535 -0.0262451246 0.9996040463 0.0101457909 0.0137524670 -0.0097872857 0.9998575449
43.5 94.8 2035.5 0.9994756579 0.0294079911 -0.0135472408 -0.0293000285 0.9995378256 0.0081001120 0.0137791885 -0.0076989299 0.9998754263
-96.7 297.7 2031.9 0.1671405882 -0.8647298813 -0.4736097753 0.9859087467 0.1432152241 0.0864485502 -0.0069265161 -0.4813850820 0.8764818311
-141.1 35.7 2033.8 -0.0208169371 -0.8645093441 -0.5021855235 0.9660556912 0.1119726375 -0.2328058183 0.2574938536 -0.4899854660 0.8328332305
195.3 289.2 2036.0 0.1271207184 0.9879143238 0.0886880457 -0.9902561903 0.1212777197 0.0684430152 0.0568599552 -0.0965244099 0.9937051535
229.9 19.6 2051.4 -0.0708279312 0.9899602532 0.1223197058 -0.9728891850 -0.0414942913 -0.2275187969 -0.2201589942 -0.1351182014 0.9660605788
-56.4 -102.2 2037.0 0.9824880362 0.0454014353 -0.1807096750 -0.0340032429 0.9972611070 0.0656816512 0.1831967831 -0.0583867207 0.9813408852
