20.3 495.6 2161.8 0.9964407086 -0.0029859242 0.0842435285 0.0026194758 0.9999866486 0.0044600689 -0.0842557177 -0.0042235204 0.9964352250
20.9 294.7 2162.7 0.9964407086 -0.0029859242 0.0842435285 0.0026194758 0.9999866486 0.0044600689 -0.0842557177 -0.0042235204 0.9964352250
21.3 95.9 2162.5 0.9964423776 -0.0018671014 0.0842559859 0.0019307246 0.9999979138 -0.0006736409 -0.0842545554 0.0008339194 0.9964439273
-119.3 294.4 2174.5 0.1717619598 -0.7997033596 -0.5753019452 0.9851017594 0.1444689333 0.0932913721 0.0085078385 -0.5827549100 0.8126034737
-166.2 25.7 2172.2 0.0122898724 -0.8007682562 -0.5988482237 0.9420481920 0.2100680172 -0.2615656853 0.3352523744 -0.5609292388 0.7569440007
161.1 295.0 2150.8 0.1730638742 0.6513339281 0.7387915850 -0.9836471081 0.1522858292 0.0961635858 -0.0498728789 -0.7433525920 0.6670379043
209.5 20.0 2136.9 -0.0370613597 0.6529613137 0.7564839721 -0.9607841969 0.1848921329 -0.2066605389 -0.2748092711 -0.7344769835 0.6205025911
-69.8 -102.4 2169.5 0.9877502918 0.0483347103 0.1483680904 -0.0444717295 0.9985824227 -0.0292463861 -0.1495713741 0.0222899411 0.9884996414
-89.1 -499.4 2160.7 0.9848629236 -0.0762208030 0.1556772441 0.0178297702 0.9379127622 0.3464127481 -0.1724155247 -0.3383933604 0.9250745177
113.0 -102.4 2154.2 0.8715723157 -0.0156608634 -0.4900168180 -0.0051763277 0.9991400242 -0.0411392823 0.4902396798 0.0383923464 0.8707416654
119.3 -499.6 2138.9 0.8815477490 -0.0178644191 -0.4717567265 0.1601911038 0.9513165355 0.2633166611 0.4440859556 -0.3076974452 0.8414927125
-169.7 -243.6 2076.4 0 0 0 0 0 0 0 0 0
198.9 -254.8 2058.3 0 0 0 0 0 0 0 0 0
-59.9 -857.8 2290.0 0 0 0 0 0 0 0 0 0
126.1 -863.2 2256.5 0 0 0 0 0 0 0 0 0
20.6 495.5 2162.3 0.9961346984 -0.0032779090 0.0877776965 0.0029401302 0.9999877810 0.0039771288 -0.0877896622 -0.0037036780 0.9961321354
21.3 294.6 2163.1 0.9961346984 -0.0032779090 0.0877776965 0.0029401302 0.9999877810 0.0039771288 -0.0877896622 -0.0037036780 0.9961321354
21.5 95.8 2162.7 0.9961380363 -0.0013454347 0.0877906904 0.0014955587 0.9999975562 -0.0016442694 -0.0877882615 0.0017692156 0.9961375594
-118.9 294.4 2175.4 0.1734635383 -0.8010752797 -0.5728776455 0.9847506881 0.1489311457 0.0899202153 0.0132864658 -0.5797395110 0.8146935105
-166.3 25.4 2171.8 0.0142539693 -0.8017855287 -0.5974418521 0.9431707859 0.2091738880 -0.2582153976 0.3320026100 -0.5598090887 0.7592022419
161.4 294.8 2150.7 0.1716974378 0.6494523287 0.7407642007 -0.9840397835 0.1487461627 0.0976742133 -0.0467510857 -0.7457118630 0.6646263003
209.4 20.0 2137.6 -0.0331698470 0.6512447000 0.7581425309 -0.9614313841 0.1864379644 -0.2022143155 -0.2730375528 -0.7356094122 0.6199429631
-69.8 -103.1 2170.1 0.9871108532 0.0495913178 0.1521604657 -0.0464489944 0.9986289740 -0.0241390988 -0.1531489342 0.0167602655 0.9880609512
-89.5 -500.1 2163.4 0.9838775992 -0.0802529454 0.1598257869 0.0223448370 0.9418241382 0.3353624940 -0.1774416119 -0.3263843656 0.9284329414
113.1 -102.7 2154.6 0.8732737899 -0.0154409753 -0.4869850576 -0.0041339397 0.9992269278 -0.0390958600 0.4872122407 0.0361545570 0.8725348711
119.2 -500.0 2140.3 0.8824610114 -0.0190849025 -0.4699982405 0.1572038084 0.9536911249 0.2564374208 0.4433390796 -0.3001815379 0.8445954919
-170.4 -244.3 2076.8 0 0 0 0 0 0 0 0 0
199.9 -254.9 2059.6 0 0 0 0 0 0 0 0 0
-58.8 -860.1 2288.2 0 0 0 0 0 0 0 0 0
126.5 -864.6 2255.0 0 0 0 0 0 0 0 0 0
20.3 494.9 2162.0 0.9962276816 -0.0049648006 0.0866359025 0.0045721307 0.9999783635 0.0047302558 -0.0866575092 -0.0043163011 0.9962288141
21.3 294.2 2162.9 0.9962276816 -0.0049648006 0.0866359025 0.0045721307 0.9999783635 0.0047302558 -0.0866575092 -0.0043163011 0.9962288141
21.7 95.4 2162.4 0.9962348342 -0.0024259046 0.0866616443 0.0026295458 0.9999940395 -0.0022357646 -0.0866557062 0.0024552273 0.9962353110
-119.0 293.9 2175.1 0.1743129641 -0.8004949093 -0.5734307766 0.9846142530 0.1489323527 0.0913997740 0.0122373393 -0.5805402994 0.8141395450
-166.4 25.9 2171.8 0.0229593161 -0.8007953763 -0.5984977484 0.9443373680 0.2138879448 -0.2499577403 0.3281764686 -0.5594449639 0.7611317635
161.5 294.6 2150.7 0.1717936248 0.6506158113 0.7397202253 -0.9841293097 0.1472284794 0.0990617350 -0.0444567464 -0.7449985147 0.6655830145
209.4 19.9 2138.3 -0.0288949423 0.6525644660 0.7571821213 -0.9609391689 0.1904519051 -0.2008082718 -0.2752470970 -0.7334082723 0.6215716600
-69.6 -103.2 2170.4 0.9872739315 0.0491033085 0.1512582451 -0.0465009771 0.9987038374 -0.0206961222 -0.1520784348 0.0133990860 0.9882776141
-89.1 -500.2 2165.1 0.9836077690 -0.0851724818 0.1589383930 0.0301407408 0.9466746449 0.3207781315 -0.1777844280 -0.3107293546 0.9337236881
113.2 -102.9 2154.3 0.8727504015 -0.0155831426 -0.4879179001 -0.0051608612 0.9991399646 -0.0411419310 0.4881393909 0.0384247154 0.8719193935
119.4 -500.2 2139.0 0.8813735247 -0.0219647419 -0.4719091952 0.1560784578 0.9563656449 0.2469905317 0.4458926320 -0.2913457751 0.8463435173
-173.0 -244.1 2077.9 0 0 0 0 0 0 0 0 0
201.2 -254.9 2059.6 0 0 0 0 0 0 0 0 0
-56.6 -862.1 2283.8 0 0 0 0 0 0 0 0 0
127.8 -865.7 2250.4 0 0 0 0 0 0 0 0 0
20.6 493.5 2162.4 0.9963252544 -0.0043297159 0.0855408460 0.0040885359 0.9999871850 0.0029944640 -0.0855527148 -0.0026337234 0.9963301420
21.4 293.2 2162.9 0.9963252544 -0.0043297159 0.0855408460 0.0040885359 0.9999871850 0.0029944640 -0.0855527148 -0.0026337234 0.9963301420
21.7 94.4 2162.2 0.9963316917 -0.0016031472 0.0855602026 0.0019121800 0.9999919534 -0.0035300436 -0.0855538547 0.0036807009 0.9963267446
-118.8 293.0 2175.0 0.1762985885 -0.8003281355 -0.5730564594 0.9843177199 0.1469584852 0.0975799486 0.0061195362 -0.5812728405 0.8136857152
-166.6 26.0 2173.3 0.0239675250 -0.8008412123 -0.5983969569 0.9413456917 0.2196098417 -0.2562026381 0.3365914822 -0.5571578741 0.7591319084
161.7 293.5 2150.9 0.1721403748 0.6522175670 0.7382275462 -0.9842857718 0.1438267827 0.1024466977 -0.0393593498 -0.7442620993 0.6667268872
209.5 19.9 2140.0 -0.0267657377 0.6543122530 0.7557507157 -0.9610846043 0.1911024153 -0.1994901150 -0.2749545872 -0.7316798568 0.6237344146
-69.2 -103.6 2169.9 0.9876085520 0.0458177105 0.1501001120 -0.0428297296 0.9988157153 -0.0230808798 -0.1509798616 0.0163661279 0.9884013534
-87.4 -500.7 2163.4 0.9856436849 -0.0631724149 0.1565750390 0.0073102582 0.9424626231 0.3342316151 -0.1686803401 -0.3282886744 0.9293941259
113.6 -103.1 2154.0 0.8721797466 -0.0140111875 -0.4889848828 -0.0046188561 0.9993093014 -0.0368722714 0.4891637564 0.0344177969 0.8715125918
119.2 -500.5 2140.3 0.8807462454 -0.0189115778 -0.4732107818 0.1524535865 0.9573363662 0.2454892993 0.4483792782 -0.2883564532 0.8460535407
-173.5 -243.2 2077.1 0 0 0 0 0 0 0 0 0
201.9 -255.0 2061.3 0 0 0 0 0 0 0 0 0
-63.3 -860.9 2288.8 0 0 0 0 0 0 0 0 0
126.4 -866.5 2250.5 0 0 0 0 0 0 0 0 0
20.2 493.0 2162.6 0.9969895482 -0.0024922260 0.0774962083 0.0023889488 0.9999961257 0.0014253524 -0.0774994642 -0.0012359270 0.9969916344
20.7 292.7 2162.8 0.9969895482 -0.0024922260 0.0774962083 0.0023889488 0.9999961257 0.0014253524 -0.0774994642 -0.0012359270 0.9969916344
20.8 93.9 2162.1 0.9969918728 -0.0005157797 0.0775042549 0.0008225130 0.9999919534 -0.0039257617 -0.0775016099 0.0039777006 0.9969843030
-119.6 292.6 2173.8 0.1728566736 -0.7968945503 -0.5788606405 0.9849469662 0.1398583353 0.1015828550 0.0000076691 -0.5877063274 0.8090743423
-166.6 24.8 2173.7 0.0237745140 -0.7978392243 -0.6024013162 0.9404335618 0.2222654969 -0.2572600245 0.3391451836 -0.5604022145 0.7555990815
161.0 292.8 2151.9 0.1737019420 0.6575953960 0.7330729365 -0.9838962555 0.1477352828 0.1006102413 -0.0421399064 -0.7387439013 0.6726675630
209.4 18.6 2140.2 -0.0284409299 0.6596232057 0.7510581613 -0.9595867991 0.1924287677 -0.2053396404 -0.2799719870 -0.7265455723 0.6274928451
-69.4 -104.6 2169.3 0.9886258841 0.0497474223 0.1419297010 -0.0464082696 0.9985645413 -0.0267427731 -0.1430563480 0.0198518876 0.9895154238
-89.1 -501.6 2161.4 0.9854572415 -0.0791825876 0.1503469348 0.0256250054 0.9439225197 0.3291712105 -0.1679804772 -0.3205314875 0.9322242737
113.5 -104.2 2153.6 0.8681162596 -0.0139868222 -0.4961638451 -0.0000424073 0.9996008277 -0.0282528717 0.4963609278 0.0245478190 0.8677691221
119.0 -501.7 2143.9 0.8750725985 -0.0248882640 -0.4833513498 0.1529453546 0.9617211819 0.2273764610 0.4591902494 -0.2728972733 0.8453823924
-173.4 -244.1 2076.8 0 0 0 0 0 0 0 0 0
201.3 -255.8 2060.1 0 0 0 0 0 0 0 0 0
-58.9 -862.3 2283.9 0 0 0 0 0 0 0 0 0
128.6 -869.3 2248.2 0 0 0 0 0 0 0 0 0
20.4 491.5 2162.7 0.9976652861 0.0002524298 0.0682932064 -0.0003839024 0.9999980927 0.0019120022 -0.0682925954 -0.0019337562 0.9976634383
20.3 291.3 2163.1 0.9976652861 0.0002524298 0.0682932064 -0.0003839024 0.9999980927 0.0019120022 -0.0682925954 -0.0019337562 0.9976634383
19.9 92.5 2162.2 0.9976633787 0.0021995371 0.0682853386 -0.0018960076 0.9999880195 -0.0045095105 -0.0682944357 0.0043695038 0.9976556301
-120.1 291.6 2172.7 0.1714603454 -0.7919182181 -0.5860604644 0.9851906896 0.1373254806 0.1026695669 -0.0008248648 -0.5949850678 0.8037363291
-166.6 24.3 2172.9 0.0256205145 -0.7928258777 -0.6089094281 0.9420644045 0.2229332179 -0.2506301403 0.3344522119 -0.5672106147 0.7526047230
160.8 291.1 2153.5 0.1724369526 0.6632636786 0.7282491326 -0.9836494327 0.1549441069 0.0917937383 -0.0519544482 -0.7321704626 0.6791370511
208.9 16.6 2139.0 -0.0260846410 0.6645035744 0.7468296885 -0.9617410898 0.1871290952 -0.2000919729 -0.2727153897 -0.7234761119 0.6341992021
-70.6 -105.0 2168.4 0.9899214506 0.0476657972 0.1333548427 -0.0461146347 0.9988279939 -0.0146981431 -0.1338991374 0.0084003983 0.9909593463
-89.5 -502.1 2165.0 0.9865183830 -0.0820118263 0.1416174471 0.0321438834 0.9456148148 0.3236964643 -0.1604624838 -0.3147803843 0.9355025887
112.4 -104.9 2154.1 0.8634402156 -0.0168755688 -0.5041688681 0.0011247705 0.9995021820 -0.0315291099 0.5044499636 0.0266564284 0.8630293608
119.1 -502.3 2143.6 0.8707864285 -0.0227045007 -0.4911369979 0.1548345685 0.9607689977 0.2301069945 0.4666447043 -0.2764190137 0.8401399851
-173.9 -245.0 2077.3 0 0 0 0 0 0 0 0 0
201.4 -258.4 2061.0 0 0 0 0 0 0 0 0 0
-58.2 -863.6 2285.4 0 0 0 0 0 0 0 0 0
127.8 -869.6 2249.2 0 0 0 0 0 0 0 0 0
20.6 493.3 2162.7 0.9978975654 -0.0018047318 0.0647861883 0.0017063589 0.9999973178 0.0015737234 -0.0647888556 -0.0014598662 0.9978979230
21.0 292.7 2163.0 0.9978975654 -0.0018047318 0.0647861883 0.0017063589 0.9999973178 0.0015737234 -0.0647888556 -0.0014598662 0.9978979230
21.1 93.9 2162.3 0.9978986382 -0.0005260920 0.0647923127 0.0007664041 0.9999929070 -0.0036841610 -0.0647899210 0.0037260763 0.9978919625
-119.4 292.6 2172.1 0.1728452593 -0.7900261879 -0.5882033110 0.9849374890 0.1357546002 0.1070923805 -0.0047544879 -0.5978538990 0.8015909791
-166.9 22.3 2173.4 0.0227246694 -0.7912877798 -0.6110215187 0.9410782456 0.2232111245 -0.2540639639 0.3374244869 -0.5692455173 0.7497361302
161.4 292.8 2153.9 0.1691859514 0.6655722857 0.7269041538 -0.9840400815 0.1553415805 0.0867992118 -0.0551472940 -0.7299880385 0.6812313795
209.5 13.4 2138.3 -0.0272534527 0.6671487689 0.7444258332 -0.9588858485 0.1929944456 -0.2080650032 -0.2824803591 -0.7194898725 0.6344597340
-72.1 -106.1 2167.6 0.9906948805 0.0401022919 0.1300595850 -0.0391015783 0.9991827607 -0.0102398340 -0.1303639263 0.0050590164 0.9914532900
-88.0 -503.4 2165.6 0.9872152209 -0.0830446035 0.1360502988 0.0370524079 0.9497354031 0.3108533919 -0.1550264806 -0.3018382192 0.9406702518
111.0 -106.4 2155.1 0.8616646528 -0.0197385419 -0.5070940852 0.0033833287 0.9994445443 -0.0331541672 0.5074668527 0.0268521067 0.8612527847
118.9 -503.8 2144.4 0.8688849807 -0.0290447939 -0.4941612482 0.1646488309 0.9583953619 0.2331718504 0.4668293893 -0.2839625776 0.8375174999
-173.4 -246.8 2077.0 0 0 0 0 0 0 0 0 0
201.7 -260.8 2057.5 0 0 0 0 0 0 0 0 0
-56.3 -866.4 2281.0 0 0 0 0 0 0 0 0 0
130.0 -870.2 2252.9 0 0 0 0 0 0 0 0 0
19.4 494.4 2163.3 0.9975397587 -0.0033153000 0.0700244159 0.0032457081 0.9999940991 0.0011075801 -0.0700276792 -0.0008775764 0.9975446463
20.1 293.4 2163.4 0.9975397587 -0.0033153000 0.0700244159 0.0032457081 0.9999940991 0.0011075801 -0.0700276792 -0.0008775764 0.9975446463
20.4 94.6 2162.8 0.9975433350 -0.0015343875 0.0700351298 0.0017703996 0.9999929667 -0.0033079644 -0.0700295568 0.0034238279 0.9975390434
-120.3 293.2 2173.3 0.1744756252 -0.7926987410 -0.5841121078 0.9846540093 0.1381429881 0.1066445112 -0.0038459795 -0.5937551856 0.8046365380
-168.4 21.6 2174.3 0.0263604857 -0.7936924696 -0.6077477932 0.9399409294 0.2266503721 -0.2552266121 0.3403176963 -0.5645191073 0.7519987226
160.5 293.7 2153.6 0.1734016240 0.6610482335 0.7300322652 -0.9832242727 0.1587871611 0.0897586718 -0.0565849431 -0.7333498001 0.6774926186
209.8 13.8 2137.5 -0.0320592187 0.6623011827 0.7485514879 -0.9601829052 0.1875483096 -0.2070614845 -0.2775266469 -0.7253845930 0.6299176216
-70.4 -105.0 2167.5 0.9898074269 0.0461879261 0.1347142756 -0.0434876718 0.9987910390 -0.0229201186 -0.1356100440 0.0168280937 0.9906193614
-88.7 -502.1 2160.8 0.9867182970 -0.0783540905 0.1422941238 0.0254836213 0.9397958517 0.3407849073 -0.1604293138 -0.3326325417 0.9293105006
112.8 -104.8 2155.6 0.8644566536 -0.0155937020 -0.5024654865 -0.0034711412 0.9993097782 -0.0369848087 0.5026954412 0.0337158926 0.8638058305
119.0 -502.2 2142.2 0.8730885386 -0.0248578116 -0.4869276583 0.1626373082 0.9563468099 0.2427959889 0.4596363306 -0.2911749780 0.8390182257
-176.0 -247.1 2077.0 0 0 0 0 0 0 0 0 0
200.7 -260.8 2058.1 0 0 0 0 0 0 0 0 0
-58.8 -861.1 2287.9 0 0 0 0 0 0 0 0 0
128.5 -867.8 2253.5 0 0 0 0 0 0 0 0 0
20.8 493.9 2163.0 0.9970171452 -0.0008043862 0.0771762356 0.0005576253 0.9999946356 0.0032188648 -0.0771784112 -0.0031662281 0.9970122576
21.0 293.5 2163.7 0.9970171452 -0.0008043862 0.0771762356 0.0005576253 0.9999946356 0.0032188648 -0.0771784112 -0.0031662281 0.9970122576
20.8 94.7 2163.3 0.9970172048 0.0007036292 0.0771764889 -0.0005606352 0.9999980927 -0.0018744691 -0.0771776661 0.0018256101 0.9970156550
-119.3 293.6 2174.5 0.1758459508 -0.7959929705 -0.5792006850 0.9844175577 0.1425009072 0.1030318439 0.0005240019 -0.5882930756 0.8086476326
-167.8 22.4 2174.4 0.0262197554 -0.7967507243 -0.6037389636 0.9397882223 0.2255119234 -0.2567927241 0.3407501280 -0.5606537461 0.7546898127
161.3 293.4 2152.8 0.1750686020 0.6564983130 0.7337308526 -0.9833135009 0.1540197879 0.0968115032 -0.0494524725 -0.7384361029 0.6725077033
210.7 15.8 2138.8 -0.0396744870 0.6580004692 0.7519716620 -0.9601865411 0.1831630021 -0.2109338194 -0.2765279412 -0.7304017544 0.6245362759
-70.8 -104.3 2168.5 0.9887537360 0.0470400937 0.1419622898 -0.0450171530 0.9988341331 -0.0174297988 -0.1426166743 0.0108430414 0.9897186160
-89.5 -501.5 2164.2 0.9856207967 -0.0788727477 0.1494345516 0.0245262291 0.9417865872 0.3353155851 -0.1671827137 -0.3268289566 0.9301788807
112.2 -104.0 2155.6 0.8680260181 -0.0171020143 -0.4962241352 -0.0044550449 0.9990981221 -0.0422262549 0.4964987636 0.0388641879 0.8671669960
119.0 -501.3 2140.2 0.8769367933 -0.0224006083 -0.4800833762 0.1599693894 0.9555597901 0.2476193309 0.4532015324 -0.2939451635 0.8415489197
-175.3 -246.3 2076.9 0 0 0 0 0 0 0 0 0
199.4 -258.8 2059.8 0 0 0 0 0 0 0 0 0
-59.4 -861.4 2289.1 0 0 0 0 0 0 0 0 0
127.6 -866.6 2252.6 0 0 0 0 0 0 0 0 0
19.6 491.7 2163.4  0.9982539415 -0.0022619506 0.0590245239 0.0021078202 0.9999942183 0.0026734243 -0.0590302311 -0.0025443432 0.9982529283
20.1 291.6 2163.9 0.9982539415 -0.0022619506 0.0590245239 0.0021078202 0.9999942183 0.0026734243 -0.0590302311 -0.0025443432 0.9982529283
20.3 92.8 2163.3 0.9982555509 -0.0009132014 0.0590338595 0.0011044309 0.9999942780 -0.0032067716 -0.0590305924 0.0032663764 0.9982508421
-120.4 291.5 2172.2 0.1716200113 -0.7870436907 -0.5925443172 0.9851365685 0.1326806843 0.1090950519 -0.0072433907 -0.6024600267 0.7981162071
-167.1 23.2 2174.2 0.0308537129 -0.7880237103 -0.6148712635 0.9410644770 0.2301987261 -0.2478026450 0.3368169367 -0.5709878802 0.7486836314
160.6 291.8 2155.6 0.1746142060 0.6683278084 0.7230821848 -0.9828045964 0.1630802751 0.0866022930 -0.0600417145 -0.7257704735 0.6853117943
209.6 15.6 2138.7 -0.0372645669 0.6691396236 0.7422018051 -0.9604796767 0.1810339242 -0.2114368975 -0.2758445144 -0.7207487822 0.6359488368
-70.8 -104.1 2170.0 0.9911076427 0.0491385832 0.1236569509 -0.0463669151 0.9986066818 -0.0251948126 -0.1247226894 0.0192371793 0.9920051098
-90.3 -501.1 2162.4 0.9868088365 -0.0922104195 0.1330623180 0.0407457575 0.9369388819 0.3471099436 -0.1566784084 -0.3371094465 0.9283367395
112.2 -104.2 2155.8 0.8588533998 -0.0175893903 -0.5119194388 -0.0035461471 0.9991821051 -0.0402809978 0.5122092366 0.0364108123 0.8580885530
119.2 -501.5 2141.4 0.8675094247 -0.0203123316 -0.4970058203 0.1577440351 0.9588271379 0.2361509949 0.4717459083 -0.2832629383 0.8349957466
-175.9 -245.9 2077.9 0 0 0 0 0 0 0 0 0
199.0 -259.0 2059.8 0 0 0 0 0 0 0 0 0
-55.1 -859.2 2291.2 0 0 0 0 0 0 0 0 0
126.9 -868.0 2249.7 0 0 0 0 0 0 0 0 0
20.7 488.7 2156.6  0.9981045127 -0.0004701973 0.0615399554 -0.0007919093 0.9997898936 0.0204827394 -0.0615366548 -0.0204926487 0.9978944063
20.8 288.6 2160.7 0.9981045127 -0.0004701973 0.0615399554 -0.0007919093 0.9997898936 0.0204827394 -0.0615366548 -0.0204926487 0.9978944063
20.6 89.8 2162.9 0.9981043339 0.0009370203 0.0615377575 -0.0016207980 0.9999374747 0.0110625364 -0.0615235418 -0.0111413058 0.9980434775
-119.7 288.8 2169.3 0.1735215932 -0.7875132561 -0.5913655162 0.9847255349 0.1299910545 0.1158360988 -0.0143502364 -0.6024327874 0.7980406284
-166.7 21.8 2173.2 0.0307047330 -0.7887884974 -0.6138973236 0.9394960403 0.2324233353 -0.2516477704 0.3411809206 -0.5690273046 0.7482001781
161.3 288.4 2152.0 0.1763099730 0.6662182212 0.7246158123 -0.9831932783 0.1546327174 0.0970550850 -0.0473894514 -0.7295491695 0.6822845936
210.3 15.0 2138.9 -0.0416652970 0.6677860022 0.7431862950 -0.9583110213 0.1837340146 -0.2188190520 -0.2826729119 -0.7213207483 0.6322913766
-71.1 -106.1 2168.0 0.9908344746 0.0489109084 0.1259159148 -0.0474088117 0.9987644553 -0.0149003547 -0.1264891177 0.0087942611 0.9919289947
-90.6 -503.2 2164.5 0.9861227274 -0.0965246409 0.1350739300 0.0457820334 0.9401704669 0.3376144469 -0.1595806181 -0.3267453313 0.9315425754
112.0 -105.9 2157.2 0.8602290750 -0.0198441800 -0.5095214844 -0.0033242679 0.9990029335 -0.0445202552 0.5098969340 0.0399914049 0.8593054414
119.9 -503.1 2141.3 0.8691675663 -0.0179252457 -0.4941927493 0.1567306370 0.9578087926 0.2409105152 0.4690237641 -0.2868467271 0.8353057504
-175.5 -246.8 2075.7 0 0 0 0 0 0 0 0 0
198.4 -259.1 2058.0 0 0 0 0 0 0 0 0 0
-53.7 -862.5 2289.4 0 0 0 0 0 0 0 0 0
126.8 -869.3 2251.0 0 0 0 0 0 0 0 0 0
20.6 488.6 2159.2  0.9983637333 -0.0002905823 0.0571818762 -0.0001339127 0.9999724627 0.0074196225 -0.0571824573 -0.0074151391 0.9983361959
20.6 288.0 2160.7 0.9983637333 -0.0002905823 0.0571818762 -0.0001339127 0.9999724627 0.0074196225 -0.0571824573 -0.0074151391 0.9983361959
20.6 89.2 2161.7 0.9983637333 0.0001416709 0.0571820550 -0.0004295417 0.9999873042 0.0050220275 -0.0571806170 -0.0050383727 0.9983511567
-119.9 288.1 2168.7 0.1721975505 -0.7857719064 -0.5940627456 0.9849581122 0.1285677999 0.1154464111 -0.0143371997 -0.6050065160 0.7960914373
-167.0 18.6 2172.6 0.0349707901 -0.7866486907 -0.6164096594 0.9416072369 0.2326187044 -0.2434427291 0.3348923028 -0.5719023943 0.7488489747
161.2 288.0 2152.6 0.1755529344 0.6693596840 0.7218994498 -0.9830134511 0.1590591222 0.0915683359 -0.0535325445 -0.7257119417 0.6859128475
210.4 12.0 2137.6 -0.0434554815 0.6706165075 0.7405302525 -0.9579594135 0.1824374348 -0.2214280218 -0.2835937440 -0.7190201879 0.6344954967
-71.1 -108.8 2170.8 0.9915332198 0.0460855439 0.1214001924 -0.0433274247 0.9987414479 -0.0252632331 -0.1224116758 0.0197893772 0.9922820926
-89.4 -505.9 2162.9 0.9879665971 -0.0841465667 0.1297741234 0.0315432437 0.9310385585 0.3635549545 -0.1514166147 -0.3550866544 0.9224892855
112.0 -109.1 2159.5 0.8579840064 -0.0189638883 -0.5133262277 -0.0047705746 0.9989810586 -0.0448791459 0.5136542320 0.0409544520 0.8570193052
119.6 -506.3 2143.2 0.8675857782 -0.0172108822 -0.4969896376 0.1593706012 0.9563108087 0.2450930476 0.4710583091 -0.2918447852 0.8324245811
-177.0 -250.6 2076.9 0 0 0 0 0 0 0 0 0
198.0 -261.9 2056.5 0 0 0 0 0 0 0 0 0
-57.3 -861.6 2298.6 0 0 0 0 0 0 0 0 0
126.1 -871.9 2254.8 0 0 0 0 0 0 0 0 0
21.4 492.3 2160.5  0.9982117414 -0.0014747641 0.0597587191 0.0010058116 0.9999684691 0.0078767519 -0.0597684532 -0.0078025605 0.9981817603
21.7 291.6 2162.0 0.9982117414 -0.0014747641 0.0597587191 0.0010058116 0.9999684691 0.0078767519 -0.0597684532 -0.0078025605 0.9981817603
21.9 92.8 2163.1 0.9982121587 -0.0010105899 0.0597618893 0.0006935190 0.9999855757 0.0053260750 -0.0597664081 -0.0052751065 0.9981984496
-118.8 291.5 2170.5 0.1772204489 -0.7861318588 -0.5921061039 0.9841157198 0.1351639479 0.1150954738 -0.0104488200 -0.6030982137 0.7975985408
-168.2 17.3 2173.4 0.0212457906 -0.7879623175 -0.6153568029 0.9371431470 0.2301198840 -0.2623119652 0.3482977748 -0.5711044073 0.7433225513
162.1 291.7 2153.6 0.1679414809 0.6678450108 0.7251060009 -0.9841163158 0.1565135717 0.0837769136 -0.0575389341 -0.7276582718 0.6835222840
209.7 12.9 2137.3 -0.0405130945 0.6692928672 0.7418933511 -0.9582757950 0.1842445731 -0.2185439616 -0.2829597592 -0.7197923064 0.6339028478
-71.0 -109.5 2167.9 0.9912843704 0.0429910049 0.1245272830 -0.0417093262 0.9990467429 -0.0128824534 -0.1249624044 0.0075762253 0.9921325445
-88.1 -506.7 2164.9 0.9881449938 -0.0790828541 0.1315880418 0.0268682074 0.9329730272 0.3589420617 -0.1511542648 -0.3511512578 0.9240374565
112.2 -109.6 2157.4 0.8592302203 -0.0217349138 -0.5111271739 0.0004554450 0.9991291761 -0.0417208374 0.5115888715 0.0356150158 0.8584918976
120.8 -506.9 2143.3 0.8683147430 -0.0058065327 -0.4959796369 0.1468526870 0.9581115246 0.2458791286 0.4737761319 -0.2863364220 0.8327950835
-174.3 -250.6 2073.8 0 0 0 0 0 0 0 0 0
198.1 -261.2 2056.4 0 0 0 0 0 0 0 0 0
-57.9 -863.3 2299.1 0 0 0 0 0 0 0 0 0
123.1 -873.1 2252.7 0 0 0 0 0 0 0 0 0
21.0 491.5 2162.1  0.9984661937 -0.0043150345 0.0551968366 0.0041125929 0.9999843836 0.0037806926 -0.0552122891 -0.0035478915 0.9984683394
21.9 291.2 2162.8 0.9984661937 -0.0043150345 0.0551968366 0.0041125929 0.9999843836 0.0037806926 -0.0552122891 -0.0035478915 0.9984683394
22.6 92.4 2163.2 0.9984694123 -0.0033716753 0.0552039891 0.0032706896 0.9999927878 0.0019195598 -0.0552100651 -0.0017360667 0.9984732270
-118.6 290.8 2170.6 0.1779322177 -0.7841778994 -0.5944789052 0.9839333296 0.1327678412 0.1193647534 -0.0146755222 -0.6061664224 0.7952024341
-167.4 21.4 2174.6 0.0263211783 -0.7858160138 -0.6179000139 0.9377745986 0.2335034311 -0.2570114732 0.3462454975 -0.5726861358 0.7430644035
162.4 291.7 2155.1 0.1713459641 0.6706238389 0.7217369676 -0.9833386540 0.1615538001 0.0833396241 -0.0607098080 -0.7239917517 0.6871319413
210.5 15.4 2138.0 -0.0478476472 0.6718734503 0.7391188145 -0.9561842084 0.1831595749 -0.2283952385 -0.2888293862 -0.7176619172 0.6336710453
-69.5 -106.1 2169.6 0.9919580817 0.0423720144 0.1192636266 -0.0384736396 0.9986533523 -0.0348028839 -0.1205776855 0.0299344957 0.9922524691
-86.4 -503.0 2157.7 0.9901434183 -0.0608478114 0.1261489093 0.0087467814 0.9258024693 0.3779064417 -0.1397837549 -0.3730781674 0.9172094464
113.6 -105.9 2158.7 0.8569452763 -0.0195266642 -0.5150374174 -0.0019055782 0.9991552234 -0.0410516672 0.5154039264 0.0361604728 0.8561841249
121.4 -503.2 2144.3 0.8657796979 -0.0002424358 -0.5004252791 0.1368405372 0.9620012641 0.2362801135 0.4813524485 -0.2730449736 0.8329142928
-174.9 -246.7 2075.6 0 0 0 0 0 0 0 0 0
196.9 -258.0 2055.4 0 0 0 0 0 0 0 0 0
-63.1 -856.8 2300.3 0 0 0 0 0 0 0 0 0
121.5 -870.9 2248.7 0 0 0 0 0 0 0 0 0
21.6 493.9 2162.0  0.9977754354 0.0006187532 0.0666617006 -0.0012403785 0.9999561310 0.0092840884 -0.0666530356 -0.0093461210 0.9977324605
21.5 293.3 2163.8 0.9977754354 0.0006187532 0.0666617006 -0.0012403785 0.9999561310 0.0092840884 -0.0666530356 -0.0093461210 0.9977324605
21.4 94.5 2164.9 0.9977756739 0.0005053338 0.0666595027 -0.0008649948 0.9999852180 0.0053667431 -0.0666558072 -0.0054124654 0.9977613688
-118.9 293.4 2173.2 0.1731503904 -0.7899124026 -0.5882663727 0.9848915339 0.1371976882 0.1056667492 -0.0027586932 -0.5976747870 0.8017339110
-166.8 21.0 2174.0 0.0295655541 -0.7910088301 -0.6110899448 0.9376274943 0.2338029593 -0.2572759390 0.3463821709 -0.5653681755 0.7485841513
161.9 293.2 2154.5 0.1720693558 0.6617860198 0.7296789885 -0.9830692410 0.1627214104 0.0842416212 -0.0629844740 -0.7318203449 0.6785808206
210.6 15.0 2136.6 -0.0549671613 0.6629799604 0.7466164827 -0.9558103681 0.1813386381 -0.2313933372 -0.2887995541 -0.7263427973 0.6237154603
-68.4 -106.7 2168.6 0.9900408387 0.0512463860 0.1311220676 -0.0491824336 0.9986103177 -0.0189331602 -0.1319101155 0.0122956978 0.9911854267
-88.8 -503.6 2163.7 0.9868825078 -0.0790246725 0.1407766342 0.0269800462 0.9404731989 0.3387952149 -0.1591698378 -0.3305529058 0.9302686453
114.8 -106.1 2158.5 0.8628414273 -0.0136612616 -0.5052900314 -0.0071974392 0.9992012978 -0.0393053479 0.5054234266 0.0375510789 0.8620539904
120.3 -503.4 2143.5 0.8723065853 -0.0106777502 -0.4888426661 0.1476364136 0.9588512778 0.2425030619 0.4661380351 -0.2837080061 0.8379887342
-175.3 -247.1 2074.9 0 0 0 0 0 0 0 0 0
194.9 -258.3 2054.0 0 0 0 0 0 0 0 0 0
-58.6 -862.6 2289.9 0 0 0 0 0 0 0 0 0
124.4 -869.9 2252.0 0 0 0 0 0 0 0 0 0
21.3 494.6 2161.9  0.9973591566 0.0012833648 0.0726160556 -0.0021294509 0.9999307394 0.0115752816 -0.0725961700 -0.0116993450 0.9972928166
21.0 293.9 2164.2 0.9973591566 0.0012833648 0.0726160556 -0.0021294509 0.9999307394 0.0115752816 -0.0725961700 -0.0116993450 0.9972928166
20.6 95.1 2165.3 0.9973587990 0.0019500407 0.0726055652 -0.0023255551 0.9999843240 0.0050878031 -0.0725945085 -0.0052432138 0.9973477721
-119.3 294.3 2174.4 0.1734748036 -0.7934871316 -0.5833392739 0.9848286510 0.1371452063 0.1063189283 -0.0043605226 -0.5929328799 0.8052400947
-166.9 24.4 2175.6 0.0191057045 -0.7951198816 -0.6061512232 0.9376550913 0.2246859670 -0.2651775777 0.3470416367 -0.5632944107 0.7498409748
161.4 293.6 2154.0 0.1749905348 0.6576422453 0.7327243686 -0.9827447534 0.1619639993 0.0893332735 -0.0599256232 -0.7357134819 0.6746366620
210.8 16.0 2137.1 -0.0591093376 0.6592264771 0.7496176362 -0.9536781907 0.1845940202 -0.2375351787 -0.2949644029 -0.7289345264 0.6177786589
-70.2 -104.2 2172.1 0.9897333980 0.0440651737 0.1359634250 -0.0388869829 0.9984221458 -0.0405101441 -0.1375339776 0.0348070376 0.9898852706
-87.8 -501.0 2158.3 0.9869814515 -0.0746224374 0.1424751133 0.0211794935 0.9384387732 0.3447958231 -0.1594336629 -0.3372895122 0.9278020859
112.8 -104.4 2159.9 0.8658096194 -0.0168902390 -0.5000883937 -0.0076190662 0.9988692403 -0.0469273031 0.5003155470 0.0444403179 0.8647019267
119.6 -501.5 2142.2 0.8756855726 -0.0170731191 -0.4825798571 0.1572507024 0.9549816251 0.2515597343 0.4565599859 -0.2961732447 0.8389483690
-172.3 -243.7 2076.4 0 0 0 0 0 0 0 0 0
193.9 -256.7 2052.7 0 0 0 0 0 0 0 0 0
-59.3 -859.5 2287.1 0 0 0 0 0 0 0 0 0
126.1 -866.6 2255.4 0 0 0 0 0 0 0 0 0
21.8 493.4 2162.8  0.9970750213 0.0020943107 0.0764007196 -0.0028747804 0.9999448061 0.0101069296 -0.0763753355 -0.0102970023 0.9970259666
21.4 293.0 2164.9 0.9970750213 0.0020943107 0.0764007196 -0.0028747804 0.9999448061 0.0101069296 -0.0763753355 -0.0102970023 0.9970259666
20.7 94.2 2165.7 0.9970724583 0.0034820086 0.0763830692 -0.0037815436 0.9999856949 0.0037771973 -0.0763688236 -0.0040549855 0.9970713854
-118.9 293.5 2175.6 0.1760451794 -0.7951532602 -0.5802924633 0.9843803048 0.1410808414 0.1053167284 -0.0018747917 -0.5897690058 0.8075698614
-166.8 25.6 2176.1 0.0180570390 -0.7965914607 -0.6042482853 0.9376550317 0.2232934982 -0.2663514912 0.3470980227 -0.5617669225 0.7509599924
161.7 292.5 2154.1 0.1745042056 0.6549985409 0.7352041602 -0.9827378392 0.1624427885 0.0885360911 -0.0614376068 -0.7379629016 0.6720387936
210.8 15.9 2136.8 -0.0622305423 0.6563211083 0.7519108653 -0.9545469284 0.1808896363 -0.2368946373 -0.2914918363 -0.7324763536 0.6152324080
-71.3 -103.5 2173.0 0.9893155098 0.0410713144 0.1398856044 -0.0363284200 0.9986806512 -0.0362929218 -0.1411916465 0.0308233257 0.9895023108
-87.6 -500.5 2160.7 0.9866933227 -0.0733038932 0.1451303661 0.0202833489 0.9411240220 0.3374525309 -0.1613222510 -0.3300184309 0.9300876260
111.8 -103.9 2159.6 0.8675714135 -0.0194343347 -0.4969327450 -0.0031821027 0.9989987612 -0.0446249060 0.4973024428 0.0402965806 0.8666409254
119.5 -501.1 2143.6 0.8765424490 -0.0183907263 -0.4809730351 0.1566039026 0.9557964206 0.2488542497 0.4551357031 -0.2934535742 0.8406761885
-172.0 -242.5 2076.9 0 0 0 0 0 0 0 0 0
193.0 -257.1 2053.5 0 0 0 0 0 0 0 0 0
-59.6 -860.1 2286.8 0 0 0 0 0 0 0 0 0
126.5 -866.5 2255.8 0 0 0 0 0 0 0 0 0
19.9 493.0 2163.8  0.9973140359 -0.0014111837 0.0732305869 0.0008399489 0.9999690056 0.0078307055 -0.0732393637 -0.0077481628 0.9972842932
20.2 292.7 2165.4 0.9973140359 -0.0014111837 0.0732305869 0.0008399489 0.9999690056 0.0078307055 -0.0732393637 -0.0077481628 0.9972842932
20.3 93.9 2165.6 0.9973145127 -0.0003957977 0.0732363239 0.0002880801 0.9999988675 0.0014813791 -0.0732368231 -0.0014563029 0.9973134995
-120.2 292.6 2175.7 0.1719144732 -0.7941782475 -0.5828604698 0.9851104617 0.1375901699 0.1030840576 -0.0016712403 -0.5919035673 0.8060070276
-166.9 25.1 2176.1 0.0089293169 -0.7960323095 -0.6051882505 0.9396151900 0.2137405723 -0.2672792971 0.3421162367 -0.5662574172 0.7498726249
160.5 292.7 2155.0 0.1776422262 0.6563219428 0.7332698703 -0.9818186760 0.1688535064 0.0867213979 -0.0668980330 -0.7353434563 0.6743846536
210.8 14.9 2136.1 -0.0622120425 0.6570052505 0.7513146996 -0.9552921057 0.1788090169 -0.2354661077 -0.2890443206 -0.7323738337 0.6165078878
-71.5 -104.3 2173.5 0.9895624518 0.0441645980 0.1371702999 -0.0401200056 0.9986786842 -0.0321133137 -0.1384073198 0.0262748543 0.9900267720
-89.0 -501.3 2163.1 0.9858176112 -0.0862577856 0.1439557523 0.0363024771 0.9470947981 0.3188943565 -0.1638468653 -0.3091457188 0.9367940426
111.5 -105.0 2159.5 0.8658875823 -0.0218308121 -0.4997620285 0.0043509910 0.9993381500 -0.0361149795 0.5002197027 0.0290970523 0.8654094934
120.2 -502.3 2147.9 0.8723264933 -0.0162029602 -0.4886552095 0.1418881267 0.9648283720 0.2213006169 0.4678826928 -0.2623807490 0.8439443707
-169.4 -243.5 2078.3 0 0 0 0 0 0 0 0 0
193.0 -258.3 2053.5 0 0 0 0 0 0 0 0 0
-56.1 -863.2 2281.2 0 0 0 0 0 0 0 0 0
126.4 -871.0 2248.2 0 0 0 0 0 0 0 0 0
19.6 491.9 2163.3  0.9978765249 -0.0047405539 0.0649616271 0.0042745210 0.9999641180 0.0073110857 -0.0649939552 -0.0070178811 0.9978609681
20.6 291.6 2164.7 0.9978765249 -0.0047405539 0.0649616271 0.0042745210 0.9999641180 0.0073110857 -0.0649939552 -0.0070178811 0.9978609681
21.3 92.8 2165.1 0.9978805184 -0.0034359465 0.0649822429 0.0032955026 0.9999920130 0.0022683314 -0.0649895146 -0.0020493744 0.9978838563
-119.8 291.1 2173.8 0.1718764752 -0.7897030711 -0.5889206529 0.9851050377 0.1346532255 0.1069419160 -0.0051522958 -0.5985295177 0.8010842204
-166.7 22.5 2175.2 0.0127688404 -0.7916526198 -0.6108380556 0.9397395253 0.2182294130 -0.2631835043 0.3416527212 -0.5706681013 0.7467337847
161.0 292.0 2155.6 0.1746131480 0.6620567441 0.7288286090 -0.9821807146 0.1693669260 0.0814610571 -0.0695076138 -0.7300655842 0.6798330545
210.5 14.0 2135.9 -0.0608362854 0.6627318859 0.7463815212 -0.9547732472 0.1793996394 -0.2371156216 -0.2910446525 -0.7270503640 0.6218446493
-71.2 -105.0 2172.7 0.9905092716 0.0463102385 0.1294092238 -0.0436244309 0.9987712502 -0.0235140175 -0.1303391457 0.0176454484 0.9913124442
-89.6 -502.0 2165.6 0.9863487482 -0.0906913728 0.1374452412 0.0438932702 0.9492733479 0.3113736510 -0.1587119997 -0.3010900915 0.9402952790
111.8 -104.9 2159.2 0.8618699908 -0.0214353055 -0.5066760182 0.0001711343 0.9991185665 -0.0419773497 0.5071292520 0.0360923074 0.8611139655
120.4 -502.2 2144.9 0.8701620102 -0.0141303018 -0.4925630987 0.1504348963 0.9594864845 0.2382332385 0.4692412913 -0.2814002037 0.8370343447
-170.4 -246.2 2077.6 0 0 0 0 0 0 0 0 0
193.1 -259.0 2052.6 0 0 0 0 0 0 0 0 0
-54.9 -864.9 2280.7 0 0 0 0 0 0 0 0 0
125.8 -868.8 2252.4 0 0 0 0 0 0 0 0 0
19.9 496.6 2168.5  0.9980707765 -0.0066782967 0.0617263503 0.0068920464 0.9999709725 -0.0032505873 -0.0617028512 0.0036697369 0.9980878234
21.2 296.1 2167.8 0.9980707765 -0.0066782967 0.0617263503 0.0068920464 0.9999709725 -0.0032505873 -0.0617028512 0.0036697369 0.9980878234
22.4 97.3 2166.5 0.9980732799 -0.0060924599 0.0617461279 0.0064966739 0.9999587536 -0.0063477340 -0.0617049076 0.0067366483 0.9980717301
-119.2 295.1 2176.5 0.1756887734 -0.7876639962 -0.5905242562 0.9844457507 0.1404285878 0.1055765674 -0.0002323728 -0.5998876691 0.8000841737
-168.2 20.8 2176.5 0.0127808042 -0.7893127799 -0.6138582826 0.9399160147 0.2189455330 -0.2619556487 0.3411664665 -0.5736271739 0.7446860075
161.7 297.0 2159.1 0.1676496267 0.6649003029 0.7278743982 -0.9826408029 0.1721971035 0.0690303966 -0.0794395357 -0.7268120050 0.6822269559
210.2 12.5 2136.1 -0.0602509901 0.6655803323 0.7438902259 -0.9533906579 0.1823694259 -0.2403906286 -0.2956621051 -0.7237017751 0.6235701442
-69.6 -106.3 2171.5 0.9907130003 0.0492615663 0.1267321855 -0.0468685143 0.9986631870 -0.0217976905 -0.1276365519 0.0156555064 0.9916974306
-89.2 -503.4 2165.3 0.9876149893 -0.0783815458 0.1359152347 0.0319635496 0.9486187100 0.3148029745 -0.1536064744 -0.3065598011 0.9393754005
113.5 -105.7 2159.6 0.8602688909 -0.0158301443 -0.5095948577 -0.0044249212 0.9992483854 -0.0385107286 0.5098214149 0.0353844985 0.8595522046
119.8 -503.0 2145.5 0.8690557480 -0.0148005914 -0.4944926798 0.1507836729 0.9599179029 0.2362665236 0.4711755216 -0.2798902094 0.8364539146
-171.9 -248.0 2079.0 0 0 0 0 0 0 0 0 0
193.0 -260.1 2051.6 0 0 0 0 0 0 0 0 0
-59.2 -866.0 2282.4 0 0 0 0 0 0 0 0 0
125.5 -869.9 2252.5 0 0 0 0 0 0 0 0 0
20.3 497.1 2165.2  0.9987062812 -0.0077776159 0.0502518713 0.0075158658 0.9999572039 0.0053956266 -0.0502916873 -0.0050109602 0.9987220168
21.9 295.8 2166.2 0.9987062812 -0.0077776159 0.0502518713 0.0075158658 0.9999572039 0.0053956266 -0.0502916873 -0.0050109602 0.9987220168
23.2 97.0 2166.2 0.9987109900 -0.0068821604 0.0502894931 0.0068776268 0.9999763370 0.0002631946 -0.0502901152 0.0000830171 0.9987346530
-118.7 294.8 2173.2 0.1792098731 -0.7815482020 -0.5975501537 0.9836638570 0.1318457872 0.1225645170 -0.0170056093 -0.6097533107 0.7924088240
-167.7 25.8 2177.9 0.0210280344 -0.7833157182 -0.6212682724 0.9406127334 0.2260974944 -0.2532343566 0.3388296664 -0.5790478587 0.7415511012
162.4 296.7 2159.1 0.1721892059 0.6722959876 0.7199784517 -0.9822452664 0.1724330783 0.0738993883 -0.0744658336 -0.7199200988 0.6900506616
210.4 23.3 2138.4 -0.0561439358 0.6728464365 0.7376486659 -0.9541934729 0.1813022792 -0.2380005270 -0.2938751876 -0.7172218561 0.6318466663
-67.9 -102.1 2170.8 0.9919326901 0.0528890602 0.1152056381 -0.0511347875 0.9985271692 -0.0181318820 -0.1159949377 0.0120945899 0.9931761622
-89.0 -499.1 2166.0 0.9891180992 -0.0760940090 0.1259168983 0.0363948792 0.9558107257 0.2917212844 -0.1425509602 -0.2839640677 0.9481791258
115.2 -100.9 2159.5 0.8544690609 -0.0111184511 -0.5193833113 -0.0079626963 0.9993731976 -0.0344935209 0.5194413066 0.0336093381 0.8538449407
119.7 -498.3 2146.1 0.8629136682 -0.0161801372 -0.5050923228 0.1475130469 0.9640226960 0.2211338282 0.4833424687 -0.2653270960 0.8342550993
-173.7 -243.2 2081.0 0 0 0 0 0 0 0 0 0
194.3 -249.5 2054.3 0 0 0 0 0 0 0 0 0
-59.9 -864.4 2274.5 0 0 0 0 0 0 0 0 0
125.8 -866.8 2247.5 0 0 0 0 0 0 0 0 0
20.4 497.8 2169.5  0.9986481667 -0.0087019745 0.0512456931 0.0092369076 0.9999052286 -0.0102110319 -0.0511519797 0.0106705800 0.9986338615
22.2 296.4 2167.3 0.9986481667 -0.0087019745 0.0512456931 0.0092369076 0.9999052286 -0.0102110319 -0.0511519797 0.0106705800 0.9986338615
23.7 97.6 2165.1 0.9986571670 -0.0075783907 0.0512489490 0.0081324354 0.9999106526 -0.0106109800 -0.0511639565 0.0110135097 0.9986295104
-118.4 295.3 2174.5 0.1903000921 -0.7821425200 -0.5933287144 0.9814922214 0.1383876950 0.1323703974 -0.0214231275 -0.6075376272 0.7940019369
-171.2 22.4 2180.5 0.0117996056 -0.7843406796 -0.6202180982 0.9372122884 0.2248881608 -0.2665678263 0.3485597074 -0.5781306624 0.7377473116
162.8 297.6 2160.1 0.1713863313 0.6723376513 0.7201310992 -0.9819545746 0.1758910269 0.0694810003 -0.0799499005 -0.7190440893 0.6903503537
210.6 23.6 2137.8 -0.0547170565 0.6724789143 0.7380908728 -0.9559062123 0.1783213466 -0.2333340347 -0.2885295749 -0.7183130383 0.6330695748
-67.0 -102.4 2170.8 0.9920689464 0.0474697724 0.1163867936 -0.0448998995 0.9986884594 -0.0246051848 -0.1174021438 0.0191842839 0.9928991199
-85.9 -499.5 2163.1 0.9900853038 -0.0630311519 0.1255315989 0.0217525680 0.9516894221 0.3062908351 -0.1387729645 -0.3005234301 0.9436247945
116.2 -101.2 2161.5 0.8550250530 -0.0078411950 -0.5185274482 -0.0183194224 0.9988049269 -0.0453117564 0.5182630420 0.0482418090 0.8538595438
119.4 -498.3 2142.3 0.8653802872 -0.0178493429 -0.5007976890 0.1531201452 0.9609876871 0.2303408384 0.4771489799 -0.2760146558 0.8343529105
-174.6 -245.5 2080.8 0 0 0 0 0 0 0 0 0
194.9 -249.7 2055.3 0 0 0 0 0 0 0 0 0
-61.8 -863.2 2278.0 0 0 0 0 0 0 0 0 0
126.2 -865.6 2247.9 0 0 0 0 0 0 0 0 0
20.5 497.4 2165.6  0.9977645874 -0.0076122810 0.0663916692 0.0071602268 0.9999495745 0.0070441994 -0.0664419457 -0.0065530734 0.9977687597
22.0 295.9 2166.9 0.9977645874 -0.0076122810 0.0663916692 0.0071602268 0.9999495745 0.0070441994 -0.0664419457 -0.0065530734 0.9977687597
23.4 97.1 2167.1 0.9977642894 -0.0072745732 0.0664341301 0.0072014467 0.9999731779 0.0013401499 -0.0664420947 -0.0008587318 0.9977899194
-118.4 294.9 2176.3 0.1846561879 -0.7893006206 -0.5855822563 0.9827430248 0.1416978836 0.1189027652 -0.0108742621 -0.5974330306 0.8018450737
-169.1 24.9 2179.3 0.0180700049 -0.7904863358 -0.6122130156 0.9413859248 0.2197408229 -0.2559424043 0.3368471563 -0.5717038512 0.7481234670
162.4 296.9 2157.6 0.1751545519 0.6605700254 0.7300466299 -0.9819021225 0.1714570820 0.0804403499 -0.0720351785 -0.7309238315 0.6786466241
210.9 25.1 2137.7 -0.0543561578 0.6610338092 0.7483847141 -0.9570594430 0.1792439222 -0.2278351784 -0.2847501636 -0.7286329269 0.6229056120
-66.4 -101.9 2167.6 0.9898462892 0.0537884608 0.1315716654 -0.0528188795 0.9985451698 -0.0108506046 -0.1319638938 0.0037909632 0.9912472963
-87.8 -498.9 2166.1 0.9874225259 -0.0702371001 0.1416458637 0.0266051739 0.9569447637 0.2890481651 -0.1558491737 -0.2816441655 0.9467774630
116.8 -100.4 2158.2 0.8627747297 -0.0093622738 -0.5055018067 -0.0082945488 0.9994318485 -0.0326671079 0.5055204630 0.0323772654 0.8622069359
120.6 -497.7 2145.4 0.8711369634 -0.0047442061 -0.4910172224 0.1318373382 0.9654983878 0.2245702296 0.4730109274 -0.2603658438 0.8417067528
-174.3 -244.2 2083.0 0 0 0 0 0 0 0 0 0
195.3 -248.6 2056.2 0 0 0 0 0 0 0 0 0
-61.0 -864.6 2273.8 0 0 0 0 0 0 0 0 0
122.4 -866.7 2244.9 0 0 0 0 0 0 0 0 0
21.0 498.0 2163.7  0.9970485568 -0.0094956458 0.0761839524 0.0085512772 0.9998826385 0.0127125597 -0.0762957260 -0.0120235700 0.9970127344
22.9 296.6 2166.1 0.9970485568 -0.0094956458 0.0761839524 0.0085512772 0.9998826385 0.0127125597 -0.0762957260 -0.0120235700 0.9970127344
24.5 97.8 2167.5 0.9970595837 -0.0078137657 0.0762304738 0.0072753704 0.9999465942 0.0073378873 -0.0762837380 -0.0067617060 0.9970632195
-117.4 295.5 2176.9 0.1895980537 -0.7934958339 -0.5782879591 0.9818024635 0.1467408240 0.1205447912 -0.0107933329 -0.5906196237 0.8068779111
-170.0 22.9 2179.9 0.0154981865 -0.7945353985 -0.6070200205 0.9408267140 0.2171339095 -0.2601882517 0.3385334015 -0.5670682192 0.7508853674
163.3 297.6 2155.4 0.1705745012 0.6543281078 0.7367218137 -0.9832841158 0.1613647193 0.0843435302 -0.0636925772 -0.7387937307 0.6709151268
211.1 21.9 2137.5 -0.0593034141 0.6556468010 0.7527352571 -0.9556839466 0.1805343479 -0.2325413823 -0.2883595824 -0.7331675291 0.6158848405
-66.6 -102.3 2173.4 0.9885227680 0.0559771955 0.1403183788 -0.0532770306 0.9983164668 -0.0229292531 -0.1413656622 0.0151903434 0.9898409247
