-11.2 438.5 2701.1 5 0.9987047315 0.0000618496 -0.0508806072 -0.0000940970 0.9999998212 -0.0006313919 0.0508805588 0.0006353618 0.9987045527
-11.2 239.8 2700.9 0.9987047315 0.0000618496 -0.0508806072 -0.0000940970 0.9999998212 -0.0006313919 0.0508805588 0.0006353618 0.9987045527
-11.2 45.8 2699.6 0.9987047315 0.0000804047 -0.0508810729 -0.0004452767 0.9999742508 -0.0071597793 0.0508791879 0.0071731615 0.9986790419
-147.6 239.9 2694.0 0.2267304808 -0.6778076887 -0.6994069219 0.9738139510 0.1454353034 0.1747425348 -0.0167233832 -0.7207116485 0.6930332184
-207.0 -15.3 2698.4 -0.0261617210 -0.6798937917 -0.7328438163 0.9579871297 0.1924032718 -0.2127006799 0.2856154144 -0.7076195478 0.6462959051
125.1 239.8 2707.9 0.1869824231 0.6443068385 0.7415566444 -0.9822048545 0.1090626121 0.1529016793 0.0176394992 -0.7569504976 0.6532341242
170.0 4.0 2712.1 -0.0096620228 0.6488133073 0.7608862519 -0.9589247704 0.2097163945 -0.1910035014 -0.2834959626 -0.7314781547 0.6201368570
-101.4 -145.1 2690.2 0.9991828799 -0.0152561320 -0.0374281108 0.0151169710 0.9998777509 -0.0039982898 0.0374845304 0.0034292233 0.9992913008
-95.4 -533.3 2688.9 0.9989870191 -0.0226077754 -0.0389073901 0.0267170742 0.9937302470 0.1085649952 0.0362090357 -0.1094945148 0.9933276772
77.2 -145.1 2704.3 0.9946433902 0.0730952695 -0.0730865821 -0.0719298571 0.9972389340 0.0184560325 0.0742338374 -0.0131000625 0.9971548319
48.8 -532.2 2709.4 0.9947516918 -0.0721649528 -0.0725348964 0.0742136389 0.9969045520 0.0259540100 0.0704374015 -0.0312008727 0.9970281124
-200.3 -258.4 2625.9 0 0 0 0 0 0 0 0 0
167.6 -240.9 2639.7 0 0 0 0 0 0 0 0 0
-88.8 -824.4 2721.0 0 0 0 0 0 0 0 0 0
70.1 -826.1 2718.6 0 0 0 0 0 0 0 0 0
-11.9 438.7 2698.0 6 0.9986732006 -0.0004519403 -0.0514945909 0.0006746207 0.9999905229 0.0043070447 0.0514921546 -0.0043360693 0.9986639619
-11.8 240.4 2698.9 0.9986732006 -0.0004519403 -0.0514945909 0.0006746207 0.9999905229 0.0043070447 0.0514921546 -0.0043360693 0.9986639619
-11.4 46.3 2698.8 0.9986720085 -0.0017720985 -0.0514890850 0.0017413064 0.9999982715 -0.0006428848 0.0514901355 0.0005523727 0.9986733794
-148.2 240.1 2691.9 0.2215749919 -0.6773235798 -0.7015249729 0.9749804735 0.1407292187 0.1720709503 -0.0178226456 -0.7220997810 0.6915593147
-206.8 -17.9 2696.6 -0.0261213258 -0.6797804236 -0.7329503894 0.9575465918 0.1935537606 -0.2136385292 0.2870925665 -0.7074146867 0.6458655596
124.6 240.6 2705.9 0.1847173274 0.6435856223 0.7427496910 -0.9826967716 0.1104463190 0.1486900151 0.0136607867 -0.7573633194 0.6528508067
169.8 0.3 2709.3 -0.0073095863 0.6468431950 0.7625879645 -0.9641816020 0.1976460218 -0.1768894196 -0.2651422024 -0.7365663052 0.6222296357
-100.6 -148.3 2693.6 0.9991727471 -0.0144607918 -0.0380097255 0.0144894784 0.9998949170 0.0004793342 0.0379987992 -0.0010296789 0.9992772341
-95.0 -536.5 2694.0 0.9990759492 -0.0180671848 -0.0389973596 0.0210070908 0.9968602061 0.0763441846 0.0374955907 -0.0770928562 0.9963186383
78.2 -148.4 2702.7 0.9949167371 0.0683759600 -0.0739283338 -0.0669014156 0.9975116253 0.0222441908 0.0752653405 -0.0171852075 0.9970154166
51.6 -535.6 2709.4 0.9952571988 -0.0629046708 -0.0742034614 0.0644211769 0.9977564216 0.0182215609 0.0728907585 -0.0229154136 0.9970766306
-200.2 -261.0 2623.7 0 0 0 0 0 0 0 0 0
167.9 -245.9 2641.6 0 0 0 0 0 0 0 0 0
-90.0 -815.6 2715.6 0 0 0 0 0 0 0 0 0
69.8 -824.2 2716.0 0 0 0 0 0 0 0 0 0
-10.8 443.3 2707.0 7 0.9983590841 0.0026019947 -0.0572047159 -0.0037376266 0.9997978806 -0.0197540484 0.0571417511 0.0199354440 0.9981670380
-11.3 245.8 2703.1 0.9983590841 0.0026019947 -0.0572047159 -0.0037376266 0.9997978806 -0.0197540484 0.0571417511 0.0199354440 0.9981670380
-11.4 51.8 2699.0 0.9983623028 0.0004724802 -0.0572061650 -0.0016591123 0.9997844100 -0.0206973627 0.0571840517 0.0207583774 0.9981478453
-147.7 246.1 2695.3 0.2180558592 -0.6749143600 -0.7049413323 0.9759280086 0.1478261203 0.1603493094 -0.0040133069 -0.7229371071 0.6909021735
-206.8 -18.4 2696.3 -0.0303219408 -0.6765972972 -0.7357286811 0.9600407481 0.1851633340 -0.2098481506 0.2782126665 -0.7126925588 0.6439464688
125.0 245.6 2710.9 0.1803611666 0.6487013102 0.7393621802 -0.9835958481 0.1212527305 0.1335552335 -0.0030122197 -0.7513217330 0.6599292159
169.9 1.1 2710.1 -0.0112575497 0.6517455578 0.7583541274 -0.9620609283 0.1996957958 -0.1859043092 -0.2726024389 -0.7316756845 0.6247708201
-100.5 -148.0 2694.1 0.9989734292 -0.0108034154 -0.0439924262 0.0109617896 0.9999342561 0.0033603786 0.0439532325 -0.0038391647 0.9990262389
-96.3 -536.2 2695.6 0.9986445904 -0.0267826337 -0.0446286649 0.0299459137 0.9969702363 0.0717887506 0.0425707586 -0.0730278939 0.9964209199
78.4 -147.7 2703.3 0.9943594933 0.0718382373 -0.0780283436 -0.0701602995 0.9972460270 0.0240403973 0.0795404762 -0.0184303056 0.9966612458
50.5 -534.8 2710.4 0.9948009253 -0.0652460754 -0.0781927332 0.0671335608 0.9975067973 0.0217555407 0.0765783116 -0.0268917866 0.9967008829
-199.1 -262.1 2625.7 0 0 0 0 0 0 0 0 0
167.0 -244.5 2640.5 0 0 0 0 0 0 0 0 0
-88.7 -819.0 2716.3 0 0 0 0 0 0 0 0 0
69.6 -828.1 2718.3 0 0 0 0 0 0 0 0 0
-11.7 445.2 2710.5 8 0.9973591566 -0.0002202935 -0.0726267248 -0.0017546032 0.9996304512 -0.0271275043 0.0726058632 0.0271832962 0.9969902039
-11.6 248.0 2705.1 0.9973591566 -0.0002202935 -0.0726267248 -0.0017546032 0.9996304512 -0.0271275043 0.0726058632 0.0271832962 0.9969902039
-11.3 54.0 2699.8 0.9973576069 -0.0018107301 -0.0726262257 -0.0001964954 0.9996184707 -0.0276210885 0.0726485252 0.0275623742 0.9969766736
-147.9 248.1 2695.2 0.2203662246 -0.6654089093 -0.7132108808 0.9753898382 0.1448473036 0.1662345678 -0.0073072892 -0.7322911024 0.6809525490
-206.8 -12.9 2697.2 -0.0410843231 -0.6679198146 -0.7430983782 0.9568196535 0.1878981888 -0.2217892408 0.2877642810 -0.7201231718 0.6313591599
124.6 248.0 2715.0 0.1842159629 0.6577206850 0.7303889394 -0.9826371074 0.1399557590 0.1218058541 -0.0221079029 -0.7401458621 0.6720828414
170.0 5.8 2709.6 -0.0082877502 0.6596158743 0.7515572309 -0.9611471891 0.2021231949 -0.1879955530 -0.2759119868 -0.7239151597 0.6323127747
-100.9 -142.1 2689.9 0.9981496334 -0.0118737817 -0.0596352667 0.0124620507 0.9998772144 0.0095022172 0.0595151149 -0.0102278125 0.9981750250
-96.3 -530.2 2693.9 0.9978494048 -0.0259317607 -0.0602004677 0.0298286080 0.9974548221 0.0647619218 0.0583678596 -0.0664183423 0.9960832000
77.9 -142.4 2700.1 0.9934219122 0.0673155859 -0.0926362872 -0.0648122802 0.9974531531 0.0297745001 0.0944046453 -0.0235746726 0.9952547550
51.8 -529.6 2709.3 0.9940332770 -0.0577992871 -0.0925046355 0.0609608740 0.9976359010 0.0317226164 0.0904524028 -0.0371724963 0.9952067733
-196.4 -255.7 2624.1 0 0 0 0 0 0 0 0 0
167.9 -239.7 2639.1 0 0 0 0 0 0 0 0 0
-88.8 -820.2 2713.2 0 0 0 0 0 0 0 0 0
69.3 -831.2 2720.5 0 0 0 0 0 0 0 0 0
-11.2 444.8 2704.2 9 0.9955307245 0.0001964074 -0.0944378451 -0.0011017167 0.9999539256 -0.0095342537 0.0944316238 0.0095956866 0.9954851270
-11.2 247.3 2702.3 0.9955307245 0.0001964074 -0.0944378451 -0.0011017167 0.9999539256 -0.0095342537 0.0944316238 0.0095956866 0.9954851270
-11.0 53.3 2700.1 0.9955299497 -0.0013639684 -0.0944367573 0.0002883572 0.9999349713 -0.0114024598 0.0944461673 0.0113242585 0.9954655766
-147.2 247.3 2689.4 0.2254245877 -0.6512786150 -0.7245825529 0.9736307859 0.1238568723 0.1915792525 -0.0350269414 -0.7486625314 0.6620252728
-206.9 -10.8 2698.7 -0.0337464996 -0.6558036804 -0.7541768551 0.9563990235 0.1978511512 -0.2148390412 0.2901069820 -0.7285440564 0.6205332279
124.7 247.4 2715.2 0.1860340238 0.6711370349 0.7176116109 -0.9823336005 0.1421339512 0.1217317507 -0.0202982947 -0.7275802493 0.6857221723
169.9 8.7 2710.3 -0.0077115367 0.6724320054 0.7401187420 -0.9638419747 0.1921536177 -0.1846230030 -0.2663629055 -0.7147812247 0.6466363668
-100.2 -140.0 2687.9 0.9964678884 -0.0214544050 -0.0811881050 0.0223594084 0.9996973872 0.0102542005 0.0809435472 -0.0120332995 0.9966460466
-91.9 -528.1 2692.6 0.9965463281 -0.0109228604 -0.0823174417 0.0166748855 0.9974414706 0.0695160255 0.0813475177 -0.0706485733 0.9941787124
78.4 -140.0 2700.9 0.9910454750 0.0674326569 -0.1152460501 -0.0640543103 0.9974080920 0.0327745676 0.1171574146 -0.0250990801 0.9927961230
52.3 -527.3 2710.7 0.9912146330 -0.0632215217 -0.1161750704 0.0658430904 0.9976516366 0.0188644249 0.1147096083 -0.0263480190 0.9930495620
-198.4 -253.5 2625.1 0 0 0 0 0 0 0 0 0
168.0 -237.4 2642.3 0 0 0 0 0 0 0 0 0
-88.7 -818.5 2713.2 0 0 0 0 0 0 0 0 0
71.2 -826.6 2718.6 0 0 0 0 0 0 0 0 0
-10.6 441.0 2712.1 0 0.9964728951 0.0061998125 -0.0836856067 -0.0091250874 0.9993589520 -0.0346184298 0.0834173262 0.0352599658 0.9958906770
-11.8 243.4 2705.1 0.9964728951 0.0061998125 -0.0836856067 -0.0091250874 0.9993589520 -0.0346184298 0.0834173262 0.0352599658 0.9958906770
-12.4 49.4 2699.2 0.9964901805 0.0027162132 -0.0836655870 -0.0052542822 0.9995321631 -0.0301306453 0.0835446045 0.0304644946 0.9960382581
-148.0 244.1 2693.7 0.2252950370 -0.6595049500 -0.7171438932 0.9741002917 0.1379259527 0.1791789830 -0.0192566738 -0.7389382124 0.6734979749
-207.0 -11.1 2698.8 -0.0310026165 -0.6633235216 -0.7476902604 0.9532169104 0.2054200768 -0.2217658907 0.3006931245 -0.7195863128 0.6259226799
124.3 242.7 2716.5 0.1906636506 0.6636471748 0.7233393192 -0.9810776114 0.1541010141 0.1172162592 -0.0336770900 -0.7320008874 0.6804708242
169.8 8.6 2708.5 -0.0067878282 0.6641985774 0.7475253344 -0.9673814774 0.1849452853 -0.1731136143 -0.2532331049 -0.7243172526 0.6412780285
-99.9 -140.8 2689.5 0.9972222447 -0.0232498925 -0.0707621574 0.0242361519 0.9996202588 0.0131110288 0.0704304576 -0.0147896111 0.9974070191
-90.9 -528.9 2695.2 0.9973913431 -0.0073522450 -0.0718087479 0.0117984051 0.9980255961 0.0616902336 0.0712134019 -0.0623765327 0.9955088496
78.4 -140.8 2706.4 0.9917758703 0.0751053169 -0.1036329865 -0.0730340928 0.9970491529 0.0236434527 0.1051029265 -0.0158802643 0.9943345189
49.3 -527.8 2712.6 0.9917197227 -0.0744795799 -0.1046175733 0.0759826228 0.9970543981 0.0104502076 0.1035310850 -0.0183127951 0.9944576025
-199.1 -253.1 2622.4 0 0 0 0 0 0 0 0 0
168.0 -238.5 2643.8 0 0 0 0 0 0 0 0 0
-88.7 -821.0 2713.5 0 0 0 0 0 0 0 0 0
71.2 -822.2 2718.0 0 0 0 0 0 0 0 0 0
-12.5 442.2 2714.0 1 0.9967473745 -0.0003034603 -0.0805889592 -0.0027730749 0.9992715716 -0.0380609743 0.0805418044 0.0381606556 0.9960204959
-12.5 244.7 2706.5 0.9967473745 -0.0003034603 -0.0805889592 -0.0027730749 0.9992715716 -0.0380609743 0.0805418044 0.0381606556 0.9960204959
-12.3 50.7 2699.8 0.9967465997 -0.0011112029 -0.0805916414 -0.0016568371 0.9994111657 -0.0342714861 0.0805822685 0.0342935137 0.9961578250
-148.7 244.9 2695.5 0.2194074541 -0.6614978909 -0.7171338201 0.9755844474 0.1413981915 0.1680521667 -0.0097647253 -0.7364965081 0.6763708591
-206.9 -14.3 2698.1 -0.0291032512 -0.6648870111 -0.7463767529 0.9537447691 0.2050384134 -0.2198413163 0.2992055416 -0.7182510495 0.6281651855
123.7 244.5 2717.5 0.1891658157 0.6633650661 0.7239910960 -0.9816203117 0.1467153132 0.1220501214 -0.0252567884 -0.7337720394 0.6789261103
170.0 3.9 2711.3 -0.0083753821 0.6648314595 0.7469464540 -0.9614782333 0.1998864114 -0.1886929423 -0.2747534513 -0.7197531462 0.6375468373
-102.2 -144.1 2685.8 0.9973667264 -0.0251236539 -0.0680323169 0.0262582116 0.9995297790 0.0158340391 0.0676025152 -0.0175787508 0.9975574613
-92.5 -532.2 2692.7 0.9974716306 -0.0150613757 -0.0694510341 0.0204394925 0.9967914224 0.0773892626 0.0680626035 -0.0786131397 0.9945790172
76.3 -145.0 2700.8 0.9924372435 0.0717397109 -0.0996076316 -0.0684854984 0.9970124960 0.0357183702 0.1018724814 -0.0286265649 0.9943854809
48.4 -532.1 2711.9 0.9911518097 -0.0848376602 -0.1020813733 0.0853293464 0.9963526726 0.0004516554 0.1016707346 -0.0091581959 0.9947759509
-199.6 -256.4 2622.1 0 0 0 0 0 0 0 0 0
167.9 -241.5 2641.2 0 0 0 0 0 0 0 0 0
-88.1 -823.4 2715.6 0 0 0 0 0 0 0 0 0
73.1 -821.4 2714.6 0 0 0 0 0 0 0 0 0
-11.6 444.4 2716.0 2 0.9965470433 -0.0043648710 -0.0829152167 0.0011462696 0.9992453456 -0.0388259925 0.0830221176 0.0385968834 0.9957999587
-10.7 247.3 2708.4 0.9965470433 -0.0043648710 -0.0829152167 0.0011462696 0.9992453456 -0.0388259925 0.0830221176 0.0385968834 0.9957999587
-10.0 53.3 2701.2 0.9965481162 -0.0039825477 -0.0829218477 0.0008949076 0.9993059635 -0.0372394659 0.0830126032 0.0370367132 0.9958600402
-146.9 247.1 2697.0 0.2238146812 -0.6580955982 -0.7188999653 0.9746313095 0.1504342854 0.1657207608 -0.0009128978 -0.7377531528 0.6750699878
-206.8 -13.9 2697.3 -0.0272646230 -0.6604710221 -0.7503563762 0.9562740326 0.2014324069 -0.2120495141 0.2911986411 -0.7233277559 0.6260992885
125.4 247.4 2719.7 0.1816050857 0.6656909585 0.7237921953 -0.9829039574 0.1455743015 0.1127296686 -0.0303224195 -0.7318904996 0.6807472706
170.2 5.2 2712.3 -0.0261068214 0.6677184105 0.7439560294 -0.9595585465 0.1919316947 -0.2059360147 -0.2802959979 -0.7192457318 0.6357041597
-101.4 -143.1 2686.0 0.9972463846 -0.0231948961 -0.0704389587 0.0239771791 0.9996596575 0.0102805914 0.0701765269 -0.0119412104 0.9974631071
-92.4 -531.2 2690.6 0.9973176122 -0.0127119841 -0.0720831677 0.0192710366 0.9956606627 0.0910409689 0.0706130639 -0.0921858773 0.9932348728
77.2 -143.4 2700.4 0.9919393659 0.0751300007 -0.1020381078 -0.0720073730 0.9968259931 0.0339539163 0.1042651981 -0.0263327304 0.9942008853
48.0 -530.4 2710.6 0.9910683036 -0.0827274248 -0.1045933217 0.0831007585 0.9965408444 -0.0007909392 0.1042969450 -0.0079079093 0.9945147634
-199.9 -256.7 2623.4 0 0 0 0 0 0 0 0 0
163.5 -239.8 2640.7 0 0 0 0 0 0 0 0 0
-88.7 -822.5 2717.6 0 0 0 0 0 0 0 0 0
72.2 -821.9 2712.9 0 0 0 0 0 0 0 0 0
-12.6 445.8 2725.0 3 0.9972159266 -0.0066761104 -0.0742689520 0.0023911954 0.9983348846 -0.0576345250 0.0745300651 0.0572964735 0.9955713749
-11.3 249.3 2713.7 0.9972159266 -0.0066761104 -0.0742689520 0.0023911954 0.9983348846 -0.0576345250 0.0745300651 0.0572964735 0.9955713749
-10.1 55.5 2703.0 0.9972190857 -0.0059983106 -0.0742841139 0.0018905092 0.9984710217 -0.0552458242 0.0745019168 0.0549517535 0.9957056642
-147.5 249.0 2703.5 0.2216014713 -0.6635646224 -0.7145451307 0.9748920202 0.1671925634 0.1470787823 0.0218703467 -0.7291972637 0.6839540005
-206.8 -11.9 2697.7 -0.0306303110 -0.6646497846 -0.7465269566 0.9580359459 0.1934427023 -0.2115350068 0.2850068808 -0.7216790318 0.6308331490
125.0 249.5 2723.9 0.1842398793 0.6598198414 0.7284870744 -0.9819310904 0.1561457813 0.1069103107 -0.0432086401 -0.7350212932 0.6766659021
170.2 8.7 2713.3 -0.0056050615 0.6610376239 0.7503318191 -0.9597649574 0.2071051300 -0.1896278858 -0.2807487547 -0.7212049961 0.6332799196
-98.5 -140.8 2686.6 0.9979198575 -0.0166986566 -0.0622664019 0.0173307899 0.9998034835 0.0096258251 0.0620934255 -0.0106849279 0.9980131388
-92.0 -528.9 2690.7 0.9979538321 -0.0080856867 -0.0634251982 0.0138833281 0.9957075119 0.0915084481 0.0624130405 -0.0922017619 0.9937824011
80.1 -140.6 2701.4 0.9922153950 0.0839103162 -0.0920196846 -0.0809171647 0.9960778356 0.0357961357 0.0946624354 -0.0280715059 0.9951135516
47.5 -527.3 2712.3 0.9920030832 -0.0827084109 -0.0953373834 0.0826555640 0.9965679646 -0.0045100646 0.0953832045 -0.0034061673 0.9954348207
-199.1 -255.1 2625.3 0 0 0 0 0 0 0 0 0
168.7 -236.3 2641.6 0 0 0 0 0 0 0 0 0
-89.7 -818.6 2717.5 0 0 0 0 0 0 0 0 0
71.9 -821.1 2713.4 0 0 0 0 0 0 0 0 0
-12.3 447.6 2720.0 4 0.9978837967 -0.0031026902 -0.0649486557 0.0003769337 0.9991201162 -0.0419381186 0.0650216267 0.0418248847 0.9970069528
-11.7 250.9 2711.7 0.9978837967 -0.0031026902 -0.0649486557 0.0003769337 0.9991201162 -0.0419381186 0.0650216267 0.0418248847 0.9970069528
-11.2 57.0 2704.0 0.9978854656 -0.0023565621 -0.0649541840 -0.0002383066 0.9992031455 -0.0399125442 0.0649964884 0.0398436263 0.9970897436
-148.0 250.9 2702.9 0.2203650773 -0.6691089272 -0.7097411156 0.9753080606 0.1620444655 0.1500525028 0.0146081476 -0.7252826095 0.6882962584
-206.9 -9.8 2699.0 -0.0294671915 -0.6711872816 -0.7407019138 0.9523242712 0.2062665671 -0.2247946411 0.3036613464 -0.7120124698 0.6331098080
124.6 250.8 2720.6 0.1863542944 0.6523727179 0.7346304655 -0.9819796681 0.1475984454 0.1180279478 -0.0314320996 -0.7433872223 0.6681223512
170.0 11.6 2713.0 0.0012529107 0.6541880965 0.7563308477 -0.9565489292 0.2213071585 -0.1898349673 -0.2915692031 -0.7232295871 0.6260402203
-98.3 -138.5 2685.7 0.9985559583 -0.0111125251 -0.0525591932 0.0117890853 0.9998513460 0.0125798797 0.0524115898 -0.0131813390 0.9985385537
-94.0 -526.7 2690.8 0.9984638095 -0.0154396230 -0.0532126538 0.0198380537 0.9963397980 0.0831469223 0.0517341308 -0.0840748325 0.9951155782
80.4 -138.1 2699.0 0.9929555655 0.0844925791 -0.0830676407 -0.0810897648 0.9957560301 0.0435242616 0.0863925815 -0.0364817232 0.9955930114
47.6 -524.7 2713.2 0.9924840331 -0.0851918906 -0.0878510326 0.0842316523 0.9963394403 -0.0145868361 0.0887721330 0.0070773638 0.9960268140
-199.4 -251.5 2621.9 0 0 0 0 0 0 0 0 0
170.4 -232.6 2638.5 0 0 0 0 0 0 0 0 0
-89.5 -816.4 2715.3 0 0 0 0 0 0 0 0 0
72.9 -821.5 2711.1 0 0 0 0 0 0 0 0 0
-15.0 446.4 2727.5 5 0.9971117377 -0.0077656903 -0.0755504370 0.0027987917 0.9978402257 -0.0656278133 0.0758969113 0.0652268082 0.9949799776
-13.5 250.2 2714.6 0.9971117377 -0.0077656903 -0.0755504370 0.0027987917 0.9978402257 -0.0656278133 0.0758969113 0.0652268082 0.9949799776
-11.7 56.5 2703.0 0.9970976710 -0.0090618301 -0.0755913928 0.0044642487 0.9981418252 -0.0607701428 0.0760016143 0.0602563098 0.9952853322
-149.7 249.6 2704.3 0.2164726406 -0.6644448042 -0.7152990699 0.9760800004 0.1624433249 0.1444989890 0.0201839544 -0.7294691801 0.6837158203
-206.9 -8.1 2698.9 -0.0268125124 -0.6658942103 -0.7455642223 0.9571561217 0.1980203092 -0.2112820596 0.2883283496 -0.7192863226 0.6320552826
122.7 250.8 2725.0 0.1939590722 0.6588016748 0.7268838882 -0.9795551300 0.1703941673 0.1069464311 -0.0534002818 -0.7327660918 0.6783820987
170.1 11.7 2712.0 -0.0032115022 0.6593065858 0.7518673539 -0.9618076086 0.2037573159 -0.1827814281 -0.2737074792 -0.7237387300 0.6334717274
-100.2 -136.9 2690.5 0.9977201819 -0.0219158102 -0.0638288707 0.0223676749 0.9997295141 0.0063732550 0.0636719316 -0.0077864286 0.9979404807
-91.7 -525.1 2693.5 0.9978502393 -0.0069657653 -0.0651641339 0.0117889466 0.9971939921 0.0739269257 0.0644663274 -0.0745362118 0.9951323867
78.6 -137.0 2702.1 0.9921349287 0.0834952965 -0.0932570472 -0.0806105062 0.9961556792 0.0342903957 0.0957616270 -0.0265032016 0.9950513840
46.2 -523.7 2712.4 0.9910131097 -0.0922206268 -0.0968933180 0.0916593671 0.9957377911 -0.0102373417 0.0974244326 0.0012641603 0.9952421188
-200.1 -251.0 2625.8 0 0 0 0 0 0 0 0 0
169.2 -233.9 2642.1 0 0 0 0 0 0 0 0 0
-89.6 -821.7 2715.7 0 0 0 0 0 0 0 0 0
73.9 -822.3 2712.0 0 0 0 0 0 0 0 0 0
-15.1 444.3 2721.2 6 0.9967982769 -0.0112443231 -0.0791625679 0.0071878810 0.9986552596 -0.0513416231 0.0796334147 0.0506082326 0.9955387115
-12.9 247.9 2711.3 0.9967982769 -0.0112443231 -0.0791625679 0.0071878810 0.9986552596 -0.0513416231 0.0796334147 0.0506082326 0.9955387115
-10.4 54.1 2702.2 0.9967739582 -0.0129455347 -0.0792089328 0.0091965916 0.9988282919 -0.0475128554 0.0797312036 0.0466311239 0.9957250953
-149.0 246.7 2700.4 0.2202527672 -0.6617508531 -0.7166411281 0.9754361510 0.1521346420 0.1593088657 0.0036031650 -0.7341259122 0.6790037751
-207.0 -9.8 2699.4 -0.0268014092 -0.6641011238 -0.7471622229 0.9553509951 0.2029980421 -0.2147003412 0.2942551970 -0.7195564508 0.6290090680
123.3 249.2 2722.2 0.1944071054 0.6621518135 0.7237132192 -0.9803145528 0.1570873111 0.1196115464 -0.0344851688 -0.7327199578 0.6796559691
170.1 13.2 2713.9 0.0164003354 0.6628805399 0.7485455275 -0.9550660253 0.2319691479 -0.1844970286 -0.2959389687 -0.7118846178 0.6368990541
-99.3 -137.5 2684.5 0.9974548221 -0.0217394680 -0.0679065883 0.0237090047 0.9993172884 0.0283335354 0.0672442764 -0.0298714191 0.9972893000
-90.8 -525.4 2696.1 0.9976236224 -0.0058500818 -0.0686504617 0.0102943406 0.9978604913 0.0645634606 0.0681258887 -0.0651167482 0.9955494404
79.4 -136.8 2698.1 0.9916668534 0.0844310373 -0.0973049402 -0.0802157000 0.9956944585 0.0464546494 0.1008082032 -0.0382621512 0.9941698909
46.6 -523.3 2712.9 0.9900445938 -0.0969812945 -0.1020111889 0.0963579342 0.9952856302 -0.0110323736 0.1026002020 0.0010929547 0.9947220683
-200.1 -252.3 2624.7 0 0 0 0 0 0 0 0 0
174.3 -230.6 2638.3 0 0 0 0 0 0 0 0 0
-89.1 -822.1 2715.4 0 0 0 0 0 0 0 0 0
75.7 -822.0 2712.6 0 0 0 0 0 0 0 0 0
-15.4 441.7 2708.1 7 0.9981358647 -0.0102116251 -0.0601706468 0.0092720278 0.9998310208 -0.0158741120 0.0603225790 0.0152866160 0.9980618954
-13.4 244.5 2705.1 0.9981358647 -0.0102116251 -0.0601706468 0.0092720278 0.9998310208 -0.0158741120 0.0603225790 0.0152866160 0.9980618954
-11.0 50.6 2702.0 0.9981133938 -0.0122654764 -0.0601596199 0.0112702288 0.9997944236 -0.0168549642 0.0603539869 0.0161451530 0.9980464578
-149.8 243.0 2696.8 0.2185881734 -0.6727221012 -0.7068692446 0.9757614136 0.1429391950 0.1657046825 -0.0104338806 -0.7259568572 0.6876611114
-207.0 -12.4 2699.6 -0.0265557431 -0.6753388643 -0.7370293140 0.9562000036 0.1978400797 -0.2157332152 0.2915069759 -0.7104763985 0.6405052543
122.9 246.0 2713.3 0.1970282346 0.6471630931 0.7364507914 -0.9803367853 0.1384309232 0.1406294107 -0.0109373992 -0.7496777773 0.6617126465
169.9 12.1 2710.7 0.0170483179 0.6485633254 0.7609697580 -0.9565200210 0.2322136313 -0.1764829606 -0.2911679149 -0.7248740792 0.6243227124
-97.1 -140.6 2686.0 0.9987921119 -0.0098045059 -0.0481473133 0.0105781415 0.9998185635 0.0158396699 0.0479832813 -0.0163298473 0.9987146258
-93.3 -528.7 2692.4 0.9987155795 -0.0141766686 -0.0486439131 0.0178099088 0.9970177412 0.0750894323 0.0474343263 -0.0758593231 0.9959896207
81.5 -139.0 2700.3 0.9927595854 0.0883194879 -0.0814129189 -0.0852027312 0.9955196977 0.0410003997 0.0846692920 -0.0337669365 0.9958367944
47.2 -525.4 2713.4 0.9923629761 -0.0890094712 -0.0853991807 0.0889119878 0.9960271716 -0.0049518673 0.0855006650 -0.0026789610 0.9963344932
-200.3 -255.2 2625.6 0 0 0 0 0 0 0 0 0
174.3 -232.1 2636.4 0 0 0 0 0 0 0 0 0
-89.2 -819.6 2714.5 0 0 0 0 0 0 0 0 0
74.1 -826.8 2714.2 0 0 0 0 0 0 0 0 0
-14.7 442.9 2721.0 8 0.9964761734 -0.0072725248 -0.0835605115 0.0029247517 0.9986408949 -0.0520364828 0.0838253796 0.0516087189 0.9951431155
-13.2 246.1 2710.9 0.9964761734 -0.0072725248 -0.0835605115 0.0029247517 0.9986408949 -0.0520364828 0.0838253796 0.0516087189 0.9951431155
-11.2 52.3 2701.8 0.9964482784 -0.0101030655 -0.0835990384 0.0061332989 0.9988473058 -0.0476070680 0.0839836523 0.0469252393 0.9953616261
-149.3 245.3 2699.4 0.2141643614 -0.6593567729 -0.7206817865 0.9767823815 0.1486898959 0.1542321146 0.0054641156 -0.7369803190 0.6758921742
-206.8 -16.8 2697.9 -0.0302995984 -0.6614934206 -0.7493386269 0.9583943486 0.1936571747 -0.2097074687 0.2838349044 -0.7245159149 0.6281037927
122.8 246.9 2722.3 0.1925932467 0.6632843018 0.7231609821 -0.9799886346 0.1677867770 0.1070976630 -0.0503006503 -0.7293158174 0.6823256612
169.9 7.4 2710.0 0.0054171872 0.6636207104 0.7480496168 -0.9620948434 0.2074289918 -0.1770501882 -0.2726613581 -0.7187355757 0.6395897269
-97.9 -144.4 2693.4 0.9973450303 -0.0124014299 -0.0717573166 0.0131045859 0.9998705387 0.0093366010 0.0716322437 -0.0102521628 0.9973784089
-93.1 -532.5 2697.4 0.9972823858 -0.0140139628 -0.0723290592 0.0186705943 0.9977680445 0.0641121343 0.0712691620 -0.0652883276 0.9953181148
80.9 -142.4 2704.2 0.9910100102 0.0849258527 -0.1033766717 -0.0827991441 0.9962601066 0.0247005690 0.1050877720 -0.0159190111 0.9943355322
47.9 -529.1 2710.4 0.9903590679 -0.0891570002 -0.1060187519 0.0889257193 0.9960142374 -0.0069162818 0.1062128171 -0.0025781912 0.9943400621
-199.1 -260.0 2625.9 0 0 0 0 0 0 0 0 0
171.3 -238.2 2640.4 0 0 0 0 0 0 0 0 0
-89.1 -821.9 2716.3 0 0 0 0 0 0 0 0 0
74.6 -827.9 2711.2 0 0 0 0 0 0 0 0 0
-13.1 443.8 2718.0 9 0.9970552325 -0.0030044366 -0.0766276568 -0.0001549007 0.9991512895 -0.0411904976 0.0766863823 0.0410810709 0.9962086082
-12.6 246.7 2709.9 0.9970552325 -0.0030044366 -0.0766276568 -0.0001549007 0.9991512895 -0.0411904976 0.0766863823 0.0410810709 0.9962086082
-11.7 52.8 2702.8 0.9970495701 -0.0042476417 -0.0766431093 0.0014182946 0.9993167520 -0.0369326025 0.0767476186 0.0367149301 0.9963743091
-148.8 246.5 2699.4 0.2172643542 -0.6628207564 -0.7165645957 0.9761095643 0.1494160742 0.1577495486 0.0025065907 -0.7337189317 0.6794484854
-206.9 -14.7 2698.7 -0.0432310775 -0.6648383737 -0.7457352281 0.9579074383 0.1844551265 -0.2199764997 0.2838035226 -0.7238551378 0.6288794279
123.6 246.8 2720.4 0.1909002364 0.6577321291 0.7286601067 -0.9805262685 0.1626356691 0.1100814864 -0.0461019911 -0.7354849577 0.6759707928
169.9 9.3 2709.2 -0.0065988987 0.6583433151 0.7526888847 -0.9640610814 0.1957334429 -0.1796513051 -0.2655986249 -0.7268235683 0.6333915591
-98.4 -141.9 2685.1 0.9978752136 -0.0094290432 -0.0644681230 0.0106990542 0.9997549057 0.0193830561 0.0642695576 -0.0200316198 0.9977315068
-94.7 -530.0 2692.9 0.9976887703 -0.0200177543 -0.0649341792 0.0253489856 0.9962813258 0.0823461786 0.0630443245 -0.0838018730 0.9944861531
80.1 -140.9 2700.2 0.9922810197 0.0779023394 -0.0964862108 -0.0753282830 0.9967060685 0.0300447904 0.0985089540 -0.0225447342 0.9948807359
49.9 -527.8 2708.9 0.9920444489 -0.0785598233 -0.0983673409 0.0794929415 0.9968197346 0.0055968384 0.0976148248 -0.0133718215 0.9951344132
-195.9 -257.8 2626.7 0 0 0 0 0 0 0 0 0
168.2 -236.9 2641.4 0 0 0 0 0 0 0 0 0
-88.9 -820.9 2717.4 0 0 0 0 0 0 0 0 0
73.6 -828.8 2713.0 0 0 0 0 0 0 0 0 0
-13.6 444.9 2716.5 0 0.9970338941 -0.0017879753 -0.0769426078 -0.0009960139 0.9993466139 -0.0361290909 0.0769569352 0.0360985659 0.9963806868
-13.2 247.7 2709.4 0.9970338941 -0.0017879753 -0.0769426078 -0.0009960139 0.9993466139 -0.0361290909 0.0769569352 0.0360985659 0.9963806868
-12.3 53.7 2702.8 0.9970259070 -0.0042837635 -0.0769482478 0.0016488185 0.9994111061 -0.0342740230 0.0770497546 0.0340452157 0.9964458346
-149.4 247.5 2698.8 0.2152970135 -0.6622653008 -0.7176710963 0.9765408039 0.1489460319 0.1555092782 0.0039058565 -0.7343158126 0.6787967682
-206.8 -12.9 2697.8 -0.0348322615 -0.6646836996 -0.7463124990 0.9562870264 0.1947861314 -0.2181134671 0.2903477848 -0.7212863564 0.6288435459
123.0 247.9 2719.9 0.1925264299 0.6591805220 0.7269213200 -0.9807256460 0.1544144899 0.1197221652 -0.0333286636 -0.7359600663 0.6762040854
169.9 8.8 2711.8 -0.0079605719 0.6607201099 0.7505901456 -0.9582056403 0.2096193135 -0.1946835518 -0.2859695256 -0.7207695246 0.6314370632
-100.1 -141.2 2688.8 0.9978390932 -0.0123786433 -0.0645286664 0.0123702846 0.9999233484 -0.0005290855 0.0645302683 -0.0002702958 0.9979156852
-95.3 -529.3 2688.9 0.9976251125 -0.0215849802 -0.0654083043 0.0276791882 0.9952111840 0.0937470794 0.0630715489 -0.0953348875 0.9934451580
78.5 -141.0 2702.5 0.9926227927 0.0725957155 -0.0971072689 -0.0701343715 0.9971294999 0.0285288095 0.0988995954 -0.0215077903 0.9948649406
50.3 -528.1 2710.9 0.9920238256 -0.0767276138 -0.1000078022 0.0758593827 0.9970406294 -0.0124613391 0.1006679758 0.0047754156 0.9949086308
-198.0 -255.6 2624.1 0 0 0 0 0 0 0 0 0
167.9 -235.8 2638.8 0 0 0 0 0 0 0 0 0
-88.9 -822.1 2716.9 0 0 0 0 0 0 0 0 0
73.5 -828.6 2709.4 0 0 0 0 0 0 0 0 0
-14.4 444.3 2717.2 1 0.9967816472 -0.0032075013 -0.0801000893 -0.0001369518 0.9991295934 -0.0417130701 0.0801641643 0.0415897928 0.9959136248
-13.7 247.0 2709.0 0.9967816472 -0.0032075013 -0.0801000893 -0.0001369518 0.9991295934 -0.0417130701 0.0801641643 0.0415897928 0.9959136248
-12.5 53.0 2701.8 0.9967656732 -0.0062582968 -0.0801188201 0.0032391550 0.9992816448 -0.0377579518 0.0802975670 0.0373763144 0.9960699081
-149.9 246.6 2698.0 0.2151863873 -0.6613549590 -0.7185432315 0.9765720367 0.1447083205 0.1592687070 -0.0013539568 -0.7359817028 0.6770000458
-206.9 -12.0 2698.4 -0.0312493425 -0.6644704938 -0.7466608286 0.9540492892 0.2029048055 -0.2204985917 0.2980158925 -0.7192416787 0.6275969744
122.4 247.4 2720.0 0.1968657225 0.6626970768 0.7225485444 -0.9801391363 0.1509907842 0.1285652816 -0.0238983389 -0.7335082293 0.6792602539
170.1 10.0 2714.2 -0.0090541523 0.6647105217 0.7470461726 -0.9557523727 0.2139217257 -0.2019280046 -0.2940330803 -0.7158194184 0.6333617568
-100.8 -140.4 2689.2 0.9974538684 -0.0224208217 -0.0676984638 0.0219469499 0.9997292161 -0.0077354810 0.0678535625 0.0062300107 0.9976758361
-92.1 -528.4 2686.8 0.9975203872 -0.0085725160 -0.0698538646 0.0161805097 0.9939004779 0.1090871766 0.0684926435 -0.1099469587 0.9915747046
77.8 -140.1 2703.1 0.9922441840 0.0741015226 -0.0998019725 -0.0711212233 0.9969183207 0.0331009813 0.1019472405 -0.0257462170 0.9944565892
49.1 -527.1 2713.0 0.9918331504 -0.0749601945 -0.1031890884 0.0739066154 0.9971668720 -0.0140013834 0.1039462835 0.0062606805 0.9945632219
-199.0 -254.2 2622.8 0 0 0 0 0 0 0 0 0
167.8 -234.0 2639.1 0 0 0 0 0 0 0 0 0
-89.6 -823.1 2719.4 0 0 0 0 0 0 0 0 0
72.0 -831.8 2711.1 0 0 0 0 0 0 0 0 0
-11.6 443.9 2718.1 2 0.9977926016 0.0022490611 -0.0663694888 -0.0053913943 0.9988706708 -0.0472050086 0.0661883727 0.0474586301 0.9966778755
-12.0 247.0 2708.7 0.9977926016 0.0022490611 -0.0663694888 -0.0053913943 0.9988706708 -0.0472050086 0.0661883727 0.0474586301 0.9966778755
-12.1 53.1 2700.1 0.9977951050 0.0007407110 -0.0663651675 -0.0036893892 0.9990105629 -0.0443195775 0.0662666783 0.0444667079 0.9968106151
-148.3 247.5 2699.7 0.2189032733 -0.6701968908 -0.7091667056 0.9757142663 0.1562631130 0.1535041034 0.0079386244 -0.7255466580 0.6881272197
-206.9 -13.4 2697.6 -0.0336550586 -0.6723980308 -0.7394242287 0.9537707567 0.1994676590 -0.2247977108 0.2986447513 -0.7128067613 0.6346005201
124.3 246.5 2717.8 0.1891711652 0.6548417211 0.7317079902 -0.9816625714 0.1439611614 0.1249548867 -0.0235118624 -0.7419282198 0.6700668931
169.9 9.7 2712.1 -0.0130881798 0.6567697525 0.7539775372 -0.9605604410 0.2012046576 -0.1919382364 -0.2777630091 -0.7267531753 0.6282336712
-100.6 -141.2 2687.3 0.9982967973 -0.0221300628 -0.0539789349 0.0220950264 0.9997550845 -0.0012458462 0.0539932847 0.0000510583 0.9985412955
-92.0 -529.3 2687.3 0.9984058738 -0.0060700639 -0.0561149642 0.0122556193 0.9937946200 0.1105531305 0.0550956875 -0.1110646203 0.9922847748
78.0 -140.6 2701.7 0.9938976765 0.0710866377 -0.0843448117 -0.0676141828 0.9967697859 0.0433391929 0.0871531963 -0.0373718180 0.9954937100
50.4 -527.6 2716.2 0.9932039976 -0.0748245269 -0.0891464502 0.0726826787 0.9969885349 -0.0270393863 0.0909011960 0.0203762241 0.9956514239
-198.3 -255.5 2621.8 0 0 0 0 0 0 0 0 0
166.6 -235.5 2641.2 0 0 0 0 0 0 0 0 0
-90.2 -818.5 2719.6 0 0 0 0 0 0 0 0 0
73.0 -829.0 2710.1 0 0 0 0 0 0 0 0 0
-12.9 446.2 2726.5 3 0.9984422326 -0.0030216277 -0.0557134189 -0.0005581921 0.9979416132 -0.0641269311 0.0557925068 0.0640581325 0.9963853359
-12.3 249.9 2713.9 0.9984422326 -0.0030216277 -0.0557134189 -0.0005581921 0.9979416132 -0.0641269311 0.0557925068 0.0640581325 0.9963853359
-11.9 56.2 2702.2 0.9984441400 -0.0020755338 -0.0557222404 -0.0013110932 0.9981569052 -0.0606716760 0.0557454675 0.0606503375 0.9966012239
-148.7 250.1 2706.3 0.2165462822 -0.6771214008 -0.7032882571 0.9758617282 0.1710200161 0.1358161718 0.0283123292 -0.7157225609 0.6978105903
-206.9 -12.3 2698.7 -0.0345634185 -0.6781712174 -0.7340906858 0.9548487663 0.1944625080 -0.2246067375 0.2950749397 -0.7087087631 0.6408296824
124.1 249.7 2721.6 0.1867469549 0.6488741636 0.7376231551 -0.9819581509 0.1460090131 0.1201646477 -0.0297278855 -0.7467554212 0.6644340158
170.2 7.3 2714.2 -0.0120144114 0.6513332129 0.7586967349 -0.9564474225 0.2138257474 -0.1987130791 -0.2916573286 -0.7280409336 0.6203969717
-101.7 -140.5 2685.6 0.9988119006 -0.0207812935 -0.0440784656 0.0212051589 0.9997330904 0.0091704307 0.0438761264 -0.0100942263 0.9989860058
-93.6 -528.6 2689.5 0.9989013076 -0.0108284289 -0.0455954075 0.0148528442 0.9959323406 0.0888717249 0.0444476008 -0.0894513056 0.9949989319
77.1 -141.1 2697.4 0.9952149987 0.0652517155 -0.0727276579 -0.0620001815 0.9970106483 0.0461054668 0.0755187124 -0.0413757227 0.9962856174
51.8 -528.2 2713.5 0.9943960905 -0.0727065727 -0.0767476708 0.0715527236 0.9972800612 -0.0176822022 0.0778245330 0.0120916078 0.9968937635
-198.2 -254.7 2623.8 0 0 0 0 0 0 0 0 0
167.1 -236.9 2639.7 0 0 0 0 0 0 0 0 0
-90.5 -814.7 2715.2 0 0 0 0 0 0 0 0 0
73.8 -830.5 2709.8 0 0 0 0 0 0 0 0 0
-13.7 447.1 2721.8 4 0.9982942939 -0.0075783120 -0.0578887798 0.0046393038 0.9987012744 -0.0507365949 0.0581980944 0.0503814854 0.9970329404
-12.2 250.9 2711.8 0.9982942939 -0.0075783120 -0.0578887798 0.0046393038 0.9987012744 -0.0507365949 0.0581980944 0.0503814854 0.9970329404
-11.0 57.0 2702.5 0.9983024001 -0.0062615406 -0.0579061061 0.0034669572 0.9988299608 -0.0482357144 0.0581403822 0.0479530729 0.9971560836
-148.6 250.4 2703.9 0.2194380164 -0.6750019789 -0.7044283748 0.9754885435 0.1639395207 0.1467853487 0.0164032429 -0.7193720937 0.6944312453
-207.0 -9.3 2699.5 -0.0317423455 -0.6770956516 -0.7352101207 0.9506843090 0.2066110969 -0.2313249409 0.3085316718 -0.7062954903 0.6371458769
124.2 251.3 2719.8 0.1888708025 0.6508240104 0.7353610396 -0.9819102287 0.1353967488 0.1323631704 -0.0134203685 -0.7470580935 0.6646232605
170.3 11.5 2716.5 -0.0095701125 0.6544485092 0.7560459971 -0.9527634382 0.2235603929 -0.2055785209 -0.3035624921 -0.7223004103 0.6213951111
-101.0 -137.5 2685.4 0.9986370206 -0.0239885971 -0.0463531502 0.0246420968 0.9996041059 0.0135785872 0.0460090674 -0.0147023182 0.9988328218
-91.7 -525.5 2691.1 0.9988268614 -0.0076339254 -0.0478182808 0.0113868713 0.9968325496 0.0787098184 0.0470659547 -0.0791619793 0.9957500696
77.9 -137.7 2695.4 0.9948634505 0.0663308799 -0.0764654949 -0.0633385107 0.9971529245 0.0409186073 0.0789619610 -0.0358652137 0.9962322712
52.2 -524.8 2709.3 0.9943474531 -0.0708032101 -0.0791204423 0.0710263550 0.9974744320 0.0000060942 0.0789201856 -0.0056256959 0.9968650937
-198.9 -250.6 2621.2 0 0 0 0 0 0 0 0 0
167.9 -231.8 2639.0 0 0 0 0 0 0 0 0 0
-89.4 -816.6 2714.2 0 0 0 0 0 0 0 0 0
73.8 -829.1 2711.0 0 0 0 0 0 0 0 0 0
-14.5 442.6 2709.9 5 0.9962534308 -0.0110475011 -0.0857733116 0.0091250269 0.9996989965 -0.0227732472 0.0859990790 0.0219052415 0.9960543513
-12.3 245.8 2705.5 0.9962534308 -0.0110475011 -0.0857733116 0.0091250269 0.9996989965 -0.0227732472 0.0859990790 0.0219052415 0.9960543513
-10.0 51.8 2701.3 0.9962386489 -0.0123038422 -0.0857738927 0.0103899892 0.9996877909 -0.0227236077 0.0860266984 0.0217469465 0.9960554838
-148.4 244.3 2693.8 0.2255979180 -0.6566277146 -0.7196843624 0.9739716053 0.1353169382 0.1818479151 -0.0220208950 -0.7419766784 0.6700639725
-207.0 -8.7 2699.5 -0.0295533165 -0.6611121297 -0.7497048974 0.9511054158 0.2120986879 -0.2245274633 0.3074492514 -0.7196838856 0.6225190759
123.7 247.3 2717.3 0.1950664818 0.6671587229 0.7189216614 -0.9807552099 0.1388622969 0.1372462213 -0.0082661035 -0.7318582535 0.6814067364
170.2 13.5 2715.3 0.0078882091 0.6693887711 0.7428703904 -0.9531819820 0.2296128571 -0.1967791021 -0.3022943139 -0.7065384388 0.6398605704
-99.2 -137.2 2688.0 0.9970303178 -0.0227605011 -0.0735700354 0.0228420477 0.9997390509 0.0002671203 0.0735447556 -0.0019468172 0.9972900152
-90.4 -525.3 2688.8 0.9971420765 -0.0038281055 -0.0754519999 0.0112809958 0.9950632453 0.0985997543 0.0747020617 -0.0991691351 0.9922626019
79.7 -136.5 2698.4 0.9914546013 0.0749409050 -0.1067785546 -0.0714199468 0.9967808127 0.0364307091 0.1091649607 -0.0284932740 0.9936152101
50.6 -523.5 2709.5 0.9917110801 -0.0675657094 -0.1092884094 0.0682127774 0.9976683855 0.0021886211 0.1088857204 -0.0096253455 0.9940076470
-199.5 -250.2 2621.5 0 0 0 0 0 0 0 0 0
172.3 -229.9 2638.1 0 0 0 0 0 0 0 0 0
-89.2 -819.5 2718.1 0 0 0 0 0 0 0 0 0
71.3 -830.0 2712.5 0 0 0 0 0 0 0 0 0
-14.5 441.9 2702.9 6 0.9933512211 -0.0138116730 -0.1142915487 0.0131861493 0.9998936653 -0.0062272842 0.1143654063 0.0046788147 0.9934277534
-11.7 244.7 2702.0 0.9933512211 -0.0138116730 -0.1142915487 0.0131861493 0.9998936653 -0.0062272842 0.1143654063 0.0046788147 0.9934277534
-8.7 50.6 2700.8 0.9933215380 -0.0159842055 -0.1142664552 0.0151792038 0.9998534918 -0.0079116272 0.1143761724 0.0061243162 0.9934186339
-147.4 242.5 2686.4 0.2259284705 -0.6378716826 -0.7362581491 0.9730101824 0.1113135070 0.2021396607 -0.0469836891 -0.7620558143 0.6458045244
-207.0 -14.2 2698.8 -0.0290200952 -0.6451779604 -0.7634809613 0.9502844214 0.2190926671 -0.2212643325 0.3100279570 -0.7319452167 0.6067445278
123.9 246.8 2717.6 0.1925164461 0.6859514713 0.7017178535 -0.9812844396 0.1376892924 0.1346199214 -0.0042763012 -0.7145013809 0.6996209621
170.4 9.9 2716.6 0.0010763012 0.6884390116 0.7252934575 -0.9527850747 0.2209370136 -0.2082966119 -0.3036436737 -0.6908245683 0.6561721563
-96.9 -143.1 2689.4 0.9946127534 -0.0177407898 -0.1021307632 0.0191846099 0.9997292161 0.0131720649 0.1018694192 -0.0150604434 0.9946837425
-90.0 -531.2 2695.3 0.9946666360 -0.0022702815 -0.1031171903 0.0108437408 0.9965189099 0.0826586634 0.1025705710 -0.0833359882 0.9912286997
81.5 -141.2 2704.8 0.9870364666 0.0826271549 -0.1375929564 -0.0802644789 0.9965164065 0.0226417724 0.1389844567 -0.0113044288 0.9902300239
49.4 -528.0 2709.2 0.9874907136 -0.0730071217 -0.1397572905 0.0731579512 0.9973120689 -0.0040647895 0.1396783888 -0.0062104152 0.9901774526
-199.6 -255.4 2620.1 0 0 0 0 0 0 0 0 0
170.6 -233.4 2639.0 0 0 0 0 0 0 0 0 0
-89.4 -821.0 2719.5 0 0 0 0 0 0 0 0 0
71.4 -827.4 2711.1 0 0 0 0 0 0 0 0 0
-12.1 444.8 2718.4 7 0.9962319136 -0.0085647115 -0.0863053352 0.0050402088 0.9991475344 -0.0409730561 0.0865826830 0.0403836705 0.9954258204
-10.4 248.3 2710.5 0.9962319136 -0.0085647115 -0.0863053352 0.0050402088 0.9991475344 -0.0409730561 0.0865826830 0.0403836705 0.9954258204
-8.7 54.5 2703.1 0.9962186217 -0.0098257074 -0.0863242000 0.0064825406 0.9992211461 -0.0389233567 0.0866394117 0.0382165723 0.9955064654
-146.4 247.3 2698.7 0.2233849913 -0.6549534202 -0.7218969464 0.9747204185 0.1534323245 0.1624149978 0.0043880716 -0.7399287224 0.6726709604
-206.8 -16.1 2697.5 -0.0319957696 -0.6575888991 -0.7526972294 0.9540029168 0.2045048922 -0.2192172259 0.2980850637 -0.7250893712 0.6207984090
125.6 249.3 2722.3 0.1831301153 0.6692125797 0.7201513052 -0.9828161597 0.1418747455 0.1180847138 -0.0231475085 -0.7294011712 0.6836944222
170.3 9.3 2716.7 0.0021748780 0.6719230413 0.7406178117 -0.9505967498 0.2312934548 -0.2070487291 -0.3104208708 -0.7035785317 0.6392308474
-94.6 -144.8 2689.4 0.9971847534 -0.0095513742 -0.0743728131 0.0105781341 0.9998539686 0.0134239318 0.0742337331 -0.0141728660 0.9971401691
-90.9 -532.9 2694.9 0.9971900582 -0.0033972196 -0.0748358518 0.0092705516 0.9968886375 0.0782760233 0.0743370876 -0.0787498429 0.9941189289
83.2 -142.0 2709.9 0.9902188182 0.0887200385 -0.1076824144 -0.0878468081 0.9960513115 0.0128353797 0.1083959639 -0.0032502776 0.9941024780
48.8 -528.7 2711.1 0.9910559654 -0.0758749917 -0.1097773761 0.0751164034 0.9971137047 -0.0110353651 0.1102978289 0.0026905828 0.9938949347
-198.7 -258.2 2621.8 0 0 0 0 0 0 0 0 0
170.8 -233.4 2637.4 0 0 0 0 0 0 0 0 0
-89.9 -823.5 2717.9 0 0 0 0 0 0 0 0 0
71.2 -822.7 2710.4 0 0 0 0 0 0 0 0 0
-14.1 445.0 2726.7 8 0.9968359470 -0.0096335756 -0.0789007470 0.0045737517 0.9979355335 -0.0640603229 0.0793549940 0.0634967610 0.9948220849
-12.2 248.9 2714.2 0.9968359470 -0.0096335756 -0.0789007470 0.0045737517 0.9979355335 -0.0640603229 0.0793549940 0.0634967610 0.9948220849
-10.1 55.3 2702.8 0.9968140721 -0.0113448724 -0.0789490938 0.0066514062 0.9982085228 -0.0594602451 0.0794822276 0.0587456860 0.9951037765
-148.4 248.0 2703.4 0.2207329422 -0.6620398760 -0.7162263393 0.9752192497 0.1610916406 0.1516474783 0.0149814049 -0.7319512963 0.6811922193
-207.0 -10.9 2699.4 -0.0287368093 -0.6637084484 -0.7474392056 0.9563463330 0.1992941499 -0.2137371749 0.2908194065 -0.7209528089 0.6290079951
123.9 249.9 2725.1 0.1898923367 0.6628550887 0.7242679596 -0.9807708859 0.1619168669 0.1089561656 -0.0450490415 -0.7310308218 0.6808556914
170.0 11.6 2714.1 -0.0058222204 0.6647341251 0.7470573187 -0.9515125155 0.2260862738 -0.2085879892 -0.3075549603 -0.7120488286 0.6311865449
-96.1 -140.0 2688.0 0.9976422787 -0.0118969241 -0.0675899014 0.0143877966 0.9992305636 0.0364862718 0.0671038181 -0.0373727158 0.9970458150
