-383.9 538.1 2431.1 0 0.9908139110 0.0712003261 -0.1149710044 -0.0585127436 0.9921866059 0.1101910025 0.1219183207 -0.1024515033 0.9872383475
-398.3 336.6 2451.9 0.9908139110 0.0712003261 -0.1149710044 -0.0585127436 0.9921866059 0.1101910025 0.1219183207 -0.1024515033 0.9872383475
-411.9 142.0 2469.6 0.9908719659 0.0689524487 -0.1158374548 -0.0576901101 0.9935212731 0.0979149193 0.1218384504 -0.0903384760 0.9884302616
-539.5 344.8 2434.5 0.1785294116 -0.9177747369 -0.3547065854 0.9834949374 0.1772258729 0.0364508107 0.0294095520 -0.3553596735 0.9342668653
-587.1 82.4 2426.7 -0.0679673180 -0.9182837009 -0.3900454938 0.9717528224 0.0276283547 -0.2343780398 0.2260018587 -0.3949578702 0.8904669881
-257.2 328.4 2469.2 0.0846731961 0.9946000576 0.0600098111 -0.9638686776 0.0664936528 0.2579453290 0.2525621653 -0.0796826333 0.9642940760
-235.9 86.1 2532.7 0.0342478491 0.9946000576 0.0979684293 -0.9350667596 0.0664936528 -0.3481791914 -0.3528133035 -0.0796826333 0.9322947264
-514.4 -47.6 2475.6 0.7175515294 -0.0158418231 -0.6963252425 0.0561362803 0.9978042841 0.0351468474 0.6942394972 -0.0643087849 0.7168653011
-508.2 -438.4 2500.7 0.7204714417 0.0288661066 -0.6928836107 -0.0821911544 0.9956455231 -0.0439842567 0.6885967851 0.0886383057 0.7197066545
-335.8 -58.3 2500.3 0.9962456226 -0.0480812155 -0.0719918534 0.0532903075 0.9959599972 0.0722757801 0.0682258978 -0.0758408979 0.9947831035
-316.9 -448.4 2530.0 0.9959951043 0.0579670742 -0.0680700094 -0.0584238321 0.9982806444 -0.0047369446 0.0676783845 0.0086948844 0.9976692796
-568.2 -187.7 2363.8 0 0 0 0 0 0 0 0 0
-227.1 -154.0 2442.1 0 0 0 0 0 0 0 0 0
-517.2 -747.8 2473.2 0 0 0 0 0 0 0 0 0
-335.1 -760.8 2527.2 0 0 0 0 0 0 0 0 0
-382.7 540.5 2432.2 1 0.9949079752 0.0691405833 -0.0733331814 -0.0611360557 0.9924545884 0.1062839702 0.0801283941 -0.1012594700 0.9916279316
-396.8 338.0 2452.8 0.9949079752 0.0691405833 -0.0733331814 -0.0611360557 0.9924545884 0.1062839702 0.0801283941 -0.1012594700 0.9916279316
-409.4 143.4 2470.5 0.9951862693 0.0641283169 -0.0741072819 -0.0569880791 0.9938689470 0.0947463140 0.0797288492 -0.0900669992 0.9927392602
-538.5 346.1 2441.5 0.1810337752 -0.9296674132 -0.3208507895 0.9816381931 0.1907488108 0.0011741300 0.0601103567 -0.3151719570 0.9471290112
-587.2 81.8 2425.3 -0.0780636519 -0.9314503670 -0.3553959727 0.9709517360 0.0098442724 -0.2390727401 0.2261830121 -0.3637352288 0.9036248922
-255.1 329.9 2464.2 0.0926274583 0.9935186505 0.0658851489 -0.9364474416 0.0644386262 0.3448389173 0.3383583724 -0.0936395302 0.9363467693
-231.5 90.9 2550.5 0.0215020478 0.9935186505 0.1116170287 -0.9154573083 0.0644386262 -0.3972222805 -0.4018402100 -0.0936395302 0.9109094739
-514.9 -47.4 2476.3 0.7461054325 -0.0132586900 -0.6656958461 0.0581722222 0.9972766042 0.0453360640 0.6632817984 -0.0725504905 0.7448447347
-509.7 -438.0 2504.7 0.7504855990 0.0234181583 -0.6604717970 -0.0851016790 0.9944761992 -0.0614390895 0.6553847194 0.1023164093 0.7483329773
-335.8 -57.8 2498.3 0.9983558655 -0.0487307608 -0.0301807243 0.0508121848 0.9960701466 0.0725425854 0.0265270621 -0.0739568621 0.9969085455
-316.8 -447.9 2527.2 0.9980078340 0.0570520237 -0.0269333664 -0.0568740740 0.9983544946 0.0073281140 0.0273071304 -0.0057817050 0.9996103644
-565.5 -188.1 2362.4 0 0 0 0 0 0 0 0 0
-226.0 -143.9 2447.4 0 0 0 0 0 0 0 0 0
-517.0 -746.9 2472.9 0 0 0 0 0 0 0 0 0
-334.5 -759.0 2529.0 0 0 0 0 0 0 0 0 0
-383.1 540.7 2431.7 2 0.9957949519 0.0637276322 -0.0658117011 -0.0565553196 0.9927968979 0.1056209728 0.0720686242 -0.1014548317 0.9922263026
-396.1 337.3 2452.5 0.9957949519 0.0637276322 -0.0658117011 -0.0565553196 0.9927968979 0.1056209728 0.0720686242 -0.1014548317 0.9922263026
-408.1 142.6 2470.0 0.9959045649 0.0611787997 -0.0665678531 -0.0548120849 0.9941006303 0.0935928375 0.0719010383 -0.0895608068 0.9933826327
-538.0 345.2 2442.3 0.1794226021 -0.9326635003 -0.3129637837 0.9821257591 0.1882136315 0.0021586446 0.0568907596 -0.3077571094 0.9497625828
-585.7 83.9 2427.1 -0.0847381055 -0.9337773919 -0.3476768732 0.9704216719 0.0018213551 -0.2414093167 0.2260558009 -0.3578497469 0.9060034752
-254.3 329.5 2462.7 0.0968391150 0.9927950501 0.0705703124 -0.9510955811 0.0714093000 0.3005294204 0.2933247387 -0.0962221175 0.9511581659
-230.1 91.7 2536.1 0.0317188129 0.9927950501 0.1155504212 -0.9309945703 0.0714093000 -0.3579801321 -0.3636522591 -0.0962221175 0.9265518785
-511.8 -46.1 2480.9 0.7511998415 -0.0023985282 -0.6600704789 0.0514565222 0.9971630573 0.0549371727 0.6580661535 -0.0752337277 0.7491921186
-510.8 -436.7 2510.3 0.7565320134 0.0143400682 -0.6537994146 -0.0872184634 0.9930405021 -0.0791424662 0.6481143832 0.1168971881 0.7525176406
-332.1 -56.4 2495.3 0.9990037680 -0.0382941514 -0.0229145717 0.0400006734 0.9960443377 0.0793446526 0.0197854936 -0.0801822022 0.9965838194
-317.1 -446.6 2526.7 0.9984177947 0.0525344051 -0.0200518444 -0.0524183922 0.9986055493 0.0062684207 0.0203531906 -0.0052074171 0.9997792840
-562.2 -185.9 2364.3 0 0 0 0 0 0 0 0 0
-221.9 -147.2 2442.8 0 0 0 0 0 0 0 0 0
-515.3 -748.4 2473.6 0 0 0 0 0 0 0 0 0
-333.6 -760.0 2528.3 0 0 0 0 0 0 0 0 0
-383.6 538.9 2431.0 3 0.9948577285 0.0668165982 -0.0761158839 -0.0584859848 0.9925524592 0.1068600118 0.0826890245 -0.1018588021 0.9913563132
-397.3 336.4 2451.8 0.9948577285 0.0668165982 -0.0761158839 -0.0584859848 0.9925524592 0.1068600118 0.0826890245 -0.1018588021 0.9913563132
-409.9 141.8 2469.4 0.9949432015 0.0646138266 -0.0768966824 -0.0571944527 0.9938272238 0.0950593799 0.0825641677 -0.0901806206 0.9924971461
-539.0 344.6 2440.0 0.1701033264 -0.9315056801 -0.3214997053 0.9844238162 0.1753438860 0.0128147742 0.0444359705 -0.3186717927 0.9468229413
-584.0 84.5 2428.3 -0.0793235153 -0.9314102530 -0.3552220166 0.9681065679 0.0129737156 -0.2502025962 0.2376498133 -0.3637397289 0.9006752968
-255.5 328.3 2463.5 0.1060433760 0.9895967841 0.0972265080 -0.9585042596 0.0757087693 0.2748414278 0.2646212876 -0.1223371327 0.9565611482
-229.5 93.2 2528.4 0.0319724195 0.9895967841 0.1402710080 -0.9448054433 0.0757087693 -0.3187646568 -0.3260682225 -0.1223371327 0.9373970032
-510.1 -47.1 2481.1 0.7442435026 0.0077660056 -0.6678632498 0.0411989130 0.9974945188 0.0575096309 0.6666365862 -0.0703164041 0.7420588136
-513.1 -437.8 2508.6 0.7487221956 0.0054412824 -0.6628615856 -0.0753117353 0.9941899180 -0.0769058019 0.6585918069 0.1075023338 0.7447818518
-330.1 -57.0 2494.1 0.9989293814 -0.0320139006 -0.0333954915 0.0346955471 0.9959386587 0.0830806643 0.0306001231 -0.0841503888 0.9959831238
-317.6 -447.1 2527.0 0.9984151721 0.0472210124 -0.0306155495 -0.0472458117 0.9988833070 -0.0000866770 0.0305772685 0.0015329961 0.9995312095
-561.9 -184.6 2362.2 0 0 0 0 0 0 0 0 0
-221.3 -149.3 2444.8 0 0 0 0 0 0 0 0 0
-514.8 -748.8 2475.0 0 0 0 0 0 0 0 0 0
-332.5 -761.3 2526.5 0 0 0 0 0 0 0 0 0
-384.0 540.0 2437.6 4 0.9948028326 0.0708303154 -0.0731464177 -0.0641123578 0.9938369989 0.0904301107 0.0791008100 -0.0852705389 0.9932129383
-398.4 338.5 2454.9 0.9948028326 0.0708303154 -0.0731464177 -0.0641123578 0.9938369989 0.0904301107 0.0791008100 -0.0852705389 0.9932129383
-412.1 143.7 2469.6 0.9948081374 0.0699930787 -0.0738767236 -0.0640376136 0.9947263002 0.0801174492 0.0790947899 -0.0749706030 0.9940439463
-540.2 347.6 2443.7 0.1632744074 -0.9334058166 -0.3195232153 0.9848783612 0.1732251644 -0.0027664420 0.0579316765 -0.3142398298 0.9475743771
-584.0 83.2 2428.1 -0.0775848478 -0.9336590767 -0.3496587873 0.9701106548 0.0101842014 -0.2424491048 0.2299258113 -0.3580181003 0.9049625397
-256.6 329.4 2466.2 0.1124767736 0.9859468937 0.1235218421 -0.9662191272 0.0795133114 0.2451494038 0.2318826765 -0.1469227821 0.9615841508
-229.1 92.5 2523.0 0.0315813348 0.9859468937 0.1640466005 -0.9523216486 0.0795133114 -0.2945523262 -0.3034568429 -0.1469227821 0.9414497614
-512.5 -47.7 2479.6 0.7461580038 -0.0106012439 -0.6656845212 0.0488584563 0.9980490804 0.0388706140 0.6639736891 -0.0615279377 0.7452202439
-508.3 -438.6 2503.7 0.7494971752 0.0230487902 -0.6616061926 -0.0808591843 0.9950981140 -0.0569340512 0.6570508480 0.0961688459 0.7476869226
-332.7 -58.0 2494.5 0.9986471534 -0.0418471247 -0.0308661852 0.0442118011 0.9957824349 0.0803908035 0.0273718797 -0.0816466957 0.9962853789
-316.3 -448.1 2526.5 0.9982761145 0.0518303514 -0.0275393017 -0.0517622083 0.9986543655 0.0031820841 0.0276671723 -0.0017511034 0.9996156693
-562.4 -186.5 2364.2 0 0 0 0 0 0 0 0 0
-221.0 -152.0 2445.1 0 0 0 0 0 0 0 0 0
-515.5 -748.0 2473.8 0 0 0 0 0 0 0 0 0
-332.5 -759.9 2527.1 0 0 0 0 0 0 0 0 0
-383.5 539.3 2433.0 5 0.9871197939 0.0692202374 -0.1442327946 -0.0536157489 0.9925504923 0.1094023958 0.1507311910 -0.1002601162 0.9834775329
-397.6 336.5 2453.4 0.9871197939 0.0692202374 -0.1442327946 -0.0536157489 0.9925504923 0.1094023958 0.1507311910 -0.1002601162 0.9834775329
-411.1 141.9 2470.6 0.9870578647 0.0682969242 -0.1450941563 -0.0545101501 0.9937943816 0.0969607010 0.1508158743 -0.0877967179 0.9846554399
-537.9 344.2 2432.0 0.1810872704 -0.9077050090 -0.3785222173 0.9833718538 0.1724751443 0.0568515696 0.0136812171 -0.3825231791 0.9238445759
-585.4 86.3 2428.4 -0.0742416903 -0.9064685702 -0.4156956971 0.9688507915 0.0331914946 -0.2454106957 0.2362546474 -0.4209668040 0.8757686019
-257.3 328.8 2474.9 0.1167198643 0.9914320111 0.0586429760 -0.9717395306 0.1018040925 0.2129746675 0.2051798105 -0.0818440691 0.9752962589
-229.1 93.8 2524.5 0.0316072740 0.9935653210 0.1087608859 -0.9530141354 0.0627576932 -0.2963536978 -0.3012723327 -0.0942837298 0.9488654137
-515.7 -45.4 2477.1 0.6967335343 -0.0097492905 -0.7172637582 0.0530035011 0.9978739619 0.0379229449 0.7153691053 -0.0644396767 0.6957690120
-511.9 -436.2 2502.4 0.7009717226 0.0102914888 -0.7131147981 -0.0723775029 0.9957600832 -0.0567744859 0.7095069885 0.0914107785 0.6987445354
-335.9 -56.9 2491.4 0.9934454560 -0.0531771407 -0.1011843607 0.0607548952 0.9954544306 0.0733439028 0.0968241990 -0.0790106133 0.9921604991
-315.1 -446.8 2522.4 0.9936669469 0.0545592494 -0.0982306451 -0.0527823903 0.9983935356 0.0205993466 0.0991967320 -0.0152840419 0.9949504733
-564.8 -183.1 2362.8 0 0 0 0 0 0 0 0 0
-221.0 -151.0 2447.1 0 0 0 0 0 0 0 0 0
-515.1 -748.5 2473.7 0 0 0 0 0 0 0 0 0
-332.2 -759.7 2527.2 0 0 0 0 0 0 0 0 0
-383.7 540.3 2431.1 6 0.9838817716 0.0691929907 -0.1648907363 -0.0503683053 0.9920025468 0.1157321930 0.1715798825 -0.1055615321 0.9794983864
-397.8 337.8 2452.7 0.9838817716 0.0691929907 -0.1648907363 -0.0503683053 0.9920025468 0.1157321930 0.1715798825 -0.1055615321 0.9794983864
-410.5 143.2 2471.1 0.9840521216 0.0646456182 -0.1657177210 -0.0478414036 0.9934819341 0.1034640074 0.1713260561 -0.0938858092 0.9807307720
-537.8 344.5 2428.3 0.1729972363 -0.9008589387 -0.3981521428 0.9848474264 0.1632047892 0.0586494170 0.0121454848 -0.4022653103 0.9154425859
-584.0 81.8 2425.1 -0.0743729547 -0.8989998102 -0.4315878153 0.9709522128 0.0334179997 -0.2369282842 0.2274212688 -0.4366721809 0.8704004288
-257.8 331.0 2477.0 0.1103037372 0.9930929542 0.0399941020 -0.9747469425 0.1002294794 0.1995555907 0.1941686571 -0.0609958544 0.9790700078
-230.9 93.4 2524.4 0.0435992815 0.9950984120 0.0887593180 -0.9509097934 0.0685803592 -0.3017736375 -0.3063816428 -0.0712449923 0.9492388964
-513.5 -47.9 2474.3 0.6817367673 -0.0144006573 -0.7314558029 0.0572388284 0.9977914691 0.0337039642 0.7293550372 -0.0648449063 0.6810553670
-507.9 -438.7 2499.7 0.6846100092 0.0278449263 -0.7283775210 -0.0834060833 0.9956992269 -0.0403300077 0.7241219282 0.0883614421 0.6839880943
-335.6 -57.6 2501.4 0.9914496541 -0.0480610840 -0.1213165522 0.0568663739 0.9959112406 0.0701930150 0.1174469590 -0.0764916688 0.9901288748
-316.8 -447.7 2531.4 0.9917899966 0.0518482141 -0.1168947220 -0.0537242703 0.9984717965 -0.0129536605 0.1160444543 0.0191273931 0.9930598140
-563.3 -188.2 2361.8 0 0 0 0 0 0 0 0 0
-219.7 -151.0 2445.6 0 0 0 0 0 0 0 0 0
-516.5 -747.3 2472.3 0 0 0 0 0 0 0 0 0
-332.9 -758.4 2525.4 0 0 0 0 0 0 0 0 0
-383.4 540.9 2429.7 7 0.9872862101 0.0568151958 -0.1484518349 -0.0393008590 0.9921929836 0.1183578372 0.1540173888 -0.1110187769 0.9818113446
-394.9 338.6 2452.3 0.9872862101 0.0568151958 -0.1484518349 -0.0393008590 0.9921929836 0.1183578372 0.1540173888 -0.1110187769 0.9818113446
-405.2 144.0 2471.7 0.9874275923 0.0523504056 -0.1491515189 -0.0367290117 0.9937270284 0.1056293249 0.1537456363 -0.0988231227 0.9831562638
-535.5 343.8 2430.4 0.1812169254 -0.9058910608 -0.3827815950 0.9833024144 0.1734872907 0.0549411178 0.0166370757 -0.3863463402 0.9222037196
-583.9 81.6 2426.0 -0.0776965246 -0.9047139287 -0.4188746512 0.9723173976 0.0241048913 -0.2324173003 0.2203681022 -0.4253371358 0.8777962327
-254.4 333.4 2474.2 0.0733997375 0.9972459078 0.0106365401 -0.9681118131 0.0686857775 0.2409185618 0.2395244688 -0.0279807188 0.9704870582
-235.9 89.8 2534.5 0.0548068024 0.9972459078 0.0499687046 -0.9366590977 0.0686857775 -0.3434413970 -0.3459276557 -0.0279807188 0.9378438592
-512.1 -47.1 2474.0 0.6943272948 -0.0119801881 -0.7195596695 0.0550300591 0.9978178144 0.0364873521 0.7175523043 -0.0649315715 0.6934714317
-507.4 -437.9 2499.4 0.6968774199 0.0298670791 -0.7165680528 -0.0832431316 0.9957480431 -0.0394521803 0.7123429179 0.0871427059 0.6964005828
-334.4 -55.6 2504.9 0.9934604168 -0.0480521843 -0.1035731509 0.0545303412 0.9966685176 0.0606492572 0.1003137678 -0.0659005195 0.9927710295
-315.6 -446.0 2530.7 0.9931290746 0.0605685189 -0.1001301929 -0.0614855587 0.9980893731 -0.0060951095 0.0995697081 0.0122097917 0.9949556589
-562.3 -188.7 2364.7 0 0 0 0 0 0 0 0 0
-221.8 -150.7 2445.7 0 0 0 0 0 0 0 0 0
-516.7 -747.8 2472.3 0 0 0 0 0 0 0 0 0
-334.7 -760.8 2526.9 0 0 0 0 0 0 0 0 0
-383.8 539.7 2430.0 8 0.9858626723 0.0670168027 -0.1535693407 -0.0495641641 0.9921531081 0.1147850752 0.1600568295 -0.1055507809 0.9814483523
-397.5 336.7 2451.6 0.9858626723 0.0670168027 -0.1535693407 -0.0495641641 0.9921531081 0.1147850752 0.1600568295 -0.1055507809 0.9814483523
-410.1 142.1 2469.8 0.9859274030 0.0640876889 -0.1544019133 -0.0485839322 0.9935793281 0.1021747515 0.1599586904 -0.0932354331 0.9827107191
-537.9 343.6 2428.8 0.1619715095 -0.9069477320 -0.3888586760 0.9866940379 0.1544987261 0.0506457686 0.0141451079 -0.3918877244 0.9199042916
-581.0 81.4 2425.0 -0.0650012344 -0.9059982896 -0.4182606339 0.9750418663 0.0315055475 -0.2197742164 0.2122925967 -0.4221072197 0.8813383579
-257.1 329.8 2474.4 0.1019368842 0.9900503159 0.0970013142 -0.9651832581 0.0748192146 0.2506459057 0.2408945113 -0.1191741079 0.9632068276
-231.7 89.2 2534.4 0.0287614670 0.9900503159 0.1377431005 -0.9366440177 0.0748192146 -0.3421988785 -0.3490999341 -0.1191741079 0.9294766188
-504.7 -47.3 2477.1 0.6901733279 0.0112148002 -0.7235572338 0.0419640392 0.9975770116 0.0554898567 0.7224263549 -0.0686610043 0.6880304217
-509.1 -437.9 2504.0 0.6927284598 0.0259604976 -0.7207311392 -0.0889103860 0.9948027134 -0.0496234708 0.7156970501 0.0984560698 0.6914362907
-326.3 -53.9 2504.9 0.9934408069 -0.0316444337 -0.1098817810 0.0395964384 0.9966931343 0.0709574223 0.1072730124 -0.0748429298 0.9914085865
-313.9 -444.2 2534.2 0.9922885299 0.0631306991 -0.1066674441 -0.0653151646 0.9977180362 -0.0171078909 0.1053439975 0.0239429660 0.9941475391
-562.9 -189.7 2366.0 0 0 0 0 0 0 0 0 0
-224.3 -151.4 2444.7 0 0 0 0 0 0 0 0 0
-517.1 -746.5 2473.5 0 0 0 0 0 0 0 0 0
-333.9 -759.5 2526.6 0 0 0 0 0 0 0 0 0
-383.3 538.8 2429.6 9 0.9882805347 0.0736668333 -0.1336964965 -0.0586456060 0.9918616414 0.1130096689 0.1409334987 -0.1038445458 0.9845578074
-398.3 336.7 2450.8 0.9882805347 0.0736668333 -0.1336964965 -0.0586456060 0.9918616414 0.1130096689 0.1409334987 -0.1038445458 0.9845578074
-412.3 142.2 2469.1 0.9883258939 0.0716520548 -0.1344540119 -0.0580260530 0.9930223227 0.1026628911 0.1408718377 -0.0936625600 0.9855873585
-539.1 345.0 2430.7 0.1763252616 -0.9120412469 -0.3702568710 0.9842596650 0.1679231375 0.0550888292 0.0119314091 -0.3741424382 0.9272944927
-585.9 83.8 2427.6 -0.0776140615 -0.9108061790 -0.4054727554 0.9723522663 0.0206904374 -0.2326005548 0.2202434242 -0.4123154283 0.8840185404
-257.5 328.5 2470.8 0.1042385697 0.9886669517 0.1080367193 -0.9679260254 0.0758801326 0.2395023406 0.2285902053 -0.1295369416 0.9648661613
-231.9 91.0 2526.9 0.0303383209 0.9886669517 0.1470278800 -0.9460420012 0.0758801326 -0.3150344789 -0.3226206601 -0.1295369416 0.9376225471
-511.7 -48.0 2473.6 0.7044707537 -0.0080878241 -0.7096869349 0.0580613762 0.9972401857 0.0462697484 0.7073541284 -0.0738010854 0.7029961348
-508.5 -438.6 2502.5 0.7077926993 0.0287213027 -0.7058360577 -0.0872324780 0.9950793982 -0.0469833389 0.7010135651 0.0948262960 0.7068153620
-333.5 -56.8 2502.5 0.9947842956 -0.0485416017 -0.0897100419 0.0541391335 0.9966651797 0.0610526390 0.0864472836 -0.0655910298 0.9940949082
-314.5 -447.1 2528.2 0.9943456054 0.0613955259 -0.0866455808 -0.0615124963 0.9981054664 0.0013218239 0.0865625739 0.0040154359 0.9962383509
-564.3 -186.5 2366.3 0 0 0 0 0 0 0 0 0
-224.1 -152.0 2444.1 0 0 0 0 0 0 0 0 0
-517.4 -747.3 2473.1 0 0 0 0 0 0 0 0 0
-333.8 -760.2 2527.0 0 0 0 0 0 0 0 0 0
-382.3 539.0 2429.0 0 0.9879308939 0.0674470589 -0.1394395530 -0.0514277741 0.9919804335 0.1154555753 0.1461084485 -0.1068910658 0.9834768176
-396.0 337.1 2450.7 0.9879308939 0.0674470589 -0.1394395530 -0.0514277741 0.9919804335 0.1154555753 0.1461084485 -0.1068910658 0.9834768176
-408.6 142.5 2469.6 0.9880365729 0.0643602610 -0.1401478946 -0.0498360842 0.9932452440 0.1047868058 0.1459453404 -0.0965487733 0.9845700860
-536.8 344.2 2429.9 0.1948940307 -0.9067848325 -0.3738417029 0.9807507992 0.1848349273 0.0629597083 0.0120080989 -0.3789160252 0.9253531694
-588.0 86.6 2426.8 -0.0793413669 -0.9065928459 -0.4144808352 0.9738520384 0.0182996579 -0.2264449447 0.2128782272 -0.4216094613 0.8814353943
-255.2 330.0 2471.5 0.1044559404 0.9892269373 0.1025622487 -0.9500200748 0.0687429085 0.3045262992 0.2941952050 -0.1292457730 0.9469660521
-229.0 91.5 2545.4 0.0133184129 0.9892269373 0.1457829773 -0.9214869142 0.0687429085 -0.3822777569 -0.3881810009 -0.1292457730 0.9124752283
-515.7 -47.0 2474.8 0.7004072666 -0.0160999335 -0.7135618329 0.0699305460 0.9964833856 0.0461579412 0.7103093863 -0.0822291225 0.6990700960
-509.3 -437.3 2507.0 0.7061919570 0.0245084427 -0.7075961232 -0.0968982950 0.9933425188 -0.0623003952 0.7013584375 0.1125608906 0.7038653493
-337.1 -57.5 2500.2 0.9937465191 -0.0575527214 -0.0956843048 0.0647039711 0.9952017665 0.0733952671 0.0910010859 -0.0791274458 0.9927021861
-314.5 -447.2 2531.2 0.9937322140 0.0653368011 -0.0907049105 -0.0662875995 0.9977723360 -0.0075064837 0.0900124013 0.0134720458 0.9958495498
-565.9 -184.2 2367.6 0 0 0 0 0 0 0 0 0
-225.6 -144.7 2445.9 0 0 0 0 0 0 0 0 0
-517.0 -748.7 2471.7 0 0 0 0 0 0 0 0 0
-335.0 -760.7 2527.0 0 0 0 0 0 0 0 0 0
-383.7 538.3 2430.6 1 0.9887964725 0.0581969284 -0.1374576390 -0.0434540994 0.9932094216 0.1079203263 0.1428048611 -0.1007381380 0.9846109152
-395.5 336.3 2451.1 0.9887964725 0.0581969284 -0.1374576390 -0.0434540994 0.9932094216 0.1079203263 0.1428048611 -0.1007381380 0.9846109152
-406.7 141.6 2468.9 0.9887992740 0.0567836650 -0.1380274594 -0.0434058197 0.9942323565 0.0980711654 0.1428001970 -0.0909815058 0.9855610132
-536.4 342.5 2430.7 0.1826552898 -0.9105780721 -0.3707891107 0.9831218123 0.1731549650 0.0590667054 0.0104191266 -0.3753197193 0.9268368483
-584.4 84.3 2428.0 -0.0743974373 -0.9097747207 -0.4083809257 0.9712142944 0.0268250238 -0.2366922051 0.2262914181 -0.4142346680 0.8815904856
-254.6 330.1 2471.4 0.1060017422 0.9842103124 0.1417520493 -0.9623195529 0.0656384304 0.2638799846 0.2504090369 -0.1643825024 0.9540826678
-228.4 92.1 2533.4 0.0046363091 0.9842103124 0.1769421250 -0.9379410744 0.0656384304 -0.3405262530 -0.3467636406 -0.1643825024 0.9234356284
-510.5 -47.5 2475.4 0.7020485997 0.0048479056 -0.7121125460 0.0609165691 0.9959027171 0.0668355525 0.7095187902 -0.0903012604 0.6988767982
-512.4 -437.5 2510.7 0.7087346911 0.0170588475 -0.7052688599 -0.1019720137 0.9916862249 -0.0784864947 0.6980665326 0.1275437921 0.7045819759
-331.9 -56.5 2501.7 0.9946107864 -0.0452685803 -0.0932744220 0.0515707843 0.9964660406 0.0663017556 0.0899434015 -0.0707546771 0.9934303761
-314.2 -446.7 2529.4 0.9939706922 0.0627940893 -0.0898838863 -0.0633620769 0.9979845285 -0.0034769010 0.0894844010 0.0091511672 0.9959461689
-563.7 -185.7 2365.1 0 0 0 0 0 0 0 0 0
-227.2 -148.4 2444.5 0 0 0 0 0 0 0 0 0
-517.7 -747.7 2470.8 0 0 0 0 0 0 0 0 0
-333.9 -760.3 2526.6 0 0 0 0 0 0 0 0 0
-382.8 539.3 2429.9 2 0.9906750917 0.0666872561 -0.1188093275 -0.0535714403 0.9924469590 0.1103589609 0.1252714992 -0.1029650867 0.9867650270
-396.3 337.7 2450.9 0.9906750917 0.0666872561 -0.1188093275 -0.0535714403 0.9924469590 0.1103589609 0.1252714992 -0.1029650867 0.9867650270
-409.3 143.1 2469.1 0.9906193018 0.0663087890 -0.1194844246 -0.0544045158 0.9934709072 0.1002782360 0.1253536344 -0.0928370655 0.9877589345
-537.5 345.5 2433.0 0.1709007472 -0.9179754257 -0.3579302728 0.9850335121 0.1674440652 0.0408834331 0.0224033128 -0.3595603108 0.9328528643
-583.1 82.8 2427.0 -0.0754751340 -0.9171516299 -0.3913265169 0.9719102383 0.0200717188 -0.2344943732 0.2229214907 -0.3980327249 0.8898741007
-255.2 329.9 2468.7 0.1087417006 0.9834135175 0.1451657861 -0.9656535387 0.0698340908 0.2502726614 0.2359839827 -0.1673949212 0.9572306275
-228.5 92.7 2526.7 0.0113148196 0.9834135175 0.1810244173 -0.9447307587 0.0698340908 -0.3203232586 -0.3276519179 -0.1673949212 0.9298511744
-507.2 -49.2 2473.8 0.7150666118 0.0122238714 -0.6989494562 0.0499727726 0.9963952303 0.0685509816 0.6972678304 -0.0839469582 0.7118781209
-511.9 -439.4 2506.7 0.7193641663 0.0225393549 -0.6942673922 -0.0946137086 0.9933381081 -0.0657851920 0.6881594658 0.1130107194 0.7167043686
-328.4 -57.0 2499.6 0.9964693785 -0.0370146297 -0.0753567740 0.0429687873 0.9959489703 0.0789895877 0.0721277297 -0.0819486976 0.9940231442
-313.9 -447.1 2531.7 0.9952819347 0.0653182417 -0.0717452988 -0.0662284195 0.9977505207 -0.0103788618 0.0709059760 0.0150814718 0.9973689914
-562.1 -187.4 2365.1 0 0 0 0 0 0 0 0 0
-225.6 -149.8 2442.6 0 0 0 0 0 0 0 0 0
-519.0 -748.5 2471.5 0 0 0 0 0 0 0 0 0
-334.4 -760.2 2527.0 0 0 0 0 0 0 0 0 0
-383.1 538.9 2430.6 3 0.9887748957 0.0739977807 -0.1298016906 -0.0600411482 0.9923006296 0.1083257422 0.1368181705 -0.0993163362 0.9856049418
-398.2 337.5 2450.8 0.9887748957 0.0739977807 -0.1298016906 -0.0600411482 0.9923006296 0.1083257422 0.1368181705 -0.0993163362 0.9856049418
-412.5 143.0 2468.5 0.9887551069 0.0731160343 -0.1304505616 -0.0603083745 0.9932014346 0.0995682850 0.1368437260 -0.0905813873 0.9864425063
-539.1 346.1 2431.3 0.1717807651 -0.9140135646 -0.3675194383 0.9849800467 0.1659750789 0.0476087593 0.0174840186 -0.3701775968 0.9287964702
-585.2 81.5 2426.6 -0.0831885785 -0.9121052027 -0.4014270902 0.9710829854 0.0162612293 -0.2381876409 0.2237798870 -0.4096335173 0.8843771219
-257.3 328.9 2470.3 0.1114414856 0.9859860539 0.1241463274 -0.9695273042 0.0804456547 0.2313984931 0.2181686461 -0.1461506486 0.9649053812
-230.4 95.0 2522.9 0.0326457657 0.9859860539 0.1636024714 -0.9521585107 0.0804456547 -0.2948265374 -0.3038559556 -0.1461506486 0.9414411783
-511.8 -46.5 2475.9 0.7071653605 -0.0098218210 -0.7069799900 0.0509242080 0.9980142117 0.0370725058 0.7052119374 -0.0622187853 0.7062612176
-508.0 -437.2 2500.3 0.7095254064 0.0337340496 -0.7038719058 -0.0906854793 0.9949189425 -0.0437309779 0.6988202929 0.0948592052 0.7089794874
-332.8 -56.3 2498.6 0.9950366020 -0.0496233590 -0.0862533450 0.0558468178 0.9958899617 0.0713041425 0.0823604912 -0.0757672116 0.9937183261
-313.4 -446.4 2528.3 0.9942203164 0.0683465973 -0.0827934965 -0.0681267604 0.9976615906 0.0054807151 0.0829744786 0.0001914149 0.9965516329
-562.1 -188.5 2364.4 0 0 0 0 0 0 0 0 0
-222.0 -149.5 2444.9 0 0 0 0 0 0 0 0 0
-518.5 -747.0 2470.7 0 0 0 0 0 0 0 0 0
-334.9 -761.5 2528.2 0 0 0 0 0 0 0 0 0
-383.8 537.8 2430.4 4 0.9889207482 0.0723847523 -0.1296002716 -0.0585761741 0.9924929142 0.1073621213 0.1363987327 -0.0985811427 0.9857368469
-398.5 336.4 2450.4 0.9889207482 0.0723847523 -0.1296002716 -0.0585761741 0.9924929142 0.1073621213 0.1363987327 -0.0985811427 0.9857368469
-412.5 141.8 2467.9 0.9889107347 0.0712884665 -0.1302826703 -0.0587148033 0.9934598207 0.0979296044 0.1364118457 -0.0891941115 0.9866287112
-539.4 344.8 2431.0 0.1881096810 -0.9117302895 -0.3651884198 0.9820541143 0.1797479093 0.0571000166 0.0135820368 -0.3693758547 0.9291808009
-588.5 88.5 2427.5 -0.0978569910 -0.9089384079 -0.4052838683 0.9690299630 0.0057524201 -0.2468762249 0.2267266363 -0.4168907702 0.8802255988
-257.6 328.1 2469.9 0.0988916457 0.9936196208 0.0542268045 -0.9581304193 0.0803610086 0.2748239338 0.2687127292 -0.0791341439 0.9599642158
-233.0 90.1 2536.6 0.0468120240 0.9936196208 0.1026096418 -0.9322081804 0.0803610086 -0.3528880775 -0.3588823378 -0.0791341439 0.9300221801
-516.2 -46.1 2473.9 0.7070630789 -0.0206079111 -0.7068501115 0.0671309903 0.9970170856 0.0380836129 0.7039568424 -0.0743790641 0.7063373923
-508.1 -436.5 2503.0 0.7113086581 0.0324370638 -0.7021309137 -0.0964143276 0.9939948916 -0.0517539755 0.6962357759 0.1045085341 0.7101645470
-337.4 -57.0 2498.6 0.9947627783 -0.0539904051 -0.0867871121 0.0613082610 0.9945785999 0.0839926228 0.0817818046 -0.0888735056 0.9926798344
-316.3 -446.5 2533.4 0.9948889613 0.0601044968 -0.0811384991 -0.0613476709 0.9980329275 -0.0129143894 0.0802026764 0.0178260412 0.9966191649
-561.3 -180.9 2364.4 0 0 0 0 0 0 0 0 0
-221.0 -149.0 2444.6 0 0 0 0 0 0 0 0 0
-518.2 -747.0 2470.4 0 0 0 0 0 0 0 0 0
-335.2 -760.7 2527.8 0 0 0 0 0 0 0 0 0
-383.6 538.4 2429.9 5 0.9858400822 0.0731295124 -0.1509018242 -0.0566009395 0.9922002554 0.1110632271 0.1578468233 -0.1009493992 0.9822899699
-398.5 336.8 2450.4 0.9858400822 0.0731295124 -0.1509018242 -0.0566009395 0.9922002554 0.1110632271 0.1578468233 -0.1009493992 0.9822899699
-412.3 142.2 2468.3 0.9859271049 0.0704255477 -0.1516177654 -0.0553973690 0.9933265448 0.1011609584 0.1577302665 -0.0913381055 0.9832489491
-538.9 344.7 2427.9 0.1890006065 -0.9045731425 -0.3821337521 0.9819754362 0.1734149754 0.0751763880 -0.0017348249 -0.3894543648 0.9210441113
-588.8 85.4 2428.4 -0.0974541306 -0.9006503820 -0.4234755933 0.9653949738 0.0178733934 -0.2601788938 0.2418991625 -0.4341767132 0.8677415252
-258.0 328.9 2472.8 0.1087493524 0.9892372489 0.0978942215 -0.9699046612 0.0840085819 0.2285332680 0.2178496569 -0.1198009104 0.9686017036
-230.5 83.9 2527.9 0.0391900688 0.9892372489 0.1409745961 -0.9409638047 0.0840085819 -0.3279170990 -0.3362308741 -0.1198009104 0.9341287613
-515.8 -47.4 2473.1 0.6917127967 -0.0178099107 -0.7219530344 0.0691687986 0.9967337847 0.0416830517 0.7188525796 -0.0787693262 0.6906853914
-508.8 -437.8 2503.9 0.6962631941 0.0284549389 -0.7172223330 -0.0927141011 0.9944086075 -0.0505527817 0.7117735744 0.1016946658 0.6950083375
-337.0 -58.0 2497.7 0.9927159548 -0.0536984503 -0.1078494340 0.0625586137 0.9947876334 0.0805232078 0.1029633135 -0.0866835862 0.9909008741
-316.0 -447.7 2531.7 0.9931008220 0.0563461371 -0.1028393134 -0.0571832210 0.9983501434 -0.0052074250 0.1023762226 0.0110521810 0.9946843386
-561.8 -182.9 2361.1 0 0 0 0 0 0 0 0 0
-220.5 -157.6 2441.6 0 0 0 0 0 0 0 0 0
-517.7 -746.9 2472.3 0 0 0 0 0 0 0 0 0
-333.8 -762.2 2528.2 0 0 0 0 0 0 0 0 0
-384.8 541.7 2437.6 6 0.9853169918 0.0665092245 -0.1572479159 -0.0522656143 0.9942891002 0.0930454135 0.1625382602 -0.0834605694 0.9831661582
-398.4 338.3 2454.6 0.9853169918 0.0665092245 -0.1572479159 -0.0522656143 0.9942891002 0.0930454135 0.1625382602 -0.0834605694 0.9831661582
-410.8 143.5 2469.6 0.9854254127 0.0636738017 -0.1577414870 -0.0506089740 0.9950517416 0.0855029374 0.1624052525 -0.0762736350 0.9837717414
-538.8 345.5 2431.5 0.1871027648 -0.9025014639 -0.3879222572 0.9821878076 0.1788277328 0.0576861948 0.0173093807 -0.3918057680 0.9198850989
-588.6 84.0 2426.9 -0.0914894491 -0.8996252418 -0.4269707799 0.9674258828 0.0213373713 -0.2522535622 0.2360441089 -0.4361411333 0.8683686256
-257.9 331.1 2477.8 0.1043680161 0.9901558161 0.0932672173 -0.9773536921 0.0847544745 0.1938980520 0.1840844750 -0.1113918126 0.9765781164
-232.1 88.9 2523.4 0.0390034057 0.9904025197 0.1325955093 -0.9464223981 0.0791856498 -0.3130722344 -0.3205671906 -0.1132804826 0.9404276609
-515.2 -47.3 2471.9 0.6871277094 -0.0174369048 -0.7263274193 0.0687065050 0.9967912436 0.0410685204 0.7232806683 -0.0781227350 0.6861209273
-508.3 -437.8 2502.5 0.6906650662 0.0347323641 -0.7223402262 -0.0941958949 0.9946572185 -0.0422391221 0.7170138359 0.0972145647 0.6902466416
-337.0 -57.4 2500.4 0.9917140603 -0.0600134432 -0.1135852411 0.0671880394 0.9959089160 0.0604250692 0.1094942391 -0.0675559565 0.9916890860
-313.5 -447.4 2526.9 0.9913641810 0.0708740130 -0.1103354096 -0.0703179166 0.9974846840 0.0089280177 0.1106906384 -0.0010923611 0.9938542843
-563.2 -184.9 2361.3 0 0 0 0 0 0 0 0 0
-222.0 -154.2 2441.1 0 0 0 0 0 0 0 0 0
-519.1 -746.8 2472.3 0 0 0 0 0 0 0 0 0
-335.7 -760.7 2527.2 0 0 0 0 0 0 0 0 0
-383.8 540.6 2432.9 7 0.9876424074 0.0673768446 -0.1415022761 -0.0526831523 0.9930611849 0.1051376536 0.1476042569 -0.0963836163 0.9843389392
-397.5 338.1 2452.6 0.9876424074 0.0673768446 -0.1415022761 -0.0526831523 0.9930611849 0.1051376536 0.1476042569 -0.0963836163 0.9843389392
-410.1 143.4 2469.5 0.9877363443 0.0644726455 -0.1421978176 -0.0512670837 0.9941892028 0.0946544111 0.1474741548 -0.0862035304 0.9853021502
-538.2 345.5 2431.6 0.1828729957 -0.9080673456 -0.3767906427 0.9828777313 0.1776579916 0.0488769487 0.0225563087 -0.3792774081 0.9250080585
-586.6 85.4 2425.6 -0.0841099918 -0.9062860608 -0.4142113626 0.9687663913 0.0229405351 -0.2469116747 0.2332748473 -0.4220417738 0.8760499954
-256.8 330.8 2473.6 0.0779420584 0.9968627691 0.0137709919 -0.9678471684 0.0723453835 0.2409106940 0.2391586304 -0.0321052894 0.9704495668
-237.1 87.1 2533.8 0.0560560375 0.9968627691 0.0558777712 -0.9316861033 0.0723453835 -0.3559875488 -0.3589132428 -0.0321052894 0.9328185916
-512.4 -46.8 2469.8 0.6985704303 -0.0120193753 -0.7154403329 0.0665846467 0.9966124296 0.0482715368 0.7124365568 -0.0813584104 0.6970043182
-507.6 -437.2 2501.7 0.7011697888 0.0405921265 -0.7118378878 -0.0946483016 0.9948414564 -0.0364995971 0.7066842318 0.0929666609 0.7013947368
-334.2 -56.0 2499.2 0.9937654734 -0.0531377830 -0.0980131477 0.0601707324 0.9957128763 0.0702520236 0.0938599110 -0.0757115558 0.9927024245
-313.4 -446.0 2528.9 0.9933424592 0.0659217238 -0.0944726467 -0.0655139983 0.9978241324 0.0074142972 0.0947558507 -0.0011756554 0.9954998493
-563.3 -183.9 2360.7 0 0 0 0 0 0 0 0 0
-222.7 -152.1 2441.7 0 0 0 0 0 0 0 0 0
-520.3 -746.8 2472.8 0 0 0 0 0 0 0 0 0
-334.2 -760.3 2529.2 0 0 0 0 0 0 0 0 0
-384.7 541.4 2431.1 8 0.9912292957 0.0584699474 -0.1185146868 -0.0458441749 0.9932452440 0.1065936163 0.1239466667 -0.1002255082 0.9872143269
-396.6 339.1 2451.5 0.9912292957 0.0584699474 -0.1185146868 -0.0458441749 0.9932452440 0.1065936163 0.1239466667 -0.1002255082 0.9872143269
-407.7 144.4 2469.0 0.9912348986 0.0570518598 -0.1191571653 -0.0457476638 0.9943738580 0.0955393314 0.1239374727 -0.0892507583 0.9882680774
-537.8 345.7 2433.9 0.1807076484 -0.9163577557 -0.3572578430 0.9830175042 0.1800785959 0.0353312008 0.0319584720 -0.3575753272 0.9333373308
-585.7 85.0 2425.4 -0.0778504312 -0.9158015251 -0.3940138221 0.9686564207 0.0240285844 -0.2472393811 0.2358897924 -0.4009117186 0.8852264285
-255.4 332.6 2469.2 0.0882697999 0.9948355556 0.0501067787 -0.9676642418 0.0737088323 0.2412320077 0.2362928689 -0.0697800368 0.9691730738
-232.7 84.6 2529.7 0.0445084050 0.9948355556 0.0912208781 -0.9346618056 0.0737088323 -0.3478136361 -0.3527411520 -0.0697800368 0.9331154227
-512.0 -46.6 2473.0 0.7151787877 -0.0037452015 -0.6989315152 0.0560979620 0.9970671535 0.0520592555 0.6966866851 -0.0764403045 0.7132913470
-510.5 -437.2 2503.0 0.7183670998 0.0294557568 -0.6950403452 -0.0873255581 0.9950184822 -0.0480875485 0.6901615262 0.0952393040 0.7173607945
-333.4 -55.9 2499.7 0.9958189726 -0.0528928861 -0.0744774491 0.0579780340 0.9960089922 0.0678573027 0.0705910400 -0.0718916506 0.9949113131
-312.7 -446.0 2527.8 0.9952060580 0.0671688840 -0.0710864514 -0.0668738633 0.9977400899 0.0065247058 0.0713640600 -0.0017396009 0.9974488020
-564.1 -184.3 2359.8 0 0 0 0 0 0 0 0 0
-221.3 -155.5 2439.1 0 0 0 0 0 0 0 0 0
-519.7 -747.7 2473.2 0 0 0 0 0 0 0 0 0
-333.8 -759.8 2528.4 0 0 0 0 0 0 0 0 0
-383.6 541.2 2430.7 9 0.9862858057 0.0625422150 -0.1527377814 -0.0457109399 0.9927321672 0.1113255471 0.1585902572 -0.1028170139 0.9819764495
-396.4 338.9 2451.6 0.9862858057 0.0625422150 -0.1527377814 -0.0457109399 0.9927321672 0.1113255471 0.1585902572 -0.1028170139 0.9819764495
-408.2 144.3 2469.5 0.9862970114 0.0605423972 -0.1534694135 -0.0455299541 0.9939936996 0.0995162874 0.1585725844 -0.0911651626 0.9831295013
-536.8 345.4 2429.1 0.1740425378 -0.9058260322 -0.3862490952 0.9846699834 0.1646997035 0.0574374832 0.0115867434 -0.3903244436 0.9206044674
-582.9 84.7 2426.0 -0.0661235154 -0.9045415521 -0.4212270677 0.9666722417 0.0465679206 -0.2517463565 0.2473307103 -0.4238348901 0.8713159561
-255.9 332.5 2474.2 0.0995802507 0.9915692210 0.0829107687 -0.9715874195 0.0789157674 0.2231371254 0.2147129476 -0.1027751118 0.9712546468
-231.3 92.5 2527.3 0.0403807648 0.9915692210 0.1231252030 -0.9418476224 0.0789157674 -0.3266424835 -0.3336051404 -0.1027751118 0.9370938540
-508.5 -46.2 2475.2 0.6905193925 -0.0037530842 -0.7233041525 0.0500818975 0.9978347421 0.0426342972 0.7215780020 -0.0656642541 0.6892121434
-507.0 -437.1 2501.0 0.6922429204 0.0354633145 -0.7207927108 -0.0880414918 0.9954813123 -0.0355761498 0.7162740231 0.0880870000 0.6922370791
-329.3 -54.5 2497.6 0.9931238890 -0.0419166498 -0.1093065962 0.0505236275 0.9957347512 0.0771989971 0.1056044474 -0.0821907297 0.9910057187
-312.9 -444.5 2529.8 0.9923694134 0.0634061322 -0.1057480350 -0.0637456328 0.9979661703 0.0001698774 0.1055437326 0.0065723942 0.9943929315
-564.5 -184.0 2357.2 0 0 0 0 0 0 0 0 0
-220.9 -149.5 2441.5 0 0 0 0 0 0 0 0 0
-518.0 -746.7 2473.6 0 0 0 0 0 0 0 0 0
-332.9 -759.1 2527.8 0 0 0 0 0 0 0 0 0
-383.3 539.0 2430.5 0 0.9840775132 0.0684859231 -0.1640157104 -0.0508047640 0.9926685691 0.1096724048 0.1703242511 -0.0995933637 0.9803422093
-397.2 336.9 2450.8 0.9840775132 0.0684859231 -0.1640157104 -0.0508047640 0.9926685691 0.1096724048 0.1703242511 -0.0995933637 0.9803422093
-410.1 142.3 2468.0 0.9841422439 0.0655910075 -0.1648087054 -0.0498457737 0.9939449430 0.0979227647 0.1702336222 -0.0881549045 0.9814525843
-537.4 344.0 2426.5 0.1705769747 -0.9019752741 -0.3966662884 0.9852865934 0.1604945958 0.0587522723 0.0106696980 -0.4008517563 0.9160807729
-582.5 83.4 2423.7 -0.0647175610 -0.9005363584 -0.4299370944 0.9675362110 0.0488522016 -0.2479659617 0.2443057448 -0.4320274591 0.8681399226
-257.0 329.8 2475.0 0.1108965576 0.9910899401 0.0737742186 -0.9741643071 0.0937071070 0.2054821998 0.1967381686 -0.0946554765 0.9758762121
-230.1 93.5 2522.7 0.0402277932 0.9920654297 0.1191130579 -0.9492097497 0.0751739293 -0.3055319488 -0.3120618761 -0.1007723957 0.9447022080
-509.2 -46.3 2473.0 0.6820212007 -0.0066498155 -0.7313022017 0.0528798215 0.9977896810 0.0402433388 0.7294181585 -0.0661179423 0.6808653474
-506.5 -437.1 2498.9 0.6834234595 0.0391474254 -0.7289717793 -0.0899998695 0.9954617620 -0.0309178736 0.7244531512 0.0867373645 0.6838452220
-331.0 -54.5 2501.6 0.9914971590 -0.0492474623 -0.1204496473 0.0575633496 0.9961203933 0.0665630475 0.1167042926 -0.0729305595 0.9904853702
-311.7 -444.7 2530.2 0.9904389381 0.0737237707 -0.1165997088 -0.0748359710 0.9971823692 -0.0051837037 0.1158890128 0.0138599947 0.9931654334
-564.5 -185.6 2355.8 0 0 0 0 0 0 0 0 0
-219.8 -150.4 2442.6 0 0 0 0 0 0 0 0 0
-518.7 -745.4 2472.0 0 0 0 0 0 0 0 0 0
-335.0 -760.0 2525.8 0 0 0 0 0 0 0 0 0
-383.4 542.8 2429.9 1 0.9900994301 0.0750163272 -0.1186406985 -0.0619228184 0.9919517636 0.1104412377 0.1259707510 -0.1020012423 0.9867761135
-398.6 341.2 2450.6 0.9900994301 0.0750163272 -0.1186406985 -0.0619228184 0.9919517636 0.1104412377 0.1259707510 -0.1020012423 0.9867761135
-413.2 146.7 2468.3 0.9900177717 0.0747091547 -0.1195129603 -0.0630057603 0.9931030273 0.0988768563 0.1260756850 -0.0903598368 0.9878967404
-539.5 350.2 2432.7 0.1702592075 -0.9175115824 -0.3594222069 0.9850067496 0.1687611341 0.0357968435 0.0278124847 -0.3601280451 0.9324882030
-585.8 82.5 2425.1 -0.0824830234 -0.9157488346 -0.3931929171 0.9683468938 0.0196214840 -0.2488359362 0.2355862409 -0.4012718797 0.8851440549
-257.7 332.2 2468.6 0.1140204296 0.9848839641 0.1303953826 -0.9692057967 0.0814368352 0.2323964834 0.2182645798 -0.1528779119 0.9638407230
-229.4 91.9 2522.7 0.0294698235 0.9848839641 0.1706901938 -0.9484995008 0.0814368352 -0.3061319292 -0.3154048920 -0.1528779119 0.9365618229
-511.8 -47.9 2469.9 0.7144573927 -0.0110126426 -0.6995922923 0.0677785501 0.9962630272 0.0535360314 0.6963883638 -0.0856665596 0.7125338912
-507.5 -438.1 2503.4 0.7180172205 0.0380308330 -0.6949855685 -0.0975133553 0.9941546321 -0.0463430360 0.6891606450 0.1010454744 0.7175287008
-334.0 -56.9 2500.6 0.9954387546 -0.0582046881 -0.0755902752 0.0638562590 0.9951642156 0.0746362209 0.0708805546 -0.0791226998 0.9943417907
-311.2 -446.7 2531.6 0.9945485592 0.0769647807 -0.0703535900 -0.0778876916 0.9969071746 -0.0104663139 0.0693304613 0.0158889368 0.9974672198
-562.9 -186.6 2359.6 0 0 0 0 0 0 0 0 0
-221.9 -151.9 2441.6 0 0 0 0 0 0 0 0 0
-519.3 -745.3 2472.2 0 0 0 0 0 0 0 0 0
-335.5 -762.0 2526.6 0 0 0 0 0 0 0 0 0
-384.2 540.5 2429.1 2 0.9918581247 0.0721179917 -0.1049593911 -0.0607727356 0.9923411608 0.1075437292 0.1119113639 -0.1002894491 0.9886444807
-398.8 339.3 2449.4 0.9918581247 0.0721179917 -0.1049593911 -0.0607727356 0.9923411608 0.1075437292 0.1119113639 -0.1002894491 0.9886444807
-412.9 144.7 2466.7 0.9917859435 0.0718411580 -0.1058277115 -0.0617684089 0.9935048223 0.0955657214 0.1120058969 -0.0882439315 0.9897816181
-540.0 348.1 2433.5 0.1764279455 -0.9214932919 -0.3460105360 0.9838863611 0.1754516363 0.0344138481 0.0289959852 -0.3465066254 0.9375992417
-586.7 87.9 2425.8 -0.0833813101 -0.9206429124 -0.3813976645 0.9706550241 0.0115961535 -0.2401965410 0.2255579829 -0.3902334571 0.8926597238
-257.6 330.5 2465.4 0.1161238849 0.9821134806 0.1482174098 -0.9660624862 0.0770160109 0.2465599179 0.2307346910 -0.1718187779 0.9577263594
-229.4 96.1 2521.3 0.0200160872 0.9821134806 0.1872231662 -0.9500547647 0.0770160109 -0.3024309576 -0.3114407063 -0.1718187779 0.9346031547
-517.2 -42.1 2474.7 0.7240321040 -0.0223056171 -0.6894055009 0.0665427446 0.9970739484 0.0376247913 0.6865490079 -0.0731164962 0.7233978510
-508.5 -432.6 2503.3 0.7279895544 0.0321986154 -0.6848317385 -0.0905546919 0.9946607351 -0.0494956225 0.6795815229 0.0980470255 0.7270183563
-338.5 -53.5 2497.4 0.9962247014 -0.0605038628 -0.0622542426 0.0653582960 0.9947180152 0.0791474804 0.0571366884 -0.0829175115 0.9949171543
-314.8 -443.1 2529.9 0.9964882731 0.0614817031 -0.0568434000 -0.0619403049 0.9980597496 -0.0063397703 0.0563433282 0.0098384041 0.9983629584
-563.5 -181.9 2363.1 0 0 0 0 0 0 0 0 0
-224.2 -148.1 2441.3 0 0 0 0 0 0 0 0 0
-518.7 -747.5 2472.3 0 0 0 0 0 0 0 0 0
-334.4 -761.1 2526.8 0 0 0 0 0 0 0 0 0
-384.4 538.8 2429.2 3 0.9887230396 0.0734706447 -0.1304943413 -0.0595349036 0.9924036264 0.1076598912 0.1374128908 -0.0986768454 0.9855864048
-399.3 337.2 2449.2 0.9887230396 0.0734706447 -0.1304943413 -0.0595349036 0.9924036264 0.1076598912 0.1374128908 -0.0986768454 0.9855864048
-413.2 142.6 2466.4 0.9888131618 0.0707366914 -0.1313194633 -0.0582936853 0.9936442375 0.0962960050 0.1372964978 -0.0875636637 0.9866520762
-540.2 345.5 2429.7 0.1797171086 -0.9128838778 -0.3665306866 0.9836079478 0.1723397076 0.0530515723 0.0147378659 -0.3700567782 0.9288922548
-587.6 85.9 2425.8 -0.0749498233 -0.9120650291 -0.4031375349 0.9709309340 0.0254131295 -0.2380069345 0.2273227870 -0.4092572927 0.8836474419
-258.5 328.9 2468.8 0.1220348179 0.9765828848 0.1771818697 -0.9685736895 0.0781954527 0.2361154258 0.2167314589 -0.2004280090 0.9554350376
