-379.5 539.9 2434.5  0.9946615696 0.0912415981 -0.0482003838 -0.0871087536 0.9928328395 0.0818233937 0.0553206205 -0.0771879181 0.9954805970
-398.2 337.0 2450.2 0.9946615696 0.0912415981 -0.0482003838 -0.0871087536 0.9928328395 0.0818233937 0.0553206205 -0.0771879181 0.9954805970
-416.2 142.5 2464.0 0.9945493937 0.0921343714 -0.0488140844 -0.0883242935 0.9932508469 0.0751766413 0.0554109849 -0.0704554170 0.9959747195
-539.9 349.6 2442.3 0.1792720109 -0.9349337220 -0.3062033355 0.9796869159 0.1980848014 -0.0312397461 0.0898613185 -0.2943829894 0.9514533877
-586.3 95.9 2419.1 -0.0751137212 -0.9384083152 -0.3372651041 0.9711437225 0.0079339985 -0.2383630574 0.2263577431 -0.3454372287 0.9107334018
-256.5 324.4 2458.1 0.1159687042 0.9551785588 0.2723695636 -0.9712701440 0.0516819246 0.2323000878 0.2078114748 -0.2914839685 0.9337298870
-228.6 90.8 2508.1 0.0360985622 0.9549893737 0.2944353521 -0.9560918808 0.1187470406 -0.2679318786 -0.2908354402 -0.2718352973 0.9173441529
-523.2 -43.8 2469.6 0.7543488741 -0.0315740705 -0.6557139754 0.0894919336 0.9944640398 0.0550680049 0.6503452659 -0.1002216041 0.7529984713
-510.8 -433.3 2508.8 0.7631378770 0.0167146791 -0.6460195184 -0.0851634666 0.9935480356 -0.0748965517 0.6405995488 0.1121736616 0.7596376538
-343.3 -60.0 2476.4 0.9968995452 -0.0770644918 -0.0158858877 0.0784009621 0.9899818301 0.1174278110 0.0066772262 -0.1183091998 0.9929543734
-313.2 -447.7 2522.7 0.9976627827 0.0679028109 -0.0076298947 -0.0678097457 0.9976277947 0.0118579669 0.0084169842 -0.0113128703 0.9999005795
-565.4 -174.0 2356.2 0 0 0 0 0 0 0 0 0
-219.3 -155.0 2433.4 0 0 0 0 0 0 0 0 0
-516.2 -748.8 2473.2 0 0 0 0 0 0 0 0 0
-334.5 -760.9 2526.2 0 0 0 0 0 0 0 0 0
-378.4 541.0 2432.4  0.9940297008 0.0828865319 -0.0709557906 -0.0763958320 0.9930291176 0.0897602588 0.0779010803 -0.0838036388 0.9934326410
-395.3 338.8 2449.4 0.9940297008 0.0828865319 -0.0709557906 -0.0763958320 0.9930291176 0.0897602588 0.0779010803 -0.0838036388 0.9934326410
-411.5 144.2 2464.4 0.9940310717 0.0823376849 -0.0715732202 -0.0763796195 0.9936734438 0.0823360980 0.0778997689 -0.0763779059 0.9940311909
-536.9 349.6 2438.3 0.1882262528 -0.9275842309 -0.3227358162 0.9796375036 0.2006994188 -0.0054909205 0.0698661879 -0.3151305914 0.9464731812
-586.6 91.0 2419.9 -0.0727734417 -0.9305387139 -0.3588895202 0.9695553184 0.0183518343 -0.2441837043 0.2338086665 -0.3657333255 0.9008732438
-253.7 327.9 2460.5 0.0943055972 0.9628623724 0.2529872358 -0.9773262739 0.0411496013 0.2077019215 0.1895780414 -0.2668385208 0.9449113011
-230.7 89.5 2506.8 0.0422572419 0.9625857472 0.2676620781 -0.9541115761 0.1183707416 -0.2750627398 -0.2964548469 -0.2437560856 0.9234161973
-524.2 -44.0 2472.8 0.7394137979 -0.0348977596 -0.6723461747 0.0867411494 0.9952704310 0.0437347442 0.6676400304 -0.0906581506 0.7389437556
-510.5 -433.8 2508.3 0.7472690940 0.0190316774 -0.6642489433 -0.0854371712 0.9940453172 -0.0676345974 0.6590063572 0.1072927937 0.7444453239
-344.4 -59.9 2482.9 0.9958332181 -0.0833578184 -0.0369820781 0.0866981894 0.9911527038 0.1004974544 0.0282776374 -0.1032849848 0.9942497611
-311.8 -448.1 2523.3 0.9969499111 0.0721418783 -0.0297734197 -0.0716890320 0.9972985387 0.0160082169 0.0308478512 -0.0138249630 0.9994284511
-566.4 -178.5 2354.9 0 0 0 0 0 0 0 0 0
-219.8 -155.8 2430.6 0 0 0 0 0 0 0 0 0
-516.5 -748.2 2474.4 0 0 0 0 0 0 0 0 0
-334.6 -762.9 2527.7 0 0 0 0 0 0 0 0 0
-380.0 539.0 2434.3  0.9945201874 0.0747821927 -0.0730560347 -0.0686818361 0.9942032695 0.0827204362 0.0788185596 -0.0772495270 0.9938914180
-395.1 337.2 2450.0 0.9945201874 0.0747821927 -0.0730560347 -0.0686818361 0.9942032695 0.0827204362 0.0788185596 -0.0772495270 0.9938914180
-409.6 142.4 2464.2 0.9945574403 0.0739223212 -0.0734237209 -0.0681842193 0.9946344495 0.0778027847 0.0787811279 -0.0723729953 0.9942613840
-536.8 346.9 2438.8 0.1856030971 -0.9282529354 -0.3223321438 0.9802960753 0.1974878162 -0.0042584697 0.0676096082 -0.3151905537 0.9466170669
-585.3 90.8 2421.1 -0.0790114030 -0.9297451377 -0.3596264124 0.9653728008 0.0186102446 -0.2602096200 0.2486213595 -0.3677330613 0.8960802555
-253.4 327.5 2461.2 0.0972011387 0.9636060596 0.2490287572 -0.9753187895 0.0423810296 0.2166958004 0.1982552856 -0.2639455199 0.9439426064
-229.8 90.9 2509.3 0.0329126455 0.9636473656 0.2651424706 -0.9545379281 0.1089452729 -0.2774676383 -0.2962669730 -0.2439563423 0.9234236479
-517.4 -43.5 2472.4 0.7384258509 -0.0125593590 -0.6742177010 0.0707085654 0.9957569242 0.0588933900 0.6706172824 -0.0911613703 0.7361807227
-512.5 -433.4 2508.1 0.7448811531 0.0127177881 -0.6670759320 -0.0787086859 0.9945118427 -0.0689286217 0.6625382900 0.1038483009 0.7417941689
-337.8 -57.3 2486.4 0.9971764684 -0.0643171296 -0.0387605466 0.0676974282 0.9933294654 0.0933469236 0.0324981846 -0.0957073495 0.9948788881
-312.6 -446.3 2523.9 0.9970718026 0.0688020885 -0.0333779640 -0.0684389174 0.9975842834 0.0119051347 0.0341164283 -0.0095859226 0.9993718863
-563.4 -177.5 2352.0 0 0 0 0 0 0 0 0 0
-221.4 -154.5 2433.2 0 0 0 0 0 0 0 0 0
-516.6 -750.9 2474.9 0 0 0 0 0 0 0 0 0
-334.4 -762.9 2527.0 0 0 0 0 0 0 0 0 0
-381.9 539.4 2439.8  0.9933771491 0.0682330877 -0.0924448445 -0.0623203032 0.9959107041 0.0654065087 0.0965296999 -0.0592121370 0.9935672879
-395.8 336.6 2451.9 0.9933771491 0.0682330877 -0.0924448445 -0.0623203032 0.9959107041 0.0654065087 0.0965296999 -0.0592121370 0.9935672879
-409.3 141.6 2463.3 0.9933040142 0.0692177340 -0.0924988836 -0.0633803904 0.9958949685 0.0646234304 0.0965922549 -0.0583280995 0.9936134815
-537.3 345.7 2438.1 0.1821978390 -0.9240716696 -0.3359992802 0.9813345075 0.1922799498 0.0033231303 0.0615351163 -0.3303331733 0.9418563843
-585.1 88.4 2422.0 -0.0820530057 -0.9241571426 -0.3730962574 0.9637055993 0.0218526404 -0.2660713196 0.2540448606 -0.3813869357 0.8888223767
-254.3 327.6 2465.6 0.1057065725 0.9671041965 0.2313776165 -0.9793480635 0.0609215163 0.1927847266 0.1723470539 -0.2469778359 0.9535714388
-228.6 89.8 2507.5 0.0324233137 0.9666194320 0.2541565895 -0.9566584826 0.1036449149 -0.2721438706 -0.2894015908 -0.2343172431 0.9280852079
-514.0 -46.2 2471.3 0.7252561450 -0.0072261831 -0.6884412169 0.0697436407 0.9955721498 0.0630232692 0.6849374771 -0.0937224030 0.7225487828
-511.2 -436.1 2508.0 0.7313436866 0.0188698638 -0.6817479730 -0.0871933252 0.9940010905 -0.0660238490 0.6764124036 0.1077300012 0.7286017537
-334.2 -58.5 2485.5 0.9971473813 -0.0466949306 -0.0593012907 0.0526771992 0.9932138324 0.1036888361 0.0540571176 -0.1065168753 0.9928403497
-315.9 -447.4 2527.2 0.9967969060 0.0588142425 -0.0541925095 -0.0588387698 0.9982668161 0.0011441924 0.0541658811 0.0020480929 0.9985298514
-562.3 -179.5 2351.3 0 0 0 0 0 0 0 0 0
-220.3 -156.1 2433.1 0 0 0 0 0 0 0 0 0
-517.1 -750.3 2473.9 0 0 0 0 0 0 0 0 0
-334.5 -762.1 2526.6 0 0 0 0 0 0 0 0 0
-382.6 538.0 2443.5  0.9925666451 0.0697220266 -0.0997513011 -0.0642824844 0.9963169694 0.0567469858 0.1033404246 -0.0499129035 0.9933928847
-396.7 336.6 2453.6 0.9925666451 0.0697220266 -0.0997513011 -0.0642824844 0.9963169694 0.0567469858 0.1033404246 -0.0499129035 0.9933928847
-410.7 141.5 2463.4 0.9924386144 0.0715464130 -0.0997330174 -0.0660878494 0.9961841702 0.0570048206 0.1034309417 -0.0499826483 0.9933799505
-538.1 346.1 2438.9 0.1831351519 -0.9219112992 -0.3413811922 0.9811772108 0.1930437982 0.0050347936 0.0612598881 -0.3358774781 0.9399114251
-586.6 86.6 2422.7 -0.0878529623 -0.9211944938 -0.3790548146 0.9625230432 0.0195103195 -0.2704972923 0.2565760911 -0.3886129856 0.8849568963
-255.3 327.2 2468.4 0.1026455313 0.9689387083 0.2249924988 -0.9813941717 0.0617493317 0.1818034202 0.1622632444 -0.2394676358 0.9572491050
-230.6 90.6 2507.5 0.0424040928 0.9680380225 0.2471927106 -0.9563132524 0.1109560579 -0.2704694867 -0.2892522812 -0.2249246389 0.9304525852
-512.6 -47.7 2466.0 0.7202421427 -0.0031889062 -0.6937153935 0.0762103572 0.9943006039 0.0745538846 0.6895238757 -0.1065651476 0.7163802385
-511.4 -437.1 2507.7 0.7269919515 0.0162957404 -0.6864525676 -0.0838778242 0.9943389893 -0.0652266592 0.6815036535 0.1049974039 0.7242432833
-333.1 -59.2 2483.5 0.9967229366 -0.0451826490 -0.0670963749 0.0524150245 0.9925187826 0.1102686748 0.0616121776 -0.1134241745 0.9916344285
-315.4 -447.9 2527.9 0.9962287545 0.0610522106 -0.0616514459 -0.0612221174 0.9981237650 -0.0008689149 0.0614827238 0.0046400703 0.9980973601
-562.2 -181.0 2351.4 0 0 0 0 0 0 0 0 0
-219.7 -155.2 2433.1 0 0 0 0 0 0 0 0 0
-516.5 -748.6 2474.8 0 0 0 0 0 0 0 0 0
-334.7 -762.5 2526.4 0 0 0 0 0 0 0 0 0
-380.8 537.5 2436.4 0 0.9890142083 0.0677006543 -0.1314059496 -0.0575691089 0.9951767921 0.0794290751 0.1361495405 -0.0709915608 0.9881414175
-394.6 334.8 2450.9 0.9890142083 0.0677006543 -0.1314059496 -0.0575691089 0.9951767921 0.0794290751 0.1361495405 -0.0709915608 0.9881414175
-407.9 139.9 2463.8 0.9889516234 0.0679568946 -0.1317440718 -0.0584871210 0.9955068231 0.0744672716 0.1362126917 -0.0659391955 0.9884827137
-535.4 343.1 2431.5 0.1986345351 -0.9084764123 -0.3677157760 0.9793497324 0.1984052360 0.0388511978 0.0376613438 -0.3678395450 0.9291263223
-587.2 87.9 2421.7 -0.0853435993 -0.9071995020 -0.4119533002 0.9603028297 0.0353153087 -0.2767151594 0.2655841112 -0.4192157984 0.8681723475
-253.7 326.5 2470.3 0.0871041790 0.9766439199 0.1964167207 -0.9842398763 0.0539098643 0.1684208363 0.1538983881 -0.2079913318 0.9659476876
-232.9 91.7 2507.0 0.0528042205 0.9752270579 0.2148112208 -0.9574759603 0.1105435044 -0.2664956152 -0.2836397290 -0.1916044950 0.9395936728
-514.4 -47.6 2463.9 0.6974458098 -0.0029873070 -0.7166313529 0.0861096159 0.9930955172 0.0796645433 0.7114453912 -0.1172705442 0.6928874850
-513.2 -436.5 2509.8 0.7063230276 0.0133657670 -0.7077634931 -0.0919221863 0.9930881262 -0.0729811117 0.7018960714 0.1166074052 0.7026696205
-335.0 -59.5 2482.6 0.9938270450 -0.0522512682 -0.0978653282 0.0618930422 0.9932374358 0.0982274413 0.0920710042 -0.1036782712 0.9903402328
-314.6 -448.5 2523.2 0.9937559366 0.0612012707 -0.0932927951 -0.0598569512 0.9980597496 0.0171430986 0.0941609666 -0.0114518339 0.9954911470
-563.5 -179.0 2347.8 0 0 0 0 0 0 0 0 0
-219.4 -154.5 2434.1 0 0 0 0 0 0 0 0 0
-517.4 -748.5 2473.2 0 0 0 0 0 0 0 0 0
-333.7 -761.4 2526.8 0 0 0 0 0 0 0 0 0
-380.6 536.4 2432.3 1 0.9822515249 0.0659431294 -0.1755945683 -0.0504993424 0.9945682287 0.0910158008 0.1806426346 -0.0805329978 0.9802462459
-394.0 334.2 2448.7 0.9822515249 0.0659431294 -0.1755945683 -0.0504993424 0.9945682287 0.0910158008 0.1806426346 -0.0805329978 0.9802462459
-406.6 139.3 2463.1 0.9822793603 0.0642587543 -0.1760627925 -0.0500742048 0.9952185750 0.0838601440 0.1806097180 -0.0735578835 0.9808003902
-533.8 341.3 2423.0 0.1892122477 -0.8957056403 -0.4023806453 0.9819332361 0.1715824455 0.0797911957 -0.0024279717 -0.4102083743 0.9119886160
-583.6 82.8 2423.7 -0.0765253380 -0.8930239081 -0.4434548616 0.9592152238 0.0554465055 -0.2771856487 0.2721214294 -0.4465803504 0.8523589969
-254.2 327.1 2474.4 0.0977304429 0.9829532504 0.1557293981 -0.9870177507 0.0756918117 0.1416570544 0.1274548173 -0.1675518900 0.9775897264
-230.5 87.3 2505.4 0.0439327843 0.9823354483 0.1818982810 -0.9590432644 0.0924685895 -0.2677415907 -0.2798319161 -0.1626856923 0.9461646080
-510.6 -49.8 2464.4 0.6645413041 0.0035387378 -0.7472431660 0.0762823001 0.9944433570 0.0725490898 0.7433477640 -0.1052132919 0.6605787277
-512.0 -439.3 2505.6 0.6713657379 0.0117253922 -0.7410334349 -0.0844691768 0.9945699573 -0.0607907623 0.7362967730 0.1034073159 0.6687106490
-332.0 -60.3 2489.0 0.9889899492 -0.0456169844 -0.1407763064 0.0565109476 0.9956273437 0.0743821263 0.1367676556 -0.0815185755 0.9872432947
-314.1 -450.2 2520.9 0.9880561829 0.0673874319 -0.1385781169 -0.0639026016 0.9975215197 0.0294494443 0.1402191818 -0.0202422030 0.9899135232
-562.4 -183.9 2348.0 0 0 0 0 0 0 0 0 0
-219.2 -159.2 2433.4 0 0 0 0 0 0 0 0 0
-515.7 -748.8 2473.4 0 0 0 0 0 0 0 0 0
-335.1 -760.8 2527.2 0 0 0 0 0 0 0 0 0
-380.5 536.2 2430.3 2 0.9894131422 0.0722462013 -0.1258655638 -0.0607782006 0.9938384295 0.0926885828 0.1317864358 -0.0840574205 0.9877077937
-395.1 334.6 2447.4 0.9894131422 0.0722462013 -0.1258655638 -0.0607782006 0.9938384295 0.0926885828 0.1317864358 -0.0840574205 0.9877077937
-409.1 139.8 2462.4 0.9894043803 0.0714094490 -0.1264106482 -0.0608992651 0.9945058227 0.0851439983 0.1317962110 -0.0765435323 0.9883171916
-535.9 343.3 2428.6 0.1786978543 -0.9149386287 -0.3618761897 0.9838044643 0.1713866591 0.0524916276 0.0139941378 -0.3653955758 0.9307471514
-583.2 83.0 2424.9 -0.0678218529 -0.9138970971 -0.4002403319 0.9620666504 0.0463456251 -0.2688491642 0.2642498612 -0.4032917023 0.8760866523
-254.4 326.0 2466.1 0.1040015817 0.9740851521 0.2008525133 -0.9804806709 0.0665349588 0.1850154698 0.1668571085 -0.2161739171 0.9619914293
-229.1 86.9 2506.8 0.0376497656 0.9733675122 0.2261376083 -0.9583859444 0.0992556363 -0.2676653564 -0.2829821706 -0.2066495717 0.9365986586
-508.0 -51.1 2461.3 0.7013216615 0.0032465332 -0.7128375769 0.0740412921 0.9942491055 0.0773733407 0.7089893222 -0.1070430130 0.6970480084
-509.2 -440.6 2503.2 0.7060419321 0.0272240099 -0.7076465487 -0.0860624313 0.9951528311 -0.0475825556 0.7029210925 0.0944970623 0.7049625516
-330.6 -60.1 2493.9 0.9948498607 -0.0455120094 -0.0905671865 0.0516056232 0.9964763522 0.0661189258 0.0872388557 -0.0704521835 0.9936930537
-312.8 -450.4 2521.5 0.9933457375 0.0735031888 -0.0886651203 -0.0714586005 0.9971040487 0.0260218363 0.0903210342 -0.0195127949 0.9957215190
-564.3 -184.5 2351.5 0 0 0 0 0 0 0 0 0
-219.4 -159.4 2434.0 0 0 0 0 0 0 0 0 0
-517.7 -748.8 2473.9 0 0 0 0 0 0 0 0 0
-335.6 -760.5 2527.5 0 0 0 0 0 0 0 0 0
-380.1 535.3 2429.8 3 0.9922523499 0.0678822845 -0.1040540114 -0.0583942831 0.9940761328 0.0916667059 0.1096601486 -0.0848803520 0.9903383255
-393.9 334.0 2447.0 0.9922523499 0.0678822845 -0.1040540114 -0.0583942831 0.9940761328 0.0916667059 0.1096601486 -0.0848803520 0.9903383255
-407.1 139.2 2462.2 0.9922332764 0.0674215332 -0.1045347601 -0.0586752780 0.9946858883 0.0846004412 0.1096831411 -0.0778097659 0.9909163713
-535.1 342.4 2431.4 0.1816788018 -0.9203342199 -0.3463780284 0.9824050665 0.1853727549 0.0227418914 0.0432789065 -0.3444152772 0.9378193021
-583.3 81.8 2419.9 -0.0683463886 -0.9209109545 -0.3837339282 0.9656305313 0.0356183089 -0.2574665248 0.2507717013 -0.3881421089 0.8868253827
-252.6 325.7 2462.6 0.1004967913 0.9703369737 0.2198783755 -0.9775409102 0.0551521815 0.2034011930 0.1852409393 -0.2353812605 0.9540867209
-228.2 87.8 2507.7 0.0342314877 0.9698255658 0.2413846403 -0.9560013413 0.1021870226 -0.2749894857 -0.2913582325 -0.2213507444 0.9306525588
-512.4 -49.4 2465.5 0.7167527080 -0.0076052560 -0.6972859502 0.0828631148 0.9937844872 0.0743373409 0.6923866272 -0.1110607758 0.7129279375
-509.4 -438.7 2509.0 0.7239059806 0.0266283005 -0.6893845797 -0.0986500457 0.9929816723 -0.0652349144 0.6828091741 0.1152317673 0.7214522362
-333.9 -60.4 2489.3 0.9963417649 -0.0499001406 -0.0693759546 0.0555787235 0.9950410128 0.0824885070 0.0649157315 -0.0860425755 0.9941743612
-314.3 -450.1 2523.0 0.9954418540 0.0690011382 -0.0658362135 -0.0681632385 0.9975630045 0.0148922503 0.0667033568 -0.0103367595 0.9977192879
-564.3 -186.6 2350.2 0 0 0 0 0 0 0 0 0
-219.4 -158.0 2432.8 0 0 0 0 0 0 0 0 0
-517.7 -747.9 2473.2 0 0 0 0 0 0 0 0 0
-335.8 -760.3 2526.2 0 0 0 0 0 0 0 0 0
-380.7 536.2 2430.0 4 0.9906750321 0.0650045350 -0.1197389290 -0.0543792807 0.9944593310 0.0899638683 0.1249235570 -0.0826136395 0.9887209535
-393.9 335.1 2446.7 0.9906750321 0.0650045350 -0.1197389290 -0.0543792807 0.9944593310 0.0899638683 0.1249235570 -0.0826136395 0.9887209535
-406.8 140.2 2461.8 0.9905800819 0.0657642856 -0.1201089546 -0.0558235683 0.9948725104 0.0843348131 0.1250393093 -0.0768354759 0.9891721010
-535.0 343.1 2428.9 0.1730613559 -0.9171894193 -0.3589056730 0.9844014049 0.1727997363 0.0330776386 0.0316803418 -0.3590317070 0.9327875376
-581.1 80.7 2420.5 -0.0698269010 -0.9164073467 -0.3941088915 0.9646295905 0.0386415310 -0.2607616186 0.2541928291 -0.3983772695 0.8812953830
-252.8 327.1 2464.5 0.1024758667 0.9733598232 0.2051082402 -0.9782589674 0.0612394027 0.1981391013 0.1802999377 -0.2209534645 0.9584735036
-227.8 88.1 2508.6 0.0325695761 0.9728291631 0.2292218953 -0.9543064237 0.0984315202 -0.2821532190 -0.2970495224 -0.2095583230 0.9315829873
-509.9 -50.3 2467.6 0.7057604194 0.0006719563 -0.7084502578 0.0711359680 0.9948784113 0.0718095079 0.7048701048 -0.1010766029 0.7020980120
-510.1 -440.0 2507.2 0.7116523981 0.0221792255 -0.7021815777 -0.0919797793 0.9938395023 -0.0618287958 0.6964844465 0.1085871160 0.7093082666
-330.7 -60.9 2487.4 0.9953984618 -0.0434005558 -0.0854299888 0.0512030870 0.9944998622 0.0913687199 0.0809946582 -0.0953225642 0.9921458960
-313.7 -450.4 2524.7 0.9942895770 0.0688834563 -0.0815061480 -0.0684603229 0.9976219535 0.0079780715 0.0818618760 -0.0023525765 0.9966409206
-561.7 -187.4 2349.8 0 0 0 0 0 0 0 0 0
-219.4 -157.2 2432.2 0 0 0 0 0 0 0 0 0
-517.0 -748.9 2473.4 0 0 0 0 0 0 0 0 0
-335.0 -759.4 2525.4 0 0 0 0 0 0 0 0 0
-380.8 537.5 2429.7 5 0.9899246097 0.0721743703 -0.1218200997 -0.0610252544 0.9938037992 0.0928973481 0.1277700812 -0.0845272616 0.9881953001
-395.4 336.6 2446.7 0.9899246097 0.0721743703 -0.1218200997 -0.0610252544 0.9938037992 0.0928973481 0.1277700812 -0.0845272616 0.9881953001
-409.6 141.9 2462.1 0.9898455143 0.0725200176 -0.1222565025 -0.0621115975 0.9942787886 0.0869011581 0.1278591305 -0.0784251764 0.9886868000
-536.4 345.5 2428.5 0.1664561480 -0.9169051647 -0.3627358079 0.9854407907 0.1676054448 0.0285452418 0.0346232168 -0.3622061908 0.9314547181
-581.2 80.1 2419.2 -0.0684201345 -0.9161453247 -0.3949638903 0.9674119353 0.0358152017 -0.2506618798 0.2437884063 -0.3992430866 0.8838394284
-254.4 327.8 2465.0 0.1095928550 0.9726761580 0.2046717107 -0.9792512655 0.0703432634 0.1900493652 0.1704591960 -0.2212530822 0.9602034688
-227.6 88.6 2506.6 0.0324264280 0.9721426368 0.2321361601 -0.9551129341 0.0985670462 -0.2793633044 -0.2944619656 -0.2126574963 0.9317021966
-509.1 -49.6 2465.6 0.7042831182 -0.0072201598 -0.7098824978 0.0708830431 0.9956665635 0.0601970889 0.7063716650 -0.0927144289 0.7017429471
-506.3 -439.5 2501.9 0.7078369260 0.0350459144 -0.7055059671 -0.0900248736 0.9950997233 -0.0408908650 0.7006157637 0.0924571529 0.7075232863
-330.2 -59.7 2488.1 0.9951413274 -0.0452258773 -0.0874546766 0.0532434918 0.9943685532 0.0916315764 0.0828180611 -0.0958427638 0.9919452071
-312.4 -449.1 2525.7 0.9939662814 0.0715440810 -0.0831415877 -0.0714686736 0.9974352717 0.0038866254 0.0832064152 0.0020788442 0.9965301752
-562.2 -188.8 2351.4 0 0 0 0 0 0 0 0 0
-219.3 -156.9 2430.9 0 0 0 0 0 0 0 0 0
-517.2 -749.3 2473.1 0 0 0 0 0 0 0 0 0
-334.9 -761.5 2525.0 0 0 0 0 0 0 0 0 0
-381.0 536.5 2430.0 6 0.9856191874 0.0690669715 -0.1542226374 -0.0548494644 0.9940016270 0.0946164504 0.1598324180 -0.0847967565 0.9834953547
-394.9 335.6 2447.1 0.9856191874 0.0690669715 -0.1542226374 -0.0548494644 0.9940016270 0.0946164504 0.1598324180 -0.0847967565 0.9834953547
-408.2 140.8 2462.6 0.9856555462 0.0676055998 -0.1546369791 -0.0543198511 0.9945861101 0.0885876715 0.1597888172 -0.0789170712 0.9839916825
-535.3 343.4 2424.3 0.1825802028 -0.9028198719 -0.3893337846 0.9828417301 0.1781487763 0.0478026681 0.0262021404 -0.3913813233 0.9198554754
-583.5 83.8 2417.4 -0.0856062621 -0.9003661275 -0.4266291261 0.9659427404 0.0299437717 -0.2570173740 0.2441846281 -0.4341016114 0.8671387434
-254.6 327.9 2469.9 0.1116114557 0.9782279730 0.1749655008 -0.9820013642 0.0815732479 0.1703500003 0.1523686200 -0.1908293664 0.9697257280
-227.5 89.6 2506.8 0.0307094436 0.9780744314 0.2059789747 -0.9591343999 0.0868282244 -0.2692992389 -0.2812795043 -0.1892914921 0.9407712817
-513.2 -47.3 2465.9 0.6806048155 -0.0056617665 -0.7326288223 0.0834439248 0.9940623641 0.0698364377 0.7278833389 -0.1086644456 0.6770361066
-511.0 -436.6 2508.5 0.6876416206 0.0222421102 -0.7257094979 -0.0950937718 0.9936795235 -0.0596504509 0.7197959423 0.1100285873 0.6854104400
-334.4 -58.5 2489.0 0.9912678599 -0.0557730757 -0.1194882765 0.0660719126 0.9942696691 0.0840374008 0.1141165420 -0.0911983922 0.9892725945
-312.5 -447.9 2524.7 0.9908771515 0.0704130232 -0.1149107143 -0.0699183941 0.9975178838 0.0083343415 0.1152123362 -0.0002239355 0.9933408499
-559.7 -184.6 2349.6 0 0 0 0 0 0 0 0 0
-219.6 -157.0 2434.5 0 0 0 0 0 0 0 0 0
-518.1 -750.5 2473.7 0 0 0 0 0 0 0 0 0
-334.6 -760.3 2524.8 0 0 0 0 0 0 0 0 0
-381.1 535.4 2429.6 7 0.9898041487 0.0700193793 -0.1240362301 -0.0584178716 0.9937785864 0.0948231518 0.1299040020 -0.0866104215 0.9877365828
-395.2 334.5 2447.1 0.9898041487 0.0700193793 -0.1240362301 -0.0584178716 0.9937785864 0.0948231518 0.1299040020 -0.0866104215 0.9877365828
-408.7 139.8 2462.9 0.9898375273 0.0687763095 -0.1244649813 -0.0579403974 0.9943734407 0.0886815935 0.1298638582 -0.0805688128 0.9882529974
-536.2 342.8 2428.6 0.1748045534 -0.9146311879 -0.3645451665 0.9839273691 0.1759859473 0.0302644316 0.0364740342 -0.3639763296 0.9306937456
-582.3 83.5 2419.0 -0.0917021036 -0.9118272066 -0.4002022743 0.9636482000 0.0200198684 -0.2664233446 0.2509440482 -0.4100857973 0.8768447638
-254.3 326.3 2465.6 0.1078340039 0.9735007882 0.2016631812 -0.9779663682 0.0673987716 0.1975832880 0.1787556410 -0.2185260057 0.9593189359
-228.0 87.7 2509.2 0.0332080200 0.9729356170 0.2286777794 -0.9549242258 0.0984182656 -0.2800599933 -0.2949863970 -0.2090696990 0.9323480725
-510.5 -49.1 2463.6 0.7026188970 -0.0055092527 -0.7115450501 0.0806952119 0.9941359758 0.0719856545 0.7069759369 -0.1079967543 0.6989433169
-508.3 -438.5 2505.9 0.7077177167 0.0342170820 -0.7056662440 -0.0965844616 0.9941346049 -0.0486606099 0.6998621821 0.1025943682 0.7068714499
-332.4 -58.9 2492.5 0.9948400259 -0.0479500927 -0.0894096792 0.0558678359 0.9945290089 0.0882656202 0.0846881792 -0.0928052962 0.9920761585
-313.6 -448.4 2528.8 0.9939869642 0.0694894567 -0.0846238062 -0.0700374991 0.9975381494 -0.0035211782 0.0841707885 0.0094268452 0.9964067340
-556.8 -184.3 2349.3 0 0 0 0 0 0 0 0 0
-219.4 -157.8 2433.4 0 0 0 0 0 0 0 0 0
-519.1 -751.3 2473.6 0 0 0 0 0 0 0 0 0
-335.3 -760.3 2525.9 0 0 0 0 0 0 0 0 0
-380.7 534.0 2429.4 8 0.9903112650 0.0736859292 -0.1177030206 -0.0624451302 0.9933729172 0.0964927599 0.1240331531 -0.0882078856 0.9883497357
-395.6 333.3 2447.3 0.9903112650 0.0736859292 -0.1177030206 -0.0624451302 0.9933729172 0.0964927599 0.1240331531 -0.0882078856 0.9883497357
-409.7 138.6 2463.3 0.9903964400 0.0717166513 -0.1182013899 -0.0612804554 0.9940835238 0.0896807685 0.1239336580 -0.0815760791 0.9889316559
-536.7 342.0 2429.6 0.1728365421 -0.9166169763 -0.3604730368 0.9840232134 0.1765712500 0.0228227247 0.0427294746 -0.3586584330 0.9324904084
-582.9 79.0 2418.2 -0.0927925631 -0.9138545394 -0.3952965736 0.9636657238 0.0174444783 -0.2665409446 0.2504754066 -0.4056667686 0.8790315986
-254.5 324.6 2464.9 0.1107524633 0.9719547033 0.2074559182 -0.9767316580 0.0678738281 0.2034415156 0.1836551130 -0.2251604199 0.9568560719
-227.8 88.6 2509.3 0.0322251469 0.9714204669 0.2351677418 -0.9552435279 0.0991595089 -0.2787062228 -0.2940600216 -0.2156611234 0.9311385155
-511.6 -49.8 2467.0 0.7071431279 -0.0001010938 -0.7070704103 0.0765601471 0.9941316247 0.0764258876 0.7029132843 -0.1081774533 0.7030010819
-511.5 -439.2 2509.4 0.7141690850 0.0176171400 -0.6997514963 -0.0900518000 0.9936882854 -0.0668898299 0.6941564679 0.1107845306 0.7112478614
-332.8 -60.2 2490.4 0.9955335855 -0.0442486629 -0.0833963677 0.0521579087 0.9940927029 0.0951801315 0.0786921307 -0.0991047919 0.9919605851
-315.4 -449.6 2529.3 0.9949973226 0.0617053360 -0.0785671249 -0.0622457676 0.9980509281 -0.0044459254 0.0781396553 0.0093141543 0.9968988895
-557.1 -188.9 2348.6 0 0 0 0 0 0 0 0 0
-219.5 -157.0 2433.7 0 0 0 0 0 0 0 0 0
-517.1 -750.5 2474.7 0 0 0 0 0 0 0 0 0
-334.7 -761.4 2526.4 0 0 0 0 0 0 0 0 0
-381.1 534.4 2429.4 9 0.9891209602 0.0696356222 -0.1295783967 -0.0575143583 0.9938099980 0.0950460881 0.1353949010 -0.0865594670 0.9870033860
-395.1 333.6 2446.8 0.9891209602 0.0696356222 -0.1295783967 -0.0575143583 0.9938099980 0.0950460881 0.1353949010 -0.0865594670 0.9870033860
-408.5 138.9 2462.6 0.9891639352 0.0681643113 -0.1300320774 -0.0568946786 0.9944499731 0.0884999707 0.1353429407 -0.0801428482 0.9875522256
-536.1 341.8 2427.6 0.1753365397 -0.9125260115 -0.3695312738 0.9838120341 0.1765180677 0.0309063867 0.0370260663 -0.3689683378 0.9287041426
-583.5 76.0 2417.6 -0.0819591433 -0.9108952880 -0.4044162631 0.9667400718 0.0259806588 -0.2544379532 0.2422733158 -0.4118189216 0.8784695864
-254.2 325.5 2466.1 0.1075262353 0.9747494459 0.1957079023 -0.9771657586 0.0673303753 0.2015284449 0.1832626611 -0.2129086554 0.9597315788
-227.9 86.7 2510.9 0.0325727426 0.9742087126 0.2232854366 -0.9543787837 0.0966623500 -0.2825198472 -0.2968166173 -0.2038964480 0.9329127073
-513.2 -50.6 2468.0 0.6986249089 -0.0022004342 -0.7154846787 0.0758242384 0.9945917130 0.0709786937 0.7114589810 -0.1038385630 0.6950134039
-512.3 -440.2 2508.7 0.7057652473 0.0158454105 -0.7082685828 -0.0901601240 0.9936295748 -0.0676119402 0.7026852965 0.1115757376 0.7026978731
-334.2 -61.6 2490.4 0.9942139387 -0.0502550825 -0.0949369892 0.0585752837 0.9944857955 0.0869882405 0.0900418833 -0.0920458883 0.9916753769
-314.5 -451.2 2526.5 0.9939392209 0.0624048114 -0.0905011892 -0.0621866770 0.9980508089 0.0052308370 0.0906512141 0.0004288339 0.9958826303
-560.7 -192.8 2350.2 0 0 0 0 0 0 0 0 0
-219.5 -158.7 2434.6 0 0 0 0 0 0 0 0 0
-517.3 -749.8 2473.9 0 0 0 0 0 0 0 0 0
-333.9 -761.0 2526.4 0 0 0 0 0 0 0 0 0
-379.9 536.4 2429.3 0 0.9885118008 0.0679210946 -0.1350228488 -0.0550571792 0.9937773347 0.0968263671 0.1407591999 -0.0882800296 0.9861001372
-393.6 335.6 2447.2 0.9885118008 0.0679210946 -0.1350228488 -0.0550571792 0.9937773347 0.0968263671 0.1407591999 -0.0882800296 0.9861001372
-406.9 140.8 2463.0 0.9884663820 0.0675609708 -0.1355350316 -0.0557236373 0.9944438338 0.0893100947 0.1408158541 -0.0807275251 0.9867390394
-534.5 343.5 2427.1 0.1787410378 -0.9102966785 -0.3733785748 0.9834022522 0.1773103923 0.0384844467 0.0311716348 -0.3740600646 0.9268804789
-583.0 76.7 2418.6 -0.0857139453 -0.9081102014 -0.4098646343 0.9654445052 0.0259140842 -0.2593170702 0.2461097389 -0.4179286659 0.8745087981
-252.8 327.6 2467.2 0.1022520140 0.9760708213 0.1919122487 -0.9801463485 0.0659116879 0.1869993359 0.1698753387 -0.2072231621 0.9634318352
-227.7 87.4 2508.9 0.0320825204 0.9755513668 0.2174172997 -0.9558584094 0.0935141295 -0.2785495520 -0.2920709848 -0.1988835782 0.9354891181
-511.2 -50.8 2466.0 0.6946383119 0.0017539614 -0.7193570733 0.0711717531 0.9949231148 0.0711519793 0.7158297300 -0.1006227881 0.6909868717
-511.9 -440.5 2505.4 0.7004452348 0.0170822795 -0.7135016918 -0.0839137584 0.9947506785 -0.0585624129 0.7087559700 0.1008923724 0.6982017756
-332.4 -61.1 2490.5 0.9936890602 -0.0498658828 -0.1004763469 0.0588116050 0.9943710566 0.0881327093 0.0955159590 -0.0934856758 0.9910283089
-312.9 -450.6 2527.1 0.9927753210 0.0719050393 -0.0960561484 -0.0716195405 0.9974113703 0.0064210771 0.0962691978 0.0005048106 0.9953551888
-559.2 -191.7 2350.2 0 0 0 0 0 0 0 0 0
-219.5 -158.3 2433.8 0 0 0 0 0 0 0 0 0
-517.2 -749.7 2474.1 0 0 0 0 0 0 0 0 0
-335.3 -761.2 2527.0 0 0 0 0 0 0 0 0 0
-379.5 535.7 2429.8 1 0.9918845296 0.0681016445 -0.1073649824 -0.0582616515 0.9940284491 0.0922660455 0.1130073145 -0.0852620006 0.9899291396
-393.3 334.7 2447.0 0.9918845296 0.0681016445 -0.1073649824 -0.0582616515 0.9940284491 0.0922660455 0.1130073145 -0.0852620006 0.9899291396
-406.6 139.9 2462.2 0.9918471575 0.0678107589 -0.1078931466 -0.0588086508 0.9946833253 0.0845377147 0.1130520850 -0.0775034353 0.9905616641
-534.6 343.0 2430.9 0.1768611372 -0.9201689959 -0.3492980301 0.9834077358 0.1797645837 0.0243711956 0.0403658003 -0.3478127122 0.9366946816
-581.6 81.5 2420.2 -0.0715305433 -0.9201493859 -0.3849785626 0.9667862654 0.0309890062 -0.2537005246 0.2453724891 -0.3903393149 0.8873711228
-252.0 326.3 2463.1 0.0999809951 0.9711471796 0.2165109515 -0.9770881534 0.0547386259 0.2056754529 0.1878896207 -0.2321139276 0.9543692470
-227.7 89.0 2508.8 0.0316933468 0.9707089663 0.2381587476 -0.9569283128 0.0982686728 -0.2731876373 -0.2885892391 -0.2192426175 0.9320133924
-509.4 -48.9 2466.1 0.7144231796 0.0096479962 -0.6996473670 0.0700117797 0.9939013720 0.0851960629 0.6962024570 -0.1098496020 0.7093907595
-513.2 -438.2 2509.1 0.7211706042 0.0166277047 -0.6925579309 -0.0912602320 0.9932796955 -0.0711828396 0.6867201328 0.1145379618 0.7178415656
-330.7 -59.0 2491.5 0.9961914420 -0.0474335887 -0.0731615573 0.0541015863 0.9942854643 0.0920293704 0.0683781877 -0.0956370309 0.9930649400
-312.2 -448.5 2529.0 0.9949189425 0.0740972087 -0.0681605861 -0.0746678486 0.9971912503 -0.0058593121 0.0675349757 0.0109189451 0.9976571798
-561.7 -187.3 2352.0 0 0 0 0 0 0 0 0 0
-219.6 -157.1 2434.6 0 0 0 0 0 0 0 0 0
-518.4 -748.8 2473.3 0 0 0 0 0 0 0 0 0
-335.4 -761.1 2525.6 0 0 0 0 0 0 0 0 0
-379.2 536.5 2429.5 2 0.9924787283 0.0710274652 -0.0997047946 -0.0617949106 0.9937636852 0.0928178132 0.1056756154 -0.0859584585 0.9906784296
-393.5 335.9 2446.9 0.9924787283 0.0710274652 -0.0997047946 -0.0617949106 0.9937636852 0.0928178132 0.1056756154 -0.0859584585 0.9906784296
-407.2 141.1 2462.5 0.9925274253 0.0697259456 -0.1001380458 -0.0611074418 0.9943587184 0.0866982192 0.1056182534 -0.0799311772 0.9911890626
-534.9 344.6 2431.8 0.1805058569 -0.9220358729 -0.3424433768 0.9827805161 0.1830572486 0.0251495354 0.0394979715 -0.3410863280 0.9392018318
-583.1 82.3 2421.3 -0.0768664554 -0.9220619202 -0.3793327510 0.9675631523 0.0228452403 -0.2515940964 0.2406512946 -0.3863675594 0.8903971314
-252.1 327.2 2461.9 0.0979872048 0.9697154760 0.2237195969 -0.9758905768 0.0495731533 0.2125559747 0.1950283349 -0.2391536236 0.9511937499
-228.0 86.8 2510.0 0.0330185629 0.9693884254 0.2433019131 -0.9539387822 0.1031934470 -0.2816946507 -0.2981787026 -0.2227939814 0.9281445742
-509.5 -49.7 2467.2 0.7198272347 0.0086591123 -0.6940992475 0.0647663772 0.9947225451 0.0795765445 0.6911252141 -0.1022356600 0.7154675722
-512.9 -439.3 2507.2 0.7257260084 0.0155217033 -0.6878087521 -0.0854774117 0.9940334558 -0.0677573308 0.6826531887 0.1079653651 0.7227227092
-330.3 -60.3 2487.6 0.9968418479 -0.0448240340 -0.0655526891 0.0511428863 0.9938586950 0.0981288552 0.0607515797 -0.1011715010 0.9930123687
-312.7 -449.6 2527.2 0.9959214330 0.0664881840 -0.0609898455 -0.0664222762 0.9977867603 0.0031097382 0.0610616207 0.0009540293 0.9981335402
-561.7 -186.6 2354.4 0 0 0 0 0 0 0 0 0
-219.5 -158.4 2433.3 0 0 0 0 0 0 0 0 0
-517.7 -750.6 2473.4 0 0 0 0 0 0 0 0 0
-333.6 -762.5 2526.9 0 0 0 0 0 0 0 0 0
-380.4 536.3 2430.4 3 0.9880135059 0.0646715760 -0.1401675642 -0.0518655628 0.9942986965 0.0931669548 0.1453936696 -0.0847803354 0.9857347608
-393.4 335.5 2447.5 0.9880135059 0.0646715760 -0.1401675642 -0.0518655628 0.9942986965 0.0931669548 0.1453936696 -0.0847803354 0.9857347608
-405.8 140.6 2462.9 0.9880589247 0.0630294532 -0.1405947804 -0.0511580445 0.9949364662 0.0865120143 0.1453356743 -0.0782864094 0.9862802625
-534.1 342.8 2426.8 0.1843433231 -0.9084630609 -0.3751164973 0.9826173782 0.1788599491 0.0497213081 0.0219233464 -0.3777617812 0.9256432652
-582.9 82.8 2421.0 -0.0767009109 -0.9076732397 -0.4126091599 0.9705116749 0.0268835761 -0.2395502776 0.2285257727 -0.4188157320 0.8788454533
-252.8 328.2 2468.2 0.1011576504 0.9773587584 0.1858412325 -0.9793859124 0.0650011972 0.1912540197 0.1748438925 -0.2013570964 0.9637867808
-228.0 88.5 2511.0 0.0265630409 0.9769979715 0.2115876228 -0.9506018758 0.0901722685 -0.2970270514 -0.3092741966 -0.1932456493 0.9311313629
-510.5 -48.1 2468.7 0.6908938885 0.0017202907 -0.7229540944 0.0683355853 0.9953645468 0.0676736608 0.7197192907 -0.0961588100 0.6875737309
-511.2 -438.0 2506.3 0.6962617040 0.0221268013 -0.7174469233 -0.0912136659 0.9941490293 -0.0578596704 0.7119688988 0.1057264358 0.6942061782
-331.1 -59.2 2487.8 0.9934899211 -0.0428185277 -0.1055667549 0.0518423654 0.9950931668 0.0842731670 0.1014403030 -0.0891973749 0.9908348322
-314.4 -448.9 2522.7 0.9927738905 0.0624479502 -0.1024704799 -0.0609582327 0.9979850054 0.0176087134 0.1033636257 -0.0112350518 0.9945802093
-561.6 -187.0 2357.5 0 0 0 0 0 0 0 0 0
-221.2 -155.9 2431.5 0 0 0 0 0 0 0 0 0
-518.1 -750.1 2473.1 0 0 0 0 0 0 0 0 0
-334.0 -762.4 2526.2 0 0 0 0 0 0 0 0 0
-379.5 535.8 2429.8 4 0.9874658585 0.0658090338 -0.1434585899 -0.0514899865 0.9935186505 0.1013386101 0.1491977721 -0.0926817358 0.9844542146
-392.9 333.4 2448.7 0.9874658585 0.0658090338 -0.1434585899 -0.0514899865 0.9935186505 0.1013386101 0.1491977721 -0.0926817358 0.9844542146
-404.6 138.5 2463.8 0.9876928926 0.0598361492 -0.1445073932 -0.0478962809 0.9952514768 0.0847375467 0.1488915682 -0.0767733008 0.9858687520
-533.6 340.2 2427.5 0.1780547053 -0.9078294635 -0.3796606362 0.9836034179 0.1754323393 0.0418072790 0.0286508761 -0.3808794916 0.9241806865
-580.6 80.5 2420.0 -0.0617803410 -0.9081081152 -0.4141531885 0.9717282653 0.0400110558 -0.2326870114 0.2278756648 -0.4168198705 0.8799624443
-252.2 326.6 2469.9 0.0973995402 0.9784549475 0.1820420176 -0.9803968072 0.0628496781 0.1867405325 0.1712758988 -0.1966618448 0.9653956294
-228.4 87.2 2511.8 0.0187823866 0.9782751799 0.2064578831 -0.9495400786 0.0821145475 -0.3027057946 -0.3130827546 -0.1903544962 0.9304538369
-507.4 -49.6 2465.1 0.6880497336 0.0105819823 -0.7255864143 0.0783402249 0.9929667115 0.0887689292 0.7214224935 -0.1179200336 0.6823814511
-511.5 -438.5 2511.3 0.6957027912 0.0220582467 -0.7179909945 -0.1044093892 0.9920188785 -0.0706912950 0.7107012272 0.1241451278 0.6924533844
-328.9 -58.9 2491.4 0.9934336543 -0.0331654102 -0.1094971821 0.0423693545 0.9956626296 0.0828293934 0.1062751859 -0.0869248286 0.9905300140
-315.9 -448.9 2525.4 0.9927906990 0.0543713383 -0.1068196148 -0.0535231605 0.9985082746 0.0107932957 0.1072471142 -0.0049981601 0.9942198396
-563.4 -189.6 2356.6 0 0 0 0 0 0 0 0 0
-223.6 -156.9 2431.3 0 0 0 0 0 0 0 0 0
-518.4 -749.6 2472.4 0 0 0 0 0 0 0 0 0
-333.0 -762.2 2527.0 0 0 0 0 0 0 0 0 0
-379.7 536.8 2429.6 5 0.9911264181 0.0694620833 -0.1133288816 -0.0583771467 0.9934371114 0.0983604193 0.1194174439 -0.0908717960 0.9886767864
-393.8 335.0 2448.0 0.9911264181 0.0694620833 -0.1133288816 -0.0583771467 0.9934371114 0.0983604193 0.1194174439 -0.0908717960 0.9886767864
-406.7 140.2 2463.6 0.9912804365 0.0658524111 -0.1141336858 -0.0561138652 0.9946671724 0.0865358636 0.1192236319 -0.0793768242 0.9896893501
-535.0 343.0 2431.0 0.1662696898 -0.9196687341 -0.3557581306 0.9852294326 0.1699225157 0.0211980026 0.0409561768 -0.3540279567 0.9343376160
-579.8 77.7 2420.0 -0.0625760257 -0.9197771549 -0.3874200284 0.9687165618 0.0374303609 -0.2453306913 0.2401508242 -0.3906520307 0.8886610866
-252.6 327.0 2465.0 0.0996462777 0.9723880291 0.2110264003 -0.9780226350 0.0566795394 0.2006469667 0.1831458360 -0.2263823152 0.9566653967
-228.1 85.9 2510.2 0.0132146794 0.9724243283 0.2328439057 -0.9499212503 0.0849177539 -0.3007301688 -0.3122099340 -0.2172093093 0.9248486757
-505.5 -52.1 2465.4 0.7099205852 0.0108979866 -0.7041974068 0.0648940951 0.9946144223 0.0808139145 0.7012856007 -0.1030697152 0.7053900957
-509.8 -441.7 2505.7 0.7146393657 0.0284936205 -0.6989125013 -0.0961524099 0.9936867356 -0.0578048937 0.6928530335 0.1085117757 0.7128673792
-327.1 -60.8 2492.3 0.9964759946 -0.0279487073 -0.0790850967 0.0348135643 0.9956172109 0.0868010521 0.0763125047 -0.0892484039 0.9930816293
-316.1 -450.8 2527.2 0.9956626892 0.0531512201 -0.0763597190 -0.0533048175 0.9985783100 0.0000267179 0.0762525722 0.0040437388 0.9970803261
-562.4 -191.5 2353.3 0 0 0 0 0 0 0 0 0
-224.7 -158.3 2429.9 0 0 0 0 0 0 0 0 0
-518.7 -751.0 2472.0 0 0 0 0 0 0 0 0 0
-332.6 -761.1 2526.0 0 0 0 0 0 0 0 0 0
-381.7 537.0 2431.9 6 0.9924558401 0.0651617497 -0.1038528308 -0.0561357364 0.9945741296 0.0875849873 0.1089965254 -0.0810943693 0.9907287359
-394.9 335.6 2448.3 0.9924558401 0.0651617497 -0.1038528308 -0.0561357364 0.9945741296 0.0875849873 0.1089965254 -0.0810943693 0.9907287359
-407.4 140.7 2462.3 0.9924724102 0.0638835579 -0.1044864208 -0.0558798090 0.9954006076 0.0778145492 0.1089769155 -0.0713901073 0.9914774299
-536.2 343.6 2432.8 0.1688052267 -0.9232137203 -0.3452262580 0.9848152399 0.1723857820 0.0205460060 0.0405437499 -0.3434523642 0.9382945895
-581.4 80.0 2422.0 -0.0884806961 -0.9209040999 -0.3796140552 0.9626320601 0.0188727323 -0.2701542079 0.2559504509 -0.3893321157 0.8848219514
-253.5 327.7 2463.9 0.1047256738 0.9701859355 0.2185675800 -0.9763778448 0.0585372671 0.2079896480 0.1889942735 -0.2351863980 0.9533984065
-227.8 88.2 2510.2 0.0092439260 0.9702686667 0.2418537885 -0.9513769150 0.0830045566 -0.2966348529 -0.3078904748 -0.2273520380 0.9238584638
-509.1 -49.5 2468.4 0.7167249322 -0.0067862561 -0.6973229647 0.0716874525 0.9953720570 0.0639952198 0.6936615109 -0.0958562791 0.7138944268
-506.5 -439.3 2505.9 0.7208660245 0.0386429392 -0.6919963360 -0.1012373641 0.9936062694 -0.0499752797 0.6856406927 0.1060813665 0.7201691270
-330.1 -59.7 2489.9 0.9967520833 -0.0394434147 -0.0702106580 0.0464501791 0.9937874675 0.1011376604 0.0657852516 -0.1040704697 0.9923918843
-314.6 -448.9 2530.7 0.9959445596 0.0618042387 -0.0653808713 -0.0625988543 0.9979869127 -0.0101737566 0.0646204725 0.0142252659 0.9978085160
-556.8 -187.5 2350.8 0 0 0 0 0 0 0 0 0
-225.4 -156.4 2431.1 0 0 0 0 0 0 0 0 0
-518.5 -749.4 2472.8 0 0 0 0 0 0 0 0 0
-333.9 -761.2 2526.2 0 0 0 0 0 0 0 0 0
-382.8 537.8 2438.1 7 0.9926093817 0.0635621995 -0.1033754647 -0.0566780455 0.9960588813 0.0682225078 0.1073044240 -0.0618591793 0.9922999740
-395.7 335.3 2450.7 0.9926093817 0.0635621995 -0.1033754647 -0.0566780455 0.9960588813 0.0682225078 0.1073044240 -0.0618591793 0.9922999740
-408.3 140.2 2462.1 0.9925402999 0.0642633513 -0.1036046445 -0.0577541515 0.9962353110 0.0646505505 0.1073692665 -0.0581846833 0.9925152063
-537.1 343.5 2435.4 0.1719309986 -0.9234319329 -0.3430935144 0.9840236306 0.1773335487 0.0158227794 0.0462307297 -0.3403325379 0.9391679764
-583.6 77.7 2422.9 -0.1032272279 -0.9195069075 -0.3792771399 0.9580102563 0.0106404861 -0.2865364850 0.2675079703 -0.3929297626 0.8797986507
-254.2 327.1 2466.0 0.1099582464 0.9693770409 0.2195844054 -0.9786739349 0.0670276955 0.1941766441 0.1735121459 -0.2362528592 0.9560743570
-227.5 89.4 2508.1 0.0128196748 0.9693091512 0.2455105186 -0.9541515708 0.0852902532 -0.2869152427 -0.2990491986 -0.2305760831 0.9259612560
-509.6 -49.2 2466.5 0.7172721624 -0.0042451448 -0.6967802048 0.0764943138 0.9944171309 0.0726854727 0.6925815940 -0.1054349914 0.7135924101
-507.9 -438.7 2507.8 0.7226601839 0.0325423516 -0.6904369593 -0.0981726721 0.9935968518 -0.0559232831 0.6841961145 0.1081955731 0.7212276459
-330.2 -59.3 2486.2 0.9966620803 -0.0414773747 -0.0703160539 0.0492429733 0.9924228191 0.1125704870 0.0651141256 -0.1156573072 0.9911526442
-314.0 -448.0 2531.5 0.9959825277 0.0621016547 -0.0645147562 -0.0631072745 0.9979131818 -0.0136664156 0.0635314211 0.0176828615 0.9978231788
-554.9 -188.5 2348.5 0 0 0 0 0 0 0 0 0
-224.2 -155.9 2431.2 0 0 0 0 0 0 0 0 0
-518.1 -749.6 2473.9 0 0 0 0 0 0 0 0 0
-333.6 -764.0 2525.9 0 0 0 0 0 0 0 0 0
-382.3 538.3 2433.7 8 0.9945161343 0.0650361851 -0.0819023624 -0.0581288971 0.9947629571 0.0840692222 0.0869409814 -0.0788473040 0.9930883050
-395.6 335.0 2449.8 0.9945161343 0.0650361851 -0.0819023624 -0.0581288971 0.9947629571 0.0840692222 0.0869409814 -0.0788473040 0.9930883050
-408.5 140.1 2463.5 0.9944139719 0.0658686757 -0.0824755132 -0.0596820302 0.9953690767 0.0753556341 0.0870571509 -0.0700123906 0.9937400818
-537.3 343.6 2437.4 0.1792077422 -0.9275423884 -0.3279477954 0.9818599224 0.1896076202 0.0002676919 0.0619331039 -0.3220467567 0.9446958303
-585.3 80.7 2420.8 -0.0904349610 -0.9268896580 -0.3642761409 0.9638532996 0.0105866622 -0.2662230432 0.2506158650 -0.3751846254 0.8924282789
-253.9 326.5 2462.2 0.1081917286 0.9650650620 0.2386294007 -0.9744057059 0.0553662442 0.2178717554 0.1970484108 -0.2560937703 0.9463550448
