-57.0 520.7 2389.9 1 0.9998774529 0.0063575665 -0.0143044163 -0.0056503108 0.9987851977 0.0489516258 0.0145982523 -0.0488648042 0.9986987114
-58.3 319.8 2399.8 0.9998774529 0.0063575665 -0.0143044163 -0.0056503108 0.9987851977 0.0489516258 0.0145982523 -0.0488648042 0.9986987114
-59.7 121.2 2407.9 0.9998682737 0.0075661456 -0.0143587170 -0.0069694626 0.9991282821 0.0411600322 0.0146576222 -0.0410545394 0.9990493655
-199.0 320.8 2397.7 0.2005917877 -0.9559319019 -0.2143761963 0.9752788544 0.1741452217 0.1360317469 -0.0927044898 -0.2363634109 0.9672322273
-253.9 53.9 2423.1 0.0622978695 -0.9559319019 -0.2869027555 0.9070689678 0.1741452217 -0.3832744658 0.4163470268 -0.2363634109 0.8779450655
82.5 318.8 2401.8 0.1845020056 0.5775442123 0.7952368855 -0.9828315377 0.1075192615 0.1499393135 0.0010932923 -0.8092479706 0.5874661803
133.7 45.6 2402.1 -0.0059214747 0.5815307498 0.8135028481 -0.9642783999 0.2121225446 -0.1586543024 -0.2648246586 -0.7853826880 0.5595014691
-151.9 -75.7 2409.2 0.9990119338 0.0390971266 -0.0211318843 -0.0393708907 0.9991439581 -0.0126979332 0.0206173416 0.0135173677 0.9996960759
-167.4 -472.9 2403.8 0.9997871518 0.0141199352 -0.0150416708 -0.0119276280 0.9904993176 0.1369992048 0.0168331843 -0.1367906332 0.9904569387
31.6 -76.5 2413.9 0.9982826710 -0.0580715388 0.0077086492 0.0582675524 0.9979009032 -0.0282599367 -0.0060513699 0.0286605693 0.9995709062
54.6 -473.3 2402.5 0.9989100099 -0.0464685746 -0.0044107502 0.0465121269 0.9829726219 0.1777679324 -0.0039249756 -0.1777793169 0.9840625525
-271.7 -205.7 2303.9 0 0 0 0 0 0 0 0 0
132.1 -227.1 2327.2 0 0 0 0 0 0 0 0 0
-171.7 -774.4 2445.5 0 0 0 0 0 0 0 0 0
68.6 -768.3 2455.9 0 0 0 0 0 0 0 0 0
-58.0 523.1 2394.4 2 0.9999554753 0.0065459101 0.0067952503 -0.0067955493 0.9992777109 0.0373885967 -0.0065455996 -0.0374331102 0.9992777109
-59.3 322.2 2401.9 0.9999554753 0.0065459101 0.0067952503 -0.0067955493 0.9992777109 0.0373885967 -0.0065455996 -0.0374331102 0.9992777109
-61.0 123.5 2409.0 0.9999421239 0.0083533116 0.0067831562 -0.0085907644 0.9993232489 0.0357662998 -0.0064797988 -0.0358225033 0.9993371367
-200.0 323.4 2402.8 0.1896380931 -0.9622303247 -0.1953208447 0.9785136580 0.1688201278 0.1183673367 -0.0809225440 -0.2135710716 0.9735702276
-252.4 53.2 2425.1 0.0656257346 -0.9622303247 -0.2642084360 0.9052112699 0.1688201278 -0.3899901509 0.4198640585 -0.2135710716 0.8821006417
81.4 321.0 2401.0 0.1842032969 0.5617483854 0.8065407276 -0.9828876853 0.1044636816 0.1517206132 0.0009745884 -0.8206863403 0.5713781118
133.5 43.1 2401.2 -0.0072519905 0.5658407807 0.8244826198 -0.9657217264 0.2099836171 -0.1526056379 -0.2594783306 -0.7973274589 0.5449219346
-153.0 -76.7 2414.7 0.9993515015 0.0360021144 -0.0006286543 -0.0360033959 0.9988156557 -0.0327269994 -0.0005503315 0.0327284113 0.9994641542
-167.3 -473.8 2401.7 0.9998993278 0.0130090015 0.0056638895 -0.0136819119 0.9897601604 0.1420831829 -0.0037575318 -0.1421463639 0.9898385406
30.5 -78.0 2417.4 0.9978758693 -0.0585125126 0.0286356788 0.0594173893 0.9977253079 -0.0318402089 -0.0267074909 0.0334740318 0.9990826845
53.8 -474.7 2404.1 0.9986716509 -0.0489568189 0.0160691198 0.0454526544 0.9839078784 0.1727986783 -0.0242702067 -0.1718387604 0.9848260880
-271.2 -206.7 2304.6 0 0 0 0 0 0 0 0 0
131.4 -230.1 2327.9 0 0 0 0 0 0 0 0 0
-171.2 -774.5 2444.9 0 0 0 0 0 0 0 0 0
68.6 -771.7 2456.0 0 0 0 0 0 0 0 0 0
-58.0 524.5 2396.1 3 0.9999405742 0.0101429000 -0.0039998218 -0.0099953292 0.9993256330 0.0353326797 0.0043555000 -0.0352905989 0.9993675947
-60.0 323.8 2403.2 0.9999405742 0.0101429000 -0.0039998218 -0.0099953292 0.9993256330 0.0353326797 0.0043555000 -0.0352905989 0.9993675947
-62.4 125.1 2409.6 0.9999212623 0.0118847089 -0.0040295827 -0.0117469896 0.9993984103 0.0326322317 0.0044149831 -0.0325823277 0.9994593263
-200.7 325.4 2402.5 0.1850613654 -0.9610565901 -0.2052375972 0.9794990420 0.1634728014 0.1177211776 -0.0795859471 -0.2228156626 0.9716065526
-251.9 54.6 2424.5 0.0682012215 -0.9604694247 -0.2699019313 0.9080207944 0.1718396097 -0.3820593655 0.4133361876 -0.2190196514 0.8838459253
80.7 322.1 2403.8 0.1863139719 0.5694939494 0.8006020784 -0.9824689627 0.1133566722 0.1480032951 -0.0064666099 -0.8141418099 0.5806300640
133.4 44.4 2402.0 -0.0127251782 0.5732693672 0.8192681670 -0.9656429887 0.2056386620 -0.1588909775 -0.2595605254 -0.7931424975 0.5509567261
-154.4 -74.3 2416.7 0.9993830919 0.0333536975 -0.0109991664 -0.0335440636 0.9992822409 -0.0176026225 0.0104041593 0.0179607198 0.9997845888
-167.6 -471.6 2409.6 0.9998884201 0.0134808905 -0.0064361910 -0.0126412213 0.9931338429 0.1162984446 0.0079598054 -0.1162041053 0.9931934476
29.1 -75.9 2415.5 0.9978344440 -0.0634177104 0.0174527559 0.0639581382 0.9974272251 -0.0323781446 -0.0153545057 0.0334242731 0.9993233085
54.3 -472.5 2402.3 0.9988878369 -0.0469808504 0.0039855759 0.0455691405 0.9836522341 0.1742174476 -0.0121053038 -0.1738420725 0.9846991301
-271.5 -206.5 2305.7 0 0 0 0 0 0 0 0 0
129.8 -228.7 2328.5 0 0 0 0 0 0 0 0 0
-171.7 -770.3 2444.5 0 0 0 0 0 0 0 0 0
68.6 -772.3 2455.2 0 0 0 0 0 0 0 0 0
-59.4 523.2 2397.4 4 0.9999628663 0.0023132390 -0.0082991691 -0.0020650791 0.9995541573 0.0297867488 0.0083643729 -0.0297685042 0.9995218515
-59.9 322.8 2403.4 0.9999628663 0.0023132390 -0.0082991691 -0.0020650791 0.9995541573 0.0297867488 0.0083643729 -0.0297685042 0.9995218515
-60.8 124.0 2408.9 0.9999547005 0.0046416889 -0.0083068348 -0.0044109486 0.9996097684 0.0275831781 0.0084316265 -0.0275452882 0.9995849729
-200.6 323.4 2402.2 0.1876593977 -0.9650394320 -0.1829832047 0.9779723883 0.1662390977 0.1262324154 -0.0914002955 -0.2026412189 0.9749782085
-252.1 54.7 2427.3 0.0677820519 -0.9650394320 -0.2531886697 0.9051170349 0.1662390977 -0.3913153410 0.4197245836 -0.2026412189 0.8847416639
80.9 322.1 2404.6 0.1912294030 0.5724213719 0.7973487973 -0.9815025926 0.1191017777 0.1498914361 -0.0091646053 -0.8112635612 0.5846087933
134.3 47.9 2402.0 -0.0195701309 0.5755920410 0.8175027966 -0.9680554271 0.1935218126 -0.1594301462 -0.2499713451 -0.7945080996 0.5534177423
-156.5 -72.5 2415.7 0.9995283484 0.0267417580 -0.0150982141 -0.0271851458 0.9991810918 -0.0299680363 0.0142844524 0.0303643495 0.9994367957
-167.1 -469.7 2403.6 0.9997996688 0.0170787815 -0.0104391500 -0.0154928360 0.9904954433 0.1366703510 0.0126740932 -0.1364812255 0.9905616045
27.0 -74.7 2416.5 0.9979379773 -0.0628506243 0.0130216917 0.0631932393 0.9976133704 -0.0278235544 -0.0112418858 0.0285890661 0.9995280504
52.0 -471.3 2405.1 0.9983409643 -0.0575757585 0.0006398013 0.0566776767 0.9846059084 0.1653447002 -0.0101497984 -0.1650341153 0.9862356186
-271.7 -206.1 2306.4 0 0 0 0 0 0 0 0 0
128.7 -225.8 2331.3 0 0 0 0 0 0 0 0 0
-172.4 -776.3 2445.9 0 0 0 0 0 0 0 0 0
69.5 -771.3 2455.4 0 0 0 0 0 0 0 0 0
-58.9 525.6 2398.1 5 0.9985388517 -0.0089870542 -0.0532860421 0.0106411995 0.9994676709 0.0308407433 0.0529805087 -0.0313627087 0.9981029034
-57.1 324.9 2404.4 0.9985388517 -0.0089870542 -0.0532860421 0.0106411995 0.9994676709 0.0308407433 0.0529805087 -0.0313627087 0.9981029034
-55.5 126.2 2410.0 0.9985483289 -0.0080475174 -0.0532588363 0.0095304064 0.9995722771 0.0276479274 0.0530135594 -0.0281153694 0.9981979132
-197.5 323.6 2396.9 0.1972708702 -0.9617379904 -0.1901163459 0.9741448760 0.1705181897 0.1482070386 -0.1101180464 -0.2144377977 0.9705104232
-252.1 53.9 2427.4 0.0663155466 -0.9617379904 -0.2658237517 0.9043163061 0.1705181897 -0.3913254142 0.4216803312 -0.2144377977 0.8810233474
83.3 326.3 2411.9 0.1776797473 0.6048774719 0.7762429714 -0.9835881591 0.1343038976 0.1204858422 -0.0313732848 -0.7849112749 0.6188133955
133.8 46.5 2402.9 -0.0140365288 0.6073413491 0.7943170071 -0.9642040133 0.2021469176 -0.1716018319 -0.2647896111 -0.7682923675 0.5827634931
-153.4 -74.3 2413.6 0.9977835417 0.0306951273 -0.0590407066 -0.0319699049 0.9992730021 -0.0207692608 0.0583602712 0.0226107519 0.9980394840
-165.6 -471.5 2404.6 0.9983330369 0.0214207266 -0.0535940938 -0.0140813896 0.9909150600 0.1337498873 0.0559722148 -0.1327722520 0.9895648956
30.0 -75.1 2415.1 0.9979732633 -0.0548988581 -0.0321793780 0.0545229539 0.9984349608 -0.0124454517 0.0328122564 0.0106657129 0.9994046092
51.9 -472.0 2410.9 0.9977245331 -0.0537296385 -0.0407287367 0.0593059920 0.9867385030 0.1510958523 0.0320702866 -0.1531675011 0.9876797199
-271.2 -206.9 2305.8 0 0 0 0 0 0 0 0 0
129.8 -226.1 2328.1 0 0 0 0 0 0 0 0 0
-172.2 -772.9 2445.0 0 0 0 0 0 0 0 0 0
68.2 -772.8 2457.6 0 0 0 0 0 0 0 0 0
-59.0 523.4 2390.9 6 0.9984806776 -0.0141648510 -0.0532515198 0.0167999584 0.9986394048 0.0493667610 0.0524797961 -0.0501863807 0.9973601103
-56.2 322.5 2401.0 0.9984806776 -0.0141648510 -0.0532515198 0.0167999584 0.9986394048 0.0493667610 0.0524797961 -0.0501863807 0.9973601103
-53.3 124.0 2410.1 0.9984759688 -0.0147540029 -0.0531798825 0.0171255488 0.9988662004 0.0444185659 0.0524642356 -0.0452616028 0.9975965619
-196.6 320.1 2393.7 0.2025971562 -0.9592283964 -0.1970666796 0.9723729491 0.1732276827 0.1564703584 -0.1159534007 -0.2233227640 0.9678232074
-252.0 54.5 2425.3 0.0675402284 -0.9592283964 -0.2744434476 0.9077551365 0.1732276827 -0.3820638359 0.4140276909 -0.2233227640 0.8824443221
84.3 325.0 2408.4 0.1832643598 0.6030148864 0.7763937712 -0.9828506708 0.1288290024 0.1319378167 -0.0204615667 -0.7872586250 0.6162833571
135.2 51.8 2402.7 -0.0047488357 0.6053234935 0.7959653735 -0.9648197889 0.2064660043 -0.1627715081 -0.2628692091 -0.7687361240 0.5830476284
-145.4 -73.3 2410.8 0.9968853593 0.0520267449 -0.0592686608 -0.0533302799 0.9983638525 -0.0206273422 0.0580985136 0.0237239096 0.9980289340
-166.1 -470.2 2401.4 0.9985288978 0.0209426954 -0.0500143655 -0.0136423782 0.9897614121 0.1420784295 0.0524777919 -0.1411871016 0.9885910749
37.6 -71.6 2420.6 0.9988914728 -0.0365278944 -0.0296903439 0.0353557914 0.9986100793 -0.0390876159 0.0310768653 0.0379945599 0.9987946153
52.1 -468.4 2405.5 0.9978655577 -0.0542181060 -0.0363968611 0.0594128668 0.9850907326 0.1614507437 0.0271006580 -0.1632685810 0.9862093925
-271.4 -206.7 2306.2 0 0 0 0 0 0 0 0 0
133.8 -221.0 2328.4 0 0 0 0 0 0 0 0 0
-172.5 -772.1 2444.5 0 0 0 0 0 0 0 0 0
69.0 -774.1 2456.1 0 0 0 0 0 0 0 0 0
-59.4 524.3 2395.4 7 0.9990158081 -0.0161817186 -0.0412987247 0.0175932273 0.9992653728 0.0340465903 0.0407174528 -0.0347396582 0.9985665679
-56.1 323.2 2402.4 0.9990158081 -0.0161817186 -0.0412987247 0.0175932273 0.9992653728 0.0340465903 0.0407174528 -0.0347396582 0.9985665679
-52.9 124.5 2408.9 0.9990141392 -0.0163648538 -0.0412670113 0.0176959354 0.9993280172 0.0320990309 0.0407139845 -0.0327976421 0.9986324310
-196.7 320.7 2396.6 0.2017775923 -0.9586390257 -0.2007412165 0.9739274979 0.1746866107 0.1447403580 -0.1036869586 -0.2247127593 0.9688927531
-251.7 55.0 2424.9 0.0691587254 -0.9586390257 -0.2760947347 0.9088051319 0.1746866107 -0.3788901865 0.4114489853 -0.2247127593 0.8832972050
84.4 325.7 2408.1 0.1832710057 0.5957894921 0.7819505334 -0.9828788042 0.1264257431 0.1340366751 -0.0190010406 -0.7931275964 0.6087590456
136.3 47.8 2402.7 0.0025605031 0.5981681347 0.8013665080 -0.9630205035 0.2173773795 -0.1591811031 -0.2694160342 -0.7713248134 0.5766047835
-141.9 -76.1 2414.3 0.9968668222 0.0638818368 -0.0466438606 -0.0649573877 0.9976472855 -0.0219176095 0.0451339856 0.0248788018 0.9986711144
-167.3 -472.7 2404.4 0.9992473125 0.0140467659 -0.0361588188 -0.0091092763 0.9910393953 0.1332587451 0.0377066694 -0.1328290701 0.9904214740
41.2 -73.0 2423.9 0.9995613694 -0.0236364678 -0.0178434942 0.0227970611 0.9986875057 -0.0458645038 0.0189041495 0.0454376079 0.9987882972
50.6 -469.9 2405.8 0.9979186654 -0.0604880378 -0.0223513544 0.0633179694 0.9847674966 0.1619376540 0.0122155976 -0.1630158424 0.9865478277
-271.6 -206.4 2306.6 0 0 0 0 0 0 0 0 0
137.0 -224.5 2326.5 0 0 0 0 0 0 0 0 0
-171.6 -774.8 2444.9 0 0 0 0 0 0 0 0 0
69.3 -774.3 2456.2 0 0 0 0 0 0 0 0 0
-60.2 524.0 2396.6 8 0.9987258911 -0.0207556579 -0.0459978320 0.0222360399 0.9992433786 0.0319092423 0.0453007333 -0.0328913964 0.9984317422
-56.1 323.2 2403.2 0.9987258911 -0.0207556579 -0.0459978320 0.0222360399 0.9992433786 0.0319092423 0.0453007333 -0.0328913964 0.9984317422
-51.9 124.6 2409.4 0.9987250566 -0.0208766293 -0.0459605902 0.0222747698 0.9992980361 0.0301213712 0.0452994928 -0.0311067309 0.9984890223
-196.6 320.1 2396.8 0.2025777102 -0.9577603340 -0.2041014135 0.9743824005 0.1763511002 0.1395681500 -0.0976793244 -0.2271462232 0.9689496160
-251.5 55.9 2423.3 0.0708144233 -0.9577603340 -0.2787120938 0.9102001190 0.1763511002 -0.3747479618 0.4080699384 -0.2271462232 0.8842417598
84.5 326.3 2409.6 0.1906099468 0.5982497334 0.7783091068 -0.9814316630 0.1334526986 0.1377763450 -0.0214427970 -0.7901187539 0.6125786304
137.5 53.2 2403.6 0.0011346918 0.6004340649 0.7996734381 -0.9623121023 0.2181231230 -0.1624120772 -0.2719450295 -0.7693511844 0.5780524611
-141.3 -75.7 2411.7 0.9966878891 0.0636084825 -0.0506675132 -0.0645478070 0.9977677464 -0.0171219222 0.0494653098 0.0203356892 0.9985687733
-166.6 -472.4 2403.6 0.9989481568 0.0211095344 -0.0407059453 -0.0156268477 0.9913133979 0.1305891275 0.0431090258 -0.1298156679 0.9906005859
42.0 -72.5 2419.1 0.9995362163 -0.0206276570 -0.0224016830 0.0197550319 0.9990633130 -0.0385000557 0.0231748652 0.0380396545 0.9990074635
50.2 -469.6 2404.0 0.9976357222 -0.0635598078 -0.0261366908 0.0670301020 0.9838457108 0.1659955829 0.0151638240 -0.1673550606 0.9857800603
-271.9 -205.4 2306.1 0 0 0 0 0 0 0 0 0
137.8 -218.9 2326.7 0 0 0 0 0 0 0 0 0
-172.9 -772.6 2442.9 0 0 0 0 0 0 0 0 0
69.9 -773.8 2455.8 0 0 0 0 0 0 0 0 0
-60.6 521.9 2397.7 9 0.9981130362 -0.0211481936 -0.0576465949 0.0228741169 0.9993045926 0.0294460766 0.0569837764 -0.0307091270 0.9979026914
-56.3 321.3 2403.8 0.9981130362 -0.0211481936 -0.0576465949 0.0228741169 0.9993045926 0.0294460766 0.0569837764 -0.0307091270 0.9979026914
-52.2 122.6 2409.1 0.9981282949 -0.0206569638 -0.0575606003 0.0221449900 0.9994336963 0.0253345873 0.0570046678 -0.0265618470 0.9980205297
-196.8 318.2 2395.8 0.2038588822 -0.9592879415 -0.1954692155 0.9728268981 0.1761075109 0.1503131092 -0.1097699478 -0.2208003551 0.9691221714
-251.8 55.7 2425.4 0.0705971494 -0.9592879415 -0.2734642625 0.9064882398 0.1761075109 -0.3837515116 0.4162873030 -0.2208003551 0.8820159435
84.1 324.4 2411.9 0.1970888376 0.6049591899 0.7714793086 -0.9797682166 0.1494630873 0.1330979317 -0.0347888730 -0.7821030021 0.6221773028
138.0 56.6 2402.4 0.0062417458 0.6059783697 0.7954566479 -0.9634764194 0.2166125923 -0.1574551910 -0.2677203715 -0.7654209137 0.5851979256
-139.4 -76.1 2411.4 0.9956371188 0.0696948245 -0.0620429069 -0.0709724575 0.9973042607 -0.0186301135 0.0605772324 0.0229521710 0.9978995919
-167.1 -472.7 2402.3 0.9985834360 0.0160879381 -0.0507175066 -0.0091953250 0.9910312295 0.1333139241 0.0524073765 -0.1326587200 0.9897753000
43.8 -72.1 2419.7 0.9992001057 -0.0210935473 -0.0339733511 0.0195717383 0.9988167286 -0.0445203632 0.0348722413 0.0438198335 0.9984306693
52.2 -469.1 2402.3 0.9976532459 -0.0571350791 -0.0377302654 0.0628192574 0.9830085039 0.1724761575 0.0272347331 -0.1744415909 0.9842908382
-272.0 -204.5 2305.9 0 0 0 0 0 0 0 0 0
139.8 -215.9 2326.6 0 0 0 0 0 0 0 0 0
-172.0 -773.9 2442.6 0 0 0 0 0 0 0 0 0
69.9 -773.2 2456.3 0 0 0 0 0 0 0 0 0
-60.2 522.3 2398.2 0 0.9972501993 -0.0244654417 -0.0699538067 0.0265151430 0.9992414117 0.0285237897 0.0692028925 -0.0303001888 0.9971423745
-55.3 321.6 2404.3 0.9972501993 -0.0244654417 -0.0699538067 0.0265151430 0.9992414117 0.0285237897 0.0692028925 -0.0303001888 0.9971423745
-50.4 122.9 2409.5 0.9972508550 -0.0247190222 -0.0698545277 0.0264864564 0.9993491769 0.0244895760 0.0692037046 -0.0262724496 0.9972565174
-195.7 317.9 2394.6 0.2066151202 -0.9581314921 -0.1982277930 0.9714311361 0.1767083704 0.1584163010 -0.1167551279 -0.2252958566 0.9672693610
-251.6 54.8 2426.2 0.0686562657 -0.9581314921 -0.2779754996 0.9056748748 0.1767083704 -0.3853921890 0.4183770120 -0.2252958566 0.8798877597
85.0 325.3 2414.1 0.1954704523 0.6128121018 0.7656713128 -0.9796983600 0.1574622244 0.1240836978 -0.0445243120 -0.7743816376 0.6311502457
139.5 52.5 2401.7 0.0077394429 0.6135100126 0.7896490097 -0.9629321694 0.2175003141 -0.1595469266 -0.2696325481 -0.7591436505 0.5924518704
-139.7 -78.1 2409.2 0.9948890805 0.0708180293 -0.0719760284 -0.0701103881 0.9974632263 0.0123141482 0.0726655051 -0.0072049443 0.9973303676
-167.8 -474.5 2412.0 0.9977982640 0.0122788427 -0.0651760101 -0.0054614078 0.9945868254 0.1037650555 0.0660973117 -0.1031806394 0.9924640656
43.5 -74.1 2419.6 0.9985326529 -0.0284556523 -0.0460746810 0.0265558399 0.9987924695 -0.0413332805 0.0471952073 0.0400490761 0.9980825186
54.8 -471.2 2403.7 0.9975959659 -0.0468157642 -0.0510942191 0.0550190322 0.9833444953 0.1732238978 0.0421336107 -0.1756186038 0.9835562110
-271.4 -206.3 2305.6 0 0 0 0 0 0 0 0 0
141.6 -219.8 2325.4 0 0 0 0 0 0 0 0 0
-171.6 -777.0 2443.4 0 0 0 0 0 0 0 0 0
69.1 -771.9 2457.4 0 0 0 0 0 0 0 0 0
-59.2 521.6 2398.0 1 0.9975378513 -0.0186770596 -0.0675973222 0.0207867529 0.9993142486 0.0306420419 0.0669786632 -0.0319717266 0.9972420335
-55.5 320.9 2404.4 0.9975378513 -0.0186770596 -0.0675973222 0.0207867529 0.9993142486 0.0306420419 0.0669786632 -0.0319717266 0.9972420335
-52.0 122.2 2409.8 0.9975671172 -0.0173949823 -0.0675078705 0.0191666391 0.9994863272 0.0256853271 0.0670263916 -0.0269167367 0.9973880649
-195.8 318.2 2395.0 0.2041716427 -0.9599332213 -0.1919429749 0.9724090695 0.1762713343 0.1528039128 -0.1128475070 -0.2178453058 0.9694374204
-251.0 55.6 2425.5 0.0719556883 -0.9599332213 -0.2708330452 0.9063657522 0.1762713343 -0.3839654922 0.4163213372 -0.2178453058 0.8827343583
84.9 323.6 2413.9 0.1931177080 0.6121832132 0.7667707205 -0.9803269506 0.1528839171 0.1248424426 -0.0408004597 -0.7757952213 0.6296642423
138.1 53.6 2402.6 0.0211437643 0.6124278307 0.7902436852 -0.9613162875 0.2295786291 -0.1521992385 -0.2746341228 -0.7564560771 0.5935910344
-137.0 -78.2 2408.4 0.9945800900 0.0763123706 -0.0706176832 -0.0763672143 0.9970778823 0.0019267788 0.0705583692 0.0034765399 0.9975016117
-167.3 -474.5 2407.0 0.9979877472 0.0165169295 -0.0612176992 -0.0091695795 0.9929222465 0.1184117943 0.0627402142 -0.1176121756 0.9910756946
46.0 -73.3 2421.1 0.9987835288 -0.0222355537 -0.0440120101 0.0200450644 0.9985679388 -0.0496007986 0.0450518839 0.0486582369 0.9977989197
54.8 -470.3 2401.8 0.9978272319 -0.0452424847 -0.0478954725 0.0530602150 0.9827612042 0.1771016568 0.0390572920 -0.1792581975 0.9830264449
-271.7 -205.4 2305.6 0 0 0 0 0 0 0 0 0
144.1 -218.3 2325.0 0 0 0 0 0 0 0 0 0
-172.4 -780.3 2443.3 0 0 0 0 0 0 0 0 0
68.7 -770.7 2456.6 0 0 0 0 0 0 0 0 0
-58.8 517.9 2391.4 2 0.9977390766 -0.0160103031 -0.0652718171 0.0192686524 0.9985833168 0.0495997481 0.0643852353 -0.0507453047 0.9966340661
-55.6 317.0 2401.6 0.9977390766 -0.0160103031 -0.0652718171 0.0192686524 0.9985833168 0.0495997481 0.0643852353 -0.0507453047 0.9966340661
-52.3 118.4 2410.1 0.9977422953 -0.0163424592 -0.0651400313 0.0190693829 0.9989580512 0.0414629802 0.0643945485 -0.0426115505 0.9970143437
-196.0 314.3 2392.5 0.2078773379 -0.9579952955 -0.1975651979 0.9708214998 0.1773805618 0.1613747329 -0.1195520014 -0.2253466845 0.9669157863
-251.6 54.7 2424.5 0.0694359243 -0.9579952955 -0.2782510519 0.9058567286 0.1773805618 -0.3846553266 0.4178543389 -0.2253466845 0.8801230788
84.8 319.6 2410.7 0.1991508603 0.6080652475 0.7685021758 -0.9793066978 0.1523123235 0.1332643479 -0.0360189267 -0.7791389823 0.6258155107
139.5 50.9 2400.8 0.0154123297 0.6084921956 0.7934101820 -0.9636263847 0.2207779884 -0.1506030113 -0.2668082714 -0.7622298002 0.5897618532
-140.1 -78.3 2409.0 0.9952607751 0.0682491064 -0.0692681670 -0.0681267604 0.9976681471 0.0041298657 0.0693885013 0.0006087226 0.9975895286
-167.2 -474.9 2408.7 0.9979819059 0.0159162972 -0.0614718087 -0.0089410665 0.9936543703 0.1121209189 0.0628662780 -0.1113450304 0.9917913675
43.0 -74.7 2421.3 0.9986770153 -0.0305245537 -0.0413815118 0.0285609271 0.9984751344 -0.0472401269 0.0427603982 0.0459957346 0.9980260134
55.1 -471.7 2403.0 0.9979943633 -0.0422094241 -0.0471767969 0.0499821007 0.9827482104 0.1780667603 0.0388468169 -0.1800676137 0.9828868508
-271.6 -205.9 2304.3 0 0 0 0 0 0 0 0 0
143.9 -221.6 2325.3 0 0 0 0 0 0 0 0 0
-172.0 -775.6 2442.4 0 0 0 0 0 0 0 0 0
68.1 -772.9 2458.2 0 0 0 0 0 0 0 0 0
-59.6 520.2 2394.6 3 0.9980409145 -0.0175291542 -0.0600588098 0.0199425742 0.9990077019 0.0398233980 0.0593011416 -0.0409431085 0.9974001646
-56.1 319.4 2402.8 0.9980409145 -0.0175291542 -0.0600588098 0.0199425742 0.9990077019 0.0398233980 0.0593011416 -0.0409431085 0.9974001646
-52.5 120.8 2410.1 0.9980403185 -0.0178209580 -0.0599824935 0.0199752655 0.9991697073 0.0355096720 0.0592998713 -0.0366382524 0.9975675941
-196.5 316.6 2394.5 0.2040207237 -0.9575020671 -0.2038757801 0.9728800058 0.1751200557 0.1511207968 -0.1089957356 -0.2291784286 0.9672627449
-251.6 53.8 2423.9 0.0678015426 -0.9575020671 -0.2803439498 0.9089770317 0.1751200557 -0.3782773316 0.4112951756 -0.2291784286 0.8822208047
84.4 322.2 2411.2 0.1930073202 0.6062065363 0.7715321183 -0.9806407094 0.1456588060 0.1308714300 -0.0330453366 -0.7818549275 0.6225840449
138.9 45.2 2401.8 0.0208904520 0.6065948606 0.7947366238 -0.9624880552 0.2272870094 -0.1481803209 -0.2705187201 -0.7618288994 0.5885884166
-140.6 -81.9 2412.6 0.9956223369 0.0675754398 -0.0645730123 -0.0683224648 0.9976187348 -0.0094288243 0.0637820885 0.0137993349 0.9978684187
-167.5 -478.5 2407.2 0.9983366132 0.0164661799 -0.0552531071 -0.0097223334 0.9927054048 0.1201725304 0.0568288416 -0.1194354445 0.9912142158
42.5 -78.4 2424.5 0.9989291430 -0.0288540181 -0.0361663625 0.0269820318 0.9983227849 -0.0512212031 0.0375836417 0.0501905121 0.9980322719
53.9 -475.4 2404.5 0.9979725480 -0.0481167287 -0.0416608602 0.0545786247 0.9837125540 0.1712623388 0.0327417254 -0.1731888950 0.9843442440
-271.1 -207.4 2305.7 0 0 0 0 0 0 0 0 0
144.9 -227.0 2325.3 0 0 0 0 0 0 0 0 0
-172.4 -776.1 2443.0 0 0 0 0 0 0 0 0 0
68.5 -772.7 2456.8 0 0 0 0 0 0 0 0 0
-58.7 523.3 2396.2 4 0.9988296032 -0.0121462308 -0.0468174405 0.0139083285 0.9991999269 0.0374975167 0.0463245288 -0.0381047800 0.9981994033
-56.3 322.7 2403.8 0.9988296032 -0.0121462308 -0.0468174405 0.0139083285 0.9991999269 0.0374975167 0.0463245288 -0.0381047800 0.9981994033
-54.1 124.0 2410.1 0.9988464117 -0.0110039338 -0.0467412025 0.0124572208 0.9994443655 0.0309155621 0.0463750400 -0.0314621665 0.9984285235
-196.8 320.9 2397.3 0.1993970871 -0.9599098563 -0.1970124394 0.9749484658 0.1741110981 0.1384224296 -0.0985709950 -0.2196779996 0.9705799222
-251.4 54.3 2424.3 0.0700882301 -0.9599098563 -0.2714051306 0.9078889489 0.1741110981 -0.3813436925 0.4133102000 -0.2196779996 0.8836946487
84.3 324.4 2410.4 0.1910957992 0.5980800986 0.7783203721 -0.9811453223 0.1397458166 0.1335100085 -0.0289173461 -0.7891585827 0.6135083437
137.9 49.3 2402.2 0.0285373684 0.5980990529 0.8009139299 -0.9623619914 0.2330773920 -0.1397654414 -0.2702684999 -0.7667806149 0.5822392106
-140.5 -79.7 2411.9 0.9962959886 0.0694137812 -0.0507544726 -0.0695818961 0.9975750446 -0.0015507769 0.0505237505 0.0050766254 0.9987099767
-168.1 -476.3 2409.9 0.9990178943 0.0131486868 -0.0423126221 -0.0082117282 0.9933542609 0.1148035899 0.0435409397 -0.1143433824 0.9924866557
42.6 -76.0 2422.8 0.9992998242 -0.0290668700 -0.0235569943 0.0277130231 0.9980521798 -0.0558913089 0.0251356941 0.0551993437 0.9981589317
54.2 -472.8 2400.9 0.9983749986 -0.0486798100 -0.0296257641 0.0531463996 0.9829898477 0.1758022159 0.0205638073 -0.1770910323 0.9839796424
-271.5 -206.5 2305.6 0 0 0 0 0 0 0 0 0
146.0 -222.9 2325.8 0 0 0 0 0 0 0 0 0
-172.1 -777.7 2444.6 0 0 0 0 0 0 0 0 0
68.9 -771.2 2454.6 0 0 0 0 0 0 0 0 0
-59.3 521.6 2397.5 5 0.9993243217 -0.0036647581 -0.0365716107 0.0049586822 0.9993625879 0.0353528261 0.0364187397 -0.0355102867 0.9987055063
-58.6 321.2 2404.6 0.9993243217 -0.0036647581 -0.0365716107 0.0049586822 0.9993625879 0.0353528261 0.0364187397 -0.0355102867 0.9987055063
-57.9 122.5 2410.5 0.9993265271 -0.0032320626 -0.0365520306 0.0043183262 0.9995501637 0.0296784882 0.0364396647 -0.0298163444 0.9988909364
-199.2 320.6 2399.5 0.1772456467 -0.9656425714 -0.1900483221 0.9804815650 0.1565631032 0.1189280972 -0.0850874782 -0.2074183673 0.9745448828
-247.4 54.1 2422.6 0.0819521248 -0.9640029669 -0.2529468238 0.9064291716 0.1776062995 -0.3831999302 0.4143308401 -0.1978743374 0.8883556128
82.1 321.8 2409.7 0.1955331117 0.5904612541 0.7830212712 -0.9802935123 0.1405826807 0.1387845129 -0.0281323437 -0.7947276235 0.6063139439
135.2 55.4 2402.1 0.0365596786 0.5897074342 0.8067890406 -0.9632842541 0.2356750071 -0.1286109984 -0.2659828663 -0.7724651694 0.5766720772
-143.6 -75.8 2412.1 0.9972707033 0.0615485683 -0.0407782197 -0.0616846792 0.9980934858 -0.0020869446 0.0405720286 0.0045966404 0.9991660714
-168.0 -472.6 2410.3 0.9993501306 0.0130404690 -0.0336042196 -0.0092677101 0.9938800931 0.1100747213 0.0348339938 -0.1096917540 0.9933550954
39.7 -73.5 2420.6 0.9991016388 -0.0399250574 -0.0142110884 0.0391235948 0.9978385568 -0.0527977347 0.0162883233 0.0521943122 0.9985041022
55.6 -470.3 2399.9 0.9988660812 -0.0416156687 -0.0231224000 0.0451238304 0.9824198484 0.1811492741 0.0151772555 -0.1819872409 0.9831837416
-271.0 -207.4 2303.1 0 0 0 0 0 0 0 0 0
145.5 -217.1 2326.9 0 0 0 0 0 0 0 0 0
-172.0 -775.3 2443.7 0 0 0 0 0 0 0 0 0
68.3 -770.5 2455.5 0 0 0 0 0 0 0 0 0
-60.4 520.9 2398.1 6 0.9995103478 -0.0005698812 -0.0312850028 0.0015468863 0.9995115399 0.0312138721 0.0312519334 -0.0312469825 0.9990230203
-60.2 320.8 2404.4 0.9995103478 -0.0005698812 -0.0312850028 0.0015468863 0.9995115399 0.0312138721 0.0312519334 -0.0312469825 0.9990230203
-60.2 122.1 2410.4 0.9995104671 -0.0002663800 -0.0312844925 0.0012050623 0.9995495081 0.0299896933 0.0312624089 -0.0300127137 0.9990605116
-200.9 320.6 2400.0 0.1782994419 -0.9715453982 -0.1559128314 0.9796528220 0.1604359746 0.1205847040 -0.0921394899 -0.1742406338 0.9803828597
-249.6 53.3 2425.1 0.0742806196 -0.9715453982 -0.2249041796 0.9049212337 0.1604359746 -0.3941799998 0.4190465212 -0.1742406338 0.8910893202
80.4 321.0 2408.8 0.1930074990 0.5880566239 0.7854536772 -0.9809914827 0.1320438832 0.1421973556 -0.0200942475 -0.7979685664 0.6023640037
133.4 51.7 2403.3 0.0455260798 0.5867564082 0.8084827065 -0.9612361789 0.2460474819 -0.1244412661 -0.2719418406 -0.7714775205 0.5752130747
-149.0 -76.6 2413.1 0.9982502460 0.0469884612 -0.0358962789 -0.0472655967 0.9988584518 -0.0069108224 0.0355305709 0.0085953893 0.9993316531
-167.7 -473.7 2409.7 0.9994393587 0.0149496291 -0.0299573224 -0.0114488164 0.9934377670 0.1137994975 0.0314619951 -0.1133927256 0.9930520058
34.4 -75.8 2419.8 0.9987186790 -0.0497480556 -0.0092821382 0.0492157526 0.9974987507 -0.0507352501 0.0117829014 0.0502134152 0.9986690283
54.2 -472.4 2399.9 0.9988596439 -0.0429634452 -0.0208221730 0.0461106710 0.9811971188 0.1874193549 0.0123784747 -0.1881657541 0.9820592999
-271.0 -208.0 2304.1 0 0 0 0 0 0 0 0 0
146.3 -220.1 2326.4 0 0 0 0 0 0 0 0 0
-172.2 -775.7 2444.2 0 0 0 0 0 0 0 0 0
67.2 -770.4 2457.0 0 0 0 0 0 0 0 0 0
-60.8 519.1 2398.0 7 0.9995861650 0.0020204440 -0.0286949985 -0.0010778620 0.9994605184 0.0328258574 0.0287458394 -0.0327813439 0.9990490675
-61.2 318.9 2404.5 0.9995861650 0.0020204440 -0.0286949985 -0.0010778620 0.9994605184 0.0328258574 0.0287458394 -0.0327813439 0.9990490675
-61.7 120.2 2410.2 0.9995845556 0.0025988328 -0.0287049487 -0.0017798468 0.9995916486 0.0285199657 0.0287673455 -0.0284570269 0.9991809726
-201.9 319.1 2400.5 0.1781692505 -0.9713551998 -0.1572411954 0.9796925187 0.1601743996 0.1206098944 -0.0919690356 -0.1755369902 0.9801675677
-250.2 53.2 2425.4 0.0737112090 -0.9713551998 -0.2259108871 0.9053480625 0.1601743996 -0.3933052421 0.4182242155 -0.1755369902 0.8912212253
79.5 318.6 2408.6 0.1928625107 0.5873038769 0.7860522866 -0.9811199307 0.1271915287 0.1456915438 -0.0144139798 -0.7993100286 0.6007459760
132.3 49.9 2404.6 0.0514680184 0.5854032040 0.8091070056 -0.9619795680 0.2466626912 -0.1172724441 -0.2682281733 -0.7723085880 0.5758411884
-151.8 -76.7 2413.5 0.9986051321 0.0410673842 -0.0331859700 -0.0411936529 0.9991462827 -0.0031299128 0.0330291018 0.0044925981 0.9994443059
-168.2 -474.0 2411.7 0.9995302558 0.0114659863 -0.0284211971 -0.0083382316 0.9941352606 0.1078218594 0.0294907968 -0.1075342298 0.9937639236
31.6 -76.5 2419.2 0.9981622100 -0.0601802953 -0.0071126488 0.0597609393 0.9970059991 -0.0490682572 0.0100442953 0.0485530198 0.9987701178
55.5 -472.9 2399.9 0.9989270568 -0.0410829335 -0.0213769935 0.0444312617 0.9803597331 0.1921474934 0.0130631607 -0.1928911358 0.9811332226
-271.4 -207.2 2305.2 0 0 0 0 0 0 0 0 0
146.9 -222.1 2328.8 0 0 0 0 0 0 0 0 0
-171.6 -773.8 2444.1 0 0 0 0 0 0 0 0 0
68.0 -770.6 2458.5 0 0 0 0 0 0 0 0 0
-58.5 520.4 2391.4 8 0.9997415543 0.0068768370 -0.0216693208 -0.0057762172 0.9987098575 0.0504510775 0.0219883062 -0.0503128730 0.9984914064
-59.8 320.1 2401.5 0.9997415543 0.0068768370 -0.0216693208 -0.0057762172 0.9987098575 0.0504510775 0.0219883062 -0.0503128730 0.9984914064
-61.2 121.5 2410.4 0.9997389317 0.0071369782 -0.0217067469 -0.0061518643 0.9989628196 0.0451158248 0.0220062248 -0.0449705087 0.9987459183
-200.5 321.0 2398.4 0.1846462339 -0.9692699909 -0.1625468433 0.9771929979 0.1634139717 0.1356085986 -0.1048789248 -0.1838792562 0.9773375988
-251.0 53.9 2427.0 0.0721692666 -0.9692699909 -0.2351750582 0.9034821987 0.1634139717 -0.3962521255 0.4225061834 -0.1838792562 0.8875116706
80.9 319.2 2404.6 0.1846499443 0.5835388303 0.7908140421 -0.9827889800 0.1051345915 0.1518964171 0.0054955482 -0.8052510023 0.5929086208
132.0 47.3 2406.1 0.0499940030 0.5827634335 0.8111025691 -0.9588873982 0.2551547885 -0.1242213547 -0.2793483436 -0.7715457082 0.5715607405
-153.9 -78.4 2413.2 0.9990001321 0.0355223902 -0.0271453317 -0.0357081890 0.9993418455 -0.0063906149 0.0269004554 0.0073535359 0.9996110797
-168.1 -475.7 2410.3 0.9996663928 0.0125431875 -0.0225771014 -0.0098327845 0.9931545258 0.1163931265 0.0238824915 -0.1161323041 0.9929465652
29.5 -78.7 2418.5 0.9979942441 -0.0633026883 0.0004502191 0.0632504299 0.9968266487 -0.0483328737 0.0026108103 0.0482644103 0.9988311529
54.7 -475.1 2399.3 0.9990027547 -0.0418542251 -0.0155488178 0.0441547558 0.9777780175 0.2049402595 0.0066256765 -0.2054224312 0.9786509871
-271.8 -206.1 2305.4 0 0 0 0 0 0 0 0 0
146.1 -223.9 2327.1 0 0 0 0 0 0 0 0 0
-171.9 -778.0 2445.6 0 0 0 0 0 0 0 0 0
67.4 -773.6 2462.0 0 0 0 0 0 0 0 0 0
-58.8 523.4 2394.6 9 0.9990781546 0.0070353551 -0.0423477329 -0.0053108106 0.9991573095 0.0406990349 0.0425983816 -0.0404366180 0.9982736111
-60.2 322.5 2402.7 0.9990781546 0.0070353551 -0.0423477329 -0.0053108106 0.9991573095 0.0406990349 0.0425983816 -0.0404366180 0.9982736111
-61.6 123.8 2410.0 0.9990752339 0.0072729620 -0.0423760228 -0.0057159779 0.9993082285 0.0367481150 0.0426139720 -0.0364719108 0.9984256625
-200.8 323.3 2396.7 0.1835794747 -0.9702705145 -0.1577141583 0.9764411449 0.1614815444 0.1431308538 -0.1134077162 -0.1802744716 0.9770566821
-251.3 54.8 2427.9 0.0713633746 -0.9702705145 -0.2312627286 0.9026355147 0.1614815444 -0.3989647031 0.4244483411 -0.1802744716 0.8873244524
80.4 321.7 2408.7 0.1832969189 0.5978434682 0.7803751826 -0.9829431772 0.1235704869 0.1362096667 -0.0149992798 -0.7920312285 0.6102962494
131.6 46.9 2404.5 0.0494079553 0.5966407657 0.8009860516 -0.9579000473 0.2553949654 -0.1311523020 -0.2828186154 -0.7607846260 0.5841407776
-154.4 -76.5 2417.3 0.9982823133 0.0337252840 -0.0479067452 -0.0346293785 0.9992350340 -0.0181688331 0.0472573489 0.0197966043 0.9986865520
-167.8 -473.7 2409.5 0.9989702106 0.0143773789 -0.0430332646 -0.0093889982 0.9934418201 0.1139527783 0.0443893857 -0.1134313866 0.9925537109
29.1 -77.6 2421.4 0.9976822138 -0.0648670495 -0.0205550343 0.0637620017 0.9966868758 -0.0504948199 0.0237623826 0.0490671545 0.9985128045
54.9 -473.9 2401.9 0.9984435439 -0.0428926051 -0.0356476493 0.0489709340 0.9801132083 0.1923016608 0.0266904142 -0.1937480569 0.9806881547
-271.9 -205.4 2305.5 0 0 0 0 0 0 0 0 0
145.6 -224.0 2324.5 0 0 0 0 0 0 0 0 0
-172.1 -773.5 2443.7 0 0 0 0 0 0 0 0 0
68.0 -773.0 2461.0 0 0 0 0 0 0 0 0 0
-57.4 522.3 2396.2 0 0.9992232323 0.0070665656 -0.0387683362 -0.0056185368 0.9992870688 0.0373334363 0.0390045159 -0.0370866135 0.9985505939
-58.8 321.7 2403.6 0.9992232323 0.0070665656 -0.0387683362 -0.0056185368 0.9992870688 0.0373334363 0.0390045159 -0.0370866135 0.9985505939
-59.9 123.0 2410.2 0.9992322326 0.0054877736 -0.0387922674 -0.0041874158 0.9994291663 0.0335231796 0.0389540903 -0.0333350003 0.9986848235
-199.5 322.3 2398.1 0.1905115694 -0.9655939937 -0.1770128161 0.9763187766 0.1675366908 0.1368690729 -0.1025038138 -0.1988960803 0.9746451974
-251.6 55.3 2426.2 0.0707453489 -0.9655939937 -0.2502464652 0.9052095413 0.1675366908 -0.3905472457 0.4190355539 -0.1988960803 0.8859173656
81.8 321.1 2409.1 0.1784635931 0.5964164734 0.7825842500 -0.9838711023 0.1180127412 0.1344269663 -0.0121804550 -0.7939524055 0.6078579426
130.9 50.4 2405.8 0.0438869819 0.5958414078 0.8019020557 -0.9601118565 0.2470282018 -0.1310050637 -0.2761506736 -0.7641662359 0.5829157233
-154.7 -74.3 2413.3 0.9984919429 0.0335352197 -0.0434649810 -0.0334837064 0.9994374514 0.0019129101 0.0435046777 -0.0004546568 0.9990531206
-168.0 -471.6 2413.5 0.9991093874 0.0132470885 -0.0400621444 -0.0092900861 0.9952027798 0.0973918512 0.0411601141 -0.0969329327 0.9944394827
28.6 -75.3 2421.1 0.9977537990 -0.0649304166 -0.0164754633 0.0638555735 0.9962124825 -0.0590181984 0.0202451386 0.0578335822 0.9981209636
54.4 -471.4 2398.1 0.9984593987 -0.0450369082 -0.0324118882 0.0505281426 0.9793621898 0.1956953108 0.0229294654 -0.1970315278 0.9801290035
-271.9 -205.1 2305.6 0 0 0 0 0 0 0 0 0
143.3 -221.1 2327.7 0 0 0 0 0 0 0 0 0
-172.1 -773.9 2442.9 0 0 0 0 0 0 0 0 0
68.2 -770.8 2458.4 0 0 0 0 0 0 0 0 0
-58.7 521.1 2397.5 1 0.9993206263 0.0002865492 -0.0368545726 0.0009534273 0.9994341135 0.0336231440 0.0368433520 -0.0336354375 0.9987548590
-58.8 320.5 2404.2 0.9993206263 0.0002865492 -0.0368545726 0.0009534273 0.9994341135 0.0336231440 0.0368433520 -0.0336354375 0.9987548590
-58.9 121.8 2410.2 0.9993203878 0.0006060607 -0.0368561856 0.0005007186 0.9995493889 0.0300130341 0.0368577652 -0.0300110914 0.9988697767
-199.4 320.4 2399.0 0.1916427165 -0.9649512172 -0.1792825460 0.9766936898 0.1695127487 0.1316619813 -0.0966567174 -0.2003361881 0.9749476314
-251.5 55.2 2425.3 0.0709737986 -0.9649512172 -0.2526497245 0.9035128951 0.1695127487 -0.3936113715 0.4226430953 -0.2003361881 0.8838768005
81.8 320.6 2409.4 0.1785027981 0.5947921872 0.7838105559 -0.9838227034 0.1201605052 0.1328695714 -0.0151532814 -0.7948482037 0.6066190600
131.1 49.1 2405.2 0.0266424157 0.5956487656 0.8028030396 -0.9626771212 0.2316669375 -0.1399397850 -0.2693378925 -0.7691118121 0.5795896053
-152.7 -75.2 2413.3 0.9985126257 0.0357848443 -0.0411329828 -0.0355715379 0.9993496537 0.0059062145 0.0413175859 -0.0044342661 0.9991362095
-166.9 -472.6 2415.1 0.9990782142 0.0201826133 -0.0378870666 -0.0166145712 0.9955986142 0.0922353193 0.0395818613 -0.0915208235 0.9950162172
30.7 -76.0 2420.4 0.9985108972 -0.0524468981 -0.0150119467 0.0516823269 0.9975357652 -0.0474481285 0.0174634606 0.0466016233 0.9987608790
51.5 -472.6 2401.9 0.9979734421 -0.0577917136 -0.0266285818 0.0616916381 0.9812952876 0.1823560148 0.0155918356 -0.1836292297 0.9828718901
-271.9 -204.8 2303.6 0 0 0 0 0 0 0 0 0
138.6 -223.1 2329.1 0 0 0 0 0 0 0 0 0
-173.0 -774.7 2442.8 0 0 0 0 0 0 0 0 0
68.9 -767.7 2457.2 0 0 0 0 0 0 0 0 0
-59.3 521.5 2398.1 2 0.9990311265 -0.0042943805 -0.0437989235 0.0057496834 0.9994336963 0.0331552476 0.0436317362 -0.0333749540 0.9984900355
-58.4 321.3 2404.8 0.9990311265 -0.0042943805 -0.0437989235 0.0057496834 0.9994336963 0.0331552476 0.0436317362 -0.0333749540 0.9984900355
-57.8 122.6 2411.1 0.9990354776 -0.0032325403 -0.0437917337 0.0046036942 0.9995011091 0.0312462188 0.0436688811 -0.0314176828 0.9985519052
-199.0 320.6 2398.7 0.1930099577 -0.9651974440 -0.1764681488 0.9755910039 0.1695805639 0.1395155340 -0.1047344729 -0.1990886331 0.9743687510
-251.5 55.4 2427.1 0.0709331930 -0.9651974440 -0.2517187595 0.9024875164 0.1695805639 -0.3959276378 0.4248349667 -0.1990886331 0.8831075430
82.2 321.9 2411.0 0.1760026217 0.5984101295 0.7816190720 -0.9840235710 0.1286052614 0.1231188551 -0.0268447548 -0.7908008695 0.6114845872
131.2 47.9 2403.5 0.0164327882 0.5993587971 0.8003118038 -0.9659249187 0.2162926793 -0.1421497017 -0.2583002448 -0.7707052231 0.5824899077
-150.7 -77.0 2412.8 0.9980107546 0.0406615213 -0.0481789447 -0.0406397507 0.9991728663 0.0014316902 0.0481973067 0.0005291383 0.9988377094
-166.9 -474.2 2412.6 0.9988168478 0.0210595131 -0.0438335352 -0.0164874475 0.9946302772 0.1021703854 0.0457498208 -0.1013268009 0.9938006997
32.7 -76.9 2419.5 0.9985658526 -0.0491531156 -0.0212183632 0.0479488745 0.9973915815 -0.0539529100 0.0238149706 0.0528581366 0.9983180165
52.2 -473.4 2398.5 0.9979402423 -0.0554221682 -0.0323055498 0.0604620986 0.9808879495 0.1849410832 0.0214382894 -0.1865134090 0.9822185040
-272.0 -204.8 2304.7 0 0 0 0 0 0 0 0 0
135.8 -225.3 2330.4 0 0 0 0 0 0 0 0 0
-173.2 -772.3 2442.9 0 0 0 0 0 0 0 0 0
68.8 -767.7 2454.5 0 0 0 0 0 0 0 0 0
-58.5 520.0 2399.0 3 0.9989523292 -0.0033787144 -0.0456384532 0.0049277144 0.9994140863 0.0338709280 0.0454972722 -0.0340603366 0.9983836412
-57.8 319.6 2405.8 0.9989523292 -0.0033787144 -0.0456384532 0.0049277144 0.9994140863 0.0338709280 0.0454972722 -0.0340603366 0.9983836412
-57.3 120.9 2411.7 0.9989557266 -0.0023900408 -0.0456267223 0.0037528819 0.9995486140 0.0298071112 0.0455348901 -0.0299472157 0.9985137582
-198.4 319.0 2399.4 0.1967592984 -0.9622783065 -0.1878994703 0.9754968882 0.1728934199 0.1360648125 -0.0984456390 -0.2100673765 0.9727179408
-251.5 55.8 2425.9 0.0710394755 -0.9622783065 -0.2626286745 0.9050023556 0.1728934199 -0.3886882663 0.4194330573 -0.2100673765 0.8831464052
82.8 320.1 2412.2 0.1769646406 0.6003441215 0.7799169421 -0.9839231372 0.1272805333 0.1252793372 -0.0240575355 -0.7895483375 0.6132166386
131.1 51.4 2405.6 0.0176032819 0.6013355851 0.7988026142 -0.9652478099 0.2185674012 -0.1432654709 -0.2607428432 -0.7685205340 0.5842853785
-148.8 -76.5 2413.3 0.9977227449 0.0449937247 -0.0502477922 -0.0452942401 0.9989618659 -0.0048574507 0.0499770716 0.0071223248 0.9987249970
-166.7 -473.7 2410.5 0.9987437129 0.0229041167 -0.0445685983 -0.0177197903 0.9933885932 0.1134242415 0.0468718186 -0.1124920100 0.9925464988
34.5 -75.7 2421.3 0.9985671043 -0.0484968983 -0.0226221569 0.0469210111 0.9967393875 -0.0656431019 0.0257318821 0.0644875914 0.9975867271
53.8 -472.0 2395.7 0.9982813001 -0.0474165343 -0.0344407856 0.0532568209 0.9792633057 0.1954663694 0.0244582612 -0.1969646215 0.9801054597
-272.0 -204.7 2305.2 0 0 0 0 0 0 0 0 0
136.1 -221.6 2331.9 0 0 0 0 0 0 0 0 0
-173.5 -769.3 2443.9 0 0 0 0 0 0 0 0 0
68.1 -767.3 2455.1 0 0 0 0 0 0 0 0 0
-57.9 518.5 2398.4 4 0.9995142817 -0.0003219641 -0.0311617590 0.0013371466 0.9994688034 0.0325624794 0.0311347209 -0.0325883329 0.9989838004
-57.9 318.1 2404.9 0.9995142817 -0.0003219641 -0.0311617590 0.0013371466 0.9994688034 0.0325624794 0.0311347209 -0.0325883329 0.9989838004
-58.1 119.3 2410.5 0.9995137453 0.0010791727 -0.0311633889 -0.0001981521 0.9996005893 0.0282602757 0.0311814379 -0.0282403585 0.9991146922
-198.5 318.1 2400.5 0.2086735666 -0.9507759213 -0.2290861011 0.9732282758 0.1788053811 0.1444136947 -0.0963432416 -0.2530884147 0.9626340270
-255.0 54.5 2426.6 0.0594488904 -0.9507759213 -0.3041232228 0.9068108201 0.1788053811 -0.3817365766 0.4173248410 -0.2530884147 0.8728036880
82.8 318.0 2409.3 0.1767573208 0.5907430649 0.7872607112 -0.9841271639 0.1189390644 0.1317089051 -0.0158299301 -0.7980451584 0.6023896337
131.2 48.7 2405.0 0.0181662180 0.5923107266 0.8055047989 -0.9634623528 0.2256941050 -0.1442307681 -0.2672271132 -0.7734534144 0.5747690797
-148.5 -78.2 2413.5 0.9983038902 0.0451656766 -0.0367343351 -0.0460553467 0.9986566305 -0.0237442814 0.0356125645 0.0253958199 0.9990429282
