-12.4 443.9 2729.9 1 0.9979793429 0.0036868295 -0.0634320602 -0.0083789863 0.9972330332 -0.0738652870 0.0629842207 0.0742475241 0.9952488542
-13.1 248.0 2715.3 0.9979793429 0.0036868295 -0.0634320602 -0.0083789863 0.9972330332 -0.0738652870 0.0629842207 0.0742475241 0.9952488542
-13.2 54.3 2702.3 0.9979868531 0.0006886694 -0.0634169728 -0.0049450132 0.9977417588 -0.0669843405 0.0632276312 0.0671630949 0.9957365990
-149.5 248.7 2706.7 0.2153396755 -0.6730753779 -0.7075297832 0.9762975574 0.1645021290 0.1406488866 0.0217228495 -0.7210468650 0.6925456524
-207.1 -12.7 2700.8 -0.0290226769 -0.6731488109 -0.7389373183 0.9674922228 0.1668822467 -0.1900239438 0.2512299120 -0.7204311490 0.6464228630
123.2 247.3 2723.9 0.1916857362 0.6504116654 0.7349974513 -0.9795879722 0.1729754955 0.1024054810 -0.0605308302 -0.7396243215 0.6702923775
169.8 9.1 2709.2 -0.0034874778 0.6512814164 0.7588282824 -0.9570546150 0.2178030908 -0.1913328916 -0.2898867130 -0.7269073725 0.6225523353
-103.1 -140.1 2685.4 0.9984115362 -0.0202591848 -0.0525731854 0.0218081530 0.9993397593 0.0290585868 0.0519497693 -0.0301589519 0.9981942177
-95.2 -528.0 2697.1 0.9983825684 -0.0196659509 -0.0533436388 0.0233388171 0.9973347783 0.0691278577 0.0518420003 -0.0702610239 0.9961805940
75.8 -140.5 2695.3 0.9943636656 0.0697197989 -0.0798753202 -0.0655478761 0.9964025617 0.0537157506 0.0833330229 -0.0481773317 0.9953565001
48.8 -527.3 2714.0 0.9936625957 -0.0751238987 -0.0836125463 0.0752599463 0.9971627593 -0.0015279708 0.0834901035 -0.0047743884 0.9964971542
-199.8 -258.3 2637.1 0 0 0 0 0 0 0 0 0
168.9 -235.3 2635.2 0 0 0 0 0 0 0 0 0
-89.5 -818.3 2717.5 0 0 0 0 0 0 0 0 0
71.2 -825.2 2715.4 0 0 0 0 0 0 0 0 0
-13.8 443.2 2733.4 2 0.9988570213 0.0030824374 -0.0476983450 -0.0069082510 0.9967505932 -0.0802529678 0.0472959764 0.0804907531 0.9956326485
-14.4 247.7 2717.6 0.9988570213 0.0030824374 -0.0476983450 -0.0069082510 0.9967505932 -0.0802529678 0.0472959764 0.0804907531 0.9956326485
-14.7 54.1 2703.4 0.9988612533 0.0016179713 -0.0476822257 -0.0051200166 0.9972883463 -0.0734152496 0.0474341437 0.0735757798 0.9961609244
-150.8 248.4 2711.2 0.2115641832 -0.6829541326 -0.6991525292 0.9766228795 0.1755775660 0.1240172833 0.0380573831 -0.7090460062 0.7041345239
-207.1 -11.5 2701.0 -0.0310956091 -0.6826770306 -0.7300583124 0.9664040804 0.1659121662 -0.1963067204 0.2551396489 -0.7116355896 0.6545827389
122.1 247.0 2724.1 0.1979937404 0.6396559477 0.7427238822 -0.9785681963 0.1727383882 0.1120971739 -0.0565933026 -0.7490004897 0.6601480246
170.0 10.2 2710.4 -0.0042735781 0.6405986547 0.7678639889 -0.9574642777 0.2189270854 -0.1879710555 -0.2885202467 -0.7360056043 0.6124147177
-102.8 -138.9 2683.6 0.9991160631 -0.0196014643 -0.0371873826 0.0211266112 0.9989327788 0.0410728157 0.0363426059 -0.0418221503 0.9984638691
-95.2 -526.6 2699.8 0.9990630746 -0.0217979588 -0.0373871550 0.0237051789 0.9983992577 0.0513519794 0.0362079404 -0.0521901399 0.9979805350
76.0 -139.8 2694.9 0.9955790043 0.0691831112 -0.0635304376 -0.0656321272 0.9962499738 0.0563776866 0.0671925843 -0.0519588031 0.9963861704
49.2 -526.5 2715.1 0.9951851964 -0.0706319362 -0.0679530054 0.0701523796 0.9974917769 -0.0094207907 0.0684479699 0.0046083662 0.9976440668
-199.2 -256.8 2636.3 0 0 0 0 0 0 0 0 0
168.9 -234.3 2636.7 0 0 0 0 0 0 0 0 0
-88.8 -818.9 2715.1 0 0 0 0 0 0 0 0 0
70.4 -825.9 2713.7 0 0 0 0 0 0 0 0 0
-15.1 442.4 2724.2 3 0.9973055720 0.0005129354 -0.0733576789 -0.0045045936 0.9985167384 -0.0542585514 0.0732210428 0.0544428043 0.9958286285
-15.2 246.1 2713.5 0.9973055720 0.0005129354 -0.0733576789 -0.0045045936 0.9985167384 -0.0542585514 0.0732210428 0.0544428043 0.9958286285
-15.0 52.3 2703.6 0.9973043203 -0.0015989244 -0.0733593330 -0.0021664063 0.9986851215 -0.0512189493 0.0733447671 0.0512398072 0.9959894419
-151.4 246.4 2703.5 0.2107038945 -0.6665256619 -0.7150855660 0.9775196314 0.1494192481 0.1487590075 0.0076958523 -0.7303543091 0.6830251217
-207.1 -12.0 2701.5 -0.0321440063 -0.6674947143 -0.7439204454 0.9651282430 0.1727387309 -0.1966948062 0.2597966194 -0.7243011594 0.6386654377
121.0 245.9 2723.5 0.2035388201 0.6556899548 0.7270781398 -0.9779716134 0.1712763757 0.1193145216 -0.0462979712 -0.7353469133 0.6761075854
170.0 10.1 2712.3 0.0004489740 0.6567628980 0.7540970445 -0.9538146853 0.2268085033 -0.1969655901 -0.3003953099 -0.7191804051 0.6265318990
-104.5 -139.0 2684.8 0.9977897406 -0.0225741155 -0.0624986328 0.0248584952 0.9990419149 0.0360178091 0.0616256818 -0.0374918245 0.9973949194
-95.7 -526.9 2699.4 0.9977012277 -0.0249972846 -0.0629870072 0.0286832750 0.9978862405 0.0583119094 0.0613962337 -0.0599845387 0.9963093400
74.4 -139.9 2693.3 0.9937045574 0.0654902905 -0.0908971354 -0.0605520420 0.9965893030 0.0560643077 0.0942587778 -0.0502073504 0.9942808747
49.0 -526.8 2712.8 0.9931170344 -0.0690047070 -0.0946408212 0.0689866766 0.9976115823 -0.0034662411 0.0946539640 -0.0030865725 0.9955054522
-199.0 -257.0 2635.5 0 0 0 0 0 0 0 0 0
170.2 -233.5 2635.6 0 0 0 0 0 0 0 0 0
-88.4 -820.0 2717.0 0 0 0 0 0 0 0 0 0
70.2 -832.4 2713.8 0 0 0 0 0 0 0 0 0
-14.8 446.3 2729.6 4 0.9980258942 0.0016560410 -0.0627817363 -0.0055822418 0.9980347753 -0.0624136217 0.0625549927 0.0626408756 0.9960737824
-15.1 250.0 2717.3 0.9980258942 0.0016560410 -0.0627817363 -0.0055822418 0.9980347753 -0.0624136217 0.0625549927 0.0626408756 0.9960737824
-15.3 56.3 2706.0 0.9980272651 0.0008905797 -0.0627761334 -0.0045405207 0.9983049035 -0.0580235310 0.0626180470 0.0581941009 0.9963395000
-151.4 250.6 2708.7 0.2066774368 -0.6732611656 -0.7099322677 0.9781361222 0.1593185514 0.1336686164 0.0231114905 -0.7220367193 0.6914686561
-207.2 -13.5 2702.5 -0.0281168297 -0.6737341881 -0.7384386659 0.9654352069 0.1731943488 -0.1947784275 0.2591222823 -0.7183912396 0.6455770135
121.2 249.4 2725.8 0.1978779584 0.6468179822 0.7365261912 -0.9779494405 0.1814569235 0.1033840254 -0.0667771250 -0.7407428026 0.6684616208
169.9 9.1 2709.4 -0.0038212342 0.6474062204 0.7621355057 -0.9576104283 0.2171604335 -0.1892711520 -0.2880409956 -0.7305521965 0.6191331744
-104.0 -141.3 2687.1 0.9982224107 -0.0292319655 -0.0519373156 0.0311931837 0.9988148808 0.0373606719 0.0507836379 -0.0389143527 0.9979512691
-92.7 -529.1 2702.2 0.9985434413 -0.0131945675 -0.0523151532 0.0158368926 0.9986025691 0.0504193678 0.0515767857 -0.0511744395 0.9973570108
74.6 -141.7 2700.2 0.9943724275 0.0685685724 -0.0807577744 -0.0655084029 0.9970517755 0.0399548672 0.0832593367 -0.0344397053 0.9959326386
48.0 -528.7 2713.6 0.9934412837 -0.0776796117 -0.0839061365 0.0773497149 0.9969781637 -0.0071803005 0.0842103511 0.0006430914 0.9964478016
-200.1 -258.5 2636.7 0 0 0 0 0 0 0 0 0
168.9 -235.5 2635.9 0 0 0 0 0 0 0 0 0
-88.9 -817.6 2716.9 0 0 0 0 0 0 0 0 0
71.0 -824.6 2713.4 0 0 0 0 0 0 0 0 0
-14.9 446.3 2722.3 5 0.9984616637 0.0000685529 -0.0554463752 -0.0022776108 0.9992058873 -0.0397791304 0.0553996190 0.0398442224 0.9976689219
-14.9 249.7 2714.4 0.9984616637 0.0000685529 -0.0554463752 -0.0022776108 0.9992058873 -0.0397791304 0.0553996190 0.0398442224 0.9976689219
-14.9 55.7 2707.3 0.9984616637 0.0002602029 -0.0554458313 -0.0022851031 0.9993324876 -0.0364600644 0.0553993322 0.0365306735 0.9977957606
-151.3 250.0 2706.9 0.2104110420 -0.6754648089 -0.7067350745 0.9774606824 0.1581180394 0.1398902684 0.0172566194 -0.7202402353 0.6935100555
-207.2 -9.7 2702.3 -0.0298603009 -0.6758427024 -0.7364407182 0.9662872553 0.1689793766 -0.1942547560 0.2557289600 -0.7174137831 0.6480124593
121.5 249.3 2722.0 0.1996374428 0.6413588524 0.7408128381 -0.9788404107 0.1651784480 0.1207788661 -0.0449037142 -0.7492495179 0.6607638001
169.9 12.2 2711.1 -0.0196685623 0.6428513527 0.7657383680 -0.9577774405 0.2076123655 -0.1988956183 -0.2868370712 -0.7373189330 0.6116251349
-104.9 -137.1 2689.1 0.9987133145 -0.0255194735 -0.0438227840 0.0267551299 0.9992541075 0.0278454665 0.0430794954 -0.0289821234 0.9986512065
-95.0 -525.0 2700.3 0.9987557530 -0.0227746833 -0.0443644039 0.0249645133 0.9984646440 0.0494480766 0.0431701243 -0.0504940897 0.9977909327
73.9 -137.9 2700.3 0.9948858023 0.0672457814 -0.0753675625 -0.0648119822 0.9973082542 0.0342886262 0.0774704590 -0.0292285457 0.9965661168
47.8 -525.0 2711.6 0.9938976169 -0.0785530359 -0.0774397254 0.0790207982 0.9968684912 0.0029899841 0.0769623518 -0.0090910867 0.9969925284
-199.6 -255.0 2637.4 0 0 0 0 0 0 0 0 0
164.9 -232.3 2637.9 0 0 0 0 0 0 0 0 0
-88.3 -821.5 2715.3 0 0 0 0 0 0 0 0 0
71.0 -820.6 2714.3 0 0 0 0 0 0 0 0 0
-15.0 444.2 2729.1 6 0.9979491234 -0.0017448179 -0.0639880300 -0.0022792805 0.9980259538 -0.0627614185 0.0639712214 0.0627785549 0.9959751964
-14.7 247.6 2716.8 0.9979491234 -0.0017448179 -0.0639880300 -0.0022792805 0.9980259538 -0.0627614185 0.0639712214 0.0627785549 0.9959751964
-14.1 53.9 2705.9 0.9979462624 -0.0026165617 -0.0640032664 -0.0009599951 0.9984422922 -0.0557863601 0.0640495345 0.0557332337 0.9963892102
-151.0 247.8 2708.0 0.2133077830 -0.6717922688 -0.7093623281 0.9768164754 0.1601374000 0.1420761645 0.0181497633 -0.7232227325 0.6903763413
-207.3 -9.9 2703.2 -0.0263615325 -0.6721143723 -0.7399779558 0.9669873714 0.1705380678 -0.1893466711 0.2534570098 -0.7205408216 0.6454304457
121.7 247.5 2725.5 0.2007966191 0.6493380666 0.7335126400 -0.9783153534 0.1717383862 0.1157800704 -0.0507918820 -0.7408549190 0.6697418690
170.0 11.8 2713.3 -0.0147469928 0.6504833102 0.7593773603 -0.9569460154 0.2110029757 -0.1993290782 -0.2898911238 -0.7296226621 0.6193657517
-104.4 -138.0 2695.3 0.9981092215 -0.0325852036 -0.0521165170 0.0323202126 0.9994600415 -0.0059195515 0.0522812679 0.0042239418 0.9986234903
-91.8 -525.8 2693.7 0.9984793663 -0.0083117951 -0.0544960983 0.0122287385 0.9973339438 0.0719410852 0.0537528470 -0.0724981129 0.9959189892
74.5 -138.4 2705.2 0.9943548441 0.0659825355 -0.0830947608 -0.0636714026 0.9975149035 0.0301655438 0.0848786607 -0.0247044954 0.9960849881
48.8 -525.7 2714.8 0.9931531549 -0.0795919076 -0.0855096802 0.0792624056 0.9968274236 -0.0072469884 0.0858151987 0.0004196668 0.9963110089
-200.6 -255.4 2638.9 0 0 0 0 0 0 0 0 0
166.3 -232.5 2639.2 0 0 0 0 0 0 0 0 0
-89.3 -818.5 2714.9 0 0 0 0 0 0 0 0 0
72.1 -816.7 2714.7 0 0 0 0 0 0 0 0 0
-14.2 445.7 2731.5 7 0.9979466200 -0.0043846895 -0.0639010817 0.0003316091 0.9979944825 -0.0633004531 0.0640504733 0.0631492808 0.9959466457
-13.4 249.3 2719.1 0.9979466200 -0.0043846895 -0.0639010817 0.0003316091 0.9979944825 -0.0633004531 0.0640504733 0.0631492808 0.9959466457
-12.5 55.6 2707.6 0.9979441166 -0.0046993932 -0.0639177710 0.0008812812 0.9982200265 -0.0596322268 0.0640842393 0.0594532974 0.9961719513
-149.7 249.2 2710.4 0.2149720192 -0.6712996364 -0.7093263268 0.9763403535 0.1651089489 0.1396371275 0.0233777687 -0.7225620151 0.6909107566
-207.2 -12.0 2704.1 -0.0254948866 -0.6718950272 -0.7402074337 0.9626414180 0.1831716150 -0.1994231790 0.2695764303 -0.7176386714 0.6421240568
123.0 249.4 2727.9 0.1933620125 0.6489189863 0.7358772159 -0.9790623188 0.1762591451 0.1018316001 -0.0636246279 -0.7401599884 0.6694139838
170.1 10.6 2712.4 -0.0253914557 0.6503041387 0.7592495084 -0.9537919164 0.2117013931 -0.2132216841 -0.2993931174 -0.7295800447 0.6148794293
-103.0 -139.8 2689.4 0.9981971383 -0.0287390035 -0.0526927859 0.0291912369 0.9995431304 0.0078328606 0.0524436049 -0.0093569066 0.9985800385
-91.9 -527.7 2693.0 0.9984830618 -0.0060949600 -0.0547213554 0.0106666703 0.9964384437 0.0836462751 0.0540166385 -0.0841030851 0.9949918985
75.8 -140.0 2700.9 0.9940453768 0.0723168179 -0.0815114751 -0.0683179200 0.9963679910 0.0508277975 0.0848911330 -0.0449564420 0.9953755140
47.7 -526.7 2718.3 0.9930162430 -0.0803273171 -0.0864072740 0.0789235458 0.9966890216 -0.0195468310 0.0876913220 0.0125907520 0.9960681200
-200.8 -256.4 2635.7 0 0 0 0 0 0 0 0 0
163.6 -232.9 2635.9 0 0 0 0 0 0 0 0 0
-90.1 -822.1 2717.9 0 0 0 0 0 0 0 0 0
71.1 -816.8 2714.7 0 0 0 0 0 0 0 0 0
-13.2 442.9 2723.3 8 0.9988833070 0.0014310605 -0.0472234450 -0.0034225360 0.9991068244 -0.0421174653 0.0471209921 0.0422320589 0.9979960322
-13.5 246.4 2714.9 0.9988833070 0.0014310605 -0.0472234450 -0.0034225360 0.9991068244 -0.0421174653 0.0471209921 0.0422320589 0.9979960322
-13.4 52.5 2707.2 0.9988843799 -0.0001631196 -0.0472220853 -0.0017265128 0.9991992712 -0.0399723090 0.0471907929 0.0400092453 0.9980843067
-149.9 246.6 2708.5 0.2181609422 -0.6802802086 -0.6997318268 0.9757493734 0.1651703417 0.1436382830 0.0178606529 -0.7140991092 0.6998167038
-207.3 -10.0 2703.8 -0.0253804941 -0.6808943152 -0.7319418192 0.9615336061 0.1836966574 -0.2042268962 0.2735121846 -0.7089700103 0.6500404477
123.0 246.1 2721.4 0.1971037835 0.6384643912 0.7439847589 -0.9799322486 0.1513022780 0.1297704577 -0.0297127701 -0.7546328902 0.6554741263
170.1 11.8 2714.3 -0.0395244285 0.6421648860 0.7655469179 -0.9510421157 0.2108490020 -0.2259681672 -0.3065236211 -0.7369986176 0.6023921967
-101.0 -138.2 2690.3 0.9990274310 -0.0262019169 -0.0354634747 0.0268371627 0.9994856119 0.0175566878 0.0349852145 -0.0184913520 0.9992167354
-90.8 -526.2 2697.5 0.9993106723 -0.0060541853 -0.0366268679 0.0083674341 0.9979571104 0.0633373484 0.0361685865 -0.0636001602 0.9973198175
77.9 -138.1 2701.8 0.9944463372 0.0810714886 -0.0671112537 -0.0787599981 0.9962286949 0.0364045165 0.0698095262 -0.0309166573 0.9970811605
46.4 -524.8 2713.8 0.9938455224 -0.0854366571 -0.0705101416 0.0852153301 0.9963436127 -0.0061465036 0.0707774684 0.0001001296 0.9974921346
-200.9 -254.1 2634.4 0 0 0 0 0 0 0 0 0
160.0 -231.0 2636.0 0 0 0 0 0 0 0 0 0
-89.0 -820.3 2716.2 0 0 0 0 0 0 0 0 0
71.8 -820.8 2713.8 0 0 0 0 0 0 0 0 0
-12.0 442.5 2728.6 9 0.9990671277 0.0056399596 -0.0428141542 -0.0079714581 0.9984828830 -0.0544824153 0.0424419194 0.0547728837 0.9975964427
-13.1 246.2 2717.8 0.9990671277 0.0056399596 -0.0428141542 -0.0079714581 0.9984828830 -0.0544824153 0.0424419194 0.0547728837 0.9975964427
-13.9 52.4 2708.0 0.9990755916 0.0040671546 -0.0427948721 -0.0062294416 0.9987038374 -0.0505154058 0.0425339490 0.0507352985 0.9978060126
-149.6 247.1 2712.0 0.2168384939 -0.6826064587 -0.6978749633 0.9755982161 0.1767816991 0.1302165985 0.0344848260 -0.7090815306 0.7042827606
-207.3 -12.3 2702.9 -0.0252761003 -0.6827331781 -0.7302304506 0.9622793794 0.1813196093 -0.2028340399 0.2708866298 -0.7078125477 0.6523970366
123.3 245.3 2723.7 0.1917391866 0.6321591139 0.7507402897 -0.9792504907 0.1743605137 0.1032808498 -0.0656095371 -0.7549657226 0.6524738669
169.9 7.8 2707.7 -0.0198016446 0.6328144670 0.7740501761 -0.9624940753 0.1974584013 -0.1860518903 -0.2705790401 -0.7487028837 0.6051701903
-102.8 -141.3 2695.2 0.9991221428 -0.0284464285 -0.0307521392 0.0286172628 0.9995772839 0.0051293368 0.0305932276 -0.0060048760 0.9995138645
-91.8 -529.3 2697.5 0.9994297624 -0.0101926886 -0.0321911760 0.0120219858 0.9982930422 0.0571535677 0.0315536782 -0.0575079769 0.9978463054
76.2 -141.6 2703.7 0.9953247309 0.0738201886 -0.0622832924 -0.0722469091 0.9970172644 0.0271479953 0.0641015843 -0.0225212965 0.9976892471
47.5 -528.6 2712.4 0.9944859147 -0.0828230381 -0.0643277541 0.0829431564 0.9965539575 -0.0008056467 0.0641728044 -0.0045343428 0.9979285002
-200.9 -256.5 2634.1 0 0 0 0 0 0 0 0 0
164.8 -237.8 2638.7 0 0 0 0 0 0 0 0 0
-88.8 -819.3 2714.2 0 0 0 0 0 0 0 0 0
71.8 -821.6 2713.7 0 0 0 0 0 0 0 0 0
-12.4 439.2 2722.3 0 0.9988753796 0.0022441584 -0.0473594144 -0.0041228672 0.9992067814 -0.0396088548 0.0472329594 0.0397595651 0.9980922937
-12.9 242.5 2714.5 0.9988753796 0.0022441584 -0.0473594144 -0.0041228672 0.9992067814 -0.0396088548 0.0472329594 0.0397595651 0.9980922937
-13.1 48.5 2707.3 0.9988777041 0.0009049834 -0.0473553166 -0.0026599506 0.9993113875 -0.0370096788 0.0472892150 0.0370941050 0.9981922507
-149.4 242.8 2708.0 0.2210368663 -0.6784171462 -0.7006375194 0.9749799371 0.1710956991 0.1419168413 0.0235972498 -0.7144763470 0.6992615461
-207.2 -12.2 2701.8 -0.0290100332 -0.6785541177 -0.7339773178 0.9639073610 0.1754222512 -0.2002738565 0.2646526098 -0.7132961154 0.6489742994
123.6 242.1 2720.9 0.2003689855 0.6346610785 0.7463629246 -0.9784376025 0.1686014831 0.1193035692 -0.0501205586 -0.7541742921 0.6547588110
171.5 7.9 2708.9 -0.0269288495 0.6354752779 0.7716514468 -0.9627002478 0.1914137751 -0.1912302971 -0.2692268491 -0.7480186820 0.6066176891
-104.2 -140.9 2694.4 0.9988753796 -0.0321870483 -0.0348135494 0.0321231075 0.9994810224 -0.0023946387 0.0348725580 0.0012736263 0.9993909597
-91.7 -528.9 2693.9 0.9992906451 -0.0076729623 -0.0368688852 0.0100165419 0.9979119897 0.0638070777 0.0363023132 -0.0641311109 0.9972809553
74.8 -142.0 2702.0 0.9956773520 0.0642371103 -0.0670835972 -0.0616195016 0.9972822070 0.0403882042 0.0694957003 -0.0360799618 0.9969295859
49.9 -529.1 2716.0 0.9948738217 -0.0728960335 -0.0700874925 0.0725486577 0.9973367453 -0.0074924831 0.0704470053 0.0023693219 0.9975126982
-199.8 -256.9 2634.7 0 0 0 0 0 0 0 0 0
164.7 -237.8 2640.2 0 0 0 0 0 0 0 0 0
-89.5 -815.4 2712.3 0 0 0 0 0 0 0 0 0
71.6 -826.1 2715.3 0 0 0 0 0 0 0 0 0
-13.0 438.3 2718.6 1 0.9990855455 -0.0020224263 -0.0427086465 0.0006306031 0.9994690418 -0.0325771496 0.0427518561 0.0325204283 0.9985563159
-12.6 241.3 2712.2 0.9990855455 -0.0020224263 -0.0427086465 0.0006306031 0.9994690418 -0.0325771496 0.0427518561 0.0325204283 0.9985563159
-12.1 47.2 2706.7 0.9990847707 -0.0021991055 -0.0427175909 0.0009884142 0.9995977879 -0.0283422209 0.0427627377 0.0282740593 0.9986851215
-149.1 241.1 2706.4 0.2202244997 -0.6808999181 -0.6984815598 0.9752444029 0.1683663726 0.1433567554 0.0199891943 -0.7127608657 0.7011222243
-207.1 -16.0 2701.1 -0.0260686241 -0.6809567213 -0.7318595052 0.9662898183 0.1704164594 -0.1929825097 0.2561336458 -0.7122191787 0.6535590291
123.9 241.4 2718.1 0.1929249614 0.6323791146 0.7502510548 -0.9803863764 0.1556216031 0.1209317222 -0.0402805805 -0.7588666677 0.6499991417
170.6 4.1 2708.3 -0.0169255231 0.6338254809 0.7732908726 -0.9621642828 0.2000270486 -0.1850110739 -0.2719438374 -0.7471642494 0.6064586639
-102.7 -145.2 2695.8 0.9991534352 -0.0279551782 -0.0301813465 0.0280610081 0.9996014237 0.0030885302 0.0300829783 -0.0039328346 0.9995396733
-91.9 -533.3 2697.4 0.9994720221 -0.0058439220 -0.0319619291 0.0080428133 0.9975768328 0.0691073835 0.0314806215 -0.0693279579 0.9970970750
76.3 -145.7 2704.3 0.9956392646 0.0684890226 -0.0633376464 -0.0660908967 0.9970427155 0.0392150842 0.0658361390 -0.0348580368 0.9972214103
49.7 -532.7 2717.8 0.9950205088 -0.0739801824 -0.0667914003 0.0733157992 0.9972323179 -0.0123473965 0.0675200075 0.0073890481 0.9976905584
-200.5 -261.2 2636.1 0 0 0 0 0 0 0 0 0
166.3 -241.6 2638.9 0 0 0 0 0 0 0 0 0
-90.2 -821.6 2717.4 0 0 0 0 0 0 0 0 0
71.3 -824.3 2715.7 0 0 0 0 0 0 0 0 0
-14.3 443.6 2726.3 2 0.9981066585 -0.0032756031 -0.0614191666 0.0001028847 0.9986683726 -0.0515889674 0.0615063645 0.0514849760 0.9967779517
-13.6 246.5 2716.1 0.9981066585 -0.0032756031 -0.0614191666 0.0001028847 0.9986683726 -0.0515889674 0.0615063645 0.0514849760 0.9967779517
-12.7 52.6 2707.3 0.9981007576 -0.0044473875 -0.0614421405 0.0016412359 0.9989563227 -0.0456466377 0.0615810193 0.0454591028 0.9970663190
-150.0 246.3 2707.7 0.2121186554 -0.6724370122 -0.7091079950 0.9771078229 0.1580463797 0.1424135417 0.0163078234 -0.7230835557 0.6905680299
-207.3 -18.1 2703.3 -0.0311737787 -0.6733235717 -0.7386904359 0.9621196389 0.1800464839 -0.2047169656 0.2708393633 -0.7170903683 0.6422051191
122.7 246.7 2724.5 0.1911649555 0.6464308500 0.7386360168 -0.9799481034 0.1687705517 0.1059158295 -0.0561927520 -0.7440723777 0.6657317281
170.4 2.5 2710.6 -0.0169874188 0.6469065547 0.7623800635 -0.9652257562 0.1883256137 -0.1813082248 -0.2608651817 -0.7389488220 0.6212117076
-101.2 -146.9 2697.4 0.9985072613 -0.0237191953 -0.0491995886 0.0234562270 0.9997073412 -0.0059155151 0.0493255034 0.0047526481 0.9987714291
-92.0 -535.0 2695.6 0.9986754656 -0.0067560659 -0.0510067195 0.0107024936 0.9969350100 0.0774987787 0.0503267981 -0.0779420286 0.9956868291
77.8 -146.7 2705.1 0.9941356182 0.0712293386 -0.0813683271 -0.0687315613 0.9970859289 0.0330998711 0.0834888965 -0.0273131877 0.9961343408
50.1 -533.8 2715.7 0.9933421016 -0.0780061036 -0.0847730041 0.0769226328 0.9969090223 -0.0159780048 0.0857573524 0.0093506640 0.9962721467
-199.4 -262.3 2634.6 0 0 0 0 0 0 0 0 0
166.0 -243.9 2643.9 0 0 0 0 0 0 0 0 0
-90.1 -824.7 2718.2 0 0 0 0 0 0 0 0 0
73.0 -826.2 2712.9 0 0 0 0 0 0 0 0 0
-13.1 440.8 2720.6 3 0.9981322289 0.0010007416 -0.0610819124 -0.0032991706 0.9992896914 -0.0375393927 0.0610009581 0.0376707986 0.9974265695
-13.3 242.7 2713.2 0.9981322289 0.0010007416 -0.0610819124 -0.0032991706 0.9992896914 -0.0375393927 0.0610009581 0.0376707986 0.9974265695
-13.1 48.7 2706.7 0.9981318712 -0.0013071003 -0.0610825680 -0.0007265851 0.9994464517 -0.0332599729 0.0610922314 0.0332422219 0.9975784421
-149.7 242.8 2704.8 0.2192909569 -0.6714608669 -0.7078500986 0.9756433964 0.1550848931 0.1551406533 0.0056059840 -0.7246302366 0.6891151071
-207.3 -13.2 2703.3 -0.0263119992 -0.6719939709 -0.7400889993 0.9667587876 0.1712536067 -0.1898673624 0.2543326318 -0.7204833627 0.6451500654
123.0 242.6 2721.5 0.1976585686 0.6463965774 0.7369549274 -0.9795748591 0.1585701406 0.1236468703 -0.0369341448 -0.7463424206 0.6645365953
170.2 8.6 2712.7 -0.0092856726 0.6472314000 0.7622370124 -0.9643626809 0.1957724094 -0.1779824495 -0.2644208074 -0.7367256284 0.6223479509
-101.2 -141.4 2693.0 0.9986562729 -0.0180014390 -0.0485966057 0.0180375706 0.9998372793 0.0003050004 0.0485832058 -0.0011811552 0.9988184571
-94.2 -529.6 2693.4 0.9986203313 -0.0165917091 -0.0498212352 0.0203590076 0.9968932867 0.0760871172 0.0484040417 -0.0769964531 0.9958556890
77.6 -141.1 2704.0 0.9942804575 0.0684635863 -0.0819705129 -0.0663134009 0.9973866940 0.0286756270 0.0837195292 -0.0230758712 0.9962221384
51.0 -528.4 2713.0 0.9935244918 -0.0761694908 -0.0843049735 0.0759277344 0.9970948100 -0.0060748830 0.0845227763 -0.0003655406 0.9964214563
-200.6 -258.6 2638.8 0 0 0 0 0 0 0 0 0
167.9 -237.7 2645.2 0 0 0 0 0 0 0 0 0
-89.4 -821.1 2716.0 0 0 0 0 0 0 0 0 0
73.9 -827.6 2713.1 0 0 0 0 0 0 0 0 0
-12.3 438.9 2717.3 4 0.9983621836 0.0029668359 -0.0571322106 -0.0047090226 0.9995272160 -0.0303835105 0.0570150577 0.0306027848 0.9979041815
-12.9 241.4 2711.3 0.9983621836 0.0029668359 -0.0571322106 -0.0047090226 0.9995272160 -0.0303835105 0.0570150577 0.0306027848 0.9979041815
-13.4 47.3 2706.2 0.9983640909 0.0025567496 -0.0571193956 -0.0040330389 0.9996603727 -0.0257453620 0.0570341758 0.0259336084 0.9980353713
-149.3 241.9 2703.5 0.2187596709 -0.6730604172 -0.7064940929 0.9757567048 0.1557575613 0.1537478864 0.0065601822 -0.7230002284 0.6908166409
-207.2 -16.2 2701.7 -0.0259527583 -0.6738480926 -0.7384139895 0.9641469121 0.1782717556 -0.1965704262 0.2640969455 -0.7170411348 0.6450619102
123.5 240.8 2719.0 0.1937053651 0.6448763609 0.7393326163 -0.9807621241 0.1458498240 0.1297437400 -0.0241628550 -0.7502415180 0.6607221961
170.2 4.1 2713.2 -0.0062137898 0.6469603181 0.7624983191 -0.9580644965 0.2146012783 -0.1898912042 -0.2864851952 -0.7317025661 0.6184962392
-102.2 -145.2 2694.8 0.9987558722 -0.0228930246 -0.0443019085 0.0227799043 0.9997358322 -0.0030566030 0.0443601795 0.0020436067 0.9990134835
-93.3 -533.3 2694.0 0.9988526702 -0.0133402422 -0.0459935218 0.0168615617 0.9968851209 0.0770440474 0.0448224694 -0.0777311698 0.9959662557
76.6 -145.3 2705.7 0.9944428205 0.0697558448 -0.0788518190 -0.0682844147 0.9974404573 0.0212088041 0.0801294297 -0.0157065913 0.9966607094
49.5 -532.5 2711.8 0.9935501218 -0.0804016367 -0.0799604729 0.0810752511 0.9966943860 0.0052083973 0.0792773888 -0.0116576189 0.9967844486
-200.6 -260.9 2634.7 0 0 0 0 0 0 0 0 0
168.6 -240.4 2640.1 0 0 0 0 0 0 0 0 0
-89.4 -824.2 2716.7 0 0 0 0 0 0 0 0 0
73.0 -823.3 2715.2 0 0 0 0 0 0 0 0 0
-11.7 442.0 2726.6 5 0.9982870817 -0.0012485303 -0.0584920086 -0.0015054952 0.9988930225 -0.0470160730 0.0584859587 0.0470235981 0.9971801043
-11.5 245.3 2717.4 0.9982870817 -0.0012485303 -0.0584920086 -0.0015054952 0.9988930225 -0.0470160730 0.0584859587 0.0470235981 0.9971801043
-11.1 51.4 2708.9 0.9982855916 -0.0019786190 -0.0584972389 -0.0005852403 0.9990410805 -0.0437791385 0.0585277639 0.0437383167 0.9973271489
-147.9 245.4 2709.4 0.2195995748 -0.6706343889 -0.7085376382 0.9750621915 0.1747629046 0.1367905289 0.0320896618 -0.7209073901 0.6922881007
-207.1 -17.5 2700.7 -0.0295578763 -0.6706081033 -0.7412226796 0.9650990963 0.1738967150 -0.1958154142 0.2602116168 -0.7211412191 0.6420632601
124.9 245.2 2725.4 0.1835246682 0.6468142867 0.7402364612 -0.9820216894 0.1544812620 0.1084849462 -0.0441830456 -0.7468379140 0.6635367274
170.3 2.1 2714.4 -0.0132415602 0.6486053467 0.7610096931 -0.9582807422 0.2090912014 -0.1948816329 -0.2855216861 -0.7318415046 0.6187773347
-103.3 -146.3 2696.1 0.9985150099 -0.0285320785 -0.0464083441 0.0286224447 0.9995894432 0.0012836953 0.0463526659 -0.0026101093 0.9989217520
-92.2 -534.4 2697.1 0.9988247752 -0.0057280296 -0.0481270663 0.0088437563 0.9978604913 0.0647782832 0.0476530455 -0.0651277825 0.9967384338
75.6 -147.1 2706.3 0.9943934679 0.0698824525 -0.0793600306 -0.0685807467 0.9974643588 0.0190146863 0.0804875940 -0.0134655097 0.9966646433
48.4 -534.3 2711.5 0.9934460521 -0.0814071521 -0.0802358016 0.0821840391 0.9965964556 0.0064226943 0.0794398636 -0.0129747028 0.9967552423
-199.6 -262.4 2634.7 0 0 0 0 0 0 0 0 0
167.0 -242.6 2641.5 0 0 0 0 0 0 0 0 0
-90.6 -817.2 2715.6 0 0 0 0 0 0 0 0 0
72.0 -822.3 2715.3 0 0 0 0 0 0 0 0 0
-13.3 441.3 2730.8 6 0.9992111921 -0.0064823204 -0.0391788483 0.0042056246 0.9983125925 -0.0579158179 0.0394881666 0.0577053614 0.9975523949
-12.1 244.6 2719.4 0.9992111921 -0.0064823204 -0.0391788483 0.0042056246 0.9983125925 -0.0579158179 0.0394881666 0.0577053614 0.9975523949
-10.5 50.8 2709.1 0.9991974831 -0.0081741633 -0.0392120332 0.0060735093 0.9985550046 -0.0533947423 0.0395918302 0.0531137399 0.9978032708
-148.5 243.8 2714.0 0.2218941003 -0.6831601858 -0.6957406998 0.9741235971 0.1867563128 0.1273000091 0.0429676622 -0.7059845924 0.7069225907
-207.2 -13.9 2702.7 -0.0315954126 -0.6827809811 -0.7299396396 0.9636186957 0.1731157452 -0.2036415935 0.2654066682 -0.7098176479 0.6524708867
124.4 245.5 2724.9 0.1883644164 0.6326656342 0.7511677742 -0.9808720350 0.1594163477 0.1116982698 -0.0490807742 -0.7578394413 0.6505923867
170.2 7.1 2712.9 -0.0221127272 0.6343871355 0.7726991773 -0.9592248797 0.2043732107 -0.1952413172 -0.2817775905 -0.7455096245 0.6040006876
-100.2 -142.4 2695.2 0.9994850159 -0.0156411398 -0.0280193333 0.0160775054 0.9997518659 0.0154167451 0.0277712457 -0.0158592854 0.9994884729
-94.1 -530.5 2701.3 0.9995222688 -0.0116515625 -0.0286264643 0.0132322507 0.9983618855 0.0556636639 0.0279310029 -0.0560158640 0.9980391264
78.7 -142.5 2705.6 0.9952193499 0.0774140134 -0.0595445111 -0.0761498213 0.9968259931 0.0232183654 0.0611529425 -0.0185730625 0.9979555607
48.7 -529.5 2712.9 0.9945616722 -0.0841147453 -0.0614150055 0.0842061937 0.9964477420 -0.0011021659 0.0612895489 -0.0040753521 0.9981117249
-199.2 -258.5 2635.3 0 0 0 0 0 0 0 0 0
164.6 -237.8 2641.0 0 0 0 0 0 0 0 0 0
-90.7 -819.4 2717.5 0 0 0 0 0 0 0 0 0
73.3 -821.2 2714.1 0 0 0 0 0 0 0 0 0
-13.4 445.4 2732.4 7 0.9986619353 -0.0035604078 -0.0515909605 0.0004304829 0.9981648922 -0.0605526082 0.0517118797 0.0604493767 0.9968308806
-12.7 249.1 2720.5 0.9986619353 -0.0035604078 -0.0515909605 0.0004304829 0.9981648922 -0.0605526082 0.0517118797 0.0604493767 0.9968308806
-11.5 55.3 2709.5 0.9986485839 -0.0061344379 -0.0516079366 0.0031841623 0.9983658791 -0.0570562333 0.0518736131 0.0568147972 0.9970362186
-149.1 248.7 2713.4 0.2155856341 -0.6773831844 -0.7033312321 0.9758217335 0.1759902239 0.1296122372 0.0359822698 -0.7142684460 0.6989462376
-207.3 -14.7 2703.7 -0.0281978697 -0.6775031090 -0.7349791527 0.9625629187 0.1798954606 -0.2027567029 0.2695877254 -0.7131810188 0.6470667124
123.7 249.6 2727.6 0.1893572211 0.6427114606 0.7423380613 -0.9808639288 0.1586711705 0.1128244624 -0.0452740639 -0.7494967580 0.6604580879
170.4 7.8 2716.4 0.0013039223 0.6444487572 0.7646464109 -0.9535055161 0.2312452793 -0.1932689846 -0.3013728261 -0.7288425565 0.6147869229
-98.4 -143.5 2695.2 0.9991266131 -0.0107781570 -0.0403706394 0.0116673373 0.9996930957 0.0218549650 0.0401226953 -0.0223068967 0.9989457130
-94.2 -531.6 2703.9 0.9990941882 -0.0124221724 -0.0406994447 0.0146264145 0.9984166026 0.0543167852 0.0399602726 -0.0548628718 0.9976939559
80.6 -142.4 2702.3 0.9938421249 0.0852321982 -0.0708048046 -0.0832277909 0.9960545301 0.0307978094 0.0731504112 -0.0247152317 0.9970146418
47.5 -529.1 2711.9 0.9938892126 -0.0834708735 -0.0722276419 0.0846949518 0.9963079095 0.0140487561 0.0707883015 -0.0200802237 0.9972892404
-200.1 -259.1 2635.3 0 0 0 0 0 0 0 0 0
170.7 -235.6 2639.5 0 0 0 0 0 0 0 0 0
-90.6 -819.8 2719.7 0 0 0 0 0 0 0 0 0
72.4 -826.3 2717.9 0 0 0 0 0 0 0 0 0
-12.9 442.6 2743.2 8 0.9984245300 0.0008354285 -0.0561050884 -0.0062228809 0.9953697324 -0.0959185138 0.0557651743 0.0961165279 0.9938067794
-13.0 246.7 2724.3 0.9984245300 0.0008354285 -0.0561050884 -0.0062228809 0.9953697324 -0.0959185138 0.0557651743 0.0961165279 0.9938067794
-12.3 53.3 2707.7 0.9984175563 -0.0035935922 -0.0561197475 -0.0012102114 0.9963518977 -0.0853314400 0.0562216640 0.0852643251 0.9947708845
-149.4 246.8 2716.6 0.2179042846 -0.6749336123 -0.7049697042 0.9742698073 0.1930489689 0.1163203493 0.0575851686 -0.7121774554 0.6996336579
-207.1 -10.9 2701.4 -0.0294168890 -0.6744115353 -0.7377694249 0.9664827585 0.1691334397 -0.1931449771 0.2550406754 -0.7187231183 0.6468317509
123.4 246.5 2731.9 0.1968858838 0.6475532651 0.7361458540 -0.9788550735 0.1723243892 0.1102139205 -0.0554864928 -0.7422796488 0.6677890420
170.5 12.2 2718.6 0.0010605095 0.6486611366 0.7610766292 -0.9535070062 0.2300210744 -0.1947169602 -0.3013689816 -0.7254853845 0.6187468767
-99.8 -138.7 2693.8 0.9989511371 -0.0093745394 -0.0448188856 0.0098611787 0.9998946786 0.0106491670 0.0447143354 -0.0110799652 0.9989383817
-96.1 -526.9 2698.1 0.9987462163 -0.0212803427 -0.0453121103 0.0245273840 0.9970774055 0.0723533556 0.0436399765 -0.0733740255 0.9963492155
79.1 -138.2 2703.1 0.9941926003 0.0785914287 -0.0735154152 -0.0772337168 0.9967889190 0.0211367942 0.0749405250 -0.0153361754 0.9970700741
48.6 -525.1 2709.0 0.9946161509 -0.0729861259 -0.0735644102 0.0746781677 0.9969966412 0.0205152128 0.0718461424 -0.0258984175 0.9970794320
-199.6 -256.2 2636.6 0 0 0 0 0 0 0 0 0
170.8 -231.3 2641.7 0 0 0 0 0 0 0 0 0
-89.8 -822.1 2719.8 0 0 0 0 0 0 0 0 0
70.4 -822.5 2716.8 0 0 0 0 0 0 0 0 0
-12.7 440.9 2738.6 9 0.9992005825 -0.0017711290 -0.0399379879 -0.0015028148 0.9966478944 -0.0817969441 0.0399489813 0.0817915797 0.9958484769
-12.3 244.9 2722.5 0.9992005825 -0.0017711290 -0.0399379879 -0.0015028148 0.9966478944 -0.0817969441 0.0399489813 0.0817915797 0.9958484769
-11.4 51.3 2708.4 0.9991912842 -0.0044133202 -0.0399656892 0.0014906974 0.9973407388 -0.0728648007 0.0401809849 0.0727462918 0.9965407252
-148.8 244.7 2717.0 0.2207684517 -0.6836105585 -0.6956564784 0.9736371040 0.1964291036 0.1159585938 0.0573766604 -0.7029169202 0.7089539170
-207.1 -12.3 2701.9 -0.0264395308 -0.6832751036 -0.7296821475 0.9619930983 0.1810685694 -0.2044099569 0.2717907429 -0.7073537111 0.6525185704
124.2 245.1 2728.0 0.1924176365 0.6359652877 0.7473443747 -0.9802328944 0.1602877527 0.1159795299 -0.0460311994 -0.7548880577 0.6542363167
170.4 9.5 2716.9 0.0100875897 0.6373357177 0.7705202103 -0.9526218772 0.2403792739 -0.1863580495 -0.3039897382 -0.7321345210 0.6095648408
-101.1 -139.9 2686.1 0.9994074106 -0.0185801759 -0.0289758276 0.0195654090 0.9992269874 0.0340974256 0.0283198934 -0.0346441455 0.9989984035
-93.8 -527.7 2699.6 0.9995143414 -0.0100038890 -0.0295121372 0.0118658114 0.9979045987 0.0636051074 0.0288139991 -0.0639244020 0.9975386858
77.8 -140.1 2696.2 0.9955932498 0.0742092207 -0.0573331714 -0.0721888766 0.9967212677 0.0365434624 0.0598570555 -0.0322436057 0.9976860881
49.0 -527.0 2708.7 0.9954378605 -0.0756487101 -0.0581445321 0.0772385746 0.9966840148 0.0255972855 0.0560153238 -0.0299715064 0.9979799390
-200.4 -256.4 2632.9 0 0 0 0 0 0 0 0 0
173.0 -233.7 2639.3 0 0 0 0 0 0 0 0 0
-90.9 -820.6 2718.3 0 0 0 0 0 0 0 0 0
71.3 -820.0 2717.5 0 0 0 0 0 0 0 0 0
-13.3 440.0 2736.8 0 0.9989086986 -0.0009878101 -0.0466951206 -0.0025381383 0.9971508384 -0.0753904060 0.0466365516 0.0754266530 0.9960601926
-13.1 243.1 2721.9 0.9989086986 -0.0009878101 -0.0466951206 -0.0025381383 0.9971508384 -0.0753904060 0.0466365516 0.0754266530 0.9960601926
-12.7 49.4 2709.0 0.9989073873 -0.0015858784 -0.0467066281 -0.0015239915 0.9977871180 -0.0664722696 0.0467086881 0.0664708167 0.9966945052
-149.5 243.3 2715.5 0.2184772193 -0.6797444820 -0.7001536489 0.9746035337 0.1881286353 0.1214722842 0.0491488315 -0.7089111805 0.7035832405
-207.2 -13.8 2702.5 -0.0258954372 -0.6796514392 -0.7330780029 0.9612153172 0.1844955534 -0.2050037831 0.2745807469 -0.7099544406 0.6485137939
123.4 242.9 2728.3 0.1945146620 0.6383508444 0.7447631955 -0.9793500304 0.1690471768 0.1108896658 -0.0551136099 -0.7509535551 0.6580510736
170.2 7.3 2715.0 0.0018013524 0.6391396523 0.7690886259 -0.9587387443 0.2197433263 -0.1803688705 -0.2842829823 -0.7370300889 0.6131637692
-100.1 -142.3 2690.7 0.9991222620 -0.0230185557 -0.0349983014 0.0237448309 0.9995082617 0.0204796512 0.0345096774 -0.0212927032 0.9991775155
-91.1 -530.3 2698.9 0.9993523955 -0.0022199608 -0.0359152406 0.0044296449 0.9980933666 0.0615629442 0.0357100964 -0.0616821647 0.9974567890
79.0 -142.1 2697.8 0.9945573807 0.0822552517 -0.0639503822 -0.0797955021 0.9960037470 0.0401144139 0.0669944435 -0.0347931348 0.9971465468
47.0 -528.7 2711.3 0.9943118095 -0.0832086280 -0.0664854497 0.0839887783 0.9964258671 0.0090215961 0.0654971451 -0.0145543115 0.9977465868
-200.6 -257.8 2632.8 0 0 0 0 0 0 0 0 0
170.6 -237.4 2642.4 0 0 0 0 0 0 0 0 0
-90.5 -818.8 2716.7 0 0 0 0 0 0 0 0 0
71.4 -820.1 2715.6 0 0 0 0 0 0 0 0 0
-12.7 441.7 2725.9 1 0.9988725185 -0.0043084603 -0.0472768322 0.0020692241 0.9988780618 -0.0473114513 0.0474276319 0.0471602827 0.9977607727
-11.8 244.1 2716.5 0.9988725185 -0.0043084603 -0.0472768322 0.0020692241 0.9988780618 -0.0473114513 0.0474276319 0.0471602827 0.9977607727
-11.1 50.2 2708.0 0.9988747835 -0.0035942518 -0.0472892188 0.0015031757 0.9990224242 -0.0441803448 0.0474017859 0.0440595485 0.9979037046
-148.3 243.9 2710.1 0.2210768759 -0.6789419651 -0.7001163363 0.9748802781 0.1737826914 0.1393127441 0.0270828307 -0.7133284211 0.7003064156
-207.2 -16.0 2702.9 -0.0300121829 -0.6791706681 -0.7333664894 0.9616216421 0.1805744916 -0.2065832913 0.2727325857 -0.7114211321 0.6476858258
124.7 244.3 2723.0 0.1873718202 0.6404150724 0.7448223829 -0.9818830490 0.1439077258 0.1232730746 -0.0282397531 -0.7544263601 0.6557769179
170.3 5.2 2716.1 -0.0035259274 0.6424567103 0.7663138509 -0.9586845040 0.2158086449 -0.1853391677 -0.2844495475 -0.7353067398 0.6151524186
-101.9 -144.1 2691.9 0.9991531372 -0.0213557389 -0.0351695046 0.0219860021 0.9996027946 0.0176325124 0.0347789787 -0.0183908176 0.9992257953
-93.6 -532.1 2699.0 0.9992716312 -0.0126990816 -0.0359854139 0.0147422468 0.9982600212 0.0570932440 0.0351977684 -0.0575821660 0.9977201223
77.1 -144.4 2700.3 0.9948850274 0.0752745643 -0.0673610345 -0.0734732151 0.9968802333 0.0288346354 0.0693214014 -0.0237379167 0.9973118901
47.8 -531.4 2709.5 0.9940153956 -0.0854746625 -0.0680254772 0.0870144963 0.9960063100 0.0199990869 0.0660443902 -0.0257986039 0.9974831343
-199.6 -260.1 2633.6 0 0 0 0 0 0 0 0 0
169.4 -239.5 2643.5 0 0 0 0 0 0 0 0 0
-89.9 -820.7 2715.7 0 0 0 0 0 0 0 0 0
73.1 -825.3 2717.1 0 0 0 0 0 0 0 0 0
-12.3 441.0 2738.9 2 0.9987006187 -0.0032975294 -0.0508548059 -0.0009193711 0.9965761304 -0.0826748908 0.0509533100 0.0826142207 0.9952781796
-11.6 244.2 2722.6 0.9987006187 -0.0032975294 -0.0508548059 -0.0009193711 0.9965761304 -0.0826748908 0.0509533100 0.0826142207 0.9952781796
-10.9 50.7 2708.5 0.9986974597 -0.0036932593 -0.0508889854 -0.0000277347 0.9973373413 -0.0729258806 0.0510228202 0.0728323087 0.9960381985
-148.1 244.3 2715.6 0.2223101705 -0.6774780154 -0.7011431456 0.9738095403 0.1894578636 0.1257007569 0.0476775803 -0.7107244134 0.7018529773
-207.2 -14.9 2703.0 -0.0271880832 -0.6772641540 -0.7352374196 0.9624643326 0.1809571236 -0.2022793293 0.2700429857 -0.7131393552 0.6469227076
124.8 244.2 2729.6 0.1876864731 0.6450893879 0.7406979799 -0.9813364148 0.1552938819 0.1134134978 -0.0418640114 -0.7481600642 0.6621962786
170.4 6.0 2719.4 0.0080175558 0.6466156840 0.7627738118 -0.9536483288 0.2344140559 -0.1886927187 -0.3008165658 -0.7259051204 0.6185233593
-99.9 -143.8 2695.2 0.9991440177 -0.0136032887 -0.0390667878 0.0138415396 0.9998871684 0.0058345455 0.0389830098 -0.0063702953 0.9992195964
-94.6 -531.9 2697.7 0.9991158843 -0.0135712698 -0.0397909880 0.0160988178 0.9978261590 0.0639043152 0.0388372280 -0.0644884035 0.9971624613
79.1 -143.5 2703.7 0.9940176606 0.0840948224 -0.0696919933 -0.0831855536 0.9964079857 0.0158532187 0.0707748309 -0.0099610118 0.9974426031
46.4 -530.3 2707.5 0.9933825135 -0.0912108421 -0.0697984248 0.0924407318 0.9956112504 0.0145914722 0.0681611970 -0.0209471304 0.9974544048
-200.3 -259.3 2634.4 0 0 0 0 0 0 0 0 0
172.4 -237.4 2642.6 0 0 0 0 0 0 0 0 0
-90.7 -820.2 2716.3 0 0 0 0 0 0 0 0 0
73.3 -822.9 2713.7 0 0 0 0 0 0 0 0 0
-12.3 440.7 2737.4 3 0.9985511899 -0.0024809805 -0.0537530743 -0.0018457124 0.9967696071 -0.0802931562 0.0537786372 0.0802760422 0.9953208566
-11.9 244.6 2721.6 0.9985511899 -0.0024809805 -0.0537530743 -0.0018457124 0.9967696071 -0.0802931562 0.0537786372 0.0802760422 0.9953208566
-10.8 51.0 2708.1 0.9985379577 -0.0053161806 -0.0537934937 0.0015422655 0.9975489378 -0.0699552968 0.0540335365 0.0697700530 0.9960986376
-148.3 244.4 2714.3 0.2220898122 -0.6758415699 -0.7027903795 0.9740979075 0.1852414310 0.1296878308 0.0425374694 -0.7133889198 0.6994760633
-207.2 -14.0 2703.0 -0.0256713498 -0.6758130789 -0.7366258502 0.9618160129 0.1841582209 -0.2024740875 0.2724903524 -0.7136963010 0.6452802420
124.6 244.8 2729.0 0.1883291006 0.6470942497 0.7387835979 -0.9813194275 0.1540879309 0.1151915118 -0.0392978601 -0.7466765642 0.6640254259
170.4 6.2 2719.5 0.0201060958 0.6478200555 0.7615280151 -0.9547287226 0.2385516316 -0.1777251214 -0.2967976630 -0.7234793305 0.6232887506
-99.6 -142.7 2689.8 0.9990566373 -0.0104953600 -0.0421389490 0.0110324482 0.9998605847 0.0125333890 0.0420015305 -0.0129864616 0.9990331531
-95.6 -530.9 2694.8 0.9988746047 -0.0205982681 -0.0427230112 0.0238205176 0.9967973828 0.0763384849 0.0410137437 -0.0772702545 0.9961662292
79.3 -142.8 2698.9 0.9945477843 0.0748516470 -0.0726083666 -0.0735617504 0.9970843792 0.0202832744 0.0739149079 -0.0148314871 0.9971542358
50.3 -529.8 2704.7 0.9951964021 -0.0679118186 -0.0705129653 0.0713754371 0.9963026047 0.0478189290 0.0670047775 -0.0526221208 0.9963639975
-200.7 -258.2 2633.8 0 0 0 0 0 0 0 0 0
175.5 -237.5 2643.7 0 0 0 0 0 0 0 0 0
-89.6 -820.8 2717.3 0 0 0 0 0 0 0 0 0
70.8 -831.7 2720.6 0 0 0 0 0 0 0 0 0
-12.7 440.4 2736.2 4 0.9980890155 -0.0032453462 -0.0617068224 -0.0014374044 0.9971302152 -0.0756916404 0.0617753826 0.0756356940 0.9952201247
-12.0 244.3 2721.3 0.9980890155 -0.0032453462 -0.0617068224 -0.0014374044 0.9971302152 -0.0756916404 0.0617753826 0.0756356940 0.9952201247
-11.0 50.7 2708.3 0.9980765581 -0.0055511696 -0.0617439933 0.0013882421 0.9977343678 -0.0672619417 0.0619774871 0.0670468584 0.9958230257
-148.4 244.1 2712.9 0.2222941071 -0.6713218093 -0.7070448399 0.9743946195 0.1780872047 0.1372591257 0.0337705910 -0.7194525599 0.6937201023
-207.3 -14.0 2703.9 -0.0255660433 -0.6716886163 -0.7403923273 0.9600500464 0.1899540871 -0.2054784745 0.2786580920 -0.7160669565 0.6399983168
124.3 244.5 2729.8 0.1895118058 0.6506781578 0.7353252172 -0.9805546403 0.1642933339 0.1073329002 -0.0509698540 -0.7413673997 0.6691610217
170.3 6.9 2717.4 0.0062345373 0.6514819860 0.7586384416 -0.9576538205 0.2222758979 -0.1830097288 -0.2878545821 -0.7253720760 0.6252800226
-99.2 -142.7 2689.7 0.9987015128 -0.0093342802 -0.0500812829 0.0100807399 0.9998415112 0.0146731213 0.0499363840 -0.0151589252 0.9986373782
