-41.4 524.0 2408.8  0.9987654090 0.0024636206 -0.0496149659 -0.0038268755 0.9996172190 -0.0274004657 0.0495284684 0.0275565069 0.9983925223
-41.9 323.6 2403.3 0.9987654090 0.0024636206 -0.0496149659 -0.0038268755 0.9996172190 -0.0274004657 0.0495284684 0.0275565069 0.9983925223
-42.6 124.9 2397.6 0.9987611771 0.0037613506 -0.0496184379 -0.0051811030 0.9995799065 -0.0285158940 0.0494903363 0.0287376456 0.9983611107
-182.4 324.3 2396.3 0.1896836162 -0.9706627727 -0.1477628350 0.9798166156 0.1774665117 0.0920056105 -0.0630834624 -0.1622324437 0.9847340584
-236.5 44.9 2414.3 0.0876112357 -0.9716555476 -0.2195672244 0.9099764824 0.1677422822 -0.3792166710 0.4052987099 -0.1665773690 0.8988798261
98.7 322.9 2410.3 0.1844589114 0.6023631692 0.7766167521 -0.9795149565 0.1776132882 0.0948892310 -0.0807796791 -0.7782108784 0.6227860451
149.1 55.3 2388.2 -0.0099566439 0.6027542949 0.7978647351 -0.9661183357 0.1999969333 -0.1631458402 -0.2579073608 -0.7724561095 0.5803406835
-138.8 -77.2 2389.2 0.9975729585 0.0498717204 -0.0485896133 -0.0490514860 0.9986352921 0.0179302040 0.0494175144 -0.0155032948 0.9986578822
-158.6 -474.1 2395.3 0.9984101057 0.0392925739 -0.0404143110 -0.0318787731 0.9849215746 0.1700390577 0.0464861952 -0.1684803665 0.9846082330
44.5 -79.4 2397.5 0.9983636737 -0.0478687920 -0.0312810019 0.0476219319 0.9988284707 -0.0085901041 0.0316555537 0.0070863864 0.9994736910
63.6 -476.5 2394.7 0.9987915158 -0.0272795353 -0.0408817157 0.0351886488 0.9776343107 0.2073473185 0.0343110301 -0.2085353136 0.9774128199
-261.6 -215.9 2298.2 0 0 0 0 0 0 0 0 0
146.3 -217.9 2315.3 0 0 0 0 0 0 0 0 0
-170.4 -768.9 2445.8 0 0 0 0 0 0 0 0 0
71.6 -766.2 2456.5 0 0 0 0 0 0 0 0 0
-43.2 517.7 2395.8  0.9985340834 -0.0046195099 -0.0539296195 0.0050601726 0.9999548793 0.0080373790 0.0538900569 -0.0082984902 0.9985123873
-42.3 316.7 2397.5 0.9985340834 -0.0046195099 -0.0539296195 0.0050601726 0.9999548793 0.0080373790 0.0538900569 -0.0082984902 0.9985123873
-41.7 118.0 2397.8 0.9985424876 -0.0026518344 -0.0539058149 0.0027361345 0.9999951720 0.0014900997 0.0539016016 -0.0016354214 0.9985449314
-182.8 316.3 2389.9 0.1855083257 -0.9734430313 -0.1341466308 0.9782742858 0.1700964123 0.1185184717 -0.0925531164 -0.1532183737 0.9838485718
-235.0 41.0 2416.0 0.0908682793 -0.9734430313 -0.2101228535 0.9013887644 0.1700964123 -0.3982028663 0.4233689606 -0.1532183737 0.8929069638
98.3 317.1 2405.0 0.1959471256 0.6024272442 0.7737480998 -0.9787070751 0.1693329066 0.1160120144 -0.0611322150 -0.7800049782 0.6227801442
149.4 61.8 2389.1 -0.0128516704 0.6027881503 0.7977977991 -0.9694004655 0.1880998015 -0.1577376425 -0.2451479882 -0.7754127383 0.5819256902
-135.0 -73.3 2387.4 0.9965860844 0.0621301942 -0.0543693714 -0.0608268231 0.9978274107 0.0253091771 0.0558237135 -0.0219156574 0.9982000589
-159.7 -469.9 2396.1 0.9984710813 0.0317955837 -0.0452163368 -0.0239968691 0.9862337708 0.1636067033 0.0497958474 -0.1622715145 0.9854888916
48.3 -74.2 2396.4 0.9986976981 -0.0375211574 -0.0345693976 0.0374379009 0.9992942810 -0.0030527560 0.0346595459 0.0017545747 0.9993976355
63.2 -471.5 2395.7 0.9988380671 -0.0247590784 -0.0413462259 0.0324041098 0.9800847769 0.1959177852 0.0356720649 -0.1970299333 0.9797483087
-261.1 -218.1 2294.3 0 0 0 0 0 0 0 0 0
145.7 -212.3 2319.8 0 0 0 0 0 0 0 0 0
-169.3 -769.5 2445.4 0 0 0 0 0 0 0 0 0
70.6 -765.3 2454.8 0 0 0 0 0 0 0 0 0
-42.8 517.8 2389.8  0.9987635612 -0.0094633838 -0.0488034487 0.0105431471 0.9997042418 0.0219149739 0.0485816225 -0.0224024188 0.9985679388
-40.9 317.0 2394.3 0.9987635612 -0.0094633838 -0.0488034487 0.0105431471 0.9997042418 0.0219149739 0.0485816225 -0.0224024188 0.9985679388
-39.1 118.3 2397.4 0.9987708330 -0.0090004643 -0.0487427264 0.0097586513 0.9998347163 0.0153392851 0.0485966094 -0.0157960933 0.9986935854
-181.4 315.6 2387.5 0.1859662384 -0.9753344059 -0.1189088225 0.9772992730 0.1711098999 0.1249301285 -0.1015021801 -0.1394422948 0.9850143194
-233.6 41.5 2415.9 0.0990225300 -0.9753344059 -0.1972746551 0.9037716389 0.1711098999 -0.3923242092 0.4164029360 -0.1394422948 0.8984233141
99.7 318.4 2401.1 0.1876132041 0.6004912257 0.7773104906 -0.9814738035 0.1459183693 0.1241649836 -0.0388638899 -0.7862048745 0.6167426705
149.7 56.6 2390.8 -0.0131738950 0.6025099754 0.7980026007 -0.9631207585 0.2068518847 -0.1720776111 -0.2687468231 -0.7708398104 0.5775648355
-132.8 -80.9 2393.2 0.9965607524 0.0657918006 -0.0503798574 -0.0647324175 0.9976516366 0.0223802384 0.0517339855 -0.0190420561 0.9984793663
-159.0 -477.5 2400.8 0.9984288216 0.0375635475 -0.0415803678 -0.0309604667 0.9882925749 0.1493963003 0.0467054248 -0.1478742212 0.9879027605
50.4 -80.4 2403.1 0.9991610646 -0.0295058601 -0.0284008272 0.0290718302 0.9994559884 -0.0155758578 0.0288449563 0.0147371264 0.9994752407
62.1 -477.7 2397.2 0.9990184903 -0.0284824260 -0.0339228846 0.0345080122 0.9806098938 0.1929079741 0.0277706292 -0.1938892454 0.9806302786
-262.0 -217.6 2296.6 0 0 0 0 0 0 0 0 0
146.0 -215.7 2314.8 0 0 0 0 0 0 0 0 0
-170.1 -768.5 2444.3 0 0 0 0 0 0 0 0 0
70.5 -767.8 2454.6 0 0 0 0 0 0 0 0 0
-42.3 517.2 2386.8  0.9988198280 -0.0118700117 -0.0470963158 0.0132533573 0.9994866252 0.0291699879 0.0467258878 -0.0297597479 0.9984643459
-39.9 316.6 2392.8 0.9988198280 -0.0118700117 -0.0470963158 0.0132533573 0.9994866252 0.0291699879 0.0467258878 -0.0297597479 0.9984643459
-37.8 117.9 2397.4 0.9988398552 -0.0103653837 -0.0470266789 0.0114526115 0.9996719360 0.0229091588 0.0467737913 -0.0234211590 0.9986308813
-180.5 315.0 2386.2 0.1957467496 -0.9713254571 -0.1349445283 0.9735725522 0.1759767383 0.1455632448 -0.1176421940 -0.1598718315 0.9801027179
-235.4 41.6 2419.2 0.0927538574 -0.9713254571 -0.2189144492 0.8996214271 0.1759767383 -0.3996416628 0.4267059863 -0.1598718315 0.8901477456
100.7 318.2 2399.3 0.1846532822 0.5987887979 0.7793298960 -0.9821462035 0.1414284408 0.1240434349 -0.0359435901 -0.7883209586 0.6142134070
149.7 57.4 2389.8 -0.0118643055 0.6007959247 0.7993143797 -0.9645466208 0.2038891912 -0.1675679535 -0.2636457086 -0.7729640603 0.5770766735
-128.9 -81.3 2396.1 0.9955499768 0.0795817375 -0.0504682884 -0.0794258192 0.9968277812 0.0050907186 0.0507133193 -0.0010595793 0.9987127185
-160.6 -477.5 2396.5 0.9989055395 0.0287089907 -0.0369264036 -0.0221847761 0.9858227968 0.1663168222 0.0411776789 -0.1653155833 0.9853807092
54.4 -79.5 2405.0 0.9993614554 -0.0239571556 -0.0265089981 0.0236234553 0.9996386170 -0.0128305806 0.0268068016 0.0121961534 0.9995662570
63.9 -476.9 2400.2 0.9992841482 -0.0220645629 -0.0307307560 0.0273938086 0.9822591543 0.1855170876 0.0260922126 -0.1862261146 0.9821603894
-262.2 -218.2 2296.0 0 0 0 0 0 0 0 0 0
146.4 -215.3 2315.2 0 0 0 0 0 0 0 0 0
-169.1 -771.7 2445.9 0 0 0 0 0 0 0 0 0
70.4 -768.5 2455.4 0 0 0 0 0 0 0 0 0
-41.6 517.8 2385.3  0.9990467429 -0.0074514952 -0.0430128276 0.0089005679 0.9993958473 0.0335967243 0.0427364968 -0.0339475386 0.9985094666
-40.1 317.1 2392.1 0.9990467429 -0.0074514952 -0.0430128276 0.0089005679 0.9993958473 0.0335967243 0.0427364968 -0.0339475386 0.9985094666
-38.8 118.4 2397.6 0.9990542531 -0.0066435663 -0.0429704934 0.0078339176 0.9995885491 0.0275927931 0.0427694991 -0.0279033259 0.9986952543
-180.7 316.0 2386.1 0.1922627985 -0.9724337459 -0.1319378018 0.9747836590 0.1737244427 0.1400593370 -0.1132776067 -0.1555390209 0.9813132882
-235.1 40.0 2418.2 0.0913246572 -0.9724337459 -0.2145515680 0.8974952102 0.1737244427 -0.4053667486 0.4314651787 -0.1555390209 0.8886199594
100.5 318.2 2398.1 0.1848879606 0.5953480005 0.7819061279 -0.9821442366 0.1400845200 0.1255746782 -0.0347723179 -0.7911618948 0.6106175184
149.7 56.9 2388.9 -0.0147836674 0.5972507000 0.8019183874 -0.9664146900 0.1972519010 -0.1647249758 -0.2565620244 -0.7774209380 0.5742757320
-127.4 -81.8 2397.8 0.9953671694 0.0838370621 -0.0470694005 -0.0838001668 0.9964787364 0.0027601197 0.0471350588 0.0011970912 0.9988878369
-160.7 -478.0 2397.3 0.9990058541 0.0304783769 -0.0325318575 -0.0246030483 0.9855165482 0.1677849144 0.0371744968 -0.1668177247 0.9852867126
55.9 -79.7 2406.4 0.9995862842 -0.0179951768 -0.0224385243 0.0176394582 0.9997171760 -0.0159514584 0.0227192286 0.0155490553 0.9996209741
63.0 -477.2 2400.2 0.9993050694 -0.0271009449 -0.0255911425 0.0313723050 0.9822691083 0.1848327816 0.0201282464 -0.1855071932 0.9824367166
-261.4 -218.5 2293.9 0 0 0 0 0 0 0 0 0
145.5 -216.4 2316.3 0 0 0 0 0 0 0 0 0
-169.7 -767.1 2446.2 0 0 0 0 0 0 0 0 0
71.1 -768.1 2455.1 0 0 0 0 0 0 0 0 0
-41.4 517.4 2384.0 0 0.9993974566 -0.0045672189 -0.0344077423 0.0058436180 0.9992949367 0.0370875224 0.0342140980 -0.0372662395 0.9987195134
-40.5 316.8 2391.5 0.9993974566 -0.0045672189 -0.0344077423 0.0058436180 0.9992949367 0.0370875224 0.0342140980 -0.0372662395 0.9987195134
-39.5 118.1 2397.6 0.9993974566 -0.0047933706 -0.0343763120 0.0058388137 0.9995214939 0.0303761046 0.0342142619 -0.0305585191 0.9989472032
-181.1 316.0 2386.7 0.1847756058 -0.9755009413 -0.1193977818 0.9779151678 0.1704247743 0.1209849715 -0.0976726115 -0.1391159743 0.9854475260
-233.7 37.6 2414.5 0.0959330872 -0.9755009413 -0.1979765147 0.8986043930 0.1704247743 -0.4043087363 0.4281436801 -0.1391159743 0.8929388523
100.2 317.6 2396.3 0.1862976998 0.5886362195 0.7866387963 -0.9819627404 0.1378654838 0.1293920130 -0.0322855189 -0.7965553999 0.6037028432
149.6 56.9 2387.8 -0.0124294478 0.5906241536 0.8068510294 -0.9665036201 0.1997733414 -0.1611252427 -0.2563517988 -0.7818271518 0.5683573484
-129.1 -81.0 2399.3 0.9961004853 0.0789573863 -0.0393644758 -0.0791981071 0.9968483448 -0.0045914082 0.0388778858 0.0076910960 0.9992143512
-160.5 -477.3 2396.2 0.9992080331 0.0309564807 -0.0249989182 -0.0262891408 0.9852245450 0.1692378670 0.0298685580 -0.1684466451 0.9852581620
54.2 -79.6 2407.1 0.9996802807 -0.0210452471 -0.0140139703 0.0209267270 0.9997444153 -0.0085508954 0.0141903451 0.0082548950 0.9998652339
62.6 -477.0 2403.8 0.9993858337 -0.0302915573 -0.0176171307 0.0328974836 0.9842093587 0.1739242375 0.0120705105 -0.1743969768 0.9846014380
-261.3 -220.5 2291.6 0 0 0 0 0 0 0 0 0
146.1 -216.4 2315.3 0 0 0 0 0 0 0 0 0
-169.5 -765.2 2445.4 0 0 0 0 0 0 0 0 0
71.6 -768.3 2455.5 0 0 0 0 0 0 0 0 0
-40.5 514.8 2385.4 1 0.9995054603 -0.0017453082 -0.0313970037 0.0026808612 0.9995529056 0.0297801532 0.0313309878 -0.0298495982 0.9990632534
-40.1 314.0 2391.4 0.9995054603 -0.0017453082 -0.0313970037 0.0026808612 0.9995529056 0.0297801532 0.0313309878 -0.0298495982 0.9990632534
-39.8 115.3 2396.8 0.9995059967 -0.0015104599 -0.0313925967 0.0023610101 0.9996306300 0.0270745885 0.0313401036 -0.0271353312 0.9991403818
-180.8 313.7 2387.0 0.1921460330 -0.9732934833 -0.1256171763 0.9767640829 0.1772896647 0.1204172075 -0.0949306563 -0.1458360255 0.9847436547
-234.5 40.7 2413.5 0.1016237661 -0.9732934833 -0.2058455348 0.9023828506 0.1772896647 -0.3927767277 0.4187813103 -0.1458360255 0.8963001966
100.5 314.3 2395.8 0.1855341196 0.5874156952 0.7877308130 -0.9821804762 0.1353155822 0.1304271519 -0.0299772918 -0.7978925109 0.6020538807
149.4 55.8 2387.9 -0.0177798029 0.5898200870 0.8073388934 -0.9658772349 0.1985414475 -0.1663202941 -0.2583892941 -0.7827474475 0.5661637783
-130.3 -81.1 2400.5 0.9962424040 0.0786932260 -0.0361718647 -0.0788827688 0.9968764782 -0.0038410767 0.0357566178 0.0066799805 0.9993382096
-161.5 -477.5 2397.9 0.9993805289 0.0271998420 -0.0223334469 -0.0231514033 0.9860370159 0.1649091840 0.0265071094 -0.1642899662 0.9860558510
53.1 -80.1 2406.8 0.9996402860 -0.0243777595 -0.0111831175 0.0242573339 0.9996476173 -0.0107805626 0.0114419824 0.0105054118 0.9998793602
62.8 -477.5 2402.6 0.9995204806 -0.0267699920 -0.0155612295 0.0291051362 0.9837628007 0.1770976782 0.0105676567 -0.1774656624 0.9840702415
-263.6 -217.9 2293.5 0 0 0 0 0 0 0 0 0
144.3 -217.4 2314.8 0 0 0 0 0 0 0 0 0
-169.6 -770.2 2446.6 0 0 0 0 0 0 0 0 0
70.8 -770.4 2455.5 0 0 0 0 0 0 0 0 0
-40.2 517.2 2399.1 2 0.9991496801 -0.0003310329 -0.0412293859 0.0000839548 0.9999820590 -0.0059943548 0.0412306301 0.0059857965 0.9991317391
-40.2 316.5 2397.9 0.9991496801 -0.0003310329 -0.0412293859 0.0000839548 0.9999820590 -0.0059943548 0.0412306301 0.0059857965 0.9991317391
-40.4 117.8 2397.7 0.9991489053 0.0013364104 -0.0412268788 -0.0013791003 0.9999985695 -0.0010070640 0.0412254706 0.0010630629 0.9991493225
-180.8 316.7 2392.1 0.1874422431 -0.9731277227 -0.1337454915 0.9795123339 0.1749682426 0.0997082964 -0.0736276954 -0.1496949047 0.9859870076
-234.3 36.9 2413.1 0.1036803350 -0.9725176692 -0.2084700018 0.9015057087 0.1804308593 -0.3933601379 0.4201641083 -0.1471531838 0.8954373598
100.4 316.3 2403.7 0.1826406866 0.5948824883 0.7827880979 -0.9812494516 0.1601575315 0.1072335616 -0.0615780428 -0.7876955867 0.6129794121
149.5 52.9 2387.2 -0.0178467948 0.5959779620 0.8028024435 -0.9660524726 0.1966927350 -0.1674951017 -0.2577287853 -0.7785385251 0.5722356439
-131.3 -83.7 2399.3 0.9963728786 0.0729318708 -0.0438406318 -0.0731261149 0.9973186255 -0.0028413099 0.0435158573 0.0060368991 0.9990345240
-160.2 -480.2 2396.9 0.9989561439 0.0337357186 -0.0307982601 -0.0281411875 0.9855863452 0.1668162644 0.0359820090 -0.1657754332 0.9855068922
52.2 -83.3 2405.1 0.9994050264 -0.0268388465 -0.0216634553 0.0264778491 0.9995085001 -0.0167821627 0.0221032221 0.0161985755 0.9996244311
62.8 -480.7 2398.6 0.9992917776 -0.0264739711 -0.0267408546 0.0310830381 0.9812778831 0.1900725961 0.0212082323 -0.1907691658 0.9814057946
-264.0 -220.6 2293.1 0 0 0 0 0 0 0 0 0
144.4 -220.3 2314.3 0 0 0 0 0 0 0 0 0
-170.0 -764.9 2444.8 0 0 0 0 0 0 0 0 0
70.6 -768.5 2454.6 0 0 0 0 0 0 0 0 0
-43.5 521.0 2398.4 3 0.9996964931 -0.0092148473 -0.0228467956 0.0092877457 0.9999520779 0.0030866633 0.0228172578 -0.0032979217 0.9997342229
-41.6 319.6 2399.1 0.9996964931 -0.0092148473 -0.0228467956 0.0092877457 0.9999520779 0.0030866633 0.0228172578 -0.0032979217 0.9997342229
-40.3 120.9 2399.7 0.9997179508 -0.0064919181 -0.0228452869 0.0065597263 0.9999743104 0.0028944446 0.0228259079 -0.0030434870 0.9997348189
-182.3 318.7 2395.9 0.1893090457 -0.9747365713 -0.1185356528 0.9795750976 0.1791427284 0.0913266242 -0.0677846000 -0.1334035248 0.9887409806
-235.4 44.0 2414.9 0.1039675772 -0.9755049944 -0.1938576102 0.9079461098 0.1726544350 -0.3818694949 0.4059859812 -0.1363102198 0.9036564231
99.1 320.5 2402.3 0.1869218946 0.5805605650 0.7924706340 -0.9809685349 0.1534556001 0.1189624369 -0.0525441542 -0.7996254563 0.5981958508
149.6 55.4 2388.1 -0.0180378594 0.5822010040 0.8128447533 -0.9651379585 0.2021798491 -0.1662289649 -0.2611194849 -0.7875057459 0.5582574010
-132.3 -80.8 2393.7 0.9969075322 0.0746502802 -0.0245495513 -0.0743269399 0.9971380234 0.0138307931 0.0255117621 -0.0119633293 0.9996029139
-162.0 -477.2 2398.4 0.9996653795 0.0221659541 -0.0133354226 -0.0197501816 0.9869312048 0.1599273980 0.0167060867 -0.1596104950 0.9870386720
51.0 -81.1 2401.2 0.9995091558 -0.0311598703 -0.0032359422 0.0311254095 0.9994633794 -0.0102037899 0.0035521544 0.0100980615 0.9999427199
63.4 -478.5 2397.2 0.9997621179 -0.0194758233 -0.0098203551 0.0210680645 0.9788218141 0.2036271542 0.0056465711 -0.2037855983 0.9789992571
-265.0 -214.8 2299.2 0 0 0 0 0 0 0 0 0
144.5 -217.5 2314.3 0 0 0 0 0 0 0 0 0
-168.5 -768.7 2445.6 0 0 0 0 0 0 0 0 0
69.2 -771.5 2458.2 0 0 0 0 0 0 0 0 0
-41.8 522.6 2398.1 4 0.9999542832 -0.0022800763 -0.0092863487 0.0023408961 0.9999758601 0.0065437821 0.0092712045 -0.0065652211 0.9999354482
-41.3 321.7 2399.4 0.9999542832 -0.0022800763 -0.0092863487 0.0023408961 0.9999758601 0.0065437821 0.0092712045 -0.0065652211 0.9999354482
-41.3 122.9 2400.4 0.9999568462 -0.0003194704 -0.0092843249 0.0003657835 0.9999874830 0.0049870382 0.0092826160 -0.0049902187 0.9999444485
-182.1 321.7 2398.1 0.1839981079 -0.9770193696 -0.1076004952 0.9812425375 0.1761735827 0.0782688260 -0.0575137921 -0.1199834943 0.9911085367
-234.7 41.0 2414.6 0.1064461097 -0.9776552916 -0.1812714487 0.9045455456 0.1709131002 -0.3906226754 0.4128759801 -0.1223880127 0.9025267959
99.4 321.8 2400.7 0.1881839931 0.5700250864 0.7997863293 -0.9808038473 0.1514374167 0.1228433847 -0.0510937609 -0.8075506687 0.5875809193
149.6 59.8 2387.1 -0.0178614277 0.5716003180 0.8203377724 -0.9667906165 0.1993339956 -0.1599434316 -0.2549449205 -0.7959516644 0.5490574241
-130.7 -78.5 2398.2 0.9970072508 0.0763427466 -0.0121766571 -0.0763483346 0.9970812201 0.0000057655 0.0121415565 0.0009239193 0.9999258518
-161.0 -474.9 2397.8 0.9996986389 0.0245476235 0.0000653709 -0.0242500436 0.9871593118 0.1578874141 0.0038112293 -0.1578414291 0.9874570966
52.7 -77.3 2402.4 0.9995682240 -0.0275301039 0.0102720354 0.0276257955 0.9995751381 -0.0092931883 -0.0100118285 0.0095729483 0.9999040365
63.7 -474.7 2398.6 0.9998596907 -0.0161992721 0.0042664874 0.0150139062 0.9795454144 0.2006622702 -0.0074298009 -0.2005700618 0.9796512127
-265.0 -216.4 2297.1 0 0 0 0 0 0 0 0 0
144.6 -213.6 2315.0 0 0 0 0 0 0 0 0 0
-168.4 -770.6 2445.1 0 0 0 0 0 0 0 0 0
68.5 -768.7 2458.8 0 0 0 0 0 0 0 0 0
-40.3 521.1 2397.9 5 0.9999899268 0.0037003236 0.0025372575 -0.0037192085 0.9999651313 0.0074790874 -0.0025094941 -0.0074884486 0.9999688268
-41.0 320.6 2399.4 0.9999899268 0.0037003236 0.0025372575 -0.0037192085 0.9999651313 0.0074790874 -0.0025094941 -0.0074884486 0.9999688268
-42.0 121.8 2400.5 0.9999847412 0.0049128137 0.0025285936 -0.0049265805 0.9999729395 0.0054673622 -0.0025016651 -0.0054797358 0.9999818802
-181.8 321.3 2399.8 0.1903639436 -0.9769997597 -0.0960887223 0.9800681472 0.1834677756 0.0761969835 -0.0568152517 -0.1086786613 0.9924520254
-235.4 44.9 2415.8 0.1042576507 -0.9793171883 -0.1734016687 0.9072148204 0.1650910079 -0.3869188428 0.4075433314 -0.1169733256 0.9056631327
99.7 319.9 2399.1 0.1896046400 0.5613781214 0.8055461645 -0.9807410836 0.1474480480 0.1280857027 -0.0468716919 -0.8143178821 0.5785234571
149.9 59.9 2386.7 -0.0168221686 0.5637344718 0.8257847428 -0.9634180665 0.2117999643 -0.1642143577 -0.2674744725 -0.7983384132 0.5395490527
-132.9 -75.9 2400.6 0.9975544810 0.0698822737 -0.0012128120 -0.0698910877 0.9975011945 -0.0103277061 0.0004880578 0.0103872148 0.9999459386
-160.7 -472.4 2396.4 0.9995914698 0.0264464449 0.0108398516 -0.0278515965 0.9864619374 0.1616079509 -0.0064191450 -0.1618438363 0.9867954850
50.5 -75.8 2402.3 0.9992471337 -0.0318933874 0.0220892131 0.0321627483 0.9994112253 -0.0119481431 -0.0216951407 0.0126495976 0.9996846318
63.2 -473.2 2397.2 0.9996903539 -0.0199870002 0.0148224430 0.0166155752 0.9795961380 0.2002881318 -0.0185231660 -0.1999798268 0.9796249270
-265.1 -213.1 2299.9 0 0 0 0 0 0 0 0 0
145.2 -212.5 2311.0 0 0 0 0 0 0 0 0 0
-168.6 -765.6 2444.5 0 0 0 0 0 0 0 0 0
69.2 -766.6 2457.1 0 0 0 0 0 0 0 0 0
-40.5 519.6 2398.4 6 0.9997600317 0.0012145056 -0.0218735766 -0.0010885244 0.9999827743 0.0057705068 0.0218802076 -0.0057453117 0.9997441173
-40.7 319.3 2399.5 0.9997600317 0.0012145056 -0.0218735766 -0.0010885244 0.9999827743 0.0057705068 0.0218802076 -0.0057453117 0.9997441173
-41.2 120.5 2400.4 0.9997575879 0.0024916823 -0.0218762178 -0.0023971712 0.9999876618 0.0043454301 0.0218867753 -0.0042919354 0.9997512698
-181.4 319.6 2396.4 0.1903231740 -0.9745926857 -0.1180941015 0.9796656966 0.1807647198 0.0870587751 -0.0634995997 -0.1322620362 0.9891787171
-235.2 42.4 2414.4 0.0999005213 -0.9758514166 -0.1942521185 0.9057859778 0.1699910760 -0.3881427050 0.4117907286 -0.1371751875 0.9008947611
99.9 319.0 2402.6 0.1877698302 0.5789292455 0.7934629321 -0.9804490209 0.1588695794 0.1161043569 -0.0588409118 -0.7997508645 0.5974414945
149.8 58.4 2387.0 -0.0185277984 0.5810046792 0.8136892915 -0.9606045485 0.2153698057 -0.1756552011 -0.2773005962 -0.7848881483 0.5541254282
-134.7 -76.5 2401.9 0.9975519776 0.0653005317 -0.0250173286 -0.0653967634 0.9978547096 -0.0030470118 0.0247646887 0.0046756049 0.9996823668
-160.7 -473.2 2400.0 0.9994761944 0.0288689751 -0.0146242594 -0.0263293199 0.9881505966 0.1512122005 0.0188163128 -0.1507479548 0.9883931279
48.8 -77.4 2401.4 0.9993377328 -0.0363217443 -0.0022093297 0.0362854004 0.9992330670 -0.0147197535 0.0027422823 0.0146298381 0.9998891950
63.2 -474.7 2395.6 0.9997418523 -0.0203065593 -0.0101889623 0.0219745990 0.9781628251 0.2066749930 0.0057696067 -0.2068455368 0.9783565998
-263.7 -215.4 2297.2 0 0 0 0 0 0 0 0 0
144.6 -213.3 2308.5 0 0 0 0 0 0 0 0 0
-169.2 -765.7 2444.6 0 0 0 0 0 0 0 0 0
69.3 -770.5 2458.1 0 0 0 0 0 0 0 0 0
-38.8 521.8 2398.1 7 0.9998573065 0.0079463543 -0.0149075361 -0.0078371931 0.9999421239 0.0073667867 0.0149652129 -0.0072489022 0.9998617172
-40.4 321.5 2399.5 0.9998573065 0.0079463543 -0.0149075361 -0.0078371931 0.9999421239 0.0073667867 0.0149652129 -0.0072489022 0.9998617172
-42.0 122.7 2400.3 0.9998525977 0.0084698470 -0.0149343442 -0.0084094713 0.9999562502 0.0041008876 0.0149684250 -0.0039746934 0.9998800755
-181.0 322.6 2397.4 0.1894683540 -0.9756291509 -0.1106774509 0.9796969891 0.1803170592 0.0876330659 -0.0655403435 -0.1250340492 0.9899853468
-235.6 40.4 2416.3 0.0988012999 -0.9770798087 -0.1885560304 0.9020990133 0.1679310203 -0.3975129128 0.4200662374 -0.1308214217 0.8980145454
100.3 320.3 2401.6 0.1805858165 0.5751752257 0.7978485227 -0.9819999933 0.1510952264 0.1133411154 -0.0553601049 -0.8039550185 0.5921077132
148.9 56.4 2386.8 -0.0179032702 0.5776132941 0.8161141872 -0.9611416459 0.2149482220 -0.1732166111 -0.2754745185 -0.7875024676 0.5513199568
-133.4 -78.1 2399.2 0.9975956678 0.0670382306 -0.0175722074 -0.0669666827 0.9977445006 0.0046296841 0.0178429391 -0.0034418004 0.9998348951
-160.1 -474.8 2400.6 0.9994540811 0.0320962816 -0.0078363204 -0.0305995326 0.9886909127 0.1468127817 0.0124598425 -0.1464928389 0.9891332388
50.0 -78.5 2403.2 0.9994542003 -0.0327348821 0.0044439500 0.0327761360 0.9994170666 -0.0095514907 -0.0041286927 0.0096919332 0.9999445081
63.0 -475.9 2399.4 0.9997271895 -0.0232505575 -0.0022202814 0.0232457388 0.9812480211 0.1913424879 -0.0022701726 -0.1913418919 0.9815208316
-264.0 -218.8 2295.6 0 0 0 0 0 0 0 0 0
143.8 -215.4 2308.8 0 0 0 0 0 0 0 0 0
-169.5 -766.1 2443.8 0 0 0 0 0 0 0 0 0
69.9 -768.2 2456.4 0 0 0 0 0 0 0 0 0
-39.4 523.1 2398.9 8 0.9999524951 0.0071158544 -0.0066570062 -0.0070750895 0.9999561906 0.0061271871 0.0067003150 -0.0060797972 0.9999590516
-40.9 322.6 2400.1 0.9999524951 0.0071158544 -0.0066570062 -0.0070750895 0.9999561906 0.0061271871 0.0067003150 -0.0060797972 0.9999590516
-42.2 123.8 2400.3 0.9999555349 0.0066455710 -0.0066944780 -0.0066411560 0.9999777079 0.0006814860 0.0066988575 -0.0006369966 0.9999773502
-181.6 323.5 2399.2 0.1991610974 -0.9745435715 -0.1029545590 0.9780774117 0.1911563873 0.0826066807 -0.0608233884 -0.1171495691 0.9912499785
-237.6 48.2 2416.3 0.0976590291 -0.9781534076 -0.1835172325 0.9106566310 0.1622121781 -0.3799891472 0.4014564157 -0.1300118119 0.9066033959
99.9 321.7 2401.1 0.1842379123 0.5699051619 0.8007899523 -0.9817370772 0.1460105479 0.1219558567 -0.0474205017 -0.8086340427 0.5863977075
149.3 58.3 2388.4 -0.0178688634 0.5727869868 0.8195094466 -0.9606072903 0.2175157219 -0.1729755998 -0.2773343623 -0.7903176546 0.5463365912
-135.4 -75.4 2399.7 0.9981437922 0.0601948127 -0.0092527177 -0.0601741821 0.9981848001 0.0024923950 0.0093859509 -0.0019309937 0.9999541044
-159.4 -472.2 2400.5 0.9992591143 0.0384835638 -0.0004871023 -0.0379987583 0.9885215163 0.1462233067 0.0061087050 -0.1460964680 0.9892514944
48.0 -76.9 2402.5 0.9992706776 -0.0361187011 0.0123911295 0.0361701995 0.9993377924 -0.0039573670 -0.0122399898 0.0044026705 0.9999154210
62.4 -474.2 2400.7 0.9995463490 -0.0296270493 0.0054177768 0.0281360764 0.9827095270 0.1830035597 -0.0107459566 -0.1827681065 0.9830973148
-265.6 -212.8 2301.3 0 0 0 0 0 0 0 0 0
144.2 -213.4 2309.9 0 0 0 0 0 0 0 0 0
-170.8 -766.3 2444.0 0 0 0 0 0 0 0 0 0
71.2 -767.2 2455.2 0 0 0 0 0 0 0 0 0
-39.0 519.7 2398.4 9 0.9996303320 0.0053891041 -0.0266485121 -0.0052904524 0.9999789000 0.0037710858 0.0266682710 -0.0036287089 0.9996377230
-40.1 318.8 2399.1 0.9996303320 0.0053891041 -0.0266485121 -0.0052904524 0.9999789000 0.0037710858 0.0266682710 -0.0036287089 0.9996377230
-41.3 120.0 2398.9 0.9996251464 0.0061608120 -0.0266759265 -0.0061890492 0.9999803901 -0.0009760882 0.0266693886 0.0011408209 0.9996436834
-180.8 319.7 2395.3 0.2050033361 -0.9716553688 -0.1177262366 0.9755183458 0.1930574477 0.1053223833 -0.0796091333 -0.1364355385 0.9874450564
-237.5 49.6 2417.4 0.0945249945 -0.9747400880 -0.2023532242 0.9093967080 0.1672461480 -0.3808232248 0.4050464630 -0.1480220407 0.9022343755
100.5 318.0 2402.8 0.1867162436 0.5849719048 0.7892686129 -0.9811114669 0.1523865610 0.1191579103 -0.0505698919 -0.7966091633 0.6023756862
149.6 60.2 2389.5 -0.0190734956 0.5876964331 0.8088566661 -0.9585877061 0.2191776484 -0.1818536371 -0.2841580510 -0.7788286805 0.5591780543
-135.2 -74.4 2399.8 0.9975427389 0.0637601465 -0.0290364735 -0.0636697486 0.9979628921 0.0040281601 0.0292341579 -0.0021695169 0.9995702505
-160.6 -471.2 2400.7 0.9992219210 0.0343837813 -0.0193212610 -0.0310774073 0.9880327582 0.1510809660 0.0242847744 -0.1503629535 0.9883325696
48.2 -75.6 2401.0 0.9993717670 -0.0345866717 -0.0077336612 0.0345753357 0.9994007945 -0.0015944083 0.0077841724 0.0013260127 0.9999688268
62.0 -473.0 2400.5 0.9993545413 -0.0331405103 -0.0138618518 0.0350899622 0.9831875563 0.1791950464 0.0076901852 -0.1795658022 0.9837158918
-264.6 -210.8 2301.4 0 0 0 0 0 0 0 0 0
144.2 -210.9 2309.2 0 0 0 0 0 0 0 0 0
-170.9 -767.4 2445.7 0 0 0 0 0 0 0 0 0
71.9 -766.6 2454.1 0 0 0 0 0 0 0 0 0
-38.8 520.4 2398.6 0 0.9988169074 0.0021718924 -0.0485810637 -0.0019877839 0.9999906421 0.0038377112 0.0485889465 -0.0037366019 0.9988118410
-39.2 319.8 2399.3 0.9988169074 0.0021718924 -0.0485810637 -0.0019877839 0.9999906421 0.0038377112 0.0485889465 -0.0037366019 0.9988118410
-39.8 121.0 2399.1 0.9988153577 0.0025610083 -0.0485929586 -0.0026218479 0.9999958277 -0.0011883253 0.0485897139 0.0013143210 0.9988179803
-179.8 320.2 2392.5 0.2051706016 -0.9689769149 -0.1377995014 0.9750915170 0.1902497113 0.1140245497 -0.0842708424 -0.1577616185 0.9838748574
-236.9 48.7 2415.9 0.1059290022 -0.9697520733 -0.2199089080 0.9097109437 0.1838065982 -0.3723453879 0.4015034139 -0.1606113762 0.9016645551
101.3 319.5 2406.2 0.1801797748 0.5994421244 0.7798746228 -0.9810640812 0.1667890102 0.0984614044 -0.0710526109 -0.7828477621 0.6181431413
149.5 56.9 2387.1 -0.0189091209 0.6010146141 0.7990143299 -0.9599406123 0.2125428021 -0.1825911701 -0.2795647085 -0.7704589367 0.5729193687
-134.3 -78.2 2396.2 0.9966657758 0.0644897297 -0.0499843061 -0.0635806844 0.9977847934 0.0195697509 0.0511356294 -0.0163264647 0.9985582829
-159.9 -474.9 2402.7 0.9984397292 0.0376306735 -0.0412555784 -0.0311402343 0.9884958863 0.1480071396 0.0463505760 -0.1464914978 0.9881254435
49.1 -79.3 2401.1 0.9990044832 -0.0333894044 -0.0295831859 0.0332886353 0.9994382262 -0.0038924732 0.0296965335 0.0029038144 0.9995547533
62.4 -476.7 2399.9 0.9989339113 -0.0297931805 -0.0352624170 0.0357181877 0.9827360511 0.1815325469 0.0292452164 -0.1825985312 0.9827525020
-267.2 -211.6 2301.1 0 0 0 0 0 0 0 0 0
144.2 -214.6 2308.1 0 0 0 0 0 0 0 0 0
-171.0 -766.4 2445.9 0 0 0 0 0 0 0 0 0
71.1 -765.0 2453.5 0 0 0 0 0 0 0 0 0
-38.5 520.1 2391.7 1 0.9988291264 0.0011685452 -0.0483634099 -0.0002617208 0.9998241067 0.0187523048 0.0483768173 -0.0187176894 0.9986537695
-38.7 319.2 2395.4 0.9988291264 0.0011685452 -0.0483634099 -0.0002617208 0.9998241067 0.0187523048 0.0483768173 -0.0187176894 0.9986537695
-39.0 120.5 2398.3 0.9988284707 0.0014534022 -0.0483689457 -0.0007513221 0.9998941422 0.0145301186 0.0483849421 -0.0144767556 0.9987238646
-179.3 319.3 2388.6 0.2054637372 -0.9688032866 -0.1385813653 0.9740252495 0.1886574626 0.1252325177 -0.0951812714 -0.1607124954 0.9824011326
-236.0 50.4 2414.9 0.1099151298 -0.9689800143 -0.2213512510 0.9111743569 0.1872030348 -0.3670372665 0.3970893919 -0.1613466293 0.9034861922
101.8 319.1 2402.2 0.1799433231 0.5993696451 0.7799848914 -0.9821590185 0.1535065621 0.1086248979 -0.0546263382 -0.7856155634 0.6162987947
149.6 58.6 2387.7 -0.0177646112 0.6010825634 0.7989894748 -0.9634306431 0.2034011334 -0.1744401455 -0.2673682868 -0.7728698254 0.5754880309
-131.9 -77.5 2394.4 0.9960766435 0.0724717453 -0.0507854298 -0.0715069249 0.9972280264 0.0205665100 0.0521351472 -0.0168543104 0.9984977841
-160.7 -474.0 2401.1 0.9985208511 0.0355499201 -0.0411381647 -0.0291232336 0.9886402488 0.1474525481 0.0459127724 -0.1460363567 0.9882132411
51.4 -78.0 2403.3 0.9990442991 -0.0332113691 -0.0284156967 0.0327688791 0.9993364811 -0.0158986282 0.0289248582 0.0149522843 0.9994697571
64.6 -475.3 2397.3 0.9992499352 -0.0167642254 -0.0349082537 0.0234184638 0.9795262218 0.1999498159 0.0308415461 -0.2006173283 0.9791840911
-267.4 -210.2 2301.3 0 0 0 0 0 0 0 0 0
144.5 -213.9 2312.1 0 0 0 0 0 0 0 0 0
-171.2 -765.7 2444.1 0 0 0 0 0 0 0 0 0
69.6 -771.7 2458.0 0 0 0 0 0 0 0 0 0
-38.5 521.1 2402.2 2 0.9992550611 0.0001404268 -0.0385915786 -0.0006177707 0.9999234676 -0.0123574752 0.0385868885 0.0123721110 0.9991786480
-38.6 320.6 2399.7 0.9992550611 0.0001404268 -0.0385915786 -0.0006177707 0.9999234676 -0.0123574752 0.0385868885 0.0123721110 0.9991786480
-39.1 121.9 2397.9 0.9992520809 0.0025033921 -0.0385874212 -0.0028609673 0.9999534488 -0.0092141964 0.0385625586 0.0093177026 0.9992127419
-179.2 321.0 2394.3 0.2008907348 -0.9709172249 -0.1302408725 0.9772728086 0.1894459873 0.0951212719 -0.0676812679 -0.1463898569 0.9869089127
-235.0 49.3 2413.1 0.1134198830 -0.9715867639 -0.2077380568 0.9135364294 0.1841860563 -0.3626660407 0.3906239569 -0.1486427486 0.9084702730
102.1 320.2 2405.2 0.1778569221 0.5939853191 0.7845689058 -0.9819059372 0.1598006338 0.1016093493 -0.0650201514 -0.7884448171 0.6116593480
149.6 57.8 2387.8 -0.0179924369 0.5954463482 0.8031935692 -0.9634575248 0.2044026256 -0.1731161177 -0.2672562301 -0.7769576311 0.5700095892
-130.9 -78.2 2396.8 0.9967076778 0.0702676624 -0.0404505394 -0.0701453909 0.9975269437 0.0044358941 0.0406622030 -0.0015838708 0.9991716743
-158.9 -474.8 2397.4 0.9987946153 0.0394716263 -0.0291779432 -0.0343978442 0.9869043231 0.1575963944 0.0350164250 -0.1564027667 0.9870724678
52.3 -78.4 2405.6 0.9993901849 -0.0291768909 -0.0191821847 0.0287391003 0.9993287921 -0.0227154922 0.0198320784 0.0221503619 0.9995579123
63.9 -475.7 2396.8 0.9995285273 -0.0176435821 -0.0251276717 0.0222659577 0.9800392389 0.1975533962 0.0211405549 -0.1980197579 0.9799700379
-267.5 -212.0 2301.4 0 0 0 0 0 0 0 0 0
144.5 -214.7 2312.2 0 0 0 0 0 0 0 0 0
-170.5 -766.3 2443.6 0 0 0 0 0 0 0 0 0
69.2 -768.5 2456.0 0 0 0 0 0 0 0 0 0
-39.3 520.3 2407.5 3 0.9992540479 -0.0019083651 -0.0385711417 0.0009049463 0.9996611476 -0.0260154884 0.0386077203 0.0259611774 0.9989171624
-38.9 320.3 2402.3 0.9992540479 -0.0019083651 -0.0385711417 0.0009049463 0.9996611476 -0.0260154884 0.0386077203 0.0259611774 0.9989171624
-39.1 121.6 2397.8 0.9992554784 0.0007499884 -0.0385732241 -0.0016160007 0.9997472167 -0.0224248506 0.0385466553 0.0224704891 0.9990041256
-179.6 320.6 2396.9 0.1945077628 -0.9722488523 -0.1299957484 0.9792069793 0.1846738458 0.0839597806 -0.0576229841 -0.1436235756 0.9879533648
-234.4 44.6 2413.1 0.1052299589 -0.9730201364 -0.2053253651 0.9079356194 0.1782352030 -0.3793219030 0.4056840539 -0.1465061903 0.9021953344
101.7 320.1 2407.7 0.1799888015 0.5941444635 0.7839619517 -0.9808393121 0.1688061208 0.0972558260 -0.0745535716 -0.7864456773 0.6131435037
149.6 59.1 2387.9 -0.0177065656 0.5952324867 0.8033584356 -0.9632596970 0.2052019089 -0.1732711792 -0.2679873109 -0.7769108415 0.5697300434
-131.3 -76.6 2392.5 0.9964848161 0.0745717362 -0.0381719545 -0.0737254620 0.9970105886 0.0231191609 0.0397818796 -0.0202236474 0.9990037084
-160.9 -472.9 2400.6 0.9991602898 0.0295060556 -0.0284269359 -0.0249488410 0.9885045290 0.1491183937 0.0325000510 -0.1482839584 0.9884106517
52.1 -77.1 2399.6 0.9994670153 -0.0256958995 -0.0201358031 0.0256829355 0.9996697307 -0.0009021544 0.0201523341 0.0003845271 0.9997968674
62.3 -474.5 2399.4 0.9994298220 -0.0230717100 -0.0246511400 0.0273227189 0.9815877676 0.1890473664 0.0198356118 -0.1896131188 0.9816585183
-264.5 -215.4 2297.0 0 0 0 0 0 0 0 0 0
144.6 -213.3 2312.1 0 0 0 0 0 0 0 0 0
-169.7 -766.1 2444.5 0 0 0 0 0 0 0 0 0
69.2 -768.3 2456.2 0 0 0 0 0 0 0 0 0
-39.2 517.8 2410.1 4 0.9990330935 -0.0000775073 -0.0439640991 -0.0013697891 0.9994580746 -0.0328888819 0.0439428203 0.0329173021 0.9984915853
-39.2 318.2 2403.6 0.9990330935 -0.0000775073 -0.0439640991 -0.0013697891 0.9994580746 -0.0328888819 0.0439428203 0.0329173021 0.9984915853
-39.5 119.5 2397.7 0.9990319014 0.0016157810 -0.0439615771 -0.0029197107 0.9995571971 -0.0296126474 0.0438942611 0.0297123343 0.9985942245
-179.8 318.6 2397.4 0.1917268187 -0.9719364047 -0.1363101304 0.9804426432 0.1833882183 0.0714213997 -0.0444193855 -0.1473376602 0.9880883098
-234.0 41.4 2410.0 0.1026299968 -0.9728952050 -0.2072244138 0.9119536281 0.1752224863 -0.3709954321 0.3972500563 -0.1509038061 0.9052184224
101.4 317.8 2409.7 0.1827468723 0.5967878103 0.7813116312 -0.9790225625 0.1832925230 0.0889869779 -0.0901022404 -0.7811837792 0.6177648902
149.8 58.9 2385.9 -0.0157282669 0.5972573757 0.8018953800 -0.9640026093 0.2038395852 -0.1707289815 -0.2654271722 -0.7757145166 0.5725516081
-130.9 -76.9 2389.8 0.9962794185 0.0749991685 -0.0424549729 -0.0737634450 0.9968255162 0.0299631357 0.0445674136 -0.0267200321 0.9986490011
-160.8 -473.2 2400.5 0.9990160465 0.0292621162 -0.0333261043 -0.0240543578 0.9888201356 0.1471603066 0.0372597463 -0.1462138742 0.9885510802
52.4 -77.2 2396.9 0.9993218780 -0.0263212379 -0.0257483348 0.0263639838 0.9996515512 0.0013220034 0.0257045664 -0.0019999356 0.9996675849
62.9 -474.7 2397.7 0.9993517399 -0.0192450341 -0.0304259099 0.0249005146 0.9798696041 0.1980794966 0.0260013789 -0.1987087131 0.9797136188
-263.2 -218.5 2296.8 0 0 0 0 0 0 0 0 0
145.3 -213.7 2310.9 0 0 0 0 0 0 0 0 0
-169.4 -765.6 2443.7 0 0 0 0 0 0 0 0 0
68.7 -768.1 2457.2 0 0 0 0 0 0 0 0 0
-39.3 523.3 2411.5 5 0.9998113513 0.0033107498 -0.0191384051 -0.0039421869 0.9994459152 -0.0330502056 0.0190183800 0.0331194177 0.9992704391
-39.9 323.3 2404.8 0.9998113513 0.0033107498 -0.0191384051 -0.0039421869 0.9994459152 -0.0330502056 0.0190183800 0.0331194177 0.9992704391
-40.8 124.6 2398.6 0.9998072982 0.0044031520 -0.0191306919 -0.0049959687 0.9995052814 -0.0310512651 0.0189845040 0.0311408583 0.9993346930
-180.6 324.0 2402.2 0.1816682369 -0.9766658545 -0.1145448238 0.9828138947 0.1764504164 0.0542406254 -0.0327634849 -0.1224300414 0.9919362068
-233.7 36.5 2411.7 0.1051454619 -0.9771887064 -0.1845172346 0.9012331963 0.1720694900 -0.3977069855 0.4203845859 -0.1244759634 0.8987672329
100.8 322.6 2407.5 0.1804633290 0.5795993805 0.7946681976 -0.9803023934 0.1719077528 0.0972368047 -0.0802512243 -0.7965627909 0.5992056727
149.6 57.2 2385.8 -0.0166051071 0.5804193616 0.8141484261 -0.9653881788 0.2026647776 -0.1641726941 -0.2602882087 -0.7886953354 0.5569646955
-131.5 -78.9 2387.7 0.9969744086 0.0758613050 -0.0169444848 -0.0752183869 0.9965238571 0.0358107761 0.0196022354 -0.0344278924 0.9992149472
-161.6 -475.1 2401.4 0.9995946288 0.0272471160 -0.0082560126 -0.0257229488 0.9886099696 0.1482857466 0.0122023355 -0.1480132639 0.9889100790
51.9 -79.5 2395.8 0.9996213913 -0.0274956767 -0.0010191308 0.0275021698 0.9995970726 0.0070263995 0.0008255246 -0.0070517673 0.9999747872
62.8 -476.9 2398.6 0.9997092485 -0.0233179424 -0.0061412891 0.0240661073 0.9807516932 0.1937702298 0.0015047571 -0.1938616782 0.9810277224
-263.7 -220.2 2292.0 0 0 0 0 0 0 0 0 0
144.9 -215.8 2312.2 0 0 0 0 0 0 0 0 0
-169.7 -769.0 2445.4 0 0 0 0 0 0 0 0 0
69.7 -766.4 2455.8 0 0 0 0 0 0 0 0 0
-40.3 523.1 2412.6 6 0.9999716282 0.0054801465 0.0051729530 -0.0052812593 0.9992748499 -0.0377082974 -0.0053758486 0.0376799069 0.9992753863
-41.4 322.6 2405.1 0.9999716282 0.0054801465 0.0051729530 -0.0052812593 0.9992748499 -0.0377082974 -0.0053758486 0.0376799069 0.9992753863
-42.6 123.9 2398.3 0.9999670982 0.0062294831 0.0051947292 -0.0060493923 0.9994038343 -0.0339914300 -0.0054033808 0.0339588895 0.9994086027
-182.0 323.5 2405.8 0.1836418360 -0.9788230658 -0.0904494599 0.9824328423 0.1796519607 0.0505065843 -0.0331875868 -0.0981356353 0.9946194887
-233.9 45.9 2415.2 0.1036743447 -0.9811044931 -0.1633572280 0.9036755562 0.1615251750 -0.3965855241 0.4154781401 -0.1065061912 0.9033461809
99.3 321.8 2404.3 0.1895839274 0.5620247126 0.8051000834 -0.9795989394 0.1639389545 0.1162321046 -0.0666619539 -0.8107109666 0.5816389918
149.6 61.8 2386.6 -0.0136326430 0.5631527901 0.8262403607 -0.9659163356 0.2062019855 -0.1564813554 -0.2584953010 -0.8002122641 0.5411473513
-133.4 -73.7 2390.7 0.9977693558 0.0664635301 0.0062405681 -0.0665557534 0.9976550341 0.0159625430 -0.0051650074 -0.0163422804 0.9998531342
-159.8 -470.3 2397.2 0.9992458224 0.0355381519 0.0156456679 -0.0375660174 0.9867352843 0.1579310596 -0.0098255547 -0.1583997011 0.9873262048
50.0 -74.6 2394.2 0.9991905093 -0.0328195840 0.0232627708 0.0326591358 0.9994403124 0.0072440379 -0.0234874971 -0.0064784321 0.9997031689
63.1 -472.0 2396.8 0.9996563792 -0.0203025378 0.0165814161 0.0166287813 0.9801435471 0.1975907683 -0.0202637631 -0.1972471476 0.9801443219
-263.5 -211.6 2296.8 0 0 0 0 0 0 0 0 0
145.8 -211.4 2313.5 0 0 0 0 0 0 0 0 0
-170.5 -766.7 2444.8 0 0 0 0 0 0 0 0 0
69.2 -769.2 2456.6 0 0 0 0 0 0 0 0 0
-39.7 518.6 2405.7 7 0.9998610020 0.0116190752 0.0119589809 -0.0113663627 0.9997151494 -0.0209870171 -0.0121994242 0.0208481699 0.9997082353
-42.0 318.3 2401.5 0.9998610020 0.0116190752 0.0119589809 -0.0113663627 0.9997151494 -0.0209870171 -0.0121994242 0.0208481699 0.9997082353
-44.4 119.6 2397.4 0.9998556972 0.0120631149 0.0119625973 -0.0118139908 0.9997162819 -0.0206817295 -0.0122086890 0.0205374192 0.9997145534
-182.7 320.0 2403.2 0.1910081953 -0.9778305292 -0.0858101174 0.9810058475 0.1871524900 0.0510050952 -0.0338147618 -0.0939226151 0.9950050712
-236.0 46.4 2412.7 0.1025060713 -0.9815236330 -0.1615669876 0.9074509740 0.1588015854 -0.3889920413 0.4074619710 -0.1067400724 0.9069626927
98.7 316.6 2399.8 0.1959768534 0.5561085939 0.8076733947 -0.9791465402 0.1559327990 0.1302190721 -0.0535268337 -0.8163505197 0.5750710368
149.9 60.6 2385.8 -0.0075985692 0.5575178266 0.8301301599 -0.9651740193 0.2130011320 -0.1518868655 -0.2614983022 -0.8023742437 0.5364832282
-135.6 -74.2 2392.1 0.9981232882 0.0599562526 0.0124558751 -0.0601594038 0.9980502129 0.0166306458 -0.0114344778 -0.0173487719 0.9997841120
-159.4 -471.0 2399.0 0.9991998076 0.0345760472 0.0201071221 -0.0371407643 0.9886464477 0.1455980688 -0.0148446290 -0.1462283581 0.9891394973
47.9 -75.3 2391.1 0.9989174008 -0.0351118259 0.0305152349 0.0347482152 0.9993196130 0.0123655573 -0.0309286490 -0.0112918206 0.9994578362
61.8 -472.6 2395.6 0.9993609190 -0.0270996820 0.0233103987 0.0218550209 0.9792509079 0.2014695555 -0.0282864906 -0.2008313537 0.9792173505
-265.2 -212.3 2296.5 0 0 0 0 0 0 0 0 0
147.8 -212.4 2311.9 0 0 0 0 0 0 0 0 0
-169.7 -765.2 2442.5 0 0 0 0 0 0 0 0 0
70.0 -769.9 2456.5 0 0 0 0 0 0 0 0 0
-39.6 519.9 2402.2 8 0.9999468327 0.0074152499 0.0071690879 -0.0073570679 0.9999400377 -0.0081083169 -0.0072287833 0.0080551421 0.9999414086
-41.1 319.6 2400.6 0.9999468327 0.0074152499 0.0071690879 -0.0073570679 0.9999400377 -0.0081083169 -0.0072287833 0.0080551421 0.9999414086
-42.7 120.8 2398.5 0.9999436140 0.0078562014 0.0071481573 -0.0077783880 0.9999108911 -0.0108492607 -0.0072327545 0.0107930470 0.9999155998
-181.8 320.7 2401.6 0.1836235821 -0.9786107540 -0.0927546248 0.9824495912 0.1795549989 0.0505253710 -0.0327901132 -0.1004043892 0.9944062233
-234.1 40.8 2411.0 0.1083725542 -0.9803795218 -0.1646552086 0.9053207040 0.1657525599 -0.3910504878 0.4106699228 -0.1066866294 0.9055209756
99.6 318.5 2399.6 0.1877893806 0.5597857833 0.8070780635 -0.9809436798 0.1485884041 0.1251838505 -0.0498463064 -0.8152063489 0.5770216584
149.8 56.2 2386.3 -0.0058266288 0.5613445044 0.8275617361 -0.9657117128 0.2116434276 -0.1503594518 -0.2595514655 -0.8000621200 0.5408638120
-138.5 -78.1 2394.5 0.9985173345 0.0540086068 0.0067945733 -0.0540987924 0.9984391928 0.0138751650 -0.0060345898 -0.0142221712 0.9998806715
