-79.7 520.4 2414.3 8 0.9976781607 -0.0291864406 -0.0615336820 0.0274053812 0.9991862774 -0.0295925867 0.0623473115 0.0278375242 0.9976662397
-73.9 320.8 2408.7 0.9976781607 -0.0291864406 -0.0615336820 0.0274053812 0.9991862774 -0.0295925867 0.0623473115 0.0278375242 0.9976662397
-68.2 122.1 2404.0 0.9976933002 -0.0284262430 -0.0616442449 0.0268807542 0.9993067384 -0.0257572718 0.0623336919 0.0240408126 0.9977657795
-214.3 317.0 2400.0 0.1707676798 -0.9297842383 -0.3260976672 0.9853107333 0.1607804745 0.0575535409 -0.0010822390 -0.3311358094 0.9435824752
-265.3 22.4 2400.3 0.0090901088 -0.9297407866 -0.3681024909 0.8962078691 0.1708569825 -0.4094133675 0.4435411692 -0.3261747658 0.8347941637
66.5 324.5 2417.5 0.1838451624 0.6057184339 0.7741486430 -0.9754762650 0.2093962431 0.0678182766 -0.1210250407 -0.7676317096 0.6293604374
116.8 57.8 2384.4 0.0113507025 0.6056311131 0.7956645489 -0.9633751512 0.2198228240 -0.1535779834 -0.2679168284 -0.7647802830 0.5859451294
-153.2 -79.7 2392.5 0.9950322509 0.0702960193 -0.0704934150 -0.0688765422 0.9973742962 0.0223718453 0.0718809739 -0.0174053647 0.9972613454
-181.1 -476.3 2399.4 0.9978355765 -0.0257946867 -0.0604882017 0.0349291563 0.9872665405 0.1551926136 0.0557148345 -0.1569695175 0.9860306382
29.8 -74.4 2404.6 0.9980770946 -0.0219674651 -0.0579610653 0.0216244683 0.9997447729 -0.0065383930 0.0580899045 0.0052724429 0.9982974529
38.5 -471.9 2402.5 0.9979992509 0.0171762425 -0.0608477704 -0.0070310263 0.9865725636 0.1631719768 0.0628334209 -0.1624176800 0.9847194552
-267.9 -234.3 2273.3 0 0 0 0 0 0 0 0 0
119.9 -207.8 2310.6 0 0 0 0 0 0 0 0 0
-173.5 -767.5 2445.7 0 0 0 0 0 0 0 0 0
33.3 -771.8 2451.9 0 0 0 0 0 0 0 0 0
-78.6 519.5 2414.0 9 0.9981133342 -0.0297748502 -0.0536959432 0.0282928161 0.9992031455 -0.0281527154 0.0544914007 0.0265803915 0.9981604218
-72.7 319.8 2408.7 0.9981133342 -0.0297748502 -0.0536959432 0.0282928161 0.9992031455 -0.0281527154 0.0544914007 0.0265803915 0.9981604218
-67.1 121.1 2404.1 0.9981616139 -0.0279151741 -0.0537971519 0.0266198162 0.9993417263 -0.0246466361 0.0544497557 0.0231692549 0.9982476830
-213.1 316.0 2401.1 0.1730209440 -0.9315133691 -0.3199166358 0.9849054217 0.1652872860 0.0513944998 0.0050034872 -0.3239799440 0.9460507035
-264.9 21.3 2399.6 0.0090818470 -0.9314732552 -0.3636964560 0.8928565383 0.1713214368 -0.4164806902 0.4502496123 -0.3209463358 0.8332278728
67.8 323.5 2416.4 0.1793688387 0.6003908515 0.7793315649 -0.9765151739 0.2047652602 0.0670025423 -0.1193523183 -0.7730472088 0.6230192780
116.5 58.6 2384.0 0.0170604400 0.6001886129 0.7996765375 -0.9563342333 0.2431902587 -0.1621212214 -0.2917768657 -0.7619922161 0.5781298280
-154.1 -79.1 2393.5 0.9955852032 0.0694161057 -0.0631780252 -0.0685527250 0.9975234270 0.0157350376 0.0641138256 -0.0113345450 0.9978781939
-181.7 -475.7 2398.0 0.9981861711 -0.0294106845 -0.0525296740 0.0374423824 0.9865460396 0.1591381282 0.0471425802 -0.1608163118 0.9858578444
29.0 -74.1 2404.9 0.9985378385 -0.0206654593 -0.0499514751 0.0200580731 0.9997190237 -0.0126304124 0.0501984544 0.0116100134 0.9986717701
37.2 -471.6 2400.3 0.9985245466 0.0122545725 -0.0529018231 -0.0029991409 0.9851619005 0.1716013104 0.0542197637 -0.1711894572 0.9837450981
-267.5 -233.8 2270.9 0 0 0 0 0 0 0 0 0
121.2 -204.9 2303.6 0 0 0 0 0 0 0 0 0
-173.1 -765.6 2445.2 0 0 0 0 0 0 0 0 0
33.5 -771.0 2452.3 0 0 0 0 0 0 0 0 0
-79.4 517.8 2413.9 0 0.9981561899 -0.0359452255 -0.0489093363 0.0346389115 0.9990269542 -0.0272996034 0.0498430394 0.0255551022 0.9984300733
-72.2 318.2 2408.8 0.9981561899 -0.0359452255 -0.0489093363 0.0346389115 0.9990269542 -0.0272996034 0.0498430394 0.0255551022 0.9984300733
-65.3 119.6 2404.1 0.9981837869 -0.0350651219 -0.0489848144 0.0338621624 0.9991093874 -0.0251758043 0.0498239808 0.0234713480 0.9984821677
-212.7 313.4 2401.8 0.1806380898 -0.9319667816 -0.3143371046 0.9835496545 0.1711552590 0.0577580743 -0.0000281581 -0.3195994496 0.9475527406
-266.4 21.1 2401.8 0.0038560010 -0.9319946766 -0.3624513745 0.8920348883 0.1670181900 -0.4199745953 0.4519500732 -0.3216998577 0.8320158124
68.2 323.0 2415.8 0.1761089116 0.5958477259 0.7835503221 -0.9764931798 0.2062475681 0.0626341403 -0.1242849305 -0.7761619687 0.6181632876
116.1 57.3 2382.0 0.0050514974 0.5960515738 0.8029302359 -0.9550982714 0.2407469451 -0.1727085412 -0.2962462008 -0.7660048604 0.5705039501
-153.1 -80.0 2394.5 0.9956255555 0.0722297058 -0.0592672788 -0.0719930008 0.9973863363 0.0061223297 0.0595545880 -0.0018287188 0.9982233644
-181.9 -476.6 2395.2 0.9984266162 -0.0313260369 -0.0465074703 0.0388531312 0.9845106006 0.1709656864 0.0404314213 -0.1725036502 0.9841787219
30.0 -75.2 2404.5 0.9989294410 -0.0095619131 -0.0452607460 0.0090636676 0.9998961687 -0.0112007922 0.0453631505 0.0107785724 0.9989123940
33.8 -472.7 2400.2 0.9988841414 -0.0095816590 -0.0462451093 0.0173654854 0.9851213694 0.1709804833 0.0439187698 -0.1715927720 0.9841885567
-267.5 -233.9 2272.6 0 0 0 0 0 0 0 0 0
117.5 -205.9 2300.4 0 0 0 0 0 0 0 0 0
-172.7 -765.1 2445.8 0 0 0 0 0 0 0 0 0
36.7 -768.3 2451.7 0 0 0 0 0 0 0 0 0
-79.1 518.5 2413.3 1 0.9987760782 -0.0319939852 -0.0377194770 0.0312269665 0.9992969036 -0.0207517296 0.0383568853 0.0195484664 0.9990728498
-72.7 318.4 2409.4 0.9987760782 -0.0319939852 -0.0377194770 0.0312269665 0.9992969036 -0.0207517296 0.0383568853 0.0195484664 0.9990728498
-66.2 119.7 2405.4 0.9987624288 -0.0324467570 -0.0376930349 0.0316490084 0.9992662072 -0.0215718262 0.0383653119 0.0203521829 0.9990565181
-213.2 313.9 2404.0 0.1786853075 -0.9350185990 -0.3062870204 0.9838576913 0.1728926450 0.0461758673 0.0097794784 -0.3095937967 0.9508185983
-266.2 22.3 2401.1 0.0064001419 -0.9351844192 -0.3541033268 0.8981521726 0.1610596776 -0.4091240466 0.4396381974 -0.3154202402 0.8409686685
67.9 322.8 2414.8 0.1768689901 0.5878120661 0.7894265652 -0.9772589207 0.2002049834 0.0698784292 -0.1169717535 -0.7838335037 0.6098546386
116.2 56.1 2382.9 -0.0023018713 0.5889369249 0.8081757426 -0.9481258392 0.2556244433 -0.1889801174 -0.3178868592 -0.7666873336 0.5577979088
-149.9 -82.2 2394.9 0.9956888556 0.0795138106 -0.0477629788 -0.0790474936 0.9968036413 0.0115769152 0.0485308357 -0.0077514616 0.9987916350
-181.5 -478.5 2398.0 0.9989213943 -0.0307385772 -0.0348026082 0.0361260287 0.9853608012 0.1666102856 0.0291717630 -0.1676878482 0.9854084253
33.3 -75.9 2404.0 0.9994174838 -0.0036256632 -0.0339349210 0.0033913525 0.9999700189 -0.0069597187 0.0339591354 0.0068405792 0.9993998408
34.7 -473.5 2401.3 0.9994185567 -0.0022171019 -0.0340235531 0.0082028760 0.9842091799 0.1768190861 0.0330942683 -0.1769953817 0.9836551547
-268.0 -233.5 2275.9 0 0 0 0 0 0 0 0 0
115.5 -205.2 2295.3 0 0 0 0 0 0 0 0 0
-172.5 -765.5 2446.8 0 0 0 0 0 0 0 0 0
35.4 -771.4 2454.9 0 0 0 0 0 0 0 0 0
-78.6 517.7 2413.1 2 0.9989150167 -0.0296957772 -0.0358744450 0.0290213581 0.9993948340 -0.0191762019 0.0364221856 0.0181142706 0.9991723299
-72.6 317.9 2409.4 0.9989150167 -0.0296957772 -0.0358744450 0.0290213581 0.9993948340 -0.0191762019 0.0364221856 0.0181142706 0.9991723299
-66.8 119.2 2405.8 0.9989217520 -0.0294713974 -0.0358720645 0.0287939850 0.9993998408 -0.0192565974 0.0364180543 0.0182029344 0.9991708398
-213.2 313.8 2404.3 0.1799842566 -0.9350350499 -0.3054752350 0.9835802913 0.1752519757 0.0430876985 0.0132466322 -0.3082145452 0.9512246251
-266.1 24.7 2400.4 0.0089915739 -0.9353774786 -0.3535365760 0.9049948454 0.1579930633 -0.3949968517 0.4253274798 -0.3163971305 0.8479323983
67.9 321.9 2414.6 0.1772380024 0.5860850811 0.7906269431 -0.9770261049 0.2013869733 0.0697373822 -0.1183499247 -0.7848232985 0.6083138585
116.1 56.7 2382.4 -0.0056061908 0.5875615478 0.8091600537 -0.9454421997 0.2604711056 -0.1956882626 -0.3257417083 -0.7661111355 0.5540452003
-151.4 -81.8 2397.8 0.9965185523 0.0689587891 -0.0468553156 -0.0690059215 0.9976160526 0.0006128125 0.0467858724 0.0026226151 0.9989014864
-178.8 -478.4 2396.8 0.9991562366 -0.0219635088 -0.0347047001 0.0274624676 0.9855911136 0.1669012308 0.0305389073 -0.1677134931 0.9853626490
31.9 -76.0 2404.9 0.9994652271 -0.0065674703 -0.0320341364 0.0061001200 0.9998738766 -0.0146651119 0.0321264081 0.0144618573 0.9993791580
34.5 -473.6 2399.1 0.9994650483 0.0005551080 -0.0327003337 0.0054801386 0.9828768969 0.1841818988 0.0322426446 -0.1842625737 0.9823480844
-268.7 -233.4 2279.1 0 0 0 0 0 0 0 0 0
114.5 -203.9 2292.6 0 0 0 0 0 0 0 0 0
-172.4 -763.7 2445.3 0 0 0 0 0 0 0 0 0
34.3 -768.9 2454.5 0 0 0 0 0 0 0 0 0
-79.0 517.0 2413.4 3 0.9989128709 -0.0320083126 -0.0338904820 0.0313413776 0.9993079901 -0.0200309269 0.0345081873 0.0189469773 0.9992247820
-72.6 317.3 2409.6 0.9989128709 -0.0320083126 -0.0338904820 0.0313413776 0.9993079901 -0.0200309269 0.0345081873 0.0189469773 0.9992247820
-66.4 118.7 2406.1 0.9989390373 -0.0311463121 -0.0339216739 0.0305125359 0.9993529320 -0.0190437473 0.0344928689 0.0179885067 0.9992430210
-213.2 313.0 2404.8 0.1770165116 -0.9362714291 -0.3034154475 0.9841530323 0.1716393232 0.0445275605 0.0103881359 -0.3064893484 0.9518173933
-264.9 25.4 2401.7 0.0148619525 -0.9365078807 -0.3503313959 0.9056372643 0.1611084342 -0.3922565281 0.4237926900 -0.3114434779 0.8505308628
68.0 321.6 2414.5 0.1746829748 0.5842760205 0.7925322652 -0.9771388769 0.2019335479 0.0665015280 -0.1211836040 -0.7860307693 0.6061931849
115.7 54.9 2381.4 -0.0049309391 0.5854856372 0.8106677532 -0.9477784634 0.2557848692 -0.1904994994 -0.3188912570 -0.7692728043 0.5536494255
-152.6 -82.1 2398.9 0.9962508678 0.0739345923 -0.0449202321 -0.0739609301 0.9972605705 0.0010776449 0.0448768511 0.0022487375 0.9989899993
-182.0 -478.6 2398.0 0.9989226460 -0.0333311819 -0.0322884992 0.0381747670 0.9858264923 0.1633671224 0.0263856370 -0.1644237339 0.9860368371
30.7 -76.9 2405.5 0.9994255304 -0.0155425500 -0.0301162563 0.0151766269 0.9998086691 -0.0123410989 0.0303023066 0.0118769463 0.9994702339
36.9 -474.4 2400.8 0.9994629025 0.0040633325 -0.0325181298 0.0017766928 0.9841052294 0.1775774062 0.0327228159 -0.1775398105 0.9835694432
-269.1 -232.7 2281.0 0 0 0 0 0 0 0 0 0
114.3 -206.4 2293.5 0 0 0 0 0 0 0 0 0
-172.3 -763.7 2445.5 0 0 0 0 0 0 0 0 0
35.7 -768.8 2453.9 0 0 0 0 0 0 0 0 0
-77.8 518.6 2414.6 4 0.9983781576 -0.0307940207 -0.0478836074 0.0297996588 0.9993280172 -0.0213434193 0.0485086776 0.0198818874 0.9986248612
-71.6 319.1 2410.6 0.9983781576 -0.0307940207 -0.0478836074 0.0297996588 0.9993280172 -0.0213434193 0.0485086776 0.0198818874 0.9986248612
-65.8 120.4 2406.7 0.9984209538 -0.0293735452 -0.0478835478 0.0283777397 0.9993693233 -0.0213453416 0.0484803393 0.0199528094 0.9986248016
-212.1 315.1 2403.8 0.1884632707 -0.9298450947 -0.3160216808 0.9819592834 0.1834673136 0.0457787812 0.0154124703 -0.3189480305 0.9476468563
-267.2 28.0 2399.3 0.0098146591 -0.9306162596 -0.3658647537 0.9165388346 0.1546682417 -0.3688282967 0.3998252749 -0.3317093253 0.8544639945
68.9 323.1 2417.5 0.1710773110 0.5939125419 0.7861300111 -0.9758685827 0.2120324969 0.0521799289 -0.1356948018 -0.7760863900 0.6158545613
115.9 55.0 2380.2 -0.0069670901 0.5945993066 0.8039920330 -0.9495941997 0.2480528951 -0.1916784942 -0.3134044409 -0.7648015618 0.5628998280
-151.8 -82.8 2399.3 0.9953043461 0.0772410482 -0.0583357513 -0.0770615861 0.9970121384 0.0053231283 0.0585726164 -0.0008026872 0.9982828498
-182.6 -479.2 2399.6 0.9983319640 -0.0353954695 -0.0456115603 0.0422891490 0.9861562848 0.1603353322 0.0393049791 -0.1619967669 0.9860082269
31.5 -77.2 2405.6 0.9988949895 -0.0158459712 -0.0442457162 0.0157451760 0.9998725653 -0.0026256426 0.0442816839 0.0019260847 0.9990172386
37.8 -474.8 2404.9 0.9989238381 0.0030545536 -0.0462797359 0.0046510762 0.9862017632 0.1654822975 0.0461466350 -0.1655194610 0.9851262569
-270.0 -232.7 2285.6 0 0 0 0 0 0 0 0 0
114.0 -206.7 2293.8 0 0 0 0 0 0 0 0 0
-172.3 -765.7 2446.7 0 0 0 0 0 0 0 0 0
36.9 -768.7 2454.2 0 0 0 0 0 0 0 0 0
-76.9 517.0 2414.2 5 0.9981201887 -0.0299045332 -0.0534956753 0.0287404675 0.9993359447 -0.0223986749 0.0541299731 0.0208190791 0.9983168244
-71.0 317.6 2410.0 0.9981201887 -0.0299045332 -0.0534956753 0.0287404675 0.9993359447 -0.0223986749 0.0541299731 0.0208190791 0.9983168244
-65.4 118.9 2406.4 0.9981744289 -0.0279018786 -0.0535655990 0.0268649831 0.9994393587 -0.0199810341 0.0540930741 0.0185055193 0.9983643889
-211.5 313.8 2402.4 0.1843512207 -0.9294005632 -0.3197330236 0.9828506112 0.1757749319 0.0557477586 0.0043890490 -0.3245269656 0.9458662868
-265.2 27.4 2401.1 0.0188461058 -0.9297930002 -0.3676000535 0.9178554416 0.1618824154 -0.3624024093 0.3964672089 -0.3305738270 0.8564664125
69.5 321.4 2417.6 0.1719449461 0.5981423855 0.7827264071 -0.9757140875 0.2128664255 0.0516715273 -0.1357092410 -0.7726017833 0.6202172637
116.0 57.7 2381.0 -0.0113112126 0.5987641215 0.8008455634 -0.9506450295 0.2419141084 -0.1942976862 -0.3100743294 -0.7635175586 0.5664758086
-151.5 -80.8 2398.2 0.9948800206 0.0787614137 -0.0633274764 -0.0779700652 0.9968447089 0.0148756411 0.0642992854 -0.0098618306 0.9978819489
-182.9 -477.2 2402.2 0.9979925752 -0.0360785834 -0.0520496219 0.0435332879 0.9877184629 0.1500570774 0.0459965244 -0.1520217359 0.9873062968
31.7 -75.6 2407.1 0.9986345172 -0.0159562565 -0.0497444198 0.0153981019 0.9998143315 -0.0115835611 0.0499200150 0.0108017744 0.9986947775
38.0 -473.2 2402.8 0.9986569285 0.0011264966 -0.0517985448 0.0075899274 0.9857969880 0.1677697748 0.0512518436 -0.1679375917 0.9844644070
-270.5 -233.1 2288.6 0 0 0 0 0 0 0 0 0
112.9 -204.4 2295.5 0 0 0 0 0 0 0 0 0
-172.3 -765.0 2446.5 0 0 0 0 0 0 0 0 0
37.7 -769.5 2453.3 0 0 0 0 0 0 0 0 0
-75.8 517.1 2406.0 6 0.9988481402 -0.0267991908 -0.0398020484 0.0269859917 0.9996271133 0.0041633341 0.0396756344 -0.0052326364 0.9991989136
-70.4 316.9 2407.0 0.9988481402 -0.0267991908 -0.0398020484 0.0269859917 0.9996271133 0.0041633341 0.0396756344 -0.0052326364 0.9991989136
-65.6 118.2 2407.5 0.9989243746 -0.0239116903 -0.0397284739 0.0239807498 0.9997116327 0.0012625768 0.0396868289 -0.0022139372 0.9992097020
-211.0 313.6 2401.4 0.1876356453 -0.9327281117 -0.3079141974 0.9821866751 0.1749425083 0.0685887262 -0.0101073552 -0.3152989149 0.9489386082
-265.8 26.8 2404.4 0.0176759642 -0.9331312180 -0.3591012061 0.9144684672 0.1603074968 -0.3715493679 0.4042709172 -0.3218192458 0.8561526537
70.2 320.3 2412.6 0.1658830941 0.5888222456 0.7910569906 -0.9797006249 0.1899605095 0.0640444309 -0.1125588045 -0.7856229544 0.6083807349
115.3 54.1 2382.0 -0.0126166930 0.5902207494 0.8071432710 -0.9524943233 0.2385547161 -0.1893310398 -0.3042949438 -0.7711880803 0.5591721535
-151.5 -82.2 2397.7 0.9956089258 0.0781342164 -0.0515547097 -0.0777741596 0.9969307780 0.0089566261 0.0520962961 -0.0049076728 0.9986299872
-182.5 -478.6 2399.7 0.9986002445 -0.0352327004 -0.0394490920 0.0409862697 0.9868901968 0.1561022252 0.0334320180 -0.1575005949 0.9869528413
31.7 -77.3 2407.6 0.9992565513 -0.0147840045 -0.0356057920 0.0144309076 0.9998443127 -0.0101535171 0.0357503593 0.0096321451 0.9993143082
37.6 -474.9 2403.8 0.9992914200 -0.0001316236 -0.0376375541 0.0063169608 0.9863954782 0.1642681658 0.0371038914 -0.1643895209 0.9856973886
-270.8 -233.4 2289.4 0 0 0 0 0 0 0 0 0
111.8 -208.5 2298.1 0 0 0 0 0 0 0 0 0
-172.3 -766.4 2445.6 0 0 0 0 0 0 0 0 0
37.6 -769.6 2452.9 0 0 0 0 0 0 0 0 0
-74.7 518.5 2409.4 7 0.9980853200 -0.0193566494 -0.0587450005 0.0188819971 0.9997845292 -0.0086243087 0.0588992797 0.0074985730 0.9982357621
-70.8 318.6 2407.9 0.9980853200 -0.0193566494 -0.0587450005 0.0188819971 0.9997845292 -0.0086243087 0.0588992797 0.0074985730 0.9982357621
-66.7 119.8 2406.4 0.9980672598 -0.0202655680 -0.0587458163 0.0197948795 0.9997672439 -0.0085832309 0.0589060858 0.0074037756 0.9982360601
-211.2 315.8 2399.6 0.1819149256 -0.9295175076 -0.3207867146 0.9829220176 0.1626801640 0.0860201642 -0.0277716145 -0.3309566677 0.9432371855
-264.9 26.0 2407.8 0.0211713500 -0.9293702245 -0.3685414493 0.9101201296 0.1704876125 -0.3776444495 0.4138032496 -0.3274217546 0.8494479656
69.6 321.3 2416.2 0.1616414636 0.6045371294 0.7800044417 -0.9795110226 0.1944966763 0.0522421822 -0.1201259345 -0.7724674344 0.6235894561
114.4 50.3 2382.9 -0.0106521454 0.6052677035 0.7959507108 -0.9558157325 0.2276925147 -0.1859366596 -0.2937734723 -0.7627628446 0.5760989785
-152.5 -82.7 2404.3 0.9945735335 0.0751816332 -0.0719107389 -0.0766838789 0.9968864322 -0.0183589719 0.0703065842 0.0237737428 0.9972420931
-182.4 -478.9 2394.8 0.9978274703 -0.0344406366 -0.0561615899 0.0437048338 0.9839305878 0.1731199175 0.0492967442 -0.1751983464 0.9832981825
30.8 -78.3 2411.6 0.9983361959 -0.0181840640 -0.0547185801 0.0173034165 0.9997137189 -0.0165251251 0.0550034121 0.0155508127 0.9983650446
38.0 -475.8 2405.4 0.9983336329 0.0080771074 -0.0571376048 0.0016772405 0.9856757522 0.1686429679 0.0576812997 -0.1684577763 0.9840197563
-270.9 -233.6 2289.7 0 0 0 0 0 0 0 0 0
111.4 -213.2 2301.9 0 0 0 0 0 0 0 0 0
-172.3 -765.4 2445.8 0 0 0 0 0 0 0 0 0
35.6 -771.0 2455.8 0 0 0 0 0 0 0 0 0
-75.3 519.3 2411.1 8 0.9982102513 -0.0180710088 -0.0570062771 0.0173477512 0.9997629523 -0.0131568136 0.0572305210 0.0121443355 0.9982871413
-71.7 319.5 2408.7 0.9982102513 -0.0180710088 -0.0570062771 0.0173477512 0.9997629523 -0.0131568136 0.0572305210 0.0121443355 0.9982871413
-68.1 120.8 2406.4 0.9982092381 -0.0180917419 -0.0570175275 0.0174040459 0.9997699857 -0.0125347627 0.0572311841 0.0115199806 0.9982944727
-212.2 317.1 2400.6 0.1800165027 -0.9302587509 -0.3197071552 0.9834376574 0.1632384509 0.0787627399 -0.0210812315 -0.3285906613 0.9442371130
-265.3 26.8 2406.8 0.0193691421 -0.9301539063 -0.3666585684 0.9090530872 0.1690554321 -0.3808447719 0.4162299037 -0.3259354830 0.8488337398
68.8 322.0 2416.7 0.1698423773 0.6040145755 0.7786654830 -0.9789876938 0.1939028054 0.0631252900 -0.1128568277 -0.7730252743 0.6242557168
115.4 53.2 2385.7 -0.0089451317 0.6046129465 0.7964692116 -0.9573935270 0.2247391939 -0.1813556999 -0.2886478305 -0.7641566992 0.5768421888
-154.2 -80.7 2399.5 0.9952468276 0.0688383505 -0.0688843951 -0.0692952648 0.9975870848 -0.0042628497 0.0684247315 0.0090159494 0.9976155162
-181.6 -477.2 2395.9 0.9979377389 -0.0312154405 -0.0560884699 0.0401762761 0.9852208495 0.1665104777 0.0500618331 -0.1684205085 0.9844431877
28.9 -77.1 2410.3 0.9984255433 -0.0177932754 -0.0531960428 0.0173216499 0.9998065829 -0.0093137929 0.0533514768 0.0083776852 0.9985406399
35.9 -474.6 2407.0 0.9984515905 0.0050385981 -0.0553985462 0.0036317704 0.9878601432 0.1553032994 0.0555085279 -0.1552640200 0.9863122702
-270.9 -233.7 2287.6 0 0 0 0 0 0 0 0 0
112.9 -210.8 2306.1 0 0 0 0 0 0 0 0 0
-172.5 -763.6 2444.9 0 0 0 0 0 0 0 0 0
34.4 -771.7 2453.7 0 0 0 0 0 0 0 0 0
-73.9 519.7 2412.9 9 0.9978713989 -0.0109440619 -0.0642874464 0.0098019047 0.9997889400 -0.0180550367 0.0644714758 0.0173864644 0.9977681041
-71.7 320.1 2409.5 0.9978713989 -0.0109440619 -0.0642874464 0.0098019047 0.9997889400 -0.0180550367 0.0644714758 0.0173864644 0.9977681041
-69.4 121.3 2406.2 0.9978623986 -0.0116678756 -0.0642996356 0.0105965743 0.9997997284 -0.0169770084 0.0644848421 0.0162593629 0.9977862239
-212.1 318.6 2400.4 0.1781877875 -0.9288838506 -0.3246905506 0.9836639762 0.1595734060 0.0833154991 -0.0255784430 -0.3342322111 0.9421436191
-265.3 25.0 2408.0 0.0194387268 -0.9286940098 -0.3703370988 0.9051869512 0.1736402512 -0.3879248500 0.4245689213 -0.3276835382 0.8440170288
68.7 321.6 2418.5 0.1733591855 0.6103897095 0.7728977799 -0.9784390330 0.1962018162 0.0645128414 -0.1122659743 -0.7674172521 0.6312425137
116.0 54.7 2387.9 -0.0085803177 0.6108639836 0.7916890383 -0.9576326013 0.2228964567 -0.1823647916 -0.2878647745 -0.7597120404 0.5830707550
-156.1 -79.5 2398.8 0.9951080084 0.0634469613 -0.0757266581 -0.0638681725 0.9979533553 -0.0031510612 0.0753717497 0.0079721697 0.9971236587
-181.3 -476.3 2395.7 0.9974818230 -0.0308483765 -0.0638622940 0.0411123857 0.9852287769 0.1662350148 0.0577908903 -0.1684419364 0.9840160012
27.1 -76.4 2409.3 0.9978936315 -0.0238227770 -0.0603387095 0.0226145033 0.9995313883 -0.0206292942 0.0608018823 0.0192213114 0.9979647398
36.6 -473.8 2401.7 0.9979514480 0.0041430681 -0.0638416782 0.0071741077 0.9843596816 0.1760241836 0.0635724589 -0.1761216074 0.9823134542
-270.9 -234.1 2286.5 0 0 0 0 0 0 0 0 0
113.6 -209.3 2308.5 0 0 0 0 0 0 0 0 0
-172.3 -762.7 2444.6 0 0 0 0 0 0 0 0 0
35.3 -772.9 2455.2 0 0 0 0 0 0 0 0 0
-75.1 517.7 2413.9 0 0.9983070493 -0.0155884270 -0.0560364611 0.0144217173 0.9996719956 -0.0211650040 0.0563480109 0.0203210302 0.9982043505
-71.9 318.1 2409.8 0.9983070493 -0.0155884270 -0.0560364611 0.0144217173 0.9996719956 -0.0211650040 0.0563480109 0.0203210302 0.9982043505
-69.1 119.4 2406.1 0.9983264804 -0.0141961128 -0.0560603254 0.0131174158 0.9997226000 -0.0195630584 0.0563224927 0.0187949520 0.9982357025
-212.4 316.3 2401.9 0.1763524264 -0.9320023060 -0.3166568577 0.9839472771 0.1579777449 0.0830106139 -0.0273413453 -0.3262127936 0.9449008703
-264.8 24.1 2410.0 0.0214014538 -0.9317650795 -0.3624303937 0.9013293386 0.1748429537 -0.3962769508 0.4326054156 -0.3181882501 0.8435690999
68.6 320.0 2417.7 0.1759664565 0.6050218940 0.7765206695 -0.9788096547 0.1914575249 0.0726338401 -0.1047256589 -0.7728470564 0.6258913279
116.3 54.7 2389.3 -0.0069677983 0.6054335237 0.7958653569 -0.9604195356 0.2175839692 -0.1739297062 -0.2784704268 -0.7655765414 0.5799540877
-158.6 -78.4 2397.1 0.9963129759 0.0532122813 -0.0672971010 -0.0534478724 0.9985691905 -0.0017038566 0.0671101436 0.0052944613 0.9977315068
-179.8 -475.4 2395.0 0.9981024265 -0.0232932772 -0.0569993630 0.0328133628 0.9845046997 0.1722608209 0.0521036200 -0.1738042831 0.9834008813
24.5 -76.5 2408.9 0.9982182384 -0.0287608430 -0.0522791706 0.0279444233 0.9994769096 -0.0162811391 0.0527200811 0.0147912204 0.9984998107
35.9 -473.8 2403.0 0.9983845949 0.0014422053 -0.0567993000 0.0084960554 0.9846488237 0.1743401140 0.0561788008 -0.1745410562 0.9830459356
-270.9 -234.4 2285.9 0 0 0 0 0 0 0 0 0
114.3 -210.1 2312.6 0 0 0 0 0 0 0 0 0
-173.0 -763.2 2445.8 0 0 0 0 0 0 0 0 0
35.5 -771.1 2455.7 0 0 0 0 0 0 0 0 0
-74.5 518.9 2414.3 1 0.9980173111 -0.0120992586 -0.0617663562 0.0109667247 0.9997660518 -0.0186419804 0.0619774647 0.0179276448 0.9979165196
-72.1 319.2 2410.7 0.9980173111 -0.0120992586 -0.0617663562 0.0109667247 0.9997660518 -0.0186419804 0.0619774647 0.0179276448 0.9979165196
-69.7 120.5 2407.3 0.9980153441 -0.0122179594 -0.0617745146 0.0111271460 0.9997766018 -0.0179712810 0.0619802848 0.0172482394 0.9979283214
-212.6 317.7 2402.0 0.1770734191 -0.9303762317 -0.3210063577 0.9836333990 0.1562513113 0.0897266641 -0.0333218910 -0.3316407800 0.9428170919
-265.4 24.4 2412.0 0.0207889229 -0.9301511645 -0.3665878773 0.9055078030 0.1729516834 -0.3874832690 0.4238200188 -0.3238928318 0.8458546400
68.3 320.8 2419.5 0.1754016280 0.6087919474 0.7736967206 -0.9784572721 0.1947163045 0.0686073378 -0.1088837832 -0.7690630555 0.6298304200
116.4 53.0 2389.7 -0.0066804849 0.6090994477 0.7930657268 -0.9605747461 0.2165269107 -0.1743910164 -0.2779415548 -0.7629638910 0.5836390853
-157.9 -80.6 2397.1 0.9957965612 0.0554444231 -0.0729052573 -0.0555123426 0.9984573722 0.0010958912 0.0728535503 0.0029558570 0.9973382950
-179.9 -477.5 2396.0 0.9977682829 -0.0237416979 -0.0624084398 0.0341239534 0.9846859574 0.1709653437 0.0573937036 -0.1727134287 0.9832985401
25.3 -78.2 2407.5 0.9979779124 -0.0263883471 -0.0578251407 0.0252209920 0.9994649291 -0.0208254661 0.0583437532 0.0193249471 0.9981094599
35.8 -475.5 2399.8 0.9980661869 0.0044250623 -0.0620027259 0.0070873001 0.9828574657 0.1842306107 0.0617550761 -0.1843137741 0.9809254408
-271.3 -234.9 2290.6 0 0 0 0 0 0 0 0 0
114.5 -211.8 2313.0 0 0 0 0 0 0 0 0 0
-173.0 -766.2 2446.6 0 0 0 0 0 0 0 0 0
34.5 -771.7 2455.3 0 0 0 0 0 0 0 0 0
-73.5 518.1 2414.5 2 0.9988550544 -0.0102731502 -0.0467232093 0.0093390718 0.9997529984 -0.0201663040 0.0469188392 0.0197068620 0.9987043142
-71.4 318.4 2410.6 0.9988550544 -0.0102731502 -0.0467232093 0.0093390718 0.9997529984 -0.0201663040 0.0469188392 0.0197068620 0.9987043142
-69.2 119.6 2407.2 0.9988405704 -0.0114859110 -0.0467504114 0.0106699225 0.9997869730 -0.0176664311 0.0469433703 0.0171471257 0.9987503886
-212.0 316.9 2404.0 0.1781586409 -0.9347242713 -0.3074898422 0.9835011363 0.1591838449 0.0859417692 -0.0313844420 -0.3177278936 0.9476624131
-264.9 25.1 2413.3 0.0229290593 -0.9345657825 -0.3550507724 0.9097445011 0.1667632610 -0.3802038133 0.4145348966 -0.3142877817 0.8540398479
69.1 319.9 2417.2 0.1743366271 0.5985267162 0.7819031477 -0.9794819355 0.1869387031 0.0752929226 -0.1011031419 -0.7789863348 0.6188363433
116.4 54.1 2389.8 -0.0059319208 0.5987346172 0.8009254932 -0.9656661749 0.2045925409 -0.1600959003 -0.2597183287 -0.7743763924 0.5769641399
-158.8 -79.3 2398.2 0.9967089295 0.0563197657 -0.0583041050 -0.0567727312 0.9983682632 -0.0061406237 0.0578631274 0.0094304979 0.9982799888
-181.2 -476.2 2394.4 0.9985454082 -0.0259467065 -0.0472636260 0.0337631404 0.9843554497 0.1729288995 0.0420372747 -0.1742731333 0.9837996364
24.3 -77.3 2409.6 0.9986395240 -0.0298882816 -0.0427299701 0.0289223567 0.9993159175 -0.0230477322 0.0433895960 0.0217805244 0.9988207817
36.2 -474.6 2400.9 0.9988167882 0.0086572580 -0.0478542112 -0.0000132662 0.9840754271 0.1777512282 0.0486309938 -0.1775402725 0.9829112291
-271.4 -235.0 2294.8 0 0 0 0 0 0 0 0 0
114.8 -212.1 2318.2 0 0 0 0 0 0 0 0 0
-173.6 -764.5 2445.5 0 0 0 0 0 0 0 0 0
33.6 -771.2 2454.4 0 0 0 0 0 0 0 0 0
-74.8 519.5 2414.7 3 0.9995105863 -0.0085682999 -0.0300855506 0.0080688046 0.9998282194 -0.0166848321 0.0302233435 0.0164339133 0.9994080663
-73.1 319.7 2411.4 0.9995105863 -0.0085682999 -0.0300855506 0.0080688046 0.9998282194 -0.0166848321 0.0302233435 0.0164339133 0.9994080663
-71.5 120.9 2408.5 0.9995155931 -0.0078992890 -0.0301022045 0.0074604624 0.9998646975 -0.0146624446 0.0302139539 0.0144307660 0.9994392991
-213.7 318.6 2407.1 0.1714238375 -0.9401378036 -0.2945416272 0.9849718809 0.1571495980 0.0716550052 -0.0210784804 -0.3023985922 0.9529484510
-264.9 24.4 2413.4 0.0222167838 -0.9400514364 -0.3403083384 0.9085366130 0.1610356569 -0.3855240345 0.4172141850 -0.3006174564 0.8576487899
67.6 320.7 2415.6 0.1787991524 0.5867312551 0.7897957563 -0.9798551798 0.1787725389 0.0890177488 -0.0889642909 -0.7898017764 0.6068760753
116.5 52.5 2391.3 -0.0053266860 0.5869410634 0.8096121550 -0.9688680172 0.1973720938 -0.1494624764 -0.2475205064 -0.7852034569 0.5676170588
-158.5 -80.1 2399.5 0.9974790215 0.0572889298 -0.0418753438 -0.0576466881 0.9983097315 -0.0073854364 0.0413814597 0.0097807935 0.9990955591
-181.3 -477.1 2395.6 0.9991932511 -0.0251231100 -0.0313312300 0.0299736299 0.9857608676 0.1654601544 0.0267282296 -0.1662657857 0.9857186675
24.8 -78.2 2408.1 0.9993788004 -0.0238150898 -0.0259788577 0.0231700744 0.9994225502 -0.0248532332 0.0265557393 0.0242358614 0.9993535280
34.2 -475.6 2398.5 0.9995359778 -0.0025576435 -0.0303533748 0.0080720475 0.9830843210 0.1829754412 0.0293719415 -0.1831355542 0.9826487899
-271.3 -235.1 2294.3 0 0 0 0 0 0 0 0 0
115.1 -214.6 2323.0 0 0 0 0 0 0 0 0 0
-174.0 -763.7 2443.9 0 0 0 0 0 0 0 0 0
35.0 -772.5 2453.8 0 0 0 0 0 0 0 0 0
-75.9 517.6 2414.2 4 0.9992086291 -0.0129036950 -0.0376241468 0.0123733897 0.9998213053 -0.0142937815 0.0378018655 0.0138169322 0.9991897345
-73.3 318.0 2411.5 0.9992086291 -0.0129036950 -0.0376241468 0.0123733897 0.9998213053 -0.0142937815 0.0378018655 0.0138169322 0.9991897345
-70.9 119.2 2409.1 0.9992166162 -0.0121988254 -0.0376483425 0.0117406752 0.9998546243 -0.0123663880 0.0377937257 0.0119146826 0.9992145300
-213.9 316.3 2406.1 0.1715819985 -0.9380753040 -0.3009556234 0.9847767353 0.1546856612 0.0792913064 -0.0278276969 -0.3099790514 0.9503360391
-264.6 25.4 2414.4 0.0253380314 -0.9379010797 -0.3459762931 0.9137826562 0.1620828211 -0.3724653721 0.4054124951 -0.3067095876 0.8611445427
67.3 319.6 2416.8 0.1814710647 0.5921909809 0.7850974798 -0.9796858430 0.1781540662 0.0920693278 -0.0853456855 -0.7858568430 0.6124909520
116.7 53.2 2393.6 -0.0050811390 0.5923527479 0.8056626916 -0.9696581960 0.1940000653 -0.1487513781 -0.2444119006 -0.7819732428 0.5733939409
-161.6 -78.6 2402.9 0.9976111054 0.0475250334 -0.0501341745 -0.0485166423 0.9986463785 -0.0187504925 0.0491751917 0.0211380422 0.9985664487
-180.5 -475.6 2394.5 0.9989456534 -0.0221113656 -0.0402329415 0.0286720432 0.9849227667 0.1706021577 0.0358540937 -0.1715758443 0.9845182896
21.8 -77.2 2408.4 0.9988287091 -0.0352322236 -0.0331650563 0.0341545008 0.9988873601 -0.0325199217 0.0342739038 0.0313490927 0.9989206791
35.8 -474.3 2396.0 0.9991884828 0.0026687481 -0.0401907153 0.0050689904 0.9815385342 0.1911972761 0.0399589948 -0.1912458390 0.9807284474
-271.8 -235.4 2298.6 0 0 0 0 0 0 0 0 0
115.2 -214.1 2326.2 0 0 0 0 0 0 0 0 0
-174.0 -766.7 2445.2 0 0 0 0 0 0 0 0 0
35.0 -771.3 2453.8 0 0 0 0 0 0 0 0 0
-74.6 519.7 2416.0 5 0.9998043776 -0.0103601748 -0.0168493111 0.0100833848 0.9998141527 -0.0164302066 0.0170163997 0.0162570942 0.9997230172
-72.5 319.4 2412.7 0.9998043776 -0.0103601748 -0.0168493111 0.0100833848 0.9998141527 -0.0164302066 0.0170163997 0.0162570942 0.9997230172
-70.2 120.6 2409.8 0.9997928739 -0.0113939922 -0.0168631505 0.0111386692 0.9998230934 -0.0151581392 0.0170328785 0.0149671668 0.9997429252
-213.2 317.8 2410.3 0.1731568128 -0.9435883164 -0.2822370827 0.9846678376 0.1597121805 0.0701516494 -0.0211175773 -0.2900570035 0.9567763209
-264.7 24.8 2416.6 0.0255534891 -0.9436792135 -0.3298735321 0.9126832485 0.1566558629 -0.3774496615 0.4078680277 -0.2914248705 0.8652833104
68.2 321.0 2415.1 0.1770180762 0.5784716010 0.7962632775 -0.9813407660 0.1654456258 0.0979694203 -0.0750657544 -0.7987479568 0.5969646573
116.7 52.3 2394.6 0.0097540850 0.5785948634 0.8155567646 -0.9687024355 0.2077718377 -0.1358175278 -0.2480330467 -0.7887070775 0.5625128746
-160.1 -80.7 2403.3 0.9982961416 0.0505019575 -0.0292297658 -0.0510648116 0.9985176325 -0.0188408140 0.0282349363 0.0203013252 0.9993951321
-180.2 -477.7 2395.2 0.9995529056 -0.0229520574 -0.0191634614 0.0258813910 0.9850829244 0.1701226830 0.0149729326 -0.1705425978 0.9852365255
23.2 -78.5 2410.2 0.9995781779 -0.0261116475 -0.0127149587 0.0257906877 0.9993600845 -0.0247842260 0.0133539792 0.0244458430 0.9996119738
33.6 -475.8 2400.5 0.9998427629 -0.0008535255 -0.0177138243 0.0039763125 0.9841997623 0.1770169884 0.0172828529 -0.1770595759 0.9840483665
-272.0 -235.2 2300.4 0 0 0 0 0 0 0 0 0
119.4 -214.8 2326.2 0 0 0 0 0 0 0 0 0
-173.5 -765.3 2445.0 0 0 0 0 0 0 0 0 0
33.9 -771.0 2453.6 0 0 0 0 0 0 0 0 0
-73.7 519.9 2414.4 6 0.9999167323 -0.0093393084 -0.0089035928 0.0092979725 0.9999458790 -0.0046727238 0.0089467512 0.0045895497 0.9999494553
-71.9 319.5 2413.5 0.9999167323 -0.0093393084 -0.0089035928 0.0092979725 0.9999458790 -0.0046727238 0.0089467512 0.0045895497 0.9999494553
-70.2 120.7 2412.0 0.9999245405 -0.0084929876 -0.0088773360 0.0084254537 0.9999355078 -0.0076174159 0.0089414585 0.0075420453 0.9999315739
-212.6 318.3 2412.2 0.1817127764 -0.9440085292 -0.2753695548 0.9831019044 0.1680872738 0.0725074932 -0.0221615732 -0.2838918567 0.9586001635
-266.5 26.6 2418.8 0.0208090246 -0.9445816875 -0.3276162446 0.9142811894 0.1505717486 -0.3760559261 0.4045452774 -0.2917079926 0.8667465448
68.8 320.7 2414.7 0.1755083799 0.5716021061 0.8015409112 -0.9816898108 0.1628462970 0.0988240242 -0.0740399584 -0.8042089939 0.5897168517
116.7 52.9 2394.5 0.0160489641 0.5714513659 0.8204789758 -0.9706115127 0.2059649825 -0.1244659051 -0.2401161492 -0.7943688035 0.5579627752
-159.7 -79.2 2405.2 0.9982624054 0.0548255593 -0.0215948056 -0.0552075058 0.9983214140 -0.0175063629 0.0205987617 0.0186681394 0.9996135235
-181.5 -476.1 2397.8 0.9994823337 -0.0300835352 -0.0114031686 0.0315344445 0.9862914085 0.1619716585 0.0063741673 -0.1622474045 0.9867295027
23.8 -77.1 2408.4 0.9996843934 -0.0246697627 -0.0047406838 0.0245810300 0.9995368123 -0.0179430917 0.0051811398 0.0178208984 0.9998277426
33.6 -474.5 2401.3 0.9999278188 -0.0075397175 -0.0093551660 0.0090437671 0.9849032164 0.1728693992 0.0079105468 -0.1729415208 0.9849003553
-272.5 -235.3 2302.9 0 0 0 0 0 0 0 0 0
121.1 -214.7 2328.3 0 0 0 0 0 0 0 0 0
-172.7 -764.5 2445.3 0 0 0 0 0 0 0 0 0
35.8 -772.6 2453.6 0 0 0 0 0 0 0 0 0
-74.8 519.1 2414.6 7 0.9986904263 -0.0251769554 -0.0445365272 0.0250117481 0.9996780753 -0.0042629186 0.0446295179 0.0031433995 0.9989986420
-69.7 319.2 2414.0 0.9986904263 -0.0251769554 -0.0445365272 0.0250117481 0.9996780753 -0.0042629186 0.0446295179 0.0031433995 0.9989986420
-65.0 120.5 2413.1 0.9987246990 -0.0238428731 -0.0445032679 0.0236158781 0.9997053146 -0.0056195380 0.0446241386 0.0045613875 0.9989934564
-210.2 315.9 2407.7 0.1889001131 -0.9328683019 -0.3067139983 0.9814236760 0.1686803699 0.0914026499 -0.0335300043 -0.3182823658 0.9474028349
-265.8 26.8 2417.6 0.0229840912 -0.9330099821 -0.3591157198 0.9159431458 0.1636077315 -0.3664432466 0.4006493092 -0.3205072284 0.8583444953
70.7 322.6 2420.2 0.1670940071 0.5963102579 0.7851710916 -0.9815035462 0.1760765165 0.0751519352 -0.0934363231 -0.7832056880 0.6147019863
116.7 52.5 2394.5 0.0147173731 0.5961287618 0.8027539253 -0.9707755446 0.2008503675 -0.1313546002 -0.2395376712 -0.7773606777 0.5816631913
-160.2 -78.8 2409.7 0.9969003201 0.0538364314 -0.0573710166 -0.0552077368 0.9982193112 -0.0225906260 0.0560526550 0.0256879255 0.9980973005
-181.6 -475.7 2399.4 0.9985899329 -0.0249235630 -0.0468715169 0.0319393501 0.9873257279 0.1554598212 0.0424028449 -0.1567376554 0.9867296219
23.3 -77.3 2411.3 0.9988269806 -0.0277347565 -0.0396921001 0.0265089069 0.9991651773 -0.0310840718 0.0405210704 0.0299954154 0.9987283349
34.3 -474.5 2399.4 0.9989819527 -0.0057652658 -0.0447420366 0.0139684221 0.9825885296 0.1852691174 0.0428948849 -0.1857054681 0.9816687107
-272.4 -235.1 2303.0 0 0 0 0 0 0 0 0 0
120.7 -215.1 2328.5 0 0 0 0 0 0 0 0 0
-174.3 -764.6 2445.3 0 0 0 0 0 0 0 0 0
36.0 -770.7 2455.4 0 0 0 0 0 0 0 0 0
-75.1 519.3 2413.7 8 0.9993190169 -0.0256166682 -0.0265571550 0.0256168973 0.9996717572 -0.0003316379 0.0265569352 -0.0003488999 0.9996472597
-69.9 318.9 2413.8 0.9993190169 -0.0256166682 -0.0265571550 0.0256168973 0.9996717572 -0.0003316379 0.0265569352 -0.0003488999 0.9996472597
-65.4 120.2 2412.9 0.9993838668 -0.0230762567 -0.0264452826 0.0229537878 0.9997243881 -0.0049252859 0.0265516508 0.0043152319 0.9996381402
-210.5 315.7 2410.0 0.1856159419 -0.9384307861 -0.2913664281 0.9822197556 0.1687081903 0.0823523104 -0.0281260423 -0.3014717400 0.9530602098
-265.1 26.8 2418.3 0.0253118370 -0.9387639761 -0.3436298668 0.9170023203 0.1586828083 -0.3659597039 0.3980779648 -0.3058462739 0.8648653030
70.6 322.2 2417.5 0.1713536382 0.5838106275 0.7936013341 -0.9820571542 0.1656024307 0.0902198628 -0.0787509829 -0.7948213220 0.6017119884
117.2 55.6 2396.1 0.0126886470 0.5837678909 0.8118214607 -0.9699892402 0.2043415308 -0.1317779571 -0.2428165674 -0.7857859731 0.5688413978
-151.8 -80.4 2408.2 0.9962406754 0.0772096589 -0.0392828844 -0.0780770779 0.9967251420 -0.0210461151 0.0375292748 0.0240340885 0.9990064502
-182.5 -476.6 2398.6 0.9992740750 -0.0287216995 -0.0250289012 0.0322689563 0.9873366952 0.1553222090 0.0202508345 -0.1560171098 0.9875467420
31.3 -76.1 2416.3 0.9997513294 -0.0058642123 -0.0215137377 0.0050167055 0.9992172718 -0.0392383859 0.0217270013 0.0391207002 0.9989982247
33.6 -473.2 2400.8 0.9997315407 -0.0063728746 -0.0222760830 0.0102991909 0.9834536910 0.1808665693 0.0207548570 -0.1810474396 0.9832553267
-272.3 -235.0 2304.6 0 0 0 0 0 0 0 0 0
120.7 -211.9 2329.2 0 0 0 0 0 0 0 0 0
-174.1 -766.1 2444.4 0 0 0 0 0 0 0 0 0
35.5 -766.3 2454.7 0 0 0 0 0 0 0 0 0
-74.3 519.4 2414.2 9 0.9992790222 -0.0206482783 -0.0318598524 0.0206303447 0.9997867942 -0.0008915389 0.0318714678 0.0002336164 0.9994919300
-70.1 319.6 2414.2 0.9992790222 -0.0206482783 -0.0318598524 0.0206303447 0.9997867942 -0.0008915389 0.0318714678 0.0002336164 0.9994919300
-66.4 120.8 2413.6 0.9993189573 -0.0187111851 -0.0318051577 0.0186037607 0.9998201728 -0.0036701884 0.0318681113 0.0030759932 0.9994873405
-210.8 316.9 2409.7 0.1839631349 -0.9375348687 -0.2952726185 0.9823169708 0.1647213697 0.0889960006 -0.0347991474 -0.3064233065 0.9512590766
-265.2 26.1 2420.0 0.0250632670 -0.9375985265 -0.3468152285 0.9133625627 0.1625024825 -0.3733118474 0.4063749611 -0.3074116409 0.8604402542
70.5 322.2 2418.7 0.1706463546 0.5879230499 0.7907125354 -0.9820376635 0.1670495421 0.0877295658 -0.0805099234 -0.7914801836 0.6058689952
117.0 54.4 2396.7 0.0152418790 0.5878201127 0.8088480830 -0.9685132504 0.2097207606 -0.1341613233 -0.2484949529 -0.7813351750 0.5725081563
-152.4 -80.6 2409.7 0.9960351586 0.0771891400 -0.0442247875 -0.0778595880 0.9968709946 -0.0136410082 0.0430334732 0.0170302484 0.9989284873
-183.1 -476.9 2402.9 0.9989821911 -0.0321617201 -0.0316265635 0.0363482349 0.9891675711 0.1422191858 0.0267099589 -0.1432240009 0.9893298149
30.9 -76.4 2414.5 0.9996151328 -0.0062799454 -0.0270223431 0.0052601895 0.9992773533 -0.0376445018 0.0272392221 0.0374878682 0.9989257455
33.4 -473.7 2399.6 0.9995996952 -0.0055492590 -0.0277424566 0.0106829703 0.9820166230 0.1884919554 0.0261975639 -0.1887128651 0.9816828370
-272.4 -234.8 2303.9 0 0 0 0 0 0 0 0 0
121.2 -212.6 2328.2 0 0 0 0 0 0 0 0 0
-173.8 -764.5 2444.5 0 0 0 0 0 0 0 0 0
35.0 -767.8 2456.1 0 0 0 0 0 0 0 0 0
-75.2 520.6 2414.0 0 0.9992138147 -0.0161414817 -0.0362100229 0.0161263533 0.9998697042 -0.0007098487 0.0362167619 0.0001253550 0.9993439317
-72.0 320.8 2414.0 0.9992138147 -0.0161414817 -0.0362100229 0.0161263533 0.9998697042 -0.0007098487 0.0362167619 0.0001253550 0.9993439317
-68.7 122.1 2413.9 0.9992067814 -0.0165862571 -0.0362040289 0.0165581498 0.9998623133 -0.0010760818 0.0362168923 0.0004757564 0.9993438125
-212.6 318.5 2408.9 0.1793806404 -0.9370472431 -0.2996081412 0.9830940962 0.1593719274 0.0901478231 -0.0367236435 -0.3107137680 0.9497938156
-266.0 26.0 2419.8 0.0224032570 -0.9370085001 -0.3485874534 0.9132984281 0.1610143930 -0.3741126955 0.4066743851 -0.3099830151 0.8593756557
68.6 323.2 2419.1 0.1756884903 0.5900400877 0.7880268097 -0.9808208346 0.1735446900 0.0887287036 -0.0844043791 -0.7885017395 0.6092134118
116.8 54.0 2395.9 0.0058710966 0.5901113153 0.8073005676 -0.9695056081 0.2011535615 -0.1399861872 -0.2449988276 -0.7818605304 0.5732972026
-154.4 -79.7 2410.1 0.9960882068 0.0737096518 -0.0487354212 -0.0743871555 0.9971543550 -0.0122347046 0.0476949252 0.0158121344 0.9987367988
-183.7 -476.1 2403.8 0.9987199903 -0.0341789685 -0.0372853950 0.0389406383 0.9900074601 0.1355318278 0.0322804786 -0.1368102580 0.9900711775
29.0 -76.3 2415.9 0.9994301200 -0.0123437736 -0.0314170457 0.0109551968 0.9989717603 -0.0439929254 0.0319277793 0.0436236747 0.9985377192
33.9 -473.4 2398.6 0.9994248748 -0.0056971223 -0.0334283784 0.0119500626 0.9817181230 0.1899649948 0.0317349918 -0.1902552098 0.9812216163
-272.4 -235.0 2303.6 0 0 0 0 0 0 0 0 0
118.4 -213.2 2328.4 0 0 0 0 0 0 0 0 0
-173.6 -767.6 2444.1 0 0 0 0 0 0 0 0 0
35.6 -767.5 2455.5 0 0 0 0 0 0 0 0 0
-77.6 520.0 2414.4 1 0.9993486404 -0.0178133063 -0.0313846022 0.0178264305 0.9998410940 0.0001383753 0.0313771516 -0.0006977606 0.9995073676
-74.0 320.5 2414.5 0.9993486404 -0.0178133063 -0.0313846022 0.0178264305 0.9998410940 0.0001383753 0.0313771516 -0.0006977606 0.9995073676
-70.7 121.7 2414.7 0.9993672371 -0.0167297218 -0.0313889980 0.0167502984 0.9998596311 0.0003926989 0.0313780196 -0.0009182254 0.9995071888
-214.7 318.1 2410.1 0.1723388582 -0.9395641685 -0.2958352864 0.9843612909 0.1531418264 0.0870657638 -0.0364991128 -0.3062136173 0.9512628317
-265.7 26.5 2420.9 0.0227258578 -0.9394129515 -0.3420333564 0.9109635353 0.1604009420 -0.3800223172 0.4118603468 -0.3029435873 0.8594162464
66.6 322.8 2418.9 0.1852539182 0.5850074887 0.7895867229 -0.9790480137 0.1789937019 0.0970885456 -0.0845335200 -0.7910293937 0.6059097648
117.5 54.0 2395.7 0.0125273075 0.5848898888 0.8110159636 -0.9690423012 0.2071104646 -0.1343960315 -0.2465767711 -0.7842251658 0.5693776011
-157.1 -78.2 2410.5 0.9969308376 0.0645207837 -0.0443395749 -0.0653194487 0.9977229238 -0.0168046094 0.0431543626 0.0196492691 0.9988752007
