172.8 506.0 2385.6 1 0.9328636527 -0.2375195920 0.2708317637 0.2397107929 0.9705102444 0.0254686195 -0.2688942850 0.0411625430 0.9622897506
222.1 304.5 2377.1 0.9328636527 -0.2375195920 0.2708317637 0.2397107929 0.9705102444 0.0254686195 -0.2688942850 0.0411625430 0.9622897506
219.3 105.8 2382.9 0.9624958038 0.0140149817 0.2709342539 -0.0214681923 0.9994676709 0.0245650858 -0.2704457641 -0.0294602606 0.9622843266
86.6 307.5 2415.2 0.5265515447 -0.7666116357 0.3674916029 0.7458031178 0.2090491951 -0.6325157285 0.4080700874 0.6071285605 0.6818165183
-19.9 156.6 2332.6 -0.2445046157 -0.7666116357 -0.5937374234 -0.9693250060 0.2090491951 0.1292572916 0.0250301845 0.6071285605 -0.7942093015
357.5 301.5 2339.0 0.0478509702 0.4625528455 0.8852994442 -0.9879215360 0.1526927799 -0.0263814386 -0.1473816335 -0.8733440042 0.4642724097
370.3 38.5 2299.8 -0.1095584407 0.4676133096 0.8771172762 -0.9555838704 0.1933435798 -0.2224358320 -0.2735989392 -0.8625288606 0.4256612957
128.2 -90.1 2413.8 0.8198446631 0.0258460026 0.5720023513 -0.0093379766 0.9994513988 -0.0317763276 -0.5725098252 0.0207103062 0.8196362257
117.9 -487.5 2405.5 0.8135709167 -0.1489573866 0.5620623231 0.0382118598 0.9782371521 0.2039410770 -0.5802087784 -0.1444430798 0.8015572429
304.8 -94.6 2364.2 0.9448869228 0.0298968572 0.3260289133 0.0244255085 0.9866094589 -0.1612613648 -0.3264844120 0.1603371799 0.9315041304
292.9 -486.9 2300.4 0.9484345317 -0.0360774063 0.3149132431 -0.0308336988 0.9782890677 0.2049385905 -0.3154698312 -0.2040807754 0.9267306924
49.8 433.2 2325.5 0 0 0 0 0 0 0 0 0
341.8 -209.9 2228.7 0 0 0 0 0 0 0 0 0
161.2 -771.9 2447.5 0 0 0 0 0 0 0 0 0
303.7 -778.6 2361.3 0 0 0 0 0 0 0 0 0
172.5 505.3 2384.2 2 0.9378940463 -0.2365820110 0.2537394464 0.2373859286 0.9710144401 0.0279093497 -0.2529875040 0.0340581574 0.9668698907
220.2 309.4 2377.3 0.9378940463 -0.2365820110 0.2537394464 0.2373859286 0.9710144401 0.0279093497 -0.2529875040 0.0340581574 0.9668698907
218.3 110.7 2383.6 0.9672344923 0.0095331343 0.2537055612 -0.0172484294 0.9994533658 0.0282033738 -0.2532980144 -0.0316553004 0.9668702483
84.1 311.8 2413.0 0.5098066330 -0.7783715129 0.3663808703 0.7616802454 0.2104103565 -0.6128382683 0.3999255002 0.5914940834 0.7001388073
-19.8 156.5 2331.4 -0.2438749075 -0.7783715129 -0.5785004497 -0.9695107937 0.2104103565 0.1256039143 0.0239559840 0.5914940834 -0.8059533834
356.3 307.0 2341.7 0.0514446385 0.4767501056 0.8775321841 -0.9864818454 0.1611529887 -0.0297202803 -0.1555860937 -0.8641406298 0.4785957932
370.3 39.0 2299.4 -0.1044391021 0.4801628590 0.8709397912 -0.9567879438 0.1904557794 -0.2197349072 -0.2713840604 -0.8562536240 0.4395230114
128.2 -90.9 2413.6 0.8298377395 0.0255773775 0.5574182868 -0.0093414569 0.9994457364 -0.0319532156 -0.5579265952 0.0213088840 0.8296166658
118.0 -488.3 2405.1 0.8234648108 -0.1460857093 0.5482378006 0.0405840054 0.9789747000 0.1999036223 -0.5659139752 -0.1423639059 0.8120799661
304.8 -94.9 2364.0 0.9502559304 0.0264789425 0.3103426397 0.0228752103 0.9877560735 -0.1543198824 -0.3106290698 0.1537425369 0.9380153418
294.3 -487.6 2302.9 0.9532312155 -0.0322373919 0.3005179167 -0.0282571372 0.9804349542 0.1948045343 -0.3009182513 -0.1941855252 0.9336702824
49.7 433.0 2324.6 0 0 0 0 0 0 0 0 0
343.1 -209.7 2228.9 0 0 0 0 0 0 0 0 0
160.2 -770.7 2446.2 0 0 0 0 0 0 0 0 0
303.9 -778.7 2360.5 0 0 0 0 0 0 0 0 0
170.4 506.6 2384.5 3 0.9334641695 -0.2542700768 0.2529652417 0.2539608777 0.9666008353 0.0344486535 -0.2532756925 0.0320866928 0.9668618441
221.9 310.9 2378.0 0.9334641695 -0.2542700768 0.2529652417 0.2539608777 0.9666008353 0.0344486535 -0.2532756925 0.0320866928 0.9668618441
219.4 112.2 2384.1 0.9671344757 0.0123617509 0.2539647520 -0.0196878780 0.9994595051 0.0263255257 -0.2535020411 -0.0304603502 0.9668551683
85.8 313.7 2413.7 0.5096468329 -0.7777759433 0.3678650856 0.7555730343 0.2000772655 -0.6237615943 0.4115452766 0.5958470106 0.6896352768
-19.7 157.3 2328.5 -0.2438648641 -0.7777759433 -0.5793052316 -0.9697816372 0.2000772655 0.1396161914 0.0073156864 0.5958470106 -0.8030646443
358.0 308.1 2342.3 0.0438197739 0.4771386683 0.8777348995 -0.9866114259 0.1588178575 -0.0370784514 -0.1570915282 -0.8643584847 0.4777098298
369.7 44.5 2300.4 -0.0998190939 0.4806238413 0.8712272048 -0.9580635428 0.1899479777 -0.2145554721 -0.2686083317 -0.8561077714 0.4415077567
127.7 -86.4 2413.2 0.8297111988 0.0298754945 0.5573928356 -0.0107746692 0.9992378354 -0.0375190713 -0.5580888987 0.0251242723 0.8294007182
115.8 -483.7 2403.2 0.8228110671 -0.1516414136 0.5477105379 0.0412494875 0.9771379232 0.2085664570 -0.5668160319 -0.1490180194 0.8102550507
305.2 -89.6 2366.7 0.9502842426 0.0307943486 0.3098572791 0.0213801768 0.9862966537 -0.1635901928 -0.3106488585 0.1620819867 0.9366038442
292.9 -481.7 2302.3 0.9532606602 -0.0323132202 0.3004164100 -0.0296680108 0.9794503450 0.1994915754 -0.3006891608 -0.1990802288 0.9327127337
49.8 433.4 2326.4 0 0 0 0 0 0 0 0 0
343.8 -204.5 2230.5 0 0 0 0 0 0 0 0 0
160.8 -773.5 2447.4 0 0 0 0 0 0 0 0 0
302.9 -783.0 2363.5 0 0 0 0 0 0 0 0 0
170.1 506.5 2384.1 4 0.9317369461 -0.2564093471 0.2571391761 0.2541453540 0.9662275910 0.0425962545 -0.2593770325 0.0256622210 0.9654351473
221.7 312.0 2379.0 0.9317369461 -0.2564093471 0.2571391761 0.2541453540 0.9662275910 0.0425962545 -0.2593770325 0.0256622210 0.9654351473
220.0 113.2 2384.3 0.9656998515 0.0083601819 0.2595262229 -0.0150171313 0.9996068478 0.0236783288 -0.2592262328 -0.0267634988 0.9654457569
85.8 314.1 2415.5 0.5074139833 -0.7864650488 0.3521416783 0.7513694763 0.2037433237 -0.6276404858 0.4218707979 0.5830620527 0.6943080425
-19.8 157.8 2327.7 -0.2444997430 -0.7864650488 -0.5671795011 -0.9696074128 0.2037433237 0.1354628354 0.0090222582 0.5830620527 -0.8123775125
357.6 309.9 2342.5 0.0478114933 0.4715341032 0.8805507421 -0.9861995578 0.1621779352 -0.0332982019 -0.1585071385 -0.8668067455 0.4727807045
370.3 47.6 2300.3 -0.0973468497 0.4742819369 0.8749744296 -0.9598371387 0.1876932979 -0.2085279822 -0.2631278932 -0.8601324558 0.4369620383
128.3 -84.7 2413.4 0.8261501789 0.0363807976 0.5622742176 -0.0153892413 0.9989979863 -0.0420266800 -0.5632397532 0.0260673780 0.8258822560
113.8 -481.9 2403.0 0.8174378872 -0.1637175977 0.5522606969 0.0462763533 0.9743244052 0.2203415930 -0.5741548538 -0.1545589566 0.8040259480
305.7 -88.3 2366.9 0.9478927255 0.0384528190 0.3162605166 0.0123796342 0.9874940515 -0.1571694613 -0.3183489740 0.1528949887 0.9355624318
290.4 -480.9 2306.1 0.9496896267 -0.0421469733 0.3103437424 -0.0185226668 0.9816109538 0.1899916381 -0.3126443923 -0.1861814857 0.9314450622
49.6 433.1 2325.1 0 0 0 0 0 0 0 0 0
345.0 -201.9 2231.9 0 0 0 0 0 0 0 0 0
162.5 -771.7 2449.0 0 0 0 0 0 0 0 0 0
303.3 -779.8 2362.8 0 0 0 0 0 0 0 0 0
169.8 505.4 2384.0 5 0.9389469624 -0.2519067824 0.2343534827 0.2484724075 0.9676129222 0.0445729867 -0.2379916906 0.0163787026 0.9711290598
219.5 314.5 2380.7 0.9389469624 -0.2519067824 0.2343534827 0.2484724075 0.9676129222 0.0445729867 -0.2379916906 0.0163787026 0.9711290598
219.8 115.8 2384.8 0.9713891149 -0.0016632362 0.2374877185 -0.0032401416 0.9997895956 0.0202550460 -0.2374714315 -0.0204450246 0.9711793661
82.8 315.0 2414.1 0.5055574179 -0.7853966951 0.3571605980 0.7572466135 0.2055123746 -0.6199533939 0.4135084152 0.5838807225 0.6986373067
-22.1 157.8 2328.3 -0.2524040341 -0.7853966951 -0.5651939511 -0.9676213264 0.2055123746 0.1465387046 0.0010633344 0.5838807225 -0.8118388057
356.2 314.0 2347.3 0.0560233071 0.4891737103 0.8703852296 -0.9844774008 0.1722916514 -0.0334643424 -0.1663299948 -0.8549997807 0.4912328124
371.4 45.5 2302.0 -0.1025475785 0.4910205305 0.8650912046 -0.9568966627 0.1888677925 -0.2206303775 -0.2717218995 -0.8504279852 0.4504879713
129.7 -84.1 2413.4 0.8385615349 0.0358382612 0.5436268449 -0.0083901472 0.9985651970 -0.0528877266 -0.5447422266 0.0397885069 0.8376591206
115.5 -481.1 2397.6 0.8323384523 -0.1559942663 0.5318632126 0.0358010419 0.9727053046 0.2292654514 -0.5531103015 -0.1717851907 0.8152047992
306.9 -86.9 2365.8 0.9535633922 0.0504684485 0.2969339788 -0.0036310484 0.9877161384 -0.1562167555 -0.3011704981 0.1478843987 0.9420331717
286.9 -479.5 2307.0 0.9533773661 -0.0557458065 0.2965873182 -0.0002522928 0.9826430678 0.1855061203 -0.3017806709 -0.1769321561 0.9368155599
49.9 433.7 2328.0 0 0 0 0 0 0 0 0 0
344.8 -203.2 2231.3 0 0 0 0 0 0 0 0 0
162.4 -773.7 2449.2 0 0 0 0 0 0 0 0 0
303.9 -779.6 2361.1 0 0 0 0 0 0 0 0 0
168.6 505.7 2383.9 6 0.9374572039 -0.2459327579 0.2463555187 0.2411737740 0.9692032933 0.0498009846 -0.2510162890 0.0127281956 0.9678992033
216.9 315.5 2381.4 0.9374572039 -0.2459327579 0.2463555187 0.2411737740 0.9692032933 0.0498009846 -0.2510162890 0.0127281956 0.9678992033
218.2 116.7 2385.5 0.9682345390 -0.0065910858 0.2499567866 0.0011982021 0.9997633696 0.0217212941 -0.2500407994 -0.0207318086 0.9680133462
80.6 315.3 2416.6 0.4966343045 -0.8028799295 0.3297547996 0.7580937147 0.2162378281 -0.6152520776 0.4226680994 0.5555403233 0.7160493135
-23.6 156.1 2327.8 -0.2559004724 -0.8028799295 -0.5384225249 -0.9666817188 0.2162378281 0.1369952261 0.0064365934 0.5555403233 -0.8314647079
353.1 315.6 2346.2 0.0676799342 0.4773957729 0.8760780096 -0.9849626422 0.1718721688 -0.0175656062 -0.1589591801 -0.8617153168 0.4818492830
371.3 51.5 2303.6 -0.0975373015 0.4793747365 0.8721733689 -0.9585530758 0.1904726326 -0.2118872851 -0.2676985562 -0.8566913605 0.4409279227
131.1 -82.7 2410.7 0.8312248588 0.0351560377 0.5548236370 -0.0117562106 0.9988868833 -0.0456809141 -0.5558120012 0.0314484909 0.8307129145
117.1 -479.8 2398.2 0.8255243301 -0.1503057331 0.5439832807 0.0301729739 0.9742587805 0.2234042138 -0.5635594130 -0.1680120081 0.8088094592
309.3 -83.3 2367.1 0.9494881034 0.0519797206 0.3094680905 -0.0012543199 0.9868063331 -0.1619002372 -0.3138006032 0.1533341706 0.9370260239
288.6 -475.6 2306.2 0.9499193430 -0.0472057126 0.3089091778 -0.0095392298 0.9836834669 0.1796546876 -0.3123495877 -0.1736042202 0.9339696765
49.7 433.2 2326.0 0 0 0 0 0 0 0 0 0
345.9 -197.7 2234.0 0 0 0 0 0 0 0 0 0
162.4 -773.6 2448.8 0 0 0 0 0 0 0 0 0
303.2 -780.1 2359.9 0 0 0 0 0 0 0 0 0
168.2 503.3 2383.8 7 0.9369142652 -0.2487243116 0.2456173301 0.2425253689 0.9685460329 0.0556779467 -0.2517401576 0.0074029705 0.9677665234
216.2 316.3 2382.4 0.9369142652 -0.2487243116 0.2456173301 0.2425253689 0.9685460329 0.0556779467 -0.2517401576 0.0074029705 0.9677665234
217.3 117.6 2385.5 0.9680524468 -0.0051320889 0.2506953180 0.0010787803 0.9998664856 0.0163030084 -0.2507455349 -0.0155117214 0.9679287672
80.0 316.2 2417.7 0.4814814031 -0.8154742718 0.3212123811 0.7672960162 0.2150601149 -0.6041572094 0.4235946834 0.5373554230 0.7292575836
-20.6 155.9 2329.2 -0.2457093745 -0.8154742718 -0.5240502357 -0.9692271352 0.2150601149 0.1197827980 0.0150225088 0.5373554230 -0.8432220817
352.5 316.5 2347.1 0.0730272755 0.4769575894 0.8758872151 -0.9841934443 0.1765364707 -0.0140742399 -0.1613388658 -0.8610147238 0.4823105335
371.9 54.4 2304.1 -0.0982358456 0.4783034027 0.8726829886 -0.9588367939 0.1892778128 -0.2116740793 -0.2664239705 -0.8575544953 0.4400210381
130.7 -82.1 2412.6 0.8306657672 0.0350767821 0.5556653738 -0.0138326799 0.9990056157 -0.0423844419 -0.5565995574 0.0275209658 0.8303249478
116.8 -479.3 2401.6 0.8242097497 -0.1478236318 0.5466502309 0.0359466970 0.9770383239 0.2100094855 -0.5651425719 -0.1534415931 0.8105982542
308.3 -81.9 2366.7 0.9494069219 0.0497860126 0.3100771606 0.0018709159 0.9864400625 -0.1641113311 -0.3140429854 0.1563885659 0.9364398718
288.5 -474.1 2304.5 0.9501335621 -0.0470195077 0.3082780540 -0.0114824353 0.9826220274 0.1852621287 -0.3116317689 -0.1795635521 0.9330822825
49.7 432.9 2324.9 0 0 0 0 0 0 0 0 0
346.4 -194.9 2234.9 0 0 0 0 0 0 0 0 0
161.2 -773.0 2447.7 0 0 0 0 0 0 0 0 0
303.3 -782.0 2360.8 0 0 0 0 0 0 0 0 0
168.9 506.0 2383.3 8 0.9364157915 -0.2433132976 0.2528322041 0.2376734316 0.9698923826 0.0531046167 -0.2581411004 0.0103634996 0.9660516381
216.5 316.3 2381.3 0.9364157915 -0.2433132976 0.2528322041 0.2376734316 0.9698923826 0.0531046167 -0.2581411004 0.0103634996 0.9660516381
216.0 117.6 2386.6 0.9666068554 0.0026435810 0.2562502623 -0.0093966713 0.9996399879 0.0251326859 -0.2560915649 -0.0267013256 0.9662836790
80.5 317.7 2417.3 0.4662823975 -0.8255077600 0.3179900944 0.7723865509 0.2046626508 -0.6012755036 0.4312769175 0.5259754658 0.7330416441
-17.4 155.5 2326.8 -0.2346715331 -0.8255077600 -0.5132896304 -0.9720242023 0.2046626508 0.1152483895 0.0099127777 0.5259754658 -0.8504419923
352.6 315.0 2345.2 0.0713322312 0.4729999602 0.8781701326 -0.9853453040 0.1701751202 -0.0116218328 -0.1549398303 -0.8644717932 0.4782072604
371.4 54.8 2304.3 -0.0884614214 0.4754657745 0.8752753139 -0.9595108032 0.1952368468 -0.2030311227 -0.2674203217 -0.8577965498 0.4389435947
129.5 -81.3 2411.6 0.8278590441 0.0328955799 0.5599707961 -0.0143244090 0.9991931915 -0.0375206135 -0.5607532859 0.0230405275 0.8276622891
116.4 -478.6 2402.4 0.8206154108 -0.1530070603 0.5506170392 0.0400854498 0.9765297771 0.2116193175 -0.5700731874 -0.1515863538 0.8074887395
307.1 -81.1 2365.6 0.9484412074 0.0438866504 0.3139001131 0.0068276967 0.9873086810 -0.1586662084 -0.3168796301 0.1526287794 0.9361045361
289.7 -473.7 2304.9 0.9499164820 -0.0406389311 0.3098502755 -0.0201478768 0.9814812541 0.1904956996 -0.3118537664 -0.1871978343 0.9315063953
49.6 432.9 2324.0 0 0 0 0 0 0 0 0 0
348.4 -194.7 2234.8 0 0 0 0 0 0 0 0 0
162.9 -775.4 2448.5 0 0 0 0 0 0 0 0 0
302.5 -783.8 2364.0 0 0 0 0 0 0 0 0 0
168.6 505.9 2383.0 9 0.9404965043 -0.2487944216 0.2314468771 0.2438054532 0.9685141444 0.0503905900 -0.2366964817 0.0090358378 0.9715416431
217.1 317.2 2381.3 0.9404965043 -0.2487944216 0.2314468771 0.2438054532 0.9685141444 0.0503905900 -0.2366964817 0.0090358378 0.9715416431
218.5 118.5 2387.0 0.9721798301 -0.0069110817 0.2341337055 -0.0000497055 0.9995585084 0.0297110286 -0.2342356890 -0.0288961008 0.9717503190
80.3 317.2 2414.2 0.4689189494 -0.8186890483 0.3314562440 0.7752093077 0.2016411275 -0.5986580253 0.4232795537 0.5376700759 0.7292087078
-17.1 156.1 2326.3 -0.2340527326 -0.8186890483 -0.5243734717 -0.9721891880 0.2016411275 0.1191176847 0.0082149114 0.5376700759 -0.8431153297
353.9 317.2 2348.3 0.0657872334 0.4906533360 0.8688678741 -0.9847018719 0.1727253795 -0.0229810197 -0.1613512486 -0.8540639281 0.4945104122
371.5 52.9 2305.0 -0.0888358653 0.4923172295 0.8658705950 -0.9598562121 0.1898863763 -0.2064442188 -0.2660530806 -0.8494509459 0.4556850195
126.8 -80.2 2415.4 0.8404859900 0.0269470569 0.5411627889 -0.0032112363 0.9989927411 -0.0447571687 -0.5418238044 0.0358799696 0.8397259116
116.1 -477.4 2401.1 0.8345760107 -0.1495909989 0.5301938057 0.0409865379 0.9766197801 0.2110306621 -0.5493659973 -0.1543903202 0.8211946487
304.2 -82.0 2368.4 0.9549857974 0.0377296954 0.2942424119 0.0089211920 0.9877777100 -0.1556137353 -0.2965173423 0.1512339115 0.9429770708
289.2 -474.7 2308.3 0.9559901953 -0.0436268933 0.2901369631 -0.0098146955 0.9835744500 0.1802357435 -0.2932344377 -0.1751511991 0.9398593307
49.5 432.8 2324.0 0 0 0 0 0 0 0 0 0
348.4 -196.7 2235.9 0 0 0 0 0 0 0 0 0
161.2 -772.0 2447.7 0 0 0 0 0 0 0 0 0
302.8 -782.6 2363.1 0 0 0 0 0 0 0 0 0
170.1 506.9 2383.9 0 0.9350095391 -0.2540692389 0.2473984212 0.2497505248 0.9670577049 0.0492343158 -0.2517574728 0.0157533288 0.9676621556
220.3 315.9 2380.8 0.9350095391 -0.2540692389 0.2473984212 0.2497505248 0.9670577049 0.0492343158 -0.2517574728 0.0157533288 0.9676621556
218.9 117.2 2386.7 0.9681702852 0.0069671930 0.2501954734 -0.0141634522 0.9995357990 0.0269736089 -0.2498914003 -0.0296586789 0.9678195119
84.1 317.9 2416.0 0.4810416996 -0.8067255616 0.3432095349 0.7655556202 0.1957581788 -0.6128648520 0.4272276461 0.5575595498 0.7117611170
-17.1 156.9 2326.1 -0.2348456234 -0.8067255616 -0.5422558784 -0.9720315337 0.1957581788 0.1297436059 0.0014835414 0.5575595498 -0.8301356435
356.5 313.9 2345.6 0.0607049689 0.4791801870 0.8756147623 -0.9858765602 0.1659591049 -0.0224718768 -0.1560843140 -0.8618839383 0.4824870527
372.2 57.7 2305.1 -0.0923233107 0.4806264937 0.8720519543 -0.9627357721 0.1804921627 -0.2014011592 -0.2541972697 -0.8581495881 0.4460527003
130.7 -80.2 2414.3 0.8315253258 0.0378497839 0.5541958809 -0.0148830349 0.9988358021 -0.0458864830 -0.5552874804 0.0299076550 0.8311205506
115.6 -477.3 2402.4 0.8241806626 -0.1524793059 0.5454138517 0.0407844186 0.9765523672 0.2113813311 -0.5648565292 -0.1519720107 0.8110743761
309.0 -80.2 2371.3 0.9507532120 0.0441500209 0.3067882955 0.0080335252 0.9859603643 -0.1667862535 -0.3098447025 0.1610371619 0.9370503426
291.4 -472.2 2307.3 0.9521205425 -0.0364928246 0.3035371304 -0.0190857463 0.9838187695 0.1781470776 -0.3051266372 -0.1754107177 0.9360175133
49.7 433.4 2325.7 0 0 0 0 0 0 0 0 0
348.2 -192.6 2239.0 0 0 0 0 0 0 0 0 0
161.6 -772.1 2448.3 0 0 0 0 0 0 0 0 0
303.1 -786.3 2363.3 0 0 0 0 0 0 0 0 0
170.8 506.1 2383.8 1 0.9426230192 -0.2348120064 0.2373293191 0.2300689071 0.9719948769 0.0478988811 -0.2419301122 0.0094515104 0.9702476263
216.5 316.9 2382.0 0.9426230192 -0.2348120064 0.2373293191 0.2300689071 0.9719948769 0.0478988811 -0.2419301122 0.0094515104 0.9702476263
217.4 118.2 2388.0 0.9708929658 -0.0044190688 0.2394729704 -0.0029075439 0.9995386600 0.0302328225 -0.2394960821 -0.0300491136 0.9704322219
79.9 317.3 2415.7 0.4589406252 -0.8300598264 0.3168188930 0.7708719969 0.1947268993 -0.6064963341 0.4417350888 0.5225726366 0.7292379141
-15.8 156.5 2323.6 -0.2300869375 -0.8300598264 -0.5079967976 -0.9731659293 0.1947268993 0.1225948706 -0.0028404414 0.5225726366 -0.8525900245
353.1 316.5 2348.3 0.0668151900 0.4866246879 0.8710523248 -0.9855554104 0.1683453619 -0.0184500292 -0.1556158662 -0.8572375774 0.4908436239
371.0 53.5 2306.8 -0.0924276337 0.4883831441 0.8677206039 -0.9605550170 0.1858141720 -0.2068987787 -0.2622806728 -0.8526165485 0.4519445300
128.7 -80.2 2415.6 0.8371535540 0.0356330052 0.5458060503 -0.0181419123 0.9991355538 -0.0374027304 -0.5466670394 0.0214098617 0.8370763063
114.5 -477.4 2407.1 0.8278017640 -0.1564471722 0.5387656689 0.0548616759 0.9783024192 0.1997863948 -0.5583317876 -0.1358259469 0.8184234500
306.3 -82.8 2369.7 0.9536269307 0.0343570672 0.2990238667 0.0119789233 0.9883446693 -0.1517606378 -0.3007526994 0.1483050138 0.9421005249
292.6 -475.7 2310.8 0.9549236298 -0.0335822701 0.2949459255 -0.0153582245 0.9866606593 0.1620644033 -0.2964540124 -0.1592889726 0.9416698217
49.6 433.2 2324.4 0 0 0 0 0 0 0 0 0
346.9 -196.2 2238.6 0 0 0 0 0 0 0 0 0
161.3 -769.9 2447.7 0 0 0 0 0 0 0 0 0
303.1 -784.6 2360.7 0 0 0 0 0 0 0 0 0
171.7 503.5 2384.8 2 0.9383665323 -0.2373604327 0.2512533665 0.2341098636 0.9712496400 0.0432048552 -0.2542848587 0.0182789043 0.9669566154
217.4 316.2 2381.3 0.9383665323 -0.2373604327 0.2512533665 0.2341098636 0.9712496400 0.0432048552 -0.2542848587 0.0182789043 0.9669566154
217.9 117.5 2386.6 0.9673876166 -0.0023778731 0.2532893419 -0.0044726958 0.9996396899 0.0264671501 -0.2532609999 -0.0267368797 0.9670284390
81.3 316.8 2416.9 0.4576333165 -0.8316519260 0.3145262897 0.7689712048 0.1926021427 -0.6095799208 0.4463799000 0.5208257437 0.7276575565
-14.8 155.3 2323.1 -0.2255192399 -0.8316519260 -0.5074407458 -0.9742386937 0.1926021427 0.1173173860 0.0001669441 0.5208257437 -0.8536629677
353.6 315.6 2345.7 0.0635102242 0.4758641422 0.8772227764 -0.9880422950 0.1537262350 -0.0118578896 -0.1404948980 -0.8659800887 0.4799371064
370.3 55.8 2308.7 -0.0869197920 0.4797497094 0.8730894327 -0.9604024291 0.1925227791 -0.2014005929 -0.2647114694 -0.8560228944 0.4440187514
129.2 -80.2 2416.0 0.8290615678 0.0361617506 0.5579867363 -0.0238781478 0.9992859364 -0.0292829014 -0.5586472154 0.0109536387 0.8293330669
114.8 -477.5 2411.6 0.8189513683 -0.1574664414 0.5518359542 0.0561069362 0.9789801240 0.1960866302 -0.5711135268 -0.1296235919 0.8105720878
307.3 -80.8 2372.0 0.9494712353 0.0350481905 0.3118909299 0.0154673876 0.9873125553 -0.1580339521 -0.3134726286 0.1548728347 0.9368827939
293.4 -473.3 2310.5 0.9512449503 -0.0308621731 0.3068884909 -0.0207482260 0.9863248467 0.1635016501 -0.3077377677 -0.1618975103 0.9375962019
49.5 433.1 2323.1 0 0 0 0 0 0 0 0 0
347.7 -193.8 2239.9 0 0 0 0 0 0 0 0 0
162.4 -773.2 2450.8 0 0 0 0 0 0 0 0 0
303.2 -787.4 2362.0 0 0 0 0 0 0 0 0 0
171.2 504.3 2383.3 3 0.9361039400 -0.2500844896 0.2473199666 0.2473087460 0.9679931402 0.0427517518 -0.2500955760 0.0211443063 0.9679902792
219.7 316.4 2379.2 0.9361039400 -0.2500844896 0.2473199666 0.2473087460 0.9679931402 0.0427517518 -0.2500955760 0.0211443063 0.9679902792
219.2 117.8 2387.6 0.9688453674 0.0028164412 0.2476504594 -0.0131602967 0.9991080761 0.0401225314 -0.2473165691 -0.0421316810 0.9680182934
83.4 318.2 2414.0 0.4591807723 -0.8239268661 0.3321107626 0.7704939246 0.1833116114 -0.6105210781 0.4421449602 0.5362288356 0.7190037966
-13.8 155.2 2320.4 -0.2222308069 -0.8239268661 -0.5213041306 -0.9749598503 0.1833116114 0.1258972585 -0.0081690289 0.5362288356 -0.8440331221
356.1 314.6 2344.4 0.0605846681 0.4810935259 0.8745733500 -0.9886779189 0.1494256109 -0.0137083698 -0.1372786611 -0.8638408184 0.4846994579
372.4 49.1 2307.5 -0.0993257761 0.4851407707 0.8687766194 -0.9592639804 0.1853745431 -0.2131875902 -0.2644750476 -0.8545610905 0.4469655752
129.6 -80.8 2415.2 0.8327119946 0.0348089300 0.5526111722 -0.0243293457 0.9993582964 -0.0262883883 -0.5531716347 0.0084459875 0.8330245018
115.8 -478.2 2411.8 0.8234318495 -0.1504011154 0.5471192598 0.0529638939 0.9803942442 0.1897944957 -0.5649378896 -0.1273052692 0.8152536750
307.1 -81.6 2368.7 0.9515045285 0.0363504328 0.3054796755 0.0089699551 0.9892939925 -0.1456601471 -0.3075040281 0.1413364261 0.9409916401
292.7 -474.9 2312.5 0.9525801539 -0.0337814055 0.3024067581 -0.0145715997 0.9876139164 0.1562253684 -0.3039386272 -0.1532237381 0.9402891994
49.6 433.4 2322.7 0 0 0 0 0 0 0 0 0
346.5 -200.3 2238.8 0 0 0 0 0 0 0 0 0
161.1 -773.2 2450.1 0 0 0 0 0 0 0 0 0
303.3 -785.5 2360.7 0 0 0 0 0 0 0 0 0
172.5 503.6 2382.5 4 0.9373515844 -0.2533350587 0.2391513735 0.2488791943 0.9672853947 0.0491739027 -0.2437851131 0.0134265712 0.9697363377
221.3 317.2 2380.0 0.9373515844 -0.2533350587 0.2391513735 0.2488791943 0.9672853947 0.0491739027 -0.2437851131 0.0134265712 0.9697363377
221.3 118.5 2387.1 0.9705235362 -0.0000366938 0.2410063744 -0.0085979234 0.9993581772 0.0347756669 -0.2408529520 -0.0358227566 0.9699003100
84.7 318.4 2413.8 0.4752233922 -0.8186582327 0.3224304914 0.7631978393 0.2011853755 -0.6140468121 0.4378261566 0.5378876925 0.7204062343
-16.7 155.6 2320.4 -0.2460059077 -0.8186582327 -0.5189217329 -0.9691951275 0.2011853755 0.1420747191 -0.0119111761 0.5378876925 -0.8429323435
357.9 316.0 2346.1 0.0547398105 0.4868244529 0.8717829585 -0.9884971976 0.1496993452 -0.0215273220 -0.1409853697 -0.8605765700 0.4894191027
372.6 50.5 2308.2 -0.1038716882 0.4896820486 0.8656917214 -0.9610625505 0.1746747345 -0.2141204178 -0.2560653985 -0.8542249203 0.4524713159
129.7 -79.6 2418.6 0.8364894986 0.0334316418 0.5469622016 -0.0181578435 0.9992801547 -0.0333089419 -0.5476819873 0.0179309268 0.8364943862
116.4 -476.9 2411.5 0.8278847933 -0.1485784352 0.5408615470 0.0532125682 0.9807335734 0.1879630685 -0.5583683252 -0.1268311292 0.8198406696
307.5 -82.0 2373.3 0.9535303116 0.0324137621 0.2995485663 0.0142170908 0.9882484674 -0.1521932781 -0.3009615839 0.1493795961 0.9418640137
294.6 -474.9 2313.9 0.9551151395 -0.0269638244 0.2950052321 -0.0212500859 0.9870471358 0.1590169966 -0.2954717577 -0.1581484228 0.9421706200
53.0 430.2 2323.8 0 0 0 0 0 0 0 0 0
345.6 -199.3 2241.6 0 0 0 0 0 0 0 0 0
161.5 -774.3 2450.0 0 0 0 0 0 0 0 0 0
303.0 -783.4 2363.3 0 0 0 0 0 0 0 0 0
175.0 506.9 2384.2 5 0.9377912283 -0.2342415154 0.2562782764 0.2323833257 0.9718832374 0.0379601680 -0.2579644024 0.0239560883 0.9658573866
220.7 317.3 2379.5 0.9377912283 -0.2342415154 0.2562782764 0.2323833257 0.9718832374 0.0379601680 -0.2579644024 0.0239560883 0.9658573866
220.4 118.7 2387.9 0.9666761160 0.0014653010 0.2559983432 -0.0121949483 0.9991119504 0.0403305963 -0.2557119131 -0.0421085097 0.9658355713
84.7 319.0 2415.5 0.4796275795 -0.8244095445 0.3005100489 0.7578351498 0.2165508568 -0.6154604554 0.4423157573 0.5229288936 0.7286303043
-17.9 156.9 2320.8 -0.2590952516 -0.8244095445 -0.5032082796 -0.9658142328 0.2165508568 0.1425081939 -0.0085149342 0.5229288936 -0.8523337841
356.8 315.6 2343.5 0.0688311905 0.4736064374 0.8780428171 -0.9891929030 0.1466120183 -0.0015364576 -0.1294593066 -0.8684479594 0.4785796106
375.5 45.9 2308.2 -0.1211888567 0.4765906632 0.8707321882 -0.9592801332 0.1692358702 -0.2261433601 -0.2551369369 -0.8626821637 0.4366744757
132.3 -79.3 2416.3 0.8276405334 0.0395720042 0.5598617792 -0.0305188876 0.9992086291 -0.0255099032 -0.5604282022 0.0040266709 0.8281932473
116.5 -476.6 2414.7 0.8179426193 -0.1455112547 0.5565935373 0.0571255237 0.9832456708 0.1731028259 -0.5724565983 -0.1097924784 0.8125509620
310.3 -80.9 2372.1 0.9489606619 0.0324569009 0.3137199581 0.0147202611 0.9890489578 -0.1468520314 -0.3150507510 0.1439748406 0.9380907416
297.4 -474.1 2314.9 0.9509543180 -0.0133009627 0.3090452254 -0.0368997641 0.9870635867 0.1560253352 -0.3071225882 -0.1597766578 0.9381615520
54.8 428.0 2323.2 0 0 0 0 0 0 0 0 0
344.0 -203.4 2241.9 0 0 0 0 0 0 0 0 0
160.5 -773.7 2447.9 0 0 0 0 0 0 0 0 0
301.6 -785.0 2365.2 0 0 0 0 0 0 0 0 0
175.5 507.1 2384.5 6 0.9326175451 -0.2430192530 0.2667698562 0.2416106015 0.9696044922 0.0386186056 -0.2680463195 0.0284380373 0.9629862309
223.1 317.1 2378.9 0.9326175451 -0.2430192530 0.2667698562 0.2416106015 0.9696044922 0.0386186056 -0.2680463195 0.0284380373 0.9629862309
221.2 118.5 2387.9 0.9637817740 0.0097845774 0.2665126622 -0.0214208886 0.9989381433 0.0407893322 -0.2658305764 -0.0450209528 0.9629679322
87.5 320.1 2416.3 0.4711664617 -0.8374411464 0.2769376934 0.7678253651 0.2348891646 -0.5960463881 0.4341040850 0.4934768677 0.7536804676
-16.1 151.2 2320.8 -0.2628605366 -0.8374411464 -0.4791624546 -0.9647445083 0.2348891646 0.1187226176 0.0131268669 0.4934768677 -0.8696598411
358.8 314.1 2341.5 0.0811769441 0.4656703472 0.8812272549 -0.9899651408 0.1402773708 0.0170663465 -0.1156689450 -0.8737696409 0.4723846912
380.8 45.2 2310.1 -0.1313686967 0.4691751301 0.8732794523 -0.9584815502 0.1647877395 -0.2327190638 -0.2530917525 -0.8675941825 0.4280477464
131.5 -78.8 2419.7 0.8221465945 0.0356118456 0.5681608319 -0.0212646872 0.9992660284 -0.0318624862 -0.5688785315 0.0141138732 0.8223004341
117.3 -476.1 2414.1 0.8138520122 -0.1411872655 0.5636586547 0.0526529178 0.9839600325 0.1704417020 -0.5786817670 -0.1090360358 0.8082317114
308.8 -81.0 2372.8 0.9461726546 0.0276418254 0.3224797845 0.0193996746 0.9897117615 -0.1417542547 -0.3230803907 0.1403800100 0.9359019995
297.9 -474.6 2317.0 0.9483701587 -0.0172111541 0.3166982830 -0.0323131718 0.9880875945 0.1504617631 -0.3155152500 -0.1529269665 0.9365166426
57.3 420.7 2317.1 0 0 0 0 0 0 0 0 0
346.7 -203.9 2244.3 0 0 0 0 0 0 0 0 0
159.8 -772.3 2446.9 0 0 0 0 0 0 0 0 0
303.2 -781.6 2364.5 0 0 0 0 0 0 0 0 0
177.5 504.6 2385.1 7 0.9285767674 -0.2379109561 0.2848570049 0.2383585423 0.9705946445 0.0336340442 -0.2844825685 0.0366663039 0.9579797983
223.7 316.0 2378.0 0.9285767674 -0.2379109561 0.2848570049 0.2383585423 0.9705946445 0.0336340442 -0.2844825685 0.0366663039 0.9579797983
221.3 117.6 2389.3 0.9590861797 0.0123760449 0.2828436792 -0.0279843193 0.9982957840 0.0512099825 -0.2817278802 -0.0570299774 0.9577980042
88.8 320.0 2417.6 0.4690071046 -0.8454813361 0.2553303838 0.7708775997 0.2507951260 -0.5855334997 0.4310220480 0.4714478552 0.7693873644
-15.4 148.7 2321.9 -0.2659111917 -0.8454813361 -0.4630901814 -0.9633404016 0.2507951260 0.0952738598 0.0355884843 0.4714478552 -0.8811755776
358.7 312.1 2338.4 0.0996159539 0.4506219625 0.8871394992 -0.9897661209 0.1364267468 0.0418419018 -0.1021746844 -0.8822287917 0.4596006274
385.7 43.3 2310.6 -0.1379522830 0.4552474916 0.8796129227 -0.9571602941 0.1670020670 -0.2365469038 -0.2545845509 -0.8745627403 0.4127065241
130.8 -78.1 2421.2 0.8131953478 0.0263791028 0.5813927054 -0.0055593550 0.9992787838 -0.0375636593 -0.5819642544 0.0273144245 0.8127555251
120.4 -475.3 2410.3 0.8084019423 -0.1329087168 0.5734296441 0.0350218788 0.9833096266 0.1785374433 -0.5875880718 -0.1242474318 0.7995641232
307.7 -82.0 2372.4 0.9410576820 0.0211410671 0.3375848532 0.0269927122 0.9901680350 -0.1372541040 -0.3371674418 0.1382763535 0.9312345386
299.3 -475.7 2317.5 0.9437649250 -0.0130221630 0.3303607106 -0.0355766900 0.9894220233 0.1406355053 -0.3286975324 -0.1444800049 0.9333184958
58.7 417.2 2312.0 0 0 0 0 0 0 0 0 0
349.9 -205.6 2244.4 0 0 0 0 0 0 0 0 0
161.0 -776.1 2448.4 0 0 0 0 0 0 0 0 0
303.3 -782.9 2362.3 0 0 0 0 0 0 0 0 0
179.8 510.1 2384.0 8 0.9319715500 -0.2235852927 0.2853745818 0.2217611969 0.9743154645 0.0391327143 -0.2867943645 0.0268144365 0.9576168060
224.2 316.8 2378.6 0.9319715500 -0.2235852927 0.2853745818 0.2217611969 0.9743154645 0.0391327143 -0.2867943645 0.0268144365 0.9576168060
221.2 118.4 2390.7 0.9587666392 0.0149226189 0.2838025689 -0.0315160379 0.9980438948 0.0539920926 -0.2824417055 -0.0607101470 0.9573614597
89.2 321.3 2418.4 0.4552598000 -0.8552373052 0.2476038486 0.7718231082 0.2404417247 -0.5886228681 0.4438779354 0.4590827227 0.7695553303
-10.9 151.5 2320.7 -0.2628940046 -0.8552373052 -0.4466048479 -0.9647001624 0.2404417247 0.1074308977 0.0155035341 0.4590827227 -0.8882582188
359.1 312.4 2338.9 0.1038319543 0.4494532049 0.8872489929 -0.9891939163 0.1395064890 0.0450925231 -0.1035100147 -0.8823433518 0.4590815902
387.7 40.0 2310.4 -0.1115884557 0.4562620223 0.8828210235 -0.9563106894 0.1922591627 -0.2202414423 -0.2702182233 -0.8688275814 0.4148743451
130.9 -78.3 2426.5 0.8132498264 0.0266073123 0.5813060999 0.0108151678 0.9980905056 -0.0608146712 -0.5818141699 0.0557444431 0.8114091754
120.3 -475.0 2404.4 0.8112719059 -0.1361180693 0.5686033368 0.0257334895 0.9798923135 0.1978605837 -0.5841024518 -0.1458865851 0.7984619141
306.8 -83.5 2374.9 0.9410167336 0.0187839512 0.3378382027 0.0318262242 0.9891175032 -0.1436443329 -0.3368598819 0.1459238380 0.9301782846
299.4 -476.7 2316.8 0.9441017509 -0.0158633497 0.3292722404 -0.0332712419 0.9891558886 0.1430511177 -0.3279708624 -0.1460101157 0.9333360195
62.2 419.9 2316.4 0 0 0 0 0 0 0 0 0
358.7 -208.4 2240.2 0 0 0 0 0 0 0 0 0
162.3 -777.1 2449.4 0 0 0 0 0 0 0 0 0
304.3 -786.2 2362.5 0 0 0 0 0 0 0 0 0
182.9 510.2 2385.4 9 0.9290701151 -0.2198270410 0.2974975705 0.2166419327 0.9752557278 0.0440744385 -0.2998249829 0.0235022064 0.9537047148
225.9 319.6 2380.8 0.9290701151 -0.2198270410 0.2974975705 0.2166419327 0.9752557278 0.0440744385 -0.2998249829 0.0235022064 0.9537047148
221.2 121.1 2390.5 0.9543094039 0.0233087540 0.2979097366 -0.0368552282 0.9985223413 0.0399348512 -0.2965387106 -0.0490897372 0.9537583590
91.6 324.7 2422.5 0.4478486180 -0.8624067307 0.2359793633 0.7670155764 0.2349364609 -0.5970695019 0.4594765902 0.4483965933 0.7666953206
-8.4 153.5 2319.9 -0.2610759139 -0.8624067307 -0.4336980581 -0.9653114080 0.2349364609 0.1139243841 0.0036423358 0.4483965933 -0.8938273191
360.2 314.4 2339.0 0.1090327203 0.4389311969 0.8918807507 -0.9890277982 0.1378736794 0.0530556664 -0.0996791050 -0.8878796697 0.4491478801
390.2 42.0 2311.6 -0.1010038331 0.4461874664 0.8892215490 -0.9576457143 0.1986502260 -0.2084532529 -0.2696532905 -0.8726137877 0.4072250724
130.3 -77.1 2428.7 0.8050891161 0.0154996747 0.5929512978 0.0161466692 0.9987154007 -0.0480296984 -0.5929340124 0.0482423790 0.8038046360
124.1 -474.1 2409.5 0.8040833473 -0.1243765876 0.5813608170 0.0243237764 0.9839351773 0.1768611670 -0.5940187573 -0.1280702353 0.7941912413
306.2 -82.9 2376.9 0.9368138313 0.0043827081 0.3498008847 0.0525384285 0.9868178964 -0.1530689746 -0.3458606303 0.1617751271 0.9242343903
304.5 -475.2 2312.6 0.9423230290 0.0005056043 0.3347044587 -0.0548532791 0.9867115021 0.1529427469 -0.3301794231 -0.1624811143 0.9298287034
64.2 422.0 2318.9 0 0 0 0 0 0 0 0 0
364.0 -206.9 2241.5 0 0 0 0 0 0 0 0 0
162.0 -773.3 2448.5 0 0 0 0 0 0 0 0 0
304.3 -786.7 2363.9 0 0 0 0 0 0 0 0 0
184.4 510.0 2384.1 0 0.9312343597 -0.2023836821 0.3030568361 0.1966112852 0.9792169929 0.0497806333 -0.3068331778 0.0132269580 0.9516714215
224.3 316.9 2381.5 0.9312343597 -0.2023836821 0.3030568361 0.1966112852 0.9792169929 0.0497806333 -0.3068331778 0.0132269580 0.9516714215
224.3 118.3 2389.4 0.9525839090 0.0000465372 0.3042760789 -0.0121417483 0.9992093444 0.0378588177 -0.3040337563 -0.0397581458 0.9518312812
90.3 318.6 2424.2 0.4445065558 -0.8640030026 0.2364588082 0.7555778623 0.2198474705 -0.6170649529 0.4811610878 0.4529524744 0.7505452037
-5.6 155.5 2320.4 -0.2558771074 -0.8640030026 -0.4336193502 -0.9665232301 0.2198474705 0.1322872192 -0.0189664345 0.4529524744 -0.8913329244
358.4 315.2 2338.7 0.1135384068 0.4298392236 0.8957384229 -0.9875402451 0.1477030218 0.0542962030 -0.1089646295 -0.8907424212 0.4412534833
390.4 37.0 2308.0 -0.0960247368 0.4352031052 0.8951969147 -0.9603103399 0.1961145699 -0.1983510256 -0.2618841529 -0.8787134290 0.3990981877
129.1 -74.0 2427.5 0.7999017835 0.0072209430 0.6000875235 0.0272236709 0.9984616637 -0.0483031161 -0.5995131731 0.0549743325 0.7984746695
126.2 -471.0 2405.7 0.8017993569 -0.1178956702 0.5858484507 0.0121800713 0.9833667874 0.1812221408 -0.5974692106 -0.1381681263 0.7898988128
304.1 -80.8 2373.1 0.9328423738 -0.0066770758 0.3602228761 0.0624339990 0.9876974225 -0.1433727592 -0.3548339009 0.1562343389 0.9217829108
306.8 -473.4 2311.0 0.9397869706 0.0120574581 0.3415481150 -0.0708618984 0.9845338464 0.1602237225 -0.3343338072 -0.1747789085 0.9261065125
65.6 424.6 2325.7 0 0 0 0 0 0 0 0 0
365.3 -213.7 2239.6 0 0 0 0 0 0 0 0 0
162.5 -773.7 2448.2 0 0 0 0 0 0 0 0 0
302.9 -789.5 2367.1 0 0 0 0 0 0 0 0 0
187.2 511.1 2384.4 1 0.9332943559 -0.1866354346 0.3068042397 0.1850531846 0.9821221828 0.0345161743 -0.3077611923 0.0245613530 0.9511465430
225.5 309.7 2379.4 0.9332943559 -0.1866354346 0.3068042397 0.1850531846 0.9821221828 0.0345161743 -0.3077611923 0.0245613530 0.9511465430
226.1 111.1 2387.0 0.9518518448 -0.0031911426 0.3065417111 -0.0086482195 0.9992682934 0.0372563675 -0.3064363301 -0.0381135829 0.9511278272
91.5 310.9 2422.5 0.4556137621 -0.8560037613 0.2442819178 0.7416518331 0.2132555991 -0.6359831691 0.4923095107 0.4709348083 0.7320189476
-4.1 155.2 2319.2 -0.2517995834 -0.8560037613 -0.4515025318 -0.9675822258 0.2132555991 0.1353020221 -0.0195335913 0.4709348083 -0.8819516897
359.4 308.5 2336.3 0.1285412610 0.4269497395 0.8950927854 -0.9859592915 0.1520301253 0.0690735281 -0.1065901369 -0.8914037943 0.4404972196
395.4 32.4 2306.4 -0.1143817976 0.4316286147 0.8947700858 -0.9585199356 0.1887423545 -0.2135787010 -0.2610676885 -0.8820844889 0.3921359479
136.9 -79.1 2425.1 0.7980191708 0.0222367011 0.6022216082 0.0090463189 0.9987643361 -0.0488663316 -0.6025640965 0.0444441587 0.7968319654
128.1 -476.2 2407.5 0.7980226278 -0.1141164675 0.5917239785 0.0090166330 0.9840579033 0.1776195318 -0.6025599837 -0.1364090443 0.7863294482
311.7 -81.4 2369.4 0.9317145348 0.0118732480 0.3629972637 0.0386019051 0.9905668497 -0.1314808875 -0.3611341417 0.1365150362 0.9224672318
307.0 -475.0 2315.1 0.9359204769 0.0102611706 0.3520618975 -0.0665936843 0.9867016077 0.1482741535 -0.3458585739 -0.1622179151 0.9241575599
66.2 425.5 2324.6 0 0 0 0 0 0 0 0 0
365.5 -218.5 2238.1 0 0 0 0 0 0 0 0 0
162.9 -775.9 2449.0 0 0 0 0 0 0 0 0 0
303.7 -786.2 2366.3 0 0 0 0 0 0 0 0 0
187.8 510.6 2384.1 2 0.9298520684 -0.1936225295 0.3128664792 0.1945905983 0.9804719090 0.0284497514 -0.3122653067 0.0344268158 0.9493709207
228.2 306.1 2376.9 0.9298520684 -0.1936225295 0.3128664792 0.1945905983 0.9804719090 0.0284497514 -0.3122653067 0.0344268158 0.9493709207
227.7 107.7 2387.4 0.9504617453 0.0024204019 0.3108320534 -0.0187335759 0.9985980392 0.0495075695 -0.3102764487 -0.0528780483 0.9491745830
94.4 308.8 2420.6 0.4641239345 -0.8538601995 0.2356092930 0.7356496453 0.2234220058 -0.6394546628 0.4933645427 0.4701120853 0.7318374515
-2.2 155.6 2317.8 -0.2624729872 -0.8538601995 -0.4494782686 -0.9647673368 0.2234220058 0.1389482170 -0.0182190184 0.4701120853 -0.8824186325
361.9 303.5 2333.3 0.1325111836 0.4220687449 0.8968270421 -0.9856889248 0.1512356102 0.0744658485 -0.1042024791 -0.8938600421 0.4360688925
397.9 36.4 2305.0 -0.1110560820 0.4263780117 0.8977016807 -0.9604049325 0.1861975640 -0.2072507590 -0.2555170357 -0.8851735592 0.3888171613
139.4 -86.8 2422.6 0.7954025865 0.0264603309 0.6055036187 -0.0067675854 0.9993720055 -0.0347822197 -0.6060436964 0.0235680696 0.7950821519
128.9 -484.0 2413.3 0.7925392985 -0.1188561544 0.5981259346 0.0192655660 0.9852128625 0.1702482402 -0.6095164418 -0.1234051958 0.7831097841
314.1 -88.4 2366.4 0.9304591417 0.0155250514 0.3660666645 0.0334622897 0.9913257957 -0.1270961910 -0.3648644984 0.1305072308 0.9218686223
307.9 -482.4 2314.5 0.9342970252 0.0090221744 0.3563813567 -0.0662012771 0.9866826534 0.1485757679 -0.3502947986 -0.1624068022 0.9224519134
70.8 423.9 2322.9 0 0 0 0 0 0 0 0 0
368.7 -215.3 2238.1 0 0 0 0 0 0 0 0 0
164.3 -777.6 2450.0 0 0 0 0 0 0 0 0 0
305.1 -786.5 2364.6 0 0 0 0 0 0 0 0 0
190.1 511.8 2385.4 3 0.9238668680 -0.2012730241 0.3255137503 0.2074431777 0.9781156778 0.0160313584 -0.3216167688 0.0527147651 0.9454013705
232.8 303.8 2374.2 0.9238668680 -0.2012730241 0.3255137503 0.2074431777 0.9781156778 0.0160313584 -0.3216167688 0.0527147651 0.9454013705
230.1 105.5 2387.4 0.9468021393 0.0141544938 0.3215048313 -0.0347331427 0.9976910949 0.0583617985 -0.3199364245 -0.0664239526 0.9451076984
99.6 308.7 2419.2 0.4816538393 -0.8462232351 0.2278504819 0.7214832902 0.2353086621 -0.6512232423 0.4974650443 0.4780544937 0.7238731980
-0.4 158.9 2315.9 -0.2747763097 -0.8462232351 -0.4565131366 -0.9614180923 0.2353086621 0.1424959153 -0.0131618557 0.4780544937 -0.8782315850
366.1 298.9 2329.2 0.1248449609 0.4144447446 0.9014706016 -0.9881930947 0.1332716942 0.0755844638 -0.0888149291 -0.9002634287 0.4261897504
399.2 36.4 2305.6 -0.1064637303 0.4218516648 0.9003924727 -0.9597453475 0.1931077689 -0.2039564997 -0.2599121630 -0.8858614564 0.3843111992
140.0 -89.1 2426.4 0.7893614769 0.0258582551 0.6133838892 -0.0063453591 0.9994028807 -0.0339657292 -0.6138958931 0.0229190998 0.7890542150
129.8 -486.4 2417.3 0.7861899137 -0.1151990891 0.6071528792 0.0240402613 0.9874293208 0.1562221795 -0.6175172329 -0.1082241908 0.7790763974
314.4 -92.6 2369.5 0.9273157120 0.0147485193 0.3739893734 0.0374016687 0.9905701876 -0.1318021417 -0.3724066317 0.1362100244 0.9180197120
308.6 -486.4 2315.3 0.9313638806 0.0080759386 0.3640001714 -0.0638575256 0.9878802299 0.1414739341 -0.3584460318 -0.1550078690 0.9205916524
76.1 426.6 2319.6 0 0 0 0 0 0 0 0 0
371.3 -215.4 2237.4 0 0 0 0 0 0 0 0 0
163.7 -777.6 2449.2 0 0 0 0 0 0 0 0 0
306.2 -782.3 2361.8 0 0 0 0 0 0 0 0 0
190.9 514.8 2377.1 4 0.9219129086 -0.2072343230 0.3273079097 0.2025872916 0.9780557156 0.0486357771 -0.3302043676 0.0214704704 0.9436652660
235.9 302.6 2372.5 0.9219129086 -0.2072343230 0.3273079097 0.2025872916 0.9780557156 0.0486357771 -0.3302043676 0.0214704704 0.9436652660
231.4 104.5 2387.2 0.9451155066 0.0222924575 0.3259750009 -0.0452005416 0.9969975948 0.0628704876 -0.3235947490 -0.0741541162 0.9432855248
102.9 309.0 2418.0 0.4944176972 -0.8355901241 0.2394583672 0.7193567753 0.2386986166 -0.6523410082 0.4879313409 0.4947849512 0.7191042304
1.0 160.8 2317.4 -0.2795846760 -0.8355901241 -0.4728864431 -0.9600789547 0.2386986166 0.1458471566 -0.0089911027 0.4947849512 -0.8689689040
368.9 296.3 2326.9 0.1138827726 0.4112725556 0.9043703079 -0.9896507263 0.1269547939 0.0668875873 -0.0873051062 -0.9026280642 0.4214741290
399.4 30.8 2303.5 -0.1187155470 0.4196441770 0.8998918533 -0.9585128427 0.1881083101 -0.2141689956 -0.2591519058 -0.8879831433 0.3799029589
140.4 -89.6 2430.0 0.7873794436 0.0248891748 0.6159660220 0.0058528911 0.9988377690 -0.0478414297 -0.6164408326 0.0412745401 0.7863186598
130.5 -486.6 2413.6 0.7863372564 -0.1069888994 0.6084629297 0.0158504862 0.9880601168 0.1532511413 -0.6175941229 -0.1108626425 0.7786443233
