-430.4 498.8 2311.3 0 0.9177306294 0.2651445568 -0.2957514524 -0.2264596373 0.9609851837 0.1588192880 0.3263228238 -0.0787775591 0.9419699907
-497.3 256.2 2331.2 0.9177306294 0.2651445568 -0.2957514524 -0.2264596373 0.9609851837 0.1588192880 0.3263228238 -0.0787775591 0.9419699907
-463.1 65.9 2360.8 0.9382035732 -0.1746662706 -0.2987738252 0.2111311555 0.9729061723 0.0942187682 0.2742220461 -0.1514768451 0.9496615529
-631.0 226.2 2292.2 0.3013511002 -0.6099817157 -0.7328777313 0.9124969840 -0.0385164432 0.4072661698 -0.2766527534 -0.7914788723 0.5449995399
-706.5 -2.4 2361.5 -0.6442873478 -0.6099817157 -0.4613199532 0.6055878401 -0.0385164432 -0.7948458195 0.4670730233 -0.7914788723 0.3942131698
-363.7 286.3 2370.1 0.8744000196 0.3749445379 -0.3079630136 -0.4195877314 0.2655789852 -0.8679941893 -0.2436611801 0.8881916404 0.3895443976
-205.0 210.1 2325.9 -0.5673360825 0.3749445379 0.7331755161 0.8234589100 0.2655789852 0.5013813376 -0.0067258263 0.8881916404 -0.4594239593
-512.2 -148.5 2348.7 0.7995865345 0.0099888621 -0.6004678011 0.0536146723 0.9946818352 0.0879402831 0.5981528163 -0.1025097519 0.7947986722
-516.1 -538.0 2388.9 0.7996620536 -0.1515755206 -0.5810038447 0.0531264283 0.9816790819 -0.1829855740 0.5980954766 0.1154599562 0.7930641770
-342.7 -114.6 2401.2 -0.5841071606 -0.1391020268 -0.7996683121 -0.2202153951 0.9754114151 -0.0088190427 0.7812323570 0.1709480137 -0.6003772020
-288.2 -496.5 2334.2 -0.6044335961 0.0017837791 -0.7966535091 0.0408835486 0.9987492561 -0.0287827030 0.7956057787 -0.0499672554 -0.6037505269
-537.0 -161.6 2238.6 0 0 0 0 0 0 0 0 0
-350.2 421.0 2324.2 0 0 0 0 0 0 0 0 0
-480.7 -767.3 2361.9 0 0 0 0 0 0 0 0 0
-288.7 -764.1 2347.6 0 0 0 0 0 0 0 0 0
-429.6 497.2 2311.3 1 0.9142577648 0.2700785697 -0.3019773066 -0.2282537669 0.9592026472 0.1668247432 0.3347132206 -0.0835933611 0.9386049509
-497.4 256.4 2332.3 0.9142577648 0.2700785697 -0.3019773066 -0.2282537669 0.9592026472 0.1668247432 0.3347132206 -0.0835933611 0.9386049509
-462.6 66.0 2361.2 0.9353787899 -0.1777510494 -0.3057303727 0.2137365490 0.9728937149 0.0882861689 0.2817502022 -0.1479267627 0.9480161071
-630.7 226.0 2292.1 0.3079697192 -0.5854838490 -0.7499088645 0.9091760516 -0.0510910898 0.4132657945 -0.2802740932 -0.8090725541 0.5165733695
-707.8 -1.6 2362.3 -0.6715612411 -0.5854838490 -0.4541080892 0.5896069407 -0.0510910898 -0.8060728312 0.4487417042 -0.8090725541 0.3795161247
-364.1 286.9 2372.4 0.8735521436 0.3792146742 -0.3051276207 -0.4228412509 0.2807717919 -0.8616104126 -0.2410640866 0.8816821575 0.4056164026
-201.1 208.0 2327.4 -0.5737125874 0.3792146742 0.7259821892 0.8189364672 0.2807717919 0.5005100369 -0.0140345534 0.8816821575 -0.4716350138
-513.7 -143.4 2365.6 0.7950866818 0.0057429546 -0.6064686775 0.0360781960 0.9977365136 0.0567469522 0.6054218411 -0.0669990405 0.7930797935
-515.9 -534.0 2391.9 0.7938542962 -0.1494052410 -0.5894687772 0.0443570800 0.9809933901 -0.1889031231 0.6064881086 0.1238144413 0.7853929996
-344.2 -105.3 2415.1 -0.5842087865 -0.1482894272 -0.7979413271 -0.2553175390 0.9668300152 0.0072537670 0.7703980207 0.2079661340 -0.6026914716
-286.1 -483.7 2333.7 -0.6102102399 0.0049472642 -0.7922241092 0.0428901576 0.9987202883 -0.0267993342 0.7910776734 -0.0503318422 -0.6096414924
-531.3 -156.6 2244.4 0 0 0 0 0 0 0 0 0
-348.1 417.7 2323.8 0 0 0 0 0 0 0 0 0
-480.3 -767.9 2362.3 0 0 0 0 0 0 0 0 0
-287.5 -762.7 2347.8 0 0 0 0 0 0 0 0 0
-430.0 498.3 2310.8 2 0.9191879630 0.2717064023 -0.2850774229 -0.2308914661 0.9582241178 0.1688066721 0.3190339208 -0.0893431082 0.9435227513
-498.1 258.1 2333.2 0.9191879630 0.2717064023 -0.2850774229 -0.2308914661 0.9582241178 0.1688066721 0.3190339208 -0.0893431082 0.9435227513
-463.4 67.7 2362.4 0.9408038855 -0.1775322407 -0.2887392938 0.2123151720 0.9726962447 0.0937246084 0.2642164826 -0.1494802088 0.9528091550
-632.2 227.9 2295.5 0.2971088588 -0.5904203653 -0.7504199743 0.9180706739 -0.0393648408 0.3944574296 -0.2624358535 -0.8061353564 0.5303519368
-707.4 -4.6 2362.0 -0.6697762012 -0.5904203653 -0.4503372610 0.5812056661 -0.0393648408 -0.8128039837 0.4621685743 -0.8061353564 0.3695212901
-364.1 288.4 2370.8 0.8702539206 0.3809455335 -0.3123117089 -0.4272271097 0.2680625618 -0.8634926081 -0.2452245504 0.8848858476 0.3960327804
-204.4 210.0 2325.8 -0.5700754523 0.3809455335 0.7279385328 0.8215849996 0.2680625618 0.5031307340 -0.0034676783 0.8848858476 -0.4657950401
-512.3 -143.7 2364.7 0.8056828380 0.0107048387 -0.5922504067 0.0323582925 0.9975483418 0.0620499626 0.5914626718 -0.0691568032 0.8033612370
-516.5 -534.3 2391.8 0.8032544255 -0.1522640139 -0.5758454800 0.0487198494 0.9803301096 -0.1912571490 0.5936402082 0.1255730540 0.7948727608
-343.3 -105.1 2415.6 -0.5715584755 -0.1418966204 -0.8081994057 -0.2480479330 0.9687330723 0.0053377245 0.7821720839 0.2035230100 -0.5888847113
-287.7 -484.4 2335.9 -0.5956088305 -0.0008390404 -0.8032741547 0.0329763889 0.9991309047 -0.0254948325 0.8025974631 -0.0416740291 -0.5950635672
-531.3 -157.4 2240.5 0 0 0 0 0 0 0 0 0
-350.4 420.4 2324.9 0 0 0 0 0 0 0 0 0
-480.1 -768.8 2361.8 0 0 0 0 0 0 0 0 0
-287.5 -764.7 2347.6 0 0 0 0 0 0 0 0 0
-430.3 499.2 2309.5 3 0.9243162274 0.2588314116 -0.2804385722 -0.2191490829 0.9616032243 0.1652057022 0.3124310672 -0.0912444592 0.9455481172
-495.9 255.7 2332.6 0.9243162274 0.2588314116 -0.2804385722 -0.2191490829 0.9616032243 0.1652057022 0.3124310672 -0.0912444592 0.9455481172
-462.7 64.9 2361.5 0.9438691735 -0.1692134440 -0.2836860716 0.2032715827 0.9744981527 0.0950473025 0.2603682578 -0.1473775357 0.9541950822
-630.3 226.7 2295.5 0.3081185818 -0.5949261189 -0.7423785329 0.9116968513 -0.0382876098 0.4090757370 -0.2717937231 -0.8028679490 0.5305951238
-707.8 -2.4 2363.8 -0.6655939817 -0.5949261189 -0.4506079853 0.5834413171 -0.0382876098 -0.8112522960 0.4653824568 -0.8028679490 0.3725884855
-361.4 284.6 2369.7 0.8771157265 0.3706323206 -0.3054500222 -0.4193440676 0.2809549868 -0.8632582426 -0.2341337055 0.8852660656 0.4018525183
-201.7 208.3 2327.1 -0.5729633570 0.3706323206 0.7309888601 0.8193332553 0.2809549868 0.4997572005 -0.0201487970 0.8852660656 -0.4646483064
-513.6 -142.0 2367.8 0.8086201549 0.0057406067 -0.5883030295 0.0311782397 0.9981291294 0.0525940172 0.5875043273 -0.0608708374 0.8069283366
-515.9 -532.8 2391.7 0.8060432673 -0.1503211707 -0.5724489093 0.0488528647 0.9808063507 -0.1887651980 0.5898369551 0.1241871417 0.7979159951
-343.6 -103.6 2415.6 -0.5689580441 -0.1419389844 -0.8100247383 -0.2539741397 0.9671699405 0.0089151710 0.7821661234 0.2107976824 -0.5863279700
-288.0 -482.4 2333.0 -0.5955194831 -0.0023964879 -0.8033372760 0.0388453752 0.9987398982 -0.0317757539 0.8024011254 -0.0501290187 -0.5946760178
-532.7 -155.8 2241.5 0 0 0 0 0 0 0 0 0
-348.4 418.1 2321.9 0 0 0 0 0 0 0 0 0
-479.6 -769.7 2361.7 0 0 0 0 0 0 0 0 0
-287.3 -763.2 2347.1 0 0 0 0 0 0 0 0 0
-431.5 499.5 2310.4 4 0.9253565073 0.2305751592 -0.3009158969 -0.1882603168 0.9684713483 0.1631602943 0.3290491402 -0.0943309218 0.9395894408
-490.0 253.7 2334.3 0.9253565073 0.2305751592 -0.3009158969 -0.1882603168 0.9684713483 0.1631602943 0.3290491402 -0.0943309218 0.9395894408
-462.4 62.4 2365.6 0.9423866272 -0.1411097348 -0.3033075333 0.1820650697 0.9769837260 0.1111537963 0.2806416154 -0.1599715501 0.9463875294
-624.2 227.7 2294.3 0.3201126754 -0.5954613090 -0.7368538976 0.9088873267 -0.0264248271 0.4162037075 -0.2673044503 -0.8029492497 0.5327483416
-706.4 -5.5 2362.9 -0.6643050909 -0.5954613090 -0.4518014491 0.5782639384 -0.0264248271 -0.8154217005 0.4736133218 -0.8029492497 0.3618879616
-355.8 279.7 2374.3 0.8781442046 0.3936088979 -0.2719095647 -0.4037188292 0.3047917783 -0.8626198769 -0.2566590607 0.8672796488 0.4265584648
-197.8 207.0 2328.2 -0.5878672004 0.3936088979 0.7067419291 0.8087696433 0.3047917783 0.5029847026 -0.0174298789 0.8672796488 -0.4975160062
-514.9 -144.3 2366.8 0.7956680655 0.0011009522 -0.6057318449 0.0402241051 0.9976950288 0.0546503365 0.6043958068 -0.0678485483 0.7937898040
-515.3 -535.1 2393.4 0.7961186171 -0.1468052715 -0.5870633721 0.0372410044 0.9801741242 -0.1946067065 0.6039935946 0.1330671906 0.7858020067
-344.3 -107.6 2413.9 -0.5898587704 -0.1457589418 -0.7942423820 -0.2565051913 0.9664536119 0.0131352833 0.7656838298 0.2114752531 -0.6074590683
-287.2 -486.1 2331.1 -0.6176661253 0.0022313553 -0.7864372730 0.0452511311 0.9984400868 -0.0327072702 0.7851374745 -0.0557893477 -0.6168035865
-531.6 -157.6 2238.4 0 0 0 0 0 0 0 0 0
-348.3 414.1 2323.7 0 0 0 0 0 0 0 0 0
-480.2 -769.4 2361.6 0 0 0 0 0 0 0 0 0
-287.8 -765.5 2346.7 0 0 0 0 0 0 0 0 0
-429.8 499.0 2312.3 5 0.9162853360 0.2111176699 -0.3403682113 -0.1708226204 0.9746243954 0.1446614563 0.3622717261 -0.0744085759 0.9290977120
-484.9 244.7 2331.7 0.9162853360 0.2111176699 -0.3403682113 -0.1708226204 0.9746243954 0.1446614563 0.3622717261 -0.0744085759 0.9290977120
-461.7 52.9 2362.9 0.9322080612 -0.1184818000 -0.3419798017 0.1651551127 0.9800403714 0.1106555834 0.3220433593 -0.1596337408 0.9331694245
-617.6 221.2 2285.9 0.3427448571 -0.5987925529 -0.7238600850 0.8904604316 -0.0384470038 0.4534336329 -0.2993429303 -0.7999808192 0.5200235844
-705.7 -7.7 2362.8 -0.6711305976 -0.5987925529 -0.4370711446 0.5691801310 -0.0384470038 -0.8213135004 0.4749923348 -0.7999808192 0.3666237593
-352.2 268.3 2377.6 0.8931024075 0.3983533680 -0.2090041339 -0.3531894684 0.3331701159 -0.8742167354 -0.2786132395 0.8545830846 0.4382492602
-195.9 206.5 2328.8 -0.5945027471 0.3983533680 0.6984848976 0.8032850623 0.3331701159 0.4936909974 -0.0360508189 0.8545830846 -0.5180618167
-519.9 -145.3 2371.5 0.7695465088 -0.0090277782 -0.6385269761 0.0441835374 0.9982565641 0.0391357765 0.6370604038 -0.0583291799 0.7686037421
-516.4 -536.2 2394.4 0.7718049884 -0.1532723159 -0.6171099544 0.0302702766 0.9782695174 -0.2051156163 0.6351383924 0.1396291703 0.7596728802
-349.6 -112.3 2422.2 -0.6223849654 -0.1616832465 -0.7658299208 -0.2764230072 0.9607886672 0.0218039136 0.7322753668 0.2252634317 -0.6426734328
-286.3 -488.6 2334.0 -0.6549437642 -0.0005579517 -0.7556774020 0.0355485268 0.9988698959 -0.0315473340 0.7548410296 -0.0475249477 -0.6541838050
-529.2 -157.4 2237.9 0 0 0 0 0 0 0 0 0
-348.1 412.1 2319.6 0 0 0 0 0 0 0 0 0
-479.8 -769.5 2361.1 0 0 0 0 0 0 0 0 0
-286.2 -764.5 2347.2 0 0 0 0 0 0 0 0 0
-429.6 496.7 2312.3 6 0.9226636887 0.2321832776 -0.3078679740 -0.1944502741 0.9696084261 0.1484878361 0.3329877853 -0.0771393254 0.9397705197
-489.3 247.4 2332.1 0.9226636887 0.2321832776 -0.3078679740 -0.1944502741 0.9696084261 0.1484878361 0.3329877853 -0.0771393254 0.9397705197
-462.7 55.8 2362.6 0.9409651160 -0.1362407655 -0.3098759055 0.1771175712 0.9782767892 0.1077214554 0.2884683609 -0.1562466025 0.9446549416
-623.3 222.1 2291.1 0.3280757070 -0.5881043077 -0.7392561436 0.9027728438 -0.0352330282 0.4286721647 -0.2781501710 -0.8080173135 0.5193654895
-706.7 -7.4 2361.8 -0.6775175333 -0.5881043077 -0.4417049885 0.5670769215 -0.0352330282 -0.8229109645 0.4683948755 -0.8080173135 0.3573713601
-355.4 272.6 2373.2 0.8951246738 0.3704215288 -0.2480719537 -0.3701100945 0.3072364032 -0.8767122030 -0.2485363334 0.8765806556 0.4121116400
-195.2 206.3 2328.7 -0.5981355906 0.3704215288 0.7106487751 0.8009071946 0.3072364032 0.5139586329 -0.0279558394 0.8765806556 -0.4804422855
-522.7 -153.9 2364.9 0.7909784913 -0.0231664702 -0.6114052534 0.0614444613 0.9972388148 0.0417051427 0.6087508798 -0.0705553368 0.7902178764
-513.6 -544.5 2392.6 0.7960782051 -0.1403792799 -0.5886875987 0.0289081447 0.9804359674 -0.1947038621 0.6045029163 0.1379816383 0.7845618129
-354.4 -124.1 2423.1 -0.5939313173 -0.1764966249 -0.7849168777 -0.2746659219 0.9615032673 -0.0083695259 0.7561773658 0.2106189877 -0.6195445657
-285.3 -500.6 2340.6 -0.6200598478 0.0046717129 -0.7845405936 0.0207033958 0.9997314811 -0.0104097687 0.7842813134 -0.0226973332 -0.6199900508
-528.4 -156.5 2238.6 0 0 0 0 0 0 0 0 0
-348.3 411.4 2321.6 0 0 0 0 0 0 0 0 0
-481.3 -770.3 2360.8 0 0 0 0 0 0 0 0 0
-286.5 -766.6 2346.7 0 0 0 0 0 0 0 0 0
-428.7 497.4 2311.3 7 0.9229404330 0.2384367585 -0.3022066057 -0.1975839883 0.9671933651 0.1596795022 0.3303656876 -0.0876634941 0.9397732019
-489.6 250.1 2333.7 0.9229404330 0.2384367585 -0.3022066057 -0.1975839883 0.9671933651 0.1596795022 0.3303656876 -0.0876634941 0.9397732019
-461.1 58.5 2362.4 0.9410839677 -0.1456491649 -0.3052003384 0.1828451902 0.9783539772 0.0969076231 0.2844794393 -0.1470026225 0.9473445415
-623.7 224.0 2293.2 0.3170919716 -0.5895732641 -0.7428701520 0.9107747078 -0.0291236471 0.4118752778 -0.2644657493 -0.8071897030 0.5277335048
-704.9 -9.3 2360.9 -0.6750973463 -0.5895732641 -0.4434489012 0.5664274096 -0.0291236471 -0.8235968947 0.4726558328 -0.8071897030 0.3536117375
-355.6 276.1 2374.2 0.8858796954 0.3881616294 -0.2540624738 -0.3860734999 0.3131994009 -0.8676712513 -0.2572244704 0.8667390943 0.4273158908
-193.2 205.4 2327.1 -0.6032958627 0.3881616294 0.6966812015 0.7973158360 0.3131994009 0.5159395337 -0.0179322027 0.8667390943 -0.4984393120
-521.0 -151.8 2367.0 0.7941766381 -0.0179853067 -0.6074207425 0.0563470162 0.9974351525 0.0441379473 0.6050689816 -0.0692796707 0.7931531072
-513.9 -542.4 2394.2 0.7980227470 -0.1439024508 -0.5851938128 0.0318675637 0.9797891974 -0.1974781901 0.6017841697 0.1389433891 0.7864798307
-351.1 -119.7 2419.1 -0.5905374289 -0.1691880971 -0.7890760303 -0.2672478557 0.9636052251 -0.0066035087 0.7614749670 0.2069792598 -0.6142600775
-284.8 -497.1 2338.1 -0.6154217124 0.0075675780 -0.7881616950 0.0273353122 0.9995573163 -0.0117469765 0.7877238393 -0.0287739895 -0.6153561473
-527.3 -158.2 2236.6 0 0 0 0 0 0 0 0 0
-347.7 409.5 2322.5 0 0 0 0 0 0 0 0 0
-480.6 -769.3 2362.0 0 0 0 0 0 0 0 0 0
-286.8 -763.7 2345.8 0 0 0 0 0 0 0 0 0
-429.2 497.3 2311.3 8 0.9264401197 0.2466241419 -0.2844032645 -0.2080359012 0.9650775194 0.1592056304 0.3137351274 -0.0883283913 0.9453932047
-491.8 252.3 2333.7 0.9264401197 0.2466241419 -0.2844032645 -0.2080359012 0.9650775194 0.1592056304 0.3137351274 -0.0883283913 0.9453932047
-463.3 60.9 2364.1 0.9467549324 -0.1458039582 -0.2870475948 0.1832990646 0.9770771861 0.1082662344 0.2646820247 -0.1551171392 0.9517784119
-626.7 226.1 2296.0 0.3032831550 -0.5959481597 -0.7435489893 0.9164065123 -0.0314671546 0.3990099728 -0.2611866295 -0.8024061322 0.5365873575
-705.1 -10.7 2363.5 -0.6724559665 -0.5959481597 -0.4389177263 0.5657177567 -0.0314671546 -0.8239983320 0.4772488177 -0.8024061322 0.3582987487
-357.0 278.4 2371.4 0.8826349378 0.3886330426 -0.2644237876 -0.3927800059 0.3007453382 -0.8690662384 -0.2582236230 0.8709285855 0.4180956185
-200.3 208.7 2325.6 -0.5848404169 0.3886330426 0.7119873762 0.8109245896 0.3007453382 0.5019497275 -0.0190526322 0.8709285855 -0.4910401106
-517.6 -149.6 2365.4 0.8057766557 -0.0068097585 -0.5921804309 0.0438256934 0.9978777766 0.0481583178 0.5905957222 -0.0647575632 0.8043650389
-514.9 -540.5 2390.8 0.8051534891 -0.1505695879 -0.5736345649 0.0479302853 0.9805912971 -0.1901140511 0.5911265016 0.1255765259 0.7967433929
-347.6 -116.5 2416.9 -0.5760858655 -0.1595295817 -0.8016703725 -0.2613702416 0.9652292132 -0.0042547458 0.7744744420 0.2070816904 -0.5977512002
-285.1 -494.6 2335.8 -0.6006874442 0.0077411635 -0.7994464636 0.0358600616 0.9992076159 -0.0172690228 0.7986793518 -0.0390414856 -0.6004890203
-528.2 -159.6 2238.0 0 0 0 0 0 0 0 0 0
-350.1 416.3 2320.7 0 0 0 0 0 0 0 0 0
-479.7 -769.8 2361.4 0 0 0 0 0 0 0 0 0
-287.2 -765.1 2346.3 0 0 0 0 0 0 0 0 0
-429.2 498.2 2310.3 9 0.9330837131 0.2281708717 -0.2780158520 -0.1918618083 0.9696056247 0.1518353522 0.3042101562 -0.0883344635 0.9485005140
-487.5 250.4 2332.9 0.9330837131 0.2281708717 -0.2780158520 -0.1918618083 0.9696056247 0.1518353522 0.3042101562 -0.0883344635 0.9485005140
-460.9 58.9 2364.2 0.9504205585 -0.1359689534 -0.2796663046 0.1742958724 0.9777203798 0.1169778258 0.2575300932 -0.1599228084 0.9529443383
-622.9 225.6 2296.2 0.3130758405 -0.5895007849 -0.7446289659 0.9147714376 -0.0235847887 0.4032828212 -0.2552974522 -0.8074234128 0.5318746567
-703.9 -11.0 2362.2 -0.6730121374 -0.5895007849 -0.4467029274 0.5671138763 -0.0235847887 -0.8233016133 0.4748015702 -0.8074234128 0.3501869440
-352.1 275.2 2369.6 0.8886200786 0.3747654855 -0.2643959522 -0.3910952210 0.3180345595 -0.8636541963 -0.2395807207 0.8708643913 0.4291808903
-196.8 206.9 2327.7 -0.5885290504 0.3747654855 0.7163688540 0.8074054122 0.3180345595 0.4969411492 -0.0415936671 0.8708643913 -0.4897602797
-520.2 -147.0 2370.5 0.8099916577 -0.0141105447 -0.5862715840 0.0432293601 0.9984273314 0.0356951766 0.5848459005 -0.0542569421 0.8093277812
-514.7 -538.0 2391.7 0.8097475767 -0.1492678225 -0.5674750805 0.0448390432 0.9800158739 -0.1937997490 0.5850626230 0.1314838380 0.8002585173
-349.2 -113.9 2418.3 -0.5710487366 -0.1602665633 -0.8051198721 -0.2684891820 0.9632818103 -0.0013183954 0.7757685781 0.2154130936 -0.5931106806
-286.4 -491.2 2333.9 -0.5986191630 0.0031489851 -0.8010275960 0.0380545892 0.9989749789 -0.0245115757 0.8001293540 -0.0451558754 -0.5981253982
-526.9 -160.2 2237.3 0 0 0 0 0 0 0 0 0
-347.5 413.6 2317.0 0 0 0 0 0 0 0 0 0
-479.5 -768.9 2360.8 0 0 0 0 0 0 0 0 0
-287.3 -763.7 2346.3 0 0 0 0 0 0 0 0 0
-430.6 497.2 2311.8 0 0.9366666675 0.2165210247 -0.2752710879 -0.1832664162 0.9728136063 0.1415878981 0.2984442115 -0.0821727216 0.9508830905
-485.9 248.7 2332.8 0.9366666675 0.2165210247 -0.2752710879 -0.1832664162 0.9728136063 0.1415878981 0.2984442115 -0.0821727216 0.9508830905
-458.6 57.5 2365.3 0.9509443641 -0.1397256404 -0.2760101557 0.1790788919 0.9761368632 0.1228313595 0.2522609830 -0.1662333757 0.9532737732
-621.4 223.2 2296.8 0.3208528161 -0.5770837665 -0.7510178685 0.9139147401 -0.0195091311 0.4054371119 -0.2486228794 -0.8164519072 0.5211457610
-703.6 -10.9 2360.5 -0.6782689095 -0.5770837665 -0.4548907876 0.5682867765 -0.0195091311 -0.8225992918 0.4658341408 -0.8164519072 0.3411814868
-350.4 274.2 2368.7 0.8912127018 0.3650959432 -0.2691558003 -0.3903867006 0.3152604103 -0.8649908304 -0.2309504598 0.8759656549 0.4234926999
-195.4 206.3 2328.6 -0.5945288539 0.3650959432 0.7164080143 0.8030174971 0.3152604103 0.5057408214 -0.0412111767 0.8759656549 -0.4806098342
-520.1 -148.3 2372.2 0.8124795556 -0.0122258654 -0.5828614831 0.0386290886 0.9987119436 0.0328984298 0.5817084908 -0.0492447056 0.8119053245
-515.3 -539.5 2391.5 0.8109197021 -0.1547052711 -0.5643362999 0.0487775691 0.9789327979 -0.1982707232 0.5831208825 0.1332546771 0.8013820648
-348.4 -116.8 2418.8 -0.5672125220 -0.1611328721 -0.8076547384 -0.2630442083 0.9647527337 -0.0077402014 0.7804343104 0.2080585510 -0.5896049142
-285.2 -494.7 2337.3 -0.5906735659 0.0075083044 -0.8068757057 0.0295743421 0.9994862676 -0.0123492815 0.8063684702 -0.0311572123 -0.5905922055
-525.2 -160.4 2238.0 0 0 0 0 0 0 0 0 0
-347.7 411.9 2318.0 0 0 0 0 0 0 0 0 0
-478.9 -769.9 2360.1 0 0 0 0 0 0 0 0 0
-287.3 -765.0 2345.7 0 0 0 0 0 0 0 0 0
-430.2 499.5 2310.5 1 0.9321140647 0.2368159592 -0.2740101218 -0.2008046806 0.9675847888 0.1531573087 0.3013980985 -0.0877375677 0.9494531751
-490.2 254.3 2332.8 0.9321140647 0.2368159592 -0.2740101218 -0.2008046806 0.9675847888 0.1531573087 0.3013980985 -0.0877375677 0.9494531751
-461.6 63.6 2366.9 0.9502694011 -0.1459085047 -0.2751341462 0.1869227141 0.9738478065 0.1291524619 0.2490943223 -0.1741584539 0.9526913762
-625.7 227.7 2297.3 0.3087435961 -0.5850335956 -0.7499420643 0.9163285494 -0.0284243319 0.3994171917 -0.2549890876 -0.8105108142 0.5273071527
-705.6 -9.6 2363.3 -0.6799250245 -0.5850335956 -0.4420833588 0.5619581342 -0.0284243319 -0.8266771436 0.4710679948 -0.8105108142 0.3480907977
-354.8 280.9 2368.3 0.8790043592 0.3774142563 -0.2913928628 -0.4118461013 0.2929992974 -0.8628639579 -0.2402792722 0.8784701824 0.4129842520
-201.5 209.1 2326.4 -0.5801827312 0.3774142563 0.7217661738 0.8141811490 0.2929992974 0.5012589097 -0.0222947244 0.8784701824 -0.4772767127
-517.1 -149.9 2375.1 0.8134636879 -0.0070417975 -0.5815730095 0.0288034566 0.9991875291 0.0281899087 0.5809020400 -0.0396827832 0.8130056262
-514.4 -541.2 2390.6 0.8105325103 -0.1553444713 -0.5647168756 0.0482901558 0.9786267877 -0.1998940259 0.5836995244 0.1347503364 0.8007104397
-345.2 -117.5 2420.7 -0.5641669631 -0.1507679373 -0.8117786646 -0.2606531680 0.9654307365 0.0018427511 0.7834382653 0.2126322985 -0.5839623213
-286.2 -495.6 2337.4 -0.5883228779 0.0013485686 -0.8086249828 0.0261067636 0.9995089769 -0.0173273161 0.8082045913 -0.0313046388 -0.5880692005
-526.7 -157.4 2239.4 0 0 0 0 0 0 0 0 0
-350.1 417.6 2320.7 0 0 0 0 0 0 0 0 0
-478.2 -769.4 2359.2 0 0 0 0 0 0 0 0 0
-286.6 -763.0 2345.8 0 0 0 0 0 0 0 0 0
-431.3 499.4 2311.9 2 0.9275144339 0.2436459064 -0.2834672630 -0.2077867240 0.9664768577 0.1508214474 0.3107115626 -0.0809883401 0.9470476508
-492.9 255.0 2332.4 0.9275144339 0.2436459064 -0.2834672630 -0.2077867240 0.9664768577 0.1508214474 0.3107115626 -0.0809883401 0.9470476508
-464.0 64.5 2367.1 0.9471997023 -0.1478764862 -0.2845089138 0.1908709109 0.9730053544 0.1297261715 0.2576452494 -0.1771810651 0.9498556852
-627.9 227.8 2295.7 0.2981402576 -0.5877410173 -0.7521122694 0.9183728695 -0.0381657556 0.3938713968 -0.2601993084 -0.8081483841 0.5283866525
-704.9 -9.5 2362.9 -0.6812502742 -0.5877410173 -0.4364155233 0.5621635318 -0.0381657556 -0.8261449933 0.4689031839 -0.8081483841 0.3564070165
-357.9 282.2 2369.1 0.8762380481 0.3795808554 -0.2968589962 -0.4119129479 0.2703118622 -0.8702064157 -0.2500692010 0.8847880363 0.3932118118
-204.7 210.2 2325.4 -0.5678233504 0.3795808554 0.7304074168 0.8231128454 0.2703118622 0.4994164407 -0.0078688608 0.8847880363 -0.4659272432
-519.0 -144.0 2378.5 0.8078681827 -0.0139686530 -0.5891976953 0.0339923762 0.9991592169 0.0229200646 0.5883821249 -0.0385446213 0.8076637387
-513.5 -535.4 2393.6 0.8082609773 -0.1434168518 -0.5710917711 0.0313315690 0.9789858460 -0.2015069872 0.5879902840 0.1449770331 0.7957695127
-347.2 -110.2 2423.5 -0.5681897998 -0.1601285040 -0.8071674109 -0.2755068839 0.9612936378 0.0032331580 0.7754071951 0.2242172360 -0.5903137326
-284.5 -486.8 2335.7 -0.5939875245 0.0101251611 -0.8044105172 0.0341736972 0.9993357658 -0.0126556195 0.8037480712 -0.0350069627 -0.5939390063
-525.7 -157.3 2239.5 0 0 0 0 0 0 0 0 0
-350.1 420.9 2323.4 0 0 0 0 0 0 0 0 0
-479.2 -769.5 2358.9 0 0 0 0 0 0 0 0 0
-287.3 -764.0 2345.4 0 0 0 0 0 0 0 0 0
-430.8 498.5 2310.6 3 0.9109816551 0.2295319885 -0.3426769376 -0.1841605008 0.9697852731 0.1600046307 0.3690492213 -0.0826537311 0.9257273078
-489.4 251.1 2331.7 0.9109816551 0.2295319885 -0.3426769376 -0.1841605008 0.9697852731 0.1600046307 0.3690492213 -0.0826537311 0.9257273078
-462.0 59.6 2361.7 0.9280470610 -0.1389135867 -0.3455888033 0.1827119887 0.9783294797 0.0974049792 0.3245688677 -0.1535396278 0.9333170056
-621.3 225.3 2285.5 0.3181981742 -0.5907040238 -0.7414976358 0.9023884535 -0.0510276295 0.4278915823 -0.2905941308 -0.8052732348 0.5168075562
-704.1 -9.4 2361.1 -0.6824925542 -0.5907040238 -0.4304331839 0.5639774799 -0.0510276295 -0.8242120743 0.4649013877 -0.8052732348 0.3679697514
-357.4 277.0 2377.8 0.8788141012 0.4144230187 -0.2365149260 -0.3823447824 0.3150405586 -0.8686552644 -0.2854789197 0.8538167477 0.4353145659
-200.3 208.6 2326.8 -0.5833640695 0.4144230187 0.6985269785 0.8120436668 0.3150405586 0.4912580848 -0.0164756700 0.8538167477 -0.5203129053
-520.6 -143.4 2378.5 0.7677893639 -0.0195073131 -0.6404052973 0.0335860699 0.9993875623 0.0098244995 0.6398214102 -0.0290518422 0.7679743171
-513.0 -534.8 2389.9 0.7690466046 -0.1391673982 -0.6238588095 0.0249287263 0.9817981124 -0.1882844865 0.6387064457 0.1292475462 0.7585177422
-349.4 -108.9 2425.1 -0.6195659637 -0.1629759371 -0.7678390741 -0.2833133936 0.9586983919 0.0251179729 0.7320324779 0.2331013232 -0.6401501298
-285.6 -484.4 2333.8 -0.6516359448 0.0046181991 -0.7585178614 0.0348508246 0.9991077185 -0.0238570143 0.7577308416 -0.0419810601 -0.6512154341
-524.6 -157.8 2238.8 0 0 0 0 0 0 0 0 0
-349.6 416.5 2322.5 0 0 0 0 0 0 0 0 0
-479.6 -770.6 2358.8 0 0 0 0 0 0 0 0 0
-286.8 -762.8 2345.5 0 0 0 0 0 0 0 0 0
-430.3 497.9 2309.4 4 0.9182363749 0.2271102369 -0.3244424462 -0.1790940911 0.9688053727 0.1712935716 0.3532241285 -0.0991822556 0.9302664399
-487.3 254.6 2334.3 0.9182363749 0.2271102369 -0.3244424462 -0.1790940911 0.9688053727 0.1712935716 0.3532241285 -0.0991822556 0.9302664399
-460.2 62.8 2363.3 0.9345675707 -0.1381002963 -0.3278898001 0.1783355176 0.9792907834 0.0958439410 0.3078633845 -0.1480470449 0.9398415685
-620.3 229.3 2290.5 0.3274484277 -0.5952724218 -0.7337767482 0.9032183886 -0.0308298562 0.4280724525 -0.2774419487 -0.8029323220 0.5275658369
-705.7 -6.4 2362.9 -0.6678777933 -0.5952724218 -0.4467549622 0.5745691061 -0.0308298562 -0.8178752065 0.4730851650 -0.8029323220 0.3626157343
-354.3 279.9 2378.1 0.8713967800 0.4260570109 -0.2431934476 -0.4032178223 0.3396559358 -0.8497347832 -0.2794333696 0.8385161161 0.4677688777
-197.3 207.3 2327.8 -0.5922194123 0.4260570109 0.6839236617 0.8053787947 0.3396559358 0.4857971072 -0.0253214780 0.8385161161 -0.5442880988
-518.4 -148.4 2362.4 0.7793446779 -0.0100320689 -0.6265151501 0.0497362129 0.9977074265 0.0458928756 0.6246184707 -0.0669268593 0.7780569196
-514.4 -538.9 2388.6 0.7814820409 -0.1453575939 -0.6067593694 0.0358390957 0.9813356996 -0.1889331937 0.6228975058 0.1259021908 0.7721057534
-351.0 -115.5 2420.9 -0.6076188684 -0.1621067524 -0.7775092721 -0.2792548239 0.9600469470 0.0180710535 0.7435160279 0.2281035483 -0.6286117435
-287.5 -491.6 2331.6 -0.6403718591 -0.0017043503 -0.7680631280 0.0353724733 0.9988710284 -0.0317082778 0.7672500610 -0.0474733822 -0.6395885944
-530.1 -157.5 2238.5 0 0 0 0 0 0 0 0 0
-349.0 413.5 2321.3 0 0 0 0 0 0 0 0 0
-480.2 -770.3 2358.9 0 0 0 0 0 0 0 0 0
-287.0 -765.1 2344.6 0 0 0 0 0 0 0 0 0
-429.0 497.5 2308.9 5 0.9153195620 0.2514375746 -0.3145937026 -0.2052056044 0.9633284807 0.1728841066 0.3465266526 -0.0936878175 0.9333497882
-492.1 255.7 2332.4 0.9153195620 0.2514375746 -0.3145937026 -0.2052056044 0.9633284807 0.1728841066 0.3465266526 -0.0936878175 0.9333497882
-460.7 65.3 2365.2 0.9346120358 -0.1602132022 -0.3175407052 0.2042289972 0.9726845622 0.1103416681 0.2911887467 -0.1679776758 0.9418028593
-625.2 226.7 2290.9 0.3156435192 -0.5952063799 -0.7389848232 0.9072248340 -0.0389087498 0.4188427031 -0.2780508101 -0.8026303649 0.5277047157
-706.0 -5.6 2362.1 -0.6701789498 -0.5952063799 -0.4433842003 0.5751544237 -0.0389087498 -0.8171190023 0.4691029191 -0.8026303649 0.3684113920
-359.1 284.8 2373.8 0.8754122257 0.3974370062 -0.2751313448 -0.4193103015 0.3411993682 -0.8412858248 -0.2404834926 0.8518373370 0.4653395414
-195.1 206.2 2328.8 -0.5976912975 0.3974370062 0.6962822080 0.8006343842 0.3411993682 0.4925114512 -0.0418287665 0.8518373370 -0.5221336484
-517.4 -145.0 2364.5 0.7868852019 -0.0075460952 -0.6170532703 0.0454118326 0.9979221821 0.0457067192 0.6154262424 -0.0639874637 0.7855928540
-514.5 -535.7 2389.5 0.7881966233 -0.1447188109 -0.5981659889 0.0367300548 0.9812877178 -0.1890115440 0.6143264174 0.1270075887 0.7787631750
-348.7 -112.8 2420.1 -0.5907729268 -0.1657215208 -0.7896351814 -0.2815146148 0.9595124125 0.0092439642 0.7561328411 0.2277549356 -0.6135069728
-283.8 -488.7 2330.8 -0.6208576560 0.0141618447 -0.7837953568 0.0507118888 0.9984681010 -0.0221291352 0.7822813392 -0.0534867868 -0.6206247807
-529.7 -156.9 2238.8 0 0 0 0 0 0 0 0 0
-348.2 411.2 2318.1 0 0 0 0 0 0 0 0 0
-480.0 -769.5 2359.3 0 0 0 0 0 0 0 0 0
-287.7 -764.0 2345.6 0 0 0 0 0 0 0 0 0
-428.0 497.3 2309.1 6 0.9024345279 0.2804800868 -0.3270212412 -0.2300910652 0.9555061460 0.1845700890 0.3642390370 -0.0913177431 0.9268176556
-498.0 258.8 2331.9 0.9024345279 0.2804800868 -0.3270212412 -0.2300910652 0.9555061460 0.1845700890 0.3642390370 -0.0913177431 0.9268176556
-463.3 69.0 2365.0 0.9266855717 -0.1772996634 -0.3313889205 0.2223546803 0.9695010185 0.1030833423 0.3030052781 -0.1692117304 0.9378460646
-630.0 227.2 2288.7 0.2952278554 -0.5983013511 -0.7448999882 0.9126191735 -0.0541661382 0.4052064419 -0.2827839255 -0.7994382381 0.5300299525
-706.2 -8.3 2361.7 -0.6801404953 -0.5983013511 -0.4236087501 0.5617926121 -0.0541661382 -0.8255029321 0.4709542692 -0.7994382381 0.3729618788
-366.0 290.5 2375.0 0.8665902019 0.4114554226 -0.2823575735 -0.4274390638 0.3200367093 -0.8455012441 -0.2575212717 0.8533937931 0.4532127976
-201.3 209.2 2326.1 -0.5825135112 0.4114554226 0.7009868026 0.8124714494 0.3200367093 0.4873055220 -0.0238370039 0.8533937931 -0.5207214952
-513.7 -143.5 2371.8 0.7784822583 0.0067078355 -0.6276307702 0.0208737850 0.9991130829 0.0365688838 0.6273194551 -0.0415692553 0.7776517868
-516.3 -534.7 2388.1 0.7753058076 -0.1518730372 -0.6130542159 0.0426332429 0.9810289145 -0.1891154945 0.6301454306 0.1204858497 0.7670722604
-344.9 -106.7 2424.3 -0.5963959098 -0.1565617621 -0.7872740030 -0.2832626998 0.9587439299 0.0239231382 0.7510487437 0.2372730076 -0.6161390543
-283.6 -482.2 2331.4 -0.6267585158 0.0135281943 -0.7790961266 0.0475520939 0.9986497760 -0.0209136624 0.7777612209 -0.0501554683 -0.6265555620
-527.3 -156.1 2237.8 0 0 0 0 0 0 0 0 0
-350.4 417.2 2319.9 0 0 0 0 0 0 0 0 0
-480.0 -769.4 2359.2 0 0 0 0 0 0 0 0 0
-287.4 -762.9 2345.5 0 0 0 0 0 0 0 0 0
-427.8 496.4 2309.2 7 0.9170653820 0.2520714700 -0.3089514971 -0.2061850578 0.9629786611 0.1736656874 0.3412898779 -0.0955616161 0.9350878000
-491.4 253.4 2333.3 0.9170653820 0.2520714700 -0.3089514971 -0.2061850578 0.9629786611 0.1736656874 0.3412898779 -0.0955616161 0.9350878000
-462.5 62.0 2362.0 0.9381513596 -0.1475058645 -0.3132316172 0.1852521151 0.9781646729 0.0942098424 0.2924956083 -0.1464099139 0.9449923038
-624.9 227.0 2291.7 0.3108935654 -0.5875502229 -0.7470809221 0.9134551287 -0.0324427560 0.4056442380 -0.2625737190 -0.8085370660 0.5266145468
-706.0 -11.0 2360.1 -0.6835116148 -0.5875502229 -0.4331241846 0.5547256470 -0.0324427560 -0.8314005733 0.4744378626 -0.8085370660 0.3481041789
-357.8 279.8 2374.9 0.8697350621 0.4314185381 -0.2396642119 -0.3924500644 0.3101410568 -0.8659073114 -0.2992387712 0.8471661806 0.4390507936
-204.0 210.4 2321.9 -0.5684589148 0.4314185381 0.7005230188 0.8226288557 0.3101410568 0.4765440822 -0.0116709890 0.8471661806 -0.5311998129
-512.2 -140.9 2370.8 0.7893307209 0.0078210859 -0.6139184237 0.0234668646 0.9988039136 0.0428963341 0.6135195494 -0.0482661352 0.7882030606
-515.3 -532.0 2389.7 0.7870395184 -0.1447468549 -0.5996809006 0.0397496857 0.9819624424 -0.1848506331 0.6156206131 0.1216476336 0.7785968781
-344.8 -100.7 2425.5 -0.5937130451 -0.1518189013 -0.7902252078 -0.2798954248 0.9596806169 0.0259165410 0.7544291615 0.2365674078 -0.6122683287
-285.4 -476.6 2332.8 -0.6240121722 0.0051477319 -0.7813976407 0.0374716148 0.9990250468 -0.0233428292 0.7805156708 -0.0438464433 -0.6235966682
-526.2 -156.9 2235.3 0 0 0 0 0 0 0 0 0
-349.5 421.0 2319.0 0 0 0 0 0 0 0 0 0
-480.3 -769.3 2360.3 0 0 0 0 0 0 0 0 0
-286.8 -763.1 2345.4 0 0 0 0 0 0 0 0 0
-427.3 498.2 2309.2 8 0.9225071669 0.2243386805 -0.3140901923 -0.1825989783 0.9705825448 0.1569305062 0.3400560319 -0.0874169692 0.9363333583
-485.4 247.0 2331.8 0.9225071669 0.2243386805 -0.3140901923 -0.1825989783 0.9705825448 0.1569305062 0.3400560319 -0.0874169692 0.9363333583
-458.6 56.4 2366.6 0.9390054345 -0.1369813085 -0.3154439628 0.1847615689 0.9745708108 0.1267868131 0.2900550663 -0.1773354411 0.9404361844
-619.1 220.7 2290.5 0.3469861746 -0.5896776319 -0.7293016911 0.8930629492 -0.0297413077 0.4489476681 -0.2864247859 -0.8070909381 0.5162994266
-707.5 -6.7 2363.5 -0.6763169765 -0.5896776319 -0.4414472580 0.5644032955 -0.0297413077 -0.8249632716 0.4733331501 -0.8070909381 0.3529305458
-351.6 273.4 2373.1 0.8807889223 0.4129343331 -0.2317242473 -0.3784042895 0.3196553886 -0.8686947823 -0.2846419811 0.8528221846 0.4378050268
-198.0 207.3 2323.5 -0.5820741057 0.4129343331 0.7004819512 0.8128154278 0.3196553886 0.4869820178 -0.0228212401 0.8528221846 -0.5217025280
-518.4 -146.1 2364.3 0.7874501348 -0.0182663742 -0.6161076427 0.0485752635 0.9982910752 0.0324869156 0.6144613624 -0.0555094182 0.7869917154
-511.3 -537.0 2386.0 0.7891775370 -0.1285369396 -0.6005639434 0.0358352624 0.9858252406 -0.1639035642 0.6131187677 0.1078276485 0.7825973034
-349.0 -112.7 2417.1 -0.5961316824 -0.1610904485 -0.7865601778 -0.2690608203 0.9631000757 0.0066739568 0.7564610243 0.2156110853 -0.6174775958
-285.9 -489.8 2332.6 -0.6243963838 0.0065864492 -0.7810798883 0.0402439982 0.9989076257 -0.0237478297 0.7800702453 -0.0462618358 -0.6239793897
-529.6 -155.2 2239.0 0 0 0 0 0 0 0 0 0
-347.0 415.4 2317.6 0 0 0 0 0 0 0 0 0
-480.9 -769.7 2360.6 0 0 0 0 0 0 0 0 0
-287.7 -764.6 2345.4 0 0 0 0 0 0 0 0 0
-427.7 497.1 2310.8 9 0.9246325493 0.2237362117 -0.3082155287 -0.1830349267 0.9707213044 0.1555582434 0.3339953721 -0.0874200091 0.9385120273
-484.9 248.8 2333.1 0.9246325493 0.2237362117 -0.3082155287 -0.1830349267 0.9707213044 0.1555582434 0.3339953721 -0.0874200091 0.9385120273
-457.3 57.7 2365.1 0.9401797652 -0.1412389725 -0.3100218177 0.1839217693 0.9764326811 0.1129248813 0.2867660224 -0.1631894410 0.9439991713
-618.9 222.6 2292.3 0.3478520215 -0.5830224156 -0.7342233062 0.8973681331 -0.0197652020 0.4408398271 -0.2715315819 -0.8122156262 0.5163103342
-707.7 -6.5 2361.6 -0.6731486917 -0.5830224156 -0.4549238086 0.5715224147 -0.0197652020 -0.8203483820 0.4692898393 -0.8122156262 0.3465152979
-350.9 275.0 2374.0 0.8756673336 0.4242031574 -0.2307778001 -0.3879627883 0.3333960474 -0.8592624664 -0.2875614464 0.8419612646 0.4565190673
-194.2 205.6 2322.5 -0.5957524776 0.4242031574 0.6820048690 0.8029708266 0.3333960474 0.4940495491 -0.0178003535 0.8419612646 -0.5392442942
-516.6 -151.0 2375.1 0.7913044691 -0.0149671771 -0.6112390757 0.0306297950 0.9994155169 0.0151807470 0.6106545925 -0.0307347216 0.7913004160
-510.7 -542.3 2387.1 0.7901634574 -0.1371933222 -0.5973439217 0.0390204489 0.9839084744 -0.1743604392 0.6116527915 0.1144646183 0.7828018069
-346.9 -117.6 2427.5 -0.5895780921 -0.1612329483 -0.7914553881 -0.2871102691 0.9577135444 0.0187742058 0.7549605370 0.2383038402 -0.6109385490
-283.8 -492.6 2334.2 -0.6185097098 0.0159748849 -0.7856147289 0.0426888913 0.9989999533 -0.0132947946 0.7846167088 -0.0417599827 -0.6185731292
-530.6 -156.9 2238.2 0 0 0 0 0 0 0 0 0
-346.7 411.2 2317.9 0 0 0 0 0 0 0 0 0
-479.1 -768.9 2360.8 0 0 0 0 0 0 0 0 0
-288.1 -763.1 2345.5 0 0 0 0 0 0 0 0 0
-427.7 496.7 2309.5 0 0.9203657508 0.2311147302 -0.3154566288 -0.1868609786 0.9685323834 0.1644018739 0.3435256779 -0.0923633128 0.9345903397
-486.3 251.1 2332.9 0.9203657508 0.2311147302 -0.3154566288 -0.1868609786 0.9685323834 0.1644018739 0.3435256779 -0.0923633128 0.9345903397
-458.9 59.9 2365.1 0.9377391338 -0.1399992555 -0.3178765774 0.1839956939 0.9764394760 0.1127455458 0.2946029305 -0.1642138362 0.9414047599
-619.9 224.8 2291.0 0.3436433077 -0.5807006955 -0.7380352020 0.8986861110 -0.0247193910 0.4378951788 -0.2725298107 -0.8137417436 0.5133730173
-707.7 -4.7 2360.6 -0.6706843972 -0.5807006955 -0.4614857733 0.5811185241 -0.0247193910 -0.8134434223 0.4609595239 -0.8137417436 0.3540348411
-352.7 277.3 2374.9 0.8682555556 0.4369904995 -0.2348862439 -0.3929790556 0.3168042302 -0.8632511497 -0.3028195798 0.8418279886 0.4467951655
-201.3 208.8 2322.1 -0.5787962079 0.4369904995 0.6885014772 0.8154469132 0.3168042302 0.4844392538 -0.0064248308 0.8418279886 -0.5397076607
-514.6 -150.1 2371.1 0.7861711979 -0.0087639606 -0.6179466248 0.0325996839 0.9990954399 0.0273047853 0.6171483397 -0.0416110978 0.7857457995
-511.2 -541.3 2387.4 0.7856785655 -0.1366344243 -0.6033574939 0.0361848436 0.9837846756 -0.1756656617 0.6175758243 0.1161843464 0.7778825760
-344.7 -116.8 2422.9 -0.5978168845 -0.1556662023 -0.7863733172 -0.2751683295 0.9612100124 0.0189126022 0.7529258728 0.2276913077 -0.6174619794
-283.7 -493.3 2333.8 -0.6247078776 0.0188790262 -0.7806302905 0.0473742448 0.9987824559 -0.0137568628 0.7794201374 -0.0455757938 -0.6248416305
-531.3 -157.6 2239.3 0 0 0 0 0 0 0 0 0
-349.5 417.5 2320.5 0 0 0 0 0 0 0 0 0
-479.4 -769.7 2360.4 0 0 0 0 0 0 0 0 0
-288.8 -762.2 2346.0 0 0 0 0 0 0 0 0 0
-427.3 493.7 2303.4 1 0.9164347649 0.2256013751 -0.3305319250 -0.1670134068 0.9661945105 0.1964043826 0.3636672497 -0.1247885451 0.9231326580
-484.0 251.0 2334.7 0.9164347649 0.2256013751 -0.3305319250 -0.1670134068 0.9661945105 0.1964043826 0.3636672497 -0.1247885451 0.9231326580
-457.4 59.1 2363.5 0.9323514104 -0.1353079230 -0.3352798223 0.1760350764 0.9798783660 0.0940743834 0.3158044517 -0.1467314065 0.9374099970
-616.8 225.9 2289.8 0.3524950147 -0.5807866454 -0.7337806821 0.8943946958 -0.0216109697 0.4467561245 -0.2753277123 -0.8137689233 0.5118347406
-707.4 -3.8 2360.5 -0.6675169468 -0.5807866454 -0.4659484327 0.5848200917 -0.0216109697 -0.8108751178 0.4608758390 -0.8137689233 0.3540813923
-351.1 276.0 2379.7 0.8688660264 0.4456006885 -0.2156661153 -0.3893629313 0.3460775614 -0.8535963893 -0.3057259321 0.8256332874 0.4741954207
-197.4 207.1 2325.6 -0.5908949971 0.4456006885 0.6725199819 0.8065209985 0.3460775614 0.4793267846 -0.0191557389 0.8256332874 -0.5638818145
-516.2 -148.0 2370.6 0.7744127512 -0.0057821833 -0.6326543093 0.0358814374 0.9987502098 0.0347932242 0.6316624284 -0.0496448614 0.7736523151
-514.0 -539.1 2390.1 0.7749283314 -0.1449661106 -0.6151998639 0.0324243158 0.9811782241 -0.1903626472 0.6312168241 0.1275699735 0.7650432587
-346.7 -114.7 2423.9 -0.6132049561 -0.1658136547 -0.7723247409 -0.2838059068 0.9586832523 0.0195104703 0.7371796966 0.2311542332 -0.6349282265
-281.8 -490.2 2333.3 -0.6412802935 0.0263995621 -0.7668524384 0.0530892313 0.9985395074 -0.0100202728 0.7654679418 -0.0471374094 -0.6417452097
-531.8 -157.6 2239.2 0 0 0 0 0 0 0 0 0
-348.7 413.6 2320.7 0 0 0 0 0 0 0 0 0
-480.1 -768.5 2360.3 0 0 0 0 0 0 0 0 0
-289.0 -764.0 2346.3 0 0 0 0 0 0 0 0 0
-429.2 495.5 2306.3 2 0.9136201143 0.2269543409 -0.3373278081 -0.1717587262 0.9674736261 0.1857247204 0.3685067892 -0.1117428467 0.9228847623
-486.6 250.9 2334.6 0.9136201143 0.2269543409 -0.3373278081 -0.1717587262 0.9674736261 0.1857247204 0.3685067892 -0.1117428467 0.9228847623
-458.7 59.3 2364.1 0.9291350245 -0.1422119588 -0.3412973285 0.1844756603 0.9782755971 0.0945812017 0.3204322755 -0.1508397609 0.9351847768
-619.0 224.6 2288.9 0.3491596878 -0.5889872909 -0.7288219929 0.8934936523 -0.0251462106 0.4483712018 -0.2824120522 -0.8077509403 0.5174763799
-707.7 -2.3 2360.7 -0.6623841524 -0.5889872909 -0.4629699886 0.5876258612 -0.0251462106 -0.8087419271 0.4646967947 -0.8077509403 0.3627606332
-354.2 277.2 2380.2 0.8691410422 0.4433371425 -0.2191940546 -0.3883388340 0.3373279274 -0.8575562835 -0.3062462807 0.8304589391 0.4653505683
-194.1 205.6 2323.8 -0.6000880599 0.4433371425 0.6658427119 0.7999208570 0.3373279274 0.4963229299 -0.0045689512 0.8304589391 -0.5570610762
-515.2 -148.6 2363.7 0.7705513835 -0.0039974432 -0.6373653412 0.0414598659 0.9981768727 0.0438630730 0.6360279918 -0.0602238327 0.7693123221
-513.6 -539.6 2387.2 0.7718352079 -0.1392402500 -0.6203890443 0.0326172486 0.9831128120 -0.1800704449 0.6349854469 0.1187493280 0.7633426785
-346.7 -116.9 2420.7 -0.6171129346 -0.1619747132 -0.7700232863 -0.2746562660 0.9613760710 0.0178894941 0.7373842597 0.2225315571 -0.6377649307
-283.2 -493.4 2333.6 -0.6460666656 0.0152563062 -0.7631284595 0.0467085280 0.9987167120 -0.0195774306 0.7618504763 -0.0482929312 -0.6459501982
-533.4 -156.9 2238.4 0 0 0 0 0 0 0 0 0
-347.7 410.4 2322.7 0 0 0 0 0 0 0 0 0
-481.0 -769.7 2359.5 0 0 0 0 0 0 0 0 0
-287.3 -763.4 2346.6 0 0 0 0 0 0 0 0 0
-430.4 496.4 2307.3 3 0.9235560298 0.2107745558 -0.3203409910 -0.1597768962 0.9709352255 0.1782023758 0.3485908806 -0.1133967936 0.9303900003
-483.4 252.4 2335.8 0.9235560298 0.2107745558 -0.3203409910 -0.1597768962 0.9709352255 0.1782023758 0.3485908806 -0.1133967936 0.9303900003
-457.7 60.8 2367.3 0.9372248054 -0.1312669516 -0.3230769038 0.1753173172 0.9782196879 0.1111308411 0.3014523685 -0.1607955545 0.9398251176
-617.0 227.4 2292.9 0.3512180150 -0.5914556384 -0.7258278728 0.8957058787 -0.0135256108 0.4444412589 -0.2726845741 -0.8062240481 0.5250198841
