147.6 502.3 2398.2 70 0.9357799292 -0.2186294198 0.2766172588 0.2282713354 0.9735937119 -0.0027312217 -0.2687157094 0.0656996146 0.9609763026
195.8 287.4 2383.7 0.9357799292 -0.2186294198 0.2766172588 0.2282713354 0.9735937119 -0.0027312217 -0.2687157094 0.0656996146 0.9609763026
210.0 89.4 2393.3 0.9611670375 -0.0715600923 0.2665277719 0.0559387952 0.9962663651 0.0657581985 -0.2702383101 -0.0482953712 0.9615814090
60.6 279.5 2421.7 0.5154739022 -0.8209522963 0.2456094027 0.7199007273 0.2594224811 -0.6437724233 0.4647898376 0.5086622834 0.7247296572
-33.1 148.7 2337.2 -0.2862375379 -0.8209522963 -0.4940702617 -0.9577918649 0.2594224811 0.1238336042 0.0265114568 0.5086622834 -0.8605578542
331.0 295.3 2345.6 0.1408833116 0.4343585074 0.8896541595 -0.9763476849 0.2098171860 0.0521721952 -0.1640032977 -0.8759620190 0.4536446631
368.1 38.1 2302.4 -0.1012734473 0.4334113300 0.8954877257 -0.9578698874 0.2006807923 -0.2054568827 -0.2687545419 -0.8785680532 0.3948280215
131.9 -113.0 2424.3 0.7772949934 0.0473386273 0.6273527741 -0.0290197302 0.9988015890 -0.0394116417 -0.6284666657 0.0124288639 0.7777372599
113.1 -510.0 2419.3 0.7683137655 -0.1538651586 0.6213046312 0.0406528190 0.9804477692 0.1925345957 -0.6387810707 -0.1226691976 0.7595465779
307.8 -104.0 2373.2 0.9063359499 0.0530676655 0.4192123413 0.0217770431 0.9848982692 -0.1717591733 -0.4219963551 0.1648007184 0.8914930224
286.7 -495.5 2307.7 0.9100170732 -0.0596747957 0.4102534056 -0.0230984390 0.9807503223 0.1938949078 -0.4139268100 -0.1859238893 0.8911211491
43.7 405.5 2330.1 0 0 0 0 0 0 0 0 0
341.7 -212.4 2232.1 0 0 0 0 0 0 0 0 0
154.5 -774.3 2452.4 0 0 0 0 0 0 0 0 0
304.1 -780.8 2361.8 0 0 0 0 0 0 0 0 0
147.8 503.8 2399.0 71 0.9348084331 -0.2199695855 0.2788307965 0.2306097597 0.9730306864 -0.0055187098 -0.2700969577 0.0694600418 0.9603244066
196.5 288.3 2383.6 0.9348084331 -0.2199695855 0.2788307965 0.2306097597 0.9730306864 -0.0055187098 -0.2700969577 0.0694600418 0.9603244066
210.8 90.4 2394.9 0.9609990716 -0.0719099566 0.2670387924 0.0539447516 0.9957965016 0.0740223080 -0.2712392509 -0.0567300320 0.9608386755
61.3 280.7 2421.8 0.5087117553 -0.8196750879 0.2633346021 0.7392153144 0.2590608001 -0.6216496229 0.4413309991 0.5109014511 0.7377036214
-30.6 147.2 2342.1 -0.2852484882 -0.8196750879 -0.4967555404 -0.9580402374 0.2590608001 0.1226636618 0.0281455424 0.5109014511 -0.8591784239
331.8 295.9 2345.4 0.1399106681 0.4320693314 0.8909214735 -0.9754739404 0.2145612538 0.0491332486 -0.1699282676 -0.8759449720 0.4514917731
368.9 37.3 2300.4 -0.0962867960 0.4294787943 0.8979291916 -0.9632827044 0.1869463325 -0.1927110702 -0.2506298721 -0.8835151792 0.3957090378
136.1 -113.7 2427.7 0.7774009705 0.0592559129 0.6262080669 -0.0257637035 0.9977169633 -0.0624263845 -0.6284775138 0.0323968902 0.7771527767
112.5 -510.2 2414.8 0.7691717148 -0.1578221768 0.6192471385 0.0342517532 0.9778125882 0.2066622972 -0.6381235719 -0.1377484947 0.7575114965
312.4 -103.4 2378.1 0.9056858420 0.0623903386 0.4193335772 0.0114743114 0.9851422906 -0.1713563800 -0.4237942398 0.1600065976 0.8915135264
287.6 -495.0 2314.5 0.9076856971 -0.0574247129 0.4157031775 -0.0165383164 0.9849287271 0.1721681505 -0.4193246961 -0.1631495953 0.8930559754
46.6 406.4 2334.4 0 0 0 0 0 0 0 0 0
343.7 -214.6 2234.8 0 0 0 0 0 0 0 0 0
155.3 -775.0 2452.1 0 0 0 0 0 0 0 0 0
304.1 -777.5 2361.3 0 0 0 0 0 0 0 0 0
147.3 503.3 2406.4 72 0.9260796905 -0.2352073789 0.2950489521 0.2550750971 0.9664502144 -0.0301768892 -0.2780523002 0.1032058448 0.9550054669
199.7 288.3 2383.4 0.9260796905 -0.2352073789 0.2950489521 0.2550750971 0.9664502144 -0.0301768892 -0.2780523002 0.1032058448 0.9550054669
212.1 90.2 2393.8 0.9579064846 -0.0625623539 0.2801805437 0.0452493168 0.9966691136 0.0678467825 -0.2834919393 -0.0523128994 0.9575467110
64.9 282.0 2423.3 0.5113298297 -0.8119525313 0.2815579772 0.7405467629 0.2500683367 -0.6237437725 0.4360416234 0.5274456143 0.7291562557
-28.6 146.6 2343.6 -0.2828970551 -0.8119525313 -0.5105901361 -0.9589588642 0.2500683367 0.1336551756 0.0191607624 0.5274456143 -0.8493726850
334.4 294.7 2343.5 0.1296705604 0.4239817262 0.8963397741 -0.9777902961 0.2047881931 0.0445859507 -0.1646561772 -0.8822138309 0.4411202371
368.4 38.5 2300.4 -0.0993235484 0.4218440950 0.9012116194 -0.9641866684 0.1830372065 -0.1919411570 -0.2459245026 -0.8880005479 0.3885565698
137.0 -112.5 2431.1 0.7693148255 0.0642936230 0.6356264353 -0.0252262019 0.9972043633 -0.0703353286 -0.6383715868 0.0380755700 0.7687860131
111.4 -508.9 2415.9 0.7590481043 -0.1733369529 0.6275351048 0.0431015491 0.9751693606 0.2172256857 -0.6496062279 -0.1378370076 0.7476715446
313.3 -102.6 2381.3 0.9009544849 0.0636860803 0.4292144775 0.0146757280 0.9841321111 -0.1768292636 -0.4336653054 0.1656141579 0.8857236505
288.0 -493.9 2315.4 0.9032442570 -0.0546275079 0.4256356061 -0.0178222340 0.9862332344 0.1643971801 -0.4287565649 -0.1560765803 0.8898358941
48.3 407.2 2338.4 0 0 0 0 0 0 0 0 0
342.4 -213.7 2236.0 0 0 0 0 0 0 0 0 0
159.5 -779.6 2454.2 0 0 0 0 0 0 0 0 0
303.8 -779.9 2360.7 0 0 0 0 0 0 0 0 0
149.7 499.8 2394.6 73 0.9297803640 -0.2400538623 0.2790744901 0.2449125499 0.9693803787 0.0178755615 -0.2748204470 0.0517284982 0.9601030350
202.4 286.9 2383.2 0.9297803640 -0.2400538623 0.2790744901 0.2449125499 0.9693803787 0.0178755615 -0.2748204470 0.0517284982 0.9601030350
212.9 88.7 2393.9 0.9608737826 -0.0527699888 0.2719134688 0.0360953435 0.9971686602 0.0659677237 -0.2746247053 -0.0535718426 0.9600579739
67.2 281.8 2421.9 0.5075796843 -0.8159137964 0.2768529654 0.7382228374 0.2461419851 -0.6280455589 0.4442858696 0.5231623054 0.7272628546
-25.3 147.2 2340.9 -0.2745150328 -0.8159137964 -0.5088478923 -0.9612796903 0.2461419851 0.1239173487 0.0241429564 0.5231623054 -0.8518910408
337.6 292.0 2344.6 0.1202749312 0.4336143434 0.8930355906 -0.9785123467 0.2035369575 0.0329594463 -0.1674740613 -0.8778105378 0.4487773776
369.2 35.3 2300.6 -0.1030102894 0.4310026169 0.8964517117 -0.9643200040 0.1776955277 -0.1962427199 -0.2438765764 -0.8846813440 0.3973199725
136.6 -112.1 2430.3 0.7755653858 0.0564426593 0.6287388802 -0.0231244359 0.9978665113 -0.0610551164 -0.6308435798 0.0328130014 0.7752158642
114.2 -508.8 2417.2 0.7671934366 -0.1604304612 0.6210284233 0.0367020294 0.9776086807 0.2072057426 -0.6403648853 -0.1361738890 0.7559030652
312.4 -103.7 2378.2 0.9056331515 0.0601214990 0.4197785258 0.0149191292 0.9847688675 -0.1732271612 -0.4237995148 0.1631429940 0.8909423947
288.5 -495.3 2313.4 0.9081417322 -0.0517483503 0.4154523611 -0.0212306809 0.9853626490 0.1691441983 -0.4181241691 -0.1624272466 0.8937503099
48.7 406.6 2334.3 0 0 0 0 0 0 0 0 0
342.2 -216.9 2236.8 0 0 0 0 0 0 0 0 0
157.7 -774.0 2454.2 0 0 0 0 0 0 0 0 0
303.6 -782.7 2360.8 0 0 0 0 0 0 0 0 0
149.8 505.5 2396.7 74 0.9339904785 -0.2383525372 0.2661762536 0.2454893887 0.9693765044 0.0066444241 -0.2596087456 0.0591376200 0.9639014602
203.8 285.9 2383.3 0.9339904785 -0.2383525372 0.2661762536 0.2454893887 0.9693765044 0.0066444241 -0.2596087456 0.0591376200 0.9639014602
213.1 87.6 2394.5 0.9651540518 -0.0470232815 0.2574226856 0.0307267066 0.9972817898 0.0669694468 -0.2598720789 -0.0567260832 0.9639754295
68.0 281.6 2419.8 0.4912051260 -0.8203006387 0.2929579318 0.7527921200 0.2305891514 -0.6165490150 0.4382026494 0.5233884454 0.7307824492
-21.1 145.0 2340.3 -0.2588193417 -0.8203006387 -0.5100190043 -0.9657223225 0.2305891514 0.1192017794 0.0198235493 0.5233884454 -0.8518635631
339.6 290.2 2346.7 0.1136682928 0.4471495152 0.8872073293 -0.9780957699 0.2070999295 0.0209351741 -0.1743794233 -0.8701533675 0.4608957469
369.9 29.4 2300.2 -0.1094006225 0.4437468350 0.8894494176 -0.9628118277 0.1750771552 -0.2057701647 -0.2470321357 -0.8788837790 0.4080911577
135.2 -112.8 2429.7 0.7857453227 0.0490049236 0.6166058779 -0.0160382353 0.9981356859 -0.0588894710 -0.6183422208 0.0363828540 0.7850663662
115.7 -509.7 2415.2 0.7796325088 -0.1518848091 0.6075394154 0.0285589136 0.9777563810 0.2077904493 -0.6255857348 -0.1446495354 0.7666283250
311.5 -106.2 2379.3 0.9127038121 0.0596830808 0.4042395949 0.0189750064 0.9820181727 -0.1878302693 -0.4081809223 0.1791038513 0.8951593041
287.8 -496.6 2308.1 0.9157038927 -0.0594314523 0.3974345922 -0.0191661455 0.9814187288 0.1909186095 -0.4013963342 -0.1824422032 0.8975499272
49.0 406.8 2335.0 0 0 0 0 0 0 0 0 0
341.3 -222.4 2235.6 0 0 0 0 0 0 0 0 0
156.9 -774.6 2454.4 0 0 0 0 0 0 0 0 0
304.9 -778.8 2360.6 0 0 0 0 0 0 0 0 0
150.7 508.7 2397.7 75 0.9356878996 -0.2421188951 0.2566448748 0.2505850494 0.9680945277 -0.0002938627 -0.2483853549 0.0645863339 0.9665057063
206.7 284.6 2382.8 0.9356878996 -0.2421188951 0.2566448748 0.2505850494 0.9680945277 -0.0002938627 -0.2483853549 0.0645863339 0.9665057063
215.0 86.4 2394.9 0.9682387710 -0.0415255614 0.2465547770 0.0250420365 0.9972592592 0.0696197450 -0.2487700284 -0.0612343028 0.9666249752
70.5 281.1 2417.8 0.5217204690 -0.7906312943 0.3204839826 0.7495424151 0.2454012036 -0.6147881150 0.4074235559 0.5609638691 0.7206425071
-24.0 145.3 2344.0 -0.2688902318 -0.7906312943 -0.5500910878 -0.9622558355 0.2454012036 0.1176520139 0.0419736579 0.5609638691 -0.8267755508
343.0 288.1 2347.8 0.1016620249 0.4582825005 0.8829733729 -0.9796125293 0.2007115334 0.0086149927 -0.1732748449 -0.8658475876 0.4693439901
369.9 28.7 2301.9 -0.1089724600 0.4558098316 0.8833812475 -0.9613258839 0.1778021008 -0.2103304714 -0.2529377341 -0.8721374869 0.4188062847
133.9 -113.4 2429.7 0.7931972146 0.0428299308 0.6074568033 -0.0134863425 0.9985144734 -0.0527921915 -0.6088154912 0.0336822495 0.7925965190
116.9 -510.4 2416.3 0.7877144814 -0.1458171457 0.5985342264 0.0281259958 0.9790821671 0.2015118003 -0.6153981090 -0.1418993920 0.7753384709
311.0 -107.8 2382.0 0.9182018042 0.0550700724 0.3922660947 0.0254315194 0.9800498486 -0.1971179396 -0.3952956498 0.1909699738 0.8984830976
289.1 -497.4 2306.1 0.9216938615 -0.0567806885 0.3837399483 -0.0187888555 0.9815340042 0.1903626472 -0.3874627352 -0.1826661229 0.9036070704
49.0 406.4 2332.6 0 0 0 0 0 0 0 0 0
341.4 -222.8 2235.7 0 0 0 0 0 0 0 0 0
156.2 -774.5 2454.5 0 0 0 0 0 0 0 0 0
305.3 -776.4 2358.0 0 0 0 0 0 0 0 0 0
151.9 504.2 2390.3 76 0.9360480905 -0.2470508367 0.2505591512 0.2470524311 0.9684746861 0.0319666266 -0.2505575716 0.0319789499 0.9675734043
208.1 283.9 2383.0 0.9360480905 -0.2470508367 0.2505591512 0.2470524311 0.9684746861 0.0319666266 -0.2505575716 0.0319789499 0.9675734043
216.2 85.7 2396.0 0.9687939286 -0.0409547202 0.2444607317 0.0235794056 0.9970101714 0.0735851824 -0.2467434853 -0.0655246377 0.9668630362
71.8 280.6 2417.7 0.5312969089 -0.7798799872 0.3309241831 0.7478160262 0.2481601238 -0.6157822013 0.3981140256 0.5746335983 0.7150534391
-24.7 144.8 2345.4 -0.2703423798 -0.7798799872 -0.5645371675 -0.9615494013 0.2481601238 0.1176404878 0.0483501665 0.5746335983 -0.8169813156
344.4 287.2 2348.3 0.0975721106 0.4606350064 0.8822103143 -0.9811127782 0.1932875663 0.0075880196 -0.1670249701 -0.8662882447 0.4707943797
370.6 24.3 2303.5 -0.1138191372 0.4592436552 0.8809883595 -0.9588795304 0.1812759936 -0.2183782607 -0.2599908710 -0.8696172833 0.4197266698
134.4 -114.2 2429.9 0.7944399714 0.0421599001 0.6058775783 -0.0184278172 0.9988017082 -0.0453385040 -0.6070630550 0.0248537175 0.7942649126
117.7 -511.3 2420.0 0.7882220745 -0.1403340995 0.5991763473 0.0325399563 0.9817939401 0.1871410012 -0.6145299673 -0.1280114949 0.7784381509
312.1 -109.6 2384.3 0.9190422893 0.0547131263 0.3903431296 0.0227134097 0.9813221097 -0.1910262555 -0.3935039639 0.1844272316 0.9006338120
290.3 -499.8 2311.0 0.9219548702 -0.0527872555 0.3836831748 -0.0173536371 0.9840427041 0.1770840883 -0.3869084120 -0.1699218303 0.9063268900
48.9 406.4 2332.3 0 0 0 0 0 0 0 0 0
340.8 -226.5 2235.5 0 0 0 0 0 0 0 0 0
155.3 -774.5 2454.4 0 0 0 0 0 0 0 0 0
305.1 -775.7 2358.6 0 0 0 0 0 0 0 0 0
152.1 506.6 2387.5 77 0.9393205643 -0.2365671098 0.2484208345 0.2325282693 0.9715049863 0.0459202677 -0.2522053123 0.0146310134 0.9675631523
206.9 281.8 2384.1 0.9393205643 -0.2365671098 0.2484208345 0.2325282693 0.9715049863 0.0459202677 -0.2522053123 0.0146310134 0.9675631523
216.3 83.6 2396.2 0.9683943391 -0.0475163348 0.2448563874 0.0310648642 0.9970194697 0.0706196576 -0.2474821806 -0.0607812442 0.9669840932
70.6 277.4 2419.0 0.5391964912 -0.7784952521 0.3212667406 0.7391549945 0.2546237707 -0.6235516071 0.4036297798 0.5736827850 0.7127209306
-25.8 145.3 2346.8 -0.2740876973 -0.7784952521 -0.5646424890 -0.9601747990 0.2546237707 0.1150262579 0.0542240068 0.5736827850 -0.8172807693
343.2 286.2 2349.3 0.1031856462 0.4593629837 0.8822348714 -0.9811124206 0.1929087937 0.0143063460 -0.1636190563 -0.8670477867 0.4705921412
371.0 21.6 2305.2 -0.1212642342 0.4568955302 0.8812159300 -0.9597479105 0.1726066023 -0.2215646356 -0.2533355653 -0.8726130128 0.4175735116
135.5 -114.7 2431.7 0.7936987281 0.0437165610 0.6067381501 -0.0177049879 0.9986519217 -0.0487940349 -0.6080533266 0.0279854741 0.7934027910
118.1 -511.8 2420.5 0.7874034047 -0.1401460022 0.6002957225 0.0341443457 0.9822341204 0.1845270842 -0.6154916883 -0.1248005480 0.7781997323
313.3 -110.4 2386.4 0.9184739590 0.0524809398 0.3919838071 0.0297562834 0.9791759849 -0.2008206546 -0.3943603933 0.1961125284 0.8977860212
292.4 -499.7 2308.4 0.9231295586 -0.0396552347 0.3824386299 -0.0353620723 0.9816948175 0.1871492714 -0.3828594685 -0.1862868369 0.9048292041
48.8 406.5 2332.1 0 0 0 0 0 0 0 0 0
339.3 -229.5 2238.9 0 0 0 0 0 0 0 0 0
155.7 -775.0 2454.0 0 0 0 0 0 0 0 0 0
303.9 -784.3 2362.4 0 0 0 0 0 0 0 0 0
152.5 504.7 2386.1 78 0.9326041937 -0.2396411002 0.2698546350 0.2289908528 0.9708524346 0.0707725734 -0.2789490521 -0.0042085540 0.9602966905
206.8 284.6 2387.1 0.9326041937 -0.2396411002 0.2698546350 0.2289908528 0.9708524346 0.0707725734 -0.2789490521 -0.0042085540 0.9602966905
214.6 86.2 2397.2 0.9616401792 -0.0393749699 0.2714734077 0.0241068285 0.9979460835 0.0593502112 -0.2732527256 -0.0505291857 0.9606142640
71.5 281.1 2425.6 0.5238296986 -0.8049214482 0.2787542045 0.7385445833 0.2661032081 -0.6194683313 0.4244459271 0.5303683281 0.7338631153
-24.6 145.7 2347.7 -0.2703866959 -0.8049214482 -0.5281974077 -0.9601035714 0.2661032081 0.0859660953 0.0713590682 0.5303683281 -0.8447587490
342.1 288.0 2348.7 0.1031550094 0.4389207363 0.8925848007 -0.9825996161 0.1843163818 0.0229219589 -0.1544570774 -0.8794180155 0.4502965212
370.5 17.3 2306.1 -0.1323339194 0.4355339110 0.8903920054 -0.9623785615 0.1586075574 -0.2206155062 -0.2373084277 -0.8860890865 0.3981593251
136.9 -117.5 2431.0 0.7765086293 0.0518058836 0.6279733181 -0.0257927924 0.9983924031 -0.0504707396 -0.6295784712 0.0229937788 0.7765965462
116.3 -514.4 2421.9 0.7688163519 -0.1463151574 0.6225056648 0.0361528918 0.9818600416 0.1861285418 -0.6384468675 -0.1205932871 0.7601597905
314.6 -111.8 2385.6 0.9077962637 0.0603971891 0.4150398672 0.0249676593 0.9800397754 -0.1972273141 -0.4186675847 0.1894047856 0.8881685138
290.6 -501.4 2310.3 0.9120969176 -0.0437313728 0.4076355994 -0.0343863331 0.9826307893 0.1823576242 -0.4085300565 -0.1803449243 0.8947507739
48.7 405.9 2328.4 0 0 0 0 0 0 0 0 0
335.9 -234.4 2244.0 0 0 0 0 0 0 0 0 0
155.0 -774.0 2453.7 0 0 0 0 0 0 0 0 0
303.2 -783.9 2362.1 0 0 0 0 0 0 0 0 0
156.6 507.8 2392.0 79 0.9299314618 -0.2548109293 0.2651393116 0.2535019815 0.9665177464 0.0397519544 -0.2663910985 0.0302467532 0.9633903503
214.5 287.9 2385.1 0.9299314618 -0.2548109293 0.2651393116 0.2535019815 0.9665177464 0.0397519544 -0.2663910985 0.0302467532 0.9633903503
217.3 89.5 2396.1 0.9647549391 -0.0139865819 0.2627780735 -0.0010550177 0.9983729124 0.0570125915 -0.2631478906 -0.0552804135 0.9631704092
78.8 288.1 2422.1 0.5457922816 -0.7689959407 0.3328002989 0.7409247160 0.2574227750 -0.6202935576 0.3913328648 0.5851314068 0.7102674246
-25.2 146.8 2347.5 -0.2735657394 -0.7689959407 -0.5777603388 -0.9598056078 0.2574227750 0.1118333414 0.0627292916 0.5851314068 -0.8085086942
350.2 287.8 2348.1 0.0717823431 0.4528601170 0.8886872530 -0.9861891866 0.1655558646 -0.0047065704 -0.1492587924 -0.8760759234 0.4584897161
369.7 19.8 2307.5 -0.1482928991 0.4481965005 0.8815492392 -0.9639279842 0.1337181032 -0.2301353663 -0.2210249603 -0.8838774562 0.4121997058
134.2 -114.4 2432.3 0.7835903168 0.0441612676 0.6197063923 -0.0247239750 0.9988968968 -0.0399206579 -0.6207857132 0.0159598347 0.7838178277
116.6 -511.6 2426.0 0.7751744390 -0.1453482509 0.6147994995 0.0457984209 0.9835419059 0.1747794598 -0.6300849915 -0.1073277295 0.7690732479
310.6 -110.0 2382.2 0.9145273566 0.0506605059 0.4013392925 0.0305826887 0.9806290269 -0.1934718788 -0.4033663571 0.1892093569 0.8952627778
290.5 -499.9 2306.9 0.9190508127 -0.0488479547 0.3911003768 -0.0277761444 0.9817959666 0.1878965497 -0.3931591511 -0.1835497320 0.9009636045
48.7 406.2 2330.6 0 0 0 0 0 0 0 0 0
331.0 -232.2 2249.7 0 0 0 0 0 0 0 0 0
155.1 -771.6 2454.3 0 0 0 0 0 0 0 0 0
304.4 -780.1 2359.3 0 0 0 0 0 0 0 0 0
157.6 502.8 2394.9 80 0.9279942513 -0.2589314580 0.2679201663 0.2599472702 0.9650816321 0.0323246196 -0.2669346929 0.0396480598 0.9628986716
214.6 290.6 2386.2 0.9279942513 -0.2589314580 0.2679201663 0.2599472702 0.9650816321 0.0323246196 -0.2669346929 0.0396480598 0.9628986716
216.3 92.1 2397.2 0.9642856717 -0.0084594777 0.2647291422 -0.0065482142 0.9984229207 0.0557569303 -0.2647833228 -0.0554991141 0.9627095461
78.9 291.5 2423.4 0.5396694541 -0.7763084769 0.3257330954 0.7432453036 0.2576155961 -0.6174306870 0.3954027295 0.5753080845 0.7160148621
-25.8 147.3 2346.7 -0.2759051621 -0.7763084769 -0.5667640567 -0.9594730735 0.2576155961 0.1142175496 0.0573392063 0.5753080845 -0.8159245253
350.3 289.6 2348.9 0.0728502944 0.4519029260 0.8890874982 -0.9857061505 0.1684046239 -0.0048291772 -0.1519087553 -0.8760271668 0.4577117860
370.2 19.8 2307.3 -0.1603327096 0.4446094334 0.8812581301 -0.9639575481 0.1215153709 -0.2366852611 -0.2123189121 -0.8874437809 0.4091017246
131.6 -108.8 2431.2 0.7828519940 0.0381000489 0.6210404038 -0.0186455436 0.9991117120 -0.0377906263 -0.6219285131 0.0180048309 0.7828669548
116.4 -506.1 2424.0 0.7754021287 -0.1474545002 0.6140103340 0.0403389633 0.9819348454 0.1848695129 -0.6301779747 -0.1185796782 0.7673425078
308.5 -109.0 2382.9 0.9142788649 0.0498224273 0.4020098448 0.0304991435 0.9811244011 -0.1909573227 -0.4039356411 0.1868491918 0.8955017328
288.7 -499.1 2308.6 0.9185143709 -0.0568574071 0.3912780881 -0.0208938755 0.9812439680 0.1916343421 -0.3948350847 -0.1841942072 0.9000987411
48.7 406.4 2331.2 0 0 0 0 0 0 0 0 0
328.3 -232.3 2251.8 0 0 0 0 0 0 0 0 0
156.2 -770.6 2456.0 0 0 0 0 0 0 0 0 0
305.0 -780.3 2361.4 0 0 0 0 0 0 0 0 0
159.5 505.4 2396.8 81 0.9281390309 -0.2516452968 0.2742856741 0.2535182536 0.9668893814 0.0292140339 -0.2725555003 0.0424217395 0.9612044096
215.1 291.5 2387.4 0.9281390309 -0.2516452968 0.2742856741 0.2535182536 0.9668893814 0.0292140339 -0.2725555003 0.0424217395 0.9612044096
216.6 93.1 2398.2 0.9625452757 -0.0076641017 0.2710127234 -0.0072596157 0.9985134006 0.0540211424 -0.2710238397 -0.0539652444 0.9610586762
79.7 292.6 2425.6 0.5324323773 -0.7829100490 0.3218192756 0.7434215546 0.2506984770 -0.6200602055 0.4047717750 0.5693874955 0.7155122161
-24.7 146.9 2346.2 -0.2719918489 -0.7829100490 -0.5595286489 -0.9610434175 0.2506984770 0.1163865477 0.0491527840 0.5693874955 -0.8205984831
350.6 290.5 2349.3 0.0741524473 0.4467201233 0.8915954828 -0.9862678051 0.1651524752 -0.0007209079 -0.1475712508 -0.8792984486 0.4528321028
370.9 19.5 2308.8 -0.1633333713 0.4399820268 0.8830277920 -0.9630802274 0.1230455115 -0.2394499481 -0.2140062749 -0.8895367384 0.4036405385
129.5 -105.7 2432.5 0.7792063951 0.0262242705 0.6262185574 -0.0059988326 0.9993906021 -0.0343872905 -0.6267387271 0.0230382178 0.7788888216
119.1 -503.1 2423.3 0.7754606605 -0.1308948547 0.6176789403 0.0250739492 0.9838876724 0.1770207137 -0.6308978200 -0.1217849553 0.7662482858
306.4 -106.9 2383.9 0.9121687412 0.0427436605 0.4075796902 0.0400987454 0.9804646373 -0.1925647259 -0.4078483880 0.1919949651 0.8926352262
289.4 -496.8 2307.6 0.9174073339 -0.0560045764 0.3939888775 -0.0208331794 0.9819309115 0.1880894154 -0.3974037170 -0.1807626635 0.8996639252
48.9 406.7 2333.0 0 0 0 0 0 0 0 0 0
328.2 -232.4 2252.8 0 0 0 0 0 0 0 0 0
154.6 -769.9 2456.4 0 0 0 0 0 0 0 0 0
305.4 -778.0 2359.3 0 0 0 0 0 0 0 0 0
161.5 505.9 2398.3 82 0.9333618879 -0.2437141091 0.2635128498 0.2491721362 0.9683713317 0.0130466809 -0.2583579719 0.0534827895 0.9645676613
215.3 292.1 2386.5 0.9333618879 -0.2437141091 0.2635128498 0.2491721362 0.9683713317 0.0130466809 -0.2583579719 0.0534827895 0.9645676613
216.5 93.6 2398.4 0.9662262201 -0.0063612312 0.2576168478 -0.0092689367 0.9981905222 0.0594123043 -0.2575286031 -0.0597935617 0.9644188881
79.3 293.4 2422.7 0.5075095892 -0.7902932167 0.3433229923 0.7665116787 0.2320926189 -0.5988262296 0.3935655653 0.5670711398 0.7235581875
-19.6 144.0 2346.0 -0.2518675327 -0.7902932167 -0.5585690737 -0.9667309523 0.2320926189 0.1075371355 0.0446539000 0.5670711398 -0.8224574924
351.2 290.8 2350.3 0.0712442249 0.4585520327 0.8858071566 -0.9860574603 0.1662676185 -0.0067638331 -0.1503826082 -0.8729748726 0.4640042484
370.9 18.5 2308.7 -0.1706316024 0.4498423636 0.8766565323 -0.9627100825 0.1134520695 -0.2455970943 -0.2099384815 -0.8858727217 0.4137092531
129.9 -104.8 2433.8 0.7877539396 0.0319641605 0.6151601672 -0.0137760863 0.9993171692 -0.0342840292 -0.6158359647 0.0185328797 0.7876563668
117.1 -502.1 2426.4 0.7809097171 -0.1419115961 0.6083100438 0.0426154472 0.9836856723 0.1747753173 -0.6231884956 -0.1105603427 0.7742173672
306.5 -106.1 2384.0 0.9177272916 0.0460544117 0.3945320845 0.0359465443 0.9795506597 -0.1979604661 -0.3955811262 0.1958557963 0.8973048925
288.2 -495.6 2306.2 0.9223831296 -0.0565916598 0.3821082711 -0.0193854701 0.9811815619 0.1921118349 -0.3857895136 -0.1846080720 0.9039282799
48.9 406.9 2333.9 0 0 0 0 0 0 0 0 0
326.3 -233.3 2253.8 0 0 0 0 0 0 0 0 0
155.8 -769.8 2456.5 0 0 0 0 0 0 0 0 0
304.5 -779.1 2359.5 0 0 0 0 0 0 0 0 0
163.1 503.6 2400.0 83 0.9357879162 -0.2444808781 0.2540277243 0.2516642511 0.9678048491 0.0043515242 -0.2469131351 0.0598575957 0.9671871662
217.0 290.2 2386.8 0.9357879162 -0.2444808781 0.2540277243 0.2516642511 0.9678048491 0.0043515242 -0.2469131351 0.0598575957 0.9671871662
218.9 91.6 2397.1 0.9687588215 -0.0094189905 0.2478256971 -0.0036918246 0.9986200929 0.0523855314 -0.2479771525 -0.0516638756 0.9673873186
80.7 290.7 2421.7 0.4891941845 -0.7908417583 0.3677748740 0.7792114615 0.2068625838 -0.5916395187 0.3918144107 0.5760009885 0.7174289823
-13.3 141.0 2346.5 -0.2275173515 -0.7908417583 -0.5681594610 -0.9730675817 0.2068625838 0.1017217785 0.0370851010 0.5760009885 -0.8166072965
353.3 289.6 2351.9 0.0634031221 0.4669693112 0.8819975853 -0.9853518605 0.1694831699 -0.0188992098 -0.1583091021 -0.8678796887 0.4708748460
370.8 17.5 2308.2 -0.1804997325 0.4553702176 0.8718129396 -0.9622413516 0.1018540710 -0.2524229586 -0.2037436068 -0.8844567537 0.4197914302
129.1 -103.9 2433.9 0.7937732339 0.0306771621 0.6074396968 -0.0089912089 0.9992098808 -0.0387132168 -0.6081473827 0.0252678953 0.7934218645
116.9 -501.2 2423.8 0.7875564694 -0.1435553432 0.5992884636 0.0404079780 0.9824251533 0.1822308004 -0.6149162650 -0.1193010062 0.7795160413
306.4 -105.6 2386.6 0.9212734103 0.0439017490 0.3864297271 0.0380299613 0.9786773920 -0.2018520832 -0.3870517015 0.2006568611 0.8999598622
289.0 -494.8 2306.9 0.9263821244 -0.0488749072 0.3733997345 -0.0255506653 0.9810999036 0.1918074489 -0.3757170141 -0.1872276068 0.9076246619
48.9 407.1 2336.3 0 0 0 0 0 0 0 0 0
323.6 -234.2 2254.9 0 0 0 0 0 0 0 0 0
156.2 -769.9 2456.5 0 0 0 0 0 0 0 0 0
303.2 -781.0 2361.5 0 0 0 0 0 0 0 0 0
163.8 499.8 2399.9 84 0.9293473959 -0.2703526616 0.2514414787 0.2746117711 0.9613734484 0.0186927635 -0.2467827946 0.0516767167 0.9676919580
221.4 294.8 2388.9 0.9293473959 -0.2703526616 0.2514414787 0.2746117711 0.9613734484 0.0186927635 -0.2467827946 0.0516767167 0.9676919580
220.9 96.1 2396.8 0.9685382843 0.0027885125 0.2488489002 -0.0125605874 0.9992105365 0.0376899354 -0.2485473454 -0.0396298356 0.9678087234
85.1 296.5 2423.9 0.4917906821 -0.7830532193 0.3807487488 0.7831240296 0.2066441327 -0.5865278840 0.3806030452 0.5866224170 0.7148534656
-14.2 138.4 2347.0 -0.2322835177 -0.7830532193 -0.5769506693 -0.9721092582 0.2066441327 0.1109134927 0.0323723033 0.5866224170 -0.8092132807
357.7 293.0 2353.9 0.0478965677 0.4689606726 0.8819193840 -0.9851283431 0.1680379808 -0.0358524211 -0.1650093347 -0.8670865893 0.4700348973
371.1 16.9 2307.7 -0.1880100965 0.4564386606 0.8696642518 -0.9608350992 0.0980656743 -0.2591892779 -0.2035882324 -0.8843341470 0.4201249480
131.9 -106.5 2430.1 0.7931658626 0.0370350108 0.6078785062 -0.0160249006 0.9990727901 -0.0399590805 -0.6087948084 0.0219529849 0.7930239439
117.1 -503.8 2421.4 0.7868571877 -0.1427379400 0.6004012227 0.0345887803 0.9815555215 0.1880222410 -0.6161650419 -0.1271795034 0.7772811651
309.6 -107.2 2384.6 0.9214740992 0.0517248623 0.3849805593 0.0307645127 0.9782630205 -0.2050732672 -0.3872196078 0.2008134425 0.8998527527
289.0 -496.2 2304.8 0.9261879325 -0.0481144786 0.3739798665 -0.0295463428 0.9795146585 0.1991933584 -0.3759028614 -0.1955402195 0.9057930708
49.7 405.7 2338.1 0 0 0 0 0 0 0 0 0
322.0 -234.5 2254.4 0 0 0 0 0 0 0 0 0
156.0 -771.0 2456.0 0 0 0 0 0 0 0 0 0
303.1 -782.7 2362.0 0 0 0 0 0 0 0 0 0
163.5 503.7 2398.8 85 0.9199239016 -0.2909156084 0.2628843188 0.2862352431 0.9564728737 0.0568244644 -0.2679728568 0.0229725782 0.9631525278
224.8 301.9 2394.0 0.9199239016 -0.2909156084 0.2628843188 0.2862352431 0.9564728737 0.0568244644 -0.2679728568 0.0229725782 0.9631525278
222.5 103.2 2398.2 0.9631959200 0.0113886548 0.2685589194 -0.0165917445 0.9997159243 0.0171123780 -0.2682877481 -0.0209384356 0.9631112218
89.3 304.2 2431.8 0.4871741831 -0.8006678224 0.3487009406 0.7795483470 0.2187154293 -0.5869138837 0.3936567903 0.5577585101 0.7307118177
-14.6 138.0 2347.8 -0.2354310751 -0.8006678224 -0.5509112477 -0.9709491730 0.2187154293 0.0970631912 0.0427774191 0.5577585101 -0.8289001584
360.4 299.6 2356.2 0.0409149006 0.4534355700 0.8903494477 -0.9846326113 0.1697132289 -0.0411836840 -0.1697782278 -0.8749820590 0.4534112513
372.0 20.3 2308.1 -0.1832344532 0.4421151578 0.8780428767 -0.9615405798 0.1052956656 -0.2536779940 -0.2046090066 -0.8907564282 0.4058178961
131.5 -101.3 2427.5 0.7805122733 0.0347253494 0.6241752505 -0.0139587959 0.9991751909 -0.0381330326 -0.6249846220 0.0210505649 0.7803531885
117.6 -498.6 2419.1 0.7754944563 -0.1378739923 0.6161161661 0.0264882315 0.9821100831 0.1864355356 -0.6307985187 -0.1282598972 0.7652729154
309.2 -103.6 2381.8 0.9140070677 0.0530580431 0.4022137523 0.0337195285 0.9780456424 -0.2056445777 -0.4042945206 0.2015230507 0.8921515346
288.1 -492.5 2301.7 0.9190359712 -0.0565457419 0.3900967538 -0.0249138474 0.9793453217 0.2006541491 -0.3933855593 -0.1941271871 0.8986448050
50.0 404.2 2336.1 0 0 0 0 0 0 0 0 0
324.0 -231.2 2254.6 0 0 0 0 0 0 0 0 0
156.0 -771.7 2454.8 0 0 0 0 0 0 0 0 0
304.7 -780.3 2358.8 0 0 0 0 0 0 0 0 0
164.1 501.3 2398.8 86 0.9145324826 -0.2795260847 0.2923961580 0.2750671804 0.9597249627 0.0571494065 -0.2965946496 0.0281636063 0.9545881152
222.4 301.2 2392.9 0.9145324826 -0.2795260847 0.2923961580 0.2750671804 0.9597249627 0.0571494065 -0.2965946496 0.0281636063 0.9545881152
219.0 102.6 2400.0 0.9549803734 0.0171595272 0.2961723506 -0.0269342959 0.9992177486 0.0289548263 -0.2954438329 -0.0356284864 0.9546955228
88.1 305.0 2434.5 0.4760607481 -0.8192512393 0.3196772933 0.7774997354 0.2222381532 -0.5883063674 0.4109262526 0.5286185741 0.7427664399
-13.7 138.8 2346.7 -0.2340767086 -0.8192512393 -0.5234839916 -0.9711521864 0.2222381532 0.0864500701 0.0455137938 0.5286185741 -0.8476384282
356.7 297.4 2351.4 0.0655440167 0.4285468459 0.9011390209 -0.9856951237 0.1683308482 -0.0083574625 -0.1552710682 -0.8877005577 0.4334496260
374.8 25.3 2308.5 -0.1702242494 0.4203586578 0.8912476301 -0.9634167552 0.1190051436 -0.2401372343 -0.2070068121 -0.8995200992 0.3847230077
131.9 -93.9 2427.0 0.7625914812 0.0397246666 0.6456595063 -0.0176063646 0.9990174770 -0.0406703129 -0.6466407776 0.0196471158 0.7625415921
116.1 -491.2 2419.2 0.7576420903 -0.1391581446 0.6376624703 0.0215876941 0.9818140864 0.1886133999 -0.6523131132 -0.1291357875 0.7468678355
308.6 -97.0 2377.7 0.9032098651 0.0499536730 0.4262822866 0.0384208821 0.9798060060 -0.1962244958 -0.4274760783 0.1936100423 0.8830511570
288.7 -486.5 2300.8 0.9094594717 -0.0543596372 0.4122239053 -0.0319724083 0.9793387651 0.1996830106 -0.4145615697 -0.1947833896 0.8889309168
50.0 403.1 2334.3 0 0 0 0 0 0 0 0 0
330.3 -226.7 2254.4 0 0 0 0 0 0 0 0 0
156.1 -773.2 2456.3 0 0 0 0 0 0 0 0 0
305.1 -781.2 2359.4 0 0 0 0 0 0 0 0 0
166.2 505.8 2398.3 87 0.9226462841 -0.1932245493 0.3337484896 0.1833875775 0.9811424613 0.0610607900 -0.3392532766 0.0048678122 0.9406824708
205.7 305.5 2397.3 0.9226462841 -0.1932245493 0.3337484896 0.1833875775 0.9811424613 0.0610607900 -0.3392532766 0.0048678122 0.9406824708
213.3 107.3 2402.4 0.9409176707 -0.0386351980 0.3364242613 0.0273538101 0.9988952875 0.0382101871 -0.3375288546 -0.0267501529 0.9409350157
73.6 301.7 2444.7 0.4150962830 -0.8873713017 0.2006670535 0.7784751654 0.2322944850 -0.5831086040 0.4708200097 0.3982605338 0.7872211337
-13.3 138.7 2346.1 -0.2330614179 -0.8873713017 -0.3978122175 -0.9713133574 0.2322944850 0.0508888550 0.0472522788 0.3982605338 -0.9160544276
337.7 309.4 2349.9 0.1353956908 0.3803991973 0.9148576260 -0.9803437591 0.1851746589 0.0680915043 -0.1435064971 -0.9060942531 0.3979938328
377.2 23.3 2308.0 -0.1663978547 0.3726750314 0.9129211903 -0.9629051089 0.1380397528 -0.2318593562 -0.2124276012 -0.9176373482 0.3358811736
128.0 -93.5 2434.2 0.7326419353 0.0339142680 0.6797688007 0.0087432126 0.9982063770 -0.0592246726 -0.6805581450 0.0493338406 0.7310313582
114.6 -490.2 2414.6 0.7333598733 -0.1418111771 0.6648855805 0.0038506957 0.9788529277 0.2045289278 -0.6798297167 -0.1474330425 0.7183975577
303.2 -98.4 2380.1 0.8791524768 0.0365893021 0.4751337767 0.0582452267 0.9813220501 -0.1833427250 -0.4729676247 0.1888604909 0.8606005907
288.6 -488.6 2305.0 0.8884294629 -0.0569996350 0.4554603994 -0.0340481997 0.9813427925 0.1892274320 -0.4577486813 -0.1836228371 0.8699131012
50.0 402.6 2333.3 0 0 0 0 0 0 0 0 0
333.7 -228.6 2252.5 0 0 0 0 0 0 0 0 0
155.8 -774.8 2457.5 0 0 0 0 0 0 0 0 0
305.5 -779.4 2359.4 0 0 0 0 0 0 0 0 0
167.2 504.5 2399.0 88 0.9220920205 -0.2003881484 0.3310450912 0.1926177591 0.9796469212 0.0564827584 -0.3356257975 0.0116828615 0.9419229627
208.9 300.9 2396.6 0.9220920205 -0.2003881484 0.3310450912 0.1926177591 0.9796469212 0.0564827584 -0.3356257975 0.0116828615 0.9419229627
215.5 102.4 2399.6 0.9417428374 -0.0334271416 0.3346686065 0.0262973104 0.9993208051 0.0258140005 -0.3353042006 -0.0155092645 0.9419822693
76.5 297.2 2443.8 0.4163107276 -0.8828066587 0.2175724357 0.7722766995 0.2170382738 -0.5970620513 0.4798687994 0.4165894687 0.7721263766
-9.0 138.5 2345.1 -0.2178755552 -0.8828066587 -0.4161521792 -0.9748826623 0.2170382738 0.0499823168 0.0461962298 0.4165894687 -0.9079202414
341.3 304.6 2349.5 0.1464351714 0.3837907314 0.9117353559 -0.9788317680 0.1894387752 0.0774682462 -0.1429864317 -0.9037796259 0.4034070671
380.5 42.0 2311.1 -0.1593941450 0.3762978315 0.9126847386 -0.9636524320 0.1414747983 -0.2266250253 -0.2144003958 -0.9156335592 0.3400700688
134.8 -93.4 2438.4 0.7338970304 0.0463719852 0.6776760221 0.0082719745 0.9969828725 -0.0771797299 -0.6792103648 0.0622476935 0.7312991619
116.4 -489.7 2413.6 0.7346990705 -0.1375319660 0.6643058062 0.0026442928 0.9798074365 0.1999261081 -0.6783879995 -0.1451289058 0.7202272415
307.0 -88.5 2376.6 0.8797337413 0.0480692945 0.4730305970 0.0440091193 0.9823731780 -0.1816759706 -0.4734255970 0.1806441396 0.8621113300
287.9 -479.0 2304.8 0.8870646358 -0.0539891757 0.4584773481 -0.0359889753 0.9820278883 0.1852728873 -0.4602402747 -0.1808491647 0.8691791892
49.9 402.3 2332.6 0 0 0 0 0 0 0 0 0
338.8 -210.0 2255.0 0 0 0 0 0 0 0 0 0
156.2 -773.2 2455.6 0 0 0 0 0 0 0 0 0
304.5 -780.1 2360.2 0 0 0 0 0 0 0 0 0
168.4 506.7 2400.4 89 0.9192200899 -0.1529956758 0.3628040254 0.1438278854 0.9882184267 0.0523248576 -0.3665350974 0.0040832730 0.9303952456
199.6 305.1 2399.6 0.9192200899 -0.1529956758 0.3628040254 0.1438278854 0.9882184267 0.0523248576 -0.3665350974 0.0040832730 0.9303952456
212.3 106.9 2400.8 0.9287039042 -0.0640391186 0.3652506769 0.0570389926 0.9979230762 0.0299350098 -0.3664090633 -0.0069672312 0.9304277897
69.2 297.1 2451.1 0.3744986951 -0.9146119952 0.1524323821 0.7689488530 0.2144806832 -0.6022588015 0.5181393623 0.3427578509 0.7836125493
-7.7 139.2 2344.7 -0.2127501518 -0.9146119952 -0.3438346684 -0.9761543870 0.2144806832 0.0334765203 0.0431278683 0.3427578509 -0.9384332895
330.1 313.1 2348.1 0.1879931241 0.3480099738 0.9184485078 -0.9715877771 0.2027960569 0.1220283732 -0.1437906474 -0.9152938128 0.3762465119
383.9 34.9 2306.9 -0.1733790040 0.3392485380 0.9245810509 -0.9598888755 0.1518340558 -0.2357111424 -0.2203475535 -0.9283624291 0.2993160486
135.9 -98.5 2433.3 0.7090084553 0.0471477881 0.7036221027 0.0035073031 0.9975144267 -0.0703748614 -0.7051912546 0.0523641892 0.7070808411
117.1 -495.0 2412.5 0.7106902003 -0.1371325701 0.6900102496 -0.0081420243 0.9791486263 0.2029819638 -0.7034580112 -0.1498753726 0.6947547793
308.4 -93.7 2371.8 0.8601364493 0.0514452532 0.5074629784 0.0364313945 0.9861631989 -0.1617248803 -0.5087612867 0.1575930417 0.8463606834
288.0 -485.7 2309.2 0.8664712906 -0.0579518713 0.4958519042 -0.0338048004 0.9841488600 0.1740926206 -0.4980810583 -0.1676084399 0.8507776856
49.7 402.5 2333.1 0 0 0 0 0 0 0 0 0
338.6 -216.2 2249.3 0 0 0 0 0 0 0 0 0
156.1 -773.5 2455.1 0 0 0 0 0 0 0 0 0
305.2 -777.6 2358.9 0 0 0 0 0 0 0 0 0
168.7 503.8 2392.6 90 0.9191702604 -0.1919479817 0.3439214230 0.1740049869 0.9812731147 0.0826153457 -0.3533387184 -0.0160935279 0.9353570342
208.5 300.2 2395.9 0.9191702604 -0.1919479817 0.3439214230 0.1740049869 0.9812731147 0.0826153457 -0.3533387184 -0.0160935279 0.9353570342
215.0 101.7 2397.2 0.9357237816 -0.0325180553 0.3512314558 0.0279345065 0.9994456768 0.0181107037 -0.3516256809 -0.0071351393 0.9361134768
77.0 296.3 2445.4 0.4096817076 -0.8917821050 0.1920561641 0.7564180493 0.2144134641 -0.6179471016 0.5098947287 0.3984363675 0.7624013424
-5.5 144.0 2342.7 -0.2107346952 -0.8917821050 -0.4003942609 -0.9760730267 0.2144134641 0.0361702554 0.0535939299 0.3984363675 -0.9156288505
340.0 304.1 2346.5 0.1729578078 0.3687299490 0.9133037925 -0.9755673409 0.1916821003 0.1073608324 -0.1354768276 -0.9095582366 0.3928738236
385.3 48.8 2311.0 -0.1609823555 0.3634451330 0.9176014066 -0.9597864747 0.1590028107 -0.2313613296 -0.2299883515 -0.9179464579 0.3232330680
139.9 -96.6 2435.6 0.7205547690 0.0531624034 0.6913570762 -0.0077521256 0.9976118803 -0.0686325729 -0.6933546662 0.0440940410 0.7192461491
118.8 -493.2 2418.1 0.7189525366 -0.1290490180 0.6829740405 0.0049136966 0.9835320115 0.1806673557 -0.6950417757 -0.1265353262 0.7077469230
310.1 -86.1 2368.5 0.8703079820 0.0527438149 0.4896754920 0.0318596363 0.9861374497 -0.1628432572 -0.4914762974 0.1573246717 0.8565629125
289.1 -478.2 2305.9 0.8762267828 -0.0561888702 0.4786120355 -0.0356514193 0.9828990102 0.1806613803 -0.4805784523 -0.1753635257 0.8592391610
51.8 409.1 2328.1 0 0 0 0 0 0 0 0 0
343.2 -202.2 2250.9 0 0 0 0 0 0 0 0 0
155.8 -774.8 2454.3 0 0 0 0 0 0 0 0 0
306.3 -778.0 2359.4 0 0 0 0 0 0 0 0 0
169.6 507.7 2401.7 91 0.9180848598 -0.1441968530 0.3692254424 0.1346395910 0.9895464182 0.0516727865 -0.3728167415 0.0022723577 0.9279022217
198.9 306.4 2401.2 0.9180848598 -0.1441968530 0.3692254424 0.1346395910 0.9895464182 0.0516727865 -0.3728167415 0.0022723577 0.9279022217
210.8 108.1 2399.8 0.9259481430 -0.0598725490 0.3728743792 0.0580476820 0.9981834888 0.0161304940 -0.3731628060 0.0067084911 0.9277416468
68.8 298.2 2453.7 0.3785431087 -0.9189464450 0.1106458232 0.7597752213 0.2402293235 -0.6041783094 0.5286271572 0.3127734959 0.7891299129
-9.6 140.7 2344.1 -0.2358589321 -0.9189464450 -0.3160821795 -0.9703766704 0.2402293235 0.0256709289 0.0523420013 0.3127734959 -0.9483844638
329.1 314.5 2348.8 0.2022975236 0.3425215483 0.9174718857 -0.9685952663 0.2082725912 0.1358151287 -0.1445646435 -0.9161339998 0.3738977611
386.5 39.8 2307.8 -0.1604303122 0.3375411928 0.9275386930 -0.9568122625 0.1776219755 -0.2301320881 -0.2424303144 -0.9244005680 0.2944675982
135.7 -99.4 2430.7 0.7029026151 0.0414994210 0.7100744247 -0.0033116951 0.9984766245 -0.0550764836 -0.7112783790 0.0363618545 0.7019692659
119.2 -496.3 2416.3 0.7033087015 -0.1301668584 0.6988658309 -0.0063496558 0.9819037914 0.1892739534 -0.7108561993 -0.1375555694 0.6897549629
307.1 -94.3 2366.3 0.8559694886 0.0500413775 0.5145989656 0.0332409106 0.9879195094 -0.1513607055 -0.5159566402 0.1466658711 0.8439655304
287.2 -487.0 2308.0 0.8623024821 -0.0625567064 0.5025147200 -0.0343450047 0.9828307033 0.1812850982 -0.5052275062 -0.1735814512 0.8453488350
54.3 404.0 2329.9 0 0 0 0 0 0 0 0 0
344.5 -210.5 2244.4 0 0 0 0 0 0 0 0 0
156.1 -775.0 2455.3 0 0 0 0 0 0 0 0 0
305.9 -779.4 2359.6 0 0 0 0 0 0 0 0 0
172.8 507.9 2408.7 92 0.9109613299 -0.1151649803 0.3960890174 0.1132631302 0.9931626320 0.0282745231 -0.3966370523 0.0191052835 0.9177767038
196.0 307.8 2404.9 0.9109613299 -0.1151649803 0.3960890174 0.1132631302 0.9931626320 0.0282745231 -0.3966370523 0.0191052835 0.9177767038
210.2 109.7 2401.5 0.9147920012 -0.0717995092 0.3974926770 0.0724812001 0.9972806573 0.0133311665 -0.3973689377 0.0166155007 0.9175084829
67.4 297.6 2460.8 0.3546829820 -0.9305306077 0.0911742598 0.7494142652 0.2246223837 -0.6228346825 0.5590869188 0.2892361581 0.7770226598
-6.9 140.7 2343.7 -0.2231742144 -0.9305306077 -0.2903550267 -0.9740206003 0.2246223837 0.0287863929 0.0384336188 0.2892361581 -0.9564859271
324.5 318.0 2349.0 0.2273664474 0.3182368875 0.9203422070 -0.9641559124 0.2063096464 0.1668524444 -0.1367768794 -0.9252899885 0.3537378609
386.4 55.7 2311.8 -0.1504536718 0.3144083321 0.9372892380 -0.9596779943 0.1812645793 -0.2148516923 -0.2374484986 -0.9318211079 0.2744588554
137.8 -95.5 2432.5 0.6831329465 0.0459268056 0.7288484573 0.0018062853 0.9979112744 -0.0645742044 -0.7302917838 0.0454292744 0.6816231608
119.6 -492.2 2414.4 0.6851485968 -0.1235976517 0.7178405523 -0.0135629214 0.9831631184 0.1822260767 -0.7282770276 -0.1345879585 0.6719364524
307.5 -84.8 2364.1 0.8410612345 0.0495867766 0.5386623740 0.0427810363 0.9865731597 -0.1576171964 -0.5392455459 0.1556102484 0.8276470900
287.8 -477.1 2302.2 0.8498913050 -0.0609167777 0.5234251618 -0.0449891016 0.9812811613 0.1872518659 -0.5250340104 -0.1826921552 0.8312417269
53.5 404.5 2333.2 0 0 0 0 0 0 0 0 0
347.1 -195.3 2249.7 0 0 0 0 0 0 0 0 0
154.6 -770.8 2452.6 0 0 0 0 0 0 0 0 0
306.4 -777.4 2358.2 0 0 0 0 0 0 0 0 0
173.4 500.2 2396.8 93 0.9034259319 -0.1685390323 0.3942285180 0.1398920864 0.9850488305 0.1005433202 -0.4052798152 -0.0356839933 0.9134959579
206.0 309.8 2403.7 0.9034259319 -0.1685390323 0.3942285180 0.1398920864 0.9850488305 0.1005433202 -0.4052798152 -0.0356839933 0.9134959579
212.3 111.4 2402.8 0.9144456387 -0.0317474008 0.4034616351 0.0307038222 0.9994875193 0.0090570021 -0.4035423994 0.0041056783 0.9149517417
77.5 305.5 2460.4 0.3794631958 -0.9159648418 0.1304458678 0.7572552562 0.2264713049 -0.6125971079 0.5315751433 0.3312388659 0.7795567513
-5.7 139.6 2343.9 -0.2253185362 -0.9159648418 -0.3320240974 -0.9733607769 0.2264713049 0.0357699394 0.0424299240 0.3312388659 -0.9425924420
334.5 314.1 2346.9 0.2041027546 0.3175779879 0.9260055423 -0.9696446657 0.1956920028 0.1466078311 -0.1346524656 -0.9278194308 0.3478790820
387.4 62.7 2312.0 -0.1338490993 0.3179410100 0.9386149049 -0.9587054849 0.1982845962 -0.2038798481 -0.2509346306 -0.9271444082 0.2782715857
140.6 -95.1 2434.5 0.6804003119 0.0559216700 0.7307038903 -0.0020009028 0.9972223043 -0.0744554996 -0.7328379154 0.0491974764 0.6786222458
118.3 -491.6 2415.0 0.6812290549 -0.1266383827 0.7210337520 -0.0083280010 0.9835198522 0.1806082577 -0.7320229411 -0.1290403605 0.6689476371
