-159.3 452.5 2773.9 5 0.9600988030 -0.0661759451 -0.2717186809 0.0309951585 0.9907937050 -0.1317844540 0.2779380977 0.1181041375 0.9533109665
-146.3 258.2 2750.7 0.9600988030 -0.0661759451 -0.2717186809 0.0309951585 0.9907937050 -0.1317844540 0.2779380977 0.1181041375 0.9533109665
-141.2 65.5 2728.5 0.9618252516 -0.0262468364 -0.2724027634 -0.0060640443 0.9931016564 -0.1170998588 0.2735971510 0.1142814606 0.9550310969
-277.7 259.0 2713.3 0.4081935883 -0.8094721437 -0.4220578671 0.2766669095 0.5502794981 -0.7878120542 0.8699617386 0.2048104107 0.4485747218
-379.1 190.3 2497.2 -0.5867487192 -0.8094721437 0.0219271928 -0.7450745106 0.5502794981 0.3769037724 -0.3171591759 0.2048104107 -0.9259928465
-15.0 257.4 2788.1 0.2490934283 0.4986838102 0.8302209973 -0.9615238905 0.2298959941 0.1503983587 -0.1158632562 -0.8357405663 0.5367619991
56.6 -19.0 2754.8 0.1100440323 0.4882451594 0.8657407165 -0.9291621447 0.3598112762 -0.0848144963 -0.3529135585 -0.7950801849 0.4932540059
-226.1 -127.8 2682.5 0.9631595612 -0.0030747023 0.2689129412 0.0234953761 0.9970732331 -0.0727525130 -0.2679021955 0.0763904974 0.9604128599
-224.9 -514.7 2652.8 0.9613689184 -0.0742244422 0.2650669217 0.0532928854 0.9949278831 0.0853136852 -0.2700548470 -0.0678917468 0.9604483843
-54.2 -130.9 2732.6 0.9962390661 0.0530651323 0.0684965104 -0.0400932394 0.9831216335 -0.1785058528 -0.0768128335 0.1750882566 0.9815517664
-74.8 -512.5 2664.6 0.9922960401 -0.0970476791 0.0770085305 0.0970780998 0.9952710867 0.0033572600 -0.0769701749 0.0041444455 0.9970247746
-237.0 370.7 2574.0 0 0 0 0 0 0 0 0 0
85.7 -264.4 2661.6 0 0 0 0 0 0 0 0 0
-201.5 -828.7 2674.3 0 0 0 0 0 0 0 0 0
-42.8 -840.6 2663.3 0 0 0 0 0 0 0 0 0
-157.7 453.6 2763.4 6 0.9699667096 -0.0548307635 -0.2369771749 0.0311688744 0.9942478538 -0.1024680883 0.2412324548 0.0920043215 0.9660963416
-147.0 258.3 2745.4 0.9699667096 -0.0548307635 -0.2369771749 0.0311688744 0.9942478538 -0.1024680883 0.2412324548 0.0920043215 0.9660963416
-140.5 65.2 2727.8 0.9708831310 -0.0328436941 -0.2372915596 0.0103724441 0.9953913093 -0.0953337625 0.2393290699 0.0900966451 0.9667493105
-279.5 256.9 2712.7 0.3919391036 -0.8097302914 -0.4367156923 0.2746591270 0.5560350418 -0.7844663262 0.8780353665 0.1875150800 0.4403316975
-376.3 189.1 2495.9 -0.5863970518 -0.8097302914 0.0218022987 -0.7548719049 0.5560350418 0.3478411436 -0.2937803566 0.1875150800 -0.9372999668
-14.5 259.7 2778.0 0.2490369231 0.4696099460 0.8470224738 -0.9643397331 0.2011549920 0.1720046550 -0.0896077082 -0.8596529365 0.5029585361
56.9 -16.8 2752.3 0.1090782061 0.4582389593 0.8821105361 -0.9342963099 0.3502554893 -0.0664195046 -0.3394000530 -0.8169077039 0.4663361907
-222.3 -126.6 2681.8 0.9528266191 0.0046128128 0.3034801185 0.0204360411 0.9966404438 -0.0793110207 -0.3028264046 0.0817715824 0.9495312572
-224.0 -513.5 2650.1 0.9516439438 -0.0679099485 0.2996030748 0.0406365097 0.9945178628 0.0963480324 -0.3045035899 -0.0795141980 0.9491865039
-50.0 -127.7 2730.9 0.9929533601 0.0583215132 0.1031609252 -0.0383442603 0.9818043709 -0.1859837323 -0.1121306941 0.1807175577 0.9771222472
-72.6 -508.8 2660.7 0.9895421863 -0.0896919966 0.1129670814 0.0879428536 0.9959169626 0.0203830767 -0.1143340319 -0.0102352677 0.9933896065
-236.0 369.7 2566.2 0 0 0 0 0 0 0 0 0
85.9 -264.7 2662.2 0 0 0 0 0 0 0 0 0
-202.4 -830.3 2675.4 0 0 0 0 0 0 0 0 0
-42.6 -842.7 2664.2 0 0 0 0 0 0 0 0 0
-159.8 452.0 2769.2 7 0.9644794464 -0.0524692722 -0.2588944435 0.0225695483 0.9928590059 -0.1171393320 0.2631918788 0.1071353555 0.9587763548
-149.5 256.9 2748.1 0.9644794464 -0.0524692722 -0.2588944435 0.0225695483 0.9928590059 -0.1171393320 0.2631918788 0.1071353555 0.9587763548
-141.6 64.1 2728.0 0.9649860859 -0.0403345227 -0.2591814101 0.0117248818 0.9937516451 -0.1109961942 0.2620389462 0.1040709093 0.9594294429
-281.2 255.4 2712.4 0.3871987462 -0.8073023558 -0.4453538060 0.2731955945 0.5617984533 -0.7808628082 0.8805914521 0.1806803942 0.4380790889
-378.2 187.0 2491.8 -0.5895143151 -0.8073023558 0.0271256659 -0.7536488771 0.5617984533 0.3411683738 -0.2906651795 0.1806803942 -0.9396107197
-17.7 258.5 2783.9 0.2593241930 0.4840589762 0.8357259631 -0.9588715434 0.2324362993 0.1629071236 -0.1153963953 -0.8435996175 0.5244267583
57.1 -18.1 2750.6 0.1035699770 0.4749267101 0.8739095330 -0.9334091544 0.3498899043 -0.0795264319 -0.3435413539 -0.8074786067 0.4795390368
-220.9 -128.8 2688.9 0.9594551325 0.0092177214 0.2817105353 0.0209354609 0.9943737984 -0.1038388386 -0.2810827494 0.1055264473 0.9538640976
-224.5 -514.7 2648.0 0.9580842257 -0.0702698901 0.2777349949 0.0439784750 0.9940359592 0.0997919291 -0.2830909491 -0.0833947137 0.9554605484
-47.1 -127.0 2731.8 0.9942241907 0.0692179725 0.0820188895 -0.0525606759 0.9803376198 -0.1901987195 -0.0935713723 0.1847891957 0.9783135056
-74.0 -507.6 2660.0 0.9910371900 -0.0941985175 0.0947200060 0.0927297994 0.9954944253 0.0197995827 -0.0961583331 -0.0108387563 0.9953070283
-235.8 369.0 2562.0 0 0 0 0 0 0 0 0 0
84.7 -267.3 2658.9 0 0 0 0 0 0 0 0 0
-202.4 -827.3 2674.2 0 0 0 0 0 0 0 0 0
-42.5 -840.8 2663.6 0 0 0 0 0 0 0 0 0
-160.3 451.0 2772.1 8 0.9600847960 -0.0533540770 -0.2745734155 0.0187389757 0.9917025566 -0.1271804422 0.2790807784 0.1169587821 0.9531183243
-149.9 256.5 2749.1 0.9600847960 -0.0533540770 -0.2745734155 0.0187389757 0.9917025566 -0.1271804422 0.2790807784 0.1169587821 0.9531183243
-140.9 63.9 2727.2 0.9603902102 -0.0458926968 -0.2748536468 0.0126327639 0.9925014973 -0.1215781122 0.2783721983 0.1132902652 0.9537684321
-281.0 254.8 2711.1 0.3906658590 -0.8076444268 -0.4416907132 0.2737547159 0.5600439310 -0.7819265723 0.8788848519 0.1845570952 0.4398865104
-379.7 185.7 2489.1 -0.5892947912 -0.8076444268 0.0210276078 -0.7554182410 0.5600439310 0.3401383162 -0.2864871919 0.1845570952 -0.9401403069
-18.7 258.2 2787.2 0.2598536313 0.4943449199 0.8295174241 -0.9559084773 0.2533833981 0.1484447271 -0.1368030459 -0.8315166831 0.5383911133
56.5 -18.5 2747.6 0.1019667983 0.4865283966 0.8676940203 -0.9329482913 0.3495045304 -0.0863370448 -0.3452683985 -0.8007101417 0.4895437062
-220.1 -129.7 2684.3 0.9637632966 0.0173986107 0.2661909163 0.0087097054 0.9952864051 -0.0965874195 -0.2666167021 0.0954058543 0.9590689540
-226.8 -516.0 2647.3 0.9614106417 -0.0758750439 0.2644475698 0.0508905016 0.9936760664 0.1000899449 -0.2703695595 -0.0827696696 0.9591920972
-47.3 -127.7 2731.2 0.9951966405 0.0711237267 0.0672686622 -0.0575893149 0.9810063839 -0.1852294058 -0.0791651905 0.1804657280 0.9803902507
-74.9 -508.5 2661.2 0.9917510748 -0.1000612378 0.0801098347 0.0992317051 0.9949618578 0.0142800128 -0.0811351091 -0.0062127821 0.9966837764
-236.5 369.2 2558.7 0 0 0 0 0 0 0 0 0
83.9 -269.0 2654.8 0 0 0 0 0 0 0 0 0
-203.4 -822.8 2672.8 0 0 0 0 0 0 0 0 0
-41.8 -837.7 2663.2 0 0 0 0 0 0 0 0 0
-160.7 448.9 2763.5 9 0.9594581127 -0.0786144361 -0.2706657350 0.0490715317 0.9922398925 -0.1142453328 0.2775466740 0.0963316262 0.9558703303
-145.5 256.8 2744.9 0.9594581127 -0.0786144361 -0.2706657350 0.0490715317 0.9922398925 -0.1142453328 0.2775466740 0.0963316262 0.9558703303
-139.1 63.9 2724.9 0.9620068669 -0.0329890996 -0.2710249722 0.0037068585 0.9941601157 -0.1078514010 0.2730001509 0.1027491316 0.9565111399
-276.9 256.3 2707.6 0.4312018156 -0.7947521210 -0.4271229804 0.2850108147 0.5691369772 -0.7712664604 0.8560571074 0.2108368278 0.4719258547
-384.6 185.2 2493.8 -0.6068800688 -0.7947521210 -0.0081000356 -0.7498281598 0.5691369772 0.3374030292 -0.2635417581 0.2108368278 -0.9413254261
-14.1 257.3 2782.2 0.2487328798 0.4940999150 0.8330649734 -0.9610021710 0.2332178503 0.1486077458 -0.1208585426 -0.8375408649 0.5328400135
57.0 -17.4 2747.6 0.0966778994 0.4861634672 0.8685035706 -0.9347614050 0.3440654278 -0.0885445699 -0.3418691754 -0.8032832742 0.4877103865
-217.9 -129.8 2680.3 0.9623562694 0.0270233992 0.2704443336 -0.0041501746 0.9963899255 -0.0847934037 -0.2717594206 0.0804790705 0.9589942098
-228.4 -516.6 2649.0 0.9593348503 -0.0804937333 0.2705502808 0.0522411615 0.9925508499 0.1100622118 -0.2773942351 -0.0914526507 0.9563936591
-45.9 -127.6 2730.1 0.9951025248 0.0705133751 0.0692737252 -0.0562220365 0.9801575541 -0.1900796890 -0.0813023299 0.1852540672 0.9793216586
-73.3 -508.1 2658.2 0.9924008250 -0.0908010229 0.0830409452 0.0886442363 0.9956320524 0.0293083973 -0.0853394568 -0.0217245761 0.9961150885
-236.1 368.6 2558.3 0 0 0 0 0 0 0 0 0
83.1 -270.5 2655.0 0 0 0 0 0 0 0 0 0
-203.1 -829.2 2677.8 0 0 0 0 0 0 0 0 0
-43.2 -838.6 2665.4 0 0 0 0 0 0 0 0 0
-162.2 446.5 2759.7 0 0.9527420402 -0.1434416771 -0.2677818239 0.1111631021 0.9849815965 -0.1321137249 0.2827107906 0.0961028412 0.9543787837
-132.7 243.7 2740.0 0.9527420402 -0.1434416771 -0.2677818239 0.1111631021 0.9849815965 -0.1321137249 0.2827107906 0.0961028412 0.9543787837
-136.8 50.7 2723.2 0.9622998238 0.0215031486 -0.2711396515 -0.0441108085 0.9960111380 -0.0775631517 0.2683902681 0.0865991935 0.9594098330
-264.0 249.7 2703.2 0.4666304588 -0.8033888340 -0.3698951304 0.2541019022 0.5223626494 -0.8139837384 0.8471648097 0.2858385444 0.4478929341
-379.4 186.8 2493.6 -0.5915156603 -0.8033888340 -0.0683784410 -0.7552347183 0.5223626494 0.3959265649 -0.2823646367 0.2858385444 -0.9157328010
-1.4 237.6 2776.7 0.2223800421 0.4961003363 0.8393042088 -0.9677406549 0.2168863118 0.1282119602 -0.1184275970 -0.8407406211 0.5283276439
56.9 -15.9 2745.6 0.1024759039 0.4858850539 0.8679944873 -0.9225829244 0.3726925552 -0.0997048095 -0.3719401360 -0.7905794978 0.4864612520
-218.8 -129.4 2680.6 0.9620254040 0.0255511645 0.2717614472 -0.0079204207 0.9978029728 -0.0657760054 -0.2728450298 0.0611257218 0.9601141810
-228.7 -516.6 2656.8 0.9583650231 -0.0850297213 0.2725921273 0.0655647814 0.9946559668 0.0797540694 -0.2779168487 -0.0585610680 0.9588184357
-46.5 -128.7 2729.5 0.9952560663 0.0743842274 0.0627081916 -0.0609797016 0.9791706204 -0.1936657429 -0.0758076906 0.1889230758 0.9790614247
-75.4 -508.9 2656.1 0.9919533730 -0.0997411683 0.0779756680 0.0973423049 0.9946703315 0.0339919664 -0.0809504762 -0.0261281133 0.9963756204
-236.7 369.1 2561.7 0 0 0 0 0 0 0 0 0
84.8 -267.5 2644.2 0 0 0 0 0 0 0 0 0
-202.3 -825.3 2675.0 0 0 0 0 0 0 0 0 0
-42.1 -840.2 2664.8 0 0 0 0 0 0 0 0 0
-162.9 441.8 2758.4 1 0.9704218507 -0.1030305102 -0.2183258086 0.0780914500 0.9897039533 -0.1199494079 0.2284363657 0.0993521437 0.9684761167
-142.2 243.1 2738.4 0.9704218507 -0.1030305102 -0.2183258086 0.0780914500 0.9897039533 -0.1199494079 0.2284363657 0.0993521437 0.9684761167
-138.8 50.1 2720.6 0.9753484130 -0.0173237044 -0.2199893296 -0.0031796705 0.9957069159 -0.0925073028 0.2206474692 0.0909263492 0.9711061120
-275.0 243.5 2708.3 0.4153436124 -0.8225708008 -0.3884159625 0.2360917181 0.5098328590 -0.8272430897 0.8784932494 0.2518883348 0.4059579670
-377.0 185.5 2492.6 -0.5646503568 -0.8225708008 -0.0674330816 -0.7847956419 0.5098328590 0.3523722887 -0.2554715574 0.2518883348 -0.9334273338
-9.3 242.7 2768.6 0.2490759194 0.4527582824 0.8561373353 -0.9630870819 0.2089857012 0.1696711332 -0.1021004468 -0.8667957783 0.4880989492
57.1 -14.2 2741.3 0.1032871306 0.4421840012 0.8909574151 -0.9323085546 0.3551764488 -0.0681939125 -0.3466013372 -0.8236036897 0.4489370883
-227.1 -138.4 2682.3 0.9469547868 0.0028546767 0.3213542104 0.0211562011 0.9972376227 -0.0712010488 -0.3206697702 0.0742228031 0.9442784786
-228.2 -525.4 2653.5 0.9447680712 -0.0805006474 0.3176993728 0.0549176224 0.9945440888 0.0886908546 -0.3231057227 -0.0663449988 0.9440344572
-54.9 -146.3 2730.5 0.9919047356 0.0449703336 0.1187546477 -0.0201425012 0.9790717363 -0.2025162131 -0.1253765374 0.1984847784 0.9720516801
-72.4 -526.2 2653.5 0.9873054624 -0.0963137448 0.1262997687 0.0900894180 0.9944624305 0.0541143231 -0.1308123320 -0.0420490950 0.9905149937
-242.7 372.1 2553.4 0 0 0 0 0 0 0 0 0
85.2 -267.2 2647.3 0 0 0 0 0 0 0 0 0
-204.0 -823.8 2673.4 0 0 0 0 0 0 0 0 0
-41.8 -841.9 2666.8 0 0 0 0 0 0 0 0 0
-160.9 445.6 2756.7 2 0.9728198647 -0.0707152486 -0.2205013186 0.0479280762 0.9930991530 -0.1070373058 0.2265488356 0.0935598090 0.9694958329
-146.9 248.4 2738.1 0.9728198647 -0.0707152486 -0.2205013186 0.0479280762 0.9930991530 -0.1070373058 0.2265488356 0.0935598090 0.9694958329
-141.9 55.3 2720.8 0.9748805165 -0.0257557537 -0.2212343067 0.0054459232 0.9957509637 -0.0919260308 0.2226618826 0.0884120762 0.9708784819
-279.9 247.6 2707.7 0.3924516439 -0.8333489895 -0.3892443776 0.2583620548 0.5060379505 -0.8229061961 0.8827404976 0.2223848999 0.4139011800
-375.9 184.4 2491.6 -0.5499601364 -0.8333489895 -0.0554373600 -0.7994320393 0.5060379505 0.3237807155 -0.2417689264 0.2223848999 -0.9445065856
-13.9 249.2 2768.5 0.2592720389 0.4505319297 0.8542827368 -0.9597502947 0.2190717459 0.1757469624 -0.1079695895 -0.8654643297 0.4891973138
57.3 -14.3 2738.9 0.1038389727 0.4397803843 0.8920822144 -0.9275837541 0.3664749563 -0.0726941377 -0.3588952422 -0.8199325204 0.4459875226
-222.6 -142.6 2683.0 0.9472540617 0.0186339170 0.3199414909 0.0041494812 0.9975114465 -0.0703821182 -0.3204568028 0.0679973364 0.9448194504
-229.8 -529.7 2656.6 0.9433032870 -0.0912019908 0.3191568255 0.0695284456 0.9944723248 0.0786805823 -0.3245684505 -0.0520291775 0.9444301128
-48.3 -143.1 2722.5 0.9912946224 0.0540622286 0.1200511158 -0.0339841433 0.9859752655 -0.1633947790 -0.1272009164 0.1578925252 0.9792292118
-69.3 -525.5 2661.3 0.9881774187 -0.0844454095 0.1279623806 0.0823939666 0.9963732362 0.0212506652 -0.1292928159 -0.0104560992 0.9915513396
-246.1 373.1 2548.7 0 0 0 0 0 0 0 0 0
85.4 -265.6 2641.6 0 0 0 0 0 0 0 0 0
-203.1 -821.2 2671.9 0 0 0 0 0 0 0 0 0
-43.0 -836.5 2664.6 0 0 0 0 0 0 0 0 0
-160.0 446.9 2756.3 3 0.9710769057 -0.0582759120 -0.2315460891 0.0346381702 0.9938821793 -0.1048735529 0.2362411320 0.0938199535 0.9671545625
-148.6 250.9 2737.8 0.9710769057 -0.0582759120 -0.2315460891 0.0346381702 0.9938821793 -0.1048735529 0.2362411320 0.0938199535 0.9671545625
-141.9 57.8 2720.5 0.9721017480 -0.0343648158 -0.2320286483 0.0126313204 0.9954436421 -0.0945112109 0.2342193127 0.0889436826 0.9681065679
-281.3 249.2 2705.8 0.3974516988 -0.8364802003 -0.3772704303 0.2769694030 0.5013196468 -0.8197356462 0.8748257756 0.2213129550 0.4309297800
-376.4 182.9 2496.4 -0.5430149436 -0.8364802003 -0.0737265423 -0.8126074076 0.5013196468 0.2972334623 -0.2116693556 0.2213129550 -0.9519541264
-15.8 252.7 2769.8 0.2601179481 0.4564037025 0.8509020805 -0.9578779340 0.2330318391 0.1678273827 -0.1216902286 -0.8587152362 0.4977948070
56.9 -15.2 2735.8 0.1029661372 0.4457255006 0.8892281651 -0.9195974469 0.3834012151 -0.0856971219 -0.3791285753 -0.8089081049 0.4493653774
-224.1 -138.4 2683.6 0.9508205056 0.0178416986 0.3092280626 0.0039192573 0.9975667000 -0.0696081594 -0.3097175360 0.0673968121 0.9484369755
-231.0 -525.6 2657.5 0.9466598034 -0.0925192684 0.3086672127 0.0739833117 0.9947108626 0.0712511688 -0.3136267364 -0.0446143895 0.9484976530
-49.7 -137.4 2723.5 0.9922367930 0.0586938187 0.1096413806 -0.0401962325 0.9856610298 -0.1638799757 -0.1176879779 0.1582005769 0.9803683758
-72.4 -519.8 2662.2 0.9883295894 -0.0956405252 0.1185645387 0.0939040929 0.9953771234 0.0201594532 -0.1199444905 -0.0087904884 0.9927417040
-250.4 371.4 2545.5 0 0 0 0 0 0 0 0 0
84.8 -264.8 2632.9 0 0 0 0 0 0 0 0 0
-203.5 -821.6 2670.8 0 0 0 0 0 0 0 0 0
-41.6 -840.5 2665.0 0 0 0 0 0 0 0 0 0
-158.7 442.7 2745.1 4 0.9662950039 -0.1112510711 -0.2321577370 0.0897621214 0.9908095002 -0.1011894867 0.2412815392 0.0769399256 0.9674003720
-135.7 237.7 2729.2 0.9662950039 -0.1112510711 -0.2321577370 0.0897621214 0.9908095002 -0.1011894867 0.2412815392 0.0769399256 0.9674003720
-141.1 44.5 2717.5 0.9717855453 0.0278234519 -0.2342193127 -0.0411131345 0.9977978468 -0.0520493835 0.2322553247 0.0602103285 0.9707894325
-268.2 243.3 2697.4 0.4549515545 -0.8415446877 -0.2912414968 0.2347604036 0.4288190007 -0.8723541498 0.8590149283 0.3285069168 0.3926532567
-374.1 188.6 2497.3 -0.5134621859 -0.8415446877 -0.1678067595 -0.8239098191 0.4288190007 0.3705224693 -0.2398524880 0.3285069168 -0.9135392904
-3.2 232.1 2761.1 0.2340318710 0.4614362121 0.8557486534 -0.9666110873 0.2049191743 0.1538543701 -0.1043653265 -0.8631829023 0.4939869642
56.6 -14.9 2734.4 0.1007790491 0.4505146146 0.8870626688 -0.9183949828 0.3850111365 -0.0911978111 -0.3826149702 -0.8054831028 0.4525514245
-222.2 -136.5 2682.2 0.9515230060 0.0087872036 0.3074520230 0.0107647339 0.9980280399 -0.0618397892 -0.3073891401 0.0621516220 0.9495520592
-225.7 -523.9 2658.1 0.9490564466 -0.0739123672 0.3063148558 0.0591217056 0.9966049790 0.0572991930 -0.3095100224 -0.0362703130 0.9502041936
-48.2 -134.2 2724.2 0.9927304983 0.0680385977 0.0992820263 -0.0497807413 0.9831333160 -0.1759850532 -0.1095812470 0.1697634012 0.9793734550
-74.6 -515.8 2658.3 0.9887447357 -0.1002560183 0.1110522896 0.0977492556 0.9948225617 0.0278056953 -0.1132650077 -0.0166374557 0.9934254885
-252.1 384.4 2554.3 0 0 0 0 0 0 0 0 0
84.1 -265.2 2630.1 0 0 0 0 0 0 0 0 0
-203.7 -820.6 2668.9 0 0 0 0 0 0 0 0 0
-41.8 -840.8 2663.8 0 0 0 0 0 0 0 0 0
-155.4 445.3 2750.1 5 0.9677096605 -0.1296743900 -0.2161540240 0.0974177197 0.9832941890 -0.1537607461 0.2324818224 0.1277385354 0.9641758800
-126.6 226.4 2721.6 0.9677096605 -0.1296743900 -0.2161540240 0.0974177197 0.9832941890 -0.1537607461 0.2324818224 0.1277385354 0.9641758800
-134.6 32.9 2716.4 0.9740996361 0.0418295115 -0.2222164720 -0.0467604920 0.9987619519 -0.0169728901 0.2212313861 0.0269242376 0.9748495817
-259.5 232.8 2691.3 0.4900992811 -0.8284521103 -0.2710530460 0.1202561408 0.3722485602 -0.9203094244 0.8633314371 0.4184472263 0.2820652127
-369.6 205.7 2497.3 -0.5130621791 -0.8284521103 -0.2245757431 -0.8040257692 0.3722485602 0.4636524320 -0.3005158305 0.4184472263 -0.8570834994
6.4 219.9 2751.9 0.2090389282 0.4497182369 0.8683640957 -0.9730273485 0.1842531413 0.1388111264 -0.0975729227 -0.8739590049 0.4761042297
57.0 -15.5 2728.3 0.1005425006 0.4387291968 0.8929769993 -0.9299653172 0.3604507744 -0.0723862350 -0.3536321819 -0.8231597543 0.4442435503
-233.3 -145.0 2685.0 0.9475169778 -0.0219936240 0.3189480007 0.0403137393 0.9978871346 -0.0509512462 -0.3171535134 0.0611351579 0.9464016557
-224.8 -532.2 2661.2 0.9460743666 -0.0753647536 0.3150610626 0.0625068843 0.9967542887 0.0507329442 -0.3178619444 -0.0283036511 0.9477144480
-59.6 -152.4 2726.7 0.9935755134 0.0315584615 0.1086819768 -0.0135572469 0.9866080284 -0.1625447422 -0.1123561710 0.1600270420 0.9806974530
-71.8 -535.1 2664.7 0.9889768958 -0.0963094234 0.1124688014 0.0960369632 0.9953467846 0.0078505175 -0.1127015427 0.0030371828 0.9936242700
-244.1 402.5 2570.8 0 0 0 0 0 0 0 0 0
84.0 -265.7 2633.2 0 0 0 0 0 0 0 0 0
-202.9 -821.4 2669.5 0 0 0 0 0 0 0 0 0
-42.3 -840.6 2663.7 0 0 0 0 0 0 0 0 0
-154.4 447.2 2752.5 6 0.9636504054 -0.1459231228 -0.2237952352 0.1040668190 0.9765201807 -0.1886225939 0.2460649461 0.1584765762 0.9562098384
-119.7 215.2 2714.9 0.9636504054 -0.1459231228 -0.2237952352 0.1040668190 0.9765201807 -0.1886225939 0.2460649461 0.1584765762 0.9562098384
-126.9 21.5 2715.9 0.9713010192 0.0369609334 -0.2349642068 -0.0346626155 0.9993023276 0.0139055671 0.2353142351 -0.0053620180 0.9719045758
-252.3 219.9 2682.7 0.5135806799 -0.8106661439 -0.2811677158 -0.0040843217 0.3253720999 -0.9455772638 0.8580315709 0.4867785871 0.1637938023
-363.3 220.8 2497.3 -0.5119656324 -0.8106661439 -0.2840978205 -0.7973065972 0.3253720999 0.5083651543 -0.3196769357 0.4867785871 -0.8129287958
12.9 210.5 2747.0 0.1876316965 0.4563487768 0.8697931767 -0.9771016836 0.1771708280 0.1178251952 -0.1003325954 -0.8719841242 0.4791420400
57.0 -19.4 2723.4 0.1022109613 0.4451740384 0.8895914555 -0.9329410195 0.3532418311 -0.0695794523 -0.3452158868 -0.8228245974 0.4514262974
-229.9 -156.5 2691.3 0.9514920712 -0.0084783174 0.3075564206 0.0306828842 0.9972518682 -0.0674331635 -0.3061394989 0.0735988393 0.9491373897
-226.6 -543.5 2662.8 0.9491137266 -0.0821768641 0.3040232062 0.0673199669 0.9959825277 0.0590495020 -0.3076543212 -0.0355778597 0.9508328438
-55.6 -164.9 2731.1 0.9946768284 0.0382190049 0.0956937149 -0.0230929069 0.9877303839 -0.1544520706 -0.1004225910 0.1514200419 0.9833551049
-70.4 -548.1 2672.3 0.9906488657 -0.0928305835 0.0999865606 0.0952137038 0.9952692986 -0.0193217546 -0.0977199078 0.0286611654 0.9948011637
-235.1 420.5 2577.4 0 0 0 0 0 0 0 0 0
84.0 -265.0 2632.5 0 0 0 0 0 0 0 0 0
-203.0 -829.1 2673.0 0 0 0 0 0 0 0 0 0
-42.8 -843.6 2663.8 0 0 0 0 0 0 0 0 0
-153.6 444.5 2743.7 7 0.9604929686 -0.1539870203 -0.2318214774 0.1135815382 0.9773434997 -0.1786027253 0.2540717125 0.1452160180 0.9562216401
-116.7 210.6 2709.0 0.9604929686 -0.1539870203 -0.2318214774 0.1135815382 0.9773434997 -0.1786027253 0.2540717125 0.1452160180 0.9562216401
-123.1 16.9 2714.7 0.9689635634 0.0325979739 -0.2450449318 -0.0243302025 0.9990304112 0.0366924033 0.2460034192 -0.0295916088 0.9688171148
-249.0 213.9 2675.4 0.5247313380 -0.8115050197 -0.2571315765 -0.0699686557 0.2599202394 -0.9630918503 0.8483875394 0.5233556032 0.0796083808
-359.4 228.6 2496.9 -0.4965637028 -0.8115050197 -0.3080326617 -0.7788596153 0.2599202394 0.5708057880 -0.3831478059 0.5233556032 -0.7611154318
15.6 207.3 2742.6 0.1754070371 0.4619135261 0.8694068193 -0.9793814421 0.1717706472 0.1063336655 -0.1002216116 -0.8701326251 0.4825192988
57.1 -24.3 2718.9 0.1057222411 0.4500464797 0.8867248297 -0.9326317310 0.3542487323 -0.0685990527 -0.3449939191 -0.8197352886 0.4571796358
-221.1 -169.1 2695.9 0.9544600248 0.0131687326 0.2980480194 0.0153164174 0.9955450296 -0.0930352584 -0.2979453504 0.0933634639 0.9500062466
-226.2 -555.4 2659.7 0.9511480331 -0.0872380808 0.2961534858 0.0688402802 0.9950252175 0.0720126405 -0.3009624481 -0.0481073968 0.9524217844
-47.1 -175.3 2738.1 0.9948709607 0.0552064478 0.0847587362 -0.0408377908 0.9858202338 -0.1627596915 -0.0925422609 0.1584635228 0.9830184579
-68.6 -557.9 2676.6 0.9914683700 -0.0933121741 0.0910123661 0.0970779657 0.9945565462 -0.0378575139 -0.0869843736 0.0463698246 0.9951299429
-233.1 426.7 2594.4 0 0 0 0 0 0 0 0 0
84.3 -263.8 2630.3 0 0 0 0 0 0 0 0 0
-202.2 -828.6 2672.9 0 0 0 0 0 0 0 0 0
-41.7 -843.7 2663.2 0 0 0 0 0 0 0 0 0
-151.1 441.1 2730.4 8 0.9589328766 -0.1451951265 -0.2436517030 0.1133755296 0.9836451411 -0.1399578452 0.2599880099 0.1065860316 0.9597112536
-116.8 208.4 2705.1 0.9589328766 -0.1451951265 -0.2436517030 0.1133755296 0.9836451411 -0.1399578452 0.2599880099 0.1065860316 0.9597112536
-122.6 14.7 2714.8 0.9664720893 0.0295406133 -0.2550666630 -0.0158245955 0.9983243346 0.0556602851 0.2562834918 -0.0497577861 0.9653201103
-248.8 210.5 2670.1 0.5144666433 -0.8142590523 -0.2688982487 -0.1287041456 0.2367061377 -0.9630188942 0.8477967381 0.5300494432 0.0169788953
-354.4 236.9 2496.2 -0.4851519167 -0.8142590523 -0.3187629580 -0.7788789868 0.2367061377 0.5807905793 -0.3974608481 0.5300494432 -0.7490476966
15.2 206.3 2740.1 0.1735651940 0.4696006775 0.8656502366 -0.9810853601 0.1589498222 0.1104826406 -0.0857122242 -0.8684527278 0.4883065224
56.6 -27.6 2719.7 0.1090595573 0.4568928480 0.8828108311 -0.9295187593 0.3616137803 -0.0723210871 -0.3522795439 -0.8127019405 0.4641278982
-216.2 -174.7 2698.5 0.9571924806 0.0293242596 0.2879629433 0.0017066270 0.9942659140 -0.1069223732 -0.2894471586 0.1028367355 0.9516537786
-227.6 -560.5 2658.6 0.9527406096 -0.0958794504 0.2882576287 0.0742328838 0.9936001897 0.0851361826 -0.2945756316 -0.0597145073 0.9537606239
-42.6 -179.0 2742.5 0.9949870706 0.0689115450 0.0724701658 -0.0542177707 0.9806508422 -0.1881074607 -0.0840307027 0.1832353175 0.9794710875
-69.4 -559.5 2671.4 0.9916059375 -0.0994910151 0.0825781897 0.1021409184 0.9943615794 -0.0285002962 -0.0792770535 0.0366956741 0.9961769581
-228.7 438.8 2599.2 0 0 0 0 0 0 0 0 0
84.3 -263.5 2630.3 0 0 0 0 0 0 0 0 0
-201.9 -827.0 2674.6 0 0 0 0 0 0 0 0 0
-40.7 -846.6 2660.8 0 0 0 0 0 0 0 0 0
-153.7 438.6 2733.2 9 0.9571853280 -0.1516344249 -0.2465831637 0.1136007085 0.9802584648 -0.1618277729 0.2662538886 0.1268871427 0.9555147886
-117.8 206.6 2703.1 0.9571853280 -0.1516344249 -0.2465831637 0.1136007085 0.9802584648 -0.1618277729 0.2662538886 0.1268871427 0.9555147886
-122.9 12.9 2713.2 0.9651336670 0.0261442438 -0.2604485452 -0.0117193609 0.9983176589 0.0567847639 0.2614949942 -0.0517525971 0.9638164043
-249.6 208.2 2667.4 0.4966006279 -0.8252429366 -0.2690017819 -0.1706977934 0.2110115737 -0.9624636769 0.8510288596 0.5238780975 -0.0360786617
-351.0 243.0 2493.8 -0.4701201916 -0.8252429366 -0.3129874468 -0.7706958055 0.2110115737 0.6012504101 -0.4301337004 0.5238780975 -0.7352120280
14.1 205.0 2738.8 0.1771166921 0.4742183387 0.8624074459 -0.9809786081 0.1557908058 0.1158023700 -0.0794395506 -0.8665137887 0.4927912056
56.5 -30.1 2719.8 0.1079323962 0.4617752135 0.8804057240 -0.9214656949 0.3788760006 -0.0857554004 -0.3731643260 -0.8020078540 0.4664030075
-214.9 -177.5 2701.5 0.9585383534 0.0331344157 0.2830305398 -0.0015910323 0.9938237667 -0.1109587103 -0.2849590182 0.1059078723 0.9526709318
-227.8 -563.3 2660.4 0.9537604451 -0.0974672362 0.2843258083 0.0800737441 0.9941707850 0.0721985325 -0.2897054255 -0.0460930727 0.9560053349
-41.8 -180.3 2747.4 0.9954563379 0.0677278787 0.0669296831 -0.0531059653 0.9783269167 -0.2001404613 -0.0790341944 0.1956767291 0.9774785042
-68.1 -560.0 2671.5 0.9924211502 -0.0953885242 0.0774676651 0.0980229527 0.9947031140 -0.0309392754 -0.0741060749 0.0382984020 0.9965146780
-226.2 447.6 2607.9 0 0 0 0 0 0 0 0 0
83.8 -263.3 2625.4 0 0 0 0 0 0 0 0 0
-202.3 -822.7 2672.4 0 0 0 0 0 0 0 0 0
-40.9 -842.8 2660.6 0 0 0 0 0 0 0 0 0
-150.7 438.9 2726.1 0 0.9566737413 -0.1435744911 -0.2533016205 0.1088648736 0.9832530022 -0.1461572796 0.2700440288 0.1122491881 0.9562825561
-116.8 206.5 2699.5 0.9566737413 -0.1435744911 -0.2533016205 0.1088648736 0.9832530022 -0.1461572796 0.2700440288 0.1122491881 0.9562825561
-122.3 12.9 2712.5 0.9635628462 0.0281714927 -0.2659944296 -0.0093710199 0.9973831773 0.0716864914 0.2673178911 -0.0665818006 0.9613053799
-248.4 207.7 2663.0 0.5705924630 -0.7895006537 -0.2260818481 -0.0197015088 0.2620565891 -0.9648513794 0.8209969997 0.5549910665 0.1339731663
-370.9 212.0 2486.8 -0.5083709359 -0.7895006537 -0.3438717127 -0.7858598232 0.2620565891 0.5601345301 -0.3521127105 0.5549910665 -0.7536587715
14.8 205.2 2736.0 0.1748415679 0.4774204791 0.8611040115 -0.9814891815 0.1539401412 0.1139362156 -0.0781629905 -0.8650850058 0.4954981804
56.8 -30.1 2717.3 0.1075848341 0.4651490748 0.8786705136 -0.9269425869 0.3664651215 -0.0805033967 -0.3594481647 -0.8058161139 0.4705925584
-214.4 -179.8 2699.8 0.9599522948 0.0394211300 0.2773762941 -0.0138111757 0.9955061078 -0.0936846584 -0.2798229754 0.0861019045 0.9561828375
-229.7 -566.2 2666.4 0.9540186524 -0.1065821797 0.2801583409 0.0953566581 0.9940077066 0.0534393564 -0.2841752470 -0.0242671780 0.9584652185
-41.5 -181.9 2746.6 0.9961374402 0.0643140897 0.0597824156 -0.0510695763 0.9781823158 -0.2013733685 -0.0714292452 0.1975424886 0.9776884913
-66.5 -561.6 2670.0 0.9938971400 -0.0849308148 0.0703932419 0.0866549835 0.9959996939 -0.0218071733 -0.0682595447 0.0277740136 0.9972808957
-237.1 418.7 2579.5 0 0 0 0 0 0 0 0 0
83.8 -263.2 2626.9 0 0 0 0 0 0 0 0 0
-202.2 -823.2 2672.7 0 0 0 0 0 0 0 0 0
-42.4 -843.8 2662.1 0 0 0 0 0 0 0 0 0
-149.4 440.1 2722.0 1 0.9553682804 -0.1355248094 -0.2624965310 0.1039434373 0.9859536886 -0.1307328194 0.2765269876 0.0976132005 0.9560358524
-117.1 205.5 2698.8 0.9553682804 -0.1355248094 -0.2624965310 0.1039434373 0.9859536886 -0.1307328194 0.2765269876 0.0976132005 0.9560358524
-124.8 12.0 2711.3 0.9613879323 0.0394215062 -0.2723586559 -0.0202713367 0.9971425533 0.0727725774 0.2744491994 -0.0644416064 0.9594398737
-248.4 208.2 2661.3 0.5761442780 -0.7875738740 -0.2185982913 0.0502604693 0.3010798693 -0.9522734880 0.8158012629 0.5376600623 0.2130492628
-374.0 197.3 2483.5 -0.5173543692 -0.7875738740 -0.3347713947 -0.7970708013 0.3010798693 0.5234778523 -0.3114845455 0.5376600623 -0.7835171223
14.2 202.7 2736.3 0.1797011346 0.4850804210 0.8558063507 -0.9810301661 0.1526752710 0.1194574684 -0.0727139860 -0.8610384464 0.5033144355
57.1 -31.5 2718.9 0.1082573459 0.4729109108 0.8744344711 -0.9188987613 0.3832511306 -0.0935073942 -0.3793486655 -0.7933939099 0.4760470092
-214.1 -179.8 2701.4 0.9624912739 0.0387357362 0.2685332596 -0.0081980499 0.9934559464 -0.1139214411 -0.2711887658 0.1074469462 0.9565102458
-229.1 -565.4 2659.7 0.9568127990 -0.1052449867 0.2709848285 0.0871001929 0.9931278229 0.0781709775 -0.2773496509 -0.0511921607 0.9594042301
-41.5 -181.5 2749.3 0.9961441159 0.0721027628 0.0499812067 -0.0602012090 0.9761866331 -0.2084117979 -0.0638180524 0.2045992464 0.9767632484
-69.4 -560.4 2669.9 0.9936123490 -0.0938689038 0.0626348853 0.0953655094 0.9952135086 -0.0213419087 -0.0603317469 0.0271787923 0.9978082776
-244.7 396.5 2561.4 0 0 0 0 0 0 0 0 0
84.3 -262.3 2623.6 0 0 0 0 0 0 0 0 0
-201.7 -824.5 2673.1 0 0 0 0 0 0 0 0 0
-42.6 -845.5 2662.1 0 0 0 0 0 0 0 0 0
-145.0 448.1 2730.0 2 0.9480624199 -0.0869338959 -0.3059741259 0.0557398647 0.9924485087 -0.1092659160 0.3131624758 0.0865359530 0.9457488060
-126.1 232.6 2711.2 0.9480624199 -0.0869338959 -0.3059741259 0.0557398647 0.9924485087 -0.1092659160 0.3131624758 0.0865359530 0.9457488060
-127.1 39.0 2710.8 0.9505983591 0.0064635160 -0.3103562891 -0.0070489366 0.9999748468 -0.0007647786 0.3103435338 0.0029146790 0.9506199956
-255.8 233.7 2668.8 0.5420849919 -0.8098055124 -0.2244078666 0.1979524046 0.3825937212 -0.9024615884 0.8166754246 0.4447887838 0.3677012622
-382.6 187.4 2477.8 -0.5362047553 -0.8098055124 -0.2381164879 -0.7903257608 0.3825937212 0.4785470366 -0.2964281738 0.4447887838 -0.8451586962
3.7 231.4 2753.6 0.1976248622 0.5112973452 0.8363727927 -0.9699954391 0.2252487689 0.0914976224 -0.1416094452 -0.8293600082 0.5404708385
57.1 -30.8 2715.3 0.1089797541 0.5006300211 0.8587741256 -0.9248811603 0.3676828146 -0.0969751254 -0.3643051386 -0.7836956978 0.5030932426
-217.0 -174.6 2696.1 0.9711220860 0.0242876615 0.2373436540 0.0000728422 0.9947746992 -0.1020945311 -0.2385831028 0.0991635397 0.9660459161
-226.6 -565.5 2657.1 0.9667920470 -0.0937931761 0.2377308160 0.0756978244 0.9935731888 0.0841554105 -0.2440961599 -0.0633650795 0.9676786065
-45.2 -177.6 2746.4 0.9976048470 0.0646057278 0.0247121193 -0.0586606897 0.9795065522 -0.1926805675 -0.0366539508 0.1907694489 0.9809502959
-70.6 -563.1 2671.4 0.9940632582 -0.1029169336 0.0353033356 0.1037913784 0.9943119287 -0.0238976255 -0.0326430574 0.0274199340 0.9990908504
-249.4 383.7 2551.5 0 0 0 0 0 0 0 0 0
84.4 -262.3 2624.2 0 0 0 0 0 0 0 0 0
-202.4 -821.7 2673.5 0 0 0 0 0 0 0 0 0
-41.3 -845.7 2663.6 0 0 0 0 0 0 0 0 0
-145.5 451.4 2724.0 3 0.9523251057 -0.1089699715 -0.2849604785 0.0851745754 0.9918609858 -0.0946418270 0.2929542959 0.0658583939 0.9538555741
-120.9 227.5 2709.1 0.9523251057 -0.1089699715 -0.2849604785 0.0851745754 0.9918609858 -0.0946418270 0.2929542959 0.0658583939 0.9538555741
-128.2 33.9 2708.5 0.9566922784 0.0382420495 -0.2885782719 -0.0377702862 0.9992604852 0.0072050644 0.2886403799 0.0040066545 0.9574292302
-251.5 232.7 2669.7 0.5532906651 -0.8113610744 -0.1885807812 0.1782899946 0.3364939690 -0.9246537089 0.8136842847 0.4779801667 0.3308365345
-379.6 191.5 2481.3 -0.5136595368 -0.8113610744 -0.2790110111 -0.8007184267 0.3364939690 0.4956024587 -0.3082270026 0.4779801667 -0.8225150704
9.6 222.2 2748.5 0.1977844685 0.4968703687 0.8449859023 -0.9700339437 0.2233100682 0.0957430154 -0.1411219835 -0.8386014700 0.5261483788
56.9 -9.9 2714.8 0.0850548372 0.4901736081 0.8674650192 -0.9353714585 0.3392407596 -0.0999798253 -0.3432869613 -0.8028982282 0.4873484671
-212.4 -151.2 2680.9 0.9649660587 0.0475929938 0.2580222189 -0.0303595886 0.9970588684 -0.0703700855 -0.2606124580 0.0600712970 0.9635728002
-231.0 -540.2 2657.5 0.9597826004 -0.1000556648 0.2623094916 0.0790525600 0.9928480387 0.0894622579 -0.2693846524 -0.0651280805 0.9608278871
-42.4 -152.4 2737.2 0.9966182113 0.0704427958 0.0423082747 -0.0618388429 0.9820187688 -0.1783677340 -0.0541122407 0.1751482338 0.9830539227
-70.0 -536.2 2668.7 0.9945256710 -0.0897609890 0.0534939021 0.0905031934 0.9958284497 -0.0116126565 -0.0522283874 0.0163904540 0.9985006452
-251.6 390.9 2558.1 0 0 0 0 0 0 0 0 0
78.4 -245.5 2628.3 0 0 0 0 0 0 0 0 0
-202.4 -824.1 2676.1 0 0 0 0 0 0 0 0 0
-42.3 -843.1 2663.7 0 0 0 0 0 0 0 0 0
-141.9 455.8 2721.5 4 0.9535591602 -0.0664719343 -0.2937795222 0.0494074114 0.9966523051 -0.0651390329 0.2971259654 0.0475990362 0.9536511302
-127.9 245.1 2711.4 0.9535591602 -0.0664719343 -0.2937795222 0.0494074114 0.9966523051 -0.0651390329 0.2971259654 0.0475990362 0.9536511302
-129.7 51.3 2708.4 0.9553637505 0.0095020281 -0.2952792943 -0.0138326967 0.9998251796 -0.0125809368 0.2951081395 0.0161038805 0.9553281665
-258.3 247.1 2671.1 0.5333482623 -0.8171926141 -0.2184853405 0.2567842007 0.4025122523 -0.8786613345 0.8059785962 0.4125289321 0.4245213866
-384.1 186.5 2481.0 -0.5350513458 -0.8171926141 -0.2142809033 -0.7958896160 0.4025122523 0.4522649646 -0.2833369076 0.4125289321 -0.8657598495
2.5 243.2 2751.8 0.1990708113 0.4994748533 0.8431462646 -0.9684414268 0.2319339216 0.0912572965 -0.1499734968 -0.8347044587 0.5298834443
57.7 -25.3 2710.2 0.0923292041 0.4915883839 0.8659192920 -0.9280647635 0.3575882912 -0.1040498391 -0.3607922792 -0.7940223217 0.4892417192
-220.7 -155.0 2681.2 0.9672152996 0.0178605281 0.2533290386 0.0002267834 0.9974627495 -0.0711902529 -0.2539577782 0.0689137578 0.9647571445
-227.7 -543.0 2654.4 0.9635939002 -0.0875066370 0.2526448369 0.0637635067 0.9928717017 0.1006976366 -0.2596556246 -0.0809221044 0.9623048306
-49.6 -161.7 2733.2 0.9978852868 0.0503702611 0.0410822406 -0.0422542952 0.9829689860 -0.1788477302 -0.0493911766 0.1767336130 0.9830186963
-69.2 -544.6 2664.4 0.9948534369 -0.0882848278 0.0497229770 0.0880530402 0.9960923195 0.0068371776 -0.0501322933 -0.0024237302 0.9987396598
-251.5 383.7 2551.2 0 0 0 0 0 0 0 0 0
81.0 -259.9 2619.0 0 0 0 0 0 0 0 0 0
-202.9 -824.1 2677.3 0 0 0 0 0 0 0 0 0
-42.7 -844.4 2665.1 0 0 0 0 0 0 0 0 0
-146.1 451.5 2718.7 5 0.9715592265 -0.0189777315 -0.2360349745 0.0122948773 0.9994816780 -0.0297527649 0.2364772707 0.0260045528 0.9712889791
-142.1 245.1 2713.4 0.9715592265 -0.0189777315 -0.2360349745 0.0122948773 0.9994816780 -0.0297527649 0.2364772707 0.0260045528 0.9712889791
-127.0 52.7 2704.9 0.9688591361 -0.0792093500 -0.2346015871 0.0671701953 0.9960024357 -0.0588838905 0.2383279055 0.0412919559 0.9703065157
-273.7 235.8 2680.7 0.4591729343 -0.8384442329 -0.2935497463 0.2006511688 0.4197928309 -0.8851627707 0.8653897047 0.3475416899 0.3609923124
-380.7 189.1 2479.1 -0.5199749470 -0.8384442329 -0.1632093489 -0.8071719408 0.4197928309 0.4150270820 -0.2794629633 0.3475416899 -0.8950504065
-10.6 254.4 2746.0 0.2319468409 0.4456312954 0.8646464348 -0.9650714397 0.2167357504 0.1471827477 -0.1218105480 -0.8685840964 0.4803372025
57.6 -29.1 2710.2 0.1126862839 0.4332722425 0.8941906691 -0.9278461933 0.3678862453 -0.0613284893 -0.3555323780 -0.8227605224 0.4434657097
-216.8 -140.6 2678.5 0.9482795596 0.0230385438 0.3165993094 -0.0019099329 0.9977588654 -0.0668850467 -0.3174307048 0.0628210381 0.9461983442
-225.7 -528.3 2654.1 0.9451954961 -0.0818858221 0.3160699010 0.0531959459 0.9937271476 0.0983693749 -0.3221423030 -0.0761646554 0.9436224103
-45.8 -143.1 2731.5 0.9907416701 0.0700503811 0.1162920520 -0.0460090600 0.9791542888 -0.1978384256 -0.1277265102 0.1906562895 0.9733119607
-73.0 -523.7 2657.4 0.9874780774 -0.0902586207 0.1293848604 0.0864105374 0.9956423640 0.0350643471 -0.1319859028 -0.0234450586 0.9909743071
-251.4 389.8 2548.6 0 0 0 0 0 0 0 0 0
86.4 -266.8 2619.1 0 0 0 0 0 0 0 0 0
-201.2 -825.9 2676.9 0 0 0 0 0 0 0 0 0
-44.2 -841.4 2664.9 0 0 0 0 0 0 0 0 0
-148.4 444.6 2716.3 6 0.9758141637 -0.0055576093 -0.2185310125 0.0016314450 0.9998340607 -0.0181425065 0.2185955793 0.0173471924 0.9756613374
-147.3 246.6 2712.9 0.9758141637 -0.0055576093 -0.2185310125 0.0016314450 0.9998340607 -0.0181425065 0.2185955793 0.0173471924 0.9756613374
-125.6 54.5 2703.5 0.9700646400 -0.1120460182 -0.2154537588 0.0990400612 0.9925987124 -0.0702771172 0.2217333913 0.0468347929 0.9739819169
-279.3 233.0 2682.6 0.4474320412 -0.8322407007 -0.3273834884 0.2043223530 0.4515165389 -0.8685535192 0.8706646562 0.3217268884 0.3720683455
-384.1 185.2 2478.7 -0.5377270579 -0.8322407007 -0.1350000352 -0.7986816764 0.4515165389 0.3977944851 -0.2701060176 0.3217268884 -0.9074880481
-15.2 260.2 2743.3 0.2707249224 0.4268900156 0.8628284335 -0.9565519691 0.2200725824 0.1912496686 -0.1082423180 -0.8771162629 0.4679216146
58.9 -1.7 2713.6 0.1121108606 0.4153289199 0.9027364254 -0.9342560172 0.3535409868 -0.0466310494 -0.3385215402 -0.8381590843 0.4276593328
-198.0 -145.4 2674.8 0.9396840930 0.0714660436 0.3344941735 -0.0464694649 0.9955356121 -0.0821550190 -0.3388721645 0.0616560020 0.9388099909
-225.7 -531.6 2650.9 0.9358630180 -0.0851303637 0.3419258595 0.0532297269 0.9933964014 0.1016374454 -0.3483203351 -0.0769181028 0.9342144132
-25.4 -133.2 2717.7 0.9824714065 0.1218893677 0.1410422921 -0.0949858651 0.9783548117 -0.1838466376 -0.1603983492 0.1672270447 0.9727833867
-72.7 -512.7 2652.9 0.9822814465 -0.0880878344 0.1654198617 0.0812725350 0.9955574870 0.0475396551 -0.1688726544 -0.0332532302 0.9850767851
-251.3 382.3 2545.4 0 0 0 0 0 0 0 0 0
87.8 -242.7 2626.3 0 0 0 0 0 0 0 0 0
-200.7 -823.5 2673.5 0 0 0 0 0 0 0 0 0
-44.0 -836.6 2663.7 0 0 0 0 0 0 0 0 0
-148.5 439.7 2716.7 7 0.9731186628 -0.0069263550 -0.2302000374 0.0008277830 0.9996463656 -0.0265785139 0.2303027213 0.0256734919 0.9727802873
-147.1 247.6 2711.7 0.9731186628 -0.0069263550 -0.2302000374 0.0008277830 0.9996463656 -0.0265785139 0.2303027213 0.0256734919 0.9727802873
-122.6 55.5 2703.0 0.9655768275 -0.1267957538 -0.2271215916 0.1130958423 0.9909424782 -0.0724042505 0.2342449725 0.0442253575 0.9711711407
-278.8 232.1 2679.7 0.4284817874 -0.8418623209 -0.3281328678 0.1600662619 0.4281397760 -0.8894240260 0.8892593384 0.3285790086 0.3182038367
-375.3 196.0 2479.3 -0.5246317983 -0.8418623209 -0.1266068965 -0.7920404077 0.4281397760 0.4351646900 -0.3121432960 0.3285790086 -0.8914047480
-15.5 263.1 2743.8 0.2756443620 0.4314930141 0.8589726090 -0.9532804489 0.2376025766 0.1865513921 -0.1235984936 -0.8702636361 0.4768276513
61.1 -1.9 2709.4 0.1200289950 0.4202435017 0.8994378448 -0.9356489182 0.3507676721 -0.0390275344 -0.3318947852 -0.8368735909 0.4353026748
-190.5 -146.3 2674.2 0.9415321350 0.0971813649 0.3226035833 -0.0730350837 0.9936009049 -0.0861571804 -0.3289121091 0.0575583726 0.9426048398
-228.3 -531.8 2651.8 0.9373869896 -0.0933420062 0.3355486393 0.0575220846 0.9916790128 0.1151691452 -0.3435066640 -0.0886566043 0.9349562526
-17.4 -128.5 2714.0 0.9800897241 0.1483713984 0.1319470704 -0.1245914027 0.9769843221 -0.1731434613 -0.1545997560 0.1532566547 0.9760180712
-74.9 -507.4 2654.6 0.9819999337 -0.0993634388 0.1606332362 0.0941329226 0.9947609901 0.0398693904 -0.1637532413 -0.0240308642 0.9862086177
-246.5 390.5 2556.0 0 0 0 0 0 0 0 0 0
92.7 -247.5 2622.3 0 0 0 0 0 0 0 0 0
-200.5 -826.7 2678.2 0 0 0 0 0 0 0 0 0
-41.7 -840.4 2662.6 0 0 0 0 0 0 0 0 0
-148.6 435.2 2716.3 8 0.9746553898 -0.0025505600 -0.2236969322 -0.0069001527 0.9991164804 -0.0414559916 0.2236050367 0.0419488475 0.9737766981
-148.1 246.4 2708.4 0.9746553898 -0.0025505600 -0.2236969322 -0.0069001527 0.9991164804 -0.0414559916 0.2236050367 0.0419488475 0.9737766981
-120.0 54.7 2702.1 0.9642319679 -0.1447818130 -0.2220247537 0.1337512583 0.9889448881 -0.0640199631 0.2288391739 0.0320340060 0.9729370475
-279.7 228.1 2677.1 0.4109072685 -0.8444046378 -0.3437092006 0.1346002370 0.4290659130 -0.8931882381 0.9016861916 0.3207542002 0.2899633646
-370.1 198.5 2478.7 -0.5211341977 -0.8444046378 -0.1240965277 -0.7966182232 0.4290659130 0.4257955849 -0.3062981665 0.3207542002 -0.8962690234
-16.5 264.7 2739.6 0.2946094275 0.4259321094 0.8554455638 -0.9500483871 0.2270514667 0.2141395062 -0.1030212715 -0.8758021593 0.4715476036
67.9 -7.6 2710.1 0.0924399719 0.4175346792 0.9039466977 -0.9345992804 0.3495478332 -0.0658822060 -0.3434807360 -0.8387377858 0.4225398004
