-137.4 439.2 2678.6 8 0.9545528889 -0.1250014901 -0.2705613673 0.0782868564 0.9810802341 -0.1770672053 0.2875760496 0.1478386074 0.9462788701
-107.5 204.7 2643.3 0.9545528889 -0.1250014901 -0.2705613673 0.0782868564 0.9810802341 -0.1770672053 0.2875760496 0.1478386074 0.9462788701
-117.2 11.9 2663.5 0.9582247138 0.0497539416 -0.2816557884 -0.0180567317 0.9933125377 0.1140356734 0.2854459584 -0.1041860133 0.9527149796
-238.4 207.1 2604.3 0.5061817169 -0.8028711677 -0.3149254024 -0.0366881080 0.3447850347 -0.9379644394 0.8616461158 0.4863344431 0.1450680494
-349.8 215.2 2414.8 -0.5429859161 -0.8028711677 -0.2460979819 -0.7596954703 0.3447850347 0.5513493419 -0.3578115702 0.4863344431 -0.7971509695
23.4 202.2 2682.3 0.2746808529 0.5797286630 0.7671147585 -0.9614741802 0.1746069789 0.2123200893 -0.0108555527 -0.7958813310 0.6053553224
87.5 -22.4 2679.7 -0.0735359192 0.5905644894 0.8036330342 -0.9196227193 0.2716200948 -0.2837544978 -0.3858582079 -0.7599053383 0.5231226683
-214.9 -177.4 2657.6 0.9598274827 -0.0073568374 0.2804943323 0.0250360984 0.9979144335 -0.0594979599 -0.2794716358 0.0641302615 0.9580098987
-212.0 -564.7 2632.7 0.9604218602 -0.0508303680 0.2738724649 0.0145060765 0.9910020232 0.1330584437 -0.2781715691 -0.1238194257 0.9525173903
-43.2 -182.3 2708.5 0.9975300431 0.0538140088 0.0451421291 -0.0478913486 0.9912081957 -0.1233398765 -0.0513826609 0.1208733171 0.9913371801
-64.1 -567.0 2661.6 0.9951602817 -0.0837642476 0.0513762310 0.0839449614 0.9964694381 -0.0013659525 -0.0510804281 0.0056721172 0.9986784458
-213.2 406.2 2504.8 0 0 0 0 0 0 0 0 0
68.2 -264.1 2578.3 0 0 0 0 0 0 0 0 0
-198.8 -822.9 2665.0 0 0 0 0 0 0 0 0 0
-40.9 -842.7 2660.0 0 0 0 0 0 0 0 0 0
-136.9 438.7 2677.3 9 0.9519560337 -0.1147712246 -0.2839142680 0.0685742199 0.9834615588 -0.1676331758 0.2984582186 0.1401102245 0.9440824986
-109.5 204.0 2643.8 0.9519560337 -0.1147712246 -0.2839142680 0.0685742199 0.9834615588 -0.1676331758 0.2984582186 0.1401102245 0.9440824986
-118.3 11.1 2663.9 0.9548104405 0.0453104638 -0.2937414348 -0.0126712285 0.9936183095 0.1120804921 0.2969453037 -0.1032935530 0.9492912889
-240.0 205.7 2603.3 0.4759168923 -0.8236562014 -0.3083724082 -0.0864083543 0.3051403463 -0.9483790994 0.8752352595 0.4779956043 0.0740506724
-343.1 224.4 2413.6 -0.5125101805 -0.8236562014 -0.2427420616 -0.7613386512 0.3051403463 0.5720601678 -0.3971105516 0.4779956043 -0.7834688425
20.9 202.2 2684.4 0.2816649079 0.5873636007 0.7587284446 -0.9594531655 0.1812280566 0.2158842385 -0.0107003292 -0.7887714505 0.6145935059
87.0 -22.8 2681.9 -0.0206266474 0.5942364931 0.8040258288 -0.9242361784 0.2953430712 -0.2419916540 -0.3812637329 -0.7481012344 0.5431229472
-212.7 -179.2 2658.2 0.9629565477 -0.0136133712 0.2693128288 0.0308643952 0.9977256060 -0.0599253364 -0.2678845227 0.0660176724 0.9611865282
-207.4 -566.5 2632.5 0.9647556543 -0.0326426476 0.2611148357 -0.0047569941 0.9899507761 0.1413322687 -0.2631042898 -0.1375932395 0.9549053311
-41.0 -182.5 2709.3 0.9972339869 0.0662984028 0.0335997865 -0.0614492148 0.9897249937 -0.1291062385 -0.0418140851 0.1266844422 0.9910613894
-66.8 -566.6 2660.1 0.9946731925 -0.0941374600 0.0419925451 0.0941528678 0.9955564141 0.0016150647 -0.0419579856 0.0023472570 0.9991165996
-212.7 418.1 2514.7 0 0 0 0 0 0 0 0 0
81.5 -266.5 2581.4 0 0 0 0 0 0 0 0 0
-198.7 -830.0 2669.2 0 0 0 0 0 0 0 0 0
-40.5 -844.6 2659.5 0 0 0 0 0 0 0 0 0
-136.0 440.3 2676.6 0 0.9495323896 -0.1134846732 -0.2924200892 0.0665132105 0.9839032888 -0.1658623666 0.3065359294 0.1380418837 0.9417962432
-108.6 202.9 2643.3 0.9495323896 -0.1134846732 -0.2924200892 0.0665132105 0.9839032888 -0.1658623666 0.3065359294 0.1380418837 0.9417962432
-117.2 10.0 2663.6 0.9522215128 0.0438547507 -0.3022432327 -0.0098560471 0.9935338497 0.1131077036 0.3052492142 -0.1047246680 0.9464965463
-238.7 204.2 2601.6 0.4976720214 -0.8041597605 -0.3250378966 -0.0617680997 0.3409318626 -0.9380565882 0.8651631474 0.4869214892 0.1200008318
-347.8 217.8 2412.1 -0.5404416323 -0.8041597605 -0.2474872619 -0.7604181767 0.3409318626 0.5527473688 -0.3601209223 0.4869214892 -0.7957514524
21.4 201.5 2685.0 0.2766277194 0.6949898601 0.6636762619 -0.9607641101 0.2145575285 0.1757765114 -0.0202338453 -0.6862609982 0.7270738482
86.9 -25.8 2680.2 -0.0941352546 0.6949898601 0.7128307223 -0.9190734029 0.2145575285 -0.3305588365 -0.3826782405 -0.6862609982 0.6185492873
-212.7 -180.6 2657.4 0.9651905894 -0.0156205669 0.2610805929 0.0315229744 0.9978858829 -0.0568335503 -0.2596408725 0.0630852431 0.9636424780
-206.6 -568.0 2632.9 0.9670811296 -0.0240911003 0.2533252537 -0.0104907751 0.9908876419 0.1342819333 -0.2542518377 -0.1325191110 0.9580160379
-41.6 -182.9 2710.6 0.9974377751 0.0672863200 0.0242987163 -0.0631690621 0.9878020287 -0.1423265040 -0.0335789472 0.1404269040 0.9895214438
-67.7 -566.3 2656.1 0.9946960807 -0.0968252197 0.0347062834 0.0962879881 0.9952111244 0.0168341659 -0.0361700505 -0.0134030823 0.9992557764
-211.5 409.5 2502.9 0 0 0 0 0 0 0 0 0
62.1 -268.3 2579.3 0 0 0 0 0 0 0 0 0
-200.3 -828.3 2667.7 0 0 0 0 0 0 0 0 0
-40.7 -843.7 2659.8 0 0 0 0 0 0 0 0 0
-137.7 438.4 2675.8 1 0.9504355788 -0.1151438355 -0.2888149321 0.0683919862 0.9835714698 -0.1670620441 0.3033062816 0.1390290856 0.9426962733
-110.4 205.0 2642.8 0.9504355788 -0.1151438355 -0.2888149321 0.0683919862 0.9835714698 -0.1670620441 0.3033062816 0.1390290856 0.9426962733
-120.3 12.6 2666.2 0.9530532956 0.0510575920 -0.2984669209 -0.0122785466 0.9913873672 0.1303854436 0.3025535047 -0.1205995381 0.9454718828
-240.6 206.6 2601.5 0.4976930916 -0.8007804751 -0.3332449496 -0.0254320279 0.3705708683 -0.9284559488 0.8669802547 0.4705612063 0.1640650928
-349.6 212.2 2411.6 -0.5531113148 -0.8007804751 -0.2298227698 -0.7589651346 0.3705708683 0.5353962779 -0.3435692787 0.4705612063 -0.8127313852
19.8 203.3 2684.1 0.2857550979 0.6133474112 0.7363076806 -0.9579211473 0.2044995278 0.2014125288 -0.0270387102 -0.7628793716 0.6459752321
89.9 -31.7 2677.5 -0.1945667118 0.6133474112 0.7654728889 -0.8970097303 0.2044995278 -0.3918590546 -0.3968845606 -0.7628793716 0.5103898048
-211.0 -182.0 2656.6 0.9646065831 -0.0000279061 0.2636932731 0.0181425083 0.9976373911 -0.0662608668 -0.2630684078 0.0686997250 0.9623280764
-211.0 -569.2 2630.0 0.9653079510 -0.0421864279 0.2576836646 0.0040089032 0.9891405106 0.1469184160 -0.2610833049 -0.1407884955 0.9549943209
-40.4 -183.7 2711.3 0.9970537424 0.0720932931 0.0261985213 -0.0681905597 0.9894707799 -0.1276620328 -0.0351262465 0.1254994124 0.9914716482
-68.3 -567.8 2662.6 0.9943037033 -0.1005922258 0.0352333747 0.1006417871 0.9949226379 0.0003685554 -0.0350915566 0.0031794938 0.9993790388
-212.5 400.4 2496.8 0 0 0 0 0 0 0 0 0
38.7 -267.8 2573.1 0 0 0 0 0 0 0 0 0
-199.8 -830.1 2667.1 0 0 0 0 0 0 0 0 0
-40.7 -841.1 2661.7 0 0 0 0 0 0 0 0 0
-137.1 436.9 2675.9 2 0.9510932565 -0.1127417907 -0.2875950933 0.0689127594 0.9849938154 -0.1582346559 0.3011190593 0.1306769401 0.9445903301
-110.5 204.7 2645.1 0.9510932565 -0.1127417907 -0.2875950933 0.0689127594 0.9849938154 -0.1582346559 0.3011190593 0.1306769401 0.9445903301
-119.6 11.9 2665.3 0.9538364410 0.0469240882 -0.2966380715 -0.0135461465 0.9934353232 0.1135904044 0.3000208735 -0.1043283641 0.9482104778
-240.8 206.6 2604.1 0.4958766401 -0.7852454185 -0.3708045483 -0.0214641374 0.4157873392 -0.9092085361 0.8681276441 0.4588142633 0.1893246174
-350.5 211.3 2412.1 -0.5875012279 -0.7852454185 -0.1955300272 -0.7343136072 0.4157873392 0.5365672708 -0.3400380611 0.4588142633 -0.8208919168
19.8 202.9 2686.1 0.2813247442 0.5954941511 0.7524912357 -0.9591540694 0.1987334341 0.2013168335 -0.0296621695 -0.7783904672 0.6270793080
88.0 -29.5 2678.9 -0.2401959002 0.5954941511 0.7666111588 -0.8805525899 0.1987334341 -0.4302699268 -0.4085744917 -0.7783904672 0.4766289592
-215.6 -178.8 2662.5 0.9638437033 -0.0142375594 0.2660875916 0.0300507583 0.9980090261 -0.0554517470 -0.2647683024 0.0614429489 0.9623525739
-210.1 -566.1 2638.7 0.9650061131 -0.0362361521 0.2597115934 0.0059692492 0.9931851625 0.1163939089 -0.2621593773 -0.1107705534 0.9586461186
-44.8 -181.0 2716.7 0.9982323647 0.0521773510 0.0284540057 -0.0471589118 0.9867793322 -0.1550565362 -0.0361682661 0.1534405947 0.9874957204
-65.1 -563.8 2657.2 0.9955084324 -0.0871343613 0.0370206833 0.0865415037 0.9960975051 0.0173288658 -0.0383861512 -0.0140472054 0.9991642237
-203.9 394.5 2496.9 0 0 0 0 0 0 0 0 0
24.6 -261.9 2571.0 0 0 0 0 0 0 0 0 0
-200.7 -821.9 2667.2 0 0 0 0 0 0 0 0 0
-40.8 -840.7 2661.1 0 0 0 0 0 0 0 0 0
-139.4 435.4 2672.4 3 0.9482136369 -0.1208891496 -0.2937290072 0.0811906978 0.9862682223 -0.1438162327 0.3070814013 0.1125204489 0.9450080395
-111.1 204.6 2646.1 0.9482136369 -0.1208891496 -0.2937290072 0.0811906978 0.9862682223 -0.1438162327 0.3070814013 0.1125204489 0.9450080395
-119.7 11.6 2664.9 0.9518403411 0.0443694405 -0.3033666313 -0.0126810046 0.9943237305 0.1056388170 0.3063317835 -0.0967042968 0.9470000863
-241.2 206.4 2604.2 0.4980073571 -0.7861848474 -0.3659262955 -0.0151241571 0.4140375853 -0.9101341367 0.8670409322 0.4587877989 0.1943033636
-351.8 209.7 2411.6 -0.5837649703 -0.7861848474 -0.2028097957 -0.7411839366 0.4140375853 0.5284120440 -0.3314586878 0.4587877989 -0.8244082332
18.9 202.9 2688.0 0.2715737522 0.6277351379 0.7295178771 -0.9619388580 0.2009511143 0.1851816028 -0.0303524267 -0.7520420551 0.6584159136
84.5 -29.6 2680.6 -0.2213415205 0.6277351379 0.7462952137 -0.8801479936 0.2009511143 -0.4300675988 -0.4199374020 -0.7520420551 0.5080209970
-214.2 -179.7 2658.7 0.9656798840 -0.0038682350 0.2597063780 0.0182327274 0.9984320402 -0.0529244170 -0.2590944469 0.0558432005 0.9642362595
-212.7 -567.2 2637.0 0.9659324884 -0.0456334315 0.2547391057 0.0130321039 0.9916591048 0.1282279640 -0.2584658265 -0.1205397695 0.9584704638
-43.2 -182.1 2712.5 0.9980326891 0.0582945049 0.0230759997 -0.0542436056 0.9874345064 -0.1484276503 -0.0314385556 0.1468839198 0.9886540174
-65.9 -565.3 2655.5 0.9955832362 -0.0880193785 0.0326591954 0.0873370320 0.9959410429 0.0217649993 -0.0344423726 -0.0188165121 0.9992295504
-206.6 394.2 2494.1 0 0 0 0 0 0 0 0 0
26.0 -262.5 2569.5 0 0 0 0 0 0 0 0 0
-200.7 -826.5 2668.5 0 0 0 0 0 0 0 0 0
-41.6 -839.4 2660.6 0 0 0 0 0 0 0 0 0
-139.6 443.3 2674.7 4 0.9482671022 -0.1135630086 -0.2964673936 0.0722901151 0.9865398407 -0.1466741264 0.3091336489 0.1176545843 0.9437127709
-112.1 204.3 2646.2 0.9482671022 -0.1135630086 -0.2964673936 0.0722901151 0.9865398407 -0.1466741264 0.3091336489 0.1176545843 0.9437127709
-120.5 11.2 2664.4 0.9512675405 0.0435119160 -0.3052814603 -0.0125678852 0.9946427941 0.1026049554 0.3081105351 -0.0937680230 0.9467182755
-242.0 206.0 2604.1 0.4970138967 -0.7829070687 -0.3742107451 -0.0193970352 0.4211147130 -0.9067999721 0.8675257564 0.4579507709 0.1941137910
-352.7 210.3 2411.0 -0.5879532099 -0.7829070687 -0.2033901364 -0.7414605618 0.4211147130 0.5223970413 -0.3233377337 0.4579507709 -0.8280904293
17.9 202.6 2688.3 0.2687489986 0.6436793804 0.7165548205 -0.9628338218 0.2003216147 0.1811692864 -0.0269264858 -0.7386122942 0.6735925078
82.7 -29.5 2681.8 -0.2034624219 0.6436793804 0.7377532721 -0.8856053948 0.2003216147 -0.4190158546 -0.4174998105 -0.7386122942 0.5292880535
-213.6 -180.2 2656.2 0.9660685658 -0.0149709564 0.2578514516 0.0283438880 0.9984343052 -0.0482239798 -0.2567257583 0.0538961850 0.9649803638
-207.8 -567.8 2635.3 0.9676199555 -0.0260446761 0.2510643601 -0.0071331286 0.9914435744 0.1303410232 -0.2523108125 -0.1279114485 0.9591547847
-43.1 -182.5 2711.1 0.9977679253 0.0628478527 0.0225678589 -0.0593673512 0.9895894527 -0.1311037540 -0.0305725038 0.1294713169 0.9911117554
-67.5 -566.6 2660.8 0.9948445559 -0.0966598913 0.0306784324 0.0966786891 0.9953152537 0.0008734429 -0.0306191389 0.0020970108 0.9995289445
-208.2 392.5 2490.5 0 0 0 0 0 0 0 0 0
28.8 -264.1 2571.2 0 0 0 0 0 0 0 0 0
-201.1 -823.9 2668.3 0 0 0 0 0 0 0 0 0
-41.2 -837.1 2660.3 0 0 0 0 0 0 0 0 0
-136.0 447.0 2675.3 5 0.9493781924 -0.0992583707 -0.2980417311 0.0569482148 0.9874292016 -0.1474465430 0.3089303970 0.1230095848 0.9430962801
-111.6 203.9 2645.1 0.9493781924 -0.0992583707 -0.2980417311 0.0569482148 0.9874292016 -0.1474465430 0.3089303970 0.1230095848 0.9430962801
-119.8 11.0 2664.2 0.9512958527 0.0425855406 -0.3053238690 -0.0101056732 0.9941883087 0.1071798354 0.3081137240 -0.0988742337 0.9461975694
-241.5 205.3 2603.0 0.4937847257 -0.7861595750 -0.3716581762 0.0020101951 0.4284284115 -0.9035735130 0.8695818782 0.4454236925 0.2131317407
-352.8 204.9 2407.0 -0.5845615864 -0.7861595750 -0.2006014138 -0.7494128346 0.4284284115 0.5048063397 -0.3109149933 0.4454236925 -0.8396008611
18.4 202.6 2687.1 0.2524863482 0.6496635675 0.7170689702 -0.9675814509 0.1741622239 0.1829032898 -0.0060607265 -0.7400032282 0.6725760102
79.1 -30.0 2685.7 -0.0406874754 0.6574903727 0.7523635626 -0.9187024236 0.2714379430 -0.2868925631 -0.3928490877 -0.7028711438 0.5929938555
-214.2 -180.7 2655.0 0.9661663771 -0.0051982393 0.2578673065 0.0147827938 0.9992694259 -0.0352436975 -0.2574957013 0.0378632732 0.9655373096
-212.2 -568.6 2640.3 0.9661571980 -0.0435075387 0.2542583942 0.0149921682 0.9934783578 0.1130307093 -0.2575179040 -0.1053935513 0.9605085850
-43.7 -183.0 2710.2 0.9981611371 0.0561976582 0.0227194801 -0.0528928526 0.9905670285 -0.1264093369 -0.0296090767 0.1249751821 0.9917179346
-65.5 -567.5 2661.7 0.9949967265 -0.0954802483 0.0294115767 0.0956526548 0.9954045415 -0.0045086243 -0.0288459323 0.0072993622 0.9995571971
-208.5 390.0 2483.7 0 0 0 0 0 0 0 0 0
68.5 -269.7 2583.2 0 0 0 0 0 0 0 0 0
-201.0 -823.7 2667.4 0 0 0 0 0 0 0 0 0
-39.4 -840.5 2659.7 0 0 0 0 0 0 0 0 0
-133.3 444.5 2666.7 6 0.9520532489 -0.0934060887 -0.2913243771 0.0623377524 0.9915023446 -0.1141802818 0.2995139360 0.0905451998 0.9497857690
-110.5 202.4 2644.5 0.9520532489 -0.0934060887 -0.2913243771 0.0623377524 0.9915023446 -0.1141802818 0.2995139360 0.0905451998 0.9497857690
-118.0 9.6 2665.3 0.9539067149 0.0384910293 -0.2976245582 -0.0046601361 0.9935209751 0.1135534942 0.3000670373 -0.1069324687 0.9479057193
-240.8 203.1 2603.5 0.4987314939 -0.7850216627 -0.3674342334 -0.0043364540 0.4216534197 -0.9067466855 0.8667457104 0.4538165033 0.2068876326
-353.6 204.0 2407.6 -0.5830630064 -0.7850216627 -0.2092333436 -0.7503797412 0.4216534197 0.5090565681 -0.3113964796 0.4538165033 -0.8349148631
19.8 201.8 2685.5 0.2443355769 0.6490837932 0.7204098105 -0.9694237709 0.1460747570 0.1971793622 0.0227522384 -0.7465603352 0.6649285555
77.4 -26.8 2690.9 0.0661045760 0.6482627988 0.7585417032 -0.9241518974 0.3264400661 -0.1984442919 -0.3762624562 -0.6878896952 0.6206724644
-213.3 -181.1 2655.8 0.9639130235 -0.0032035201 0.2661981881 0.0119519243 0.9994401336 -0.0312507339 -0.2659490108 0.0333045684 0.9634116292
-212.1 -569.1 2642.9 0.9634557962 -0.0479207337 0.2635461092 0.0225884840 0.9948979616 0.0983252302 -0.2669132948 -0.0887789056 0.9596226215
-42.9 -182.9 2711.0 0.9979553819 0.0557763912 0.0312096439 -0.0514730886 0.9908359647 -0.1248783469 -0.0378888994 0.1230165660 0.9916810989
-64.5 -567.6 2663.3 0.9952933192 -0.0895034596 0.0371529870 0.0901170522 0.9958155155 -0.0151797365 -0.0356388837 0.0184564088 0.9991942644
-209.0 390.2 2484.8 0 0 0 0 0 0 0 0 0
94.5 -266.0 2593.5 0 0 0 0 0 0 0 0 0
-199.9 -821.4 2665.4 0 0 0 0 0 0 0 0 0
-40.1 -839.1 2658.3 0 0 0 0 0 0 0 0 0
-133.7 446.5 2670.8 7 0.9474601746 -0.0864790455 -0.3079619706 0.0500795208 0.9909915328 -0.1242089942 0.3159291744 0.1022604853 0.9432558417
-112.7 205.2 2645.9 0.9474601746 -0.0864790455 -0.3079619706 0.0500795208 0.9909915328 -0.1242089942 0.3159291744 0.1022604853 0.9432558417
-119.5 13.1 2672.2 0.9485067129 0.0346887521 -0.3148518503 0.0100451875 0.9901914001 0.1393557936 0.3165976703 -0.1353426576 0.9388547540
-242.2 203.8 2602.7 0.4907942712 -0.7880063653 -0.3717082143 0.0045318766 0.4289284348 -0.9033271074 0.8712636828 0.4416632354 0.2140867710
-352.0 202.8 2407.8 -0.5791679025 -0.7880063653 -0.2088313252 -0.7597782612 0.4289284348 0.4886281192 -0.2954683602 0.4416632354 -0.8471316695
16.9 206.6 2689.1 0.2476156056 0.6545661688 0.7143035531 -0.9687063098 0.1542029381 0.1944981962 0.0171642341 -0.7401111722 0.6722654700
76.8 -27.6 2693.3 0.0777240545 0.6517544389 0.7544369698 -0.9208313823 0.3369804323 -0.1962493360 -0.3821368814 -0.6794559360 0.6263474226
-210.9 -182.9 2659.2 0.9683166742 -0.0049734544 0.2496758401 0.0142764952 0.9992690086 -0.0354633853 -0.2493169606 0.0379042849 0.9676798582
-209.0 -570.8 2644.5 0.9681649804 -0.0413707830 0.2468705028 0.0180984661 0.9952356219 0.0958047807 -0.2496578246 -0.0882868618 0.9643009901
-40.0 -183.7 2712.9 0.9980890155 0.0604346804 0.0128847631 -0.0583459102 0.9903663397 -0.1255796403 -0.0203499999 0.1245878786 0.9919998646
-63.5 -568.2 2664.6 0.9962129593 -0.0847624913 0.0193663314 0.0851009339 0.9962208271 -0.0173754878 -0.0178203527 0.0189577788 0.9996614456
-210.8 388.1 2479.9 0 0 0 0 0 0 0 0 0
96.9 -265.8 2594.4 0 0 0 0 0 0 0 0 0
-198.5 -824.0 2666.9 0 0 0 0 0 0 0 0 0
-40.3 -840.1 2659.4 0 0 0 0 0 0 0 0 0
-133.5 457.4 2682.9 8 0.9506372213 -0.0645401925 -0.3035183847 0.0355856307 0.9943525791 -0.0999830067 0.3082572222 0.0842466727 0.9475653172
-119.2 237.8 2664.3 0.9506372213 -0.0645401925 -0.3035183847 0.0355856307 0.9943525791 -0.0999830067 0.3082572222 0.0842466727 0.9475653172
-118.4 44.9 2671.5 0.9513170123 -0.0046735830 -0.3081786633 0.0160050541 0.9992851019 0.0342516825 0.3077982664 -0.0375166237 0.9507117271
-249.1 235.5 2622.2 0.4337930679 -0.7931823134 -0.4274170995 0.1217541173 0.5216264725 -0.8444416523 0.8927482963 0.3142731488 0.3228511810
-352.0 206.7 2410.6 -0.6044358611 -0.7931823134 -0.0742904842 -0.7372820973 0.5216264725 0.4293261170 -0.3017819822 0.3142731488 -0.9000889063
10.7 240.1 2706.4 0.2397952974 0.6534927487 0.7179453373 -0.9696198702 0.1980270445 0.1436057240 -0.0483273007 -0.7305700183 0.6811254621
76.4 -25.4 2693.1 0.1262608767 0.6413099766 0.7568221092 -0.9188423753 0.3631514609 -0.1544336677 -0.3738808930 -0.6759012341 0.6351146102
-208.1 -169.5 2661.3 0.9651412964 0.0099515039 0.2615402639 -0.0002632005 0.9993132949 -0.0370522104 -0.2617293596 0.0356917791 0.9644811153
-212.1 -567.4 2647.1 0.9641696811 -0.0488463938 0.2607505322 0.0268191583 0.9958142042 0.0873774365 -0.2639271617 -0.0772535652 0.9614439011
-37.6 -166.9 2716.1 0.9969085455 0.0702657253 0.0351580866 -0.0658062920 0.9911829233 -0.1150043011 -0.0429289564 0.1123351455 0.9927425981
-65.5 -561.5 2671.4 0.9951238036 -0.0898434147 0.0407034159 0.0912751332 0.9952176213 -0.0347957574 -0.0373825878 0.0383412950 0.9985651970
-204.4 386.7 2484.3 0 0 0 0 0 0 0 0 0
109.0 -262.7 2596.6 0 0 0 0 0 0 0 0 0
-199.6 -821.6 2666.9 0 0 0 0 0 0 0 0 0
-40.4 -840.2 2660.6 0 0 0 0 0 0 0 0 0
-130.2 453.7 2688.4 9 0.9614434838 -0.0318316929 -0.2731541991 0.0051919343 0.9952023625 -0.0977002159 0.2749536633 0.0925150365 0.9569960833
-123.5 243.8 2668.9 0.9614434838 -0.0318316929 -0.2731541991 0.0051919343 0.9952023625 -0.0977002159 0.2749536633 0.0925150365 0.9569960833
-123.3 50.5 2668.0 0.9615147114 -0.0023427980 -0.2747434676 0.0010323934 0.9999873638 -0.0049140640 0.2747515142 0.0044413018 0.9615049958
-254.8 243.6 2631.4 0.3676833510 -0.8191967607 -0.4401427805 0.1005750149 0.5055499673 -0.8569153547 0.9244964123 0.2708061337 0.2682730258
-342.0 219.7 2412.2 -0.5733826756 -0.8191967607 -0.0122071318 -0.7320067883 0.5055499673 0.4567114413 -0.3679652214 0.2708061337 -0.8895311356
7.7 244.1 2706.4 0.2663197815 0.6325863600 0.7272607684 -0.9627779126 0.2107298970 0.1692679524 -0.0461789928 -0.7452700138 0.6651617289
77.0 -6.1 2694.4 0.0874542519 0.6265800595 0.7744347453 -0.9307628274 0.3284474909 -0.1606326103 -0.3550103307 -0.7067670822 0.6119215488
-201.3 -144.2 2646.7 0.9547646642 0.0284508243 0.2959983349 -0.0220879912 0.9994479418 -0.0248186663 -0.2965410352 0.0171579774 0.9548659921
-212.5 -537.0 2640.0 0.9536311626 -0.0477703288 0.2971626520 0.0163204577 0.9940788150 0.1074286401 -0.3005349934 -0.0975974649 0.9487641454
-30.5 -140.8 2700.9 0.9924346209 0.0970226303 0.0752337798 -0.0901890546 0.9918991923 -0.0894535035 -0.0833033398 0.0819914937 0.9931454659
-68.7 -530.5 2668.7 0.9926860332 -0.0886097327 0.0819923431 0.0903817192 0.9957417846 -0.0181512292 -0.0800348297 0.0254290812 0.9964676499
-199.6 401.6 2503.6 0 0 0 0 0 0 0 0 0
99.5 -246.4 2602.8 0 0 0 0 0 0 0 0 0
-198.6 -825.2 2668.3 0 0 0 0 0 0 0 0 0
-40.9 -842.6 2660.8 0 0 0 0 0 0 0 0 0
-131.2 449.8 2680.7 0 0.9574176669 -0.0484226979 -0.2846166492 0.0258379020 0.9962494969 -0.0825792253 0.2875479162 0.0717089102 0.9550780058
-120.6 230.0 2664.9 0.9574176669 -0.0484226979 -0.2846166492 0.0258379020 0.9962494969 -0.0825792253 0.2875479162 0.0717089102 0.9550780058
-124.5 36.4 2664.5 0.9580665231 0.0199093334 -0.2858534455 -0.0195827205 0.9998002052 0.0040013790 0.2858760059 0.0017642010 0.9582650065
-251.4 232.6 2625.8 0.4014078677 -0.8217088580 -0.4045568705 0.0923676565 0.4757710993 -0.8747057319 0.9112299085 0.3137457967 0.2668775916
-348.9 210.2 2404.5 -0.5685480833 -0.8217088580 -0.0393395312 -0.7223453522 0.4757710993 0.5018556118 -0.3936626017 0.3137457967 -0.8640563488
10.3 227.4 2703.9 0.2806759775 0.6381796002 0.7169014812 -0.9587182403 0.2219070494 0.1778105050 -0.0456104577 -0.7372136712 0.6741184592
79.4 -8.9 2692.7 0.1204931214 0.6278453469 0.7689549327 -0.9284282327 0.3454857171 -0.1366040856 -0.3514291644 -0.6974595785 0.6245379448
-208.3 -140.5 2640.4 0.9586053491 -0.0035206329 0.2847162485 0.0074383835 0.9998919368 -0.0126800695 -0.2846408188 0.0142730121 0.9585279822
-207.0 -530.9 2634.8 0.9589937925 -0.0263757668 0.2821971774 -0.0045657777 0.9940936565 0.1084296331 -0.2833903134 -0.1052717939 0.9532092214
-36.0 -139.9 2689.1 0.9943595529 0.0855531320 0.0626875907 -0.0804937258 0.9936020970 -0.0792192593 -0.0690639764 0.0737264752 0.9948841929
-69.4 -528.0 2660.3 0.9930375218 -0.0948788524 0.0698175654 0.0946502909 0.9954888225 0.0065821353 -0.0701271147 0.0000719459 0.9975380898
-206.1 391.5 2503.3 0 0 0 0 0 0 0 0 0
110.6 -248.9 2601.8 0 0 0 0 0 0 0 0 0
-199.2 -822.0 2665.6 0 0 0 0 0 0 0 0 0
-39.4 -843.1 2660.2 0 0 0 0 0 0 0 0 0
-132.0 445.5 2677.3 1 0.9547290802 -0.0627412945 -0.2907849252 0.0420775190 0.9961594343 -0.0767842457 0.2944856882 0.0610726476 0.9537024498
-117.9 221.0 2663.6 0.9547290802 -0.0627412945 -0.2907849252 0.0420775190 0.9961594343 -0.0767842457 0.2944856882 0.0610726476 0.9537024498
-121.9 27.2 2665.5 0.9559730291 0.0204295758 -0.2927425206 -0.0166006647 0.9997411370 0.0155580342 0.2929845750 -0.0100133410 0.9560647011
-248.4 223.2 2623.6 0.4359347820 -0.8006941080 -0.4109134376 0.0423816703 0.4743392169 -0.8793213964 0.8989797831 0.3659115732 0.2407157272
-352.7 213.1 2408.5 -0.5908474326 -0.8006941080 -0.0989358202 -0.7261464596 0.4743392169 0.4977083206 -0.3515829742 0.3659115732 -0.8616833091
12.7 218.8 2703.6 0.2869249284 0.6380429268 0.7145455480 -0.9565247893 0.2315380275 0.1773429364 -0.0522920601 -0.7343645692 0.6767379045
82.1 -12.7 2690.9 0.1312710941 0.6269688606 0.7679049373 -0.9314206839 0.3432353139 -0.1210165992 -0.3394457102 -0.6993565559 0.6290286183
-213.9 -154.3 2637.4 0.9602966905 -0.0269666649 0.2776743770 0.0260230284 0.9996362329 0.0070839366 -0.2777644098 0.0004232474 0.9606491327
-203.4 -543.4 2637.3 0.9618237019 -0.0098305484 0.2734932303 -0.0207481273 0.9938590527 0.1086908802 -0.2728822231 -0.1102159321 0.9557132125
-42.2 -157.6 2688.4 0.9955615997 0.0761043653 0.0553641357 -0.0722351298 0.9950105548 -0.0688193142 -0.0603253469 0.0645146295 0.9960917234
-71.9 -545.0 2663.3 0.9920544624 -0.1106671393 0.0598387271 0.1113906801 0.9937369823 -0.0088838134 -0.0584808104 0.0154787032 0.9981685281
-207.7 391.3 2494.8 0 0 0 0 0 0 0 0 0
116.0 -253.1 2603.3 0 0 0 0 0 0 0 0 0
-200.6 -824.1 2668.4 0 0 0 0 0 0 0 0 0
-39.0 -840.6 2658.7 0 0 0 0 0 0 0 0 0
-130.2 446.1 2668.7 2 0.9541198611 -0.0607340373 -0.2932007015 0.0486604534 0.9976466298 -0.0483054817 0.2954444885 0.0318219401 0.9548298120
-116.2 215.7 2661.3 0.9541198611 -0.0607340373 -0.2932007015 0.0486604534 0.9976466298 -0.0483054817 0.2954444885 0.0318219401 0.9548298120
-120.8 21.9 2666.9 0.9552838206 0.0236259028 -0.2947450578 -0.0139765805 0.9992964864 0.0348018780 0.2953599095 -0.0291261431 0.9549419880
-246.7 217.6 2621.0 0.4542263150 -0.7977617979 -0.3965533674 0.0423499122 0.4639544785 -0.8848461509 0.8898791671 0.3851264119 0.2445254773
-353.6 207.7 2411.5 -0.5878447890 -0.7977617979 -0.1342184991 -0.7406076193 0.4639544785 0.4860520661 -0.3254824877 0.3851264119 -0.8635616899
14.3 213.8 2701.6 0.2894529998 0.6375057101 0.7140051723 -0.9562935233 0.2249161452 0.1868567467 -0.0414690562 -0.7368847728 0.6747452617
83.9 -16.0 2691.7 0.1353974193 0.6254133582 0.7684566975 -0.9311818480 0.3452881873 -0.1169463694 -0.3384788334 -0.6997386813 0.6291247010
-211.3 -164.6 2640.6 0.9611468911 -0.0057518687 0.2759775221 0.0056485115 0.9999833703 0.0011693861 -0.2759796679 0.0004349104 0.9611634016
-209.1 -553.2 2640.5 0.9612186551 -0.0332102031 0.2737805545 0.0035633016 0.9941357374 0.1080804914 -0.2757644057 -0.1029134244 0.9557001591
-40.1 -167.5 2693.0 0.9962102771 0.0703045279 0.0512095205 -0.0664292574 0.9950577021 -0.0738056898 -0.0561453030 0.0701241791 0.9959569573
-67.4 -554.3 2665.7 0.9930189848 -0.1045412719 0.0546296947 0.1059948802 0.9940668344 -0.0244174860 -0.0517529324 0.0300374962 0.9982081056
-208.4 390.5 2491.9 0 0 0 0 0 0 0 0 0
118.8 -255.8 2604.5 0 0 0 0 0 0 0 0 0
-199.9 -827.2 2668.8 0 0 0 0 0 0 0 0 0
-37.0 -843.7 2657.0 0 0 0 0 0 0 0 0 0
-133.5 443.7 2670.3 3 0.9501585960 -0.0734177753 -0.3029992282 0.0578952730 0.9965233803 -0.0599105135 0.3063443005 0.0393822677 0.9511057734
-116.3 210.4 2661.1 0.9501585960 -0.0734177753 -0.3029992282 0.0578952730 0.9965233803 -0.0599105135 0.3063443005 0.0393822677 0.9511057734
-120.4 16.5 2667.4 0.9519393444 0.0213581398 -0.3055409789 -0.0103734434 0.9992416501 0.0375303291 0.3061108291 -0.0325570852 0.9514390230
-246.3 211.8 2619.3 0.4549511969 -0.8004314899 -0.3902932405 0.0294206515 0.4515482783 -0.8917614818 0.8900302649 0.3942252994 0.2289816439
-352.8 204.9 2410.9 -0.5803214908 -0.8004314899 -0.1501212120 -0.7484612465 0.4515482783 0.4857055545 -0.3209870458 0.3942252994 -0.8611351252
13.8 209.0 2702.9 0.3025159240 0.6400234103 0.7062960863 -0.9519249201 0.2403468490 0.1899272203 -0.0481981635 -0.7297968268 0.6819629669
86.6 -20.1 2691.3 0.1293017268 0.6288765073 0.7666781545 -0.9239780903 0.3570487499 -0.1370426416 -0.3599243760 -0.6906739473 0.6272351146
-210.9 -170.4 2645.9 0.9641762972 -0.0015581312 0.2652576566 0.0054833498 0.9998861551 -0.0140578877 -0.2652055323 0.0150087820 0.9640750885
-210.3 -558.7 2640.0 0.9639406204 -0.0415372886 0.2628556788 0.0115494551 0.9933425784 0.1146171466 -0.2658666372 -0.1074482873 0.9580030441
-39.7 -172.8 2698.7 0.9970393181 0.0660369322 0.0393924862 -0.0626273081 0.9946398139 -0.0822764710 -0.0446146242 0.0795658305 0.9958307147
-65.4 -559.2 2667.8 0.9936997294 -0.1036989465 0.0425128601 0.1051910147 0.9938533902 -0.0345011055 -0.0386738218 0.0387557112 0.9985000491
-208.9 390.5 2490.5 0 0 0 0 0 0 0 0 0
119.8 -257.4 2598.9 0 0 0 0 0 0 0 0 0
-199.3 -822.1 2668.5 0 0 0 0 0 0 0 0 0
-35.5 -845.5 2656.6 0 0 0 0 0 0 0 0 0
-125.8 449.1 2672.6 4 0.9509891868 -0.0383802205 -0.3068330884 0.0211979914 0.9980247617 -0.0591375232 0.3084967136 0.0497348979 0.9499243498
-116.5 207.2 2660.6 0.9509891868 -0.0383802205 -0.3068330884 0.0211979914 0.9980247617 -0.0591375232 0.3084967136 0.0497348979 0.9499243498
-119.7 13.2 2668.0 0.9512649179 0.0163752045 -0.3079398274 -0.0038263239 0.9991390109 0.0413108580 0.3083511889 -0.0381192900 0.9505085349
-246.4 207.7 2618.5 0.4612962902 -0.7964347601 -0.3910210133 0.0178152155 0.4489386976 -0.8933849335 0.8870672584 0.4051490426 0.2212824225
-353.6 203.5 2412.3 -0.5809357762 -0.7964347601 -0.1679443419 -0.7540677190 0.4489386976 0.4794120491 -0.3064236939 0.4051490426 -0.8613702655
13.5 206.6 2702.7 0.3109624982 0.6378720403 0.7045719028 -0.9490962625 0.2475550175 0.1947635263 -0.0501861051 -0.7292706966 0.6823822856
88.6 -22.5 2690.6 0.1236727312 0.6276484728 0.7686107159 -0.9219549894 0.3591540456 -0.1449391693 -0.3670205176 -0.6906994581 0.6230812073
-209.8 -176.3 2646.2 0.9647617936 0.0017885631 0.2631187141 0.0042916504 0.9997369051 -0.0225317031 -0.2630898058 0.0228669401 0.9645003080
-210.5 -564.5 2637.3 0.9647214413 -0.0391922072 0.2603392899 0.0053266617 0.9915606976 0.1295336783 -0.2632189393 -0.1235771775 0.9567885995
-39.3 -178.2 2701.0 0.9970860481 0.0668699667 0.0367127322 -0.0634027869 0.9940449595 -0.0886265114 -0.0424205586 0.0860405639 0.9953881502
-65.2 -564.2 2667.6 0.9936029911 -0.1054698080 0.0403633378 0.1068379283 0.9937158823 -0.0333834961 -0.0365887359 0.0374822766 0.9986272454
-209.3 390.9 2488.4 0 0 0 0 0 0 0 0 0
120.3 -258.9 2596.5 0 0 0 0 0 0 0 0 0
-200.4 -821.8 2669.3 0 0 0 0 0 0 0 0 0
-35.2 -847.8 2656.9 0 0 0 0 0 0 0 0 0
-128.2 451.5 2673.8 5 0.9485735893 -0.0484442078 -0.3128278553 0.0288314335 0.9973348379 -0.0670220405 0.3152409494 0.0545560643 0.9474422336
-116.4 207.3 2660.4 0.9485735893 -0.0484442078 -0.3128278553 0.0288314335 0.9973348379 -0.0670220405 0.3152409494 0.0545560643 0.9474422336
-120.2 13.5 2670.7 0.9490194321 0.0193934496 -0.3146203756 -0.0017972520 0.9984222651 0.0561223216 0.3152123988 -0.0526957214 0.9475570321
-246.0 207.5 2617.4 0.4804084897 -0.7798961997 -0.4012101591 0.0203948915 0.4672671556 -0.8838809133 0.8768076897 0.4164412618 0.2403850108
-355.5 202.9 2417.6 -0.5957069993 -0.7798961997 -0.1920809895 -0.7583124042 0.4672671556 0.4545588195 -0.2647555470 0.4164412618 -0.8697592616
13.3 207.1 2703.5 0.3063638806 0.6390806437 0.7054907084 -0.9502182603 0.2495385408 0.1865897328 -0.0568012260 -0.7275345325 0.6837157011
88.2 -25.2 2689.6 0.1258214116 0.6283052564 0.7677248716 -0.9182332158 0.3666929007 -0.1496130675 -0.3755219281 -0.6861259341 0.6230685711
-208.0 -180.2 2647.7 0.9665269256 0.0156586934 0.2560868263 -0.0122487731 0.9998139143 -0.0149051389 -0.2562725544 0.0112694688 0.9665388465
-214.1 -568.4 2643.3 0.9653102160 -0.0514291227 0.2559906244 0.0229972713 0.9933463335 0.1128456593 -0.2600909173 -0.1030439809 0.9600701332
-37.6 -180.9 2702.9 0.9970630407 0.0710611045 0.0285596531 -0.0684037432 0.9940142035 -0.0851865262 -0.0344421491 0.0829827487 0.9959556460
-65.2 -566.9 2670.7 0.9943437576 -0.1014149413 0.0315518714 0.1027190387 0.9937851429 -0.0428935513 -0.0270057358 0.0458919145 0.9985812902
-209.0 389.4 2482.7 0 0 0 0 0 0 0 0 0
120.3 -259.5 2593.8 0 0 0 0 0 0 0 0 0
-201.0 -822.2 2669.6 0 0 0 0 0 0 0 0 0
-37.1 -842.1 2658.0 0 0 0 0 0 0 0 0 0
-128.8 451.7 2674.4 6 0.9471635818 -0.0486411974 -0.3170413077 0.0277718510 0.9971590638 -0.0700177699 0.3195463717 0.0575134568 0.9458236098
-116.9 207.2 2660.3 0.9471635818 -0.0486411974 -0.3170413077 0.0277718510 0.9971590638 -0.0700177699 0.3195463717 0.0575134568 0.9458236098
-120.7 13.4 2671.9 0.9475598931 0.0199528560 -0.3189547360 0.0002090247 0.9980100989 0.0630535111 0.3195781410 -0.0598136485 0.9456701875
-246.3 207.1 2616.6 0.4865384102 -0.7764504552 -0.4005060494 0.0280929059 0.4720907211 -0.8811022043 0.8732073903 0.4174386859 0.2515030205
-356.6 200.8 2418.7 -0.5984186530 -0.7764504552 -0.1975344867 -0.7599927187 0.4720907211 0.4467005432 -0.2535866201 0.4174386859 -0.8726046085
12.6 207.2 2703.9 0.3105104566 0.6396118999 0.7031926513 -0.9488543272 0.2529818416 0.1888799369 -0.0570851229 -0.7258765697 0.6854520440
89.6 -28.2 2689.8 0.1159179211 0.6301818490 0.7677459717 -0.9156542420 0.3673214614 -0.1632552892 -0.3848900795 -0.6840655804 0.6196078062
-208.9 -180.0 2652.6 0.9678305387 -0.0015741691 0.2515979111 0.0051051890 0.9998974204 -0.0133822663 -0.2515510321 0.0142362211 0.9677393436
-208.3 -568.2 2647.1 0.9676710367 -0.0332589112 0.2500131726 0.0102705285 0.9956414104 0.0926969349 -0.2520064712 -0.0871323720 0.9637949467
-38.9 -180.4 2709.1 0.9976790547 0.0645577535 0.0216516200 -0.0617533699 0.9918165803 -0.1117425039 -0.0286882818 0.1101460904 0.9935013056
-64.0 -565.3 2666.3 0.9954519272 -0.0913008526 0.0271962397 0.0919800997 0.9954502583 -0.0248678848 -0.0248020459 0.0272562951 0.9993207455
-209.2 387.9 2481.1 0 0 0 0 0 0 0 0 0
119.2 -261.8 2591.6 0 0 0 0 0 0 0 0 0
-199.7 -826.7 2669.7 0 0 0 0 0 0 0 0 0
-38.7 -841.2 2658.8 0 0 0 0 0 0 0 0 0
-130.1 452.4 2666.2 7 0.9462636113 -0.0541632026 -0.3188283443 0.0423329175 0.9981375933 -0.0439240336 0.3206136227 0.0280667804 0.9467941523
-116.8 206.4 2659.3 0.9462636113 -0.0541632026 -0.3188283443 0.0423329175 0.9981375933 -0.0439240336 0.3206136227 0.0280667804 0.9467941523
-121.2 12.7 2670.8 0.9469695091 0.0225704424 -0.3205297589 -0.0022671716 0.9979744554 0.0635753199 0.3213154376 -0.0594771951 0.9451025724
-246.2 206.7 2615.4 0.4845686555 -0.7786220312 -0.3986740112 0.0119678508 0.4616143405 -0.8869999647 0.8746713400 0.4250411093 0.2330022603
-356.6 204.0 2416.1 -0.5980148911 -0.7786220312 -0.1900681406 -0.7510573864 0.4616143405 0.4720434546 -0.2798052728 0.4250411093 -0.8608420491
12.6 206.1 2703.2 0.3158935606 0.6402556896 0.7002027631 -0.9471982718 0.2556015253 0.1936060637 -0.0550154969 -0.7243897319 0.6871919632
90.5 -27.6 2689.6 0.1114844829 0.6320380569 0.7668761611 -0.9216050506 0.3544479012 -0.1581479758 -0.3717731833 -0.6891259551 0.6220049262
-209.5 -180.3 2654.9 0.9683008790 0.0012300448 0.2497836351 0.0033649181 0.9998329282 -0.0179679208 -0.2497639954 0.0182388537 0.9681349397
-210.0 -568.4 2647.8 0.9681088924 -0.0327440500 0.2483806908 0.0098216124 0.9956203699 0.0929712057 -0.2503371239 -0.0875667557 0.9641905427
-39.7 -180.2 2712.1 0.9976364970 0.0659387335 0.0193256699 -0.0632842705 0.9913000464 -0.1154095680 -0.0267674979 0.1139137894 0.9931299686
-65.3 -565.0 2667.9 0.9959183335 -0.0865920857 0.0254648067 0.0871411115 0.9959681630 -0.0213026293 -0.0235174969 0.0234347116 0.9994487166
-209.6 388.6 2484.8 0 0 0 0 0 0 0 0 0
119.0 -263.3 2594.5 0 0 0 0 0 0 0 0 0
-201.5 -826.8 2670.5 0 0 0 0 0 0 0 0 0
-41.4 -839.9 2661.4 0 0 0 0 0 0 0 0 0
-137.4 446.6 2670.1 8 0.9421618581 -0.0861142874 -0.3239063919 0.0678925067 0.9954293370 -0.0671643242 0.3282097280 0.0412888490 0.9437020421
-116.7 207.7 2660.2 0.9421618581 -0.0861142874 -0.3239063919 0.0678925067 0.9954293370 -0.0671643242 0.3282097280 0.0412888490 0.9437020421
-121.4 14.1 2674.3 0.9442350268 0.0242436007 -0.3283785582 0.0011290869 0.9970415235 0.0768564194 0.3292703331 -0.0729412884 0.9414141774
-245.7 207.5 2615.2 0.4824789166 -0.7861167192 -0.3863089681 0.0244613718 0.4529593587 -0.8911955357 0.8755659461 0.4205334187 0.2377728373
-355.9 201.9 2415.3 -0.5894968510 -0.7861167192 -0.1857794523 -0.7539747953 0.4529593587 0.4757623374 -0.2898541689 0.4205334187 -0.8597303033
12.3 207.8 2705.1 0.3021596372 0.6449381709 0.7019646168 -0.9513869882 0.2501353323 0.1797083914 -0.0596853532 -0.7221406102 0.6891666055
86.8 -26.8 2690.4 0.0835495070 0.6399893761 0.7638279200 -0.9245785475 0.3357096910 -0.1801486164 -0.3717176318 -0.6911675930 0.6197687984
-210.4 -180.8 2653.6 0.9703738689 0.0035127625 0.2415827215 0.0012661240 0.9998066425 -0.0196234938 -0.2416049391 0.0193479992 0.9701817632
-211.8 -568.9 2646.0 0.9698355794 -0.0403680466 0.2403941303 0.0178646427 0.9953107834 0.0950646549 -0.2431044430 -0.0879025310 0.9660090208
-40.7 -181.2 2711.1 0.9981442094 0.0600637756 0.0100213122 -0.0585202612 0.9916570187 -0.1148554161 -0.0168363545 0.1140558273 0.9933316708
-64.0 -566.2 2666.8 0.9963060617 -0.0844075382 0.0157995038 0.0846897289 0.9962423444 -0.0181355868 -0.0142093552 0.0194066502 0.9997106791
-210.1 388.3 2487.0 0 0 0 0 0 0 0 0 0
108.2 -263.4 2595.3 0 0 0 0 0 0 0 0 0
-201.5 -821.3 2668.3 0 0 0 0 0 0 0 0 0
-40.7 -841.2 2661.5 0 0 0 0 0 0 0 0 0
-135.0 451.5 2672.0 9 0.9339074492 -0.0790861696 -0.3486577868 0.0613602512 0.9962121844 -0.0616128892 0.3522098958 0.0361470059 0.9352227449
-115.8 208.7 2663.2 0.9339074492 -0.0790861696 -0.3486577868 0.0613602512 0.9962121844 -0.0616128892 0.3522098958 0.0361470059 0.9352227449
-120.3 15.0 2675.8 0.9355959892 0.0232534464 -0.3523058295 0.0010598450 0.9976394176 0.0686623305 0.3530707955 -0.0646135956 0.9333627820
-243.5 208.5 2615.0 0.4829668701 -0.7827193737 -0.3925473392 0.0234562866 0.4597021341 -0.8877633214 0.8753243685 0.4195525944 0.2403806001
-354.8 203.1 2413.3 -0.5936988592 -0.7827193737 -0.1867406964 -0.7537643313 0.4597021341 0.4695884287 -0.2817108333 0.4195525944 -0.8629105687
12.0 208.8 2711.4 0.2961897850 0.6611146927 0.6893467307 -0.9521692991 0.2611538172 0.1586577147 -0.0751345903 -0.7033676505 0.7068442106
84.9 -25.5 2692.9 -0.0096468227 0.6614764333 0.7499039173 -0.9238134027 0.2811354697 -0.2598684132 -0.3827214241 -0.6952782273 0.6083687544
-210.8 -179.5 2659.0 0.9761257768 0.0108602457 0.2169343829 -0.0019133757 0.9991404414 -0.0414098240 -0.2171976417 0.0400061198 0.9753074646
-215.0 -567.3 2643.4 0.9748687744 -0.0542745143 0.2160674334 0.0307449754 0.9933660626 0.1108086854 -0.2206481397 -0.1013809368 0.9700702429
-41.6 -179.3 2718.0 0.9982839823 0.0564953685 -0.0154069094 -0.0580512024 0.9893257618 -0.1336583197 0.0076913768 0.1343233585 0.9909077287
-63.5 -563.3 2665.8 0.9965468049 -0.0825215355 -0.0092039052 0.0822605267 0.9962760210 -0.0258328244 0.0113013936 0.0249864999 0.9996238947
-209.7 387.4 2482.1 0 0 0 0 0 0 0 0 0
82.5 -261.1 2595.3 0 0 0 0 0 0 0 0 0
-201.2 -819.0 2669.1 0 0 0 0 0 0 0 0 0
-40.7 -838.1 2658.9 0 0 0 0 0 0 0 0 0
-131.5 452.9 2664.0 0 0.9317099452 -0.0612864867 -0.3579951227 0.0560448021 0.9981149435 -0.0250100028 0.3588530421 0.0032383038 0.9333884716
-116.4 207.2 2663.2 0.9317099452 -0.0612864867 -0.3579951227 0.0560448021 0.9981149435 -0.0250100028 0.3588530421 0.0032383038 0.9333884716
-117.9 13.8 2679.4 0.9326003194 0.0076533519 -0.3608297706 0.0229337122 0.9964979291 0.0804105923 0.3601815403 -0.0832661092 0.9291587472
-243.8 204.0 2614.0 0.4815310240 -0.7773059607 -0.4048744142 -0.0178721659 0.4531542361 -0.8912529349 0.8762468100 0.4364019334 0.2043156773
-353.2 208.1 2415.0 -0.6046239138 -0.7773059607 -0.1738542169 -0.7297779322 0.4531542361 0.5119329691 -0.3191457987 0.4364019334 -0.8412486911
11.0 210.3 2712.4 0.2740625143 0.6636627913 0.6960182786 -0.9576703906 0.2546113729 0.1343146563 -0.0880745202 -0.7033666968 0.7053496838
78.8 -26.7 2690.6 -0.0876936615 0.6624798775 0.7439289093 -0.9150424004 0.2415901124 -0.3230040073 -0.3937095106 -0.7090519071 0.5850113034
-208.6 -178.7 2656.7 0.9776552916 0.0146762887 0.2097016573 -0.0080504566 0.9994420409 -0.0324152373 -0.2100603878 0.0300027337 0.9772279263
-214.2 -566.7 2645.0 0.9765334725 -0.0487092473 0.2097851783 0.0278630499 0.9944754839 0.1012033075 -0.2135557532 -0.0929831639 0.9724957943
-41.0 -178.5 2719.9 0.9974275827 0.0682310611 -0.0219717138 -0.0705168545 0.9890194535 -0.1298762560 0.0128688589 0.1310915351 0.9912867546
-67.4 -562.4 2669.0 0.9949648380 -0.0990087390 -0.0155631499 0.0983646214 0.9944325686 -0.0377925150 0.0192182921 0.0360713601 0.9991644025
-204.3 387.7 2493.5 0 0 0 0 0 0 0 0 0
56.4 -260.0 2590.2 0 0 0 0 0 0 0 0 0
-201.6 -825.0 2669.2 0 0 0 0 0 0 0 0 0
-39.8 -840.0 2659.0 0 0 0 0 0 0 0 0 0
-133.4 450.1 2659.5 1 0.9361652732 -0.0659202263 -0.3453246355 0.0633927658 0.9978149533 -0.0186203998 0.3457975388 -0.0044593122 0.9382985234
-117.2 203.6 2660.6 0.9361652732 -0.0659202263 -0.3453246355 0.0633927658 0.9978149533 -0.0186203998 0.3457975388 -0.0044593122 0.9382985234
-118.1 10.2 2676.6 0.9373655319 0.0050001857 -0.3483114243 0.0240987465 0.9965705872 0.0791601166 0.3475127220 -0.0825958326 0.9340304136
-245.2 200.3 2613.1 0.4701790214 -0.7820093036 -0.4091371298 -0.0632956326 0.4325025678 -0.8994082212 0.8802984357 0.4487794936 0.1538558602
-350.4 214.5 2416.2 -0.6038636565 -0.7820093036 -0.1543054283 -0.7040298581 0.4325025678 0.5632792115 -0.3737520874 0.4487794936 -0.8117304444
10.9 206.9 2708.0 0.2506418228 0.6525325179 0.7151083350 -0.9652274847 0.2251108885 0.1328948289 -0.0742604807 -0.7235512137 0.6862645149
72.6 -30.6 2689.8 -0.1521258056 0.6525325179 0.7423335314 -0.8964978456 0.2251108885 -0.3815975487 -0.4161121547 -0.7235512137 0.5507488251
