-258.9 491.8 2531.0 0 0.9116818309 0.0145691223 -0.4106385410 0.0108692097 0.9981664419 0.0595454797 0.4107531309 -0.0587498471 0.9098517895
-261.8 291.1 2542.8 0.9116818309 0.0145691223 -0.4106385410 0.0108692097 0.9981664419 0.0595454797 0.4107531309 -0.0587498471 0.9098517895
-264.3 92.7 2554.5 0.9117087126 0.0125647336 -0.4106450677 0.0128480336 0.9981713295 0.0590666309 0.4106363058 -0.0591275431 0.9098801017
-395.0 289.2 2482.8 0.7176734805 -0.6285454035 -0.2997923195 0.1733639389 0.5782086849 -0.7972576022 0.6744551063 0.5201974511 0.5239321589
-564.2 248.4 2323.8 -0.7343252301 -0.6507216096 0.1932041943 -0.3035891056 0.5694129467 0.7639388442 -0.6071245074 0.5023248792 -0.6156862974
-128.6 293.0 2602.8 0.1227037385 0.9725042582 -0.1979375929 -0.9915823936 0.1118284091 -0.0652592480 -0.0413298495 0.2042789906 0.9780398607
-96.2 30.9 2591.8 0.0397955664 0.9863713980 -0.1596490145 -0.9478332400 -0.0133082131 -0.3184886575 -0.3162727356 0.1639950722 0.9343859553
-349.2 -106.4 2527.6 0.9466746449 -0.0057259244 -0.3221402764 0.0298039187 0.9971113801 0.0698615834 0.3208097219 -0.0757372305 0.9441106915
-347.0 -502.6 2557.7 0.9403173327 -0.1341272891 -0.3127510548 0.0890530273 0.9840091467 -0.1542580724 0.3284401000 0.1172001064 0.9372252822
-182.5 -103.7 2603.8 0.9988116622 -0.0409072787 0.0264927763 0.0474515520 0.9402580261 -0.3371396661 -0.0111185787 0.3379961550 0.9410818219
-166.2 -477.3 2469.6 0.9984285235 -0.0559276603 0.0035528550 0.0546820126 0.9861414433 0.1566362232 -0.0122639146 -0.1561957896 0.9876499772
-396.7 317.6 2462.3 0 0 0 0 0 0 0 0 0
-84.8 -240.0 2501.5 0 0 0 0 0 0 0 0 0
-303.2 -823.7 2519.4 0 0 0 0 0 0 0 0 0
-147.4 -808.8 2522.1 0 0 0 0 0 0 0 0 0
-255.2 491.6 2529.9 1 0.9099097252 0.0230855364 -0.4141634703 0.0061060204 0.9975965023 0.0690210015 0.4147614241 -0.0653317720 0.9075818062
-259.9 290.7 2543.0 0.9099097252 0.0230855364 -0.4141634703 0.0061060204 0.9975965023 0.0690210015 0.4147614241 -0.0653317720 0.9075818062
-263.8 92.4 2556.0 0.9099808931 0.0195138901 -0.4141907692 0.0094400439 0.9976581335 0.0677428246 0.4145427048 -0.0655546561 0.9076656699
-392.8 289.3 2482.5 0.7158814073 -0.6269096136 -0.3074055314 0.1729658842 0.5857743025 -0.7918025255 0.6764588952 0.5136660337 0.5277789235
-561.6 248.5 2323.0 -0.7336983681 -0.6490663886 0.2009962052 -0.3026348352 0.5770103931 0.7585981488 -0.6083574891 0.4957537949 -0.6197816730
-127.0 292.1 2603.6 0.1148246601 0.9725987315 -0.2021557838 -0.9926297069 0.1043981463 -0.0615409464 -0.0387499593 0.2077322453 0.9774178863
-96.7 30.4 2593.4 0.0412499942 0.9851176143 -0.1668584496 -0.9510619044 -0.0124716274 -0.3087486327 -0.3062346876 0.1714285910 0.9363933802
-350.4 -106.8 2528.6 0.9453952909 -0.0113780564 -0.3257273138 0.0363511033 0.9968360662 0.0706852153 0.3238924742 -0.0786660165 0.9428177476
-345.9 -502.9 2559.9 0.9406489730 -0.1272343844 -0.3146282732 0.0804167464 0.9842243195 -0.1575931311 0.3297160566 0.1229384392 0.9360413551
-183.2 -104.4 2603.9 0.9987942576 -0.0445108488 0.0207085144 0.0489220470 0.9375464916 -0.3444027603 -0.0040855356 0.3450005949 0.9385935664
-165.5 -477.0 2466.9 0.9986659288 -0.0514844917 -0.0039574341 0.0514396913 0.9852533937 0.1631861478 -0.0045024804 -0.1631720215 0.9865873456
-394.2 317.6 2461.8 0 0 0 0 0 0 0 0 0
-84.9 -241.4 2505.8 0 0 0 0 0 0 0 0 0
-304.8 -820.9 2520.2 0 0 0 0 0 0 0 0 0
-148.2 -807.6 2521.6 0 0 0 0 0 0 0 0 0
-257.4 490.4 2529.3 2 0.9035481215 0.0232372638 -0.4278560579 0.0070727374 0.9975835681 0.0691159293 0.4284282625 -0.0654756874 0.9012004137
-262.1 289.1 2542.5 0.9035481215 0.0232372638 -0.4278560579 0.0070727374 0.9975835681 0.0691159293 0.4284282625 -0.0654756874 0.9012004137
-265.6 90.9 2555.7 0.9036602974 0.0174380243 -0.4278948605 0.0125742098 0.9976594448 0.0672128275 0.4280654192 -0.0661180019 0.9013259411
-394.1 287.3 2480.0 0.7051745653 -0.6362941265 -0.3128236532 0.1757172942 0.5842659473 -0.7923110127 0.6869150400 0.5037490129 0.5238173604
-560.3 245.9 2318.1 -0.7236090899 -0.6581542492 0.2079012096 -0.3053846061 0.5754193664 0.7587046623 -0.6189750433 0.4855157435 -0.6173688769
-130.1 290.9 2605.1 0.1357573420 0.9667556286 -0.2166874558 -0.9902594090 0.1255796999 -0.0601331666 -0.0309225302 0.2227403224 0.9743872881
-93.8 25.9 2596.8 0.0383821651 0.9836224318 -0.1761069894 -0.9523317814 -0.0173686817 -0.3045693040 -0.3026399314 0.1794023216 0.9360682964
-351.1 -106.7 2531.1 0.9404121041 -0.0110522611 -0.3398572803 0.0336873308 0.9975829124 0.0607738234 0.3383641243 -0.0686013177 0.9385113716
-346.7 -503.1 2558.3 0.9351490140 -0.1314477175 -0.3289648294 0.0813483000 0.9834766388 -0.1617285013 0.3447880745 0.1244795173 0.9303902388
-184.2 -104.9 2607.1 0.9983974695 -0.0455841497 0.0335355997 0.0546151288 0.9313551188 -0.3599928021 -0.0148235885 0.3612474501 0.9323521256
-166.1 -475.0 2463.6 0.9983974695 -0.0563396066 0.0053291554 0.0546151288 0.9839221835 0.1700422615 -0.0148235885 -0.1694786996 0.9854223728
-395.3 315.5 2459.3 0 0 0 0 0 0 0 0 0
-82.8 -246.3 2510.3 0 0 0 0 0 0 0 0 0
-304.1 -822.0 2518.0 0 0 0 0 0 0 0 0 0
-146.9 -809.7 2521.2 0 0 0 0 0 0 0 0 0
-257.8 488.5 2530.0 3 0.9077839255 0.0230840798 -0.4188024104 0.0052827178 0.9977759719 0.0664473400 0.4194048643 -0.0625322461 0.9056430459
-262.5 287.6 2542.6 0.9077839255 0.0230840798 -0.4188024104 0.0052827178 0.9977759719 0.0664473400 0.4194048643 -0.0625322461 0.9056430459
-265.8 89.3 2555.4 0.9079164267 0.0164083038 -0.4188298881 0.0119790547 0.9978095889 0.0650582537 0.4189799726 -0.0640846491 0.9057311416
-395.1 285.8 2481.4 0.7119854689 -0.6314069033 -0.3072491586 0.1744737774 0.5829068422 -0.7935858965 0.6801732183 0.5114147067 0.5251851678
-563.0 244.7 2321.1 -0.7296882868 -0.6534460783 0.2014030963 -0.3042978346 0.5740920305 0.7601454854 -0.6123380065 0.4933827221 -0.6177504659
-129.9 289.3 2603.8 0.1304245740 0.9691355228 -0.2092026472 -0.9913019538 0.1237218678 -0.0448697992 -0.0176019724 0.2132351249 0.9768423438
-95.3 26.6 2599.2 0.0492048189 0.9842653275 -0.1697077155 -0.9562390447 -0.0026421866 -0.2925747037 -0.2884195149 0.1766772121 0.9410628676
-351.9 -108.5 2529.6 0.9437528849 -0.0071236962 -0.3305748403 0.0336522982 0.9966458082 0.0745962709 0.3289346099 -0.0815250501 0.9408271313
-349.1 -504.6 2561.9 0.9376883507 -0.1398965120 -0.3180716038 0.0853664204 0.9800661802 -0.1793958694 0.3368280828 0.1410647780 0.9309390783
-186.2 -106.2 2608.1 0.9984030128 -0.0527790450 0.0201443303 0.0564914495 0.9304108620 -0.3621385098 0.0003708204 0.3626981676 0.9319065809
-165.2 -476.0 2463.9 0.9984030128 -0.0556443147 -0.0097535392 0.0564914495 0.9845221043 0.1659065187 0.0003708204 -0.1661925614 0.9860932231
-396.5 314.1 2460.8 0 0 0 0 0 0 0 0 0
-81.2 -246.6 2516.7 0 0 0 0 0 0 0 0 0
-303.7 -822.3 2516.2 0 0 0 0 0 0 0 0 0
-146.4 -808.9 2520.1 0 0 0 0 0 0 0 0 0
-256.5 489.4 2530.4 4 0.9244194031 0.0270847529 -0.3804144859 -0.0013458732 0.9977005124 0.0677637681 0.3813750744 -0.0621301569 0.9223301411
-262.0 288.8 2542.9 0.9244194031 0.0270847529 -0.3804144859 -0.0013458732 0.9977005124 0.0677637681 0.3813750744 -0.0621301569 0.9223301411
-266.0 90.5 2555.1 0.9245545268 0.0205699131 -0.3804942071 0.0043119341 0.9979131818 0.0644256994 0.3810254037 -0.0612057410 0.9225364327
-397.0 288.2 2487.3 0.7407289743 -0.6056736112 -0.2906545699 0.1671230793 0.5851772428 -0.7934969664 0.6506845951 0.5391911268 0.5346797705
-571.6 248.8 2333.9 -0.7564947605 -0.6285007000 0.1808382869 -0.2970820069 0.5765786767 0.7611171603 -0.5826302171 0.5220573545 -0.6228950024
-126.9 289.4 2598.5 0.1178594902 0.9776111245 -0.1743148714 -0.9928545952 0.1193107516 -0.0021674589 0.0186787061 0.1733247638 0.9846875668
-95.8 26.7 2603.5 0.0571052507 0.9895377755 -0.1324915290 -0.9566177130 0.0162572321 -0.2908921540 -0.2856948376 0.1433552206 0.9475377202
-352.3 -110.1 2529.7 0.9567157030 -0.0127892848 -0.2907429934 0.0335719660 0.9972144365 0.0666057914 0.2890812755 -0.0734836161 0.9544800520
-347.2 -506.4 2558.9 0.9510777593 -0.1319690198 -0.2793480158 0.0854622275 0.9812765718 -0.1726050824 0.2968961895 0.1402871460 0.9445486665
-185.8 -107.9 2606.5 0.9982712269 -0.0504967645 0.0300774593 0.0579154603 0.9323363900 -0.3569239378 -0.0100188050 0.3580488563 0.9336491227
-165.7 -478.4 2464.2 0.9982712269 -0.0587745570 0.0003584032 0.0579154603 0.9846825004 0.1644570678 -0.0100188050 -0.1641519964 0.9863841534
-399.0 316.5 2466.8 0 0 0 0 0 0 0 0 0
-79.4 -246.7 2521.8 0 0 0 0 0 0 0 0 0
-304.7 -822.3 2513.7 0 0 0 0 0 0 0 0 0
-146.0 -807.4 2519.1 0 0 0 0 0 0 0 0 0
-256.5 490.9 2530.6 5 0.9172074795 0.0284801312 -0.3973906636 -0.0008851397 0.9975849390 0.0694517940 0.3984089196 -0.0633499548 0.9150175452
-262.3 289.9 2543.3 0.9172074795 0.0284801312 -0.3973906636 -0.0008851397 0.9975849390 0.0694517940 0.3984089196 -0.0633499548 0.9150175452
-266.7 91.6 2555.2 0.9173126221 0.0223917644 -0.3975376785 0.0032384743 0.9979648590 0.0636842474 0.3981546462 -0.0597057752 0.9153732061
-396.2 289.5 2485.2 0.7286169529 -0.6151914597 -0.3010926843 0.1658842713 0.5850152969 -0.7938762307 0.6645297408 0.5284851789 0.5283026695
-568.0 250.4 2328.6 -0.7457349300 -0.6377019882 0.1929133981 -0.2959064841 0.5764516592 0.7616710663 -0.5969243646 0.5109204054 -0.6185803413
-128.3 290.4 2601.5 0.1188766882 0.9744567275 -0.1905319691 -0.9929062724 0.1171169728 -0.0205109436 0.0023274990 0.1916186512 0.9814667106
-96.6 25.5 2602.1 0.0643632337 0.9860459566 -0.1535277963 -0.9611505270 0.0198725518 -0.2753084898 -0.2684158385 0.1652830541 0.9490176439
-354.8 -108.2 2532.4 0.9510777593 -0.0234660152 -0.3080590963 0.0395904332 0.9981475472 0.0461958013 0.3064043820 -0.0561319925 0.9502450228
-345.5 -504.8 2554.7 0.9462582469 -0.1273226738 -0.2972949445 0.0845551044 0.9846681952 -0.1525745094 0.3121630549 0.1192370802 0.9425161481
-185.4 -107.4 2602.2 0.9984813333 -0.0529928729 0.0150578339 0.0548399687 0.9300424457 -0.3633367717 0.0052498332 0.3636107445 0.9315361977
-164.3 -477.0 2457.7 0.9984813333 -0.0528374836 -0.0155943297 0.0548399687 0.9802602530 0.1899535805 0.0052498332 -0.1905203015 0.9816692472
-397.9 317.8 2464.7 0 0 0 0 0 0 0 0 0
-78.2 -249.2 2525.4 0 0 0 0 0 0 0 0 0
-304.3 -823.1 2516.1 0 0 0 0 0 0 0 0 0
-146.5 -807.7 2522.0 0 0 0 0 0 0 0 0 0
-255.3 493.6 2531.2 6 0.9117589593 0.0302652493 -0.4096091688 -0.0018106155 0.9975678921 0.0696781203 0.4107217789 -0.0627880022 0.9095962048
-261.4 292.5 2543.8 0.9117589593 0.0302652493 -0.4096091688 -0.0018106155 0.9975678921 0.0696781203 0.4107217789 -0.0627880022 0.9095962048
-265.9 94.2 2555.8 0.9119175673 0.0224741846 -0.4097575545 0.0041920850 0.9979370236 0.0640638769 0.4103519917 -0.0601387136 0.9099420905
-394.6 291.9 2483.9 0.7195696235 -0.6226032376 -0.3075463176 0.1668954790 0.5849552751 -0.7937085629 0.6740663648 0.5198004842 0.5248256922
-564.2 252.6 2325.0 -0.7374951243 -0.6448713541 0.2006038576 -0.2968807220 0.5763625503 0.7613593340 -0.6065993905 0.5019433498 -0.6165144444
-128.2 293.1 2603.8 0.1168674529 0.9721072316 -0.2033456862 -0.9931455851 0.1147945151 -0.0220010430 0.0019555956 0.2045230865 0.9788597822
-96.9 26.9 2604.3 0.0599838197 0.9843281507 -0.1658312976 -0.9598633051 0.0112802628 -0.2802413404 -0.2739788294 0.1759853214 0.9454970956
-355.2 -107.0 2530.6 0.9468805194 -0.0245713536 -0.3206454217 0.0403808728 0.9982694983 0.0427482426 0.3190401495 -0.0534254238 0.9462341666
-345.5 -503.7 2551.8 0.9417965412 -0.1283343583 -0.3107242286 0.0879300311 0.9861292243 -0.1407745481 0.3244804740 0.1052589938 0.9400175214
-187.1 -106.4 2603.6 0.9982970953 -0.0580468252 0.0057900376 0.0560637973 0.9272685647 -0.3701754510 0.0161185898 0.3698696792 0.9289438128
-164.0 -474.9 2456.6 0.9982970953 -0.0519875251 -0.0264623389 0.0560637973 0.9803794622 0.1889788508 0.0161185898 -0.1901406199 0.9816245437
-396.0 320.3 2463.4 0 0 0 0 0 0 0 0 0
-79.8 -247.4 2526.0 0 0 0 0 0 0 0 0 0
-304.0 -822.4 2517.8 0 0 0 0 0 0 0 0 0
-146.5 -804.9 2520.6 0 0 0 0 0 0 0 0 0
-255.0 492.7 2531.0 7 0.9130332470 0.0295911804 -0.4068103135 -0.0015484601 0.9976091981 0.0690902770 0.4078821838 -0.0624517910 0.9108961821
-261.0 291.5 2543.6 0.9130332470 0.0295911804 -0.4068103135 -0.0015484601 0.9976091981 0.0690902770 0.4078821838 -0.0624517910 0.9108961821
-265.2 93.2 2555.5 0.9132008553 0.0213905983 -0.4069480300 0.0050107609 0.9979565144 0.0637003183 0.4074790180 -0.0602102987 0.9112275243
-394.4 290.7 2484.0 0.7215383649 -0.6214875579 -0.3051812351 0.1675427854 0.5843992233 -0.7939817309 0.6717974544 0.5217573643 0.5257922411
-564.4 251.2 2325.7 -0.7391349077 -0.6438040733 0.1979796737 -0.2975437939 0.5757865310 0.7615363002 -0.6042742133 0.5039704442 -0.6171438098
-127.6 292.2 2603.1 0.1143135130 0.9730502367 -0.2002640218 -0.9934441447 0.1121813208 -0.0220011305 0.0010576772 0.2014661431 0.9794949293
-97.4 29.6 2603.4 0.0561363660 0.9842753410 -0.1674834788 -0.9664193988 0.0114354966 -0.2567154467 -0.2507634163 0.1762703508 0.9518647194
-354.0 -104.5 2530.1 0.9478248954 -0.0226165354 -0.3179880679 0.0420079380 0.9976429939 0.0542565696 0.3160114884 -0.0647837520 0.9465409517
-345.0 -500.9 2555.9 0.9432926178 -0.1281569451 -0.3062268198 0.0832226127 0.9843112230 -0.1555808634 0.3213612735 0.1212732866 0.9391590357
-186.7 -103.7 2605.4 0.9982210994 -0.0596063659 -0.0013099803 0.0546864904 0.9241386056 -0.3781232834 0.0237491578 0.3773790002 0.9257543087
-163.1 -471.0 2455.4 0.9982210994 -0.0493418835 -0.0334665999 0.0546864904 0.9813491702 0.1842910051 0.0237491578 -0.1857933402 0.9823017716
-395.9 319.1 2463.5 0 0 0 0 0 0 0 0 0
-81.3 -246.6 2531.7 0 0 0 0 0 0 0 0 0
-303.3 -820.9 2516.4 0 0 0 0 0 0 0 0 0
-146.3 -803.8 2518.4 0 0 0 0 0 0 0 0 0
-254.0 490.2 2531.4 8 0.9153565168 0.0342884734 -0.4011817276 -0.0070098811 0.9975734949 0.0692671910 0.4025833309 -0.0605919398 0.9133757353
-260.9 289.6 2543.6 0.9153565168 0.0342884734 -0.4011817276 -0.0070098811 0.9975734949 0.0692671910 0.4025833309 -0.0605919398 0.9133757353
-266.1 91.3 2555.1 0.9155587554 0.0259064436 -0.4013489485 -0.0003040562 0.9979675412 0.0637236238 0.4021840692 -0.0582206920 0.9137058258
-394.7 289.7 2484.8 0.7262248397 -0.6155992746 -0.3059983850 0.1625906825 0.5862938762 -0.7936143279 0.6679534316 0.5265899897 0.5258718729
-565.9 251.4 2327.3 -0.7440636158 -0.6380601525 0.1981127262 -0.2926491201 0.5778279901 0.7618866563 -0.6006045938 0.5089145899 -0.6166685224
-127.2 289.6 2602.3 0.1136583090 0.9740586281 -0.1956823915 -0.9934862852 0.1130487621 -0.0143183460 0.0081747426 0.1960351616 0.9805628061
-97.3 28.7 2604.4 0.0537202954 0.9853909612 -0.1616131514 -0.9658617377 0.0102006672 -0.2588572204 -0.2534269989 0.1700018495 0.9522994161
-353.2 -105.6 2530.1 0.9498078227 -0.0193767715 -0.3122333884 0.0380383097 0.9978275895 0.0537879840 0.3105128706 -0.0629650801 0.9484815001
-345.5 -502.2 2555.2 0.9445376992 -0.1302061379 -0.3014878333 0.0866648182 0.9843260050 -0.1535952836 0.3167613447 0.1189481393 0.9410173297
-185.7 -104.7 2604.9 0.9983077049 -0.0573959909 -0.0093510654 0.0499378704 0.9285246134 -0.3678971231 0.0297985151 0.3668075502 0.9298194647
-162.9 -473.7 2459.1 0.9983077049 -0.0435913876 -0.0384906903 0.0499378704 0.9817845821 0.1833172143 0.0297985151 -0.1849291325 0.9822999835
-396.2 318.1 2464.3 0 0 0 0 0 0 0 0 0
-82.0 -247.4 2532.0 0 0 0 0 0 0 0 0 0
-303.3 -821.5 2516.6 0 0 0 0 0 0 0 0 0
-148.3 -802.3 2521.0 0 0 0 0 0 0 0 0 0
-253.2 490.2 2530.6 9 0.9132921696 0.0364182107 -0.4056736231 -0.0076304367 0.9973496795 0.0723558813 0.4072335362 -0.0629865974 0.9111495614
-260.5 289.5 2543.2 0.9132921696 0.0364182107 -0.4056736231 -0.0076304367 0.9973496795 0.0723558813 0.4072335362 -0.0629865974 0.9111495614
-265.8 91.2 2555.4 0.9135500193 0.0265621915 -0.4058581591 0.0005367543 0.9977856278 0.0665102378 0.4067260921 -0.0609782748 0.9115127921
-394.0 289.4 2483.8 0.7229584455 -0.6179912090 -0.3088979721 0.1642670780 0.5880333185 -0.7919805050 0.6710792780 0.5218272209 0.5266392827
-564.4 250.7 2325.6 -0.7411792278 -0.6403671503 0.2014528811 -0.2941236794 0.5795242190 0.7600282431 -0.6034439206 0.5040650964 -0.6178784966
-127.1 289.5 2602.7 0.1120009422 0.9731923938 -0.2008788437 -0.9936053157 0.1125848219 -0.0085526071 0.0142925764 0.2005521804 0.9795787334
-97.3 25.6 2606.5 0.0627892762 0.9842562079 -0.1652188003 -0.9642631412 0.0171326045 -0.2643918991 -0.2573987544 0.1759153754 0.9501577020
-355.2 -107.0 2529.8 0.9481203556 -0.0268592369 -0.3167749941 0.0450664684 0.9977173805 0.0502896570 0.3147011995 -0.0619565770 0.9471665621
-344.5 -503.5 2554.4 0.9439383745 -0.1261384934 -0.3050727546 0.0833406746 0.9852430224 -0.1495007724 0.3194285929 0.1156945527 0.9405211806
-187.3 -107.0 2603.6 0.9984538555 -0.0531267077 0.0163536854 0.0554180555 0.9284644723 -0.3672636449 0.0043276926 0.3676021099 0.9299731255
-166.2 -476.0 2457.5 0.9984538555 -0.0534856059 -0.0151386857 0.0554180555 0.9789996147 0.1961850226 0.0043276926 -0.1967206448 0.9804500341
-395.3 317.7 2463.3 0 0 0 0 0 0 0 0 0
-79.4 -250.0 2532.9 0 0 0 0 0 0 0 0 0
-303.8 -821.3 2517.1 0 0 0 0 0 0 0 0 0
-148.3 -803.4 2523.3 0 0 0 0 0 0 0 0 0
-251.9 490.0 2529.7 0 0.9128657579 0.0362372249 -0.4066484272 -0.0054986752 0.9970539808 0.0765056834 0.4082227945 -0.0676033944 0.9103757143
-259.2 289.1 2543.3 0.9128657579 0.0362372249 -0.4066484272 -0.0054986752 0.9970539808 0.0765056834 0.4082227945 -0.0676033944 0.9103757143
-264.4 90.9 2556.0 0.9131106138 0.0261125620 -0.4068748653 0.0023336273 0.9975958467 0.0692612007 0.4077052772 -0.0641926304 0.9108543992
-392.6 288.8 2483.7 0.7221496105 -0.6188570261 -0.3090564311 0.1668230891 0.5894047022 -0.7904253006 0.6713196039 0.5192475915 0.5288780332
-562.9 249.5 2325.5 -0.7403762937 -0.6412093639 0.2017262876 -0.2964686751 0.5808262825 0.7581208348 -0.6032820940 0.5014891624 -0.6201284528
-125.8 289.5 2602.8 0.1069442406 0.9737342000 -0.2010089904 -0.9942334890 0.1063430235 -0.0138188014 0.0079200640 0.2013277113 0.9794919491
-97.4 24.9 2605.0 0.0674375445 0.9833008647 -0.1690314114 -0.9667361379 0.0225036368 -0.2547838092 -0.2467253208 0.1805907637 0.9521100521
-354.9 -107.1 2530.2 0.9478096962 -0.0295510497 -0.3174641430 0.0447362736 0.9981715083 0.0406485572 0.3156824708 -0.0527292602 0.9473986626
-343.1 -503.8 2551.1 0.9436877966 -0.1229999587 -0.3071226180 0.0837830305 0.9869086742 -0.1378104240 0.3200526536 0.1043183506 0.9416390061
-187.3 -107.0 2604.8 0.9983505011 -0.0574090406 -0.0007275002 0.0530467667 0.9271890521 -0.3708186448 0.0219628736 0.3701683879 0.9287050366
-164.5 -475.5 2457.7 0.9983505011 -0.0476678088 -0.0320016779 0.0530467667 0.9790595770 0.1965409517 0.0219628736 -0.1979143471 0.9799732566
-394.0 317.1 2463.1 0 0 0 0 0 0 0 0 0
-78.1 -251.4 2534.4 0 0 0 0 0 0 0 0 0
-303.3 -822.9 2517.4 0 0 0 0 0 0 0 0 0
-148.6 -802.3 2523.7 0 0 0 0 0 0 0 0 0
-250.7 491.9 2530.2 1 0.9162322283 0.0413200110 -0.3985111713 -0.0122940820 0.9970987439 0.0751193464 0.4004589319 -0.0639274344 0.9140819907
-259.1 290.4 2543.1 0.9162322283 0.0413200110 -0.3985111713 -0.0122940820 0.9970987439 0.0751193464 0.4004589319 -0.0639274344 0.9140819907
-265.4 92.1 2555.9 0.9165521860 0.0319042541 -0.3986404538 -0.0035790419 0.9974271655 0.0715978295 0.3998990953 -0.0641963929 0.9143082500
-393.0 290.9 2484.7 0.7288966179 -0.6106455922 -0.3095507324 0.1620489061 0.5931840539 -0.7885891199 0.6651690602 0.5246375799 0.5313243270
-564.8 252.7 2327.9 -0.7473657727 -0.6332027316 0.2012428045 -0.2915945053 0.5847526789 0.7569920421 -0.5970066786 0.5070686936 -0.6216625571
-125.2 289.8 2601.6 0.1137612686 0.9745947719 -0.1929337680 -0.9934435487 0.1138024852 -0.0109058060 0.0113276001 0.1929094642 0.9811511636
-94.4 20.8 2604.6 0.0573630258 0.9855211973 -0.1595539898 -0.9676806331 0.0155752739 -0.2516974211 -0.2455680519 0.1688354313 0.9545632005
-353.4 -107.6 2531.4 0.9507644176 -0.0247943923 -0.3089212179 0.0373634808 0.9986943007 0.0348368734 0.3076540828 -0.0446640328 0.9504494071
-343.5 -504.4 2549.2 0.9452839494 -0.1266447753 -0.3006649017 0.0910897478 0.9873843789 -0.1295175701 0.3132745326 0.0950433910 0.9448946118
-185.9 -107.1 2606.2 0.9984022975 -0.0564228110 -0.0030522605 0.0513173603 0.9280214310 -0.3689752221 0.0236511808 0.3682290614 0.9294342399
-163.4 -475.9 2459.8 0.9984022975 -0.0459976532 -0.0328186788 0.0513173603 0.9812260270 0.1859086156 0.0236511808 -0.1872957647 0.9820187688
-394.3 319.2 2464.1 0 0 0 0 0 0 0 0 0
-78.0 -255.7 2534.4 0 0 0 0 0 0 0 0 0
-302.9 -820.9 2518.7 0 0 0 0 0 0 0 0 0
-148.0 -805.7 2522.8 0 0 0 0 0 0 0 0 0
-243.8 500.1 2530.5 2 0.9161669612 0.0508155078 -0.3975623846 -0.0172785856 0.9960154891 0.0874905735 0.4004241824 -0.0732866600 0.9133945107
-254.1 298.5 2545.3 0.9161669612 0.0508155078 -0.3975623846 -0.0172785856 0.9960154891 0.0874905735 0.4004241824 -0.0732866600 0.9133945107
-262.6 100.5 2558.8 0.9163986444 0.0430501066 -0.3979449272 -0.0123596303 0.9967686534 0.0793693960 0.4000758827 -0.0678155571 0.9139695764
-387.9 300.3 2486.9 0.7305670381 -0.6040570736 -0.3184129298 0.1563170999 0.6018700600 -0.7831458449 0.6647080183 0.5223671794 0.5341308713
-560.2 263.5 2330.2 -0.7504913807 -0.6267045140 0.2097716182 -0.2853996456 0.5936272144 0.7524318695 -0.5960785747 0.5048249364 -0.6243733764
-120.2 296.7 2603.8 0.0884833410 0.9774940014 -0.1915103942 -0.9960615635 0.0857382417 -0.0225901399 -0.0056619612 0.1927549988 0.9812305570
-95.9 22.8 2602.2 0.0582278036 0.9842659831 -0.1668232530 -0.9693596959 0.0157976821 -0.2451370806 -0.2386446595 0.1759855300 0.9550276399
-355.8 -105.7 2532.0 0.9506785870 -0.0305333287 -0.3086713254 0.0459650792 0.9980238080 0.0428450108 0.3067531288 -0.0549199358 0.9502032995
-343.7 -502.3 2553.8 0.9461086392 -0.1274153590 -0.2977309823 0.0880554467 0.9859257340 -0.1421150863 0.3116482794 0.1082394794 0.9440124631
-187.7 -106.4 2605.3 0.9979782104 -0.0615651384 -0.0157851689 0.0514795780 0.9286696911 -0.3673179746 0.0372731909 0.3657627106 0.9299615026
-163.3 -475.5 2460.0 0.9979782104 -0.0438021310 -0.0460522659 0.0514795780 0.9820354581 0.1815384179 0.0372731909 -0.1835421473 0.9823049307
-389.0 328.6 2466.1 0 0 0 0 0 0 0 0 0
-79.2 -254.3 2534.0 0 0 0 0 0 0 0 0 0
-302.5 -820.8 2518.8 0 0 0 0 0 0 0 0 0
-148.4 -807.6 2522.0 0 0 0 0 0 0 0 0 0
-239.2 507.0 2530.1 3 0.9034169912 0.0601020977 -0.4245297015 -0.0207303092 0.9950914979 0.0967634842 0.4282615781 -0.0786171481 0.9002285004
-251.4 305.2 2546.1 0.9034169912 0.0601020977 -0.4245297015 -0.0207303092 0.9950914979 0.0967634842 0.4282615781 -0.0786171481 0.9002285004
-261.5 107.3 2560.9 0.9037738442 0.0510938689 -0.4249496758 -0.0143407397 0.9959065914 0.0892433524 0.4277699888 -0.0745617151 0.9008070827
-383.4 307.3 2483.6 0.7110354900 -0.6159557700 -0.3391562402 0.1575957239 0.6096625328 -0.7768366933 0.6852678657 0.4989088774 0.5305637121
-551.0 270.2 2322.0 -0.7338067293 -0.6381109357 0.2331138402 -0.2859875262 0.6014056206 0.7460042834 -0.6162294745 0.4807553291 -0.6238072515
-119.4 303.2 2608.6 0.0915559083 0.9715372324 -0.2184787542 -0.9954694510 0.0836433321 -0.0452149175 -0.0256536826 0.2216286212 0.9747936130
-93.8 25.1 2601.4 0.0525816418 0.9794941545 -0.1944899708 -0.9676020741 0.0018116654 -0.2524736524 -0.2469440997 0.2014643848 0.9478558302
-355.2 -96.5 2535.6 0.9413033128 -0.0236815494 -0.3367301524 0.0392075591 0.9984546900 0.0393824317 0.3352771699 -0.0502731800 0.9407772422
-345.8 -493.3 2555.6 0.9367589355 -0.1269273907 -0.3261474371 0.0811143219 0.9852816463 -0.1504677087 0.3404455483 0.1144967452 0.9332669973
-187.2 -98.7 2609.0 0.9982494116 -0.0587133020 -0.0071310280 0.0516110100 0.9236249924 -0.3798067868 0.0288861059 0.3787738383 0.9250383377
-163.8 -465.8 2458.4 0.9982494116 -0.0453998744 -0.0379071832 0.0516110100 0.9816812277 0.1834072620 0.0288861059 -0.1850426197 0.9823058844
-383.6 335.4 2462.6 0 0 0 0 0 0 0 0 0
-78.8 -251.5 2530.8 0 0 0 0 0 0 0 0 0
-303.4 -822.5 2517.3 0 0 0 0 0 0 0 0 0
-148.0 -807.7 2522.9 0 0 0 0 0 0 0 0 0
-241.3 510.6 2529.4 4 0.8935746551 0.0575733781 -0.4452073574 -0.0157871731 0.9951586127 0.0970056430 0.4486368895 -0.0796532184 0.8901574612
-253.0 308.5 2545.6 0.8935746551 0.0575733781 -0.4452073574 -0.0157871731 0.9951586127 0.0970056430 0.4486368895 -0.0796532184 0.8901574612
-262.1 110.6 2561.6 0.8941196203 0.0462007448 -0.4454385936 -0.0053323512 0.9956919551 0.0925693214 0.4477964044 -0.0803928152 0.8905140758
-383.6 309.3 2480.2 0.6945826411 -0.6308782101 -0.3457566202 0.1670693904 0.6089221835 -0.7754364014 0.6997448206 0.4808392823 0.5283471942
-547.3 269.9 2315.3 -0.7180392146 -0.6525698900 0.2420170605 -0.2951342463 0.6003922224 0.7432529926 -0.6303296685 0.4622572660 -0.6237008572
-122.4 307.7 2611.0 0.1048062742 0.9655665159 -0.2381111532 -0.9939767718 0.0939940140 -0.0563498363 -0.0320284925 0.2425827682 0.9696018696
-93.0 29.1 2602.0 0.0499004759 0.9761614799 -0.2112315446 -0.9652971625 -0.0071448442 -0.2610562146 -0.2563422322 0.2169280350 0.9419293404
-354.6 -89.2 2536.5 0.9335123897 -0.0171165615 -0.3581363559 0.0405165367 0.9974977970 0.0579359122 0.3562485576 -0.0685943365 0.9318700433
-347.8 -485.6 2563.7 0.9294945002 -0.1333377063 -0.3438910246 0.0741201192 0.9808739424 -0.1799792051 0.3613117635 0.1418004483 0.9215999246
-188.9 -91.9 2614.9 0.9980208874 -0.0616632514 -0.0123252561 0.0514420904 0.9133329988 -0.4039511383 0.0361660048 0.4025176466 0.9146975279
-164.4 -454.7 2455.0 0.9980208874 -0.0436495282 -0.0452657379 0.0514420904 0.9807275534 0.1884866506 0.0361660048 -0.1904421896 0.9810320139
-383.5 337.2 2459.0 0 0 0 0 0 0 0 0 0
-78.7 -246.8 2528.8 0 0 0 0 0 0 0 0 0
-302.3 -820.3 2515.3 0 0 0 0 0 0 0 0 0
-148.7 -806.6 2523.3 0 0 0 0 0 0 0 0 0
-246.7 517.7 2537.6 5 0.8945657611 0.0442671962 -0.4447386563 -0.0120940898 0.9971160889 0.0749216974 0.4467726350 -0.0616436750 0.8925213218
-255.7 315.1 2550.1 0.8945657611 0.0442671962 -0.4447386563 -0.0120940898 0.9971160889 0.0749216974 0.4467726350 -0.0616436750 0.8925213218
-262.5 116.9 2562.7 0.8949347734 0.0345483646 -0.4448574483 -0.0027561716 0.9974068999 0.0719155818 0.4461884797 -0.0631336570 0.8927093744
-386.4 315.5 2485.0 0.6938780546 -0.6369950175 -0.3358133435 0.1629187763 0.5931267738 -0.7884529829 0.7014204860 0.4923799336 0.5153360963
-550.0 277.1 2319.6 -0.7157272696 -0.6586204171 0.2322791964 -0.2924335897 0.5846703053 0.7567319274 -0.6342058778 0.4736874402 -0.6110671759
-125.0 314.7 2615.3 0.1135287955 0.9653998017 -0.2347646803 -0.9918197989 0.0962461010 -0.0838462487 -0.0583499670 0.2423632145 0.9684293270
-92.7 32.4 2598.7 0.0387201458 0.9766352773 -0.2113864869 -0.9666828513 -0.0169573426 -0.2554148138 -0.2530316710 0.2142333984 0.9434400201
-353.3 -86.7 2536.5 0.9338231683 -0.0183629543 -0.3572633862 0.0368868671 0.9983010292 0.0451041348 0.3558281660 -0.0552976094 0.9329139590
-346.0 -483.4 2558.5 0.9302670360 -0.1219350919 -0.3460275233 0.0698441267 0.9847651124 -0.1592466831 0.3601735830 0.1239739507 0.9246109724
-189.4 -87.7 2618.6 0.9981191754 -0.0610862225 -0.0051503866 0.0532992184 0.9062429667 -0.4193838537 0.0302860774 0.4183205664 0.9077944160
-165.1 -447.7 2452.4 0.9981191754 -0.0465686284 -0.0398674794 0.0532992184 0.9805164337 0.1890680641 0.0302860774 -0.1908373684 0.9811543226
-386.7 343.8 2464.3 0 0 0 0 0 0 0 0 0
-81.6 -243.9 2526.4 0 0 0 0 0 0 0 0 0
-304.2 -821.2 2516.0 0 0 0 0 0 0 0 0 0
-148.1 -806.5 2522.3 0 0 0 0 0 0 0 0 0
-246.0 516.9 2535.2 6 0.9027498364 0.0422113799 -0.4280898273 -0.0049736919 0.9961315393 0.0877341256 0.4301371574 -0.0770727769 0.8994675279
-254.6 314.4 2550.9 0.9027498364 0.0422113799 -0.4280898273 -0.0049736919 0.9961315393 0.0877341256 0.4301371574 -0.0770727769 0.8994675279
-260.8 116.2 2564.3 0.9029620886 0.0312800594 -0.4285802841 0.0007824317 0.9972258210 0.0744313076 0.4297195375 -0.0675439835 0.9004326463
-386.5 314.3 2488.1 0.7062652707 -0.6291192174 -0.3246511817 0.1670244783 0.5937096477 -0.7871541977 0.6879623532 0.5017150044 0.5243948102
-553.0 274.9 2325.9 -0.7266060114 -0.6510654688 0.2194479406 -0.2963248193 0.5851373672 0.7548548579 -0.6198671460 0.4834541976 -0.6180912256
-122.7 314.5 2613.6 0.1073453277 0.9702405930 -0.2170487195 -0.9926384687 0.0922736153 -0.0784500837 -0.0560875833 0.2238721699 0.9730033278
-92.8 38.0 2598.0 0.0340318494 0.9803364277 -0.1943766177 -0.9669135213 -0.0169038977 -0.2545438111 -0.2528243065 0.1966079623 0.9473252892
-351.5 -81.0 2534.3 0.9402855039 -0.0089740166 -0.3402684033 0.0283135921 0.9982501268 0.0519135706 0.3392071128 -0.0584478006 0.9388942122
-347.9 -477.7 2557.5 0.9354892373 -0.1233544350 -0.3311247826 0.0751013756 0.9850870967 -0.1548006684 0.3452820778 0.1199464351 0.9308024049
-187.4 -81.5 2616.1 0.9985290766 -0.0515500046 0.0168013722 0.0538934730 0.9097782373 -0.4115812182 0.0059314929 0.4118812978 0.9112182260
-166.9 -443.0 2452.5 0.9985290766 -0.0519020408 -0.0156801566 0.0538934730 0.9817614555 0.1823180914 0.0059314929 -0.1828949749 0.9831145406
-387.2 342.5 2467.3 0 0 0 0 0 0 0 0 0
-83.1 -238.4 2525.7 0 0 0 0 0 0 0 0 0
-304.9 -821.1 2515.7 0 0 0 0 0 0 0 0 0
-147.8 -804.2 2519.8 0 0 0 0 0 0 0 0 0
-244.7 513.6 2533.5 7 0.9056422710 0.0484017804 -0.4212711453 -0.0082154507 0.9952805638 0.0966909155 0.4239629805 -0.0841064453 0.9017657638
-254.5 311.2 2550.6 0.9056422710 0.0484017804 -0.4212711453 -0.0082154507 0.9952805638 0.0966909155 0.4239629805 -0.0841064453 0.9017657638
-262.4 113.2 2565.3 0.9058017731 0.0397791080 -0.4218302667 -0.0046123527 0.9964498281 0.0840622634 0.4236766100 -0.0741981193 0.9027695060
-386.8 311.9 2488.7 0.7123467326 -0.6203744411 -0.3281733692 0.1650487036 0.6025640368 -0.7808172107 0.6821444631 0.5020480156 0.5316264629
-554.7 273.0 2327.9 -0.7333894372 -0.6425191164 0.2220566571 -0.2937213778 0.5940733552 0.7488688827 -0.6130805016 0.4839897454 -0.6244086623
-122.2 310.5 2612.5 0.1077513173 0.9716081619 -0.2106353492 -0.9927215576 0.0936872661 -0.0756745711 -0.0537921824 0.2172562778 0.9746312499
-92.6 37.5 2597.7 0.0309401099 0.9821015000 -0.1857938915 -0.9636526704 -0.0200396813 -0.2664055228 -0.2653605342 0.1872833967 0.9457846880
-349.8 -82.0 2538.3 0.9427724481 -0.0049121049 -0.3334006071 0.0178819150 0.9991974235 0.0358440131 0.3329569399 -0.0397545882 0.9421036243
-347.8 -479.0 2554.1 0.9364694953 -0.1268376857 -0.3270124495 0.0827287361 0.9858953953 -0.1454860419 0.3408531845 0.1091899127 0.9337540865
-184.2 -81.9 2617.1 0.9987343550 -0.0449955873 0.0224739406 0.0502534695 0.9110876322 -0.4091379941 -0.0020663240 0.4097495675 0.9121957421
-166.3 -443.9 2454.3 0.9987343550 -0.0497987270 -0.0070546325 0.0502534695 0.9822639227 0.1806438714 -0.0020663240 -0.1807697713 0.9835232496
-387.4 340.0 2467.7 0 0 0 0 0 0 0 0 0
-83.7 -237.9 2521.8 0 0 0 0 0 0 0 0 0
-304.1 -819.2 2516.4 0 0 0 0 0 0 0 0 0
-148.0 -805.5 2520.8 0 0 0 0 0 0 0 0 0
-244.2 505.0 2531.1 8 0.9049580097 0.0550798327 -0.4219208360 -0.0154559361 0.9951871037 0.0967664197 0.4252200425 -0.0810483620 0.9014538527
-255.4 303.1 2547.6 0.9049580097 0.0550798327 -0.4219208360 -0.0154559361 0.9951871037 0.0967664197 0.4252200425 -0.0810483620 0.9014538527
-264.5 105.1 2562.2 0.9052049518 0.0462059155 -0.4224559069 -0.0106009264 0.9962174892 0.0862459913 0.4248430431 -0.0735918805 0.9022707939
-387.6 304.6 2485.5 0.7124974132 -0.6171824932 -0.3338161111 0.1601442695 0.6062187552 -0.7790074944 0.6831553578 0.5015820861 0.5307675004
-555.6 266.9 2324.5 -0.7344467044 -0.6393573284 0.2276187241 -0.2887184918 0.5978788733 0.7477850914 -0.6141902804 0.4834905267 -0.6237044334
-123.1 301.5 2609.6 0.1147905812 0.9702595472 -0.2131185085 -0.9924073219 0.1024681851 -0.0680291727 -0.0441680849 0.2193094790 0.9746550918
-92.2 34.3 2597.7 0.0327013321 0.9826048017 -0.1828072071 -0.9586837292 -0.0208766051 -0.2837070227 -0.2825882435 0.1845318973 0.9413245320
-353.3 -84.3 2541.2 0.9423371553 -0.0134528000 -0.3343945146 0.0280871037 0.9988456964 0.0389666967 0.3334843218 -0.0461119413 0.9416272640
-348.0 -481.3 2559.5 0.9364064336 -0.1312289536 -0.3254564703 0.0839871988 0.9843007326 -0.1552361250 0.3407185078 0.1180299297 0.9327270985
-187.2 -85.2 2618.9 0.9984942675 -0.0527769998 0.0149581991 0.0542496853 0.9096170664 -0.4118904471 0.0081321085 0.4120817184 0.9111105800
-166.3 -446.7 2455.2 0.9984942675 -0.0518920422 -0.0177869480 0.0542496853 0.9821791053 0.1799478233 0.0081321085 -0.1806418151 0.9835153222
-388.0 332.7 2464.6 0 0 0 0 0 0 0 0 0
-82.9 -239.7 2517.0 0 0 0 0 0 0 0 0 0
-303.1 -818.3 2519.1 0 0 0 0 0 0 0 0 0
-147.3 -806.3 2521.3 0 0 0 0 0 0 0 0 0
-245.6 496.6 2531.4 9 0.9149479270 0.0566142797 -0.3995812237 -0.0226921029 0.9957619905 0.0891239420 0.4029335082 -0.0724764243 0.9123550653
-257.1 295.2 2546.1 0.9149479270 0.0566142797 -0.3995812237 -0.0226921029 0.9957619905 0.0891239420 0.4029335082 -0.0724764243 0.9123550653
-266.4 97.1 2559.3 0.9152685404 0.0471508279 -0.4000753760 -0.0165353678 0.9966868758 0.0796357691 0.4025047719 -0.0662727207 0.9130157828
-390.7 297.6 2487.3 0.7293937802 -0.6030820608 -0.3229190111 0.1524951309 0.6034998298 -0.7826449871 0.6668807268 0.5216128230 0.5321561098
-562.7 261.7 2330.1 -0.7500092387 -0.6257146597 0.2143997550 -0.2815957069 0.5953711271 0.7524872422 -0.5984897614 0.5039983392 -0.6227324605
-123.4 292.8 2604.9 0.1081709787 0.9755603075 -0.1912620068 -0.9933599830 0.0984855890 -0.0594686568 -0.0391787067 0.1964247972 0.9797358513
-94.9 31.0 2594.6 0.0425192453 0.9858643413 -0.1620605141 -0.9596413970 -0.0048340880 -0.2811850011 -0.2779936790 0.1674757451 0.9458706975
-356.7 -91.9 2537.9 0.9500828385 -0.0164707899 -0.3115626574 0.0358672217 0.9977508783 0.0566277280 0.3099292219 -0.0649759173 0.9485367537
-350.2 -488.3 2563.7 0.9439197183 -0.1379579306 -0.2999719083 0.0900420398 0.9816445112 -0.1681263596 0.3176601529 0.1316877007 0.9390156269
-190.7 -93.8 2615.8 0.9982107282 -0.0583283938 0.0131598227 0.0588199906 0.9182937145 -0.3915059268 0.0107513303 0.3915794790 0.9200814962
-167.5 -458.7 2460.2 0.9982107282 -0.0560579970 -0.0208058544 0.0588199906 0.9831455946 0.1731038392 0.0107513303 -0.1740179062 0.9846838117
-391.6 325.9 2466.6 0 0 0 0 0 0 0 0 0
-82.7 -243.2 2515.1 0 0 0 0 0 0 0 0 0
-303.3 -821.7 2518.9 0 0 0 0 0 0 0 0 0
-147.6 -807.8 2522.0 0 0 0 0 0 0 0 0 0
-244.6 490.5 2530.6 0 0.9149433970 0.0633411482 -0.3985805809 -0.0282573719 0.9952374101 0.0932950228 0.4025917351 -0.0740968287 0.9123757482
-257.4 289.4 2545.6 0.9149433970 0.0633411482 -0.3985805809 -0.0282573719 0.9952374101 0.0932950228 0.4025917351 -0.0740968287 0.9123757482
-267.8 91.4 2558.6 0.9153271914 0.0524280295 -0.3992837071 -0.0216547716 0.9964626431 0.0811988413 0.4021283984 -0.0656771064 0.9132246375
-391.1 292.6 2486.8 0.7304595113 -0.5996548533 -0.3268683851 0.1481989026 0.6063778400 -0.7812445164 0.6666828394 0.5222259164 0.5318026543
-563.3 257.6 2329.7 -0.7517346144 -0.6223374009 0.2181542516 -0.2772302330 0.5983805656 0.7517207265 -0.5983632207 0.5046155453 -0.6223541498
-123.7 286.2 2604.3 0.1073316783 0.9757883549 -0.1905700713 -0.9932082891 0.0965750068 -0.0648892149 -0.0449138395 0.1962404400 0.9795266390
-95.6 25.5 2592.5 0.0408013649 0.9857593775 -0.1631371528 -0.9610660076 -0.0059392406 -0.2762550712 -0.2732899189 0.1680571586 0.9471374750
-359.7 -99.4 2535.6 0.9499059319 -0.0323231518 -0.3108599186 0.0524974912 0.9970072508 0.0567498803 0.3080952466 -0.0702264160 0.9487600327
-346.9 -495.6 2563.5 0.9466820359 -0.1279691160 -0.2956636846 0.0801528394 0.9824249744 -0.1685726196 0.3120394647 0.1358863860 0.9403011799
-191.9 -102.4 2609.4 0.9977264404 -0.0665337443 -0.0107336408 0.0580209829 0.9290255308 -0.3654382229 0.0342858024 0.3639846146 0.9307736754
-165.5 -471.4 2464.8 0.9977264404 -0.0515074618 -0.0434618443 0.0580209829 0.9845644832 0.1651253104 0.0342858024 -0.1672715992 0.9853144884
-391.9 320.9 2466.2 0 0 0 0 0 0 0 0 0
-83.9 -249.2 2514.4 0 0 0 0 0 0 0 0 0
-304.5 -821.1 2518.4 0 0 0 0 0 0 0 0 0
-147.9 -806.7 2521.7 0 0 0 0 0 0 0 0 0
-247.0 484.3 2531.2 1 0.9281246066 0.0624615997 -0.3669921458 -0.0321152247 0.9955825210 0.0882273465 0.3708817959 -0.0700999424 0.9260306358
-259.6 283.7 2545.3 0.9281246066 0.0624615997 -0.3669921458 -0.0321152247 0.9955825210 0.0882273465 0.3708817959 -0.0700999424 0.9260306358
-269.9 85.6 2557.5 0.9284926653 0.0520848632 -0.3676798642 -0.0257132128 0.9967558980 0.0762657076 0.3704593778 -0.0613579191 0.9268198609
-395.2 287.4 2491.2 0.7531047463 -0.5802788138 -0.3100157082 0.1428280622 0.6041876674 -0.7839370966 0.6422097683 0.5461078286 0.5378966928
-572.8 253.8 2339.8 -0.7722825408 -0.6035654545 0.1982131600 -0.2722405493 0.5963382125 0.7551594377 -0.5739902258 0.5292347670 -0.6248565912
-124.0 279.9 2599.4 0.1051766574 0.9815699458 -0.1595565677 -0.9939811826 0.0988201126 -0.0472858697 -0.0306469891 0.1635695994 0.9860556722
-96.5 19.5 2591.4 0.0391446389 0.9907448292 -0.1299707592 -0.9593307376 0.0008721855 -0.2822830677 -0.2795571089 0.1357348263 0.9504861236
-362.2 -104.6 2534.8 0.9597461224 -0.0368481316 -0.2784413695 0.0556878559 0.9966404438 0.0600552335 0.2752930224 -0.0731435791 0.9585738182
-347.6 -500.7 2563.9 0.9558184743 -0.1329127848 -0.2621931434 0.0887064338 0.9807767272 -0.1738051027 0.2802538574 0.1428679079 0.9492347240
-194.3 -108.6 2608.6 0.9968914390 -0.0734632462 -0.0284705553 0.0582224317 0.9303625822 -0.3619884551 0.0530807860 0.3592055738 0.9317477345
-165.2 -478.2 2465.8 0.9968914390 -0.0486613847 -0.0619636253 0.0582224317 0.9848622680 0.1632680744 0.0530807860 -0.1663682163 0.9846339822
-396.6 315.9 2470.7 0 0 0 0 0 0 0 0 0
-85.3 -254.7 2511.5 0 0 0 0 0 0 0 0 0
-303.7 -824.1 2516.8 0 0 0 0 0 0 0 0 0
-148.8 -808.6 2521.7 0 0 0 0 0 0 0 0 0
-246.9 479.2 2531.0 2 0.9320976734 0.0684565157 -0.3556790948 -0.0392039418 0.9952759147 0.0888194367 0.3600791097 -0.0688443705 0.9303781390
-260.7 279.2 2544.8 0.9320976734 0.0684565157 -0.3556790948 -0.0392039418 0.9952759147 0.0888194367 0.3600791097 -0.0688443705 0.9303781390
-272.2 81.1 2556.6 0.9324845076 0.0581722446 -0.3564948738 -0.0331190526 0.9965586066 0.0759871900 0.3596884012 -0.0590501055 0.9312021136
-396.9 284.0 2492.3 0.7613787651 -0.5698429942 -0.3091623783 0.1357950270 0.6064751148 -0.7834204435 0.6339259148 0.5544970036 0.5391390920
-576.4 252.0 2342.8 -0.7806545496 -0.5933746099 0.1961759925 -0.2652778029 0.5988343358 0.7556620240 -0.5658676028 0.5378698707 -0.6248918772
-124.5 274.3 2597.3 0.1056869999 0.9831109643 -0.1494091749 -0.9940835834 0.1006671637 -0.0407921113 -0.0250625759 0.1528363973 0.9879336357
-96.7 13.3 2590.8 0.0381726287 0.9923529029 -0.1173819900 -0.9558440447 0.0020076798 -0.2938674986 -0.2913846076 0.1234165728 0.9486112595
-365.4 -110.1 2535.8 0.9627254009 -0.0456750505 -0.2665961981 0.0606715009 0.9969892502 0.0482844897 0.2635881603 -0.0626595020 0.9625980854
-347.3 -506.3 2560.7 0.9582850933 -0.1372035295 -0.2507287562 0.0972445682 0.9814231396 -0.1653847247 0.2687623799 0.1341037005 0.9538254738
-195.2 -114.8 2603.7 0.9955563545 -0.0789630413 -0.0513062812 0.0560239702 0.9345909357 -0.3512849510 0.0756889135 0.3468495905 0.9348617792
-163.8 -486.2 2465.8 0.9955563545 -0.0422198437 -0.0841723308 0.0560239702 0.9840121865 0.1690600216 0.0756889135 -0.1730244607 0.9820049405
-398.3 312.5 2471.9 0 0 0 0 0 0 0 0 0
-85.8 -259.9 2507.5 0 0 0 0 0 0 0 0 0
-302.6 -825.7 2517.0 0 0 0 0 0 0 0 0 0
-150.1 -807.3 2522.3 0 0 0 0 0 0 0 0 0
-244.2 479.5 2529.9 3 0.9258553982 0.0745925829 -0.3704425991 -0.0414976031 0.9944646358 0.0965302289 0.3755925000 -0.0740005523 0.9238258600
-259.2 278.9 2544.8 0.9258553982 0.0745925829 -0.3704425991 -0.0414976031 0.9944646358 0.0965302289 0.3755925000 -0.0740005523 0.9238258600
-271.3 80.9 2557.4 0.9264487624 0.0608176775 -0.3714753389 -0.0327751301 0.9961466789 0.0813482031 0.3749913573 -0.0631897897 0.9248721600
-394.6 283.7 2490.0 0.7511889338 -0.5777624846 -0.3192267418 0.1378223747 0.6102365255 -0.7801386714 0.6455386877 0.5420349240 0.5380315185
-571.6 251.2 2337.9 -0.7717897892 -0.6010333300 0.2076041698 -0.2669223249 0.6025483608 0.7521222830 -0.5771421194 0.5250661373 -0.6254698634
-123.9 274.1 2599.6 0.0945057943 0.9819369316 -0.1639160663 -0.9948553443 0.0871180817 -0.0517040826 -0.0364900939 0.1679591089 0.9851183891
