-121.1 442.7 2689.7 1 0.8996747136 -0.0871434361 -0.4277749956 0.0028938479 0.9810436368 -0.1937654018 0.4365513027 0.1730879098 0.8828723431
-100.7 212.9 2649.1 0.8996747136 -0.0871434361 -0.4277749956 0.0028938479 0.9810436368 -0.1937654018 0.4365513027 0.1730879098 0.8828723431
-107.1 19.1 2653.1 0.9003279805 0.0328588672 -0.4339698553 -0.0209372137 0.9992613792 0.0322239846 0.4347081482 -0.0199260339 0.9003509283
-223.5 215.8 2589.8 0.2502796650 -0.9051374197 -0.3436369896 -0.0455196612 0.3435397148 -0.9380343556 0.9671028852 0.2504131794 0.0447794609
-274.7 225.1 2392.0 -0.4247263670 -0.9051374197 -0.0182700083 -0.7560825348 0.3435397148 0.5570634007 -0.4979424775 0.2504131794 -0.8302689791
22.1 210.1 2708.4 0.2056934386 0.7402563095 0.6400865316 -0.9735690355 0.2211355865 0.0571168773 -0.0992647782 -0.6349170208 0.7661768198
74.1 -35.9 2683.3 -0.1134711504 0.7353416085 0.6681295037 -0.9215976596 0.1733366549 -0.3472925425 -0.3711899817 -0.6551542878 0.6580204368
-201.5 -165.6 2617.8 0.9908933043 0.0105313156 0.1342368871 -0.0186389573 0.9980670810 0.0592851937 -0.1333530694 -0.0612473376 0.9891742468
-205.6 -553.1 2641.6 0.9906003475 -0.0246781670 0.1345433891 0.0115117524 0.9951421618 0.0977731943 -0.1363026649 -0.0953053311 0.9860722423
-37.8 -175.5 2689.6 0.9966812730 0.0754098892 -0.0306558907 -0.0761031359 0.9968547225 -0.0221119374 0.0288920123 0.0243715625 0.9992853999
-67.1 -562.4 2680.2 0.9953864217 -0.0895199999 -0.0345253386 0.0867904946 0.9934908748 -0.0737782940 0.0409052409 0.0704414397 0.9966768622
-165.4 419.6 2520.1 0 0 0 0 0 0 0 0 0
45.3 -269.7 2589.2 0 0 0 0 0 0 0 0 0
-198.9 -824.2 2667.6 0 0 0 0 0 0 0 0 0
-41.6 -845.0 2660.1 0 0 0 0 0 0 0 0 0
-120.8 445.1 2680.8 2 0.8990922570 -0.0707558021 -0.4320031106 -0.0078452760 0.9840882421 -0.1775070131 0.4376888275 0.1629843712 0.8842310905
-103.9 210.5 2642.0 0.8990922570 -0.0707558021 -0.4320031106 -0.0078452760 0.9840882421 -0.1775070131 0.4376888275 0.1629843712 0.8842310905
-110.3 16.8 2651.2 0.8991081715 0.0327415243 -0.4365002215 -0.0086749122 0.9983355999 0.0570156500 0.4376404881 -0.0474766381 0.8978957534
-226.7 211.7 2582.2 0.2363175899 -0.9085497856 -0.3445159495 -0.0916395262 0.3321388066 -0.9387683272 0.9673449397 0.2534187436 -0.0047688340
-272.4 229.4 2394.9 -0.4175062478 -0.9085497856 -0.0150258373 -0.7436605096 0.3321388066 0.5802179575 -0.5221662521 0.2534187436 -0.8143225908
18.8 209.3 2701.7 0.2230926603 0.7393451333 0.6352939606 -0.9722660184 0.2157031000 0.0903933793 -0.0702029690 -0.6378408074 0.7669619322
74.7 -34.5 2684.1 -0.1131210029 0.7347775102 0.6688091159 -0.9228190184 0.1717842221 -0.3448119760 -0.3682509363 -0.6561952233 0.6586342454
-194.1 -172.9 2618.1 0.9910075665 0.0269969851 0.1310539693 -0.0358427167 0.9972011447 0.0656140521 -0.1289157718 -0.0697213560 0.9892015457
-204.6 -560.0 2645.2 0.9911523461 -0.0167643651 0.1316662580 0.0049410001 0.9959641099 0.0896161497 -0.1326372176 -0.0881726891 0.9872350097
-33.0 -176.6 2695.9 0.9958142638 0.0833052248 -0.0376057923 -0.0850222260 0.9952871203 -0.0466344319 0.0335436687 0.0496365577 0.9982039332
-65.4 -562.8 2676.6 0.9956566691 -0.0846215412 -0.0388204008 0.0821578205 0.9947391748 -0.0611890033 0.0437940806 0.0577338375 0.9973709583
-162.8 424.8 2532.1 0 0 0 0 0 0 0 0 0
46.0 -268.6 2590.6 0 0 0 0 0 0 0 0 0
-200.2 -822.8 2668.5 0 0 0 0 0 0 0 0 0
-41.2 -846.9 2660.1 0 0 0 0 0 0 0 0 0
-123.0 444.7 2687.9 3 0.8880591393 -0.0856523961 -0.4516797662 -0.0172562785 0.9755880833 -0.2189295739 0.4594052136 0.2022167146 0.8649018407
-102.4 209.6 2639.2 0.8880591393 -0.0856523961 -0.4516797662 -0.0172562785 0.9755880833 -0.2189295739 0.4594052136 0.2022167146 0.8649018407
-106.7 15.9 2649.6 0.8873261213 0.0217906665 -0.4606272876 0.0054007429 0.9983233809 0.0576308705 0.4611108005 -0.0536251068 0.8857207298
-223.5 208.8 2576.2 0.2887398005 -0.8892251849 -0.3548350036 -0.0611543767 0.3527339995 -0.9337231517 0.9554525018 0.2913027406 0.0474683270
-279.1 220.6 2392.2 -0.4568031430 -0.8892251849 -0.0246868152 -0.7190043330 0.3527339995 0.5988417864 -0.5237973332 0.2913027406 -0.8004867435
18.7 210.3 2702.1 0.2029472440 0.7596816421 0.6178156734 -0.9777225256 0.1917420179 0.0854028091 -0.0535822809 -0.6213845611 0.7816714048
69.5 -34.1 2688.7 -0.1050917879 0.7581792474 0.6435214877 -0.9161379933 0.1779097021 -0.3592203557 -0.3868421614 -0.6273056269 0.6758999825
-197.2 -176.1 2621.3 0.9943895340 0.0201304760 0.1038469747 -0.0260224007 0.9981085062 0.0556973740 -0.1025293320 -0.0580872335 0.9930325150
-205.0 -563.5 2643.9 0.9943619967 -0.0168785304 0.1046868116 0.0060289744 0.9946526289 0.1031007767 -0.1058671996 -0.1018883362 0.9891465306
-36.2 -177.6 2699.6 0.9953812361 0.0713952035 -0.0641784891 -0.0748513043 0.9957765937 -0.0531629510 0.0601118580 0.0577212498 0.9965213537
-63.9 -564.1 2677.2 0.9947623610 -0.0793226212 -0.0644649491 0.0756762922 0.9954924583 -0.0571651496 0.0687088668 0.0519872718 0.9962812662
-158.0 411.3 2531.2 0 0 0 0 0 0 0 0 0
42.8 -266.5 2590.5 0 0 0 0 0 0 0 0 0
-200.6 -826.2 2670.8 0 0 0 0 0 0 0 0 0
-41.6 -844.8 2662.6 0 0 0 0 0 0 0 0 0
-121.7 449.2 2690.9 4 0.8986667395 -0.0702359974 -0.4329723418 -0.0357153602 0.9721022248 -0.2318226099 0.4371756613 0.2237950265 0.8710873723
-104.0 203.3 2634.3 0.8986667395 -0.0702359974 -0.4329723418 -0.0357153602 0.9721022248 -0.2318226099 0.4371756613 0.2237950265 0.8710873723
-108.1 10.0 2650.4 0.8973676562 0.0217404813 -0.4407478571 0.0170147046 0.9963383675 0.0837878585 0.4409555793 -0.0826877132 0.8937118649
-226.5 201.0 2574.1 0.2958243191 -0.8884719014 -0.3508642018 -0.0815162957 0.3424842060 -0.9359806180 0.9517578483 0.3054869771 0.0288902186
-283.9 216.8 2389.5 -0.4555489719 -0.8884719014 -0.0556133427 -0.7388126850 0.3424842060 0.5803967118 -0.4966194928 0.3054869771 -0.8124326468
18.6 205.6 2694.5 0.2180723399 0.7435662150 0.6321026683 -0.9755846858 0.1833839715 0.1208504736 -0.0260571726 -0.6430237889 0.7654027939
71.9 -33.2 2688.1 -0.1177769527 0.7429658771 0.6588856578 -0.9137897491 0.1786511987 -0.3647903502 -0.3887374699 -0.6450468898 0.6578736305
-190.4 -178.3 2618.8 0.9913809896 0.0387547016 0.1251469105 -0.0460524932 0.9973705411 0.0559564047 -0.1226492673 -0.0612374432 0.9905589819
-205.4 -565.4 2642.6 0.9916893244 -0.0195508823 0.1271616369 0.0050979573 0.9935814142 0.1130042523 -0.1285547614 -0.1114168391 0.9854237437
-31.5 -177.4 2701.3 0.9956393242 0.0821287706 -0.0442408994 -0.0844067112 0.9950553179 -0.0523490384 0.0397227816 0.0558549911 0.9976484179
-63.4 -563.6 2679.7 0.9960131645 -0.0766824856 -0.0455808863 0.0734577030 0.9949328303 -0.0686489865 0.0506140925 0.0650270283 0.9965990782
-166.6 407.1 2517.3 0 0 0 0 0 0 0 0 0
42.0 -265.1 2589.5 0 0 0 0 0 0 0 0 0
-200.3 -827.6 2672.0 0 0 0 0 0 0 0 0 0
-41.8 -844.2 2661.3 0 0 0 0 0 0 0 0 0
-121.6 449.6 2692.9 5 0.8996000886 -0.0677308291 -0.4314303994 -0.0383744203 0.9718189836 -0.2325838357 0.4350253344 0.2257883400 0.8716493249
-104.6 204.8 2636.1 0.8996000886 -0.0677308291 -0.4314303994 -0.0383744203 0.9718189836 -0.2325838357 0.4350253344 0.2257883400 0.8716493249
-103.9 11.3 2650.4 0.8969275951 -0.0034244522 -0.4421642125 0.0355832055 0.9972859025 0.0644565970 0.4407433867 -0.0735465214 0.8946151137
-227.0 199.9 2575.9 0.3091678321 -0.8977360725 -0.3138234615 -0.0702812523 0.3075199425 -0.9489426017 0.9484069943 0.3154384494 0.0319812633
-286.6 213.5 2393.1 -0.4290773869 -0.8977360725 -0.0998124257 -0.7726123333 0.3075199425 0.5554292202 -0.4679345489 0.3154384494 -0.8255518675
17.9 209.6 2696.3 0.1966420710 0.7459353209 0.6363272667 -0.9797699451 0.1741092801 0.0986752138 -0.0371851549 -0.6428580284 0.7650822401
67.2 -35.8 2687.0 -0.0883819312 0.7475125194 0.6583415866 -0.9215472937 0.1894979328 -0.3388821185 -0.3780730069 -0.6366440058 0.6721199751
-192.7 -184.8 2627.0 0.9915981889 0.0361128673 0.1242130324 -0.0421130508 0.9980522990 0.0460232906 -0.1223090664 -0.0508676022 0.9911876321
-206.7 -572.2 2646.7 0.9917462468 -0.0241805036 0.1259153038 0.0118711609 0.9951542616 0.0976065099 -0.1276653260 -0.0953061283 0.9872275591
-32.0 -181.8 2705.9 0.9958829880 0.0802042484 -0.0422415957 -0.0827309042 0.9946467280 -0.0619153753 0.0370495878 0.0651551560 0.9971871376
-63.1 -567.9 2680.6 0.9959658384 -0.0788846910 -0.0427699313 0.0758489519 0.9947651625 -0.0684775114 0.0479478650 0.0649572089 0.9967354536
-178.6 408.0 2510.9 0 0 0 0 0 0 0 0 0
44.8 -269.5 2591.0 0 0 0 0 0 0 0 0 0
-200.6 -823.3 2670.8 0 0 0 0 0 0 0 0 0
-41.1 -845.1 2662.5 0 0 0 0 0 0 0 0 0
-121.9 453.7 2694.5 6 0.9055671096 -0.0828412697 -0.4160354733 -0.0173150040 0.9727103710 -0.2313756198 0.4238494933 0.2167298049 0.8794201612
-101.0 207.8 2639.7 0.9055671096 -0.0828412697 -0.4160354733 -0.0173150040 0.9727103710 -0.2313756198 0.4238494933 0.2167298049 0.8794201612
-103.7 14.2 2650.7 0.9045543075 0.0138528468 -0.4261333644 0.0116217546 0.9982995391 0.0571224876 0.4262000620 -0.0566228107 0.9028550982
-224.5 206.3 2581.5 0.3366979659 -0.8847476840 -0.3222669661 -0.0002971390 0.3421501517 -0.9396452308 0.9416126609 0.3164724112 0.1149383709
-290.8 206.3 2395.9 -0.4536609054 -0.8847476840 -0.1068329886 -0.7878610492 0.3421501517 0.5120627284 -0.4164933860 0.3164724112 -0.8522784114
22.5 209.4 2697.9 0.1978573650 0.7385507822 0.6445116401 -0.9797039032 0.1705505252 0.1053222567 -0.0321359634 -0.6522693634 0.7573057413
71.2 -31.7 2689.9 -0.1004611179 0.7400708795 0.6649832129 -0.9209216833 0.1838039160 -0.3436850011 -0.3765777946 -0.6469244361 0.6630821824
-183.5 -185.3 2625.2 0.9880923033 0.0590974800 0.1420600265 -0.0653649792 0.9970649481 0.0398606583 -0.1392874122 -0.0486717597 0.9890551567
-206.4 -572.3 2644.1 0.9888535142 -0.0306410324 0.1457045078 0.0150904041 0.9941812754 0.1066579223 -0.1481247991 -0.1032703221 0.9835620522
-22.9 -179.0 2704.1 0.9941252470 0.1052237600 -0.0253574569 -0.1066275388 0.9923351407 -0.0624626875 0.0185905360 0.0647995397 0.9977251291
-63.7 -564.1 2679.0 0.9962681532 -0.0824573636 -0.0255061109 0.0806917846 0.9946909547 -0.0638647676 0.0306368172 0.0615683012 0.9976325631
-178.5 401.4 2499.0 0 0 0 0 0 0 0 0 0
45.7 -265.4 2594.4 0 0 0 0 0 0 0 0 0
-198.6 -826.2 2670.4 0 0 0 0 0 0 0 0 0
-40.2 -847.2 2661.4 0 0 0 0 0 0 0 0 0
-124.0 456.2 2693.2 7 0.9024607539 -0.0798619166 -0.4233044088 -0.0164078940 0.9755787253 -0.2190363854 0.4304594398 0.2046172768 0.8791111708
-103.6 206.6 2640.9 0.9024607539 -0.0798619166 -0.4233044088 -0.0164078940 0.9755787253 -0.2190363854 0.4304594398 0.2046172768 0.8791111708
-103.3 12.8 2650.4 0.9008500576 -0.0015042576 -0.4341277182 0.0226759035 0.9987919927 0.0435935073 0.4335376918 -0.0491154529 0.8997959495
-226.6 203.5 2581.7 0.3348912001 -0.8907091022 -0.3073844016 -0.0013225725 0.3257767856 -0.9454457760 0.9422558546 0.3170280159 0.1079217568
-292.1 203.7 2397.5 -0.4374498427 -0.8907091022 -0.1235917881 -0.8039106131 0.3257767856 0.4975913763 -0.4029458463 0.3170280159 -0.8585615158
19.4 209.7 2700.1 0.2047116756 0.7409134507 0.6396408081 -0.9776272774 0.1870476753 0.0962189734 -0.0483533964 -0.6450274587 0.7626280189
71.1 -36.9 2687.9 -0.0955061316 0.7403882146 0.6653599143 -0.9244803786 0.1818533540 -0.3350602090 -0.3690725565 -0.6471124887 0.6671063304
-187.4 -180.5 2623.6 0.9896646142 0.0494752042 0.1345961541 -0.0575387478 0.9967322946 0.0566920154 -0.1313514858 -0.0638505742 0.9892774820
-206.6 -567.4 2648.3 0.9902398586 -0.0308022462 0.1359274387 0.0193824880 0.9962306023 0.0845511854 -0.1380194426 -0.0810913444 0.9871042371
-25.4 -178.5 2699.9 0.9940600395 0.1048580557 -0.0291443020 -0.1059359014 0.9936354160 -0.0382909700 0.0249436945 0.0411509536 0.9988415241
-66.1 -564.0 2683.9 0.9950321317 -0.0936153755 -0.0338703059 0.0905317888 0.9924020767 -0.0833194181 0.0414129421 0.0798391625 0.9959471226
-183.9 402.5 2497.1 0 0 0 0 0 0 0 0 0
46.8 -271.5 2594.2 0 0 0 0 0 0 0 0 0
-198.6 -824.2 2669.3 0 0 0 0 0 0 0 0 0
-39.4 -847.2 2661.1 0 0 0 0 0 0 0 0 0
-124.9 457.0 2693.6 8 0.9091247916 -0.0742155164 -0.4098586738 -0.0239923131 0.9730338454 -0.2294113189 0.4158322215 0.2183969766 0.8828285933
-105.7 204.7 2637.0 0.9091247916 -0.0742155164 -0.4098586738 -0.0239923131 0.9730338454 -0.2294113189 0.4158322215 0.2183969766 0.8828285933
-107.7 11.2 2650.9 0.9076774716 0.0103176432 -0.4195416570 0.0206403565 0.9973903894 0.0691838413 0.4191606343 -0.0714560971 0.9050958157
-229.7 201.9 2579.7 0.3480673730 -0.8886752725 -0.2985051274 -0.0088982005 0.3152696788 -0.9489604235 0.9374272823 0.3329583108 0.1018274799
-297.1 203.7 2398.0 -0.4373007119 -0.8886752725 -0.1379286200 -0.8011371493 0.3152696788 0.5087084770 -0.4085919261 0.3329583108 -0.8498184681
18.3 207.5 2694.2 0.2110452503 0.7306905389 0.6492697597 -0.9771491289 0.1748934686 0.1207967550 -0.0252879988 -0.6599270105 0.7509040236
71.1 -37.2 2687.9 -0.1039862931 0.7302771807 0.6751903892 -0.9289791584 0.1711493433 -0.3281853199 -0.3552246690 -0.6613645554 0.6606151462
-183.7 -183.0 2621.2 0.9872304201 0.0537826903 0.1499450058 -0.0641510263 0.9958088398 0.0651877075 -0.1458105892 -0.0739744157 0.9865429997
-204.6 -569.6 2649.9 0.9882832766 -0.0235283133 0.1508064866 0.0112896739 0.9966091514 0.0815027058 -0.1522127539 -0.0788452104 0.9851977825
-22.4 -179.0 2698.8 0.9935842752 0.1119682118 -0.0159204714 -0.1124207079 0.9931728244 -0.0311336964 0.0123257954 0.0327237397 0.9993884563
-65.8 -564.5 2686.1 0.9950315356 -0.0968650579 -0.0230079293 0.0943011716 0.9910748005 -0.0942231640 0.0319295116 0.0915853456 0.9952852130
-187.7 404.2 2500.3 0 0 0 0 0 0 0 0 0
44.7 -273.0 2597.7 0 0 0 0 0 0 0 0 0
-198.6 -824.5 2670.0 0 0 0 0 0 0 0 0 0
-38.0 -848.6 2659.9 0 0 0 0 0 0 0 0 0
-124.8 457.6 2693.8 9 0.9163584113 -0.0706747845 -0.3940715194 -0.0258785952 0.9717809558 -0.2344612032 0.3995216787 0.2250485122 0.8886706829
-106.4 204.6 2635.2 0.9163584113 -0.0706747845 -0.3940715194 -0.0258785952 0.9717809558 -0.2344612032 0.3995216787 0.2250485122 0.8886706829
-109.4 11.3 2651.2 0.9150990248 0.0154778352 -0.4029320478 0.0190298464 0.9964919090 0.0814969465 0.4027799070 -0.0822455138 0.9115942121
-231.4 202.1 2580.2 0.3488531113 -0.8889918923 -0.2966393530 -0.0137040680 0.3116514981 -0.9500976205 0.9370772243 0.3355096877 0.0965377837
-299.8 204.8 2396.5 -0.4377949238 -0.8889918923 -0.1342721730 -0.7932685018 0.3116514981 0.5230663419 -0.4231556356 0.3355096877 -0.8416486979
18.6 207.2 2690.2 0.1977224648 0.7232661247 0.6616584659 -0.9802567959 0.1469538212 0.1322919279 -0.0015509763 -0.6747523546 0.7380425930
67.4 -34.9 2689.8 -0.0941184908 0.7273986936 0.6797299981 -0.9282906651 0.1825962663 -0.3239368498 -0.3597474098 -0.6614754200 0.6580516696
-190.9 -184.1 2627.2 0.9853217006 0.0370548591 0.1666376144 -0.0457900167 0.9977542162 0.0488860533 -0.1644519120 -0.0557988286 0.9848055840
-205.3 -571.3 2648.9 0.9856113791 -0.0213043857 0.1676794142 0.0081144292 0.9968450069 0.0789571926 -0.1688325256 -0.0764604807 0.9826745987
-28.3 -180.5 2702.3 0.9951034784 0.0988367945 -0.0005629258 -0.0987778753 0.9942787290 -0.0406540558 -0.0034584114 0.0405105948 0.9991731048
-66.7 -566.4 2686.6 0.9951464534 -0.0982246771 -0.0059543666 0.0972216725 0.9907338619 -0.0948387757 0.0152147003 0.0937995762 0.9954748154
-189.3 405.1 2503.3 0 0 0 0 0 0 0 0 0
43.5 -270.5 2598.5 0 0 0 0 0 0 0 0 0
-199.9 -825.8 2668.4 0 0 0 0 0 0 0 0 0
-38.5 -850.8 2659.7 0 0 0 0 0 0 0 0 0
-126.2 457.0 2691.9 0 0.9021748900 -0.0784541592 -0.4241762161 -0.0234541241 0.9729464650 -0.2298370749 0.4307324290 0.2173019201 0.8759277463
-105.8 204.9 2635.6 0.9021748900 -0.0784541592 -0.4241762161 -0.0234541241 0.9729464650 -0.2298370749 0.4307324290 0.2173019201 0.8759277463
-110.7 11.8 2654.1 0.9010248184 0.0250824690 -0.4330417812 0.0189539958 0.9950965643 0.0970749259 0.4333532751 -0.0956747830 0.8961312771
-228.9 202.3 2576.4 0.3774451017 -0.8824223876 -0.2808308005 -0.0095921829 0.2995206714 -0.9540416002 0.9259822965 0.3627921045 0.1045882478
-302.1 204.1 2396.6 -0.4415693283 -0.8824223876 -0.1623184085 -0.7933658957 0.2995206714 0.5299603343 -0.4190311134 0.3627921045 -0.8323429823
17.2 207.5 2694.7 0.1857783049 0.7436408401 0.6422497630 -0.9825153947 0.1487352699 0.1119882315 -0.0122461664 -0.6518252492 0.7582703233
63.5 -37.6 2691.7 -0.0858773515 0.7485124469 0.6575365067 -0.9208642244 0.1922910810 -0.3391654193 -0.3803079426 -0.6346284747 0.6727648973
-194.3 -183.8 2631.1 0.9906546474 0.0306730662 0.1329005808 -0.0371763781 0.9982154369 0.0467313528 -0.1312300265 -0.0512353964 0.9900270700
-206.2 -571.2 2651.0 0.9905669093 -0.0303759184 0.1336209327 0.0209361780 0.9972214103 0.0714920238 -0.1354212910 -0.0680201203 0.9884504676
-30.4 -180.4 2703.3 0.9949110150 0.0940752327 -0.0360822082 -0.0955001339 0.9946238995 -0.0400381088 0.0321216322 0.0432802141 0.9985464811
-66.9 -566.5 2686.5 0.9944499135 -0.0968537778 -0.0410943776 0.0926815718 0.9912936687 -0.0935251191 0.0497948565 0.0891973525 0.9947684407
-190.4 404.8 2502.6 0 0 0 0 0 0 0 0 0
41.7 -271.3 2595.2 0 0 0 0 0 0 0 0 0
-198.6 -822.6 2668.1 0 0 0 0 0 0 0 0 0
-39.1 -851.0 2660.9 0 0 0 0 0 0 0 0 0
-125.7 460.0 2693.4 1 0.8938688040 -0.0733062327 -0.4422949255 -0.0296443105 0.9747185707 -0.2214609981 0.4473475218 0.2110686004 0.8690973520
-106.5 204.5 2638.1 0.8938688040 -0.0733062327 -0.4422949255 -0.0296443105 0.9747185707 -0.2214609981 0.4473475218 0.2110686004 0.8690973520
-111.1 11.3 2656.1 0.8926022053 0.0237366986 -0.4502198398 0.0206960551 0.9954030514 0.0935119316 0.4503698647 -0.0927867293 0.8880076408
-228.4 201.7 2576.6 0.4195266962 -0.8561352491 -0.3017113209 -0.0280749556 0.3199787140 -0.9470086694 0.9073087573 0.4057659805 0.1102036536
-309.8 207.1 2400.5 -0.4787980914 -0.8561352491 -0.1943830997 -0.7865653038 0.3199787140 0.5281369686 -0.3899582326 0.4057659805 -0.8266114593
15.4 207.3 2699.6 0.1800417155 0.7538015842 0.6319558024 -0.9830234647 0.1609710008 0.0880520940 -0.0353527553 -0.6370804310 0.7699861526
60.2 -37.0 2690.8 -0.0952264071 0.7571046948 0.6463160515 -0.9148834348 0.1893240362 -0.3565734923 -0.3923266232 -0.6252591014 0.6746339202
-196.3 -183.1 2633.9 0.9927923083 0.0369132645 0.1140214577 -0.0423126854 0.9980767965 0.0453022905 -0.1121299118 -0.0498003177 0.9924448729
-210.6 -570.5 2653.2 0.9926725030 -0.0373713523 0.1149114892 0.0293971132 0.9970909953 0.0703231096 -0.1172052771 -0.0664297491 0.9908834696
-35.0 -179.6 2711.5 0.9953777194 0.0771132112 -0.0572431609 -0.0811157152 0.9941551089 -0.0712448955 0.0514146574 0.0755588934 0.9958149195
-64.9 -565.3 2682.1 0.9945631027 -0.0862555578 -0.0583452210 0.0811055079 0.9930296540 -0.0855216384 0.0653152540 0.0803245455 0.9946265221
-190.0 403.8 2498.0 0 0 0 0 0 0 0 0 0
36.0 -269.2 2591.2 0 0 0 0 0 0 0 0 0
-201.1 -823.5 2670.1 0 0 0 0 0 0 0 0 0
-40.4 -847.4 2659.3 0 0 0 0 0 0 0 0 0
-128.0 460.3 2694.2 2 0.8902774453 -0.0813366771 -0.4480964839 -0.0231354851 0.9745744467 -0.2228663862 0.4548305869 0.2087798417 0.8657598495
-106.7 205.0 2639.5 0.8902774453 -0.0813366771 -0.4480964839 -0.0231354851 0.9745744467 -0.2228663862 0.4548305869 0.2087798417 0.8657598495
-110.7 11.7 2656.3 0.8889036179 0.0205082130 -0.4576349556 0.0213704761 0.9960532784 0.0861463174 0.4575954974 -0.0863556489 0.8849570751
-228.1 202.1 2577.0 0.4354729056 -0.8465555906 -0.3061159849 -0.0411118753 0.3209950924 -0.9461880922 0.8992625475 0.4246242940 0.1049811840
-312.6 210.1 2402.6 -0.4922636449 -0.8465555906 -0.2025342882 -0.7756263614 0.3209950924 0.5434757471 -0.3950699270 0.4246242940 -0.8146250248
14.7 207.9 2702.0 0.1752722412 0.7585394979 0.6276125312 -0.9833412766 0.1660650223 0.0739079341 -0.0481624044 -0.6301113367 0.7750097513
58.2 -36.1 2690.1 -0.1036833450 0.7608013153 0.6406489611 -0.9117957950 0.1846147031 -0.3668048382 -0.3973388374 -0.6221726537 0.6745539904
-195.6 -183.8 2633.8 0.9937574267 0.0337647088 0.1063302085 -0.0393568836 0.9979258776 0.0509405434 -0.1043896750 -0.0548073687 0.9930251241
-208.7 -571.2 2655.0 0.9937337637 -0.0336596742 0.1065841392 0.0275227241 0.9979058504 0.0585352220 -0.1083312184 -0.0552349426 0.9925791621
-35.8 -180.0 2714.4 0.9949152470 0.0766865239 -0.0652906671 -0.0820152164 0.9931456447 -0.0832783729 0.0584568121 0.0882097557 0.9943851829
-65.5 -565.5 2680.2 0.9940438867 -0.0875805020 -0.0648566186 0.0824705288 0.9935623407 -0.0776692182 0.0712414011 0.0718578547 0.9948673844
-189.3 404.3 2501.5 0 0 0 0 0 0 0 0 0
31.9 -267.5 2589.2 0 0 0 0 0 0 0 0 0
-200.2 -824.2 2669.0 0 0 0 0 0 0 0 0 0
-40.9 -845.2 2660.0 0 0 0 0 0 0 0 0 0
-131.2 454.5 2694.6 3 0.9107270241 -0.0907781199 -0.4029089212 -0.0153558729 0.9674285054 -0.2526783049 0.4127232134 0.2363079935 0.8796693087
-107.9 206.0 2633.9 0.9107270241 -0.0907781199 -0.4029089212 -0.0153558729 0.9674285054 -0.2526783049 0.4127232134 0.2363079935 0.8796693087
-115.6 13.1 2653.5 0.9102060795 0.0403413177 -0.4121862352 0.0049053519 0.9941247702 0.1081287637 0.4141266048 -0.1004413739 0.9046605229
-232.1 205.4 2577.4 0.4359351993 -0.8421987295 -0.3172724247 -0.0325115919 0.3375663459 -0.9407401085 0.8993906379 0.4204167724 0.1197758391
-315.1 211.6 2406.1 -0.5035400391 -0.8421987295 -0.1927400082 -0.7711920738 0.3375663459 0.5397330523 -0.3894999325 0.4204167724 -0.8194751740
16.3 206.6 2690.4 0.1668969989 0.7328366637 0.6596179008 -0.9859538078 0.1283645928 0.1068534479 -0.0063654552 -0.6681863070 0.7439667583
57.3 -35.6 2688.8 -0.0969640017 0.7428538799 0.6623942256 -0.9113722444 0.2012020051 -0.3590520322 -0.3999982476 -0.6385028362 0.6575070620
-194.3 -183.6 2632.0 0.9870103002 0.0417298004 0.1551426649 -0.0510495380 0.9970920682 0.0565799810 -0.1523304582 -0.0637649894 0.9862704873
-210.5 -570.6 2656.8 0.9869136214 -0.0419093557 0.1557084769 0.0312231965 0.9970263243 0.0704530254 -0.1581980884 -0.0646693334 0.9852873683
-35.0 -179.7 2714.0 0.9965500236 0.0806770325 -0.0194735806 -0.0818850473 0.9940139651 -0.0723263696 0.0135219339 0.0736714378 0.9971908927
-66.4 -565.5 2685.4 0.9956778884 -0.0905343071 -0.0207133759 0.0883974284 0.9922239184 -0.0876216367 0.0284850728 0.0854119211 0.9959384799
-188.9 404.9 2503.7 0 0 0 0 0 0 0 0 0
32.7 -267.0 2587.3 0 0 0 0 0 0 0 0 0
-199.5 -831.0 2673.7 0 0 0 0 0 0 0 0 0
-40.5 -848.4 2661.1 0 0 0 0 0 0 0 0 0
-134.2 449.4 2691.8 4 0.9142971635 -0.1090193391 -0.3900966942 0.0048080063 0.9659503698 -0.2586828172 0.4050154686 0.2346373945 0.8836898804
-107.1 209.5 2633.5 0.9142971635 -0.1090193391 -0.3900966942 0.0048080063 0.9659503698 -0.2586828172 0.4050154686 0.2346373945 0.8836898804
-118.4 16.8 2652.7 0.9147781730 0.0584805459 -0.3997009695 -0.0138408085 0.9934219718 0.1136714518 0.4037193060 -0.0984519869 0.9095702171
-231.9 211.5 2578.4 0.4416129291 -0.8428621292 -0.3075084686 -0.0193607975 0.3337080479 -0.9424776435 0.8969967365 0.4221639335 0.1310513020
-315.5 215.1 2408.6 -0.5056605339 -0.8428621292 -0.1840947121 -0.7595227957 0.3337080479 0.5583584309 -0.4091852605 0.4221639335 -0.8089159727
17.8 207.6 2688.6 0.1580674499 0.7275521159 0.6675946116 -0.9874279499 0.1158996671 0.1074861512 0.0008277817 -0.6761916876 0.7367252707
56.9 -36.6 2688.8 -0.1112606227 0.7398692369 0.6634867191 -0.9085516930 0.1947968006 -0.3695781529 -0.4026845694 -0.6439314485 0.6505362391
-204.8 -180.2 2636.0 0.9857873321 0.0127297398 0.1675152034 -0.0220244434 0.9983117580 0.0537453741 -0.1665482372 -0.0566709377 0.9844034314
-209.8 -567.6 2658.0 0.9848973155 -0.0433326773 0.1676291376 0.0331151150 0.9974464774 0.0632767975 -0.1699430346 -0.0567700900 0.9838173389
-42.0 -179.4 2710.1 0.9977624416 0.0664099753 -0.0077378163 -0.0667286664 0.9963518381 -0.0532008149 0.0041765226 0.0535981059 0.9985538721
-67.8 -566.1 2689.3 0.9953066111 -0.0961131454 -0.0112677757 0.0943833515 0.9898498058 -0.1062504128 0.0213654675 0.1046882495 0.9942755699
-187.8 406.9 2512.0 0 0 0 0 0 0 0 0 0
28.6 -267.2 2586.6 0 0 0 0 0 0 0 0 0
-198.5 -827.6 2672.8 0 0 0 0 0 0 0 0 0
-40.3 -849.3 2659.4 0 0 0 0 0 0 0 0 0
-134.7 446.8 2683.4 5 0.9061082006 -0.1284407079 -0.4030767679 0.0397500098 0.9744303226 -0.2211457491 0.4211743474 0.1843596697 0.8880448341
-104.1 214.0 2639.3 0.9061082006 -0.1284407079 -0.4030767679 0.0397500098 0.9744303226 -0.2211457491 0.4211743474 0.1843596697 0.8880448341
-115.8 20.8 2652.2 0.9084235430 0.0608007610 -0.4136059880 -0.0276966598 0.9959467649 0.0855742469 0.4171325266 -0.0662821606 0.9064254761
-228.1 217.9 2582.4 0.4541396201 -0.8430794477 -0.2880525887 -0.0026425570 0.3220404685 -0.9467222095 0.8909265995 0.4307052493 0.1440234482
-315.9 218.4 2410.1 -0.5066062808 -0.8430794477 -0.1804637164 -0.7443307638 0.3220404685 0.5850313306 -0.4351112843 0.4307052493 -0.7906776667
20.0 210.2 2696.3 0.1495622993 0.7381303906 0.6578713059 -0.9881240726 0.1352955848 0.0728414953 -0.0352405645 -0.6609528065 0.7495995164
57.1 -35.1 2687.5 -0.1195612997 0.7456495166 0.6555241346 -0.9082829952 0.1844675839 -0.3754913509 -0.4009079039 -0.6402956843 0.6552055478
-211.6 -174.7 2635.7 0.9882200360 0.0120722158 0.1525629759 -0.0183114782 0.9990494847 0.0395576246 -0.1519404203 -0.0418852903 0.9875017405
-216.3 -562.5 2652.0 0.9863662124 -0.0607720762 0.1529326737 0.0487763733 0.9955194592 0.0810056776 -0.1571703255 -0.0724417642 0.9849110246
-47.8 -177.3 2708.0 0.9986966848 0.0459105670 -0.0222979002 -0.0473409928 0.9965245724 -0.0685392022 0.0190737303 0.0695054829 0.9973992109
-65.7 -564.0 2681.0 0.9958008528 -0.0887032151 -0.0226363000 0.0867582485 0.9933341742 -0.0758957863 0.0292176120 0.0736132041 0.9968587756
-187.1 407.6 2520.7 0 0 0 0 0 0 0 0 0
26.8 -265.6 2585.8 0 0 0 0 0 0 0 0 0
-200.0 -828.9 2671.4 0 0 0 0 0 0 0 0 0
-40.0 -850.7 2659.8 0 0 0 0 0 0 0 0 0
-135.1 448.3 2690.7 6 0.9155798554 -0.1273306459 -0.3814451993 0.0361703895 0.9707781672 -0.2372370362 0.4005062282 0.2034124285 0.8934305310
-104.6 215.9 2642.0 0.9155798554 -0.1273306459 -0.3814451993 0.0361703895 0.9707781672 -0.2372370362 0.4005062282 0.2034124285 0.8934305310
-117.5 22.5 2651.2 0.9180153012 0.0662628263 -0.3909695148 -0.0422935188 0.9966771007 0.0696129501 0.3942831159 -0.0473702736 0.9177673459
-229.9 221.7 2588.2 0.4454835355 -0.8531057239 -0.2715787292 0.0401013084 0.3220507801 -0.9458727241 0.8943915963 0.4104800522 0.1776789725
-318.1 213.7 2411.1 -0.4947902560 -0.8531057239 -0.1655088514 -0.7489731908 0.3220507801 0.5790703297 -0.4407059550 0.4104800522 -0.7983009219
20.8 210.1 2695.8 0.1716888696 0.7207633853 0.6715825200 -0.9840704799 0.1573969722 0.0826525092 -0.0461321436 -0.6750750542 0.7363052964
63.6 -35.4 2684.3 -0.1389633566 0.7237005830 0.6759783030 -0.9101303220 0.1757130921 -0.3752168417 -0.3903228939 -0.6673697233 0.6342442036
-208.9 -169.8 2627.8 0.9841002822 0.0109921815 0.1772733927 -0.0221022367 0.9979040623 0.0608194768 -0.1762332916 -0.0637705997 0.9822805524
-213.1 -557.1 2652.5 0.9829470515 -0.0483871736 0.1774086207 0.0355874859 0.9965757132 0.0746348500 -0.1804125011 -0.0670485795 0.9813030958
-46.2 -174.9 2702.5 0.9989329576 0.0461030714 0.0027292403 -0.0458510928 0.9970842004 -0.0609978326 -0.0055334698 0.0608076043 0.9981341958
-64.1 -561.9 2678.9 0.9969429374 -0.0780745000 0.0030275956 0.0781232640 0.9954505563 -0.0545427017 0.0012445725 0.0546124876 0.9985068440
-192.0 404.6 2523.4 0 0 0 0 0 0 0 0 0
28.3 -266.4 2585.2 0 0 0 0 0 0 0 0 0
-200.1 -826.5 2670.6 0 0 0 0 0 0 0 0 0
-41.5 -850.3 2663.0 0 0 0 0 0 0 0 0 0
-136.4 445.5 2681.8 7 0.9306343794 -0.1261502206 -0.3435196579 0.0570823029 0.9772564173 -0.2042338848 0.3614709675 0.1704581827 0.9166693687
-106.8 216.1 2641.8 0.9306343794 -0.1261502206 -0.3435196579 0.0570823029 0.9772564173 -0.2042338848 0.3614709675 0.1704581827 0.9166693687
-118.9 22.6 2649.3 0.9339250922 0.0621808097 -0.3520191312 -0.0444935635 0.9973174334 0.0581228361 0.3546889424 -0.0386197902 0.9341863990
-234.3 222.2 2593.4 0.4301399291 -0.8581505418 -0.2802806497 0.0526836365 0.3338027000 -0.9411695600 0.9012236595 0.3900684118 0.1887923479
-319.8 211.7 2414.2 -0.4946210086 -0.8581505418 -0.1375778168 -0.7411495447 0.3338027000 0.5824715495 -0.4539244473 0.3900684118 -0.8011237383
20.6 210.1 2690.2 0.1697496474 0.6966457963 0.6970435381 -0.9852303863 0.1361122280 0.1038966775 -0.0224969666 -0.7043849230 0.7094616294
62.9 -35.1 2684.6 -0.1200740114 0.7053066492 0.6986592412 -0.9160885811 0.1924823970 -0.3517559469 -0.3825754225 -0.6822704673 0.6230112314
-212.5 -167.1 2625.1 0.9758317471 -0.0035316206 0.2184946984 -0.0137093309 0.9969103932 0.0773415118 -0.2180927694 -0.0784677193 0.9727684259
-211.2 -553.9 2655.6 0.9749820828 -0.0407236852 0.2185210884 0.0269508548 0.9974791408 0.0656432062 -0.2206434608 -0.0581116229 0.9736218452
-48.1 -174.6 2695.7 0.9981222749 0.0404381491 0.0460079759 -0.0381782427 0.9980697632 -0.0489815138 -0.0478998907 0.0471330360 0.9977394938
-63.8 -562.0 2677.4 0.9957455993 -0.0798845887 0.0459254719 0.0822024867 0.9953091145 -0.0510154180 -0.0416346937 0.0545735694 0.9976413846
-193.1 401.5 2530.5 0 0 0 0 0 0 0 0 0
32.4 -267.5 2587.5 0 0 0 0 0 0 0 0 0
-200.1 -825.6 2671.4 0 0 0 0 0 0 0 0 0
-40.8 -849.0 2661.7 0 0 0 0 0 0 0 0 0
-133.1 448.5 2668.9 8 0.9326297641 -0.1160014793 -0.3416802287 0.0639568865 0.9850656390 -0.1598599255 0.3551214337 0.1272373199 0.9261206388
-105.7 215.3 2638.8 0.9326297641 -0.1160014793 -0.3416802287 0.0639568865 0.9850656390 -0.1598599255 0.3551214337 0.1272373199 0.9261206388
-118.6 22.1 2651.5 0.9351985455 0.0668988079 -0.3477473557 -0.0396605432 0.9956021905 0.0848723054 0.3518958986 -0.0655806139 0.9337389469
-233.3 220.7 2590.7 0.4687833190 -0.8412558436 -0.2693155110 0.0641147196 0.3364944458 -0.9395002723 0.8809832335 0.4231549799 0.2116798609
-325.6 208.1 2417.3 -0.5160565972 -0.8412558436 -0.1611652821 -0.7331181765 0.3364944458 0.5910239220 -0.4429710805 0.4231549799 -0.7903900743
22.0 209.9 2686.8 0.1646983624 0.6920366883 0.7028226256 -0.9862108827 0.1272456199 0.1058142781 -0.0162037387 -0.7105587721 0.7034512758
63.0 -35.2 2682.8 -0.0990931168 0.7007524967 0.7064888477 -0.9270482659 0.1929948181 -0.3214568794 -0.3616103828 -0.6868034005 0.6305069327
-214.6 -167.0 2625.1 0.9746056199 -0.0173065066 0.2232585102 0.0011649411 0.9973873496 0.0722298622 -0.2239252627 -0.0701355487 0.9720794559
-207.9 -554.1 2652.3 0.9742111564 -0.0331451856 0.2231905758 0.0164963603 0.9969674945 0.0760504231 -0.2250344455 -0.0704073384 0.9718036056
-47.5 -174.9 2688.5 0.9976693392 0.0463031009 0.0501186475 -0.0453348570 0.9987658262 -0.0202869978 -0.0509961434 0.0179675929 0.9985371828
-65.4 -562.5 2681.6 0.9951230288 -0.0862199217 0.0479201302 0.0893071666 0.9937798381 -0.0665272996 -0.0418860801 0.0704824552 0.9966332316
-191.9 398.1 2532.1 0 0 0 0 0 0 0 0 0
37.8 -270.4 2591.0 0 0 0 0 0 0 0 0 0
-198.8 -829.3 2671.7 0 0 0 0 0 0 0 0 0
-40.7 -847.1 2661.4 0 0 0 0 0 0 0 0 0
-135.8 445.3 2681.9 9 0.9463931918 -0.1319221556 -0.2948498428 0.0687643513 0.9741585255 -0.2151433378 0.3156126440 0.1833350360 0.9310085773
-104.5 214.6 2638.5 0.9463931918 -0.1319221556 -0.2948498428 0.0687643513 0.9741585255 -0.2151433378 0.3156126440 0.1833350360 0.9310085773
-116.8 21.4 2651.9 0.9501464963 0.0632116273 -0.3053292334 -0.0388325416 0.9956004620 0.0852748826 0.3093762994 -0.0691669211 0.9484209418
-234.2 219.9 2596.3 0.4760869741 -0.8336127400 -0.2800553143 0.0852485299 0.3607114255 -0.9287733436 0.8752564788 0.4183025956 0.2427942753
-329.7 202.8 2420.7 -0.5273742080 -0.8336127400 -0.1642139554 -0.7449256182 0.3607114255 0.5612246394 -0.4086101651 0.4183025956 -0.8112093806
25.1 209.3 2680.7 0.1551574916 0.6642187238 0.7312589288 -0.9878301024 0.0961819589 0.1222321764 0.0108549828 -0.7413248420 0.6710585952
63.6 -35.3 2683.4 -0.0778841525 0.6787070036 0.7302676439 -0.9317883849 0.2109398544 -0.2954230607 -0.3545482457 -0.7034636736 0.6159824133
-215.4 -167.5 2632.7 0.9635730386 -0.0136917206 0.2670946717 -0.0018990121 0.9983132482 0.0580261052 -0.2674386203 -0.0564196035 0.9619217515
-210.1 -555.0 2654.6 0.9630431533 -0.0347801745 0.2670921683 0.0199030656 0.9981060624 0.0582075901 -0.2686108053 -0.0507404655 0.9619114399
-47.9 -174.6 2695.7 0.9943361282 0.0483022593 0.0946708918 -0.0457300805 0.9985283017 -0.0291547198 -0.0959398076 0.0246602837 0.9950816035
-66.7 -562.2 2686.1 0.9916268587 -0.0904113278 0.0922061577 0.0976908728 0.9921751022 -0.0777499825 -0.0844551772 0.0861066729 0.9926998615
-192.5 396.6 2527.0 0 0 0 0 0 0 0 0 0
43.8 -271.7 2593.5 0 0 0 0 0 0 0 0 0
-200.8 -820.9 2668.1 0 0 0 0 0 0 0 0 0
-40.6 -848.3 2661.3 0 0 0 0 0 0 0 0 0
-134.5 445.6 2688.5 0 0.9439911246 -0.1125933155 -0.3101669848 0.0353937000 0.9691102505 -0.2440749854 0.3280672133 0.2194266468 0.9188165665
-107.4 211.7 2635.5 0.9439911246 -0.1125933155 -0.3101669848 0.0353937000 0.9691102505 -0.2440749854 0.3280672133 0.2194266468 0.9188165665
-117.2 18.6 2651.8 0.9457625151 0.0503720008 -0.3209298551 -0.0205285288 0.9951978922 0.0957062691 0.3242096603 -0.0839271769 0.9422549009
-236.5 214.5 2591.3 0.5066669583 -0.8183924556 -0.2711502314 0.0831281021 0.3594162762 -0.9294673800 0.8581249118 0.4483902156 0.2501357496
-334.5 198.4 2425.2 -0.5266759992 -0.8183924556 -0.2298830003 -0.7812514305 0.3594162762 0.5103588700 -0.3350501657 0.4483902156 -0.8286661506
21.7 208.9 2679.7 0.1904456615 0.6695910692 0.7178984880 -0.9815778136 0.1184513047 0.1499143541 0.0153453061 -0.7332237363 0.6798142791
68.7 -33.1 2683.5 -0.0948845819 0.6800232530 0.7270249724 -0.9311187267 0.1977281272 -0.3064661622 -0.3521573842 -0.7060254812 0.6144210696
-214.0 -168.3 2637.7 0.9677439928 0.0032083525 0.2519152761 -0.0151412422 0.9988521338 0.0454445519 -0.2514802814 -0.0477930009 0.9666817188
-215.3 -556.0 2656.2 0.9660967588 -0.0564612560 0.2519309521 0.0415056199 0.9970675707 0.0642923936 -0.2548221946 -0.0516561195 0.9656072259
-44.0 -175.3 2693.0 0.9951701760 0.0586424060 0.0787235573 -0.0558698662 0.9977532625 -0.0369727947 -0.0807148591 0.0323959477 0.9962106347
-66.8 -562.6 2680.4 0.9928318858 -0.0911875442 0.0772640780 0.0960250795 0.9934838414 -0.0613920540 -0.0711624175 0.0683712736 0.9951187372
-200.3 397.4 2510.6 0 0 0 0 0 0 0 0 0
44.6 -269.3 2594.2 0 0 0 0 0 0 0 0 0
-200.1 -824.2 2670.1 0 0 0 0 0 0 0 0 0
-40.6 -848.2 2660.8 0 0 0 0 0 0 0 0 0
-135.7 443.0 2688.2 1 0.9486448765 -0.1160750687 -0.2942778468 0.0471215695 0.9717208743 -0.2313831300 0.3128137290 0.2056335807 0.9272876382
-108.2 212.7 2639.5 0.9486448765 -0.1160750687 -0.2942778468 0.0471215695 0.9717208743 -0.2313831300 0.3128137290 0.2056335807 0.9272876382
-116.5 19.2 2651.4 0.9512130022 0.0426594839 -0.3055716157 -0.0217521079 0.9972031713 0.0715029910 0.3077672720 -0.0613677502 0.9494805336
-238.1 215.6 2597.5 0.5122365355 -0.8090546131 -0.2881743014 0.0899012089 0.3842047751 -0.9188604355 0.8541261554 0.4447666407 0.2695387006
-339.5 197.8 2428.4 -0.5377508998 -0.8090546131 -0.2371805310 -0.7892926931 0.3842047751 0.4789611101 -0.2963797748 0.4447666407 -0.8451873660
21.7 209.7 2681.5 0.1904058009 0.6596224308 0.7270790339 -0.9816877246 0.1234818324 0.1450566649 0.0059015811 -0.7413842082 0.6710548997
68.8 -33.3 2682.9 -0.0873307809 0.6702619195 0.7369682789 -0.9308985472 0.2084917426 -0.2999317348 -0.3546846211 -0.7122359872 0.6057381630
-211.6 -172.7 2639.1 0.9633527398 0.0126643442 0.2679387033 -0.0217558220 0.9992828965 0.0309894290 -0.2673541009 -0.0356829762 0.9629374146
-216.5 -560.6 2652.9 0.9614313245 -0.0608137399 0.2682377398 0.0414248072 0.9961419106 0.0773642436 -0.2719076872 -0.0632687137 0.9602412581
-42.3 -176.4 2697.1 0.9928181767 0.0711632371 0.0961658508 -0.0662565082 0.9963784814 -0.0532918014 -0.0996100008 0.0465374552 0.9939376712
-69.9 -563.1 2679.0 0.9900339246 -0.1030140892 0.0960258842 0.1086341292 0.9925453067 -0.0552488677 -0.0896186233 0.0651299357 0.9938443303
-204.7 395.5 2502.7 0 0 0 0 0 0 0 0 0
46.7 -269.6 2592.9 0 0 0 0 0 0 0 0 0
-200.3 -825.8 2669.8 0 0 0 0 0 0 0 0 0
-40.3 -848.1 2660.3 0 0 0 0 0 0 0 0 0
-138.2 445.1 2691.1 2 0.9553686976 -0.1347798705 -0.2628782988 0.0714400932 0.9688532352 -0.2371069640 0.2866477370 0.2077445239 0.9352407455
-106.0 213.7 2641.5 0.9553686976 -0.1347798705 -0.2628782988 0.0714400932 0.9688532352 -0.2371069640 0.2866477370 0.2077445239 0.9352407455
-121.0 20.6 2653.0 0.9591710567 0.0769876391 -0.2721465528 -0.0577878542 0.9952861071 0.0778855607 0.2768599093 -0.0589788146 0.9590985775
-236.9 221.6 2603.7 0.4829492271 -0.8323945403 -0.2718075514 0.0786666796 0.3503961265 -0.9332920909 0.8721075654 0.4293504953 0.2347052544
-334.7 205.6 2427.0 -0.5018559098 -0.8323945403 -0.2350743264 -0.8052392006 0.3503961265 0.4783433378 -0.3158012629 0.4293504953 -0.8461251259
24.8 205.8 2679.2 0.2009158283 0.6354915500 0.7455087304 -0.9795897007 0.1256201267 0.1569190621 0.0060698348 -0.7618202567 0.6477600336
73.3 -30.8 2680.7 -0.1007149369 0.6475768089 0.7553150058 -0.9281135201 0.2123383880 -0.3058066070 -0.3584156334 -0.7318173647 0.5796391964
-210.0 -172.4 2635.7 0.9533652663 0.0251397323 0.3007701933 -0.0412476361 0.9980275631 0.0473248921 -0.2989871800 -0.0575239658 0.9525217414
-219.8 -559.7 2658.0 0.9505867958 -0.0754470304 0.3011519313 0.0587364919 0.9962085485 0.0641763806 -0.3048520386 -0.0433166139 0.9514141679
-39.7 -176.3 2690.8 0.9889140129 0.0750326961 0.1281374693 -0.0706460401 0.9967601895 -0.0384488814 -0.1306072474 0.0289702322 0.9910108447
-68.8 -563.1 2679.6 0.9870804548 -0.0975707620 0.1270909607 0.1048863083 0.9931140542 -0.0521856435 -0.1211240292 0.0648415312 0.9905173182
-207.4 409.8 2507.1 0 0 0 0 0 0 0 0 0
47.8 -266.3 2589.7 0 0 0 0 0 0 0 0 0
-200.1 -819.2 2669.3 0 0 0 0 0 0 0 0 0
-40.8 -847.7 2661.0 0 0 0 0 0 0 0 0 0
-138.2 441.4 2692.5 3 0.9594911933 -0.1320281923 -0.2488879859 0.0699244216 0.9673547745 -0.2435884476 0.2729235291 0.2163176239 0.9374003410
-106.9 212.3 2641.3 0.9594911933 -0.1320281923 -0.2488879859 0.0699244216 0.9673547745 -0.2435884476 0.2729235291 0.2163176239 0.9374003410
-121.6 19.2 2653.9 0.9631100297 0.0757109821 -0.2582381666 -0.0561745130 0.9950297475 0.0822203979 0.2631796598 -0.0646808892 0.9625761509
-238.4 220.0 2605.4 0.4729624093 -0.8388379812 -0.2695502937 0.0538276918 0.3328685164 -0.9414356947 0.8794368505 0.4307544231 0.2025870085
-333.5 209.1 2428.4 -0.4846421778 -0.8388379812 -0.2479370683 -0.8170151711 0.3328685164 0.4708341658 -0.3124231398 0.4307544231 -0.8466654420
24.6 204.6 2677.2 0.2130191475 0.6211930513 0.7541499138 -0.9770457745 0.1370937973 0.1630547792 -0.0021007748 -0.7715727687 0.6361376047
76.4 -32.9 2676.7 -0.1137176603 0.6316676140 0.7668535113 -0.9279349446 0.2082492709 -0.3091423810 -0.3549719155 -0.7467451096 0.5624648333
-221.8 -167.2 2639.8 0.9492512345 -0.0049194777 0.3144803941 -0.0100712627 0.9988895059 0.0460256785 -0.3143575788 -0.0468571484 0.9481475353
-219.8 -554.8 2658.0 0.9463816881 -0.0748073086 0.3142698407 0.0554383732 0.9959957004 0.0701368451 -0.3182581663 -0.0489536226 0.9467393160
-50.1 -177.6 2689.3 0.9887478948 0.0434267409 0.1431492120 -0.0405231193 0.9989106655 -0.0231386833 -0.1439981014 0.0170774721 0.9894306064
-67.0 -565.1 2682.7 0.9851173162 -0.0977883637 0.1413553208 0.1073826626 0.9922888279 -0.0619022846 -0.1342119724 0.0761601180 0.9880216718
-208.4 420.1 2509.1 0 0 0 0 0 0 0 0 0
47.5 -268.4 2586.6 0 0 0 0 0 0 0 0 0
-199.7 -823.4 2671.2 0 0 0 0 0 0 0 0 0
-39.0 -849.1 2660.9 0 0 0 0 0 0 0 0 0
-138.7 438.5 2694.2 4 0.9615302682 -0.1374692172 -0.2378271222 0.0757122785 0.9648631215 -0.2516085207 0.2640590370 0.2239227742 0.9381532073
-106.3 211.2 2641.5 0.9615302682 -0.1374692172 -0.2378271222 0.0757122785 0.9648631215 -0.2516085207 0.2640590370 0.2239227742 0.9381532073
-121.2 18.1 2653.9 0.9656850696 0.0766747892 -0.2481397390 -0.0582295433 0.9950240254 0.0808490068 0.2531040907 -0.0636256188 0.9653445482
-238.2 219.2 2606.9 0.4723137915 -0.8450409770 -0.2506500185 0.0373431295 0.3032961786 -0.9521643519 0.8806390762 0.4403603077 0.1748074442
-332.5 211.7 2431.1 -0.4667997360 -0.8450409770 -0.2607752979 -0.8201121688 0.3032961786 0.4852087200 -0.3309291005 0.4403603077 -0.8346069455
25.6 203.3 2676.1 0.2153424472 0.6133431196 0.7598932981 -0.9765332341 0.1378236264 0.1654914916 -0.0032281883 -0.7776984572 0.6286292076
