-109.9 436.2 2709.1 7 0.9854947329 -0.0907800123 -0.1433845460 0.0741707757 0.9903324246 -0.1172195897 0.1526395679 0.1048843488 0.9827005863
-89.7 216.2 2685.8 0.9854947329 -0.0907800123 -0.1433845460 0.0741707757 0.9903324246 -0.1172195897 0.1526395679 0.1048843488 0.9827005863
-95.2 23.0 2701.9 0.9883137345 0.0283968151 -0.1497652233 -0.0155960033 0.9961761236 0.0859644488 0.1516336650 -0.0826241076 0.9849774241
-224.7 218.4 2665.1 0.6638692617 -0.7089999318 -0.2379005998 0.0849282742 0.3875302374 -0.9179365635 0.7430106401 0.5891853571 0.3174835742
-363.9 200.5 2509.3 -0.5965488553 -0.7089999318 -0.3760965168 -0.7751515508 0.3875302374 0.4989592731 -0.2080133259 0.5891853571 -0.7807631493
45.2 214.1 2706.6 0.1834774017 0.8962851167 0.4037438035 -0.9789416790 0.2039847523 -0.0079625035 -0.0894942507 -0.3937807083 0.9148374200
92.1 -35.9 2683.7 0.1410276443 0.8889960647 0.4356572032 -0.9340868592 0.2652870417 -0.2389655560 -0.3280136585 -0.3732409477 0.8678123355
-198.3 -167.4 2703.1 0.9057164192 0.0287839063 0.4229057729 0.0018771173 0.9974096417 -0.0719060451 -0.4238800406 0.0659203306 0.9033162594
-209.5 -554.5 2677.5 0.9046453238 -0.0443365648 0.4238527417 0.0451298170 0.9989477396 0.0081713153 -0.4237689972 0.0117362542 0.9056942463
-21.6 -175.5 2731.4 0.9587324858 0.1157797873 0.2596670985 -0.0893900692 0.9897617698 -0.1112703010 -0.2698914111 0.0834667981 0.9592663646
-66.5 -559.7 2699.0 0.9607263207 -0.0983119756 0.2594988048 0.1312309504 0.9849241972 -0.1127064601 -0.2445062697 0.1423343420 0.9591442347
-208.6 402.3 2563.4 0 0 0 0 0 0 0 0 0
127.4 -269.9 2601.6 0 0 0 0 0 0 0 0 0
-197.6 -820.9 2674.4 0 0 0 0 0 0 0 0 0
-37.3 -852.4 2656.7 0 0 0 0 0 0 0 0 0
-112.0 438.0 2712.5 8 0.9830945134 -0.1151442900 -0.1423619688 0.0972195864 0.9871218801 -0.1270382255 0.1551563442 0.1110502109 0.9816284180
-86.1 216.4 2687.6 0.9830945134 -0.1151442900 -0.1423619688 0.0972195864 0.9871218801 -0.1270382255 0.1551563442 0.1110502109 0.9816284180
-97.7 23.6 2705.0 0.9870734215 0.0600124188 -0.1486086994 -0.0457726307 0.9941868186 0.0974546596 0.1535933018 -0.0893926919 0.9840823412
-220.9 222.6 2666.6 0.6604205370 -0.7105525136 -0.2428164482 0.0843684077 0.3915375173 -0.9162861705 0.7461411953 0.5846481323 0.3185276091
-360.1 204.9 2509.3 -0.6029314399 -0.7105525136 -0.3627516329 -0.7671396136 0.3915375173 0.5081290603 -0.2190215290 0.5846481323 -0.7811632752
48.7 210.2 2708.6 0.1736960858 0.8987011909 0.4026982486 -0.9799270630 0.1983515918 -0.0199884474 -0.0978394821 -0.3911430240 0.9151145220
92.2 -35.5 2684.1 0.1425654143 0.8918219209 0.4293352962 -0.9426197410 0.2546389699 -0.2159329206 -0.3018991947 -0.3739153743 0.8769516349
-189.3 -168.9 2704.3 0.9066420794 0.0488535352 0.4190626144 -0.0184094198 0.9969081283 -0.0763889030 -0.4214988053 0.0615426935 0.9047382474
-208.2 -555.8 2680.4 0.9061641693 -0.0344276428 0.4215224683 0.0392491966 0.9992256165 -0.0027643421 -0.4211008847 0.0190493669 0.9068137407
-12.3 -171.7 2731.5 0.9570051432 0.1405987293 0.2537186444 -0.1137448996 0.9865198731 -0.1176460385 -0.2668393850 0.0837286636 0.9600970149
-66.8 -554.6 2699.0 0.9620391130 -0.0980019718 0.2547084391 0.1296744496 0.9853630662 -0.1106534302 -0.2401360422 0.1394820958 0.9606661201
-201.8 406.3 2566.8 0 0 0 0 0 0 0 0 0
127.9 -271.7 2608.5 0 0 0 0 0 0 0 0 0
-199.0 -823.9 2675.3 0 0 0 0 0 0 0 0 0
-37.3 -851.3 2657.0 0 0 0 0 0 0 0 0 0
-110.2 440.5 2713.3 9 0.9829487801 -0.1149791479 -0.1434975415 0.0968750119 0.9871155024 -0.1273508072 0.1562913209 0.1112779900 0.9814225435
-84.2 216.8 2688.0 0.9829487801 -0.1149791479 -0.1434975415 0.0968750119 0.9871155024 -0.1273508072 0.1562913209 0.1112779900 0.9814225435
-100.2 24.4 2706.9 0.9856192470 0.0827331543 -0.1473429203 -0.0670126602 0.9918197989 0.1086404994 0.1551257968 -0.0972043276 0.9831008911
-218.8 226.0 2666.8 0.6639283299 -0.7034255862 -0.2537550926 0.1107181013 0.4280652106 -0.8969401717 0.7395543456 0.5674087405 0.3620865643
-360.8 202.3 2508.6 -0.6280328631 -0.7034255862 -0.3328170776 -0.7481337786 0.4280652106 0.5070069432 -0.2141742408 0.5674087405 -0.7950954437
50.4 207.7 2709.3 0.1747899204 0.8999280334 0.3994721174 -0.9806351662 0.1955130547 -0.0113713760 -0.0883354396 -0.3897488117 0.9166747928
94.1 -37.4 2687.2 0.1360021979 0.8931369781 0.4287303984 -0.9382266998 0.2550939023 -0.2337900400 -0.3181730211 -0.3704503477 0.8726582527
-197.8 -165.2 2708.5 0.9089069963 0.0271117389 0.4161166251 0.0080137411 0.9965642691 -0.0824344233 -0.4169219136 0.0782598704 0.9055669308
-208.3 -551.9 2678.2 0.9082596898 -0.0359803364 0.4168570042 0.0356309526 0.9993278384 0.0086216480 -0.4168870151 0.0070223161 0.9089311957
-21.0 -173.4 2736.1 0.9611432552 0.1220886484 0.2475842983 -0.0912439153 0.9869768620 -0.1324809343 -0.2605343759 0.1047425941 0.9597660303
-68.4 -556.3 2695.4 0.9624825716 -0.1014693677 0.2516571581 0.1297160685 0.9866685271 -0.0982798114 -0.2383298129 0.1272365749 0.9628134370
-197.6 396.6 2564.3 0 0 0 0 0 0 0 0 0
128.1 -272.1 2607.6 0 0 0 0 0 0 0 0 0
-198.6 -821.2 2676.3 0 0 0 0 0 0 0 0 0
-37.9 -852.5 2657.2 0 0 0 0 0 0 0 0 0
-110.1 439.2 2716.1 0 0.9842578769 -0.1112614796 -0.1373218298 0.0931938067 0.9869063497 -0.1316463649 0.1501709670 0.1167764291 0.9817392230
-85.2 218.3 2690.0 0.9842578769 -0.1112614796 -0.1373218298 0.0931938067 0.9869063497 -0.1316463649 0.1501709670 0.1167764291 0.9817392230
-101.3 25.7 2707.6 0.9865527749 0.0833101124 -0.1406167597 -0.0693117231 0.9924001098 0.1016756147 0.1480186880 -0.0905619711 0.9848294258
-219.9 227.8 2669.7 0.6590843797 -0.7036355138 -0.2655274868 0.1168382913 0.4445744455 -0.8880891800 0.7429378033 0.5543019176 0.3752236366
-360.9 202.8 2510.8 -0.6393904686 -0.7036355138 -0.3099626601 -0.7364392281 0.4445744455 0.5099126101 -0.2209911346 0.5543019176 -0.8024414778
49.6 208.8 2710.2 0.1780562550 0.8972650170 0.4039943218 -0.9799955487 0.1987884939 -0.0095833670 -0.0889082476 -0.3942062557 0.9147112966
93.8 -34.4 2688.1 0.0934888124 0.8953061104 0.4355305433 -0.9420460463 0.2211081833 -0.2523100674 -0.3221940994 -0.3867016435 0.8640907407
-204.5 -162.0 2711.8 0.9063745737 0.0132084368 0.4222685099 0.0228663776 0.9965122938 -0.0802519545 -0.4218557477 0.0823940784 0.9029113650
-209.7 -548.7 2679.9 0.9057648182 -0.0409049094 0.4218019247 0.0416904427 0.9991034269 0.0073648328 -0.4217250049 0.0109143015 0.9066581130
-28.0 -174.0 2739.7 0.9617118239 0.1032278910 0.2538787425 -0.0692147240 0.9878064990 -0.1394546330 -0.2651786804 0.1165430173 0.9571300745
-68.1 -557.3 2694.4 0.9606834650 -0.1018856689 0.2582762837 0.1301477104 0.9869560599 -0.0947592631 -0.2452527434 0.1246477216 0.9614125490
-197.2 391.4 2567.4 0 0 0 0 0 0 0 0 0
117.3 -271.5 2607.0 0 0 0 0 0 0 0 0 0
-198.5 -820.7 2676.9 0 0 0 0 0 0 0 0 0
-37.7 -851.8 2657.2 0 0 0 0 0 0 0 0 0
-109.7 438.8 2717.0 1 0.9840912223 -0.1096461564 -0.1397933215 0.0915898904 0.9873216152 -0.1296429187 0.1522358209 0.1147768050 0.9816570282
-85.2 217.9 2691.4 0.9840912223 -0.1096461564 -0.1397933215 0.0915898904 0.9873216152 -0.1296429187 0.1522358209 0.1147768050 0.9816570282
-100.9 25.2 2708.0 0.9863849282 0.0811250880 -0.1430507749 -0.0676710531 0.9930263162 0.0965366364 0.1498847157 -0.0855418816 0.9849960208
-219.9 227.2 2670.9 0.6567718983 -0.7054898143 -0.2663358152 0.1057853624 0.4358918667 -0.8937604427 0.7466325164 0.5588223338 0.3609120250
-359.6 204.7 2512.1 -0.6293820739 -0.7054898143 -0.3258255720 -0.7478326559 0.4358918667 0.5007440448 -0.2112451047 0.5588223338 -0.8019308448
49.6 208.7 2711.8 0.1815516353 0.8989759684 0.3985990584 -0.9806442261 0.1957284063 0.0052243792 -0.0733205676 -0.3918323815 0.9171103835
94.1 -31.9 2693.9 0.0204074346 0.9004017711 0.4345805347 -0.9444642067 0.1599547714 -0.2870571911 -0.3279800117 -0.4045876563 0.8536614776
-205.9 -160.6 2711.9 0.9072097540 0.0158659387 0.4203793406 0.0238421559 0.9957431555 -0.0890344381 -0.4200024605 0.0907956585 0.9029695988
-212.0 -547.1 2676.6 0.9064284563 -0.0482821427 0.4195906520 0.0437266566 0.9988337159 0.0204741210 -0.4200898409 -0.0002110298 0.9074825048
-29.1 -173.1 2738.4 0.9623068571 0.0999038145 0.2529520988 -0.0671565160 0.9885733128 -0.1349547207 -0.2635441720 0.1128804684 0.9580200911
-67.9 -556.8 2694.6 0.9612102509 -0.1015519872 0.2564411461 0.1305475533 0.9865209460 -0.0986599997 -0.2429654449 0.1283107698 0.9615113735
-199.5 394.9 2565.9 0 0 0 0 0 0 0 0 0
99.2 -270.0 2611.2 0 0 0 0 0 0 0 0 0
-198.6 -824.3 2676.7 0 0 0 0 0 0 0 0 0
-37.7 -850.4 2656.4 0 0 0 0 0 0 0 0 0
-110.1 437.6 2715.5 2 0.9825278521 -0.1114917323 -0.1490254700 0.0945210829 0.9886835217 -0.1164931208 0.1603270471 0.1003716886 0.9819474220
-85.4 218.6 2693.3 0.9825278521 -0.1114917323 -0.1490254700 0.0945210829 0.9886835217 -0.1164931208 0.1603270471 0.1003716886 0.9819474220
-100.8 25.8 2709.6 0.9851203561 0.0793307349 -0.1524614990 -0.0652475283 0.9933117628 0.0952599943 0.1589988470 -0.0838948190 0.9837077856
-220.0 227.5 2671.5 0.6612429023 -0.7015466690 -0.2656879425 0.1074284166 0.4390744567 -0.8920049071 0.7424398661 0.5612894893 0.3657009006
-358.7 205.0 2515.8 -0.6256424785 -0.7015466690 -0.3411799371 -0.7565847039 0.4390744567 0.4845546186 -0.1901342869 0.5612894893 -0.8054831028
49.2 209.7 2715.0 0.1814261824 0.9026437998 0.3902803361 -0.9807247519 0.1953514665 0.0040903143 -0.0725497380 -0.3834996819 0.9206869602
94.5 -35.6 2696.9 0.0730919018 0.9017177224 0.4261017740 -0.9370642900 0.2083533257 -0.2801773548 -0.3414206207 -0.3788060844 0.8601964712
-205.0 -161.5 2711.1 0.9109380841 0.0162512194 0.4122228920 0.0213359203 0.9960306883 -0.0864154249 -0.4119910002 0.0875142589 0.9069755673
-211.3 -548.1 2677.2 0.9102088809 -0.0472713634 0.4114429057 0.0401675478 0.9988572001 0.0259002745 -0.4121970534 -0.0070480076 0.9110674858
-28.3 -173.6 2738.0 0.9643446207 0.1014648974 0.2444265485 -0.0698616281 0.9884232283 -0.1346808225 -0.2552622557 0.1128026918 0.9602690935
-67.7 -557.3 2694.2 0.9633203745 -0.1014167815 0.2484520823 0.1280048937 0.9873781204 -0.0932695568 -0.2358570546 0.1216515526 0.9641433358
-199.7 397.2 2564.1 0 0 0 0 0 0 0 0 0
112.9 -271.1 2611.0 0 0 0 0 0 0 0 0 0
-198.2 -825.6 2679.1 0 0 0 0 0 0 0 0 0
-37.5 -851.7 2657.9 0 0 0 0 0 0 0 0 0
-111.6 437.1 2714.2 3 0.9816859365 -0.1126732379 -0.1536147445 0.0968475416 0.9895420671 -0.1068975404 0.1640527397 0.0900626034 0.9823316336
-86.8 219.6 2694.4 0.9816859365 -0.1126732379 -0.1536147445 0.0968475416 0.9895420671 -0.1068975404 0.1640527397 0.0900626034 0.9823316336
-99.8 26.4 2707.4 0.9851897955 0.0670066029 -0.1578326970 -0.0554618649 0.9955295324 0.0764517859 0.1622498930 -0.0665658265 0.9845018983
-221.4 227.2 2672.3 0.6472067237 -0.7243951559 -0.2374344617 0.1019432321 0.3909124732 -0.9147650003 0.7554674149 0.5678372383 0.3268483579
-358.1 205.6 2512.7 -0.5922507644 -0.7243951559 -0.3528324366 -0.7744571567 0.3909124732 0.4973967969 -0.2223852277 0.5678372383 -0.7925311923
47.8 212.0 2716.6 0.1805325896 0.9046588540 0.3860055804 -0.9802183509 0.1978497207 -0.0052464055 -0.0811173022 -0.3774226010 0.9224815369
93.5 -36.1 2696.1 0.1088286266 0.9017449617 0.4183447957 -0.9429274797 0.2268803120 -0.2437479049 -0.3147126436 -0.3679420650 0.8749712110
-204.5 -161.2 2711.6 0.9122256041 0.0114640519 0.4095278382 0.0257603507 0.9960253835 -0.0852634013 -0.4088775814 0.0883290395 0.9083045125
-208.9 -547.8 2677.3 0.9119220376 -0.0395541601 0.4084527493 0.0342636444 0.9992073774 0.0202643666 -0.4089305401 -0.0044844425 0.9125545025
-28.0 -172.9 2740.1 0.9647293091 0.1025815606 0.2424343228 -0.0687687322 0.9871777892 -0.1440515071 -0.2541028261 0.1222988069 0.9594137669
-67.8 -556.1 2692.6 0.9634687304 -0.1018228680 0.2477097064 0.1274138391 0.9878002405 -0.0895346627 -0.2355710268 0.1178254932 0.9646882415
-207.8 402.2 2569.1 0 0 0 0 0 0 0 0 0
120.8 -272.9 2617.0 0 0 0 0 0 0 0 0 0
-197.9 -826.7 2678.6 0 0 0 0 0 0 0 0 0
-37.4 -850.9 2657.4 0 0 0 0 0 0 0 0 0
-108.0 438.4 2714.1 4 0.9809634089 -0.0969738066 -0.1682464480 0.0810236037 0.9917612076 -0.0992215201 0.1764821857 0.0837007463 0.9807385802
-86.5 219.1 2695.6 0.9809634089 -0.0969738066 -0.1682464480 0.0810236037 0.9917612076 -0.0992215201 0.1764821857 0.0837007463 0.9807385802
-100.1 26.1 2710.3 0.9828373194 0.0697010159 -0.1707997769 -0.0554650910 0.9946846366 0.0867528543 0.1759386808 -0.0757905170 0.9814791679
-220.8 226.7 2671.6 0.6469656229 -0.7157419920 -0.2629617155 0.0934989303 0.4167202115 -0.9042136073 0.7567650676 0.5604084730 0.3365247548
-357.6 206.9 2511.5 -0.6061390042 -0.7157419920 -0.3468557298 -0.7692436576 0.4167202115 0.4843640029 -0.2021378726 0.5604084730 -0.8031703234
47.7 211.6 2719.6 0.1804614663 0.9088191390 0.3761401772 -0.9800064564 0.1987165660 -0.0099537978 -0.0837914944 -0.3668235242 0.9265093207
93.4 -36.1 2698.5 0.1243549958 0.9043149948 0.4083506763 -0.9398769140 0.2392783761 -0.2436744571 -0.3180679381 -0.3534972370 0.8797002435
-201.0 -161.8 2705.7 0.9175490737 0.0179389808 0.3972177505 0.0140708936 0.9968912005 -0.0775240958 -0.3973735869 0.0767213702 0.9144441485
-208.0 -548.8 2676.0 0.9171134233 -0.0347141810 0.3971118927 0.0299442392 0.9993857145 0.0182079449 -0.3975000381 -0.0048075374 0.9175895452
-24.5 -171.8 2734.8 0.9670885205 0.1110415906 0.2289313227 -0.0805098787 0.9870614409 -0.1386646777 -0.2413668185 0.1156697869 0.9635156989
-67.6 -555.0 2689.9 0.9667114615 -0.0997733101 0.2356145829 0.1203822941 0.9899106026 -0.0747334287 -0.2257809639 0.1006094888 0.9689688683
-204.7 401.1 2562.5 0 0 0 0 0 0 0 0 0
124.7 -273.0 2618.3 0 0 0 0 0 0 0 0 0
-198.4 -825.8 2677.3 0 0 0 0 0 0 0 0 0
-37.7 -852.4 2659.7 0 0 0 0 0 0 0 0 0
-105.9 441.9 2716.0 5 0.9806520343 -0.0730373934 -0.1816236526 0.0565330982 0.9939231873 -0.0944494978 0.1874183118 0.0823543444 0.9788218141
-89.5 218.6 2697.5 0.9806520343 -0.0730373934 -0.1816236526 0.0565330982 0.9939231873 -0.0944494978 0.1874183118 0.0823543444 0.9788218141
-102.6 25.7 2714.4 0.9809697270 0.0670991242 -0.1821979433 -0.0498229787 0.9939581752 0.0977996215 0.1876594126 -0.0868608207 0.9783859849
-223.6 225.4 2671.9 0.6472861171 -0.7131300569 -0.2691953480 0.0699869543 0.4072704315 -0.9106221199 0.7590273023 0.5705928802 0.3135303259
-360.1 210.7 2511.8 -0.6146270633 -0.7131300569 -0.3371632099 -0.7546986938 0.4072704315 0.5143545866 -0.2294851243 0.5705928802 -0.7885177732
44.5 211.8 2723.2 0.1910608560 0.9098613858 0.3683042228 -0.9776591659 0.2098900378 -0.0113450829 -0.0876258463 -0.3579084277 0.9296361208
93.0 -36.8 2700.9 0.1335960627 0.9054228067 0.4029411674 -0.9387884140 0.2458932549 -0.2412732840 -0.3175348639 -0.3460433483 0.8828508258
-201.6 -162.0 2709.2 0.9219326973 0.0194328837 0.3868622780 0.0126070650 0.9967062473 -0.0801105276 -0.3871448338 0.0787337124 0.9186511040
-209.2 -549.0 2678.7 0.9213199019 -0.0375740342 0.3869856000 0.0351385139 0.9992930293 0.0133691253 -0.3872143328 0.0012808579 0.9219888449
-25.6 -171.9 2740.8 0.9706494212 0.1072515994 0.2152598947 -0.0741806328 0.9849298000 -0.1562386006 -0.2287727296 0.1356847882 0.9639775157
-67.2 -554.2 2688.1 0.9700057507 -0.0956072062 0.2234908342 0.1145027652 0.9907262921 -0.0731473267 -0.2144248337 0.0965436473 0.9719574451
-204.1 402.3 2570.0 0 0 0 0 0 0 0 0 0
126.7 -273.6 2620.8 0 0 0 0 0 0 0 0 0
-199.0 -821.0 2678.3 0 0 0 0 0 0 0 0 0
-38.7 -849.3 2659.4 0 0 0 0 0 0 0 0 0
-107.1 441.0 2717.5 6 0.9794745445 -0.0828629807 -0.1837478876 0.0639266446 0.9922346473 -0.1066950858 0.1911620796 0.0927587375 0.9771657586
-88.5 217.9 2696.6 0.9794745445 -0.0828629807 -0.1837478876 0.0639266446 0.9922346473 -0.1066950858 0.1911620796 0.0927587375 0.9771657586
-102.5 25.2 2715.7 0.9800998569 0.0721901581 -0.1849132329 -0.0523496978 0.9925496578 0.1100212559 0.1914780289 -0.0981516615 0.9765768647
-222.4 225.0 2670.5 0.6451216340 -0.7173245549 -0.2631798387 0.0826267079 0.4079141319 -0.9092738032 0.7595992088 0.5648465157 0.3224243820
-357.6 207.7 2511.2 -0.6072171330 -0.7173245549 -0.3416619897 -0.7635510564 0.4079141319 0.5005955100 -0.2197206914 0.5648465157 -0.7954063416
45.4 210.7 2722.8 0.1897261739 0.9107574821 0.3667761385 -0.9780800939 0.2079656869 -0.0104666613 -0.0858094469 -0.3567506671 0.9302503467
93.6 -37.6 2701.0 0.1354970187 0.9055064321 0.4021177590 -0.9351035357 0.2510119975 -0.2501486540 -0.3274475932 -0.3421273530 0.8807536364
-203.5 -162.7 2714.5 0.9234557152 0.0207692776 0.3831425607 0.0132532157 0.9962117076 -0.0859454349 -0.3834761381 0.0844446719 0.9196820855
-211.6 -549.5 2681.7 0.9225761890 -0.0420473963 0.3835168779 0.0457702428 0.9989518523 -0.0005820122 -0.3830904067 0.0180906113 0.9235336781
-27.8 -171.7 2748.1 0.9725022316 0.1026037931 0.2090739161 -0.0678611174 0.9836093187 -0.1670555472 -0.2227875888 0.1482739002 0.9635250568
-67.6 -553.5 2690.5 0.9711794853 -0.0978923738 0.2173188776 0.1175730973 0.9898744822 -0.0795301944 -0.2073330134 0.1027889475 0.9728553295
-203.1 402.0 2567.2 0 0 0 0 0 0 0 0 0
127.8 -273.6 2618.4 0 0 0 0 0 0 0 0 0
-200.1 -821.9 2676.7 0 0 0 0 0 0 0 0 0
-38.3 -849.5 2659.8 0 0 0 0 0 0 0 0 0
-107.1 440.8 2716.7 7 0.9793416858 -0.0902613923 -0.1809495687 0.0729745701 0.9923051000 -0.1000267640 0.1885857284 0.0847556591 0.9783924818
-86.9 218.8 2697.8 0.9793416858 -0.0902613923 -0.1809495687 0.0729745701 0.9923051000 -0.1000267640 0.1885857284 0.0847556591 0.9783924818
-101.5 26.0 2715.5 0.9803428650 0.0749159679 -0.1825253814 -0.0565481186 0.9929848909 0.1038424671 0.1890244186 -0.0914797485 0.9777020216
-220.9 226.5 2671.9 0.6566897035 -0.6985541582 -0.2842195630 0.1141350120 0.4645834863 -0.8781431317 0.7454742789 0.5442281365 0.3848166764
-361.1 202.1 2512.8 -0.6366387606 -0.6985541582 -0.3266698718 -0.7507402301 0.4645834863 0.4696288407 -0.1762957424 0.5442281365 -0.8202045560
47.0 211.0 2723.6 0.1833900660 0.9114302993 0.3683244586 -0.9789632559 0.2034142464 -0.0159255546 -0.0894374773 -0.3576555252 0.9295608997
93.2 -35.5 2701.1 0.0762173161 0.9121986628 0.4025972188 -0.9454221129 0.1944065094 -0.2615016103 -0.3168089390 -0.3606933653 0.8772299290
-204.3 -162.8 2717.6 0.9227508307 0.0250595994 0.3845815063 0.0160840247 0.9945103526 -0.1033944115 -0.3850613236 0.1015928984 0.9172822237
-214.0 -548.8 2678.2 0.9214977026 -0.0525671840 0.3848098814 0.0499997512 0.9986099005 0.0166821424 -0.3851518929 0.0038678420 0.9228450656
-28.7 -172.1 2751.9 0.9724172354 0.0995368585 0.2109433711 -0.0635175481 0.9831987023 -0.1711309999 -0.2244330794 0.1530121267 0.9624017477
-67.3 -553.8 2692.5 0.9711327553 -0.0955604017 0.2185619920 0.1171228960 0.9892197847 -0.0879002139 -0.2078060657 0.1109613925 0.9718560576
-199.3 392.9 2557.6 0 0 0 0 0 0 0 0 0
112.4 -273.4 2621.4 0 0 0 0 0 0 0 0 0
-199.3 -828.4 2677.1 0 0 0 0 0 0 0 0 0
-38.9 -847.8 2659.5 0 0 0 0 0 0 0 0 0
-109.0 440.8 2713.9 8 0.9766399860 -0.0923935771 -0.1940046847 0.0792274997 0.9940630198 -0.0745770410 0.1997433156 0.0574644096 0.9781617522
-88.5 219.4 2701.1 0.9766399860 -0.0923935771 -0.1940046847 0.0792274997 0.9940630198 -0.0745770410 0.1997433156 0.0574644096 0.9781617522
-101.7 26.5 2718.3 0.9782026410 0.0681907833 -0.1961367875 -0.0491148159 0.9937206507 0.1005336493 0.2017606497 -0.0887090564 0.9754093289
-222.1 226.1 2673.5 0.6267089248 -0.7102554440 -0.3205824792 0.0984260812 0.4802515507 -0.8715909123 0.7730124593 0.5146800876 0.3708855808
-355.9 205.1 2508.4 -0.6356596351 -0.7102554440 -0.3024466932 -0.7516844869 0.4802515507 0.4520274997 -0.1758045107 0.5146800876 -0.8391645551
45.2 212.7 2728.6 0.1946443021 0.9129578471 0.3586384952 -0.9754581451 0.2185358256 -0.0268979277 -0.1029320285 -0.3446013033 0.9330888987
93.8 -31.2 2702.9 -0.0163580645 0.9164445996 0.3998270929 -0.9431952238 0.1185690835 -0.3103612661 -0.3318360448 -0.3821919262 0.8624466062
-203.9 -161.7 2716.4 0.9273470044 0.0260767378 0.3732928336 0.0141533464 0.9944109321 -0.1046257913 -0.3739347756 0.1023077592 0.9217949510
-214.0 -547.7 2676.6 0.9261782765 -0.0508968569 0.3736352623 0.0468220450 0.9987034202 0.0199801866 -0.3741677403 -0.0010108476 0.9273604751
-28.2 -171.8 2750.2 0.9742512703 0.1038954109 0.2001003474 -0.0705783442 0.9834308028 -0.1669807434 -0.2141333818 0.1485584676 0.9654414654
-68.5 -553.6 2692.5 0.9733940363 -0.0975972265 0.2073133439 0.1189082935 0.9885470271 -0.0929277986 -0.1958694905 0.1151066422 0.9738509059
-194.2 396.4 2553.1 0 0 0 0 0 0 0 0 0
89.7 -268.5 2619.4 0 0 0 0 0 0 0 0 0
-199.9 -823.3 2676.9 0 0 0 0 0 0 0 0 0
-39.5 -848.0 2658.3 0 0 0 0 0 0 0 0 0
-106.3 439.5 2715.9 9 0.9744033813 -0.0774241537 -0.2110534459 0.0623456053 0.9950647950 -0.0771950707 0.2159886211 0.0620608851 0.9744215608
-89.2 219.3 2702.2 0.9744033813 -0.0774241537 -0.2110534459 0.0623456053 0.9950647950 -0.0771950707 0.2159886211 0.0620608851 0.9744215608
-103.0 26.5 2719.8 0.9747630358 0.0710502937 -0.2116338760 -0.0498515852 0.9933401346 0.1038757265 0.2176048309 -0.0907039344 0.9718132019
-222.3 226.1 2672.4 0.6272674799 -0.7177280188 -0.3023276329 0.0953913406 0.4560770988 -0.8848130703 0.7729398608 0.5261750221 0.3545473814
-355.6 205.8 2508.2 -0.6271599531 -0.7177280188 -0.3025506139 -0.7517300248 0.4560770988 0.4763356447 -0.2038930357 0.5261750221 -0.8255710006
44.0 212.5 2731.9 0.2042302191 0.9165466428 0.3438491821 -0.9736325145 0.2266518176 -0.0258595292 -0.1016355082 -0.3295014501 0.9386687279
94.3 -27.3 2706.9 -0.1057487950 0.9131166935 0.3937449455 -0.9288005233 0.0507283658 -0.3670915663 -0.3551714718 -0.4045300186 0.8427388072
-202.6 -162.0 2717.4 0.9333153367 0.0266801659 0.3580651581 0.0140095577 0.9937701821 -0.1105644777 -0.3587843776 0.1082078591 0.9271271825
-212.9 -547.8 2675.4 0.9321569800 -0.0509977117 0.3584446609 0.0461716577 0.9986908436 0.0220165513 -0.3590981960 -0.0039728992 0.9332913160
-27.3 -170.8 2753.6 0.9774554372 0.1052937657 0.1830138862 -0.0726775527 0.9815988541 -0.1765831858 -0.1982393414 0.1593011916 0.9671216607
-68.2 -551.8 2691.7 0.9766283631 -0.0971547812 0.1917237937 0.1156597510 0.9894016981 -0.0877902731 -0.1811625957 0.1079131961 0.9775146246
-196.9 396.1 2559.8 0 0 0 0 0 0 0 0 0
67.7 -261.0 2617.5 0 0 0 0 0 0 0 0 0
-198.9 -822.7 2676.5 0 0 0 0 0 0 0 0 0
-39.0 -849.4 2659.3 0 0 0 0 0 0 0 0 0
-104.8 451.8 2717.4 0 0.9732716084 -0.0677766427 -0.2194280624 0.0527665131 0.9958935380 -0.0735647455 0.2235129625 0.0600200258 0.9728512764
-89.0 219.7 2703.5 0.9732716084 -0.0677766427 -0.2194280624 0.0527665131 0.9958935380 -0.0735647455 0.2235129625 0.0600200258 0.9728512764
-103.6 26.9 2720.8 0.9728715420 0.0752677545 -0.2187595814 -0.0534665175 0.9931463599 0.1039307415 0.2250829190 -0.0894149467 0.9702281356
-221.9 227.0 2672.7 0.6194190383 -0.7315894365 -0.2847751677 0.0931339487 0.4286597669 -0.8986527920 0.7795165777 0.5301204324 0.3336558342
-354.3 207.1 2506.1 -0.6178737879 -0.7315894365 -0.2881125808 -0.7455220819 0.4286597669 0.5103406906 -0.2498576045 0.5301204324 -0.8102737069
43.9 212.4 2734.2 0.2041464746 0.9195309281 0.3358378410 -0.9739993811 0.2252140492 -0.0245736074 -0.0982315913 -0.3220892251 0.9415991902
94.2 -27.9 2710.0 -0.1648379266 0.9062195420 0.3893515170 -0.9118751287 0.0104312738 -0.4103351831 -0.3759151995 -0.4226787686 0.8246395588
-204.1 -161.9 2717.9 0.9361829162 0.0251069851 0.3506154120 0.0139517961 0.9940059781 -0.1084319949 -0.3512361944 0.1064038947 0.9302211404
-213.8 -547.8 2676.6 0.9351119995 -0.0487513095 0.3509827554 0.0454023220 0.9988107085 0.0177703183 -0.3514316678 -0.0006818052 0.9362133145
-29.4 -170.8 2756.9 0.9789364934 0.1066674367 0.1740843654 -0.0737738013 0.9798634052 -0.1855401695 -0.1903699934 0.1687891930 0.9670932889
-70.8 -551.2 2691.4 0.9771140814 -0.1054209098 0.1847553998 0.1212757230 0.9896513224 -0.0766974762 -0.1747579128 0.0973485261 0.9797871709
-198.1 395.6 2569.2 0 0 0 0 0 0 0 0 0
52.7 -257.9 2615.2 0 0 0 0 0 0 0 0 0
-200.5 -821.3 2676.8 0 0 0 0 0 0 0 0 0
-39.2 -848.3 2662.1 0 0 0 0 0 0 0 0 0
-106.8 453.9 2716.7 1 0.9691098332 -0.0718645528 -0.2359270602 0.0581424348 0.9962145686 -0.0646221265 0.2396780103 0.0489085652 0.9696196914
-89.9 219.8 2705.2 0.9691098332 -0.0718645528 -0.2359270602 0.0581424348 0.9962145686 -0.0646221265 0.2396780103 0.0489085652 0.9696196914
-104.6 26.8 2720.3 0.9688828588 0.0758572072 -0.2356092781 -0.0550223440 0.9940706491 0.0937875584 0.2413267344 -0.0779053792 0.9673117995
-222.3 227.3 2672.2 0.5986685157 -0.7313594222 -0.3266640604 0.0659101233 0.4514176846 -0.8898752332 0.7982805967 0.5112097859 0.3184535205
-348.8 213.4 2503.6 -0.6171324849 -0.7313594222 -0.2902772427 -0.7571013570 0.4514176846 0.4722494781 -0.2143478394 0.5112097859 -0.8322977424
42.4 212.3 2738.2 0.2083852440 0.9239220023 0.3208484054 -0.9716210961 0.2331023663 -0.0401962735 -0.1119287461 -0.3033667803 0.9462772012
94.1 -28.5 2710.4 -0.1985384673 0.9043703079 0.3777523041 -0.9025228620 -0.0184198953 -0.4302477837 -0.3821451664 -0.4263508320 0.8198719621
-205.4 -161.1 2718.0 0.9421451092 0.0141953137 0.3349046111 0.0204677321 0.9948024750 -0.0997451395 -0.3345798552 0.1008291319 0.9369577169
-210.9 -547.3 2678.9 0.9416252375 -0.0367572680 0.3346503079 0.0390127003 0.9992387295 -0.0000180938 -0.3343948722 0.0130726490 0.9423424006
-31.1 -170.7 2758.3 0.9826889038 0.0957163647 0.1586218476 -0.0657673180 0.9806639552 -0.1843174547 -0.1731969267 0.1706945747 0.9699825644
-68.2 -551.4 2692.1 0.9816259146 -0.0919346958 0.1672080606 0.1076873466 0.9903087020 -0.0877049044 -0.1575244665 0.1040996015 0.9820128679
-191.4 406.5 2558.2 0 0 0 0 0 0 0 0 0
43.8 -256.7 2613.8 0 0 0 0 0 0 0 0 0
-200.9 -820.1 2675.3 0 0 0 0 0 0 0 0 0
-41.2 -843.1 2661.4 0 0 0 0 0 0 0 0 0
-106.8 453.2 2716.8 2 0.9558527470 -0.0798741579 -0.2827818990 0.0637846217 0.9958007336 -0.0656691119 0.2868396640 0.0447328687 0.9569336176
-88.2 221.2 2706.4 0.9558527470 -0.0798741579 -0.2827818990 0.0637846217 0.9958007336 -0.0656691119 0.2868396640 0.0447328687 0.9569336176
-102.9 28.4 2723.0 0.9560743570 0.0759375319 -0.2831170857 -0.0481949151 0.9934394360 0.1037076786 0.2891349792 -0.0855074525 0.9534618258
-218.6 227.8 2667.0 0.5981383324 -0.7338683009 -0.3219748735 0.0458451435 0.4324455857 -0.9004938006 0.8000804782 0.5238588452 0.2923065722
-343.3 218.2 2500.1 -0.6072857976 -0.7338683009 -0.3043702841 -0.7632112503 0.4324455857 0.4801035225 -0.2207091898 0.5238588452 -0.8227146268
42.3 214.7 2745.9 0.2069903761 0.9366375804 0.2826039791 -0.9698415995 0.2344422042 -0.0666639358 -0.1286942363 -0.2602823079 0.9569174051
94.1 -28.2 2713.6 -0.2146968096 0.9152787924 0.3408372402 -0.8975416422 -0.0472870134 -0.4383867383 -0.3851289153 -0.4000358284 0.8316531777
-206.1 -161.2 2713.8 0.9572169781 0.0143713336 0.2890140414 0.0082517974 0.9970041513 -0.0769064352 -0.2892534733 0.0760010332 0.9542307258
-211.7 -548.1 2684.3 0.9565193653 -0.0366109051 0.2893620133 0.0440850779 0.9988403320 -0.0193521623 -0.2883179486 0.0312672630 0.9570240974
-32.6 -171.1 2757.1 0.9897461534 0.0899051577 0.1109936014 -0.0691117346 0.9814706445 -0.1787147820 -0.1250043362 0.1692113131 0.9776203036
-67.5 -552.1 2691.4 0.9890265465 -0.0879629925 0.1186972037 0.0988162532 0.9911289215 -0.0888751447 -0.1098265052 0.0996290892 0.9889450073
-187.0 414.7 2556.9 0 0 0 0 0 0 0 0 0
39.8 -255.6 2616.1 0 0 0 0 0 0 0 0 0
-201.6 -823.3 2675.7 0 0 0 0 0 0 0 0 0
-41.4 -845.7 2661.9 0 0 0 0 0 0 0 0 0
-108.5 449.3 2717.9 3 0.9508094192 -0.0848845690 -0.2979195416 0.0668801665 0.9952929616 -0.0701354519 0.3024706542 0.0467605367 0.9520109892
-88.9 219.7 2707.1 0.9508094192 -0.0848845690 -0.2979195416 0.0668801665 0.9952929616 -0.0701354519 0.3024706542 0.0467605367 0.9520109892
-103.7 26.7 2721.9 0.9513047934 0.0764384344 -0.2986240685 -0.0498050116 0.9941526651 0.0958118588 0.3042016327 -0.0762732998 0.9495492578
-218.7 226.5 2665.6 0.6083218455 -0.7229593396 -0.3275275528 0.0766197741 0.4642283618 -0.8823952675 0.7899835110 0.5116852522 0.3377932310
-349.7 210.0 2495.6 -0.6346738338 -0.7229593396 -0.2729814649 -0.7388784885 0.4642283618 0.4884163737 -0.2263794541 0.5116852522 -0.8288127184
41.0 212.9 2748.6 0.2164042741 0.9397267699 0.2647314668 -0.9684906006 0.2408661544 -0.0633202717 -0.1232686117 -0.2426871657 0.9622410536
94.3 -25.8 2718.3 -0.2177537829 0.9187990427 0.3292288184 -0.8936312199 -0.0520574786 -0.4457726777 -0.3924366832 -0.3912778199 0.8324032426
-203.2 -160.1 2713.7 0.9614560604 0.0290009305 0.2734249532 -0.0039360370 0.9957718253 -0.0917764902 -0.2749304771 0.0871628523 0.9575050473
-214.5 -546.6 2679.9 0.9604625702 -0.0440057069 0.2749093473 0.0472470447 0.9988698363 -0.0051764073 -0.2743708491 0.0179603994 0.9614562392
-32.1 -168.7 2765.5 0.9902691245 0.1028075591 0.0937960371 -0.0821890309 0.9759362340 -0.2019739747 -0.1123033985 0.1922995895 0.9748891592
-72.0 -547.5 2690.8 0.9890551567 -0.1033204719 0.1053319126 0.1124485731 0.9900368452 -0.0847488791 -0.0955261812 0.0956657380 0.9908192754
-188.8 397.3 2552.9 0 0 0 0 0 0 0 0 0
39.1 -252.4 2618.8 0 0 0 0 0 0 0 0 0
-202.3 -824.2 2674.9 0 0 0 0 0 0 0 0 0
-40.8 -846.9 2661.9 0 0 0 0 0 0 0 0 0
-108.8 447.4 2716.9 4 0.9536543489 -0.0684128478 -0.2930240929 0.0537468009 0.9968790412 -0.0578227639 0.2960653901 0.0393938199 0.9543550014
-93.3 221.5 2708.0 0.9536543489 -0.0684128478 -0.2930240929 0.0537468009 0.9968790412 -0.0578227639 0.2960653901 0.0393938199 0.9543550014
-105.1 28.1 2720.4 0.9540030360 0.0609426722 -0.2935372889 -0.0392937623 0.9960921407 0.0790977702 0.2972106338 -0.0639253333 0.9526696205
-223.5 226.8 2667.4 0.5855700970 -0.7458791137 -0.3174461126 0.0930432379 0.4508637488 -0.8877301812 0.8052642941 0.4902920425 0.3334113359
-351.1 206.5 2492.0 -0.6234788895 -0.7458791137 -0.2343895286 -0.7316091657 0.4508637488 0.5113412738 -0.2757210433 0.4902920425 -0.8267959952
37.0 216.1 2748.6 0.2294310629 0.5612196922 0.7952319384 -0.9670941234 0.2237422913 0.1211129203 -0.1099560633 -0.7968512177 0.5940856934
94.6 -26.7 2721.0 -0.2029563636 0.5612196922 0.8023971319 -0.8961709738 0.2237422913 -0.3831670880 -0.3945710659 -0.7968512177 0.4575388432
-203.7 -161.8 2709.5 0.9590801001 0.0281504747 0.2817320824 -0.0056663840 0.9967542291 -0.0803053305 -0.2830782831 0.0754228383 0.9561266303
-214.6 -548.7 2680.2 0.9576755762 -0.0525589064 0.2830106020 0.0578738265 0.9982692599 -0.0104462979 -0.2819717228 0.0263830721 0.9590598941
-33.4 -170.7 2764.0 0.9893187881 0.1016780511 0.1044506654 -0.0788572952 0.9759665728 -0.2031521201 -0.1225964651 0.1927455068 0.9735600948
-72.9 -549.5 2689.1 0.9872238040 -0.1089660302 0.1162563413 0.1187170520 0.9896577597 -0.0805222914 -0.1062797904 0.0932951346 0.9899498224
-193.8 391.2 2561.5 0 0 0 0 0 0 0 0 0
43.1 -254.1 2620.9 0 0 0 0 0 0 0 0 0
-200.4 -819.3 2673.1 0 0 0 0 0 0 0 0 0
-40.0 -848.3 2661.0 0 0 0 0 0 0 0 0 0
-109.1 445.1 2716.5 5 0.9564571977 -0.0784516484 -0.2811316550 0.0632501841 0.9960224628 -0.0627588853 0.2849369645 0.0422445536 0.9576148987
-91.2 217.9 2706.8 0.9564571977 -0.0784516484 -0.2811316550 0.0632501841 0.9960224628 -0.0627588853 0.2849369645 0.0422445536 0.9576148987
-105.1 24.7 2719.4 0.9568370581 0.0717963055 -0.2816170156 -0.0504128821 0.9953181744 0.0824639648 0.2862191200 -0.0647074506 0.9559767842
-221.8 224.8 2667.7 0.5758291483 -0.7537404299 -0.3166957200 0.0929472074 0.4452041984 -0.8905919790 0.8122693896 0.4833928347 0.3264196217
-349.5 204.2 2487.7 -0.6239923835 -0.7537404299 -0.2061768919 -0.7156150937 0.4452041984 0.5382269621 -0.3138926029 0.4833928347 -0.8171920180
39.5 211.0 2745.9 0.2289780229 0.5578539371 0.7977268100 -0.9696370363 0.2029996812 0.1363642216 -0.0858669728 -0.8047298789 0.5873982906
94.8 -23.0 2725.2 -0.1576286852 0.5655841231 0.8094861507 -0.9054762125 0.2443134934 -0.3470211923 -0.3940380514 -0.7876709700 0.4736121297
-202.4 -161.7 2706.2 0.9559651017 0.0305974744 0.2918810844 -0.0074112085 0.9967500567 -0.0802147761 -0.2933868766 0.0745193362 0.9530850053
-214.2 -548.6 2677.2 0.9545912147 -0.0513312854 0.2934633195 0.0496017300 0.9986799955 0.0133377956 -0.2937605977 0.0018241458 0.9558773041
-31.5 -168.7 2759.4 0.9871709943 0.1093906239 0.1163059473 -0.0876381025 0.9801205993 -0.1779978275 -0.1334651560 0.1655214727 0.9771333933
-74.0 -549.0 2695.2 0.9856308103 -0.1144061834 0.1242702529 0.1275046021 0.9864625335 -0.1031223983 -0.1107901111 0.1174856424 0.9868752360
-192.6 384.1 2566.6 0 0 0 0 0 0 0 0 0
54.8 -252.5 2625.3 0 0 0 0 0 0 0 0 0
-200.1 -824.4 2676.7 0 0 0 0 0 0 0 0 0
-39.6 -845.0 2659.9 0 0 0 0 0 0 0 0 0
-113.5 439.4 2717.2 6 0.9555373788 -0.0949545577 -0.2791629434 0.0779782161 0.9944002628 -0.0713265836 0.2843725085 0.0463865884 0.9575909972
-92.1 215.7 2706.8 0.9555373788 -0.0949545577 -0.2791629434 0.0779782161 0.9944002628 -0.0713265836 0.2843725085 0.0463865884 0.9575909972
-106.0 22.4 2718.4 0.9570656419 0.0714821666 -0.2809193730 -0.0515901260 0.9956498146 0.0775883496 0.2852435112 -0.0597644784 0.9565899372
-222.8 222.7 2667.8 0.5398320556 -0.7712955475 -0.3371714056 0.0732236728 0.4420579076 -0.8939927816 0.8385819197 0.4579170346 0.2951141298
-340.7 206.7 2484.7 -0.6062268615 -0.7712955475 -0.1938870996 -0.7293984890 0.4420579076 0.5220752954 -0.3169650137 0.4579170346 -0.8305692077
38.6 208.6 2745.7 0.2316130251 0.5596999526 0.7956703901 -0.9698448181 0.1966418028 0.1439896375 -0.0758710578 -0.8050266504 0.5883669257
95.1 -27.7 2727.3 -0.1277440041 0.5695933104 0.8119390011 -0.9098842144 0.2584895790 -0.3244901299 -0.3947051764 -0.7802221775 0.4852434397
-204.7 -164.0 2706.3 0.9557675123 0.0290491469 0.2926852107 -0.0049565039 0.9965602160 -0.0827235505 -0.2940814793 0.0776137859 0.9526238441
-216.0 -550.8 2676.2 0.9541518092 -0.0555602796 0.2941213250 0.0542923696 0.9984470606 0.0124806864 -0.2943579853 0.0040600733 0.9556866288
-33.3 -173.0 2757.6 0.9885708094 0.0942454040 0.1176669374 -0.0724665821 0.9814855456 -0.1772983819 -0.1321979612 0.1667450964 0.9770976305
-69.9 -553.9 2692.9 0.9870952368 -0.1003063843 0.1248263046 0.1128975153 0.9887372851 -0.0982480422 -0.1135655195 0.1110727564 0.9873022437
-188.8 389.5 2564.2 0 0 0 0 0 0 0 0 0
62.7 -258.4 2627.2 0 0 0 0 0 0 0 0 0
-201.1 -819.7 2675.1 0 0 0 0 0 0 0 0 0
-40.3 -846.2 2660.0 0 0 0 0 0 0 0 0 0
-115.5 437.1 2716.1 7 0.9559994936 -0.1048663035 -0.2739853561 0.0880231708 0.9934328198 -0.0730970204 0.2798514664 0.0457636565 0.9589519501
-92.0 214.4 2705.8 0.9559994936 -0.1048663035 -0.2739853561 0.0880231708 0.9934328198 -0.0730970204 0.2798514664 0.0457636565 0.9589519501
-107.4 21.4 2718.3 0.9578893781 0.0791535005 -0.2760120928 -0.0581090823 0.9948020577 0.0836194903 0.2811961770 -0.0640594140 0.9575098157
-222.8 222.4 2667.4 0.5318569541 -0.7740733624 -0.3434218764 0.0614778996 0.4397599399 -0.8960087299 0.8445996642 0.4554356337 0.2814777792
-337.6 209.1 2485.1 -0.6016513705 -0.7740733624 -0.1970432252 -0.7348774076 0.4397599399 0.5163006783 -0.3130029142 0.4554356337 -0.8334311843
38.9 206.5 2744.3 0.2316842377 0.5581324100 0.7967500687 -0.9706539512 0.1868955344 0.1513307244 -0.0644464418 -0.8084295392 0.5850541592
95.2 -29.4 2728.6 -0.1199676543 0.5675950050 0.8145205379 -0.9175877571 0.2498167902 -0.3092317581 -0.3789993227 -0.7844918370 0.4908483028
-205.6 -166.2 2704.4 0.9548398256 0.0214053914 0.2963488996 0.0020715881 0.9968976974 -0.0786809698 -0.2971137464 0.0757416412 0.9518333077
-213.9 -553.3 2675.0 0.9536468387 -0.0480584279 0.2970658541 0.0464100391 0.9988429546 0.0126033984 -0.2973278463 0.0017676462 0.9547737837
-34.1 -175.5 2755.5 0.9888895750 0.0862791315 0.1210507303 -0.0650023818 0.9833241701 -0.1698476374 -0.1336864233 0.1600919813 0.9780074358
-67.6 -557.2 2693.4 0.9877629280 -0.0899607167 0.1274029464 0.1021663398 0.9904345274 -0.0927445069 -0.1178409085 0.1046258733 0.9875054359
-186.6 393.5 2563.7 0 0 0 0 0 0 0 0 0
64.8 -262.2 2632.4 0 0 0 0 0 0 0 0 0
-201.0 -820.5 2674.5 0 0 0 0 0 0 0 0 0
-41.3 -846.9 2662.8 0 0 0 0 0 0 0 0 0
-115.1 447.0 2717.0 8 0.9520076513 -0.0927307010 -0.2916889489 0.0755539536 0.9947072268 -0.0696356744 0.2966024578 0.0442554466 0.9539750814
-93.4 214.8 2706.7 0.9520076513 -0.0927307010 -0.2916889489 0.0755539536 0.9947072268 -0.0696356744 0.2966024578 0.0442554466 0.9539750814
-106.5 21.6 2719.5 0.9535482526 0.0672238618 -0.2936438620 -0.0446553119 0.9955565929 0.0829036981 0.2979121804 -0.0659399182 0.9523131251
-223.7 220.9 2666.0 0.5302731991 -0.7687560916 -0.3575254381 0.0606692359 0.4550218880 -0.8884111047 0.8456533551 0.4494098425 0.2879257500
-337.2 207.9 2484.9 -0.6060811877 -0.7687560916 -0.2041560709 -0.7426576614 0.4550218880 0.4913397133 -0.2848249078 0.4494098425 -0.8467027545
36.8 208.7 2747.4 0.2357628196 0.5684708953 0.7881984115 -0.9692682028 0.1961805522 0.1484327763 -0.0702494830 -0.7989706397 0.5972528458
95.2 -31.4 2730.0 -0.1213534996 0.5793217421 0.8060146570 -0.9067811370 0.2655977905 -0.3274228573 -0.4037588835 -0.7706128359 0.4930868149
-208.5 -166.5 2705.5 0.9597343206 0.0083389999 0.2807855308 0.0131019484 0.9971426129 -0.0743968636 -0.2806036174 0.0750800595 0.9568827748
-211.8 -553.6 2676.4 0.9590601921 -0.0400951616 0.2803496122 0.0364070758 0.9991685152 0.0183529649 -0.2808523774 -0.0073948880 0.9597225189
-36.9 -177.0 2755.9 0.9909873605 0.0799824819 0.1074560881 -0.0633722097 0.9866586328 -0.1499621719 -0.1180168241 0.1418008953 0.9828349352
-67.9 -559.9 2700.9 0.9895397425 -0.0932512507 0.1100695953 0.1060585752 0.9874647260 -0.1168974563 -0.0977890119 0.1273484975 0.9870256782
-184.7 394.8 2556.6 0 0 0 0 0 0 0 0 0
64.5 -261.5 2627.6 0 0 0 0 0 0 0 0 0
-200.8 -826.6 2678.4 0 0 0 0 0 0 0 0 0
-40.9 -846.1 2664.0 0 0 0 0 0 0 0 0 0
-117.1 449.3 2716.0 9 0.9458930492 -0.0999155045 -0.3087121844 0.0828568712 0.9942444563 -0.0679166541 0.3137213290 0.0386629663 0.9487276077
-93.3 212.7 2706.8 0.9458930492 -0.0999155045 -0.3087121844 0.0828568712 0.9942444563 -0.0679166541 0.3137213290 0.0386629663 0.9487276077
-108.2 19.5 2719.0 0.9474764466 0.0767563879 -0.3104783595 -0.0531533584 0.9950644970 0.0837932825 0.3153776824 -0.0628891960 0.9468800426
-222.7 219.9 2663.7 0.5242512226 -0.7729738355 -0.3573123515 0.0512013137 0.4474486411 -0.8928427100 0.8500229716 0.4497790039 0.2741527557
-333.9 209.1 2483.4 -0.5987551212 -0.7729738355 -0.2097706199 -0.7488967776 0.4474486411 0.4888182878 -0.2839821875 0.4497790039 -0.8467897773
36.1 205.4 2749.9 0.2443734705 0.5834751725 0.7744923234 -0.9676862955 0.1979482621 0.1562042236 -0.0621681288 -0.7876377702 0.6129941940
95.5 -29.7 2734.8 -0.1301501095 0.5931482911 0.7945036888 -0.9045726657 0.2570652664 -0.3400966525 -0.4059670568 -0.7629499435 0.5030886531
-204.9 -167.7 2705.7 0.9647868276 0.0193733871 0.2623186111 0.0030721743 0.9963858724 -0.0848866999 -0.2630151212 0.0827034637 0.9612404704
-212.4 -554.5 2673.6 0.9636951685 -0.0463147946 0.2629573643 0.0445367433 0.9989267588 0.0127216224 -0.2632643282 -0.0005485020 0.9647235870
-34.1 -175.7 2759.0 0.9926816821 0.0838837773 0.0868711993 -0.0686093494 0.9837501049 -0.1659172624 -0.0993773192 0.1587428600 0.9823058844
-66.7 -557.5 2697.4 0.9917066693 -0.0906069800 0.0911498964 0.1007876322 0.9883425236 -0.1141091660 -0.0797482282 0.1223495975 0.9892778993
-183.7 397.0 2554.6 0 0 0 0 0 0 0 0 0
62.5 -259.3 2631.8 0 0 0 0 0 0 0 0 0
-200.1 -821.7 2673.7 0 0 0 0 0 0 0 0 0
-40.0 -848.6 2661.4 0 0 0 0 0 0 0 0 0
-117.0 447.1 2717.5 0 0.9413830638 -0.1004192084 -0.3220464289 0.0799327716 0.9938793182 -0.0762536451 0.3277326226 0.0460418276 0.9436479807
-93.1 210.4 2706.5 0.9413830638 -0.1004192084 -0.3220464289 0.0799327716 0.9938793182 -0.0762536451 0.3277326226 0.0460418276 0.9436479807
-108.1 17.2 2718.7 0.9429277778 0.0772087947 -0.3239229023 -0.0524328053 0.9950393438 0.0845430866 0.3288435042 -0.0627338365 0.9422984719
-221.9 217.6 2661.6 0.5069455504 -0.7828599811 -0.3607442677 0.0320656300 0.4353452325 -0.8996923566 0.8613814712 0.4445275366 0.2457992285
-330.9 210.7 2476.4 -0.5899216533 -0.7828599811 -0.1977945119 -0.7464643121 0.4353452325 0.5032549500 -0.3078692853 0.4445275366 -0.8411966562
35.7 203.2 2751.4 0.2455101460 0.6645369530 0.7057728767 -0.9672926664 0.2158486545 0.1332450509 -0.0637938678 -0.7154019475 0.6957947612
95.6 -32.7 2735.9 -0.1428084671 0.6645369530 0.7334823608 -0.9030423164 0.2158486545 -0.3713811338 -0.4051176608 -0.7154019475 0.5692799687
