-422.7 507.9 2696.7  -0.6101308465 -0.0770298019 -0.7885472775 -0.1479317248 0.9888361692 0.0178655684 0.7783678770 0.1275514960 -0.6147145629
-407.3 310.6 2671.2 -0.6101308465 -0.0770298019 -0.7885472775 -0.1479317248 0.9888361692 0.0178655684 0.7783678770 0.1275514960 -0.6147145629
-393.8 113.4 2649.8 -0.6116890311 -0.0678730458 -0.7881813049 -0.1266319156 0.9918663502 0.0128629906 0.7808974981 0.1076770574 -0.6153087020
-321.3 328.4 2561.4 -0.8824305534 -0.4413844645 0.1627760381 -0.4227836132 0.5922998190 -0.6858825684 0.2063256800 -0.6740627885 -0.7092735767
-108.3 430.5 2511.6 -0.4155870378 -0.4413844645 0.7952780724 -0.8007094860 0.5922998190 -0.0896951035 -0.4314530194 -0.6740627885 -0.5995728374
-493.3 292.8 2781.0 -0.1586802155 0.9415265918 -0.2972343564 -0.9105050564 -0.0231172871 0.4128512740 0.3818392158 0.3361447155 0.8609329462
-536.2 47.1 2884.1 -0.0495887958 0.9433891177 -0.3279602826 -0.9861261845 0.0058364831 0.1658947319 0.1584174186 0.3316367567 0.9300112724
-319.2 -75.6 2555.7 -0.2768200636 0.2976272106 -0.9136677384 0.0291536506 0.9529877901 0.3016028404 0.9604794383 0.0568529665 -0.2724830508
-437.5 -454.5 2533.1 -0.2996920645 0.1482822299 -0.9424420595 -0.1042526960 0.9768417478 0.1868464798 0.9483227730 0.1542485356 -0.2772928774
-436.4 -95.4 2700.0 -0.7197192311 0.0661474243 -0.6911069155 0.1154250950 0.9929974675 -0.0251617208 0.6846029758 -0.0978804529 -0.7223144174
-462.4 -485.3 2738.5 -0.6997458339 -0.1867484897 -0.6895511746 -0.2540539503 0.9671812654 -0.0041279877 0.6676918268 0.1722946465 -0.7242252231
0.6 640.3 2624.7 0 0 0 0 0 0 0 0 0
-549.1 -209.3 2925.3 0 0 0 0 0 0 0 0 0
-491.4 -809.7 2477.0 0 0 0 0 0 0 0 0 0
-401.7 -799.6 2682.5 0 0 0 0 0 0 0 0 0
-423.0 509.1 2686.7  -0.6362684369 -0.0845301002 -0.7668227553 -0.1445447356 0.9894385934 0.0108654816 0.7578055859 0.1177535504 -0.6417669058
-406.1 311.3 2663.2 -0.6362684369 -0.0845301002 -0.7668227553 -0.1445447356 0.9894385934 0.0108654816 0.7578055859 0.1177535504 -0.6417669058
-390.8 114.1 2642.6 -0.6375420690 -0.0769614503 -0.7665618658 -0.1289207637 0.9916252494 0.0076647238 0.7595522404 0.1037123203 -0.6421247125
-316.5 329.4 2556.4 -0.8792605400 -0.4454707205 0.1686912179 -0.4288629889 0.5861932039 -0.6873529553 0.2073099762 -0.6767077446 -0.7064624429
-108.5 430.9 2507.3 -0.4481324852 -0.4454707205 0.7750697732 -0.8003402352 0.5861932039 -0.1258294135 -0.3982872665 -0.6767077446 -0.6192203760
-495.8 293.1 2770.0 -0.1667891890 0.9294872880 -0.3289904296 -0.9108498693 -0.0174882319 0.4123671055 0.3775365353 0.3684392571 0.8495402932
-540.8 47.3 2871.9 -0.0496925563 0.9313468337 -0.3607267439 -0.9861547351 0.0114576360 0.1654315591 0.1582072228 0.3639530838 0.9178826809
-324.2 -72.1 2556.8 -0.3082226217 0.2874257267 -0.9068546295 0.0345652960 0.9560192227 0.2912602723 0.9506860971 0.0584273040 -0.3046016991
-438.5 -452.2 2533.6 -0.3306799531 0.1407075673 -0.9331945777 -0.1006909683 0.9779183865 0.1831311435 0.9383560419 0.1545220613 -0.3092100322
-434.0 -94.8 2691.6 -0.7435041666 0.0641116798 -0.6656509638 0.1124846563 0.9932010770 -0.0299812108 0.6592031121 -0.0971666798 -0.7456607223
-459.2 -484.9 2729.8 -0.7209784389 -0.1977419406 -0.6641446948 -0.2568138540 0.9664194584 -0.0089504765 0.6436122656 0.1641084701 -0.7475504279
6.9 637.0 2609.9 0 0 0 0 0 0 0 0 0
-553.7 -209.1 2913.0 0 0 0 0 0 0 0 0 0
-489.9 -810.0 2477.0 0 0 0 0 0 0 0 0 0
-394.9 -798.9 2676.5 0 0 0 0 0 0 0 0 0
-423.3 508.3 2681.2  -0.6717469096 -0.0851082504 -0.7358754277 -0.1390749961 0.9902037978 0.0124323778 0.7276085615 0.1106932834 -0.6770027876
-406.4 310.9 2659.2 -0.6717469096 -0.0851082504 -0.7358754277 -0.1390749961 0.9902037978 0.0124323778 0.7276085615 0.1106932834 -0.6770027876
-391.8 113.5 2640.3 -0.6733111143 -0.0732839629 -0.7357184291 -0.1194922626 0.9927799702 0.0104667973 0.7296394706 0.0949600711 -0.6772066355
-311.7 327.7 2556.6 -0.8670582771 -0.4637700915 0.1820089817 -0.4554713666 0.5898558497 -0.6667952538 0.2018806338 -0.6610502005 -0.7226734161
-105.2 436.2 2508.6 -0.4446898997 -0.4637700915 0.7662690282 -0.8003270626 0.5898558497 -0.1074555591 -0.4021535814 -0.6610502005 -0.6334707141
-501.0 294.0 2761.7 -0.1919658631 0.9110941291 -0.3647692204 -0.9075058699 -0.0233001541 0.4193925858 0.3736069500 0.4115392864 0.8312961459
-552.8 49.2 2862.5 -0.0654728934 0.9134054780 -0.4017507732 -0.9848772287 0.0055682757 0.1731642038 0.1604061872 0.4070127606 0.8992276788
-317.1 -71.2 2552.4 -0.3461200893 0.3005199730 -0.8887568116 0.0608272925 0.9525048137 0.2983866632 0.9362162948 0.0492169522 -0.3479608595
-436.6 -449.8 2532.8 -0.3722753823 0.1416212320 -0.9172537327 -0.0903982669 0.9780580401 0.1876981556 0.9237094522 0.1527935565 -0.3513046205
-439.0 -94.8 2688.3 -0.7724382877 0.0770834014 -0.6303945184 0.1220955774 0.9921150208 -0.0282929149 0.6232429743 -0.0988229141 -0.7757591605
-469.3 -484.4 2727.1 -0.7524222136 -0.1967108548 -0.6286220551 -0.2472232282 0.9689311385 -0.0072906064 0.6105256081 0.1499243528 -0.7776767612
9.9 643.3 2612.6 0 0 0 0 0 0 0 0 0
-569.8 -206.9 2904.2 0 0 0 0 0 0 0 0 0
-489.0 -812.1 2476.2 0 0 0 0 0 0 0 0 0
-405.4 -799.2 2678.4 0 0 0 0 0 0 0 0 0
-424.5 506.1 2679.5  -0.6845924258 -0.0847428069 -0.7239833474 -0.1333030760 0.9910243750 0.0100500816 0.7166334391 0.1033894196 -0.6897442341
-407.6 308.7 2658.9 -0.6845924258 -0.0847428069 -0.7239833474 -0.1333030760 0.9910243750 0.0100500816 0.7166334391 0.1033894196 -0.6897442341
-393.2 111.2 2641.5 -0.6861796975 -0.0725197345 -0.7238082290 -0.1132731363 0.9935329556 0.0078404499 0.7185587287 0.0873679891 -0.6899566650
-311.1 324.6 2557.9 -0.8491172791 -0.4887338877 0.2003473043 -0.4884085655 0.5820367336 -0.6501464248 0.2011390924 -0.6499018669 -0.7329192162
-101.2 445.4 2508.2 -0.4196111858 -0.4887338877 0.7648958564 -0.8099310994 0.5820367336 -0.0724217221 -0.4098025262 -0.6499018669 -0.6400699019
-504.1 292.7 2759.9 -0.2007251680 0.9037442207 -0.3780949712 -0.9045431018 -0.0227738637 0.4257735014 0.3761796653 0.4274666607 0.8220468760
-558.2 48.6 2861.5 -0.0706765652 0.9062070847 -0.4168855846 -0.9836516976 0.0060796947 0.1799788326 0.1656326354 0.4227904975 0.8909624219
-315.6 -72.9 2554.6 -0.3651109934 0.3092163503 -0.8781111836 0.0585298054 0.9489861727 0.3098379374 0.9291222692 0.0617295615 -0.3645836711
-438.5 -450.2 2530.0 -0.3884569108 0.1372020692 -0.9111952782 -0.0810656622 0.9799305201 0.1821113527 0.9178941250 0.1446090639 -0.3695383966
-441.7 -96.8 2690.0 -0.7828485966 0.0812395439 -0.6168859005 0.1279639602 0.9912673235 -0.0318475403 0.6089115739 -0.1038709655 -0.7864080071
-473.6 -486.0 2730.8 -0.7634837031 -0.1970613599 -0.6150280237 -0.2416938990 0.9702917933 -0.0108575104 0.5988962054 0.1403589845 -0.7884305120
8.4 656.8 2615.1 0 0 0 0 0 0 0 0 0
-576.6 -207.1 2904.5 0 0 0 0 0 0 0 0 0
-489.4 -813.2 2476.5 0 0 0 0 0 0 0 0 0
-409.6 -801.3 2685.2 0 0 0 0 0 0 0 0 0
-422.9 506.5 2678.6 0 -0.6774277091 -0.0807197839 -0.7311470509 -0.1269560307 0.9918750525 0.0081236679 0.7245508432 0.0983267277 -0.6821715236
-406.8 308.5 2659.0 -0.6774277091 -0.0807197839 -0.7311470509 -0.1269560307 0.9918750525 0.0081236679 0.7245508432 0.0983267277 -0.6821715236
-392.8 110.8 2642.9 -0.6789194345 -0.0703593940 -0.7308337092 -0.1073454022 0.9942137003 0.0040044747 0.7263231874 0.0811703578 -0.6825438142
-311.3 323.6 2556.9 -0.8519228697 -0.4866202176 0.1934637427 -0.4813037217 0.5820434093 -0.6554176211 0.2063351870 -0.6514800191 -0.7300681472
-103.2 441.2 2506.4 -0.4377587736 -0.4866202176 0.7560211420 -0.8078096509 0.5820434093 -0.0931080580 -0.3947288394 -0.6514800191 -0.6478911042
-502.3 293.4 2761.2 -0.1979821771 0.9080678225 -0.3690743148 -0.9015635252 -0.0209252704 0.4321404397 0.3846898675 0.4183000624 0.8228236437
-555.8 50.0 2865.0 -0.0701554567 0.9105192423 -0.4074713886 -0.9823633432 0.0079113720 0.1868145913 0.1733219475 0.4133909941 0.8939056993
-315.9 -76.0 2558.3 -0.3645073175 0.3036771715 -0.8802922964 0.0376456566 0.9493633509 0.3119166791 0.9304392338 0.0805567354 -0.3574820459
-436.6 -453.3 2526.3 -0.3827443421 0.1438904405 -0.9125800133 -0.0710750371 0.9802827239 0.1843749285 0.9211162329 0.1354301274 -0.3649706542
-441.1 -96.7 2693.4 -0.7764005661 0.0813664943 -0.6249653697 0.1332609504 0.9904046655 -0.0366070159 0.6159900427 -0.1117051840 -0.7797937393
-473.1 -485.6 2737.2 -0.7575597763 -0.1945422143 -0.6231023073 -0.2366224974 0.9714759588 -0.0156273097 0.6083691120 0.1356014013 -0.7819842100
11.6 653.0 2609.9 0 0 0 0 0 0 0 0 0
-574.0 -205.3 2910.1 0 0 0 0 0 0 0 0 0
-489.6 -813.9 2476.5 0 0 0 0 0 0 0 0 0
-409.9 -801.2 2693.2 0 0 0 0 0 0 0 0 0
-427.2 502.7 2678.7 1 -0.6879585385 -0.0956147239 -0.7194240093 -0.1444424093 0.9894911051 0.0066170511 0.7112309337 0.1084675863 -0.6945396662
-408.0 304.3 2657.0 -0.6879585385 -0.0956147239 -0.7194240093 -0.1444424093 0.9894911051 0.0066170511 0.7112309337 0.1084675863 -0.6945396662
-391.5 107.1 2638.9 -0.6898805499 -0.0831930488 -0.7191270590 -0.1231393814 0.9923838377 0.0033262901 0.7133733630 0.0908476040 -0.6948705912
-311.0 321.7 2556.6 -0.8485282660 -0.4953992665 0.1859552264 -0.4782987535 0.5677453279 -0.6699966788 0.2263406515 -0.6574532390 -0.7186968327
-103.3 438.7 2501.2 -0.4293390512 -0.4953992665 0.7551473975 -0.8179790378 0.5677453279 -0.0926040635 -0.3828554153 -0.6574532390 -0.6489814520
-505.1 287.0 2757.3 -0.1939798295 0.9010375142 -0.3879474401 -0.9079542160 -0.0151539352 0.4187952578 0.3714713156 0.4334763587 0.8210403919
-557.4 42.0 2857.6 -0.0616511293 0.9032371044 -0.4246903956 -0.9849531651 0.0137713375 0.1722719818 0.1614509970 0.4289208949 0.8887971640
-316.6 -77.0 2560.1 -0.3739863634 0.2979457378 -0.8782724738 0.0447336845 0.9516845345 0.3038015962 0.9263547063 0.0743292943 -0.3692452610
-435.0 -455.3 2530.6 -0.3958159387 0.1515123248 -0.9057448506 -0.0769890249 0.9773487449 0.1971348226 0.9150969386 0.1477615237 -0.3751854300
-438.2 -101.5 2686.3 -0.7882416248 0.0717252791 -0.6111714840 0.1175629720 0.9924430251 -0.0351534262 0.6040315032 -0.0995605364 -0.7907171845
-466.4 -491.2 2725.4 -0.7649646997 -0.2081321031 -0.6095162034 -0.2520073652 0.9676220417 -0.0141365798 0.5927236080 0.1427885741 -0.7926475406
10.3 655.1 2602.5 0 0 0 0 0 0 0 0 0
-573.4 -214.1 2899.5 0 0 0 0 0 0 0 0 0
-490.6 -813.4 2476.5 0 0 0 0 0 0 0 0 0
-398.7 -805.5 2679.0 0 0 0 0 0 0 0 0 0
-428.2 498.1 2677.7 2 -0.6991564631 -0.1069252267 -0.7069280148 -0.1603662223 0.9870136380 0.0093141273 0.6967517138 0.1198794022 -0.7072241902
-406.8 300.8 2653.8 -0.6991564631 -0.1069252267 -0.7069280148 -0.1603662223 0.9870136380 0.0093141273 0.6967517138 0.1198794022 -0.7072241902
-388.6 103.9 2633.0 -0.7013670206 -0.0911057740 -0.7069540620 -0.1382934302 0.9903450012 0.0095738955 0.6992561817 0.1044819131 -0.7071946859
-308.1 320.2 2555.4 -0.8402464390 -0.5001339316 0.2094086856 -0.4988953471 0.5618882775 -0.6598370671 0.2123426199 -0.6588987708 -0.7216390967
-107.8 439.2 2504.8 -0.4405640960 -0.5001339316 0.7454993725 -0.8201673627 0.5618882775 -0.1077357084 -0.3650051057 -0.6588987708 -0.6577413678
-505.4 281.3 2752.1 -0.1945309192 0.8934627175 -0.4048234820 -0.9147188663 -0.0162148979 0.4037653506 0.3541851044 0.4488445222 0.8204215169
-557.9 34.5 2847.7 -0.0580605008 0.8955551982 -0.4411460459 -0.9876748919 0.0128093045 0.1559944600 0.1453524232 0.4447659850 0.8837736845
-311.7 -78.9 2555.5 -0.3803222179 0.3108549416 -0.8710477948 0.0597599708 0.9481135607 0.3122650087 0.9229212999 0.0667075291 -0.3791653216
-435.2 -455.8 2529.0 -0.4043453336 0.1480552107 -0.9025433660 -0.0746007860 0.9781836867 0.1938850582 0.9115588665 0.1457269639 -0.3844789863
-434.8 -105.6 2676.4 -0.7993553877 0.0670115426 -0.5971100330 0.1033953950 0.9942783713 -0.0268318094 0.5918955207 -0.0831865817 -0.8017104864
-461.1 -496.0 2709.1 -0.7734829187 -0.2168717533 -0.5955592990 -0.2658261359 0.9640035629 -0.0057981927 0.5753787160 0.1538304240 -0.8032904267
8.5 655.7 2601.1 0 0 0 0 0 0 0 0 0
-573.0 -222.3 2885.5 0 0 0 0 0 0 0 0 0
-489.3 -812.9 2475.8 0 0 0 0 0 0 0 0 0
-390.7 -809.2 2659.1 0 0 0 0 0 0 0 0 0
-428.1 499.4 2675.8 3 -0.7226320505 -0.1047300026 -0.6832528710 -0.1512215286 0.9884639978 0.0084239459 0.6744886637 0.1094099581 -0.7301332355
-407.2 301.7 2653.9 -0.7226320505 -0.1047300026 -0.6832528710 -0.1512215286 0.9884639978 0.0084239459 0.6744886637 0.1094099581 -0.7301332355
-389.4 104.7 2634.6 -0.7245386243 -0.0896717310 -0.6833760142 -0.1318059862 0.9912282825 0.0096775033 0.6765137911 0.0970847756 -0.7300024629
-305.3 320.3 2558.8 -0.8324131966 -0.5159659386 0.2021570206 -0.5093200803 0.5685930252 -0.6459836960 0.2183604985 -0.6406880021 -0.7360961437
-107.0 441.6 2506.7 -0.4379986227 -0.5159659386 0.7361632586 -0.8178873062 0.5685930252 -0.0881039426 -0.3731186986 -0.6406880021 -0.6710449457
-509.1 283.2 2749.0 -0.2105392218 0.8781680465 -0.4295278192 -0.9122339487 -0.0185348317 0.4092501402 0.3514291644 0.4779930711 0.8049970269
-565.9 37.0 2843.9 -0.0677119121 0.8805346489 -0.4691202939 -0.9867357016 0.0104294606 0.1619995236 0.1475388557 0.4738670588 0.8681487441
-306.2 -80.2 2548.2 -0.3985498548 0.3330002129 -0.8545576930 0.0993109569 0.9419474602 0.3207370937 0.9117540121 0.0429627746 -0.4084836245
-438.5 -454.5 2531.1 -0.4296954274 0.1342231184 -0.8929423094 -0.0781487897 0.9796521664 0.1848631799 0.8995857835 0.1492172182 -0.4104626775
-438.0 -104.4 2677.3 -0.8177862167 0.0746499524 -0.5706602335 0.1098659560 0.9935666919 -0.0274719726 0.5649381876 -0.0851623341 -0.8207266331
-467.3 -494.6 2710.8 -0.7932553291 -0.2168836296 -0.5689529181 -0.2594223917 0.9657424688 -0.0064425864 0.5508592725 0.1424885094 -0.8223448396
8.5 657.3 2605.1 0 0 0 0 0 0 0 0 0
-583.5 -219.5 2882.2 0 0 0 0 0 0 0 0 0
-487.8 -814.4 2476.3 0 0 0 0 0 0 0 0 0
-396.8 -808.3 2664.5 0 0 0 0 0 0 0 0 0
-427.1 498.1 2676.3 4 -0.7497075796 -0.1031917334 -0.6536742449 -0.1622323096 0.9862852097 0.0303672943 0.6415755749 0.1288136691 -0.7561665177
-406.5 300.4 2650.4 -0.7497075796 -0.1031917334 -0.6536742449 -0.1622323096 0.9862852097 0.0303672943 0.6415755749 0.1288136691 -0.7561665177
-388.5 103.6 2628.7 -0.7519143224 -0.0900707245 -0.6530789137 -0.1396674067 0.9899007678 0.0242801402 0.6442964077 0.1094704270 -0.7569004893
-300.8 320.0 2559.9 -0.8184490800 -0.5310829878 0.2192987353 -0.5279921293 0.5446085930 -0.6516331434 0.2266392857 -0.6491165757 -0.7261420488
-107.7 444.5 2506.4 -0.4006814659 -0.5310829878 0.7465957403 -0.8364328742 0.5446085930 -0.0614935085 -0.3739443421 -0.6491165757 -0.6624298692
-512.2 280.8 2741.0 -0.2275510281 0.8579739332 -0.4605445564 -0.9170126319 -0.0297040325 0.3977505863 0.3275796175 0.5128337145 0.7935320735
-573.5 33.4 2829.4 -0.0767841041 0.8606019616 -0.5034565330 -0.9887334108 -0.0006493249 0.1496856213 0.1284928322 0.5092777610 0.8509557843
-305.1 -80.3 2553.3 -0.4277791083 0.3417421281 -0.8367899060 0.1062086523 0.9383631945 0.3289289176 0.8976217508 0.0518345870 -0.4377081394
-441.0 -453.2 2532.7 -0.4595356882 0.1279853582 -0.8788894415 -0.0771178231 0.9800757170 0.1830420643 0.8848049641 0.1518923938 -0.4405098259
-439.5 -105.9 2666.0 -0.8397255540 0.0811948553 -0.5369063616 0.1038254872 0.9945233464 -0.0119848372 0.5329927802 -0.0658085346 -0.8435567021
-471.3 -496.4 2691.8 -0.8158413768 -0.2193212509 -0.5350710154 -0.2651193738 0.9641733170 0.0090299286 0.5139207840 0.1492246836 -0.8447588086
-2.9 663.3 2604.2 0 0 0 0 0 0 0 0 0
-593.5 -223.6 2862.8 0 0 0 0 0 0 0 0 0
-488.5 -817.2 2476.3 0 0 0 0 0 0 0 0 0
-400.1 -809.7 2643.3 0 0 0 0 0 0 0 0 0
-428.0 498.5 2676.0 5 -0.7319075465 -0.1004005224 -0.6739666462 -0.1563473940 0.9874414802 0.0226898436 0.6632245779 0.1219797954 -0.7384132743
-407.8 300.2 2651.5 -0.7319075465 -0.1004005224 -0.6739666462 -0.1563473940 0.9874414802 0.0226898436 0.6632245779 0.1219797954 -0.7384132743
-389.6 103.4 2629.9 -0.7334072590 -0.0915305018 -0.6735993028 -0.1408976763 0.9898436666 0.0189051367 0.6650275588 0.1087737381 -0.7388549447
-304.7 320.0 2558.0 -0.8115438819 -0.5306506753 0.2445535809 -0.5463635325 0.5408562422 -0.6395009160 0.2070832700 -0.6525982022 -0.7288566828
-111.4 450.1 2508.7 -0.3960996866 -0.5306506753 0.7493429780 -0.8389399648 0.5408562422 -0.0604505055 -0.3732087314 -0.6525982022 -0.6594170332
-510.9 280.4 2745.0 -0.2144864202 0.8717615604 -0.4404853880 -0.9168924689 -0.0242886934 0.3983946741 0.3366063237 0.4893279672 0.8045211434
-568.8 33.0 2835.9 -0.0688961148 0.8741615415 -0.4807233512 -0.9886271358 0.0047430429 0.1503125429 0.1336775422 0.4856121242 0.8638930321
-301.6 -80.4 2547.9 -0.4045937061 0.3458955884 -0.8465578556 0.1045031324 0.9371326566 0.3329586387 0.9085059166 0.0462450124 -0.4153051376
-439.1 -452.9 2529.5 -0.4354270101 0.1302599162 -0.8907500505 -0.0745677277 0.9808567762 0.1798878610 0.8971304297 0.1447492391 -0.4173783362
-438.6 -106.2 2669.2 -0.8253169656 0.0749930441 -0.5596677065 0.1019516736 0.9946429729 -0.0170657262 0.5553897619 -0.0711436942 -0.8285413384
-468.0 -496.8 2697.2 -0.8003308773 -0.2194452137 -0.5579555035 -0.2670143247 0.9636843204 0.0039857971 0.5368182659 0.1521720588 -0.8298612833
-9.4 666.2 2604.9 0 0 0 0 0 0 0 0 0
-586.7 -224.0 2870.6 0 0 0 0 0 0 0 0 0
-487.8 -819.0 2475.5 0 0 0 0 0 0 0 0 0
-396.7 -809.9 2647.7 0 0 0 0 0 0 0 0 0
-425.7 501.6 2668.4 6 -0.7247899771 -0.1007973552 -0.6815565825 -0.1475178748 0.9890024662 0.0106090177 0.6729918122 0.1082310900 -0.7316884995
-405.4 302.6 2646.6 -0.7247899771 -0.1007973552 -0.6815565825 -0.1475178748 0.9890024662 0.0106090177 0.6729918122 0.1082310900 -0.7316884995
-386.9 105.7 2627.1 -0.7260017991 -0.0930608064 -0.6813670397 -0.1351420432 0.9907882810 0.0086734677 0.6742833257 0.0983782858 -0.7318904996
-303.3 321.6 2551.8 -0.8079530597 -0.5279828906 0.2616217136 -0.5599552393 0.5497176647 -0.6198875308 0.1834719479 -0.6473364830 -0.7397928834
-112.9 453.6 2508.5 -0.3883949220 -0.5279828906 0.7552373409 -0.8341550231 0.5497176647 -0.0446747802 -0.3915798068 -0.6473364830 -0.6539271474
-507.5 283.6 2741.5 -0.2085754573 0.8769059777 -0.4330498576 -0.9134335518 -0.0164414719 0.4066556990 0.3494788408 0.4803806543 0.8044246435
-563.8 37.1 2835.8 -0.0648891553 0.8791915774 -0.4720292389 -0.9871816039 0.0125629818 0.1591059119 0.1458146721 0.4763028324 0.8671064973
-304.1 -80.4 2547.3 -0.4015949667 0.3353067040 -0.8522270322 0.0965117961 0.9408777356 0.3247068524 0.9107178450 0.0481506810 -0.4102128148
-437.4 -454.5 2528.2 -0.4311960340 0.1365997046 -0.8918578625 -0.0716423467 0.9801682830 0.1847632974 0.8994094133 0.1435640007 -0.4128583670
-434.9 -103.7 2669.3 -0.8197063804 0.0716291741 -0.5682874918 0.1062984988 0.9939386249 -0.0280466340 0.5628339648 -0.0833981112 -0.8223519325
-463.1 -493.9 2702.1 -0.7939119339 -0.2204959095 -0.5666439533 -0.2629555762 0.9647825360 -0.0070009069 0.5482318401 0.1434440911 -0.8239330053
-12.9 668.4 2609.4 0 0 0 0 0 0 0 0 0
-580.7 -219.5 2873.7 0 0 0 0 0 0 0 0 0
-488.1 -817.8 2475.0 0 0 0 0 0 0 0 0 0
-391.4 -807.4 2655.5 0 0 0 0 0 0 0 0 0
-425.3 504.8 2672.6 7 -0.7405644059 -0.0952131972 -0.6652058363 -0.1423082799 0.9896802306 0.0167734995 0.6567440629 0.1070861667 -0.7464715838
-406.3 307.0 2651.2 -0.7405644059 -0.0952131972 -0.6652058363 -0.1423082799 0.9896802306 0.0167734995 0.6567440629 0.1070861667 -0.7464715838
-389.2 109.8 2632.4 -0.7419555783 -0.0860202685 -0.6649078727 -0.1270981282 0.9917980433 0.0135152899 0.6582917571 0.0945362896 -0.7468031049
-301.9 324.8 2558.6 -0.8013675213 -0.5546370149 0.2240264118 -0.5625513196 0.5714852810 -0.5974450707 0.2033373564 -0.6047994494 -0.7699815631
-112.2 458.1 2510.4 -0.3831661344 -0.5546370149 0.7386213541 -0.8206050992 0.5714852810 0.0034372215 -0.4240176380 -0.6047994494 -0.6741117835
-510.7 289.1 2743.8 -0.2248025537 0.8658565879 -0.4469409585 -0.9107736349 -0.0236798674 0.4122264087 0.3463454545 0.4997316003 0.7939226627
-571.4 43.3 2837.3 -0.0773513913 0.8685014248 -0.4896141887 -0.9862517118 0.0052729789 0.1651658267 0.1460284740 0.4956586361 0.8561531305
-301.8 -78.9 2545.7 -0.4164354801 0.3422408700 -0.8422901630 0.1137576997 0.9387770295 0.3252028227 0.9020203352 0.0396090001 -0.4298726022
-437.8 -452.1 2529.9 -0.4497950077 0.1353238076 -0.8828204274 -0.0712714493 0.9798641205 0.1865118593 0.8902835846 0.1468120068 -0.4310932755
-440.1 -99.0 2673.9 -0.8309259415 0.0827721804 -0.5501916409 0.1150211394 0.9930654764 -0.0243112668 0.5443640351 -0.0834845304 -0.8346844316
-472.7 -488.9 2706.7 -0.8082806468 -0.2145536989 -0.5483148098 -0.2544858158 0.9670709968 -0.0032694805 0.5309607983 0.1368956715 -0.8362656236
-13.5 669.3 2619.6 0 0 0 0 0 0 0 0 0
-591.5 -213.0 2875.2 0 0 0 0 0 0 0 0 0
-488.2 -816.9 2475.3 0 0 0 0 0 0 0 0 0
-402.9 -803.1 2662.2 0 0 0 0 0 0 0 0 0
-431.0 501.6 2675.7 8 -0.6758714914 -0.1018149927 -0.7299530506 -0.1512356550 0.9884954095 0.0021538518 0.7213359475 0.1118506566 -0.6834939122
-410.6 303.2 2653.2 -0.6758714914 -0.1018149927 -0.7299530506 -0.1512356550 0.9884954095 0.0021538518 0.7213359475 0.1118506566 -0.6834939122
-391.8 106.3 2633.6 -0.6773160100 -0.0947850123 -0.7295606732 -0.1366936862 0.9906117320 -0.0017960427 0.7228816152 0.0985098481 -0.6839137077
-315.7 322.3 2552.0 -0.8073832393 -0.5380504131 0.2421447039 -0.5705046654 0.6072018147 -0.5530194044 0.1505215913 -0.5846432447 -0.7972047925
-114.4 464.6 2514.4 -0.3947893083 -0.5380504131 0.7447437048 -0.7943528295 0.6072018147 0.0175941978 -0.4616762698 -0.5846432447 -0.6671186686
-505.5 284.1 2754.5 -0.1758610755 0.9075884819 -0.3812559247 -0.9135595560 -0.0061909361 0.4066579044 0.3667176962 0.4198152721 0.8302248120
-552.9 37.9 2853.4 -0.0460164919 0.9093216658 -0.4135414958 -0.9869140983 0.0226609893 0.1596464962 0.1545412838 0.4154763222 0.8963795900
-304.1 -75.7 2553.2 -0.3506849706 0.3346469402 -0.8746607900 0.0678233504 0.9405971766 0.3326813579 0.9340342879 0.0573439300 -0.3525501788
-437.1 -449.6 2530.4 -0.3766348660 0.1343740672 -0.9165641069 -0.0880220905 0.9797555804 0.1798084080 0.9221704006 0.1484000087 -0.3571822345
-434.8 -103.1 2679.9 -0.7805248499 0.0568750501 -0.6225320697 0.1023252606 0.9940447211 -0.0374776982 0.6166931391 -0.0929530337 -0.7816963792
-457.2 -493.3 2716.4 -0.7527728081 -0.2178478688 -0.6211887002 -0.2654172778 0.9639936686 -0.0164282583 0.6024008393 0.1525074691 -0.7834888101
-12.7 669.1 2633.3 0 0 0 0 0 0 0 0 0
-564.8 -218.6 2893.5 0 0 0 0 0 0 0 0 0
-487.6 -818.0 2474.6 0 0 0 0 0 0 0 0 0
-386.4 -806.5 2666.9 0 0 0 0 0 0 0 0 0
-433.7 499.6 2675.7 9 -0.6931043863 -0.1051088050 -0.7131327987 -0.1519317329 0.9883890152 0.0019858368 0.7046439052 0.1097238958 -0.7010261416
-412.6 301.5 2653.7 -0.6931043863 -0.1051088050 -0.7131327987 -0.1519317329 0.9883890152 0.0019858368 0.7046439052 0.1097238958 -0.7010261416
-393.9 104.5 2635.0 -0.6949951649 -0.0943522230 -0.7127968669 -0.1331672668 0.9910926819 -0.0013484634 0.7065749764 0.0939840376 -0.7013692856
-315.0 320.2 2554.6 -0.7862857580 -0.5756570697 0.2244407237 -0.6039962769 0.6396066546 -0.4754911363 0.1301660240 -0.5094332695 -0.8506083488
-117.1 472.2 2521.8 -0.4057563245 -0.5756570697 0.7099160552 -0.7643395662 0.6396066546 0.0817821994 -0.5011455417 -0.5094332695 -0.6995218992
-510.2 282.9 2752.9 -0.1876486391 0.8971381783 -0.3999137878 -0.9118399620 -0.0077488702 0.4104727507 0.3651519120 0.4416820407 0.8195005059
-560.8 36.9 2851.4 -0.0527699068 0.8990698457 -0.4346133471 -0.9863141775 0.0211527050 0.1635142267 0.1562039554 0.4372939467 0.8856490850
-311.1 -78.2 2547.9 -0.3707256615 0.3177500367 -0.8726955056 0.0774837881 0.9469587803 0.3118739128 0.9255045652 0.0479998998 -0.3756823838
-437.4 -454.6 2528.8 -0.3972580135 0.1430765241 -0.9064850807 -0.0730985478 0.9796999097 0.1866672039 0.9147910476 0.1404177845 -0.3787349761
-438.7 -104.7 2681.0 -0.7948969603 0.0621731989 -0.6035505533 0.1064286307 0.9936009645 -0.0378169604 0.5973372459 -0.0942956507 -0.7964273691
-463.2 -494.8 2718.0 -0.7677887678 -0.2190336734 -0.6021002531 -0.2620981932 0.9648951888 -0.0167887416 0.5846409202 0.1449191719 -0.7982439995
-11.3 671.5 2652.5 0 0 0 0 0 0 0 0 0
-574.5 -219.4 2892.0 0 0 0 0 0 0 0 0 0
-490.0 -814.6 2477.2 0 0 0 0 0 0 0 0 0
-392.0 -808.3 2670.9 0 0 0 0 0 0 0 0 0
-429.8 504.1 2676.8 0 -0.6872816086 -0.0966095105 -0.7199379206 -0.1421639919 0.9898388982 0.0028875340 0.7123436332 0.1043338031 -0.6940324306
-410.4 305.8 2655.9 -0.6872816086 -0.0966095105 -0.7199379206 -0.1421639919 0.9898388982 0.0028875340 0.7123436332 0.1043338031 -0.6940324306
-393.4 108.5 2638.5 -0.6891099215 -0.0857042000 -0.7195709348 -0.1222842410 0.9924945235 -0.0011029644 0.7142647505 0.0872321203 -0.6944180727
-313.6 322.9 2555.5 -0.7987235188 -0.5387218595 0.2679915130 -0.5823727250 0.5801831484 -0.5694115162 0.1512703001 -0.6108733416 -0.7771428823
-122.3 462.4 2519.2 -0.3595966995 -0.5387218595 0.7618851066 -0.8140704632 0.5801831484 0.0260148253 -0.4560476840 -0.6108733416 -0.6471894979
-507.3 288.6 2756.2 -0.1913176626 0.9013246298 -0.3886019886 -0.9072677493 -0.0113252224 0.4204009771 0.3745167255 0.4329961836 0.8199094534
-558.9 43.8 2857.3 -0.0589794964 0.9034429193 -0.4246319532 -0.9845702648 0.0175571423 0.1741068512 0.1647509336 0.4283487201 0.8884674907
-311.5 -80.3 2551.6 -0.3668269515 0.3174144924 -0.8744632602 0.0706133917 0.9467793107 0.3140424490 0.9276053905 0.0534504205 -0.3697178960
-437.7 -456.7 2530.4 -0.3938218951 0.1423787326 -0.9080928564 -0.0828503296 0.9784111381 0.1893343925 0.9154453278 0.1497998238 -0.3735235929
-439.5 -100.0 2686.6 -0.7881788611 0.0690591484 -0.6115594506 0.1175231338 0.9922877550 -0.0394118614 0.6041212082 -0.1029359773 -0.7902162671
-466.6 -489.7 2727.0 -0.7640069723 -0.2103378028 -0.6099601388 -0.2517119050 0.9676274061 -0.0183929894 0.5940828919 0.1394818425 -0.7922186255
-28.4 675.0 2638.3 0 0 0 0 0 0 0 0 0
-574.2 -212.1 2900.1 0 0 0 0 0 0 0 0 0
-489.6 -813.4 2475.8 0 0 0 0 0 0 0 0 0
-398.3 -804.0 2681.7 0 0 0 0 0 0 0 0 0
-427.6 503.4 2674.8 1 -0.6285753846 -0.0855950713 -0.7730242014 -0.1190739274 0.9927988648 -0.0131066339 0.7685794830 0.0838085264 -0.6342411041
-410.5 305.1 2658.0 -0.6285753846 -0.0855950713 -0.7730242014 -0.1190739274 0.9927988648 -0.0131066339 0.7685794830 0.0838085264 -0.6342411041
-394.7 107.5 2644.1 -0.6297981143 -0.0789681673 -0.7727343440 -0.1043089852 0.9944062829 -0.0166070480 0.7697232962 0.0701440498 -0.6345122457
-322.2 319.7 2550.1 -0.7965348959 -0.5026531816 0.3359641135 -0.5962357521 0.5610072613 -0.5742592812 0.1001749486 -0.6577314138 -0.7465617061
-118.9 471.9 2524.6 -0.3068419397 -0.5026531816 0.8082003593 -0.8270745873 0.5610072613 0.0349058323 -0.4709517956 -0.6577314138 -0.5878722668
-498.8 290.6 2765.9 -0.1592173278 0.9331615567 -0.3222721517 -0.8983475566 -0.0015687873 0.4392826557 0.4094161093 0.3594537973 0.8385531902
-541.7 48.4 2876.3 -0.0441114083 0.9348608255 -0.3522632718 -0.9804108143 0.0272434596 0.1950704157 0.1919605583 0.3539675474 0.9153459072
-313.2 -77.6 2555.7 -0.3086261153 0.3149555326 -0.8975260258 0.0423800126 0.9472048879 0.3178156912 0.9502388239 0.0600490570 -0.3056799769
-438.5 -454.2 2531.8 -0.3327150047 0.1384985447 -0.9328016043 -0.1030973345 0.9778851867 0.1819655001 0.9373748899 0.1567120105 -0.3110782504
-436.4 -99.7 2700.6 -0.7375255227 0.0590538979 -0.6727322936 0.1320221126 0.9895559549 -0.0578722693 0.6622886658 -0.1314978153 -0.7376192212
-459.6 -488.1 2752.2 -0.7138171792 -0.1994202882 -0.6713393927 -0.2364373952 0.9709412456 -0.0370189995 0.6592134237 0.1323049366 -0.7402250171
-38.4 688.9 2648.1 0 0 0 0 0 0 0 0 0
-553.2 -206.3 2926.2 0 0 0 0 0 0 0 0 0
-489.2 -812.5 2474.4 0 0 0 0 0 0 0 0 0
-394.8 -803.5 2709.2 0 0 0 0 0 0 0 0 0
-426.5 501.1 2673.8 2 -0.6256807446 -0.0834937543 -0.7755981088 -0.1133584976 0.9934332967 -0.0154967457 0.7717988491 0.0782246217 -0.6310367584
-409.8 302.7 2658.1 -0.6256807446 -0.0834937543 -0.7755981088 -0.1133584976 0.9934332967 -0.0154967457 0.7717988491 0.0782246217 -0.6310367584
-394.8 104.9 2645.1 -0.6268641949 -0.0750886276 -0.7755017281 -0.0985191017 0.9949949384 -0.0167049356 0.7728746533 0.0659300089 -0.6311243773
-321.8 316.5 2549.6 -0.7764259577 -0.5148777366 0.3634055853 -0.6246404648 0.5522485971 -0.5521284342 0.0835884213 -0.6556847095 -0.7503936291
-120.7 478.2 2527.9 -0.2917000353 -0.5148777366 0.8061091900 -0.8320789337 0.5522485971 0.0516344942 -0.4717580974 -0.6556847095 -0.5895099044
-497.8 288.8 2766.7 -0.1613281518 0.9346202612 -0.3169514239 -0.8954989910 -0.0036489812 0.4450486004 0.4147948623 0.3556285501 0.8375401497
-541.4 47.3 2878.6 -0.0473642051 0.9364151955 -0.3476825953 -0.9792563319 0.0251213945 0.2010619938 0.1970117837 0.3499935269 0.9158006907
-321.3 -80.6 2559.9 -0.3142104447 0.2917427123 -0.9034146070 0.0172838289 0.9532107115 0.3018121719 0.9491959810 0.0792180747 -0.3045511842
-437.3 -459.5 2528.4 -0.3325210810 0.1475652158 -0.9314795732 -0.0911770090 0.9780261517 0.1874876469 0.9386780262 0.1472731233 -0.3117597699
-437.2 -101.9 2702.7 -0.7341615558 0.0626285449 -0.6760802269 0.1383204013 0.9886512160 -0.0586198717 0.6647362113 -0.1365521401 -0.7344924808
-461.8 -490.1 2756.4 -0.7118849158 -0.1952601969 -0.6746060848 -0.2309285253 0.9722393155 -0.0377184823 0.6632434726 0.1289345622 -0.7372136116
-42.6 701.0 2654.2 0 0 0 0 0 0 0 0 0
-553.7 -207.2 2929.8 0 0 0 0 0 0 0 0 0
-490.1 -810.0 2475.6 0 0 0 0 0 0 0 0 0
-398.4 -806.0 2714.5 0 0 0 0 0 0 0 0 0
-425.6 502.5 2675.3 3 -0.6522347331 -0.0864677653 -0.7530691624 -0.1224046350 0.9924485087 -0.0079385107 0.7480688095 0.0870013908 -0.6578934789
-408.4 304.7 2657.9 -0.6522347331 -0.0864677653 -0.7530691624 -0.1224046350 0.9924485087 -0.0079385107 0.7480688095 0.0870013908 -0.6578934789
-393.3 107.1 2643.1 -0.6535809636 -0.0755382776 -0.7530776262 -0.1058951542 0.9943464398 -0.0078347363 0.7494118810 0.0746266395 -0.6578850150
-316.5 319.6 2552.6 -0.7575674653 -0.5417918563 0.3640784919 -0.6479580998 0.5566555262 -0.5198893547 0.0790055022 -0.6297588348 -0.7727625370
-126.5 482.1 2532.8 -0.2965880930 -0.5417918563 0.7864458561 -0.8276736736 0.5566555262 0.0713504404 -0.4764365256 -0.6297588348 -0.6135242581
-500.2 289.9 2763.2 -0.1774206012 0.9216430783 -0.3451028168 -0.8997319341 -0.0098209940 0.4363323748 0.3987534642 0.3879143894 0.8309741616
-548.1 47.2 2870.8 -0.0560501479 0.9236891270 -0.3790208101 -0.9813117981 0.0190245844 0.1914815158 0.1840801090 0.3826701641 0.9053607583
-322.4 -83.9 2561.2 -0.3422788382 0.2888306677 -0.8941040635 0.0228996687 0.9538626671 0.2993686497 0.9393193126 0.0819928721 -0.3331011534
-437.2 -463.1 2528.6 -0.3611462414 0.1506724060 -0.9202560782 -0.0856532082 0.9773283601 0.1936306208 0.9285671115 0.1487518549 -0.3400529027
-438.1 -100.3 2696.9 -0.7566133738 0.0692168474 -0.6501886249 0.1324549168 0.9899896979 -0.0487446152 0.6403061152 -0.1230015084 -0.7582075596
-465.2 -489.0 2745.2 -0.7349669337 -0.1979019493 -0.6485818624 -0.2369357497 0.9711267352 -0.0278267656 0.6353621483 0.1332204789 -0.7606360912
-45.4 708.4 2663.1 0 0 0 0 0 0 0 0 0
-562.6 -207.9 2918.7 0 0 0 0 0 0 0 0 0
-490.5 -808.4 2476.1 0 0 0 0 0 0 0 0 0
-400.9 -804.5 2702.0 0 0 0 0 0 0 0 0 0
-425.3 501.4 2675.0 4 -0.6546455622 -0.0803639218 -0.7516520619 -0.1217685416 0.9925585389 -0.0000674005 0.7460640669 0.0914834514 -0.6595598459
-409.3 303.5 2656.8 -0.6546455622 -0.0803639218 -0.7516520619 -0.1217685416 0.9925585389 -0.0000674005 0.7460640669 0.0914834514 -0.6595598459
-394.9 105.9 2640.8 -0.6556890607 -0.0720962882 -0.7515809536 -0.1081703827 0.9941318631 -0.0009940130 0.7472422719 0.0806470364 -0.6596400738
-317.1 318.7 2551.7 -0.7512527108 -0.5433608890 0.3746708333 -0.6560265422 0.5524256825 -0.5142519474 0.0724466294 -0.6321272254 -0.7714704871
-129.9 482.1 2533.7 -0.3038800359 -0.5433608890 0.7825700045 -0.8313458562 0.5524256825 0.0607448705 -0.4653181434 -0.6321272254 -0.6195919514
-501.5 288.3 2761.9 -0.1818918735 0.9206730127 -0.3453644216 -0.9013797045 -0.0157488845 0.4327431023 0.3929757774 0.3900169432 0.8327405453
-550.6 45.0 2867.9 -0.0602901466 0.9228426814 -0.3804294169 -0.9821838140 0.0131128794 0.1874648184 0.1779890507 0.3849538863 0.9056105018
-318.3 -80.9 2559.7 -0.3417224586 0.2984105051 -0.8911660314 0.0268048625 0.9509588480 0.3081538677 0.9394185543 0.0814155117 -0.3329628408
-436.9 -458.9 2527.3 -0.3604787886 0.1492346972 -0.9207518697 -0.0820946842 0.9782118797 0.1906882375 0.9291477203 0.1443279088 -0.3403732777
-440.6 -101.7 2693.2 -0.7575826049 0.0733585432 -0.6486040354 0.1314990073 0.9904442430 -0.0415720791 0.6393564343 -0.1167850718 -0.7599898577
-469.5 -490.6 2739.1 -0.7373145223 -0.1946237534 -0.6469072104 -0.2382207662 0.9709922671 -0.0206127465 0.6321536303 0.1389086545 -0.7622900605
-45.5 713.0 2662.9 0 0 0 0 0 0 0 0 0
-566.2 -210.3 2914.2 0 0 0 0 0 0 0 0 0
-490.3 -808.7 2475.7 0 0 0 0 0 0 0 0 0
-406.2 -806.1 2694.0 0 0 0 0 0 0 0 0 0
-422.8 500.9 2676.4 5 -0.6482455730 -0.0702749863 -0.7581814528 -0.1166113392 0.9931481481 0.0076489737 0.7524490356 0.0933709666 -0.6519987583
-408.9 303.3 2657.8 -0.6482455730 -0.0702749863 -0.7581814528 -0.1166113392 0.9931481481 0.0076489737 0.7524490356 0.0933709666 -0.6519987583
-396.3 105.6 2641.5 -0.6491283178 -0.0631867275 -0.7580500245 -0.1034636274 0.9946169257 0.0056916843 0.7536097765 0.0821252391 -0.6521715522
-317.6 317.9 2551.8 -0.7437002063 -0.5578615665 0.3683754504 -0.6649759412 0.5607086420 -0.4933688045 0.0686801970 -0.6118792892 -0.7879636884
-131.8 483.9 2534.7 -0.3090110719 -0.5578615665 0.7702614069 -0.8245831132 0.5607086420 0.0752893761 -0.4738932848 -0.6118792892 -0.6332684159
-500.2 288.8 2763.8 -0.1854677051 0.9243137240 -0.3335354626 -0.9001136422 -0.0236387514 0.4350133836 0.3942044675 0.3809007704 0.8363716006
-550.2 45.8 2870.2 -0.0666607916 0.9266711473 -0.3699147999 -0.9817817211 0.0051967613 0.1899411231 0.1779353172 0.3758372068 0.9094423652
-320.4 -81.9 2556.2 -0.3318688869 0.2999797761 -0.8943573833 0.0297796614 0.9509489536 0.3079110384 0.9428553581 0.0755524337 -0.3245236576
-439.7 -459.9 2526.2 -0.3514235914 0.1455060244 -0.9248402119 -0.0859325379 0.9786653519 0.1866272837 0.9322644472 0.1450590938 -0.3314223886
-443.2 -101.6 2694.3 -0.7501125336 0.0804067776 -0.6564038396 0.1372855753 0.9898905754 -0.0356270373 0.6469032764 -0.1168390661 -0.7535679936
-474.8 -490.3 2740.2 -0.7329633236 -0.1852675974 -0.6545537710 -0.2327100486 0.9724357128 -0.0146556143 0.6392266750 0.1415792257 -0.7558733821
-44.1 718.0 2669.2 0 0 0 0 0 0 0 0 0
-567.6 -209.4 2916.5 0 0 0 0 0 0 0 0 0
-491.3 -807.1 2474.7 0 0 0 0 0 0 0 0 0
-414.6 -806.3 2694.2 0 0 0 0 0 0 0 0 0
-420.6 506.0 2676.6 6 -0.6195917130 -0.0639666989 -0.7823134661 -0.1100498587 0.9939085841 0.0058913976 0.7771712542 0.0897437483 -0.6228570342
-407.8 308.1 2658.7 -0.6195917130 -0.0639666989 -0.7823134661 -0.1100498587 0.9939085841 0.0058913976 0.7771712542 0.0897437483 -0.6228570342
-396.2 110.2 2642.8 -0.6202681065 -0.0583910607 -0.7822135091 -0.0990541950 0.9950729012 0.0042658378 0.7781103849 0.0801274851 -0.6229958534
-320.6 322.0 2549.3 -0.7557174563 -0.5318398476 0.3821485639 -0.6531918049 0.5700247288 -0.4984097779 0.0472400673 -0.6262732744 -0.7781710625
-132.5 484.6 2537.5 -0.3080552220 -0.5318398476 0.7888271809 -0.8190963864 0.5700247288 0.0644437000 -0.4839247167 -0.6262732744 -0.6112272143
-495.1 294.1 2768.1 -0.1717702001 0.9380546808 -0.3009126782 -0.8981637955 -0.0236334410 0.4390254021 0.4047182202 0.3456803560 0.8465862274
-541.4 51.7 2877.4 -0.0614231639 0.9402630329 -0.3348620832 -0.9809036255 0.0051641171 0.1944258064 0.1845406741 0.3404096961 0.9219902158
-324.2 -82.6 2556.1 -0.3011211753 0.2850988209 -0.9099696279 0.0173558015 0.9557412863 0.2936961055 0.9534279108 0.0726448596 -0.2927420437
-437.5 -462.6 2527.2 -0.3199464381 0.1533444077 -0.9349437356 -0.0907821432 0.9773126245 0.1913600117 0.9430763125 0.1461011469 -0.2987667322
-441.5 -96.7 2698.2 -0.7248336077 0.0774808601 -0.6845530868 0.1413410604 0.9892432094 -0.0376907848 0.6742691398 -0.1240750104 -0.7279879451
-471.9 -485.1 2747.0 -0.7086025476 -0.1781059504 -0.6827596426 -0.2285284549 0.9733932614 -0.0167427827 0.6675755978 0.1441660225 -0.7304511666
-43.9 720.2 2676.7 0 0 0 0 0 0 0 0 0
-557.4 -203.3 2925.3 0 0 0 0 0 0 0 0 0
-491.7 -807.9 2475.6 0 0 0 0 0 0 0 0 0
-414.0 -801.4 2700.1 0 0 0 0 0 0 0 0 0
-422.5 506.8 2677.7 7 -0.6295386553 -0.0696539059 -0.7738407254 -0.1142151877 0.9934498668 0.0034958210 0.7685284615 0.0905851126 -0.6333706379
-408.6 308.9 2659.6 -0.6295386553 -0.0696539059 -0.7738407254 -0.1142151877 0.9934498668 0.0034958210 0.7685284615 0.0905851126 -0.6333706379
-395.7 111.2 2643.5 -0.6302270293 -0.0650053695 -0.7736847997 -0.1040521115 0.9945711493 0.0011942694 0.7694069147 0.0812561959 -0.6335695982
-320.0 323.6 2551.4 -0.7598294616 -0.5264036655 0.3815211058 -0.6481281519 0.5674160719 -0.5079063177 0.0508825369 -0.6331967711 -0.7723165154
-133.5 482.6 2538.9 -0.3106957078 -0.5264036655 0.7914337516 -0.8216013908 0.5674160719 0.0548648387 -0.4779532850 -0.6331967711 -0.6087877154
-497.3 294.3 2767.9 -0.1723570377 0.9333779812 -0.3147993684 -0.8998410106 -0.0191836972 0.4357959628 0.4007233381 0.3583818674 0.8431982398
-543.8 51.4 2876.0 -0.0585472658 0.9355002046 -0.3484417200 -0.9815795422 0.0096393581 0.1908107251 0.1818622202 0.3531947136 0.9177034497
-327.7 -78.5 2555.6 -0.3140456378 0.2722494602 -0.9095358849 0.0141122956 0.9592360854 0.2822533846 0.9493029714 0.0758048072 -0.3050859571
-436.0 -459.8 2525.4 -0.3311113715 0.1572855413 -0.9303905368 -0.0823725685 0.9774273038 0.1945523769 0.9399893880 0.1410571635 -0.3106812835
-440.5 -96.1 2697.9 -0.7346988916 0.0737407282 -0.6743736863 0.1360676289 0.9898918271 -0.0399976857 0.6646075249 -0.1211466789 -0.7373061180
-469.5 -484.8 2745.5 -0.7163290381 -0.1854721010 -0.6726609468 -0.2338271141 0.9720919728 -0.0190271009 0.6574173570 0.1436567158 -0.7397061586
-44.4 718.3 2676.0 0 0 0 0 0 0 0 0 0
-559.0 -203.8 2923.3 0 0 0 0 0 0 0 0 0
-491.8 -806.9 2475.4 0 0 0 0 0 0 0 0 0
-409.2 -800.6 2698.8 0 0 0 0 0 0 0 0 0
-424.4 504.7 2677.2 8 -0.6650777459 -0.0764708966 -0.7428484559 -0.1205176860 0.9926947355 0.0057096099 0.7369851470 0.0933237150 -0.6694352627
-409.1 307.1 2658.7 -0.6650777459 -0.0764708966 -0.7428484559 -0.1205176860 0.9926947355 0.0057096099 0.7369851470 0.0933237150 -0.6694352627
-395.7 109.4 2642.2 -0.6660695076 -0.0677016973 -0.7428108454 -0.1068494618 0.9942616820 0.0051910495 0.7381968498 0.0828265324 -0.6694812775
-315.5 322.1 2554.9 -0.7481480837 -0.5343261361 0.3934082985 -0.6621658802 0.5632008910 -0.4943087101 0.0425541401 -0.6303176284 -0.7751701474
-134.4 482.4 2544.6 -0.3127812147 -0.5343261361 0.7852792740 -0.8244999051 0.5632008910 0.0548147336 -0.4715589285 -0.6303176284 -0.6167104840
-502.7 292.1 2762.4 -0.1919393092 0.9153461456 -0.3539784849 -0.9016584754 -0.0220520701 0.4318862259 0.3875194192 0.4020636380 0.8295622468
-554.5 48.8 2867.0 -0.0680362657 0.9177382588 -0.3913151622 -0.9823912978 0.0067829960 0.1867120415 0.1740070730 0.3971277773 0.9011165500
-324.9 -77.0 2556.8 -0.3531427085 0.2834980190 -0.8915823698 0.0290665012 0.9558481574 0.2924199104 0.9351178408 0.0773507804 -0.3457911015
-437.7 -457.0 2526.1 -0.3716361523 0.1429819167 -0.9173018932 -0.0818703622 0.9791718721 0.1857947409 0.9247614741 0.1441478729 -0.3521896899
-443.2 -98.0 2693.4 -0.7652168870 0.0803336427 -0.6387406588 0.1336966455 0.9903823137 -0.0356105566 0.6297367215 -0.1126472801 -0.7685976028
-474.8 -486.9 2737.6 -0.7469316125 -0.1909274608 -0.6368986368 -0.2358782142 0.9716721177 -0.0146554038 0.6216547489 0.1392839253 -0.7708082199
-44.6 719.1 2680.0 0 0 0 0 0 0 0 0 0
-572.2 -206.6 2912.2 0 0 0 0 0 0 0 0 0
-489.0 -808.7 2474.3 0 0 0 0 0 0 0 0 0
-412.7 -802.7 2692.4 0 0 0 0 0 0 0 0 0
-423.0 504.4 2678.0 9 -0.6780050993 -0.0767339021 -0.7310410142 -0.1258499771 0.9919692874 0.0125974584 0.7242035866 0.1005426347 -0.6822172403
-407.7 307.1 2658.0 -0.6780050993 -0.0767339021 -0.7310410142 -0.1258499771 0.9919692874 0.0125974584 0.7242035866 0.1005426347 -0.6822172403
-394.0 109.6 2640.4 -0.6790409684 -0.0687681511 -0.7308722734 -0.1117139682 0.9936870933 0.0102950092 0.7255504131 0.0886393785 -0.6824365854
