-287.1 425.2 2775.9 5 -0.0329622589 0.0535828359 -0.9980192184 -0.2437507510 0.9679788947 0.0600205176 0.9692776203 0.2452463508 -0.0188459139
-298.0 229.2 2726.2 -0.0329622589 0.0535828359 -0.9980192184 -0.2437507510 0.9679788947 0.0600205176 0.9692776203 0.2452463508 -0.0188459139
-306.8 34.9 2685.5 -0.0309479255 0.0440554768 -0.9985496402 -0.2036081851 0.9778028131 0.0494505428 0.9785631895 0.2048432678 -0.0212909132
-293.5 258.9 2583.4 -0.4628052413 0.1231493428 -0.8778641820 0.8426362276 0.3686355948 -0.3925199807 0.2752734125 -0.9213805199 -0.2743766010
-176.9 46.7 2514.1 -0.6453066468 0.1231493428 0.7539320588 -0.6756092906 0.3686355948 -0.6384824514 -0.3565548956 -0.9213805199 -0.1546821594
-302.5 199.5 2869.0 -0.2275447696 0.8079199791 -0.5435886979 -0.9111278057 0.0203369725 0.4116218984 0.3436124921 0.5889411569 0.7314907908
-364.9 -50.2 2963.2 0.2450944334 0.8079199791 -0.5359048843 -0.9204590917 0.0203369725 -0.3903094828 -0.3044401407 0.5889411569 0.7486417890
-314.2 -139.5 2551.4 -0.2674552500 0.0224212017 -0.9633094072 -0.0699177533 0.9966423512 0.0426091440 0.9610303044 0.0787484720 -0.2649895847
-323.1 -535.4 2520.1 -0.2481786609 -0.1507269442 -0.9569162726 -0.2135063708 0.9720405340 -0.0977357924 0.9448927641 0.1800517738 -0.2734208703
-313.1 -178.8 2730.3 -0.0101647787 0.2104794234 0.9775454402 0.0793906078 0.9746798277 -0.2090368867 -0.9967917800 0.0754831135 -0.0266174953
-396.7 -566.0 2700.3 -0.0136725809 0.1842536181 0.9827836156 0.0607345253 0.9812137485 -0.1831143647 -0.9980602860 0.0571852513 -0.0246062819
-8.5 223.0 2607.2 0 0 0 0 0 0 0 0 0
-295.9 -309.0 2877.6 0 0 0 0 0 0 0 0 0
-269.6 -880.5 2456.2 0 0 0 0 0 0 0 0 0
-449.1 -845.5 2684.1 0 0 0 0 0 0 0 0 0
-289.6 423.8 2777.8 6 -0.0470333807 0.0366462171 -0.9982208610 -0.2517105937 0.9666436911 0.0473468676 0.9666590095 0.2534896433 -0.0362402797
-297.0 228.4 2726.6 -0.0470333807 0.0366462171 -0.9982208610 -0.2517105937 0.9666436911 0.0473468676 0.9666590095 0.2534896433 -0.0362402797
-304.1 34.5 2683.7 -0.0456183404 0.0358224958 -0.9983164668 -0.2137809396 0.9758545160 0.0447852761 0.9758158922 0.2154640555 -0.0368586928
-290.3 259.6 2584.1 -0.4440169334 0.1023347750 -0.8901553750 0.8496318460 0.3635913432 -0.3820039928 0.2845605016 -0.9259206057 -0.2483876050
-177.9 44.4 2512.0 -0.6493835449 0.1023347750 0.7535440326 -0.6806880832 0.3635913432 -0.6359757185 -0.3390645087 -0.9259206057 -0.1664521843
-303.6 197.1 2869.0 -0.2283309102 0.7982277274 -0.5574024320 -0.9156234264 0.0185323507 0.4016095996 0.3309059143 0.6020706296 0.7266445160
-366.2 -53.9 2959.7 0.2548591793 0.7982277274 -0.5457831621 -0.9160429835 0.0185323507 -0.4006516933 -0.3096966445 0.6020706296 0.7359340787
-312.7 -140.7 2555.1 -0.2824380696 0.0256010443 -0.9589438438 -0.0787784830 0.9956483245 0.0497835986 0.9560453296 0.0896049216 -0.2791921794
-322.9 -536.3 2519.5 -0.2636926472 -0.1532995105 -0.9523473382 -0.2159009427 0.9716228247 -0.0966221169 0.9401345253 0.1801341474 -0.2893072963
-318.4 -178.0 2734.4 0.0005726466 0.2120033503 0.9772687554 0.0667995661 0.9750779867 -0.2115672380 -0.9977662563 0.0654022843 -0.0136033567
-402.6 -565.4 2708.4 0.0027733964 0.1630367190 0.9866160750 0.0800799578 0.9834150672 -0.1627328694 -0.9967845678 0.0794594958 -0.0103285732
-8.9 221.5 2600.3 0 0 0 0 0 0 0 0 0
-294.6 -311.5 2872.6 0 0 0 0 0 0 0 0 0
-268.7 -879.9 2455.8 0 0 0 0 0 0 0 0 0
-449.2 -846.2 2685.7 0 0 0 0 0 0 0 0 0
-287.4 424.7 2776.3 7 -0.0645555183 0.0555678084 -0.9963657856 -0.2428039014 0.9675686359 0.0696932822 0.9679250121 0.2464205921 -0.0489698201
-298.7 228.8 2726.4 -0.0645555183 0.0555678084 -0.9963657856 -0.2428039014 0.9675686359 0.0696932822 0.9679250121 0.2464205921 -0.0489698201
-307.9 34.4 2686.5 -0.0622053929 0.0460228957 -0.9970017076 -0.1977836192 0.9785571098 0.0575116798 0.9782699943 0.2007681429 -0.0517689548
-289.6 257.6 2583.6 -0.4482977390 0.1025060788 -0.8879874349 0.8489435911 0.3598459959 -0.3870472610 0.2798640132 -0.9273636341 -0.2483400255
-177.0 44.4 2513.3 -0.6478617191 0.1025060788 0.7548295856 -0.6832838655 0.3598459959 -0.6353219748 -0.3367467821 -0.9273636341 -0.1630896926
-307.8 199.9 2869.2 -0.2454730868 0.7898846269 -0.5619833469 -0.9071311355 0.0172611922 0.4204939902 0.3418422341 0.6130125523 0.7122917175
-375.0 -48.7 2962.9 0.2466954440 0.7898846269 -0.5614478588 -0.9241011143 0.0172611922 -0.3817579746 -0.2918534875 0.6130125523 0.7341915369
-307.0 -139.8 2551.5 -0.2970704436 0.0356428437 -0.9541900754 -0.0653427467 0.9962016344 0.0575554706 0.9526171684 0.0794474334 -0.2936130464
-321.2 -535.7 2519.9 -0.2782946527 -0.1433819532 -0.9497334957 -0.2178473771 0.9724491835 -0.0829768628 0.9354649186 0.1838049293 -0.3018627763
-315.4 -179.0 2730.4 0.0192764923 0.2105162144 0.9774003029 0.0680843666 0.9750362635 -0.2113498151 -0.9974933267 0.0706197619 0.0044624158
-399.0 -566.5 2702.3 0.0167885497 0.1745019108 0.9845137000 0.0540644638 0.9830535054 -0.1751650423 -0.9983962774 0.0561679713 0.0070696906
-9.1 221.6 2600.6 0 0 0 0 0 0 0 0 0
-305.7 -308.6 2880.9 0 0 0 0 0 0 0 0 0
-270.7 -878.4 2455.2 0 0 0 0 0 0 0 0 0
-448.9 -847.5 2686.2 0 0 0 0 0 0 0 0 0
-288.1 423.9 2776.5 8 -0.0836133882 0.0504037514 -0.9952227473 -0.2496384084 0.9658138752 0.0698876306 0.9647224545 0.2542893589 -0.0681722537
-298.3 228.0 2725.0 -0.0836133882 0.0504037514 -0.9952227473 -0.2496384084 0.9658138752 0.0698876306 0.9647224545 0.2542893589 -0.0681722537
-307.0 34.1 2682.7 -0.0816306472 0.0436847769 -0.9957048297 -0.2087155133 0.9761379957 0.0599373952 0.9745636582 0.2127117664 -0.0705650896
-286.4 258.5 2582.7 -0.4430472255 0.1079717055 -0.8899726272 0.8522772789 0.3586623073 -0.3807686865 0.2780874074 -0.9272019267 -0.2509261668
-175.4 45.0 2513.0 -0.6442663670 0.1079717055 0.7571412921 -0.6850597858 0.3586623073 -0.6340776086 -0.3400204778 -0.9272019267 -0.1571069956
-310.2 197.6 2867.3 -0.2534627616 0.7777569890 -0.5751962662 -0.9104883671 0.0090412442 0.4134358764 0.3267531395 0.6285001040 0.7058470249
-379.7 -52.0 2956.8 0.2510131598 0.7777569890 -0.5762694478 -0.9211742282 0.0090412442 -0.3890453875 -0.2973725498 0.6285001040 0.7187191248
-311.3 -141.9 2556.9 -0.3157863617 0.0246025901 -0.9485113025 -0.0773003623 0.9956736565 0.0515613779 0.9456762671 0.0896026492 -0.3125183582
-321.1 -537.5 2521.3 -0.2968428135 -0.1479919553 -0.9433889389 -0.2264684290 0.9706439972 -0.0810079202 0.9276833534 0.1896011978 -0.3216442168
-322.7 -178.2 2736.3 0.0344545953 0.1954248399 0.9801132679 0.0580726452 0.9786470532 -0.1971739531 -0.9977176189 0.0637113228 0.0223700497
-400.4 -567.0 2710.9 0.0399839729 0.1734277755 0.9840345979 0.0892572999 0.9802650809 -0.1763901860 -0.9952057004 0.0948850513 0.0237151962
-9.0 222.0 2600.9 0 0 0 0 0 0 0 0 0
-309.1 -311.1 2873.2 0 0 0 0 0 0 0 0 0
-269.0 -879.0 2454.6 0 0 0 0 0 0 0 0 0
-449.7 -846.0 2683.9 0 0 0 0 0 0 0 0 0
-288.6 423.4 2776.1 9 -0.0165997781 0.0491161756 -0.9986551404 -0.2411426753 0.9691131115 0.0516715385 0.9703477025 0.2416760921 -0.0042430572
-298.5 226.8 2727.1 -0.0165997781 0.0491161756 -0.9986551404 -0.2411426753 0.9691131115 0.0516715385 0.9703477025 0.2416760921 -0.0042430572
-306.7 32.5 2686.2 -0.0149328467 0.0412659459 -0.9990366101 -0.2052364200 0.9777472615 0.0434542932 0.9785984755 0.2056875974 -0.0061312751
-296.4 256.7 2584.5 -0.4815247357 0.0924736112 -0.8715403676 0.8310843110 0.3639055490 -0.4205611050 0.2782675624 -0.9268340468 -0.2520828843
-173.5 44.7 2513.5 -0.6399269104 0.0924736112 0.7628513575 -0.6914145947 0.3639055490 -0.6241142750 -0.3353199363 -0.9268340468 -0.1689353436
-300.7 196.9 2869.7 -0.2163546383 0.8166105151 -0.5351055861 -0.9132634401 0.0244945493 0.4066324532 0.3451674879 0.5766691566 0.7404809594
-360.0 -53.3 2964.3 0.2460177541 0.8166105151 -0.5221326947 -0.9185690284 0.0244945493 -0.3945008516 -0.3093641400 0.5766691566 0.7561392188
-308.2 -140.7 2551.1 -0.2524306476 0.0335508585 -0.9670331478 -0.0706133768 0.9960951805 0.0529918000 0.9650349617 0.0816622302 -0.2490758151
-321.5 -536.5 2518.6 -0.2329157293 -0.1498499662 -0.9608825445 -0.2159001082 0.9713681936 -0.0991515070 0.9482285380 0.1843606979 -0.2585995495
-323.1 -179.0 2729.8 -0.0322029255 0.1901220381 0.9812321663 0.0482171327 0.9808937907 -0.1884740442 -0.9983175993 0.0412427858 -0.0407547876
-398.7 -568.7 2713.4 -0.0207901150 0.1773921698 0.9839206338 0.1116358936 0.9783909321 -0.1740363687 -0.9935317039 0.1062226221 -0.0401441939
-8.5 223.0 2600.0 0 0 0 0 0 0 0 0 0
-290.8 -311.6 2877.3 0 0 0 0 0 0 0 0 0
-268.8 -878.5 2453.7 0 0 0 0 0 0 0 0 0
-448.8 -845.0 2683.4 0 0 0 0 0 0 0 0 0
-288.5 423.7 2776.0 0 -0.0776749253 0.0595979840 -0.9951958060 -0.2194794863 0.9727005959 0.0753811896 0.9725201130 0.2242802978 -0.0624739081
-300.6 226.8 2730.6 -0.0776749253 0.0595979840 -0.9951958060 -0.2194794863 0.9727005959 0.0753811896 0.9725201130 0.2242802978 -0.0624739081
-311.0 32.3 2691.4 -0.0761179626 0.0521006286 -0.9957367182 -0.1922730953 0.9791243076 0.0659295022 0.9783849716 0.1964717954 -0.0645113960
-289.5 254.7 2588.1 -0.4605043828 0.0762311146 -0.8843780756 0.8324191570 0.3830587268 -0.4004302025 0.3082434833 -0.9205731153 -0.2398564517
-175.4 48.5 2511.7 -0.6487609148 0.0762311146 0.7571644783 -0.6820442677 0.3830587268 -0.6229619384 -0.3375275433 -0.9205731153 -0.1965205371
-311.7 198.8 2873.0 -0.2574144006 0.7823687792 -0.5671303868 -0.9037314057 0.0128402039 0.4279073477 0.3420634270 0.6226830482 0.7037460208
-382.2 -48.7 2966.7 0.2414523661 0.7823687792 -0.5741078258 -0.9278516769 0.0128402039 -0.3727282584 -0.2842392921 0.6226830482 0.7290225029
-313.5 -143.0 2555.8 -0.3101771772 0.0232102461 -0.9503954053 -0.0773879215 0.9957677722 0.0495751388 0.9475237131 0.0889262035 -0.3070682585
-322.7 -538.7 2520.5 -0.2902322114 -0.1528160125 -0.9446758628 -0.2282691449 0.9697266817 -0.0867373794 0.9293322563 0.1904663742 -0.3163290918
-316.2 -180.5 2734.9 0.0327894725 0.2023720890 0.9787596464 0.0656469166 0.9767354131 -0.2041528076 -0.9973040223 0.0709466189 0.0187415350
-396.6 -568.5 2706.7 0.0362348780 0.1856270432 0.9819519520 0.0837917179 0.9785728455 -0.1880802363 -0.9958242774 0.0890945047 0.0199044589
-8.5 223.9 2598.5 0 0 0 0 0 0 0 0 0
-314.3 -309.5 2886.8 0 0 0 0 0 0 0 0 0
-269.0 -879.1 2453.6 0 0 0 0 0 0 0 0 0
-448.9 -844.5 2681.6 0 0 0 0 0 0 0 0 0
-288.1 423.2 2775.9 1 -0.0829715282 0.0675866976 -0.9942573905 -0.2102322280 0.9740570188 0.0837575793 0.9741243124 0.2159744501 -0.0666100979
-301.7 227.0 2732.4 -0.0829715282 0.0675866976 -0.9942573905 -0.2102322280 0.9740570188 0.0837575793 0.9741243124 0.2159744501 -0.0666100979
-313.7 32.4 2694.0 -0.0815148652 0.0603568070 -0.9948428869 -0.1879926175 0.9793165922 0.0748184621 0.9787819386 0.1931219399 -0.0684822202
-289.8 254.4 2589.6 -0.4623266160 0.0674338043 -0.8841418028 0.8312238455 0.3801384270 -0.4056620002 0.3087409437 -0.9224681258 -0.2318007052
-174.9 47.8 2512.9 -0.6479473114 0.0674338043 0.7586942315 -0.6863828897 0.3801384270 -0.6199784875 -0.3302163482 -0.9224681258 -0.2000242621
-313.6 199.6 2875.1 -0.2670842409 0.7801173925 -0.5657586455 -0.8997727633 0.0083493143 0.4362789094 0.3450724781 0.6255774498 0.6996983886
-386.8 -46.9 2969.7 0.2344403714 0.7801173925 -0.5800470114 -0.9309546947 0.0083493143 -0.3650392294 -0.2799304724 0.6255774498 0.7282114029
-314.4 -144.7 2562.9 -0.3150140643 0.0170585513 -0.9489336610 -0.0962525904 0.9941092134 0.0498232767 0.9441936016 0.1070323586 -0.3115164638
-321.2 -539.7 2520.4 -0.2978881299 -0.1485383511 -0.9429734945 -0.2274922580 0.9704056978 -0.0809940249 0.9270975590 0.1903920174 -0.3228636682
-328.3 -179.8 2741.8 0.0382645614 0.1829555780 0.9823762178 0.0674985424 0.9803776145 -0.1852125078 -0.9969853163 0.0733960420 0.0251644868
-401.0 -569.2 2712.6 0.0449244305 0.1730937213 0.9838802814 0.1050413474 0.9785966277 -0.1769604087 -0.9934526086 0.1112979501 0.0257808995
-8.5 224.1 2597.7 0 0 0 0 0 0 0 0 0
-320.8 -308.7 2891.0 0 0 0 0 0 0 0 0 0
-269.2 -879.2 2453.7 0 0 0 0 0 0 0 0 0
-449.2 -842.0 2681.6 0 0 0 0 0 0 0 0 0
-287.9 423.5 2775.8 2 -0.1303444058 0.0700085238 -0.9889940023 -0.2236193568 0.9697254896 0.0981164500 0.9659217000 0.2339471281 -0.1107430309
-302.0 227.1 2728.4 -0.1303444058 0.0700085238 -0.9889940023 -0.2236193568 0.9697254896 0.0981164500 0.9659217000 0.2339471281 -0.1107430309
-313.7 32.9 2688.2 -0.1283503473 0.0590275340 -0.9899706841 -0.1935273111 0.9775455594 0.0833776221 0.9726630449 0.2022878975 -0.1140448749
-283.3 255.3 2586.6 -0.4811476171 0.0726266280 -0.8736259937 0.8238679767 0.3780055046 -0.4223190248 0.2995638251 -0.9229502678 -0.2417111993
-165.5 53.5 2513.2 -0.6486666203 0.0726266280 0.7575994730 -0.6850318909 0.3780055046 -0.6227704883 -0.3316065073 -0.9229502678 -0.1954479963
-320.8 198.9 2870.2 -0.2896517813 0.7502291203 -0.5943551660 -0.8998195529 -0.0017884398 0.4362586439 0.3262309730 0.6611754894 0.6755888462
-400.1 -47.7 2959.6 0.2399849147 0.7502291203 -0.6160872579 -0.9310625196 -0.0017884398 -0.3648553193 -0.2748269141 0.6611754894 0.6980810165
-318.2 -144.9 2565.9 -0.3594520390 0.0047622956 -0.9331514239 -0.1149127707 0.9921500683 0.0493280552 0.9260611534 0.1249620840 -0.3560831249
-320.1 -539.1 2516.3 -0.3465057313 -0.1455357075 -0.9266893268 -0.2145563662 0.9739992619 -0.0727392212 0.9131808877 0.1736225337 -0.3687219322
-333.2 -179.3 2745.2 0.0874582455 0.1520725340 0.9844922423 0.0874661133 0.9832900763 -0.1596569568 -0.9923208952 0.1000730321 0.0726956353
-393.5 -569.7 2705.4 0.0842754394 0.1985193342 0.9764669538 0.0717706457 0.9761985540 -0.2046590447 -0.9938544035 0.0873293951 0.0680217072
2.5 230.9 2599.1 0 0 0 0 0 0 0 0 0
-332.6 -309.5 2882.4 0 0 0 0 0 0 0 0 0
-269.5 -878.2 2455.8 0 0 0 0 0 0 0 0 0
-448.8 -841.6 2681.1 0 0 0 0 0 0 0 0 0
-287.9 421.5 2774.3 3 -0.1105402410 0.0729825944 -0.9911883473 -0.2343362868 0.9672685862 0.0973552167 0.9658505917 0.2430330664 -0.0898196325
-302.6 226.2 2725.2 -0.1105402410 0.0729825944 -0.9911883473 -0.2343362868 0.9672685862 0.0973552167 0.9658505917 0.2430330664 -0.0898196325
-313.5 32.1 2684.3 -0.1082055569 0.0551230088 -0.9925991297 -0.1989012808 0.9770725965 0.0759434551 0.9740276337 0.2056467384 -0.0947606489
-286.8 255.2 2583.1 -0.4762454629 0.0509033799 -0.8778377175 0.8379816413 0.3287470341 -0.4355595708 0.2664150894 -0.9430451989 -0.1992203742
-162.6 36.7 2513.6 -0.6406691670 0.0509033799 0.7661278248 -0.7136210799 0.3287470341 -0.6186035275 -0.2833512425 -0.9430451989 -0.1742923558
-318.4 197.2 2867.4 -0.2763834894 0.7627380490 -0.5846732855 -0.9034143090 0.0013105357 0.4287666678 0.3278028965 0.6467062235 0.6887062788
-394.1 -50.4 2957.2 0.2421606481 0.7627380490 -0.5996572971 -0.9278233647 0.0013105357 -0.3730175793 -0.2837288082 0.6467062235 0.7080035210
-313.7 -143.7 2559.0 -0.3405021429 0.0199858584 -0.9400312901 -0.0941304937 0.9940267205 0.0552301928 0.9355200529 0.1072916090 -0.3365869224
-321.6 -538.6 2516.3 -0.3246549070 -0.1527131051 -0.9334226847 -0.2113312930 0.9736422300 -0.0857898444 0.9219209552 0.1694093198 -0.3483707905
-337.2 -179.1 2737.0 0.0648320019 0.1479286999 0.9868707657 0.0728048012 0.9856145978 -0.1525232643 -0.9952368140 0.0817373171 0.0531294458
-395.9 -570.5 2704.6 0.0658431351 0.1958221793 0.9784264565 0.0778439566 0.9765577912 -0.2006866932 -0.9947889447 0.0893784314 0.0490560532
3.7 222.0 2587.2 0 0 0 0 0 0 0 0 0
-326.0 -311.3 2877.4 0 0 0 0 0 0 0 0 0
-268.7 -875.7 2457.7 0 0 0 0 0 0 0 0 0
-449.9 -839.6 2680.0 0 0 0 0 0 0 0 0 0
-287.6 423.4 2775.0 4 -0.0981539115 0.0719944909 -0.9925636649 -0.2299172729 0.9687560797 0.0930039883 0.9682478309 0.2373362333 -0.0785344169
-302.2 227.6 2727.1 -0.0981539115 0.0719944909 -0.9925636649 -0.2299172729 0.9687560797 0.0930039883 0.9682478309 0.2373362333 -0.0785344169
-312.8 33.0 2688.6 -0.0954400375 0.0533704422 -0.9940034151 -0.1877380162 0.9796766043 0.0706270188 0.9775713086 0.1933528781 -0.0834807083
-288.3 255.0 2584.4 -0.5033967495 0.0280243997 -0.8636007905 0.8162679672 0.3432044685 -0.4646690190 0.2833695710 -0.9388425350 -0.1956434250
-158.3 44.3 2511.2 -0.6436181068 0.0280243997 0.7648335695 -0.7124274373 0.3432044685 -0.6120930314 -0.2796478271 -0.9388425350 -0.2009272426
-316.1 200.2 2869.8 -0.2684658468 0.7705363631 -0.5781001449 -0.9005041122 0.0123668769 0.4346716106 0.3420795798 0.6372760534 0.6905511022
-389.7 -46.6 2963.6 0.2429146767 0.7705363631 -0.5892928839 -0.9300553799 0.0123668769 -0.3672112226 -0.2756619155 0.6372760534 0.7196456194
-314.6 -143.9 2554.2 -0.3286947012 0.0175048560 -0.9442740083 -0.0873545706 0.9949787259 0.0488522835 0.9403876662 0.0985441357 -0.3255150914
-321.5 -539.2 2515.1 -0.3119660318 -0.1562546939 -0.9371561408 -0.2076686472 0.9737467170 -0.0932255983 0.9271196723 0.1655347347 -0.3362250924
-334.4 -180.3 2732.7 0.0551667958 0.1601995528 0.9855418205 0.0793544501 0.9832193255 -0.1642639786 -0.9953187704 0.0872690454 0.0415285118
-398.0 -570.9 2698.0 0.0492018573 0.1871861368 0.9810914993 0.0479955785 0.9807032943 -0.1895190477 -0.9976350069 0.0564127415 0.0392683186
9.6 230.2 2584.2 0 0 0 0 0 0 0 0 0
-321.4 -308.2 2886.0 0 0 0 0 0 0 0 0 0
-267.3 -877.1 2457.6 0 0 0 0 0 0 0 0 0
-449.7 -841.6 2682.5 0 0 0 0 0 0 0 0 0
-285.8 424.7 2775.4 5 -0.0716733336 0.0794391707 -0.9942597151 -0.2390013337 0.9664154649 0.0944433957 0.9683704376 0.2443984747 -0.0502801463
-301.9 229.0 2725.9 -0.0716733336 0.0794391707 -0.9942597151 -0.2390013337 0.9664154649 0.0944433957 0.9683704376 0.2443984747 -0.0502801463
-313.1 34.2 2688.4 -0.0679074898 0.0564900301 -0.9960910678 -0.1850671470 0.9803555012 0.0682144016 0.9803768396 0.1889760047 -0.0561190322
-292.0 256.0 2582.8 -0.5297794938 0.0251292307 -0.8477630615 0.7989531755 0.3502203226 -0.4888963103 0.2846182585 -0.9363301992 -0.2056166232
-155.3 49.8 2509.3 -0.6437886953 0.0251292307 0.7647905946 -0.7108795643 0.3502203226 -0.6099147201 -0.2831718922 -0.9363301992 -0.2076040208
-311.8 202.0 2869.0 -0.2568093836 0.7878676653 -0.5597441196 -0.9000849128 0.0159604121 0.4354220629 0.3519887030 0.6156377196 0.7050490379
-382.2 -44.8 2965.5 0.2372755259 0.7878676653 -0.5683000088 -0.9303547740 0.0159604121 -0.3663130999 -0.2795359492 0.6156377196 0.7367834449
-314.6 -144.5 2560.6 -0.3025577068 0.0165966880 -0.9529865384 -0.0984794423 0.9939528108 0.0485757515 0.9480298758 0.1085465476 -0.2990936637
-321.2 -539.4 2517.5 -0.2877077460 -0.1516526639 -0.9456350803 -0.2061612308 0.9740422368 -0.0934841782 0.9352656603 0.1680571735 -0.3115043938
-332.1 -178.9 2739.8 0.0305244420 0.1667538285 0.9855259657 0.0952932760 0.9810087085 -0.1689409912 -0.9949811101 0.0990708247 0.0140542267
-398.4 -568.6 2700.4 0.0250349659 0.1830644310 0.9827821255 0.0658560246 0.9806527495 -0.1843453646 -0.9975150228 0.0693372041 0.0124947112
13.6 236.3 2583.6 0 0 0 0 0 0 0 0 0
-315.5 -306.4 2886.9 0 0 0 0 0 0 0 0 0
-268.4 -878.9 2458.9 0 0 0 0 0 0 0 0 0
-449.5 -842.5 2681.1 0 0 0 0 0 0 0 0 0
-286.8 421.8 2773.6 6 -0.0760782436 0.0765507370 -0.9941589832 -0.2336703539 0.9679144025 0.0924115703 0.9693349600 0.2393359989 -0.0557495914
-302.2 226.9 2725.4 -0.0760782436 0.0765507370 -0.9941589832 -0.2336703539 0.9679144025 0.0924115703 0.9693349600 0.2393359989 -0.0557495914
-313.6 32.2 2687.4 -0.0728618875 0.0573894121 -0.9956895113 -0.1868973523 0.9798712730 0.0701543316 0.9796736836 0.1912033111 -0.0606693402
-291.6 254.2 2582.3 -0.5053663850 0.0340120979 -0.8622342944 0.8150694370 0.3468856812 -0.4640389979 0.2833137810 -0.9372904897 -0.2030265629
-155.4 34.7 2506.0 -0.6407974362 0.0340120979 0.7669562101 -0.7121242285 0.3468856812 -0.6103682518 -0.2868060172 -0.9372904897 -0.1980626136
-312.9 199.6 2868.5 -0.2601922452 0.7849848866 -0.5622265339 -0.9002420306 0.0132964766 0.4351867437 0.3490906656 0.6193721890 0.7032167912
-384.2 -47.2 2964.2 0.2369337976 0.7849848866 -0.5724168420 -0.9302065969 0.0132964766 -0.3667953908 -0.2803177238 0.6193721890 0.7333485484
-318.1 -143.7 2561.0 -0.3071545362 0.0094733341 -0.9516124725 -0.0966094136 0.9944741130 0.0410829037 0.9467431903 0.1045535207 -0.3045420349
-321.8 -538.8 2519.4 -0.2908698320 -0.1545620859 -0.9441955686 -0.2135053575 0.9724652767 -0.0934170857 0.9326361418 0.1744186133 -0.3158606589
-330.5 -177.6 2740.7 0.0287368651 0.1841716766 0.9824739099 0.0602101125 0.9807761908 -0.1856145561 -0.9977719784 0.0644888431 0.0170954373
-403.6 -567.0 2715.1 0.0376065262 0.1614067703 0.9861711860 0.1138787717 0.9797480106 -0.1646981239 -0.9927826524 0.1184976920 0.0184641145
13.0 221.9 2581.4 0 0 0 0 0 0 0 0 0
-317.6 -308.8 2885.3 0 0 0 0 0 0 0 0 0
-267.7 -879.2 2458.4 0 0 0 0 0 0 0 0 0
-449.1 -842.8 2681.7 0 0 0 0 0 0 0 0 0
-287.6 419.5 2774.2 7 -0.0616850331 0.0610360727 -0.9962276816 -0.2370047271 0.9686843157 0.0740235671 0.9695482254 0.2406768054 -0.0452874824
-299.8 225.4 2726.0 -0.0616850331 0.0610360727 -0.9962276816 -0.2370047271 0.9686843157 0.0740235671 0.9695482254 0.2406768054 -0.0452874824
-309.7 31.0 2686.1 -0.0594606921 0.0494682752 -0.9970041513 -0.1978123039 0.9783809185 0.0603416450 0.9784348011 0.2008076459 -0.0483897738
-291.2 254.3 2583.1 -0.4987688661 0.0543378107 -0.8650300503 0.8199270964 0.3531236351 -0.4505810440 0.2809789777 -0.9339973927 -0.2206801176
-152.9 27.0 2505.2 -0.6232576966 0.0543378107 0.7801264524 -0.7187993526 0.3531236351 -0.5988582373 -0.3080217540 -0.9339973927 -0.1810290366
-308.5 196.6 2868.9 -0.2468352616 0.7920054197 -0.5583903193 -0.9064731002 0.0150116328 0.4219965935 0.3426059484 0.6103294492 0.7142262459
-376.2 -52.0 2962.8 0.2432073057 0.7920054197 -0.5599800348 -0.9247075915 0.0150116328 -0.3803820610 -0.2928584516 0.6103294492 0.7360243797
-318.3 -145.4 2559.6 -0.2945557535 0.0203938466 -0.9554166794 -0.0627880096 0.9971989989 0.0406433046 0.9535694122 0.0719604269 -0.2924501896
-326.4 -541.4 2531.0 -0.2671045363 -0.1665549129 -0.9491652250 -0.2561527491 0.9617887139 -0.0966860950 0.9289999604 0.2173060030 -0.2995616198
-331.7 -179.6 2739.2 0.0146267526 0.1799304187 0.9835705757 0.0608159304 0.9816945791 -0.1804916263 -0.9980418086 0.0624567680 0.0034163673
-403.2 -569.6 2714.4 0.0250269156 0.1638477147 0.9861681461 0.1228722632 0.9784932137 -0.1656908095 -0.9921068549 0.1253194362 0.0043563270
11.1 216.2 2586.2 0 0 0 0 0 0 0 0 0
-307.8 -312.0 2880.4 0 0 0 0 0 0 0 0 0
-268.4 -876.6 2455.3 0 0 0 0 0 0 0 0 0
-448.9 -842.9 2679.4 0 0 0 0 0 0 0 0 0
-287.7 417.8 2775.0 8 -0.0858743787 0.0616462603 -0.9943969846 -0.2278900295 0.9704080820 0.0798392817 0.9698926210 0.2334693074 -0.0692846254
-300.1 223.1 2728.1 -0.0858743787 0.0616462603 -0.9943969846 -0.2278900295 0.9704080820 0.0798392817 0.9698926210 0.2334693074 -0.0692846254
-310.0 28.4 2689.7 -0.0836464837 0.0494907983 -0.9952657819 -0.1887936443 0.9798901081 0.0645932704 0.9784478545 0.1933028400 -0.0726208165
-287.9 250.6 2585.2 -0.4794809520 0.0696579665 -0.8747832775 0.8272170424 0.3686309755 -0.4240555763 0.2929333746 -0.9269622564 -0.2343737930
-155.0 21.4 2504.1 -0.6246281862 0.0696579665 0.7778093815 -0.7083979249 0.3686309755 -0.6018999219 -0.3286517560 -0.9269622564 -0.1809117347
-312.3 195.5 2871.0 -0.2593924999 0.7773424983 -0.5731092095 -0.9022253752 0.0166554246 0.4309431314 0.3445357978 0.6288570762 0.6970178485
-383.4 -51.9 2965.5 0.2454451323 0.7773424983 -0.5792195797 -0.9284514189 0.0166554246 -0.3710802197 -0.2788092792 0.6288570762 0.7258127928
-314.1 -145.2 2556.4 -0.3176619709 0.0256742705 -0.9478563666 -0.0627376437 0.9968737960 0.0480277091 0.9461262226 0.0747228563 -0.3150581419
-324.3 -541.3 2526.7 -0.2940373421 -0.1571294814 -0.9427896738 -0.2420687824 0.9664773941 -0.0855809450 0.9246321917 0.2030559480 -0.3222166002
-325.0 -181.5 2735.8 0.0388258733 0.1977872252 0.9794757366 0.0529069602 0.9784330130 -0.1996738613 -0.9978443980 0.0595735982 0.0275241975
-403.5 -570.2 2712.2 0.0453710631 0.1598427743 0.9860992432 0.0929698944 0.9821560383 -0.1634812057 -0.9946346283 0.0990948603 0.0297008958
9.4 208.0 2590.6 0 0 0 0 0 0 0 0 0
-314.4 -313.0 2887.0 0 0 0 0 0 0 0 0 0
-270.0 -875.2 2456.6 0 0 0 0 0 0 0 0 0
-448.1 -843.9 2684.6 0 0 0 0 0 0 0 0 0
-283.4 422.4 2774.9 9 -0.0908911675 0.0747207254 -0.9930536747 -0.2202284187 0.9709840417 0.0932169631 0.9712045193 0.2271712422 -0.0717982501
-298.4 227.3 2729.2 -0.0908911675 0.0747207254 -0.9930536747 -0.2202284187 0.9709840417 0.0932169631 0.9712045193 0.2271712422 -0.0717982501
-309.9 32.6 2691.7 -0.0883985534 0.0581825115 -0.9943844676 -0.1836332530 0.9802296758 0.0736788809 0.9790120125 0.1891151667 -0.0759666488
-285.5 254.2 2586.3 -0.4546735585 0.0792228803 -0.8871277571 0.8412849307 0.3652224541 -0.3985626996 0.2924236953 -0.9275431633 -0.2327059954
-156.5 15.6 2503.3 -0.6036466956 0.0792228803 0.7933059931 -0.7228967547 0.3652224541 -0.5865431428 -0.3362008035 -0.9275431633 -0.1631953567
-311.3 200.5 2872.2 -0.2689563036 0.7755690813 -0.5710998774 -0.8981539607 0.0121734748 0.4395124912 0.3478245735 0.6311452985 0.6933063269
-385.0 -45.7 2967.6 0.2375710458 0.7755690813 -0.5848526359 -0.9319369793 0.0121734748 -0.3624158800 -0.2739588618 0.6311452985 0.7256735563
-312.2 -149.0 2561.6 -0.3223260045 0.0242525600 -0.9463179708 -0.0964248776 0.9936308861 0.0583084524 0.9417049289 0.1100429296 -0.3179345429
-321.8 -543.6 2517.9 -0.3054558635 -0.1559197307 -0.9393538833 -0.2177072167 0.9718080759 -0.0905133933 0.9269844890 0.1768562794 -0.3307893276
-327.5 -183.6 2741.0 0.0485428758 0.1828769743 0.9819366336 0.0791628435 0.9792986512 -0.1862991452 -0.9956790805 0.0867763981 0.0330609120
-400.1 -572.6 2706.5 0.0490814000 0.1783370078 0.9827445745 0.0821209252 0.9798784852 -0.1819182932 -0.9954130650 0.0896326974 0.0334486067
2.5 206.0 2591.9 0 0 0 0 0 0 0 0 0
-318.2 -307.8 2890.6 0 0 0 0 0 0 0 0 0
-268.7 -874.4 2457.7 0 0 0 0 0 0 0 0 0
-449.6 -844.4 2681.6 0 0 0 0 0 0 0 0 0
-281.7 422.2 2774.3 0 -0.0376696177 0.0623526946 -0.9973430634 -0.2118821740 0.9748598933 0.0689498633 0.9765689373 0.2139165252 -0.0235111751
-294.2 226.1 2731.3 -0.0376696177 0.0623526946 -0.9973430634 -0.2118821740 0.9748598933 0.0689498633 0.9765689373 0.2139165252 -0.0235111751
-303.7 31.1 2694.7 -0.0359932072 0.0477121770 -0.9982123971 -0.1820796281 0.9818275571 0.0534943826 0.9826247692 0.1836795956 -0.0266517065
-289.0 252.7 2587.9 -0.4259543121 0.0578349903 -0.9028942585 0.8535007834 0.3567761779 -0.3797988296 0.3001654744 -0.9323979020 -0.2013325542
-172.3 18.9 2505.7 -0.6343190074 0.0578349903 0.7709049582 -0.7080699801 0.3567761779 -0.6093830466 -0.3102841675 -0.9323979020 -0.1853586882
-299.5 199.6 2874.6 -0.2329706550 0.8055887222 -0.5447490215 -0.9024733305 0.0295980722 0.4297275841 0.3623072207 0.5917354226 0.7201268673
-363.3 -47.7 2973.9 0.2422304153 0.8055887222 -0.5406951308 -0.9279181957 0.0295980722 -0.3716070652 -0.2833589315 0.5917354226 0.7546899915
-313.4 -145.4 2564.3 -0.2736366689 0.0246290267 -0.9615177512 -0.1252886206 0.9902420044 0.0610204637 0.9536381364 0.1371646672 -0.2678807974
-323.2 -538.6 2509.8 -0.2638789713 -0.1572008878 -0.9516595006 -0.1898070127 0.9758014083 -0.1085585430 0.9456961155 0.1519853175 -0.2873312831
-329.6 -179.0 2743.8 0.0033094180 0.1630150080 0.9866180420 0.1114726067 0.9804140925 -0.1623638719 -0.9937620163 0.1105182171 -0.0149271078
-394.4 -568.4 2699.9 -0.0061899116 0.1963001490 0.9805243015 0.0642277300 0.9785965085 -0.1955087334 -0.9979160428 0.0617666692 -0.0186653379
-7.0 203.4 2586.6 0 0 0 0 0 0 0 0 0
-295.2 -308.6 2894.2 0 0 0 0 0 0 0 0 0
-268.9 -875.7 2457.3 0 0 0 0 0 0 0 0 0
-449.7 -844.1 2682.5 0 0 0 0 0 0 0 0 0
-281.4 421.1 2774.0 1 0.0407279097 0.0468837060 -0.9980697036 -0.2070223391 0.9776182175 0.0374751166 0.9774881005 0.2050964534 0.0495223217
-290.9 223.9 2732.7 0.0407279097 0.0468837060 -0.9980697036 -0.2070223391 0.9776182175 0.0374751166 0.9774881005 0.2050964534 0.0495223217
-297.7 28.6 2696.6 0.0417543389 0.0343149379 -0.9985384345 -0.1822394133 0.9829062223 0.0261573102 0.9823672175 0.1808808893 0.0472941324
-296.9 250.3 2589.7 -0.3954207301 0.1922459602 -0.8981558681 0.8780010939 0.3662775159 -0.3081474900 0.2697341740 -0.9104297161 -0.3136258721
-184.9 1.6 2513.3 -0.6199802160 0.1922459602 0.7607010007 -0.6738117933 0.3662775159 -0.6417308450 -0.4019978344 -0.9104297161 -0.0975472108
-284.8 197.5 2875.7 -0.1805445552 0.8461625576 -0.5014106035 -0.9087083340 0.0515725315 0.4142335355 0.3763678968 0.5304236412 0.7596038580
-334.2 -51.3 2978.7 0.2453200966 0.8461625576 -0.4731035829 -0.9212765098 0.0515725315 -0.3854735196 -0.3017741144 0.5304236412 0.7922014594
-309.8 -147.4 2568.2 -0.1984997094 0.0341964923 -0.9795041680 -0.1156324446 0.9915942550 0.0580518693 0.9732558727 0.1247857437 -0.1928769350
-323.4 -541.3 2518.6 -0.1846550554 -0.1586913317 -0.9699069858 -0.2060532421 0.9711953998 -0.1196728349 0.9609602094 0.1777542830 -0.2120350003
-316.4 -180.7 2748.2 -0.0688859001 0.1893113852 0.9794977903 0.1362996101 0.9744093418 -0.1787422746 -0.9882698059 0.1211923435 -0.0929261297
-391.6 -567.6 2700.0 -0.0802687332 0.2007780671 0.9763427377 0.0816225186 0.9775377512 -0.1943133324 -0.9934257269 0.0640942603 -0.0948537290
-24.4 176.1 2617.4 0 0 0 0 0 0 0 0 0
-265.2 -310.3 2893.8 0 0 0 0 0 0 0 0 0
-268.4 -877.8 2457.0 0 0 0 0 0 0 0 0 0
-448.0 -842.3 2682.0 0 0 0 0 0 0 0 0 0
-282.0 420.9 2774.9 2 0.0467065163 0.0416738130 -0.9980389476 -0.2260683775 0.9736470580 0.0300756954 0.9729910493 0.2242203206 0.0548967905
-290.4 225.5 2729.9 0.0467065163 0.0416738130 -0.9980389476 -0.2260683775 0.9736470580 0.0300756954 0.9729910493 0.2242203206 0.0548967905
-296.8 30.5 2692.3 0.0480558388 0.0323745459 -0.9983198643 -0.1904424429 0.9814367890 0.0226597730 0.9805214405 0.1890335381 0.0533292592
-297.4 253.2 2586.9 -0.3469455838 0.2382385135 -0.9071224928 0.9040393233 0.3424369097 -0.2558318079 0.2496832311 -0.9088340998 -0.3341839612
-202.0 4.5 2518.2 -0.6594405174 0.2382385135 0.7130081058 -0.6299629807 0.3424369097 -0.6970534921 -0.4102253020 -0.9088340998 -0.0757353380
-283.4 197.8 2872.9 -0.1757809222 0.8489840031 -0.4983244240 -0.9120414257 0.0500753373 0.4070293307 0.3705151379 0.5260404944 0.7655063272
-331.6 -52.1 2974.4 0.2467822284 0.8489840031 -0.4672522545 -0.9178406596 0.0500753373 -0.3937778473 -0.3109132946 0.5260404944 0.7915897369
-308.3 -150.1 2570.8 -0.1924107373 0.0352236442 -0.9806821346 -0.1233637035 0.9905591607 0.0597824790 0.9735293984 0.1324833632 -0.1862488985
-322.3 -543.6 2518.1 -0.1799110025 -0.1590426862 -0.9707406759 -0.2041449845 0.9713946581 -0.1213148683 0.9622665048 0.1763459593 -0.2072323412
-300.6 -183.3 2750.3 -0.0714120194 0.2187503725 0.9731642008 0.1620045900 0.9652439952 -0.2050819397 -0.9842026234 0.1430117488 -0.1043685824
-387.5 -566.4 2693.5 -0.0950100496 0.2166092396 0.9716241956 0.0584870912 0.9755680561 -0.2117693275 -0.9937567115 0.0367072560 -0.1053576171
-34.0 165.0 2622.8 0 0 0 0 0 0 0 0 0
-262.2 -310.2 2886.9 0 0 0 0 0 0 0 0 0
-267.3 -879.6 2457.1 0 0 0 0 0 0 0 0 0
-448.7 -842.3 2683.1 0 0 0 0 0 0 0 0 0
-283.2 418.8 2773.8 3 -0.0021846371 0.0504253842 -0.9987254143 -0.2117570490 0.9760555625 0.0497439913 0.9773198962 0.2115958184 0.0085456036
-293.4 222.0 2731.2 -0.0021846371 0.0504253842 -0.9987254143 -0.2117570490 0.9760555625 0.0497439913 0.9773198962 0.2115958184 0.0085456036
-302.2 26.8 2695.3 -0.0006496604 0.0443861410 -0.9990142584 -0.1800455153 0.9826836586 0.0437776558 0.9836580753 0.1798964739 0.0073531149
-293.3 248.2 2587.8 -0.3164271414 0.2924794555 -0.9024021626 0.9163179398 0.3403578997 -0.2109925896 0.2454287112 -0.8936510682 -0.3757026494
-210.2 7.5 2523.3 -0.6667706966 0.2924794555 0.6854725480 -0.5972927213 0.3403578997 -0.7262216210 -0.4457108974 -0.8936510682 -0.0522448309
-293.5 195.9 2874.6 -0.2118321061 0.8250317574 -0.5238795280 -0.9039215446 0.0383961536 0.4259713292 0.3715548217 0.5637804270 0.7376304269
-351.5 -51.7 2976.3 0.2410274297 0.8250317574 -0.5111050606 -0.9262930155 0.0383961536 -0.3748426735 -0.2896326184 0.5637804270 0.7734756470
-307.7 -147.1 2564.9 -0.2393309474 0.0334250182 -0.9703625441 -0.1140095815 0.9915260077 0.0622734241 0.9642211795 0.1255345792 -0.2334920913
-320.9 -541.1 2515.0 -0.2274158299 -0.1496929228 -0.9622235298 -0.1976776719 0.9746376872 -0.1049042493 0.9535227418 0.1663532108 -0.2512389719
-298.9 -181.9 2744.4 -0.0304662343 0.2214036733 0.9747062325 0.1207352951 0.9688338637 -0.2162959725 -0.9922171235 0.1110917181 -0.0562479571
-386.8 -566.6 2700.3 -0.0416263975 0.2183029354 0.9749928713 0.0712748542 0.9740013480 -0.2150379121 -0.9965877533 0.0605412163 -0.0561036766
-39.8 160.2 2637.2 0 0 0 0 0 0 0 0 0
-283.7 -312.2 2894.9 0 0 0 0 0 0 0 0 0
-268.8 -880.3 2457.1 0 0 0 0 0 0 0 0 0
-448.5 -842.1 2683.2 0 0 0 0 0 0 0 0 0
-282.9 421.2 2774.8 4 0.0114041846 0.0552349649 -0.9984082580 -0.1888604909 0.9806212187 0.0520936958 0.9819377065 0.1879657954 0.0216148868
-294.2 219.9 2736.2 0.0114041846 0.0552349649 -0.9984082580 -0.1888604909 0.9806212187 0.0520936958 0.9819377065 0.1879657954 0.0216148868
-304.2 24.1 2703.7 0.0127370739 0.0502412505 -0.9986559153 -0.1640172154 0.9853142500 0.0474781394 0.9863752723 0.1631920189 0.0207904503
-296.1 243.8 2592.3 -0.3213879764 0.3018814027 -0.8975396156 0.9134728909 0.3486193120 -0.2098375559 0.2495536059 -0.8873174191 -0.3878025413
-213.6 9.4 2528.2 -0.6708248258 0.3018814027 0.6773933172 -0.5836539268 0.3486193120 -0.7333571315 -0.4575392604 -0.8873174191 -0.0576682463
-292.3 196.0 2880.1 -0.2094534039 0.8330175877 -0.5120654106 -0.8967863917 0.0450845435 0.4401608706 0.3897479773 0.5514065027 0.7375956774
-349.7 -49.8 2986.9 0.2342412621 0.8330175877 -0.5012112856 -0.9316739440 0.0450845435 -0.3604872227 -0.2776952982 0.5514065027 0.7866614461
-311.0 -152.0 2569.5 -0.2268910408 0.0243425388 -0.9736158848 -0.1264014393 0.9904962182 0.0542211235 0.9656827450 0.1353687346 -0.2216577828
-320.7 -545.6 2515.7 -0.2169945091 -0.1492027491 -0.9647030234 -0.1950133145 0.9749549627 -0.1069232225 0.9564952850 0.1649281830 -0.2406563908
-311.2 -184.9 2749.5 -0.0399922952 0.1942978352 0.9801270366 0.1240038872 0.9742937684 -0.1880817115 -0.9914754629 0.1140177399 -0.0630579293
-388.3 -571.7 2704.3 -0.0514714085 0.2136708945 0.9755488038 0.0720563009 0.9750922322 -0.2097691000 -0.9960715771 0.0594973266 -0.0655857027
-41.7 159.0 2645.5 0 0 0 0 0 0 0 0 0
-283.9 -311.7 2908.8 0 0 0 0 0 0 0 0 0
-269.5 -880.3 2459.1 0 0 0 0 0 0 0 0 0
-447.8 -843.4 2687.7 0 0 0 0 0 0 0 0 0
-281.2 421.9 2764.8 5 0.0298498981 0.0544343404 -0.9980710745 -0.1639329791 0.9852620363 0.0488329008 0.9860197306 0.1621591151 0.0383335575
-292.5 216.9 2731.0 0.0298498981 0.0544343404 -0.9980710745 -0.1639329791 0.9852620363 0.0488329008 0.9860197306 0.1621591151 0.0383335575
-301.6 20.5 2702.6 0.0308264587 0.0459525809 -0.9984678626 -0.1447311491 0.9886199236 0.0410309546 0.9889907241 0.1432445645 0.0371264219
-297.0 238.0 2586.7 -0.3356782496 0.3603912294 -0.8703092933 0.9169280529 0.3366601467 -0.2142495960 0.2157847881 -0.8699299097 -0.4434623122
-213.5 9.7 2533.0 -0.6454907656 0.3603912294 0.6733942628 -0.5832412839 0.3366601467 -0.7392492890 -0.4931239784 -0.8699299097 -0.0071159638
-288.0 195.8 2875.4 -0.1962421685 0.8419380188 -0.5026225448 -0.8903684616 0.0617301501 0.4510358870 0.4107712209 0.5360315442 0.7375209928
-341.8 -48.2 2988.0 0.2364256978 0.8419380188 -0.4850188494 -0.9351953268 0.0617301501 -0.3487106562 -0.2636524737 0.5360315442 0.8019710779
-315.4 -156.6 2580.9 -0.2103407830 0.0139812650 -0.9775281549 -0.1655429751 0.9849490523 0.0497083105 0.9635103941 0.1722785980 -0.2048604637
-320.9 -547.7 2512.5 -0.2069093138 -0.1495088637 -0.9668689966 -0.1883592159 0.9758538604 -0.1105894670 0.9600569606 0.1592366993 -0.2300746292
-313.0 -186.6 2761.6 -0.0430651307 0.1793394536 0.9828442335 0.1826562136 0.9685893059 -0.1687349379 -0.9822332263 0.1722560078 -0.0744698867
-384.1 -570.7 2693.3 -0.0765248239 0.2222314626 0.9719861746 0.0399673693 0.9747449160 -0.2197155654 -0.9962663054 0.0220340360 -0.0834741890
-47.3 159.9 2659.9 0 0 0 0 0 0 0 0 0
-275.3 -311.2 2913.8 0 0 0 0 0 0 0 0 0
-270.1 -879.5 2458.4 0 0 0 0 0 0 0 0 0
-447.1 -846.8 2687.1 0 0 0 0 0 0 0 0 0
-278.7 425.5 2760.3 6 0.0410245582 0.0652939007 -0.9970223904 -0.1448599398 0.9877080321 0.0587233528 0.9886013269 0.1420194954 0.0499787554
-292.3 219.8 2730.7 0.0410245582 0.0652939007 -0.9970223904 -0.1448599398 0.9877080321 0.0587233528 0.9886013269 0.1420194954 0.0499787554
-303.5 23.0 2705.6 0.0420087725 0.0562508665 -0.9975324869 -0.1288422346 0.9903824329 0.0504217818 0.9907749295 0.1264061630 0.0488522388
-298.5 238.6 2586.1 -0.3418912590 0.3776286542 -0.8605271578 0.9202308655 0.3201513290 -0.2251185030 0.1904876977 -0.8688496351 -0.4569624662
-212.6 7.3 2538.2 -0.6364639997 0.3776286542 0.6725401282 -0.5917784572 0.3201513290 -0.7397982478 -0.4946836233 -0.8688496351 0.0197077096
-286.2 201.0 2875.3 -0.1986774653 0.8491146564 -0.4894196093 -0.8817091584 0.0631825477 0.4675435126 0.4279208183 0.5244160891 0.7361192107
-340.6 -40.7 2992.6 0.2251164764 0.8491146564 -0.4778356254 -0.9414264560 0.0631825477 -0.3312464952 -0.2510753870 0.5244160891 0.8136023879
-313.6 -162.6 2583.5 -0.2003735006 0.0202999599 -0.9795092344 -0.1805513650 0.9818959832 0.0572839491 0.9629390836 0.1883299202 -0.1930807531
-321.6 -552.6 2508.7 -0.2017410845 -0.1513798237 -0.9676697254 -0.1717741787 0.9781392813 -0.1172059402 0.9642583728 0.1425754279 -0.2233340293
-307.9 -189.1 2764.7 -0.0503956340 0.2085938156 0.9767030478 0.1836641729 0.9632028341 -0.1962339282 -0.9816963673 0.1694960296 -0.0868524313
-390.7 -571.3 2697.4 -0.0803014636 0.2007164061 0.9763526917 0.0423241071 0.9793190956 -0.1978452355 -0.9958716631 0.0254359934 -0.0871359035
-48.5 159.9 2665.7 0 0 0 0 0 0 0 0 0
-277.3 -305.4 2922.0 0 0 0 0 0 0 0 0 0
-270.9 -880.4 2460.9 0 0 0 0 0 0 0 0 0
-447.8 -850.0 2690.2 0 0 0 0 0 0 0 0 0
-283.3 422.9 2757.5 7 0.0372564197 0.0511678904 -0.9979948997 -0.1322775185 0.9901527762 0.0458277278 0.9905123115 0.1303049177 0.0436579064
-294.0 214.1 2730.0 0.0372564197 0.0511678904 -0.9979948997 -0.1322775185 0.9901527762 0.0458277278 0.9905123115 0.1303049177 0.0436579064
-305.3 17.0 2707.1 0.0380450115 0.0566410273 -0.9976694584 -0.1177809313 0.9916871190 0.0518099479 0.9923105240 0.1155353263 0.0443999805
-299.6 231.3 2585.1 -0.3530502915 0.3688210249 -0.8598409891 0.9202492237 0.3027087152 -0.2480097115 0.1688101590 -0.8788279295 -0.4462786615
-213.9 7.8 2544.1 -0.6350092888 0.3688210249 0.6787741184 -0.6083881855 0.3027087152 -0.7336424589 -0.4760535955 -0.8788279295 0.0321635306
-288.5 196.9 2874.9 -0.2012408227 0.8471254110 -0.4918136299 -0.8766435385 0.0682564080 0.4762742817 0.4370335042 0.5269910693 0.7288910151
-343.7 -43.5 2994.8 0.2251945436 0.8471254110 -0.4813168943 -0.9443736672 0.0682564080 -0.3217133284 -0.2396785766 0.5269910693 0.8153738976
-318.5 -161.9 2589.7 -0.2042315155 0.0219723843 -0.9786760211 -0.1676571220 0.9841913581 0.0570831373 0.9644587040 0.1757401675 -0.1973190606
-327.2 -552.9 2519.8 -0.1977554709 -0.1691260189 -0.9655511975 -0.2058371603 0.9702073932 -0.1277838796 0.9583964944 0.1734763682 -0.2266762406
-310.8 -185.5 2771.3 -0.0370986797 0.1721602976 0.9843701124 0.2198546529 0.9623191953 -0.1600178927 -0.9748269916 0.2104818970 -0.0735510141
-379.0 -567.1 2687.8 -0.0848375410 0.2353023887 0.9682124853 0.0300486833 0.9718779325 -0.2335602492 -0.9959415793 0.0092788311 -0.0895222574
-50.2 164.5 2666.8 0 0 0 0 0 0 0 0 0
-280.3 -309.0 2927.4 0 0 0 0 0 0 0 0 0
-270.1 -880.7 2461.2 0 0 0 0 0 0 0 0 0
-447.7 -850.8 2685.1 0 0 0 0 0 0 0 0 0
-282.2 425.5 2756.1 8 0.0483726412 0.0647249520 -0.9967300296 -0.1564112306 0.9860779643 0.0564423874 0.9865067601 0.1531695127 0.0578229055
-295.6 222.0 2724.5 0.0483726412 0.0647249520 -0.9967300296 -0.1564112306 0.9860779643 0.0564423874 0.9865067601 0.1531695127 0.0578229055
-307.2 25.5 2697.6 0.0494933650 0.0583955832 -0.9970659018 -0.1384322792 0.9890550375 0.0510547683 0.9891344309 0.1354992390 0.0570354983
-302.8 242.2 2580.1 -0.3553701043 0.3969742656 -0.8462408185 0.9253920317 0.2770382166 -0.2586493194 0.1317639202 -0.8750207424 -0.4658079147
-212.1 6.1 2546.5 -0.6230583191 0.3969742656 0.6739508510 -0.6186986566 0.2770382166 -0.7351610661 -0.4785501659 -0.8750207424 0.0729964972
