-407.1 504.8 2661.1 35 -0.7484915257 -0.0640586466 -0.6600431800 -0.1008696482 0.9947395921 0.0178448986 0.6554279327 0.0799350739 -0.7510157228
-394.3 306.1 2645.2 -0.7484915257 -0.0640586466 -0.6600431800 -0.1008696482 0.9947395921 0.0178448986 0.6554279327 0.0799350739 -0.7510157228
-383.9 108.2 2630.7 -0.7492856383 -0.0524721704 -0.6601648927 -0.0873027369 0.9959825277 0.0199243054 0.6564671993 0.0725632012 -0.7508563995
-289.0 318.4 2552.9 -0.9569600224 -0.2770387828 -0.0864698440 -0.1146253645 0.6345179081 -0.7643612027 0.2666243613 -0.7215514779 -0.6389639378
-143.8 335.8 2512.4 -0.5479802489 -0.2770387828 0.7892826796 -0.7211868167 0.6345179081 -0.2779866159 -0.4238009453 -0.7215514779 -0.5475000143
-499.7 293.9 2737.5 -0.2574232221 0.8619942665 -0.4366911352 -0.8948585391 -0.0421235561 0.4443577528 0.3646388650 0.5051648021 0.7822065353
-569.1 52.4 2835.8 -0.1115938500 0.8656489849 -0.4880560040 -0.9796339273 -0.0133307204 0.2003487349 0.1669255346 0.5004739165 0.8495067358
-301.9 -80.4 2557.3 -0.4471246898 0.3205248713 -0.8350708485 0.0797701851 0.9441601038 0.3196849227 0.8909075260 0.0763252676 -0.4477256238
-429.3 -455.5 2526.9 -0.4712806344 0.1600330323 -0.8673430681 -0.0448409803 0.9777814746 0.2047748119 0.8808426857 0.1353989094 -0.4536333978
-442.1 -97.8 2676.5 -0.8392685652 0.0265425052 -0.5430688262 0.0289661530 0.9995720387 0.0040892866 0.5429449677 -0.0122986045 -0.8396782279
-452.7 -497.1 2681.4 -0.8392685652 0.0265425052 -0.5430688262 0.0289661530 0.9995720387 0.0040892866 0.5429449677 -0.0122986045 -0.8396782279
-16.4 503.4 2610.9 0 0 0 0 0 0 0 0 0
-598.1 -202.2 2879.2 0 0 0 0 0 0 0 0 0
-487.8 -813.0 2477.4 0 0 0 0 0 0 0 0 0
-462.9 -881.0 2686.1 0 0 0 0 0 0 0 0 0
-404.9 503.2 2659.5 36 -0.7639793754 -0.0569199845 -0.6427251697 -0.0955751166 0.9950960875 0.0254798923 0.6381229162 0.0808946416 -0.7656730413
-393.5 305.0 2643.3 -0.7639793754 -0.0569199845 -0.6427251697 -0.0955751166 0.9950960875 0.0254798923 0.6381229162 0.0808946416 -0.7656730413
-384.0 106.9 2629.0 -0.7646453381 -0.0477263890 -0.6426816583 -0.0829024687 0.9962527156 0.0246520843 0.6390967965 0.0721299946 -0.7657366395
-286.0 316.6 2553.5 -0.9530784488 -0.2928755283 -0.0765855536 -0.1361505687 0.6406626701 -0.7556549311 0.2703783512 -0.7097712755 -0.6504769921
-144.1 336.9 2513.2 -0.5451256037 -0.2928755283 0.7855329514 -0.7217411399 0.6406626701 -0.2619943321 -0.4265299141 -0.7097712755 -0.5606219769
-501.1 293.3 2733.2 -0.2715708613 0.8498922586 -0.4515888095 -0.8933879733 -0.0481148027 0.4467022419 0.3579206765 0.5247552991 0.7723500729
-574.4 52.3 2829.8 -0.1218125001 0.8538389206 -0.5060837865 -0.9789938331 -0.0193652585 0.2029681206 0.1635016352 0.5201769471 0.8382619619
-304.7 -81.8 2556.2 -0.4633153379 0.3179540932 -0.8271904588 0.0924793482 0.9456704855 0.3116968870 0.8813549280 0.0679159090 -0.4675478339
-431.1 -457.7 2529.2 -0.4904815257 0.1581483483 -0.8569813371 -0.0456458889 0.9773829579 0.2064922154 0.8702553511 0.1403982937 -0.4721694589
-444.6 -98.7 2673.2 -0.8517740965 0.0278401338 -0.5231689811 0.0172235779 0.9995353818 0.0251478944 0.5236260295 0.0124094831 -0.8518578410
-455.7 -496.9 2668.3 -0.8517740965 0.0278401338 -0.5231689811 0.0172235779 0.9995353818 0.0251478944 0.5236260295 0.0124094831 -0.8518578410
-17.4 504.6 2612.3 0 0 0 0 0 0 0 0 0
-606.0 -202.2 2872.3 0 0 0 0 0 0 0 0 0
-488.3 -811.6 2478.3 0 0 0 0 0 0 0 0 0
-466.4 -879.8 2663.5 0 0 0 0 0 0 0 0 0
-403.5 500.8 2657.1 37 -0.7770566344 -0.0545763150 -0.6270601749 -0.0926093310 0.9953049421 0.0281354543 0.6225805283 0.0799344629 -0.7784625888
-392.7 302.9 2641.2 -0.7770566344 -0.0545763150 -0.6270601749 -0.0926093310 0.9953049421 0.0281354543 0.6225805283 0.0799344629 -0.7784625888
-383.5 104.8 2627.0 -0.7776563168 -0.0460417308 -0.6270014644 -0.0807391331 0.9963701963 0.0269739144 0.6234836578 0.0715999901 -0.7785509229
-283.3 314.2 2553.5 -0.9477719069 -0.3133232594 -0.0596399307 -0.1655323356 0.6430454850 -0.7477242351 0.2726306021 -0.6987996697 -0.6613256335
-144.8 338.4 2513.7 -0.5559511781 -0.3133232594 0.7699005008 -0.7207799554 0.6430454850 -0.2587832212 -0.4139982462 -0.6987996697 -0.5833390355
-502.1 291.5 2728.9 -0.2816298604 0.8389477134 -0.4656729698 -0.8926326632 -0.0510447286 0.4478854239 0.3519823253 0.5418128371 0.7632478476
-578.1 50.6 2823.9 -0.1282495111 0.8430776596 -0.5222759247 -0.9786546826 -0.0223143809 0.2042966485 0.1605836749 0.5373287201 0.8279436827
-304.4 -83.5 2556.1 -0.4774820805 0.3187402487 -0.8187890649 0.1032236069 0.9457768798 0.3079788685 0.8725569844 0.0625360310 -0.4844930470
-431.1 -459.5 2531.2 -0.5087064505 0.1529884934 -0.8472380042 -0.0545055643 0.9763877392 0.2090362161 0.8592129350 0.1525172591 -0.4883559942
-445.7 -100.7 2669.9 -0.8623599410 0.0280948561 -0.5055156350 0.0115365265 0.9992903471 0.0358570144 0.5061642528 0.0250897575 -0.8620720506
-456.9 -498.4 2659.9 -0.8623599410 0.0280948561 -0.5055156350 0.0115365265 0.9992903471 0.0358570144 0.5061642528 0.0250897575 -0.8620720506
-17.5 503.5 2608.5 0 0 0 0 0 0 0 0 0
-611.4 -203.8 2865.6 0 0 0 0 0 0 0 0 0
-486.5 -812.7 2476.0 0 0 0 0 0 0 0 0 0
-467.6 -880.8 2650.3 0 0 0 0 0 0 0 0 0
-404.1 504.3 2657.4 38 -0.7774261236 -0.0604978614 -0.6260579824 -0.0952394828 0.9952090979 0.0220964178 0.6217218041 0.0768037736 -0.7794633508
-392.1 306.1 2642.2 -0.7774261236 -0.0604978614 -0.6260579824 -0.0952394828 0.9952090979 0.0220964178 0.6217218041 0.0768037736 -0.7794633508
-381.7 108.1 2628.5 -0.7780841589 -0.0523199178 -0.6259773374 -0.0836236849 0.9962829351 0.0206729844 0.6225689650 0.0684318542 -0.7795671821
-282.6 317.9 2554.6 -0.9446021914 -0.3036902249 -0.1244949102 -0.1191144437 0.6706370711 -0.7321596146 0.3058406115 -0.6767703891 -0.6696591377
-138.4 336.1 2507.9 -0.5376592875 -0.3036902249 0.7865715027 -0.7070398927 0.6706370711 -0.2243669629 -0.4593659341 -0.6767703891 -0.5752953291
-501.6 294.4 2729.8 -0.2767108977 0.8384219408 -0.4695526361 -0.8931998610 -0.0441790372 0.4474843442 0.3544363081 0.5432281494 0.7611032128
-576.2 53.3 2825.4 -0.1224993095 0.8423826098 -0.5247718096 -0.9789060950 -0.0154388789 0.2037264109 0.1635137051 0.5386586785 0.8265047669
-303.0 -85.9 2555.6 -0.4759142697 0.3321340084 -0.8143664002 0.1132739782 0.9413869381 0.3177414238 0.8721666336 0.0589711592 -0.4856416285
-435.1 -460.1 2532.1 -0.5088459253 0.1432646066 -0.8488528132 -0.0588115975 0.9779657722 0.2003102601 0.8588463664 0.1518494487 -0.4892082512
-442.6 -97.6 2672.1 -0.8632629514 0.0207870323 -0.5043262839 0.0038733177 0.9993950129 0.0345624760 0.5047396421 0.0278830882 -0.8628212214
-450.9 -495.2 2661.0 -0.8632629514 0.0207870323 -0.5043262839 0.0038733177 0.9993950129 0.0345624760 0.5047396421 0.0278830882 -0.8628212214
-14.8 498.7 2613.5 0 0 0 0 0 0 0 0 0
-608.1 -201.2 2867.9 0 0 0 0 0 0 0 0 0
-486.9 -813.9 2477.2 0 0 0 0 0 0 0 0 0
-458.9 -877.4 2650.3 0 0 0 0 0 0 0 0 0
-403.6 508.5 2658.6 39 -0.7808254361 -0.0602803379 -0.6218343377 -0.0982173830 0.9948015213 0.0268940702 0.6169805527 0.0820745155 -0.7826868892
-391.6 310.4 2642.3 -0.7808254361 -0.0602803379 -0.6218343377 -0.0982173830 0.9948015213 0.0268940702 0.6169805527 0.0820745155 -0.7826868892
-381.3 112.4 2627.7 -0.7814905643 -0.0522070043 -0.6217289567 -0.0864459872 0.9959420562 0.0250295084 0.6178993583 0.0733062997 -0.7828324437
-281.7 322.6 2555.3 -0.9436557889 -0.2867735028 -0.1651505381 -0.0667184070 0.6536697745 -0.7538331747 0.3241333067 -0.7003405094 -0.6359723210
-139.6 332.6 2506.5 -0.5217471123 -0.2867735028 0.8034555912 -0.7196826935 0.6536697745 -0.2340355963 -0.4580794275 -0.7003405094 -0.5474362373
-501.6 298.2 2729.2 -0.2790908217 0.8354399800 -0.4734430909 -0.8948574662 -0.0474246033 0.4438254535 0.3483366668 0.5475316644 0.7608354688
-576.9 56.7 2823.2 -0.1238781065 0.8394403458 -0.5291447043 -0.9796696305 -0.0186600722 0.1997480094 0.1578026563 0.5431313515 0.8246857524
-299.9 -82.3 2557.8 -0.4831548035 0.3325233161 -0.8099318743 0.1017267480 0.9401260614 0.3252916634 0.8696051240 0.0747744888 -0.4880529344
-432.1 -456.0 2528.1 -0.5109475851 0.1524165720 -0.8459916115 -0.0418743230 0.9785737395 0.2015935481 0.8585913777 0.1384290606 -0.4936175346
-442.6 -93.5 2669.8 -0.8660274148 0.0205369312 -0.4995745122 -0.0002647777 0.9991371036 0.0415323712 0.4999963939 0.0361004509 -0.8652747273
-450.7 -490.9 2655.4 -0.8660274148 0.0205369312 -0.4995745122 -0.0002647777 0.9991371036 0.0415323712 0.4999963939 0.0361004509 -0.8652747273
-17.7 500.7 2613.5 0 0 0 0 0 0 0 0 0
-609.2 -198.0 2864.3 0 0 0 0 0 0 0 0 0
-487.8 -813.9 2477.5 0 0 0 0 0 0 0 0 0
-458.6 -872.9 2641.6 0 0 0 0 0 0 0 0 0
-406.8 527.6 2668.2 40 -0.7714991570 -0.0728833973 -0.6320419908 -0.1184937730 0.9924957156 0.0301900599 0.6250985861 0.0981846452 -0.7743458748
-392.2 329.1 2648.6 -0.7714991570 -0.0728833973 -0.6320419908 -0.1184937730 0.9924957156 0.0301900599 0.6250985861 0.0981846452 -0.7743458748
-380.0 131.4 2630.9 -0.7725036144 -0.0612562634 -0.6320489049 -0.1036174893 0.9941558242 0.0302929394 0.6264994740 0.0888927281 -0.7743361592
-283.5 343.6 2560.4 -0.9400733709 -0.2224654108 -0.2584013045 0.0730776042 0.6087740660 -0.7899707556 0.3330491781 -0.7615137696 -0.5560350418
-142.3 332.7 2510.4 -0.5369879603 -0.2224654108 0.8137278557 -0.7284410596 0.6087740660 -0.3142732978 -0.4254615009 -0.7615137696 -0.4889573157
-500.9 314.5 2736.7 -0.2656381428 0.8428744674 -0.4679732621 -0.9027432799 -0.0471016690 0.4275933206 0.3383651674 0.5360448360 0.7734112740
-572.6 70.8 2828.0 -0.1120799035 0.8465295434 -0.5204093456 -0.9831202626 -0.0182491522 0.1820482016 0.1446121484 0.5320288539 0.8342856765
-299.2 -77.7 2556.4 -0.4681997597 0.3277175725 -0.8206035495 0.0972399265 0.9421496987 0.3207776845 0.8782559037 0.0703926086 -0.4729815125
-429.5 -452.2 2528.4 -0.4956565201 0.1572164297 -0.8541707397 -0.0425249226 0.9779074192 0.2046673596 0.8674769402 0.1377682537 -0.4780205488
-438.7 -75.7 2670.7 -0.8594337702 0.0108418707 -0.5111321211 -0.0174533334 0.9985701442 0.0505277440 0.5109490752 0.0523462109 -0.8580156565
-443.0 -472.7 2649.8 -0.8594337702 0.0108418707 -0.5111321211 -0.0174533334 0.9985701442 0.0505277440 0.5109490752 0.0523462109 -0.8580156565
-17.5 502.1 2609.3 0 0 0 0 0 0 0 0 0
-601.7 -184.7 2865.6 0 0 0 0 0 0 0 0 0
-487.7 -814.5 2477.4 0 0 0 0 0 0 0 0 0
-447.2 -854.4 2629.8 0 0 0 0 0 0 0 0 0
-409.2 519.1 2671.5 41 -0.7649754882 -0.0780451298 -0.6393132806 -0.1295005828 0.9909970164 0.0339775085 0.6309058070 0.1087834015 -0.7681953311
-393.6 321.3 2649.8 -0.7649754882 -0.0780451298 -0.6393132806 -0.1295005828 0.9909970164 0.0339775085 0.6309058070 0.1087834015 -0.7681953311
-380.3 124.0 2629.8 -0.7659854889 -0.0668320805 -0.6393744946 -0.1156717092 0.9926771522 0.0348155499 0.6323656440 0.1006257460 -0.7681068778
-285.8 337.6 2560.8 -0.9461805820 -0.2288440466 -0.2288509607 0.0444691218 0.6084821820 -0.7923206091 0.3205695748 -0.7598551512 -0.5655574799
-142.8 330.9 2512.4 -0.5332862735 -0.2288440466 0.8143931031 -0.7313817739 0.6084821820 -0.3079450428 -0.4250723124 -0.7598551512 -0.4918675423
-501.4 305.0 2738.8 -0.2566887736 0.8480862379 -0.4635306299 -0.9081825614 -0.0475849099 0.4158607125 0.3306286633 0.5277171731 0.7824316025
-570.7 59.9 2828.0 -0.1044161618 0.8515184522 -0.5138224959 -0.9853858352 -0.0186658278 0.1693112254 0.1345807016 0.5239922404 0.8410232663
-297.0 -56.7 2555.7 -0.4550619125 0.3193622828 -0.8312197924 0.1008377746 0.9459499121 0.3082377315 0.8847318292 0.0564488992 -0.4626695812
-424.0 -432.7 2533.3 -0.4851709902 0.1621281505 -0.8592575788 -0.0474020094 0.9763393402 0.2109846771 0.8731335402 0.1430941820 -0.4660063386
-437.3 -83.9 2667.8 -0.8545374274 0.0047800927 -0.5193678737 -0.0292701442 0.9979253411 0.0573439598 0.5185644627 0.0642045289 -0.8526245952
-439.2 -480.7 2642.2 -0.8545374274 0.0047800927 -0.5193678737 -0.0292701442 0.9979253411 0.0573439598 0.5185644627 0.0642045289 -0.8526245952
-17.1 503.3 2612.6 0 0 0 0 0 0 0 0 0
-597.8 -196.2 2863.0 0 0 0 0 0 0 0 0 0
-487.2 -813.7 2477.4 0 0 0 0 0 0 0 0 0
-441.1 -862.2 2617.7 0 0 0 0 0 0 0 0 0
-408.5 512.8 2674.1 42 -0.7583619356 -0.0764210969 -0.6473383904 -0.1398289651 0.9890573025 0.0470482260 0.6366592646 0.1261962503 -0.7607492805
-393.3 315.5 2649.0 -0.7583619356 -0.0764210969 -0.6473383904 -0.1398289651 0.9890573025 0.0470482260 0.6366592646 0.1261962503 -0.7607492805
-380.4 118.5 2626.0 -0.7594876289 -0.0647757202 -0.6472886801 -0.1240416467 0.9911938310 0.0463514961 0.6385861039 0.1154941469 -0.7608343363
-286.4 332.9 2559.1 -0.9513002038 -0.2405441403 -0.1927858591 0.0092184180 0.6029102802 -0.7977557182 0.3081280589 -0.7606824040 -0.5713312626
-142.9 331.6 2512.6 -0.5386629701 -0.2405441403 0.8074532151 -0.7348557115 0.6029102802 -0.3106223643 -0.4121034443 -0.7606824040 -0.5015307069
-500.2 298.0 2738.8 -0.2541992366 0.8534715772 -0.4549384713 -0.9125760794 -0.0558823310 0.4050705135 0.3202931583 0.5181345344 0.7930629849
-568.8 51.7 2825.3 -0.1040477380 0.8568965197 -0.5048786402 -0.9871107340 -0.0269072168 0.1577605754 0.1215995997 0.5147857666 0.8486513495
-296.8 -62.7 2551.8 -0.4411417246 0.3188485205 -0.8388859034 0.1021554992 0.9465221167 0.3060393631 0.8916043043 0.0493099280 -0.4501225352
-423.6 -439.0 2532.1 -0.4723029137 0.1652560085 -0.8658062220 -0.0490252785 0.9758218527 0.2129982412 0.8800718784 0.1430460811 -0.4527817965
-437.3 -89.9 2661.6 -0.8491313457 0.0064224605 -0.5281426311 -0.0361502543 0.9968746305 0.0702437162 0.5269431472 0.0787386373 -0.8462453485
-439.8 -486.3 2630.3 -0.8491313457 0.0064224605 -0.5281426311 -0.0361502543 0.9968746305 0.0702437162 0.5269431472 0.0787386373 -0.8462453485
-16.8 503.6 2609.1 0 0 0 0 0 0 0 0 0
-595.8 -204.9 2856.9 0 0 0 0 0 0 0 0 0
-486.9 -812.9 2477.3 0 0 0 0 0 0 0 0 0
-442.3 -867.3 2600.2 0 0 0 0 0 0 0 0 0
-412.0 506.9 2676.5 43 -0.7585101128 -0.0911337435 -0.6452573538 -0.1537164301 0.9872531891 0.0412601009 0.6332721710 0.1304828525 -0.7628502846
-393.8 309.7 2650.4 -0.7585101128 -0.0911337435 -0.6452573538 -0.1537164301 0.9872531891 0.0412601009 0.6332721710 0.1304828525 -0.7628502846
-379.7 113.0 2625.7 -0.7601128221 -0.0709391758 -0.6459072232 -0.1341667026 0.9897372723 0.0491876863 0.6357891560 0.1240474358 -0.7618296742
-286.8 328.6 2560.9 -0.9490824938 -0.2630872726 -0.1732843965 -0.0268182103 0.6155381799 -0.7876506448 0.3138840199 -0.7428982854 -0.5912520289
-143.3 332.6 2513.5 -0.5360844135 -0.2630872726 0.8021213412 -0.7334756255 0.6155381799 -0.2883162200 -0.4178839624 -0.7428982854 -0.5229485035
-500.7 290.8 2739.9 -0.2493807077 0.8526856303 -0.4590603709 -0.9168552160 -0.0552913547 0.3953725100 0.3117463887 0.5194901824 0.7955778837
-568.0 43.3 2824.0 -0.0983500481 0.8559432030 -0.5076302886 -0.9887466431 -0.0262651369 0.1472761184 0.1127270088 0.5164023638 0.8488941193
-297.9 -67.2 2544.5 -0.4360188246 0.3138220608 -0.8434472680 0.1148384959 0.9489688277 0.2937179506 0.8925803900 0.0312063396 -0.4498071373
-422.6 -444.4 2532.0 -0.4709333777 0.1763794124 -0.8643564582 -0.0439790599 0.9738960266 0.2226933390 0.8810718656 0.1428873092 -0.4508831501
-435.3 -96.1 2659.4 -0.8500379324 0.0001987943 -0.5267214775 -0.0460084751 0.9961497188 0.0746257380 0.5247082710 0.0876683593 -0.8467558622
-435.4 -492.1 2624.5 -0.8500379324 0.0001987943 -0.5267214775 -0.0460084751 0.9961497188 0.0746257380 0.5247082710 0.0876683593 -0.8467558622
-17.9 504.1 2611.2 0 0 0 0 0 0 0 0 0
-593.6 -213.7 2853.3 0 0 0 0 0 0 0 0 0
-489.0 -810.8 2478.3 0 0 0 0 0 0 0 0 0
-435.5 -872.9 2591.0 0 0 0 0 0 0 0 0 0
-409.8 501.4 2668.1 44 -0.7544150352 -0.0803371891 -0.6514629126 -0.1257383972 0.9917896986 0.0233034715 0.6442420483 0.0994943902 -0.7583225369
-393.7 303.3 2648.2 -0.7544150352 -0.0803371891 -0.6514629126 -0.1257383972 0.9917896986 0.0233034715 0.6442420483 0.0994943902 -0.7583225369
-380.4 105.9 2629.3 -0.7553704381 -0.0669973493 -0.6518641710 -0.1128666997 0.9931952953 0.0287095271 0.6455049515 0.0952600837 -0.7577921152
-287.4 319.2 2557.5 -0.9531579018 -0.2800005674 -0.1144101173 -0.0903566629 0.6245563626 -0.7757351995 0.2886618376 -0.7290604115 -0.6206007004
-143.7 332.8 2513.9 -0.5345222950 -0.2800005674 0.7974243760 -0.7322547436 0.6245563626 -0.2715371549 -0.4220058918 -0.7290604115 -0.5388709903
-500.0 287.4 2739.0 -0.2495535612 0.8566780686 -0.4514706433 -0.9064328074 -0.0426035039 0.4201957583 0.3407382667 0.5140891671 0.7871529460
-567.3 42.9 2831.0 -0.1002733409 0.8600013852 -0.5003427863 -0.9846681356 -0.0136326309 0.1739045382 0.1427371502 0.5101096034 0.8481829166
-295.8 -71.5 2542.7 -0.4358897209 0.3233679533 -0.8399007916 0.1206688881 0.9457951784 0.3015136421 0.8918739557 0.0300767962 -0.4512828290
-424.4 -447.5 2530.8 -0.4718705416 0.1790854037 -0.8632882237 -0.0404141955 0.9737309217 0.2240865231 0.8807411194 0.1406289339 -0.4522373676
-436.3 -101.8 2669.6 -0.8459241986 0.0037081081 -0.5332902670 -0.0279149264 0.9982971549 0.0512210876 0.5325720310 0.0582159162 -0.8443801999
-437.8 -498.5 2646.5 -0.8459241986 0.0037081081 -0.5332902670 -0.0279149264 0.9982971549 0.0512210876 0.5325720310 0.0582159162 -0.8443801999
-19.1 503.5 2612.3 0 0 0 0 0 0 0 0 0
-593.4 -213.0 2868.1 0 0 0 0 0 0 0 0 0
-490.8 -808.3 2478.7 0 0 0 0 0 0 0 0 0
-439.2 -880.0 2624.2 0 0 0 0 0 0 0 0 0
-408.7 501.8 2671.9 45 -0.7350749969 -0.0672834292 -0.6746389866 -0.1229985729 0.9917858243 0.0351038463 0.6667354107 0.1087835878 -0.7373126745
-395.2 303.3 2650.2 -0.7350749969 -0.0672834292 -0.6746389866 -0.1229985729 0.9917858243 0.0351038463 0.6667354107 0.1087835878 -0.7373126745
-382.9 105.9 2631.0 -0.7358812690 -0.0617349409 -0.6742904186 -0.1105922610 0.9934207797 0.0297408886 0.6680180430 0.0964570642 -0.7378671169
-291.7 318.9 2556.2 -0.9539794326 -0.2805157006 -0.1059912518 -0.0981614292 0.6261041164 -0.7735360265 0.2833505571 -0.7275332212 -0.6248263121
-144.3 334.1 2512.4 -0.5430369377 -0.2805157006 0.7914681435 -0.7285206318 0.6261041164 -0.2779411972 -0.4175745845 -0.7275332212 -0.5443591475
-498.7 287.8 2744.1 -0.2412408441 0.8716613650 -0.4266255200 -0.9056541920 -0.0442512147 0.4217016995 0.3487023711 0.4881068766 0.8000989556
-563.8 43.4 2838.2 -0.0982535183 0.8749266267 -0.4741830826 -0.9843295217 -0.0153309889 0.1756712645 0.1464297771 0.4840127230 0.8627224565
-297.7 -81.1 2551.2 -0.4170274436 0.3255904317 -0.8485746980 0.0978678167 0.9442922473 0.3142197728 0.9036094546 0.0479901135 -0.4256605804
-427.2 -456.4 2532.1 -0.4497058392 0.1714491695 -0.8765670657 -0.0564910844 0.9739792347 0.2194838375 0.8913884759 0.1482213885 -0.4283188283
-438.2 -101.7 2673.1 -0.8295877576 0.0078606559 -0.5583210588 -0.0254762173 0.9983267784 0.0519096702 0.5577948689 0.0572875366 -0.8279994130
-441.3 -498.6 2650.3 -0.8295877576 0.0078606559 -0.5583210588 -0.0254762173 0.9983267784 0.0519096702 0.5577948689 0.0572875366 -0.8279994130
-19.1 501.9 2608.7 0 0 0 0 0 0 0 0 0
-589.4 -212.5 2876.3 0 0 0 0 0 0 0 0 0
-489.4 -810.1 2478.3 0 0 0 0 0 0 0 0 0
-444.3 -880.1 2628.5 0 0 0 0 0 0 0 0 0
-408.0 504.6 2675.4 46 -0.7345458865 -0.0693622530 -0.6750046015 -0.1329588890 0.9901911020 0.0429367907 0.6654053330 0.1212869063 -0.7365631461
-394.1 306.5 2651.1 -0.7345458865 -0.0693622530 -0.6750046015 -0.1329588890 0.9901911020 0.0429367907 0.6654053330 0.1212869063 -0.7365631461
-381.6 109.3 2630.1 -0.7355532050 -0.0628944188 -0.6745411754 -0.1178593412 0.9923778772 0.0359900668 0.6671361923 0.1059735790 -0.7373594642
-290.6 323.1 2557.3 -0.9453237653 -0.2833740711 -0.1614378095 -0.0610807538 0.6400809884 -0.7658755779 0.3203625679 -0.7141396403 -0.6223924756
-142.3 332.7 2507.0 -0.5258927345 -0.2833740711 0.8019575477 -0.7264303565 0.6400809884 -0.2501904070 -0.4424203336 -0.7141396403 -0.5424655080
-497.6 290.0 2745.0 -0.2401165515 0.8718490601 -0.4268761277 -0.9092021585 -0.0479012355 0.4135902822 0.3401404321 0.4874265790 0.8041889071
-562.4 44.6 2836.8 -0.0970803052 0.8750792742 -0.4741431177 -0.9857959151 -0.0189450905 0.1668755859 0.1370466799 0.4836086929 0.8644887805
-303.2 -81.4 2550.6 -0.4146825671 0.3167684972 -0.8530510664 0.0952015743 0.9474115968 0.3055288792 0.9049723744 0.0454856940 -0.4230319262
-429.1 -458.1 2532.5 -0.4470710456 0.1659766138 -0.8789648414 -0.0618228689 0.9745511413 0.2154715359 0.8923594356 0.1506712139 -0.4254324734
-436.6 -98.8 2670.2 -0.8293936849 0.0067099524 -0.5586243272 -0.0318160839 0.9977377057 0.0592219718 0.5577579141 0.0668915659 -0.8273038268
-439.2 -495.4 2643.6 -0.8293936849 0.0067099524 -0.5586243272 -0.0318160839 0.9977377057 0.0592219718 0.5577579141 0.0668915659 -0.8273038268
-19.4 502.5 2610.4 0 0 0 0 0 0 0 0 0
-587.7 -211.7 2872.4 0 0 0 0 0 0 0 0 0
-489.0 -809.8 2478.2 0 0 0 0 0 0 0 0 0
-441.8 -876.8 2618.0 0 0 0 0 0 0 0 0 0
-411.0 503.1 2675.6 47 -0.7384132147 -0.0830632299 -0.6692132354 -0.1444962025 0.9888243675 0.0367042273 0.6586856246 0.1238016635 -0.7421633601
-394.4 305.3 2650.8 -0.7384132147 -0.0830632299 -0.6692132354 -0.1444962025 0.9888243675 0.0367042273 0.6586856246 0.1238016635 -0.7421633601
-380.2 108.3 2628.4 -0.7396603227 -0.0716454238 -0.6691558361 -0.1285367161 0.9910522103 0.0359694250 0.6605913639 0.1126162484 -0.7422510982
-290.3 323.4 2557.9 -0.9495570064 -0.2747754157 -0.1511288583 -0.0548887663 0.6201133132 -0.7825897336 0.3087534308 -0.7348182797 -0.6039150357
-142.8 331.9 2509.9 -0.5334125161 -0.2747754157 0.7999809980 -0.7341600060 0.6201133132 -0.2765293717 -0.4200953841 -0.7348182797 -0.5325053334
-498.5 287.2 2743.7 -0.2354053110 0.8684647083 -0.4362950623 -0.9135104418 -0.0444660410 0.4043777883 0.3317875266 0.4937527776 0.8038191199
-562.0 40.6 2833.3 -0.0902149230 0.8714908957 -0.4820424318 -0.9875008464 -0.0154646914 0.1568533480 0.1292416304 0.4901678264 0.8619930744
-301.6 -77.2 2547.8 -0.4199194908 0.3210610747 -0.8488742113 0.0925974473 0.9456107616 0.3118428588 0.9028251767 0.0523453020 -0.4268098176
-429.3 -453.1 2527.0 -0.4473053217 0.1635856032 -0.8792938590 -0.0450734720 0.9777584672 0.2048334777 0.8932448030 0.1312559396 -0.4299831986
-433.8 -100.5 2666.6 -0.8333484530 -0.0018051877 -0.5527450442 -0.0424637236 0.9972485304 0.0607637428 0.5511144996 0.0741089806 -0.8311321735
-433.1 -497.0 2637.2 -0.8333484530 -0.0018051877 -0.5527450442 -0.0424637236 0.9972485304 0.0607637428 0.5511144996 0.0741089806 -0.8311321735
-18.8 502.6 2607.5 0 0 0 0 0 0 0 0 0
-585.5 -216.0 2866.9 0 0 0 0 0 0 0 0 0
-488.8 -809.0 2479.2 0 0 0 0 0 0 0 0 0
-432.4 -878.2 2608.9 0 0 0 0 0 0 0 0 0
-408.4 503.5 2667.7 48 -0.7624168992 -0.0673147961 -0.6435753107 -0.1147675812 0.9928732514 0.0321107507 0.6368271708 0.0983433574 -0.7647089362
-394.9 305.0 2648.0 -0.7624168992 -0.0673147961 -0.6435753107 -0.1147675812 0.9928732514 0.0321107507 0.6368271708 0.0983433574 -0.7647089362
-382.7 107.4 2629.9 -0.7630071640 -0.0615831949 -0.6434497237 -0.1056695506 0.9939433336 0.0301755033 0.6376942992 0.0910171717 -0.7648933530
-287.6 319.9 2558.4 -0.9482650757 -0.2880314291 -0.1335338205 -0.0768724307 0.6163989305 -0.7836727500 0.3080324829 -0.7328644395 -0.6066512465
-143.5 331.5 2511.6 -0.5407071114 -0.2880314291 0.7903630733 -0.7363134623 0.6163989305 -0.2790966034 -0.4067903161 -0.7328644395 -0.5453726649
-502.2 290.1 2737.7 -0.2592272758 0.8507079482 -0.4572714865 -0.9036664963 -0.0465429723 0.4257001281 0.3408637047 0.5235739946 0.7808215022
-572.2 46.3 2829.6 -0.1084824428 0.8542556763 -0.5084081292 -0.9834913015 -0.0177164637 0.1800859272 0.1448322386 0.5195511580 0.8420749307
-298.1 -76.9 2545.5 -0.4506822824 0.3221167922 -0.8325420618 0.1096096709 0.9455385208 0.3065006435 0.8859295845 0.0468797609 -0.4614445865
-426.1 -452.9 2526.8 -0.4814408720 0.1718939394 -0.8594574928 -0.0352901891 0.9759833217 0.2149678767 0.8757678270 0.1338247359 -0.4638120830
-440.5 -99.8 2670.2 -0.8517829180 0.0099299289 -0.5238007903 -0.0203649811 0.9984371066 0.0520445034 0.5234989524 0.0549978130 -0.8502494097
-444.5 -496.7 2648.4 -0.8517829180 0.0099299289 -0.5238007903 -0.0203649811 0.9984371066 0.0520445034 0.5234989524 0.0549978130 -0.8502494097
-18.3 502.0 2605.7 0 0 0 0 0 0 0 0 0
-600.3 -209.3 2867.3 0 0 0 0 0 0 0 0 0
-489.3 -811.3 2477.7 0 0 0 0 0 0 0 0 0
-448.3 -878.3 2627.3 0 0 0 0 0 0 0 0 0
-407.9 503.5 2662.2 49 -0.7764269114 -0.0614786595 -0.6272014380 -0.1045185849 0.9940094948 0.0319525190 0.6214798093 0.0903630033 -0.7782014012
-395.6 305.0 2644.2 -0.7764269114 -0.0614786595 -0.6272014380 -0.1045185849 0.9940094948 0.0319525190 0.6214798093 0.0903630033 -0.7782014012
-384.6 107.3 2627.5 -0.7769371271 -0.0554828830 -0.6271286607 -0.0958419889 0.9949225783 0.0307146385 0.6222403049 0.0839686021 -0.7783098817
-286.3 318.5 2556.7 -0.9515161514 -0.2877293527 -0.1087602749 -0.1026086360 0.6302295327 -0.7695987225 0.2899800837 -0.7211258411 -0.6291971207
-143.2 333.9 2513.1 -0.5419535041 -0.2877293527 0.7896190286 -0.7279563546 0.6302295327 -0.2699820101 -0.4199594855 -0.7211258411 -0.5510095358
-504.9 291.5 2731.7 -0.2734550536 0.8392485976 -0.4699831307 -0.8995393515 -0.0500803627 0.4339596033 0.3406630456 0.5414367914 0.7686318159
-578.7 48.8 2823.6 -0.1192878559 0.8431096077 -0.5243440270 -0.9817276001 -0.0212983973 0.1890958995 0.1482608765 0.5373198390 0.8302446008
-300.6 -80.4 2553.3 -0.4733993411 0.3183436990 -0.8213101625 0.1030403823 0.9460208416 0.3072901666 0.8748003840 0.0608428530 -0.4806478918
-427.2 -456.5 2529.1 -0.5024305582 0.1714712083 -0.8474438787 -0.0341681875 0.9754339457 0.2176261842 0.8639422059 0.1382976621 -0.4842289388
-444.9 -99.3 2667.8 -0.8626305461 0.0167056490 -0.5055585504 -0.0105884019 0.9986391664 0.0510658808 0.5057236552 0.0494040474 -0.8612797260
-451.5 -496.3 2648.2 -0.8626305461 0.0167056490 -0.5055585504 -0.0105884019 0.9986391664 0.0510658808 0.5057236552 0.0494040474 -0.8612797260
-17.3 502.9 2610.5 0 0 0 0 0 0 0 0 0
-609.7 -206.4 2862.2 0 0 0 0 0 0 0 0 0
-489.6 -811.6 2478.8 0 0 0 0 0 0 0 0 0
-457.9 -878.0 2629.3 0 0 0 0 0 0 0 0 0
-406.5 499.1 2657.0 50 -0.7708864212 -0.0579419471 -0.6343318224 -0.0984651670 0.9947236180 0.0288007502 0.6293160915 0.0846616924 -0.7725242376
-394.9 300.2 2640.1 -0.7708864212 -0.0579419471 -0.6343318224 -0.0984651670 0.9947236180 0.0288007502 0.6293160915 0.0846616924 -0.7725242376
-383.3 102.4 2623.8 -0.7709681392 -0.0586160868 -0.6341705322 -0.0970702767 0.9949366450 0.0260478780 0.6294326782 0.0816411972 -0.7727543116
-286.5 313.8 2551.5 -0.9544659853 -0.2912623882 -0.0645054728 -0.1458328068 0.6441814899 -0.7508414984 0.2602451146 -0.7072456479 -0.6573249102
-136.3 336.8 2510.6 -0.5199635625 -0.2912623882 0.8029969931 -0.7271626592 0.6441814899 -0.2372016907 -0.4481878579 -0.7072456479 -0.5467460155
-503.4 286.5 2728.6 -0.2668258548 0.8442730308 -0.4647654891 -0.8995775580 -0.0451596193 0.4344201088 0.3457805812 0.5340071321 0.7715388536
-575.4 43.7 2821.9 -0.1140279174 0.8479845524 -0.5176097155 -0.9817482233 -0.0163560770 0.1894806027 0.1522105634 0.5297684669 0.8343724012
-302.4 -81.7 2553.7 -0.4653167725 0.3217491806 -0.8245955110 0.1056403518 0.9451227188 0.3091651797 0.8788176179 0.0567491911 -0.4737711549
-430.3 -457.5 2531.1 -0.4974088371 0.1588677913 -0.8528455496 -0.0522518046 0.9758174419 0.2122500092 0.8659412265 0.1501377523 -0.4770790637
-442.4 -104.3 2665.3 -0.8580321074 0.0131225996 -0.5134283304 -0.0125583233 0.9988386035 0.0465163328 0.5134424567 0.0463603064 -0.8568707705
-447.6 -501.4 2646.9 -0.8580321074 0.0131225996 -0.5134283304 -0.0125583233 0.9988386035 0.0465163328 0.5134424567 0.0463603064 -0.8568707705
-16.5 504.4 2613.9 0 0 0 0 0 0 0 0 0
-605.1 -211.5 2861.5 0 0 0 0 0 0 0 0 0
-488.1 -812.5 2476.5 0 0 0 0 0 0 0 0 0
-452.6 -883.2 2629.2 0 0 0 0 0 0 0 0 0
-406.9 501.6 2656.9 51 -0.7949275970 -0.0631983206 -0.6034037471 -0.1032269076 0.9941471815 0.0318683572 0.5978581309 0.0876205415 -0.7967987657
-394.2 303.0 2639.4 -0.7949275970 -0.0631983206 -0.6034037471 -0.1032269076 0.9941471815 0.0318683572 0.5978581309 0.0876205415 -0.7967987657
-382.5 105.2 2623.2 -0.7953688502 -0.0589064360 -0.6032565236 -0.0960386917 0.9949412346 0.0294696279 0.5984688401 0.0813751891 -0.7970026135
-282.4 316.5 2555.2 -0.9418371320 -0.3144477904 -0.1185977831 -0.1419961452 0.6921910048 -0.7076077461 0.3045980036 -0.6496108174 -0.6965815425
-135.2 338.7 2507.6 -0.5178132653 -0.3144477904 0.7956079245 -0.6986193657 0.6921910048 -0.1811148822 -0.4937614799 -0.6496108174 -0.5781050324
-506.1 289.5 2723.5 -0.2825903594 0.8225409389 -0.4935271740 -0.8995911479 -0.0486513600 0.4340147078 0.3329841197 0.5666210651 0.7536990047
-582.3 46.7 2813.4 -0.1225972101 0.8264941573 -0.5494337082 -0.9817389250 -0.0198533200 0.1891944408 0.1454600096 0.5625951290 0.8138354421
-301.0 -86.5 2549.9 -0.4896628559 0.3340875804 -0.8053668737 0.1325703561 0.9414672256 0.3099429011 0.8617745638 0.0449997596 -0.5052916408
-433.8 -460.7 2532.0 -0.5277488232 0.1478407979 -0.8364354372 -0.0555095561 0.9766282439 0.2076437622 0.8475847244 0.1560139060 -0.5072078109
-443.8 -101.4 2661.9 -0.8775674105 0.0140789449 -0.4792465568 -0.0111056482 0.9987036586 0.0496751592 0.4793246686 0.0489156432 -0.8762734532
-449.4 -498.4 2642.4 -0.8775674105 0.0140789449 -0.4792465568 -0.0111056482 0.9987036586 0.0496751592 0.4793246686 0.0489156432 -0.8762734532
-14.3 501.9 2623.0 0 0 0 0 0 0 0 0 0
-614.2 -208.5 2851.2 0 0 0 0 0 0 0 0 0
-487.2 -813.4 2475.6 0 0 0 0 0 0 0 0 0
-454.7 -880.3 2623.7 0 0 0 0 0 0 0 0 0
-408.9 502.6 2665.8 52 -0.7797079682 -0.0726463273 -0.6219147444 -0.1259723753 0.9911375046 0.0421587825 0.6133403778 0.1112156138 -0.7819492817
-394.3 304.2 2643.6 -0.7797079682 -0.0726463273 -0.6219147444 -0.1259723753 0.9911375046 0.0421587825 0.6133403778 0.1112156138 -0.7819492817
-380.7 106.9 2623.7 -0.7804344893 -0.0686790273 -0.6214541197 -0.1157743856 0.9926340580 0.0356923863 0.6144251823 0.0998040363 -0.7826371193
-284.6 320.5 2557.2 -0.9480481148 -0.2961710095 -0.1161357164 -0.1224356517 0.6766291261 -0.7260733247 0.2936226726 -0.6741333008 -0.6777389050
-130.1 340.4 2509.3 -0.4957304597 -0.2961710095 0.8164153695 -0.7121872902 0.6766291261 -0.1869820058 -0.4970317781 -0.6741333008 -0.5463548899
-504.1 287.9 2730.0 -0.2646405399 0.8356246352 -0.4813489914 -0.9084085226 -0.0484851524 0.4152627885 0.3236655295 0.5471568704 0.7719196677
-575.5 42.7 2817.3 -0.1079895571 0.8391522169 -0.5330682993 -0.9854575992 -0.0195956565 0.1687877476 0.1311927885 0.5435435176 0.8290650845
-297.9 -83.8 2552.2 -0.4703117311 0.3355806470 -0.8162061572 0.1155176237 0.9403312802 0.3200511336 0.8749071956 0.0562376082 -0.4810143113
-431.4 -457.6 2529.8 -0.5039055347 0.1461789757 -0.8512995839 -0.0574595965 0.9777194262 0.2018986642 0.8618454933 0.1506531835 -0.4842788279
-438.7 -101.1 2660.2 -0.8662971854 0.0037023502 -0.4995152354 -0.0297041368 0.9978212118 0.0589109026 0.4986450076 0.0658720136 -0.8642997146
-440.1 -497.7 2634.0 -0.8662971854 0.0037023502 -0.4995152354 -0.0297041368 0.9978212118 0.0589109026 0.4986450076 0.0658720136 -0.8642997146
-15.3 505.4 2624.4 0 0 0 0 0 0 0 0 0
-603.6 -213.4 2851.4 0 0 0 0 0 0 0 0 0
-484.9 -815.7 2474.6 0 0 0 0 0 0 0 0 0
-441.6 -879.1 2608.8 0 0 0 0 0 0 0 0 0
-410.1 501.7 2661.8 53 -0.7877073884 -0.0811361521 -0.6106832623 -0.1302871406 0.9908073545 0.0364147015 0.6021149158 0.1082483009 -0.7910372615
-393.9 303.4 2640.1 -0.7877073884 -0.0811361521 -0.6106832623 -0.1302871406 0.9908073545 0.0364147015 0.6021149158 0.1082483009 -0.7910372615
-379.3 106.2 2620.4 -0.7886339426 -0.0731806606 -0.6104925275 -0.1183796972 0.9923873544 0.0339638591 0.6033595800 0.0990549698 -0.7912934422
-282.9 320.1 2555.3 -0.9483965039 -0.2974721789 -0.1097925976 -0.1259316206 0.6711331606 -0.7305624485 0.2910074592 -0.6790364981 -0.6739614606
-128.4 340.6 2507.9 -0.4922552109 -0.2974721789 0.8180434704 -0.7172238231 0.6711331606 -0.1875373572 -0.4932289422 -0.6790364981 -0.5437229276
-504.8 286.8 2725.0 -0.2662892342 0.8280259967 -0.4934196770 -0.9092685580 -0.0459110290 0.4136699736 0.3198761046 0.5588068962 0.7651236057
-576.7 41.4 2811.3 -0.1066743881 0.8315145373 -0.5451643467 -0.9858130217 -0.0169891287 0.1669850498 0.1295886338 0.5552431345 0.8215301633
-295.6 -79.8 2547.5 -0.4769134223 0.3386495709 -0.8110918999 0.1306929588 0.9398599267 0.3155671358 0.8691794276 0.0444942005 -0.4924909472
-430.2 -453.5 2529.8 -0.5137932897 0.1509776562 -0.8445248604 -0.0512985401 0.9772254229 0.2059099376 0.8563789725 0.1491180360 -0.4943469465
-437.1 -102.0 2656.1 -0.8731283545 -0.0004438022 -0.4874902368 -0.0325793400 0.9978170395 0.0574434325 0.4864005744 0.0660375953 -0.8712368011
-437.0 -498.7 2629.8 -0.8731283545 -0.0004438022 -0.4874902368 -0.0325793400 0.9978170395 0.0574434325 0.4864005744 0.0660375953 -0.8712368011
-14.5 506.6 2622.0 0 0 0 0 0 0 0 0 0
-604.4 -214.9 2845.0 0 0 0 0 0 0 0 0 0
-486.2 -815.7 2474.6 0 0 0 0 0 0 0 0 0
-436.8 -880.1 2604.6 0 0 0 0 0 0 0 0 0
-407.8 503.8 2659.3 54 -0.8043961525 -0.0758631304 -0.5892297029 -0.1243362278 0.9913464189 0.0421040170 0.5809366107 0.1071309075 -0.8068677783
-392.6 305.3 2637.9 -0.8043961525 -0.0758631304 -0.5892297029 -0.1243362278 0.9913464189 0.0421040170 0.5809366107 0.1071309075 -0.8068677783
-378.2 108.0 2618.7 -0.8050739169 -0.0724410638 -0.5887344480 -0.1152689457 0.9927005172 0.0354790576 0.5818668604 0.0964260697 -0.8075475097
-279.3 321.6 2556.0 -0.9467256069 -0.2966103554 -0.1254310608 -0.1029088870 0.6477038264 -0.7549102306 0.3051563799 -0.7017849088 -0.6437216401
-135.3 337.2 2509.6 -0.5179467201 -0.2966103554 0.8023424745 -0.7264927030 0.6477038264 -0.2295389324 -0.4515966773 -0.7017849088 -0.5509613752
-505.8 289.1 2719.7 -0.2778980434 0.8124459386 -0.5125468969 -0.9081599116 -0.0483047068 0.4158271253 0.3130786419 0.5810320973 0.7512546182
-580.8 44.0 2804.2 -0.1134631634 0.8161271214 -0.5666239262 -0.9853608012 -0.0193968061 0.1693749428 0.1272407770 0.5775468349 0.8063804507
-292.5 -80.3 2545.4 -0.4927140772 0.3445178568 -0.7990871668 0.1523774117 0.9382592440 0.3105651140 0.8567461371 0.0312569700 -0.5147902966
-429.5 -453.3 2533.0 -0.5359572172 0.1533118188 -0.8302080035 -0.0503350683 0.9758209586 0.2126965076 0.8427432775 0.1557848006 -0.5152813792
-437.6 -99.9 2652.9 -0.8860782981 0.0011429866 -0.4635341763 -0.0292957071 0.9978597164 0.0584613420 0.4626089334 0.0653808862 -0.8841483593
-438.1 -496.7 2626.9 -0.8860782981 0.0011429866 -0.4635341763 -0.0292957071 0.9978597164 0.0584613420 0.4626089334 0.0653808862 -0.8841483593
-15.3 505.6 2614.2 0 0 0 0 0 0 0 0 0
-610.3 -212.1 2837.3 0 0 0 0 0 0 0 0 0
-486.4 -816.0 2475.1 0 0 0 0 0 0 0 0 0
-438.5 -878.2 2601.9 0 0 0 0 0 0 0 0 0
-408.8 507.1 2667.0 55 -0.7858790159 -0.0744827911 -0.6138782501 -0.1342833042 0.9895861149 0.0518397465 0.6036241651 0.1231733635 -0.7876967192
-393.9 309.1 2642.4 -0.7858790159 -0.0744827911 -0.6138782501 -0.1342833042 0.9895861149 0.0518397465 0.6036241651 0.1231733635 -0.7876967192
-379.7 111.9 2621.2 -0.7868050337 -0.0715651363 -0.6130385995 -0.1217210963 0.9917398095 0.0404489599 0.6050800681 0.1064451709 -0.7890168428
-283.2 326.2 2557.3 -0.9500963092 -0.2723174095 -0.1521847844 -0.0714255422 0.6647729874 -0.7436230779 0.3036698401 -0.6956436634 -0.6510487795
-137.6 337.1 2510.7 -0.5309042931 -0.2723174095 0.8024860620 -0.7067649364 0.6647729874 -0.2419921160 -0.4675723612 -0.6956436634 -0.5453952551
-504.5 291.9 2727.5 -0.2663965225 0.8297864199 -0.4903951585 -0.9112476707 -0.0510195307 0.4086865485 0.3141027987 0.5557441115 0.7697323561
-576.4 46.0 2812.3 -0.1075512469 0.8332997561 -0.5422584414 -0.9865871668 -0.0220895950 0.1617336422 0.1227943301 0.5523799062 0.8244986534
-290.0 -78.8 2546.1 -0.4668719172 0.3549036384 -0.8099839687 0.1443230212 0.9342334270 0.3261576593 0.8724685907 0.0353745073 -0.4873881042
-431.1 -450.2 2532.1 -0.5083001256 0.1457400322 -0.8487583995 -0.0602298230 0.9771465063 0.2038556486 0.8590711951 0.1547404230 -0.4879058003
-437.6 -96.4 2655.5 -0.8715707064 0.0011219986 -0.4902685881 -0.0349139981 0.9973164201 0.0643504560 0.4890251160 0.0732032061 -0.8691926003
-438.1 -493.0 2626.4 -0.8715707064 0.0011219986 -0.4902685881 -0.0349139981 0.9973164201 0.0643504560 0.4890251160 0.0732032061 -0.8691926003
-14.5 501.0 2619.2 0 0 0 0 0 0 0 0 0
-604.4 -210.5 2844.2 0 0 0 0 0 0 0 0 0
-485.7 -816.5 2474.1 0 0 0 0 0 0 0 0 0
-438.5 -874.2 2598.4 0 0 0 0 0 0 0 0 0
-408.9 508.0 2672.4 56 -0.7606608272 -0.0706107840 -0.6452977657 -0.1370178461 0.9891347289 0.0532785542 0.6345244050 0.1289442182 -0.7620709538
-394.8 310.2 2646.6 -0.7606608272 -0.0706107840 -0.6452977657 -0.1370178461 0.9891347289 0.0532785542 0.6345244050 0.1289442182 -0.7620709538
-381.2 113.2 2624.0 -0.7614431381 -0.0686285794 -0.6445885897 -0.1258918643 0.9911032319 0.0431926511 0.6358895898 0.1140372083 -0.7633085847
-287.8 327.9 2557.2 -0.9500654340 -0.2688334882 -0.1584429443 -0.0628161505 0.6621159911 -0.7467640638 0.3056628108 -0.6995219588 -0.6459406018
-135.8 338.0 2508.3 -0.5202648640 -0.2688334882 0.8105880618 -0.7110170126 0.6621159911 -0.2367641479 -0.4730531871 -0.6995219588 -0.5356208682
-501.9 292.5 2736.0 -0.2520343661 0.8517169356 -0.4594093561 -0.9132320881 -0.0522847436 0.4040711224 0.3201341033 0.5213871598 0.7909927964
-569.9 46.0 2822.4 -0.1010258570 0.8550462127 -0.5086155534 -0.9873443842 -0.0233490076 0.1568627506 0.1222492307 0.5180258751 0.8465839028
-293.3 -74.1 2544.6 -0.4339712858 0.3422980905 -0.8333672285 0.1322659403 0.9391948581 0.3168890774 0.8911647797 0.0272946618 -0.4528580010
-429.4 -447.4 2533.7 -0.4747044742 0.1480762362 -0.8675996065 -0.0705308467 0.9761757851 0.2051980495 0.8773146868 0.1586009711 -0.4529510736
-437.4 -95.4 2659.6 -0.8509711027 0.0026628615 -0.5252057314 -0.0386359952 0.9969604015 0.0676551759 0.5237894654 0.0778644457 -0.8482816219
-438.5 -491.8 2628.6 -0.8509711027 0.0026628615 -0.5252057314 -0.0386359952 0.9969604015 0.0676551759 0.5237894654 0.0778644457 -0.8482816219
-14.4 503.9 2618.7 0 0 0 0 0 0 0 0 0
-596.1 -210.7 2854.2 0 0 0 0 0 0 0 0 0
-485.5 -817.1 2473.7 0 0 0 0 0 0 0 0 0
-439.5 -873.0 2598.9 0 0 0 0 0 0 0 0 0
-411.6 507.5 2673.6 57 -0.7459900379 -0.0780784413 -0.6613641977 -0.1397475749 0.9893449545 0.0408304334 0.6511293650 0.1228831410 -0.7489528060
-395.9 309.5 2649.0 -0.7459900379 -0.0780784413 -0.6613641977 -0.1397475749 0.9893449545 0.0408304334 0.6511293650 0.1228831410 -0.7489528060
-382.2 112.4 2627.3 -0.7471586466 -0.0690317303 -0.6610510945 -0.1240115240 0.9916050434 0.0366145186 0.6529740095 0.1093348116 -0.7494469881
-290.9 326.9 2557.2 -0.9575968981 -0.2579246163 -0.1283864528 -0.0752535239 0.6540588737 -0.7526910901 0.2781098485 -0.7111130953 -0.6457344890
-135.2 339.2 2512.0 -0.5134145617 -0.2579246163 0.8184621930 -0.7162818909 0.6540588737 -0.2432020158 -0.4725947082 -0.7111130953 -0.5205500722
-501.0 292.0 2740.8 -0.2423577011 0.8629547358 -0.4433642924 -0.9118668437 -0.0465580635 0.4078372121 0.3313028514 0.5031316876 0.7981835008
-566.4 45.9 2830.2 -0.0953770429 0.8661261797 -0.4906410575 -0.9868384600 -0.0176099017 0.1607475281 0.1305875033 0.4995150864 0.8564062119
-297.9 -72.3 2543.0 -0.4198187888 0.3289569616 -0.8458957076 0.1230802685 0.9440305233 0.3060353696 0.8992238045 0.0243663304 -0.4368098378
-428.6 -447.6 2533.3 -0.4589061737 0.1494786888 -0.8758203387 -0.0732775778 0.9760202169 0.2049755454 0.8854578137 0.1582425386 -0.4369482398
-437.0 -96.2 2665.4 -0.8393411040 0.0012919594 -0.5436035991 -0.0378520377 0.9974310398 0.0608152933 0.5422856808 0.0716212764 -0.8371359706
-437.5 -492.7 2636.9 -0.8393411040 0.0012919594 -0.5436035991 -0.0378520377 0.9974310398 0.0608152933 0.5422856808 0.0716212764 -0.8371359706
-15.3 506.4 2622.3 0 0 0 0 0 0 0 0 0
-591.2 -210.6 2864.2 0 0 0 0 0 0 0 0 0
-485.1 -816.3 2473.6 0 0 0 0 0 0 0 0 0
-438.0 -874.1 2609.5 0 0 0 0 0 0 0 0 0
-410.4 506.4 2676.7 58 -0.7397906780 -0.0760290474 -0.6685277820 -0.1408549100 0.9890791774 0.0433854833 0.6579283476 0.1262615919 -0.7424206138
-395.1 308.6 2651.4 -0.7397906780 -0.0760290474 -0.6685277820 -0.1408549100 0.9890791774 0.0433854833 0.6579283476 0.1262615919 -0.7424206138
-381.7 111.5 2629.4 -0.7409980297 -0.0674759224 -0.6681084633 -0.1241913661 0.9915456772 0.0375988260 0.6599230766 0.1108339652 -0.7431132793
