-415.4 501.6 2666.0 29 -0.7860038280 -0.0613632686 -0.6151686907 -0.1130552217 0.9925489426 0.0454441048 0.6077964306 0.1052672789 -0.7870846987
-403.2 304.0 2645.0 -0.7860038280 -0.0613632686 -0.6151686907 -0.1130552217 0.9925489426 0.0454441048 0.6077964306 0.1052672789 -0.7870846987
-391.8 106.5 2626.9 -0.7867308855 -0.0565823354 -0.6146974564 -0.1008080617 0.9941986799 0.0375058241 0.6090092063 0.0914734453 -0.7878707647
-292.6 318.1 2559.4 -0.9412162900 -0.3285318315 -0.0786046013 -0.2089547813 0.7490582466 -0.6286888123 0.2654237151 -0.5753073692 -0.7736741304
-127.2 354.8 2512.8 -0.4767470658 -0.3285318315 0.8153398633 -0.6573424935 0.7490582466 -0.0825381428 -0.5836206675 -0.5753073692 -0.5730692744
-513.8 289.9 2730.6 -0.2783873677 0.8307426572 -0.4820446968 -0.9023637176 -0.0543045960 0.4275402725 0.3289987147 0.5540014505 0.7647497654
-588.9 46.5 2819.3 -0.1210360825 0.8346766233 -0.5372757316 -0.9829530716 -0.0253178291 0.1821049750 0.1383961141 0.5501581430 0.8235123158
-300.8 -74.2 2542.7 -0.4759139717 0.3095529974 -0.8232149482 0.1231832802 0.9502468109 0.2861064374 0.8708224893 0.0347557403 -0.4903675020
-423.9 -452.0 2528.9 -0.5100179315 0.1769541055 -0.8417653441 -0.0301501956 0.9743315578 0.2230896056 0.8596351743 0.1391590983 -0.4915913939
-452.6 -100.2 2664.6 -0.8705549836 0.0152821150 -0.4918337762 -0.0151144844 0.9982155561 0.0577691831 0.4918389618 0.0577250645 -0.8687705398
-458.6 -496.8 2641.6 -0.8705549836 0.0152821150 -0.4918337762 -0.0151144844 0.9982155561 0.0577691831 0.4918389618 0.0577250645 -0.8687705398
-10.4 515.9 2655.8 0 0 0 0 0 0 0 0 0
-620.3 -208.8 2855.3 0 0 0 0 0 0 0 0 0
-489.1 -811.0 2477.7 0 0 0 0 0 0 0 0 0
-464.5 -878.2 2619.6 0 0 0 0 0 0 0 0 0
-416.2 508.0 2672.4 30 -0.7569604516 -0.0583396256 -0.6508512497 -0.1188285425 0.9916896224 0.0493103489 0.6425656676 0.1146656871 -0.7576022148
-404.6 310.4 2649.5 -0.7569604516 -0.0583396256 -0.6508512497 -0.1188285425 0.9916896224 0.0493103489 0.6425656676 0.1146656871 -0.7576022148
-394.2 112.9 2630.2 -0.7578427792 -0.0522416458 -0.6503422856 -0.1029857248 0.9938712716 0.0401719511 0.6442579031 0.0974199995 -0.7585783601
-298.1 324.9 2559.0 -0.9520661831 -0.2942115366 -0.0837231204 -0.1745122969 0.7472055554 -0.6412715912 0.2512279153 -0.5959222913 -0.7627326846
-127.7 356.1 2514.0 -0.4807955623 -0.2942115366 0.8259994984 -0.6545894742 0.7472055554 -0.1148756295 -0.5833936930 -0.5959222913 -0.5518409014
-511.1 295.9 2740.0 -0.2630976737 0.8553213477 -0.4463238418 -0.9035963416 -0.0563496239 0.4246626496 0.3380728364 0.5150243640 0.7876906991
-582.1 52.2 2831.2 -0.1148842275 0.8590697050 -0.4987994432 -0.9834254980 -0.0274530966 0.1792222410 0.1402707994 0.5111218691 0.8479849696
-308.3 -81.8 2553.0 -0.4483034015 0.2967384756 -0.8431905508 0.0793371350 0.9527772665 0.2931230068 0.8903536797 0.0645117238 -0.4506756663
-426.2 -460.5 2527.3 -0.4726656973 0.1746042371 -0.8637710810 -0.0379407667 0.9752339721 0.2178971767 0.8804246783 0.1357646585 -0.4543350339
-453.2 -94.1 2669.9 -0.8469646573 0.0183870960 -0.5313311815 -0.0165662114 0.9980037212 0.0609438866 0.5313910246 0.0604194589 -0.8449692726
-460.5 -490.7 2645.9 -0.8469646573 0.0183870960 -0.5313311815 -0.0165662114 0.9980037212 0.0609438866 0.5313910246 0.0604194589 -0.8449692726
-10.1 516.2 2656.7 0 0 0 0 0 0 0 0 0
-611.9 -203.4 2867.7 0 0 0 0 0 0 0 0 0
-488.9 -810.5 2478.6 0 0 0 0 0 0 0 0 0
-467.5 -872.1 2622.8 0 0 0 0 0 0 0 0 0
-415.1 513.3 2675.1 31 -0.7507035732 -0.0633300543 -0.6575967073 -0.1286079884 0.9903604984 0.0514401905 0.6480000615 0.1231885254 -0.7516119480
-402.4 315.6 2650.5 -0.7507035732 -0.0633300543 -0.6575967073 -0.1286079884 0.9903604984 0.0514401905 0.6480000615 0.1231885254 -0.7516119480
-391.2 118.3 2629.5 -0.7517113090 -0.0564578846 -0.6570712328 -0.1119248644 0.9927970767 0.0427411273 0.6499253511 0.1056715995 -0.7526158094
-296.7 331.3 2559.1 -0.9571523666 -0.2697383463 -0.1053591520 -0.1372666806 0.7429654002 -0.6551032662 0.2549846768 -0.6125712991 -0.7481572032
-128.2 355.5 2514.2 -0.4813894928 -0.2697383463 0.8339696527 -0.6549960971 0.7429654002 -0.1377771646 -0.5824468136 -0.6125712991 -0.5343332887
-508.1 299.9 2741.9 -0.2558063865 0.8599771261 -0.4415907562 -0.9074420333 -0.0560994372 0.4164154530 0.3333347738 0.5072397590 0.7947300076
-577.1 55.0 2831.8 -0.1088726297 0.8635479212 -0.4923736155 -0.9850435853 -0.0271757115 0.1701487601 0.1335510015 0.5035340190 0.8535910249
-314.3 -75.2 2551.9 -0.4362747073 0.2924775779 -0.8509531617 0.0854470357 0.9548920393 0.2843941748 0.8957473040 0.0513625629 -0.4415865541
-430.6 -454.8 2531.5 -0.4645174146 0.1596181691 -0.8710600734 -0.0575124845 0.9761076570 0.2095378637 0.8836944699 0.1474308223 -0.4442389607
-448.9 -89.3 2668.1 -0.8422431350 0.0139940716 -0.5389161706 -0.0250013955 0.9975734949 0.0649773926 0.5385177732 0.0682004243 -0.8398495913
-454.4 -485.9 2641.0 -0.8422431350 0.0139940716 -0.5389161706 -0.0250013955 0.9975734949 0.0649773926 0.5385177732 0.0682004243 -0.8398495913
-10.0 516.3 2657.2 0 0 0 0 0 0 0 0 0
-605.4 -201.0 2866.5 0 0 0 0 0 0 0 0 0
-488.6 -809.5 2477.9 0 0 0 0 0 0 0 0 0
-459.8 -867.2 2614.9 0 0 0 0 0 0 0 0 0
-418.2 509.3 2675.4 32 -0.7299194932 -0.0773461312 -0.6791429520 -0.1392301321 0.9895708561 0.0369396619 0.6692029238 0.1215201393 -0.7330759168
-402.8 312.0 2651.2 -0.7299194932 -0.0773461312 -0.6791429520 -0.1392301321 0.9895708561 0.0369396619 0.6692029238 0.1215201393 -0.7330759168
-389.5 114.8 2629.4 -0.7310747504 -0.0669317245 -0.6790065169 -0.1233650595 0.9917415977 0.0350660942 0.6710519791 0.1094016135 -0.7332943082
-300.0 329.3 2556.8 -0.9624541402 -0.2593611479 -0.0800866410 -0.1438158154 0.7374511957 -0.6599111557 0.2302153111 -0.6236165166 -0.7470631599
-127.3 355.1 2515.5 -0.4796240330 -0.2593611479 0.8382676244 -0.6588103771 0.7374511957 -0.1487771720 -0.5795944333 -0.6236165166 -0.5245691538
-505.6 294.6 2745.6 -0.2337483466 0.8748942018 -0.4241719842 -0.9114856720 -0.0453138389 0.4088281691 0.3384605348 0.4821896255 0.8080455661
-568.7 48.7 2836.9 -0.0915957093 0.8779593706 -0.4698910117 -0.9866967797 -0.0163728967 0.1617448628 0.1343119442 0.4784550965 0.8677793741
-311.0 -68.8 2548.9 -0.4089804590 0.2999674082 -0.8618320823 0.0858676508 0.9528887272 0.2909120917 0.9084942341 0.0449738540 -0.4154703617
-430.3 -447.6 2531.1 -0.4378535450 0.1590214819 -0.8848708868 -0.0616096854 0.9766117930 0.2059942186 0.8969328403 0.1447119117 -0.4178156555
-443.2 -93.6 2669.2 -0.8259569407 0.0024170736 -0.5637279749 -0.0375418589 0.9975350499 0.0592822731 0.5624817610 0.0701280013 -0.8238303065
-444.2 -490.2 2641.3 -0.8259569407 0.0024170736 -0.5637279749 -0.0375418589 0.9975350499 0.0592822731 0.5624817610 0.0701280013 -0.8238303065
-9.9 516.4 2657.4 0 0 0 0 0 0 0 0 0
-592.5 -207.8 2871.8 0 0 0 0 0 0 0 0 0
-489.3 -810.3 2477.3 0 0 0 0 0 0 0 0 0
-445.1 -871.5 2614.5 0 0 0 0 0 0 0 0 0
-417.1 506.9 2676.6 33 -0.7644348741 -0.0726417080 -0.6405954361 -0.1426289082 0.9880661368 0.0581579320 0.6287259459 0.1358253807 -0.7656729817
-402.5 309.5 2649.5 -0.7644348741 -0.0726417080 -0.6405954361 -0.1426289082 0.9880661368 0.0581579320 0.6287259459 0.1358253807 -0.7656729817
-389.5 112.6 2625.9 -0.7655845284 -0.0654599220 -0.6399963498 -0.1261554062 0.9907710552 0.0495734476 0.6308447719 0.1186916605 -0.7667770982
-295.0 327.2 2560.9 -0.9559051991 -0.2787259817 -0.0925046653 -0.1449173093 0.7216574550 -0.6769117117 0.2554295659 -0.6336578727 -0.7302283645
-131.2 352.0 2517.1 -0.4970466793 -0.2787259817 0.8217398524 -0.6729614139 0.7216574550 -0.1622758359 -0.5477842689 -0.6336578727 -0.5462692976
-510.1 291.8 2738.1 -0.2569584548 0.8485555053 -0.4625212550 -0.9140512943 -0.0579833351 0.4014326334 0.3138193488 0.5259196758 0.7905225754
-579.4 45.3 2822.7 -0.1050150171 0.8520067930 -0.5128901005 -0.9876364470 -0.0289930049 0.1540572196 0.1163875759 0.5227272511 0.8445177078
-309.2 -71.0 2546.1 -0.4464195967 0.2967585921 -0.8441823721 0.1038017422 0.9542114735 0.2805452347 0.8887827396 0.0376132801 -0.4567827582
-427.2 -450.3 2531.2 -0.4789996445 0.1669638306 -0.8617902398 -0.0515861101 0.9746938348 0.2175104171 0.8762980103 0.1486438215 -0.4582649767
-446.6 -95.9 2660.0 -0.8541289568 0.0055405665 -0.5200317502 -0.0385171250 0.9965230227 0.0738799050 0.5186329484 0.0831330940 -0.8509458303
-448.8 -492.1 2627.0 -0.8541289568 0.0055405665 -0.5200317502 -0.0385171250 0.9965230227 0.0738799050 0.5186329484 0.0831330940 -0.8509458303
-11.0 514.8 2649.6 0 0 0 0 0 0 0 0 0
-606.7 -211.4 2853.0 0 0 0 0 0 0 0 0 0
-488.9 -810.4 2476.3 0 0 0 0 0 0 0 0 0
-450.9 -873.0 2595.2 0 0 0 0 0 0 0 0 0
-416.6 502.6 2674.7 34 -0.7776068449 -0.0726651102 -0.6245377064 -0.1415747106 0.9880267978 0.0613163821 0.6126044393 0.1360987872 -0.7785839438
-402.0 305.1 2647.5 -0.7776068449 -0.0726651102 -0.6245377064 -0.1415747106 0.9880267978 0.0613163821 0.6126044393 0.1360987872 -0.7785839438
-389.1 108.1 2624.1 -0.7788287997 -0.0651101768 -0.6238480210 -0.1240230054 0.9909466505 0.0514099151 0.6148528457 0.1174110323 -0.7798529267
-292.5 322.6 2561.1 -0.9473147988 -0.3083971739 -0.0865209028 -0.1801461130 0.7363348603 -0.6521950364 0.2648434341 -0.6022475958 -0.7530974746
-130.3 353.4 2515.7 -0.4907101393 -0.3083971739 0.8149200678 -0.6655119061 0.7363348603 -0.1220854148 -0.5624032617 -0.6022475958 -0.5665689707
-511.5 287.7 2733.9 -0.2662215829 0.8372951150 -0.4775594175 -0.9131936431 -0.0604924373 0.4030112624 0.3085506260 0.5433945060 0.7807169557
-583.4 41.3 2817.2 -0.1104109287 0.8408998847 -0.5298082829 -0.9872966409 -0.0315146931 0.1557311118 0.1142575219 0.5402723551 0.8336971998
-306.3 -72.9 2544.5 -0.4629773200 0.2993431091 -0.8342935443 0.1096347272 0.9533590674 0.2812236547 0.8795636892 0.0387326218 -0.4742020071
-425.3 -451.9 2529.1 -0.4966189861 0.1707068682 -0.8510162830 -0.0465057455 0.9738273025 0.2224806398 0.8667218685 0.1500652581 -0.4756822586
-447.5 -100.2 2657.1 -0.8647834063 0.0068037082 -0.5020989180 -0.0359493755 0.9965035915 0.0754200816 0.5008565187 0.0832721815 -0.8615152240
-450.2 -496.4 2624.0 -0.8647834063 0.0068037082 -0.5020989180 -0.0359493755 0.9965035915 0.0754200816 0.5008565187 0.0832721815 -0.8615152240
-11.3 514.9 2652.2 0 0 0 0 0 0 0 0 0
-612.1 -215.3 2846.9 0 0 0 0 0 0 0 0 0
-487.5 -806.5 2474.4 0 0 0 0 0 0 0 0 0
-452.8 -877.4 2592.2 0 0 0 0 0 0 0 0 0
-417.0 508.2 2675.2 35 -0.7746586800 -0.0724649057 -0.6282139421 -0.1410863847 0.9881781340 0.0599884130 0.6164402366 0.1351029724 -0.7757245898
-402.6 310.8 2648.2 -0.7746586800 -0.0724649057 -0.6282139421 -0.1410863847 0.9881781340 0.0599884130 0.6164402366 0.1351029724 -0.7757245898
-390.0 113.7 2625.4 -0.7760205269 -0.0631946400 -0.6275337338 -0.1212142110 0.9913631082 0.0500624590 0.6189501286 0.1149155051 -0.7769782543
-293.4 327.8 2561.2 -0.9503767490 -0.2974022627 -0.0913015753 -0.1770229042 0.7583045959 -0.6274049878 0.2558260858 -0.5801086426 -0.7733220458
-125.1 359.2 2515.9 -0.4699935019 -0.2974022627 0.8310583830 -0.6451610327 0.7583045959 -0.0934952274 -0.6023896933 -0.5801086426 -0.5482705832
-511.7 293.8 2735.3 -0.2661203146 0.8398168683 -0.4731676877 -0.9118427634 -0.0601332970 0.4061117172 0.3126063347 0.5395290852 0.7817836404
-583.5 47.7 2819.7 -0.1113232300 0.8434497118 -0.5255470872 -0.9867861867 -0.0311687589 0.1590018272 0.1177293882 0.5363031626 0.8357743025
-304.7 -77.5 2544.4 -0.4579204321 0.3123909831 -0.8322984576 0.1147954911 0.9491661787 0.2930964828 0.8815502524 0.0386707522 -0.4705036581
-428.9 -454.8 2529.1 -0.4922304153 0.1575898677 -0.8560810089 -0.0533684753 0.9761617780 0.2103805542 0.8688274026 0.1492434442 -0.4720861912
-448.6 -94.5 2659.3 -0.8624035716 0.0086430786 -0.5061475635 -0.0332499519 0.9967279434 0.0736735314 0.5051282048 0.0803656951 -0.8592944145
-452.0 -490.8 2627.4 -0.8624035716 0.0086430786 -0.5061475635 -0.0332499519 0.9967279434 0.0736735314 0.5051282048 0.0803656951 -0.8592944145
-10.0 517.3 2663.5 0 0 0 0 0 0 0 0 0
-612.5 -208.9 2850.3 0 0 0 0 0 0 0 0 0
-486.3 -810.7 2474.7 0 0 0 0 0 0 0 0 0
-455.3 -871.8 2596.6 0 0 0 0 0 0 0 0 0
-416.7 509.0 2675.5 36 -0.7694977522 -0.0752025843 -0.6342064142 -0.1445466578 0.9877817631 0.0582532585 0.6220767498 0.1364981681 -0.7709661126
-401.8 312.5 2648.3 -0.7694977522 -0.0752025843 -0.6342064142 -0.1445466578 0.9877817631 0.0582532585 0.6220767498 0.1364981681 -0.7709661126
-388.4 115.6 2624.7 -0.7707389593 -0.0673096776 -0.6335857511 -0.1273158640 0.9906194210 0.0496365726 0.6243013144 0.1189223602 -0.7720785737
-293.3 330.4 2560.5 -0.9516521692 -0.2930689454 -0.0920258611 -0.1735388339 0.7601343989 -0.6261628866 0.2534609139 -0.5799192190 -0.7742424011
-123.8 361.3 2515.3 -0.4725233316 -0.2930689454 0.8311632276 -0.6424522400 0.7601343989 -0.0972154066 -0.6033049226 -0.5799192190 -0.5474640131
-510.2 294.6 2736.2 -0.2592729032 0.8441204429 -0.4692954719 -0.9142235518 -0.0578315593 0.4010620415 0.3114045858 0.5330255032 0.7867089510
-580.2 47.8 2820.2 -0.1055575833 0.8475852609 -0.5200545788 -0.9877312183 -0.0288421139 0.1534769088 0.1150852963 0.5298748016 0.8402309418
-306.2 -72.3 2545.8 -0.4531272054 0.3144228160 -0.8341546655 0.1055269167 0.9480722547 0.3000383973 0.8851778507 0.0479297861 -0.4627774060
-431.2 -449.2 2526.7 -0.4828481376 0.1493726075 -0.8628705144 -0.0500279889 0.9790303707 0.1974760145 0.8742738962 0.1385186017 -0.4652501643
-445.7 -93.1 2658.3 -0.8584135771 0.0043003503 -0.5129402280 -0.0393334851 0.9964689016 0.0741793364 0.5114479661 0.0838522762 -0.8552132845
-447.4 -489.3 2625.0 -0.8584135771 0.0043003503 -0.5129402280 -0.0393334851 0.9964689016 0.0741793364 0.5114479661 0.0838522762 -0.8552132845
-9.0 517.4 2661.9 0 0 0 0 0 0 0 0 0
-607.6 -208.9 2850.2 0 0 0 0 0 0 0 0 0
-486.8 -813.1 2475.2 0 0 0 0 0 0 0 0 0
-449.1 -870.2 2592.9 0 0 0 0 0 0 0 0 0
-417.3 505.2 2674.6 37 -0.7894971967 -0.0777831301 -0.6088053584 -0.1456162483 0.9873531461 0.0626870319 0.5962299109 0.1381431967 -0.7908390164
-401.8 308.6 2647.1 -0.7894971967 -0.0777831301 -0.6088053584 -0.1456162483 0.9873531461 0.0626870319 0.5962299109 0.1381431967 -0.7908390164
-388.8 111.7 2622.8 -0.7908934951 -0.0656507984 -0.6084221005 -0.1263638288 0.9903217554 0.0574024580 0.5987650752 0.1222817823 -0.7915349007
-290.6 326.3 2562.9 -0.9409508705 -0.3385427296 0.0005241587 -0.2740381956 0.7607551217 -0.5883491635 0.1987825632 -0.5537512898 -0.8086068034
-109.0 379.2 2524.6 -0.4707264006 -0.3385427296 0.8147425652 -0.6464949846 0.7607551217 -0.0574097410 -0.6003839374 -0.5537512898 -0.5769736767
-513.1 290.8 2731.4 -0.2739145756 0.8264179826 -0.4919390976 -0.9145022631 -0.0654485524 0.3992519379 0.2977522910 0.5592403412 0.7736884356
-587.0 44.0 2811.7 -0.1144524515 0.8301364183 -0.5456869006 -0.9877534509 -0.0364623293 0.1517025530 0.1060367972 0.5563668013 0.8241432905
-304.3 -69.7 2543.8 -0.4751630127 0.3195839226 -0.8198086619 0.1190356091 0.9464911819 0.2999749482 0.8718088269 0.0449505821 -0.4877794683
-431.4 -446.0 2525.9 -0.5064190626 0.1457593590 -0.8498787880 -0.0443874709 0.9798962474 0.1945074052 0.8611443043 0.1362262219 -0.4897682369
-448.2 -96.8 2653.4 -0.8744524717 0.0069953515 -0.4850607514 -0.0373535939 0.9959564805 0.0817031860 0.4836709499 0.0895643160 -0.8706552982
-451.0 -492.8 2617.8 -0.8744524717 0.0069953515 -0.4850607514 -0.0373535939 0.9959564805 0.0817031860 0.4836709499 0.0895643160 -0.8706552982
9.3 541.8 2675.5 0 0 0 0 0 0 0 0 0
-616.7 -212.7 2839.3 0 0 0 0 0 0 0 0 0
-486.4 -815.7 2474.5 0 0 0 0 0 0 0 0 0
-453.7 -873.5 2583.6 0 0 0 0 0 0 0 0 0
-419.4 505.2 2675.7 38 -0.7752999067 -0.0918738395 -0.6248754263 -0.1607217640 0.9854929447 0.0545173250 0.6108015776 0.1426983476 -0.7788187265
-401.1 309.0 2647.3 -0.7752999067 -0.0918738395 -0.6248754263 -0.1607217640 0.9854929447 0.0545173250 0.6108015776 0.1426983476 -0.7788187265
-385.9 112.4 2621.6 -0.7770366669 -0.0768224224 -0.6247498393 -0.1403972208 0.9886731505 0.0530476682 0.6135981083 0.1289331168 -0.7790209055
-291.8 328.7 2561.0 -0.9456642866 -0.3203081489 -0.0558727086 -0.2267698795 0.7728832364 -0.5926440358 0.2330117971 -0.5477720499 -0.8035243154
-112.1 371.8 2516.7 -0.4651374519 -0.3203081489 0.8252574205 -0.6320493221 0.7728832364 -0.0562600419 -0.6198070645 -0.5477720499 -0.5619474649
-510.4 289.2 2733.6 -0.2554522157 0.8381545544 -0.4819140136 -0.9197117090 -0.0569680780 0.3884392679 0.2981184125 0.5424495935 0.7854131460
-579.4 41.0 2814.1 -0.0988410041 0.8414164186 -0.5312709808 -0.9897729754 -0.0279430058 0.1398880184 0.1028587744 0.5396643281 0.8355731368
-303.2 -73.6 2543.6 -0.4574162066 0.3179187179 -0.8304806352 0.1138164029 0.9471579790 0.2998959422 0.8819389343 0.0426549464 -0.4694297910
-429.6 -450.2 2526.6 -0.4894265234 0.1490291804 -0.8592159152 -0.0513997376 0.9786460996 0.1990224123 0.8705283999 0.1415703148 -0.4713152945
-441.8 -97.0 2652.2 -0.8640807271 -0.0048147221 -0.5033302307 -0.0519124009 0.9954744577 0.0795969889 0.5006691813 0.0949072987 -0.8604202271
-439.9 -492.7 2614.5 -0.8640807271 -0.0048147221 -0.5033302307 -0.0519124009 0.9954744577 0.0795969889 0.5006691813 0.0949072987 -0.8604202271
4.7 530.4 2672.3 0 0 0 0 0 0 0 0 0
-605.0 -216.2 2840.8 0 0 0 0 0 0 0 0 0
-485.5 -817.6 2473.5 0 0 0 0 0 0 0 0 0
-438.1 -873.3 2578.2 0 0 0 0 0 0 0 0 0
-420.7 503.7 2675.2 39 -0.7825190425 -0.0996552631 -0.6145997047 -0.1668354124 0.9845714569 0.0527728163 0.5998582840 0.1438327283 -0.7870719433
-400.9 307.6 2646.6 -0.7825190425 -0.0996552631 -0.6145997047 -0.1668354124 0.9845714569 0.0527728163 0.5998582840 0.1438327283 -0.7870719433
-383.9 111.2 2620.4 -0.7842492461 -0.0856075510 -0.6145115495 -0.1484167278 0.9875655174 0.0518340915 0.6024330258 0.1318546385 -0.7872031331
-290.6 328.4 2561.8 -0.9506447911 -0.2942475379 -0.0984522775 -0.1498889327 0.7133228183 -0.6846194863 0.2716758549 -0.6360730529 -0.7222210765
-127.9 354.1 2515.4 -0.4624165595 -0.2942475379 0.8364145756 -0.6887084842 0.7133228183 -0.1298120916 -0.5584366918 -0.6360730529 -0.5325030684
-511.2 286.7 2731.3 -0.2528992891 0.8311412334 -0.4952233732 -0.9226691723 -0.0531966612 0.3819053471 0.2910730243 0.5535109639 0.7803217769
-579.5 37.7 2809.9 -0.0931563452 0.8342350721 -0.5434829593 -0.9908480048 -0.0241229441 0.1328092664 0.0976837426 0.5508810282 0.8288474083
-299.3 -71.2 2539.7 -0.4599128366 0.3273561001 -0.8254199624 0.1372190714 0.9445995688 0.2981653214 0.8772976398 0.0238666963 -0.4793529809
-429.5 -446.7 2530.2 -0.4992569685 0.1515142471 -0.8531036973 -0.0552066043 0.9770288467 0.2058320343 0.8646934032 0.1498600394 -0.4794238806
-438.8 -98.7 2649.4 -0.8703861833 -0.0132206110 -0.4921921194 -0.0600422733 0.9950289130 0.0794508457 0.4886949658 0.0987052545 -0.8668532372
-433.5 -494.3 2610.2 -0.8703861833 -0.0132206110 -0.4921921194 -0.0600422733 0.9950289130 0.0794508457 0.4886949658 0.0987052545 -0.8668532372
-15.9 520.9 2650.6 0 0 0 0 0 0 0 0 0
-603.7 -219.9 2835.3 0 0 0 0 0 0 0 0 0
-486.6 -815.3 2473.7 0 0 0 0 0 0 0 0 0
-428.5 -874.7 2572.4 0 0 0 0 0 0 0 0 0
-420.1 501.5 2675.5 40 -0.7864813209 -0.0976107344 -0.6098518372 -0.1699384600 0.9835188389 0.0617386475 0.5937744379 0.1521935761 -0.7901070118
-400.7 306.0 2645.3 -0.7864813209 -0.0976107344 -0.6098518372 -0.1699384600 0.9835188389 0.0617386475 0.5937744379 0.1521935761 -0.7901070118
-384.4 109.8 2617.6 -0.7883556485 -0.0817622170 -0.6097624898 -0.1493484974 0.9869162440 0.0607569069 0.5968168378 0.1389651597 -0.7902520299
-289.7 327.0 2561.3 -0.9427097440 -0.3083887994 -0.1272582114 -0.1346462965 0.7007136345 -0.7006216645 0.3052354455 -0.6433480382 -0.7020930052
-146.0 347.5 2514.7 -0.5084636211 -0.3083887994 0.8039658070 -0.6930129528 0.7007136345 -0.1695092767 -0.5110750794 -0.6433480382 -0.5700048804
-511.6 285.0 2729.2 -0.2588884532 0.8277108073 -0.4978670180 -0.9236502051 -0.0613528676 0.3782936633 0.2825722098 0.5577908158 0.7803988457
-581.5 35.7 2805.5 -0.0983357951 0.8309568167 -0.5475772023 -0.9911158085 -0.0322624594 0.1290292144 0.0895515159 0.5554006696 0.8267470598
-294.9 -71.5 2538.9 -0.4620490968 0.3256137967 -0.8249159455 0.1390158832 0.9452528358 0.2952484787 0.8758910894 0.0217428766 -0.4820186794
-424.4 -447.3 2530.3 -0.5024782419 0.1669909805 -0.8483098745 -0.0453231446 0.9747336507 0.2187238932 0.8634010553 0.1483520716 -0.4822139144
-440.5 -100.1 2644.7 -0.8734300137 -0.0091644730 -0.4868634045 -0.0597107001 0.9942933321 0.0884045586 0.4832748473 0.1062861532 -0.8689929247
-436.8 -495.4 2602.5 -0.8734300137 -0.0091644730 -0.4868634045 -0.0597107001 0.9942933321 0.0884045586 0.4832748473 0.1062861532 -0.8689929247
-26.7 510.2 2634.7 0 0 0 0 0 0 0 0 0
-607.0 -222.0 2828.8 0 0 0 0 0 0 0 0 0
-487.4 -815.0 2474.3 0 0 0 0 0 0 0 0 0
-433.3 -875.5 2561.9 0 0 0 0 0 0 0 0 0
-421.9 501.0 2676.1 41 -0.8066245317 -0.1047210395 -0.5817133188 -0.1727148294 0.9829847813 0.0625339374 0.5652667284 0.1509119272 -0.8109865189
-401.0 304.9 2646.0 -0.8066245317 -0.1047210395 -0.5817133188 -0.1727148294 0.9829847813 0.0625339374 0.5652667284 0.1509119272 -0.8109865189
-383.2 108.8 2618.3 -0.8085020781 -0.0895264745 -0.5816437006 -0.1536810696 0.9861842990 0.0618280135 0.5680726171 0.1393757015 -0.8110905886
-287.3 326.5 2566.1 -0.9197936058 -0.3443976343 -0.1880692393 -0.1200488880 0.7032669187 -0.7007167339 0.3735880554 -0.6219372153 -0.6882049441
-159.9 343.1 2514.4 -0.5493559241 -0.3443976343 0.7613135576 -0.6881686449 0.7032669187 -0.1784364283 -0.4739535451 -0.6219372153 -0.6233475208
-514.7 283.2 2725.9 -0.2658199966 0.8076943755 -0.5262789726 -0.9254379869 -0.0608962663 0.3739734590 0.2700078189 0.5864481926 0.7636585236
-586.4 33.5 2798.8 -0.0984235182 0.8109337687 -0.5768008828 -0.9917071462 -0.0317927524 0.1245238855 0.0826425329 0.5842736363 0.8073379397
-295.8 -72.7 2535.2 -0.4876266122 0.3222846091 -0.8113895059 0.1507197171 0.9464926720 0.2853685915 0.8599441051 0.0168609265 -0.5101096630
-424.0 -449.0 2528.5 -0.5293476582 0.1762469411 -0.8298964500 -0.0298537668 0.9737089872 0.2258308977 0.8478795886 0.1443185955 -0.5101689100
-439.5 -101.3 2642.8 -0.8897767663 -0.0158743709 -0.4561198056 -0.0638536960 0.9938952327 0.0899721459 0.4519070387 0.1091800630 -0.8853585124
-433.2 -496.5 2599.3 -0.8897767663 -0.0158743709 -0.4561198056 -0.0638536960 0.9938952327 0.0899721459 0.4519070387 0.1091800630 -0.8853585124
-32.6 502.6 2624.3 0 0 0 0 0 0 0 0 0
-612.0 -224.3 2820.3 0 0 0 0 0 0 0 0 0
-489.8 -812.5 2474.7 0 0 0 0 0 0 0 0 0
-427.1 -876.5 2557.6 0 0 0 0 0 0 0 0 0
-424.5 506.7 2675.5 42 -0.7967711091 -0.1140613705 -0.5934187770 -0.1796094626 0.9823445678 0.0523408763 0.5769716501 0.1482873261 -0.8031902909
-401.7 310.0 2645.8 -0.7967711091 -0.1140613705 -0.5934187770 -0.1796094626 0.9823445678 0.0523408763 0.5769716501 0.1482873261 -0.8031902909
-382.3 114.0 2618.7 -0.7989691496 -0.0974845290 -0.5934181213 -0.1591588110 0.9858648777 0.0523347743 0.5799282193 0.1362615824 -0.8031911254
-289.3 332.4 2564.2 -0.9201104045 -0.3164158165 -0.2308199853 -0.0596418753 0.6956622601 -0.7158888578 0.3870913088 -0.6449302435 -0.6589577198
-167.8 340.3 2513.1 -0.5726050138 -0.3164158165 0.7563098073 -0.6820991039 0.6956622601 -0.2253769636 -0.4548233747 -0.6449302435 -0.6141666770
-514.1 287.6 2727.4 -0.2528276443 0.8162983060 -0.5193604231 -0.9267830253 -0.0502241626 0.3722240925 0.2777614594 0.5754429698 0.7692294717
-582.3 37.5 2802.3 -0.0873434544 0.8192155957 -0.5667952895 -0.9922557473 -0.0211029798 0.1224060133 0.0883158445 0.5730972886 0.8147145510
-291.2 -73.1 2538.6 -0.4781700075 0.3385934532 -0.8103751540 0.1468011737 0.9405300617 0.3063536882 0.8659116030 0.0275251195 -0.4994391799
-425.8 -447.0 2527.6 -0.5186774731 0.1708145589 -0.8377326727 -0.0339809395 0.9749458432 0.2198315710 0.8542944193 0.1424886286 -0.4998780191
-436.2 -96.6 2644.8 -0.8827423453 -0.0243338831 -0.4692268074 -0.0707246736 0.9941611886 0.0814954638 0.4645040035 0.1051254123 -0.8793092370
-426.5 -491.8 2603.0 -0.8827423453 -0.0243338831 -0.4692268074 -0.0707246736 0.9941611886 0.0814954638 0.4645040035 0.1051254123 -0.8793092370
-35.8 497.6 2618.0 0 0 0 0 0 0 0 0 0
-605.0 -220.4 2825.3 0 0 0 0 0 0 0 0 0
-489.5 -810.6 2474.5 0 0 0 0 0 0 0 0 0
-417.2 -871.9 2562.8 0 0 0 0 0 0 0 0 0
-427.4 505.9 2665.6 43 -0.8051599860 -0.1279712766 -0.5790861249 -0.1747919619 0.9842746854 0.0255171210 0.5667143464 0.1217649654 -0.8148669600
-401.7 308.4 2641.2 -0.8051599860 -0.1279712766 -0.5790861249 -0.1747919619 0.9842746854 0.0255171210 0.5667143464 0.1217649654 -0.8148669600
-381.1 112.1 2618.3 -0.8078826070 -0.1040772423 -0.5800807476 -0.1516534090 0.9878498316 0.0339701995 0.5694971085 0.1154151484 -0.8138503432
-288.1 329.8 2561.1 -0.9235870242 -0.3075786829 -0.2288719863 -0.0523782559 0.6926026940 -0.7194150686 0.3797940910 -0.6524544954 -0.6557892561
-172.9 336.3 2513.7 -0.5881401896 -0.3075786829 0.7479882836 -0.6774054170 0.6926026940 -0.2478374690 -0.4418291450 -0.6524544954 -0.6157029271
-515.4 287.1 2721.3 -0.2536141872 0.8066986203 -0.5337763429 -0.9223338366 -0.0353725739 0.3847715259 0.2915136218 0.5899034739 0.7530164123
-583.9 38.2 2800.0 -0.0846855342 0.8095352650 -0.5809311271 -0.9907329082 -0.0062755076 0.1356796026 0.1061917841 0.5870376825 0.8025646806
-289.7 -67.4 2538.4 -0.4941572547 0.3471697569 -0.7970456481 0.1588516235 0.9374279976 0.3098303974 0.8547366858 0.0264929421 -0.5183853507
-427.7 -440.0 2527.9 -0.5355072618 0.1583967954 -0.8295434713 -0.0330868065 0.9775648713 0.2080196738 0.8438822627 0.1388429850 -0.5182522535
-434.5 -98.2 2647.6 -0.8900997639 -0.0302626528 -0.4547598660 -0.0656762645 0.9958958030 0.0622745752 0.4510088563 0.0852975175 -0.8884342313
-422.5 -494.1 2613.7 -0.8900997639 -0.0302626528 -0.4547598660 -0.0656762645 0.9958958030 0.0622745752 0.4510088563 0.0852975175 -0.8884342313
-37.3 492.5 2615.6 0 0 0 0 0 0 0 0 0
-605.9 -219.4 2827.6 0 0 0 0 0 0 0 0 0
-488.1 -812.9 2474.9 0 0 0 0 0 0 0 0 0
-410.9 -874.7 2581.1 0 0 0 0 0 0 0 0 0
-424.8 508.8 2670.2 44 -0.8046246171 -0.1039521247 -0.5846136808 -0.1627578884 0.9854593873 0.0487816334 0.5710420609 0.1344013810 -0.8098439574
-404.0 311.6 2643.3 -0.8046246171 -0.1039521247 -0.5846136808 -0.1627578884 0.9854593873 0.0487816334 0.5710420609 0.1344013810 -0.8098439574
-384.5 115.2 2619.6 -0.8059896827 -0.0984335169 -0.5836878419 -0.1494475007 0.9879701734 0.0397537351 0.5727530718 0.1192717925 -0.8110044003
-290.6 332.7 2562.7 -0.9280058742 -0.2742032409 -0.2522255182 0.0050063734 0.6677572727 -0.7443622947 0.3725319803 -0.6920352578 -0.6183098555
-171.6 332.0 2514.9 -0.5823485255 -0.2742032409 0.7652991414 -0.6879693866 0.6677572727 -0.2842506170 -0.4330915809 -0.6920352578 -0.5775108933
-517.4 290.6 2723.9 -0.2569786012 0.8092625737 -0.5282575488 -0.9220061302 -0.0415019989 0.3849444687 0.2895974219 0.5859792233 0.7568101883
-586.8 41.7 2802.1 -0.0892579556 0.8122343421 -0.5764619708 -0.9906450510 -0.0124136405 0.1358982325 0.1032252237 0.5831992030 0.8057439327
-286.3 -70.3 2543.1 -0.4909355938 0.3543630242 -0.7958700061 0.1542254537 0.9344595671 0.3209357858 0.8574361801 0.0348153785 -0.5134112835
-427.2 -441.8 2529.3 -0.5319001079 0.1557351500 -0.8323634267 -0.0385708548 0.9774675369 0.2075318247 0.8459282517 0.1424911618 -0.5139082670
-438.9 -94.9 2648.5 -0.8883122206 -0.0247730315 -0.4585713446 -0.0626934841 0.9957371950 0.0676534995 0.4549405575 0.0888468698 -0.8860785961
-429.0 -490.7 2613.1 -0.8883122206 -0.0247730315 -0.4585713446 -0.0626934841 0.9957371950 0.0676534995 0.4549405575 0.0888468698 -0.8860785961
-38.2 489.6 2614.2 0 0 0 0 0 0 0 0 0
-610.0 -215.8 2828.9 0 0 0 0 0 0 0 0 0
-486.8 -815.6 2474.8 0 0 0 0 0 0 0 0 0
-419.5 -871.4 2579.2 0 0 0 0 0 0 0 0 0
-428.0 510.1 2674.0 45 -0.7552291751 -0.1106617153 -0.6460517645 -0.1690080017 0.9851933718 0.0288159456 0.6332970858 0.1309505552 -0.7627494931
-406.0 313.9 2647.9 -0.7552291751 -0.1106617153 -0.6460517645 -0.1690080017 0.9851933718 0.0288159456 0.6332970858 0.1309505552 -0.7627494931
-385.7 117.5 2624.4 -0.7568507195 -0.1018869653 -0.6455973983 -0.1539562941 0.9877713919 0.0245987643 0.6351963878 0.1180113778 -0.7632816434
-299.8 335.5 2558.8 -0.9411242604 -0.2398381978 -0.2382492870 0.0204137154 0.6631488800 -0.7482090592 0.3374438882 -0.7090212703 -0.6192095280
-173.6 332.8 2513.6 -0.5896357298 -0.2398381978 0.7712375522 -0.6797025800 0.6631488800 -0.3134293556 -0.4362729788 -0.7090212703 -0.5540349483
-512.1 292.3 2737.0 -0.2206058800 0.8529797792 -0.4730311930 -0.9228698015 -0.0255843680 0.3842612505 0.3156648874 0.5213165283 0.7928333879
-571.6 43.5 2822.1 -0.0672694296 0.8553180695 -0.5137176514 -0.9907743335 0.0034473643 0.1354779601 0.1176477149 0.5180917978 0.8471953273
-291.0 -67.4 2543.4 -0.4381850660 0.3387145102 -0.8326261640 0.1189820394 0.9399931431 0.3197751641 0.8909753561 0.0410531349 -0.4521919191
-425.6 -441.1 2527.0 -0.4712549150 0.1614697725 -0.8670907021 -0.0428033136 0.9777541161 0.2053406835 0.8809578419 0.1338821650 -0.4538599849
-434.7 -92.9 2659.0 -0.8492323160 -0.0312299859 -0.5270950198 -0.0697807446 0.9961316586 0.0534076057 0.5233881474 0.0821365491 -0.8481264114
-422.3 -488.9 2626.4 -0.8492323160 -0.0312299859 -0.5270950198 -0.0697807446 0.9961316586 0.0534076057 0.5233881474 0.0821365491 -0.8481264114
-38.7 488.3 2613.4 0 0 0 0 0 0 0 0 0
-589.1 -214.0 2852.7 0 0 0 0 0 0 0 0 0
-487.6 -816.3 2475.7 0 0 0 0 0 0 0 0 0
-410.3 -869.7 2595.0 0 0 0 0 0 0 0 0 0
-428.2 510.7 2674.9 46 -0.7617312074 -0.1007155254 -0.6400171518 -0.1555193812 0.9873857498 0.0297162179 0.6289508939 0.1221708357 -0.7677857876
-408.1 313.4 2650.5 -0.7617312074 -0.1007155254 -0.6400171518 -0.1555193812 0.9873857498 0.0297162179 0.6289508939 0.1221708357 -0.7677857876
-389.5 116.7 2628.7 -0.7630881071 -0.0933186188 -0.6395218372 -0.1416941285 0.9896030426 0.0246695485 0.6305705905 0.1094415262 -0.7683770061
-300.9 333.3 2561.9 -0.9316999912 -0.2628900707 -0.2506471276 0.0077854572 0.6754409075 -0.7373729944 0.3631453812 -0.6889618039 -0.6272615194
-177.4 332.3 2513.7 -0.6008474827 -0.2628900707 0.7548980713 -0.6733204722 0.6754409075 -0.3006977737 -0.4308385849 -0.6889618039 -0.5828462243
-515.3 293.5 2739.1 -0.2322314680 0.8486966491 -0.4751657844 -0.9179023504 -0.0296257325 0.3956988156 0.3217511475 0.5280495286 0.7859007120
-578.0 45.9 2825.9 -0.0779283717 0.8513484001 -0.5187804103 -0.9890536666 -0.0006187602 0.1475548446 0.1252995729 0.5246003866 0.8420774937
-296.2 -64.7 2542.9 -0.4449792504 0.3280197680 -0.8333045840 0.1268690377 0.9442094564 0.3039288223 0.8865087032 0.0295214672 -0.4617691934
-426.6 -440.1 2531.1 -0.4819316864 0.1609777808 -0.8612943888 -0.0500991605 0.9763078690 0.2105067074 0.8747753501 0.1445999742 -0.4624488354
-440.9 -93.0 2664.7 -0.8538123965 -0.0221630987 -0.5201088786 -0.0573641099 0.9970145822 0.0516838953 0.5174106359 0.0739639327 -0.8525347710
-432.1 -489.4 2635.3 -0.8538123965 -0.0221630987 -0.5201088786 -0.0573641099 0.9970145822 0.0516838953 0.5174106359 0.0739639327 -0.8525347710
-38.9 487.5 2613.1 0 0 0 0 0 0 0 0 0
-598.2 -211.2 2858.4 0 0 0 0 0 0 0 0 0
-488.3 -814.2 2475.7 0 0 0 0 0 0 0 0 0
-423.6 -870.5 2607.0 0 0 0 0 0 0 0 0 0
-427.2 507.7 2673.3 47 -0.7496387362 -0.0948218033 -0.6550195217 -0.1499374062 0.9882837534 0.0285305008 0.6446398497 0.1195994988 -0.7550731301
-408.3 310.7 2649.5 -0.7496387362 -0.0948218033 -0.6550195217 -0.1499374062 0.9882837534 0.0285305008 0.6446398497 0.1195994988 -0.7550731301
-390.8 113.8 2628.3 -0.7509101629 -0.0879732519 -0.6545186043 -0.1361745298 0.9904153347 0.0231082402 0.6462123990 0.1064809710 -0.7556926608
-302.7 329.9 2558.6 -0.9383845329 -0.2679966688 -0.2182024270 -0.0223669168 0.6771580577 -0.7354975343 0.3448684216 -0.6852989793 -0.6414288878
-180.3 332.8 2513.6 -0.6096538305 -0.2679966688 0.7459892631 -0.6699829698 0.6771580577 -0.3042691946 -0.4236095250 -0.6852989793 -0.5923852324
-513.8 291.6 2740.3 -0.2288334519 0.8588956594 -0.4581850171 -0.9154670238 -0.0298366491 0.4012853205 0.3309915066 0.5112807751 0.7931182981
-575.6 44.5 2829.7 -0.0786341205 0.8615742326 -0.5015042424 -0.9881489277 -0.0008395148 0.1534960419 0.1318272203 0.5076308846 0.8514296412
-301.1 -67.1 2549.2 -0.4367413223 0.3162840009 -0.8421528339 0.1039594710 0.9476278424 0.3019833267 0.8935599923 0.0443388298 -0.4467489421
-426.8 -443.7 2531.5 -0.4689796865 0.1585157067 -0.8688675761 -0.0564787462 0.9763661623 0.2086126506 0.8814012408 0.1469076574 -0.4489431381
-442.1 -95.5 2666.4 -0.8435870409 -0.0175154023 -0.5367067456 -0.0520248041 0.9974320531 0.0492205955 0.5344663858 0.0694439188 -0.8423320055
-435.1 -492.1 2638.8 -0.8435870409 -0.0175154023 -0.5367067456 -0.0520248041 0.9974320531 0.0492205955 0.5344663858 0.0694439188 -0.8423320055
-39.0 488.0 2611.8 0 0 0 0 0 0 0 0 0
-596.0 -212.3 2863.9 0 0 0 0 0 0 0 0 0
-486.9 -814.0 2475.8 0 0 0 0 0 0 0 0 0
-428.4 -873.4 2612.2 0 0 0 0 0 0 0 0 0
-428.3 512.1 2674.1 48 -0.7315124273 -0.1036561355 -0.6739028096 -0.1556843668 0.9876592159 0.0170768071 0.6638162136 0.1174080297 -0.7386226058
-407.6 314.9 2650.6 -0.7315124273 -0.1036561355 -0.6739028096 -0.1556843668 0.9876592159 0.0170768071 0.6638162136 0.1174080297 -0.7386226058
-388.3 118.2 2629.0 -0.7325841188 -0.0972216949 -0.6736975908 -0.1451366544 0.9892970324 0.0150567181 0.6650231481 0.1088085175 -0.7388537526
-304.6 335.3 2557.1 -0.9445878267 -0.2426628917 -0.2210622430 0.0040088235 0.6648611426 -0.7469562292 0.3282342553 -0.7064519525 -0.6270470023
-178.3 334.7 2513.2 -0.6066363454 -0.2426628917 0.7570383549 -0.6722710729 0.6648611426 -0.3255937397 -0.4243158698 -0.7064519525 -0.5664641857
-510.6 294.5 2744.1 -0.2093569338 0.8718631268 -0.4427464306 -0.9180974364 -0.0194253828 0.3958784938 0.3365513086 0.4893642664 0.8045220971
-567.1 46.7 2834.9 -0.0633691326 0.8740979433 -0.4815985560 -0.9890100360 0.0095880758 0.1475370377 0.1335794181 0.4856551290 0.8638840318
-304.4 -70.6 2547.9 -0.4183770716 0.3080677688 -0.8544324636 0.0889022648 0.9500942230 0.2990274131 0.9039120674 0.0491452329 -0.4248855710
-426.9 -448.3 2528.4 -0.4466486573 0.1607082486 -0.8801578283 -0.0544241667 0.9770341516 0.2060152441 0.8930526376 0.1399182826 -0.4276445806
-436.1 -91.8 2668.3 -0.8290747404 -0.0277652219 -0.5584479570 -0.0621569790 0.9971525073 0.0427016057 0.5556721687 0.0701142624 -0.8284397721
-425.1 -488.2 2640.4 -0.8290747404 -0.0277652219 -0.5584479570 -0.0621569790 0.9971525073 0.0427016057 0.5556721687 0.0701142624 -0.8284397721
-38.6 489.5 2610.9 0 0 0 0 0 0 0 0 0
-583.6 -210.4 2869.7 0 0 0 0 0 0 0 0 0
-486.9 -813.2 2476.1 0 0 0 0 0 0 0 0 0
-414.5 -869.4 2613.6 0 0 0 0 0 0 0 0 0
-430.3 512.0 2675.9 49 -0.7101305127 -0.1057670787 -0.6960803866 -0.1589455754 0.9872125983 0.0121501982 0.6858942509 0.1192671284 -0.7178609967
-409.3 315.2 2652.1 -0.7101305127 -0.1057670787 -0.6960803866 -0.1589455754 0.9872125983 0.0121501982 0.6858942509 0.1192671284 -0.7178609967
-389.6 118.6 2630.5 -0.7113959789 -0.0990723148 -0.6957733035 -0.1467364430 0.9891329408 0.0091869254 0.6873021126 0.1086308360 -0.7182027102
-309.2 335.8 2555.5 -0.9516573548 -0.2237323523 -0.2104569525 0.0131426919 0.6548800468 -0.7556185722 0.3068803847 -0.7218559384 -0.6202809215
-177.5 334.0 2513.0 -0.6025902629 -0.2237323523 0.7660475373 -0.6750569344 0.6548800468 -0.3397503197 -0.4256560802 -0.7218559384 -0.5456563830
-509.3 294.6 2748.8 -0.1942565441 0.8863387704 -0.4203188717 -0.9180684686 -0.0133260656 0.3961977661 0.3455642462 0.4628455341 0.8163083792
-561.7 46.8 2842.0 -0.0540993847 0.8883081675 -0.4560502768 -0.9888823628 0.0156905819 0.1478696615 0.1385095268 0.4589797556 0.8775834441
-301.8 -65.2 2546.3 -0.3904802203 0.3171250224 -0.8642666936 0.0923434943 0.9475539923 0.3059643209 0.9159682393 0.0396636091 -0.3992855251
-427.9 -441.9 2530.6 -0.4215593040 0.1563733071 -0.8932161927 -0.0675803721 0.9768621325 0.2029120177 0.9042790532 0.1459033340 -0.4012375474
-435.1 -91.5 2671.9 -0.8115782738 -0.0308803152 -0.5834270120 -0.0646118298 0.9972206950 0.0370964482 0.5806599855 0.0678029582 -0.8113179207
-422.8 -488.0 2645.0 -0.8115782738 -0.0308803152 -0.5834270120 -0.0646118298 0.9972206950 0.0370964482 0.5806599855 0.0678029582 -0.8113179207
-38.8 489.3 2610.9 0 0 0 0 0 0 0 0 0
-575.8 -210.2 2878.0 0 0 0 0 0 0 0 0 0
-487.3 -812.9 2475.2 0 0 0 0 0 0 0 0 0
-411.0 -869.2 2619.0 0 0 0 0 0 0 0 0 0
-429.4 509.7 2675.8 50 -0.7121428251 -0.0988498479 -0.6950404644 -0.1529238522 0.9881058931 0.0161566362 0.6851764917 0.1177941039 -0.7187890410
-409.8 313.2 2652.4 -0.7121428251 -0.0988498479 -0.6950404644 -0.1529238522 0.9881058931 0.0161566362 0.6851764917 0.1177941039 -0.7187890410
-391.3 116.3 2631.4 -0.7133773565 -0.0927763879 -0.6946116090 -0.1401801109 0.9900565147 0.0117294891 0.6866165400 0.1057382822 -0.7192893028
-309.4 332.9 2555.8 -0.9572038651 -0.2162262648 -0.1923719049 0.0116767297 0.6352990270 -0.7721779346 0.2891788483 -0.7413780093 -0.6055858731
-175.3 331.2 2515.3 -0.5942083001 -0.2162262648 0.7747017145 -0.6881456375 0.6352990270 -0.3505007029 -0.4163797796 -0.7413780093 -0.5262951255
-510.1 293.4 2749.0 -0.2008648664 0.8855306506 -0.4189138412 -0.9157304764 -0.0178279486 0.4013973176 0.3479812443 0.4642387927 0.8144884109
-564.3 46.3 2842.9 -0.0608271100 0.8876982331 -0.4563900828 -0.9880961776 0.0111764306 0.1534308791 0.1413011402 0.4602900445 0.8764514327
-304.7 -64.6 2545.9 -0.3936067522 0.3111510575 -0.8650195003 0.0904065967 0.9495166540 0.3004076481 0.9148225784 0.0400390066 -0.4018662572
-428.4 -442.1 2530.0 -0.4244611859 0.1506069154 -0.8928326964 -0.0726628676 0.9772230983 0.1993868798 0.9025257826 0.1495077759 -0.4038497210
-438.3 -93.3 2673.3 -0.8128613234 -0.0244427510 -0.5819441676 -0.0576449595 0.9975899458 0.0386179909 0.5795977116 0.0649372190 -0.8123112917
-428.6 -490.0 2647.5 -0.8128613234 -0.0244427510 -0.5819441676 -0.0576449595 0.9975899458 0.0386179909 0.5795977116 0.0649372190 -0.8123112917
-39.0 489.1 2610.9 0 0 0 0 0 0 0 0 0
-580.2 -210.6 2879.7 0 0 0 0 0 0 0 0 0
-485.6 -813.8 2473.1 0 0 0 0 0 0 0 0 0
-419.3 -871.4 2622.7 0 0 0 0 0 0 0 0 0
-428.8 504.7 2673.8 51 -0.7092909217 -0.0905910954 -0.6990705729 -0.1458679140 0.9891054034 0.0198243856 0.6896585822 0.1160332263 -0.7147778273
-410.7 307.8 2650.7 -0.7092909217 -0.0905910954 -0.6990705729 -0.1458679140 0.9891054034 0.0198243856 0.6896585822 0.1160332263 -0.7147778273
-393.0 110.8 2629.9 -0.7101185918 -0.0892050043 -0.6984082460 -0.1367550045 0.9905256033 0.0125319641 0.6906733513 0.1044100076 -0.7155898809
-310.8 327.0 2553.5 -0.9630242586 -0.2163515985 -0.1605497152 -0.0133337304 0.6334646344 -0.7736567855 0.2690844536 -0.7429095507 -0.6129266024
-171.4 328.9 2514.6 -0.5786308050 -0.2163515985 0.7863703966 -0.6960864663 0.6334646344 -0.3379145563 -0.4250294566 -0.7429095507 -0.5171415806
-510.6 288.5 2747.9 -0.2018177062 0.8879428506 -0.4133123755 -0.9144361019 -0.0196713917 0.4042519331 0.3508221805 0.4595329762 0.8159370422
-565.1 41.7 2842.6 -0.0630920753 0.8901787400 -0.4512218535 -0.9876344204 0.0093272403 0.1564968973 0.1435188651 0.4555159211 0.8785827160
-307.5 -67.6 2547.4 -0.3926473558 0.3047468662 -0.8677311540 0.0803416148 0.9512637258 0.2977289855 0.9161731601 0.0471875742 -0.3979950249
-428.6 -445.8 2528.6 -0.4208703935 0.1560959220 -0.8935894966 -0.0671812296 0.9770144224 0.2023105174 0.9046296477 0.1451789439 -0.4007097185
-440.4 -98.6 2672.5 -0.8099229932 -0.0210612658 -0.5861579776 -0.0540824234 0.9977793694 0.0388770625 0.5840375423 0.0631882697 -0.8092635274
-432.0 -495.4 2647.4 -0.8099229932 -0.0210612658 -0.5861579776 -0.0540824234 0.9977793694 0.0388770625 0.5840375423 0.0631882697 -0.8092635274
-39.1 488.1 2611.8 0 0 0 0 0 0 0 0 0
-581.5 -215.1 2879.9 0 0 0 0 0 0 0 0 0
-487.3 -812.9 2474.1 0 0 0 0 0 0 0 0 0
-424.0 -876.8 2623.3 0 0 0 0 0 0 0 0 0
-425.2 502.7 2665.3 52 -0.7231525779 -0.0797198191 -0.6860722303 -0.1254284233 0.9919579625 0.0169445481 0.6792039871 0.0983064547 -0.7273361087
-409.3 304.4 2645.6 -0.7231525779 -0.0797198191 -0.6860722303 -0.1254284233 0.9919579625 0.0169445481 0.6792039871 0.0983064547 -0.7273361087
-393.8 107.1 2627.4 -0.7235932350 -0.0782403573 -0.6857778430 -0.1198920086 0.9926985502 0.0132462084 0.6797342896 0.0918041468 -0.7276903987
