-310.2 425.0 2756.8 3 -0.4872553647 0.0406173058 -0.8723143935 -0.1083499566 0.9883869290 0.1065438166 0.8665117025 0.1464292705 -0.4771959484
-318.4 227.0 2727.4 -0.4872553647 0.0406173058 -0.8723143935 -0.1083499566 0.9883869290 0.1065438166 0.8665117025 0.1464292705 -0.4771959484
-326.0 30.1 2701.5 -0.4867541194 0.0380023941 -0.8727120161 -0.0957318395 0.9907150865 0.0965351760 0.8682774901 0.1305352151 -0.4785965979
-247.3 240.9 2600.7 -0.4055791199 0.3399920166 -0.8484756947 0.8992027044 0.3150887191 -0.3035681248 0.1641343832 -0.8860725164 -0.4335151315
-148.2 21.1 2560.6 -0.4706114233 0.3399920166 0.8142053485 -0.7587351203 0.3150887191 -0.5701228380 -0.4503841400 -0.8860725164 0.1096795425
-389.4 213.0 2854.2 -0.4416330755 0.4544663727 -0.7735764384 -0.8564737439 0.0432614125 0.5143744946 0.2672319412 0.8897127509 0.3701328635
-510.5 -21.8 2927.4 0.2690200210 0.4544663727 -0.8491693139 -0.9588456154 0.0432614125 -0.2806128263 -0.0907928273 0.8897127509 0.4474012852
-285.9 -160.3 2597.5 -0.6877432466 0.0518831424 -0.7240976095 -0.1289103627 0.9728628397 0.1921459436 0.7144168019 0.2254907638 -0.6623915434
-306.5 -546.8 2507.9 -0.6813380122 -0.1191496700 -0.7222062349 -0.1944212019 0.9806796908 0.0216266364 0.7056761980 0.1551472694 -0.6913395524
-377.1 -177.7 2755.3 0.4459826350 0.1005212367 0.8893789649 0.0873939022 0.9840344191 -0.1550436020 -0.8907647133 0.1468730569 0.4300773144
-417.0 -568.7 2697.0 0.4396492243 0.1034939066 0.8921869397 0.0156722534 0.9923039079 -0.1228304282 -0.8980327845 0.0679848865 0.4346436858
-26.0 218.2 2677.5 0 0 0 0 0 0 0 0 0
-434.9 -291.4 2901.9 0 0 0 0 0 0 0 0 0
-267.2 -870.9 2456.6 0 0 0 0 0 0 0 0 0
-446.1 -847.2 2677.9 0 0 0 0 0 0 0 0 0
-310.6 427.2 2747.8 4 -0.5052282810 0.0401885659 -0.8620494604 -0.0866686478 0.9915018678 0.0970182121 0.8586226702 0.1237290055 -0.4974517226
-318.7 228.4 2723.0 -0.5052282810 0.0401885659 -0.8620494604 -0.0866686478 0.9915018678 0.0970182121 0.8586226702 0.1237290055 -0.4974517226
-326.1 31.1 2701.5 -0.5047622919 0.0369240828 -0.8624683619 -0.0746729076 0.9934723973 0.0862351879 0.8600226641 0.1079312861 -0.4987101853
-245.0 239.4 2597.4 -0.3726754785 0.3479915559 -0.8602411747 0.9050176144 0.3411684036 -0.2540615201 0.2050758302 -0.8732159138 -0.4420835674
-153.0 16.1 2546.9 -0.4663507044 0.3479915559 0.8132766485 -0.7450196743 0.3411684036 -0.5731925964 -0.4769304693 -0.8732159138 0.1001564413
-392.4 217.5 2848.5 -0.4487053454 0.4359329343 -0.7801448703 -0.8492912054 0.0636965707 0.5240679383 0.2781510353 0.8977222443 0.3416530192
-515.4 -15.3 2924.7 0.2692349851 0.4359329343 -0.8587636352 -0.9610410333 0.0636965707 -0.2689662576 -0.0625509471 0.8977222443 0.4360987842
-288.9 -158.0 2596.0 -0.7037685513 0.0413823202 -0.7092230320 -0.1369073838 0.9716894031 0.1925513893 0.6971127391 0.2326094806 -0.6781789064
-305.4 -544.1 2503.5 -0.6997232437 -0.1142093688 -0.7052258849 -0.1768386364 0.9841083884 0.0160852205 0.6921816468 0.1359663904 -0.7088001966
-378.1 -175.5 2755.1 0.4658450186 0.1179644838 0.8769679666 0.0785002783 0.9816567898 -0.1737459153 -0.8813773990 0.1497808993 0.4480396807
-425.0 -565.6 2695.6 0.4627348185 0.0664321557 0.8840041161 0.0198429693 0.9961621761 -0.0852476060 -0.8862746358 0.0569883026 0.4596407115
-31.9 209.6 2670.7 0 0 0 0 0 0 0 0 0
-439.7 -285.5 2907.2 0 0 0 0 0 0 0 0 0
-267.1 -873.5 2458.0 0 0 0 0 0 0 0 0 0
-443.6 -843.8 2679.6 0 0 0 0 0 0 0 0 0
-311.3 426.4 2752.3 5 -0.4788852334 0.0356563441 -0.8771530986 -0.1009507179 0.9903097749 0.0953706205 0.8720538020 0.1342208236 -0.4706451893
-318.4 228.0 2725.4 -0.4788852334 0.0356563441 -0.8771530986 -0.1009507179 0.9903097749 0.0953706205 0.8720538020 0.1342208236 -0.4706451893
-325.4 30.6 2703.7 -0.4781087041 0.0350336656 -0.8776016831 -0.0791589096 0.9934188724 0.0827820525 0.8747262359 0.1090488136 -0.4721889496
-248.6 239.6 2597.7 -0.3681900799 0.3227309585 -0.8719408512 0.9062479138 0.3341050446 -0.2590146363 0.2077277750 -0.8855611682 -0.4154883921
-156.8 13.4 2545.9 -0.4832484126 0.3227309585 0.8138278127 -0.7463207841 0.3341050446 -0.5756554008 -0.4576857984 -0.8855611682 0.0794050843
-388.2 216.5 2853.0 -0.4355179965 0.4626510739 -0.7721904516 -0.8523135185 0.0640666038 0.5190926194 0.2896303833 0.8842225075 0.3664215803
-507.6 -17.2 2932.5 0.2722155452 0.4626510739 -0.8437136412 -0.9594699144 0.0640666038 -0.2744321525 -0.0729124546 0.8842225075 0.4613396823
-287.2 -159.4 2601.3 -0.6817026138 0.0481039546 -0.7300462723 -0.1436312497 0.9696196318 0.1980098188 0.7173922658 0.2398412675 -0.6540829539
-306.3 -544.7 2506.0 -0.6771394610 -0.1197274178 -0.7260492444 -0.1864973009 0.9823829532 0.0119365267 0.7118293047 0.1434889138 -0.6875391006
-379.7 -173.1 2758.9 0.4401212931 0.1122681871 0.8908923268 0.0963106230 0.9805275202 -0.1711434722 -0.8927583694 0.1611262858 0.4207384288
-424.3 -562.7 2694.8 0.4359947145 0.0676896572 0.8973999619 0.0132357674 0.9965772033 -0.0816009492 -0.8998518586 0.0474553630 0.4336064756
-31.3 207.2 2664.7 0 0 0 0 0 0 0 0 0
-431.1 -287.0 2912.0 0 0 0 0 0 0 0 0 0
-266.0 -875.2 2457.7 0 0 0 0 0 0 0 0 0
-443.8 -849.9 2681.2 0 0 0 0 0 0 0 0 0
-312.1 424.6 2753.0 6 -0.5133490562 0.0374466963 -0.8573625088 -0.0993682966 0.9897339940 0.1027253792 0.8524075747 0.1379286349 -0.5043579936
-319.6 226.2 2725.4 -0.5133490562 0.0374466963 -0.8573625088 -0.0993682966 0.9897339940 0.1027253792 0.8524075747 0.1379286349 -0.5043579936
-326.8 29.0 2702.4 -0.5126507282 0.0366667435 -0.8578139544 -0.0806907341 0.9926083684 0.0906512216 0.8547971845 0.1156900525 -0.5059027672
-244.8 238.0 2600.6 -0.3453156650 0.3024824560 -0.8884038925 0.9071475267 0.3501701057 -0.2333757877 0.2405004054 -0.8865017295 -0.3953154385
-158.7 11.9 2540.7 -0.4883683026 0.3024824560 0.8185357451 -0.7417743206 0.3501701057 -0.5719718337 -0.4596381783 -0.8865017295 0.0533617362
-394.4 214.4 2850.1 -0.4514593184 0.4278814495 -0.7830082774 -0.8512154222 0.0566616133 0.5217487216 0.2676131129 0.9020570517 0.3386388719
-518.1 -18.9 2923.4 0.2691668272 0.4278814495 -0.8628247976 -0.9607372284 0.0566616133 -0.2716126740 -0.0673289746 0.9020570517 0.4263330698
-288.6 -159.5 2601.9 -0.7098640203 0.0413444601 -0.7031242847 -0.1338222772 0.9721748233 0.1922699362 0.6915090084 0.2305791974 -0.6845791340
-305.0 -545.8 2510.2 -0.7045746446 -0.1152826026 -0.7002031803 -0.1883006990 0.9817166328 0.0278448481 0.6841911077 0.1514675319 -0.7134004235
-376.2 -174.0 2762.2 0.4754991233 0.1273216903 0.8704537749 0.0981104970 0.9756233692 -0.1962992996 -0.8742281795 0.1787407994 0.4514164627
-426.8 -561.6 2691.2 0.4719529152 0.0595276766 0.8796117902 0.0015220564 0.9976614118 -0.0683333278 -0.8816224337 0.0335889310 0.4707585871
-31.8 204.6 2660.1 0 0 0 0 0 0 0 0 0
-442.4 -289.0 2904.5 0 0 0 0 0 0 0 0 0
-266.4 -875.3 2459.4 0 0 0 0 0 0 0 0 0
-444.1 -851.4 2681.4 0 0 0 0 0 0 0 0 0
-312.4 422.4 2752.9 7 -0.4670281112 0.0391735248 -0.8833743334 -0.0879303068 0.9920090437 0.0904785395 0.8798596263 0.1199313924 -0.4598515630
-320.3 223.5 2728.8 -0.4670281112 0.0391735248 -0.8833743334 -0.0879303068 0.9920090437 0.0904785395 0.8798596263 0.1199313924 -0.4598515630
-328.1 26.1 2708.0 -0.4664872885 0.0396059304 -0.8836407661 -0.0742983222 0.9937120080 0.0837626755 0.8814019561 0.1047272533 -0.4606113732
-252.3 234.4 2600.3 -0.3710981309 0.2751480639 -0.8868932724 0.8944413066 0.3625565767 -0.2617775500 0.2495214194 -0.8904191256 -0.3806478679
-159.7 11.3 2538.1 -0.4938475490 0.2751480639 0.8248685598 -0.7413381934 0.3625565767 -0.5647746325 -0.4544581771 -0.8904191256 0.0249300972
-388.3 212.7 2857.4 -0.4335977137 0.4748380482 -0.7658471465 -0.8501932621 0.0660595670 0.5223097801 0.2986040711 0.8775904179 0.3750608265
-507.1 -20.2 2939.2 0.2682496607 0.4748380482 -0.8381950855 -0.9605921507 0.0660595670 -0.2699979246 -0.0728344843 0.8775904179 0.4738461375
-287.2 -160.9 2601.1 -0.6720120907 0.0430525430 -0.7392876744 -0.1320049614 0.9753558636 0.1767924577 0.7286799550 0.2163963169 -0.6497677565
-304.3 -548.4 2515.1 -0.6657290459 -0.1128234491 -0.7376148701 -0.2013063729 0.9790074229 0.0319414735 0.7185266614 0.1697509289 -0.6744657755
-381.1 -175.6 2757.7 0.4297668636 0.1074569449 0.8965229988 0.1033141091 0.9805204272 -0.1670506001 -0.8970098495 0.1644162834 0.4102933705
-423.8 -565.1 2692.4 0.4252181947 0.0671395063 0.9025972486 0.0049994839 0.9970554113 -0.0765210390 -0.9050770402 0.0370506570 0.4236304462
-31.4 203.9 2656.2 0 0 0 0 0 0 0 0 0
-431.6 -290.4 2918.7 0 0 0 0 0 0 0 0 0
-266.7 -874.4 2458.6 0 0 0 0 0 0 0 0 0
-443.2 -853.0 2681.7 0 0 0 0 0 0 0 0 0
-311.9 424.6 2754.8 8 -0.4572128356 0.0448213257 -0.8882271647 -0.0903669819 0.9912188649 0.0965346470 0.8847543001 0.1244032905 -0.4491476417
-320.9 225.4 2729.8 -0.4572128356 0.0448213257 -0.8882271647 -0.0903669819 0.9912188649 0.0965346470 0.8847543001 0.1244032905 -0.4491476417
-329.3 28.0 2708.7 -0.4565590024 0.0421751700 -0.8886929154 -0.0754507110 0.9934419394 0.0859085098 0.8864880800 0.1062748134 -0.4503827095
-254.3 236.4 2600.5 -0.4039679766 0.3070125878 -0.8617152572 0.8793315887 0.3899926841 -0.2732795179 0.2521623969 -0.8681295514 -0.4275104403
-156.4 23.3 2539.3 -0.4365935326 0.3070125878 0.8456532359 -0.7528204322 0.3899926841 -0.5302518606 -0.4925925732 -0.8681295514 0.0608570874
-387.6 214.4 2859.2 -0.4316874444 0.4848527014 -0.7606338263 -0.8499564528 0.0637028739 0.5229875445 0.3020264804 0.8722727895 0.3846039474
-505.9 -18.5 2942.0 0.2661822140 0.4848527014 -0.8331055641 -0.9607786536 0.0637028739 -0.2699005604 -0.0777908042 0.8722727895 0.4827927053
-293.2 -164.6 2606.6 -0.6646090746 0.0351643711 -0.7463633418 -0.1497869492 0.9723448157 0.1791910976 0.7320236564 0.2308875322 -0.6409620047
-307.2 -550.9 2514.8 -0.6587129831 -0.1208444536 -0.7426263094 -0.2068156600 0.9780784249 0.0242878813 0.7234116793 0.1695854962 -0.6692655087
-378.6 -178.2 2767.9 0.4207610190 0.0993726924 0.9017123580 0.1144105494 0.9802327156 -0.1614127308 -0.8999279737 0.1710816026 0.4010744393
-418.1 -567.6 2699.9 0.4142937958 0.0907617286 0.9056063890 0.0254733302 0.9934691787 -0.1112209707 -0.9097866416 0.0691469684 0.4092761278
-42.4 219.9 2668.0 0 0 0 0 0 0 0 0 0
-431.0 -288.8 2920.1 0 0 0 0 0 0 0 0 0
-267.4 -872.8 2459.0 0 0 0 0 0 0 0 0 0
-444.1 -852.3 2680.1 0 0 0 0 0 0 0 0 0
-310.4 425.2 2756.3 9 -0.4337623417 0.0477531590 -0.8997610211 -0.1018487737 0.9895958900 0.1016208678 0.8952525258 0.1357188523 -0.4243858457
-320.0 226.2 2729.0 -0.4337623417 0.0477531590 -0.8997610211 -0.1018487737 0.9895958900 0.1016208678 0.8952525258 0.1357188523 -0.4243858457
-329.1 29.0 2706.3 -0.4329059422 0.0456036590 -0.9002848268 -0.0836673900 0.9923756719 0.0905003324 0.8975479007 0.1145026162 -0.4257898033
-256.8 238.4 2598.0 -0.4215795994 0.3322802484 -0.8437182307 0.8723917603 0.4024670124 -0.2774039209 0.2473929226 -0.8530006409 -0.4595504403
-157.2 32.2 2539.5 -0.4137498140 0.3322802484 0.8475853205 -0.7505249381 0.4024670124 -0.5241494775 -0.5152896643 -0.8530006409 0.0828639641
-383.2 214.0 2860.0 -0.4241922200 0.5078645945 -0.7497562766 -0.8525319695 0.0552269518 0.5197492242 0.3053689897 0.8596647978 0.4095439613
-499.5 -19.8 2943.7 0.2633248270 0.5078645945 -0.8202033639 -0.9601280689 0.0552269518 -0.2740512192 -0.0938835889 0.8596647978 0.5021576881
-295.8 -162.5 2606.4 -0.6451163888 0.0236453284 -0.7637183666 -0.1590030491 0.9734855294 0.1644504964 0.7473572493 0.2275232524 -0.6242518425
-305.2 -549.3 2516.0 -0.6403332353 -0.1150781959 -0.7594276667 -0.2061644197 0.9781822562 0.0256067552 0.7399118543 0.1729638278 -0.6500876546
-379.5 -176.3 2768.8 0.3975740969 0.0858833119 0.9135419726 0.1308527291 0.9801273346 -0.1490902901 -0.9081918001 0.1788139045 0.3784351945
-413.6 -565.7 2697.8 0.3871907294 0.1086108983 0.9155801535 0.0094271414 0.9925191402 -0.1217244640 -0.9219514728 0.0557618886 0.3832703233
-48.1 230.1 2675.4 0 0 0 0 0 0 0 0 0
-425.5 -289.8 2917.3 0 0 0 0 0 0 0 0 0
-267.1 -873.3 2458.7 0 0 0 0 0 0 0 0 0
-444.7 -849.9 2681.8 0 0 0 0 0 0 0 0 0
-309.4 426.4 2755.5 0 -0.4038473368 0.0452573150 -0.9137062430 -0.1126442701 0.9887151718 0.0987600610 0.9078648686 0.1428077668 -0.3941920102
-318.5 227.1 2726.7 -0.4038473368 0.0452573150 -0.9137062430 -0.1126442701 0.9887151718 0.0987600610 0.9078648686 0.1428077668 -0.3941920102
-327.4 30.0 2702.8 -0.4029207826 0.0447155870 -0.9141418934 -0.0922494158 0.9917351007 0.0891713053 0.9105738997 0.1202580258 -0.3954657018
-259.7 240.6 2593.9 -0.4310401380 0.3442142904 -0.8340988755 0.8740864396 0.3887585402 -0.2912725210 0.2240028977 -0.8546246290 -0.4684436023
-158.1 34.4 2541.0 -0.4082879424 0.3442142904 0.8454687595 -0.7576975226 0.3887585402 -0.5241767168 -0.5091123581 -0.8546246290 0.1020849049
-377.3 213.6 2859.6 -0.4100361764 0.5354516506 -0.7383508086 -0.8567922711 0.0514082871 0.5130928159 0.3126937151 0.8429998755 0.4376915395
-489.8 -21.3 2945.4 0.2644698918 0.5354516506 -0.8020892739 -0.9581511617 0.0514082871 -0.2816089094 -0.1095539108 0.8429998755 0.5266395211
-298.5 -160.5 2601.3 -0.6193847656 0.0183575116 -0.7848728895 -0.1591327637 0.9760386944 0.1484088153 0.7687907815 0.2168211490 -0.6016222239
-305.8 -548.4 2515.1 -0.6134316921 -0.1251799166 -0.7797638178 -0.2131528854 0.9769586325 0.0108483266 0.7604389787 0.1728636026 -0.6259798408
-377.8 -175.9 2765.8 0.3663719893 0.0817385167 0.9268712997 0.1315700561 0.9815741777 -0.1385693997 -0.9211193919 0.1727164388 0.3488669395
-410.3 -565.9 2697.1 0.3539229929 0.1211187616 0.9273989201 0.0066145612 0.9912303686 -0.1319794953 -0.9352511764 0.0528449155 0.3500180840
-49.8 235.4 2676.0 0 0 0 0 0 0 0 0 0
-415.4 -290.7 2914.6 0 0 0 0 0 0 0 0 0
-264.3 -872.2 2457.8 0 0 0 0 0 0 0 0 0
-445.0 -849.7 2682.0 0 0 0 0 0 0 0 0 0
-310.1 423.7 2753.6 1 -0.4391814470 0.0445539281 -0.8972929120 -0.1035098583 0.9896087646 0.0998008177 0.8924154639 0.1367093325 -0.4300060570
-319.0 225.3 2726.2 -0.4391814470 0.0445539281 -0.8972929120 -0.1035098583 0.9896087646 0.0998008177 0.8924154639 0.1367093325 -0.4300060570
-327.6 28.2 2702.7 -0.4384918809 0.0430789329 -0.8977020979 -0.0879168138 0.9920038581 0.0905481651 0.8944246769 0.1186277494 -0.4311982989
-255.0 238.1 2595.7 -0.4112553895 0.3300482333 -0.8496688604 0.8858646154 0.3643163741 -0.2872585356 0.2147390991 -0.8708282113 -0.4422051311
-160.0 33.3 2546.1 -0.4134295285 0.3300482333 0.8486130834 -0.7735487223 0.3643163741 -0.5185518265 -0.4803107679 -0.8708282113 0.1046892479
-383.0 212.4 2856.7 -0.4245350659 0.5022298098 -0.7533493042 -0.8545515537 0.0526834577 0.5166876912 0.2991850078 0.8631278276 0.4068152905
-499.4 -21.8 2938.8 0.2654903531 0.5022298098 -0.8229702711 -0.9593294859 0.0526834577 -0.2773289979 -0.0959259719 0.8631278276 0.4957908392
-299.4 -158.6 2595.5 -0.6492500305 0.0165226627 -0.7603955269 -0.1409312934 0.9798374176 0.1416225731 0.7474040389 0.1991119981 -0.6338309646
-306.0 -547.9 2516.4 -0.6415071487 -0.1264452189 -0.7566241622 -0.2156038433 0.9762832522 0.0196465645 0.7361953259 0.1757344902 -0.6535547972
-373.3 -175.5 2762.4 0.4045544565 0.0584872477 0.9126417041 0.1567351371 0.9787527323 -0.1322013289 -0.9009826779 0.1965256631 0.3867917657
-396.5 -564.2 2684.3 0.3772531748 0.1668962985 0.9109476805 -0.0595313273 0.9859636426 -0.1559862494 -0.9241948128 0.0046163825 0.3818934858
-51.1 236.9 2672.5 0 0 0 0 0 0 0 0 0
-424.7 -291.6 2911.8 0 0 0 0 0 0 0 0 0
-263.8 -874.0 2457.7 0 0 0 0 0 0 0 0 0
-444.6 -848.4 2683.0 0 0 0 0 0 0 0 0 0
-313.8 421.5 2754.7 2 -0.4351297617 0.0278519392 -0.8999368548 -0.1214441359 0.9885718226 0.0893147141 0.8921397924 0.1481555402 -0.4267745614
-319.3 223.1 2725.0 -0.4351297617 0.0278519392 -0.8999368548 -0.1214441359 0.9885718226 0.0893147141 0.8921397924 0.1481555402 -0.4267745614
-325.5 26.1 2699.8 -0.4345252216 0.0306710638 -0.9001373053 -0.1009900495 0.9914581180 0.0825338513 0.8949797750 0.1267679483 -0.4277160764
-255.9 237.9 2594.3 -0.4448006153 0.3523755074 -0.8233978152 0.8754513264 0.3651094437 -0.3166703284 0.1890434325 -0.8616998196 -0.4708884954
-151.8 33.0 2550.1 -0.3836025596 0.3523755074 0.8536279202 -0.7835050225 0.3651094437 -0.5028070807 -0.4888444841 -0.8616998196 0.1360310614
-382.8 208.4 2855.6 -0.4127020240 0.5042092204 -0.7585843205 -0.8622830510 0.0520890951 0.5037406683 0.2935046554 0.8620091677 0.4132737815
-495.9 -28.0 2936.1 0.2777238786 0.5042092204 -0.8177056313 -0.9549337029 0.0520890951 -0.2922128439 -0.1047428548 0.8620091677 0.4959527254
-296.0 -160.9 2597.2 -0.6450285912 0.0218612589 -0.7638456225 -0.1545261592 0.9752082229 0.1583999097 0.7483714223 0.2202066034 -0.6256591082
-304.7 -548.4 2509.7 -0.6402527094 -0.1227956191 -0.7582859993 -0.1977733672 0.9802130461 0.0082542347 0.7422682643 0.1552535743 -0.6518697739
-376.3 -177.0 2761.0 0.3993496001 0.0402874872 0.9159131050 0.1618715078 0.9802402854 -0.1136950031 -0.9023954272 0.1936642826 0.3849371970
-392.3 -566.4 2684.1 0.3673999012 0.1819060445 0.9121006131 -0.0656418055 0.9833128452 -0.1696674228 -0.9277437329 0.0024638595 0.3732096851
-51.9 237.1 2677.4 0 0 0 0 0 0 0 0 0
-417.8 -296.6 2906.6 0 0 0 0 0 0 0 0 0
-263.9 -873.9 2458.1 0 0 0 0 0 0 0 0 0
-444.5 -848.4 2683.4 0 0 0 0 0 0 0 0 0
-313.9 422.2 2754.2 3 -0.4217738211 0.0252921432 -0.9063482285 -0.1266993582 0.9881593585 0.0865353271 0.8978051543 0.1513320804 -0.4135752320
-319.0 224.0 2723.9 -0.4217738211 0.0252921432 -0.9063482285 -0.1266993582 0.9881593585 0.0865353271 0.8978051543 0.1513320804 -0.4135752320
-323.8 26.9 2698.6 -0.4212384522 0.0243992768 -0.9066216946 -0.1053705290 0.9915519357 0.0756426528 0.9008080959 0.1273947954 -0.4151088297
-257.5 239.4 2592.3 -0.5069462657 0.3523436189 -0.7866762280 0.8483918309 0.3653501868 -0.3830803931 0.1524363756 -0.8616108298 -0.4841383398
-140.4 43.5 2557.2 -0.3544363678 0.3523436189 0.8661575317 -0.7999786735 0.3653501868 -0.4759761989 -0.4841579795 -0.8616108298 0.1523739994
-380.5 208.6 2855.4 -0.4016450942 0.5156999826 -0.7567924261 -0.8658430576 0.0553588718 0.4972436130 0.2983236909 0.8549789190 0.4242806435
-490.6 -28.8 2937.2 0.2840409577 0.5156999826 -0.8083156943 -0.9525215626 0.0553588718 -0.2993961275 -0.1096511334 0.8549789190 0.5069395900
-291.7 -161.6 2592.6 -0.6325641870 0.0340238921 -0.7737602592 -0.1317247599 0.9797536135 0.1507694274 0.7632241845 0.1972947270 -0.6152752638
-305.3 -550.8 2514.2 -0.6243796945 -0.1266659647 -0.7707825303 -0.2112742513 0.9773700833 0.0105293300 0.7520061135 0.1694207937 -0.6370113492
-371.4 -180.1 2756.6 0.3858677745 0.0315023102 0.9220160842 0.1776308417 0.9781793952 -0.1077605113 -0.9052918553 0.2053598017 0.3718521297
-383.9 -568.8 2675.0 0.3389825821 0.2124387771 0.9164936543 -0.1088052541 0.9764874578 -0.1861013621 -0.9344796538 -0.0366341993 0.3541266918
-47.6 253.0 2683.9 0 0 0 0 0 0 0 0 0
-410.7 -296.7 2906.4 0 0 0 0 0 0 0 0 0
-263.3 -874.7 2458.0 0 0 0 0 0 0 0 0 0
-445.2 -850.7 2685.6 0 0 0 0 0 0 0 0 0
-313.8 422.2 2754.5 4 -0.3968625367 0.0287379101 -0.9174280763 -0.1236099973 0.9887315035 0.0844428614 0.9095167518 0.1469154954 -0.3888382018
-319.6 223.8 2725.0 -0.3968625367 0.0287379101 -0.9174280763 -0.1236099973 0.9887315035 0.0844428614 0.9095167518 0.1469154954 -0.3888382018
-324.5 26.7 2700.5 -0.3963232636 0.0248544794 -0.9177745581 -0.1036793590 0.9920275807 0.0716372803 0.9122381806 0.1235457957 -0.3905867338
-261.7 239.0 2591.8 -0.5600314140 0.3474973440 -0.7520707250 0.8193036914 0.3669759631 -0.4405339062 0.1229074970 -0.8628871441 -0.4902239442
-130.5 47.0 2563.0 -0.3368054628 0.3474973440 0.8751043677 -0.8099737167 0.3669759631 -0.4574617147 -0.4801090062 -0.8628871441 0.1578642130
-377.4 208.7 2858.2 -0.3907020092 0.5385417342 -0.7465418577 -0.8660892248 0.0596741810 0.4963148832 0.3118355572 0.8404830694 0.4431103468
-484.5 -28.8 2943.7 0.2838459015 0.5385417342 -0.7933500409 -0.9520354271 0.0596741810 -0.3001125753 -0.1142806187 0.8404830694 0.5296490788
-290.1 -160.4 2590.7 -0.6111775041 0.0364245065 -0.7906549573 -0.1298591346 0.9807891846 0.1455650777 0.7807679772 0.1916398853 -0.5947062373
-304.5 -550.1 2514.5 -0.6038126945 -0.1199643016 -0.7880474925 -0.2047567219 0.9787811041 0.0078877397 0.7703797221 0.1661207378 -0.6155639291
-367.3 -179.7 2755.8 0.3584133983 0.0680482686 0.9310796261 0.1333186328 0.9833869934 -0.1231913567 -0.9239946008 0.1682837009 0.3433869779
-394.3 -570.0 2689.0 0.3319042921 0.1810519546 0.9257752299 -0.0389107279 0.9832006097 -0.1783324480 -0.9425101876 0.0231667198 0.3333733678
-42.0 259.7 2689.1 0 0 0 0 0 0 0 0 0
-404.7 -296.5 2911.6 0 0 0 0 0 0 0 0 0
-265.0 -872.9 2459.7 0 0 0 0 0 0 0 0 0
-445.7 -849.2 2682.5 0 0 0 0 0 0 0 0 0
-314.9 422.6 2755.1 5 -0.4011654556 0.0300136544 -0.9155137539 -0.1278403550 0.9878470302 0.0884028599 0.9070408344 0.1525037736 -0.3924531639
-320.9 223.9 2724.5 -0.4011654556 0.0300136544 -0.9155137539 -0.1278403550 0.9878470302 0.0884028599 0.9070408344 0.1525037736 -0.3924531639
-326.7 26.9 2699.1 -0.4004959762 0.0290792864 -0.9158369899 -0.1054165438 0.9913975596 0.0775771663 0.9102144241 0.1276137084 -0.3939853013
-262.4 239.3 2591.5 -0.5833962560 0.3597005606 -0.7281925082 0.8052900434 0.3727805614 -0.4610233903 0.1056256443 -0.8553655148 -0.5071420670
-124.2 48.5 2566.5 -0.3264365196 0.3597005606 0.8741022348 -0.8085144758 0.3727805614 -0.4553449452 -0.4896361530 -0.8553655148 0.1691339165
-379.4 208.5 2857.4 -0.3961620033 0.5354140997 -0.7459138036 -0.8653780818 0.0537940115 0.4982237816 0.3068817556 0.8428747654 0.4420245290
-488.0 -28.7 2941.5 0.2798405588 0.5354140997 -0.7968820333 -0.9528971314 0.0537940115 -0.2984848619 -0.1169455275 0.8428747654 0.5252483487
-293.1 -160.9 2592.3 -0.6153082252 0.0263308045 -0.7878467441 -0.1408882737 0.9796762466 0.1427757144 0.7755941749 0.1988494396 -0.5990931392
-303.6 -550.2 2513.3 -0.6099393368 -0.1128441691 -0.7843725085 -0.1961890161 0.9804986715 0.0114994356 0.7677785158 0.1608992219 -0.6201834679
-365.7 -179.9 2759.5 0.3641816080 0.0498683006 0.9299919009 0.1579247862 0.9807977676 -0.1144354343 -0.9178406596 0.1885440499 0.3493130803
-385.5 -569.3 2684.7 0.3275415003 0.2029184848 0.9227896333 -0.0591130294 0.9791533351 -0.1943306774 -0.9429857731 0.0091024740 0.3327084780
-38.3 261.2 2695.3 0 0 0 0 0 0 0 0 0
-409.3 -296.7 2908.7 0 0 0 0 0 0 0 0 0
-266.5 -871.9 2460.5 0 0 0 0 0 0 0 0 0
-442.6 -844.8 2682.1 0 0 0 0 0 0 0 0 0
-313.9 422.3 2745.4 6 -0.3644944131 0.0317439958 -0.9306643605 -0.1168501824 0.9899600148 0.0795308501 0.9238451719 0.1377368569 -0.3571256101
-320.3 223.1 2717.7 -0.3644944131 0.0317439958 -0.9306643605 -0.1168501824 0.9899600148 0.0795308501 0.9238451719 0.1377368569 -0.3571256101
-325.4 25.9 2693.9 -0.3640805483 0.0256639961 -0.9310138226 -0.1025588661 0.9924365878 0.0674636364 0.9257035255 0.1200459152 -0.3586947918
-267.2 238.0 2582.6 -0.6093263030 0.3892650306 -0.6907924414 0.7905787230 0.3651451468 -0.4915834665 0.0608832538 -0.8456605673 -0.5302371979
-121.6 49.1 2568.1 -0.3491415083 0.3892650306 0.8523924947 -0.7910782695 0.3651451468 -0.4907791913 -0.5022901893 -0.8456605673 0.1804517806
-373.5 208.1 2852.8 -0.3764994144 0.5671781898 -0.7325005531 -0.8666616082 0.0637362748 0.4948084056 0.3273313940 0.8211251497 0.4675549269
-476.7 -29.4 2942.6 0.2830404937 0.5671781898 -0.7734319568 -0.9513605237 0.0637362748 -0.3014146686 -0.1216601729 0.8211251497 0.5576308966
-295.7 -160.4 2590.3 -0.5838052630 0.0244793165 -0.8115246296 -0.1473378092 0.9797542691 0.1355476975 0.7984127998 0.1987017095 -0.5683789253
-305.5 -549.8 2511.3 -0.5782247186 -0.1199817657 -0.8070071936 -0.1999283433 0.9798074961 -0.0024231877 0.7910024524 0.1599424481 -0.5905366540
-369.2 -179.7 2757.2 0.3274693489 0.0482162982 0.9436307549 0.1630251855 0.9808361530 -0.1066921949 -0.9306914806 0.1887740046 0.3133333027
-388.3 -569.3 2682.2 0.2923677266 0.1920605749 0.9368211627 -0.0542975701 0.9813784957 -0.1842499673 -0.9547632337 0.0030016352 0.2973518372
-29.7 257.3 2700.2 0 0 0 0 0 0 0 0 0
-397.0 -297.0 2908.3 0 0 0 0 0 0 0 0 0
-265.9 -872.8 2458.6 0 0 0 0 0 0 0 0 0
-442.6 -846.5 2681.4 0 0 0 0 0 0 0 0 0
-312.8 422.5 2741.1 7 -0.3413661122 0.0262667574 -0.9395633340 -0.1197437048 0.9902492166 0.0711895376 0.9322717786 0.1368084848 -0.3348922431
-318.1 223.4 2713.6 -0.3413661122 0.0262667574 -0.9395633340 -0.1197437048 0.9902492166 0.0711895376 0.9322717786 0.1368084848 -0.3348922431
-321.3 26.2 2689.8 -0.3410842121 0.0166271422 -0.9398856759 -0.1067121774 0.9926954508 0.0562871918 0.9339561462 0.1194959208 -0.3368184268
-268.3 239.0 2577.3 -0.6145910621 0.4121411443 -0.6726198792 0.7880741954 0.3584910035 -0.5004230738 0.0348832496 -0.8376299143 -0.5451231599
-120.4 49.3 2568.9 -0.3594059646 0.4121411443 0.8372377157 -0.7808246613 0.3584910035 -0.5116610527 -0.5110187531 -0.8376299143 0.1929661483
-367.8 207.9 2849.9 -0.3584659100 0.5854511857 -0.7271513343 -0.8709850907 0.0705960840 0.4862110615 0.3359868824 0.8076280951 0.4846129417
-466.1 -30.9 2942.0 0.2914251089 0.5854511857 -0.7565172315 -0.9479379654 0.0705960840 -0.3105314374 -0.1283938438 0.8076280951 0.5755448937
-297.1 -162.0 2585.2 -0.5630047917 0.0210306514 -0.8261860013 -0.1454070657 0.9815613031 0.1240734458 0.8135615587 0.1899872273 -0.5495657325
-305.4 -552.0 2509.7 -0.5567922592 -0.1243231520 -0.8212953806 -0.2018940300 0.9793413281 -0.0113744317 0.8057426214 0.1594814509 -0.5703897476
-363.8 -180.7 2754.8 0.3032218814 0.0485130027 0.9516842961 0.1573824286 0.9824386239 -0.1002252996 -0.9398336411 0.1801688820 0.2902618051
-383.1 -571.1 2683.2 0.2630810440 0.2160257548 0.9402772188 -0.0528220534 0.9763724208 -0.2095393836 -0.9633266330 0.0054584700 0.2682760060
-25.7 254.9 2703.4 0 0 0 0 0 0 0 0 0
-384.1 -297.5 2905.9 0 0 0 0 0 0 0 0 0
-264.5 -874.5 2457.1 0 0 0 0 0 0 0 0 0
-444.2 -847.5 2681.7 0 0 0 0 0 0 0 0 0
-315.0 424.8 2748.9 8 -0.3646793067 0.0070060128 -0.9311068058 -0.1484951824 0.9867359400 0.0655845329 0.9192160368 0.1621821970 -0.3588018417
-316.4 227.1 2716.4 -0.3646793067 0.0070060128 -0.9311068058 -0.1484951824 0.9867359400 0.0655845329 0.9192160368 0.1621821970 -0.3588018417
-316.9 30.6 2687.5 -0.3646080792 0.0030161587 -0.9311561584 -0.1344519854 0.9893448949 0.0558513217 0.9214030504 0.1455596387 -0.3603176177
-263.2 246.7 2582.0 -0.5846087933 0.4235324562 -0.6919919252 0.8087635040 0.3718194962 -0.4556882977 0.0642973110 -0.8260571957 -0.5599065423
-119.6 48.1 2566.2 -0.3554225564 0.4235324562 0.8332437277 -0.7705584764 0.3718194962 -0.5176774263 -0.5290694237 -0.8260571957 0.1942034811
-369.6 207.5 2850.9 -0.3579087257 0.5628443360 -0.7450554371 -0.8829628825 0.0555767380 0.4661413729 0.3037727773 0.8246923685 0.4770792723
-467.6 -34.5 2934.1 0.3050028682 0.5628443360 -0.7682313919 -0.9412902594 0.0555767380 -0.3329923451 -0.1447270662 0.8246923685 0.5467509627
-293.4 -161.3 2580.5 -0.5823776722 0.0253806822 -0.8125220537 -0.1432239115 0.9806736708 0.1332893968 0.8002019525 0.1939973533 -0.5674872994
-303.5 -551.1 2503.4 -0.5783661008 -0.1158607975 -0.8075078726 -0.1810051948 0.9834154248 -0.0114575019 0.7954431176 0.1395364851 -0.5897455215
-355.9 -180.8 2751.7 0.3251074851 0.0640695989 0.9435042143 0.1592312008 0.9797489643 -0.1213978454 -0.9321751595 0.1897026598 0.3083218336
-381.3 -570.1 2676.3 0.2787896991 0.2277129143 0.9329646826 -0.0755013525 0.9736719728 -0.2150871158 -0.9573796988 -0.0104760267 0.2886423469
-26.0 251.0 2705.5 0 0 0 0 0 0 0 0 0
-381.9 -299.1 2893.4 0 0 0 0 0 0 0 0 0
-265.1 -876.3 2457.2 0 0 0 0 0 0 0 0 0
-445.7 -845.2 2679.2 0 0 0 0 0 0 0 0 0
-315.5 419.4 2743.4 9 -0.4346693158 0.0052463524 -0.9005748630 -0.1275528371 0.9895438552 0.0673289970 0.8915115595 0.1441367269 -0.4294551611
-316.5 221.2 2714.5 -0.4346693158 0.0052463524 -0.9005748630 -0.1275528371 0.9895438552 0.0673289970 0.8915115595 0.1441367269 -0.4294551611
-317.2 24.3 2688.1 -0.4346297383 0.0031306113 -0.9006037712 -0.1181967631 0.9911462069 0.0604868904 0.8928194046 0.1327378601 -0.4304116070
-253.2 238.5 2584.5 -0.5581210256 0.4236465096 -0.7134595513 0.8254706264 0.3707948327 -0.4255695045 0.0842560753 -0.8264592290 -0.5566561818
-117.4 37.6 2564.0 -0.3256905675 0.4236465096 0.8452510238 -0.7890133262 0.3707948327 -0.4898664951 -0.5209449530 -0.8264592290 0.2134983689
-379.8 204.0 2844.5 -0.3894723654 0.4995555580 -0.7737929225 -0.8754931092 0.0601226687 0.4794757962 0.2860473096 0.8641929626 0.4139413536
-486.5 -35.8 2922.8 0.3032108247 0.4995555580 -0.8114846945 -0.9466209412 0.0601226687 -0.3166924417 -0.1094168499 0.8641929626 0.4911195934
-284.0 -153.6 2574.2 -0.6414708495 0.0557626821 -0.7651180625 -0.0948981121 0.9839264154 0.1512717456 0.7612552047 0.1696446836 -0.6258683205
-306.2 -544.4 2506.9 -0.6323968172 -0.1239318848 -0.7646666765 -0.1915644556 0.9814798236 -0.0006432606 0.7505846024 0.1460761577 -0.6444256902
-350.8 -178.2 2743.1 0.3958430886 0.0621551499 0.9162123203 0.1353376955 0.9828639627 -0.1251484454 -0.9082906842 0.1735372096 0.3806479871
-375.5 -568.8 2674.1 0.3473375142 0.2457286417 0.9049718380 -0.0981903598 0.9692814350 -0.2255042642 -0.9325852990 -0.0105334176 0.3607960045
-31.7 245.3 2701.2 0 0 0 0 0 0 0 0 0
-401.3 -301.9 2892.1 0 0 0 0 0 0 0 0 0
-264.2 -876.3 2457.5 0 0 0 0 0 0 0 0 0
-445.3 -843.9 2677.1 0 0 0 0 0 0 0 0 0
-312.6 420.2 2739.1 0 -0.4779196978 0.0203952752 -0.8781667352 -0.1040026620 0.9913845062 0.0796255171 0.8722248673 0.1293862760 -0.4716809988
-316.7 221.9 2713.2 -0.4779196978 0.0203952752 -0.8781667352 -0.1040026620 0.9913845062 0.0796255171 0.8722248673 0.1293862760 -0.4716809988
-320.4 24.6 2690.1 -0.4777089953 0.0183112714 -0.8783272505 -0.0932009891 0.9930843115 0.0713943318 0.8735603690 0.1159666851 -0.4726986885
-247.1 235.4 2586.0 -0.5406898260 0.4282731712 -0.7240418196 0.8310191035 0.4055765867 -0.3806768954 0.1306207329 -0.8075207472 -0.5751942992
-112.3 28.1 2553.4 -0.2888203561 0.4282731712 0.8562504649 -0.7853131294 0.4055765867 -0.4677509367 -0.5476003289 -0.8075207472 0.2191897482
-386.3 208.3 2840.4 -0.4213239253 0.4603676498 -0.7813755870 -0.8618680835 0.0648986399 0.5029628277 0.2822580338 0.8853529096 0.3694328368
-501.7 -27.8 2917.7 0.2874580324 0.4603676498 -0.8398985267 -0.9544876218 0.0648986399 -0.2911040783 -0.0795066282 0.8853529096 0.4580708742
-278.2 -161.7 2580.2 -0.6794880629 0.0624039061 -0.7310279012 -0.0943474695 0.9806717634 0.1714103222 0.7275950313 0.1854418963 -0.6604670882
-302.9 -551.3 2506.5 -0.6709557176 -0.1189602241 -0.7318926454 -0.1934025288 0.9809569716 0.0178573783 0.7158308625 0.1535314023 -0.6811859012
-357.6 -183.4 2743.4 0.4405974150 0.0649187118 0.8953543901 0.1185111105 0.9844459295 -0.1296968609 -0.8898477554 0.1632535458 0.4260507524
-383.4 -574.6 2678.5 0.4039408267 0.2206414342 0.8877776861 -0.0832254663 0.9753159285 -0.2045297474 -0.9109914303 0.0087322062 0.4123328924
-36.3 234.8 2697.4 0 0 0 0 0 0 0 0 0
-420.9 -296.0 2895.4 0 0 0 0 0 0 0 0 0
-263.5 -876.9 2455.6 0 0 0 0 0 0 0 0 0
-443.3 -839.5 2676.1 0 0 0 0 0 0 0 0 0
-310.6 423.9 2737.4 1 -0.4334728122 0.0243324675 -0.9008380771 -0.1031776592 0.9917217493 0.0764352083 0.8952406049 0.1260789484 -0.4273738265
-315.5 224.5 2712.1 -0.4334728122 0.0243324675 -0.9008380771 -0.1031776592 0.9917217493 0.0764352083 0.8952406049 0.1260789484 -0.4273738265
-320.1 27.0 2690.6 -0.4330995381 0.0227170959 -0.9010598063 -0.0874247774 0.9939100742 0.0670792162 0.8970962763 0.1078269333 -0.4284759760
-252.5 237.2 2581.4 -0.5879681706 0.4359703362 -0.6813393235 0.8014307618 0.4280645549 -0.4176954329 0.1095544174 -0.7916378975 -0.6010883451
-105.6 37.1 2554.0 -0.2728509903 0.4359703362 0.8576025963 -0.7753638625 0.4280645549 -0.4642969370 -0.5695289373 -0.7916378975 0.2212377787
-378.6 211.8 2842.7 -0.4050202966 0.5043286085 -0.7626343966 -0.8603072166 0.0721986815 0.5046373010 0.3095642328 0.8604882360 0.4046356380
-489.6 -23.9 2927.5 0.2848498523 0.5043286085 -0.8151767850 -0.9546294212 0.0721986815 -0.2889118195 -0.0868518054 0.8604882360 0.5020127296
-280.5 -164.1 2587.1 -0.6436732411 0.0608418025 -0.7628781199 -0.1155406237 0.9776830673 0.1754597574 0.7565283179 0.2010821700 -0.6222787499
-304.7 -552.5 2507.2 -0.6352423429 -0.1248515248 -0.7621543407 -0.2011988163 0.9795237184 0.0072360439 0.7456448078 0.1579411924 -0.6473549008
-367.9 -181.1 2746.8 0.3966514766 0.0279950928 0.9175422788 0.1416647285 0.9856939316 -0.0913158059 -0.9069722891 0.1662039310 0.3870110214
-379.0 -572.6 2680.8 0.3559393585 0.2318264991 0.9052975178 -0.0637649596 0.9725084901 -0.2239670157 -0.9323310852 0.0219924133 0.3609364629
-33.8 241.1 2703.9 0 0 0 0 0 0 0 0 0
-409.5 -292.3 2903.1 0 0 0 0 0 0 0 0 0
-263.3 -877.6 2454.8 0 0 0 0 0 0 0 0 0
-443.3 -842.4 2674.7 0 0 0 0 0 0 0 0 0
-308.9 423.9 2737.6 2 -0.3898063004 0.0291191600 -0.9204363823 -0.1049772128 0.9915795326 0.0758278817 0.9148938656 0.1261830330 -0.3834670782
-314.8 224.8 2712.3 -0.3898063004 0.0291191600 -0.9204363823 -0.1049772128 0.9915795326 0.0758278817 0.9148938656 0.1261830330 -0.3834670782
-319.2 27.4 2689.9 -0.3895456791 0.0221491195 -0.9207407832 -0.0948867649 0.9934259653 0.0640421733 0.9161062241 0.1123134643 -0.3848831356
-258.0 238.7 2578.8 -0.5904461741 0.4424236417 -0.6750071645 0.8019637465 0.4156168103 -0.4290883541 0.0907054693 -0.7946848273 -0.6002070904
-104.4 29.9 2555.2 -0.2610346675 0.4424236417 0.8579756618 -0.7880790830 0.4156168103 -0.4540859163 -0.5574874282 -0.7946848273 0.2401744276
-371.5 211.0 2845.8 -0.3850194812 0.5442326665 -0.7453662157 -0.8643294573 0.0705163255 0.4979578555 0.3235654235 0.8359654546 0.4432461560
-477.0 -25.8 2934.4 0.2858145237 0.5442326665 -0.7887464166 -0.9524342418 0.0705163255 -0.2964733243 -0.1057309508 0.8359654546 0.5385004282
-285.0 -162.4 2587.1 -0.6067417860 0.0500332341 -0.7933228016 -0.1295199394 0.9784571528 0.1607675105 0.7842761278 0.2002954930 -0.5871905088
-304.9 -551.2 2507.6 -0.5994868279 -0.1217959449 -0.7910633683 -0.2010975927 0.9795699716 0.0015772636 0.7747098207 0.1600264907 -0.6117321849
-364.2 -178.4 2751.2 0.3525032699 0.0401763991 0.9349477291 0.1529116184 0.9831774235 -0.0999011695 -0.9232331514 0.1781798750 0.3404297829
-380.2 -569.0 2680.5 0.3108805418 0.2252976000 0.9233602881 -0.0608365759 0.9742237926 -0.2172254622 -0.9484999776 0.0113570951 0.3165735602
-35.6 237.4 2701.9 0 0 0 0 0 0 0 0 0
-396.7 -293.6 2904.7 0 0 0 0 0 0 0 0 0
-264.5 -875.9 2454.5 0 0 0 0 0 0 0 0 0
-443.3 -842.0 2677.3 0 0 0 0 0 0 0 0 0
-304.9 427.4 2726.7 3 -0.4232248664 0.0330316797 -0.9054223299 -0.0873662233 0.9931903481 0.0770715475 0.9018025398 0.1117219254 -0.4174569845
-311.5 228.4 2704.3 -0.4232248664 0.0330316797 -0.9054223299 -0.0873662233 0.9931903481 0.0770715475 0.9018025398 0.1117219254 -0.4174569845
-315.5 30.8 2684.6 -0.4230749905 0.0196795762 -0.9058809280 -0.0817134902 0.9948617220 0.0597753935 0.9024025798 0.0993121713 -0.4192930162
-249.8 240.4 2572.7 -0.5530832410 0.4783195257 -0.6821358800 0.8303231597 0.3835760951 -0.4042682648 0.0682816133 -0.7899872065 -0.6093093157
-107.0 26.0 2555.1 -0.2685706019 0.4783195257 0.8361101747 -0.7925738096 0.3835760951 -0.4740211964 -0.5474454761 -0.7899872065 0.2760862708
-373.2 216.5 2835.9 -0.3983792663 0.5131820440 -0.7602224350 -0.8591197729 0.0815277174 0.5052390695 0.3212588131 0.8543988466 0.4084058702
-482.4 -19.0 2923.9 0.2879348099 0.5131820440 -0.8085404634 -0.9541416168 0.0815277174 -0.2880400121 -0.0818985030 0.8543988466 0.5131230354
-288.0 -161.3 2583.8 -0.6358405948 0.0391561612 -0.7708265185 -0.1296147257 0.9791117311 0.1566533595 0.7608592510 0.1995170414 -0.6174837351
-303.6 -550.3 2504.5 -0.6296153069 -0.1185832471 -0.7678037286 -0.1918901503 0.9813993573 0.0057820203 0.7528364658 0.1509744227 -0.6406590343
-359.3 -178.6 2751.4 0.3866064847 0.0526213944 0.9207423329 0.1439273208 0.9826955199 -0.1165950969 -0.9109447598 0.1775963902 0.3723427951
-380.2 -569.1 2680.9 0.3462412059 0.2241681516 0.9109696150 -0.0689862818 0.9744871855 -0.2135780305 -0.9356056452 0.0111051043 0.3528721631
-36.3 234.7 2699.3 0 0 0 0 0 0 0 0 0
-401.4 -287.2 2900.9 0 0 0 0 0 0 0 0 0
-264.4 -874.6 2454.6 0 0 0 0 0 0 0 0 0
-442.8 -841.2 2677.8 0 0 0 0 0 0 0 0 0
-302.8 426.3 2721.7 4 -0.4248374104 0.0452799611 -0.9041365385 -0.0744320080 0.9936195016 0.0847356021 0.9022045732 0.1032955498 -0.4187564850
-311.9 227.1 2701.0 -0.4248374104 0.0452799611 -0.9041365385 -0.0744320080 0.9936195016 0.0847356021 0.9022045732 0.1032955498 -0.4187564850
-318.7 29.4 2683.2 -0.4245212674 0.0342397429 -0.9047703147 -0.0665244013 0.9954042435 0.0688831285 0.9029707313 0.0894316584 -0.4202924967
-249.9 236.9 2569.2 -0.5592758656 0.4881292880 -0.6700301170 0.8261758685 0.3946469426 -0.4021035731 0.0681468025 -0.7784494758 -0.6239970922
-106.4 24.9 2551.8 -0.2650729418 0.4881292880 0.8315444589 -0.7827605605 0.3946469426 -0.4811857641 -0.5630472898 -0.7784494758 0.2774781287
-373.8 217.4 2832.8 -0.4111789763 0.5140721798 -0.7527693510 -0.8497552276 0.0827226639 0.5206467509 0.3299210668 0.8537486792 0.4028216898
-486.5 -15.5 2923.2 0.2743101120 0.5140721798 -0.8127015233 -0.9589226842 0.0827226639 -0.2713379264 -0.0722584501 0.8537486792 0.5156471133
-280.7 -159.4 2582.2 -0.6381337047 0.0563056432 -0.7678639293 -0.1165067255 0.9787758589 0.1685942858 0.7610595226 0.1970470101 -0.6180298924
-303.1 -548.3 2504.0 -0.6315737963 -0.1167238653 -0.7664790154 -0.1849104464 0.9827516675 0.0027058977 0.7529426813 0.1434389502 -0.6422636509
-358.2 -174.4 2747.4 0.3884244561 0.0654854178 0.9191507697 0.1210379973 0.9852036238 -0.1213409081 -0.9134967327 0.1583839357 0.3747509420
-384.2 -565.8 2684.5 0.3563040793 0.2158679962 0.9090920687 -0.0494954549 0.9759410024 -0.2123426199 -0.9330582023 0.0306626167 0.3584162593
-36.6 231.0 2700.1 0 0 0 0 0 0 0 0 0
-409.4 -285.1 2902.9 0 0 0 0 0 0 0 0 0
-264.2 -875.8 2456.2 0 0 0 0 0 0 0 0 0
-445.0 -840.7 2675.9 0 0 0 0 0 0 0 0 0
-303.1 424.5 2727.7 5 -0.4164750576 0.0496421680 -0.9077908397 -0.0788526163 0.9927730560 0.0904652849 0.9057211280 0.1092582196 -0.4095508158
-313.0 225.3 2705.8 -0.4164750576 0.0496421680 -0.9077908397 -0.0788526163 0.9927730560 0.0904652849 0.9057211280 0.1092582196 -0.4095508158
-321.5 27.6 2687.6 -0.4158799052 0.0425385050 -0.9084241390 -0.0660197437 0.9948576093 0.0768099800 0.9070200324 0.0919176564 -0.4109328985
-252.3 235.0 2573.4 -0.5686981082 0.4717275500 -0.6738364697 0.8178442121 0.4117508531 -0.4019851089 0.0878252909 -0.7797014713 -0.6199615598
-106.2 24.9 2550.8 -0.2602183819 0.4717275500 0.8424722552 -0.7798771858 0.4117508531 -0.4714370072 -0.5692784786 -0.7797014713 0.2607443929
-373.7 215.7 2838.3 -0.4141874015 0.5232894421 -0.7447260618 -0.8475529552 0.0765460804 0.5251615644 0.3318173587 0.8487101197 0.4118111134
-487.3 -16.7 2929.2 0.2665946186 0.5232894421 -0.8093796968 -0.9606691599 0.0765460804 -0.2669371068 -0.0777305290 0.8487101197 0.5231148005
-286.7 -162.3 2582.7 -0.6320769191 0.0384357907 -0.7739518285 -0.1290448606 0.9796018004 0.1540380716 0.7640852332 0.1972384155 -0.6142237186
-301.9 -551.5 2504.4 -0.6262081265 -0.1143446565 -0.7712254524 -0.1900693625 0.9817314744 0.0087746438 0.7561329603 0.1520810723 -0.6365016103
-364.4 -174.5 2748.2 0.3799205124 0.0614968725 0.9229726791 0.1184436381 0.9863401651 -0.1144735962 -0.9174047709 0.1528111100 0.3674469590
-388.9 -566.4 2687.5 0.3522004783 0.2049496770 0.9132089019 -0.0349352807 0.9779279828 -0.2060008496 -0.9352723360 0.0406503901 0.3515866995
-37.7 230.3 2700.8 0 0 0 0 0 0 0 0 0
-412.3 -286.8 2907.4 0 0 0 0 0 0 0 0 0
-264.1 -876.5 2454.0 0 0 0 0 0 0 0 0 0
-446.1 -839.4 2676.1 0 0 0 0 0 0 0 0 0
-303.6 423.6 2731.3 6 -0.3374215066 0.0282588080 -0.9409294128 -0.0937371776 0.9935727715 0.0634544119 0.9366750121 0.1096109450 -0.3326039314
-309.2 224.8 2709.3 -0.3374215066 0.0282588080 -0.9409294128 -0.0937371776 0.9935727715 0.0634544119 0.9366750121 0.1096109450 -0.3326039314
-313.8 27.1 2690.4 -0.3370982707 0.0228856206 -0.9411912560 -0.0811672658 0.9952758551 0.0532716885 0.9379640818 0.0943517163 -0.3336481750
-260.2 236.5 2572.8 -0.5946714282 0.4612910151 -0.6584652066 0.7991217971 0.4289449453 -0.4212013781 0.0881489217 -0.7766703367 -0.6237090230
-103.6 26.0 2549.6 -0.2509302795 0.4612910151 0.8510255814 -0.7765586376 0.4289449453 -0.4614790976 -0.5779193044 -0.7766703367 0.2505842447
