-302.7 485.6 2351.6 0.4685709774 0.0659939796 -0.8809574842 -0.0712769702 0.9967790246 0.0367589816 0.8805457354 0.0455677845 0.4717655480
-315.8 287.5 2342.5 0.4685709774 0.0659939796 -0.8809574842 -0.0712769702 0.9967790246 0.0367589816 0.8805457354 0.0455677845 0.4717655480
-328.8 92.3 2335.6 0.4691531062 0.0665783212 -0.8806036115 -0.0625215769 0.9971560836 0.0420811251 0.8809009194 0.0353142358 0.4719814360
-382.7 296.4 2217.1 0.0955004618 0.2563896775 -0.9618440866 0.9603190422 0.2306351960 0.1568272859 0.2620439827 -0.9386542439 -0.2241901159
-407.1 51.1 2150.1 -0.3398014307 0.2504017949 -0.9065505862 0.9277952313 0.2471310049 -0.2795035541 0.1540485620 -0.9360690117 -0.3162970543
-249.0 278.6 2468.0 0.4047930837 -0.8811421990 -0.2443991452 0.6205635071 0.4610226750 -0.6343177557 0.6715977192 0.1051022634 0.7334234715
-137.6 449.5 2653.0 0.4669499397 -0.8811421990 0.0744723827 0.8833852410 0.4610226750 -0.0841941610 0.0398535766 0.1051022634 0.9936625361
-388.7 -96.3 2244.9 0.2956286371 0.0103382301 -0.9552469850 0.0364044718 0.9990931749 0.0220791679 0.9546090364 -0.0413024947 0.2949841917
-392.7 -487.3 2261.1 0.2869652212 0.0755246505 -0.9549591541 -0.1339381486 0.9902582765 0.0380679294 0.9485312700 0.1169812828 0.2942853272
-303.3 -108.8 2403.5 -0.9993008375 -0.0100379745 0.0360149257 -0.0183158480 0.9712114334 -0.2375139147 -0.0325939506 -0.2380075008 -0.9707162380
-299.3 -488.8 2496.6 -0.9993008375 -0.0270535275 0.0258058626 -0.0183158480 0.9559611678 0.2929210365 -0.0325939506 0.2922435999 -0.9557883143
-311.2 -210.6 2106.7 0 0 0 0 0 0 0 0 0
-17.3 677.1 2663.2 0 0 0 0 0 0 0 0 0
-421.2 -860.2 2217.0 0 0 0 0 0 0 0 0 0
-290.9 -787.6 2405.3 0 0 0 0 0 0 0 0 0
-300.9 484.8 2352.4 0.4578170180 0.0657032430 -0.8866152763 -0.0655925423 0.9970437884 0.0400169380 0.8866235018 0.0398349129 0.4607732296
-313.9 287.0 2344.5 0.4578170180 0.0657032430 -0.8866152763 -0.0655925423 0.9970437884 0.0400169380 0.8866235018 0.0398349129 0.4607732296
-326.8 91.7 2338.7 0.4584014714 0.0658431798 -0.8863028884 -0.0567314625 0.9973859191 0.0447536334 0.8869327307 0.0297661256 0.4609385431
-379.3 295.1 2218.2 0.1105821356 0.2671163380 -0.9572985172 0.9604839087 0.2188234776 0.1720087081 0.2554257214 -0.9384908676 -0.2323629707
-407.1 53.3 2153.9 -0.3194831908 0.2632998228 -0.9102767110 0.9371378422 0.2300907075 -0.2623564303 0.1403678060 -0.9368732572 -0.3202583492
-248.6 278.9 2470.9 0.4063265622 -0.8672317266 -0.2877635360 0.6254950166 0.4935728312 -0.6042696834 0.6660740972 0.0655361414 0.7430008650
-136.6 451.4 2654.6 0.4945456386 -0.8672317266 0.0577384420 0.8691502213 0.4935728312 -0.0310441703 -0.0015756383 0.0655361414 0.9978489280
-384.2 -97.3 2249.1 0.2836658955 0.0195268746 -0.9587243199 0.0229274835 0.9993687272 0.0271384511 0.9586490393 -0.0296793897 0.2830391228
-391.9 -488.6 2260.7 0.2757470310 0.0715800822 -0.9585613608 -0.1379244030 0.9898506999 0.0342402197 0.9512835741 0.1227673665 0.2828210592
-299.5 -108.6 2408.2 -0.9989489317 -0.0035531458 0.0456989668 -0.0142369792 0.9717318416 -0.2356576324 -0.0435698144 -0.2360605597 -0.9707610607
-298.1 -489.0 2500.6 -0.9989489317 -0.0268710349 0.0371344574 -0.0142369792 0.9519668221 0.3058700860 -0.0435698144 0.3050199151 -0.9513487816
-317.1 -210.8 2114.3 0 0 0 0 0 0 0 0 0
-10.5 673.0 2654.2 0 0 0 0 0 0 0 0 0
-418.8 -861.4 2214.4 0 0 0 0 0 0 0 0 0
-289.7 -786.3 2405.4 0 0 0 0 0 0 0 0 0
-299.1 485.3 2352.9 0.4385217726 0.0662941858 -0.8962721229 -0.0614468642 0.9971535802 0.0436917543 0.8966175318 0.0359133258 0.4413471222
-312.2 287.8 2345.7 0.4385217726 0.0662941858 -0.8962721229 -0.0614468642 0.9971535802 0.0436917543 0.8966175318 0.0359133258 0.4413471222
-325.2 92.4 2340.7 0.4391482472 0.0661403537 -0.8959767222 -0.0520113781 0.9974854589 0.0481411330 0.8969078064 0.0254598912 0.4414840341
-374.8 295.2 2218.0 0.1200852618 0.2876886129 -0.9501656890 0.9586622715 0.2150924951 0.1862842292 0.2579653561 -0.9332579970 -0.2499667853
-404.9 54.7 2153.3 -0.2920503318 0.2930047214 -0.9104146361 0.9501004219 0.1979854703 -0.2410621047 0.1096165329 -0.9353876114 -0.3362056315
-249.6 280.4 2473.5 0.4186186194 -0.8588497639 -0.2951873541 0.6403319240 0.5096266866 -0.5746787190 0.6439980268 0.0515533239 0.7632881403
-135.7 454.6 2648.7 0.5106136799 -0.8588497639 0.0406297818 0.8597796559 0.5096266866 -0.0325503647 0.0072498503 0.0515533239 0.9986439347
-381.1 -98.5 2252.7 0.2624260783 0.0193338022 -0.9647583961 0.0005548426 0.9997960925 0.0201868825 0.9649519324 -0.0058328533 0.2623618245
-388.7 -489.9 2255.0 0.2544897497 0.0878188908 -0.9630798697 -0.1062515080 0.9923785329 0.0624139905 0.9612208605 0.0864449665 0.2618810534
-298.3 -108.8 2413.0 -0.9977926016 -0.0025439851 0.0663588718 -0.0164656639 0.9775397182 -0.2101071328 -0.0643339232 -0.2107359767 -0.9754237533
-297.3 -491.4 2495.5 -0.9980028868 -0.0279956721 0.0566255637 -0.0100550428 0.9554026723 0.2951348722 -0.0623627156 0.2939760685 -0.9537761807
-322.7 -212.8 2122.4 0 0 0 0 0 0 0 0 0
-7.3 670.9 2650.6 0 0 0 0 0 0 0 0 0
-421.8 -863.4 2222.4 0 0 0 0 0 0 0 0 0
-288.7 -783.7 2405.6 0 0 0 0 0 0 0 0 0
-297.9 488.7 2351.6 0.4142478108 0.0710008889 -0.9073905349 -0.0570832789 0.9970166683 0.0519538634 0.9083722830 0.0302750543 0.4170649350
-312.0 291.1 2345.6 0.4142478108 0.0710008889 -0.9073905349 -0.0570832789 0.9970166683 0.0519538634 0.9083722830 0.0302750543 0.4170649350
-325.5 95.7 2341.6 0.4149450064 0.0689748824 -0.9072282314 -0.0471491404 0.9974126816 0.0542665198 0.9086239934 0.0202574115 0.4171235263
-371.1 297.8 2216.1 0.1436193138 0.3093063831 -0.9400548339 0.9620797038 0.1789489388 0.2058638185 0.2318968028 -0.9339736700 -0.2718768716
-407.2 55.9 2157.8 -0.2814779580 0.3064833879 -0.9093064070 0.9542983770 0.1885822713 -0.2318433374 0.1004229337 -0.9330083728 -0.3455583453
-252.9 284.4 2475.0 0.4379658401 -0.8566610217 -0.2726129591 0.6258971095 0.5082395077 -0.5915618539 0.6453206539 0.0884561986 0.7587732077
-134.6 453.3 2649.2 0.5109148622 -0.8566610217 0.0713996068 0.8595829010 0.5082395077 -0.0530074872 0.0091213491 0.0884561986 0.9960383177
-377.8 -98.2 2254.7 0.2363724858 0.0209625643 -0.9714363813 -0.0066989223 0.9997786283 0.0199441612 0.9716393948 0.0017933258 0.2364605963
-386.0 -489.8 2254.0 0.2286862433 0.0954391360 -0.9688106179 -0.0967472494 0.9924841523 0.0749342218 0.9686808586 0.0765933320 0.2362009436
-298.4 -107.6 2416.8 -0.9957596064 -0.0093984678 0.0915124044 -0.0275018010 0.9796874523 -0.1986355782 -0.0877866894 -0.2003100365 -0.9757916927
-294.8 -491.2 2495.2 -0.9969443083 -0.0198720880 0.0755459741 0.0037244495 0.9539092779 0.3000720739 -0.0780270621 0.2994365096 -0.9509203434
-327.9 -212.8 2129.6 0 0 0 0 0 0 0 0 0
-6.2 669.4 2651.5 0 0 0 0 0 0 0 0 0
-421.9 -863.4 2225.2 0 0 0 0 0 0 0 0 0
-288.7 -784.0 2403.3 0 0 0 0 0 0 0 0 0
-295.6 489.0 2352.9 0.3960638940 0.0729318857 -0.9153220057 -0.0553082936 0.9969255328 0.0555018298 0.9165557027 0.0286426246 0.3988799453
-310.1 291.1 2347.2 0.3960638940 0.0729318857 -0.9153220057 -0.0553082936 0.9969255328 0.0555018298 0.9165557027 0.0286426246 0.3988799453
-324.0 95.8 2343.8 0.3968491256 0.0708767697 -0.9151433110 -0.0444194004 0.9973290563 0.0579796210 0.9168084264 0.0176409539 0.3989374638
-366.6 297.4 2216.6 0.1662362814 0.3255590498 -0.9307936430 0.9608234167 0.1588155329 0.2271475941 0.2217744440 -0.9320884943 -0.2864038646
-407.8 59.6 2161.7 -0.2670660913 0.3198006749 -0.9090672135 0.9591237307 0.1798128635 -0.2185153663 0.0935806260 -0.9302660227 -0.3547503352
-253.5 284.8 2477.8 0.4456031621 -0.8558979034 -0.2624435127 0.6261793375 0.5074991584 -0.5918986797 0.6397947073 0.0994152054 0.7620888352
-133.9 452.9 2649.6 0.5110270381 -0.8558979034 0.0793101564 0.8594796062 0.5074991584 -0.0611508563 0.0120890550 0.0994152054 0.9949725866
-376.5 -95.4 2255.5 0.2172332257 0.0218869094 -0.9758743048 -0.0002428597 0.9997497797 0.0223683268 0.9761196971 -0.0046221432 0.2171841711
-385.1 -486.9 2257.3 0.2078910470 0.0921432227 -0.9738023281 -0.1168050691 0.9907680750 0.0688125715 0.9711528420 0.0994395241 0.2167346030
-301.5 -103.9 2419.7 -0.9935257435 -0.0283941049 0.1100016311 -0.0487043411 0.9812250137 -0.1866155118 -0.1026375741 -0.1907648742 -0.9762552381
-290.4 -488.1 2494.4 -0.9964945316 -0.0051129218 0.0835017636 0.0202048626 0.9538735747 0.2995280027 -0.0811815858 0.3001651466 -0.9504264593
-332.5 -210.5 2135.4 0 0 0 0 0 0 0 0 0
-5.4 669.1 2652.6 0 0 0 0 0 0 0 0 0
-419.8 -859.9 2219.9 0 0 0 0 0 0 0 0 0
-288.8 -781.8 2401.9 0 0 0 0 0 0 0 0 0
-291.3 488.1 2345.6 0.3996526301 0.0804295763 -0.9131313562 -0.0410100929 0.9967147112 0.0698426887 0.9157488346 0.0095347892 0.4016380608
-307.3 290.6 2343.7 0.3996526301 0.0804295763 -0.9131313562 -0.0410100929 0.9967147112 0.0698426887 0.9157488346 0.0095347892 0.4016380608
-322.4 95.4 2343.6 0.4004161954 0.0771196410 -0.9130823612 -0.0313475616 0.9970217347 0.0704623088 0.9157970548 0.0004086596 0.4016411602
-364.3 295.1 2213.2 0.1698132008 0.3235772252 -0.9308390021 0.9629434943 0.1463484615 0.2265435159 0.2095311731 -0.9348154664 -0.2867346704
-405.5 61.5 2162.4 -0.2439344078 0.3211783171 -0.9150630832 0.9666907191 0.1559250951 -0.2029689252 0.0774920881 -0.9340941310 -0.3485156000
-250.2 286.2 2474.2 0.4360360205 -0.8607750535 -0.2625622749 0.6207245588 0.4989175498 -0.6047993898 0.6515931487 0.1007354707 0.7518502474
-132.1 454.3 2650.7 0.5047917366 -0.8607750535 0.0652048364 0.8621503711 0.4989175498 -0.0881929994 0.0433824919 0.1007354707 0.9939669371
-373.7 -95.6 2257.5 0.2209036797 0.0241638608 -0.9749962687 -0.0012898799 0.9996994138 0.0244838465 0.9752947688 -0.0041509438 0.2208684385
-383.2 -487.1 2259.1 0.2100792974 0.0967914611 -0.9728813171 -0.1313086748 0.9888650775 0.0700275153 0.9688264728 0.1130364314 0.2204496562
-302.0 -103.6 2423.1 -0.9938273430 -0.0384899527 0.1040467545 -0.0570473485 0.9816894531 -0.1817455590 -0.0951462165 -0.1865592897 -0.9778255820
-286.9 -488.0 2496.2 -0.9972712994 0.0078186970 0.0734082982 0.0299043246 0.9519246817 0.3048689961 -0.0674954951 0.3062323332 -0.9495609999
-336.8 -210.7 2140.6 0 0 0 0 0 0 0 0 0
-5.1 671.3 2661.6 0 0 0 0 0 0 0 0 0
-419.6 -859.5 2216.5 0 0 0 0 0 0 0 0 0
-289.4 -781.9 2401.7 0 0 0 0 0 0 0 0 0
-288.0 487.0 2341.4 0.4016120136 0.0834711716 -0.9119980335 -0.0313845165 0.9965071678 0.0773852840 0.9152719975 -0.0024562406 0.4028289318
-304.5 289.7 2341.9 0.4016120136 0.0834711716 -0.9119980335 -0.0313845165 0.9965071678 0.0773852840 0.9152719975 -0.0024562406 0.4028289318
-320.3 94.6 2344.0 0.4023075700 0.0809665024 -0.9119172096 -0.0229533631 0.9966605306 0.0783643499 0.9152168036 -0.0105950059 0.4028225243
-361.8 293.0 2211.5 0.1755558997 0.3231972754 -0.9299051762 0.9627209902 0.1410869509 0.2307872623 0.2057873011 -0.9357553124 -0.2863801718
-404.5 59.1 2161.5 -0.2194095254 0.3246486783 -0.9200340509 0.9735336304 0.1346811056 -0.1846437007 0.0639668778 -0.9361966848 -0.3456067145
-247.1 286.5 2472.3 0.4275523722 -0.8604667783 -0.2771206796 0.6343855262 0.5039857030 -0.5861343145 0.6440139413 0.0748017579 0.7613479495
-133.3 455.4 2643.8 0.5091586113 -0.8604667783 -0.0188253801 0.8451374769 0.5039857030 -0.1781601757 0.1627886444 0.0748017579 0.9838213921
-373.7 -97.0 2260.8 0.2227294892 0.0179179460 -0.9747155905 -0.0052373363 0.9998386502 0.0171830077 0.9748662114 0.0012777509 0.2227873802
-380.7 -488.7 2260.3 0.2112098038 0.1019375324 -0.9721106887 -0.1356414557 0.9879807830 0.0741309822 0.9679833651 0.1162013113 0.2224981785
-301.3 -102.7 2426.3 -0.9939908385 -0.0451620556 0.0997127518 -0.0604946502 0.9858162999 -0.1565460414 -0.0912285149 -0.1616374105 -0.9826244116
-283.6 -488.7 2489.6 -0.9973876476 0.0149455993 0.0706716403 0.0343350694 0.9588613510 0.2817907929 -0.0635527670 0.2834811509 -0.9568696022
-342.7 -215.0 2143.5 0 0 0 0 0 0 0 0 0
-5.0 668.4 2684.8 0 0 0 0 0 0 0 0 0
-419.1 -860.7 2216.5 0 0 0 0 0 0 0 0 0
-288.2 -782.9 2402.6 0 0 0 0 0 0 0 0 0
-285.3 484.5 2342.4 0.3977643251 0.0866004378 -0.9133914113 -0.0293336939 0.9962268472 0.0816799626 0.9170185924 -0.0056962310 0.3988038003
-302.5 287.4 2343.5 0.3977643251 0.0866004378 -0.9133914113 -0.0293336939 0.9962268472 0.0816799626 0.9170185924 -0.0056962310 0.3988038003
-318.9 92.3 2345.8 0.3983496428 0.0839348659 -0.9133852124 -0.0224943496 0.9963987470 0.0817530006 0.9169577956 -0.0120202722 0.3988031447
-359.2 290.6 2212.8 0.1841604859 0.3283481002 -0.9264299273 0.9599130750 0.1425535083 0.2413406968 0.2113096118 -0.9337376356 -0.2889329195
-404.1 57.0 2161.4 -0.2030131817 0.3322997689 -0.9210659862 0.9774968028 0.1238431707 -0.1707713455 0.0573204495 -0.9350078702 -0.3499637544
-245.7 284.2 2474.2 0.4261890054 -0.8629409671 -0.2714697719 0.6529068947 0.5011307001 -0.5679618120 0.6261593103 0.0648145974 0.7769964933
-133.4 456.2 2639.1 0.5126416087 -0.8572579026 -0.0480357967 0.8340828419 0.5104964375 -0.2090435773 0.2037263662 0.0670985952 0.9767258167
-372.6 -98.5 2263.4 0.2181460857 0.0187755264 -0.9757354856 -0.0256744213 0.9995792508 0.0134942839 0.9755783677 0.0221077204 0.2185363472
-379.9 -490.0 2254.7 0.2104738057 0.0999375805 -0.9724779129 -0.1095580310 0.9909058213 0.0781196505 0.9714410901 0.0901006237 0.2195086777
-299.8 -102.7 2428.8 -0.9937371016 -0.0434513576 0.1029493734 -0.0584611893 0.9873187542 -0.1475940496 -0.0952306837 -0.1526882201 -0.9836754799
-282.8 -489.3 2488.6 -0.9970490932 0.0141856493 0.0754441321 0.0346688107 0.9600548148 0.2776558697 -0.0684917718 0.2794521153 -0.9577136040
-346.9 -218.2 2145.3 0 0 0 0 0 0 0 0 0
-3.3 668.0 2690.9 0 0 0 0 0 0 0 0 0
-417.5 -863.1 2220.8 0 0 0 0 0 0 0 0 0
-287.2 -785.1 2402.5 0 0 0 0 0 0 0 0 0
-283.2 486.0 2347.3 0.3874915838 0.0837134272 -0.9180644751 -0.0394463837 0.9964619875 0.0742127672 0.9210289121 0.0074575008 0.3894228041
-299.8 288.7 2345.8 0.3874915838 0.0837134272 -0.9180644751 -0.0394463837 0.9964619875 0.0742127672 0.9210289121 0.0074575008 0.3894228041
-315.9 93.6 2345.6 0.3880018294 0.0826141015 -0.9179485440 -0.0333320834 0.9965808392 0.0756019726 0.9210556746 0.0012634333 0.3894288838
-355.1 293.5 2214.6 0.1894184351 0.3362528682 -0.9225262403 0.9581547976 0.1420586258 0.2485130429 0.2146160305 -0.9309958816 -0.2952737808
-402.5 53.6 2160.9 -0.1742456704 0.3381039798 -0.9248373508 0.9817972779 0.1317410320 -0.1368151605 0.0755812824 -0.9318422675 -0.3549048603
-244.5 284.0 2477.1 0.4289134443 -0.8638529181 -0.2641806304 0.6654174924 0.4999169707 -0.5543488264 0.6109442115 0.0619772635 0.7892439365
-133.2 456.6 2635.6 0.5086209774 -0.8582005501 -0.0692567229 0.8265728354 0.5092225671 -0.2397284657 0.2410021871 0.0646852106 0.9683665633
-371.4 -100.8 2265.3 0.2071900517 0.0155453961 -0.9781771898 -0.0351810269 0.9993454218 0.0084300283 0.9776679277 0.0326666571 0.2076013237
-377.4 -492.2 2252.5 0.2009994090 0.1053053141 -0.9739148021 -0.0973574966 0.9914302826 0.0871062651 0.9747413993 0.0773096010 0.2095291615
-299.3 -104.9 2431.1 -0.9922004342 -0.0489648208 0.1146329790 -0.0652721524 0.9875485301 -0.1431343704 -0.1061970815 -0.1495003253 -0.9830421209
-280.2 -491.7 2489.6 -0.9963842034 0.0139033301 0.0838165805 0.0370397493 0.9589185715 0.2812529206 -0.0764629245 0.2833405137 -0.9559662938
-353.4 -222.7 2139.6 0 0 0 0 0 0 0 0 0
-3.6 667.2 2697.0 0 0 0 0 0 0 0 0 0
-417.1 -865.6 2223.4 0 0 0 0 0 0 0 0 0
-284.4 -787.6 2402.2 0 0 0 0 0 0 0 0 0
-280.5 487.5 2343.3  0.3829237223 0.0868601352 -0.9196873307 -0.0346485488 0.9962195754 0.0796618760 0.9231299758 0.0013614094 0.3844856918
-297.7 290.3 2343.0 0.3829237223 0.0868601352 -0.9196873307 -0.0346485488 0.9962195754 0.0796618760 0.9231299758 0.0013614094 0.3844856918
-314.3 95.2 2343.8 0.3833909333 0.0848634839 -0.9196790457 -0.0292272307 0.9963856936 0.0797575042 0.9231235981 -0.0036986324 0.3844855726
-352.3 294.5 2211.5 0.2063254118 0.3384390175 -0.9180898070 0.9575524926 0.1231943965 0.2606076300 0.2013033181 -0.9328891635 -0.2986550033
-403.0 59.4 2162.0 -0.1495215744 0.3348765969 -0.9303230643 0.9834943414 0.1473318785 -0.1050340831 0.1018927842 -0.9306723475 -0.3513785601
-243.0 286.2 2474.6 0.4236519337 -0.8625600934 -0.2766028345 0.6576999426 0.5028816462 -0.5608393550 0.6228561401 0.0556790195 0.7803525329
-132.4 458.0 2637.3 0.5057058334 -0.8604975343 -0.0616900288 0.8354415894 0.5063052177 -0.2137578279 0.2151720673 0.0565601662 0.9749369025
-367.2 -98.6 2262.1 0.2026088089 0.0168384407 -0.9791149497 -0.0124153104 0.9998159409 0.0146253416 0.9791810513 0.0091927936 0.2027805746
-373.8 -490.1 2258.5 0.1912815869 0.1149642467 -0.9747792482 -0.1201822683 0.9883875251 0.0929857418 0.9741496444 0.0993647203 0.2028770000
-297.0 -104.6 2428.6 -0.9915298223 -0.0528198034 0.1186538339 -0.0692523196 0.9878757000 -0.1389448494 -0.1098762006 -0.1459850073 -0.9831660986
-276.3 -491.6 2485.8 -0.9959329367 0.0208013766 0.0876637176 0.0436394848 0.9626057744 0.2673680186 -0.0788239837 0.2701062262 -0.9595985413
-360.9 -217.4 2133.4 0 0 0 0 0 0 0 0 0
-3.2 671.3 2692.2 0 0 0 0 0 0 0 0 0
-417.1 -862.2 2221.1 0 0 0 0 0 0 0 0 0
-282.7 -787.3 2402.8 0 0 0 0 0 0 0 0 0
-279.5 487.6 2340.8  0.3791695535 0.0909736753 -0.9208443165 -0.0330358930 0.9958518147 0.0847809985 0.9247372746 -0.0017254610 0.3806020916
-297.4 291.6 2341.1 0.3791695535 0.0909736753 -0.9208443165 -0.0330358930 0.9958518147 0.0847809985 0.9247372746 -0.0017254610 0.3806020916
-315.2 96.5 2342.3 0.3795268834 0.0907297358 -0.9207211733 -0.0291190762 0.9958581924 0.0861308277 0.9247223735 -0.0058784178 0.3805969357
-351.5 295.7 2209.3 0.2108941972 0.3412834108 -0.9159963131 0.9585212469 0.1115989760 0.2622646391 0.1917308271 -0.9333119988 -0.3035918176
-403.1 61.2 2162.4 -0.1383902729 0.3348386288 -0.9320574999 0.9830778837 0.1604982316 -0.0883072242 0.1200249121 -0.9285060167 -0.3513838649
-243.4 287.4 2472.9 0.4271924496 -0.8581669331 -0.2847035229 0.6526044011 0.5105906129 -0.5598255992 0.6257907748 0.0533544980 0.7781639695
-131.7 458.0 2636.4 0.5061357021 -0.8605880737 -0.0566992685 0.8392425776 0.5065979958 -0.1975610107 0.1987423897 0.0524082333 0.9786494970
-365.6 -97.3 2261.0 0.1986798942 0.0157562383 -0.9799377918 -0.0082208170 0.9998623729 0.0144098531 0.9800299406 0.0051929406 0.1987820864
-371.7 -488.9 2259.0 0.1863465309 0.1180784255 -0.9753627181 -0.1225332096 0.9877936840 0.0961729214 0.9748131037 0.1015928313 0.1985404491
-296.2 -102.6 2427.9 -0.9911165237 -0.0541887507 0.1214561462 -0.0707224458 0.9881476760 -0.1362442523 -0.1126337051 -0.1436236054 -0.9832018614
-275.0 -489.7 2484.2 -0.9957118034 0.0194305740 0.0904461741 0.0426542312 0.9639940858 0.2624805868 -0.0820894241 0.2652129233 -0.9606890678
-364.2 -215.5 2128.6 0 0 0 0 0 0 0 0 0
-2.3 672.6 2687.3 0 0 0 0 0 0 0 0 0
-416.2 -860.9 2220.7 0 0 0 0 0 0 0 0 0
-281.1 -789.0 2401.8 0 0 0 0 0 0 0 0 0
-276.9 484.1 2339.5  0.3935251534 0.0942140296 -0.9144734144 -0.0305931363 0.9955258965 0.0893993527 0.9188046455 -0.0072042849 0.3946467936
-295.4 288.5 2340.9 0.3935251534 0.0942140296 -0.9144734144 -0.0305931363 0.9955258965 0.0893993527 0.9188046455 -0.0072042849 0.3946467936
-314.0 93.5 2343.2 0.3938438594 0.0951491743 -0.9142394066 -0.0272421632 0.9953991771 0.0918602422 0.9187735915 -0.0112727340 0.3946239352
-351.5 292.3 2210.0 0.2116892338 0.3293334544 -0.9201777577 0.9580335617 0.1162772030 0.2620139122 0.1932856441 -0.9370267391 -0.2908978760
-402.1 63.4 2163.8 -0.1303209364 0.3225412667 -0.9375412464 0.9821226597 0.1715483218 -0.0775003061 0.1358365715 -0.9308803678 -0.3391314149
-239.2 284.6 2471.9 0.4129611254 -0.8665186167 -0.2803722918 0.6598219872 0.4968511164 -0.5637144446 0.6277723312 0.0477963313 0.7769281864
-130.5 458.3 2637.1 0.4963074625 -0.8658024669 -0.0637574792 0.8425213099 0.4980688691 -0.2051468492 0.2093722671 0.0480988771 0.9766523242
-367.3 -95.9 2259.8 0.2140252143 0.0102971001 -0.9767738581 -0.0025523412 0.9999468923 0.0099821351 0.9768248200 0.0003566316 0.2140401304
-371.3 -487.5 2259.7 0.2016187608 0.1154417396 -0.9726371765 -0.1221380234 0.9882422686 0.0919758081 0.9718189836 0.1002519354 0.2133480161
-298.7 -101.1 2427.0 -0.9925006628 -0.0625370517 0.1050312594 -0.0764567778 0.9879981279 -0.1342163533 -0.0953771919 -0.1412401646 -0.9853701591
-274.2 -488.1 2482.3 -0.9971829653 0.0164381862 0.0731842816 0.0345270671 0.9667704701 0.2533036768 -0.0665885508 0.2551169693 -0.9646145701
-365.4 -213.1 2125.6 0 0 0 0 0 0 0 0 0
-3.5 673.9 2690.7 0 0 0 0 0 0 0 0 0
-414.8 -859.7 2221.9 0 0 0 0 0 0 0 0 0
-279.3 -789.3 2402.9 0 0 0 0 0 0 0 0 0
-273.7 483.0 2339.9  0.3980949521 0.0919886306 -0.9127203822 -0.0294362865 0.9957281351 0.0875155553 0.9168717861 -0.0079724016 0.3991021514
-291.8 287.0 2341.5 0.3980949521 0.0919886306 -0.9127203822 -0.0294362865 0.9957281351 0.0875155553 0.9168717861 -0.0079724016 0.3991021514
-310.0 92.0 2344.1 0.3985058367 0.0927830711 -0.9124606252 -0.0250078645 0.9955992103 0.0903150961 0.9168248177 -0.0131724030 0.3990724087
-348.6 290.5 2210.8 0.2137444615 0.3251501620 -0.9211898446 0.9570784569 0.1192455441 0.2641615570 0.1957399547 -0.9381139874 -0.2857061327
-400.3 59.3 2163.5 -0.1299896687 0.3189380467 -0.9388190508 0.9823966026 0.1695481986 -0.0784241036 0.1341626495 -0.9324869514 -0.3353631794
-235.0 283.4 2472.1 0.3976165354 -0.8745911717 -0.2774730921 0.6671079397 0.4831792116 -0.5670139790 0.6299746633 0.0403496362 0.7755667567
-131.1 457.7 2636.7 0.5027551055 -0.8625311255 -0.0572482608 0.8435389996 0.5039998293 -0.1855429411 0.1888896823 0.0449915230 0.9809671044
-368.2 -99.0 2262.3 0.2188935876 -0.0039997064 -0.9757405519 -0.0157412793 0.9998469949 -0.0076298555 0.9756217599 0.0170295313 0.2187971324
-366.7 -490.5 2255.7 0.2082097679 0.1173051149 -0.9710243344 -0.1151687354 0.9888158441 0.0947596282 0.9712799788 0.0921017602 0.2193910033
-297.0 -103.9 2428.4 -0.9931383133 -0.0606400073 0.0999954045 -0.0733731017 0.9889239073 -0.1290187836 -0.0910641477 -0.1354704797 -0.9865875840
-273.3 -491.3 2481.5 -0.9974989295 0.0129429959 0.0694861114 0.0303760562 0.9661748409 0.2560926974 -0.0638211295 0.2575629354 -0.9641515613
-363.6 -217.4 2125.7 0 0 0 0 0 0 0 0 0
-2.5 673.6 2685.1 0 0 0 0 0 0 0 0 0
-410.8 -863.0 2221.0 0 0 0 0 0 0 0 0 0
-277.3 -788.6 2402.2 0 0 0 0 0 0 0 0 0
-272.8 487.5 2353.1  0.3795571327 0.0847896412 -0.9212747216 -0.0548823066 0.9961013794 0.0690652877 0.9235390425 0.0243474580 0.3827308416
-289.5 291.2 2348.3 0.3795571327 0.0847896412 -0.9212747216 -0.0548823066 0.9961013794 0.0690652877 0.9235390425 0.0243474580 0.3827308416
-306.4 96.2 2345.2 0.3801696301 0.0861200765 -0.9208986759 -0.0477424264 0.9961555600 0.0734486580 0.9236837626 0.0160429869 0.3828196824
-343.7 298.0 2216.7 0.2179856598 0.3408189118 -0.9145079255 0.9508827925 0.1368506849 0.2776576579 0.2197820097 -0.9301152229 -0.2942473590
-401.2 47.4 2158.8 -0.1523791254 0.3356786072 -0.9295700788 0.9802423716 0.1713533103 -0.0988078639 0.1261172146 -0.9262601733 -0.3551570475
-235.4 284.4 2479.9 0.4097876549 -0.8725863695 -0.2658328414 0.6782656908 0.4863432944 -0.5508410335 0.6099424362 0.0454225615 0.7911428809
-129.5 459.5 2637.4 0.5013675094 -0.8637328744 -0.0509527139 0.8455049992 0.5015888810 -0.1831117868 0.1837169826 0.0487255231 0.9817708135
-364.2 -100.8 2263.8 0.1993375570 0.0085418019 -0.9798936844 -0.0304035917 0.9995344877 0.0025280791 0.9794591069 0.0292883459 0.1995044649
-367.5 -492.2 2252.3 0.1929172873 0.1057225168 -0.9755027890 -0.0945864916 0.9915521741 0.0887563005 0.9766454697 0.0751467645 0.2012874782
-292.1 -105.3 2429.5 -0.9912401438 -0.0493424870 0.1225084588 -0.0656306148 0.9889808893 -0.1327003688 -0.1146107614 -0.1395782381 -0.9835559130
-272.8 -492.7 2484.2 -0.9955878258 0.0079430146 0.0934978276 0.0325013585 0.9639219642 0.2641933858 -0.0880261138 0.2660665214 -0.9599270821
-358.1 -229.9 2123.1 0 0 0 0 0 0 0 0 0
-1.2 676.0 2684.4 0 0 0 0 0 0 0 0 0
-407.3 -865.6 2224.0 0 0 0 0 0 0 0 0 0
-275.2 -788.0 2402.7 0 0 0 0 0 0 0 0 0
-271.2 483.7 2352.2  0.3783935606 0.0816906244 -0.9220330715 -0.0459965616 0.9965269566 0.0694141090 0.9245012999 0.0161444992 0.3808368742
-287.1 288.6 2349.0 0.3783935606 0.0816906244 -0.9220330715 -0.0459965616 0.9965269566 0.0694141090 0.9245012999 0.0161444992 0.3808368742
-303.3 93.5 2347.1 0.3788578212 0.0825144276 -0.9217690229 -0.0403617285 0.9965427518 0.0726188421 0.9245743155 0.0096919741 0.3808784187
-341.1 294.4 2217.3 0.2242947668 0.3429303765 -0.9121900201 0.9487835169 0.1368599534 0.2847439945 0.2224896401 -0.9293374419 -0.2946697474
-400.8 42.1 2158.1 -0.1755327582 0.3346944153 -0.9258336425 0.9756008387 0.1851152480 -0.1180480644 0.1318758875 -0.9239653945 -0.3590219319
-233.2 282.8 2480.8 0.4039871395 -0.8754528761 -0.2652859688 0.6847214699 0.4817029238 -0.5469175577 0.6065895557 0.0393006504 0.7940431833
-126.8 463.0 2640.4 0.5004744530 -0.8646509647 -0.0436346270 0.8508418202 0.5005438924 -0.1597623676 0.1599797308 0.0428308211 0.9861906767
-357.5 -94.5 2258.6 0.1978731155 0.0098637389 -0.9801779985 -0.0236261226 0.9997068644 0.0052907462 0.9799428582 0.0221109111 0.1980481446
-361.4 -486.1 2249.9 0.1898635179 0.1220525205 -0.9741945267 -0.0925306454 0.9900509715 0.1060055420 0.9774404764 0.0700162649 0.1992681473
-288.8 -103.2 2425.5 -0.9911939502 -0.0428331979 0.1252990514 -0.0620712228 0.9861325026 -0.1539150625 -0.1169687882 -0.1603371501 -0.9801073074
-272.0 -489.4 2488.3 -0.9953938723 0.0035220580 0.0958053097 0.0297371950 0.9613782167 0.2736194134 -0.0911414325 0.2752080560 -0.9570547342
-350.6 -236.8 2120.4 0 0 0 0 0 0 0 0 0
1.3 680.9 2681.4 0 0 0 0 0 0 0 0 0
-407.4 -858.9 2223.6 0 0 0 0 0 0 0 0 0
-273.1 -785.3 2403.6 0 0 0 0 0 0 0 0 0
-269.9 486.1 2352.7  0.3813841641 0.0794113129 -0.9209994674 -0.0496783629 0.9966243505 0.0653601959 0.9230808020 0.0208263993 0.3840417564
-285.5 290.5 2348.6 0.3813841641 0.0794113129 -0.9209994674 -0.0496783629 0.9966243505 0.0653601959 0.9230808020 0.0208263993 0.3840417564
-301.3 95.3 2346.2 0.3819507062 0.0804295316 -0.9206762314 -0.0426130593 0.9966790080 0.0693906620 0.9231997728 0.0127290180 0.3841096163
-340.0 296.6 2217.1 0.2037430108 0.3397094607 -0.9181972742 0.9541654587 0.1411027163 0.2639285326 0.2192191482 -0.9298857450 -0.2953903377
-392.6 50.0 2160.4 -0.1707827449 0.3313077092 -0.9279377460 0.9751269221 0.1918717325 -0.1109624803 0.1412823051 -0.9238075614 -0.3558354676
-231.1 284.4 2480.2 0.4029057622 -0.8776268959 -0.2596882582 0.6876078844 0.4775172770 -0.5469667912 0.6040383577 0.0418123677 0.7958576083
-126.2 463.4 2637.5 0.4969776273 -0.8665009141 -0.0467914566 0.8504590988 0.4970733821 -0.1721551418 0.1724313647 0.0457630306 0.9839578867
-353.7 -98.0 2261.7 0.2010868788 0.0176799465 -0.9794138670 -0.0284261573 0.9995213747 0.0122066448 0.9791609049 0.0253863763 0.2014932036
-360.6 -489.5 2251.7 0.1926198602 0.1232032627 -0.9735083580 -0.1007977575 0.9893230200 0.1052607000 0.9760826826 0.0778521597 0.2029818743
-285.2 -105.3 2428.8 -0.9919244647 -0.0348954424 0.1219351217 -0.0517752767 0.9890591502 -0.1381349564 -0.1157807708 -0.1433326751 -0.9828786850
-271.5 -492.7 2484.9 -0.9951669574 0.0066074328 0.0979749635 0.0326715522 0.9631701112 0.2669005096 -0.0926030278 0.2688115537 -0.9587309361
-344.1 -226.8 2120.3 0 0 0 0 0 0 0 0 0
1.1 681.2 2681.6 0 0 0 0 0 0 0 0 0
-407.0 -862.1 2222.4 0 0 0 0 0 0 0 0 0
-273.5 -783.1 2403.9 0 0 0 0 0 0 0 0 0
-266.3 488.3 2354.0  0.3814059496 0.0809239224 -0.9208587408 -0.0498736352 0.9965113997 0.0669152662 0.9230612516 0.0204046946 0.3841113448
-282.2 292.1 2350.0 0.3814059496 0.0809239224 -0.9208587408 -0.0498736352 0.9965113997 0.0669152662 0.9230612516 0.0204046946 0.3841113448
-297.9 96.9 2347.7 0.3820768893 0.0800932199 -0.9206532240 -0.0415680185 0.9967183471 0.0694596022 0.9231951833 0.0117308209 0.3841523528
-336.7 298.1 2218.4 0.1885163635 0.3407818675 -0.9210479259 0.9571195245 0.1463079453 0.2500323653 0.2199631333 -0.9286881685 -0.2985875607
-384.9 53.5 2162.2 -0.1691129506 0.3340491056 -0.9272604585 0.9761090279 0.1869924515 -0.1106571630 0.1364257783 -0.9238208532 -0.3576911986
-227.8 286.2 2481.6 0.3975932300 -0.8798655272 -0.2603003979 0.6895947456 0.4736767709 -0.5478041768 0.6052922606 0.0383014567 0.7950813174
-124.8 464.7 2638.3 0.4932676256 -0.8682901859 -0.0525283106 0.8511172533 0.4942222238 -0.1770417094 0.1796842366 0.0426211953 0.9828006029
-351.5 -96.0 2260.2 0.2011402696 0.0150431041 -0.9794469476 -0.0320011787 0.9994492531 0.0087785199 0.9790396094 0.0295777414 0.2015108913
-357.4 -487.5 2248.6 0.1933275610 0.1337199211 -0.9719791412 -0.0926153436 0.9887324572 0.1176034734 0.9767532349 0.0672841892 0.2035337389
-282.5 -103.7 2427.1 -0.9919974804 -0.0310886875 0.1223703399 -0.0499443561 0.9867797494 -0.1541794091 -0.1159593388 -0.1590572894 -0.9804357290
-270.3 -490.2 2489.4 -0.9951772690 0.0129351318 0.0972363129 0.0401662178 0.9580911994 0.2836334705 -0.0894924179 0.2861711681 -0.9539901018
-337.0 -222.5 2123.6 0 0 0 0 0 0 0 0 0
1.5 682.7 2684.3 0 0 0 0 0 0 0 0 0
-407.8 -859.9 2223.3 0 0 0 0 0 0 0 0 0
-274.3 -782.9 2402.0 0 0 0 0 0 0 0 0 0
-264.3 488.1 2353.1  0.3780647516 0.0821395591 -0.9221280217 -0.0453149155 0.9965041280 0.0701859519 0.9246694446 0.0152513217 0.3804652393
-280.5 292.3 2350.1 0.3780647516 0.0821395591 -0.9221280217 -0.0453149155 0.9965041280 0.0701859519 0.9246694446 0.0152513217 0.3804652393
-296.2 97.1 2348.7 0.3786981106 0.0805856064 -0.9220052958 -0.0375569798 0.9967196584 0.0716899335 0.9247579575 0.0074788905 0.3804823756
-334.4 297.6 2218.3 0.1788305789 0.3462020755 -0.9209580421 0.9579589963 0.1521776021 0.2432212532 0.2243528962 -0.9257354140 -0.3044333756
-379.8 54.7 2161.5 -0.1760480404 0.3413403034 -0.9233059287 0.9763693213 0.1799773723 -0.1196292117 0.1253399104 -0.9225480556 -0.3649588525
-226.5 286.9 2481.9 0.3965290487 -0.8792518973 -0.2639712691 0.6908771992 0.4751640260 -0.5448925495 0.6045274138 0.0336939991 0.7958713770
-123.5 466.3 2638.9 0.4844921231 -0.8721085191 -0.0685138702 0.8505600095 0.4879302382 -0.1961421967 0.2044872642 0.0367541909 0.9781789780
-348.1 -94.5 2261.9 0.1975108534 0.0181865785 -0.9801319838 -0.0308540277 0.9994478822 0.0123274541 0.9798150063 0.0278062131 0.1979629397
-355.3 -486.0 2251.1 0.1868671328 0.1407404691 -0.9722514153 -0.1099920943 0.9864590168 0.1216566041 0.9762082100 0.0842063427 0.1998171061
-279.1 -102.0 2428.8 -0.9917287827 -0.0235234462 0.1261773109 -0.0450799763 0.9842703342 -0.1708205640 -0.1201742962 -0.1750957370 -0.9771896601
-269.8 -487.5 2497.4 -0.9948217273 0.0158316158 0.1003947183 0.0464825556 0.9493049383 0.3109010458 -0.0903831422 0.3139577210 -0.9451251030
-330.1 -220.9 2126.1 0 0 0 0 0 0 0 0 0
0.5 684.0 2691.2 0 0 0 0 0 0 0 0 0
-408.3 -857.5 2219.3 0 0 0 0 0 0 0 0 0
-274.7 -780.6 2400.5 0 0 0 0 0 0 0 0 0
-264.2 489.4 2359.7  0.3674396873 0.0772584304 -0.9268329144 -0.0597939752 0.9964444637 0.0593559593 0.9281232357 0.0336092860 0.3707528114
-279.4 293.1 2353.1 0.3674396873 0.0772584304 -0.9268329144 -0.0597939752 0.9964444637 0.0593559593 0.9281232357 0.0336092860 0.3707528114
-294.9 97.9 2348.2 0.3680185080 0.0790144354 -0.9264551401 -0.0524117760 0.9965614676 0.0641738996 0.9283401370 0.0249399766 0.3708943427
-331.9 300.5 2220.8 0.1630181372 0.3544537723 -0.9207538366 0.9607265592 0.1553856134 0.2299125642 0.2245652676 -0.9220725894 -0.3152024746
-374.2 50.8 2162.4 -0.1931637228 0.3457494378 -0.9182293415 0.9710682034 0.2012911439 -0.1284851581 0.1404077560 -0.9164819717 -0.3746284246
-227.0 285.6 2485.4 0.3989335299 -0.8795626760 -0.2592710853 0.6985713243 0.4746729732 -0.5354284644 0.5940119028 0.0324810296 0.8038002849
-122.8 468.0 2640.5 0.4903211296 -0.8699225783 -0.0531024635 0.8547341228 0.4918801188 -0.1657816023 0.1703372002 0.0358977355 0.9847317338
-346.2 -94.8 2263.6 0.1864545494 0.0153199499 -0.9823441505 -0.0305641051 0.9994848967 0.0097860228 0.9819880724 0.0281998217 0.1868267357
-352.3 -486.3 2252.6 0.1735605747 0.1504547149 -0.9732626081 -0.1200463027 0.9841237664 0.1307260245 0.9774792194 0.0941476971 0.1888666153
-277.8 -101.6 2430.8 -0.9902140498 -0.0204291083 0.1380537301 -0.0438381359 0.9846881628 -0.1687229723 -0.1324930191 -0.1731238663 -0.9759476185
-269.8 -487.2 2498.6 -0.9935950041 0.0138449837 0.1121486947 0.0487703234 0.9478120804 0.3150772750 -0.1019336507 0.3185287118 -0.9424165487
-319.8 -223.0 2122.8 0 0 0 0 0 0 0 0 0
2.7 686.8 2684.1 0 0 0 0 0 0 0 0 0
-408.9 -856.9 2217.1 0 0 0 0 0 0 0 0 0
-274.0 -777.8 2401.0 0 0 0 0 0 0 0 0 0
-261.5 486.7 2355.5  0.3675515652 0.0840658993 -0.9261958599 -0.0546929128 0.9961363673 0.0687096938 0.9283935428 0.0254019946 0.3707292974
-277.9 291.6 2350.5 0.3675515652 0.0840658993 -0.9261958599 -0.0546929128 0.9961363673 0.0687096938 0.9283935428 0.0254019946 0.3707292974
-294.5 96.5 2346.8 0.3680449128 0.0847127214 -0.9259409904 -0.0488689765 0.9962270260 0.0717185289 0.9285228848 0.0188541468 0.3707961142
-330.4 298.5 2218.2 0.1660847515 0.3546984494 -0.9201113582 0.9621896148 0.1459839791 0.2299561948 0.2158866078 -0.9235137701 -0.3170414269
-374.3 44.3 2161.1 -0.2327889502 0.3391628563 -0.9114701748 0.9625542760 0.2142267227 -0.1661209017 0.1389192343 -0.9160106182 -0.3763322830
-225.5 284.6 2482.8 0.3879849017 -0.8813569546 -0.2695878744 0.6951039433 0.4718890786 -0.5423570871 0.6052257419 0.0230347477 0.7957205176
-122.8 468.6 2643.0 0.5125545859 -0.8563489914 -0.0628827810 0.8408134580 0.5154082179 -0.1654903293 0.1741277874 0.0319501385 0.9842045903
-343.6 -92.5 2259.4 0.1867081672 0.0138843888 -0.9823173285 -0.0210601110 0.9997268915 0.0101275854 0.9821896553 0.0187968090 0.1869495958
-349.0 -484.1 2252.1 0.1707707345 0.1577495784 -0.9726008773 -0.1271801740 0.9823721647 0.1370039284 0.9770683646 0.1002992913 0.1878230423
-277.1 -102.0 2427.2 -0.9968871474 -0.0217425525 -0.0757847354 -0.0069965478 0.9818266630 -0.1896509677 0.0785309747 -0.1885303706 -0.9789224863
-268.6 -486.5 2501.1 -0.9968871474 0.0192560051 -0.0764543712 -0.0069965478 0.9442839026 0.3290577233 0.0785309747 0.3285683393 -0.9412097335
-308.4 -228.1 2121.8 0 0 0 0 0 0 0 0 0
8.4 683.8 2687.6 0 0 0 0 0 0 0 0 0
-408.4 -854.1 2214.3 0 0 0 0 0 0 0 0 0
-274.5 -778.0 2399.7 0 0 0 0 0 0 0 0 0
-259.6 486.6 2353.9  0.3577279747 0.0857702494 -0.9298785925 -0.0562130213 0.9959450960 0.0702387318 0.9321324229 0.0271449257 0.3610987961
-276.5 290.9 2348.6 0.3577279747 0.0857702494 -0.9298785925 -0.0562130213 0.9959450960 0.0702387318 0.9321324229 0.0271449257 0.3610987961
-293.2 95.8 2344.4 0.3582215607 0.0853896439 -0.9297235608 -0.0504682995 0.9961239100 0.0720427334 0.9322715402 0.0211143065 0.3611425161
-327.5 298.1 2215.7 0.1730375588 0.3626030684 -0.9157385230 0.9622591138 0.1360359490 0.2356939465 0.2100367099 -0.9219616055 -0.3253787756
-372.3 49.0 2161.3 -0.2533183694 0.3417122960 -0.9050207138 0.9576676488 0.2208365500 -0.1846722811 0.1367568672 -0.9134899378 -0.3831887841
-225.4 283.7 2481.4 0.3980152309 -0.8733940721 -0.2806540728 0.6757698059 0.4860321879 -0.5541731715 0.6204184294 0.0309117921 0.7836615443
-119.5 463.6 2646.6 0.4864325821 -0.8733940721 -0.0237946380 0.8674908280 0.4860321879 -0.1059826687 0.1041295901 0.0309117921 0.9940832257
-344.4 -94.2 2259.2 0.1764146984 0.0118695805 -0.9842443466 -0.0180818569 0.9997976422 0.0088161770 0.9841498137 0.0162416641 0.1765936166
-349.0 -485.9 2252.8 0.1598738283 0.1554243416 -0.9748249054 -0.1299220771 0.9822494984 0.1353005320 0.9785502553 0.1050202698 0.1772290319
-277.8 -103.1 2427.1 -0.9971808195 -0.0232962742 -0.0713279173 -0.0088470103 0.9804555774 -0.1965414584 0.0745125413 -0.1953563392 -0.9778976440
-268.7 -487.1 2503.6 -0.9971808195 0.0167847723 -0.0731345341 -0.0088470103 0.9415626526 0.3367216885 0.0745125413 0.3364194334 -0.9387597442
-300.8 -221.4 2122.7 0 0 0 0 0 0 0 0 0
4.2 684.1 2673.0 0 0 0 0 0 0 0 0 0
-407.6 -855.8 2213.3 0 0 0 0 0 0 0 0 0
-273.9 -779.3 2399.2 0 0 0 0 0 0 0 0 0
-257.7 485.9 2353.1  0.3659615219 0.0889859498 -0.9263658524 -0.0520326905 0.9958174229 0.0751018599 0.9291742444 0.0207169168 0.3690610230
-275.2 289.9 2349.0 0.3659615219 0.0889859498 -0.9263658524 -0.0520326905 0.9958174229 0.0751018599 0.9291742444 0.0207169168 0.3690610230
-292.3 94.9 2345.8 0.3663750589 0.0872895792 -0.9263637662 -0.0473598279 0.9960488081 0.0751251504 0.9292612076 0.0163484477 0.3690614700
-327.5 296.7 2216.6 0.1766613424 0.3551773429 -0.9179541469 0.9620994329 0.1345252544 0.2372080237 0.2077389359 -0.9250686765 -0.3179504871
-373.4 46.5 2162.6 -0.2965394258 0.3233883977 -0.8986012936 0.9436414838 0.2440347672 -0.2235795707 0.1469869316 -0.9142575860 -0.3775286376
-223.0 283.2 2481.4 0.3700099885 -0.8364981413 -0.4041825235 0.6789789796 0.5404331684 -0.4969099760 0.6340978742 -0.0905697867 0.7679303288
-126.5 460.4 2646.9 0.5272520185 -0.8364981413 -0.1492521465 0.8388200998 0.5404331684 -0.0656724051 0.1355956495 -0.0905697867 0.9866158962
-342.3 -94.7 2256.0 0.1851128489 0.0203065481 -0.9825074673 -0.0131496023 0.9997481704 0.0181853827 0.9826292992 0.0095532350 0.1853332520
-350.3 -486.3 2252.3 0.1685605943 0.1496997327 -0.9742572904 -0.1305685490 0.9830811620 0.1284653097 0.9770051837 0.1055531800 0.1852548122
-277.5 -103.8 2424.5 -0.9975618720 -0.0233097225 -0.0657799542 -0.0096715586 0.9796505570 -0.2004775703 0.0691144466 -0.1993525773 -0.9774874449
-268.4 -487.6 2502.6 -0.9975618720 0.0136373853 -0.0684424415 -0.0096715586 0.9442426562 0.3291083574 0.0691144466 0.3289678991 -0.9418085217
-290.2 -218.1 2121.3 0 0 0 0 0 0 0 0 0
7.8 674.1 2681.5 0 0 0 0 0 0 0 0 0
-406.6 -856.6 2212.5 0 0 0 0 0 0 0 0 0
-272.6 -778.9 2401.1 0 0 0 0 0 0 0 0 0
-256.1 486.3 2345.2  0.3857147694 0.0929735303 -0.9179216027 -0.0370928012 0.9956678748 0.0852616578 0.9218721390 0.0011616008 0.3874924481
-274.4 290.0 2344.9 0.3857147694 0.0929735303 -0.9179216027 -0.0370928012 0.9956678748 0.0852616578 0.9218721390 0.0011616008 0.3874924481
-292.1 95.0 2345.5 0.3861287236 0.0905343145 -0.9179913402 -0.0326002017 0.9958896637 0.0845044032 0.9218686819 -0.0027028767 0.3874930441
-329.5 294.7 2213.6 0.1643991917 0.3401615918 -0.9258849621 0.9641686678 0.1427177638 0.2236299962 0.2082105726 -0.9294738770 -0.3045104742
-372.6 41.9 2159.0 -0.3306417167 0.3127595782 -0.8904254436 0.9366273880 0.2244948149 -0.2689446807 0.1157808751 -0.9229211807 -0.3671665490
-219.4 285.3 2476.3 0.3076005876 -0.8535696864 -0.4204767048 0.6675981283 0.5084816813 -0.5438374281 0.6780078411 -0.1134247705 0.7262508273
-148.7 438.8 2632.1 0.5380753875 -0.8129062653 -0.2228412926 0.8024993539 0.5749245286 -0.1595512778 0.2578171492 -0.0929793715 0.9617094994
-342.5 -95.9 2258.6 0.2057695687 0.0131907621 -0.9785115719 -0.0180143360 0.9997907877 0.0096894102 0.9784346223 0.0156334508 0.2059641480
-347.7 -487.6 2252.5 0.1868595928 0.1631608903 -0.9687424898 -0.1415216625 0.9802960753 0.1378088593 0.9721394777 0.1113471389 0.2062685192
-276.3 -104.5 2426.6 -0.9957724214 -0.0257325266 -0.0881764814 -0.0089600310 0.9825912714 -0.1855642647 0.0914164782 -0.1839897186 -0.9786678553
-266.2 -489.4 2498.7 -0.9957436919 0.0224915948 -0.0893790200 -0.0077151642 0.9460215569 0.3240118325 0.0918420181 0.3233223259 -0.9418215156
-280.1 -220.0 2126.7 0 0 0 0 0 0 0 0 0
-14.9 638.4 2696.2 0 0 0 0 0 0 0 0 0
-409.2 -856.7 2210.6 0 0 0 0 0 0 0 0 0
-273.1 -779.0 2399.7 0 0 0 0 0 0 0 0 0
-256.3 484.2 2348.7  0.3983830512 0.0906272978 -0.9127308726 -0.0505143926 0.9957642555 0.0768236741 0.9158270955 0.0155007923 0.4012735784
-274.1 288.0 2345.7 0.3983830512 0.0906272978 -0.9127308726 -0.0505143926 0.9957642555 0.0768236741 0.9158270955 0.0155007923 0.4012735784
-291.5 92.9 2343.7 0.3988940120 0.0888064504 -0.9126867056 -0.0448425785 0.9959978461 0.0773141459 0.9158999324 0.0100870710 0.4012798965
-331.0 294.4 2215.2 0.1548574567 0.2065677345 -0.9660998583 0.9643546939 0.1807806194 0.1932315379 0.2145675272 -0.9615862370 -0.1712093353
-372.1 38.4 2158.2 -0.3494065404 0.2065677345 -0.9139173031 0.9316104054 0.1807806194 -0.3153100908 0.1000856385 -0.9615862370 -0.2556065917
-217.3 281.6 2476.2 0.2826877236 -0.8652486205 -0.4140440822 0.6655579209 0.4877672493 -0.5649033189 0.6907389760 -0.1158790812 0.7137588859
