3.8 330.9 2931.9 06 -0.0054987837 0.0090983817 -0.9999434948 -0.2072100192 0.9782449603 0.0100404164 0.9782810211 0.2072535157 -0.0034938818
2.0 138.6 2891.2 -0.0054987837 0.0090983817 -0.9999434948 -0.2072100192 0.9782449603 0.0100404164 0.9782810211 0.2072535157 -0.0034938818
-5.2 -51.1 2850.9 -0.0055084946 0.0367206559 -0.9993103743 -0.2076245099 0.9775061607 0.0370639265 0.9781931043 0.2076855004 0.0022395209
2.8 166.8 2758.1 -0.5783323646 0.1265799403 -0.8059213161 0.6089757085 0.7243385911 -0.3232370317 0.5428445935 -0.6777249575 -0.4959925711
146.8 15.1 2622.9 -0.5429585576 0.1265799403 0.8301647902 -0.5211920738 0.7243385911 -0.4513229728 -0.6584488153 -0.6777249575 -0.3273133636
1.3 110.4 3024.3 0.0769381225 0.6729531884 -0.7356728315 -0.9939066768 0.1101794541 -0.0031585998 0.0789304376 0.7314331532 0.6773297191
21.1 -145.5 3044.6 0.1693757474 0.6759518385 -0.7172175050 -0.9850685000 0.0933296978 -0.1446706802 -0.0308527108 0.7310121059 0.6816666126
-13.7 -220.4 2717.4 -0.9454784393 0.2044111788 0.2535479963 0.1867524385 0.9780774117 -0.0921306908 -0.2668221295 -0.0397568755 -0.9629254341
-93.0 -600.0 2732.8 -0.9523968101 0.0774387121 0.2948619425 0.1240952238 0.9819200039 0.1429457814 -0.2784613073 0.1727320552 -0.9447872639
-19.8 -258.9 2890.9 -0.8728052378 0.0109815607 0.4879451394 0.0370242484 0.9983558655 0.0437578931 -0.4866623580 0.0562579222 -0.8717768192
-24.0 -646.1 2869.1 -0.8658135533 0.1193102524 0.4859341681 0.1214457825 0.9922244549 -0.0272323955 -0.4854048491 0.0354364738 -0.8735710382
300.4 162.6 2809.2 0 0 0 0 0 0 0 0 0
65.2 -402.4 3036.6 0 0 0 0 0 0 0 0 0
-121.2 -956.8 2670.1 0 0 0 0 0 0 0 0 0
-68.5 -1015.8 2855.9 0 0 0 0 0 0 0 0 0
3.6 322.9 2930.0 07 -0.0751725435 0.0191303492 -0.9969870448 -0.2202981859 0.9747930765 0.0353149101 0.9725316167 0.2222891450 -0.0690632984
-0.2 132.3 2886.5 -0.0751725435 0.0191303492 -0.9969870448 -0.2202981859 0.9747930765 0.0353149101 0.9725316167 0.2222891450 -0.0690632984
-7.9 -57.1 2844.8 -0.0748993978 0.0399153419 -0.9963918924 -0.2112743706 0.9758795500 0.0549752414 0.9745528102 0.2146296799 -0.0646596998
10.0 161.0 2753.9 -0.6056821346 0.1258471757 -0.7856917977 0.5938840508 0.7286615968 -0.3411069810 0.5295761228 -0.6732122898 -0.5160759687
155.9 17.9 2626.4 -0.5149981976 0.1258471757 0.8479029536 -0.5320191979 0.7286615968 -0.4312863052 -0.6721104980 -0.6732122898 -0.3083062768
-10.4 103.5 3019.0 0.0542104729 0.6241071224 -0.7794559002 -0.9954180717 0.0953530297 0.0071183303 0.0787660852 0.7754986286 0.6264166236
3.6 -152.8 3039.3 0.1539172530 0.6268306971 -0.7638015151 -0.9877808094 0.0784738436 -0.1346510649 -0.0244649872 0.7751935720 0.6312498450
-11.9 -222.3 2723.3 -0.9239255190 0.2178316861 0.3145011067 0.1960661858 0.9755119681 -0.0996716842 -0.3285112679 -0.0304261781 -0.9440098405
-96.4 -600.9 2735.1 -0.9307205677 0.0721690878 0.3585398793 0.1316047609 0.9807558656 0.1442154795 -0.3412322104 0.1814098656 -0.9223074317
-12.9 -259.3 2897.8 -0.8368384838 0.0372779518 0.5461791754 0.0705208331 0.9967070818 0.0400223061 -0.5428887010 0.0720092133 -0.8367117643
-27.3 -645.9 2869.9 -0.8339887857 0.0987183079 0.5428788066 0.1040422171 0.9943515062 -0.0209819563 -0.5418837070 0.0389835984 -0.8395488858
302.6 169.5 2817.9 0 0 0 0 0 0 0 0 0
43.7 -410.3 3032.9 0 0 0 0 0 0 0 0 0
-122.4 -954.1 2669.7 0 0 0 0 0 0 0 0 0
-64.1 -1016.7 2855.3 0 0 0 0 0 0 0 0 0
7.5 332.2 2942.5 08 0.0497225486 0.0381610394 -0.9980337620 -0.2482407987 0.9683844447 0.0246598776 0.9674214125 0.2465265542 0.0576236695
-0.0 142.8 2894.3 0.0497225486 0.0381610394 -0.9980337620 -0.2482407987 0.9683844447 0.0246598776 0.9674214125 0.2465265542 0.0576236695
-9.1 -45.5 2848.4 0.0501341373 0.0454866067 -0.9977061152 -0.2387002558 0.9705575109 0.0322543234 0.9697983265 0.2365356684 0.0595157258
-6.8 175.1 2763.2 -0.6211550236 0.1216974780 -0.7741809487 0.5962510109 0.7144699693 -0.3660838008 0.5085775852 -0.6890009642 -0.5163588524
158.6 16.4 2627.7 -0.5089536309 0.1216974780 0.8521478176 -0.5510386229 0.7144699693 -0.4311485589 -0.6613037586 -0.6890009642 -0.2965720892
6.8 110.5 3025.4 0.0825105235 0.7128778100 -0.6964173913 -0.9957312346 0.0879771262 -0.0279162489 0.0413679257 0.6957479715 0.7170937657
28.0 -145.7 3036.0 0.1681326181 0.7158470750 -0.6777126193 -0.9830980897 0.0712337196 -0.1686531901 -0.0724539086 0.6946140528 0.7157245874
-8.9 -227.7 2716.2 -0.9535820484 0.2342362106 0.1892476380 0.2171853036 0.9702923298 -0.1065988690 -0.2085948437 -0.0605489612 -0.9761260152
-99.8 -604.1 2739.7 -0.9668014050 0.0603382289 0.2483028322 0.1060788035 0.9788049459 0.1751803756 -0.2324699759 0.1957043111 -0.9527106285
-22.3 -265.4 2890.0 -0.8990617990 0.0176774766 0.4374647439 0.0434091166 0.9978603721 0.0488903970 -0.4356644750 0.0629454479 -0.8979055285
-29.2 -652.5 2865.6 -0.8960593939 0.0904985070 0.4346119761 0.0851619393 0.9958600402 -0.0317839533 -0.4356890917 0.0085320882 -0.9000567794
302.9 172.6 2815.3 0 0 0 0 0 0 0 0 0
71.8 -401.8 3017.1 0 0 0 0 0 0 0 0 0
-121.5 -956.8 2669.2 0 0 0 0 0 0 0 0 0
-62.9 -1023.9 2862.4 0 0 0 0 0 0 0 0 0
10.1 335.5 2926.2 09 -0.0720284134 0.0573214218 -0.9957540631 -0.1868054271 0.9799054265 0.0699217543 0.9797528386 0.1910486221 -0.0598730817
-1.1 143.8 2888.8 -0.0720284134 0.0573214218 -0.9957540631 -0.1868054271 0.9799054265 0.0699217543 0.9797528386 0.1910486221 -0.0598730817
-11.7 -46.3 2851.8 -0.0720161423 0.0512047000 -0.9960882068 -0.1865837872 0.9803596735 0.0638859719 0.9797959924 0.1904547364 -0.0610477552
8.7 168.8 2756.8 -0.5968705416 0.1315179318 -0.7914850712 0.6070609093 0.7190418243 -0.3383132815 0.5246165991 -0.6824088693 -0.5090143085
156.5 18.5 2626.9 -0.5109675527 0.1315179318 0.8494793773 -0.5407245159 0.7190418243 -0.4365728199 -0.6682283282 -0.6824088693 -0.2962920964
-10.9 118.7 3020.8 0.0400915593 0.6292860508 -0.7761390209 -0.9941144586 0.1033602431 0.0324523821 0.1006437466 0.7702699304 0.6297261715
-0.6 -136.6 3046.7 0.1388194412 0.6317175031 -0.7626677752 -0.9903147221 0.0866680220 -0.1084682494 -0.0024223870 0.7703386545 0.6376303434
-22.6 -212.7 2716.6 -0.9314301014 0.1964816451 0.3063216209 0.1627259851 0.9777539372 -0.1323537976 -0.3255122602 -0.0734318197 -0.9426820874
-98.8 -591.8 2745.1 -0.9344527125 0.0611602776 0.3507955968 0.1253940165 0.9785556197 0.1634172201 -0.3332783580 0.1966933310 -0.9220831394
-13.7 -255.1 2888.6 -0.8393937349 0.0323041342 0.5425629616 0.0569486357 0.9979649186 0.0286859553 -0.5405321121 0.0549770333 -0.8395251632
-26.3 -642.3 2867.2 -0.8372814655 0.0937202126 0.5386800766 0.0822893456 0.9955780506 -0.0453078598 -0.5405443311 0.0063921981 -0.8412912488
301.8 172.3 2816.9 0 0 0 0 0 0 0 0 0
35.5 -394.0 3046.0 0 0 0 0 0 0 0 0 0
-121.8 -958.6 2671.4 0 0 0 0 0 0 0 0 0
-61.2 -1013.8 2864.9 0 0 0 0 0 0 0 0 0
16.3 366.0 2941.6 10 -0.0241802298 0.0591820925 -0.9979543090 -0.2296527922 0.9712210298 0.0631611571 0.9729722142 0.2307102382 -0.0098930150
4.4 170.4 2895.1 -0.0241802298 0.0591820925 -0.9979543090 -0.2296527922 0.9712210298 0.0631611571 0.9729722142 0.2307102382 -0.0098930150
-6.9 -18.6 2853.0 -0.0233784188 0.0561415739 -0.9981490970 -0.2161245495 0.9745281935 0.0598750226 0.9760858417 0.2171243131 -0.0106493542
7.6 199.7 2762.9 -0.5454020500 0.1853874773 -0.8174155354 0.6733814478 0.6776196361 -0.2956163883 0.4990932345 -0.7116622329 -0.4944116175
156.0 16.5 2627.1 -0.5150389075 0.1853874773 0.8368789554 -0.5497695804 0.6776196361 -0.4884516597 -0.6576384306 -0.7116622329 -0.2470800728
1.3 141.1 3027.3 0.0509604216 0.6655039191 -0.7446526289 -0.9962460995 0.0861190706 0.0087872613 0.0699767470 0.7414094806 0.6673943996
14.4 -115.0 3045.3 0.1448661089 0.6680649519 -0.7298650742 -0.9887161255 0.0693099871 -0.1328024715 -0.0381337330 0.7408679724 0.6705672741
-17.1 -208.7 2725.2 -0.9444655776 0.1994227618 0.2611807287 0.1791533083 0.9787771702 -0.0994955227 -0.2754794061 -0.0471787006 -0.9601485729
-96.6 -598.8 2744.0 -0.9498551488 0.0651112050 0.3058361709 0.1225599274 0.9773426056 0.1725702584 -0.2876704633 0.2013999969 -0.9363139272
-25.6 -247.8 2899.4 -0.8652694225 0.0035457036 0.5012946129 0.0508457497 0.9954388738 0.0807224810 -0.4987218976 0.0953353941 -0.8615031242
-27.0 -638.2 2862.0 -0.8637060523 0.0884086564 0.4961811900 0.0703321025 0.9960041046 -0.0550386161 -0.4990643859 -0.0126397191 -0.8664727211
302.1 172.5 2813.7 0 0 0 0 0 0 0 0 0
52.1 -372.4 3035.4 0 0 0 0 0 0 0 0 0
-120.6 -959.6 2669.6 0 0 0 0 0 0 0 0 0
-60.0 -1009.8 2866.7 0 0 0 0 0 0 0 0 0
17.5 364.7 2937.3 11 0.0763304681 0.0524491630 -0.9957021475 -0.2198063433 0.9749331474 0.0345048010 0.9725527167 0.2162278742 0.0859457627
7.1 171.3 2894.4 0.0763304681 0.0524491630 -0.9957021475 -0.2198063433 0.9749331474 0.0345048010 0.9725527167 0.2162278742 0.0859457627
-3.7 -18.0 2853.4 0.0766012669 0.0548020415 -0.9955546260 -0.2148806453 0.9759320617 0.0371882543 0.9736316204 0.2110767514 0.0865335315
-3.3 200.4 2762.6 -0.5232402682 0.1935863793 -0.8299059868 0.6856812835 0.6739103794 -0.2751109302 0.5060244799 -0.7130001187 -0.4853556156
139.2 13.7 2624.8 -0.5603836179 0.1935863793 0.8052915931 -0.5205742717 0.6739103794 -0.5242587924 -0.6441836953 -0.7130001187 -0.2768722475
17.5 142.2 3026.2 0.0815415829 0.7322878838 -0.6760956645 -0.9946412444 0.1030494049 -0.0083461395 0.0635594800 0.6731532216 0.7367665768
38.5 -113.6 3042.5 0.1640511453 0.7351997495 -0.6576994658 -0.9850234985 0.0862234905 -0.1493125111 -0.0530653708 0.6723443270 0.7383340597
-16.8 -182.7 2722.6 -0.9636917114 0.2084614486 0.1668595672 0.1928652972 0.9755966663 -0.1049482003 -0.1846652776 -0.0689562932 -0.9803794026
-98.8 -566.4 2749.8 -0.9739820957 0.0541753247 0.2200544327 0.0955374613 0.9786610007 0.1819208562 -0.2055030763 0.1982110888 -0.9583740830
-18.8 -224.3 2896.6 -0.9102922678 0.0286029149 0.4129768610 0.0639603883 0.9953485131 0.0720446557 -0.4089952111 0.0919958502 -0.9078874588
-30.0 -612.5 2860.7 -0.9112427831 0.0654436946 0.4066371322 0.0507032238 0.9976104498 -0.0469321795 -0.4087368548 -0.0221487954 -0.9123834968
296.5 159.8 2805.6 0 0 0 0 0 0 0 0 0
81.2 -370.2 3028.7 0 0 0 0 0 0 0 0 0
-120.5 -958.3 2670.4 0 0 0 0 0 0 0 0 0
-54.4 -984.8 2869.0 0 0 0 0 0 0 0 0 0
20.6 358.5 2924.6 12 0.0688789710 0.0745687112 -0.9948342443 -0.2072462887 0.9765173197 0.0588467084 0.9758610129 0.2021224052 0.0827155933
5.9 165.7 2884.7 0.0688789710 0.0745687112 -0.9948342443 -0.2072462887 0.9765173197 0.0588467084 0.9758610129 0.2021224052 0.0827155933
-5.8 -24.3 2846.8 0.0694300681 0.0596133098 -0.9958040714 -0.1992151439 0.9789351225 0.0447136611 0.9774931073 0.1952747852 0.0798434019
-3.6 192.7 2751.8 -0.4927941263 0.1873391569 -0.8497399688 0.7064224482 0.6563162804 -0.2649835050 0.5080564022 -0.7308576703 -0.4557693899
123.5 10.6 2620.8 -0.6330147982 0.1873391569 0.7511300445 -0.4882740378 0.6563162804 -0.5751846433 -0.6007334590 -0.7308576703 -0.3239850700
15.4 138.6 3017.6 0.0758149102 0.7287614942 -0.6805576682 -0.9937716722 0.1111267507 0.0082905386 0.0816699937 0.6756904125 0.7326475978
34.9 -117.2 3038.6 0.1594256759 0.7315975428 -0.6628336906 -0.9865885377 0.0942532420 -0.1332643628 -0.0350216590 0.6751898527 0.7368121743
-21.7 -185.5 2725.3 -0.9687817693 0.1713052839 0.1792103648 0.1580318660 0.9836820960 -0.0859969184 -0.1910177469 -0.0549913011 -0.9800449610
-88.5 -569.6 2746.7 -0.9728724957 0.0805606395 0.2168618143 0.1182427332 0.9788719416 0.1668184549 -0.1988409460 0.1879354268 -0.9618433118
-6.9 -225.2 2898.4 -0.9069460034 0.0408814326 0.4192584753 0.0750874430 0.9950296283 0.0654060021 -0.4145007133 0.0908007547 -0.9055078030
-22.8 -612.4 2863.0 -0.9058307409 0.0996943116 0.4117422402 0.0868556052 0.9949739575 -0.0498291515 -0.4146404862 -0.0093746586 -0.9099370241
298.1 145.3 2786.5 0 0 0 0 0 0 0 0 0
76.5 -374.4 3029.5 0 0 0 0 0 0 0 0 0
-120.7 -960.0 2671.8 0 0 0 0 0 0 0 0 0
-60.0 -983.5 2866.5 0 0 0 0 0 0 0 0 0
16.6 346.3 2927.3 13 0.0704440698 0.0548338331 -0.9960074425 -0.2202736437 0.9746944904 0.0380813032 0.9728911519 0.2167115957 0.0807399005
5.9 154.5 2884.7 0.0704440698 0.0548338331 -0.9960074425 -0.2202736437 0.9746944904 0.0380813032 0.9728911519 0.2167115957 0.0807399005
-6.4 -35.4 2846.6 0.0716335252 0.0630302280 -0.9954375029 -0.2005622536 0.9785274863 0.0475266650 0.9770585299 0.1962426901 0.0827368572
-3.9 181.9 2751.5 -0.4934173822 0.1652805358 -0.8539447784 0.6947551370 0.6655803919 -0.2726133764 0.5233111978 -0.7277946472 -0.4432384372
118.3 9.7 2621.8 -0.6614388227 0.1652805358 0.7315607071 -0.4725723267 0.6655803919 -0.5776488185 -0.5823865533 -0.7277946472 -0.3621337116
15.6 127.2 3017.8 0.0736143067 0.7309504151 -0.6784485579 -0.9940000772 0.1089621708 0.0095413486 0.0808994770 0.6736755371 0.7345859408
34.6 -128.8 3038.7 0.1570753455 0.7337499857 -0.6610130668 -0.9869214892 0.0920627639 -0.1323271543 -0.0362403579 0.6731533408 0.7386143804
-23.8 -195.1 2721.3 -0.9702755809 0.1662483960 0.1758602262 0.1528762132 0.9843970537 -0.0871281400 -0.1876012087 -0.0576534569 -0.9805518389
-88.5 -578.3 2743.8 -0.9734914303 0.0838215724 0.2128105462 0.1213469952 0.9779620767 0.1698973328 -0.1938795745 0.1912175119 -0.9622092247
-10.8 -231.4 2895.8 -0.9086220264 0.0173986144 0.4172568917 0.0548495911 0.9954486489 0.0779330954 -0.4140018821 0.0936980993 -0.9054408669
-17.6 -618.2 2859.4 -0.9036114216 0.1236784533 0.4101097882 0.1040392369 0.9921095371 -0.0699606091 -0.4155264497 -0.0205496941 -0.9093489051
299.5 139.2 2781.4 0 0 0 0 0 0 0 0 0
75.6 -386.1 3029.2 0 0 0 0 0 0 0 0 0
-120.8 -955.4 2670.1 0 0 0 0 0 0 0 0 0
-63.7 -988.2 2867.1 0 0 0 0 0 0 0 0 0
9.5 337.4 2928.6 14 0.0647742972 0.0333074294 -0.9973438978 -0.2289847881 0.9732702971 0.0176316332 0.9712724686 0.2272345126 0.0706697926
2.9 146.9 2884.1 0.0647742972 0.0333074294 -0.9973438978 -0.2289847881 0.9732702971 0.0176316332 0.9712724686 0.2272345126 0.0706697926
-7.0 -42.7 2843.7 0.0655400455 0.0509175770 -0.9965500236 -0.2112555951 0.9767671824 0.0360131599 0.9752310514 0.2081664652 0.0747739896
-6.0 175.7 2751.1 -0.5006939173 0.1528715789 -0.8520187140 0.6784894466 0.6805416346 -0.2766137421 0.5375478268 -0.7165845037 -0.4444648325
116.9 9.2 2619.1 -0.6686583161 0.1528715789 0.7276856303 -0.4626971781 0.6805416346 -0.5681324005 -0.5820716619 -0.7165845037 -0.3843165636
11.9 118.0 3017.2 0.0838339180 0.7240065336 -0.6846798062 -0.9939978719 0.1092230529 -0.0062109823 0.0702860281 0.6810909510 0.7288175225
33.5 -138.0 3035.3 0.1682768613 0.7269985080 -0.6656996608 -0.9846589565 0.0923544243 -0.1480454206 -0.0461484939 0.6803997159 0.7313867211
-25.2 -206.7 2721.0 -0.9680125117 0.1715932339 0.1830506623 0.1581740677 0.9836887717 -0.0856585577 -0.1947633028 -0.0539646894 -0.9793646336
-91.9 -589.1 2741.9 -0.9722925425 0.0768623650 0.2207699567 0.1155662462 0.9789668322 0.1681319922 -0.2032034397 0.1889870316 -0.9607248902
-12.1 -242.9 2895.7 -0.9056411982 0.0163626894 0.4237289727 0.0497017503 0.9964636564 0.0677487925 -0.4211219847 0.0824161693 -0.9032518268
-18.5 -629.9 2863.7 -0.8990821838 0.1288780719 0.4183798730 0.1155971736 0.9916561246 -0.0570566952 -0.4222423136 -0.0029351290 -0.9064782262
300.2 136.0 2778.7 0 0 0 0 0 0 0 0 0
77.4 -394.8 3023.3 0 0 0 0 0 0 0 0 0
-120.8 -957.4 2670.8 0 0 0 0 0 0 0 0 0
-66.5 -999.9 2864.8 0 0 0 0 0 0 0 0 0
7.0 332.6 2939.8 15 0.0428228863 0.0350751616 -0.9984667897 -0.2482242137 0.9684205651 0.0233736690 0.9677556157 0.2468426973 0.0501770675
0.1 142.7 2891.4 0.0428228863 0.0350751616 -0.9984667897 -0.2482242137 0.9684205651 0.0233736690 0.9677556157 0.2468426973 0.0501770675
-10.0 -46.4 2848.9 0.0440200903 0.0518931486 -0.9976819754 -0.2214806825 0.9743064642 0.0409050509 0.9741706848 0.2191666514 0.0543823875
-5.9 172.9 2758.4 -0.4924826920 0.1308064908 -0.8604362011 0.6682622433 0.6902065277 -0.2775616646 0.5575718284 -0.7116913795 -0.4273278117
116.1 7.4 2620.3 -0.6741676331 0.1308064908 0.7269027829 -0.4644104540 0.6902065277 -0.5549215078 -0.5743004084 -0.7116913795 -0.4045670033
6.1 112.5 3024.4 0.0770958290 0.7102082968 -0.6997573972 -0.9951006770 0.0983815417 -0.0097844303 0.0618942268 0.6970833540 0.7143135667
26.0 -143.9 3040.3 0.1640288234 0.7131249905 -0.6815770268 -0.9850475788 0.0815071017 -0.1517824531 -0.0526864938 0.6962825060 0.7158315182
-22.8 -213.0 2716.0 -0.9621659517 0.1871877015 0.1979835331 0.1693513244 0.9800922871 -0.1036305577 -0.2134404927 -0.0661810189 -0.9747118950
-95.5 -593.7 2741.7 -0.9680153131 0.0681359693 0.2414619625 0.1106351763 0.9797169566 0.1670763195 -0.2251804769 0.1884466261 -0.9559192657
-10.9 -251.0 2890.5 -0.8962036967 0.0332081765 0.4423981607 0.0653486848 0.9961984754 0.0576037690 -0.4388034344 0.0805348530 -0.8949668407
-23.8 -637.8 2859.3 -0.8941240311 0.1048201248 0.4353790283 0.0871291682 0.9943603873 -0.0604638532 -0.4392614961 -0.0161279701 -0.8982144594
300.5 134.4 2777.4 0 0 0 0 0 0 0 0 0
68.7 -400.8 3026.6 0 0 0 0 0 0 0 0 0
-120.8 -957.3 2671.8 0 0 0 0 0 0 0 0 0
-62.9 -1008.8 2865.3 0 0 0 0 0 0 0 0 0
14.4 335.1 2947.9 16 0.0854448527 0.0724892244 -0.9937024117 -0.2707569599 0.9615065455 0.0468591787 0.9588481784 0.2650479674 0.1017827541
0.2 146.6 2895.9 0.0854448527 0.0724892244 -0.9937024117 -0.2707569599 0.9615065455 0.0468591787 0.9588481784 0.2650479674 0.1017827541
-12.6 -41.3 2849.2 0.0872091502 0.0657328814 -0.9940189719 -0.2461243570 0.9683086872 0.0424392521 0.9653068781 0.2409511954 0.1006238461
-11.7 180.3 2764.3 -0.4928008914 0.1396137476 -0.8588685989 0.6646495461 0.6974400878 -0.2679893672 0.5615944266 -0.7029120326 -0.4364933074
115.2 9.2 2619.8 -0.6745967865 0.1396137476 0.7248635292 -0.4526513815 0.6974400878 -0.5555934310 -0.5831173658 -0.7029120326 -0.4072945118
12.1 113.0 3027.6 0.0751625896 0.7414826751 -0.6667488813 -0.9966085553 0.0783183128 -0.0252509024 0.0334955379 0.6663855314 0.7448545694
31.5 -143.6 3036.2 0.1568625718 0.7442758083 -0.6491900086 -0.9839926958 0.0614895374 -0.1672645062 -0.0845725313 0.6650357246 0.7420073748
-24.0 -215.5 2719.1 -0.9709746838 0.1858054101 0.1506139040 0.1731779873 0.9804775715 -0.0931295231 -0.1649775207 -0.0643434003 -0.9841963053
-96.2 -596.3 2744.1 -0.9782348871 0.0684927180 0.1958705485 0.1044983938 0.9781258106 0.1798610538 -0.1792668700 0.1964145154 -0.9639941454
-16.0 -255.3 2893.5 -0.9157152772 0.0267083719 0.4009391367 0.0547349043 0.9967792630 0.0586104840 -0.3980824351 0.0756158829 -0.9142279029
-26.4 -642.3 2864.1 -0.9136376977 0.0915272236 0.3960921168 0.0807520747 0.9957699180 -0.0438330472 -0.3984285295 -0.0080622630 -0.9171639681
299.8 133.1 2779.3 0 0 0 0 0 0 0 0 0
72.4 -400.2 3014.2 0 0 0 0 0 0 0 0 0
-121.5 -957.8 2671.5 0 0 0 0 0 0 0 0 0
-60.6 -1013.8 2867.1 0 0 0 0 0 0 0 0 0
15.7 331.7 2940.4 17 0.1153791547 0.0832567737 -0.9898262024 -0.2521874011 0.9662866592 0.0518805571 0.9607753158 0.2436357737 0.1324856579
-0.5 143.5 2893.0 0.1153791547 0.0832567737 -0.9898262024 -0.2521874011 0.9662866592 0.0518805571 0.9607753158 0.2436357737 0.1324856579
-15.1 -44.8 2848.4 0.1165813804 0.0751731694 -0.9903321266 -0.2374918163 0.9703141451 0.0456962474 0.9643684030 0.2298684418 0.1309735626
-16.4 176.0 2761.4 -0.5169018507 0.1257870644 -0.8467527032 0.6494612098 0.7020199895 -0.2921781838 0.5576850772 -0.7009604573 -0.4445692301
113.9 12.2 2620.8 -0.6898644567 0.1257870644 0.7129268050 -0.4458697438 0.7020199895 -0.5553090572 -0.5703395605 -0.7009604573 -0.4282139838
15.4 111.1 3024.6 0.0745220035 0.7619187236 -0.6433710456 -0.9964023829 0.0830011740 -0.0171188209 0.0403574035 0.6423321962 0.7653630376
34.6 -145.6 3035.0 0.1525288224 0.7646432519 -0.6261434555 -0.9850309491 0.0661401972 -0.1591838896 -0.0803056434 0.6410508156 0.7632855773
-33.3 -207.0 2716.2 -0.9788125753 0.1653661579 0.1207473800 0.1540985703 0.9832425117 -0.0974051058 -0.1348314583 -0.0767343417 -0.9878928661
-97.5 -588.7 2746.0 -0.9847314358 0.0612213202 0.1629599780 0.0918399468 0.9779483080 0.1875699162 -0.1478831619 0.1996722370 -0.9686390162
-17.7 -251.1 2888.9 -0.9276659489 0.0251642447 0.3725621998 0.0473666973 0.9975971580 0.0505598597 -0.3703947067 0.0645496994 -0.9266288877
-27.4 -638.4 2863.8 -0.9252433181 0.0895388499 0.3686564863 0.0798010081 0.9959419370 -0.0416109376 -0.3708862364 -0.0090810843 -0.9286339283
303.7 134.8 2777.6 0 0 0 0 0 0 0 0 0
74.4 -402.5 3014.0 0 0 0 0 0 0 0 0 0
-120.5 -956.1 2671.0 0 0 0 0 0 0 0 0 0
-60.8 -1010.1 2867.2 0 0 0 0 0 0 0 0 0
17.7 337.2 2936.2 18 0.1192935929 0.0840418935 -0.9892957211 -0.2392117083 0.9694916010 0.0535143167 0.9636113048 0.2302671969 0.1357579380
1.3 147.8 2891.2 0.1192935929 0.0840418935 -0.9892957211 -0.2392117083 0.9694916010 0.0535143167 0.9636113048 0.2302671969 0.1357579380
-13.3 -41.1 2849.2 0.1204947829 0.0754481852 -0.9898427129 -0.2245795131 0.9733288288 0.0468511172 0.9669772983 0.2166530788 0.1342251599
-15.1 178.5 2759.2 -0.5097729564 0.1308704317 -0.8502966762 0.6609954238 0.6921939254 -0.2897457778 0.5506510139 -0.7097468376 -0.4393664896
112.6 12.9 2621.3 -0.6976101995 0.1308704317 0.7044238448 -0.4443785548 0.6921939254 -0.5686785579 -0.5620210767 -0.7097468376 -0.4247255325
17.8 117.1 3023.2 0.0754491985 0.7643576264 -0.6403630972 -0.9957233667 0.0920878649 -0.0073996726 0.0533136725 0.6381828189 0.7680367231
37.2 -139.4 3037.0 0.1530147493 0.7670922875 -0.6230216026 -0.9858914018 0.0752047673 -0.1495404541 -0.0678571314 0.6371135712 0.7677771449
-40.1 -211.8 2717.6 -0.9827153087 0.1411073059 0.1198306233 0.1305382550 0.9871726036 -0.0919241533 -0.1312646717 -0.0746927857 -0.9885295033
-94.9 -594.9 2746.6 -0.9853003621 0.0720638931 0.1548871249 0.1014915332 0.9762482047 0.1914129108 -0.1374143213 0.2043189406 -0.9692115784
-19.3 -254.3 2890.1 -0.9291808009 0.0251262691 0.3687704802 0.0400204845 0.9986605644 0.0327945240 -0.3674525023 0.0452304147 -0.9289417863
-29.0 -642.0 2872.6 -0.9260436893 0.0837891474 0.3679979742 0.0928594992 0.9956547618 0.0069752634 -0.3658144772 0.0406315066 -0.9298004508
305.7 135.9 2776.9 0 0 0 0 0 0 0 0 0
77.1 -396.6 3019.3 0 0 0 0 0 0 0 0 0
-121.7 -957.9 2670.6 0 0 0 0 0 0 0 0 0
-60.2 -1013.2 2857.4 0 0 0 0 0 0 0 0 0
12.7 343.9 2945.6 19 0.1632410288 0.0352059938 -0.9859578609 -0.2558218241 0.9666921496 -0.0078373123 0.9528418183 0.2535089254 0.1668102890
5.8 155.7 2896.2 0.1632410288 0.0352059938 -0.9859578609 -0.2558218241 0.9666921496 -0.0078373123 0.9528418183 0.2535089254 0.1668102890
-4.7 -32.5 2850.4 0.1639035046 0.0538981855 -0.9850028753 -0.2414202839 0.9703345895 0.0129234595 0.9564788938 0.2356814593 0.1720533669
-16.6 188.6 2765.7 -0.5175723433 0.1219555736 -0.8469036222 0.6630244851 0.6828091145 -0.3068717122 0.5408487916 -0.7203461528 -0.4342626631
119.2 14.6 2623.8 -0.7048042417 0.1219555736 0.6988403201 -0.4514304101 0.6828091145 -0.5744408369 -0.5472308397 -0.7203461528 -0.4261923134
28.2 122.9 3026.7 0.1073481739 0.7849359512 -0.6102064252 -0.9938452244 0.1016027480 -0.0441421345 0.0273499023 0.6111893058 0.7910117507
55.8 -133.0 3033.8 0.1798622459 0.7881417274 -0.5886273980 -0.9789611697 0.0847998634 -0.1855908334 -0.0963563547 0.6096241474 0.7868124247
-38.8 -209.9 2720.6 -0.9861896634 0.1423205882 0.0847044885 0.1366879195 0.9882099628 -0.0689740852 -0.0935222507 -0.0564434454 -0.9940159321
-94.0 -593.4 2742.5 -0.9903243184 0.0741612539 0.1172940731 0.0944070444 0.9795351624 0.1777586043 -0.1017108709 0.1871120483 -0.9770588279
-17.2 -250.1 2893.7 -0.9430016279 0.0253808647 0.3318188488 0.0412443839 0.9983136058 0.0408519842 -0.3302223980 0.0522091500 -0.9424581528
-27.0 -637.7 2873.5 -0.9388224483 0.0945692584 0.3311632872 0.1066186056 0.9941303730 0.0183648448 -0.3274827302 0.0525494926 -0.9433947206
316.4 140.9 2776.9 0 0 0 0 0 0 0 0 0
102.7 -388.2 3008.7 0 0 0 0 0 0 0 0 0
-121.7 -959.6 2672.6 0 0 0 0 0 0 0 0 0
-62.3 -1008.5 2853.9 0 0 0 0 0 0 0 0 0
17.1 338.5 2949.8 20 0.1636039913 0.0563266054 -0.9849167466 -0.2694822550 0.9629501700 0.0103068026 0.9490063190 0.2637313604 0.1727215201
6.1 149.6 2898.0 0.1636039913 0.0563266054 -0.9849167466 -0.2694822550 0.9629501700 0.0103068026 0.9490063190 0.2637313604 0.1727215201
-5.6 -38.3 2850.9 0.1648095250 0.0600078180 -0.9844982624 -0.2494701892 0.9682287574 0.0172536969 0.9542549253 0.2427594066 0.1745434850
-16.4 183.6 2767.8 -0.5492797494 0.1085057184 -0.8285639882 0.6368165612 0.6963638663 -0.3309714198 0.5410696864 -0.7094391584 -0.4515968263
128.7 15.4 2624.8 -0.6953592896 0.1085057184 0.7104238272 -0.4568400681 0.6963638663 -0.5535110831 -0.5547725558 -0.7094391584 -0.4346533120
28.6 115.6 3028.3 0.1019582152 0.7869287729 -0.6085619330 -0.9945881367 0.0929201096 -0.0464783050 0.0199725255 0.6100073457 0.7921440005
54.9 -140.6 3033.5 0.1743069440 0.7900370359 -0.5877572298 -0.9792007208 0.0761240125 -0.1880720258 -0.1038414314 0.6083145738 0.7868737578
-30.0 -199.2 2719.1 -0.9839572906 0.1598402113 0.0792413130 0.1536156088 0.9849448204 -0.0792841241 -0.0907211080 -0.0658394843 -0.9936975837
-92.0 -581.4 2744.6 -0.9898540974 0.0804833174 0.1170954555 0.1000740081 0.9799245596 0.1724327207 -0.1008667573 0.1824014336 -0.9780365825
-0.6 -242.3 2890.2 -0.9419153929 0.0685491189 0.3287802339 0.0815120414 0.9963386059 0.0257902201 -0.3258085549 0.0510917529 -0.9440542459
-27.2 -628.7 2870.4 -0.9406433105 0.0906421021 0.3270689845 0.0966905579 0.9953119755 0.0022446616 -0.3253322244 0.0337359086 -0.9449977875
324.9 144.3 2781.4 0 0 0 0 0 0 0 0 0
100.3 -395.9 3006.4 0 0 0 0 0 0 0 0 0
-122.8 -956.5 2674.8 0 0 0 0 0 0 0 0 0
-61.0 -1000.1 2857.8 0 0 0 0 0 0 0 0 0
10.5 333.0 2939.9 21 0.0897323489 0.0291831493 -0.9955382943 -0.2409154773 0.9705227017 0.0067350487 0.9663890600 0.2392362207 0.0941179544
4.7 143.0 2893.0 0.0897323489 0.0291831493 -0.9955382943 -0.2409154773 0.9705227017 0.0067350487 0.9663890600 0.2392362207 0.0941179544
-5.2 -45.6 2848.5 0.0900358781 0.0506944656 -0.9946475029 -0.2335342765 0.9719338417 0.0283972006 0.9681711197 0.2297275066 0.0993478075
-7.5 174.9 2761.2 -0.5588524938 0.1091541350 -0.8220518827 0.6301743984 0.7002638578 -0.3354263008 0.5390400290 -0.7054898739 -0.4601303041
134.3 14.9 2624.4 -0.6830899119 0.1091541350 0.7221312523 -0.4627567232 0.7002638578 -0.5435869694 -0.5650171638 -0.7054898739 -0.4278313220
17.0 111.2 3024.9 0.0899544880 0.7396183610 -0.6669878960 -0.9949455857 0.0967431366 -0.0269072670 0.0446253903 0.6660370827 0.7445825338
40.2 -145.0 3036.4 0.1714083552 0.7426586747 -0.6473618150 -0.9824680686 0.0799514502 -0.1684167981 -0.0733186752 0.6648803353 0.7433427572
-32.1 -203.9 2718.3 -0.9761347771 0.1514770091 0.1556138396 0.1398710907 0.9866793752 -0.0830658674 -0.1661235392 -0.0593176037 -0.9843192697
-90.9 -586.8 2741.3 -0.9786120057 0.0832756385 0.1881054938 0.1145965308 0.9800639749 0.1623030603 -0.1708395332 0.1803879589 -0.9686454535
-2.5 -248.5 2889.2 -0.9139943123 0.0529772639 0.4022534490 0.0811635256 0.9952725172 0.0533399694 -0.3975259960 0.0814007372 -0.9139732122
-23.1 -634.5 2857.6 -0.9126201272 0.1134265363 0.3927580714 0.0938558280 0.9932093024 -0.0687486082 -0.3978888988 -0.0258787330 -0.9170685410
327.2 145.7 2784.0 0 0 0 0 0 0 0 0 0
84.9 -401.1 3017.2 0 0 0 0 0 0 0 0 0
-122.1 -954.5 2673.7 0 0 0 0 0 0 0 0 0
-65.3 -1004.4 2867.3 0 0 0 0 0 0 0 0 0
8.0 332.9 2946.4 22 0.1481550038 0.0205151923 -0.9887513518 -0.2624678612 0.9647474885 -0.0193111710 0.9534991980 0.2623764873 0.1483167410
3.9 143.8 2895.0 0.1481550038 0.0205151923 -0.9887513518 -0.2624678612 0.9647474885 -0.0193111710 0.9534991980 0.2623764873 0.1483167410
-3.7 -44.1 2847.3 0.1485792100 0.0386761948 -0.9881439209 -0.2486119866 0.9686030149 0.0005295830 0.9571396708 0.2455857396 0.1535296440
-16.3 177.6 2764.7 -0.5962040424 0.1242502630 -0.7931599021 0.6099251509 0.7125201821 -0.3468519449 0.5220459700 -0.6905627251 -0.5005908012
142.7 15.0 2625.5 -0.6456104517 0.1242502630 0.7534912229 -0.4704391956 0.7125201821 -0.5205785036 -0.6015596986 -0.6905627251 -0.4015583098
24.2 110.0 3025.3 0.1171744466 0.7722319961 -0.6244421005 -0.9929140210 0.1036296338 -0.0581607744 0.0197970960 0.6268322468 0.7789027095
54.4 -145.6 3030.4 0.1916994452 0.7756323218 -0.6013699770 -0.9761244059 0.0869084150 -0.1990680248 -0.1021394804 0.6251731515 0.7737739086
-23.2 -213.3 2717.5 -0.9778834581 0.1838044077 0.0997992083 0.1755294204 0.9806888103 -0.0862492248 -0.1137249470 -0.0668239892 -0.9912624359
-94.5 -593.8 2743.4 -0.9865314960 0.0716410279 0.1470482349 0.0992966965 0.9766842723 0.1903365105 -0.1299837977 0.2023743689 -0.9706435204
-7.1 -255.1 2890.4 -0.9355241656 0.0588868186 0.3483200073 0.0764535367 0.9963904619 0.0368909948 -0.3448903263 0.0611427166 -0.9366494417
-30.0 -641.6 2866.7 -0.9350350499 0.0835858732 0.3445618153 0.0824906230 0.9964317083 -0.0178661272 -0.3448256552 0.0117176650 -0.9385936260
325.0 147.8 2795.3 0 0 0 0 0 0 0 0 0
104.3 -400.0 3003.8 0 0 0 0 0 0 0 0 0
-121.0 -954.8 2668.7 0 0 0 0 0 0 0 0 0
-61.1 -1012.7 2862.3 0 0 0 0 0 0 0 0 0
14.3 330.4 2949.7 23 0.0947865918 0.0616523623 -0.9935866594 -0.2729672194 0.9614357948 0.0336167514 0.9573423862 0.2680301964 0.1079602987
2.2 142.3 2897.3 0.0947865918 0.0616523623 -0.9935866594 -0.2729672194 0.9614357948 0.0336167514 0.9573423862 0.2680301964 0.1079602987
-8.7 -45.3 2848.9 0.0959984660 0.0561871231 -0.9937943816 -0.2531353831 0.9669588208 0.0302175432 0.9626560807 0.2486636937 0.1070495173
-10.8 176.7 2766.2 -0.5295671225 0.1116394624 -0.8408895731 0.6441843510 0.6978792548 -0.3130351305 0.5518923402 -0.7074610591 -0.4414903224
128.0 7.8 2621.4 -0.6668362021 0.1116394624 0.7367945313 -0.4752224982 0.6978792548 -0.5358433127 -0.5740149021 -0.7074610591 -0.4123175740
15.3 107.9 3028.4 0.0866830796 0.7447326779 -0.6617093682 -0.9959583282 0.0804615468 -0.0399123654 0.0235181209 0.6624946594 0.7486973405
37.6 -148.4 3034.5 0.1673330963 0.7477133870 -0.6425918937 -0.9813305736 0.0636357218 -0.1814959198 -0.0948151276 0.6609653831 0.7444023490
-24.7 -209.9 2714.2 -0.9729177356 0.1846374273 0.1390686780 0.1699861437 0.9791939855 -0.1108324975 -0.1566390395 -0.0841911510 -0.9840610027
-96.3 -589.9 2746.8 -0.9797440767 0.0676713288 0.1884732097 0.1041678041 0.9760371447 0.1910513192 -0.1710281521 0.2068142444 -0.9633157253
1.9 -254.2 2885.1 -0.9162820578 0.0765156224 0.3931571841 0.0962973088 0.9948757291 0.0308068972 -0.3887853324 0.0660877824 -0.9189550281
-27.8 -640.3 2859.4 -0.9184945226 0.0945793539 0.3839564323 0.0752111375 0.9950346947 -0.0651863515 -0.3882152438 -0.0309955049 -0.9210473299
313.5 140.0 2781.1 0 0 0 0 0 0 0 0 0
81.3 -404.3 3009.7 0 0 0 0 0 0 0 0 0
-121.6 -955.1 2669.4 0 0 0 0 0 0 0 0 0
-63.0 -1010.9 2871.0 0 0 0 0 0 0 0 0 0
8.2 333.1 2951.3 24 0.0848392472 0.0384250581 -0.9956534505 -0.2732453942 0.9618448615 0.0138371550 0.9581958652 0.2708837688 0.0921016634
0.7 144.8 2898.3 0.0848392472 0.0384250581 -0.9956534505 -0.2732453942 0.9618448615 0.0138371550 0.9581958652 0.2708837688 0.0921016634
-9.3 -42.4 2848.2 0.0853761211 0.0512671657 -0.9950289130 -0.2617131770 0.9647608995 0.0272519700 0.9613621235 0.2580855191 0.0957848355
-11.0 180.5 2767.2 -0.5224511027 0.1056629345 -0.8460970521 0.6466105580 0.6959347725 -0.3123612106 0.5558233857 -0.7102887630 -0.4319146574
126.5 10.3 2620.9 -0.6434296370 0.1056629345 0.7581778765 -0.4967570305 0.6959347725 -0.5185626149 -0.5824351907 -0.7102887630 -0.3952962458
12.3 109.1 3029.4 0.0888670683 0.7367780805 -0.6702691317 -0.9959136844 0.0765904412 -0.0478520729 0.0160798542 0.6717826724 0.7405737042
35.2 -147.3 3033.6 0.1709564924 0.7398186326 -0.6507244110 -0.9800585508 0.0597918630 -0.1894999295 -0.1012875587 0.6701442599 0.7352873683
-28.3 -210.3 2714.6 -0.9729954004 0.1756133288 0.1497993916 0.1607163101 0.9812453389 -0.1064325273 -0.1656809151 -0.0794831589 -0.9829711318
-96.4 -591.2 2745.4 -0.9785766006 0.0659593716 0.1950312853 0.1033947617 0.9766159058 0.1884965450 -0.1780375391 0.2046235204 -0.9625133276
-11.1 -255.5 2886.5 -0.9143704772 0.0387342572 0.4030213952 0.0545382909 0.9981244206 0.0278064553 -0.4011884332 0.0474055000 -0.9147680402
-26.1 -642.5 2868.2 -0.9106208086 0.1007608026 0.4007704556 0.1017489433 0.9946309924 -0.0188764203 -0.4005207419 0.0235887114 -0.9159840345
304.7 147.8 2782.1 0 0 0 0 0 0 0 0 0
79.8 -402.9 3007.2 0 0 0 0 0 0 0 0 0
-121.2 -957.6 2668.6 0 0 0 0 0 0 0 0 0
-63.6 -1012.9 2859.4 0 0 0 0 0 0 0 0 0
7.2 334.6 2953.2 25 0.0645870045 0.0392225757 -0.9971409440 -0.2857958376 0.9580986500 0.0191752240 0.9561115503 0.2837402523 0.0730903670
-0.5 147.3 2897.7 0.0645870045 0.0392225757 -0.9971409440 -0.2857958376 0.9580986500 0.0191752240 0.9561115503 0.2837402523 0.0730903670
-10.4 -39.3 2845.2 0.0651688501 0.0511088967 -0.9965645671 -0.2734320462 0.9613779187 0.0314236693 0.9596811533 0.2704448402 0.0766266957
-9.4 184.6 2766.7 -0.5226489902 0.1062074155 -0.8459066153 0.6525242329 0.6883974671 -0.3167349994 0.5486803651 -0.7175158262 -0.4290931523
128.5 12.5 2621.9 -0.6261060238 0.1062074155 0.7724708915 -0.5142847896 0.6883974671 -0.5114881396 -0.5860908031 -0.7175158262 -0.3763889074
8.4 110.0 3028.7 0.0836895257 0.7238121033 -0.6849029660 -0.9964721799 0.0651097298 -0.0529521368 0.0062664459 0.6869182587 0.7267076373
30.0 -146.7 3030.3 0.1681896597 0.7268021703 -0.6659360528 -0.9796741009 0.0483225212 -0.1946885586 -0.1093203500 0.6851449013 0.7201566100
-26.9 -206.3 2712.0 -0.9698067904 0.1800545156 0.1644845903 0.1619840562 0.9797778130 -0.1174589470 -0.1823073626 -0.0872685984 -0.9793611169
-96.8 -586.6 2745.9 -0.9752250314 0.0644938275 0.2116049230 0.1052280515 0.9766507745 0.1872975528 -0.1945845634 0.2049240321 -0.9592408538
-11.6 -253.0 2884.0 -0.9061967134 0.0497329608 0.4199216068 0.0606460832 0.9980789423 0.0126686990 -0.4184848368 0.0369469337 -0.9074719548
-30.9 -640.3 2869.7 -0.9049013257 0.0742717162 0.4190909863 0.0804362223 0.9967553616 -0.0029680594 -0.4179516137 0.0310242921 -0.9079393744
301.9 154.9 2784.3 0 0 0 0 0 0 0 0 0
73.8 -402.2 3001.8 0 0 0 0 0 0 0 0 0
-121.4 -959.6 2667.6 0 0 0 0 0 0 0 0 0
-58.6 -1011.7 2858.1 0 0 0 0 0 0 0 0 0
9.9 330.4 2941.6 26 0.0382748954 0.0650209337 -0.9971495867 -0.2702681720 0.9613627791 0.0523133352 0.9620239735 0.2674955130 0.0543691479
-2.8 142.9 2889.4 0.0382748954 0.0650209337 -0.9971495867 -0.2702681720 0.9613627791 0.0523133352 0.9620239735 0.2674955130 0.0543691479
-14.7 -44.6 2840.9 0.0394359082 0.0609922446 -0.9973589182 -0.2525073886 0.9663478136 0.0491115749 0.9667909741 0.2499037087 0.0535097942
-8.2 177.3 2757.4 -0.5434966087 0.0957326293 -0.8339344859 0.6462670565 0.6817167401 -0.3429303169 0.5356774330 -0.7253258228 -0.4323795438
129.4 13.7 2621.8 -0.6188097000 0.0957326293 0.7796857357 -0.5299984217 0.6817167401 -0.5043451190 -0.5798071027 -0.7253258228 -0.3711147606
2.6 108.5 3021.3 0.0668314248 0.7094531655 -0.7015765905 -0.9972982407 0.0689869076 -0.0252401270 0.0304929111 0.7013679147 0.7121468782
19.8 -148.3 3029.2 0.1541552842 0.7122002840 -0.6848407984 -0.9845089912 0.0521186888 -0.1674087048 -0.0835355222 0.7000388503 0.7092019320
-26.1 -201.4 2706.8 -0.9666500688 0.1755566746 0.1864605844 0.1528302878 0.9796562195 -0.1300638169 -0.2055008411 -0.0972293764 -0.9738150835
-94.3 -581.7 2744.5 -0.9706153870 0.0696790665 0.2303270400 0.1101858467 0.9796137214 0.1679764390 -0.2139270753 0.1884192973 -0.9585058093
-14.5 -250.3 2878.5 -0.8965571523 0.0343716890 0.4415924251 0.0466227420 0.9987692833 0.0169173293 -0.4404675066 0.0357556008 -0.8970562816
-27.8 -637.9 2864.7 -0.8940452933 0.0872759447 0.4393927455 0.0816274583 0.9961562753 -0.0317752883 -0.4404770434 0.0074579692 -0.8977329135
301.2 160.8 2782.8 0 0 0 0 0 0 0 0 0
60.0 -405.1 3007.4 0 0 0 0 0 0 0 0 0
-121.2 -960.1 2671.7 0 0 0 0 0 0 0 0 0
-60.4 -1009.3 2861.9 0 0 0 0 0 0 0 0 0
13.9 335.1 2947.8 27 -0.0095093334 0.0886304155 -0.9960191846 -0.2773717344 0.9567439556 0.0877836868 0.9607155919 0.2771023214 0.0154855745
-3.5 148.0 2893.6 -0.0095093334 0.0886304155 -0.9960191846 -0.2773717344 0.9567439556 0.0877836868 0.9607155919 0.2771023214 0.0154855745
-16.2 -39.7 2845.8 -0.0069851303 0.0655463412 -0.9978250861 -0.2458742410 0.9671030641 0.0652494431 0.9692765474 0.2457952499 0.0093608154
-2.5 181.5 2761.4 -0.5354647040 0.0966963097 -0.8390038013 0.6493418217 0.6823553443 -0.3357772529 0.5400303006 -0.7245970964 -0.4281661808
135.3 14.4 2622.4 -0.5829081535 0.0966963097 0.8067638278 -0.5512722135 0.6823553443 -0.4800938368 -0.5969229341 -0.7245970964 -0.3444445133
-4.4 114.5 3025.8 0.0492820442 0.6791055799 -0.7323843837 -0.9979855418 0.0628124401 -0.0089112921 0.0399511419 0.7313482165 0.6808331013
8.3 -142.5 3036.1 0.1416445374 0.6816333532 -0.7178529501 -0.9874285460 0.0458956584 -0.1512563974 -0.0701550618 0.7302531004 0.6795650721
-30.1 -209.5 2705.8 -0.9599759579 0.1654491127 0.2259927839 0.1349159330 0.9802570343 -0.1445470899 -0.2454462051 -0.1082717106 -0.9633448720
-94.3 -590.0 2747.8 -0.9611114264 0.0721913949 0.2665581405 0.1208905578 0.9778145552 0.1710677296 -0.2482948154 0.1966395080 -0.9485160112
-23.0 -254.7 2878.9 -0.8763278127 0.0153067000 0.4814719856 0.0333757028 0.9990224242 0.0289867688 -0.4805576503 0.0414713770 -0.8759819865
-29.0 -642.4 2862.8 -0.8735359311 0.0857063979 0.4791548252 0.0745367706 0.9963196516 -0.0423253998 -0.4810189009 -0.0012581068 -0.8767093420
297.6 167.9 2788.6 0 0 0 0 0 0 0 0 0
45.2 -400.0 3017.8 0 0 0 0 0 0 0 0 0
-121.6 -960.0 2673.4 0 0 0 0 0 0 0 0 0
-60.9 -1014.1 2863.2 0 0 0 0 0 0 0 0 0
18.4 337.5 2950.9 28 0.0127417147 0.0991699472 -0.9949889183 -0.2919112742 0.9520915747 0.0911562070 0.9563605189 0.2892870009 0.0410801060
-1.0 151.2 2894.2 0.0127417147 0.0991699472 -0.9949889183 -0.2919112742 0.9520915747 0.0911562070 0.9563605189 0.2892870009 0.0410801060
-15.2 -36.1 2845.2 0.0160877239 0.0726934448 -0.9972245693 -0.2545917332 0.9647786617 0.0662210733 0.9669148326 0.2528197765 0.0340282433
-3.2 185.9 2762.3 -0.5482975245 0.1121159345 -0.8287338614 0.6447692513 0.6877672672 -0.3335398138 0.5325809121 -0.7172212005 -0.4493899941
139.2 18.4 2623.9 -0.5570036173 0.1121159345 0.8229076266 -0.5542230010 0.6877672672 -0.4688422680 -0.6185336113 -0.7172212005 -0.3209516108
1.2 116.4 3026.2 0.0490157381 0.6966208816 -0.7157630920 -0.9983457923 0.0557324477 -0.0141251637 0.0300513431 0.7152714133 0.6982003450
13.8 -140.7 3033.9 0.1387443244 0.6991019845 -0.7014316916 -0.9869114161 0.0388204083 -0.1565212011 -0.0821944177 0.7139673829 0.6953378320
-28.4 -205.4 2711.4 -0.9652746320 0.1672499925 0.2006795704 0.1391489506 0.9793192744 -0.1468718499 -0.2210936844 -0.1138473153 -0.9685847163
-93.3 -585.5 2755.6 -0.9666871428 0.0721568465 0.2455796599 0.1221176386 0.9732227325 0.1947427839 -0.2249516845 0.2182449549 -0.9496135712
-29.6 -249.3 2884.8 -0.8877222538 -0.0023346725 0.4603735209 0.0256945398 0.9981772304 0.0546078980 -0.4596618712 0.0603057295 -0.8860441446
-28.7 -636.6 2861.4 -0.8846604228 0.0864293948 0.4581548870 0.0720919818 0.9962069988 -0.0487272926 -0.4606285989 -0.0100778155 -0.8875357509
296.2 174.6 2798.2 0 0 0 0 0 0 0 0 0
50.0 -398.1 3012.5 0 0 0 0 0 0 0 0 0
-121.1 -960.3 2671.5 0 0 0 0 0 0 0 0 0
-61.0 -1008.4 2865.1 0 0 0 0 0 0 0 0 0
19.9 335.2 2941.4 29 0.0312869214 0.1021808684 -0.9942737222 -0.2735216916 0.9576637149 0.0898115411 0.9613568783 0.2691455185 0.0579110347
-0.0 148.5 2888.9 0.0312869214 0.1021808684 -0.9942737222 -0.2735216916 0.9576637149 0.0898115411 0.9613568783 0.2691455185 0.0579110347
-15.6 -39.0 2841.1 0.0335287303 0.0803981647 -0.9961987734 -0.2499046922 0.9657706618 0.0695315078 0.9676897526 0.2466234416 0.0524729453
-4.6 182.6 2756.8 -0.5751836896 0.1144933850 -0.8099722266 0.6336795092 0.6885324717 -0.3526660800 0.5173141956 -0.7161105275 -0.4685847461
141.9 21.2 2625.1 -0.5612733960 0.1144933850 0.8196727633 -0.5499387980 0.6885324717 -0.4727476835 -0.6184977889 -0.7161105275 -0.3234905899
4.6 114.4 3021.1 0.0467045717 0.7101337910 -0.7025159597 -0.9983223677 0.0572775118 -0.0084717246 0.0342223085 0.7017330527 0.7116175294
16.6 -142.8 3029.9 0.1343544573 0.7125422955 -0.6886453032 -0.9877167940 0.0403471440 -0.1509559453 -0.0797776282 0.7004681230 0.7092108130
-30.8 -200.5 2709.6 -0.9689735174 0.1644169539 0.1845465153 0.1403199136 0.9805988669 -0.1368803829 -0.2034715563 -0.1067379117 -0.9732452631
