-282.1 417.3 2755.8 4 -0.4524971247 0.1160747632 -0.8841792941 -0.1058170870 0.9774987698 0.1824798137 0.8854654431 0.1761328578 -0.4300327003
-305.5 220.6 2720.4 -0.4524971247 0.1160747632 -0.8841792941 -0.1058170870 0.9774987698 0.1824798137 0.8854654431 0.1761328578 -0.4300327003
-326.5 25.1 2691.5 -0.4498901963 0.1056514010 -0.8868126273 -0.0827575773 0.9837737083 0.1591868401 0.8892412782 0.1450070590 -0.4338466823
-239.8 232.6 2590.6 -0.2562856674 0.4668209851 -0.8464016914 0.9338287711 0.3456564844 -0.0921161324 0.2495624870 -0.8140023351 -0.5245176554
-179.8 14.0 2532.2 -0.5146530271 0.4668209851 0.7191734314 -0.6423457861 0.3456564844 -0.6840420365 -0.5679121614 -0.8140023351 0.1219673231
-371.1 208.5 2850.1 -0.4806285203 0.4981066287 -0.7217243314 -0.8330311775 -0.0022185459 0.5532215834 0.2739621699 0.8671129346 0.4160046577
-502.9 -19.8 2925.2 0.2041773498 0.4981066287 -0.8427344561 -0.9715790153 -0.0022185459 -0.2367050499 -0.1197739989 0.8671129346 0.4834969640
-309.0 -163.0 2579.6 -0.6466128826 0.0177637823 -0.7626114488 -0.1348000467 0.9813345671 0.1371545792 0.7508133650 0.1914859712 -0.6321490407
-316.1 -553.0 2503.5 -0.6374769211 -0.1470325142 -0.7563098669 -0.2077794373 0.9780605435 -0.0150098465 0.7419237494 0.1475771964 -0.6540413499
-384.1 -179.7 2746.0 0.3860572577 0.0751096532 0.9194119573 0.1043228805 0.9867309332 -0.1244139001 -0.9165568948 0.1439466029 0.3730989993
-414.0 -571.8 2688.8 0.3715991676 0.1361462623 0.9183562994 -0.0236183628 0.9902550578 -0.1372484267 -0.9280927777 0.0293113273 0.3711934984
-48.9 177.3 2676.6 0 0 0 0 0 0 0 0 0
-445.4 -293.1 2891.5 0 0 0 0 0 0 0 0 0
-267.0 -879.3 2454.3 0 0 0 0 0 0 0 0 0
-451.3 -843.3 2680.7 0 0 0 0 0 0 0 0 0
-281.2 417.9 2755.3 5 -0.3748165965 0.1198896915 -0.9193143845 -0.1101763025 0.9788160324 0.1725697517 0.9205290079 0.1659686714 -0.3536674976
-305.2 221.5 2722.0 -0.3748165965 0.1198896915 -0.9193143845 -0.1101763025 0.9788160324 0.1725697517 0.9205290079 0.1659686714 -0.3536674976
-326.3 25.9 2694.3 -0.3725256920 0.1063052639 -0.9219131470 -0.0902912468 0.9845525026 0.1500129700 0.9236190319 0.1391243786 -0.3571726680
-251.0 234.7 2587.6 -0.2713454366 0.4411268532 -0.8554406762 0.9349857569 0.3317360580 -0.1255100965 0.2284146398 -0.8338814378 -0.5024623871
-186.0 10.5 2532.9 -0.5481016040 0.4411268532 0.7106276751 -0.6361644268 0.3317360580 -0.6965960264 -0.5430280566 -0.8338814378 0.0988041461
-359.4 208.4 2856.3 -0.4455374181 0.5693587065 -0.6908886433 -0.8400321603 0.0009941085 0.5425357223 0.3095842302 0.8220885992 0.4778366983
-481.4 -21.6 2941.1 0.2037955821 0.5693587065 -0.7964283228 -0.9689556956 0.0009941085 -0.2472324073 -0.1399721801 0.8220885992 0.5518859625
-306.3 -162.8 2581.3 -0.5796713829 0.0242736265 -0.8144887090 -0.1475575566 0.9799039364 0.1342200637 0.8013787270 0.1979874969 -0.5644405484
-315.9 -552.2 2502.6 -0.5720704198 -0.1494703144 -0.8064700961 -0.2037490159 0.9783315063 -0.0367933325 0.7944946289 0.1432691216 -0.5901289582
-388.7 -178.0 2744.1 0.3079856038 0.0440039895 0.9503728151 0.1376340538 0.9863607883 -0.0902731121 -0.9413828850 0.1586064845 0.2977284789
-406.2 -569.7 2681.1 0.2841536701 0.1583146453 0.9456178546 -0.0405356884 0.9873751402 -0.1531248242 -0.9579214454 0.0051797084 0.2869836688
-48.4 170.1 2669.2 0 0 0 0 0 0 0 0 0
-424.1 -294.1 2901.8 0 0 0 0 0 0 0 0 0
-266.1 -878.1 2454.9 0 0 0 0 0 0 0 0 0
-450.5 -846.1 2679.7 0 0 0 0 0 0 0 0 0
-282.3 416.6 2755.0 6 -0.3449473679 0.1140738428 -0.9316643476 -0.1188334823 0.9792927504 0.1639034301 0.9310692549 0.1672509760 -0.3242486715
-305.2 219.8 2721.4 -0.3449473679 0.1140738428 -0.9316643476 -0.1188334823 0.9792927504 0.1639034301 0.9310692549 0.1672509760 -0.3242486715
-325.6 24.1 2693.4 -0.3426326811 0.1028898135 -0.9338182807 -0.0978808552 0.9846655130 0.1444062889 0.9343565702 0.1408812404 -0.3273076415
-255.3 234.0 2585.3 -0.2929327190 0.4588540196 -0.8388345838 0.9301719666 0.3398149908 -0.1389455348 0.2212928534 -0.8209620714 -0.5263561010
-185.4 12.0 2532.4 -0.5657126307 0.4588540196 0.6851439476 -0.6007554531 0.3398149908 -0.7236149907 -0.5648558140 -0.8209620714 0.0834214166
-355.1 205.5 2857.6 -0.4294047058 0.5948845148 -0.6795027852 -0.8447058201 0.0016280417 0.5352283716 0.3195053339 0.8038095236 0.5018033385
-472.7 -25.9 2945.1 0.2072510123 0.5948845148 -0.7766333818 -0.9664975405 0.0016280417 -0.2566707730 -0.1514250785 0.8038095236 0.5752918124
-313.4 -161.5 2582.3 -0.5532363653 0.0035238608 -0.8330168724 -0.1695204675 0.9785899520 0.1167242974 0.8155932426 0.2057895362 -0.5407941937
-314.8 -550.3 2500.6 -0.5499523282 -0.1417448223 -0.8230801225 -0.1934152395 0.9803178906 -0.0395901054 0.8124918342 0.1374235749 -0.5665436983
-381.4 -178.0 2751.0 0.2766657174 0.0619024932 0.9589703679 0.1346303672 0.9855841994 -0.1024616882 -0.9514886737 0.1574541628 0.2643434107
-406.0 -569.5 2688.5 0.2573748827 0.1574798822 0.9533930421 -0.0017227908 0.9867042303 -0.1625170857 -0.9663100839 0.0401853174 0.2542241812
-43.1 163.0 2674.5 0 0 0 0 0 0 0 0 0
-414.5 -297.7 2902.5 0 0 0 0 0 0 0 0 0
-267.5 -877.4 2454.7 0 0 0 0 0 0 0 0 0
-449.7 -843.3 2677.3 0 0 0 0 0 0 0 0 0
-285.3 416.9 2765.4 7 -0.2322069705 0.0909030288 -0.9684092999 -0.1688635796 0.9767368436 0.1321751475 0.9578961134 0.1942210495 -0.2114548832
-303.6 220.3 2726.3 -0.2322069705 0.0909030288 -0.9684092999 -0.1688635796 0.9767368436 0.1321751475 0.9578961134 0.1942210495 -0.2114548832
-320.9 25.3 2692.5 -0.2301300764 0.0854049399 -0.9694050550 -0.1457913816 0.9818739295 0.1211133227 0.9621772170 0.1692027152 -0.2135074288
-270.3 241.3 2587.0 -0.3399301469 0.4480780363 -0.8268455267 0.9185753465 0.3467189670 -0.1897504479 0.2016600370 -0.8240218759 -0.5294536948
-185.3 11.6 2536.6 -0.5790700912 0.4480780363 0.6811048985 -0.5896737576 0.3467189670 -0.7294318080 -0.5629943609 -0.8240218759 0.0634452850
-336.8 199.2 2865.6 -0.3619742990 0.6824370623 -0.6350230575 -0.8727605343 -0.0087645100 0.4880699217 0.3275113404 0.7308918238 0.5987766385
-435.8 -39.4 2955.1 0.2176640928 0.6824370623 -0.6977836490 -0.9521276951 -0.0087645100 -0.3055749834 -0.2146514207 0.7308918238 0.6478594542
-314.7 -162.6 2579.9 -0.4504613280 0.0037648999 -0.8927879930 -0.1775970012 0.9796286821 0.0937386975 0.8749536276 0.2007821351 -0.4406162202
-316.2 -551.9 2500.1 -0.4488222897 -0.1448417008 -0.8818046451 -0.1888992786 0.9798560739 -0.0648009926 0.8734275103 0.1374881268 -0.4671417475
-377.4 -180.5 2750.9 0.1586655080 0.0851086453 0.9836573601 0.1391116381 0.9844121933 -0.1076128855 -0.9774830937 0.1539126337 0.1443526596
-411.2 -571.6 2689.7 0.1433252096 0.1386224031 0.9799192548 0.0226462595 0.9894231558 -0.1432791501 -0.9894165397 0.0427270196 0.1386700124
-40.5 159.1 2677.4 0 0 0 0 0 0 0 0 0
-374.7 -306.6 2894.9 0 0 0 0 0 0 0 0 0
-268.3 -875.8 2454.7 0 0 0 0 0 0 0 0 0
-448.9 -840.8 2678.1 0 0 0 0 0 0 0 0 0
-282.8 421.3 2770.6 8 -0.2096905261 0.1009872183 -0.9725386500 -0.1860033721 0.9723687172 0.1410740316 0.9599128366 0.2104773521 -0.1851125360
-303.1 225.9 2728.3 -0.2096905261 0.1009872183 -0.9725386500 -0.1860033721 0.9723687172 0.1410740316 0.9599128366 0.2104773521 -0.1851125360
-322.1 31.4 2692.7 -0.2067133337 0.0948737711 -0.9737908244 -0.1563370377 0.9792964458 0.1285969168 0.9658303857 0.1788222790 -0.1876013577
-273.1 248.6 2587.9 -0.3438142836 0.4699641466 -0.8129732013 0.9164364338 0.3567293882 -0.1813515276 0.2047827095 -0.8073894978 -0.5533409715
-186.9 19.0 2536.6 -0.5726829767 0.4699641466 0.6716903448 -0.5728226304 0.3567293882 -0.7379826307 -0.5864370465 -0.8073894978 0.0649132803
-333.1 203.1 2868.7 -0.3583390415 0.7005362511 -0.6171240211 -0.8741035461 -0.0195665881 0.4853453934 0.3279270530 0.7133485079 0.6193526983
-431.2 -36.2 2958.5 0.2088327706 0.7005362511 -0.6823765635 -0.9502422214 -0.0195665881 -0.3108969629 -0.2311463803 0.7133485079 0.6615929604
-317.3 -156.4 2571.3 -0.4290353358 0.0023607141 -0.9032846093 -0.1508087516 0.9857738614 0.0742063001 0.8906095624 0.1680603623 -0.4225758016
-318.3 -548.0 2504.5 -0.4222313762 -0.1472593695 -0.8944469690 -0.1996960938 0.9775865078 -0.0666789860 0.8842183948 0.1504636109 -0.4421747923
-359.1 -182.8 2746.2 0.1323202252 0.1257255673 0.9832011461 0.1275947094 0.9815099239 -0.1426811367 -0.9829602838 0.1443308592 0.1138316914
-409.0 -572.5 2688.9 0.1173875257 0.1469733566 0.9821501970 0.0228518266 0.9883262515 -0.1506288350 -0.9928232431 0.0401258729 0.1126585603
-43.7 162.3 2683.3 0 0 0 0 0 0 0 0 0
-372.6 -303.1 2893.5 0 0 0 0 0 0 0 0 0
-268.7 -877.0 2453.9 0 0 0 0 0 0 0 0 0
-449.5 -844.6 2677.8 0 0 0 0 0 0 0 0 0
-284.4 418.2 2773.2 9 -0.2053625584 0.0898322612 -0.9745544791 -0.1972655803 0.9715415239 0.1311232448 0.9585992694 0.2191738486 -0.1817974448
-302.4 223.6 2729.3 -0.2053625584 0.0898322612 -0.9745544791 -0.1972655803 0.9715415239 0.1311232448 0.9585992694 0.2191738486 -0.1817974448
-319.8 29.5 2690.8 -0.2031401098 0.0869115666 -0.9752848148 -0.1727607846 0.9772447944 0.1230702251 0.9637882710 0.1934914589 -0.1835027188
-272.9 248.8 2588.8 -0.3435553014 0.4739826918 -0.8107466698 0.9140323997 0.3670148551 -0.1727567762 0.2156723440 -0.8004001975 -0.5593253970
-188.1 23.4 2535.7 -0.5687693954 0.4739826918 0.6721917987 -0.5663061738 0.3670148551 -0.7379684448 -0.5964885950 -0.8004001975 0.0596725270
-332.0 198.4 2869.7 -0.3501611352 0.7022498846 -0.6198647618 -0.8816434741 -0.0235791933 0.4713266492 0.3163731694 0.7115399837 0.6273905039
-427.9 -43.1 2956.4 0.2174392641 0.7022498846 -0.6779124737 -0.9445909858 -0.0235791933 -0.3274016380 -0.2459023893 0.7115399837 0.6582118869
-322.3 -148.9 2568.9 -0.4257625043 -0.0072490210 -0.9048058987 -0.1545533687 0.9858552814 0.0648277625 0.8915377259 0.1674420238 -0.4208605587
-319.4 -540.6 2502.4 -0.4211207032 -0.1435170770 -0.8955781460 -0.1880175769 0.9797671437 -0.0685983971 0.8873030543 0.1394962221 -0.4395839572
-360.0 -177.4 2745.2 0.1258025169 0.1310492754 0.9833614826 0.1187627614 0.9821185470 -0.1460770816 -0.9849208593 0.1351635903 0.1079892218
-412.1 -567.5 2691.6 0.1140269712 0.1357015967 0.9841660857 0.0296098329 0.9897230268 -0.1398984492 -0.9930363297 0.0450931937 0.1088370159
-45.3 165.7 2685.5 0 0 0 0 0 0 0 0 0
-366.8 -308.6 2887.3 0 0 0 0 0 0 0 0 0
-270.0 -878.3 2454.3 0 0 0 0 0 0 0 0 0
-450.0 -844.1 2679.0 0 0 0 0 0 0 0 0 0
-286.3 417.6 2774.0 0 -0.1988159567 0.0936864689 -0.9755486250 -0.2011631280 0.9703240395 0.1341816038 0.9591692090 0.2229218483 -0.1740696281
-305.0 223.8 2729.4 -0.1988159567 0.0936864689 -0.9755486250 -0.2011631280 0.9703240395 0.1341816038 0.9591692090 0.2229218483 -0.1740696281
-322.5 29.9 2689.6 -0.1968860030 0.0874229670 -0.9765209556 -0.1804249436 0.9757750034 0.1237334386 0.9636818767 0.2005501240 -0.1763431579
-276.3 250.1 2588.8 -0.3510783017 0.4672556221 -0.8114284873 0.9115598202 0.3686296046 -0.1821289361 0.2140157819 -0.8036071062 -0.5553492904
-189.4 24.4 2535.8 -0.5848590136 0.4672556221 0.6630325317 -0.5527624488 0.3686296046 -0.7473726273 -0.5936275125 -0.8036071062 0.0426850393
-333.7 197.5 2870.0 -0.3475215435 0.7067566514 -0.6162173152 -0.8841633797 -0.0281659123 0.4663279653 0.3122240901 0.7068958282 0.6346766353
-429.0 -44.9 2955.6 0.2170594484 0.7067566514 -0.6733351350 -0.9423808455 -0.0281659123 -0.3333542347 -0.2545654178 0.7068958282 0.6599202752
-318.6 -148.8 2564.2 -0.4200682640 -0.0022552507 -0.9074897170 -0.1420113295 0.9878402352 0.0632807463 0.8963121176 0.1554560512 -0.4152806103
-317.7 -541.3 2502.4 -0.4143739939 -0.1405306458 -0.8991914988 -0.1846211702 0.9804440737 -0.0681503639 0.8911841512 0.1377700567 -0.4322154522
-355.7 -180.4 2740.5 0.1152619496 0.1534447670 0.9814119339 0.0976185501 0.9814645648 -0.1649178118 -0.9885268211 0.1148127615 0.0981464684
-416.7 -570.2 2694.9 0.1083685309 0.1168157086 0.9872235656 0.0374573655 0.9918869734 -0.1214792505 -0.9934048653 0.0501433238 0.1031137258
-41.5 164.1 2686.0 0 0 0 0 0 0 0 0 0
-368.0 -309.8 2884.1 0 0 0 0 0 0 0 0 0
-269.5 -877.5 2455.2 0 0 0 0 0 0 0 0 0
-449.2 -846.3 2680.9 0 0 0 0 0 0 0 0 0
-287.7 419.0 2774.9 1 -0.2887659073 0.1018047109 -0.9519716501 -0.1834107488 0.9700316787 0.1593708843 0.9396673441 0.2206227034 -0.2614400089
-308.1 224.7 2730.7 -0.2887659073 0.1018047109 -0.9519716501 -0.1834107488 0.9700316787 0.1593708843 0.9396673441 0.2206227034 -0.2614400089
-326.9 30.8 2691.6 -0.2866040170 0.0942787901 -0.9533990026 -0.1619543880 0.9760565162 0.1452049017 0.9442610145 0.1960234642 -0.2644728720
-266.5 248.2 2593.4 -0.2993031144 0.4215586483 -0.8559824228 0.9226881266 0.3563744724 -0.1471183300 0.2430312932 -0.8338378072 -0.4956311584
-193.3 22.7 2534.0 -0.6190773249 0.4215586483 0.6625946164 -0.5587952137 0.3563744724 -0.7488291860 -0.5518072248 -0.8338378072 0.0149415974
-349.8 201.2 2867.9 -0.3960201442 0.6399404407 -0.6585167646 -0.8716528416 -0.0364589579 0.4887658954 0.2887722254 0.7675591111 0.5722443461
-458.2 -37.4 2947.0 0.2134241313 0.6399404407 -0.7381913066 -0.9511406422 -0.0364589579 -0.3065979183 -0.2231180817 0.7675591111 0.6008921266
-321.9 -147.4 2561.4 -0.5018254519 -0.0081163263 -0.8649308085 -0.1154573485 0.9916362166 0.0576820634 0.8572285771 0.1288089454 -0.4985654056
-318.6 -541.3 2510.3 -0.4889810681 -0.1490426064 -0.8594671488 -0.2179852128 0.9749121070 -0.0450427756 0.8446182609 0.1653260738 -0.5092026591
-357.9 -180.5 2738.0 0.2061286867 0.1382282674 0.9687125087 0.0854071602 0.9836527705 -0.1585336030 -0.9747905135 0.1154133081 0.1909533590
-412.8 -571.2 2692.1 0.1977358162 0.1345559955 0.9709764123 0.0205899514 0.9897455573 -0.1413500607 -0.9800390601 0.0479423255 0.1929376423
-39.2 161.7 2671.3 0 0 0 0 0 0 0 0 0
-398.2 -304.8 2884.3 0 0 0 0 0 0 0 0 0
-267.5 -875.6 2453.6 0 0 0 0 0 0 0 0 0
-450.2 -846.3 2678.8 0 0 0 0 0 0 0 0 0
-286.5 424.1 2776.3 2 -0.2127041668 0.0713025704 -0.9745116234 -0.2351437509 0.9642888308 0.1218788251 0.9484009743 0.2550744414 -0.1883419007
-300.6 232.4 2725.6 -0.2127041668 0.0713025704 -0.9745116234 -0.2351437509 0.9642888308 0.1218788251 0.9484009743 0.2550744414 -0.1883419007
-312.7 39.3 2681.1 -0.2107111365 0.0596615449 -0.9757260680 -0.2056603283 0.9730908871 0.1039134115 0.9556697607 0.2225638479 -0.1927710623
-270.1 262.1 2586.8 -0.2493439466 0.4115407765 -0.8766195178 0.9404262900 0.3189546466 -0.1177554801 0.2311406881 -0.8537576199 -0.4665531814
-205.1 16.9 2526.6 -0.7150216699 0.4115407765 0.5651355982 -0.4678750932 0.3189546466 -0.8242334723 -0.5194582939 -0.8537576199 -0.0355097875
-331.1 202.7 2864.4 -0.3316456378 0.6939886212 -0.6390547156 -0.8995400071 -0.0284708664 0.4359095693 0.2843218446 0.7194228172 0.6337127686
-421.8 -43.2 2942.1 0.2428167313 0.6939886212 -0.6778051257 -0.9314228892 -0.0284708664 -0.3628233373 -0.2710929811 0.7194228172 0.6394836903
-318.6 -147.4 2565.0 -0.4346361458 0.0009485821 -0.9006056190 -0.1233553886 0.9905120134 0.0605751202 0.8921182156 0.1374226958 -0.4303953350
-319.0 -541.7 2510.3 -0.4225145876 -0.1498507410 -0.8938826323 -0.2150786668 0.9746439457 -0.0617276169 0.8804672360 0.1661742628 -0.4440310001
-359.7 -176.4 2733.4 0.1269294471 0.1188644990 0.9847639799 0.0783823058 0.9884874821 -0.1294168830 -0.9888099432 0.0936148837 0.1161512956
-407.1 -570.8 2696.1 0.1202365458 0.1543689966 0.9806698561 0.0348939784 0.9865688086 -0.1595757753 -0.9921318293 0.0534063131 0.1132350713
-26.2 134.0 2656.6 0 0 0 0 0 0 0 0 0
-353.6 -304.6 2866.0 0 0 0 0 0 0 0 0 0
-267.8 -874.8 2453.5 0 0 0 0 0 0 0 0 0
-450.1 -845.7 2681.2 0 0 0 0 0 0 0 0 0
-286.5 424.2 2765.5 3 -0.1701457798 0.0629871115 -0.9834038019 -0.2139932364 0.9717782736 0.0992670059 0.9619029760 0.2273316234 -0.1518651545
-299.1 229.8 2720.1 -0.1701457798 0.0629871115 -0.9834038019 -0.2139932364 0.9717782736 0.0992670059 0.9619029760 0.2273316234 -0.1518651545
-309.7 35.4 2681.3 -0.1682808399 0.0534064546 -0.9842912555 -0.1827280670 0.9795351028 0.0843887702 0.9686547518 0.1940586567 -0.1550781280
-274.7 256.2 2579.1 -0.2411195040 0.3899369240 -0.8887128830 0.9449072480 0.3032187223 -0.1233237237 0.2213859111 -0.8694869876 -0.4415661693
-213.7 17.2 2523.1 -0.7775450945 0.3899369240 0.4933283329 -0.3974396288 0.3032187223 -0.8660832047 -0.4873042107 -0.8694869876 -0.0807898417
-323.5 203.3 2861.0 -0.3050620556 0.7229519486 -0.6199012995 -0.8959588408 0.0027564571 0.4441285133 0.3227922916 0.6908928156 0.6468943357
-406.9 -41.7 2949.2 0.2478581816 0.7229519486 -0.6449083686 -0.9344618917 0.0027564571 -0.3560525179 -0.2556312084 0.6908928156 0.6762542725
-305.2 -134.6 2548.8 -0.3953635991 0.0384923555 -0.9177178144 -0.0708013698 0.9948717952 0.0722305328 0.9157918692 0.0935330018 -0.3906107843
-320.5 -529.7 2511.7 -0.3777959645 -0.1509639174 -0.9134988189 -0.2109231800 0.9747091532 -0.0738479123 0.9015440345 0.1647786349 -0.4000829458
-337.9 -171.7 2721.1 0.0837933272 0.1647217870 0.9827743173 0.0429695696 0.9847281575 -0.1687129438 -0.9955562949 0.0563664101 0.0754356235
-403.4 -563.2 2698.7 0.0847043619 0.1616298705 0.9832094908 0.0485136993 0.9849165082 -0.1660899818 -0.9952244163 0.0617676787 0.0755854622
-22.8 114.7 2642.7 0 0 0 0 0 0 0 0 0
-337.3 -304.2 2877.4 0 0 0 0 0 0 0 0 0
-267.0 -875.1 2453.3 0 0 0 0 0 0 0 0 0
-449.5 -844.2 2681.0 0 0 0 0 0 0 0 0 0
-286.7 423.4 2770.7 4 -0.1805674583 0.0513894334 -0.9822191596 -0.2172504961 0.9718847275 0.0907872468 0.9592692852 0.2297808230 -0.1643263698
-297.1 227.7 2724.4 -0.1805674583 0.0513894334 -0.9822191596 -0.2172504961 0.9718847275 0.0907872468 0.9592692852 0.2297808230 -0.1643263698
-306.4 33.0 2686.0 -0.1787630618 0.0469488204 -0.9827713966 -0.1814326644 0.9801581502 0.0798260197 0.9670190811 0.1925767660 -0.1666980237
-271.0 254.1 2583.4 -0.2025241852 0.3844714165 -0.9006473422 0.9485332370 0.3056581318 -0.0828116685 0.2434514761 -0.8710653186 -0.4265871048
-219.6 13.2 2521.6 -0.8025055528 0.3844714165 0.4562527835 -0.3556965590 0.3056581318 -0.8832061291 -0.4790248871 -0.8710653186 -0.1085371822
-323.1 201.3 2865.3 -0.3051878214 0.7147238255 -0.6293093562 -0.8962064385 0.0078767817 0.4435672760 0.3219850361 0.6993623972 0.6381362081
-406.7 -44.1 2953.5 0.2552589774 0.7147238255 -0.6511625648 -0.9338998795 0.0078767817 -0.3574477732 -0.2503473759 0.6993623972 0.6694911718
-304.7 -142.2 2553.8 -0.4058429003 0.0329460725 -0.9133488536 -0.0751352236 0.9947645664 0.0692689121 0.9108491540 0.0967369601 -0.4012427330
-317.8 -537.4 2515.4 -0.3898235261 -0.1426272243 -0.9097775221 -0.2125051022 0.9752019048 -0.0618292354 0.8960352540 0.1692298651 -0.4104656577
-332.6 -175.3 2729.8 0.0992828310 0.1692497134 0.9805597663 0.0657062680 0.9821627140 -0.1761792153 -0.9928874969 0.0819204971 0.0863911286
-399.9 -565.6 2697.2 0.0948577598 0.1742262393 0.9801261425 0.0405760147 0.9830707908 -0.1786766797 -0.9946635365 0.0567184798 0.0861824900
-19.5 102.0 2641.1 0 0 0 0 0 0 0 0 0
-334.9 -306.6 2883.2 0 0 0 0 0 0 0 0 0
-268.1 -877.5 2456.4 0 0 0 0 0 0 0 0 0
-449.3 -844.6 2681.1 0 0 0 0 0 0 0 0 0
-287.0 425.3 2772.7 5 -0.1056099012 0.0484741852 -0.9932254553 -0.2247121930 0.9718114734 0.0713227764 0.9686852098 0.2307222635 -0.0917401686
-296.6 231.7 2726.8 -0.1056099012 0.0484741852 -0.9932254553 -0.2247121930 0.9718114734 0.0713227764 0.9686852098 0.2307222635 -0.0917401686
-305.2 37.3 2687.1 -0.1041635796 0.0428917520 -0.9936348796 -0.1938303113 0.9790369868 0.0625810102 0.9754894972 0.1991152167 -0.0936662778
-281.5 259.9 2584.8 -0.2068652660 0.3397284448 -0.9174919128 0.9493940473 0.2962409258 -0.1043662429 0.2363424599 -0.8926510811 -0.3838180900
-226.9 9.3 2522.4 -0.8389055729 0.3397284448 0.4252316952 -0.3336649239 0.2962409258 -0.8949351907 -0.4300059676 -0.8926510811 -0.1351626962
-311.7 203.6 2868.7 -0.2641112506 0.7637804151 -0.5889691710 -0.9051821232 0.0145467818 0.4247748852 0.3330023587 0.6453121901 0.6875184178
-384.1 -44.2 2959.9 0.2526535988 0.7637804151 -0.5939744115 -0.9267150760 0.0145467818 -0.3754830956 -0.2781462371 0.6453121901 0.7114821672
-299.3 -144.9 2559.0 -0.3368323445 0.0479666926 -0.9403420687 -0.0962953493 0.9917099476 0.0850801393 0.9366275668 0.1192083135 -0.3294210136
-318.3 -538.8 2511.7 -0.3236225843 -0.1455358416 -0.9349265695 -0.1974227577 0.9767381549 -0.0837070420 0.9253608584 0.1574862897 -0.3448266089
-330.6 -178.0 2735.5 0.0234579127 0.1962990910 0.9802634120 0.0674795359 0.9779861569 -0.1974578649 -0.9974448681 0.0707796738 0.0096953409
-408.5 -566.5 2707.4 0.0271120816 0.1473318338 0.9887154698 0.0918707028 0.9845258594 -0.1492267698 -0.9954017997 0.0948798284 0.0131570660
-14.8 93.6 2631.1 0 0 0 0 0 0 0 0 0
-313.0 -304.7 2881.7 0 0 0 0 0 0 0 0 0
-268.2 -874.9 2457.5 0 0 0 0 0 0 0 0 0
-450.0 -843.7 2680.7 0 0 0 0 0 0 0 0 0
-288.7 426.1 2774.2 6 -0.0508439988 0.0320521295 -0.9981921315 -0.2295742929 0.9723445177 0.0429157726 0.9719622135 0.2313412726 -0.0420795381
-295.1 231.0 2727.8 -0.0508439988 0.0320521295 -0.9981921315 -0.2295742929 0.9723445177 0.0429157726 0.9719622135 0.2313412726 -0.0420795381
-301.3 36.6 2687.4 -0.0499365069 0.0307996348 -0.9982773662 -0.2014042586 0.9786800742 0.0402697846 0.9782344699 0.2030682564 -0.0426686853
-287.9 260.2 2585.4 -0.2154823691 0.3176421523 -0.9234017730 0.9504430294 0.2852425873 -0.1236716732 0.2241101712 -0.9042898417 -0.3633655310
-230.8 8.7 2526.1 -0.8676611781 0.3176421523 0.3824493885 -0.2972189784 0.2852425873 -0.9112066627 -0.3985285163 -0.9042898417 -0.1530846506
-302.3 201.7 2870.2 -0.2262589782 0.7952010632 -0.5625496507 -0.9127285480 0.0286232289 0.4075627029 0.3401962817 0.6056698561 0.7193264365
-364.3 -48.2 2963.4 0.2591852546 0.7952010632 -0.5481589437 -0.9190749526 0.0286232289 -0.3930419087 -0.2968572676 0.6056698561 0.7382681370
-304.2 -139.5 2558.3 -0.2861552835 0.0374727249 -0.9574502110 -0.1010972708 0.9924768209 0.0690587610 0.9528349638 0.1165571362 -0.2802140713
-319.1 -533.8 2512.0 -0.2739568353 -0.1450391412 -0.9507424831 -0.1919266582 0.9769232273 -0.0937293544 0.9423968196 0.1567950398 -0.2954716980
-322.5 -174.8 2736.3 -0.0222217571 0.2071893066 0.9780484438 0.1073033735 0.9731332064 -0.2037100643 -0.9939779639 0.1004211009 -0.0438568406
-404.8 -561.3 2696.4 -0.0299051721 0.1572746783 0.9871019721 0.0594222210 0.9860768318 -0.1553110927 -0.9977849126 0.0540111884 -0.0388344079
-11.6 83.8 2626.8 0 0 0 0 0 0 0 0 0
-291.4 -306.5 2879.9 0 0 0 0 0 0 0 0 0
-268.0 -877.7 2456.8 0 0 0 0 0 0 0 0 0
-449.9 -844.2 2680.9 0 0 0 0 0 0 0 0 0
-289.5 425.8 2775.0 7 -0.0064526149 0.0332358219 -0.9994267225 -0.2324405611 0.9720222354 0.0338252001 0.9725891948 0.2325255573 0.0014532676
-296.1 230.1 2728.2 -0.0064526149 0.0332358219 -0.9994267225 -0.2324405611 0.9720222354 0.0338252001 0.9725891948 0.2325255573 0.0014532676
-302.4 35.8 2687.4 -0.0055535547 0.0310615953 -0.9995020628 -0.2051706612 0.9782178998 0.0315401405 0.9787104726 0.2052436620 0.0009403416
-295.4 260.0 2585.6 -0.2280257940 0.2773318887 -0.9333227277 0.9495567083 0.2752902806 -0.1501909643 0.2152819335 -0.9204902649 -0.3261156380
-235.2 9.3 2528.8 -0.8924400806 0.2773318887 0.3558619022 -0.2810487747 0.2752902806 -0.9193621874 -0.3529337645 -0.9204902649 -0.1677363068
-296.9 200.3 2870.8 -0.2032373101 0.8204672933 -0.5343482494 -0.9157156944 0.0339329913 0.4003915191 0.3466401696 0.5706855655 0.7444182634
-352.6 -50.6 2965.8 0.2543023527 0.8204672933 -0.5120192766 -0.9157019258 0.0339329913 -0.4004229009 -0.3111595213 0.5706855655 0.7599326968
-302.9 -139.5 2557.5 -0.2429633290 0.0420206897 -0.9691249132 -0.0922886059 0.9935281873 0.0662159100 0.9656353593 0.1055272222 -0.2375128865
-319.6 -534.2 2515.5 -0.2286466807 -0.1457743049 -0.9625334144 -0.1980113238 0.9750207067 -0.1006285399 0.9531590939 0.1675841212 -0.2518002093
-311.6 -176.2 2736.2 -0.0669616535 0.2401029319 0.9684351683 0.1080121920 0.9666539431 -0.2321928889 -0.9918918610 0.0890547857 -0.0906627849
-406.9 -560.0 2700.8 -0.0722474977 0.1459799707 0.9866458774 0.0726215616 0.9873752594 -0.1407701522 -0.9947393537 0.0614814796 -0.0819366872
-10.6 80.1 2617.6 0 0 0 0 0 0 0 0 0
-281.1 -308.0 2878.3 0 0 0 0 0 0 0 0 0
-268.3 -876.9 2456.6 0 0 0 0 0 0 0 0 0
-449.2 -845.5 2683.0 0 0 0 0 0 0 0 0 0
-289.4 425.3 2775.4 8 -0.0498227701 0.0481544510 -0.9975965023 -0.2256742418 0.9724620581 0.0582120009 0.9729279876 0.2280321121 -0.0375835374
-299.1 229.6 2729.5 -0.0498227701 0.0481544510 -0.9975965023 -0.2256742418 0.9724620581 0.0582120009 0.9729279876 0.2280321121 -0.0375835374
-307.9 35.0 2690.2 -0.0483830757 0.0444095619 -0.9978411198 -0.1953174472 0.9793039560 0.0530550592 0.9795458913 0.1974627376 -0.0387077779
-292.0 258.0 2586.7 -0.1970249861 0.2442832738 -0.9494771361 0.9536447525 0.2724530995 -0.1277925521 0.2274704129 -0.9306422472 -0.2866395414
-241.3 12.5 2528.2 -0.9147878289 0.2442832738 0.3216968775 -0.2536358833 0.2724530995 -0.9281369448 -0.3143756390 -0.9306422472 -0.1872777939
-306.1 201.2 2872.3 -0.2368669212 0.7979866862 -0.5541762114 -0.9075698853 0.0218193159 0.4193337858 0.3467145264 0.6022799611 0.7190604210
-371.0 -47.4 2967.2 0.2462213188 0.7979866862 -0.5500838757 -0.9239418507 0.0218193159 -0.3819102049 -0.2927568257 0.6022799611 0.7426657081
-308.1 -139.8 2557.0 -0.2834101617 0.0270051491 -0.9586184621 -0.0967718288 0.9936957359 0.0566033535 0.9541037083 0.1088092327 -0.2790101469
-318.8 -534.6 2513.8 -0.2711825967 -0.1403312385 -0.9522432089 -0.1915585846 0.9773933291 -0.0894849747 0.9432737231 0.1581435949 -0.2919337153
-308.9 -177.3 2736.0 -0.0242421422 0.2478707731 0.9684897661 0.1050589383 0.9640417695 -0.2441026717 -0.9941704869 0.0958309323 -0.0494114794
-407.3 -560.2 2697.9 -0.0313505419 0.1421581358 0.9893473387 0.0559679717 0.9885305762 -0.1402672529 -0.9979402423 0.0509743132 -0.0389472730
-9.6 76.7 2607.8 0 0 0 0 0 0 0 0 0
-301.8 -307.2 2884.9 0 0 0 0 0 0 0 0 0
-269.6 -877.1 2458.4 0 0 0 0 0 0 0 0 0
-448.2 -844.6 2683.2 0 0 0 0 0 0 0 0 0
-289.9 424.0 2766.1 9 -0.1373639852 0.0653238520 -0.9883642793 -0.1728921533 0.9809240699 0.0888608545 0.9753150344 0.1830867082 -0.1234496608
-303.0 226.2 2729.2 -0.1373639852 0.0653238520 -0.9883642793 -0.1728921533 0.9809240699 0.0888608545 0.9753150344 0.1830867082 -0.1234496608
-315.2 30.5 2698.4 -0.1355852932 0.0593106635 -0.9889888167 -0.1448172629 0.9862993956 0.0790030733 0.9801247716 0.1539342999 -0.1251384765
-283.4 247.2 2586.9 -0.1741488874 0.2459648550 -0.9535058737 0.9550350308 0.2781461179 -0.1026780382 0.2399587780 -0.9285128117 -0.2833439112
-241.5 17.4 2529.1 -0.9237040281 0.2459648550 0.2937212884 -0.2230220884 0.2781461179 -0.9342889786 -0.3114996850 -0.9285128117 -0.2020691037
-322.7 205.3 2871.5 -0.2949191928 0.7453818321 -0.5978533626 -0.8825032711 0.0274076220 0.4695069492 0.3663477004 0.6660741568 0.6497188807
-403.4 -36.0 2971.7 0.2377642840 0.7453818321 -0.6227954030 -0.9443735480 0.0274076220 -0.3277306855 -0.2272151560 0.6660741568 0.7104354501
-312.4 -141.7 2561.2 -0.3663122654 0.0202126168 -0.9302724004 -0.0951094702 0.9937143326 0.0590422042 0.9256184697 0.1101056039 -0.3620873690
-320.4 -536.6 2517.5 -0.3514007926 -0.1463267207 -0.9247193933 -0.2125299424 0.9743921161 -0.0734238029 0.9117831588 0.1707293838 -0.3735009432
-321.1 -177.4 2740.5 0.0674448088 0.2199431360 0.9731783867 0.0792107135 0.9711401463 -0.2249720693 -0.9945737123 0.0922593549 0.0480765067
-408.5 -563.1 2703.8 0.0645796955 0.1427121758 0.9876551628 0.0593082607 0.9874227643 -0.1465565711 -0.9961485863 0.0680406839 0.0553034507
-9.4 73.4 2607.4 0 0 0 0 0 0 0 0 0
-336.7 -301.0 2907.9 0 0 0 0 0 0 0 0 0
-269.5 -875.4 2458.1 0 0 0 0 0 0 0 0 0
-449.3 -845.3 2684.4 0 0 0 0 0 0 0 0 0
-286.7 425.0 2762.4 0 -0.0551338010 0.0704630315 -0.9959895611 -0.1651370823 0.9831261039 0.0786942765 0.9847283959 0.1688135266 -0.0425674208
-301.0 225.9 2728.2 -0.0551338010 0.0704630315 -0.9959895611 -0.1651370823 0.9831261039 0.0786942765 0.9847283959 0.1688135266 -0.0425674208
-313.1 29.6 2701.0 -0.0530422591 0.0605799109 -0.9967530370 -0.1336645484 0.9887452126 0.0672061816 0.9896061420 0.1367953122 -0.0443478934
-293.3 245.3 2584.6 -0.2380189002 0.2295844108 -0.9437361956 0.9458661079 0.2755275071 -0.1715280116 0.2206451148 -0.9334750175 -0.2827368677
-235.3 14.8 2530.8 -0.9056793451 0.2295844108 0.3564209640 -0.2907445133 0.2755275071 -0.9162708521 -0.3085652590 -0.9334750175 -0.1827891618
-308.6 206.6 2871.9 -0.2521575689 0.7973763347 -0.5482769012 -0.8811536431 0.0449924581 0.4706845880 0.3999810815 0.6018028259 0.6912658811
-377.6 -34.4 2981.2 0.2301585376 0.7973763347 -0.5578691959 -0.9445165396 0.0449924581 -0.3253677189 -0.2343406081 0.6018028259 0.7634905577
-315.1 -152.0 2578.3 -0.2889490128 0.0146221407 -0.9572328329 -0.1441180855 0.9878243208 0.0585927330 0.9464346170 0.1548848748 -0.2833235562
-320.9 -544.2 2516.9 -0.2801843584 -0.1522973776 -0.9477880597 -0.2038997263 0.9742466807 -0.0962722525 0.9380413890 0.1662797481 -0.3040220737
-339.7 -178.3 2757.0 0.0002841825 0.1633781940 0.9865634441 0.1473794729 0.9757834077 -0.1616354436 -0.9890799522 0.1454451382 -0.0238012932
-404.4 -564.8 2699.4 -0.0141542722 0.1562214196 0.9876206517 0.0568480715 0.9862477183 -0.1551895142 -0.9982824922 0.0539477356 -0.0228405055
-8.5 87.6 2608.1 0 0 0 0 0 0 0 0 0
-312.9 -299.7 2915.4 0 0 0 0 0 0 0 0 0
-269.2 -875.0 2460.4 0 0 0 0 0 0 0 0 0
-448.9 -845.5 2684.1 0 0 0 0 0 0 0 0 0
-287.5 423.7 2758.6 1 -0.0754733756 0.0728681460 -0.9944818020 -0.1573214531 0.9839653373 0.0840370432 0.9846591949 0.1627958715 -0.0627994612
-302.3 224.7 2725.7 -0.0754733756 0.0728681460 -0.9944818020 -0.1573214531 0.9839653373 0.0840370432 0.9846591949 0.1627958715 -0.0627994612
-315.2 28.3 2698.7 -0.0736055225 0.0648139492 -0.9951790571 -0.1305597723 0.9886714816 0.0740465969 0.9887043834 0.1353805959 -0.0643095821
-291.6 243.7 2581.7 -0.2530313432 0.2350251675 -0.9384766221 0.9453820586 0.2661100030 -0.1882505417 0.2054944038 -0.9348521829 -0.2895227373
-230.0 13.7 2531.7 -0.8869860768 0.2350251675 0.3975159228 -0.3346280456 0.2661100030 -0.9039964080 -0.3182448745 -0.9348521829 -0.1573898643
-313.0 205.7 2869.6 -0.2665275633 0.7854952812 -0.5585339665 -0.8776580095 0.0417095870 0.4774691164 0.3983459771 0.6174604893 0.6782794595
-386.0 -34.6 2978.7 0.2289082855 0.7854952812 -0.5749766231 -0.9465475678 0.0417095870 -0.3198562860 -0.2272635698 0.6174604893 0.7530563474
-320.4 -154.6 2583.6 -0.3088925779 0.0061457800 -0.9510771036 -0.1567436904 0.9859769344 0.0572788045 0.9380921125 0.1667683274 -0.3035976291
-322.8 -546.2 2517.3 -0.3009387255 -0.1559451073 -0.9408065677 -0.2094076276 0.9732667208 -0.0943417326 0.9303678274 0.1686210036 -0.3255497217
-329.9 -178.8 2763.9 0.0215786360 0.1920314282 0.9811515212 0.1480724365 0.9699428678 -0.1930942386 -0.9887410998 0.1494482011 -0.0075045149
-406.1 -563.5 2704.6 0.0101808086 0.1497676969 0.9886687994 0.0730546340 0.9859664440 -0.1501106024 -0.9972759485 0.0737550855 -0.0009032877
-6.9 97.9 2611.8 0 0 0 0 0 0 0 0 0
-321.6 -300.6 2914.8 0 0 0 0 0 0 0 0 0
-270.2 -874.7 2460.4 0 0 0 0 0 0 0 0 0
-449.0 -845.7 2683.5 0 0 0 0 0 0 0 0 0
-289.4 420.3 2755.2 2 -0.1251952946 0.0619118884 -0.9901984930 -0.1443610191 0.9862924218 0.0799198821 0.9815732241 0.1529516578 -0.1145415008
-301.9 220.9 2724.3 -0.1251952946 0.0619118884 -0.9901984930 -0.1443610191 0.9862924218 0.0799198821 0.9815732241 0.1529516578 -0.1145415008
-314.0 24.2 2699.3 -0.1235331967 0.0605617985 -0.9904906750 -0.1175376773 0.9902167320 0.0752042532 0.9853549600 0.1257102042 -0.1152063459
-283.9 238.0 2580.8 -0.2427857518 0.2320444882 -0.9419184923 0.9500413537 0.2532092929 -0.1825005859 0.1961542517 -0.9391700625 -0.2819274664
-226.0 11.6 2534.0 -0.8780543208 0.2320444882 0.4185402095 -0.3609234393 0.2532092929 -0.8975629807 -0.3142528236 -0.9391700625 -0.1385812163
-319.9 203.8 2867.8 -0.2887237966 0.7535055876 -0.5906503797 -0.8717246056 0.0482075475 0.4876189232 0.3958973885 0.6556716561 0.6429307461
-399.0 -35.0 2976.2 0.2374567091 0.7535055876 -0.6130608916 -0.9499406219 0.0482075475 -0.3086889684 -0.2030446976 0.6556716561 0.7272327542
-321.4 -156.2 2581.4 -0.3560249209 0.0098456554 -0.9344245791 -0.1392210275 0.9882260561 0.0634571165 0.9240474701 0.1526838690 -0.3504623771
-325.3 -548.7 2520.8 -0.3425148129 -0.1634115726 -0.9251919985 -0.2288606763 0.9696058035 -0.0865297616 0.9112114906 0.1821023375 -0.3695028424
-334.8 -180.0 2762.1 0.0727938041 0.1836091131 0.9803003669 0.1413041651 0.9710942507 -0.1923775822 -0.9872862697 0.1525244117 0.0447449088
-407.7 -565.5 2701.6 0.0582257584 0.1449345052 0.9877265692 0.0400837138 0.9882678390 -0.1473768353 -0.9974983931 0.0481728762 0.0517331325
-5.9 102.1 2612.8 0 0 0 0 0 0 0 0 0
-332.3 -302.0 2919.2 0 0 0 0 0 0 0 0 0
-270.7 -872.6 2459.9 0 0 0 0 0 0 0 0 0
-449.2 -848.6 2687.8 0 0 0 0 0 0 0 0 0
-287.2 424.2 2756.0 3 -0.1183334365 0.0756843165 -0.9900853634 -0.1380141377 0.9861593246 0.0918794349 0.9833357930 0.1475182027 -0.1062501147
-302.6 224.3 2726.1 -0.1183334365 0.0756843165 -0.9900853634 -0.1380141377 0.9861593246 0.0918794349 0.9833357930 0.1475182027 -0.1062501147
-315.8 27.5 2702.3 -0.1164082959 0.0665507838 -0.9909693003 -0.1112589389 0.9905987978 0.0795954019 0.9869500995 0.1195197552 -0.1079095528
-285.6 240.5 2582.1 -0.2724947631 0.2843379974 -0.9191836119 0.9427755475 0.2696917057 -0.1960629076 0.1921480596 -0.9200099707 -0.3415564895
-217.9 6.2 2534.4 -0.8316465020 0.2843379974 0.4769864082 -0.4080485404 0.2696917057 -0.8722171783 -0.3766437471 -0.9200099707 -0.1082644537
-319.5 208.0 2870.0 -0.2900356948 0.7588903308 -0.5830649137 -0.8676757812 0.0485165417 0.4947573841 0.4037548900 0.6494086385 0.6443992853
-399.0 -29.8 2980.7 0.2315672338 0.7588903308 -0.6086559296 -0.9521487951 0.0485165417 -0.3017595112 -0.1994725168 0.6494086385 0.7338113785
-314.8 -161.8 2584.2 -0.3497195840 0.0239142720 -0.9365491271 -0.1439767331 0.9864266515 0.0789506435 0.9257250428 0.1624518782 -0.3415296078
-324.3 -553.7 2519.7 -0.3360507190 -0.1641754806 -0.9274245501 -0.2339843959 0.9683722258 -0.0866403058 0.9123163819 0.1878873408 -0.3638366759
-337.4 -183.3 2764.4 0.0656579882 0.1865467876 0.9802496433 0.1346622705 0.9717261195 -0.1939445138 -0.9887138605 0.1447366476 0.0386807658
-411.5 -569.3 2706.9 0.0563800372 0.1353521049 0.9891921282 0.0660952181 0.9880886674 -0.1389682740 -0.9962192178 0.0732159093 0.0467623472
-10.4 108.1 2628.3 0 0 0 0 0 0 0 0 0
-333.9 -297.5 2924.6 0 0 0 0 0 0 0 0 0
-270.2 -872.9 2457.7 0 0 0 0 0 0 0 0 0
-449.8 -849.0 2686.2 0 0 0 0 0 0 0 0 0
-290.4 425.1 2765.9 4 -0.0655833632 0.0447569080 -0.9968428612 -0.1824955791 0.9816060662 0.0560793765 0.9810169339 0.1855972856 -0.0562090911
-299.4 227.3 2728.5 -0.0655833632 0.0447569080 -0.9968428612 -0.1824955791 0.9816060662 0.0560793765 0.9810169339 0.1855972856 -0.0562090911
-309.0 31.5 2697.0 -0.0643038452 0.0473174006 -0.9968079329 -0.1551490128 0.9862554073 0.0568251051 0.9857960343 0.1583078504 -0.0560787655
-290.1 249.8 2584.9 -0.2974596322 0.3367100656 -0.8933891058 0.9351780415 0.2911832929 -0.2016292363 0.1922493726 -0.8954544067 -0.4014991224
-212.3 5.3 2534.6 -0.7896078229 0.3367100656 0.5129773617 -0.4307691753 0.2911832929 -0.8541956544 -0.4369867146 -0.8954544067 -0.0848762840
-308.7 204.7 2872.1 -0.2482219338 0.7887820005 -0.5623245239 -0.8913491964 0.0413264818 0.4514296949 0.3793185055 0.6132822633 0.6928220391
-376.6 -39.3 2975.9 0.2445091456 0.7887820005 -0.5639488101 -0.9364972711 0.0413264818 -0.3482311964 -0.2513724566 0.6132822633 0.7487968802
-318.4 -159.2 2588.2 -0.2991009057 0.0166994967 -0.9540753365 -0.1611367315 0.9846039414 0.0677499250 0.9405177236 0.1740006506 -0.2918050289
-325.0 -550.4 2519.1 -0.2899865806 -0.1646278799 -0.9427647591 -0.2181545049 0.9705298543 -0.1023737863 0.9318349361 0.1759813577 -0.3173549473
-339.7 -179.5 2768.9 0.0077613182 0.1815197766 0.9833566546 0.1484353244 0.9722826481 -0.1806471646 -0.9888916612 0.1473669261 -0.0193977524
-411.8 -565.9 2710.4 -0.0012178336 0.1313701719 0.9913326502 0.0811110288 0.9880799651 -0.1308394969 -0.9967043400 0.0802486688 -0.0118588870
-14.1 113.4 2644.3 0 0 0 0 0 0 0 0 0
-308.0 -302.2 2905.3 0 0 0 0 0 0 0 0 0
-270.1 -874.3 2460.3 0 0 0 0 0 0 0 0 0
-449.5 -849.4 2687.4 0 0 0 0 0 0 0 0 0
-290.1 427.8 2771.3 5 -0.0281386711 0.0329109356 -0.9990621209 -0.2046872973 0.9780901074 0.0379851125 0.9784228802 0.2055641711 -0.0207857061
-296.7 231.7 2730.1 -0.0281386711 0.0329109356 -0.9990621209 -0.2046872973 0.9780901074 0.0379851125 0.9784228802 0.2055641711 -0.0207857061
-304.7 36.4 2695.0 -0.0270622801 0.0394560844 -0.9988547564 -0.1755103320 0.9835114479 0.0436051562 0.9841055870 0.1764893830 -0.0196911115
-292.8 257.2 2586.7 -0.3079244196 0.3722771108 -0.8755525947 0.9319443703 0.3032284379 -0.1988269538 0.1914737076 -0.8771899939 -0.4403129816
-209.4 5.0 2534.9 -0.7620682120 0.3722771108 0.5297752619 -0.4396136701 0.3032284379 -0.8454539180 -0.4753860533 -0.8771899939 -0.0674226359
-300.5 206.1 2873.5 -0.2222051322 0.8095118999 -0.5434292555 -0.9021040201 0.0407641530 0.4295889437 0.3699097931 0.5856865644 0.7212058902
-361.4 -41.0 2974.8 0.2484091818 0.8095118999 -0.5319617987 -0.9276732802 0.0407641530 -0.3711610436 -0.2787742913 0.5856865644 0.7610887885
-312.8 -150.1 2575.3 -0.2617901564 0.0376991369 -0.9643882513 -0.1242738888 0.9896016121 0.0724198073 0.9570903182 0.1388070732 -0.2543829381
-327.7 -543.0 2520.2 -0.2477371842 -0.1669183969 -0.9543398619 -0.2127159387 0.9703816175 -0.1145052314 0.9451868534 0.1746360958 -0.2759058177
-324.5 -178.4 2755.6 -0.0378231890 0.2216107398 0.9744014144 0.1269600987 0.9682627916 -0.2152864337 -0.9911864400 0.1155672818 -0.0647585094
-412.4 -562.6 2709.7 -0.0437160693 0.1274108440 0.9908861518 0.0816627219 0.9889709949 -0.1235617846 -0.9957008362 0.0755168274 -0.0536386408
-15.6 116.8 2655.8 0 0 0 0 0 0 0 0 0
-291.6 -301.5 2896.5 0 0 0 0 0 0 0 0 0
-270.5 -875.8 2460.3 0 0 0 0 0 0 0 0 0
-449.4 -849.5 2687.8 0 0 0 0 0 0 0 0 0
-293.8 423.8 2773.5 6 -0.0500466265 0.0203880332 -0.9985387921 -0.2164243013 0.9758143425 0.0307712052 0.9750158191 0.2176480442 -0.0444237478
-297.9 228.3 2729.9 -0.0500466265 0.0203880332 -0.9985387921 -0.2164243013 0.9758143425 0.0307712052 0.9750158191 0.2176480442 -0.0444237478
-304.1 33.5 2691.9 -0.0493503697 0.0306046773 -0.9983125329 -0.1897052079 0.9810481071 0.0394532569 0.9806000590 0.1913321167 -0.0426092185
-290.8 256.0 2586.9 -0.3125419319 0.3902464807 -0.8660399914 0.9297866821 0.3123221993 -0.1948116720 0.1944589466 -0.8661192656 -0.4604597688
-206.2 4.4 2534.3 -0.7532352805 0.3902464807 0.5294755101 -0.4326758087 0.3123221993 -0.8457224369 -0.4954071641 -0.8661192656 -0.0664018840
-305.1 200.6 2873.0 -0.2261244953 0.7952491045 -0.5625358224 -0.9081962705 0.0366862193 0.4169336557 0.3522034287 0.6051717997 0.7139466405
-367.1 -48.2 2969.5 0.2599731684 0.7952491045 -0.5477159619 -0.9223787785 0.0366862193 -0.3845406473 -0.2857119739 0.6051717997 0.7430583835
-310.2 -142.9 2569.8 -0.2818334103 0.0443394184 -0.9584382772 -0.0913316905 0.9931557775 0.0728020445 0.9551064968 0.1080538407 -0.2758548856
-327.8 -537.2 2526.9 -0.2610337138 -0.1684748828 -0.9505143762 -0.2274070084 0.9676729441 -0.1090648323 0.9381617308 0.1876840293 -0.2909076512
-315.1 -174.9 2749.9 -0.0211011767 0.2410980165 0.9702713490 0.1155869886 0.9645680189 -0.2371670604 -0.9930732250 0.1071462333 -0.0482213125
-410.9 -557.9 2707.3 -0.0258476175 0.1276467890 0.9914828539 0.0790045410 0.9889727831 -0.1252640188 -0.9965391159 0.0750938728 -0.0356472656
-11.4 116.3 2662.4 0 0 0 0 0 0 0 0 0
-294.0 -307.5 2889.2 0 0 0 0 0 0 0 0 0
-268.5 -878.3 2460.7 0 0 0 0 0 0 0 0 0
-448.4 -848.6 2685.3 0 0 0 0 0 0 0 0 0
-294.7 422.2 2775.2 7 -0.0366737731 0.0287003331 -0.9989150763 -0.2065314800 0.9777893424 0.0356758721 0.9777523875 0.2076157779 -0.0299316999
-300.5 225.8 2733.5 -0.0366737731 0.0287003331 -0.9989150763 -0.2065314800 0.9777893424 0.0356758721 0.9777523875 0.2076157779 -0.0299316999
-306.4 30.4 2698.2 -0.0357722864 0.0297692176 -0.9989165068 -0.1762892455 0.9836934209 0.0356286578 0.9836881757 0.1773727536 -0.0299409684
-295.3 251.5 2589.9 -0.3511648476 0.4242614508 -0.8346768618 0.9143746495 0.3472360671 -0.2081971914 0.2014998794 -0.8363189101 -0.5098710060
