-324.6 415.2 2819.2  -0.3340172768 0.0335087702 -0.9419711232 -0.2480733097 0.9610092044 0.1221513078 0.9093360901 0.2744785547 -0.3126810491
-331.3 221.6 2763.9 -0.3340172768 0.0335087702 -0.9419711232 -0.2480733097 0.9610092044 0.1221513078 0.9093360901 0.2744785547 -0.3126810491
-335.9 29.1 2715.0 -0.3333340883 0.0231772605 -0.9425238371 -0.2248135954 0.9689071178 0.1033338755 0.9156130552 0.2463368773 -0.3177591860
-282.6 254.5 2630.2 0.3794879019 -0.0850921571 -0.9212753177 0.8675516844 0.3787162602 0.3223787546 0.3214700520 -0.9215928316 0.2175400853
-341.2 120.6 2580.6 -0.9959328771 -0.0850921571 0.0296139773 -0.0598198846 0.3787162602 -0.9235776067 0.0673739165 -0.9215928316 -0.3822661936
-380.0 188.8 2897.7 -0.3604322076 0.5929430723 -0.7200744152 -0.9053575993 -0.0365558751 0.4230736196 0.2245356143 0.8044142127 0.5500014424
-478.8 -59.5 2959.2 0.2850895524 0.5929430723 -0.7530886531 -0.9247356057 -0.0365558751 -0.3788504899 -0.2521665990 0.8044142127 0.5378938913
-307.4 -146.9 2584.5 -0.5473243594 -0.0065414524 -0.8368950486 -0.1563497186 0.9831641912 0.0945670381 0.8221866488 0.1826071441 -0.5391324162
-304.8 -537.6 2511.9 -0.5438999534 -0.1052667573 -0.8325213194 -0.1916607171 0.9814606309 0.0011159810 0.8169693947 0.1601686180 -0.5539918542
-371.3 -187.1 2751.6 0.2971468270 0.1223378330 0.9469621181 0.1205378324 0.9790174961 -0.1643025875 -0.9471929073 0.1629667580 0.2761656046
-420.0 -576.1 2686.9 0.2864023745 0.0972161144 0.9531645775 -0.0181776192 0.9952112436 -0.0960426554 -0.9579370022 0.0101805842 0.2867980301
-53.6 137.9 2561.1 0 0 0 0 0 0 0 0 0
-398.7 -319.5 2888.3 0 0 0 0 0 0 0 0 0
-268.3 -878.0 2456.4 0 0 0 0 0 0 0 0 0
-447.6 -859.2 2684.0 0 0 0 0 0 0 0 0 0
-323.3 415.2 2818.0  -0.2937417626 0.0421873666 -0.9549533725 -0.2431350946 0.9628707767 0.1173250079 0.9244463444 0.2666459382 -0.2725781500
-331.7 221.6 2764.4 -0.2937417626 0.0421873666 -0.9549533725 -0.2431350946 0.9628707767 0.1173250079 0.9244463444 0.2666459382 -0.2725781500
-337.7 28.8 2717.0 -0.2928765118 0.0299243759 -0.9556819201 -0.2199352980 0.9706003666 0.0977924690 0.9305115938 0.2388292998 -0.2776846290
-289.0 253.8 2628.6 0.3595057726 -0.0805396661 -0.9296606779 0.8827077746 0.3524501324 0.3108148575 0.3026261032 -0.9323584437 0.1978008449
-342.7 122.0 2583.4 -0.9965863824 -0.0805396661 0.0181376003 -0.0454951711 0.3524501324 -0.9347240925 0.0688897669 -0.9323584437 -0.3549111485
-374.5 189.5 2900.2 -0.3465951681 0.6270310283 -0.6976416111 -0.9053275585 -0.0289855357 0.4237237573 0.2454664260 0.7784548402 0.5777147412
-469.5 -58.7 2967.5 0.2775608897 0.6270310283 -0.7278681397 -0.9254089594 -0.0289855357 -0.3778598905 -0.2580275238 0.7784548402 0.5722149014
-310.0 -142.8 2582.1 -0.5107331276 -0.0209144708 -0.8594848514 -0.1704739034 0.9823178053 0.0773975402 0.8426685929 0.1860492378 -0.5052676201
-301.7 -533.2 2508.2 -0.5100665689 -0.0937276483 -0.8550129533 -0.1776179224 0.9840976596 -0.0019183276 0.8415960670 0.1508871466 -0.5186030269
-371.1 -184.0 2750.0 0.2561492026 0.1397014707 0.9564889073 0.1180706769 0.9775704145 -0.1744000763 -0.9593992233 0.1576057374 0.2339092493
-426.6 -572.5 2687.4 0.2497073710 0.0677598417 0.9659476280 -0.0047680479 0.9976226091 -0.0687492043 -0.9683095813 0.0125614982 0.2494367957
-54.9 135.1 2563.5 0 0 0 0 0 0 0 0 0
-391.4 -318.9 2894.9 0 0 0 0 0 0 0 0 0
-268.8 -877.8 2455.3 0 0 0 0 0 0 0 0 0
-446.0 -857.4 2683.8 0 0 0 0 0 0 0 0 0
-322.0 416.6 2818.4  -0.2770862579 0.0477666110 -0.9596570134 -0.2452355325 0.9621694088 0.1186996698 0.9290224910 0.2682320476 -0.2548898458
-331.6 223.2 2764.5 -0.2770862579 0.0477666110 -0.9596570134 -0.2452355325 0.9621694088 0.1186996698 0.9290224910 0.2682320476 -0.2548898458
-338.9 30.4 2716.7 -0.2760408819 0.0367703922 -0.9604422450 -0.2213427722 0.9699775577 0.1007516161 0.9353121519 0.2403985262 -0.2596146166
-291.3 255.5 2627.9 0.3296741247 -0.0800540745 -0.9406945705 0.8969652057 0.3374429643 0.2856320739 0.2945647538 -0.9379358292 0.1830519289
-340.8 120.7 2583.6 -0.9966370463 -0.0800540745 0.0174902305 -0.0436070114 0.3374429643 -0.9403353930 0.0693757236 -0.9379358292 -0.3397990763
-371.9 190.8 2901.0 -0.3443382680 0.6413545609 -0.6856351495 -0.9049562216 -0.0322933309 0.4242775142 0.2499708682 0.7665647268 0.5915175676
-466.3 -57.3 2969.5 0.2704353034 0.6413545609 -0.7180035710 -0.9254766107 -0.0322933309 -0.3774257302 -0.2652504444 0.7665647268 0.5848253369
-316.7 -143.9 2584.3 -0.4953316152 -0.0415655747 -0.8677089810 -0.1725700498 0.9836556315 0.0513918735 0.8513907194 0.1751966029 -0.4944087267
-300.2 -534.7 2514.7 -0.4937936068 -0.0856462345 -0.8653511405 -0.1912505627 0.9814679623 0.0119942958 0.8482871652 0.1714216024 -0.5010225177
-370.4 -184.3 2754.8 0.2417634130 0.1444486678 0.9595233202 0.1414148808 0.9730545878 -0.1821168661 -0.9599751234 0.1797200739 0.2148218155
-427.8 -570.8 2683.4 0.2361747324 0.0564757474 0.9700680375 0.0013188517 0.9982900620 -0.0584398769 -0.9717097282 0.0150813982 0.2356964052
-55.7 133.2 2563.8 0 0 0 0 0 0 0 0 0
-390.2 -317.6 2894.9 0 0 0 0 0 0 0 0 0
-270.4 -877.0 2454.9 0 0 0 0 0 0 0 0 0
-444.0 -857.9 2679.1 0 0 0 0 0 0 0 0 0
-323.9 414.1 2817.1  -0.3178753257 0.0321635976 -0.9475868344 -0.2484905869 0.9616634250 0.1159994826 0.9149905443 0.2723397911 -0.2976967096
-330.3 220.7 2762.3 -0.3178753257 0.0321635976 -0.9475868344 -0.2484905869 0.9616634250 0.1159994826 0.9149905443 0.2723397911 -0.2976967096
-335.3 27.9 2714.3 -0.3170804381 0.0251038894 -0.9480663538 -0.2216786146 0.9699966908 0.0998249128 0.9221271873 0.2418185622 -0.3020019829
-284.1 253.1 2627.7 0.3421677649 -0.1017474905 -0.9341138601 0.9011596441 0.3171089292 0.2955557704 0.2661437690 -0.9429153800 0.2001951933
-337.9 111.4 2585.9 -0.9930533767 -0.1017474905 0.0590967909 -0.0886822641 0.3171089292 -0.9442337751 0.0773333013 -0.9429153800 -0.3239292800
-376.6 188.3 2896.8 -0.3540289700 0.6067010164 -0.7117424607 -0.9054095149 -0.0316814035 0.4233554900 0.2343012094 0.7942985296 0.5605290532
-473.7 -59.9 2961.1 0.2826937735 0.6067010164 -0.7429656982 -0.9252889156 -0.0316814035 -0.3779374361 -0.2528332472 0.7942985296 0.5524176359
-320.9 -142.0 2583.2 -0.5325442553 -0.0511247739 -0.8448567390 -0.1718020737 0.9839243889 0.0487529896 0.8287826777 0.1711112559 -0.5327665806
-300.5 -533.0 2515.3 -0.5308477283 -0.0889464095 -0.8427865505 -0.1917650700 0.9812896848 0.0172236506 0.8254858255 0.1707601696 -0.5379722714
-371.4 -182.6 2754.7 0.2834432423 0.1349278986 0.9494495392 0.1376309991 0.9740799665 -0.1795157492 -0.9490614533 0.1815562248 0.2575261295
-425.1 -569.7 2682.5 0.2767806053 0.0652651191 0.9587142467 -0.0123745352 0.9978502393 -0.0643568039 -0.9608534575 0.0059490711 0.2769932151
-61.1 136.1 2564.4 0 0 0 0 0 0 0 0 0
-394.2 -320.1 2890.0 0 0 0 0 0 0 0 0 0
-269.5 -874.9 2455.8 0 0 0 0 0 0 0 0 0
-444.1 -860.5 2680.8 0 0 0 0 0 0 0 0 0
-322.9 415.9 2818.9  -0.3006952405 0.0335506201 -0.9531299472 -0.2579452991 0.9592737556 0.1151439548 0.9181756973 0.2804786265 -0.2797948122
-329.7 223.2 2762.6 -0.3006952405 0.0335506201 -0.9531299472 -0.2579452991 0.9592737556 0.1151439548 0.9181756973 0.2804786265 -0.2797948122
-334.7 30.8 2713.1 -0.2998528481 0.0251176916 -0.9536547661 -0.2302702367 0.9681892991 0.0979032218 0.9257774353 0.2489548624 -0.2845304906
-285.9 256.8 2627.4 0.3427146375 -0.1101622060 -0.9329581857 0.9040808082 0.3085716963 0.2956711352 0.2553127110 -0.9448003769 0.2053475827
-339.3 116.0 2587.7 -0.9926862717 -0.1101622060 0.0493782312 -0.0813845545 0.3085716963 -0.9477130771 0.0891654342 -0.9448003769 -0.3152804077
-373.4 189.6 2897.7 -0.3461098373 0.6207020879 -0.7035174966 -0.9086956978 -0.0352283083 0.4159700871 0.2334097922 0.7832546234 0.5762221813
-468.3 -59.6 2961.7 0.2822931111 0.6207020879 -0.7314639091 -0.9219508767 -0.0352283083 -0.3857014179 -0.2651739120 0.7832546234 0.5623121262
-311.3 -144.5 2581.8 -0.5177987814 -0.0306205302 -0.8549543023 -0.1650280207 0.9841644168 0.0647001490 0.8394344449 0.1745930761 -0.5146523714
-299.1 -535.5 2512.5 -0.5159606934 -0.0873557478 -0.8521464467 -0.1872174293 0.9822368622 0.0126654170 0.8359032273 0.1660715193 -0.5231500864
-369.3 -185.2 2750.8 0.2621694803 0.1617877930 0.9513631463 0.1203176230 0.9726738334 -0.1985680908 -0.9574919343 0.1665242463 0.2355394810
-433.6 -571.5 2684.6 0.2591071129 0.0403168686 0.9650067687 -0.0130774165 0.9991832376 -0.0382333994 -0.9657600522 -0.0027132498 0.2594227195
-64.0 138.6 2563.0 0 0 0 0 0 0 0 0 0
-388.9 -318.9 2887.1 0 0 0 0 0 0 0 0 0
-268.9 -874.8 2455.1 0 0 0 0 0 0 0 0 0
-445.4 -863.2 2685.4 0 0 0 0 0 0 0 0 0
-321.3 415.5 2819.3  -0.2514613271 0.0412542298 -0.9669877291 -0.2566424906 0.9604852796 0.1077156886 0.9332212210 0.2752564847 -0.2309373170
-329.6 222.0 2763.9 -0.2514613271 0.0412542298 -0.9669877291 -0.2566424906 0.9604852796 0.1077156886 0.9332212210 0.2752564847 -0.2309373170
-335.1 29.3 2715.5 -0.2504865229 0.0276534390 -0.9677250385 -0.2293403745 0.9694445133 0.0870651677 0.9405633807 0.2437470853 -0.2364907265
-293.1 255.4 2626.7 0.3124887943 -0.1187523752 -0.9424694180 0.9082832336 0.3278785348 0.2598407567 0.2781587839 -0.9372265339 0.2103191614
-339.4 120.8 2585.5 -0.9926064014 -0.1187523752 0.0251067784 -0.0630686134 0.3278785348 -0.9426123500 0.1037054807 -0.9372265339 -0.3329438865
-366.2 188.5 2901.0 -0.3242637813 0.6597023010 -0.6779718995 -0.9113339186 -0.0257053655 0.4108646512 0.2536208332 0.7510873079 0.6095443368
-455.0 -61.3 2970.6 0.2779193223 0.6597023010 -0.6982504725 -0.9202207923 -0.0257053655 -0.3905546963 -0.2755986154 0.7510873079 0.5999277234
-312.2 -140.5 2578.9 -0.4732186496 -0.0321192257 -0.8803592920 -0.1649311781 0.9848949313 0.0527221598 0.8653680086 0.1701477915 -0.4713681340
-299.4 -531.8 2511.3 -0.4719303548 -0.0861084163 -0.8774207234 -0.1803278029 0.9836064577 0.0004619986 0.8629968762 0.1584413797 -0.4797214866
-367.1 -182.7 2748.5 0.2129194289 0.1687522978 0.9623866081 0.1220284030 0.9726674557 -0.1975527108 -0.9694195986 0.1595013142 0.1865072250
-434.2 -569.2 2685.2 0.2098379582 0.0375028700 0.9770166874 -0.0066308384 0.9992957115 -0.0369339213 -0.9777137041 0.0012716992 0.2099388540
-65.0 138.3 2556.8 0 0 0 0 0 0 0 0 0
-376.9 -320.1 2893.1 0 0 0 0 0 0 0 0 0
-269.3 -875.5 2455.9 0 0 0 0 0 0 0 0 0
-445.3 -864.4 2684.8 0 0 0 0 0 0 0 0 0
-320.2 417.8 2819.6  -0.1800380200 0.0341868214 -0.9830653667 -0.2629958689 0.9613403082 0.0815962255 0.9478499293 0.2732325792 -0.1640868187
-327.1 224.0 2764.5 -0.1800380200 0.0341868214 -0.9830653667 -0.2629958689 0.9613403082 0.0815962255 0.9478499293 0.2732325792 -0.1640868187
-331.2 31.4 2716.0 -0.1792761683 0.0207892787 -0.9835790992 -0.2362370193 0.9696149230 0.0635528564 0.9550142288 0.2437513173 -0.1689176559
-301.0 258.4 2625.4 0.1585906148 -0.1398917586 -0.9773839116 0.9316043258 0.3491028845 0.1011957303 0.3270511031 -0.9265837669 0.1856882125
-325.0 117.2 2575.9 -0.9882949591 -0.1398917586 0.0608554818 -0.1067415848 0.3491028845 -0.9309851527 0.1089923307 -0.9265837669 -0.3599489033
-353.2 189.7 2903.5 -0.2834458351 0.7105491757 -0.6440328360 -0.9195462465 -0.0107567338 0.3928345442 0.2722005844 0.7035652995 0.6564317942
-430.8 -62.2 2978.1 0.2799894512 0.7105491757 -0.6455429792 -0.9129943848 -0.0107567338 -0.4078302979 -0.2967274189 0.7035652995 0.6457156539
-317.6 -142.3 2581.0 -0.4084384739 -0.0459368788 -0.9116292000 -0.1714264303 0.9848219156 0.0271793623 0.8965439200 0.1673784405 -0.4101139605
-299.4 -533.7 2514.4 -0.4065984786 -0.0914335027 -0.9090201259 -0.1921892166 0.9812752604 -0.0127363410 0.8931634426 0.1695252955 -0.4165575504
-363.5 -184.3 2753.2 0.1466729492 0.1808783710 0.9725071192 0.1525586545 0.9672405720 -0.2029076517 -0.9773499370 0.1781254411 0.1142734736
-435.4 -568.6 2682.4 0.1430780143 0.0345992446 0.9891064763 0.0007921099 0.9993844032 -0.0350733511 -0.9897111058 0.0058017066 0.1429625303
-52.4 146.6 2545.8 0 0 0 0 0 0 0 0 0
-352.1 -318.9 2894.6 0 0 0 0 0 0 0 0 0
-267.4 -877.4 2455.1 0 0 0 0 0 0 0 0 0
-445.6 -863.3 2680.7 0 0 0 0 0 0 0 0 0
-319.0 417.7 2819.7  -0.1396465302 0.0196318980 -0.9900068045 -0.2854084671 0.9565741420 0.0592275448 0.9481776357 0.2908272445 -0.1279791594
-322.9 224.7 2761.0 -0.1396465302 0.0196318980 -0.9900068045 -0.2854084671 0.9565741420 0.0592275448 0.9481776357 0.2908272445 -0.1279791594
-324.7 32.7 2710.1 -0.1391606778 0.0085623590 -0.9902328253 -0.2522667050 0.9666655064 0.0438104495 0.9575989842 0.2558994591 -0.1323618293
-302.7 261.4 2621.4 0.1082030833 -0.1628346443 -0.9807022810 0.9596647620 0.2746072412 0.0602865033 0.2594912052 -0.9476686120 0.1859800071
-320.6 102.3 2578.4 -0.9752408862 -0.1628346443 0.1496331394 -0.1904611886 0.2746072412 -0.9425048828 0.1123820916 -0.9476686120 -0.2988218963
-343.2 188.0 2900.5 -0.2536127865 0.7358130813 -0.6279009581 -0.9288298488 -0.0039890832 0.3704850078 0.2701029778 0.6771728992 0.6844568849
-412.7 -66.4 2974.5 0.2888216376 0.7358130813 -0.6125040054 -0.9026215672 -0.0039890832 -0.4304165542 -0.3191494942 0.6771728992 0.6630086303
-319.0 -139.7 2580.2 -0.3725869656 -0.0512640253 -0.9265802503 -0.1755930483 0.9843303561 0.0161485672 0.9112332463 0.1687178016 -0.3757502735
-298.6 -530.9 2513.2 -0.3718675673 -0.0850619003 -0.9243803024 -0.1840710789 0.9827763438 -0.0163858533 0.9098529220 0.1640583128 -0.3811200857
-351.7 -182.9 2754.8 0.1040708199 0.2167904526 0.9706550241 0.1504235715 0.9612965584 -0.2308282703 -0.9831286669 0.1700318903 0.0674325228
-437.8 -564.6 2687.3 0.1016015634 0.0255504344 0.9944970012 0.0198588483 0.9994188547 -0.0277057402 -0.9946269393 0.0225645117 0.1010351181
-53.7 154.4 2547.7 0 0 0 0 0 0 0 0 0
-331.5 -320.2 2884.8 0 0 0 0 0 0 0 0 0
-268.7 -876.7 2455.5 0 0 0 0 0 0 0 0 0
-445.4 -863.7 2680.5 0 0 0 0 0 0 0 0 0
-317.0 417.4 2819.7 0 -0.1310259700 0.0117658200 -0.9913091063 -0.2760295272 0.9599559307 0.0478778034 0.9521763921 0.2799037993 -0.1225314438
-319.4 224.0 2763.3 -0.1310259700 0.0117658200 -0.9913091063 -0.2760295272 0.9599559307 0.0478778034 0.9521763921 0.2799037993 -0.1225314438
-319.3 31.4 2714.5 -0.1308289617 -0.0001952379 -0.9914049506 -0.2431781143 0.9694569707 0.0318996422 0.9611182213 0.2452613711 -0.1268805265
-300.3 259.4 2623.1 -0.1090943366 -0.1142946482 -0.9874386787 0.9154657722 0.3755143583 -0.1446078718 0.3873253167 -0.9197421670 0.0636663437
-281.0 97.3 2554.5 -0.9582067728 -0.1142946482 0.2622527480 -0.2860674262 0.3755143583 -0.8815636039 0.0022783312 -0.9197421670 -0.3925163746
-338.4 188.5 2903.5 -0.2422693223 0.7396994233 -0.6278139353 -0.9282129407 0.0116080958 0.3718681633 0.2823584080 0.6728373170 0.6837862730
-404.8 -65.9 2980.9 0.2969941795 0.7396994233 -0.6038536429 -0.9028378725 0.0116080958 -0.4298244715 -0.3109313250 0.6728373170 0.6712761521
-313.7 -136.3 2571.6 -0.3663633466 -0.0332546234 -0.9298774004 -0.1476804018 0.9887717366 0.0228239316 0.9186775088 0.1456865370 -0.3671607971
-300.5 -529.1 2513.7 -0.3633923233 -0.0909825265 -0.9271829128 -0.1823116988 0.9829229712 -0.0249984507 0.9136238098 0.1599520445 -0.3737738431
-339.1 -182.4 2746.8 0.0916901305 0.2487599701 0.9642154574 0.1196894497 0.9585212469 -0.2586725354 -0.9885683656 0.1391241401 0.0581129901
-437.9 -562.8 2691.6 0.0903829560 0.0200434867 0.9957053661 0.0404209904 0.9988998175 -0.0237769149 -0.9950864315 0.0423964262 0.0894733369
-44.6 167.9 2553.9 0 0 0 0 0 0 0 0 0
-321.3 -319.7 2893.5 0 0 0 0 0 0 0 0 0
-268.3 -877.3 2457.0 0 0 0 0 0 0 0 0 0
-443.9 -863.3 2678.8 0 0 0 0 0 0 0 0 0
-312.0 414.3 2819.2 1 -0.2061083317 0.0222525578 -0.9782761335 -0.2849358916 0.9550536275 0.0817561150 0.9361254573 0.2955965996 -0.1905039698
-316.5 221.9 2759.7 -0.2061083317 0.0222525578 -0.9782761335 -0.2849358916 0.9550536275 0.0817561150 0.9361254573 0.2955965996 -0.1905039698
-317.3 30.1 2707.9 -0.2056676894 0.0048235157 -0.9786099792 -0.2536794245 0.9655435085 0.0580731593 0.9451706409 0.2601969838 -0.1973574758
-286.5 258.7 2622.1 -0.2827757895 -0.1049382463 -0.9534284472 0.8246766925 0.4810223877 -0.2975327969 0.4898430109 -0.8704053164 -0.0494813509
-227.9 87.6 2520.4 -0.8438683152 -0.1049382463 0.5261883736 -0.5061675906 0.4810223877 -0.7158294916 -0.1779904813 -0.8704053164 -0.4590359032
-346.4 185.0 2897.3 -0.2830104232 0.6891388297 -0.6670777798 -0.9263937473 -0.0162836816 0.3762040734 0.2483943701 0.7244463563 0.6430223584
-423.9 -68.6 2965.3 0.2973186672 0.6891388297 -0.6608246565 -0.9053642750 -0.0162836816 -0.4243234396 -0.3031784296 0.7244463563 0.6190802455
-307.3 -139.0 2577.7 -0.4352241158 -0.0164498016 -0.9001718760 -0.1510288119 0.9869989753 0.0549844392 0.8875642419 0.1598824412 -0.4320501685
-300.8 -531.1 2514.2 -0.4320485294 -0.0932334214 -0.8970181346 -0.1877759099 0.9821429253 -0.0116388248 0.8820852041 0.1634098589 -0.4418404102
-331.3 -183.5 2753.8 0.1647077799 0.2710253596 0.9483757615 0.1279520839 0.9475120306 -0.2930004299 -0.9780079722 0.1696061045 0.1213843375
-438.8 -559.5 2686.5 0.1638377607 0.0169680603 0.9863413572 0.0163795818 0.9996674061 -0.0199180655 -0.9863513112 0.0194191914 0.1635053456
-31.7 205.3 2561.8 0 0 0 0 0 0 0 0 0
-340.3 -323.2 2880.0 0 0 0 0 0 0 0 0 0
-268.0 -876.1 2456.8 0 0 0 0 0 0 0 0 0
-444.0 -864.3 2680.6 0 0 0 0 0 0 0 0 0
-309.8 411.5 2818.0 2 -0.3256379068 0.0300896373 -0.9450156689 -0.2968637049 0.9456958175 0.1324059814 0.8976814151 0.3236572444 -0.2990218997
-315.9 220.7 2752.7 -0.3256379068 0.0300896373 -0.9450156689 -0.2968637049 0.9456958175 0.1324059814 0.8976814151 0.3236572444 -0.2990218997
-319.0 30.5 2695.6 -0.3248590231 0.0174560454 -0.9456013441 -0.2656796873 0.9578845501 0.1089564040 0.9076788425 0.2866225541 -0.3065397143
-268.8 258.9 2621.3 -0.3621832132 -0.1678565294 -0.9168683290 0.7529174089 0.5271911621 -0.3939349949 0.5494894385 -0.8330028057 -0.0645576790
-185.5 85.7 2494.9 -0.6966314316 -0.1678565294 0.6975162029 -0.6613125801 0.5271911621 -0.5336057544 -0.2781551778 -0.8330028057 -0.4782635868
-363.0 182.5 2884.0 -0.3488159776 0.5991603136 -0.7206485868 -0.9186727405 -0.0664918944 0.3893831670 0.1853856593 0.7978632450 0.5736256242
-458.2 -68.2 2934.6 0.2895691097 0.5991603136 -0.7464292645 -0.9110857248 -0.0664918944 -0.4068189561 -0.2933812737 0.7978632450 0.5266323686
-299.4 -138.6 2569.8 -0.5413100123 -0.0009962101 -0.8408225179 -0.1252775639 0.9889329672 0.0794802830 0.8314379454 0.1483596712 -0.5354440808
-299.0 -531.5 2510.9 -0.5372166038 -0.0888738483 -0.8387489319 -0.1799587309 0.9836122394 0.0110395532 0.8240225315 0.1568708122 -0.5444064140
-337.0 -184.9 2742.6 0.2685633004 0.2434610277 0.9319874048 0.0938856453 0.9563100934 -0.2768690586 -0.9586757421 0.1618571132 0.2339723110
-433.6 -564.5 2678.3 0.2658756077 0.0383915044 0.9632425904 -0.0265173633 0.9991198182 -0.0325020850 -0.9636425376 -0.0169011410 0.2666596472
-19.9 242.9 2561.0 0 0 0 0 0 0 0 0 0
-376.7 -324.4 2852.1 0 0 0 0 0 0 0 0 0
-267.7 -878.1 2455.6 0 0 0 0 0 0 0 0 0
-445.2 -866.6 2683.4 0 0 0 0 0 0 0 0 0
-308.1 412.1 2818.4 3 -0.3121834397 0.0179604180 -0.9498520494 -0.3122551739 0.9423319697 0.1204456761 0.8972392082 0.3341973722 -0.2885721922
-311.7 223.1 2751.4 -0.3121834397 0.0179604180 -0.9498520494 -0.3122551739 0.9423319697 0.1204456761 0.8972392082 0.3341973722 -0.2885721922
-312.5 33.1 2693.4 -0.3117281199 0.0053196480 -0.9501564503 -0.2751152217 0.9566447735 0.0956160054 0.9094708562 0.2912087142 -0.2967495620
-266.3 263.0 2619.1 -0.4359830022 -0.1700667739 -0.8837398291 0.7079891562 0.5414052010 -0.4534663558 0.5555809140 -0.8233819008 -0.1156380251
-154.3 81.1 2476.4 -0.6158473492 -0.1700667739 0.7692914605 -0.7106795907 0.5414052010 -0.4492381811 -0.3400979042 -0.8233819008 -0.4542859197
-357.0 183.2 2883.6 -0.3340207934 0.6079744697 -0.7202757597 -0.9240457416 -0.0604790598 0.3774676025 0.1859290451 0.7916497588 0.5819974542
-448.3 -69.5 2934.4 0.3012702167 0.6079744697 -0.7345770001 -0.9049490094 -0.0604790598 -0.4212001264 -0.3005054295 0.7916497588 0.5319653153
-292.5 -135.7 2556.1 -0.5309510231 0.0200039018 -0.8471663594 -0.0854204595 0.9933657646 0.0769922882 0.8430861831 0.1132444739 -0.5257198215
-300.4 -530.1 2511.1 -0.5240809917 -0.0954207405 -0.8463060856 -0.1835929304 0.9829981923 0.0028584665 0.8316445947 0.1568738818 -0.5326892138
-351.6 -183.7 2721.0 0.2469257861 0.2054474652 0.9470052719 0.0552630015 0.9726909399 -0.2254293114 -0.9674572945 0.1079986617 0.2288288325
-433.0 -569.2 2678.2 0.2446882427 0.0420049503 0.9686915278 -0.0106527666 0.9991173148 -0.0406334400 -0.9695432782 -0.0003767194 0.2449197322
-2.0 256.9 2560.6 0 0 0 0 0 0 0 0 0
-363.6 -324.0 2849.9 0 0 0 0 0 0 0 0 0
-266.5 -879.5 2455.3 0 0 0 0 0 0 0 0 0
-445.4 -863.3 2678.3 0 0 0 0 0 0 0 0 0
-306.1 414.7 2819.1 4 -0.3316368163 0.0275694393 -0.9430041909 -0.3013910949 0.9440952539 0.1335949153 0.8939689398 0.3285180628 -0.3047875762
-311.6 224.8 2753.0 -0.3316368163 0.0275694393 -0.9430041909 -0.3013910949 0.9440952539 0.1335949153 0.8939689398 0.3285180628 -0.3047875762
-313.5 34.4 2696.3 -0.3309362829 0.0099291308 -0.9436008334 -0.2658483088 0.9584618211 0.1033228710 0.9054313302 0.2850479782 -0.3145501614
-263.4 263.5 2621.1 -0.4854756594 -0.1852603406 -0.8543956876 0.6639854908 0.5576103926 -0.4981906116 0.5687149167 -0.8091657758 -0.1476961076
-130.0 81.0 2464.8 -0.5486257672 -0.1852603406 0.8152842522 -0.7418356538 0.5576103926 -0.3724922240 -0.3856029510 -0.8091657758 -0.4433521628
-359.8 186.1 2884.9 -0.3476524949 0.5928179622 -0.7264328003 -0.9188682437 -0.0612221323 0.3897858858 0.1865983307 0.8030060530 0.5660056472
-455.1 -65.5 2936.0 0.2974405885 0.5928179622 -0.7483955622 -0.9099617004 -0.0612221323 -0.4101482332 -0.2889616191 0.8030060530 0.5212317109
-284.9 -131.9 2552.5 -0.5465866923 0.0396479294 -0.8364633918 -0.0636079684 0.9940270185 0.0886809677 0.8349832296 0.1016775742 -0.5408000350
-300.7 -526.6 2512.1 -0.5394133329 -0.0921076164 -0.8369883299 -0.1835781038 0.9829528332 0.0101399645 0.8217860460 0.1591223478 -0.5471267700
-341.8 -182.0 2718.5 0.2594788373 0.2123733312 0.9421084523 0.0214011334 0.9740172029 -0.2254606932 -0.9655116200 0.0786644667 0.2481918037
-426.1 -568.4 2687.3 0.2593736053 0.0609280169 0.9638532400 0.0196723677 0.9974676371 -0.0683467314 -0.9655767083 0.0366886146 0.2575182021
8.7 268.5 2562.2 0 0 0 0 0 0 0 0 0
-371.4 -321.4 2854.8 0 0 0 0 0 0 0 0 0
-267.7 -878.3 2455.2 0 0 0 0 0 0 0 0 0
-444.0 -861.7 2676.5 0 0 0 0 0 0 0 0 0
-305.0 417.6 2829.4 5 -0.2273185849 0.0207549483 -0.9735992551 -0.3339499533 0.9374870062 0.0979566500 0.9147697687 0.3474007845 -0.2061771154
-309.2 228.3 2759.3 -0.2273185849 0.0207549483 -0.9735992551 -0.3339499533 0.9374870062 0.0979566500 0.9147697687 0.3474007845 -0.2061771154
-310.9 39.4 2698.0 -0.2267876416 0.0075311251 -0.9739151001 -0.2984964848 0.9513105154 0.0768647566 0.9270745516 0.3081422150 -0.2134974599
-276.3 271.6 2624.9 -0.5326545835 -0.2052781880 -0.8210602403 0.6332794428 0.5469200611 -0.5475724339 0.5614590049 -0.8116275668 -0.1613210291
-123.7 90.3 2464.0 -0.5454643965 -0.2052781880 0.8126065731 -0.7524825335 0.5469200611 -0.3669447303 -0.3691051006 -0.8116275668 -0.4527936876
-342.1 185.1 2893.7 -0.2959775925 0.6742553711 -0.6765921712 -0.9351899624 -0.0603428259 0.3489677012 0.1944658756 0.7360287905 0.6484169960
-423.0 -70.8 2946.9 0.2936375439 0.6742553711 -0.6776109934 -0.8925784230 -0.0603428259 -0.4468360543 -0.3421705663 0.7360287905 0.5841069221
-285.1 -131.7 2556.8 -0.4547108412 0.0357045643 -0.8899231553 -0.0865790173 0.9926918149 0.0840657353 0.8864209652 0.1152742803 -0.4482964873
-299.3 -526.1 2511.0 -0.4484751821 -0.0895366669 -0.8892992735 -0.1758320779 0.9843648672 -0.0104356650 0.8763293028 0.1516872048 -0.4572066367
-345.7 -180.3 2722.4 0.1594752669 0.1841484159 0.9698747396 0.0627507940 0.9785705209 -0.1961175054 -0.9852055311 0.0921363011 0.1445023268
-418.8 -568.7 2685.9 0.1550593376 0.0878080502 0.9839950800 0.0102351345 0.9958457947 -0.0904784352 -0.9878521562 0.0241008475 0.1535164714
14.7 281.2 2557.7 0 0 0 0 0 0 0 0 0
-340.6 -321.5 2850.8 0 0 0 0 0 0 0 0 0
-267.4 -876.6 2457.0 0 0 0 0 0 0 0 0 0
-444.4 -859.4 2678.8 0 0 0 0 0 0 0 0 0
-302.9 420.2 2832.1 6 -0.1969624013 0.0233425256 -0.9801331162 -0.3460767865 0.9337059855 0.0917826071 0.9172985554 0.3572790325 -0.1758266687
-307.6 231.1 2759.7 -0.1969624013 0.0233425256 -0.9801331162 -0.3460767865 0.9337059855 0.0917826071 0.9172985554 0.3572790325 -0.1758266687
-309.6 42.6 2697.0 -0.1962942183 0.0093714138 -0.9805002809 -0.3076245785 0.9488809109 0.0706550330 0.9310401082 0.3154951632 -0.1833769530
-279.0 275.9 2624.3 -0.5435240865 -0.2107322067 -0.8125106096 0.6246183515 0.5451003313 -0.5592115521 0.5607436895 -0.8114539981 -0.1646479666
-122.3 95.8 2462.6 -0.5491840243 -0.2107322067 0.8086957335 -0.7527316213 0.5451003313 -0.3691351116 -0.3630316854 -0.8114539981 -0.4579851925
-336.1 186.4 2895.2 -0.2827889025 0.6966814399 -0.6592915654 -0.9387164116 -0.0597856343 0.3394659758 0.1970834732 0.7148850560 0.6708930135
-413.6 -70.8 2949.2 0.2913160622 0.6966814399 -0.6555683613 -0.8870797753 -0.0597856343 -0.4577282071 -0.3580843210 0.7148850560 0.6005955338
-292.0 -122.4 2552.4 -0.4267485142 0.0202264972 -0.9041441083 -0.0875364468 0.9941318035 0.0635560751 0.9001238942 0.1062680259 -0.4224736989
-300.0 -517.3 2510.2 -0.4210469425 -0.0862730145 -0.9029265642 -0.1697851121 0.9853672981 -0.0149769709 0.8910064697 0.1469974816 -0.4295337796
-333.3 -176.7 2721.2 0.1269698292 0.2144374400 0.9684498906 0.0611973517 0.9727984071 -0.2234236598 -0.9900169373 0.0876346380 0.1103930473
-418.4 -562.9 2686.4 0.1226953119 0.0914588124 0.9882212281 0.0131265838 0.9955080152 -0.0937629715 -0.9923575521 0.0244762450 0.1209436208
18.0 288.2 2555.4 0 0 0 0 0 0 0 0 0
-331.7 -320.0 2848.5 0 0 0 0 0 0 0 0 0
-268.8 -874.0 2457.0 0 0 0 0 0 0 0 0 0
-445.5 -858.3 2679.1 0 0 0 0 0 0 0 0 0
-301.4 423.5 2836.4 7 -0.1703941971 0.0194669068 -0.9851836562 -0.3523415029 0.9325001836 0.0793657452 0.9202289581 0.3606445491 -0.1520336121
-305.3 233.9 2763.1 -0.1703941971 0.0194669068 -0.9851836562 -0.3523415029 0.9325001836 0.0793657452 0.9202289581 0.3606445491 -0.1520336121
-307.6 45.2 2700.8 -0.1696526557 0.0113633508 -0.9854384065 -0.3070741594 0.9495435953 0.0638151988 0.9364418983 0.3134290874 -0.1576032043
-280.6 278.6 2626.6 -0.5551324487 -0.2147011161 -0.8035741448 0.6166194677 0.5421534777 -0.5708327293 0.5582189560 -0.8123872280 -0.1685780883
-118.6 98.7 2463.8 -0.5406894088 -0.2147011161 0.8133624196 -0.7586743236 0.5421534777 -0.3612242043 -0.3634120226 -0.8123872280 -0.4560248554
-330.0 189.1 2899.6 -0.2712610364 0.7156280875 -0.6436566710 -0.9400015473 -0.0532066748 0.3369958103 0.2069168389 0.6964520812 0.6871243715
-404.4 -68.5 2956.3 0.2884021699 0.7156280875 -0.6361608505 -0.8856223822 -0.0532066748 -0.4613480866 -0.3640016615 0.6964520812 0.6184313297
-293.7 -117.8 2549.3 -0.4022206068 0.0106024528 -0.9154813886 -0.0826689675 0.9954276681 0.0478492938 0.9118028283 0.0949278697 -0.3995050192
-297.9 -513.3 2511.6 -0.3969391882 -0.0766487122 -0.9146388769 -0.1718747020 0.9850866199 -0.0079614175 0.9016087651 0.1540430784 -0.4041934609
-329.5 -174.0 2719.4 0.1007808521 0.2329925150 0.9672423005 0.0615715012 0.9688679576 -0.2397994995 -0.9930015802 0.0837217569 0.0832976401
-422.0 -558.8 2686.1 0.0976057947 0.0846358836 0.9916198254 0.0233824421 0.9959073067 -0.0873033777 -0.9949504137 0.0317078084 0.0952273309
19.5 292.5 2556.6 0 0 0 0 0 0 0 0 0
-323.3 -317.4 2853.9 0 0 0 0 0 0 0 0 0
-269.8 -873.6 2455.3 0 0 0 0 0 0 0 0 0
-447.2 -854.7 2676.7 0 0 0 0 0 0 0 0 0
-300.0 424.5 2838.1 8 -0.1219181642 0.0176734366 -0.9923828244 -0.3499515951 0.9348672032 0.0596420765 0.9288002253 0.3545573950 -0.1077924445
-303.6 234.8 2766.1 -0.1219181642 0.0176734366 -0.9923828244 -0.3499515951 0.9348672032 0.0596420765 0.9288002253 0.3545573950 -0.1077924445
-305.8 46.2 2703.8 -0.1213080809 0.0112735787 -0.9925509095 -0.3102390468 0.9494103193 0.0487005301 0.9428871274 0.3138357997 -0.1116736457
-285.9 280.1 2628.7 -0.5718197823 -0.2074834108 -0.7937082648 0.6071153283 0.5436702371 -0.5795115232 0.5517545938 -0.8132486343 -0.1849150211
-116.8 100.5 2465.5 -0.5330718160 -0.2074834108 0.8202347755 -0.7598998547 0.5436702371 -0.3563353717 -0.3720035553 -0.8132486343 -0.4474819005
-321.2 189.6 2903.6 -0.2467738241 0.7478927374 -0.6162459850 -0.9442275167 -0.0424947180 0.3265402913 0.2180299163 0.6624580026 0.7166675329
-388.8 -69.1 2963.3 0.2849085331 0.7478927374 -0.5995694995 -0.8808104396 -0.0424947180 -0.4715582132 -0.3781535029 0.6624580026 0.6466446519
-294.5 -115.4 2552.9 -0.3581247330 0.0119532999 -0.9335972071 -0.0777278692 0.9960653782 0.0425692573 0.9304327369 0.0878116265 -0.3557865620
-299.2 -511.2 2518.0 -0.3514690399 -0.0800323710 -0.9327723980 -0.1865527481 0.9823452830 -0.0139925918 0.9174244404 0.1690932959 -0.3601942062
-325.5 -171.6 2724.2 0.0577743053 0.2198207825 0.9738280177 0.0817909241 0.9711358547 -0.2240655124 -0.9949735403 0.0925955251 0.0381273590
-412.8 -557.3 2687.4 0.0512443595 0.1154956967 0.9919852614 0.0249758530 0.9928314090 -0.1168844253 -0.9983738065 0.0307653453 0.0479924083
19.4 294.6 2560.6 0 0 0 0 0 0 0 0 0
-308.7 -316.8 2857.0 0 0 0 0 0 0 0 0 0
-269.8 -872.5 2455.8 0 0 0 0 0 0 0 0 0
-447.5 -856.0 2678.2 0 0 0 0 0 0 0 0 0
-299.5 423.8 2828.4 9 -0.1525062621 0.0259070601 -0.9879629016 -0.3219134808 0.9438379407 0.0744419545 0.9344054461 0.3293914199 -0.1356013715
-304.7 232.6 2761.7 -0.1525062621 0.0259070601 -0.9879629016 -0.3219134808 0.9438379407 0.0744419545 0.9344054461 0.3293914199 -0.1356013715
-308.6 42.8 2703.3 -0.1516920924 0.0194443986 -0.9882365465 -0.2878136635 0.9556132555 0.0629812628 0.9455965161 0.2939817309 -0.1393626183
-282.6 274.6 2623.8 -0.5811860561 -0.1783294976 -0.7939907908 0.6009369493 0.5638567209 -0.5665159822 0.5487235785 -0.8063895702 -0.2205408663
-108.0 94.0 2459.0 -0.5015982389 -0.1783294976 0.8465210199 -0.7571406960 0.5638567209 -0.3298538029 -0.4184938967 -0.8063895702 -0.4178500772
-326.8 190.7 2899.6 -0.2692450881 0.7290676832 -0.6292594075 -0.9348845482 -0.0409381762 0.3525832891 0.2312963456 0.6832162142 0.6926165223
-400.6 -65.5 2963.0 0.2795431316 0.7290676832 -0.6247527003 -0.8933472633 -0.0409381762 -0.4474983215 -0.3518328071 0.6832162142 0.6398665905
-297.0 -114.1 2555.2 -0.3846127391 0.0018323513 -0.9230762124 -0.0931154490 0.9948201180 0.0407726355 0.9183695316 0.1016343310 -0.3824498653
-297.7 -509.4 2514.8 -0.3797358274 -0.0738267228 -0.9221444130 -0.1768352240 0.9842223525 -0.0059765456 0.9080363512 0.1607981026 -0.3867996335
-319.2 -170.9 2727.7 0.0896543115 0.2305813432 0.9689140320 0.0763004422 0.9683825970 -0.2375150025 -0.9930459857 0.0952228084 0.0692262203
-410.8 -555.6 2689.9 0.0839613080 0.1283491552 0.9881684780 0.0317269005 0.9908229709 -0.1313896626 -0.9959638119 0.0423831716 0.0791186690
21.1 288.8 2566.6 0 0 0 0 0 0 0 0 0
-322.0 -316.7 2864.1 0 0 0 0 0 0 0 0 0
-270.4 -873.9 2455.2 0 0 0 0 0 0 0 0 0
-449.3 -853.0 2677.1 0 0 0 0 0 0 0 0 0
-298.7 422.0 2823.6 0 -0.1849709302 0.0316352695 -0.9822346568 -0.3169417083 0.9441562295 0.0900941938 0.9302331805 0.3279759288 -0.1646149158
-305.1 231.4 2757.4 -0.1849709302 0.0316352695 -0.9822346568 -0.3169417083 0.9441562295 0.0900941938 0.9302331805 0.3279759288 -0.1646149158
-310.1 41.5 2699.2 -0.1839683503 0.0248204935 -0.9826187491 -0.2831984162 0.9559517503 0.0771680176 0.9412514567 0.2924725413 -0.1688357443
-278.3 272.7 2620.1 -0.5955048203 -0.1562389284 -0.7880123258 0.6054500937 0.5574347377 -0.5680639744 0.5280191898 -0.8153869510 -0.2373602092
-97.9 89.3 2460.1 -0.4656379819 -0.1562389284 0.8710744381 -0.7696030140 0.5574347377 -0.3114123940 -0.4369124472 -0.8153869510 -0.3798047602
-331.9 190.1 2894.7 -0.2897356749 0.7077606916 -0.6443043351 -0.9302261472 -0.0498149246 0.3635900617 0.2252387851 0.7046937346 0.6728106737
-411.3 -64.8 2956.4 0.2768330574 0.7077606916 -0.6499525309 -0.8981763124 -0.0498149246 -0.4368041158 -0.3415301144 0.7046937346 0.6219034791
-298.7 -120.7 2558.3 -0.4131723046 -0.0049756318 -0.9106392860 -0.1081539243 0.9931756258 0.0436446518 0.9042075872 0.1165219769 -0.4108908176
-296.7 -515.4 2512.0 -0.4087068141 -0.0774419010 -0.9093742371 -0.1784348786 0.9839451313 -0.0035970141 0.8950529099 0.1607939601 -0.4159634411
-326.5 -173.4 2731.4 0.1265642643 0.1875393391 0.9740690589 0.1010247394 0.9744228721 -0.2007339597 -0.9868006110 0.1238108203 0.1043809876
-400.9 -560.1 2682.3 0.1112783030 0.1611791402 0.9806316495 0.0041796188 0.9866755009 -0.1626468152 -0.9937804937 0.0221977271 0.1091219038
22.4 288.2 2573.0 0 0 0 0 0 0 0 0 0
-333.5 -317.3 2860.4 0 0 0 0 0 0 0 0 0
-268.8 -870.5 2454.0 0 0 0 0 0 0 0 0 0
-448.1 -849.1 2675.8 0 0 0 0 0 0 0 0 0
-297.6 420.4 2820.7 1 -0.1762665659 0.0447588190 -0.9833243489 -0.3085834682 0.9460960031 0.0983796343 0.9347226024 0.3207786977 -0.1529532671
-306.6 229.4 2755.9 -0.1762665659 0.0447588190 -0.9833243489 -0.3085834682 0.9460960031 0.0983796343 0.9347226024 0.3207786977 -0.1529532671
-312.6 39.1 2698.9 -0.1750454307 0.0297793150 -0.9841098785 -0.2773965895 0.9575581551 0.0783168972 0.9446746707 0.2866977453 -0.1593554914
-281.1 269.9 2618.0 -0.6179168820 -0.1249345616 -0.7762538791 0.5969913602 0.5679243803 -0.5666244030 0.5116444826 -0.8135436773 -0.2763451934
-91.1 86.4 2460.7 -0.4330373406 -0.1249345616 0.8926757574 -0.7689585686 0.5679243803 -0.2935381532 -0.4702992439 -0.8135436773 -0.3420019448
-332.2 188.9 2893.8 -0.2893751860 0.7147355080 -0.6367222071 -0.9282149673 -0.0470295884 0.3690599203 0.2338354439 0.6978118420 0.6770373583
-411.5 -65.5 2957.9 0.2717650235 0.7147355080 -0.6444353461 -0.9006577730 -0.0470295884 -0.4319765866 -0.3390565515 0.6978118420 0.6309511065
-298.2 -122.5 2554.9 -0.4042338133 -0.0038611304 -0.9146475196 -0.1057228372 0.9934856892 0.0425308831 0.9085249901 0.1138915494 -0.4020087421
-296.7 -517.3 2509.6 -0.4003897309 -0.0748913437 -0.9132794738 -0.1666012704 0.9859933853 -0.0078146253 0.9010727406 0.1490246207 -0.4072586000
-331.9 -174.3 2727.3 0.1192518994 0.1628912389 0.9794107676 0.1086161286 0.9783892035 -0.1759463102 -0.9869050384 0.1273617446 0.0989821553
-396.6 -562.8 2676.7 0.0957763046 0.1755064279 0.9798083305 -0.0285552312 0.9844127893 -0.1735399216 -0.9949932098 -0.0113576427 0.0992950425
20.9 285.4 2582.5 0 0 0 0 0 0 0 0 0
-335.1 -318.8 2862.6 0 0 0 0 0 0 0 0 0
-270.0 -868.8 2456.5 0 0 0 0 0 0 0 0 0
-447.6 -849.1 2680.0 0 0 0 0 0 0 0 0 0
-296.9 420.4 2819.7 2 -0.1625614911 0.0462812930 -0.9856123924 -0.3086926639 0.9463703036 0.0953526720 0.9371673465 0.3197520077 -0.1395566612
-306.2 229.6 2755.3 -0.1625614911 0.0462812930 -0.9856123924 -0.3086926639 0.9463703036 0.0953526720 0.9371673465 0.3197520077 -0.1395566612
-311.9 39.2 2698.7 -0.1613092721 0.0283440519 -0.9864968061 -0.2767343223 0.9581862688 0.0727814808 0.9473106265 0.2847378552 -0.1467205584
-282.7 270.0 2616.9 -0.6191696525 -0.0869798437 -0.7804251909 0.5962573886 0.5946432352 -0.5393296480 0.5109853745 -0.7992708683 -0.3163226843
-89.2 83.7 2457.2 -0.4228443801 -0.0869798437 0.9020183682 -0.7484900355 0.5946432352 -0.2935337424 -0.5108476281 -0.7992708683 -0.3165450990
-329.8 189.2 2893.6 -0.2813304961 0.7239560485 -0.6298736334 -0.9293230176 -0.0419357419 0.3668788075 0.2391899228 0.6885702610 0.6845868230
-406.9 -65.6 2959.2 0.2722984552 0.7239560485 -0.6338305473 -0.8997291923 -0.0419357419 -0.4344291985 -0.3410877883 0.6885702610 0.6399453878
-302.5 -125.7 2555.4 -0.3917544186 -0.0151068475 -0.9199457765 -0.1159979180 0.9926978946 0.0330956019 0.9127283096 0.1196771488 -0.3906461596
-296.5 -520.2 2507.8 -0.3887251019 -0.0758241713 -0.9182284474 -0.1607588083 0.9869022369 -0.0134389866 0.9072207212 0.1423892379 -0.3958230913
-334.5 -176.5 2728.5 0.1071112305 0.1406270415 0.9842516184 0.1156296730 0.9814673066 -0.1528126299 -0.9875003695 0.1301766485 0.0888655111
-390.4 -566.3 2676.8 0.0807943642 0.1958079040 0.9773083329 -0.0202561393 0.9806338549 -0.1947996020 -0.9965249300 -0.0040577836 0.0831959993
20.4 277.6 2589.6 0 0 0 0 0 0 0 0 0
-330.3 -318.6 2863.2 0 0 0 0 0 0 0 0 0
-269.6 -869.3 2457.5 0 0 0 0 0 0 0 0 0
-446.9 -849.4 2678.0 0 0 0 0 0 0 0 0 0
-296.2 418.2 2816.7 3 -0.1816473305 0.0386412852 -0.9826042652 -0.3261053264 0.9403165579 0.0972631723 0.9277173877 0.3381000757 -0.1582048684
-304.0 228.9 2748.7 -0.1816473305 0.0386412852 -0.9826042652 -0.3261053264 0.9403165579 0.0972631723 0.9277173877 0.3381000757 -0.1582048684
-308.9 39.7 2688.2 -0.1805997491 0.0250681136 -0.9832371473 -0.2949850559 0.9522749782 0.0784612000 0.9382790327 0.3042103350 -0.1645859033
-277.6 271.9 2611.7 -0.6097314954 -0.0390322730 -0.7916464210 0.6130578518 0.6098404527 -0.5022496581 0.5023819208 -0.7915624380 -0.3479098678
-88.0 81.2 2455.4 -0.4125355482 -0.0390322730 0.9101048708 -0.7313388586 0.6098404527 -0.3053492308 -0.5431002975 -0.7915624380 -0.2801266909
-330.4 185.8 2885.6 -0.2881361544 0.7100794315 -0.6424676776 -0.9330984354 -0.0574295931 0.3550058901 0.2151857316 0.7017756104 0.6791215539
-409.3 -70.0 2944.6 0.2769957781 0.7100794315 -0.6473488212 -0.8935242295 -0.0574295931 -0.4453271627 -0.3533946574 0.7017756104 0.6185654402
-302.7 -125.8 2555.2 -0.4102107882 -0.0178406835 -0.9118162394 -0.1158384904 0.9927299619 0.0326899402 0.9046040773 0.1190331802 -0.4092952013
-295.6 -520.3 2507.9 -0.4072961211 -0.0723149627 -0.9104287028 -0.1617626399 0.9868113399 -0.0060146800 0.8988563418 0.1448235959 -0.4136222899
-332.3 -176.6 2728.9 0.1238646582 0.1558785737 0.9799792767 0.1154034734 0.9786201119 -0.1702488363 -0.9855656028 0.1341808289 0.1032275259
-394.2 -565.3 2675.6 0.0994271785 0.1789937615 0.9788132906 -0.0247178767 0.9838283658 -0.1774000376 -0.9947378039 -0.0065558027 0.1022436246
19.0 270.9 2596.2 0 0 0 0 0 0 0 0 0
-331.4 -321.3 2845.3 0 0 0 0 0 0 0 0 0
-269.7 -874.3 2456.0 0 0 0 0 0 0 0 0 0
-445.5 -847.0 2677.5 0 0 0 0 0 0 0 0 0
-294.6 420.0 2816.3 4 -0.1814402491 0.0412849709 -0.9825350046 -0.3247917891 0.9405373335 0.0994980931 0.9282186031 0.3371722400 -0.1572423130
-303.0 230.7 2748.4 -0.1814402491 0.0412849709 -0.9825350046 -0.3247917891 0.9405373335 0.0994980931 0.9282186031 0.3371722400 -0.1572423130
-308.1 41.4 2688.4 -0.1803106517 0.0259323455 -0.9832677841 -0.2929728925 0.9528633952 0.0788555443 0.9389648438 0.3022893071 -0.1642139554
-276.6 273.5 2611.3 -0.5925673246 0.0011270358 -0.8055201173 0.6350125670 0.6159116030 -0.4662745595 0.4956036806 -0.7878144979 -0.3656847775
-89.8 73.3 2455.0 -0.3987006247 0.0011270358 0.9170804620 -0.7222133875 0.6159116030 -0.3147391379 -0.5651952028 -0.7878144979 -0.2447503805
-329.3 188.0 2885.6 -0.2887887955 0.7104490995 -0.6417655945 -0.9324117899 -0.0565806217 0.3569409847 0.2172769010 0.7014703751 0.6787710190
-408.5 -67.7 2945.1 0.2761046588 0.7104490995 -0.6473239064 -0.8944351673 -0.0565806217 -0.4436038136 -0.3517839313 0.7014703751 0.6198285222
-297.3 -122.5 2541.8 -0.4101539254 -0.0016150540 -0.9120149016 -0.0768492818 0.9965031743 0.0327962078 0.9087727666 0.0835391805 -0.4088438153
-296.7 -518.2 2508.6 -0.4051087797 -0.0758870095 -0.9111136198 -0.1627848744 0.9866129756 -0.0097962832 0.8996599317 0.1443469524 -0.4120388329
-330.4 -176.6 2713.8 0.1169987321 0.1567274928 0.9806873798 0.0731471404 0.9834273458 -0.1658920348 -0.9904346466 0.0911436379 0.1035955846
-392.6 -566.9 2677.6 0.0999404937 0.1841240972 0.9778088927 -0.0204249620 0.9829015732 -0.1829954684 -0.9947837591 -0.0016830525 0.1019923985
13.7 260.7 2601.7 0 0 0 0 0 0 0 0 0
-330.8 -319.2 2846.2 0 0 0 0 0 0 0 0 0
-269.2 -875.5 2456.3 0 0 0 0 0 0 0 0 0
-445.8 -850.6 2678.1 0 0 0 0 0 0 0 0 0
-293.9 421.3 2817.5 5 -0.1612690538 0.0372346416 -0.9862078428 -0.3330714405 0.9386058450 0.0899027213 0.9290079474 0.3429761827 -0.1389662772
-301.4 232.1 2748.4 -0.1612690538 0.0372346416 -0.9862078428 -0.3330714405 0.9386058450 0.0899027213 0.9290079474 0.3429761827 -0.1389662772
-305.9 43.1 2687.3 -0.1602245867 0.0225288570 -0.9868234396 -0.3000418246 0.9513221979 0.0704343617 0.9403738379 0.3073736429 -0.1456656009
-278.0 276.0 2611.1 -0.6030050516 0.0252470598 -0.7973377109 0.6234133244 0.6385354400 -0.4512520134 0.4977355897 -0.7691782117 -0.4007794559
