-416.1 516.7 2690.8 11 -0.5509940386 -0.0510852300 -0.8329440951 -0.1653562486 0.9850172997 0.0489714369 0.8179626465 0.1647154838 -0.5511859059
-405.9 320.1 2657.9 -0.5509940386 -0.0510852300 -0.8329440951 -0.1653562486 0.9850172997 0.0489714369 0.8179626465 0.1647154838 -0.5511859059
-396.0 123.8 2629.4 -0.5519351363 -0.0501420610 -0.8323781490 -0.1470094919 0.9884072542 0.0379381962 0.8208262920 0.1433069110 -0.5529080629
-328.3 340.8 2542.5 -0.9653650522 -0.2409334332 0.1001069471 -0.2237284482 0.5670609474 -0.7927089334 0.1342233419 -0.7876502872 -0.6013244987
-103.2 393.0 2511.2 -0.3759434819 -0.2409334332 0.8947723508 -0.8027280569 0.5670609474 -0.1845792681 -0.4629191756 -0.7876502872 -0.4065869153
-483.6 299.5 2773.3 -0.1380060911 0.9640069008 -0.2272554040 -0.9209201932 -0.0404540077 0.3876460195 0.3645000458 0.2627815902 0.8933563232
-520.8 51.0 2871.7 -0.0468583442 0.9657973051 -0.2550291419 -0.9902619720 -0.0114073120 0.1387484074 0.1310936362 0.2590471804 0.9569268823
-340.1 -64.5 2538.1 -0.2245904952 0.2308505476 -0.9467138648 0.0246490687 0.9725683928 0.2313074768 0.9741414189 0.0286138449 -0.2241198570
-431.8 -451.2 2526.7 -0.2435872555 0.1862122118 -0.9518352151 -0.0693015903 0.9755455852 0.2085859925 0.9673998952 0.1167725846 -0.2247256637
-436.6 -86.1 2676.2 -0.6753505468 0.0073093777 -0.7374606133 -0.0022633364 0.9999256134 0.0119835269 0.7374933958 0.0097622033 -0.6752837896
-439.5 -483.4 2672.3 -0.6753505468 0.0073093777 -0.7374606133 -0.0022633364 0.9999256134 0.0119835269 0.7374933958 0.0097622033 -0.6752837896
-7.5 597.3 2629.0 0 0 0 0 0 0 0 0 0
-533.0 -206.2 2905.7 0 0 0 0 0 0 0 0 0
-499.3 -804.6 2484.4 0 0 0 0 0 0 0 0 0
-442.3 -865.4 2668.6 0 0 0 0 0 0 0 0 0
-411.8 516.0 2682.8 12 -0.5579922199 -0.0460523330 -0.8285673261 -0.1510411799 0.9874172807 0.0468361899 0.8159847856 0.1512820274 -0.5579270124
-402.7 319.2 2652.6 -0.5579922199 -0.0460523330 -0.8285673261 -0.1510411799 0.9874172807 0.0468361899 0.8159847856 0.1512820274 -0.5579270124
-393.0 122.6 2625.7 -0.5585421324 -0.0486635566 -0.8280474544 -0.1395636946 0.9895590544 0.0359843373 0.8176506758 0.1356641203 -0.5595020652
-324.1 338.8 2537.6 -0.9640345573 -0.2386186123 0.1170406044 -0.2372567505 0.5741854310 -0.7835944891 0.1197772175 -0.7831808329 -0.6101484895
-101.3 393.7 2509.9 -0.3640542030 -0.2386186123 0.9002919793 -0.8005536199 0.5741854310 -0.1715371907 -0.4760026038 -0.7831808329 -0.4000616074
-481.3 299.6 2767.7 -0.1432057470 0.9618658423 -0.2330369800 -0.9178607464 -0.0410088338 0.3947783113 0.3701671958 0.2704300284 0.8887315989
-519.9 51.9 2867.5 -0.0504626520 0.9637613893 -0.2619494200 -0.9891478419 -0.0119914468 0.1464333534 0.1379856616 0.2664961219 0.9539076090
-335.4 -59.1 2525.7 -0.2258625627 0.2387179583 -0.9444574118 0.0573659763 0.9710872173 0.2317299992 0.9724686146 -0.0018405897 -0.2330265343
-430.2 -445.0 2526.4 -0.2514147162 0.1884263456 -0.9493609071 -0.0651836470 0.9753436446 0.2108456045 0.9656820297 0.1148924977 -0.2329334319
-434.6 -86.9 2673.7 -0.6809436679 0.0098619256 -0.7322694063 0.0048976219 0.9999482632 0.0089125829 0.7323194146 0.0024825882 -0.6809567809
-438.5 -484.4 2672.7 -0.6809436679 0.0098619256 -0.7322694063 0.0048976219 0.9999482632 0.0089125829 0.7323194146 0.0024825882 -0.6809567809
-8.1 598.6 2631.8 0 0 0 0 0 0 0 0 0
-533.0 -205.2 2903.4 0 0 0 0 0 0 0 0 0
-499.5 -803.6 2484.2 0 0 0 0 0 0 0 0 0
-442.3 -866.5 2671.8 0 0 0 0 0 0 0 0 0
-405.8 518.5 2680.3 13 -0.5407703519 -0.0204014108 -0.8409228325 -0.1461449713 0.9867805839 0.0700410828 0.8283773661 0.1607727855 -0.5366032124
-401.8 322.3 2648.3 -0.5407703519 -0.0204014108 -0.8409228325 -0.1461449713 0.9867805839 0.0700410828 0.8283773661 0.1607727855 -0.5366032124
-394.0 125.4 2622.2 -0.5412052274 -0.0392316468 -0.8399748802 -0.1317243576 0.9905342460 0.0386078507 0.8305092454 0.1315399259 -0.5412501097
-325.7 340.9 2531.5 -0.9692538381 -0.2085532099 0.1305852830 -0.2285716534 0.5665919781 -0.7916619182 0.0911150500 -0.7971694469 -0.5968407989
-98.2 394.5 2510.1 -0.3549764156 -0.2085532099 0.9113162160 -0.8033608198 0.5665919781 -0.1832619458 -0.4781245887 -0.7971694469 -0.3686702549
-477.9 303.8 2765.2 -0.1408328265 0.9673411250 -0.2107539177 -0.9150246382 -0.0458989404 0.4007782042 0.3780158460 0.2492877543 0.8916050792
-515.9 56.8 2867.2 -0.0537297986 0.9693350196 -0.2397971451 -0.9880782962 -0.0169141237 0.1530201435 0.1442718357 0.2451601028 0.9586877227
-332.1 -61.3 2523.7 -0.2059018910 0.2459497899 -0.9471605420 0.0559264235 0.9692757130 0.2395346761 0.9769732356 -0.0036506618 -0.2133307904
-429.9 -446.6 2525.2 -0.2306912541 0.1900161952 -0.9542931318 -0.0630660430 0.9757647514 0.2095371783 0.9709810615 0.1085218862 -0.2131168097
-435.8 -83.5 2672.2 -0.6645255685 0.0163250063 -0.7470871806 0.0131160440 0.9998621345 0.0101819551 0.7471504211 -0.0030326587 -0.6646480560
-442.3 -481.0 2673.4 -0.6645255685 0.0163250063 -0.7470871806 0.0131160440 0.9998621345 0.0101819551 0.7471504211 -0.0030326587 -0.6646480560
-7.6 599.7 2632.2 0 0 0 0 0 0 0 0 0
-529.9 -200.0 2904.7 0 0 0 0 0 0 0 0 0
-499.6 -804.7 2485.3 0 0 0 0 0 0 0 0 0
-448.6 -863.2 2674.6 0 0 0 0 0 0 0 0 0
-410.8 515.3 2688.5 14 -0.5394287109 -0.0310288239 -0.8414593935 -0.1652436554 0.9837900400 0.0696543753 0.8256580234 0.1766193956 -0.5358119011
-404.6 319.2 2653.3 -0.5394287109 -0.0310288239 -0.8414593935 -0.1652436554 0.9837900400 0.0696543753 0.8256580234 0.1766193956 -0.5358119011
-397.1 122.9 2623.5 -0.5400766730 -0.0375976339 -0.8407756090 -0.1466272324 0.9879269004 0.0500088595 0.8287446499 0.1502892077 -0.5390691161
-328.6 339.8 2536.7 -0.9662511349 -0.2280518413 0.1197960526 -0.2321567386 0.5693863630 -0.7886078954 0.1116332486 -0.7898047566 -0.6031140089
-96.7 395.5 2509.9 -0.3520429730 -0.2280518413 0.9077764750 -0.8045200109 0.5693863630 -0.1689579040 -0.4783443511 -0.7898047566 -0.3839207292
-480.6 298.6 2769.9 -0.1416357458 0.9676566124 -0.2087581158 -0.9217856526 -0.0520377234 0.3841917515 0.3609023988 0.2468455136 0.8993424177
-518.8 49.8 2867.3 -0.0549801514 0.9696889520 -0.2380766571 -0.9905495644 -0.0229641646 0.1352189183 0.1256530732 0.2432610989 0.9617875814
-336.5 -59.3 2519.9 -0.1975082308 0.2363937199 -0.9513719082 0.0648806766 0.9715136886 0.2279290110 0.9781517982 -0.0167077985 -0.2072193325
-430.5 -445.5 2526.5 -0.2251759022 0.1875827610 -0.9560902119 -0.0687547773 0.9757860303 0.2076399773 0.9718891978 0.1124912873 -0.2068262994
-439.2 -87.0 2669.6 -0.6633204222 0.0178001132 -0.7481237650 -0.0000623003 0.9997157454 0.0238414817 0.7483354807 0.0158611499 -0.6631307602
-446.3 -484.3 2663.3 -0.6633204222 0.0178001132 -0.7481237650 -0.0000623003 0.9997157454 0.0238414817 0.7483354807 0.0158611499 -0.6631307602
-6.8 601.1 2632.1 0 0 0 0 0 0 0 0 0
-533.1 -207.6 2900.0 0 0 0 0 0 0 0 0 0
-499.3 -803.6 2485.3 0 0 0 0 0 0 0 0 0
-453.1 -866.5 2657.2 0 0 0 0 0 0 0 0 0
-410.4 511.6 2681.7 15 -0.5379003882 -0.0319456086 -0.8424028754 -0.1329423338 0.9899923205 0.0473453104 0.8324599266 0.1374580711 -0.5367642045
-404.0 313.9 2654.2 -0.5379003882 -0.0319456086 -0.8424028754 -0.1329423338 0.9899923205 0.0473453104 0.8324599266 0.1374580711 -0.5367642045
-397.4 116.7 2630.9 -0.5384306908 -0.0330911875 -0.8420197964 -0.1167765334 0.9925175309 0.0356671996 0.8345391750 0.1175324693 -0.5382662416
-328.2 330.3 2536.8 -0.9593085051 -0.2475500554 0.1358165741 -0.2557564378 0.5579774380 -0.7894617319 0.1196487099 -0.7920733094 -0.5985850096
-98.9 391.4 2508.2 -0.3601736128 -0.2475500554 0.8994408846 -0.8119288087 0.5579774380 -0.1715598851 -0.4593980908 -0.7920733094 -0.4019617736
-479.7 297.4 2771.6 -0.1444924325 0.9680967927 -0.2047205716 -0.9086965322 -0.0479320474 0.4146964848 0.3916536570 0.2459493726 0.8866320252
-518.7 52.3 2877.2 -0.0587288551 0.9702419639 -0.2349074334 -0.9855976105 -0.0189739112 0.1680395305 0.1585818976 0.2413929850 0.9573825002
-340.1 -60.0 2517.6 -0.2019077092 0.2282832265 -0.9524285197 0.0677557066 0.9733825326 0.2189419121 0.9770580530 -0.0203264076 -0.2120009363
-430.9 -447.0 2525.7 -0.2301379889 0.1894439757 -0.9545404315 -0.0669875294 0.9754585028 0.2097460628 0.9708496928 0.1122128442 -0.2117996663
-440.2 -91.2 2684.0 -0.6612835526 0.0219602380 -0.7498145103 0.0275369771 0.9996083379 0.0049904161 0.7496303916 -0.0173475444 -0.6616292596
-448.9 -488.4 2690.9 -0.6612835526 0.0219602380 -0.7498145103 0.0275369771 0.9996083379 0.0049904161 0.7496303916 -0.0173475444 -0.6616292596
-6.7 599.3 2625.9 0 0 0 0 0 0 0 0 0
-534.0 -203.7 2918.4 0 0 0 0 0 0 0 0 0
-500.0 -803.0 2484.7 0 0 0 0 0 0 0 0 0
-457.3 -870.3 2697.5 0 0 0 0 0 0 0 0 0
-411.9 512.8 2678.7 16 -0.5622814298 -0.0373251140 -0.8261031508 -0.1214552298 0.9918748736 0.0378526337 0.8179781437 0.1216183752 -0.5622462034
-404.4 314.5 2654.4 -0.5622814298 -0.0373251140 -0.8261031508 -0.1214552298 0.9918748736 0.0378526337 0.8179781437 0.1216183752 -0.5622462034
-397.6 116.9 2634.0 -0.5629082918 -0.0345058814 -0.8257987499 -0.1041237041 0.9941286445 0.0294367298 0.8199344277 0.1025554091 -0.5631961226
-325.2 329.1 2539.1 -0.9524624944 -0.2688176930 0.1433604956 -0.2751403451 0.5569419265 -0.7836539149 0.1308165640 -0.7858452201 -0.6044289470
-102.2 393.6 2508.5 -0.3637916148 -0.2688176930 0.8918479085 -0.8141528964 0.5569419265 -0.1642277092 -0.4525602162 -0.7858452201 -0.4214695096
-483.6 299.8 2769.7 -0.1578963697 0.9603409767 -0.2298127711 -0.9029024839 -0.0461845137 0.4273571670 0.3997948170 0.2749766707 0.8743866086
-526.2 56.2 2877.6 -0.0655502751 0.9626790881 -0.2625873089 -0.9831721783 -0.0173412543 0.1818562746 0.1705156416 0.2700892687 0.9476160407
-341.4 -69.8 2531.0 -0.2397090495 0.2299640924 -0.9432158470 0.0422661453 0.9730921388 0.2265066803 0.9699242711 0.0144296037 -0.2429786921
-432.8 -456.4 2525.3 -0.2626878321 0.1856896579 -0.9468444586 -0.0697925165 0.9750799537 0.2105899304 0.9623534083 0.1214020699 -0.2431818843
-442.4 -90.2 2688.8 -0.6829220057 0.0247067697 -0.7300733328 0.0392878838 0.9992236495 -0.0029352838 0.7294340134 -0.0306876060 -0.6833624840
-452.2 -487.3 2701.0 -0.6829220057 0.0247067697 -0.7300733328 0.0392878838 0.9992236495 -0.0029352838 0.7294340134 -0.0306876060 -0.6833624840
-9.6 600.8 2623.7 0 0 0 0 0 0 0 0 0
-543.2 -199.3 2921.9 0 0 0 0 0 0 0 0 0
-498.5 -801.7 2482.3 0 0 0 0 0 0 0 0 0
-461.7 -869.2 2712.7 0 0 0 0 0 0 0 0 0
-416.1 514.0 2697.7 17 -0.5688630342 -0.0529964343 -0.8207229972 -0.1731358171 0.9832753539 0.0565117262 0.8040017486 0.1742439717 -0.5685245395
-405.6 318.0 2663.0 -0.5688630342 -0.0529964343 -0.8207229972 -0.1731358171 0.9832753539 0.0565117262 0.8040017486 0.1742439717 -0.5685245395
-395.9 122.0 2633.1 -0.5699877739 -0.0483786538 -0.8202276826 -0.1512709707 0.9873799086 0.0468827151 0.8076081872 0.1507992148 -0.5701127648
-325.4 339.3 2549.6 -0.9582708478 -0.2830688953 0.0398622900 -0.1976693124 0.5554217696 -0.8077335954 0.2065038681 -0.7819070816 -0.5881984830
-105.6 384.6 2502.2 -0.3530292511 -0.2830688953 0.8917636275 -0.8183534741 0.5554217696 -0.1476625502 -0.4535062313 -0.7819070816 -0.4277305305
-485.7 296.8 2776.5 -0.1501327306 0.9579953551 -0.2443462461 -0.9233489037 -0.0475227609 0.3810097575 0.3533935547 0.2828188539 0.8916986585
-526.2 47.9 2871.7 -0.0543145351 0.9600085616 -0.2746515572 -0.9911098480 -0.0183754042 0.1317710578 0.1214545071 0.2793669403 0.9524719715
-339.2 -71.1 2538.5 -0.2426878959 0.2403877527 -0.9398490787 0.0237783268 0.9699952602 0.2419582754 0.9698129296 0.0363723040 -0.2411221266
-434.7 -456.5 2524.0 -0.2613998055 0.1795737594 -0.9483793378 -0.0715442300 0.9762343764 0.2045676261 0.9625754952 0.1213250086 -0.2423399985
-438.5 -87.8 2677.2 -0.6908978820 0.0118051926 -0.7228559852 -0.0052622287 0.9997580647 0.0213569496 0.7229332328 0.0185593050 -0.6906685829
-443.2 -484.7 2669.8 -0.6908978820 0.0118051926 -0.7228559852 -0.0052622287 0.9997580647 0.0213569496 0.7229332328 0.0185593050 -0.6906685829
-15.6 593.3 2617.9 0 0 0 0 0 0 0 0 0
-540.3 -209.4 2903.3 0 0 0 0 0 0 0 0 0
-497.8 -799.8 2481.4 0 0 0 0 0 0 0 0 0
-447.7 -866.4 2662.7 0 0 0 0 0 0 0 0 0
-417.8 524.8 2676.8 18 -0.6944245696 -0.0312830545 -0.7188851833 -0.0939624757 0.9944424033 0.0474911109 0.7134041786 0.1005272269 -0.6935046911
-411.0 307.0 2654.7 -0.6944245696 -0.0312830545 -0.7188851833 -0.0939624757 0.9944424033 0.0474911109 0.7134041786 0.1005272269 -0.6935046911
-402.6 109.6 2639.2 -0.6946058273 -0.0478470065 -0.7177976370 -0.0894044116 0.9957917929 0.0201382209 0.7138134241 0.0781624019 -0.6959605217
-314.5 319.8 2556.0 -0.9261305332 -0.3761341870 0.0283783898 -0.2612389624 0.5853207111 -0.7675635815 0.2720964551 -0.7182775736 -0.6403443217
-106.2 378.6 2494.8 -0.3492226303 -0.3761341870 0.8582345843 -0.8075906634 0.5853207111 -0.0720896199 -0.4752271175 -0.7182775736 -0.5081697106
-507.4 294.1 2753.5 -0.2291433215 0.8983631134 -0.3747493625 -0.8974912167 -0.0459467582 0.4386324584 0.3768326938 0.4368439615 0.8168013692
-569.0 52.9 2854.8 -0.1009693816 0.9016224146 -0.4205737114 -0.9802473187 -0.0178977586 0.1969641447 0.1700599492 0.4321536124 0.8856200576
-334.0 -70.3 2543.5 -0.3996241391 0.2573113739 -0.8798246384 0.0669789016 0.9654264450 0.2519238591 0.9142288566 0.0417451710 -0.4030421376
-433.8 -444.7 2527.3 -0.4220258296 0.1759063601 -0.8893543482 -0.0428033769 0.9760349989 0.2133625299 0.9055727720 0.1281118691 -0.4043825865
-457.2 -96.1 2688.0 -0.7968583703 0.0378007032 -0.6029824018 0.0549619049 0.9984379411 -0.0100420788 0.6016609669 -0.0411431789 -0.7976912856
-472.1 -492.0 2704.3 -0.7968583703 0.0378007032 -0.6029824018 0.0549619049 0.9984379411 -0.0100420788 0.6016609669 -0.0411431789 -0.7976912856
-16.6 585.9 2616.8 0 0 0 0 0 0 0 0 0
-595.2 -201.2 2898.9 0 0 0 0 0 0 0 0 0
-497.6 -798.9 2480.8 0 0 0 0 0 0 0 0 0
-486.6 -872.6 2720.0 0 0 0 0 0 0 0 0 0
-412.3 515.6 2674.3 19 -0.6422666311 -0.0111991027 -0.7663994431 -0.0833856240 0.9949795604 0.0553404987 0.7619320154 0.0994500592 -0.6399760246
-410.0 307.5 2653.5 -0.6422666311 -0.0111991027 -0.7663994431 -0.0833856240 0.9949795604 0.0553404987 0.7619320154 0.0994500592 -0.6399760246
-403.4 109.6 2639.9 -0.6424555779 -0.0357368700 -0.7654892206 -0.0753668100 0.9970158935 0.0167077482 0.7626078129 0.0684264675 -0.6432318091
-320.5 318.2 2547.3 -0.9394220114 -0.3347491026 0.0736838803 -0.2727773190 0.5999599695 -0.7520908117 0.2075543255 -0.7266299129 -0.6549275517
-102.1 381.6 2499.0 -0.3257601261 -0.3347491026 0.8842077851 -0.7972540855 0.5999599695 -0.0665878877 -0.5081990361 -0.7266299129 -0.4623230994
-499.5 296.7 2759.7 -0.2049879879 0.9275670052 -0.3124089837 -0.8905630708 -0.0443410315 0.4526933432 0.4060508609 0.3710165918 0.8351463079
-554.7 57.0 2869.0 -0.0919789076 0.9306084514 -0.3542707562 -0.9772855043 -0.0161489844 0.2113108784 0.1909265816 0.3656598330 0.9109554887
-331.4 -84.4 2566.3 -0.3568007946 0.2645464242 -0.8959399462 -0.0052076560 0.9584869742 0.2850887477 0.9341659546 0.1063856408 -0.3406112492
-435.0 -460.0 2524.6 -0.3669560552 0.1724507362 -0.9141137600 -0.0595782846 0.9762918949 0.2080975771 0.9283284545 0.1308239996 -0.3479818702
-455.2 -95.3 2695.6 -0.7515906692 0.0381266028 -0.6585269570 0.0665486082 0.9976173043 -0.0181944855 0.6562641859 -0.0574988611 -0.7523371577
-470.3 -491.4 2718.5 -0.7515906692 0.0381266028 -0.6585269570 0.0665486082 0.9976173043 -0.0181944855 0.6562641859 -0.0574988611 -0.7523371577
-18.7 585.8 2629.1 0 0 0 0 0 0 0 0 0
-578.6 -196.6 2918.5 0 0 0 0 0 0 0 0 0
-495.6 -803.1 2478.7 0 0 0 0 0 0 0 0 0
-484.9 -872.2 2740.4 0 0 0 0 0 0 0 0 0
-412.0 509.4 2676.5 20 -0.5926211476 -0.0226376541 -0.8051631451 -0.0952232182 0.9945642948 0.0421239994 0.7998329401 0.1016338021 -0.5915554762
-407.3 305.8 2655.7 -0.5926211476 -0.0226376541 -0.8051631451 -0.0952232182 0.9945642948 0.0421239994 0.7998329401 0.1016338021 -0.5915554762
-401.9 107.8 2640.8 -0.5930752158 -0.0289820563 -0.8046252728 -0.0777058005 0.9967471957 0.0213734321 0.8013885021 0.0752001032 -0.5933981538
-324.5 316.8 2543.7 -0.9432283044 -0.3151951134 0.1047495157 -0.2743784785 0.5616894960 -0.7805263400 0.1871813685 -0.7649555206 -0.6162841916
-103.5 381.1 2499.9 -0.2904053628 -0.3151951134 0.9035025239 -0.8244616985 0.5616894960 -0.0690494031 -0.4857238531 -0.7649555206 -0.4229839444
-490.2 294.8 2767.7 -0.1803941280 0.9492397308 -0.2576857209 -0.8917008042 -0.0472588837 0.4501513541 0.4151236117 0.3109832406 0.8549630642
-538.8 54.5 2879.6 -0.0812212080 0.9519914985 -0.2951530516 -0.9779421687 -0.0189427659 0.2080151141 0.1924376041 0.3055378497 0.9325311780
-338.4 -83.8 2560.7 -0.2984395921 0.2482423782 -0.9215798974 -0.0143780112 0.9643040299 0.2644069195 0.9543201923 0.0921599790 -0.2842172682
-436.4 -464.4 2524.4 -0.3089025021 0.1735222638 -0.9351305962 -0.0705020651 0.9763333797 0.2044568360 0.9484770298 0.1290858686 -0.2893581390
-450.4 -97.4 2699.0 -0.7084031701 0.0358667262 -0.7048960924 0.0645076931 0.9978181720 -0.0140573680 0.7028539777 -0.0554295070 -0.7091712356
-464.7 -493.8 2721.0 -0.7084031701 0.0358667262 -0.7048960924 0.0645076931 0.9978181720 -0.0140573680 0.7028539777 -0.0554295070 -0.7091712356
-29.4 591.5 2623.8 0 0 0 0 0 0 0 0 0
-559.9 -199.5 2929.6 0 0 0 0 0 0 0 0 0
-496.5 -802.4 2479.7 0 0 0 0 0 0 0 0 0
-478.4 -875.0 2742.2 0 0 0 0 0 0 0 0 0
-411.5 514.7 2677.2 21 -0.5671912432 -0.0302335545 -0.8230310082 -0.1066462770 0.9936085343 0.0369955860 0.8166521192 0.1087567657 -0.5667903423
-405.4 313.6 2655.1 -0.5671912432 -0.0302335545 -0.8230310082 -0.1066462770 0.9936085343 0.0369955860 0.8166521192 0.1087567657 -0.5667903423
-399.6 115.7 2638.1 -0.5677698851 -0.0301129557 -0.8226363659 -0.0875701308 0.9958695769 0.0239852089 0.8185162544 0.0856564566 -0.5680617094
-325.8 325.9 2540.4 -0.9630712271 -0.2690379322 0.0106025562 -0.1587241441 0.5354930758 -0.8294900656 0.2174866945 -0.8005409241 -0.5584207773
-109.8 361.6 2491.6 -0.2805013061 -0.2690379322 0.9213780761 -0.8387198448 0.5354930758 -0.0989757255 -0.4667633772 -0.8005409241 -0.3758539557
-484.9 301.2 2769.9 -0.1643906534 0.9585896730 -0.2325543314 -0.8958429098 -0.0464151837 0.4419401288 0.4128451943 0.2809829712 0.8663760424
-529.3 59.6 2881.2 -0.0715906024 0.9610800743 -0.2668329775 -0.9799519777 -0.0179051775 0.1984276474 0.1859271675 0.2756890655 0.9430941939
-342.4 -84.3 2554.7 -0.2633548081 0.2400969267 -0.9343434572 -0.0031154454 0.9683169127 0.2497051656 0.9646940231 0.0686719492 -0.2542628944
-437.5 -467.7 2527.5 -0.2792453468 0.1732858866 -0.9444543719 -0.0870527253 0.9749623537 0.2046221495 0.9562655687 0.1393571049 -0.2571687102
-445.6 -90.3 2696.0 -0.6865848303 0.0302831102 -0.7264187336 0.0549716726 0.9984344244 -0.0103342822 0.7249685526 -0.0470278151 -0.6871746778
-457.7 -487.1 2714.7 -0.6865848303 0.0302831102 -0.7264187336 0.0549716726 0.9984344244 -0.0103342822 0.7249685526 -0.0470278151 -0.6871746778
-37.2 578.5 2612.3 0 0 0 0 0 0 0 0 0
-547.9 -195.0 2929.5 0 0 0 0 0 0 0 0 0
-496.6 -800.6 2480.0 0 0 0 0 0 0 0 0 0
-469.2 -868.7 2732.6 0 0 0 0 0 0 0 0 0
-415.1 513.3 2688.5 22 -0.5520158410 -0.0458813831 -0.8325703740 -0.1582463235 0.9861033559 0.0505791306 0.8186798096 0.1596716791 -0.5516052246
-405.8 315.1 2656.4 -0.5520158410 -0.0458813831 -0.8325703740 -0.1582463235 0.9861033559 0.0505791306 0.8186798096 0.1596716791 -0.5516052246
-397.5 118.7 2629.1 -0.5529261231 -0.0430862866 -0.8321155310 -0.1380311996 0.9896003604 0.0404785760 0.8217177391 0.1372395754 -0.5531231165
-328.2 334.5 2541.1 -0.9630679488 -0.2540590763 -0.0891857147 -0.0620664135 0.5317714810 -0.8446105123 0.2620073557 -0.8078818917 -0.5279005766
-114.8 348.3 2483.1 -0.2704969645 -0.2540590763 0.9285932183 -0.8410227895 0.5317714810 -0.0994975492 -0.4685211182 -0.8078818917 -0.3575120270
-483.4 295.6 2771.6 -0.1449904442 0.9636127353 -0.2245624959 -0.9179540277 -0.0463076681 0.3939745724 0.3692399263 0.2632606030 0.8912663460
-522.5 48.3 2871.1 -0.0545543991 0.9656172991 -0.2541792095 -0.9891219139 -0.0174347181 0.1460610628 0.1366075426 0.2593825161 0.9560644031
-341.9 -74.8 2547.2 -0.2309481055 0.2403268069 -0.9428181052 0.0116339223 0.9696272016 0.2443107218 0.9728965163 0.0454544276 -0.2267295122
-437.2 -459.4 2529.2 -0.2510885000 0.1705722958 -0.9528167248 -0.0954886749 0.9751850367 0.1997400522 0.9632427096 0.1411356330 -0.2285700291
-439.7 -90.4 2677.0 -0.6753070354 0.0151856411 -0.7373803258 0.0073675434 0.9998770356 0.0138441706 0.7374998927 0.0039163847 -0.6753358841
-445.7 -487.3 2675.4 -0.6753070354 0.0151856411 -0.7373803258 0.0073675434 0.9998770356 0.0138441706 0.7374998927 0.0039163847 -0.6753358841
-44.0 568.4 2605.7 0 0 0 0 0 0 0 0 0
-536.7 -208.4 2906.5 0 0 0 0 0 0 0 0 0
-496.8 -800.1 2479.9 0 0 0 0 0 0 0 0 0
-451.5 -869.0 2673.9 0 0 0 0 0 0 0 0 0
-410.9 509.8 2682.6 23 -0.5779907703 -0.0249525849 -0.8156617284 -0.1391406804 0.9879092574 0.0683753267 0.8040935993 0.1530120224 -0.5744743347
-405.9 312.1 2652.0 -0.5779907703 -0.0249525849 -0.8156617284 -0.1391406804 0.9879092574 0.0683753267 0.8040935993 0.1530120224 -0.5744743347
-400.8 115.4 2625.3 -0.5783748627 -0.0260818657 -0.8153540492 -0.1242487580 0.9906442165 0.0564472713 0.8062535524 0.1339544207 -0.5762043595
-324.7 329.6 2538.8 -0.9623503685 -0.2528717518 -0.0996877104 -0.0509829968 0.5281706452 -0.8476063609 0.2669878304 -0.8106119037 -0.5211774111
-117.9 340.5 2481.4 -0.2685661912 -0.2528717518 0.9294773340 -0.8432348371 0.5281706452 -0.0999539569 -0.4656471014 -0.8106119037 -0.3550790548
-487.1 294.7 2765.2 -0.1743134558 0.9547585845 -0.2409375012 -0.9136867523 -0.0655979514 0.4010902643 0.3671393394 0.2900568247 0.8837848902
-534.1 48.4 2864.2 -0.0788432062 0.9574744701 -0.2775362432 -0.9874205589 -0.0367310196 0.1537903249 0.1370561272 0.2861703038 0.9483259916
-338.5 -65.4 2527.2 -0.2475074977 0.2426889986 -0.9379990101 0.0581513010 0.9700967669 0.2356494367 0.9671393037 0.0037791396 -0.2542189062
-434.8 -450.3 2525.7 -0.2737719417 0.1862661839 -0.9435856342 -0.0679470375 0.9748707414 0.2121561021 0.9593915343 0.1221962348 -0.2542360425
-448.7 -92.7 2672.5 -0.6952911019 0.0357561000 -0.7178382874 0.0231453404 0.9993576407 0.0273604542 0.7183554769 0.0024088696 -0.6956720352
-462.9 -489.7 2671.5 -0.6952911019 0.0357561000 -0.7178382874 0.0231453404 0.9993576407 0.0273604542 0.7183554769 0.0024088696 -0.6956720352
-47.2 562.5 2604.0 0 0 0 0 0 0 0 0 0
-554.6 -208.1 2899.8 0 0 0 0 0 0 0 0 0
-501.0 -796.8 2482.3 0 0 0 0 0 0 0 0 0
-476.6 -871.4 2670.6 0 0 0 0 0 0 0 0 0
-405.1 513.4 2679.7 24 -0.6224633455 -0.0139055885 -0.7825254202 -0.1334692985 0.9870820642 0.0886281654 0.7711843848 0.1596109122 -0.6162784100
-402.4 317.2 2648.0 -0.6224633455 -0.0139055885 -0.7825254202 -0.1334692985 0.9870820642 0.0886281654 0.7711843848 0.1596109122 -0.6162784100
-397.7 120.5 2620.3 -0.6226525903 -0.0235892460 -0.7821427584 -0.1234910190 0.9899820089 0.0684517920 0.7726925015 0.1392092854 -0.6193279028
-315.0 334.5 2539.5 -0.9525393248 -0.2610287964 -0.1566295028 -0.0050040674 0.5278822184 -0.8493028283 0.3043744266 -0.8082106113 -0.5041347742
-119.0 335.6 2476.9 -0.2638423741 -0.2610287964 0.9285748005 -0.8443716168 0.5278822184 -0.0915257856 -0.4662872553 -0.8082106113 -0.3596830070
-489.8 299.9 2756.4 -0.2026388496 0.9369040728 -0.2848652899 -0.9143679142 -0.0769005716 0.3975142241 0.3505264223 0.3410235345 0.8722581267
-544.4 53.4 2850.9 -0.0954838246 0.9401057363 -0.3272369206 -0.9874782562 -0.0479850434 0.1502800733 0.1255766749 0.3374886811 0.9329158068
-342.8 -70.1 2525.1 -0.2957021296 0.2349209040 -0.9259440899 0.0686940700 0.9720103741 0.2246707827 0.9528071284 0.0028287545 -0.3035632074
-436.1 -456.2 2524.0 -0.3215829432 0.1807746738 -0.9294648767 -0.0571445674 0.9761119485 0.2096185088 0.9451555014 0.1205236018 -0.3035706580
-450.0 -87.5 2663.3 -0.7331621647 0.0449875109 -0.6785641909 0.0253264755 0.9989235401 0.0388624556 0.6795820594 0.0113068437 -0.7335123420
-467.9 -484.5 2658.8 -0.7331621647 0.0449875109 -0.6785641909 0.0253264755 0.9989235401 0.0388624556 0.6795820594 0.0113068437 -0.7335123420
-48.8 560.2 2601.0 0 0 0 0 0 0 0 0 0
-569.2 -203.2 2883.6 0 0 0 0 0 0 0 0 0
-499.3 -797.7 2481.8 0 0 0 0 0 0 0 0 0
-485.1 -866.1 2654.5 0 0 0 0 0 0 0 0 0
-404.4 509.9 2677.2 25 -0.6069408655 -0.0200274605 -0.7944946289 -0.1266690642 0.9893410802 0.0718275979 0.7845876217 0.1442329884 -0.6030083895
-400.4 312.7 2648.5 -0.6069408655 -0.0200274605 -0.7944946289 -0.1266690642 0.9893410802 0.0718275979 0.7845876217 0.1442329884 -0.6030083895
-395.4 115.6 2623.5 -0.6072056890 -0.0251364112 -0.7941469550 -0.1150509194 0.9917470813 0.0565772019 0.7861707807 0.1257213354 -0.6050864458
-315.1 328.8 2538.0 -0.9588244557 -0.2483212799 -0.1378122568 -0.0136023192 0.5248526931 -0.8510844111 0.2836734951 -0.8141659498 -0.5066193342
-114.2 331.7 2478.6 -0.2455371320 -0.2483212799 0.9370421767 -0.8471472263 0.5248526931 -0.0828927532 -0.4712250829 -0.8141659498 -0.3392355144
-485.7 296.5 2759.0 -0.1919703037 0.9436113834 -0.2697126269 -0.9099599719 -0.0682057217 0.4090486467 0.3675870299 0.3239529133 0.8717420697
-537.5 51.1 2858.1 -0.0887657627 0.9466239214 -0.3098770678 -0.9859420061 -0.0392901339 0.1624028385 0.1415593028 0.3199366331 0.9368038774
-336.0 -65.0 2522.0 -0.2760190070 0.2565177083 -0.9262894392 0.0875998810 0.9664311409 0.2415308356 0.9571518898 -0.0144757507 -0.2892242670
-437.9 -448.9 2527.7 -0.3076826632 0.1668735296 -0.9367414713 -0.0742724612 0.9772843719 0.1984915286 0.9485857487 0.1306464970 -0.2882993519
-446.0 -92.1 2670.5 -0.7201095819 0.0408102237 -0.6926591992 0.0320451371 0.9991596937 0.0255535766 0.6931200027 -0.0037949851 -0.7208122015
-462.2 -489.2 2672.0 -0.7201095819 0.0408102237 -0.6926591992 0.0320451371 0.9991596937 0.0255535766 0.6931200027 -0.0037949851 -0.7208122015
-49.2 555.8 2603.2 0 0 0 0 0 0 0 0 0
-560.6 -205.1 2894.9 0 0 0 0 0 0 0 0 0
-497.8 -799.7 2480.8 0 0 0 0 0 0 0 0 0
-477.8 -871.0 2673.4 0 0 0 0 0 0 0 0 0
-401.3 504.4 2676.0 26 -0.5892831683 0.0083811749 -0.8078830838 -0.1205181107 0.9878465533 0.0981560424 0.7988871932 0.1552062482 -0.5811112523
-402.9 308.0 2645.2 -0.5892831683 0.0083811749 -0.8078830838 -0.1205181107 0.9878465533 0.0981560424 0.7988871932 0.1552062482 -0.5811112523
-399.6 110.6 2621.7 -0.5893474221 -0.0167706143 -0.8077056408 -0.1053568646 0.9928417802 0.0562596358 0.8009803891 0.1182538047 -0.5868956447
-320.1 322.8 2532.5 -0.9663369656 -0.2324626595 -0.1102448776 -0.0252958331 0.5122718811 -0.8584507108 0.2560330927 -0.8267639279 -0.5009075999
-113.5 328.2 2477.8 -0.2458478659 -0.2324626595 0.9410206676 -0.8533950448 0.5122718811 -0.0964073017 -0.4596473575 -0.8267639279 -0.3243234456
-485.8 293.2 2757.8 -0.1883021891 0.9505326152 -0.2470425069 -0.9058129191 -0.0708816126 0.4177065194 0.3795329332 0.3024293482 0.8743519187
-536.6 48.8 2860.2 -0.0908136815 0.9536084533 -0.2870257199 -0.9842327237 -0.0420154706 0.1718155891 0.1517852843 0.2981033027 0.9423882365
-334.7 -71.0 2526.5 -0.2591578364 0.2613810301 -0.9297941923 0.0746360794 0.9652253389 0.2505383193 0.9629468918 -0.0044672266 -0.2696541548
-438.6 -454.6 2528.3 -0.2887917459 0.1652183235 -0.9430282116 -0.0803335533 0.9773415923 0.1958312541 0.9540156722 0.1323112547 -0.2689756155
-450.2 -96.3 2671.6 -0.7035755515 0.0461502336 -0.7091203332 0.0417545997 0.9988496304 0.0235779881 0.7093927264 -0.0130201383 -0.7046931982
-468.6 -493.4 2676.7 -0.7035755515 0.0461502336 -0.7091203332 0.0417545997 0.9988496304 0.0235779881 0.7093927264 -0.0130201383 -0.7046931982
-49.3 550.8 2597.7 0 0 0 0 0 0 0 0 0
-560.2 -207.0 2899.6 0 0 0 0 0 0 0 0 0
-497.4 -802.2 2481.2 0 0 0 0 0 0 0 0 0
-486.2 -875.2 2681.7 0 0 0 0 0 0 0 0 0
-398.3 503.0 2677.4 27 -0.5958434343 0.0218703076 -0.8028028011 -0.1162989065 0.9867424369 0.1131987795 0.7946352363 0.1608138382 -0.5854004622
-402.6 307.3 2645.5 -0.5958434343 0.0218703076 -0.8028028011 -0.1162989065 0.9867424369 0.1131987795 0.7946352363 0.1608138382 -0.5854004622
-400.4 109.9 2622.1 -0.5957593918 -0.0109212538 -0.8030887246 -0.1011082232 0.9929726124 0.0615021326 0.7967734337 0.1178393438 -0.5926769972
-318.8 321.5 2533.4 -0.9647670984 -0.2359020114 -0.1165102720 -0.0220032055 0.5136166811 -0.8577376008 0.2621836364 -0.8249534369 -0.5007110834
-114.6 326.1 2477.9 -0.2492042780 -0.2359020114 0.9392802715 -0.8524981737 0.5136166811 -0.0971839651 -0.4595041275 -0.8249534369 -0.3291015029
-486.4 293.0 2757.6 -0.1972412616 0.9478281140 -0.2504350543 -0.9043142796 -0.0772621334 0.4198169112 0.3785651326 0.3092772067 0.8723738194
-539.7 49.0 2859.7 -0.0986402854 0.9511325359 -0.2926038504 -0.9835253358 -0.0484200865 0.1741648465 0.1514859498 0.3049629927 0.9402391315
-342.2 -77.1 2524.8 -0.2657416463 0.2515430152 -0.9306489825 0.0759263784 0.9678214788 0.2399099469 0.9610497355 -0.0069067348 -0.2762892246
-442.2 -461.8 2527.5 -0.2949979007 0.1561575830 -0.9426510930 -0.0840003714 0.9784966707 0.1883831769 0.9517983794 0.1347556859 -0.2755371630
-452.9 -96.8 2671.7 -0.7083309293 0.0530684814 -0.7038828135 0.0468126200 0.9985063076 0.0281728487 0.7043265104 -0.0129948994 -0.7097572088
-474.0 -493.7 2676.9 -0.7083309293 0.0530684814 -0.7038828135 0.0468126200 0.9985063076 0.0281728487 0.7043265104 -0.0129948994 -0.7097572088
-49.1 550.1 2598.6 0 0 0 0 0 0 0 0 0
-565.3 -206.7 2899.1 0 0 0 0 0 0 0 0 0
-496.6 -802.6 2480.6 0 0 0 0 0 0 0 0 0
-494.3 -875.4 2681.8 0 0 0 0 0 0 0 0 0
-398.0 502.5 2676.1 28 -0.6442793608 0.0075083883 -0.7647533417 -0.1180836409 0.9869841933 0.1091718152 0.7556191683 0.1606420130 -0.6350069046
-399.5 306.3 2644.2 -0.6442793608 0.0075083883 -0.7647533417 -0.1180836409 0.9869841933 0.1091718152 0.7556191683 0.1606420130 -0.6350069046
-396.4 108.9 2620.7 -0.6443525553 -0.0155794639 -0.7645698786 -0.1001315713 0.9929037094 0.0641551912 0.7581447363 0.1178961396 -0.6413400173
-309.0 320.4 2537.7 -0.9674677849 -0.2352351993 -0.0931153223 -0.0365153030 0.4940346479 -0.8686750531 0.2503451407 -0.8370150328 -0.4865522981
-110.6 327.8 2486.3 -0.2342424840 -0.2352351993 0.9432893991 -0.8646136522 0.4940346479 -0.0915041640 -0.4444926381 -0.8370150328 -0.3191114664
-490.0 292.2 2750.6 -0.2224820405 0.9266046286 -0.3031593859 -0.9043746591 -0.0800027251 0.4191730022 0.3641540706 0.3674281240 0.8557969332
-550.0 48.2 2848.9 -0.1103004366 0.9302379489 -0.3499873281 -0.9834378958 -0.0511945896 0.1738648266 0.1438181996 0.3633681536 0.9204781055
-343.6 -78.3 2525.6 -0.3228855133 0.2476101220 -0.9134736657 0.0828911960 0.9688596725 0.2333237529 0.9428011179 -0.0003820694 -0.3333554566
-442.1 -463.4 2525.7 -0.3507684767 0.1569227874 -0.9232208133 -0.0665079877 0.9791963100 0.1917061657 0.9340975285 0.1286460310 -0.3330345750
-452.3 -97.7 2666.7 -0.7505794168 0.0563386977 -0.6583741307 0.0480533354 0.9983744025 0.0306501538 0.6590306759 -0.0086316988 -0.7520664930
-474.7 -494.6 2670.2 -0.7505794168 0.0563386977 -0.6583741307 0.0480533354 0.9983744025 0.0306501538 0.6590306759 -0.0086316988 -0.7520664930
-49.4 553.5 2602.3 0 0 0 0 0 0 0 0 0
-578.7 -207.4 2886.3 0 0 0 0 0 0 0 0 0
-496.6 -803.7 2481.0 0 0 0 0 0 0 0 0 0
-496.2 -876.3 2673.5 0 0 0 0 0 0 0 0 0
-396.7 511.8 2675.9 29 -0.6807013154 0.0052076615 -0.7325425744 -0.1148789376 0.9868437052 0.1137645766 0.7234974504 0.1615934074 -0.6711475253
-397.7 315.0 2643.7 -0.6807013154 0.0052076615 -0.7325425744 -0.1148789376 0.9868437052 0.1137645766 0.7234974504 0.1615934074 -0.6711475253
-395.4 117.9 2617.8 -0.6807379127 -0.0113068903 -0.7324397564 -0.1030039489 0.9914239645 0.0804281458 0.7252489328 0.1301946789 -0.6760645509
-302.1 329.5 2541.9 -0.9691046476 -0.2205800712 -0.1103660390 -0.0151714748 0.4999220669 -0.8659375310 0.2461829782 -0.8375096321 -0.4878233075
-104.0 332.6 2491.6 -0.2228483260 -0.2205800712 0.9495699406 -0.8617783785 0.4999220669 -0.0861158520 -0.4557155073 -0.8375096321 -0.3014979362
-493.3 300.6 2745.6 -0.2484216243 0.9072155952 -0.3394798040 -0.9066309333 -0.0943779647 0.4112337530 0.3410382569 0.4099422395 0.8459552526
-560.3 56.1 2837.5 -0.1265614182 0.9113256931 -0.3917495608 -0.9840285182 -0.0655064583 0.1655198485 0.1251803637 0.4064411521 0.9050610065
-334.3 -79.3 2527.9 -0.3597289920 0.2748341858 -0.8916620612 0.0992772728 0.9614846110 0.2563032806 0.9277602434 0.0036779423 -0.3731586635
-443.5 -461.4 2526.5 -0.3895099163 0.1493719220 -0.9088289738 -0.0623697080 0.9802181721 0.1878358871 0.9189080596 0.1298473328 -0.3724884093
-455.4 -88.5 2658.3 -0.7806600332 0.0663333014 -0.6214256287 0.0472218730 0.9977694154 0.0471836179 0.6231693029 0.0074894843 -0.7820510864
-481.8 -485.2 2655.4 -0.7806600332 0.0663333014 -0.6214256287 0.0472218730 0.9977694154 0.0471836179 0.6231693029 0.0074894843 -0.7820510864
-46.6 554.6 2609.0 0 0 0 0 0 0 0 0 0
-593.2 -199.7 2870.1 0 0 0 0 0 0 0 0 0
-495.8 -804.9 2481.0 0 0 0 0 0 0 0 0 0
-507.2 -866.6 2652.5 0 0 0 0 0 0 0 0 0
-400.1 514.1 2686.4 30 -0.6716726422 -0.0014364850 -0.7408466935 -0.1314118803 0.9843715429 0.1172330752 0.7290999889 0.1760983020 -0.6613641977
-399.8 317.7 2651.2 -0.6716726422 -0.0014364850 -0.7408466935 -0.1314118803 0.9843715429 0.1172330752 0.7290999889 0.1760983020 -0.6613641977
-398.3 121.1 2621.9 -0.6717492342 -0.0073299366 -0.7407423854 -0.1141763777 0.9890266657 0.0937551185 0.7319267392 0.1475552171 -0.6652147770
-305.4 333.7 2548.3 -0.9556382895 -0.2094761878 -0.2070632577 0.0790357739 0.4948463738 -0.8653787374 0.2837407589 -0.8433544636 -0.4563380182
-109.7 317.6 2490.2 -0.2365682870 -0.2094761878 0.9487650990 -0.8625149727 0.4948463738 -0.1058061272 -0.4473291039 -0.8433544636 -0.2977413237
-494.2 301.7 2754.1 -0.2466166466 0.9120445848 -0.3276506066 -0.9116640687 -0.1036596075 0.3976472020 0.3287078440 0.3967737257 0.8570424318
-560.8 55.7 2842.8 -0.1276617944 0.9161876440 -0.3798718750 -0.9857074618 -0.0747516528 0.1509736180 0.1099241227 0.3937160969 0.9126359224
-330.8 -69.7 2525.6 -0.3416230083 0.2827685475 -0.8962899446 0.1048022956 0.9591789842 0.2626636326 0.9339754581 -0.0042013116 -0.3573123813
-443.2 -451.0 2527.2 -0.3731069565 0.1431441456 -0.9166793227 -0.0711160302 0.9807071090 0.1820880771 0.9250587821 0.1331289113 -0.3557288051
-458.4 -85.9 2659.6 -0.7725756168 0.0691100731 -0.6311503649 0.0383915007 0.9973243475 0.0622115172 0.6337610483 0.0238322914 -0.7731616497
-485.9 -482.4 2650.2 -0.7725756168 0.0691100731 -0.6311503649 0.0383915007 0.9973243475 0.0622115172 0.6337610483 0.0238322914 -0.7731616497
-48.2 541.8 2606.5 0 0 0 0 0 0 0 0 0
-593.9 -200.5 2871.3 0 0 0 0 0 0 0 0 0
-495.2 -807.4 2478.9 0 0 0 0 0 0 0 0 0
-512.3 -863.6 2641.0 0 0 0 0 0 0 0 0 0
-399.4 514.1 2681.1 31 -0.6907311678 -0.0151106585 -0.7229537368 -0.1301791966 0.9860454798 0.1037673950 0.7112972736 0.1657889038 -0.6830594540
-396.4 317.5 2648.0 -0.6907311678 -0.0151106585 -0.7229537368 -0.1301791966 0.9860454798 0.1037673950 0.7112972736 0.1657889038 -0.6830594540
-394.6 120.7 2619.5 -0.6909787059 -0.0087524615 -0.7228221297 -0.1096843705 0.9896184206 0.0928692743 0.7145052552 0.1434529871 -0.6847652793
-299.2 332.9 2547.5 -0.9492068887 -0.2023289800 -0.2409756333 0.1106247604 0.5023644567 -0.8575500846 0.2945648134 -0.8406503201 -0.4544652104
-108.4 310.7 2488.3 -0.2246866971 -0.2023289800 0.9531940222 -0.8593186140 0.5023644567 -0.0959243998 -0.4594425261 -0.8406503201 -0.2867396772
-493.5 302.0 2748.5 -0.2574794292 0.9010630250 -0.3489839137 -0.9097152352 -0.1042857692 0.4019237459 0.3257645667 0.4209630787 0.8465622067
-563.0 56.5 2836.4 -0.1330249906 0.9053566456 -0.4032786489 -0.9849393964 -0.0754144415 0.1555861831 0.1104479507 0.4179018736 0.9017534256
-335.3 -65.0 2525.5 -0.3672670424 0.2697446942 -0.8901419640 0.1039586589 0.9629312158 0.2489097416 0.9242875576 -0.0011216246 -0.3816951811
-442.5 -447.8 2525.9 -0.3969218135 0.1431765556 -0.9066165686 -0.0615982302 0.9813763499 0.1819509715 0.9157831073 0.1280662864 -0.3807102442
-456.2 -86.0 2656.5 -0.7888142467 0.0710146949 -0.6105154157 0.0428270288 0.9972390532 0.0606635921 0.6131377816 0.0217057429 -0.7896777391
-484.5 -482.5 2647.8 -0.7888142467 0.0710146949 -0.6105154157 0.0428270288 0.9972390532 0.0606635921 0.6131377816 0.0217057429 -0.7896777391
-50.1 533.5 2607.5 0 0 0 0 0 0 0 0 0
-597.6 -199.5 2865.1 0 0 0 0 0 0 0 0 0
-495.0 -807.8 2479.0 0 0 0 0 0 0 0 0 0
-511.6 -863.7 2639.5 0 0 0 0 0 0 0 0 0
-397.1 517.8 2677.9 32 -0.6994121671 -0.0103324102 -0.7146438956 -0.1196996570 0.9874661565 0.1028715074 0.7046237588 0.1574922055 -0.6918826103
-395.1 320.5 2646.5 -0.6994121671 -0.0103324102 -0.7146438956 -0.1196996570 0.9874661565 0.1028715074 0.7046237588 0.1574922055 -0.6918826103
-393.4 123.7 2618.4 -0.6995365024 -0.0085340040 -0.7145459056 -0.1066680104 0.9899729490 0.0926038921 0.7065908313 0.1409989893 -0.6934325099
-296.7 335.5 2547.1 -0.9455425143 -0.1910965294 -0.2634985745 0.1349738836 0.5064543486 -0.8516373038 0.2961949408 -0.8408246636 -0.4530810416
-103.4 307.9 2486.5 -0.2021468729 -0.1910965294 0.9605304599 -0.8585544229 0.5064543486 -0.0799271092 -0.4711910188 -0.8408246636 -0.2664449215
-493.5 305.5 2745.8 -0.2631020248 0.8958508372 -0.3580901921 -0.9083778262 -0.1049921811 0.4047547579 0.3250032365 0.4317729771 0.8413946629
-564.5 60.3 2833.6 -0.1362513304 0.9002369046 -0.4135324061 -0.9844034910 -0.0761370435 0.1585967541 0.1112895235 0.4286917448 0.8965701461
-329.5 -65.9 2525.5 -0.3757688701 0.2821230292 -0.8827255368 0.1142644584 0.9593701959 0.2579776049 0.9196419716 -0.0039242003 -0.3927381039
-441.7 -447.3 2527.1 -0.4081861675 0.1448578835 -0.9013324976 -0.0618006811 0.9806804061 0.1855979711 0.9108044505 0.1314614862 -0.3913478851
-455.8 -82.9 2655.2 -0.7958775163 0.0726992637 -0.6010771990 0.0458283499 0.9971504211 0.0599229969 0.6037207246 0.0201449879 -0.7969413400
-484.7 -479.3 2647.2 -0.7958775163 0.0726992637 -0.6010771990 0.0458283499 0.9971504211 0.0599229969 0.6037207246 0.0201449879 -0.7969413400
-51.3 529.2 2607.9 0 0 0 0 0 0 0 0 0
-599.9 -195.6 2862.5 0 0 0 0 0 0 0 0 0
-495.2 -809.2 2478.5 0 0 0 0 0 0 0 0 0
-512.5 -860.6 2639.5 0 0 0 0 0 0 0 0 0
-398.7 514.2 2677.9 33 -0.7208435535 -0.0112596862 -0.6930063367 -0.1211278066 0.9865271449 0.1099646688 0.6824313998 0.1632096618 -0.7124956250
-396.5 317.9 2645.4 -0.7208435535 -0.0112596862 -0.6930063367 -0.1211278066 0.9865271449 0.1099646688 0.6824313998 0.1632096618 -0.7124956250
-394.4 121.3 2616.2 -0.7209734321 -0.0107050333 -0.6928800344 -0.1094478816 0.9890896678 0.0986040458 0.6842649579 0.1469251513 -0.7142789960
-295.1 333.3 2549.2 -0.9355214238 -0.1990111470 -0.2918805778 0.1498359740 0.5246977806 -0.8379984498 0.3199201226 -0.8276997209 -0.4610469639
-105.3 302.9 2484.2 -0.2265296578 -0.1990111470 0.9534562826 -0.8463499546 0.5246977806 -0.0915644020 -0.4820540547 -0.8276997209 -0.2872926891
-497.9 302.5 2741.6 -0.2747017741 0.8820772767 -0.3827253282 -0.9098247290 -0.1096846312 0.4002352059 0.3110592961 0.4581582844 0.8326662779
-572.0 57.0 2825.6 -0.1415593177 0.8866147399 -0.4403127134 -0.9847791791 -0.0808117539 0.1538810432 0.1008507609 0.4553940892 0.8845593929
-327.5 -63.3 2525.6 -0.3982452750 0.2875353694 -0.8710477352 0.1265929490 0.9577413201 0.2582745552 0.9085014462 -0.0074118772 -0.4178159237
-441.8 -444.1 2528.6 -0.4337805808 0.1414322257 -0.8898490667 -0.0641656369 0.9802469611 0.1870792806 0.8987308741 0.1382490993 -0.4161370099
-458.3 -85.4 2649.7 -0.8138145208 0.0740667656 -0.5763853192 0.0438170880 0.9968418479 0.0662297681 0.5794704556 0.0286432188 -0.8144897819
-487.8 -481.7 2638.3 -0.8138145208 0.0740667656 -0.5763853192 0.0438170880 0.9968418479 0.0662297681 0.5794704556 0.0286432188 -0.8144897819
-47.0 520.5 2608.2 0 0 0 0 0 0 0 0 0
-608.8 -199.0 2851.8 0 0 0 0 0 0 0 0 0
-494.6 -809.5 2477.0 0 0 0 0 0 0 0 0 0
-516.1 -862.8 2627.4 0 0 0 0 0 0 0 0 0
-397.3 508.9 2678.3 34 -0.7149623036 -0.0246248115 -0.6987292171 -0.1408365965 0.9839664102 0.1094313264 0.6848313808 0.1766459197 -0.7069669366
-392.5 313.9 2643.3 -0.7149623036 -0.0246248115 -0.6987292171 -0.1408365965 0.9839664102 0.1094313264 0.6848313808 0.1766459197 -0.7069669366
-388.2 117.8 2611.2 -0.7152606249 -0.0216082297 -0.6985237002 -0.1281215996 0.9866358042 0.1006707028 0.6870132089 0.1615017653 -0.7084702253
