-230.5 491.0 2376.8 35 0.4129515588 0.1182468608 -0.9030441046 -0.1383091956 0.9881776571 0.0661472753 0.9001897573 0.0975836888 0.4244241416
-253.9 295.2 2357.5 0.4129515588 0.1182468608 -0.9030441046 -0.1383091956 0.9881776571 0.0661472753 0.9001897573 0.0975836888 0.4244241416
-276.1 101.4 2340.2 0.4141805470 0.1135755330 -0.9030808806 -0.1278239936 0.9896094799 0.0658337623 0.9011744857 0.0881683379 0.4243946970
-312.9 313.4 2229.2 0.1341489404 0.2539631128 -0.9578657746 0.9476280808 0.2498357445 0.1989551783 0.2898363769 -0.9343900681 -0.2071473598
-350.1 50.4 2148.8 -0.3512469828 0.2593621612 -0.8996425867 0.9263724089 0.2357038110 -0.2937309444 0.1358664930 -0.9365761876 -0.3230561912
-194.9 277.0 2485.8 0.2123456150 -0.7463224530 -0.6308027506 0.3127110898 0.6634770036 -0.6797131896 0.9258083701 -0.0529249050 0.3742697537
-155.4 335.2 2658.3 0.6263265014 -0.7463224530 -0.2252063155 0.7269835472 0.6634770036 -0.1768987626 0.2814427316 -0.0529249050 0.9581173658
-335.9 -83.5 2250.0 0.2512480915 0.0244747493 -0.9676132202 -0.0150868297 0.9996578693 0.0213678740 0.9678051472 0.0092295790 0.2515313625
-345.5 -475.0 2246.4 0.2436910719 0.1717516780 -0.9545239806 -0.0599328168 0.9849804044 0.1619309187 0.9679993391 0.0177461915 0.2503244877
-256.1 -103.1 2410.9 -0.9935498834 0.0564802401 0.0983292088 0.0259591844 0.9573912024 -0.2876250446 -0.1103846580 -0.2832172513 -0.9526821375
-278.2 -477.9 2521.8 -0.9935498834 -0.0165995192 0.1121744514 0.0259591844 0.9296625853 0.3674963117 -0.1103846580 0.3680378795 -0.9232352376
-250.7 -211.8 2110.3 0 0 0 0 0 0 0 0 0
-7.7 506.7 2724.6 0 0 0 0 0 0 0 0 0
-410.2 -846.0 2239.7 0 0 0 0 0 0 0 0 0
-272.8 -777.3 2403.3 0 0 0 0 0 0 0 0 0
-230.2 488.4 2371.6 36 0.4231126010 0.1276704520 -0.8970373273 -0.1360787749 0.9877480865 0.0763954893 0.8958003521 0.0897438452 0.4353018999
-255.4 293.1 2353.8 0.4231126010 0.1276704520 -0.8970373273 -0.1360787749 0.9877480865 0.0763954893 0.8958003521 0.0897438452 0.4353018999
-279.4 99.5 2337.6 0.4241879582 0.1226341873 -0.8972321153 -0.1275863945 0.9889985323 0.0748573467 0.8965412974 0.0827210322 0.4351677001
-315.9 311.3 2226.1 0.1330713928 0.2442532331 -0.9605375528 0.9506463408 0.2426284552 0.1933986098 0.2802919745 -0.9388672709 -0.1999115199
-352.6 48.6 2148.6 -0.3622602522 0.2426015586 -0.8999511003 0.9201843739 0.2468329072 -0.3038655818 0.1484192759 -0.9381993413 -0.3126558959
-195.0 274.9 2481.5 0.2049578130 -0.7163808346 -0.6669263840 0.3488084674 0.6901144385 -0.6340935826 0.9145080447 -0.1026671380 0.3913240433
-156.0 341.3 2655.6 0.6376958489 -0.7163808346 -0.2830944657 0.7073391080 0.6901144385 -0.1530144066 0.3049841523 -0.1026671380 0.9468073249
-335.6 -80.8 2241.6 0.2636871338 0.0294641908 -0.9641581774 0.0087674148 0.9994189143 0.0329395384 0.9645684361 -0.0171389058 0.2632755637
-347.2 -472.1 2248.3 0.2513791025 0.1613180190 -0.9543505907 -0.0718413591 0.9864026904 0.1478126645 0.9652188420 0.0314048305 0.2595503032
-260.8 -103.9 2404.3 -0.9976685047 0.0365478098 0.0576346703 0.0184945036 0.9577030540 -0.2871633768 -0.0656920895 -0.2854279280 -0.9561461210
-275.1 -478.9 2516.1 -0.9976685047 -0.0059756907 0.0679837391 0.0184945036 0.9352090955 0.3536125720 -0.0656920895 0.3540454507 -0.9329181910
-250.3 -211.4 2106.7 0 0 0 0 0 0 0 0 0
-8.0 505.4 2726.3 0 0 0 0 0 0 0 0 0
-407.9 -843.6 2236.5 0 0 0 0 0 0 0 0 0
-273.2 -776.6 2403.4 0 0 0 0 0 0 0 0 0
-229.8 489.6 2368.9 37 0.4191394746 0.1303319186 -0.8985186219 -0.1315885931 0.9879140854 0.0819156840 0.8983354568 0.0839007050 0.4312239885
-255.6 294.1 2352.3 0.4191394746 0.1303319186 -0.8985186219 -0.1315885931 0.9879140854 0.0819156840 0.8983354568 0.0839007050 0.4312239885
-279.8 100.3 2337.2 0.4202790260 0.1237968951 -0.8989104033 -0.1227224693 0.9893023372 0.0788675770 0.8990576863 0.0771701112 0.4309756756
-315.5 311.6 2224.2 0.1306228936 0.2492796034 -0.9595818520 0.9510008097 0.2420786172 0.1923418343 0.2802411318 -0.9376873970 -0.2054440975
-351.5 49.3 2146.9 -0.3588126302 0.2473592162 -0.9000371695 0.9215621352 0.2470235378 -0.2995038629 0.1482453197 -0.9369059801 -0.3165920675
-195.7 276.6 2480.4 0.2032858580 -0.7081241012 -0.6761916280 0.3475918472 0.6978219748 -0.6262782216 0.9153440595 -0.1077251732 0.3879955113
-157.6 341.7 2651.9 0.6379577518 -0.7081241012 -0.3026055992 0.6976922154 0.6978219748 -0.1620803326 0.3259378374 -0.1077251732 0.9392336607
-341.7 -82.7 2240.4 0.2598221302 0.0091726268 -0.9656129479 0.0200618040 0.9996877909 0.0148944398 0.9654480815 -0.0232418422 0.2595569789
-345.3 -474.1 2249.5 0.2446376085 0.1672904193 -0.9550740123 -0.0766381472 0.9852582216 0.1529469937 0.9665811062 0.0357785188 0.2538520396
-265.0 -105.7 2402.4 -0.9981755614 0.0292113647 0.0528421886 0.0127868317 0.9575980306 -0.2878238261 -0.0590093024 -0.2866230309 -0.9562244415
-276.5 -480.7 2514.7 -0.9981755614 -0.0087756095 0.0597376712 0.0127868317 0.9362162948 0.3511916399 -0.0590093024 0.3513147533 -0.9343959689
-250.1 -211.3 2105.0 0 0 0 0 0 0 0 0 0
-9.2 504.0 2727.8 0 0 0 0 0 0 0 0 0
-408.3 -845.2 2236.1 0 0 0 0 0 0 0 0 0
-273.7 -778.4 2403.0 0 0 0 0 0 0 0 0 0
-228.3 489.5 2368.6 38 0.4274756014 0.1324797422 -0.8942671418 -0.1308394223 0.9878554940 0.0838006735 0.8945086002 0.0811826512 0.4396176934
-254.5 293.8 2352.5 0.4274756014 0.1324797422 -0.8942671418 -0.1308394223 0.9878554940 0.0838006735 0.8945086002 0.0811826512 0.4396176934
-279.0 100.0 2338.0 0.4287359416 0.1250222474 -0.8947373629 -0.1211618632 0.9893883467 0.0801901370 0.8952682614 0.0740276501 0.4393342733
-315.6 311.1 2224.9 0.1286166012 0.2406546623 -0.9620515108 0.9521299005 0.2413175404 0.1876551360 0.2773199677 -0.9401335716 -0.1980970651
-350.9 50.2 2149.0 -0.3425447941 0.2427168787 -0.9076076150 0.9283657074 0.2357446402 -0.2873352170 0.1442225128 -0.9410169721 -0.3060831130
-193.4 276.5 2480.1 0.2621487081 -0.7232148051 -0.6389353871 0.3727979362 0.6865864396 -0.6241961122 0.8901122212 -0.0745615959 0.4496007264
-137.3 356.3 2670.5 0.6243848205 -0.7232148051 -0.2951337695 0.6961660385 0.6865864396 -0.2096471488 0.3542547524 -0.0745615959 0.9321717024
-342.0 -82.3 2240.8 0.2689144909 0.0094293207 -0.9631178975 0.0139875403 0.9998083711 0.0136940312 0.9630624652 -0.0171541739 0.2687310874
-345.7 -473.9 2247.6 0.2550399899 0.1657202542 -0.9526234269 -0.0749862567 0.9856263995 0.1513859034 0.9640185237 0.0328242108 0.2638008893
-266.1 -104.5 2403.3 -0.9981257319 0.0279520154 0.0544394441 0.0092197740 0.9481217861 -0.3177736402 -0.0604976378 -0.3166761398 -0.9466024637
-277.0 -475.7 2527.3 -0.9981257319 -0.0142683694 0.0595095120 0.0092197740 0.9262775779 0.3767291009 -0.0604976378 0.3765716851 -0.9244099855
-253.6 -213.2 2108.0 0 0 0 0 0 0 0 0 0
15.2 526.4 2757.1 0 0 0 0 0 0 0 0 0
-408.1 -845.1 2235.2 0 0 0 0 0 0 0 0 0
-272.3 -779.3 2403.9 0 0 0 0 0 0 0 0 0
-229.4 489.5 2367.9 39 0.4448770285 0.1139520034 -0.8883126378 -0.1197028160 0.9905385375 0.0671169311 0.8875560164 0.0764747411 0.4543082118
-252.1 292.4 2352.7 0.4448770285 0.1139520034 -0.8883126378 -0.1197028160 0.9905385375 0.0671169311 0.8875560164 0.0764747411 0.4543082118
-273.4 98.2 2339.2 0.4458869994 0.1087747961 -0.8884552717 -0.1107143462 0.9916685224 0.0658473819 0.8882156610 0.0690042526 0.4542150497
-315.6 308.2 2226.2 0.1177989393 0.2224119306 -0.9678100944 0.9499740005 0.2586511672 0.1750684679 0.2892625332 -0.9400172830 -0.1808167100
-347.6 50.4 2147.7 -0.3254423141 0.2363221198 -0.9155539870 0.9357742667 0.2194509059 -0.2759853005 0.1356977224 -0.9465691447 -0.2925627530
-188.6 276.7 2479.3 0.2366176099 -0.7448328733 -0.6238878369 0.3474191129 0.6645292044 -0.6615896821 0.9073654413 -0.0602068007 0.4160085022
-139.2 349.2 2668.7 0.6178649664 -0.7448328733 -0.2519261837 0.7209587693 0.6645292044 -0.1965180039 0.3137854040 -0.0602068007 0.9475831985
-342.2 -82.8 2242.6 0.2848742306 0.0085649556 -0.9585266113 0.0092448760 0.9998890162 0.0116821295 0.9585202932 -0.0121893976 0.2847634256
-345.6 -474.4 2247.4 0.2722333372 0.1648796946 -0.9479998350 -0.0721060559 0.9859354496 0.1507711858 0.9595257640 0.0273115821 0.2802933455
-264.7 -104.7 2404.4 -0.9986043572 0.0261692144 0.0458750688 0.0113703711 0.9547681808 -0.2971337438 -0.0515758134 -0.2961974144 -0.9537332058
-275.0 -478.5 2520.4 -0.9986043572 -0.0081336508 0.0521842279 0.0113703711 0.9317907691 0.3628177047 -0.0515758134 0.3629046977 -0.9303978086
-255.5 -214.3 2109.3 0 0 0 0 0 0 0 0 0
7.6 520.4 2743.2 0 0 0 0 0 0 0 0 0
-407.7 -845.8 2237.1 0 0 0 0 0 0 0 0 0
-272.4 -777.4 2404.0 0 0 0 0 0 0 0 0 0
-228.8 491.1 2368.1 40 0.4345830977 0.1260627806 -0.8917654753 -0.1248828247 0.9890251756 0.0789527074 0.8919315338 0.0770546794 0.4455567002
-253.8 294.6 2352.8 0.4345830977 0.1260627806 -0.8917654753 -0.1248828247 0.9890251756 0.0789527074 0.8919315338 0.0770546794 0.4455567002
-277.3 100.7 2339.2 0.4357636869 0.1199341565 -0.8920346498 -0.1153833121 0.9903486371 0.0767871216 0.8926346898 0.0694648698 0.4453963935
-315.9 311.0 2225.6 0.1198202744 0.2340230197 -0.9648193121 0.9516494274 0.2498046309 0.1787763983 0.2828541398 -0.9395908117 -0.1927762181
-348.7 50.6 2148.2 -0.3380784690 0.2402244806 -0.9099423885 0.9300861359 0.2328922749 -0.2840791643 0.1436757743 -0.9423658252 -0.3021653295
-191.8 278.2 2480.0 0.2332338840 -0.7438983321 -0.6262724996 0.3381517231 0.6658856869 -0.6650184989 0.9117320776 -0.0566702820 0.4068576097
-144.4 346.9 2665.2 0.6214441061 -0.7438983321 -0.2458099127 0.7204483151 0.6658856869 -0.1937793791 0.3078334630 -0.0566702820 0.9497510195
-335.0 -86.0 2245.4 0.2752774954 0.0317006484 -0.9608420134 -0.0024002725 0.9994757175 0.0322876088 0.9613618255 -0.0065817693 0.2752092779
-347.4 -477.4 2247.9 0.2649385035 0.1624182165 -0.9504882693 -0.0690011755 0.9863787293 0.1493177861 0.9617933631 0.0260247774 0.2725367546
-254.4 -106.0 2405.9 -0.9955722094 0.0501074046 0.0795313567 0.0263444744 0.9609048963 -0.2756224275 -0.0902327970 -0.2723068297 -0.9579702616
-274.0 -482.1 2512.5 -0.9955722094 -0.0061113797 0.0938010663 0.0263444744 0.9397526979 0.3408384919 -0.0902327970 0.3418004513 -0.9354306459
-252.9 -213.0 2107.5 0 0 0 0 0 0 0 0 0
0.1 514.4 2736.8 0 0 0 0 0 0 0 0 0
-408.5 -848.9 2238.1 0 0 0 0 0 0 0 0 0
-272.1 -776.6 2405.3 0 0 0 0 0 0 0 0 0
-228.7 489.8 2368.7 41 0.4398879111 0.1308898181 -0.8884629607 -0.1322018355 0.9879813790 0.0800964311 0.8882687092 0.0822229832 0.4519049525
-254.7 293.9 2352.4 0.4398879111 0.1308898181 -0.8884629607 -0.1322018355 0.9879813790 0.0800964311 0.8882687092 0.0822229832 0.4519049525
-279.4 100.2 2337.6 0.4409678578 0.1262646317 -0.8885970116 -0.1238988340 0.9891398549 0.0790661871 0.8889299631 0.0752304867 0.4518229067
-317.5 311.5 2225.7 0.1164479628 0.2294901162 -0.9663199186 0.9505388141 0.2563268840 0.1754209846 0.2879511714 -0.9389519691 -0.1882905215
-349.4 51.2 2146.9 -0.3451827765 0.2363999635 -0.9082752466 0.9268743992 0.2379453182 -0.2903203666 0.1474881172 -0.9420706630 -0.3012476861
-191.9 276.2 2479.1 0.2230256796 -0.7372372150 -0.6377623677 0.3436110318 0.6717039347 -0.6563119292 0.9122450352 -0.0727677569 0.4031300545
-147.4 344.7 2660.9 0.6232717037 -0.7372372150 -0.2607943416 0.7177178264 0.6717039347 -0.1835619807 0.3105053008 -0.0727677569 0.9477823377
-340.2 -82.8 2244.9 0.2820127308 0.0197637565 -0.9592070580 0.0034992723 0.9997599721 0.0216281265 0.9594042897 -0.0094559332 0.2818758786
-347.9 -474.4 2248.6 0.2703464627 0.1588505208 -0.9495679736 -0.0744154900 0.9867916107 0.1438911259 0.9598828554 0.0317621082 0.2785965502
-261.4 -103.7 2406.2 -0.9967758060 0.0359958783 0.0717094615 0.0154181970 0.9629952312 -0.2690770626 -0.0787415355 -0.2671038806 -0.9604453444
-275.5 -480.7 2510.8 -0.9967758060 -0.0116376700 0.0793883801 0.0154181970 0.9432054162 0.3318520784 -0.0787415355 0.3320061564 -0.9399849176
-251.4 -211.9 2105.0 0 0 0 0 0 0 0 0 0
-4.0 509.8 2732.4 0 0 0 0 0 0 0 0 0
-407.7 -846.1 2236.6 0 0 0 0 0 0 0 0 0
-271.8 -779.4 2405.7 0 0 0 0 0 0 0 0 0
-228.6 489.8 2367.5 42 0.4386467040 0.1343061775 -0.8885667920 -0.1288025528 0.9879563451 0.0857446194 0.8893812299 0.0768380687 0.4506627917
-255.2 294.2 2352.3 0.4386467040 0.1343061775 -0.8885667920 -0.1288025528 0.9879563451 0.0857446194 0.8893812299 0.0768380687 0.4506627917
-280.3 100.5 2338.5 0.4397776425 0.1279373914 -0.8889474869 -0.1202757582 0.9892752767 0.0828740895 0.8900164962 0.0704726651 0.4504489303
-317.9 311.4 2225.4 0.1172500998 0.2315281928 -0.9657365680 0.9504408240 0.2557981610 0.1767187566 0.2879490256 -0.9385957718 -0.1900614947
-350.2 49.3 2146.0 -0.3401720226 0.2421913594 -0.9086398482 0.9303864241 0.2270615250 -0.2877917886 0.1366164535 -0.9432849288 -0.3025715351
-192.5 277.1 2479.1 0.2175721228 -0.7311477661 -0.6465951204 0.3415745199 0.6776110530 -0.6512834430 0.9143244624 -0.0791593120 0.3971707225
-150.1 343.7 2657.4 0.6251850724 -0.7311477661 -0.2730686963 0.7119412422 0.6776110530 -0.1843446940 0.3198175728 -0.0791593120 0.9441666007
-344.0 -82.3 2242.6 0.2810421288 0.0074934876 -0.9596661925 0.0125748646 0.9998549223 0.0114898989 0.9596130252 -0.0152968178 0.2809071243
-346.9 -473.9 2248.6 0.2675766945 0.1651181579 -0.9492832422 -0.0742760599 0.9858103991 0.1505353302 0.9606694579 0.0302292798 0.2760442197
-264.3 -104.7 2403.3 -0.9985559583 0.0262439083 0.0468748286 0.0120644197 0.9598159790 -0.2803706527 -0.0523492321 -0.2794002593 -0.9587466121
-274.6 -480.6 2512.7 -0.9985559583 -0.0064255707 0.0533357710 0.0120644197 0.9406393170 0.3391934335 -0.0523492321 0.3393470943 -0.9392034411
-254.1 -213.5 2107.4 0 0 0 0 0 0 0 0 0
-7.1 506.6 2730.6 0 0 0 0 0 0 0 0 0
-409.1 -845.2 2237.2 0 0 0 0 0 0 0 0 0
-272.5 -780.2 2404.6 0 0 0 0 0 0 0 0 0
-229.4 490.3 2366.9 43 0.4344489276 0.1328067780 -0.8908515573 -0.1289710552 0.9880501032 0.0844006017 0.8914149404 0.0782263204 0.4463855326
-255.6 294.7 2351.4 0.4344489276 0.1328067780 -0.8908515573 -0.1289710552 0.9880501032 0.0844006017 0.8914149404 0.0782263204 0.4463855326
-280.7 101.0 2337.4 0.4355125725 0.1281645596 -0.8910121322 -0.1209122837 0.9891716838 0.0831839815 0.8920252323 0.0715066418 0.4462933838
-317.7 312.0 2224.3 0.1178892478 0.2361875921 -0.9645296931 0.9497328997 0.2568548918 0.1789776236 0.2900164425 -0.9371451139 -0.1940346956
-350.3 49.8 2144.2 -0.3339362442 0.2522933781 -0.9082040787 0.9347356558 0.2128046453 -0.2845758200 0.1214734465 -0.9439609051 -0.3068907857
-193.6 277.5 2478.5 0.2041956335 -0.7051420808 -0.6790278554 0.3538233638 0.6999122500 -0.6204287410 0.9127503037 -0.1135670617 0.3924147785
-154.3 345.6 2654.1 0.6379865408 -0.7051420808 -0.3094314635 0.6961598992 0.6999122500 -0.1596377194 0.3291421533 -0.1135670617 0.9374262691
-345.1 -82.4 2244.2 0.2764937580 0.0017248992 -0.9610141516 0.0053876401 0.9999799132 0.0033449177 0.9610006213 -0.0061024474 0.2764788866
-345.8 -474.1 2246.6 0.2637823820 0.1692896485 -0.9496103525 -0.0737511292 0.9851362705 0.1551363915 0.9617586136 0.0291125961 0.2723468840
-265.6 -104.1 2405.1 -0.9978600740 0.0272775572 0.0594239533 0.0095784627 0.9600020647 -0.2798289955 -0.0646801740 -0.2786609828 -0.9582090378
-276.3 -480.1 2514.2 -0.9978600740 -0.0134639936 0.0639843121 0.0095784627 0.9379118681 0.3467413187 -0.0646801740 0.3466121852 -0.9357758760
-255.8 -214.5 2109.9 0 0 0 0 0 0 0 0 0
-8.3 504.9 2729.4 0 0 0 0 0 0 0 0 0
-409.5 -845.1 2235.6 0 0 0 0 0 0 0 0 0
-272.0 -780.0 2403.4 0 0 0 0 0 0 0 0 0
-228.3 490.8 2367.1 44 0.4373421669 0.1249106973 -0.8905779719 -0.1226665452 0.9893366098 0.0785236955 0.8908898830 0.0749024004 0.4480009675
-253.1 294.8 2352.2 0.4373421669 0.1249106973 -0.8905779719 -0.1226665452 0.9893366098 0.0785236955 0.8908898830 0.0749024004 0.4480009675
-275.6 100.7 2339.1 0.4387360513 0.1148343012 -0.8912484050 -0.1111520231 0.9911197424 0.0729854181 0.8917151690 0.0670427307 0.4476040304
-315.6 310.7 2225.2 0.1264525503 0.2307992876 -0.9647493958 0.9491224289 0.2546077967 0.1853146851 0.2884032130 -0.9390987754 -0.1868609786
-350.2 50.6 2146.1 -0.3285383880 0.2488531172 -0.9111172557 0.9373351336 0.2044263184 -0.2821573317 0.1160406098 -0.9467217326 -0.3004206419
-190.6 279.0 2479.3 0.1922021955 -0.7035624981 -0.6841477156 0.3500677943 0.7004360557 -0.6219661236 0.9167937636 -0.1199548319 0.3809199333
-154.3 345.1 2652.4 0.6365462542 -0.7035624981 -0.3159250915 0.6962122917 0.7004360557 -0.1570916623 0.3318091333 -0.1199548319 0.9356887937
-345.2 -81.8 2242.8 0.2781792879 -0.0004368518 -0.9605290890 0.0069577401 0.9999745488 0.0015602426 0.9605039954 -0.0071171387 0.2781752646
-345.0 -473.5 2245.5 0.2657502294 0.1719835550 -0.9485771060 -0.0689173937 0.9848300219 0.1592487991 0.9615753889 0.0230530538 0.2735714614
-266.5 -103.7 2404.0 -0.9984448552 0.0231031124 0.0507354625 0.0078649912 0.9593588710 -0.2820791602 -0.0551904254 -0.2812414765 -0.9580486417
-275.5 -479.4 2514.2 -0.9984448552 -0.0116319833 0.0545209870 0.0078649912 0.9388167262 0.3443272412 -0.0551904254 0.3442205787 -0.9372652769
-257.0 -215.4 2113.2 0 0 0 0 0 0 0 0 0
-8.3 504.7 2728.4 0 0 0 0 0 0 0 0 0
-409.8 -844.4 2236.9 0 0 0 0 0 0 0 0 0
-271.8 -780.6 2403.8 0 0 0 0 0 0 0 0 0
-230.3 491.7 2374.7 45 0.4336045682 0.1206975877 -0.8929833174 -0.1413535029 0.9878308177 0.0648805723 0.8899473548 0.0980938077 0.4453889728
-254.3 295.3 2355.2 0.4336045682 0.1206975877 -0.8929833174 -0.1413535029 0.9878308177 0.0648805723 0.8899473548 0.0980938077 0.4453889728
-276.8 101.6 2337.7 0.4348581135 0.1149681509 -0.8931297660 -0.1308365464 0.9893584847 0.0636518821 0.8909434676 0.0891744718 0.4452725947
-316.2 313.9 2228.2 0.1237302721 0.2335076034 -0.9644506574 0.9465050697 0.2641276121 0.1853771806 0.2980250418 -0.9357942343 -0.1883355528
-350.5 52.0 2145.8 -0.3217466176 0.2580000758 -0.9109967351 0.9408435822 0.1951057911 -0.2770327330 0.1062662825 -0.9462397695 -0.3055123389
-192.3 276.6 2482.1 0.2087707669 -0.7147263885 -0.6675184965 0.3553059399 0.6913507581 -0.6291198730 0.9111379981 -0.1058314592 0.3982803822
-152.9 343.7 2654.0 0.6318158507 -0.7147263885 -0.2999581099 0.7031190395 0.6913507581 -0.1663060784 0.3262396157 -0.1058314592 0.9393441677
-337.7 -83.3 2245.4 0.2742256224 0.0236153752 -0.9613753557 0.0000037090 0.9996984005 0.0245578066 0.9616653919 -0.0067379451 0.2741428316
-347.0 -474.8 2248.0 0.2621120811 0.1665604562 -0.9505550265 -0.0765565261 0.9854774475 0.1515695304 0.9619960189 0.0330429859 0.2710568309
-258.4 -103.4 2406.6 -0.9964045882 0.0432125852 0.0728739351 0.0213240720 0.9603694081 -0.2779133916 -0.0819952562 -0.2753602266 -0.9578379393
-275.3 -479.5 2514.4 -0.9964045882 -0.0086846557 0.0842764154 0.0213240720 0.9370017052 0.3486733437 -0.0819952562 0.3492168188 -0.9334475994
-259.0 -215.5 2115.5 0 0 0 0 0 0 0 0 0
-8.8 504.0 2728.4 0 0 0 0 0 0 0 0 0
-409.7 -846.0 2235.6 0 0 0 0 0 0 0 0 0
-272.5 -780.3 2402.3 0 0 0 0 0 0 0 0 0
-229.5 491.6 2370.5 46 0.4477621615 0.1304253489 -0.8845893145 -0.1385782510 0.9874733090 0.0754490793 0.8833488226 0.0888016000 0.4602273107
-255.3 295.6 2352.9 0.4477621615 0.1304253489 -0.8845893145 -0.1385782510 0.9874733090 0.0754490793 0.8833488226 0.0888016000 0.4602273107
-279.9 102.0 2337.0 0.4489276409 0.1256491393 -0.8846899271 -0.1295839101 0.9887527823 0.0746726468 0.8841221333 0.0811189637 0.4601605535
-319.3 314.0 2226.9 0.1137549430 0.2208841443 -0.9686433673 0.9488945007 0.2647315264 0.1718036085 0.2943791151 -0.9386838675 -0.1794812232
-350.6 52.8 2145.8 -0.3310945034 0.2399651855 -0.9125750065 0.9351912141 0.2122566700 -0.2834862471 0.1256733090 -0.9472928643 -0.2946903706
-191.4 277.1 2478.8 0.1972267032 -0.7104908228 -0.6755030751 0.3476531506 0.6949449182 -0.6294353604 0.9166454673 -0.1106993034 0.3840660751
-153.8 343.4 2653.6 0.6275477409 -0.7104908228 -0.3184126318 0.6968882680 0.6949449182 -0.1771956533 0.3471751213 -0.1106993034 0.9312438369
-338.6 -80.3 2239.7 0.2909235358 0.0171929598 -0.9565917850 0.0098156482 0.9997322559 0.0209535137 0.9566959739 -0.0154854394 0.2906768918
-345.3 -471.9 2245.8 0.2779604495 0.1703115553 -0.9453739524 -0.0707560107 0.9851137400 0.1566669643 0.9579830766 0.0233436674 0.2858732343
-260.0 -104.0 2400.8 -0.9947655797 0.0455821343 0.0914531872 0.0167757310 0.9556996226 -0.2938652039 -0.1007967815 -0.2907927930 -0.9514617920
-277.8 -478.3 2514.6 -0.9947655797 -0.0192414634 0.1003552824 0.0167757310 0.9380326271 0.3461406231 -0.1007967815 0.3460123241 -0.9327998161
-256.5 -213.1 2110.1 0 0 0 0 0 0 0 0 0
-8.8 504.3 2733.8 0 0 0 0 0 0 0 0 0
-409.5 -842.9 2237.0 0 0 0 0 0 0 0 0 0
-271.7 -778.2 2404.0 0 0 0 0 0 0 0 0 0
-229.3 489.9 2369.4 47 0.4623282850 0.1378128678 -0.8759338856 -0.1440653801 0.9863974452 0.0791529566 0.8749272823 0.0895970985 0.4758935273
-256.6 294.7 2351.6 0.4623282850 0.1378128678 -0.8759338856 -0.1440653801 0.9863974452 0.0791529566 0.8749272823 0.0895970985 0.4758935273
-282.7 101.3 2335.3 0.4633692503 0.1331102252 -0.8761110902 -0.1364809871 0.9875780940 0.0778618678 0.8755922914 0.0834937096 0.4757803082
-322.6 314.1 2226.9 0.1104847714 0.2062747627 -0.9722365141 0.9491366744 0.2683016658 0.1647839993 0.2948434353 -0.9409914613 -0.1661397070
-353.2 51.3 2145.3 -0.3507309854 0.2269303054 -0.9085650444 0.9279261827 0.2150171697 -0.3045005500 0.1262566745 -0.9498790503 -0.2859877646
-190.6 275.2 2476.4 0.1977632791 -0.7203085423 -0.6648648381 0.3471951187 0.6857624650 -0.6396760345 0.9167034626 -0.1043334231 0.3857062459
-152.0 342.9 2655.3 0.6256033778 -0.7203085423 -0.2996264994 0.7072232962 0.6857624650 -0.1719450504 0.3293260932 -0.1043334231 0.9384342432
-345.1 -79.9 2241.2 0.3077894151 0.0038559090 -0.9514467120 0.0245991126 0.9996252656 0.0120088812 0.9511364698 -0.0271009523 0.3075792193
-346.6 -471.4 2251.8 0.2893277109 0.1611489058 -0.9435679913 -0.1040947512 0.9851784706 0.1363366842 0.9515533447 0.0587744899 0.3018141687
-263.9 -103.4 2401.0 -0.9936566949 0.0421498343 0.1042579785 0.0111548062 0.9594713449 -0.2815852761 -0.1119013131 -0.2786360979 -0.9538553357
-280.5 -479.2 2510.1 -0.9936566949 -0.0271821711 0.1091213226 0.0111548062 0.9417378306 0.3361627758 -0.1119013131 0.3352476358 -0.9354609251
-253.6 -212.2 2109.4 0 0 0 0 0 0 0 0 0
-8.3 505.4 2730.9 0 0 0 0 0 0 0 0 0
-407.3 -842.2 2229.7 0 0 0 0 0 0 0 0 0
-271.8 -778.5 2403.6 0 0 0 0 0 0 0 0 0
-228.7 489.4 2367.8 48 0.4677065015 0.1466569453 -0.8716319799 -0.1491612494 0.9850913286 0.0857091025 0.8712069392 0.0899270177 0.4826091528
-257.7 294.5 2350.0 0.4677065015 0.1466569453 -0.8716319799 -0.1491612494 0.9850913286 0.0857091025 0.8712069392 0.0899270177 0.4826091528
-285.5 101.3 2333.4 0.4686577618 0.1422262788 -0.8718552589 -0.1426700950 0.9861835837 0.0841857269 0.8717827201 0.0849333704 0.4824740291
-324.5 314.8 2225.8 0.0984515622 0.2010101080 -0.9746292830 0.9527276158 0.2638431191 0.1506548822 0.2874323726 -0.9433884621 -0.1655321121
-351.8 50.5 2146.1 -0.3545790613 0.2113043368 -0.9108370543 0.9225945473 0.2373843044 -0.3040855229 0.1519638449 -0.9481556416 -0.2791197300
-190.9 274.1 2474.3 0.1836481839 -0.6977368593 -0.6924136281 0.3626404107 0.7027981877 -0.6120185256 0.9136549234 -0.1387010664 0.3820951879
-154.9 345.2 2653.4 0.6373407841 -0.6977368593 -0.3270474374 0.6974261403 0.7027981877 -0.1402551979 0.3277095556 -0.1387010664 0.9345418215
-350.6 -79.8 2239.9 0.3150430620 -0.0113713751 -0.9490092397 0.0363399647 0.9993394613 0.0000893455 0.9483814240 -0.0345151126 0.3152481914
-346.1 -471.2 2253.4 0.2946797311 0.1618113071 -0.9417966604 -0.1077355072 0.9849013686 0.1355077177 0.9495034814 0.0615335666 0.3076632917
-266.8 -104.5 2398.1 -0.9968274832 0.0291068610 0.0740796775 0.0066363974 0.9578877687 -0.2870661020 -0.0793156102 -0.2856637537 -0.9550420046
-278.2 -479.6 2510.0 -0.9968274832 -0.0204149503 0.0769300833 0.0066363974 0.9418622255 0.3359338045 -0.0793156102 0.3353785872 -0.9387386441
-251.2 -211.2 2103.0 0 0 0 0 0 0 0 0 0
-7.8 506.2 2729.0 0 0 0 0 0 0 0 0 0
-407.1 -842.0 2230.2 0 0 0 0 0 0 0 0 0
-271.7 -779.9 2403.1 0 0 0 0 0 0 0 0 0
-228.0 489.4 2367.6 49 0.4303715229 0.1419683397 -0.8914176226 -0.1364016831 0.9864422679 0.0912481174 0.8922863603 0.0823202804 0.4439013898
-256.1 294.0 2351.3 0.4303715229 0.1419683397 -0.8914176226 -0.1364016831 0.9864422679 0.0912481174 0.8922863603 0.0823202804 0.4439013898
-282.9 100.6 2336.0 0.4312250316 0.1367304623 -0.8918238282 -0.1303565502 0.9875209928 0.0883708149 0.8927778006 0.0781473666 0.4436674714
-317.5 312.6 2224.1 0.1217966676 0.2399180084 -0.9631224871 0.9523521066 0.2451219410 0.1814955920 0.2796265185 -0.9393373132 -0.1986313909
-350.9 51.4 2147.4 -0.3518322110 0.2421693802 -0.9041947126 0.9248155355 0.2392219007 -0.2957855165 0.1446729749 -0.9402801991 -0.3081279993
-194.7 275.5 2478.4 0.2160564512 -0.7202904820 -0.6591670513 0.3533657789 0.6870325208 -0.6349164844 0.9101935029 -0.0957492813 0.4029638171
-152.8 344.0 2654.8 0.6315298676 -0.7202904820 -0.2869697213 0.7065895796 0.6870325208 -0.1694623381 0.3192196488 -0.0957492813 0.9428313375
-355.8 -78.9 2238.0 0.2743393183 -0.0215681195 -0.9613910317 0.0386233069 0.9991889000 -0.0113946693 0.9608570337 -0.0340060964 0.2749498188
-347.3 -470.2 2251.3 0.2561165392 0.1568113118 -0.9538419843 -0.0904515386 0.9863125682 0.1378622949 0.9624047279 0.0509676598 0.2667948008
-271.0 -104.7 2395.6 -0.9973354936 0.0222006664 0.0694916248 -0.0001859391 0.9517931938 -0.3067403734 -0.0729514956 -0.3059359789 -0.9492530227
-279.7 -477.4 2515.4 -0.9973354936 -0.0257128756 0.0682700723 -0.0001859391 0.9367182255 0.3500842154 -0.0729514956 0.3491387069 -0.9342270494
-250.9 -211.3 2106.4 0 0 0 0 0 0 0 0 0
-7.5 506.6 2728.3 0 0 0 0 0 0 0 0 0
-406.4 -841.7 2232.1 0 0 0 0 0 0 0 0 0
-271.4 -781.2 2402.2 0 0 0 0 0 0 0 0 0
-227.4 491.3 2366.9 50 0.4200457036 0.1422550231 -0.8962840438 -0.1303832382 0.9868511558 0.0955250859 0.8980878592 0.0767355189 0.4330702424
-255.5 295.9 2351.7 0.4200457036 0.1422550231 -0.8962840438 -0.1303832382 0.9868511558 0.0955250859 0.8980878592 0.0767355189 0.4330702424
-282.3 102.5 2337.4 0.4208411276 0.1366493553 -0.8967829943 -0.1247512177 0.9879142046 0.0919926018 0.8985154033 0.0731604993 0.4328021109
-315.5 313.7 2223.7 0.1167038381 0.2515667379 -0.9607779980 0.9529368281 0.2441804856 0.1796867400 0.2798064649 -0.9365308881 -0.2112303972
-347.6 51.6 2146.8 -0.3428604901 0.2527992725 -0.9047315717 0.9279686213 0.2408504784 -0.2843682766 0.1460169405 -0.9370611310 -0.3171679080
-195.6 278.2 2479.7 0.2270222753 -0.7344577312 -0.6395566463 0.3334810734 0.6756288409 -0.6575074196 0.9150143266 -0.0640111938 0.3983105719
-151.5 343.0 2657.5 0.6288997531 -0.7344577312 -0.2550624907 0.7130268216 0.6756288409 -0.1873989999 0.3099642396 -0.0640111938 0.9485909343
-348.6 -81.0 2240.1 0.2635456920 -0.0067184973 -0.9646235108 0.0285394508 0.9995923042 0.0008352390 0.9642246366 -0.0277499482 0.2636300027
-346.0 -472.5 2251.0 0.2452742010 0.1631272733 -0.9556307197 -0.0938620120 0.9851062894 0.1440679580 0.9648991823 0.0543612689 0.2569326162
-270.8 -104.5 2401.3 -0.9984483719 0.0170708913 0.0530035943 0.0013546248 0.9590147734 -0.2833527625 -0.0556683168 -0.2828412950 -0.9575499296
-277.4 -480.0 2512.1 -0.9984483719 -0.0177529436 0.0527790599 0.0013546248 0.9397941232 0.3417384624 -0.0556683168 0.3412797153 -0.9383118749
-250.5 -211.1 2105.4 0 0 0 0 0 0 0 0 0
-8.1 505.5 2728.2 0 0 0 0 0 0 0 0 0
-407.4 -843.5 2230.5 0 0 0 0 0 0 0 0 0
-271.8 -779.5 2403.3 0 0 0 0 0 0 0 0 0
-227.4 492.3 2366.6 51 0.4061567187 0.1470220238 -0.9018986821 -0.1333335340 0.9859442711 0.1006778404 0.9040237069 0.0793623626 0.4200508595
-256.6 296.8 2350.9 0.4061567187 0.1470220238 -0.9018986821 -0.1333335340 0.9859442711 0.1006778404 0.9040237069 0.0793623626 0.4200508595
-284.0 103.4 2336.4 0.4073303640 0.1397423148 -0.9025264978 -0.1252568960 0.9874339700 0.0963576958 0.9046505690 0.0737982541 0.4197155535
-314.6 314.7 2222.0 0.1268709898 0.2637183666 -0.9562198520 0.9562940598 0.2235170901 0.1885251999 0.2634490430 -0.9383457303 -0.2238344848
-349.4 52.2 2149.7 -0.3454433978 0.2609468102 -0.9014297724 0.9289983511 0.2310008109 -0.2891377807 0.1327814311 -0.9373075366 -0.3222168684
-198.5 279.0 2479.7 0.3109455109 -0.7692455649 -0.5581883192 0.3619925678 0.6388897300 -0.6788087487 0.8787913918 0.0090125035 0.4771210551
-130.7 357.9 2671.5 0.6096869707 -0.7692455649 -0.1911623925 0.7297184467 0.6388897300 -0.2435794473 0.3095040917 0.0090125035 0.9508553743
-347.1 -79.8 2241.9 0.2497965991 -0.0036996696 -0.9682912827 0.0135178352 0.9999085665 -0.0003331870 0.9682039618 -0.0130059728 0.2498237789
-345.7 -471.4 2247.0 0.2371707559 0.1652306318 -0.9573133588 -0.0667030141 0.9858737588 0.1536346972 0.9691752791 0.0274180286 0.2448418140
-271.1 -102.3 2404.3 -0.9984675646 0.0170966238 0.0526324362 0.0010358902 0.9566889405 -0.2911103666 -0.0553298704 -0.2906097472 -0.9552406073
-277.8 -477.0 2518.1 -0.9984675646 -0.0186005123 0.0521199442 0.0010358902 0.9353735447 0.3536598086 -0.0553298704 0.3531718552 -0.9339209199
-251.3 -211.7 2112.0 0 0 0 0 0 0 0 0 0
16.8 534.5 2746.4 0 0 0 0 0 0 0 0 0
-407.9 -842.5 2236.7 0 0 0 0 0 0 0 0 0
-271.8 -779.3 2403.9 0 0 0 0 0 0 0 0 0
-228.5 491.4 2366.4 52 0.4170183837 0.1373500973 -0.8984601498 -0.1272469908 0.9876029491 0.0919161886 0.8999465704 0.0759956166 0.4293259680
-255.8 295.5 2351.4 0.4170183837 0.1373500973 -0.8984601498 -0.1272469908 0.9876029491 0.0919161886 0.8999465704 0.0759956166 0.4293259680
-281.7 101.9 2337.0 0.4176336825 0.1322446764 -0.8989402056 -0.1227368191 0.9884945750 0.0883975551 0.9002876282 0.0734152645 0.4290599227
-315.3 313.0 2223.1 0.1386474073 0.2525666356 -0.9575943947 0.9528822303 0.2294016778 0.1984701008 0.2698006928 -0.9399920106 -0.2088603079
-353.4 51.2 2148.9 -0.3429069519 0.2566758394 -0.9036217928 0.9313522577 0.2183059901 -0.2914198041 0.1224656254 -0.9415200353 -0.3139142692
-196.3 278.1 2479.6 0.3110527694 -0.7798563242 -0.5432037115 0.3755674958 0.6258994341 -0.6835195422 0.8730379343 0.0086009977 0.4875764549
-125.3 363.8 2678.9 0.5956665874 -0.7798563242 -0.1923678070 0.7378240824 0.6258994341 -0.2527162135 0.3174852431 0.0086009977 0.9482241869
-348.1 -78.7 2240.2 0.2594028413 -0.0106138065 -0.9657108784 0.0326514244 0.9994643331 -0.0022141701 0.9652171135 -0.0309574753 0.2596104741
-344.0 -470.1 2252.3 0.2397905141 0.1729262322 -0.9552994370 -0.0901661739 0.9837219715 0.1554385275 0.9666284323 0.0488630123 0.2514792979
-274.5 -101.3 2403.7 -0.9982997775 0.0125758611 0.0569160841 -0.0044191224 0.9573091269 -0.2890324593 -0.0581211187 -0.2887925506 -0.9556258917
-279.5 -476.2 2516.8 -0.9982997775 -0.0243739076 0.0529481396 -0.0044191224 0.9374087453 0.3482030630 -0.0581211187 0.3473770320 -0.9359226227
-256.0 -213.3 2114.2 0 0 0 0 0 0 0 0 0
23.1 547.5 2757.9 0 0 0 0 0 0 0 0 0
-409.1 -840.4 2233.9 0 0 0 0 0 0 0 0 0
-271.6 -778.3 2404.9 0 0 0 0 0 0 0 0 0
-229.5 489.7 2366.4 53 0.4229955971 0.1392578781 -0.8953669667 -0.1304438412 0.9871860743 0.0919134542 0.8966934681 0.0779161155 0.4357406795
-257.1 294.3 2350.9 0.4229955971 0.1392578781 -0.8953669667 -0.1304438412 0.9871860743 0.0919134542 0.8966934681 0.0779161155 0.4357406795
-283.1 100.7 2336.2 0.4237202704 0.1328230500 -0.8960017562 -0.1251823157 0.9882850647 0.0873042345 0.8971011639 0.0751710013 0.4353834987
-317.5 312.1 2223.1 0.1279762685 0.2473013401 -0.9604499340 0.9523518085 0.2396893203 0.1886135936 0.2768540084 -0.9388242960 -0.2048433274
-352.5 51.6 2147.4 -0.3319066167 0.2580611408 -0.9073271155 0.9359748960 0.2098274827 -0.2827072442 0.1174264103 -0.9430677891 -0.3111818731
-196.7 276.5 2478.8 0.2809138000 -0.7630704641 -0.5820746422 0.3627894223 0.6459240913 -0.6716888547 0.8885219693 -0.0224838518 0.4582828879
-136.1 354.7 2670.4 0.6113213897 -0.7630704641 -0.2097847164 0.7326097488 0.6459240913 -0.2146276534 0.2992810309 -0.0224838518 0.9539000988
-345.3 -80.6 2241.2 0.2659746408 0.0020750393 -0.9639778137 0.0235689543 0.9996847510 0.0086548980 0.9636918306 -0.0250219312 0.2658418715
-346.1 -472.1 2251.0 0.2502420247 0.1663716882 -0.9537816048 -0.0778263509 0.9853937626 0.1514667571 0.9650502205 0.0363259949 0.2595350444
-269.8 -102.8 2404.0 -0.9954191446 0.0294331312 0.0909641162 0.0024797383 0.9590616822 -0.2831864953 -0.0955752656 -0.2816636860 -0.9547412992
-281.4 -478.4 2514.3 -0.9954191446 -0.0305033252 0.0906108543 0.0024797383 0.9391826987 0.3434089124 -0.0955752656 0.3420604765 -0.9348047972
-258.3 -214.0 2114.0 0 0 0 0 0 0 0 0 0
11.5 531.7 2742.7 0 0 0 0 0 0 0 0 0
-408.8 -843.1 2237.4 0 0 0 0 0 0 0 0 0
-271.6 -778.7 2404.9 0 0 0 0 0 0 0 0 0
-229.9 489.9 2366.8 54 0.4292220175 0.1346943825 -0.8930990100 -0.1260091066 0.9880772829 0.0884589255 0.8943657875 0.0745700970 0.4410772324
-256.6 294.1 2352.0 0.4292220175 0.1346943825 -0.8930990100 -0.1260091066 0.9880772829 0.0884589255 0.8943657875 0.0745700970 0.4410772324
-281.5 100.3 2338.4 0.4302293360 0.1275212318 -0.8936672211 -0.1184125617 0.9893903136 0.0841741860 0.8949196339 0.0696072206 0.4407648444
-317.9 311.0 2224.5 0.1324338019 0.2411278784 -0.9614149332 0.9498693943 0.2462715060 0.1926096082 0.2832126617 -0.9387266040 -0.1964253187
-354.2 50.8 2146.9 -0.3457124233 0.2474549860 -0.9051237106 0.9285171628 0.2294259518 -0.2919239998 0.1354208142 -0.9413446784 -0.3090815842
-195.3 277.2 2479.6 0.2967665195 -0.7761493921 -0.5563468337 0.3753948212 0.6305075884 -0.6793665886 0.8780708313 -0.0072364756 0.4784759879
-128.3 362.0 2677.8 0.5965424180 -0.7761493921 -0.2042774707 0.7379598618 0.6305075884 -0.2405731678 0.3155192137 -0.0072364756 0.9488915801
-347.4 -81.5 2240.4 0.2720470428 -0.0012688324 -0.9622831345 0.0306285825 0.9995038509 0.0073410962 0.9617964029 -0.0314704925 0.2719509602
-346.9 -473.0 2252.7 0.2535055280 0.1656495780 -0.9530451894 -0.0918917879 0.9848971367 0.1467430145 0.9629594088 0.0503768660 0.2648986876
-270.8 -104.1 2402.6 -0.9951940179 0.0293400455 0.0934242159 0.0012528077 0.9577943087 -0.2874516249 -0.0979150310 -0.2859530747 -0.9532279372
-282.3 -479.3 2514.6 -0.9951940179 -0.0328737795 0.0922401026 0.0012528077 0.9376137853 0.3476762474 -0.0979150310 0.3461208642 -0.9330664277
-256.2 -212.2 2108.6 0 0 0 0 0 0 0 0 0
20.1 545.6 2756.3 0 0 0 0 0 0 0 0 0
-409.3 -843.9 2233.8 0 0 0 0 0 0 0 0 0
-271.8 -778.8 2404.0 0 0 0 0 0 0 0 0 0
-231.3 488.0 2367.0 55 0.4263089001 0.1312296391 -0.8950080872 -0.1221967414 0.9887062311 0.0867634714 0.8962860703 0.0723790377 0.4375301003
-257.4 291.9 2352.7 0.4263089001 0.1312296391 -0.8950080872 -0.1221967414 0.9887062311 0.0867634714 0.8962860703 0.0723790377 0.4375301003
-281.3 97.9 2339.6 0.4274522066 0.1223259419 -0.8957237005 -0.1132733896 0.9902420044 0.0811782926 0.8969134688 0.0667618141 0.4371373951
-318.3 308.0 2224.9 0.1369694620 0.2441127300 -0.9600251913 0.9478276968 0.2493366599 0.1986299008 0.2878575623 -0.9371446967 -0.1972253174
-355.5 50.6 2146.7 -0.3539857566 0.2487478852 -0.9015645385 0.9247257710 0.2373034954 -0.2976059914 0.1399155557 -0.9390482306 -0.3140256405
-196.4 275.7 2480.5 0.3192769289 -0.7875517607 -0.5270905495 0.3905528188 0.6161210537 -0.6840053797 0.8634412289 0.0125304386 0.5042937994
-121.5 367.4 2683.2 0.5887460113 -0.7875517607 -0.1820449084 0.7462419868 0.6161210537 -0.2520271838 0.3106461763 0.0125304386 0.9504430294
-345.4 -82.7 2243.9 0.2682965994 0.0042238077 -0.9633271098 0.0168996975 0.9998158813 0.0090905381 0.9631881118 -0.0187188964 0.2681758106
-347.1 -474.3 2251.2 0.2527213991 0.1614397317 -0.9539754391 -0.0872432590 0.9857670665 0.1437078118 0.9635977149 0.0469098873 0.2632089555
-267.6 -104.1 2405.7 -0.9953858256 0.0319887288 0.0904643238 0.0065901917 0.9633582830 -0.2681368887 -0.0957269147 -0.2663034797 -0.9591239691
-280.2 -481.4 2509.9 -0.9953858256 -0.0260449424 0.0923511460 0.0065901917 0.9416283965 0.3365896344 -0.0957269147 0.3356451690 -0.9371118546
-255.3 -211.2 2107.1 0 0 0 0 0 0 0 0 0
27.1 555.8 2761.6 0 0 0 0 0 0 0 0 0
-407.9 -845.6 2233.5 0 0 0 0 0 0 0 0 0
-271.9 -779.1 2403.8 0 0 0 0 0 0 0 0 0
-229.6 491.7 2367.2 56 0.4151304662 0.1417649835 -0.8986486197 -0.1322431862 0.9866961241 0.0945650786 0.9000991583 0.0795833170 0.4283550680
-257.8 295.5 2351.3 0.4151304662 0.1417649835 -0.8986486197 -0.1322431862 0.9866961241 0.0945650786 0.9000991583 0.0795833170 0.4283550680
-281.9 101.6 2337.6 0.4173795879 0.1229095906 -0.9003818631 -0.1154460981 0.9899546504 0.0816210061 0.9013692141 0.0698786303 0.4273763001
-317.3 311.9 2222.9 0.1425056905 0.2512646616 -0.9573704600 0.9529348016 0.2266699672 0.2013356239 0.2675956488 -0.9410030842 -0.2071370631
-356.4 50.2 2149.4 -0.3580453098 0.2444102615 -0.9011477232 0.9220628142 0.2444841564 -0.3000460565 0.1469819993 -0.9383448958 -0.3128980100
-198.3 279.0 2479.8 0.3022708297 -0.7852441669 -0.5403923988 0.3447118402 0.6185910702 -0.7060586214 0.8887103796 0.0271412693 0.4576649964
-132.1 354.5 2674.4 0.5991925001 -0.7852441669 -0.1560766101 0.7481089830 0.6185910702 -0.2401625067 0.2851338089 0.0271412693 0.9581033587
-343.9 -85.8 2245.5 0.2576251328 0.0087393969 -0.9662054181 0.0076446133 0.9999093413 0.0110825803 0.9662147164 -0.0102414181 0.2575349808
-347.3 -477.4 2249.5 0.2444847375 0.1652440578 -0.9554693103 -0.0762658939 0.9855966568 0.1509395838 0.9666492343 0.0359672941 0.2535658181
-266.6 -106.3 2407.6 -0.9976957440 0.0256282818 0.0628202260 0.0077603920 0.9629424214 -0.2695954740 -0.0674015284 -0.2684867382 -0.9609224200
-276.7 -483.4 2512.8 -0.9976957440 -0.0161323473 0.0659009665 0.0077603920 0.9378107786 0.3470601737 -0.0674015284 0.3467718661 -0.9355246425
-255.1 -210.8 2107.8 0 0 0 0 0 0 0 0 0
13.6 536.4 2743.7 0 0 0 0 0 0 0 0 0
-409.6 -848.6 2235.9 0 0 0 0 0 0 0 0 0
-271.6 -780.5 2402.9 0 0 0 0 0 0 0 0 0
-230.2 488.4 2366.7 57 0.4301683307 0.1291417480 -0.8934638500 -0.1221062317 0.9889430404 0.0841529295 0.8944525123 0.0728975758 0.4411810040
-255.8 292.1 2352.3 0.4301683307 0.1291417480 -0.8934638500 -0.1221062317 0.9889430404 0.0841529295 0.8944525123 0.0728975758 0.4411810040
-277.6 97.9 2339.3 0.4318965077 0.1111728549 -0.8950452805 -0.1078634784 0.9916186333 0.0711195394 0.8954501152 0.0658264160 0.4402680993
-317.3 307.5 2224.7 0.1343135387 0.2378793806 -0.9619632363 0.9483417273 0.2507062256 0.1944076121 0.2874157429 -0.9383814931 -0.1919177026
-353.5 52.3 2147.3 -0.3474275470 0.2458719462 -0.9048984051 0.9278645515 0.2295915186 -0.2938624024 0.1355044693 -0.9417190552 -0.3079022765
-194.3 276.8 2479.9 0.3025047183 -0.7734599710 -0.5570014119 0.3771319091 0.6338188052 -0.6753112078 0.8753641844 -0.0057781525 0.4834296107
-124.5 363.7 2681.7 0.6023567915 -0.7734599710 -0.1972965896 0.7378427982 0.6338188052 -0.2320812494 0.3045558333 -0.0057781525 0.9524769783
-343.7 -81.9 2242.5 0.2715375721 0.0059167221 -0.9624096751 0.0194626562 0.9997428656 0.0116375014 0.9622310400 -0.0218910668 0.2713525891
-346.0 -473.4 2251.1 0.2546263337 0.1675586104 -0.9524124861 -0.0895792544 0.9847266674 0.1492947638 0.9628816247 0.0473020263 0.2657471001
-268.2 -102.7 2405.4 -0.9968117476 0.0285775531 0.0744956806 0.0065638525 0.9598644972 -0.2803874314 -0.0795185417 -0.2790045142 -0.9569917917
-279.4 -478.7 2514.7 -0.9968117476 -0.0219259430 0.0767172426 0.0065638525 0.9357083440 0.3527135551 -0.0795185417 0.3520925939 -0.9325811267
-255.0 -210.7 2108.9 0 0 0 0 0 0 0 0 0
25.8 547.9 2757.7 0 0 0 0 0 0 0 0 0
-409.1 -844.3 2233.2 0 0 0 0 0 0 0 0 0
-272.4 -779.1 2401.7 0 0 0 0 0 0 0 0 0
-230.0 486.8 2367.0 58 0.4437454939 0.1221839935 -0.8877843022 -0.1149130687 0.9902414083 0.0788474157 0.8887547255 0.0670298338 0.4534557164
-254.2 290.5 2353.7 0.4437454939 0.1221839935 -0.8877843022 -0.1149130687 0.9902414083 0.0788474157 0.8887547255 0.0670298338 0.4534557164
-274.5 96.1 2341.7 0.4452800751 0.1033449844 -0.8894073367 -0.1014199555 0.9927455783 0.0645767003 0.8896289468 0.0614489391 0.4525310993
-317.7 304.9 2226.9 0.1294450015 0.2244985253 -0.9658387303 0.9459117651 0.2642581761 0.1881982088 0.2974809706 -0.9379594922 -0.1781488955
-352.1 53.4 2147.8 -0.3423745036 0.2367053032 -0.9092581272 0.9287463427 0.2316875458 -0.2893978953 0.1421617717 -0.9435526133 -0.2991630733
-190.8 276.0 2480.5 0.2626151741 -0.7655924559 -0.5872831345 0.3582928479 0.6425027251 -0.6773599386 0.8959126472 -0.0325343274 0.4430372417
