-6.4 335.7 2900.5 6 -0.5318565369 -0.0497078151 -0.8453743458 -0.1957331449 0.9784599543 0.0656098127 0.8239036202 0.2003627867 -0.5301297903
3.4 142.3 2860.9 -0.5318565369 -0.0497078151 -0.8453743458 -0.1957331449 0.9784599543 0.0656098127 0.8239036202 0.2003627867 -0.5301297903
10.4 -48.8 2827.5 -0.5332220197 -0.0361170657 -0.8452039957 -0.1645035297 0.9844439626 0.0617148988 0.8298270106 0.1719467938 -0.5308685899
76.2 164.8 2747.6 -0.6690633297 -0.7410408258 -0.0566813126 -0.5480660200 0.5434654355 -0.6358214617 0.5019739866 -0.3943397105 -0.7697520852
237.1 296.5 2626.9 -0.5985739231 -0.7541254163 0.2701928318 -0.7969404459 0.5264006257 -0.2962909341 0.0812108517 -0.3926796019 -0.9160826802
-69.4 119.8 2974.1 -0.0207550507 0.1859779656 -0.9823346734 -0.9909166694 0.1267485470 0.0449327156 0.1328659952 0.9743443727 0.1816579998
-74.7 -135.5 3008.4 0.1165634841 0.1880036443 -0.9752269387 -0.9892019629 0.1098084524 -0.0970650315 0.0888395831 0.9760106206 0.1987732351
71.2 -228.3 2721.0 -0.6456825137 0.4051087797 0.6472873688 0.2586022913 0.9135892987 -0.3138143718 -0.7184837461 -0.0352344476 -0.6946507096
-86.0 -582.9 2734.7 -0.6536245346 0.0816977620 0.7523964643 0.1857391447 0.9810681939 0.0548282564 -0.7336729169 0.1755865663 -0.6564247608
-29.2 -256.8 2866.5 -0.5078800321 0.1799061149 0.8424319625 0.0320915543 0.9812210798 -0.1901981682 -0.8608298302 -0.0695628971 -0.5041160583
-99.0 -637.5 2893.5 -0.4943015277 -0.2842539847 0.8215020895 -0.0152552081 0.9477169514 0.3187473714 -0.8691566586 0.1450251341 -0.4727942646
393.3 504.5 2605.7 0 0 0 0 0 0 0 0 0
-44.3 -393.5 3031.5 0 0 0 0 0 0 0 0 0
-118.0 -967.1 2665.9 0 0 0 0 0 0 0 0 0
-2.0 -960.9 2844.1 0 0 0 0 0 0 0 0 0
-9.0 332.2 2903.7 7 -0.5240479708 -0.0605756417 -0.8495318294 -0.2152139693 0.9745151401 0.0632708073 0.8240489364 0.2159880549 -0.5237293839
3.0 139.6 2861.0 -0.5240479708 -0.0605756417 -0.8495318294 -0.2152139693 0.9745151401 0.0632708073 0.8240489364 0.2159880549 -0.5237293839
12.0 -50.8 2824.6 -0.5257618427 -0.0466392040 -0.8493522406 -0.1839522123 0.9811025262 0.0599953830 0.8305034637 0.1877835095 -0.5244056582
74.8 164.8 2747.6 -0.6733854413 -0.7364901900 -0.0642980039 -0.5432903171 0.5519665480 -0.6325887442 0.5013858080 -0.3910435736 -0.7718142271
237.4 296.0 2626.5 -0.5980171561 -0.7552345991 0.2683210075 -0.7975654602 0.5276931524 -0.2922828794 0.0791509748 -0.3887937367 -0.9179186225
-68.8 114.5 2974.4 -0.0081272256 0.1908743978 -0.9815807939 -0.9930734634 0.1135215089 0.0302973352 0.1172135249 0.9750280976 0.1886296868
-70.9 -141.3 3004.6 0.1289096028 0.1931117624 -0.9726716876 -0.9890143275 0.0965878293 -0.1118992120 0.0723391920 0.9764111042 0.2034413964
65.1 -225.1 2719.9 -0.6591923237 0.3884436190 0.6438765526 0.2486116439 0.9206769466 -0.3009089530 -0.7096884847 -0.0382816643 -0.7034748197
-85.6 -582.4 2734.8 -0.6659691930 0.0838286206 0.7412542105 0.1858542114 0.9809780121 0.0560390018 -0.7224563956 0.1750854701 -0.6688809991
-30.4 -254.6 2868.5 -0.4625528157 0.1837156266 0.8673485518 0.0139921708 0.9796861410 -0.2000482231 -0.8864812851 -0.0803967863 -0.4557271600
-101.7 -634.8 2899.7 -0.4625528157 -0.2901558280 0.8377675414 0.0139921708 0.9424237013 0.3341283202 -0.8864812851 0.1662741750 -0.4318608344
393.4 504.1 2605.9 0 0 0 0 0 0 0 0 0
-37.3 -399.2 3023.5 0 0 0 0 0 0 0 0 0
-118.4 -965.9 2666.3 0 0 0 0 0 0 0 0 0
-1.1 -961.5 2842.0 0 0 0 0 0 0 0 0 0
-10.3 333.3 2905.3 8 -0.5245015025 -0.0680315793 -0.8486871719 -0.2241160274 0.9726805091 0.0605360866 0.8213831186 0.2219556570 -0.5254193544
3.2 140.4 2861.3 -0.5245015025 -0.0680315793 -0.8486871719 -0.2241160274 0.9726805091 0.0605360866 0.8213831186 0.2219556570 -0.5254193544
13.9 -49.6 2823.6 -0.5263910890 -0.0554408170 -0.8484330773 -0.1942426115 0.9793239236 0.0565195568 0.8277573586 0.1945532560 -0.5262763500
75.1 167.0 2748.3 -0.6700919271 -0.7403352857 -0.0536696538 -0.5342083573 0.5311951637 -0.6576116681 0.5153622031 -0.4119895101 -0.7514429092
235.6 295.0 2624.8 -0.6007772088 -0.7403352857 0.3016130030 -0.7977907658 0.5311951637 -0.2852395773 0.0509575643 -0.4119895101 -0.9097625613
-68.7 113.9 2974.4 0.0000291616 0.1873149723 -0.9822999239 -0.9939056039 0.1082886085 0.0206200704 0.1102343425 0.9763128161 0.1861765534
-68.7 -142.1 3002.8 0.1371545643 0.1896940172 -0.9722164273 -0.9883649349 0.0913589820 -0.1216071844 0.0657525510 0.9775835872 0.2000172138
68.1 -224.7 2713.8 -0.6624926925 0.3956646919 0.6360447407 0.2406699061 0.9165256619 -0.3194662035 -0.7093528509 -0.0585671961 -0.7024161220
-85.4 -580.4 2736.5 -0.6674294472 0.0825124830 0.7400875688 0.1921447814 0.9792708158 0.0641018897 -0.7194569707 0.1849874556 -0.6694484949
-26.1 -257.6 2862.5 -0.4607488811 0.1766921282 0.8697645664 0.0138252154 0.9812926054 -0.1920252144 -0.8874228597 -0.0764507204 -0.4545722604
-94.6 -638.5 2892.2 -0.4572303891 -0.2714168429 0.8469198942 0.0013452760 0.9520805478 0.3058445156 -0.8893472552 0.1409807354 -0.4349550009
392.3 503.1 2611.5 0 0 0 0 0 0 0 0 0
-32.9 -399.9 3020.0 0 0 0 0 0 0 0 0 0
-117.9 -965.8 2663.7 0 0 0 0 0 0 0 0 0
-4.2 -955.8 2845.2 0 0 0 0 0 0 0 0 0
-3.9 334.6 2898.7 9 -0.5076617002 -0.0479491353 -0.8602212071 -0.2041956931 0.9766982794 0.0660649762 0.8370087743 0.2091921121 -0.5056233406
5.6 140.9 2857.2 -0.5076617002 -0.0479491353 -0.8602212071 -0.2041956931 0.9766982794 0.0660649762 0.8370087743 0.2091921121 -0.5056233406
13.3 -49.8 2822.1 -0.5089352131 -0.0396086648 -0.8598930836 -0.1756961942 0.9826914668 0.0587222837 0.8426836729 0.1809657812 -0.5070853829
75.1 164.9 2742.1 -0.6867246628 -0.7268740535 -0.0079569481 -0.5350107551 0.5128089190 -0.6714093089 0.4921104312 -0.4568163157 -0.7410439849
236.4 290.6 2626.6 -0.5874042511 -0.7268740535 0.3558234870 -0.8088542223 0.5128089190 -0.2877183259 0.0266655404 -0.4568163157 -0.8891612887
-63.9 116.9 2972.3 -0.0085669653 0.2114960849 -0.9773412943 -0.9920783043 0.1207002997 0.0348156169 0.1253287494 0.9698973298 0.2087866366
-66.1 -138.6 3004.5 0.1274946481 0.2137119174 -0.9685413241 -0.9888000488 0.1037736386 -0.1072634235 0.0775855854 0.9713692665 0.2245489508
71.8 -222.3 2711.7 -0.6772074699 0.3947511315 0.6209360957 0.2356635034 0.9158119559 -0.3251940608 -0.6970313787 -0.0738918707 -0.7132230997
-81.4 -577.7 2740.4 -0.6804828048 0.0935726315 0.7267649174 0.2050888389 0.9764950275 0.0663023442 -0.7034782767 0.1941689849 -0.6836788058
-22.5 -257.1 2860.0 -0.4834327996 0.1590017825 0.8608200550 -0.0057971911 0.9827625751 -0.1847814023 -0.8753622770 -0.0943197310 -0.4741778672
-84.2 -638.5 2896.6 -0.4885529280 -0.2436253428 0.8378321528 0.0139307510 0.9579280615 0.2866701484 -0.8724230528 0.1517251730 -0.4646046758
389.5 501.5 2619.6 0 0 0 0 0 0 0 0 0
-32.8 -396.5 3024.8 0 0 0 0 0 0 0 0 0
-118.4 -964.2 2663.5 0 0 0 0 0 0 0 0 0
-3.7 -954.9 2846.5 0 0 0 0 0 0 0 0 0
-4.4 335.1 2890.3 0 -0.5047397614 -0.0514570065 -0.8617365956 -0.1839933693 0.9816979170 0.0491490550 0.8434359431 0.1833613068 -0.5049697757
5.8 140.1 2853.9 -0.5047397614 -0.0514570065 -0.8617365956 -0.1839933693 0.9816979170 0.0491490550 0.8434359431 0.1833613068 -0.5049697757
13.2 -51.2 2822.4 -0.5058720112 -0.0382806100 -0.8617587090 -0.1591668278 0.9860032201 0.0496348217 0.8477967978 0.1622722745 -0.5048844218
74.9 161.8 2738.1 -0.6993159652 -0.7141926885 0.0297654979 -0.5396929383 0.5002303720 -0.6771270633 0.4687096179 -0.4895900190 -0.7352638245
241.5 290.5 2626.4 -0.5722562075 -0.7141926885 0.4030528963 -0.8200690150 0.5002303720 -0.2779503465 -0.0031091839 -0.4895900190 -0.8719472289
-63.3 118.4 2969.7 -0.0087968353 0.2152276486 -0.9765242934 -0.9894984365 0.1390261650 0.0395553187 0.1442758292 0.9666171670 0.2117444277
-65.6 -136.5 3006.8 0.1271272451 0.2174383998 -0.9677599072 -0.9872342348 0.1221240535 -0.1022463441 0.0959544778 0.9684039950 0.2301879227
66.6 -224.7 2711.6 -0.6761050820 0.3805383742 0.6309298277 0.2312258333 0.9226288795 -0.3086916208 -0.6995831132 -0.0628207177 -0.7117844224
-81.1 -582.8 2735.9 -0.6796715856 0.0979511440 0.7269471288 0.1993383765 0.9784117341 0.0545405336 -0.7059112787 0.1819781065 -0.6845240593
-24.5 -256.2 2862.5 -0.4800977409 0.1580830812 0.8628533483 0.0188949089 0.9852634668 -0.1699965447 -0.8770114779 -0.0653114244 -0.4760097265
-85.9 -638.5 2887.8 -0.4721764624 -0.2474499792 0.8460602164 -0.0128981099 0.9616283178 0.2740522623 -0.8814097047 0.1184884533 -0.4572498798
390.7 504.2 2627.2 0 0 0 0 0 0 0 0 0
-32.4 -394.0 3031.9 0 0 0 0 0 0 0 0 0
-119.4 -965.4 2664.8 0 0 0 0 0 0 0 0 0
-3.1 -960.1 2848.2 0 0 0 0 0 0 0 0 0
-2.5 335.9 2889.6 1 -0.4928749204 -0.0432612039 -0.8690240383 -0.1791088283 0.9824180007 0.0526771024 0.8514660001 0.1816131026 -0.4919576645
6.1 141.9 2853.8 -0.4928749204 -0.0432612039 -0.8690240383 -0.1791088283 0.9824180007 0.0526771024 0.8514660001 0.1816131026 -0.4919576645
12.1 -49.7 2823.3 -0.4939011931 -0.0309725031 -0.8689662218 -0.1518811733 0.9870746732 0.0511436649 0.8561505079 0.1572395414 -0.4922215044
73.5 162.6 2736.8 -0.7113636136 -0.7017773390 0.0383456014 -0.5253669024 0.4947170019 -0.6922750473 0.4668526947 -0.5126047730 -0.7206142545
241.5 286.7 2626.6 -0.5616754889 -0.7017773390 0.4382114112 -0.8268479109 0.4947170019 -0.2675398588 -0.0290372446 -0.5126047730 -0.8581335545
-61.4 121.1 2970.7 -0.0115423687 0.2303618044 -0.9730365872 -0.9886203408 0.1433349401 0.0456610955 0.1499887109 0.9624907970 0.2260859311
-64.4 -133.6 3009.4 0.1236352175 0.2325155586 -0.9647024870 -0.9873137474 0.1264271736 -0.0960611925 0.0996288881 0.9643405676 0.2451966554
66.0 -228.3 2715.0 -0.6777803898 0.3907571137 0.6228343248 0.2486847043 0.9189970493 -0.3059417307 -0.6919317842 -0.0524719469 -0.7200534940
-85.7 -585.0 2735.4 -0.6836041212 0.0838034078 0.7250257730 0.1937289685 0.9785867333 0.0695492923 -0.7036721110 0.1880026758 -0.6852011085
-24.6 -256.8 2866.9 -0.4898837805 0.1812500507 0.8527381420 0.0346922092 0.9814270139 -0.1886728704 -0.8710972071 -0.0628444105 -0.4870731235
-95.0 -637.7 2891.3 -0.4766687751 -0.2739681005 0.8353013396 -0.0133718643 0.9523460269 0.3047265112 -0.8789812922 0.1340840757 -0.4576170743
387.9 502.2 2634.2 0 0 0 0 0 0 0 0 0
-32.1 -391.1 3035.3 0 0 0 0 0 0 0 0 0
-118.5 -968.6 2661.7 0 0 0 0 0 0 0 0 0
-0.6 -965.8 2845.1 0 0 0 0 0 0 0 0 0
-7.0 334.7 2886.8 2 -0.5340097547 -0.0504884981 -0.8439695239 -0.1810122281 0.9818969965 0.0557932369 0.8258742094 0.1825629324 -0.5334815979
3.0 140.4 2850.7 -0.5340097547 -0.0504884981 -0.8439695239 -0.1810122281 0.9818969965 0.0557932369 0.8258742094 0.1825629324 -0.5334815979
10.2 -51.2 2820.7 -0.5353684425 -0.0370303541 -0.8438065052 -0.1504422426 0.9872436523 0.0521257445 0.8311123848 0.1548506171 -0.5341100097
76.0 161.0 2737.3 -0.7074462175 -0.7060872912 0.0309933014 -0.5269047022 0.4976764917 -0.6889771819 0.4710533917 -0.5037448406 -0.7241200805
242.6 285.0 2626.4 -0.5549594760 -0.7060872912 0.4398417175 -0.8307710290 0.4976764917 -0.2492741793 -0.0428895578 -0.5037448406 -0.8627871275
-70.1 119.9 2964.1 -0.0204853173 0.1833046377 -0.9828426838 -0.9885200262 0.1434746683 0.0473623276 0.1496947706 0.9725298882 0.1782611907
-75.3 -134.8 3002.7 0.1168422401 0.1853334159 -0.9757045507 -0.9874730110 0.1265772730 -0.0942083970 0.1060420647 0.9744894505 0.1978013217
62.4 -227.7 2716.1 -0.6513168812 0.3833236098 0.6548659205 0.2290039957 0.9220791459 -0.3119730949 -0.7234248519 -0.0532264300 -0.6883483529
-86.4 -585.6 2736.8 -0.6544995904 0.0841518790 0.7513645887 0.1963653564 0.9786034822 0.0614478178 -0.7301170826 0.1877595484 -0.6570200920
-26.1 -254.9 2869.5 -0.4461089373 0.1709482074 0.8785007000 0.0380400121 0.9843231440 -0.1722232997 -0.8941698670 -0.0434121713 -0.4456182122
-92.4 -636.8 2886.3 -0.4334516823 -0.2670289874 0.8607062101 -0.0091964751 0.9563523531 0.2920713127 -0.9011299014 0.1186833307 -0.4169882536
387.3 501.7 2637.6 0 0 0 0 0 0 0 0 0
-44.9 -392.4 3030.3 0 0 0 0 0 0 0 0 0
-119.2 -966.8 2663.6 0 0 0 0 0 0 0 0 0
-1.8 -961.5 2846.0 0 0 0 0 0 0 0 0 0
-6.1 334.0 2885.4 3 -0.5353769660 -0.0488771684 -0.8431977630 -0.1797010154 0.9820584655 0.0571722910 0.8252751231 0.1821322292 -0.5345547795
3.6 140.4 2849.5 -0.5353769660 -0.0488771684 -0.8431977630 -0.1797010154 0.9820584655 0.0571722910 0.8252751231 0.1821322292 -0.5345547795
10.3 -51.4 2819.9 -0.5367608666 -0.0345956385 -0.8430248499 -0.1470445544 0.9877039790 0.0530915707 0.8308222890 0.1524596959 -0.5352479815
76.9 160.5 2736.0 -0.7060465217 -0.7078524232 0.0210537594 -0.5315698981 0.5101017952 -0.6761875749 0.4679014385 -0.4886114001 -0.7364286184
242.2 284.9 2626.5 -0.5581740141 -0.7078524232 0.4328818619 -0.8278563023 0.5101017952 -0.2333455682 -0.0556395799 -0.4886114001 -0.8707256317
-69.7 120.3 2962.9 -0.0233179592 0.1825217903 -0.9829252362 -0.9880883694 0.1453871578 0.0504377410 0.1521106958 0.9723930955 0.1769575328
-75.7 -134.3 3002.1 0.1141470969 0.1845056713 -0.9761803746 -0.9875110388 0.1284777075 -0.0911887363 0.1085925698 0.9743978381 0.1968667358
65.3 -229.4 2716.3 -0.6463805437 0.3951626718 0.6527163982 0.2371494174 0.9171209931 -0.3203891218 -0.7252257466 -0.0523019955 -0.6865217686
-88.1 -585.4 2736.6 -0.6506285667 0.0773698166 0.7554444671 0.1923090219 0.9791563749 0.0653451011 -0.7346425653 0.1877941787 -0.6519460678
-30.5 -256.3 2865.0 -0.4482026100 0.1592114568 0.8796397448 0.0177624170 0.9854038358 -0.1693038791 -0.8937554955 -0.0602579117 -0.4444885552
-92.3 -638.7 2888.4 -0.4431095421 -0.2688402832 0.8552069068 -0.0006035161 0.9540635347 0.2996038496 -0.8964672685 0.1322411895 -0.4229168892
387.8 500.9 2641.0 0 0 0 0 0 0 0 0 0
-45.9 -391.9 3030.4 0 0 0 0 0 0 0 0 0
-118.3 -967.6 2663.3 0 0 0 0 0 0 0 0 0
-1.2 -962.2 2843.6 0 0 0 0 0 0 0 0 0
-8.1 327.4 2884.7 4 -0.5448517203 -0.0498556867 -0.8370490074 -0.1830811650 0.9812203646 0.0607284270 0.8183018565 0.1863358915 -0.5437471867
1.8 134.1 2848.0 -0.5448517203 -0.0498556867 -0.8370490074 -0.1830811650 0.9812203646 0.0607284270 0.8183018565 0.1863358915 -0.5437471867
9.9 -57.3 2816.7 -0.5460332632 -0.0417474918 -0.8367226720 -0.1577063203 0.9860237837 0.0537201613 0.8227857351 0.1612894535 -0.5449855924
76.3 155.6 2735.6 -0.7033285499 -0.7106062770 0.0191743728 -0.5446850061 0.5213821530 -0.6568705440 0.4567791820 -0.4724398255 -0.7537595034
243.1 284.7 2627.3 -0.5573843122 -0.7106062770 0.4293733239 -0.8269302845 0.5213821530 -0.2105872184 -0.0742229894 -0.4724398255 -0.8782320619
-72.8 112.5 2960.3 -0.0198184755 0.1698956341 -0.9852627516 -0.9895816445 0.1372226775 0.0435675979 0.1426023394 0.9758613706 0.1654060483
-77.9 -142.4 2997.1 0.1181947067 0.1719471663 -0.9779898524 -0.9878644943 0.1203049570 -0.0982364565 0.1007655486 0.9777325392 0.1840799153
65.1 -229.9 2715.9 -0.6432727575 0.3918427527 0.6577684879 0.2300257981 0.9183324575 -0.3221081197 -0.7302659154 -0.0558996573 -0.6808722019
-87.1 -586.4 2737.6 -0.6463770866 0.0791559145 0.7589011788 0.1964995563 0.9783256054 0.0653214827 -0.7372819185 0.1913460493 -0.6479213238
-31.1 -256.3 2864.7 -0.4398171902 0.1384967268 0.8873440623 0.0074565094 0.9885666966 -0.1505997032 -0.8980563879 -0.0596198440 -0.4358213246
-84.8 -639.9 2887.9 -0.4402855933 -0.2491020858 0.8626103997 0.0092576733 0.9594322443 0.2817872167 -0.8978100419 0.1320526153 -0.4201180935
388.5 500.4 2646.7 0 0 0 0 0 0 0 0 0
-47.1 -400.1 3023.4 0 0 0 0 0 0 0 0 0
-117.8 -966.9 2663.2 0 0 0 0 0 0 0 0 0
-0.2 -965.6 2843.0 0 0 0 0 0 0 0 0 0
-10.0 330.4 2884.3 5 -0.5485545993 -0.0473651141 -0.8347721100 -0.1799501479 0.9816849828 0.0625498369 0.8165205717 0.1845293641 -0.5470311642
-0.6 136.9 2848.0 -0.5485545993 -0.0473651141 -0.8347721100 -0.1799501479 0.9816849828 0.0625498369 0.8165205717 0.1845293641 -0.5470311642
7.2 -54.5 2816.7 -0.5496039391 -0.0405141972 -0.8344424367 -0.1564528048 0.9861435294 0.0551676862 0.8206449151 0.1608712226 -0.5483269095
74.4 158.3 2735.9 -0.7181612253 -0.6954871416 0.0232834425 -0.5222649574 0.5165762901 -0.6785191894 0.4598737061 -0.4994462729 -0.7342135906
244.6 282.1 2626.9 -0.5475879312 -0.6954871416 0.4652366340 -0.8310977221 0.5165762901 -0.2059745491 -0.0970775485 -0.4994462729 -0.8608887196
-75.7 115.5 2960.1 -0.0223059524 0.1662694067 -0.9858280420 -0.9895027876 0.1371567547 0.0455219075 0.1427818686 0.9764950275 0.1614646316
-81.5 -139.4 2996.8 0.1158993393 0.1682817340 -0.9789017439 -0.9880627990 0.1202300265 -0.0963153914 0.1014852598 0.9783792496 0.1802074909
66.9 -234.6 2711.7 -0.6406486630 0.4001274705 0.6553375721 0.2293788195 0.9142473340 -0.3339717686 -0.7327718735 -0.0636380166 -0.6774920821
-88.4 -589.5 2736.4 -0.6437950134 0.0760117695 0.7614132762 0.1943449229 0.9786681533 0.0666234717 -0.7401067615 0.1908686608 -0.6448342204
-30.9 -262.8 2859.1 -0.4379295111 0.1395929307 0.8881056309 -0.0039762976 0.9875609875 -0.1571861058 -0.8990005255 -0.0723678097 -0.4319270253
-85.1 -646.1 2887.2 -0.4400625229 -0.2520297170 0.8618735075 0.0040831110 0.9592337012 0.2825846374 -0.8979578614 0.1278740317 -0.4210937321
387.4 498.8 2652.2 0 0 0 0 0 0 0 0 0
-51.2 -397.2 3023.3 0 0 0 0 0 0 0 0 0
-117.5 -963.6 2663.5 0 0 0 0 0 0 0 0 0
-1.8 -963.2 2844.9 0 0 0 0 0 0 0 0 0
-7.2 334.2 2881.6 6 -0.5208507180 -0.0386172906 -0.8527738452 -0.1682391316 0.9840269089 0.0581948198 0.8369050622 0.1737807542 -0.5190280676
0.5 139.8 2847.3 -0.5208507180 -0.0386172906 -0.8527738452 -0.1682391316 0.9840269089 0.0581948198 0.8369050622 0.1737807542 -0.5190280676
7.2 -51.9 2817.6 -0.5215836763 -0.0347707458 -0.8524913192 -0.1485476345 0.9876096249 0.0506047383 0.8401690722 0.1530301869 -0.5202861428
71.7 160.1 2732.6 -0.7289385200 -0.6833464503 0.0410638824 -0.5208973289 0.5147299767 -0.6809691191 0.4442010224 -0.5177747011 -0.7311598659
243.9 283.2 2627.7 -0.5448282957 -0.6833464503 0.4860038757 -0.8316069841 0.5147299767 -0.2085253149 -0.1076657325 -0.5177747011 -0.8487151861
-70.7 119.6 2962.0 -0.0176003911 0.1992331445 -0.9797940254 -0.9881430268 0.1460223794 0.0474428274 0.1525240391 0.9690116644 0.1943008006
-75.3 -135.0 3001.3 0.1190668717 0.2013040781 -0.9722652435 -0.9871491194 0.1291171759 -0.0941563472 0.1065820828 0.9709816575 0.2140907198
64.3 -231.9 2712.0 -0.6613294482 0.3926585317 0.6391108036 0.2314805388 0.9172875285 -0.3240375221 -0.7134844661 -0.0663538575 -0.6975221038
-88.1 -588.0 2737.8 -0.6647170782 0.0764994919 0.7431682348 0.1944452524 0.9781761765 0.0732285082 -0.7213475108 0.1931817830 -0.6650853753
-34.1 -259.9 2859.0 -0.4669441581 0.1226227954 0.8757435679 -0.0033699053 0.9900848866 -0.1404298544 -0.8842803836 -0.0685240701 -0.4619011283
-81.7 -644.2 2885.6 -0.4654458761 -0.2363738716 0.8529288173 -0.0095253196 0.9649602175 0.2622233629 -0.8850250840 0.1139263585 -0.4513882697
386.0 500.1 2655.7 0 0 0 0 0 0 0 0 0
-44.2 -392.6 3029.1 0 0 0 0 0 0 0 0 0
-117.7 -966.0 2663.1 0 0 0 0 0 0 0 0 0
-3.7 -962.9 2848.0 0 0 0 0 0 0 0 0 0
-7.1 332.2 2882.8 7 -0.5172741413 -0.0330164395 -0.8551826477 -0.1616144478 0.9850450158 0.0597255975 0.8404214382 0.1691043675 -0.5148742199
-0.5 138.1 2849.5 -0.5172741413 -0.0330164395 -0.8551826477 -0.1616144478 0.9850450158 0.0597255975 0.8404214382 0.1691043675 -0.5148742199
5.0 -53.8 2820.4 -0.5178606510 -0.0286491029 -0.8549851179 -0.1428447366 0.9883033037 0.0534040555 0.8434545994 0.1497859806 -0.5158957839
70.2 157.6 2734.3 -0.7341517210 -0.6775562763 0.0440311171 -0.5165969133 0.5153107643 -0.6837999821 0.4406232834 -0.5247592926 -0.7283397913
246.1 281.4 2628.7 -0.5295181274 -0.6775562763 0.5104194880 -0.8369662762 0.5153107643 -0.1842343509 -0.1381954998 -0.5247592926 -0.8399581313
-71.3 118.6 2964.7 -0.0221649129 0.2052080035 -0.9784673452 -0.9874923229 0.1483212262 0.0534758605 0.1561011523 0.9674143195 0.1993537992
-77.0 -135.9 3004.9 0.1142989993 0.2071985900 -0.9715989232 -0.9874027967 0.1314075291 -0.0881348252 0.1094140038 0.9694332480 0.2196082175
60.7 -230.3 2712.7 -0.6645785570 0.3856823742 0.6399878263 0.2309770435 0.9205815196 -0.3149273396 -0.7106229067 -0.0614714511 -0.7008825541
-89.0 -587.6 2736.6 -0.6679581404 0.0758726746 0.7403210402 0.1938115656 0.9781970978 0.0746157169 -0.7185186148 0.1933229566 -0.6680997014
-32.7 -256.9 2863.2 -0.4722625017 0.1321318150 0.8714982867 -0.0082529578 0.9879947901 -0.1542666256 -0.8814193010 -0.0800467804 -0.4655024111
-84.0 -640.4 2894.2 -0.4767803550 -0.2367471904 0.8465407491 0.0097586242 0.9615629911 0.2744109631 -0.8789682984 0.1390948296 -0.4561440349
384.2 499.6 2664.7 0 0 0 0 0 0 0 0 0
-47.2 -393.5 3033.4 0 0 0 0 0 0 0 0 0
-118.2 -963.9 2662.2 0 0 0 0 0 0 0 0 0
-4.2 -964.3 2847.4 0 0 0 0 0 0 0 0 0
-7.2 343.1 2893.9 8 -0.5073472261 -0.0246876739 -0.8613880277 -0.1656636000 0.9837388396 0.0693795756 0.8456680179 0.1779001802 -0.5031870008
-2.3 149.1 2858.8 -0.5073472261 -0.0246876739 -0.8613880277 -0.1656636000 0.9837388396 0.0693795756 0.8456680179 0.1779001802 -0.5031870008
1.4 -42.6 2828.9 -0.5078653097 -0.0193150081 -0.8612199426 -0.1424493343 0.9878679514 0.0618476160 0.8495769501 0.1540904641 -0.5044552684
67.0 168.6 2742.8 -0.7437606454 -0.6684278846 -0.0049287463 -0.4662339091 0.5240346789 -0.7127507329 0.4790053070 -0.5278179646 -0.7014001012
245.0 280.1 2628.1 -0.5211777091 -0.6684278846 0.5306392312 -0.8362892866 0.5240346789 -0.1612695456 -0.1702762842 -0.5278179646 -0.8321142793
-71.7 129.6 2974.8 -0.0275732819 0.2189131081 -0.9753546715 -0.9879204631 0.1428762376 0.0599963181 0.1524889916 0.9652271271 0.2123291641
-78.8 -124.9 3014.1 0.1082792357 0.2208028585 -0.9692893028 -0.9886637330 0.1259366572 -0.0817553475 0.1040172428 0.9671536088 0.2319360971
57.0 -232.8 2715.8 -0.6753081679 0.3788180351 0.6328157783 0.2310119718 0.9234814048 -0.3062931895 -0.7004230022 -0.0606542788 -0.7111460567
-90.1 -591.3 2739.4 -0.6783830523 0.0737457573 0.7309979796 0.1961614490 0.9770118594 0.0834778249 -0.7080375552 0.2000235617 -0.6772543192
-35.8 -258.4 2866.9 -0.4836321771 0.1407144815 0.8638861775 -0.0001810878 0.9869763255 -0.1608654559 -0.8752713203 -0.0779561475 -0.4773080349
-90.4 -641.5 2897.2 -0.4860984683 -0.2583957613 0.8348292708 0.0088424720 0.9537839293 0.3003632426 -0.8738592863 0.1533880681 -0.4613480270
380.9 498.1 2672.5 0 0 0 0 0 0 0 0 0
-50.6 -382.8 3041.3 0 0 0 0 0 0 0 0 0
-118.3 -965.5 2662.8 0 0 0 0 0 0 0 0 0
-2.0 -967.6 2844.7 0 0 0 0 0 0 0 0 0
-5.3 350.5 2900.4 9 -0.4889378250 -0.0199322831 -0.8720908761 -0.1695508361 0.9828440547 0.0725950673 0.8556823730 0.1833582073 -0.4839291871
-1.3 155.5 2864.1 -0.4889378250 -0.0199322831 -0.8720908761 -0.1695508361 0.9828440547 0.0725950673 0.8556823730 0.1833582073 -0.4839291871
1.6 -36.1 2833.6 -0.4893859625 -0.0150326509 -0.8719376922 -0.1442977339 0.9874647856 0.0639645159 0.8600462675 0.1571219712 -0.4854205847
65.5 175.3 2746.6 -0.7518433928 -0.6586957574 -0.0291792080 -0.4323274195 0.5259110332 -0.7324688435 0.4978197515 -0.5380868912 -0.6801750064
242.0 276.7 2629.8 -0.5200791359 -0.6586957574 0.5437256694 -0.8350440264 0.5259110332 -0.1616138518 -0.1794969738 -0.5380868912 -0.8235552907
-68.1 135.8 2981.5 -0.0252076890 0.2400029004 -0.9704448581 -0.9883087277 0.1400334537 0.0603036992 0.1503678113 0.9606192112 0.2336670309
-74.6 -118.8 3020.3 0.1095429882 0.2419171482 -0.9640935659 -0.9890440702 0.1230893359 -0.0814914852 0.0989554450 0.9624578357 0.2527503073
50.7 -221.6 2722.9 -0.6870003939 0.3619027138 0.6301245093 0.2414558083 0.9315746427 -0.2717862129 -0.6853681803 -0.0345700309 -0.7273756862
-89.8 -583.1 2736.3 -0.6923792958 0.0738492161 0.7177445292 0.1855512708 0.9795171618 0.0782106817 -0.6972672939 0.1873298734 -0.6919001937
-40.3 -247.2 2875.1 -0.5012230277 0.1370948255 0.8543889523 0.0122038517 0.9883915186 -0.1514374763 -0.8652320504 -0.0654771179 -0.4970777035
-93.5 -630.8 2900.5 -0.5014187694 -0.2588080764 0.8255892396 0.0129232230 0.9518657923 0.3062424958 -0.8651081920 0.1642250270 -0.4739387631
377.6 494.5 2676.6 0 0 0 0 0 0 0 0 0
-46.1 -376.9 3046.1 0 0 0 0 0 0 0 0 0
-118.4 -962.5 2663.8 0 0 0 0 0 0 0 0 0
-3.9 -960.7 2843.6 0 0 0 0 0 0 0 0 0
-7.2 351.2 2904.7 0 -0.4868081212 -0.0183217581 -0.8733167648 -0.1787916273 0.9807031155 0.0790881515 0.8550154567 0.1946424842 -0.4806900024
-3.6 157.4 2866.2 -0.4868081212 -0.0183217581 -0.8733167648 -0.1787916273 0.9807031155 0.0790881515 0.8550154567 0.1946424842 -0.4806900024
-1.4 -33.8 2832.9 -0.4871621132 -0.0117351105 -0.8732327223 -0.1556397080 0.9850688577 0.0735907778 0.8593307734 0.1717603207 -0.4817146659
62.9 178.7 2748.9 -0.7601168156 -0.6484416723 -0.0417835154 -0.4078745544 0.5261991620 -0.7461587191 0.5058268309 -0.5501253605 -0.6644556522
243.1 275.4 2628.9 -0.5108154416 -0.6484416723 0.5644387007 -0.8365616202 0.5261991620 -0.1525748670 -0.1980712563 -0.5501253605 -0.8112520576
-70.2 136.1 2983.6 -0.0275894124 0.2433392704 -0.9695487618 -0.9903495908 0.1251286268 0.0595863499 0.1358180046 0.9618361592 0.2375387251
-77.3 -119.0 3018.6 0.1070396304 0.2452112138 -0.9635424018 -0.9907023907 0.1081526503 -0.0825331360 0.0839716122 0.9634181261 0.2545079589
48.4 -214.9 2726.1 -0.6930935383 0.3496271670 0.6303825974 0.2412341237 0.9365781546 -0.2542192340 -0.6792845130 -0.0241279043 -0.7334782481
-87.3 -578.4 2735.4 -0.6988623738 0.0792819634 0.7108486295 0.1847465485 0.9801219106 0.0723169819 -0.6909849048 0.1818664521 -0.6996173859
-39.3 -240.8 2880.1 -0.5026369691 0.1545877010 0.8505637646 0.0344326124 0.9866813421 -0.1589789093 -0.8638116121 -0.0506215505 -0.5012654066
-99.3 -623.7 2899.8 -0.4942915142 -0.2755625844 0.8244641423 0.0049138949 0.9475263357 0.3196399510 -0.8692823052 0.1620466560 -0.4670001566
376.3 493.5 2680.6 0 0 0 0 0 0 0 0 0
-49.4 -377.5 3040.5 0 0 0 0 0 0 0 0 0
-118.6 -964.5 2663.8 0 0 0 0 0 0 0 0 0
-1.0 -961.9 2841.9 0 0 0 0 0 0 0 0 0
-7.5 338.4 2895.3 1 -0.4928100705 -0.0233673826 -0.8698230982 -0.1739134490 0.9821143746 0.0721489862 0.8525798321 0.1868296713 -0.4880597293
-2.9 145.3 2858.6 -0.4928100705 -0.0233673826 -0.8698230982 -0.1739134490 0.9821143746 0.0721489862 0.8525798321 0.1868296713 -0.4880597293
0.4 -46.2 2826.6 -0.4932647645 -0.0171502959 -0.8697101474 -0.1518249661 0.9861568213 0.0666624680 0.8565273285 0.1649259627 -0.4890402555
64.5 166.0 2741.6 -0.7507346272 -0.6605841517 -0.0051119025 -0.4610681236 0.5295007825 -0.7120710015 0.4730895758 -0.5322194099 -0.7020888329
241.9 275.0 2629.8 -0.5122335553 -0.6605841517 0.5488582253 -0.8361569643 0.5295007825 -0.1430748701 -0.1961078793 -0.5322194099 -0.8235800862
-70.3 124.5 2975.6 -0.0245831069 0.2352429777 -0.9716256261 -0.9895070195 0.1326960921 0.0571629405 0.1423781067 0.9628356695 0.2295124978
-76.6 -130.4 3012.3 0.1104542315 0.2371725291 -0.9651678801 -0.9896520376 0.1157373190 -0.0848158598 0.0915899500 0.9645486474 0.2475019544
44.6 -211.0 2722.6 -0.6926459670 0.3324860632 0.6400738955 0.2228120565 0.9426455498 -0.2485441566 -0.6860002875 -0.0295369197 -0.7270014882
-84.5 -576.9 2734.1 -0.6968320608 0.0861878991 0.7120370269 0.1821617335 0.9814684391 0.0594708472 -0.6937161684 0.1711470932 -0.6996188760
-42.7 -238.9 2876.5 -0.4963129461 0.1066663265 0.8615658879 0.0237407014 0.9937195778 -0.1093515903 -0.8678190112 -0.0338184312 -0.4957282245
-84.1 -624.2 2889.7 -0.4906494021 -0.2357510626 0.8388590813 0.0000041616 0.9627035260 0.2705584466 -0.8713570833 0.1327528358 -0.4723489285
375.5 493.1 2680.9 0 0 0 0 0 0 0 0 0
-47.8 -388.6 3036.2 0 0 0 0 0 0 0 0 0
-118.3 -961.7 2667.0 0 0 0 0 0 0 0 0 0
-2.6 -957.0 2843.8 0 0 0 0 0 0 0 0 0
-4.6 337.9 2891.2 2 -0.4801064134 -0.0201749951 -0.8769782186 -0.1616990566 0.9846392274 0.0658712611 0.8621782064 0.1734317690 -0.4759938717
-0.6 143.9 2857.0 -0.4801064134 -0.0201749951 -0.8769782186 -0.1616990566 0.9846392274 0.0658712611 0.8621782064 0.1734317690 -0.4759938717
1.6 -47.9 2827.9 -0.4805041254 -0.0110483877 -0.8769228458 -0.1365637779 0.9886657596 0.0623729825 0.8662945032 0.1497263759 -0.4765667617
65.0 162.6 2738.7 -0.7548566461 -0.6557364464 0.0141813112 -0.4693599343 0.5249524713 -0.7100183964 0.4581404626 -0.5426182747 -0.7040402889
242.6 273.0 2630.9 -0.5075470209 -0.6557364464 0.5589326620 -0.8385826349 0.5249524713 -0.1456161737 -0.1979272366 -0.5426182747 -0.8163272738
-66.2 125.3 2975.3 -0.0257941745 0.2505807877 -0.9677519798 -0.9870696068 0.1468191296 0.0643250570 0.1582031250 0.9568977952 0.2435535938
-72.9 -129.0 3016.1 0.1084378064 0.2524771988 -0.9615074396 -0.9885048270 0.1298890561 -0.0773756653 0.1053536907 0.9588451982 0.2636598349
47.9 -224.0 2717.9 -0.6940234900 0.3471645117 0.6307203770 0.2377062738 0.9374256134 -0.2544188797 -0.6795786023 -0.0266464930 -0.7331185937
-86.8 -587.8 2728.2 -0.7008653879 0.0834407434 0.7083963156 0.1746639162 0.9829754829 0.0570241362 -0.6915780902 0.1636975259 -0.7035075426
-40.5 -251.2 2871.3 -0.5088975430 0.1260792166 0.8515440822 0.0178981014 0.9905520082 -0.1359644532 -0.8606410027 -0.0539509542 -0.5063460469
-89.3 -635.3 2892.2 -0.5020477176 -0.2551645041 0.8263408542 -0.0085095875 0.9568953514 0.2903082073 -0.8647980690 0.1387167424 -0.4825784862
375.1 491.8 2682.5 0 0 0 0 0 0 0 0 0
-44.6 -386.9 3043.6 0 0 0 0 0 0 0 0 0
-118.7 -963.0 2665.7 0 0 0 0 0 0 0 0 0
-3.1 -958.8 2845.3 0 0 0 0 0 0 0 0 0
-7.8 347.5 2899.1 3 -0.4974071681 -0.0243764166 -0.8671746850 -0.1723140180 0.9824639559 0.0712212697 0.8502317071 0.1848523319 -0.4928850234
-3.0 152.8 2862.4 -0.4974071681 -0.0243764166 -0.8671746850 -0.1723140180 0.9824639559 0.0712212697 0.8502317071 0.1848523319 -0.4928850234
-0.3 -38.9 2832.0 -0.4979761243 -0.0136572542 -0.8670831919 -0.1428448707 0.9875096679 0.0664834306 0.8553450108 0.1569655538 -0.4937070906
65.0 172.3 2745.6 -0.7641207576 -0.6450718641 -0.0013245320 -0.4303751886 0.5113288760 -0.7438548207 0.4805171192 -0.5678248405 -0.6683399081
244.2 273.2 2632.9 -0.5038169026 -0.6450718641 0.5745005012 -0.8433148265 0.5113288760 -0.1654173881 -0.1870525628 -0.5678248405 -0.8016148210
-71.0 133.3 2979.2 -0.0293723214 0.2312457412 -0.9724518657 -0.9882321358 0.1393873990 0.0629948005 0.1501148194 0.9628585577 0.2244303524
-78.6 -121.3 3017.9 0.1058791280 0.2330955863 -0.9666726589 -0.9893396497 0.1224405840 -0.0788375065 0.0999832898 0.9647148252 0.2435746193
46.8 -227.6 2721.3 -0.6814320683 0.3572006226 0.6387941837 0.2395600975 0.9335906506 -0.2664946616 -0.6915643811 -0.0285683982 -0.7217496634
-91.9 -590.0 2732.4 -0.6871483326 0.0699422508 0.7231426239 0.1785792857 0.9810781479 0.0748007968 -0.7042276859 0.1805375367 -0.6866364479
-39.3 -252.1 2876.5 -0.4911544025 0.1471778750 0.8585488200 0.0263856035 0.9876840711 -0.1542205215 -0.8706728220 -0.0530927591 -0.4889887571
-96.4 -635.2 2897.1 -0.4844070077 -0.2758858502 0.8302028775 0.0026679528 0.9485035539 0.3167552054 -0.8748387098 0.1556533873 -0.4587257206
375.6 493.2 2681.7 0 0 0 0 0 0 0 0 0
-51.0 -379.4 3044.0 0 0 0 0 0 0 0 0 0
-118.5 -963.9 2663.6 0 0 0 0 0 0 0 0 0
-1.0 -963.1 2843.3 0 0 0 0 0 0 0 0 0
-5.0 341.9 2893.0 4 -0.5053377748 -0.0162336156 -0.8627688885 -0.1585278213 0.9845528603 0.0743272528 0.8482350111 0.1743332446 -0.5001052618
-1.8 147.9 2858.7 -0.5053377748 -0.0162336156 -0.8627688885 -0.1585278213 0.9845528603 0.0743272528 0.8482350111 0.1743332446 -0.5001052618
-0.0 -43.9 2829.2 -0.5056350827 -0.0090901433 -0.8626995683 -0.1353652477 0.9883955121 0.0689240694 0.8520618677 0.1516299695 -0.5009979606
67.3 166.4 2742.3 -0.7608137727 -0.6486877799 0.0191465542 -0.4558590651 0.5131905079 -0.7272056341 0.4619035721 -0.5619962215 -0.6861525774
246.1 273.6 2633.8 -0.4986098111 -0.6486877799 0.5749716759 -0.8444678187 0.5131905079 -0.1533285081 -0.1956076771 -0.5619962215 -0.8036777377
-70.9 129.5 2975.1 -0.0364817306 0.2243536413 -0.9738246799 -0.9872277975 0.1431328207 0.0699593574 0.1550819129 0.9639390111 0.2162664086
-80.3 -124.9 3015.0 0.0991693065 0.2260876000 -0.9690458179 -0.9894041419 0.1261836290 -0.0718128830 0.1060417145 0.9658996463 0.2362055480
46.9 -217.8 2724.9 -0.6755440831 0.3548488021 0.6463145614 0.2370218337 0.9345600009 -0.2653642893 -0.6981839538 -0.0260746069 -0.7154434323
-90.8 -580.6 2735.0 -0.6805868149 0.0711437240 0.7292051315 0.1824900210 0.9803678393 0.0746748522 -0.7095766068 0.1838953793 -0.6802084446
-42.3 -243.3 2878.1 -0.4822705984 0.1411885768 0.8645697236 0.0362866856 0.9892992377 -0.1413162500 -0.8752704263 -0.0367803015 -0.4822332263
-97.0 -627.2 2892.4 -0.4697663188 -0.2725300789 0.8396707177 -0.0093143964 0.9526320696 0.3039826155 -0.8827416897 0.1349797696 -0.4500528872
376.1 493.9 2684.8 0 0 0 0 0 0 0 0 0
-54.4 -383.0 3042.7 0 0 0 0 0 0 0 0 0
-118.6 -963.0 2663.3 0 0 0 0 0 0 0 0 0
-2.1 -959.0 2845.4 0 0 0 0 0 0 0 0 0
-5.7 326.7 2885.5 5 -0.5271627307 -0.0231651571 -0.8494485021 -0.1558621228 0.9853055477 0.0698570237 0.8353480697 0.1692228615 -0.5230269432
-1.1 132.7 2852.2 -0.5271627307 -0.0231651571 -0.8494485021 -0.1558621228 0.9853055477 0.0698570237 0.8353480697 0.1692228615 -0.5230269432
2.3 -59.1 2823.0 -0.5275477171 -0.0176820196 -0.8493413329 -0.1372595876 0.9884212613 0.0646780059 0.8383634090 0.1507009864 -0.5238664150
70.9 151.5 2737.7 -0.7439156771 -0.6656494737 0.0591628328 -0.5145787597 0.5140896440 -0.6862365603 0.4263779819 -0.5409460664 -0.7249683738
248.3 274.1 2636.1 -0.4946042895 -0.6656494737 0.5588178635 -0.8467166424 0.5140896440 -0.1370503455 -0.1960549653 -0.5409460664 -0.8178874254
-73.2 114.0 2966.7 -0.0360762998 0.1979084760 -0.9795563817 -0.9873011112 0.1446857750 0.0655936822 0.1547094285 0.9694834948 0.1901755333
-82.5 -140.4 3006.5 0.1008015499 0.1996661425 -0.9746653438 -0.9888824821 0.1277494878 -0.0761016533 0.1093180701 0.9715006351 0.2103237063
47.1 -223.6 2723.5 -0.6585598588 0.3488845825 0.6667671800 0.2314240634 0.9369920492 -0.2617037296 -0.7160599232 -0.0180416014 -0.6978056431
-88.4 -587.4 2730.5 -0.6638234258 0.0791701749 0.7436871529 0.1784661263 0.9824235439 0.0547156855 -0.7262839079 0.1690445095 -0.6662849784
-43.5 -247.9 2876.1 -0.4583305717 0.1368493736 0.8781829476 0.0378657579 0.9901843667 -0.1345403790 -0.8879747987 -0.0284109022 -0.4590136707
-96.6 -632.2 2887.2 -0.4446666241 -0.2749462426 0.8524529934 -0.0116072902 0.9534101486 0.3014537394 -0.8956209421 0.1241517514 -0.4271410704
377.3 495.1 2687.2 0 0 0 0 0 0 0 0 0
-56.2 -398.4 3035.1 0 0 0 0 0 0 0 0 0
-118.5 -961.5 2666.1 0 0 0 0 0 0 0 0 0
-1.9 -960.7 2844.4 0 0 0 0 0 0 0 0 0
-7.1 329.4 2884.2 6 -0.5416389704 -0.0239994284 -0.8402685523 -0.1537007987 0.9855686426 0.0709264353 0.8264401555 0.1675664783 -0.5375110507
-2.4 135.4 2851.3 -0.5416389704 -0.0239994284 -0.8402685523 -0.1537007987 0.9855686426 0.0709264353 0.8264401555 0.1675664783 -0.5375110507
0.9 -56.6 2822.9 -0.5420952439 -0.0171078127 -0.8401429057 -0.1317810416 0.9891527891 0.0648885295 0.8299195766 0.1458906680 -0.5384694934
71.6 153.4 2737.9 -0.7485618591 -0.6599539518 0.0641552880 -0.5081814528 0.5088648200 -0.6948440671 0.4259186983 -0.5527362823 -0.7162931561
247.8 273.0 2637.7 -0.4942910373 -0.6599539518 0.5658066273 -0.8481338620 0.5088648200 -0.1473959982 -0.1906445026 -0.5527362823 -0.8112565875
-76.4 117.4 2964.6 -0.0418556295 0.1819224656 -0.9824216366 -0.9864687920 0.1484783888 0.0695229247 0.1585161686 0.9720382690 0.1732461900
-87.2 -136.8 3005.4 0.0957775116 0.1835917234 -0.9783254862 -0.9886842966 0.1315450221 -0.0721060112 0.1154557839 0.9741611481 0.1941133142
53.0 -238.7 2718.6 -0.6441449523 0.3691207767 0.6699455976 0.2339476496 0.9289575219 -0.2868909538 -0.7282484174 -0.0280671678 -0.6847382784
-90.3 -599.2 2729.5 -0.6489571333 0.0737363771 0.7572433949 0.1822624058 0.9813783765 0.0606373027 -0.7386711240 0.1773680151 -0.6503118873
-41.5 -263.3 2868.8 -0.4482259750 0.1193221509 0.8859208226 -0.0037968077 0.9907882214 -0.1353674084 -0.8939121962 -0.0640388653 -0.4436439872
-87.8 -647.6 2893.6 -0.4536645710 -0.2629030943 0.8515106440 0.0155810788 0.9530087709 0.3025417626 -0.8910362720 0.1505199373 -0.4282499850
376.8 494.3 2687.4 0 0 0 0 0 0 0 0 0
-62.2 -394.7 3035.6 0 0 0 0 0 0 0 0 0
-117.5 -962.0 2664.0 0 0 0 0 0 0 0 0 0
-0.3 -964.6 2843.6 0 0 0 0 0 0 0 0 0
-8.3 332.8 2884.1 7 -0.5493451953 -0.0299389753 -0.8350589871 -0.1513243020 0.9863981605 0.0641841143 0.8217790723 0.1616239548 -0.5464035869
-2.4 138.7 2852.3 -0.5493451953 -0.0299389753 -0.8350589871 -0.1513243020 0.9863981605 0.0641841143 0.8217790723 0.1616239548 -0.5464035869
1.5 -53.5 2825.1 -0.5499382019 -0.0200593825 -0.8349644542 -0.1278842986 0.9899453521 0.0604466088 0.8253566623 0.1400207430 -0.5469740033
72.7 156.1 2739.6 -0.7475203872 -0.6620973945 0.0532940924 -0.4995003641 0.5074270964 -0.7021517754 0.4378500283 -0.5514932275 -0.7100300193
248.3 273.5 2636.7 -0.4933415651 -0.6620973945 0.5641286373 -0.8490673900 0.5074270964 -0.1469772309 -0.1889409274 -0.5514932275 -0.8125001788
-77.6 121.2 2965.0 -0.0418852344 0.1722284406 -0.9841661453 -0.9856031537 0.1543719769 0.0689613894 0.1638047844 0.9728857279 0.1632830054
-88.3 -132.8 3007.2 0.0961826071 0.1739035100 -0.9800543189 -0.9878474474 0.1374510676 -0.0725577325 0.1220914647 0.9751229286 0.1850105375
52.8 -236.8 2720.3 -0.6392102242 0.3798225522 0.6686891317 0.2242215574 0.9237888455 -0.3103850782 -0.7356187701 -0.0484667979 -0.6756596565
-94.6 -595.3 2739.1 -0.6413917542 0.0580710173 0.7650126815 0.1931133121 0.9772468209 0.0877260789 -0.7425118685 0.2040009201 -0.6380123496
-44.3 -260.4 2869.0 -0.5067890286 0.1687149256 0.8453993797 -0.0010869445 0.9805361629 -0.1963355392 -0.8620694280 -0.1004196033 -0.4967415929
-109.7 -640.2 2907.9 -0.5067890286 -0.3097604811 0.8044956923 -0.0010869445 0.9334426522 0.3587250710 -0.8620694280 0.1809235066 -0.4733951986
377.1 495.0 2686.0 0 0 0 0 0 0 0 0 0
-63.3 -390.5 3039.1 0 0 0 0 0 0 0 0 0
-116.5 -963.4 2662.3 0 0 0 0 0 0 0 0 0
-3.0 -961.7 2845.5 0 0 0 0 0 0 0 0 0
-10.0 338.5 2886.5 8 -0.5506040454 -0.0422526598 -0.8336965442 -0.1564480513 0.9862447977 0.0533401072 0.8199751377 0.1597994715 -0.5496407151
-1.7 143.8 2855.0 -0.5506040454 -0.0422526598 -0.8336965442 -0.1564480513 0.9862447977 0.0533401072 0.8199751377 0.1597994715 -0.5496407151
4.1 -48.4 2828.4 -0.5515541434 -0.0296581164 -0.8336116672 -0.1303359270 0.9901568890 0.0510083176 0.8238935471 0.1367834061 -0.5499906540
73.7 161.6 2742.4 -0.7516034245 -0.6578567028 0.0481337309 -0.4852554500 0.5020260811 -0.7158889174 0.4467879534 -0.5614216924 -0.6965531111
250.0 275.4 2637.6 -0.4976429045 -0.6578567028 0.5653105974 -0.8492753506 0.5020260811 -0.1634050310 -0.1763035804 -0.5614216924 -0.8085312247
-77.0 126.0 2967.5 -0.0333515555 0.1674739867 -0.9853122234 -0.9854181409 0.1590718776 0.0603926666 0.1668496728 0.9729586840 0.1597266048
-85.6 -127.9 3010.5 0.1048861444 0.1692982316 -0.9799678326 -0.9865204692 0.1421689689 -0.0810265094 0.1256033778 0.9752569199 0.1819277406
54.6 -234.2 2724.0 -0.6332532763 0.3767336905 0.6760636568 0.2295484841 0.9256489873 -0.3008013368 -0.7391196489 -0.0352940299 -0.6726489067
-91.6 -593.5 2737.7 -0.6357164383 0.0655460060 0.7691347599 0.1979356408 0.9769164920 0.0803473890 -0.7461140156 0.2033173442 -0.6340157390
-43.9 -257.1 2871.9 -0.4566047490 0.1734636128 0.8725952506 0.0054953666 0.9813393354 -0.1922053248 -0.8896526694 -0.0829666331 -0.4490374625
-111.2 -637.6 2904.0 -0.4566047490 -0.3159407675 0.8316811323 0.0054953666 0.9338007569 0.3577512205 -0.8896526694 0.1679213047 -0.4246416688
379.9 497.0 2683.6 0 0 0 0 0 0 0 0 0
-58.2 -385.3 3043.3 0 0 0 0 0 0 0 0 0
-116.4 -962.4 2660.9 0 0 0 0 0 0 0 0 0
-2.6 -958.4 2846.4 0 0 0 0 0 0 0 0 0
-8.5 339.0 2885.8 9 -0.5528753400 -0.0315451026 -0.8326666355 -0.1510034055 0.9865307212 0.0628893301 0.8194673657 0.1605054587 -0.5501919389
-2.3 144.4 2854.1 -0.5528753400 -0.0315451026 -0.8326666355 -0.1510034055 0.9865307212 0.0628893301 0.8194673657 0.1605054587 -0.5501919389
1.9 -47.8 2826.9 -0.5534785390 -0.0217882898 -0.8325783610 -0.1286505014 0.9898962975 0.0596185848 0.8228672743 0.1401092410 -0.5506894588
73.3 161.9 2741.7 -0.7545822859 -0.6534641385 0.0599182658 -0.4848857820 0.4937256277 -0.7218869328 0.4421440661 -0.5737766027 -0.6894121170
252.0 276.8 2636.9 -0.5004330873 -0.6534641385 0.5679360032 -0.8505012989 0.4937256277 -0.1813355088 -0.1619083136 -0.5737766027 -0.8028487563
-77.9 126.8 2966.5 -0.0414963849 0.1677079797 -0.9849629998 -0.9856752753 0.1544178426 0.0678188577 0.1634696126 0.9736679196 0.1588978320
