-253.5 486.7 2351.6 1 0.4325448275 0.0786345080 -0.8981768489 -0.0664351583 0.9962611198 0.0552277863 0.8991614580 0.0357820317 0.4361516833
-269.0 290.1 2344.6 0.4325448275 0.0786345080 -0.8981768489 -0.0664351583 0.9962611198 0.0552277863 0.8991614580 0.0357820317 0.4361516833
-284.3 94.9 2338.5 0.4328825772 0.0779941529 -0.8980699182 -0.0621379092 0.9964621067 0.0565877967 0.8993061781 0.0313083157 0.4361974597
-330.6 298.9 2216.5 0.1470472366 0.1110748798 -0.9828730822 0.9549472332 0.2430270761 0.1703338474 0.2577845752 -0.9636390209 -0.0703341886
-372.0 30.7 2144.0 -0.3530988693 0.1084157825 -0.9292831421 0.9144495726 0.2499286383 -0.3183043897 0.1977452636 -0.9621754885 -0.1873902828
-207.3 281.2 2472.7 0.3633544445 -0.4421359301 -0.8200544715 0.6691315770 0.7363162637 -0.1005054489 0.6482565403 -0.5122052431 0.5633909106
-155.8 376.0 2564.5 0.7815947533 -0.4421359301 -0.4400289357 0.5964267254 0.7363162637 0.3195520341 0.1827149987 -0.5122052431 0.8392026424
-343.6 -91.7 2253.0 0.2649480999 0.0141695878 -0.9641585350 -0.0275065824 0.9995961785 0.0071316580 0.9638702869 0.0246311873 0.2652308643
-349.2 -483.2 2243.3 0.2579647005 0.1599902660 -0.9528154731 -0.0722793788 0.9866260290 0.1460986137 0.9634469151 0.0311806221 0.2660786808
-261.5 -104.0 2413.5 -0.9997423291 0.0218685158 0.0060864850 0.0200569648 0.9765653610 -0.2142843455 -0.0106299315 -0.2141070515 -0.9767523408
-270.0 -486.5 2497.3 -0.9997423291 0.0157111399 0.0163840577 0.0200569648 0.9493879080 0.3134650886 -0.0106299315 0.3137129545 -0.9494583607
-279.1 -209.8 2092.0 0 0 0 0 0 0 0 0 0
24.6 513.7 2606.7 0 0 0 0 0 0 0 0 0
-409.5 -854.8 2231.6 0 0 0 0 0 0 0 0 0
-274.9 -779.3 2400.6 0 0 0 0 0 0 0 0 0
-251.1 488.6 2351.5 2 0.4522195756 0.0866943225 -0.8876832724 -0.0725557432 0.9955419302 0.0602655299 0.8889505863 0.0371532664 0.4564937353
-268.2 292.4 2344.1 0.4522195756 0.0866943225 -0.8876832724 -0.0725557432 0.9955419302 0.0602655299 0.8889505863 0.0371532664 0.4564937353
-284.5 97.3 2337.7 0.4526787996 0.0832394361 -0.8877798915 -0.0671738237 0.9959874153 0.0591331981 0.8891397715 0.0328672230 0.4564539194
-332.7 301.9 2217.5 0.1387164444 0.0909056962 -0.9861510396 0.9558134079 0.2483239770 0.1573400944 0.2591880560 -0.9644020796 -0.0524422638
-372.0 31.1 2144.0 -0.3494148552 0.0941886827 -0.9322219491 0.9167913198 0.2397315651 -0.3194094598 0.1933982670 -0.9662594199 -0.1701171398
-203.7 282.8 2470.8 0.3189075589 -0.4456762373 -0.8364632130 0.6564902663 0.7404210567 -0.1442123950 0.6836069822 -0.5031394958 0.5287079811
-160.0 372.8 2564.6 0.7832797766 -0.4456762373 -0.4334114194 0.5946539044 0.7404210567 0.3133104146 0.1812719405 -0.5031394958 0.8449799418
-338.7 -94.6 2251.1 0.2865630090 0.0291425027 -0.9576180577 -0.0251514409 0.9994215965 0.0228882208 0.9577311873 0.0175265577 0.2871302366
-350.1 -486.1 2244.2 0.2777367532 0.1636454165 -0.9466163516 -0.0811425298 0.9858589172 0.1466222554 0.9572241902 0.0360884592 0.2870878577
-260.4 -105.9 2413.6 -0.9995446205 0.0251154900 -0.0167259034 0.0280318521 0.9780244231 -0.2065971792 0.0111695528 -0.2069719583 -0.9782831073
-270.3 -488.9 2494.7 -0.9998701811 0.0159928463 -0.0019612184 0.0146041065 0.9509422183 0.3090235889 0.0068071722 0.3089548349 -0.9510523677
-280.3 -209.5 2093.3 0 0 0 0 0 0 0 0 0
23.1 511.8 2606.9 0 0 0 0 0 0 0 0 0
-411.7 -857.4 2230.6 0 0 0 0 0 0 0 0 0
-275.2 -780.0 2400.1 0 0 0 0 0 0 0 0 0
-250.2 488.6 2351.4 3 0.4687442482 0.0852348432 -0.8792120814 -0.0713739991 0.9957339168 0.0584785789 0.8804456592 0.0353413858 0.4728281200
-267.0 292.5 2344.4 0.4687442482 0.0852348432 -0.8792120814 -0.0713739991 0.9957339168 0.0584785789 0.8804456592 0.0353413858 0.4728281200
-282.6 97.3 2338.3 0.4692645669 0.0794916600 -0.8794724941 -0.0650816932 0.9963448644 0.0553292707 0.8806560636 0.0312734880 0.4727227986
-333.9 301.7 2218.9 0.1334351152 0.0729674175 -0.9883677363 0.9555636644 0.2550353408 0.1478346586 0.2628557980 -0.9641746283 -0.0356943458
-371.9 29.2 2144.0 -0.3565192521 0.0760380104 -0.9311886430 0.9114772081 0.2472013980 -0.3287867308 0.2051908374 -0.9659759998 -0.1574389786
-200.2 283.2 2469.9 0.2955017686 -0.4075225890 -0.8640625477 0.6710686684 0.7322844863 -0.1158718094 0.6799599528 -0.5456050038 0.4898670018
-159.9 374.6 2562.5 0.7835139036 -0.4075225890 -0.4690749645 0.5872801542 0.7322844863 0.3447629511 0.2029976249 -0.5456050038 0.8130849600
-341.7 -91.7 2251.0 0.3040370047 0.0213225521 -0.9524215460 -0.0333159417 0.9993759394 0.0117384642 0.9520775080 0.0281618927 0.3045576513
-350.1 -483.1 2239.9 0.2988869250 0.1592006534 -0.9409154058 -0.0663179606 0.9870676398 0.1459432393 0.9519813657 0.0187790599 0.3055794835
-259.9 -103.9 2411.6 -0.9989403486 0.0307312682 0.0342594683 0.0223960690 0.9749075770 -0.2214806378 -0.0402061939 -0.2204786837 -0.9745627642
-271.9 -485.7 2498.0 -0.9989403486 0.0085288100 0.0452258922 0.0223960690 0.9485622048 0.3157976568 -0.0402061939 0.3164758980 -0.9477481246
-278.7 -209.2 2090.3 0 0 0 0 0 0 0 0 0
22.9 511.7 2609.9 0 0 0 0 0 0 0 0 0
-410.0 -854.8 2232.9 0 0 0 0 0 0 0 0 0
-274.6 -780.2 2399.7 0 0 0 0 0 0 0 0 0
-250.5 487.1 2351.8 4 0.4762892723 0.0848005489 -0.8751899004 -0.0757540911 0.9955952168 0.0552407578 0.8760192990 0.0399886332 0.4806152880
-267.2 290.5 2343.9 0.4762892723 0.0848005489 -0.8751899004 -0.0757540911 0.9955952168 0.0552407578 0.8760192990 0.0399886332 0.4806152880
-282.6 95.3 2337.1 0.4768942595 0.0785361677 -0.8754450083 -0.0683763623 0.9962967038 0.0521300919 0.8762970567 0.0349991992 0.4804981947
-335.2 300.2 2219.1 0.1287898868 0.0646979809 -0.9895591736 0.9547166228 0.2617833614 0.1413707286 0.2681965232 -0.9629556537 -0.0280531850
-371.8 28.9 2142.9 -0.3588337898 0.0709158108 -0.9307036400 0.9105094075 0.2460698932 -0.3322983682 0.2054529339 -0.9666543007 -0.1528677195
-199.3 280.7 2468.8 0.2764663994 -0.3787748218 -0.8832303882 0.6918889880 0.7162954807 -0.0906112865 0.6669752002 -0.5860464573 0.4601017535
-161.3 375.8 2560.5 0.7893825769 -0.3787748218 -0.4831198752 0.5806007981 0.7162954807 0.3870704472 0.1994440258 -0.5860464573 0.7853481174
-340.6 -91.9 2252.6 0.3123705089 0.0226815753 -0.9496895075 -0.0314305238 0.9994143248 0.0135310777 0.9494402409 0.0256225318 0.3129004538
-349.5 -483.4 2242.5 0.3059815466 0.1633281857 -0.9379228354 -0.0716010854 0.9863320589 0.1483994275 0.9493411183 0.0217488036 0.3134938776
-255.8 -103.7 2411.7 -0.9985070229 0.0387665369 0.0384826846 0.0287370011 0.9719389081 -0.2334714979 -0.0464536995 -0.2320170552 -0.9716018438
-271.0 -484.4 2502.6 -0.9985070229 0.0119827371 0.0532932952 0.0287370011 0.9449497461 0.3259511590 -0.0464536995 0.3269959986 -0.9438832998
-277.9 -209.3 2089.1 0 0 0 0 0 0 0 0 0
23.0 511.3 2607.0 0 0 0 0 0 0 0 0 0
-411.0 -854.9 2234.4 0 0 0 0 0 0 0 0 0
-274.7 -780.7 2400.1 0 0 0 0 0 0 0 0 0
-250.0 486.3 2352.0 5 0.4822002649 0.0853602886 -0.8718925118 -0.0751511678 0.9956035614 0.0559095219 0.8728317022 0.0385641493 0.4864952266
-266.9 290.1 2344.5 0.4822002649 0.0853602886 -0.8718925118 -0.0751511678 0.9956035614 0.0559095219 0.8728317022 0.0385641493 0.4864952266
-282.4 95.0 2337.3 0.4825942218 0.0790346488 -0.8722708225 -0.0703782961 0.9961990714 0.0513259023 0.8730118871 0.0366193466 0.4863222241
-335.6 300.2 2220.0 0.1263604611 0.0586947389 -0.9902464151 0.9542605877 0.2654794157 0.1375042051 0.2709608078 -0.9623282552 -0.0224639773
-371.6 28.3 2142.8 -0.3609170318 0.0638143793 -0.9304120541 0.9077843428 0.2526438534 -0.3348113298 0.2136971205 -0.9654526711 -0.1491131634
-198.1 280.1 2468.9 0.2569546998 -0.3493096232 -0.9010866284 0.7065166235 0.7040785551 -0.0714677796 0.6594001651 -0.6182686687 0.4277093410
-163.2 376.2 2558.5 0.7935153842 -0.3493096232 -0.4983132780 0.5731886625 0.7040785551 0.4191993773 0.2044213265 -0.6182686687 0.7589175105
-341.1 -93.6 2251.0 0.3187963963 0.0230945610 -0.9475418329 -0.0234179012 0.9995898604 0.0164842810 0.9475339055 0.0169343129 0.3192064762
-350.1 -485.2 2244.4 0.3086839616 0.1589322835 -0.9377924800 -0.0908414945 0.9863604903 0.1372619271 0.9468168020 0.0428199172 0.3189112842
-254.9 -106.0 2409.4 -0.9980031848 0.0420871153 0.0470986143 0.0296666734 0.9706333876 -0.2387272567 -0.0557628274 -0.2368533164 -0.9699438214
-271.4 -486.2 2502.2 -0.9980031848 0.0096529266 0.0624213554 0.0296666734 0.9441010356 0.3283186853 -0.0557628274 0.3295149505 -0.9425022006
-277.1 -209.4 2086.9 0 0 0 0 0 0 0 0 0
22.6 510.4 2606.4 0 0 0 0 0 0 0 0 0
-410.0 -856.6 2228.3 0 0 0 0 0 0 0 0 0
-274.4 -779.2 2399.9 0 0 0 0 0 0 0 0 0
-248.4 489.6 2352.2 6 0.4787467122 0.0914801285 -0.8731740713 -0.0772803053 0.9950871468 0.0618811436 0.8745452166 0.0378537625 0.4834643304
-266.4 293.0 2344.7 0.4787467122 0.0914801285 -0.8731740713 -0.0772803053 0.9950871468 0.0618811436 0.8745452166 0.0378537625 0.4834643304
-283.3 98.0 2338.2 0.4793489575 0.0861872137 -0.8733821511 -0.0705321431 0.9957304001 0.0595497899 0.8747856021 0.0330563858 0.4833813012
-334.8 303.0 2220.0 0.1285108179 0.0635947883 -0.9896669388 0.9549838901 0.2611224651 0.1407865435 0.2673775852 -0.9632085562 -0.0271749347
-371.9 27.2 2142.8 -0.3641819656 0.0646547601 -0.9290808439 0.9053638577 0.2584891319 -0.3368970752 0.2183753103 -0.9638480544 -0.1526731700
-198.1 282.9 2469.4 0.2593159676 -0.3728905022 -0.8909028769 0.6945297718 0.7129942179 -0.0962687731 0.6711062789 -0.5937945247 0.4438743293
-163.8 374.9 2558.3 0.7964839935 -0.3728905022 -0.4759894311 0.5742477775 0.7129942179 0.4023416340 0.1893483400 -0.5937945247 0.7820199728
-341.5 -93.7 2251.2 0.3156650960 0.0224756747 -0.9486044645 -0.0221678019 0.9996212721 0.0163077042 0.9486116767 0.0158807021 0.3160437644
-350.3 -485.3 2245.0 0.3047553897 0.1577751338 -0.9392716289 -0.0959278047 0.9862536192 0.1345423162 0.9475874901 0.0490997694 0.3157011271
-254.2 -106.5 2409.0 -0.9978194237 0.0430196114 0.0500575416 0.0305406321 0.9732647538 -0.2276467383 -0.0585125126 -0.2256215364 -0.9724562764
-271.1 -487.7 2497.4 -0.9978194237 0.0105008204 0.0651626959 0.0305406321 0.9486716986 0.3147844374 -0.0585125126 0.3160881400 -0.9469237328
-276.6 -209.7 2085.6 0 0 0 0 0 0 0 0 0
22.3 509.1 2602.5 0 0 0 0 0 0 0 0 0
-409.7 -856.7 2226.5 0 0 0 0 0 0 0 0 0
-274.3 -778.4 2400.5 0 0 0 0 0 0 0 0 0
-248.2 489.3 2351.7 7 0.4726873636 0.0941845104 -0.8761826158 -0.0769325867 0.9948863983 0.0654404983 0.8778656125 0.0364740975 0.4775160849
-266.8 292.9 2344.5 0.4726873636 0.0941845104 -0.8761826158 -0.0769325867 0.9948863983 0.0654404983 0.8778656125 0.0364740975 0.4775160849
-284.0 97.9 2338.1 0.4732778966 0.0877184793 -0.8765349388 -0.0704704449 0.9956109524 0.0615849681 0.8780899644 0.0326230004 0.4773822427
-334.3 303.0 2219.4 0.1302594990 0.0699331164 -0.9890105128 0.9561177492 0.2551693618 0.1439703703 0.2624334693 -0.9643639922 -0.0336260609
-371.8 27.7 2143.8 -0.3634757698 0.0664095879 -0.9292336106 0.9045112729 0.2639578581 -0.3349411786 0.2230352163 -0.9622452855 -0.1560105085
-199.4 282.9 2469.7 0.2703311145 -0.3482052982 -0.8975935578 0.7092574239 0.7024840713 -0.0589067601 0.6510568261 -0.6207005382 0.4368704855
-164.5 374.4 2553.6 0.7950424552 -0.3482052982 -0.4966493845 0.5721116066 0.7024840713 0.4233254492 0.2014841288 -0.6207005382 0.7577169538
-343.5 -90.7 2252.7 0.3090984821 0.0135901608 -0.9509329200 -0.0262005534 0.9996400476 0.0057698260 0.9506690502 0.0231315251 0.3093432784
-348.9 -482.2 2243.6 0.2993995547 0.1604602039 -0.9405383468 -0.0898003355 0.9861204624 0.1396507770 0.9498925209 0.0426492877 0.3096534014
-256.9 -103.4 2410.8 -0.9974938035 0.0420529805 0.0569007136 0.0289287865 0.9763132930 -0.2144190371 -0.0645698830 -0.2122355998 -0.9750829339
-273.4 -485.8 2493.9 -0.9975229502 0.0031096058 0.0702728629 0.0240241345 0.9540110826 0.2988070548 -0.0661119223 0.2997551560 -0.9517226815
-276.2 -210.0 2085.2 0 0 0 0 0 0 0 0 0
21.8 508.4 2600.8 0 0 0 0 0 0 0 0 0
-409.3 -853.6 2227.5 0 0 0 0 0 0 0 0 0
-274.3 -781.2 2401.1 0 0 0 0 0 0 0 0 0
-249.4 491.4 2352.0 8 0.4889512658 0.0827817619 -0.8683742285 -0.0712320209 0.9959513545 0.0548353642 0.8693978786 0.0350442342 0.4928683639
-265.8 294.4 2345.1 0.4889512658 0.0827817619 -0.8683742285 -0.0712320209 0.9959513545 0.0548353642 0.8693978786 0.0350442342 0.4928683639
-281.2 99.2 2339.3 0.4895133078 0.0791046098 -0.8684003353 -0.0643146783 0.9964395761 0.0545141101 0.8696208000 0.0291655064 0.4928580225
-335.5 303.5 2221.1 0.1264643967 0.0519757979 -0.9906085134 0.9543136954 0.2661668062 0.1357962638 0.2707252204 -0.9625246525 -0.0159405936
-372.0 28.0 2143.0 -0.3644736707 0.0555501655 -0.9295553565 0.9047717452 0.2573127449 -0.3393791616 0.2203338593 -0.9647302032 -0.1440439373
-196.0 285.2 2469.0 0.2412278205 -0.3217616975 -0.9155755043 0.7144578099 0.6973661780 -0.0568370968 0.6567794085 -0.6404293776 0.3981092870
-165.6 375.4 2551.9 0.7981345654 -0.3217616975 -0.5093629956 0.5636567473 0.6973661780 0.4426866174 0.2127729356 -0.6404293776 0.7379552126
-344.0 -90.7 2252.4 0.3262355030 0.0182101633 -0.9451131225 -0.0231054220 0.9996693134 0.0112857744 0.9450061321 0.0181554183 0.3265483677
-351.1 -482.3 2245.3 0.3160277009 0.1506645977 -0.9367105365 -0.0958452895 0.9873292446 0.1264700145 0.9438962936 0.0498112626 0.3264638782
-258.4 -103.4 2411.1 -0.9984847307 0.0361484475 0.0414907634 0.0264219660 0.9763112664 -0.2147515863 -0.0482708327 -0.2133299112 -0.9757869840
-272.6 -485.8 2494.7 -0.9985283017 0.0051528392 0.0539879762 0.0211696234 0.9535371661 0.3005306721 -0.0499309562 0.3012312949 -0.9522429109
-276.1 -210.2 2085.0 0 0 0 0 0 0 0 0 0
21.0 507.2 2601.6 0 0 0 0 0 0 0 0 0
-407.8 -854.1 2226.5 0 0 0 0 0 0 0 0 0
-274.2 -781.9 2401.2 0 0 0 0 0 0 0 0 0
-248.8 491.4 2353.6 9 0.4660763443 0.0893030688 -0.8802260160 -0.0754128247 0.9952820539 0.0610452369 0.8815246820 0.0379285850 0.4706120193
-266.4 294.5 2346.1 0.4660763443 0.0893030688 -0.8802260160 -0.0754128247 0.9952820539 0.0610452369 0.8815246820 0.0379285850 0.4706120193
-284.0 99.5 2339.8 0.4665115178 0.0898445398 -0.8799403310 -0.0705772191 0.9954369068 0.0642196834 0.8816948533 0.0321445204 0.4707237780
-332.9 304.5 2220.5 0.1354631633 0.0777397454 -0.9877278209 0.9553694129 0.2539008856 0.1510087550 0.2625243366 -0.9641010761 -0.0398759544
-372.0 28.4 2144.6 -0.3641186953 0.0691044703 -0.9287853241 0.9017919302 0.2754135430 -0.3330446482 0.2327851653 -0.9588388801 -0.1626010686
-200.0 284.5 2471.7 0.2502337694 -0.3021829724 -0.9198198318 0.7300176620 0.6829425097 -0.0257643014 0.6359695792 -0.6650375724 0.3914941847
-168.4 376.5 2551.9 0.8074222803 -0.3021829724 -0.5067096949 0.5542199612 0.6829425097 0.4758463502 0.2022609264 -0.6650375724 0.7188988328
-341.0 -90.1 2255.0 0.3017204702 0.0240804385 -0.9530922771 -0.0327652097 0.9993523359 0.0148767438 0.9528332353 0.0267396513 0.3023140430
-350.4 -481.6 2244.5 0.2944081426 0.1544065624 -0.9431237578 -0.0819507465 0.9873055816 0.1360579580 0.9521595836 0.0372331217 0.3033245206
-252.5 -101.7 2412.2 -0.9962444901 0.0498953164 0.0707629770 0.0331321321 0.9747462273 -0.2208438516 -0.0799950212 -0.2176699340 -0.9727386832
-272.0 -483.5 2497.5 -0.9962444901 0.0067089223 0.0863245726 0.0331321321 0.9506519437 0.3084852099 -0.0799950212 0.3101868033 -0.9473040104
-275.8 -210.1 2083.1 0 0 0 0 0 0 0 0 0
21.0 506.5 2599.3 0 0 0 0 0 0 0 0 0
-408.6 -853.4 2230.5 0 0 0 0 0 0 0 0 0
-274.1 -780.8 2400.5 0 0 0 0 0 0 0 0 0
-249.1 492.6 2353.0 0 0.4684375525 0.0830346569 -0.8795859814 -0.0741355494 0.9957568049 0.0545193441 0.8803806901 0.0396696776 0.4726057053
-265.5 296.0 2345.1 0.4684375525 0.0830346569 -0.8795859814 -0.0741355494 0.9957568049 0.0545193441 0.8803806901 0.0396696776 0.4726057053
-281.5 101.0 2338.0 0.4687556624 0.0813957974 -0.8795697093 -0.0702822953 0.9960253239 0.0547165908 0.8805274367 0.0361694694 0.4726132154
-332.3 306.0 2219.7 0.1311105937 0.0714799464 -0.9887874722 0.9594797492 0.2417842448 0.1447031647 0.2494166046 -0.9676936269 -0.0368830860
-370.3 28.2 2147.4 -0.3572925627 0.0569406338 -0.9322552085 0.9022994637 0.2788538933 -0.3287798762 0.2412420660 -0.9586439729 -0.1510099322
-198.7 286.0 2470.6 0.2375210226 -0.2960838079 -0.9251584411 0.7280560732 0.6847594976 -0.0322297066 0.6430537105 -0.6659119725 0.3782103956
-168.8 377.9 2551.7 0.8098961115 -0.2960838079 -0.5063621402 0.5495748520 0.6847594976 0.4786145985 0.2050262690 -0.6659119725 0.7173042893
-343.8 -89.0 2253.8 0.3038149178 0.0105961291 -0.9526721239 -0.0316408873 0.9994987845 0.0010264231 0.9522055387 0.0298315492 0.3039979041
-347.9 -480.5 2242.1 0.2964916229 0.1676631719 -0.9402030706 -0.0765701011 0.9854732752 0.1515897959 0.9519609809 0.0270463377 0.3050225377
-259.5 -101.8 2413.1 -0.9969753623 0.0314516909 0.0710700750 0.0159209911 0.9777130485 -0.2093411684 -0.0760702714 -0.2075764686 -0.9752565622
-271.8 -484.7 2494.4 -0.9969810843 0.0065288800 0.0773695931 0.0292199440 0.9547534585 0.2959594429 -0.0719366074 0.2973267138 -0.9520619512
-275.9 -210.1 2083.7 0 0 0 0 0 0 0 0 0
20.8 506.5 2599.7 0 0 0 0 0 0 0 0 0
-411.0 -851.6 2231.9 0 0 0 0 0 0 0 0 0
-273.8 -781.2 2402.1 0 0 0 0 0 0 0 0 0
-247.3 493.1 2352.6 1 0.4736493826 0.0911227688 -0.8759868145 -0.0803911015 0.9949541092 0.0600303262 0.8770368099 0.0419882201 0.4785848260
-265.3 296.7 2344.3 0.4736493826 0.0911227688 -0.8759868145 -0.0803911015 0.9949541092 0.0600303262 0.8770368099 0.0419882201 0.4785848260
-281.5 101.6 2336.6 0.4742256999 0.0824687257 -0.8765323162 -0.0737818182 0.9958235621 0.0537744761 0.8773062229 0.0391709097 0.4783298075
-332.9 307.2 2219.3 0.1320242733 0.0652021617 -0.9890997410 0.9594509602 0.2422945499 0.1440390199 0.2490451336 -0.9680092931 -0.0305695105
-371.2 29.1 2147.1 -0.3587282300 0.0526731722 -0.9319547415 0.9026078582 0.2740685046 -0.3319419324 0.2379350066 -0.9602666497 -0.1458593309
-197.7 286.2 2469.4 0.2255996019 -0.3155744970 -0.9216927886 0.7178952098 0.6934117675 -0.0616975687 0.6585828066 -0.6477598548 0.3829828501
-169.0 377.8 2553.4 0.8111008406 -0.3155744970 -0.4924714267 0.5514035821 0.6934117675 0.4638256133 0.1951139420 -0.6477598548 0.7364357710
-339.8 -87.8 2251.3 0.3099054694 0.0223387647 -0.9505048990 -0.0274074487 0.9995183945 0.0145546729 0.9503722787 0.0215403419 0.3103684485
-348.5 -479.2 2242.9 0.3023679852 0.1632271409 -0.9391115308 -0.0751741827 0.9862436652 0.1472151726 0.9502223134 0.0260837879 0.3104789555
-255.0 -100.5 2410.5 -0.9970204830 0.0432815142 0.0638501495 0.0281424839 0.9747930765 -0.2213289291 -0.0718201324 -0.2188725770 -0.9731066823
-272.0 -482.2 2496.2 -0.9970204830 0.0053994399 0.0769478828 0.0281424839 0.9542492628 0.2976848781 -0.0718201324 0.2989634275 -0.9515580535
-276.2 -209.9 2084.1 0 0 0 0 0 0 0 0 0
20.7 506.7 2599.0 0 0 0 0 0 0 0 0 0
-410.0 -850.7 2233.1 0 0 0 0 0 0 0 0 0
-273.7 -782.4 2402.2 0 0 0 0 0 0 0 0 0
-247.5 492.2 2351.9 2 0.4622541070 0.0948258638 -0.8816627264 -0.0768177882 0.9948102832 0.0667198449 0.8834139109 0.0368858613 0.4671394527
-266.2 295.2 2344.6 0.4622541070 0.0948258638 -0.8816627264 -0.0768177882 0.9948102832 0.0667198449 0.8834139109 0.0368858613 0.4671394527
-283.4 100.2 2338.4 0.4629767537 0.0874233246 -0.8820485473 -0.0689252391 0.9956617355 0.0625059381 0.8836864829 0.0318566151 0.4669939280
-332.2 305.0 2218.7 0.1390871257 0.0793530643 -0.9870956540 0.9583783150 0.2401818931 0.1543490291 0.2493305802 -0.9674790502 -0.0426440500
-372.1 30.3 2147.3 -0.3590452671 0.0693710670 -0.9307385087 0.9059725404 0.2655405104 -0.3296998143 0.2242771536 -0.9616007209 -0.1581893414
-200.3 285.4 2470.6 0.3175497949 -0.4646714628 -0.8265848756 0.6693641543 0.7272822857 -0.1516975313 0.6716500521 -0.5051147342 0.5419827700
-156.5 377.6 2563.1 0.7698335648 -0.4646714628 -0.4375348091 0.6136723757 0.7272822857 0.3073543906 0.1753924936 -0.5051147342 0.8450423479
-340.5 -86.7 2249.7 0.2980084419 0.0209851861 -0.9543325305 -0.0217513964 0.9996480346 0.0151893608 0.9543153644 0.0162315071 0.2983599901
-348.7 -478.3 2243.3 0.2894003093 0.1630028933 -0.9432271719 -0.0766530037 0.9861758351 0.1469064057 0.9541340470 0.0297864340 0.2978942692
-254.8 -100.1 2408.3 -0.9967614412 0.0456248671 0.0662196055 0.0291355178 0.9724153280 -0.2314293832 -0.0749518946 -0.2287505269 -0.9705953598
-272.6 -480.9 2497.9 -0.9967614412 0.0049994853 0.0802600086 0.0291355178 0.9527060986 0.3024933338 -0.0749518946 0.3038521111 -0.9497663379
-276.8 -210.0 2087.8 0 0 0 0 0 0 0 0 0
23.7 521.3 2604.2 0 0 0 0 0 0 0 0 0
-410.1 -849.7 2232.1 0 0 0 0 0 0 0 0 0
-274.2 -782.9 2401.5 0 0 0 0 0 0 0 0 0
-248.1 489.6 2352.1 3 0.4536011517 0.0948344022 -0.8861446977 -0.0758161619 0.9948238730 0.0676562563 0.8879740238 0.0364951342 0.4584432542
-266.8 293.0 2344.9 0.4536011517 0.0948344022 -0.8861446977 -0.0758161619 0.9948238730 0.0676562563 0.8879740238 0.0364951342 0.4584432542
-284.4 98.0 2338.7 0.4542189538 0.0899846330 -0.8863340020 -0.0691633150 0.9954449534 0.0656180009 0.8882012963 0.0314968564 0.4583736062
-331.6 302.8 2218.3 0.1436464489 0.0904095471 -0.9854906201 0.9557460546 0.2456712574 0.1618488729 0.2567394078 -0.9651278257 -0.0511187688
-372.4 31.1 2145.3 -0.3589535654 0.0880236626 -0.9291954637 0.9105537534 0.2517340183 -0.3279051781 0.2050466835 -0.9637851715 -0.1705110967
-202.1 283.1 2471.5 0.3515761495 -0.5071822405 -0.7868674397 0.6568160057 0.7325668335 -0.1787137985 0.6670734286 -0.4539955854 0.5906784534
-151.9 376.9 2566.7 0.7725303769 -0.5071822405 -0.3820509911 0.6199517846 0.7325668335 0.2810794413 0.1373193860 -0.4539955854 0.8803586960
-342.3 -88.6 2252.3 0.2887273133 0.0160897877 -0.9572761655 -0.0207067374 0.9997298717 0.0105579142 0.9571874142 0.0167737082 0.2889824808
-348.6 -480.2 2245.7 0.2792252302 0.1628830284 -0.9463098645 -0.0815888345 0.9859684110 0.1456350237 0.9567531347 0.0365433432 0.2885966897
-258.7 -101.0 2412.0 -0.9982502460 0.0338541158 0.0484802574 0.0220223553 0.9737569690 -0.2265223414 -0.0548767000 -0.2250583321 -0.9727987051
-271.9 -482.4 2500.2 -0.9982502460 0.0038918930 0.0590024553 0.0220223553 0.9505159855 0.3098941445 -0.0548767000 0.3106512725 -0.9489385486
-277.4 -210.0 2091.0 0 0 0 0 0 0 0 0 0
25.4 519.2 2598.3 0 0 0 0 0 0 0 0 0
-410.0 -851.5 2231.9 0 0 0 0 0 0 0 0 0
-273.1 -781.8 2402.3 0 0 0 0 0 0 0 0 0
-245.7 492.6 2351.2 4 0.4418380260 0.1048004925 -0.8909522891 -0.0788719729 0.9938450456 0.0777895898 0.8936209679 0.0359007679 0.4473843575
-266.4 296.5 2344.1 0.4418380260 0.1048004925 -0.8909522891 -0.0788719729 0.9938450456 0.0777895898 0.8936209679 0.0359007679 0.4473843575
-286.2 101.8 2338.1 0.4424747229 0.1011853814 -0.8910542130 -0.0727262869 0.9943901300 0.0768058747 0.8938271403 0.0308184046 0.4473513365
-329.4 306.9 2216.7 0.1489724964 0.1041525602 -0.9833409786 0.9565497041 0.2368787080 0.1700032204 0.2506388128 -0.9659403563 -0.0643386915
-372.2 32.1 2144.7 -0.3514123857 0.1019751877 -0.9306505322 0.9160737991 0.2425645292 -0.3193294406 0.1931791306 -0.9647608399 -0.1786569804
-203.3 286.2 2471.5 0.3612727523 -0.5226498842 -0.7722170353 0.6329894066 0.7455624938 -0.2084729075 0.6846944094 -0.4134896100 0.6001832485
-153.0 374.4 2566.9 0.7759642005 -0.5226498842 -0.3531524241 0.6169104576 0.7455624938 0.2521072328 0.1315333843 -0.4134896100 0.9009580016
-343.1 -90.7 2252.3 0.2767708600 0.0168255921 -0.9607886076 -0.0202307981 0.9997271299 0.0116796829 0.9607229829 0.0162049253 0.2770357132
-349.7 -482.3 2245.9 0.2669149637 0.1633186638 -0.9497807026 -0.0831559300 0.9857631922 0.1461368501 0.9601257443 0.0399737880 0.2766958773
-261.0 -103.2 2412.8 -0.9987382293 0.0300744977 0.0402171724 0.0199969597 0.9727832079 -0.2308525741 -0.0460653678 -0.2297570854 -0.9721572399
-272.8 -484.2 2502.8 -0.9987382293 0.0038843451 0.0500680357 0.0199969597 0.9453122616 0.3255532086 -0.0460653678 0.3261436522 -0.9441971779
-279.5 -209.7 2093.8 0 0 0 0 0 0 0 0 0
24.8 515.7 2597.0 0 0 0 0 0 0 0 0 0
-411.2 -853.6 2230.9 0 0 0 0 0 0 0 0 0
-274.0 -781.9 2400.1 0 0 0 0 0 0 0 0 0
-244.9 490.3 2351.7 5 0.4629292488 0.0956299901 -0.8812215328 -0.0827627182 0.9944834709 0.0644436851 0.8825230002 0.0430994220 0.4682900906
-263.8 294.3 2343.2 0.4629292488 0.0956299901 -0.8812215328 -0.0827627182 0.9944834709 0.0644436851 0.8825230002 0.0430994220 0.4682900906
-282.7 99.6 2335.6 0.4632447660 0.0968167633 -0.8809261322 -0.0795017183 0.9945469499 0.0674972087 0.8826572299 0.0387674123 0.4684157670
-329.8 305.6 2217.5 0.1491483152 0.0797453001 -0.9855939746 0.9565486908 0.2409110218 0.1642452627 0.2505382299 -0.9672654867 -0.0403487906
-372.3 32.9 2146.0 -0.3473364711 0.0779155791 -0.9344980121 0.9151176810 0.2457379997 -0.3196442425 0.2047364116 -0.9661997557 -0.1566556841
-197.8 283.0 2469.0 0.3061535954 -0.5333176851 -0.7885696888 0.6184241176 0.7411764264 -0.2611687481 0.7237551808 -0.4077127874 0.5567303300
-153.9 371.7 2572.8 0.7782638073 -0.5333176851 -0.3314779997 0.6187801361 0.7411764264 0.2603240311 0.1068482623 -0.4077127874 0.9068372250
-346.0 -86.4 2251.2 0.2990344465 0.0100245858 -0.9541896582 -0.0124792950 0.9999004006 0.0065939180 0.9541606903 0.0099358056 0.2991297543
-349.9 -478.1 2247.3 0.2879333794 0.1546546668 -0.9450800419 -0.0890932456 0.9869196415 0.1343577355 0.9534971118 0.0455141738 0.2979457974
-266.0 -99.6 2412.8 -0.9994977117 0.0180155635 0.0260714144 0.0115142521 0.9729160070 -0.2308720648 -0.0295245852 -0.2304559201 -0.9726347327
-273.1 -480.6 2503.1 -0.9994977117 0.0013889805 0.0316599086 0.0115142521 0.9466797709 0.3219702542 -0.0295245852 0.3221730590 -0.9462202787
-280.4 -209.2 2091.9 0 0 0 0 0 0 0 0 0
23.8 513.0 2597.2 0 0 0 0 0 0 0 0 0
-408.2 -849.8 2230.2 0 0 0 0 0 0 0 0 0
-273.5 -778.1 2401.8 0 0 0 0 0 0 0 0 0
-244.6 490.4 2352.0 6 0.4710651934 0.0993626863 -0.8764842749 -0.0846440792 0.9941419959 0.0672091246 0.8780278563 0.0425293259 0.4767161608
-264.2 294.2 2343.6 0.4710651934 0.0993626863 -0.8764842749 -0.0846440792 0.9941419959 0.0672091246 0.8780278563 0.0425293259 0.4767161608
-283.4 99.4 2336.3 0.4715844989 0.0976569578 -0.8763967156 -0.0794024542 0.9945142865 0.0680927634 0.8782387376 0.0374765582 0.4767517149
-331.4 305.5 2218.5 0.1425006539 0.0728306323 -0.9871115685 0.9542778730 0.2546489537 0.1565491259 0.2627685070 -0.9642871022 -0.0332130194
-371.9 34.2 2143.8 -0.3432389200 0.0809252784 -0.9357553720 0.9193181992 0.2330929637 -0.3170515299 0.1924605221 -0.9690814018 -0.1544026583
-197.0 282.8 2468.8 0.2747240067 -0.5136749744 -0.8128128648 0.6229330301 0.7390282154 -0.2564989626 0.7324487567 -0.4358615577 0.5230138898
-158.1 371.1 2572.5 0.7853890657 -0.5136749744 -0.3454011977 0.6095280051 0.7390282154 0.2869021893 0.1078867540 -0.4358615577 0.8935239911
-343.6 -88.0 2248.3 0.3081072867 0.0164202116 -0.9512099028 -0.0112948092 0.9998437166 0.0136012379 0.9512845874 0.0065530934 0.3082445860
-350.0 -479.7 2245.7 0.2964710891 0.1589095294 -0.9417285323 -0.0895610154 0.9863406420 0.1382422447 0.9508331418 0.0433573313 0.3066535890
-259.9 -102.4 2407.8 -0.9995610714 0.0254984703 0.0150834881 0.0215020273 0.9746454954 -0.2227190286 -0.0203800481 -0.2222969383 -0.9747659564
-269.8 -484.1 2494.8 -0.9995610714 0.0143811144 0.0259011034 0.0215020273 0.9535932541 0.3003291786 -0.0203800481 0.3007542789 -0.9534838796
-281.1 -209.1 2092.8 0 0 0 0 0 0 0 0 0
23.3 511.9 2597.5 0 0 0 0 0 0 0 0 0
-409.9 -851.2 2229.4 0 0 0 0 0 0 0 0 0
-274.3 -778.8 2401.9 0 0 0 0 0 0 0 0 0
-244.6 487.4 2355.1 7 0.4756631553 0.1024908945 -0.8736361861 -0.0938362181 0.9934336543 0.0654545650 0.8746080995 0.0508443899 0.4821571410
-264.8 291.6 2345.1 0.4756631553 0.1024908945 -0.8736361861 -0.0938362181 0.9934336543 0.0654545650 0.8746080995 0.0508443899 0.4821571410
-284.2 96.9 2336.2 0.4762839377 0.0990747511 -0.8736920357 -0.0877153054 0.9940289259 0.0649036244 0.8749055266 0.0457236096 0.4821303785
-332.6 304.1 2220.4 0.1389459521 0.0677876398 -0.9879771471 0.9528670311 0.2625519335 0.1520225406 0.2697005570 -0.9625337720 -0.0281120781
-372.0 34.2 2144.0 -0.3432656229 0.0775388256 -0.9360322952 0.9183654189 0.2366419286 -0.3171838522 0.1969104111 -0.9684979916 -0.1524400115
-196.9 279.1 2469.8 0.2597073019 -0.4658794701 -0.8458773494 0.6570278406 0.7271861434 -0.1987831444 0.7077192664 -0.5041395426 0.4949513078
-160.9 370.2 2567.9 0.7847754359 -0.4658794701 -0.4087589383 0.6027649045 0.7271861434 0.3284429908 0.1442289799 -0.5041395426 0.8514935970
-345.1 -88.2 2249.5 0.3133318126 0.0096908752 -0.9495942593 -0.0171553548 0.9998425245 0.0045430260 0.9494887590 0.0148671512 0.3134487271
-348.9 -479.9 2243.7 0.3018514514 0.1643420607 -0.9390832782 -0.0913578570 0.9854831696 0.1430968195 0.9489675760 0.0425986536 0.3124834597
-259.9 -102.6 2408.3 -0.9994191527 0.0279072095 0.0195597205 0.0225555766 0.9719230533 -0.2342153341 -0.0255468413 -0.2336381078 -0.9719879627
-270.8 -483.3 2499.8 -0.9994191527 0.0133885173 0.0313391574 0.0225555766 0.9492262602 0.3137845099 -0.0255468413 0.3143091202 -0.9489768744
-281.1 -208.9 2091.9 0 0 0 0 0 0 0 0 0
23.1 511.5 2601.7 0 0 0 0 0 0 0 0 0
-410.8 -851.1 2227.7 0 0 0 0 0 0 0 0 0
-275.0 -782.6 2400.7 0 0 0 0 0 0 0 0 0
-246.1 487.9 2360.7 8 0.4702261090 0.0912102759 -0.8778200746 -0.1045313925 0.9933997393 0.0472247973 0.8763335943 0.0695534199 0.4766568244
-264.1 291.7 2347.0 0.4702261090 0.0912102759 -0.8778200746 -0.1045313925 0.9933997393 0.0472247973 0.8763335943 0.0695534199 0.4766568244
-282.7 97.1 2334.6 0.4705713093 0.0948610902 -0.8772479892 -0.1008454263 0.9934715629 0.0533336438 0.8765801787 0.0633691624 0.4770655036
-331.2 306.1 2222.1 0.1413504481 0.0720188841 -0.9873364568 0.9502847791 0.2696510553 0.1557150483 0.2774507403 -0.9602612257 -0.0303231534
-371.7 33.6 2142.5 -0.3492809832 0.0821370408 -0.9334111214 0.9152600169 0.2433284819 -0.3210767806 0.2007532120 -0.9664599299 -0.1601667553
-197.0 277.3 2471.9 0.4472055435 -0.5292196274 -0.7210643291 0.6190311313 0.7650303841 -0.1775638163 0.6456063986 -0.3669537604 0.6697292924
-116.0 389.6 2588.9 0.7694079876 -0.5292196274 -0.3576840758 0.6150113940 0.7650303841 0.1910221726 0.1725465208 -0.3669537604 0.9140965939
-346.6 -89.8 2248.1 0.3069423437 0.0068618236 -0.9517033696 -0.0147207556 0.9998885989 0.0024615191 0.9516142607 0.0132542485 0.3070091605
-349.3 -481.5 2242.9 0.2970672548 0.1671291888 -0.9401164055 -0.0765366256 0.9855628014 0.1510236114 0.9517841935 0.0270891637 0.3055699468
-260.5 -105.7 2406.3 -0.9994587302 0.0266734883 0.0192546491 0.0208689999 0.9665346146 -0.2556860447 -0.0254303236 -0.2551458180 -0.9665681124
-271.0 -484.2 2506.2 -0.9994587302 0.0112750130 0.0309045389 0.0208689999 0.9435111284 0.3306829333 -0.0254303236 0.3311488926 -0.9432357550
-279.2 -208.8 2089.3 0 0 0 0 0 0 0 0 0
72.7 540.4 2631.2 0 0 0 0 0 0 0 0 0
-412.3 -852.7 2232.7 0 0 0 0 0 0 0 0 0
-274.6 -782.5 2401.5 0 0 0 0 0 0 0 0 0
-246.4 487.0 2356.0 9 0.5214395523 0.0923236310 -0.8482789397 -0.0997406766 0.9939092994 0.0468626358 0.8474388719 0.0601718836 0.5274720192
-264.5 291.4 2344.1 0.5214395523 0.0923236310 -0.8482789397 -0.0997406766 0.9939092994 0.0468626358 0.8474388719 0.0601718836 0.5274720192
-282.4 96.8 2332.1 0.5213743448 0.0912914127 -0.8484306931 -0.1004463360 0.9939143658 0.0452196039 0.8473955989 0.0616454147 0.5273713470
-338.7 305.7 2223.6 0.1144005507 0.0157102235 -0.9933104515 0.9519491196 0.2841950655 0.1141317561 0.2840869725 -0.9586377740 0.0175567381
-371.5 33.1 2142.3 -0.3526891470 0.0346076712 -0.9351003766 0.9121289253 0.2357870936 -0.3352987170 0.2088806778 -0.9711883068 -0.1147262082
-190.4 277.1 2464.7 0.3387974501 -0.5155875683 -0.7870106101 0.6164962053 0.7535423040 -0.2282684296 0.7107381821 -0.4078522921 0.5731559992
-137.5 373.3 2575.6 0.7648025155 -0.5155875683 -0.3863244951 0.6193422079 0.7535423040 0.2204297781 0.1774609834 -0.4078522921 0.8956361413
-343.8 -88.3 2242.9 0.3618811071 0.0155126993 -0.9320951700 -0.0015665888 0.9998702407 0.0160324480 0.9322229624 -0.0043416303 0.3618584573
-349.9 -479.9 2244.6 0.3484687209 0.1611515135 -0.9233632684 -0.0931871161 0.9861853123 0.1369476765 0.9326766133 0.0383235775 0.3586719930
-258.7 -106.5 2401.4 -0.9994685650 0.0290725082 0.0147425616 0.0240040291 0.9624102712 -0.2705369890 -0.0220535807 -0.2700393200 -0.9625967145
-270.1 -483.4 2507.1 -0.9994685650 0.0151594710 0.0288573094 0.0240040291 0.9412247539 0.3369268775 -0.0220535807 0.3374405205 -0.9410884976
-277.9 -208.9 2086.8 0 0 0 0 0 0 0 0 0
43.5 519.9 2617.6 0 0 0 0 0 0 0 0 0
-410.5 -851.3 2230.2 0 0 0 0 0 0 0 0 0
-274.9 -779.7 2400.9 0 0 0 0 0 0 0 0 0
-246.5 488.3 2361.1 0 0.4818441272 0.0926254541 -0.8713476658 -0.1072521135 0.9931548834 0.0462646745 0.8696684837 0.0711615160 0.4884801209
-264.8 292.1 2347.1 0.4818441272 0.0926254541 -0.8713476658 -0.1072521135 0.9931548834 0.0462646745 0.8696684837 0.0711615160 0.4884801209
-282.6 97.5 2334.3 0.4823926091 0.0912700072 -0.8711872101 -0.1013261676 0.9936947227 0.0479983240 0.8700749278 0.0651200265 0.4885990322
-333.4 306.5 2223.3 0.1329220682 0.0587049723 -0.9893863797 0.9504072666 0.2756417096 0.1440404356 0.2811720669 -0.9594662189 -0.0191547647
-371.5 34.1 2142.7 -0.3473782241 0.0714015365 -0.9350027442 0.9153212309 0.2424725890 -0.3215495646 0.2037534118 -0.9675272107 -0.1495850384
-196.2 277.7 2470.8 0.3140957355 -0.5016400814 -0.8060403466 0.6316122413 0.7442744374 -0.2170749903 0.7088087797 -0.4409226179 0.5506154895
-151.6 367.2 2571.3 0.7724794149 -0.5016400814 -0.3894005716 0.6148224473 0.7442744374 0.2608618438 0.1589621156 -0.4409226179 0.8833562732
-347.3 -88.8 2243.5 0.3195240498 0.0038061002 -0.9475705028 -0.0020129504 0.9999924302 0.0033378890 0.9475760460 0.0008408768 0.3195292652
-348.8 -480.5 2243.2 0.3074118793 0.1625912935 -0.9375830889 -0.0818174705 0.9861618876 0.1441895515 0.9480526447 0.0323850922 0.3164606988
-253.2 -106.9 2396.4 -0.9981860518 0.0444415659 0.0406149141 0.0311710238 0.9586474299 -0.2828841209 -0.0515071973 -0.2811049819 -0.9582937956
-270.6 -482.4 2506.5 -0.9981860518 0.0121265845 0.0589709245 0.0311710238 0.9420948029 0.3338948488 -0.0515071973 0.3351273537 -0.9407638907
-279.2 -209.1 2088.6 0 0 0 0 0 0 0 0 0
31.4 512.9 2609.0 0 0 0 0 0 0 0 0 0
-410.1 -851.9 2231.0 0 0 0 0 0 0 0 0 0
-274.4 -778.0 2401.3 0 0 0 0 0 0 0 0 0
-244.9 486.7 2356.2 1 0.4868766963 0.1011312455 -0.8675964475 -0.1024347395 0.9930316806 0.0582683794 0.8674435019 0.0605024993 0.4938433468
-264.8 290.8 2344.3 0.4868766963 0.1011312455 -0.8675964475 -0.1024347395 0.9930316806 0.0582683794 0.8674435019 0.0605024993 0.4938433468
-283.1 96.1 2333.4 0.4876933098 0.0934637859 -0.8679975867 -0.0940959379 0.9940881729 0.0541721396 0.8679292798 0.0552556552 0.4936047196
-334.3 304.2 2220.7 0.1310934722 0.0539212003 -0.9899024963 0.9518947005 0.2721185386 0.1408827007 0.2769674063 -0.9607517719 -0.0156543385
-371.6 33.2 2141.8 -0.3531762362 0.0623939261 -0.9334738851 0.9109247327 0.2503832579 -0.3279090822 0.2132667154 -0.9661341906 -0.1452655941
-195.4 277.4 2467.8 0.4531618655 -0.5330001712 -0.7145314217 0.6055908203 0.7722673416 -0.1919970959 0.6541437507 -0.3457078934 0.6727421284
-110.2 391.3 2590.9 0.7731763124 -0.5330001712 -0.3436701596 0.6104996204 0.7722673416 0.1757650822 0.1717224419 -0.3457078934 0.9224952459
-344.0 -88.0 2243.0 0.3254057765 0.0126619823 -0.9454897046 -0.0036254972 0.9999197125 0.0121431332 0.9455674887 -0.0005235756 0.3254255652
-349.0 -479.7 2243.3 0.3135497570 0.1604155004 -0.9359238148 -0.0830142945 0.9864843488 0.1412703246 0.9459361434 0.0333997831 0.3226286769
-257.0 -106.3 2400.1 -0.9988142252 0.0348808989 0.0339627042 0.0244145524 0.9624281526 -0.2704366148 -0.0421197340 -0.2692867517 -0.9621385336
-270.6 -483.2 2505.5 -0.9988142252 0.0092440965 0.0477984212 0.0244145524 0.9445338249 0.3275054097 -0.0421197340 0.3282840252 -0.9436395168
-277.7 -209.1 2085.1 0 0 0 0 0 0 0 0 0
80.5 541.8 2633.2 0 0 0 0 0 0 0 0 0
-409.4 -851.2 2230.7 0 0 0 0 0 0 0 0 0
-273.5 -777.7 2403.2 0 0 0 0 0 0 0 0 0
-244.1 487.8 2353.7 2 0.5316630006 0.0968785435 -0.8413970470 -0.0932276025 0.9940938950 0.0555513017 0.8418093920 0.0489068627 0.5375546813
-263.2 291.5 2344.1 0.5316630006 0.0968785435 -0.8413970470 -0.0932276025 0.9940938950 0.0555513017 0.8418093920 0.0489068627 0.5375546813
-280.8 96.7 2333.9 0.5317614675 0.0899687409 -0.8421017528 -0.0921793655 0.9945823550 0.0480510704 0.8418626189 0.0520726927 0.5371738076
-338.8 304.6 2224.3 0.1136733443 0.0054085674 -0.9935034513 0.9507992268 0.2894837260 0.1103632003 0.2881999910 -0.9571676850 0.0277641211
-371.4 32.2 2141.7 -0.3562360704 0.0233505759 -0.9341041446 0.9081035852 0.2441307455 -0.3402175903 0.2200992703 -0.9694611430 -0.1081729233
-187.5 278.4 2463.9 0.3378393352 -0.4678718448 -0.8166764975 0.6346026659 0.7540304661 -0.1694623083 0.6950855851 -0.4610140920 0.5516538620
-133.1 380.7 2575.9 0.7715213895 -0.4678718448 -0.4311040044 0.6029090285 0.7540304661 0.2606506944 0.2031144202 -0.4610140920 0.8638347983
-345.5 -90.1 2244.2 0.3730538785 0.0104992334 -0.9277502894 -0.0048950650 0.9999443293 0.0093479101 0.9277967811 0.0010541236 0.3730845153
-349.6 -481.8 2243.8 0.3599365950 0.1635840237 -0.9185237885 -0.0929080695 0.9858996868 0.1391759515 0.9283392429 0.0352437533 0.3700596392
-257.4 -107.1 2401.0 -0.9992222786 0.0320561156 0.0229616426 0.0249449853 0.9648786187 -0.2615090013 -0.0305381622 -0.2607328594 -0.9649278522
-269.9 -485.0 2503.1 -0.9992222786 0.0136964945 0.0369761772 0.0249449853 0.9458115101 0.3237566650 -0.0305381622 0.3244272470 -0.9454175830
-276.6 -209.5 2083.2 0 0 0 0 0 0 0 0 0
47.9 522.2 2623.5 0 0 0 0 0 0 0 0 0
-411.2 -853.1 2230.6 0 0 0 0 0 0 0 0 0
-274.2 -777.9 2402.6 0 0 0 0 0 0 0 0 0
-244.3 490.1 2360.0 3 0.4853470623 0.0961044803 -0.8690236807 -0.0979064852 0.9936631322 0.0552077666 0.8688225150 0.0582881272 0.4916807413
-263.3 294.3 2348.5 0.4853470623 0.0961044803 -0.8690236807 -0.0979064852 0.9936631322 0.0552077666 0.8688225150 0.0582881272 0.4916807413
-280.8 99.5 2337.9 0.4859690368 0.0897038281 -0.8693602681 -0.0912514329 0.9944898486 0.0516059585 0.8691992164 0.0542514734 0.4914768636
-332.4 307.3 2224.9 0.1362174749 0.0560900755 -0.9890898466 0.9490968585 0.2788307071 0.1465217769 0.2840070128 -0.9587008357 -0.0152533045
-372.0 31.4 2142.4 -0.3596122265 0.0638262779 -0.9309163690 0.9067283869 0.2594214976 -0.3324817717 0.2202786505 -0.9636527896 -0.1511642486
-194.2 281.3 2472.1 0.3506159484 -0.4635705650 -0.8137387633 0.6618504524 0.7373965979 -0.1349082142 0.6625877023 -0.4912723899 0.5653573871
-144.2 375.7 2566.6 0.7585196495 -0.4635705650 -0.4579850137 0.6168422103 0.7373965979 0.2752307057 0.2101277411 -0.4912723899 0.8452796936
-346.4 -89.7 2247.7 0.3230254650 0.0091728019 -0.9463458061 -0.0141385002 0.9998881817 0.0048657488 0.9462846518 0.0118081504 0.3231190443
-350.0 -481.4 2243.1 0.3128778338 0.1605053842 -0.9361332655 -0.0811074972 0.9865326285 0.1420385987 0.9463239908 0.0314867012 0.3216823637
-250.4 -106.4 2399.6 -0.9961115122 0.0539073087 0.0696837381 0.0339973755 0.9648877978 -0.2604528069 -0.0812773034 -0.2570709884 -0.9629685879
-271.5 -484.2 2500.3 -0.9961115122 0.0065834806 0.0878548771 0.0339973755 0.9486894608 0.3143764138 -0.0812773034 0.3161408007 -0.9452242851
-276.3 -209.9 2083.8 0 0 0 0 0 0 0 0 0
31.6 518.6 2615.3 0 0 0 0 0 0 0 0 0
-410.4 -853.0 2231.2 0 0 0 0 0 0 0 0 0
-273.5 -776.6 2402.8 0 0 0 0 0 0 0 0 0
-244.1 487.6 2355.6 4 0.4685617685 0.0985777751 -0.8779135942 -0.0879433751 0.9940235019 0.0646780282 0.8790425658 0.0469010361 0.4744306803
-263.5 291.7 2346.4 0.4685617685 0.0985777751 -0.8779135942 -0.0879433751 0.9940235019 0.0646780282 0.8790425658 0.0469010361 0.4744306803
-281.9 96.9 2338.1 0.4691777229 0.0935700834 -0.8781326413 -0.0815683231 0.9947117567 0.0624110959 0.8793286681 0.0423459113 0.4743289351
-330.3 303.3 2221.2 0.1473140419 0.0748265907 -0.9862553477 0.9514716864 0.2616623640 0.1619706750 0.2701855898 -0.9622545242 -0.0326488428
-372.3 31.9 2144.2 -0.3598999679 0.0724862069 -0.9301708341 0.9054557085 0.2675599456 -0.3294868767 0.2249931991 -0.9608108401 -0.1619278640
-196.8 280.1 2471.6 0.3367860615 -0.4295545518 -0.8378890157 0.6782127023 0.7279489636 -0.1005875319 0.6531482935 -0.5343905091 0.5364924073
-149.5 375.2 2563.1 0.7687199712 -0.4295545518 -0.4738697112 0.6052922010 0.7279489636 0.3220430017 0.2066179216 -0.5343905091 0.8195949197
