14.8 350.1 2901.6 1 -0.6524524689 -0.0554368012 -0.7557992935 -0.2210094184 0.9678862691 0.1197958663 0.7248865962 0.2451998740 -0.6437518597
25.8 158.5 2853.0 -0.6524524689 -0.0554368012 -0.7557992935 -0.2210094184 0.9678862691 0.1197958663 0.7248865962 0.2451998740 -0.6437518597
33.7 -30.7 2810.5 -0.6538845897 -0.0412523821 -0.7554688454 -0.1922352314 0.9748030901 0.1131571531 0.7317653894 0.2192194462 -0.6453388929
115.0 184.8 2753.2 -0.6981171370 -0.6982953548 0.1581648737 -0.5565916896 0.3903388083 -0.7333766222 0.4503755867 -0.6000160575 -0.6611675620
291.0 325.1 2639.7 -0.4664976597 -0.6982953548 0.5429213047 -0.8839384317 0.3903388083 -0.2574654222 -0.0321363732 -0.6000160575 -0.7993422151
-63.5 132.3 2952.9 -0.0605869628 0.0415917374 -0.9972960353 -0.9955068827 0.0703213587 0.0634109899 0.0727685839 0.9966569543 0.0371443033
-79.1 -124.2 2971.6 0.0817023814 0.0429969579 -0.9957288504 -0.9954195619 0.0532854721 -0.0793760642 0.0496449545 0.9976531863 0.0471535660
99.7 -213.7 2701.6 -0.5829697847 0.4480625689 0.6777803302 0.2234829366 0.8904483318 -0.3964304924 -0.7811540365 -0.0796346590 -0.6192388535
-74.2 -559.3 2732.5 -0.5855860114 0.0991880372 0.8045189381 0.1994536519 0.9796033502 0.0244025849 -0.7856889963 0.1747540534 -0.5934254527
-18.3 -246.7 2831.7 -0.5247922540 0.2162261754 0.8233100176 -0.0265954528 0.9625628591 -0.2697506249 -0.8508147597 -0.1634593308 -0.4993948936
-102.2 -620.2 2895.1 -0.5247922540 -0.2715179920 0.8067658544 -0.0265954528 0.9525316954 0.3032756150 -0.8508147597 0.1377003789 -0.5071023703
409.4 549.4 2647.8 0 0 0 0 0 0 0 0 0
-57.8 -383.8 2984.6 0 0 0 0 0 0 0 0 0
-115.5 -967.5 2659.7 0 0 0 0 0 0 0 0 0
-3.5 -966.3 2845.1 0 0 0 0 0 0 0 0 0
12.5 358.5 2893.3 2 -0.6914480329 -0.0610527173 -0.7198417783 -0.1992537528 0.9738899469 0.1087947413 0.6944044232 0.2186570913 -0.6855593324
24.6 165.4 2849.9 -0.6914480329 -0.0610527173 -0.7198417783 -0.1992537528 0.9738899469 0.1087947413 0.6944044232 0.2186570913 -0.6855593324
33.3 -24.8 2812.2 -0.6929760575 -0.0458385311 -0.7195019126 -0.1713255048 0.9798592329 0.1025836766 0.7003083229 0.1943570673 -0.6868723035
119.1 188.8 2754.5 -0.7032421827 -0.6826481819 0.1985997260 -0.5515487194 0.3475869298 -0.7582725883 0.4486027658 -0.6427866817 -0.6209515333
295.5 327.2 2641.9 -0.4350191057 -0.6826481819 0.5871539712 -0.9000817537 0.3475869298 -0.2627473772 -0.0247230288 -0.6427866817 -0.7656461596
-69.9 141.9 2945.3 -0.0718211979 -0.0106219482 -0.9973609447 -0.9931575656 0.0930804387 0.0705271959 0.0920856595 0.9956019521 -0.0172344167
-88.4 -113.9 2969.1 0.0713900477 -0.0094027035 -0.9974041581 -0.9945054650 0.0760876164 -0.0718998611 0.0765661523 0.9970567822 -0.0039191418
100.2 -202.6 2702.5 -0.5519840717 0.4432354271 0.7062973380 0.1836801469 0.8908526897 -0.4155034125 -0.8133727312 -0.0996184573 -0.5731500387
-71.9 -548.4 2741.2 -0.5494228005 0.1030121967 0.8291701078 0.2099305093 0.9775568843 0.0176566094 -0.8087421060 0.1837690473 -0.5587174296
-16.9 -237.1 2833.4 -0.4517943263 0.2253139764 0.8632007241 -0.0224132072 0.9644092321 -0.2634625137 -0.8918405175 -0.1383779645 -0.4306645989
-104.3 -611.3 2887.1 -0.4517943263 -0.2726565897 0.8494352698 -0.0224132072 0.9553198218 0.2947230041 -0.8918405175 0.1141156107 -0.4377191961
407.1 558.0 2648.3 0 0 0 0 0 0 0 0 0
-69.8 -373.2 2989.0 0 0 0 0 0 0 0 0 0
-115.8 -965.1 2662.8 0 0 0 0 0 0 0 0 0
-4.2 -962.1 2845.2 0 0 0 0 0 0 0 0 0
17.6 354.2 2899.6 3 -0.6863500476 -0.0534805991 -0.7253022790 -0.2129602134 0.9683576226 0.1301207989 0.6953930855 0.2437689453 -0.6760215759
28.2 162.3 2851.3 -0.6863500476 -0.0534805991 -0.7253022790 -0.2129602134 0.9683576226 0.1301207989 0.6953930855 0.2437689453 -0.6760215759
35.6 -27.0 2809.1 -0.6877260804 -0.0387550220 -0.7249350548 -0.1839637905 0.9752844572 0.1223827153 0.7022749782 0.2175275832 -0.6778581142
122.0 187.4 2755.5 -0.6955395341 -0.6889987588 0.2037288845 -0.5570096970 0.3379815817 -0.7586228848 0.4538336098 -0.6411311626 -0.6188585162
300.0 330.0 2639.4 -0.4130849838 -0.6889987588 0.5955178738 -0.9099890590 0.3379815817 -0.2401841134 -0.0357875042 -0.6411311626 -0.7665964365
-65.7 137.1 2947.1 -0.0762456134 -0.0013458993 -0.9970881343 -0.9946424365 0.0701139122 0.0759639516 0.0698075071 0.9975380898 -0.0066845668
-85.3 -119.1 2965.1 0.0669541582 -0.0001985570 -0.9977560043 -0.9963504672 0.0530475676 -0.0668703988 0.0529418103 0.9985919595 0.0033539229
104.0 -199.6 2711.9 -0.5499001145 0.4435934126 0.7076967955 0.2219410092 0.8944514990 -0.3881993294 -0.8052031398 -0.0564039089 -0.5903105140
-68.0 -546.4 2733.8 -0.5524948835 0.1122019514 0.8259298801 0.2004942745 0.9796943069 0.0010272553 -0.8090435863 0.1661617756 -0.5637719035
-19.9 -230.3 2837.1 -0.4625073969 0.1746921092 0.8692350388 -0.0125874812 0.9790043831 -0.2034503073 -0.8865260482 -0.1050387546 -0.4505978227
-87.6 -609.5 2877.8 -0.4597525895 -0.2325372845 0.8570612073 -0.0241947565 0.9680296183 0.2496663779 -0.8877173662 0.0940483734 -0.4506803155
405.9 563.3 2648.5 0 0 0 0 0 0 0 0 0
-67.9 -378.9 2978.9 0 0 0 0 0 0 0 0 0
-116.2 -966.9 2662.5 0 0 0 0 0 0 0 0 0
-2.6 -963.5 2843.4 0 0 0 0 0 0 0 0 0
17.4 340.5 2903.3 4 -0.6895000339 -0.0628743321 -0.7215514183 -0.2421653718 0.9589034319 0.1478517205 0.6826021075 0.2766785324 -0.6763899922
29.7 151.9 2848.9 -0.6895000339 -0.0628743321 -0.7215514183 -0.2421653718 0.9589034319 0.1478517205 0.6826021075 0.2766785324 -0.6763899922
38.5 -35.9 2800.8 -0.6913403869 -0.0452893898 -0.7211083770 -0.2093840688 0.9677652717 0.1399597824 0.6915249228 0.2477484643 -0.6785380840
124.1 180.4 2754.5 -0.6847839952 -0.6924377084 0.2271581888 -0.5796494484 0.3286233842 -0.7456629276 0.4416756630 -0.6422901750 -0.6264071465
304.1 332.8 2638.5 -0.3976635039 -0.6924377084 0.6019914746 -0.9166465402 0.3286233842 -0.2275209129 -0.0402844138 -0.6422901750 -0.7654021978
-64.7 123.3 2943.2 -0.0711900666 -0.0082430495 -0.9974287152 -0.9967321754 0.0388533957 0.0708192587 0.0381697230 0.9992108941 -0.0109820887
-83.0 -133.4 2953.1 0.0722279102 -0.0070063989 -0.9973635674 -0.9971406460 0.0217698403 -0.0723647028 0.0222194605 0.9997384548 -0.0054139746
104.6 -199.7 2704.1 -0.5654642582 0.4401504695 0.6975082159 0.2042070627 0.8940812349 -0.3986454606 -0.7990930080 -0.0829836428 -0.5954528451
-66.2 -546.5 2736.3 -0.5651518106 0.1184808984 0.8164347410 0.2068045288 0.9783815742 0.0011714653 -0.7986459136 0.1695044637 -0.5774365067
-18.6 -232.7 2829.7 -0.5446966290 0.1970654130 0.8151507974 -0.0231359676 0.9680981636 -0.2495007664 -0.8383139968 -0.1547615230 -0.5227605104
-94.9 -607.5 2889.7 -0.5446966290 -0.2371847779 0.8043935299 -0.0231359676 0.9630569816 0.2683019638 -0.8383139968 0.1275327504 -0.5300613642
405.4 566.3 2648.7 0 0 0 0 0 0 0 0 0
-64.2 -393.3 2958.9 0 0 0 0 0 0 0 0 0
-116.7 -964.0 2664.0 0 0 0 0 0 0 0 0 0
-6.7 -965.6 2842.2 0 0 0 0 0 0 0 0 0
14.4 332.6 2906.6 5 -0.7000070214 -0.0726230815 -0.7104336619 -0.2580966353 0.9533002973 0.1568589211 0.6658650637 0.2931628823 -0.6860606670
28.6 145.8 2849.2 -0.7000070214 -0.0726230815 -0.7104336619 -0.2580966353 0.9533002973 0.1568589211 0.6658650637 0.2931628823 -0.6860606670
39.2 -41.1 2798.1 -0.7022380829 -0.0546347499 -0.7098427415 -0.2244973779 0.9631765485 0.1479591280 0.6756201386 0.2632603645 -0.6886445880
124.5 176.5 2757.0 -0.6787800789 -0.7124529481 0.1779562235 -0.5824995041 0.3748138547 -0.7212551236 0.4471598566 -0.5932329893 -0.6694196463
300.9 327.8 2640.8 -0.4449235201 -0.7124529481 0.5426360369 -0.8950265646 0.3748138547 -0.2417479157 -0.0311535038 -0.5932329893 -0.8044278026
-67.3 115.2 2941.4 -0.0664523542 -0.0259196367 -0.9974528551 -0.9975867271 0.0218827203 0.0658926293 0.0201190691 0.9994245172 -0.0273112450
-84.4 -141.8 2946.6 0.0772067830 -0.0246001668 -0.9967115521 -0.9969927073 0.0047980985 -0.0773469806 0.0066850688 0.9996858835 -0.0241557416
109.2 -204.8 2690.9 -0.5684978366 0.4463883936 0.6910482049 0.1825746596 0.8875017762 -0.4230923057 -0.8021699786 -0.1143591702 -0.5860420465
-64.0 -549.1 2735.3 -0.5655386448 0.1226259768 0.8155543208 0.2077322751 0.9781810045 -0.0030283257 -0.7981311083 0.1677043289 -0.5786725879
-14.6 -242.3 2814.7 -0.5745458603 0.2390321344 0.7827903628 -0.0387220979 0.9473947287 -0.3177165091 -0.8175559044 -0.2128539830 -0.5350658894
-107.1 -608.7 2897.0 -0.5745458603 -0.2723949254 0.7718148232 -0.0387220979 0.9509847164 0.3068038821 -0.8175559044 0.1463866085 -0.5569320321
413.8 555.1 2648.7 0 0 0 0 0 0 0 0 0
-64.2 -401.7 2948.3 0 0 0 0 0 0 0 0 0
-116.2 -966.0 2663.8 0 0 0 0 0 0 0 0 0
-4.0 -968.5 2841.6 0 0 0 0 0 0 0 0 0
16.8 337.5 2907.8 6 -0.6865792274 -0.0659690872 -0.7240560055 -0.2559287846 0.9540651441 0.1557567120 0.6805214286 0.2922461033 -0.6719247103
29.8 150.2 2850.4 -0.6865792274 -0.0659690872 -0.7240560055 -0.2559287846 0.9540651441 0.1557567120 0.6805214286 0.2922461033 -0.6719247103
39.6 -36.7 2799.3 -0.6884637475 -0.0506356619 -0.7235009670 -0.2249408066 0.9632762074 0.1466307193 0.6895065308 0.2636948228 -0.6745707989
123.8 180.9 2756.3 -0.6811888814 -0.7100944519 0.1781783253 -0.5719767809 0.3642798960 -0.7349440455 0.4569729269 -0.6025496125 -0.6543009281
300.5 329.3 2637.8 -0.4269833565 -0.7100944519 0.5598669648 -0.9032424688 0.3642798960 -0.2268331051 -0.0428753458 -0.6025496125 -0.7969289422
-64.2 119.5 2944.6 -0.0648010746 -0.0061891894 -0.9978790283 -0.9976547956 0.0224859565 0.0646470562 0.0220381506 0.9997280240 -0.0076317885
-80.9 -137.5 2950.2 0.0785296783 -0.0048436010 -0.9969000220 -0.9968951344 0.0053961421 -0.0785555094 0.0057599056 0.9999737144 -0.0044048051
112.7 -207.8 2686.6 -0.5819494724 0.4644906819 0.6675201654 0.1862497926 0.8751401305 -0.4465879500 -0.7916096449 -0.1355661303 -0.5957986712
-67.4 -547.3 2739.2 -0.5795751214 0.1143626943 0.8068543077 0.2078055292 0.9781123400 0.0106330831 -0.7879781127 0.1738314480 -0.5906547904
-13.0 -248.0 2807.5 -0.5822824836 0.2470173538 0.7745512128 -0.0485467203 0.9404585361 -0.3364238143 -0.8115357757 -0.2334956080 -0.5356206298
-108.7 -612.3 2898.0 -0.5822824836 -0.2822085023 0.7624339461 -0.0485467203 0.9482148290 0.3138978481 -0.8115357757 0.1457635462 -0.5658291578
409.3 559.5 2648.7 0 0 0 0 0 0 0 0 0
-60.4 -397.5 2951.7 0 0 0 0 0 0 0 0 0
-116.2 -964.4 2665.0 0 0 0 0 0 0 0 0 0
-4.7 -961.7 2844.3 0 0 0 0 0 0 0 0 0
21.6 342.4 2909.9 7 -0.6717756391 -0.0521589406 -0.7389160395 -0.2504076660 0.9547844529 0.1602580547 0.6971466541 0.2926877141 -0.6544619799
31.8 155.0 2852.4 -0.6717756391 -0.0521589406 -0.7389160395 -0.2504076660 0.9547844529 0.1602580547 0.6971466541 0.2926877141 -0.6544619799
39.3 -32.1 2801.2 -0.6731935740 -0.0384851769 -0.7384641171 -0.2203974873 0.9636992812 0.1506938934 0.7058578730 0.2642017901 -0.6572381854
123.8 185.1 2756.0 -0.6941922903 -0.6833209395 0.2262070328 -0.5674004555 0.3261250854 -0.7561078668 0.4428925514 -0.6532342434 -0.6141101122
301.6 330.4 2642.6 -0.4118619561 -0.6833209395 0.6028617024 -0.9109315276 0.3261250854 -0.2526780665 -0.0239481349 -0.6532342434 -0.7567770481
-60.1 124.9 2948.8 -0.0703188702 0.0177750662 -0.9973661900 -0.9972285032 0.0231060293 0.0707209557 0.0243022423 0.9995749593 0.0161010120
-78.2 -132.1 2955.1 0.0725554302 0.0190218277 -0.9971829653 -0.9973537326 0.0060072434 -0.0724532604 0.0046121273 0.9998010397 0.0194073487
111.1 -203.5 2686.4 -0.5975221992 0.4663132429 0.6523182988 0.1930988580 0.8732533455 -0.4473716915 -0.7782544494 -0.1413526088 -0.6118328571
-69.8 -542.4 2741.2 -0.5963523984 0.1063705608 0.7956438065 0.2042289376 0.9786705971 0.0222344194 -0.7763081193 0.1757530421 -0.6053565145
-12.2 -243.8 2809.8 -0.5772013664 0.2485509366 0.7778567076 -0.0498874374 0.9400411844 -0.3373927474 -0.8150765896 -0.2335488200 -0.5301934481
-108.6 -608.4 2900.4 -0.5772013664 -0.2779018581 0.7678601146 -0.0498874374 0.9505553842 0.3065219820 -0.8150765896 0.1386183202 -0.5625256300
407.1 563.7 2648.7 0 0 0 0 0 0 0 0 0
-59.3 -392.2 2956.3 0 0 0 0 0 0 0 0 0
-116.0 -967.4 2664.9 0 0 0 0 0 0 0 0 0
-5.6 -960.5 2849.1 0 0 0 0 0 0 0 0 0
17.8 342.5 2908.9 8 -0.6853097677 -0.0606553704 -0.7257213593 -0.2518022656 0.9547974467 0.1579793096 0.6833345890 0.2910030484 -0.6696051359
29.7 155.5 2851.9 -0.6853097677 -0.0606553704 -0.7257213593 -0.2518022656 0.9547974467 0.1579793096 0.6833345890 0.2910030484 -0.6696051359
38.5 -31.6 2800.9 -0.6870066524 -0.0455409698 -0.7252226472 -0.2211450189 0.9637961388 0.1489692777 0.6921826005 0.2627222538 -0.6722055674
123.5 185.7 2757.4 -0.7012671828 -0.6913177371 0.1740807146 -0.5471256375 0.3653608859 -0.7531035542 0.4570315778 -0.6233708262 -0.6344532967
298.4 322.2 2643.4 -0.4472299516 -0.6913177371 0.5675078630 -0.8939809799 0.3653608859 -0.2594406307 -0.0279892497 -0.6233708262 -0.7814252377
-64.1 125.3 2946.4 -0.0690612718 -0.0025787330 -0.9976090789 -0.9973351359 0.0237540025 0.0689809024 0.0235193260 0.9997144938 -0.0042123427
-81.9 -131.7 2952.5 0.0741802678 -0.0013070247 -0.9972440004 -0.9972221255 0.0066565359 -0.0741873682 0.0067351554 0.9999769926 -0.0008096103
107.1 -199.4 2686.7 -0.5902966261 0.4468871057 0.6721917987 0.1754562259 0.8838853836 -0.4335455596 -0.7878863811 -0.1379802376 -0.6001636982
-66.3 -542.4 2740.3 -0.5868719816 0.1142491028 0.8015787005 0.2075789273 0.9781376123 0.0125638535 -0.7826188803 0.1737642288 -0.5977572203
-13.5 -238.9 2813.1 -0.5580148101 0.2542414367 0.7899245620 -0.0484320410 0.9403094649 -0.3368567526 -0.8284164667 -0.2262286991 -0.5123931766
-112.1 -603.7 2900.9 -0.5580148101 -0.2839570642 0.7797358036 -0.0484320410 0.9491745830 0.3110015690 -0.8284164667 0.1357792765 -0.5434060693
413.2 551.6 2650.6 0 0 0 0 0 0 0 0 0
-62.6 -391.8 2954.3 0 0 0 0 0 0 0 0 0
-115.8 -966.0 2665.0 0 0 0 0 0 0 0 0 0
-5.8 -959.3 2850.1 0 0 0 0 0 0 0 0 0
13.3 356.1 2930.9 9 -0.6176728606 -0.0630787089 -0.7839013338 -0.2840366066 0.9473889470 0.1475716829 0.7333508134 0.3138076961 -0.6030931473
25.7 169.5 2869.1 -0.6176728606 -0.0630787089 -0.7839013338 -0.2840366066 0.9473889470 0.1475716829 0.7333508134 0.3138076961 -0.6030931473
34.9 -16.3 2813.9 -0.6195368171 -0.0481586866 -0.7834888697 -0.2521182895 0.9574411511 0.1405092925 0.7433777452 0.2845825553 -0.6053117514
110.0 203.9 2768.0 -0.7424241304 -0.6606571674 0.1110790148 -0.4524103701 0.3721382320 -0.8104554415 0.4940964282 -0.6519549489 -0.5751725435
295.9 317.1 2644.4 -0.4692793787 -0.6606571674 0.5859257579 -0.8825978637 0.3721382320 -0.2872875929 -0.0282467697 -0.6519549489 -0.7577313781
-58.6 135.1 2970.2 -0.0413945727 0.0819157809 -0.9957792163 -0.9991074204 0.0049997391 0.0419442169 0.0084145302 0.9966267347 0.0816357061
-69.2 -122.2 2972.4 0.0993943885 0.0836251453 -0.9915279150 -0.9948408008 -0.0119890235 -0.1007376313 -0.0203116499 0.9964251518 0.0820020661
108.9 -198.9 2688.0 -0.6352270246 0.4495963454 0.6279727221 0.2233824879 0.8852953911 -0.4078631997 -0.7393151522 -0.1188076288 -0.6627955437
-65.6 -542.4 2734.1 -0.6386082768 0.1165844947 0.7606493831 0.1969817281 0.9802904129 0.0151285185 -0.7438935637 0.1594952196 -0.6489866376
-14.2 -238.5 2812.0 -0.5833184123 0.1929351836 0.7889965773 -0.0482006706 0.9614450336 -0.2707399726 -0.8108121157 -0.1959577799 -0.5515289903
-88.8 -610.7 2887.8 -0.5833184123 -0.2326041907 0.7782254815 -0.0482006706 0.9663428068 0.2527019083 -0.8108121157 0.1098946854 -0.5748972297
416.5 543.9 2651.6 0 0 0 0 0 0 0 0 0
-43.3 -381.6 2967.1 0 0 0 0 0 0 0 0 0
-116.3 -968.5 2664.8 0 0 0 0 0 0 0 0 0
-4.5 -961.2 2848.0 0 0 0 0 0 0 0 0 0
21.9 349.1 2919.5 0 -0.7242855430 -0.0384723097 -0.6884259582 -0.2394543737 0.9503329992 0.1988185197 0.6465848684 0.3088479936 -0.6975248456
29.5 162.5 2858.9 -0.7242855430 -0.0384723097 -0.6884259582 -0.2394543737 0.9503329992 0.1988185197 0.6465848684 0.3088479936 -0.6975248456
35.4 -22.9 2801.8 -0.7248860598 -0.0302328616 -0.6882050633 -0.2227964699 0.9556317925 0.1926904768 0.6518450379 0.2930082977 -0.6994599104
127.4 192.4 2770.9 -0.6715505719 -0.7363044620 0.0829191282 -0.5251487494 0.3940191567 -0.7542995214 0.5227223635 -0.5500951409 -0.6512731314
294.5 323.1 2640.8 -0.4507071376 -0.7363044620 0.5046967864 -0.8919610977 0.3940191567 -0.2217077166 -0.0356158093 -0.5500951409 -0.8343421817
-68.4 132.6 2946.9 -0.0972424969 -0.0493906178 -0.9940344095 -0.9950987101 -0.0131946402 0.0980022103 -0.0179563165 0.9986923933 -0.0478654578
-93.4 -123.3 2942.3 0.0451605581 -0.0486276411 -0.9977955222 -0.9985863566 -0.0302261785 -0.0437232777 -0.0280333851 0.9983595014 -0.0499239303
99.3 -179.6 2692.4 -0.5737149715 0.4195878208 0.7034181952 0.1650112867 0.9004188776 -0.4025135040 -0.8022608161 -0.1148560941 -0.5858205557
-63.5 -528.9 2736.9 -0.5698611140 0.1199489012 0.8129394650 0.1994771063 0.9798909426 -0.0047513898 -0.7971619368 0.1594551802 -0.5823287964
-14.5 -227.2 2817.6 -0.5377991796 0.2332977653 0.8101507425 -0.0407736450 0.9526277184 -0.3013932407 -0.8420864344 -0.1951218396 -0.5028100014
-104.4 -594.3 2892.8 -0.5377991796 -0.2597779036 0.8020520210 -0.0407736450 0.9582447410 0.2830274999 -0.8420864344 0.1195093691 -0.5259352922
410.6 552.9 2650.0 0 0 0 0 0 0 0 0 0
-81.6 -383.3 2935.0 0 0 0 0 0 0 0 0 0
-116.8 -964.5 2666.1 0 0 0 0 0 0 0 0 0
-2.9 -968.9 2846.1 0 0 0 0 0 0 0 0 0
20.8 360.8 2913.2 1 -0.7748965621 -0.0558140725 -0.6296190023 -0.2314178944 0.9519852996 0.2004239857 0.5882015824 0.3010129631 -0.7506064773
32.4 162.0 2850.4 -0.7748965621 -0.0558140725 -0.6296190023 -0.2314178944 0.9519852996 0.2004239857 0.5882015824 0.3010129631 -0.7506064773
33.7 -24.6 2797.4 -0.7767077684 -0.0074962736 -0.6298165321 -0.1766508371 0.9623903036 0.2063962072 0.6045821309 0.2715671360 -0.7488202453
137.6 185.8 2768.6 -0.6316830516 -0.7717927098 0.0728871822 -0.5706744194 0.3993105590 -0.7175526619 0.5246972442 -0.4948607087 -0.6926800609
294.8 327.8 2638.0 -0.4367652833 -0.7717927098 0.4621386230 -0.8985069990 0.3993105590 -0.1823082417 -0.0438326709 -0.4948607087 -0.8678660989
-72.7 138.2 2932.2 -0.1414431334 -0.1175933778 -0.9829372764 -0.9899349809 0.0120316353 0.1410107017 -0.0047555817 0.9929889441 -0.1181115881
-109.1 -116.4 2930.9 0.0014240785 -0.1175861433 -0.9930616617 -0.9999874234 -0.0049410816 -0.0008489481 -0.0048069744 0.9930503964 -0.1175917014
105.5 -188.6 2687.0 -0.5246634483 0.4286444783 0.7355217338 0.1423250884 0.8959940076 -0.4206403494 -0.8393282294 -0.1160114259 -0.5311021805
-60.9 -536.3 2732.0 -0.5186075568 0.1254413575 0.8457604051 0.1959413588 0.9802905917 -0.0252462868 -0.8322578669 0.1526265293 -0.5329652429
-24.5 -229.1 2798.7 -0.4999810457 0.1580330133 0.8514954448 -0.1188889593 0.9613763690 -0.2482355386 -0.8578370214 -0.2253464758 -0.4618815780
-85.4 -599.7 2885.6 -0.5233370066 -0.2150037587 0.8245555162 -0.0246929340 0.9710653424 0.2375340015 -0.8517679572 0.1039496362 -0.5135034919
407.7 560.0 2649.4 0 0 0 0 0 0 0 0 0
-108.7 -376.7 2929.7 0 0 0 0 0 0 0 0 0
-115.9 -966.5 2665.1 0 0 0 0 0 0 0 0 0
-5.1 -962.5 2846.8 0 0 0 0 0 0 0 0 0
10.0 377.0 2922.6 2 -0.7637934089 -0.0786319599 -0.6406532526 -0.2615262270 0.9451294541 0.1957917511 0.5901047587 0.3170920610 -0.7424479723
25.9 185.6 2858.4 -0.7637934089 -0.0786319599 -0.6406532526 -0.2615262270 0.9451294541 0.1957917511 0.5901047587 0.3170920610 -0.7424479723
35.6 0.5 2801.7 -0.7663282752 -0.0507665537 -0.6404402852 -0.2242983431 0.9552857876 0.1926636994 0.6020226479 0.2912933230 -0.7434493303
130.0 216.0 2776.6 -0.6797420382 -0.7307142615 0.0633044839 -0.4717879593 0.3695236146 -0.8005425930 0.5615753531 -0.5740287304 -0.5959229469
295.6 331.0 2639.7 -0.4281786978 -0.7307142615 0.5317139030 -0.9029679298 0.3695236146 -0.2193199396 -0.0362206250 -0.5740287304 -0.8180336952
-78.2 155.2 2940.1 -0.0962195545 -0.1153937802 -0.9886485934 -0.9950903058 -0.0119748982 0.0982441828 -0.0231757350 0.9932476282 -0.1136750057
-102.9 -100.7 2934.2 0.0475098267 -0.1146024913 -0.9922747016 -0.9985910058 -0.0289591625 -0.0444676206 -0.0236393437 0.9929892421 -0.1158168614
107.2 -185.1 2690.4 -0.5214918852 0.4277790487 0.7382758856 0.1602993906 0.8989568949 -0.4076525867 -0.8380634189 -0.0942423344 -0.5373713970
-63.5 -543.7 2728.0 -0.5182960629 0.1233180687 0.8462634683 0.1873770505 0.9818797112 -0.0283206385 -0.8344213963 0.1438918710 -0.5320113897
-33.2 -225.5 2796.5 -0.4976593852 0.1143446416 0.8598025441 -0.1368624866 0.9685026407 -0.2080175132 -0.8565067649 -0.2211965770 -0.4663349390
-77.6 -601.8 2882.4 -0.5265194178 -0.1948021203 0.8275442123 -0.0136537058 0.9752066731 0.2208744735 -0.8500534296 0.1049956605 -0.5161250234
406.3 564.3 2649.1 0 0 0 0 0 0 0 0 0
-90.5 -360.6 2928.0 0 0 0 0 0 0 0 0 0
-116.5 -965.4 2666.2 0 0 0 0 0 0 0 0 0
-5.0 -965.2 2843.3 0 0 0 0 0 0 0 0 0
12.1 370.6 2916.3 3 -0.7520419359 -0.0763940066 -0.6546730995 -0.2655881941 0.9441779852 0.1949124187 0.6032378078 0.3204557598 -0.7303507924
27.3 182.4 2852.4 -0.7520419359 -0.0763940066 -0.6546730995 -0.2655881941 0.9441779852 0.1949124187 0.6032378078 0.3204557598 -0.7303507924
38.7 -2.4 2794.4 -0.7539892793 -0.0589268841 -0.6542383432 -0.2382917702 0.9526619315 0.1888180971 0.6121414900 0.2982664406 -0.7323386669
130.0 214.8 2769.0 -0.7072196603 -0.7032893300 0.0722810104 -0.4622288644 0.3825936615 -0.7999790907 0.5349624753 -0.5991712809 -0.5956583619
296.4 323.5 2643.2 -0.4543897808 -0.7032893300 0.5467303395 -0.8901142478 0.3825936615 -0.2476262599 -0.0350226648 -0.5991712809 -0.7998544574
-75.3 149.9 2935.8 -0.0834623277 -0.0999324098 -0.9914875627 -0.9961360693 -0.0189216826 0.0857607573 -0.0273308922 0.9948142767 -0.0979670286
-96.8 -106.4 2928.7 0.0605119132 -0.0989132896 -0.9932544827 -0.9977145195 -0.0359680019 -0.0572017580 -0.0300673638 0.9944458008 -0.1008637175
115.2 -159.4 2691.2 -0.5373638868 0.4400922656 0.7194156051 0.1564782262 0.8902619481 -0.4277244508 -0.8287065625 -0.1172708049 -0.5472595096
-57.9 -509.7 2737.4 -0.5327721238 0.1258931160 0.8368421793 0.1956851482 0.9803991914 -0.0229074508 -0.8233232498 0.1515531242 -0.5469647646
-22.5 -203.9 2797.9 -0.6622191072 0.1963622570 0.7231236100 -0.0587463342 0.9484762549 -0.3113546371 -0.7470038533 -0.2486658394 -0.6165634990
-98.5 -570.8 2894.1 -0.6622191072 -0.2267657518 0.7141730785 -0.0587463342 0.9658857584 0.2522173822 -0.7470038533 0.1250681132 -0.6529496312
413.7 553.3 2652.3 0 0 0 0 0 0 0 0 0
-81.0 -366.4 2920.9 0 0 0 0 0 0 0 0 0
-116.6 -966.6 2666.7 0 0 0 0 0 0 0 0 0
-5.2 -967.9 2842.7 0 0 0 0 0 0 0 0 0
18.5 350.8 2923.6 4 -0.6995074153 -0.0677552894 -0.7114060521 -0.2970476449 0.9329866767 0.2032204270 0.6499631405 0.3534756899 -0.6727576852
31.8 167.8 2854.3 -0.6995074153 -0.0677552894 -0.7114060521 -0.2970476449 0.9329866767 0.2032204270 0.6499631405 0.3534756899 -0.6727576852
42.0 -15.2 2790.6 -0.7012771964 -0.0541164055 -0.7108317018 -0.2698042095 0.9430919886 0.1943790317 0.6598606110 0.3280989528 -0.6759697199
127.1 204.6 2764.6 -0.7075701952 -0.6922734976 0.1417810768 -0.5000000596 0.3486942947 -0.7927245498 0.4993439317 -0.6317988038 -0.5928624868
298.9 326.0 2643.4 -0.4289406836 -0.6922734976 0.5803166032 -0.9028888345 0.3486942947 -0.2514040768 -0.0283127017 -0.6317988038 -0.7746151686
-63.6 130.9 2944.0 -0.0674468130 -0.0245261490 -0.9974213839 -0.9965341091 -0.0471306778 0.0685457364 -0.0486903116 0.9985876083 -0.0212623291
-81.0 -125.6 2931.4 0.0756856725 -0.0232379120 -0.9968609214 -0.9951897860 -0.0641235262 -0.0740640089 -0.0622011423 0.9976713657 -0.0279793646
118.2 -163.2 2681.7 -0.5941267014 0.4289348423 0.6804618835 0.1815558076 0.8956342936 -0.4060500860 -0.7836140394 -0.1177034080 -0.6099959016
-49.4 -513.2 2727.7 -0.5925620198 0.1456016153 0.7922565341 0.1923470795 0.9806531072 -0.0363608189 -0.7822230458 0.1308421940 -0.6091037989
-17.1 -208.1 2790.7 -0.6316187382 0.2441171855 0.7358427644 -0.0680105984 0.9280268550 -0.3662522733 -0.7722902894 -0.2813768983 -0.5695565939
-111.5 -567.0 2899.6 -0.6316187382 -0.2570468187 0.7314264774 -0.0680105984 0.9581699371 0.2780016661 -0.7722902894 0.1258463115 -0.6226800084
409.2 558.2 2650.7 0 0 0 0 0 0 0 0 0
-61.3 -384.9 2915.2 0 0 0 0 0 0 0 0 0
-116.3 -963.9 2667.6 0 0 0 0 0 0 0 0 0
-5.0 -964.1 2847.4 0 0 0 0 0 0 0 0 0
22.4 340.6 2923.8 5 -0.6708810329 -0.0590966381 -0.7392064929 -0.3089413941 0.9284686446 0.2061582953 0.6741467714 0.3666791618 -0.6411494017
34.0 159.7 2852.4 -0.6708810329 -0.0590966381 -0.7392064929 -0.3089413941 0.9284686446 0.2061582953 0.6741467714 0.3666791618 -0.6411494017
43.0 -22.4 2786.3 -0.6723921299 -0.0477697439 -0.7386520505 -0.2825362682 0.9389210343 0.1964702457 0.6841506362 0.3408010602 -0.6448197961
125.5 198.3 2759.2 -0.7089188099 -0.6937193274 0.1272306144 -0.5131528378 0.3835755587 -0.7678176761 0.4838473797 -0.6096091270 -0.6279079914
294.4 320.6 2644.0 -0.4694540203 -0.6937193274 0.5462293029 -0.8827027678 0.3835755587 -0.2714877725 -0.0211838838 -0.6096091270 -0.7924190760
-57.6 121.2 2945.5 -0.0618698411 0.0157538708 -0.9979599118 -0.9964578748 -0.0580320768 0.0608606227 -0.0569548942 0.9981904030 0.0192885045
-73.6 -135.5 2930.9 0.0807327181 0.0171375908 -0.9965884686 -0.9938194156 -0.0750457719 -0.0817989111 -0.0761915818 0.9970328212 0.0109730223
115.2 -172.6 2668.1 -0.6323031783 0.4288079739 0.6452258825 0.1729439497 0.8899595737 -0.4219743311 -0.7551709414 -0.1552277952 -0.6368839741
-51.8 -519.0 2728.5 -0.6291090846 0.1436555386 0.7639272213 0.1959740072 0.9803401828 -0.0229632612 -0.7522073984 0.1352634877 -0.6448937058
-10.2 -222.0 2785.6 -0.6339399815 0.3177619278 0.7050868869 -0.0673381761 0.8855512142 -0.4596353173 -0.7704451084 -0.3388604522 -0.5399888158
-132.7 -563.4 2916.2 -0.6339399815 -0.3031294644 0.7115002871 -0.0673381761 0.9381259680 0.3396840096 -0.7704451084 0.1674281359 -0.6151277423
414.9 547.1 2649.4 0 0 0 0 0 0 0 0 0
-52.5 -394.5 2911.0 0 0 0 0 0 0 0 0 0
-116.9 -963.5 2667.2 0 0 0 0 0 0 0 0 0
-2.5 -966.3 2844.3 0 0 0 0 0 0 0 0 0
20.6 334.7 2904.9 6 -0.7092311382 -0.0635863617 -0.7021025419 -0.2643907070 0.9472231865 0.1812892407 0.6535202861 0.3142053485 -0.6886118054
33.0 150.5 2843.8 -0.7092311382 -0.0635863617 -0.7021025419 -0.2643907070 0.9472231865 0.1812892407 0.6535202861 0.3142053485 -0.6886118054
42.0 -34.9 2788.2 -0.7109680176 -0.0484032482 -0.7015565634 -0.2348625809 0.9566885829 0.1720074266 0.6628454328 0.2870611846 -0.6915430427
129.9 182.7 2753.7 -0.6682252884 -0.7305903435 0.1404019743 -0.5794480443 0.3927448690 -0.7141368389 0.4665993452 -0.5585599542 -0.6857811809
295.0 325.9 2638.4 -0.4485308230 -0.7305903435 0.5148376822 -0.8928217292 0.3927448690 -0.2205014080 -0.0411036536 -0.5585599542 -0.8284450769
-63.9 118.4 2933.9 -0.0775597617 -0.0357259884 -0.9963474274 -0.9969658852 -0.0038307193 0.0777452663 -0.0065942537 0.9993543029 -0.0353204831
-83.8 -138.1 2932.2 0.0660496801 -0.0346049480 -0.9972161055 -0.9976444244 -0.0208423939 -0.0653547868 -0.0185227729 0.9991837144 -0.0359000675
112.5 -179.2 2659.7 -0.5961209536 0.4271765351 0.6798235178 0.1290691942 0.8866892457 -0.4439857900 -0.7924525142 -0.1769249439 -0.5837093592
-53.3 -523.3 2728.3 -0.5882672668 0.1409572363 0.7962868214 0.1926037520 0.9807764292 -0.0313267186 -0.7853950858 0.1349393427 -0.6041075587
-7.9 -229.8 2781.1 -0.6622745991 0.2385126054 0.7102845311 -0.0718811080 0.9233818650 -0.3770928979 -0.7458052635 -0.3007950783 -0.5943877697
-99.7 -585.4 2897.0 -0.6622745991 -0.2463798225 0.7075940371 -0.0718811080 0.9609255791 0.2673109472 -0.7458052635 0.1261706054 -0.6541066766
409.8 554.4 2648.9 0 0 0 0 0 0 0 0 0
-66.6 -397.8 2927.4 0 0 0 0 0 0 0 0 0
-117.0 -966.9 2667.3 0 0 0 0 0 0 0 0 0
-3.6 -960.2 2847.8 0 0 0 0 0 0 0 0 0
30.4 321.0 2911.4 7 -0.6815578938 -0.0365405232 -0.7308512926 -0.2529929876 0.9489297867 0.1884856522 0.6866391897 0.3133641481 -0.6559950709
37.6 136.1 2850.3 -0.6815578938 -0.0365405232 -0.7308512926 -0.2529929876 0.9489297867 0.1884856522 0.6866391897 0.3133641481 -0.6559950709
42.2 -49.6 2794.7 -0.6824201941 -0.0247199740 -0.7305420041 -0.2261575758 0.9575291276 0.1788595468 0.6950938106 0.2872749865 -0.6590278149
130.5 167.0 2755.7 -0.6369343400 -0.7671096325 0.0765340105 -0.6134303212 0.4441848695 -0.6529954076 0.4669238031 -0.4628635049 -0.7534849048
290.7 321.2 2638.3 -0.4828822017 -0.7671096325 0.4223358929 -0.8748067021 0.4441848695 -0.1934244782 -0.0392174385 -0.4628635049 -0.8855616450
-55.4 105.1 2945.0 -0.0877241567 0.0100587951 -0.9960940480 -0.9961445332 -0.0015905829 0.0877125412 -0.0007020876 0.9999481440 0.0101595465
-78.0 -151.3 2944.8 0.0551001243 0.0110021140 -0.9984202385 -0.9982955456 -0.0186550990 -0.0552988164 -0.0192340314 0.9997654557 0.0099554639
114.7 -199.1 2673.8 -0.6046134830 0.4488613904 0.6580015421 0.1863279790 0.8828787208 -0.4310534000 -0.7744187713 -0.1380165964 -0.6174358130
-59.4 -541.5 2727.3 -0.6037284136 0.1325642914 0.7860907912 0.1929850578 0.9810504913 -0.0172266401 -0.7734783292 0.1413035542 -0.6178709865
-12.5 -241.3 2791.6 -0.6273867488 0.2290142030 0.7442703247 -0.0669773519 0.9363642335 -0.3445810080 -0.7758220434 -0.2660348117 -0.5721237659
-101.0 -603.1 2894.4 -0.6273867488 -0.2576501966 0.7348484397 -0.0669773519 0.9580340385 0.2787199914 -0.7758220434 0.1256470382 -0.6183146238
414.0 544.7 2648.3 0 0 0 0 0 0 0 0 0
-63.7 -411.5 2939.8 0 0 0 0 0 0 0 0 0
-116.7 -965.4 2666.2 0 0 0 0 0 0 0 0 0
-3.6 -965.0 2846.9 0 0 0 0 0 0 0 0 0
30.0 328.4 2921.2 8 -0.6267383099 -0.0269044749 -0.7787652016 -0.2634445131 0.9478710294 0.1792694479 0.7333458066 0.3175164759 -0.6011549234
35.3 142.4 2858.9 -0.6267383099 -0.0269044749 -0.7787652016 -0.2634445131 0.9478710294 0.1792694479 0.7333458066 0.3175164759 -0.6011549234
38.4 -43.3 2803.1 -0.6274042726 -0.0168022178 -0.7785123587 -0.2344118357 0.9574672580 0.1682483405 0.7425732017 0.2880522609 -0.6046577096
120.6 174.4 2757.9 -0.6665767431 -0.7422050238 0.0693335831 -0.5688126683 0.4463177025 -0.6908347607 0.4817962348 -0.4999321997 -0.7196806073
282.8 312.8 2640.7 -0.5085380673 -0.7422050238 0.4364868104 -0.8609317541 0.4463177025 -0.2441249639 -0.0136210108 -0.4999321997 -0.8659574389
-50.1 110.5 2959.9 -0.0735585913 0.0821470991 -0.9939019084 -0.9972761869 -0.0006479539 0.0737547651 0.0054147374 0.9966199994 0.0819710121
-69.0 -146.4 2961.3 0.0673173666 0.0833104476 -0.9942473173 -0.9974582195 -0.0177076794 -0.0690185353 -0.0233557783 0.9963663220 0.0819066614
107.8 -215.0 2677.2 -0.6417272091 0.4505659640 0.6206259131 0.2169159651 0.8828202486 -0.4166243672 -0.7356178761 -0.1327355057 -0.6642647386
-67.0 -557.5 2728.7 -0.6449318528 0.1207016185 0.7546482682 0.1925481111 0.9812580347 0.0076074782 -0.7395864725 0.1502124071 -0.6560854316
-14.2 -255.6 2801.2 -0.5492638946 0.2265978307 0.8043398261 -0.0629802123 0.9485704303 -0.3102379739 -0.8332722783 -0.2210600227 -0.5067443252
-101.9 -622.6 2886.7 -0.5492638946 -0.2769896090 0.7884072065 -0.0629802123 0.9545051455 0.2914677262 -0.8332722783 0.1104386449 -0.5417200923
412.6 532.6 2644.2 0 0 0 0 0 0 0 0 0
-51.5 -406.4 2955.2 0 0 0 0 0 0 0 0 0
-117.3 -966.1 2666.2 0 0 0 0 0 0 0 0 0
-1.6 -968.1 2846.7 0 0 0 0 0 0 0 0 0
38.4 314.9 2920.6 9 -0.5382604003 -0.0050496603 -0.8427634239 -0.2638328373 0.9507288337 0.1628095210 0.8004173636 0.3099825978 -0.5130719543
39.4 128.4 2859.8 -0.5382604003 -0.0050496603 -0.8427634239 -0.2638328373 0.9507288337 0.1628095210 0.8004173636 0.3099825978 -0.5130719543
39.5 -58.2 2806.7 -0.5383435488 0.0001437636 -0.8427254558 -0.2314278334 0.9615280628 0.1480030268 0.8103254437 0.2747066021 -0.5175991654
112.3 159.9 2750.0 -0.6738625765 -0.7285933495 0.1227229759 -0.5991306305 0.4416364729 -0.6678320765 0.4323790967 -0.5235541463 -0.7341248989
280.6 309.5 2642.1 -0.5170353055 -0.7285933495 0.4492506981 -0.8559603691 0.4416364729 -0.2688662708 -0.0025113125 -0.5235541463 -0.8519886732
-33.5 97.0 2969.6 -0.0558197834 0.1910965294 -0.9799827933 -0.9980822802 0.0156240584 0.0598974191 0.0267574973 0.9814469218 0.1898579150
-47.9 -160.0 2976.5 0.0804418847 0.1924983710 -0.9779946208 -0.9966109395 -0.0013961578 -0.0822479129 -0.0171980243 0.9812963009 0.1917336732
97.6 -208.1 2681.2 -0.7012509108 0.4299999177 0.5686362982 0.2398180664 0.8934200406 -0.3798524737 -0.6713675857 -0.1300026327 -0.7296333909
-69.2 -554.8 2731.6 -0.7079864740 0.1153306440 0.6967452765 0.1904588789 0.9812019467 0.0311156120 -0.6800592542 0.1547307521 -0.7166434526
-14.4 -250.1 2813.6 -0.5244811773 0.2524875700 0.8131232858 -0.0471021347 0.9449509978 -0.3238039911 -0.8501181602 -0.2081289440 -0.4837163091
-112.2 -616.2 2894.2 -0.5244811773 -0.2988461256 0.7972518206 -0.0471021347 0.9451270103 0.3232898116 -0.8501181602 0.1320071518 -0.5097776651
412.6 528.1 2642.7 0 0 0 0 0 0 0 0 0
-26.9 -419.9 2972.0 0 0 0 0 0 0 0 0 0
-117.2 -963.2 2667.2 0 0 0 0 0 0 0 0 0
-3.0 -961.4 2846.0 0 0 0 0 0 0 0 0 0
30.5 316.6 2926.3 0 -0.5083984733 -0.0219876636 -0.8608411551 -0.2755528986 0.9512649775 0.1384396851 0.8158441186 0.3075897992 -0.4896804392
34.8 129.7 2865.9 -0.5083984733 -0.0219876636 -0.8608411551 -0.2755528986 0.9512649775 0.1384396851 0.8158441186 0.3075897992 -0.4896804392
37.8 -56.9 2812.8 -0.5090304613 -0.0153496526 -0.8606116176 -0.2431731969 0.9616752863 0.1266787201 0.8256844282 0.2737610042 -0.4932546318
103.9 162.8 2753.6 -0.6892251372 -0.7187711000 0.0913059860 -0.5674867630 0.4571684599 -0.6848034859 0.4504747391 -0.5237987041 -0.7229850888
272.5 301.6 2643.4 -0.5306762457 -0.7187711000 0.4491667747 -0.8474968076 0.4571684599 -0.2697148919 -0.0114816250 -0.5237987041 -0.8517646790
-34.4 96.7 2978.2 -0.0311961453 0.2188079953 -0.9752691388 -0.9990775585 0.0219809953 0.0368892886 0.0295090564 0.9755203128 0.2179204375
-42.4 -160.6 2985.8 0.1041308939 0.2206256539 -0.9697840214 -0.9943910837 0.0049337228 -0.1056506634 -0.0185246002 0.9753460884 0.2199019343
87.4 -224.2 2681.7 -0.7189484835 0.4108930528 0.5606067777 0.2370541990 0.9031493068 -0.3579478562 -0.6533898711 -0.1244518980 -0.7467217445
-72.0 -574.6 2730.0 -0.7248319387 0.1173053533 0.6788653135 0.1939793080 0.9802799821 0.0377251767 -0.6610527039 0.1590302289 -0.7332930565
-8.2 -265.4 2825.6 -0.5092915893 0.2424366325 0.8257399797 -0.0286187530 0.9541982412 -0.2978030741 -0.8601180315 -0.1753002554 -0.4790269136
-102.2 -635.2 2893.6 -0.5092915893 -0.2923003733 0.8094334602 -0.0286187530 0.9457842708 0.3235322237 -0.8601180315 0.1416072696 -0.4900452495
408.0 518.1 2646.3 0 0 0 0 0 0 0 0 0
-15.3 -419.9 2980.9 0 0 0 0 0 0 0 0 0
-118.5 -962.8 2667.0 0 0 0 0 0 0 0 0 0
-2.2 -958.6 2845.2 0 0 0 0 0 0 0 0 0
31.6 320.6 2926.6 1 -0.4717145264 -0.0195344947 -0.8815349340 -0.2725703418 0.9540188909 0.1247132942 0.8385647535 0.2991093695 -0.4553490877
35.4 132.4 2867.6 -0.4717145264 -0.0195344947 -0.8815349340 -0.2725703418 0.9540188909 0.1247132942 0.8385647535 0.2991093695 -0.4553490877
38.0 -54.6 2815.8 -0.4722442925 -0.0130355265 -0.8813713193 -0.2413802892 0.9635827541 0.1150816381 0.8477740884 0.2670923173 -0.4581929743
99.7 165.3 2752.1 -0.7035251260 -0.7030631304 0.1037043929 -0.5525913239 0.4494216740 -0.7018995285 0.4468726814 -0.5511100888 -0.7046860456
268.1 297.5 2645.2 -0.5409830809 -0.7030631304 0.4615620077 -0.8410224319 0.4494216740 -0.3011666834 0.0043032230 -0.5511100888 -0.8344214559
-28.8 99.5 2983.1 -0.0206841733 0.2586494982 -0.9657497406 -0.9990484118 0.0317525975 0.0299014132 0.0383990481 0.9654492140 0.2577466071
-34.2 -157.8 2993.0 0.1126712710 0.2606208622 -0.9588440657 -0.9935148358 0.0147100212 -0.1127470508 -0.0152796144 0.9653291702 0.2605880797
86.2 -221.8 2686.1 -0.7380194068 0.4182489216 0.5295235515 0.2464047819 0.8975874186 -0.3655427098 -0.6281815171 -0.1393004805 -0.7654954791
-76.1 -570.1 2740.2 -0.7440577149 0.1038353294 0.6599972844 0.1983488053 0.9776427746 0.0698019490 -0.6379936337 0.1828463525 -0.7480182648
-4.5 -265.2 2833.4 -0.5029215813 0.2499666661 0.8273974657 -0.0160742458 0.9543976188 -0.2981054187 -0.8641825318 -0.1632234454 -0.4759691358
-101.5 -635.4 2896.7 -0.5029215813 -0.2878803015 0.8149814606 -0.0160742458 0.9458553195 0.3241902292 -0.8641825318 0.1499420553 -0.4803185165
406.3 512.3 2644.1 0 0 0 0 0 0 0 0 0
-4.8 -416.9 2989.0 0 0 0 0 0 0 0 0 0
-117.9 -963.3 2666.6 0 0 0 0 0 0 0 0 0
-3.0 -959.0 2845.4 0 0 0 0 0 0 0 0 0
25.4 328.4 2917.8 2 -0.4986684620 -0.0301573873 -0.8662680387 -0.2437403053 0.9639474750 0.1067515612 0.8318175673 0.2643780708 -0.4880408049
31.3 137.7 2865.5 -0.4986684620 -0.0301573873 -0.8662680387 -0.2437403053 0.9639474750 0.1067515612 0.8318175673 0.2643780708 -0.4880408049
35.2 -50.9 2820.2 -0.4994879663 -0.0201762188 -0.8660858274 -0.2122191638 0.9721183181 0.0997444391 0.8399254680 0.2336211652 -0.4898431897
99.4 166.6 2751.1 -0.7112165689 -0.6909993291 0.1291932762 -0.5513318777 0.4342786074 -0.7123448849 0.4361239374 -0.5778598785 -0.6898361444
269.0 298.1 2647.1 -0.5402937531 -0.6909993291 0.4802109897 -0.8413638473 0.4342786074 -0.3217281401 0.0137685565 -0.5778598785 -0.8160198331
-36.8 108.7 2980.0 -0.0241539460 0.2276637703 -0.9734401703 -0.9971157312 0.0645939037 0.0398483351 0.0719503313 0.9715949893 0.2254469246
-43.0 -148.0 2998.5 0.1110910103 0.2295992821 -0.9669244885 -0.9935576916 0.0475913063 -0.1028502285 0.0224028602 0.9721210003 0.2334071100
82.8 -220.1 2688.3 -0.7149969935 0.4068278074 0.5685688257 0.2298680842 0.9048377872 -0.3583703041 -0.6602575183 -0.1255378574 -0.7404729724
-75.1 -571.3 2737.0 -0.7190582156 0.1084051356 0.6864427328 0.1969897002 0.9790395498 0.0517364964 -0.6664460897 0.1724237055 -0.7253410816
-1.5 -263.2 2839.7 -0.4452457130 0.2556005716 0.8581518531 -0.0061371117 0.9574978948 -0.2883749902 -0.8953874111 -0.1336642951 -0.4247531891
-100.7 -634.6 2891.6 -0.4452457130 -0.2868304849 0.8482243419 -0.0061371117 0.9482597113 0.3174363673 -0.8953874111 0.1361315399 -0.4239688814
407.0 513.0 2643.5 0 0 0 0 0 0 0 0 0
-14.0 -407.0 3004.3 0 0 0 0 0 0 0 0 0
-118.7 -964.7 2667.7 0 0 0 0 0 0 0 0 0
-2.3 -959.8 2844.9 0 0 0 0 0 0 0 0 0
28.3 333.4 2923.9 3 -0.4686132371 -0.0209545474 -0.8831548691 -0.2542760074 0.9606094956 0.1121297702 0.8460173607 0.2771105766 -0.4554825723
32.5 143.4 2869.1 -0.4686132371 -0.0209545474 -0.8831548691 -0.2542760074 0.9606094956 0.1121297702 0.8460173607 0.2771105766 -0.4554825723
34.8 -44.8 2821.9 -0.4691948295 -0.0123848794 -0.8830078244 -0.2205988169 0.9698454738 0.1036144942 0.8550978899 0.2434058636 -0.4577785730
96.5 173.5 2752.5 -0.7269367576 -0.6718314290 0.1421459317 -0.5254100561 0.4108629227 -0.7450744510 0.4421619177 -0.6163069010 -0.6516583562
269.9 298.8 2647.0 -0.5357241631 -0.6718314290 0.5115096569 -0.8441256285 0.4108629227 -0.3444468081 0.0212498270 -0.6163069010 -0.7872192860
-31.5 113.3 2985.7 -0.0210237466 0.2620308995 -0.9648304582 -0.9977649450 0.0557253473 0.0368754119 0.0634280071 0.9634492397 0.2602736950
-36.9 -143.7 3002.0 0.1123845726 0.2639948726 -0.9579542875 -0.9936228991 0.0387095101 -0.1059014797 0.0091244914 0.9637470245 0.2666617036
83.7 -220.5 2699.9 -0.7227036953 0.4111493230 0.5555678010 0.2699432075 0.9078883529 -0.3207326531 -0.6362625360 -0.0818229243 -0.7671212554
-75.8 -572.6 2731.6 -0.7343207598 0.1056660935 0.6705279350 0.1873643398 0.9809863567 0.0505997129 -0.6524320841 0.1627894491 -0.7401567101
-5.7 -258.5 2850.0 -0.3679311574 0.2543393075 0.8943926096 0.0043590572 0.9623257518 -0.2718642950 -0.9298428297 -0.0961286426 -0.3551782966
-104.3 -631.7 2887.3 -0.3679311574 -0.2946304083 0.8819407821 0.0043590572 0.9479163885 0.3184894323 -0.9298428297 0.1210266203 -0.3474836648
406.7 514.5 2641.6 0 0 0 0 0 0 0 0 0
-7.6 -402.8 3004.4 0 0 0 0 0 0 0 0 0
-117.8 -962.9 2666.8 0 0 0 0 0 0 0 0 0
-0.9 -964.3 2844.8 0 0 0 0 0 0 0 0 0
30.9 341.9 2915.4 4 -0.4773618877 -0.0173880775 -0.8785347342 -0.2292610556 0.9676393867 0.1054199636 0.8482717872 0.2517372668 -0.4659005702
34.3 150.3 2865.6 -0.4773618877 -0.0173880775 -0.8785347342 -0.2292610556 0.9676393867 0.1054199636 0.8482717872 0.2517372668 -0.4659005702
35.2 -39.0 2823.0 -0.4777507484 -0.0045657954 -0.8784835935 -0.1948415786 0.9756319523 0.1008910909 0.8566160202 0.2193659097 -0.4669984877
99.5 176.9 2748.7 -0.7252379060 -0.6616311669 0.1904579103 -0.5404921770 0.3757575452 -0.7527778745 0.4264953136 -0.6488839984 -0.6301200390
277.1 309.2 2644.3 -0.4966610074 -0.6616311669 0.5617579818 -0.8679362535 0.3757575452 -0.3247967660 0.0038108758 -0.6488839984 -0.7608777881
