-236.5 421.3 2714.3 66 -0.0411032178 0.1537656635 -0.9872520566 -0.1693443060 0.9727196693 0.1585527062 0.9846994877 0.1737025380 -0.0139425695
-267.6 224.8 2679.2 -0.0411032178 0.1537656635 -0.9872520566 -0.1693443060 0.9727196693 0.1585527062 0.9846994877 0.1737025380 -0.0139425695
-296.0 29.7 2654.3 -0.0338906050 0.1431305408 -0.9891234040 -0.1218644753 0.9817151427 0.1462340057 0.9919679761 0.1254949570 -0.0158283953
-262.6 242.6 2534.3 -0.4327320755 0.1298730671 -0.8921188116 0.7216799855 0.6429680586 -0.2564567029 0.5402970910 -0.7548013330 -0.3719597161
-152.2 58.4 2396.4 -0.7678268552 0.1298730671 0.6273555160 -0.4164359868 0.6429680586 -0.6427854300 -0.4868500829 -0.7548013330 -0.4396043420
-272.5 207.0 2824.1 -0.0644859374 0.9167419076 -0.3942408562 -0.9711353183 0.0332640000 0.2361984253 0.2296470255 0.3980926871 0.8881353736
-289.3 -45.0 2883.7 0.1732527763 0.9167419076 -0.3599552214 -0.9310365319 0.0332640000 -0.3634067774 -0.3211766481 0.3980926871 0.8592832685
-319.8 -157.3 2542.4 -0.8361789584 0.2828447223 0.4698974788 0.2009128183 0.9551756382 -0.2174247354 -0.5103320479 -0.0873975605 -0.8555248976
-432.1 -536.7 2577.1 -0.8381003141 -0.0055692601 0.5454877019 0.1289139837 0.9696037173 0.2079658806 -0.5300651193 0.2446172684 -0.8119072318
-327.6 -178.1 2724.4 -0.4033502042 0.1208526194 0.9070299268 -0.0230834447 0.9895806909 -0.1421167403 -0.9147545099 -0.0782601908 -0.3963578939
-375.6 -571.3 2755.5 -0.3859275877 -0.2703586817 0.8820238709 -0.0884688124 0.9625329375 0.2563270628 -0.9182772636 0.0208920855 -0.3953863382
48.5 167.2 2523.6 0 0 0 0 0 0 0 0 0
-240.5 -306.8 2793.3 0 0 0 0 0 0 0 0 0
-430.0 -900.7 2485.2 0 0 0 0 0 0 0 0 0
-286.0 -890.1 2748.5 0 0 0 0 0 0 0 0 0
-234.2 421.0 2705.5 67 -0.0342135057 0.1689181328 -0.9850360751 -0.1531591415 0.9730845094 0.1721883416 0.9876090884 0.1567584574 -0.0074212742
-268.3 224.7 2673.9 -0.0342135057 0.1689181328 -0.9850360751 -0.1531591415 0.9730845094 0.1721883416 0.9876090884 0.1567584574 -0.0074212742
-298.2 29.7 2649.6 -0.0286618639 0.1503663957 -0.9882147908 -0.1191810519 0.9810547233 0.1527336091 0.9924587607 0.1221541092 -0.0101980316
-264.1 242.1 2528.9 -0.4534658492 0.1455455422 -0.8793095350 0.7234741449 0.6363018155 -0.2677781880 0.5205323100 -0.7575859427 -0.3938395679
-148.8 58.0 2396.5 -0.7355487943 0.1455455422 0.6616528034 -0.4425130188 0.6363018155 -0.6319036484 -0.5129816532 -0.7575859427 -0.4036252499
-272.5 207.3 2818.9 -0.0694758892 0.9193552732 -0.3872453570 -0.9701068401 0.0282149985 0.2410323173 0.2325204611 0.3924153149 0.8899126053
-290.5 -44.5 2879.2 0.1651734561 0.9193552732 -0.3570764661 -0.9329456687 0.0282149985 -0.3589098454 -0.3198907375 0.3924153149 0.8623688817
-321.4 -154.1 2538.4 -0.8408421278 0.2797854543 0.4633622766 0.1953725666 0.9552164078 -0.2222411633 -0.5047910810 -0.0963414609 -0.8578486443
-432.5 -533.6 2576.7 -0.8426325321 -0.0076438016 0.5384347439 0.1230822280 0.9706955552 0.2063999325 -0.5242338777 0.2401910424 -0.8169988394
-327.6 -176.5 2720.3 -0.4093260169 0.1122451872 0.9054574966 -0.0249776412 0.9906532168 -0.1340980232 -0.9120462537 -0.0775060058 -0.4026965201
-372.2 -570.2 2751.1 -0.3910962045 -0.2585271895 0.8832935095 -0.0974528790 0.9659739137 0.2395773083 -0.9151757956 0.0076182806 -0.4029829800
44.8 174.5 2531.5 0 0 0 0 0 0 0 0 0
-244.1 -306.9 2789.2 0 0 0 0 0 0 0 0 0
-429.6 -900.8 2485.8 0 0 0 0 0 0 0 0 0
-287.5 -886.7 2748.6 0 0 0 0 0 0 0 0 0
-235.8 421.3 2710.1 68 -0.0488963723 0.1634284705 -0.9853427410 -0.1410832405 0.9755014181 0.1687972695 0.9887894988 0.1472689211 -0.0246414617
-268.7 224.7 2680.5 -0.0488963723 0.1634284705 -0.9853427410 -0.1410832405 0.9755014181 0.1687972695 0.9887894988 0.1472689211 -0.0246414617
-298.0 29.5 2657.9 -0.0436957739 0.1475282907 -0.9880921245 -0.1083365530 0.9825047255 0.1514849514 0.9931535125 0.1136657447 -0.0269485973
-262.3 240.5 2535.4 -0.4473913908 0.1036923751 -0.8883067369 0.7160010934 0.6366955042 -0.2862887979 0.5358949304 -0.7641116977 -0.3590959311
-144.5 52.0 2394.3 -0.7427563071 0.1036923751 0.6614838839 -0.4613712132 0.6366955042 -0.6178635955 -0.4852315784 -0.7641116977 -0.4250689149
-275.1 208.9 2825.5 -0.0721520260 0.9132196307 -0.4010287225 -0.9675791860 0.0334859341 0.2503381968 0.2420425713 0.4060894549 0.8811962008
-293.8 -42.2 2888.3 0.1708783805 0.9132196307 -0.3699060977 -0.9362192154 0.0334859341 -0.3498174548 -0.3070735037 0.4060894549 0.8606957793
-325.5 -154.3 2534.3 -0.8388653994 0.2679089308 0.4738455713 0.1692247391 0.9557157159 -0.2407704443 -0.5173662305 -0.1217876002 -0.8470537066
-431.9 -533.9 2582.7 -0.8392449617 -0.0042211530 0.5437371135 0.1349637061 0.9670606256 0.2158206850 -0.5267378092 0.2545112073 -0.8110310435
-330.7 -176.1 2716.4 -0.3951964974 0.1111385599 0.9118486643 -0.0342659391 0.9901795983 -0.1355366558 -0.9179573059 -0.0848089606 -0.3875072598
-374.9 -569.6 2750.1 -0.3786856830 -0.2679744065 0.8858819604 -0.0966652781 0.9633833170 0.2500968575 -0.9204634428 0.0090740677 -0.3907232583
51.8 173.9 2522.6 0 0 0 0 0 0 0 0 0
-245.8 -305.5 2802.0 0 0 0 0 0 0 0 0 0
-430.3 -900.2 2486.3 0 0 0 0 0 0 0 0 0
-285.3 -891.5 2747.0 0 0 0 0 0 0 0 0 0
-235.4 422.1 2712.0 69 -0.0454044305 0.1650927216 -0.9852323532 -0.1366707683 0.9759492874 0.1698356420 0.9895754457 0.1423637569 -0.0217490699
-268.7 225.3 2683.2 -0.0454044305 0.1650927216 -0.9852323532 -0.1366707683 0.9759492874 0.1698356420 0.9895754457 0.1423637569 -0.0217490699
-298.0 30.0 2661.0 -0.0406480916 0.1474598348 -0.9882324338 -0.1068640575 0.9827352166 0.1510351002 0.9934424162 0.1117458194 -0.0241881534
-262.7 240.9 2538.1 -0.4553449154 0.0682014003 -0.8876990080 0.7054529190 0.6358956099 -0.3130063415 0.5431364775 -0.7687556744 -0.3376647234
-142.9 55.2 2395.1 -0.7434905171 0.0682014003 0.6652596593 -0.4814170003 0.6358956099 -0.6032200456 -0.4641761482 -0.7687556744 -0.4399490654
-274.6 209.7 2828.4 -0.0709740594 0.9144335985 -0.3984644413 -0.9672448635 0.0345129184 0.2514881194 0.2437213510 0.4032618105 0.8820316195
-293.0 -41.3 2891.6 0.1703865826 0.9144335985 -0.3671234846 -0.9365916848 0.0345129184 -0.3487188816 -0.3062097430 0.4032618105 0.8623314500
-323.4 -155.8 2544.2 -0.8357394934 0.2693169415 0.4785476625 0.1850745082 0.9586291313 -0.2162814140 -0.5169979930 -0.0921879485 -0.8510079384
-430.3 -536.5 2580.9 -0.8366957307 -0.0017489709 0.5476652384 0.1369356364 0.9675640464 0.2122934014 -0.5302724242 0.2526198626 -0.8093171716
-331.4 -175.7 2726.4 -0.3959841132 0.1095398292 0.9117003679 -0.0180522185 0.9917387962 -0.1269970834 -0.9180799127 -0.0667470396 -0.3907353878
-374.9 -569.8 2752.9 -0.3769823611 -0.2653406262 0.8873999119 -0.0912824124 0.9640664458 0.2494863123 -0.9217113853 0.0130479354 -0.3876569867
54.3 182.9 2518.3 0 0 0 0 0 0 0 0 0
-245.1 -304.7 2805.5 0 0 0 0 0 0 0 0 0
-429.7 -900.1 2485.9 0 0 0 0 0 0 0 0 0
-286.8 -890.0 2748.6 0 0 0 0 0 0 0 0 0
-234.8 421.6 2713.4 70 -0.0318392292 0.1599123776 -0.9866176248 -0.1535508037 0.9746170640 0.1629225612 0.9876276851 0.1566832513 -0.0064763837
-267.1 224.8 2681.7 -0.0318392292 0.1599123776 -0.9866176248 -0.1535508037 0.9746170640 0.1629225612 0.9876276851 0.1566832513 -0.0064763837
-294.7 29.6 2657.2 -0.0268553235 0.1391980648 -0.9899003506 -0.1209399551 0.9825311303 0.1414428353 0.9922965169 0.1235169992 -0.0095515838
-263.1 242.5 2536.8 -0.4559696317 0.0405442119 -0.8890713453 0.7084428072 0.6211931705 -0.3350041807 0.5387025476 -0.7826079726 -0.3119684756
-143.9 57.3 2396.0 -0.7423138618 0.0405442119 0.6688245535 -0.5055627227 0.6211931705 -0.5987699032 -0.4397459030 -0.7826079726 -0.4406226575
-271.0 207.2 2826.7 -0.0583713353 0.9191625118 -0.3895292878 -0.9711843133 0.0380318351 0.2352756560 0.2310710847 0.3920380771 0.8904561996
-286.1 -44.8 2886.6 0.1755792201 0.9191625118 -0.3525793850 -0.9305278063 0.0380318351 -0.3642410934 -0.3213875294 0.3920380771 0.8619838953
-323.6 -155.5 2547.7 -0.8433872461 0.2655632794 0.4670910835 0.1863340586 0.9599300623 -0.2093176544 -0.5039618611 -0.0895008668 -0.8590762615
-429.1 -536.8 2583.3 -0.8443902135 0.0002656272 0.5357286334 0.1397573948 0.9654821157 0.2198002934 -0.5171779990 0.2604692578 -0.8152807355
-331.0 -175.1 2729.9 -0.4073720574 0.1062958166 0.9070552588 -0.0079017011 0.9927560091 -0.1198876724 -0.9132280946 -0.0560061671 -0.4035811424
-373.3 -569.6 2752.2 -0.3858004808 -0.2649132013 0.8837301731 -0.0920781121 0.9641613364 0.2488262802 -0.9179758430 0.0146250920 -0.3963666260
53.3 191.6 2512.8 0 0 0 0 0 0 0 0 0
-236.7 -306.5 2796.2 0 0 0 0 0 0 0 0 0
-429.2 -898.9 2485.6 0 0 0 0 0 0 0 0 0
-285.3 -889.7 2747.3 0 0 0 0 0 0 0 0 0
-234.5 423.0 2714.6 71 0.0025531151 0.1498665363 -0.9887029529 -0.1648550332 0.9752414823 0.1474003643 0.9863144755 0.1626163274 0.0271961559
-264.7 226.6 2681.8 0.0025531151 0.1498665363 -0.9887029529 -0.1648550332 0.9752414823 0.1474003643 0.9863144755 0.1626163274 0.0271961559
-291.4 31.4 2655.9 0.0072713643 0.1342211813 -0.9909247160 -0.1323423088 0.9823632836 0.1320904195 0.9911773801 0.1301807761 0.0249062628
-265.7 245.9 2537.1 -0.4579473138 0.0287260246 -0.8885151148 0.7109835148 0.6118212342 -0.3466658294 0.5336540341 -0.7904742956 -0.3006056249
-145.0 58.5 2396.5 -0.7428255677 0.0287260246 0.6688684821 -0.5160939097 0.6118212342 -0.5994346142 -0.4264473021 -0.7904742956 -0.4396511018
-263.6 207.3 2826.5 -0.0418602861 0.9313228130 -0.3617811203 -0.9742784500 0.0421987772 0.2213610858 0.2214253396 0.3617417812 0.9056012630
-274.4 -45.5 2883.9 0.1731025726 0.9313228130 -0.3204268217 -0.9251870513 0.0421987772 -0.3771581054 -0.3377343118 0.3617417812 0.8689525127
-320.0 -154.5 2541.6 -0.8565698862 0.2815600932 0.4324488044 0.2010720223 0.9539030194 -0.2227981538 -0.4752452970 -0.1038888320 -0.8736984730
-431.8 -533.5 2582.9 -0.8585963249 -0.0078597413 0.5125920773 0.1257171631 0.9661231637 0.2253912538 -0.4969985783 0.2579617202 -0.8285216689
-324.9 -176.7 2723.6 -0.4398347437 0.1403496861 0.8870441914 -0.0217248090 0.9857613444 -0.1667409986 -0.8978159428 -0.0926093534 -0.4305230379
-380.6 -567.9 2760.4 -0.4211930931 -0.2848832607 0.8610678911 -0.0879757926 0.9577445388 0.2738350928 -0.9026941061 0.0395843163 -0.4284582138
52.6 195.8 2510.0 0 0 0 0 0 0 0 0 0
-225.8 -305.7 2789.0 0 0 0 0 0 0 0 0 0
-428.8 -900.2 2485.0 0 0 0 0 0 0 0 0 0
-284.1 -892.4 2747.0 0 0 0 0 0 0 0 0 0
-235.3 420.6 2714.2 72 0.0509954020 0.1479887962 -0.9876734018 -0.1773536503 0.9745830894 0.1368702948 0.9828251004 0.1681877375 0.0759456083
-265.1 224.5 2680.3 0.0509954020 0.1479887962 -0.9876734018 -0.1773536503 0.9745830894 0.1368702948 0.9828251004 0.1681877375 0.0759456083
-292.5 29.7 2652.5 0.0551760085 0.1373928040 -0.9889786839 -0.1487122327 0.9805707932 0.1279279590 0.9873399734 0.1400146633 0.0745359734
-273.2 246.2 2536.3 -0.4784210026 0.0324230529 -0.8775318265 0.7012346387 0.6156190038 -0.3595597744 0.5285672545 -0.7873766422 -0.3172612190
-146.2 60.1 2396.1 -0.7524300218 0.0324230529 0.6578736901 -0.5035049915 0.6156190038 -0.6062144637 -0.4246548712 -0.7873766422 -0.4468850493
-257.1 202.8 2824.3 -0.0285483524 0.9474666715 -0.3185779452 -0.9779921174 0.0394223481 0.2048836797 0.2066795528 0.3174158037 0.9254894853
-264.5 -50.9 2877.9 0.1591187865 0.9474666715 -0.2774673402 -0.9189586639 0.0394223481 -0.3923785090 -0.3608271480 0.3174158037 0.8769555092
-318.7 -151.7 2539.2 -0.8775765300 0.2900995016 0.3817088902 0.2103745043 0.9484241009 -0.2371377945 -0.4308154583 -0.1278047413 -0.8933442831
-434.0 -528.4 2590.0 -0.8800556660 -0.0186274089 0.4745050669 0.1158439219 0.9606204033 0.2525641322 -0.4605238736 0.2772390246 -0.8432415128
-317.4 -175.9 2720.9 -0.4805800617 0.1372345239 0.8661463261 0.0041255662 0.9880223274 -0.1542558074 -0.8769411445 -0.0705589205 -0.4753900170
-371.9 -568.2 2748.9 -0.4517379701 -0.2581674755 0.8539803028 -0.1181201413 0.9660960436 0.2295781374 -0.8842965961 0.0028368898 -0.4669170380
54.7 194.6 2509.4 0 0 0 0 0 0 0 0 0
-219.7 -309.2 2776.5 0 0 0 0 0 0 0 0 0
-426.7 -901.0 2482.4 0 0 0 0 0 0 0 0 0
-286.9 -886.1 2747.9 0 0 0 0 0 0 0 0 0
-233.5 423.6 2714.5 73 -0.0090881633 0.1520023197 -0.9883383512 -0.1870385855 0.9706769586 0.1510059685 0.9823105335 0.1862297803 0.0196086280
-264.0 228.9 2677.1 -0.0090881633 0.1520023197 -0.9883383512 -0.1870385855 0.9706769586 0.1510059685 0.9823105335 0.1862297803 0.0196086280
-291.9 34.3 2648.4 -0.0028416920 0.1404240280 -0.9900873899 -0.1453808695 0.9795143008 0.1393417120 0.9893716574 0.1443357319 0.0176314879
-263.6 250.1 2532.9 -0.4503512383 0.0564659275 -0.8910641670 0.7216445208 0.6106847525 -0.3260265887 0.5257499218 -0.7898580432 -0.3157709837
-146.0 61.6 2395.6 -0.7493581176 0.0564659275 0.6597529650 -0.4968553483 0.6106847525 -0.6166027188 -0.4377181530 -0.7898580432 -0.4295662045
-264.4 207.7 2821.3 -0.0513016731 0.9282376170 -0.3684332669 -0.9768604636 0.0300600789 0.2117546946 0.2076338083 0.3707712591 0.9052165151
-277.7 -45.7 2875.1 0.1688516289 0.9282376170 -0.3314574659 -0.9221782684 0.0300600789 -0.3855951726 -0.3479603231 0.3707712591 0.8610762358
-324.9 -151.5 2534.3 -0.8617336154 0.2615836561 0.4347288311 0.1764739603 0.9578769803 -0.2265582532 -0.4756806493 -0.1185145527 -0.8715975285
-428.8 -531.9 2581.4 -0.8628078699 -0.0025672773 0.5055254698 0.1254184842 0.9676368833 0.2189726233 -0.4897272885 0.2523335516 -0.8345627189
-314.8 -178.7 2715.1 -0.4322301149 0.1347004920 0.8916462064 -0.0107698757 0.9879390597 -0.1544681489 -0.9016990066 -0.0763687044 -0.4255662858
-368.3 -571.2 2745.4 -0.4053806365 -0.2509469390 0.8790290952 -0.1261834055 0.9677389860 0.2180801779 -0.9053972960 -0.0225134082 -0.4239679873
55.2 195.0 2513.2 0 0 0 0 0 0 0 0 0
-230.2 -304.9 2777.3 0 0 0 0 0 0 0 0 0
-427.8 -898.3 2485.8 0 0 0 0 0 0 0 0 0
-285.8 -889.4 2752.8 0 0 0 0 0 0 0 0 0
-233.5 423.5 2704.6 74 -0.0290599484 0.1596756876 -0.9867417216 -0.1537054926 0.9747041464 0.1622544378 0.9876893163 0.1563827246 -0.0037818213
-265.6 227.5 2673.2 -0.0290599484 0.1596756876 -0.9867417216 -0.1537054926 0.9747041464 0.1622544378 0.9876893163 0.1563827246 -0.0037818213
-295.2 32.6 2648.7 -0.0239231531 0.1485850215 -0.9886102080 -0.1211130396 0.9811787605 0.1503988951 0.9923503995 0.1233316064 -0.0054773055
-262.1 245.2 2528.5 -0.5040821433 0.1078291610 -0.8568979502 0.6932251453 0.6422811151 -0.3269768655 0.5151116848 -0.7588464022 -0.3985123038
-131.1 65.0 2394.6 -0.7069393396 0.1078291610 0.6990061998 -0.4871421754 0.6422811151 -0.5917495489 -0.5127663016 -0.7588464022 -0.4015256166
-269.1 209.9 2817.9 -0.0664745495 0.9210465550 -0.3837374151 -0.9708091021 0.0291250870 0.2380785644 0.2304578274 0.3883619606 0.8922243118
-286.3 -41.9 2877.7 0.1653706729 0.9210465550 -0.3525986671 -0.9320828915 0.0291250870 -0.3610723019 -0.3222949207 0.3883619606 0.8633081317
-319.5 -147.1 2529.2 -0.8483971953 0.2769702375 0.4511204362 0.1802149266 0.9524142146 -0.2458246797 -0.4977396131 -0.1272583455 -0.8579397202
-429.5 -525.4 2579.7 -0.8494368792 -0.0027764053 0.5276829004 0.1292297244 0.9684411883 0.2131228298 -0.5116215944 0.2492267191 -0.8222708702
-320.1 -173.7 2710.2 -0.4164605737 0.1126146689 0.9021521807 -0.0428861715 0.9887607694 -0.1432234645 -0.9081417322 -0.0983367786 -0.4069502652
-364.8 -566.3 2749.3 -0.4036550522 -0.2344453335 0.8843630552 -0.0989136398 0.9721278548 0.2125641108 -0.9095486403 -0.0016729850 -0.4155941606
60.8 197.2 2533.8 0 0 0 0 0 0 0 0 0
-239.8 -303.9 2787.1 0 0 0 0 0 0 0 0 0
-428.5 -897.7 2483.9 0 0 0 0 0 0 0 0 0
-286.2 -892.0 2749.8 0 0 0 0 0 0 0 0 0
-233.1 421.8 2700.2 75 -0.0302862711 0.1623220444 -0.9862729311 -0.1429830045 0.9758741856 0.1650013030 0.9892616272 0.1460175365 -0.0063462975
-265.9 224.5 2670.7 -0.0302862711 0.1623220444 -0.9862729311 -0.1429830045 0.9758741856 0.1650013030 0.9892616272 0.1460175365 -0.0063462975
-294.8 29.1 2648.7 -0.0248302259 0.1451710314 -0.9890949726 -0.1082219854 0.9831950665 0.1470218897 0.9938166142 0.1106924042 -0.0087022586
-262.3 240.3 2525.6 -0.4797897339 0.0966046751 -0.8720489144 0.7098766565 0.6268620491 -0.3211215734 0.5156325102 -0.7731180191 -0.3693393767
-140.0 59.3 2394.2 -0.7493245006 0.0966046751 0.6551185250 -0.4654503167 0.6268620491 -0.6248199344 -0.4710294902 -0.7731180191 -0.4247584343
-269.5 208.7 2815.7 -0.0634091571 0.9204103947 -0.3857771754 -0.9678720236 0.0375295915 0.2486268729 0.2433168143 0.3891481459 0.8884596825
-286.0 -42.4 2878.8 0.1691943407 0.9204103947 -0.3524457812 -0.9355770350 0.0375295915 -0.3511227071 -0.3099498153 0.3891481459 0.8674646020
-322.6 -151.2 2533.3 -0.8477476835 0.2610368729 0.4617181420 0.1729620248 0.9589787126 -0.2245973051 -0.5014060736 -0.1105421409 -0.8581214547
-426.2 -532.2 2577.2 -0.8489788175 0.0110594723 0.5283111334 0.1318683624 0.9725841284 0.1915484518 -0.5117086172 0.2322880924 -0.8271617293
-326.9 -173.4 2715.0 -0.4144384563 0.1039114445 0.9041256309 -0.0498282351 0.9893791676 -0.1365502328 -0.9087122083 -0.1016426459 -0.4048590362
-368.2 -566.4 2755.4 -0.4061597586 -0.2443414479 0.8805291057 -0.0837083384 0.9694855213 0.2304143310 -0.9099599719 0.0198774021 -0.4142194092
63.7 185.8 2522.2 0 0 0 0 0 0 0 0 0
-238.4 -305.4 2791.7 0 0 0 0 0 0 0 0 0
-430.4 -901.1 2489.1 0 0 0 0 0 0 0 0 0
-286.5 -890.7 2748.7 0 0 0 0 0 0 0 0 0
-233.1 421.0 2697.5 76 -0.0091029964 0.1558068842 -0.9877455831 -0.1505729556 0.9763101339 0.1553907394 0.9885569811 0.1501422971 0.0145729566
-264.7 222.9 2667.0 -0.0091029964 0.1558068842 -0.9877455831 -0.1505729556 0.9763101339 0.1553907394 0.9885569811 0.1501422971 0.0145729566
-292.2 27.4 2645.1 -0.0031355650 0.1383885592 -0.9903730750 -0.1108055338 0.9842311144 0.1378811449 0.9938371778 0.1101711467 0.0122480970
-264.2 239.1 2521.9 -0.4455147982 0.0835033730 -0.8913718462 0.7290062904 0.6117749810 -0.3070523441 0.5196791291 -0.7866120338 -0.3334293067
-153.0 57.2 2392.2 -0.7875540257 0.0835033730 0.6105619073 -0.4431328177 0.6117749810 -0.6552591920 -0.4282428622 -0.7866120338 -0.4448027909
-265.1 206.8 2812.1 -0.0493298545 0.9279491901 -0.3694278300 -0.9689952731 0.0451939106 0.2429109067 0.2421048582 0.3699565828 0.8969489336
-277.9 -44.6 2874.9 0.1713805348 0.9279491901 -0.3309668601 -0.9331965446 0.0451939106 -0.3565132618 -0.3158684969 0.3699565828 0.8737043142
-321.4 -156.3 2535.6 -0.8530567288 0.2693002224 0.4469582140 0.1903448999 0.9581112266 -0.2139899582 -0.4858632386 -0.0974693522 -0.8685831428
-428.4 -536.9 2574.3 -0.8553835750 0.0063883932 0.5179557800 0.1258192509 0.9725407958 0.1957903653 -0.5024823546 0.2326446772 -0.8326991796
-325.9 -176.1 2717.7 -0.4308599532 0.0955133364 0.8973499537 -0.0311415549 0.9922170639 -0.1205634549 -0.9018813372 -0.0798908398 -0.4245321751
-363.9 -570.3 2749.5 -0.4143271148 -0.2457863986 0.8763116598 -0.1007938087 0.9693132043 0.2242152244 -0.9045295119 0.0045716548 -0.4263865054
58.9 176.4 2507.5 0 0 0 0 0 0 0 0 0
-229.7 -307.0 2786.1 0 0 0 0 0 0 0 0 0
-430.8 -899.9 2487.5 0 0 0 0 0 0 0 0 0
-281.8 -894.2 2747.9 0 0 0 0 0 0 0 0 0
-234.2 420.6 2697.1 77 -0.0419134349 0.1412113756 -0.9890918136 -0.1452438682 0.9785843492 0.1458660364 0.9885076880 0.1497732699 -0.0205057468
-262.9 221.8 2666.7 -0.0419134349 0.1412113756 -0.9890918136 -0.1452438682 0.9785843492 0.1458660364 0.9885076880 0.1497732699 -0.0205057468
-289.8 26.0 2645.5 -0.0359498113 0.1352851987 -0.9901542664 -0.1028916389 0.9850282669 0.1383205503 0.9940426946 0.1068511978 -0.0214918647
-257.7 236.8 2521.6 -0.4020091891 0.0847193822 -0.9117078781 0.7414963841 0.6142892241 -0.2698738873 0.5371887684 -0.7845198512 -0.3097690046
-160.4 57.4 2391.7 -0.8188473582 0.0847193822 0.5677250028 -0.4056886733 0.6142892241 -0.6768053174 -0.4060858488 -0.7845198512 -0.4686393738
-268.2 206.7 2811.8 -0.0579281114 0.9152733088 -0.3986465931 -0.9670185447 0.0477656759 0.2501870394 0.2480311394 0.3999915123 0.8823192716
-283.2 -44.2 2876.1 0.1810345203 0.9152733088 -0.3598628342 -0.9357996583 0.0477656759 -0.3492814004 -0.3024988472 0.3999915123 0.8651596904
-319.4 -158.0 2532.1 -0.8385644555 0.2758304179 0.4698162079 0.1794658005 0.9540847540 -0.2398213744 -0.5143945217 -0.1167897284 -0.8495636582
-429.0 -537.1 2578.5 -0.8396201134 0.0044935439 0.5431554914 0.1358913928 0.9699038863 0.2020394504 -0.5259007812 0.2434465438 -0.8149614334
-320.0 -178.3 2714.3 -0.4030168653 0.1436500549 0.9038484693 -0.0551866293 0.9819930196 -0.1806768477 -0.9135271311 -0.1226961687 -0.3878321946
-376.9 -567.7 2762.9 -0.3976134658 -0.2838111818 0.8725564480 -0.0736848563 0.9577654600 0.2779493034 -0.9145895839 0.0462221876 -0.4017330408
57.6 165.5 2499.8 0 0 0 0 0 0 0 0 0
-232.3 -307.3 2791.1 0 0 0 0 0 0 0 0 0
-430.7 -897.7 2488.0 0 0 0 0 0 0 0 0 0
-279.7 -895.9 2747.1 0 0 0 0 0 0 0 0 0
-235.3 419.2 2695.4 78 0.0186985023 0.1317258924 -0.9911097884 -0.1469143182 0.9808851480 0.1275952458 0.9889724851 0.1432223767 0.0376935005
-262.0 220.4 2666.4 0.0186985023 0.1317258924 -0.9911097884 -0.1469143182 0.9808851480 0.1275952458 0.9889724851 0.1432223767 0.0376935005
-288.1 24.5 2645.2 0.0235301871 0.1313056201 -0.9910626411 -0.1107919961 0.9855731726 0.1279478669 0.9935650229 0.1067911759 0.0377383344
-265.4 236.5 2521.6 -0.4171462357 0.0755871087 -0.9056906700 0.7363808155 0.6121736765 -0.2880741358 0.5326653123 -0.7871022820 -0.3110268414
-163.4 56.4 2391.3 -0.8352750540 0.0755871087 0.5446119308 -0.3922561705 0.6121736765 -0.6865701079 -0.3852929175 -0.7871022820 -0.4816839099
-258.6 204.2 2811.2 -0.0335027725 0.9366927743 -0.3485458195 -0.9695590734 0.0541756675 0.2387889177 0.2425545603 0.3459358513 0.9063639641
-267.2 -47.3 2874.2 0.1721023619 0.9366927743 -0.3049383461 -0.9316186309 0.0541756675 -0.3593769073 -0.3201055229 0.3459358513 0.8819642067
-313.4 -160.3 2533.1 -0.8591462374 0.2968456149 0.4168338478 0.2085687220 0.9469566941 -0.2444832921 -0.4672974050 -0.1231083870 -0.8754869699
-431.3 -536.5 2582.0 -0.8619932532 -0.0054794503 0.5068901181 0.1241372004 0.9672136903 0.2215573490 -0.4914850593 0.2539048493 -0.8330514431
-320.0 -179.1 2715.3 -0.4536575973 0.1265669316 0.8821426034 -0.0391068272 0.9860826135 -0.1615912914 -0.8903176188 -0.1078049168 -0.4423942268
-370.2 -570.5 2758.1 -0.4395565093 -0.2657657862 0.8579968810 -0.0928416923 0.9635510445 0.2508980334 -0.8934038877 0.0306259878 -0.4482092857
56.4 159.6 2492.7 0 0 0 0 0 0 0 0 0
-218.9 -309.2 2784.1 0 0 0 0 0 0 0 0 0
-429.3 -898.1 2487.1 0 0 0 0 0 0 0 0 0
-281.9 -890.7 2747.9 0 0 0 0 0 0 0 0 0
-235.5 423.9 2704.1 79 0.0123177664 0.1293231696 -0.9915260077 -0.1746297479 0.9766403437 0.1252122223 0.9845570922 0.1716075987 0.0346136987
-261.7 226.0 2669.3 0.0123177664 0.1293231696 -0.9915260077 -0.1746297479 0.9766403437 0.1252122223 0.9845570922 0.1716075987 0.0346136987
-288.1 30.9 2643.1 0.0175644271 0.1328199804 -0.9909845591 -0.1354221553 0.9823202491 0.1292584687 0.9906322956 0.1319309175 0.0352406614
-264.3 245.8 2524.8 -0.4003954232 0.0835437402 -0.9125261307 0.7468938828 0.6066874266 -0.2721762657 0.5308794975 -0.7905383110 -0.3053131700
-163.4 57.7 2391.1 -0.8401756883 0.0835437402 0.5358406305 -0.3836963475 0.6066874266 -0.6962093711 -0.3832517266 -0.7905383110 -0.4776686132
-259.2 206.3 2813.9 -0.0368299074 0.9347252846 -0.3534574509 -0.9751106501 0.0437697321 0.2173554897 0.2186384052 0.3526653051 0.9098485708
-268.7 -46.6 2870.6 0.1723758131 0.9347252846 -0.3107654750 -0.9236665368 0.0437697321 -0.3806893229 -0.3422378004 0.3526653051 0.8709193468
-316.4 -161.2 2533.0 -0.8623209000 0.2833939493 0.4196314514 0.2013990283 0.9523009658 -0.2292625010 -0.4645870626 -0.1131844744 -0.8782642484
-428.9 -539.5 2578.0 -0.8653043509 0.0019465645 0.5012431145 0.1234671846 0.9700089693 0.2093764544 -0.4858027101 0.2430614233 -0.8395932913
-312.0 -181.4 2714.8 -0.4484700859 0.1618379802 0.8790239096 -0.0150969476 0.9819587469 -0.1884917319 -0.8936703205 -0.0978034809 -0.4379358590
-376.3 -571.1 2753.7 -0.4237297177 -0.2810580134 0.8610804677 -0.1065560207 0.9595078826 0.2607496679 -0.8994992971 0.0187340770 -0.4365204275
55.6 157.7 2491.0 0 0 0 0 0 0 0 0 0
-220.2 -306.3 2774.3 0 0 0 0 0 0 0 0 0
-429.7 -898.8 2487.9 0 0 0 0 0 0 0 0 0
-280.5 -898.1 2747.3 0 0 0 0 0 0 0 0 0
-237.2 425.7 2709.4 80 -0.0173587948 0.1236368492 -0.9921756983 -0.1815495044 0.9754397869 0.1247276962 0.9832285643 0.1822941303 0.0055137509
-262.2 228.3 2672.5 -0.0173587948 0.1236368492 -0.9921756983 -0.1815495044 0.9754397869 0.1247276962 0.9832285643 0.1822941303 0.0055137509
-288.1 33.6 2643.2 -0.0128943147 0.1305720359 -0.9913549423 -0.1472007781 0.9803876281 0.1310421228 0.9890225530 0.1476179212 0.0065788790
-260.3 249.8 2528.2 -0.3747658730 0.0808835179 -0.9235845208 0.7510828972 0.6105087399 -0.2513036430 0.5435301065 -0.7878685594 -0.2895480692
-165.6 59.8 2390.8 -0.8502284884 0.0808835179 0.5201628208 -0.3702578247 0.6105087399 -0.7001343966 -0.3741932809 -0.7878685594 -0.4891242087
-264.1 206.8 2816.9 -0.0450896919 0.9236097336 -0.3806730211 -0.9775422812 0.0377316996 0.2073339671 0.2058591247 0.3814725876 0.9011662602
-275.8 -46.7 2870.3 0.1812088788 0.9236097336 -0.3377993107 -0.9199099541 0.0377316996 -0.3903101385 -0.3477484882 0.3814725876 0.8564751148
-316.1 -151.8 2526.2 -0.8536745310 0.2806041837 0.4387494624 0.1877539158 0.9516077638 -0.2432923168 -0.4857862294 -0.1253155321 -0.8650478125
-427.6 -529.9 2576.0 -0.8559576869 0.0099757584 0.5169496536 0.1273961663 0.9730588198 0.1921632588 -0.5011054277 0.2303410172 -0.8341680765
-312.9 -176.6 2707.6 -0.4264542162 0.1451216489 0.8927913904 -0.0375996418 0.9833478332 -0.1778014302 -0.9037272930 -0.1093928069 -0.4138962924
-370.5 -567.1 2751.1 -0.4101894200 -0.2635814548 0.8730804324 -0.1005062386 0.9645583630 0.2439787686 -0.9064453244 0.0123274792 -0.4221432209
55.5 156.1 2488.1 0 0 0 0 0 0 0 0 0
-224.9 -305.4 2772.5 0 0 0 0 0 0 0 0 0
-431.4 -897.1 2489.0 0 0 0 0 0 0 0 0 0
-280.5 -896.5 2746.8 0 0 0 0 0 0 0 0 0
-236.6 424.8 2702.6 81 -0.0323753618 0.1444247067 -0.9889860153 -0.1296997070 0.9805307984 0.1474357992 0.9910246134 0.1330444813 -0.0130131971
-265.8 226.6 2675.7 -0.0323753618 0.1444247067 -0.9889860153 -0.1296997070 0.9805307984 0.1474357992 0.9910246134 0.1330444813 -0.0130131971
-293.6 31.3 2653.9 -0.0290388688 0.1398748010 -0.9897432923 -0.1066434011 0.9840759635 0.1422027647 0.9938731790 0.1096789986 -0.0136597296
-261.6 242.2 2530.7 -0.3801761568 0.0676829368 -0.9224343300 0.7280417681 0.6370127201 -0.2533180118 0.5704571009 -0.7678762078 -0.2914530337
-167.4 61.7 2389.4 -0.8557927608 0.0676829368 0.5128720403 -0.3585674167 0.6370127201 -0.6823813319 -0.3728915751 -0.7678762078 -0.5208819509
-270.0 211.1 2820.7 -0.0598915778 0.9183075428 -0.3913109601 -0.9677478075 0.0426811203 0.2482791096 0.2446981668 0.3935601413 0.8861338496
-285.5 -39.8 2884.1 0.1752649248 0.9183075428 -0.3549556136 -0.9352599978 0.0426811203 -0.3513787985 -0.3075239062 0.3935601413 0.8663368225
-312.8 -147.7 2523.3 -0.8432151079 0.2742671072 0.4623482227 0.1807140559 0.9546263814 -0.2367085814 -0.5062911510 -0.1160434186 -0.8545192480
-421.8 -527.1 2569.4 -0.8453866839 0.0256975908 0.5335363150 0.1345117539 0.9768947959 0.1660816818 -0.5169409513 0.2121701390 -0.8293104768
-315.2 -174.7 2704.5 -0.4108079374 0.1375879198 0.9012804031 -0.0508709364 0.9835484028 -0.1733340174 -0.9103015661 -0.1170559675 -0.3970502615
-369.9 -565.4 2751.0 -0.3982604146 -0.2566477358 0.8806364536 -0.1001965627 0.9664870501 0.2363544852 -0.9117835760 0.0058938940 -0.4106287658
55.3 155.0 2486.4 0 0 0 0 0 0 0 0 0
-236.3 -302.6 2797.7 0 0 0 0 0 0 0 0 0
-431.5 -896.2 2489.2 0 0 0 0 0 0 0 0 0
-283.2 -891.7 2749.0 0 0 0 0 0 0 0 0 0
-237.4 422.3 2698.7 82 -0.0367844477 0.1502975971 -0.9879562259 -0.1073911786 0.9823056459 0.1534364671 0.9935361147 0.1117418632 -0.0199929364
-267.7 224.5 2676.2 -0.0367844477 0.1502975971 -0.9879562259 -0.1073911786 0.9823056459 0.1534364671 0.9935361147 0.1117418632 -0.0199929364
-296.5 28.9 2657.6 -0.0340919979 0.1449822634 -0.9888467193 -0.0894526169 0.9850081205 0.1475034654 0.9954074621 0.0934836194 -0.0206118505
-262.7 237.5 2530.9 -0.3852114081 0.0550112389 -0.9211872220 0.7144389153 0.6496126652 -0.2599623501 0.5841140747 -0.7582724690 -0.2895403802
-168.2 62.3 2387.7 -0.8594644070 0.0550112389 0.5082270503 -0.3557372987 0.6496126652 -0.6719034910 -0.3671129942 -0.7582724690 -0.5387493968
-272.6 211.4 2821.5 -0.0664298758 0.9167897701 -0.3938065767 -0.9630373716 0.0443470590 0.2656923234 0.2610481679 0.3969003260 0.8799567819
-289.8 -38.3 2889.2 0.1713949591 0.9167897701 -0.3607219160 -0.9413310885 0.0443470590 -0.3345581889 -0.2907225490 0.3969003260 0.8706035614
-318.8 -154.4 2541.1 -0.8373812437 0.2639428079 0.4786719680 0.1856004298 0.9609619379 -0.2051941007 -0.5141450763 -0.0829839557 -0.8536794186
-423.6 -536.0 2574.1 -0.8391234279 0.0194215383 0.5435942411 0.1416676790 0.9726758599 0.1839346141 -0.5251687169 0.2313535810 -0.8189464808
-324.1 -173.9 2723.1 -0.4026232958 0.1232885420 0.9070250392 -0.0317569077 0.9884102345 -0.1484476328 -0.9148147106 -0.0885727853 -0.3940417469
-373.0 -566.4 2758.3 -0.3883453310 -0.2633421719 0.8830848336 -0.0864665806 0.9644831419 0.2495912015 -0.9174483418 0.0205702558 -0.3973228335
55.0 154.7 2483.0 0 0 0 0 0 0 0 0 0
-241.7 -302.9 2807.4 0 0 0 0 0 0 0 0 0
-430.8 -894.3 2488.8 0 0 0 0 0 0 0 0 0
-284.2 -891.6 2751.4 0 0 0 0 0 0 0 0 0
-240.5 420.5 2698.2 83 -0.0196862295 0.1235390007 -0.9921444058 -0.1123017222 0.9857836962 0.1249752864 0.9934791327 0.1138798147 -0.0055327211
-265.5 220.8 2675.2 -0.0196862295 0.1235390007 -0.9921444058 -0.1123017222 0.9857836962 0.1249752864 0.9934791327 0.1138798147 -0.0055327211
-290.4 24.5 2657.3 -0.0166757777 0.1256570667 -0.9919335842 -0.0884571746 0.9879961014 0.1266453564 0.9959403872 0.0898555517 -0.0053603346
-263.0 233.7 2529.7 -0.4069730937 0.0687987506 -0.9108455777 0.6966475248 0.6683357358 -0.2607864141 0.5908088684 -0.7406713963 -0.3199231327
-163.5 63.3 2385.3 -0.8440151811 0.0687987506 0.5318882465 -0.3568350375 0.6683357358 -0.6526837945 -0.4003837705 -0.7406713963 -0.5395357013
-267.9 207.9 2820.6 -0.0419766791 0.9217811823 -0.3854314983 -0.9637924433 0.0643162578 0.2587809265 0.2633289099 0.3823387027 0.8857059479
-278.8 -42.1 2888.9 0.1866650879 0.9217811823 -0.3398170471 -0.9379473329 0.0643162578 -0.3407613039 -0.2922515869 0.3823387027 0.8765877485
-322.2 -158.6 2547.8 -0.8432554603 0.2536944747 0.4738769233 0.1895170659 0.9653209448 -0.1795514524 -0.5029945374 -0.0615999848 -0.8620916009
-423.0 -542.0 2572.3 -0.8455370069 0.0269310251 0.5332371593 0.1427364945 0.9737778902 0.1771522313 -0.5144836307 0.2259011716 -0.8272092938
-328.4 -174.9 2730.2 -0.4126231968 0.1025066748 0.9051157236 -0.0080663403 0.9931977987 -0.1161594763 -0.9108660817 -0.0552310646 -0.4089896083
-369.1 -569.2 2752.2 -0.3902506232 -0.2527574599 0.8853350282 -0.1010082960 0.9675291777 0.2316994667 -0.9151512384 0.0009946789 -0.4031094611
54.5 155.5 2488.7 0 0 0 0 0 0 0 0 0
-226.3 -305.7 2806.7 0 0 0 0 0 0 0 0 0
-432.7 -893.7 2490.7 0 0 0 0 0 0 0 0 0
-285.8 -888.4 2751.8 0 0 0 0 0 0 0 0 0
-242.9 419.2 2697.0 84 -0.0170144718 0.1116555780 -0.9936013222 -0.1268601567 0.9854729176 0.1129145101 0.9917746782 0.1279696077 -0.0026026557
-265.4 220.2 2671.1 -0.0170144718 0.1116555780 -0.9936013222 -0.1268601567 0.9854729176 0.1129145101 0.9917746782 0.1279696077 -0.0026026557
-288.3 23.8 2652.0 -0.0134106884 0.1148558483 -0.9932916164 -0.0954512358 0.9886974096 0.1156133264 0.9953437448 0.0963613689 -0.0022959809
-263.5 234.1 2525.8 -0.4402492642 0.0596816465 -0.8958898783 0.6897344589 0.6612917781 -0.2948890328 0.5748451948 -0.7477508187 -0.3322977126
-154.0 62.5 2382.8 -0.8190155625 0.0596816465 0.5706589222 -0.3957963884 0.6612917781 -0.6372114420 -0.4154018760 -0.7477508187 -0.5179864764
-267.4 206.2 2816.5 -0.0306106955 0.9218864441 -0.3862490952 -0.9659575224 0.0720295757 0.2484710515 0.2568834424 0.3807060719 0.8882982731
-275.3 -44.3 2883.1 0.1964576244 0.9218864441 -0.3339607418 -0.9337946773 0.0720295757 -0.3504842818 -0.2990516722 0.3807060719 0.8750033975
-313.9 -163.6 2548.1 -0.8363912106 0.2825109661 0.4697204828 0.2204751670 0.9579610229 -0.1835793555 -0.5018370748 -0.0499824584 -0.8635168076
-426.1 -544.0 2567.9 -0.8414776921 0.0183202159 0.5399811864 0.1329688877 0.9757077098 0.1741082519 -0.5236741304 0.2183089107 -0.8234723210
-316.9 -179.8 2730.7 -0.4123463631 0.1235030144 0.9026170373 0.0143243605 0.9915249348 -0.1291242242 -0.9109145403 -0.0403144918 -0.4106208086
-366.0 -573.5 2746.7 -0.3842823207 -0.2506065965 0.8885512948 -0.1063161567 0.9680621028 0.2270519733 -0.9170736074 -0.0072153038 -0.3986526728
57.9 164.8 2490.2 0 0 0 0 0 0 0 0 0
-220.1 -306.9 2799.1 0 0 0 0 0 0 0 0 0
-432.6 -892.8 2489.9 0 0 0 0 0 0 0 0 0
-283.6 -891.8 2749.1 0 0 0 0 0 0 0 0 0
-246.9 420.8 2696.4 85 -0.0287790988 0.0977583230 -0.9947940111 -0.1210070401 0.9875462651 0.1005467847 0.9922343493 0.1232707202 -0.0165912472
-266.6 221.8 2671.5 -0.0287790988 0.0977583230 -0.9947940111 -0.1210070401 0.9875462651 0.1005467847 0.9922343493 0.1232707202 -0.0165912472
-287.7 25.2 2651.7 -0.0263406336 0.1064821407 -0.9939656258 -0.0974050388 0.9893058538 0.1085642353 0.9948961735 0.0996769145 -0.0156870466
-262.7 236.0 2526.2 -0.4474207461 0.0396118797 -0.8934459090 0.6875678301 0.6540817022 -0.3153215051 0.5718961358 -0.7553860545 -0.3198855817
-149.9 62.6 2382.0 -0.8160820007 0.0396118797 0.5765770078 -0.4150452614 0.6540817022 -0.6323879957 -0.4021785259 -0.7553860545 -0.5173435807
-270.4 207.6 2816.8 -0.0272132549 0.9160445929 -0.4001520872 -0.9666118622 0.0779185966 0.2441111058 0.2547959387 0.3934348226 0.8833391666
-277.5 -43.2 2882.9 0.2072021365 0.9160445929 -0.3434087038 -0.9318431020 0.0779185966 -0.3543968499 -0.2978854179 0.3934348226 0.8697547317
-309.9 -163.9 2541.6 -0.8297622204 0.2954559028 0.4734981060 0.2196100503 0.9527884722 -0.2096795291 -0.5130946040 -0.0699992180 -0.8554729819
-427.2 -542.3 2569.4 -0.8343498707 0.0123547902 0.5510967374 0.1313770115 0.9753966331 0.1770352870 -0.5353506804 0.2201108187 -0.8154451847
-312.3 -181.4 2724.1 -0.3997219801 0.1568170041 0.9031227827 0.0146944011 0.9862269759 -0.1647433639 -0.9165186286 -0.0525806919 -0.3965209424
-374.6 -572.9 2744.9 -0.3686784804 -0.2689220309 0.8898073435 -0.1079519838 0.9631477594 0.2463590205 -0.9232673049 -0.0052292026 -0.3841225207
59.9 169.4 2485.4 0 0 0 0 0 0 0 0 0
-219.2 -305.3 2799.2 0 0 0 0 0 0 0 0 0
-431.7 -893.8 2490.0 0 0 0 0 0 0 0 0 0
-285.8 -890.7 2746.7 0 0 0 0 0 0 0 0 0
-247.4 422.4 2695.6 86 -0.0898876637 0.0987613797 -0.9910430908 -0.1078438461 0.9882552028 0.1082649976 0.9900959134 0.1166095883 -0.0781811476
-267.3 222.8 2672.0 -0.0898876637 0.0987613797 -0.9910430908 -0.1078438461 0.9882552028 0.1082649976 0.9900959134 0.1166095883 -0.0781811476
-287.7 26.1 2653.0 -0.0877460092 0.1025303900 -0.9908522367 -0.0867948383 0.9901190400 0.1101407260 0.9923543930 0.0956652686 -0.0779798850
-254.5 235.5 2527.3 -0.4253540039 0.0171546564 -0.9048644304 0.6867589355 0.6572933793 -0.3103669286 0.5894371867 -0.7534395456 -0.2913634777
-149.3 65.6 2381.5 -0.8119928241 0.0171546564 0.5834152699 -0.4305390716 0.6572933793 -0.6185479164 -0.3940859437 -0.7534395456 -0.5263317227
-280.1 210.1 2816.7 -0.0454097949 0.8902944326 -0.4531156719 -0.9639326334 0.0800218806 0.2538314760 0.2622438967 0.4482994080 0.8545500636
-291.9 -40.0 2884.7 0.2222688347 0.8902944326 -0.3974574506 -0.9355719686 0.0800218806 -0.3439499140 -0.2744114101 0.4482994080 0.8507208824
-306.5 -162.4 2540.7 -0.7939020991 0.3005343676 0.5285816193 0.2225165814 0.9526098371 -0.2074147165 -0.5658673048 -0.0470488071 -0.8231528401
-425.8 -540.8 2559.4 -0.7993292212 0.0183433890 0.6006132960 0.1291582137 0.9814161062 0.1419173330 -0.5868483186 0.1910127997 -0.7868437767
-311.3 -180.3 2723.1 -0.3449387550 0.1678450108 0.9234962463 -0.0086987456 0.9832679033 -0.1819575876 -0.9385848641 -0.0707974806 -0.3377071619
-377.9 -570.7 2751.3 -0.3245005906 -0.2747977972 0.9050886631 -0.0839194730 0.9614598155 0.2618253231 -0.9421554208 0.0090079075 -0.3350551724
59.0 176.0 2482.6 0 0 0 0 0 0 0 0 0
-229.4 -303.0 2807.6 0 0 0 0 0 0 0 0 0
-432.5 -894.8 2490.5 0 0 0 0 0 0 0 0 0
-287.1 -888.4 2748.3 0 0 0 0 0 0 0 0 0
-249.6 421.7 2695.7 87 -0.0986997560 0.0945623219 -0.9906141162 -0.1102759019 0.9883040786 0.1053291410 0.9889881611 0.1196368262 -0.0871174261
-268.6 222.5 2671.6 -0.0986997560 0.0945623219 -0.9906141162 -0.1102759019 0.9883040786 0.1053291410 0.9889881611 0.1196368262 -0.0871174261
-288.1 25.8 2651.0 -0.0971278176 0.0977917165 -0.9904559255 -0.0941106454 0.9897997975 0.1069557741 0.9908124804 0.1036008298 -0.0869338512
-254.5 236.3 2527.0 -0.4297044277 -0.0003791907 -0.9029695392 0.6877631545 0.6478298306 -0.3275642395 0.5850948095 -0.7617849708 -0.2781145573
-147.4 65.0 2381.2 -0.7968817949 -0.0003791907 0.6041350961 -0.4604168832 0.6478298306 -0.6069042683 -0.3911466300 -0.7617849708 -0.5164183974
-282.8 208.8 2816.1 -0.0441318303 0.8855253458 -0.4624902606 -0.9658539891 0.0804854184 0.2462685108 0.2553007305 0.4575663209 0.8517362475
-294.3 -41.8 2882.4 0.2288870662 0.8855253458 -0.4042963684 -0.9326403737 0.0804854184 -0.3517158628 -0.2789133489 0.4575663209 0.8442987800
-300.1 -162.7 2543.2 -0.7877877355 0.3233771026 0.5242305994 0.2277283520 0.9437056184 -0.2399157286 -0.5723025799 -0.0696205050 -0.8170818686
-428.5 -537.5 2570.9 -0.7916006446 0.0090381121 0.6109719872 0.1431551129 0.9748055935 0.1710574031 -0.5940328836 0.2228729129 -0.7729505897
-316.2 -178.6 2724.9 -0.3366574347 0.1506104916 0.9295042753 -0.0094114607 0.9865381122 -0.1632605940 -0.9415801764 -0.0637108907 -0.3307079375
-376.0 -570.5 2750.2 -0.3156627715 -0.2755026519 0.9079952240 -0.0864611417 0.9612916708 0.2616157234 -0.9449240565 0.0040760371 -0.3272642493
56.6 182.9 2481.4 0 0 0 0 0 0 0 0 0
-229.9 -304.1 2804.0 0 0 0 0 0 0 0 0 0
-431.8 -895.8 2488.9 0 0 0 0 0 0 0 0 0
-284.3 -890.6 2748.8 0 0 0 0 0 0 0 0 0
-251.0 418.6 2695.2 88 -0.0954944417 0.0981764793 -0.9905766845 -0.1143519506 0.9874545336 0.1088908911 0.9888399243 0.1236728504 -0.0830697417
-270.8 219.4 2670.3 -0.0954944417 0.0981764793 -0.9905766845 -0.1143519506 0.9874545336 0.1088908911 0.9888399243 0.1236728504 -0.0830697417
-290.5 22.7 2650.0 -0.0933635086 0.0987187102 -0.9907259345 -0.0929520652 0.9898620248 0.1073921919 0.9912835956 0.1021165401 -0.0832408816
-257.2 232.9 2525.5 -0.4437493086 -0.0183015913 -0.8959640861 0.6747426987 0.6511351466 -0.3474842608 0.5897532105 -0.7587411404 -0.2765918970
-147.8 66.6 2380.2 -0.8057292700 -0.0183015913 0.5920011401 -0.4589310586 0.6511351466 -0.6044876575 -0.3744096458 -0.7587411404 -0.5330378413
-284.5 205.8 2815.0 -0.0436225086 0.8873202205 -0.4590860009 -0.9655118585 0.0806187838 0.2475630343 0.2566786408 0.4540522993 0.8532013893
-295.8 -44.8 2881.6 0.2274637818 0.8873202205 -0.4011522233 -0.9330055118 0.0806187838 -0.3507154584 -0.2788565159 0.4540522993 0.8462125063
-298.6 -162.2 2539.6 -0.7909843922 0.3193236887 0.5218965411 0.2242199779 0.9449442625 -0.2383395582 -0.5692706108 -0.0715032443 -0.8190349340
-425.5 -537.6 2568.0 -0.7946566343 0.0081222095 0.6070048213 0.1405003667 0.9752218127 0.1708859503 -0.5905764103 0.2210800648 -0.7761076689
-316.4 -179.5 2721.2 -0.3413334489 0.1463806629 0.9284741282 -0.0172447637 0.9866575599 -0.1618933678 -0.9397840500 -0.0712709427 -0.3342549205
-374.6 -571.5 2749.5 -0.3223948479 -0.2749936581 0.9057814479 -0.0865993127 0.9614289999 0.2610648572 -0.9426357150 0.0057259202 -0.3337740302
58.1 183.9 2475.9 0 0 0 0 0 0 0 0 0
-231.8 -307.1 2803.2 0 0 0 0 0 0 0 0 0
-428.5 -900.3 2485.8 0 0 0 0 0 0 0 0 0
-284.0 -887.9 2747.6 0 0 0 0 0 0 0 0 0
-252.0 420.9 2695.5 89 -0.0251126327 0.0924926102 -0.9953966141 -0.1226896346 0.9878982306 0.0948911682 0.9921272993 0.1245078146 -0.0134608401
-270.6 221.5 2670.4 -0.0251126327 0.0924926102 -0.9953966141 -0.1226896346 0.9878982306 0.0948911682 0.9921272993 0.1245078146 -0.0134608401
-289.6 24.7 2649.7 -0.0231354516 0.0954705775 -0.9951633811 -0.1018839329 0.9900219440 0.0973459259 0.9945272207 0.1036432981 -0.0131776864
-267.3 236.3 2525.5 -0.4739623070 -0.0135725522 -0.8804405332 0.6701905727 0.6429869533 -0.3706917465 0.5711430311 -0.7657568455 -0.2956553698
