-281.0 424.5 2717.7 57 -0.1270043403 0.0693960786 -0.9894716144 -0.2220792174 0.9702363014 0.0965521634 0.9667216539 0.2320036143 -0.1078127995
-294.9 229.6 2671.1 -0.1270043403 0.0693960786 -0.9894716144 -0.2220792174 0.9702363014 0.0965521634 0.9667216539 0.2320036143 -0.1078127995
-305.6 34.4 2635.6 -0.1237608492 0.0538543798 -0.9908496141 -0.1706907451 0.9824874401 0.0747198015 0.9775213003 0.1783762425 -0.1124010384
-276.8 254.5 2528.5 -0.4848676622 0.1843317598 -0.8549416065 0.7402305007 0.6071147919 -0.2889124751 0.4657919407 -0.7729381919 -0.4308183193
-139.3 44.5 2396.4 -0.6393461823 0.1843317598 0.7464973330 -0.5232249498 0.6071147919 -0.5980361700 -0.5634466410 -0.7729381919 -0.2917095423
-312.9 204.7 2813.6 -0.0122562516 0.8669327497 -0.4982744455 -0.9830983281 0.0805849880 0.1643890589 0.1826677024 0.4918675423 0.8512924314
-316.1 -50.4 2861.0 0.2753877342 0.8669327497 -0.4154385924 -0.8999797702 0.0805849880 -0.4284185767 -0.3379319608 0.4918675423 0.8024140596
-312.0 -146.8 2518.6 -0.7970912457 0.2809713483 0.5345097184 0.1741255075 0.9545037746 -0.2420803010 -0.5782091618 -0.0998883098 -0.8097508550
-423.6 -526.0 2558.3 -0.7990500331 0.0226759240 0.6008367538 0.1279120594 0.9828249812 0.1330172867 -0.5875010490 0.1831417531 -0.7882268429
-325.4 -178.1 2698.7 -0.3242925704 0.1512492448 0.9337869287 -0.0742508247 0.9800192118 -0.1845240593 -0.9430382252 -0.1291742325 -0.3065825999
-385.4 -567.4 2750.0 -0.3190532625 -0.3044690192 0.8974985480 -0.0908048972 0.9524552822 0.2908322513 -0.9433766603 0.0112937167 -0.3315312564
43.4 194.0 2557.4 0 0 0 0 0 0 0 0 0
-238.7 -303.4 2766.0 0 0 0 0 0 0 0 0 0
-432.1 -897.1 2489.1 0 0 0 0 0 0 0 0 0
-283.3 -887.0 2746.2 0 0 0 0 0 0 0 0 0
-280.2 423.7 2716.2 58 -0.1551203132 0.0666624233 -0.9856438637 -0.2411137968 0.9649929404 0.1032121405 0.9580197334 0.2536626160 -0.1336167753
-293.7 228.8 2665.0 -0.1551203132 0.0666624233 -0.9856438637 -0.2411137968 0.9649929404 0.1032121405 0.9580197334 0.2536626160 -0.1336167753
-304.2 33.9 2627.5 -0.1512772739 0.0528746136 -0.9870762229 -0.1785617024 0.9806793928 0.0798979551 0.9722298384 0.1883407533 -0.1389131248
-271.6 254.8 2523.1 -0.4389981329 0.2095983624 -0.8736985326 0.7811762094 0.5694556832 -0.2558982372 0.4438967407 -0.7948514223 -0.4137232602
-147.1 33.2 2397.2 -0.6439888477 0.2095983624 0.7357628345 -0.5312982798 0.5694556832 -0.6272498369 -0.5504548550 -0.7948514223 -0.2553638518
-315.8 202.7 2806.8 -0.0211258456 0.8533584476 -0.5208963752 -0.9845475554 0.0728349313 0.1592518389 0.1738383472 0.5162116289 0.8386332989
-321.3 -52.7 2851.9 0.2811656892 0.8533584476 -0.4390047789 -0.8981367350 0.0728349313 -0.4336420596 -0.3380772471 0.5162116289 0.7869112492
-304.9 -145.2 2510.7 -0.7848551273 0.2998463511 0.5423049331 0.1673775762 0.9451876283 -0.2803660631 -0.5966466665 -0.1292770356 -0.7920228839
-424.0 -520.6 2562.0 -0.7861427069 0.0240335036 0.6175776124 0.1337550879 0.9821786284 0.1320407242 -0.6033980846 0.1864069849 -0.7753471136
-327.6 -176.5 2689.7 -0.3040465415 0.1448870301 0.9415749907 -0.1003163978 0.9780027270 -0.1828858703 -0.9473606944 -0.1500612199 -0.2828238010
-385.2 -565.0 2749.3 -0.3092533052 -0.3017288148 0.9018437266 -0.0840211809 0.9532917142 0.2901298404 -0.9472606778 0.0139496392 -0.3201602399
37.0 185.0 2554.5 0 0 0 0 0 0 0 0 0
-242.2 -305.3 2756.9 0 0 0 0 0 0 0 0 0
-433.2 -897.0 2490.6 0 0 0 0 0 0 0 0 0
-283.8 -885.3 2744.6 0 0 0 0 0 0 0 0 0
-280.1 421.2 2716.0 59 -0.1200080961 0.0647362769 -0.9906600118 -0.2416084111 0.9659654498 0.0923909023 0.9629244208 0.2504394352 -0.1002828479
-293.2 226.5 2665.5 -0.1200080961 0.0647362769 -0.9906600118 -0.2416084111 0.9659654498 0.0923909023 0.9629244208 0.2504394352 -0.1002828479
-303.1 31.3 2629.7 -0.1159829125 0.0503942110 -0.9919719696 -0.1734922379 0.9823308587 0.0701894090 0.9779818058 0.1802401990 -0.1051905900
-276.2 251.8 2522.8 -0.4482007623 0.2135539055 -0.8680499792 0.7865943909 0.5555704832 -0.2694636881 0.4247179329 -0.8035770655 -0.4169874191
-150.1 30.5 2403.3 -0.6520580053 0.2135539055 0.7274717093 -0.5314537287 0.5555704832 -0.6394515634 -0.5407192111 -0.8035770655 -0.2487701774
-310.1 201.2 2808.2 -0.0060676420 0.8699912429 -0.4930298328 -0.9835388064 0.0838499069 0.1600642353 0.1805949956 0.4858852029 0.8551613688
-311.7 -54.0 2855.1 0.2775290608 0.8699912429 -0.4075449407 -0.8977859020 0.0838499069 -0.4323768318 -0.3419914544 0.4858852029 0.8043366075
-300.8 -144.6 2501.1 -0.8052553535 0.3074403405 0.5069953203 0.1603383869 0.9361218810 -0.3129975498 -0.5708374977 -0.1707521230 -0.8031116128
-422.8 -516.1 2568.8 -0.8061004281 0.0250824280 0.5912470222 0.1366187334 0.9800000191 0.1446901858 -0.5757929087 0.1974102259 -0.7934051752
-328.5 -177.3 2679.2 -0.4072515070 0.1576363891 0.8996093273 -0.1116989478 0.9690015912 -0.2203617245 -0.9064599276 -0.1902280599 -0.3770195246
-391.1 -562.0 2754.7 -0.4072515070 -0.3177213073 0.8562706113 -0.1116989478 0.9478290081 0.2985690534 -0.9064599276 0.0259481594 -0.4214939475
36.2 182.4 2557.8 0 0 0 0 0 0 0 0 0
-233.6 -306.5 2758.9 0 0 0 0 0 0 0 0 0
-432.6 -899.2 2491.7 0 0 0 0 0 0 0 0 0
-280.9 -890.7 2745.7 0 0 0 0 0 0 0 0 0
-280.8 422.2 2716.4 60 -0.0419462211 0.0471556522 -0.9980064631 -0.2418230623 0.9687067866 0.0559350736 0.9694132805 0.2436872274 -0.0292302649
-290.3 226.9 2667.2 -0.0419462211 0.0471556522 -0.9980064631 -0.2418230623 0.9687067866 0.0559350736 0.9694132805 0.2436872274 -0.0292302649
-298.7 32.2 2628.7 -0.0396762379 0.0414274484 -0.9983534217 -0.1918807179 0.9802289605 0.0483010188 0.9806159139 0.1934811771 -0.0309426691
-284.6 254.8 2524.5 -0.4586155415 0.2174469829 -0.8616197705 0.7894580960 0.5448223948 -0.2827091217 0.4079554975 -0.8098675013 -0.4215292931
-150.5 24.0 2405.2 -0.6424992085 0.2174469829 0.7347867489 -0.5447191000 0.5448223948 -0.6375340223 -0.5389581323 -0.8098675013 -0.2316004187
-296.1 199.0 2810.0 0.0286835749 0.9015229344 -0.4317796528 -0.9863559008 0.0955799818 0.1340390295 0.1621087492 0.4220437109 0.8919640779
-288.7 -56.7 2852.0 0.2705266178 0.9015229344 -0.3377451003 -0.8857042789 0.0955799818 -0.4543042779 -0.3772840500 0.4220437109 0.8243396282
-302.5 -148.0 2504.3 -0.8396881819 0.3040841818 0.4499517679 0.1791780889 0.9372669458 -0.2990416288 -0.5126587749 -0.1704802215 -0.8414971828
-423.2 -520.2 2572.0 -0.8417566419 0.0194368456 0.5395070910 0.1297867298 0.9773281813 0.1672872603 -0.5240239501 0.2108360231 -0.8251951337
-323.7 -179.8 2683.4 -0.4664958417 0.1581687629 0.8702667952 -0.0801309571 0.9722794890 -0.2196625173 -0.8808863163 -0.1722069532 -0.4408901036
-386.5 -565.9 2751.8 -0.4487513006 -0.3064460754 0.8394718766 -0.1380628794 0.9518629313 0.2736705542 -0.8829274774 0.0069101145 -0.4694585800
33.1 179.7 2559.3 0 0 0 0 0 0 0 0 0
-212.6 -305.6 2746.0 0 0 0 0 0 0 0 0 0
-430.8 -901.2 2489.8 0 0 0 0 0 0 0 0 0
-282.0 -890.6 2749.5 0 0 0 0 0 0 0 0 0
-279.0 423.2 2716.6 61 -0.0787526146 0.0613083132 -0.9950072169 -0.2322570086 0.9695122242 0.0781200454 0.9694610238 0.2372495532 -0.0621123351
-291.3 227.9 2668.8 -0.0787526146 0.0613083132 -0.9950072169 -0.2322570086 0.9695122242 0.0781200454 0.9694610238 0.2372495532 -0.0621123351
-301.1 33.1 2630.8 -0.0761810839 0.0489553213 -0.9958914518 -0.1867815405 0.9804124832 0.0624823384 0.9794432521 0.1907741278 -0.0655449331
-280.2 255.1 2526.1 -0.4458944201 0.2241495848 -0.8665651083 0.8024659157 0.5289871097 -0.2760817707 0.3965181410 -0.8184922934 -0.4157447815
-149.1 19.2 2409.5 -0.6334611177 0.2241495848 0.7405970097 -0.5591557026 0.5289871097 -0.6383709908 -0.5348568559 -0.8184922934 -0.2097582519
-302.4 200.8 2811.5 0.0089306077 0.8876722455 -0.4603891969 -0.9858406186 0.0849127695 0.1445962489 0.1674470007 0.4525790513 0.8758617043
-300.1 -54.9 2855.0 0.2709070146 0.8876722455 -0.3723538220 -0.8910624385 0.0849127695 -0.4458672106 -0.3641663492 0.4525790513 0.8139748573
-303.4 -145.1 2500.6 -0.8251397610 0.3095130026 0.4725950360 0.1703359485 0.9339334965 -0.3142512739 -0.5386372209 -0.1788013130 -0.8233468533
-426.3 -516.1 2571.6 -0.8263666034 0.0040174704 0.5631181598 0.1217723787 0.9775899649 0.1717244983 -0.5498088002 0.2104796320 -0.8083369136
-310.6 -180.1 2679.8 -0.3642871976 0.1953365058 0.9105703831 -0.1007732004 0.9637459517 -0.2470595986 -0.9258183241 -0.1817617565 -0.3313956559
-388.1 -562.7 2752.0 -0.3642871976 -0.3071535826 0.8791766167 -0.1007732004 0.9515029192 0.2906664610 -0.9258183241 0.0172886252 -0.3775731921
31.9 179.0 2562.3 0 0 0 0 0 0 0 0 0
-224.0 -305.4 2752.6 0 0 0 0 0 0 0 0 0
-427.9 -901.2 2488.7 0 0 0 0 0 0 0 0 0
-283.0 -888.2 2746.1 0 0 0 0 0 0 0 0 0
-279.9 420.5 2714.2 62 -0.1180856228 0.0585327111 -0.9912768006 -0.1944385320 0.9775741100 0.0808860436 0.9737809896 0.2022938877 -0.1040564328
-291.6 223.7 2673.4 -0.1180856228 0.0585327111 -0.9912768006 -0.1944385320 0.9775741100 0.0808860436 0.9737809896 0.2022938877 -0.1040564328
-302.8 28.2 2640.3 -0.1160439476 0.0557101220 -0.9916805029 -0.1593745202 0.9844443798 0.0739532188 0.9803742170 0.1666304320 -0.1053600311
-274.7 246.9 2530.6 -0.3944247663 0.2027851790 -0.8962740898 0.8134917617 0.5306809545 -0.2379261702 0.4273877144 -0.8229556084 -0.3742777705
-167.0 24.6 2413.8 -0.6841400862 0.2027851790 0.7005929947 -0.5245022178 0.5306809545 -0.6657891273 -0.5068035126 -0.8229556084 -0.2566988468
-308.5 200.5 2816.3 -0.0118966484 0.8709011674 -0.4913141429 -0.9809836745 0.0850282088 0.1744740903 0.1937252432 0.4840468168 0.8533282876
-311.6 -53.8 2866.6 0.2716541588 0.8709011674 -0.4095547795 -0.9040657282 0.0850282088 -0.4188500643 -0.3299533129 0.4840468168 0.8104501963
-303.9 -144.6 2503.3 -0.8036721945 0.3038527966 0.5116488338 0.1604809761 0.9386218786 -0.3053438067 -0.5730243325 -0.1632864177 -0.8031068444
-424.6 -517.5 2568.1 -0.8043723702 0.0120531730 0.5940032005 0.1318215579 0.9784951210 0.1586517543 -0.5793169737 0.2059175074 -0.7886632681
-317.9 -178.7 2682.5 -0.3292604089 0.1633405387 0.9300040007 -0.1158675849 0.9704914689 -0.2114735097 -0.9371031523 -0.1773871630 -0.3006185591
-382.7 -564.0 2752.9 -0.3399367034 -0.2929278314 0.8936645389 -0.0817890093 0.9558617473 0.2822036743 -0.9368850589 0.0228394456 -0.3488907516
26.3 172.8 2557.0 0 0 0 0 0 0 0 0 0
-235.3 -307.9 2773.8 0 0 0 0 0 0 0 0 0
-429.4 -903.1 2487.0 0 0 0 0 0 0 0 0 0
-282.0 -892.6 2745.0 0 0 0 0 0 0 0 0 0
-276.2 424.1 2714.0 63 -0.0739485696 0.0623347312 -0.9953120351 -0.1993841529 0.9769698381 0.0759996101 0.9771271944 0.2040695101 -0.0598169640
-288.7 228.4 2673.1 -0.0739485696 0.0623347312 -0.9953120351 -0.1993841529 0.9769698381 0.0759996101 0.9771271944 0.2040695101 -0.0598169640
-299.5 32.8 2639.9 -0.0717849433 0.0541920178 -0.9959468842 -0.1629648507 0.9844676852 0.0653134361 0.9840169549 0.1669928581 -0.0618385598
-278.2 252.1 2529.6 -0.3855504990 0.2342765182 -0.8924490809 0.8256843686 0.5193030834 -0.2203851342 0.4118204713 -0.8218508363 -0.3936560154
-174.9 30.7 2419.2 -0.7180835605 0.2342765182 0.6553399563 -0.4774334729 0.5193030834 -0.7087888122 -0.5063726306 -0.8218508363 -0.2610515654
-299.1 204.6 2816.5 0.0055584032 0.8903981447 -0.4551485777 -0.9815403819 0.0918733254 0.1677431166 0.1911741644 0.4458143413 0.8744724393
-297.7 -49.9 2866.1 0.2652282417 0.8903981447 -0.3699258268 -0.9006897211 0.0918733254 -0.4246378541 -0.3441104293 0.4458143413 0.8263398409
-303.4 -152.8 2517.4 -0.8158126473 0.3103658557 0.4879781902 0.1971316487 0.9424980879 -0.2698823810 -0.5436807871 -0.1239775196 -0.8300848007
-426.6 -527.0 2566.7 -0.8184224963 0.0074374266 0.5745688081 0.1278315932 0.9772158265 0.1694353670 -0.5602175593 0.2121177614 -0.8007261753
-324.6 -181.9 2696.8 -0.3632074296 0.1458726674 0.9202181697 -0.0794061869 0.9792277217 -0.1865682304 -0.9283183813 -0.1408339888 -0.3440796137
-382.5 -570.6 2752.7 -0.3587930501 -0.2986513674 0.8843500018 -0.0936478004 0.9541698098 0.2842358351 -0.9287075400 0.0191644076 -0.3703175485
26.5 164.6 2561.3 0 0 0 0 0 0 0 0 0
-223.1 -303.1 2769.4 0 0 0 0 0 0 0 0 0
-429.5 -900.0 2485.7 0 0 0 0 0 0 0 0 0
-282.5 -890.0 2746.3 0 0 0 0 0 0 0 0 0
-276.8 424.4 2714.9 64 -0.0798656791 0.0525473133 -0.9954196215 -0.2032854110 0.9767642021 0.0678727403 0.9758568406 0.2077749819 -0.0673278347
-287.4 228.1 2673.1 -0.0798656791 0.0525473133 -0.9954196215 -0.2032854110 0.9767642021 0.0678727403 0.9758568406 0.2077749819 -0.0673278347
-297.1 32.7 2638.8 -0.0780548230 0.0490836799 -0.9957400560 -0.1683522314 0.9837945104 0.0616917647 0.9826316833 0.1724503934 -0.0685265586
-276.0 252.7 2529.7 -0.3892596960 0.2862398922 -0.8755247593 0.8321533799 0.5168342590 -0.2010053843 0.3949654102 -0.8068141937 -0.4393782318
-173.9 34.5 2426.1 -0.7188318968 0.2862398922 0.6335198283 -0.4409154654 0.5168342590 -0.7338091731 -0.5374702215 -0.8068141937 -0.2453093380
-298.8 203.6 2816.5 0.0083368076 0.8868098855 -0.4620591998 -0.9824124575 0.0934609622 0.1616501063 0.1865374148 0.4525851011 0.8719922900
-296.6 -51.3 2864.9 0.2716499567 0.8868098855 -0.3738642931 -0.8977006674 0.0934609622 -0.4305793047 -0.3469002843 0.4525851011 0.8214784861
-303.8 -147.9 2516.6 -0.8169026375 0.3085583150 0.4873005748 0.1840116084 0.9401443601 -0.2868246138 -0.5466349721 -0.1446388364 -0.8247846961
-426.3 -521.3 2574.0 -0.8181666136 0.0041208691 0.5749664307 0.1347687989 0.9734925032 0.1847963482 -0.5589640141 0.2286817431 -0.7970344424
-316.9 -177.7 2696.7 -0.3566570580 0.1686075181 0.9188945889 -0.0779684708 0.9747759700 -0.2091236264 -0.9309762120 -0.1462302208 -0.3345146477
-383.9 -564.7 2754.8 -0.3542454243 -0.2924590409 0.8882442713 -0.0858943984 0.9559996128 0.2805118263 -0.9311994314 0.0230748169 -0.3637790680
27.7 158.1 2576.9 0 0 0 0 0 0 0 0 0
-220.2 -303.7 2767.4 0 0 0 0 0 0 0 0 0
-427.9 -900.3 2485.0 0 0 0 0 0 0 0 0 0
-285.1 -887.6 2747.0 0 0 0 0 0 0 0 0 0
-276.0 426.4 2714.3 65 -0.0596846826 0.0577563010 -0.9965450168 -0.2013218850 0.9771138430 0.0686876327 0.9777050614 0.2047259212 -0.0466911234
-287.6 230.6 2673.3 -0.0596846826 0.0577563010 -0.9965450168 -0.2013218850 0.9771138430 0.0686876327 0.9777050614 0.2047259212 -0.0466911234
-298.5 35.0 2639.9 -0.0575820580 0.0551392399 -0.9968169332 -0.1647924036 0.9842520356 0.0639635995 0.9846460223 0.1679510176 -0.0475887321
-279.2 254.6 2529.5 -0.3633608818 0.2985433638 -0.8825195432 0.8425332904 0.5095919371 -0.1745098531 0.3976260722 -0.8069621325 -0.4366985261
-183.6 33.0 2425.0 -0.7512220740 0.2985433638 0.5886741281 -0.3960494697 0.5095919371 -0.7638460994 -0.5280247927 -0.8069621325 -0.2645787895
-296.0 206.5 2817.0 0.0100219697 0.8964267373 -0.4430785775 -0.9817524552 0.0929695815 0.1658877879 0.1898990870 0.4333309531 0.8810009360
-293.4 -48.2 2866.3 0.2622015476 0.8964267373 -0.3573085666 -0.8995300531 0.0929695815 -0.4268516302 -0.3494223952 0.4333309531 0.8307396173
-299.8 -147.4 2514.5 -0.8248379230 0.3123069108 0.4712820947 0.1933929920 0.9391551018 -0.2838782966 -0.5312641263 -0.1430109292 -0.8350486755
-423.9 -520.5 2571.4 -0.8269060850 0.0100229271 0.5622506738 0.1355753392 0.9739015698 0.1820304394 -0.5457523465 0.2267494053 -0.8066840172
-314.1 -178.2 2694.6 -0.3751024008 0.1785514355 0.9096249342 -0.0722010285 0.9726658463 -0.2206993699 -0.9241672754 -0.1484607160 -0.3519576788
-385.0 -564.6 2753.6 -0.3664331138 -0.3001285791 0.8807097077 -0.1002982780 0.9537732005 0.2832964957 -0.9250227213 0.0154755535 -0.3795964718
26.6 143.9 2572.7 0 0 0 0 0 0 0 0 0
-219.7 -301.2 2768.0 0 0 0 0 0 0 0 0 0
-427.8 -901.2 2482.7 0 0 0 0 0 0 0 0 0
-281.2 -894.6 2748.2 0 0 0 0 0 0 0 0 0
-277.9 425.6 2716.5 66 -0.0982431397 0.0466016047 -0.9940707088 -0.1991516501 0.9777759314 0.0655196980 0.9750317335 0.2044076920 -0.0867789909
-287.3 230.2 2675.7 -0.0982431397 0.0466016047 -0.9940707088 -0.1991516501 0.9777759314 0.0655196980 0.9750317335 0.2044076920 -0.0867789909
-298.2 34.9 2641.0 -0.0966697261 0.0550580584 -0.9937925339 -0.1688027531 0.9830976129 0.0708855838 0.9808978438 0.1746074110 -0.0857418254
-273.1 254.8 2532.6 -0.3190274239 0.3153667152 -0.8937367201 0.8596228361 0.4933811426 -0.1327541471 0.3990866244 -0.8106287122 -0.4284985363
-190.9 33.3 2429.7 -0.7708918452 0.3153667152 0.5534163117 -0.3649654984 0.4933811426 -0.7895411253 -0.5220401883 -0.8106287122 -0.2652455270
-301.4 205.6 2818.8 -0.0036567901 0.8795883060 -0.4757215977 -0.9826645255 0.0850185826 0.1647491902 0.1853566319 0.4680771828 0.8640292883
-302.3 -49.4 2866.9 0.2696085572 0.8795883060 -0.3919638395 -0.8997306824 0.0850185826 -0.4280847609 -0.3432141244 0.4680771828 0.8143143058
-304.2 -145.5 2516.3 -0.8126204014 0.3036519587 0.4974370301 0.1707434356 0.9401310682 -0.2949580252 -0.5572205782 -0.1547547877 -0.8158162236
-424.9 -519.0 2577.8 -0.8131573796 0.0054942006 0.5820178986 0.1414520293 0.9718418717 0.1884534210 -0.5645939708 0.2355699092 -0.7910375595
-314.8 -175.7 2696.8 -0.3409048319 0.1631490737 0.9258327484 -0.0728816241 0.9772754312 -0.1990502924 -0.9372684360 -0.1353334039 -0.3212673366
-379.6 -563.9 2750.5 -0.3342735171 -0.2818731070 0.8993379474 -0.0958047956 0.9594485760 0.2651036084 -0.9375940561 0.0024562296 -0.3477230370
24.3 135.1 2575.4 0 0 0 0 0 0 0 0 0
-226.5 -302.4 2770.4 0 0 0 0 0 0 0 0 0
-427.1 -902.8 2484.8 0 0 0 0 0 0 0 0 0
-283.1 -892.4 2749.7 0 0 0 0 0 0 0 0 0
-278.5 423.9 2716.2 67 -0.0980516225 0.0400068834 -0.9943768382 -0.1984993964 0.9783275127 0.0589344203 0.9751840234 0.2031618208 -0.0879852623
-286.5 227.6 2675.4 -0.0980516225 0.0400068834 -0.9943768382 -0.1984993964 0.9783275127 0.0589344203 0.9751840234 0.2031618208 -0.0879852623
-295.9 32.1 2640.8 -0.0967435613 0.0469847545 -0.9941997528 -0.1689984500 0.9836053252 0.0629289746 0.9808568954 0.1741061956 -0.0872171298
-272.4 252.3 2532.2 -0.3024598360 0.3135583103 -0.9001106620 0.8674325347 0.4819621742 -0.1235850751 0.3950681984 -0.8181648254 -0.4177648723
-196.2 33.8 2432.7 -0.7891532183 0.3135583103 0.5281271935 -0.3469471335 0.4819621742 -0.8045744896 -0.5068183541 -0.8181648254 -0.2715538740
-300.7 202.9 2818.6 0.0038587286 0.8782034516 -0.4782717228 -0.9825199842 0.0923454538 0.1616378576 0.1861171424 0.4692878127 0.8632087708
-299.7 -52.0 2866.9 0.2773591876 0.8782034516 -0.3896544874 -0.8976855278 0.0923454538 -0.4308515191 -0.3423924744 0.4692878127 0.8139633536
-300.2 -145.0 2516.4 -0.8109512925 0.3109270334 0.4956635535 0.1707381159 0.9360039830 -0.3078068495 -0.5596485138 -0.1649876833 -0.8121407628
-423.8 -517.0 2582.0 -0.8113434315 0.0123715326 0.5844388008 0.1519703120 0.9698644280 0.1904415041 -0.5644704103 0.2433308214 -0.7887732983
-317.9 -176.0 2696.2 -0.3401739895 0.1662154496 0.9255560637 -0.0835175887 0.9750247598 -0.2057948709 -0.9366464019 -0.1473062783 -0.3177961707
-384.0 -563.3 2754.7 -0.3385335505 -0.2951024771 0.8934817314 -0.0888465792 0.9553309679 0.2818669677 -0.9367504120 0.0160386376 -0.3496304452
22.7 130.0 2573.3 0 0 0 0 0 0 0 0 0
-221.7 -304.5 2770.6 0 0 0 0 0 0 0 0 0
-428.7 -900.9 2485.7 0 0 0 0 0 0 0 0 0
-282.9 -890.5 2749.2 0 0 0 0 0 0 0 0 0
-278.3 424.8 2716.0 68 -0.1093027517 0.0471829623 -0.9928880334 -0.1894202828 0.9795799255 0.0674030110 0.9757934809 0.1954404712 -0.0981333628
-287.7 228.3 2676.8 -0.1093027517 0.0471829623 -0.9928880334 -0.1894202828 0.9795799255 0.0674030110 0.9757934809 0.1954404712 -0.0981333628
-298.1 32.5 2644.6 -0.1076055244 0.0520793796 -0.9928286672 -0.1558222175 0.9854016900 0.0685782358 0.9819065332 0.1620841622 -0.0979195386
-272.0 251.1 2533.4 -0.2888436317 0.2950248122 -0.9107851982 0.8705500960 0.4768100381 -0.1216335669 0.3983866274 -0.8280172348 -0.3945574462
-199.9 33.9 2434.0 -0.8085427880 0.2950248122 0.5091354847 -0.3371828496 0.4768100381 -0.8117634654 -0.4822512865 -0.8280172348 -0.2860440016
-303.4 205.6 2820.2 -0.0048639975 0.8741378188 -0.4856535494 -0.9800620675 0.0923015326 0.1759511232 0.1986321062 0.4768264294 0.8562603593
-304.7 -48.7 2871.7 0.2744967937 0.8741378188 -0.4006676376 -0.9038228989 0.0923015326 -0.4178331494 -0.3282615244 0.4768264294 0.8154022694
-296.3 -147.8 2516.3 -0.8035249114 0.3174448609 0.5035637617 0.1710143089 0.9333824515 -0.3155175447 -0.5701770186 -0.1674095988 -0.8042836785
-422.5 -518.7 2582.8 -0.8038211465 0.0163180325 0.5946471691 0.1578420401 0.9696432352 0.1867562979 -0.5735480785 0.2439789921 -0.7819954157
-314.1 -178.8 2696.1 -0.3306982815 0.1694155931 0.9284056425 -0.0887743756 0.9738086462 -0.2093221843 -0.9395518899 -0.1516411155 -0.3069970906
-381.4 -565.8 2756.4 -0.3322392106 -0.2920989990 0.8968251348 -0.0837461799 0.9562175274 0.2804185748 -0.9394698739 0.0180603657 -0.3421551287
22.0 126.4 2566.3 0 0 0 0 0 0 0 0 0
-227.5 -302.9 2779.4 0 0 0 0 0 0 0 0 0
-428.9 -900.3 2486.8 0 0 0 0 0 0 0 0 0
-282.8 -888.6 2750.3 0 0 0 0 0 0 0 0 0
-279.8 424.2 2715.9 69 -0.1396395266 0.0473002642 -0.9890720248 -0.1790680885 0.9811835289 0.0722042695 0.9738764763 0.1871938109 -0.1285420358
-289.4 225.7 2678.0 -0.1396395266 0.0473002642 -0.9890720248 -0.1790680885 0.9811835289 0.0722042695 0.9738764763 0.1871938109 -0.1285420358
-300.1 29.7 2647.1 -0.1379802525 0.0540260561 -0.9889603853 -0.1468487233 0.9863590598 0.0743723586 0.9794880748 0.1554894894 -0.1281644255
-269.2 247.1 2535.0 -0.2702459097 0.2727231085 -0.9233576059 0.8766009212 0.4663155377 -0.1188302338 0.3981682360 -0.8415294886 -0.3650892079
-204.2 36.1 2439.1 -0.8257575631 0.2727231085 0.4937069416 -0.3353995383 0.4663155377 -0.8185700774 -0.4534662068 -0.8415294886 -0.2935923636
-309.5 204.2 2821.0 -0.0176717099 0.8601258993 -0.5097755790 -0.9783276916 0.0903280154 0.1863215715 0.2063070238 0.5020201802 0.8398887515
-314.1 -49.6 2874.5 0.2777708173 0.8601258993 -0.4278163314 -0.9084107280 0.0903280154 -0.4082044065 -0.3124633729 0.5020201802 0.8064380884
-298.6 -149.0 2522.3 -0.7863908410 0.3047952354 0.5372982025 0.1672338843 0.9423596859 -0.2898121476 -0.5946615338 -0.1380511522 -0.7920351028
-419.6 -523.3 2577.2 -0.7864909172 0.0287880171 0.6169305444 0.1639989018 0.9727863669 0.1636797935 -0.5954295993 0.2299086004 -0.7698088288
-318.3 -177.5 2702.4 -0.2994515598 0.1695141345 0.9389322400 -0.0742922649 0.9769601822 -0.2000735402 -0.9512147307 -0.1296677291 -0.2799586654
-385.6 -565.7 2753.9 -0.2980850935 -0.2985662520 0.9066440463 -0.0786706060 0.9542766809 0.2883868814 -0.9512918591 0.0146375950 -0.3079440296
18.0 126.3 2561.1 0 0 0 0 0 0 0 0 0
-236.0 -305.0 2786.6 0 0 0 0 0 0 0 0 0
-430.8 -899.1 2488.3 0 0 0 0 0 0 0 0 0
-285.4 -886.1 2749.0 0 0 0 0 0 0 0 0 0
-279.9 422.6 2715.8 70 -0.1518389881 0.0539499186 -0.9869318008 -0.1684719026 0.9824850559 0.0796261653 0.9739415646 0.1783606261 -0.1400904953
-290.9 222.9 2679.6 -0.1518389881 0.0539499186 -0.9869318008 -0.1684719026 0.9824850559 0.0796261653 0.9739415646 0.1783606261 -0.1400904953
-301.8 26.7 2650.3 -0.1501475275 0.0549311228 -0.9871364236 -0.1378675848 0.9875363708 0.0759236068 0.9790037274 0.1474938542 -0.1407029182
-269.0 243.0 2536.6 -0.3039758503 0.2350348085 -0.9232320189 0.8650619984 0.4740526378 -0.1641397625 0.3990820050 -0.8485473990 -0.3474202156
-195.9 35.1 2440.7 -0.8120058179 0.2350348085 0.5342333317 -0.3840658367 0.4740526378 -0.7923178077 -0.4394769669 -0.8485473990 -0.2946646512
-312.8 202.8 2822.5 -0.0228889193 0.8542713523 -0.5193231702 -0.9764075279 0.0924652442 0.1951372921 0.2147195488 0.5115375519 0.8320005536
-318.8 -50.6 2878.2 0.2790271342 0.8542713523 -0.4385935664 -0.9118389487 0.0924652442 -0.3999999464 -0.3011538386 0.5115375519 0.8047581911
-298.2 -152.9 2526.4 -0.7779988647 0.3060259819 0.5486947298 0.1663368046 0.9425151348 -0.2898228765 -0.6058464050 -0.1342137307 -0.7841790915
-419.8 -527.3 2579.7 -0.7778753638 0.0243389010 0.6279470921 0.1717391163 0.9694440365 0.1751682907 -0.6044961810 0.2441021651 -0.7582865357
-323.5 -179.8 2705.9 -0.2859496474 0.1636631042 0.9441648126 -0.0687208101 0.9792671204 -0.1905605793 -0.9557772875 -0.1193744987 -0.2687740326
-388.6 -568.9 2753.4 -0.2818189561 -0.3145300150 0.9064485431 -0.0812675208 0.9491712451 0.3040879965 -0.9560196996 0.0120329401 -0.2930555344
19.6 137.1 2557.4 0 0 0 0 0 0 0 0 0
-240.3 -307.0 2793.6 0 0 0 0 0 0 0 0 0
-429.2 -898.8 2486.2 0 0 0 0 0 0 0 0 0
-281.9 -890.9 2749.3 0 0 0 0 0 0 0 0 0
-277.0 422.6 2705.8 71 -0.1320041865 0.0670185089 -0.9889810085 -0.1495749503 0.9849410057 0.0867092535 0.9798991084 0.1593727618 -0.1199920475
-290.7 222.4 2673.4 -0.1320041865 0.0670185089 -0.9889810085 -0.1495749503 0.9849410057 0.0867092535 0.9798991084 0.1593727618 -0.1199920475
-302.8 25.8 2647.7 -0.1301081032 0.0614193156 -0.9895956516 -0.1204237789 0.9897116423 0.0772593543 0.9841595292 0.1292229146 -0.1213731468
-271.7 240.0 2529.7 -0.3520262539 0.2153930217 -0.9108695388 0.8618942499 0.4540787637 -0.2257227749 0.3649874032 -0.8645336032 -0.3454936445
-187.1 32.9 2442.0 -0.7986529469 0.2153930217 0.5619246960 -0.4275248349 0.4540787637 -0.7816872597 -0.4235280454 -0.8645336032 -0.2705654502
-309.7 204.8 2817.1 -0.0215236675 0.8650666475 -0.5011949539 -0.9724642634 0.0982440636 0.2113322616 0.2320559174 0.4919428527 0.8391318917
-315.2 -47.5 2877.3 0.2697294950 0.8650666475 -0.4229724109 -0.9179140329 0.0982440636 -0.3844242096 -0.2909980416 0.4919428527 0.8205561638
-299.0 -156.9 2531.2 -0.7811523676 0.3217004836 0.5350791812 0.1850632727 0.9378224611 -0.2936674356 -0.5962822437 -0.1303755194 -0.7921172380
-426.8 -529.5 2583.0 -0.7814959884 0.0020936697 0.6239067316 0.1589038074 0.9676851630 0.1957931668 -0.6033353806 0.2521527410 -0.7565748096
-326.5 -182.2 2710.7 -0.3022664189 0.1446171999 0.9421893954 -0.0596376806 0.9836190343 -0.1701087803 -0.9513560534 -0.1076081693 -0.2886903882
-384.0 -573.0 2753.4 -0.2963107824 -0.3062586486 0.9046577215 -0.0783393458 0.9517964721 0.2965575755 -0.9518733621 0.0170029141 -0.3060196638
22.9 145.3 2553.4 0 0 0 0 0 0 0 0 0
-239.4 -305.6 2795.5 0 0 0 0 0 0 0 0 0
-427.6 -899.3 2486.6 0 0 0 0 0 0 0 0 0
-282.5 -888.4 2747.8 0 0 0 0 0 0 0 0 0
-277.3 426.4 2710.3 72 -0.1433115453 0.0609494410 -0.9877990484 -0.1624688655 0.9831118584 0.0842314884 0.9762508273 0.1725579351 -0.1309888959
-289.6 226.4 2675.2 -0.1433115453 0.0609494410 -0.9877990484 -0.1624688655 0.9831118584 0.0842314884 0.9762508273 0.1725579351 -0.1309888959
-301.6 29.6 2650.7 -0.1403293461 0.0603290126 -0.9882652164 -0.1139376909 0.9905269742 0.0766457394 0.9835272431 0.1233562976 -0.1321262568
-269.2 243.0 2531.5 -0.3588439226 0.2198481411 -0.9071371555 0.8615063429 0.4520335197 -0.2312413007 0.3592184186 -0.8644839525 -0.3516100347
-180.3 29.8 2442.6 -0.7876856923 0.2198481411 0.5755154490 -0.4405372441 0.4520335197 -0.7756240368 -0.4306717813 -0.8644839525 -0.2592090368
-310.1 209.7 2818.8 -0.0242714714 0.8599577546 -0.5097877383 -0.9709070921 0.1012377590 0.2170031369 0.2382233143 0.5002235174 0.8324818611
-316.4 -42.2 2880.6 0.2724482715 0.8599577546 -0.4315606356 -0.9198516011 0.1012377590 -0.3789775372 -0.2822144330 0.5002235174 0.8186155558
-303.1 -159.8 2531.9 -0.7768718004 0.3058017194 0.5504139662 0.1753485799 0.9446369410 -0.2773335278 -0.6047504544 -0.1189382970 -0.7874836922
-424.6 -535.1 2579.1 -0.7771036625 0.0071217506 0.6293323040 0.1589575112 0.9697389007 0.1853078455 -0.6089683175 0.2440405041 -0.7547196746
-326.9 -181.9 2712.3 -0.2911575139 0.1475409418 0.9452295899 -0.0574482158 0.9835566878 -0.1712190956 -0.9549487233 -0.1041534767 -0.2778939307
-385.6 -572.7 2753.7 -0.2838245332 -0.3102358878 0.9073022008 -0.0801881030 0.9505790472 0.2999489605 -0.9555174112 0.0123780314 -0.2946748734
25.3 144.8 2555.1 0 0 0 0 0 0 0 0 0
-239.8 -300.9 2801.3 0 0 0 0 0 0 0 0 0
-427.3 -899.7 2487.4 0 0 0 0 0 0 0 0 0
-280.8 -893.7 2749.5 0 0 0 0 0 0 0 0 0
-275.6 425.6 2702.5 73 -0.1652617604 0.0722108707 -0.9836026430 -0.1333370805 0.9865236282 0.0948281810 0.9771948457 0.1468221843 -0.1534062475
-290.3 224.9 2672.6 -0.1652617604 0.0722108707 -0.9836026430 -0.1333370805 0.9865236282 0.0948281810 0.9771948457 0.1468221843 -0.1534062475
-303.3 27.9 2650.4 -0.1629410535 0.0654074848 -0.9844653606 -0.0999796838 0.9915693402 0.0824273303 0.9815570712 0.1118573323 -0.1550279260
-266.5 239.5 2529.3 -0.3579140306 0.2118580937 -0.9094029069 0.8631364107 0.4466087818 -0.2356611490 0.3562206030 -0.8692852259 -0.3427099884
-179.4 29.5 2442.7 -0.7916932106 0.2118580937 0.5730078816 -0.4430865049 0.4466087818 -0.7773126364 -0.4205903113 -0.8692852259 -0.2597056627
-314.1 210.3 2816.0 -0.0373413935 0.8494796157 -0.5262983441 -0.9675125480 0.1010516435 0.2317498773 0.2500501275 0.5178541541 0.8181087971
-323.8 -40.7 2880.8 0.2711868882 0.8494796157 -0.4525947869 -0.9255445600 0.1010516435 -0.3649052978 -0.2642441690 0.5178541541 0.8136351109
-300.7 -156.8 2536.0 -0.7553122640 0.3141969144 0.5751379728 0.1930391937 0.9453118443 -0.2629094422 -0.6262900233 -0.0875545666 -0.7746579647
-425.5 -532.2 2570.8 -0.7562772632 0.0081393328 0.6542006135 0.1533379406 0.9742769599 0.1651420444 -0.6360284686 0.2252069563 -0.7380715609
-326.5 -177.7 2716.3 -0.2684014738 0.1438230723 0.9525101185 -0.0546123236 0.9849296212 -0.1641070545 -0.9617578387 -0.0960653648 -0.2565020621
-383.6 -569.1 2754.5 -0.2652291358 -0.2984299660 0.9168386459 -0.0648083389 0.9542619586 0.2918630242 -0.9620049000 0.0179917850 -0.2724388242
25.7 144.3 2551.6 0 0 0 0 0 0 0 0 0
-247.5 -301.0 2806.5 0 0 0 0 0 0 0 0 0
-428.6 -898.5 2486.1 0 0 0 0 0 0 0 0 0
-282.8 -891.5 2748.4 0 0 0 0 0 0 0 0 0
-277.6 422.1 2697.6 74 -0.1287608296 0.0645595118 -0.9895719886 -0.1283128262 0.9884056449 0.0811791942 0.9833394289 0.1374274790 -0.1189841256
-290.7 222.0 2669.8 -0.1287608296 0.0645595118 -0.9895719886 -0.1283128262 0.9884056449 0.0811791942 0.9833394289 0.1374274790 -0.1189841256
-303.2 24.8 2648.6 -0.1268140525 0.0629346520 -0.9899280071 -0.0980683193 0.9923003316 0.0756484494 0.9870667458 0.1066738591 -0.1196657345
-272.2 236.3 2525.7 -0.3852367699 0.2085386962 -0.8989461660 0.8559329510 0.4448483288 -0.2636072636 0.3449223936 -0.8709888458 -0.3498670757
-178.8 28.9 2442.2 -0.7929532528 0.2085386962 0.5724830031 -0.4443913996 0.4448483288 -0.7775771618 -0.4168230295 -0.8709888458 -0.2600711286
-309.2 207.7 2813.9 -0.0218832679 0.8669278026 -0.4979530573 -0.9670235515 0.1080592945 0.2306266427 0.2537451088 0.4865792096 0.8359749317
-314.9 -43.2 2879.7 0.2674827278 0.8669278026 -0.4205818772 -0.9246001244 0.1080592945 -0.3652914166 -0.2712334991 0.4865792096 0.8304655552
-301.4 -159.9 2538.2 -0.7735548615 0.3157224655 0.5494835973 0.2017807066 0.9446446300 -0.2587103546 -0.6007474065 -0.0892514586 -0.7944411635
-426.8 -535.2 2573.7 -0.7748877406 0.0043328428 0.6320840120 0.1501435786 0.9726186395 0.1773976386 -0.6140080690 0.2323666215 -0.7543208003
-331.3 -178.3 2718.2 -0.3024353683 0.1359337717 0.9434272051 -0.0586156808 0.9852529764 -0.1607507318 -0.9513658881 -0.1039163396 -0.2900075018
-385.3 -569.8 2759.5 -0.3016216159 -0.3021500409 0.9042841196 -0.0611850284 0.9526349902 0.2978975177 -0.9514624476 0.0345236845 -0.3058223724
25.9 143.6 2549.8 0 0 0 0 0 0 0 0 0
-239.6 -303.2 2803.4 0 0 0 0 0 0 0 0 0
-428.5 -900.4 2486.4 0 0 0 0 0 0 0 0 0
-284.5 -887.4 2747.9 0 0 0 0 0 0 0 0 0
-275.5 424.4 2696.7 75 -0.1049710140 0.0724803731 -0.9918304682 -0.1414759457 0.9861081839 0.0870354027 0.9843605161 0.1494563520 -0.0932585448
-290.0 226.3 2666.7 -0.1049710140 0.0724803731 -0.9918304682 -0.1414759457 0.9861081839 0.0870354027 0.9843605161 0.1494563520 -0.0932585448
-303.3 29.3 2643.6 -0.1026868224 0.0668837577 -0.9924625754 -0.1090715975 0.9909635782 0.0780680105 0.9887157083 0.1162660420 -0.0944637805
-275.0 242.2 2522.3 -0.3855510354 0.2161359787 -0.8970148563 0.8639473319 0.4258933365 -0.2687189579 0.3239528239 -0.8785784245 -0.3509337306
-179.5 28.0 2442.1 -0.7948515415 0.2161359787 0.5670064092 -0.4458191693 0.4258933365 -0.7873119712 -0.4116506875 -0.8785784245 -0.2421644032
-305.0 210.3 2811.0 -0.0170930158 0.8787417412 -0.4769913852 -0.9697749019 0.1015639156 0.2218589932 0.2434018701 0.4663665295 0.8504456282
-309.5 -41.3 2874.1 0.2594336867 0.8787417412 -0.4006333947 -0.9217915535 0.1015639156 -0.3741458654 -0.2880876958 0.4663665295 0.8363658190
-304.1 -163.4 2536.9 -0.7904330492 0.3103289902 0.5281207561 0.2013901621 0.9458976984 -0.2544002533 -0.5784959793 -0.0947280377 -0.8101660013
-427.4 -539.3 2574.6 -0.7918183804 0.0036858825 0.6107454896 0.1485279948 0.9711238742 0.1867025495 -0.5924214125 0.2385473102 -0.7695012093
-327.3 -181.4 2717.8 -0.3242312372 0.1507183313 0.9338940382 -0.0369145907 0.9844583273 -0.1716948152 -0.9452573061 -0.0901431367 -0.3136284351
-387.2 -572.5 2753.7 -0.3102319837 -0.3151368201 0.8969085217 -0.0801089257 0.9487681985 0.3056492805 -0.9472796321 0.0229718070 -0.3195835352
25.4 143.0 2548.2 0 0 0 0 0 0 0 0 0
-236.5 -300.5 2793.1 0 0 0 0 0 0 0 0 0
-428.7 -899.9 2486.0 0 0 0 0 0 0 0 0 0
-280.9 -892.4 2745.9 0 0 0 0 0 0 0 0 0
-275.5 422.9 2694.2 76 -0.1213177070 0.0724928156 -0.9899630547 -0.1250621378 0.9882656932 0.0876946077 0.9847037792 0.1344458014 -0.1108280197
-290.1 223.7 2667.1 -0.1213177070 0.0724928156 -0.9899630547 -0.1250621378 0.9882656932 0.0876946077 0.9847037792 0.1344458014 -0.1108280197
-304.5 26.6 2646.4 -0.1191296652 0.0723443106 -0.9902395606 -0.0951476768 0.9919200540 0.0839137137 0.9883092046 0.1042156070 -0.1112837121
-272.7 237.6 2522.8 -0.3578517437 0.2176453769 -0.9080598354 0.8691262603 0.4331864715 -0.2386817634 0.3414112329 -0.8746313453 -0.3441778421
-186.2 27.6 2440.3 -0.8137384057 0.2176453769 0.5389436483 -0.4142812192 0.4331864715 -0.8004502058 -0.4076773822 -0.8746313453 -0.2623340786
-307.5 209.8 2811.4 -0.0281289164 0.8719766736 -0.4887386560 -0.9662869573 0.1014604941 0.2366331816 0.2559262812 0.4789180458 0.8397256732
-314.8 -40.9 2877.8 0.2571769357 0.8719766736 -0.4165534079 -0.9273584485 0.1014604941 -0.3601555824 -0.2717835307 0.4789180458 0.8347282410
-307.2 -157.6 2529.9 -0.7861407399 0.3044725358 0.5378468037 0.1797186434 0.9452466965 -0.2724149525 -0.5913408399 -0.1174953878 -0.7978163362
-428.2 -533.1 2576.5 -0.7865242362 -0.0011444888 0.6175583601 0.1480512470 0.9704869986 0.1903570741 -0.5995501876 0.2411507368 -0.7631421089
-326.1 -177.6 2711.1 -0.2690741122 0.1734030992 0.9473808408 -0.0661340356 0.9780104160 -0.1977926642 -0.9608461857 -0.1158750132 -0.2516894341
-394.9 -566.0 2757.1 -0.2690741122 -0.3302947283 0.9047123790 -0.0661340356 0.9434754848 0.3247772753 -0.9608461857 0.0275568757 -0.2757085562
22.7 134.0 2545.0 0 0 0 0 0 0 0 0 0
-242.4 -301.7 2801.4 0 0 0 0 0 0 0 0 0
-427.8 -900.3 2485.3 0 0 0 0 0 0 0 0 0
-280.9 -891.7 2747.6 0 0 0 0 0 0 0 0 0
-276.7 421.5 2695.5 77 -0.1413134784 0.0696376264 -0.9875125885 -0.1343042850 0.9869518280 0.0888170823 0.9808123708 0.1451782286 -0.1301169693
-290.7 222.3 2666.2 -0.1413134784 0.0696376264 -0.9875125885 -0.1343042850 0.9869518280 0.0888170823 0.9808123708 0.1451782286 -0.1301169693
-304.8 25.3 2644.0 -0.1389517486 0.0707895160 -0.9877657890 -0.1010349095 0.9912236929 0.0852501914 0.9851316214 0.1116444841 -0.1305800527
-270.4 237.0 2522.4 -0.3356980979 0.2270085365 -0.9142067432 0.8769124150 0.4297355711 -0.2152950615 0.3439933360 -0.8739533424 -0.3433279991
-190.5 28.2 2440.4 -0.8260644674 0.2270085365 0.5158338547 -0.3903447390 0.4297355711 -0.8142225146 -0.4065076113 -0.8739533424 -0.2663777173
-311.0 207.5 2810.0 -0.0336453430 0.8622517586 -0.5053611398 -0.9677895308 0.0981234908 0.2318515629 0.2495022267 0.4968839586 0.8311768770
-319.7 -43.6 2874.8 0.2621878088 0.8622517586 -0.4333352447 -0.9258480668 0.0981234908 -0.3649343550 -0.2721449137 0.4968839586 0.8240409493
-308.0 -161.8 2535.1 -0.7761089206 0.3007758558 0.5542461872 0.1773756891 0.9475588202 -0.2658384740 -0.6051386595 -0.1080098078 -0.7887591720
-427.5 -538.3 2578.0 -0.7762450576 -0.0006244503 0.6304309964 0.1584888250 0.9676901698 0.1961046308 -0.6101843119 0.2521415055 -0.7510657310
-329.8 -179.2 2716.3 -0.2508196235 0.1334255934 0.9587945938 -0.0665338337 0.9857373834 -0.1545801312 -0.9657446742 -0.1025640145 -0.2383649647
-382.8 -570.5 2757.0 -0.2539265752 -0.2977415323 0.9202560782 -0.0566217527 0.9543852210 0.2931600809 -0.9655647278 0.0223346204 -0.2592024207
20.5 127.9 2544.2 0 0 0 0 0 0 0 0 0
-246.0 -303.9 2798.2 0 0 0 0 0 0 0 0 0
-427.2 -902.8 2483.0 0 0 0 0 0 0 0 0 0
-284.1 -886.7 2749.6 0 0 0 0 0 0 0 0 0
-276.6 419.6 2695.1 78 -0.1535958797 0.0756806731 -0.9852313399 -0.1115085185 0.9893662333 0.0933822915 0.9818218350 0.1242048144 -0.1435235441
-292.2 215.3 2669.5 -0.1535958797 0.0756806731 -0.9852313399 -0.1115085185 0.9893662333 0.0933822915 0.9818218350 0.1242048144 -0.1435235441
-307.7 18.2 2650.5 -0.1513970643 0.0777121261 -0.9854134917 -0.0831011236 0.9923748970 0.0910286233 0.9849736691 0.0956704319 -0.1437846869
-270.1 227.5 2525.7 -0.3404406905 0.2212458849 -0.9138656259 0.8666764498 0.4507670701 -0.2137311548 0.3646534085 -0.8647885919 -0.3452080488
-190.3 24.3 2440.2 -0.8214967251 0.2212458849 0.5255410671 -0.3917287588 0.4507670701 -0.8020957708 -0.4143570065 -0.8647885919 -0.2836352885
-314.3 203.2 2813.3 -0.0447144806 0.8571189046 -0.5131742358 -0.9630834460 0.0995172560 0.2501331568 0.2654635310 0.5054141879 0.8210271597
-325.9 -46.6 2882.2 0.2576404214 0.8571189046 -0.4460589886 -0.9324417114 0.0995172560 -0.3473453820 -0.2533257306 0.5054141879 0.8248530626
-306.1 -162.4 2531.5 -0.7667344213 0.3050359488 0.5648640394 0.1754230708 0.9459650517 -0.2727212608 -0.6175314188 -0.1100146025 -0.7788143158
-427.3 -538.3 2575.2 -0.7669955492 0.0068307631 0.6416160464 0.1573187113 0.9714251757 0.1777187139 -0.6220680475 0.2372476757 -0.7461534142
-331.6 -180.9 2712.1 -0.2388967872 0.1385655552 0.9611076713 -0.0735351443 0.9843426943 -0.1601936072 -0.9682566524 -0.1089449301 -0.2249668837
-386.6 -571.8 2755.4 -0.2426830083 -0.3116340041 0.9186888337 -0.0620511211 0.9500460625 0.3058793247 -0.9681190848 0.0172260404 -0.2498972863
19.7 124.4 2546.1 0 0 0 0 0 0 0 0 0
-253.5 -308.8 2811.0 0 0 0 0 0 0 0 0 0
-429.9 -898.6 2487.3 0 0 0 0 0 0 0 0 0
-281.8 -891.5 2749.6 0 0 0 0 0 0 0 0 0
-277.1 417.6 2694.4 79 -0.1756374836 0.0690311193 -0.9820316434 -0.0939857885 0.9918062687 0.0865276828 0.9799582362 0.1074945256 -0.1677104086
-291.1 215.6 2672.6 -0.1756374836 0.0690311193 -0.9820316434 -0.0939857885 0.9918062687 0.0865276828 0.9799582362 0.1074945256 -0.1677104086
-305.8 18.1 2656.4 -0.1737348288 0.0734653473 -0.9820483923 -0.0674708262 0.9939823747 0.0862944201 0.9824784398 0.0812519640 -0.1677325815
-265.8 225.5 2529.1 -0.3278722465 0.2164373994 -0.9195948243 0.8679640293 0.4533493817 -0.2027627379 0.3730123043 -0.8646555543 -0.3365005553
-187.9 19.2 2440.5 -0.8148390055 0.2164373994 0.5377660394 -0.4039521217 0.4533493817 -0.7945420146 -0.4157645106 -0.8646555543 -0.2819764018
-316.5 205.8 2816.0 -0.0489384457 0.8450902104 -0.5323792100 -0.9587421417 0.1096953750 0.2622601390 0.2800329924 0.5232489705 0.8048552871
-329.2 -43.0 2888.6 0.2651856244 0.8450902104 -0.4642188549 -0.9358442426 0.1096953750 -0.3349066079 -0.2321036160 0.5232489705 0.8199624419
-309.2 -171.4 2541.2 -0.7456662059 0.2912128270 0.5993137360 0.1860827953 0.9546640515 -0.2323569953 -0.6398085952 -0.0617387779 -0.7660503983
-424.8 -550.3 2565.7 -0.7464686632 0.0136917699 0.6652797461 0.1554066390 0.9757269025 0.1542911232 -0.6470188498 0.2185623646 -0.7304773331
-337.0 -186.6 2721.7 -0.2118329853 0.1173454896 0.9702354670 -0.0537729673 0.9898620248 -0.1314595640 -0.9758254290 -0.0800199062 -0.2033754140
-383.6 -579.6 2753.5 -0.2111100107 -0.3044144213 0.9288511276 -0.0560370684 0.9524742961 0.2994203269 -0.9758546948 0.0111605367 -0.2181353569
20.3 122.4 2546.7 0 0 0 0 0 0 0 0 0
-254.6 -306.1 2823.4 0 0 0 0 0 0 0 0 0
-429.7 -899.2 2487.5 0 0 0 0 0 0 0 0 0
-284.5 -889.6 2749.9 0 0 0 0 0 0 0 0 0
-277.9 420.9 2704.6 80 -0.1126813591 0.0516218282 -0.9922893047 -0.1511764824 0.9861326814 0.0684686825 0.9820634127 0.1577259600 -0.1033147648
-288.3 222.0 2672.8 -0.1126813591 0.0516218282 -0.9922893047 -0.1511764824 0.9861326814 0.0684686825 0.9820634127 0.1577259600 -0.1033147648
-299.6 25.5 2647.6 -0.1109751835 0.0556441918 -0.9922642112 -0.1197375879 0.9904096723 0.0689316839 0.9865837097 0.1264610291 -0.1032481939
-272.2 239.4 2529.2 -0.3664442897 0.2160553336 -0.9050075412 0.8691842556 0.4265773594 -0.2501010001 0.3320200741 -0.8782663941 -0.3441087306
