-253.5 404.0 2774.9 93 0.1836249828 0.1243251264 -0.9751026034 -0.2048943043 0.9750223756 0.0857305229 0.9614053369 0.1840507090 0.2045119703
-278.7 206.4 2737.6 0.1836249828 0.1243251264 -0.9751026034 -0.2048943043 0.9750223756 0.0857305229 0.9614053369 0.1840507090 0.2045119703
-299.4 11.1 2707.7 0.1879587322 0.1038602963 -0.9766701460 -0.1677035987 0.9831842780 0.0722787082 0.9677535892 0.1502056867 0.2022158056
-306.1 230.8 2596.5 -0.3432274461 0.2813215554 -0.8961322904 0.7508075833 0.6554354429 -0.0818067268 0.5643428564 -0.7009012699 -0.4361817837
-221.1 44.8 2456.7 -0.7666250467 0.2813215554 0.5771864653 -0.2858139873 0.6554354429 -0.6990813613 -0.5749751329 -0.7009012699 -0.4220676124
-251.3 182.0 2878.6 0.0480045266 0.9769178033 -0.2081517130 -0.9825685620 0.0836549401 0.1660147756 0.1795957088 0.1965538710 0.9639045596
-238.9 -72.9 2925.2 0.1585348099 0.9769178033 -0.1431722194 -0.9006297588 0.0836549401 -0.4264596701 -0.4046389759 0.1965538710 0.8931034803
-336.3 -172.1 2588.9 -0.8352666497 0.2341070026 0.4975173771 0.1670400351 0.9701060057 -0.1760453731 -0.5238580704 -0.0639395043 -0.8494024277
-429.2 -557.5 2614.3 -0.8354493976 -0.0079270815 0.5495101810 0.1797400266 0.9409649372 0.2868423462 -0.5193436742 0.3384112418 -0.7847037911
-306.8 -202.8 2766.6 -0.4430783987 0.1652416587 0.8811224103 0.0109570241 0.9837906361 -0.1789857745 -0.8964158893 -0.0696502551 -0.4377069473
-372.4 -593.5 2794.3 -0.4371967316 -0.2850970030 0.8529822230 -0.0089591201 0.9497597814 0.3128514886 -0.8993212581 0.1291356832 -0.4177860916
-25.6 117.7 2603.3 0 0 0 0 0 0 0 0 0
-194.3 -326.1 2811.4 0 0 0 0 0 0 0 0 0
-426.4 -896.9 2492.2 0 0 0 0 0 0 0 0 0
-284.1 -887.6 2754.3 0 0 0 0 0 0 0 0 0
-252.1 405.2 2775.8 94 0.1919524521 0.1422096938 -0.9710461497 -0.2170306146 0.9710994363 0.0993157700 0.9571060538 0.1916828454 0.2172687650
-280.9 208.4 2737.0 0.1919524521 0.1422096938 -0.9710461497 -0.2170306146 0.9710994363 0.0993157700 0.9571060538 0.1916828454 0.2172687650
-301.9 13.3 2705.8 0.1972340792 0.1052171886 -0.9746938348 -0.1753397435 0.9819788933 0.0705227405 0.9645489454 0.1569930762 0.2121284604
-309.7 234.0 2596.2 -0.3473072052 0.2835082114 -0.8938684464 0.7554678321 0.6493041515 -0.0875926986 0.5555592179 -0.7057104111 -0.4396893382
-223.5 46.4 2458.3 -0.7726327777 0.2835082114 0.5680331588 -0.2812438011 0.6493041515 -0.7066159248 -0.5691576600 -0.7057104111 -0.4219387472
-252.2 182.9 2877.7 0.0500025116 0.9787208438 -0.1990106851 -0.9838812947 0.0825240910 0.1586422920 0.1716897041 0.1878703833 0.9670715332
-239.2 -72.4 2922.2 0.1550190747 0.9787208438 -0.1344417781 -0.8972274661 0.0825240910 -0.4337886870 -0.4134633541 0.1878703833 0.8909280300
-337.2 -169.0 2589.3 -0.8406760693 0.2296234220 0.4904455245 0.1693118513 0.9716991782 -0.1647246480 -0.5143901706 -0.0554418266 -0.8557622433
-428.5 -555.0 2611.3 -0.8406888843 -0.0017170612 0.5415157080 0.1729487628 0.9467715025 0.2715004683 -0.5131578445 0.3219018877 -0.7956432700
-302.9 -199.6 2766.4 -0.4490187466 0.1759366542 0.8760299683 0.0331784785 0.9830299020 -0.1804199070 -0.8929061294 -0.0519465804 -0.4472361803
-372.7 -590.1 2787.0 -0.4336124063 -0.2804441452 0.8563476801 -0.0216658320 0.9533064365 0.3012265265 -0.9008389711 0.1120620668 -0.4194415510
-25.2 118.5 2604.3 0 0 0 0 0 0 0 0 0
-195.6 -324.7 2806.0 0 0 0 0 0 0 0 0 0
-427.9 -898.5 2494.6 0 0 0 0 0 0 0 0 0
-286.3 -883.8 2752.5 0 0 0 0 0 0 0 0 0
-252.1 404.3 2775.3 95 0.1866585165 0.1485985518 -0.9711215496 -0.2375392169 0.9659913182 0.1021563113 0.9532752633 0.2116111070 0.2156084925
-282.1 208.8 2732.5 0.1866585165 0.1485985518 -0.9711215496 -0.2375392169 0.9659913182 0.1021563113 0.9532752633 0.2116111070 0.2156084925
-302.7 13.9 2700.1 0.1940488815 0.1036494821 -0.9755008221 -0.1804904789 0.9811989069 0.0683513358 0.9642449021 0.1628051102 0.2091082931
-310.5 235.2 2591.7 -0.3508665860 0.2937917411 -0.8891451359 0.7619820237 0.6414914727 -0.0887247100 0.5443124175 -0.7086431384 -0.4489419758
-224.1 47.7 2457.8 -0.7732989788 0.2937917411 0.5618675351 -0.2762697041 0.6414914727 -0.7156561613 -0.5706871152 -0.7086431384 -0.4148989320
-253.8 182.5 2873.2 0.0505683497 0.9779534936 -0.2026075870 -0.9847280979 0.0826627612 0.1532236189 0.1665936708 0.1917651147 0.9671983719
-240.7 -73.0 2916.5 0.1575867832 0.9779534936 -0.1370160431 -0.8946791887 0.0826627612 -0.4389943779 -0.4179899395 0.1917651147 0.8879811764
-340.9 -165.8 2586.2 -0.8426985145 0.2116813362 0.4950254261 0.1551772654 0.9759407640 -0.1531654596 -0.5155377388 -0.0522556156 -0.8552719951
-425.0 -553.5 2607.0 -0.8426927328 0.0087089315 0.5383244157 0.1741977632 0.9504975677 0.2573120892 -0.5094351172 0.3106099367 -0.8024944663
-304.7 -197.9 2762.9 -0.4502052367 0.1780348271 0.8749964833 0.0139157409 0.9812014103 -0.1924842894 -0.8928166628 -0.0744812116 -0.4442194700
-375.5 -587.6 2792.5 -0.4432886243 -0.2864416838 0.8493799567 -0.0094474806 0.9490083456 0.3151093721 -0.8963291645 0.1316598952 -0.4233907461
-24.8 119.0 2604.9 0 0 0 0 0 0 0 0 0
-196.4 -324.6 2798.9 0 0 0 0 0 0 0 0 0
-428.1 -896.7 2494.8 0 0 0 0 0 0 0 0 0
-286.5 -882.4 2751.6 0 0 0 0 0 0 0 0 0
-251.5 406.1 2775.5 96 0.1637189537 0.1742428094 -0.9709972143 -0.2391030341 0.9619385600 0.1323023289 0.9570924044 0.2105079740 0.1991495639
-286.8 211.4 2732.9 0.1637189537 0.1742428094 -0.9709972143 -0.2391030341 0.9619385600 0.1323023289 0.9570924044 0.2105079740 0.1991495639
-307.9 16.8 2699.0 0.1712382436 0.1065546498 -0.9794506431 -0.1871129572 0.9795582891 0.0738532320 0.9672983885 0.1706214100 0.1876755953
-311.8 238.7 2591.7 -0.3579860628 0.3041147888 -0.8828137517 0.7591520548 0.6452659965 -0.0855570212 0.5436305404 -0.7008181214 -0.4618656039
-222.1 48.6 2455.5 -0.7657940388 0.3041147888 0.5666337013 -0.2719864845 0.6452659965 -0.7139013410 -0.5827373862 -0.7008181214 -0.4114257097
-261.8 184.1 2874.2 0.0403436273 0.9739419222 -0.2231806070 -0.9859492183 0.0750400722 0.1492419243 0.1621004492 0.2140237838 0.9632846117
-251.3 -71.7 2916.2 0.1610046625 0.9739419222 -0.1597331762 -0.8933938742 0.0750400722 -0.4429631829 -0.4194340110 0.2140237838 0.8821955323
-341.1 -164.6 2579.4 -0.8332324624 0.2109327614 0.5111076832 0.1486886591 0.9758031368 -0.1603118777 -0.5325555205 -0.0575811416 -0.8444341421
-424.9 -552.3 2602.3 -0.8333600163 0.0064100907 0.5526933670 0.1742672026 0.9519805908 0.2517219186 -0.5245397687 0.3060913086 -0.7944596410
-305.6 -197.6 2756.1 -0.4360859990 0.1770287603 0.8823207021 -0.0107359616 0.9793666005 -0.2018062919 -0.8998409510 -0.0974774584 -0.4251874983
-375.9 -586.7 2794.9 -0.4356317222 -0.2870256305 0.8531361818 -0.0122407097 0.9495988488 0.3132287264 -0.9000417590 0.1260093749 -0.4171887636
-23.3 119.2 2606.8 0 0 0 0 0 0 0 0 0
-206.0 -323.0 2798.3 0 0 0 0 0 0 0 0 0
-427.3 -895.3 2492.0 0 0 0 0 0 0 0 0 0
-285.6 -885.3 2755.2 0 0 0 0 0 0 0 0 0
-253.9 406.4 2777.1 97 0.1691979617 0.1759087741 -0.9697567225 -0.2467144430 0.9601760507 0.1311254650 0.9542033672 0.2170668393 0.2058590800
-289.7 211.1 2733.0 0.1691979617 0.1759087741 -0.9697567225 -0.2467144430 0.9601760507 0.1311254650 0.9542033672 0.2170668393 0.2058590800
-308.7 16.5 2697.2 0.1765008122 0.0960348025 -0.9796044230 -0.1946398020 0.9789821506 0.0609044507 0.9648641348 0.1799203306 0.1914833337
-315.4 239.5 2592.1 -0.3770575225 0.3115971386 -0.8722011447 0.7479254007 0.6578833461 -0.0883010998 0.5462922454 -0.6856359839 -0.4811112881
-219.8 49.8 2453.6 -0.7550632954 0.3115971386 0.5768765807 -0.2666314542 0.6578833461 -0.7043416500 -0.5989883542 -0.6856359839 -0.4136619866
-263.9 182.6 2873.9 0.0520154648 0.9737368822 -0.2216548026 -0.9869564176 0.0839857385 0.1373442709 0.1523530334 0.2116196007 0.9654044509
-250.4 -73.4 2913.4 0.1697195321 0.9737368822 -0.1517621130 -0.8873195052 0.0839857385 -0.4534428716 -0.4287882149 0.2116196007 0.8782697916
-344.8 -160.7 2576.4 -0.8376356959 0.2027341276 0.5072132945 0.1393947005 0.9771643281 -0.1603715420 -0.5281434655 -0.0636300817 -0.8467677832
-425.3 -549.0 2601.7 -0.8379235864 0.0034337388 0.5457767844 0.1686493158 0.9526715875 0.2529312670 -0.5190775394 0.3039819300 -0.7988451123
-313.4 -195.0 2753.8 -0.4404633045 0.1559159458 0.8841279745 -0.0165644027 0.9832248688 -0.1816438884 -0.8976178169 -0.0946525186 -0.4304918051
-375.3 -585.6 2791.4 -0.4372247458 -0.2852132320 0.8529290557 -0.0274737477 0.9521746039 0.3043167591 -0.8989325166 0.1096216589 -0.4241501987
-22.9 119.4 2609.8 0 0 0 0 0 0 0 0 0
-202.6 -323.0 2792.8 0 0 0 0 0 0 0 0 0
-426.6 -896.6 2490.8 0 0 0 0 0 0 0 0 0
-284.5 -888.8 2756.5 0 0 0 0 0 0 0 0 0
-250.3 408.0 2766.5 98 0.1605023742 0.2027482241 -0.9659876227 -0.2394224256 0.9574444294 0.1611741930 0.9575572610 0.2054102719 0.2022145838
-291.6 212.8 2724.6 0.1605023742 0.2027482241 -0.9659876227 -0.2394224256 0.9574444294 0.1611741930 0.9575572610 0.2054102719 0.2022145838
-313.6 18.4 2690.1 0.1683954746 0.1104122326 -0.9795162678 -0.1906252950 0.9785959721 0.0775367767 0.9671116471 0.1736637354 0.1858384907
-316.2 240.7 2583.3 -0.3857994378 0.3313770294 -0.8610157371 0.7625741959 0.6398211718 -0.0954438448 0.5192681551 -0.6934105158 -0.4995422065
-220.2 50.9 2454.1 -0.7554876208 0.3313770294 0.5651794076 -0.2603056729 0.6398211718 -0.7230973840 -0.6012315750 -0.6934105158 -0.3971176445
-267.0 185.0 2865.8 0.0357543603 0.9738253355 -0.2244679928 -0.9865542054 0.0702372417 0.1475719810 0.1594753414 0.2161734998 0.9632427692
-257.7 -70.9 2907.2 0.1580280662 0.9738253355 -0.1633749902 -0.8928082585 0.0702372417 -0.4449270964 -0.4218062460 0.2161734998 0.8805387616
-344.0 -160.1 2573.0 -0.8356800079 0.1992458999 0.5118007660 0.1343011558 0.9777181745 -0.1613392383 -0.5325431228 -0.0660925284 -0.8438184857
-423.2 -548.7 2599.3 -0.8357267976 0.0148695130 0.5489440560 0.1712490320 0.9568410516 0.2347956002 -0.5217609406 0.2902311087 -0.8022041321
-311.6 -195.8 2749.9 -0.4326989949 0.1560586989 0.8879286647 0.0037122741 0.9852038622 -0.1713463515 -0.9015308022 -0.0708451569 -0.4268760383
-373.6 -587.2 2778.1 -0.4180074930 -0.2830672264 0.8632164598 -0.0480274819 0.9557718635 0.2901611030 -0.9071731567 0.0798314065 -0.4131148160
-22.9 118.9 2611.1 0 0 0 0 0 0 0 0 0
-213.3 -322.0 2788.6 0 0 0 0 0 0 0 0 0
-428.6 -897.0 2493.6 0 0 0 0 0 0 0 0 0
-285.3 -885.4 2753.2 0 0 0 0 0 0 0 0 0
-251.6 407.7 2771.1 99 0.1191983968 0.2127972394 -0.9697984457 -0.2387798727 0.9542388320 0.1800345182 0.9637302160 0.2101085335 0.1645554304
-294.9 213.6 2728.4 0.1191983968 0.2127972394 -0.9697984457 -0.2387798727 0.9542388320 0.1800345182 0.9637302160 0.2101085335 0.1645554304
-317.6 19.5 2692.5 0.1266675144 0.1141093522 -0.9853600264 -0.1946573555 0.9769061208 0.0881072506 0.9726581573 0.1806472540 0.1459544897
-313.4 242.0 2586.4 -0.3753003180 0.3327850997 -0.8651033044 0.7629819512 0.6408773661 -0.0844672993 0.5263156891 -0.6917588115 -0.4944305122
-219.0 50.0 2454.0 -0.7517937422 0.3327850997 0.5692629218 -0.2625281811 0.6408773661 -0.7213564515 -0.6048843861 -0.6917588115 -0.3944421113
-276.4 185.2 2870.3 0.0182825234 0.9649079442 -0.2619511187 -0.9872929454 0.0587868840 0.1476371735 0.1578555703 0.2559233308 0.9537215829
-271.7 -70.9 2911.3 0.1651146114 0.9649079442 -0.2041808218 -0.8936653137 0.0587868840 -0.4448667765 -0.4172523320 0.2559233308 0.8720113039
-351.0 -158.5 2566.9 -0.8184126019 0.1836967468 0.5444780588 0.1117859781 0.9803202748 -0.1627147049 -0.5636529922 -0.0723027587 -0.8228411674
-423.9 -548.1 2595.6 -0.8194940686 0.0077084857 0.5730358362 0.1710995734 0.9575963020 0.2318065763 -0.5469501019 0.2880102992 -0.7860633731
-320.1 -193.5 2744.2 -0.4003517926 0.1502469927 0.9039603472 -0.0193379670 0.9848620296 -0.1722581685 -0.9161574244 -0.0864446238 -0.3913857937
-379.8 -584.7 2778.6 -0.3911164105 -0.2985688746 0.8705656528 -0.0494122095 0.9513641000 0.3040801883 -0.9190137982 0.0759141818 -0.3868470788
-22.9 118.5 2611.8 0 0 0 0 0 0 0 0 0
-225.3 -322.3 2793.9 0 0 0 0 0 0 0 0 0
-426.8 -897.7 2490.4 0 0 0 0 0 0 0 0 0
-283.9 -890.1 2754.2 0 0 0 0 0 0 0 0 0
-254.1 409.8 2773.4 00 0.1485232860 0.1956288218 -0.9693658948 -0.2626594007 0.9528332949 0.1520484835 0.9533891678 0.2320303321 0.1929016709
-293.9 215.8 2726.2 0.1485232860 0.1956288218 -0.9693658948 -0.2626594007 0.9528332949 0.1520484835 0.9533891678 0.2320303321 0.1929016709
-314.9 22.3 2686.6 0.1561698467 0.1055078134 -0.9820789695 -0.2137241513 0.9743331075 0.0706893131 0.9643303156 0.1988544613 0.1747110188
-316.7 247.0 2585.5 -0.3760945201 0.3298122585 -0.8658965230 0.7739954591 0.6255767345 -0.0979015231 0.5093955994 -0.7070202231 -0.4905491769
-221.1 50.1 2455.9 -0.7652220726 0.3298122585 0.5528644323 -0.2614421546 0.6255767345 -0.7350521684 -0.5882883668 -0.7070202231 -0.3924783170
-271.1 184.7 2866.9 0.0360369533 0.9707428813 -0.2374018282 -0.9901128411 0.0669070706 0.1232884675 0.1355652660 0.2306116521 0.9635561109
-261.8 -72.1 2902.1 0.1656030118 0.9707428813 -0.1738790572 -0.8819960356 0.0669070706 -0.4664831161 -0.4412014186 0.2306116521 0.8672713637
-351.8 -156.8 2567.4 -0.8347138166 0.1867599636 0.5180478692 0.1144211218 0.9790239334 -0.1685820967 -0.5386656523 -0.0814421847 -0.8385740519
-426.0 -545.8 2599.8 -0.8359809518 -0.0000512767 0.5487584472 0.1670405865 0.9525213838 0.2545593381 -0.5227172375 0.3044717014 -0.7962811589
-328.6 -192.4 2745.7 -0.4276448190 0.1268073618 0.8950082660 -0.0239110533 0.9881783128 -0.1514329314 -0.9036305547 -0.0861601010 -0.4195572138
-379.0 -585.0 2779.9 -0.4203410149 -0.2973760962 0.8572519422 -0.0476961210 0.9507048130 0.3064073026 -0.9061117768 0.0879079625 -0.4138039052
-23.0 117.8 2608.1 0 0 0 0 0 0 0 0 0
-215.2 -320.1 2778.0 0 0 0 0 0 0 0 0 0
-426.0 -898.7 2487.0 0 0 0 0 0 0 0 0 0
-284.9 -885.8 2752.1 0 0 0 0 0 0 0 0 0
-254.1 408.6 2764.6 01 0.1769377440 0.1827708185 -0.9671028256 -0.2637895048 0.9554629326 0.1323090196 0.9482131004 0.2317011058 0.2172704786
-291.2 214.8 2717.6 0.1769377440 0.1827708185 -0.9671028256 -0.2637895048 0.9554629326 0.1323090196 0.9482131004 0.2317011058 0.2172704786
-311.3 21.4 2677.0 0.1834131330 0.1007966697 -0.9778546095 -0.2197346836 0.9737642407 0.0591600798 0.9581629634 0.2040178478 0.2007496804
-318.0 246.9 2577.8 -0.3813293576 0.3360617161 -0.8611912727 0.7870962620 0.6066132784 -0.1118026003 0.4848375022 -0.7204740644 -0.4958323538
-223.2 51.2 2457.2 -0.7758582234 0.3360617161 0.5339536667 -0.2553751171 0.6066132784 -0.7528637648 -0.5769120455 -0.7204740644 -0.3848241270
-264.4 182.8 2857.5 0.0496049747 0.9756927490 -0.2134549618 -0.9907252789 0.0751377121 0.1132155433 0.1265020967 0.2058591694 0.9703706503
-251.5 -74.2 2890.3 0.1630006582 0.9756927490 -0.1464734226 -0.8767069578 0.0751377121 -0.4751202464 -0.4525656998 0.2058591694 0.8676440716
-350.3 -151.7 2558.8 -0.8488593698 0.2036404759 0.4878199995 0.1138295084 0.9715868831 -0.2075133622 -0.5162175894 -0.1206213459 -0.8479208946
-431.1 -537.5 2606.7 -0.8501642942 -0.0132010402 0.5263519883 0.1538634896 0.9498187900 0.2723421454 -0.5035342574 0.3125219047 -0.8054708838
-321.6 -190.8 2735.5 -0.4527228773 0.1470966041 0.8794342279 -0.0356942192 0.9825180173 -0.1827136725 -0.8909365535 -0.1141093746 -0.4395578802
-380.0 -581.0 2780.8 -0.4463157952 -0.2968268692 0.8442132473 -0.0565767325 0.9508585334 0.3044127226 -0.8930852413 0.0881013870 -0.4411766827
-23.4 116.9 2605.8 0 0 0 0 0 0 0 0 0
-205.7 -320.7 2763.0 0 0 0 0 0 0 0 0 0
-426.1 -898.5 2487.9 0 0 0 0 0 0 0 0 0
-284.0 -888.7 2752.3 0 0 0 0 0 0 0 0 0
-254.2 410.7 2760.2 02 0.1528343260 0.1831023395 -0.9711411595 -0.2648454607 0.9543286562 0.1382521242 0.9521021843 0.2360726744 0.1943480074
-291.2 218.0 2712.5 0.1528343260 0.1831023395 -0.9711411595 -0.2648454607 0.9543286562 0.1382521242 0.9521021843 0.2360726744 0.1943480074
-312.2 24.8 2671.4 0.1592527926 0.1053705886 -0.9815984964 -0.2219706029 0.9726514220 0.0683980435 0.9619603157 0.2069934309 0.1782866269
-314.5 250.4 2572.1 -0.3746538758 0.3449047506 -0.8606248498 0.8047854304 0.5818910003 -0.1171463057 0.4603855312 -0.7365077138 -0.4955820441
-221.2 50.0 2457.5 -0.7750945687 0.3449047506 0.5294045210 -0.2659937739 0.5818910003 -0.7685377002 -0.5731279850 -0.7365077138 -0.3592780232
-268.0 185.6 2852.9 0.0373385698 0.9713554382 -0.2346794009 -0.9912080169 0.0658309609 0.1147734821 0.1269350201 0.2283306271 0.9652733207
-258.3 -71.5 2885.9 0.1651243120 0.9713554382 -0.1708875448 -0.8779708743 0.0658309609 -0.4741660357 -0.4493340552 0.2283306271 0.8636921048
-348.1 -152.0 2548.7 -0.8410668969 0.2023791373 0.5016463995 0.0971002132 0.9687973261 -0.2280422747 -0.5321447253 -0.1430888325 -0.8344744444
-428.5 -536.7 2605.5 -0.8433800340 -0.0096292840 0.5372312069 0.1578198671 0.9512992501 0.2648067474 -0.5136175752 0.3081184924 -0.8007870913
-314.5 -192.2 2724.3 -0.4372988641 0.1518674642 0.8864005804 -0.0614005439 0.9782965779 -0.1979035288 -0.8972177505 -0.1409684718 -0.4184832573
-374.8 -580.7 2780.2 -0.4415606856 -0.2763595581 0.8536097407 -0.0468225144 0.9571831822 0.2856712341 -0.8960088491 0.0861730278 -0.4355943203
-21.5 118.6 2605.1 0 0 0 0 0 0 0 0 0
-211.8 -318.4 2759.5 0 0 0 0 0 0 0 0 0
-424.8 -900.3 2487.7 0 0 0 0 0 0 0 0 0
-286.7 -885.9 2752.8 0 0 0 0 0 0 0 0 0
-258.9 410.0 2768.0 03 0.1733381599 0.1472510546 -0.9737920761 -0.2493977398 0.9630946517 0.1012398377 0.9527615905 0.2253128141 0.2036651224
-288.6 215.7 2722.5 0.1733381599 0.1472510546 -0.9737920761 -0.2493977398 0.9630946517 0.1012398377 0.9527615905 0.2253128141 0.2036651224
-307.7 21.4 2685.5 0.1794331968 0.0962332860 -0.9790520072 -0.2008113414 0.9778328538 0.0593102761 0.9630568624 0.1859625280 0.1947804093
-314.8 245.0 2581.9 -0.3703127503 0.3015044630 -0.8786145449 0.7839391232 0.6088362932 -0.1214819178 0.4983050823 -0.7337666154 -0.4618209898
-222.5 49.6 2457.8 -0.7867469788 0.3015044630 0.5386317968 -0.2758890390 0.6088362932 -0.7437766194 -0.5521905422 -0.7337666154 -0.3958183527
-262.4 186.4 2863.1 0.0529172346 0.9742971659 -0.2189630270 -0.9879224896 0.0830552429 0.1308091581 0.1456330121 0.2093964219 0.9669250846
-248.7 -69.9 2900.9 0.1688947678 0.9742971659 -0.1490623802 -0.8844249845 0.0830552429 -0.4592323005 -0.4350483119 0.2093964219 0.8757203221
-347.7 -148.2 2542.0 -0.9110545516 0.2060458511 0.3571060598 0.1221218333 0.9621580243 -0.2435943484 -0.3937840760 -0.1783172935 -0.9017411470
-429.5 -530.2 2612.8 -0.9110545516 -0.0115734413 0.4121234119 0.1221218333 0.9471721053 0.2965657711 -0.3937840760 0.3205168545 -0.8615120649
-318.5 -188.8 2718.4 -0.4484535456 0.1437901258 0.8821642995 -0.0564391054 0.9804497957 -0.1885015219 -0.8920224309 -0.1343227327 -0.4315707982
-375.6 -578.3 2771.7 -0.4456340373 -0.2795223296 0.8504572511 -0.0661815479 0.9576902390 0.2800882161 -0.8927655220 0.0685322583 -0.4452785850
-20.8 120.4 2599.3 0 0 0 0 0 0 0 0 0
-201.2 -318.6 2778.5 0 0 0 0 0 0 0 0 0
-425.0 -903.2 2486.6 0 0 0 0 0 0 0 0 0
-284.9 -889.2 2749.5 0 0 0 0 0 0 0 0 0
-259.8 410.2 2771.9 04 0.1953337640 0.1448090971 -0.9699871540 -0.2288945168 0.9684563875 0.0984863266 0.9536519647 0.2027870268 0.2223182470
-289.0 214.6 2730.9 0.1953337640 0.1448090971 -0.9699871540 -0.2288945168 0.9684563875 0.0984863266 0.9536519647 0.2027870268 0.2223182470
-308.3 20.0 2695.8 0.1997785866 0.0969079509 -0.9750370979 -0.1930748522 0.9794806838 0.0577898435 0.9606302977 0.1767099798 0.2143897563
-318.2 242.8 2590.7 -0.3816313744 0.2889534235 -0.8779882789 0.7610237002 0.6373322606 -0.1210394204 0.5245954990 -0.7143623233 -0.4631263912
-221.5 50.0 2457.8 -0.7820610404 0.2889534235 0.5521652102 -0.2732357681 0.6373322606 -0.7205204964 -0.5601095557 -0.7143623233 -0.4194803238
-259.9 186.5 2871.2 0.0590607971 0.9781198502 -0.1994826496 -0.9866291285 0.0876038894 0.1374355108 0.1519038528 0.1886983514 0.9702154994
-244.5 -69.5 2910.6 0.1627603173 0.9781198502 -0.1295785010 -0.8871619701 0.0876038894 -0.4530663788 -0.4318016469 0.1886983514 0.8820092082
-343.2 -154.5 2560.3 -0.9103648067 0.2150060683 0.3535650671 0.1581751406 0.9703422189 -0.1828019470 -0.3823826611 -0.1104912609 -0.9173740745
-428.4 -539.0 2604.1 -0.9107254148 -0.0097492281 0.4128972292 0.1194822863 0.9507541656 0.2859904766 -0.3953519464 0.3097926974 -0.8647111058
-310.3 -191.2 2736.8 -0.4629513025 0.1635550559 0.8711634874 -0.0416371785 0.9777312279 -0.2056891322 -0.8854052424 -0.1314968467 -0.4458319545
-375.3 -579.7 2789.1 -0.4685391486 -0.2705878019 0.8409835696 -0.0222557485 0.9552521110 0.2949544787 -0.8831623793 0.1194809973 -0.4535951316
-20.3 120.3 2601.9 0 0 0 0 0 0 0 0 0
-198.8 -319.0 2789.2 0 0 0 0 0 0 0 0 0
-424.7 -900.9 2486.2 0 0 0 0 0 0 0 0 0
-288.5 -886.2 2750.7 0 0 0 0 0 0 0 0 0
-261.5 410.9 2773.8 05 0.2095803171 0.1370335072 -0.9681414962 -0.2220414877 0.9709336162 0.0893618464 0.9522466660 0.1962390840 0.2339156866
-289.2 214.8 2734.2 0.2095803171 0.1370335072 -0.9681414962 -0.2220414877 0.9709336162 0.0893618464 0.9522466660 0.1962390840 0.2339156866
-307.8 20.0 2699.3 0.2131490856 0.0938355401 -0.9725031257 -0.1918837726 0.9800122380 0.0525038168 0.9579917192 0.1754164398 0.2268942297
-320.3 242.8 2594.3 -0.3743077517 0.2737780511 -0.8859679699 0.7538551688 0.6462107301 -0.1188028604 0.5399963856 -0.7123603821 -0.4482706785
-224.9 50.8 2456.7 -0.7924508452 0.2737780511 0.5450387597 -0.2681651413 0.6462107301 -0.7144922614 -0.5478221774 -0.7123603821 -0.4386724830
-258.0 186.7 2874.1 0.0663196966 0.9799816608 -0.1877169311 -0.9862717390 0.0928964317 0.1365223229 0.1512276083 0.1760857850 0.9726890326
-240.8 -69.2 2913.3 0.1619718522 0.9799816608 -0.1157629862 -0.8863068819 0.0928964317 -0.4536853433 -0.4338493347 0.1760857850 0.8836110830
-345.8 -156.9 2572.6 -0.9137285948 0.2014877796 0.3528494239 0.1642127186 0.9774308801 -0.1329023391 -0.3716641366 -0.0634943098 -0.9261934161
-425.7 -544.3 2597.8 -0.9148756266 0.0034600610 0.4037210047 0.1199065670 0.9571732879 0.2635179162 -0.3855191767 0.2894949019 -0.8761093616
-309.2 -192.3 2748.7 -0.4655038416 0.1699219346 0.8685808778 0.0070917797 0.9820810556 -0.1883254200 -0.8850174546 -0.0815064311 -0.4583675861
-376.6 -582.0 2781.1 -0.4524725974 -0.2846131623 0.8451413512 -0.0383034907 0.9530314207 0.3004396856 -0.8909553289 0.1035688519 -0.4421222508
-21.0 119.8 2597.7 0 0 0 0 0 0 0 0 0
-195.3 -318.4 2791.3 0 0 0 0 0 0 0 0 0
-426.9 -897.9 2490.9 0 0 0 0 0 0 0 0 0
-285.3 -887.7 2747.8 0 0 0 0 0 0 0 0 0
-262.9 408.1 2775.3 06 0.1990564615 0.1251638681 -0.9719622135 -0.2334624678 0.9693114758 0.0770097524 0.9517729878 0.2115874141 0.2221687734
-288.2 212.6 2732.6 0.1990564615 0.1251638681 -0.9719622135 -0.2334624678 0.9693114758 0.0770097524 0.9517729878 0.2115874141 0.2221687734
-304.7 18.0 2696.4 0.2031011879 0.0832583085 -0.9756115675 -0.1956383735 0.9797380567 0.0428827889 0.9594141841 0.1821575165 0.2152744830
-317.8 241.2 2592.5 -0.3612902164 0.2825262249 -0.8886215687 0.7583500743 0.6435430050 -0.1037187055 0.5425629616 -0.7113587856 -0.4467595816
-228.0 52.7 2457.6 -0.7993136644 0.2825262249 0.5303551555 -0.2520633340 0.6435430050 -0.7227146626 -0.5454922318 -0.7113587856 -0.4431782365
-258.5 184.0 2872.7 0.0729566514 0.9769303203 -0.2007099986 -0.9865170717 0.1002496108 0.1293602735 0.1464970708 0.1885661483 0.9710723162
-239.6 -71.9 2910.8 0.1748693883 0.9769303203 -0.1225882247 -0.8823644519 0.1002496108 -0.4597640336 -0.4368679821 0.1885661483 0.8795391917
-345.9 -157.1 2576.6 -0.9090198874 0.1975684911 0.3669462204 0.1660328805 0.9792796373 -0.1159504950 -0.3822511137 -0.0444761701 -0.9229875207
-424.4 -545.7 2594.3 -0.9103675485 0.0099213514 0.4136816561 0.1233180091 0.9607921243 0.2483367622 -0.3949982226 0.2770921290 -0.8758974671
-306.9 -192.3 2752.3 -0.4558822513 0.1792697608 0.8717991114 0.0016442531 0.9796734452 -0.2005923539 -0.8900385499 -0.0900130346 -0.4469105005
-378.1 -581.3 2788.0 -0.4512111247 -0.2876405120 0.8447907567 -0.0139669459 0.9487922788 0.3155917823 -0.8923079371 0.1305993944 -0.4321230948
-21.0 118.0 2598.9 0 0 0 0 0 0 0 0 0
-190.4 -320.1 2787.9 0 0 0 0 0 0 0 0 0
-428.0 -895.0 2493.5 0 0 0 0 0 0 0 0 0
-286.4 -883.5 2746.4 0 0 0 0 0 0 0 0 0
-262.8 405.6 2775.0 07 0.1147825047 0.1367486119 -0.9839333296 -0.2458693236 0.9635733366 0.1052366197 0.9624828696 0.2298396975 0.1442236453
-290.3 211.7 2728.8 0.1147825047 0.1367486119 -0.9839333296 -0.2458693236 0.9635733366 0.1052366197 0.9624828696 0.2298396975 0.1442236453
-308.3 17.5 2690.8 0.1200763807 0.0911841914 -0.9885681868 -0.2007884383 0.9774245024 0.0657675490 0.9722477198 0.1905959398 0.1356743276
-307.8 240.9 2587.2 -0.3349142075 0.3056193292 -0.8913076520 0.7706338167 0.6331439614 -0.0724723935 0.5421770811 -0.7111438513 -0.4475694895
-225.7 52.1 2454.4 -0.7901027799 0.3056193292 0.5313515067 -0.2481606752 0.6331439614 -0.7331746221 -0.5604943633 -0.7111438513 -0.4244060814
-272.8 182.5 2870.3 0.0376027972 0.9605926871 -0.2754046619 -0.9882304072 0.0766409189 0.1323887259 0.1482789069 0.2671850920 0.9521688223
-263.1 -73.8 2908.7 0.1883517206 0.9605926871 -0.2044146061 -0.8863786459 0.0766409189 -0.4565732181 -0.4229143560 0.2671850920 0.8658842444
-339.8 -158.8 2572.3 -0.8759675622 0.2152288705 0.4316913188 0.1651725173 0.9746705294 -0.1507824510 -0.4532095492 -0.0607769974 -0.8893296719
-425.3 -545.7 2596.4 -0.8763866425 0.0068484582 0.4815595448 0.1421185732 0.9590498209 0.2450014800 -0.4601617157 0.2831545770 -0.8414717317
-302.6 -194.7 2748.2 -0.3827361166 0.1806302518 0.9060274959 0.0097110812 0.9814326167 -0.1915611178 -0.9238066673 -0.0645188540 -0.3773838282
-374.3 -584.4 2773.8 -0.3708907366 -0.2786723375 0.8858790994 -0.0322288126 0.9572034478 0.2876157165 -0.9281170964 0.0781231746 -0.3639991879
-21.4 116.3 2599.4 0 0 0 0 0 0 0 0 0
-210.1 -323.0 2789.8 0 0 0 0 0 0 0 0 0
-427.8 -893.0 2493.9 0 0 0 0 0 0 0 0 0
-286.6 -885.6 2749.2 0 0 0 0 0 0 0 0 0
-256.9 414.6 2764.9 08 0.1280698478 0.1514997035 -0.9801254869 -0.2378220558 0.9641205072 0.1179503500 0.9628285170 0.2179895639 0.1595047414
-287.4 220.6 2721.0 0.1280698478 0.1514997035 -0.9801254869 -0.2378220558 0.9641205072 0.1179503500 0.9628285170 0.2179895639 0.1595047414
-308.5 26.8 2682.8 0.1323324740 0.1065436006 -0.9854626060 -0.2057814002 0.9754978418 0.0778329819 0.9696092606 0.1924900413 0.1510147303
-306.7 250.6 2579.7 -0.3194208741 0.3322234154 -0.8874671459 0.8024578691 0.5929520130 -0.0668523535 0.5040155053 -0.7335090637 -0.4559965432
-226.5 49.2 2453.1 -0.7850326896 0.3322234154 0.5228300691 -0.2572481036 0.5929520130 -0.7630408406 -0.5635131598 -0.7335090637 -0.3800228834
-268.1 190.6 2862.4 0.0272537898 0.9654332995 -0.2592214346 -0.9890418649 0.0636831522 0.1331938505 0.1450978220 0.2527508140 0.9565895796
-261.0 -65.9 2900.1 0.1708094776 0.9654332995 -0.1968822926 -0.8870349526 0.0636831522 -0.4572891891 -0.4289441407 0.2527508140 0.8672508001
-337.3 -158.4 2564.1 -0.8834899664 0.2205643058 0.4132758081 0.1653699577 0.9722676873 -0.1653734446 -0.4382901788 -0.0777623728 -0.8954634070
-424.9 -544.5 2594.9 -0.8840760589 0.0060983058 0.4673032165 0.1364869475 0.9596911073 0.2456913441 -0.4469684660 0.2809906304 -0.8492723107
-315.4 -195.0 2741.8 -0.4034057558 0.1534442306 0.9020635486 -0.0205659382 0.9840694666 -0.1765908748 -0.9147900343 -0.0897895619 -0.3938235343
-376.3 -585.7 2777.4 -0.3990831971 -0.2885980606 0.8703124523 -0.0349988528 0.9532778263 0.3000608385 -0.9162465334 0.0892893076 -0.3905377686
-24.4 115.4 2598.1 0 0 0 0 0 0 0 0 0
-213.0 -315.4 2779.4 0 0 0 0 0 0 0 0 0
-427.2 -895.7 2492.1 0 0 0 0 0 0 0 0 0
-283.4 -892.5 2748.7 0 0 0 0 0 0 0 0 0
-258.9 414.9 2759.8 09 0.2226899564 0.1262877584 -0.9666750431 -0.2127562612 0.9739686847 0.0782286152 0.9513905644 0.1882454455 0.2437615693
-284.4 217.9 2721.8 0.2226899564 0.1262877584 -0.9666750431 -0.2127562612 0.9739686847 0.0782286152 0.9513905644 0.1882454455 0.2437615693
-303.4 22.8 2689.9 0.2266178429 0.0970526412 -0.9691362977 -0.1783507317 0.9823337197 0.0566696599 0.9575151801 0.1600038111 0.2399237752
-317.4 243.8 2582.7 -0.3607283831 0.3185080588 -0.8766000867 0.7771843076 0.6222540736 -0.0937252119 0.5156157017 -0.7150892019 -0.4720041454
-227.0 49.1 2453.5 -0.7782036662 0.3185080588 0.5412500501 -0.2590917945 0.6222540736 -0.7386956811 -0.5720755458 -0.7150892019 -0.4017175734
-251.5 192.0 2860.8 0.0684366375 0.9824216962 -0.1736778021 -0.9843431711 0.0948363915 0.1485750675 0.1624343544 0.1607905775 0.9735304117
-233.8 -63.1 2902.9 0.1553506702 0.9824216962 -0.1035071090 -0.8929432631 0.0948363915 -0.4400663674 -0.4225145280 0.1607905775 0.8919797540
-341.8 -148.2 2555.8 -0.9185327888 0.2160025835 0.3311198652 0.1599864066 0.9689917564 -0.1883063167 -0.3615270853 -0.1199908480 -0.9246082306
-427.5 -532.8 2603.4 -0.9194161892 -0.0057584951 0.3932437599 0.1118891016 0.9547438622 0.2755810916 -0.3770340085 0.2973734140 -0.8771626949
-317.5 -185.8 2733.3 -0.4808878601 0.1643517464 0.8612406254 -0.0233373437 0.9795270562 -0.1999552995 -0.8764714599 -0.1162551418 -0.4672071338
-382.8 -574.8 2779.4 -0.4691201746 -0.2977249920 0.8314361572 -0.0621978343 0.9502611160 0.3051806390 -0.8809413910 0.0914528742 -0.4643045068
-26.6 115.8 2600.8 0 0 0 0 0 0 0 0 0
-190.1 -314.2 2784.1 0 0 0 0 0 0 0 0 0
-425.3 -899.0 2489.3 0 0 0 0 0 0 0 0 0
-285.3 -885.9 2749.5 0 0 0 0 0 0 0 0 0
-259.8 417.1 2767.8 10 0.2228556275 0.1043771505 -0.9692475200 -0.2062930763 0.9767841697 0.0577565320 0.9527741075 0.1870776862 0.2392141372
-280.9 219.7 2730.0 0.2228556275 0.1043771505 -0.9692475200 -0.2062930763 0.9767841697 0.0577565320 0.9527741075 0.1870776862 0.2392141372
-299.4 24.3 2699.8 0.2265572548 0.0940018669 -0.9694511294 -0.1697075367 0.9839166403 0.0557444543 0.9590991139 0.1518938541 0.2388662845
-313.9 244.4 2590.3 -0.3421295583 0.3113810718 -0.8865603209 0.7719882727 0.6310434341 -0.0762779638 0.5357065797 -0.7105110884 -0.4562811255
-226.2 46.5 2453.0 -0.7709646225 0.3113810718 0.5555676222 -0.2693632543 0.6310434341 -0.7274803519 -0.5771108866 -0.7105110884 -0.4026375711
-247.9 195.0 2869.7 0.0709107667 0.9820505977 -0.1747808158 -0.9825935364 0.0989334956 0.1572325826 0.1717020124 0.1605890244 0.9719719887
-229.5 -59.8 2914.2 0.1581740826 0.9820505977 -0.1027503237 -0.8957669139 0.0989334956 -0.4333749115 -0.4154306352 0.1605890244 0.8953371048
-343.0 -156.0 2570.7 -0.9171591997 0.2040878683 0.3422968686 0.1617854536 0.9756327868 -0.1482099444 -0.3642039001 -0.0805534571 -0.9278290272
-424.0 -543.2 2602.6 -0.9181435108 0.0051139067 0.3962149620 0.1226979196 0.9544407725 0.2720073462 -0.3767727017 0.2983565331 -0.8769410849
-301.7 -188.5 2745.3 -0.3853029311 0.2047076821 0.8997979760 -0.0129146846 0.9737923741 -0.2270719111 -0.9226997495 -0.0991120785 -0.3725613356
-382.9 -575.0 2784.6 -0.3853029311 -0.3016730249 0.8720865846 -0.0129146846 0.9467244148 0.3217858672 -0.9226997495 0.1127223149 -0.3686717153
-25.8 116.6 2603.0 0 0 0 0 0 0 0 0 0
-185.0 -311.7 2797.4 0 0 0 0 0 0 0 0 0
-425.9 -901.4 2490.7 0 0 0 0 0 0 0 0 0
-283.1 -888.3 2747.3 0 0 0 0 0 0 0 0 0
-260.9 417.9 2772.8 11 0.2047964931 0.0908264741 -0.9745814204 -0.2130534798 0.9759483933 0.0461832620 0.9553358555 0.1981797963 0.2192217112
-279.2 222.1 2733.0 0.2047964931 0.0908264741 -0.9745814204 -0.2130534798 0.9759483933 0.0461832620 0.9553358555 0.1981797963 0.2192217112
-298.8 27.2 2699.8 0.2075825036 0.0993937701 -0.9731548429 -0.1843920499 0.9809667468 0.0608591922 0.9606815577 0.1668087095 0.2219589502
-309.4 249.0 2592.9 -0.3280217946 0.3257857859 -0.8867160082 0.7791464925 0.6240644455 -0.0589429997 0.5341651440 -0.7102162838 -0.4585416019
-221.2 39.3 2449.2 -0.7617447376 0.3257857859 0.5600076318 -0.2716915607 0.6240644455 -0.7326167226 -0.5881569982 -0.7102162838 -0.3868645430
-248.9 195.2 2873.1 0.0594826527 0.9797309041 -0.1912828982 -0.9853022695 0.0883630291 0.1461897492 0.1601289511 0.1797757149 0.9705871344
-233.5 -60.4 2914.6 0.1583288163 0.9797309041 -0.1227164194 -0.8913692832 0.0883630291 -0.4445815682 -0.4247267246 0.1797757149 0.8872924447
-338.6 -155.7 2581.8 -0.9078375101 0.2192329019 0.3574465215 0.1795936376 0.9735837579 -0.1409994066 -0.3789158463 -0.0638094246 -0.9232286811
-425.7 -542.2 2607.2 -0.9090636969 0.0005069092 0.4166569114 0.1309853047 0.9496468902 0.2846288979 -0.3955326676 0.3133217394 -0.8633558750
-297.2 -186.7 2757.2 -0.3667595387 0.2003073841 0.9084956646 0.0107575906 0.9773933291 -0.2111552805 -0.9302535653 -0.0676699877 -0.3606231511
-376.7 -574.7 2784.1 -0.3644159138 -0.2771301568 0.8890444040 0.0026413687 0.9543811679 0.2985793948 -0.9312325716 0.1111553833 -0.3470596671
-22.2 110.3 2602.8 0 0 0 0 0 0 0 0 0
-188.9 -311.1 2795.2 0 0 0 0 0 0 0 0 0
-425.9 -898.8 2489.5 0 0 0 0 0 0 0 0 0
-287.1 -883.4 2748.2 0 0 0 0 0 0 0 0 0
-260.6 415.2 2764.3 12 0.2173012495 0.0775392205 -0.9730199575 -0.1947927177 0.9802335501 0.0346116684 0.9564705491 0.1820160449 0.2281100601
-276.2 217.5 2727.6 0.2173012495 0.0775392205 -0.9730199575 -0.1947927177 0.9802335501 0.0346116684 0.9564705491 0.1820160449 0.2281100601
-296.5 22.2 2697.1 0.2193509787 0.1023772061 -0.9702597857 -0.1724274904 0.9828931689 0.0647287592 0.9602884650 0.1531011462 0.2332512140
-308.3 242.6 2587.4 -0.3287939429 0.3260309100 -0.8863399029 0.7894034982 0.6100481749 -0.0684348419 0.5183981657 -0.7221807837 -0.4579500854
-224.5 41.5 2455.3 -0.7852624655 0.3260309100 0.5263712406 -0.2505871952 0.6100481749 -0.7516962886 -0.5661880374 -0.7221807837 -0.3973487914
-244.2 192.3 2867.7 0.0604919828 0.9819841981 -0.1790189296 -0.9832075238 0.0895546749 0.1590061039 0.1721734554 0.1663941741 0.9709115624
-228.5 -62.8 2912.4 0.1521750540 0.9819841981 -0.1120259464 -0.8968235850 0.0895546749 -0.4332290888 -0.4153916538 0.1663941741 0.8942945600
-337.4 -150.8 2578.7 -0.9099792838 0.2258032113 0.3477795720 0.1859701574 0.9718840718 -0.1444177777 -0.3706113994 -0.0667405725 -0.9263870120
-427.1 -536.9 2605.2 -0.9119743109 0.0000521893 0.4102472663 0.1232351810 0.9538505077 0.2738288641 -0.3913002610 0.3002817929 -0.8698936105
-299.4 -184.6 2754.6 -0.3772332370 0.1952201575 0.9053089023 0.0046304385 0.9779158831 -0.2089476287 -0.9261066914 -0.0746300146 -0.3698063493
-377.0 -573.0 2784.3 -0.3718658686 -0.2791243196 0.8853278160 -0.0139835253 0.9552988410 0.2953110933 -0.9281811118 0.0974361077 -0.3591461778
-19.8 106.8 2602.9 0 0 0 0 0 0 0 0 0
-185.7 -315.0 2795.6 0 0 0 0 0 0 0 0 0
-427.1 -896.0 2492.2 0 0 0 0 0 0 0 0 0
-285.1 -887.3 2752.2 0 0 0 0 0 0 0 0 0
-260.7 418.2 2770.5 13 0.2078119367 0.0658476204 -0.9759499431 -0.2236780673 0.9744946361 0.0181209929 0.9522511959 0.2145328373 0.2172402740
-273.9 222.8 2727.5 0.2078119367 0.0658476204 -0.9759499431 -0.2236780673 0.9744946361 0.0181209929 0.9522511959 0.2145328373 0.2172402740
-294.1 28.4 2692.0 0.2101339996 0.1019084975 -0.9723468423 -0.1966429949 0.9786332250 0.0600708127 0.9576926827 0.1785822660 0.2256837189
-304.6 251.5 2587.7 -0.3186266124 0.3485277593 -0.8814791441 0.8072396517 0.5872052312 -0.0596164912 0.4968311787 -0.7305603027 -0.4684446454
-221.2 40.3 2457.7 -0.7617743015 0.3485277593 0.5461028218 -0.2766653299 0.5872052312 -0.7606880069 -0.5857953429 -0.7305603027 -0.3508923352
-243.2 194.1 2867.3 0.0579050444 0.9804511070 -0.1880494058 -0.9872554541 0.0842073783 0.1350397319 0.1482350081 0.1778333336 0.9728317857
-228.2 -62.0 2905.8 0.1552560180 0.9804511070 -0.1208765730 -0.8863102198 0.0842073783 -0.4553716779 -0.4362909794 0.1778333336 0.8820575476
-336.9 -157.3 2578.7 -0.9096111059 0.2166956514 0.3544723988 0.1816230863 0.9747605324 -0.1298267096 -0.3736585975 -0.0537114479 -0.9260098934
-423.0 -544.5 2600.1 -0.9114453197 0.0111166211 0.4112709463 0.1317760199 0.9548600912 0.2662279308 -0.3897466660 0.2968478799 -0.8717676997
-296.7 -188.9 2754.7 -0.3701958656 0.1895464212 0.9094103575 0.0196260531 0.9803392887 -0.1963407695 -0.9287464023 -0.0548364036 -0.3666375875
-372.0 -578.3 2776.5 -0.3593035936 -0.2688103914 0.8936676979 -0.0203916989 0.9596494436 0.2804587483 -0.9329979420 0.0825464353 -0.3502869904
-22.0 112.7 2611.0 0 0 0 0 0 0 0 0 0
-184.5 -311.2 2783.1 0 0 0 0 0 0 0 0 0
-427.1 -895.9 2490.8 0 0 0 0 0 0 0 0 0
-285.7 -886.3 2750.0 0 0 0 0 0 0 0 0 0
-260.5 418.5 2773.1 14 0.1515195668 0.0823348314 -0.9850192070 -0.2329746932 0.9714242816 0.0453613773 0.9606063962 0.2226114124 0.1663717180
-277.2 222.4 2728.2 0.1515195668 0.0823348314 -0.9850192070 -0.2329746932 0.9714242816 0.0453613773 0.9606063962 0.2226114124 0.1663717180
-299.1 28.8 2689.4 0.1537492722 0.1109358817 -0.9818627238 -0.2105246782 0.9745401144 0.0771426037 0.9654224515 0.1948457062 0.1731895655
-299.6 253.0 2587.5 -0.3069403470 0.3493522108 -0.8852912784 0.8088096976 0.5860110521 -0.0491726100 0.5016118884 -0.7311252356 -0.4624298811
-216.8 34.8 2452.1 -0.7546445727 0.3493522108 0.5553958416 -0.2865414023 0.5860110521 -0.7579479814 -0.5902588964 -0.7311252356 -0.3421261907
-254.8 191.7 2868.9 0.0307202637 0.9707422853 -0.2381505966 -0.9897546172 0.0627816692 0.1282352358 0.1394348443 0.2317712307 0.9627252817
-246.8 -65.0 2905.1 0.1615702808 0.9707422853 -0.1776358187 -0.8848116398 0.0627816692 -0.4616999030 -0.4370393455 0.2317712307 0.8690677285
-333.5 -147.9 2568.8 -0.8923608661 0.2246985137 0.3914110661 0.1692589372 0.9705720544 -0.1712931693 -0.4183819592 -0.0866055042 -0.9041327238
-422.8 -533.4 2603.2 -0.8930214643 0.0146583645 0.4497752786 0.1450321227 0.9555156231 0.2568182349 -0.4260027707 0.2945760489 -0.8554219007
-295.0 -184.0 2744.3 -0.4076581895 0.2102623731 0.8885969520 -0.0133936582 0.9716465473 -0.2360583693 -0.9130363464 -0.1081326902 -0.3932834864
-378.4 -569.4 2787.2 -0.4076581895 -0.2778396010 0.8698390722 -0.0133936582 0.9543026686 0.2985414863 -0.9130363464 0.1100525483 -0.3927505910
-18.9 109.9 2606.9 0 0 0 0 0 0 0 0 0
-201.4 -313.8 2782.2 0 0 0 0 0 0 0 0 0
-428.3 -895.6 2491.5 0 0 0 0 0 0 0 0 0
-284.6 -891.6 2750.1 0 0 0 0 0 0 0 0 0
-262.9 418.0 2775.5 15 0.2152268291 0.0792221576 -0.9733453989 -0.2496168762 0.9680571556 0.0235962719 0.9441233277 0.2378848940 0.2281270623
-278.9 222.6 2727.4 0.2152268291 0.0792221576 -0.9733453989 -0.2496168762 0.9680571556 0.0235962719 0.9441233277 0.2378848940 0.2281270623
-299.5 29.0 2687.8 0.2182460129 0.1035389528 -0.9703856707 -0.2175261229 0.9745005369 0.0550549701 0.9513416886 0.1990687102 0.2352032959
-310.7 254.2 2588.9 -0.3337780535 0.3341705799 -0.8814319372 0.7955894470 0.6013889909 -0.0732714385 0.5055982471 -0.7257143259 -0.4665930271
-221.4 41.4 2453.7 -0.7617484927 0.3341705799 0.5550398827 -0.2811055481 0.6013889909 -0.7478709817 -0.5837113857 -0.7257143259 -0.3641699255
-247.1 191.0 2866.0 0.0585574545 0.9820431471 -0.1793383062 -0.9904175401 0.0796590745 0.1128165126 0.1250766069 0.1710135490 0.9772974253
-232.0 -65.9 2898.4 0.1506376863 0.9820431471 -0.1135759279 -0.8768235445 0.0796590745 -0.4741675556 -0.4566056430 0.1710135490 0.8730782270
-335.1 -145.5 2562.3 -0.9173960686 0.2175121009 0.3332761228 0.1677402854 0.9707423449 -0.1718212515 -0.3608984351 -0.1017243117 -0.9270406961
-421.5 -531.2 2602.7 -0.9187437296 0.0094155651 0.3947420716 0.1250075847 0.9552280903 0.2681647837 -0.3745438159 0.2957204580 -0.8787868619
-306.9 -184.1 2739.0 -0.4668402672 0.1714477688 0.8675631285 -0.0285415705 0.9775950313 -0.2085506320 -0.8838809729 -0.1221214458 -0.4514873326
-375.0 -571.9 2787.5 -0.4664831758 -0.2645530701 0.8440409303 -0.0298368037 0.9583885074 0.2839035690 -0.8840267062 0.1072527543 -0.4549655318
-21.7 115.1 2606.7 0 0 0 0 0 0 0 0 0
-189.6 -312.4 2770.0 0 0 0 0 0 0 0 0 0
-425.1 -895.3 2490.0 0 0 0 0 0 0 0 0 0
-288.4 -885.5 2752.4 0 0 0 0 0 0 0 0 0
-263.7 415.1 2775.6 16 0.2305964679 0.0823157355 -0.9695614576 -0.2551151812 0.9666739106 0.0213950481 0.9390109181 0.2424162179 0.2439115793
-280.4 219.6 2726.6 0.2305964679 0.0823157355 -0.9695614576 -0.2551151812 0.9666739106 0.0213950481 0.9390109181 0.2424162179 0.2439115793
-300.9 26.1 2686.5 0.2338746637 0.1035992503 -0.9667315483 -0.2208963037 0.9739663601 0.0509346500 0.9468407631 0.2016351074 0.2506707311
-314.5 251.8 2588.5 -0.3444252014 0.3308210075 -0.8785947561 0.7944134474 0.6014037132 -0.0849755183 0.5002784729 -0.7272351980 -0.4699472487
-224.6 44.5 2458.0 -0.7697725892 0.3308210075 0.5459007621 -0.2738134861 0.6014037132 -0.7505596280 -0.5766076446 -0.7272351980 -0.3723608255
