-403.6 504.0 2660.7 1 -0.7458779812 -0.0600016490 -0.6633746028 -0.1132563651 0.9928563833 0.0375389867 0.6563832760 0.1031308994 -0.7473452687
-391.6 305.8 2640.1 -0.7458779812 -0.0600016490 -0.6633746028 -0.1132563651 0.9928563833 0.0375389867 0.6563832760 0.1031308994 -0.7473452687
-380.9 108.0 2622.9 -0.7467673421 -0.0538584851 -0.6629011035 -0.0977313668 0.9947822094 0.0292730294 0.6578655839 0.0866463706 -0.7481344938
-286.7 319.5 2547.7 -0.9050114155 -0.2887935340 0.3123341501 -0.4253869653 0.6153122187 -0.6636541486 -0.0005239885 -0.7334774733 -0.6797136068
-79.3 416.9 2547.8 -0.3051604331 -0.2887935340 0.9074554443 -0.7853217721 0.6153122187 -0.0682688504 -0.5386528373 -0.7334774733 -0.4145647883
-496.6 292.1 2732.6 -0.2545033097 0.8638685346 -0.4346944094 -0.9004501700 -0.0477331579 0.4323321283 0.3527287841 0.5014505982 0.7900187969
-565.2 49.2 2827.7 -0.1092994511 0.8674513698 -0.4853676558 -0.9821078181 -0.0189077593 0.1873678267 0.1533552706 0.4971625507 0.8539974093
-300.6 -80.0 2545.6 -0.4321428537 0.3145819902 -0.8451572061 0.0865663067 0.9473265409 0.3083483577 0.8976407051 0.0600883961 -0.4366125762
-425.7 -456.6 2521.7 -0.4563252032 0.1770900190 -0.8720128536 -0.0292761233 0.9764769673 0.2136250138 0.8893313408 0.1230116338 -0.4404065609
-438.5 -98.7 2665.9 -0.8276685476 0.1148280948 -0.5493444204 0.1458783448 0.9892169237 -0.0130137317 0.5419264436 -0.0909085125 -0.8354946971
-483.6 -487.0 2701.6 -0.8169677854 -0.1832586676 -0.5467905402 -0.2239197344 0.9745753407 0.0079296008 0.5314354300 0.1289154291 -0.8372318745
1.0 623.8 2689.7 0 0 0 0 0 0 0 0 0
-593.6 -206.1 2867.6 0 0 0 0 0 0 0 0 0
-489.5 -808.4 2477.4 0 0 0 0 0 0 0 0 0
-424.1 -803.7 2659.7 0 0 0 0 0 0 0 0 0
-402.4 504.4 2658.2 2 -0.7522980571 -0.0557015277 -0.6564639807 -0.1065599471 0.9935871363 0.0378094129 0.6501481533 0.0983967185 -0.7534092069
-391.3 306.3 2638.6 -0.7522980571 -0.0557015277 -0.6564639807 -0.1065599471 0.9935871363 0.0378094129 0.6501481533 0.0983967185 -0.7534092069
-381.5 108.5 2621.9 -0.7530509233 -0.0492914580 -0.6561133265 -0.0922985822 0.9952434897 0.0311661549 0.6514562964 0.0840280280 -0.7540185452
-285.4 319.3 2547.0 -0.9022454023 -0.2869914174 0.3218526542 -0.4311766028 0.5894679427 -0.6830917001 0.0063196234 -0.7550916672 -0.6555887461
-78.0 418.4 2545.6 -0.3066677451 -0.2869914174 0.9075190425 -0.8033030629 0.5894679427 -0.0850394070 -0.5105478168 -0.7550916672 -0.4113118947
-497.2 293.4 2730.2 -0.2626737654 0.8591161370 -0.4392288327 -0.8981431723 -0.0513429046 0.4366952479 0.3526206315 0.5091987848 0.7850957513
-568.1 51.0 2825.4 -0.1161286011 0.8628976345 -0.4918554723 -0.9811184406 -0.0225470811 0.1920891255 0.1546633542 0.5048755407 0.8492231369
-301.7 -80.8 2545.4 -0.4419920146 0.3119991124 -0.8410110474 0.0835769176 0.9478073716 0.3076947927 0.8931170106 0.0657095239 -0.4449992180
-425.8 -457.6 2519.2 -0.4644905925 0.1758237630 -0.8679484725 -0.0255117230 0.9770290852 0.2115734816 0.8852105141 0.1204167530 -0.4493352473
-440.7 -97.8 2664.9 -0.8315886855 0.1211507246 -0.5420172811 0.1517471075 0.9883476496 -0.0119039398 0.5342593193 -0.0921487361 -0.8402830362
-488.3 -485.9 2701.1 -0.8228195310 -0.1791405082 -0.5393298864 -0.2183713615 0.9758239388 0.0090308757 0.5246732235 0.1252049804 -0.8420461416
2.8 630.0 2680.1 0 0 0 0 0 0 0 0 0
-598.3 -204.0 2865.6 0 0 0 0 0 0 0 0 0
-488.8 -807.7 2476.1 0 0 0 0 0 0 0 0 0
-430.1 -803.0 2660.4 0 0 0 0 0 0 0 0 0
-405.5 505.0 2657.0 3 -0.7766789794 -0.0728550926 -0.6256691217 -0.1293741167 0.9905626178 0.0452549495 0.6164674163 0.1160939634 -0.7787747383
-390.9 307.6 2633.9 -0.7766789794 -0.0728550926 -0.6256691217 -0.1293741167 0.9905626178 0.0452549495 0.6164674163 0.1160939634 -0.7787747383
-377.9 110.2 2614.2 -0.7778185606 -0.0653055385 -0.6250867844 -0.1130141541 0.9929081798 0.0368942395 0.6182443500 0.0993406773 -0.7796828151
-281.6 323.4 2547.0 -0.9074316025 -0.2745445967 0.3181087673 -0.4191123545 0.5369207263 -0.7321618199 0.0302118920 -0.7977100611 -0.6022838950
-76.0 418.4 2540.2 -0.2945450842 -0.2745445967 0.9153515697 -0.8366672397 0.5369207263 -0.1081852391 -0.4617695510 -0.7977100611 -0.3878498375
-500.3 291.7 2720.8 -0.2650844455 0.8382682204 -0.4764836431 -0.9074862599 -0.0498821065 0.4171096087 0.3258817196 0.5429716110 0.7739398479
-571.8 46.9 2808.7 -0.1095667854 0.8418533206 -0.5284676552 -0.9850676060 -0.0209305175 0.1708908230 0.1328039020 0.5393003821 0.8315757513
-302.6 -80.9 2545.5 -0.4701779783 0.3080705106 -0.8270581961 0.0903581604 0.9489789009 0.3021165729 0.8779339790 0.0673171058 -0.4740256667
-425.1 -458.2 2518.7 -0.4917588234 0.1818842590 -0.8515229821 -0.0112546422 0.9765304327 0.2150852978 0.8706586957 0.1153536811 -0.4781704247
-436.1 -97.5 2651.2 -0.8546056747 0.1119447649 -0.5070675611 0.1320042610 0.9912424684 -0.0036428794 0.5022190809 -0.0700483024 -0.8618986011
-480.1 -486.6 2678.7 -0.8406579494 -0.1966754347 -0.5045918822 -0.2375906557 0.9712116718 0.0172793195 0.4866670966 0.1344123185 -0.8631850481
1.3 638.0 2661.3 0 0 0 0 0 0 0 0 0
-600.2 -209.1 2843.2 0 0 0 0 0 0 0 0 0
-490.1 -807.2 2477.5 0 0 0 0 0 0 0 0 0
-416.2 -802.1 2635.0 0 0 0 0 0 0 0 0 0
-403.6 505.0 2656.4 4 -0.7687232494 -0.0663566962 -0.6361299753 -0.1198674440 0.9919270873 0.0413813107 0.6282486320 0.1080620512 -0.7704714537
-390.4 307.7 2634.9 -0.7687232494 -0.0663566962 -0.6361299753 -0.1198674440 0.9919270873 0.0413813107 0.6282486320 0.1080620512 -0.7704714537
-378.8 110.1 2616.6 -0.7697408199 -0.0583050549 -0.6356882453 -0.1036569029 0.9940199852 0.0343447626 0.6298843622 0.0923300385 -0.7711814642
-282.2 322.3 2546.3 -0.9015753865 -0.2707397640 0.3374341726 -0.4323054850 0.5339701176 -0.7266277671 0.0165472589 -0.8009843230 -0.5984565616
-72.8 422.7 2542.5 -0.3270160258 -0.2707397640 0.9054062963 -0.8335944414 0.5339701176 -0.1414081156 -0.4451750815 -0.8009843230 -0.4003039300
-498.6 293.2 2723.5 -0.2658696175 0.8454261422 -0.4632148147 -0.9032452106 -0.0505704731 0.4261346161 0.3368403614 0.5316928029 0.7770723104
-570.4 49.4 2814.4 -0.1134743467 0.8491275311 -0.5158546567 -0.9833155274 -0.0216834228 0.1806111485 0.1421764046 0.5277426243 0.8374208212
-293.6 -76.8 2537.9 -0.4496761560 0.3306685686 -0.8297286630 0.1225132123 0.9430022836 0.3094143271 0.8847495914 0.0374835320 -0.4645569026
-425.0 -451.4 2523.0 -0.4822318256 0.1758041531 -0.8582222462 -0.0270850863 0.9761965871 0.2151898295 0.8756248355 0.1270164102 -0.4659913778
-437.7 -96.9 2656.0 -0.8467338681 0.1167642698 -0.5190451145 0.1410551220 0.9899740815 -0.0074031139 0.5129767656 -0.0794824362 -0.8547148108
-483.5 -485.6 2687.2 -0.8351416588 -0.1892269552 -0.5164606571 -0.2289085239 0.9733539224 0.0135271288 0.5001392961 0.1295193136 -0.8562040925
12.9 641.3 2659.2 0 0 0 0 0 0 0 0 0
-599.9 -206.2 2851.3 0 0 0 0 0 0 0 0 0
-489.2 -808.0 2476.6 0 0 0 0 0 0 0 0 0
-422.1 -801.9 2645.2 0 0 0 0 0 0 0 0 0
-401.2 506.3 2657.1 5 -0.7582350969 -0.0562532097 -0.6495499015 -0.1124342829 0.9926268458 0.0452823974 0.6422134042 0.1073663831 -0.7589693069
-390.1 308.9 2635.7 -0.7582350969 -0.0562532097 -0.6495499015 -0.1124342829 0.9926268458 0.0452823974 0.6422134042 0.1073663831 -0.7589693069
-380.3 111.2 2617.1 -0.7589950562 -0.0488341823 -0.6492624283 -0.0980653390 0.9943819046 0.0398471802 0.6436689496 0.0939139500 -0.7595198750
-283.3 322.7 2545.2 -0.9028152227 -0.2891985774 0.3182590604 -0.4290331006 0.5554159880 -0.7123508453 0.0292446706 -0.7796648741 -0.6255137324
-74.4 422.0 2538.4 -0.3479738533 -0.2891985774 0.8917838335 -0.8197461367 0.5554159880 -0.1397476643 -0.4548961520 -0.7796648741 -0.4303396344
-496.8 295.1 2726.3 -0.2669384181 0.8544674516 -0.4456783831 -0.9013083577 -0.0576412678 0.4293258488 0.3411554992 0.5162972212 0.7855253816
-568.9 51.8 2818.4 -0.1187353209 0.8583251238 -0.4991792738 -0.9824715853 -0.0287978444 0.1841746420 0.1437064260 0.5122974515 0.8466993570
-296.6 -78.0 2540.5 -0.4406944215 0.3206301332 -0.8384418488 0.1022747383 0.9458857179 0.3079611957 0.8918117881 0.0499653630 -0.4496389329
-424.0 -453.9 2520.7 -0.4667860866 0.1784821600 -0.8661725521 -0.0205042381 0.9769755006 0.2123639137 0.8841325045 0.1168887317 -0.4523789287
-440.2 -95.4 2657.5 -0.8361554146 0.1232118830 -0.5344744921 0.1474658251 0.9890635014 -0.0026941854 0.5282972455 -0.0810694769 -0.8451803327
-488.6 -483.8 2689.3 -0.8277453780 -0.1791176200 -0.5317466259 -0.2226429284 0.9747293591 0.0182426311 0.5150414705 0.1334898770 -0.8467069864
16.8 636.9 2657.7 0 0 0 0 0 0 0 0 0
-599.7 -203.5 2855.7 0 0 0 0 0 0 0 0 0
-489.0 -809.9 2478.1 0 0 0 0 0 0 0 0 0
-430.4 -800.5 2646.0 0 0 0 0 0 0 0 0 0
-401.7 505.5 2656.9 6 -0.7528445125 -0.0654679537 -0.6549344659 -0.1150273457 0.9928146601 0.0329806469 0.6480693221 0.1001646668 -0.7549656630
-388.7 307.7 2637.0 -0.7528445125 -0.0654679537 -0.6549344659 -0.1150273457 0.9928146601 0.0329806469 0.6480693221 0.1001646668 -0.7549656630
-377.3 110.0 2619.7 -0.7537545562 -0.0572715141 -0.6546556354 -0.1002915129 0.9945507646 0.0284665022 0.6494579911 0.0871131569 -0.7553910613
-282.6 321.8 2545.6 -0.9007476568 -0.2982376814 0.3157655895 -0.4333173335 0.5671051145 -0.7004483342 0.0298278108 -0.7677538991 -0.6400501728
-76.2 421.1 2538.8 -0.3799923956 -0.2982376814 0.8755912781 -0.8084123731 0.5671051145 -0.1576745212 -0.4495278001 -0.7677538991 -0.4565946460
-494.7 293.6 2728.4 -0.2565364838 0.8583612442 -0.4443027973 -0.9011704326 -0.0462420918 0.4309913516 0.3494007885 0.5109575391 0.7853925824
-564.0 50.4 2822.7 -0.1088840440 0.8619311452 -0.4951958358 -0.9824441075 -0.0173941161 0.1857445985 0.1514855623 0.5067268610 0.8486931324
-301.0 -77.4 2539.4 -0.4387810826 0.3081426322 -0.8441085815 0.0951144099 0.9500153065 0.2973619998 0.8935459852 0.0501899309 -0.4461575449
-423.5 -455.1 2519.5 -0.4618364573 0.1816322356 -0.8681686521 -0.0136124045 0.9772413969 0.2116930336 0.8868606091 0.1095854267 -0.4488532841
-435.0 -96.9 2661.9 -0.8339167833 0.1137155071 -0.5400477648 0.1437111199 0.9895268679 -0.0135517120 0.5328507423 -0.0889118686 -0.8415252566
-479.7 -485.5 2696.9 -0.8222321868 -0.1871084422 -0.5375170708 -0.2264905721 0.9739851356 0.0074174530 0.5221458077 0.1278414279 -0.8432202339
23.4 633.0 2656.6 0 0 0 0 0 0 0 0 0
-592.3 -205.0 2862.0 0 0 0 0 0 0 0 0 0
-489.4 -810.0 2479.7 0 0 0 0 0 0 0 0 0
-418.9 -801.9 2655.3 0 0 0 0 0 0 0 0 0
-401.6 504.0 2655.9 7 -0.7765071392 -0.0698502138 -0.6262248755 -0.1209691837 0.9918754697 0.0393640101 0.6183875203 0.1063203514 -0.7786480784
-387.7 306.3 2634.7 -0.7765071392 -0.0698502138 -0.6262248755 -0.1209691837 0.9918754697 0.0393640101 0.6183875203 0.1063203514 -0.7786480784
-375.6 108.7 2616.8 -0.7776412964 -0.0606125444 -0.6257795691 -0.1037041917 0.9940742850 0.0325854272 0.6200962663 0.0902357399 -0.7793189883
-278.4 320.9 2547.5 -0.8951194286 -0.3340683579 0.2952279150 -0.4426029623 0.5863973498 -0.6784104705 0.0535145961 -0.7379271388 -0.6727553010
-76.2 420.9 2535.4 -0.3898088336 -0.3340683579 0.8581651449 -0.7987696528 0.5863973498 -0.1345553249 -0.4582750797 -0.7379271388 -0.4954265654
-497.1 291.8 2721.9 -0.2692360282 0.8385513425 -0.4736492932 -0.9031241536 -0.0490227565 0.4265718758 0.3344828188 0.5426126122 0.7705146074
-569.7 48.0 2812.1 -0.1142833754 0.8422706723 -0.5268011093 -0.9832617640 -0.0201564468 0.1810802817 0.1419001669 0.5386778116 0.8304761052
-296.7 -78.5 2542.8 -0.4671148956 0.3223066926 -0.8233602047 0.1053706259 0.9448514581 0.3100851178 0.8778955936 0.0580873899 -0.4753158391
-424.8 -454.1 2519.7 -0.4921531081 0.1774915606 -0.8522218466 -0.0127663845 0.9774160385 0.2109381706 0.8704150319 0.1146936715 -0.4787724316
-434.9 -98.4 2655.7 -0.8534026742 0.1167537868 -0.5080083013 0.1407878995 0.9899990559 -0.0089814141 0.5018791556 -0.0791861936 -0.8613053560
-480.7 -487.1 2686.8 -0.8412770629 -0.1918333918 -0.5054234266 -0.2291364968 0.9733206630 0.0119738653 0.4896420836 0.1258842945 -0.8627883792
26.0 630.4 2655.6 0 0 0 0 0 0 0 0 0
-599.4 -207.6 2849.0 0 0 0 0 0 0 0 0 0
-489.4 -809.5 2478.0 0 0 0 0 0 0 0 0 0
-418.4 -803.4 2645.9 0 0 0 0 0 0 0 0 0
-400.4 502.6 2657.3 8 -0.7983807325 -0.0725928247 -0.5977612734 -0.1387527585 0.9881708026 0.0653160661 0.5859487057 0.1350881010 -0.7990089655
-386.0 306.4 2630.5 -0.7983807325 -0.0725928247 -0.5977612734 -0.1387527585 0.9881708026 0.0653160661 0.5859487057 0.1350881010 -0.7990089655
-373.4 109.6 2606.2 -0.7994410992 -0.0626227707 -0.5974716544 -0.1232360601 0.9904960394 0.0610779785 0.5879684091 0.1224582940 -0.7995606065
-273.6 323.7 2547.9 -0.8937228322 -0.3409455121 0.2915744781 -0.4450173378 0.5915672183 -0.6723152399 0.0567369573 -0.7306191921 -0.6804237962
-74.4 422.9 2535.2 -0.3911570013 -0.3409455121 0.8548405766 -0.7959845066 0.5915672183 -0.1282844096 -0.4619576633 -0.7306191921 -0.5027830005
-498.3 289.2 2713.1 -0.2817887366 0.8186227679 -0.5004516840 -0.9136118293 -0.0695936680 0.4005872309 0.2931015491 0.5700995326 0.7675141692
-574.3 42.8 2792.2 -0.1199724600 0.8225193024 -0.5559394360 -0.9873696566 -0.0404882953 0.1531727314 0.1034784913 0.5672942400 0.8169880509
-292.3 -79.4 2542.0 -0.4819782376 0.3350605369 -0.8095871806 0.1222274303 0.9406699538 0.3165445626 0.8676159382 0.0536138192 -0.4943360388
-425.5 -453.3 2520.7 -0.5106433034 0.1735341698 -0.8420981765 -0.0121597610 0.9778645039 0.2088856250 0.8597066402 0.1169057637 -0.4972298145
-434.1 -98.4 2635.7 -0.8706903458 0.1202012673 -0.4769171178 0.1249454990 0.9919220209 0.0218936130 0.4756962061 -0.0405260883 -0.8786755800
-481.2 -487.6 2651.6 -0.8583636284 -0.1956235617 -0.4742818475 -0.2444051355 0.9687297940 0.0427638404 0.4510853291 0.1526238471 -0.8793338537
28.2 631.7 2656.4 0 0 0 0 0 0 0 0 0
-605.5 -213.6 2819.0 0 0 0 0 0 0 0 0 0
-488.9 -810.5 2478.0 0 0 0 0 0 0 0 0 0
-417.7 -802.3 2602.1 0 0 0 0 0 0 0 0 0
-400.6 504.4 2657.5 9 -0.8014695048 -0.0666946024 -0.5943050385 -0.1365720034 0.9879136682 0.0733121634 0.5822325349 0.1399228871 -0.8008912802
-387.4 309.0 2629.9 -0.8014695048 -0.0666946024 -0.5943050385 -0.1365720034 0.9879136682 0.0733121634 0.5822325349 0.1399228871 -0.8008912802
-376.1 112.1 2605.0 -0.8025279045 -0.0564586706 -0.5939372182 -0.1195693761 0.9905351996 0.0674035251 0.5845102072 0.1251099110 -0.8016828299
-274.5 325.8 2547.7 -0.8961713910 -0.3307288289 0.2957960665 -0.4408510029 0.5881519318 -0.6780322194 0.0502717756 -0.7380350828 -0.6728870869
-71.5 425.6 2536.3 -0.3880917728 -0.3307288289 0.8602343798 -0.7976191044 0.5881519318 -0.1337200701 -0.4617234468 -0.7380350828 -0.4920525551
-500.2 292.2 2712.1 -0.2893457413 0.8158569336 -0.5006561279 -0.9124199748 -0.0769264027 0.4019603431 0.2894284427 0.5731141567 0.7666624784
-578.3 46.0 2790.2 -0.1273407489 0.8199598193 -0.5580772758 -0.9867872596 -0.0479054898 0.1547772139 0.1001761183 0.5704129934 0.8152261972
-287.5 -75.9 2528.0 -0.4712330401 0.3399829268 -0.8138495088 0.1595821828 0.9403588772 0.3004309237 0.8674519658 0.0116970949 -0.4973833859
-422.6 -449.4 2523.4 -0.5115541816 0.1869878024 -0.8386583924 -0.0100984219 0.9746584296 0.2234701663 0.8591916561 0.1227862239 -0.4967023134
-438.4 -95.7 2633.7 -0.8716340661 0.1273583621 -0.4733222127 0.1297318935 0.9911596179 0.0277902242 0.4726771712 -0.0371820815 -0.8804509044
-488.4 -484.8 2648.3 -0.8618084192 -0.1894490272 -0.4705266058 -0.2397465557 0.9696123004 0.0487187989 0.4469986856 0.1547934115 -0.8810398579
30.3 634.8 2657.4 0 0 0 0 0 0 0 0 0
-611.4 -210.4 2816.2 0 0 0 0 0 0 0 0 0
-491.5 -808.5 2478.1 0 0 0 0 0 0 0 0 0
-426.8 -799.8 2598.1 0 0 0 0 0 0 0 0 0
-401.1 503.1 2656.7 0 -0.8054352403 -0.0748827085 -0.5879342556 -0.1398794949 0.9879803658 0.0657917559 0.5759407878 0.1352309436 -0.8062287569
-386.3 307.2 2629.9 -0.8054352403 -0.0748827085 -0.5879342556 -0.1398794949 0.9879803658 0.0657917559 0.5759407878 0.1352309436 -0.8062287569
-373.4 110.2 2606.7 -0.8067839146 -0.0646046177 -0.5873039961 -0.1207445860 0.9910544157 0.0568497740 0.5783774257 0.1167792603 -0.8073673844
-272.7 324.2 2548.5 -0.8913741112 -0.3451772928 0.2937768996 -0.4495703280 0.5906469226 -0.6700916290 0.0577819757 -0.7293756604 -0.6816688180
-71.7 425.6 2535.4 -0.4016957879 -0.3451772928 0.8482294083 -0.7953370810 0.5906469226 -0.1362905651 -0.4539596736 -0.7293756604 -0.5117926598
-499.8 290.3 2711.2 -0.2855672836 0.8112634420 -0.5101988912 -0.9121002555 -0.0666680560 0.4045101702 0.2941503525 0.5808674097 0.7589918375
-576.8 44.1 2790.6 -0.1214092225 0.8151851296 -0.5663329959 -0.9868276715 -0.0376727954 0.1573273689 0.1069155857 0.5779740214 0.8090210557
-291.2 -73.8 2526.6 -0.4805647135 0.3286720812 -0.8130388856 0.1613576114 0.9444220662 0.2864099145 0.8619868159 0.0064484794 -0.5068896413
-421.8 -449.1 2524.0 -0.5217176676 0.1870714277 -0.8323550224 -0.0105554927 0.9741718769 0.2255608588 0.8530529141 0.1264650077 -0.5062680840
-434.5 -97.8 2636.5 -0.8766459823 0.1208408549 -0.4657137394 0.1273833960 0.9916985035 0.0175377112 0.4639669061 -0.0439498313 -0.8847616315
-482.0 -487.2 2653.8 -0.8640383482 -0.1975352913 -0.4630524516 -0.2422752529 0.9694426656 0.0385182537 0.4412941039 0.1454674006 -0.8854935169
33.7 634.3 2654.5 0 0 0 0 0 0 0 0 0
-608.4 -212.4 2818.4 0 0 0 0 0 0 0 0 0
-490.7 -807.9 2477.4 0 0 0 0 0 0 0 0 0
-417.8 -802.1 2606.5 0 0 0 0 0 0 0 0 0
-399.9 502.5 2657.7 1 -0.7884482145 -0.0713323206 -0.6109510064 -0.1428208500 0.9873379469 0.0690362006 0.5982905626 0.1416880041 -0.7886525989
-385.7 306.3 2629.6 -0.7884482145 -0.0713323206 -0.6109510064 -0.1428208500 0.9873379469 0.0690362006 0.5982905626 0.1416880041 -0.7886525989
-372.8 109.4 2605.4 -0.7896445990 -0.0649968907 -0.6101121306 -0.1254640669 0.9904670715 0.0568661653 0.6005998254 0.1214512065 -0.7902717590
-274.7 323.9 2545.1 -0.8935212493 -0.3301446438 0.3043423593 -0.4470022321 0.5898144841 -0.6725383401 0.0425294004 -0.7369690537 -0.6745871902
-70.2 426.2 2535.4 -0.4014184475 -0.3301446438 0.8543229699 -0.7943567038 0.5898144841 -0.1453143060 -0.4559173286 -0.7369690537 -0.4990150332
-496.8 288.6 2714.0 -0.2737134397 0.8275912404 -0.4900751412 -0.9140523672 -0.0652560517 0.4003122449 0.2993145585 0.5575252175 0.7743232250
-570.7 42.0 2794.8 -0.1146973148 0.8313179612 -0.5438336134 -0.9875847101 -0.0362704657 0.1528427601 0.1073358357 0.5546123981 0.8251570463
-286.5 -75.7 2530.4 -0.4592767656 0.3412923217 -0.8201124072 0.1495064497 0.9397740960 0.3073637486 0.8756213188 0.0185529310 -0.4826418161
-422.2 -449.2 2523.0 -0.4977581799 0.1804453284 -0.8483373523 -0.0186833646 0.9756603241 0.2184899002 0.8671146035 0.1246049330 -0.4822716117
-432.3 -99.0 2636.4 -0.8636428714 0.1158930287 -0.4906014204 0.1227384806 0.9922696948 0.0183344763 0.4889337420 -0.0443812348 -0.8711912036
-477.8 -488.6 2653.8 -0.8503439426 -0.1968099028 -0.4880379736 -0.2466864735 0.9682966471 0.0393370539 0.4648236036 0.1538423896 -0.8719354868
35.1 634.6 2655.0 0 0 0 0 0 0 0 0 0
-600.5 -214.8 2822.7 0 0 0 0 0 0 0 0 0
-488.6 -808.6 2477.1 0 0 0 0 0 0 0 0 0
-413.9 -803.2 2603.8 0 0 0 0 0 0 0 0 0
-400.2 502.6 2657.3 2 -0.7956914306 -0.0747743174 -0.6010689735 -0.1448650509 0.9870439172 0.0689810067 0.5881235003 0.1419614851 -0.7962145805
-385.4 306.5 2629.1 -0.7956914306 -0.0747743174 -0.6010689735 -0.1448650509 0.9870439172 0.0689810067 0.5881235003 0.1419614851 -0.7962145805
-372.0 109.6 2605.1 -0.7970474958 -0.0671616942 -0.6001704931 -0.1259728223 0.9904255271 0.0564633906 0.5906320214 0.1206091791 -0.7978767157
-273.3 324.2 2546.0 -0.8916287422 -0.3292658627 0.3107767403 -0.4501861930 0.5715359449 -0.6860605478 0.0482762493 -0.7516186833 -0.6578288078
-70.8 426.5 2535.0 -0.4106718004 -0.3292658627 0.8502544761 -0.8034580946 0.5715359449 -0.1667386591 -0.4310496449 -0.7516186833 -0.4992650151
-497.5 288.8 2712.1 -0.2769003212 0.8205620646 -0.5000041127 -0.9141954780 -0.0647151247 0.4000731707 0.2959270477 0.5678819418 0.7680737972
-572.3 42.0 2792.0 -0.1154263169 0.8243070841 -0.5542513728 -0.9876499772 -0.0357277058 0.1525484771 0.1059446558 0.5650144815 0.8182508349
-287.5 -76.0 2526.2 -0.4662948251 0.3369958997 -0.8179259896 0.1604506671 0.9414801598 0.2964298427 0.8699567318 0.0069869305 -0.4930785596
-421.4 -450.2 2523.4 -0.5069916844 0.1821934134 -0.8424755335 -0.0140248090 0.9755323529 0.2194081992 0.8618368506 0.1230536923 -0.4920315742
-431.8 -98.8 2635.3 -0.8697929978 0.1158286855 -0.4796288908 0.1222244576 0.9923393130 0.0179959685 0.4780390561 -0.0429696143 -0.8772868514
-477.3 -488.5 2652.2 -0.8559537530 -0.1993712634 -0.4770684540 -0.2472486645 0.9681665897 0.0390065797 0.4541049600 0.1513423622 -0.8780000806
37.0 637.2 2648.0 0 0 0 0 0 0 0 0 0
-602.3 -214.7 2819.6 0 0 0 0 0 0 0 0 0
-488.6 -810.1 2478.0 0 0 0 0 0 0 0 0 0
-412.5 -803.1 2603.0 0 0 0 0 0 0 0 0 0
-400.2 504.8 2657.0 3 -0.7840069532 -0.0723525137 -0.6165210605 -0.1370916814 0.9888419509 0.0582877621 0.6054246426 0.1302179247 -0.7851778865
-385.8 308.2 2631.1 -0.7840069532 -0.0723525137 -0.6165210605 -0.1370916814 0.9888419509 0.0582877621 0.6054246426 0.1302179247 -0.7851778865
-372.6 111.1 2609.3 -0.7852262259 -0.0663511530 -0.6156437993 -0.1196810156 0.9917572141 0.0457609408 0.6075329185 0.1096135676 -0.7866947651
-275.3 325.0 2545.7 -0.8943496943 -0.3200964928 0.3125329912 -0.4446328282 0.5588614345 -0.6999825239 0.0493993014 -0.7649915814 -0.6421429515
-68.4 427.9 2534.2 -0.3893826306 -0.3200964928 0.8636662364 -0.8137301207 0.5588614345 -0.1597408652 -0.4315373003 -0.7649915814 -0.4780831039
-496.3 291.4 2716.6 -0.2695967853 0.8315574527 -0.4856230915 -0.9108343720 -0.0565132499 0.4088850319 0.3125672340 0.5525563359 0.7726469040
-569.0 45.6 2801.0 -0.1117017940 0.8352001905 -0.5384824872 -0.9864220619 -0.0275412519 0.1619043499 0.1203920543 0.5492559671 0.8269363046
-285.6 -75.7 2526.9 -0.4521736801 0.3419566751 -0.8237745762 0.1633582711 0.9397148490 0.3004164696 0.8768426776 0.0012700305 -0.4807757735
-421.5 -449.3 2526.4 -0.4968996048 0.1833487451 -0.8482181430 -0.0250826608 0.9739832282 0.2252276540 0.8674454689 0.1331910938 -0.4793730378
-431.4 -97.1 2643.3 -0.8605428934 0.1133195683 -0.4966131151 0.1269102842 0.9918934107 0.0064218706 0.4933149815 -0.0574990138 -0.8679482341
-475.9 -486.5 2665.9 -0.8465536833 -0.1980121732 -0.4941033125 -0.2428143322 0.9696853161 0.0274150595 0.4736962020 0.1431836784 -0.8689708710
33.7 641.3 2647.4 0 0 0 0 0 0 0 0 0
-598.1 -210.8 2832.3 0 0 0 0 0 0 0 0 0
-489.5 -810.2 2477.1 0 0 0 0 0 0 0 0 0
-411.6 -801.6 2619.3 0 0 0 0 0 0 0 0 0
-399.7 504.8 2655.9 4 -0.7809724808 -0.0706628487 -0.6205551624 -0.1311794072 0.9899748564 0.0523612872 0.6106340289 0.1222967878 -0.7824126482
-385.7 308.0 2631.6 -0.7809724808 -0.0706628487 -0.6205551624 -0.1311794072 0.9899748564 0.0523612872 0.6106340289 0.1222967878 -0.7824126482
-372.8 110.7 2611.2 -0.7821399570 -0.0644059330 -0.6197652817 -0.1140429899 0.9926390648 0.0407666191 0.6125776172 0.1025650874 -0.7837277055
-275.6 324.1 2545.4 -0.8936629295 -0.3232583404 0.3112404644 -0.4452788830 0.5528402925 -0.7043396235 0.0556173958 -0.7680310011 -0.6379929781
-68.6 427.2 2532.5 -0.3833764493 -0.3232583404 0.8651742935 -0.8185266852 0.5528402925 -0.1561461389 -0.4278276563 -0.7680310011 -0.4765415490
-495.7 292.0 2717.8 -0.2692368031 0.8344052434 -0.4809152186 -0.9080646634 -0.0535932966 0.4153869450 0.3208272159 0.5485395789 0.7721232176
-568.4 46.9 2804.4 -0.1124676988 0.8380712271 -0.5338423252 -0.9853284359 -0.0246556122 0.1688784659 0.1283699721 0.5450034142 0.8285484314
-287.4 -75.1 2531.8 -0.4561959207 0.3353643417 -0.8242669702 0.1457784474 0.9419191480 0.3025507033 0.8778575659 0.0178620424 -0.4785885811
-420.7 -449.5 2524.7 -0.4954968095 0.1844897121 -0.8487911820 -0.0227687713 0.9740890861 0.2250156254 0.8683112860 0.1308204532 -0.4784574509
-431.8 -97.1 2647.0 -0.8577190638 0.1144298241 -0.5012223125 0.1318582296 0.9912683368 0.0006650486 0.4969219267 -0.0655198693 -0.8653182983
-476.7 -486.3 2672.7 -0.8443536758 -0.1959028840 -0.4986872375 -0.2380761206 0.9710051417 0.0216523353 0.4799861014 0.1370077580 -0.8665115237
32.0 641.9 2644.7 0 0 0 0 0 0 0 0 0
-597.6 -209.2 2837.8 0 0 0 0 0 0 0 0 0
-488.8 -809.2 2476.4 0 0 0 0 0 0 0 0 0
-413.1 -801.8 2628.2 0 0 0 0 0 0 0 0 0
-399.3 503.5 2655.3 5 -0.7752035856 -0.0668327808 -0.6281661987 -0.1273653060 0.9905025959 0.0517952144 0.6187385917 0.1201584116 -0.7763533592
-386.0 306.8 2631.5 -0.7752035856 -0.0668327808 -0.6281661987 -0.1273653060 0.9905025959 0.0517952144 0.6187385917 0.1201584116 -0.7763533592
-373.9 109.4 2611.0 -0.7761964798 -0.0609412380 -0.6275389791 -0.1119538918 0.9928228855 0.0420601107 0.6204718947 0.1029023454 -0.7774482369
-276.8 322.5 2544.2 -0.8908714652 -0.3173689842 0.3249998689 -0.4515404403 0.5405887961 -0.7098414898 0.0495903976 -0.7791281343 -0.6249001026
-69.4 427.6 2532.6 -0.3866931796 -0.3173689842 0.8658783436 -0.8239660263 0.5405887961 -0.1698343903 -0.4141839743 -0.7791281343 -0.4705432653
-495.3 291.0 2718.8 -0.2682347000 0.8397591114 -0.4720749259 -0.9072963595 -0.0554932393 0.4168139398 0.3238263428 0.5401158333 0.7767956257
-567.7 46.1 2806.2 -0.1136142239 0.8434600830 -0.5250398517 -0.9850065112 -0.0265731551 0.1704582125 0.1298227310 0.5365341902 0.8338328004
-288.3 -76.2 2534.6 -0.4508826137 0.3343579471 -0.8275926709 0.1361509711 0.9421012998 0.3064441979 0.8821381927 0.0254928097 -0.4703002572
-421.2 -450.7 2524.5 -0.4865034819 0.1866714656 -0.8535034657 -0.0181129705 0.9745427966 0.2234687656 0.8734908700 0.1241778210 -0.4707372785
-433.0 -98.3 2647.5 -0.8523321748 0.1162254214 -0.5099230409 0.1341418177 0.9909607768 0.0016501483 0.5055055022 -0.0669955239 -0.8602184653
-478.6 -487.4 2673.8 -0.8400569558 -0.1921024173 -0.5073469281 -0.2358395159 0.9715282917 0.0226387363 0.4885529578 0.1386702806 -0.8614444733
32.1 643.8 2641.3 0 0 0 0 0 0 0 0 0
-597.2 -210.0 2839.9 0 0 0 0 0 0 0 0 0
-489.9 -809.1 2478.8 0 0 0 0 0 0 0 0 0
-416.2 -803.1 2628.7 0 0 0 0 0 0 0 0 0
-399.0 504.8 2656.6 6 -0.7565409541 -0.0620568171 -0.6509951949 -0.1187494695 0.9919735193 0.0434413627 0.6430740952 0.1101704985 -0.7578378320
-386.7 307.4 2634.6 -0.7565409541 -0.0620568171 -0.6509951949 -0.1187494695 0.9919735193 0.0434413627 0.6430740952 0.1101704985 -0.7578378320
-375.7 109.8 2616.2 -0.7575221062 -0.0548861027 -0.6504980922 -0.1020859107 0.9941596985 0.0349989943 0.6447780132 0.0929192007 -0.7587010860
-280.1 321.7 2543.9 -0.8941718936 -0.3096816540 0.3233479261 -0.4443475306 0.5252914429 -0.7256887555 0.0548806153 -0.7925693393 -0.6073070765
-71.0 425.7 2531.1 -0.3981643617 -0.3096816540 0.8634595871 -0.8285858631 0.5252914429 -0.1936862469 -0.3935868144 -0.7925693393 -0.4657501578
-493.2 293.0 2725.3 -0.2608575821 0.8554865122 -0.4473211169 -0.9026149511 -0.0517876968 0.4273222387 0.3424026668 0.5152289867 0.7856841087
-563.6 49.4 2817.7 -0.1123824269 0.8591599464 -0.4992137253 -0.9830545783 -0.0229097307 0.1818758845 0.1448236257 0.5111939907 0.8471757770
-290.6 -77.7 2533.6 -0.4317236543 0.3270031512 -0.8406447768 0.1253995448 0.9446811080 0.3030718565 0.8932466507 0.0254268218 -0.4488472342
-420.6 -453.3 2523.5 -0.4659364522 0.1906190962 -0.8640414476 -0.0222062245 0.9736918211 0.2267841995 0.8845394850 0.1248541251 -0.4494455755
-434.2 -97.2 2656.9 -0.8363697529 0.1168977022 -0.5355563760 0.1427393258 0.9897363782 -0.0068805874 0.5292552710 -0.0821996704 -0.8444714546
-480.1 -485.9 2689.1 -0.8256531358 -0.1850586534 -0.5329636335 -0.2273199856 0.9737186432 0.0140579874 0.5163550973 0.1327603012 -0.8460213542
33.5 643.0 2634.3 0 0 0 0 0 0 0 0 0
-592.8 -206.1 2855.4 0 0 0 0 0 0 0 0 0
-490.1 -808.3 2478.0 0 0 0 0 0 0 0 0 0
-420.0 -802.2 2646.0 0 0 0 0 0 0 0 0 0
-402.5 509.4 2657.7 7 -0.7575879097 -0.0813599080 -0.6476427317 -0.1398066133 0.9894006848 0.0392473303 0.6375849843 0.1202780381 -0.7609326839
-386.2 311.8 2633.6 -0.7575879097 -0.0813599080 -0.6476427317 -0.1398066133 0.9894006848 0.0392473303 0.6375849843 0.1202780381 -0.7609326839
-371.9 114.6 2612.8 -0.7588996887 -0.0719207302 -0.6472237706 -0.1228509545 0.9918482900 0.0338323452 0.6395145655 0.1051874161 -0.7615488768
-279.5 329.0 2543.7 -0.9063700438 -0.3029621243 0.2944610417 -0.4160583019 0.5189652443 -0.7467064857 0.0734087303 -0.7993053198 -0.5964244604
-72.1 424.2 2526.9 -0.4017265737 -0.3029621243 0.8641930819 -0.8301087618 0.5189652443 -0.2039473802 -0.3866978586 -0.7993053198 -0.4599736333
-493.0 294.5 2723.6 -0.2475390285 0.8536614776 -0.4582428634 -0.9110531807 -0.0441375859 0.4099194407 0.3297066987 0.5189546943 0.7886567712
-559.8 48.6 2812.6 -0.0967667326 0.8568729758 -0.5063644648 -0.9865334630 -0.0151712727 0.1628545672 0.1318634897 0.5153043866 0.8468018770
-295.3 -78.5 2538.6 -0.4395444393 0.3186818063 -0.8397872448 0.1027182490 0.9466453195 0.3054695129 0.8923282027 0.0480059572 -0.4488271177
-422.0 -454.8 2519.5 -0.4659305513 0.1896151155 -0.8642655015 -0.0154317562 0.9748784304 0.2222023457 0.8846867085 0.1168679893 -0.4512995481
-427.2 -93.8 2650.5 -0.8412372470 0.1008673832 -0.5311738849 0.1221719533 0.9924962521 -0.0050173700 0.5266819596 -0.0691153482 -0.8472480178
-466.8 -483.4 2677.6 -0.8243036270 -0.2019090205 -0.5289199352 -0.2475492358 0.9687433243 0.0159905143 0.5091590285 0.1441147625 -0.8485210538
33.3 642.0 2628.3 0 0 0 0 0 0 0 0 0
-584.9 -207.8 2846.9 0 0 0 0 0 0 0 0 0
-490.4 -806.7 2477.3 0 0 0 0 0 0 0 0 0
-401.2 -798.1 2630.8 0 0 0 0 0 0 0 0 0
-401.4 508.2 2656.7 8 -0.7624393106 -0.0736563727 -0.6428537965 -0.1243385151 0.9916624427 0.0338464491 0.6350009441 0.1057373509 -0.7652407289
-386.7 310.1 2635.6 -0.7624393106 -0.0736563727 -0.6428537965 -0.1243385151 0.9916624427 0.0338464491 0.6350009441 0.1057373509 -0.7652407289
-373.8 112.6 2617.7 -0.7635918260 -0.0651642010 -0.6424026489 -0.1078551635 0.9937891364 0.0273937881 0.6366276741 0.0902041122 -0.7658775449
-279.3 325.3 2546.0 -0.8939885497 -0.3355186284 0.2970045209 -0.4403300285 0.5349855423 -0.7210408449 0.0830295160 -0.7753822803 -0.6260098815
-70.9 427.9 2526.7 -0.3975902796 -0.3355186284 0.8540194631 -0.8266120553 0.5349855423 -0.1746509373 -0.3982894123 -0.7753822803 -0.4900487959
-494.2 294.9 2725.2 -0.2564083636 0.8501657844 -0.4598617554 -0.9042391181 -0.0429033637 0.4248657525 0.3414767087 0.5247641206 0.7797539830
-563.4 50.9 2817.3 -0.1050158516 0.8536180854 -0.5102037191 -0.9837437272 -0.0140189528 0.1790301651 0.1456708610 0.5207107067 0.8412136436
-288.0 -71.2 2533.2 -0.4388869107 0.3375087976 -0.8327460885 0.1338233650 0.9409906864 0.3108502328 0.8885210156 0.0249872059 -0.4581550658
-422.1 -445.2 2523.3 -0.4740628600 0.1825268865 -0.8613642454 -0.0220298059 0.9755120873 0.2188397050 0.8802153468 0.1227194667 -0.4584330320
-430.9 -94.8 2658.1 -0.8434207439 0.1087869257 -0.5261243582 0.1361637414 0.9905949831 -0.0134560233 0.5197123289 -0.0829881504 -0.8503011465
-473.6 -483.7 2690.7 -0.8291689157 -0.1954790652 -0.5237048864 -0.2339448333 0.9722208977 0.0075060651 0.5076895356 0.1287418455 -0.8518666625
33.4 644.8 2631.2 0 0 0 0 0 0 0 0 0
-590.6 -204.8 2855.2 0 0 0 0 0 0 0 0 0
-489.8 -807.0 2477.8 0 0 0 0 0 0 0 0 0
-410.1 -799.6 2648.9 0 0 0 0 0 0 0 0 0
-399.4 508.6 2656.8 9 -0.7751230597 -0.0734213814 -0.6275297403 -0.1329477727 0.9899408817 0.0483930111 0.6176642776 0.1209392175 -0.7770872116
-384.7 311.2 2632.6 -0.7751230597 -0.0734213814 -0.6275297403 -0.1329477727 0.9899408817 0.0483930111 0.6176642776 0.1209392175 -0.7770872116
-372.1 113.9 2612.2 -0.7764449716 -0.0632149950 -0.6270064116 -0.1137663499 0.9926694036 0.0407997668 0.6198309660 0.1030110046 -0.7779449224
-275.5 327.2 2545.4 -0.8863989115 -0.3642252088 0.2857217789 -0.4519734085 0.5474771261 -0.7042647004 0.1000848264 -0.7533981204 -0.6499032974
-71.9 431.0 2522.5 -0.4069241881 -0.3642252088 0.8377068043 -0.8212113976 0.5474771261 -0.1608746499 -0.4000307322 -0.7533981204 -0.5218876004
-494.0 295.3 2719.8 -0.2664148211 0.8394573331 -0.4736396670 -0.9079760909 -0.0536877885 0.4155684114 0.3234232664 0.5407670736 0.7765103579
-565.9 50.2 2807.1 -0.1114412323 0.8430967927 -0.5260879993 -0.9852941036 -0.0247404389 0.1690663993 0.1295236945 0.5371924043 0.8334554434
-290.8 -75.0 2541.4 -0.4597571492 0.3293658793 -0.8247069120 0.1121488065 0.9427763820 0.3139990270 0.8809347153 0.0518733934 -0.4703861475
-421.6 -449.6 2520.8 -0.4873529375 0.1811037660 -0.8542180657 -0.0145780453 0.9764321446 0.2153316438 0.8730834126 0.1173953414 -0.4732269347
-430.8 -93.8 2648.5 -0.8530445099 0.1139891967 -0.5092362165 0.1320656091 0.9912407398 0.0006537252 0.5048502088 -0.0666949302 -0.8606265187
-475.5 -483.0 2674.7 -0.8398999572 -0.1944533437 -0.5067108870 -0.2378639579 0.9710577726 0.0216227844 0.4878409207 0.1386892349 -0.8618448377
34.8 646.5 2627.4 0 0 0 0 0 0 0 0 0
-594.8 -205.8 2840.8 0 0 0 0 0 0 0 0 0
-488.3 -809.0 2477.6 0 0 0 0 0 0 0 0 0
-412.3 -798.4 2629.7 0 0 0 0 0 0 0 0 0
-398.7 508.8 2656.3 0 -0.7788642645 -0.0661721826 -0.6236919761 -0.1257400364 0.9907040596 0.0519124493 0.6144589782 0.1188558042 -0.7799445391
-385.6 311.5 2632.6 -0.7788642645 -0.0661721826 -0.6236919761 -0.1257400364 0.9907040596 0.0519124493 0.6144589782 0.1188558042 -0.7799445391
-374.5 114.0 2612.6 -0.7800741792 -0.0556387417 -0.6232082844 -0.1060328707 0.9933871031 0.0440345481 0.6166371107 0.1004307792 -0.7808151841
-275.8 326.4 2545.8 -0.8792489171 -0.3806170821 0.2864471078 -0.4640717208 0.5486860275 -0.6953999400 0.1075115874 -0.7443616986 -0.6590651870
-70.5 434.8 2520.7 -0.4326720834 -0.3806170821 0.8172671199 -0.8170695901 0.5486860275 -0.1770338565 -0.3810409009 -0.7443616986 -0.5483917594
-495.3 296.6 2719.4 -0.2752496302 0.8365820050 -0.4736752212 -0.9050009251 -0.0592392236 0.4212648273 0.3243623972 0.5446295142 0.7734130621
-569.6 52.4 2806.9 -0.1200622991 0.8404713273 -0.5283871889 -0.9840425253 -0.0303474888 0.1753263921 0.1313215792 0.5410055518 0.8307030797
-288.3 -72.9 2534.8 -0.4572565854 0.3328118324 -0.8247137070 0.1333133727 0.9425104260 0.3064338267 0.8792860508 0.0301735178 -0.4753373563
-420.6 -447.5 2522.9 -0.4918018878 0.1822816133 -0.8514131308 -0.0194035955 0.9753037691 0.2200138420 0.8704909086 0.1247236952 -0.4761193097
-435.0 -93.1 2649.2 -0.8541640639 0.1223806590 -0.5053976178 0.1402143389 0.9901172519 0.0027803080 0.5007431507 -0.0684891492 -0.8628820777
-483.0 -481.9 2676.1 -0.8439665437 -0.1871378720 -0.5026926398 -0.2298781425 0.9729296565 0.0237470474 0.4846406281 0.1355997622 -0.8641389608
43.0 649.0 2620.6 0 0 0 0 0 0 0 0 0
-600.8 -203.4 2841.0 0 0 0 0 0 0 0 0 0
-488.1 -808.8 2476.6 0 0 0 0 0 0 0 0 0
-422.2 -798.0 2632.1 0 0 0 0 0 0 0 0 0
-399.6 504.9 2657.0 1 -0.7733687758 -0.0715754777 -0.6299028993 -0.1323295236 0.9899448156 0.0499819033 0.6199916005 0.1220091879 -0.7750639915
-385.4 307.8 2632.7 -0.7733687758 -0.0715754777 -0.6299028993 -0.1323295236 0.9899448156 0.0499819033 0.6199916005 0.1220091879 -0.7750639915
-373.2 110.4 2612.7 -0.7747911811 -0.0613820329 -0.6292303801 -0.1111154556 0.9930041432 0.0399514548 0.6223760247 0.1008712575 -0.7761913538
-276.3 323.5 2545.2 -0.8698809743 -0.3762189746 0.3190083504 -0.4829970002 0.5184156299 -0.7056621909 0.1001045704 -0.7679222226 -0.6326725483
-69.8 438.1 2521.4 -0.4469659925 -0.3762189746 0.8115914464 -0.8275457621 0.5184156299 -0.2154372334 -0.3396901488 -0.7679222226 -0.5430525541
-494.4 292.2 2720.3 -0.2669594288 0.8409432769 -0.4706878960 -0.9067645669 -0.0537862331 0.4181925952 0.3263597190 0.5384435654 0.7768962979
-566.4 47.5 2808.4 -0.1126940921 0.8446168900 -0.5233758688 -0.9847998619 -0.0248771738 0.1719021648 0.1321713626 0.5347928405 0.8345821500
-291.8 -73.7 2536.1 -0.4542460740 0.3230303824 -0.8302480578 0.1226796955 0.9457483888 0.3008482754 0.8823889494 0.0348045640 -0.4692317545
-420.2 -449.6 2522.3 -0.4858707190 0.1848707050 -0.8542554975 -0.0176863670 0.9750950336 0.2210811526 0.8738517165 0.1225255355 -0.4705004394
-432.0 -97.1 2649.7 -0.8513380885 0.1154360920 -0.5117596388 0.1346678883 0.9908906817 -0.0005146131 0.5070384145 -0.0693556964 -0.8591285348
-477.4 -486.2 2676.9 -0.8388557434 -0.1924513280 -0.5091989040 -0.2353589684 0.9716926813 0.0204805415 0.4908433259 0.1370247453 -0.8604051471
47.3 655.0 2610.4 0 0 0 0 0 0 0 0 0
-595.7 -208.5 2842.8 0 0 0 0 0 0 0 0 0
-488.4 -809.2 2477.1 0 0 0 0 0 0 0 0 0
-414.8 -802.0 2632.4 0 0 0 0 0 0 0 0 0
-400.2 501.9 2656.4 2 -0.7765709758 -0.0666617528 -0.6264932156 -0.1262768656 0.9906772971 0.0511141345 0.6172452569 0.1188053489 -0.7777490616
-386.9 305.0 2632.8 -0.7765709758 -0.0666617528 -0.6264932156 -0.1262768656 0.9906772971 0.0511141345 0.6172452569 0.1188053489 -0.7777490616
-375.2 107.6 2612.6 -0.7776312828 -0.0591842718 -0.6259287596 -0.1095629856 0.9930829406 0.0422168002 0.6191006303 0.1014077291 -0.7787367105
-277.5 320.5 2545.7 -0.8634351492 -0.3929180503 0.3163781762 -0.4918953776 0.5166678429 -0.7007805109 0.1118868887 -0.7607035041 -0.6393837333
-70.2 438.6 2518.8 -0.4484383762 -0.3929180503 0.8028190732 -0.8298617601 0.5166678429 -0.2106748074 -0.3320128322 -0.7607035041 -0.5577613115
-496.4 289.6 2719.9 -0.2706981003 0.8385779262 -0.4727680683 -0.9063039422 -0.0564282015 0.4188424349 0.3245545328 0.5418514013 0.7752814889
-569.4 45.0 2807.5 -0.1158437654 0.8423430324 -0.5263444185 -0.9845986366 -0.0275263581 0.1726492792 0.1309415698 0.5382383466 0.8325585723
-289.9 -76.8 2535.5 -0.4555999637 0.3333776295 -0.8254017234 0.1287503690 0.9421537519 0.3094666898 0.8808246255 0.0347222202 -0.4721677005
-422.4 -451.3 2521.7 -0.4877518117 0.1792032123 -0.8543912172 -0.0169712193 0.9765725136 0.2145184278 0.8728173971 0.1191318110 -0.4732837081
-434.7 -99.9 2649.3 -0.8530541658 0.1183435842 -0.5082257390 0.1365353763 0.9906340837 0.0015015171 0.5036433935 -0.0681099221 -0.8612225652
-481.2 -488.9 2676.0 -0.8414835334 -0.1904470474 -0.5056039691 -0.2335211486 0.9720915556 0.0224924069 0.4872097075 0.1369962096 -0.8624724746
47.4 656.2 2605.9 0 0 0 0 0 0 0 0 0
-599.6 -211.0 2841.6 0 0 0 0 0 0 0 0 0
-488.1 -809.2 2478.1 0 0 0 0 0 0 0 0 0
-419.3 -804.7 2631.5 0 0 0 0 0 0 0 0 0
-398.6 502.9 2656.6 3 -0.7647141814 -0.0596347786 -0.6416041851 -0.1196500808 0.9915335178 0.0504489020 0.6331635714 0.1153469831 -0.7653750181
-386.8 305.7 2633.6 -0.7647141814 -0.0596347786 -0.6416041851 -0.1196500808 0.9915335178 0.0504489020 0.6331635714 0.1153469831 -0.7653750181
-375.9 108.1 2614.0 -0.7655429840 -0.0547184162 -0.6410536766 -0.1052615866 0.9936034679 0.0408918336 0.6347156167 0.0987827852 -0.7664059401
-279.1 320.5 2544.3 -0.8607099652 -0.4091096222 0.3029978275 -0.4934826195 0.5241889954 -0.6940466762 0.1251130551 -0.7468970418 -0.6530631781
-73.5 438.3 2514.5 -0.4732446074 -0.4091096222 0.7801723480 -0.8217295408 0.5241889954 -0.2235766053 -0.3174903989 -0.7468970418 -0.5842470527
-494.5 290.8 2723.0 -0.2664207220 0.8489683867 -0.4563690424 -0.9044146538 -0.0564885587 0.4228985608 0.3332478702 0.5254157782 0.7828691602
-566.4 46.7 2812.9 -0.1156257465 0.8527317047 -0.5093910694 -0.9838065505 -0.0276090447 0.1770942956 0.1369501203 0.5216189623 0.8421154022
-292.0 -79.8 2535.7 -0.4419679046 0.3338035345 -0.8326100707 0.1215704009 0.9419101477 0.3130909801 0.8887547255 0.0371554196 -0.4568746686
-424.8 -454.2 2520.9 -0.4735085070 0.1733111888 -0.8635698557 -0.0260604918 0.9772641063 0.2104180306 0.8804036379 0.1221397817 -0.4582262635
-435.2 -99.1 2652.6 -0.8426222205 0.1193784326 -0.5251062512 0.1405659914 0.9900711775 -0.0004777762 0.5198355317 -0.0742146671 -0.8510365486
-482.1 -487.9 2681.8 -0.8322852254 -0.1853027940 -0.5224597454 -0.2295168042 0.9730889201 0.0204940960 0.5046021938 0.1369702220 -0.8524175882
50.6 653.8 2597.7 0 0 0 0 0 0 0 0 0
-596.5 -209.0 2848.5 0 0 0 0 0 0 0 0 0
-488.0 -810.7 2476.3 0 0 0 0 0 0 0 0 0
-421.9 -804.0 2637.2 0 0 0 0 0 0 0 0 0
-398.8 501.0 2663.2 4 -0.7303019166 -0.0633243546 -0.6801831722 -0.1377612650 0.9888897538 0.0558474660 0.6690896749 0.1344884038 -0.7309116721
-386.2 304.2 2636.4 -0.7303019166 -0.0633243546 -0.6801831722 -0.1377612650 0.9888897538 0.0558474660 0.6690896749 0.1344884038 -0.7309116721
-375.0 107.0 2613.8 -0.7314531803 -0.0566949360 -0.6795306802 -0.1187604889 0.9918991327 0.0450782850 0.6714701653 0.1136740446 -0.7322608829
