-351.0 477.3 2637.7 7 0.8954243064 -0.0598333143 -0.4411748648 0.1369451880 0.9799009562 0.1450520605 0.4236287177 -0.1902999133 0.8856210709
-338.9 279.7 2676.0 0.8954243064 -0.0598333143 -0.4411748648 0.1369451880 0.9799009562 0.1450520605 0.4236287177 -0.1902999133 0.8856210709
-327.0 84.6 2711.2 0.8957797885 -0.0599329174 -0.4404390752 0.1311207414 0.9824048281 0.1329966784 0.4247185886 -0.1768864393 0.8878768682
-469.6 260.6 2614.1 0.7023405433 -0.7111252546 -0.0319164358 0.7112141848 0.7028976083 -0.0104562230 0.0298696738 -0.0153555926 0.9994358420
-606.0 122.4 2608.3 -0.6428006291 -0.7132128477 -0.2795260847 -0.6459408998 0.7008072734 -0.3027035892 0.4117859900 -0.0140207289 -0.9111726880
-208.2 298.9 2738.0 0.2658467591 0.9578825831 0.1085657477 -0.9429542422 0.2349725515 0.2358498722 0.2004065067 -0.1650724560 0.9657061100
-136.9 46.0 2791.7 0.1609278768 0.9682932496 0.1910770684 -0.9791358113 0.1809693277 -0.0924293026 -0.1240777597 -0.1722159535 0.9772135615
-400.0 -122.3 2707.3 0.9055711031 0.0707388893 -0.4182547331 -0.0541625582 0.9972089529 0.0513883159 0.4207225144 -0.0238820277 0.9068749547
-428.1 -518.5 2716.8 0.9004914165 -0.0971397236 -0.4238856435 0.0707022697 0.9944667220 -0.0776988640 0.4290878177 0.0399974845 0.9023767710
-234.8 -100.1 2782.6 0.4414971769 0.1833930165 -0.8783206940 -0.1969508976 0.9748235941 0.1045433357 0.8753802180 0.1268304586 0.4665012956
-307.7 -487.4 2732.2 0.4603889287 0.0089372788 -0.8876723051 0.0700947493 0.9964612126 0.0463870466 0.8849456310 -0.0835772529 0.4581332505
-432.5 296.7 2497.2 0 0 0 0 0 0 0 0 0
-94.5 -212.5 2758.9 0 0 0 0 0 0 0 0 0
-393.2 -876.4 2702.4 0 0 0 0 0 0 0 0 0
-310.5 -809.9 2759.2 0 0 0 0 0 0 0 0 0
-348.8 478.4 2637.7 8 0.8659673929 -0.0739542544 -0.4946020842 0.1592893451 0.9782844782 0.1326138526 0.4740541577 -0.1936241239 0.8589425683
-333.8 279.6 2677.1 0.8659673929 -0.0739542544 -0.4946020842 0.1592893451 0.9782844782 0.1326138526 0.4740541577 -0.1936241239 0.8589425683
-319.8 84.8 2713.4 0.8665823340 -0.0705451593 -0.4940227270 0.1509531438 0.9806365967 0.1247597560 0.4756555557 -0.1826888919 0.8604513407
-460.0 257.6 2607.8 0.7270401120 -0.6863485575 0.0183927771 0.6818370819 0.7248910666 0.0981380418 -0.0806896612 -0.0588094145 0.9950028062
-607.4 119.4 2624.1 -0.6326390505 -0.7124189734 -0.3036890626 -0.6165694594 0.7006157637 -0.3591372967 0.4686255753 -0.0399588682 -0.8824927211
-207.5 301.6 2746.4 0.2584182024 0.9644181132 0.0558366664 -0.9475591183 0.2418028414 0.2089572698 0.1880207062 -0.1069069058 0.9763293862
-137.6 45.0 2797.3 0.1630549282 0.9770584106 0.1370034218 -0.9775865674 0.1787420660 -0.1112463623 -0.1331824660 -0.1157934368 0.9843039513
-397.2 -122.6 2707.5 0.8803298473 0.0626709685 -0.4702039361 -0.0379314683 0.9973602891 0.0619163886 0.4728431106 -0.0366713181 0.8803831935
-422.1 -518.9 2722.1 0.8791801333 -0.0449771136 -0.4743620157 0.0127355615 0.9973974824 -0.0709652305 0.4763192832 0.0563499518 0.8774648905
-233.1 -98.6 2785.2 0.3938581049 0.1854405105 -0.9002708793 -0.1869958788 0.9751203656 0.1190496907 0.8999490738 0.1214582548 0.4187356532
-306.8 -486.0 2737.0 0.4060977101 0.0100774132 -0.9137740731 0.0343631692 0.9990635514 0.0262896288 0.9131833315 -0.0420763344 0.4053711295
-433.5 288.8 2495.3 0 0 0 0 0 0 0 0 0
-94.6 -212.8 2762.1 0 0 0 0 0 0 0 0 0
-408.3 -825.6 2704.7 0 0 0 0 0 0 0 0 0
-309.9 -792.7 2749.9 0 0 0 0 0 0 0 0 0
-348.6 478.8 2637.7 9 0.8834601641 -0.0708008632 -0.4631256461 0.1516952962 0.9784929156 0.1397862732 0.4432681501 -0.1937495768 0.8751996756
-334.2 280.1 2677.1 0.8834601641 -0.0708008632 -0.4631256461 0.1516952962 0.9784929156 0.1397862732 0.4432681501 -0.1937495768 0.8751996756
-320.7 85.2 2713.5 0.8840003610 -0.0677572712 -0.4625498354 0.1440571547 0.9807738662 0.1316442341 0.4447369277 -0.1830071658 0.8767653108
-463.1 259.1 2612.2 0.6942611933 -0.7176231146 0.0549406894 0.7111017108 0.6957232952 0.1015059724 -0.1110665426 -0.0314032361 0.9933167100
-607.8 110.8 2635.4 -0.6311237216 -0.7007759809 -0.3325596750 -0.5892665982 0.7119549513 -0.3819488883 0.5044280887 -0.0450906865 -0.8622755408
-205.3 301.1 2741.9 0.2510466576 0.9641659856 0.0857877582 -0.9458786845 0.2255222648 0.2333522439 0.2056432515 -0.1397271156 0.9686006308
-137.2 44.7 2797.7 0.1614984423 0.9728503823 0.1657719165 -0.9785411954 0.1796409488 -0.1009271517 -0.1279664487 -0.1459150761 0.9809859395
-385.1 -123.9 2706.3 0.8924733996 0.1158662662 -0.4359658957 -0.0813472047 0.9919445515 0.0971009359 0.4437047243 -0.0511953942 0.8947095275
-431.1 -517.4 2726.6 0.8910142183 -0.0600968637 -0.4499800205 0.0210577454 0.9956034422 -0.0912704840 0.4534867406 0.0718477368 0.8883623481
-226.6 -96.2 2793.3 0.4189652503 0.2009869814 -0.8854786158 -0.2090930045 0.9703413844 0.1213166341 0.8835995793 0.1343199313 0.4485642910
-306.5 -481.8 2740.0 0.4305986762 0.0110975839 -0.9024752975 -0.0020548445 0.9999338388 0.0113155860 0.9025411606 -0.0030180300 0.4305929840
-434.3 272.8 2496.7 0 0 0 0 0 0 0 0 0
-94.7 -213.0 2764.0 0 0 0 0 0 0 0 0 0
-415.5 -775.8 2708.0 0 0 0 0 0 0 0 0 0
-309.7 -772.7 2740.8 0 0 0 0 0 0 0 0 0
-345.3 477.5 2627.8 0 0.8847644329 -0.0610501841 -0.4620224833 0.1520123333 0.9749667048 0.1622717828 0.4405498207 -0.2138054222 0.8718962669
-332.9 279.2 2671.2 0.8847644329 -0.0610501841 -0.4620224833 0.1520123333 0.9749667048 0.1622717828 0.4405498207 -0.2138054222 0.8718962669
-321.4 84.9 2711.1 0.8853054643 -0.0578424223 -0.4613984227 0.1431255788 0.9779594541 0.1520211250 0.4424356818 -0.2006230503 0.8740715384
-462.1 258.3 2606.7 0.6928249598 -0.7125231624 0.1109250858 0.6923410892 0.7002843618 0.1739701629 -0.2016368806 -0.0437328778 0.9784834981
-608.0 112.5 2649.1 -0.6321278214 -0.6827628016 -0.3664005697 -0.5394023061 0.7272106409 -0.4245112240 0.5562908649 -0.0707080290 -0.8279739618
-203.7 300.1 2735.8 0.2456533015 0.9652555585 0.0890849978 -0.9446697235 0.2177749574 0.2453022152 0.2173788399 -0.1444151998 0.9653448462
-137.1 44.2 2794.7 0.1616686583 0.9724761844 0.1677895635 -0.9794819355 0.1788573116 -0.0928719416 -0.1203261465 -0.1493323594 0.9814384580
-388.2 -122.8 2709.2 0.8931567669 0.0913258195 -0.4403754771 -0.0672828183 0.9952794313 0.0699416921 0.4446841478 -0.0328391939 0.8950852752
-424.5 -517.9 2722.2 0.8934273720 -0.0269209184 -0.4484002292 0.0015752943 0.9983842373 -0.0568019561 0.4492048621 0.0500420593 0.8920262456
-226.4 -96.4 2790.6 0.4149799347 0.2038033009 -0.8867107034 -0.2051670998 0.9704480767 0.1270316094 0.8863961101 0.1292082816 0.4445302188
-307.4 -482.1 2739.3 0.4262877405 0.0113915028 -0.9045158625 -0.0010091552 0.9999260902 0.0121174986 0.9045870304 -0.0042527444 0.4262677133
-434.7 260.3 2496.7 0 0 0 0 0 0 0 0 0
-94.7 -212.9 2763.1 0 0 0 0 0 0 0 0 0
-417.9 -763.3 2709.9 0 0 0 0 0 0 0 0 0
-310.6 -768.2 2740.5 0 0 0 0 0 0 0 0 0
-343.5 480.4 2623.3 1 0.8865548372 -0.0569051988 -0.4591104090 0.1565646380 0.9707524180 0.1820090860 0.4353252649 -0.2332414836 0.8695345521
-331.9 282.7 2670.8 0.8865548372 -0.0569051988 -0.4591104090 0.1565646380 0.9707524180 0.1820090860 0.4353252649 -0.2332414836 0.8695345521
-320.9 89.0 2713.6 0.8871095777 -0.0553052463 -0.4582335353 0.1469453126 0.9749787450 0.1668039411 0.4375428259 -0.2153086364 0.8730397820
-461.5 261.2 2606.9 0.6533166766 -0.7458239198 0.1300923973 0.7183003426 0.6649215817 0.2047531605 -0.2392110527 -0.0403232351 0.9701299667
-603.2 105.4 2658.8 -0.6065286398 -0.6879391670 -0.3985759020 -0.4900600314 0.7182407379 -0.4939346611 0.6260704398 -0.1042593867 -0.7727650404
-202.4 304.1 2734.7 0.2384599894 0.9662363529 0.0975917801 -0.9476462603 0.2095346451 0.2409601510 0.2123755962 -0.1499418467 0.9656158686
-136.8 43.6 2793.0 0.1603791118 0.9728073478 0.1671059579 -0.9825850725 0.1734426469 -0.0666652545 -0.0938357487 -0.1535041034 0.9836825132
-391.0 -122.5 2710.5 0.8923220634 0.0948607326 -0.4413193762 -0.0841166675 0.9954884648 0.0438992791 0.4434926510 -0.0020499809 0.8962756395
-428.7 -517.7 2711.3 0.8953288198 -0.0613222010 -0.4411642253 0.0905685723 0.9948493242 0.0455211475 0.4361004829 -0.0807120055 0.8962711096
-228.8 -96.2 2791.6 0.4145938456 0.1997966319 -0.8878024817 -0.2046104819 0.9710862041 0.1229885146 0.8867053986 0.1306634098 0.4434868395
-308.2 -482.2 2739.6 0.4249729514 0.0128556686 -0.9051147699 -0.0128282243 0.9998842478 0.0081785573 0.9051151276 0.0081353495 0.4250886738
-438.6 238.4 2488.9 0 0 0 0 0 0 0 0 0
-94.9 -213.5 2768.5 0 0 0 0 0 0 0 0 0
-409.5 -828.2 2736.5 0 0 0 0 0 0 0 0 0
-311.7 -757.9 2737.4 0 0 0 0 0 0 0 0 0
-342.3 482.1 2621.0 2 0.9067501426 -0.0486696064 -0.4188500941 0.1448341310 0.9688315988 0.2009686083 0.3960141540 -0.2428921163 0.8855372667
-332.4 284.8 2670.5 0.9067501426 -0.0486696064 -0.4188500941 0.1448341310 0.9688315988 0.2009686083 0.3960141540 -0.2428921163 0.8855372667
-322.1 91.4 2714.6 0.9070641994 -0.0515565760 -0.4178234935 0.1387480646 0.9736333489 0.1810721606 0.3974713981 -0.2222162783 0.8903012872
-464.8 264.6 2612.5 0.6129994392 -0.7808961272 -0.1201371476 0.7444193363 0.5199090838 0.4189683199 -0.2647103369 -0.3462597728 0.9000180960
-598.0 102.9 2670.0 -0.5891631842 -0.7808961272 -0.2075764388 -0.4288093150 0.5199090838 -0.7387943864 0.6848425269 -0.3462597728 -0.6411668062
-200.1 305.1 2728.5 0.2194685638 0.9656960964 0.1387969404 -0.9481509924 0.1775992066 0.2635682821 0.2298766375 -0.1894454062 0.9546031356
-139.3 42.5 2792.1 0.1510704160 0.9676533341 0.2020512819 -0.9846650958 0.1653443277 -0.0556404851 -0.0872487351 -0.1905472130 0.9777931571
-391.3 -118.2 2716.2 0.9104977846 0.0977428108 -0.4017961621 -0.0821565166 0.9950511456 0.0558884665 0.4052704275 -0.0178761519 0.9140220284
-430.1 -513.4 2723.3 0.9088530540 -0.0768972263 -0.4099669755 0.0612197965 0.9968075752 -0.0512527451 0.4125993550 0.0214831177 0.9106592536
-228.6 -91.3 2796.5 0.4439758658 0.2021373510 -0.8729409575 -0.2287712842 0.9675061703 0.1076821983 0.8663423657 0.1518955231 0.4757926166
-308.9 -475.7 2736.1 0.4564617276 0.0059529678 -0.8897231221 -0.0090686455 0.9999567866 0.0020379610 0.8896968365 0.0071383324 0.4564960003
-439.7 218.1 2486.0 0 0 0 0 0 0 0 0 0
-100.4 -211.2 2769.7 0 0 0 0 0 0 0 0 0
-403.5 -857.9 2715.9 0 0 0 0 0 0 0 0 0
-310.6 -755.7 2734.1 0 0 0 0 0 0 0 0 0
-340.3 481.9 2622.4 3 0.9412412047 -0.0313333720 -0.3362784982 0.1072935164 0.9718481302 0.2097600698 0.3202391267 -0.2335153222 0.9181053638
-333.9 283.1 2670.1 0.9412412047 -0.0313333720 -0.3362784982 0.1072935164 0.9718481302 0.2097600698 0.3202391267 -0.2335153222 0.9181053638
-326.2 89.0 2711.6 0.9412974715 -0.0389694236 -0.3353214264 0.1057335436 0.9773684144 0.1832248718 0.3205924332 -0.2079238296 0.9241148233
-470.7 267.7 2623.5 0.5598890185 -0.8053957820 -0.1945813745 0.7847340107 0.4400683045 0.4365002215 -0.2659263313 -0.3970862925 0.8784108758
-589.4 101.3 2679.9 -0.5629441738 -0.8053957820 -0.1855573207 -0.3581784070 0.4400683045 -0.8234367967 0.7448503971 -0.3970862925 -0.5362092257
-197.0 298.6 2716.7 0.1993995011 0.9563457370 0.2136413902 -0.9420835972 0.1270924360 0.3103643954 0.2696634829 -0.2631545663 0.9262998104
-143.4 45.5 2789.2 0.1159814969 0.9563651681 0.2681677639 -0.9916269779 0.1269264966 -0.0237825029 -0.0567823537 -0.2631640732 0.9630786180
-395.0 -114.7 2722.4 0.9424203038 0.0801381245 -0.3246873617 -0.0759835169 0.9967835546 0.0254766922 0.3256846666 0.0006611338 0.9454782009
-426.8 -510.6 2722.2 0.9431427717 -0.0450363122 -0.3293226957 0.0332663096 0.9985932112 -0.0412910357 0.3307189941 0.0279879905 0.9433141351
-228.8 -89.3 2795.2 0.5112366080 0.2082161456 -0.8338363767 -0.2385118157 0.9664718509 0.0951014608 0.8256810904 0.1502604783 0.5437577963
-311.5 -473.4 2735.5 0.5222355723 -0.0211134106 -0.8525398374 0.0090041542 0.9997742772 -0.0192440916 0.8527536988 0.0023735494 0.5223078132
-440.3 196.3 2482.5 0 0 0 0 0 0 0 0 0
-113.4 -210.8 2774.5 0 0 0 0 0 0 0 0 0
-410.4 -873.8 2712.0 0 0 0 0 0 0 0 0 0
-305.7 -747.2 2734.9 0 0 0 0 0 0 0 0 0
-336.6 484.7 2623.6 4 0.9625194073 -0.0248570815 -0.2700713873 0.0851268023 0.9731571674 0.2138188481 0.2575069964 -0.2287950963 0.9387986660
-331.5 285.2 2670.5 0.9625194073 -0.0248570815 -0.2700713873 0.0851268023 0.9731571674 0.2138188481 0.2575069964 -0.2287950963 0.9387986660
-325.8 90.6 2710.6 0.9626057744 -0.0294610299 -0.2692994773 0.0820227042 0.9791057706 0.1860755980 0.2581906915 -0.2012061179 0.9449093342
-471.5 273.2 2633.0 0.5304409266 -0.8183296919 -0.2212892771 0.8106528521 0.4133101702 0.4147488475 -0.2479401976 -0.3993885517 0.8826179504
-585.3 99.2 2686.2 -0.5304202437 -0.8183296919 -0.2213388383 -0.2754786313 0.4133101702 -0.8679206371 0.8017268181 -0.3993885517 -0.4446604550
-191.5 297.1 2708.0 0.1547544897 0.9488433599 0.2752223015 -0.9408285022 0.0565277226 0.3341352940 0.3014843464 -0.3106459081 0.9014467597
-150.1 44.9 2788.8 0.1122287214 0.9437523484 0.3110244870 -0.9930856824 0.1173714176 0.0021965522 -0.0344323851 -0.3091204762 0.9503993392
-404.5 -114.8 2723.8 0.9636921883 0.0509655178 -0.2621066570 -0.0490324236 0.9987002611 0.0139146093 0.2624751627 -0.0005576748 0.9649385810
-424.8 -511.4 2724.0 0.9640034437 -0.0176000763 -0.2653067112 0.0003871302 0.9978986979 -0.0647925511 0.2658895552 0.0623575300 0.9619845748
-232.7 -95.5 2782.2 0.5686583519 0.1947827637 -0.7991791964 -0.2106486261 0.9736453891 0.0874174908 0.7951445580 0.1186353192 0.5947023034
-310.0 -482.2 2735.1 0.5799134970 -0.0115672089 -0.8145959377 0.0060264836 0.9999327660 -0.0099087069 0.8146557212 0.0008370441 0.5799442530
-446.5 171.3 2476.3 0 0 0 0 0 0 0 0 0
-121.0 -212.4 2779.9 0 0 0 0 0 0 0 0 0
-418.2 -883.3 2700.7 0 0 0 0 0 0 0 0 0
-306.9 -752.3 2734.9 0 0 0 0 0 0 0 0 0
-335.0 486.6 2631.2 5 0.9444428086 -0.0205211081 -0.3280346096 0.0869615823 0.9780833721 0.1891839355 0.3169629574 -0.2071998119 0.9255283475
-330.7 285.9 2673.7 0.9444428086 -0.0205211081 -0.3280346096 0.0869615823 0.9780833721 0.1891839355 0.3169629574 -0.2071998119 0.9255283475
-326.3 90.8 2710.8 0.9445614219 -0.0219113789 -0.3276028037 0.0814802796 0.9822019339 0.1692346185 0.3180639446 -0.1865456700 0.9295353889
-468.1 274.1 2627.4 0.5096415281 -0.8358997703 -0.2038066089 0.8090301156 0.3849677742 0.4441509247 -0.2928066850 -0.3912434578 0.8724636436
-579.1 98.0 2691.1 -0.4915247858 -0.8358997703 -0.2442846745 -0.2077698857 0.3849677742 -0.8992394209 0.8457157016 -0.3912434578 -0.3628959954
-193.3 297.7 2719.9 0.1538874507 0.9631909132 0.2204130441 -0.9492891431 0.0822231546 0.3034624755 0.2741692662 -0.2559347749 0.9269998074
-152.8 47.8 2792.1 0.0998815820 0.9604464769 0.2599351704 -0.9925146103 0.1146230027 -0.0421463698 -0.0702738762 -0.2537797987 0.9647058845
-407.9 -111.4 2727.2 0.9461854100 0.0385924950 -0.3213157356 -0.0459590778 0.9988250732 -0.0153701073 0.3203450441 0.0293103456 0.9468473792
-423.2 -508.0 2715.5 0.9466149807 -0.0098164678 -0.3222168684 -0.0037802553 0.9991294742 -0.0415445939 0.3223442137 0.0405447967 0.9457538724
-232.1 -96.4 2774.2 0.5281900167 0.1944613755 -0.8265591860 -0.1787857264 0.9770705700 0.1156234816 0.8300909400 0.0867058113 0.5508458614
-309.4 -484.3 2739.8 0.5355997086 0.0010927621 -0.8444712758 -0.0152534861 0.9998485446 -0.0083805881 0.8443342447 0.0173697714 0.5355352759
-449.5 152.8 2468.3 0 0 0 0 0 0 0 0 0
-126.9 -209.6 2773.9 0 0 0 0 0 0 0 0 0
-420.1 -819.9 2702.9 0 0 0 0 0 0 0 0 0
-309.7 -754.1 2735.1 0 0 0 0 0 0 0 0 0
-331.9 488.9 2635.5 6 0.9553675652 -0.0160855446 -0.2949813902 0.0733329132 0.9801762700 0.1840564162 0.2861731350 -0.1974733770 0.9376082420
-328.6 288.1 2675.9 0.9553675652 -0.0160855446 -0.2949813902 0.0733329132 0.9801762700 0.1840564162 0.2861731350 -0.1974733770 0.9376082420
-325.2 92.6 2711.1 0.9554498792 -0.0172868185 -0.2946466804 0.0684886277 0.9840205908 0.1643557101 0.2870972157 -0.1772135943 0.9413663149
-467.8 278.2 2634.1 0.4645394385 -0.8595526814 -0.2130078673 0.8437201381 0.3565448523 0.4012631476 -0.2689599395 -0.3661215603 0.8908510208
-570.4 91.8 2693.5 -0.4508481026 -0.8595526814 -0.2406350523 -0.1917121410 0.3565448523 -0.9143971801 0.8717697263 -0.3661215603 -0.3255342543
-189.4 298.1 2717.7 0.1245365813 0.9598830938 0.2512272596 -0.9483242035 0.0406753346 0.3146851361 0.2918421924 -0.2774347067 0.9153459072
-156.7 49.1 2794.3 0.0930793136 0.9557921290 0.2789222598 -0.9935081005 0.1075619459 -0.0370419025 -0.0654057786 -0.2736636996 0.9595990181
-408.2 -111.8 2718.8 0.9563084841 0.0438627191 -0.2890504897 -0.0470775813 0.9988825321 -0.0041756923 0.2885443270 0.0176010486 0.9573047757
-425.6 -508.6 2711.8 0.9569070935 -0.0150115713 -0.2900059819 0.0072648837 0.9995879531 -0.0277703479 0.2903033495 0.0244667828 0.9566218257
-235.7 -97.0 2776.9 0.5544331670 0.1810198575 -0.8123027086 -0.1871490777 0.9781772494 0.0902469456 0.8109124899 0.1019858047 0.5762116313
-307.6 -485.5 2736.4 0.5659227967 0.0206890460 -0.8241986036 -0.0197252482 0.9997386932 0.0115514304 0.8242222667 0.0097203040 0.5661830306
-451.0 142.6 2462.6 0 0 0 0 0 0 0 0 0
-132.6 -208.8 2777.4 0 0 0 0 0 0 0 0 0
-421.6 -776.1 2705.3 0 0 0 0 0 0 0 0 0
-313.1 -753.9 2733.8 0 0 0 0 0 0 0 0 0
-333.1 490.7 2637.1 7 0.9541912079 -0.0123458225 -0.2989427149 0.0699388385 0.9806711078 0.1827367991 0.2909084558 -0.1952735484 0.9366111755
-330.6 290.1 2677.1 0.9541912079 -0.0123458225 -0.2989427149 0.0699388385 0.9806711078 0.1827367991 0.2909084558 -0.1952735484 0.9366111755
-327.9 94.5 2711.7 0.9542570114 -0.0137518663 -0.2986710668 0.0649807155 0.9846029282 0.1622794718 0.2918407321 -0.1742641926 0.9404578805
-469.8 280.6 2634.5 0.4337248802 -0.8667199016 -0.2463318557 0.8762823939 0.3420842290 0.3392750919 -0.2097902298 -0.3630083203 0.9078617692
-567.3 83.6 2681.7 -0.4468294978 -0.8667199016 -0.2216755450 -0.2090500295 0.3420842290 -0.9161203504 0.8698514104 -0.3630083203 -0.3340411186
-191.4 299.6 2719.6 0.1162508279 0.9616597891 0.2483872026 -0.9513804317 0.0359952524 0.3059077859 0.2852384448 -0.2718727589 0.9190887809
-161.5 55.0 2793.0 0.0986018106 0.9569439888 0.2730125487 -0.9932671785 0.1114065200 -0.0317636132 -0.0608113781 -0.2680424452 0.9614859223
-409.2 -109.1 2720.1 0.9555855393 0.0251001846 -0.2936431766 -0.0284652486 0.9995689392 -0.0071910913 0.2933360934 0.0152303288 0.9558880329
-419.1 -506.2 2714.1 0.9557462335 0.0049388711 -0.2941508889 -0.0145888990 0.9994245768 -0.0306212120 0.2938303947 0.0335574448 0.9552683234
-234.4 -96.6 2772.6 0.5506767035 0.1897931248 -0.8128553033 -0.1879007518 0.9769994020 0.1008238494 0.8132948279 0.0972147733 0.5736730695
-309.8 -484.8 2734.0 0.5623984337 0.0086253304 -0.8268213868 0.0007195663 0.9999400973 0.0109207351 0.8268660903 -0.0067367568 0.5623585582
-450.9 138.1 2455.0 0 0 0 0 0 0 0 0 0
-135.9 -203.0 2777.2 0 0 0 0 0 0 0 0 0
-420.3 -753.5 2705.8 0 0 0 0 0 0 0 0 0
-312.1 -754.4 2735.8 0 0 0 0 0 0 0 0 0
-329.8 483.5 2637.4 8 0.9530217648 0.0013437613 -0.3028988540 0.0582833104 0.9804902077 0.1877287030 0.2972415984 -0.1965634823 0.9343501329
-330.1 283.5 2677.5 0.9530217648 0.0013437613 -0.3028988540 0.0582833104 0.9804902077 0.1877287030 0.2972415984 -0.1965634823 0.9343501329
-329.2 87.8 2712.0 0.9530241489 -0.0044943388 -0.3028610051 0.0568000525 0.9848036170 0.1641207635 0.2975209951 -0.1736135632 0.9387968779
-469.2 275.2 2634.1 0.4729324877 -0.8475744128 -0.2407332808 0.8549287915 0.3753312826 0.3580827117 -0.2131469995 -0.3751587570 0.9021220803
-572.5 88.6 2680.6 -0.4647392631 -0.8475744128 -0.2561934292 -0.1836894602 0.3753312826 -0.9085068107 0.8661845326 -0.3751587570 -0.3301216662
-191.0 291.8 2721.0 0.1000371352 0.9642197490 0.2455052435 -0.9527150989 0.0216718614 0.3030911088 0.2869258821 -0.2642169297 0.9207947254
-166.2 56.0 2792.0 0.1119105667 0.9577971697 0.2647652328 -0.9919112921 0.1237297505 -0.0283369999 -0.0599004328 -0.2594524026 0.9638964534
-412.5 -107.1 2719.6 0.9538168907 0.0248974245 -0.2993550003 -0.0279416069 0.9995921850 -0.0058923559 0.2990862131 0.0139846886 0.9541236162
-422.4 -504.3 2714.1 0.9539358020 -0.0084067211 -0.2998930812 -0.0010669169 0.9995059371 -0.0314123183 0.3000090122 0.0302852970 0.9534555078
-237.7 -95.2 2773.1 0.5468675494 0.1810744405 -0.8174031377 -0.1796377301 0.9789702892 0.0966823325 0.8177201152 0.0939640105 0.5678948760
-309.7 -484.2 2735.7 0.5564561486 0.0005068935 -0.8308768272 0.0043816222 0.9999841452 0.0035445276 0.8308654428 -0.0056129624 0.5564450622
-451.2 136.5 2454.5 0 0 0 0 0 0 0 0 0
-137.2 -201.6 2776.4 0 0 0 0 0 0 0 0 0
-420.5 -737.6 2707.0 0 0 0 0 0 0 0 0 0
-309.8 -753.7 2737.2 0 0 0 0 0 0 0 0 0
-329.3 486.7 2637.1 9 0.9646176100 0.0058747050 -0.2635874450 0.0457192101 0.9808786511 0.1891741455 0.2596586347 -0.1945317239 0.9459042549
-330.5 286.5 2676.8 0.9646176100 0.0058747050 -0.2635874450 0.0457192101 0.9808786511 0.1891741455 0.2596586347 -0.1945317239 0.9459042549
-330.6 90.7 2710.8 0.9646134973 0.0006066615 -0.2636673152 0.0444655269 0.9853004813 0.1649419069 0.2598915994 -0.1708292961 0.9504071474
-471.2 280.0 2638.9 0.4647702277 -0.8551291227 -0.2296580374 0.8565226793 0.3684731424 0.3613813221 -0.2244048715 -0.3646665812 0.9036928415
-572.1 94.1 2687.6 -0.4432334602 -0.8551291227 -0.2688834071 -0.1548127532 0.3684731424 -0.9166572690 0.8829366565 -0.3646665812 -0.2957045138
-189.7 293.0 2714.7 0.0837238505 0.9555507302 0.2826890647 -0.9461472631 -0.0127990684 0.3234835267 0.3127230704 -0.2945487499 0.9030200839
-168.2 49.8 2795.1 0.1203571633 0.9481859207 0.2940366566 -0.9902648330 0.1355343461 -0.0317181572 -0.0699267760 -0.2873566449 0.9552677274
-415.7 -113.1 2719.3 0.9650549889 0.0105521744 -0.2618349493 -0.0147452336 0.9997925162 -0.0140545629 0.2616323233 0.0174242426 0.9650103450
-419.9 -510.4 2712.3 0.9650502801 0.0074244016 -0.2619595528 -0.0154043175 0.9994773269 -0.0284220222 0.2616116107 0.0314639881 0.9646602273
-241.0 -102.7 2773.8 0.5756502151 0.1825705469 -0.7970538735 -0.1925518811 0.9776104093 0.0848629326 0.7947015762 0.1046228632 0.5979158878
-313.5 -491.2 2732.2 0.5866459012 -0.0168465599 -0.8096683025 0.0309471171 0.9995197058 0.0016260109 0.8092520833 -0.0260107927 0.5868854523
-453.1 135.6 2450.5 0 0 0 0 0 0 0 0 0
-136.9 -207.5 2776.9 0 0 0 0 0 0 0 0 0
-421.5 -735.4 2705.3 0 0 0 0 0 0 0 0 0
-309.1 -752.2 2739.0 0 0 0 0 0 0 0 0 0
-327.8 485.2 2648.9 0 0.9708533883 0.0101543088 -0.2394588590 0.0285571646 0.9870838523 0.1576386690 0.2379666865 -0.1598823071 0.9580237269
-329.9 283.0 2681.7 0.9708533883 0.0101543088 -0.2394588590 0.0285571646 0.9870838523 0.1576386690 0.2379666865 -0.1598823071 0.9580237269
-331.3 86.4 2709.2 0.9708382487 0.0066334661 -0.2396437377 0.0267697088 0.9903659821 0.1358625889 0.2382362336 -0.1383157820 0.9613075852
-471.6 279.1 2646.9 0.4833429754 -0.8477628827 -0.2183521241 0.8518037200 0.3978771567 0.3407700360 -0.2020148635 -0.3507019579 0.9144387245
-574.5 97.8 2689.9 -0.4352506995 -0.8477628827 -0.3030757308 -0.1440578550 0.3978771567 -0.9060580134 0.8887092471 -0.3507019579 -0.2953031957
-188.2 287.0 2716.4 0.0763932988 0.9493868351 0.3046781123 -0.9473167062 -0.0262188092 0.3192235827 0.3110549450 -0.3130131960 0.8973670006
-169.3 52.5 2793.4 0.1223113090 0.9421074986 0.3122073710 -0.9898582101 0.1386948824 -0.0307315942 -0.0722540244 -0.3052822053 0.9495167732
-419.1 -109.2 2720.9 0.9710325003 0.0005460529 -0.2389468849 -0.0034517781 0.9999250770 -0.0117422612 0.2389225811 0.0122269085 0.9709616303
-419.3 -506.5 2716.1 0.9710164070 0.0066812853 -0.2389195412 -0.0140920868 0.9994706511 -0.0293232538 0.2385971546 0.0318402350 0.9705964923
-242.4 -101.0 2768.6 0.5994939804 0.1783506870 -0.7802551389 -0.1855830550 0.9792636037 0.0812508836 0.7785665989 0.0960927159 0.6201614738
-313.2 -490.2 2730.4 0.6119984984 -0.0123213558 -0.7907629609 0.0369179323 0.9992337227 0.0130023882 0.7899967432 -0.0371507742 0.6119844317
-455.9 137.0 2447.9 0 0 0 0 0 0 0 0 0
-137.5 -204.7 2774.6 0 0 0 0 0 0 0 0 0
-420.8 -735.8 2708.8 0 0 0 0 0 0 0 0 0
-310.0 -750.5 2740.0 0 0 0 0 0 0 0 0 0
-327.4 489.5 2652.8 1 0.9727603793 0.0155178653 -0.2312929481 0.0188316572 0.9891692400 0.1455664039 0.2310467511 -0.1459568739 0.9619324207
-330.6 287.1 2682.7 0.9727603793 0.0155178653 -0.2312929481 0.0188316572 0.9891692400 0.1455664039 0.2310467511 -0.1459568739 0.9619324207
-333.1 90.1 2708.0 0.9727419615 0.0124149015 -0.2315576524 0.0175250415 0.9917742610 0.1267940104 0.2312270552 -0.1273958981 0.9645228386
-472.6 284.5 2649.0 0.4817426801 -0.8442069888 -0.2350287437 0.8571808338 0.3982237875 0.3265866935 -0.1821127385 -0.3587928712 0.9154794216
-576.6 99.5 2688.3 -0.4406105578 -0.8442069888 -0.3052488565 -0.1343642622 0.3982237875 -0.9073941112 0.8875858188 -0.3587928712 -0.2888928652
-188.6 289.7 2716.4 0.0771338269 0.9463262558 0.3138741553 -0.9528266191 -0.0227226689 0.3026634157 0.2935504019 -0.3224132359 0.8999321461
-168.8 45.8 2791.6 0.1135838330 0.9397574067 0.3224200606 -0.9926267266 0.1211619005 -0.0034627095 -0.0423191339 -0.3196494579 0.9465903640
-421.7 -112.8 2714.9 0.9727551341 -0.0047436492 -0.2317865491 0.0028932414 0.9999611974 -0.0083225267 0.2318170220 0.0074251657 0.9727310538
-419.8 -510.2 2711.9 0.9726554155 0.0150231626 -0.2317664921 -0.0183451734 0.9997574687 -0.0121847382 0.2315272242 0.0161033478 0.9726951122
-243.7 -107.8 2758.5 0.6123403907 0.1709308922 -0.7718949914 -0.1522895694 0.9835650325 0.0969932377 0.7757880688 0.0581586733 0.6283075809
-311.6 -498.4 2735.4 0.6193223000 -0.0092937713 -0.7850818634 0.0131595302 0.9999123216 -0.0014558564 0.7850265503 -0.0094296644 0.6193903089
-455.7 136.4 2444.6 0 0 0 0 0 0 0 0 0
-139.3 -212.0 2780.6 0 0 0 0 0 0 0 0 0
-423.2 -736.5 2708.3 0 0 0 0 0 0 0 0 0
-309.3 -750.0 2737.7 0 0 0 0 0 0 0 0 0
-327.3 489.6 2654.8 2 0.9730458856 0.0218165647 -0.2295771986 0.0104017369 0.9903498292 0.1381992698 0.2303767651 -0.1368622333 0.9634289145
-331.8 287.2 2682.8 0.9730458856 0.0218165647 -0.2295771986 0.0104017369 0.9903498292 0.1381992698 0.2303767651 -0.1368622333 0.9634289145
-335.5 90.0 2706.5 0.9730325937 0.0183078591 -0.2299399674 0.0097436579 0.9926933646 0.1202704683 0.2304617614 -0.1192675456 0.9657446146
-473.9 285.8 2649.1 0.4880906940 -0.8416926265 -0.2309133857 0.8546656966 0.4072815776 0.3219755590 -0.1769576967 -0.3545070291 0.9181561470
-578.3 102.9 2687.0 -0.4407830238 -0.8416926265 -0.3118714988 -0.1390564144 0.4072815776 -0.9026544690 0.8867771029 -0.3545070291 -0.2965655625
-189.7 288.6 2716.4 0.0807946697 0.9454411268 0.3156158030 -0.9523606896 -0.0201996528 0.3043043315 0.2940771580 -0.3251662552 0.8987689018
-169.2 47.4 2790.9 0.1102496013 0.9392190576 0.3251347244 -0.9929703474 0.1182610840 -0.0049163410 -0.0430683084 -0.3223071396 0.9456549287
-424.8 -108.6 2712.2 0.9729251862 -0.0075734481 -0.2309961170 0.0054880455 0.9999381900 -0.0096690897 0.2310550660 0.0081395833 0.9729066491
-421.8 -506.0 2708.9 0.9729121327 0.0058192569 -0.2311018407 -0.0034897402 0.9999389052 0.0104875425 0.2311487496 -0.0093969721 0.9728730321
-246.5 -105.3 2754.5 0.6169363856 0.1598519385 -0.7706081271 -0.1340130121 0.9861928821 0.0972833708 0.7755191922 0.0432538576 0.6298404932
-310.0 -497.0 2737.4 0.6230144501 0.0000168822 -0.7822103500 0.0053525455 0.9999765158 0.0042847744 0.7821920514 -0.0068562930 0.6229997277
-459.2 140.5 2447.2 0 0 0 0 0 0 0 0 0
-140.6 -210.5 2779.7 0 0 0 0 0 0 0 0 0
-423.2 -741.6 2711.2 0 0 0 0 0 0 0 0 0
-310.0 -751.2 2739.1 0 0 0 0 0 0 0 0 0
-325.3 490.9 2656.3 3 0.9725873470 0.0231809020 -0.2313794345 0.0092721581 0.9903616309 0.1381949037 0.2323528081 -0.1365520060 0.9629982710
-330.0 288.7 2684.2 0.9725873470 0.0231809020 -0.2313794345 0.0092721581 0.9903616309 0.1381949037 0.2323528081 -0.1365520060 0.9629982710
-333.6 91.4 2707.7 0.9726042151 0.0179816950 -0.2317708433 0.0100829555 0.9928025007 0.1193376929 0.2322485745 -0.1184052750 0.9654225707
-472.1 287.2 2650.3 0.4843168855 -0.8366647959 -0.2557913363 0.8650683165 0.4142625630 0.2829192579 -0.1307437867 -0.3582995534 0.9244065881
-576.6 100.6 2678.5 -0.4450273812 -0.8366647959 -0.3192846477 -0.1328250319 0.4142625630 -0.9004132748 0.8856117129 -0.3582995534 -0.2954882085
-188.0 290.2 2718.1 0.0715428516 0.9467034936 0.3140606880 -0.9533706307 -0.0276523381 0.3005324304 0.2931996286 -0.3209171891 0.9005810022
-169.7 47.3 2792.8 0.1102141440 0.9409036040 0.3202393651 -0.9917913079 0.1251304895 -0.0263124965 -0.0648292303 -0.3147106171 0.9469711781
-428.4 -108.1 2709.1 0.9723634720 -0.0162395593 -0.2329068631 0.0168695562 0.9998574257 0.0007131470 0.2328620851 -0.0046224734 0.9724987745
-421.9 -505.5 2710.9 0.9724785686 -0.0090839332 -0.2328152955 0.0082122255 0.9999551773 -0.0047132340 0.2328476757 0.0026715873 0.9725095630
-249.9 -106.3 2751.3 0.6185873151 0.1581252813 -0.7696402669 -0.1156922281 0.9871936440 0.1098364070 0.7771518826 0.0210979953 0.6289592981
-312.7 -498.5 2742.9 0.6208758354 -0.0132169416 -0.7837975025 -0.0062153344 0.9997434020 -0.0217817761 0.7838842869 0.0183953419 0.6206343770
-457.0 136.3 2440.6 0 0 0 0 0 0 0 0 0
-141.1 -210.3 2775.9 0 0 0 0 0 0 0 0 0
-419.8 -738.7 2710.3 0 0 0 0 0 0 0 0 0
-309.4 -749.9 2738.3 0 0 0 0 0 0 0 0 0
-323.9 493.1 2656.5 4 0.9752030373 0.0334158018 -0.2187748849 -0.0014908727 0.9895048738 0.1444918811 0.2213071287 -0.1405827552 0.9650179744
-330.7 290.7 2685.3 0.9752030373 0.0334158018 -0.2187748849 -0.0014908727 0.9895048738 0.1444918811 0.2213071287 -0.1405827552 0.9650179744
-336.0 93.5 2709.3 0.9752678871 0.0267659854 -0.2193994820 0.0006450737 0.9922915697 0.1239236295 0.2210251987 -0.1210002601 0.9677327871
-473.2 290.6 2653.0 0.4941127896 -0.8278104663 -0.2656733990 0.8624658585 0.4282138348 0.2697879970 -0.1095682979 -0.3624399304 0.9255442023
-582.9 99.1 2677.3 -0.4667708278 -0.8278104663 -0.3112150431 -0.1673312187 0.4282138348 -0.8880501986 0.8684038520 -0.3624399304 -0.3383962512
-188.3 290.8 2717.6 0.0720067248 0.9419866800 0.3278354406 -0.9552551508 -0.0294089746 0.2943173647 0.2868843377 -0.3343593180 0.8977200389
-169.9 47.2 2790.7 0.1106577814 0.9361285567 0.3337935805 -0.9918641448 0.1252873838 -0.0225516763 -0.0629313886 -0.3285823464 0.9423763752
-426.4 -106.8 2709.9 0.9750264883 -0.0146839721 -0.2216025740 0.0148661789 0.9998891354 -0.0008457727 0.2215904295 -0.0024697329 0.9751366973
-420.6 -504.1 2710.9 0.9751115441 -0.0038315332 -0.2216818333 0.0050184093 0.9999759197 0.0047909552 0.2216581404 -0.0057842061 0.9751073122
-248.0 -104.9 2752.5 0.6250569820 0.1666450799 -0.7625831962 -0.1274694204 0.9856225848 0.1109039560 0.7701008320 0.0278847385 0.6373124719
-314.2 -496.5 2741.5 0.6277160645 -0.0167826470 -0.7782614827 -0.0052609821 0.9996532798 -0.0258001089 0.7784246206 0.0202895626 0.6274101138
-456.6 144.4 2442.3 0 0 0 0 0 0 0 0 0
-141.1 -210.5 2774.4 0 0 0 0 0 0 0 0 0
-419.7 -733.4 2712.3 0 0 0 0 0 0 0 0 0
-309.9 -755.6 2736.2 0 0 0 0 0 0 0 0 0
-320.8 492.8 2659.1 5 0.9686354995 0.0397509150 -0.2452857643 -0.0069801672 0.9910847545 0.1330500692 0.2483878434 -0.1271648854 0.9602773190
-328.9 289.6 2685.2 0.9686354995 0.0397509150 -0.2452857643 -0.0069801672 0.9910847545 0.1330500692 0.2483878434 -0.1271648854 0.9602773190
-334.9 92.3 2707.3 0.9688168764 0.0303707588 -0.2459095120 -0.0018478573 0.9933175445 0.1153984368 0.2477709800 -0.1113455445 0.9623989463
-470.4 289.9 2649.0 0.5000715256 -0.8296003938 -0.2483780533 0.8577458262 0.4350357950 0.2738904953 -0.1191663146 -0.3500100672 0.9291352630
-581.2 99.9 2675.4 -0.4677568078 -0.8296003938 -0.3049045205 -0.1991784871 0.4350357950 -0.8781069517 0.8611222506 -0.3500100672 -0.3687295020
-187.5 289.3 2721.4 0.0802333355 0.9497720003 0.3024826646 -0.9556449652 -0.0129783116 0.2942350805 0.2833819687 -0.3126735091 0.9066035151
-166.9 44.3 2794.1 0.1162481681 0.9431543350 0.3113619387 -0.9879860878 0.1419477761 -0.0611092448 -0.1018325835 -0.3005174398 0.9483245015
-430.8 -103.7 2713.1 0.9667708278 -0.0628544986 -0.2477972060 0.0587897822 0.9979872108 -0.0237764399 0.2487929016 0.0084184250 0.9685201049
-405.8 -499.9 2709.8 0.9665765166 0.0589900240 -0.2494994551 -0.0596600473 0.9982067943 0.0048827482 0.2493400872 0.0101655992 0.9683626294
-251.9 -103.6 2753.7 0.6055365205 0.1569732279 -0.7801826596 -0.1228067502 0.9870421886 0.1032773852 0.7862849832 0.0332734697 0.6169674397
-314.3 -495.8 2740.4 0.6092264056 -0.0080431057 -0.7929555774 0.0009801064 0.9999554157 -0.0093897330 0.7929957509 0.0049432921 0.6092071533
-455.0 153.6 2443.2 0 0 0 0 0 0 0 0 0
-136.7 -212.2 2767.6 0 0 0 0 0 0 0 0 0
-419.8 -735.8 2707.4 0 0 0 0 0 0 0 0 0
-312.2 -757.2 2739.2 0 0 0 0 0 0 0 0 0
-318.2 495.4 2658.0 6 0.9748722911 0.0414568707 -0.2188728154 -0.0120006977 0.9908773899 0.1342310607 0.2224409133 -0.1282315105 0.9664764404
-326.7 291.9 2684.3 0.9748722911 0.0414568707 -0.2188728154 -0.0120006977 0.9908773899 0.1342310607 0.2224409133 -0.1282315105 0.9664764404
-333.0 94.5 2706.4 0.9750747085 0.0319479667 -0.2195647508 -0.0065303114 0.9932827950 0.1155277640 0.2217807621 -0.1112143695 0.9687335491
-469.1 292.9 2651.9 0.5066105723 -0.8193441033 -0.2683671713 0.8587099314 0.4516298175 0.2421731204 -0.0772205070 -0.3531370163 0.9323793650
-584.4 97.3 2669.5 -0.4887914658 -0.8193441033 -0.2995966375 -0.2284134179 0.4516298175 -0.8624719381 0.8419680595 -0.3531370163 -0.4079019725
-184.3 290.9 2716.7 0.0703533739 0.9422171712 0.3275319636 -0.9542815685 -0.0320529975 0.2971856892 0.2905118167 -0.3334657252 0.8968854547
-165.8 39.8 2793.1 0.1266637892 0.9351483583 0.3308379948 -0.9852442145 0.1573078930 -0.0674391761 -0.1151090637 -0.3174141347 0.9412747622
-429.8 -104.9 2706.7 0.9739022255 -0.0451809987 -0.2224256545 0.0431451909 0.9989706278 -0.0140060047 0.2228295058 0.0040438813 0.9748490453
-411.8 -501.6 2705.1 0.9740796685 0.0314522944 -0.2240079045 -0.0265936125 0.9993417859 0.0246745534 0.2246365249 -0.0180778019 0.9742749333
-252.1 -105.3 2752.2 0.6272768378 0.1563002020 -0.7629508972 -0.1170258075 0.9874476790 0.1060758829 0.7699537277 0.0227459967 0.6376941800
-314.2 -497.7 2743.1 0.6294011474 -0.0089578265 -0.7770289183 -0.0196950063 0.9994284511 -0.0274748690 0.7768309116 0.0325963050 0.6288650036
-453.6 158.5 2444.2 0 0 0 0 0 0 0 0 0
-132.9 -216.0 2763.2 0 0 0 0 0 0 0 0 0
-419.1 -734.1 2709.3 0 0 0 0 0 0 0 0 0
-312.0 -752.3 2734.8 0 0 0 0 0 0 0 0 0
-318.4 494.2 2657.9 7 0.9744142890 0.0412273481 -0.2209460139 -0.0118980929 0.9911164045 0.1324641705 0.2244443595 -0.1264461428 0.9662484527
-326.8 291.1 2683.8 0.9744142890 0.0412273481 -0.2209460139 -0.0118980929 0.9911164045 0.1324641705 0.2244443595 -0.1264461428 0.9662484527
-333.5 93.7 2705.6 0.9745597243 0.0334698968 -0.2216147780 -0.0080337077 0.9933680296 0.1146972030 0.2239839286 -0.1099988893 0.9683653712
-469.2 292.3 2651.1 0.5135612488 -0.8145214915 -0.2698324621 0.8547834158 0.4582228363 0.2436743379 -0.0748346001 -0.3557900190 0.9315649271
-587.0 96.2 2668.2 -0.4988783300 -0.8145214915 -0.2960998118 -0.2402230054 0.4582228363 -0.8557597399 0.8327144384 -0.3557900190 -0.4242642522
-184.5 289.9 2716.5 0.0511736572 0.9732037783 -0.2241777480 -0.9272527695 0.1296715736 0.3512656391 0.3709225357 0.1898938864 0.9090417027
-170.8 41.8 2815.8 0.1721207052 0.9732037783 -0.1524758041 -0.9584091902 0.1296715736 -0.2542383373 -0.2276539356 0.1898938864 0.9550465941
-428.7 -102.2 2708.2 0.9732409716 -0.0501239561 -0.2242534310 0.0460477136 0.9986657500 -0.0233733598 0.2251257896 0.0124215540 0.9742504954
-408.8 -499.0 2703.2 0.9731227160 0.0411496684 -0.2265808582 -0.0354371108 0.9989445210 0.0292239245 0.2275442630 -0.0204090960 0.9735538363
-250.0 -103.5 2748.8 0.6248773336 0.1601088494 -0.7641292214 -0.1218228117 0.9867531061 0.1071331725 0.7711598873 0.0261432845 0.6361045241
-313.6 -495.6 2738.4 0.6288402677 0.0019697840 -0.7775320411 -0.0128915710 0.9998857379 -0.0078931544 0.7774276137 0.0149871428 0.6287938356
-453.1 160.7 2444.7 0 0 0 0 0 0 0 0 0
-126.4 -205.3 2757.1 0 0 0 0 0 0 0 0 0
-418.3 -727.8 2707.9 0 0 0 0 0 0 0 0 0
-314.1 -754.9 2734.5 0 0 0 0 0 0 0 0 0
-316.4 494.7 2657.3 8 0.9688664675 0.0351909064 -0.2450700849 -0.0008756298 0.9903277755 0.1387446523 0.2475822717 -0.1342104524 0.9595262408
-323.6 290.6 2685.0 0.9688664675 0.0351909064 -0.2450700849 -0.0008756298 0.9903277755 0.1387446523 0.2475822717 -0.1342104524 0.9595262408
-329.3 93.3 2707.9 0.9689240456 0.0285176858 -0.2457090467 0.0009164307 0.9929113388 0.1188539267 0.2473567426 -0.1153855994 0.9620295167
-465.1 290.5 2648.9 0.5275605917 -0.8085207343 -0.2607183456 0.8465316892 0.4746282399 0.2410646081 -0.0711614564 -0.3478825092 0.9348335862
-584.6 98.8 2665.0 -0.4982497692 -0.8085207343 -0.3131155968 -0.2375849634 0.4746282399 -0.8475148678 0.8338468671 -0.3478825092 -0.4285757840
-182.1 290.8 2721.1 0.0501665771 0.9770029783 -0.2072403133 -0.9240033627 0.1241610795 0.3616653979 0.3790793419 0.1733472347 0.9089826941
-168.5 38.9 2824.4 0.1668552607 0.9770029783 -0.1327575147 -0.9513565302 0.1241610795 -0.2819659710 -0.2589982748 0.1733472347 0.9501950741
-429.5 -102.9 2707.0 0.9674741626 -0.0559085235 -0.2467143089 0.0495777205 0.9982637763 -0.0318031423 0.2480640262 0.0185371842 0.9685662389
-407.3 -499.6 2699.6 0.9664347172 0.0570282415 -0.2505029738 -0.0456120856 0.9976488948 0.0511493236 0.2528309524 -0.0380065180 0.9667636752
-250.8 -104.4 2748.0 0.6073993444 0.1568395346 -0.7787601948 -0.1101085842 0.9874757528 0.1129941717 0.7867287397 0.0171155911 0.6170614958
-313.1 -496.8 2741.2 0.6104536653 0.0053320010 -0.7920340300 -0.0186131652 0.9997977614 -0.0076152706 0.7918332219 0.0193910301 0.6104294658
-452.2 161.9 2443.4 0 0 0 0 0 0 0 0 0
-125.3 -207.2 2757.4 0 0 0 0 0 0 0 0 0
-420.3 -727.7 2708.3 0 0 0 0 0 0 0 0 0
-314.5 -749.6 2736.3 0 0 0 0 0 0 0 0 0
-316.1 495.4 2657.5 9 0.9721828699 0.0291996766 -0.2323959023 0.0022932577 0.9909645319 0.1341043860 0.2342119068 -0.1309069395 0.9633318186
-322.1 291.9 2684.4 0.9721828699 0.0291996766 -0.2323959023 0.0022932577 0.9909645319 0.1341043860 0.2342119068 -0.1309069395 0.9633318186
-326.8 94.5 2706.8 0.9722138643 0.0236228611 -0.2328994721 0.0034576464 0.9933377504 0.1151872501 0.2340689003 -0.1127919257 0.9656550884
-464.1 291.3 2650.2 0.5230926871 -0.8050012589 -0.2799053788 0.8515134454 0.4797473550 0.2115829736 -0.0360406972 -0.3490206897 0.9364216924
-583.9 96.3 2658.5 -0.5083896518 -0.8050012589 -0.3057988286 -0.2545893192 0.4797473550 -0.8396587372 0.8226324916 -0.3490206897 -0.4488433003
-180.1 292.4 2718.6 0.0438073240 0.9719008207 -0.2312783301 -0.9233807325 0.1277637780 0.3620005846 0.3813776672 0.1976996809 0.9030315280
-167.9 35.0 2824.9 0.1788709313 0.9719008207 -0.1530161351 -0.9468236566 0.1277637780 -0.2952988744 -0.2674512863 0.1976996809 0.9430719018
-423.8 -104.1 2708.2 0.9713547826 -0.0516271852 -0.2319581211 0.0387032479 0.9974520206 -0.0599291697 0.2344610691 0.0492349528 0.9708778858
-403.3 -500.3 2688.6 0.9682013988 0.0793222636 -0.2372637242 -0.0561471544 0.9931061268 0.1028967649 0.2437900603 -0.0863031074 0.9659804106
-246.2 -103.9 2753.5 0.6168342829 0.1791754514 -0.7664278150 -0.1201562360 0.9837675095 0.1332813203 0.7778675556 0.0098785972 0.6283506155
-317.3 -494.8 2749.6 0.6178486347 -0.0147717381 -0.7861582637 -0.0345378779 0.9983487129 -0.0459023677 0.7855381370 0.0555129535 0.6163182259
-450.3 163.2 2442.3 0 0 0 0 0 0 0 0 0
-121.6 -210.5 2755.6 0 0 0 0 0 0 0 0 0
-421.9 -733.1 2708.9 0 0 0 0 0 0 0 0 0
-313.6 -748.9 2735.5 0 0 0 0 0 0 0 0 0
-316.4 494.8 2657.7 0 0.9701500535 0.0300811976 -0.2406324595 0.0020782019 0.9912090898 0.1322885603 0.2424964756 -0.1288398355 0.9615589976
-322.6 291.4 2684.1 0.9701500535 0.0300811976 -0.2406324595 0.0020782019 0.9912090898 0.1322885603 0.2424964756 -0.1288398355 0.9615589976
-327.2 94.0 2705.9 0.9702068567 0.0231369715 -0.2411708236 0.0041959113 0.9936757684 0.1122090518 0.2422417849 -0.1098779216 0.9639739394
-464.3 290.8 2648.7 0.5193981528 -0.8066272140 -0.2820958495 0.8534468412 0.4730237126 0.2188082337 -0.0430586636 -0.3544024229 0.9341011047
-580.3 100.1 2658.3 -0.5111042261 -0.8066272140 -0.2968584895 -0.2570652962 0.4730237126 -0.8427134752 0.8201767206 -0.3544024229 -0.4491202831
-180.9 292.0 2719.5 0.0403146520 0.9668915272 -0.2519832253 -0.9165444374 0.1362112164 0.3760222793 0.3978956938 0.2157946229 0.8916903734
