69.3 502.1 2695.6 02 0.9295034409 -0.0736299977 0.3613889813 0.0722404048 0.9972358942 0.0173740070 -0.3616693318 0.0099576879 0.9322532415
84.1 302.5 2693.6 0.9295034409 -0.0736299977 0.3613889813 0.0722404048 0.9972358942 0.0173740070 -0.3616693318 0.0099576879 0.9322532415
98.2 104.2 2690.9 0.9295960665 -0.0708648115 0.3617033660 0.0709616467 0.9973939061 0.0130340522 -0.3616843820 0.0135506643 0.9322021008
-46.7 292.5 2744.5 0.1898941249 -0.9807105660 -0.0463364087 0.9812431335 0.1911698729 -0.0248186365 0.0331980251 -0.0407543704 0.9986175299
-89.0 74.3 2737.1 -0.0553557985 -0.9807105660 -0.1874635369 -0.0716697499 0.1911698729 -0.9789369106 0.9958911538 -0.0407543704 -0.0808696374
214.9 312.5 2642.7 0.2326449454 0.6941323876 0.6812170148 -0.9630320072 0.2622287273 0.0616882369 -0.1358148754 -0.6703852415 0.7294778824
274.7 64.9 2607.8 -0.0378250331 0.6944917440 0.7185057402 -0.9692251682 0.1495316327 -0.1955578774 -0.2432526648 -0.7037908435 0.6674628258
28.1 -99.6 2724.1 0.8650898337 0.0576796308 0.4982897043 -0.0656945482 0.9978387356 -0.0014515406 -0.4972965121 -0.0314792022 0.8670093417
5.2 -496.4 2736.6 0.8657221794 -0.0130425328 0.5003548861 -0.0911906064 0.9788194895 0.1832939386 -0.4921477139 -0.2043092847 0.8461964130
197.7 -86.6 2655.2 0.8609761000 0.0139171444 0.5084549785 0.0518620573 0.9920139909 -0.1149718240 -0.5059944987 0.1253575087 0.8533785939
192.2 -481.0 2605.4 0.8658944368 -0.1436659992 0.4791522920 0.0215984415 0.9677144289 0.2511219978 -0.4997602999 -0.2070962042 0.8410415053
-74.7 92.7 2481.2 0 0 0 0 0 0 0 0 0
264.3 -201.9 2540.8 0 0 0 0 0 0 0 0 0
8.7 -761.4 2791.9 0 0 0 0 0 0 0 0 0
232.8 -754.8 2664.0 0 0 0 0 0 0 0 0 0
66.2 504.3 2697.2 03 0.9286412001 -0.0833927542 0.3614846468 0.0830841586 0.9964071512 0.0164260603 -0.3615556955 0.0147797298 0.9322333336
82.9 305.0 2694.2 0.9286412001 -0.0833927542 0.3614846468 0.0830841586 0.9964071512 0.0164260603 -0.3615556955 0.0147797298 0.9322333336
98.9 106.9 2690.8 0.9288002253 -0.0804275796 0.3617478907 0.0811495632 0.9966142178 0.0132233882 -0.3615866303 0.0170737989 0.9321821928
-47.8 293.6 2745.1 0.1742887199 -0.9837193489 -0.0438136421 0.9837273955 0.1759167016 -0.0365203172 0.0436332934 -0.0367355980 0.9983720183
-86.6 75.0 2735.4 -0.0510018542 -0.9837193489 -0.1723223776 -0.0772735551 0.1759167016 -0.9813674688 0.9957045913 -0.0367355980 -0.0849875733
213.6 316.4 2643.3 0.2321922928 0.6952084899 0.6802733541 -0.9643200040 0.2559772730 0.0675465092 -0.1271756142 -0.6716850400 0.7298394442
275.0 61.3 2609.7 -0.0352778956 0.6952430010 0.7179085612 -0.9668624997 0.1580047309 -0.2005276978 -0.2528484166 -0.7011930346 0.6666303277
27.0 -100.6 2721.4 0.8652798533 0.0558070391 0.4981729984 -0.0614258721 0.9980984926 -0.0051194057 -0.4975114167 -0.0261709914 0.8670625687
4.8 -497.4 2731.8 0.8663882017 -0.0098820599 0.4992732704 -0.1009651199 0.9756892323 0.1945163459 -0.4890577495 -0.2189358622 0.8443278670
197.6 -87.6 2655.0 0.8603085876 0.0066844653 0.5097298026 0.0566732883 0.9924614429 -0.1086665690 -0.5066135526 0.1223748475 0.8534442782
194.9 -482.2 2606.4 0.8661389351 -0.1339207739 0.4815273285 0.0190939251 0.9715964794 0.2358722985 -0.4994384646 -0.1951039433 0.8440945745
-73.5 94.8 2479.7 0 0 0 0 0 0 0 0 0
265.3 -204.9 2540.1 0 0 0 0 0 0 0 0 0
7.5 -763.8 2791.6 0 0 0 0 0 0 0 0 0
232.1 -752.2 2660.6 0 0 0 0 0 0 0 0 0
68.0 502.5 2699.0 04 0.9260458350 -0.0831625462 0.3681345582 0.0838530883 0.9963776469 0.0141510591 -0.3679778874 0.0177646894 0.9296648502
84.6 303.5 2695.4 0.9260458350 -0.0831625462 0.3681345582 0.0838530883 0.9963776469 0.0141510591 -0.3679778874 0.0177646894 0.9296648502
100.9 105.4 2692.1 0.9261673093 -0.0819421187 0.3681026697 0.0823869705 0.9964944124 0.0145360231 -0.3680033684 0.0168640725 0.9296715260
-45.7 291.9 2747.2 0.1971232891 -0.9794309735 -0.0430974960 0.9791521430 0.1988846362 -0.0413032323 0.0490250960 -0.0340571739 0.9982167482
-89.5 74.4 2736.3 -0.0498836376 -0.9794309735 -0.1955162734 -0.0751146004 0.1988846362 -0.9771400690 0.9959264398 -0.0340571739 -0.0834906548
215.0 315.1 2643.6 0.2322921455 0.6914643645 0.6840448976 -0.9651114941 0.2512278259 0.0737856999 -0.1208309382 -0.6773194075 0.7256984711
274.9 65.9 2612.5 -0.0363491960 0.6910528541 0.7218896747 -0.9651483893 0.1630613655 -0.2046938688 -0.2591665983 -0.7041711211 0.6610413790
29.6 -98.7 2720.6 0.8616902232 0.0601155236 0.5038611293 -0.0649610460 0.9978560805 -0.0079592196 -0.5032593608 -0.0258729644 0.8637480140
5.7 -495.4 2730.9 0.8627313375 -0.0054968246 0.5056326985 -0.1071508005 0.9752459526 0.1934271753 -0.4941794574 -0.2210546434 0.8407862186
200.1 -83.8 2654.3 0.8565553427 0.0179182123 0.5157440305 0.0436160192 0.9933074713 -0.1069480702 -0.5142087340 0.1141016409 0.8500413299
193.0 -478.7 2608.9 0.8585404158 -0.1416149437 0.4928017557 0.0305079557 0.9735089540 0.2266045064 -0.5118374825 -0.1795147508 0.8401171565
-76.7 93.7 2480.4 0 0 0 0 0 0 0 0 0
264.9 -199.8 2541.1 0 0 0 0 0 0 0 0 0
7.2 -761.9 2791.3 0 0 0 0 0 0 0 0 0
232.3 -749.2 2658.8 0 0 0 0 0 0 0 0 0
69.7 505.4 2697.9 05 0.9233943820 -0.0759953037 0.3762545586 0.0735843256 0.9970721006 0.0207982548 -0.3767334819 0.0084814457 0.9262828827
84.9 306.1 2696.2 0.9233943820 -0.0759953037 0.3762545586 0.0735843256 0.9970721006 0.0207982548 -0.3767334819 0.0084814457 0.9262828827
99.7 107.8 2694.9 0.9235530496 -0.0744355768 0.3761769235 0.0714809969 0.9972031116 0.0218272246 -0.3767495155 0.0067309006 0.9262906909
-45.0 296.0 2749.2 0.1992058456 -0.9782039523 -0.0586010367 0.9777105451 0.2024407238 -0.0556758605 0.0663255826 -0.0462038927 0.9967277050
-90.1 75.0 2734.2 -0.0634500980 -0.9782039523 -0.1977147758 -0.0795444921 0.2024407238 -0.9760586023 0.9948099256 -0.0462038927 -0.0906556174
214.9 316.1 2643.2 0.2283649296 0.6873150468 0.6895269752 -0.9674845934 0.2393098921 0.0818796903 -0.1087334827 -0.6858052015 0.7196167111
274.6 63.2 2614.7 -0.0350171439 0.6865702868 0.7262197137 -0.9631313086 0.1707681566 -0.2078853548 -0.2667431235 -0.7067244649 0.6552774906
32.2 -100.3 2722.5 0.8576958179 0.0670761541 0.5097633600 -0.0639745742 0.9976715446 -0.0236369465 -0.5101618767 -0.0123385834 0.8599898815
5.6 -496.9 2727.4 0.8594359159 -0.0083796438 0.5111747980 -0.1171238422 0.9700458646 0.2128216922 -0.4976463318 -0.2427773625 0.8327108026
202.2 -85.1 2655.0 0.8524957895 0.0261700880 0.5220786333 0.0351855196 0.9936081767 -0.1072603166 -0.5215486288 0.1098085791 0.8461259604
191.8 -480.2 2611.3 0.8520519137 -0.1439343393 0.5032796264 0.0382231884 0.9759943485 0.2144155204 -0.5220598578 -0.1634562165 0.8370994925
-73.8 95.4 2478.6 0 0 0 0 0 0 0 0 0
265.0 -202.0 2541.3 0 0 0 0 0 0 0 0 0
7.9 -764.8 2794.4 0 0 0 0 0 0 0 0 0
231.7 -750.7 2656.6 0 0 0 0 0 0 0 0 0
69.1 504.1 2697.8 06 0.9198403955 -0.0724428147 0.3855459392 0.0713261664 0.9973043799 0.0172193609 -0.3857540786 0.0116604464 0.9225279689
83.5 304.9 2695.5 0.9198403955 -0.0724428147 0.3855459392 0.0713261664 0.9973043799 0.0172193609 -0.3857540786 0.0116604464 0.9225279689
97.8 106.6 2693.5 0.9199402332 -0.0716110617 0.3854631484 0.0699440613 0.9973818660 0.0183654707 -0.3857691288 0.0100657232 0.9225404263
-45.9 295.0 2749.8 0.2035722435 -0.9776162505 -0.0531491749 0.9770702124 0.2063181400 -0.0525988303 0.0623871088 -0.0412228107 0.9972003698
-91.7 75.2 2735.8 -0.0574841462 -0.9776162505 -0.2023908794 -0.0734512359 0.2063181400 -0.9757242203 0.9956407547 -0.0412228107 -0.0836671442
213.0 314.7 2641.2 0.2374165654 0.6808295250 0.6928957701 -0.9660440683 0.2403337657 0.0948606506 -0.1019423231 -0.6918893456 0.7147705555
274.5 64.3 2614.8 -0.0360703841 0.6799579859 0.7323633432 -0.9620774388 0.1746481657 -0.2095352262 -0.2703810632 -0.7121482491 0.6478726268
29.8 -97.0 2728.1 0.8529233336 0.0615406595 0.5183960795 -0.0567305982 0.9980728030 -0.0251452662 -0.5189445019 -0.0079619363 0.8547708392
5.3 -493.8 2731.2 0.8544300199 -0.0112870382 0.5194438696 -0.1033269837 0.9761029482 0.1911717206 -0.5091884732 -0.2170154303 0.8328453898
199.3 -83.8 2659.0 0.8477131724 0.0133440876 0.5302870274 0.0512667857 0.9929427505 -0.1069410369 -0.5279716849 0.1178414375 0.8410465121
194.0 -478.6 2612.1 0.8501466513 -0.1371054202 0.5083825588 0.0347756818 0.9780166149 0.2056068778 -0.5253964067 -0.1571166515 0.8362254500
-76.9 94.1 2479.8 0 0 0 0 0 0 0 0 0
264.6 -200.6 2540.3 0 0 0 0 0 0 0 0 0
8.4 -759.6 2790.3 0 0 0 0 0 0 0 0 0
232.4 -752.8 2656.2 0 0 0 0 0 0 0 0 0
71.2 503.5 2698.8 07 0.9251435399 -0.0658653155 0.3738598228 0.0680940375 0.9976524711 0.0072592297 -0.3734603226 0.0187417977 0.9274567962
84.3 304.4 2695.1 0.9251435399 -0.0658653155 0.3738598228 0.0680940375 0.9976524711 0.0072592297 -0.3734603226 0.0187417977 0.9274567962
97.1 106.0 2691.8 0.9252917171 -0.0643765628 0.3737523854 0.0658235550 0.9977915287 0.0089053521 -0.3735002577 0.0163616613 0.9274857640
-45.9 295.1 2747.6 0.2047806382 -0.9774339199 -0.0518441796 0.9771187901 0.2072506398 -0.0478125848 0.0574783832 -0.0408668295 0.9975099564
-91.9 75.4 2734.7 -0.0577847213 -0.9774339199 -0.2031842768 -0.0762427151 0.2072506398 -0.9753123522 0.9954134822 -0.0408668295 -0.0864981413
214.6 313.6 2642.5 0.2266531736 0.6920167208 0.6853767037 -0.9680619836 0.2374868989 0.0803491250 -0.1071650460 -0.6816985011 0.7237422466
273.7 61.1 2614.5 -0.0328817666 0.6914256215 0.7216989398 -0.9636675715 0.1695768237 -0.2063697726 -0.2650727630 -0.7022637129 0.6607285142
27.6 -98.1 2726.9 0.8591382504 0.0574457161 0.5085090995 -0.0580325536 0.9982061982 -0.0147188790 -0.5084424615 -0.0168645270 0.8609308004
4.8 -495.0 2733.6 0.8603117466 -0.0121165868 0.5096242428 -0.0972161517 0.9774700999 0.1873533428 -0.5004125237 -0.2107259929 0.8397510648
196.4 -85.2 2656.1 0.8547741175 0.0105282888 0.5188933611 0.0500254221 0.9934676886 -0.1025643349 -0.5165836215 0.1136272028 0.8486638069
192.2 -480.2 2610.9 0.8558275700 -0.1530160159 0.4941106141 0.0434512235 0.9731345177 0.2260999978 -0.5154330134 -0.1720329076 0.8394840956
-77.1 95.0 2478.8 0 0 0 0 0 0 0 0 0
264.6 -204.3 2541.5 0 0 0 0 0 0 0 0 0
8.1 -762.9 2791.4 0 0 0 0 0 0 0 0 0
234.1 -746.6 2658.0 0 0 0 0 0 0 0 0 0
68.7 507.6 2688.3 08 0.9265043139 -0.0739717185 0.3689416051 0.0636021495 0.9971650243 0.0402078256 -0.3708699048 -0.0137872435 0.9285824895
83.5 307.9 2691.1 0.9265043139 -0.0739717185 0.3689416051 0.0636021495 0.9971650243 0.0402078256 -0.3708699048 -0.0137872435 0.9285824895
97.5 109.7 2693.7 0.9267115593 -0.0706277713 0.3690763712 0.0607434921 0.9974164367 0.0383487158 -0.3708313406 -0.0131192105 0.9286075830
-46.9 299.3 2743.2 0.1972147971 -0.9791684151 -0.0483269729 0.9795221686 0.1988445520 -0.0315772928 0.0405290462 -0.0411098301 0.9983323216
-91.8 76.6 2734.0 -0.0583207533 -0.9791684151 -0.1944938749 -0.0814853832 0.1988445520 -0.9766376019 0.9949667454 -0.0411098301 -0.0913846791
213.9 316.4 2638.9 0.2282057554 0.6928285956 0.6840399504 -0.9694742560 0.2264143974 0.0941074044 -0.0896762013 -0.6846349835 0.7233485579
274.1 60.7 2615.2 -0.0350080505 0.6919566393 0.7210897207 -0.9619974494 0.1721821725 -0.2119295895 -0.2708048820 -0.7011057734 0.6596328020
25.1 -98.4 2722.8 0.8624489903 0.0482867621 0.5038354397 -0.0583603345 0.9982866645 0.0042251535 -0.5027682185 -0.0330479853 0.8637893200
5.9 -495.2 2736.0 0.8633448482 -0.0062500914 0.5045757294 -0.0965149477 0.9794179201 0.1772719771 -0.4952984750 -0.2017459422 0.8449721932
194.8 -86.3 2654.3 0.8570317626 -0.0010099142 0.5152626038 0.0593185462 0.9935427308 -0.0967166796 -0.5118377209 0.1134538949 0.8515576124
195.2 -481.3 2609.2 0.8613935113 -0.1382497102 0.4887619615 0.0311207846 0.9748037457 0.2208827734 -0.5069839358 -0.1750563234 0.8439920545
-76.8 97.6 2478.3 0 0 0 0 0 0 0 0 0
264.5 -204.2 2540.6 0 0 0 0 0 0 0 0 0
7.6 -762.3 2791.0 0 0 0 0 0 0 0 0 0
233.1 -748.2 2657.1 0 0 0 0 0 0 0 0 0
67.4 507.3 2692.0 09 0.9204450846 -0.0755719766 0.3834966421 0.0665157065 0.9971049428 0.0368429236 -0.3851706982 -0.0084033385 0.9228070974
82.5 307.6 2693.7 0.9204450846 -0.0755719766 0.3834966421 0.0665157065 0.9971049428 0.0368429236 -0.3851706982 -0.0084033385 0.9228070974
96.9 109.4 2695.1 0.9206168652 -0.0724497214 0.3836868107 0.0642010719 0.9973480105 0.0342805535 -0.3851529062 -0.0069261501 0.9228267670
-47.1 298.6 2747.9 0.1954987645 -0.9791185260 -0.0557416007 0.9791087508 0.1981057823 -0.0458272770 0.0559130684 -0.0456179120 0.9973929524
-91.1 78.1 2735.3 -0.0622439757 -0.9791185260 -0.1935267001 -0.0785232112 0.1981057823 -0.9770302773 0.9949672222 -0.0456179120 -0.0892144218
212.0 316.6 2639.5 0.2422513813 0.6774803400 0.6945031285 -0.9642058015 0.2476489395 0.0947481617 -0.1078029424 -0.6925967932 0.7132238150
274.9 66.6 2611.6 -0.0376664586 0.6768594980 0.7351479530 -0.9671571255 0.1603662670 -0.1972049624 -0.2513729632 -0.7184315324 0.6485890150
26.5 -94.1 2730.3 0.8543561697 0.0556694493 0.5166976452 -0.0564753599 0.9983033538 -0.0141764209 -0.5166102052 -0.0170689728 0.8560505509
4.4 -490.9 2737.1 0.8553410769 -0.0106025813 0.5179568529 -0.0929749534 0.9804165959 0.1736056656 -0.5096541643 -0.1966490746 0.8376048207
196.6 -83.0 2662.2 0.8487182260 0.0048499643 0.5288231373 0.0658835918 0.9911981821 -0.1148283333 -0.5247254372 0.1322976649 0.8409283757
194.7 -477.0 2609.7 0.8554487228 -0.1308430135 0.5010864735 0.0221283734 0.9759094715 0.2170508653 -0.5174145699 -0.1745876521 0.8377358317
-75.1 98.3 2479.7 0 0 0 0 0 0 0 0 0
264.5 -199.7 2542.4 0 0 0 0 0 0 0 0 0
7.4 -764.2 2791.9 0 0 0 0 0 0 0 0 0
231.5 -751.9 2658.8 0 0 0 0 0 0 0 0 0
69.1 505.7 2694.4 10 0.9170635343 -0.0683924258 0.3928319514 0.0623696819 0.9976577163 0.0280915797 -0.3938330710 -0.0012609601 0.9191811085
82.8 306.0 2694.7 0.9170635343 -0.0683924258 0.3928319514 0.0623696819 0.9976577163 0.0280915797 -0.3938330710 -0.0012609601 0.9191811085
95.9 107.7 2694.6 0.9171664119 -0.0659713373 0.3930057585 0.0608416088 0.9978213906 0.0255104005 -0.3938325047 0.0005138196 0.9191820621
-46.3 297.4 2750.1 0.1998998076 -0.9779605865 -0.0602753870 0.9780192375 0.2028793991 -0.0481491275 0.0593165830 -0.0493254848 0.9970198274
-91.0 78.4 2736.8 -0.0666174665 -0.9779605865 -0.1978766471 -0.0793034658 0.2028793991 -0.9759871364 0.9946220517 -0.0493254848 -0.0910709798
211.9 314.6 2639.2 0.2426869422 0.6727606654 0.6989250183 -0.9643391371 0.2457327992 0.0983126536 -0.1056079119 -0.6978599429 0.7084055543
274.4 66.1 2612.0 -0.0356120989 0.6721671820 0.7395424843 -0.9668333530 0.1641047448 -0.1957112402 -0.2529130876 -0.7219840288 0.6440294981
26.8 -94.8 2731.8 0.8492002487 0.0565925092 0.5250297189 -0.0520983487 0.9983689785 -0.0233477745 -0.5254946947 -0.0075262468 0.8507635593
4.3 -491.7 2734.8 0.8509004116 -0.0117277168 0.5251961350 -0.1019662023 0.9770500660 0.1870189756 -0.5153362155 -0.2126867771 0.8301764131
195.7 -83.0 2661.1 0.8439890742 0.0034038811 0.5363495946 0.0743845254 0.9895739555 -0.1233302280 -0.5311774015 0.1439854801 0.8349363804
194.4 -476.4 2603.9 0.8544844985 -0.1303822696 0.5028485656 0.0101147546 0.9719826579 0.2348349243 -0.5193783641 -0.1955766231 0.8318629265
-73.9 98.8 2481.2 0 0 0 0 0 0 0 0 0
264.6 -200.1 2542.4 0 0 0 0 0 0 0 0 0
7.6 -762.2 2793.7 0 0 0 0 0 0 0 0 0
231.8 -755.7 2660.1 0 0 0 0 0 0 0 0 0
67.5 502.7 2696.1 11 0.9156658649 -0.0720110685 0.3954369724 0.0661539510 0.9974038005 0.0284475163 -0.3964588940 0.0001112997 0.9180524945
82.0 303.0 2696.1 0.9156658649 -0.0720110685 0.3954369724 0.0661539510 0.9974038005 0.0284475163 -0.3964588940 0.0001112997 0.9180524945
95.6 104.7 2694.8 0.9157178402 -0.0684389398 0.3959506750 0.0654157624 0.9976339340 0.0211506952 -0.3964613676 0.0065333461 0.9180281758
-46.9 293.8 2751.9 0.2025686204 -0.9775006771 -0.0588079914 0.9769544601 0.2058509141 -0.0564393811 0.0672752112 -0.0460198820 0.9966725707
-91.9 76.7 2736.9 -0.0631185248 -0.9775006771 -0.2012671828 -0.0772801042 0.2058509141 -0.9755271077 0.9950094819 -0.0460198820 -0.0885343626
210.8 312.2 2640.3 0.2479053140 0.6717264652 0.6980877519 -0.9637783170 0.2441608459 0.1073166728 -0.0983582437 -0.6994062066 0.7079241872
274.7 64.0 2614.9 -0.0374905691 0.6707559824 0.7407299876 -0.9619831443 0.1764417291 -0.2084627748 -0.2705233395 -0.7203851342 0.6386409998
24.9 -96.3 2730.6 0.8477398753 0.0506807379 0.5279854536 -0.0442694426 0.9987121224 -0.0247857124 -0.5285615921 -0.0023617849 0.8488916755
4.7 -493.3 2731.5 0.8504965901 -0.0148878144 0.5257698298 -0.1076425463 0.9735161662 0.2016912103 -0.5148481727 -0.2281328887 0.8263696432
193.2 -85.1 2658.3 0.8420585990 -0.0017417151 0.5393832326 0.0732825994 0.9910919070 -0.1112048700 -0.5343846679 0.1331684142 0.8346850872
193.9 -479.1 2605.4 0.8510195017 -0.1336872578 0.5078321695 0.0180274881 0.9739198685 0.2261749953 -0.5248245597 -0.1833243817 0.8312348127
-75.7 96.6 2481.2 0 0 0 0 0 0 0 0 0
264.3 -200.9 2540.5 0 0 0 0 0 0 0 0 0
8.8 -759.9 2794.0 0 0 0 0 0 0 0 0 0
230.9 -748.8 2656.1 0 0 0 0 0 0 0 0 0
71.0 501.4 2698.4 12 0.9217573404 -0.0687857196 0.3816174567 0.0675426722 0.9975771308 0.0166687947 -0.3818394244 0.0104108807 0.9241700172
84.7 301.7 2696.4 0.9217573404 -0.0687857196 0.3816174567 0.0675426722 0.9975771308 0.0166687947 -0.3818394244 0.0104108807 0.9241700172
97.6 103.3 2693.7 0.9219416380 -0.0646312833 0.3818984628 0.0647868514 0.9978212714 0.0124660768 -0.3818721175 0.0132490043 0.9241201878
-45.0 292.6 2750.1 0.2118632495 -0.9756709337 -0.0563934892 0.9750267267 0.2149512768 -0.0558464266 0.0666095912 -0.0431533568 0.9968454838
-92.3 75.2 2735.2 -0.0617794618 -0.9756709337 -0.2103557885 -0.0806997567 0.2149512768 -0.9732849002 0.9948220253 -0.0431533568 -0.0920159817
214.5 310.8 2642.6 0.2322375476 0.6832885742 0.6922300458 -0.9656924009 0.2470045984 0.0801678896 -0.1162062064 -0.6870993376 0.7172102928
274.3 62.0 2612.7 -0.0365126096 0.6825269461 0.7299478054 -0.9626544714 0.1720547825 -0.2090300769 -0.2682596743 -0.7103197575 0.6507554054
25.1 -99.7 2729.9 0.8552682400 0.0502675474 0.5157416463 -0.0493514948 0.9986612797 -0.0154951364 -0.5158300996 -0.0122001236 0.8566040397
5.1 -496.7 2734.7 0.8569940329 -0.0113066817 0.5152022243 -0.0999184400 0.9771406054 0.1876500398 -0.5055467486 -0.2122931778 0.8362739682
193.2 -87.7 2657.1 0.8504472971 -0.0035486748 0.5260482430 0.0689709187 0.9920976162 -0.1048107222 -0.5215193033 0.1254180223 0.8439715505
194.6 -482.1 2607.2 0.8582844138 -0.1345057338 0.4952333272 0.0201303735 0.9731210470 0.2294126153 -0.5127792954 -0.1869320422 0.8379223347
-76.4 95.9 2479.5 0 0 0 0 0 0 0 0 0
264.2 -203.1 2538.8 0 0 0 0 0 0 0 0 0
8.2 -760.2 2792.0 0 0 0 0 0 0 0 0 0
231.6 -749.8 2658.7 0 0 0 0 0 0 0 0 0
69.8 501.8 2697.6 13 0.9196143150 -0.0711866692 0.3863184154 0.0686766505 0.9974321127 0.0203144290 -0.3867725134 0.0078496132 0.9221417308
84.1 302.1 2696.0 0.9196143150 -0.0711866692 0.3863184154 0.0686766505 0.9974321127 0.0203144290 -0.3867725134 0.0078496132 0.9221417308
97.3 103.8 2693.3 0.9197522998 -0.0665793270 0.3868111968 0.0666787252 0.9976874590 0.0131781297 -0.3867940605 0.0136714624 0.9220647812
-45.4 292.8 2750.5 0.2121033669 -0.9759423733 -0.0504840314 0.9741937518 0.2152388841 -0.0679614842 0.0771926194 -0.0347663686 0.9964098334
-92.9 74.3 2733.2 -0.0534110740 -0.9759423733 -0.2113852650 -0.0814210922 0.2152388841 -0.9731612802 0.9952476621 -0.0347663686 -0.0909584388
213.5 311.5 2641.6 0.2313637584 0.6788600683 0.6968643069 -0.9652861953 0.2494345605 0.0774915293 -0.1212161332 -0.6906022429 0.7130043507
273.8 59.8 2610.0 -0.0355240032 0.6782143712 0.7340049744 -0.9634863138 0.1718016863 -0.2053736150 -0.2653906345 -0.7144994736 0.6473471522
25.9 -101.0 2726.1 0.8520554900 0.0515912101 0.5209028721 -0.0583714135 0.9982891679 -0.0033926915 -0.5201867223 -0.0275150742 0.8536092043
5.3 -497.8 2737.0 0.8530791402 -0.0114572449 0.5216557980 -0.0950370729 0.9796237946 0.1769326329 -0.5130535960 -0.2005141675 0.8346077204
195.0 -89.1 2656.0 0.8475116491 0.0037431032 0.5307636261 0.0567238182 0.9936096072 -0.0975825638 -0.5277371407 0.1128093004 0.8418833613
193.5 -484.1 2611.2 0.8511977196 -0.1408738792 0.5055857301 0.0329532214 0.9757488966 0.2163981497 -0.5238096118 -0.1675369442 0.8351975083
-79.2 95.2 2477.2 0 0 0 0 0 0 0 0 0
264.1 -205.6 2536.9 0 0 0 0 0 0 0 0 0
8.4 -762.7 2791.3 0 0 0 0 0 0 0 0 0
231.9 -749.6 2656.8 0 0 0 0 0 0 0 0 0
69.6 502.4 2696.2 14 0.9228162766 -0.0697087124 0.3788810670 0.0668898523 0.9975473881 0.0206151884 -0.3793888688 0.0063192672 0.9252157211
83.6 302.8 2694.9 0.9228162766 -0.0697087124 0.3788810670 0.0668898523 0.9975473881 0.0206151884 -0.3793888688 0.0063192672 0.9252157211
96.8 104.4 2692.8 0.9229212999 -0.0663217530 0.3792330325 0.0653489530 0.9977428317 0.0154525358 -0.3794018924 0.0105210077 0.9251721501
-46.3 293.6 2748.3 0.2059330791 -0.9772934914 -0.0498900078 0.9758458734 0.2088923305 -0.0639441162 0.0729138032 -0.0355167501 0.9967056513
-92.7 73.6 2731.9 -0.0527666472 -0.9772934914 -0.2052148283 -0.0775924027 0.2088923305 -0.9748556018 0.9955878258 -0.0355167501 -0.0868530944
213.5 312.0 2641.5 0.2317465544 0.6844442487 0.6912521720 -0.9655949473 0.2480373383 0.0781271681 -0.1179826632 -0.6855753064 0.7183777094
273.9 60.3 2610.8 -0.0356274769 0.6837886572 0.7288097739 -0.9630188942 0.1713985801 -0.2078873515 -0.2670679688 -0.7092640996 0.6523948908
26.2 -100.7 2726.1 0.8564744592 0.0504493043 0.5137181878 -0.0561618358 0.9984118938 -0.0044148881 -0.5131251216 -0.0250701178 0.8579475880
6.1 -497.6 2736.0 0.8576128483 -0.0059961202 0.5142608881 -0.1003044769 0.9787799716 0.1786861420 -0.5044196844 -0.2048262060 0.8388128877
194.9 -88.4 2655.1 0.8518441319 0.0054966756 0.5237665176 0.0568022132 0.9930784702 -0.1028039530 -0.5207062960 0.1173240393 0.8456358910
192.7 -483.3 2608.5 0.8560788035 -0.1389066577 0.4978293180 0.0294630453 0.9747570157 0.2213159055 -0.5160048604 -0.1747962981 0.8385614157
-79.1 93.6 2475.9 0 0 0 0 0 0 0 0 0
264.1 -204.9 2537.2 0 0 0 0 0 0 0 0 0
7.7 -765.1 2792.0 0 0 0 0 0 0 0 0 0
231.0 -752.0 2656.6 0 0 0 0 0 0 0 0 0
68.4 504.4 2696.5 15 0.9185768962 -0.0691853985 0.3891399801 0.0672654882 0.9975621700 0.0185748469 -0.3894764185 0.0091132652 0.9209913611
82.3 304.5 2694.7 0.9185768962 -0.0691853985 0.3891399801 0.0672654882 0.9975621700 0.0185748469 -0.3894764185 0.0091132652 0.9209913611
95.8 106.2 2692.6 0.9186303020 -0.0678897128 0.3892419934 0.0664876103 0.9976409078 0.0170896780 -0.3894839585 0.0101806754 0.9209769964
-47.0 295.2 2749.5 0.2010643184 -0.9781519175 -0.0528395772 0.9766948819 0.2043161690 -0.0657416061 0.0751012564 -0.0383898541 0.9964366555
-92.4 74.6 2732.5 -0.0557407029 -0.9781519175 -0.2002794445 -0.0798541382 0.2043161690 -0.9756424427 0.9952468276 -0.0383898541 -0.0894981995
211.6 313.9 2639.8 0.2392311841 0.6782991290 0.6947508454 -0.9656147361 0.2411977500 0.0970145315 -0.1017674804 -0.6940705776 0.7126776576
274.2 61.0 2613.2 -0.0365368985 0.6773895621 0.7347165942 -0.9618914127 0.1755210012 -0.2096599191 -0.2709796131 -0.7143778801 0.6451621652
25.3 -99.9 2725.6 0.8508332372 0.0499439463 0.5230568051 -0.0574261695 0.9983479381 -0.0019143997 -0.5222882628 -0.0284083132 0.8522956967
5.4 -496.9 2736.8 0.8519013524 -0.0106548909 0.5235939622 -0.0958082899 0.9797489643 0.1758200824 -0.5148639679 -0.1999460012 0.8336286545
194.6 -87.9 2655.9 0.8460026383 0.0076153129 0.5331243277 0.0524966717 0.9938498139 -0.0975022092 -0.5305880308 0.1104743779 0.8403997421
191.6 -483.1 2612.0 0.8484761119 -0.1440114528 0.5092631578 0.0365116820 0.9759010077 0.2151375562 -0.5279726982 -0.1639450192 0.8332867622
-78.0 95.1 2476.6 0 0 0 0 0 0 0 0 0
264.2 -203.9 2538.6 0 0 0 0 0 0 0 0 0
8.3 -764.5 2791.5 0 0 0 0 0 0 0 0 0
231.4 -752.7 2657.3 0 0 0 0 0 0 0 0 0
67.5 507.4 2695.6 16 0.9164941311 -0.0722484589 0.3934700191 0.0663601384 0.9973866343 0.0285688192 -0.3945057988 -0.0000724298 0.9188934565
82.0 307.1 2695.6 0.9164941311 -0.0722484589 0.3934700191 0.0663601384 0.9973866343 0.0285688192 -0.3945057988 -0.0000724298 0.9188934565
95.6 108.8 2694.8 0.9166364670 -0.0681632012 0.3938672543 0.0643381774 0.9976648092 0.0229247510 -0.3945101202 0.0043270392 0.9188814163
-47.0 298.1 2751.2 0.1949774027 -0.9787100554 -0.0641129985 0.9769783020 0.1995714754 -0.0753967613 0.0865866914 -0.0479363389 0.9950903654
-91.2 76.5 2731.5 -0.0653869361 -0.9787100554 -0.1945538819 -0.0817853734 0.1995714754 -0.9764642119 0.9945027232 -0.0479363389 -0.0930935293
211.0 316.2 2640.1 0.2409263551 0.6722136140 0.7000595331 -0.9643509984 0.2471558899 0.0945576951 -0.1094608754 -0.6978845596 0.7077962160
274.2 63.5 2611.4 -0.0362980701 0.6714292765 0.7401791811 -0.9637331963 0.1724335700 -0.2036785334 -0.2643874586 -0.7207283974 0.6408196688
25.0 -98.3 2726.3 0.8485192657 0.0484763347 0.5269393921 -0.0541591533 0.9985215068 -0.0046486892 -0.5263856649 -0.0245940909 0.8498901129
5.7 -495.3 2736.1 0.8497565389 -0.0096922684 0.5270861983 -0.0971128419 0.9798421264 0.1745808721 -0.5181533694 -0.1995380819 0.8316860199
193.6 -86.1 2654.9 0.8433230519 0.0007536281 0.5374064445 0.0538508557 0.9948473573 -0.0859003663 -0.5347021222 0.1013815552 0.8389371037
193.3 -481.6 2614.6 0.8462240696 -0.1392250508 0.5143162608 0.0346361361 0.9775908589 0.2076450139 -0.5317002535 -0.1579002887 0.8320831060
-74.4 97.5 2475.9 0 0 0 0 0 0 0 0 0
264.2 -202.0 2538.6 0 0 0 0 0 0 0 0 0
8.4 -763.9 2790.8 0 0 0 0 0 0 0 0 0
231.9 -752.8 2658.4 0 0 0 0 0 0 0 0 0
68.5 506.4 2696.2 17 0.9128866196 -0.0669780597 0.4026809931 0.0624282546 0.9977504015 0.0244299360 -0.4034114182 0.0028369098 0.9150143266
82.0 306.5 2695.6 0.9128866196 -0.0669780597 0.4026809931 0.0624282546 0.9977504015 0.0244299360 -0.4034114182 0.0028369098 0.9150143266
94.3 108.1 2694.4 0.9130811691 -0.0622595102 0.4029969573 0.0594237372 0.9980413914 0.0195506960 -0.4034248590 0.0060962127 0.9149924517
-46.5 298.2 2752.4 0.1998489350 -0.9779283404 -0.0609634779 0.9760141373 0.2041689903 -0.0755741745 0.0863529816 -0.0443977974 0.9952748418
-91.7 77.5 2732.9 -0.0622238964 -0.9779283404 -0.1994600892 -0.0817341805 0.2041689903 -0.9755175710 0.9947098494 -0.0443977974 -0.0926343650
210.5 314.9 2638.9 0.2462523580 0.6649322510 0.7051417232 -0.9627905488 0.2513957918 0.0991691053 -0.1113289371 -0.7033244371 0.7020972967
274.1 65.9 2610.1 -0.0361488983 0.6642751098 0.7466136217 -0.9655582309 0.1694108099 -0.1974773109 -0.2576636672 -0.7280374765 0.6352722645
25.0 -95.4 2730.1 0.8432804942 0.0476946905 0.5353533626 -0.0525874048 0.9985975027 -0.0061302795 -0.5348948836 -0.0229832977 0.8446059227
6.1 -492.5 2739.3 0.8442257643 -0.0044685220 0.5359691381 -0.0942734778 0.9831381440 0.1566905081 -0.5276318789 -0.1828098297 0.8295692801
193.2 -83.6 2657.7 0.8383131623 0.0026076396 0.5451827049 0.0453330725 0.9961921573 -0.0744723231 -0.5433009267 0.0871459395 0.8350027800
192.2 -479.7 2623.1 0.8383049965 -0.1375432163 0.5275666714 0.0453914255 0.9819024801 0.1838671267 -0.5433086753 -0.1301897466 0.8293770552
-75.7 98.5 2477.2 0 0 0 0 0 0 0 0 0
264.2 -200.0 2539.1 0 0 0 0 0 0 0 0 0
7.3 -764.7 2789.9 0 0 0 0 0 0 0 0 0
230.9 -756.3 2659.8 0 0 0 0 0 0 0 0 0
68.1 505.0 2696.0 18 0.9131751657 -0.0678296536 0.4018833339 0.0637896210 0.9976879358 0.0234439373 -0.4025443792 0.0042275661 0.9153907299
81.7 305.2 2695.1 0.9131751657 -0.0678296536 0.4018833339 0.0637896210 0.9976879358 0.0234439373 -0.4025443792 0.0042275661 0.9153907299
94.3 106.9 2693.6 0.9133374095 -0.0634881407 0.4022238255 0.0613240004 0.9979506731 0.0182697605 -0.4025594592 0.0079795169 0.9153590798
-46.8 296.6 2751.8 0.2016713172 -0.9779633880 -0.0540028811 0.9758064151 0.2053682655 -0.0750046819 0.0844423100 -0.0375700668 0.9957198501
-92.2 77.0 2732.8 -0.0548262633 -0.9779633880 -0.2014490366 -0.0789902434 0.2053682655 -0.9754918814 0.9953665733 -0.0375700668 -0.0885091424
210.2 313.9 2638.5 0.2467322052 0.6664305329 0.7035577893 -0.9631621242 0.2487749010 0.1021265313 -0.1069672704 -0.7028380632 0.7032614350
274.1 64.5 2610.8 -0.0358479917 0.6656948924 0.7453624606 -0.9644907713 0.1722456813 -0.2002222240 -0.2616723776 -0.7260727882 0.6358819604
22.9 -95.7 2730.2 0.8440374732 0.0407557115 0.5347332954 -0.0446619093 0.9989862442 -0.0056440630 -0.5344212055 -0.0191184077 0.8450020552
6.7 -492.9 2737.8 0.8454146385 0.0053911302 0.5340833068 -0.1074572429 0.9812193513 0.1601923108 -0.5231892467 -0.1928200573 0.8301165104
190.5 -84.8 2656.2 0.8386620879 -0.0085151168 0.5445855260 0.0582519956 0.9955449104 -0.0741418153 -0.5415280461 0.0939031243 0.8354218006
193.9 -480.6 2618.9 0.8425860405 -0.1319323331 0.5221518874 0.0314598717 0.9799320102 0.1968336701 -0.5376420617 -0.1494224668 0.8298276663
-78.1 97.3 2476.9 0 0 0 0 0 0 0 0 0
264.2 -201.1 2538.7 0 0 0 0 0 0 0 0 0
5.2 -766.8 2791.7 0 0 0 0 0 0 0 0 0
231.8 -762.0 2661.8 0 0 0 0 0 0 0 0 0
70.1 504.0 2696.4 19 0.9193624258 -0.0636881441 0.3882222772 0.0625472814 0.9979202151 0.0155891795 -0.3884077072 0.0099501414 0.9214339256
82.8 304.6 2694.4 0.9193624258 -0.0636881441 0.3882222772 0.0625472814 0.9979202151 0.0155891795 -0.3884077072 0.0099501414 0.9214339256
95.3 106.2 2692.1 0.9193864465 -0.0625487641 0.3883506060 0.0621674918 0.9979736209 0.0135600781 -0.3884118199 0.0116758309 0.9214119315
-46.5 295.8 2749.1 0.2047203928 -0.9777734280 -0.0452626906 0.9765865207 0.2071571052 -0.0580065213 0.0660937205 -0.0323278122 0.9972895980
-92.7 75.8 2734.2 -0.0491281785 -0.9777734280 -0.2038273215 -0.0764744952 0.2071571052 -0.9753140807 0.9958604574 -0.0323278122 -0.0849519819
212.2 313.3 2639.7 0.2398942709 0.6788907647 0.6939438581 -0.9649974704 0.2447894067 0.0941172540 -0.1059747562 -0.6922322512 0.7138514519
274.3 63.6 2612.3 -0.0368171446 0.6780188084 0.7341219187 -0.9621178508 0.1745327115 -0.2094459832 -0.2701365948 -0.7140229940 0.6459081769
23.1 -97.2 2728.9 0.8518064618 0.0439597778 0.5220088959 -0.0470924452 0.9988640547 -0.0072722733 -0.5217356086 -0.0183881074 0.8529090285
5.7 -494.3 2736.2 0.8530861735 -0.0019745680 0.5217663646 -0.0987383872 0.9813134074 0.1651505977 -0.5123423934 -0.1924060583 0.8369499445
190.8 -85.9 2655.0 0.8468018174 -0.0086298650 0.5318384767 0.0617270246 0.9947072268 -0.0821421742 -0.5283147097 0.1023869514 0.8428525925
194.2 -481.4 2614.3 0.8516186476 -0.1297129542 0.5078584552 0.0289852303 0.9790676832 0.2014604360 -0.5233598351 -0.1568470746 0.8375520706
-80.0 95.5 2478.1 0 0 0 0 0 0 0 0 0
264.1 -201.4 2537.9 0 0 0 0 0 0 0 0 0
6.2 -767.0 2789.7 0 0 0 0 0 0 0 0 0
231.1 -760.1 2659.0 0 0 0 0 0 0 0 0 0
70.5 502.6 2696.1 20 0.9209323525 -0.0653678700 0.3842013180 0.0636158735 0.9978247881 0.0172819961 -0.3844952881 0.0085257534 0.9230875969
83.6 303.3 2694.4 0.9209323525 -0.0653678700 0.3842013180 0.0636158735 0.9978247881 0.0172819961 -0.3844952881 0.0085257534 0.9230875969
96.2 104.9 2692.3 0.9209913015 -0.0636587664 0.3843469322 0.0627039000 0.9979190230 0.0150295245 -0.3845038712 0.0102579892 0.9230663776
-46.1 294.5 2748.5 0.2070552260 -0.9772619009 -0.0456867516 0.9754167795 0.2098142803 -0.0673797280 0.0754333809 -0.0306123011 0.9966808558
-92.6 75.1 2731.5 -0.0472125150 -0.9772619009 -0.2067126632 -0.0745714679 0.2098142803 -0.9748933315 0.9960974455 -0.0306123011 -0.0827817172
213.2 312.1 2640.3 0.2370098680 0.6809594035 0.6929073930 -0.9650079012 0.2473785579 0.0869692564 -0.1121878922 -0.6892736554 0.7157623172
274.7 61.6 2611.1 -0.0350948907 0.6803238392 0.7320708632 -0.9635898471 0.1712555289 -0.2053439170 -0.2650715411 -0.7126225829 0.6495429873
23.4 -97.9 2725.4 0.8542705774 0.0336458422 0.5187385678 -0.0424553193 0.9990852475 0.0051148441 -0.5180919766 -0.0263926741 0.8549175858
10.0 -495.2 2735.9 0.8557072282 0.0122053716 0.5173163414 -0.1151074320 0.9791633487 0.1673003733 -0.5044952035 -0.2027070820 0.8392820954
192.1 -86.5 2654.1 0.8490263224 -0.0046420391 0.5283302069 0.0602354333 0.9942920804 -0.0880622119 -0.5249057412 0.1065913364 0.8444597721
193.9 -481.9 2611.7 0.8546144962 -0.1286262274 0.5030798316 0.0226173960 0.9771357179 0.2114100456 -0.5187701583 -0.1692957431 0.8379836082
-80.5 94.3 2475.4 0 0 0 0 0 0 0 0 0
265.0 -203.8 2538.1 0 0 0 0 0 0 0 0 0
6.6 -767.5 2792.3 0 0 0 0 0 0 0 0 0
230.5 -759.6 2659.9 0 0 0 0 0 0 0 0 0
70.7 502.4 2695.4 21 0.9199466109 -0.0649145395 0.3866320550 0.0624678209 0.9978679419 0.0189044755 -0.3870348930 0.0067609544 0.9220402837
83.7 303.0 2694.1 0.9199466109 -0.0649145395 0.3866320550 0.0624678209 0.9978679419 0.0189044755 -0.3870348930 0.0067609544 0.9220402837
96.3 104.6 2692.5 0.9200152755 -0.0631819367 0.3867557049 0.0613982864 0.9979689121 0.0169777665 -0.3870428801 0.0081263343 0.9220259190
-45.8 294.4 2748.6 0.2068914622 -0.9770839810 -0.0500278212 0.9754918218 0.2099294513 -0.0659189299 0.0749106407 -0.0351636708 0.9965700507
-92.5 74.2 2731.6 -0.0514110178 -0.9770839810 -0.2065520883 -0.0724444836 0.2099294513 -0.9750289321 0.9960465431 -0.0351636708 -0.0815770328
213.2 311.7 2639.6 0.2362229824 0.6809701920 0.6931654215 -0.9664720893 0.2385455519 0.0950141400 -0.1006497294 -0.6923695803 0.7144886255
274.6 60.6 2613.5 -0.0363954864 0.6800232530 0.7322866321 -0.9602469206 0.1791457683 -0.2140854746 -0.2767691612 -0.7109677792 0.6464701295
24.4 -99.3 2725.6 0.8528358340 0.0408835597 0.5205761790 -0.0457363203 0.9989473224 -0.0035248455 -0.5201722980 -0.0208031256 0.8538079262
8.1 -496.4 2733.9 0.8546764255 0.0032634577 0.5191508532 -0.1139115691 0.9767912030 0.1813920140 -0.5065100193 -0.2141687572 0.8352121711
193.4 -87.8 2655.0 0.8476660252 -0.0033646859 0.5305195451 0.0635031089 0.9934339523 -0.0951648802 -0.5267159343 0.1143576801 0.8423138857
194.7 -482.7 2609.6 0.8544727564 -0.1293411702 0.5031373501 0.0189192630 0.9756153822 0.2186703980 -0.5191515684 -0.1773289144 0.8360837698
-79.3 92.8 2475.5 0 0 0 0 0 0 0 0 0
264.5 -203.9 2537.2 0 0 0 0 0 0 0 0 0
7.2 -765.7 2792.9 0 0 0 0 0 0 0 0 0
230.8 -755.2 2659.1 0 0 0 0 0 0 0 0 0
73.7 508.3 2695.1 22 0.9212104082 -0.0619000793 0.3841090500 0.0582969785 0.9980778098 0.0210286938 -0.3846724033 0.0030205452 0.9230481982
86.1 308.3 2694.5 0.9212104082 -0.0619000793 0.3841090500 0.0582969785 0.9980778098 0.0210286938 -0.3846724033 0.0030205452 0.9230481982
97.7 109.8 2693.4 0.9213486314 -0.0584189594 0.3843227327 0.0560038015 0.9982774854 0.0174835026 -0.3846820891 0.0054151327 0.9230332375
-43.6 300.4 2748.6 0.2117190212 -0.9761211276 -0.0486064181 0.9746693373 0.2145489305 -0.0631543249 0.0720747262 -0.0340042114 0.9968194366
-92.6 75.0 2732.0 -0.0515015163 -0.9761211276 -0.2110334635 -0.0764972642 0.2145489305 -0.9737129807 0.9957388043 -0.0340042114 -0.0857201889
215.8 316.2 2640.4 0.2176600993 0.6858557463 0.6944249272 -0.9708286524 0.2254530340 0.0816249698 -0.1005772427 -0.6919341087 0.7149205804
273.7 57.9 2613.6 -0.0332781151 0.6850482821 0.7277371883 -0.9602321982 0.1800466478 -0.2133948654 -0.2772124112 -0.7058980465 0.6518138051
24.4 -99.4 2726.4 0.8543098569 0.0418352932 0.5180776715 -0.0445087664 0.9989824891 -0.0072739092 -0.5178548694 -0.0168448258 0.8553026319
7.8 -496.6 2733.1 0.8563860655 0.0038873055 0.5163214207 -0.1172639504 0.9753062725 0.1871545315 -0.5028439760 -0.2208224237 0.8356945515
193.3 -88.1 2655.3 0.8493778706 -0.0071077556 0.5277373195 0.0622844622 0.9942721128 -0.0868538171 -0.5240971446 0.1066415533 0.8449554443
196.1 -483.5 2612.9 0.8558495045 -0.1223425344 0.5025474429 0.0176917408 0.9779785275 0.2079543024 -0.5169222355 -0.1690866500 0.8391668797
-79.3 94.6 2475.9 0 0 0 0 0 0 0 0 0
264.5 -206.5 2537.3 0 0 0 0 0 0 0 0 0
6.7 -764.0 2793.6 0 0 0 0 0 0 0 0 0
230.3 -756.6 2660.2 0 0 0 0 0 0 0 0 0
71.3 506.0 2694.9 23 0.9131939411 -0.0590568669 0.4032233655 0.0560432784 0.9982421398 0.0192812998 -0.4036532640 0.0049903928 0.9148984551
83.1 306.0 2693.9 0.9131939411 -0.0590568669 0.4032233655 0.0560432784 0.9982421398 0.0192812998 -0.4036532640 0.0049903928 0.9148984551
94.3 107.5 2692.6 0.9133027196 -0.0562458858 0.4033789337 0.0541599020 0.9983944893 0.0165878683 -0.4036642909 0.0066972170 0.9148826599
-45.4 298.4 2750.7 0.2059394121 -0.9771462083 -0.0526714996 0.9750814438 0.2094463557 -0.0731327161 0.0824932083 -0.0362980962 0.9959303737
-92.0 77.6 2732.1 -0.0521691106 -0.9771462083 -0.2060672492 -0.0707545280 0.2094463557 -0.9752569199 0.9961286187 -0.0362980962 -0.0800641477
211.6 313.7 2637.1 0.2401346564 0.6711688042 0.7013328075 -0.9672033191 0.2270356864 0.1138970852 -0.0827834085 -0.7056820989 0.7036758661
274.0 62.3 2615.6 -0.0344394594 0.6702978611 0.7412925959 -0.9600270391 0.1839729548 -0.2109551579 -0.2777805924 -0.7189260721 0.6371681094
24.8 -93.8 2727.6 0.8435528874 0.0443181023 0.5352143645 -0.0408116542 0.9989974499 -0.0183980148 -0.5354931355 -0.0063232826 0.8445159197
7.2 -490.9 2730.2 0.8460182548 0.0031701964 0.5331445336 -0.1193637848 0.9757251740 0.1836100519 -0.5196204782 -0.2189756036 0.8258597255
193.9 -83.5 2657.0 0.8384571671 -0.0033211962 0.5449573994 0.0663561746 0.9931631088 -0.0960411280 -0.5409125686 0.1166876629 0.8329451084
195.2 -478.3 2610.7 0.8475121260 -0.1173872873 0.5176324844 0.0049556782 0.9769446850 0.2134349942 -0.5307528973 -0.1783235222 0.8285542130
-78.6 95.8 2476.0 0 0 0 0 0 0 0 0 0
264.5 -202.1 2539.1 0 0 0 0 0 0 0 0 0
6.3 -764.2 2791.5 0 0 0 0 0 0 0 0 0
229.0 -759.6 2662.0 0 0 0 0 0 0 0 0 0
70.3 501.3 2696.9 24 0.9057606459 -0.0581851564 0.4197762609 0.0569237247 0.9982575178 0.0155428043 -0.4199491739 0.0098171663 0.9074945450
82.0 301.8 2694.9 0.9057606459 -0.0581851564 0.4197762609 0.0569237247 0.9982575178 0.0155428043 -0.4199491739 0.0098171663 0.9074945450
93.0 103.3 2693.2 0.9059226513 -0.0555698164 0.4197811186 0.0540810376 0.9984169006 0.0154571207 -0.4199755192 0.0086992439 0.9074937105
-45.5 294.2 2754.0 0.2088874131 -0.9762833714 -0.0568929128 0.9729689360 0.2133318633 -0.0884363726 0.0984760374 -0.0368817933 0.9944557548
-92.1 77.4 2732.0 -0.0535818040 -0.9762833714 -0.2097611576 -0.0730357692 0.2133318633 -0.9742460251 0.9958889484 -0.0368817933 -0.0827343166
209.4 309.4 2635.8 0.2521000803 0.6570528746 0.7104414701 -0.9641883969 0.2330479324 0.1266073883 -0.0823791698 -0.7169171572 0.6922741532
274.2 61.8 2614.6 -0.0353208072 0.6561051607 0.7538424730 -0.9612061381 0.1841758788 -0.2053337693 -0.2735601366 -0.7318505645 0.6241470575
21.7 -95.9 2728.3 0.8340489864 0.0448494069 0.5498644114 -0.0342902765 0.9989773631 -0.0294686705 -0.5506237149 0.0057233111 0.8347339630
3.8 -493.1 2726.0 0.8382979035 -0.0112379640 0.5450965762 -0.1203234568 0.9713232517 0.2050693333 -0.5317695737 -0.2374971062 0.8129060864
189.2 -86.0 2654.3 0.8285690546 -0.0145783974 0.5596970320 0.0739768371 0.9937471151 -0.0836303830 -0.5549781322 0.1106981635 0.8244665861
195.0 -481.1 2610.2 0.8384003639 -0.1285392940 0.5296815634 0.0121511538 0.9759610891 0.2176058739 -0.5449194908 -0.1760046035 0.8198080063
-78.3 96.2 2476.0 0 0 0 0 0 0 0 0 0
264.5 -203.0 2539.3 0 0 0 0 0 0 0 0 0
7.0 -765.5 2792.6 0 0 0 0 0 0 0 0 0
230.8 -752.6 2659.2 0 0 0 0 0 0 0 0 0
71.4 502.3 2696.3 25 0.9078378677 -0.0524444133 0.4160288274 0.0521106645 0.9985672235 0.0121655967 -0.4160707593 0.0106351487 0.9092700481
81.9 302.7 2694.2 0.9078378677 -0.0524444133 0.4160288274 0.0521106645 0.9985672235 0.0121655967 -0.4160707593 0.0106351487 0.9092700481
91.8 104.2 2692.1 0.9079545736 -0.0498817377 0.4160893559 0.0498331860 0.9986971617 0.0109843761 -0.4160951674 0.0107617434 0.9092574120
-45.8 295.7 2752.8 0.2056032717 -0.9769846201 -0.0568182878 0.9744427800 0.2097455561 -0.0804239735 0.0904903710 -0.0388307385 0.9951400161
-92.4 75.0 2732.3 -0.0555204861 -0.9769846201 -0.2059575170 -0.0742768943 0.2097455561 -0.9749306440 0.9956909418 -0.0388307385 -0.0842125565
209.7 309.7 2635.6 0.2494945526 0.6591680050 0.7094011903 -0.9639021754 0.2393824756 0.1165702641 -0.0929788277 -0.7128769755 0.6950981021
274.8 58.2 2611.4 -0.0357501432 0.6582182646 0.7519778013 -0.9624380469 0.1799677759 -0.2032844275 -0.2691372931 -0.7309995294 0.6270604730
20.9 -100.1 2730.0 0.8363403082 0.0404954664 0.5467129350 -0.0329685323 0.9991782904 -0.0235759560 -0.5472184420 0.0016931990 0.8369881511
4.8 -497.4 2729.3 0.8402501941 -0.0114992671 0.5420769453 -0.1148262098 0.9733238220 0.1986346245 -0.5299005508 -0.2291474193 0.8165150881
