-161.7 448.7 2519.4 81 0.9642262459 -0.0112711452 -0.2648409307 -0.0021789030 0.9987248778 -0.0504368022 0.2650716901 0.0492095500 0.9629721642
-159.5 250.4 2509.6 0.9642262459 -0.0112711452 -0.2648409307 -0.0021789030 0.9987248778 -0.0504368022 0.2650716901 0.0492095500 0.9629721642
-156.9 56.6 2501.6 0.9641736150 -0.0135364011 -0.2649263740 0.0020584003 0.9990488887 -0.0435550138 0.2652639747 0.0414492711 0.9632844925
-291.1 250.1 2473.4 0.3646434844 -0.7318711877 -0.5756732225 0.7318977714 0.6074762940 -0.3087040186 0.5756394267 -0.3087670505 0.7571672201
-366.6 98.5 2354.2 -0.6785548329 -0.7318711877 -0.0626726598 -0.6079931259 0.6074762940 -0.5111917257 0.4121986330 -0.3087670505 -0.8571786284
-27.8 250.8 2545.8 0.2294831425 0.5844742060 0.7782849073 -0.9671968222 0.2264379859 0.1151354834 -0.1089395434 -0.7791762948 0.6172652841
32.1 -1.6 2517.4 -0.0333664417 0.5844603181 0.8107360005 -0.9529079199 0.2260395139 -0.2021697313 -0.3014185429 -0.7793024182 0.5493947268
-238.9 -137.1 2471.4 0.9999703765 -0.0043238476 -0.0063661374 0.0049635018 0.9945484400 0.1041571870 0.0058810725 -0.1041857004 0.9945404530
-237.3 -523.1 2511.8 0.9999698400 0.0053235306 -0.0056542065 -0.0055702007 0.9989918470 -0.0445454121 0.0054113674 0.0445755646 0.9989913702
-67.7 -135.7 2523.8 0.8889914155 0.1259186119 -0.4402712286 -0.1199646741 0.9919121861 0.0414576940 0.4419306815 0.0159614589 0.8969072104
-116.6 -520.8 2517.6 0.8848738074 -0.1166457832 -0.4509901404 0.0992846638 0.9931218028 -0.0620613806 0.4551273584 0.0101400856 0.8903686404
-176.1 269.2 2238.5 0 0 0 0 0 0 0 0 0
22.9 -263.2 2434.6 0 0 0 0 0 0 0 0 0
-239.0 -847.7 2497.3 0 0 0 0 0 0 0 0 0
-79.6 -836.0 2514.4 0 0 0 0 0 0 0 0 0
-161.3 447.5 2523.7 82 0.9698336720 -0.0131452931 -0.2434129864 -0.0008934314 0.9983465672 -0.0574744903 0.2437660396 0.0559581667 0.9682183862
-158.7 250.0 2512.6 0.9698336720 -0.0131452931 -0.2434129864 -0.0008934314 0.9983465672 -0.0574744903 0.2437660396 0.0559581667 0.9682183862
-156.0 56.1 2503.0 0.9697967172 -0.0142693501 -0.2434967458 0.0017955807 0.9986779094 -0.0513729081 0.2439078838 0.0493840612 0.9685401917
-291.1 249.7 2479.3 0.3573184311 -0.7261669040 -0.5873713493 0.7576191425 0.5931344032 -0.2724057138 0.5462021828 -0.3476682007 0.7620958090
-367.4 88.0 2362.8 -0.6835289598 -0.7261669040 -0.0739577338 -0.5684442520 0.5931344032 -0.5701426864 0.4578856528 -0.3476682007 -0.8182099462
-26.3 250.2 2545.9 0.2118750811 0.5708404183 0.7932528853 -0.9709410667 0.2153706104 0.1043500379 -0.1112761274 -0.7923109531 0.5998840928
29.7 -6.5 2516.5 -0.0200090166 0.5714561343 0.8203886151 -0.9528976679 0.2374746501 -0.1886580139 -0.3026312888 -0.7855212688 0.5397875905
-240.6 -137.5 2469.8 0.9998726249 -0.0038651049 0.0154840322 0.0024496231 0.9959014058 0.0904126242 -0.0157700237 -0.0903631747 0.9957839847
-239.1 -524.1 2504.9 0.9998731613 -0.0017100765 0.0158336759 0.0021625264 0.9995885491 -0.0286022779 -0.0157782473 0.0286328904 0.9994654655
-68.0 -137.1 2517.3 0.9011254907 0.1189034730 -0.4169350564 -0.1022612378 0.9928162098 0.0621177964 0.4213258922 -0.0133396359 0.9068111777
-114.1 -522.4 2522.4 0.8965620399 -0.1094247401 -0.4291884601 0.0864297375 0.9935963154 -0.0727754757 0.4344035089 0.0281530824 0.9002782702
-176.5 246.8 2234.9 0 0 0 0 0 0 0 0 0
24.3 -268.1 2433.4 0 0 0 0 0 0 0 0 0
-238.6 -845.6 2495.7 0 0 0 0 0 0 0 0 0
-79.6 -836.1 2513.6 0 0 0 0 0 0 0 0 0
-160.9 449.7 2517.8 83 0.9753293991 -0.0047124992 -0.2207042724 -0.0050326986 0.9990376234 -0.0435718931 0.2206971943 0.0436076857 0.9743670225
-159.9 251.6 2509.2 0.9753293991 -0.0047124992 -0.2207042724 -0.0050326986 0.9990376234 -0.0435718931 0.2206971943 0.0436076857 0.9743670225
-158.3 57.7 2501.5 0.9752997160 -0.0084302695 -0.2207247615 -0.0005192691 0.9991811514 -0.0404567644 0.2208850831 0.0395720862 0.9744967222
-293.1 251.7 2479.0 0.3423343301 -0.7307505012 -0.5906021595 0.7959686518 0.5595477819 -0.2309549004 0.4992405474 -0.3910369873 0.7732069492
-367.5 78.7 2370.5 -0.6794297695 -0.7307505012 -0.0661730766 -0.5406305194 0.5595477819 -0.6281917691 0.4960784614 -0.3910369873 -0.7752394676
-26.8 251.6 2539.3 0.2238650769 0.5522792935 0.8030392528 -0.9698708653 0.2074798048 0.1276817173 -0.0960984603 -0.8074278235 0.5820870996
33.5 -9.5 2513.5 -0.0435772128 0.5531343818 0.8319515586 -0.9539474845 0.2243481576 -0.1991282552 -0.2967914939 -0.8023155332 0.5178847313
-240.1 -137.9 2471.6 0.9991841316 -0.0081270812 0.0395599715 0.0047291694 0.9963492155 0.0852401853 -0.0401083007 -0.0849835575 0.9955747724
-236.9 -524.7 2504.6 0.9991783500 0.0050518471 0.0402133949 -0.0040585627 0.9996855855 -0.0247437712 -0.0403257497 0.0245602317 0.9988846779
-66.4 -137.5 2515.3 0.9100324512 0.1204854101 -0.3966412246 -0.1051588729 0.9926283360 0.0602540784 0.4009770453 -0.0131228212 0.9159941077
-113.2 -522.8 2520.4 0.9067184925 -0.1046820581 -0.4085379541 0.0861558095 0.9942529798 -0.0635470524 0.4128423035 0.0224213693 0.9105265141
-176.6 230.6 2231.1 0 0 0 0 0 0 0 0 0
21.5 -271.4 2432.0 0 0 0 0 0 0 0 0 0
-238.5 -844.4 2496.7 0 0 0 0 0 0 0 0 0
-80.2 -835.9 2513.3 0 0 0 0 0 0 0 0 0
-158.5 448.7 2514.9 84 0.9799889326 0.0077879583 -0.1988996565 -0.0150399776 0.9992749691 -0.0349759236 0.1984830648 0.0372674614 0.9793955088
-160.1 250.5 2507.5 0.9799889326 0.0077879583 -0.1988996565 -0.0150399776 0.9992749691 -0.0349759236 0.1984830648 0.0372674614 0.9793955088
-160.5 56.5 2500.9 0.9800192118 0.0021412740 -0.1988911927 -0.0089361463 0.9994063973 -0.0332724229 0.1987018883 0.0343849361 0.9794566035
-293.9 251.7 2480.4 0.3517871499 -0.7169992328 -0.6017955542 0.8149158359 0.5509160161 -0.1800104082 0.4606061280 -0.4270873368 0.7780992389
-371.3 72.5 2379.1 -0.6921859384 -0.7169992328 -0.0824055374 -0.4902605116 0.5509160161 -0.6753785014 0.5296444297 -0.4270873368 -0.7328527570
-26.3 249.3 2534.6 0.2208925933 0.5365041494 0.8144751191 -0.9715117216 0.1945554018 0.1353263557 -0.0858573765 -0.8211647272 0.5641959310
32.5 -9.1 2511.8 -0.0502300337 0.5378208160 0.8415614963 -0.9563761353 0.2169018537 -0.1956994683 -0.2877874970 -0.8146793246 0.5034639835
-244.0 -136.2 2474.1 0.9978954196 -0.0150273675 0.0630782321 0.0098802196 0.9966543913 0.0811320320 -0.0640864000 -0.0803380609 0.9947053194
-238.2 -523.1 2505.3 0.9979233742 0.0041299169 0.0642792657 -0.0028090894 0.9997833371 -0.0206250977 -0.0643505156 0.0204017013 0.9977188110
-69.3 -136.3 2513.6 0.9193870425 0.1195063516 -0.3747607768 -0.0998024493 0.9924256206 0.0716299266 0.3804824352 -0.0284535866 0.9243503213
-115.7 -521.5 2524.7 0.9146504402 -0.1134920344 -0.3879873455 0.0931756943 0.9931256771 -0.0708493963 0.3933610320 0.0286514387 0.9189375639
-176.8 210.3 2230.2 0 0 0 0 0 0 0 0 0
18.7 -271.6 2432.8 0 0 0 0 0 0 0 0 0
-239.5 -848.2 2498.6 0 0 0 0 0 0 0 0 0
-79.6 -838.0 2515.5 0 0 0 0 0 0 0 0 0
-157.6 448.1 2512.9 85 0.9800086021 0.0084799072 -0.1987744272 -0.0151969176 0.9993629456 -0.0322908945 0.1983739883 0.0346661136 0.9795131683
-159.3 250.1 2506.1 0.9800086021 0.0084799072 -0.1987744272 -0.0151969176 0.9993629456 -0.0322908945 0.1983739883 0.0346661136 0.9795131683
-160.0 56.1 2500.0 0.9800401926 0.0039131832 -0.1987609565 -0.0100990431 0.9994953275 -0.0301178843 0.1985428035 0.0315240324 0.9795851111
-293.1 251.5 2478.9 0.3324374557 -0.7264441252 -0.6014684439 0.8455956578 0.5120128989 -0.1510321945 0.4176760614 -0.4583903551 0.7844902873
-366.8 64.1 2386.4 -0.6828493476 -0.7264441252 -0.0774319395 -0.4626310766 0.5120128989 -0.7237508297 0.5654106736 -0.4583903551 -0.6857033372
-25.4 248.8 2533.2 0.2079602927 0.5388092399 0.8163560033 -0.9749416709 0.1815899014 0.1285062432 -0.0790016502 -0.8226236701 0.5630710721
30.2 -12.1 2512.0 -0.0463410467 0.5413942933 0.8394907713 -0.9544050097 0.2240987271 -0.1972075403 -0.2948958576 -0.8103529811 0.5063244700
-248.6 -136.7 2476.4 0.9975680709 -0.0291869622 0.0632936433 0.0234560911 0.9957134128 0.0894687101 -0.0656336471 -0.0877665058 0.9939764738
-237.3 -523.2 2510.5 0.9977812171 0.0032479954 0.0664984137 -0.0007059624 0.9992693067 -0.0382148400 -0.0665739477 0.0380831026 0.9970544577
-73.1 -138.3 2512.0 0.9201544523 0.1088810191 -0.3761125803 -0.0928139165 0.9938353300 0.0606378540 0.3803962767 -0.0208877102 0.9245876670
-115.4 -524.0 2520.1 0.9153941870 -0.1123357937 -0.3865671456 0.0962650105 0.9934999347 -0.0607531443 0.3908791840 0.0184001867 0.9202580452
-175.0 194.1 2227.5 0 0 0 0 0 0 0 0 0
17.5 -274.2 2431.1 0 0 0 0 0 0 0 0 0
-238.4 -847.6 2498.1 0 0 0 0 0 0 0 0 0
-79.7 -839.8 2514.3 0 0 0 0 0 0 0 0 0
-158.5 449.0 2512.5 86 0.9819968939 0.0084807966 -0.1887065619 -0.0146432249 0.9994031787 -0.0312859640 0.1883286089 0.0334859900 0.9815350175
-160.2 251.0 2505.8 0.9819968939 0.0084807966 -0.1887065619 -0.0146432249 0.9994031787 -0.0312859640 0.1883286089 0.0334859900 0.9815350175
-160.9 57.0 2500.0 0.9820291400 0.0038628222 -0.1886897236 -0.0094189132 0.9995477796 -0.0285578500 0.1884940714 0.0298218932 0.9816214442
-294.3 252.3 2480.1 0.3234657049 -0.7237027884 -0.6096099019 0.8599712849 0.4935953319 -0.1296650469 0.3947395682 -0.4823048115 0.7820247412
-366.8 59.5 2391.6 -0.6832969785 -0.7237027884 -0.0967446938 -0.4145356715 0.4935953319 -0.7645415664 0.6010535955 -0.4823048115 -0.6372728348
-26.0 249.7 2531.6 0.2120814621 0.5301864743 0.8209285736 -0.9742205739 0.1808177531 0.1349045485 -0.0769139007 -0.8283762932 0.5548666716
31.1 -12.9 2510.8 -0.0502986014 0.5333610773 0.8443909287 -0.9525028467 0.2286357135 -0.2011567652 -0.3003471196 -0.8144026399 0.4965278804
-248.5 -137.0 2476.1 0.9969304204 -0.0264319424 0.0736958086 0.0203051046 0.9963692427 0.0826803744 -0.0756136402 -0.0809301808 0.9938474894
-238.3 -523.8 2507.5 0.9970800877 0.0023514633 0.0763268694 0.0004763222 0.9993148446 -0.0370090306 -0.0763615966 0.0369373225 0.9963957667
-73.0 -138.8 2511.6 0.9243502021 0.1052003801 -0.3667554557 -0.0889927894 0.9941701889 0.0608759262 0.3710215092 -0.0236320850 0.9283235073
-113.8 -524.7 2520.8 0.9200528860 -0.1074842140 -0.3767622411 0.0917960629 0.9940041304 -0.0594075322 0.3808885813 0.0200727805 0.9244030118
-175.8 175.4 2223.6 0 0 0 0 0 0 0 0 0
17.3 -274.4 2428.4 0 0 0 0 0 0 0 0 0
-239.1 -847.6 2495.5 0 0 0 0 0 0 0 0 0
-80.3 -834.7 2514.6 0 0 0 0 0 0 0 0 0
-160.6 450.0 2520.2 87 0.9820678234 0.0049056322 -0.1884640157 -0.0147397742 0.9985993505 -0.0508144572 0.1879507750 0.0526811630 0.9807646275
-161.5 252.4 2509.8 0.9820678234 0.0049056322 -0.1884640157 -0.0147397742 0.9985993505 -0.0508144572 0.1879507750 0.0526811630 0.9807646275
-161.5 58.5 2500.6 0.9820821285 -0.0000213788 -0.1884532869 -0.0088862926 0.9988823533 -0.0464222431 0.1882436574 0.0472651087 0.9809843898
-295.7 253.6 2484.1 0.3165452182 -0.7175725698 -0.6203939915 0.8691284060 0.4814178348 -0.1133695617 0.3800196350 -0.5033154488 0.7760532498
-367.4 56.7 2398.0 -0.6843194962 -0.7175725698 -0.1296008378 -0.3528618515 0.4814178348 -0.8023249507 0.6381185651 -0.5033154488 -0.5826476216
-27.4 251.1 2535.5 0.2122334540 0.5288540125 0.8217483759 -0.9721649885 0.1996755898 0.1225760877 -0.0992582291 -0.8248897791 0.5565111637
30.0 -11.8 2508.7 -0.0488082990 0.5305361152 0.8462559581 -0.9533080459 0.2280670404 -0.1979627460 -0.2980294824 -0.8164048195 0.4946328104
-249.6 -136.2 2477.4 0.9971401691 -0.0212098695 0.0725372657 0.0136783589 0.9946087599 0.1027924269 -0.0743264109 -0.1015062705 0.9920544624
-241.4 -522.3 2516.8 0.9971633554 -0.0060625933 0.0750235543 0.0106287822 0.9981046319 -0.0606146902 -0.0745138749 0.0612401552 0.9953377843
-73.7 -137.9 2511.1 0.9254485965 0.0981683657 -0.3659342527 -0.0847525746 0.9950131774 0.0525904931 0.3692721426 -0.0176559240 0.9291535616
-111.8 -524.2 2518.0 0.9221863747 -0.0987775326 -0.3739188910 0.0874408558 0.9950504899 -0.0472077578 0.3767312467 0.0108385626 0.9262592196
-176.7 155.0 2220.2 0 0 0 0 0 0 0 0 0
16.6 -273.6 2426.8 0 0 0 0 0 0 0 0 0
-239.4 -847.7 2496.8 0 0 0 0 0 0 0 0 0
-80.9 -835.1 2514.6 0 0 0 0 0 0 0 0 0
-161.0 448.7 2517.6 88 0.9837191701 0.0085949451 -0.1795068085 -0.0169849899 0.9988310933 -0.0452549048 0.1789080054 0.0475670397 0.9827152491
-162.7 251.0 2508.2 0.9837191701 0.0085949451 -0.1795068085 -0.0169849899 0.9988310933 -0.0452549048 0.1789080054 0.0475670397 0.9827152491
-163.5 57.1 2500.1 0.9837546945 0.0038319514 -0.1794771254 -0.0112775723 0.9991165996 -0.0404831395 0.1791634411 0.0418495461 0.9829288125
-297.1 252.6 2483.7 0.3242508173 -0.7050628066 -0.6306725740 0.8743044734 0.4779166579 -0.0847782493 0.3611828983 -0.5239104033 0.7714044452
-370.4 55.1 2402.1 -0.6908720732 -0.7050628066 -0.1599445492 -0.2962905467 0.4779166579 -0.8269265890 0.6594753265 -0.5239104033 -0.5390827060
-28.3 249.5 2532.7 0.2171659321 0.5223801136 0.8245956302 -0.9722642899 0.1909078658 0.1351161748 -0.0868397877 -0.8310675025 0.5493502021
29.4 -9.1 2509.6 -0.0412031449 0.5247629881 0.8502506018 -0.9533651471 0.2340032160 -0.1906236261 -0.2989935875 -0.8184536099 0.4906490445
-249.5 -134.6 2474.6 0.9963796139 -0.0215265006 0.0822454914 0.0131243002 0.9947625399 0.1013669223 -0.0839968026 -0.0999205187 0.9914436340
-241.1 -520.7 2513.4 0.9963873625 -0.0075808158 0.0845855400 0.0121592330 0.9984806776 -0.0537445135 -0.0840495974 0.0545788482 0.9949657321
-73.5 -136.2 2508.3 0.9284518361 0.1014128774 -0.3573410809 -0.0869202390 0.9946156144 0.0564323179 0.3611399829 -0.0213345140 0.9322675467
-112.9 -522.3 2516.6 0.9252191186 -0.1022754684 -0.3653891981 0.0946556628 0.9947553277 -0.0387582146 0.3674368560 0.0012736872 0.9300475717
-177.9 137.6 2218.4 0 0 0 0 0 0 0 0 0
18.1 -270.9 2427.4 0 0 0 0 0 0 0 0 0
-238.7 -849.0 2495.4 0 0 0 0 0 0 0 0 0
-80.8 -834.5 2516.2 0 0 0 0 0 0 0 0 0
-166.6 446.4 2514.8 89 0.9875788689 -0.0047825938 -0.1570513546 -0.0015526644 0.9991908073 -0.0401913263 0.1571164876 0.0399359539 0.9867722988
-165.6 248.8 2506.9 0.9875788689 -0.0047825938 -0.1570513546 -0.0015526644 0.9991908073 -0.0401913263 0.1571164876 0.0399359539 0.9867722988
-164.2 54.9 2500.4 0.9875567555 -0.0074055730 -0.1570886075 0.0020730048 0.9994168282 -0.0340829566 0.1572494060 0.0333332084 0.9869962335
-300.5 248.6 2485.4 0.2849055529 -0.7231150866 -0.6292324066 0.9048990011 0.4194407463 -0.0722994953 0.3162065446 -0.5487932563 0.7738471627
-365.7 41.6 2413.1 -0.6676141024 -0.7231150866 -0.1771889627 -0.2206013054 0.4194407463 -0.8805705905 0.7110741735 -0.5487932563 -0.4395446777
-30.7 249.1 2528.4 0.2270785272 0.5009621382 0.8351480365 -0.9700907469 0.1918944418 0.1486621797 -0.0857861564 -0.8439273834 0.5295538306
30.1 -11.0 2505.4 -0.0414425358 0.5029872656 0.8632996678 -0.9564890862 0.2297860086 -0.1797970980 -0.2888098359 -0.8331879377 0.4715789258
-252.3 -135.8 2475.9 0.9942336679 -0.0279342514 0.1035328135 0.0181017816 0.9953393340 0.0947202966 -0.1056962162 -0.0922999829 0.9901055694
-241.5 -522.2 2511.7 0.9942548275 -0.0119425999 0.1063705459 0.0164470859 0.9990001917 -0.0415710583 -0.1057677269 0.0430817120 0.9934571981
-76.1 -137.8 2508.0 0.9370332360 0.0900007635 -0.3374442160 -0.0748970434 0.9955296516 0.0575425811 0.3411146104 -0.0286457371 0.9395851493
-111.0 -524.3 2519.1 0.9337993264 -0.0952991322 -0.3448722064 0.0851690471 0.9953747988 -0.0444441549 0.3475126028 0.0121294837 0.9375968575
-182.1 102.2 2217.6 0 0 0 0 0 0 0 0 0
18.8 -273.6 2426.0 0 0 0 0 0 0 0 0 0
-237.6 -847.8 2497.7 0 0 0 0 0 0 0 0 0
-81.6 -830.9 2515.4 0 0 0 0 0 0 0 0 0
-166.1 446.6 2512.9 90 0.9894255400 0.0014888324 -0.1450341046 -0.0068379617 0.9993142486 -0.0363903530 0.1448804736 0.0369972810 0.9887572527
-166.4 248.8 2505.5 0.9894255400 0.0014888324 -0.1450341046 -0.0068379617 0.9993142486 -0.0363903530 0.1448804736 0.0369972810 0.9887572527
-165.9 54.8 2499.2 0.9894237518 -0.0022944789 -0.1450356990 -0.0024379499 0.9994705915 -0.0324432515 0.1450333595 0.0324537121 0.9888943434
-301.5 249.1 2485.7 0.2714846134 -0.7269538045 -0.6307410598 0.9191244245 0.3902291954 -0.0541433953 0.2854933143 -0.5650303960 0.7741022110
-364.8 34.7 2419.1 -0.6508629322 -0.7269538045 -0.2188963890 -0.1292637140 0.3902291954 -0.9115986228 0.7481098771 -0.5650303960 -0.3479544520
-31.2 248.4 2525.4 0.2295819521 0.4924783111 0.8394982219 -0.9702355862 0.1840754300 0.1573504508 -0.0770393088 -0.8506358862 0.5200803876
30.4 -12.0 2504.7 -0.0419793911 0.4955931008 0.8675397635 -0.9541469812 0.2376898825 -0.1819535941 -0.2963803709 -0.8353987336 0.4628905654
-251.1 -139.3 2479.8 0.9928187132 -0.0262725949 0.1167078912 0.0175160021 0.9969971180 0.0754318014 -0.1183392182 -0.0728458464 0.9902976155
-240.9 -526.3 2508.1 0.9928735495 -0.0097923717 0.1187696829 0.0129690645 0.9995777011 -0.0260033123 -0.1184648946 0.0273583326 0.9925812483
-74.2 -138.9 2508.0 0.9407020807 0.0942977741 -0.3258643448 -0.0801974759 0.9951782227 0.0564687625 0.3296179473 -0.0269867834 0.9437286258
-110.9 -525.3 2518.5 0.9377126098 -0.0966369361 -0.3337010443 0.0869115666 0.9952443242 -0.0439893529 0.3363650739 0.0122468900 0.9416520596
-189.7 69.5 2217.8 0 0 0 0 0 0 0 0 0
18.9 -274.1 2423.3 0 0 0 0 0 0 0 0 0
-237.8 -845.5 2499.4 0 0 0 0 0 0 0 0 0
-81.1 -831.4 2514.7 0 0 0 0 0 0 0 0 0
-167.0 442.8 2512.9 91 0.9913407564 -0.0020945857 -0.1312978268 -0.0033226775 0.9991525412 -0.0410267003 0.1312724799 0.0411076993 0.9904936552
-166.6 244.4 2504.8 0.9913407564 -0.0020945857 -0.1312978268 -0.0033226775 0.9991525412 -0.0410267003 0.1312724799 0.0411076993 0.9904936552
-166.2 50.4 2498.0 0.9913390875 -0.0020712949 -0.1313110143 -0.0025078743 0.9993947148 -0.0346977375 0.1313033998 0.0347265340 0.9907338023
-302.0 244.8 2486.8 0.2689397931 -0.7248712182 -0.6342185140 0.9231303930 0.3818475902 -0.0449747741 0.2747757435 -0.5733708739 0.7718446255
-364.9 28.9 2422.6 -0.6445297003 -0.7248712182 -0.2431936860 -0.0820955560 0.3818475902 -0.9205719829 0.7601590157 -0.5733708739 -0.3056208193
-31.2 244.1 2522.7 0.2339530140 0.4825932086 0.8440200090 -0.9697708488 0.1777596921 0.1671704352 -0.0693574250 -0.8576160669 0.5095922351
30.7 -12.4 2504.3 -0.0420522466 0.4865303040 0.8726510406 -0.9530915022 0.2425032407 -0.1811317503 -0.2997467816 -0.8393333554 0.4535101056
-254.1 -139.0 2480.0 0.9906033874 -0.0411361307 0.1304327250 0.0318686143 0.9968692660 0.0723605901 -0.1330010146 -0.0675239339 0.9888130426
-238.1 -526.0 2506.2 0.9910186529 -0.0021073746 0.1337071508 0.0049793916 0.9997639060 -0.0211491510 -0.1336310208 0.0216249824 0.9907951951
-76.8 -139.5 2505.9 0.9453532100 0.0947822928 -0.3119673431 -0.0790496469 0.9948952198 0.0627264753 0.3163201809 -0.0346377641 0.9480199218
-113.6 -525.7 2519.4 0.9407922029 -0.1093857437 -0.3208500743 0.0974760205 0.9938255548 -0.0530019216 0.3246666491 0.0185886063 0.9456458092
-193.9 50.7 2220.9 0 0 0 0 0 0 0 0 0
19.1 -274.1 2422.0 0 0 0 0 0 0 0 0 0
-237.4 -842.8 2499.3 0 0 0 0 0 0 0 0 0
-79.7 -834.2 2513.6 0 0 0 0 0 0 0 0 0
-168.8 445.8 2520.9 92 0.9903042316 -0.0024469311 -0.1388937980 -0.0069914935 0.9976997972 -0.0674256757 0.1387393028 0.0677430108 0.9880092740
-168.3 247.1 2507.5 0.9903042316 -0.0024469311 -0.1388937980 -0.0069914935 0.9976997972 -0.0674256757 0.1387393028 0.0677430108 0.9880092740
-167.8 53.3 2496.1 0.9903010726 -0.0024623210 -0.1389161646 -0.0057003703 0.9982810020 -0.0583313741 0.1388210058 0.0585574955 0.9885846972
-303.6 247.9 2488.5 0.2281585336 -0.7338222861 -0.6398816109 0.9360319376 0.3461840451 -0.0632521659 0.2679326534 -0.5845181346 0.7658659220
-358.3 23.3 2424.2 -0.6377061605 -0.7338222861 -0.2341702133 -0.0544405542 0.3461840451 -0.9365857244 0.7683535218 -0.5845181346 -0.2607133687
-33.0 246.3 2526.4 0.2363068610 0.4904977381 0.8387914300 -0.9681257010 0.1926019043 0.1601160318 -0.0830162764 -0.8498920202 0.5203766227
30.5 -14.0 2504.1 -0.0338153243 0.4930133820 0.8693643212 -0.9537735581 0.2439857870 -0.1754620224 -0.2986176610 -0.8351100087 0.4619726837
-254.6 -143.4 2479.5 0.9915714264 -0.0452829264 0.1213900745 0.0354585201 0.9960091114 0.0819058046 -0.1246145517 -0.0769111440 0.9892198443
-237.0 -530.0 2509.4 0.9920468330 0.0016600419 0.1258585900 0.0028091399 0.9993719459 -0.0353237540 -0.1258381754 0.0353963710 0.9914191365
-77.0 -143.8 2503.0 0.9438515902 0.0934816673 -0.3168680966 -0.0766275451 0.9949211478 0.0652696118 0.3213602901 -0.0373240039 0.9462211728
-113.3 -530.1 2517.5 0.9393498898 -0.1079810932 -0.3255178034 0.0970772281 0.9940398335 -0.0496071838 0.3289342821 0.0149981380 0.9442337155
-192.3 37.5 2224.3 0 0 0 0 0 0 0 0 0
21.3 -275.9 2422.1 0 0 0 0 0 0 0 0 0
-237.5 -843.5 2498.3 0 0 0 0 0 0 0 0 0
-80.4 -832.7 2513.0 0 0 0 0 0 0 0 0 0
-167.7 447.0 2516.0 93 0.9910587668 0.0048584482 -0.1333375871 -0.0113384426 0.9987886548 -0.0478822216 0.1329434365 0.0489659384 0.9899133444
-168.7 247.4 2506.2 0.9910587668 0.0048584482 -0.1333375871 -0.0113384426 0.9987886548 -0.0478822216 0.1329434365 0.0489659384 0.9899133444
-168.8 53.5 2497.0 0.9910706878 0.0009103294 -0.1333341748 -0.0072003938 0.9988830090 -0.0467006043 0.1331427395 0.0472436622 0.9899702072
-304.1 248.4 2488.0 0.1803807467 -0.7568656802 -0.6281855702 0.9471427202 0.3059183359 -0.0966160297 0.2652988434 -0.5775536895 0.7720416188
-347.8 18.9 2423.7 -0.6170750856 -0.7568656802 -0.2153431326 -0.0433210731 0.3059183359 -0.9510716200 0.7857109308 -0.5775536895 -0.2215628177
-33.3 246.4 2524.4 0.2379142046 0.4844877124 0.8418245316 -0.9681233764 0.1881747842 0.1653099060 -0.0783195198 -0.8543195724 0.5138133168
30.4 -12.8 2503.4 -0.0333966427 0.4869851470 0.8727715015 -0.9557325244 0.2398659438 -0.1704104692 -0.2923355401 -0.8398272395 0.4574168026
-256.0 -139.9 2472.3 0.9909763932 -0.0430618152 0.1269308031 0.0299416557 0.9941768646 0.1035177112 -0.1306493133 -0.0987830907 0.9864951372
-239.3 -525.7 2510.6 0.9912725687 -0.0056865485 0.1317057014 0.0105872666 0.9992761612 -0.0365393013 -0.1314025819 0.0376148075 0.9906151891
-78.6 -140.9 2497.2 0.9468239546 0.0867811590 -0.3098281324 -0.0612039641 0.9939354658 0.0913586989 0.3158773482 -0.0675378889 0.9463931918
-112.3 -526.6 2523.4 0.9418218732 -0.1043061391 -0.3195180595 0.0885934234 0.9940503240 -0.0633652210 0.3242264092 0.0313715525 0.9454591870
-191.1 29.9 2224.2 0 0 0 0 0 0 0 0 0
21.3 -275.3 2423.1 0 0 0 0 0 0 0 0 0
-237.5 -847.4 2498.5 0 0 0 0 0 0 0 0 0
-80.1 -832.9 2513.7 0 0 0 0 0 0 0 0 0
-167.0 449.0 2514.0 94 0.9904218912 0.0048289481 -0.1379898787 -0.0107720578 0.9990445375 -0.0423548967 0.1376535147 0.0434356518 0.9895275831
-168.0 250.1 2505.3 0.9904218912 0.0048289481 -0.1379898787 -0.0107720578 0.9990445375 -0.0423548967 0.1376535147 0.0434356518 0.9895275831
-168.0 56.2 2497.2 0.9904339910 0.0003223501 -0.1379868984 -0.0060648485 0.9991325736 -0.0411978364 0.1378539354 0.0416406058 0.9895768762
-303.3 250.9 2486.5 0.1456224322 -0.7753042579 -0.6145709157 0.9556897283 0.2708714008 -0.1152639687 0.2558343410 -0.5705541372 0.7803952694
-339.5 13.2 2422.8 -0.6022568345 -0.7753042579 -0.1902367771 -0.0449688435 0.2708714008 -0.9615646005 0.7970348597 -0.5705541372 -0.1979986727
-32.7 249.3 2524.1 0.2356910259 0.4859842062 0.8415872455 -0.9680576324 0.1936138421 0.1593052000 -0.0855231211 -0.8522517085 0.5160937905
31.0 -12.3 2501.0 -0.0309517663 0.4879868925 0.8723019958 -0.9564439654 0.2389861941 -0.1676320285 -0.2902703583 -0.8394964933 0.4593350887
-257.8 -139.7 2475.9 0.9912931323 -0.0456806533 0.1234959215 0.0358310156 0.9960833192 0.0808342323 -0.1267047822 -0.0757054314 0.9890472889
-240.0 -526.2 2505.3 0.9917742014 -0.0100620873 0.1276037842 0.0132319536 0.9996239543 -0.0240181517 -0.1273141205 0.0255090296 0.9915343523
-80.2 -141.0 2499.8 0.9448932409 0.0872471705 -0.3155387640 -0.0642242581 0.9945061207 0.0826610699 0.3210171759 -0.0578406379 0.9453054667
-114.1 -527.0 2522.2 0.9388582110 -0.1138013080 -0.3249531090 0.0979274884 0.9930782914 -0.0648511499 0.3300840557 0.0290641878 0.9435039759
-189.5 24.4 2224.2 0 0 0 0 0 0 0 0 0
22.5 -275.0 2421.3 0 0 0 0 0 0 0 0 0
-236.8 -847.9 2497.1 0 0 0 0 0 0 0 0 0
-78.5 -837.1 2513.1 0 0 0 0 0 0 0 0 0
-167.5 449.9 2513.0 95 0.9906997681 0.0012823613 -0.1360599548 -0.0065738615 0.9992389679 -0.0384487696 0.1359070987 0.0389856286 0.9899542332
-167.7 251.3 2505.2 0.9906997681 0.0012823613 -0.1360599548 -0.0065738615 0.9992389679 -0.0384487696 0.1359070987 0.0389856286 0.9899542332
-167.2 57.4 2497.9 0.9906964302 -0.0028366756 -0.1360606104 -0.0023031197 0.9992901087 -0.0376034975 0.1360706836 0.0375670157 0.9899865985
-303.1 251.7 2486.6 0.1275095344 -0.7837592959 -0.6078343987 0.9611842036 0.2488255799 -0.1192088053 0.2446757555 -0.5690405965 0.7850646973
-335.1 10.3 2425.2 -0.5934284329 -0.7837592959 -0.1832048595 -0.0297599323 0.2488255799 -0.9680910110 0.8043363690 -0.5690405965 -0.1709848046
-32.4 251.0 2523.8 0.2360048443 0.4852887392 0.8419005871 -0.9687382579 0.1856729090 0.1645348221 -0.0764712319 -0.8544123173 0.5139374733
31.1 -9.6 2503.2 -0.0263154842 0.4878304899 0.8725416660 -0.9552836418 0.2448850125 -0.1657240391 -0.2945176065 -0.8378859162 0.4595722258
-256.8 -137.2 2476.8 0.9911887050 -0.0426617786 0.1253989041 0.0331305712 0.9964700937 0.0771341473 -0.1282469332 -0.0722999573 0.9891033769
-240.3 -524.0 2504.9 0.9916133285 -0.0090621123 0.1289220452 0.0116205262 0.9997498989 -0.0191062931 -0.1287166625 0.0204441957 0.9914706349
-79.4 -138.3 2501.5 0.9440675378 0.0976388752 -0.3149653375 -0.0774783120 0.9940978289 0.0759380013 0.3205208778 -0.0472876206 0.9460603595
-117.3 -524.2 2519.9 0.9380201101 -0.1205598712 -0.3249362409 0.1091942713 0.9926031828 -0.0530617461 0.3289298713 0.0142918071 0.9442461729
-188.4 17.7 2226.3 0 0 0 0 0 0 0 0 0
23.9 -271.9 2422.4 0 0 0 0 0 0 0 0 0
-237.4 -846.4 2498.3 0 0 0 0 0 0 0 0 0
-79.0 -839.4 2515.3 0 0 0 0 0 0 0 0 0
-167.9 448.6 2512.5 96 0.9902716875 0.0039052390 -0.1390924603 -0.0088807764 0.9993419051 -0.0351687782 0.1388635933 0.0360618941 0.9896547198
-168.6 250.2 2505.3 0.9902716875 0.0039052390 -0.1390924603 -0.0088807764 0.9993419051 -0.0351687782 0.1388635933 0.0360618941 0.9896547198
-168.6 56.2 2498.5 0.9902795553 -0.0001620060 -0.1390914023 -0.0046964725 0.9993901849 -0.0346011855 0.1390121877 0.0349180847 0.9896748662
-303.9 250.9 2486.3 0.1349064857 -0.7862624526 -0.6029855609 0.9637471437 0.2455014139 -0.1045013666 0.2301993072 -0.5670276880 0.7908779383
-337.5 10.9 2429.0 -0.5841823220 -0.7862624526 -0.2013017088 0.0036139751 0.2455014139 -0.9693894982 0.8116144538 -0.5670276880 -0.1405760497
-33.3 249.6 2524.3 0.2398771644 0.4869596660 0.8398388028 -0.9678254724 0.1876602173 0.1676229686 -0.0759787112 -0.8530263305 0.5163074136
30.8 -9.0 2504.0 -0.0265378430 0.4894094765 0.8716502190 -0.9550994039 0.2449872196 -0.1666325927 -0.2950947285 -0.8369346857 0.4609332383
-255.4 -136.4 2478.4 0.9916827083 -0.0387626253 0.1227309033 0.0292571113 0.9964983463 0.0783268064 -0.1253372878 -0.0740845874 0.9893442392
-240.3 -523.2 2507.2 0.9919872880 -0.0071282522 0.1261362731 0.0106507204 0.9995712638 -0.0272735469 -0.1258877814 0.0283984542 0.9916379452
-77.9 -136.8 2502.8 0.9428514838 0.1023705304 -0.3170982897 -0.0796889365 0.9932972789 0.0837265253 0.3235440254 -0.0536724515 0.9446896315
-117.6 -522.4 2523.7 0.9366511106 -0.1207957640 -0.3287751079 0.1053254530 0.9923415780 -0.0645348504 0.3340527415 0.0258182529 0.9422007203
-193.5 10.0 2228.9 0 0 0 0 0 0 0 0 0
23.5 -271.3 2423.0 0 0 0 0 0 0 0 0 0
-238.1 -844.4 2498.1 0 0 0 0 0 0 0 0 0
-79.5 -835.6 2515.5 0 0 0 0 0 0 0 0 0
-168.9 444.4 2504.7 97 0.9899342656 0.0050050761 -0.1414393634 -0.0073429449 0.9998448491 -0.0160120465 0.1413372755 0.0168894548 0.9898174405
-169.9 246.3 2501.4 0.9899342656 0.0050050761 -0.1414393634 -0.0073429449 0.9998448491 -0.0160120465 0.1413372755 0.0168894548 0.9898174405
-170.3 52.2 2498.1 0.9899438620 0.0023605267 -0.1414410919 -0.0047392230 0.9998528957 -0.0164830815 0.1413813829 0.0169876479 0.9898094535
-305.1 246.9 2482.1 0.1221471280 -0.7961323857 -0.5926662683 0.9715644121 0.2179462612 -0.0925314724 0.2028367072 -0.5645110011 0.8001154065
-335.4 6.2 2431.8 -0.5796287656 -0.7961323857 -0.1737921834 -0.0067349430 0.2179462612 -0.9759375453 0.8148528337 -0.5645110011 -0.1316898316
-34.6 245.6 2520.7 0.2476170063 0.4882075489 0.8368627429 -0.9671505094 0.1758126169 0.1836022437 -0.0574950129 -0.8548352718 0.5157043934
30.4 -8.3 2505.6 -0.0396479629 0.4915173650 0.8699647784 -0.9561309218 0.2342377752 -0.1759158373 -0.2902443111 -0.8387749195 0.4606678784
-257.3 -137.3 2479.3 0.9916027188 -0.0440151654 0.1216005459 0.0353280008 0.9967283010 0.0726955459 -0.1244024113 -0.0677891970 0.9899134636
-240.2 -524.3 2505.6 0.9920799136 -0.0067383186 0.1254274398 0.0103854323 0.9995413423 -0.0284463316 -0.1251782328 0.0295236539 0.9916948676
-79.8 -138.2 2504.2 0.9422726035 0.0906404331 -0.3223455846 -0.0724980384 0.9950562716 0.0678756610 0.3269042671 -0.0405879505 0.9441854954
-115.0 -524.4 2520.0 0.9367159605 -0.1143458635 -0.3308900297 0.1029020920 0.9933333397 -0.0519614592 0.3346256912 0.0146238534 0.9422376752
-191.7 7.9 2229.9 0 0 0 0 0 0 0 0 0
19.5 -270.8 2425.9 0 0 0 0 0 0 0 0 0
-238.1 -843.3 2496.2 0 0 0 0 0 0 0 0 0
-78.6 -840.6 2515.3 0 0 0 0 0 0 0 0 0
-168.7 443.4 2500.8 98 0.9894589186 0.0081863068 -0.1445824355 -0.0090125473 0.9999465942 -0.0050606150 0.1445332766 0.0063103265 0.9894798398
-170.3 245.3 2499.6 0.9894589186 0.0081863068 -0.1445824355 -0.0090125473 0.9999465942 -0.0050606150 0.1445332766 0.0063103265 0.9894798398
-171.5 51.2 2498.2 0.9894738793 0.0058960300 -0.1445914954 -0.0068859546 0.9999561310 -0.0063468507 0.1445477307 0.0072756931 0.9894710779
-305.5 246.2 2479.8 0.1046981290 -0.8075276017 -0.5804631710 0.9773617387 0.1914518625 -0.0900568962 0.1838541776 -0.5578936934 0.8092911839
-331.3 5.5 2434.6 -0.5699589252 -0.8075276017 -0.1518091112 -0.0098414170 0.1914518625 -0.9814526439 0.8216142058 -0.5578936934 -0.1170669124
-35.1 244.3 2519.3 0.2497466803 0.4894308746 0.8355142474 -0.9668224454 0.1738686115 0.1871470660 -0.0536741391 -0.8545332551 0.5166158676
30.5 -9.6 2505.2 -0.0472268686 0.4931202531 0.8686783314 -0.9555025697 0.2312031537 -0.1831936538 -0.2911776602 -0.8386760354 0.4602586925
-259.5 -141.4 2482.1 0.9912094474 -0.0570765920 0.1193567812 0.0489664897 0.9963575602 0.0698129162 -0.1229067147 -0.0633547381 0.9903939366
-237.3 -528.2 2506.7 0.9922042489 0.0050674374 0.1245191768 -0.0011697841 0.9995076060 -0.0313548297 -0.1246167570 0.0309647340 0.9917216301
-82.1 -142.2 2507.4 0.9415377378 0.0788245350 -0.3275566995 -0.0662566051 0.9965804219 0.0493712761 0.3303282559 -0.0247821249 0.9435406923
-112.7 -529.0 2517.1 0.9372223616 -0.1025043726 -0.3333272934 0.0943391398 0.9947103858 -0.0406369828 0.3357295692 0.0066400818 0.9419350028
-190.3 7.9 2231.4 0 0 0 0 0 0 0 0 0
17.5 -272.0 2425.3 0 0 0 0 0 0 0 0 0
-238.9 -844.3 2496.9 0 0 0 0 0 0 0 0 0
-80.8 -838.5 2515.0 0 0 0 0 0 0 0 0 0
-167.1 442.9 2498.4 99 0.9894216061 0.0068073259 -0.1449086815 -0.0071538892 0.9999726415 -0.0018706438 0.1448919773 0.0028875160 0.9894432425
-168.4 244.6 2497.8 0.9894216061 0.0068073259 -0.1449086815 -0.0071538892 0.9999726415 -0.0018706438 0.1448919773 0.0028875160 0.9894432425
-169.7 50.5 2496.7 0.9894211888 0.0064492063 -0.1449279040 -0.0072168792 0.9999625683 -0.0047718124 0.1448917091 0.0057672593 0.9894307256
-303.6 245.6 2478.0 0.1110533103 -0.8060085177 -0.5813927054 0.9786407948 0.1905293614 -0.0772059709 0.1730010509 -0.5604006052 0.8099517226
-330.8 5.4 2435.6 -0.5710141659 -0.8060085177 -0.1558625847 -0.0009823791 0.1905293614 -0.9816809893 0.8209396601 -0.5604006052 -0.1095867679
-33.2 243.7 2517.6 0.2447047979 0.4904636443 0.8364000320 -0.9682084918 0.1697639227 0.1837185919 -0.0518832505 -0.8547664285 0.5164130926
31.4 -12.1 2503.9 -0.0566087663 0.4947234392 0.8672047853 -0.9547657371 0.2271441966 -0.1919058412 -0.2919208407 -0.8388410211 0.4594866335
-261.3 -142.3 2483.8 0.9911617041 -0.0578185394 0.1193961799 0.0502544120 0.9965913892 0.0654226169 -0.1227718443 -0.0588442087 0.9906888604
-238.8 -529.2 2506.7 0.9922384024 0.0000486546 0.1243500561 0.0036571959 0.9995559454 -0.0295733139 -0.1242962703 0.0297985505 0.9917976260
-84.0 -143.5 2509.7 0.9418479800 0.0703269839 -0.3285978138 -0.0601754896 0.9973464608 0.0409747213 0.3306075037 -0.0188184213 0.9435806870
-111.3 -530.7 2517.0 0.9373736382 -0.1013681740 -0.3332493901 0.0930948406 0.9948231578 -0.0407465436 0.3356546164 0.0071709356 0.9419578314
-189.7 5.6 2232.7 0 0 0 0 0 0 0 0 0
15.9 -274.3 2423.8 0 0 0 0 0 0 0 0 0
-238.8 -847.0 2497.2 0 0 0 0 0 0 0 0 0
-80.0 -837.3 2514.8 0 0 0 0 0 0 0 0 0
-168.1 443.5 2505.2 00 0.9874968529 0.0077831312 -0.1574464738 -0.0108801844 0.9997637272 -0.0188181754 0.1572628170 0.0202959348 0.9873481989
-169.7 244.4 2501.1 0.9874968529 0.0077831312 -0.1574464738 -0.0108801844 0.9997637272 -0.0188181754 0.1572628170 0.0202959348 0.9873481989
-170.9 50.3 2497.1 0.9875058532 0.0063887793 -0.1574526876 -0.0096083172 0.9997598529 -0.0196949597 0.1572890580 0.0209617428 0.9873301387
-304.6 245.7 2479.7 0.0973783657 -0.8103682399 -0.5777722597 0.9787063599 0.1833724082 -0.0922410935 0.1806967407 -0.5564871430 0.8109690547
-328.6 4.7 2435.2 -0.5660902262 -0.8103682399 -0.1511462778 -0.0000279058 0.1833724082 -0.9830434918 0.8243432641 -0.5564871430 -0.1038279459
-34.8 243.0 2522.6 0.2487472147 0.4994645119 0.8298554420 -0.9660589695 0.1895752698 0.1754743755 -0.0696768388 -0.8453380466 0.5296685100
31.0 -12.5 2504.2 -0.0596368127 0.5017015934 0.8629825711 -0.9556161761 0.2211784571 -0.1946221143 -0.2885153890 -0.8362867832 0.4662438035
-259.6 -142.9 2482.6 0.9927858710 -0.0563282147 0.1058460474 0.0493079685 0.9964789152 0.0678119436 -0.1092930809 -0.0621036887 0.9920676351
-237.7 -529.8 2506.7 0.9938260317 0.0032812005 0.1109011099 0.0001750116 0.9995149970 -0.0311407186 -0.1109495014 0.0309678670 0.9933434725
-82.3 -144.2 2508.6 0.9375658035 0.0788929164 -0.3387422562 -0.0655834004 0.9965643883 0.0505786240 0.3415687680 -0.0252049156 0.9395187497
-112.9 -531.1 2518.4 0.9327182174 -0.1056374609 -0.3447860479 0.0955855623 0.9943542480 -0.0460768566 0.3477068841 0.0100201573 0.9375497103
-188.7 4.7 2231.5 0 0 0 0 0 0 0 0 0
14.6 -274.9 2425.0 0 0 0 0 0 0 0 0 0
-238.7 -849.0 2496.8 0 0 0 0 0 0 0 0 0
-80.5 -835.6 2515.3 0 0 0 0 0 0 0 0 0
-166.2 443.9 2508.1 01 0.9872404337 0.0173593331 -0.1582877636 -0.0215779450 0.9994552732 -0.0249718893 0.1577680409 0.0280687828 0.9870771766
-169.6 245.5 2502.5 0.9872404337 0.0173593331 -0.1582877636 -0.0215779450 0.9994552732 -0.0249718893 0.1577680409 0.0280687828 0.9870771766
-172.7 51.5 2497.2 0.9872696400 0.0157030970 -0.1582784951 -0.0198112726 0.9995056987 -0.0244109798 0.1578169316 0.0272359159 0.9870927334
-304.5 248.2 2481.0 0.0979750529 -0.8071936369 -0.5820990801 0.9777250290 0.1871689409 -0.0949819833 0.1856197268 -0.5598269701 0.8075512648
-328.8 5.8 2434.9 -0.5680156350 -0.8071936369 -0.1606134772 0.0117640765 0.1871689409 -0.9822573066 0.8229336739 -0.5598269701 -0.0968189985
-34.7 242.8 2524.1 0.2481112182 0.5022570491 0.8283590078 -0.9663490653 0.1882558912 0.1752974242 -0.0678991079 -0.8439772129 0.5320640206
31.4 -14.8 2506.0 -0.0597560741 0.5051201582 0.8609778285 -0.9531381726 0.2273871154 -0.1995563805 -0.2965752184 -0.8325555325 0.4678615630
-260.6 -142.9 2478.9 0.9928038716 -0.0569921657 0.1053200662 0.0497421809 0.9962899685 0.0702287033 -0.1089318097 -0.0644844770 0.9919554591
-238.5 -529.7 2504.0 0.9939485192 0.0026669637 0.1098146960 -0.0009850671 0.9998814464 -0.0153671745 -0.1098426580 0.0151660051 0.9938333035
-83.7 -144.6 2507.1 0.9379293919 0.0745549053 -0.3387182355 -0.0612762459 0.9968804717 0.0497450009 0.3413703144 -0.0259019174 0.9395719171
-112.6 -531.6 2517.2 0.9333898425 -0.1011715829 -0.3443076015 0.0908217356 0.9947994947 -0.0461022444 0.3471812606 0.0117607517 0.9377242923
-189.2 2.9 2232.7 0 0 0 0 0 0 0 0 0
15.0 -276.5 2424.5 0 0 0 0 0 0 0 0 0
-239.3 -847.1 2499.1 0 0 0 0 0 0 0 0 0
-81.7 -835.5 2513.6 0 0 0 0 0 0 0 0 0
-167.6 445.3 2511.0 02 0.9898326397 0.0190386921 -0.1409568042 -0.0238281656 0.9991919398 -0.0323687047 0.1402266473 0.0353983417 0.9894864559
-171.4 245.9 2504.0 0.9898326397 0.0190386921 -0.1409568042 -0.0238281656 0.9991919398 -0.0323687047 0.1402266473 0.0353983417 0.9894864559
-174.6 51.9 2497.4 0.9898806214 0.0165813938 -0.1409303397 -0.0211361200 0.9992994666 -0.0308837555 0.1403195113 0.0335499533 0.9895377159
-306.6 248.8 2484.8 0.0962272137 -0.8035213947 -0.5874468088 0.9751881361 0.1943207383 -0.1060542464 0.1993699521 -0.5626658201 0.8022834659
-330.5 6.9 2435.4 -0.5708476901 -0.8035213947 -0.1687787771 0.0164620876 0.1943207383 -0.9807999134 0.8208909035 -0.5626658201 -0.0976999104
-36.2 243.0 2523.1 0.2410575002 0.4922075272 0.8364347219 -0.9686936140 0.1747432351 0.1763448119 -0.0593630709 -0.8527582288 0.5189214349
28.2 -15.8 2507.3 -0.0498246215 0.4967340231 0.8664714694 -0.9515807033 0.2398747504 -0.1922349483 -0.3033342659 -0.8340955377 0.4607308507
-264.1 -140.8 2477.8 0.9903362989 -0.0658071488 0.1220795885 0.0569757447 0.9955937862 0.0744763762 -0.1264427602 -0.0668010861 0.9897221327
-238.6 -527.3 2503.7 0.9918490052 -0.0012835979 0.1274123341 0.0030544561 0.9999014139 -0.0137042301 -0.1273821890 0.0139817018 0.9917551279
-87.3 -144.3 2506.1 0.9445020556 0.0680469200 -0.3213806748 -0.0533408895 0.9970958829 0.0543552563 0.3241460621 -0.0341959223 0.9453887939
-113.7 -531.4 2519.3 0.9392232299 -0.1050597280 -0.3268366456 0.0926878825 0.9942704439 -0.0532472916 0.3305581510 0.0197172966 0.9435796142
-189.7 2.9 2232.9 0 0 0 0 0 0 0 0 0
14.6 -277.1 2424.0 0 0 0 0 0 0 0 0 0
-238.2 -845.0 2499.3 0 0 0 0 0 0 0 0 0
-81.7 -833.7 2513.3 0 0 0 0 0 0 0 0 0
-164.8 446.0 2503.5 03 0.9924259782 0.0205689929 -0.1211096346 -0.0217126589 0.9997311831 -0.0081310086 0.1209098324 0.0106990365 0.9926058054
-169.0 245.7 2501.4 0.9924259782 0.0205689929 -0.1211096346 -0.0217126589 0.9997311831 -0.0081310086 0.1209098324 0.0106990365 0.9926058054
-172.5 51.7 2498.6 0.9924613833 0.0182980206 -0.1211839616 -0.0198917463 0.9997306466 -0.0119545385 0.1209325790 0.0142749781 0.9925580621
-304.5 248.5 2484.8 0.1186136231 -0.7859301567 -0.6068315506 0.9712243676 0.2189479619 -0.0937284380 0.2065285444 -0.5782521367 0.7892847657
-334.1 6.2 2433.3 -0.5890753865 -0.7859301567 -0.1878934205 0.0190497059 0.2189479619 -0.9755505323 0.8078535199 -0.5782521367 -0.1140051186
-33.4 243.0 2517.9 0.2399836630 0.4768790901 0.8455733061 -0.9700559974 0.1513631642 0.1899488270 -0.0374060273 -0.8658380508 0.4989241064
30.4 -14.8 2507.9 -0.0593325421 0.4839238822 0.8730964065 -0.9520486593 0.2355432212 -0.1952504367 -0.3001382947 -0.8428149819 0.4467436969
-266.5 -140.2 2478.4 0.9867444634 -0.0766559839 0.1430355757 0.0661198497 0.9948346615 0.0770202503 -0.1482008249 -0.0665418133 0.9867160916
-236.7 -526.4 2504.2 0.9887540936 0.0053181699 0.1494557112 -0.0031973743 0.9998908043 -0.0144268312 -0.1495161057 0.0137867229 0.9886631966
-89.1 -144.0 2503.5 0.9507116079 0.0693296567 -0.3022263646 -0.0487713106 0.9959859252 0.0750560313 0.3062168360 -0.0566166677 0.9502766728
-116.1 -530.5 2525.5 0.9437426925 -0.1169932187 -0.3092932403 0.0970970541 0.9921336174 -0.0790132433 0.3161042333 0.0445367061 0.9476785064
-189.4 1.5 2234.8 0 0 0 0 0 0 0 0 0
14.1 -276.2 2425.5 0 0 0 0 0 0 0 0 0
-238.4 -847.3 2499.8 0 0 0 0 0 0 0 0 0
-80.3 -833.9 2511.9 0 0 0 0 0 0 0 0 0
-165.3 447.1 2507.7 04 0.9914521575 0.0176353268 -0.1292734891 -0.0202157460 0.9996212125 -0.0186758917 0.1288951635 0.0211296119 0.9914330840
-168.9 247.9 2503.5 0.9914521575 0.0176353268 -0.1292734891 -0.0202157460 0.9996212125 -0.0186758917 0.1288951635 0.0211296119 0.9914330840
-171.4 53.9 2499.3 0.9915153384 0.0134144751 -0.1292956769 -0.0161464624 0.9996674657 -0.0201046932 0.1289829910 0.0220217798 0.9914022684
-304.3 250.1 2485.9 0.1139907762 -0.7938726544 -0.5973042250 0.9746177793 0.2059631497 -0.0877460390 0.1926818341 -0.5721410513 0.7972003222
-332.8 6.3 2437.7 -0.5811051726 -0.7938726544 -0.1791171879 0.0201874766 0.2059631497 -0.9783514738 0.8135780096 -0.5721410513 -0.1036599725
-33.4 245.7 2521.1 0.2387772799 0.4823955297 0.8427810669 -0.9697536230 0.1637037694 0.1810495853 -0.0506289266 -0.8605205417 0.5068935752
