66.4 510.6 2714.9 0.9869285226 -0.0640852898 0.1478688568 0.0612089559 0.9978381991 0.0239258260 -0.1490824819 -0.0145621821 0.9887175560
79.3 309.8 2717.8 0.9869285226 -0.0640852898 0.1478688568 0.0612089559 0.9978381991 0.0239258260 -0.1490824819 -0.0145621821 0.9887175560
91.1 111.4 2718.7 0.9871281385 -0.0592967793 0.1485325843 0.0579793379 0.9982306957 0.0131878806 -0.1490517855 -0.0044063069 0.9888195992
-59.6 301.7 2738.8 0.2466364801 -0.9568417072 -0.1537023038 0.9454472661 0.2724017799 -0.1786804199 0.2128376663 -0.1012483165 0.9718276262
-116.4 84.0 2689.8 -0.1268143952 -0.9568417072 -0.2614805102 -0.0779019222 0.2724017799 -0.9590247869 0.9888626933 -0.1012483165 -0.1090842709
218.2 318.0 2696.8 0.2237246782 0.8308823705 0.5094916224 -0.9682093859 0.2494696975 0.0183169935 -0.1118834615 -0.4973925352 0.8602806330
278.4 57.4 2666.7 -0.0208827183 0.8330988884 0.5527297258 -0.9514832497 0.1531966478 -0.2668528557 -0.3069911599 -0.5314856768 0.7894804478
11.9 -93.7 2733.7 0.9473503828 0.0187451001 0.3196496964 -0.0260735303 0.9994857907 0.0186620113 -0.3191355169 -0.0260138586 0.9473519921
4.5 -491.0 2744.0 0.9475776553 0.0158185661 0.3191337287 -0.0696929395 0.9849586487 0.1581119001 -0.3118324280 -0.1720646769 0.9344272614
193.0 -83.3 2705.8 0.9272368550 -0.0041061994 0.3744528592 0.0825018287 0.9776105881 -0.1935743690 -0.3652741909 0.2103823423 0.9068153501
194.6 -472.0 2622.1 0.9291540384 -0.1243321151 0.3481584191 0.0681336224 0.9832093120 0.1692846119 -0.3633601069 -0.1335701942 0.9220240712
-83.7 104.1 2434.4 0 0 0 0 0 0 0 0 0
272.5 -208.6 2580.9 0 0 0 0 0 0 0 0 0
-0.1 -774.1 2793.5 0 0 0 0 0 0 0 0 0
229.8 -750.1 2659.9 0 0 0 0 0 0 0 0 0
69.6 510.9 2716.3 0.9827340245 -0.0551839508 0.1766027659 0.0522289388 0.9984070659 0.0213410575 -0.1774991453 -0.0117488084 0.9840508103
80.7 310.2 2718.7 0.9827340245 -0.0551839508 0.1766027659 0.0522289388 0.9984070659 0.0213410575 -0.1774991453 -0.0117488084 0.9840508103
90.7 111.6 2718.8 0.9828816056 -0.0503286943 0.1772309542 0.0494362079 0.9987325668 0.0094507504 -0.1774819791 -0.0005273418 0.9841238856
-57.6 303.2 2743.7 0.3115491271 -0.9278178215 -0.2051615566 0.9193722606 0.3488974869 -0.1817283779 0.2401911765 -0.1320025325 0.9617086649
-132.1 83.3 2686.2 -0.1839306802 -0.9278178215 -0.3245359957 -0.1200196892 0.3488974869 -0.9294438362 0.9755843282 -0.1320025325 -0.1755293608
219.0 317.1 2693.7 0.2260293812 0.8198498487 0.5260769725 -0.9704187512 0.2365467846 0.0483015068 -0.0848418251 -0.5214325190 0.8490641713
278.9 59.9 2671.2 -0.0172439981 0.8207128644 0.5710806251 -0.9472824335 0.1693529040 -0.2719844282 -0.3199352622 -0.5456647873 0.7745265365
12.3 -92.4 2733.2 0.9375544786 0.0221636370 0.3471316695 -0.0288315155 0.9994854927 0.0140548497 -0.3466415405 -0.0231855195 0.9377110600
3.5 -489.8 2742.4 0.9380528927 0.0067834128 0.3464257121 -0.0688314885 0.9835303426 0.1671235263 -0.3395865262 -0.1806157082 0.9230703712
193.4 -81.8 2705.9 0.9170106053 -0.0016475011 0.3988593817 0.0822526142 0.9792788625 -0.1850606054 -0.3902896643 0.2025097609 0.8981446028
194.1 -471.1 2625.4 0.9186338782 -0.1239392683 0.3751677871 0.0699226484 0.9855362773 0.1543664932 -0.3888735473 -0.1155735701 0.9140132070
-84.4 114.4 2433.4 0 0 0 0 0 0 0 0 0
274.1 -205.0 2581.7 0 0 0 0 0 0 0 0 0
1.5 -773.6 2794.6 0 0 0 0 0 0 0 0 0
228.9 -748.1 2657.8 0 0 0 0 0 0 0 0 0
70.9 509.0 2715.6 0.9809572101 -0.0512290671 0.1873460710 0.0480462760 0.9986138344 0.0214934684 -0.1881874651 -0.0120828925 0.9820588231
81.2 308.7 2718.0 0.9809572101 -0.0512290671 0.1873460710 0.0480462760 0.9986138344 0.0214934684 -0.1881874651 -0.0120828925 0.9820588231
90.7 110.1 2718.7 0.9810551405 -0.0475385264 0.1878055781 0.0460659787 0.9988638759 0.0122001311 -0.1881721914 -0.0033175533 0.9821304679
-56.8 302.2 2744.5 0.3433156908 -0.9142301679 -0.2152151167 0.9054286480 0.3830691874 -0.1829124987 0.2496663928 -0.1320651919 0.9592838287
-139.4 84.4 2684.4 -0.2017007768 -0.9142301679 -0.3514256775 -0.1475620717 0.3830691874 -0.9118571281 0.9682676196 -0.1320651919 -0.2121710479
219.2 315.2 2691.5 0.2376224399 0.8065581918 0.5412942171 -0.9632665515 0.2674396336 0.0243640393 -0.1251125187 -0.5272001028 0.8404802084
280.5 66.7 2659.2 -0.0273418184 0.8117361665 0.5833839178 -0.9686748385 0.1225849465 -0.2159674913 -0.2468227148 -0.5710142851 0.7829567194
10.6 -91.5 2735.2 0.9338167906 0.0191645250 0.3572379053 -0.0271717459 0.9994791746 0.0174082555 -0.3567182422 -0.0259628985 0.9338511825
2.9 -488.8 2745.5 0.9343673587 0.0016128754 0.3563075662 -0.0627665371 0.9850971699 0.1601373851 -0.3507392704 -0.1719913334 0.9205438495
190.8 -82.4 2702.7 0.9129937887 -0.0045231744 0.4079483151 0.0828032941 0.9811807871 -0.1744359285 -0.3994820416 0.1930383891 0.8961865306
192.6 -472.5 2625.9 0.9142437577 -0.1320499182 0.3830420375 0.0737803355 0.9838512540 0.1630742103 -0.3983902931 -0.1208286062 0.9092225432
-86.8 122.9 2432.0 0 0 0 0 0 0 0 0 0
272.9 -203.5 2590.4 0 0 0 0 0 0 0 0 0
2.5 -770.8 2794.8 0 0 0 0 0 0 0 0 0
229.7 -749.0 2659.9 0 0 0 0 0 0 0 0 0
73.2 515.8 2715.7 0.9866520762 -0.0460580476 0.1561931074 0.0428029522 0.9987918139 0.0241417475 -0.1571163088 -0.0171339791 0.9874314666
82.5 314.8 2719.1 0.9866520762 -0.0460580476 0.1561931074 0.0428029522 0.9987918139 0.0241417475 -0.1571163088 -0.0171339791 0.9874314666
91.0 116.2 2721.0 0.9867374301 -0.0428994372 0.1565529853 0.0408861190 0.9990347624 0.0160595030 -0.1570908129 -0.0094456691 0.9875389934
-56.3 309.0 2741.2 0.3519641757 -0.9107040167 -0.2161931247 0.9092033505 0.3875231445 -0.1522337198 0.2224196941 -0.1429826915 0.9644093513
-142.1 87.4 2687.0 -0.2136580944 -0.9107040167 -0.3535088003 -0.1456956416 0.3875231445 -0.9102739096 0.9659829140 -0.1429826915 -0.2154830694
221.3 320.6 2697.0 0.2274454981 0.8218503594 0.5223317742 -0.9626253247 0.2707503736 -0.0068376237 -0.1470410228 -0.5012546182 0.8527149558
281.1 67.3 2658.3 -0.0310524814 0.8284624219 0.5591830611 -0.9705223441 0.1087835431 -0.2150640935 -0.2390024364 -0.5493779182 0.8006632924
10.1 -92.7 2736.6 0.9447871447 0.0181550216 0.3271813393 -0.0217851438 0.9997350574 0.0074335309 -0.3269596696 -0.0141507965 0.9449323416
2.9 -490.2 2742.2 0.9454728961 0.0018410588 0.3256956041 -0.0612339713 0.9831568003 0.1722006947 -0.3198928237 -0.1827547252 0.9296608567
190.1 -84.2 2702.1 0.9256200790 -0.0048422627 0.3784231246 0.0719702914 0.9839231968 -0.1634486020 -0.3715478182 0.1785265207 0.9110875130
192.0 -475.4 2631.1 0.9232713580 -0.1358894408 0.3593105078 0.0901640281 0.9858710170 0.1411692798 -0.3734172285 -0.0979406685 0.9224788547
-85.9 125.7 2433.1 0 0 0 0 0 0 0 0 0
272.4 -203.8 2591.6 0 0 0 0 0 0 0 0 0
2.4 -773.8 2794.9 0 0 0 0 0 0 0 0 0
229.7 -748.9 2658.3 0 0 0 0 0 0 0 0 0
74.8 514.9 2715.2 0.9842803478 -0.0415026918 0.1716675758 0.0387849733 0.9990639091 0.0191565380 -0.1723019332 -0.0121972803 0.9849686623
83.2 313.8 2717.7 0.9842803478 -0.0415026918 0.1716675758 0.0387849733 0.9990639091 0.0191565380 -0.1723019332 -0.0121972803 0.9849686623
90.8 115.1 2718.5 0.9843539000 -0.0382532030 0.1720003635 0.0369420536 0.9992588758 0.0108185783 -0.1722867191 -0.0042952639 0.9850375056
-55.3 308.5 2741.9 0.3882133663 -0.8895882368 -0.2406722456 0.8943346739 0.4266866446 -0.1345512271 0.2223868072 -0.1630069464 0.9612350464
-148.0 94.9 2688.8 -0.2381884605 -0.8895882368 -0.3897422254 -0.1288378388 0.4266866446 -0.8951755762 0.9626354575 -0.1630069464 -0.2162444592
221.7 319.0 2693.4 0.2213755846 0.8210950494 0.5261138678 -0.9695025086 0.2434831709 0.0279433075 -0.1051557586 -0.5162546635 0.8499549627
279.6 65.2 2665.9 -0.0245474223 0.8238916993 0.5662153959 -0.9635055065 0.1315236986 -0.2331495434 -0.2665607035 -0.5512748361 0.7905955911
9.0 -86.2 2737.3 0.9396611452 0.0159109198 0.3417364359 -0.0144146308 0.9998721480 -0.0069176629 -0.3418028057 0.0015742549 0.9397704005
2.7 -483.7 2736.6 0.9410182834 0.0002746700 0.3383555412 -0.0674188510 0.9800996780 0.1867064685 -0.3315708637 -0.1985057443 0.9223102927
190.0 -78.6 2708.5 0.9199712276 -0.0106722126 0.3918405473 0.0888578445 0.9792845845 -0.1819503605 -0.3817816079 0.2022072077 0.9018620253
194.2 -467.9 2628.1 0.9224256873 -0.1198965311 0.3670908511 0.0700511783 0.9867621660 0.1462644786 -0.3797679543 -0.1092029586 0.9186136127
-84.9 129.1 2433.5 0 0 0 0 0 0 0 0 0
272.7 -204.1 2591.4 0 0 0 0 0 0 0 0 0
2.6 -771.3 2794.9 0 0 0 0 0 0 0 0 0
229.2 -756.0 2660.0 0 0 0 0 0 0 0 0 0
73.7 514.6 2716.5 0.9872410893 -0.0579028726 0.1483318806 0.0562551431 0.9982994199 0.0152834188 -0.1489645839 -0.0067439871 0.9888195395
85.4 313.7 2717.9 0.9872410893 -0.0579028726 0.1483318806 0.0562551431 0.9982994199 0.0152834188 -0.1489645839 -0.0067439871 0.9888195395
96.5 115.2 2717.7 0.9872857928 -0.0559634566 0.1487778574 0.0554706752 0.9984323978 0.0074629365 -0.1489622891 0.0008847573 0.9888424873
-53.5 305.9 2738.8 0.4312878549 -0.8666183949 -0.2509249151 0.8735584021 0.4706523716 -0.1240246966 0.2255804837 -0.1657072157 0.9600284100
-155.5 99.2 2685.4 -0.2678374648 -0.8666183949 -0.4209935963 -0.1585829407 0.4706523716 -0.8679503202 0.9503234029 -0.1657072157 -0.2634892464
224.3 321.5 2696.9 0.2065249085 0.8352550864 0.5096041560 -0.9726656675 0.2317685783 0.0143126817 -0.1061554924 -0.4986303747 0.8602899313
279.3 62.5 2668.6 -0.0288802758 0.8368362784 0.5466908813 -0.9584720135 0.1320531219 -0.2527713180 -0.2837204635 -0.5312880278 0.7982704639
8.1 -87.0 2735.2 0.9472756386 0.0182833914 0.3198976815 -0.0204836838 0.9997839928 0.0035144109 -0.3197643459 -0.0098817991 0.9474455714
0.8 -484.4 2739.1 0.9480569959 -0.0084778927 0.3179874718 -0.0525425375 0.9817402363 0.1828261018 -0.3137310743 -0.1900374293 0.9303002954
188.6 -80.2 2703.6 0.9273750186 -0.0131968101 0.3739002943 0.0868468434 0.9796731472 -0.1808263659 -0.3639137447 0.2001659125 0.9096704721
193.9 -469.6 2624.0 0.9298216105 -0.1222796068 0.3471015990 0.0684728920 0.9841983318 0.1632945836 -0.3615843952 -0.1280677766 0.9235016704
-83.9 141.6 2431.1 0 0 0 0 0 0 0 0 0
271.2 -205.5 2589.3 0 0 0 0 0 0 0 0 0
3.3 -769.2 2794.3 0 0 0 0 0 0 0 0 0
229.4 -755.3 2661.2 0 0 0 0 0 0 0 0 0
74.4 510.3 2716.6 0.9859775305 -0.0597002804 0.1558339000 0.0577516928 0.9981861115 0.0170060396 -0.1565665007 -0.0077679008 0.9876368642
86.4 309.8 2718.2 0.9859775305 -0.0597002804 0.1558339000 0.0577516928 0.9981861115 0.0170060396 -0.1565665007 -0.0077679008 0.9876368642
97.6 111.4 2718.4 0.9860857725 -0.0567293949 0.1562581211 0.0558951832 0.9983892441 0.0097311493 -0.1565584689 -0.0008616714 0.9876683354
-52.4 302.0 2740.2 0.4630213082 -0.8457545638 -0.2651612163 0.8536894321 0.5059961677 -0.1232162416 0.2383812517 -0.1693135947 0.9562987685
-161.3 101.2 2684.2 -0.3034588695 -0.8457545638 -0.4388757348 -0.1951433867 0.5059961677 -0.8401708007 0.9326477051 -0.1693135947 -0.3185924292
225.1 317.7 2696.2 0.2041856796 0.8315534592 0.5165531039 -0.9730860591 0.2299913466 0.0144034503 -0.1068255007 -0.5055915713 0.8561339974
279.0 61.1 2668.0 -0.0241450202 0.8332397342 0.5523844361 -0.9594315886 0.1359447688 -0.2470020205 -0.2809056640 -0.5359389782 0.7961541414
17.1 -88.3 2731.3 0.9443495870 0.0355341546 0.3270186484 -0.0390423834 0.9992288351 0.0041676778 -0.3266183734 -0.0167033318 0.9450086951
3.0 -485.5 2737.9 0.9446409345 0.0018560749 0.3281006515 -0.0654310733 0.9809639454 0.1828345358 -0.3215155602 -0.1941809654 0.9267801642
198.2 -78.1 2703.9 0.9245194793 0.0129275238 0.3809154630 0.0679771081 0.9778072238 -0.1981720179 -0.3750237525 0.2091074139 0.9031230807
193.0 -466.7 2620.8 0.9244922996 -0.1243324950 0.3603545725 0.0681924820 0.9840067029 0.1645617783 -0.3750516772 -0.1275626272 0.9181851745
-79.8 153.6 2433.6 0 0 0 0 0 0 0 0 0
272.2 -207.3 2589.4 0 0 0 0 0 0 0 0 0
2.5 -768.0 2793.8 0 0 0 0 0 0 0 0 0
229.3 -754.0 2658.1 0 0 0 0 0 0 0 0 0
76.4 510.9 2716.7 0.9890030026 -0.0625924543 0.1339973807 0.0613113567 0.9980250597 0.0136698755 -0.1345883757 -0.0053039868 0.9908874035
89.0 310.6 2717.8 0.9890030026 -0.0625924543 0.1339973807 0.0613113567 0.9980250597 0.0136698755 -0.1345883757 -0.0053039868 0.9908874035
101.2 112.2 2717.4 0.9890320301 -0.0611466505 0.1344498247 0.0608428828 0.9981270432 0.0063708830 -0.1345875710 0.0018793079 0.9908999205
-50.1 302.1 2736.7 0.4980924428 -0.8208313584 -0.2795349658 0.8259850144 0.5472483635 -0.1351591796 0.2639179528 -0.1635699123 0.9505746961
-174.0 96.6 2671.1 -0.3734208643 -0.8208313584 -0.4321952462 -0.2974718809 0.5472483635 -0.7823233008 0.8786736131 -0.1635699123 -0.4485282004
228.1 319.2 2698.8 0.1879246086 0.8458207250 0.4992711544 -0.9767605066 0.2142836452 0.0046303226 -0.1030692235 -0.4885385036 0.8664334416
278.7 56.4 2671.1 -0.0281379670 0.8463497162 0.5318838954 -0.9535809755 0.1368682384 -0.2682356536 -0.2998191714 -0.5147419572 0.8032118082
18.5 -92.2 2732.9 0.9513295889 0.0367496237 0.3059762716 -0.0377038829 0.9992850423 -0.0027927954 -0.3058601320 -0.0088796243 0.9520350695
3.9 -489.5 2736.5 0.9516429305 -0.0018579123 0.3072006404 -0.0610027686 0.9789254069 0.1948941499 -0.3010886312 -0.2042097300 0.9314740896
199.4 -82.0 2704.2 0.9321005940 0.0139473025 0.3619308472 0.0590946227 0.9800126553 -0.1899552494 -0.3573461771 0.1984455734 0.9126461744
193.8 -471.5 2625.3 0.9293236732 -0.1272131056 0.3466617167 0.0827178657 0.9866452813 0.1403170228 -0.3598822951 -0.1017248183 0.9274355769
-74.3 176.1 2436.5 0 0 0 0 0 0 0 0 0
270.8 -210.3 2587.3 0 0 0 0 0 0 0 0 0
4.4 -768.5 2794.7 0 0 0 0 0 0 0 0 0
230.1 -752.6 2654.3 0 0 0 0 0 0 0 0 0
73.0 506.0 2706.2 0.9951937199 -0.0756722093 0.0621544048 0.0737536252 0.9967433214 0.0326063223 -0.0644193813 -0.0278654937 0.9975337982
88.2 305.9 2711.8 0.9951937199 -0.0756722093 0.0621544048 0.0737536252 0.9967433214 0.0326063223 -0.0644193813 -0.0278654937 0.9975337982
103.0 107.7 2715.2 0.9951524138 -0.0754899457 0.0630310625 0.0742982998 0.9970139861 0.0210436285 -0.0644314364 -0.0162585173 0.9977896810
-51.5 295.4 2720.9 0.5436317325 -0.8024478555 -0.2460526824 0.8133705258 0.5760128498 -0.0814712197 0.2071059048 -0.1558416635 0.9658263326
-178.6 105.2 2672.5 -0.3974184394 -0.8024478555 -0.4451246858 -0.3210703433 0.5760128498 -0.7517466545 0.8596350551 -0.1558416635 -0.4865603149
227.8 316.4 2702.8 0.1888773292 0.8750246167 0.4457098246 -0.9744567871 0.2231602371 -0.0251686331 -0.1214878783 -0.4295711815 0.8948236108
278.6 54.5 2670.1 -0.0239112247 0.8778769374 0.4782890081 -0.9580841660 0.1165008172 -0.2617295086 -0.2854873538 -0.4644993842 0.8382942677
22.6 -91.8 2729.4 0.9703715444 0.0484365001 0.2367128134 -0.0512068085 0.9986725450 0.0055655111 -0.2361290157 -0.0175219215 0.9715636969
3.4 -488.8 2736.4 0.9703745842 0.0001378059 0.2416053116 -0.0488894805 0.9794245362 0.1957992464 -0.2366071939 -0.2018105686 0.9504154325
204.0 -80.6 2704.7 0.9541778564 0.0244383421 0.2982405722 0.0346942879 0.9809033871 -0.1913762838 -0.2972221076 0.1929542422 0.9351083636
194.3 -470.6 2628.0 0.9483391643 -0.1264822930 0.2909554243 0.0935364366 0.9877963662 0.1245362014 -0.3031563163 -0.0908876285 0.9485967159
-71.2 192.0 2440.0 0 0 0 0 0 0 0 0 0
271.9 -213.5 2590.3 0 0 0 0 0 0 0 0 0
3.3 -766.2 2793.5 0 0 0 0 0 0 0 0 0
230.8 -755.2 2654.2 0 0 0 0 0 0 0 0 0
68.2 504.8 2704.0  0.9934799075 -0.0873838663 0.0732236207 0.0845688954 0.9955857992 0.0407059416 -0.0764574409 -0.0342480950 0.9964844584
85.7 304.8 2710.9 0.9934799075 -0.0873838663 0.0732236207 0.0845688954 0.9955857992 0.0407059416 -0.0764574409 -0.0342480950 0.9964844584
102.6 106.8 2714.8 0.9935557246 -0.0853999928 0.0745243803 0.0836952329 0.9961596131 0.0257116519 -0.0764339492 -0.0193086229 0.9968876839
-53.9 293.0 2721.6 0.5556575656 -0.7901228070 -0.2587482035 0.7896192074 0.5989482999 -0.1332757622 0.2602810264 -0.1302568614 0.9567062855
-181.9 111.2 2661.7 -0.4146573842 -0.7901228070 -0.4514035881 -0.3658051789 0.5989482999 -0.7123534679 0.8332141638 -0.1302568614 -0.5373893380
225.3 316.6 2700.1 0.1980721653 0.8680385351 0.4552763104 -0.9735310674 0.2282572538 -0.0116559574 -0.1140379384 -0.4409168959 0.8902739286
279.8 49.2 2668.8 -0.0292876754 0.8706114292 0.4910987318 -0.9573897123 0.1167861447 -0.2641323805 -0.2873101830 -0.4779087007 0.8300940394
26.9 -97.3 2724.4 0.9668469429 0.0579753630 0.2486882508 -0.0663589612 0.9974710941 0.0254544150 -0.2465836108 -0.0411132164 0.9682490826
3.8 -493.7 2740.8 0.9670255780 0.0062506595 0.2546026111 -0.0527859479 0.9829095006 0.1763592660 -0.2491489500 -0.1839833558 0.9508285522
209.0 -83.6 2712.6 0.9499930143 0.0335821472 0.3104602098 0.0331564434 0.9777328968 -0.2072174102 -0.3105059564 0.2071488351 0.9277259111
195.6 -472.2 2630.3 0.9449743629 -0.1193471476 0.3045976460 0.0859998912 0.9889581203 0.1206891611 -0.3156382143 -0.0878527984 0.9448038936
-69.8 210.0 2436.5 0 0 0 0 0 0 0 0 0
271.6 -218.6 2588.4 0 0 0 0 0 0 0 0 0
2.1 -769.1 2792.3 0 0 0 0 0 0 0 0 0
229.9 -755.9 2655.5 0 0 0 0 0 0 0 0 0
69.8 504.4 2709.4  0.9905315638 -0.0909038335 0.1028770432 0.0883267000 0.9956592321 0.0293443259 -0.1050979868 -0.0199796911 0.9942611456
88.1 304.0 2713.4 0.9905315638 -0.0909038335 0.1028770432 0.0883267000 0.9956592321 0.0293443259 -0.1050979868 -0.0199796911 0.9942611456
105.6 106.0 2716.1 0.9906684160 -0.0886948556 0.1034855545 0.0868089646 0.9959686995 0.0225963593 -0.1050725505 -0.0134020261 0.9943742752
-51.2 291.8 2728.2 0.5916300416 -0.7564272881 -0.2789116502 0.7482874393 0.6439787745 -0.1592396200 0.3000663817 -0.1144951507 0.9470221996
-189.6 116.7 2658.0 -0.4524867833 -0.7564272881 -0.4723065794 -0.3888102770 0.6439787745 -0.6588762403 0.8025473952 -0.1144951507 -0.5854985714
227.3 316.2 2698.6 0.1909748167 0.8571005464 0.4784425199 -0.9760481715 0.2175545245 -0.0001368488 -0.1042046323 -0.4669568241 0.8781188726
279.2 50.9 2670.3 -0.0436675251 0.8573642969 0.5128543973 -0.9544740915 0.1158194989 -0.2748909295 -0.2950801849 -0.5015100837 0.8132744431
28.5 -98.9 2725.7 0.9590710402 0.0624300689 0.2761977613 -0.0688600466 0.9975331426 0.0136337616 -0.2746652663 -0.0320947357 0.9610041380
3.7 -495.4 2738.4 0.9591407180 0.0024006076 0.2829191983 -0.0592552908 0.9794918299 0.1925736666 -0.2766547203 -0.2014697194 0.9396127462
210.6 -83.5 2711.6 0.9404546618 0.0410054326 0.3374367654 0.0372839607 0.9742639661 -0.2223053277 -0.3378682137 0.2216490507 0.9147222638
194.3 -470.8 2623.5 0.9364464879 -0.1206896827 0.3293963373 0.0759744272 0.9864454865 0.1454412341 -0.3424848020 -0.1111722365 0.9329227805
-66.8 222.3 2440.1 0 0 0 0 0 0 0 0 0
267.0 -216.1 2587.8 0 0 0 0 0 0 0 0 0
3.0 -769.1 2794.7 0 0 0 0 0 0 0 0 0
229.5 -758.3 2655.9 0 0 0 0 0 0 0 0 0
71.0 501.2 2702.6  0.9915333390 -0.0896317661 0.0939566046 0.0856585428 0.9952846766 0.0455085188 -0.0975925773 -0.0370750278 0.9945356250
89.0 301.2 2710.0 0.9915333390 -0.0896317661 0.0939566046 0.0856585428 0.9952846766 0.0455085188 -0.0975925773 -0.0370750278 0.9945356250
106.0 103.2 2715.5 0.9917838573 -0.0858783424 0.0948141068 0.0828161538 0.9959223270 0.0357799232 -0.0975002050 -0.0276338123 0.9948517680
-50.5 289.5 2723.8 0.6118241549 -0.7490246296 -0.2542308569 0.7270640731 0.6591199636 -0.1921942979 0.3115268946 -0.0672530085 0.9478544593
-190.7 122.9 2652.4 -0.4591721594 -0.7490246296 -0.4776222706 -0.4432510734 0.6591199636 -0.6075272560 0.7698632479 -0.0672530085 -0.6346555352
228.5 312.8 2696.3 0.1899755746 0.8604626060 0.4727720022 -0.9764722586 0.2156430483 -0.0000992240 -0.1020353734 -0.4616298974 0.8811847568
280.0 48.2 2668.7 -0.0487922989 0.8608293533 0.5065492392 -0.9590634108 0.1012638286 -0.2644674480 -0.2789564431 -0.4987168312 0.8206490278
32.4 -100.0 2728.4 0.9608200788 0.0741575286 0.2670683265 -0.0812655538 0.9965696931 0.0156455599 -0.2649919689 -0.0367360227 0.9635505676
3.0 -496.1 2743.0 0.9611712694 -0.0043039341 0.2759188712 -0.0500340089 0.9805876017 0.1895906329 -0.2713786066 -0.1960344017 0.9422972798
214.0 -84.0 2709.1 0.9432014823 0.0502480753 0.3283992410 0.0243288577 0.9753946662 -0.2191196233 -0.3313291967 0.2146635354 0.9187712073
194.0 -471.8 2623.8 0.9375510812 -0.1266079843 0.3239882290 0.0800343081 0.9849347472 0.1532906294 -0.3385150731 -0.1177876219 0.9335596561
-64.9 244.4 2441.3 0 0 0 0 0 0 0 0 0
266.3 -220.1 2590.6 0 0 0 0 0 0 0 0 0
4.1 -765.5 2796.9 0 0 0 0 0 0 0 0 0
230.7 -756.9 2657.9 0 0 0 0 0 0 0 0 0
67.1 502.0 2699.2  0.9931911826 -0.0948053822 0.0676994473 0.0913073942 0.9944100380 0.0530244783 -0.0723480210 -0.0464819819 0.9962957501
86.1 302.1 2708.5 0.9931911826 -0.0948053822 0.0676994473 0.0913073942 0.9944100380 0.0530244783 -0.0723480210 -0.0464819819 0.9962957501
103.8 104.2 2715.8 0.9936459661 -0.0891973004 0.0686406195 0.0863894895 0.9953396320 0.0428469069 -0.0721425638 -0.0366448276 0.9967209101
-53.6 289.9 2718.7 0.6062372327 -0.7628541589 -0.2247887850 0.7366889119 0.6451557279 -0.2026413083 0.2996095419 -0.0427507013 0.9531036019
-189.0 125.5 2651.8 -0.4512792230 -0.7628541589 -0.4630341530 -0.4839246571 0.6451557279 -0.5912622213 0.7497759461 -0.0427507013 -0.6603093147
225.9 314.3 2698.4 0.1974878162 0.8686314225 0.4543985426 -0.9731481671 0.2296225429 -0.0160045624 -0.1182422191 -0.4390363991 0.8906546831
280.5 45.3 2665.7 -0.0422624797 0.8709624410 0.4895286560 -0.9601131678 0.1001434103 -0.2610631883 -0.2763992846 -0.4810360968 0.8319901824
32.1 -102.4 2730.0 0.9680061340 0.0721898824 0.2403180897 -0.0752366483 0.9971595407 0.0035149558 -0.2393817306 -0.0214832276 0.9706878066
3.4 -498.8 2738.5 0.9682770967 0.0005579395 0.2498782724 -0.0526711568 0.9779853821 0.2019167840 -0.2442646325 -0.2086727768 0.9469901919
214.0 -87.2 2712.1 0.9510534406 0.0502904244 0.3049068749 0.0180576891 0.9759393334 -0.2172933221 -0.3084983826 0.2121634781 0.9272623062
194.0 -475.2 2627.7 0.9434261322 -0.1349448860 0.3028811216 0.0947924182 0.9850814939 0.1436275244 -0.3177443743 -0.1067911312 0.9421433806
-64.2 259.2 2444.6 0 0 0 0 0 0 0 0 0
268.6 -223.3 2588.4 0 0 0 0 0 0 0 0 0
3.3 -767.0 2795.7 0 0 0 0 0 0 0 0 0
232.0 -752.6 2657.8 0 0 0 0 0 0 0 0 0
65.6 500.0 2698.5  0.9924070239 -0.0965914875 0.0761470497 0.0923039094 0.9940429330 0.0579541251 -0.0812913105 -0.0504854098 0.9954109192
85.0 300.4 2708.6 0.9924070239 -0.0965914875 0.0761470497 0.0923039094 0.9940429330 0.0579541251 -0.0812913105 -0.0504854098 0.9954109192
103.0 102.6 2716.5 0.9928997159 -0.0904943123 0.0772072971 0.0870656893 0.9951082468 0.0466813259 -0.0810540095 -0.0396277718 0.9959216118
-54.7 288.2 2720.0 0.6245321631 -0.7482793927 -0.2236906439 0.7023282051 0.6633706689 -0.2582139373 0.3416059613 0.0041586468 0.9398340583
-192.5 133.1 2644.6 -0.4670501649 -0.7482793927 -0.4711072743 -0.5312618613 0.6633706689 -0.5269727111 0.7068415880 0.0041586468 -0.7073596716
224.7 312.7 2697.2 0.2059475332 0.8639755845 0.4594908655 -0.9727874398 0.2316991389 0.0003499041 -0.1061613262 -0.4470589757 0.8881824613
280.2 50.5 2668.6 -0.0466675572 0.8653289080 0.4990270436 -0.9552956223 0.1073452085 -0.2754765153 -0.2919459641 -0.4895741343 0.8216353655
30.4 -101.6 2729.7 0.9668520093 0.0643318221 0.2471004277 -0.0622980893 0.9979285598 -0.0160482470 -0.2476209849 0.0001223949 0.9688569903
4.8 -498.2 2729.7 0.9668531418 0.0014588683 0.2553290129 -0.0616815761 0.9717013240 0.2280173153 -0.2477709055 -0.2362083495 0.9395824671
212.6 -85.7 2716.5 0.9490359426 0.0411668420 0.3124678135 0.0326207355 0.9732774496 -0.2273034453 -0.3134752214 0.2259120643 0.9223324060
196.2 -472.6 2626.7 0.9446697235 -0.1191707328 0.3056099415 0.0765612647 0.9860429764 0.1478431970 -0.3189631402 -0.1162651107 0.9406087995
-62.5 281.0 2447.9 0 0 0 0 0 0 0 0 0
267.2 -216.8 2586.9 0 0 0 0 0 0 0 0 0
4.4 -769.0 2795.5 0 0 0 0 0 0 0 0 0
231.1 -760.9 2660.7 0 0 0 0 0 0 0 0 0
64.3 502.7 2697.6  0.9926019907 -0.0964089409 0.0738012120 0.0919516459 0.9938570261 0.0615885928 -0.0792855397 -0.0543468185 0.9953693748
83.6 303.2 2708.5 0.9926019907 -0.0964089409 0.0738012120 0.0919516459 0.9938570261 0.0615885928 -0.0792855397 -0.0543468185 0.9953693748
101.7 105.4 2717.1 0.9930525422 -0.0907747373 0.0748771355 0.0871644989 0.9949304461 0.0501571558 -0.0790505409 -0.0432820618 0.9959305525
-56.1 290.9 2719.7 0.6312808990 -0.7465016246 -0.2102849185 0.6930676699 0.6646891832 -0.2790081501 0.3480541408 0.0303908307 0.9369816780
-192.5 141.2 2644.5 -0.4636150599 -0.7465016246 -0.4772801697 -0.5523544550 0.6646891832 -0.5030833483 0.6927955151 0.0303908307 -0.7204934359
223.4 315.5 2697.4 0.2046874017 0.8659709096 0.4562866390 -0.9741955400 0.2255261391 0.0089997957 -0.0951109976 -0.4463545680 0.8897873163
279.5 48.4 2671.3 -0.0356265232 0.8670829535 0.4968881905 -0.9496374130 0.1255146712 -0.2871147394 -0.3113190532 -0.4820924997 0.8189427853
29.9 -103.2 2731.8 0.9672311544 0.0650849044 0.2454135716 -0.0661324039 0.9978029132 -0.0039793598 -0.2451333851 -0.0123808281 0.9694103003
4.0 -499.8 2736.7 0.9673003554 -0.0020370062 0.2536255419 -0.0522177480 0.9769465923 0.2069992423 -0.2482002527 -0.2134741992 0.9448943734
212.1 -87.2 2716.9 0.9497329593 0.0448272564 0.3098350763 0.0315340310 0.9709633589 -0.2371407747 -0.3114688993 0.2349907756 0.9207423329
194.2 -473.2 2623.5 0.9448754191 -0.1231331229 0.3033951819 0.0793728977 0.9850944281 0.1526070833 -0.3176638782 -0.1201133355 0.9405649304
-62.3 296.3 2450.0 0 0 0 0 0 0 0 0 0
269.5 -217.2 2584.3 0 0 0 0 0 0 0 0 0
4.6 -764.1 2794.5 0 0 0 0 0 0 0 0 0
230.0 -759.5 2658.4 0 0 0 0 0 0 0 0 0
64.3 499.1 2697.2  0.9928076267 -0.0943186358 0.0737359151 0.0899962187 0.9941390753 0.0599016547 -0.0789535940 -0.0528348684 0.9954771996
83.3 299.6 2707.8 0.9928076267 -0.0943186358 0.0737359151 0.0899962187 0.9941390753 0.0599016547 -0.0789535940 -0.0528348684 0.9954771996
100.9 101.8 2716.3 0.9932550192 -0.0886653960 0.0747185946 0.0851323307 0.9951532483 0.0492185131 -0.0787204355 -0.0425255671 0.9959892631
-56.5 287.6 2718.9 0.6447702050 -0.7365085483 -0.2045154124 0.6720964313 0.6737028360 -0.3072635233 0.3640848100 0.0606602952 0.9293882847
-193.2 145.2 2641.7 -0.4790291786 -0.7365085483 -0.4775837362 -0.5827905536 0.6737028360 -0.4544003308 0.6564192176 0.0606602952 -0.7519535422
223.0 311.6 2696.7 0.2096255124 0.8653442860 0.4552322626 -0.9731709361 0.2298059911 0.0112912925 -0.0948442444 -0.4453857839 0.8903011084
278.8 52.8 2671.5 -0.0335853398 0.8667109013 0.4976788759 -0.9484988451 0.1293026656 -0.2891898751 -0.3149951994 -0.4817603827 0.8177316189
28.6 -100.4 2733.0 0.9676306248 0.0604628772 0.2450207621 -0.0605362207 0.9981397390 -0.0072389687 -0.2450026572 -0.0078279823 0.9694908261
4.6 -497.2 2736.1 0.9676616788 -0.0001834480 0.2522515953 -0.0525201783 0.9779383540 0.2021837085 -0.2467235923 -0.2088937312 0.9463037848
210.8 -84.4 2718.5 0.9500252604 0.0421977676 0.3093078434 0.0329473652 0.9717343450 -0.2337666303 -0.3104294837 0.2322750837 0.9217818975
194.0 -470.7 2626.1 0.9445402026 -0.1260611713 0.3032364845 0.0870866850 0.9864789844 0.1388349384 -0.3166381121 -0.1047273204 0.9427472949
-57.1 310.7 2455.3 0 0 0 0 0 0 0 0 0
269.4 -212.6 2583.4 0 0 0 0 0 0 0 0 0
4.6 -765.9 2793.5 0 0 0 0 0 0 0 0 0
230.7 -757.9 2656.6 0 0 0 0 0 0 0 0 0
63.6 497.2 2696.5  0.9948728085 -0.0941157863 0.0370176025 0.0917117149 0.9938525558 0.0620170645 -0.0426268242 -0.0583041422 0.9973883629
82.5 297.8 2708.2 0.9948728085 -0.0941157863 0.0370176025 0.0917117149 0.9938525558 0.0620170645 -0.0426268242 -0.0583041422 0.9973883629
100.6 100.1 2717.4 0.9951081276 -0.0911217034 0.0381662026 0.0891855434 0.9947749376 0.0496862121 -0.0424942747 -0.0460392796 0.9980353713
-57.4 285.3 2714.2 0.6857622266 -0.7049161792 -0.1811720282 0.6337255836 0.7007247806 -0.3276838064 0.3579413593 0.1098998338 0.9272540212
-199.3 154.2 2640.1 -0.4969118237 -0.7049161792 -0.5061342120 -0.5984473228 0.7007247806 -0.3883884847 0.6284421086 0.1098998338 -0.7700536251
222.5 310.4 2702.2 0.2085317373 0.8792427182 0.4283068180 -0.9714173675 0.2369912416 -0.0135451602 -0.1134144515 -0.4132400751 0.9035318494
278.5 49.3 2671.7 -0.0268802587 0.8824427724 0.4696511924 -0.9502608776 0.1232780293 -0.2860187888 -0.3102928698 -0.4539794028 0.8352370858
27.4 -103.9 2731.9 0.9756740332 0.0639239326 0.2096996605 -0.0646058321 0.9979043603 -0.0036039008 -0.2094905674 -0.0100315884 0.9777591825
2.0 -500.6 2735.9 0.9757797718 -0.0086545199 0.2185840458 -0.0391883217 0.9761372805 0.2135891020 -0.2152165473 -0.2169818580 0.9521558285
209.6 -88.3 2717.5 0.9603744149 0.0372212976 0.2762165964 0.0312335696 0.9704272747 -0.2393646240 -0.2769575715 0.2385068834 0.9308109283
194.8 -474.1 2622.7 0.9553164840 -0.1210256815 0.2696723938 0.0833954513 0.9856281877 0.1469089240 -0.2835764587 -0.1178550720 0.9516798854
-56.7 326.0 2459.7 0 0 0 0 0 0 0 0 0
271.0 -216.5 2584.9 0 0 0 0 0 0 0 0 0
4.3 -765.2 2794.7 0 0 0 0 0 0 0 0 0
230.0 -760.5 2656.9 0 0 0 0 0 0 0 0 0
62.3 500.6 2696.6  0.9942900538 -0.0981454626 0.0418905169 0.0955223963 0.9935810566 0.0605986565 -0.0475691073 -0.0562511571 0.9972828031
82.1 300.7 2708.0 0.9942900538 -0.0981454626 0.0418905169 0.0955223963 0.9935810566 0.0605986565 -0.0475691073 -0.0562511571 0.9972828031
100.8 103.0 2716.1 0.9945837259 -0.0944642648 0.0433561280 0.0924907997 0.9946748018 0.0454695746 -0.0474204980 -0.0412132554 0.9980244040
-57.9 287.7 2714.6 0.7084134817 -0.6877527237 -0.1585765034 0.6230174899 0.7149170637 -0.3174000680 0.3316618204 0.1260545552 0.9349388480
-204.6 158.7 2645.9 -0.5098944306 -0.6877527237 -0.5167241693 -0.5993278027 0.7149170637 -0.3601385057 0.6171011329 0.1260545552 -0.7767215967
222.0 313.7 2701.3 0.2116496116 0.8768975735 0.4315727949 -0.9710590243 0.2386796325 -0.0087432042 -0.1106745303 -0.4172321558 0.9020357132
279.0 52.1 2671.5 -0.0259022042 0.8806992769 0.4729671180 -0.9544733763 0.1188576072 -0.2735936046 -0.2971694171 -0.4585211873 0.8375253081
27.5 -105.9 2730.4 0.9743261337 0.0665835366 0.2150703967 -0.0670340434 0.9977371097 -0.0052068848 -0.2149304003 -0.0093438346 0.9765846729
1.0 -502.6 2734.1 0.9743816853 -0.0117475884 0.2245937735 -0.0396230333 0.9740472436 0.2228497416 -0.2213828862 -0.2260397822 0.9486283064
210.0 -89.5 2722.6 0.9584832788 0.0392420106 0.2824355960 0.0278569888 0.9728610516 -0.2297071666 -0.2837847471 0.2280382812 0.9313778877
194.4 -476.3 2632.0 0.9523488879 -0.1245538145 0.2784205079 0.0931100696 0.9879680872 0.1234891936 -0.2904516160 -0.0916810408 0.9524875283
-55.4 334.0 2465.4 0 0 0 0 0 0 0 0 0
271.8 -214.9 2588.3 0 0 0 0 0 0 0 0 0
4.2 -764.7 2794.9 0 0 0 0 0 0 0 0 0
229.9 -758.1 2658.1 0 0 0 0 0 0 0 0 0
65.0 497.6 2705.7  0.9932337403 -0.0916740000 0.0712926090 0.0895528868 0.9954547286 0.0324068405 -0.0739394277 -0.0258031096 0.9969288707
83.4 297.9 2710.9 0.9932337403 -0.0916740000 0.0712926090 0.0895528868 0.9954547286 0.0324068405 -0.0739394277 -0.0258031096 0.9969288707
101.3 100.0 2714.8 0.9933264852 -0.0902236030 0.0718481094 0.0885372758 0.9957249165 0.0263259374 -0.0739161670 -0.0197890159 0.9970681071
-56.3 285.4 2721.3 0.7136362791 -0.6758155227 -0.1843817681 0.5890257359 0.7213672400 -0.3642498851 0.3791726828 0.1513363421 0.9128665924
-204.8 162.9 2642.4 -0.5191578269 -0.6758155227 -0.5232098699 -0.6116182208 0.7213672400 -0.3248883784 0.5969910622 0.1513363421 -0.7878445387
223.1 310.4 2700.5 0.2101009637 0.8677200079 0.4504659772 -0.9721800089 0.2342241555 0.0022531785 -0.1035548821 -0.4384073913 0.8927907348
278.7 53.5 2673.1 -0.0342421047 0.8701224923 0.4916444719 -0.9543121457 0.1176456735 -0.2746777534 -0.2968431413 -0.4785878360 0.8263400197
28.4 -103.3 2728.7 0.9673803449 0.0686798692 0.2438409030 -0.0689903125 0.9975907803 -0.0072774375 -0.2437532544 -0.0097826095 0.9697879553
1.1 -499.9 2732.6 0.9673095345 -0.0155671369 0.2531203330 -0.0430093966 0.9735847712 0.2242385298 -0.2499248385 -0.2277946174 0.9410883188
210.8 -86.3 2720.0 0.9504467845 0.0393921584 0.3083815873 0.0339129232 0.9728835225 -0.2287957817 -0.3090321422 0.2279163301 0.9233381152
195.2 -473.1 2629.4 0.9451209307 -0.1243492439 0.3021319807 0.0872137249 0.9872056246 0.1334872246 -0.3148654103 -0.0998115093 0.9438736439
-54.2 340.3 2469.3 0 0 0 0 0 0 0 0 0
269.1 -213.5 2590.1 0 0 0 0 0 0 0 0 0
5.3 -764.0 2794.4 0 0 0 0 0 0 0 0 0
230.8 -756.2 2658.0 0 0 0 0 0 0 0 0 0
62.8 502.3 2701.2  0.9931111336 -0.0978564918 0.0644541159 0.0946076959 0.9941728711 0.0516693518 -0.0691347122 -0.0452155545 0.9965821505
82.4 303.0 2710.3 0.9931111336 -0.0978564918 0.0644541159 0.0946076959 0.9941728711 0.0516693518 -0.0691347122 -0.0452155545 0.9965821505
101.2 105.2 2717.3 0.9933106303 -0.0951265916 0.0654593036 0.0925517902 0.9948505759 0.0413091704 -0.0690518245 -0.0349744596 0.9969998002
-57.4 289.9 2720.0 0.7009521127 -0.6884449124 -0.1863053590 0.5810831189 0.7027294636 -0.4105041921 0.4135318100 0.1794848889 0.8926234245
-204.3 168.1 2633.4 -0.5191060305 -0.6884449124 -0.5065298676 -0.6502371430 0.7027294636 -0.2887264192 0.5547257066 0.1794848889 -0.8124435544
222.1 316.0 2700.6 0.2054444104 0.8698068857 0.4485850632 -0.9732621908 0.2296967655 0.0003554463 -0.1027293652 -0.4366639256 0.8937400579
278.4 49.4 2672.4 -0.0250836127 0.8729758859 0.4871180058 -0.9587365985 0.1170253307 -0.2590929866 -0.2831870914 -0.4735168517 0.8340185285
28.0 -106.0 2725.6 0.9690040946 0.0669534579 0.2377989143 -0.0709726736 0.9974431396 0.0083707199 -0.2366304398 -0.0249884855 0.9712783098
1.4 -502.6 2735.5 0.9690183401 -0.0153435860 0.2465116531 -0.0392155237 0.9758499861 0.2148928791 -0.2438556254 -0.2179022282 0.9450148344
210.2 -89.7 2712.0 0.9519249201 0.0398726799 0.3037254214 0.0273595806 0.9764639735 -0.2139382958 -0.3051072061 0.2119629979 0.9284294844
194.4 -477.9 2627.7 0.9456630945 -0.1303276867 0.2978859246 0.0885973126 0.9847711921 0.1495866328 -0.3128447831 -0.1150666699 0.9428084493
-54.6 355.6 2473.4 0 0 0 0 0 0 0 0 0
271.4 -218.9 2593.2 0 0 0 0 0 0 0 0 0
5.5 -760.3 2793.0 0 0 0 0 0 0 0 0 0
231.1 -755.7 2660.2 0 0 0 0 0 0 0 0 0
62.6 502.7 2699.0  0.9935085177 -0.0962737873 0.0605980605 0.0927489474 0.9939683080 0.0585204698 -0.0658665374 -0.0525201820 0.9964452982
81.9 303.8 2709.5 0.9935085177 -0.0962737873 0.0605980605 0.0927489474 0.9939683080 0.0585204698 -0.0658665374 -0.0525201820 0.9964452982
100.3 106.1 2717.8 0.9937895536 -0.0926467553 0.0616355799 0.0897909775 0.9948225617 0.0475983694 -0.0657263026 -0.0417684428 0.9969631433
-58.0 291.2 2718.8 0.7247015834 -0.6661231518 -0.1763164848 0.5495844483 0.7131153345 -0.4352280498 0.4156494737 0.2185096592 0.8828867674
-209.3 176.4 2632.0 -0.5409020185 -0.6661231518 -0.5135220289 -0.6636052132 0.7131153345 -0.2260413766 0.5167718530 0.2185096592 -0.8277683258
221.7 316.5 2700.3 0.2106091380 0.8708985448 0.4440490305 -0.9730733633 0.2302841395 0.0098728565 -0.0936591923 -0.4341716170 0.8959481120
278.8 52.6 2674.9 -0.0233855229 0.8741014600 0.4851801097 -0.9575844407 0.1198360622 -0.2620521486 -0.2872022390 -0.4707291424 0.8342235684
29.0 -101.0 2730.6 0.9696280360 0.0742467046 0.2330425829 -0.0765503943 0.9970653653 0.0008435994 -0.2322960496 -0.0186574794 0.9724661708
-0.5 -497.4 2738.0 0.9696895480 -0.0233328771 0.2432236522 -0.0270458665 0.9790635109 0.2017503679 -0.2428388149 -0.2022134215 0.9487565756
211.2 -84.0 2717.9 0.9534985423 0.0408503152 0.2986164987 0.0307528321 0.9724152088 -0.2312204689 -0.2998246551 0.2296516746 0.9259402156
195.0 -470.6 2626.6 0.9478393793 -0.1262477934 0.2926807106 0.0871447101 0.9858728647 0.1430401206 -0.3066044748 -0.1100734845 0.9454509616
-54.0 366.9 2483.7 0 0 0 0 0 0 0 0 0
272.3 -215.3 2594.5 0 0 0 0 0 0 0 0 0
5.8 -762.6 2792.8 0 0 0 0 0 0 0 0 0
231.3 -753.9 2658.2 0 0 0 0 0 0 0 0 0
62.9 498.2 2697.4  0.9938601255 -0.0934507400 0.0592373274 0.0901254639 0.9943251014 0.0565238036 -0.0641833544 -0.0508379601 0.9966423512
81.6 299.6 2707.5 0.9938601255 -0.0934507400 0.0592373274 0.0901254639 0.9943251014 0.0565238036 -0.0641833544 -0.0508379601 0.9966423512
99.3 101.8 2715.7 0.9942101240 -0.0890265033 0.0601711310 0.0863095075 0.9951899648 0.0463427305 -0.0640074313 -0.0408810712 0.9971117377
-58.4 287.5 2716.6 0.8289293051 -0.5220810175 0.2007677108 0.5526585579 0.8197998405 -0.1499889791 -0.0862829462 0.2352862656 0.9680886269
-220.6 179.3 2733.4 -0.4230011106 -0.5220810175 -0.7406088710 -0.4884314239 0.8197998405 -0.2989363372 0.7632200122 0.2352862656 -0.6017770171
221.5 311.8 2698.5 0.2193242759 0.8712361455 0.4391405582 -0.9721887112 0.2330475003 0.0231934320 -0.0821336582 -0.4320143759 0.8981189728
279.2 55.7 2676.9 -0.0169213507 0.8749178648 0.4839756191 -0.9571312666 0.1258121729 -0.2609041929 -0.2891597748 -0.4676430523 0.8352823257
27.5 -99.9 2732.2 0.9705908895 0.0659533218 0.2315242738 -0.0678027049 0.9976987243 0.0000308401 -0.2309894413 -0.0157279037 0.9728291035
1.3 -496.6 2738.4 0.9706830382 -0.0138283875 0.2399651259 -0.0344467647 0.9800353050 0.1958167702 -0.2378821373 -0.1983420402 0.9508273005
209.8 -83.4 2720.1 0.9543351531 0.0380619094 0.2963033617 0.0334157422 0.9720250964 -0.2324878871 -0.2968632579 0.2317725718 0.9263658524
194.7 -469.9 2628.0 0.9489040375 -0.1256706864 0.2894615531 0.0871786922 0.9859798551 0.1422798634 -0.3032836616 -0.1097750589 0.9465560913
-107.3 310.2 2529.0 0 0 0 0 0 0 0 0 0
274.5 -212.1 2596.0 0 0 0 0 0 0 0 0 0
5.0 -762.7 2792.3 0 0 0 0 0 0 0 0 0
231.3 -756.9 2659.9 0 0 0 0 0 0 0 0 0
60.4 494.1 2694.1  0.9934176207 -0.0987258926 0.0580914356 0.0950288102 0.9934601784 0.0632958636 -0.0639604703 -0.0573588684 0.9963026643
80.1 295.7 2705.5 0.9934176207 -0.0987258926 0.0580914356 0.0950288102 0.9934601784 0.0632958636 -0.0639604703 -0.0573588684 0.9963026643
98.9 98.1 2714.9 0.9937474132 -0.0947205275 0.0591108911 0.0916399285 0.9943903685 0.0528199486 -0.0637824312 -0.0470727682 0.9968530536
-59.8 282.8 2714.5 0.8192821741 -0.3918653429 0.4185907543 0.4350544810 0.9003627896 -0.0086275749 -0.3735027015 0.1891782135 0.9081339836
-218.4 198.6 2786.8 -0.3226379752 -0.3918653429 -0.8615952134 -0.3270497322 0.9003627896 -0.2870284319 0.8882247806 0.1891782135 -0.4186506569
219.9 308.6 2696.6 0.2291569263 0.8690544367 0.4384421110 -0.9701924324 0.2403990179 0.0305775423 -0.0788275078 -0.4323802888 0.8982391357
279.9 54.6 2675.9 -0.0350159742 0.8719057441 0.4884201586 -0.9533998370 0.1174013242 -0.2779310346 -0.2996708453 -0.4753917158 0.8271638751
25.7 -104.0 2729.7 0.9711053371 0.0585543253 0.2313565016 -0.0643525198 0.9977722168 0.0175884403 -0.2298112065 -0.0319686010 0.9727100134
2.4 -500.6 2742.4 0.9712733626 -0.0036190962 0.2379389852 -0.0420881100 0.9815086126 0.1867337227 -0.2342149764 -0.1913838983 0.9531608224
208.2 -88.1 2717.9 0.9543112516 0.0340013690 0.2968736887 0.0355751701 0.9735110402 -0.2258552760 -0.2966892123 0.2260975540 0.9278229475
194.6 -475.2 2628.0 0.9487174153 -0.1264116615 0.2897505164 0.0910370797 0.9869903326 0.1325230449 -0.3027333915 -0.0993488804 0.9478830695
-133.0 285.2 2551.8 0 0 0 0 0 0 0 0 0
270.1 -212.1 2592.1 0 0 0 0 0 0 0 0 0
3.4 -764.4 2793.8 0 0 0 0 0 0 0 0 0
230.7 -756.6 2656.4 0 0 0 0 0 0 0 0 0
58.6 492.0 2693.9  0.9916051626 -0.1052321643 0.0751361847 0.1007623300 0.9930388331 0.0609983504 -0.0810321420 -0.0529153794 0.9953058362
79.6 293.4 2704.5 0.9916051626 -0.1052321643 0.0751361847 0.1007623300 0.9930388331 0.0609983504 -0.0810321420 -0.0529153794 0.9953058362
99.4 95.8 2713.1 0.9920878410 -0.0997903869 0.0761812255 0.0960837901 0.9940724969 0.0508696996 -0.0808059648 -0.0431474298 0.9957954884
-60.0 279.9 2715.9 0.8132768273 -0.2946925759 0.5017340779 0.3233175278 0.9457687736 0.0314197615 -0.4837836027 0.1366664618 0.8644511104
-221.1 215.8 2811.7 -0.2642693818 -0.2946925759 -0.9183234572 -0.2180993706 0.9457687736 -0.2407365739 0.9394649267 0.1366664618 -0.3142099679
219.2 306.9 2693.1 0.2300872654 0.8621436357 0.4514069259 -0.9704861641 0.2377006263 0.0406826213 -0.0722254440 -0.4474447072 0.8913903236
279.6 52.0 2674.2 -0.0242931936 0.8653398752 0.5005963445 -0.9564971328 0.1255043149 -0.2633664012 -0.2907284796 -0.4852169752 0.8246462345
26.6 -108.0 2730.1 0.9669277072 0.0610018596 0.2476482093 -0.0650098547 0.9978523254 0.0080314660 -0.2466263920 -0.0238654204 0.9688167572
2.3 -504.7 2739.6 0.9669227004 -0.0104189282 0.2548566163 -0.0444426052 0.9770001173 0.2085559368 -0.2511678636 -0.2129839659 0.9442206025
