-167.1 440.7 2401.2 1 0.9856582880 -0.0763460547 -0.1504958719 0.1119431257 0.9631512761 0.2445573509 0.1262793094 -0.2578969598 0.9578844905
-151.4 241.5 2454.5 0.9856582880 -0.0763460547 -0.1504958719 0.1119431257 0.9631512761 0.2445573509 0.1262793094 -0.2578969598 0.9578844905
-147.6 50.7 2487.9 0.9889967442 -0.0179549754 -0.1468434781 0.0429861471 0.9846582413 0.1691164374 0.1415541619 -0.1735678464 0.9745956063
-286.0 235.8 2435.4 0.5065349936 -0.7437478304 -0.4361896813 0.5378752351 0.6679581404 -0.5143171549 0.6738787293 0.0259040166 0.7383877039
-395.6 119.4 2289.6 -0.6667259932 -0.7437478304 -0.0481201410 -0.7440506816 0.6679581404 -0.0148483897 0.0431856997 0.0259040166 -0.9987311959
-16.7 247.2 2473.7 0.2317348719 0.6173112988 0.7518149614 -0.9705419540 0.0943345875 0.2216963172 0.0659334809 -0.7810427547 0.6209871173
48.5 -25.7 2492.2 -0.2003294677 0.6173112988 0.7607856989 -0.9412102103 0.0943345875 -0.3243829906 -0.2720136940 -0.7810427547 0.5621216893
-236.1 -149.3 2500.5 0.9994260669 0.0258960649 -0.0218379404 -0.0253047496 0.9993169308 0.0269323979 0.0225204676 -0.0263643377 0.9993987083
-246.2 -536.9 2510.7 0.9994202852 -0.0245864000 -0.0235503223 0.0236029290 0.9988735318 -0.0411653742 0.0245359018 0.0405856520 0.9988747835
-59.5 -141.9 2532.9 0.8791792393 0.1175081730 -0.4617745578 -0.1099844202 0.9929903150 0.0432861969 0.4636241496 0.0127316825 0.8859404922
-105.5 -530.6 2527.9 0.8779773712 -0.0755696371 -0.4726997018 0.0432888232 0.9959487319 -0.0788172185 0.4767408669 0.0487371199 0.8776917458
-224.2 310.7 2278.5 0 0 0 0 0 0 0 0 0
-6.2 -282.6 2418.0 0 0 0 0 0 0 0 0 0
-238.5 -849.6 2498.0 0 0 0 0 0 0 0 0 0
-82.0 -839.2 2512.8 0 0 0 0 0 0 0 0 0
-162.5 435.4 2392.6 2 0.9779454470 -0.0735523552 -0.1954809576 0.1317913383 0.9433975816 0.3043550849 0.1620302200 -0.3234053850 0.9322848916
-146.5 230.1 2463.0 0.9779454470 -0.0735523552 -0.1954809576 0.1317913383 0.9433975816 0.3043550849 0.1620302200 -0.3234053850 0.9322848916
-146.0 38.2 2489.7 0.9819761515 -0.0010161491 -0.1890020370 0.0272674579 0.9902859330 0.1363462359 0.1870275140 -0.1390423626 0.9724648595
-280.3 226.5 2437.6 0.5097924471 -0.7229549885 -0.4663129151 0.4599153399 0.6871043444 -0.5624637604 0.7270416021 0.0722753331 0.6827787161
-385.1 132.0 2288.1 -0.6841294169 -0.7229549885 -0.0964523554 -0.7265516520 0.6871043444 0.0032124247 0.0639503896 0.0722753331 -0.9953324199
-12.7 233.6 2488.4 0.2413911521 0.6163358688 0.7495734692 -0.9699159265 0.1281435788 0.2069838941 0.0315185674 -0.7769873142 0.6287267208
49.4 -15.9 2496.5 -0.1812089533 0.6163358688 0.7663506866 -0.9371146560 0.1281435788 -0.3246464729 -0.2982941866 -0.7769873142 0.5543566346
-232.2 -143.7 2508.6 0.9974619746 0.0282350965 -0.0653637424 -0.0263792835 0.9992288351 0.0290832520 0.0661345050 -0.0272851884 0.9974375963
-243.1 -531.5 2519.2 0.9975642562 -0.0157402679 -0.0679545179 0.0105962530 0.9970966578 -0.0754052252 0.0689441189 0.0745014995 0.9948347807
-54.9 -134.6 2533.7 0.8555794358 0.1409855783 -0.4981032610 -0.1415157467 0.9892471433 0.0369232967 0.4979528785 0.0388986394 0.8663312197
-109.8 -520.0 2518.6 0.8568843007 -0.0814104006 -0.5090399384 0.0619678907 0.9965579510 -0.0550661422 0.5117707253 0.0156411808 0.8589796424
-207.6 320.5 2271.5 0 0 0 0 0 0 0 0 0
-0.1 -271.7 2415.1 0 0 0 0 0 0 0 0 0
-238.1 -850.7 2495.4 0 0 0 0 0 0 0 0 0
-83.9 -836.5 2513.6 0 0 0 0 0 0 0 0 0
-159.1 431.2 2389.8 3 0.9723027945 -0.0824784413 -0.2186881900 0.1522990167 0.9333258867 0.3251273036 0.1772913635 -0.3494281769 0.9200367928
-140.6 221.8 2468.2 0.9723027945 -0.0824784413 -0.2186881900 0.1522990167 0.9333258867 0.3251273036 0.1772913635 -0.3494281769 0.9200367928
-145.1 29.3 2490.2 0.9769020081 0.0238824487 -0.2123489231 0.0010886595 0.9931657314 0.1167076454 0.2136849314 -0.1142431051 0.9701995850
-273.8 221.8 2439.1 0.5063802004 -0.7027072310 -0.4997816086 0.3834125102 0.7026215196 -0.5994312763 0.7723820210 0.1119175926 0.6252203584
-372.3 147.2 2288.9 -0.6982862353 -0.7027072310 -0.1363778710 -0.7112429142 0.7026215196 0.0213663150 0.0808077604 0.1119175926 -0.9904264808
-7.4 221.8 2497.2 0.2247885168 0.6343113184 0.7396751046 -0.9743033051 0.1574189663 0.1610971689 -0.0142531386 -0.7568807006 0.6533976197
50.3 -28.3 2493.6 -0.1527856290 0.6338788271 0.7581914067 -0.9354155660 0.1547559351 -0.3178809285 -0.3188326061 -0.7577916980 0.5692956448
-233.3 -156.0 2499.8 0.9956570268 0.0212929398 -0.0906294212 -0.0179584771 0.9991371036 0.0374501199 0.0913486406 -0.0356599092 0.9951803088
-241.6 -543.8 2513.6 0.9956957102 -0.0089129489 -0.0922531411 0.0035164149 0.9982814789 -0.0584950633 0.0926159695 0.0579188801 0.9940159321
-57.5 -150.6 2533.1 0.8434369564 0.1307173222 -0.5210825801 -0.1393143237 0.9899846315 0.0228472240 0.5188502669 0.0533240736 0.8532004356
-108.3 -535.5 2512.3 0.8461048603 -0.0753614232 -0.5276620388 0.0679949746 0.9971270561 -0.0333812721 0.5286617875 -0.0076343110 0.8487982750
-188.1 334.9 2267.6 0 0 0 0 0 0 0 0 0
8.6 -283.5 2406.6 0 0 0 0 0 0 0 0 0
-238.8 -850.5 2495.8 0 0 0 0 0 0 0 0 0
-85.7 -834.3 2514.6 0 0 0 0 0 0 0 0 0
-156.2 431.5 2395.4 4 0.9703324437 -0.0837471187 -0.2268070132 0.1516119838 0.9414988160 0.3009881079 0.1883316487 -0.3264451623 0.9262638688
-137.1 216.8 2469.8 0.9703324437 -0.0837471187 -0.2268070132 0.1516119838 0.9414988160 0.3009881079 0.1883316487 -0.3264451623 0.9262638688
-145.2 24.2 2490.9 0.9739239812 0.0424761288 -0.2228628099 -0.0167447049 0.9930961132 0.1161019728 0.2262557596 -0.1093427241 0.9679114223
-270.0 219.1 2439.0 0.5091806054 -0.6970742345 -0.5047996044 0.3496813178 0.7034900188 -0.6187283397 0.7864210606 0.1385254860 0.6019573212
-367.5 152.2 2288.4 -0.6955407262 -0.6970742345 -0.1740995049 -0.7103844285 0.7034900188 0.0213472899 0.1075966135 0.1385254860 -0.9844966531
-4.2 214.4 2500.7 0.2064393908 0.6428061724 0.7376875877 -0.9775465727 0.1680535525 0.1271246225 -0.0422545373 -0.7473675609 0.6630658507
49.9 -41.8 2489.6 -0.1489049643 0.6402469277 0.7535988092 -0.9373607039 0.1513235867 -0.3137772083 -0.3149321675 -0.7531168461 0.5776094794
-236.9 -163.3 2493.1 0.9945738316 0.0179652814 -0.1024703905 -0.0130577246 0.9987444282 0.0483637713 0.1032105982 -0.0467633083 0.9935596585
-243.8 -550.9 2511.2 0.9944723845 -0.0163089726 -0.1037238687 0.0113733495 0.9987826347 -0.0479989573 0.1043804139 0.0465539508 0.9934472442
-62.0 -162.8 2531.2 0.8391726613 0.1113493294 -0.5323444009 -0.1173979267 0.9928276539 0.0226048399 0.5310432911 0.0435267612 0.8462260365
-105.2 -548.5 2514.3 0.8391681314 -0.0763803422 -0.5384820104 0.0636032820 0.9970779419 -0.0423102602 0.5401402116 0.0012562014 0.8415740728
-180.6 343.0 2259.5 0 0 0 0 0 0 0 0 0
9.3 -297.6 2403.7 0 0 0 0 0 0 0 0 0
-238.9 -852.0 2497.2 0 0 0 0 0 0 0 0 0
-83.5 -832.5 2513.9 0 0 0 0 0 0 0 0 0
-157.0 436.6 2407.2 5 0.9680358171 -0.1054826006 -0.2275523096 0.1607696563 0.9573271871 0.2401620150 0.1925090998 -0.2690689564 0.9436854124
-132.5 214.5 2469.6 0.9680358171 -0.1054826006 -0.2275523096 0.1607696563 0.9573271871 0.2401620150 0.1925090998 -0.2690689564 0.9436854124
-142.8 22.1 2492.9 0.9729996920 0.0532435663 -0.2245813012 -0.0243922453 0.9913005829 0.1293372810 0.2295139581 -0.1203670800 0.9658339024
-265.3 217.8 2438.3 0.5108391643 -0.7004362345 -0.4984299839 0.3621926308 0.7011753917 -0.6141413450 0.7796536684 0.1331997663 0.6118806601
-362.5 148.9 2289.9 -0.6890110970 -0.7004362345 -0.1861525327 -0.7129884958 0.7011753917 0.0006896201 0.1300425380 0.1331997663 -0.9825206399
0.4 211.1 2500.9 0.1765489280 0.6462871432 0.7423903346 -0.9829148650 0.1556421965 0.0982542560 -0.0520467982 -0.7470531464 0.6627237201
47.2 -49.8 2487.1 -0.1523165852 0.6425590515 0.7509444356 -0.9436773658 0.1312541664 -0.3037192225 -0.2937221229 -0.7549107671 0.5863762498
-240.5 -166.9 2491.8 0.9943694472 0.0115817832 -0.1053340733 -0.0070443577 0.9990352392 0.0433469974 0.1057344824 -0.0423609167 0.9934917092
-245.0 -554.7 2508.3 0.9941083789 -0.0228969473 -0.1059447750 0.0182309076 0.9988294840 -0.0448030420 0.1068466157 0.0426076092 0.9933621883
-66.1 -169.8 2532.3 0.8379957080 0.0986397937 -0.5366874337 -0.1046161503 0.9943234324 0.0194004383 0.5355545878 0.0398886949 0.8435580730
-104.5 -555.9 2516.8 0.8370106220 -0.0729109123 -0.5423073173 0.0539772771 0.9972508550 -0.0507662632 0.5445178151 0.0132196285 0.8386451006
-172.1 346.0 2254.0 0 0 0 0 0 0 0 0 0
5.7 -307.4 2406.9 0 0 0 0 0 0 0 0 0
-238.3 -850.0 2495.7 0 0 0 0 0 0 0 0 0
-84.1 -834.8 2513.1 0 0 0 0 0 0 0 0 0
-157.0 444.6 2434.6 6 0.9655316472 -0.0698803142 -0.2507296801 0.1122807115 0.9808725119 0.1590035111 0.2348226309 -0.1816750169 0.9549096823
-142.0 235.1 2473.4 0.9655316472 -0.0698803142 -0.2507296801 0.1122807115 0.9808725119 0.1590035111 0.2348226309 -0.1816750169 0.9549096823
-144.2 42.2 2491.8 0.9684826732 0.0114263911 -0.2488187402 0.0125069823 0.9954562187 0.0943950936 0.2487667650 -0.0945319831 0.9639391899
-274.2 233.5 2439.3 0.4499588013 -0.7174007297 -0.5318583250 0.4582512677 0.6966452599 -0.5519884229 0.7665134668 0.0046473006 0.6422114372
-360.7 145.3 2291.9 -0.6867796183 -0.7174007297 -0.1169186160 -0.7083292603 0.6966452599 -0.1138204634 0.1631056815 0.0046473006 -0.9865976572
-9.9 236.8 2507.4 0.1994987130 0.6572410464 0.7267974019 -0.9776295424 0.1839394420 0.1020136699 -0.0666391402 -0.7308902144 0.6792339683
49.3 -53.2 2487.6 -0.1801973581 0.6456248760 0.7420899272 -0.9379405975 0.1144819409 -0.3273549676 -0.2963044047 -0.7550247908 0.5849284530
-240.2 -168.0 2495.6 0.9918648601 0.0127815027 -0.1266518980 -0.0081952978 0.9992939830 0.0366662517 0.1270311177 -0.0353300162 0.9912693501
-245.1 -555.9 2509.4 0.9916794896 -0.0192932338 -0.1272777021 0.0133604361 0.9987912178 -0.0473031960 0.1280364841 0.0452091210 0.9907385111
-65.8 -171.8 2536.6 0.8290298581 0.0979858562 -0.5505526662 -0.1107964590 0.9937924743 0.0100336177 0.5481182933 0.0526811182 0.8347401023
-103.9 -558.1 2516.1 0.8284124732 -0.0742415190 -0.5551765561 0.0587818809 0.9972268343 -0.0456431247 0.5570255518 0.0051770131 0.8304792047
-167.2 344.9 2245.9 0 0 0 0 0 0 0 0 0
0.1 -309.2 2406.8 0 0 0 0 0 0 0 0 0
-239.5 -848.0 2496.1 0 0 0 0 0 0 0 0 0
-83.2 -836.2 2514.7 0 0 0 0 0 0 0 0 0
-159.5 444.2 2448.8 7 0.9691013694 -0.0552140549 -0.2404036224 0.0844457597 0.9899955988 0.1130383536 0.2317572236 -0.1298466921 0.9640687108
-148.2 241.6 2475.3 0.9691013694 -0.0552140549 -0.2404036224 0.0844457597 0.9899955988 0.1130383536 0.2317572236 -0.1298466921 0.9640687108
-145.3 48.4 2491.0 0.9708951712 -0.0144859739 -0.2390664071 0.0333188213 0.9966324568 0.0749243349 0.2371759862 -0.0807090849 0.9681082368
-280.7 237.1 2442.9 0.3875523508 -0.7281315327 -0.5653561950 0.4858166873 0.6825314760 -0.5460155010 0.7834445238 -0.0630498752 0.6182551384
-356.4 142.2 2289.9 -0.6807761788 -0.7281315327 -0.0798012838 -0.7094047070 0.6825314760 -0.1757718474 0.1824519038 -0.0630498752 -0.9811910987
-15.6 246.1 2507.8 0.2232268602 0.6489360332 0.7273594737 -0.9735412002 0.1858255267 0.1329901814 -0.0488598272 -0.7378013730 0.6732472181
47.6 -29.7 2493.9 -0.1837557554 0.6366460919 0.7489429712 -0.9382104874 0.1137074158 -0.3268512487 -0.2932489514 -0.7627269030 0.5764136314
-232.9 -151.9 2487.8 0.9928188324 0.0344068445 -0.1145726889 -0.0259480737 0.9968819618 0.0745188743 0.1167794093 -0.0710108057 0.9906159639
-246.3 -538.5 2515.4 0.9927564263 -0.0214142837 -0.1182203367 0.0139595531 0.9978823066 -0.0635296628 0.1193304285 0.0614191815 0.9909530282
-59.6 -149.4 2532.4 0.8359048367 0.1226013154 -0.5350065827 -0.1216068566 0.9918773770 0.0372962095 0.5352334976 0.0338843875 0.8440242410
-107.2 -534.6 2519.2 0.8347474933 -0.0824611485 -0.5444233418 0.0594572090 0.9964403510 -0.0597620569 0.5474134088 0.0175163355 0.8366789818
-163.3 343.3 2238.1 0 0 0 0 0 0 0 0 0
-2.6 -285.8 2413.9 0 0 0 0 0 0 0 0 0
-239.7 -847.7 2496.4 0 0 0 0 0 0 0 0 0
-82.5 -832.5 2514.0 0 0 0 0 0 0 0 0 0
-160.3 443.8 2455.4 8 0.9723433852 -0.0435530022 -0.2294591516 0.0651084930 0.9940590858 0.0872205347 0.2242972404 -0.0997480527 0.9694024324
-151.5 244.0 2475.4 0.9723433852 -0.0435530022 -0.2294591516 0.0651084930 0.9940590858 0.0872205347 0.2242972404 -0.0997480527 0.9694024324
-147.0 50.5 2489.2 0.9732242227 -0.0231782012 -0.2286861092 0.0388233885 0.9971845746 0.0641530752 0.2265553176 -0.0713136941 0.9713841081
-284.4 238.7 2444.4 0.3604193926 -0.7300571203 -0.5806156397 0.4980882704 0.6769083738 -0.5419439077 0.7886735201 -0.0938707441 0.6076037884
-354.3 142.1 2291.6 -0.6785220504 -0.7300571203 -0.0813905597 -0.7016303539 0.6769083738 -0.2225083560 0.2175377458 -0.0938707441 -0.9715274572
-18.6 249.3 2506.4 0.2450544685 0.6417179108 0.7267368436 -0.9689765573 0.1869593412 0.1616498083 -0.0321366750 -0.7438039780 0.6676247716
48.9 -17.9 2497.5 -0.1630249918 0.6331318617 0.7566815019 -0.9408397079 0.1311539859 -0.3124407828 -0.2970580161 -0.7628516555 0.5742942095
-229.4 -147.9 2485.4 0.9940055609 0.0334352702 -0.1040911749 -0.0273173098 0.9978451133 0.0596559979 0.1058614850 -0.0564549044 0.9927769899
-242.4 -535.0 2507.3 0.9942320585 -0.0101391580 -0.1067696512 0.0065131541 0.9993919134 -0.0342551060 0.1070520431 0.0333621204 0.9936935306
-55.5 -141.8 2527.9 0.8396849036 0.1397285461 -0.5247905850 -0.1442970783 0.9890022874 0.0324467756 0.5235528350 0.0484806858 0.8506127596
-109.8 -525.7 2509.1 0.8420807719 -0.0845921338 -0.5326763988 0.0804130137 0.9962765574 -0.0310937446 0.5333232880 -0.0166506711 0.8457476497
-161.2 341.8 2229.7 0 0 0 0 0 0 0 0 0
4.4 -274.7 2416.5 0 0 0 0 0 0 0 0 0
-239.1 -851.7 2496.7 0 0 0 0 0 0 0 0 0
-83.8 -831.1 2514.2 0 0 0 0 0 0 0 0 0
-160.2 442.7 2459.2 9 0.9737948179 -0.0303387586 -0.2253956050 0.0477921516 0.9962310195 0.0723853409 0.2223500013 -0.0812606141 0.9715746045
-154.2 244.4 2475.3 0.9737948179 -0.0303387586 -0.2253956050 0.0477921516 0.9962310195 0.0723853409 0.2223500013 -0.0812606141 0.9715746045
-150.2 50.8 2488.1 0.9741302133 -0.0204039942 -0.2250645757 0.0346151181 0.9976352453 0.0593780130 0.2233207971 -0.0656325519 0.9725328684
-287.2 239.7 2444.8 0.3333109915 -0.7288031578 -0.5981218815 0.5112956762 0.6727356315 -0.5347929597 0.7921366692 -0.1275647432 0.5968640447
-351.7 140.8 2291.6 -0.6809516549 -0.7288031578 -0.0717692822 -0.6925724149 0.6727356315 -0.2603271008 0.2380089611 -0.1275647432 -0.9628493786
-21.1 249.1 2505.9 0.2608865798 0.6372714639 0.7251366973 -0.9647792578 0.1983762980 0.1727652252 -0.0337515846 -0.7446689606 0.6665800214
50.0 -13.6 2496.7 -0.1268515438 0.6322033405 0.7643478513 -0.9454697967 0.1559857577 -0.2859287560 -0.2999925017 -0.7589383125 0.5779421329
-229.6 -146.4 2482.8 0.9947216511 0.0245566312 -0.0996285081 -0.0165929068 0.9966576099 0.0799894556 0.1012597829 -0.0779141113 0.9918043613
-239.2 -533.1 2513.0 0.9947866201 -0.0004597796 -0.1019771621 -0.0047057369 0.9987176657 -0.0504073091 0.1018695682 0.0506243929 0.9935088158
-55.3 -139.4 2523.4 0.8399606943 0.1531155258 -0.5205973983 -0.1572629809 0.9868812561 0.0365198217 0.5193595886 0.0511954837 0.8530209064
-114.8 -522.5 2503.5 0.8421937823 -0.1034520268 -0.5291571617 0.1062085778 0.9940220714 -0.0252956897 0.5286107659 -0.0348971561 0.8481467366
-157.9 337.9 2223.8 0 0 0 0 0 0 0 0 0
15.3 -271.6 2414.8 0 0 0 0 0 0 0 0 0
-239.0 -850.6 2496.9 0 0 0 0 0 0 0 0 0
-82.6 -831.8 2514.4 0 0 0 0 0 0 0 0 0
-159.0 442.8 2461.1 0 0.9726825953 -0.0217041969 -0.2311222553 0.0378867872 0.9971126318 0.0658105761 0.2290265411 -0.0727692842 0.9706963897
-154.7 244.9 2475.5 0.9726825953 -0.0217041969 -0.2311222553 0.0378867872 0.9971126318 0.0658105761 0.2290265411 -0.0727692842 0.9706963897
-151.3 51.2 2487.8 0.9728065133 -0.0174737349 -0.2309593260 0.0315783024 0.9978451133 0.0575144477 0.2294566482 -0.0632437319 0.9712619781
-287.6 240.6 2444.2 0.3137541413 -0.7273446321 -0.6103507876 0.5478804111 0.6636859179 -0.5092622638 0.7754904032 -0.1746161133 0.6067321301
-348.4 134.3 2293.8 -0.6838241220 -0.7273446321 -0.0579169244 -0.6794238091 0.6636859179 -0.3128966391 0.2660223246 -0.1746161133 -0.9480196834
-21.8 249.2 2506.9 0.2598439753 0.6426961422 0.7207099199 -0.9651243687 0.1974829137 0.1718586981 -0.0318749659 -0.7402311563 0.6715964675
47.9 -9.6 2498.3 -0.0816009045 0.6420684457 0.7622922063 -0.9463732839 0.1899739504 -0.2613186836 -0.3126001358 -0.7427368760 0.5921343565
-233.5 -145.9 2480.8 0.9942739010 0.0156258624 -0.1057129651 -0.0079914816 0.9973538518 0.0722597465 0.1065623537 -0.0710011795 0.9917677641
-239.5 -533.0 2508.4 0.9942733645 -0.0038699857 -0.1067965776 -0.0003568535 0.9992182851 -0.0395309515 0.1068660766 0.0393426828 0.9934947491
-59.0 -139.6 2520.8 0.8383730054 0.1507560611 -0.5238352418 -0.1474130601 0.9878910184 0.0483805537 0.5247858167 0.0366592035 0.8504445553
-117.5 -523.1 2506.6 0.8365717530 -0.1152311489 -0.5356019735 0.1087081805 0.9931054115 -0.0438655578 0.5369638801 -0.0215276312 0.8433305025
-153.9 327.6 2218.1 0 0 0 0 0 0 0 0 0
25.6 -267.6 2413.1 0 0 0 0 0 0 0 0 0
-238.3 -851.5 2495.8 0 0 0 0 0 0 0 0 0
-82.0 -829.1 2513.2 0 0 0 0 0 0 0 0 0
-159.1 442.2 2462.0 1 0.9729611874 -0.0194933824 -0.2301445752 0.0345694236 0.9974985123 0.0616572648 0.2283669561 -0.0679460913 0.9712012410
-155.2 244.6 2475.5 0.9729611874 -0.0194933824 -0.2301445752 0.0345694236 0.9974985123 0.0616572648 0.2283669561 -0.0679460913 0.9712012410
-151.7 50.9 2487.5 0.9730148911 -0.0179062653 -0.2300464660 0.0317042805 0.9979034066 0.0564234406 0.2285538316 -0.0621943064 0.9715425968
-288.1 240.3 2444.2 0.3003116548 -0.7277680635 -0.6165764332 0.5804774761 0.6523742080 -0.4872923493 0.7568743825 -0.2115691602 0.6183685660
-345.9 128.7 2298.8 -0.6837054491 -0.7277680635 -0.0538562909 -0.6659104228 0.6523742080 -0.3618994653 0.2985133231 -0.2115691602 -0.9306601286
-22.3 249.0 2506.7 0.2711665928 0.6411857009 0.7178785205 -0.9621670246 0.2011166811 0.1838116348 -0.0265199523 -0.7405626178 0.6714638472
50.1 -7.9 2499.6 -0.0656437203 0.6410617232 0.7646769285 -0.9479141831 0.1993099004 -0.2484638393 -0.3116883337 -0.7411581874 0.5945880413
-235.1 -145.3 2479.5 0.9944225550 0.0124257002 -0.1047346517 -0.0045715822 0.9971805811 0.0748995915 0.1053700447 -0.0740030408 0.9916757345
-239.9 -532.4 2508.2 0.9944158792 -0.0036863233 -0.1054680496 -0.0003788654 0.9992585778 -0.0384982936 0.1055317745 0.0383232720 0.9936771989
-60.8 -139.6 2520.6 0.8399793506 0.1442397982 -0.5230961442 -0.1406173855 0.9889527559 0.0468951091 0.5240815282 0.0341654830 0.8509825468
-116.8 -523.5 2507.3 0.8380132914 -0.1114779413 -0.5341408253 0.1039919406 0.9935948253 -0.0442154445 0.5356485844 -0.0184932090 0.8442384601
-150.3 319.2 2213.4 0 0 0 0 0 0 0 0 0
32.2 -266.5 2414.6 0 0 0 0 0 0 0 0 0
-238.7 -850.7 2496.0 0 0 0 0 0 0 0 0 0
-82.4 -829.7 2513.0 0 0 0 0 0 0 0 0 0
-159.4 440.2 2462.0 2 0.9727791548 -0.0198017471 -0.2308866084 0.0349474400 0.9974831343 0.0616936311 0.2290838510 -0.0680831745 0.9710227847
-155.5 243.2 2475.4 0.9727791548 -0.0198017471 -0.2308866084 0.0349474400 0.9974831343 0.0616936311 0.2290838510 -0.0680831745 0.9710227847
-151.8 49.5 2487.6 0.9728212357 -0.0188862216 -0.2307860553 0.0327779092 0.9978639483 0.0565075949 0.2292258739 -0.0625364706 0.9713622928
-288.4 238.7 2444.1 0.3061671853 -0.7141953111 -0.6294336319 0.6066574454 0.6559161544 -0.4491555989 0.7336404920 -0.2443338931 0.6340919137
-347.3 122.1 2303.1 -0.6969726086 -0.7141953111 -0.0644530505 -0.6342813969 0.6559161544 -0.4092201889 0.3345389366 -0.2443338931 -0.9101563692
-22.6 247.7 2506.8 0.2724460959 0.6416440010 0.7169840336 -0.9618452191 0.2010169625 0.1855963469 -0.0250391699 -0.7401926517 0.6719284654
50.5 -10.3 2500.0 -0.0587653555 0.6417810917 0.7646330595 -0.9483906627 0.2032021433 -0.2434419990 -0.3116115332 -0.7394768000 0.5967179537
-235.4 -145.6 2479.1 0.9944209456 -0.0006700123 -0.1054823399 0.0091315266 0.9967727065 0.0797548741 0.1050884798 -0.0802731290 0.9912177324
-235.2 -532.5 2510.3 0.9944373965 0.0117291594 -0.1046744585 -0.0157637950 0.9991609454 -0.0378009006 0.1041432619 0.0392406955 0.9937878847
-61.1 -139.9 2520.1 0.8406346440 0.1354513317 -0.5243914127 -0.1333355606 0.9901797771 0.0420195200 0.5249333978 0.0345969647 0.8504398465
-113.7 -524.3 2506.7 0.8400933146 -0.0997297987 -0.5331952572 0.0967452005 0.9947409034 -0.0336280465 0.5337448716 -0.0233333856 0.8453235626
-148.9 302.7 2207.9 0 0 0 0 0 0 0 0 0
34.4 -269.1 2415.0 0 0 0 0 0 0 0 0 0
-238.9 -849.9 2497.8 0 0 0 0 0 0 0 0 0
-83.1 -829.2 2513.8 0 0 0 0 0 0 0 0 0
-160.7 440.5 2462.5 3 0.9732093215 -0.0236694068 -0.2286992967 0.0379230343 0.9975883365 0.0581319109 0.2267718166 -0.0652474910 0.9717599154
-156.1 243.3 2475.4 0.9732093215 -0.0236694068 -0.2286992967 0.0379230343 0.9975883365 0.0581319109 0.2267718166 -0.0652474910 0.9717599154
-151.3 49.6 2487.3 0.9732100964 -0.0245202705 -0.2286064029 0.0378915519 0.9978062510 0.0542852618 0.2267738134 -0.0614932142 0.9720042348
-289.0 238.1 2444.4 0.2893364429 -0.7110588551 -0.6408429742 0.6249601841 0.6474241614 -0.4361956716 0.7250580192 -0.2742940485 0.6317068934
-345.7 115.6 2302.3 -0.6997405887 -0.7110588551 -0.0689814240 -0.6132927537 0.6474241614 -0.4524531960 0.3663811088 -0.2742940485 -0.8891162276
-23.1 248.5 2506.4 0.2708589733 0.6395348907 0.7194654346 -0.9621927738 0.2021108419 0.1825822443 -0.0286440514 -0.7417184711 0.6700993776
50.3 -12.2 2498.6 -0.0395273082 0.6398398280 0.7674911022 -0.9520649314 0.2090519965 -0.2233151048 -0.3033314347 -0.7395284176 0.6009057760
-235.3 -147.1 2479.2 0.9946427345 0.0019469492 -0.1033539176 0.0048619821 0.9978350401 0.0655869544 0.1032578498 -0.0657380968 0.9924798608
-236.1 -534.5 2504.7 0.9946315289 0.0084109018 -0.1031376123 -0.0105890213 0.9997319579 -0.0205892660 0.1029367894 0.0215708595 0.9944539666
-61.0 -141.3 2520.3 0.8434030414 0.1292009205 -0.5215155482 -0.1238146797 0.9912688732 0.0453431830 0.5228205323 0.0263287034 0.8520361185
-111.2 -526.1 2510.0 0.8434523940 -0.0859974250 -0.5302758813 0.0794442296 0.9962177277 -0.0351981558 0.5312971473 -0.0124393879 0.8470941782
-148.1 288.8 2198.8 0 0 0 0 0 0 0 0 0
39.5 -272.0 2415.8 0 0 0 0 0 0 0 0 0
-238.7 -848.8 2497.9 0 0 0 0 0 0 0 0 0
-85.1 -827.8 2513.8 0 0 0 0 0 0 0 0 0
-159.7 440.8 2453.2 4 0.9777996540 -0.0189167093 -0.2086862326 0.0368880704 0.9959028363 0.0825638399 0.2062693834 -0.0884289294 0.9744912982
-156.0 243.7 2470.7 0.9777996540 -0.0189167093 -0.2086862326 0.0368880704 0.9959028363 0.0825638399 0.2062693834 -0.0884289294 0.9744912982
-151.9 50.4 2487.0 0.9777871966 -0.0205754600 -0.2085876316 0.0375164561 0.9962792993 0.0775894821 0.2062150836 -0.0836914703 0.9749210477
-289.5 238.6 2442.6 0.2679806054 -0.7208589315 -0.6391782165 0.6657401323 0.6181198955 -0.4179926515 0.6964024901 -0.3135126829 0.6455488801
-342.9 106.0 2303.8 -0.6899536252 -0.7208589315 -0.0657751262 -0.5970623493 0.6181198955 -0.5113162994 0.4092438221 -0.3135126829 -0.8568717837
-22.4 248.8 2498.9 0.2706455290 0.6284852028 0.7292169929 -0.9626482129 0.1706199348 0.2102314234 0.0077083823 -0.7588775754 0.6511876583
50.8 -11.5 2501.0 -0.0384358019 0.6317261457 0.7742382288 -0.9465798140 0.2252373993 -0.2307699472 -0.3201707900 -0.7417480946 0.5893220305
-233.7 -147.5 2478.9 0.9964341521 0.0142960995 -0.0831538364 -0.0091135455 0.9980112314 0.0623737946 0.0838801637 -0.0613935515 0.9945827723
-239.3 -534.9 2502.8 0.9964652061 -0.0023458158 -0.0839738324 0.0014748253 0.9999445081 -0.0104326960 0.0839936435 0.0102719720 0.9964133501
-59.3 -140.7 2519.6 0.8520026207 0.1357122064 -0.5056418777 -0.1252104342 0.9906102419 0.0548971035 0.5083442330 0.0165391658 0.8609951138
-112.0 -525.2 2513.1 0.8520031571 -0.0871393159 -0.5162338018 0.0780715346 0.9961727858 -0.0393012278 0.5176827312 -0.0068183946 0.8555454612
-148.3 274.4 2188.3 0 0 0 0 0 0 0 0 0
40.3 -269.9 2413.6 0 0 0 0 0 0 0 0 0
-238.5 -850.0 2499.5 0 0 0 0 0 0 0 0 0
-85.4 -829.3 2515.2 0 0 0 0 0 0 0 0 0
-158.2 440.4 2450.1 5 0.9778487086 -0.0121638868 -0.2089592814 0.0314357430 0.9955214858 0.0891560838 0.2069389671 -0.0937499478 0.9738517404
-155.8 243.2 2468.7 0.9778487086 -0.0121638868 -0.2089592814 0.0314357430 0.9955214858 0.0891560838 0.2069389671 -0.0937499478 0.9738517404
-152.9 49.9 2486.1 0.9778238535 -0.0148879848 -0.2088992447 0.0332653113 0.9958479404 0.0847367644 0.2067703158 -0.0898067206 0.9742590785
-289.4 238.7 2440.4 0.2591188252 -0.7159571052 -0.6482768655 0.6949771047 0.6043179631 -0.3896237612 0.6707192063 -0.3495787084 0.6541639566
-342.2 97.0 2303.7 -0.6958746314 -0.7159571052 -0.0562492087 -0.5773787498 0.6043179631 -0.5490296483 0.4270741045 -0.3495787084 -0.8339079618
-22.2 247.8 2496.9 0.2684564590 0.6281129122 0.7303460240 -0.9632644057 0.1693219841 0.2084508240 0.0072670230 -0.7594763041 0.6504943967
49.8 -10.9 2498.9 -0.0519456491 0.6307476163 0.7742474675 -0.9498747587 0.2081281543 -0.2332822680 -0.3082849085 -0.7475560904 0.5883198977
-235.5 -146.3 2484.8 0.9962673783 0.0202623326 -0.0839092284 -0.0159255434 0.9985182881 0.0520349331 0.0848392472 -0.0505044088 0.9951138496
-243.3 -533.9 2504.4 0.9962047935 -0.0182596520 -0.0851034448 0.0168959387 0.9997174740 -0.0167170335 0.0853846520 0.0152156865 0.9962318540
-60.3 -139.6 2521.7 0.8510977030 0.1312343925 -0.5083406568 -0.1253825575 0.9910448790 0.0459266044 0.5098155141 0.0246490221 0.8599305749
-111.2 -524.4 2512.1 0.8512185812 -0.0865662694 -0.5176227093 0.0781412870 0.9962138534 -0.0381034426 0.5189613700 -0.0080133434 0.8547601104
-147.1 258.9 2183.9 0 0 0 0 0 0 0 0 0
35.7 -270.1 2414.7 0 0 0 0 0 0 0 0 0
-237.6 -849.4 2499.6 0 0 0 0 0 0 0 0 0
-84.7 -830.3 2514.6 0 0 0 0 0 0 0 0 0
-158.6 440.0 2456.0 6 0.9719691873 -0.0120242825 -0.2348005027 0.0299371295 0.9968916774 0.0728748888 0.2331943959 -0.0778614059 0.9693079591
-156.2 242.6 2471.5 0.9719691873 -0.0120242825 -0.2348005027 0.0299371295 0.9968916774 0.0728748888 0.2331943959 -0.0778614059 0.9693079591
-152.9 49.1 2486.3 0.9719071984 -0.0167840309 -0.2347652316 0.0342295356 0.9969289899 0.0704339594 0.2328621000 -0.0764911771 0.9694969654
-288.9 237.9 2439.6 0.2528999448 -0.7101330161 -0.6570789814 0.7163548470 0.5939309001 -0.3661718667 0.6502901912 -0.3780968487 0.6589123011
-341.0 90.5 2305.8 -0.7006917000 -0.7101330161 -0.0688641295 -0.5436500311 0.5939309001 -0.5930351615 0.4620343745 -0.3780968487 -0.8022263050
-23.5 247.2 2503.3 0.2573385537 0.6467403769 0.7179859281 -0.9662078619 0.1835971922 0.1809266955 -0.0148075949 -0.7402830124 0.6721322536
45.0 -9.9 2499.3 -0.0575885437 0.6470468044 0.7602723241 -0.9540933371 0.1885332763 -0.2327254266 -0.2939208746 -0.7387730479 0.6064856648
-237.6 -146.3 2485.0 0.9938716888 0.0110795069 -0.1099834293 -0.0050354330 0.9984692335 0.0550807714 0.1104253381 -0.0541894026 0.9924060702
-241.9 -533.9 2506.0 0.9938085079 -0.0116078760 -0.1104982421 0.0097016739 0.9997949600 -0.0177730452 0.1106818914 0.0165909864 0.9937173724
-62.4 -140.4 2522.1 0.8388364911 0.1253629923 -0.5297521949 -0.1220934168 0.9916572571 0.0413413979 0.5305153131 0.0300005842 0.8471443057
-111.1 -525.3 2510.4 0.8388283849 -0.0846031606 -0.5377817750 0.0783420131 0.9963278770 -0.0345437117 0.5387294888 -0.0131546613 0.8423761129
-146.0 241.8 2177.2 0 0 0 0 0 0 0 0 0
29.3 -270.4 2419.1 0 0 0 0 0 0 0 0 0
-238.2 -849.3 2500.8 0 0 0 0 0 0 0 0 0
-85.2 -829.5 2514.4 0 0 0 0 0 0 0 0 0
-159.3 439.7 2459.5 7 0.9706913829 -0.0121685453 -0.2400211543 0.0283141360 0.9975523949 0.0639340654 0.2386556864 -0.0688562319 0.9686600566
-156.9 241.7 2473.2 0.9706913829 -0.0121685453 -0.2400211543 0.0283141360 0.9975523949 0.0639340654 0.2386556864 -0.0688562319 0.9686600566
-153.5 48.1 2486.6 0.9706139565 -0.0174842980 -0.2400059551 0.0335240774 0.9974558949 0.0629114509 0.2382953912 -0.0691087097 0.9687307477
-289.5 237.2 2440.6 0.2530218661 -0.7073711157 -0.6600046158 0.7392548323 0.5814346075 -0.3397588730 0.6240851283 -0.4019451439 0.6700431705
-341.9 83.9 2311.2 -0.7022095323 -0.7073711157 -0.0807953626 -0.5130566359 0.5814346075 -0.6314322352 0.4936341345 -0.4019451439 -0.7712103724
-24.3 246.3 2505.7 0.2582428455 0.6499410868 0.7147637606 -0.9657897949 0.1918172985 0.1745169312 -0.0236783344 -0.7353793383 0.6772419214
44.5 -10.9 2499.4 -0.0669207275 0.6489703059 0.7578648329 -0.9555757046 0.1768354177 -0.2358055860 -0.2870481610 -0.7399775386 0.6083063483
-236.6 -147.4 2480.3 0.9933319688 -0.0018254061 -0.1152749062 0.0088905366 0.9981100559 0.0608050637 0.1149460524 -0.0614244677 0.9914708734
-235.9 -534.9 2504.1 0.9933637977 0.0069534485 -0.1148040146 -0.0087451814 0.9998475909 -0.0151106035 0.1146814451 0.0160143077 0.9932732582
-62.5 -141.4 2522.0 0.8353580832 0.1356900185 -0.5326960683 -0.1310800314 0.9902717471 0.0466893315 0.5338491201 0.0308235101 0.8450177312
-115.2 -525.8 2510.1 0.8339805007 -0.1007215902 -0.5425233841 0.0940456018 0.9947595000 -0.0401117466 0.5437204242 -0.0175695214 0.8390824795
-145.9 227.1 2173.4 0 0 0 0 0 0 0 0 0
26.2 -271.8 2421.1 0 0 0 0 0 0 0 0 0
-238.1 -846.7 2499.2 0 0 0 0 0 0 0 0 0
-84.4 -829.9 2515.4 0 0 0 0 0 0 0 0 0
-159.2 439.8 2460.7 8 0.9709838033 -0.0108346092 -0.2388997525 0.0265314132 0.9976868033 0.0625870377 0.2376690209 -0.0671093464 0.9690251946
-157.0 241.5 2474.1 0.9709838033 -0.0108346092 -0.2388997525 0.0265314132 0.9976868033 0.0625870377 0.2376690209 -0.0671093464 0.9690251946
-153.9 47.9 2487.0 0.9709113240 -0.0163960382 -0.2388772964 0.0318409577 0.9976333380 0.0609413795 0.2373127490 -0.0667747557 0.9691355824
-289.7 237.2 2441.7 0.2636680007 -0.7005652785 -0.6630893946 0.7586655617 0.5751518011 -0.3059851825 0.5957396030 -0.4223845899 0.6831438541
-345.3 77.0 2315.9 -0.7066417933 -0.7005652785 -0.0993262082 -0.4767681062 0.5751518011 -0.6647500396 0.5228284001 -0.4223845899 -0.7404334545
-24.4 245.9 2506.5 0.2478370965 0.6497900486 0.7185747623 -0.9682512879 0.1911321878 0.1611144841 -0.0326521844 -0.7356910706 0.6765297055
41.7 -12.5 2497.8 -0.0647260174 0.6487780213 0.7582200170 -0.9570612311 0.1747909039 -0.2312617004 -0.2825674713 -0.7406316400 0.6096067429
-237.0 -148.5 2478.7 0.9934638143 0.0024268192 -0.1141214669 0.0046530035 0.9980820417 0.0617303252 0.1140523925 -0.0618578531 0.9915471077
-237.9 -535.9 2502.7 0.9934748411 0.0018354311 -0.1140368879 -0.0022461170 0.9999914169 -0.0034729573 0.1140295342 0.0037064359 0.9934704304
-63.1 -142.5 2521.3 0.8376771212 0.1238189116 -0.5319454074 -0.1189101040 0.9919455647 0.0436385982 0.5330641866 0.0266986322 0.8456534147
-111.2 -527.5 2511.0 0.8363959789 -0.0911581218 -0.5404922962 0.0825710967 0.9957753420 -0.0401687026 0.5418705940 -0.0110320998 0.8403894901
-146.1 211.4 2168.5 0 0 0 0 0 0 0 0 0
24.0 -273.8 2420.6 0 0 0 0 0 0 0 0 0
-238.5 -848.6 2501.5 0 0 0 0 0 0 0 0 0
-83.4 -831.2 2514.3 0 0 0 0 0 0 0 0 0
-158.6 439.6 2452.9 9 0.9769240618 -0.0086010164 -0.2134135813 0.0267468374 0.9962497950 0.0822856128 0.2119055092 -0.0860949382 0.9734904766
-156.9 241.4 2470.0 0.9769240618 -0.0086010164 -0.2134135813 0.0267468374 0.9962497950 0.0822856128 0.2119055092 -0.0860949382 0.9734904766
-154.2 48.0 2486.0 0.9768729210 -0.0140599720 -0.2133580446 0.0312477108 0.9965102673 0.0774010494 0.2115252167 -0.0822779313 0.9739031792
-290.4 237.1 2441.1 0.2466948181 -0.7071040273 -0.6626805663 0.7828893661 0.5484415293 -0.2937621474 0.5711619258 -0.4463359416 0.6888818741
-343.5 68.3 2317.9 -0.7012399435 -0.7071040273 -0.0909198970 -0.4627237916 0.5484415293 -0.6964902282 0.5423552990 -0.4463359416 -0.7117829323
-23.5 245.6 2498.9 0.2547036409 0.6340963244 0.7301013470 -0.9670167565 0.1653205603 0.1937724501 0.0021696370 -0.7553747296 0.6552894711
43.8 -10.1 2499.4 -0.0796925053 0.6347832680 0.7685696483 -0.9546472430 0.1732914448 -0.2421130538 -0.2868758738 -0.7530074716 0.5921840668
-237.6 -148.6 2478.7 0.9961062074 0.0031134712 -0.0881066397 0.0027438484 0.9977972507 0.0662807897 0.0881189257 -0.0662644506 0.9939034581
-238.8 -536.0 2504.5 0.9961126447 -0.0003726500 -0.0880877003 -0.0005057029 0.9999504089 -0.0099488171 0.0880870372 0.0099546891 0.9960630536
-63.7 -142.9 2521.3 0.8500043750 0.1190604568 -0.5131443739 -0.1202182397 0.9922605753 0.0310886484 0.5128743649 0.0352638252 0.8577390909
-109.9 -528.1 2507.6 0.8510203958 -0.0828395560 -0.5185575485 0.0849956796 0.9961875081 -0.0196519643 0.5182085037 -0.0273509286 0.8548168540
-146.6 198.3 2165.6 0 0 0 0 0 0 0 0 0
22.1 -270.7 2421.1 0 0 0 0 0 0 0 0 0
-238.7 -845.6 2501.4 0 0 0 0 0 0 0 0 0
-84.6 -832.3 2515.9 0 0 0 0 0 0 0 0 0
-159.4 438.9 2465.9 0 0.9783154130 -0.0091458429 -0.2069187164 0.0189767703 0.9987806082 0.0455762334 0.2062495798 -0.0485145785 0.9772959948
-157.6 240.7 2475.5 0.9783154130 -0.0091458429 -0.2069187164 0.0189767703 0.9987806082 0.0455762334 0.2062495798 -0.0485145785 0.9772959948
-154.7 47.0 2485.1 0.9782484770 -0.0147375362 -0.2069123983 0.0245736018 0.9986825585 0.0450478904 0.2059759200 -0.0491526127 0.9773218036
-291.2 237.4 2447.4 0.2427503020 -0.7081967592 -0.6629703045 0.7932740450 0.5382851362 -0.2845441103 0.5583803058 -0.4568439722 0.6924630404
-344.9 62.0 2324.0 -0.6980546713 -0.7081967592 -0.1057212129 -0.4369653761 0.5382851362 -0.7206318974 0.5672573447 -0.4568439722 -0.6852099299
-24.0 244.1 2503.7 0.2546427846 0.6324154139 0.7315789461 -0.9669292569 0.1777099222 0.1829399914 -0.0143147698 -0.7539694309 0.6567534804
42.6 -8.6 2499.9 -0.0753958151 0.6329917312 0.7704783678 -0.9517700672 0.1847706437 -0.2449358404 -0.2974041402 -0.7517853975 0.5885316730
-238.9 -148.2 2483.0 0.9966735840 0.0007119981 -0.0814939588 0.0038098588 0.9984614849 0.0553180687 0.0814079642 -0.0554445386 0.9951375127
-239.2 -535.8 2504.5 0.9966853261 0.0008568130 -0.0813484862 -0.0019845357 0.9999030232 -0.0137830200 0.0813287869 0.0138987731 0.9965904355
-63.9 -142.7 2520.9 0.8553096652 0.1173613667 -0.5046499968 -0.1208107695 0.9923344851 0.0260202363 0.5038353801 0.0387117974 0.8629317880
-109.5 -527.9 2505.8 0.8571887612 -0.0800846145 -0.5087375045 0.0861715451 0.9962124228 -0.0116288103 0.5077419281 -0.0338706113 0.8608431220
-148.0 185.3 2164.0 0 0 0 0 0 0 0 0 0
22.0 -268.5 2418.7 0 0 0 0 0 0 0 0 0
-239.4 -846.7 2500.2 0 0 0 0 0 0 0 0 0
-85.4 -827.2 2516.0 0 0 0 0 0 0 0 0 0
-159.1 439.5 2464.4 1 0.9822818637 -0.0044936938 -0.1873556972 0.0148435002 0.9984373450 0.0538752191 0.1868208200 -0.0557016656 0.9808136225
-158.2 241.0 2475.5 0.9822818637 -0.0044936938 -0.1873556972 0.0148435002 0.9984373450 0.0538752191 0.1868208200 -0.0557016656 0.9808136225
-156.1 47.2 2485.9 0.9822397232 -0.0105695287 -0.1873323619 0.0204295758 0.9985008240 0.0507817119 0.1865147650 -0.0537069365 0.9809830785
-292.3 238.2 2450.0 0.2430227995 -0.6921742558 -0.6795842052 0.7989224195 0.5401641130 -0.2644724846 0.5501480699 -0.4786622524 0.6842657328
-347.1 58.1 2326.0 -0.7109631896 -0.6921742558 -0.1242019832 -0.3961828649 0.5401641130 -0.7424701452 0.5810081363 -0.4786622524 -0.6582643986
-24.0 243.8 2501.0 0.2459579706 0.6198969483 0.7451392412 -0.9692370296 0.1645742506 0.1830161363 -0.0091795893 -0.7672308087 0.6413053870
40.4 -10.0 2498.6 -0.0637366921 0.6217941642 0.7805829048 -0.9547015429 0.1898186505 -0.2291590571 -0.2906589508 -0.7598295212 0.5815294385
-239.5 -149.0 2476.2 0.9981066585 -0.0004863743 -0.0615052991 0.0050778002 0.9972068667 0.0745166764 0.0612972602 -0.0746878982 0.9953212142
-239.3 -536.0 2505.2 0.9981228113 0.0017967755 -0.0612178594 -0.0026919353 0.9998906255 -0.0145431925 0.0611850321 0.0146806873 0.9980184436
-64.2 -144.6 2513.1 0.8664481044 0.1094810963 -0.4871155024 -0.1059459597 0.9937592149 0.0349017158 0.4878965914 0.0213673934 0.8726398945
-106.7 -530.3 2504.8 0.8680306673 -0.0738279969 -0.4909910560 0.0827117413 0.9965669513 -0.0036216737 0.4895728230 -0.0374670029 0.8711571097
-148.1 169.0 2163.4 0 0 0 0 0 0 0 0 0
23.0 -270.6 2419.2 0 0 0 0 0 0 0 0 0
-239.9 -845.4 2500.6 0 0 0 0 0 0 0 0 0
-84.6 -829.0 2516.0 0 0 0 0 0 0 0 0 0
-160.5 441.7 2470.7 2 0.9818956852 -0.0052123880 -0.1893506497 0.0127086379 0.9991817474 0.0383966677 0.1889955848 -0.0401079133 0.9811584949
-159.5 242.9 2478.7 0.9818956852 -0.0052123880 -0.1893506497 0.0127086379 0.9991817474 0.0383966677 0.1889955848 -0.0401079133 0.9811584949
-157.4 49.0 2486.6 0.9818532467 -0.0105707934 -0.1893474162 0.0180821791 0.9991146326 0.0379863232 0.1887782216 -0.0407208093 0.9811751246
-293.6 240.5 2452.9 0.2383458316 -0.6937758923 -0.6796074510 0.8069949746 0.5308064222 -0.2588506341 0.5403243303 -0.4867438078 0.6863891482
-348.6 54.2 2328.2 -0.7064823508 -0.6937758923 -0.1398486942 -0.3703652918 0.5308064222 -0.7622821331 0.6030855775 -0.4867438078 -0.6319559216
-25.3 245.4 2504.5 0.2382097840 0.6221836805 0.7457503080 -0.9709129930 0.1716620475 0.1669133008 -0.0241662972 -0.7638190985 0.6449778080
38.0 -12.6 2498.0 -0.0413334072 0.6234893799 0.7807384729 -0.9580840468 0.1969771832 -0.2080262154 -0.2834897935 -0.7566115260 0.5892134905
-242.0 -148.4 2479.7 0.9979770780 0.0019373858 -0.0635456741 0.0025750750 0.9974834919 0.0708525926 0.0635230318 -0.0708728954 0.9954606295
-242.8 -535.6 2507.2 0.9979231954 -0.0113218483 -0.0634121373 0.0093568079 0.9994693398 -0.0312000979 0.0637317300 0.0305419657 0.9974995852
-66.1 -144.7 2513.1 0.8677275777 0.1048664153 -0.4858517349 -0.0911588892 0.9944860935 0.0518411361 0.4886091948 -0.0006942751 0.8725025058
-106.8 -530.7 2513.3 0.8663198948 -0.0791828185 -0.4931733012 0.0708910450 0.9968513250 -0.0355233699 0.4944332838 -0.0041869688 0.8692054749
-152.2 157.2 2160.6 0 0 0 0 0 0 0 0 0
26.7 -274.1 2420.7 0 0 0 0 0 0 0 0 0
-239.2 -847.6 2497.7 0 0 0 0 0 0 0 0 0
-83.1 -828.7 2514.6 0 0 0 0 0 0 0 0 0
-160.2 441.1 2473.8 3 0.9815715551 -0.0043706456 -0.1910450161 0.0104585513 0.9994686842 0.0308696516 0.1908085942 -0.0322988257 0.9810957313
-159.4 242.9 2480.2 0.9815715551 -0.0043706456 -0.1910450161 0.0104585513 0.9994686842 0.0308696516 0.1908085942 -0.0322988257 0.9810957313
-157.6 48.9 2486.8 0.9815380573 -0.0091667464 -0.1910472959 0.0154075455 0.9993941784 0.0312063992 0.1906455010 -0.0335738361 0.9810846448
-293.4 240.8 2454.2 0.2617376447 -0.6671792269 -0.6973989010 0.8110625744 0.5437148213 -0.2157583684 0.5231356621 -0.5091620684 0.6834347844
-353.9 53.6 2333.5 -0.7237474322 -0.6671792269 -0.1762427241 -0.3114360273 0.5437148213 -0.7793470025 0.6157899499 -0.5091620684 -0.6012958884
-25.3 245.0 2506.3 0.2334065586 0.6256005168 0.7444094419 -0.9720913172 0.1687504053 0.1629777253 -0.0236604493 -0.7616739869 0.6475282907
36.6 -12.5 2500.0 -0.0319024920 0.6270626783 0.7783152461 -0.9584262967 0.2017242461 -0.2018076181 -0.2835510969 -0.7523959875 0.5945578814
-243.3 -146.5 2477.6 0.9978671074 -0.0027342206 -0.0652207807 0.0082443664 0.9964007735 0.0843657851 0.0647553578 -0.0847235471 0.9942981005
-242.2 -533.3 2510.5 0.9978428483 -0.0129203917 -0.0643640831 0.0102819717 0.9990998507 -0.0411560126 0.0648378953 0.0404054411 0.9970774651
-67.4 -143.3 2511.4 0.8660551310 0.1145421937 -0.4866504073 -0.1019215733 0.9934095740 0.0524351895 0.4894492030 0.0041884105 0.8720217347
-111.9 -528.9 2509.8 0.8630004525 -0.1001652926 -0.4951738417 0.0925856084 0.9949052930 -0.0398921520 0.4966468811 -0.0114190280 0.8678775430
-153.9 139.7 2163.3 0 0 0 0 0 0 0 0 0
27.9 -274.1 2422.6 0 0 0 0 0 0 0 0 0
-238.2 -846.9 2497.8 0 0 0 0 0 0 0 0 0
-81.3 -832.5 2513.3 0 0 0 0 0 0 0 0 0
-160.0 440.0 2475.9 4 0.9829101562 -0.0048908619 -0.1840210408 0.0094740838 0.9996662140 0.0240349900 0.1838420630 -0.0253676660 0.9826284051
-159.1 241.7 2480.9 0.9829101562 -0.0048908619 -0.1840210408 0.0094740838 0.9996662140 0.0240349900 0.1838420630 -0.0253676660 0.9826284051
-157.4 47.6 2486.2 0.9828813672 -0.0088146254 -0.1840286404 0.0136722205 0.9995903373 0.0251436774 0.1837316155 -0.0272293314 0.9825992584
-293.3 239.8 2455.8 0.2783029974 -0.6584939361 -0.6992375851 0.8114499450 0.5507005453 -0.1956474036 0.5139031410 -0.5129470229 0.6875964999
-357.5 52.8 2337.4 -0.7210592031 -0.6584939361 -0.2155444324 -0.2664561272 0.5507005453 -0.7910310030 0.6395895481 -0.5129470229 -0.5725474358
-24.8 243.5 2506.0 0.2349701524 0.6208090186 0.7479205728 -0.9716451764 0.1708833873 0.1634152979 -0.0263575092 -0.7651111484 0.6433585286
