-245.7 503.2 2309.7 7 0.9972582459 0.0693996102 0.0256838091 -0.0734353885 0.9709154367 0.2278824598 -0.0091218529 -0.2291437685 0.9733498693
-259.8 306.0 2356.3 0.9972582459 0.0693996102 0.0256838091 -0.0734353885 0.9709154367 0.2278824598 -0.0091218529 -0.2291437685 0.9733498693
-272.1 114.8 2396.8 0.9977524281 0.0624893047 0.0241893250 -0.0661388412 0.9763528705 0.2058171928 -0.0107559431 -0.2069544643 0.9782914519
-401.5 315.4 2357.8 0.4381227493 -0.5861079693 -0.6815613508 0.8852186799 0.1494592428 0.4405108690 -0.1563212872 -0.7963286638 0.5843152404
-512.6 91.0 2397.5 -0.3911516964 -0.5861079693 -0.7095617056 0.8085269928 0.1494592428 -0.5691626072 0.4396412969 -0.7963286638 0.4154228866
-118.1 296.6 2354.7 0.7287924886 0.2847117186 -0.6227364540 -0.1980756968 0.9582330585 0.2062896788 0.6554597616 -0.0269934051 0.7547475696
-17.9 269.3 2444.9 -0.1584491581 0.2847117186 0.9454274774 0.0192698482 0.9582330585 -0.2853385508 -0.9871791005 -0.0269934051 -0.1573175639
-376.3 -71.6 2431.1 0.9940713644 0.1085052639 0.0069783223 -0.1065850183 0.9851405025 -0.1346766800 -0.0214877576 0.1331344545 0.9908650517
-418.8 -457.6 2378.9 0.9976472259 0.0684877411 -0.0030649987 -0.0674197227 0.9720195532 -0.2250168473 -0.0124316569 0.2246940881 0.9743500352
-196.5 -81.6 2442.5 -0.8787791729 -0.0692477524 0.4721778333 -0.0835340470 0.9964612722 -0.0093297055 -0.4698608518 -0.0476416759 -0.8814539313
-169.4 -471.9 2461.2 -0.8924736381 -0.0746360868 0.4448823035 0.0244456101 0.9767663479 0.2129081786 -0.4504367113 0.2008903623 -0.8699136972
-407.8 -125.7 2279.6 0 0 0 0 0 0 0 0 0
-57.7 274.2 2196.8 0 0 0 0 0 0 0 0 0
-440.2 -761.0 2308.8 0 0 0 0 0 0 0 0 0
-147.5 -758.9 2402.2 0 0 0 0 0 0 0 0 0
-246.1 501.2 2312.0 8 0.9942581058 0.0725381747 0.0786701813 -0.0878957361 0.9729226232 0.2137661427 -0.0610337928 -0.2194534987 0.9737119675
-260.8 304.5 2356.4 0.9942581058 0.0725381747 0.0786701813 -0.0878957361 0.9729226232 0.2137661427 -0.0610337928 -0.2194534987 0.9737119675
-274.0 113.1 2395.4 0.9947420955 0.0672133714 0.0772692710 -0.0811410099 0.9775977135 0.1942135245 -0.0624845102 -0.1994620711 0.9779113531
-402.1 316.1 2365.3 0.4451636374 -0.5650336146 -0.6946699619 0.8863289356 0.1675993055 0.4316613376 -0.1274769604 -0.8078660369 0.5754147172
-515.2 91.0 2397.6 -0.3988528550 -0.5650336146 -0.7222557664 0.8016529679 0.1675993055 -0.5738144517 0.4452739954 -0.8078660369 0.3861134052
-119.5 293.0 2347.5 0.7580543160 0.2980089784 -0.5801243782 -0.2166004032 0.9540495276 0.2070598006 0.6151731014 -0.0313073918 0.7877702117
-15.3 263.2 2432.1 -0.2082489431 0.2980089784 0.9315701723 0.0329715088 0.9540495276 -0.2978294492 -0.9775199294 -0.0313073918 -0.2085056156
-374.2 -70.3 2438.3 0.9926407933 0.1087038070 0.0533637628 -0.0987736806 0.9817480445 -0.1625254303 -0.0700569004 0.1560584456 0.9852602482
-416.8 -454.8 2377.2 0.9964617491 0.0697641596 0.0468710884 -0.0578253716 0.9737742543 -0.2200453877 -0.0609931424 0.2165564895 0.9743629098
-194.5 -82.3 2436.4 -0.9015462995 -0.0629350543 0.4280811250 -0.0857825875 0.9957242608 -0.0342715755 -0.4240938723 -0.0676193163 -0.9030902386
-169.9 -472.3 2462.8 -0.9142976999 -0.0785552785 0.3973522186 0.0135224564 0.9745459557 0.2237794995 -0.4048170745 0.2099742591 -0.8899629116
-408.2 -123.9 2278.3 0 0 0 0 0 0 0 0 0
-67.6 271.5 2186.4 0 0 0 0 0 0 0 0 0
-438.9 -763.4 2308.6 0 0 0 0 0 0 0 0 0
-146.9 -757.1 2401.5 0 0 0 0 0 0 0 0 0
-246.1 502.3 2310.6 9 0.9845850468 0.0792171136 0.1559389383 -0.1108821705 0.9722027183 0.2062206715 -0.1352680475 -0.2203326374 0.9660000205
-262.1 306.0 2355.1 0.9845850468 0.0792171136 0.1559389383 -0.1108821705 0.9722027183 0.2062206715 -0.1352680475 -0.2203326374 0.9660000205
-276.8 114.9 2395.0 0.9851582646 0.0744265616 0.1546732783 -0.1036122888 0.9762683511 0.1901699305 -0.1368489265 -0.2033735365 0.9694903493
-402.0 320.8 2374.5 0.4430054724 -0.5316226482 -0.7218888402 0.8923175335 0.1836013645 0.4123832881 -0.0866925120 -0.8268421292 0.5557125807
-515.9 91.3 2396.8 -0.3977989554 -0.5316226482 -0.7477521896 0.8077272177 0.1836013645 -0.5602386594 0.4351238608 -0.8268421292 0.3563696444
-122.3 291.3 2335.7 0.7968252897 0.3165628910 -0.5146429539 -0.2351989001 0.9470903873 0.2184062600 0.5565527081 -0.0529881790 0.8291208148
-12.7 259.0 2412.2 -0.2800279260 0.3165628910 0.9062958956 0.0399352200 0.9470903873 -0.3184729218 -0.9591608644 -0.0529881790 -0.2778537571
-376.9 -71.0 2440.2 0.9866650105 0.1072684824 0.1224159151 -0.0853013471 0.9813302755 -0.1723792106 -0.1386213005 0.1596383005 0.9773943424
-418.9 -455.3 2377.7 0.9911726117 0.0635119155 0.1163745821 -0.0358796678 0.9735316038 -0.2257186174 -0.1276301593 0.2195506394 0.9672166705
-197.6 -85.6 2428.9 -0.9305903912 -0.0732396021 0.3586607277 -0.0962098390 0.9942698479 -0.0465956330 -0.3531928957 -0.0778681412 -0.9323043227
-168.9 -475.0 2459.4 -0.9417641163 -0.0795625448 0.3267263472 -0.0072533013 0.9761872292 0.2168084681 -0.3361959159 0.2018125951 -0.9199151993
-409.3 -125.3 2280.2 0 0 0 0 0 0 0 0 0
-83.1 269.0 2171.2 0 0 0 0 0 0 0 0 0
-438.9 -761.5 2308.6 0 0 0 0 0 0 0 0 0
-145.9 -758.1 2400.8 0 0 0 0 0 0 0 0 0
-249.0 503.7 2314.0 0 0.9621596336 0.0836369097 0.2593331635 -0.1346347034 0.9733588099 0.1855966449 -0.2369014770 -0.2134888470 0.9477869868
-265.8 307.8 2356.9 0.9621596336 0.0836369097 0.2593331635 -0.1346347034 0.9733588099 0.1855966449 -0.2369014770 -0.2134888470 0.9477869868
-281.8 116.6 2395.8 0.9628053904 0.0797435939 0.2581602037 -0.1269260347 0.9769569635 0.1715950519 -0.2385278195 -0.1979798973 0.9507409930
-402.3 325.8 2390.7 0.4415356219 -0.4948169887 -0.7484667301 0.8966505527 0.2130113095 0.3881288469 -0.0326208696 -0.8424857855 0.5377299786
-517.0 92.8 2399.2 -0.3953276277 -0.4948169887 -0.7738683224 0.8081837296 0.2130113095 -0.5490584970 0.4365261793 -0.8424857855 0.3156937957
-129.4 289.8 2323.1 0.8428931832 0.3351116776 -0.4209884405 -0.2639688849 0.9392979741 0.2191797793 0.4688832760 -0.0736172944 0.8801869154
-13.5 253.5 2387.6 -0.3754978776 0.3351116776 0.8641189337 0.0614861473 0.9392979741 -0.3375482261 -0.9247815013 -0.0736172944 -0.3733091056
-380.0 -66.9 2447.2 0.9715403318 0.0967498049 0.2162147462 -0.0537419282 0.9790108800 -0.1965946704 -0.2306970954 0.1793798506 0.9563481212
-417.9 -450.3 2377.0 0.9749392271 0.0616518036 0.2137581855 -0.0132766860 0.9752457738 -0.2207246423 -0.2220748365 0.2123551071 0.9516239166
-202.8 -85.6 2422.5 -0.9610388875 -0.0864990056 0.2625302672 -0.1104273349 0.9908363223 -0.0777762085 -0.2533969879 -0.1037364826 -0.9617841244
-168.9 -473.5 2463.2 -0.9711191654 -0.0824078545 0.2239118516 -0.0303865764 0.9735350609 0.2265085578 -0.2366521209 0.2131628841 -0.9479226470
-411.0 -123.9 2282.2 0 0 0 0 0 0 0 0 0
-107.8 269.0 2155.2 0 0 0 0 0 0 0 0 0
-437.6 -762.5 2309.0 0 0 0 0 0 0 0 0 0
-144.8 -758.7 2400.7 0 0 0 0 0 0 0 0 0
-246.8 502.5 2312.1 1 0.9673058391 0.0965987891 0.2344953567 -0.1433959752 0.9709534645 0.1915383041 -0.2091817111 -0.2189017981 0.9530608654
-266.3 306.6 2356.3 0.9673058391 0.0965987891 0.2344953567 -0.1433959752 0.9709534645 0.1915383041 -0.2091817111 -0.2189017981 0.9530608654
-284.4 115.6 2395.2 0.9682171345 0.0916430950 0.2327169478 -0.1339722425 0.9757415652 0.1731469631 -0.2112038583 -0.1988214701 0.9570072889
-403.8 325.7 2386.3 0.4526900947 -0.5124018192 -0.7297369838 0.8895976543 0.2038003951 0.4087559581 -0.0607266165 -0.8342120647 0.5480898619
-517.6 102.1 2401.5 -0.3798042834 -0.5124018192 -0.7701902986 0.8174717426 0.2038003951 -0.5387070775 0.4329995811 -0.8342120647 0.3414697647
-128.8 287.6 2326.3 0.8277612329 0.3431973457 -0.4438771307 -0.2678313851 0.9368510842 0.2248919159 0.4930290878 -0.0672725961 0.8674080372
-15.0 250.8 2394.1 -0.3491972983 0.3431973457 0.8719385266 0.0607765615 0.9368510842 -0.3444070816 -0.9350761771 -0.0672725961 -0.3480042219
-383.8 -63.3 2456.1 0.9787811637 0.0866414607 0.1856898963 -0.0442299210 0.9741782546 -0.2214057297 -0.2000779808 0.2084947079 0.9573394060
-417.7 -444.7 2374.5 0.9807837605 0.0591609292 0.1859118491 -0.0173538327 0.9755923748 -0.2189026475 -0.1943246573 0.2114698738 0.9578717947
-211.1 -86.1 2413.2 -0.9515271783 -0.1036473662 0.2895742655 -0.1355937272 0.9864391088 -0.0924781933 -0.2760622501 -0.1272599697 -0.9526775479
-170.6 -472.2 2463.1 -0.9663754106 -0.0922983289 0.2399991453 -0.0346890055 0.9716209769 0.2339857966 -0.2547847033 0.2177927792 -0.9421523809
-415.7 -117.1 2285.4 0 0 0 0 0 0 0 0 0
-102.8 266.0 2159.1 0 0 0 0 0 0 0 0 0
-436.9 -760.3 2306.1 0 0 0 0 0 0 0 0 0
-143.3 -759.4 2398.7 0 0 0 0 0 0 0 0 0
-243.7 499.4 2311.2 2 0.9891940951 0.0901818648 0.1155951396 -0.1130249798 0.9712612629 0.2094680369 -0.0933828652 -0.2202696949 0.9709587693
-261.8 304.1 2355.5 0.9891940951 0.0901818648 0.1155951396 -0.1130249798 0.9712612629 0.2094680369 -0.0933828652 -0.2202696949 0.9709587693
-279.7 113.0 2394.3 0.9895301461 0.0890911296 0.1135465875 -0.1093744189 0.9762110710 0.1872142553 -0.0941663012 -0.1976732463 0.9757345915
-402.0 319.6 2368.8 0.4554651082 -0.5734146237 -0.6809898615 0.8812946081 0.1821658760 0.4360451996 -0.1259815842 -0.7987560630 0.5883173943
-515.2 100.6 2400.1 -0.3678115010 -0.5734146237 -0.7320590019 0.8139448166 0.1821658760 -0.5516424775 0.4496760368 -0.7987560630 0.3997251689
-121.7 288.6 2342.2 0.7704532743 0.3242833912 -0.5488551855 -0.2412343770 0.9452368617 0.2198481858 0.5900912881 -0.0369800217 0.8064891696
-15.7 255.4 2423.3 -0.2378389686 0.3242833912 0.9155724645 0.0436341688 0.9452368617 -0.3234552443 -0.9703239799 -0.0369800217 -0.2389640063
-389.5 -63.4 2453.2 0.9946396351 0.0691105127 0.0769136846 -0.0514660664 0.9760316014 -0.2114559263 -0.0896840096 0.2063640058 0.9743565321
-416.5 -445.6 2372.4 0.9949281812 0.0649351403 0.0768204257 -0.0472684838 0.9759579301 -0.2127718329 -0.0887898654 0.2080615014 0.9740774035
-215.2 -87.5 2415.2 -0.9091419578 -0.1158887967 0.4000384212 -0.1576119959 0.9848064184 -0.0729021281 -0.3855118752 -0.1293292344 -0.9135943055
-169.8 -473.1 2465.8 -0.9351343513 -0.0865588561 0.3435569108 -0.0019015925 0.9709084034 0.2394435406 -0.3542882502 0.2232585698 -0.9080944061
-416.6 -117.6 2279.6 0 0 0 0 0 0 0 0 0
-75.5 266.4 2179.5 0 0 0 0 0 0 0 0 0
-437.4 -759.2 2305.5 0 0 0 0 0 0 0 0 0
-144.3 -759.4 2400.0 0 0 0 0 0 0 0 0 0
-241.2 495.6 2312.7 3 0.9928101301 0.0987775773 0.0676093102 -0.1108711958 0.9717473984 0.2083617300 -0.0451177061 -0.2143595517 0.9757122397
-261.0 300.7 2355.7 0.9928101301 0.0987775773 0.0676093102 -0.1108711958 0.9717473984 0.2083617300 -0.0451177061 -0.2143595517 0.9757122397
-280.1 109.5 2393.4 0.9931896329 0.0964004323 0.0654319227 -0.1070831046 0.9765775800 0.1866264045 -0.0459084846 -0.1923620552 0.9802495837
-401.9 316.0 2362.2 0.4600322247 -0.5807878375 -0.6716068983 0.8756442666 0.1715058684 0.4514784813 -0.1470286846 -0.7957834005 0.5874617696
-518.0 95.0 2399.3 -0.3842692077 -0.5807878375 -0.7176507711 0.8040286303 0.1715058684 -0.5693186522 0.4537346661 -0.7957834005 0.4010656178
-120.0 285.5 2349.2 0.7413249016 0.3235513568 -0.5880066752 -0.2400216311 0.9459902644 0.2179268003 0.6267591119 -0.0204202496 0.7789454460
-18.1 252.5 2435.4 -0.1903645992 0.3235513568 0.9268634319 0.0439391248 0.9459902644 -0.3212037086 -0.9807296395 -0.0204202496 -0.1942996234
-385.8 -68.4 2441.5 0.9958399534 0.0848917738 0.0331077985 -0.0782513395 0.9829153419 -0.1665956378 -0.0466847643 0.1633118689 0.9854693413
-419.0 -452.9 2377.6 0.9978043437 0.0601065978 0.0278147832 -0.0522608124 0.9725298285 -0.2268358916 -0.0406850390 0.2248842269 0.9735357165
-208.6 -87.9 2424.6 -0.8912330270 -0.1025954187 0.4417894185 -0.1379335821 0.9892520308 -0.0485259295 -0.4320625365 -0.1041855067 -0.8958054185
-168.4 -475.2 2465.4 -0.9153755307 -0.0784639344 0.3948810399 0.0169919711 0.9724211693 0.2326118946 -0.4022423327 0.2196370363 -0.8887973428
-415.0 -120.5 2277.7 0 0 0 0 0 0 0 0 0
-66.0 263.5 2188.9 0 0 0 0 0 0 0 0 0
-438.0 -760.0 2306.6 0 0 0 0 0 0 0 0 0
-145.4 -761.1 2400.9 0 0 0 0 0 0 0 0 0
-239.9 490.2 2315.0 4 0.9904342890 0.1061860099 0.0881161168 -0.1216300204 0.9734109044 0.1941066086 -0.0651617795 -0.2029674053 0.9770149589
-261.2 295.3 2355.7 0.9904342890 0.1061860099 0.0881161168 -0.1216300204 0.9734109044 0.1941066086 -0.0651617795 -0.2029674053 0.9770149589
-281.0 103.9 2392.0 0.9911072254 0.1012611017 0.0863285512 -0.1153016835 0.9773798585 0.1772967428 -0.0664225295 -0.1856739074 0.9803638458
-402.0 311.7 2365.1 0.4610664546 -0.5631747842 -0.6857491732 0.8780717850 0.1780016869 0.4441906512 -0.1280924678 -0.8069384098 0.5765784979
-516.2 94.1 2396.8 -0.3853640556 -0.5631747842 -0.7309778929 0.8072573543 0.1780016869 -0.5627174377 0.4470235705 -0.8069384098 0.3860315382
-120.3 278.9 2346.2 0.7513361573 0.3314656615 -0.5706351399 -0.2520415485 0.9432855248 0.2160729468 0.6098926067 -0.0185196456 0.7922676206
-17.0 244.2 2430.1 -0.2091965973 0.3314656615 0.9199821949 0.0543415584 0.9432855248 -0.3275049031 -0.9763625264 -0.0185196456 -0.2153444737
-388.2 -72.1 2435.2 0.9957917333 0.0753262788 0.0521991067 -0.0660017356 0.9846202731 -0.1617612839 -0.0635811761 0.1576353163 0.9854484200
-417.7 -457.5 2373.5 0.9966641665 0.0659445450 0.0480811819 -0.0541857854 0.9752479792 -0.2143718451 -0.0610277317 0.2110514343 0.9755679965
-209.7 -91.4 2427.0 -0.8994712234 -0.1040590554 0.4244092703 -0.1388553828 0.9889567494 -0.0518049896 -0.4143316448 -0.1055286080 -0.9039872885
-168.9 -478.6 2468.3 -0.9239399433 -0.0777086616 0.3745615780 0.0170948766 0.9697840810 0.2433652133 -0.3821554482 0.2312579304 -0.8946937919
-412.9 -122.3 2277.0 0 0 0 0 0 0 0 0 0
-69.6 257.9 2184.7 0 0 0 0 0 0 0 0 0
-438.3 -762.3 2307.5 0 0 0 0 0 0 0 0 0
-146.4 -759.2 2401.4 0 0 0 0 0 0 0 0 0
-241.1 494.7 2311.6 5 0.9875582457 0.1031253859 0.1187174395 -0.1253648698 0.9720571041 0.1984657198 -0.0949332789 -0.2108794600 0.9728913307
-261.9 298.8 2354.2 0.9875582457 0.1031253859 0.1187174395 -0.1253648698 0.9720571041 0.1984657198 -0.0949332789 -0.2108794600 0.9728913307
-281.2 107.5 2391.5 0.9882510304 0.0986783355 0.1167151704 -0.1186749488 0.9766413569 0.1791309714 -0.0963125154 -0.1908775419 0.9768775105
-402.4 315.7 2367.9 0.4636697471 -0.5717912912 -0.6768050790 0.8756740093 0.1794132739 0.4483368099 -0.1349272430 -0.8005408049 0.5838912725
-519.2 95.1 2401.8 -0.3871644735 -0.5717912912 -0.7232968807 0.8012880087 0.1794132739 -0.5707437396 0.4561153650 -0.8005408049 0.3887070119
-121.4 281.8 2340.5 0.7687559724 0.3337574601 -0.5455458164 -0.2531717718 0.9421578050 0.2196422219 0.5872974992 -0.0307344571 0.8087874055
-15.7 247.0 2421.2 -0.2386642098 0.3337574601 0.9119459391 0.0529147089 0.9421578050 -0.3309662938 -0.9696594477 -0.0307344571 -0.2425200343
-390.1 -77.1 2434.4 0.9939440489 0.0723981708 0.0826667324 -0.0596694946 0.9873014092 -0.1472258270 -0.0922758654 0.1414015591 0.9856423140
-418.5 -463.7 2379.0 0.9950391650 0.0647079647 0.0755637735 -0.0449699350 0.9700888395 -0.2385485172 -0.0887395591 0.2339670211 0.9681863189
-211.5 -97.9 2422.4 -0.9110134244 -0.1073516235 0.3981585205 -0.1470904946 0.9866042137 -0.0705444068 -0.3852518201 -0.1228322312 -0.9146000743
-169.5 -484.3 2470.5 -0.9365050197 -0.0831358433 0.3406564593 0.0081031863 0.9660978913 0.2580489218 -0.3505606055 0.2444245070 -0.9040818214
-415.4 -119.8 2279.6 0 0 0 0 0 0 0 0 0
-75.7 260.3 2177.5 0 0 0 0 0 0 0 0 0
-438.4 -761.8 2307.1 0 0 0 0 0 0 0 0 0
-145.8 -759.4 2400.9 0 0 0 0 0 0 0 0 0
-240.5 497.9 2311.5 6 0.9769704938 0.1088556349 0.1835185587 -0.1432922035 0.9719916582 0.1862780601 -0.1581010967 -0.2082849592 0.9652053714
-262.4 301.8 2353.5 0.9769704938 0.1088556349 0.1835185587 -0.1432922035 0.9719916582 0.1862780601 -0.1581010967 -0.2082849592 0.9652053714
-282.9 110.7 2391.1 0.9777784944 0.1043269187 0.1818380207 -0.1359094679 0.9758657813 0.1709229350 -0.1596176326 -0.1918382794 0.9683595896
-401.4 321.1 2376.2 0.4642235339 -0.5483716726 -0.6955465674 0.8797413707 0.1943998933 0.4338937104 -0.1027208567 -0.8133247495 0.5726702809
-518.5 99.3 2402.1 -0.3837351501 -0.5483716726 -0.7429911494 0.8056554794 0.1943998933 -0.5595783591 0.4512943029 -0.8133247495 0.3672005832
-123.5 282.4 2330.8 0.7997279763 0.3484322429 -0.4889070690 -0.2706616521 0.9361469150 0.2244354635 0.5358893871 -0.0471589342 0.8429701328
-13.6 245.2 2404.5 -0.2987857163 0.3484322429 0.8884379864 0.0632387623 0.9361469150 -0.3458755016 -0.9522226453 -0.0471589342 -0.3017417490
-389.6 -73.1 2437.6 0.9863255024 0.0824152976 0.1427227110 -0.0605315864 0.9866171479 -0.1514019668 -0.1532905102 0.1406923831 0.9781143665
-421.9 -459.4 2382.5 0.9895674586 0.0521369055 0.1343055367 -0.0179900452 0.9696434140 -0.2438607216 -0.1429426074 0.2389004827 0.9604654908
-211.3 -94.5 2420.2 -0.9345001578 -0.1025290489 0.3408771455 -0.1451342553 0.9841542244 -0.1018654034 -0.3250314891 -0.1446661800 -0.9345727563
-171.2 -479.9 2476.9 -0.9566906691 -0.0909970254 0.2765186131 -0.0106854234 0.9602250457 0.2790227234 -0.2909103334 0.2639837265 -0.9196106791
-415.6 -116.8 2281.1 0 0 0 0 0 0 0 0 0
-88.6 261.1 2165.2 0 0 0 0 0 0 0 0 0
-438.3 -764.2 2307.4 0 0 0 0 0 0 0 0 0
-144.6 -760.8 2399.6 0 0 0 0 0 0 0 0 0
-239.9 495.0 2309.9 7 0.9537281990 0.1174300611 0.2767900825 -0.1692575365 0.9705453515 0.1714457572 -0.2485044450 -0.2103614658 0.9455123544
-263.5 300.3 2352.1 0.9537281990 0.1174300611 0.2767900825 -0.1692575365 0.9705453515 0.1714457572 -0.2485044450 -0.2103614658 0.9455123544
-286.5 109.7 2390.8 0.9542940855 0.1163659468 0.2752849758 -0.1645521820 0.9734801650 0.1589306742 -0.2494903356 -0.1969653368 0.9481346011
-398.9 323.7 2387.4 0.4675042331 -0.5101269484 -0.7219489217 0.8822748661 0.2183978856 0.4170053601 -0.0550535545 -0.8319091797 0.5521740913
-517.4 100.1 2401.4 -0.3760805130 -0.5101269484 -0.7735204697 0.8132243752 0.2183978856 -0.5394149423 0.4441053271 -0.8319091797 0.3327125013
-128.1 276.9 2316.7 0.8368548155 0.3713929355 -0.4021707177 -0.2983986437 0.9253985882 0.2336573601 0.4589468837 -0.0755301043 0.8852474093
-13.0 235.9 2379.8 -0.3829593658 0.3713929355 0.8458188176 0.0785706341 0.9253985882 -0.3707616031 -0.9204177260 -0.0755301043 -0.3835706115
-391.4 -68.2 2443.1 0.9707068205 0.0787046105 0.2270106524 -0.0413665362 0.9854633212 -0.1647752076 -0.2366792411 0.1505577713 0.9598516822
-422.2 -454.1 2384.1 0.9744367003 0.0474938191 0.2195848674 0.0084548360 0.9689546824 -0.2470938116 -0.2245032042 0.2426338196 0.9437834024
-215.2 -92.7 2414.3 -0.9615625739 -0.1128139794 0.2503405511 -0.1433803737 0.9838256836 -0.1073733941 -0.2341782451 -0.1391401589 -0.9621853232
-171.0 -478.0 2468.8 -0.9766169786 -0.0925987661 0.1940226555 -0.0423407927 0.9676553011 0.2486975342 -0.2107761353 0.2346671522 -0.9489492774
-416.5 -118.0 2282.3 0 0 0 0 0 0 0 0 0
-109.2 255.6 2148.5 0 0 0 0 0 0 0 0 0
-437.4 -763.2 2306.7 0 0 0 0 0 0 0 0 0
-143.7 -763.5 2399.5 0 0 0 0 0 0 0 0 0
-240.0 497.7 2311.1 8 0.9428675175 0.1251395345 0.3087733388 -0.1823963076 0.9694393873 0.1640697271 -0.2788054049 -0.2110151350 0.9368778467
-265.1 303.2 2353.4 0.9428675175 0.1251395345 0.3087733388 -0.1823963076 0.9694393873 0.1640697271 -0.2788054049 -0.2110151350 0.9368778467
-289.0 112.8 2392.0 0.9437751770 0.1221690178 0.3071859181 -0.1752681285 0.9727782607 0.1516030878 -0.2803025842 -0.1969191283 0.9394963384
-399.1 328.2 2393.2 0.4558118284 -0.4982608855 -0.7375443578 0.8896804452 0.2303427011 0.3942219019 -0.0265373942 -0.8358697891 0.5482859015
-516.2 99.8 2400.0 -0.3663564920 -0.4982608855 -0.7858237624 0.8178393245 0.2303427011 -0.5273339152 0.4437586367 -0.8358697891 0.3231098056
-131.0 278.3 2313.6 0.8472148776 0.3803020716 -0.3709410727 -0.3105857670 0.9210553169 0.2349331975 0.4310028255 -0.0838298798 0.8984481692
-14.5 235.6 2372.9 -0.4109614193 0.3803020716 0.8285415173 0.0870906040 0.9210553169 -0.3795686364 -0.9074832797 -0.0838298798 -0.4116389453
-394.9 -66.1 2451.9 0.9649921060 0.0672405064 0.2535133064 -0.0176978819 0.9810692072 -0.1928469837 -0.2616812289 0.1816091537 0.9479140639
-421.2 -450.2 2380.8 0.9668825269 0.0504865795 0.2501785755 0.0107183792 0.9713423252 -0.2374430448 -0.2549967468 0.2322610319 0.9386327863
-223.5 -95.7 2407.0 -0.9664695263 -0.1320316643 0.2202368379 -0.1616419554 0.9792442322 -0.1222809851 -0.1995206922 -0.1537803560 -0.9677515626
-171.8 -479.2 2467.3 -0.9824883938 -0.1010600999 0.1565354764 -0.0604861975 0.9676190615 0.2450606823 -0.1762325764 0.2313010544 -0.9567872882
-417.9 -119.5 2281.0 0 0 0 0 0 0 0 0 0
-117.8 257.5 2144.8 0 0 0 0 0 0 0 0 0
-437.4 -762.1 2306.2 0 0 0 0 0 0 0 0 0
-142.0 -763.8 2399.2 0 0 0 0 0 0 0 0 0
-240.5 499.1 2310.7 9 0.9495079517 0.1270214319 0.2868801653 -0.1803638488 0.9691734910 0.1678439975 -0.2567168474 -0.2111120075 0.9431480169
-266.0 304.3 2353.1 0.9495079517 0.1270214319 0.2868801653 -0.1803638488 0.9691734910 0.1678439975 -0.2567168474 -0.2111120075 0.9431480169
-290.2 113.8 2391.5 0.9504624605 0.1238218322 0.2851127982 -0.1729744524 0.9727867246 0.1541617066 -0.2582653761 -0.1958421469 0.9460152388
-401.1 328.9 2389.8 0.4674023688 -0.5412116051 -0.6990171671 0.8810044527 0.2196396887 0.4190340936 -0.0732541829 -0.8116948009 0.5794699192
-516.1 112.1 2407.8 -0.3469716311 -0.5412116051 -0.7659639120 0.8209475875 0.2196396887 -0.5270706415 0.4534928203 -0.8116948009 0.3680976331
-130.9 279.7 2316.4 0.8380062580 0.3794424236 -0.3921338916 -0.3073249459 0.9220249653 0.2354174703 0.4508846104 -0.0767687857 0.8892747760
-15.6 237.4 2378.4 -0.3902896047 0.3794424236 0.8388667703 0.0842805728 0.9220249653 -0.3778449297 -0.9168264866 -0.0767687857 -0.3918363750
-397.9 -62.0 2455.9 0.9714252949 0.0542114936 0.2310715616 -0.0043967175 0.9775088429 -0.2108486593 -0.2373049110 0.2038077563 0.9498151541
-419.1 -444.6 2376.2 0.9714863896 0.0554095209 0.2305297405 -0.0033308112 0.9754019380 -0.2204085141 -0.2370719016 0.2133560181 0.9477742910
-227.9 -93.5 2405.4 -0.9589627981 -0.1447319388 0.2438092977 -0.1804221421 0.9748322368 -0.1309579909 -0.2187193632 -0.1695724428 -0.9609407187
-171.3 -475.3 2471.8 -0.9807039499 -0.0987407342 0.1687304974 -0.0529787131 0.9650120735 0.2567975223 -0.1881833375 0.2429032177 -0.9516223073
-423.1 -108.0 2286.3 0 0 0 0 0 0 0 0 0
-113.7 258.6 2148.0 0 0 0 0 0 0 0 0 0
-437.2 -761.6 2306.8 0 0 0 0 0 0 0 0 0
-141.8 -763.3 2399.3 0 0 0 0 0 0 0 0 0
-241.8 499.3 2311.0 0 0.9652655125 0.1218476966 0.2311181724 -0.1645607650 0.9706156254 0.1755705923 -0.2029340416 -0.2075052261 0.9569531679
-266.3 303.9 2352.8 0.9652655125 0.1218476966 0.2311181724 -0.1645607650 0.9706156254 0.1755705923 -0.2029340416 -0.2075052261 0.9569531679
-289.5 113.2 2391.0 0.9660321474 0.1183475107 0.2297296375 -0.1583552212 0.9736112356 0.1643312871 -0.2042191625 -0.1951282024 0.9592807293
-403.6 326.4 2381.8 0.4516791105 -0.5665009022 -0.6892479062 0.8875935674 0.2070875168 0.4114516675 -0.0903531015 -0.7976161242 0.5963596702
-515.6 106.4 2404.2 -0.3413515687 -0.5665009022 -0.7500371933 0.8219925761 0.2070875168 -0.5305119753 0.4558588862 -0.7976161242 0.3949699104
-129.0 281.3 2323.7 0.8167421222 0.3677919209 -0.4445913434 -0.2905540764 0.9278534055 0.2338084877 0.4985084534 -0.0617834181 0.8646803498
-16.7 241.4 2392.3 -0.3402939439 0.3677919209 0.8654069304 0.0724618658 0.9278534055 -0.3658378720 -0.9375229478 -0.0617834181 -0.3423937857
-400.1 -61.1 2453.2 0.9824643731 0.0427859947 0.1814748645 -0.0046864212 0.9786734581 -0.2053688020 -0.1863915324 0.2009170651 0.9617123008
-416.9 -444.3 2374.5 0.9815167189 0.0617601983 0.1811369658 -0.0221614484 0.9768082500 -0.2129660994 -0.1900889128 0.2050155401 0.9601222873
-228.7 -92.3 2406.6 -0.9434170127 -0.1503843665 0.2955484688 -0.1904368252 0.9753342271 -0.1116105244 -0.2714740634 -0.1615785807 -0.9487856627
-169.8 -474.3 2469.8 -0.9711119533 -0.0949152783 0.2189353853 -0.0364059098 0.9656801820 0.2571699023 -0.2358309180 0.2417702079 -0.9412390590
-424.1 -114.0 2281.9 0 0 0 0 0 0 0 0 0
-102.2 259.6 2156.7 0 0 0 0 0 0 0 0 0
-436.9 -761.3 2308.0 0 0 0 0 0 0 0 0 0
-141.3 -763.6 2397.4 0 0 0 0 0 0 0 0 0
-240.1 497.1 2310.1 1 0.9676833153 0.1251084358 0.2189448029 -0.1657527834 0.9699020386 0.1783704460 -0.1900393665 -0.2088968158 0.9592951536
-265.3 302.0 2352.1 0.9676833153 0.1251084358 0.2189448029 -0.1657527834 0.9699020386 0.1783704460 -0.1900393665 -0.2088968158 0.9592951536
-288.9 111.4 2390.3 0.9685619473 0.1210897788 0.2173132002 -0.1588180065 0.9733392000 0.1654922664 -0.1914800256 -0.1948027611 0.9619705081
-403.0 324.6 2379.4 0.4480472505 -0.5460898876 -0.7078414559 0.8902306557 0.1998006254 0.4093520045 -0.0821158141 -0.8135511875 0.5756660700
-516.4 99.3 2400.2 -0.3603275716 -0.5460898876 -0.7562736869 0.8206952810 0.1998006254 -0.5352932811 0.4434221983 -0.8135511875 0.3761797249
-127.5 279.4 2324.9 0.8101450205 0.3687742352 -0.4557089210 -0.2900986671 0.9276965261 0.2349934280 0.5094191432 -0.0581781939 0.8585496545
-16.1 239.5 2395.0 -0.3280960619 0.3687742352 0.8696887493 0.0713516474 0.9276965261 -0.3664534092 -0.9419457912 -0.0581781939 -0.3306862414
-399.7 -63.2 2447.7 0.9848151207 0.0397167876 0.1690023988 -0.0046842131 0.9792039990 -0.2028240561 -0.1735433489 0.1989525557 0.9645209312
-415.3 -446.7 2369.8 0.9831265807 0.0699288994 0.1690327227 -0.0348739885 0.9787489176 -0.2020750344 -0.1795714796 0.1927704811 0.9646728039
-225.5 -91.7 2410.9 -0.9420930743 -0.1398688704 0.3047907054 -0.1754294187 0.9801410437 -0.0924556330 -0.2858062387 -0.1405710578 -0.9479211569
-170.8 -475.5 2465.9 -0.9660775661 -0.0991352648 0.2384666800 -0.0379071124 0.9678199291 0.2487721741 -0.2554548979 0.2312936336 -0.9387470484
-419.8 -120.7 2281.3 0 0 0 0 0 0 0 0 0
-98.6 257.4 2158.3 0 0 0 0 0 0 0 0 0
-437.7 -760.1 2308.0 0 0 0 0 0 0 0 0 0
-141.2 -763.9 2397.0 0 0 0 0 0 0 0 0 0
-239.3 496.9 2303.2 2 0.9498268366 0.1334165782 0.2828940451 -0.1912125498 0.9634488225 0.1876276881 -0.2475212961 -0.2323067039 0.9406204224
-266.1 303.2 2349.9 0.9498268366 0.1334165782 0.2828940451 -0.1912125498 0.9634488225 0.1876276881 -0.2475212961 -0.2323067039 0.9406204224
-291.5 113.7 2392.0 0.9509199858 0.1301331371 0.2807427943 -0.1832012534 0.9679362774 0.1718624830 -0.2493761182 -0.2148599178 0.9442704916
-401.3 329.3 2385.3 0.4442534149 -0.5352496505 -0.7184335589 0.8934711814 0.2056736052 0.3992587924 -0.0659403056 -0.8192717433 0.5696012974
-515.6 99.3 2402.3 -0.3674913943 -0.5352496505 -0.7605642080 0.8166033030 0.2056736052 -0.5393120050 0.4450945258 -0.8192717433 0.3615033329
-130.9 277.1 2314.5 0.8338513970 0.3848192394 -0.3957347870 -0.3025074601 0.9182590246 0.2555182576 0.4617153704 -0.0933515429 0.8821022511
-16.3 235.5 2378.0 -0.3847922683 0.3848192394 0.8389571309 0.0676754713 0.9182590246 -0.3901543021 -0.9205188155 -0.0933515429 -0.3793818057
-400.0 -64.9 2445.8 0.9733635783 0.0438579507 0.2250329256 -0.0009654054 0.9823076725 -0.1872717589 -0.2292649299 0.1820662618 0.9561848640
-417.2 -449.6 2374.5 0.9724383950 0.0651896894 0.2238612771 -0.0167328119 0.9771552682 -0.2118669897 -0.2325587720 0.2022817731 0.9513140917
-225.1 -93.6 2411.2 -0.9603611231 -0.1415335238 0.2401556373 -0.1676605195 0.9815430045 -0.0919962302 -0.2227025330 -0.1286142170 -0.9663653374
-169.7 -478.0 2461.6 -0.9786888957 -0.0959729254 0.1815413833 -0.0526111349 0.9717455506 0.2300926149 -0.1984947026 0.2156379819 -0.9560858011
-417.1 -119.6 2282.9 0 0 0 0 0 0 0 0 0
-112.9 252.5 2146.7 0 0 0 0 0 0 0 0 0
-437.9 -760.3 2310.1 0 0 0 0 0 0 0 0 0
-141.5 -763.7 2398.1 0 0 0 0 0 0 0 0 0
-239.6 497.3 2306.7 3 0.9471676350 0.1361556500 0.2904050350 -0.1909354329 0.9668698907 0.1694291234 -0.2577151656 -0.2159263939 0.9417848587
-267.0 303.0 2350.1 0.9471676350 0.1361556500 0.2904050350 -0.1909354329 0.9668698907 0.1694291234 -0.2577151656 -0.2159263939 0.9417848587
-292.7 113.0 2390.0 0.9481915832 0.1321623623 0.2889046371 -0.1835437864 0.9701332450 0.1585975289 -0.2593153417 -0.2034074813 0.9441297054
-401.8 329.2 2387.0 0.4475158155 -0.5234487057 -0.7250731587 0.8924979568 0.2103214115 0.3990141749 -0.0563650355 -0.8256914616 0.5612990260
-516.3 100.9 2401.4 -0.3719805777 -0.5234487057 -0.7665715218 0.8154243827 0.2103214115 -0.5393032432 0.4435239732 -0.8256914616 0.3485973477
-132.1 276.9 2313.3 0.8363203406 0.3876125813 -0.3877173662 -0.3115804195 0.9179329276 0.2455946505 0.4510941207 -0.0845906660 0.8884584904
-17.1 234.0 2375.3 -0.3918349445 0.3876125813 0.8343991041 0.0810036957 0.9179329276 -0.3883780241 -0.9164626598 -0.0845906660 -0.3910762668
-402.6 -59.3 2456.6 0.9721451402 0.0358003937 0.2316294312 0.0132361380 0.9783027172 -0.2067572773 -0.2340056896 0.2040639520 0.9505783916
-416.6 -442.4 2376.7 0.9706702232 0.0653816685 0.2313538343 -0.0147573324 0.9766994119 -0.2141037881 -0.2399616241 0.2044100016 0.9490178823
-231.1 -92.4 2411.7 -0.9594168067 -0.1574570388 0.2339372635 -0.1831884980 0.9787124395 -0.0925417617 -0.2143859565 -0.1316407472 -0.9678374529
-169.5 -475.7 2463.3 -0.9811404347 -0.0943278819 0.1687179208 -0.0526533052 0.9702607393 0.2362662852 -0.1859868616 0.2229268402 -0.9569286704
-416.5 -117.7 2282.5 0 0 0 0 0 0 0 0 0
-115.6 254.4 2145.0 0 0 0 0 0 0 0 0 0
-437.9 -760.3 2310.2 0 0 0 0 0 0 0 0 0
-141.7 -761.6 2397.6 0 0 0 0 0 0 0 0 0
-239.8 495.3 2309.0 4 0.9340607524 0.1348888427 0.3306593001 -0.1961218566 0.9675515890 0.1593114138 -0.2984406054 -0.2136560529 0.9302065969
-266.8 301.6 2351.8 0.9340607524 0.1348888427 0.3306593001 -0.1961218566 0.9675515890 0.1593114138 -0.2984406054 -0.2136560529 0.9302065969
-292.2 111.5 2391.3 0.9351482987 0.1304983050 0.3293445706 -0.1881788969 0.9706573486 0.1497095674 -0.3001438975 -0.2019763440 0.9322656393
-399.8 328.4 2394.5 0.4544236660 -0.5035946965 -0.7347731590 0.8904095292 0.2328260988 0.3911046386 -0.0258838497 -0.8319762349 0.5542072058
-516.1 100.4 2401.1 -0.3646114469 -0.5035946965 -0.7832310796 0.8157624602 0.2328260988 -0.5294559002 0.4489878118 -0.8319762349 0.3259225786
-133.8 274.8 2309.1 0.8522243500 0.3903206587 -0.3483725488 -0.3206211030 0.9158318639 0.2417727709 0.4134196043 -0.0943490565 0.9056392908
-16.6 230.7 2366.0 -0.4292989969 0.3903206587 0.8144643307 0.0903872773 0.9158318639 -0.3912570775 -0.8986281157 -0.0943490565 -0.4284457266
-404.1 -60.3 2453.2 0.9624686837 0.0242114812 0.2703105211 0.0318551548 0.9790493250 -0.2011161894 -0.2695166469 0.2021788210 0.9415330291
-413.6 -443.8 2374.0 0.9599009752 0.0756418258 0.2699414492 -0.0165070705 0.9764900804 -0.2149293572 -0.2798528075 0.2018549591 0.9385824203
-233.0 -93.5 2406.4 -0.9675350189 -0.1597058475 0.1958828270 -0.1831627935 0.9771276712 -0.1080411449 -0.1741477251 -0.1404120326 -0.9746574163
-170.4 -476.2 2461.4 -0.9867147207 -0.0971868187 0.1301873773 -0.0653835908 0.9711314440 0.2294095159 -0.1487246305 0.2178496420 -0.9645841122
-418.4 -118.4 2280.7 0 0 0 0 0 0 0 0 0
-124.5 253.4 2140.1 0 0 0 0 0 0 0 0 0
-438.0 -758.0 2309.1 0 0 0 0 0 0 0 0 0
-141.9 -761.6 2397.4 0 0 0 0 0 0 0 0 0
-238.5 492.3 2311.6 5 0.9308066964 0.1393035501 0.3379251957 -0.1991240531 0.9685474634 0.1492161602 -0.3065102398 -0.2061804384 0.9292691350
-266.3 298.9 2352.8 0.9308066964 0.1393035501 0.3379251957 -0.1991240531 0.9685474634 0.1492161602 -0.3065102398 -0.2061804384 0.9292691350
-292.4 108.7 2391.0 0.9319846630 0.1342440844 0.3367241621 -0.1907697469 0.9714993238 0.1406980604 -0.3082394004 -0.1953652203 0.9310321808
-398.9 326.1 2396.7 0.4690867066 -0.4975669086 -0.7296470404 0.8828483820 0.2425253689 0.4021942317 -0.0231606066 -0.8328316808 0.5530415773
-516.0 105.7 2402.4 -0.3523413837 -0.4975669086 -0.7926428914 0.8208371401 0.2425253689 -0.5171149373 0.4495352805 -0.8328316808 0.3229696751
-133.7 271.7 2309.0 0.8534041047 0.3945249021 -0.3406634331 -0.3283293545 0.9144654274 0.2365436107 0.4048472643 -0.0900174752 0.9099426270
-16.4 226.6 2364.6 -0.4351556003 0.3945249021 0.8093143702 0.0996538326 0.9144654274 -0.3922016621 -0.8948233128 -0.0900174752 -0.4372506440
-402.2 -61.6 2458.0 0.9606001377 0.0341163725 0.2758322358 0.0260279886 0.9770338535 -0.2114884704 -0.2767126560 0.2103352249 0.9376509190
-415.5 -444.3 2375.6 0.9587728977 0.0692353249 0.2756101787 -0.0079023959 0.9759870768 -0.2176849395 -0.2840634584 0.2065324485 0.9362971187
-233.4 -95.6 2403.8 -0.9677050114 -0.1627989709 0.1924670339 -0.1889659911 0.9738150239 -0.1263969988 -0.1668499708 -0.1586847305 -0.9731290936
-169.6 -477.0 2466.0 -0.9881214499 -0.0978744850 0.1184760705 -0.0666761845 0.9676575065 0.2432965189 -0.1384567767 0.2325069755 -0.9626890421
-421.5 -114.4 2281.9 0 0 0 0 0 0 0 0 0
-125.7 251.6 2139.8 0 0 0 0 0 0 0 0 0
-437.9 -759.5 2308.9 0 0 0 0 0 0 0 0 0
-140.7 -763.0 2397.2 0 0 0 0 0 0 0 0 0
-238.6 491.4 2311.5 6 0.9262139797 0.1397375613 0.3501443267 -0.2021163404 0.9680677056 0.1483032852 -0.3182398975 -0.2081304640 0.9248811007
-266.4 298.5 2352.9 0.9262139797 0.1397375613 0.3501443267 -0.2021163404 0.9680677056 0.1483032852 -0.3182398975 -0.2081304640 0.9248811007
-292.7 108.3 2391.8 0.9273334146 0.1347972304 0.3491166532 -0.1942106634 0.9707669020 0.1410455406 -0.3198983371 -0.1985984147 0.9264036417
-398.4 326.1 2398.5 0.4546585977 -0.5024477839 -0.7354126573 0.8906542659 0.2522792816 0.3782725632 -0.0045328410 -0.8269832730 0.5622082353
-512.8 101.9 2399.6 -0.3354381323 -0.5024477839 -0.7968860865 0.8246878982 0.2522792816 -0.5062065125 0.4553802311 -0.8269832730 0.3297385275
-134.5 270.8 2307.4 0.8574966788 0.3962296546 -0.3281791210 -0.3304298222 0.9130643606 0.2390179187 0.3943546414 -0.0965169072 0.9138757586
-16.6 225.4 2361.6 -0.4463121891 0.3962296546 0.8023761511 0.0996739790 0.9130643606 -0.3954472542 -0.8893089890 -0.0965169072 -0.4470055401
-402.9 -64.4 2457.2 0.9572150111 0.0356360413 0.2871749699 0.0271001607 0.9769877791 -0.2115667015 -0.2881058156 0.2102973163 0.9342216253
-416.9 -447.0 2374.8 0.9558552504 0.0627665594 0.2870558798 0.0003707366 0.9766607285 -0.2147874683 -0.2938376665 0.2054121643 0.9335230589
-234.5 -98.8 2401.5 -0.9700294137 -0.1613552570 0.1816795915 -0.1881559491 0.9719024897 -0.1414315253 -0.1537541300 -0.1713768244 -0.9731339216
-171.4 -479.5 2468.6 -0.9890059233 -0.1056371182 0.1034796014 -0.0765889809 0.9645252824 0.2526363730 -0.1264964640 0.2419334948 -0.9620118737
-422.9 -119.2 2277.5 0 0 0 0 0 0 0 0 0
-128.7 250.4 2138.2 0 0 0 0 0 0 0 0 0
-437.0 -760.6 2308.8 0 0 0 0 0 0 0 0 0
-140.2 -764.0 2397.2 0 0 0 0 0 0 0 0 0
-238.1 491.9 2310.9 7 0.9224818349 0.1411818713 0.3592979014 -0.2053367049 0.9675902128 0.1469899416 -0.3269008100 -0.2093725950 0.9215741754
-266.3 298.9 2352.6 0.9224818349 0.1411818713 0.3592979014 -0.2053367049 0.9675902128 0.1469899416 -0.3269008100 -0.2093725950 0.9215741754
-292.7 108.8 2391.6 0.9237423539 0.1355670542 0.3582200408 -0.1965087205 0.9705361724 0.1394414306 -0.3287618160 -0.1992013305 0.9231655002
-397.8 326.9 2399.4 0.4576570690 -0.4967460036 -0.7374234796 0.8891087770 0.2501208484 0.3833080828 -0.0059617586 -0.8310734034 0.5561308265
-513.5 102.1 2400.9 -0.3444327712 -0.4967460036 -0.7966238260 0.8221223950 0.2501208484 -0.5114238262 0.4532999694 -0.8310734034 0.3222361803
-134.9 270.8 2305.9 0.8602721691 0.3977919519 -0.3188938797 -0.3330408335 0.9120501876 0.2392660081 0.3860253394 -0.0996292010 0.9170923829
-16.6 225.1 2358.9 -0.4544042647 0.3977919519 0.7970435023 0.1015155539 0.9120501876 -0.3973147571 -0.8849923015 -0.0996292010 -0.4548215568
-402.8 -64.2 2459.6 0.9547898173 0.0341611952 0.2953124642 0.0316113830 0.9760769606 -0.2151151299 -0.2955962718 0.2147249728 0.9308684468
-416.2 -446.6 2375.5 0.9531060457 0.0666436329 0.2952075005 -0.0006948893 0.9759318233 -0.2180748731 -0.3026356697 0.2076433450 0.9302127957
-235.3 -99.3 2401.8 -0.9712294936 -0.1644120961 0.1722846031 -0.1896948814 0.9714778066 -0.1422909945 -0.1439763159 -0.1708787084 -0.9747160077
-170.9 -479.8 2468.7 -0.9902511239 -0.1038098112 0.0928773880 -0.0771287158 0.9638652802 0.2549800575 -0.1159907207 0.2453307807 -0.9624754190
-421.1 -118.4 2279.4 0 0 0 0 0 0 0 0 0
-130.8 250.6 2136.5 0 0 0 0 0 0 0 0 0
-437.6 -759.5 2308.9 0 0 0 0 0 0 0 0 0
-140.3 -763.6 2396.5 0 0 0 0 0 0 0 0 0
-237.7 491.6 2310.1 8 0.9209576845 0.1426281929 0.3626212478 -0.2081102282 0.9668012857 0.1482748091 -0.3294345140 -0.2120200247 0.9200654626
-266.2 298.7 2352.4 0.9209576845 0.1426281929 0.3626212478 -0.2081102282 0.9668012857 0.1482748091 -0.3294345140 -0.2120200247 0.9200654626
-293.0 108.8 2391.9 0.9221318960 0.1377658695 0.3615153730 -0.2000009418 0.9696497917 0.1406374276 -0.3311682642 -0.2019896805 0.9216982722
-397.4 327.2 2399.5 0.4623305202 -0.4904758930 -0.7387042046 0.8866938353 0.2510735393 0.3882475495 -0.0049569802 -0.8345031142 0.5509809256
-515.1 101.4 2400.8 -0.3558300138 -0.4904758930 -0.7954988480 0.8164342046 0.2510735393 -0.5199973583 0.4547748864 -0.8345031142 0.3111017942
-135.0 270.2 2305.2 0.8605048060 0.4001302123 -0.3153208792 -0.3346108496 0.9106410146 0.2424221039 0.3841445446 -0.1030956060 0.9174989462
-16.6 224.2 2358.1 -0.4568779171 0.4001302123 0.7944547534 0.1006911695 0.9106410146 -0.4007420242 -0.8838121295 -0.1030956060 -0.4563413560
-402.7 -63.6 2460.3 0.9540939927 0.0343260877 0.2975338101 0.0320997648 0.9759694934 -0.2155298144 -0.2977822423 0.2151864618 0.9300647974
-416.2 -445.9 2376.0 0.9523060918 0.0712250248 0.2967155278 0.0010956727 0.9715729952 -0.2367376238 -0.3051424325 0.2257717848 0.9251568317
-235.8 -99.1 2400.9 -0.9719770551 -0.1633964032 0.1690036356 -0.1886818707 0.9710813165 -0.1462882459 -0.1402132958 -0.1740767360 -0.9746986628
-171.8 -479.5 2469.1 -0.9903796911 -0.1056998670 0.0893061012 -0.0798094049 0.9635466337 0.2553592622 -0.1130420342 0.2457751781 -0.9627128839
-419.7 -117.5 2278.8 0 0 0 0 0 0 0 0 0
-131.5 249.5 2136.0 0 0 0 0 0 0 0 0 0
-439.0 -758.1 2303.5 0 0 0 0 0 0 0 0 0
-140.6 -763.1 2396.7 0 0 0 0 0 0 0 0 0
-237.1 490.9 2309.7 9 0.9218370318 0.1477514207 0.3583099246 -0.2118311077 0.9662570357 0.1465432942 -0.3245674968 -0.2109902352 0.9220298529
-266.6 297.9 2351.8 0.9218370318 0.1477514207 0.3583099246 -0.2118311077 0.9662570357 0.1465432942 -0.3245674968 -0.2109902352 0.9220298529
-294.3 108.1 2391.2 0.9231274724 0.1422006190 0.3572319746 -0.2032175660 0.9691670537 0.1393480152 -0.3264020681 -0.2012317926 0.9235623479
-398.0 326.9 2398.3 0.4525411427 -0.4907842577 -0.7445383072 0.8917301893 0.2444902211 0.3808435798 -0.0048796940 -0.8362746835 0.5482890010
-512.3 101.6 2399.5 -0.3498860598 -0.4907842577 -0.7979414463 0.8237246275 0.2444902211 -0.5115684867 0.4461586475 -0.8362746835 0.3187273443
-135.3 268.9 2305.4 0.8573300242 0.4038417637 -0.3192132711 -0.3376294076 0.9092381597 0.2435002774 0.3885764480 -0.1009843126 0.9158659577
-17.4 222.5 2358.8 -0.4519443214 0.4038417637 0.7953981161 0.1023117900 0.9092381597 -0.4035075009 -0.8861594796 -0.1009843126 -0.4522427917
-403.3 -63.1 2461.4 0.9560858011 0.0266949441 0.2918685973 0.0397837646 0.9748057127 -0.2194791734 -0.2903741598 0.2214525491 0.9309358597
-413.7 -444.9 2374.6 0.9526238441 0.0874124691 0.2913191915 -0.0164448339 0.9712129831 -0.2376444340 -0.3037060797 0.2215950638 0.9266381264
-236.6 -99.2 2401.5 -0.9711859822 -0.1631418467 0.1737310886 -0.1895367801 0.9706463814 -0.1480588615 -0.1444768459 -0.1767211258 -0.9735995531
-172.7 -479.4 2470.7 -0.9896318913 -0.1107899696 0.0914019719 -0.0832372084 0.9610224366 0.2636425495 -0.1170483008 0.2533010244 -0.9602802992
-418.5 -119.2 2279.9 0 0 0 0 0 0 0 0 0
-131.0 248.2 2136.1 0 0 0 0 0 0 0 0 0
-441.9 -757.7 2303.3 0 0 0 0 0 0 0 0 0
-139.8 -764.4 2395.6 0 0 0 0 0 0 0 0 0
-239.5 491.8 2313.0 0 0.9198466539 0.1422677785 0.3655707836 -0.2047431916 0.9690303206 0.1380595863 -0.3346077502 -0.2018417716 0.9204877019
-267.9 298.6 2353.2 0.9198466539 0.1422677785 0.3655707836 -0.2047431916 0.9690303206 0.1380595863 -0.3346077502 -0.2018417716 0.9204877019
-294.5 108.3 2390.8 0.9210737348 0.1367223114 0.3645959795 -0.1962074041 0.9717348218 0.1312785894 -0.3363419175 -0.1924536973 0.9218653440
-398.9 326.6 2401.1 0.4528798163 -0.4725547135 -0.7560369968 0.8915282488 0.2483845502 0.3787908256 0.0087885046 -0.8455750346 0.5337842107
-513.7 100.7 2398.9 -0.3622313440 -0.4725547135 -0.8034179807 0.8199301362 0.2483845502 -0.5157709718 0.4432866275 -0.8455750346 0.2974891663
