-157.8 443.3 2400.7 51 0.9582726955 -0.0840247124 -0.2732275724 0.1798457354 0.9201631546 0.3477863073 0.2221913040 -0.3824129403 0.8968786597
-137.1 217.4 2494.6 0.9582726955 -0.0840247124 -0.2732275724 0.1798457354 0.9201631546 0.3477863073 0.2221913040 -0.3824129403 0.8968786597
-153.3 24.2 2503.3 0.9583942890 0.0830826089 -0.2730891109 -0.0674232766 0.9955223799 0.0662513152 0.2773706615 -0.0450823158 0.9597046971
-268.1 226.6 2456.7 0.4257525504 -0.8436126709 -0.3271887004 0.3307786584 0.4816797376 -0.8115233183 0.8422115445 0.2372810841 0.4841254056
-359.9 155.3 2275.0 -0.5211085677 -0.8436126709 -0.1294740587 -0.8409987092 0.4816797376 0.2463854253 -0.1454888284 0.2372810841 -0.9604846239
-6.2 208.2 2532.5 0.1589832455 0.3823211193 0.9102498889 -0.9746351242 0.2078722864 0.0829186514 -0.1575141698 -0.9003441930 0.4056717753
35.6 -48.2 2491.0 -0.1690248847 0.3819559515 0.9085924625 -0.9428815842 0.2058308423 -0.2619312704 -0.2870625556 -0.9009679556 0.3253487051
-253.7 -162.5 2487.6 0.9992808104 -0.0210822597 -0.0315178335 0.0225727856 0.9986062050 0.0477087721 0.0304680970 -0.0483859032 0.9983639121
-245.5 -550.0 2506.3 0.9992367029 -0.0253243335 -0.0297443382 0.0243787616 0.9991990328 -0.0317336321 0.0305241477 0.0309842788 0.9990536571
-81.6 -173.2 2536.2 0.8639162183 0.0599710345 -0.5000522137 -0.0716107860 0.9974242449 -0.0040978892 0.4985184371 0.0393493660 0.8659855723
-104.9 -560.4 2521.0 0.8610371947 -0.0786536038 -0.5024226904 0.0596070513 0.9967662096 -0.0538896210 0.5050365925 0.0164530333 0.8629410863
-229.5 365.8 2311.4 0 0 0 0 0 0 0 0 0
-10.8 -307.1 2412.2 0 0 0 0 0 0 0 0 0
-237.9 -849.9 2497.0 0 0 0 0 0 0 0 0 0
-83.0 -838.0 2516.4 0 0 0 0 0 0 0 0 0
-157.5 444.3 2395.8 52 0.9575118423 -0.0835213512 -0.2760349214 0.1835811585 0.9146948457 0.3600434959 0.2224164158 -0.3954207003 0.8911640644
-136.8 218.0 2493.7 0.9575118423 -0.0835213512 -0.2760349214 0.1835811585 0.9146948457 0.3600434959 0.2224164158 -0.3954207003 0.8911640644
-153.4 24.8 2503.0 0.9572874308 0.0852222666 -0.2762932181 -0.0683819577 0.9951975942 0.0700408071 0.2809353471 -0.0481557176 0.9585177898
-267.6 227.4 2455.3 0.4314058125 -0.8469057679 -0.3108692467 0.3399373591 0.4717857838 -0.8135482669 0.8356623650 0.2452933788 0.4914260209
-360.4 154.2 2275.4 -0.5144505501 -0.8469057679 -0.1345039308 -0.8436613083 0.4717857838 0.2562299073 -0.1535455436 0.2452933788 -0.9572120309
-6.0 208.7 2532.0 0.1574847102 0.3858736455 0.9090105295 -0.9754955173 0.2040055394 0.0824030712 -0.1536460072 -0.8997128606 0.4085457623
36.1 -52.2 2490.9 -0.1784042418 0.3846373558 0.9056633115 -0.9425402284 0.1974293590 -0.2695172429 -0.2824709117 -0.9017071128 0.3273139596
-255.2 -163.0 2487.2 0.9992086887 -0.0184685681 -0.0352262482 0.0208614301 0.9974111319 0.0688170567 0.0338641033 -0.0694974661 0.9970071912
-248.1 -550.1 2514.2 0.9988510013 -0.0351112969 -0.0326169170 0.0331974216 0.9977949262 -0.0574731827 0.0345629528 0.0563243479 0.9978141189
-83.5 -175.1 2536.9 0.8625690937 0.0566719994 -0.5027552247 -0.0625977218 0.9980257750 0.0051023890 0.5020518303 0.0270701703 0.8644137383
-105.5 -562.5 2526.4 0.8583446145 -0.0859748721 -0.5058189631 0.0495510176 0.9951428771 -0.0850609317 0.5106752515 0.0479477458 0.8584356904
-231.6 365.4 2313.9 0 0 0 0 0 0 0 0 0
-12.9 -311.0 2413.4 0 0 0 0 0 0 0 0 0
-237.6 -847.6 2497.4 0 0 0 0 0 0 0 0 0
-82.2 -833.1 2513.4 0 0 0 0 0 0 0 0 0
-157.2 442.9 2393.4 53 0.9563875198 -0.0830391943 -0.2800489962 0.1870508641 0.9104863405 0.3688178062 0.2243544608 -0.4051161408 0.8863103390
-136.8 218.6 2493.2 0.9563875198 -0.0830391943 -0.2800489962 0.1870508641 0.9104863405 0.3688178062 0.2243544608 -0.4051161408 0.8863103390
-152.9 25.4 2503.1 0.9563934803 0.0829940066 -0.2800419629 -0.0651776567 0.9952465892 0.0723606348 0.2847163081 -0.0509527586 0.9572567344
-267.4 227.5 2454.3 0.4322550595 -0.8464540839 -0.3109196424 0.3397289813 0.4722529650 -0.8133642077 0.8353081942 0.2459523827 0.4916987419
-359.7 155.0 2276.0 -0.5155999064 -0.8464540839 -0.1329368055 -0.8422901630 0.4722529650 0.2598546147 -0.1571752131 0.2459523827 -0.9564535618
-6.1 209.7 2532.1 0.1486195177 0.3902153969 0.9086496234 -0.9781970978 0.1927972883 0.0771988556 -0.1450610161 -0.9003117085 0.4103609920
33.6 -51.6 2493.3 -0.1762166470 0.3914605677 0.9031646252 -0.9419258833 0.1994065195 -0.2702085376 -0.2858729064 -0.8983293772 0.3335880935
-255.7 -162.2 2487.2 0.9990012050 -0.0217167810 -0.0390509330 0.0243650209 0.9973418713 0.0686700866 0.0374558344 -0.0695529729 0.9968748093
-247.2 -549.3 2514.2 0.9989066720 -0.0298320688 -0.0359933078 0.0277159866 0.9979362488 -0.0579224378 0.0376469754 0.0568615198 0.9976720214
-84.1 -174.5 2537.5 0.8606046438 0.0546731204 -0.5063303709 -0.0631726384 0.9980025291 0.0003895597 0.5053403378 0.0316509716 0.8623394966
-105.4 -561.9 2525.2 0.8566281796 -0.0837522447 -0.5090910792 0.0497000664 0.9955428839 -0.0801516175 0.5135349035 0.0433582738 0.8569725752
-230.2 366.5 2315.5 0 0 0 0 0 0 0 0 0
-14.8 -310.3 2414.8 0 0 0 0 0 0 0 0 0
-238.3 -847.9 2497.2 0 0 0 0 0 0 0 0 0
-82.3 -836.1 2513.3 0 0 0 0 0 0 0 0 0
-159.2 441.9 2398.7 54 0.9539561272 -0.0874182731 -0.2869246304 0.1903143376 0.9157788754 0.3537365198 0.2318364978 -0.3920549750 0.8902497888
-138.0 219.6 2493.9 0.9539561272 -0.0874182731 -0.2869246304 0.1903143376 0.9157788754 0.3537365198 0.2318364978 -0.3920549750 0.8902497888
-153.4 26.3 2504.5 0.9550324678 0.0791990161 -0.2857280672 -0.0599500760 0.9953411222 0.0755115598 0.2903773487 -0.0549865738 0.9553310871
-268.5 227.7 2454.2 0.4277343452 -0.8487188816 -0.3109976947 0.3421833813 0.4704919457 -0.8133559227 0.8366324902 0.2414820045 0.4916630685
-359.9 154.6 2275.3 -0.5126522779 -0.8487188816 -0.1298609376 -0.8440797329 0.4704919457 0.2572290003 -0.1572165936 0.2414820045 -0.9575851560
-7.5 211.4 2533.5 0.1519789100 0.3934899569 0.9066796899 -0.9773100615 0.1967597455 0.0784263015 -0.1475381106 -0.8980262876 0.4144650400
33.6 -53.2 2493.6 -0.1895610988 0.3945032060 0.8991294503 -0.9367491603 0.2017421275 -0.2860089839 -0.2942237556 -0.8964749575 0.3313080668
-254.7 -162.0 2487.5 0.9987577200 -0.0222690720 -0.0445763916 0.0248113833 0.9980477095 0.0573165491 0.0432129800 -0.0583513491 0.9973604083
-246.0 -549.4 2510.1 0.9988280535 -0.0237683449 -0.0421621129 0.0220216159 0.9988991022 -0.0414204225 0.0431001931 0.0404434018 0.9982517958
-83.3 -173.7 2538.5 0.8572453856 0.0592927299 -0.5114828944 -0.0709690750 0.9974730015 -0.0033139240 0.5099939108 0.0391403139 0.8592870831
-106.3 -560.9 2523.3 0.8527389169 -0.0908465385 -0.5143765211 0.0619895495 0.9954009652 -0.0730356574 0.5186459422 0.0303943790 0.8544487357
-231.6 365.9 2314.7 0 0 0 0 0 0 0 0 0
-18.4 -310.4 2412.8 0 0 0 0 0 0 0 0 0
-239.0 -846.5 2498.1 0 0 0 0 0 0 0 0 0
-81.0 -838.3 2514.8 0 0 0 0 0 0 0 0 0
-159.1 443.7 2393.3 55 0.9539872408 -0.0817968622 -0.2884747088 0.1918562204 0.9058706760 0.3776102662 0.2304334342 -0.4155810177 0.8798822761
-139.2 223.8 2494.2 0.9539872408 -0.0817968622 -0.2884747088 0.1918562204 0.9058706760 0.3776102662 0.2304334342 -0.4155810177 0.8798822761
-154.9 30.5 2502.5 0.9541212320 0.0808044448 -0.2883111238 -0.0649465472 0.9958235621 0.0641670898 0.2922919989 -0.0424983688 0.9553843737
-269.6 232.7 2454.3 0.4222356975 -0.8491688967 -0.3172210157 0.3708530068 0.4811388850 -0.7943383455 0.8271548152 0.2177556455 0.5180708766
-361.1 152.3 2275.0 -0.5172819495 -0.8491688967 -0.1064497158 -0.8408560753 0.4811388850 0.2479242831 -0.1593124866 0.2177556455 -0.9629132748
-8.9 214.9 2534.1 0.1542089283 0.3981416523 0.9042692184 -0.9773891568 0.1954800785 0.0806102529 -0.1446723193 -0.8962537050 0.4192841053
33.2 -51.6 2494.7 -0.1935459375 0.3997769058 0.8959455490 -0.9343804717 0.2033139616 -0.2925688624 -0.2991205156 -0.8937795162 0.3341931403
-254.3 -161.5 2489.2 0.9986189008 -0.0229977109 -0.0472375378 0.0249875598 0.9988061190 0.0419749878 0.0462158136 -0.0430973656 0.9980013371
-245.4 -549.2 2505.9 0.9987673759 -0.0194040705 -0.0456858538 0.0184423141 0.9996013045 -0.0213797502 0.0460824929 0.0205108430 0.9987270236
-83.2 -172.2 2541.2 0.8561860919 0.0564789660 -0.5135713816 -0.0702316314 0.9975033402 -0.0073862891 0.5118719935 0.0423929915 0.8580151200
-105.1 -559.5 2524.8 0.8523971438 -0.0833677649 -0.5162062049 0.0523298495 0.9958530068 -0.0744202957 0.5202698112 0.0364226550 0.8532249331
-232.2 361.8 2314.7 0 0 0 0 0 0 0 0 0
-19.9 -308.2 2412.5 0 0 0 0 0 0 0 0 0
-239.6 -848.0 2499.8 0 0 0 0 0 0 0 0 0
-82.1 -834.9 2514.7 0 0 0 0 0 0 0 0 0
-157.8 442.8 2391.6 56 0.9585812092 -0.0830199197 -0.2724513412 0.1853984892 0.9080473185 0.3756028712 0.2162161767 -0.4105579257 0.8858288527
-137.0 215.7 2494.3 0.9585812092 -0.0830199197 -0.2724513412 0.1853984892 0.9080473185 0.3756028712 0.2162161767 -0.4105579257 0.8858288527
-156.2 22.7 2500.0 0.9563159943 0.0988519043 -0.2751144767 -0.0868384987 0.9946728945 0.0555414744 0.2791392803 -0.0292246751 0.9598057866
-267.6 227.6 2456.2 0.4337797463 -0.8453665376 -0.3117539883 0.3473682404 0.4761592150 -0.8078413606 0.8313665986 0.2421317995 0.5002017021
-361.6 152.4 2276.2 -0.5168201923 -0.8453665376 -0.1351010501 -0.8436756730 0.4761592150 0.2479592115 -0.1452868134 0.2421317995 -0.9593038559
-6.4 203.9 2532.4 0.1524031460 0.3922197819 0.9071587324 -0.9784246087 0.1894288063 0.0824742839 -0.1394939423 -0.9001557231 0.4126270413
32.4 -45.1 2496.9 -0.1863784492 0.3959933221 0.8991398215 -0.9355200529 0.2080199867 -0.2855343521 -0.3001087308 -0.8943808079 0.3316892385
-256.1 -157.0 2484.5 0.9988377690 -0.0334734619 -0.0346796624 0.0356603116 0.9972811341 0.0644878000 0.0324267447 -0.0656495318 0.9973157048
-243.1 -544.0 2510.0 0.9994276166 -0.0126585886 -0.0313723609 0.0117258206 0.9994888902 -0.0297398772 0.0317327902 0.0293549858 0.9990652204
-85.1 -168.6 2536.9 0.8635284305 0.0509132147 -0.5017234683 -0.0544220768 0.9984886646 0.0076561230 0.5013549924 0.0206935536 0.8649941683
-104.9 -556.1 2528.9 0.8600373268 -0.0778309330 -0.5042600036 0.0428356901 0.9958221316 -0.0806438550 0.5084298253 0.0477564000 0.8597781062
-233.2 362.0 2312.3 0 0 0 0 0 0 0 0 0
-18.8 -302.0 2414.5 0 0 0 0 0 0 0 0 0
-239.2 -846.6 2501.1 0 0 0 0 0 0 0 0 0
-83.0 -835.3 2515.5 0 0 0 0 0 0 0 0 0
-156.7 440.2 2386.8 57 0.9585561156 -0.0826010555 -0.2726668715 0.1875549853 0.9033669829 0.3856827319 0.2144604623 -0.4208385944 0.8814201951
-135.6 209.3 2494.4 0.9585561156 -0.0826010555 -0.2726668715 0.1875549853 0.9033669829 0.3856827319 0.2144604623 -0.4208385944 0.8814201951
-155.9 16.3 2498.0 0.9552167058 0.1049839184 -0.2766575515 -0.0955663100 0.9942964315 0.0473459065 0.2800501883 -0.0187864602 0.9598014951
-266.0 222.3 2456.1 0.4467913508 -0.8357032537 -0.3193391860 0.3225567639 0.4834165871 -0.8137969971 0.8344666958 0.2605924606 0.4855480790
-362.1 153.0 2276.7 -0.5295175314 -0.8357032537 -0.1456406265 -0.8351264000 0.4834165871 0.2624353468 -0.1489129961 0.2605924606 -0.9538954496
-5.1 196.2 2532.6 0.1514525861 0.3941625953 0.9064756036 -0.9763688445 0.2026794702 0.0749991760 -0.1541621238 -0.8964133263 0.4155443907
34.0 -55.8 2492.8 -0.1943379492 0.3938827515 0.8983814120 -0.9354174733 0.2013307363 -0.2906202376 -0.2953420877 -0.8968401551 0.3293185830
-261.1 -162.5 2480.7 0.9980422854 -0.0506857187 -0.0366408192 0.0529764034 0.9965095520 0.0645151138 0.0332429335 -0.0663299114 0.9972438216
-241.4 -549.3 2506.5 0.9994437099 -0.0079673473 -0.0323858783 0.0074209943 0.9998286963 -0.0169554502 0.0325154215 0.0167056825 0.9993315935
-89.8 -178.1 2530.7 0.8631545305 0.0468562767 -0.5027611256 -0.0463594422 0.9988335967 0.0134979896 0.5028072000 0.0116568739 0.8643199801
-108.0 -565.8 2526.2 0.8577834368 -0.0963464454 -0.5049009919 0.0577425994 0.9941202402 -0.0916007534 0.5107576847 0.0494193137 0.8583031893
-230.8 360.0 2313.7 0 0 0 0 0 0 0 0 0
-19.3 -312.7 2411.7 0 0 0 0 0 0 0 0 0
-239.0 -848.8 2501.5 0 0 0 0 0 0 0 0 0
-81.6 -838.1 2512.6 0 0 0 0 0 0 0 0 0
-156.5 436.8 2376.4 58 0.9562941790 -0.0856611729 -0.2795775831 0.2014705092 0.8859809041 0.4176690578 0.2119223922 -0.4557411373 0.8645165563
-134.5 208.6 2493.8 0.9562941790 -0.0856611729 -0.2795775831 0.2014705092 0.8859809041 0.4176690578 0.2119223922 -0.4557411373 0.8645165563
-154.8 15.6 2499.8 0.9533236623 0.1047191545 -0.2832100689 -0.0915633813 0.9940298796 0.0593355745 0.2877328694 -0.0306343362 0.9572206140
-264.7 221.1 2454.5 0.4537768662 -0.8353403211 -0.3103112876 0.3226722479 0.4786249995 -0.8165786862 0.8306438327 0.2704156637 0.4867300987
-362.3 151.6 2275.8 -0.5274086595 -0.8353403211 -0.1550697982 -0.8365109563 0.4786249995 0.2667724192 -0.1486254781 0.2704156637 -0.9512023330
-4.2 196.1 2533.1 0.1412952244 0.3988424242 0.9060686231 -0.9775999784 0.2004345953 0.0642207265 -0.1559935659 -0.8948467374 0.4182287753
33.1 -61.9 2491.9 -0.1983476281 0.3985341489 0.8954489231 -0.9343812466 0.1989803463 -0.2955308259 -0.2959558666 -0.8953085542 0.3329155445
-261.9 -168.1 2476.6 0.9980335832 -0.0453578234 -0.0432630144 0.0484363399 0.9961560369 0.0729866326 0.0397861972 -0.0749386102 0.9963941574
-244.3 -554.8 2505.7 0.9990880489 -0.0172217302 -0.0390705168 0.0166215654 0.9997395873 -0.0156342424 0.0393295921 0.0149705717 0.9991141558
-90.8 -185.2 2526.8 0.8602291346 0.0384531058 -0.5084556937 -0.0277484544 0.9992051125 0.0286209993 0.5091521144 -0.0105117569 0.8606123328
-105.7 -573.0 2530.9 0.8557942510 -0.0924444199 -0.5089894533 0.0438848138 0.9933302999 -0.1066259295 0.5154516101 0.0689129531 0.8541432023
-231.6 359.0 2312.6 0 0 0 0 0 0 0 0 0
-21.4 -318.5 2410.7 0 0 0 0 0 0 0 0 0
-239.2 -848.3 2501.3 0 0 0 0 0 0 0 0 0
-80.9 -839.5 2512.4 0 0 0 0 0 0 0 0 0
-155.5 438.2 2383.2 59 0.9567737579 -0.0843307674 -0.2783384621 0.1924021244 0.9012140036 0.3883230090 0.2180949450 -0.4250901937 0.8784832954
-133.8 206.7 2492.4 0.9567737579 -0.0843307674 -0.2783384621 0.1924021244 0.9012140036 0.3883230090 0.2180949450 -0.4250901937 0.8784832954
-153.1 13.8 2499.9 0.9545701146 0.0994289964 -0.2809087634 -0.0842496604 0.9942805171 0.0656373575 0.2858283520 -0.0389889963 0.9574873447
-264.2 218.2 2453.3 0.4566197097 -0.8368723392 -0.3018991947 0.3099751174 0.4677327275 -0.8277327418 0.8339147568 0.2843778729 0.4729855955
-361.7 152.1 2275.3 -0.5201893449 -0.8368723392 -0.1704339534 -0.8412854075 0.4677327275 0.2710441351 -0.1471117884 0.2843778729 -0.9473580718
-3.4 195.2 2531.4 0.1334426403 0.3957023025 0.9086323380 -0.9794173837 0.1927539557 0.0598953627 -0.1514417529 -0.8979229331 0.4132793248
32.1 -65.1 2491.2 -0.2004743665 0.3964747787 0.8958894014 -0.9347694516 0.1963436157 -0.2960662544 -0.2932849526 -0.8968037367 0.3312506378
-260.5 -169.1 2479.9 0.9984341264 -0.0386588424 -0.0404319093 0.0414163657 0.9967044592 0.0697486699 0.0376022644 -0.0713139996 0.9967448711
-245.5 -556.0 2507.6 0.9990445375 -0.0241451506 -0.0364291184 0.0231043752 0.9993202686 -0.0287253615 0.0370979346 0.0278562438 0.9989233017
-89.7 -185.5 2531.5 0.8608441949 0.0476221852 -0.5066354275 -0.0414245985 0.9988651276 0.0235041156 0.5071797371 0.0007537869 0.8618399501
-108.2 -573.2 2531.2 0.8551117778 -0.1018220261 -0.5083464384 0.0496818088 0.9921052456 -0.1151472032 0.5160576701 0.0732081607 0.8534196019
-232.4 361.1 2311.9 0 0 0 0 0 0 0 0 0
-23.0 -321.8 2410.6 0 0 0 0 0 0 0 0 0
-238.5 -845.9 2499.5 0 0 0 0 0 0 0 0 0
-80.9 -839.8 2511.5 0 0 0 0 0 0 0 0 0
-155.9 437.2 2376.6 60 0.9580562711 -0.0833366960 -0.2741954923 0.1933411509 0.8941967487 0.4037714303 0.2115357369 -0.4398490191 0.8728032112
-134.1 204.0 2491.2 0.9580562711 -0.0833366960 -0.2741954923 0.1933411509 0.8941967487 0.4037714303 0.2115357369 -0.4398490191 0.8728032112
-154.3 11.1 2498.7 0.9549773335 0.1039313003 -0.2778786123 -0.0889229551 0.9938418269 0.0661146864 0.2830387950 -0.0384282395 0.9583383203
-264.6 216.2 2452.6 0.4560215175 -0.8340420723 -0.3105127811 0.2958943844 0.4711433649 -0.8309454918 0.8393395543 0.2870500386 0.4616398811
-361.1 153.6 2275.0 -0.5236683488 -0.8340420723 -0.1736238450 -0.8398094773 0.4711433649 0.2697109580 -0.1431485564 0.2870500386 -0.9471592903
-3.7 191.9 2529.9 0.1364119947 0.3931192756 0.9093123674 -0.9782070518 0.1984888911 0.0609354600 -0.1565335095 -0.8978080750 0.4116283059
32.2 -65.2 2488.8 -0.2024496943 0.3900727928 0.8982523680 -0.9386619925 0.1841742843 -0.2915363610 -0.2791554034 -0.9021768570 0.3288604915
-257.9 -171.7 2481.9 0.9988664985 -0.0299905911 -0.0369634666 0.0321545824 0.9977155924 0.0594115034 0.0350972414 -0.0605327040 0.9975489974
-246.3 -559.0 2505.4 0.9990587831 -0.0267736260 -0.0341274850 0.0257451609 0.9992114305 -0.0302273408 0.0349098705 0.0293202717 0.9989602566
-86.9 -186.8 2533.1 0.8620574474 0.0492500551 -0.5044119358 -0.0463110432 0.9987581372 0.0183701329 0.5046902299 0.0075237318 0.8632677197
-106.0 -574.5 2530.2 0.8572458029 -0.0921137035 -0.5066011548 0.0432817005 0.9932770729 -0.1073652953 0.5130851269 0.0701118857 0.8554694653
-230.5 363.0 2310.7 0 0 0 0 0 0 0 0 0
-23.4 -323.0 2412.1 0 0 0 0 0 0 0 0 0
-238.5 -849.9 2496.9 0 0 0 0 0 0 0 0 0
-81.4 -840.6 2511.4 0 0 0 0 0 0 0 0 0
-156.0 439.6 2387.3 61 0.9587629437 -0.0850098878 -0.2711954415 0.1825309843 0.9155883789 0.3583020568 0.2178441733 -0.3930282891 0.8933491111
-133.8 200.5 2489.9 0.9587629437 -0.0850098878 -0.2711954415 0.1825309843 0.9155883789 0.3583020568 0.2178441733 -0.3930282891 0.8933491111
-155.8 7.9 2500.2 0.9546917081 0.1131265759 -0.2752564549 -0.0937050954 0.9921544790 0.0827575773 0.2824590206 -0.0532150380 0.9578021765
-264.3 213.3 2451.3 0.4654319286 -0.8300430775 -0.3072485030 0.2877032757 0.4701727033 -0.8343647122 0.8370184898 0.2999435663 0.4576395154
-361.6 153.1 2276.3 -0.5231055617 -0.8300430775 -0.1933625489 -0.8428388238 0.4701727033 0.2618402243 -0.1264248788 0.2999435663 -0.9455425143
-3.4 187.7 2528.5 0.1347496361 0.3911728859 0.9103989601 -0.9787330627 0.1959628016 0.0606641695 -0.1546741426 -0.8992120624 0.4092597663
31.8 -67.8 2488.1 -0.2003232390 0.3894609213 0.8989943266 -0.9382582903 0.1878835708 -0.2904670537 -0.2820318341 -0.9016761780 0.3277775049
-260.0 -173.8 2480.8 0.9988495111 -0.0336627737 -0.0341534354 0.0359199643 0.9970532060 0.0677842200 0.0317709856 -0.0689330250 0.9971152544
-247.0 -560.9 2507.6 0.9991587996 -0.0276827123 -0.0302554667 0.0264008697 0.9987697601 -0.0419757552 0.0313802473 0.0411416739 0.9986604452
-88.9 -189.7 2531.5 0.8629482388 0.0440537781 -0.5033683181 -0.0408790186 0.9990134239 0.0173507947 0.5036360621 0.0056043644 0.8638977408
-106.0 -577.6 2529.3 0.8582522273 -0.0911468938 -0.5050696135 0.0470758453 0.9939358830 -0.0993748456 0.5110645294 0.0615121052 0.8573384881
-231.3 363.1 2307.7 0 0 0 0 0 0 0 0 0
-23.2 -325.5 2410.7 0 0 0 0 0 0 0 0 0
-239.0 -848.9 2495.7 0 0 0 0 0 0 0 0 0
-81.8 -841.5 2513.0 0 0 0 0 0 0 0 0 0
-158.0 441.9 2386.6 62 0.9565293193 -0.0926426947 -0.2765302956 0.1904727519 0.9164866209 0.3518130779 0.2208434045 -0.3891910017 0.8942922354
-133.7 201.5 2488.7 0.9565293193 -0.0926426947 -0.2765302956 0.1904727519 0.9164866209 0.3518130779 0.2208434045 -0.3891910017 0.8942922354
-154.7 9.1 2502.9 0.9543207884 0.1080607474 -0.2785581946 -0.0828221440 0.9914464951 0.1008678004 0.2870754004 -0.0731894523 0.9551078677
-264.1 212.8 2449.5 0.4716755152 -0.8320338726 -0.2919619977 0.2914052904 0.4595897794 -0.8389637470 0.8322290182 0.3106394112 0.4592363238
-361.6 152.5 2277.4 -0.5167801976 -0.8320338726 -0.2016378343 -0.8457389474 0.4595897794 0.2711141706 -0.1329054832 0.3106394112 -0.9411903620
-3.3 190.2 2527.9 0.1261223257 0.3915379643 0.9114774466 -0.9804458022 0.1891123503 0.0544296913 -0.1510603577 -0.9005190134 0.4077330530
30.6 -73.5 2487.3 -0.2055484205 0.3926168084 0.8964384198 -0.9342663288 0.1939942390 -0.2991865873 -0.2913695872 -0.8990095854 0.3269334733
-263.3 -176.3 2485.2 0.9984304905 -0.0426100343 -0.0363446288 0.0447316207 0.9972130060 0.0597099029 0.0336990952 -0.0612419434 0.9975538850
-246.7 -563.4 2509.0 0.9992315769 -0.0227493457 -0.0319175795 0.0214669723 0.9989706278 -0.0399608277 0.0327938050 0.0392449461 0.9986913204
-92.2 -193.0 2535.9 0.8612851501 0.0381296761 -0.5066892505 -0.0351372883 0.9992627501 0.0154697206 0.5069055557 0.0044798451 0.8619899750
-107.0 -581.0 2534.1 0.8563082218 -0.0965033323 -0.5073689818 0.0444508269 0.9925135970 -0.1137579605 0.5145486593 0.0748589039 0.8541872501
-232.8 363.4 2310.5 0 0 0 0 0 0 0 0 0
-25.9 -330.1 2407.3 0 0 0 0 0 0 0 0 0
-240.2 -850.5 2497.7 0 0 0 0 0 0 0 0 0
-81.8 -840.7 2514.5 0 0 0 0 0 0 0 0 0
-156.0 437.9 2376.8 63 0.9536560774 -0.0862290487 -0.2882786691 0.1977795213 0.9016572237 0.3845744729 0.2267670482 -0.4237673879 0.8769252300
-133.1 198.6 2489.3 0.9536560774 -0.0862290487 -0.2882786691 0.1977795213 0.9016572237 0.3845744729 0.2267670482 -0.4237673879 0.8769252300
-151.7 5.8 2502.2 0.9523182511 0.0956329182 -0.2897314727 -0.0717966780 0.9931824803 0.0918355584 0.2965387404 -0.0666549206 0.9526919127
-263.2 208.4 2448.8 0.4797912836 -0.8298628926 -0.2848295569 0.2690711915 0.4481634200 -0.8524965048 0.8351054192 0.3323809505 0.4383170903
-361.7 153.2 2277.3 -0.5143381953 -0.8298628926 -0.2162955105 -0.8453546762 0.4481634200 0.2907318771 -0.1443318725 0.3323809505 -0.9320360422
-3.0 188.8 2529.8 0.1179351211 0.3994219899 0.9091498256 -0.9806956649 0.1906501651 0.0434566438 -0.1559720337 -0.8967243433 0.4141957462
28.1 -70.5 2488.6 -0.2107694745 0.3993658721 0.8922349215 -0.9329266548 0.1904017478 -0.3056060672 -0.2919317186 -0.8968021274 0.3324481845
-261.2 -175.9 2491.4 0.9981347919 -0.0388850719 -0.0470622815 0.0410321020 0.9981190562 0.0455489643 0.0452025868 -0.0473950729 0.9978529215
-246.1 -563.4 2509.8 0.9988579154 -0.0199493077 -0.0434150808 0.0180611573 0.9988920689 -0.0434566662 0.0442339107 0.0426229089 0.9981115460
-90.2 -190.7 2542.9 0.8558467031 0.0364191830 -0.5159458518 -0.0443122014 0.9990132451 -0.0029871429 0.5153279305 0.0254192334 0.8566160202
-104.3 -578.5 2533.0 0.8521517515 -0.0809605569 -0.5169939399 0.0317418575 0.9941372871 -0.1033610329 0.5223311186 0.0716689378 0.8497256637
-233.5 364.0 2313.3 0 0 0 0 0 0 0 0 0
-29.7 -326.7 2408.4 0 0 0 0 0 0 0 0 0
-240.3 -851.5 2497.5 0 0 0 0 0 0 0 0 0
-82.8 -842.1 2514.0 0 0 0 0 0 0 0 0 0
-158.3 444.3 2389.9 64 0.9505883455 -0.0935348421 -0.2960287929 0.1935298145 0.9241225719 0.3294596076 0.2427509278 -0.3704708815 0.8965619206
-133.2 196.4 2489.3 0.9505883455 -0.0935348421 -0.2960287929 0.1935298145 0.9241225719 0.3294596076 0.2427509278 -0.3704708815 0.8965619206
-150.0 3.8 2505.6 0.9515138865 0.0864594951 -0.2952051163 -0.0572147109 0.9926844239 0.1063206494 0.3022379577 -0.0842754990 0.9494997859
-263.2 204.2 2448.0 0.4800739288 -0.8295425773 -0.2852859795 0.2456409037 0.4393251836 -0.8640913963 0.8421339393 0.3447498381 0.4146781564
-361.7 153.8 2275.2 -0.5126463771 -0.8295425773 -0.2214785069 -0.8439164758 0.4393251836 0.3078934848 -0.1581096947 0.3447498381 -0.9252831340
-3.2 188.6 2530.5 0.1218488440 0.3997615874 0.9084842205 -0.9797220230 0.1951161474 0.0455462635 -0.1590522826 -0.8956117034 0.4154298902
29.5 -74.1 2487.9 -0.2228824198 0.3984734118 0.8896866441 -0.9290142655 0.1897220165 -0.3177075088 -0.2953911424 -0.8973430395 0.3279017806
-255.6 -180.5 2488.6 0.9983547926 -0.0231656805 -0.0524510927 0.0266478583 0.9974175692 0.0666937232 0.0507706366 -0.0679817051 0.9963939190
-246.6 -567.5 2515.0 0.9984966516 -0.0243504103 -0.0491072685 0.0213995390 0.9979842305 -0.0597459003 0.0504631177 0.0586052090 0.9970049858
-84.9 -193.3 2541.7 0.8525567055 0.0501822904 -0.5202199221 -0.0570594296 0.9983668923 0.0027948483 0.5195106268 0.0273006856 0.8540277481
-104.4 -580.9 2531.2 0.8486108780 -0.0822515860 -0.5225841403 0.0304965712 0.9938024282 -0.1068958938 0.5281377435 0.0747760013 0.8458599448
-233.7 364.4 2314.7 0 0 0 0 0 0 0 0 0
-31.7 -329.2 2406.8 0 0 0 0 0 0 0 0 0
-239.6 -852.9 2498.2 0 0 0 0 0 0 0 0 0
-83.0 -839.4 2511.7 0 0 0 0 0 0 0 0 0
-156.0 438.2 2378.4 65 0.9506977201 -0.0892236754 -0.2970066071 0.1994293481 0.9093203545 0.3651909530 0.2374904752 -0.4064180553 0.8822826147
-132.2 195.4 2486.9 0.9506977201 -0.0892236754 -0.2970066071 0.1994293481 0.9093203545 0.3651909530 0.2374904752 -0.4064180553 0.8822826147
-151.9 3.6 2508.0 0.9490129352 0.1013901755 -0.2984869480 -0.0634360239 0.9889181256 0.1342268884 0.3087884188 -0.1084482223 0.9449278712
-261.8 204.1 2444.8 0.4898454249 -0.8210427165 -0.2931557596 0.2455952615 0.4526005089 -0.8572255969 0.8365013003 0.3479103744 0.4233485162
-361.4 154.2 2274.8 -0.5222551823 -0.8210427165 -0.2305177003 -0.8416114450 0.4526005089 0.2946912944 -0.1376217008 0.3479103744 -0.9273719192
-2.6 186.8 2529.1 0.1056983173 0.4051215351 0.9081323743 -0.9821112156 0.1856502295 0.0314894579 -0.1558379233 -0.8952153325 0.4174973071
26.3 -81.2 2486.6 -0.2169494629 0.4056978822 0.8878863454 -0.9308046103 0.1881176084 -0.3133920133 -0.2941695452 -0.8944389224 0.3368134499
-252.0 -183.8 2494.9 0.9983401299 -0.0128466338 -0.0561421439 0.0157001354 0.9985913038 0.0506845377 0.0554119274 -0.0514818467 0.9971354604
-247.0 -571.3 2514.9 0.9980503917 -0.0309552792 -0.0541957878 0.0271572918 0.9972146749 -0.0694650412 0.0561951436 0.0678578019 0.9961111546
-81.5 -194.0 2549.1 0.8477676511 0.0603291728 -0.5269254446 -0.0753910318 0.9971285462 -0.0071321963 0.5249820948 0.0457718968 0.8498815894
-104.9 -581.0 2531.3 0.8433355093 -0.0866884366 -0.5303493142 0.0315110497 0.9931820631 -0.1122336164 0.5364627838 0.0779387280 0.8403173685
-230.8 364.7 2309.2 0 0 0 0 0 0 0 0 0
-33.3 -336.8 2405.8 0 0 0 0 0 0 0 0 0
-238.3 -852.6 2495.8 0 0 0 0 0 0 0 0 0
-82.4 -839.7 2511.0 0 0 0 0 0 0 0 0 0
-155.1 437.8 2376.7 66 0.9493499994 -0.0864859000 -0.3020840883 0.1999738514 0.9078499079 0.3685363233 0.2423738092 -0.4102788866 0.8791621923
-132.0 196.1 2485.9 0.9493499994 -0.0864859000 -0.3020840883 0.1999738514 0.9078499079 0.3685363233 0.2423738092 -0.4102788866 0.8791621923
-152.1 4.2 2506.7 0.9470133781 0.1032294333 -0.3041535020 -0.0647168607 0.9888506532 0.1341124028 0.3146067560 -0.1073223799 0.9431354403
-261.4 205.0 2442.9 0.4964757860 -0.8216772079 -0.2799257338 0.2713611126 0.4532261491 -0.8490872383 0.8245452642 0.3455902934 0.4479870498
-361.8 150.1 2276.1 -0.5184865594 -0.8216772079 -0.2366818786 -0.8461909294 0.4532261491 0.2802623212 -0.1230147481 0.3455902934 -0.9302874207
-2.7 187.3 2528.9 0.1124850065 0.4122741520 0.9040890932 -0.9839837551 0.1728421450 0.0436075032 -0.1382864565 -0.8945142031 0.4251132011
27.8 -79.5 2491.4 -0.2358110547 0.4159105122 0.8783004284 -0.9230119586 0.1869087219 -0.3363242447 -0.3040427864 -0.8899907470 0.3398152292
-256.6 -182.6 2501.4 0.9977618456 -0.0253596380 -0.0618723445 0.0272886436 0.9991611838 0.0305338688 0.0610461161 -0.0321539417 0.9976168871
-246.8 -570.4 2513.8 0.9978386760 -0.0282764453 -0.0593164116 0.0246965177 0.9978782535 -0.0602415167 0.0608939752 0.0586464033 0.9964198470
-86.6 -194.0 2556.7 0.8445430398 0.0438788310 -0.5336869359 -0.0743573382 0.9965913892 -0.0357301421 0.5302999616 0.0698591843 0.8449270129
-103.6 -580.7 2529.6 0.8411278725 -0.0765433609 -0.5353923440 0.0277849995 0.9947428107 -0.0985636413 0.5401220918 0.0680287555 0.8388326764
-231.2 363.3 2307.1 0 0 0 0 0 0 0 0 0
-36.9 -332.9 2407.9 0 0 0 0 0 0 0 0 0
-238.8 -852.3 2497.3 0 0 0 0 0 0 0 0 0
-83.5 -842.1 2511.7 0 0 0 0 0 0 0 0 0
-148.4 442.9 2393.8 67 0.9482600093 -0.0627219602 -0.3112377822 0.1649649590 0.9349154234 0.3141968846 0.2712739706 -0.3492836356 0.8968898058
-131.8 195.9 2486.1 0.9482600093 -0.0627219602 -0.3112377822 0.1649649590 0.9349154234 0.3141968846 0.2712739706 -0.3492836356 0.8968898058
-151.8 3.6 2503.1 0.9433493018 0.1030513719 -0.3153925836 -0.0695218518 0.9908361435 0.1158036962 0.3244360983 -0.0873166621 0.9418689013
-260.7 205.4 2441.8 0.4982670248 -0.8232817650 -0.2719137371 0.2860140800 0.4521380365 -0.8448473811 0.8184900284 0.3431884646 0.4607556760
-362.1 147.2 2275.3 -0.5190346241 -0.8232817650 -0.2298046499 -0.8443953395 0.4521380365 0.2873459160 -0.1326632202 0.3431884646 -0.9298506379
-3.0 186.3 2530.4 0.1248381734 0.4220393002 0.8979411125 -0.9799676538 0.1939911246 0.0450647436 -0.1551735252 -0.8855790496 0.4378023744
30.5 -76.4 2488.8 -0.2478570342 0.4164073765 0.8747410178 -0.9230601192 0.1726467609 -0.3437341154 -0.2941546142 -0.8926354051 0.3415773213
-257.0 -181.9 2499.4 0.9969891906 -0.0236530509 -0.0738447532 0.0252350960 0.9994699955 0.0205648150 0.0733191967 -0.0223663785 0.9970576763
-247.8 -569.8 2508.1 0.9966350198 -0.0389130898 -0.0721419752 0.0357399173 0.9983579516 -0.0447664782 0.0737655163 0.0420374870 0.9963892102
-87.3 -193.5 2555.7 0.8389471769 0.0423159897 -0.5425652266 -0.0696639642 0.9971207976 -0.0299507417 0.5397356749 0.0629243329 0.8394795656
-103.7 -580.5 2531.3 0.8352223635 -0.0789710730 -0.5442124605 0.0231722649 0.9938100576 -0.1086492091 0.5494239330 0.0781356171 0.8318822980
-230.8 360.7 2308.8 0 0 0 0 0 0 0 0 0
-37.5 -329.9 2408.1 0 0 0 0 0 0 0 0 0
-236.9 -848.7 2496.3 0 0 0 0 0 0 0 0 0
-82.9 -841.8 2510.8 0 0 0 0 0 0 0 0 0
-153.5 442.1 2388.4 68 0.9460440874 -0.0850296393 -0.3126827478 0.1920428276 0.9243564010 0.3296737373 0.2609982789 -0.3719343841 0.8908112645
-131.0 197.5 2486.8 0.9460440874 -0.0850296393 -0.3126827478 0.1920428276 0.9243564010 0.3296737373 0.2609982789 -0.3719343841 0.8908112645
-152.5 5.3 2503.3 0.9423844218 0.1109920740 -0.3155825734 -0.0778369009 0.9902146459 0.1158292443 0.3253506124 -0.0845917016 0.9418021441
-259.7 208.1 2442.4 0.5011266470 -0.8231679797 -0.2669578493 0.2890797853 0.4500049949 -0.8449428082 0.8156622648 0.3462512791 0.4634707272
-362.6 148.8 2274.9 -0.5216092467 -0.8231679797 -0.2243172079 -0.8402430415 0.4500049949 0.3024683595 -0.1480384022 0.3462512791 -0.9263879657
-2.3 186.8 2531.3 0.1330891252 0.4236173034 0.8960109949 -0.9783474803 0.2007348984 0.0504152551 -0.1585039049 -0.8833197951 0.4411605597
33.3 -74.4 2489.0 -0.2521108687 0.4154758155 0.8739679456 -0.9223029017 0.1702065170 -0.3469684124 -0.2929120064 -0.8935377002 0.3402836323
-256.3 -182.5 2490.9 0.9966712594 -0.0307200104 -0.0755157173 0.0343079790 0.9983204007 0.0466838777 0.0739547461 -0.0491192713 0.9960511923
-244.4 -569.9 2510.0 0.9970805645 -0.0256586540 -0.0719163939 0.0215553474 0.9981263876 -0.0572631732 0.0732509419 0.0555458143 0.9957655072
-87.3 -194.9 2549.1 0.8385283351 0.0449231230 -0.5430028439 -0.0609478243 0.9980741739 -0.0115466602 0.5414384007 0.0427770466 0.8396514654
-104.7 -582.3 2532.5 0.8343720436 -0.0841371492 -0.5447423458 0.0255552866 0.9931234717 -0.1142484397 0.5506089330 0.0814046562 0.8307846189
-231.8 359.5 2312.0 0 0 0 0 0 0 0 0 0
-35.9 -327.6 2408.5 0 0 0 0 0 0 0 0 0
-237.2 -849.7 2494.4 0 0 0 0 0 0 0 0 0
-82.7 -842.4 2511.1 0 0 0 0 0 0 0 0 0
-152.8 443.0 2385.7 69 0.9472938776 -0.0807387307 -0.3100251257 0.1893514097 0.9217052460 0.3385342658 0.2584189475 -0.3793951273 0.8884137273
-131.3 197.3 2486.8 0.9472938776 -0.0807387307 -0.3100251257 0.1893514097 0.9217052460 0.3385342658 0.2584189475 -0.3793951273 0.8884137273
-152.1 5.0 2502.6 0.9435960054 0.1074130684 -0.3131916523 -0.0757893100 0.9908711910 0.1114909202 0.3223081529 -0.0814658031 0.9431228638
-260.2 207.7 2442.8 0.4958438873 -0.8252401352 -0.2704026699 0.2778454721 0.4457657337 -0.8509376049 0.8227640986 0.3468020558 0.4503194392
-362.5 150.3 2272.9 -0.5181422830 -0.8252401352 -0.2247384340 -0.8418915272 0.4457657337 0.3041571677 -0.1508220136 0.3468020558 -0.9257327318
-2.3 187.0 2530.8 0.1324898899 0.4203446805 0.8976395726 -0.9775421023 0.2051503956 0.0482159816 -0.1638837755 -0.8838685751 0.4380849600
33.0 -74.1 2487.1 -0.2431123704 0.4107562900 0.8787352443 -0.9272980690 0.1674096137 -0.3348018527 -0.2846306860 -0.8962439895 0.3401941657
-258.5 -179.9 2490.5 0.9967668653 -0.0317923166 -0.0737905949 0.0373264700 0.9964942336 0.0748730898 0.0711515099 -0.0773853585 0.9944591522
-246.2 -566.5 2520.6 0.9973432422 -0.0279616434 -0.0672651678 0.0213780235 0.9950861931 -0.0966773182 0.0696378946 0.0949824750 0.9930402040
-89.6 -193.9 2548.8 0.8405407071 0.0382979028 -0.5403929949 -0.0545275360 0.9984133244 -0.0140554681 0.5389972329 0.0412804894 0.8412953615
-104.5 -581.4 2532.8 0.8361667395 -0.0874484852 -0.5414591432 0.0280179065 0.9927291274 -0.1170633584 0.5477592349 0.0827139318 0.8325371742
-232.8 361.2 2310.7 0 0 0 0 0 0 0 0 0
-33.7 -328.7 2408.9 0 0 0 0 0 0 0 0 0
-238.2 -850.8 2493.4 0 0 0 0 0 0 0 0 0
-81.5 -842.8 2511.0 0 0 0 0 0 0 0 0 0
-152.4 441.1 2388.3 70 0.9473875761 -0.0772678256 -0.3106226623 0.1848733574 0.9242870212 0.3339391649 0.2613017261 -0.3737956882 0.8899428248
-132.1 197.6 2486.8 0.9473875761 -0.0772678256 -0.3106226623 0.1848733574 0.9242870212 0.3339391649 0.2613017261 -0.3737956882 0.8899428248
-152.4 5.1 2501.8 0.9436786175 0.1046605706 -0.3138739467 -0.0745259896 0.9915103912 0.1065506116 0.3223609328 -0.0771577656 0.9434670806
-261.0 207.8 2442.7 0.4948708713 -0.8233964443 -0.2777068317 0.2766322494 0.4522350729 -0.8479139209 0.8237581253 0.3427852392 0.4515759945
-362.5 151.0 2273.8 -0.5198221803 -0.8233964443 -0.2276030630 -0.8433822989 0.4522350729 0.2901546955 -0.1359822452 0.3427852392 -0.9295198321
-3.1 187.4 2530.8 0.1289533079 0.4214149117 0.8976528049 -0.9785908461 0.2005048990 0.0464508943 -0.1604086757 -0.8844248056 0.4382485449
31.5 -75.1 2487.8 -0.2314300984 0.4164843261 0.8791933060 -0.9267875552 0.1804086566 -0.3294200599 -0.2958123684 -0.8910631537 0.3442404866
-257.5 -180.5 2489.5 0.9964683652 -0.0398551524 -0.0739079788 0.0441514663 0.9973723292 0.0574377924 0.0714245811 -0.0604980886 0.9956096411
-242.0 -567.6 2513.0 0.9975573421 -0.0149346106 -0.0682374686 0.0101518584 0.9975019097 -0.0699064881 0.0691110268 0.0690429881 0.9952169061
-88.4 -194.1 2547.3 0.8404067159 0.0412970856 -0.5403804779 -0.0563639700 0.9983456135 -0.0113621745 0.5390172601 0.0400068387 0.8413440585
-104.4 -581.7 2531.8 0.8360495567 -0.0868572891 -0.5417351723 0.0281341225 0.9928774238 -0.1157708168 0.5479321480 0.0815488994 0.8325383663
-232.7 361.7 2307.7 0 0 0 0 0 0 0 0 0
-32.1 -329.6 2406.6 0 0 0 0 0 0 0 0 0
-237.8 -851.9 2493.3 0 0 0 0 0 0 0 0 0
-81.5 -844.0 2510.2 0 0 0 0 0 0 0 0 0
-152.5 441.5 2387.6 71 0.9513101578 -0.0672270358 -0.3008147776 0.1733964086 0.9235814810 0.3419516683 0.2548385561 -0.3774622977 0.8902693391
-134.8 198.2 2487.1 0.9513101578 -0.0672270358 -0.3008147776 0.1733964086 0.9235814810 0.3419516683 0.2548385561 -0.3774622977 0.8902693391
-153.6 5.6 2502.4 0.9476084113 0.0966690779 -0.3044558465 -0.0674701706 0.9921774268 0.1050319225 0.3122275472 -0.0789874494 0.9467179775
-264.3 207.4 2444.4 0.4772679508 -0.8262861371 -0.2991095781 0.2885054946 0.4688463807 -0.8348339200 0.8300481439 0.3121447265 0.4621534348
-362.8 147.9 2273.1 -0.5279004574 -0.8262861371 -0.1963983923 -0.8378659487 0.4688463807 0.2795776725 -0.1389304847 0.3121447265 -0.9398212433
-5.4 189.0 2529.7 0.1242999509 0.4120821953 0.9026282430 -0.9805676937 0.1901634037 0.0482164957 -0.1517776996 -0.8910814524 0.4277117848
28.3 -76.3 2488.7 -0.2175140977 0.4123172164 0.8846932650 -0.9288049340 0.1911660880 -0.3174538016 -0.3000150025 -0.8907580972 0.3413809538
-257.2 -180.7 2487.9 0.9973577261 -0.0361070782 -0.0630387589 0.0389498845 0.9982513785 0.0444651507 0.0613230206 -0.0468030125 0.9970200658
-243.2 -568.1 2506.0 0.9980856180 -0.0156829860 -0.0598258115 0.0133918142 0.9991685748 -0.0385079496 0.0603799894 0.0376330540 0.9974657893
-88.1 -194.0 2545.6 0.8460749984 0.0464520454 -0.5310360789 -0.0615305640 0.9980475307 -0.0107301930 0.5295007825 0.0417534970 0.8472812772
-106.2 -581.5 2529.4 0.8404513597 -0.0979891568 -0.5329537392 0.0409581251 0.9921882153 -0.1178345755 0.5403369069 0.0772054419 0.8378993869
-229.9 358.9 2308.1 0 0 0 0 0 0 0 0 0
-31.5 -331.3 2406.3 0 0 0 0 0 0 0 0 0
-238.8 -852.7 2495.3 0 0 0 0 0 0 0 0 0
-80.4 -842.9 2509.1 0 0 0 0 0 0 0 0 0
-153.6 438.2 2388.8 72 0.9538853765 -0.0668138564 -0.2926407158 0.1698147357 0.9240223169 0.3425575793 0.2475189716 -0.3764553964 0.8927573562
-136.2 198.1 2486.7 0.9538853765 -0.0668138564 -0.2926407158 0.1698147357 0.9240223169 0.3425575793 0.2475189716 -0.3764553964 0.8927573562
-154.3 5.5 2503.4 0.9506483674 0.0934394076 -0.2958660722 -0.0631096289 0.9918735027 0.1104722917 0.3037841618 -0.0863483101 0.9488198757
-266.1 206.7 2445.1 0.4676282108 -0.8279727101 -0.3094916046 0.2929615080 0.4755198061 -0.8294904828 0.8339648843 0.2972240448 0.4649305940
-362.7 146.1 2272.7 -0.5279647708 -0.8279727101 -0.1889825761 -0.8396555185 0.4755198061 0.2624110281 -0.1274042279 0.2972240448 -0.9462695122
-6.3 189.4 2528.2 0.1321062446 0.4036792517 0.9053126574 -0.9813081622 0.1821977347 0.0619537272 -0.1399364769 -0.8965752125 0.4202031791
28.6 -70.2 2491.1 -0.2089254409 0.4070750475 0.8891794086 -0.9304561019 0.1971141845 -0.3088648021 -0.3010010421 -0.8918721080 0.3375833035
-257.2 -180.9 2489.8 0.9980052710 -0.0343258716 -0.0529830009 0.0358212404 0.9989787936 0.0275365785 0.0519836769 -0.0293795671 0.9982156754
-243.9 -568.7 2501.2 0.9985095263 -0.0179155916 -0.0515530631 0.0172751267 0.9997683167 -0.0128423031 0.0517711975 0.0119325770 0.9985876679
-87.5 -193.0 2545.7 0.8511085510 0.0469521321 -0.5228859186 -0.0565403923 0.9983974695 -0.0023812496 0.5219361782 0.0315908790 0.8523993492
-105.7 -580.6 2533.4 0.8457275033 -0.0982998386 -0.5244827271 0.0312263276 0.9903185368 -0.1352555305 0.5327005982 0.0980116501 0.8406091928
-229.3 358.4 2304.9 0 0 0 0 0 0 0 0 0
-28.7 -325.7 2408.5 0 0 0 0 0 0 0 0 0
-238.9 -850.1 2497.8 0 0 0 0 0 0 0 0 0
-79.9 -839.9 2507.8 0 0 0 0 0 0 0 0 0
-151.1 435.9 2379.4 73 0.9562986493 -0.0537429303 -0.2874102294 0.1648163646 0.9109981656 0.3780448139 0.2415129542 -0.4088936448 0.8800440431
-137.0 197.5 2486.4 0.9562986493 -0.0537429303 -0.2874102294 0.1648163646 0.9109981656 0.3780448139 0.2415129542 -0.4088936448 0.8800440431
-154.0 4.8 2502.3 0.9523046017 0.0876598433 -0.2922869623 -0.0593689904 0.9927711487 0.1043111905 0.2993179560 -0.0819832459 0.9506248236
-267.1 205.6 2445.5 0.4648424387 -0.8276326656 -0.3145562708 0.2808354795 0.4747509956 -0.8341120481 0.8396742940 0.2993921340 0.4531130195
-363.4 147.5 2271.7 -0.5293534398 -0.8276326656 -0.1865719408 -0.8375593424 0.4747509956 0.2703808844 -0.1352008432 0.2993921340 -0.9445025921
-6.9 189.4 2527.3 0.1308317930 0.3996382058 0.9072884321 -0.9813719988 0.1820691973 0.0613177046 -0.1406843811 -0.8984097838 0.4160141945
28.1 -73.5 2489.6 -0.2131399959 0.4038653374 0.8896427155 -0.9283210039 0.2001845986 -0.3132830262 -0.3046168983 -0.8926471472 0.3322493136
-257.6 -181.4 2492.9 0.9982979298 -0.0315928981 -0.0490212776 0.0331024379 0.9989927411 0.0302933510 0.0480148457 -0.0318645164 0.9983382225
-245.4 -569.1 2505.3 0.9985411167 -0.0263966620 -0.0471042953 0.0251072049 0.9992992878 -0.0277594123 0.0478040427 0.0265362579 0.9985041618
-87.3 -192.7 2547.4 0.8536130786 0.0434831232 -0.5190894604 -0.0562136993 0.9983798862 -0.0088078761 0.5178655386 0.0366984606 0.8546745181
-104.2 -580.3 2533.1 0.8490919471 -0.0902307779 -0.5204817057 0.0242459569 0.9909221530 -0.1322325617 0.5276883245 0.0996580273 0.8435717821
-230.8 357.3 2305.5 0 0 0 0 0 0 0 0 0
-30.4 -328.4 2405.9 0 0 0 0 0 0 0 0 0
-238.0 -847.1 2497.9 0 0 0 0 0 0 0 0 0
-80.4 -841.3 2506.9 0 0 0 0 0 0 0 0 0
-152.4 438.9 2381.2 74 0.9561957121 -0.0586787313 -0.2867866158 0.1647738516 0.9176468253 0.3616266847 0.2419490367 -0.3930408061 0.8871186972
-136.8 195.7 2485.4 0.9561957121 -0.0586787313 -0.2867866158 0.1647738516 0.9176468253 0.3616266847 0.2419490367 -0.3930408061 0.8871186972
-153.0 2.8 2499.6 0.9533130527 0.0833978727 -0.2902395129 -0.0581324510 0.9938143492 0.0946238264 0.2963356078 -0.0733337924 0.9522643089
-267.1 203.6 2444.9 0.4614026248 -0.8322795630 -0.3072757423 0.2772059739 0.4642502069 -0.8412066102 0.8427718878 0.3029562831 0.4449191093
-363.0 146.0 2269.7 -0.5239042044 -0.8322795630 -0.1812046468 -0.8373488784 0.4642502069 0.2886496484 -0.1561128944 0.3029562831 -0.9401310086
-6.6 187.8 2525.9 0.1426641345 0.3980644941 0.9061962366 -0.9806202054 0.1810574532 0.0748477951 -0.1342793256 -0.8993124366 0.4161804914
