-234.9 493.8 2294.8 33 0.9646114707 0.2092937380 -0.1603772938 -0.1557993889 0.9431161880 0.2936977446 0.2127235234 -0.2583175302 0.9423485398
-289.0 250.0 2361.6 0.9646114707 0.2092937380 -0.1603772938 -0.1557993889 0.9431161880 0.2936977446 0.2127235234 -0.2583175302 0.9423485398
-270.3 57.9 2394.6 0.9810135365 -0.0954455212 -0.1688270271 0.1214173660 0.9810663462 0.1508863419 0.1512290835 -0.1685200781 0.9740281105
-428.7 232.7 2340.1 0.2415362298 -0.3526138365 -0.9040595889 0.9703910351 0.0865786001 0.2254893035 -0.0012384327 -0.9317551255 0.3630851507
-489.0 -9.2 2340.4 -0.4416682720 -0.3526138365 -0.8249803782 0.8624272943 0.0865786001 -0.4987216890 0.2472818047 -0.9317551255 0.2658647597
-149.2 267.3 2383.1 0.5001099706 0.8362122774 0.2250312567 -0.1717281044 0.3504709899 -0.9206951261 -0.8487634659 0.4218046367 0.3188751936
-44.4 231.4 2205.4 -0.4203146696 0.8362122774 0.3522565067 0.9036246538 0.3504709899 0.2462369204 0.0824506432 0.4218046367 -0.9029300809
-340.6 -143.2 2420.3 0.9652264714 0.2326962054 -0.1191234067 -0.2395721227 0.9697458148 -0.0468857102 0.1046092957 0.0737939775 0.9917718172
-431.7 -522.9 2391.4 0.9831782579 0.0330395848 -0.1796355397 -0.0896698534 0.9441336989 -0.3171291351 0.1591221541 0.3279023468 0.9312143922
-163.3 -119.2 2445.8 -0.7854180336 0.0017783273 0.6189631224 -0.0261928719 0.9990046024 -0.0361070149 -0.6184112430 -0.0445715226 -0.7845896482
-164.0 -510.3 2463.3 -0.7995478511 -0.0654156134 0.5970293283 0.0936933607 0.9682958722 0.2315698713 -0.5932493210 0.2410888821 -0.7680699229
-370.7 -240.2 2274.1 0 0 0 0 0 0 0 0 0
-154.1 467.0 2226.9 0 0 0 0 0 0 0 0 0
-440.3 -768.0 2306.2 0 0 0 0 0 0 0 0 0
-147.0 -761.3 2400.8 0 0 0 0 0 0 0 0 0
-234.4 492.0 2295.5 34 0.9632042646 0.2255317569 -0.1461951286 -0.1757655889 0.9400689006 0.2921932638 0.2033323646 -0.2557457089 0.9451190829
-291.9 252.3 2360.8 0.9632042646 0.2255317569 -0.1461951286 -0.1757655889 0.9400689006 0.2921932638 0.2033323646 -0.2557457089 0.9451190829
-272.4 60.6 2395.9 0.9829196334 -0.0997129977 -0.1546813548 0.1249032244 0.9787255526 0.1627744734 0.1351598650 -0.1793144196 0.9744629860
-432.0 234.5 2341.5 0.2441294491 -0.3781641722 -0.8929684758 0.9696784019 0.0845975801 0.2292749286 -0.0111605953 -0.9218650460 0.3873504102
-492.0 -4.0 2344.3 -0.4577345848 -0.3781641722 -0.8046557903 0.8484797478 0.0845975801 -0.5224225521 0.2656334341 -0.9218650460 0.2821414173
-151.9 270.1 2380.0 0.5184112191 0.8308570981 0.2023022920 -0.1801664680 0.3373870254 -0.9239643216 -0.8359364867 0.4425453842 0.3245978355
-43.7 232.5 2205.6 -0.4167398512 0.8308570981 0.3687876463 0.9042533636 0.3373870254 0.2617170215 0.0930252895 0.4425453842 -0.8919079900
-340.3 -145.1 2413.9 0.9668737650 0.2325850427 -0.1051631123 -0.2376211286 0.9706131220 -0.0380318575 0.0932270512 0.0617609806 0.9937275052
-431.4 -525.2 2389.7 0.9852296710 0.0314559750 -0.1683242619 -0.0846354961 0.9439755678 -0.3189779520 0.1488602161 0.3285127580 0.9326950312
-163.0 -123.1 2441.2 -0.7944192290 0.0050460151 0.6073488593 -0.0317205153 0.9982561469 -0.0497845709 -0.6065409184 -0.0588152371 -0.7928737998
-165.0 -514.0 2464.2 -0.8095660806 -0.0669913292 0.5831937194 0.0922638252 0.9665991068 0.2391099334 -0.5797328353 0.2473829836 -0.7763449550
-369.4 -231.3 2273.1 0 0 0 0 0 0 0 0 0
-151.7 466.9 2229.7 0 0 0 0 0 0 0 0 0
-439.5 -768.5 2305.1 0 0 0 0 0 0 0 0 0
-148.0 -759.3 2401.5 0 0 0 0 0 0 0 0 0
-238.2 507.4 2309.9 35 0.9667091966 0.2015720308 -0.1576134115 -0.1684500873 0.9650052190 0.2009715289 0.1926079988 -0.1677310318 0.9668342471
-294.4 238.3 2356.7 0.9667091966 0.2015720308 -0.1576134115 -0.1684500873 0.9650052190 0.2009715289 0.1926079988 -0.1677310318 0.9668342471
-268.9 47.1 2390.2 0.9785533547 -0.1303581148 -0.1594996154 0.1544748098 0.9766134620 0.1495447904 0.1362750977 -0.1709762365 0.9758054018
-433.8 216.3 2337.3 0.2467685789 -0.3872551322 -0.8883348107 0.9687650800 0.0754188821 0.2362334728 -0.0244854037 -0.9188827276 0.3937702477
-490.3 -5.6 2342.9 -0.4721518159 -0.3872551322 -0.7919003367 0.8398183584 0.0754188821 -0.5376031399 0.2679138184 -0.9188827276 0.2896147966
-155.0 260.3 2376.1 0.5437792540 0.8151704669 0.1995024681 -0.1415221244 0.3233876526 -0.9356238246 -0.8272095323 0.4805388153 0.2912161350
-41.2 230.7 2203.0 -0.4206752181 0.8151704669 0.3981575966 0.9008331299 0.3233876526 0.2896896303 0.1073871776 0.4805388153 -0.8703737259
-341.7 -142.3 2418.8 0.9675942063 0.2313264310 -0.1012400687 -0.2361718416 0.9709419608 -0.0386602916 0.0893550813 0.0613175295 0.9941105843
-432.3 -522.6 2394.8 0.9857020378 0.0267209616 -0.1663654447 -0.0811985359 0.9404679537 -0.3300406337 0.1476423591 0.3388303518 0.9291908741
-164.1 -119.7 2443.2 -0.7931932807 0.0062403185 0.6089379787 -0.0484067164 0.9961372614 -0.0732621327 -0.6070430279 -0.0875877216 -0.7898272872
-166.5 -509.7 2477.5 -0.8157156110 -0.0726454854 0.5738733411 0.1077311859 0.9556466937 0.2741047740 -0.5683326721 0.2854156196 -0.7717097402
-363.8 -230.6 2271.1 0 0 0 0 0 0 0 0 0
-147.4 457.9 2230.1 0 0 0 0 0 0 0 0 0
-439.3 -768.0 2306.3 0 0 0 0 0 0 0 0 0
-147.4 -760.9 2402.5 0 0 0 0 0 0 0 0 0
-239.7 509.0 2305.1 36 0.9690998793 0.1974517703 -0.1478454620 -0.1644991040 0.9639535546 0.2091256827 0.1838084012 -0.1783432215 0.9666479230
-295.7 235.5 2355.7 0.9690998793 0.1974517703 -0.1478454620 -0.1644991040 0.9639535546 0.2091256827 0.1838084012 -0.1783432215 0.9666479230
-271.0 45.2 2394.1 0.9807547927 -0.1261397749 -0.1490263194 0.1519693732 0.9723962545 0.1770616472 0.1225781143 -0.1963014901 0.9728516340
-435.4 213.9 2338.2 0.1902542710 -0.3057979941 -0.9328938127 0.9812560678 0.0889062211 0.1709742397 0.0306564867 -0.9479362965 0.3169809282
-481.4 -23.0 2330.8 -0.4746534824 -0.3057979941 -0.8253433704 0.8488460183 0.0889062211 -0.5211104751 0.2327326983 -0.9479362965 0.2173757553
-156.0 257.2 2373.2 0.5595676303 0.8025069833 0.2070424855 -0.1240282506 0.3280860484 -0.9364702702 -0.8194516897 0.4983393550 0.2831198573
-42.6 232.0 2207.1 -0.4164836705 0.8025069833 0.4272281528 0.9061150551 0.3280860484 0.2670488656 0.0741409883 0.4983393550 -0.8638061285
-331.8 -158.0 2411.3 0.9616345763 0.2570205331 -0.0959132165 -0.2606571615 0.9650447369 -0.0273227356 0.0855380371 0.0512749553 0.9950146079
-432.4 -535.8 2391.2 0.9844200611 0.0271952879 -0.1737168133 -0.0854142904 0.9375299215 -0.3372566104 0.1536929160 0.3468400836 0.9252461791
-154.9 -130.1 2436.0 -0.7988358140 0.0256706458 0.6010010839 -0.0306759607 0.9960507154 -0.0833181888 -0.6007664204 -0.0849938393 -0.7948935628
-165.0 -520.1 2469.2 -0.8155742884 -0.0752333701 0.5737408400 0.0952023268 0.9605551362 0.2612858713 -0.5707671046 0.2677194774 -0.7762416601
-354.2 -250.4 2268.5 0 0 0 0 0 0 0 0 0
-148.4 462.2 2226.0 0 0 0 0 0 0 0 0 0
-439.2 -768.9 2305.0 0 0 0 0 0 0 0 0 0
-146.0 -763.1 2401.5 0 0 0 0 0 0 0 0 0
-239.2 507.8 2308.7 37 0.9697781801 0.1959479600 -0.1453775316 -0.1664254367 0.9669551849 0.1931325793 0.1784174889 -0.1631012410 0.9703428149
-294.9 233.2 2355.0 0.9697781801 0.1959479600 -0.1453775316 -0.1664254367 0.9669551849 0.1931325793 0.1784174889 -0.1631012410 0.9703428149
-272.9 43.2 2396.3 0.9830185175 -0.1120270640 -0.1453427672 0.1393392384 0.9710682631 0.1939355284 0.1194117144 -0.2108941674 0.9701878428
-434.9 213.4 2338.0 0.1804244369 -0.2766655982 -0.9438766837 0.9828277826 0.0884542018 0.1619426757 0.0386858918 -0.9568865895 0.2878739238
-479.1 -27.2 2328.5 -0.4712946117 -0.2766655982 -0.8374589682 0.8552865982 0.0884542018 -0.5105494261 0.2153282315 -0.9568865895 0.1949403882
-154.8 253.1 2372.0 0.5509868860 0.8084726334 0.2068463862 -0.1035297289 0.3121720254 -0.9443676472 -0.8280670643 0.4989193976 0.2557036579
-43.2 232.1 2204.4 -0.4084426761 0.8084726334 0.4237293303 0.9079562426 0.3121720254 0.2795783281 0.0937549844 0.4989193976 -0.8615621924
-334.9 -158.8 2421.5 0.9609997869 0.2573971748 -0.1011240855 -0.2617643476 0.9645889401 -0.0323662460 0.0892121941 0.0575746372 0.9943472147
-435.7 -536.6 2398.9 0.9825929403 0.0168934874 -0.1850020736 -0.0853377655 0.9256116748 -0.3687281609 0.1650109738 0.3780973554 0.9109411240
-157.6 -131.4 2443.6 -0.7998178601 0.0166157763 0.6000127792 -0.0266649500 0.9976463914 -0.0631716102 -0.5996502042 -0.0665250942 -0.7974923253
-164.1 -522.0 2469.7 -0.8164018989 -0.0694333464 0.5732948184 0.1023970395 0.9596093297 0.2620397508 -0.5683333278 0.2726334333 -0.7763171196
-352.8 -256.4 2270.8 0 0 0 0 0 0 0 0 0
-147.4 463.7 2228.3 0 0 0 0 0 0 0 0 0
-439.9 -768.0 2304.4 0 0 0 0 0 0 0 0 0
-146.8 -761.3 2401.7 0 0 0 0 0 0 0 0 0
-240.8 513.2 2309.5 38 0.9739379287 0.1698910594 -0.1502728164 -0.1394774020 0.9710626602 0.1938643306 0.1788601428 -0.1678521782 0.9694507122
-288.8 238.4 2357.0 0.9739379287 0.1698910594 -0.1502728164 -0.1394774020 0.9710626602 0.1938643306 0.1788601428 -0.1678521782 0.9694507122
-275.0 47.9 2399.1 0.9861853719 -0.0706749707 -0.1498114765 0.1006265283 0.9740135670 0.2029085308 0.1315778643 -0.2151804268 0.9676697254
-429.2 224.1 2338.2 0.1768950224 -0.2142301202 -0.9606319070 0.9825149775 0.0960250348 0.1595101655 0.0580728278 -0.9720517993 0.2274706662
-475.0 -30.3 2323.2 -0.4591023624 -0.2142301202 -0.8621661663 0.8684844375 0.0960250348 -0.4863270521 0.1869754344 -0.9720517993 0.1419702023
-148.4 252.8 2375.7 0.5240299106 0.8267412782 0.2046742588 -0.0987580493 0.2976743877 -0.9495455623 -0.8459547758 0.4773770571 0.2376376390
-43.2 232.9 2205.8 -0.3959843218 0.8267412782 0.3996189535 0.9106526375 0.2976743877 0.2865340710 0.1179332212 0.4773770571 -0.8707484603
-339.8 -159.5 2426.8 0.9625872970 0.2447999120 -0.1161838174 -0.2496893406 0.9678809047 -0.0293554123 0.1052659005 0.0572670102 0.9927937984
-435.7 -538.6 2404.4 0.9798853397 0.0136615103 -0.1990930885 -0.0916549638 0.9170154333 -0.3881779313 0.1772683263 0.3986177444 0.8998221159
-162.1 -134.4 2448.4 -0.7935250998 0.0018752448 0.6085346341 -0.0289884396 0.9987435341 -0.0408784337 -0.6078466773 -0.0500785336 -0.7924736738
-162.8 -525.4 2468.0 -0.8105992079 -0.0649435967 0.5819890499 0.1065768823 0.9608731866 0.2556640506 -0.5758214593 0.2692676783 -0.7719615102
-352.0 -263.0 2273.1 0 0 0 0 0 0 0 0 0
-144.3 465.6 2236.0 0 0 0 0 0 0 0 0 0
-439.1 -770.9 2303.4 0 0 0 0 0 0 0 0 0
-146.9 -761.0 2402.0 0 0 0 0 0 0 0 0 0
-242.2 513.5 2309.4 39 0.9779741764 0.1519748718 -0.1430737972 -0.1222878844 0.9726849794 0.1973057687 0.1691512465 -0.1754637510 0.9698455334
-284.6 242.3 2358.3 0.9779741764 0.1519748718 -0.1430737972 -0.1222878844 0.9726849794 0.1973057687 0.1691512465 -0.1754637510 0.9698455334
-271.9 50.6 2395.3 0.9874749780 -0.0646747947 -0.1439107955 0.0901973471 0.9797813296 0.1785861105 0.1294510961 -0.1893296987 0.9733430147
-425.3 229.5 2339.9 0.2219135910 -0.2583830953 -0.9402087927 0.9744392037 0.0933448225 0.2043403387 0.0349655338 -0.9615221620 0.2724930942
-481.5 -17.5 2331.0 -0.4408975542 -0.2583830953 -0.8595623970 0.8742188811 0.0933448225 -0.4764746428 0.2033486962 -0.9615221620 0.1847278774
-143.9 255.2 2376.7 0.5062927604 0.8350698948 0.2152345926 -0.1086296290 0.3093573451 -0.9447209239 -0.8554924130 0.4549244940 0.2473387122
-43.2 233.6 2206.6 -0.4035231471 0.8350698948 0.3739349544 0.9064887762 0.3093573451 0.2873606086 0.1242866665 0.4549244940 -0.8818143606
-350.2 -151.8 2429.2 0.9707370996 0.2125619799 -0.1117445976 -0.2195281535 0.9741044044 -0.0541106313 0.0973490477 0.0770582855 0.9922626615
-433.4 -533.0 2399.1 0.9844732285 0.0251122452 -0.1737293601 -0.0875730589 0.9280132651 -0.3621082604 0.1521297991 0.3716998696 0.9158033133
-172.1 -133.6 2453.1 -0.7962038517 -0.0244274028 0.6045351028 -0.0445255898 0.9988409281 -0.0182824079 -0.6033878326 -0.0414738059 -0.7963686585
-162.5 -524.6 2469.3 -0.8162473440 -0.0630226582 0.5742546916 0.1076660976 0.9600205421 0.2583961785 -0.5675811172 0.2727429271 -0.7768287659
-363.4 -251.7 2276.5 0 0 0 0 0 0 0 0 0
-146.4 465.5 2238.4 0 0 0 0 0 0 0 0 0
-439.9 -773.6 2302.7 0 0 0 0 0 0 0 0 0
-147.0 -761.7 2401.9 0 0 0 0 0 0 0 0 0
-241.7 508.7 2309.3 40 0.9750029445 0.1735201329 -0.1387805343 -0.1455732882 0.9707347155 0.1910040379 0.1678621322 -0.1660267562 0.9717290998
-289.8 239.5 2355.4 0.9750029445 0.1735201329 -0.1387805343 -0.1455732882 0.9707347155 0.1910040379 0.1678621322 -0.1660267562 0.9717290998
-273.7 50.2 2401.7 0.9871124029 -0.0823563710 -0.1372096688 0.1119586974 0.9680417180 0.2244114429 0.1143429726 -0.2368811369 0.9647865295
-430.5 223.6 2339.2 0.2430378199 -0.3417335749 -0.9078274965 0.9700158834 0.0843151212 0.2279477417 -0.0013538086 -0.9360070229 0.3519787490
-488.2 -7.0 2339.5 -0.4500955939 -0.3417335749 -0.8250043392 0.8596302867 0.0843151212 -0.5039114356 0.2417637855 -0.9360070229 0.2558146715
-149.2 255.4 2371.6 0.5416410565 0.8177007437 0.1949114352 -0.0991614535 0.2924028337 -0.9511401653 -0.8347406387 0.4958488643 0.2394617796
-43.9 236.1 2209.2 -0.4041317403 0.8177007437 0.4099305570 0.9050148129 0.2924028337 0.3089479208 0.1327620894 0.4958488643 -0.8582004905
-348.5 -149.3 2420.7 0.9709725380 0.2137090713 -0.1074280664 -0.2186692655 0.9751125574 -0.0365961790 0.0969335213 0.0590251014 0.9935390949
-432.2 -531.0 2397.6 0.9845638275 0.0318913944 -0.1720959544 -0.0925449654 0.9294249415 -0.3572179973 0.1485580802 0.3676305413 0.9180295467
-170.1 -133.0 2444.1 -0.8024169207 -0.0175726451 0.5965051055 -0.0478045084 0.9982468486 -0.0348987915 -0.5948460698 -0.0565190129 -0.8018501997
-163.2 -523.8 2466.2 -0.8211736083 -0.0621139854 0.5672881007 0.0986376330 0.9636494517 0.2482948750 -0.5620894432 0.2598491311 -0.7851967216
-367.7 -237.3 2274.7 0 0 0 0 0 0 0 0 0
-147.3 467.7 2243.2 0 0 0 0 0 0 0 0 0
-440.4 -770.9 2302.7 0 0 0 0 0 0 0 0 0
-147.9 -761.2 2402.2 0 0 0 0 0 0 0 0 0
-239.3 503.5 2302.8 41 0.9733597040 0.1927671582 -0.1241438165 -0.1633122563 0.9629215002 0.2147354484 0.1609347016 -0.1887406260 0.9687502384
-292.3 239.1 2354.6 0.9733597040 0.1927671582 -0.1241438165 -0.1633122563 0.9629215002 0.2147354484 0.1609347016 -0.1887406260 0.9687502384
-274.5 49.2 2398.3 0.9880719185 -0.0908721313 -0.1243226007 0.1158499867 0.9705219865 0.2113430947 0.1014526188 -0.2232249528 0.9694730639
-433.0 222.6 2340.2 0.2097381949 -0.3151284754 -0.9255830050 0.9774750471 0.0903339982 0.1907414347 0.0235035587 -0.9447400570 0.3269767165
-483.8 -14.1 2334.5 -0.4791611433 -0.3151284754 -0.8192061186 0.8441231251 0.0903339982 -0.5284845829 0.2405427098 -0.9447400570 0.2227226794
-151.5 255.6 2369.0 0.5618297458 0.8061259389 0.1857641190 -0.0945589095 0.2856633365 -0.9536535144 -0.8218308687 0.5182253122 0.2367205471
-43.7 237.5 2211.4 -0.4059895873 0.8061259389 0.4305036962 0.9041253924 0.2856633365 0.3177321851 0.1331530362 0.5182253122 -0.8448152542
-346.7 -149.1 2437.7 0.9702091217 0.2207511365 -0.0998159721 -0.2291068584 0.9699609876 -0.0817661881 0.0787676200 0.1021988168 0.9916405678
-433.1 -528.6 2397.7 0.9870292544 0.0286826231 -0.1579572707 -0.0833759829 0.9323987961 -0.3516830206 0.1371919811 0.3602912724 0.9226963520
-168.4 -129.0 2458.3 -0.8111453652 -0.0156829339 0.5846343040 -0.0235170834 0.9997065663 -0.0058112242 -0.5843715668 -0.0184626412 -0.8112761378
-162.2 -520.2 2465.5 -0.8244546652 -0.0552817285 0.5632214546 0.0976344645 0.9664010406 0.2377741635 -0.5574423671 0.2510238588 -0.7913564444
-355.5 -240.2 2270.1 0 0 0 0 0 0 0 0 0
-147.7 469.0 2245.5 0 0 0 0 0 0 0 0 0
-440.5 -769.3 2304.7 0 0 0 0 0 0 0 0 0
-148.5 -759.4 2403.4 0 0 0 0 0 0 0 0 0
-237.0 497.9 2305.0 42 0.9707343578 0.2069386542 -0.1218654364 -0.1787289679 0.9614549875 0.2089504302 0.1604080498 -0.1810544729 0.9703032970
-293.0 238.0 2354.0 0.9707343578 0.2069386542 -0.1218654364 -0.1787289679 0.9614549875 0.2089504302 0.1604080498 -0.1810544729 0.9703032970
-274.9 47.6 2395.3 0.9881816506 -0.0922384337 -0.1224301904 0.1155363321 0.9730780125 0.1994253695 0.1007394418 -0.2112136185 0.9722347260
-433.8 221.6 2339.6 0.1979746073 -0.3011182845 -0.9328096509 0.9797927737 0.0884600431 0.1793904603 0.0284986291 -0.9494749308 0.3125463724
-482.0 -17.3 2332.7 -0.4759074450 -0.3011182845 -0.8263412714 0.8488837481 0.0884600431 -0.5211249590 0.2300184369 -0.9494749308 0.2135156393
-152.1 254.5 2368.3 0.5651375651 0.8061629534 0.1752735227 -0.0985902175 0.2769254148 -0.9558202028 -0.8190845251 0.5228896737 0.2359807342
-43.7 235.6 2211.2 -0.3957411945 0.8061629534 0.4398751855 0.9093203545 0.2769254148 0.3105620146 0.1285509914 0.5228896737 -0.8426511884
-346.0 -151.1 2432.8 0.9706144333 0.2208920419 -0.0954689682 -0.2290070504 0.9697498679 -0.0845040157 0.0739147514 0.1038838848 0.9918390512
-432.4 -530.8 2392.1 0.9883415103 0.0310233347 -0.1490591168 -0.0794387981 0.9402722716 -0.3310249150 0.1298866570 0.3390067518 0.9317745566
-167.4 -130.2 2451.1 -0.8121659160 -0.0086966353 0.5833617449 -0.0339485407 0.9988991618 -0.0323723406 -0.5824380517 -0.0460959934 -0.8115670681
-164.0 -521.2 2469.1 -0.8289183378 -0.0655352771 0.5555173755 0.0983506292 0.9605668187 0.2600740492 -0.5506556034 0.2702156305 -0.7897859812
-354.5 -244.8 2271.0 0 0 0 0 0 0 0 0 0
-145.1 468.4 2244.1 0 0 0 0 0 0 0 0 0
-440.3 -769.3 2306.1 0 0 0 0 0 0 0 0 0
-147.8 -757.9 2402.5 0 0 0 0 0 0 0 0 0
-236.0 492.6 2308.2 43 0.9701804519 0.2123525143 -0.1168603152 -0.1861199141 0.9615258574 0.2020578384 0.1552717090 -0.1742825210 0.9723766446
-292.4 237.5 2354.4 0.9701804519 0.2123525143 -0.1168603152 -0.1861199141 0.9615258574 0.2020578384 0.1552717090 -0.1742825210 0.9723766446
-274.8 47.2 2397.3 0.9891350269 -0.0897131935 -0.1164619625 0.1126479208 0.9715483785 0.2083367258 0.0944578797 -0.2191923559 0.9710985422
-433.4 221.4 2341.0 0.1823439300 -0.2750423253 -0.9439821839 0.9822822809 0.0932081342 0.1625846624 0.0432691574 -0.9569033384 0.2871651351
-478.6 -22.3 2330.2 -0.4646850526 -0.2750423253 -0.8416765928 0.8584290743 0.0932081342 -0.5043924451 0.2171803713 -0.9569033384 0.1927918941
-151.4 253.5 2367.9 0.5670779347 0.8007313013 0.1930077523 -0.0880547836 0.2919215262 -0.9523802996 -0.8189437985 0.5230785608 0.2360504717
-43.8 236.8 2212.4 -0.4006070495 0.8007313013 0.4453575313 0.9101796150 0.2919215262 0.2938620448 0.1052950919 0.5230785608 -0.8457551599
-346.2 -153.4 2427.5 0.9714154601 0.2193523794 -0.0907556415 -0.2264316827 0.9709953666 -0.0767896846 0.0712793097 0.0951446369 0.9929082394
-432.0 -533.6 2390.3 0.9889304638 0.0326116905 -0.1447517276 -0.0789220110 0.9417142272 -0.3270253539 0.1256499141 0.3348294497 0.9338636398
-167.5 -132.5 2445.7 -0.8153293729 -0.0150304344 0.5788022876 -0.0429903492 0.9984751344 -0.0346297510 -0.5773991942 -0.0531175658 -0.8147322536
-161.6 -523.4 2466.5 -0.8332220912 -0.0598790646 0.5496866703 0.0996504873 0.9615802169 0.2557993531 -0.5438848734 0.2679142356 -0.7952428460
-354.0 -252.4 2272.0 0 0 0 0 0 0 0 0 0
-146.4 469.8 2239.4 0 0 0 0 0 0 0 0 0
-440.2 -769.8 2306.3 0 0 0 0 0 0 0 0 0
-146.9 -759.9 2400.7 0 0 0 0 0 0 0 0 0
-237.2 499.4 2303.2 44 0.9784316421 0.1721305549 -0.1142043024 -0.1436017156 0.9641932845 0.2229571193 0.1484927535 -0.2017483711 0.9681154490
-283.1 242.6 2356.9 0.9784316421 0.1721305549 -0.1142043024 -0.1436017156 0.9641932845 0.2229571193 0.1484927535 -0.2017483711 0.9681154490
-268.5 52.0 2399.1 0.9905849695 -0.0742029771 -0.1150451750 0.0968977287 0.9736754894 0.2063172758 0.0967073143 -0.2155224085 0.9716984034
-424.2 228.8 2343.2 0.1983120739 -0.2094519287 -0.9574978948 0.9777684212 0.1101779118 0.1784090698 0.0681269914 -0.9715918303 0.2266450822
-476.0 -26.2 2325.4 -0.4557232559 -0.2094519287 -0.8651278615 0.8681189418 0.1101779118 -0.4839735031 0.1966871619 -0.9715918303 0.1316185445
-141.9 256.4 2370.7 0.5268066525 0.8224961758 0.2144171894 -0.1016372740 0.3114058673 -0.9448260665 -0.8438866138 0.4759478867 0.2476469427
-43.6 237.4 2213.2 -0.3989455700 0.8224961758 0.4053916931 0.9122946262 0.3114058673 0.2659792006 0.0925255492 0.4759478867 -0.8745928407
-346.7 -153.2 2431.7 0.9712833166 0.2185820043 -0.0939716622 -0.2262065560 0.9707930088 -0.0799472928 0.0737519935 0.0989084765 0.9923596978
-432.3 -533.4 2393.0 0.9884099364 0.0292129479 -0.1489711255 -0.0784504861 0.9384132624 -0.3364908695 0.1299665868 0.3442777693 0.9298287630
-167.8 -132.8 2448.8 -0.8147035241 -0.0196134467 0.5795459151 -0.0389840789 0.9990192652 -0.0209927373 -0.5785658360 -0.0396959223 -0.8146691322
-160.2 -524.0 2464.3 -0.8315703273 -0.0536461323 0.5528226495 0.1034034491 0.9629704356 0.2489892393 -0.5457091928 0.2642158270 -0.7952304482
-353.8 -258.9 2272.7 0 0 0 0 0 0 0 0 0
-145.7 471.0 2236.9 0 0 0 0 0 0 0 0 0
-439.6 -770.7 2305.9 0 0 0 0 0 0 0 0 0
-147.1 -758.8 2399.9 0 0 0 0 0 0 0 0 0
-236.5 499.6 2305.2 45 0.9719241261 0.1870921105 -0.1426885426 -0.1550987661 0.9654451609 0.2094278187 0.1769402623 -0.1814171374 0.9673572183
-287.1 238.5 2354.3 0.9719241261 0.1870921105 -0.1426885426 -0.1550987661 0.9654451609 0.2094278187 0.1769402623 -0.1814171374 0.9673572183
-268.4 49.4 2401.5 0.9852227569 -0.0959051400 -0.1419094056 0.1265653521 0.9658865929 0.2259298712 0.1154005602 -0.2405520678 0.9637517333
-427.4 220.4 2337.9 0.2220023423 -0.3059403598 -0.9258053303 0.9749192595 0.0849643201 0.2057023793 0.0157277659 -0.9482518435 0.3171294332
-480.6 -13.0 2334.2 -0.4423097968 -0.3059403598 -0.8430673480 0.8693097234 0.0849643201 -0.4869103730 0.2205961645 -0.9482518435 0.2283763587
-146.8 256.5 2370.7 0.5577770472 0.7986384630 0.2259677649 -0.0883181691 0.3278178871 -0.9406037331 -0.8252785802 0.5046901107 0.2533835769
-39.9 239.6 2212.6 -0.4332355857 0.7986384630 0.4177123308 0.8952531815 0.3278178871 0.3017568588 0.1040610597 0.5046901107 -0.8570059538
-343.5 -147.5 2432.6 0.9666802287 0.2302156985 -0.1119375676 -0.2370274961 0.9701240063 -0.0517432690 0.0966812074 0.0765514821 0.9923671484
-433.7 -527.3 2402.6 0.9832552075 0.0228758454 -0.1807922870 -0.0886359587 0.9268663526 -0.3647772670 0.1592256874 0.3746938705 0.9133737683
-164.5 -129.9 2450.1 -0.8018108606 -0.0051113721 0.5975560546 -0.0218944997 0.9995433092 -0.0208285227 -0.5971766710 -0.0297837257 -0.8015565872
-162.5 -521.4 2461.7 -0.8153497577 -0.0628685057 0.5755452514 0.0953291878 0.9659413099 0.2405612916 -0.5710666776 0.2510078549 -0.7815867662
-362.0 -245.9 2275.0 0 0 0 0 0 0 0 0 0
-150.8 468.7 2239.2 0 0 0 0 0 0 0 0 0
-439.7 -769.8 2304.6 0 0 0 0 0 0 0 0 0
-147.1 -758.2 2400.2 0 0 0 0 0 0 0 0 0
-234.3 495.5 2306.8 46 0.9681168199 0.1965640038 -0.1552817225 -0.1630515754 0.9650686383 0.2050774395 0.1901683509 -0.1732199937 0.9663492441
-287.4 234.5 2353.6 0.9681168199 0.1965640038 -0.1552817225 -0.1630515754 0.9650686383 0.2050774395 0.1901683509 -0.1732199937 0.9663492441
-270.6 45.3 2401.3 0.9843147397 -0.0861821845 -0.1539386511 0.1203311160 0.9660611749 0.2285744250 0.1290151030 -0.2435127795 0.9612786174
-427.7 217.3 2335.3 0.2086402327 -0.2774932683 -0.9377988577 0.9776670337 0.0839149207 0.1926797479 0.0252279863 -0.9570558071 0.2888040245
-478.3 -19.8 2329.1 -0.4548806548 -0.2774932683 -0.8462157249 0.8659648895 0.0839149207 -0.4930143356 0.2078182846 -0.9570558071 0.2021281421
-147.2 251.6 2372.0 0.5677581429 0.7818625569 0.2575686872 -0.0547061376 0.3480335474 -0.9358845353 -0.8213756680 0.5172654986 0.2403715551
-36.7 241.0 2212.0 -0.4667886794 0.7818625569 0.4132786393 0.8767755628 0.3480335474 0.3318693340 0.1156413853 0.5172654986 -0.8479761481
-338.7 -151.1 2438.2 0.9615131617 0.2413860559 -0.1312449127 -0.2518423498 0.9652532339 -0.0697249845 0.1098539457 0.1000945121 0.9888949394
-433.2 -529.0 2399.0 0.9801793694 0.0274317563 -0.1962038130 -0.0960339010 0.9320203662 -0.3494503498 0.1732799113 0.3613662422 0.9161815047
-160.7 -128.2 2459.0 -0.7934325933 0.0052717696 0.6086353064 -0.0056307013 0.9998561144 -0.0160007030 -0.6086320877 -0.0161225218 -0.7932887077
-162.8 -519.7 2465.3 -0.8059355021 -0.0658200830 0.5883329511 0.1032434925 0.9629436135 0.2491593063 -0.5829311609 0.2615478933 -0.7692749500
-356.3 -251.9 2273.4 0 0 0 0 0 0 0 0 0
-156.1 465.3 2241.6 0 0 0 0 0 0 0 0 0
-440.3 -771.6 2304.9 0 0 0 0 0 0 0 0 0
-146.5 -758.0 2400.6 0 0 0 0 0 0 0 0 0
-233.5 491.1 2314.0 47 0.9679641724 0.1890819967 -0.1652071178 -0.1569170952 0.9691903591 0.1898606420 0.1960163862 -0.1578544825 0.9678117037
-283.3 236.1 2355.5 0.9679641724 0.1890819967 -0.1652071178 -0.1569170952 0.9691903591 0.1898606420 0.1960163862 -0.1578544825 0.9678117037
-268.2 46.0 2400.1 0.9834915400 -0.0767270774 -0.1638820022 0.1111835837 0.9707623720 0.2127406299 0.1427675188 -0.2274496108 0.9632674456
-423.4 220.3 2335.2 0.2386230379 -0.3072474003 -0.9212263823 0.9711022377 0.0798080489 0.2249246687 0.0044137640 -0.9482772350 0.3174126744
-482.3 -19.3 2334.1 -0.4576502442 -0.3072474003 -0.8343592286 0.8612883091 0.0798080489 -0.5018097758 0.2207683325 -0.9482772350 0.2281044126
-143.1 251.9 2375.9 0.5437619090 0.7931923270 0.2741695344 -0.0589410178 0.3619752228 -0.9303224683 -0.8371672034 0.4897140563 0.2435798943
-34.5 240.2 2208.7 -0.4744795561 0.7931923270 0.3817264438 0.8714332581 0.3619752228 0.3310257792 0.1243916005 0.4897140563 -0.8629639745
-342.7 -154.7 2437.4 0.9624723792 0.2328596115 -0.1393676847 -0.2440667003 0.9672738910 -0.0693735629 0.1186524183 0.1007851437 0.9878076315
-433.9 -533.5 2397.9 0.9791916609 0.0266081803 -0.2011857778 -0.0968942270 0.9323685765 -0.3482820094 0.1783121377 0.3605285883 0.9155457020
-164.8 -132.9 2460.6 -0.7861872911 -0.0054740477 0.6179640889 -0.0116566652 0.9999142289 -0.0059724236 -0.6178783774 -0.0118988436 -0.7861836553
-162.7 -524.5 2465.3 -0.8003818989 -0.0687342510 0.5955370665 0.1054740176 0.9617637992 0.2527560592 -0.5901390314 0.2651150823 -0.7625286579
-359.6 -250.2 2275.0 0 0 0 0 0 0 0 0 0
-156.0 463.2 2240.5 0 0 0 0 0 0 0 0 0
-440.7 -772.0 2305.7 0 0 0 0 0 0 0 0 0
-145.9 -759.2 2400.6 0 0 0 0 0 0 0 0 0
-232.1 490.9 2312.1 48 0.9666033387 0.2074844539 -0.1504268348 -0.1770182103 0.9649900198 0.1935428232 0.1853175312 -0.1604508460 0.9694910645
-287.4 233.9 2354.9 0.9666033387 0.2074844539 -0.1504268348 -0.1770182103 0.9649900198 0.1935428232 0.1853175312 -0.1604508460 0.9694910645
-268.8 44.6 2401.3 0.9843077064 -0.0949007198 -0.1487687379 0.1267623305 0.9667730927 0.2219934016 0.1227582768 -0.2373680919 0.9636321068
-427.6 215.8 2337.4 0.2314508408 -0.3178951144 -0.9194417596 0.9728099704 0.0838292390 0.2159014195 0.0084420983 -0.9444127083 0.3286539018
-482.8 -16.0 2335.4 -0.4429290891 -0.3178951144 -0.8383057117 0.8675781488 0.0838292390 -0.4901845157 0.2261018008 -0.9444127083 0.2386684567
-147.2 251.9 2372.3 0.5624012947 0.7893454432 0.2462490350 -0.0634832606 0.3381512463 -0.9389481544 -0.8244238496 0.5124329329 0.2402869165
-33.9 239.2 2206.3 -0.4605696797 0.7893454432 0.4059671760 0.8780463934 0.3381512463 0.3386564851 0.1300386488 0.5124329329 -0.8488241434
-342.1 -154.1 2431.7 0.9638397694 0.2395658642 -0.1167096645 -0.2462629527 0.9680821300 -0.0465993173 0.1018209383 0.0736555383 0.9920722246
-435.9 -533.1 2402.9 0.9815073013 0.0179537553 -0.1905809492 -0.0887497365 0.9248042703 -0.3699467480 0.1696081460 0.3800194263 0.9092954993
-164.3 -134.0 2457.5 -0.7975140214 -0.0022575851 0.6032962203 -0.0218928400 0.9994426370 -0.0252007544 -0.6029030681 -0.0333058238 -0.7971189618
-163.5 -525.4 2470.5 -0.8147208095 -0.0705024898 0.5755513906 0.1094076186 0.9560617805 0.2719850838 -0.5694382787 0.2845616341 -0.7712098956
-364.0 -248.6 2274.8 0 0 0 0 0 0 0 0 0
-151.8 463.9 2239.6 0 0 0 0 0 0 0 0 0
-440.5 -772.0 2304.7 0 0 0 0 0 0 0 0 0
-146.2 -759.6 2400.8 0 0 0 0 0 0 0 0 0
-232.8 488.5 2318.2 49 0.9654759169 0.2159198225 -0.1457220018 -0.1907744110 0.9670012593 0.1688600630 0.1773735881 -0.1352302879 0.9748083949
-289.4 234.8 2353.7 0.9654759169 0.2159198225 -0.1457220018 -0.1907744110 0.9670012593 0.1688600630 0.1773735881 -0.1352302879 0.9748083949
-271.6 45.7 2401.2 0.9856831431 -0.0911422968 -0.1418515444 0.1222294942 0.9657664895 0.2288122773 0.1161409989 -0.2428748310 0.9630799890
-429.9 217.4 2337.1 0.1877312511 -0.2623704970 -0.9465298057 0.9815498590 0.0857152417 0.1709174216 0.0362883471 -0.9611527324 0.2736211419
-476.6 -26.9 2328.1 -0.4434765577 -0.2623704970 -0.8570240736 0.8739165664 0.0857152417 -0.4784587324 0.1989934891 -0.9611527324 0.1912772208
-149.0 252.3 2370.2 0.5748963952 0.7839188576 0.2344468683 -0.0673744753 0.3309109509 -0.9412537813 -0.8154476285 0.5253276825 0.2430556417
-35.4 238.9 2209.2 -0.4459127486 0.7839188576 0.4320104420 0.8888344169 0.3309109509 0.3169721067 0.1055234447 0.5253276825 -0.8443315029
-339.1 -156.1 2436.7 0.9631334543 0.2415618151 -0.1184139252 -0.2506636381 0.9656142592 -0.0689699277 0.0976816714 0.0961093158 0.9905661345
-433.7 -534.2 2399.1 0.9823673368 0.0246257354 -0.1853321791 -0.0903052986 0.9304816127 -0.3550337255 0.1637052149 0.3655100167 0.9162985682
-161.2 -133.2 2458.8 -0.8011496067 0.0051201098 0.5984422565 -0.0117384577 0.9996365905 -0.0242671873 -0.5983490348 -0.0264664367 -0.8007983565
-163.2 -524.7 2469.2 -0.8160030842 -0.0713195652 0.5736309886 0.1061310023 0.9570050836 0.2699582279 -0.5682210922 0.2811667621 -0.7733498812
-357.7 -261.1 2274.8 0 0 0 0 0 0 0 0 0
-149.6 466.4 2236.2 0 0 0 0 0 0 0 0 0
-440.0 -774.0 2304.9 0 0 0 0 0 0 0 0 0
-145.6 -761.1 2399.8 0 0 0 0 0 0 0 0 0
-232.4 488.5 2313.7 50 0.9676339030 0.2264199257 -0.1114389002 -0.2034567297 0.9611944556 0.1863078177 0.1492982507 -0.1576047689 0.9761509895
-291.3 238.3 2354.8 0.9676339030 0.2264199257 -0.1114389002 -0.2034567297 0.9611944556 0.1863078177 0.1492982507 -0.1576047689 0.9761509895
-269.6 48.8 2399.0 0.9877210259 -0.1111683771 -0.1097666323 0.1327309012 0.9677085876 0.2142955959 0.0823992193 -0.2262337059 0.9705815911
-432.0 219.3 2343.0 0.1735933572 -0.1897257417 -0.9663692117 0.9825298786 0.1002086103 0.1568225622 0.0670852438 -0.9767099619 0.2038067579
-475.5 -27.2 2326.2 -0.4280760288 -0.1897257417 -0.8836034536 0.8868070245 0.1002086103 -0.4511446655 0.1741384417 -0.9767099619 0.1253532171
-150.7 257.2 2366.5 0.5827547908 0.7835516930 0.2155077606 -0.0994008109 0.3319294453 -0.9380524158 -0.8065459132 0.5252328515 0.2713191509
-35.2 237.5 2206.7 -0.4490588009 0.7835516930 0.4294099510 0.8867661953 0.3319294453 0.3216653168 0.1095076129 0.5252328515 -0.8438829780
-342.8 -154.4 2438.3 0.9683281183 0.2370677888 -0.0783547908 -0.2425030172 0.9676856995 -0.0691138804 0.0594381355 0.0859261900 0.9945269227
-435.6 -533.4 2404.6 0.9883959293 0.0165156759 -0.1509992331 -0.0733427331 0.9224073887 -0.3791905046 0.1330202222 0.3858650327 0.9129149914
-164.6 -132.3 2459.3 -0.8219769597 -0.0006574728 0.5695203543 -0.0138855176 0.9997252226 -0.0188865662 -0.5693514347 -0.0234324075 -0.8217602372
-164.4 -523.9 2468.4 -0.8349151015 -0.0741837174 0.5453563333 0.0904565006 0.9589047432 0.2689225376 -0.5428944826 0.2738585174 -0.7938936353
-360.8 -264.8 2279.5 0 0 0 0 0 0 0 0 0
-150.2 464.5 2234.8 0 0 0 0 0 0 0 0 0
-439.9 -772.0 2304.8 0 0 0 0 0 0 0 0 0
-146.0 -761.5 2400.6 0 0 0 0 0 0 0 0 0
-232.6 487.3 2311.5 51 0.9675398469 0.2335719764 -0.0964923650 -0.2117576301 0.9576919675 0.1948969513 0.1379324198 -0.1681375653 0.9760657549
-293.0 239.4 2355.0 0.9675398469 0.2335719764 -0.0964923650 -0.2117576301 0.9576919675 0.1948969513 0.1379324198 -0.1681375653 0.9760657549
-274.5 48.9 2396.0 0.9908109307 -0.0951639265 -0.0961123109 0.1128953025 0.9732291698 0.2001989782 0.0744875893 -0.2092099637 0.9750296474
-434.2 223.3 2344.4 0.1793919206 -0.2522033751 -0.9509006143 0.9825122952 0.0949393362 0.1601752490 0.0498811342 -0.9630057216 0.2648242712
-479.0 -22.4 2332.0 -0.4283210337 -0.2522033751 -0.8677179813 0.8814261556 0.0949393362 -0.4626818597 0.1990704983 -0.9630057216 0.1816341281
-151.9 255.5 2365.6 0.5911784172 0.7765759826 0.2178022861 -0.0844752714 0.3281779587 -0.9408311248 -0.8021047115 0.5378001332 0.2596132159
-35.7 238.9 2207.9 -0.4451524317 0.7765759826 0.4458352625 0.8898794651 0.3281779587 0.3168813586 0.0997691303 0.5378001332 -0.8371481895
-337.1 -152.7 2435.8 0.9670001864 0.2459986210 -0.0662975609 -0.2504711449 0.9655434489 -0.0706400797 0.0466358140 0.0849145874 0.9952962399
-433.5 -530.9 2402.5 0.9897865653 0.0223059338 -0.1408013254 -0.0738812163 0.9249545932 -0.3728278279 0.1219185665 0.3794225454 0.9171556234
-158.7 -128.7 2450.7 -0.8280389309 0.0128050577 0.5605243444 -0.0123649938 0.9990789294 -0.0410900265 -0.5605342388 -0.0409550220 -0.8271179199
-163.7 -519.9 2466.7 -0.8395509124 -0.0716637820 0.5385336876 0.0850819275 0.9616870880 0.2606127262 -0.5365774035 0.2646171451 -0.8012880087
-364.3 -258.6 2278.6 0 0 0 0 0 0 0 0 0
-149.7 466.8 2233.5 0 0 0 0 0 0 0 0 0
-439.3 -773.0 2303.2 0 0 0 0 0 0 0 0 0
-145.7 -761.5 2400.2 0 0 0 0 0 0 0 0 0
-236.5 492.8 2311.4 52 0.9710177183 0.2217755020 -0.0891078934 -0.2019692361 0.9607370496 0.1902438402 0.1278006732 -0.1667330861 0.9776845574
-294.7 240.3 2355.2 0.9710177183 0.2217755020 -0.0891078934 -0.2019692361 0.9607370496 0.1902438402 0.1278006732 -0.1667330861 0.9776845574
-277.4 49.9 2397.4 0.9921907187 -0.0884945914 -0.0878992155 0.1051462144 0.9725089073 0.2077756971 0.0670957491 -0.2153953910 0.9742191434
-436.1 225.3 2345.7 0.2002373338 -0.2588108480 -0.9449454546 0.9787757993 0.0957854018 0.1811714619 0.0436228365 -0.9611670375 0.2724975944
-485.5 -16.2 2334.9 -0.4359198809 -0.2588108480 -0.8619691133 0.8763932586 0.0957854018 -0.4719746113 0.2047162056 -0.9611670375 0.1850653142
-153.4 255.3 2364.8 0.5999473333 0.7740942240 0.2020922452 -0.0873895437 0.3144992888 -0.9452265501 -0.7952523232 0.5494254231 0.2563307583
-36.5 238.3 2209.9 -0.4290578067 0.7740942240 0.4654970467 0.8987789750 0.3144992888 0.3054285049 0.0900319442 0.5494254231 -0.8306779861
-345.4 -151.8 2430.2 0.9723129869 0.2254545093 -0.0614634603 -0.2294477969 0.9709240198 -0.0682659000 0.0442854948 0.0804784745 0.9957720637
-433.7 -532.1 2398.7 0.9915656447 0.0211727098 -0.1278642714 -0.0667458475 0.9291000962 -0.3637554348 0.1110970154 0.3692218065 0.9226769209
-166.4 -131.4 2443.6 -0.8320506811 -0.0050516911 0.5546765924 -0.0337043628 0.9985713363 -0.0414642729 -0.5536746979 -0.0531953983 -0.8310322165
-164.4 -522.4 2464.5 -0.8458737731 -0.0749859586 0.5280858874 0.0752529725 0.9633875489 0.2573351264 -0.5280479193 0.2574130595 -0.8092613220
-368.7 -251.2 2280.0 0 0 0 0 0 0 0 0 0
-146.4 468.4 2232.9 0 0 0 0 0 0 0 0 0
-439.2 -772.8 2303.0 0 0 0 0 0 0 0 0 0
-145.7 -762.2 2400.4 0 0 0 0 0 0 0 0 0
-239.2 503.3 2311.8 53 0.9739352465 0.2064731866 -0.0939094201 -0.1880455017 0.9664901495 0.1747446209 0.1268426031 -0.1525307000 0.9801251888
-296.3 236.0 2354.0 0.9739352465 0.2064731866 -0.0939094201 -0.1880455017 0.9664901495 0.1747446209 0.1268426031 -0.1525307000 0.9801251888
-276.5 46.2 2398.2 0.9906488061 -0.1010984331 -0.0916193277 0.1189344525 0.9689423442 0.2168070525 0.0668549985 -0.2256763279 0.9719056487
-437.5 219.0 2344.5 0.1992044449 -0.2647947073 -0.9435048103 0.9789500833 0.0974269435 0.1793452054 0.0444331244 -0.9593704939 0.2786286771
-485.4 -16.4 2333.8 -0.4527632892 -0.2647947073 -0.8514042497 0.8658411503 0.0974269435 -0.4907413125 0.2128954232 -0.9593704939 0.1851588190
-155.2 252.9 2363.5 0.6071864367 0.7709567547 0.1922245771 -0.0807105005 0.3005198538 -0.9503544569 -0.7904495001 0.5615278482 0.2446958870
-36.5 237.1 2209.0 -0.4270280004 0.7709567547 0.4725174904 0.8980420232 0.3005198538 0.3212606311 0.1056771651 0.5615278482 -0.8206819296
-349.8 -150.0 2433.5 0.9744350314 0.2143345475 -0.0673576519 -0.2196472436 0.9718669057 -0.0850285590 0.0472381115 0.0976497307 0.9940991402
-433.7 -530.6 2395.3 0.9919096828 0.0228901263 -0.1248649433 -0.0661689490 0.9326493144 -0.3546644747 0.1083368957 0.3600572944 0.9266185164
-170.5 -131.0 2445.6 -0.8310321569 -0.0184959862 0.5559167862 -0.0472425520 0.9981825948 -0.0374115482 -0.5542145371 -0.0573531277 -0.8303956389
-163.2 -521.9 2468.1 -0.8483439684 -0.0655905530 0.5253669024 0.0870390162 0.9615179896 0.2605903149 -0.5222420096 0.2667976618 -0.8099890947
-364.0 -248.5 2276.8 0 0 0 0 0 0 0 0 0
-145.8 467.1 2236.1 0 0 0 0 0 0 0 0 0
-439.6 -770.2 2302.8 0 0 0 0 0 0 0 0 0
-147.0 -759.4 2402.2 0 0 0 0 0 0 0 0 0
-240.2 505.8 2314.1 54 0.9760619402 0.1888898909 -0.1078134999 -0.1697078049 0.9714767337 0.1656268686 0.1360235512 -0.1433652788 0.9802774787
-292.6 236.2 2353.8 0.9760619402 0.1888898909 -0.1078134999 -0.1697078049 0.9714767337 0.1656268686 0.1360235512 -0.1433652788 0.9802774787
-274.8 46.9 2400.7 0.9903274179 -0.0911732167 -0.1045900211 0.1132409796 0.9666836858 0.2295629382 0.0801754743 -0.2391863465 0.9676578641
-433.7 220.1 2342.4 0.2074215710 -0.2787108719 -0.9377081394 0.9776027799 0.0939630046 0.1883180887 0.0356235802 -0.9557673335 0.2919584811
-484.8 -20.8 2333.6 -0.4674592316 -0.2787108719 -0.8389291763 0.8560790420 0.0939630046 -0.5082318783 0.2204780579 -0.9557673335 0.1946746558
-151.5 252.4 2365.3 0.5908601880 0.7768282890 0.2177660316 -0.0757458806 0.3221449256 -0.9436552525 -0.8032103181 0.5410734415 0.2491841614
-35.5 237.5 2207.6 -0.4424492419 0.7768282890 0.4480808973 0.8906291723 0.3221449256 0.3209396899 0.1049680337 0.5410734415 -0.8343987465
-346.3 -154.2 2436.4 0.9713152051 0.2205966711 -0.0887912139 -0.2289782912 0.9683881402 -0.0989613608 0.0641538128 0.1164539307 0.9911219478
-432.7 -533.4 2390.8 0.9896564484 0.0244207103 -0.1413636953 -0.0715806112 0.9380324483 -0.3390743136 0.1243232861 0.3456859887 0.9300779104
-167.2 -132.7 2448.4 -0.8232027888 -0.0082330266 0.5676878095 -0.0276455171 0.9992900491 -0.0255962610 -0.5670740008 -0.0367649347 -0.8228459358
-164.0 -524.0 2462.8 -0.8363484144 -0.0722276196 0.5434192419 0.0796973780 0.9647309184 0.2508836091 -0.5423740745 0.2531352043 -0.8010948300
-359.5 -250.3 2274.5 0 0 0 0 0 0 0 0 0
-148.8 465.6 2234.5 0 0 0 0 0 0 0 0 0
-438.8 -770.9 2303.2 0 0 0 0 0 0 0 0 0
-146.2 -761.1 2400.6 0 0 0 0 0 0 0 0 0
-238.1 501.6 2311.7 55 0.9751667380 0.2008254230 -0.0933752805 -0.1821371615 0.9670714736 0.1777605116 0.1259994060 -0.1563390344 0.9796337485
-292.9 237.9 2354.3 0.9751667380 0.2008254230 -0.0933752805 -0.1821371615 0.9670714736 0.1777605116 0.1259994060 -0.1563390344 0.9796337485
-272.9 47.9 2397.1 0.9904903769 -0.1025234535 -0.0917481855 0.1198762059 0.9703615308 0.2098288387 0.0675165355 -0.2188318819 0.9734238982
-434.0 220.8 2344.7 0.1950952113 -0.2379167080 -0.9514901638 0.9790512919 0.1048883721 0.1745194346 0.0582791604 -0.9656055570 0.2533958852
-482.6 -23.0 2330.2 -0.4645720124 -0.2379167080 -0.8529762626 0.8607686162 0.1048883721 -0.4980721474 0.2079669684 -0.9656055570 0.1560630351
-151.8 255.0 2363.9 0.5924823880 0.7787783742 0.2060798854 -0.0875659809 0.3165579140 -0.9445227981 -0.8008100986 0.5415675044 0.2557494640
-34.9 237.7 2206.0 -0.4401490092 0.7787783742 0.4469598830 0.8908879161 0.3165579140 0.3257450759 0.1121945381 0.5415675044 -0.8331368566
-346.5 -152.6 2440.3 0.9729373455 0.2208920419 -0.0678206235 -0.2267410606 0.9692063332 -0.0960603878 0.0445132032 0.1088384613 0.9930623174
-433.0 -532.2 2397.6 0.9916801453 0.0254348256 -0.1261887550 -0.0696707666 0.9303474426 -0.3599995077 0.1082428545 0.3657960296 0.9243791103
-167.5 -132.1 2454.7 -0.8315193057 -0.0059305993 0.5554642081 -0.0177160893 0.9997174740 -0.0158468299 -0.5552132726 -0.0230176002 -0.8313894272
-165.1 -523.6 2463.8 -0.8429785371 -0.0811035708 0.5317983031 0.0736447275 0.9618633986 0.2634297013 -0.5328824520 0.2612297237 -0.8048573732
-358.1 -253.8 2274.4 0 0 0 0 0 0 0 0 0
-147.6 465.9 2234.7 0 0 0 0 0 0 0 0 0
-439.5 -770.2 2304.0 0 0 0 0 0 0 0 0 0
-145.1 -761.2 2399.2 0 0 0 0 0 0 0 0 0
-236.6 500.6 2310.5 56 0.9754378796 0.1938169152 -0.1046705842 -0.1729706079 0.9681835175 0.1808364540 0.1363894939 -0.1582897902 0.9779275060
-289.4 236.7 2353.6 0.9754378796 0.1938169152 -0.1046705842 -0.1729706079 0.9681835175 0.1808364540 0.1363894939 -0.1582897902 0.9779275060
-274.7 46.1 2395.7 0.9918116331 -0.0754013285 -0.1030741408 0.0955356583 0.9736618400 0.2070158720 0.0847500861 -0.2151679993 0.9728927016
-430.7 223.1 2341.5 0.2112898082 -0.2757516503 -0.9377194047 0.9769622087 0.0890520811 0.1939449012 0.0300252363 -0.9570949674 0.2882147133
-483.7 -22.1 2334.0 -0.4483344257 -0.2757516503 -0.8502689600 0.8688447475 0.0890520811 -0.4870097637 0.2100119591 -0.9570949674 0.1996602565
