-161.9 442.1 2486.1 1 0.9882709384 0.0054777605 -0.1526123434 -0.0046187802 0.9999714494 0.0059824619 0.1526407599 -0.0052074105 0.9882680178
-163.0 243.8 2487.1 0.9882709384 0.0054777605 -0.1526123434 -0.0046187802 0.9999714494 0.0059824619 0.1526407599 -0.0052074105 0.9882680178
-162.6 49.7 2488.2 0.9882842302 -0.0018254445 -0.1526135802 0.0026659670 0.9999823570 0.0053030718 0.1526012123 -0.0056478055 0.9882717133
-298.0 243.4 2466.3 0.2700351775 -0.6843112111 -0.6773471832 0.7797613740 0.5681151748 -0.2630919516 0.5648479462 -0.4571250677 0.6870105267
-356.6 74.2 2343.7 -0.7212319374 -0.6843112111 -0.1074367240 -0.4349664748 0.5681151748 -0.6986052394 0.5390998125 -0.4571250677 -0.7073952556
-28.0 244.2 2508.0 0.2566567361 0.9366350770 0.2384156287 -0.9660241604 0.2563633621 0.0327900797 -0.0304086935 -0.2387310416 0.9706094861
39.6 -10.0 2500.0 0.1232253388 0.9413303733 0.3141856790 -0.9225007296 0.2253564894 -0.3133797646 -0.3657976687 -0.2512201965 0.8961475492
-253.2 -142.6 2474.8 0.9979988337 -0.0457435586 -0.0436560437 0.0488701165 0.9960997105 0.0734645873 0.0401252434 -0.0754510462 0.9963418841
-235.4 -529.3 2504.1 0.9992225170 0.0042871553 -0.0391921885 -0.0050702649 0.9997890592 -0.0199037530 0.0390985906 0.0200869925 0.9990334511
-75.6 -143.3 2498.7 0.8852584362 0.0983560905 -0.4545807242 -0.0702257529 0.9944450259 0.0784058496 0.4597672224 -0.0374861695 0.8872479200
-113.8 -529.3 2513.2 0.8796280026 -0.1068356782 -0.4635090828 0.0936078280 0.9942747951 -0.0515285619 0.4663605094 0.0019378887 0.8845926523
-172.7 185.1 2206.3 0 0 0 0 0 0 0 0 0
74.4 -270.5 2396.6 0 0 0 0 0 0 0 0 0
-236.8 -841.9 2497.8 0 0 0 0 0 0 0 0 0
-80.8 -836.5 2512.6 0 0 0 0 0 0 0 0 0
-163.2 440.9 2482.5 2 0.9872445464 -0.0073543629 -0.1590411663 0.0098043447 0.9998449683 0.0146255400 0.1589089483 -0.0159982797 0.9871636033
-161.7 242.6 2485.7 0.9872445464 -0.0073543629 -0.1590411663 0.0098043447 0.9998449683 0.0146255400 0.1589089483 -0.0159982797 0.9871636033
-159.5 48.6 2488.8 0.9872052670 -0.0116006993 -0.1590321809 0.0139521668 0.9998090863 0.0136775253 0.1588431597 -0.0157213677 0.9871786237
-296.6 240.7 2464.0 0.2503731847 -0.7009232044 -0.6678472757 0.7510780096 0.5758953094 -0.3228411973 0.6108970046 -0.4207746089 0.6706367135
-349.6 81.8 2334.7 -0.7094621658 -0.7009232044 -0.0732810572 -0.5023435950 0.5758953094 -0.6449771523 0.4942816496 -0.4207746089 -0.7606801987
-26.9 244.5 2507.4 0.2644732296 0.9356823564 0.2335646003 -0.9640588760 0.2628859580 0.0384903327 -0.0253861304 -0.2353496850 0.9715791345
42.8 -9.3 2500.7 0.1169897467 0.9420934916 0.3142821193 -0.9221782088 0.2205154598 -0.3177424967 -0.3686471879 -0.2526515126 0.8945761323
-250.9 -144.6 2475.7 0.9981634021 -0.0335414596 -0.0504458845 0.0372735672 0.9964897037 0.0749593899 0.0477545597 -0.0767020136 0.9959098101
-237.8 -531.5 2505.4 0.9988964796 -0.0004314753 -0.0469648279 -0.0005923389 0.9997625351 -0.0217834953 0.0469630733 0.0217872746 0.9986590147
-73.8 -144.1 2503.0 0.8809335828 0.1050272211 -0.4614382982 -0.0772535577 0.9938977957 0.0787343979 0.4668917358 -0.0337120220 0.8836716413
-114.6 -530.0 2516.1 0.8752895594 -0.1072229818 -0.4715627432 0.0892948508 0.9941776395 -0.0603097677 0.4752837121 0.0106803868 0.8797677755
-167.7 210.6 2208.0 0 0 0 0 0 0 0 0 0
75.9 -270.8 2396.2 0 0 0 0 0 0 0 0 0
-237.7 -841.7 2498.7 0 0 0 0 0 0 0 0 0
-81.6 -835.5 2512.8 0 0 0 0 0 0 0 0 0
-165.2 444.2 2488.7 3 0.9849925041 -0.0148120280 -0.1719605476 0.0158741716 0.9998624325 0.0048031253 0.1718657464 -0.0074607735 0.9850921035
-162.2 245.2 2490.2 0.9849925041 -0.0148120280 -0.1719605476 0.0158741716 0.9998624325 0.0048031253 0.1718657464 -0.0074607735 0.9850921035
-158.6 51.2 2492.3 0.9849196672 -0.0186663382 -0.1720022261 0.0202212930 0.9997689128 0.0072924905 0.1718263477 -0.0106606251 0.9850695729
-296.8 242.5 2466.8 0.2602924407 -0.6969732046 -0.6681887507 0.7234274745 0.5991083384 -0.3431062698 0.6394532919 -0.3940781057 0.6601529121
-350.9 92.2 2333.9 -0.7143090367 -0.6969732046 -0.0631739199 -0.5316182375 0.5991083384 -0.5987079740 0.4551314414 -0.3940781057 -0.7984721661
-27.7 248.0 2513.7 0.2662150562 0.9372891784 0.2249856740 -0.9629774690 0.2688951790 0.0192304552 -0.0424730666 -0.2217755765 0.9741722941
43.4 -9.0 2502.4 0.1186560914 0.9441696405 0.3073506355 -0.9140968919 0.2247461230 -0.3375145197 -0.3877468407 -0.2409000993 0.8897300363
-245.7 -146.7 2477.6 0.9975003600 -0.0296186581 -0.0641538352 0.0343579501 0.9966604710 0.0740769878 0.0617455281 -0.0760960132 0.9951868653
-234.2 -533.7 2507.1 0.9981101751 0.0095842518 -0.0606979840 -0.0114666577 0.9994615912 -0.0307406504 0.0603706762 0.0313785598 0.9976826906
-68.8 -144.2 2506.0 0.8734400272 0.1113070399 -0.4740392566 -0.0910465121 0.9936859012 0.0655653849 0.4783440232 -0.0141078113 0.8780592084
-112.0 -529.9 2511.5 0.8708200455 -0.0932338536 -0.4826799333 0.0886529982 0.9955369234 -0.0323546454 0.4835422635 -0.0146159502 0.8751989603
-164.8 230.6 2215.4 0 0 0 0 0 0 0 0 0
77.1 -268.9 2392.1 0 0 0 0 0 0 0 0 0
-237.1 -838.3 2497.6 0 0 0 0 0 0 0 0 0
-83.4 -835.5 2516.0 0 0 0 0 0 0 0 0 0
-166.1 446.2 2491.4 4 0.9864100218 -0.0198509675 -0.1630989313 0.0197152216 0.9998026490 -0.0024510124 0.1631153971 -0.0007978288 0.9866066575
-162.2 247.7 2491.5 0.9864100218 -0.0198509675 -0.1630989313 0.0197152216 0.9998026490 -0.0024510124 0.1631153971 -0.0007978288 0.9866066575
-157.5 53.7 2492.2 0.9863067865 -0.0241265595 -0.1631466299 0.0244075209 0.9997020364 -0.0002823641 0.1631048322 -0.0037035074 0.9866017699
-296.9 244.4 2469.2 0.2738970220 -0.7106530070 -0.6480376124 0.6983723044 0.6102318168 -0.3740230203 0.6612537503 -0.3501277268 0.6634410620
-353.0 101.5 2333.9 -0.7000752091 -0.7106530070 -0.0697637275 -0.5640125275 0.6102318168 -0.5563335419 0.4379321635 -0.3501277268 -0.8280253410
-27.4 251.1 2513.8 0.2456683815 0.9411537051 0.2321137637 -0.9685663581 0.2479782701 0.0196475424 -0.0390678123 -0.2296443582 0.9724901915
39.0 -10.9 2503.2 0.1364916563 0.9421930909 0.3060102165 -0.9101653099 0.2412271649 -0.3367619514 -0.3911127448 -0.2325546890 0.8904769421
-243.2 -144.7 2479.0 0.9983174205 -0.0157133732 -0.0558159798 0.0199684557 0.9968685508 0.0765137523 0.0544389077 -0.0774995685 0.9955050349
-237.1 -531.7 2509.1 0.9985451698 0.0045718150 -0.0537279658 -0.0064352723 0.9993818402 -0.0345615298 0.0535367467 0.0348570012 0.9979572892
-66.8 -141.1 2509.8 0.8764849901 0.1183162928 -0.4666640460 -0.1046894491 0.9929758310 0.0551284887 0.4699086845 0.0005355067 0.8827148676
-112.7 -526.5 2509.6 0.8750598431 -0.0944099352 -0.4747178853 0.0935319439 0.9952889085 -0.0255290810 0.4748916626 -0.0220618155 0.8797677159
-167.0 251.3 2217.6 0 0 0 0 0 0 0 0 0
77.6 -268.3 2392.6 0 0 0 0 0 0 0 0 0
-238.5 -841.6 2498.3 0 0 0 0 0 0 0 0 0
-83.6 -832.8 2516.4 0 0 0 0 0 0 0 0 0
-166.5 446.0 2492.7 5 0.9835886955 -0.0295260288 -0.1779930592 0.0284706224 0.9995586276 -0.0084813172 0.1781649292 0.0032745542 0.9839951992
-160.7 248.0 2492.0 0.9835886955 -0.0295260288 -0.1779930592 0.0284706224 0.9995586276 -0.0084813172 0.1781649292 0.0032745542 0.9839951992
-154.4 54.0 2491.9 0.9834862351 -0.0324054398 -0.1780582666 0.0317777619 0.9994746447 -0.0063766981 0.1781713665 0.0006131012 0.9839993119
-295.0 243.7 2467.7 0.2955453694 -0.7081450820 -0.6412358880 0.6713320613 0.6314976811 -0.3879741132 0.6796809435 -0.3158182800 0.6620367169
-354.7 108.2 2330.5 -0.7024347782 -0.7081450820 -0.0715254769 -0.5847870111 0.6314976811 -0.5091511011 0.4057210386 -0.3158182800 -0.8576999903
-26.3 252.4 2516.4 0.2484670430 0.9434067607 0.2196537256 -0.9674208164 0.2530652881 0.0074146972 -0.0485916585 -0.2143398821 0.9755496979
40.4 -7.3 2503.3 0.1273437291 0.9476252198 0.2928993404 -0.9155941010 0.2258650064 -0.3326747417 -0.3814066648 -0.2258128822 0.8964025378
-241.2 -142.6 2478.3 0.9973900914 -0.0097928206 -0.0715336129 0.0149665726 0.9972813129 0.0721523017 0.0706325620 -0.0730346069 0.9948251247
-237.4 -529.7 2506.7 0.9975204468 0.0031240848 -0.0703078732 -0.0046261530 0.9997643232 -0.0212114751 0.0702250376 0.0214841347 0.9972997904
-64.5 -138.2 2507.6 0.8696540594 0.1240800619 -0.4778137207 -0.1035845727 0.9922153354 0.0691302791 0.4826717973 -0.0106252944 0.8757368326
-112.6 -523.3 2511.7 0.8677206039 -0.0935197100 -0.4881752133 0.0875564590 0.9955414534 -0.0350861885 0.4892799258 -0.0122978855 0.8720400929
-164.0 266.9 2220.3 0 0 0 0 0 0 0 0 0
76.4 -266.3 2395.4 0 0 0 0 0 0 0 0 0
-238.4 -844.6 2499.9 0 0 0 0 0 0 0 0 0
-83.9 -828.9 2515.5 0 0 0 0 0 0 0 0 0
-164.7 442.3 2485.8 6 0.9783053398 -0.0273142494 -0.2053595781 0.0300863255 0.9994933009 0.0103876479 0.2049718052 -0.0163408071 0.9786314368
-159.3 244.1 2489.1 0.9783053398 -0.0273142494 -0.2053595781 0.0300863255 0.9994933009 0.0103876479 0.2049718052 -0.0163408071 0.9786314368
-153.6 50.1 2492.1 0.9782420397 -0.0296816509 -0.2053326368 0.0323066153 0.9994333982 0.0094425101 0.2049360126 -0.0158706624 0.9786466956
-292.9 239.6 2461.1 0.3194867074 -0.7193243504 -0.6168473959 0.6528041959 0.6389274001 -0.4069624841 0.6868587136 -0.2726614773 0.6737067699
-354.8 113.1 2327.9 -0.6916812062 -0.7193243504 -0.0644175932 -0.6223515272 0.6389274001 -0.4521619081 0.3664092422 -0.2726614773 -0.8896066546
-25.7 248.5 2517.0 0.2721320093 0.9410867691 0.2007483840 -0.9601249099 0.2794431448 -0.0084659299 -0.0640649348 -0.1904396713 0.9796062708
46.4 -5.9 2500.1 0.1090454906 0.9544346333 0.2777834237 -0.9272233844 0.1983861923 -0.3176471591 -0.3582818508 -0.2229293138 0.9066072106
-236.2 -142.8 2475.8 0.9950805902 0.0051221061 -0.0989361480 0.0026327688 0.9969425797 0.0780934244 0.0990336612 -0.0779697299 0.9920247197
-238.2 -529.8 2506.1 0.9950929284 -0.0002512821 -0.0989444777 -0.0020965561 0.9997187257 -0.0236241538 0.0989225805 0.0237156712 0.9948124886
-60.0 -137.1 2507.8 0.8538879156 0.1336999536 -0.5029907823 -0.1112446859 0.9909918308 0.0745641291 0.5084289908 -0.0077143540 0.8610693812
-111.9 -521.8 2510.8 0.8518832922 -0.0955752730 -0.5149371028 0.0882898495 0.9953435659 -0.0386796445 0.5162361264 -0.0125131737 0.8563548923
-162.6 286.1 2226.1 0 0 0 0 0 0 0 0 0
77.2 -267.4 2399.0 0 0 0 0 0 0 0 0 0
-238.1 -842.4 2498.7 0 0 0 0 0 0 0 0 0
-82.1 -832.2 2514.7 0 0 0 0 0 0 0 0 0
-165.1 444.8 2490.4 7 0.9752886295 -0.0267428868 -0.2193101496 0.0269358493 0.9996349216 -0.0021106978 0.2192865461 -0.0038487657 0.9756529331
-159.8 246.6 2491.2 0.9752886295 -0.0267428868 -0.2193101496 0.0269358493 0.9996349216 -0.0021106978 0.2192865461 -0.0038487657 0.9756529331
-154.4 52.6 2492.7 0.9752391577 -0.0276411120 -0.2194186151 0.0287532806 0.9995847940 0.0018762825 0.2192756385 -0.0081388289 0.9756290317
-293.0 242.7 2461.2 0.3412861824 -0.7138945460 -0.6114558578 0.6235474348 0.6587201357 -0.4210420251 0.7033579350 -0.2375759035 0.6699591875
-359.5 121.2 2324.2 -0.6975974441 -0.7138945460 -0.0609291308 -0.6394854784 0.6587201357 -0.3964165747 0.3231348991 -0.2375759035 -0.9160466790
-26.6 250.6 2521.1 0.2821962833 0.9410201907 0.1866714060 -0.9567741752 0.2903250754 -0.0171619877 -0.0703451708 -0.1737593412 0.9822725058
49.6 -7.8 2502.1 0.0913375765 0.9581273198 0.2713844478 -0.9218119383 0.1844460815 -0.3409434557 -0.3767230213 -0.2190244794 0.9000599980
-235.4 -146.8 2476.9 0.9935494661 0.0094452472 -0.1130055785 -0.0002360045 0.9966952801 0.0812309533 0.1133993715 -0.0806803033 0.9902682900
-239.1 -533.7 2508.2 0.9935562015 -0.0009239709 -0.1133368835 -0.0031002089 0.9993710518 -0.0353249647 0.1132982448 0.0354487039 0.9929284453
-60.2 -141.0 2513.6 0.8469816446 0.1271590292 -0.5161905289 -0.1115630865 0.9918660522 0.0612813197 0.5197843313 0.0056836549 0.8542786241
-109.6 -526.0 2511.4 0.8454415798 -0.0900257081 -0.5264256001 0.0813687891 0.9958957434 -0.0396326929 0.5278329849 -0.0093274843 0.8492969871
-162.5 301.8 2232.9 0 0 0 0 0 0 0 0 0
75.4 -267.6 2395.9 0 0 0 0 0 0 0 0 0
-238.8 -842.8 2497.2 0 0 0 0 0 0 0 0 0
-82.0 -831.6 2514.2 0 0 0 0 0 0 0 0 0
-165.3 446.1 2492.7 8 0.9735312462 -0.0258796699 -0.2270840257 0.0245181546 0.9996605515 -0.0088147754 0.2272350639 0.0030137785 0.9738352895
-160.2 247.9 2492.1 0.9735312462 -0.0258796699 -0.2270840257 0.0245181546 0.9996605515 -0.0088147754 0.2272350639 0.0030137785 0.9738352895
-155.1 53.9 2492.7 0.9734831452 -0.0263416395 -0.2272371501 0.0263604317 0.9996481538 -0.0029525752 0.2272349745 -0.0031157872 0.9738349915
-293.1 244.3 2461.0 0.3366106153 -0.7186656594 -0.6084513068 0.5995755196 0.6618210077 -0.4500024021 0.7260871530 -0.2133368999 0.6536703110
-358.2 128.5 2320.8 -0.6932715774 -0.7186656594 -0.0537977368 -0.6582200527 0.6618210077 -0.3588026166 0.2934635878 -0.2133368999 -0.9318618178
-27.2 251.6 2523.1 0.2877927423 0.9408769608 0.1786782146 -0.9548384547 0.2962904871 -0.0222597700 -0.0738843605 -0.1642026156 0.9836557508
50.6 -6.5 2503.2 0.0843818262 0.9605316520 0.2650634646 -0.9231257439 0.1755021214 -0.3421079218 -0.3751246929 -0.2158192247 0.9015007019
-236.4 -144.0 2474.7 0.9925501347 0.0169252250 -0.1206553578 -0.0060764169 0.9959482551 0.0897224993 0.1216850728 -0.0883209333 0.9886314273
-243.0 -530.6 2509.0 0.9924448133 -0.0144864041 -0.1218334585 0.0093992352 0.9990638494 -0.0422266610 0.1223311126 0.0407624915 0.9916518927
-61.7 -138.8 2513.9 0.8432042599 0.1250764877 -0.5228407383 -0.1109899282 0.9921077490 0.0583393052 0.5260112286 0.0088381041 0.8504317403
-110.3 -524.0 2510.5 0.8416879773 -0.0903219208 -0.5323563814 0.0839973018 0.9958100915 -0.0361486375 0.5333908200 -0.0142906224 0.8457481861
-160.6 316.1 2237.2 0 0 0 0 0 0 0 0 0
74.4 -266.7 2397.4 0 0 0 0 0 0 0 0 0
-238.4 -843.6 2496.2 0 0 0 0 0 0 0 0 0
-82.4 -831.5 2514.9 0 0 0 0 0 0 0 0 0
-166.9 447.3 2494.3 9 0.9706276059 -0.0310261361 -0.2385780066 0.0285569429 0.9994968772 -0.0137999784 0.2388861477 0.0065815812 0.9710252881
-160.8 249.6 2493.0 0.9706276059 -0.0310261361 -0.2385780066 0.0285569429 0.9994968772 -0.0137999784 0.2388861477 0.0065815812 0.9710252881
-155.0 55.6 2493.1 0.9706068039 -0.0300692543 -0.2387849092 0.0292362776 0.9995477796 -0.0070302836 0.2388883233 -0.0001575410 0.9710470438
-293.4 245.6 2460.4 0.3395715356 -0.7304213643 -0.5926008821 0.5880070925 0.6565979719 -0.4723629951 0.7341245413 -0.1880524755 0.6524549127
-358.0 133.7 2320.7 -0.6816629171 -0.7304213643 -0.0426647700 -0.6836188436 0.6565979719 -0.3186603189 0.2607699037 -0.1880524755 -0.9469082952
-28.2 253.6 2525.7 0.2789740264 0.9452418089 0.1693855226 -0.9569859505 0.2882911861 -0.0326512232 -0.0796956494 -0.1529907286 0.9850088358
47.6 -6.6 2504.0 0.0864859298 0.9640294313 0.2513312697 -0.9230182171 0.1724733263 -0.3439336121 -0.3749100864 -0.2022379190 0.9047332406
-237.1 -142.5 2472.9 0.9910907745 0.0127181439 -0.1325795203 0.0002844692 0.9952259660 0.0975969881 0.1331878304 -0.0967651904 0.9863556623
-242.1 -528.8 2510.5 0.9910111427 -0.0141182924 -0.1330322772 0.0080220457 0.9988976717 -0.0462503731 0.1335386038 0.0447674431 0.9900319576
-62.7 -137.8 2513.6 0.8372561336 0.1217279434 -0.5330895185 -0.1099794656 0.9924716353 0.0538944043 0.5356366634 0.0135054803 0.8443405628
-110.0 -523.1 2508.4 0.8362844586 -0.0869057253 -0.5413646102 0.0848509893 0.9959770441 -0.0288096853 0.5416904688 -0.0218422301 0.8402941823
-162.5 329.8 2245.8 0 0 0 0 0 0 0 0 0
72.2 -268.3 2397.7 0 0 0 0 0 0 0 0 0
-237.6 -847.6 2496.2 0 0 0 0 0 0 0 0 0
-83.0 -832.0 2515.2 0 0 0 0 0 0 0 0 0
-168.5 449.0 2494.6 0 0.9709179997 -0.0365251563 -0.2366096675 0.0344971530 0.9993240237 -0.0127068358 0.2369138300 0.0041749366 0.9715216756
-161.3 251.4 2493.8 0.9709179997 -0.0365251563 -0.2366096675 0.0344971530 0.9993240237 -0.0127068358 0.2369138300 0.0041749366 0.9715216756
-154.7 57.4 2493.9 0.9709816575 -0.0335738249 -0.2367856503 0.0326826833 0.9994361997 -0.0076888497 0.2369102985 -0.0002730584 0.9715315104
-293.9 247.0 2461.5 0.3265176713 -0.7241341472 -0.6074668169 0.5573425889 0.6665763259 -0.4950204492 0.7633842230 -0.1769341975 0.6212397218
-356.3 140.4 2315.5 -0.6893687248 -0.7241341472 -0.0200107396 -0.6921588182 0.6665763259 -0.2767529190 0.2137449235 -0.1769341975 -0.9607327580
-28.6 255.9 2526.2 0.2629058063 0.9493051767 0.1723375618 -0.9614959359 0.2726039290 -0.0348239578 -0.0800384656 -0.1565464437 0.9844222069
43.9 -9.3 2504.1 0.0970332175 0.9638748169 0.2480521351 -0.9214396477 0.1812059879 -0.3436762691 -0.3762094378 -0.1952170581 0.9057354927
-236.1 -141.1 2471.7 0.9913018346 0.0131598245 -0.1309486181 -0.0007374051 0.9955279827 0.0944643989 0.1316061467 -0.0935461670 0.9868783951
-241.2 -527.6 2508.0 0.9912624955 -0.0095315874 -0.1315589696 0.0052429521 0.9994446635 -0.0329065584 0.1317995638 0.0319292806 0.9907620549
-62.2 -135.8 2514.5 0.8376685977 0.1292810738 -0.5306578279 -0.1153974161 0.9915415645 0.0594031811 0.5338490009 0.0114763631 0.8455019593
-112.4 -520.8 2510.0 0.8354425430 -0.0972548425 -0.5409041047 0.0901016667 0.9951385260 -0.0397617146 0.5421415567 -0.0155177303 0.8401439190
-158.2 339.3 2254.1 0 0 0 0 0 0 0 0 0
71.3 -269.7 2397.8 0 0 0 0 0 0 0 0 0
-238.1 -848.1 2497.8 0 0 0 0 0 0 0 0 0
-82.2 -829.7 2514.9 0 0 0 0 0 0 0 0 0
-167.4 449.7 2497.3 1 0.9713380337 -0.0342928134 -0.2352156192 0.0310770757 0.9993661046 -0.0173658878 0.2356620431 0.0095583349 0.9717880487
-160.7 252.3 2495.4 0.9713380337 -0.0342928134 -0.2352156192 0.0310770757 0.9993661046 -0.0173658878 0.2356620431 0.0095583349 0.9717880487
-154.6 58.3 2494.3 0.9714108706 -0.0311113074 -0.2353572696 0.0288523044 0.9994986653 -0.0130366413 0.2356448621 0.0058733355 0.9718214869
-293.4 248.4 2463.2 0.4711287618 -0.7290734649 -0.4964771271 0.6414383650 0.6695412397 -0.3745282292 0.6054704785 -0.1420084536 0.7830958366
-386.5 121.6 2343.5 -0.6799538732 -0.7290734649 -0.0781958625 -0.6848332882 0.6695412397 -0.2876071334 0.2620420754 -0.1420084536 -0.9545509815
-28.0 256.3 2527.6 0.2566958964 0.9501550794 0.1769536287 -0.9614744782 0.2696790099 -0.0532926433 -0.0983569548 -0.1564563960 0.9827753305
43.5 -11.5 2500.2 0.0900099203 0.9662879109 0.2412174344 -0.9334175587 0.1663110703 -0.3179187477 -0.3473181725 -0.1965407431 0.9169197679
-235.2 -139.5 2472.7 0.9916243553 0.0019346459 -0.1291407943 0.0111871678 0.9948432446 0.1008057743 0.1286698729 -0.1014061868 0.9864891768
-236.0 -525.7 2512.1 0.9917413592 0.0066348435 -0.1280824542 -0.0122318389 0.9990018606 -0.0429613851 0.1276695579 0.0441732667 0.9908325672
-61.2 -133.7 2515.2 0.8376088738 0.1347965151 -0.5293782353 -0.1249228194 0.9906632304 0.0545951575 0.5317947865 0.0204020310 0.8466274738
-113.6 -518.2 2507.2 0.8360048532 -0.1005369052 -0.5394332409 0.0966424569 0.9946819544 -0.0356090143 0.5401445627 -0.0223628469 0.8412750959
-224.7 284.5 2281.2 0 0 0 0 0 0 0 0 0
68.6 -271.0 2403.7 0 0 0 0 0 0 0 0 0
-238.1 -845.6 2497.9 0 0 0 0 0 0 0 0 0
-82.0 -831.1 2514.3 0 0 0 0 0 0 0 0 0
-167.0 445.2 2487.1 2 0.9759826660 -0.0305751730 -0.2156918049 0.0347982198 0.9992693067 0.0158078577 0.2150508761 -0.0229338855 0.9763334990
-160.9 246.8 2491.7 0.9759826660 -0.0305751730 -0.2156918049 0.0347982198 0.9992693067 0.0158078577 0.2150508761 -0.0229338855 0.9763334990
-155.3 52.9 2495.0 0.9760804772 -0.0285217371 -0.2155304402 0.0314901210 0.9994504452 0.0103504118 0.2151167840 -0.0168899149 0.9764422774
-294.2 242.6 2462.3 0.4805959761 -0.7272230387 -0.4900756776 0.6155686378 0.6777833104 -0.4021007717 0.6245820522 -0.1084272191 0.7733956575
-393.5 115.5 2333.3 -0.6826192737 -0.7272230387 -0.0719554871 -0.6975765228 0.6777833104 -0.2323720902 0.2177565694 -0.1084272191 -0.9699616432
-27.6 251.1 2521.1 0.2715832293 0.9426532984 0.1940292716 -0.9595740438 0.2807005942 -0.0206109080 -0.0738930702 -0.1805878729 0.9807791710
47.8 -15.0 2500.6 0.0550131574 0.9608490467 0.2715559304 -0.9323603511 0.1467605233 -0.3304020166 -0.3573201597 -0.2350115329 0.9039313793
-235.6 -138.3 2472.0 0.9940484166 -0.0074064471 -0.1086872146 0.0180210155 0.9951205254 0.0970073119 0.1074383929 -0.0983886123 0.9893314242
-232.7 -524.6 2510.2 0.9942178130 0.0136507042 -0.1065107584 -0.0186737217 0.9987527728 -0.0463058352 0.1057458073 0.0480270423 0.9932327271
-61.6 -133.1 2514.3 0.8462600112 0.1395669281 -0.5141644478 -0.1271120459 0.9900995493 0.0595438108 0.5173843503 0.0149669517 0.8556222320
-115.7 -517.5 2508.4 0.8445070386 -0.1028639004 -0.5255728364 0.0961884633 0.9945553541 -0.0400933996 0.5268354416 -0.0166948847 0.8498033285
-225.8 286.8 2279.8 0 0 0 0 0 0 0 0 0
62.9 -271.7 2402.2 0 0 0 0 0 0 0 0 0
-237.1 -843.3 2494.9 0 0 0 0 0 0 0 0 0
-83.7 -827.7 2513.6 0 0 0 0 0 0 0 0 0
-140.1 422.3 2479.4 3 0.9721922278 0.0272925328 -0.2325884253 -0.0170791131 0.9988039732 0.0458135828 0.2335606217 -0.0405672044 0.9714956284
-145.5 225.7 2487.4 0.9721922278 0.0272925328 -0.2325884253 -0.0170791131 0.9988039732 0.0458135828 0.2335606217 -0.0405672044 0.9714956284
-151.0 32.2 2494.7 0.9721427560 0.0285399463 -0.2326455563 -0.0188498292 0.9988638163 0.0437695719 0.2336304039 -0.0381649435 0.9715761542
-278.1 228.3 2455.4 0.4866803586 -0.7274364829 -0.4837131500 0.4667908549 0.6845852137 -0.5598654747 0.7384094596 0.0466826744 0.6727348566
-367.9 142.1 2319.1 -0.6720446944 -0.7274364829 -0.1385356784 -0.7245413065 0.6845852137 -0.0798937231 0.1529570818 0.0466826744 -0.9871296287
-12.9 223.2 2519.3 0.2395340204 0.9537112117 0.1818197668 -0.9671161771 0.2508734167 -0.0418191291 -0.0854971185 -0.1658237278 0.9824422002
45.5 -12.6 2498.5 0.0115075065 0.9700285196 0.2427183539 -0.9442403316 0.0904200673 -0.3165982068 -0.3290559053 -0.2255412042 0.9169805646
-237.1 -143.9 2479.0 0.9924545884 -0.0006244771 -0.1226110086 0.0096788649 0.9972655773 0.0732647479 0.1222299859 -0.0738986731 0.9897468686
-236.9 -530.9 2507.7 0.9925264716 0.0055824579 -0.1219019666 -0.0092184180 0.9995286465 -0.0292833466 0.1216810346 0.0301882401 0.9921100736
-62.3 -138.3 2517.5 0.8333809376 0.1413993239 -0.5343056321 -0.1315091401 0.9896868467 0.0567911789 0.5368254781 0.0229373928 0.8433814645
-117.2 -522.5 2508.6 0.8299648166 -0.1124952957 -0.5463544726 0.1022314280 0.9935396314 -0.0492721237 0.5483677387 -0.0149604725 0.8361034989
-197.6 325.7 2280.3 0 0 0 0 0 0 0 0 0
48.7 -271.2 2408.4 0 0 0 0 0 0 0 0 0
-238.7 -847.1 2498.1 0 0 0 0 0 0 0 0 0
-82.5 -828.5 2513.2 0 0 0 0 0 0 0 0 0
-137.8 415.2 2471.5 4 0.9691783190 0.0293360613 -0.2446074933 -0.0128582306 0.9975550771 0.0686913580 0.2460245788 -0.0634289533 0.9671859741
-143.6 219.5 2483.9 0.9691783190 0.0293360613 -0.2446074933 -0.0128582306 0.9975550771 0.0686913580 0.2460245788 -0.0634289533 0.9671859741
-149.4 26.0 2495.9 0.9691565633 0.0298081134 -0.2446365803 -0.0135918008 0.9976124763 0.0677100793 0.2460708171 -0.0622966141 0.9672477841
-275.9 221.3 2450.3 0.4558170140 -0.7230866551 -0.5190149546 0.3438434899 0.6808978319 -0.6466450095 0.8209765553 0.1162918881 0.5589934587
-352.9 163.2 2311.5 -0.6736181974 -0.7230866551 -0.1529189646 -0.7323505878 0.6808978319 0.0063858004 0.0995047092 0.1162918881 -0.9882180691
-11.3 217.6 2517.5 0.2209577560 0.9586510658 0.1793482751 -0.9702966809 0.2346513867 -0.0588476025 -0.0984986350 -0.1610182077 0.9820240140
46.4 -35.8 2491.8 -0.0592982583 0.9711358547 0.2310386300 -0.9501541257 0.0160587672 -0.3113666773 -0.3060895503 -0.2379858047 0.9217765331
-243.5 -159.7 2481.0 0.9906162620 -0.0246390589 -0.1344332397 0.0336970575 0.9972817898 0.0655252263 0.1324533373 -0.0694403574 0.9887538552
-233.9 -546.7 2507.9 0.9912191629 0.0147637865 -0.1314023137 -0.0190875661 0.9993149638 -0.0317063667 0.1308441907 0.0339361094 0.9908219576
-69.6 -163.0 2522.9 0.8274893761 0.1129615381 -0.5500009060 -0.1114547849 0.9931069613 0.0362822004 0.5503082275 0.0312770978 0.8343755603
-113.4 -548.4 2510.8 0.8218207955 -0.1139715761 -0.5582302809 0.0983850956 0.9934574366 -0.0579885989 0.5611870885 -0.0072653024 0.8276571035
-176.2 355.3 2285.4 0 0 0 0 0 0 0 0 0
30.3 -294.9 2408.4 0 0 0 0 0 0 0 0 0
-238.3 -844.2 2497.8 0 0 0 0 0 0 0 0 0
-81.0 -830.7 2512.9 0 0 0 0 0 0 0 0 0
-129.9 411.7 2469.4 5 0.9676765203 0.0455042981 -0.2480554283 -0.0262135155 0.9964078665 0.0805248842 0.2508286238 -0.0714196339 0.9653933048
-138.8 216.4 2483.4 0.9676765203 0.0455042981 -0.2480554283 -0.0262135155 0.9964078665 0.0805248842 0.2508286238 -0.0714196339 0.9653933048
-147.7 23.1 2497.1 0.9676600695 0.0457413420 -0.2480759770 -0.0265725926 0.9964345098 0.0800763220 0.2508542538 -0.0708946437 0.9654253721
-270.9 220.0 2449.1 0.4617019296 -0.7132028937 -0.5274210572 0.2639838755 0.6781244278 -0.6859006882 0.8468434811 0.1774510294 0.5013654232
-350.5 174.5 2303.1 -0.6840644479 -0.7132028937 -0.1529624164 -0.7285856605 0.6781244278 0.0964891613 0.0349112079 0.1774510294 -0.9835101962
-6.7 212.8 2517.7 0.1978389174 0.9638472795 0.1784887463 -0.9739261270 0.2139044553 -0.0755831301 -0.1110301316 -0.1588815749 0.9810346365
45.8 -45.6 2488.2 -0.1281293631 0.9667412639 0.2213462740 -0.9489026666 -0.0546017848 -0.3108093143 -0.2883862853 -0.2498598695 0.9243394136
-241.9 -166.2 2485.9 0.9904358387 -0.0047142357 -0.1378933191 0.0127022574 0.9982872605 0.0571065359 0.1373879313 -0.0583119169 0.9887993932
-240.1 -553.6 2508.5 0.9905730486 -0.0055639083 -0.1368722916 0.0007603114 0.9993827343 -0.0351227373 0.1369832158 0.0346875712 0.9899658561
-68.4 -168.6 2530.0 0.8238946199 0.1168814972 -0.5545596480 -0.1126893610 0.9927499294 0.0418168679 0.5554266572 0.0280402750 0.8310926557
-113.8 -553.9 2519.2 0.8165305853 -0.1182235479 -0.5650672317 0.0828091204 0.9926701188 -0.0880263597 0.5713321567 0.0250834934 0.8203355074
-164.0 373.2 2293.6 0 0 0 0 0 0 0 0 0
11.0 -303.9 2409.7 0 0 0 0 0 0 0 0 0
-238.5 -845.5 2498.4 0 0 0 0 0 0 0 0 0
-80.6 -833.0 2512.1 0 0 0 0 0 0 0 0 0
-117.5 405.0 2469.2 6 0.9626085162 0.0793009549 -0.2590293884 -0.0575006977 0.9942176342 0.0906914249 0.2647235096 -0.0724059641 0.9616022110
-133.0 210.3 2483.4 0.9626085162 0.0793009549 -0.2590293884 -0.0575006977 0.9942176342 0.0906914249 0.2647235096 -0.0724059641 0.9616022110
-148.4 17.5 2497.3 0.9625975490 0.0794271976 -0.2590313256 -0.0576376803 0.9942119718 0.0906669423 0.2647334635 -0.0723458156 0.9616039991
-264.4 218.2 2447.2 0.4934114814 -0.7109355330 -0.5011145473 0.2368705273 0.6641822457 -0.7090516686 0.8369213939 0.2311549932 0.4961148202
-350.4 176.9 2301.3 -0.6815594435 -0.7109355330 -0.1733419448 -0.7317354679 0.6641822457 0.1530527472 0.0063200071 0.2311549932 -0.9728963971
-1.6 202.5 2519.5 0.1886818409 0.9684026241 0.1630813926 -0.9751847386 0.2043485641 -0.0851847082 -0.1158185378 -0.1429616809 0.9829282761
47.8 -52.9 2489.2 -0.1816060543 0.9617764950 0.2049516886 -0.9393575788 -0.1080129221 -0.3254851699 -0.2909065485 -0.2516329885 0.9230678082
-243.2 -167.8 2488.4 0.9885546565 -0.0160105750 -0.1500112861 0.0257667899 0.9976605773 0.0633203015 0.1486465484 -0.0664608851 0.9866545200
-237.0 -555.0 2514.2 0.9890849590 0.0076125409 -0.1471496671 -0.0155084720 0.9984959364 -0.0525866263 0.1465280354 0.0542947054 0.9877153635
-69.9 -172.5 2533.3 0.8158285022 0.1116683036 -0.5674099922 -0.1072877645 0.9933723211 0.0412396491 0.5682545304 0.0272316691 0.8224021196
-113.3 -558.1 2522.8 0.8075354695 -0.1198015362 -0.5775240660 0.0753293708 0.9920846224 -0.1004670188 0.5849888325 0.0376261584 0.8101680875
-158.3 383.1 2299.5 0 0 0 0 0 0 0 0 0
-1.6 -308.6 2410.0 0 0 0 0 0 0 0 0 0
-239.2 -846.5 2498.3 0 0 0 0 0 0 0 0 0
-79.5 -837.5 2512.2 0 0 0 0 0 0 0 0 0
-109.2 398.9 2464.5 7 0.9565904140 0.1004392728 -0.2735812366 -0.0733988881 0.9915064573 0.1073666960 0.2820413709 -0.0826253965 0.9558377266
-128.8 204.8 2480.6 0.9565904140 0.1004392728 -0.2735812366 -0.0733988881 0.9915064573 0.1073666960 0.2820413709 -0.0826253965 0.9558377266
-148.3 12.4 2496.6 0.9565968513 0.1004149541 -0.2735678256 -0.0733358487 0.9914967418 0.1074989960 0.2820361257 -0.0827708691 0.9558266401
-259.4 214.8 2442.1 0.5275536180 -0.7179241776 -0.4541717470 0.2130732089 0.6293528080 -0.7473385334 0.8223666549 0.2974893451 0.4849877656
-350.4 178.0 2300.3 -0.6654214859 -0.7179241776 -0.2044481337 -0.7459518313 0.6293528080 0.2178782523 -0.0277500656 0.2974893451 -0.9543217421
1.8 194.8 2519.2 0.1697931141 0.9742032886 0.1486546397 -0.9775188565 0.1856290996 -0.0999936461 -0.1250087768 -0.1283344775 0.9838206768
46.0 -59.6 2486.6 -0.2034289092 0.9617565870 0.1834148169 -0.9374313354 -0.1372626126 -0.3199709654 -0.2825581729 -0.2370301485 0.9295039773
-250.0 -170.2 2487.6 0.9859918356 -0.0207838938 -0.1654936522 0.0328137502 0.9969866276 0.0702916756 0.1635340303 -0.0747374818 0.9837026596
-241.9 -557.2 2516.6 0.9868836403 -0.0088533629 -0.1611903012 -0.0015889910 0.9979139566 -0.0645388886 0.1614254415 0.0639485046 0.9848108292
-77.7 -180.5 2535.0 0.8078343868 0.0733148232 -0.5848320723 -0.0761731863 0.9968989491 0.0197529253 0.5844666958 0.0285914335 0.8109138012
-106.1 -567.2 2523.9 0.8034104705 -0.0858097598 -0.5892098546 0.0487387665 0.9957177043 -0.0785544515 0.5934274197 0.0343941115 0.8041523099
-237.0 305.0 2305.0 0 0 0 0 0 0 0 0 0
-9.5 -315.1 2409.6 0 0 0 0 0 0 0 0 0
-239.4 -846.6 2498.0 0 0 0 0 0 0 0 0 0
-82.8 -837.5 2514.6 0 0 0 0 0 0 0 0 0
-113.6 394.9 2450.4 8 0.9533500075 0.0911271572 -0.2877839208 -0.0485647470 0.9872288704 0.1517255157 0.2979348898 -0.1306713670 0.9456002116
-131.4 201.9 2475.9 0.9533500075 0.0911271572 -0.2877839208 -0.0485647470 0.9872288704 0.1517255157 0.2979348898 -0.1306713670 0.9456002116
-149.1 10.5 2501.2 0.9533905983 0.0906547382 -0.2877986431 -0.0481238067 0.9872750044 0.1515656114 0.2978765368 -0.1306512654 0.9456213713
-261.6 208.4 2435.3 0.6216364503 -0.7306267619 -0.2824052274 0.3628146648 0.5880919099 -0.7228509188 0.6942144036 0.3468896747 0.6306614876
-373.5 143.1 2310.3 -0.6226837039 -0.7306267619 -0.2800885141 -0.7823336124 0.5880919099 0.2051876634 0.0148021951 0.3468896747 -0.9377891421
-1.2 195.4 2516.5 0.1582458913 0.9766772389 0.1451198906 -0.9796746373 0.1736514717 -0.1004132405 -0.1232716143 -0.1262802929 0.9843055606
41.5 -68.7 2483.3 -0.2152236104 0.9604459405 0.1766984761 -0.9365699887 -0.1517509818 -0.3159244359 -0.2766141891 -0.2334848791 0.9321852922
-253.5 -173.3 2487.3 0.9836299419 -0.0268731341 -0.1781852245 0.0388738997 0.9971793294 0.0642039552 0.1759572625 -0.0700796843 0.9819001555
-243.0 -560.4 2514.5 0.9847833514 -0.0174769852 -0.1729055196 0.0051637460 0.9974337816 -0.0714087337 0.1737098247 0.0694292933 0.9823464155
-82.2 -186.4 2537.9 0.7992852926 0.0539647974 -0.5985238552 -0.0592844076 0.9981824160 0.0108292298 0.5980203748 0.0268274900 0.8010317683
-103.1 -573.7 2527.5 0.7955795527 -0.0770424455 -0.6009306312 0.0305673517 0.9957227707 -0.0871883556 0.6050775647 0.0509964153 0.7945316434
-265.7 278.4 2307.7 0 0 0 0 0 0 0 0 0
-17.3 -324.2 2407.9 0 0 0 0 0 0 0 0 0
-238.1 -844.7 2494.8 0 0 0 0 0 0 0 0 0
-83.0 -833.6 2514.2 0 0 0 0 0 0 0 0 0
-113.6 390.5 2450.1 9 0.9606174827 0.0893537626 -0.2631157637 -0.0515498817 0.9877571464 0.1472359747 0.2730505466 -0.1278738678 0.9534629583
-131.1 197.2 2475.1 0.9606174827 0.0893537626 -0.2631157637 -0.0515498817 0.9877571464 0.1472359747 0.2730505466 -0.1278738678 0.9534629583
-148.4 5.6 2499.9 0.9606412053 0.0890820101 -0.2631213963 -0.0512875654 0.9877800941 0.1471734643 0.2730166018 -0.1278860420 0.9534710646
-262.3 204.2 2437.8 0.6301849484 -0.7296266556 -0.2655407190 0.3740011454 0.5849524736 -0.7196900249 0.6804337502 0.3542252779 0.6415094733
-385.8 130.9 2304.5 -0.6237170100 -0.7296266556 -0.2803962231 -0.7816269994 0.5849524736 0.2165405452 0.0060247052 0.3542252779 -0.9351407290
0.1 190.2 2512.3 0.1446035504 0.9753913879 0.1664374471 -0.9838358760 0.1596842855 -0.0810426250 -0.1056257263 -0.1520280689 0.9827159643
38.5 -71.4 2484.2 -0.2364962697 0.9513249993 0.1976114959 -0.9306720495 -0.1633627862 -0.3273562789 -0.2791398466 -0.2613300383 0.9240062833
-252.1 -176.5 2499.9 0.9881792665 -0.0201782584 -0.1519690305 0.0242982693 0.9993845224 0.0253025703 0.1513649374 -0.0286960602 0.9880613089
-244.3 -564.2 2511.0 0.9885169864 -0.0196757410 -0.1498233080 0.0113692805 0.9983605742 -0.0560977906 0.1506814361 0.0537502356 0.9871200323
-81.4 -185.1 2553.2 0.8134441972 0.0555800572 -0.5789813995 -0.0786204860 0.9967951775 -0.0147698112 0.5763049722 0.0575342141 0.8152070045
-102.9 -571.8 2530.9 0.8102108240 -0.0730225816 -0.5815721750 0.0218886416 0.9952865839 -0.0944749117 0.5857297778 0.0638147742 0.8079903126
-257.7 291.4 2303.2 0 0 0 0 0 0 0 0 0
-26.0 -325.3 2408.1 0 0 0 0 0 0 0 0 0
-238.7 -847.1 2495.8 0 0 0 0 0 0 0 0 0
-83.5 -836.7 2513.9 0 0 0 0 0 0 0 0 0
-117.1 396.0 2453.5 0 0.9628260136 0.0802612826 -0.2579227686 -0.0461151861 0.9896600246 0.1358177215 0.2661567628 -0.1188746765 0.9565716982
-132.8 202.3 2476.8 0.9628260136 0.0802612826 -0.2579227686 -0.0461151861 0.9896600246 0.1358177215 0.2661567628 -0.1188746765 0.9565716982
-148.4 10.2 2499.8 0.9628393650 0.0800992623 -0.2579233348 -0.0459504351 0.9896686077 0.1358110309 0.2661369741 -0.1189125180 0.9565724730
-264.3 208.5 2440.4 0.5789768696 -0.7213431597 -0.3800655901 0.2955676913 0.6201206446 -0.7266981006 0.7598851919 0.3084062338 0.5722412467
-372.9 153.1 2297.9 -0.6521545053 -0.7213431597 -0.2331491262 -0.7580853105 0.6201206446 0.2018836141 -0.0010467711 0.3084062338 -0.9512541890
-1.3 196.0 2513.1 0.1474150717 0.9738861918 0.1726685613 -0.9831039906 0.1634283513 -0.0824486092 -0.1085145026 -0.1575969756 0.9815232158
39.5 -76.2 2483.0 -0.2623367012 0.9429922104 0.2048050612 -0.9246752262 -0.1849579662 -0.3328156173 -0.2759622037 -0.2766879201 0.9204828143
-251.8 -181.4 2500.2 0.9891780615 -0.0174225271 -0.1456818283 0.0206325762 0.9995758533 0.0205527004 0.1452619582 -0.0233360715 0.9891179800
-245.0 -569.3 2509.3 0.9892868400 -0.0226627309 -0.1442149431 0.0162572917 0.9988347292 -0.0454404950 0.1450767070 0.0426091366 0.9885025024
-79.8 -190.6 2549.1 0.8178119659 0.0587812625 -0.5724756122 -0.0792314112 0.9967973232 -0.0108360816 0.5700052381 0.0542199314 0.8198501468
-102.6 -577.4 2528.1 0.8144707084 -0.0753951520 -0.5752851963 0.0311358552 0.9957720041 -0.0864217207 0.5793686509 0.0524759665 0.8133746386
-222.1 328.4 2298.1 0 0 0 0 0 0 0 0 0
-32.1 -328.5 2407.7 0 0 0 0 0 0 0 0 0
-238.7 -849.6 2497.3 0 0 0 0 0 0 0 0 0
-82.8 -839.2 2514.3 0 0 0 0 0 0 0 0 0
-119.1 398.0 2458.2 1 0.9649093747 0.0752974078 -0.2515555024 -0.0450904407 0.9912868738 0.1237625256 0.2586826682 -0.1080768779 0.9598972201
-133.8 203.9 2479.4 0.9649093747 0.0752974078 -0.2515555024 -0.0450904407 0.9912868738 0.1237625256 0.2586826682 -0.1080768779 0.9598972201
-148.4 11.5 2500.3 0.9649189711 0.0751762614 -0.2515549660 -0.0449640974 0.9912917018 0.1237697527 0.2586688995 -0.1081168428 0.9598964453
-265.6 210.0 2444.0 0.6202285290 -0.7041800022 -0.3456112444 0.3381252885 0.6375619173 -0.6922326684 0.7078049779 0.3124825358 0.6335351467
-393.1 140.5 2298.5 -0.6739249229 -0.7041800022 -0.2235077769 -0.7387104630 0.6375619173 0.2186816335 -0.0114911906 0.3124825358 -0.9498540163
-2.0 197.8 2514.7 0.1575393230 0.9714731574 0.1772603244 -0.9820846915 0.1729233712 -0.0748811737 -0.1033975035 -0.1622879058 0.9813111424
40.6 -68.2 2486.7 -0.2607013881 0.9415683150 0.2132695764 -0.9239872098 -0.1793266982 -0.3377715647 -0.2797900736 -0.2851158679 0.9167477489
-250.2 -177.7 2499.0 0.9902310371 -0.0117619224 -0.1389394850 0.0158507153 0.9994721413 0.0283587892 0.1385325938 -0.0302840434 0.9898947477
-245.7 -565.6 2510.8 0.9902223945 -0.0227861889 -0.1376243085 0.0162331387 0.9986887574 -0.0485516861 0.1385501623 0.0458428897 0.9892938137
-77.8 -185.9 2546.7 0.8221714497 0.0699088126 -0.5649308562 -0.0832667798 0.9965249896 0.0021353294 0.5631169677 0.0452843644 0.8251354694
-104.9 -572.7 2529.1 0.8176971078 -0.0863258243 -0.5691390634 0.0342316739 0.9942339659 -0.1016217843 0.5746299624 0.0636132583 0.8159373403
-258.0 288.7 2300.8 0 0 0 0 0 0 0 0 0
-30.5 -320.4 2410.3 0 0 0 0 0 0 0 0 0
-239.2 -850.1 2497.7 0 0 0 0 0 0 0 0 0
-81.9 -837.9 2512.2 0 0 0 0 0 0 0 0 0
-120.4 403.6 2462.3 2 0.9637944102 0.0716851056 -0.2568298280 -0.0439532883 0.9927197099 0.1121414974 0.2629989088 -0.0967928320 0.9599285126
-134.4 209.3 2481.2 0.9637944102 0.0716851056 -0.2568298280 -0.0439532883 0.9927197099 0.1121414974 0.2629989088 -0.0967928320 0.9599285126
-148.3 16.6 2500.0 0.9637970328 0.0716509521 -0.2568295300 -0.0439170823 0.9927208424 0.1121453568 0.2629953623 -0.0968061611 0.9599280953
-266.1 215.3 2445.3 0.6261711717 -0.7299432755 -0.2740301490 0.4262822866 0.6147902608 -0.6635633707 0.6528346539 0.2986900508 0.6961258054
-396.6 126.4 2309.2 -0.6419568658 -0.7299432755 -0.2346789539 -0.7666851282 0.6147902608 0.1850049198 0.0092352480 0.2986900508 -0.9543054700
-2.7 203.3 2517.1 0.1676256359 0.9708341360 0.1714138687 -0.9800776243 0.1828950346 -0.0774418339 -0.1065339223 -0.1550176591 0.9821507335
43.1 -64.8 2488.0 -0.2584909201 0.9429439902 0.2098548859 -0.9248780012 -0.1788549274 -0.3355765343 -0.2788963020 -0.2808336616 0.9183405042
-249.5 -176.8 2498.1 0.9895275235 -0.0088648340 -0.1440719217 0.0125628337 0.9996140599 0.0247783046 0.1437966675 -0.0263287649 0.9892569780
-246.1 -564.8 2508.4 0.9894244075 -0.0231289212 -0.1431936473 0.0175494701 0.9990413189 -0.0401056521 0.1439839751 0.0371685401 0.9888817668
-76.6 -184.8 2544.5 0.8195704818 0.0731445774 -0.5682904720 -0.0879528150 0.9961237311 0.0013681668 0.5661876798 0.0488614365 0.8228268623
-105.0 -571.5 2525.5 0.8153462410 -0.0856714025 -0.5726001263 0.0414763726 0.9950935841 -0.0898244008 0.5774860978 0.0494886115 0.8148991466
-265.4 283.1 2307.3 0 0 0 0 0 0 0 0 0
-27.5 -317.2 2411.9 0 0 0 0 0 0 0 0 0
-239.4 -851.2 2497.7 0 0 0 0 0 0 0 0 0
-81.8 -840.9 2512.1 0 0 0 0 0 0 0 0 0
-121.3 407.2 2464.4 3 0.9638317823 0.0690666735 -0.2574063540 -0.0426813476 0.9933722615 0.1067233682 0.2630713582 -0.0918769240 0.9603916407
-134.9 212.7 2482.4 0.9638317823 0.0690666735 -0.2574063540 -0.0426813476 0.9933722615 0.1067233682 0.2630713582 -0.0918769240 0.9603916407
-148.3 19.9 2500.2 0.9638330340 0.0690503716 -0.2574062049 -0.0426639095 0.9933727384 0.1067257524 0.2630697489 -0.0918838531 0.9603914022
-266.5 218.5 2446.5 0.5981515050 -0.7341424823 -0.3213248253 0.4239068031 0.6301290989 -0.6505692005 0.6800866127 0.2529271543 0.6881206632
-392.7 129.1 2303.0 -0.6490941644 -0.7341424823 -0.1992777586 -0.7606294155 0.6301290989 0.1561416537 0.0109405061 0.2529271543 -0.9674234390
-3.2 206.9 2518.4 0.1711527854 0.9703900218 0.1704403907 -0.9795047045 0.1862363219 -0.0767243057 -0.1061946973 -0.1538155824 0.9823764563
43.1 -57.9 2489.6 -0.2380500436 0.9483267665 0.2097819597 -0.9289608598 -0.1592674553 -0.3341639936 -0.2834852338 -0.2744269967 0.9188721180
-248.6 -172.1 2495.2 0.9894671440 -0.0060093435 -0.1446328312 0.0123663358 0.9989944696 0.0430938229 0.1442284435 -0.0444285013 0.9885465503
-246.2 -559.9 2512.5 0.9894078970 -0.0223491937 -0.1434311420 0.0151895927 0.9985923767 -0.0508190319 0.1443650126 0.0481020920 0.9883546829
-75.9 -180.0 2542.4 0.8196764588 0.0724469870 -0.5682269931 -0.0879990831 0.9961205721 0.0000618652 0.5660271049 0.0499527492 0.8228718042
-104.0 -566.7 2523.0 0.8159273267 -0.0825213864 -0.5722349286 0.0439825132 0.9957526922 -0.0808834881 0.5764790773 0.0408267155 0.8160913587
-244.0 303.4 2300.5 0 0 0 0 0 0 0 0 0
-21.9 -311.4 2412.3 0 0 0 0 0 0 0 0 0
-239.7 -850.0 2498.5 0 0 0 0 0 0 0 0 0
-81.5 -838.3 2511.8 0 0 0 0 0 0 0 0 0
-119.8 408.8 2467.7 4 0.9636505246 0.0729355067 -0.2570175529 -0.0493879952 0.9940661192 0.0969192460 0.2625612915 -0.0807026997 0.9615345001
-134.0 214.2 2483.5 0.9636505246 0.0729355067 -0.2570175529 -0.0493879952 0.9940661192 0.0969192460 0.2625612915 -0.0807026997 0.9615345001
-148.2 21.2 2499.2 0.9636515975 0.0729208365 -0.2570177019 -0.0493733697 0.9940670729 0.0969173312 0.2625601292 -0.0807047188 0.9615346789
-265.7 220.9 2447.6 0.5392289162 -0.7365135550 -0.4083870649 0.3385488987 0.6335971355 -0.6956574917 0.7711140513 0.2368596196 0.5909997225
-371.3 154.6 2296.5 -0.6530858874 -0.7365135550 -0.1761437207 -0.7572667599 0.6335971355 0.1584352553 -0.0050855572 0.2368596196 -0.9715305567
-2.4 207.4 2519.4 0.1706260294 0.9708566070 0.1682979614 -0.9795194268 0.1856575310 -0.0779291987 -0.1069038585 -0.1515543759 0.9826509356
