69.2 496.6 2697.8 5 0.9415252209 -0.0631279796 0.3309760690 0.0578207634 0.9979918003 0.0258674361 -0.3319443464 -0.0052175545 0.9432845116
81.9 297.1 2698.9 0.9415252209 -0.0631279796 0.3309760690 0.0578207634 0.9979918003 0.0258674361 -0.3319443464 -0.0052175545 0.9432845116
93.9 98.7 2699.5 0.9416371584 -0.0604888201 0.3311504424 0.0560132712 0.9981638789 0.0230516903 -0.3319367766 -0.0031575079 0.9432963729
-50.6 289.2 2745.6 0.2504110336 -0.9560348988 -0.1526158750 0.9625278711 0.2627951205 -0.0669243187 0.1040886939 -0.1301384419 0.9860169888
-110.4 59.5 2720.7 -0.1457980126 -0.9560348988 -0.2544410229 -0.0409073904 0.2627951205 -0.9639840722 0.9884682894 -0.1301384419 -0.0774239004
214.4 305.0 2652.1 0.2222557664 0.7284336090 0.6480638981 -0.9716064930 0.2207901329 0.0850443691 -0.0811369494 -0.6485646963 0.7568227053
275.0 40.2 2630.0 -0.0265947357 0.7280373573 0.6850214005 -0.9606472254 0.1709260046 -0.2189547271 -0.2764951885 -0.6638869643 0.6948413253
18.1 -105.1 2731.7 0.8735251427 0.0275705289 0.4859975874 -0.0306641534 0.9995284677 -0.0015877038 -0.4858122170 -0.0135158049 0.8739587069
7.1 -502.5 2737.1 0.8757811785 0.0012666568 0.4827066660 -0.1024937928 0.9776824713 0.1833903491 -0.4717015624 -0.2100842595 0.8563657403
191.4 -96.2 2672.0 0.8643652797 -0.0184599366 0.5025255680 0.0993859768 0.9858852029 -0.1347322613 -0.4929453433 0.1664018780 0.8539996147
198.7 -488.2 2605.9 0.8778369427 -0.1218715608 0.4631949961 0.0169431679 0.9743820429 0.2242600322 -0.4786598086 -0.1890157461 0.8574134707
-71.7 70.3 2458.3 0 0 0 0 0 0 0 0 0
267.5 -228.3 2552.7 0 0 0 0 0 0 0 0 0
6.8 -762.1 2792.9 0 0 0 0 0 0 0 0 0
229.8 -737.2 2654.2 0 0 0 0 0 0 0 0 0
69.8 500.2 2698.8 6 0.9395726323 -0.0640768036 0.3362996280 0.0598935932 0.9979441166 0.0228091031 -0.3370697498 -0.0012886171 0.9414787889
82.7 300.3 2699.1 0.9395726323 -0.0640768036 0.3362996280 0.0598935932 0.9979441166 0.0228091031 -0.3370697498 -0.0012886171 0.9414787889
94.8 101.9 2698.5 0.9396687150 -0.0609710328 0.3366083801 0.0583595075 0.9981355071 0.0178805627 -0.3370709717 0.0028424927 0.9414749742
-49.6 292.1 2746.5 0.2362359464 -0.9617089033 -0.1389551312 0.9672176242 0.2464436740 -0.0612824298 0.0931804776 -0.1199227497 0.9884006977
-107.9 53.3 2723.5 -0.1360838860 -0.9617089033 -0.2379015088 -0.0495639592 0.2464436740 -0.9678888917 0.9894567132 -0.1199227497 -0.0812031180
214.9 308.6 2651.6 0.2254407555 0.7240804434 0.6518312693 -0.9703314304 0.2268746495 0.0835749507 -0.0873690024 -0.6513335705 0.7537447810
276.0 45.9 2628.0 -0.0301438738 0.7237962484 0.6893550158 -0.9654769897 0.1574409008 -0.2075249106 -0.2587384284 -0.6718119979 0.6940627098
19.5 -104.9 2730.6 0.8702253103 0.0349006318 0.4914161563 -0.0429712906 0.9990630746 0.0051418161 -0.4907762706 -0.0255913250 0.8709096909
5.6 -502.1 2740.7 0.8715962172 -0.0020262080 0.4902202487 -0.0958257169 0.9799965024 0.1744257063 -0.4807675481 -0.1990044862 0.8539670706
192.3 -94.6 2669.6 0.8615193963 -0.0193702914 0.5073550344 0.0985994413 0.9866309762 -0.1297592372 -0.4980587065 0.1618150324 0.8519116044
200.0 -486.9 2605.3 0.8763634562 -0.1156125665 0.4675690830 0.0066421228 0.9735730290 0.2282793373 -0.4816046059 -0.1969500184 0.8539717197
-72.1 66.3 2463.0 0 0 0 0 0 0 0 0 0
267.5 -223.9 2555.7 0 0 0 0 0 0 0 0 0
6.2 -761.5 2793.4 0 0 0 0 0 0 0 0 0
230.5 -743.7 2657.3 0 0 0 0 0 0 0 0 0
67.3 500.6 2697.8 7 0.9381101131 -0.0721085891 0.3387472928 0.0653621927 0.9973706603 0.0312978365 -0.3401134610 -0.0072195511 0.9403566718
81.8 300.0 2699.2 0.9381101131 -0.0721085891 0.3387472928 0.0653621927 0.9973706603 0.0312978365 -0.3401134610 -0.0072195511 0.9403566718
95.2 101.7 2699.8 0.9382975101 -0.0676362291 0.3391505778 0.0626869202 0.9977063537 0.0255406201 -0.3401001692 -0.0027043966 0.9403853416
-50.3 291.2 2747.1 0.2266843766 -0.9625174403 -0.1489105076 0.9681099653 0.2394156754 -0.0737782866 0.1066644043 -0.1274373531 0.9860945344
-106.7 50.2 2720.6 -0.1424409449 -0.9625174403 -0.2308045179 -0.0463733152 0.2394156754 -0.9698090553 0.9887163639 -0.1274373531 -0.0787377208
213.8 308.8 2651.4 0.2285931408 0.7225001454 0.6524865627 -0.9706781507 0.2203476578 0.0960773006 -0.0743580163 -0.6553170681 0.7516850829
275.5 46.7 2631.3 -0.0272217989 0.7221545577 0.6911958456 -0.9641583562 0.1635929346 -0.2088923156 -0.2639273107 -0.6721087098 0.6918180585
20.7 -101.9 2728.8 0.8691890836 0.0356941298 0.4931899309 -0.0371227227 0.9992868900 -0.0068979743 -0.4930844605 -0.0123129077 0.8698943257
6.5 -499.2 2733.7 0.8715529442 0.0050141905 0.4902757406 -0.1149914563 0.9741479158 0.1944550276 -0.4766260684 -0.2258553654 0.8495981097
193.1 -91.2 2667.0 0.8596318364 -0.0203519594 0.5105084181 0.0925410166 0.9888812304 -0.1164046004 -0.5024631619 0.1473080814 0.8519572020
201.2 -484.3 2608.4 0.8728625178 -0.1074270234 0.4759941995 0.0045069288 0.9771986604 0.2122790813 -0.4879454374 -0.1831451803 0.8534442782
-69.7 62.2 2463.9 0 0 0 0 0 0 0 0 0
267.9 -222.7 2557.5 0 0 0 0 0 0 0 0 0
5.1 -766.9 2795.8 0 0 0 0 0 0 0 0 0
229.9 -745.4 2657.4 0 0 0 0 0 0 0 0 0
65.9 497.3 2698.3 8 0.9408230782 -0.0744296610 0.3306239545 0.0676968768 0.9971974492 0.0318497308 -0.3320679367 -0.0075827506 0.9432250261
80.8 297.1 2699.8 0.9408230782 -0.0744296610 0.3306239545 0.0676968768 0.9971974492 0.0318497308 -0.3320679367 -0.0075827506 0.9432250261
95.1 98.8 2700.1 0.9408569336 -0.0718190670 0.3311046064 0.0672348738 0.9974164963 0.0252944920 -0.3320658207 -0.0015367228 0.9432549477
-51.6 287.6 2746.5 0.2207629085 -0.9620687366 -0.1602730602 0.9695961475 0.2342707068 -0.0707147121 0.1055796966 -0.1397889555 0.9845364094
-106.4 46.8 2720.3 -0.1537043601 -0.9620687366 -0.2253856361 -0.0421392843 0.2342707068 -0.9712576866 0.9872179627 -0.1397889555 -0.0765493140
213.2 306.5 2653.1 0.2304580212 0.7265024185 0.6473664641 -0.9697003961 0.2268784940 0.0905939341 -0.0810568109 -0.6486296058 0.7567756772
275.1 46.1 2631.3 -0.0280596577 0.7263121605 0.6867920160 -0.9647958875 0.1600586474 -0.2086867392 -0.2614987195 -0.6684697866 0.6962518096
22.6 -102.4 2731.5 0.8731426001 0.0388906151 0.4859110415 -0.0416377038 0.9991195202 -0.0051464513 -0.4856833518 -0.0157386344 0.8739930987
7.1 -499.7 2737.8 0.8744658232 0.0078978073 0.4850227833 -0.1052494273 0.9791379571 0.1738144904 -0.4735314548 -0.2030432075 0.8570539355
194.7 -90.9 2669.1 0.8635815978 -0.0064865281 0.5041673779 0.0881790295 0.9864501953 -0.1383492053 -0.4964385629 0.1639328152 0.8524522185
197.3 -483.0 2603.9 0.8766428232 -0.1196801290 0.4660193026 0.0070376676 0.9716557264 0.2362957001 -0.4810902178 -0.2038672566 0.8526372910
-66.9 57.6 2466.5 0 0 0 0 0 0 0 0 0
267.3 -223.6 2558.2 0 0 0 0 0 0 0 0 0
4.9 -766.8 2793.2 0 0 0 0 0 0 0 0 0
230.1 -749.3 2659.8 0 0 0 0 0 0 0 0 0
67.1 497.7 2698.0 9 0.9402956963 -0.0693026185 0.3332283199 0.0629699081 0.9975709915 0.0297812335 -0.3344828188 -0.0070198104 0.9423757195
81.0 297.7 2699.4 0.9402956963 -0.0693026185 0.3332283199 0.0629699081 0.9975709915 0.0297812335 -0.3344828188 -0.0070198104 0.9423757195
94.1 99.3 2700.1 0.9404401183 -0.0656507537 0.3335601687 0.0608349405 0.9978378415 0.0248746388 -0.3344720006 -0.0031009940 0.9424005747
-51.3 289.1 2746.5 0.2197296172 -0.9607862234 -0.1691413075 0.9702053070 0.2333559692 -0.0651665926 0.1020812914 -0.1497827619 0.9834350944
-106.8 44.4 2720.8 -0.1645427048 -0.9607862234 -0.2231940478 -0.0450085960 0.2333559692 -0.9713491797 0.9853425622 -0.1497827619 -0.0816406608
213.4 306.2 2652.4 0.2337585092 0.7216641307 0.6515809894 -0.9672327638 0.2408921868 0.0801982209 -0.0990845934 -0.6489775181 0.7543277740
275.7 48.2 2625.9 -0.0320584215 0.7222947478 0.6908419728 -0.9716191292 0.1395565420 -0.1909981519 -0.2343684733 -0.6773583293 0.6973213553
23.1 -105.7 2730.9 0.8716972470 0.0353562869 0.4887676835 -0.0474059023 0.9988000393 0.0122956866 -0.4877464473 -0.0338885896 0.8723273277
9.0 -502.7 2744.4 0.8723750114 0.0100508379 0.4887338579 -0.0991963670 0.9826274514 0.1568547040 -0.4786667824 -0.1853167564 0.8582166433
195.7 -93.3 2670.0 0.8628894687 -0.0045133494 0.5053725243 0.0840294957 0.9873228669 -0.1346571594 -0.4983581305 0.1586604416 0.8523297906
197.5 -485.9 2606.9 0.8749014735 -0.1166013032 0.4700548649 0.0068028965 0.9734472632 0.2288102210 -0.4842531979 -0.1969886571 0.8524636626
-64.7 55.9 2468.8 0 0 0 0 0 0 0 0 0
266.8 -223.3 2560.4 0 0 0 0 0 0 0 0 0
6.3 -765.2 2793.9 0 0 0 0 0 0 0 0 0
229.8 -755.3 2661.4 0 0 0 0 0 0 0 0 0
66.4 502.1 2697.4 0 0.9397344589 -0.0651366860 0.3356432319 0.0575738959 0.9978138804 0.0324455127 -0.3370228708 -0.0111658797 0.9414302707
79.5 302.1 2699.6 0.9397344589 -0.0651366860 0.3356432319 0.0575738959 0.9978138804 0.0324455127 -0.3370228708 -0.0111658797 0.9414302707
91.5 103.6 2701.3 0.9399405122 -0.0606165826 0.3359128833 0.0543033481 0.9981271625 0.0281654540 -0.3369910717 -0.0082326569 0.9414718747
-52.8 294.4 2747.1 0.2035349458 -0.9653729796 -0.1631824076 0.9708094001 0.2205973268 -0.0941588804 0.1268960387 -0.1392543912 0.9820924401
-105.9 41.5 2714.0 -0.1539721638 -0.9653729796 -0.2105885595 -0.0509048775 0.2205973268 -0.9740356803 0.9867630005 -0.1392543912 -0.0831080452
211.7 309.7 2652.2 0.2345221639 0.7212855220 0.6517258286 -0.9681178331 0.2339980304 0.0894021764 -0.0880180597 -0.6519141793 0.7531671524
276.1 43.9 2628.0 -0.0317536853 0.7212340832 0.6919631958 -0.9676772356 0.1511095762 -0.2019076943 -0.2501849830 -0.6760083437 0.6931235194
20.8 -104.6 2731.4 0.8708428741 0.0337861702 0.4903990328 -0.0394637249 0.9992202520 0.0012375154 -0.4899748266 -0.0204306524 0.8714971542
7.4 -501.9 2739.5 0.8723435998 -0.0015116448 0.4888910055 -0.0954206586 0.9802369475 0.1732929647 -0.4794909656 -0.1978213042 0.8549591303
193.4 -93.5 2670.0 0.8620750308 -0.0086798156 0.5067063570 0.0883858651 0.9871044159 -0.1334646046 -0.4990136325 0.1598421782 0.8517252207
196.9 -485.9 2606.4 0.8735228181 -0.1236856058 0.4708075523 0.0168513600 0.9742849469 0.2246883512 -0.4864914417 -0.1883366555 0.8531444073
-66.5 54.5 2462.0 0 0 0 0 0 0 0 0 0
267.3 -226.5 2558.1 0 0 0 0 0 0 0 0 0
7.8 -765.6 2792.7 0 0 0 0 0 0 0 0 0
230.4 -749.9 2657.5 0 0 0 0 0 0 0 0 0
64.8 503.3 2697.1 1 0.9308170676 -0.0637407601 0.3598842323 0.0550434068 0.9978920817 0.0343751088 -0.3613167107 -0.0121876849 0.9323635101
77.6 303.1 2699.5 0.9308170676 -0.0637407601 0.3598842323 0.0550434068 0.9978920817 0.0343751088 -0.3613167107 -0.0121876849 0.9323635101
89.1 104.6 2700.8 0.9310165048 -0.0578698963 0.3603600860 0.0517706536 0.9983056188 0.0265637431 -0.3612867594 -0.0060752044 0.9324349761
-53.4 295.8 2750.4 0.1882779151 -0.9701307416 -0.1529631764 0.9725348353 0.2058680058 -0.1086017042 0.1368480772 -0.1283147186 0.9822463989
-103.7 36.3 2713.9 -0.1434956193 -0.9701307416 -0.1955896467 -0.0605264269 0.2058680058 -0.9767061472 0.9877983332 -0.1283147186 -0.0882597044
208.5 310.3 2648.7 0.2492365688 0.7047849298 0.6641982198 -0.9657181501 0.2322808355 0.1159055158 -0.0725920573 -0.6703162193 0.7385165095
276.0 48.9 2629.1 -0.0299438965 0.7045990229 0.7089736462 -0.9677110910 0.1571635455 -0.1970656067 -0.2502770424 -0.6919825673 0.6771422029
17.3 -99.8 2733.8 0.8582316637 0.0225458462 0.5127671361 -0.0232100151 0.9997175336 -0.0051093530 -0.5127374530 -0.0075163241 0.8585125208
8.3 -497.2 2736.8 0.8612822890 0.0002507196 0.5081267357 -0.1061174199 0.9780383706 0.1793880016 -0.4969224334 -0.2084248066 0.8423936963
189.8 -89.8 2672.0 0.8489596844 -0.0129371751 0.5282992721 0.1005033627 0.9854071736 -0.1373746246 -0.5188126564 0.1697213650 0.8378711343
194.9 -481.6 2604.5 0.8630372882 -0.1351556480 0.4867232740 0.0204442348 0.9720972180 0.2336857468 -0.5047262907 -0.1917288303 0.8417193294
-67.2 51.7 2463.0 0 0 0 0 0 0 0 0 0
267.7 -221.6 2559.1 0 0 0 0 0 0 0 0 0
8.3 -764.4 2793.8 0 0 0 0 0 0 0 0 0
232.1 -748.5 2657.2 0 0 0 0 0 0 0 0 0
64.3 502.3 2696.9 2 0.9299189448 -0.0611574091 0.3626437485 0.0531028584 0.9980714321 0.0321475603 -0.3639104366 -0.0106372079 0.9313731790
76.5 302.5 2699.1 0.9299189448 -0.0611574091 0.3626437485 0.0531028584 0.9980714321 0.0321475603 -0.3639104366 -0.0106372079 0.9313731790
87.7 104.0 2700.4 0.9300865531 -0.0564817488 0.3629722297 0.0502589941 0.9983826280 0.0265727881 -0.3638860583 -0.0064723734 0.9314209819
-54.4 295.4 2750.3 0.1490813047 -0.9818568230 -0.1171835288 0.9818144441 0.1610678136 -0.1004863307 0.1175376773 -0.1000718474 0.9880134463
-94.0 34.1 2719.0 -0.1059726551 -0.9818568230 -0.1572482437 -0.0284498911 0.1610678136 -0.9865332246 0.9939619899 -0.1000718474 -0.0450025015
207.4 309.5 2647.9 0.2568460405 0.7021095157 0.6641327739 -0.9639733434 0.2353029549 0.1240479574 -0.0691771433 -0.6720675230 0.7372515202
276.1 51.6 2629.4 -0.0304019935 0.7018156052 0.7117096186 -0.9657571316 0.1629240364 -0.2019132078 -0.2576604486 -0.6934772134 0.6728302240
15.2 -98.6 2735.1 0.8570218682 0.0242629703 0.5147084594 -0.0145886987 0.9996328950 -0.0228308458 -0.5150734782 0.0120576080 0.8570612073
5.5 -496.0 2730.3 0.8621069193 -0.0150777362 0.5065020323 -0.1049421355 0.9725744724 0.2075718492 -0.4957406521 -0.2321025282 0.8368808627
186.0 -89.1 2668.8 0.8476793766 -0.0244830661 0.5299437046 0.0981348678 0.9889313579 -0.1112850904 -0.5213533044 0.1463400275 0.8406993151
195.7 -482.2 2610.7 0.8583177924 -0.1418462545 0.4931229055 0.0367618985 0.9755609035 0.2166321427 -0.5117998719 -0.1678110957 0.8425558209
-67.0 41.3 2465.3 0 0 0 0 0 0 0 0 0
267.6 -218.3 2557.3 0 0 0 0 0 0 0 0 0
9.7 -764.3 2794.4 0 0 0 0 0 0 0 0 0
234.0 -745.7 2656.0 0 0 0 0 0 0 0 0 0
63.9 502.7 2695.9 3 0.9333568811 -0.0606884845 0.3537822664 0.0523323901 0.9980794191 0.0331478789 -0.3551144898 -0.0124245267 0.9347402453
76.1 303.0 2698.3 0.9333568811 -0.0606884845 0.3537822664 0.0523323901 0.9980794191 0.0331478789 -0.3551144898 -0.0124245267 0.9347402453
87.2 104.5 2700.2 0.9335495830 -0.0560162552 0.3540442884 0.0490353666 0.9983856082 0.0286655650 -0.3550784588 -0.0094000362 0.9347892404
-55.3 296.1 2748.3 0.1650939286 -0.9765553474 -0.1381435394 0.9826652408 0.1748450398 -0.0616301000 0.0843389183 -0.1255740970 0.9884928465
-99.1 35.3 2725.9 -0.1284484118 -0.9765553474 -0.1727444530 -0.0051750015 0.1748450398 -0.9845823646 0.9917026758 -0.1255740970 -0.0275122430
207.4 309.9 2648.4 0.2551816702 0.7075549364 0.6589751840 -0.9641623497 0.2373962849 0.1184652150 -0.0726176053 -0.6655892134 0.7427769899
275.9 51.2 2628.9 -0.0291686505 0.7075197697 0.7060913444 -0.9667673707 0.1595231146 -0.1997830123 -0.2539883256 -0.6884534359 0.6793539524
13.6 -99.1 2735.0 0.8618586659 0.0232485496 0.5066153407 -0.0183118507 0.9997239113 -0.0147249810 -0.5068178177 0.0034137883 0.8620464206
4.4 -496.6 2733.7 0.8659791946 -0.0239601806 0.4995056689 -0.0904028788 0.9748939276 0.2034924775 -0.4918407500 -0.2213770151 0.8420717716
184.3 -89.9 2668.3 0.8525707126 -0.0349089839 0.5214446783 0.0999427959 0.9902424812 -0.0971146971 -0.5129665136 0.1349117905 0.8477406502
198.2 -483.5 2614.6 0.8626474738 -0.1338212192 0.4877819419 0.0386935808 0.9789998531 0.2001550943 -0.5043234229 -0.1537892520 0.8497098088
-66.0 36.6 2470.6 0 0 0 0 0 0 0 0 0
267.8 -219.0 2557.9 0 0 0 0 0 0 0 0 0
10.8 -756.3 2792.6 0 0 0 0 0 0 0 0 0
234.0 -745.6 2655.8 0 0 0 0 0 0 0 0 0
65.0 500.9 2697.3 4 0.9326478243 -0.0580178909 0.3560926616 0.0509936400 0.9982752204 0.0290899444 -0.3571662307 -0.0089722099 0.9339977503
76.6 301.1 2699.1 0.9326478243 -0.0580178909 0.3560926616 0.0509936400 0.9982752204 0.0290899444 -0.3571662307 -0.0089722099 0.9339977503
86.8 102.5 2700.0 0.9328893423 -0.0516090915 0.3564462960 0.0465937965 0.9986571074 0.0226483811 -0.3571364880 -0.0045202482 0.9340412617
-54.7 294.5 2749.4 0.1608261317 -0.9773039222 -0.1378841847 0.9836857915 0.1701263338 -0.0584748052 0.0806053877 -0.1262304336 0.9887207150
-97.1 35.5 2728.2 -0.1237530261 -0.9773039222 -0.1719368547 0.0251319483 0.1701263338 -0.9851016998 0.9919947386 -0.1262304336 0.0035079010
207.9 307.6 2648.9 0.2566341162 0.7070335746 0.6589707136 -0.9639083743 0.2372104675 0.1208794117 -0.0708489493 -0.6662092209 0.7423918843
276.0 51.9 2630.1 -0.0293570552 0.7068484426 0.7067555785 -0.9650063515 0.1642817706 -0.2043875605 -0.2605780959 -0.6880238652 0.6772903800
12.7 -98.5 2734.7 0.8606150746 0.0195115916 0.5088821054 -0.0161342192 0.9998087883 -0.0110487435 -0.5090004206 0.0012982996 0.8607652783
4.9 -496.0 2734.1 0.8647611737 -0.0190503001 0.5018218756 -0.0928341150 0.9759929776 0.1970266849 -0.4935280383 -0.2169672251 0.8422323465
184.0 -89.5 2669.5 0.8513321280 -0.0355498455 0.5234212279 0.1112482697 0.9872450233 -0.1138907224 -0.5126962066 0.1551885307 0.8444283009
198.1 -481.9 2607.8 0.8654662371 -0.1330792308 0.4829680324 0.0298536737 0.9760583043 0.2154505849 -0.5000769496 -0.1720468402 0.8487184048
-65.0 29.0 2471.2 0 0 0 0 0 0 0 0 0
267.8 -217.8 2557.2 0 0 0 0 0 0 0 0 0
10.0 -756.8 2792.1 0 0 0 0 0 0 0 0 0
234.6 -749.3 2655.0 0 0 0 0 0 0 0 0 0
66.9 502.9 2696.5 5 0.9306725860 -0.0523854159 0.3620832860 0.0462217592 0.9986013174 0.0256703999 -0.3629215956 -0.0071546114 0.9317921996
77.4 302.9 2698.0 0.9306725860 -0.0523854159 0.3620832860 0.0462217592 0.9986013174 0.0256703999 -0.3629215956 -0.0071546114 0.9317921996
86.4 104.3 2698.5 0.9309117794 -0.0452913046 0.3624251485 0.0413304828 0.9989709258 0.0186787918 -0.3628981709 -0.0024091005 0.9318256974
-53.6 297.1 2749.1 0.1528308839 -0.9806479216 -0.1223616377 0.9863438606 0.1590532064 -0.0427535214 0.0613881648 -0.1141565889 0.9915642738
-94.4 33.7 2732.7 -0.1110626385 -0.9806479216 -0.1612288356 0.0282370951 0.1590532064 -0.9868661165 0.9934121966 -0.1141565889 0.0100257806
208.4 308.7 2646.9 0.2550825179 0.7028691173 0.6640089750 -0.9638441205 0.2395598441 0.1166860089 -0.0770548955 -0.6697657108 0.7385637760
276.3 52.2 2626.4 -0.0308353174 0.7030096650 0.7105115056 -0.9697757363 0.1510946900 -0.1915864497 -0.2420416474 -0.6949444413 0.6771026850
11.5 -100.3 2733.7 0.8573164940 0.0130012268 0.5146254897 -0.0193406828 0.9997887015 0.0069615808 -0.5144262314 -0.0159214865 0.8573868275
6.3 -497.7 2740.0 0.8602446914 -0.0110203521 0.5097623467 -0.0888854936 0.9812167883 0.1712104380 -0.5020741224 -0.1925933510 0.8431069851
182.7 -91.7 2668.1 0.8482956886 -0.0459201224 0.5275279880 0.1200486049 0.9869707227 -0.1071315706 -0.5157351494 0.1542082429 0.8427556157
200.9 -484.1 2606.8 0.8675506711 -0.1189092845 0.4829248190 0.0088164955 0.9745226502 0.2241156995 -0.4972706139 -0.1901740283 0.8464961648
-65.6 26.4 2474.9 0 0 0 0 0 0 0 0 0
267.7 -218.8 2558.8 0 0 0 0 0 0 0 0 0
9.3 -758.7 2791.2 0 0 0 0 0 0 0 0 0
233.9 -754.1 2659.5 0 0 0 0 0 0 0 0 0
66.6 504.8 2696.7 6 0.9262261987 -0.0502769835 0.3736003637 0.0434231982 0.9986987114 0.0267447680 -0.3744588494 -0.0085487831 0.9272041321
76.7 304.5 2698.4 0.9262261987 -0.0502769835 0.3736003637 0.0434231982 0.9986987114 0.0267447680 -0.3744588494 -0.0085487831 0.9272041321
85.7 105.9 2699.0 0.9263634682 -0.0450811163 0.3739229739 0.0405475087 0.9989777207 0.0199861955 -0.3744417131 -0.0033528365 0.9272443652
-53.7 298.8 2751.1 0.1477759480 -0.9819407463 -0.1181298047 0.9873345494 0.1534397900 -0.0403326899 0.0577301234 -0.1106734350 0.9921787381
-93.2 34.4 2735.6 -0.1070989445 -0.9819407463 -0.1559557468 0.0313946642 0.1534397900 -0.9876591563 0.9937525988 -0.1106734350 0.0143944612
207.1 310.2 2645.7 0.2549464107 0.6987447143 0.6683996916 -0.9654399753 0.2226233631 0.1355155706 -0.0541105866 -0.6798489690 0.7313531637
275.9 49.8 2631.1 -0.0317249298 0.6980771422 0.7153193951 -0.9641457200 0.1672813743 -0.2060097158 -0.2634702921 -0.6962077618 0.6677410603
10.0 -98.1 2732.2 0.8509331346 0.0101680635 0.5251756310 -0.0162725523 0.9998430610 0.0070079174 -0.5250219107 -0.0145092169 0.8509650230
6.0 -495.6 2738.0 0.8542510271 -0.0090173176 0.5197825432 -0.0932288393 0.9809828997 0.1702378690 -0.5114328861 -0.1938845962 0.8371649981
180.8 -90.5 2665.7 0.8414273262 -0.0584087186 0.5372043848 0.1278572530 0.9874317646 -0.0929031074 -0.5250263214 0.1468566805 0.8383200169
204.1 -483.1 2607.3 0.8635622263 -0.1060265824 0.4929692447 -0.0036113358 0.9763180017 0.2163101882 -0.5042293668 -0.1885775924 0.8427284360
-65.4 26.2 2477.5 0 0 0 0 0 0 0 0 0
267.0 -219.6 2557.5 0 0 0 0 0 0 0 0 0
8.4 -761.9 2790.6 0 0 0 0 0 0 0 0 0
233.1 -750.5 2658.9 0 0 0 0 0 0 0 0 0
66.5 503.3 2697.2 7 0.9296720028 -0.0495300852 0.3650434315 0.0437567793 0.9987520576 0.0240760986 -0.3657803833 -0.0064097499 0.9306791425
76.5 303.2 2698.5 0.9296720028 -0.0495300852 0.3650434315 0.0437567793 0.9987520576 0.0240760986 -0.3657803833 -0.0064097499 0.9306791425
85.1 104.6 2698.6 0.9298247099 -0.0436999574 0.3653988242 0.0404846631 0.9990445971 0.0164602734 -0.3657690287 -0.0005121190 0.9307054877
-54.4 297.5 2750.0 0.1467496008 -0.9812474847 -0.1249716282 0.9879142642 0.1517615914 -0.0315244235 0.0498991534 -0.1188350543 0.9916593432
-92.9 38.3 2736.9 -0.1113911197 -0.9812474847 -0.1573066115 0.0566747300 0.1517615914 -0.9867909551 0.9921592474 -0.1188350543 0.0387070440
207.3 308.9 2647.0 0.2566753626 0.7038236856 0.6623820066 -0.9646121264 0.2293403000 0.1301016808 -0.0603422448 -0.6723356247 0.7377828956
275.8 51.4 2630.9 -0.0327706449 0.7032361031 0.7102007270 -0.9647802114 0.1633096039 -0.2062257528 -0.2610079944 -0.6919457912 0.6731165051
9.6 -96.4 2734.1 0.8557702899 0.0082074413 0.5172908306 -0.0093619572 0.9999561310 -0.0003777291 -0.5172712207 -0.0045196055 0.8558095694
6.4 -494.0 2735.9 0.8597974181 -0.0115220211 0.5105052590 -0.0922320709 0.9797979593 0.1774519533 -0.5022366047 -0.1996576935 0.8413650990
179.6 -89.0 2665.4 0.8466655612 -0.0523375869 0.5295453072 0.1235976666 0.9872771502 -0.1000370979 -0.5175722837 0.1501485258 0.8423623443
200.4 -481.5 2605.7 0.8659281731 -0.1236890182 0.4846333265 0.0146820955 0.9748086929 0.2225589603 -0.4999528527 -0.1856046468 0.8459302783
-63.9 23.5 2478.7 0 0 0 0 0 0 0 0 0
266.7 -218.2 2558.0 0 0 0 0 0 0 0 0 0
9.5 -758.2 2789.7 0 0 0 0 0 0 0 0 0
234.2 -747.6 2656.3 0 0 0 0 0 0 0 0 0
66.7 500.8 2697.0 8 0.9258780479 -0.0481936894 0.3747362494 0.0433061756 0.9988313913 0.0214581080 -0.3753324747 -0.0036391956 0.9268831015
76.3 301.1 2697.7 0.9258780479 -0.0481936894 0.3747362494 0.0433061756 0.9988313913 0.0214581080 -0.3753324747 -0.0036391956 0.9268831015
85.0 102.5 2697.5 0.9259919524 -0.0436604470 0.3750102818 0.0408284962 0.9990459681 0.0154980691 -0.3753291667 0.0009600188 0.9268910885
-54.0 295.4 2750.5 0.1236224324 -0.9876365662 -0.0963926613 0.9909362197 0.1280104667 -0.0407278650 0.0525635965 -0.0904840976 0.9945097566
-86.2 37.0 2736.8 -0.0846432075 -0.9876365662 -0.1319453567 0.0503662303 0.1280104667 -0.9904931188 0.9951375723 -0.0904840976 0.0389083177
206.7 306.9 2644.9 0.2602232397 0.6958526969 0.6693824530 -0.9633672237 0.2336875647 0.1315816045 -0.0648649484 -0.6791017056 0.7311726213
275.7 51.2 2627.7 -0.0332579017 0.6954509616 0.7178034782 -0.9682998657 0.1554801613 -0.1955026090 -0.2475666851 -0.7015510201 0.6682341695
8.5 -97.8 2732.3 0.8503729701 0.0084968358 0.5261118412 -0.0087166009 0.9999598861 -0.0020606529 -0.5261082053 -0.0028335834 0.8504129052
5.1 -495.3 2733.4 0.8552780151 -0.0150130745 0.5179518461 -0.0979163572 0.9768887758 0.1900018603 -0.5088338852 -0.2132203728 0.8340414762
179.1 -90.3 2665.2 0.8405463099 -0.0591115132 0.5385051370 0.1370906234 0.9848843217 -0.1058727354 -0.5241069198 0.1628149450 0.8359444737
202.6 -481.9 2600.4 0.8672403097 -0.1083563939 0.4859558940 -0.0112991082 0.9714964628 0.2367846370 -0.4977615476 -0.2108400613 0.8412965536
-64.3 23.9 2479.3 0 0 0 0 0 0 0 0 0
266.4 -219.4 2558.5 0 0 0 0 0 0 0 0 0
9.2 -760.6 2791.3 0 0 0 0 0 0 0 0 0
232.8 -752.4 2659.1 0 0 0 0 0 0 0 0 0
68.3 500.6 2696.4 9 0.9259347916 -0.0420008264 0.3753407300 0.0375610664 0.9991109967 0.0191409774 -0.3758109808 -0.0036250984 0.9266892672
76.7 300.8 2697.1 0.9259347916 -0.0420008264 0.3753407300 0.0375610664 0.9991109967 0.0191409774 -0.3758109808 -0.0036250984 0.9266892672
83.8 102.1 2696.9 0.9260947108 -0.0356859230 0.3755996227 0.0334471613 0.9993625283 0.0124812098 -0.3758055866 0.0010039581 0.9266979694
-53.6 296.1 2750.0 0.1037551016 -0.9914047718 -0.0796962306 0.9934625626 0.1071387976 -0.0394133963 0.0476131849 -0.0750858784 0.9960396886
-81.0 34.0 2737.4 -0.0701754838 -0.9914047718 -0.1104174480 0.0488939136 0.1071387976 -0.9930410981 0.9963356853 -0.0750858784 0.0409551449
207.0 305.5 2644.2 0.2593238354 0.6970189214 0.6685175896 -0.9639620185 0.2293749601 0.1347752661 -0.0594002716 -0.6793760061 0.7313821912
275.9 49.5 2628.5 -0.0321815237 0.6964622140 0.7168715000 -0.9658260942 0.1628903300 -0.2016103566 -0.2571854293 -0.6988613009 0.6674193144
8.7 -99.8 2731.8 0.8500772119 0.0104317171 0.5265547633 -0.0101285279 0.9999427199 -0.0034584987 -0.5265606642 -0.0023932338 0.8501341939
4.6 -497.4 2732.7 0.8551431894 -0.0157623179 0.5181521177 -0.1002021506 0.9756612182 0.1950505674 -0.5086153746 -0.2187161297 0.8327506185
178.7 -92.4 2662.9 0.8417502642 -0.0524634719 0.5373119116 0.1226442456 0.9878275990 -0.0956817791 -0.5257517695 0.1464383751 0.8379384875
199.5 -485.0 2604.7 0.8629858494 -0.1193735898 0.4909229577 0.0030038913 0.9728809595 0.2312867492 -0.5052191615 -0.1981225163 0.8399411440
-62.8 21.3 2479.8 0 0 0 0 0 0 0 0 0
266.9 -220.4 2556.6 0 0 0 0 0 0 0 0 0
8.8 -759.1 2791.4 0 0 0 0 0 0 0 0 0
231.9 -749.3 2658.5 0 0 0 0 0 0 0 0 0
68.9 501.7 2695.6 0 0.9250171781 -0.0398115031 0.3778336644 0.0345385149 0.9991884828 0.0207246654 -0.3783521056 -0.0061208573 0.9256415367
76.9 301.8 2696.8 0.9250171781 -0.0398115031 0.3778336644 0.0345385149 0.9991884828 0.0207246654 -0.3783521056 -0.0061208573 0.9256415367
83.7 103.1 2697.5 0.9251708984 -0.0341640115 0.3780100942 0.0303854290 0.9994108677 0.0159576926 -0.3783325851 -0.0032775940 0.9256639481
-53.3 297.5 2750.1 0.1046370119 -0.9912543297 -0.0804110542 0.9931277633 0.1084116250 -0.0440931320 0.0524250008 -0.0752446726 0.9957860708
-81.2 32.4 2736.1 -0.0699998662 -0.9912543297 -0.1118698344 0.0514032245 0.1084116250 -0.9927762151 0.9962217212 -0.0752446726 0.0433648713
207.1 306.0 2643.6 0.2616594136 0.6917537451 0.6730609536 -0.9624066353 0.2396425605 0.1278474182 -0.0728551224 -0.6812108159 0.7284531593
276.4 51.1 2624.3 -0.0334598608 0.6915843487 0.7215203047 -0.9698757529 0.1518232077 -0.1905011684 -0.2412911505 -0.7061592340 0.6656708717
5.9 -99.6 2731.2 0.8487660885 0.0040428443 0.5287530422 -0.0052341116 0.9999859929 0.0007560216 -0.5287426114 -0.0034092381 0.8487753868
4.3 -497.2 2732.6 0.8546015620 -0.0194071699 0.5189214349 -0.0995056331 0.9746631980 0.2003253549 -0.5096614361 -0.2228339761 0.8310176134
175.9 -93.5 2662.2 0.8401786089 -0.0584933944 0.5391460061 0.1262401342 0.9879503250 -0.0895410553 -0.5274118781 0.1432923377 0.8374389410
199.1 -486.3 2605.3 0.8615964055 -0.1240099743 0.4922125041 0.0082222195 0.9729797840 0.2307437807 -0.5075273514 -0.1947609335 0.8393355608
-63.1 19.1 2478.4 0 0 0 0 0 0 0 0 0
267.1 -220.0 2556.8 0 0 0 0 0 0 0 0 0
9.5 -757.5 2792.1 0 0 0 0 0 0 0 0 0
232.4 -747.4 2657.5 0 0 0 0 0 0 0 0 0
70.9 499.2 2697.7 1 0.9263735414 -0.0337094031 0.3750942945 0.0308476537 0.9994311333 0.0136333043 -0.3753404915 -0.0010587530 0.9268863797
77.6 299.4 2697.9 0.9263735414 -0.0337094031 0.3750942945 0.0308476537 0.9994311333 0.0136333043 -0.3753404915 -0.0010587530 0.9268863797
83.4 100.7 2697.9 0.9264956713 -0.0291550457 0.3751743138 0.0269642565 0.9995748997 0.0110892048 -0.3753381073 -0.0001578037 0.9268879294
-52.8 295.6 2750.7 0.0988761187 -0.9924942851 -0.0719627887 0.9937160611 0.1022924706 -0.0454388298 0.0524590276 -0.0670177639 0.9963717461
-79.1 30.9 2736.7 -0.0623549558 -0.9924942851 -0.1051997617 0.0481229611 0.1022924706 -0.9935896993 0.9968931675 -0.0670177639 0.0413833186
208.0 303.2 2645.1 0.2576509118 0.6934048533 0.6729084253 -0.9625934958 0.2446323335 0.1164851636 -0.0838437825 -0.6777497530 0.7304967046
275.8 49.9 2623.0 -0.0310129635 0.6935133338 0.7197759748 -0.9690631032 0.1555491835 -0.1916276217 -0.2448568642 -0.7034512758 0.6672341824
5.6 -98.4 2732.8 0.8504462242 -0.0017597049 0.5260590315 0.0085182618 0.9999093413 -0.0104261646 -0.5259930491 0.0133480020 0.8503841162
6.3 -495.9 2727.5 0.8585384488 -0.0127603170 0.5125903487 -0.1117909998 0.9709832072 0.2114103884 -0.5004143119 -0.2388069332 0.8321999907
175.4 -92.8 2663.4 0.8416548371 -0.0670279264 0.5358399153 0.1367371529 0.9863827229 -0.0913897976 -0.5224175453 0.1501878798 0.8393589854
202.0 -485.0 2603.7 0.8674228191 -0.1120381281 0.4847939312 -0.0057063280 0.9720155001 0.2348474115 -0.4975390732 -0.2064783871 0.8425090909
-63.0 18.4 2479.1 0 0 0 0 0 0 0 0 0
267.1 -220.9 2554.6 0 0 0 0 0 0 0 0 0
9.7 -759.5 2792.4 0 0 0 0 0 0 0 0 0
232.5 -749.2 2659.8 0 0 0 0 0 0 0 0 0
72.1 495.6 2697.7 2 0.9283944964 -0.0319888480 0.3702166677 0.0294853244 0.9994880557 0.0124209886 -0.3704244494 -0.0006156188 0.9288623929
78.5 296.1 2697.9 0.9283944964 -0.0319888480 0.3702166677 0.0294853244 0.9994880557 0.0124209886 -0.3704244494 -0.0006156188 0.9288623929
83.8 97.4 2697.9 0.9285325408 -0.0267596655 0.3702852726 0.0247868374 0.9996418953 0.0100859962 -0.3704225719 -0.0001869746 0.9288633466
-52.2 292.6 2750.0 0.0949404016 -0.9930639863 -0.0693560615 0.9942411780 0.0980704427 -0.0432055853 0.0497076884 -0.0648546964 0.9966559410
-77.3 30.0 2736.9 -0.0605318099 -0.9930639863 -0.1007960439 0.0464332588 0.0980704427 -0.9940956235 0.9970856905 -0.0648546964 0.0401748158
209.2 299.6 2645.7 0.2563323975 0.6964997649 0.6702102423 -0.9625744224 0.2470665127 0.1113937721 -0.0880007818 -0.6736810803 0.7337639928
276.1 48.3 2622.7 -0.0327000059 0.6965128183 0.7167989016 -0.9679191113 0.1566947848 -0.1964161545 -0.2491250038 -0.7002261877 0.6690441370
4.2 -100.5 2732.4 0.8532388806 -0.0032276893 0.5215102434 0.0059832572 0.9999756217 -0.0036001923 -0.5214859247 0.0061921538 0.8532373905
5.5 -498.1 2729.9 0.8604633808 -0.0151878037 0.5092858672 -0.1046088934 0.9729956388 0.2057582885 -0.4986579418 -0.2303232998 0.8356383443
174.2 -95.6 2663.5 0.8449093699 -0.0665245354 0.5307566524 0.1321726143 0.9874328971 -0.0866411328 -0.5183228254 0.1433553994 0.8430840373
200.6 -488.1 2606.5 0.8676416278 -0.1147321090 0.4837711155 0.0035977180 0.9744337797 0.2246461213 -0.4971770346 -0.1931718588 0.8458721042
-61.6 18.0 2479.3 0 0 0 0 0 0 0 0 0
267.0 -222.2 2553.1 0 0 0 0 0 0 0 0 0
9.5 -757.0 2791.2 0 0 0 0 0 0 0 0 0
231.4 -749.1 2658.2 0 0 0 0 0 0 0 0 0
72.4 497.2 2696.8 3 0.9303598404 -0.0337448344 0.3650915325 0.0293610469 0.9994147420 0.0175538007 -0.3654702306 -0.0056118807 0.9308061004
79.2 297.8 2697.9 0.9303598404 -0.0337448344 0.3650915325 0.0293610469 0.9994147420 0.0175538007 -0.3654702306 -0.0056118807 0.9308061004
84.8 99.1 2698.5 0.9304853678 -0.0285450909 0.3652151525 0.0253321007 0.9995867610 0.0135869123 -0.3654520810 -0.0033907569 0.9308239818
-51.8 294.3 2749.3 0.0961834192 -0.9930490851 -0.0678402558 0.9944425225 0.0988023952 -0.0363610424 0.0428110808 -0.0639659092 0.9970333576
-77.3 30.4 2738.0 -0.0598025247 -0.9930490851 -0.1013765708 0.0445432737 0.0988023952 -0.9941096306 0.9972159266 -0.0639659092 0.0383250229
210.1 301.4 2646.4 0.2500852942 0.6977406144 0.6712789536 -0.9626131058 0.2537073493 0.0949135646 -0.1040833443 -0.6699183583 0.7351027131
276.2 46.9 2618.9 -0.0327596515 0.6987204552 0.7146443129 -0.9731991887 0.1405406743 -0.1820210516 -0.2276184261 -0.7014542222 0.6753901243
3.9 -103.6 2731.9 0.8560069799 -0.0092359707 0.5168817043 0.0115637789 0.9999322891 -0.0012833308 -0.5168348551 0.0070756460 0.8560558558
7.6 -501.2 2729.1 0.8638944030 -0.0036942069 0.5036593676 -0.1163545102 0.9714609981 0.2067007869 -0.4900490344 -0.2371706963 0.8388098478
174.3 -99.1 2663.9 0.8479340076 -0.0634596497 0.5262897015 0.1252715141 0.9886765480 -0.0826178044 -0.5150873661 0.1359835416 0.8462821245
199.6 -492.2 2609.9 0.8672251701 -0.1195736080 0.4833452404 0.0140460087 0.9762249589 0.2163043767 -0.4977179468 -0.1807955354 0.8482863903
-61.9 19.0 2481.2 0 0 0 0 0 0 0 0 0
267.1 -225.0 2555.3 0 0 0 0 0 0 0 0 0
8.6 -762.7 2792.9 0 0 0 0 0 0 0 0 0
230.8 -747.2 2657.1 0 0 0 0 0 0 0 0 0
74.1 493.5 2695.8 4 0.9373713732 -0.0324884616 0.3468132019 0.0285279509 0.9994564652 0.0165204797 -0.3471614122 -0.0055919546 0.9377887249
80.5 294.4 2696.9 0.9373713732 -0.0324884616 0.3468132019 0.0285279509 0.9994564652 0.0165204797 -0.3471614122 -0.0055919546 0.9377887249
85.9 95.6 2697.5 0.9374952912 -0.0270628594 0.3469440937 0.0243689269 0.9996294975 0.0121261021 -0.3471437097 -0.0029135086 0.9378074408
-51.4 290.9 2745.7 0.0963216722 -0.9932199717 -0.0650860518 0.9948967099 0.0980455726 -0.0238256045 0.0300454646 -0.0624589734 0.9975951910
-76.7 29.5 2737.8 -0.0582129732 -0.9932199717 -0.1006245911 0.0455881692 0.0980455726 -0.9941372275 0.9972627163 -0.0624589734 0.0395715572
212.4 297.8 2648.0 0.2398564219 0.7151081562 0.6565738320 -0.9667756557 0.2375279814 0.0944739878 -0.0883955434 -0.6574198008 0.7483217716
275.5 43.7 2624.8 -0.0300179906 0.7149246931 0.6985568404 -0.9641748071 0.1635698974 -0.2088344842 -0.2635637820 -0.6797996759 0.6844023466
5.1 -101.9 2732.8 0.8660039902 -0.0039099352 0.5000217557 0.0059647290 0.9999790788 -0.0025111428 -0.5000014901 0.0051571541 0.8660091758
6.7 -499.5 2730.7 0.8725878596 -0.0044788457 0.4884366691 -0.1092210710 0.9728499651 0.2040432841 -0.4760895073 -0.2313932627 0.8484078646
175.9 -97.3 2665.7 0.8583171964 -0.0568536557 0.5099600554 0.1199015975 0.9885512590 -0.0915970877 -0.4989140034 0.1397643834 0.8553074002
198.5 -490.3 2610.1 0.8757095337 -0.1215959340 0.4672764540 0.0185578428 0.9755311608 0.2190766186 -0.4824815691 -0.1831758320 0.8565384746
-61.7 17.7 2480.7 0 0 0 0 0 0 0 0 0
267.1 -225.6 2551.2 0 0 0 0 0 0 0 0 0
7.9 -764.1 2793.6 0 0 0 0 0 0 0 0 0
230.9 -750.2 2658.9 0 0 0 0 0 0 0 0 0
71.8 499.2 2695.8 5 0.9326117635 -0.0338478312 0.3592904210 0.0281725340 0.9993820190 0.0210216474 -0.3597798944 -0.0094829137 0.9329890013
78.6 299.4 2697.7 0.9326117635 -0.0338478312 0.3592904210 0.0281725340 0.9993820190 0.0210216474 -0.3597798944 -0.0094829137 0.9329890013
84.2 100.7 2698.6 0.9327259660 -0.0279552732 0.3595007062 0.0244789161 0.9995992184 0.0142195811 -0.3597541451 -0.0044627856 0.9330364466
-52.6 296.0 2748.3 0.1272181422 -0.9855808616 -0.1115611941 0.9908304214 0.1314377189 -0.0312913172 0.0455034748 -0.1065573990 0.9932647943
-86.2 34.5 2736.3 -0.0982698798 -0.9855808616 -0.1377439052 0.0680224448 0.1314377189 -0.9889879227 0.9928323030 -0.1065573990 0.0541252494
209.9 302.9 2647.0 0.2445141226 0.7038252354 0.6669654250 -0.9647576213 0.2455676496 0.0945478529 -0.0972399563 -0.6665782332 0.7390655279
275.9 42.5 2620.8 -0.0350264907 0.7037559152 0.7095779181 -0.9681977034 0.1520987153 -0.1986433566 -0.2477223128 -0.6939694881 0.6760473847
5.3 -105.3 2729.9 0.8592006564 -0.0095018297 0.5115505457 0.0061182790 0.9999468327 0.0082973130 -0.5116022229 -0.0039992477 0.8592131138
9.1 -502.9 2731.5 0.8657665849 0.0077116136 0.5003886223 -0.1233806610 0.9723065495 0.1984873265 -0.4850004911 -0.2335819751 0.8427419662
177.3 -100.9 2666.2 0.8510379791 -0.0554248542 0.5221709013 0.1266937256 0.9867091179 -0.1017539725 -0.5095911026 0.1527522653 0.8467488885
199.3 -493.2 2605.5 0.8720530272 -0.1260456741 0.4729016721 0.0119377095 0.9714569449 0.2369152904 -0.4892657697 -0.2009573281 0.8486666679
-61.1 17.1 2482.7 0 0 0 0 0 0 0 0 0
266.1 -228.0 2551.6 0 0 0 0 0 0 0 0 0
7.0 -766.3 2794.8 0 0 0 0 0 0 0 0 0
232.2 -746.5 2657.9 0 0 0 0 0 0 0 0 0
70.8 500.2 2696.3 6 0.9294314981 -0.0309479181 0.3676946163 0.0257920083 0.9994881153 0.0189292151 -0.3680922091 -0.0081098257 0.9297538996
77.0 300.6 2697.9 0.9294314981 -0.0309479181 0.3676946163 0.0257920083 0.9994881153 0.0189292151 -0.3680922091 -0.0081098257 0.9297538996
82.5 101.9 2698.7 0.9294702411 -0.0279027354 0.3678402603 0.0244747084 0.9996026754 0.0139819812 -0.3680842221 -0.0039930525 0.9297838807
-53.8 297.1 2749.7 0.1055025235 -0.9902790785 -0.0906449631 0.9938777685 0.1080132127 -0.0232402999 0.0328052379 -0.0876381025 0.9956120849
-81.9 32.3 2741.0 -0.0811915100 -0.9902790785 -0.1129390597 0.0627095252 0.1080132127 -0.9921696782 0.9947237968 -0.0876381025 0.0533301719
207.8 304.0 2646.1 0.2589651644 0.6946172714 0.6711511612 -0.9605654478 0.2580458224 0.1035681665 -0.1012475267 -0.6715051532 0.7340502143
276.3 49.7 2619.3 -0.0357224457 0.6950476170 0.7180756927 -0.9699008465 0.1490685344 -0.1925381273 -0.2408656627 -0.7033401728 0.6688021421
4.2 -100.3 2732.4 0.8545530438 -0.0097816736 0.5192720294 0.0096704019 0.9999489784 0.0029219817 -0.5192741156 0.0025245803 0.8546040058
8.1 -497.9 2731.4 0.8613100052 0.0083667524 0.5080109239 -0.1229061410 0.9735998511 0.1923470944 -0.4929900169 -0.2281081378 0.8395996094
175.3 -95.8 2666.4 0.8460971713 -0.0579820164 0.5298656821 0.1330077052 0.9855865240 -0.1045380980 -0.5161671042 0.1589256078 0.8416140079
198.4 -487.7 2603.2 0.8690343499 -0.1264122277 0.4783295989 0.0103721172 0.9712498784 0.2378363013 -0.4946429729 -0.2017266303 0.8453606963
-61.1 16.1 2485.3 0 0 0 0 0 0 0 0 0
266.4 -221.3 2552.0 0 0 0 0 0 0 0 0 0
5.8 -764.0 2793.8 0 0 0 0 0 0 0 0 0
232.5 -749.7 2657.7 0 0 0 0 0 0 0 0 0
71.2 498.8 2696.5 7 0.9319006205 -0.0371614583 0.3608049750 0.0319374166 0.9992809892 0.0204327516 -0.3613048494 -0.0075181164 0.9324174523
78.6 299.1 2698.0 0.9319006205 -0.0371614583 0.3608049750 0.0319374166 0.9992809892 0.0204327516 -0.3613048494 -0.0075181164 0.9324174523
84.8 100.4 2698.9 0.9320452213 -0.0314135514 0.3609777689 0.0277241319 0.9994970560 0.0153959822 -0.3612798452 -0.0043419558 0.9324473143
-52.6 295.2 2748.9 0.0948829725 -0.9928528666 -0.0723906383 0.9952289462 0.0962672681 -0.0158715341 0.0227269474 -0.0705393255 0.9972500801
-78.0 28.7 2742.8 -0.0658652857 -0.9928528666 -0.0995235965 0.0508997291 0.0962672681 -0.9940532446 0.9965294600 -0.0705393255 0.0441952720
209.7 303.0 2647.2 0.2560772002 0.6978162527 0.6689372063 -0.9602296352 0.2632938325 0.0929268152 -0.1112811938 -0.6661297679 0.7374873757
276.6 52.4 2618.1 -0.0387585126 0.6986258626 0.7144365907 -0.9719607830 0.1395881027 -0.1892282814 -0.2319266349 -0.7017385960 0.6736267209
2.8 -99.1 2733.3 0.8583493233 -0.0090708807 0.5129855871 0.0072338162 0.9999582767 0.0055778581 -0.5130147934 -0.0010769072 0.8583791256
6.4 -496.7 2733.7 0.8644402027 0.0011925671 0.5027341843 -0.1105613336 0.9759662747 0.1877925992 -0.4904276431 -0.2179184407 0.8437963724
173.4 -94.6 2665.7 0.8496900797 -0.0630791187 0.5234957933 0.1309775710 0.9869505167 -0.0936671719 -0.5107560158 0.1481542736 0.8468639851
198.4 -487.0 2606.8 0.8700587749 -0.1265422702 0.4764291942 0.0188669041 0.9743300080 0.2243326306 -0.4925868213 -0.1861938387 0.8501117826
-61.0 15.6 2486.3 0 0 0 0 0 0 0 0 0
265.8 -219.3 2553.3 0 0 0 0 0 0 0 0 0
6.1 -763.2 2793.2 0 0 0 0 0 0 0 0 0
232.3 -748.2 2656.7 0 0 0 0 0 0 0 0 0
74.5 498.2 2697.7 8 0.9363049865 -0.0290415045 0.3499850631 0.0257877037 0.9995700121 0.0139544876 -0.3502398431 -0.0040403455 0.9366513491
80.3 298.7 2698.5 0.9363049865 -0.0290415045 0.3499850631 0.0257877037 0.9995700121 0.0139544876 -0.3502398431 -0.0040403455 0.9366513491
85.1 100.0 2699.0 0.9364223480 -0.0238907859 0.3500606418 0.0213559400 0.9997103214 0.0111000389 -0.3502244055 -0.0029184502 0.9366612434
-51.5 295.7 2747.7 0.0871235505 -0.9943289161 -0.0609874129 0.9960709214 0.0879250839 -0.0105795199 0.0158818457 -0.0598260611 0.9980824590
-75.1 26.1 2743.4 -0.0571693778 -0.9943289161 -0.0896751955 0.0324313417 0.0879250839 -0.9955990314 0.9978376031 -0.0598260611 0.0272207987
212.1 301.7 2649.2 0.2411202937 0.7108052969 0.6607698798 -0.9652235508 0.2465101480 0.0870412961 -0.1010170653 -0.6587780714 0.7455246449
275.8 46.5 2622.5 -0.0369650908 0.7104866505 0.7027391791 -0.9654503465 0.1561304480 -0.2086358219 -0.2579519451 -0.6861720085 0.6801682115
5.6 -100.8 2732.9 0.8643679619 0.0025076759 0.5028536320 -0.0027995941 0.9999960661 -0.0001745769 -0.5028520823 -0.0012568873 0.8643715978
4.6 -498.4 2733.4 0.8696945906 -0.0061669541 0.4935517013 -0.1044503078 0.9749777913 0.1962357908 -0.4824121296 -0.2222168446 0.8472887278
