-155.6 453.4 2511.0 61 0.9731678963 0.0012461757 -0.2300928384 -0.0100654475 0.9992586374 -0.0371594280 0.2298759520 0.0384783484 0.9724589586
-155.8 255.0 2503.4 0.9731678963 0.0012461757 -0.2300928384 -0.0100654475 0.9992586374 -0.0371594280 0.2298759520 0.0384783484 0.9724589586
-154.9 61.0 2496.9 0.9731540680 -0.0050049853 -0.2301001400 -0.0027270219 0.9994425774 -0.0332725048 0.2301384062 0.0330067612 0.9725980163
-288.8 255.3 2471.9 0.3991254270 -0.7269155979 -0.5588315129 0.8837970495 0.4672857225 0.0233855546 0.2441346496 -0.5032273531 0.8289514184
-379.2 55.1 2416.6 -0.6242994070 -0.7269155979 -0.2860839367 -0.1443934590 0.4672857225 -0.8722354174 0.7677244544 -0.5032273531 -0.3966880441
-22.9 254.6 2534.8 0.2185242325 0.3460069299 0.9124287963 -0.9706103206 0.1736641377 0.1666024476 -0.1008105576 -0.9220194817 0.3737877309
36.7 -10.0 2507.3 -0.0451953560 0.3524159193 0.9347515106 -0.9509031773 0.2716028392 -0.1483747959 -0.3061707914 -0.8955640197 0.3228382170
-240.4 -134.8 2469.5 0.9995647669 -0.0119676515 0.0269648023 0.0094801206 0.9958458543 0.0905603543 -0.0279365815 -0.0902653113 0.9955258369
-235.7 -521.3 2504.5 0.9995855093 0.0060123187 0.0281544197 -0.0053460500 0.9997052550 -0.0236805677 -0.0282884967 0.0235202387 0.9993230700
-66.1 -134.9 2511.0 0.8990804553 0.1338001639 -0.4168355167 -0.1274712086 0.9909042716 0.0431256294 0.4188143015 0.0143611133 0.9079583287
-118.0 -519.5 2505.4 0.8976401687 -0.1152836606 -0.4253842831 0.1141263917 0.9930629730 -0.0283026565 0.4256962240 -0.0231419727 0.9045701623
-210.4 94.1 2208.9 0 0 0 0 0 0 0 0 0
24.3 -271.0 2423.3 0 0 0 0 0 0 0 0 0
-237.7 -848.6 2496.8 0 0 0 0 0 0 0 0 0
-81.7 -832.8 2512.7 0 0 0 0 0 0 0 0 0
-154.9 452.1 2512.5 62 0.9780791402 0.0016305079 -0.2082271725 -0.0104380967 0.9990961552 -0.0412062034 0.2079717666 0.0424764231 0.9772121310
-155.2 254.0 2504.1 0.9780791402 0.0016305079 -0.2082271725 -0.0104380967 0.9990961552 -0.0412062034 0.2079717666 0.0424764231 0.9772121310
-154.4 60.0 2497.1 0.9780699015 -0.0042388998 -0.2082336992 -0.0033758534 0.9993388653 -0.0361993164 0.2082494795 0.0361084305 0.9774090052
-288.8 254.5 2475.6 0.3994536102 -0.7195444107 -0.5680604577 0.8812626600 0.4721302092 0.0216612779 0.2526122332 -0.5092631578 0.8227016926
-378.5 56.5 2418.9 -0.6280763149 -0.7195444107 -0.2962701619 -0.1295779943 0.4721302092 -0.8719533086 0.7672872543 -0.5092631578 -0.3897709250
-21.6 253.6 2532.5 0.2078676969 0.3286840618 0.9212805033 -0.9735628366 0.1606971622 0.1623323858 -0.0946911052 -0.9306681752 0.3533983529
34.6 -9.6 2506.9 -0.0362260044 0.3356527388 0.9412889481 -0.9505068660 0.2792761028 -0.1361673772 -0.3085844517 -0.8996344209 0.3089231849
-241.1 -132.8 2469.9 0.9987361431 -0.0093952585 0.0493746847 0.0054308944 0.9967944622 0.0798204839 -0.0499663465 -0.0794514492 0.9955856800
-237.5 -519.7 2500.8 0.9987450242 0.0026659698 0.0500128977 -0.0022283935 0.9999587536 -0.0088029886 -0.0500343032 0.0086804926 0.9987097979
-66.7 -133.3 2511.2 0.9079434276 0.1389685869 -0.3953814805 -0.1308595985 0.9902597666 0.0475538187 0.3981388509 0.0085632848 0.9172852039
-120.7 -517.7 2507.8 0.9058254957 -0.1221524104 -0.4056586921 0.1177902594 0.9923927188 -0.0358077884 0.4069467485 -0.0153470356 0.9133229256
-210.1 91.2 2213.1 0 0 0 0 0 0 0 0 0
24.6 -270.6 2422.2 0 0 0 0 0 0 0 0 0
-238.3 -847.3 2497.9 0 0 0 0 0 0 0 0 0
-82.2 -830.8 2512.7 0 0 0 0 0 0 0 0 0
-155.5 451.0 2512.2 63 0.9785631299 -0.0026510675 -0.2059298903 -0.0057504075 0.9991755486 -0.0401885249 0.2058666646 0.0405111909 0.9777411222
-155.0 253.2 2504.2 0.9785631299 -0.0026510675 -0.2059298903 -0.0057504075 0.9991755486 -0.0401885249 0.2058666646 0.0405111909 0.9777411222
-153.6 59.2 2497.2 0.9785380960 -0.0069848378 -0.2059476525 -0.0005496735 0.9993333220 -0.0365047008 0.2060653418 0.0358344428 0.9778819084
-288.7 253.3 2476.1 0.3907012343 -0.7146824002 -0.5801565647 0.8831049800 0.4688622952 0.0171377938 0.2597654462 -0.5190349221 0.8143246770
-376.1 55.5 2417.9 -0.6321546435 -0.7146824002 -0.2993486524 -0.1153953597 0.4688622952 -0.8757008910 0.7662013173 -0.5190349221 -0.3788644969
-21.3 253.1 2532.4 0.2215808630 0.3223060966 0.9203372598 -0.9689887762 0.1786338538 0.1707358658 -0.1093741953 -0.9296282530 0.3518928289
39.3 -12.1 2502.4 -0.0563159846 0.3288274407 0.9427093863 -0.9520373344 0.2667402625 -0.1499151587 -0.3007547855 -0.9059371948 0.2980342507
-241.2 -133.7 2471.4 0.9986553788 -0.0063832062 0.0514460802 0.0026491517 0.9973775148 0.0723257586 -0.0517728329 -0.0720922202 0.9960533381
-238.7 -520.9 2499.4 0.9986548424 -0.0025906484 0.0517865606 0.0028744356 0.9999812841 -0.0054062158 -0.0517715849 0.0055478006 0.9986435175
-66.0 -134.3 2508.7 0.9108477831 0.1278920025 -0.3924282789 -0.1157806516 0.9917792082 0.0544865951 0.3961706161 -0.0041933898 0.9181673527
-115.6 -519.2 2510.3 0.9088020325 -0.1101299673 -0.4024304748 0.1045386642 0.9938724041 -0.0359072834 0.4039190114 -0.0094369324 0.9147461057
-208.6 86.1 2214.9 0 0 0 0 0 0 0 0 0
23.9 -273.5 2419.8 0 0 0 0 0 0 0 0 0
-237.9 -845.7 2497.6 0 0 0 0 0 0 0 0 0
-80.7 -834.3 2513.3 0 0 0 0 0 0 0 0 0
-158.7 449.4 2504.6 64 0.9774129391 -0.0071951188 -0.2112158388 0.0028800578 0.9997809529 -0.0207301546 0.2113187313 0.0196536090 0.9772195816
-157.3 250.3 2500.7 0.9774129391 -0.0071951188 -0.2112158388 0.0028800578 0.9997809529 -0.0207301546 0.2113187313 0.0196536090 0.9772195816
-154.9 56.2 2496.8 0.9773631096 -0.0124868201 -0.2112000585 0.0079461755 0.9997189641 -0.0223343354 0.2114195824 0.0201505218 0.9771876335
-290.8 249.2 2471.8 0.3767855465 -0.7155786157 -0.5882005692 0.8913026452 0.4529729187 0.0198779367 0.2522147000 -0.5317544341 0.8084707856
-373.4 53.7 2416.5 -0.6363545656 -0.7155786157 -0.2880974114 -0.1087606475 0.4529729187 -0.8848653436 0.7636910677 -0.5317544341 -0.3660781682
-23.7 251.4 2529.6 0.2388735414 0.3228695691 0.9158027172 -0.9653472900 0.1810238063 0.1879758984 -0.1050904021 -0.9289702177 0.3549230695
42.0 -14.4 2500.6 -0.0678249672 0.3300082684 0.9415382743 -0.9507808685 0.2646102607 -0.1612364203 -0.3023500443 -0.9061324000 0.2958183587
-239.9 -134.7 2471.8 0.9989589453 -0.0013396083 0.0455987975 -0.0020264497 0.9972789288 0.0736928061 -0.0455734394 -0.0737084895 0.9962379932
-239.4 -521.9 2500.4 0.9989494085 -0.0050251773 0.0455499031 0.0055063199 0.9999303222 -0.0104436651 -0.0454942472 0.0106835058 0.9989074469
-64.6 -134.8 2508.8 0.9072813988 0.1311602890 -0.3995465934 -0.1198645309 0.9913610816 0.0532512479 0.4030793905 -0.0004224014 0.9151648879
-115.5 -519.7 2508.9 0.9060620666 -0.1080763265 -0.4091100097 0.1051194668 0.9940134883 -0.0297831036 0.4098797143 -0.0160200857 0.9119988680
-206.6 82.2 2216.2 0 0 0 0 0 0 0 0 0
23.4 -275.4 2417.6 0 0 0 0 0 0 0 0 0
-237.8 -843.7 2497.0 0 0 0 0 0 0 0 0 0
-81.8 -829.6 2513.9 0 0 0 0 0 0 0 0 0
-159.6 446.1 2500.3 65 0.9765763879 -0.0096191308 -0.2149559855 0.0071385107 0.9998987317 -0.0123134758 0.2150526643 0.0104905842 0.9765461087
-157.7 247.6 2498.2 0.9765763879 -0.0096191308 -0.2149559855 0.0071385107 0.9998987317 -0.0123134758 0.2150526643 0.0104905842 0.9765461087
-154.8 53.5 2496.1 0.9765161276 -0.0147724990 -0.2149372548 0.0120770140 0.9998311400 -0.0138487210 0.2151055485 0.0109276986 0.9765296578
-291.1 245.9 2468.8 0.3702003360 -0.7166576385 -0.5910613537 0.8959888220 0.4434542954 0.0235008579 0.2452666163 -0.5382843614 0.8062841892
-371.3 52.0 2415.7 -0.6395107508 -0.7166576385 -0.2782585025 -0.1099038869 0.4434542954 -0.8895332813 0.7608857751 -0.5382843614 -0.3623572588
-24.3 249.2 2527.6 0.2333282232 0.3268072009 0.9158356786 -0.9677301645 0.1702143848 0.1858100444 -0.0951643437 -0.9296365380 0.3559769988
38.5 -11.2 2502.0 -0.0518749431 0.3339219391 0.9411721826 -0.9515146017 0.2696046233 -0.1480990052 -0.3031978905 -0.9032217264 0.3037458956
-240.0 -138.5 2473.9 0.9990395904 -0.0137288030 0.0416109301 0.0104298154 0.9968606234 0.0784867108 -0.0425578244 -0.0779773369 0.9960463643
-234.7 -525.5 2504.2 0.9990204573 0.0113794319 0.0427631624 -0.0105175497 0.9997380972 -0.0203260221 -0.0429832600 0.0198563468 0.9988784790
-64.9 -137.1 2511.8 0.9047707915 0.1276819855 -0.4063091576 -0.1234280467 0.9916716814 0.0367811397 0.4076215625 0.0168714430 0.9129951000
-114.4 -522.0 2505.3 0.9045354724 -0.1058090851 -0.4130617976 0.1066498756 0.9940728545 -0.0210945420 0.4128454924 -0.0249722265 0.9104586840
-204.6 80.6 2217.5 0 0 0 0 0 0 0 0 0
24.3 -272.5 2418.7 0 0 0 0 0 0 0 0 0
-238.3 -844.3 2497.9 0 0 0 0 0 0 0 0 0
-81.6 -830.8 2513.0 0 0 0 0 0 0 0 0 0
-161.2 446.6 2498.1 66 0.9754984379 -0.0110325646 -0.2197296172 0.0095411120 0.9999237061 -0.0078477515 0.2197994292 0.0055590044 0.9755292535
-159.0 248.2 2497.0 0.9754984379 -0.0110325646 -0.2197296172 0.0095411120 0.9999237061 -0.0078477515 0.2197994292 0.0055590044 0.9755292535
-155.8 54.2 2495.9 0.9754220843 -0.0167228617 -0.2197090834 0.0150408084 0.9998433590 -0.0093264524 0.2198306471 0.0057926252 0.9755208492
-292.3 246.2 2467.0 0.3441952765 -0.7257173061 -0.5957046151 0.9059423804 0.4233304262 0.0077268058 0.2465724200 -0.5423336029 0.8031663895
-368.8 44.9 2412.2 -0.6431174874 -0.7257173061 -0.2444060445 -0.1373823434 0.4233304262 -0.8954984546 0.7533432245 -0.5423336029 -0.3719519377
-25.8 250.3 2527.1 0.2424252480 0.3274149299 0.9132521152 -0.9647371769 0.1808373481 0.1912591308 -0.1025289893 -0.9274142981 0.3597089052
40.5 -13.4 2499.0 -0.0638246164 0.3331724107 0.9407032132 -0.9548988938 0.2535221875 -0.1545786709 -0.2899904847 -0.9081423879 0.3019650280
-239.5 -141.6 2474.7 0.9993107915 -0.0055931369 0.0366970636 0.0029792141 0.9974789023 0.0709014609 -0.0370011069 -0.0707432628 0.9968080521
-237.3 -528.9 2502.2 0.9993093610 0.0029891110 0.0370393023 -0.0024722933 0.9998990893 -0.0139911836 -0.0370773859 0.0138899488 0.9992158413
-64.5 -139.5 2513.2 0.9030564427 0.1199719012 -0.4124267995 -0.1190772876 0.9924908280 0.0279746614 0.4126859605 0.0238479674 0.9105611444
-111.1 -524.7 2504.0 0.9035927057 -0.0963143781 -0.4174251854 0.0982583389 0.9950176477 -0.0168868229 0.4169718623 -0.0257566944 0.9085543752
-203.0 80.3 2218.1 0 0 0 0 0 0 0 0 0
23.0 -275.6 2419.4 0 0 0 0 0 0 0 0 0
-238.2 -846.4 2497.7 0 0 0 0 0 0 0 0 0
-81.3 -832.1 2511.9 0 0 0 0 0 0 0 0 0
-163.3 444.2 2498.0 67 0.9758538008 -0.0122077456 -0.2180833220 0.0099642286 0.9998855591 -0.0113842646 0.2181973457 0.0089363456 0.9758637547
-160.8 246.2 2496.3 0.9758538008 -0.0122077456 -0.2180833220 0.0099642286 0.9998855591 -0.0113842646 0.2181973457 0.0089363456 0.9758637547
-157.2 52.2 2494.9 0.9757496119 -0.0187269188 -0.2180871516 0.0166993178 0.9997985363 -0.0111367935 0.2182517797 0.0072248150 0.9758657813
-294.2 244.0 2466.5 0.3253333867 -0.7315183282 -0.5991987586 0.9118328691 0.4105163813 -0.0060924566 0.2504376471 -0.5443870425 0.8005771041
-366.7 40.6 2410.6 -0.6447924376 -0.7315183282 -0.2216386348 -0.1569737941 0.4105163813 -0.8982402086 0.7480654716 -0.5443870425 -0.3795270622
-27.5 248.5 2526.1 0.2336562276 0.3271685243 0.9156230092 -0.9670434594 0.1761600226 0.1838329881 -0.1011518091 -0.9284009933 0.3575470746
35.4 -12.1 2498.8 -0.0477442108 0.3322348297 0.9419875145 -0.9566971064 0.2558930814 -0.1387421191 -0.2871430516 -0.9078208804 0.3056307137
-240.0 -141.3 2475.1 0.9992651939 -0.0029807268 0.0382129289 0.0004684274 0.9978468418 0.0655857995 -0.0383261442 -0.0655197054 0.9971149564
-238.8 -528.6 2500.5 0.9992603064 -0.0031359300 0.0383282006 0.0033576265 0.9999780059 -0.0057211616 -0.0383094139 0.0058456212 0.9992488027
-65.2 -138.6 2514.5 0.9044889212 0.1126051322 -0.4113634825 -0.1133751795 0.9932948351 0.0226162560 0.4111519158 0.0261822566 0.9111907482
-108.9 -524.2 2504.3 0.9060428739 -0.0848066807 -0.4146011174 0.0897267759 0.9959371686 -0.0076358099 0.4135642350 -0.0302824508 0.9099712372
-202.4 80.6 2219.9 0 0 0 0 0 0 0 0 0
22.3 -274.8 2420.0 0 0 0 0 0 0 0 0 0
-237.8 -847.5 2498.7 0 0 0 0 0 0 0 0 0
-82.7 -832.1 2513.7 0 0 0 0 0 0 0 0 0
-163.0 444.7 2497.0 68 0.9732491970 -0.0129990214 -0.2293841243 0.0109068817 0.9998865724 -0.0103862174 0.2294931263 0.0076065124 0.9732805490
-160.4 246.6 2495.5 0.9732491970 -0.0129990214 -0.2293841243 0.0109068817 0.9998865724 -0.0103862174 0.2294931263 0.0076065124 0.9732805490
-157.0 52.5 2494.4 0.9731717110 -0.0177530143 -0.2293941230 0.0159443095 0.9998254776 -0.0097359298 0.2295269370 0.0058172001 0.9732849002
-293.4 244.4 2464.1 0.3069053590 -0.7352657318 -0.6043123603 0.9255806208 0.3784279525 0.0096317343 0.2216068059 -0.5622958541 0.7966892719
-362.2 36.8 2414.4 -0.6480807066 -0.7352657318 -0.1984332055 -0.1496505141 0.3784279525 -0.9134533405 0.7467235923 -0.5622958541 -0.3552847505
-27.5 248.8 2526.9 0.2258002609 0.3395684958 0.9130758643 -0.9696582556 0.1684807241 0.1771357208 -0.0936859697 -0.9253688455 0.3673084080
33.5 -13.0 2501.6 -0.0417528600 0.3462648094 0.9372072220 -0.9506917000 0.2747513354 -0.1438644677 -0.3073141277 -0.8970018625 0.3177194297
-241.0 -143.4 2473.9 0.9996358752 -0.0039110808 0.0266985409 0.0018576569 0.9970672727 0.0765071958 -0.0269194674 -0.0764297396 0.9967114925
-239.5 -530.5 2503.6 0.9996140003 -0.0067293392 0.0269556306 0.0073616779 0.9996984005 -0.0234283581 -0.0267898440 0.0236177519 0.9993620515
-66.2 -140.4 2513.0 0.8997783661 0.1112043634 -0.4219388962 -0.1117388532 0.9934585094 0.0235501193 0.4217976630 0.0259570815 0.9063183665
-109.3 -526.1 2502.9 0.9013733268 -0.0857796222 -0.4244620502 0.0947087333 0.9955050349 -0.0000615462 0.4225593805 -0.0401447862 0.9054457545
-196.4 75.1 2223.4 0 0 0 0 0 0 0 0 0
22.0 -274.0 2417.2 0 0 0 0 0 0 0 0 0
-237.4 -846.3 2496.1 0 0 0 0 0 0 0 0 0
-82.8 -834.5 2515.4 0 0 0 0 0 0 0 0 0
-163.7 443.8 2495.5 69 0.9746440649 -0.0146567738 -0.2232803851 0.0133839343 0.9998844266 -0.0072129378 0.2233602852 0.0040416773 0.9747275710
-160.8 246.1 2494.7 0.9746440649 -0.0146567738 -0.2232803851 0.0133839343 0.9998844266 -0.0072129378 0.2233602852 0.0040416773 0.9747275710
-157.3 52.0 2494.1 0.9745857120 -0.0180471204 -0.2232866734 0.0169503577 0.9998330474 -0.0068276748 0.2233726084 0.0028693653 0.9747288823
-293.9 243.8 2464.2 0.2816471756 -0.7472315431 -0.6019301414 0.9350848794 0.3544154465 -0.0024361550 0.2151537091 -0.5621696115 0.7985450625
-357.1 34.0 2415.9 -0.6398758888 -0.7472315431 -0.1794543117 -0.1552713811 0.3544154465 -0.9221065640 0.7526285052 -0.5621696115 -0.3428055644
-27.6 248.4 2525.2 0.2249708921 0.3361719847 0.9145362377 -0.9710142016 0.1551313549 0.1818398237 -0.0807437897 -0.9289363027 0.3613277972
32.6 -11.8 2503.6 -0.0402620025 0.3439072073 0.9381400943 -0.9505534768 0.2761768997 -0.1420367956 -0.3079400957 -0.8974709511 0.3157827258
-240.7 -143.0 2472.7 0.9994579554 -0.0012175245 0.0328980945 -0.0016387820 0.9962369204 0.0866565853 -0.0328798033 -0.0866635218 0.9956949353
-240.2 -529.8 2506.3 0.9994267821 -0.0083007328 0.0328206420 0.0092271566 0.9995603561 -0.0281768981 -0.0325723253 0.0284635872 0.9990639687
-66.3 -140.2 2513.8 0.9021360278 0.1117683649 -0.4167234004 -0.1128870174 0.9933632016 0.0220461246 0.4164217710 0.0271540564 0.9087659717
-109.7 -525.8 2503.3 0.9026625156 -0.0917256474 -0.4204602540 0.0948340818 0.9954007864 -0.0135580217 0.4197700918 -0.0276356451 0.9072096348
-194.2 73.5 2224.2 0 0 0 0 0 0 0 0 0
21.6 -272.8 2419.0 0 0 0 0 0 0 0 0 0
-237.6 -850.4 2497.2 0 0 0 0 0 0 0 0 0
-81.6 -831.6 2511.8 0 0 0 0 0 0 0 0 0
-163.7 441.9 2495.7 70 0.9771695733 -0.0105249956 -0.2122001052 0.0099161994 0.9999430776 -0.0039330288 0.2122294158 0.0017390174 0.9772183299
-161.7 244.3 2495.4 0.9771695733 -0.0105249956 -0.2122001052 0.0099161994 0.9999430776 -0.0039330288 0.2122294158 0.0017390174 0.9772183299
-158.5 50.2 2495.0 0.9770936370 -0.0163203832 -0.2121830732 0.0155711910 0.9998652339 -0.0052015074 0.2122393698 0.0017784167 0.9772160649
-295.1 242.2 2466.4 0.2603696883 -0.7482290268 -0.6102138162 0.9367575049 0.3488529027 -0.0280534830 0.2338653058 -0.5643181205 0.7917398810
-353.8 31.3 2413.7 -0.6412961483 -0.7482290268 -0.1699781865 -0.1623764932 0.3488529027 -0.9230035543 0.7499154210 -0.5643181205 -0.3452128172
-28.2 246.5 2524.4 0.2271628529 0.3260088861 0.9176683426 -0.9706151485 0.1526127905 0.1860525906 -0.0793931410 -0.9329670668 0.3510971367
32.2 -11.5 2503.3 -0.0390696377 0.3341174424 0.9417213202 -0.9496604800 0.2807520330 -0.1390082538 -0.3108352423 -0.8997465372 0.3063292503
-241.1 -143.6 2473.6 0.9990144968 0.0004658125 0.0443820655 -0.0038629139 0.9970631003 0.0764872655 -0.0442160890 -0.0765833333 0.9960823059
-241.3 -530.7 2503.3 0.9989095926 -0.0152791124 0.0441149585 0.0163144730 0.9995976090 -0.0232057516 -0.0437426418 0.0239001606 0.9987568855
-66.5 -140.6 2513.6 0.9065017700 0.1160156280 -0.4059493542 -0.1149814054 0.9929998517 0.0270295981 0.4062435031 0.0221742503 0.9134957790
-111.5 -526.1 2505.0 0.9071581960 -0.0943660960 -0.4100720584 0.0986303017 0.9950655699 -0.0107960785 0.4090673625 -0.0306517798 0.9119892120
-191.8 72.3 2224.3 0 0 0 0 0 0 0 0 0
21.5 -272.3 2417.9 0 0 0 0 0 0 0 0 0
-236.4 -848.3 2495.7 0 0 0 0 0 0 0 0 0
-82.3 -834.3 2514.5 0 0 0 0 0 0 0 0 0
-164.9 441.9 2495.8 71 0.9792270660 -0.0048631597 -0.2027082890 0.0039319177 0.9999797940 -0.0049964455 0.2027284801 0.0040956223 0.9792264104
-164.0 244.1 2495.0 0.9792270660 -0.0048631597 -0.2027082890 0.0039319177 0.9999797940 -0.0049964455 0.2027284801 0.0040956223 0.9792264104
-162.4 50.0 2494.4 0.9792055488 -0.0081356000 -0.2027073503 0.0072440100 0.9999605417 -0.0051399427 0.2027411759 0.0035646462 0.9792258739
-297.7 243.2 2467.3 0.2341066301 -0.7520027757 -0.6161865592 0.9422818422 0.3315567970 -0.0466372184 0.2393721640 -0.5697033405 0.7862182260
-351.1 28.4 2412.8 -0.6420130730 -0.7520027757 -0.1493687779 -0.1725654900 0.3315567970 -0.9275188446 0.7470210195 -0.5697033405 -0.3426335454
-30.2 245.1 2522.7 0.2237270176 0.3186791241 0.9210807681 -0.9714666009 0.1492526233 0.1843265444 -0.0787326992 -0.9360380769 0.3429779708
29.7 -14.8 2501.7 -0.0272285622 0.3258928955 0.9450145364 -0.9493631721 0.2875771821 -0.1265262663 -0.3129986227 -0.9006071091 0.3015604019
-242.9 -145.3 2475.7 0.9984253645 -0.0125743281 0.0546687245 0.0080360034 0.9965623021 0.0824557766 -0.0555176176 -0.0818866193 0.9950941801
-238.0 -532.1 2507.5 0.9984194636 -0.0066058915 0.0558113940 0.0089970110 0.9990473986 -0.0427008271 -0.0554761514 0.0431354754 0.9975277781
-67.8 -142.5 2513.7 0.9104976654 0.1184901595 -0.3961743116 -0.1144092456 0.9928513765 0.0340096913 0.3973720074 0.0143602565 0.9175452590
-113.8 -527.9 2508.1 0.9098708630 -0.1002759561 -0.4025913477 0.0982024893 0.9948307276 -0.0258475952 0.4031021297 -0.0160175003 0.9150148034
-190.6 71.5 2226.0 0 0 0 0 0 0 0 0 0
22.2 -275.4 2415.7 0 0 0 0 0 0 0 0 0
-235.9 -846.7 2493.9 0 0 0 0 0 0 0 0 0
-82.8 -835.6 2513.1 0 0 0 0 0 0 0 0 0
-163.2 442.3 2495.4 72 0.9804627895 0.0082747303 -0.1965306550 -0.0089712590 0.9999562502 -0.0026541257 0.1965000927 0.0043653985 0.9804940820
-164.8 244.2 2494.5 0.9804627895 0.0082747303 -0.1965306550 -0.0089712590 0.9999562502 -0.0026541257 0.1965000927 0.0043653985 0.9804940820
-165.4 50.1 2493.7 0.9804918170 0.0030491513 -0.1965361089 -0.0038345645 0.9999861121 -0.0036158762 0.1965223551 0.0042989673 0.9804899096
-298.7 244.8 2467.7 0.2061668932 -0.7658203840 -0.6091094613 0.9488930702 0.3084761798 -0.0666662008 0.2389500886 -0.5642353892 0.7902792692
-345.8 28.2 2413.2 -0.6286789179 -0.7658203840 -0.1352107376 -0.1746636480 0.3084761798 -0.9350588322 0.7577964067 -0.5642353892 -0.3276934624
-30.9 243.7 2521.4 0.2271654010 0.3150522411 0.9214867949 -0.9711774588 0.1434220523 0.1903797984 -0.0721819475 -0.9381749034 0.3385521770
29.6 -14.5 2502.2 -0.0376659371 0.3232429028 0.9455661178 -0.9519344568 0.2762323022 -0.1323499531 -0.3039771020 -0.9051020741 0.2973015308
-248.5 -144.7 2475.5 0.9978446960 -0.0217813067 0.0618990995 0.0167334992 0.9965794683 0.0809279904 -0.0634500906 -0.0797177777 0.9947960377
-240.1 -531.6 2506.5 0.9978193045 -0.0160509720 0.0640238449 0.0184037145 0.9991704226 -0.0363290422 -0.0633876100 0.0374280959 0.9972869158
-73.1 -143.4 2511.8 0.9152790904 0.0973758548 -0.3908734918 -0.0932466760 0.9952035546 0.0295800548 0.3918790519 0.0093736481 0.9199689627
-110.9 -529.7 2508.2 0.9140242338 -0.0908769891 -0.3953492641 0.0897235274 0.9957357049 -0.0214493424 0.3956126571 -0.0158669129 0.9182803631
-189.9 71.5 2225.2 0 0 0 0 0 0 0 0 0
19.2 -275.9 2418.7 0 0 0 0 0 0 0 0 0
-235.0 -845.2 2494.7 0 0 0 0 0 0 0 0 0
-83.0 -835.6 2513.1 0 0 0 0 0 0 0 0 0
-163.3 440.8 2496.2 73 0.9800170064 0.0129035208 -0.1984947473 -0.0146280425 0.9998669028 -0.0072240084 0.1983751059 0.0099832406 0.9800752997
-165.8 243.0 2494.2 0.9800170064 0.0129035208 -0.1984947473 -0.0146280425 0.9998669028 -0.0072240084 0.1983751059 0.0099832406 0.9800752997
-167.5 48.9 2492.8 0.9800672531 0.0087305708 -0.1984740943 -0.0099839810 0.9999360442 -0.0053153597 0.1984149963 0.0071909716 0.9800916910
-299.7 244.4 2467.1 0.2052354813 -0.7620673180 -0.6141105890 0.9479868412 0.3107773662 -0.0688356832 0.2433090955 -0.5680412650 0.7862123251
-347.4 24.1 2410.6 -0.6354715228 -0.7620673180 -0.1242151707 -0.1906757057 0.3107773662 -0.9311606884 0.7482103705 -0.5680412650 -0.3427978754
-31.9 241.6 2521.3 0.2353723049 0.3176769316 0.9185212255 -0.9694094062 0.1444228292 0.1984628290 -0.0696083754 -0.9371357560 0.3419521451
30.1 -13.6 2503.0 -0.0454750322 0.3266758621 0.9440417886 -0.9514133334 0.2739312053 -0.1406211853 -0.3045400679 -0.9045687318 0.2983467579
-253.8 -143.6 2475.3 0.9973437190 -0.0409800038 0.0602179207 0.0358190425 0.9957864881 0.0844173580 -0.0634236187 -0.0820361748 0.9946092367
-237.9 -530.1 2507.1 0.9979020357 -0.0052225678 0.0645313710 0.0072140326 0.9995036721 -0.0306660458 -0.0643391907 0.0310672391 0.9974443913
-78.1 -144.3 2510.5 0.9155818224 0.0901501849 -0.3918964565 -0.0829152986 0.9959281683 0.0353852920 0.3934907019 0.0000960771 0.9193285704
-113.1 -530.9 2510.5 0.9113365412 -0.1073510945 -0.3974184692 0.1008920446 0.9942018390 -0.0371951722 0.3991070986 -0.0061990400 0.9168833494
-189.6 71.5 2224.8 0 0 0 0 0 0 0 0 0
17.6 -274.9 2419.4 0 0 0 0 0 0 0 0 0
-236.3 -846.6 2497.3 0 0 0 0 0 0 0 0 0
-80.5 -833.4 2512.4 0 0 0 0 0 0 0 0 0
-164.6 440.6 2495.6 74 0.9824189544 0.0114630051 -0.1863373965 -0.0131245339 0.9998843074 -0.0076855849 0.1862277389 0.0099960556 0.9824557304
-166.8 242.8 2493.6 0.9824189544 0.0114630051 -0.1863373965 -0.0131245339 0.9998843074 -0.0076855849 0.1862277389 0.0099960556 0.9824557304
-168.2 48.7 2492.4 0.9824652672 0.0070404545 -0.1863126010 -0.0081150997 0.9999545217 -0.0050059399 0.1862688959 0.0064301076 0.9824777842
-301.1 243.9 2468.2 0.1956613809 -0.7639383078 -0.6149104238 0.9486416578 0.3063848913 -0.0787864700 0.2485872656 -0.5679141879 0.7846513987
-346.5 23.6 2410.4 -0.6341392398 -0.7639383078 -0.1194389313 -0.1935527772 0.3063848913 -0.9320223331 0.7486018538 -0.5679141879 -0.3421530426
-32.6 241.7 2519.0 0.2364291996 0.3096296191 0.9209944010 -0.9701066613 0.1286027879 0.2058017999 -0.0547201224 -0.9421203732 0.3307791948
30.0 -15.3 2504.5 -0.0483543091 0.3211917281 0.9457789063 -0.9488751888 0.2809328139 -0.1439189315 -0.3119258881 -0.9043852091 0.2911865413
-257.0 -144.3 2473.7 0.9960409999 -0.0515050925 0.0724539012 0.0453913026 0.9954620004 0.0836361572 -0.0764327943 -0.0800162628 0.9938588738
-237.0 -530.7 2504.7 0.9969871640 0.0005726527 0.0775647312 0.0012711985 0.9997178316 -0.0237203129 -0.0775564313 0.0237474479 0.9967051148
-81.4 -146.1 2509.2 0.9203484654 0.0877963528 -0.3811173737 -0.0830846876 0.9961252213 0.0288344081 0.3821721971 0.0051273149 0.9240769148
-115.5 -532.8 2507.2 0.9157189131 -0.1139350012 -0.3853280842 0.1129050627 0.9932815433 -0.0253815744 0.3856311142 -0.0202631038 0.9224305153
-189.9 71.4 2225.5 0 0 0 0 0 0 0 0 0
16.7 -275.9 2418.9 0 0 0 0 0 0 0 0 0
-237.2 -848.3 2497.2 0 0 0 0 0 0 0 0 0
-80.8 -835.0 2513.4 0 0 0 0 0 0 0 0 0
-162.6 439.4 2495.8 75 0.9859602451 0.0164054558 -0.1661724746 -0.0182758979 0.9997856021 -0.0097330837 0.1659771800 0.0126333842 0.9860486388
-165.8 241.6 2493.3 0.9859602451 0.0164054558 -0.1661724746 -0.0182758979 0.9997856021 -0.0097330837 0.1659771800 0.0126333842 0.9860486388
-168.1 47.5 2491.4 0.9860301614 0.0119222961 -0.1661396623 -0.0133394273 0.9998835325 -0.0074164732 0.1660318971 0.0095290747 0.9860743284
-300.5 243.5 2470.6 0.1921493262 -0.7652509809 -0.6143855453 0.9472404122 0.3082829714 -0.0877335817 0.2565428019 -0.5651128888 0.7841130495
-345.6 21.3 2410.4 -0.6332390308 -0.7652509809 -0.1157553196 -0.2026468813 0.3082829714 -0.9294599891 0.7469555736 -0.5651128888 -0.3502925336
-31.1 239.8 2516.0 0.2373981923 0.2946316302 0.9256534576 -0.9704385400 0.1145898774 0.2124105394 -0.0434876457 -0.9487156272 0.3131253123
31.3 -15.4 2504.5 -0.0531678274 0.3082411885 0.9498213530 -0.9488741159 0.2807750404 -0.1442334503 -0.3111447990 -0.9089294672 0.2775538862
-257.6 -144.7 2474.4 0.9948691130 -0.0400216542 0.0929177925 0.0319415890 0.9957070947 0.0868740380 -0.0959957466 -0.0834603533 0.9918766022
-242.1 -531.2 2506.8 0.9951744080 -0.0150713660 0.0969571695 0.0180626158 0.9993852377 -0.0300478321 -0.0964447036 0.0316541344 0.9948348999
-81.6 -146.1 2507.8 0.9292880893 0.0738885999 -0.3618896008 -0.0683441982 0.9972655177 0.0281166006 0.3629775345 -0.0013953687 0.9317968488
-110.2 -533.3 2508.3 0.9261100888 -0.0952701718 -0.3650256693 0.0945464075 0.9953215122 -0.0199001674 0.3652137816 -0.0160821211 0.9307847619
-189.8 71.1 2226.6 0 0 0 0 0 0 0 0 0
16.7 -276.0 2419.1 0 0 0 0 0 0 0 0 0
-237.3 -847.9 2496.8 0 0 0 0 0 0 0 0 0
-81.4 -834.2 2513.2 0 0 0 0 0 0 0 0 0
-164.8 439.6 2496.9 76 0.9864086509 0.0156040052 -0.1635679901 -0.0180464350 0.9997465611 -0.0134568419 0.1633165479 0.0162257645 0.9864403009
-167.9 241.8 2493.7 0.9864086509 0.0156040052 -0.1635679901 -0.0180464350 0.9997465611 -0.0134568419 0.1633165479 0.0162257645 0.9864403009
-170.5 47.7 2491.2 0.9864535332 0.0130516738 -0.1635207087 -0.0149126817 0.9998372197 -0.0101584634 0.1633615047 0.0124593843 0.9864876270
-302.7 243.8 2471.3 0.1822357625 -0.7678658962 -0.6141433716 0.9484400749 0.3020127118 -0.0961755291 0.2593290210 -0.5649515986 0.7833123207
-345.7 19.9 2410.1 -0.6314194798 -0.7678658962 -0.1081268787 -0.2079600394 0.3020127118 -0.9303445220 0.7470355034 -0.5649515986 -0.3503821492
-33.2 239.8 2516.0 0.2460393161 0.2914082110 0.9244165421 -0.9681071639 0.1203832701 0.2197188735 -0.0472563989 -0.9489937425 0.3117333949
32.3 -17.7 2503.4 -0.0591951199 0.3055172563 0.9503447413 -0.9476649165 0.2820021808 -0.1496863812 -0.3137310743 -0.9094690681 0.2728348076
-258.8 -145.4 2474.7 0.9943153858 -0.0462723486 0.0958945900 0.0388126001 0.9961781502 0.0782477558 -0.0991488025 -0.0740810335 0.9923111796
-240.8 -532.1 2503.5 0.9949638247 -0.0085823676 0.0998667479 0.0103317592 0.9998018742 -0.0170132630 -0.0997009501 0.0179593805 0.9948553443
-82.1 -147.7 2504.5 0.9309473634 0.0679254681 -0.3587799966 -0.0596658774 0.9976372123 0.0340575874 0.3602456748 -0.0102988994 0.9328005910
-108.5 -535.0 2508.5 0.9284262657 -0.0848480090 -0.3616981208 0.0850941017 0.9962557554 -0.0152799226 0.3616403043 -0.0165920947 0.9321700335
-189.8 71.3 2225.6 0 0 0 0 0 0 0 0 0
16.0 -278.0 2417.3 0 0 0 0 0 0 0 0 0
-238.1 -847.8 2497.8 0 0 0 0 0 0 0 0 0
-83.2 -832.3 2513.4 0 0 0 0 0 0 0 0 0
-163.0 440.0 2497.4 77 0.9889072776 0.0223352406 -0.1468454301 -0.0246171895 0.9996024966 -0.0137406737 0.1464801580 0.0172031745 0.9890640378
-167.4 242.0 2494.0 0.9889072776 0.0223352406 -0.1468454301 -0.0246171895 0.9996024966 -0.0137406737 0.1464801580 0.0172031745 0.9890640378
-171.3 48.0 2491.4 0.9889672399 0.0200538486 -0.1467708349 -0.0217887703 0.9997103214 -0.0102223214 0.1465233266 0.0133074960 0.9891176820
-302.5 245.0 2474.0 0.1880230308 -0.7617582083 -0.6199772358 0.9434016943 0.3156615794 -0.1017401367 0.2732043862 -0.5657580495 0.7779956460
-347.1 20.9 2409.1 -0.6368821263 -0.7617582083 -0.1187669858 -0.2047769725 0.3156615794 -0.9265118241 0.7432681918 -0.5657580495 -0.3570297658
-32.3 239.1 2514.0 0.2428869158 0.2792668343 0.9289865494 -0.9693458676 0.1064740941 0.2214313596 -0.0370745696 -0.9542920589 0.2965672910
31.6 -15.9 2504.3 -0.0511117466 0.2928774059 0.9547829032 -0.9506918192 0.2785609961 -0.1363406628 -0.3058964014 -0.9146729708 0.2641984224
-261.4 -145.0 2474.2 0.9920242429 -0.0545200482 0.1136462316 0.0468400829 0.9965034127 0.0691876635 -0.1170209721 -0.0633126423 0.9911092520
-240.2 -531.9 2498.8 0.9930698276 -0.0077362852 0.1172709689 0.0080988891 0.9999637604 -0.0026157973 -0.1172464862 0.0035474340 0.9930965304
-84.6 -147.7 2503.5 0.9377616048 0.0554489829 -0.3428244591 -0.0472979471 0.9983649850 0.0320984162 0.3440437615 -0.0138857672 0.9388509393
-106.2 -535.3 2508.9 0.9353482127 -0.0787015334 -0.3448619843 0.0801302195 0.9967328906 -0.0101337628 0.3445328176 -0.0181552693 0.9385986924
-189.3 71.6 2224.9 0 0 0 0 0 0 0 0 0
17.6 -276.9 2420.3 0 0 0 0 0 0 0 0 0
-237.8 -848.4 2497.7 0 0 0 0 0 0 0 0 0
-82.6 -834.3 2514.3 0 0 0 0 0 0 0 0 0
-162.8 439.2 2495.7 78 0.9879060984 0.0246969685 -0.1530736536 -0.0258548800 0.9996501207 -0.0055781486 0.1528823376 0.0094683878 0.9881990552
-167.7 241.2 2493.8 0.9879060984 0.0246969685 -0.1530736536 -0.0258548800 0.9996501207 -0.0055781486 0.1528823376 0.0094683878 0.9881990552
-172.0 47.2 2492.1 0.9879719019 0.0219407734 -0.1530691385 -0.0230359007 0.9997201562 -0.0053844354 0.1529081613 0.0088457568 0.9882008433
-302.7 244.4 2472.9 0.1834142953 -0.7800498605 -0.5982319117 0.9474473596 0.3025346696 -0.1040010452 0.2621119022 -0.5477179885 0.7945453525
-345.7 22.2 2411.5 -0.6125967503 -0.7800498605 -0.1274655312 -0.1909287423 0.3025346696 -0.9338195920 0.7669885755 -0.5477179885 -0.3342657089
-32.7 238.1 2514.7 0.2466311157 0.2813220620 0.9273785353 -0.9679523110 0.1182573661 0.2215478867 -0.0473430343 -0.9522988200 0.3014722764
32.3 -17.2 2502.2 -0.0509332046 0.2933652699 0.9546426535 -0.9517958164 0.2752469480 -0.1353657246 -0.3024740815 -0.9155194759 0.2652046084
-263.8 -144.1 2475.8 0.9923559427 -0.0595430322 0.1080938354 0.0529712178 0.9966266155 0.0626850799 -0.1114616543 -0.0564800501 0.9921624660
-240.6 -531.0 2497.7 0.9937225580 -0.0115609448 0.1112734228 0.0109053282 0.9999194145 0.0064987899 -0.1113395840 -0.0052445210 0.9937685728
-86.6 -148.0 2502.0 0.9358512759 0.0521374457 -0.3485169411 -0.0404605679 0.9983516335 0.0407051407 0.3500647247 -0.0239927638 0.9364181757
-106.8 -535.6 2511.3 0.9327665567 -0.0815640390 -0.3511323035 0.0784769654 0.9966496229 -0.0230399761 0.3518351316 -0.0060648806 0.9360423684
-195.2 69.1 2223.0 0 0 0 0 0 0 0 0 0
18.3 -278.6 2419.2 0 0 0 0 0 0 0 0 0
-237.0 -845.7 2499.3 0 0 0 0 0 0 0 0 0
-82.6 -831.7 2513.1 0 0 0 0 0 0 0 0 0
-161.8 437.5 2495.8 79 0.9886523485 0.0282047912 -0.1475500762 -0.0295394622 0.9995400906 -0.0068616658 0.1472886801 0.0111423517 0.9890307784
-167.4 239.7 2493.6 0.9886523485 0.0282047912 -0.1475500762 -0.0295394622 0.9995400906 -0.0068616658 0.1472886801 0.0111423517 0.9890307784
-172.3 45.6 2492.0 0.9887484908 0.0249300040 -0.1474956721 -0.0259231422 0.9996523261 -0.0048145815 0.1473243535 0.0085839611 0.9890509844
-302.5 243.2 2473.5 0.1892569363 -0.7903401256 -0.5827042460 0.9472268820 0.3033129871 -0.1037424654 0.2587336004 -0.5323191881 0.8060355186
-346.7 21.8 2413.0 -0.5998288989 -0.7903401256 -0.1247707382 -0.2061298192 0.3033129871 -0.9303288460 0.7731208205 -0.5323191881 -0.3448485732
-32.3 236.1 2513.8 0.2472494245 0.2753764093 0.9289970398 -0.9675954580 0.1208824664 0.2216898799 -0.0512512922 -0.9537060857 0.2963410914
32.8 -18.7 2500.3 -0.0596671589 0.2875292003 0.9559115171 -0.9536709189 0.2664623260 -0.1396766752 -0.2948755324 -0.9199591279 0.2583091855
-264.7 -144.8 2476.7 0.9912235737 -0.0677412301 0.1135208383 0.0602348894 0.9958447814 0.0683002844 -0.1176758781 -0.0608629361 0.9911851883
-238.4 -531.4 2500.3 0.9929798245 -0.0026830384 0.1182532981 0.0034284380 0.9999755025 -0.0061004395 -0.1182340384 0.0064630378 0.9929647446
-87.7 -149.0 2504.1 0.9377954602 0.0520862043 -0.3432589173 -0.0412439220 0.9983947873 0.0388168581 0.3447297513 -0.0222449284 0.9384383559
-107.9 -536.5 2512.7 0.9342206717 -0.0866143256 -0.3460198641 0.0813864172 0.9962418079 -0.0296397544 0.3472866714 -0.0004712472 0.9377589226
-197.9 73.0 2221.2 0 0 0 0 0 0 0 0 0
16.4 -280.6 2419.3 0 0 0 0 0 0 0 0 0
-237.6 -843.7 2498.3 0 0 0 0 0 0 0 0 0
-81.9 -836.1 2512.9 0 0 0 0 0 0 0 0 0
-161.3 437.9 2494.9 80 0.9886019826 0.0297344457 -0.1475873739 -0.0307236724 0.9995180964 -0.0044269753 0.1473846138 0.0089109428 0.9890391231
-167.2 239.8 2493.1 0.9886019826 0.0297344457 -0.1475873739 -0.0307236724 0.9995180964 -0.0044269753 0.1473846138 0.0089109428 0.9890391231
-172.4 45.7 2491.8 0.9886967540 0.0266599320 -0.1475398391 -0.0273636952 0.9996218085 -0.0027419555 0.1474109441 0.0067481976 0.9890522957
-302.3 243.5 2473.0 0.1880529523 -0.8015674353 -0.5675612092 0.9480499625 0.2991135418 -0.1083162352 0.2565880120 -0.5177071691 0.8161751628
-346.0 23.2 2413.4 -0.5855310559 -0.8015674353 -0.1210085154 -0.2174601555 0.2991135418 -0.9291082621 0.7809382081 -0.5177071691 -0.3494492471
-32.1 236.0 2513.3 0.2408276051 0.2770241201 0.9301933646 -0.9695260525 0.1130596772 0.2173401713 -0.0449588932 -0.9541882277 0.2958099842
31.6 -20.7 2501.4 -0.0647051185 0.2914389372 0.9543985724 -0.9511005282 0.2714563310 -0.1473745108 -0.3020282090 -0.9172648191 0.2596231103
-265.7 -146.1 2477.1 0.9917587042 -0.0616380721 0.1123183146 0.0516278148 0.9946070313 0.0899525881 -0.1172570810 -0.0834125131 0.9895924330
-241.8 -532.2 2509.5 0.9927705526 -0.0145491706 0.1191425547 0.0188543797 0.9992063642 -0.0350877978 -0.1185375005 0.0370804928 0.9922569990
-88.5 -150.8 2503.5 0.9382566214 0.0454050265 -0.3429473937 -0.0312356856 0.9984190464 0.0467306525 0.3445270061 -0.0331331491 0.9381915331
-106.2 -538.4 2516.4 0.9348053932 -0.0818099976 -0.3456095755 0.0720136911 0.9965559244 -0.0411141664 0.3477828205 0.0135451239 0.9374772906
-200.3 77.3 2219.0 0 0 0 0 0 0 0 0 0
13.9 -281.9 2418.4 0 0 0 0 0 0 0 0 0
-237.2 -843.9 2497.9 0 0 0 0 0 0 0 0 0
-81.8 -835.5 2512.3 0 0 0 0 0 0 0 0 0
-162.1 438.0 2495.4 81 0.9877883792 0.0279265568 -0.1532781422 -0.0292643290 0.9995507002 -0.0064781229 0.1530283540 0.0108845970 0.9881618619
-167.7 239.2 2493.3 0.9877883792 0.0279265568 -0.1532781422 -0.0292643290 0.9995507002 -0.0064781229 0.1530283540 0.0108845970 0.9881618619
-172.1 45.2 2491.6 0.9879303575 0.0225859005 -0.1532432735 -0.0236459877 0.9997074008 -0.0050984095 0.1530832797 0.0086604627 0.9881753325
-302.7 242.5 2472.4 0.1817332655 -0.8112748265 -0.5557033420 0.9489880204 0.2927730680 -0.1170709580 0.2576716840 -0.5060801506 0.8230966926
-344.7 23.1 2412.8 -0.5732453465 -0.8112748265 -0.1149909869 -0.2280710638 0.2927730680 -0.9285836220 0.7870027423 -0.5060801506 -0.3528591096
-32.7 236.0 2514.2 0.2459366024 0.2810108066 0.9276573062 -0.9680212140 0.1200819612 0.2202618569 -0.0494989529 -0.9521623850 0.3015569746
32.6 -21.0 2501.0 -0.0703706145 0.2955796421 0.9527227283 -0.9500156045 0.2713713944 -0.1543629020 -0.3041682243 -0.9159641266 0.2617087066
-266.2 -145.9 2477.3 0.9921366572 -0.0651006103 0.1068959162 0.0568512604 0.9952927828 0.0784870386 -0.1115022898 -0.0717926994 0.9911675453
-240.9 -532.2 2505.2 0.9935564399 -0.0098819314 0.1129069030 0.0124558685 0.9996778369 -0.0221143272 -0.1126519963 0.0233781859 0.9933594465
-89.0 -150.8 2503.7 0.9362416267 0.0444952287 -0.3485279679 -0.0309922900 0.9985406995 0.0442260802 0.3499872088 -0.0306046177 0.9362543821
-106.3 -538.5 2515.6 0.9329825044 -0.0798033401 -0.3509629965 0.0719638169 0.9967806935 -0.0353468806 0.3526539505 0.0077213841 0.9357219338
-201.8 80.0 2216.7 0 0 0 0 0 0 0 0 0
13.3 -281.9 2417.5 0 0 0 0 0 0 0 0 0
-237.8 -849.1 2497.8 0 0 0 0 0 0 0 0 0
-82.5 -835.9 2513.3 0 0 0 0 0 0 0 0 0
-161.9 436.8 2496.2 82 0.9858633876 0.0267043877 -0.1654093564 -0.0275968909 0.9996143579 -0.0030994415 0.1652627885 0.0076204101 0.9862201214
-167.2 238.8 2494.7 0.9858633876 0.0267043877 -0.1654093564 -0.0275968909 0.9996143579 -0.0030994415 0.1652627885 0.0076204101 0.9862201214
-171.3 44.7 2493.3 0.9859958291 0.0211494658 -0.1654236019 -0.0220643748 0.9997497201 -0.0036948114 0.1653040648 0.0072930371 0.9862157106
-301.9 241.8 2472.1 0.1853573918 -0.8136510253 -0.5510123372 0.9492540359 0.2932422161 -0.1136917993 0.2540855408 -0.5019770861 0.8267161250
-344.2 25.0 2414.1 -0.5693426728 -0.8136510253 -0.1175624132 -0.2273257226 0.2932422161 -0.9286183119 0.7900455594 -0.5019770861 -0.3519191146
-32.5 235.8 2517.3 0.2467132062 0.2876093686 0.9254260659 -0.9668187499 0.1383698136 0.2147448659 -0.0662884042 -0.9476996660 0.3122037649
33.0 -20.8 2499.7 -0.0729103014 0.2994264066 0.9513295293 -0.9522672296 0.2626101077 -0.1556374282 -0.2964307070 -0.9172675610 0.2659869790
-265.0 -146.8 2476.2 0.9936133623 -0.0602084473 0.0954331160 0.0540134683 0.9963419437 0.0662212521 -0.0990710929 -0.0606436469 0.9932307005
-241.6 -533.5 2499.7 0.9948396087 -0.0181273054 0.0998274982 0.0193690844 0.9997464418 -0.0114840390 -0.0995940119 0.0133583443 0.9949384928
-87.9 -151.0 2503.6 0.9316410422 0.0463585928 -0.3604106605 -0.0346921608 0.9986455441 0.0387756601 0.3617200851 -0.0236215722 0.9319874644
-105.9 -538.7 2512.8 0.9284176826 -0.0810372978 -0.3625927866 0.0779089853 0.9966889024 -0.0232682414 0.3632777929 -0.0066465889 0.9316571355
-202.4 81.6 2217.3 0 0 0 0 0 0 0 0 0
13.0 -282.3 2418.3 0 0 0 0 0 0 0 0 0
-236.0 -843.8 2495.6 0 0 0 0 0 0 0 0 0
-82.0 -833.0 2514.8 0 0 0 0 0 0 0 0 0
-162.2 437.6 2496.1 83 0.9855180383 0.0242195036 -0.1678319424 -0.0247459617 0.9996932149 -0.0010458014 0.1677551270 0.0051838188 0.9858150482
-167.0 239.7 2495.1 0.9855180383 0.0242195036 -0.1678319424 -0.0247459617 0.9996932149 -0.0010458014 0.1677551270 0.0051838188 0.9858150482
-170.4 45.7 2494.3 0.9856549501 0.0178343728 -0.1678278893 -0.0182361864 0.9998333454 -0.0008531819 0.1677847058 0.0039014835 0.9858159423
-301.6 242.2 2472.1 0.1976818889 -0.8086072803 -0.5541445017 0.9458801150 0.3057575822 -0.1087341979 0.2573571503 -0.5026594400 0.8252882957
-346.9 25.9 2413.3 -0.5745850801 -0.8086072803 -0.1265158504 -0.2266757339 0.3057575822 -0.9247326255 0.7864286900 -0.5026594400 -0.3589753807
-32.3 237.2 2518.0 0.2457717210 0.2905628681 0.9247537255 -0.9675171971 0.1318165213 0.2157194614 -0.0592177585 -0.9477328658 0.3135213554
33.3 -20.9 2502.2 -0.0682347268 0.3036206663 0.9503465295 -0.9497159123 0.2720047832 -0.1550906748 -0.3055875301 -0.9131417871 0.2697932124
-263.7 -147.4 2477.1 0.9940959811 -0.0574015267 0.0920775682 0.0499278121 0.9954208136 0.0815142989 -0.0963349789 -0.0764358044 0.9924097657
-241.5 -533.8 2506.7 0.9951160550 -0.0146507490 0.0976186544 0.0170645714 0.9995678067 -0.0239381623 -0.0972257555 0.0254870709 0.9949359298
-87.1 -151.4 2506.7 0.9299805164 0.0595602617 -0.3627517521 -0.0474857241 0.9979834557 0.0421206988 0.3645289540 -0.0219459012 0.9309334159
-110.2 -538.8 2515.2 0.9257586598 -0.0938032791 -0.3662947118 0.0866631716 0.9955896139 -0.0359284133 0.3680493832 0.0015167807 0.9298049808
-202.5 82.8 2215.7 0 0 0 0 0 0 0 0 0
14.5 -281.7 2418.3 0 0 0 0 0 0 0 0 0
-236.9 -845.0 2498.8 0 0 0 0 0 0 0 0 0
-82.4 -834.0 2514.7 0 0 0 0 0 0 0 0 0
-162.4 437.6 2495.0 84 0.9889320135 0.0171078127 -0.1473797709 -0.0173831731 0.9998487234 -0.0005804779 0.1473475546 0.0031359810 0.9890798330
-165.8 238.7 2494.4 0.9889320135 0.0171078127 -0.1473797709 -0.0173831731 0.9998487234 -0.0005804779 0.1473475546 0.0031359810 0.9890798330
-167.6 44.6 2493.7 0.9890313745 0.0095184706 -0.1473984867 -0.0099194702 0.9999487996 -0.0019856659 0.1473720372 0.0034260009 0.9890751839
-300.9 240.0 2474.3 0.2034984827 -0.8064207435 -0.5552242398 0.9400710464 0.3194049597 -0.1193603054 0.2735960186 -0.4976606071 0.8230912089
-346.9 27.5 2412.4 -0.5742120743 -0.8064207435 -0.1413014531 -0.2218632400 0.3194049597 -0.9212802052 0.7880718112 -0.4976606071 -0.3623212874
-30.7 237.3 2514.5 0.2409620732 0.2754704356 0.9306198359 -0.9695400596 0.1117191166 0.2179698497 -0.0439237766 -0.9547957182 0.2939997017
