-27.5 481.7 1997.8 97 0.5722827315 0.0636204407 -0.8175848126 -0.0989556611 0.9950583577 0.0081648258 0.8140640259 0.0762320533 0.5757503510
-40.1 284.1 1982.7 0.5722827315 0.0636204407 -0.8175848126 -0.0989556611 0.9950583577 0.0081648258 0.8140640259 0.0762320533 0.5757503510
-51.3 86.1 1970.4 0.5732447505 0.0562429950 -0.8174515963 -0.0829715058 0.9964978695 0.0103774304 0.8151724935 0.0618763827 0.5759037733
-120.7 295.8 1868.1 0.1433889121 -0.5382717848 -0.8304836750 0.9329282641 0.3535664976 -0.0680847839 0.3302793205 -0.7650191188 0.5528664589
-158.5 50.1 1781.1 -0.8221330047 -0.5382717848 -0.1853667945 -0.0206331834 0.3535664976 -0.9351817966 0.5689214468 -0.7650191188 -0.3017849624
40.5 272.4 2097.3 -0.0080638835 -0.2649592161 -0.9642258883 -0.9928302765 -0.1128800586 0.0393213667 -0.1192604378 0.9576297402 -0.2621492743
38.4 13.8 2066.2 0.7425538301 -0.2649592161 -0.6151507497 -0.6574506760 -0.1128800586 -0.7449944615 0.1279548854 0.9576297402 -0.2580171227
-112.1 -105.1 1884.9 0.9589732885 0.0080780759 0.2833812833 -0.0158412736 0.9995590448 0.0251140259 -0.2830534577 -0.0285728015 0.9586784244
-115.3 -502.4 1896.3 0.9590932131 0.0002063549 0.2830904126 -0.0002430495 0.9999999404 0.0000945006 -0.2830903828 -0.0001594398 0.9590932131
-9.9 -118.7 2036.5 0.7107741237 -0.0478392467 -0.7017916441 0.0215380322 0.9986969829 -0.0462647788 0.7030904889 0.0177685972 0.7108783722
9.1 -515.7 2029.4 0.7107741237 0.3373696506 -0.6172372699 0.0215380322 0.8666306734 0.4984850883 0.7030904889 -0.3676043749 0.6087123752
69.7 55.8 1623.1 0 0 0 0 0 0 0 0 0
229.9 -155.8 2099.3 0 0 0 0 0 0 0 0 0
-115.4 -884.7 1896.3 0 0 0 0 0 0 0 0 0
-119.8 -846.8 2169.8 0 0 0 0 0 0 0 0 0
-27.9 479.8 1994.3 98 0.6051318049 0.0688948631 -0.7931386828 -0.0918876305 0.9956346750 0.0163779519 0.7908047438 0.0629688129 0.6088207960
-41.5 283.2 1981.9 0.6051318049 0.0688948631 -0.7931386828 -0.0918876305 0.9956346750 0.0163779519 0.7908047438 0.0629688129 0.6088207960
-53.8 85.1 1972.0 0.6060938239 0.0619311817 -0.7929784060 -0.0772362277 0.9968352318 0.0188186448 0.7916342616 0.0498408005 0.6089590192
-126.8 294.1 1870.6 0.1232694983 -0.5717175007 -0.8111373186 0.9425823689 0.3231089413 -0.0844929293 0.3103917837 -0.7541483641 0.5787203312
-160.1 38.9 1786.5 -0.7743212581 -0.5717175007 -0.2712299228 0.0913771465 0.3231089413 -0.9419399500 0.6261603832 -0.7541483641 -0.1979482025
43.7 272.3 2093.2 -0.0161471367 -0.2256163061 -0.9740824103 -0.9938893318 -0.1027695313 0.0402788818 -0.1091935709 0.9687805176 -0.2225781977
39.5 13.4 2064.7 0.7450919151 -0.2256163061 -0.6276426315 -0.6588618755 -0.1027695313 -0.7452110052 0.1036292017 0.9687805176 -0.2252227366
-115.1 -104.4 1883.4 0.9464850426 -0.0032061280 0.3227317631 -0.0071758060 0.9994944334 0.0309740212 -0.3226678967 -0.0316323079 0.9459835291
-113.8 -501.8 1895.9 0.9465093017 0.0001031750 0.3226765096 -0.0001233792 1.0000000000 0.0000421617 -0.3226764798 -0.0000797180 0.9465093017
-9.9 -119.6 2032.8 0.7252011299 -0.0513695255 -0.6866181493 0.0253479145 0.9985288978 -0.0479329266 0.6880703568 0.0173566733 0.7254363894
10.5 -516.6 2025.9 0.7252011299 0.3439388871 -0.5964808464 0.0253479145 0.8523783684 0.5223108530 0.6880703568 -0.3938999474 0.6094276309
55.6 13.4 1612.1 0 0 0 0 0 0 0 0 0
231.7 -156.6 2091.5 0 0 0 0 0 0 0 0 0
-113.8 -884.1 1896.0 0 0 0 0 0 0 0 0 0
-120.9 -842.2 2176.4 0 0 0 0 0 0 0 0 0
-28.4 480.0 1992.5 99 0.5967096090 0.0719589815 -0.7992243767 -0.0925785303 0.9954941273 0.0205101985 0.7970990539 0.0617523827 0.6006827354
-42.6 283.6 1980.4 0.5967096090 0.0719589815 -0.7992243767 -0.0925785303 0.9954941273 0.0205101985 0.7970990539 0.0617523827 0.6006827354
-56.2 85.6 1970.8 0.5976203084 0.0687176362 -0.7988290191 -0.0796822608 0.9964783788 0.0261080898 0.7978098989 0.0480497777 0.6009913087
-126.7 294.9 1868.2 0.1304892898 -0.6103411317 -0.7813169956 0.9541137218 0.2915308475 -0.0683866516 0.2695171833 -0.7365415692 0.6203765273
-163.3 26.6 1792.4 -0.7221283317 -0.6103411317 -0.3255985379 0.1774168909 0.2915308475 -0.9399643540 0.6686209440 -0.7365415692 -0.1022378504
41.4 272.3 2092.6 -0.0223260224 -0.2359726876 -0.9715031981 -0.9940136075 -0.0987156257 0.0468208045 -0.1069509760 0.9667326808 -0.2323561311
35.6 13.4 2064.7 0.7391901612 -0.2359726876 -0.6308048964 -0.6640128493 -0.0987156257 -0.7411761880 0.1126270294 0.9667326808 -0.2296585143
-121.7 -106.0 1889.5 0.9491148591 -0.0285659898 0.3136319220 0.0224238858 0.9994798899 0.0231745914 -0.3141308129 -0.0149625037 0.9492617846
-110.3 -503.2 1895.5 0.9493536949 0.0000515869 0.3142093420 -0.0000614981 1.0000000000 0.0000216308 -0.3142093420 -0.0000398585 0.9493536949
-10.6 -120.2 2034.6 0.7085389495 -0.0531023033 -0.7036709189 0.0228553377 0.9983683825 -0.0523281060 0.7053015232 0.0209938623 0.7085965276
10.6 -517.1 2026.3 0.7085389495 0.3542152643 -0.6103311777 0.0228553377 0.8529211879 0.5215391517 0.7053015232 -0.3834801316 0.5962321162
39.5 -23.2 1604.6 0 0 0 0 0 0 0 0 0
226.3 -157.9 2093.8 0 0 0 0 0 0 0 0 0
-110.3 -885.5 1895.5 0 0 0 0 0 0 0 0 0
-124.8 -843.0 2172.8 0 0 0 0 0 0 0 0 0
-28.9 481.4 1997.2 00 0.5718256831 0.0683906376 -0.8175194860 -0.0997788832 0.9949188828 0.0134394402 0.8142846823 0.0738861635 0.5757440925
-42.4 284.9 1982.6 0.5718256831 0.0683906376 -0.8175194860 -0.0997788832 0.9949188828 0.0134394402 0.8142846823 0.0738861635 0.5757440925
-56.2 87.0 1970.9 0.5726491213 0.0695728511 -0.8168430328 -0.0878968388 0.9958593845 0.0231999587 0.8150749207 0.0585124865 0.5763932467
-123.0 297.3 1868.0 0.1474269927 -0.6333103180 -0.7597258091 0.9562861919 0.2874017954 -0.0540091284 0.2525510788 -0.7185528874 0.6479966640
-165.8 19.5 1794.6 -0.6655354500 -0.6333103180 -0.3949437737 0.2715744972 0.2874017954 -0.9185028672 0.6952049136 -0.7185528874 -0.0192851312
38.1 272.5 2097.2 -0.0213886909 -0.2657807469 -0.9637961984 -0.9930259585 -0.1061455905 0.0513085462 -0.1159395427 0.9581720829 -0.2616568804
32.5 13.9 2067.0 0.7338061929 -0.2657807469 -0.6252112389 -0.6668689251 -0.1061455905 -0.7375764251 0.1296702027 0.9581720829 -0.2551312149
-124.7 -105.2 1888.1 0.9580130577 -0.0391385853 0.2840408087 0.0333583131 0.9991266727 0.0251608491 -0.2847774923 -0.0146293007 0.9584820271
-109.1 -502.4 1893.9 0.9585466385 0.0000257933 0.2849357128 -0.0000304026 1.0000000000 0.0000117536 -0.2849357128 -0.0000199291 0.9585466385
-15.1 -119.8 2034.4 0.7191900015 -0.0643494278 -0.6918272376 0.0314888954 0.9976976514 -0.0600652471 0.6940995455 0.0214134511 0.7195604444
10.5 -516.5 2025.9 0.7191900015 0.3423281312 -0.6046298146 0.0314888954 0.8532518148 0.5205475688 0.6940995455 -0.3934117258 0.6028706431
21.2 -56.9 1599.2 0 0 0 0 0 0 0 0 0
221.8 -158.2 2100.4 0 0 0 0 0 0 0 0 0
-109.1 -884.7 1893.9 0 0 0 0 0 0 0 0 0
-120.3 -842.6 2176.3 0 0 0 0 0 0 0 0 0
-27.4 480.0 1993.5 01 0.5533602238 0.0737238899 -0.8296729922 -0.0867063254 0.9957622290 0.0306526013 0.8284168243 0.0549759641 0.5574075580
-41.9 283.9 1982.6 0.5533602238 0.0737238899 -0.8296729922 -0.0867063254 0.9957622290 0.0306526013 0.8284168243 0.0549759641 0.5574075580
-56.1 85.9 1974.1 0.5541813970 0.0712797567 -0.8293383718 -0.0754239410 0.9965283275 0.0352494828 0.8289718032 0.0430173650 0.5576336384
-119.9 294.5 1866.1 0.1643247306 -0.6537491679 -0.7386537790 0.9564320445 0.2887966335 -0.0428280719 0.2413195372 -0.6994344592 0.6727231145
-168.0 14.4 1795.4 -0.5984370708 -0.6537491679 -0.4631253779 0.3683831096 0.2887966335 -0.8836800456 0.7114541531 -0.6994344592 0.0680035502
36.0 273.2 2099.2 -0.0218267608 -0.2872645259 -0.9576025605 -0.9948080778 -0.0889910012 0.0493705794 -0.0994004309 0.9537084103 -0.2838306725
30.3 14.2 2073.3 0.7287271023 -0.2872645259 -0.6216397285 -0.6664916277 -0.0889910012 -0.7401820421 0.1573076993 0.9537084103 -0.2563095689
-122.5 -102.9 1884.6 0.9644172192 -0.0285973605 0.2628338933 0.0186866261 0.9990196824 0.0401303768 -0.2637238801 -0.0337909497 0.9640061855
-111.2 -500.0 1898.0 0.9645856619 0.0000128966 0.2637698054 -0.0000150682 1.0000000000 0.0000062099 -0.2637698054 -0.0000099645 0.9645856619
-17.5 -119.0 2034.0 0.7127990127 -0.0668054223 -0.6981794834 0.0335032307 0.9975602031 -0.0612469427 0.7005677223 0.0202654917 0.7132980824
9.0 -515.7 2026.0 0.7127990127 0.3347511888 -0.6163272262 0.0335032307 0.8614953756 0.5066589117 0.7005677223 -0.3817948997 0.6028578281
0.4 -89.3 1595.2 0 0 0 0 0 0 0 0 0
218.3 -157.8 2113.9 0 0 0 0 0 0 0 0 0
-111.2 -882.3 1898.0 0 0 0 0 0 0 0 0 0
-118.9 -844.9 2171.9 0 0 0 0 0 0 0 0 0
-28.1 482.1 1997.6 02 0.5162656307 0.0731688812 -0.8532971740 -0.0871729180 0.9956585169 0.0326343924 0.8519804478 0.0575363934 0.5204026103
-42.5 285.6 1986.3 0.5162656307 0.0731688812 -0.8532971740 -0.0871729180 0.9956585169 0.0326343924 0.8519804478 0.0575363934 0.5204026103
-56.5 87.6 1977.7 0.5172664523 0.0704619363 -0.8529188037 -0.0732908249 0.9965908527 0.0378826670 0.8526803851 0.0429156907 0.5206672549
-115.2 296.0 1866.4 0.1824719310 -0.6720687151 -0.7176542878 0.9548377395 0.2952125072 -0.0336819552 0.2344971001 -0.6790973544 0.6955845356
-170.0 9.0 1795.9 -0.5311688781 -0.6720687151 -0.5159295201 0.4467813969 0.2952125072 -0.8445329666 0.7198930383 -0.6790973544 0.1434600949
30.2 275.3 2106.1 -0.0185856633 -0.3288490474 -0.9441996217 -0.9951025844 -0.0856146440 0.0494058020 -0.0970843658 0.9404937029 -0.3256473541
25.4 16.1 2080.9 0.7203813195 -0.3288490474 -0.6106627584 -0.6667049527 -0.0856146440 -0.7403881550 0.1911942661 0.9404937029 -0.2809204757
-121.1 -105.3 1889.5 0.9747791886 -0.0305086356 0.2210764587 0.0268200878 0.9994467497 0.0196678285 -0.2215541899 -0.0132424999 0.9750581384
-109.0 -502.5 1894.8 0.9751299620 0.0000064483 0.2216338217 -0.0000073922 1.0000000000 0.0000034292 -0.2216338217 -0.0000049823 0.9751299620
-19.5 -119.1 2041.6 0.6853553653 -0.0780409202 -0.7240149379 0.0269828029 0.9962796569 -0.0818460584 0.7277086973 0.0365576781 0.6849113703
11.6 -515.2 2027.0 0.6853553653 0.3559584022 -0.6352807879 0.0269828029 0.8593757749 0.5106322169 0.7277086973 -0.3671061695 0.5793730021
-19.4 -117.7 1591.8 0 0 0 0 0 0 0 0 0
211.2 -155.9 2130.2 0 0 0 0 0 0 0 0 0
-109.0 -884.9 1894.8 0 0 0 0 0 0 0 0 0
-124.5 -843.6 2167.3 0 0 0 0 0 0 0 0 0
-28.7 481.4 1994.2 03 0.5176683068 0.0721652284 -0.8525325060 -0.0749287680 0.9964318871 0.0388483591 0.8522940874 0.0437686481 0.5212284327
-43.0 284.2 1985.5 0.5176683068 0.0721652284 -0.8525325060 -0.0749287680 0.9964318871 0.0388483591 0.8522940874 0.0437686481 0.5212284327
-56.6 86.0 1979.0 0.5184604526 0.0685606226 -0.8523486257 -0.0637067631 0.9971073270 0.0414535291 0.8527251482 0.0328083560 0.5213285089
-115.9 293.2 1865.6 0.1832368225 -0.7005085349 -0.6897188425 0.9561476707 0.2900602221 -0.0405791327 0.2284860313 -0.6520375013 0.7229393125
-171.1 5.4 1796.9 -0.4596415460 -0.7005085349 -0.5459097624 0.5155419111 0.2900602221 -0.8062763810 0.7231501937 -0.6520375013 0.2278177589
29.9 275.2 2105.5 -0.0167542156 -0.3275202811 -0.9446955919 -0.9960626960 -0.0767955482 0.0442897677 -0.0870542154 0.9417180419 -0.3249440789
25.5 15.8 2082.8 0.7219224572 -0.3275202811 -0.6095559001 -0.6633443236 -0.0767955482 -0.7443633080 0.1969829053 0.9417180419 -0.2726991475
-117.9 -103.8 1891.1 0.9747360349 -0.0149795488 0.2228570282 0.0144722415 0.9998876452 0.0039094589 -0.2228905559 -0.0005854497 0.9748433232
-112.0 -501.2 1891.3 0.9748381376 0.0000032241 0.2229138762 -0.0000036983 1.0000000000 0.0000017097 -0.2229138762 -0.0000024911 0.9748381376
-23.1 -117.2 2047.3 0.6998900175 -0.0849240422 -0.7091839910 0.0233444925 0.9950956702 -0.0961231068 0.7138690352 0.0507200621 0.6984400153
10.6 -512.8 2027.2 0.6998900175 0.3454395533 -0.6251603961 0.0233444925 0.8637365699 0.5034025908 0.7138690352 -0.3669205010 0.5964564681
-39.5 -142.1 1589.9 0 0 0 0 0 0 0 0 0
211.8 -155.4 2133.6 0 0 0 0 0 0 0 0 0
-112.0 -883.6 1891.3 0 0 0 0 0 0 0 0 0
-121.4 -842.9 2167.4 0 0 0 0 0 0 0 0 0
-29.7 480.1 1992.0 04 0.5467346907 0.0662996471 -0.8346769214 -0.0723365992 0.9968731999 0.0318008251 0.8341754079 0.0429910682 0.5498210192
-42.8 283.2 1983.5 0.5467346907 0.0662996471 -0.8346769214 -0.0723365992 0.9968731999 0.0318008251 0.8341754079 0.0429910682 0.5498210192
-55.4 85.0 1977.1 0.5474130511 0.0634173006 -0.8344562054 -0.0619072020 0.9974612594 0.0351935625 0.8345696330 0.0323934332 0.5499492884
-119.8 292.0 1866.2 0.1724048108 -0.7254784107 -0.6663014293 0.9578344226 0.2813113034 -0.0584570505 0.2298474461 -0.6281281710 0.7433876395
-172.0 1.9 1796.6 -0.4000417888 -0.7254784107 -0.5600425005 0.5702905655 0.2813113034 -0.7717723846 0.7174504995 -0.6281281710 0.3011972308
34.2 274.5 2100.8 -0.0134841893 -0.2949727774 -0.9554105401 -0.9959974289 -0.0804722458 0.0389019586 -0.0883590430 0.9521109462 -0.2927069962
30.7 15.1 2077.8 0.7322956324 -0.2949727774 -0.6137867570 -0.6591255069 -0.0804722458 -0.7477150559 0.1711627841 0.9521109462 -0.2533535361
-117.8 -106.3 1894.3 0.9666156769 -0.0124373063 0.2559286058 0.0155473016 0.9998278022 -0.0101321265 -0.2557585239 0.0137728713 0.9666425586
-112.8 -503.8 1888.9 0.9667325020 0.0000016121 0.2557894289 -0.0000018770 1.0000000000 0.0000007918 -0.2557894289 -0.0000012456 0.9667325020
-22.7 -118.0 2050.7 0.7037097216 -0.0842511728 -0.7054745555 0.0200779326 0.9949058294 -0.0987887532 0.7102038264 0.0553541332 0.7018164992
10.8 -513.6 2028.7 0.7037097216 0.3425402343 -0.6224619150 0.0200779326 0.8661677241 0.4993499815 0.7102038264 -0.3638951778 0.6026531458
-57.0 -161.9 1590.4 0 0 0 0 0 0 0 0 0
219.6 -155.0 2122.0 0 0 0 0 0 0 0 0 0
-112.8 -886.1 1888.9 0 0 0 0 0 0 0 0 0
-120.1 -844.7 2167.8 0 0 0 0 0 0 0 0 0
-29.7 481.4 1997.4 05 0.5215879083 0.0546710566 -0.8514441252 -0.0685535520 0.9974038005 0.0220477358 0.8504390121 0.0468696877 0.5239816308
-40.5 284.7 1988.1 0.5215879083 0.0546710566 -0.8514441252 -0.0685535520 0.9974038005 0.0220477358 0.8504390121 0.0468696877 0.5239816308
-51.7 86.4 1981.5 0.5221660137 0.0565178171 -0.8509690762 -0.0581796393 0.9978379011 0.0305724256 0.8508570790 0.0335451923 0.5243251920
-113.9 293.0 1868.5 0.1914900690 -0.7228872180 -0.6639018059 0.9526624084 0.2996394336 -0.0514837280 0.2361480892 -0.6226156950 0.7460454702
-173.2 -2.0 1795.4 -0.3525075316 -0.7228872180 -0.5942832232 0.6150691509 0.2996394336 -0.7293189764 0.7052860260 -0.6226156950 0.3390004635
32.9 276.5 2107.8 -0.0049172905 -0.3232772350 -0.9462915063 -0.9961110353 -0.0816633552 0.0330744497 -0.0879695565 0.9427740574 -0.3216184378
31.6 17.1 2084.9 0.7306348085 -0.3232772350 -0.6013855338 -0.6546786427 -0.0816633552 -0.7514831424 0.1938262284 0.9427740574 -0.2713088095
-118.2 -107.6 1894.1 0.9739120007 -0.0118864635 0.2266145945 0.0157567114 0.9997591376 -0.0152772600 -0.2263784111 0.0184494071 0.9738646746
-113.4 -505.1 1886.8 0.9740328789 0.0000008060 0.2264065146 -0.0000009261 1.0000000000 0.0000004241 -0.2264065146 -0.0000006228 0.9740328789
-17.8 -119.0 2047.1 0.6979076862 -0.0727952495 -0.7124785781 0.0166592337 0.9962018728 -0.0854652449 0.7159939408 0.0477775075 0.6964696646
11.1 -515.0 2028.1 0.6979076862 0.3611713350 -0.6184497476 0.0166592337 0.8551098108 0.5181791782 0.7159939408 -0.3719441295 0.5907709002
-71.6 -179.4 1592.0 0 0 0 0 0 0 0 0 0
220.1 -151.8 2134.9 0 0 0 0 0 0 0 0 0
-113.4 -887.4 1886.8 0 0 0 0 0 0 0 0 0
-126.9 -841.8 2170.3 0 0 0 0 0 0 0 0 0
-31.3 482.0 2000.1 06 0.5158501863 0.0423500687 -0.8556313515 -0.0652662516 0.9978173971 0.0100393994 0.8541890383 0.0506650247 0.5174883604
-39.7 284.6 1990.1 0.5158501863 0.0423500687 -0.8556313515 -0.0652662516 0.9978173971 0.0100393994 0.8541890383 0.0506650247 0.5174883604
-48.4 86.2 1983.0 0.5163662434 0.0438653789 -0.8552436829 -0.0533187389 0.9983964562 0.0190156829 0.8547064066 0.0357814580 0.5178770423
-112.3 292.2 1869.8 0.1977699250 -0.7371217012 -0.6461722851 0.9503909349 0.3056438565 -0.0577833429 0.2400919497 -0.6026884913 0.7610009909
-173.9 -3.6 1795.1 -0.3000692427 -0.7371217012 -0.6054832935 0.6510722637 0.3056438565 -0.6947566271 0.6971824169 -0.6026884913 0.3882051706
32.9 277.0 2110.3 0.0081218872 -0.3293944001 -0.9441574812 -0.9959260225 -0.0874627382 0.0219464842 -0.0898076445 0.9401327372 -0.3287628293
35.0 17.7 2086.9 0.7372142076 -0.3293944001 -0.5899275541 -0.6459333897 -0.0874627382 -0.7583668828 0.1982051283 0.9401327372 -0.2772456110
-110.8 -106.6 1896.8 0.9755516648 0.0123300971 0.2194239348 -0.0077248905 0.9997317791 -0.0218333527 -0.2196342796 0.0196045376 0.9753853083
-115.7 -504.0 1889.0 0.9755808115 0.0000004030 0.2196408361 -0.0000004616 1.0000000000 0.0000002153 -0.2196408361 -0.0000003114 0.9755808115
-15.1 -117.3 2052.8 0.7106946111 -0.0652021691 -0.7004725933 0.0040283171 0.9960565567 -0.0886289477 0.7034891248 0.0601663888 0.7081546783
10.8 -513.3 2028.9 0.7106946111 0.3530240655 -0.6085122824 0.0040283171 0.8629212379 0.5053223968 0.7034891248 -0.3615811765 0.6118513942
-87.0 -192.0 1593.4 0 0 0 0 0 0 0 0 0
225.2 -149.0 2138.0 0 0 0 0 0 0 0 0 0
-115.7 -886.3 1889.0 0 0 0 0 0 0 0 0 0
-124.1 -843.1 2167.1 0 0 0 0 0 0 0 0 0
-30.3 479.5 2000.9 07 0.5104901791 0.0503871739 -0.8584060073 -0.0702711716 0.9973871708 0.0167552177 0.8570074439 0.0517678224 0.5126971602
-40.3 282.2 1990.7 0.5104901791 0.0503871739 -0.8584060073 -0.0702711716 0.9973871708 0.0167552177 0.8570074439 0.0517678224 0.5126971602
-49.7 83.9 1982.7 0.5110325217 0.0478747077 -0.8582271338 -0.0592585430 0.9980344176 0.0203880370 0.8575162888 0.0404383391 0.5128650069
-112.1 290.6 1870.1 0.2009914815 -0.7637513876 -0.6134217978 0.9512819648 0.3016357124 -0.0638632774 0.2338055819 -0.5707010627 0.7871690989
-174.4 -4.2 1797.6 -0.2542669773 -0.7637513876 -0.5933229923 0.6720524430 0.3016357124 -0.6762850285 0.6954810023 -0.5707010627 0.4365849793
31.6 273.8 2111.3 0.0044436352 -0.3353591561 -0.9420799017 -0.9955487251 -0.0901758447 0.0274047256 -0.0941432789 0.9377646446 -0.3342670798
32.8 14.6 2086.8 0.7332804799 -0.3353591561 -0.5914676189 -0.6499273777 -0.0901758447 -0.7546275258 0.1997351497 0.9377646446 -0.2840832770
-104.5 -107.4 1897.5 0.9764349461 0.0323285200 0.2133767903 -0.0259600058 0.9991318583 -0.0325817987 -0.2142448723 0.0262747444 0.9764265418
-117.3 -504.5 1887.1 0.9767641425 0.0000002015 0.2143170983 -0.0000002302 1.0000000000 0.0000001089 -0.2143170983 -0.0000001557 0.9767641425
-9.8 -117.2 2054.3 0.7492372394 -0.0485425740 -0.6605203748 -0.0065112943 0.9967223406 -0.0806363821 0.6622696519 0.0647166222 0.7464654446
9.5 -513.4 2028.5 0.7492372394 0.3337595761 -0.5720559955 -0.0065112943 0.8674095869 0.4975522459 0.6622696519 -0.3690598607 0.6520687938
-100.6 -199.2 1595.8 0 0 0 0 0 0 0 0 0
222.0 -153.1 2138.3 0 0 0 0 0 0 0 0 0
-117.3 -886.8 1887.1 0 0 0 0 0 0 0 0 0
-118.0 -844.9 2169.6 0 0 0 0 0 0 0 0 0
-30.0 480.2 2001.4 08 0.4846575260 0.0524087884 -0.8731325269 -0.0688029975 0.9973947406 0.0216763858 0.8719938397 0.0495685115 0.4870007634
-40.4 282.8 1991.5 0.4846575260 0.0524087884 -0.8731325269 -0.0688029975 0.9973947406 0.0216763858 0.8719938397 0.0495685115 0.4870007634
-50.5 84.4 1983.8 0.4851797819 0.0509308726 -0.8729298711 -0.0587189756 0.9979465604 0.0255885720 0.8724406362 0.0388424881 0.4871741235
-108.6 291.1 1868.9 0.2131836861 -0.7759670615 -0.5936563015 0.9511433840 0.3037300110 -0.0554466099 0.2233359814 -0.5528320074 0.8028061986
-175.1 -5.5 1799.2 -0.2227358520 -0.7759670615 -0.5901388526 0.6880356073 0.3037300110 -0.6590562463 0.6906487942 -0.5528320074 0.4662413895
27.8 274.4 2114.2 0.0029636491 -0.3633401990 -0.9316518307 -0.9958480597 -0.0858371481 0.0303082559 -0.0909825414 0.9276938438 -0.3620860279
28.6 15.1 2090.5 0.7242601514 -0.3633401990 -0.5860300064 -0.6523677707 -0.0858371481 -0.7530260682 0.2233015150 0.9276938438 -0.2991998494
-106.1 -109.1 1896.0 0.9825110435 0.0266688894 0.1842846423 -0.0216073506 0.9993335605 -0.0294200070 -0.1849464178 0.0249235798 0.9824324846
-116.7 -506.4 1886.1 0.9827404618 0.0000001008 0.1849896163 -0.0000001134 1.0000000000 0.0000000579 -0.1849896163 -0.0000000778 0.9827404618
-12.4 -120.0 2053.3 0.7813200951 -0.0476681031 -0.6223075390 -0.0013942209 0.9969433546 -0.0781152844 0.6241289973 0.0619006753 0.7788653970
6.6 -516.3 2028.7 0.7813200951 0.3059878349 -0.5439764261 -0.0013942209 0.8724282980 0.4887401164 0.6241289973 -0.3811040521 0.6820724010
-110.4 -205.5 1598.4 0 0 0 0 0 0 0 0 0
215.4 -153.2 2148.1 0 0 0 0 0 0 0 0 0
-116.7 -888.7 1886.1 0 0 0 0 0 0 0 0 0
-110.3 -849.7 2174.3 0 0 0 0 0 0 0 0 0
-30.0 480.0 2001.1 09 0.4912437499 0.0510900691 -0.8695225120 -0.0661116913 0.9975855947 0.0212642755 0.8685095310 0.0470396578 0.4934353530
-40.1 282.2 1991.7 0.4912437499 0.0510900691 -0.8695225120 -0.0661116913 0.9975855947 0.0212642755 0.8685095310 0.0470396578 0.4934353530
-50.0 83.8 1984.7 0.4917830527 0.0499999709 -0.8692809939 -0.0554645658 0.9981212616 0.0260324348 0.8689494133 0.0354119837 0.4936323464
-109.2 290.1 1869.5 0.2121118158 -0.7937119007 -0.5701140165 0.9524911046 0.2983873487 -0.0610386245 0.2185618877 -0.5300815105 0.8192949891
-175.2 -6.0 1801.6 -0.2027810365 -0.7937119007 -0.5734991431 0.6917868257 0.2983873487 -0.6575682759 0.6930446625 -0.5300815105 0.4885721207
29.1 274.3 2114.0 0.0034992478 -0.3562647104 -0.9343785048 -0.9961177707 -0.0834319592 0.0280809123 -0.0879612714 0.9306527376 -0.3551735580
30.0 14.9 2091.0 0.7267125845 -0.3562647104 -0.5873365998 -0.6508110166 -0.0834319592 -0.7546417117 0.2198495716 0.9306527376 -0.2924920619
-105.1 -108.6 1896.1 0.9809926152 0.0302508380 0.1916724294 -0.0256041177 0.9993162155 -0.0266741663 -0.1923482865 0.0212595575 0.9810963869
-117.2 -505.9 1887.7 0.9813143611 0.0000000504 0.1924113631 -0.0000000569 1.0000000000 0.0000000285 -0.1924113631 -0.0000000389 0.9813143611
-16.2 -119.3 2056.1 0.7212783694 -0.0620836243 -0.6898573637 -0.0001134326 0.9959642887 -0.0897502825 0.6926453114 0.0648131892 0.7183604240
8.5 -515.3 2030.4 0.7212783694 0.3383690715 -0.6043706536 -0.0001134326 0.8726119995 0.4884140193 0.6926453114 -0.3522139192 0.6294345260
-115.9 -208.2 1599.1 0 0 0 0 0 0 0 0 0
217.5 -153.0 2147.8 0 0 0 0 0 0 0 0 0
-117.2 -888.2 1887.7 0 0 0 0 0 0 0 0 0
-120.7 -848.5 2164.8 0 0 0 0 0 0 0 0 0
-30.5 479.7 2001.4 10 0.5085923076 0.0480530225 -0.8596655130 -0.0677861124 0.9975770116 0.0156585258 0.8583349586 0.0503095798 0.5106173158
-40.0 282.1 1991.5 0.5085923076 0.0480530225 -0.8596655130 -0.0677861124 0.9975770116 0.0156585258 0.8583349586 0.0503095798 0.5106173158
-48.9 83.7 1984.2 0.5092070699 0.0447430089 -0.8594802022 -0.0545636341 0.9983170629 0.0196438767 0.8589127064 0.0368935615 0.5107914209
-111.6 289.9 1870.7 0.2051697820 -0.8170328736 -0.5388531089 0.9540062547 0.2899068296 -0.0763290524 0.2185805291 -0.4984087944 0.8389346004
-175.4 -6.9 1802.7 -0.1805723161 -0.8170328736 -0.5475864410 0.6922721863 0.2899068296 -0.6608428359 0.6986793876 -0.4984087944 0.5132599473
31.6 274.4 2112.3 0.0076927673 -0.3372716606 -0.9413759112 -0.9958680868 -0.0877699330 0.0233077221 -0.0904855356 0.9373069406 -0.3365532458
33.6 15.0 2088.7 0.7347864509 -0.3372716606 -0.5885037780 -0.6469522715 -0.0877699330 -0.7574623227 0.2038176358 0.9373069406 -0.2826908231
-105.0 -109.5 1898.0 0.9770134687 0.0303283930 0.2110092342 -0.0234374329 0.9991095662 -0.0350823589 -0.2118853331 0.0293304212 0.9768543243
-117.1 -506.7 1886.3 0.9772819281 0.0000000252 0.2119435519 -0.0000000287 1.0000000000 0.0000000137 -0.2119435519 -0.0000000195 0.9772819281
-14.8 -119.7 2057.4 0.7667105198 -0.0595128685 -0.6392285824 -0.0060081906 0.9949852824 -0.0998406112 0.6419648528 0.0803894550 0.7625081539
8.8 -515.2 2025.4 0.7667105198 0.3358914852 -0.5471122861 -0.0060081906 0.8559260368 0.5170633793 0.6419648528 -0.3931507766 0.6582655907
-122.6 -209.4 1598.3 0 0 0 0 0 0 0 0 0
223.2 -151.9 2141.3 0 0 0 0 0 0 0 0 0
-117.1 -889.1 1886.3 0 0 0 0 0 0 0 0 0
-119.4 -841.9 2175.5 0 0 0 0 0 0 0 0 0
-32.2 478.9 2002.1 11 0.5074535608 0.0388319716 -0.8608036637 -0.0658982024 0.9978073239 0.0061646421 0.8591555953 0.0535971448 0.5088998675
-39.9 281.2 1991.5 0.5074535608 0.0388319716 -0.8608036637 -0.0658982024 0.9978073239 0.0061646421 0.8591555953 0.0535971448 0.5088998675
-47.7 82.7 1984.0 0.5079706311 0.0396063887 -0.8604633212 -0.0527382642 0.9984983206 0.0148262233 0.8597583771 0.0378480554 0.5092965961
-111.3 288.7 1870.5 0.2064638883 -0.8273901343 -0.5223008394 0.9545552731 0.2875824571 -0.0782340094 0.2149346173 -0.4824125469 0.8491650224
-175.7 -8.7 1803.6 -0.1694015414 -0.8273901343 -0.5354704857 0.6911609173 0.2875824571 -0.6630180478 0.7025665641 -0.4824125469 0.5231428146
31.5 273.7 2112.4 0.0129101705 -0.3384646177 -0.9408905506 -0.9957355857 -0.0903122574 0.0188251305 -0.0913455933 0.9366351366 -0.3381871879
34.9 14.4 2088.6 0.7377048135 -0.3384646177 -0.5841517448 -0.6433928609 -0.0903122574 -0.7601903081 0.2045414448 0.9366351366 -0.2843894958
-104.5 -109.7 1898.0 0.9774410725 0.0286968611 0.2092496753 -0.0201003198 0.9988687634 -0.0430945568 -0.2102496475 0.0379164033 0.9769122005
-115.9 -506.9 1883.0 0.9776386023 0.0000000126 0.2102921307 -0.0000000144 1.0000000000 0.0000000069 -0.2102921307 -0.0000000097 0.9776386023
-11.1 -119.7 2055.6 0.7792162895 -0.0511746481 -0.6246624589 -0.0094108405 0.9955933690 -0.0933019519 0.6266844869 0.0785809979 0.7753009796
9.3 -515.6 2024.4 0.7792162895 0.3312636912 -0.5320585966 -0.0094108405 0.8549980521 0.5185457468 0.6266844869 -0.3990522027 0.6693459153
-126.1 -210.7 1598.2 0 0 0 0 0 0 0 0 0
225.2 -151.6 2141.4 0 0 0 0 0 0 0 0 0
-115.9 -889.2 1883.0 0 0 0 0 0 0 0 0 0
-117.3 -842.2 2176.8 0 0 0 0 0 0 0 0 0
-31.3 476.9 2001.4 12 0.5091517568 0.0405686945 -0.8597201109 -0.0625421181 0.9979916811 0.0100541944 0.8584014177 0.0486496054 0.5106664300
-39.3 279.0 1991.8 0.5091517568 0.0405686945 -0.8597201109 -0.0625421181 0.9979916811 0.0100541944 0.8584014177 0.0486496054 0.5106664300
-46.6 80.5 1985.5 0.5097804070 0.0371106826 -0.8595037460 -0.0463813618 0.9988017678 0.0156158749 0.8590533733 0.0319042876 0.5108908415
-111.0 285.6 1871.0 0.2085574865 -0.8258280158 -0.5239388347 0.9532321095 0.2914679646 -0.0799686909 0.2187517583 -0.4827572405 0.8479936123
-175.6 -9.6 1803.2 -0.1671381891 -0.8258280158 -0.5385841727 0.6910982728 0.2914679646 -0.6613846421 0.7031700015 -0.4827572405 0.5220128894
32.4 272.4 2112.6 0.0152941635 -0.3364038169 -0.9415936470 -0.9962190390 -0.0856709108 0.0144262696 -0.0855202377 0.9378128648 -0.3364421427
36.4 12.9 2090.4 0.7397554517 -0.3364038169 -0.5827472210 -0.6402873397 -0.0856709108 -0.7633430362 0.2068670243 0.9378128648 -0.2787706256
-102.2 -110.9 1897.6 0.9767637849 0.0375242829 0.2110081464 -0.0286723878 0.9985819459 -0.0448557138 -0.2123921067 0.0377633274 0.9764545560
-117.1 -507.9 1882.6 0.9771655202 0.0000000063 0.2124794573 -0.0000000072 1.0000000000 0.0000000034 -0.2124794573 -0.0000000049 0.9771655202
-9.0 -120.6 2055.3 0.7770785093 -0.0434401371 -0.6279028058 -0.0127936723 0.9963191152 -0.0847614110 0.6292736530 0.0738994479 0.7736624479
8.3 -516.7 2026.0 0.7770785093 0.3226129115 -0.5404348969 -0.0127936723 0.8665647507 0.4989005923 0.6292736530 -0.3807708025 0.6775162816
-126.8 -211.6 1597.7 0 0 0 0 0 0 0 0 0
227.2 -152.3 2143.7 0 0 0 0 0 0 0 0 0
-117.1 -890.3 1882.6 0 0 0 0 0 0 0 0 0
-115.0 -847.8 2171.4 0 0 0 0 0 0 0 0 0
-31.2 476.1 2001.1 13 0.5121819973 0.0389333181 -0.8579940796 -0.0565381274 0.9983336329 0.0115509331 0.8570140004 0.0425931960 0.5135297179
-39.0 278.0 1992.7 0.5121819973 0.0389333181 -0.8579940796 -0.0565381274 0.9983336329 0.0115509331 0.8570140004 0.0425931960 0.5135297179
-45.9 79.4 1987.0 0.5127055645 0.0349363834 -0.8578534126 -0.0423811935 0.9989835024 0.0153543679 0.8575178385 0.0284845792 0.5136650801
-111.1 284.0 1872.0 0.2093350440 -0.8294942975 -0.5178011656 0.9521957040 0.2934047878 -0.0850706100 0.2224909365 -0.4752398133 0.8512607813
-175.7 -9.8 1803.4 -0.1577376872 -0.8294942975 -0.5357779860 0.6931901574 0.2934047878 -0.6583319902 0.7032824755 -0.4752398133 0.5287162662
33.1 271.9 2113.3 0.0172859337 -0.3331233859 -0.9427247643 -0.9964592457 -0.0833312944 0.0111749200 -0.0822810978 0.9391936660 -0.3333843350
37.6 12.4 2091.9 0.7418903112 -0.3331233859 -0.5819171667 -0.6379179955 -0.0833312944 -0.7655825019 0.2065415233 0.9391936660 -0.2743280828
-100.8 -113.8 1900.3 0.9758887887 0.0434767716 0.2138945907 -0.0330975689 0.9981052279 -0.0518706292 -0.2157444805 0.0435405709 0.9754786491
-118.1 -510.7 1883.0 0.9764237404 0.0000000031 0.2158627361 -0.0000000036 1.0000000000 0.0000000017 -0.2158627361 -0.0000000024 0.9764237404
-7.3 -122.3 2058.0 0.7592311502 -0.0389728993 -0.6496531367 -0.0186770819 0.9964895844 -0.0816071033 0.6505529881 0.0740922838 0.7558380365
8.2 -518.5 2028.5 0.7592311502 0.3326004148 -0.5594149232 -0.0186770819 0.8703333139 0.4921087921 0.6505529881 -0.3631761074 0.6669961810
-129.7 -212.0 1598.2 0 0 0 0 0 0 0 0 0
229.0 -152.2 2145.1 0 0 0 0 0 0 0 0 0
-118.1 -893.0 1883.0 0 0 0 0 0 0 0 0 0
-118.9 -851.1 2167.3 0 0 0 0 0 0 0 0 0
-30.5 475.6 2000.9 14 0.5255166888 0.0401400514 -0.8498358727 -0.0571982041 0.9982933402 0.0117821936 0.8488583565 0.0424173474 0.5269157290
-38.4 277.5 1992.5 0.5255166888 0.0401400514 -0.8498358727 -0.0571982041 0.9982933402 0.0117821936 0.8488583565 0.0424173474 0.5269157290
-45.6 79.0 1986.4 0.5259650946 0.0362777375 -0.8497321010 -0.0454795957 0.9988601208 0.0144936331 0.8492892981 0.0310223270 0.5270154476
-112.4 283.9 1873.1 0.2035401464 -0.8405285478 -0.5020788908 0.9531614184 0.2873002589 -0.0945617631 0.2237292528 -0.4593150616 0.8596364856
-175.4 -11.1 1803.8 -0.1547610164 -0.8405285478 -0.5191924572 0.6851534247 0.2873002589 -0.6693454385 0.7117680907 -0.4593150616 0.5314281583
35.6 271.0 2112.0 0.0151023427 -0.3185253143 -0.9477940202 -0.9962135553 -0.0859601349 0.0130147673 -0.0856180340 0.9440087080 -0.3186174333
39.5 11.6 2089.7 0.7444420457 -0.3185253143 -0.5868114829 -0.6391894221 -0.0859601349 -0.7642301321 0.1929842532 0.9440087080 -0.2675903440
-99.9 -115.3 1902.7 0.9723368287 0.0469970666 0.2288064510 -0.0341702215 0.9976310730 -0.0597044714 -0.2310703546 0.0502344891 0.9716393352
-118.5 -511.9 1882.7 0.9729049802 0.0000000016 0.2312053740 -0.0000000018 1.0000000000 0.0000000008 -0.2312053740 -0.0000000012 0.9729049802
-5.8 -123.1 2060.1 0.7698160410 -0.0322210193 -0.6374520063 -0.0264744144 0.9962534904 -0.0823289156 0.6377165318 0.0802542940 0.7660788894
7.0 -519.2 2028.2 0.7698160410 0.3298216164 -0.5464439392 -0.0264744144 0.8719018698 0.4889644384 0.6377165318 -0.3619458973 0.6799358726
-130.2 -211.1 1596.0 0 0 0 0 0 0 0 0 0
231.6 -153.3 2139.5 0 0 0 0 0 0 0 0 0
-118.5 -894.3 1882.7 0 0 0 0 0 0 0 0 0
-119.0 -852.4 2166.5 0 0 0 0 0 0 0 0 0
-30.3 476.9 2001.4 15 0.5350449681 0.0386169516 -0.8439405560 -0.0613476336 0.9980934262 0.0067772367 0.8425932527 0.0481476299 0.5363939404
-37.9 278.9 1991.8 0.5350449681 0.0386169516 -0.8439405560 -0.0613476336 0.9980934262 0.0067772367 0.8425932527 0.0481476299 0.5363939404
-45.1 80.4 1984.7 0.5354736447 0.0362990126 -0.8437715173 -0.0499208868 0.9986894131 0.0112828184 0.8430752158 0.0360801704 0.5365839601
-113.2 286.0 1873.2 0.1995182335 -0.8506593108 -0.4863858223 0.9543641210 0.2812573016 -0.1004163772 0.2222196907 -0.4441542923 0.8679547310
-175.5 -11.6 1803.9 -0.1496530175 -0.8506593108 -0.5039669275 0.6803489923 0.2812573016 -0.6767714024 0.7174463272 -0.4441542923 0.5366542339
37.4 271.8 2110.4 0.0144645451 -0.3078879118 -0.9513126612 -0.9957244992 -0.0912449956 0.0143911988 -0.0912333950 0.9470371604 -0.3078913391
41.1 12.5 2086.6 0.7467675805 -0.3078879118 -0.5895279646 -0.6399478316 -0.0912449956 -0.7629817128 0.1811213642 0.9470371604 -0.2651710212
-101.1 -115.4 1902.3 0.9698440433 0.0422913842 0.2400291413 -0.0292011108 0.9978989959 -0.0578346737 -0.2419707477 0.0490814969 0.9690413475
-117.9 -512.2 1882.8 0.9702578187 0.0000000008 0.2420739830 -0.0000000009 1.0000000000 0.0000000004 -0.2420739830 -0.0000000006 0.9702578187
-4.6 -123.8 2058.2 0.7491071224 -0.0290616788 -0.6618111134 -0.0278910659 0.9967677593 -0.0753404349 0.6618614793 0.0748966709 0.7458752394
7.0 -520.1 2028.4 0.7491071224 0.3468436897 -0.5643917322 -0.0278910659 0.8677357435 0.4962427020 0.6618614793 -0.3559974432 0.6597008109
-131.8 -210.0 1594.7 0 0 0 0 0 0 0 0 0
233.8 -152.6 2133.4 0 0 0 0 0 0 0 0 0
-117.9 -894.5 1882.8 0 0 0 0 0 0 0 0 0
-125.6 -851.8 2164.4 0 0 0 0 0 0 0 0 0
-30.2 480.7 2002.1 16 0.5480932593 0.0369986370 -0.8355985284 -0.0635590255 0.9979749322 0.0024981359 0.8339987993 0.0517406166 0.5493349433
-37.5 282.7 1991.8 0.5480932593 0.0369986370 -0.8355985284 -0.0635590255 0.9979749322 0.0024981359 0.8339987993 0.0517406166 0.5493349433
-44.6 84.2 1984.0 0.5484901667 0.0360887907 -0.8353778124 -0.0527160205 0.9985731244 0.0085267741 0.8344935775 0.0393609442 0.5496100187
-114.6 290.2 1874.4 0.1923956424 -0.8497102857 -0.4908933640 0.9539567828 0.2792493403 -0.1094818562 0.2301095128 -0.4472272098 0.8643132448
-175.3 -10.7 1801.8 -0.1508248001 -0.8497102857 -0.5052170753 0.6840437055 0.2792493403 -0.6738723516 0.7136778235 -0.4472272098 0.5391212702
39.6 275.2 2109.2 0.0138131743 -0.2931302786 -0.9559727311 -0.9953545928 -0.0951343551 0.0147888679 -0.0952809080 0.9513275623 -0.2930826843
43.2 16.0 2084.4 0.7499695420 -0.2931302786 -0.5929757953 -0.6400226355 -0.0951343551 -0.7624437809 0.1670829952 0.9513275623 -0.2589578927
-101.5 -113.5 1900.2 0.9659978747 0.0402380526 0.2553996146 -0.0276846848 0.9982339740 -0.0525593758 -0.2570634484 0.0437015891 0.9654058814
-117.5 -510.4 1882.8 0.9663683176 0.0000000004 0.2571620345 -0.0000000005 1.0000000000 0.0000000002 -0.2571620345 -0.0000000003 0.9663683176
-3.2 -122.7 2054.9 0.7493887544 -0.0293362234 -0.6614800692 -0.0257528257 0.9969707131 -0.0733903199 0.6616292596 0.0720328614 0.7463631630
8.5 -519.1 2026.2 0.7493887544 0.3521479070 -0.5607212782 -0.0257528257 0.8617049456 0.5067557096 0.6616292596 -0.3653168678 0.6548207998
-131.4 -210.1 1593.8 0 0 0 0 0 0 0 0 0
236.7 -149.2 2127.5 0 0 0 0 0 0 0 0 0
-117.5 -892.8 1882.8 0 0 0 0 0 0 0 0 0
-126.1 -848.5 2165.9 0 0 0 0 0 0 0 0 0
-30.4 480.6 2001.9 17 0.5475760102 0.0398245156 -0.8358076811 -0.0684677660 0.9976497293 0.0026795755 0.8339500427 0.0557586178 0.5490157604
-38.3 282.8 1990.9 0.5475760102 0.0398245156 -0.8358076811 -0.0684677660 0.9976497293 0.0026795755 0.8339500427 0.0557586178 0.5490157604
-45.8 84.4 1982.5 0.5480427742 0.0380946137 -0.8355823755 -0.0565113463 0.9983661771 0.0084512774 0.8345391750 0.0425882228 0.5493001342
-115.3 290.8 1873.5 0.1888468266 -0.8507216573 -0.4905196428 0.9544254541 0.2765580416 -0.1121946797 0.2311035991 -0.4469768405 0.8641775250
-174.9 -10.2 1800.6 -0.1433648020 -0.8507216573 -0.5056868196 0.6960526109 0.2765580416 -0.6625906229 0.7035319805 -0.4469768405 0.5524983406
38.8 274.8 2108.3 0.0118365129 -0.2937093079 -0.9558215141 -0.9950688481 -0.0975999981 0.0176684503 -0.0984775648 0.9508990645 -0.2934162319
41.9 15.7 2082.6 0.7486040592 -0.2937093079 -0.5944129825 -0.6420750022 -0.0975999981 -0.7604038119 0.1653229743 0.9508990645 -0.2616471648
-102.1 -109.5 1899.6 0.9662259817 0.0374561958 0.2549596727 -0.0242663268 0.9982087612 -0.0546845272 -0.2565512359 0.0466506742 0.9654041529
-117.0 -506.4 1881.1 0.9665105939 0.0000000002 0.2566268146 -0.0000000002 1.0000000000 0.0000000001 -0.2566268146 -0.0000000002 0.9665105939
-1.5 -119.1 2052.8 0.7709669471 -0.0268195476 -0.6363101602 -0.0241406988 0.9971643090 -0.0712784082 0.6364174485 0.0703142732 0.7681332827
9.2 -515.6 2024.8 0.7709669471 0.3343684971 -0.5420402288 -0.0241406988 0.8658245206 0.4997650683 0.6364174485 -0.3722171187 0.6755940318
-133.1 -213.4 1595.2 0 0 0 0 0 0 0 0 0
235.0 -150.0 2125.3 0 0 0 0 0 0 0 0 0
-117.0 -888.7 1881.1 0 0 0 0 0 0 0 0 0
-118.6 -846.6 2167.1 0 0 0 0 0 0 0 0 0
-31.4 481.3 2001.9 18 0.5527747869 0.0360992588 -0.8325483799 -0.0671853423 0.9977396131 -0.0013461142 0.8306179047 0.0566791520 0.5539506674
-38.5 283.5 1990.6 0.5527747869 0.0360992588 -0.8325483799 -0.0671853423 0.9977396131 -0.0013461142 0.8306179047 0.0566791520 0.5539506674
-45.4 85.1 1982.1 0.5532045960 0.0348991379 -0.8323140740 -0.0551009960 0.9984670281 0.0052426253 0.8312211037 0.0429610908 0.5542795658
-116.3 291.3 1873.7 0.1835405380 -0.8436558843 -0.5045369864 0.9530389309 0.2784947753 -0.1189853176 0.2408935875 -0.4590047598 0.8551519513
-174.5 -10.4 1797.4 -0.1461948305 -0.8436558843 -0.5165963769 0.7034687996 0.2784947753 -0.6538901329 0.6955276728 -0.4590047598 0.5527710915
39.3 275.7 2107.5 0.0146859242 -0.2876912355 -0.9576106071 -0.9949645996 -0.0991676971 0.0145337796 -0.0991452783 0.9525752068 -0.2876989543
43.1 16.6 2081.7 0.7517907023 -0.2876912355 -0.5933334231 -0.6395785213 -0.0991676971 -0.7623024583 0.1604682207 0.9525752068 -0.2585544884
-103.7 -108.9 1897.4 0.9647267461 0.0327182040 0.2612122595 -0.0216477662 0.9987457395 -0.0451471433 -0.2623617649 0.0378999934 0.9642249942
-116.7 -506.0 1882.4 0.9649528861 0.0000000001 0.2624232769 -0.0000000001 1.0000000000 0.0000000000 -0.2624232769 -0.0000000001 0.9649528861
-3.1 -119.3 2050.6 0.7682665586 -0.0308952201 -0.6393840909 -0.0181146674 0.9973853230 -0.0699600354 0.6398737431 0.0653301850 0.7656981349
9.2 -515.8 2024.6 0.7682665586 0.3311335742 -0.5478293896 -0.0181146674 0.8667130470 0.4984779954 0.6398737431 -0.3730402291 0.6718650460
-131.8 -215.5 1594.7 0 0 0 0 0 0 0 0 0
237.1 -148.5 2123.1 0 0 0 0 0 0 0 0 0
-116.7 -888.3 1882.4 0 0 0 0 0 0 0 0 0
-117.4 -847.1 2167.2 0 0 0 0 0 0 0 0 0
-29.9 481.8 2001.3 19 0.5558255315 0.0464858115 -0.8299982548 -0.0710123479 0.9974408150 0.0083089024 0.8282603621 0.0543218218 0.5577041507
-39.1 284.0 1990.5 0.5558255315 0.0464858115 -0.8299982548 -0.0710123479 0.9974408150 0.0083089024 0.8282603621 0.0543218218 0.5577041507
-47.4 85.6 1982.1 0.5563665628 0.0416168980 -0.8298941851 -0.0587576032 0.9982153177 0.0106662503 0.8288569450 0.0428282470 0.5578188896
-117.4 292.3 1873.9 0.1790296286 -0.8397982121 -0.5125303268 0.9524300694 0.2785283029 -0.1236889958 0.2466280013 -0.4660052955 0.8497138619
-174.4 -11.0 1795.4 -0.1451808363 -0.8397982121 -0.5231266618 0.7118872404 0.2785283029 -0.6447004080 0.6871237755 -0.4660052955 0.5574046373
39.1 275.6 2107.1 0.0077503370 -0.2842753828 -0.9587113261 -0.9950350523 -0.0973243713 0.0208144654 -0.0992230177 0.9537900686 -0.2836182415
41.1 16.5 2081.3 0.7482644320 -0.2842753828 -0.5994062424 -0.6444929838 -0.0973243713 -0.7583909035 0.1572550237 0.9537900686 -0.2560378611
-103.1 -108.4 1897.3 0.9636567235 0.0341999978 0.2649454176 -0.0220289286 0.9985668659 -0.0487747937 -0.2662338316 0.0411656946 0.9630290270
-116.7 -505.4 1881.0 0.9638906121 0.0000000000 0.2662984431 -0.0000000001 1.0000000000 0.0000000000 -0.2662984431 -0.0000000000 0.9638906121
-1.6 -118.5 2049.9 0.7917386293 -0.0269892663 -0.6102634668 -0.0211280156 0.9972158670 -0.0715133622 0.6104944944 0.0695135519 0.7889640927
9.1 -515.0 2022.2 0.7917386293 0.3248752356 -0.5173064470 -0.0211280156 0.8609066010 0.5083241463 0.6104944944 -0.3915302157 0.6884769797
-132.0 -219.0 1594.7 0 0 0 0 0 0 0 0 0
234.2 -149.8 2121.9 0 0 0 0 0 0 0 0 0
-116.7 -887.7 1881.0 0 0 0 0 0 0 0 0 0
-115.0 -844.0 2171.9 0 0 0 0 0 0 0 0 0
-28.5 480.3 2001.5 20 0.5666065216 0.0450846851 -0.8227542043 -0.0761228949 0.9970960021 0.0022145503 0.8204647303 0.0613756515 0.5683930516
-37.4 282.6 1989.4 0.5666065216 0.0450846851 -0.8227542043 -0.0761228949 0.9970960021 0.0022145503 0.8204647303 0.0613756515 0.5683930516
-46.3 84.3 1979.4 0.5670241714 0.0448815972 -0.8224775195 -0.0668617561 0.9977273345 0.0083496086 0.8209829926 0.0502578579 0.5687363744
-117.2 292.1 1873.9 0.1774974167 -0.8443096280 -0.5056045651 0.9535332322 0.2746424675 -0.1238786057 0.2434523702 -0.4601225853 0.8538255692
-173.8 -12.1 1796.2 -0.1473734379 -0.8443096280 -0.5151915550 0.7065436244 0.2746424675 -0.6522021294 0.6921539903 -0.4601225853 0.5560665727
42.3 273.2 2104.9 0.0037504639 -0.2720090151 -0.9622873664 -0.9942229986 -0.1042391732 0.0255902726 -0.1072688252 0.9566322565 -0.2708285749
43.3 14.2 2076.9 0.7485113740 -0.2720090151 -0.6047659516 -0.6476832628 -0.1042391732 -0.7547453642 0.1422572583 0.9566322565 -0.2541998923
