153.2 420.1 2025.1 30 0.8235040903 0.1415865570 -0.5493580699 -0.0706870556 0.9864177108 0.1482683271 0.5628892779 -0.0832670704 0.8223273158
125.1 225.0 2041.6 0.8235040903 0.1415865570 -0.5493580699 -0.0706870556 0.9864177108 0.1482683271 0.5628892779 -0.0832670704 0.8223273158
101.3 32.8 2055.6 0.8247507215 0.1227745414 -0.5520078540 -0.0613678209 0.9898141623 0.1284598112 0.5621567965 -0.0720718056 0.8238843679
12.5 233.3 1964.8 0.7041452527 -0.6400404572 -0.3074535429 0.6119558811 0.7666290402 -0.1943961382 0.3601242304 -0.0512648895 0.9314947724
-127.2 112.0 1893.4 -0.6813864112 -0.6400404572 -0.3550503552 -0.5355088711 0.7666290402 -0.3542740345 0.4989416599 -0.0512648895 -0.8651179671
237.8 216.6 2118.4 0.3002258837 0.9241929650 0.2360757142 -0.6246449947 0.0034438295 0.7809012532 0.7208904624 -0.3819102943 0.5783264041
305.0 76.8 2279.7 -0.2794397771 0.9241929650 0.2603473365 -0.6755449176 0.0034438295 -0.7373107672 -0.6823140383 -0.3819102943 0.6233715415
8.1 -153.0 2021.3 0.7410098314 0.0539604910 -0.6693226099 -0.0060871555 0.9972648621 0.0736599341 0.6714665890 -0.0505084619 0.7393115163
-12.9 -540.1 2040.9 0.7472727299 0.0571959019 -0.6620513797 0.0668076351 0.9847749472 0.1604839414 0.6611506343 -0.1641553640 0.7320743203
155.3 -162.8 2123.0 0.9285223484 0.1025731862 0.3568263352 -0.0809865221 0.9938921928 -0.0749633312 -0.3623361290 0.0407070033 0.9311581254
115.4 -548.6 2107.2 0.9282539487 -0.0245268214 0.3711374402 -0.0442830771 0.9834387302 0.1757477373 -0.3693014681 -0.1795736402 0.9117947817
67.0 264.6 1751.2 0 0 0 0 0 0 0 0 0
234.1 -94.6 2106.5 0 0 0 0 0 0 0 0 0
-34.2 -907.1 2102.0 0 0 0 0 0 0 0 0 0
124.6 -915.6 2174.2 0 0 0 0 0 0 0 0 0
154.6 420.7 2028.6 31 0.8140677214 0.1480026245 -0.5615950227 -0.0806275755 0.9864205718 0.1430862695 0.5751460195 -0.0712018684 0.8149462342
125.3 225.4 2042.7 0.8140677214 0.1480026245 -0.5615950227 -0.0806275755 0.9864205718 0.1430862695 0.5751460195 -0.0712018684 0.8149462342
100.0 33.3 2055.0 0.8154862523 0.1303787678 -0.5639002919 -0.0705594122 0.9894252419 0.1267242134 0.5744593143 -0.0635533780 0.8160621524
13.9 235.0 1964.2 0.7024461627 -0.6422373652 -0.3067581058 0.6182947755 0.7641179562 -0.1839439124 0.3525350392 -0.0604562499 0.9338437319
-127.0 110.9 1893.5 -0.6829277873 -0.6422373652 -0.3480528295 -0.5346124768 0.7641179562 -0.3609893024 0.4977942109 -0.0604562499 -0.8651854992
236.7 215.7 2121.1 0.2849059403 0.9300287366 0.2321102768 -0.6313803792 -0.0001196743 0.7754732966 0.7212402225 -0.3674868345 0.5871677995
300.5 74.5 2282.5 -0.2731463015 0.9300287366 0.2458407581 -0.6692034602 -0.0001196743 -0.7430791855 -0.6910555959 -0.3674868345 0.6224111319
3.5 -153.8 2019.2 0.7316353917 0.0412819125 -0.6804450750 0.0081929816 0.9975601435 0.0693303049 0.6816469431 -0.0562993772 0.7295120358
-12.5 -541.0 2041.1 0.7358328104 0.0837422088 -0.6719653010 0.0497864261 0.9829478860 0.1770161688 0.6753305793 -0.1637090445 0.7191160917
151.4 -164.8 2120.0 0.9340496063 0.0976800323 0.3435257077 -0.0794383064 0.9945979714 -0.0668160841 -0.3481965959 0.0351204351 0.9367634058
113.4 -550.9 2106.3 0.9321982265 -0.0588799641 0.3571268618 -0.0141100781 0.9800179601 0.1984079629 -0.3616729975 -0.1899946332 0.9127402306
67.9 263.6 1751.3 0 0 0 0 0 0 0 0 0
231.1 -95.4 2107.1 0 0 0 0 0 0 0 0 0
-43.7 -907.5 2102.1 0 0 0 0 0 0 0 0 0
135.4 -916.4 2177.2 0 0 0 0 0 0 0 0 0
153.6 419.0 2025.3 32 0.8050180078 0.1508717984 -0.5737453699 -0.0751006901 0.9852579236 0.1537096947 0.5884776115 -0.0806504041 0.8044809699
123.7 223.8 2041.2 0.8050180078 0.1508717984 -0.5737453699 -0.0751006901 0.9852579236 0.1537096947 0.5884776115 -0.0806504041 0.8044809699
98.0 31.8 2054.3 0.8060769439 0.1323076338 -0.5768315792 -0.0677184984 0.9889079332 0.1321941316 0.5879236460 -0.0674964637 0.8060955405
13.6 233.0 1960.9 0.7038378716 -0.6437265873 -0.3003803194 0.6164212823 0.7636235952 -0.1921035945 0.3530396819 -0.0499510355 0.9342739582
-124.8 111.8 1891.5 -0.6774071455 -0.6437265873 -0.3559995294 -0.5382484794 0.7636235952 -0.3566056490 0.5014061928 -0.0499510355 -0.8637689352
233.8 214.6 2121.6 0.2726516426 0.9358111620 0.2234245390 -0.6272023916 -0.0032125823 0.7788496614 0.7295740247 -0.3524870574 0.5860670805
294.8 74.2 2284.8 -0.2626683414 0.9358111620 0.2350803763 -0.6732189655 -0.0032125823 -0.7394362092 -0.6912174821 -0.3524870574 0.6308496594
1.7 -152.4 2015.9 0.7215796709 0.0156082762 -0.6921554208 0.0454689823 0.9965190887 0.0698736683 0.6908367276 -0.0818910226 0.7183582187
-4.4 -539.0 2047.6 0.7142405510 0.1363268048 -0.6864950657 -0.0184129309 0.9841673970 0.1762825847 0.6996580958 -0.1132677794 0.7054423690
147.8 -165.1 2118.8 0.9406790733 0.0829202905 0.3290092647 -0.0688666776 0.9961544871 -0.0541625656 -0.3322352171 0.0282918178 0.9427721500
115.6 -551.7 2107.8 0.9399659038 -0.0368137099 0.3392769396 -0.0264999475 0.9832892418 0.1801111847 -0.3402379155 -0.1782891899 0.9232828021
68.7 265.5 1748.3 0 0 0 0 0 0 0 0 0
228.1 -96.6 2109.3 0 0 0 0 0 0 0 0 0
-55.1 -905.2 2089.8 0 0 0 0 0 0 0 0 0
129.3 -918.5 2174.3 0 0 0 0 0 0 0 0 0
154.3 417.4 2024.6 33 0.8014501333 0.1500903070 -0.5789219141 -0.0720851794 0.9851827621 0.1556232423 0.5937014222 -0.0829925761 0.8003941774
124.6 222.3 2041.1 0.8014501333 0.1500903070 -0.5789219141 -0.0720851794 0.9851827621 0.1556232423 0.5937014222 -0.0829925761 0.8003941774
99.0 30.3 2055.0 0.8026054502 0.1318848133 -0.5817481279 -0.0639979169 0.9886616468 0.1358395070 0.5930672288 -0.0717948601 0.8019455671
14.9 231.0 1960.0 0.6961210966 -0.6516911983 -0.3011875749 0.6202518344 0.7571930289 -0.2048081458 0.3615288138 -0.0442408808 0.9313107133
-121.7 109.3 1889.1 -0.6716104150 -0.6516911983 -0.3524741232 -0.5489609838 0.7571930289 -0.3539781570 0.4975754321 -0.0442408808 -0.8662917614
234.2 213.5 2122.1 0.2688185871 0.9379016757 0.2192648351 -0.6231770515 -0.0042208633 0.7820693851 0.7344296575 -0.3468756080 0.5833441615
294.3 74.1 2286.4 -0.2579872608 0.9379016757 0.2319117635 -0.6769611835 -0.0042208633 -0.7360066175 -0.6893229485 -0.3468756080 0.6360118985
0.1 -154.1 2014.8 0.7173663378 0.0151628088 -0.6965311170 0.0474099331 0.9963831902 0.0705183968 0.6950811744 -0.0836100206 0.7140529156
-5.8 -540.7 2047.2 0.7103821039 0.1328060031 -0.6911727786 -0.0149747804 0.9846656322 0.1738084704 0.7036568522 -0.1131202728 0.7014775872
144.5 -166.2 2120.1 0.9434567690 0.0728208199 0.3233983517 -0.0600732453 0.9969787002 -0.0492405109 -0.3260070086 0.0270287022 0.9449809194
116.3 -553.2 2109.6 0.9429900646 -0.0296718236 0.3314956427 -0.0290654041 0.9848707318 0.1708357334 -0.3315493464 -0.1707314402 0.9278608561
69.7 265.8 1747.3 0 0 0 0 0 0 0 0 0
228.9 -97.7 2111.4 0 0 0 0 0 0 0 0 0
-55.3 -907.7 2089.4 0 0 0 0 0 0 0 0 0
127.3 -920.7 2173.3 0 0 0 0 0 0 0 0 0
155.7 416.5 2028.8 34 0.7935968637 0.1540451944 -0.5886204839 -0.0823414549 0.9857106209 0.1469504833 0.6028465033 -0.0681515783 0.7949411869
125.3 221.5 2042.3 0.7935968637 0.1540451944 -0.5886204839 -0.0823414549 0.9857106209 0.1469504833 0.6028465033 -0.0681515783 0.7949411869
98.9 29.6 2054.2 0.7951754332 0.1357078850 -0.5909985900 -0.0715840682 0.9888283610 0.1307446659 0.6021392941 -0.0616588667 0.7960065603
16.6 231.3 1960.0 0.6946620345 -0.6515986323 -0.3047358394 0.6213447452 0.7569886446 -0.2022346407 0.3624573648 -0.0488612913 0.9307186604
-120.9 108.3 1888.2 -0.6724985838 -0.6515986323 -0.3509486318 -0.5466691852 0.7569886446 -0.3579399288 0.4988972843 -0.0488612913 -0.8652826548
233.9 211.7 2124.5 0.2580810785 0.9420135617 0.2144868672 -0.6303068399 -0.0040800651 0.7763354182 0.7321935892 -0.3355500400 0.5927045941
291.6 70.7 2288.3 -0.2516117394 0.9420135617 0.2220405340 -0.6702109575 -0.0040800651 -0.7421594262 -0.6982182860 -0.3355500400 0.6323744059
1.4 -155.8 2015.8 0.7089052200 0.0213423427 -0.7049807906 0.0324321613 0.9974983335 0.0628106147 0.7045577168 -0.0673908219 0.7064396143
-6.8 -543.0 2041.9 0.7089235783 0.1315292567 -0.6929122806 0.0325684473 0.9753035903 0.2184540629 0.7045329213 -0.1774343103 0.6871320009
145.2 -167.3 2122.0 0.9468429089 0.0768921226 0.3123717010 -0.0641832128 0.9966452718 -0.0507816300 -0.3152284920 0.0280332081 0.9486016631
115.4 -554.2 2111.2 0.9456611276 -0.0474913418 0.3216669858 -0.0103186518 0.9843944907 0.1756728739 -0.3249901533 -0.1694461852 0.9304135442
70.2 263.6 1746.4 0 0 0 0 0 0 0 0 0
227.8 -99.4 2111.1 0 0 0 0 0 0 0 0 0
-55.8 -906.0 2108.0 0 0 0 0 0 0 0 0 0
133.1 -921.6 2174.4 0 0 0 0 0 0 0 0 0
160.6 420.9 2030.4 35 0.7884307504 0.1679476202 -0.5917521119 -0.0906646550 0.9832269549 0.1582551450 0.6084051728 -0.0711222216 0.7904332876
127.3 225.9 2044.5 0.7884307504 0.1679476202 -0.5917521119 -0.0906646550 0.9832269549 0.1582551450 0.6084051728 -0.0711222216 0.7904332876
99.6 34.2 2056.5 0.7906861305 0.1428510845 -0.5953226089 -0.0763613805 0.9878150225 0.1356114596 0.6074408889 -0.0617664382 0.7919598818
19.3 236.3 1961.5 0.6885139346 -0.6550930738 -0.3111295700 0.6325351596 0.7523025870 -0.1842285544 0.3547504246 -0.0699564517 0.9323402047
-121.0 107.5 1889.3 -0.6755192280 -0.6550930738 -0.3384181261 -0.5417162776 0.7523025870 -0.3749457598 0.5002171993 -0.0699564517 -0.8630694151
235.3 215.5 2127.5 0.2489437014 0.9441545010 0.2158686221 -0.6312457919 -0.0108699230 0.7755066752 0.7345445752 -0.3293236494 0.5932875872
291.0 74.2 2291.8 -0.2515867651 0.9441545010 0.2127823532 -0.6691975594 -0.0108699230 -0.7430050373 -0.6991986632 -0.3293236494 0.6345606446
1.4 -155.9 2012.3 0.7048804164 0.0227937680 -0.7089598775 0.0448678024 0.9960492849 0.0766336024 0.7079057097 -0.0858269930 0.7010728717
-7.5 -542.5 2045.6 0.7025720477 0.1222721785 -0.7010293007 0.0252370723 0.9802266955 0.1962618530 0.7111650109 -0.1555800140 0.6855940819
143.8 -168.8 2120.1 0.9493694305 0.0710153580 0.3060301542 -0.0589590892 0.9970828295 -0.0484731123 -0.3085797429 0.0279756337 0.9507870078
116.3 -555.9 2109.3 0.9489224553 -0.0291534346 0.3141595721 -0.0300154369 0.9828643799 0.1818699688 -0.3140783906 -0.1820101440 0.9317870140
71.2 261.6 1746.9 0 0 0 0 0 0 0 0 0
227.1 -95.6 2114.3 0 0 0 0 0 0 0 0 0
-53.1 -907.8 2103.5 0 0 0 0 0 0 0 0 0
127.1 -922.6 2177.2 0 0 0 0 0 0 0 0 0
163.0 421.8 2032.2 36 0.7887524366 0.1703922302 -0.5906234980 -0.0926575884 0.9827926755 0.1597910225 0.6076875925 -0.0713097975 0.7909681797
129.2 226.7 2046.3 0.7887524366 0.1703922302 -0.5906234980 -0.0926575884 0.9827926755 0.1597910225 0.6076875925 -0.0713097975 0.7909681797
100.8 35.0 2058.2 0.7908310294 0.1464702487 -0.5942497253 -0.0797335654 0.9873228669 0.1372447461 0.6068186164 -0.0611557551 0.7924841642
21.2 237.6 1963.4 0.6810239553 -0.6510565281 -0.3351593018 0.6308571696 0.7540390491 -0.1828779280 0.3717870712 -0.0868933797 0.9242423177
-119.9 106.9 1886.4 -0.6823294163 -0.6510565281 -0.3324935734 -0.5312716365 0.7540390491 -0.3862324655 0.5021722913 -0.0868933797 -0.8603909016
237.3 215.8 2129.2 0.2471202016 0.9438721538 0.2191734463 -0.6326849461 -0.0141464006 0.7742800713 0.7339218855 -0.3300079703 0.5936778188
292.6 74.2 2293.5 -0.2545791864 0.9438721538 0.2104633749 -0.6677381992 -0.0141464006 -0.7442618012 -0.6995106339 -0.3300079703 0.6338608265
1.0 -150.8 2014.0 0.7051891088 0.0298595317 -0.7083902359 0.0290544759 0.9970566034 0.0709503591 0.7084237337 -0.0706153288 0.7022458911
-10.6 -537.7 2041.4 0.7086584568 0.0907624438 -0.6996894479 0.0621787310 0.9797989130 0.1900735050 0.7028064728 -0.1782030016 0.6886993051
142.7 -164.4 2122.9 0.9497774839 0.0663207248 0.3058174253 -0.0501870476 0.9969160557 -0.0603290200 -0.3088753521 0.0419510715 0.9501768947
116.9 -551.4 2106.6 0.9495635033 -0.0213499311 0.3128471971 -0.0353500135 0.9840313196 0.1744496524 -0.3115759194 -0.1767101735 0.9336455464
73.4 257.4 1744.2 0 0 0 0 0 0 0 0 0
227.9 -95.3 2115.9 0 0 0 0 0 0 0 0 0
-44.4 -902.9 2107.9 0 0 0 0 0 0 0 0 0
124.9 -918.7 2172.5 0 0 0 0 0 0 0 0 0
162.5 420.4 2034.1 37 0.7820146084 0.1618218720 -0.6018860936 -0.0923171565 0.9851281047 0.1449143291 0.6163852215 -0.0577607006 0.7853235006
130.4 225.3 2045.5 0.7820146084 0.1618218720 -0.6018860936 -0.0923171565 0.9851281047 0.1449143291 0.6163852215 -0.0577607006 0.7853235006
102.3 33.5 2056.4 0.7839189172 0.1448376030 -0.6037327051 -0.0800649598 0.9878723025 0.1330334097 0.6156790853 -0.0559495725 0.7860082388
23.3 236.2 1961.4 0.6788428426 -0.6495466232 -0.3424348533 0.6282538176 0.7551922798 -0.1870340854 0.3800915182 -0.0881692693 0.9207369685
-116.4 106.9 1883.2 -0.6864700317 -0.6495466232 -0.3268762529 -0.5326435566 0.7551922798 -0.3820673525 0.4950249791 -0.0881692693 -0.8643937111
237.5 214.3 2129.6 0.2400822341 0.9476683736 0.2104404420 -0.6347495317 -0.0107666645 0.7726429105 0.7344750166 -0.3190748096 0.5989471674
291.2 72.3 2294.0 -0.2448572963 0.9476683736 0.2048647404 -0.6658400297 -0.0107666645 -0.7460168600 -0.7047708631 -0.3190748096 0.6336318254
1.5 -149.5 2015.7 0.6968269348 0.0248628967 -0.7168082595 0.0274295602 0.9977441430 0.0612722673 0.7167146206 -0.0623578988 0.6945729852
-8.1 -536.8 2039.9 0.6992229819 0.1278740913 -0.7033743262 0.0448386855 0.9740914702 0.2216647714 0.7134961486 -0.1865314841 0.6753734350
143.2 -163.8 2124.4 0.9530011415 0.0698992461 0.2947930694 -0.0530695245 0.9964913726 -0.0647188872 -0.2982825637 0.0460326448 0.9533669353
116.1 -550.6 2106.6 0.9525696635 -0.0290006641 0.3029356897 -0.0276369099 0.9830916524 0.1810166091 -0.3030631542 -0.1808031350 0.9356617928
77.8 257.6 1743.2 0 0 0 0 0 0 0 0 0
229.1 -96.7 2115.1 0 0 0 0 0 0 0 0 0
-55.8 -899.9 2109.4 0 0 0 0 0 0 0 0 0
126.9 -917.6 2174.0 0 0 0 0 0 0 0 0 0
161.3 419.7 2033.5 38 0.8073434234 0.1603368521 -0.5678808689 -0.0972949192 0.9853751063 0.1398911774 0.5820053816 -0.0576883033 0.8111361265
129.6 224.8 2044.9 0.8073434234 0.1603368521 -0.5678808689 -0.0972949192 0.9853751063 0.1398911774 0.5820053816 -0.0576883033 0.8111361265
101.8 32.9 2055.2 0.8091338277 0.1427199543 -0.5700293183 -0.0856345892 0.9883401394 0.1258988231 0.5813511610 -0.0530547723 0.8119211793
19.1 236.5 1965.6 0.6533482671 -0.6536790729 -0.3818896711 0.6324195862 0.7485439181 -0.1993173212 0.4161507785 -0.1112908944 0.9024593234
-114.4 107.3 1880.6 -0.6943532825 -0.6536790729 -0.3009605110 -0.5347583890 0.7485439181 -0.3920656145 0.4815672338 -0.1112908944 -0.8693142533
240.0 213.1 2124.3 0.2703830898 0.9333723783 0.2360274792 -0.6416878104 -0.0080498643 0.7669236660 0.7177253962 -0.3588191569 0.5967571735
300.5 69.6 2284.8 -0.2746067643 0.9333723783 0.2310998142 -0.6597496271 -0.0080498643 -0.7514423728 -0.6995152235 -0.3588191569 0.6180026531
4.0 -151.1 2012.1 0.7264837027 0.0351691023 -0.6862831712 0.0232667364 0.9968580604 0.0757143870 0.6867896914 -0.0709728375 0.7233828306
-9.7 -538.0 2039.6 0.7283042669 0.1113508865 -0.6761463284 0.0384952761 0.9785027504 0.2026091367 0.6841717362 -0.1735895425 0.7083612680
144.4 -165.4 2122.4 0.9393382668 0.0731346309 0.3351043761 -0.0534943007 0.9962853193 -0.0674825981 -0.3387948871 0.0454628132 0.9397612214
116.0 -552.2 2104.7 0.9390143752 -0.0294979382 0.3426103294 -0.0395957567 0.9804125428 0.1929338574 -0.3415906131 -0.1947335899 0.9194534421
82.7 259.0 1743.9 0 0 0 0 0 0 0 0 0
230.8 -97.8 2107.3 0 0 0 0 0 0 0 0 0
-51.2 -903.0 2104.4 0 0 0 0 0 0 0 0 0
127.0 -918.2 2177.4 0 0 0 0 0 0 0 0 0
161.1 418.8 2027.2 39 0.8194908500 0.1621195823 -0.5496835113 -0.0926134586 0.9840095639 0.1521445066 0.5655594468 -0.0737729371 0.8214012980
129.0 223.9 2041.9 0.8194908500 0.1621195823 -0.5496835113 -0.0926134586 0.9840095639 0.1521445066 0.5655594468 -0.0737729371 0.8214012980
101.3 32.2 2054.5 0.8212448359 0.1424645036 -0.5525041223 -0.0812594444 0.9876595736 0.1338859499 0.5647599697 -0.0650569722 0.8226869106
16.8 235.1 1964.8 0.6358713508 -0.6597248316 -0.4005381465 0.6368845105 0.7416630387 -0.2105090320 0.4359423518 -0.1212398782 0.8917707801
-111.6 106.4 1876.7 -0.6944049597 -0.6597248316 -0.2873410285 -0.5399266481 0.7416630387 -0.3980140686 0.4756899774 -0.1212398782 -0.8712174892
241.1 212.8 2119.0 0.2851512730 0.9255101681 0.2492382973 -0.6353719234 -0.0121688098 0.7721103430 0.7176288962 -0.3785272837 0.5845732093
304.9 70.7 2279.5 -0.2899794579 0.9255101681 0.2436039895 -0.6656623483 -0.0121688098 -0.7461538315 -0.6876085401 -0.3785272837 0.6196059585
1.7 -151.3 2013.5 0.7407943606 0.0277531669 -0.6711582541 0.0234712325 0.9974665642 0.0671528876 0.6713216901 -0.0654993951 0.7382662296
-9.1 -538.5 2038.9 0.7423183322 0.1094058827 -0.6610550880 0.0365149267 0.9785082936 0.2029486895 0.6690516472 -0.1747909188 0.7223697305
146.6 -166.6 2117.6 0.9315222502 0.0764122829 0.3555664420 -0.0621228330 0.9967414141 -0.0514516607 -0.3583393395 0.0258395709 0.9332337379
116.9 -553.5 2107.5 0.9310674667 -0.0310447793 0.3635239303 -0.0408062823 0.9812608957 0.1883134097 -0.3625579476 -0.1901665479 0.9123532176
85.5 259.6 1741.7 0 0 0 0 0 0 0 0 0
231.3 -98.2 2105.0 0 0 0 0 0 0 0 0 0
-49.9 -903.6 2104.1 0 0 0 0 0 0 0 0 0
128.5 -919.8 2178.5 0 0 0 0 0 0 0 0 0
162.5 418.7 2024.6 40 0.7984198928 0.1656221896 -0.5788739324 -0.0797937959 0.9820488095 0.1709182858 0.5967903137 -0.0902740061 0.7973029017
129.7 224.5 2042.5 0.7984198928 0.1656221896 -0.5788739324 -0.0797937959 0.9820488095 0.1709182858 0.5967903137 -0.0902740061 0.7973029017
101.8 33.0 2057.9 0.8001730442 0.1439001858 -0.5822506547 -0.0686443150 0.9863846302 0.1494435221 0.5958280563 -0.0796124786 0.7991563082
20.5 233.8 1961.2 0.6445335150 -0.6568087935 -0.3913805485 0.6344685555 0.7451096177 -0.2055756599 0.4266453087 -0.1158182397 0.8969726562
-109.8 105.5 1874.9 -0.6969137788 -0.6568087935 -0.2879467607 -0.5411803126 0.7451096177 -0.3897890449 0.4705688059 -0.1158182397 -0.8747291565
238.9 215.1 2123.8 0.2591210008 0.9386944175 0.2273962200 -0.6205306649 -0.0186186824 0.7839611173 0.7401337624 -0.3442471325 0.5776641965
296.9 76.4 2289.2 -0.2643410265 0.9386944175 0.2213064879 -0.6798672080 -0.0186186824 -0.7330988646 -0.6840354204 -0.3442471325 0.6431092024
0.2 -152.2 2016.5 0.7157939672 0.0117324237 -0.6982129812 0.0377284177 0.9977487326 0.0554440953 0.6972916126 -0.0660290197 0.7137398720
-4.4 -539.5 2042.2 0.7120077014 0.1420535147 -0.6876524091 0.0096643930 0.9772470593 0.2118839324 0.7021051049 -0.1575087458 0.6944345832
147.2 -166.8 2117.7 0.9441961646 0.0791252330 0.3197386265 -0.0655520782 0.9964400530 -0.0530105792 -0.3227948546 0.0290928539 0.9460217357
116.5 -553.6 2106.4 0.9437202215 -0.0302158780 0.3293617666 -0.0381664149 0.9792169333 0.1991922557 -0.3285353780 -0.2005523145 0.9229535460
88.4 259.4 1741.1 0 0 0 0 0 0 0 0 0
229.8 -96.1 2115.7 0 0 0 0 0 0 0 0 0
-57.4 -904.0 2100.9 0 0 0 0 0 0 0 0 0
127.8 -919.1 2181.2 0 0 0 0 0 0 0 0 0
164.1 419.3 2028.3 41 0.7872633338 0.1666234434 -0.5936775804 -0.0839094967 0.9827910662 0.1645626724 0.6108810306 -0.0797389746 0.7876966596
131.2 225.4 2044.0 0.7872633338 0.1666234434 -0.5936775804 -0.0839094967 0.9827910662 0.1645626724 0.6108810306 -0.0797389746 0.7876966596
102.0 34.1 2058.2 0.7886787057 0.1506653726 -0.5960585475 -0.0751276016 0.9858595133 0.1497895569 0.6101980805 -0.0733553842 0.7888455391
23.5 235.7 1960.7 0.6480852962 -0.6544232965 -0.3895068765 0.6332103014 0.7472022772 -0.2018252611 0.4231195748 -0.1158397719 0.8986383677
-108.6 106.6 1874.5 -0.6975306273 -0.6544232965 -0.2918581069 -0.5374464989 0.7472022772 -0.3909475505 0.4739222527 -0.1158397719 -0.8729140162
238.9 215.2 2127.3 0.2422142774 0.9447842836 0.2207144350 -0.6244352460 -0.0223092269 0.7807579041 0.7425717711 -0.3269325793 0.5845530033
293.1 75.5 2293.4 -0.2552209198 0.9447842836 0.2055356652 -0.6758607626 -0.0223092269 -0.7366915941 -0.6914293170 -0.3269325793 0.6442364454
2.2 -152.3 2020.0 0.7030414939 0.0168648511 -0.7109488249 0.0325448252 0.9979083538 0.0558548458 0.7104037404 -0.0624059774 0.7010220885
-4.4 -539.7 2044.3 0.6989027262 0.1399950236 -0.7013817430 0.0010304052 0.9804581404 0.1967251301 0.7152159810 -0.1382144392 0.6851006150
145.4 -164.6 2126.7 0.9511670470 0.0686026663 0.3009567559 -0.0492970161 0.9962368011 -0.0712886602 -0.3047147989 0.0529711545 0.9509694576
118.8 -551.2 2106.1 0.9512129426 -0.0070527503 0.3084544241 -0.0540997013 0.9804373980 0.1892503798 -0.3037550151 -0.1967047006 0.9322232604
89.9 259.5 1739.6 0 0 0 0 0 0 0 0 0
228.3 -96.0 2117.9 0 0 0 0 0 0 0 0 0
-56.6 -905.5 2095.8 0 0 0 0 0 0 0 0 0
121.4 -917.1 2179.5 0 0 0 0 0 0 0 0 0
163.3 417.3 2024.6 42 0.7870244384 0.1668109000 -0.5939415693 -0.0784725100 0.9819987416 0.1718153805 0.6119105816 -0.0886148214 0.7859470844
130.4 223.6 2042.1 0.7870244384 0.1668109000 -0.5939415693 -0.0784725100 0.9819987416 0.1718153805 0.6119105816 -0.0886148214 0.7859470844
101.0 32.3 2057.6 0.7881412506 0.1511856616 -0.5966374278 -0.0715633556 0.9852974415 0.1551374495 0.6113198996 -0.0795728490 0.7873729467
22.8 233.3 1958.6 0.6553101540 -0.6472551823 -0.3893961012 0.6283732653 0.7532050610 -0.1944973469 0.4191845059 -0.1172299981 0.9003007412
-108.2 107.8 1874.9 -0.7024528384 -0.6472551823 -0.2960079610 -0.5296450257 0.7532050610 -0.3900747597 0.4754326046 -0.1172299981 -0.8719065189
238.0 213.8 2125.6 0.2413818240 0.9450425506 0.2205207348 -0.6196354628 -0.0247918423 0.7844980955 0.7468511462 -0.3260060549 0.5795975924
292.0 75.2 2292.7 -0.2549681067 0.9450425506 0.2046602964 -0.6800553799 -0.0247918423 -0.7327414751 -0.6873979568 -0.3260060549 0.6490023732
2.1 -150.6 2017.8 0.7025866508 0.0090210577 -0.7115410566 0.0454616658 0.9973079562 0.0575336181 0.7101445198 -0.0727701932 0.7002850771
-1.4 -537.7 2046.1 0.6929178238 0.1589113921 -0.7032865882 -0.0254083499 0.9801856875 0.1964444965 0.7205687165 -0.1182505339 0.6832258105
143.3 -164.0 2127.1 0.9521129131 0.0605251342 0.2996959388 -0.0406393111 0.9965652823 -0.0721532404 -0.3030336499 0.0565185957 0.9513024092
119.8 -550.8 2105.2 0.9523365498 0.0036474646 0.3050274849 -0.0659462959 0.9787448645 0.1941894889 -0.2978357971 -0.2050491869 0.9323350787
91.8 258.5 1739.5 0 0 0 0 0 0 0 0 0
227.3 -97.4 2118.2 0 0 0 0 0 0 0 0 0
-60.7 -903.4 2090.2 0 0 0 0 0 0 0 0 0
118.5 -916.1 2181.7 0 0 0 0 0 0 0 0 0
162.5 410.9 2018.3 43 0.7855716944 0.1709196568 -0.5946962237 -0.0745730922 0.9802395701 0.1832190901 0.6142604947 -0.0995833948 0.7827944756
128.9 218.0 2037.9 0.7855716944 0.1709196568 -0.5946962237 -0.0745730922 0.9802395701 0.1832190901 0.6142604947 -0.0995833948 0.7827944756
99.3 27.0 2055.4 0.7870562673 0.1522629410 -0.5977946520 -0.0655492023 0.9842157960 0.1643853486 0.6133887172 -0.0901955590 0.7846139073
21.4 227.0 1954.1 0.6698585749 -0.6386143565 -0.3787627220 0.6173940897 0.7624486089 -0.1936406642 0.4124487936 -0.1041339934 0.9050094485
-108.1 107.7 1874.4 -0.7055104375 -0.6386143565 -0.3072893620 -0.5260657072 0.7624486089 -0.3767320216 0.4748788178 -0.1041339934 -0.8738685250
236.4 209.1 2121.7 0.2395898402 0.9455532432 0.2202857137 -0.6115134358 -0.0292590018 0.7906929255 0.7540875673 -0.3241496682 0.5712082982
290.0 72.2 2290.4 -0.2544947267 0.9455532432 0.2028830349 -0.6873022914 -0.0292590018 -0.7257819772 -0.6803293824 -0.3241496682 0.6573271155
1.1 -152.5 2018.2 0.7011370063 0.0237166155 -0.7126320601 0.0341877677 0.9971789718 0.0668227300 0.7122064829 -0.0712151900 0.6983482838
-8.1 -539.6 2045.9 0.6996566653 0.0959098861 -0.7080126405 0.0179646555 0.9882743955 0.1516277641 0.7142533660 -0.1188065782 0.6897297502
142.3 -165.3 2127.7 0.9527902603 0.0614559166 0.2973448038 -0.0413912833 0.9964493513 -0.0733172297 -0.3007948101 0.0575484559 0.9519509673
118.4 -552.2 2105.4 0.9529024959 -0.0028293568 0.3032636344 -0.0538384840 0.9824957252 0.1783354580 -0.2984597981 -0.1862635612 0.9360703230
93.0 257.6 1739.1 0 0 0 0 0 0 0 0 0
225.4 -102.2 2117.7 0 0 0 0 0 0 0 0 0
-43.8 -907.7 2090.1 0 0 0 0 0 0 0 0 0
119.5 -918.8 2174.9 0 0 0 0 0 0 0 0 0
165.5 414.5 2019.6 44 0.7816312313 0.1736196876 -0.5990900397 -0.0783972591 0.9802081585 0.1817851812 0.6187944412 -0.0951219499 0.7797725797
131.3 221.3 2038.4 0.7816312313 0.1736196876 -0.5990900397 -0.0783972591 0.9802081585 0.1817851812 0.6187944412 -0.0951219499 0.7797725797
100.6 30.5 2055.9 0.7832065821 0.1580613554 -0.6013352275 -0.0690712333 0.9832796454 0.1684941649 0.6179130673 -0.0904307812 0.7810286283
24.3 230.8 1954.0 0.6686847806 -0.6407671571 -0.3771977723 0.6245285869 0.7593190670 -0.1827528477 0.4035154879 -0.1133667380 0.9079225063
-108.1 107.1 1874.1 -0.7063307166 -0.6407671571 -0.3008560240 -0.5251894593 0.7593190670 -0.3842012584 0.4746292531 -0.1133667380 -0.8728545308
238.3 211.9 2122.8 0.2320333868 0.9472085238 0.2212612033 -0.6118962765 -0.0346862972 0.7901770473 0.7561371922 -0.3187363744 0.5715450048
290.2 75.0 2292.0 -0.2543120086 0.9472085238 0.1952470392 -0.6866783500 -0.0346862972 -0.7261334062 -0.6810273528 -0.3187363744 0.6592487097
-0.8 -158.2 2018.0 0.6973190308 0.0230736602 -0.7163893580 0.0332244560 0.9973668456 0.0644634739 0.7159904242 -0.0687532574 0.6947162747
-9.7 -545.4 2044.7 0.6968840361 0.0934412032 -0.7110705972 0.0285468288 0.9870762229 0.1576881707 0.7166154385 -0.1301891804 0.6852102280
140.3 -169.9 2127.8 0.9546445608 0.0576281399 0.2921176255 -0.0403846949 0.9970856905 -0.0647244751 -0.2949962616 0.0499917865 0.9541897178
117.9 -557.0 2108.4 0.9547162056 -0.0062288563 0.2974528372 -0.0476191305 0.9836926460 0.1734393835 -0.2936824858 -0.1797498316 0.9388507009
93.8 257.2 1738.4 0 0 0 0 0 0 0 0 0
225.6 -99.3 2119.1 0 0 0 0 0 0 0 0 0
-44.6 -913.4 2093.2 0 0 0 0 0 0 0 0 0
120.2 -924.2 2175.5 0 0 0 0 0 0 0 0 0
166.5 416.8 2020.8 45 0.7924764156 0.1772973835 -0.5835638642 -0.0902761072 0.9803742766 0.1752611995 0.6031843424 -0.0862084925 0.7929291725
131.4 223.2 2037.8 0.7924764156 0.1772973835 -0.5835638642 -0.0902761072 0.9803742766 0.1752611995 0.6031843424 -0.0862084925 0.7929291725
100.6 32.2 2053.7 0.7945601940 0.1586750299 -0.5860856175 -0.0780929178 0.9839388132 0.1605175138 0.6021425128 -0.0817716941 0.7941900492
22.9 233.8 1955.6 0.6498330832 -0.6493046284 -0.3951207995 0.6372560263 0.7487598658 -0.1823825836 0.4142724574 -0.1332748830 0.9003422260
-106.4 107.0 1873.1 -0.7040046453 -0.6493046284 -0.2877169251 -0.5254510641 0.7487598658 -0.4040542245 0.4777851701 -0.1332748830 -0.8683081865
240.0 212.5 2120.1 0.2447285950 0.9409343004 0.2339882702 -0.6213790178 -0.0330520123 0.7828126550 0.7443091273 -0.3369720578 0.5765880942
294.7 73.5 2286.6 -0.2688106894 0.9409343004 0.2058723271 -0.6780478954 -0.0330520123 -0.7342742085 -0.6840993166 -0.3369720578 0.6468833089
-0.3 -154.2 2018.1 0.7111948729 0.0180893391 -0.7027621269 0.0426532552 0.9967167974 0.0688209087 0.7016997337 -0.0789201707 0.7080883384
-7.3 -541.1 2048.8 0.7075405121 0.1053651646 -0.6987736225 0.0030442290 0.9883584380 0.1521128714 0.7066662312 -0.1097532511 0.6989828944
140.1 -166.6 2128.8 0.9487958550 0.0579672605 0.3105256557 -0.0391637944 0.9970204830 -0.0664553791 -0.3134526908 0.0508912280 0.9482391477
117.6 -553.7 2109.1 0.9489027262 -0.0078475419 0.3154712021 -0.0478919409 0.9845299125 0.1685444862 -0.3119134903 -0.1750408560 0.9338472486
94.4 256.9 1736.8 0 0 0 0 0 0 0 0 0
226.5 -98.6 2113.0 0 0 0 0 0 0 0 0 0
-46.6 -909.8 2089.7 0 0 0 0 0 0 0 0 0
120.5 -921.2 2174.4 0 0 0 0 0 0 0 0 0
167.5 413.8 2021.4 46 0.7837696671 0.1732760817 -0.5963895917 -0.0838617608 0.9810228944 0.1748177856 0.6153635979 -0.0870026052 0.7834272385
133.3 219.9 2038.6 0.7837696671 0.1732760817 -0.5963895917 -0.0838617608 0.9810228944 0.1748177856 0.6153635979 -0.0870026052 0.7834272385
103.3 28.8 2054.2 0.7855859995 0.1545665413 -0.5991358757 -0.0729711801 0.9846827388 0.1583511829 0.6144345403 -0.0806788206 0.7848318815
26.0 229.9 1954.7 0.6607297063 -0.6435104012 -0.3864332438 0.6217578053 0.7576250434 -0.1985486001 0.4205395877 -0.1090809181 0.9006929398
-105.2 106.5 1871.2 -0.7031769156 -0.6435104012 -0.3023848534 -0.5288362503 0.7576250434 -0.3825395703 0.4752625227 -0.1090809181 -0.8730560541
240.6 210.0 2122.5 0.2365955412 0.9461947680 0.2207668275 -0.6190723181 -0.0283167996 0.7848232985 0.7488471270 -0.3223563135 0.5790633559
293.5 71.5 2290.1 -0.2544955313 0.9461947680 0.1998686343 -0.6803931594 -0.0283167996 -0.7323000431 -0.6872388124 -0.3223563135 0.6509909034
-1.4 -151.8 2015.6 0.6999529004 0.0120052472 -0.7140880823 0.0408145897 0.9975522161 0.0567775220 0.7130218148 -0.0688868016 0.6977496147
-6.0 -539.1 2042.4 0.6991601586 0.1207495332 -0.7046946883 0.0342619531 0.9788442254 0.2017179579 0.7141436934 -0.1651773751 0.6802317500
141.0 -165.8 2123.5 0.9531557560 0.0601734556 0.2964343131 -0.0444321819 0.9972352386 -0.0595622733 -0.2991988063 0.0436008982 0.9531941414
117.6 -552.9 2106.6 0.9530326128 -0.0187427718 0.3022871315 -0.0362341665 0.9838588834 0.1752392948 -0.3006923497 -0.1779619008 0.9369704723
94.8 256.9 1736.1 0 0 0 0 0 0 0 0 0
228.9 -101.2 2115.6 0 0 0 0 0 0 0 0 0
-51.0 -903.7 2103.9 0 0 0 0 0 0 0 0 0
124.6 -920.2 2173.0 0 0 0 0 0 0 0 0 0
166.8 413.2 2021.7 47 0.7889807820 0.1707359850 -0.5902190804 -0.0825689808 0.9813646674 0.1735100150 0.6088445783 -0.0881622732 0.7883753181
133.1 219.1 2039.1 0.7889807820 0.1707359850 -0.5902190804 -0.0825689808 0.9813646674 0.1735100150 0.6088445783 -0.0881622732 0.7883753181
103.8 27.9 2054.5 0.7906799912 0.1508154869 -0.5933631659 -0.0721757486 0.9853875041 0.1542795002 0.6079604030 -0.0791592821 0.7900114059
25.1 229.0 1956.1 0.6573954225 -0.6441621780 -0.3910068274 0.6203073263 0.7572158575 -0.2045554668 0.4278434813 -0.1080705822 0.8973687887
-105.3 106.0 1871.2 -0.7029526830 -0.6441621780 -0.3015172780 -0.5303670168 0.7572158575 -0.3812282383 0.4738864899 -0.1080705822 -0.8739292622
241.1 209.3 2122.2 0.2445341647 0.9436818361 0.2228622437 -0.6203491092 -0.0243890900 0.7839465737 0.7452315688 -0.3299541175 0.5794482231
295.8 70.5 2288.9 -0.2578041852 0.9436818361 0.2073681355 -0.6792653799 -0.0243890900 -0.7334873676 -0.6871212125 -0.3299541175 0.6472980380
2.9 -155.8 2014.9 0.7053547502 0.0195343997 -0.7085853219 0.0323355943 0.9976929426 0.0596927404 0.7081165910 -0.0650170818 0.7030957937
-4.7 -543.1 2040.1 0.7078995109 0.1249923632 -0.6951655746 0.0511196777 0.9725694060 0.2269262820 0.7044608593 -0.1961776465 0.6820918322
143.6 -168.9 2124.9 0.9500052333 0.0737126693 0.3034080863 -0.0538536310 0.9958534241 -0.0733196661 -0.3075545728 0.0533144362 0.9500356317
115.0 -555.4 2104.3 0.9491613507 -0.0462009683 0.3113810420 -0.0301997289 0.9712439179 0.2361634672 -0.3133379519 -0.2335608602 0.9204719663
94.8 257.0 1736.4 0 0 0 0 0 0 0 0 0
230.4 -101.9 2114.5 0 0 0 0 0 0 0 0 0
-51.3 -905.6 2113.2 0 0 0 0 0 0 0 0 0
132.2 -917.3 2191.3 0 0 0 0 0 0 0 0 0
170.7 416.1 2021.8 48 0.7977521420 0.1773142815 -0.5763255954 -0.0914830118 0.9803134799 0.1749754250 0.5960053802 -0.0868630111 0.7982683778
135.5 222.0 2039.0 0.7977521420 0.1773142815 -0.5763255954 -0.0914830118 0.9803134799 0.1749754250 0.5960053802 -0.0868630111 0.7982683778
105.5 30.8 2053.8 0.7997348905 0.1549306512 -0.5800177455 -0.0797544271 0.9849815369 0.1531357318 0.5950322151 -0.0762090087 0.8000805378
26.3 232.9 1957.7 0.6476485133 -0.6462044120 -0.4036970437 0.6291009188 0.7524262071 -0.1951583475 0.4298644364 -0.1275721788 0.8938354850
-104.8 105.5 1870.7 -0.7057222724 -0.6462044120 -0.2904753983 -0.5255323648 0.7524262071 -0.3970774412 0.4751544893 -0.1275721788 -0.8706052899
244.8 211.1 2120.3 0.2527962923 0.9382334352 0.2362458557 -0.6257535219 -0.0276822671 0.7795294523 0.7379204035 -0.3448938429 0.5801048875
301.3 71.1 2285.4 -0.2722865641 0.9382334352 0.2134902924 -0.6741123796 -0.0276822671 -0.7381098866 -0.6866094470 -0.3448938429 0.6400122643
3.7 -157.0 2015.4 0.7164874077 0.0245030448 -0.6971695423 0.0213918034 0.9981412292 0.0570656806 0.6972719431 -0.0558005571 0.7146314383
-5.8 -544.4 2037.0 0.7249578238 0.1077090353 -0.6803197265 0.0839918330 0.9665035009 0.2425208241 0.6836530566 -0.2329586744 0.6916276217
145.3 -169.9 2124.3 0.9450730681 0.0701543242 0.3192417622 -0.0529091954 0.9966486692 -0.0623858199 -0.3225485086 0.0420683324 0.9456176162
118.1 -556.8 2108.0 0.9446822405 -0.0308180861 0.3265359402 -0.0360285193 0.9798006415 0.1967044622 -0.3260021806 -0.1975878179 0.9244899154
96.2 255.2 1735.4 0 0 0 0 0 0 0 0 0
232.2 -100.0 2111.1 0 0 0 0 0 0 0 0 0
-46.0 -904.7 2123.9 0 0 0 0 0 0 0 0 0
129.6 -921.9 2181.6 0 0 0 0 0 0 0 0 0
173.1 417.5 2021.9 49 0.7865247726 0.1803066581 -0.5906506777 -0.0914099440 0.9798837900 0.1774033159 0.6107560396 -0.0855407640 0.7871847153
137.4 223.3 2038.8 0.7865247726 0.1803066581 -0.5906506777 -0.0914099440 0.9798837900 0.1774033159 0.6107560396 -0.0855407640 0.7871847153
106.1 32.3 2053.5 0.7881327868 0.1608453989 -0.5941174030 -0.0821529999 0.9841045141 0.1574456692 0.6099980474 -0.0752795711 0.7888189554
29.7 234.5 1955.5 0.6525021791 -0.6480345726 -0.3928003609 0.6312410831 0.7516015768 -0.1913888603 0.4192559719 -0.1230700836 0.8994877338
-103.8 105.4 1869.8 -0.7039738297 -0.6480345726 -0.2906407416 -0.5294549465 0.7516015768 -0.3934113085 0.4733901918 -0.1230700836 -0.8722130060
245.0 212.1 2122.2 0.2361440957 0.9443615675 0.2289480716 -0.6253723502 -0.0326357447 0.7796437144 0.7437374592 -0.3272860646 0.5828708410
297.8 72.2 2288.6 -0.2625049055 0.9443615675 0.1981727481 -0.6743271947 -0.0326357447 -0.7377111316 -0.6901985407 -0.3272860646 0.6453757286
3.7 -153.3 2015.3 0.7032043338 0.0358414836 -0.7100838423 0.0118545871 0.9979986548 0.0621137209 0.7108889818 -0.0520963855 0.7013720870
-10.2 -540.7 2035.6 0.7141439915 0.0704327971 -0.6964463592 0.1116615683 0.9707230330 0.2126698941 0.6910354495 -0.2296432257 0.6853713989
147.0 -167.6 2121.9 0.9505373240 0.0712208748 0.3023348153 -0.0596636087 0.9970970750 -0.0473039746 -0.3048262000 0.0269258097 0.9520273209
119.4 -554.6 2111.5 0.9492073655 -0.0503942259 0.3105894923 -0.0037169678 0.9852265120 0.1712160259 -0.3146293163 -0.1636739671 0.9349969029
96.4 255.9 1735.2 0 0 0 0 0 0 0 0 0
231.2 -99.0 2113.4 0 0 0 0 0 0 0 0 0
-36.4 -902.5 2121.1 0 0 0 0 0 0 0 0 0
138.1 -921.8 2172.5 0 0 0 0 0 0 0 0 0
172.5 417.9 2023.4 50 0.8058053851 0.1742477864 -0.5659641027 -0.0982563794 0.9818229675 0.1623865366 0.5839720368 -0.0752423555 0.8082791567
138.0 223.6 2038.3 0.8058053851 0.1742477864 -0.5659641027 -0.0982563794 0.9818229675 0.1623865366 0.5839720368 -0.0752423555 0.8082791567
107.6 32.4 2051.3 0.8074033856 0.1566467434 -0.5688247085 -0.0887559131 0.9853867292 0.1453801095 0.5832856297 -0.0668938458 0.8095079064
27.8 235.7 1958.7 0.6385807991 -0.6515962481 -0.4094348550 0.6376280189 0.7458890676 -0.1925618351 0.4308655560 -0.1381008476 0.8917864561
-102.9 105.2 1870.5 -0.7034336329 -0.6515962481 -0.2839075029 -0.5260030627 0.7458890676 -0.4086200297 0.4780187607 -0.1381008476 -0.8674250245
248.3 211.5 2118.0 0.2608176172 0.9334316254 0.2463323027 -0.6350732446 -0.0262808874 0.7720047235 0.7270874381 -0.3577914834 0.5859429240
306.6 69.5 2280.6 -0.2833934128 0.9334316254 0.2199854553 -0.6655582786 -0.0262808874 -0.7458830476 -0.6904494166 -0.3577914834 0.6287009716
4.3 -151.4 2013.4 0.7258280516 0.0355169028 -0.6869586706 0.0107788770 0.9979562759 0.0629847646 0.6877917647 -0.0531207472 0.7239618301
-9.5 -538.8 2034.0 0.7375980020 0.0791999549 -0.6705792546 0.1089099050 0.9661409259 0.2339023352 0.6663991213 -0.2455586195 0.7039979696
145.5 -166.1 2122.7 0.9401471615 0.0709399879 0.3333029449 -0.0568712987 0.9970372319 -0.0517919883 -0.3359895647 0.0297367200 0.9413961768
118.0 -553.2 2111.1 0.9370164871 -0.0769549012 0.3407022059 0.0167061426 0.9841851592 0.1763532460 -0.3488852978 -0.1595540792 0.9234833717
97.1 254.8 1734.5 0 0 0 0 0 0 0 0 0
234.7 -99.4 2105.4 0 0 0 0 0 0 0 0 0
-39.0 -899.2 2125.6 0 0 0 0 0 0 0 0 0
146.7 -920.1 2170.6 0 0 0 0 0 0 0 0 0
173.1 417.5 2022.7 51 0.7922384143 0.1820994020 -0.5824071765 -0.1017411053 0.9804933667 0.1681710780 0.6016702056 -0.0739768371 0.7953115106
137.2 223.9 2037.3 0.7922384143 0.1820994020 -0.5824071765 -0.1017411053 0.9804933667 0.1681710780 0.6016702056 -0.0739768371 0.7953115106
105.6 32.8 2050.2 0.7942322493 0.1622802615 -0.5855427384 -0.0903644338 0.9845050573 0.1502800584 0.6008572578 -0.0664450303 0.7965900302
28.7 236.2 1955.3 0.6454883218 -0.6520982981 -0.3976337910 0.6441766024 0.7445240021 -0.1752727777 0.4103429914 -0.1430098563 0.9006479979
-102.7 105.0 1871.7 -0.7033869028 -0.6520982981 -0.2828685641 -0.5237651467 0.7445240021 -0.4139493406 0.4805381000 -0.1430098563 -0.8652348518
245.6 211.5 2119.4 0.2423754036 0.9408298135 0.2368405610 -0.6338878870 -0.0312384814 0.7727938294 0.7344660163 -0.3374365866 0.5888091922
299.8 69.8 2283.6 -0.2712057531 0.9408298135 0.2031913698 -0.6664527655 -0.0312384814 -0.7448925376 -0.6944696903 -0.3374365866 0.6354907155
4.9 -151.0 2012.0 0.7110659480 0.0292701367 -0.7025158405 0.0160589274 0.9981964827 0.0578439645 0.7029419541 -0.0524125248 0.7093134522
-6.5 -538.5 2032.4 0.7208490372 0.1112252772 -0.6841093898 0.0852119029 0.9653292894 0.2467353195 0.6878340244 -0.2361531705 0.6863789558
149.5 -166.8 2116.5 0.9454595447 0.0907476395 0.3128436804 -0.0796066448 0.9956588149 -0.0482312143 -0.3158624470 0.0206962246 0.9485792518
114.2 -553.3 2108.4 0.9413750172 -0.0885508433 0.3255332112 0.0242898464 0.9802235365 0.1963970661 -0.3364864290 -0.1769761443 0.9249088168
97.5 254.1 1735.0 0 0 0 0 0 0 0 0 0
231.0 -99.4 2107.4 0 0 0 0 0 0 0 0 0
-48.0 -898.5 2120.5 0 0 0 0 0 0 0 0 0
147.3 -918.9 2174.5 0 0 0 0 0 0 0 0 0
174.2 416.4 2022.3 52 0.7814475298 0.1804204732 -0.5973175168 -0.0978560224 0.9808746576 0.1682530940 0.6162499189 -0.0730298534 0.7841572762
138.6 222.7 2036.8 0.7814475298 0.1804204732 -0.5973175168 -0.0978560224 0.9808746576 0.1682530940 0.6162499189 -0.0730298534 0.7841572762
107.0 31.6 2049.6 0.7831434608 0.1627002507 -0.6001790762 -0.0881418511 0.9844636917 0.1518626213 0.6155626178 -0.0660293251 0.7853170037
31.6 234.7 1952.7 0.6612200737 -0.6471859813 -0.3793920875 0.6378429532 0.7512149811 -0.1698011607 0.3948979378 -0.1297166198 0.9095214009
-102.8 105.0 1872.4 -0.7029875517 -0.6471859813 -0.2948878109 -0.5222808123 0.7512149811 -0.4036072493 0.4827330709 -0.1297166198 -0.8661075830
245.5 210.6 2120.8 0.2293739766 0.9468923211 0.2253496349 -0.6317464113 -0.0312990099 0.7745429873 0.7404620647 -0.3200238347 0.5910166502
296.8 69.3 2286.5 -0.2578748167 0.9468923211 0.1920819283 -0.6684409976 -0.0312990099 -0.7431063056 -0.6976296902 -0.3200238347 0.6410129070
3.0 -150.3 2009.3 0.6982088089 0.0266894866 -0.7153965235 0.0246742032 0.9978139400 0.0613071024 0.7154688239 -0.0604569986 0.6960239410
-7.4 -537.6 2032.7 0.7039123178 0.1041847840 -0.7026044726 0.0707352832 0.9739843011 0.2152929455 0.7067559958 -0.2012462765 0.6782299876
145.2 -166.4 2116.9 0.9521415830 0.0774666518 0.2956777811 -0.0679136887 0.9967873096 -0.0424594767 -0.2980170548 0.0203468632 0.9543436766
115.2 -553.3 2109.0 0.9489731193 -0.0791031271 0.3052748740 0.0299270861 0.9862501025 0.1625272036 -0.3139337897 -0.1450979561 0.9382921457
97.5 253.9 1734.8 0 0 0 0 0 0 0 0 0
231.4 -100.3 2109.4 0 0 0 0 0 0 0 0 0
-46.2 -900.8 2107.8 0 0 0 0 0 0 0 0 0
144.7 -921.2 2163.1 0 0 0 0 0 0 0 0 0
172.9 415.7 2023.7 53 0.7773005366 0.1770295799 -0.6037088633 -0.0958882198 0.9817193151 0.1644159853 0.6217791438 -0.0699120685 0.7800660133
138.0 222.3 2037.4 0.7773005366 0.1770295799 -0.6037088633 -0.0958882198 0.9817193151 0.1644159853 0.6217791438 -0.0699120685 0.7800660133
107.2 31.1 2050.0 0.7792363167 0.1585322171 -0.6063483357 -0.0845415294 0.9852250218 0.1489442289 0.6210020185 -0.0648011342 0.7811256647
31.6 233.9 1952.6 0.6643096805 -0.6464844346 -0.3751673400 0.6372421980 0.7521783710 -0.1677796394 0.3906596899 -0.1276148260 0.9116465449
-102.8 104.9 1873.6 -0.7016439438 -0.6464844346 -0.2995891273 -0.5204938054 0.7521783710 -0.4041211009 0.4866024554 -0.1276148260 -0.8642525673
244.4 210.8 2122.3 0.2272043079 0.9492402077 0.2175343186 -0.6306856275 -0.0267792623 0.7755762339 0.7420335412 -0.3134100437 0.5925878286
295.3 69.7 2288.3 -0.2498569489 0.9492402077 0.1910876185 -0.6694778204 -0.0267792623 -0.7423491478 -0.6995505095 -0.3134100437 0.6421862841
5.2 -151.7 2007.3 0.6930171847 0.0314025693 -0.7202367783 0.0256063920 0.9973482490 0.0681233853 0.7204661369 -0.0656533465 0.6903753877
