-6.3 433.3 2199.7 1 0.5477173328 0.1668404937 -0.8198597431 -0.1495661288 0.9836560488 0.1002533659 0.8231863379 0.0677127466 0.5637191534
-39.5 237.3 2186.2 0.5477173328 0.1668404937 -0.8198597431 -0.1495661288 0.9836560488 0.1002533659 0.8231863379 0.0677127466 0.5637191534
-70.7 44.2 2175.6 0.5502736568 0.1590293050 -0.8197003007 -0.1341166049 0.9857828617 0.1012169048 0.8241429925 0.0542384312 0.5637788177
-118.0 256.4 2068.7 0.3416813910 0.2509161532 -0.9057013392 0.9333109260 0.0225968510 0.3583575189 0.1103836894 -0.9677450657 -0.2264618576
-207.4 12.0 2039.8 -0.0736747161 0.2400604039 -0.9679581523 0.9607881904 0.2772489190 -0.0043693115 0.2673164606 -0.9303246737 -0.2510734499
38.9 218.2 2303.7 0.1089299396 0.3105701208 -0.9442883134 -0.9792943597 0.1965927780 -0.0483100601 0.1706366092 0.9299986362 0.3255544007
61.3 16.7 2338.8 0.6018451452 0.3105701208 0.7357503772 0.7166215777 0.1965927780 -0.6691821814 -0.3524712026 0.9299986362 -0.1042428464
-151.5 -136.4 2089.3 0.4727144539 0.0005318281 -0.8812155128 -0.0644914880 0.9973391294 -0.0339935534 0.8788526058 0.0729001388 0.4714909196
-151.8 -527.1 2060.8 0.4763580263 0.1958203167 -0.8571682572 -0.0466753766 0.9791414142 0.1977459937 0.8780116439 -0.0541892387 0.4755618572
-52.0 -161.0 2238.2 0.4152727425 -0.0850299150 -0.9057143331 0.0160133559 0.9961510301 -0.0861780867 0.9095560312 0.0212838855 0.4150359929
-18.7 -551.2 2229.9 0.4200753570 0.0404937081 -0.9065853357 0.0985083580 0.9910660386 0.0899119675 0.9021268487 -0.1270760298 0.4123334587
-186.6 -260.2 1964.1 0 0 0 0 0 0 0 0 0
230.9 218.6 2239.5 0 0 0 0 0 0 0 0 0
-225.5 -895.8 2081.2 0 0 0 0 0 0 0 0 0
-33.9 -924.4 2277.7 0 0 0 0 0 0 0 0 0
-6.8 432.8 2199.5 2 0.5426598787 0.1661713421 -0.8233512640 -0.1480041742 0.9838150144 0.1010090485 0.8268101215 0.0670458749 0.5584709644
-39.8 236.9 2186.1 0.5426598787 0.1661713421 -0.8233512640 -0.1480041742 0.9838150144 0.1010090485 0.8268101215 0.0670458749 0.5584709644
-70.9 43.8 2175.5 0.5450413227 0.1587796211 -0.8232369423 -0.1335697472 0.9858071804 0.1017022654 0.8277010918 0.0545276105 0.5585137606
-117.5 256.0 2068.2 0.3346205354 0.2571576536 -0.9065864682 0.9358402491 0.0222268309 0.3517228365 0.1105987653 -0.9661138058 -0.2332209498
-208.8 0.7 2038.0 -0.0791188255 0.2450843453 -0.9662680030 0.9609939456 0.2764366269 -0.0085715549 0.2650111318 -0.9292558432 -0.2573959231
37.8 217.9 2304.1 0.1141750589 0.3063385785 -0.9450506568 -0.9798051715 0.1919033229 -0.0561683364 0.1641518325 0.9323785901 0.3220627010
61.3 16.8 2337.8 0.6040283442 0.3063385785 0.7357352972 0.7178389430 0.1919033229 -0.6692386270 -0.3462036550 0.9323785901 -0.1039867178
-151.6 -136.8 2090.4 0.4671475887 -0.0018454951 -0.8841774464 -0.0673404112 0.9970190525 -0.0376597531 0.8816112280 0.0771335363 0.4656307995
-150.8 -527.3 2060.2 0.4716712832 0.1939029247 -0.8601905704 -0.0451135784 0.9795512557 0.1960717440 0.8806196451 -0.0536751337 0.4707738459
-52.1 -161.0 2239.4 0.4101478755 -0.0813833699 -0.9083806872 0.0090939952 0.9963260889 -0.0851564705 0.9119737148 0.0266659372 0.4093811512
-20.2 -551.3 2229.0 0.4165591896 0.0336034596 -0.9084873199 0.1208881140 0.9883947372 0.0919886678 0.9010352492 -0.1481440514 0.4076626599
-186.2 -273.6 1962.4 0 0 0 0 0 0 0 0 0
231.4 219.0 2240.3 0 0 0 0 0 0 0 0 0
-223.9 -896.2 2080.4 0 0 0 0 0 0 0 0 0
-32.9 -923.4 2284.8 0 0 0 0 0 0 0 0 0
-6.8 433.0 2199.4 3 0.5426247716 0.1647632271 -0.8236573339 -0.1492858082 0.9838793278 0.0984644219 0.8266027570 0.0695311204 0.5584741235
-39.6 237.2 2185.5 0.5426247716 0.1647632271 -0.8236573339 -0.1492858082 0.9838793278 0.0984644219 0.8266027570 0.0695311204 0.5584741235
-70.2 44.1 2174.7 0.5452671647 0.1563700885 -0.8235484958 -0.1330759823 0.9861356616 0.0991321877 0.8276318908 0.0555410013 0.5585165024
-117.3 256.2 2067.6 0.3398102820 0.2559754848 -0.9049892426 0.9340754747 0.0203723386 0.3564940393 0.1096904799 -0.9664685726 -0.2321776748
-207.5 8.2 2038.5 -0.0638333410 0.2478976250 -0.9666809440 0.9653155804 0.2610662878 0.0032051897 0.2531623542 -0.9329475760 -0.2559641600
38.1 218.2 2303.5 0.1096667200 0.2972862422 -0.9484693408 -0.9813631177 0.1838711500 -0.0558378734 0.1577963084 0.9369163513 0.3119103014
60.7 16.3 2336.0 0.6072331667 0.2972862422 0.7368098497 0.7208439708 0.1838711500 -0.6682629585 -0.3341434598 0.9369163513 -0.1026443392
-151.3 -137.2 2090.0 0.4672073424 -0.0015698475 -0.8841463923 -0.0675866827 0.9970089793 -0.0374849103 0.8815607429 0.0772697479 0.4657038152
-150.7 -527.7 2059.7 0.4727460742 0.1861545891 -0.8613115549 -0.0394438915 0.9809223413 0.1903564781 0.8803154826 -0.0560167991 0.4710698128
-52.8 -161.3 2239.6 0.4099372029 -0.0866273046 -0.9079907537 0.0100997295 0.9958497882 -0.0904497430 0.9120578170 0.0279082563 0.4091108143
-18.8 -551.4 2228.7 0.4157311320 0.0436495319 -0.9084395170 0.1018256322 0.9903337955 0.0941831470 0.9037694335 -0.1316573024 0.4072679579
-189.4 -265.5 1966.7 0 0 0 0 0 0 0 0 0
231.7 219.3 2241.8 0 0 0 0 0 0 0 0 0
-220.8 -897.2 2080.8 0 0 0 0 0 0 0 0 0
-35.3 -924.3 2278.2 0 0 0 0 0 0 0 0 0
-6.3 433.3 2199.3 4 0.5373793840 0.1667535305 -0.8266901970 -0.1495123208 0.9835664034 0.1012088135 0.8299815655 0.0692128390 0.5534800291
-39.6 236.8 2185.5 0.5373793840 0.1667535305 -0.8266901970 -0.1495123208 0.9835664034 0.1012088135 0.8299815655 0.0692128390 0.5534800291
-69.9 43.7 2174.1 0.5399353504 0.1545537412 -0.8273953199 -0.1338427812 0.9862551689 0.0968859345 0.8309969306 0.0584287532 0.5531998873
-116.6 255.9 2067.1 0.3462977707 0.2598942816 -0.9014060497 0.9318349361 0.0157852713 0.3625389934 0.1084507555 -0.9655080438 -0.2367121726
-207.0 12.6 2038.8 -0.0605802797 0.2527488172 -0.9656335115 0.9660731554 0.2581746280 0.0069678132 0.2510631680 -0.9324504733 -0.2598141432
37.3 217.7 2303.9 0.1164689809 0.2924663126 -0.9491567016 -0.9807496667 0.1846761703 -0.0634408966 0.1567322910 0.9382740259 0.3083452880
61.4 15.2 2336.3 0.5984297395 0.2924663126 0.7458855510 0.7299613357 0.1846761703 -0.6580662727 -0.3302094936 0.9382740259 -0.1029733866
-150.1 -137.1 2089.0 0.4614233971 0.0039962027 -0.8871710300 -0.0635693520 0.9975684285 -0.0285693500 0.8848996758 0.0695794523 0.4605554342
-151.7 -527.8 2061.7 0.4644697905 0.1768627912 -0.8677484393 -0.0470041595 0.9833968878 0.1752746403 0.8843407035 -0.0406219848 0.4650714099
-51.6 -161.1 2238.6 0.4037418962 -0.0850665420 -0.9109095335 0.0100657307 0.9960205555 -0.0885533243 0.9148175716 0.0265837181 0.4029915035
-18.2 -551.3 2228.2 0.4088596404 0.0393017232 -0.9117506146 0.0986497775 0.9913145900 0.0869692713 0.9072496891 -0.1255022138 0.4014314115
-189.9 -260.4 1967.8 0 0 0 0 0 0 0 0 0
230.0 220.9 2243.3 0 0 0 0 0 0 0 0 0
-218.3 -898.2 2077.0 0 0 0 0 0 0 0 0 0
-33.0 -924.6 2275.5 0 0 0 0 0 0 0 0 0
-6.5 432.6 2199.3 5 0.5402002335 0.1658273935 -0.8250363469 -0.1495497078 0.9837046862 0.0997997150 0.8281416893 0.0694721267 0.5561969280
-39.6 236.2 2185.4 0.5402002335 0.1658273935 -0.8250363469 -0.1495497078 0.9837046862 0.0997997150 0.8281416893 0.0694721267 0.5561969280
-70.2 43.1 2174.3 0.5427523851 0.1563713104 -0.8252077699 -0.1339469552 0.9860559106 0.0987518951 0.8291429877 0.0569362380 0.5561296940
-117.0 255.3 2067.3 0.3468401134 0.2583241761 -0.9016488194 0.9312477708 0.0196515415 0.3638562560 0.1117116511 -0.9658583999 -0.2337478697
-206.5 15.0 2038.4 -0.0537405461 0.2527446747 -0.9660393596 0.9682131410 0.2498616427 0.0115097733 0.2442852259 -0.9347134829 -0.2581383884
37.7 217.1 2303.6 0.1139468178 0.2865857482 -0.9512543082 -0.9799858928 0.1897381395 -0.0602257736 0.1632293612 0.9390782714 0.3024700582
61.1 16.0 2337.1 0.6033558249 0.2865857482 0.7441977859 0.7256504893 0.1897381395 -0.6613855362 -0.3307463825 0.9390782714 -0.0934814811
-149.0 -137.4 2087.5 0.4645575285 0.0084186820 -0.8855029345 -0.0628048852 0.9977499843 -0.0234632138 0.8833130002 0.0665139258 0.4640409946
-152.3 -528.3 2061.4 0.4665957987 0.1718965173 -0.8676058650 -0.0513162427 0.9845412374 0.1674669087 0.8829807639 -0.0336170830 0.4682039022
-51.4 -161.6 2237.7 0.4066000283 -0.0863339677 -0.9095179439 0.0161414277 0.9960485101 -0.0873316601 0.9134636521 0.0208281372 0.4063869119
-17.5 -551.8 2229.6 0.4106917083 0.0450666286 -0.9106598496 0.0848739445 0.9925514460 0.0873959363 0.9078153968 -0.1131840721 0.4038076401
-191.3 -258.2 1969.5 0 0 0 0 0 0 0 0 0
231.1 220.4 2243.9 0 0 0 0 0 0 0 0 0
-217.0 -899.0 2074.1 0 0 0 0 0 0 0 0 0
-34.5 -925.6 2272.2 0 0 0 0 0 0 0 0 0
-6.3 431.9 2199.3 6 0.5406538248 0.1605333686 -0.8257859945 -0.1437407583 0.9848164916 0.0973398983 0.8288739324 0.0660719052 0.5555199981
-38.3 235.6 2186.1 0.5406538248 0.1605333686 -0.8257859945 -0.1437407583 0.9848164916 0.0973398983 0.8288739324 0.0660719052 0.5555199981
-68.1 42.3 2175.6 0.5430498719 0.1519957185 -0.8258293867 -0.1286240965 0.9869316220 0.0970661417 0.8297907114 0.0535098016 0.5555034280
-115.7 254.0 2067.9 0.3531199396 0.2594122291 -0.8988946676 0.9286364913 0.0196374040 0.3704708219 0.1137566194 -0.9655669928 -0.2339653075
-206.5 15.3 2038.6 -0.0487657338 0.2550728321 -0.9656913280 0.9675058722 0.2522238493 0.0177637730 0.2481014431 -0.9334457517 -0.2590843439
39.1 217.3 2304.4 0.1104294956 0.2866793573 -0.9516408443 -0.9823289514 0.1770630777 -0.0606507845 0.1511131227 0.9415219426 0.3011664152
61.9 14.1 2335.6 0.5959880948 0.2866793573 0.7500753999 0.7364882231 0.1770630777 -0.6528657675 -0.3199737966 0.9415219426 -0.1056084931
-149.9 -137.9 2088.2 0.4644581079 0.0076581333 -0.8855620027 -0.0687175691 0.9972593784 -0.0274168123 0.8829250336 0.0735876262 0.4637114406
-152.9 -528.6 2059.4 0.4736350477 0.1507585049 -0.8677221537 -0.0135507798 0.9863712192 0.1639761478 0.8806169629 -0.0659065396 0.4692228734
-51.8 -162.2 2238.1 0.4067502618 -0.0870172009 -0.9093856215 0.0150677953 0.9959567189 -0.0885614827 0.9134151340 0.0223199688 0.4064168334
-17.7 -552.3 2229.3 0.4112731516 0.0391101316 -0.9106727242 0.0957591385 0.9916967154 0.0858360529 0.9064682126 -0.1225072965 0.4041130841
-192.8 -257.5 1968.7 0 0 0 0 0 0 0 0 0
229.8 221.6 2245.5 0 0 0 0 0 0 0 0 0
-209.7 -899.8 2084.2 0 0 0 0 0 0 0 0 0
-32.4 -925.8 2275.5 0 0 0 0 0 0 0 0 0
-5.9 431.9 2199.3 7 0.5509157181 0.1575484127 -0.8195549846 -0.1429570764 0.9853198528 0.0933168381 0.8222257495 0.0657514706 0.5653508306
-37.3 235.4 2186.2 0.5509157181 0.1575484127 -0.8195549846 -0.1429570764 0.9853198528 0.0933168381 0.8222257495 0.0657514706 0.5653508306
-67.1 42.1 2175.8 0.5530481339 0.1520090252 -0.8191648126 -0.1293708831 0.9869574904 0.0958025903 0.8230437040 0.0529926382 0.5655004978
-116.1 253.8 2068.9 0.3518345654 0.2497104704 -0.9021403193 0.9288681149 0.0261204075 0.3694884777 0.1158294082 -0.9679681659 -0.2227580398
-206.5 15.2 2039.1 -0.0454360992 0.2457977533 -0.9682556391 0.9678089619 0.2510192692 0.0183076728 0.2475508004 -0.9362546802 -0.2492906004
41.5 217.0 2303.5 0.0983415321 0.2762520015 -0.9560406804 -0.9830596447 0.1762821972 -0.0501833111 0.1546697170 0.9447801113 0.2889080346
61.9 13.9 2335.4 0.6006001830 0.2762520015 0.7503094077 0.7357804179 0.1762821972 -0.6538744569 -0.3129003048 0.9447801113 -0.0973856822
-147.0 -139.4 2090.1 0.4749884009 0.0154341450 -0.8798567057 -0.0758769065 0.9968407750 -0.0234757159 0.8767147064 0.0779114962 0.4746589065
-153.0 -529.8 2059.6 0.4838098586 0.1627119184 -0.8599144220 -0.0262442380 0.9848204255 0.1715807766 0.8747795224 -0.0604446791 0.4807360768
-48.8 -162.6 2240.2 0.4187178314 -0.0783565417 -0.9047296047 0.0015486913 0.9963306785 -0.0855731517 0.9081150889 0.0344298594 0.4173027873
-18.1 -552.9 2226.7 0.4252774119 0.0380907357 -0.9042611718 0.1085805073 0.9897506237 0.0927576795 0.8985262513 -0.1376328766 0.4167826772
-193.7 -257.6 1969.3 0 0 0 0 0 0 0 0 0
231.0 221.1 2247.3 0 0 0 0 0 0 0 0 0
-214.3 -900.6 2082.4 0 0 0 0 0 0 0 0 0
-32.4 -925.6 2278.5 0 0 0 0 0 0 0 0 0
-5.3 433.7 2198.8 8 0.5543614626 0.1571470648 -0.8173054457 -0.1427511126 0.9854131341 0.0926447734 0.8199424148 0.0653125644 0.5687079430
-36.7 236.7 2185.7 0.5543614626 0.1571470648 -0.8173054457 -0.1427511126 0.9854131341 0.0926447734 0.8199424148 0.0653125644 0.5687079430
-66.3 43.4 2175.3 0.5564013124 0.1514206529 -0.8170002103 -0.1297115833 0.9870291352 0.0945959464 0.8207268119 0.0533410758 0.5688253641
-116.0 255.2 2068.8 0.3507321775 0.2441885322 -0.9040790200 0.9299650192 0.0228233021 0.3669389784 0.1102363542 -0.9694591761 -0.2190819234
-206.7 14.6 2040.2 -0.0414063558 0.2411303222 -0.9696090221 0.9674534202 0.2521434128 0.0213907864 0.2496384978 -0.9371658564 -0.2437226921
42.6 218.2 2302.7 0.0929873735 0.2701923251 -0.9583055377 -0.9826346636 0.1801200956 -0.0445635989 0.1605693400 0.9458080530 0.2822492421
61.9 13.9 2336.1 0.6028108001 0.2701923251 0.7507430911 0.7343308330 0.1801200956 -0.6544577479 -0.3120533824 0.9458080530 -0.0898322165
-146.8 -139.5 2091.0 0.4786545634 0.0262133628 -0.8776119351 -0.0693849847 0.9975575209 -0.0080469558 0.8752574325 0.0647448003 0.4793042839
-157.1 -530.2 2065.7 0.4814105332 0.1369562149 -0.8657290936 -0.0501237251 0.9904021621 0.1288066208 0.8750608563 -0.0186152980 0.4836547971
-46.8 -162.9 2239.8 0.4221710265 -0.0748180971 -0.9034234285 0.0027235840 0.9966884851 -0.0812692195 0.9065121412 0.0318489596 0.4209767580
-17.5 -553.3 2227.3 0.4296028018 0.0440647081 -0.9019421935 0.1118948683 0.9885134697 0.1015906632 0.8960585594 -0.1445663422 0.4197375476
-195.0 -258.0 1969.9 0 0 0 0 0 0 0 0 0
231.8 220.8 2248.2 0 0 0 0 0 0 0 0 0
-208.6 -902.7 2072.7 0 0 0 0 0 0 0 0 0
-34.1 -925.6 2281.8 0 0 0 0 0 0 0 0 0
-4.0 433.5 2199.0 9 0.5554752946 0.1618094295 -0.8156377673 -0.1464722008 0.9845869541 0.0955739990 0.8185310960 0.0663792640 0.5706142783
-36.3 236.8 2185.8 0.5554752946 0.1618094295 -0.8156377673 -0.1464722008 0.9845869541 0.0955739990 0.8185310960 0.0663792640 0.5706142783
-66.7 43.6 2174.9 0.5575119853 0.1549661309 -0.8155770302 -0.1337998807 0.9863522649 0.0959518850 0.8193155527 0.0556297749 0.5706377029
-115.8 255.9 2069.0 0.3439456224 0.2427394688 -0.9070716500 0.9324656129 0.0253788456 0.3603661358 0.1104955152 -0.9697594643 -0.2176172733
-208.2 5.3 2039.3 -0.0539975688 0.2366769910 -0.9700867534 0.9657667279 0.2592383921 0.0094906026 0.2537299395 -0.9363650084 -0.2425730079
43.2 217.7 2302.5 0.0852022395 0.2591790557 -0.9620638490 -0.9832883477 0.1777877063 -0.0391860902 0.1608868986 0.9493249059 0.2699956596
60.8 14.4 2335.8 0.6091738343 0.2591790557 0.7494888306 0.7326534390 0.1777877063 -0.6569706202 -0.3035229146 0.9493249059 -0.0815848187
-146.3 -138.2 2090.6 0.4801992774 0.0161351375 -0.8770110011 -0.0681929886 0.9974914789 -0.0189867187 0.8745046258 0.0689234138 0.4800949693
-152.6 -528.9 2063.6 0.4828141332 0.1701456606 -0.8590348959 -0.0533800423 0.9848377705 0.1650610864 0.8740944266 -0.0338385068 0.4845759869
-45.7 -161.6 2239.0 0.4237374067 -0.0689236671 -0.9031589627 0.0013150448 0.9971464872 -0.0754792467 0.9057841301 0.0307956859 0.4226189256
-18.7 -552.2 2227.0 0.4305499792 0.0344294645 -0.9019098282 0.1157685667 0.9889113903 0.0930157825 0.8951113820 -0.1444607526 0.4217899144
-192.9 -268.0 1967.5 0 0 0 0 0 0 0 0 0
232.4 220.8 2250.3 0 0 0 0 0 0 0 0 0
-216.6 -899.3 2076.4 0 0 0 0 0 0 0 0 0
-31.7 -924.7 2281.4 0 0 0 0 0 0 0 0 0
-2.5 434.7 2192.7 0 0.5709300637 0.1681190282 -0.8036012053 -0.1377502382 0.9845494032 0.1081080362 0.8093600869 0.0489741340 0.5852672458
-36.1 237.9 2182.9 0.5709300637 0.1681190282 -0.8036012053 -0.1377502382 0.9845494032 0.1081080362 0.8093600869 0.0489741340 0.5852672458
-67.6 44.8 2174.9 0.5727336407 0.1608157754 -0.8038124442 -0.1269444525 0.9861388206 0.1068424881 0.8098526001 0.0408472307 0.5852096081
-117.8 256.0 2067.5 0.3340950310 0.2304575592 -0.9139309525 0.9362608790 0.0305888653 0.3499712348 0.1086096317 -0.9726014733 -0.2055488080
-209.3 -0.5 2037.7 -0.0632006600 0.2217904180 -0.9730440378 0.9635755420 0.2674312890 -0.0016288224 0.2598611414 -0.9377043843 -0.2306136489
45.5 219.8 2298.3 0.0783570036 0.2470006198 -0.9658420682 -0.9814489484 0.1891598850 -0.0312481690 0.1749802530 0.9503732324 0.2572405040
62.0 12.9 2335.1 0.6053002477 0.2470006198 0.7567048669 0.7357590199 0.1891598850 -0.6502901316 -0.3037602603 0.9503732324 -0.0672344044
-147.4 -137.5 2089.9 0.4967205226 0.0080716740 -0.8678730130 -0.0676342323 0.9972758889 -0.0294347499 0.8652712703 0.0733187720 0.4959133267
-150.6 -528.1 2061.2 0.5017553568 0.1916604489 -0.8435092568 -0.0427472703 0.9794469476 0.1971200407 0.8639526963 -0.0628483146 0.4996356964
-46.6 -161.7 2238.0 0.4411466420 -0.0714371651 -0.8945872784 0.0125750741 0.9972209334 -0.0734318420 0.8973469138 0.0211447086 0.4408189952
-18.6 -552.3 2229.8 0.4456442893 0.0353683494 -0.8945111632 0.0955464914 0.9916324615 0.0868095905 0.8900966644 -0.1241536066 0.4385360479
-191.3 -274.2 1963.9 0 0 0 0 0 0 0 0 0
232.5 220.2 2249.6 0 0 0 0 0 0 0 0 0
-222.7 -896.5 2084.8 0 0 0 0 0 0 0 0 0
-31.9 -925.7 2276.5 0 0 0 0 0 0 0 0 0
-3.9 434.2 2189.5 1 0.5660153627 0.1688051522 -0.8069272041 -0.1304034740 0.9848215580 0.1145488545 0.8140156865 0.0403897017 0.5794368982
-37.7 237.3 2181.4 0.5660153627 0.1688051522 -0.8069272041 -0.1304034740 0.9848215580 0.1145488545 0.8140156865 0.0403897017 0.5794368982
-69.2 44.1 2175.0 0.5678092837 0.1607738882 -0.8073068857 -0.1196736768 0.9864440560 0.1122777909 0.8144144416 0.0328610130 0.5793524981
-118.6 254.4 2065.3 0.3358018994 0.2357614040 -0.9119504690 0.9365143180 0.0201298632 0.3500509560 0.1008859426 -0.9716024399 -0.2140342891
-207.5 6.3 2038.6 -0.0550461486 0.2292598486 -0.9718075395 0.9645997286 0.2636101544 0.0075505911 0.2579093575 -0.9369896650 -0.2356547266
43.2 220.3 2297.4 0.0942267179 0.2347281128 -0.9674833417 -0.9786788821 0.1999948472 -0.0467948988 0.1825076193 0.9512647986 0.2485682964
63.3 12.3 2336.2 0.6019644737 0.2347281128 0.7632440329 0.7384763956 0.1999948472 -0.6439368725 -0.3037949502 0.9512647986 -0.0529513732
-150.9 -136.9 2093.7 0.4914340079 0.0023135259 -0.8709117174 -0.0680118129 0.9970445633 -0.0357287973 0.8682551384 0.0767906308 0.4901389480
-151.8 -527.4 2063.6 0.4947592914 0.1911244541 -0.8477527499 -0.0513322428 0.9802400470 0.1910353452 0.8675127029 -0.0509994626 0.4947937131
-47.3 -159.8 2240.1 0.4362354577 -0.0772117898 -0.8965137601 0.0138167823 0.9967690706 -0.0791231096 0.8997264504 0.0221293699 0.4358928502
-17.1 -550.3 2231.4 0.4403932095 0.0476923473 -0.8965373635 0.0801434815 0.9925132394 0.0921656266 0.8942208290 -0.1124407426 0.4332738519
-192.0 -266.5 1965.7 0 0 0 0 0 0 0 0 0
232.9 220.3 2250.6 0 0 0 0 0 0 0 0 0
-223.7 -896.4 2082.8 0 0 0 0 0 0 0 0 0
-35.0 -924.0 2273.7 0 0 0 0 0 0 0 0 0
-4.4 433.8 2187.9 2 0.5696474314 0.1673279107 -0.8046758175 -0.1271606535 0.9852105379 0.1148493290 0.8119925857 0.0368994772 0.5825001597
-37.8 237.1 2180.5 0.5696474314 0.1673279107 -0.8046758175 -0.1271606535 0.9852105379 0.1148493290 0.8119925857 0.0368994772 0.5825001597
-69.5 43.9 2175.0 0.5712988377 0.1621624529 -0.8045626283 -0.1172790676 0.9863564968 0.1155268699 0.8123196959 0.0283579826 0.5825225711
-119.2 253.8 2064.7 0.3310894668 0.2324187756 -0.9145278931 0.9385646582 0.0188699700 0.3445872068 0.0973456502 -0.9724327326 -0.2118923962
-208.4 1.0 2038.5 -0.0620830394 0.2239839286 -0.9726134539 0.9610475898 0.2763732970 0.0023014457 0.2693198621 -0.9345849156 -0.2324173003
43.6 220.4 2296.3 0.0964648053 0.2255271226 -0.9694493413 -0.9796623588 0.1936838925 -0.0524235442 0.1759437919 0.9547900558 0.2396241128
64.2 11.5 2333.8 0.6009547114 0.2255271226 0.7668057084 0.7437154055 0.1936838925 -0.6398233771 -0.2928154469 0.9547900558 -0.0513327532
-152.0 -138.2 2094.9 0.4952231944 -0.0008427129 -0.8687653542 -0.0701016113 0.9966999292 -0.0409269035 0.8659328818 0.0811698064 0.4935298562
-151.6 -528.6 2063.1 0.5011370182 0.1977699697 -0.8424658775 -0.0419074968 0.9779389501 0.2046439797 0.8643525839 -0.0672490373 0.4983694851
-49.3 -159.9 2242.1 0.4405334294 -0.0777890608 -0.8943596482 0.0133732576 0.9966968894 -0.0801028386 0.8976365924 0.0233274791 0.4401186109
-18.8 -550.3 2233.0 0.4433649778 0.0331716910 -0.8957271576 0.0738873035 0.9945614338 0.0734044090 0.8932906389 -0.0987278074 0.4385027587
-190.8 -271.1 1962.3 0 0 0 0 0 0 0 0 0
233.5 221.0 2251.3 0 0 0 0 0 0 0 0 0
-226.1 -896.8 2088.4 0 0 0 0 0 0 0 0 0
-31.3 -924.8 2270.2 0 0 0 0 0 0 0 0 0
-5.0 432.6 2187.1 3 0.5767713785 0.1634304672 -0.8003907204 -0.1259913445 0.9858568907 0.1105095893 0.8071313500 0.0371035375 0.5892048478
-37.6 235.8 2179.7 0.5767713785 0.1634304672 -0.8003907204 -0.1259913445 0.9858568907 0.1105095893 0.8071313500 0.0371035375 0.5892048478
-68.0 42.4 2173.8 0.5784931183 0.1551859081 -0.8007889986 -0.1153279543 0.9874341488 0.1080427319 0.8074931502 0.0298513789 0.5891211629
-120.1 252.3 2064.6 0.3292223215 0.2225423157 -0.9176533222 0.9397840500 0.0172083564 0.3413353264 0.0917528644 -0.9747711420 -0.2034763545
-208.9 -1.4 2039.8 -0.0763245150 0.2095937431 -0.9748051167 0.9557394981 0.2939845920 -0.0116218310 0.2841418386 -0.9325467944 -0.2227552533
44.8 219.4 2294.7 0.0780126899 0.2242783159 -0.9713975787 -0.9754822850 0.2182973474 -0.0279397797 0.2057872266 0.9497607350 0.2358094752
61.9 5.7 2339.8 0.6076025367 0.2242783159 0.7619175911 0.7306435108 0.2182973474 -0.6469206214 -0.3114148676 0.9497607350 -0.0312294867
-152.9 -138.7 2096.0 0.5025162697 -0.0019194679 -0.8645656109 -0.0726154670 0.9963703752 -0.0444187857 0.8615128398 0.0851019993 0.5005529523
-152.2 -529.0 2062.6 0.5077874064 0.1867156029 -0.8410049081 -0.0459345654 0.9807094336 0.1899974197 0.8602569103 -0.0578471050 0.5065686107
-49.7 -159.9 2242.8 0.4482525587 -0.0814805850 -0.8901856542 0.0045450558 0.9960319400 -0.0888802633 0.8938953876 0.0357948616 0.4468442202
-17.7 -550.0 2228.8 0.4540113509 0.0421541519 -0.8899981380 0.0955711454 0.9908133149 0.0956825316 0.8858554363 -0.1284991056 0.4458117485
-187.2 -272.9 1959.1 0 0 0 0 0 0 0 0 0
233.1 211.4 2252.1 0 0 0 0 0 0 0 0 0
-222.5 -898.2 2084.4 0 0 0 0 0 0 0 0 0
-33.6 -923.0 2277.2 0 0 0 0 0 0 0 0 0
-4.5 433.3 2186.7 4 0.5836361647 0.1633309722 -0.7954192758 -0.1276533157 0.9858369827 0.1087660715 0.8019186258 0.0380580910 0.5962198377
-37.0 237.0 2179.1 0.5836361647 0.1633309722 -0.7954192758 -0.1276533157 0.9858369827 0.1087660715 0.8019186258 0.0380580910 0.5962198377
-67.8 43.6 2173.1 0.5851492286 0.1573882848 -0.7955057025 -0.1183458045 0.9870560169 0.1082344279 0.8022435308 0.0308114737 0.5962013006
-120.4 253.8 2064.8 0.3191365898 0.2113597542 -0.9238392115 0.9443770051 0.0107437391 0.3286893070 0.0793971792 -0.9773492813 -0.1961745769
-207.2 -3.2 2043.2 -0.0803930312 0.1962644309 -0.9772498012 0.9502364397 0.3111345172 -0.0156845693 0.3009778261 -0.9298793077 -0.2115106732
46.4 220.1 2293.4 0.0712221265 0.2146015018 -0.9741014242 -0.9711430073 0.2377695888 -0.0186234787 0.2276150733 0.9473181963 0.2253432125
62.8 -3.1 2345.7 0.6009253263 0.2146015018 0.7699577808 0.7324652076 0.2377695888 -0.6379344463 -0.3199742436 0.9473181963 -0.0143063627
-150.7 -140.5 2095.0 0.5097216368 -0.0010283199 -0.8603387475 -0.0742007196 0.9962206483 -0.0451521501 0.8571336865 0.0868527815 0.5077189207
-150.3 -530.8 2061.0 0.5159212947 0.1922481656 -0.8347849250 -0.0439058430 0.9791455865 0.1983588636 0.8555100560 -0.0656856224 0.5136028528
-46.1 -161.4 2241.0 0.4551140964 -0.0792556927 -0.8868989348 0.0113338903 0.9964658618 -0.0832308754 0.8903610110 0.0278275292 0.4544039369
-15.1 -551.7 2230.1 0.4589229226 0.0611794665 -0.8863672018 0.0631252825 0.9928600192 0.1012134552 0.8862307668 -0.1024013534 0.4517842531
-184.3 -274.7 1957.2 0 0 0 0 0 0 0 0 0
232.1 203.2 2255.6 0 0 0 0 0 0 0 0 0
-222.7 -899.5 2085.7 0 0 0 0 0 0 0 0 0
-38.1 -925.3 2268.6 0 0 0 0 0 0 0 0 0
-3.7 431.6 2180.0 5 0.6085529923 0.1640453190 -0.7763713002 -0.1193392798 0.9861900210 0.1148362681 0.7844880223 0.0227676388 0.6197259426
-36.4 235.3 2175.4 0.6085529923 0.1640453190 -0.7763713002 -0.1193392798 0.9861900210 0.1148362681 0.7844880223 0.0227676388 0.6197259426
-67.4 42.0 2172.2 0.6099064946 0.1586223245 -0.7764360905 -0.1110613495 0.9872025251 0.1144399568 0.7846524715 0.0164343715 0.6197180748
-123.3 251.2 2063.7 0.3105803132 0.1888726354 -0.9315937757 0.9467781782 0.0257217567 0.3208574355 0.0845634192 -0.9816646576 -0.1708318144
-204.4 3.8 2041.6 -0.0656503662 0.1777431071 -0.9818845987 0.9554421902 0.2949921787 -0.0104821883 0.2877851427 -0.9388221502 -0.1891896129
50.5 219.5 2287.2 0.0573960133 0.1961161345 -0.9788994789 -0.9618834853 0.2734549344 -0.0016133946 0.2673684657 0.9416798353 0.2043360919
64.0 -6.7 2350.1 0.5962185860 0.1961161345 0.7784997821 0.7291678786 0.2734549344 -0.6273249984 -0.3359131515 0.9416798353 0.0200373288
-151.5 -139.0 2094.5 0.5362421870 0.0006174027 -0.8440639377 -0.0704528615 0.9965428710 -0.0440304652 0.8411187530 0.0830777064 0.5344318151
-151.8 -529.4 2062.0 0.5385686159 0.1761944145 -0.8239535093 -0.0577263124 0.9833096862 0.1725389808 0.8406018615 -0.0453602821 0.5397508144
-45.7 -160.4 2239.5 0.4827078581 -0.0867177621 -0.8714775443 0.0198780671 0.9959142208 -0.0880896449 0.8755558133 0.0251982752 0.4824593961
-11.8 -550.5 2229.7 0.4850922525 0.0843632072 -0.8703840375 0.0459483229 0.9915014505 0.1217111200 0.8732549548 -0.0990338102 0.4770933092
-185.8 -267.3 1959.9 0 0 0 0 0 0 0 0 0
231.9 198.7 2255.5 0 0 0 0 0 0 0 0 0
-218.1 -899.6 2079.0 0 0 0 0 0 0 0 0 0
-43.5 -923.7 2266.9 0 0 0 0 0 0 0 0 0
-2.7 430.1 2177.6 6 0.6017858386 0.1646189541 -0.7815077901 -0.1160910577 0.9861642122 0.1183345318 0.7901750803 0.0195140205 0.6125704646
-35.5 234.1 2173.7 0.6017858386 0.1646189541 -0.7815077901 -0.1160910577 0.9861642122 0.1183345318 0.7901750803 0.0195140205 0.6125704646
-66.5 40.8 2171.0 0.6031014323 0.1586657017 -0.7817249298 -0.1080604941 0.9872344136 0.1170089394 0.7903110981 0.0139053278 0.6125479937
-121.4 249.5 2061.1 0.3059340715 0.1970523000 -0.9314368963 0.9485327005 0.0209648442 0.3159844875 0.0817928985 -0.9801688194 -0.1804966778
-201.2 2.1 2039.8 -0.0545644499 0.1893484443 -0.9803926945 0.9559415579 0.2935363650 0.0034886301 0.2884414792 -0.9370077848 -0.1970226914
50.5 218.7 2286.4 0.0554157831 0.2015880942 -0.9779015183 -0.9604863524 0.2783115506 0.0029432324 0.2727546096 0.9390979409 0.2090454698
63.6 -8.7 2350.9 0.5940393806 0.2015880942 0.7787678838 0.7275783420 0.2783115506 -0.6270346642 -0.3431428373 0.9390979409 0.0186568927
-153.5 -141.3 2098.1 0.5290071964 -0.0087681348 -0.8485720158 -0.0777853429 0.9952360988 -0.0587756447 0.8450448513 0.0970992073 0.5258049965
-150.1 -531.1 2060.1 0.5338084102 0.1824196726 -0.8256946206 -0.0528883375 0.9817445278 0.1827034652 0.8439498544 -0.0538590327 0.5337113738
-43.3 -161.4 2239.9 0.4762837887 -0.0816752017 -0.8754900694 0.0098405620 0.9961093664 -0.0875744224 0.8792365193 0.0330949612 0.4752344787
-11.3 -551.6 2226.9 0.4814071953 0.0796221122 -0.8728730679 0.0645302460 0.9899430871 0.1258907914 0.8741183877 -0.1169314459 0.4714277089
-185.8 -268.2 1958.3 0 0 0 0 0 0 0 0 0
230.9 196.2 2254.3 0 0 0 0 0 0 0 0 0
-218.8 -900.8 2080.4 0 0 0 0 0 0 0 0 0
-41.3 -924.3 2271.0 0 0 0 0 0 0 0 0 0
-0.9 430.9 2175.5 7 0.6159103513 0.1608463228 -0.7712216973 -0.1107879803 0.9868916273 0.1173494309 0.7799874544 0.0131653557 0.6256566644
-33.0 234.2 2172.8 0.6159103513 0.1608463228 -0.7712216973 -0.1107879803 0.9868916273 0.1173494309 0.7799874544 0.0131653557 0.6256566644
-63.3 40.7 2171.1 0.6170166135 0.1548684686 -0.7715609074 -0.1038685739 0.9878937006 0.1152273789 0.7800652981 0.0090437308 0.6256327629
-120.9 249.0 2061.7 0.3078555465 0.1823195368 -0.9338011146 0.9478403926 0.0264417604 0.3176466227 0.0826045275 -0.9828837514 -0.1646695733
-201.0 2.6 2040.2 -0.0607161187 0.1723505706 -0.9831626415 0.9559246898 0.2935140431 -0.0075803585 0.2872655690 -0.9402897358 -0.1825751960
54.9 219.4 2284.0 0.0449188277 0.1947581470 -0.9798222184 -0.9596766829 0.2808569968 0.0118303439 0.2774939835 0.9397811294 0.1995206177
65.3 -1.6 2347.9 0.6319609880 0.1947581470 0.7501296997 0.6968209147 0.2808569968 -0.6599696279 -0.3392136395 0.9397811294 0.0417791232
-152.1 -142.8 2096.9 0.5437606573 -0.0040837624 -0.8392304182 -0.0750740096 0.9957423806 -0.0534878932 0.8358757496 0.0920890048 0.5411389470
-150.5 -532.9 2060.8 0.5481047034 0.1826530397 -0.8162224293 -0.0525243208 0.9814547896 0.1843576580 0.8347588778 -0.0581757724 0.5475336909
-43.1 -162.4 2239.7 0.4917583466 -0.0807880238 -0.8669757843 0.0078155315 0.9960559011 -0.0883831307 0.8706966639 0.0366872624 0.4904502034
-11.4 -552.5 2225.4 0.4975261688 0.0749563649 -0.8642044067 0.0708242133 0.9894233942 0.1265909821 0.8645528555 -0.1241889223 0.4869553149
-183.8 -267.2 1959.1 0 0 0 0 0 0 0 0 0
243.1 194.5 2252.4 0 0 0 0 0 0 0 0 0
-219.3 -902.5 2082.7 0 0 0 0 0 0 0 0 0
-39.6 -925.1 2272.1 0 0 0 0 0 0 0 0 0
-0.4 429.8 2168.9 8 0.6364039183 0.1583854705 -0.7549199462 -0.1052044481 0.9873691201 0.1184660792 0.7641479373 0.0040286602 0.6450284123
-32.0 233.2 2168.1 0.6364039183 0.1583854705 -0.7549199462 -0.1052044481 0.9873691201 0.1184660792 0.7641479373 0.0040286602 0.6450284123
-61.6 39.6 2167.5 0.6372721195 0.1514544636 -0.7556095123 -0.0996677205 0.9884607792 0.1140686274 0.7641665936 0.0026171231 0.6450136304
-122.7 247.4 2059.2 0.2917373478 0.1590856314 -0.9431760311 0.9533420205 0.0316809639 0.3002254665 0.0776422843 -0.9867563248 -0.1424204856
-198.2 0.8 2039.1 -0.0580043234 0.1492541879 -0.9870960712 0.9586905241 0.2841367722 -0.0133721447 0.2784744501 -0.9470952749 -0.1595697254
58.8 219.0 2276.9 0.0406694040 0.1679440141 -0.9849572778 -0.9538317919 0.3001098931 0.0117871994 0.2975749969 0.9390041828 0.1723956317
68.1 1.6 2344.8 0.6482630372 0.1679440141 0.7426640391 0.6839829683 0.3001098931 -0.6649070382 -0.3345479667 0.9390041828 0.0796792954
-149.4 -143.4 2098.8 0.5653935075 0.0022130527 -0.8248183727 -0.0838702843 0.9949675202 -0.0548215210 0.8205461502 0.1001734808 0.5627337694
-150.3 -533.1 2059.5 0.5726394653 0.1804370433 -0.7997040153 -0.0467404090 0.9810770750 0.1878910661 0.8184738159 -0.0702153519 0.5702371597
-37.9 -162.2 2239.8 0.5149486661 -0.0675794035 -0.8545530438 -0.0009350367 0.9968427420 -0.0793953463 0.8572204709 0.0416835696 0.5132597089
-11.4 -552.6 2223.4 0.5225402713 0.0728414580 -0.8494973779 0.0791241899 0.9879013896 0.1333797574 0.8489352465 -0.1369120926 0.5104547739
-181.9 -269.5 1960.6 0 0 0 0 0 0 0 0 0
250.6 194.2 2250.6 0 0 0 0 0 0 0 0 0
-218.2 -902.6 2086.0 0 0 0 0 0 0 0 0 0
-38.8 -924.6 2275.0 0 0 0 0 0 0 0 0 0
1.8 430.5 2165.1 9 0.6470477581 0.1620942950 -0.7450199127 -0.1038662866 0.9867702127 0.1244844198 0.7553416491 -0.0031649116 0.6553235650
-30.5 234.0 2165.7 0.6470477581 0.1620942950 -0.7450199127 -0.1038662866 0.9867702127 0.1244844198 0.7553416491 -0.0031649116 0.6553235650
-61.1 40.6 2166.8 0.6479539275 0.1561815590 -0.7454951406 -0.0982443690 0.9877129793 0.1215363145 0.7553169727 -0.0055092359 0.6553364992
-122.8 248.0 2058.1 0.2834090889 0.1491548717 -0.9473289251 0.9555589557 0.0396753848 0.2921180427 0.0811564699 -0.9880175591 -0.1312819123
-196.7 -1.3 2036.9 -0.0520779453 0.1409802735 -0.9886417389 0.9635673165 0.2671661675 -0.0126592349 0.2623469234 -0.9532821178 -0.1497574449
61.8 220.0 2273.3 0.0317405015 0.1597050726 -0.9866543412 -0.9537919760 0.2999361455 0.0178659204 0.2987865806 0.9404959083 0.1618455499
69.1 3.0 2341.3 0.6577245593 0.1597050726 0.7361336350 0.6781207323 0.2999361455 -0.6709623933 -0.3279491663 0.9404959083 0.0889760330
-148.8 -144.9 2098.0 0.5769469142 0.0079750456 -0.8167427182 -0.0867345184 0.9948965907 -0.0515546277 0.8121634126 0.1005840674 0.5746942163
-151.9 -534.6 2058.6 0.5856965780 0.1647397727 -0.7936121821 -0.0387124047 0.9836952686 0.1756273657 0.8096053600 -0.0721417144 0.5825244188
-33.7 -163.0 2236.1 0.5274654031 -0.0562636778 -0.8477114439 0.0019246462 0.9978812337 -0.0650330782 0.8495743275 0.0326711535 0.5264561176
-11.6 -553.8 2223.3 0.5345365405 0.0659933165 -0.8425648808 0.0819581673 0.9882001877 0.1293956637 0.8411620259 -0.1382217854 0.5228204131
-182.1 -272.8 1963.0 0 0 0 0 0 0 0 0 0
254.3 194.0 2248.9 0 0 0 0 0 0 0 0 0
-214.0 -905.1 2085.7 0 0 0 0 0 0 0 0 0
-36.5 -926.0 2275.3 0 0 0 0 0 0 0 0 0
5.2 430.5 2163.7 0 0.6499422789 0.1665919572 -0.7414999604 -0.1053223088 0.9860084057 0.1292078942 0.7526501417 -0.0058811898 0.6583943963
-28.0 234.2 2164.8 0.6499422789 0.1665919572 -0.7414999604 -0.1053223088 0.9860084057 0.1292078942 0.7526501417 -0.0058811898 0.6583943963
-59.1 40.8 2166.3 0.6509116292 0.1593048126 -0.7422506809 -0.0994531438 0.9872022867 0.1246625632 0.7526108623 -0.0073251487 0.6584247947
-120.7 248.3 2057.6 0.2829924822 0.1444945335 -0.9481753707 0.9560613036 0.0364182033 0.2908959687 0.0765637234 -0.9888352156 -0.1278395653
-194.9 -2.4 2037.5 -0.0481032208 0.1371213049 -0.9893856049 0.9643658996 0.2643736601 -0.0102466056 0.2601624429 -0.9546226263 -0.1449523419
64.8 220.0 2272.1 0.0238763392 0.1772757620 -0.9838715792 -0.9533265233 0.3003474772 0.0309820697 0.3009957075 0.9372111559 0.1761728823
70.2 3.4 2340.5 0.6514975429 0.1772757620 0.7376477718 0.6779488921 0.3003474772 -0.6709520817 -0.3404941857 0.9372111559 0.0754917338
-150.2 -144.0 2099.6 0.5801841021 -0.0044054575 -0.8144734502 -0.0890635923 0.9936456680 -0.0688183755 0.8096011877 0.1124672592 0.5761049986
-148.4 -533.2 2055.6 0.5926113129 0.1932870299 -0.7819539309 -0.0315960944 0.9756131172 0.2172112167 0.8048686385 -0.1040151268 0.5842664838
-33.1 -161.8 2236.1 0.5313198566 -0.0558132492 -0.8453307748 -0.0018440216 0.9977488518 -0.0670357421 0.8471692801 0.0371762253 0.5300208330
-11.2 -552.6 2221.6 0.5392670631 0.0705708936 -0.8391726613 0.0823485181 0.9872879982 0.1359453797 0.8380988836 -0.1424154937 0.5266004801
-181.4 -274.2 1964.2 0 0 0 0 0 0 0 0 0
253.7 194.4 2244.6 0 0 0 0 0 0 0 0 0
-221.2 -900.3 2094.7 0 0 0 0 0 0 0 0 0
-37.8 -924.4 2275.2 0 0 0 0 0 0 0 0 0
9.0 430.1 2163.0 1 0.6575582027 0.1732702255 -0.7332084179 -0.1123620942 0.9848645329 0.1319721341 0.7449778318 -0.0043945243 0.6670747995
-25.5 234.0 2163.9 0.6575582027 0.1732702255 -0.7332084179 -0.1123620942 0.9848645329 0.1319721341 0.7449778318 -0.0043945243 0.6670747995
-58.5 40.9 2165.1 0.6583334208 0.1685781330 -0.7336065173 -0.1078934968 0.9856686592 0.1296775341 0.7449537516 -0.0062196888 0.6670871377
-119.3 249.3 2057.7 0.2797906101 0.1354930103 -0.9504519105 0.9566608667 0.0438986719 0.2878764272 0.0807288215 -0.9898052812 -0.1173384190
-193.3 -3.6 2036.3 -0.0435415320 0.1292352229 -0.9906575680 0.9675632715 0.2524466813 -0.0095938137 0.2488483638 -0.9589415789 -0.1360351592
68.3 218.6 2270.0 0.0078110597 0.1871258914 -0.9823048711 -0.9500951171 0.3077516854 0.0510707572 0.3118626475 0.9328841567 0.1801912487
70.0 4.6 2340.2 0.6600136161 0.1871258914 0.7275754213 0.6639846563 0.3077516854 -0.6814787388 -0.3514348567 0.9328841567 0.0788715780
-149.2 -143.6 2099.7 0.5883857608 0.0000326360 -0.8085803390 -0.0860784650 0.9943199158 -0.0625972301 0.8039855361 0.1064326763 0.5850464702
-149.2 -533.0 2058.0 0.5958517790 0.1861018836 -0.7812341452 -0.0490664169 0.9793986678 0.1958844513 0.8015941381 -0.0783857405 0.5927078128
-31.5 -161.5 2235.7 0.5400913358 -0.0514075533 -0.8400349021 0.0038857691 0.9982743859 -0.0585930124 0.8415974379 0.0283813961 0.5393590927
-11.4 -552.6 2224.6 0.5451812744 0.0658146441 -0.8357306719 0.0650338978 0.9905888438 0.1204341501 0.8357918262 -0.1200092733 0.5357702971
-181.0 -276.2 1966.2 0 0 0 0 0 0 0 0 0
255.9 191.6 2241.3 0 0 0 0 0 0 0 0 0
-219.2 -901.6 2087.5 0 0 0 0 0 0 0 0 0
-36.1 -925.6 2269.8 0 0 0 0 0 0 0 0 0
14.6 429.3 2155.1 2 0.6937508583 0.1878474653 -0.6952863336 -0.1178927496 0.9819846749 0.1476731747 0.7105005980 -0.0204791725 0.7033985853
-23.0 232.9 2159.2 0.6937508583 0.1878474653 -0.6952863336 -0.1178927496 0.9819846749 0.1476731747 0.7105005980 -0.0204791725 0.7033985853
-57.6 40.2 2162.8 0.6948817372 0.1769967526 -0.6970018148 -0.1117986813 0.9840418696 0.1384291351 0.7103804946 -0.0182680003 0.7035807371
-121.9 248.9 2058.1 0.2709965110 0.0913337767 -0.9582374692 0.9588050842 0.0624681190 0.2771111429 0.0851688981 -0.9938590527 -0.0706426427
-192.5 -1.1 2035.9 -0.0422832258 0.0850139186 -0.9954821467 0.9693924785 0.2446771860 -0.0202796943 0.2418477088 -0.9658704400 -0.0927575976
75.9 217.0 2260.3 -0.0292754956 0.1605813652 -0.9865883589 -0.9387696385 0.3345687389 0.0823123902 0.3432994485 0.9285889268 0.1409542412
69.3 5.0 2337.8 0.6674745679 0.1605813652 0.7271116376 0.6562497020 0.3345687389 -0.6763136387 -0.3518721759 0.9285889268 0.1179346591
-151.0 -142.4 2099.0 0.6283394694 -0.0066272398 -0.7779110670 -0.0728506520 0.9950681925 -0.0673206672 0.7745206952 0.0989715606 0.6247577667
-148.4 -532.1 2060.2 0.6271071434 0.1908886135 -0.7551808953 -0.0792481303 0.9801115990 0.1819366366 0.7748911977 -0.0542470887 0.6297625303
-32.0 -161.9 2233.6 0.5826697350 -0.0505871698 -0.8111331463 0.0043224716 0.9982396960 -0.0591512583 0.8126975298 0.0309595484 0.5818626881
-12.2 -552.9 2221.5 0.5886771083 0.0523038469 -0.8066743612 0.0830474347 0.9887113571 0.1247114539 0.8040910363 -0.1404070258 0.5776880383
-180.6 -274.2 1967.8 0 0 0 0 0 0 0 0 0
257.3 189.9 2238.7 0 0 0 0 0 0 0 0 0
-220.3 -901.0 2080.6 0 0 0 0 0 0 0 0 0
-31.9 -925.1 2274.4 0 0 0 0 0 0 0 0 0
18.9 428.2 2145.7 3 0.7156028748 0.1995371729 -0.6694008112 -0.1146871150 0.9788883924 0.1691874266 0.6890278459 -0.0442993604 0.7233797312
-20.9 232.9 2154.5 0.7156028748 0.1995371729 -0.6694008112 -0.1146871150 0.9788883924 0.1691874266 0.6890278459 -0.0442993604 0.7233797312
-57.5 40.8 2162.3 0.7166485786 0.1876668781 -0.6717112064 -0.1093930230 0.9814428091 0.1574902236 0.6888018250 -0.0393846221 0.7238790393
-122.9 248.6 2056.5 0.2706743479 0.0638194308 -0.9605532289 0.9595481753 0.0624181516 0.2745382190 0.0774768293 -0.9960075617 -0.0443428308
-193.2 -0.8 2036.3 -0.0456480384 0.0562793277 -0.9973710179 0.9683430195 0.2477729321 -0.0303382240 0.2454141229 -0.9671820998 -0.0658080429
81.2 217.3 2252.6 -0.0515961833 0.1330476105 -0.9897657037 -0.9298515916 0.3551329672 0.0962110385 0.3642990887 0.9252993464 0.1053910255
69.4 4.8 2335.8 0.6707873344 0.1330476105 0.7296181917 0.6550157070 0.3551329672 -0.6669595242 -0.3478488326 0.9252993464 0.1510704309
-154.9 -142.4 2102.3 0.6527521014 -0.0208680797 -0.7572841048 -0.0739787295 0.9930870533 -0.0911330208 0.7539508343 0.1155101880 0.6466958523
-146.7 -531.3 2057.1 0.6532055736 0.1998189688 -0.7303388715 -0.0717709288 0.9765470028 0.2029899359 0.7537714839 -0.0801770538 0.6522271037
-29.5 -162.6 2230.6 0.6092841029 -0.0428575650 -0.7917929292 0.0083098318 0.9988285899 -0.0476694219 0.7929084301 0.0224645566 0.6089265347
-12.7 -553.9 2221.8 0.6141719222 0.0458542928 -0.7878389359 0.0796831250 0.9896053076 0.1197158247 0.7851391435 -0.1363035738 0.6041340232
-180.4 -273.6 1967.2 0 0 0 0 0 0 0 0 0
258.3 189.3 2237.8 0 0 0 0 0 0 0 0 0
-221.9 -898.8 2087.3 0 0 0 0 0 0 0 0 0
-29.9 -926.5 2273.1 0 0 0 0 0 0 0 0 0
24.4 426.0 2141.0 4 0.7075218558 0.2055188417 -0.6761470437 -0.1109192967 0.9772148728 0.1809639633 0.6979324818 -0.0530381985 0.7141969204
-16.6 231.1 2151.6 0.7075218558 0.2055188417 -0.6761470437 -0.1109192967 0.9772148728 0.1809639633 0.6979324818 -0.0530381985 0.7141969204
-55.3 39.4 2161.4 0.7082675099 0.1978624761 -0.6776485443 -0.1073032469 0.9789384007 0.1736826003 0.6977414489 -0.0502998605 0.7145815492
-117.4 246.4 2052.2 0.2800687551 0.0741286725 -0.9571135640 0.9577692151 0.0460476950 0.2838270068 0.0651125908 -0.9961850047 -0.0581016392
-190.6 -3.7 2035.2 -0.0445414633 0.0667201653 -0.9967770576 0.9703884721 0.2400022000 -0.0272975136 0.2374073863 -0.9684768319 -0.0754345283
84.3 215.7 2250.9 -0.0697262883 0.1307242215 -0.9889637828 -0.9333689213 0.3413468003 0.1109268591 0.3520804644 0.9308026433 0.0982130915
68.5 3.9 2330.9 0.6750081182 0.1307242215 0.7261372209 0.6569973230 0.3413468003 -0.6721881628 -0.3357358873 0.9308026433 0.1445263922
-158.9 -141.5 2107.9 0.6443569660 -0.0321132243 -0.7640503049 -0.0841981545 0.9900642633 -0.1126206219 0.7600755095 0.1368995011 0.6352509260
-146.3 -529.2 2054.3 0.6511085033 0.1926282346 -0.7341335416 -0.0518259555 0.9762836099 0.2102008164 0.7572131753 -0.0988163725 0.6456497312
