257.2 382.7 1960.3 1 0.7881803513 0.3553525805 -0.5024901032 -0.1336362958 0.8958040476 0.4238825440 0.6007604003 -0.2669449747 0.7535431385
187.1 206.1 2012.9 0.7881803513 0.3553525805 -0.5024901032 -0.1336362958 0.8958040476 0.4238825440 0.6007604003 -0.2669449747 0.7535431385
122.2 30.4 2063.7 0.7933511138 0.3339529335 -0.5089886785 -0.1201236770 0.9055399895 0.4068999887 0.5967950225 -0.2616729438 0.7585268021
79.1 222.4 1931.7 0.7593398690 -0.4635674655 -0.4566269517 0.5223262906 0.8527408242 0.0028914292 0.3880440593 -0.2407038510 0.8896535635
-75.4 116.1 1852.7 -0.8355321884 -0.4635674655 -0.2949427068 -0.3302671313 0.8527408242 -0.4046687186 0.4391009212 -0.2407038510 -0.8655934334
295.1 189.8 2094.1 0.1585582197 0.9018231630 0.4019629657 -0.5162007809 -0.2713262439 0.8123538494 0.8416626453 -0.3362989724 0.4225008190
330.5 74.6 2281.9 -0.4212321043 0.9018231630 0.0963247791 -0.7255150080 -0.2713262439 -0.6324634552 -0.5442347527 -0.3362989724 0.7685775757
-19.6 -131.4 2060.4 0.7218465805 -0.0053597866 -0.6920323968 0.0056530316 0.9999822974 -0.0018482814 0.6920300722 -0.0025779055 0.7218641043
-17.5 -519.7 2061.4 0.7224090695 0.0769001991 -0.6871764660 0.0126772020 0.9921565652 0.1243569404 0.6913497448 -0.0985480547 0.7157679796
127.5 -158.9 2158.0 0.9379729629 0.0383551940 0.3445803225 -0.0102303624 0.9964910746 -0.0830715001 -0.3465574384 0.0743936375 0.9350740910
112.6 -545.5 2129.1 0.9373190403 -0.0508269779 0.3447457850 0.0045540077 0.9910079241 0.1337257326 -0.3484426737 -0.1237736940 0.9291220307
160.8 209.4 1728.6 0 0 0 0 0 0 0 0 0
223.8 -109.2 2144.1 0 0 0 0 0 0 0 0 0
-46.2 -889.7 2098.2 0 0 0 0 0 0 0 0 0
131.6 -915.3 2175.3 0 0 0 0 0 0 0 0 0
261.7 379.6 1954.6 2 0.7814710736 0.3566808105 -0.5119391680 -0.1200403199 0.8911116123 0.4376190603 0.6122852564 -0.2805333138 0.7391940355
191.4 204.0 2009.9 0.7814710736 0.3566808105 -0.5119391680 -0.1200403199 0.8911116123 0.4376190603 0.6122852564 -0.2805333138 0.7391940355
125.6 29.5 2063.7 0.7859739661 0.3387647569 -0.5171879530 -0.1084491387 0.8990947604 0.4241077304 0.6086737514 -0.2772490382 0.7434037924
84.2 218.7 1926.9 0.7811130285 -0.4365120232 -0.4464523196 0.4979239404 0.8669003844 0.0235690009 0.3767415285 -0.2407093495 0.8944969773
-74.7 117.4 1850.3 -0.8465803266 -0.4365120232 -0.3045636415 -0.3051985800 0.8669003844 -0.3941288888 0.4360683560 -0.2407093495 -0.8671236634
298.6 189.3 2092.9 0.1481464058 0.9053017497 0.3980972469 -0.4974322915 -0.2797018886 0.8211747408 0.8547594547 -0.3196805120 0.4088894725
331.7 78.1 2283.8 -0.4159940779 0.9053017497 0.0858935043 -0.7359926701 -0.2797018886 -0.6165075898 -0.5341008306 -0.3196805120 0.7826498151
-13.5 -134.7 2061.2 0.7134888768 0.0104191499 -0.7005890608 -0.0073934221 0.9999457002 0.0073416219 0.7006275058 -0.0000584151 0.7135272026
-17.6 -522.8 2061.2 0.7166504264 0.0686448589 -0.6940461397 0.0306557436 0.9910822511 0.1296774745 0.6967585087 -0.1142099127 0.7081551552
128.1 -156.0 2167.7 0.9426963329 0.0334144309 0.3319745958 -0.0003147288 0.9950612187 -0.0992627442 -0.3336518407 0.0934701413 0.9380510449
115.1 -542.2 2131.4 0.9430294037 -0.0273713600 0.3315815628 -0.0105804754 0.9936389923 0.1121140495 -0.3325410783 -0.1092351303 0.9367412329
164.7 203.8 1726.9 0 0 0 0 0 0 0 0 0
226.2 -108.5 2148.4 0 0 0 0 0 0 0 0 0
-43.2 -892.6 2103.8 0 0 0 0 0 0 0 0 0
125.3 -912.9 2172.2 0 0 0 0 0 0 0 0 0
268.7 375.0 1950.8 3 0.7883039117 0.3705929518 -0.4911596179 -0.1352036744 0.8830851316 0.4493112564 0.6002473235 -0.2877872586 0.7462450266
195.6 200.9 2007.5 0.7883039117 0.3705929518 -0.4911596179 -0.1352036744 0.8830851316 0.4493112564 0.6002473235 -0.2877872586 0.7462450266
127.7 27.6 2062.5 0.7935971618 0.3500231802 -0.4976819754 -0.1221579015 0.8929635882 0.4332360625 0.5960545540 -0.2830191255 0.7514114380
87.3 217.6 1926.2 0.7792131305 -0.4260129631 -0.4597171545 0.4888296425 0.8721417189 0.0203578025 0.3922657967 -0.2405864447 0.8878320456
-71.4 118.0 1846.3 -0.8538112044 -0.4260129631 -0.2991979718 -0.2996228039 0.8721417189 -0.3867751956 0.4257142842 -0.2405864447 -0.8722875118
303.9 184.3 2088.9 0.1533598751 0.8950879574 0.4186864197 -0.4996043742 -0.2953244448 0.8143579960 0.8525703549 -0.3340674043 0.4018989503
338.2 72.6 2279.5 -0.4372081757 0.8950879574 0.0875589326 -0.7284204960 -0.2953244448 -0.6182127595 -0.5274965167 -0.3340674043 0.7811186910
-10.5 -135.3 2063.1 0.7244165540 0.0157735124 -0.6891819835 -0.0182061065 0.9998272657 0.0037464453 0.6891220212 0.0098333340 0.7245786190
-16.6 -523.4 2059.2 0.7297768593 0.0633262098 -0.6807462573 0.0434940271 0.9893839359 0.1386638135 0.6823005080 -0.1308020353 0.7192752361
130.0 -154.6 2171.9 0.9376803041 0.0440290123 0.3446984887 -0.0045381333 0.9934077263 -0.1145448685 -0.3474694192 0.1058421806 0.9316986799
112.9 -540.1 2130.8 0.9374724627 -0.0452626571 0.3451038301 0.0002554395 0.9915975928 0.1293607056 -0.3480593264 -0.1211839467 0.9296069741
170.6 202.9 1725.6 0 0 0 0 0 0 0 0 0
227.3 -112.2 2145.7 0 0 0 0 0 0 0 0 0
-40.3 -892.6 2108.1 0 0 0 0 0 0 0 0 0
129.8 -910.1 2176.0 0 0 0 0 0 0 0 0 0
274.9 373.8 1944.4 4 0.7958393693 0.3818111122 -0.4699574113 -0.1473814249 0.8749412894 0.4612553418 0.5872975588 -0.2978221774 0.7525845766
199.6 201.3 2003.1 0.7958393693 0.3818111122 -0.4699574113 -0.1473814249 0.8749412894 0.4612553418 0.5872975588 -0.2978221774 0.7525845766
129.2 29.8 2060.3 0.8012093902 0.3629665077 -0.4757297933 -0.1346989423 0.8840193748 0.4476225376 0.5830263495 -0.2945590913 0.7571758032
90.2 219.7 1923.5 0.7761268616 -0.4255654514 -0.4653183818 0.4946416914 0.8685551882 0.0306835286 0.3910968304 -0.2539801598 0.8846114278
-67.5 119.2 1844.0 -0.8579080105 -0.4255654514 -0.2879025638 -0.2979438901 0.8685551882 -0.3960319459 0.4185967743 -0.2539801598 -0.8719350696
309.0 182.9 2082.7 0.1582653821 0.8830592632 0.4417673051 -0.4974792898 -0.3151580691 0.8082015514 0.8529164195 -0.3476804197 0.3894250989
344.4 71.7 2273.5 -0.4608090818 0.8830592632 0.0886638686 -0.7223743200 -0.3151580691 -0.6155085564 -0.5155873895 -0.3476804197 0.7831270695
-11.3 -134.7 2064.1 0.7364256978 0.0056556519 -0.6764947772 0.0029165994 0.9999292493 0.0115346201 0.6765121222 -0.0104674548 0.7363570929
-13.5 -522.8 2068.1 0.7360062599 0.0723740906 -0.6730949283 -0.0030285295 0.9946109653 0.1036332995 0.6769679785 -0.0742362738 0.7322590947
130.7 -156.6 2170.7 0.9324013591 0.0480890311 0.3582110107 -0.0050056130 0.9927319288 -0.1202427447 -0.3613898754 0.1103214324 0.9258652925
112.1 -541.9 2127.9 0.9319902062 -0.0602545775 0.3574404418 0.0021283547 0.9869801402 0.1608280987 -0.3624772429 -0.1491294503 0.9199840426
176.3 203.9 1725.0 0 0 0 0 0 0 0 0 0
227.5 -111.6 2142.7 0 0 0 0 0 0 0 0 0
-40.5 -893.4 2095.8 0 0 0 0 0 0 0 0 0
134.5 -910.1 2183.6 0 0 0 0 0 0 0 0 0
280.0 369.2 1936.2 5 0.7901643515 0.3951961398 -0.4684658945 -0.1447540969 0.8630593419 0.4839161038 0.5955556631 -0.3145609200 0.7391650081
202.0 199.0 1998.2 0.7901643515 0.3951961398 -0.4684658945 -0.1447540969 0.8630593419 0.4839161038 0.5955556631 -0.3145609200 0.7391650081
129.9 29.1 2058.3 0.7967866659 0.3716762662 -0.4764323533 -0.1297426224 0.8752962351 0.4658576250 0.5901677012 -0.3093755543 0.7456465960
93.2 216.7 1917.6 0.7883695364 -0.4226004183 -0.4470820129 0.4857535660 0.8735514283 0.0308447368 0.3775141239 -0.2414887398 0.8939610124
-64.6 119.4 1842.1 -0.8572040796 -0.4226004183 -0.2942959070 -0.2987294793 0.8735514283 -0.3842767477 0.4194781184 -0.2414887398 -0.8750550151
310.8 181.2 2078.8 0.1495841444 0.8824546337 0.4459802210 -0.4820345938 -0.3287360966 0.8121423721 0.8632886410 -0.3364615142 0.3761999607
344.3 73.4 2271.9 -0.4636699855 0.8824546337 0.0792712420 -0.7284185886 -0.3287360966 -0.6011148095 -0.5043972135 -0.3364615142 0.7952213883
-13.0 -129.7 2065.3 0.7324680090 0.0032440880 -0.6807937622 -0.0023288983 0.9999947548 0.0022594619 0.6807975173 -0.0000694841 0.7324717045
-14.2 -517.9 2065.3 0.7327122688 0.0808830559 -0.6757149696 0.0006295213 0.9928310513 0.1195244715 0.6805382967 -0.0880024210 0.7274085879
130.5 -153.8 2169.7 0.9352697134 0.0405980945 0.3515996933 -0.0006294959 0.9935888648 -0.1130520478 -0.3539352417 0.1055128276 0.9292991161
114.7 -539.5 2128.7 0.9358887672 -0.0424979106 0.3497228622 -0.0132453339 0.9877508879 0.1554759741 -0.3520464897 -0.1501404196 0.9238620996
179.5 204.5 1722.6 0 0 0 0 0 0 0 0 0
226.7 -111.4 2143.9 0 0 0 0 0 0 0 0 0
-44.4 -888.1 2098.1 0 0 0 0 0 0 0 0 0
130.6 -908.1 2184.7 0 0 0 0 0 0 0 0 0
283.8 365.9 1927.6 6 0.7908425927 0.4019324481 -0.4615390599 -0.1413059682 0.8536638618 0.5012889504 0.5954835415 -0.3312224448 0.7319092155
204.8 198.2 1992.6 0.7908425927 0.4019324481 -0.4615390599 -0.1413059682 0.8536638618 0.5012889504 0.5954835415 -0.3312224448 0.7319092155
131.5 30.1 2055.9 0.7977533340 0.3780041635 -0.4697898328 -0.1260647178 0.8664464951 0.4830922782 0.5896586776 -0.3261645436 0.7388635278
95.9 215.5 1912.1 0.7902907133 -0.4288953543 -0.4375950098 0.4962479770 0.8669336438 0.0465186723 0.3594142199 -0.2539189160 0.8979680538
-61.8 116.4 1840.4 -0.8514243960 -0.4288953543 -0.3018695712 -0.2940136492 0.8669336438 -0.4024699032 0.4343183637 -0.2539189160 -0.8642295599
313.8 181.0 2073.2 0.1486564577 0.8784226775 0.4541748762 -0.4678359628 -0.3421576619 0.8148972988 0.8712237477 -0.3336190879 0.3600937724
347.1 76.4 2268.1 -0.4716393650 0.8784226775 0.0770056248 -0.7332111001 -0.3421576619 -0.5876474977 -0.4898548722 -0.3336190879 0.8054443002
-13.6 -129.1 2065.4 0.7348373532 -0.0059759710 -0.6782169938 0.0009921569 0.9999696016 -0.0077360417 0.6782426238 0.0050118347 0.7348209620
-11.3 -517.3 2063.5 0.7335712314 0.1067502573 -0.6711763144 -0.0112649389 0.9893609285 0.1450451910 0.6795191765 -0.0988402292 0.7269692421
129.1 -152.4 2171.2 0.9346785545 0.0412479527 0.3530928791 0.0007684186 0.9930089712 -0.1180363968 -0.3554931581 0.1105974093 0.9281125069
113.1 -537.9 2128.2 0.9344354272 -0.0646457449 0.3502161801 0.0045816591 0.9854877591 0.1696846932 -0.3561031520 -0.1569548100 0.9211708307
180.5 200.1 1716.8 0 0 0 0 0 0 0 0 0
227.4 -109.7 2143.8 0 0 0 0 0 0 0 0 0
-51.1 -886.3 2100.4 0 0 0 0 0 0 0 0 0
137.2 -905.6 2186.8 0 0 0 0 0 0 0 0 0
291.5 363.6 1923.8 7 0.7950707674 0.4038765430 -0.4524889290 -0.1385686994 0.8472716212 0.5127665997 0.5904754400 -0.3449848890 0.7296054959
212.0 196.6 1991.7 0.7950707674 0.4038765430 -0.4524889290 -0.1385686994 0.8472716212 0.5127665997 0.5904754400 -0.3449848890 0.7296054959
137.7 29.7 2057.3 0.8007523417 0.3825282156 -0.4609423578 -0.1262340099 0.8600113988 0.4944142103 0.5855430365 -0.3377167284 0.7369441986
102.6 213.9 1911.8 0.8006098270 -0.4132480323 -0.4338778555 0.4854081869 0.8718453050 0.0653046221 0.3512873352 -0.2628913820 0.8986018896
-60.2 115.2 1840.3 -0.8550438285 -0.4132480323 -0.3132508397 -0.2721952200 0.8718453050 -0.4071800113 0.4413726032 -0.2628913820 -0.8579500914
321.4 179.4 2071.7 0.1509495229 0.8734508753 0.4629231393 -0.4599321783 -0.3524618447 0.8150049448 0.8750295043 -0.3359378278 0.3485242128
355.1 76.5 2267.5 -0.4806385040 0.8734508753 0.0779116154 -0.7345169783 -0.3524618447 -0.5798754096 -0.4790318012 -0.3359378278 0.8109712005
-13.3 -126.7 2066.4 0.7394597530 -0.0100928284 -0.6731250882 -0.0031035396 0.9998258948 -0.0184007604 0.6731935740 0.0156956930 0.7392997146
-9.4 -514.9 2060.3 0.7412118316 0.1065617278 -0.6627590656 0.0122599537 0.9850057364 0.1720853597 0.6711592078 -0.1356770992 0.7287914753
129.6 -149.3 2172.0 0.9324053526 0.0487297587 0.3581140935 -0.0062717246 0.9929010272 -0.1187778935 -0.3613598943 0.1085031480 0.9260918498
110.7 -534.8 2129.9 0.9302898645 -0.0802121833 0.3579479456 0.0258420166 0.9877060652 0.1541718394 -0.3659138083 -0.1341744065 0.9209257960
183.8 192.9 1714.4 0 0 0 0 0 0 0 0 0
233.2 -109.9 2145.9 0 0 0 0 0 0 0 0 0
-49.2 -882.1 2110.9 0 0 0 0 0 0 0 0 0
140.6 -903.3 2180.0 0 0 0 0 0 0 0 0 0
296.1 357.1 1918.4 8 0.7986646295 0.4066161513 -0.4436193407 -0.1388292015 0.8417948484 0.5216395855 0.5855435729 -0.3550277948 0.7287619710
216.1 191.4 1988.3 0.7986646295 0.4066161513 -0.4436193407 -0.1388292015 0.8417948484 0.5216395855 0.5855435729 -0.3550277948 0.7287619710
141.3 25.4 2055.5 0.8040450215 0.3854531944 -0.4527001083 -0.1273008138 0.8553404212 0.5021825433 0.5807805657 -0.3461483121 0.7368007302
106.2 208.8 1908.9 0.8145914078 -0.3932783008 -0.4263484478 0.4667315185 0.8808430433 0.0792287067 0.3443871140 -0.2635292709 0.9010825753
-58.0 114.7 1839.5 -0.8585207462 -0.3932783008 -0.3290506303 -0.2492407709 0.8808430433 -0.4024854600 0.4481307566 -0.2635292709 -0.8542430401
325.9 174.0 2067.6 0.1542194337 0.8689027429 0.4703449905 -0.4550102353 -0.3600991070 0.8144288063 0.8770302534 -0.3396125436 0.3398253620
360.4 72.2 2263.8 -0.4884739518 0.8689027429 0.0800078660 -0.7347139120 -0.3600991070 -0.5749122500 -0.4707320631 -0.3396125436 0.8142939806
-8.2 -125.9 2070.4 0.7441700697 -0.0010027152 -0.6679894924 -0.0197270103 0.9995297194 -0.0234771557 0.6676988602 0.0306484308 0.7438002825
-7.9 -513.8 2058.5 0.7488441467 0.1083174720 -0.6538346410 0.0177603755 0.9829196334 0.1831764728 0.6625081301 -0.1487829834 0.7341298461
135.2 -148.5 2175.3 0.9295497537 0.0652650595 0.3628742397 -0.0184493829 0.9912087917 -0.1310141981 -0.3682347834 0.1150894165 0.9225820303
109.9 -533.3 2130.6 0.9259442091 -0.0920128673 0.3662798703 0.0345843770 0.9864497781 0.1603770107 -0.3760734499 -0.1358325928 0.9165796638
186.0 185.5 1712.1 0 0 0 0 0 0 0 0 0
236.5 -114.3 2144.4 0 0 0 0 0 0 0 0 0
-48.3 -880.5 2114.0 0 0 0 0 0 0 0 0 0
144.2 -901.4 2181.3 0 0 0 0 0 0 0 0 0
301.7 353.5 1909.2 9 0.7857676744 0.4173093140 -0.4565326869 -0.1225010157 0.8284800053 0.5464561582 0.6062694788 -0.3734618723 0.7021136284
219.4 189.9 1982.9 0.7857676744 0.4173093140 -0.4565326869 -0.1225010157 0.8284800053 0.5464561582 0.6062694788 -0.3734618723 0.7021136284
142.8 26.4 2054.0 0.7920982242 0.3942818046 -0.4659637511 -0.1094649956 0.8427639008 0.5270355344 0.6004979610 -0.3664571941 0.7107118368
111.2 204.8 1900.9 0.8350775242 -0.3785552084 -0.3991759419 0.4560804069 0.8821408153 0.1175508872 0.3076299131 -0.2802204192 0.9093075991
-55.8 113.6 1839.4 -0.8624056578 -0.3785552084 -0.3360839188 -0.2262334973 0.8821408153 -0.4130931497 0.4528519213 -0.2802204192 -0.8464051485
327.6 175.0 2064.9 0.1356826723 0.8744366765 0.4657796323 -0.4260762036 -0.3729321957 0.8242455125 0.8944547176 -0.3102934361 0.3219762146
357.9 79.7 2264.9 -0.4811007082 0.8744366765 0.0624704175 -0.7489525080 -0.3729321957 -0.5477150083 -0.4556448460 -0.3102934361 0.8343295455
-5.6 -129.2 2070.6 0.7306374311 0.0083897542 -0.6827141047 -0.0291992240 0.9993936419 -0.0189675000 0.6821410060 0.0337930880 0.7304393649
-8.8 -517.1 2057.5 0.7377153635 0.1011536047 -0.6674907804 0.0276705455 0.9833502173 0.1796015799 0.6745445728 -0.1509646922 0.7226336002
138.5 -152.0 2174.7 0.9369463921 0.0664429739 0.3430987298 -0.0270101093 0.9925913215 -0.1184606403 -0.3484277129 0.1017241403 0.9317995310
112.7 -537.3 2135.2 0.9339428544 -0.0791922659 0.3485387862 0.0297179036 0.9889742732 0.1450750679 -0.3561846912 -0.1251339763 0.9259988666
189.5 178.0 1710.5 0 0 0 0 0 0 0 0 0
235.8 -110.3 2149.3 0 0 0 0 0 0 0 0 0
-46.6 -884.1 2113.8 0 0 0 0 0 0 0 0 0
142.3 -906.4 2181.9 0 0 0 0 0 0 0 0 0
307.5 348.4 1900.1 0 0.7959361672 0.4280989766 -0.4280383885 -0.1364527792 0.8157283664 0.5621102452 0.5898018479 -0.3889968395 0.7076829672
222.8 187.0 1977.0 0.7959361672 0.4280989766 -0.4280383885 -0.1364527792 0.8157283664 0.5621102452 0.5898018479 -0.3889968395 0.7076829672
144.5 25.8 2051.4 0.8033813238 0.4038670361 -0.4375726879 -0.1217190549 0.8307059407 0.5432421565 0.5828918219 -0.3831697106 0.7165319920
113.1 203.7 1897.4 0.8401420116 -0.3734804392 -0.3932858706 0.4569604099 0.8780210614 0.1423594207 0.2921448052 -0.2993181944 0.9083281755
-54.3 112.6 1839.2 -0.8625658751 -0.3734804392 -0.3413098752 -0.2099859864 0.8780210614 -0.4300987124 0.4603106976 -0.2993181944 -0.8357766867
332.5 170.4 2056.6 0.1473605186 0.8586660624 0.4908945858 -0.4214140475 -0.3945038915 0.8165640831 0.8948156834 -0.3271991909 0.3037196398
365.5 76.1 2256.8 -0.5077049732 0.8586660624 0.0702017248 -0.7421355247 -0.3945038915 -0.5418500900 -0.4375734329 -0.3271991909 0.8375381827
-4.7 -127.4 2071.3 0.7458310723 0.0088161826 -0.6660768390 -0.0286254566 0.9994129539 -0.0188247766 0.6655198336 0.0331068560 0.7456455827
-8.1 -515.3 2058.4 0.7512574792 0.1075542495 -0.6511868238 0.0144375591 0.9837188125 0.1791336387 0.6598512530 -0.1439770460 0.7374733090
137.2 -146.9 2178.8 0.9300971627 0.0626216978 0.3619362116 -0.0196669083 0.9924368858 -0.1211703792 -0.3667867482 0.1055820584 0.9242942929
112.9 -532.2 2137.8 0.9276584983 -0.0719311908 0.3664364517 0.0300891474 0.9924800992 0.1186503693 -0.3722155392 -0.0990412608 0.9228469133
191.3 172.4 1708.1 0 0 0 0 0 0 0 0 0
236.7 -112.1 2145.8 0 0 0 0 0 0 0 0 0
-48.3 -882.5 2112.2 0 0 0 0 0 0 0 0 0
139.7 -902.5 2174.8 0 0 0 0 0 0 0 0 0
312.5 342.6 1894.5 1 0.8272932172 0.4281726778 -0.3636675775 -0.1736067683 0.8105341196 0.5593703389 0.5342720747 -0.3996281028 0.7448830605
227.9 182.3 1973.6 0.8272932172 0.4281726778 -0.3636675775 -0.1736067683 0.8105341196 0.5593703389 0.5342720747 -0.3996281028 0.7448830605
148.9 22.1 2049.4 0.8335596323 0.4072358310 -0.3732791543 -0.1613333672 0.8257012963 0.5405449867 0.5283463597 -0.3903540969 0.7539719939
114.3 204.4 1901.6 0.8234323263 -0.3753048182 -0.4255648851 0.4680052698 0.8732919693 0.1353964806 0.3208274543 -0.3106564581 0.8947414756
-50.1 110.9 1837.5 -0.8639109731 -0.3753048182 -0.3358632624 -0.2081244141 0.8732919693 -0.4405058026 0.4586306512 -0.3106564581 -0.8325566053
341.4 160.3 2045.5 0.1875788122 0.8226486444 0.5367153883 -0.4475218356 -0.4148310423 0.7922369838 0.8743788600 -0.3887987435 0.2903397083
383.3 60.3 2240.9 -0.5588949323 0.8226486444 0.1043344364 -0.7155274153 -0.4148310423 -0.5620816350 -0.4191145301 -0.3887987435 0.8204746246
-5.8 -124.4 2073.5 0.7855255604 0.0040395092 -0.6188160181 -0.0255998839 0.9993348122 -0.0259730518 0.6182994843 0.0362441167 0.7851064205
-7.4 -512.4 2059.5 0.7882581949 0.1058978587 -0.6061638594 -0.0022309364 0.9855656624 0.1692788750 0.6153405309 -0.1320831478 0.7771164775
138.1 -146.2 2177.9 0.9068672061 0.0638842583 0.4165461361 -0.0099128429 0.9914031029 -0.1304667592 -0.4212999344 0.1141868681 0.8997042775
113.3 -531.1 2133.6 0.9050163627 -0.0748087093 0.4187469482 0.0201115664 0.9908385277 0.1335461587 -0.4249010384 -0.1124398112 0.8982295990
196.4 170.3 1706.6 0 0 0 0 0 0 0 0 0
241.7 -120.9 2134.7 0 0 0 0 0 0 0 0 0
-46.9 -880.3 2108.8 0 0 0 0 0 0 0 0 0
141.2 -900.9 2175.6 0 0 0 0 0 0 0 0 0
323.2 338.8 1895.7 2 0.8142713904 0.4502779245 -0.3663494587 -0.1882924736 0.8018667102 0.5670588613 0.5490975380 -0.3927589357 0.7377210259
234.2 180.3 1973.4 0.8142713904 0.4502779245 -0.3663494587 -0.1882924736 0.8018667102 0.5670588613 0.5490975380 -0.3927589357 0.7377210259
151.0 22.0 2048.7 0.8220273256 0.4285930097 -0.3749387562 -0.1740149558 0.8159933686 0.5512473583 0.5422083139 -0.3878954649 0.7453504205
122.1 204.1 1899.4 0.8278169036 -0.3627597690 -0.4279304743 0.4676977098 0.8675138354 0.1693475693 0.3098031282 -0.3403308988 0.8878045678
-45.7 109.3 1836.6 -0.8697195649 -0.3627597690 -0.3346538842 -0.1840234101 0.8675138354 -0.4621202648 0.4579555094 -0.3403308988 -0.8212500215
346.3 156.6 2047.4 0.1659056395 0.8209125400 0.5464228392 -0.4457437694 -0.4318406582 0.7841085196 0.8796520829 -0.3736526072 0.2942718267
383.4 56.9 2244.0 -0.5653444529 0.8209125400 0.0805496275 -0.7068760395 -0.4318406582 -0.5602142215 -0.4251022339 -0.3736526072 0.8244221210
-4.5 -123.7 2077.9 0.7751594186 0.0040190066 -0.6317528486 -0.0340326317 0.9987934232 -0.0354039669 0.6308483481 0.0489439294 0.7743609548
-6.1 -511.5 2058.9 0.7792416811 0.1136511788 -0.6163325906 -0.0022200297 0.9839144945 0.1786261350 0.6267196536 -0.1378246546 0.7669594884
144.4 -152.6 2172.4 0.9130644798 0.0777012557 0.4003445208 -0.0283330921 0.9913955927 -0.1277967840 -0.4068297744 0.1053437069 0.9074096084
114.2 -537.5 2131.5 0.9101275206 -0.0876195729 0.4049576819 0.0141931716 0.9834032059 0.1808776110 -0.4140850902 -0.1588740498 0.8962659240
202.5 161.8 1706.0 0 0 0 0 0 0 0 0 0
240.0 -122.3 2136.2 0 0 0 0 0 0 0 0 0
-48.5 -878.7 2110.4 0 0 0 0 0 0 0 0 0
146.9 -904.1 2190.7 0 0 0 0 0 0 0 0 0
329.8 331.7 1892.9 3 0.8040100336 0.4661811292 -0.3691111803 -0.1925063431 0.7913980484 0.5801985860 0.5625914931 -0.3954292536 0.7260347605
237.4 174.8 1971.2 0.8040100336 0.4661811292 -0.3691111803 -0.1925063431 0.7913980484 0.5801985860 0.5625914931 -0.3954292536 0.7260347605
151.4 18.5 2047.4 0.8128500581 0.4434617162 -0.3776459694 -0.1769851297 0.8057357073 0.5652134418 0.5549333692 -0.3925960362 0.7334284782
126.5 199.0 1895.5 0.8397730589 -0.3470366895 -0.4175484478 0.4528773725 0.8719244003 0.1861448139 0.2994716167 -0.3454176486 0.8893837333
-41.7 108.3 1835.5 -0.8720162511 -0.3470366895 -0.3451857865 -0.1644333601 0.8719244003 -0.4612043798 0.4610307515 -0.3454176486 -0.8173966408
348.4 150.7 2047.0 0.1494383216 0.8202652931 0.5521169305 -0.4361505210 -0.4464437366 0.7813198566 0.8873786926 -0.3575652242 0.2910433114
381.8 53.2 2245.4 -0.5685037971 0.8202652931 0.0629947186 -0.7051860094 -0.4464437366 -0.5508181453 -0.4236934185 -0.3575652242 0.8322445750
-5.6 -120.8 2075.4 0.7666473389 -0.0004051223 -0.6420683265 -0.0253441557 0.9992013574 -0.0308920816 0.6415680647 0.0399560109 0.7660247684
-5.5 -508.7 2059.9 0.7672004700 0.1277281046 -0.6285610199 -0.0211347677 0.9844735861 0.1742556989 0.6410591006 -0.1204045713 0.7579881549
141.4 -152.0 2172.4 0.9192776680 0.0660820529 0.3880228698 -0.0251441523 0.9936518073 -0.1096535623 -0.3928057551 0.0910455659 0.9151034355
115.8 -537.6 2137.1 0.9172161222 -0.0701882169 0.3921583891 0.0140943388 0.9894587398 0.1441274583 -0.3981406093 -0.1266688108 0.9085367918
207.2 155.2 1703.9 0 0 0 0 0 0 0 0 0
237.6 -125.7 2137.9 0 0 0 0 0 0 0 0 0
-53.1 -876.1 2104.8 0 0 0 0 0 0 0 0 0
141.9 -906.5 2184.3 0 0 0 0 0 0 0 0 0
335.6 325.0 1886.9 4 0.8290582895 0.4751605392 -0.2947622538 -0.2425013632 0.7805327177 0.5761612058 0.5038406849 -0.4061909914 0.7623342276
241.8 170.9 1967.1 0.8290582895 0.4751605392 -0.2947622538 -0.2425013632 0.7805327177 0.5761612058 0.5038406849 -0.4061909914 0.7623342276
153.7 16.9 2045.5 0.8377885222 0.4548218846 -0.3020719290 -0.2277213037 0.7939069271 0.5637860894 0.4962392747 -0.4035453200 0.7686987519
127.9 202.0 1899.5 0.8231936097 -0.3432104886 -0.4522818029 0.4680916965 0.8610878587 0.1985392570 0.3213136196 -0.3751456141 0.8694960475
-37.3 108.1 1835.0 -0.8757308722 -0.3432104886 -0.3395615518 -0.1489714086 0.8610878587 -0.4861431718 0.4592417777 -0.3751456141 -0.8052097559
355.8 139.9 2034.7 0.1846949309 0.7731761932 0.6067012548 -0.4653029144 -0.4749576151 0.7469326854 0.8656679392 -0.4202545583 0.2720388770
397.1 35.9 2228.1 -0.6275892854 0.7731761932 0.0912706479 -0.6683860421 -0.4749576151 -0.5724293590 -0.3992390633 -0.4202545583 0.8148584366
-7.4 -122.1 2073.9 0.8059454560 -0.0114542274 -0.5918789506 -0.0030320655 0.9997197986 -0.0234755725 0.5919820070 0.0207146481 0.8056849241
-3.0 -510.1 2065.8 0.7981712818 0.1484941393 -0.5838425159 -0.0652474090 0.9847524762 0.1612615734 0.5988867879 -0.0906201527 0.7956900597
138.1 -153.7 2173.2 0.8940120935 0.0572080426 0.4443755746 -0.0087260408 0.9938499331 -0.1103909016 -0.4479579031 0.0948131606 0.8890130520
115.9 -539.5 2136.4 0.8926680088 -0.0753992051 0.4443633556 0.0113152461 0.9893463254 0.1451406032 -0.4505727291 -0.1245343015 0.8840109706
214.0 150.8 1703.2 0 0 0 0 0 0 0 0 0
238.2 -133.3 2127.1 0 0 0 0 0 0 0 0 0
-58.3 -877.4 2099.6 0 0 0 0 0 0 0 0 0
144.0 -908.6 2182.9 0 0 0 0 0 0 0 0 0
344.9 319.9 1883.9 5 0.8290839791 0.4907716811 -0.2678860724 -0.2631545067 0.7652428150 0.5874972939 0.4933249652 -0.4165891707 0.7635993361
247.9 168.6 1966.3 0.8290839791 0.4907716811 -0.2678860724 -0.2631545067 0.7652428150 0.5874972939 0.4933249652 -0.4165891707 0.7635993361
156.4 17.3 2046.1 0.8370999098 0.4719846845 -0.2765758932 -0.2502887845 0.7799974084 0.5735499859 0.4864352942 -0.4108948112 0.7710682154
133.9 202.8 1899.9 0.8171977997 -0.3439459801 -0.4624812305 0.4732959867 0.8583781123 0.1979339868 0.3289051652 -0.3806417286 0.8642529845
-31.7 106.9 1833.3 -0.8770942092 -0.3439459801 -0.3352713883 -0.1489520967 0.8583781123 -0.4909177423 0.4566388130 -0.3806417286 -0.8041099906
362.0 134.4 2032.6 0.1827909648 0.7542775869 0.6305971742 -0.4680446982 -0.4972942472 0.7305015922 0.8645933270 -0.4286767542 0.2621347308
402.9 29.8 2226.0 -0.6510755420 0.7542775869 0.0846519619 -0.6507259607 -0.4972942472 -0.5738067031 -0.3907126188 -0.4286767542 0.8146041632
-9.2 -116.8 2079.6 0.8127036095 -0.0228341743 -0.5822297335 0.0010474952 0.9992874861 -0.0377284065 0.5826764107 0.0300521292 0.8121484518
-0.3 -504.7 2067.9 0.8020456433 0.1578915715 -0.5760147572 -0.0845208392 0.9847235680 0.1522356421 0.5912520289 -0.0734146908 0.8031384349
140.3 -157.6 2168.2 0.8890815377 0.0606788769 0.4537093043 -0.0177291092 0.9949960709 -0.0983286351 -0.4574054480 0.0793783143 0.8857083917
116.7 -543.8 2137.4 0.8886610270 -0.0560363792 0.4551280439 -0.0097964918 0.9899591208 0.1410141289 -0.4584600925 -0.1297724098 0.8791890740
220.1 149.7 1702.2 0 0 0 0 0 0 0 0 0
237.9 -135.1 2127.0 0 0 0 0 0 0 0 0 0
-59.2 -872.1 2095.3 0 0 0 0 0 0 0 0 0
137.6 -913.2 2185.9 0 0 0 0 0 0 0 0 0
354.7 316.0 1878.0 6 0.8319548965 0.5022628903 -0.2357605249 -0.2849275470 0.7513519526 0.5952197313 0.4760959148 -0.4280213416 0.7681994438
255.5 167.6 1962.5 0.8319548965 0.5022628903 -0.2357605249 -0.2849275470 0.7513519526 0.5952197313 0.4760959148 -0.4280213416 0.7681994438
161.6 18.9 2044.5 0.8401191235 0.4841293097 -0.2445785254 -0.2723646462 0.7664853930 0.5816508532 0.4690600932 -0.4220414460 0.7757987380
140.9 204.8 1898.5 0.8126538396 -0.3430681825 -0.4710604548 0.4804961383 0.8518404365 0.2085457593 0.3297229409 -0.3958182335 0.8570943475
-26.3 106.0 1830.6 -0.8817523718 -0.3430681825 -0.3237545788 -0.1468141824 0.8518404365 -0.5028055906 0.4482838511 -0.3958182335 -0.8014795780
370.0 130.4 2026.5 0.1885792762 0.7313094735 0.6554573178 -0.4717227221 -0.5179387927 0.7135944366 0.8613451719 -0.4437632263 0.2473027706
412.2 24.9 2219.2 -0.6765828729 0.7313094735 0.0861511156 -0.6330847144 -0.5179387927 -0.5752765536 -0.3760842085 -0.4437632263 0.8134093881
-9.9 -111.7 2082.4 0.8242109418 -0.0310945064 -0.5654285550 0.0074764406 0.9990018010 -0.0440397002 0.5662335157 0.0320706107 0.8236207366
2.2 -499.5 2069.9 0.8113620281 0.1650867909 -0.5607477427 -0.0963685289 0.9839417934 0.1502387077 0.5765455961 -0.0678595379 0.8142421246
139.7 -156.5 2169.4 0.8797472715 0.0581124499 0.4718767107 -0.0241409354 0.9966816902 -0.0777357519 -0.4748283029 0.0569962673 0.8782308698
117.2 -543.3 2147.3 0.8785709143 -0.0505809523 0.4749260247 0.0080750696 0.9958073497 0.0911181122 -0.4775436819 -0.0762186646 0.8752958179
226.4 148.0 1702.1 0 0 0 0 0 0 0 0 0
240.7 -135.6 2123.9 0 0 0 0 0 0 0 0 0
-59.4 -866.6 2095.3 0 0 0 0 0 0 0 0 0
136.0 -914.4 2175.7 0 0 0 0 0 0 0 0 0
360.6 308.6 1875.0 7 0.8187391162 0.5170924067 -0.2495629340 -0.2804969847 0.7394751310 0.6119623780 0.5009866953 -0.4310359061 0.7504801154
258.6 162.7 1960.1 0.8187391162 0.5170924067 -0.2495629340 -0.2804969847 0.7394751310 0.6119623780 0.5009866953 -0.4310359061 0.7504801154
162.7 15.7 2043.0 0.8298127651 0.4941526055 -0.2592759430 -0.2641092539 0.7570565343 0.5975882411 0.4915863276 -0.4274091423 0.7587254643
145.3 198.7 1892.9 0.8320737481 -0.3281058967 -0.4472133815 0.4590757787 0.8598817587 0.2232773304 0.3112920225 -0.3910880387 0.8661105037
-21.2 106.8 1830.6 -0.8831145763 -0.3281058967 -0.3353433907 -0.1322427243 0.8598817587 -0.4930671155 0.4501339197 -0.3910880387 -0.8027637601
371.8 126.6 2027.2 0.1701545417 0.7392380834 0.6515938044 -0.4543421268 -0.5279054642 0.7175577283 0.8744258881 -0.4181422293 0.2460414767
409.8 25.0 2222.7 -0.6699689627 0.7392380834 0.0683278069 -0.6394869685 -0.5279054642 -0.5589027405 -0.3770915568 -0.4181422293 0.8264133334
-7.4 -105.5 2084.5 0.8130015731 -0.0261820890 -0.5816724896 -0.0015868110 0.9988851547 -0.0471794344 0.5822592974 0.0392799601 0.8120536804
2.8 -493.2 2069.2 0.8022683263 0.1617246419 -0.5746395588 -0.0843414143 0.9836555719 0.1590856165 0.5909754634 -0.0791634470 0.8027958274
142.9 -154.3 2168.4 0.8896003366 0.0638074279 0.4522608221 -0.0291041322 0.9961004853 -0.0832872689 -0.4558115602 0.0609297231 0.8879883885
118.1 -540.9 2144.8 0.8891102672 -0.0325777158 0.4565321207 -0.0080426112 0.9961975813 0.0867509767 -0.4576223493 -0.0808028951 0.8854674697
231.4 144.6 1701.9 0 0 0 0 0 0 0 0 0
239.9 -137.2 2127.1 0 0 0 0 0 0 0 0 0
-57.6 -860.3 2098.8 0 0 0 0 0 0 0 0 0
130.2 -912.4 2174.9 0 0 0 0 0 0 0 0 0
369.2 300.6 1877.5 8 0.7978700399 0.5359112024 -0.2760482728 -0.2755426466 0.7314948440 0.6236917973 0.5361713171 -0.4215619266 0.7313042283
263.3 156.0 1960.8 0.7978700399 0.5359112024 -0.2760482728 -0.2755426466 0.7314948440 0.6236917973 0.5361713171 -0.4215619266 0.7313042283
165.0 10.3 2043.0 0.8132932186 0.5068747997 -0.2857131958 -0.2536195815 0.7507553101 0.6099537611 0.5236709118 -0.4236088097 0.7391375899
152.3 190.6 1889.3 0.8627108335 -0.2961883545 -0.4098809958 0.4149321020 0.8779169917 0.2389416099 0.2890697718 -0.3762103021 0.8802865744
-20.5 107.5 1831.4 -0.8878632188 -0.2961883545 -0.3520956635 -0.1078712642 0.8779169917 -0.4665035009 0.4472836852 -0.3762103021 -0.8114204407
374.3 121.4 2032.3 0.1414640248 0.7539036274 0.6415740252 -0.4388711751 -0.5331610441 0.7232782245 0.8873443604 -0.3838861883 0.2554434538
405.9 23.3 2230.6 -0.6556630135 0.7539036274 0.0416573659 -0.6476315856 -0.5331610441 -0.5443460345 -0.3881743848 -0.3838861883 0.8378257751
-7.5 -107.5 2082.0 0.7931206822 -0.0271714870 -0.6084581017 0.0050450056 0.9992632270 -0.0380472690 0.6090435982 0.0271064024 0.7926734090
3.1 -495.4 2071.4 0.7791752219 0.1730815023 -0.6024356484 -0.0995983481 0.9830963612 0.1536284089 0.6188425422 -0.0597018600 0.7832430005
141.1 -154.8 2170.0 0.9048523307 0.0619130917 0.4211995006 -0.0286044739 0.9959745407 -0.0849503279 -0.4247635007 0.0648193061 0.9029808640
117.0 -541.5 2144.8 0.9034506083 -0.0539268032 0.4252868295 0.0094439592 0.9943193197 0.1060185879 -0.4285881519 -0.0917661637 0.8988276720
234.0 138.4 1703.1 0 0 0 0 0 0 0 0 0
239.6 -141.0 2132.2 0 0 0 0 0 0 0 0 0
-61.5 -862.3 2093.7 0 0 0 0 0 0 0 0 0
137.1 -912.4 2179.0 0 0 0 0 0 0 0 0 0
375.3 293.2 1879.2 9 0.7851556540 0.5514078736 -0.2819219828 -0.2824099660 0.7239328623 0.6294170022 0.5511580706 -0.4145727456 0.7241230607
266.3 150.2 1961.1 0.7851556540 0.5514078736 -0.2819219828 -0.2824099660 0.7239328623 0.6294170022 0.5511580706 -0.4145727456 0.7241230607
164.8 6.2 2042.5 0.8013513088 0.5230535865 -0.2902602851 -0.2603166103 0.7417944074 0.6180423498 0.5385827422 -0.4197094440 0.7305974364
157.0 185.7 1887.6 0.8788353801 -0.2711283565 -0.3926038146 0.3857549131 0.8880132437 0.2502510548 0.2807872295 -0.3713783622 0.8850066066
-17.6 109.1 1831.8 -0.8912219405 -0.2711283565 -0.3636108339 -0.0858491957 0.8880132437 -0.4517326355 0.4453687668 -0.3713783622 -0.8146930933
375.7 114.6 2034.6 0.1215219051 0.7535002232 0.6461190581 -0.4348137379 -0.5447514057 0.7170655131 0.8922832608 -0.3680806160 0.2614330351
402.9 17.4 2234.2 -0.6571146250 0.7535002232 0.0209220182 -0.6418395042 -0.5447514057 -0.5397110581 -0.3952750862 -0.3680806160 0.8415903449
-6.2 -112.8 2078.3 0.7828826308 -0.0174507387 -0.6219246984 0.0053702863 0.9997588396 -0.0212923326 0.6221462488 0.0133294836 0.7827875614
0.6 -500.8 2073.1 0.7708848715 0.1589401960 -0.6168261766 -0.0933147967 0.9861003757 0.1374714971 0.6301022172 -0.0484156869 0.7750013471
139.4 -158.1 2172.0 0.9126359820 0.0578502677 0.4046589732 -0.0220984314 0.9954698682 -0.0924738571 -0.4081754386 0.0754526407 0.9097800255
116.9 -544.6 2142.7 0.9120573401 -0.0499542430 0.4070085883 -0.0090661226 0.9898529649 0.1418057978 -0.4099624753 -0.1330250055 0.9023497701
238.6 133.7 1703.7 0 0 0 0 0 0 0 0 0
236.2 -145.5 2133.9 0 0 0 0 0 0 0 0 0
-58.7 -868.8 2091.2 0 0 0 0 0 0 0 0 0
135.5 -913.6 2192.3 0 0 0 0 0 0 0 0 0
381.2 285.5 1875.1 0 0.7933731079 0.5623298287 -0.2331185639 -0.3137885332 0.7059440613 0.6349643469 0.5216280222 -0.4306137264 0.7365297079
270.4 146.5 1959.9 0.7933731079 0.5623298287 -0.2331185639 -0.3137885332 0.7059440613 0.6349643469 0.5216280222 -0.4306137264 0.7365297079
166.1 5.4 2042.7 0.8065232038 0.5378641486 -0.2454025894 -0.2966583669 0.7272409201 0.6189624071 0.5113844872 -0.4264068007 0.7460986376
160.4 187.0 1890.1 0.8727796078 -0.2611606121 -0.4123723209 0.3876551092 0.8842405677 0.2604652643 0.2966130674 -0.3871870339 0.8729873300
-12.8 110.0 1831.2 -0.8932795525 -0.2611606121 -0.3658507466 -0.0693621486 0.8842405677 -0.4618523121 0.4441176951 -0.3871870339 -0.8079886436
380.4 106.0 2029.7 0.1309918463 0.7214245796 0.6799909472 -0.4505609870 -0.5676504374 0.6890339255 0.8830832243 -0.3966352046 0.2506881952
409.7 5.2 2227.2 -0.6920252442 0.7214245796 0.0254485030 -0.6120154262 -0.5676504374 -0.5506451726 -0.3828031123 -0.3966352046 0.8343514204
-8.4 -114.5 2075.7 0.8005099893 -0.0178842396 -0.5990524888 0.0141361998 0.9998400211 -0.0109593235 0.5991526246 0.0003047227 0.8006347418
-1.4 -502.6 2075.6 0.7882827520 0.1539278924 -0.5957487226 -0.0962201953 0.9871298671 0.1277352273 0.6077433825 -0.0433684178 0.7929484248
135.1 -161.1 2172.2 0.9016134739 0.0511762984 0.4295045435 -0.0129845580 0.9957308769 -0.0913861468 -0.4323477447 0.0768180564 0.8984288573
115.2 -547.6 2142.3 0.9001510739 -0.0713178664 0.4296996593 0.0109765893 0.9899057150 0.1413019001 -0.4354394972 -0.1224764138 0.8918474913
244.3 130.0 1703.4 0 0 0 0 0 0 0 0 0
234.3 -149.9 2130.2 0 0 0 0 0 0 0 0 0
-58.9 -871.0 2091.8 0 0 0 0 0 0 0 0 0
141.8 -916.9 2188.0 0 0 0 0 0 0 0 0 0
387.3 278.3 1868.5 1 0.8078438044 0.5643216968 -0.1700865626 -0.3522278666 0.6936128139 0.6283603907 0.4725716412 -0.4477078319 0.7591006160
276.0 141.5 1956.8 0.8078438044 0.5643216968 -0.1700865626 -0.3522278666 0.6936128139 0.6283603907 0.4725716412 -0.4477078319 0.7591006160
169.8 3.4 2042.3 0.8166976571 0.5478630662 -0.1812485754 -0.3410412669 0.7116028070 0.6142575145 0.4655059874 -0.4398493767 0.7680082321
164.8 188.0 1893.4 0.8657272458 -0.2543317676 -0.4310820103 0.3873265386 0.8859263659 0.2551716566 0.3170086741 -0.3878785372 0.8654800653
-8.9 110.3 1829.8 -0.8942101002 -0.2543317676 -0.3683797717 -0.0626485199 0.8859263659 -0.4595754445 0.4432420135 -0.3878785372 -0.8081378341
387.2 94.9 2020.3 0.1534544826 0.6754919291 0.7212228179 -0.4734770954 -0.5903649926 0.6536731720 0.8673356771 -0.4417915642 0.2292357981
421.5 -10.9 2214.3 -0.7361486554 0.6754919291 0.0423770770 -0.5743647218 -0.5903649926 -0.5670752525 -0.3580368161 -0.4417915642 0.8225751519
-10.3 -109.2 2079.7 0.8288029432 -0.0182426292 -0.5592431426 0.0082366103 0.9997578263 -0.0204055905 0.5594799519 0.0123059452 0.8287525177
-3.3 -497.3 2075.0 0.8187510371 0.1420344561 -0.5563029051 -0.0902985260 0.9887146950 0.1195383519 0.5670034289 -0.0476388186 0.8223366737
133.9 -162.3 2171.3 0.8803449273 0.0491532423 0.4717804193 -0.0117258271 0.9965675473 -0.0819486231 -0.4741891026 0.0666110441 0.8778995872
114.8 -549.2 2145.4 0.8775919080 -0.0814254284 0.4724429846 0.0324841216 0.9933056235 0.1108547077 -0.4783066511 -0.0819382966 0.8743619919
247.9 128.3 1702.5 0 0 0 0 0 0 0 0 0
235.1 -156.3 2123.6 0 0 0 0 0 0 0 0 0
-56.3 -866.3 2092.7 0 0 0 0 0 0 0 0 0
145.2 -919.5 2176.0 0 0 0 0 0 0 0 0 0
395.4 274.0 1865.2 2 0.8030974865 0.5727384686 -0.1643322259 -0.3534740210 0.6799681187 0.6424168944 0.4796775579 -0.4578362405 0.7485288382
282.5 139.9 1955.5 0.8030974865 0.5727384686 -0.1643322259 -0.3534740210 0.6799681187 0.6424168944 0.4796775579 -0.4578362405 0.7485288382
174.5 4.6 2043.1 0.8118723631 0.5569373965 -0.1751684248 -0.3427737951 0.6975740790 0.6292030811 0.4726196826 -0.4507894516 0.7572446465
171.7 186.7 1891.0 0.8746402860 -0.2454300225 -0.4180531800 0.3770981729 0.8863744736 0.2685838938 0.3046331108 -0.3925613761 0.8678100109
-5.2 110.4 1829.4 -0.8951537013 -0.2454300225 -0.3721074462 -0.0517782345 0.8863744736 -0.4600645006 0.4427401721 -0.3925613761 -0.8061493039
393.2 93.1 2020.0 0.1470893323 0.6691377759 0.7284362912 -0.4601536691 -0.6056099534 0.6492266059 0.8755702972 -0.4306869209 0.2188274115
426.1 -9.8 2215.9 -0.7423602343 0.6691377759 0.0339988172 -0.5712478757 -0.6056099534 -0.5539967418 -0.3501101136 -0.4306869209 0.8318243027
-9.3 -104.2 2086.2 0.8281023502 -0.0224768445 -0.5601261854 -0.0016885480 0.9990912676 -0.0425881036 0.5605744123 0.0362131074 0.8273118734
-0.5 -491.9 2072.1 0.8183359504 0.1449637860 -0.5561580658 -0.0915696546 0.9881931543 0.1228382438 0.5673986673 -0.0495957583 0.8219482899
136.6 -165.2 2169.4 0.8814085126 0.0610057488 0.4683986604 -0.0215750244 0.9957893491 -0.0890960395 -0.4718617797 0.0684242919 0.8790134192
112.9 -551.8 2142.9 0.8797962666 -0.0810935050 0.4683826864 0.0007675939 0.9855819345 0.1691970527 -0.4753502905 -0.1484994143 0.8671735525
251.4 125.3 1702.4 0 0 0 0 0 0 0 0 0
237.9 -154.6 2127.1 0 0 0 0 0 0 0 0 0
-54.7 -860.8 2090.6 0 0 0 0 0 0 0 0 0
143.1 -918.7 2198.1 0 0 0 0 0 0 0 0 0
399.3 268.0 1873.1 3 0.7877982855 0.5867189765 -0.1874426305 -0.3557396531 0.6818541288 0.6391590238 0.5028152466 -0.4368475974 0.7458826900
284.3 134.3 1958.7 0.7877982855 0.5867189765 -0.1874426305 -0.3557396531 0.6818541288 0.6391590238 0.5028152466 -0.4368475974 0.7458826900
173.4 -0.7 2043.1 0.7970270514 0.5715217590 -0.1952197552 -0.3447613418 0.6959569454 0.6299075484 0.4958704114 -0.4347491562 0.7517350912
175.5 181.4 1891.1 0.8839980960 -0.2192023396 -0.4129137099 0.3484098315 0.8978320360 0.2692735493 0.3117017448 -0.3819004893 0.8700540066
-1.5 111.7 1828.6 -0.8949980140 -0.2192023396 -0.3884956241 -0.0291770510 0.8978320360 -0.4393704236 0.4451148212 -0.3819004893 -0.8099535704
393.0 87.3 2026.4 0.1208093762 0.6798081994 0.7233712077 -0.4602155983 -0.6073079109 0.6475945115 0.8795491457 -0.4111422300 0.2394898534
420.0 -15.7 2223.1 -0.7333395481 0.6798081994 0.0086007761 -0.5694735050 -0.6073079109 -0.5539648533 -0.3713665009 -0.4111422300 0.8324956298
-6.2 -100.1 2088.3 0.8116032481 -0.0199360214 -0.5838687420 -0.0027787487 0.9992745519 -0.0379825048 0.5842024088 0.0324491486 0.8109590411
1.6 -488.0 2075.7 0.7989235520 0.1617059410 -0.5792860389 -0.1084395945 0.9861215949 0.1257181466 0.5915758610 -0.0376216471 0.8053711057
139.1 -161.5 2172.9 0.8946550488 0.0590638071 0.4428360462 -0.0224990062 0.9959211349 -0.0873778090 -0.4461906254 0.0682096332 0.8923347592
116.1 -548.1 2146.4 0.8936028481 -0.0508769192 0.4459658563 0.0045172772 0.9945244789 0.1044064015 -0.4488358200 -0.0912833065 0.8889396787
254.5 120.0 1701.3 0 0 0 0 0 0 0 0 0
234.0 -160.1 2129.0 0 0 0 0 0 0 0 0 0
-58.8 -856.0 2089.7 0 0 0 0 0 0 0 0 0
135.0 -918.1 2180.4 0 0 0 0 0 0 0 0 0
404.0 262.0 1875.0 4 0.7811384797 0.6001420021 -0.1721982956 -0.3771629632 0.6733614206 0.6358714104 0.4975648224 -0.4317568243 0.7523398995
286.5 130.2 1959.6 0.7811384797 0.6001420021 -0.1721982956 -0.3771629632 0.6733614206 0.6358714104 0.4975648224 -0.4317568243 0.7523398995
173.5 -3.5 2043.5 0.7930144072 0.5821957588 -0.1793773770 -0.3634841144 0.6884725690 0.6276024580 0.4888838828 -0.4324969649 0.7575875521
178.2 179.8 1892.8 0.8855843544 -0.1970669776 -0.4206007123 0.3384581804 0.8939441442 0.2937855422 0.3180980980 -0.4025276303 0.8583618999
0.4 111.8 1828.9 -0.8947767019 -0.1970669776 -0.4006734788 0.0037996843 0.8939441442 -0.4481622875 0.4464976788 -0.4025276303 -0.7991316319
394.7 80.5 2026.3 0.1168124601 0.6660346985 0.7367174625 -0.4690450728 -0.6168584824 0.6320461631 0.8754150867 -0.4193845689 0.2403435558
420.9 -24.4 2222.2 -0.7459169626 0.6660346985 0.0023815308 -0.5525869131 -0.6168584824 -0.5604760051 -0.3718274236 -0.4193845689 0.8281672001
-8.8 -104.9 2083.1 0.8140224814 -0.0271299537 -0.5801994801 0.0100254864 0.9994159937 -0.0326665901 0.5807468891 0.0207745582 0.8138190508
