100.2 462.4 1856.5 6 0.9100503922 0.1227151528 -0.3959157169 0.0773017928 0.8881655931 0.4529749751 0.4072256088 -0.4428350329 0.7987893820
72.0 258.4 1958.2 0.9100503922 0.1227151528 -0.3959157169 0.0773017928 0.8881655931 0.4529749751 0.4072256088 -0.4428350329 0.7987893820
77.9 60.0 1966.2 0.9083748460 -0.0293528605 -0.4171252847 0.0434378982 0.9987602830 0.0243126620 0.4158945084 -0.0402040556 0.9085237384
-60.7 252.0 1897.5 -0.2186313570 -0.7830763459 -0.5822299719 0.0677372292 0.5830463767 -0.8096101880 0.9734536409 -0.2164448202 -0.0744287893
-5.6 235.0 1652.4 -0.4797718823 -0.7830763459 0.3957402408 -0.7877767682 0.5830463767 0.1986572295 -0.3862986863 -0.2164448202 -0.8966186047
204.7 264.7 2018.9 0.0177827962 0.9936287403 -0.1112912521 -0.8391480446 0.0753504410 0.5386583805 0.5436123013 0.0838109851 0.8351415396
209.6 33.1 2169.0 0.0854151845 0.9936287403 -0.0735269785 -0.9886209965 0.0753504410 -0.1301954985 -0.1238256991 0.0838109851 0.9887582660
-0.7 -143.8 1941.9 0.9228975177 0.1103759781 0.3688866496 -0.0889069960 0.9932305813 -0.0747567192 -0.3746408522 0.0361961834 0.9264631867
-44.5 -538.5 1927.6 0.9236165881 0.0645182356 0.3778488636 -0.0785705000 0.9966685176 0.0218757428 -0.3751786947 -0.0498925745 0.9256088138
165.8 -134.9 2018.4 0.9407324791 0.3089810014 0.1398324519 -0.3162120879 0.9481391311 0.0322815999 -0.1226062179 -0.0745850652 0.9896488190
43.0 -511.6 2048.1 0.9866309166 -0.0399265438 0.1580042243 0.0260812771 0.9957124591 0.0887493044 -0.1608702391 -0.0834418535 0.9834420085
129.5 456.8 1761.1 0 0 0 0 0 0 0 0 0
231.8 -223.7 2136.8 0 0 0 0 0 0 0 0 0
-69.2 -919.3 1946.6 0 0 0 0 0 0 0 0 0
58.2 -891.8 2079.9 0 0 0 0 0 0 0 0 0
100.5 463.4 1857.1 7 0.9096180201 0.1071562171 -0.4013883471 0.0913286954 0.8909516931 0.4448192120 0.4052827656 -0.4412738383 0.8006392717
75.7 257.3 1959.2 0.9096180201 0.1071562171 -0.4013883471 0.0913286954 0.8909516931 0.4448192120 0.4052827656 -0.4412738383 0.8006392717
79.5 58.7 1964.6 0.9066953659 -0.0190214496 -0.4213570058 0.0286400504 0.9994534254 0.0165103357 0.4208126664 -0.0270375311 0.9067445397
-56.7 253.1 1897.8 -0.2051475048 -0.7880347967 -0.5804443955 0.0738102496 0.5789125562 -0.8120420575 0.9759439230 -0.2094311416 -0.0605974272
-5.0 234.5 1651.7 -0.4777412713 -0.7880347967 0.3882839978 -0.7896172404 0.5789125562 0.2033833563 -0.3850556612 -0.2094311416 -0.8988162875
208.2 261.4 2020.7 0.0086273476 0.9942550659 -0.1066885889 -0.8403786421 0.0650312975 0.5380843282 0.5419311523 0.0850165710 0.8361117244
210.5 33.0 2168.0 0.0747927427 0.9942550659 -0.0765697807 -0.9902888536 0.0650312975 -0.1228778139 -0.1171924546 0.0850165710 0.9894635677
0.4 -142.5 1936.0 0.9233592153 0.1136628464 0.3667266965 -0.0970370173 0.9932515025 -0.0635235161 -0.3714721203 0.0230689589 0.9281574488
-44.8 -537.2 1926.9 0.9240693450 0.0636358038 0.3768903613 -0.0867141336 0.9952358007 0.0445679910 -0.3722586632 -0.0738656372 0.9251850247
167.0 -134.5 2012.3 0.9400132895 0.3103502691 0.1416254193 -0.3183072507 0.9472686052 0.0369140357 -0.1227010339 -0.0797800794 0.9892318249
43.7 -510.9 2044.0 0.9848173857 -0.0182713270 0.1726292372 -0.0050358567 0.9910199046 0.1336195916 -0.1735204160 -0.1324602365 0.9758816361
129.6 456.8 1760.1 0 0 0 0 0 0 0 0 0
230.0 -224.3 2137.5 0 0 0 0 0 0 0 0 0
-69.1 -917.3 1955.1 0 0 0 0 0 0 0 0 0
50.6 -889.0 2094.5 0 0 0 0 0 0 0 0 0
102.0 463.6 1861.4 8 0.9157979488 0.1015002728 -0.3886023164 0.0771613196 0.9050551057 0.4182360768 0.3941575885 -0.4130048156 0.8210157156
78.4 253.3 1957.4 0.9157979488 0.1015002728 -0.3886023164 0.0771613196 0.9050551057 0.4182360768 0.3941575885 -0.4130048156 0.8210157156
79.7 54.7 1962.3 0.9127340913 -0.0063645318 -0.4085046053 0.0158181060 0.9996794462 0.0197677873 0.4082478583 -0.0245045032 0.9125421643
-54.9 251.0 1897.8 -0.1988349110 -0.7931265831 -0.5756864548 0.0694976375 0.5745255351 -0.8155308366 0.9775657058 -0.2021648437 -0.0591153093
-5.0 233.5 1652.2 -0.4768634140 -0.7931265831 0.3788819015 -0.7922617197 0.5745255351 0.2055280060 -0.3806870580 -0.2021648437 -0.9023340344
211.7 255.6 2017.0 -0.0036478920 0.9903740287 -0.1383691281 -0.8336633444 0.0734049976 0.5473729372 0.5522609353 0.1173500270 0.8253707290
210.7 28.3 2167.6 0.0871596634 0.9903740287 -0.1075291410 -0.9893311858 0.0734049976 -0.1258391142 -0.1167346090 0.1173500270 0.9862058759
0.2 -142.5 1931.4 0.9174451232 0.1134324372 0.3813495636 -0.1026423723 0.9935308695 -0.0485902578 -0.3843942583 0.0054362705 0.9231530428
-44.9 -537.3 1929.2 0.9193973541 0.0637059584 0.3881366253 -0.0769196749 0.9968640804 0.0185851250 -0.3857354522 -0.0469424576 0.9214144349
166.5 -137.2 2008.5 0.9377526045 0.3096864820 0.1572080404 -0.3189460039 0.9470539093 0.0369105302 -0.1374537945 -0.0847538188 0.9868754745
43.4 -513.6 2042.2 0.9806288481 -0.0166936778 0.1951624751 -0.0143450545 0.9875653982 0.1565530002 -0.1953491569 -0.1563200057 0.9681956172
129.3 456.6 1759.4 0 0 0 0 0 0 0 0 0
233.4 -228.7 2137.3 0 0 0 0 0 0 0 0 0
-69.2 -918.0 1947.1 0 0 0 0 0 0 0 0 0
49.8 -890.6 2101.9 0 0 0 0 0 0 0 0 0
101.9 460.0 1858.1 9 0.9231222272 0.0779300705 -0.3765266240 0.0909124240 0.9072443247 0.4106612504 0.3736045063 -0.4133214653 0.8304125667
83.7 247.8 1954.8 0.9231222272 0.0779300705 -0.3765266240 0.0909124240 0.9072443247 0.4106612504 0.3736045063 -0.4133214653 0.8304125667
80.3 49.3 1962.5 0.9185554385 0.0172663033 -0.3949148357 -0.0005383745 0.9990993142 0.0424299687 0.3952917457 -0.0387616679 0.9177374244
-50.5 247.9 1897.1 -0.1866738945 -0.7998854518 -0.5703824759 0.0640650541 0.5694408417 -0.8195320368 0.9803308249 -0.1895268261 -0.0550550409
-4.1 232.0 1653.3 -0.4761897326 -0.7998854518 0.3652760983 -0.7943956852 0.5694408417 0.2113589048 -0.3770660460 -0.1895268261 -0.9065874219
217.8 247.7 2012.6 -0.0247549806 0.9870401621 -0.1585526168 -0.8268080950 0.0689367950 0.5582437515 0.5619390607 0.1449119002 0.8143862486
211.1 23.2 2165.1 0.0871295854 0.9870401621 -0.1347596943 -0.9885497093 0.0689367950 -0.1342281252 -0.1231986508 0.1449119002 0.9817447066
-2.8 -145.4 1929.7 0.9134143591 0.1046810970 0.3933396339 -0.0953514501 0.9945038557 -0.0432460122 -0.3957048059 0.0019960254 0.9183756113
-44.4 -540.6 1928.9 0.9147276878 0.0678295866 0.3983369768 -0.0780810341 0.9969012737 0.0095484126 -0.3964549899 -0.0398367643 0.9171894193
164.6 -142.5 2004.6 0.9356943965 0.3086205423 0.1709659398 -0.3201327920 0.9463619590 0.0437497683 -0.1482935846 -0.0956682116 0.9843051434
42.0 -518.6 2042.6 0.9783129692 -0.0326578207 0.2045415193 0.0016970529 0.9887230396 0.1497460902 -0.2071252912 -0.1461514235 0.9673359990
130.0 455.7 1759.5 0 0 0 0 0 0 0 0 0
233.7 -233.7 2133.1 0 0 0 0 0 0 0 0 0
-70.3 -921.4 1944.2 0 0 0 0 0 0 0 0 0
54.4 -896.1 2098.4 0 0 0 0 0 0 0 0 0
102.4 458.6 1855.9 0 0.9284930825 0.0714949518 -0.3644023538 0.0922896564 0.9060777426 0.4129234850 0.3596988022 -0.4170271456 0.8346886635
85.6 245.8 1953.9 0.9284930825 0.0714949518 -0.3644023538 0.0922896564 0.9060777426 0.4129234850 0.3596988022 -0.4170271456 0.8346886635
79.9 47.4 1962.6 0.9231272936 0.0287471283 -0.3834183812 -0.0096659986 0.9986210465 0.0516003966 0.3843730092 -0.0439276136 0.9221321940
-49.2 247.3 1897.7 -0.1912107319 -0.8010779023 -0.5671971440 0.0736068413 0.5645295382 -0.8221243024 0.9787852168 -0.1989485919 -0.0489792973
-1.6 228.9 1653.9 -0.4696643353 -0.8010779023 0.3710654676 -0.7988861799 0.5645295382 0.2075747848 -0.3757610023 -0.1989485919 -0.9051094651
220.4 244.4 2010.0 -0.0340947397 0.9837160110 -0.1764662415 -0.8309234977 0.0702117831 0.5519388318 0.5553410649 0.1654481590 0.8149988651
211.1 16.5 2162.3 0.0903803185 0.9837160110 -0.1553518027 -0.9889270663 0.0702117831 -0.1307425350 -0.1177060008 0.1654481590 0.9791691303
-7.4 -149.0 1934.0 0.9105319977 0.0930997878 0.4028199017 -0.0788084865 0.9955352545 -0.0519499406 -0.4058579504 0.0155564565 0.9138037562
-44.4 -544.6 1927.9 0.9099897146 0.0701144859 0.4086596072 -0.0869456232 0.9959537387 0.0227300301 -0.4054123461 -0.0562152602 0.9124037623
161.1 -149.2 2006.5 0.9369348884 0.2984139919 0.1819398254 -0.3107061684 0.9495505095 0.0426091477 -0.1600458771 -0.0964518264 0.9823860526
42.5 -526.5 2044.9 0.9761782885 -0.0053448351 0.2169039845 -0.0296698976 0.9870170951 0.1578512043 -0.2149316221 -0.1605264395 0.9633460641
130.7 453.9 1759.7 0 0 0 0 0 0 0 0 0
234.6 -240.5 2131.8 0 0 0 0 0 0 0 0 0
-71.1 -925.1 1949.3 0 0 0 0 0 0 0 0 0
44.5 -903.4 2106.2 0 0 0 0 0 0 0 0 0
103.2 461.2 1862.3 1 0.9356538653 0.1217053235 -0.3312698305 0.0225734822 0.9160962701 0.4003224671 0.3521964252 -0.3820411563 0.8544016480
74.4 244.1 1952.9 0.9356538653 0.1217053235 -0.3312698305 0.0225734822 0.9160962701 0.4003224671 0.3521964252 -0.3820411563 0.8544016480
78.5 45.9 1960.6 0.9362232685 -0.0207498278 -0.3507925570 0.0333755612 0.9989930391 0.0299836639 0.3498171568 -0.0397793017 0.9359730482
-62.1 239.2 1901.8 -0.2417830974 -0.7835302949 -0.5723820925 0.0468614884 0.5797665715 -0.8134338856 0.9691981077 -0.2234972417 -0.1034603715
-0.6 227.3 1655.4 -0.4794831872 -0.7835302949 0.3951913416 -0.7929345965 0.5797665715 0.1874177158 -0.3759661913 -0.2234972417 -0.8992766142
210.9 249.0 2004.0 -0.0007976571 0.9874408245 -0.1579874307 -0.8383162022 0.0854719356 0.5384426117 0.5451837182 0.1328729242 0.8277194500
210.7 12.2 2158.0 0.0994055420 0.9874408245 -0.1227974147 -0.9898024201 0.0854719356 -0.1139549017 -0.1020279825 0.1328729242 0.9858676791
-10.4 -150.0 1936.1 0.8949166536 0.0888346285 0.4373014569 -0.0717237964 0.9958778024 -0.0555260256 -0.4404314458 0.0183262452 0.8975991607
-45.7 -545.8 1928.9 0.8943729401 0.0611226782 0.4431264400 -0.0812574029 0.9963388443 0.0265737325 -0.4398798347 -0.0597741306 0.8960651755
158.9 -151.8 2006.7 0.9305186272 0.2978820801 0.2130760550 -0.3123538792 0.9492442012 0.0370208137 -0.1912333667 -0.1010036841 0.9763339758
40.5 -529.1 2046.8 0.9699594378 -0.0222816262 0.2422440201 -0.0105238045 0.9910209179 0.1332921237 -0.2430388480 -0.1318372935 0.9610156417
134.4 450.6 1761.2 0 0 0 0 0 0 0 0 0
236.5 -245.0 2131.5 0 0 0 0 0 0 0 0 0
-69.1 -926.5 1951.7 0 0 0 0 0 0 0 0 0
49.0 -907.4 2097.1 0 0 0 0 0 0 0 0 0
105.2 464.5 1881.1 2 0.9355825186 0.1565082073 -0.3165287971 -0.0448907241 0.9418525100 0.3330144882 0.3502429426 -0.2973533571 0.8882065415
68.5 244.1 1950.7 0.9355825186 0.1565082073 -0.3165287971 -0.0448907241 0.9418525100 0.3330144882 0.3502429426 -0.2973533571 0.8882065415
76.4 46.0 1960.6 0.9415549636 -0.0394195095 -0.3345449865 0.0540535823 0.9979403615 0.0345427319 0.3324942887 -0.0506072342 0.9417464733
-68.8 236.2 1902.1 -0.2644101679 -0.7720283866 -0.5779787302 0.0592797920 0.5851641297 -0.8087452054 0.9625867009 -0.2481029034 -0.1089576632
-1.6 221.1 1657.4 -0.4889831543 -0.7720283866 0.4060389400 -0.7962036729 0.5851641297 0.1537615061 -0.3563076854 -0.2481029034 -0.9008272886
205.9 252.0 1999.2 0.0140348095 0.9919943213 -0.1254999340 -0.8246416450 0.0824651495 0.5596120954 0.5654814243 0.0956384167 0.8191972375
209.8 20.7 2157.8 0.0914229751 0.9919943213 -0.0871151388 -0.9914216399 0.0824651495 -0.1014031619 -0.0934074000 0.0956384167 0.9910238981
-3.1 -155.5 1936.3 0.8854203224 0.1116922349 0.4511715174 -0.0897580683 0.9935142994 -0.0698054209 -0.4560420811 0.0213108510 0.8897030354
-47.5 -550.2 1927.8 0.8860737085 0.0442028791 0.4614319801 -0.0767510310 0.9956933260 0.0520002022 -0.4571461976 -0.0814913958 0.8856503367
168.3 -149.3 2000.4 0.9206063747 0.3178965449 0.2267722338 -0.3354768157 0.9410817623 0.0426659510 -0.1998478621 -0.1153553724 0.9730128050
42.0 -523.2 2046.3 0.9660519958 0.0033878624 0.2583254576 -0.0407514423 0.9893942475 0.1394213438 -0.2551133633 -0.1452153921 0.9559443593
136.0 445.3 1757.7 0 0 0 0 0 0 0 0 0
233.6 -236.9 2133.6 0 0 0 0 0 0 0 0 0
-64.4 -930.5 1958.9 0 0 0 0 0 0 0 0 0
40.7 -900.9 2101.7 0 0 0 0 0 0 0 0 0
106.5 466.6 1895.4 3 0.9275072813 0.1847719103 -0.3249455690 -0.0897817686 0.9539611340 0.2861771286 0.3628629446 -0.2362571657 0.9013950229
63.8 246.4 1949.9 0.9275072813 0.1847719103 -0.3249455690 -0.0897817686 0.9539611340 0.2861771286 0.3628629446 -0.2362571657 0.9013950229
74.2 48.4 1961.6 0.9383063912 -0.0524017178 -0.3418116271 0.0693733096 0.9968816042 0.0376087688 0.3387749493 -0.0590011552 0.9390156269
-73.1 236.2 1900.5 -0.2736066282 -0.7531765699 -0.5982177854 0.0807541385 0.6017665267 -0.7945790291 0.9584457278 -0.2657106519 -0.1038251892
-4.6 216.0 1660.3 -0.5112617016 -0.7531765699 0.4139282405 -0.7896643281 0.6017665267 0.1196132898 -0.3391780853 -0.2657106519 -0.9024168253
200.8 256.5 1999.4 0.0243538916 0.9906851053 -0.1339774877 -0.8210483789 0.0962791368 0.5626809597 0.5703388453 0.0962985232 0.8157451749
207.6 27.4 2158.6 0.1051742360 0.9906851053 -0.0864954218 -0.9901884794 0.0962791368 -0.1012772396 -0.0920061469 0.0962985232 0.9910910726
-2.0 -157.1 1940.1 0.8891720772 0.1138250902 0.4431893826 -0.0877032802 0.9930031300 -0.0790753514 -0.4490891993 0.0314424336 0.8929334879
-47.3 -551.7 1927.6 0.8900537491 0.0471454561 0.4534110427 -0.0715471581 0.9967579246 0.0368059166 -0.4502058327 -0.0651995167 0.8905412555
170.4 -147.2 2001.0 0.9206346273 0.3239789605 0.2178750336 -0.3420181870 0.9383699894 0.0498525612 -0.1882962137 -0.1204132140 0.9747025967
41.7 -520.1 2048.9 0.9688438177 -0.0199496634 0.2468677014 -0.0143360971 0.9905623198 0.1363111585 -0.2472572178 -0.1356033385 0.9594141841
139.3 438.2 1755.8 0 0 0 0 0 0 0 0 0
234.9 -229.9 2134.7 0 0 0 0 0 0 0 0 0
-65.3 -932.5 1952.5 0 0 0 0 0 0 0 0 0
49.3 -898.3 2100.6 0 0 0 0 0 0 0 0 0
106.7 468.6 1903.6 4 0.9166525006 0.1981855929 -0.3470888436 -0.1067634746 0.9582635164 0.2652030289 0.3851619959 -0.2060426027 0.8995535970
61.2 248.4 1950.9 0.9166525006 0.1981855929 -0.3470888436 -0.1067634746 0.9582635164 0.2652030289 0.3851619959 -0.2060426027 0.8995535970
73.0 50.4 1962.4 0.9296464920 -0.0596424155 -0.3635933697 0.0765782893 0.9965392947 0.0323293246 0.3604068756 -0.0578982010 0.9309965968
-74.5 237.2 1898.3 -0.2720575631 -0.7385323048 -0.6168911457 0.1021561176 0.6152828932 -0.7816591859 0.9568431377 -0.2756755054 -0.0919467583
-7.8 212.2 1663.7 -0.5312076807 -0.7385323048 0.4151968360 -0.7828139067 0.6152828932 0.0928946584 -0.3240692019 -0.2756755054 -0.9049763083
196.9 259.6 2003.6 0.0401175097 0.9933082461 -0.1083017364 -0.8253993392 0.0940298215 0.5566635728 0.5631220937 0.0670602247 0.8236482143
208.0 32.0 2158.8 0.1000222415 0.9933082461 -0.0577428080 -0.9906814098 0.0940298215 -0.0985331014 -0.0924442038 0.0670602247 0.9934570789
-1.3 -156.0 1942.2 0.8989477158 0.1181988344 0.4218080938 -0.0880916417 0.9920161366 -0.0902433321 -0.4291070998 0.0439662710 0.9021829367
-48.3 -550.2 1924.8 0.9000176787 0.0405143499 0.4339662790 -0.0668288991 0.9967243671 0.0455462933 -0.4306994677 -0.0699939579 0.8997771144
170.6 -143.2 2004.3 0.9248902798 0.3284630477 0.1915463507 -0.3416104913 0.9390216470 0.0392504670 -0.1669738442 -0.1017366126 0.9806984067
40.1 -516.3 2044.8 0.9707263112 -0.0401239619 0.2368131280 -0.0017321948 0.9847529531 0.1739501506 -0.2401819974 -0.1692681909 0.9558560848
141.7 432.5 1754.9 0 0 0 0 0 0 0 0 0
234.0 -225.4 2134.8 0 0 0 0 0 0 0 0 0
-63.8 -931.0 1951.5 0 0 0 0 0 0 0 0 0
55.4 -892.2 2109.4 0 0 0 0 0 0 0 0 0
106.6 470.7 1911.7 5 0.9066233635 0.2022271603 -0.3703218699 -0.1156341359 0.9631441236 0.2428624928 0.4057866931 -0.1773629636 0.8965932727
60.5 251.3 1952.1 0.9066233635 0.2022271603 -0.3703218699 -0.1156341359 0.9631441236 0.2428624928 0.4057866931 -0.1773629636 0.8965932727
72.5 53.4 1964.0 0.9206966162 -0.0603900254 -0.3855784833 0.0787919685 0.9963745475 0.0320879370 0.3822427988 -0.0599237420 0.9221169353
-73.9 239.8 1896.3 -0.3002435863 -0.7245829701 -0.6203493476 0.1032019183 0.6218611598 -0.7762976885 0.9482632279 -0.2970996499 -0.1119314805
-2.1 215.1 1669.3 -0.5466374755 -0.7245829701 0.4197224975 -0.7811048627 0.6218611598 0.0562486984 -0.3017659783 -0.2970996499 -0.9059078693
194.9 262.8 2007.9 0.0520292148 0.9959620833 -0.0731605738 -0.8257287145 0.0841077939 0.5577615499 0.5616627336 0.0313908905 0.8267706037
209.3 35.1 2162.8 0.0871914700 0.9959620833 -0.0213812310 -0.9895200729 0.0841077939 -0.1173708364 -0.1150985733 0.0313908905 0.9928579330
-0.3 -154.5 1940.9 0.9078782201 0.1192019656 0.4019303918 -0.0961757079 0.9923760295 -0.0770714134 -0.4080531597 0.0313155167 0.9124209285
-47.7 -548.9 1928.4 0.9105336070 0.0464503951 0.4108173549 -0.0554623529 0.9984103441 0.0100379921 -0.4096980393 -0.0319248289 0.9116623998
170.1 -140.5 2007.0 0.9327437878 0.3178553283 0.1701676100 -0.3297155201 0.9429628253 0.0459214710 -0.1458653510 -0.0989398733 0.9843445420
43.8 -515.2 2046.3 0.9795935750 0.0052481350 0.2009200454 -0.0338990018 0.9896521568 0.1394256800 -0.1981092244 -0.1433914900 0.9696347713
151.4 434.4 1754.0 0 0 0 0 0 0 0 0 0
231.9 -221.9 2132.9 0 0 0 0 0 0 0 0 0
-65.4 -930.1 1940.6 0 0 0 0 0 0 0 0 0
41.8 -892.7 2101.0 0 0 0 0 0 0 0 0 0
107.2 468.9 1914.7 6 0.8922942281 0.2021590471 -0.4036616087 -0.1079281420 0.9637319446 0.2440743893 0.4383634031 -0.1742197275 0.8817511201
62.0 253.7 1953.6 0.8922942281 0.2021590471 -0.4036616087 -0.1079281420 0.9637319446 0.2440743893 0.4383634031 -0.1742197275 0.8817511201
73.0 55.7 1966.2 0.9061306119 -0.0550675653 -0.4193981886 0.0764622241 0.9964802265 0.0343612023 0.4160298109 -0.0632038563 0.9071518779
-70.2 242.5 1892.9 -0.3083217442 -0.7113180161 -0.6316362619 0.1220503822 0.6289172173 -0.7678325772 0.9434200525 -0.3138309419 -0.1070922166
1.2 214.2 1674.2 -0.5618203878 -0.7113180161 0.4223559797 -0.7770519257 0.6289172173 0.0255626068 -0.2838100791 -0.3138309419 -0.9060695171
194.3 264.8 2014.4 0.0573272258 0.9965854883 -0.0594213717 -0.8349129558 0.0804909021 0.5444644690 0.5473883152 0.0183990318 0.8366764784
210.0 36.4 2164.1 0.0820422098 0.9965854883 -0.0092943981 -0.9904363155 0.0804909021 -0.1120584533 -0.1109277159 0.0183990318 0.9936581254
0.1 -151.8 1940.9 0.9221510291 0.1190731749 0.3680475652 -0.0988432094 0.9923914671 -0.0734112486 -0.3739885688 0.0313172564 0.9269043803
-47.2 -546.2 1928.4 0.9249099493 0.0496780761 0.3769265413 -0.0585999154 0.9982066154 0.0122322571 -0.3756428957 -0.0334016010 0.9261623621
168.9 -137.4 2010.9 0.9358743429 0.3255973160 0.1346312910 -0.3345070481 0.9411034584 0.0492886752 -0.1106537133 -0.0911631212 0.9896691442
39.5 -511.3 2047.2 0.9853023887 -0.0430638641 0.1653017402 0.0198645983 0.9900211692 0.1395115554 -0.1696601212 -0.1341774166 0.9763256907
158.7 432.0 1753.8 0 0 0 0 0 0 0 0 0
231.3 -220.9 2135.3 0 0 0 0 0 0 0 0 0
-66.2 -927.5 1941.2 0 0 0 0 0 0 0 0 0
55.9 -888.9 2098.3 0 0 0 0 0 0 0 0 0
107.6 464.8 1916.7 7 0.8724666834 0.2048871070 -0.4436475337 -0.0986068100 0.9629989266 0.2508182526 0.4786215425 -0.1750839055 0.8603877425
62.8 254.5 1955.0 0.8724666834 0.2048871070 -0.4436475337 -0.0986068100 0.9629989266 0.2508182526 0.4786215425 -0.1750839055 0.8603877425
72.6 56.4 1968.0 0.8861609697 -0.0494102165 -0.4607357085 0.0739953667 0.9966287017 0.0354393274 0.4574313760 -0.0654972568 0.8868295550
-66.4 243.6 1888.3 -0.3121421039 -0.7084674835 -0.6329621673 0.1392460912 0.6249384880 -0.7681551576 0.9397754073 -0.3279110789 -0.0964182839
2.9 212.7 1679.4 -0.5675684214 -0.7084674835 0.4194519520 -0.7806735635 0.6249384880 -0.0008035055 -0.2615624070 -0.3279110789 -0.9077771902
192.1 265.3 2021.7 0.0677589774 0.9968649149 -0.0408545397 -0.8455454707 0.0791129023 0.5280095339 0.5295862556 -0.0012330126 0.8482552171
210.5 35.2 2165.8 0.0783858672 0.9968649149 0.0107716406 -0.9895854592 0.0791129023 -0.1202569678 -0.1207321286 -0.0012330126 0.9926843643
0.9 -149.4 1940.6 0.9357064962 0.1338728219 0.3263914585 -0.1204873919 0.9908397198 -0.0609871298 -0.3315661550 0.0177400000 0.9432651401
-52.3 -543.1 1933.5 0.9416382909 -0.0023760740 0.3366179764 -0.0059580067 0.9997007847 0.0237231851 -0.3365736306 -0.0243442319 0.9413424134
166.9 -135.3 2016.8 0.9426394105 0.3218835890 0.0884412080 -0.3267703652 0.9439116120 0.0474548712 -0.0682057440 -0.0736327991 0.9949503541
39.0 -510.4 2046.1 0.9908769727 -0.0590991192 0.1211201549 0.0413144231 0.9886549115 0.1444113255 -0.1282806098 -0.1380898505 0.9820770025
162.1 431.6 1752.8 0 0 0 0 0 0 0 0 0
230.9 -221.9 2134.4 0 0 0 0 0 0 0 0 0
-51.4 -924.5 1942.8 0 0 0 0 0 0 0 0 0
61.6 -887.7 2098.8 0 0 0 0 0 0 0 0 0
108.6 462.6 1921.3 8 0.8397444487 0.2203159183 -0.4962763488 -0.0945414677 0.9593483806 0.2659184635 0.5346879959 -0.1763848662 0.8264364004
62.3 260.8 1958.4 0.8397444487 0.2203159183 -0.4962763488 -0.0945414677 0.9593483806 0.2659184635 0.5346879959 -0.1763848662 0.8264364004
74.7 62.7 1968.4 0.8537935615 -0.0620226078 -0.5169040561 0.0790746361 0.9968079329 0.0110054919 0.5145714879 -0.0502704158 0.8559725881
-62.1 249.3 1883.4 -0.3127329648 -0.6907188892 -0.6520011425 0.1784563363 0.6314805150 -0.7545765042 0.9329262972 -0.3523346782 -0.0742216036
4.4 211.4 1685.0 -0.5822855830 -0.6907188892 0.4287783504 -0.7746155858 0.6314805150 -0.0346844606 -0.2468079776 -0.3523346782 -0.9027436376
186.6 272.2 2033.3 0.0838774964 0.9958424568 -0.0355297960 -0.8668977618 0.0905062333 0.4902008176 0.4913784564 -0.0103161167 0.8708850741
209.8 33.0 2168.9 0.0885141566 0.9958424568 0.0215184689 -0.9881851673 0.0905062333 -0.1236877292 -0.1251210421 -0.0103161167 0.9920878410
1.3 -148.4 1939.0 0.9546213150 0.1277732551 0.2690206766 -0.1175395772 0.9916054606 -0.0538801551 -0.2736468315 0.0198145695 0.9616261125
-49.5 -542.5 1931.2 0.9602962732 0.0255468283 0.2778099477 -0.0324587375 0.9992667437 0.0203085262 -0.2770874202 -0.0285195634 0.9604213834
163.6 -134.8 2022.8 0.9517800808 0.3051098883 0.0319789983 -0.3064697385 0.9503297806 0.0543101169 -0.0138200428 -0.0614918843 0.9980118871
42.4 -512.4 2047.3 0.9983586669 -0.0215982683 0.0530423373 0.0150980139 0.9926560521 0.1200252250 -0.0552451313 -0.1190273911 0.9913528562
168.0 429.0 1754.3 0 0 0 0 0 0 0 0 0
232.8 -223.7 2136.4 0 0 0 0 0 0 0 0 0
-59.2 -923.9 1942.1 0 0 0 0 0 0 0 0 0
50.6 -891.2 2092.7 0 0 0 0 0 0 0 0 0
109.7 457.3 1916.0 9 0.8191732168 0.2217372507 -0.5289497972 -0.0640847981 0.9518554807 0.2997737527 0.5699547529 -0.2116689980 0.7939444780
64.6 263.9 1959.0 0.8191732168 0.2217372507 -0.5289497972 -0.0640847981 0.9518554807 0.2997737527 0.5699547529 -0.2116689980 0.7939444780
76.0 65.9 1971.4 0.8315069079 -0.0569787733 -0.5525845885 0.0817634240 0.9964452386 0.0202876050 0.5494643450 -0.0620504916 0.8332098722
-56.5 252.0 1878.9 -0.3076523840 -0.6922280192 -0.6528172493 0.2281631678 0.6124052405 -0.7569025159 0.9237378240 -0.3818117082 -0.0304669794
6.0 205.6 1691.0 -0.5734692812 -0.6922280192 0.4381247461 -0.7879657745 0.6124052405 -0.0637948811 -0.2241492718 -0.3818117082 -0.8966475725
185.8 275.8 2039.1 0.0904592499 0.9958136678 -0.0131247183 -0.8738609552 0.0856885538 0.4785650074 0.4776862264 -0.0318214521 0.8779540062
210.8 34.9 2170.8 0.0811221525 0.9958136678 0.0421227962 -0.9889187813 0.0856885538 -0.1212316528 -0.1243335754 -0.0318214521 0.9917300940
9.0 -142.5 1931.4 0.9626765251 0.1419902891 0.2304183692 -0.1393460184 0.9898535609 -0.0277949031 -0.2320270538 -0.0053503807 0.9726946354
-47.4 -535.7 1933.5 0.9713885784 0.0381645598 0.2344092131 -0.0394278131 0.9992221594 0.0007032798 -0.2342000455 -0.0099254008 0.9721377492
165.1 -128.1 2025.5 0.9501609206 0.3115164936 -0.0123167560 -0.3103750050 0.9489213228 0.0567065477 0.0293526575 -0.0500575341 0.9983149171
41.4 -505.2 2045.4 0.9994804859 -0.0310482867 0.0086484840 0.0297832880 0.9922838807 0.1203564405 -0.0123186121 -0.1200363263 0.9926930666
168.9 429.3 1754.6 0 0 0 0 0 0 0 0 0
231.8 -222.0 2138.5 0 0 0 0 0 0 0 0 0
-62.0 -917.2 1937.3 0 0 0 0 0 0 0 0 0
53.2 -884.1 2091.3 0 0 0 0 0 0 0 0 0
110.4 456.8 1917.9 0 0.8045431972 0.2210520953 -0.5512225032 -0.0609420799 0.9539784789 0.2936172187 0.5907590985 -0.2026350945 0.7809882760
66.1 265.6 1958.5 0.8045431972 0.2210520953 -0.5512225032 -0.0609420799 0.9539784789 0.2936172187 0.5907590985 -0.2026350945 0.7809882760
76.4 68.3 1977.8 0.8183515072 -0.0520967692 -0.5723519325 0.0982539505 0.9939036965 0.0500166044 0.5662569404 -0.0971670002 0.8184812665
-53.3 251.3 1875.9 -0.2962337136 -0.6965095997 -0.6535441279 0.2676202357 0.5963174105 -0.7568256259 0.9168560505 -0.3990989029 0.0097507471
4.8 198.8 1696.3 -0.5643904209 -0.6965095997 0.4431002140 -0.7987486124 0.5963174105 -0.0800389349 -0.2084804773 -0.3990989029 -0.8928918839
185.5 280.0 2041.1 0.0860479400 0.9959709644 -0.0252514482 -0.8809885383 0.0879008174 0.4649006724 0.4652471840 -0.0177575089 0.8850026727
209.4 34.9 2170.5 0.0854309648 0.9959709644 0.0272659753 -0.9902371764 0.0879008174 -0.1081840992 -0.1101449206 -0.0177575089 0.9937568903
11.2 -139.5 1933.4 0.9694061279 0.1417028606 0.2004297823 -0.1364272684 0.9898436069 -0.0399653055 -0.2040573359 0.0113985250 0.9788925648
-45.1 -532.8 1928.9 0.9755864143 0.0639521778 0.2100981027 -0.0720898136 0.9969069958 0.0312971734 -0.2074467391 -0.0456790291 0.9771792293
163.4 -124.6 2034.0 0.9533439875 0.2969796658 -0.0542060621 -0.2954557538 0.9547358751 0.0344278850 0.0619768575 -0.0168061256 0.9979360700
45.4 -503.7 2040.7 0.9997447133 0.0118981022 -0.0192081444 -0.0089781657 0.9893150926 0.1455163360 0.0207342766 -0.1453067362 0.9891693592
167.5 429.1 1756.4 0 0 0 0 0 0 0 0 0
231.6 -222.3 2141.9 0 0 0 0 0 0 0 0 0
-69.5 -913.2 1946.3 0 0 0 0 0 0 0 0 0
40.9 -881.2 2096.1 0 0 0 0 0 0 0 0 0
111.0 455.6 1924.3 1 0.7837073207 0.2294742614 -0.5771866441 -0.0791991949 0.9585855007 0.2735713422 0.6160603166 -0.1686871350 0.7694246769
65.8 266.9 1957.5 0.7837073207 0.2294742614 -0.5771866441 -0.0791991949 0.9585855007 0.2735713422 0.6160603166 -0.1686871350 0.7694246769
76.8 69.3 1974.9 0.7993729711 -0.0553251132 -0.5982825756 0.0965042636 0.9946460128 0.0369624533 0.5930344462 -0.0872836038 0.8004322052
-50.8 252.8 1871.0 -0.2858449519 -0.6881270409 -0.6669136882 0.3218727410 0.5865734816 -0.7431887388 0.9026021361 -0.4270980954 0.0538202822
2.5 192.8 1702.8 -0.5683514476 -0.6881270409 0.4510630369 -0.8016541600 0.5865734816 -0.1152482852 -0.1852761358 -0.4270980954 -0.8850197792
182.4 281.0 2044.1 0.0941476300 0.9955255985 -0.0080653289 -0.8787320256 0.0869047493 0.4693373740 0.4679382741 -0.0370997414 0.8829820752
208.4 39.2 2172.8 0.0826544911 0.9955255985 0.0457936861 -0.9911562204 0.0869047493 -0.1002844051 -0.1038153842 -0.0370997414 0.9939044118
11.7 -138.1 1945.2 0.9756801128 0.1408448219 0.1679615527 -0.1321441382 0.9892923236 -0.0619564578 -0.1748893261 0.0382545479 0.9838446379
-44.2 -531.1 1930.0 0.9818823934 0.0606344342 0.1795285195 -0.0659809485 0.9975332618 0.0239553023 -0.1776331514 -0.0353667475 0.9834610820
161.6 -120.1 2048.9 0.9494864941 0.2999237478 -0.0923102424 -0.3010368347 0.9536105394 0.0019502330 0.0886129439 0.0259370655 0.9957283735
42.6 -498.6 2038.6 0.9990058541 -0.0194743872 -0.0401004292 0.0257941186 0.9861777425 0.1636707783 0.0363587625 -0.1645424217 0.9856996536
167.9 426.2 1756.7 0 0 0 0 0 0 0 0 0
229.8 -218.4 2145.8 0 0 0 0 0 0 0 0 0
-67.4 -912.0 1943.5 0 0 0 0 0 0 0 0 0
50.0 -874.9 2101.4 0 0 0 0 0 0 0 0 0
109.6 459.5 1928.0 2 0.7727348208 0.1942045838 -0.6042892337 -0.0515970439 0.9681114554 0.2451488972 0.6326283813 -0.1582555473 0.7581138015
69.4 259.0 1960.8 0.7727348208 0.1942045838 -0.6042892337 -0.0515970439 0.9681114554 0.2451488972 0.6326283813 -0.1582555473 0.7581138015
78.6 61.0 1973.4 0.7823265195 -0.0459867977 -0.6211686134 0.0755669326 0.9969117641 0.0213681702 0.6182675958 -0.0636566877 0.7833855748
-44.8 248.0 1870.6 -0.2677665949 -0.6874545217 -0.6750609875 0.3393908441 0.5884382129 -0.7338626385 0.9017288089 -0.4256134331 0.0757516772
3.0 187.5 1709.9 -0.5781266689 -0.6874545217 0.4395177066 -0.7981153131 0.5884382129 -0.1294311583 -0.1696509719 -0.4256134331 -0.8888598084
183.6 270.0 2051.0 0.0959569588 0.9952085018 0.0187707581 -0.8877665401 0.0770383105 0.4538013935 0.4501809180 -0.0602094531 0.8909051418
208.7 37.0 2169.2 0.0726242214 0.9952085018 0.0654660389 -0.9947316647 0.0770383105 -0.0676315352 -0.0723508671 -0.0602094531 0.9955602288
14.6 -137.1 1937.9 0.9781889319 0.1498140246 0.1438824534 -0.1435100287 0.9882127643 -0.0532949232 -0.1501708180 0.0314839296 0.9881586432
-45.0 -529.7 1925.4 0.9858458638 0.0516309775 0.1595061123 -0.0612300076 0.9965593815 0.0558600239 -0.1560732126 -0.0648359284 0.9856152534
161.0 -119.4 2046.5 0.9495087862 0.2933565676 -0.1112427339 -0.2941153347 0.9557186961 0.0098995892 0.1092208698 0.0233184472 0.9937439561
44.5 -499.0 2037.3 0.9982541203 -0.0063597281 -0.0587218627 0.0165874492 0.9843623638 0.1753727198 0.0566882677 -0.1760405898 0.9827492833
171.6 420.4 1759.4 0 0 0 0 0 0 0 0 0
227.6 -221.4 2150.4 0 0 0 0 0 0 0 0 0
-64.7 -910.2 1950.2 0 0 0 0 0 0 0 0 0
46.9 -874.8 2104.5 0 0 0 0 0 0 0 0 0
107.5 462.9 1924.9 3 0.7773535848 0.1762151420 -0.6038788557 -0.0405130163 0.9719951749 0.2314824164 0.6277580261 -0.1554787308 0.7627229095
69.7 254.2 1958.3 0.7773535848 0.1762151420 -0.6038788557 -0.0405130163 0.9719951749 0.2314824164 0.6277580261 -0.1554787308 0.7627229095
72.1 56.3 1973.4 0.7854415774 -0.0120045841 -0.6188193560 0.0564694069 0.9970318675 0.0523326658 0.6163544059 -0.0760486126 0.7837881446
-44.9 246.0 1868.3 -0.2460264266 -0.6693723798 -0.7010075450 0.4003893435 0.5884609222 -0.7024258971 0.8827000260 -0.4534913003 0.1232326478
-3.0 177.8 1717.9 -0.6024653316 -0.6693723798 0.4347138405 -0.7871313095 0.5884609222 -0.1847648323 -0.1321356148 -0.4534913003 -0.8814112544
184.3 262.5 2048.3 0.0950013325 0.9953852296 0.0135277519 -0.8885161877 0.0786579475 0.4520530403 0.4489028454 -0.0549652688 0.8918884993
210.0 22.7 2169.4 0.0748128816 0.9953852296 0.0600939803 -0.9948198199 0.0786579475 -0.0643928647 -0.0688225776 -0.0549652688 0.9961135983
16.1 -143.9 1929.4 0.9771981239 0.1542602181 0.1459025741 -0.1511515677 0.9879851937 -0.0322254263 -0.1491206735 0.0094372267 0.9887739420
-45.2 -536.4 1925.7 0.9853426218 0.0579797104 0.1604315341 -0.0692481846 0.9954429865 0.0655587465 -0.1558993608 -0.0757074133 0.9848673940
159.5 -130.1 2042.7 0.9524029493 0.2840253413 -0.1107167155 -0.2834236622 0.9587544799 0.0214692429 0.1122479513 0.0109323664 0.9936200976
46.6 -511.0 2038.3 0.9981046915 0.0083513344 -0.0609693602 0.0029951318 0.9829820991 0.1836769730 0.0614657365 -0.1835114509 0.9810940623
172.9 407.7 1756.5 0 0 0 0 0 0 0 0 0
229.4 -235.7 2151.5 0 0 0 0 0 0 0 0 0
-67.3 -916.6 1954.6 0 0 0 0 0 0 0 0 0
43.4 -886.4 2108.4 0 0 0 0 0 0 0 0 0
105.1 468.2 1917.3 4 0.7708171010 0.1665414423 -0.6149023771 -0.0126236267 0.9690277576 0.2466290146 0.6369314194 -0.1823435575 0.7490454912
68.6 255.8 1957.3 0.7708171010 0.1665414423 -0.6149023771 -0.0126236267 0.9690277576 0.2466290146 0.6369314194 -0.1823435575 0.7490454912
71.7 58.1 1975.3 0.7770975828 -0.0154347615 -0.6291908026 0.0690394789 0.9957569242 0.0608418621 0.6255820394 -0.0907190666 0.7748659253
-44.8 245.7 1866.0 -0.2037443072 -0.6464497447 -0.7352489233 0.4762247801 0.5907254815 -0.6513473392 0.8553935885 -0.4828520715 0.1874984354
-11.0 166.7 1724.1 -0.6309608817 -0.6464497447 0.4289417863 -0.7697321773 0.5907254815 -0.2419829071 -0.0969570652 -0.4828520715 -0.8703178763
182.1 265.9 2048.6 0.0959041491 0.9953895211 0.0014567584 -0.8865247965 0.0847495347 0.4548530281 0.4526324570 -0.0449137464 0.8905653358
208.8 19.0 2174.7 0.0803328156 0.9953895211 0.0524057932 -0.9924771786 0.0847495347 -0.0883550048 -0.0923890099 -0.0449137464 0.9947094917
2.6 -146.8 1932.0 0.9837290049 0.1222880557 0.1316164136 -0.1195569113 0.9924185872 -0.0284868404 -0.1341021657 0.0122876801 0.9908913374
-46.0 -540.9 1927.1 0.9883932471 0.0557789281 0.1413064599 -0.0639464483 0.9964950085 0.0539311096 -0.1378029585 -0.0623411909 0.9884957671
146.5 -136.5 2045.0 0.9574269652 0.2607448399 -0.1238780320 -0.2584093511 0.9654068351 0.0348468237 0.1286788285 -0.0013520449 0.9916853905
42.9 -519.9 2045.5 0.9950768948 -0.0176065210 -0.0975292325 0.0302760601 0.9910526872 0.1299919933 0.0943678990 -0.1323048323 0.9867067337
173.6 392.0 1752.4 0 0 0 0 0 0 0 0 0
229.7 -238.8 2150.7 0 0 0 0 0 0 0 0 0
-67.3 -921.6 1950.9 0 0 0 0 0 0 0 0 0
49.6 -897.9 2096.0 0 0 0 0 0 0 0 0 0
104.2 469.9 1914.0 5 0.7727260590 0.1691849232 -0.6117768288 -0.0155551322 0.9685811996 0.2482105792 0.6345490217 -0.1822825223 0.7510796189
66.6 254.7 1954.6 0.7727260590 0.1691849232 -0.6117768288 -0.0155551322 0.9685811996 0.2482105792 0.6345490217 -0.1822825223 0.7510796189
71.0 57.0 1974.1 0.7797998786 -0.0221099257 -0.6256383657 0.0788803771 0.9948813915 0.0631581396 0.6210395098 -0.0986012965 0.7775523663
-47.3 243.1 1863.9 -0.1796810329 -0.6206330061 -0.7632361054 0.5491400957 0.5804446936 -0.6012729406 0.8161861897 -0.5271608829 0.2365195602
-18.2 154.4 1731.9 -0.6516256928 -0.6206330061 0.4361176789 -0.7557527423 0.5804446936 -0.3031859398 -0.0649749786 -0.5271608829 -0.8472778201
180.5 266.2 2045.3 0.1051780879 0.9941833615 0.0231731795 -0.8632976413 0.0797150806 0.4983599782 0.4936139584 -0.0724219009 0.8666604161
209.7 26.7 2182.2 0.0713413283 0.9941833615 0.0806835815 -0.9911834598 0.0797150806 -0.1058339402 -0.1116500422 -0.0724219009 0.9911050797
3.5 -146.0 1936.0 0.9831398726 0.1252302676 0.1332415640 -0.1196798161 0.9916069508 -0.0489126630 -0.1382485926 0.0321416669 0.9898758531
-46.2 -539.9 1923.2 0.9876289368 0.0547023267 0.1469581425 -0.0651519299 0.9956061840 0.0672569647 -0.1426333189 -0.0759995282 0.9868534803
146.0 -133.4 2050.7 0.9584510326 0.2564933598 -0.1248309314 -0.2559931278 0.9664652944 0.0203077495 0.1258535683 0.0124918781 0.9919701815
44.1 -517.3 2045.7 0.9957615137 0.0123844789 -0.0911355093 0.0008039962 0.9896827936 0.1432733983 0.0919696167 -0.1427394003 0.9854781032
173.5 376.8 1751.0 0 0 0 0 0 0 0 0 0
228.2 -230.8 2153.2 0 0 0 0 0 0 0 0 0
-67.1 -920.3 1952.3 0 0 0 0 0 0 0 0 0
39.4 -895.0 2100.2 0 0 0 0 0 0 0 0 0
102.0 468.5 1909.4 6 0.8259575963 0.1288037896 -0.5488201976 -0.0143151227 0.9780259132 0.2079911828 0.5635504127 -0.1639354825 0.8096517920
74.7 261.1 1944.2 0.8259575963 0.1288037896 -0.5488201976 -0.0143151227 0.9780259132 0.2079911828 0.5635504127 -0.1639354825 0.8096517920
70.3 64.0 1967.0 0.8304684758 0.0227437764 -0.5566011667 0.0443615764 0.9932928681 0.1067768484 0.5552964807 -0.1133665144 0.8238894939
-46.1 254.9 1863.3 -0.1242910549 -0.5694419146 -0.8125808239 0.6870276332 0.5414843559 -0.4845490456 0.7159223557 -0.6184905767 0.3239206672
-25.4 140.6 1744.2 -0.6753332019 -0.5694419146 0.4686799645 -0.7371356487 0.5414843559 -0.4042595029 -0.0235805586 -0.6184905767 -0.7854382992
195.5 267.3 2025.0 0.0493757054 0.9980025887 -0.0394070707 -0.8378252983 0.0628645122 0.5423069000 0.5437009931 0.0062394547 0.8392558098
209.6 27.9 2180.4 0.0631655157 0.9980025887 -0.0009975021 -0.9945586324 0.0628645122 -0.0830734968 -0.0828448609 0.0062394547 0.9965429306
3.9 -147.8 1936.8 0.9706441760 0.1226128787 0.2069201022 -0.1117929444 0.9917170405 -0.0632423759 -0.2129605263 0.0382536352 0.9763116837
-44.8 -541.9 1921.6 0.9732756615 0.0513788871 0.2238185704 -0.0743949190 0.9926318526 0.0956419334 -0.2172554731 -0.1097369343 0.9699267149
146.9 -133.4 2050.7 0.9642099142 0.2592971623 -0.0553554855 -0.2597961128 0.9656616449 -0.0018908784 0.0529643670 0.0162043441 0.9984649420
43.9 -517.1 2044.2 0.9998582006 0.0058204141 -0.0158029031 -0.0034996734 0.9897028804 0.1430941969 0.0164730456 -0.1430185884 0.9895828962
174.2 358.5 1751.2 0 0 0 0 0 0 0 0 0
226.0 -230.4 2158.9 0 0 0 0 0 0 0 0 0
-64.4 -920.9 1963.5 0 0 0 0 0 0 0 0 0
41.7 -895.0 2098.8 0 0 0 0 0 0 0 0 0
101.8 468.0 1909.6 7 0.8526886702 0.1159713715 -0.5093845725 -0.0285195839 0.9839286208 0.1762700081 0.5216403008 -0.1357760131 0.8422922492
77.8 264.6 1937.7 0.8526886702 0.1159713715 -0.5093845725 -0.0285195839 0.9839286208 0.1762700081 0.5216403008 -0.1357760131 0.8422922492
67.4 67.5 1959.2 0.8559935689 0.0525724329 -0.5143064857 0.0102428561 0.9928962588 0.1185417548 0.5168849826 -0.1067389473 0.8493742943
-46.8 263.2 1862.4 -0.0658796206 -0.5178770423 -0.8529145718 0.7813341618 0.5048750639 -0.3669033349 0.6206260920 -0.6905827522 0.3713740706
-35.4 128.2 1755.1 -0.7103179097 -0.5178770423 0.4767093360 -0.7036442757 0.5048750639 -0.4999859035 0.0182525814 -0.6905827522 -0.7230230570
202.3 265.9 2013.0 0.0250764769 0.9979284406 -0.0592449158 -0.8009560704 0.0555186346 0.5961434841 0.5981977582 0.0325033963 0.8006890416
209.3 41.8 2180.3 0.0574612431 0.9979284406 -0.0289308708 -0.9964054823 0.0555186346 -0.0639825463 -0.0622438006 0.0325033963 0.9975315928
-9.9 -137.0 1939.1 0.9650312662 0.0809557140 0.2493206859 -0.0638515949 0.9950646758 -0.0759559199 -0.2542392612 0.0573803186 0.9654376507
-42.0 -532.0 1916.4 0.9633851051 0.0627820715 0.2606675029 -0.0997959524 0.9863100052 0.1312758625 -0.2488572150 -0.1524827629 0.9564617872
141.8 -129.2 2040.7 0.9700572491 0.2428428382 -0.0040413160 -0.2427844852 0.9700134993 0.0113808252 0.0066838833 -0.0100588836 0.9999270439
45.3 -514.5 2044.7 0.9994338751 0.0234301090 0.0241444446 -0.0262452606 0.9919624925 0.1237806082 -0.0210501906 -0.1243442148 0.9920158386
174.7 336.3 1749.7 0 0 0 0 0 0 0 0 0
224.3 -216.9 2164.1 0 0 0 0 0 0 0 0 0
-66.0 -908.4 1974.6 0 0 0 0 0 0 0 0 0
36.4 -893.3 2092.2 0 0 0 0 0 0 0 0 0
100.5 467.6 1911.2 8 0.8702139854 0.1060467139 -0.4811254740 -0.0363819264 0.9877253771 0.1519041806 0.4913287759 -0.1146848798 0.8633906245
78.8 265.6 1934.6 0.8702139854 0.1060467139 -0.4811254740 -0.0363819264 0.9877253771 0.1519041806 0.4913287759 -0.1146848798 0.8633906245
64.9 68.5 1954.7 0.8723542094 0.0699099377 -0.4838498831 -0.0122950943 0.9925467372 0.1212425679 0.4887197018 -0.0998174846 0.8667119145
-48.3 267.5 1863.4 -0.0115530733 -0.4732506871 -0.8808520436 0.8377246261 0.4764027297 -0.2669417560 0.5459706783 -0.7409954667 0.3909498453
-46.2 117.0 1765.3 -0.7460505962 -0.4732506871 0.4684466422 -0.6640430689 0.4764027297 -0.5762701631 0.0495509803 -0.7409954667 -0.6696793437
205.9 263.7 2005.9 0.0022207827 0.9952389002 -0.0974401385 -0.7933963537 0.0610658154 0.6056345701 0.6087013483 0.0759636685 0.7897545099
206.5 43.9 2174.5 0.0634443611 0.9952389002 -0.0739886835 -0.9975551367 0.0610658154 -0.0339804813 -0.0293005183 0.0759636685 0.9966799617
-21.2 -130.4 1933.4 0.9579550028 0.0554026999 0.2815185785 -0.0408720002 0.9975239038 -0.0572323874 -0.2839923203 0.0433198251 0.9578474760
-43.2 -526.4 1916.2 0.9562876225 0.0568804406 0.2868424654 -0.0929284841 0.9891642332 0.1136591136 -0.2772693336 -0.1353466362 0.9512113333
135.2 -128.7 2028.0 0.9737299085 0.2247797698 0.0363891274 -0.2259720266 0.9735805988 0.0328254737 -0.0280492455 -0.0401860699 0.9987984300
45.9 -515.3 2043.9 0.9978118539 0.0318466946 0.0579423159 -0.0389955938 0.9911663532 0.1267621368 -0.0533935167 -0.1287442595 0.9902393818
174.0 313.1 1750.7 0 0 0 0 0 0 0 0 0
223.0 -215.1 2166.9 0 0 0 0 0 0 0 0 0
-64.9 -904.1 1967.9 0 0 0 0 0 0 0 0 0
33.8 -893.9 2093.1 0 0 0 0 0 0 0 0 0
99.4 469.9 1916.0 9 0.8803529739 0.0991111174 -0.4638487101 -0.0430674404 0.9905885458 0.1299212277 0.4723598659 -0.0943997577 0.8763360381
79.2 267.6 1935.2 0.8803529739 0.0991111174 -0.4638487101 -0.0430674404 0.9905885458 0.1299212277 0.4723598659 -0.0943997577 0.8763360381
64.1 70.4 1952.8 0.8818877935 0.0757617652 -0.4653322101 -0.0256557371 0.9932532907 0.1130915359 0.4707607627 -0.0877956077 0.8778816462
-49.5 271.4 1866.6 0.0392737389 -0.4374238253 -0.8983974457 0.8803594708 0.4404562712 -0.1759700775 0.4726783037 -0.7840017080 0.4023885727
-56.8 106.2 1777.9 -0.7798237205 -0.4374238253 0.4478117824 -0.6199522018 0.4404562712 -0.6493516564 0.0868003741 -0.7840017080 -0.6146600842
207.8 263.8 2003.9 -0.0088581368 0.9938215613 -0.1106358171 -0.7818633914 0.0620907284 0.6203502417 0.6233868599 0.0919972435 0.7764826417
205.3 47.9 2176.1 0.0648027286 0.9938215613 -0.0901074782 -0.9975384474 0.0620907284 -0.0325845219 -0.0267883614 0.0919972435 0.9953988791
-28.8 -127.4 1930.0 0.9526847005 0.0370332748 0.3016958237 -0.0247428212 0.9987047315 -0.0444593467 -0.3029515445 0.0348909348 0.9523670673
-43.5 -524.0 1916.2 0.9508053064 0.0611237623 0.3036990464 -0.1014411822 0.9877235293 0.1187933609 -0.2927096188 -0.1437569559 0.9453333020
