111.0 474.8 1935.2 0.9072891474 0.0082016811 -0.4204273224 0.1113931462 0.9594042897 0.2591042817 0.4054848552 -0.2819152176 0.8695434332
109.1 251.3 2000.9 0.9072891474 0.0082016811 -0.4204273224 0.1113931462 0.9594042897 0.2591042817 0.4054848552 -0.2819152176 0.8695434332
93.8 53.4 2010.1 0.9002311826 0.0773855671 -0.4284802377 -0.0498538166 0.9959269762 0.0751269534 0.4325487614 -0.0462702475 0.9004224539
-22.3 258.6 1937.7 0.1060949340 -0.7684746981 -0.6310233474 0.3531072140 0.6223610640 -0.6985570788 0.9295478463 -0.1487055421 0.3373833299
-46.9 176.8 1722.3 -0.5901824832 -0.7684746981 0.2472473383 -0.7791806459 0.6223610640 0.0744596869 -0.2110975087 -0.1487055421 -0.9660872221
240.6 244.0 2064.0 -0.0579769798 0.9741339087 -0.2184074372 -0.8104684949 0.0818129107 0.5800409317 0.5829060674 0.2106413692 0.7847615480
228.1 69.8 2189.4 0.2210694104 0.9741339087 0.0468129776 -0.1519248486 0.0818129107 -0.9850002527 -0.9633520246 0.2106413692 0.1660814732
-3.6 -140.8 1982.0 0.9811110497 0.0640290976 -0.1825414896 -0.0805574432 0.9931522012 -0.0846117362 0.1758738756 0.0977185816 0.9795506597
-29.1 -535.3 1943.2 0.9812017679 0.0785324872 -0.1762830615 -0.0794139579 0.9968395829 0.0020601864 0.1758877337 0.0119778775 0.9843373299
161.7 -150.6 2060.3 0.8694951534 0.2434815317 -0.4297615290 -0.2347633839 0.9692211747 0.0741384104 0.4345853031 0.0364292823 0.8998936415
65.0 -535.7 2045.9 0.9110768437 -0.0147268018 -0.4119733572 0.0795781016 0.9868475795 0.1407097280 0.4044827223 -0.1609814316 0.9002659321
119.5 396.5 1781.8 0 0 0 0 0 0 0 0 0
286.9 29.3 1933.1 0 0 0 0 0 0 0 0 0
-59.0 -915.8 1938.6 0 0 0 0 0 0 0 0 0
70.6 -911.8 2107.2 0 0 0 0 0 0 0 0 0
108.1 471.9 1920.5 0.9151250720 -0.0064566638 -0.4031183720 0.1360116452 0.9462007284 0.2936069667 0.3795351684 -0.3235158920 0.8667701483
109.6 249.0 1996.7 0.9151250720 -0.0064566638 -0.4031183720 0.1360116452 0.9462007284 0.2936069667 0.3795351684 -0.3235158920 0.8667701483
93.5 51.2 2006.3 0.9078780413 0.0807578415 -0.4113825262 -0.0533779897 0.9955518842 0.0776355565 0.4158223271 -0.0485248454 0.9081503749
-23.0 256.8 1935.9 0.0783052668 -0.7696167827 -0.6336862445 0.2908983231 0.6256148815 -0.7238674760 0.9535441399 -0.1276556402 0.2728691995
-41.2 189.2 1714.1 -0.5883661509 -0.7696167827 0.2480227202 -0.7725238204 0.6256148815 0.1086871400 -0.2388141602 -0.1276556402 -0.9626379609
242.2 241.2 2057.4 -0.0478007607 0.9788348079 -0.1989911944 -0.8112167120 0.0781923980 0.5794940591 0.5827885866 0.1891252398 0.7903094888
231.9 66.9 2182.7 0.1992779225 0.9788348079 0.0465909392 -0.1537805498 0.0781923980 -0.9850063324 -0.9678015709 0.1891252398 0.1661077738
-4.1 -139.9 1979.6 0.9843285084 0.0633781776 -0.1645616889 -0.0775249153 0.9936935902 -0.0810121670 0.1583894789 0.0925002173 0.9830343127
-29.3 -534.7 1942.9 0.9835233092 0.0848065764 -0.1596551687 -0.0875747949 0.9961039424 -0.0103703933 0.1581536680 0.0241812915 0.9871183634
160.9 -149.0 2058.9 0.8768758774 0.2452419549 -0.4134550989 -0.2362744361 0.9688949585 0.0736001283 0.4186443985 0.0331506953 0.9075449705
63.5 -534.0 2045.7 0.9211463928 -0.0019419997 -0.3892114460 0.0706015229 0.9842319489 0.1621816754 0.3827593923 -0.1768719852 0.9067588449
124.9 407.3 1781.5 0 0 0 0 0 0 0 0 0
284.9 26.0 1925.2 0 0 0 0 0 0 0 0 0
-61.7 -915.1 1933.6 0 0 0 0 0 0 0 0 0
64.2 -909.6 2113.2 0 0 0 0 0 0 0 0 0
105.3 469.0 1907.1 0.9095078111 -0.0070471368 -0.4156271517 0.1624308676 0.9263882637 0.3397366107 0.3826379478 -0.3765037656 0.8437020183
107.0 247.8 1997.0 0.9095078111 -0.0070471368 -0.4156271517 0.1624308676 0.9263882637 0.3397366107 0.3826379478 -0.3765037656 0.8437020183
89.8 50.1 2008.3 0.9006223679 0.0861128196 -0.4259857833 -0.0534586050 0.9946804047 0.0880515724 0.4313020706 -0.0565286130 0.9004349113
-24.6 255.6 1934.0 0.0965539217 -0.7672895193 -0.6339906454 0.2750631273 0.6327303052 -0.7238733172 0.9565655589 -0.1044946387 0.2721456587
-47.5 190.2 1706.9 -0.5956560969 -0.7672895193 0.2376143187 -0.7635261416 0.6327303052 0.1291518658 -0.2494426519 -0.1044946387 -0.9627352953
238.5 240.0 2060.0 -0.0597456098 0.9762606621 -0.2081959695 -0.8061423302 0.0758150145 0.5868446231 0.5886976719 0.2028969824 0.7824754715
225.6 66.7 2186.5 0.2129183263 0.9762606621 0.0397603251 -0.1639545858 0.0758150145 -0.9835501909 -0.9632158279 0.2028969824 0.1762048304
-5.7 -141.7 1977.8 0.9818552732 0.0564460494 -0.1810362190 -0.0699066818 0.9951746464 -0.0688512251 0.1762762666 0.0802575797 0.9810634255
-28.2 -537.1 1946.0 0.9776343703 0.1126583815 -0.1775924414 -0.1168045029 0.9930694103 -0.0130326916 0.1748933792 0.0334848054 0.9840178490
160.7 -151.5 2054.1 0.8680834770 0.2495855838 -0.4291132092 -0.2387279123 0.9677891731 0.0799567029 0.4352471828 0.0330322161 0.8997048140
61.6 -536.1 2041.0 0.9145448804 -0.0229505282 -0.4038327634 0.0998035818 0.9803236723 0.1703078896 0.3919781744 -0.1960581690 0.8988405466
120.8 406.0 1777.4 0 0 0 0 0 0 0 0 0
282.3 23.1 1930.3 0 0 0 0 0 0 0 0 0
-71.2 -916.4 1933.2 0 0 0 0 0 0 0 0 0
70.3 -910.3 2115.8 0 0 0 0 0 0 0 0 0
103.3 466.1 1894.4 0.9284476042 0.0108312778 -0.3713054657 0.1404456794 0.9151406288 0.3778791726 0.3438896239 -0.4029892683 0.8481388688
100.8 247.6 1990.6 0.9284476042 0.0108312778 -0.3713054657 0.1404456794 0.9151406288 0.3778791726 0.3438896239 -0.4029892683 0.8481388688
86.1 49.9 2003.6 0.9203125834 0.0739973187 -0.3841213286 -0.0427446701 0.9950886965 0.0892828256 0.3888414502 -0.0657489672 0.9189556241
-33.5 253.9 1933.9 0.0630501360 -0.7574942112 -0.6497901082 0.2283071131 0.6447677612 -0.7294864058 0.9715454578 -0.1023574844 0.2135940045
-48.8 198.5 1698.3 -0.5999742746 -0.7574942112 0.2573583722 -0.7493497133 0.6447677612 0.1508297026 -0.2801890075 -0.1023574844 -0.9544721246
235.0 241.4 2047.4 -0.0236836076 0.9840641618 -0.1762295663 -0.8039461374 0.0860322937 0.5884463191 0.5942303538 0.1556156129 0.7890970111
229.9 68.7 2175.0 0.1682837158 0.9840641618 0.0574313886 -0.1679402590 0.0860322937 -0.9820358753 -0.9713272452 0.1556156129 0.1797418296
-9.9 -142.6 1979.9 0.9896256924 0.0505067483 -0.1344993711 -0.0604494736 0.9956504703 -0.0708946362 0.1303337067 0.0782895684 0.9883743525
-29.9 -538.3 1948.8 0.9872986674 0.0882388577 -0.1321182400 -0.0925070122 0.9953590035 -0.0265119057 0.1291657090 0.0383970328 0.9908793569
155.3 -152.4 2059.0 0.8884546757 0.2335200012 -0.3951160908 -0.2335312217 0.9711223245 0.0488326773 0.3951094747 0.0488863252 0.9173323512
62.5 -538.3 2039.6 0.9358815551 0.0196066052 -0.3517687917 0.0571422577 0.9767829180 0.2064702213 0.3476499319 -0.2133325338 0.9130327106
120.8 410.3 1777.5 0 0 0 0 0 0 0 0 0
274.7 24.1 1916.8 0 0 0 0 0 0 0 0 0
-63.6 -918.4 1934.2 0 0 0 0 0 0 0 0 0
55.0 -910.9 2121.0 0 0 0 0 0 0 0 0 0
101.4 463.6 1884.6 0.9346008897 0.0099858260 -0.3555580378 0.1438957155 0.9035435319 0.4036125839 0.3252925575 -0.4283799529 0.8430156708
99.1 247.7 1987.0 0.9346008897 0.0099858260 -0.3555580378 0.1438957155 0.9035435319 0.4036125839 0.3252925575 -0.4283799529 0.8430156708
84.6 50.1 2002.2 0.9265876412 0.0730752051 -0.3689110279 -0.0392027237 0.9943643212 0.0985023901 0.3740300536 -0.0768087804 0.9242304564
-36.2 253.4 1932.4 0.0563461035 -0.7668288350 -0.6393736005 0.2020606697 0.6358975768 -0.7448528409 0.9777507782 -0.0872227103 0.1907763034
-50.1 203.5 1691.0 -0.5883007050 -0.7668288350 0.2566627860 -0.7506713867 0.6358975768 0.1792394668 -0.3006572425 -0.0872227103 -0.9497354627
234.3 242.0 2041.6 -0.0136355357 0.9865555763 -0.1628561616 -0.7980355620 0.0873945877 0.5962393880 0.6024560332 0.1380950660 0.7861148119
231.4 70.5 2171.0 0.1518265009 0.9865555763 0.0604712479 -0.1774611473 0.0873945877 -0.9802396297 -0.9723457694 0.1380950660 0.1883441061
-12.9 -143.9 1981.0 0.9916945100 0.0473760068 -0.1195722222 -0.0581667498 0.9943826199 -0.0884299651 0.1147110835 0.0946506411 0.9888795018
-31.7 -539.0 1943.4 0.9889406562 0.0952181295 -0.1137096211 -0.0935122594 0.9954120517 0.0202550795 0.1151165813 -0.0093978271 0.9933075309
155.7 -151.7 2052.3 0.8942871094 0.2337663919 -0.3815806806 -0.2320539802 0.9713531137 0.0512259230 0.3826244771 0.0427366309 0.9229149818
62.8 -537.7 2035.3 0.9443701506 0.0382124409 -0.3266570866 0.0458728299 0.9682139754 0.2458809167 0.3256696761 -0.2471872866 0.9125994444
116.2 415.8 1776.0 0 0 0 0 0 0 0 0 0
271.8 23.4 1912.4 0 0 0 0 0 0 0 0 0
-68.0 -918.9 1947.0 0 0 0 0 0 0 0 0 0
48.2 -907.1 2129.6 0 0 0 0 0 0 0 0 0
101.1 464.5 1877.7 0.9307660460 0.0090798568 -0.3655025065 0.1552947462 0.8952137828 0.4177030027 0.3309955597 -0.4455444217 0.8318246007
98.9 246.7 1986.1 0.9307660460 0.0090798568 -0.3655025065 0.1552947462 0.8952137828 0.4177030027 0.3309955597 -0.4455444217 0.8318246007
84.4 49.1 2000.9 0.9223062992 0.0732071921 -0.3794625103 -0.0389840230 0.9945097566 0.0971111879 0.3844884038 -0.0747732893 0.9200965166
-35.7 252.4 1929.9 0.0633756146 -0.7745918036 -0.6292781830 0.1762529761 0.6293215752 -0.7568944693 0.9823026061 -0.0629435033 0.1764077544
-51.5 208.6 1685.5 -0.5817238092 -0.7745918036 0.2482033670 -0.7479712963 0.6293215752 0.2109342813 -0.3195877075 -0.0629435033 -0.9454638362
233.6 241.0 2042.2 -0.1145503670 0.9636639953 -0.2413087487 -0.7790480256 0.0635820553 0.6237319112 0.6164109111 0.2594398260 0.7434571981
208.1 67.5 2179.5 0.2660596967 0.9636639953 0.0237473324 -0.1421260685 0.0635820553 -0.9878044128 -0.9534214139 0.2594398260 0.1538784057
-14.8 -143.9 1983.2 0.9905726910 0.0406434461 -0.1308199316 -0.0529038124 0.9943848252 -0.0916515216 0.1263603121 0.0977083668 0.9871606231
-31.0 -539.0 1944.3 0.9864313006 0.1063541621 -0.1250685155 -0.1037633941 0.9942336082 0.0270685181 0.1272261739 -0.0137236984 0.9917787910
155.0 -151.1 2051.7 0.8875024915 0.2478877604 -0.3884469569 -0.2421656251 0.9680886269 0.0644997880 0.3920397758 0.0368247777 0.9192109108
56.5 -535.7 2037.1 0.9367836714 -0.0200677067 -0.3493331671 0.0959279314 0.9748327136 0.2012435943 0.3365029097 -0.2220325172 0.9151324034
113.0 420.1 1775.9 0 0 0 0 0 0 0 0 0
278.4 30.0 1927.7 0 0 0 0 0 0 0 0 0
-71.6 -918.6 1949.6 0 0 0 0 0 0 0 0 0
64.2 -907.2 2121.7 0 0 0 0 0 0 0 0 0
100.1 464.4 1866.7 0.9245367050 0.0018942117 -0.3810882866 0.1810333282 0.8777719140 0.4435577095 0.3353487849 -0.4790750444 0.8111894131
99.6 247.4 1985.2 0.9245367050 0.0018942117 -0.3810882866 0.1810333282 0.8777719140 0.4435577095 0.3353487849 -0.4790750444 0.8111894131
85.0 49.7 1999.3 0.9156479239 0.0736556128 -0.3951756358 -0.0392793715 0.9947593808 0.0943973660 0.4000575840 -0.0709124953 0.9137424827
-34.1 253.1 1926.8 0.0724886730 -0.7822597027 -0.6187205315 0.1643737704 0.6212397814 -0.7661869526 0.9837309718 -0.0461615510 0.1736158282
-52.3 212.0 1680.6 -0.5735484958 -0.7822597027 0.2431293279 -0.7471622825 0.6212397814 0.2362407297 -0.3358432055 -0.0461615510 -0.9407860637
233.3 241.6 2043.6 -0.1553961039 0.9437208176 -0.2919641733 -0.7773101330 0.0655789152 0.6256902814 0.6096236706 0.3241765499 0.7233730555
198.1 65.6 2181.6 0.3302285075 0.9437208176 0.0184437614 -0.1321699619 0.0655789152 -0.9890553355 -0.9346016645 0.3241765499 0.1463875771
-14.7 -144.9 1980.5 0.9881880879 0.0422929563 -0.1472943574 -0.0556582361 0.9945791960 -0.0878316984 0.1427812427 0.0949923769 0.9851852655
-31.5 -540.2 1942.8 0.9822309613 0.1227967739 -0.1419270337 -0.1213222295 0.9924307466 0.0190297514 0.1431895345 -0.0014727074 0.9896941781
154.4 -152.1 2051.0 0.8817208409 0.2498317212 -0.4001905918 -0.2392542958 0.9678910375 0.0770992637 0.4066027403 0.0277672932 0.9131829739
55.2 -536.7 2040.0 0.9248976707 -0.0389441103 -0.3782163560 0.1054210588 0.9820064306 0.1566836685 0.3653090000 -0.1847883314 0.9123610258
109.9 423.3 1775.6 0 0 0 0 0 0 0 0 0
285.5 30.7 1934.4 0 0 0 0 0 0 0 0 0
-78.4 -919.2 1943.3 0 0 0 0 0 0 0 0 0
70.0 -911.1 2110.4 0 0 0 0 0 0 0 0 0
99.6 465.2 1866.2 0.9240486026 0.0340845548 -0.3807524741 0.1543409228 0.8779639602 0.4531645775 0.3497328460 -0.4775117934 0.8060207367
91.3 251.6 1982.5 0.9240486026 0.0340845548 -0.3807524741 0.1543409228 0.8779639602 0.4531645775 0.3497328460 -0.4775117934 0.8060207367
83.1 53.5 1994.6 0.9172559977 0.0416474380 -0.3961147666 -0.0138517870 0.9972521663 0.0727752820 0.3980572224 -0.0612666644 0.9153124094
-42.6 253.6 1924.3 0.0348535776 -0.7806487679 -0.6239973903 0.1348002851 0.6223431230 -0.7710499167 0.9902596474 -0.0572411753 0.1269225478
-51.4 219.5 1673.7 -0.5637628436 -0.7806487679 0.2697387040 -0.7407657504 0.6223431230 0.2528935969 -0.3652911186 -0.0572411753 -0.9291317463
225.2 249.5 2040.6 -0.1391695291 0.9299064279 -0.3404495418 -0.7813145518 0.1081180796 0.6147015691 0.6084237099 0.3515459001 0.7115026712
192.4 65.3 2184.1 0.3638548553 0.9299064279 0.0537000522 -0.1308737546 0.1081180796 -0.9854859114 -0.9222156405 0.3515459001 0.1610396355
-13.6 -144.4 1976.7 0.9889161587 0.0438911282 -0.1418391913 -0.0559577718 0.9950408340 -0.0822345614 0.1375264078 0.0892600939 0.9864680171
-31.0 -539.8 1941.2 0.9851443768 0.1048976034 -0.1359672844 -0.1016272381 0.9943458438 0.0307941660 0.1384287328 -0.0165187195 0.9902346134
154.3 -151.6 2050.0 0.8837669492 0.2509611249 -0.3949360847 -0.2396392971 0.9676708579 0.0786518753 0.4019066989 0.0251322780 0.9153356552
54.6 -536.1 2040.0 0.9282702208 -0.0295438133 -0.3707310855 0.0973222554 0.9814000726 0.1654758751 0.3589467108 -0.1896867156 0.9138797522
108.0 428.9 1777.0 0 0 0 0 0 0 0 0 0
288.9 30.6 1939.5 0 0 0 0 0 0 0 0 0
-71.1 -919.6 1947.5 0 0 0 0 0 0 0 0 0
65.8 -910.7 2112.4 0 0 0 0 0 0 0 0 0
92.9 460.4 1916.7 0.9193103313 0.0243753623 -0.3927778006 0.0944750831 0.9552219510 0.2804023027 0.3820249140 -0.2948844433 0.8758425117
87.7 254.3 1980.3 0.9193103313 0.0243753623 -0.3927778006 0.0944750831 0.9552219510 0.2804023027 0.3820249140 -0.2948844433 0.8758425117
82.4 56.1 1991.9 0.9168296456 0.0264223590 -0.3984033763 -0.0009056604 0.9979430437 0.0641000420 0.3992775679 -0.0584079996 0.9149677157
-46.2 254.4 1922.0 0.0198502578 -0.7853357792 -0.6187517047 0.1193901002 0.6163072586 -0.7784030437 0.9926489592 -0.0584213249 0.1059951708
-51.3 223.9 1667.9 -0.5539277792 -0.7853357792 0.2764267027 -0.7416998744 0.6163072586 0.2646632493 -0.3782133162 -0.0584213249 -0.9238731861
221.5 254.2 2038.7 -0.1491860449 0.9180489779 -0.3673276603 -0.7811557651 0.1183390692 0.6130183339 0.6062501073 0.3783939183 0.6994847059
185.5 65.3 2185.2 0.3915639818 0.9180489779 0.0621590391 -0.1209987625 0.1183390692 -0.9855735302 -0.9121605754 0.3783939183 0.1574201137
-9.3 -143.3 1970.3 0.9880810380 0.0623171218 -0.1407567561 -0.0717131644 0.9954530001 -0.0626943707 0.1362098008 0.0720412284 0.9880571365
-34.0 -538.8 1941.7 0.9870140553 0.0920910090 -0.1316151321 -0.0840609744 0.9943168163 0.0653289482 0.1368833482 -0.0534168929 0.9891458750
158.9 -145.8 2043.3 0.8799702525 0.2709569335 -0.3901726604 -0.2532552779 0.9625002742 0.0972364917 0.4018882215 0.0132480673 0.9155929089
51.2 -528.2 2038.0 0.9278414249 -0.0491293706 -0.3697250485 0.1180064753 0.9790314436 0.1660479903 0.3538146019 -0.1976961643 0.9141834974
105.4 433.6 1774.9 0 0 0 0 0 0 0 0 0
289.5 33.2 1943.0 0 0 0 0 0 0 0 0 0
-69.2 -918.4 1962.1 0 0 0 0 0 0 0 0 0
70.0 -902.1 2113.5 0 0 0 0 0 0 0 0 0
91.3 456.9 1938.6  0.9205570221 0.0246060304 -0.3898324072 0.0509158671 0.9819398522 0.1822131872 0.3872755170 -0.1875862926 0.9026788473
86.3 254.7 1977.3 0.9205570221 0.0246060304 -0.3898324072 0.0509158671 0.9819398522 0.1822131872 0.3872755170 -0.1875862926 0.9026788473
81.2 56.5 1989.9 0.9193082452 0.0254849680 -0.3927121758 0.0015642770 0.9976564646 0.0684045404 0.3935351074 -0.0634991676 0.9171139598
-48.0 254.4 1919.8 -0.0059640072 -0.7682335377 -0.6401419044 0.0602483787 0.6387143135 -0.7670816183 0.9981656075 -0.0431423932 0.0424755290
-46.5 239.5 1671.5 -0.5843025446 -0.7682335377 0.2615487278 -0.7271301150 0.6387143135 0.2516462505 -0.3603779972 -0.0431423932 -0.9318081737
220.5 254.9 2034.8 -0.1448790431 0.9129345417 -0.3815240562 -0.7793633938 0.1322678626 0.6124523878 0.6095923185 0.3860773742 0.6923449039
184.9 63.1 2184.8 0.4002226591 0.9129345417 0.0798269957 -0.1051227599 0.1322678626 -0.9856238961 -0.9103686213 0.3860773742 0.1489067972
-6.9 -142.1 1966.9 0.9882653952 0.0742828324 -0.1334676743 -0.0805557221 0.9958553910 -0.0422234945 0.1297780275 0.0524796024 0.9901533127
-36.4 -537.7 1946.0 0.9893534184 0.0691575855 -0.1280507147 -0.0663233027 0.9974522591 0.0262724049 0.1295414120 -0.0174999479 0.9914195538
161.2 -142.3 2040.1 0.8819267750 0.2716757655 -0.3852238357 -0.2532168329 0.9623340964 0.0989662632 0.3976007700 0.0102641601 0.9175010920
53.3 -524.7 2036.1 0.9301096797 -0.0272811428 -0.3662672639 0.0929443911 0.9822612405 0.1628626883 0.3553270400 -0.1855226457 0.9161462784
118.9 445.3 1773.5 0 0 0 0 0 0 0 0 0
291.2 35.1 1942.8 0 0 0 0 0 0 0 0 0
-62.8 -918.3 1952.7 0 0 0 0 0 0 0 0 0
63.7 -899.8 2106.9 0 0 0 0 0 0 0 0 0
85.6 452.0 1945.6  0.9274505377 0.0127122486 -0.3737297356 0.0384863317 0.9908698797 0.1292119622 0.3719601035 -0.1342211962 0.9184935093
83.0 251.7 1972.7 0.9274505377 0.0127122486 -0.3737297356 0.0384863317 0.9908698797 0.1292119622 0.3719601035 -0.1342211962 0.9184935093
80.5 53.5 1986.8 0.9271420240 0.0129952654 -0.3744846582 0.0146276364 0.9973814487 0.0708256885 0.3744244277 -0.0711432993 0.9245241880
-52.4 249.6 1918.0 -0.0330135114 -0.7600060105 -0.6490769982 0.0012152311 0.6493999958 -0.7604460120 0.9994541407 -0.0258937720 -0.0205153916
-44.2 249.3 1670.9 -0.6000148058 -0.7600060105 0.2497460246 -0.7164050341 0.6493999958 0.2550362647 -0.3560141623 -0.0258937720 -0.9341217279
218.4 253.8 2027.4 -0.1464243829 0.9055086970 -0.3982635438 -0.7644402385 0.1519501060 0.6265319586 0.6278463602 0.3961882293 0.6699581146
182.0 63.7 2183.5 0.4134880006 0.9055086970 0.0952975079 -0.1062845513 0.1519501060 -0.9826570153 -0.9042849541 0.3961882293 0.1590711325
-8.2 -141.9 1966.4 0.9906582832 0.0745264590 -0.1142012700 -0.0817403570 0.9948556423 -0.0598390289 0.1091541946 0.0686148852 0.9916538596
-37.8 -537.2 1939.2 0.9909957647 0.0827279985 -0.1052779704 -0.0777738988 0.9956998229 0.0503300838 0.1089889556 -0.0416890234 0.9931683540
160.4 -141.6 2038.6 0.8918080926 0.2661538124 -0.3658421040 -0.2438089550 0.9639108777 0.1069252566 0.3810977638 -0.0061612297 0.9245142341
54.7 -524.6 2041.1 0.9313988090 -0.0556117594 -0.3597270250 0.1085641757 0.9857224822 0.1287053227 0.3474334776 -0.1589294523 0.9241381884
126.3 452.8 1772.1 0 0 0 0 0 0 0 0 0
292.0 35.5 1943.0 0 0 0 0 0 0 0 0 0
-69.3 -917.2 1955.1 0 0 0 0 0 0 0 0 0
75.9 -900.9 2101.7 0 0 0 0 0 0 0 0 0
80.8 451.9 1951.1  0.9260303974 -0.0003220153 -0.3774487674 0.0388979167 0.9947567582 0.0945832431 0.3754392564 -0.1022689268 0.9211875200
80.9 252.6 1971.6 0.9260303974 -0.0003220153 -0.3774487674 0.0388979167 0.9947567582 0.0945832431 0.3754392564 -0.1022689268 0.9211875200
80.9 54.4 1985.6 0.9260340929 -0.0002844372 -0.3774397969 0.0268322937 0.9975191951 0.0650802776 0.3764849305 -0.0703941286 0.9237444401
-54.4 248.6 1916.6 -0.0462288074 -0.7531582117 -0.6562130451 -0.0250933617 0.6575836539 -0.7529635429 0.9986156225 -0.0183420144 -0.0492985807
-42.9 254.9 1669.4 -0.6080075502 -0.7531582117 0.2511562705 -0.7064804435 0.6575836539 0.2616661191 -0.3622322679 -0.0183420144 -0.9319073558
216.1 256.5 2026.6 -0.1397611648 0.9013863206 -0.4098408818 -0.7736555338 0.1589216590 0.6133522391 0.6179999113 0.4027985036 0.6751514673
181.2 63.1 2181.1 0.4206788540 0.9013863206 0.1026256159 -0.1009304076 0.1589216590 -0.9821186066 -0.9015777111 0.4027985036 0.1578322798
-7.1 -146.0 1966.6 0.9896047115 0.0860903785 -0.1151997820 -0.0931244716 0.9940140843 -0.0571300425 0.1095918640 0.0672640726 0.9916981459
-41.3 -540.9 1939.9 0.9924377203 0.0620298572 -0.1059229746 -0.0576983653 0.9973866940 0.0434818119 0.1083433405 -0.0370414071 0.9934232235
162.9 -143.3 2035.3 0.8910644650 0.2674239874 -0.3667267561 -0.2435807139 0.9635332823 0.1107794419 0.3829785287 -0.0093840566 0.9237095714
56.6 -526.2 2039.0 0.9308270812 -0.0684565753 -0.3589911759 0.1255032122 0.9824380279 0.1380742490 0.3432345092 -0.1735778004 0.9230713844
130.9 456.9 1773.0 0 0 0 0 0 0 0 0 0
293.1 36.2 1941.3 0 0 0 0 0 0 0 0 0
-65.0 -921.8 1954.0 0 0 0 0 0 0 0 0 0
82.8 -901.3 2105.3 0 0 0 0 0 0 0 0 0
75.9 449.5 1951.4  0.9319041967 -0.0080421809 -0.3626152873 0.0401695855 0.9958923459 0.0811467692 0.3604731858 -0.0901871249 0.9283993244
77.5 250.7 1969.4 0.9319041967 -0.0080421809 -0.3626152873 0.0401695855 0.9958923459 0.0811467692 0.3604731858 -0.0901871249 0.9283993244
79.1 52.6 1984.1 0.9319509268 -0.0080209402 -0.3624957204 0.0343755111 0.9972066283 0.0663118362 0.3609512448 -0.0742603540 0.9296233654
-58.6 245.7 1916.7 -0.0685622245 -0.7628553510 -0.6429237127 -0.0504632816 0.6462671161 -0.7614409328 0.9963697791 -0.0197620466 -0.0828056931
-41.5 258.3 1667.7 -0.5948814750 -0.7628553510 0.2533135116 -0.7135182023 0.6462671161 0.2706114948 -0.3701456189 -0.0197620466 -0.9287635088
213.6 255.7 2022.1 -0.1389931291 0.8874784112 -0.4393892884 -0.7666867375 0.1843961179 0.6149711609 0.6267953515 0.4223507047 0.6547881365
178.5 61.9 2180.6 0.4422966242 0.8874784112 0.1294439584 -0.0833875760 0.1843961179 -0.9793082476 -0.8929838538 0.4223507047 0.1555624604
-3.9 -146.3 1965.1 0.9904903769 0.0965316966 -0.0980326682 -0.1017944962 0.9935395122 -0.0501712225 0.0925562158 0.0596733019 0.9939177036
-42.3 -541.1 1941.3 0.9937660098 0.0656697974 -0.0900923610 -0.0633337349 0.9975839257 0.0285509154 0.0917496234 -0.0226670429 0.9955241084
165.9 -141.4 2034.1 0.8934442997 0.2793751359 -0.3517198861 -0.2555868924 0.9601143003 0.1133839637 0.3693679273 -0.0114072626 0.9292132258
54.9 -522.9 2038.6 0.9358353615 -0.0669507682 -0.3460198939 0.1194582731 0.9839305282 0.1327044070 0.3315748870 -0.1655244231 0.9287948012
129.1 462.9 1773.8 0 0 0 0 0 0 0 0 0
296.1 39.7 1943.1 0 0 0 0 0 0 0 0 0
-67.3 -922.1 1950.0 0 0 0 0 0 0 0 0 0
80.5 -898.7 2101.9 0 0 0 0 0 0 0 0 0
75.1 447.9 1951.0  0.9335808754 -0.0080485363 -0.3582764566 0.0379579142 0.9963447452 0.0765265599 0.3563509285 -0.0850431621 0.9304739237
76.7 249.3 1968.0 0.9335808754 -0.0080485363 -0.3582764566 0.0379579142 0.9963447452 0.0765265599 0.3563509285 -0.0850431621 0.9304739237
78.3 51.2 1983.3 0.9336040020 -0.0080313580 -0.3582164645 0.0350854471 0.9969933629 0.0690886900 0.3565845490 -0.0770696625 0.9310787916
-59.7 244.2 1915.9 -0.0681570843 -0.7726560831 -0.6311554313 -0.0656108931 0.6347283721 -0.7699448466 0.9955148697 -0.0110665252 -0.0939558893
-42.5 260.7 1665.2 -0.5838067532 -0.7726560831 0.2493436337 -0.7173001766 0.6347283721 0.2874028087 -0.3803289831 -0.0110665252 -0.9247850776
213.1 254.4 2020.1 -0.1324033886 0.8808379769 -0.4545258582 -0.7644914389 0.2011220753 0.6124563217 0.6308899522 0.4285724163 0.6467638612
179.3 59.2 2181.2 0.4482966065 0.8808379769 0.1521662176 -0.0633762851 0.2011220753 -0.9775138497 -0.8916353583 0.4285724163 0.1459865868
-4.7 -148.7 1965.8 0.9909232259 0.0966720060 -0.0934112146 -0.1013225392 0.9937716722 -0.0463859104 0.0883451924 0.0554295368 0.9945464730
-43.2 -543.6 1943.8 0.9936109781 0.0698742419 -0.0886271074 -0.0699971095 0.9975457191 0.0017247315 0.0885301009 0.0044899289 0.9960634112
166.2 -142.4 2032.0 0.8962622285 0.2778750062 -0.3456870615 -0.2506305575 0.9603457451 0.1221491247 0.3659212589 -0.0228379034 0.9303655624
55.7 -524.0 2041.0 0.9336525202 -0.0726450384 -0.3507358134 0.1161006242 0.9877271652 0.1044779569 0.3388414979 -0.1382667571 0.9306281209
125.3 466.9 1774.5 0 0 0 0 0 0 0 0 0
298.5 42.3 1944.0 0 0 0 0 0 0 0 0 0
-69.8 -924.6 1942.0 0 0 0 0 0 0 0 0 0
83.5 -901.3 2093.9 0 0 0 0 0 0 0 0 0
77.2 448.4 1951.6  0.9344892502 -0.0021476266 -0.3559849262 0.0287719034 0.9971660376 0.0695127547 0.3548268080 -0.0752012879 0.9319027662
77.7 249.9 1966.6 0.9344892502 -0.0021476266 -0.3559849262 0.0287719034 0.9971660376 0.0695127547 0.3548268080 -0.0752012879 0.9319027662
78.1 51.7 1980.7 0.9344922900 -0.0021406619 -0.3559768796 0.0273396652 0.9974600077 0.0657724813 0.3549319208 -0.0711961612 0.9321772456
-58.8 245.9 1914.7 -0.0616898276 -0.7690311074 -0.6362275481 -0.0718437284 0.6392095089 -0.7656694055 0.9955063462 -0.0015250541 -0.0946827903
-43.3 264.0 1663.8 -0.5904805064 -0.7690311074 0.2447936386 -0.7113149762 0.6392095089 0.2923048735 -0.3812659681 -0.0015250541 -0.9244641066
214.2 253.9 2018.4 -0.1348852813 0.8776783347 -0.4598768651 -0.7628690600 0.2041944861 0.6134617925 0.6323264241 0.4335727990 0.6420108080
179.6 58.2 2180.6 0.4525166154 0.8776783347 0.1578274071 -0.0551592819 0.2041944861 -0.9773750901 -0.8900483847 0.4335727990 0.1408134997
-5.7 -150.1 1965.9 0.9909745455 0.0977271199 -0.0917541161 -0.1027481258 0.9933637977 -0.0516837910 0.0860943049 0.0606448837 0.9944395423
-44.5 -544.9 1941.8 0.9945734143 0.0622147545 -0.0833846480 -0.0598651953 0.9977437854 0.0303898975 0.0850872174 -0.0252331458 0.9960539341
165.5 -143.7 2031.3 0.8987140059 0.2720169425 -0.3439766169 -0.2468715757 0.9621013999 0.1158245653 0.3624466360 -0.0191751048 0.9318072200
57.4 -526.0 2038.9 0.9435314536 -0.0225237068 -0.3305163980 0.0801902115 0.9835444093 0.1618949175 0.3214310706 -0.1792571247 0.9298112392
126.2 468.2 1773.3 0 0 0 0 0 0 0 0 0
300.0 43.5 1943.8 0 0 0 0 0 0 0 0 0
-68.3 -925.9 1951.4 0 0 0 0 0 0 0 0 0
66.0 -901.0 2107.2 0 0 0 0 0 0 0 0 0
79.6 447.7 1951.0  0.9310951233 0.0057416735 -0.3647312522 0.0219646636 0.9971793294 0.0717697442 0.3641145527 -0.0748356581 0.9283427000
78.4 249.3 1965.9 0.9310951233 0.0057416735 -0.3647312522 0.0219646636 0.9971793294 0.0717697442 0.3641145527 -0.0748356581 0.9283427000
77.3 51.1 1980.4 0.9310910106 0.0057407273 -0.3647418022 0.0212485865 0.9973249435 0.0699391738 0.3641675711 -0.0728699788 0.9284783006
-57.6 246.2 1912.7 -0.0512983203 -0.7647402883 -0.6422933340 -0.0882868692 0.6440947056 -0.7598338127 0.9947732687 0.0177278705 -0.1005574986
-44.7 268.3 1663.1 -0.5996218324 -0.7647402883 0.2358514965 -0.7013273835 0.6440947056 0.3054208159 -0.3854783177 0.0177278705 -0.9225465655
214.4 252.4 2019.1 -0.1294025034 0.8793430328 -0.4582693577 -0.7632918358 0.2066733539 0.6121042967 0.6329616904 0.4290011227 0.6444513202
181.3 57.2 2180.9 0.4472377002 0.8793430328 0.1635061502 -0.0491066426 0.2066733539 -0.9771769047 -0.8930660486 0.4290011227 0.1356136948
-7.2 -149.0 1962.3 0.9907915592 0.0901593715 -0.1010115519 -0.0945134386 0.9947525859 -0.0391722657 0.0969497561 0.0483585000 0.9941138029
-43.0 -544.3 1943.1 0.9924027324 0.0754055232 -0.0972154140 -0.0755889043 0.9971374273 0.0018004691 0.0970728919 0.0055616163 0.9952617288
164.2 -144.0 2027.4 0.8933410048 0.2802169919 -0.3513122201 -0.2524369657 0.9596913457 0.1235639974 0.3717760444 -0.0217005964 0.9280687571
52.9 -525.4 2036.0 0.9397469759 -0.0527668484 -0.3377739787 0.1155187041 0.9789146781 0.1684680134 0.3217623830 -0.1973365247 0.9260276556
126.9 469.0 1773.4 0 0 0 0 0 0 0 0 0
300.3 44.2 1943.3 0 0 0 0 0 0 0 0 0
-71.8 -925.0 1941.0 0 0 0 0 0 0 0 0 0
73.0 -898.8 2111.3 0 0 0 0 0 0 0 0 0
82.3 446.8 1948.7  0.9289286733 0.0123277940 -0.3700534105 0.0181553308 0.9967267513 0.0787790343 0.3698133230 -0.0798985437 0.9256642461
79.8 248.5 1964.6 0.9289286733 0.0123277940 -0.3700534105 0.0181553308 0.9967267513 0.0787790343 0.3698133230 -0.0798985437 0.9256642461
77.4 50.4 1980.3 0.9289244413 0.0123110516 -0.3700645566 0.0178146865 0.9968036413 0.0778788477 0.3698404431 -0.0789361522 0.9257360101
-55.9 245.9 1910.6 -0.0411437079 -0.7626407743 -0.6455124021 -0.1006344408 0.6459372044 -0.7567284107 0.9940723777 0.0338261686 -0.1033241823
-45.6 271.0 1662.2 -0.6054029465 -0.7626407743 0.2277418375 -0.6944151521 0.6459372044 0.3171004653 -0.3889406621 0.0338261686 -0.9206416011
215.5 251.1 2018.6 -0.1378038079 0.8755912185 -0.4629796445 -0.7621619105 0.2047842145 0.6141437888 0.6325498223 0.4374968112 0.6391222477
180.3 56.0 2180.6 0.4543498456 0.8755912185 0.1640312672 -0.0415919647 0.2047842145 -0.9779230952 -0.8898518682 0.4374968112 0.1294612437
-9.3 -149.0 1961.5 0.9904931188 0.0865297690 -0.1069392040 -0.0899080634 0.9955792427 -0.0271749590 0.1041150093 0.0365313068 0.9938941002
-43.6 -544.7 1947.0 0.9916521907 0.0730768442 -0.1062342748 -0.0755146742 0.9969616532 -0.0191037860 0.1045154557 0.0269665569 0.9941576123
161.5 -145.1 2028.3 0.8913246989 0.2786600590 -0.3576155007 -0.2492177635 0.9600888491 0.1269644201 0.3787225485 -0.0240423847 0.9251978993
50.8 -526.7 2037.8 0.9341887236 -0.0728668794 -0.3492590487 0.1343507320 0.9787099361 0.1551667750 0.3305167854 -0.1918782592 0.9240894914
127.5 469.5 1773.3 0 0 0 0 0 0 0 0 0
301.2 44.9 1943.8 0 0 0 0 0 0 0 0 0
-71.5 -925.4 1936.7 0 0 0 0 0 0 0 0 0
78.6 -900.3 2111.1 0 0 0 0 0 0 0 0 0
85.4 447.1 1947.9  0.9251108766 0.0207828283 -0.3791278005 0.0112009030 0.9965726137 0.0819609538 0.3795317709 -0.0800695419 0.9217073917
81.3 248.9 1963.9 0.9251108766 0.0207828283 -0.3791278005 0.0112009030 0.9965726137 0.0819609538 0.3795317709 -0.0800695419 0.9217073917
77.1 50.8 1979.7 0.9251076579 0.0207718536 -0.3791363835 0.0110443551 0.9966080189 0.0815501064 0.3795443177 -0.0796299428 0.9217402935
-53.9 247.3 1908.4 -0.0330210105 -0.7612921000 -0.6475676894 -0.1019833982 0.6471056342 -0.7555485964 0.9942378998 0.0410921760 -0.0990072414
-45.7 272.6 1661.2 -0.6084976196 -0.7612921000 0.2239752859 -0.6911055446 0.6471056342 0.3219120800 -0.3900047839 0.0410921760 -0.9198954701
216.4 250.5 2019.3 -0.1412168294 0.8773872852 -0.4585295320 -0.7618672848 0.1994408667 0.6162642241 0.6321519613 0.4363655448 0.6402882338
180.6 57.5 2179.5 0.4551320374 0.8773872852 0.1518102437 -0.0582010113 0.1994408667 -0.9781799316 -0.8885198236 0.4363655448 0.1418367624
-10.2 -149.3 1962.0 0.9892219901 0.0854469761 -0.1189060584 -0.0908165276 0.9950442910 -0.0404872671 0.1148572788 0.0508495308 0.9920796752
-44.2 -544.7 1941.8 0.9910861254 0.0693004727 -0.1137792319 -0.0678037032 0.9975542426 0.0169773009 0.1146774888 -0.0091113131 0.9933609962
160.1 -146.0 2029.9 0.8901291490 0.2666311562 -0.3695645034 -0.2391531616 0.9636354446 0.1192160770 0.3879121840 -0.0177351851 0.9215257168
54.2 -528.9 2036.9 0.9329742193 -0.0488512851 -0.3566127419 0.1141458079 0.9797645211 0.1644145995 0.3413646817 -0.1941004246 0.9196712375
127.9 469.8 1772.5 0 0 0 0 0 0 0 0 0
301.7 42.0 1943.1 0 0 0 0 0 0 0 0 0
-70.7 -925.5 1945.3 0 0 0 0 0 0 0 0 0
72.8 -903.0 2111.0 0 0 0 0 0 0 0 0 0
100.0 446.8 1955.5  0.9160220623 0.0568318851 -0.3970814645 -0.0300863795 0.9968583584 0.0732684731 0.3999979496 -0.0551687963 0.9148541093
88.7 248.7 1966.5 0.9160220623 0.0568318851 -0.3970814645 -0.0300863795 0.9968583584 0.0732684731 0.3999979496 -0.0551687963 0.9148541093
77.4 50.8 1977.4 0.9160128236 0.0570625812 -0.3970697224 -0.0302485358 0.9968383312 0.0734735504 0.4000069201 -0.0552919358 0.9148427248
-44.9 253.1 1908.1 0.0032338984 -0.7629696131 -0.6464262605 -0.0827367082 0.6440091133 -0.7605306506 0.9965661764 0.0559426583 -0.0610429347
-45.7 273.6 1661.2 -0.6103203893 -0.7629696131 0.2130407244 -0.6891223192 0.6440091133 0.3322087526 -0.3906653523 0.0559426583 -0.9188313484
222.4 244.2 2024.8 -0.1733452678 0.8779997826 -0.4461701810 -0.7628400326 0.1668385565 0.6246919036 0.6229177713 0.4486438632 0.6408526897
179.5 55.5 2178.9 0.4610317051 0.8779997826 0.1287096441 -0.0427253246 0.1668385565 -0.9850580692 -0.8863545060 0.4486438632 0.1144306883
-11.8 -148.2 1960.7 0.9863039255 0.0890676528 -0.1388216913 -0.0927520245 0.9954825044 -0.0202878397 0.1363875866 0.0328859687 0.9901095629
-47.2 -543.8 1947.6 0.9894015193 0.0406795889 -0.1393906623 -0.0448179580 0.9986388683 -0.0266785044 0.1381156594 0.0326429568 0.9898779988
157.8 -146.2 2030.3 0.8855472207 0.2662143409 -0.3807046711 -0.2340539843 0.9635775685 0.1293714643 0.4012790024 -0.0254590940 0.9156019688
52.0 -529.1 2040.4 0.9233952761 -0.0605544373 -0.3790439367 0.1200569123 0.9834967256 0.1353534311 0.3645922244 -0.1704915613 0.9154261947
128.0 469.7 1772.4 0 0 0 0 0 0 0 0 0
302.2 44.1 1943.1 0 0 0 0 0 0 0 0 0
-62.8 -924.7 1935.2 0 0 0 0 0 0 0 0 0
75.2 -904.7 2105.5 0 0 0 0 0 0 0 0 0
109.9 446.8 1960.1  0.9080129266 0.0774025321 -0.4117296934 -0.0533693135 0.9961484075 0.0695708394 0.4155288339 -0.0411974899 0.9086465836
94.5 248.8 1968.3 0.9080129266 0.0774025321 -0.4117296934 -0.0533693135 0.9961484075 0.0695708394 0.4155288339 -0.0411974899 0.9086465836
79.2 51.0 1976.5 0.9080050588 0.0776178688 -0.4117065668 -0.0534707867 0.9961221218 0.0698680505 0.4155330360 -0.0414262675 0.9086342454
-38.0 256.6 1907.7 0.0232895985 -0.7722461224 -0.6348965168 -0.0828211680 0.6313953400 -0.7710256577 0.9962922335 0.0705397427 -0.0492533781
-43.7 277.1 1661.1 -0.6012957692 -0.7722461224 0.2051325440 -0.6905167103 0.6313953400 0.3528832197 -0.4020324349 0.0705397427 -0.9129042029
227.1 241.0 2028.9 -0.2002366632 0.8773915768 -0.4359923303 -0.7652435303 0.1378266662 0.6288132668 0.6118068695 0.4595517814 0.6438202858
178.2 54.3 2178.2 0.4677950144 0.8773915768 0.1065450683 -0.0330453776 0.1378266662 -0.9899049401 -0.8832190037 0.4595517814 0.0934683606
-17.8 -144.4 1951.6 0.9858464599 0.0654112995 -0.1543637365 -0.0666447133 0.9977727532 -0.0028234744 0.1538352370 0.0130710388 0.9880100489
-43.7 -540.7 1946.4 0.9859548807 0.0633144453 -0.1545451581 -0.0649575293 0.9978722930 -0.0056000547 0.1538617760 0.0155602731 0.9879698753
150.1 -149.9 2024.9 0.8863525987 0.2482880354 -0.3908096254 -0.2103293240 0.9678598046 0.1378729790 0.4124811292 -0.0400053486 0.9100872874
51.4 -534.5 2040.8 0.9150283337 -0.0713812858 -0.3970237076 0.1259604692 0.9855661392 0.1131076664 0.3832193613 -0.1535060108 0.9108121991
127.7 474.0 1775.7 0 0 0 0 0 0 0 0 0
302.7 45.5 1943.2 0 0 0 0 0 0 0 0 0
-67.9 -921.5 1940.5 0 0 0 0 0 0 0 0 0
78.7 -910.9 2099.4 0 0 0 0 0 0 0 0 0
118.9 442.2 1959.6  0.8995948434 0.1014641151 -0.4247753918 -0.0719894916 0.9937837124 0.0849201977 0.4307512343 -0.0458144061 0.9013070464
98.8 244.7 1968.7 0.8995948434 0.1014641151 -0.4247753918 -0.0719894916 0.9937837124 0.0849201977 0.4307512343 -0.0458144061 0.9013070464
78.6 47.3 1977.8 0.8996022940 0.1015258208 -0.4247448444 -0.0719163641 0.9937633872 0.0852194354 0.4307478368 -0.0461174957 0.9012932181
-32.6 255.2 1905.8 0.0476540960 -0.7847492695 -0.6179786921 -0.0957076773 0.6122477055 -0.7848520875 0.9942681193 0.0965467170 -0.0459304191
-44.3 278.7 1661.5 -0.5917369723 -0.7847492695 0.1844340265 -0.6937059760 0.6122477055 0.3793741465 -0.4106329083 0.0965467170 -0.9066748619
230.1 234.2 2031.6 -0.2111044228 0.8802912831 -0.4248790443 -0.7602264285 0.1253580004 0.6374489665 0.6144027710 0.4575725496 0.6427570581
180.2 54.6 2176.7 0.4644706845 0.8802912831 0.0967173576 -0.0310983863 0.1253580004 -0.9916240573 -0.8850423098 0.4575725496 0.0856007487
-19.4 -141.9 1946.6 0.9833970070 0.0597666539 -0.1713426858 -0.0614028201 0.9981039762 -0.0042605409 0.1707631797 0.0147107271 0.9852022529
-43.1 -538.5 1940.7 0.9843662977 0.0486282893 -0.1692875177 -0.0444270261 0.9986054897 0.0285195652 0.1704383045 -0.0205527581 0.9851539731
147.0 -151.7 2022.7 0.8852134347 0.2299015671 -0.4044038355 -0.1863343567 0.9717895985 0.1445838958 0.4262354970 -0.0526332818 0.9030797482
55.7 -537.8 2043.6 0.9129470587 0.0031063729 -0.4080661833 0.0542288125 0.9901787639 0.1288612038 0.4044587612 -0.1397724003 0.9038123488
125.5 477.7 1779.3 0 0 0 0 0 0 0 0 0
303.8 46.3 1941.2 0 0 0 0 0 0 0 0 0
-61.7 -919.5 1948.6 0 0 0 0 0 0 0 0 0
54.5 -915.0 2096.8 0 0 0 0 0 0 0 0 0
123.9 442.5 1959.3  0.8927032948 0.1135863289 -0.4360951483 -0.0790253952 0.9921756387 0.0966563299 0.4436618388 -0.0518228263 0.8946946859
101.3 245.2 1969.6 0.8927032948 0.1135863289 -0.4360951483 -0.0790253952 0.9921756387 0.0966563299 0.4436618388 -0.0518228263 0.8946946859
78.7 48.1 1979.8 0.8927164674 0.1135718375 -0.4360719621 -0.0789103210 0.9921650887 0.0968589261 0.4436558187 -0.0520569794 0.8946840763
-29.1 256.7 1904.8 0.0635003075 -0.7848004699 -0.6164867282 -0.0900423899 0.6107085347 -0.7867194414 0.9939115047 0.1054668650 -0.0318851359
-44.6 278.8 1660.7 -0.5943900347 -0.7848004699 0.1754670441 -0.6935279369 0.6107085347 0.3821702003 -0.4070865810 0.1054668650 -0.9072801471
231.6 233.7 2034.4 -0.2175330371 0.8823950291 -0.4172030687 -0.7641550303 0.1119629964 0.6352411509 0.6072449684 0.4569937587 0.6499309540
180.6 54.5 2176.8 0.4627455473 0.8823950291 0.0851209462 -0.0307954960 0.1119629964 -0.9932350516 -0.8859561086 0.4569937587 0.0789841712
-24.0 -143.4 1947.4 0.9813123345 0.0498897023 -0.1858417988 -0.0527641401 0.9985512495 -0.0105502317 0.1850462258 0.0201588552 0.9825230241
-43.8 -540.2 1939.4 0.9815662503 0.0562952273 -0.1826432645 -0.0484284461 0.9977082610 0.0472532362 0.1848848313 -0.0375370495 0.9820430875
140.9 -156.6 2026.3 0.8816425204 0.2179242969 -0.4185874462 -0.1738829166 0.9745972753 0.1411553323 0.4387153685 -0.0516633391 0.8971397281
54.3 -543.8 2046.9 0.9064475298 0.0040987586 -0.4222985804 0.0534087829 0.9908117056 0.1242565289 0.4189276695 -0.1351864785 0.8978998661
126.6 478.6 1778.0 0 0 0 0 0 0 0 0 0
303.8 46.3 1941.0 0 0 0 0 0 0 0 0 0
-65.3 -921.1 1953.7 0 0 0 0 0 0 0 0 0
52.7 -921.9 2098.4 0 0 0 0 0 0 0 0 0
125.6 443.0 1959.1  0.8893589377 0.1168790683 -0.4420180321 -0.0809711069 0.9917551875 0.0993241072 0.4499826133 -0.0525440909 0.8914902210
102.3 245.8 1969.6 0.8893589377 0.1168790683 -0.4420180321 -0.0809711069 0.9917551875 0.0993241072 0.4499826133 -0.0525440909 0.8914902210
79.1 48.8 1980.0 0.8893666863 0.1168689430 -0.4420051277 -0.0809053257 0.9917495847 0.0994337499 0.4499790967 -0.0526724979 0.8914843798
-27.6 257.6 1903.8 0.0706183761 -0.7778840661 -0.6244273186 -0.0879228786 0.6186996102 -0.7806922197 0.9936209321 0.1100326627 -0.0247022416
-44.9 279.1 1660.6 -0.6047313809 -0.7778840661 0.1708695143 -0.6894005537 0.6186996102 0.3767461479 -0.3987817168 0.1100326627 -0.9104207754
232.2 234.0 2035.3 -0.2129920125 0.8863413334 -0.4111367464 -0.7673062682 0.1087663323 0.6319897175 0.6048764586 0.4500765502 0.6569288969
182.3 54.2 2177.0 0.4553364217 0.8863413334 0.0840699449 -0.0282575153 0.1087663323 -0.9936656356 -0.8898709416 0.4500765502 0.0745710731
-25.7 -141.7 1949.5 0.9802203774 0.0448742919 -0.1927546114 -0.0475857779 0.9988223910 -0.0094581554 0.1921031922 0.0184434541 0.9812014103
-43.5 -538.6 1942.1 0.9796665907 0.0604558401 -0.1913072169 -0.0575342961 0.9981269240 0.0207947027 0.1922060549 -0.0093651498 0.9813098907
138.0 -156.2 2030.8 0.8784666061 0.2169612199 -0.4257044792 -0.1739823073 0.9750440121 0.1379104555 0.4450018406 -0.0470846854 0.8942909837
51.8 -543.6 2049.5 0.8965494633 -0.0524115451 -0.4398318827 0.0921161547 0.9933267832 0.0694012865 0.4332593679 -0.1027373075 0.8953945637
129.6 478.0 1775.6 0 0 0 0 0 0 0 0 0
303.5 46.7 1940.2 0 0 0 0 0 0 0 0 0
-66.6 -919.7 1945.7 0 0 0 0 0 0 0 0 0
71.8 -922.1 2088.7 0 0 0 0 0 0 0 0 0
126.1 439.7 1954.8  0.8962725997 0.1187034696 -0.4273229539 -0.0794019252 0.9908965826 0.1087165773 0.4363378882 -0.0635094270 0.8975387216
102.5 242.7 1967.5 0.8962725997 0.1187034696 -0.4273229539 -0.0794019252 0.9908965826 0.1087165773 0.4363378882 -0.0635094270 0.8975387216
78.9 45.8 1980.1 0.8962668777 0.1187798008 -0.4273137450 -0.0794496983 0.9908843040 0.1087933779 0.4363409281 -0.0635579526 0.8975338340
-28.4 254.3 1903.7 0.0616862290 -0.7773179412 -0.6260764003 -0.1031081453 0.6189520359 -0.7786315680 0.9927555323 0.1125844195 -0.0419669934
-43.5 279.5 1660.8 -0.6064209938 -0.7773179412 0.1674228758 -0.6895642877 0.6189520359 0.3760312498 -0.3959225714 0.1125844195 -0.9113561511
233.4 231.0 2031.2 -0.1961283088 0.8927214742 -0.4056871533 -0.7522392869 0.1284182221 0.6462544203 0.6290228367 0.4319226146 0.6463537216
187.4 54.7 2178.6 0.4387596846 0.8927214742 0.1026563197 -0.0293554217 0.1284182221 -0.9912855625 -0.8981248140 0.4319226146 0.0825509503
-25.7 -140.9 1949.2 0.9832043052 0.0408512130 -0.1778775305 -0.0452479310 0.9987607002 -0.0207298622 0.1768102348 0.0284302793 0.9838342667
-41.9 -537.8 1937.9 0.9829053879 0.0586262047 -0.1745277792 -0.0505729392 0.9974558353 0.0502420403 0.1770292521 -0.0405567884 0.9833695889
