101.5 428.4 1984.7 3 0.7787418962 -0.2031192333 -0.5935517550 0.4287137389 0.8630441427 0.2671316862 0.4580017626 -0.4624904096 0.7591686249
151.9 214.0 2099.6 0.7787418962 -0.2031192333 -0.5935517550 0.4287137389 0.8630441427 0.2671316862 0.4580017626 -0.4624904096 0.7591686249
113.6 24.6 2081.1 0.7806459069 0.1976838261 -0.5928853750 -0.2153730243 0.9756400585 0.0417250767 0.5866910815 0.0951190144 0.8042051196
45.3 243.4 2019.5 0.5661505461 -0.6793524027 -0.4668552876 0.1690003276 0.6499959230 -0.7409076691 0.8067914844 0.3405665755 0.4828063250
-104.0 198.8 1806.7 -0.7307844162 -0.6793524027 -0.0665916279 -0.6413901448 0.6499959230 0.4075830579 -0.2336082608 0.3405665755 -0.9107368588
258.6 184.6 2179.8 0.2081201226 0.9445824623 0.2538699210 -0.7522687912 -0.0113033354 0.6587594151 0.6251221299 -0.3280795217 0.7082274556
305.1 16.3 2319.6 -0.2828662694 0.9445824623 0.1665851325 -0.5351819992 -0.0113033354 -0.8446611762 -0.7959691882 -0.3280795217 0.5087208748
8.6 -147.2 2011.9 0.7035074234 0.0521205030 -0.7087740898 0.0158513468 0.9959082603 0.0889687985 0.7105110884 -0.0738252401 0.6998026967
-11.7 -533.9 2040.5 0.7087448239 0.0872705951 -0.7000461817 0.0648340508 0.9800616503 0.1878181249 0.7024794221 -0.1785019487 0.6889554858
150.1 -183.7 2115.5 0.9312778711 0.0833908468 0.3546371758 -0.0803383440 0.9964941144 -0.0233511012 -0.3553411067 -0.0067445971 0.9347123504
117.7 -570.6 2118.1 0.9313361645 -0.0299600754 0.3629260063 -0.0146942614 0.9927064776 0.1196576133 -0.3638639450 -0.1167743951 0.9241032004
80.7 361.0 1865.7 0 0 0 0 0 0 0 0 0
233.3 -119.6 2117.6 0 0 0 0 0 0 0 0 0
-44.2 -899.1 2107.0 0 0 0 0 0 0 0 0 0
128.9 -941.0 2161.7 0 0 0 0 0 0 0 0 0
101.7 425.7 1976.8 4 0.7778912783 -0.2027423233 -0.5947946906 0.4463938773 0.8444766998 0.2959588468 0.4422868490 -0.4957365096 0.7474139929
152.2 215.3 2100.3 0.7778912783 -0.2027423233 -0.5947946906 0.4463938773 0.8444766998 0.2959588468 0.4422868490 -0.4957365096 0.7474139929
114.7 25.8 2081.4 0.7814245820 0.1929859370 -0.5934071541 -0.2130238414 0.9763459563 0.0370048992 0.5865120888 0.0974933282 0.8040513992
45.4 244.4 2020.2 0.5646060705 -0.6803267598 -0.4673065543 0.1768582910 0.6527579427 -0.7366330028 0.8061892390 0.3332604468 0.4888725579
-105.4 197.2 1804.9 -0.7305499315 -0.6803267598 -0.0587559082 -0.6404291391 0.6527579427 0.4046697617 -0.2369542867 0.3332604468 -0.9125733376
258.9 186.2 2180.5 0.2114546597 0.9447525740 0.2504585087 -0.7527313828 -0.0060420851 0.6583000422 0.6234439611 -0.3277285993 0.7098672986
306.2 17.8 2320.0 -0.2800114155 0.9447525740 0.1703999490 -0.5346422195 -0.0060420851 -0.8450568914 -0.7973401546 -0.3277285993 0.5067964792
5.3 -145.5 2010.1 0.7035959363 0.0458308458 -0.7091208100 0.0274343304 0.9954220057 0.0915552303 0.7100704908 -0.0838721395 0.6991175413
-12.5 -531.9 2042.7 0.7064477205 0.0867691785 -0.7024263144 0.0562998354 0.9824224710 0.1779786348 0.7055224776 -0.1652790904 0.6891450286
145.1 -184.0 2115.2 0.9321322441 0.0722331926 0.3548405766 -0.0706153885 0.9973496199 -0.0175258201 -0.3551660478 -0.0087208217 0.9347625375
117.1 -571.2 2118.6 0.9309220910 -0.0503355972 0.3617324829 0.0005908473 0.9906630516 0.1363316476 -0.3652173579 -0.1267004013 0.9222598672
79.7 359.4 1864.9 0 0 0 0 0 0 0 0 0
235.2 -117.9 2117.6 0 0 0 0 0 0 0 0 0
-44.9 -898.3 2104.3 0 0 0 0 0 0 0 0 0
135.9 -940.9 2165.9 0 0 0 0 0 0 0 0 0
102.5 427.1 1977.9 5 0.7767834663 -0.2014007866 -0.5966951847 0.4436024725 0.8475188017 0.2914253175 0.4470171332 -0.4910698533 0.7476804852
152.5 216.6 2099.8 0.7767834663 -0.2014007866 -0.5966951847 0.4436024725 0.8475188017 0.2914253175 0.4470171332 -0.4910698533 0.7476804852
113.9 27.3 2081.4 0.7776783109 0.1989282668 -0.5963589549 -0.2161219865 0.9753954411 0.0435314178 0.5903454423 0.0950328484 0.8015366197
46.2 246.1 2019.2 0.5691878200 -0.6774293184 -0.4659557045 0.1834900826 0.6570777893 -0.7311499119 0.8014715314 0.3306633830 0.4983022511
-105.6 197.2 1805.3 -0.7332141995 -0.6774293184 -0.0590457618 -0.6392571926 0.6570777893 0.3994984627 -0.2318343073 0.3306633830 -0.9148303866
258.7 187.1 2180.5 0.2040746659 0.9459897876 0.2519063950 -0.7519985437 -0.0132668847 0.6590312719 0.6267788410 -0.3239248097 0.7086755037
304.4 18.8 2320.7 -0.2803072035 0.9459897876 0.1628838927 -0.5354740024 -0.0132668847 -0.8444474936 -0.7966777682 -0.3239248097 0.5102717876
7.3 -144.6 2009.9 0.7004150748 0.0559188128 -0.7115418315 0.0159990024 0.9954456091 0.0939791277 0.7135564089 -0.0772083625 0.6963304877
-14.5 -531.1 2039.9 0.7075219750 0.0603689626 -0.7041081190 0.0947240293 0.9792523980 0.1791426241 0.7003142238 -0.1934433132 0.6871241927
147.3 -182.8 2115.0 0.9332197905 0.0780493468 0.3507264853 -0.0758609846 0.9969178438 -0.0199979562 -0.3512063324 -0.0079439683 0.9362643957
117.0 -569.8 2118.1 0.9324699044 -0.0410583392 0.3589067757 -0.0145004811 0.9884652495 0.1507522315 -0.3609565198 -0.1457762420 0.9211187363
80.3 359.3 1864.1 0 0 0 0 0 0 0 0 0
233.2 -117.1 2118.5 0 0 0 0 0 0 0 0 0
-37.0 -896.2 2112.0 0 0 0 0 0 0 0 0 0
132.3 -938.7 2172.5 0 0 0 0 0 0 0 0 0
102.5 428.0 1978.9 6 0.7880187035 -0.1896261275 -0.5857204795 0.4258371592 0.8549716473 0.2961184978 0.4446226358 -0.4827684760 0.7544834614
149.0 218.3 2097.3 0.7880187035 -0.1896261275 -0.5857204795 0.4258371592 0.8549716473 0.2961184978 0.4446226358 -0.4827684760 0.7544834614
112.3 28.6 2078.2 0.7882295251 0.1890191287 -0.5856329799 -0.2105766237 0.9770557284 0.0319304243 0.5782315135 0.0981521085 0.8099471927
41.3 247.1 2018.3 0.5565026999 -0.6768870354 -0.4817973375 0.1886546314 0.6676872373 -0.7201410532 0.8091440797 0.3098671436 0.4992676377
-105.6 197.2 1804.7 -0.7347227931 -0.6768870354 -0.0447926559 -0.6384673715 0.6676872373 0.3828226328 -0.2292201966 0.3098671436 -0.9227353334
256.7 189.5 2176.3 0.2213682830 0.9414861798 0.2541649342 -0.7532695532 -0.0004432205 0.6577118039 0.6193392277 -0.3370512426 0.7090947628
306.2 21.0 2314.9 -0.2851872444 0.9414861798 0.1796440184 -0.5340338945 -0.0004432205 -0.8454629779 -0.7959120870 -0.3370512426 0.5029119253
5.6 -142.7 2010.0 0.7097332478 0.0456084497 -0.7029925585 0.0133730359 0.9968500137 0.0781744719 0.7043435574 -0.0648841634 0.7068876624
-12.1 -529.6 2035.2 0.7187557220 0.0888248011 -0.6895653605 0.0888090357 0.9719516039 0.2177681923 0.6895673871 -0.2177617699 0.6907073259
144.9 -181.4 2115.8 0.9291844964 0.0674441308 0.3634109199 -0.0611926764 0.9977132082 -0.0287019834 -0.3645156622 0.0044313506 0.9311867356
118.7 -568.7 2114.1 0.9290663600 -0.0149053084 0.3696127534 -0.0470953472 0.9862907529 0.1581538320 -0.3669029474 -0.1643424332 0.9156275392
80.8 359.2 1862.9 0 0 0 0 0 0 0 0 0
233.8 -114.6 2112.8 0 0 0 0 0 0 0 0 0
-45.2 -892.0 2116.4 0 0 0 0 0 0 0 0 0
124.3 -936.6 2175.4 0 0 0 0 0 0 0 0 0
102.9 427.9 1979.0 7 0.7922062278 -0.1841220409 -0.5818147063 0.4213840067 0.8546627164 0.3032937944 0.4414122701 -0.4854386449 0.7546552420
147.7 219.9 2097.1 0.7922062278 -0.1841220409 -0.5818147063 0.4213840067 0.8546627164 0.3032937944 0.4414122701 -0.4854386449 0.7546552420
112.0 30.1 2077.7 0.7923338413 0.1837500334 -0.5817584991 -0.2073369473 0.9779108763 0.0264905002 0.5737755895 0.0996307135 0.8129300475
39.4 248.2 2018.7 0.5488782525 -0.6778869629 -0.4890828133 0.1948039234 0.6727191210 -0.7137929797 0.8128862977 0.2965101898 0.5012959242
-105.9 196.6 1803.4 -0.7343443036 -0.6778869629 -0.0347520933 -0.6386774778 0.6727191210 0.3735506535 -0.2298467159 0.2965101898 -0.9269585609
255.9 191.6 2175.5 0.2288936973 0.9397783279 0.2538196445 -0.7534591556 0.0059416089 0.6574678421 0.6163659692 -0.3417329788 0.7094445825
307.1 23.0 2313.4 -0.2860084176 0.9397783279 0.1871253997 -0.5337412357 0.0059416089 -0.8456269503 -0.7958136797 -0.3417329788 0.4998991191
5.0 -142.1 2007.4 0.7131245136 0.0471987762 -0.6994467378 0.0152268447 0.9964527488 0.0827654004 0.7008720040 -0.0696723983 0.7098761797
-13.3 -529.0 2034.4 0.7206807733 0.0759705678 -0.6890919209 0.0873822942 0.9760959744 0.1990000159 0.6877380013 -0.2036299109 0.6968151331
146.2 -179.9 2111.0 0.9264941812 0.0729079098 0.3691787422 -0.0726549998 0.9972501397 -0.0146080749 -0.3692286015 -0.0132883852 0.9292435646
117.9 -566.9 2116.1 0.9264597297 -0.0189573113 0.3759162128 -0.0340533294 0.9904133677 0.1338718832 -0.3748503029 -0.1368281096 0.9169325829
80.5 358.7 1861.8 0 0 0 0 0 0 0 0 0
234.5 -112.5 2111.4 0 0 0 0 0 0 0 0 0
-41.6 -893.0 2110.4 0 0 0 0 0 0 0 0 0
125.0 -936.4 2167.2 0 0 0 0 0 0 0 0 0
101.7 429.5 1982.0 8 0.7857845426 -0.1905325502 -0.5884216428 0.4227026403 0.8599479198 0.2860281169 0.4515142739 -0.4734838605 0.7562723756
148.2 219.5 2097.6 0.7857845426 -0.1905325502 -0.5884216428 0.4227026403 0.8599479198 0.2860281169 0.4515142739 -0.4734838605 0.7562723756
111.8 29.8 2078.2 0.7866907716 0.1879033446 -0.5880560875 -0.2104922384 0.9771156311 0.0306280274 0.5803539157 0.0996864513 0.8082400560
40.8 248.3 2018.3 0.5504136682 -0.6796507835 -0.4848912954 0.1958029717 0.6696684957 -0.7163834572 0.8116070032 0.2993641198 0.5016723871
-105.8 196.1 1802.2 -0.7326599956 -0.6796507835 -0.0358352289 -0.6396716237 0.6696684957 0.3773119152 -0.2324426174 0.2993641198 -0.9253926277
255.7 190.7 2176.9 0.2201683223 0.9424827099 0.2515000701 -0.7537030578 0.0006917767 0.6572147608 0.6192395091 -0.3342542350 0.7105044127
305.0 22.1 2315.4 -0.2823717594 0.9424827099 0.1788646430 -0.5334654450 0.0006917767 -0.8458215594 -0.7972959280 -0.3342542350 0.5025866032
5.4 -141.2 2007.0 0.7082612514 0.0480556823 -0.7043128610 0.0256623458 0.9952684045 0.0937139541 0.7054838538 -0.0844482854 0.7036768198
-13.3 -527.5 2039.8 0.7108940482 0.0683043823 -0.6999744177 0.0581462868 0.9861571789 0.1552838385 0.7008913159 -0.1510912627 0.6970816255
147.3 -178.3 2109.8 0.9289262295 0.0780596808 0.3619429469 -0.0790527165 0.9967971444 -0.0120889805 -0.3617273569 -0.0173828024 0.9321218729
117.0 -565.3 2116.5 0.9282389879 -0.0424487405 0.3695544899 -0.0094332965 0.9904619455 0.1374634057 -0.3718647957 -0.1310850084 0.9189849496
80.1 358.5 1861.2 0 0 0 0 0 0 0 0 0
233.3 -113.3 2113.0 0 0 0 0 0 0 0 0 0
-38.7 -895.0 2096.1 0 0 0 0 0 0 0 0 0
132.9 -934.8 2165.5 0 0 0 0 0 0 0 0 0
101.9 429.6 1987.5 9 0.7915665507 -0.1938610375 -0.5795173049 0.4092856646 0.8724016547 0.2672088146 0.4537705183 -0.4487016797 0.7699085474
148.7 218.9 2095.9 0.7915665507 -0.1938610375 -0.5795173049 0.4092856646 0.8724016547 0.2672088146 0.4537705183 -0.4487016797 0.7699085474
110.7 29.6 2075.7 0.7909386754 0.1957053393 -0.5797545910 -0.2196559012 0.9751312137 0.0295021925 0.5711105466 0.1040121019 0.8142568469
40.7 248.9 2017.8 0.5505498052 -0.6812307239 -0.4825139046 0.1990661472 0.6684564352 -0.7166160941 0.8107204437 0.2984806597 0.5036285520
-106.4 195.7 1801.3 -0.7311704159 -0.6812307239 -0.0362572372 -0.6414657831 0.6684564352 0.3764141500 -0.2321884930 0.2984806597 -0.9257417321
256.8 188.9 2173.9 0.2210082114 0.9390974641 0.2631565630 -0.7591786981 -0.0037231660 0.6508716345 0.6122116446 -0.3436308205 0.7121198773
306.2 19.0 2310.9 -0.2940180302 0.9390974641 0.1779028028 -0.5263590217 -0.0037231660 -0.8502542973 -0.7978092432 -0.3436308205 0.4953970611
4.8 -141.0 2006.9 0.7158426046 0.0463080816 -0.6967244148 0.0248079784 0.9954818487 0.0916538313 0.6978208423 -0.0828940421 0.7114595175
-13.2 -527.5 2039.1 0.7195838094 0.0772612914 -0.6900940537 0.0648322701 0.9819753170 0.1775423586 0.6913724542 -0.1724969745 0.7016044855
145.8 -178.7 2110.9 0.9259790778 0.0675373524 0.3714854419 -0.0664853752 0.9976645708 -0.0156548694 -0.3716751635 -0.0102022691 0.9283067584
119.6 -566.0 2114.8 0.9259887338 -0.0073992396 0.3774785995 -0.0494911000 0.9888019562 0.1407883465 -0.3742932975 -0.1490502506 0.9152532816
79.2 358.6 1860.3 0 0 0 0 0 0 0 0 0
231.6 -114.6 2108.4 0 0 0 0 0 0 0 0 0
-42.0 -893.6 2103.4 0 0 0 0 0 0 0 0 0
122.3 -934.7 2170.4 0 0 0 0 0 0 0 0 0
100.7 427.4 1982.7 0 0.7735182643 -0.1995000541 -0.6015557051 0.4345356524 0.8578864336 0.2742437124 0.4613548219 -0.4735299051 0.7502807379
149.3 218.3 2098.1 0.7735182643 -0.1995000541 -0.6015557051 0.4345356524 0.8578864336 0.2742437124 0.4613548219 -0.4735299051 0.7502807379
115.2 28.3 2077.9 0.7818580866 0.1754791588 -0.5982516408 -0.2031796277 0.9789032936 0.0215954278 0.5894200206 0.1046679914 0.8010172248
42.5 246.1 2017.6 0.5561586022 -0.6802020073 -0.4775069058 0.1855806559 0.6617017984 -0.7264368534 0.8100910187 0.3153980672 0.4942434728
-105.8 196.5 1801.5 -0.7313950658 -0.6802020073 -0.0488519892 -0.6413286924 0.6617017984 0.3883918822 -0.2318594903 0.3153980672 -0.9201985002
256.1 190.5 2178.7 0.2209973335 0.9464781284 0.2352432460 -0.7529451847 0.0122730359 0.6579688191 0.6198658943 -0.3225346208 0.7153584361
305.5 22.0 2317.4 -0.2664380968 0.9464781284 0.1821810752 -0.5343169570 0.0122730359 -0.8451951146 -0.8021945953 -0.3225346208 0.5024492741
1.9 -140.0 2004.3 0.6993301511 0.0336033702 -0.7140085101 0.0351610743 0.9960679412 0.0813161656 0.7139335275 -0.0819721520 0.6953988075
-11.2 -526.7 2036.1 0.7022678852 0.0946889147 -0.7055875659 0.0626939908 0.9790387750 0.1937847286 0.7091468573 -0.1803248823 0.6816110611
143.6 -179.4 2106.6 0.9341294169 0.0644398853 0.3510693908 -0.0680040419 0.9976826310 -0.0021818501 -0.3503964543 -0.0218360070 0.9363468885
118.6 -566.6 2115.1 0.9337940812 -0.0255869403 0.3568948507 -0.0354061127 0.9859371185 0.1633229852 -0.3560548127 -0.1651463062 0.9197562933
79.8 359.3 1860.4 0 0 0 0 0 0 0 0 0
237.9 -113.5 2113.8 0 0 0 0 0 0 0 0 0
-46.5 -891.9 2103.4 0 0 0 0 0 0 0 0 0
128.1 -934.4 2176.7 0 0 0 0 0 0 0 0 0
100.8 427.7 1985.3 1 0.7724403143 -0.2037491053 -0.6015166044 0.4318970144 0.8629311919 0.2623256147 0.4656188190 -0.4624241292 0.7545614839
150.2 218.3 2097.5 0.7724403143 -0.2037491053 -0.6015166044 0.4318970144 0.8629311919 0.2623256147 0.4656188190 -0.4624241292 0.7545614839
114.4 28.5 2078.5 0.7790023685 0.1848355383 -0.5991587043 -0.2067550719 0.9778413773 0.0328413099 0.5919524431 0.0982956365 0.7999564409
43.8 246.6 2016.7 0.5600579381 -0.6809273362 -0.4718824625 0.1879226863 0.6591651440 -0.7281389832 0.8068582416 0.3191225827 0.4971323609
-106.1 196.3 1800.7 -0.7305861115 -0.6809273362 -0.0508117415 -0.6416366696 0.6591651440 0.3921781182 -0.2335514873 0.3191225827 -0.9184848666
256.6 190.1 2178.4 0.2128763646 0.9469926357 0.2406004220 -0.7507948875 0.0009520060 0.6605347395 0.6252924800 -0.3212538064 0.7111998796
304.3 22.1 2318.3 -0.2704945505 0.9469926357 0.1733136177 -0.5371236205 0.0009520060 -0.8435029984 -0.7989561558 -0.3212538064 0.5083946586
11.2 -143.5 2004.8 0.6979596019 0.0557968616 -0.7139601707 0.0200290103 0.9950491786 0.0973444581 0.7158569694 -0.0822424144 0.6933866143
-10.5 -529.7 2036.7 0.7019829154 0.0877800062 -0.7067635059 0.0589259528 0.9818140268 0.1804686487 0.7097519040 -0.1683326215 0.6840441227
151.2 -179.9 2110.4 0.9337646365 0.0859503746 0.3474134505 -0.0814394876 0.9962962270 -0.0275945663 -0.3484984934 -0.0025263436 0.9373059273
117.8 -566.5 2111.4 0.9336614609 -0.0184776448 0.3576797843 -0.0491951555 0.9825863242 0.1791756451 -0.3547620177 -0.1848855019 0.9164940119
79.4 359.2 1860.0 0 0 0 0 0 0 0 0 0
235.6 -114.2 2115.5 0 0 0 0 0 0 0 0 0
-43.2 -896.0 2099.5 0 0 0 0 0 0 0 0 0
124.7 -933.1 2180.4 0 0 0 0 0 0 0 0 0
102.8 427.8 1987.2 2 0.7767233253 -0.1987834126 -0.5976504087 0.4195403159 0.8710265756 0.2555358708 0.4697731137 -0.4492191076 0.7599443197
150.4 219.1 2094.8 0.7767233253 -0.1987834126 -0.5976504087 0.4195403159 0.8710265756 0.2555358708 0.4697731137 -0.4492191076 0.7599443197
113.6 29.4 2076.1 0.7798216939 0.1896802336 -0.5965731740 -0.2094969153 0.9771156311 0.0368257724 0.5899060369 0.0962627009 0.8017134070
43.9 247.7 2014.2 0.5640614629 -0.6803770661 -0.4678907096 0.1918287873 0.6591061950 -0.7271730900 0.8031415939 0.3204154074 0.5022922754
-106.3 196.6 1800.3 -0.7312115431 -0.6803770661 -0.0491600484 -0.6398529410 0.6591061950 0.3951800466 -0.2364697605 0.3204154074 -0.9172872901
257.0 190.5 2175.4 0.2113051862 0.9460053444 0.2458130419 -0.7508436441 -0.0039054644 0.6604684591 0.6257666349 -0.3241275847 0.7094768286
304.3 22.4 2315.4 -0.2754018009 0.9460053444 0.1709613651 -0.5370579362 -0.0039054644 -0.8435363173 -0.7973221540 -0.3241275847 0.5091352463
8.7 -142.7 2006.4 0.7004060149 0.0517917760 -0.7118631005 0.0213168059 0.9954009652 0.0933943689 0.7134262919 -0.0805886239 0.6960807443
-11.4 -529.1 2037.7 0.7044637203 0.0753287449 -0.7057310939 0.0652089939 0.9832763076 0.1700454205 0.7067379951 -0.1658108532 0.6877704263
148.2 -179.8 2112.4 0.9336782694 0.0743878931 0.3503018320 -0.0698434636 0.9972292185 -0.0256077871 -0.3512361348 -0.0005568608 0.9362867475
119.4 -566.8 2112.7 0.9335034490 -0.0191194601 0.3580583036 -0.0430775359 0.9853649735 0.1649247408 -0.3559713960 -0.1693820804 0.9190179706
79.3 359.0 1860.3 0 0 0 0 0 0 0 0 0
234.4 -113.9 2113.0 0 0 0 0 0 0 0 0 0
-39.5 -896.1 2099.5 0 0 0 0 0 0 0 0 0
126.5 -934.5 2175.9 0 0 0 0 0 0 0 0 0
102.4 431.5 1988.6 3 0.7876606584 -0.1950321943 -0.5844255090 0.4085946977 0.8753224015 0.2585751712 0.4611302316 -0.4424626529 0.7691460848
149.0 222.6 2094.2 0.7876606584 -0.1950321943 -0.5844255090 0.4085946977 0.8753224015 0.2585751712 0.4611302316 -0.4424626529 0.7691460848
119.6 31.7 2076.1 0.8014209270 0.1513348222 -0.5786383152 -0.1769494116 0.9841429591 0.0123118870 0.5713260174 0.0925227106 0.8154913187
39.6 246.7 2016.1 0.5486844182 -0.6819370389 -0.4836396277 0.1885561347 0.6645308137 -0.7230804563 0.8144888282 0.3055497706 0.4932011068
-105.3 196.9 1801.0 -0.7302139997 -0.6819370389 -0.0418258309 -0.6424562931 0.6645308137 0.3816394806 -0.2324595600 0.3055497706 -0.9233644605
258.3 198.5 2172.2 0.2567697763 0.9375856519 0.2345260829 -0.7412053347 0.0353085324 0.6703491211 0.6202289462 -0.3459573686 0.7040096521
315.7 32.8 2310.8 -0.2712895870 0.9375856519 0.2175664604 -0.5481351614 0.0353085324 -0.8356441259 -0.7911698818 -0.3459573686 0.5043448210
7.0 -141.5 2004.6 0.7146215439 0.0498698615 -0.6977313757 0.0222798958 0.9953266978 0.0939595103 0.6991564035 -0.0826908723 0.7101708055
-12.4 -527.9 2036.7 0.7192206383 0.0788277164 -0.6902955174 0.0693025962 0.9804484844 0.1841680408 0.6913167238 -0.1802967191 0.6996958256
146.7 -179.0 2110.3 0.9249448776 0.0750083178 0.3726267815 -0.0744307414 0.9970985055 -0.0159579106 -0.3727425933 -0.0129747009 0.9278440475
117.6 -566.0 2115.3 0.9245885611 -0.0284581073 0.3799028099 -0.0309433509 0.9883014560 0.1493409872 -0.3797084391 -0.1498344243 0.9128916264
80.0 360.0 1860.0 0 0 0 0 0 0 0 0 0
246.9 -106.3 2110.0 0 0 0 0 0 0 0 0 0
-41.8 -893.8 2104.0 0 0 0 0 0 0 0 0 0
128.2 -934.8 2171.2 0 0 0 0 0 0 0 0 0
103.3 431.9 1989.3 4 0.7993881702 -0.1917143762 -0.5694068670 0.3971488774 0.8797550797 0.2613498867 0.4508340359 -0.4350592792 0.7794049382
149.0 222.2 2093.0 0.7993881702 -0.1917143762 -0.5694068670 0.3971488774 0.8797550797 0.2613498867 0.4508340359 -0.4350592792 0.7794049382
115.7 32.0 2074.4 0.8057444096 0.1717714518 -0.5668073297 -0.1957459301 0.9804730415 0.0188707728 0.5589807630 0.0957452059 0.8236342669
39.1 248.9 2016.6 0.5383729935 -0.6870141625 -0.4880226254 0.1791656464 0.6591882706 -0.7303221822 0.8234404325 0.3057488501 0.4779785275
-100.4 202.5 1803.4 -0.7255645394 -0.6870141625 -0.0395938493 -0.6452385187 0.6591882706 0.3861839473 -0.2392140329 0.3057488501 -0.9215716124
259.0 195.4 2169.3 0.2508245111 0.9331488013 0.2575273514 -0.7496422529 0.0189204253 0.6615727544 0.6124733090 -0.3589920402 0.7042734623
315.1 27.8 2306.3 -0.2930941880 0.9331488013 0.2081563622 -0.5381875038 0.0189204253 -0.8426127434 -0.7902215123 -0.3589920402 0.4966635704
18.6 -143.4 2006.9 0.7243067622 0.0798706785 -0.6848360300 -0.0001412489 0.9932847619 0.1156948805 0.6894778013 -0.0837018564 0.7194541693
-12.4 -528.8 2039.4 0.7297778726 0.0705657601 -0.6800328493 0.0583680309 0.9845972061 0.1648075432 0.6811882257 -0.1599650830 0.7144184709
162.0 -175.0 2109.3 0.9159386158 0.1148578674 0.3845311105 -0.1098981425 0.9933288693 -0.0349300541 -0.3859778345 -0.0102654677 0.9224509597
117.4 -560.3 2113.2 0.9169687629 -0.0179041568 0.3985570669 -0.0399876498 0.9898373485 0.1364663392 -0.3969499767 -0.1410727352 0.9069339633
81.5 364.2 1863.3 0 0 0 0 0 0 0 0 0
240.7 -108.8 2105.8 0 0 0 0 0 0 0 0 0
-38.8 -896.2 2099.1 0 0 0 0 0 0 0 0 0
124.1 -929.7 2165.9 0 0 0 0 0 0 0 0 0
103.9 430.2 1981.6 5 0.8032833934 -0.1889444739 -0.5648325086 0.4045116603 0.8691413403 0.2845411003 0.4371568263 -0.4570484757 0.7745970488
149.8 219.1 2092.6 0.8032833934 -0.1889444739 -0.5648325086 0.4045116603 0.8691413403 0.2845411003 0.4371568263 -0.4570484757 0.7745970488
113.7 29.5 2072.5 0.8042206764 0.1861381382 -0.5644303560 -0.2121100873 0.9770413637 0.0199871138 0.5551921725 0.1036473289 0.8252386451
40.0 248.1 2016.8 0.5347350836 -0.6903011203 -0.4873836339 0.1670633554 0.6517498493 -0.7398053408 0.8283406496 0.3141759336 0.4638375342
-97.3 205.2 1804.1 -0.7220408320 -0.6903011203 -0.0462759547 -0.6483241320 0.6517498493 0.3935706913 -0.2415219396 0.3141759336 -0.9181289077
259.6 190.1 2168.5 0.2415148020 0.9324135184 0.2688413262 -0.7584156394 0.0085376343 0.6517152786 0.6053728461 -0.3612923622 0.7092189789
313.7 20.5 2303.9 -0.3028292656 0.9324135184 0.1972295642 -0.5271375179 0.0085376343 -0.8497371078 -0.7939901948 -0.3612923622 0.4889246821
10.3 -140.7 2005.7 0.7282959819 0.0595155470 -0.6826733351 0.0140521722 0.9947147965 0.1017106324 0.6851186156 -0.0836684853 0.7236104608
-12.8 -526.8 2038.2 0.7321220040 0.0666635633 -0.6779036522 0.0592808835 0.9851882458 0.1609033942 0.6785891056 -0.1579876393 0.7173261046
154.5 -175.8 2105.9 0.9166219831 0.0892698839 0.3896601498 -0.0895208195 0.9958302379 -0.0175560582 -0.3896025717 -0.0187904276 0.9207913876
119.9 -562.1 2113.1 0.9167885184 -0.0171377733 0.3990051746 -0.0447234698 0.9883890748 0.1452130377 -0.3968609869 -0.1509745419 0.9053772688
82.9 366.9 1864.4 0 0 0 0 0 0 0 0 0
236.8 -113.3 2102.4 0 0 0 0 0 0 0 0 0
-37.7 -894.5 2097.2 0 0 0 0 0 0 0 0 0
126.3 -931.0 2169.5 0 0 0 0 0 0 0 0 0
103.9 427.6 1977.3 6 0.8016594052 -0.1836878061 -0.5688593984 0.4112523496 0.8601018786 0.3018216491 0.4338360429 -0.4759029150 0.7650507689
148.5 218.8 2092.8 0.8016594052 -0.1836878061 -0.5688593984 0.4112523496 0.8601018786 0.3018216491 0.4338360429 -0.4759029150 0.7650507689
113.4 29.3 2070.6 0.8027495742 0.1804823279 -0.5683478713 -0.2134990543 0.9769048095 0.0086703552 0.5567865968 0.1143816039 0.8227427006
38.8 248.0 2016.7 0.5278549194 -0.6915317178 -0.4931055009 0.1605906636 0.6513685584 -0.7415723801 0.8340142369 0.3122545183 0.4548816681
-95.7 207.1 1804.2 -0.7209714055 -0.6915317178 -0.0445432104 -0.6490515471 0.6513685584 0.3930026591 -0.2427597493 0.3122545183 -0.9184578657
258.1 189.7 2168.8 0.2428098172 0.9339753389 0.2621707022 -0.7632436156 0.0171216428 0.6458839774 0.5987508893 -0.3569270670 0.7170079947
312.4 18.9 2302.8 -0.2964293063 0.9339753389 0.1995488554 -0.5206679106 0.0171216428 -0.8535875678 -0.8006463647 -0.3569270670 0.4812156260
5.6 -141.1 2002.7 0.7258070707 0.0478533357 -0.6862318516 0.0260766260 0.9949464798 0.0969615504 0.6874039173 -0.0882699937 0.7208912969
-13.0 -527.2 2036.9 0.7300776243 0.0601594970 -0.6807109714 0.0787942782 0.9820628762 0.1713008136 0.6788063645 -0.1786990315 0.7122419477
149.6 -179.0 2102.1 0.9187469482 0.0801900923 0.3866181672 -0.0823671743 0.9965417385 -0.0109622153 -0.3861601949 -0.0217731427 0.9221747518
118.5 -565.8 2110.6 0.9183664918 -0.0267341491 0.3948269188 -0.0495778620 0.9820820093 0.1818158031 -0.3926131129 -0.1865482181 0.9005857706
83.5 368.4 1864.6 0 0 0 0 0 0 0 0 0
237.2 -113.2 2099.6 0 0 0 0 0 0 0 0 0
-35.4 -893.7 2103.6 0 0 0 0 0 0 0 0 0
128.4 -932.1 2180.1 0 0 0 0 0 0 0 0 0
104.5 429.4 1976.6 7 0.7992404699 -0.1801926941 -0.5733631253 0.4084912241 0.8626379967 0.2983129621 0.4408509731 -0.4726375937 0.7630623579
148.4 219.2 2091.8 0.7992404699 -0.1801926941 -0.5733631253 0.4084912241 0.8626379967 0.2983129621 0.4408509731 -0.4726375937 0.7630623579
113.4 29.5 2070.6 0.7992750406 0.1800898015 -0.5733472109 -0.2100076079 0.9775950909 0.0143038426 0.5630774498 0.1089745685 0.8191876411
39.2 247.9 2014.9 0.5268008709 -0.6945424080 -0.4899915159 0.1585652679 0.6466507316 -0.7461232543 0.8350676298 0.3153627217 0.4507864714
-94.4 207.7 1803.1 -0.7181046605 -0.6945424080 -0.0440063626 -0.6499046683 0.6466507316 0.3993328810 -0.2488968670 0.3153627217 -0.9157492518
257.6 190.5 2168.7 0.2389160544 0.9361248612 0.2580491304 -0.7593297362 0.0144675672 0.6505451798 0.6052581668 -0.3513700664 0.7142840028
311.0 20.6 2304.1 -0.2917426527 0.9361248612 0.1963579804 -0.5259399414 0.0144675672 -0.8503986597 -0.7989201546 -0.3513700664 0.4881246686
6.5 -141.2 1998.5 0.7218682766 0.0443159305 -0.6906101108 0.0358965322 0.9942061901 0.1013187319 0.6910988688 -0.0979292840 0.7160950899
-10.7 -527.1 2036.5 0.7256094217 0.0794553533 -0.6835041046 0.0749267340 0.9782814980 0.1932647526 0.6840153337 -0.1914474368 0.7038969398
150.3 -179.4 2098.3 0.9204530120 0.0856935307 0.3813434541 -0.0924177691 0.9957200885 -0.0006832426 -0.3797698915 -0.0346140191 0.9244331717
117.1 -565.9 2111.7 0.9194726944 -0.0440445691 0.3906789422 -0.0330912583 0.9815087914 0.1885349751 -0.3917587698 -0.1862808168 0.9010130763
83.9 369.0 1864.9 0 0 0 0 0 0 0 0 0
237.0 -112.9 2101.4 0 0 0 0 0 0 0 0 0
-40.3 -892.2 2108.0 0 0 0 0 0 0 0 0 0
133.5 -932.1 2181.2 0 0 0 0 0 0 0 0 0
104.8 432.2 1983.3 8 0.7970185280 -0.1797148585 -0.5765969157 0.3946612477 0.8776482344 0.2719853520 0.4571694732 -0.4443378150 0.7704284191
148.3 219.7 2090.9 0.7970185280 -0.1797148585 -0.5765969157 0.3946612477 0.8776482344 0.2719853520 0.4571694732 -0.4443378150 0.7704284191
114.7 29.5 2070.9 0.7992497087 0.1727547050 -0.5756350756 -0.2006817013 0.9795365334 0.0153304767 0.5665040016 0.1032665372 0.8175629973
39.1 247.1 2013.5 0.5399556756 -0.6883478761 -0.4843811393 0.1760896593 0.6551321149 -0.7347069383 0.8230676055 0.3114146888 0.4749532640
-99.9 201.7 1801.6 -0.7239277959 -0.6883478761 -0.0458892658 -0.6475996375 0.6551321149 0.3891228437 -0.2377883345 0.3114146888 -0.9200421572
257.5 192.3 2168.3 0.2427406013 0.9369403124 0.2514356673 -0.7537590861 0.0190042872 0.6568759680 0.6106752157 -0.3489724100 0.7108404040
311.8 23.6 2304.9 -0.2857947350 0.9369403124 0.2011573464 -0.5330603123 0.0190042872 -0.8458637595 -0.7963467240 -0.3489724100 0.4940143526
6.9 -141.5 1999.0 0.7193338275 0.0442738757 -0.6932522655 0.0357928239 0.9942790866 0.1006380841 0.6937418580 -0.0972058326 0.7136338949
-10.3 -527.5 2036.8 0.7226892710 0.0794861913 -0.6865873337 0.0713372454 0.9794821143 0.1884828806 0.6874818206 -0.1851938069 0.7021908760
150.1 -179.1 2099.9 0.9216880202 0.0855262801 0.3783865869 -0.0933088064 0.9956346750 0.0022428951 -0.3765429854 -0.0373740532 0.9256449342
116.9 -565.6 2114.4 0.9212132096 -0.0364965312 0.3873425722 -0.0315500461 0.9853035808 0.1678733081 -0.3877768219 -0.1668677777 0.9065231681
81.8 364.3 1861.3 0 0 0 0 0 0 0 0 0
239.2 -111.7 2102.8 0 0 0 0 0 0 0 0 0
-40.0 -893.0 2105.9 0 0 0 0 0 0 0 0 0
130.5 -933.2 2176.7 0 0 0 0 0 0 0 0 0
106.4 432.9 1994.1 9 0.8025903702 -0.1744424254 -0.5704547167 0.3670543730 0.8982379436 0.2417431325 0.4702337682 -0.4034085870 0.7849469185
147.8 220.0 2089.8 0.8025903702 -0.1744424254 -0.5704547167 0.3670543730 0.8982379436 0.2417431325 0.4702337682 -0.4034085870 0.7849469185
114.4 29.7 2070.3 0.8033969402 0.1717627794 -0.5701323748 -0.1982857287 0.9800163507 0.0158352535 0.5614589453 0.1003271267 0.8214002252
38.0 247.0 2013.1 0.5364634395 -0.6819046736 -0.4972052276 0.1705345213 0.6645979881 -0.7274802327 0.8265137672 0.3054758608 0.4728207886
-98.9 203.5 1802.1 -0.7303032875 -0.6819046736 -0.0407818928 -0.6419102550 0.6645979881 0.3824405074 -0.2336844057 0.3054758608 -0.9230796695
257.5 192.9 2166.5 0.2481662929 0.9345252514 0.2551001012 -0.7522433400 0.0199856199 0.6585822105 0.6103633642 -0.3553352356 0.7079501748
313.0 24.5 2303.1 -0.2902425528 0.9345252514 0.2059655786 -0.5350117087 0.0199856199 -0.8446082473 -0.7934240699 -0.3553352356 0.4941812456
9.6 -142.6 2000.1 0.7230936289 0.0595313646 -0.6881799102 0.0218009260 0.9938160777 0.1088775396 0.6904059052 -0.0937316120 0.7173242569
-13.5 -528.4 2036.5 0.7279069424 0.0552114323 -0.6834495068 0.0827679783 0.9823893905 0.1675127596 0.6806621552 -0.1785014272 0.7105183005
152.8 -178.6 2101.6 0.9187912345 0.0945454314 0.3832542896 -0.0979516655 0.9951339960 -0.0106671900 -0.3823979199 -0.0277394764 0.9235812426
116.1 -564.8 2112.3 0.9179235101 -0.0438891873 0.3943223953 -0.0316287018 0.9826052189 0.1829935908 -0.3954946697 -0.1804460287 0.9005682468
82.6 363.1 1860.2 0 0 0 0 0 0 0 0 0
239.4 -111.3 2101.7 0 0 0 0 0 0 0 0 0
-34.1 -895.0 2103.1 0 0 0 0 0 0 0 0 0
132.5 -931.5 2179.7 0 0 0 0 0 0 0 0 0
106.8 430.1 1992.1 0 0.8069003224 -0.1647705734 -0.5672411323 0.3601152897 0.8984261155 0.2512916923 0.4682187438 -0.4070395529 0.7842767239
145.1 221.2 2086.7 0.8069003224 -0.1647705734 -0.5672411323 0.3601152897 0.8984261155 0.2512916923 0.4682187438 -0.4070395529 0.7842767239
113.2 30.5 2069.2 0.8069757223 0.1645112485 -0.5672091842 -0.1863997877 0.9822763801 0.0197024699 0.5603974462 0.0898282602 0.8233380318
34.9 246.7 2010.1 0.5379481316 -0.6827376485 -0.4944503009 0.1850175261 0.6678755879 -0.7209096551 0.8224234581 0.2963300347 0.4856008589
-102.1 199.6 1800.7 -0.7296549082 -0.6827376485 -0.0383803695 -0.6445099115 0.6678755879 0.3722218871 -0.2284965813 0.2963300347 -0.9273498654
255.3 195.7 2163.2 0.2562592030 0.9330310822 0.2525554597 -0.7441123724 0.0236547925 0.6676355004 0.6169505119 -0.3590174019 0.7003417611
312.7 29.2 2301.3 -0.2889730930 0.9330310822 0.2143538892 -0.5452088714 0.0236547925 -0.8379664421 -0.7869191766 -0.3590174019 0.5018612146
9.1 -142.7 2000.5 0.7248319983 0.0612722188 -0.6861954927 0.0236302968 0.9932398200 0.1136498377 0.6885202527 -0.0985920429 0.7184841633
-14.7 -528.3 2038.8 0.7284349203 0.0484689362 -0.6833983660 0.0760901496 0.9855999351 0.1510066539 0.6808765531 -0.1619984061 0.7142574191
153.0 -178.3 2101.1 0.9183780551 0.0879571363 0.3858046532 -0.0916360542 0.9957529306 -0.0088828336 -0.3849474490 -0.0271958150 0.9225377440
118.9 -564.8 2111.7 0.9182641506 -0.0220881514 0.3953517675 -0.0501471683 0.9839165211 0.1714454144 -0.3927800357 -0.1772579551 0.9023876190
81.2 361.5 1858.1 0 0 0 0 0 0 0 0 0
239.3 -109.1 2101.5 0 0 0 0 0 0 0 0 0
-32.8 -896.1 2099.2 0 0 0 0 0 0 0 0 0
127.1 -932.0 2177.8 0 0 0 0 0 0 0 0 0
108.3 432.0 1998.5 1 0.8088493943 -0.1581729650 -0.5663426518 0.3395902812 0.9119412899 0.2303074449 0.4800428152 -0.3786084950 0.7913371921
144.7 222.0 2085.7 0.8088493943 -0.1581729650 -0.5663426518 0.3395902812 0.9119412899 0.2303074449 0.4800428152 -0.3786084950 0.7913371921
112.4 31.2 2070.6 0.8066014051 0.1663533896 -0.5672042966 -0.1811301708 0.9829793572 0.0307157338 0.5626597404 0.0779624581 0.8230041862
34.5 246.7 2008.8 0.5433942676 -0.6669571996 -0.5097948313 0.1702758372 0.6822211742 -0.7110418081 0.8220272660 0.2995702922 0.4842817485
-101.2 204.2 1803.6 -0.7440016866 -0.6669571996 -0.0403674394 -0.6315615773 0.6822211742 0.3683805466 -0.2181545496 0.2995702922 -0.9287982583
254.9 197.2 2162.6 0.2548601329 0.9330715537 0.2538183033 -0.7370749116 0.0175502468 0.6755831838 0.6259128451 -0.3592623174 0.6922165155
311.9 32.3 2302.6 -0.2900105417 0.9330715537 0.2127705514 -0.5541255474 0.0175502468 -0.8322480917 -0.7802812457 -0.3592623174 0.5119490027
9.0 -143.4 2001.6 0.7244133353 0.0572732501 -0.6869826317 0.0234271791 0.9939218760 0.1075661778 0.6889677048 -0.0940164402 0.7186684608
-13.3 -529.3 2038.1 0.7294973135 0.0811157897 -0.6791567802 0.0733784437 0.9779311419 0.1956176311 0.6800362468 -0.1925379932 0.7074459791
153.5 -176.8 2102.0 0.9188561440 0.0853449032 0.3852527440 -0.0907729119 0.9958631396 -0.0041131466 -0.3840100169 -0.0311911218 0.9228019118
120.4 -563.4 2114.1 0.9192664623 -0.0003623416 0.3936356008 -0.0608961061 0.9878299236 0.1431214064 -0.3888968825 -0.1555375904 0.9080568552
84.0 361.5 1857.9 0 0 0 0 0 0 0 0 0
238.3 -108.3 2104.6 0 0 0 0 0 0 0 0 0
-43.5 -893.9 2109.9 0 0 0 0 0 0 0 0 0
120.5 -931.9 2172.1 0 0 0 0 0 0 0 0 0
107.1 429.4 1988.7 2 0.8062438369 -0.1624243557 -0.5688490272 0.3665927947 0.8918656111 0.2649253011 0.4643065631 -0.4221303463 0.7786047459
144.8 222.6 2086.6 0.8062438369 -0.1624243557 -0.5688490272 0.3665927947 0.8918656111 0.2649253011 0.4643065631 -0.4221303463 0.7786047459
114.2 31.5 2071.8 0.8076877594 0.1574027538 -0.5682120323 -0.1729497612 0.9845632911 0.0268976483 0.5636744499 0.0765472353 0.8224424720
34.4 246.2 2009.6 0.5476632118 -0.6519638896 -0.5244121552 0.1780398637 0.7032156587 -0.6883237362 0.8175370097 0.2836033404 0.5012009144
-103.7 201.3 1803.4 -0.7578100562 -0.6519638896 -0.0258264355 -0.6170324683 0.7032156587 0.3532119691 -0.2121198773 0.2836033404 -0.9351868033
255.1 198.9 2163.6 0.2609095573 0.9332138300 0.2470589280 -0.7337445617 0.0253962688 0.6789506078 0.6273317337 -0.3584228456 0.6913667321
313.5 34.8 2304.0 -0.2842677534 0.9332138300 0.2197811306 -0.5579453707 0.0253962688 -0.8294889927 -0.7796722651 -0.3584228456 0.5134630203
7.8 -143.4 2005.0 0.7230733037 0.0555070974 -0.6885375977 0.0221048109 0.9943965077 0.1033777446 0.6904175878 -0.0899696797 0.7177945971
-13.7 -529.4 2040.0 0.7277978063 0.0740935877 -0.6817774177 0.0721845776 0.9803473949 0.1835983843 0.6819822192 -0.1828363240 0.7081462741
152.4 -175.8 2105.8 0.9199360013 0.0826106295 0.3832664788 -0.0837509483 0.9963919520 -0.0137425428 -0.3830189109 -0.0194566697 0.9235355854
120.3 -562.6 2113.4 0.9201197028 -0.0124557670 0.3914391398 -0.0465392508 0.9889345169 0.1408638358 -0.3888622224 -0.1478288770 0.9093584418
86.8 356.4 1856.7 0 0 0 0 0 0 0 0 0
241.3 -106.9 2106.1 0 0 0 0 0 0 0 0 0
-41.3 -895.2 2108.2 0 0 0 0 0 0 0 0 0
125.0 -931.7 2168.6 0 0 0 0 0 0 0 0 0
108.8 431.2 1995.4 3 0.8067745566 -0.1565136015 -0.5697528720 0.3502554297 0.9032721519 0.2478316128 0.4758529067 -0.3995032609 0.7835566998
144.8 223.2 2087.3 0.8067745566 -0.1565136015 -0.5697528720 0.3502554297 0.9032721519 0.2478316128 0.4758529067 -0.3995032609 0.7835566998
114.6 32.0 2072.9 0.8069427609 0.1559036821 -0.5696818829 -0.1705001444 0.9849585891 0.0280416515 0.5654848218 0.0745028332 0.8213867545
34.6 246.5 2010.1 0.5402157903 -0.6515206099 -0.5326235890 0.1713650078 0.7048326135 -0.6883639693 0.8238937855 0.2805920243 0.4924095273
-100.3 203.7 1804.3 -0.7583796382 -0.6515206099 -0.0195257068 -0.6146371365 0.7048326135 0.3541640639 -0.2169828117 0.2805920243 -0.9349794388
255.1 199.9 2164.6 0.2608294785 0.9337998629 0.2449200004 -0.7319106460 0.0258463733 0.6809102297 0.6295036077 -0.3568610251 0.6901995540
313.4 36.1 2305.5 -0.2821376324 0.9337998629 0.2200367749 -0.5601802468 0.0258463733 -0.8279674053 -0.7788429856 -0.3568610251 0.5158039927
11.3 -144.1 2006.4 0.7210171223 0.0595212951 -0.6903560758 0.0104008382 0.9952619076 0.0966725200 0.6928391457 -0.0768828243 0.7169818282
-11.8 -530.5 2036.3 0.7285638452 0.0867515877 -0.6794622540 0.0766261742 0.9753992558 0.2066994905 0.6806784868 -0.2026583701 0.7039932013
156.0 -175.1 2107.4 0.9196437597 0.0955172405 0.3809616864 -0.0954717919 0.9952495098 -0.0190661047 -0.3809731007 -0.0188370701 0.9243941903
119.0 -561.5 2114.7 0.9202911854 -0.0099708540 0.3911070824 -0.0461742543 0.9899203181 0.1338868886 -0.3884998262 -0.1412739903 0.9105545282
89.0 357.2 1858.5 0 0 0 0 0 0 0 0 0
241.8 -106.1 2107.8 0 0 0 0 0 0 0 0 0
-44.2 -894.4 2111.9 0 0 0 0 0 0 0 0 0
122.7 -930.9 2167.5 0 0 0 0 0 0 0 0 0
108.7 431.1 2003.7 4 0.8004332781 -0.1606359929 -0.5774968266 0.3402385712 0.9149379730 0.2170857042 0.4935020208 -0.3702493310 0.7870013714
145.2 223.3 2087.7 0.8004332781 -0.1606359929 -0.5774968266 0.3402385712 0.9149379730 0.2170857042 0.4935020208 -0.3702493310 0.7870013714
114.9 32.1 2073.2 0.8016536832 0.1560973078 -0.5770484805 -0.1706109345 0.9848995805 0.0294070244 0.5729251504 0.0748765320 0.8161802888
35.7 246.6 2009.5 0.5465527773 -0.6533153653 -0.5238884687 0.1879626513 0.7053377032 -0.6834974289 0.8160576820 0.2750959694 0.5083031654
-102.7 199.0 1802.9 -0.7569022775 -0.6533153653 -0.0166723579 -0.6165143251 0.7053377032 0.3498697579 -0.2168156356 0.2750959694 -0.9366499782
254.7 200.0 2166.0 0.2544808388 0.9370048046 0.2392936945 -0.7314918041 0.0246475041 0.6814045906 0.6325814128 -0.3484458029 0.6916836500
311.7 36.3 2307.6 -0.2755908072 0.9370048046 0.2146431357 -0.5607742071 0.0246475041 -0.8276018500 -0.7807573080 -0.3484458029 0.5186555386
12.0 -143.9 2007.8 0.7145553231 0.0601751991 -0.6969861388 0.0074310093 0.9955846667 0.0935734138 0.6995394826 -0.0720426887 0.7109531164
-11.4 -530.4 2035.7 0.7229779363 0.0875352472 -0.6853032112 0.0795259327 0.9748026729 0.2084115297 0.6862787604 -0.2051763237 0.6977995038
156.6 -174.5 2109.1 0.9230603576 0.0990647152 0.3716796339 -0.0956633836 0.9950302243 -0.0276294611 -0.3725695610 -0.0100524696 0.9279498458
118.1 -560.8 2113.0 0.9236654639 -0.0093432544 0.3830859363 -0.0485717021 0.9887848496 0.1412280351 -0.3801090717 -0.1490545869 0.9128525853
87.9 354.3 1857.5 0 0 0 0 0 0 0 0 0
241.7 -106.0 2109.4 0 0 0 0 0 0 0 0 0
-44.0 -894.2 2112.3 0 0 0 0 0 0 0 0 0
121.6 -929.8 2168.6 0 0 0 0 0 0 0 0 0
110.1 429.3 2005.8 5 0.8000452518 -0.1492341310 -0.5810824037 0.3314376175 0.9172885418 0.2207507044 0.5000766516 -0.3692031205 0.7833341360
143.5 224.3 2088.3 0.8000452518 -0.1492341310 -0.5810824037 0.3314376175 0.9172885418 0.2207507044 0.5000766516 -0.3692031205 0.7833341360
116.5 32.7 2073.1 0.8027443886 0.1387415677 -0.5799587965 -0.1584797800 0.9872190952 0.0168108232 0.5748787522 0.0784169510 0.8144723177
33.8 246.0 2009.8 0.5417465568 -0.6569257379 -0.5243655443 0.2061397731 0.7086284757 -0.6747978330 0.8148723841 0.2574768066 0.5193155408
-103.3 193.8 1803.5 -0.7538845539 -0.6569257379 -0.0103294188 -0.6220529079 0.7086284757 0.3330103755 -0.2114433646 0.2574768066 -0.9428665638
253.1 202.7 2166.9 0.2652144134 0.9375032187 0.2252755463 -0.7289026380 0.0420035757 0.6833276153 0.6311594844 -0.3454322815 0.6944885254
312.5 39.6 2308.1 -0.2634288669 0.9375032187 0.2273609489 -0.5629336834 0.0420035757 -0.8254340291 -0.7833970189 -0.3454322815 0.5166872144
12.8 -143.8 2007.3 0.7122046947 0.0559816025 -0.6997360587 0.0180869214 0.9950205684 0.0980147198 0.7017388344 -0.0824626163 0.7076457739
-9.0 -530.1 2039.4 0.7165162563 0.0929712802 -0.6913471222 0.0574819893 0.9798388481 0.1913418621 0.6951980591 -0.1768395603 0.6967262626
156.4 -174.4 2110.0 0.9238155484 0.1037239283 0.3685189486 -0.0988327861 0.9945836067 -0.0321797803 -0.3698607087 -0.0066935741 0.9290630817
116.1 -560.5 2112.6 0.9235727191 -0.0400944352 0.3813212514 -0.0197051410 0.9882399440 0.1516360641 -0.3829166591 -0.1475609243 0.9119213820
87.3 351.0 1857.0 0 0 0 0 0 0 0 0 0
245.6 -103.3 2109.3 0 0 0 0 0 0 0 0 0
-43.7 -895.6 2105.3 0 0 0 0 0 0 0 0 0
131.1 -929.2 2167.7 0 0 0 0 0 0 0 0 0
111.0 429.4 2008.4 6 0.8062369823 -0.1569243073 -0.5704004765 0.3198554814 0.9267282486 0.1971476525 0.4976689816 -0.3413934410 0.7973557115
146.8 218.0 2086.3 0.8062369823 -0.1569243073 -0.5704004765 0.3198554814 0.9267282486 0.1971476525 0.4976689816 -0.3413934410 0.7973557115
114.9 27.3 2070.3 0.8042619824 0.1644418091 -0.5710705519 -0.1818575114 0.9829561114 0.0269283783 0.5657654405 0.0821959972 0.8204591870
37.0 242.9 2009.0 0.5610088110 -0.6585073471 -0.5016345382 0.2270218134 0.7051323056 -0.6717510819 0.7960717678 0.2629762888 0.5450809598
-106.2 184.9 1805.8 -0.7519044876 -0.6585073471 -0.0317442343 -0.6311856508 0.7051323056 0.3230992556 -0.1903793514 0.2629762888 -0.9458325505
256.7 193.2 2163.6 0.2529622614 0.9347698689 0.2494300306 -0.7387990355 0.0201828573 0.6736235023 0.6246487498 -0.3546799719 0.6957126260
313.3 27.9 2303.3 -0.2854428291 0.9347698689 0.2114890963 -0.5516862273 0.0201828573 -0.8338075280 -0.7836866379 -0.3546799719 0.5099385977
17.7 -144.7 2006.4 0.7201206088 0.0689472854 -0.6904147863 0.0044441735 0.9945718646 0.1039568782 0.6938346624 -0.0779298171 0.7159052491
-9.1 -530.8 2036.7 0.7280899286 0.1049655229 -0.6773974299 0.0652964264 0.9730928540 0.2209675759 0.6823645830 -0.2051158994 0.7016452551
