97.4 422.9 1962.5 16 0.7408683896 -0.2374572158 -0.6282739043 0.5094540715 0.8082507849 0.2952747941 0.4376877248 -0.5388364792 0.7197810411
164.2 195.2 2114.3 0.7408683896 -0.2374572158 -0.6282739043 0.5094540715 0.8082507849 0.2952747941 0.4376877248 -0.5388364792 0.7197810411
114.7 9.1 2090.0 0.7330313325 0.2550857365 -0.6305524111 -0.2761197686 0.9587936401 0.0668780580 0.6216292977 0.1250842810 0.7732599378
64.1 232.9 2029.4 0.5689150095 -0.7642654777 -0.3037004173 0.2536458671 0.5143478513 -0.8192130923 0.7823039293 0.3890302777 0.4864730239
-83.6 167.1 1826.2 -0.6157861352 -0.7642654777 -0.1915873140 -0.7612384558 0.5143478513 0.3949205875 -0.2032816559 0.3890302777 -0.8985165954
264.4 157.5 2199.2 0.1257569045 0.9578521252 0.2582720816 -0.7748605609 -0.0677329153 0.6284929514 0.6194968224 -0.2791621983 0.7336839437
292.5 -15.9 2337.8 -0.2745395899 0.9578521252 0.0845416114 -0.5018516183 -0.0677329153 -0.8622975945 -0.8202273846 -0.2791621983 0.4992950261
0.7 -152.7 2006.6 0.7125501633 0.0502842665 -0.6998169422 0.0622600354 0.9889621139 0.1344532073 0.6988533139 -0.1393752843 0.7015544176
-18.8 -536.6 2060.7 0.7083052993 0.0790006518 -0.7014716864 -0.0281300023 0.9960874319 0.0837766230 0.7053455114 -0.0396070257 0.7077562809
131.1 -203.1 2118.6 0.9576138258 0.0379198082 0.2855483294 -0.0397755243 0.9992083907 0.0006997128 -0.2852957547 -0.0120278895 0.9583640695
116.4 -591.0 2123.3 0.9566316605 -0.0438759625 0.2879770100 0.0127361882 0.9939460754 0.1091284975 -0.2910217345 -0.1007280499 0.9513990879
61.4 346.4 1874.1 0 0 0 0 0 0 0 0 0
222.8 -143.3 2129.6 0 0 0 0 0 0 0 0 0
-48.3 -907.5 2075.4 0 0 0 0 0 0 0 0 0
132.8 -961.9 2160.8 0 0 0 0 0 0 0 0 0
98.1 423.7 1966.7 17 0.7422963381 -0.2374394238 -0.6265929341 0.5013714433 0.8171951771 0.2842863798 0.4445479214 -0.5251805186 0.7256463170
165.1 193.2 2114.9 0.7422963381 -0.2374394238 -0.6265929341 0.5013714433 0.8171951771 0.2842863798 0.4445479214 -0.5251805186 0.7256463170
116.0 7.0 2090.1 0.7355191112 0.2529197931 -0.6285246611 -0.2762553394 0.9590409398 0.0626377091 0.6186231971 0.1275620610 0.7752633691
64.6 230.9 2030.4 0.5641415119 -0.7708895802 -0.2957594097 0.2561171353 0.5039127469 -0.8249096870 0.7849512100 0.3896167278 0.4817161262
-82.7 164.0 1825.4 -0.6068411469 -0.7708895802 -0.1935795993 -0.7669055462 0.5039127469 0.3974012733 -0.2088052630 0.3896167278 -0.8969945312
265.6 155.4 2199.4 0.1295475811 0.9572277665 0.2587130070 -0.7765767574 -0.0642904043 0.6267338395 0.6165598035 -0.2821023464 0.7350321412
294.6 -18.3 2337.4 -0.2755609751 0.9572277665 0.0882107615 -0.4998225272 -0.0642904043 -0.8637384772 -0.8211233616 -0.2821023464 0.4961599410
-0.4 -152.3 2010.0 0.7135081887 0.0599395782 -0.6980783343 0.0459272228 0.9901900291 0.1319637299 0.6991400123 -0.1262180060 0.7037557960
-23.7 -536.6 2059.0 0.7124088407 0.0396110080 -0.7006458640 -0.0078508426 0.9987931252 0.0484841093 0.7017207742 -0.0290398486 0.7118600011
130.9 -201.7 2121.4 0.9567724466 0.0403929017 0.2880189717 -0.0396666080 0.9991779923 -0.0083598085 -0.2881198823 -0.0034263011 0.9575881958
115.2 -589.6 2122.7 0.9554669857 -0.0504439212 0.2907546759 0.0199820101 0.9940795302 0.1068017855 -0.2944207788 -0.0962357149 0.9508181214
61.7 346.6 1875.1 0 0 0 0 0 0 0 0 0
224.6 -145.2 2128.9 0 0 0 0 0 0 0 0 0
-38.5 -908.7 2069.8 0 0 0 0 0 0 0 0 0
134.0 -960.6 2158.6 0 0 0 0 0 0 0 0 0
97.8 423.6 1967.4 18 0.7427176237 -0.2376810610 -0.6260017753 0.5009757280 0.8175464272 0.2839739621 0.4442902803 -0.5245241523 0.7262785435
165.1 192.1 2115.8 0.7427176237 -0.2376810610 -0.6260017753 0.5009757280 0.8175464272 0.2839739621 0.4442902803 -0.5245241523 0.7262785435
115.9 6.0 2090.7 0.7359023690 0.2532226145 -0.6279538274 -0.2779271603 0.9586710334 0.0608801879 0.6174173355 0.1297235340 0.7758657336
64.5 230.1 2031.5 0.5671791434 -0.7640401721 -0.3074905872 0.2456227690 0.5132818222 -0.8223206401 0.7861153483 0.3908764124 0.4787884057
-83.3 166.1 1826.6 -0.6147721410 -0.7640401721 -0.1956983805 -0.7629872561 0.5132818222 0.3929277658 -0.1997641772 0.3908764124 -0.8985042572
265.6 154.2 2200.2 0.1298157275 0.9570111632 0.2593790591 -0.7781046629 -0.0638150871 0.6248846054 0.6145738363 -0.2829439044 0.7363706827
294.7 -20.0 2337.7 -0.2762619257 0.9570111632 0.0883684233 -0.4977450967 -0.0638150871 -0.8649725318 -0.8221490979 -0.2829439044 0.4939772785
1.0 -154.4 2009.9 0.7136301994 0.0673346296 -0.6972789764 0.0379984602 0.9901835322 0.1345092803 0.6994912624 -0.1224854141 0.7040662766
-25.1 -538.8 2057.5 0.7135403156 0.0143835340 -0.7004665136 0.0302793738 0.9982219934 0.0513422303 0.6999595761 -0.0578444377 0.7118360996
132.8 -203.9 2120.8 0.9564415812 0.0431292392 0.2887201905 -0.0419129096 0.9990671873 -0.0103967655 -0.2888992727 -0.0021572055 0.9573570490
116.1 -591.8 2121.6 0.9552947879 -0.0472913049 0.2918481827 0.0141098751 0.9932920337 0.1147685274 -0.2953180373 -0.1055198386 0.9495540261
62.4 346.9 1873.9 0 0 0 0 0 0 0 0 0
224.6 -146.3 2129.0 0 0 0 0 0 0 0 0 0
-30.5 -910.8 2079.0 0 0 0 0 0 0 0 0 0
133.7 -962.5 2161.0 0 0 0 0 0 0 0 0 0
97.4 424.6 1968.7 19 0.7373112440 -0.2404292375 -0.6313207746 0.5023548007 0.8199577928 0.2744247019 0.4516766667 -0.5194834471 0.7253448367
165.6 192.2 2115.9 0.7373112440 -0.2404292375 -0.6313207746 0.5023548007 0.8199577928 0.2744247019 0.4516766667 -0.5194834471 0.7253448367
116.5 6.1 2090.4 0.7317801118 0.2530233264 -0.6328325868 -0.2786910832 0.9584450722 0.0609456152 0.6219559312 0.1317660213 0.7718863487
65.6 230.2 2031.0 0.5724832416 -0.7620279193 -0.3026159406 0.2428423464 0.5101081133 -0.8251165748 0.7831286788 0.3988774121 0.4770809710
-83.4 167.0 1827.2 -0.6161918044 -0.7620279193 -0.1990505904 -0.7605783939 0.5101081133 0.4016344249 -0.2045193166 0.3988774121 -0.8939064145
265.6 154.1 2200.9 0.1253932267 0.9587488770 0.2551021874 -0.7784706950 -0.0643181577 0.6243769526 0.6150283813 -0.2768822014 0.7382928729
293.6 -20.1 2338.5 -0.2713547349 0.9587488770 0.0846592560 -0.4971959293 -0.0643181577 -0.8652510643 -0.8241133690 -0.2768822014 0.4941390753
0.8 -155.2 2010.2 0.7095193267 0.0668436661 -0.7015085816 0.0419551693 0.9897180796 0.1367401481 0.7034358978 -0.1264516860 0.6994196773
-25.1 -539.4 2059.2 0.7094139457 0.0134901889 -0.7046629190 0.0309942923 0.9982523918 0.0503139794 0.7041102052 -0.0575339682 0.7077560425
132.7 -205.0 2120.8 0.9582250714 0.0427804366 0.2827976346 -0.0425469019 0.9990701675 -0.0069701700 -0.2828328609 -0.0053531718 0.9591542482
116.1 -592.8 2122.9 0.9574146271 -0.0400806032 0.2859208584 0.0066025136 0.9930976629 0.1171044633 -0.2886409461 -0.1102297381 0.9510708451
62.2 346.8 1875.5 0 0 0 0 0 0 0 0 0
224.7 -146.3 2129.3 0 0 0 0 0 0 0 0 0
-30.1 -911.7 2080.7 0 0 0 0 0 0 0 0 0
131.1 -963.5 2164.0 0 0 0 0 0 0 0 0 0
98.5 425.5 1970.8 20 0.7377467752 -0.2377663702 -0.6318202615 0.4974981248 0.8241227865 0.2707715631 0.4563170671 -0.5140902400 0.7262822986
166.0 191.8 2116.6 0.7377467752 -0.2377663702 -0.6318202615 0.4974981248 0.8241227865 0.2707715631 0.4563170671 -0.5140902400 0.7262822986
116.8 5.7 2091.5 0.7309395075 0.2534281313 -0.6336415410 -0.2773810029 0.9586626887 0.0634481162 0.6235280633 0.1293833852 0.7710205317
66.1 229.7 2031.4 0.5687322617 -0.7677016854 -0.2952587306 0.2523124516 0.5044943094 -0.8257263303 0.7828678489 0.3951197267 0.4806228578
-82.6 163.7 1826.7 -0.6077254415 -0.7677016854 -0.2032334954 -0.7687484622 0.5044943094 0.3930792809 -0.1992374957 0.3951197267 -0.8967635036
265.8 153.9 2201.8 0.1242736131 0.9590137005 0.2546541393 -0.7768277526 -0.0656365752 0.6262830496 0.6173286438 -0.2756528854 0.7368316054
293.6 -19.9 2339.9 -0.2707409561 0.9590137005 0.0836181641 -0.4993201792 -0.0656365752 -0.8639277816 -0.8230301738 -0.2756528854 0.4966254234
1.8 -155.0 2009.1 0.7088664770 0.0569314249 -0.7030413151 0.0449853577 0.9910588861 0.1256128252 0.7039066553 -0.1206692904 0.6999673843
-20.3 -539.7 2055.9 0.7079689503 0.0549641959 -0.7041015029 0.0265523773 0.9941905737 0.1043076068 0.7057442665 -0.0925421119 0.7023966312
132.9 -204.9 2120.5 0.9586647749 0.0382902622 0.2819498777 -0.0400751904 0.9991965294 0.0005645446 -0.2817017436 -0.0118404040 0.9594289660
118.0 -592.8 2125.1 0.9576804638 -0.0435571298 0.2845187783 0.0084411353 0.9923086166 0.1235004738 -0.2877097726 -0.1158723235 0.9506822228
62.0 346.6 1874.1 0 0 0 0 0 0 0 0 0
224.9 -146.7 2131.0 0 0 0 0 0 0 0 0 0
-40.8 -910.1 2090.4 0 0 0 0 0 0 0 0 0
134.3 -963.2 2168.3 0 0 0 0 0 0 0 0 0
98.7 424.7 1969.4 21 0.7453125715 -0.2289175093 -0.6261836886 0.4933899343 0.8210619688 0.2870950997 0.4484145045 -0.5229282975 0.7248933911
162.7 195.1 2115.7 0.7453125715 -0.2289175093 -0.6261836886 0.4933899343 0.8210619688 0.2870950997 0.4484145045 -0.5229282975 0.7248933911
116.3 8.3 2090.4 0.7409221530 0.2392100543 -0.6275451779 -0.2673069537 0.9622505903 0.0511937402 0.6161018014 0.1298166066 0.7768952847
61.5 231.6 2031.5 0.5567585826 -0.7711087465 -0.3088870049 0.2533065081 0.5117441416 -0.8209468722 0.7911103964 0.3788261414 0.4802448153
-82.9 165.9 1826.3 -0.6102922559 -0.7711087465 -0.1814792752 -0.7636491656 0.5117441416 0.3936468959 -0.2106736153 0.3788261414 -0.9011700153
263.9 158.6 2199.8 0.1423038840 0.9574040174 0.2512512505 -0.7763797045 -0.0494923256 0.6283192635 0.6139903665 -0.2844786346 0.7362660766
295.7 -15.1 2337.2 -0.2701564133 0.9574040174 0.1019465327 -0.5013666749 -0.0494923256 -0.8638182282 -0.8219774961 -0.2844786346 0.4933811426
2.1 -155.6 2010.5 0.7138308883 0.0636844039 -0.6974164844 0.0431554988 0.9899639487 0.1345695108 0.6989871264 -0.1261572391 0.7039185166
-22.6 -539.9 2059.5 0.7131733894 0.0347485580 -0.7001258731 0.0175225157 0.9975748062 0.0673605725 0.7007685900 -0.0603077374 0.7108349800
133.1 -205.3 2122.2 0.9561438560 0.0404992811 0.2900840640 -0.0379918665 0.9991761446 -0.0142725101 -0.2904230952 0.0026257376 0.9568947554
117.3 -593.1 2121.2 0.9553357363 -0.0412594378 0.2926282883 -0.0083891498 0.9860205054 0.1664128453 -0.2954035997 -0.1614350379 0.9416344762
61.8 347.0 1876.3 0 0 0 0 0 0 0 0 0
227.2 -142.4 2128.6 0 0 0 0 0 0 0 0 0
-35.6 -911.7 2081.9 0 0 0 0 0 0 0 0 0
132.7 -960.8 2181.4 0 0 0 0 0 0 0 0 0
96.4 424.7 1969.7 22 0.7703627944 -0.1980427653 -0.6060695052 0.4693010449 0.8195770979 0.3287094235 0.4316221774 -0.5376545787 0.7243133783
148.9 207.6 2112.1 0.7703627944 -0.1980427653 -0.6060695052 0.4693010449 0.8195770979 0.3287094235 0.4316221774 -0.5376545787 0.7243133783
110.6 19.2 2086.8 0.7705962062 0.1974495053 -0.6059663296 -0.2354639173 0.9717309475 0.0171959978 0.5922315717 0.1294320375 0.7953044176
43.7 239.7 2031.2 0.5005471706 -0.7883995771 -0.3576011956 0.3011261523 0.5458394289 -0.7819094062 0.8116499186 0.2836994827 0.5106261373
-82.7 163.6 1826.2 -0.6061702967 -0.7883995771 -0.1048029363 -0.7678952813 0.5458394289 0.3352552950 -0.2071095705 0.2836994827 -0.9362800121
254.0 175.6 2193.0 0.1967925727 0.9498851895 0.2428802997 -0.7720889449 -0.0025385490 0.6355093718 0.6042774916 -0.3125887215 0.7328963280
298.0 3.1 2328.0 -0.2702909112 0.9498851895 0.1570381522 -0.5090161562 -0.0025385490 -0.8607532382 -0.8172180653 -0.3125887215 0.4841930270
3.5 -154.5 2010.0 0.7298241854 0.0704277083 -0.6799974442 0.0354426280 0.9894437194 0.1405168921 0.6827154756 -0.1266535372 0.7196238041
-23.9 -538.6 2059.2 0.7295668721 0.0231818650 -0.6835164428 0.0211380478 0.9981835485 0.0564161651 0.6835827231 -0.0556075685 0.7277516723
136.2 -202.4 2120.4 0.9467386007 0.0485655032 0.3183197379 -0.0438991338 0.9987976551 -0.0218211561 -0.3189967573 0.0066849692 0.9477322102
117.3 -590.1 2117.8 0.9456814528 -0.0475848578 0.3215932548 -0.0113272499 0.9838058949 0.1788788587 -0.3248972893 -0.1728051901 0.9298279881
61.9 346.8 1875.6 0 0 0 0 0 0 0 0 0
229.4 -126.1 2120.5 0 0 0 0 0 0 0 0 0
-32.5 -910.9 2079.9 0 0 0 0 0 0 0 0 0
135.1 -957.2 2182.3 0 0 0 0 0 0 0 0 0
96.5 421.7 1963.8 23 0.7824946642 -0.1986217350 -0.5901283622 0.4761517346 0.8015898466 0.3615705669 0.4012251198 -0.5639176965 0.7218138576
148.3 212.8 2110.8 0.7824946642 -0.1986217350 -0.5901283622 0.4761517346 0.8015898466 0.3615705669 0.4012251198 -0.5639176965 0.7218138576
110.1 24.0 2087.6 0.7831271887 0.1970308274 -0.5898225904 -0.2294139266 0.9731137156 0.0204690862 0.5779975057 0.1192836165 0.8072733879
41.4 244.1 2031.9 0.4900410175 -0.7930000424 -0.3619540036 0.3261494935 0.5518659353 -0.7675092816 0.8083850145 0.2580599189 0.5290734768
-82.5 161.7 1827.6 -0.6025187373 -0.7930000424 -0.0901224241 -0.7731008530 0.5518659353 0.3126644492 -0.1982074380 0.2580599189 -0.9455785751
255.2 181.5 2189.7 0.2113603204 0.9433421493 0.2557975948 -0.7677698731 -0.0017166963 0.6407234073 0.6048605442 -0.3318172097 0.7239068151
302.4 9.9 2325.0 -0.2852517962 0.9433421493 0.1695199311 -0.5150653124 -0.0017166963 -0.8571492434 -0.8082939982 -0.3318172097 0.4863725007
3.4 -148.2 2008.5 0.7426096797 0.0629930496 -0.6667553782 0.0303517729 0.9913782477 0.1274672449 0.6690363288 -0.1148956120 0.7342951894
-21.1 -533.1 2053.1 0.7433874011 0.0470091179 -0.6672070622 0.0450443439 0.9917439222 0.1200622916 0.6673426032 -0.1193066984 0.7351325154
141.2 -190.3 2114.6 0.9391614199 0.0639401898 0.3374722600 -0.0626167729 0.9979276657 -0.0148172947 -0.3377203345 -0.0072155930 0.9412188530
116.4 -577.6 2117.4 0.9380725026 -0.0452120192 0.3434761465 -0.0151386848 0.9851509929 0.1710216105 -0.3461081088 -0.1656304449 0.9234585762
61.6 346.6 1875.0 0 0 0 0 0 0 0 0 0
230.0 -120.9 2119.8 0 0 0 0 0 0 0 0 0
-38.6 -902.3 2097.6 0 0 0 0 0 0 0 0 0
133.3 -945.2 2179.2 0 0 0 0 0 0 0 0 0
97.9 425.6 1965.9 24 0.7667241693 -0.2068935782 -0.6077245474 0.4809651077 0.8121347427 0.3303175867 0.4252136350 -0.5455567837 0.7221919298
153.2 208.4 2111.8 0.7667241693 -0.2068935782 -0.6077245474 0.4809651077 0.8121347427 0.3303175867 0.4252136350 -0.5455567837 0.7221919298
115.6 19.1 2091.2 0.7719253302 0.1935968846 -0.6055175662 -0.2182184309 0.9753199220 0.0336415805 0.5970862508 0.1061663181 0.7951205373
47.8 238.1 2030.3 0.5141190886 -0.7890506387 -0.3362746537 0.3046736121 0.5344907045 -0.7883487344 0.8017827272 0.3028510809 0.5151947737
-82.3 161.0 1827.3 -0.6006573439 -0.7890506387 -0.1288791597 -0.7746509314 0.5344907045 0.3379876018 -0.1978046149 0.3028510809 -0.9322845936
258.6 178.6 2193.4 0.2001823783 0.9496249557 0.2411213219 -0.7569048405 -0.0063733840 0.6534940004 0.6221109629 -0.3133238852 0.7174998522
303.4 9.4 2332.5 -0.2690097392 0.9496249557 0.1607676595 -0.5294691920 -0.0063733840 -0.8483052254 -0.8045471311 -0.3133238852 0.5045116544
1.8 -144.3 2012.6 0.7287287712 0.0572419576 -0.6824058294 0.0328644812 0.9924287796 0.1183428541 0.6840133667 -0.1086667553 0.7213301659
-20.5 -529.5 2054.8 0.7284987569 0.0551461652 -0.6828238368 0.0286009423 0.9934371114 0.1107459813 0.6844497919 -0.1002077162 0.7221404910
142.0 -185.3 2116.1 0.9457343221 0.0696898401 0.3173796833 -0.0659131482 0.9975686073 -0.0226355772 -0.3181854784 0.0004877495 0.9480283260
114.9 -572.5 2115.9 0.9445016980 -0.0482827239 0.3249390125 -0.0146747362 0.9819513559 0.1885633916 -0.3281786740 -0.1828668267 0.9267461896
61.4 346.4 1874.6 0 0 0 0 0 0 0 0 0
235.1 -125.0 2128.3 0 0 0 0 0 0 0 0 0
-41.0 -899.8 2092.1 0 0 0 0 0 0 0 0 0
132.9 -939.0 2184.2 0 0 0 0 0 0 0 0 0
98.8 426.9 1969.4 25 0.7567861676 -0.2118608803 -0.6183766127 0.4841030538 0.8173303604 0.3124344647 0.4392253458 -0.5358040929 0.7211068273
155.7 207.3 2113.4 0.7567861676 -0.2118608803 -0.6183766127 0.4841030538 0.8173303604 0.3124344647 0.4392253458 -0.5358040929 0.7211068273
118.0 17.9 2094.8 0.7635757923 0.1943550557 -0.6157744527 -0.2115495056 0.9762927294 0.0458176918 0.6100810170 0.0952814892 0.7865892053
51.5 236.2 2030.0 0.5273404717 -0.7859448195 -0.3228046298 0.2978184223 0.5268028975 -0.7961047888 0.7957488298 0.3236811161 0.5118733048
-82.4 160.6 1828.0 -0.5999472141 -0.7859448195 -0.1495130509 -0.7763605714 0.5268028975 0.3460389078 -0.1932035685 0.3236811161 -0.9262304902
260.0 178.5 2196.7 0.1903656423 0.9536058307 0.2332312465 -0.7486687303 -0.0126575734 0.6628234386 0.6350244284 -0.3007917404 0.7115253210
302.6 11.0 2338.7 -0.2597112656 0.9536058307 0.1522693187 -0.5399203300 -0.0126575734 -0.8416209817 -0.8006473184 -0.3007917404 0.5181584954
8.9 -150.6 2017.1 0.7188878655 0.0567957237 -0.6928019524 0.0253359433 0.9938534498 0.1077657565 0.6946642399 -0.0950242803 0.7130301595
-13.1 -536.4 2054.0 0.7158743739 0.1170754954 -0.6883438230 -0.0024431727 0.9862563014 0.1652044207 0.6982248425 -0.1165838689 0.7063216567
147.2 -189.7 2124.0 0.9493873715 0.0866866484 0.3019090593 -0.0756514147 0.9959746003 -0.0480780788 -0.3048614860 0.0228048731 0.9521236420
113.5 -576.2 2115.2 0.9470798969 -0.0665473044 0.3140240014 0.0003898816 0.9785122275 0.2061883807 -0.3209975958 -0.1951544434 0.9267552495
61.1 346.3 1874.3 0 0 0 0 0 0 0 0 0
236.7 -126.0 2135.5 0 0 0 0 0 0 0 0 0
-56.7 -903.5 2097.4 0 0 0 0 0 0 0 0 0
138.4 -941.3 2188.0 0 0 0 0 0 0 0 0 0
97.0 425.7 1974.2 26 0.7463637590 -0.2276369929 -0.6253979206 0.4908615053 0.8228543997 0.2862963080 0.4494398236 -0.5206649303 0.7258869410
157.8 205.9 2113.3 0.7463637590 -0.2276369929 -0.6253979206 0.4908615053 0.8228543997 0.2862963080 0.4494398236 -0.5206649303 0.7258869410
117.6 17.1 2093.8 0.7545096278 0.2071770728 -0.6227301955 -0.2241968811 0.9731492400 0.0521180965 0.6168071032 0.1002905518 0.7806989551
54.8 236.5 2029.0 0.5383450985 -0.7851577401 -0.3061240613 0.3043717742 0.5198898315 -0.7981681228 0.7858386636 0.3365143836 0.5188599825
-83.2 158.5 1827.6 -0.5980041623 -0.7851577401 -0.1609919071 -0.7777246833 0.5198898315 0.3533537090 -0.1937403381 0.3365143836 -0.9215328097
260.9 175.3 2197.5 0.1736001372 0.9562487006 0.2354812324 -0.7531975508 -0.0251293946 0.6573141813 0.6344733238 -0.2914737165 0.7158817053
299.7 6.8 2339.4 -0.2593720853 0.9562487006 0.1353312433 -0.5336960554 -0.0251293946 -0.8453029394 -0.8049190044 -0.2914737165 0.5168640018
11.9 -152.7 2021.7 0.7122510076 0.0756251961 -0.6978390217 0.0117681222 0.9927528501 0.1195963249 0.7018262148 -0.0933948606 0.7061992288
-17.5 -538.0 2058.0 0.7113471031 0.0804352686 -0.6982230544 -0.0000132475 0.9934313297 0.1144297570 0.7028408647 -0.0813900307 0.7066755891
148.6 -190.5 2131.0 0.9527696967 0.0855154246 0.2914052010 -0.0709324926 0.9956588745 -0.0602661073 -0.2952938676 0.0367496237 0.9546994567
115.4 -577.0 2116.7 0.9517435431 -0.0458585583 0.3034489453 -0.0110857198 0.9829901457 0.1833233386 -0.3066942692 -0.1778407544 0.9350461364
61.1 346.2 1874.4 0 0 0 0 0 0 0 0 0
233.9 -128.6 2135.2 0 0 0 0 0 0 0 0 0
-47.4 -907.9 2088.3 0 0 0 0 0 0 0 0 0
132.6 -943.7 2183.1 0 0 0 0 0 0 0 0 0
97.3 427.7 1979.1 27 0.7530913949 -0.2277214229 -0.6172489524 0.4756391943 0.8366429210 0.2716541886 0.4545555115 -0.4981682301 0.7383818030
158.2 203.7 2112.5 0.7530913949 -0.2277214229 -0.6172489524 0.4756391943 0.8366429210 0.2716541886 0.4545555115 -0.4981682301 0.7383818030
115.0 15.8 2090.2 0.7550328970 0.2228661776 -0.6166489720 -0.2460142374 0.9680448771 0.0486429259 0.6077847481 0.1149774268 0.7857339978
55.1 237.3 2029.5 0.5372726321 -0.7854806185 -0.3071780205 0.3043780029 0.5202444792 -0.7979346514 0.7865698338 0.3352102339 0.5185961723
-82.7 159.2 1827.6 -0.5980041623 -0.7854806185 -0.1594090164 -0.7775180340 0.5202444792 0.3532865942 -0.1945680976 0.3352102339 -0.9218336940
261.4 170.1 2195.5 0.1660554111 0.9538097978 0.2503447533 -0.7662327886 -0.0350031555 0.6416090131 0.6207357645 -0.2983650267 0.7250278592
298.5 -1.3 2334.3 -0.2729105353 0.9538097978 0.1255656481 -0.5160940289 -0.0350031555 -0.8558164239 -0.8118909001 -0.2983650267 0.5018082261
9.8 -151.7 2019.1 0.7194250226 0.0783022940 -0.6901422739 0.0177103486 0.9912340045 0.1309254169 0.6943442822 -0.1064136773 0.7117317915
-20.6 -536.5 2060.4 0.7188499570 0.0579362996 -0.6927467585 0.0071284110 0.9958543181 0.0906830207 0.6951286793 -0.0701256692 0.7154568434
145.0 -191.9 2129.6 0.9511761069 0.0760508701 0.2991325557 -0.0626440570 0.9965647459 -0.0541702621 -0.3022246659 0.0327865817 0.9526727200
115.4 -578.7 2116.8 0.9497157931 -0.0527028367 0.3086459339 -0.0096870018 0.9803152084 0.1972010136 -0.3129633367 -0.1902747750 0.9305103421
61.1 346.2 1874.4 0 0 0 0 0 0 0 0 0
229.2 -132.3 2128.3 0 0 0 0 0 0 0 0 0
-42.2 -907.6 2086.5 0 0 0 0 0 0 0 0 0
135.1 -944.5 2187.8 0 0 0 0 0 0 0 0 0
97.8 427.5 1979.0 28 0.7533482909 -0.2321361303 -0.6152879000 0.4790426195 0.8347129226 0.2716109157 0.4505380690 -0.4993667305 0.7400326729
160.1 203.3 2113.2 0.7533482909 -0.2321361303 -0.6152879000 0.4790426195 0.8347129226 0.2716109157 0.4505380690 -0.4993667305 0.7400326729
115.3 15.8 2090.4 0.7538006306 0.2310248613 -0.6151521206 -0.2538834512 0.9658559561 0.0516282320 0.6060757637 0.1172595546 0.7867162228
57.1 238.0 2030.4 0.5562515259 -0.7741153240 -0.3022079766 0.3039683998 0.5279951096 -0.7929844856 0.7734257579 0.3492371738 0.5290046930
-85.8 159.9 1831.6 -0.6088942885 -0.7741153240 -0.1731853336 -0.7719503641 0.5279951096 0.3539968729 -0.1825934052 0.3492371738 -0.9190718532
263.1 168.6 2196.0 0.1606161147 0.9530687332 0.2566367090 -0.7692399025 -0.0420461409 0.6375751495 0.6184435487 -0.2998200357 0.7263852358
299.0 -3.5 2334.3 -0.2782947719 0.9530687332 0.1192139462 -0.5116171837 -0.0420461409 -0.8581840992 -0.8128960133 -0.2998200357 0.4993075728
4.1 -150.0 2013.4 0.7221071124 0.0669629201 -0.6885327101 0.0307438392 0.9912142754 0.1286430508 0.6910977960 -0.1140622050 0.7137042284
-21.9 -534.8 2057.7 0.7219337821 0.0492284223 -0.6902087927 0.0271464474 0.9946832657 0.0993389636 0.6914294362 -0.0904528722 0.7167590857
139.3 -194.1 2122.3 0.9510831237 0.0628199056 0.3024807274 -0.0578896180 0.9980037212 -0.0252467673 -0.3034628928 0.0065012802 0.9528210759
115.0 -581.3 2119.8 0.9501518607 -0.0422976427 0.3089050651 -0.0095699774 0.9863319993 0.1644921154 -0.3116405904 -0.1592487097 0.9367603660
61.8 347.0 1875.9 0 0 0 0 0 0 0 0 0
228.4 -133.3 2128.0 0 0 0 0 0 0 0 0 0
-40.2 -905.7 2091.4 0 0 0 0 0 0 0 0 0
130.7 -949.3 2179.2 0 0 0 0 0 0 0 0 0
99.8 426.1 1975.5 29 0.7529489398 -0.2266068757 -0.6178326607 0.4825228751 0.8285035491 0.2841716111 0.4474813044 -0.5120851398 0.7331638932
161.1 201.9 2114.0 0.7529489398 -0.2266068757 -0.6178326607 0.4825228751 0.8285035491 0.2841716111 0.4474813044 -0.5120851398 0.7331638932
114.8 15.1 2089.3 0.7479661703 0.2385351211 -0.6193929315 -0.2657409310 0.9627540112 0.0498640239 0.6082173586 0.1273014545 0.7834959626
58.9 238.2 2030.9 0.5667951107 -0.7676079273 -0.2992013097 0.3029053211 0.5318964720 -0.7907809615 0.7661538124 0.3575811088 0.5339888334
-87.4 160.1 1833.2 -0.6143668294 -0.7676079273 -0.1825691462 -0.7695683837 0.5318964720 0.3533420861 -0.1741203070 0.3575811088 -0.9175063372
263.2 165.6 2197.1 0.1503940076 0.9544563890 0.2576715052 -0.7760927677 -0.0474738143 0.6288293004 0.6124227643 -0.2945491374 0.7336069345
296.9 -8.0 2334.1 -0.2777422667 0.9544563890 0.1089596003 -0.5019373298 -0.0474738143 -0.8636001348 -0.8190959096 -0.2945491374 0.4922627807
2.9 -148.9 2013.4 0.7188472152 0.0576948971 -0.6927697659 0.0281443652 0.9933176041 0.1119287536 0.6945981383 -0.0999572426 0.7124198079
-19.5 -534.4 2052.2 0.7192455530 0.0670840666 -0.6915096045 0.0338518769 0.9907612801 0.1313244402 0.6939307451 -0.1178634167 0.7103297710
137.9 -194.3 2121.9 0.9529759288 0.0573524274 0.2975695133 -0.0537181124 0.9983480573 -0.0203838665 -0.2982470095 0.0034404618 0.9544824958
115.7 -581.8 2120.6 0.9518119693 -0.0471803211 0.3030314147 -0.0080890236 0.9838896990 0.1785935760 -0.3065755963 -0.1724387258 0.9360963106
62.2 347.4 1875.6 0 0 0 0 0 0 0 0 0
226.4 -135.4 2126.2 0 0 0 0 0 0 0 0 0
-44.5 -903.9 2096.1 0 0 0 0 0 0 0 0 0
133.3 -949.0 2185.0 0 0 0 0 0 0 0 0 0
100.3 423.0 1971.7 30 0.7563269138 -0.2206493020 -0.6158599854 0.4845390618 0.8214454651 0.3007478416 0.4395355880 -0.5258718729 0.7281944752
160.0 200.7 2114.0 0.7563269138 -0.2206493020 -0.6158599854 0.4845390618 0.8214454651 0.3007478416 0.4395355880 -0.5258718729 0.7281944752
113.6 14.1 2087.8 0.7483381033 0.2394893765 -0.6185748577 -0.2714621127 0.9614506364 0.0438294113 0.6052258611 0.1351204216 0.7845024467
57.8 237.8 2031.4 0.5606930256 -0.7713708878 -0.3010154068 0.3090297282 0.5322086811 -0.7881970406 0.7681952119 0.3489138782 0.5367822647
-86.3 158.4 1833.9 -0.6104213595 -0.7713708878 -0.1799242944 -0.7737891674 0.5322086811 0.3435175121 -0.1692221463 0.3489138782 -0.9217499495
262.3 163.7 2196.7 0.1503507197 0.9541108608 0.2589731514 -0.7813233137 -0.0458261073 0.6224418283 0.6057462096 -0.2959263623 0.7385790944
295.9 -11.2 2332.3 -0.2790217400 0.9541108608 0.1087166145 -0.4948212802 -0.0458261073 -0.8677856326 -0.8229815960 -0.2959263623 0.4849008620
1.5 -148.0 2010.1 0.7202845216 0.0586792342 -0.6911923885 0.0340422727 0.9922249913 0.1197106987 0.6928429008 -0.1097555235 0.7126867771
-21.3 -533.1 2052.7 0.7206982374 0.0394772999 -0.6921240091 0.0436167605 0.9938172102 0.1021027118 0.6918754578 -0.1037734449 0.7145203948
135.5 -195.6 2119.1 0.9529280663 0.0470417961 0.2995249927 -0.0464518368 0.9988791347 -0.0090937717 -0.2996170521 -0.0052477759 0.9540451169
117.2 -583.3 2121.1 0.9524762630 -0.0296974946 0.3031616211 -0.0204711556 0.9867457747 0.1609773934 -0.3039240837 -0.1595332175 0.9392440319
62.2 346.6 1875.1 0 0 0 0 0 0 0 0 0
225.1 -136.8 2123.4 0 0 0 0 0 0 0 0 0
-36.0 -903.8 2091.4 0 0 0 0 0 0 0 0 0
128.3 -951.5 2180.6 0 0 0 0 0 0 0 0 0
101.9 423.9 1970.9 31 0.7734502554 -0.2120263129 -0.5973438025 0.4697680175 0.8244363666 0.3156305850 0.4255499542 -0.5247375369 0.7372636795
159.4 200.2 2113.2 0.7734502554 -0.2120263129 -0.5973438025 0.4697680175 0.8244363666 0.3156305850 0.4255499542 -0.5247375369 0.7372636795
112.0 13.7 2087.7 0.7599055767 0.2445339113 -0.6022846103 -0.2740303874 0.9606997967 0.0443087183 0.5894496441 0.1313738376 0.7970508337
55.6 237.7 2032.7 0.5708463788 -0.7542436123 -0.3244241178 0.3120715320 0.5647903085 -0.7639524341 0.7594377995 0.3348559141 0.5577864647
-90.4 157.8 1838.4 -0.6322606206 -0.7542436123 -0.1770962775 -0.7622952461 0.5647903085 0.3160979152 -0.1383925825 0.3348559141 -0.9320509434
263.2 162.8 2193.7 0.1607955247 0.9477370381 0.2755708694 -0.7825167775 -0.0477433763 0.6207962632 0.6015083194 -0.3154600859 0.7339432240
299.2 -12.3 2328.3 -0.2970081866 0.9477370381 0.1165359765 -0.4931654036 -0.0477433763 -0.8686244488 -0.8176637888 -0.3154600859 0.4815712869
0.0 -148.2 2007.4 0.7346054316 0.0496747456 -0.6766737103 0.0353464298 0.9931602478 0.1112806052 0.6775732636 -0.1056653336 0.7278250456
-19.3 -533.7 2048.4 0.7358459830 0.0612840056 -0.6743700504 0.0533724837 0.9875487685 0.1479823589 0.6750422716 -0.1448850334 0.7234129310
134.1 -196.8 2115.8 0.9465932250 0.0493925475 0.3186245561 -0.0461084582 0.9987770319 -0.0178460479 -0.3191163242 0.0022016626 0.9477130175
114.9 -584.5 2114.9 0.9440227747 -0.0808253661 0.3198253512 -0.0053492831 0.9656413198 0.2598235607 -0.3298369050 -0.2469901890 0.9111550450
63.8 343.7 1872.2 0 0 0 0 0 0 0 0 0
223.8 -137.5 2120.8 0 0 0 0 0 0 0 0 0
-42.1 -901.8 2102.4 0 0 0 0 0 0 0 0 0
144.9 -943.0 2206.6 0 0 0 0 0 0 0 0 0
103.5 427.5 1981.9 32 0.7789380550 -0.2115377486 -0.5903450847 0.4465785623 0.8480144143 0.2853753865 0.4402534664 -0.4859251976 0.7550189495
160.4 199.6 2112.5 0.7789380550 -0.2115377486 -0.5903450847 0.4465785623 0.8480144143 0.2853753865 0.4402534664 -0.4859251976 0.7550189495
113.2 12.9 2088.4 0.7664737701 0.2430721819 -0.5945030451 -0.2688640356 0.9620448947 0.0467097908 0.5832924247 0.1240386516 0.8027355075
55.7 236.4 2032.8 0.5851998925 -0.7382071018 -0.3355464339 0.3103432059 0.5861884952 -0.7483783364 0.7491516471 0.3338163793 0.5721349716
-93.9 157.1 1841.3 -0.6488350034 -0.7382071018 -0.1845628172 -0.7523992062 0.5861884952 0.3004638553 -0.1136159301 0.3338163793 -0.9357660413
265.1 162.9 2192.2 0.1690051854 0.9447060227 0.2810119987 -0.7789477110 -0.0466649868 0.6253501773 0.6038854718 -0.3245810866 0.7279899716
302.9 -11.4 2327.3 -0.3036516905 0.9447060227 0.1237988323 -0.4981763363 -0.0466649868 -0.8658190966 -0.8121674657 -0.3245810866 0.4848001003
-3.5 -148.2 2009.4 0.7410892248 0.0395547226 -0.6702403426 0.0392143615 0.9940089583 0.1020217389 0.6702603698 -0.1018902659 0.7350982428
-18.9 -534.1 2049.0 0.7423716187 0.0599726140 -0.6672987938 0.0580858551 0.9864743352 0.1532787681 0.6674656868 -0.1525504142 0.7288469672
132.6 -197.3 2115.0 0.9437354207 0.0419719107 0.3280271590 -0.0402602255 0.9991170168 -0.0120107401 -0.3282416165 -0.0018714857 0.9445919394
116.3 -585.1 2115.8 0.9424421787 -0.0583718494 0.3292346895 -0.0119994730 0.9781056643 0.2077625841 -0.3341538012 -0.1997548640 0.9211075902
63.9 340.1 1869.0 0 0 0 0 0 0 0 0 0
225.8 -137.8 2121.1 0 0 0 0 0 0 0 0 0
-41.3 -902.0 2105.9 0 0 0 0 0 0 0 0 0
138.0 -948.7 2190.0 0 0 0 0 0 0 0 0 0
104.7 425.0 1974.9 33 0.7749838829 -0.2101457417 -0.5960190892 0.4598852396 0.8344004154 0.3037787676 0.4334807396 -0.5095240474 0.7432897687
161.5 199.4 2112.7 0.7749838829 -0.2101457417 -0.5960190892 0.4598852396 0.8344004154 0.3037787676 0.4334807396 -0.5095240474 0.7432897687
115.2 12.3 2089.9 0.7634440064 0.2389153987 -0.6000605822 -0.2614233196 0.9638673067 0.0511626601 0.5906023383 0.1178099960 0.7983167768
57.2 235.1 2032.1 0.5977089405 -0.7318916917 -0.3272286057 0.3230940402 0.5934498906 -0.7371753454 0.7337263227 0.3348906636 0.5911801457
-97.6 151.4 1842.0 -0.6530197263 -0.7318916917 -0.1946786940 -0.7512457371 0.5934498906 0.2888720334 -0.0958909914 0.3348906636 -0.9373649955
265.8 163.6 2193.4 0.1675864160 0.9470266700 0.2739622295 -0.7733927369 -0.0460423194 0.6322529316 0.6113741994 -0.3178374171 0.7247074842
303.3 -9.4 2330.2 -0.2964732647 0.9470266700 0.1234670952 -0.5058116913 -0.0460423194 -0.8614143133 -0.8100976348 -0.3178374171 0.4926674366
-2.7 -149.8 2012.1 0.7358506918 0.0461841375 -0.6755669713 0.0338084511 0.9939212799 0.1047732830 0.6762992740 -0.0999373645 0.7298163176
-20.6 -535.6 2050.9 0.7361054420 0.0516613983 -0.6748924851 0.0385403223 0.9922664165 0.1179915443 0.6757687926 -0.1128647923 0.7284216285
134.7 -197.9 2116.6 0.9457663894 0.0452867188 0.3216753602 -0.0466438420 0.9989054799 -0.0034910201 -0.3214813769 -0.0117024845 0.9468435645
117.1 -585.7 2121.1 0.9446102977 -0.0467538163 0.3248468935 0.0016405818 0.9904611707 0.1377822459 -0.3281900585 -0.1296175867 0.9356765151
64.7 338.1 1865.8 0 0 0 0 0 0 0 0 0
228.1 -137.8 2124.6 0 0 0 0 0 0 0 0 0
-39.8 -905.6 2093.0 0 0 0 0 0 0 0 0 0
134.5 -953.7 2169.3 0 0 0 0 0 0 0 0 0
104.5 425.6 1977.5 34 0.7664962411 -0.2124118656 -0.6061061621 0.4610886574 0.8389409184 0.2890941203 0.4470802546 -0.5010582209 0.7409857512
162.0 198.5 2113.1 0.7664962411 -0.2124118656 -0.6061061621 0.4610886574 0.8389409184 0.2890941203 0.4470802546 -0.5010582209 0.7409857512
115.7 11.3 2091.0 0.7560160756 0.2386864275 -0.6094821095 -0.2582043409 0.9643841386 0.0573909841 0.6014733315 0.1139824167 0.7907198071
58.7 233.7 2031.0 0.6081102490 -0.7233614922 -0.3270322382 0.3131486773 0.5971294641 -0.7384946346 0.7294791341 0.3466764092 0.5896402597
-97.6 153.2 1843.4 -0.6585465074 -0.7233614922 -0.2075202465 -0.7475546002 0.5971294641 0.2908582985 -0.0864792392 0.3466764092 -0.9339897037
265.3 163.2 2195.3 0.1593042612 0.9506899714 0.2661028802 -0.7693362832 -0.0493655950 0.6369338632 0.6186629534 -0.3061888814 0.7235361338
300.9 -9.0 2333.7 -0.2874299586 0.9506899714 0.1165015325 -0.5110892653 -0.0493655950 -0.8581088781 -0.8100442886 -0.3061888814 0.5000765920
0.4 -151.4 2014.1 0.7270417213 0.0595626980 -0.6840048432 0.0243111216 0.9933720231 0.1123429462 0.6861627698 -0.0983069316 0.7207748890
-22.7 -537.0 2052.3 0.7287313342 0.0329506099 -0.6840065122 0.0605755448 0.9918245077 0.1123154834 0.6821152568 -0.1232818812 0.7207775712
137.2 -198.3 2119.9 0.9494978786 0.0505507290 0.3096747100 -0.0495468080 0.9987099767 -0.0111114401 -0.3098369241 -0.0047931056 0.9507776499
117.5 -586.0 2121.8 0.9484386444 -0.0448400863 0.3137729466 -0.0022332687 0.9889727235 0.1480807811 -0.3169528544 -0.1411462724 0.9378798604
63.9 336.5 1864.6 0 0 0 0 0 0 0 0 0
228.0 -138.7 2128.1 0 0 0 0 0 0 0 0 0
-35.0 -907.0 2098.3 0 0 0 0 0 0 0 0 0
134.2 -954.3 2174.3 0 0 0 0 0 0 0 0 0
105.7 424.3 1980.2 35 0.7570848465 -0.2136180848 -0.6174057126 0.4624389410 0.8427748084 0.2754648626 0.4614897072 -0.4940627217 0.7368373871
163.2 197.2 2113.3 0.7570848465 -0.2136180848 -0.6174057126 0.4624389410 0.8427748084 0.2754648626 0.4614897072 -0.4940627217 0.7368373871
117.0 9.9 2092.2 0.7473281026 0.2382474989 -0.6202731729 -0.2537335753 0.9650887847 0.0649838895 0.6141009331 0.1088198498 0.7816893458
61.1 231.9 2029.4 0.6239805222 -0.7125728130 -0.3207620382 0.3076395988 0.6013299227 -0.7374009490 0.7183356881 0.3614447713 0.5944337845
-98.8 153.0 1845.3 -0.6666754484 -0.7125728130 -0.2185952067 -0.7408474684 0.6013299227 0.2992446721 -0.0817857757 0.3614447713 -0.9287996292
265.3 162.6 2197.2 0.1498015672 0.9547628164 0.2568802536 -0.7640624046 -0.0531065390 0.6429528594 0.6275094748 -0.2925878763 0.7215428948
298.8 -8.4 2337.6 -0.2768513560 0.9547628164 0.1085416824 -0.5178846717 -0.0531065390 -0.8538004160 -0.8094125986 -0.2925878763 0.5091596842
1.6 -152.8 2015.0 0.7170374990 0.0563079268 -0.6947565675 0.0213439167 0.9944906831 0.1026288942 0.6967077255 -0.0884175897 0.7118852735
-20.2 -538.9 2049.3 0.7199329734 0.0477076657 -0.6924019456 0.0661270097 0.9883811474 0.1368574500 0.6908861995 -0.1443146616 0.7084134221
137.1 -199.1 2122.8 0.9539453387 0.0497874729 0.2958199978 -0.0470001921 0.9987580776 -0.0165304169 -0.2962756157 0.0018655179 0.9551006556
117.7 -586.8 2122.0 0.9536337256 -0.0253874939 0.2998970449 -0.0132594267 0.9919246435 0.1261336803 -0.3006774783 -0.1242617890 0.9455961585
64.8 334.8 1865.4 0 0 0 0 0 0 0 0 0
228.6 -139.8 2132.2 0 0 0 0 0 0 0 0 0
-38.0 -907.6 2103.2 0 0 0 0 0 0 0 0 0
127.2 -956.5 2168.3 0 0 0 0 0 0 0 0 0
104.6 423.7 1977.6 36 0.7834133506 -0.1911445707 -0.5913774371 0.4487879276 0.8322395086 0.3255254328 0.4299452305 -0.5204240084 0.7377709150
153.2 211.7 2110.1 0.7834133506 -0.1911445707 -0.5913774371 0.4487879276 0.8322395086 0.3255254328 0.4299452305 -0.5204240084 0.7377709150
112.4 23.2 2089.3 0.7761783004 0.2103058547 -0.5944061875 -0.2323910445 0.9717843533 0.0403681099 0.5861243010 0.1068018228 0.8031511307
47.3 243.4 2030.1 0.5873463154 -0.7211246490 -0.3674283326 0.3587546945 0.6389258504 -0.6804916263 0.7254787087 0.2678676248 0.6339775920
-100.8 152.9 1847.1 -0.6761152148 -0.7211246490 -0.1511537433 -0.7333775163 0.6389258504 0.2322309166 -0.0708913952 0.2678676248 -0.9608440995
259.2 180.1 2190.1 0.1964598000 0.9452287555 0.2606648803 -0.7621710300 -0.0200283416 0.6470658183 0.6168459058 -0.3257936537 0.7164912224
303.1 9.7 2328.0 -0.2877118289 0.9452287555 0.1541575193 -0.5225167871 -0.0200283416 -0.8523937464 -0.8026195168 -0.3257936537 0.4996602833
3.8 -154.7 2016.1 0.7389629483 0.0606532060 -0.6710104346 0.0197505616 0.9935614467 0.1115595475 0.6734565496 -0.0956912041 0.7330071330
-19.8 -540.4 2053.2 0.7386524081 0.0603683814 -0.6713778973 0.0144646140 0.9943330288 0.1053216085 0.6739312410 -0.0875072852 0.7335932851
137.7 -200.2 2126.1 0.9428969026 0.0550807305 0.3284988999 -0.0459427088 0.9983123541 -0.0355207659 -0.3299010396 0.0184002891 0.9438362122
116.3 -587.7 2118.9 0.9419863820 -0.0429952294 0.3328860402 -0.0129991537 0.9863447547 0.1641797423 -0.3353993595 -0.1589823216 0.9285644293
64.8 332.6 1864.5 0 0 0 0 0 0 0 0 0
230.0 -122.9 2124.3 0 0 0 0 0 0 0 0 0
-42.3 -910.8 2085.8 0 0 0 0 0 0 0 0 0
132.3 -955.3 2178.2 0 0 0 0 0 0 0 0 0
104.0 421.9 1973.3 37 0.7971876860 -0.1813099831 -0.5758633018 0.4467211068 0.8187751174 0.3606210947 0.4061183035 -0.5447329879 0.7337124348
148.8 219.3 2108.1 0.7971876860 -0.1813099831 -0.5758633018 0.4467211068 0.8187751174 0.3606210947 0.4061183035 -0.5447329879 0.7337124348
110.4 30.3 2086.6 0.7909073830 0.1980683804 -0.5789943933 -0.2251287699 0.9739909172 0.0256665777 0.5690189600 0.1100484058 0.8149274588
40.9 250.0 2030.4 0.5529959202 -0.7420286536 -0.3789313734 0.4086208940 0.6378836036 -0.6527889967 0.7261022925 0.2061503828 0.6559554338
-97.5 147.8 1848.7 -0.6606303453 -0.7420286536 -0.1138462424 -0.7480399013 0.6378836036 0.1831415147 -0.0632756129 0.2061503828 -0.9764723182
256.8 188.6 2185.8 0.2197734118 0.9387941957 0.2652641237 -0.7636477351 -0.0036547950 0.6456227899 0.6070764661 -0.3444590569 0.7161048651
305.9 17.9 2321.5 -0.2958478034 0.9387941957 0.1764638126 -0.5207890272 -0.0036547950 -0.8536775708 -0.8007826209 -0.3444590569 0.4899950325
2.2 -144.6 2016.0 0.7516060472 0.0585955717 -0.6570044756 0.0235953070 0.9930206537 0.1155562699 0.6591901183 -0.1023550108 0.7449777722
-20.6 -530.1 2055.7 0.7509174943 0.0428171493 -0.6590064764 0.0042715343 0.9975602031 0.0696810335 0.6603822112 -0.0551396757 0.7489024997
141.1 -186.1 2120.9 0.9352345467 0.0667854398 0.3476722538 -0.0583458245 0.9976931810 -0.0347003378 -0.3491877317 0.0121677322 0.9369738102
115.2 -573.4 2116.2 0.9338505268 -0.0515537634 0.3539285958 -0.0129632019 0.9840283990 0.1775387973 -0.3574285805 -0.1703827530 0.9182671309
64.6 331.3 1864.2 0 0 0 0 0 0 0 0 0
230.8 -114.3 2118.2 0 0 0 0 0 0 0 0 0
-36.5 -901.9 2076.3 0 0 0 0 0 0 0 0 0
134.4 -940.5 2179.8 0 0 0 0 0 0 0 0 0
102.2 420.0 1971.6 38 0.8057790995 -0.1765320301 -0.5652933121 0.4469114840 0.8075668216 0.3848453760 0.3885745704 -0.5627364516 0.7296146154
145.1 223.8 2108.3 0.8057790995 -0.1765320301 -0.5652933121 0.4469114840 0.8075668216 0.3848453760 0.3885745704 -0.5627364516 0.7296146154
111.5 34.0 2086.3 0.8069871068 0.1732314676 -0.5645907521 -0.2067512423 0.9783823490 0.0046777762 0.5531959534 0.1129549295 0.8253577352
34.9 252.0 2032.8 0.5298516154 -0.7494875789 -0.3968950510 0.4310665727 0.6410276294 -0.6350316405 0.7303690314 0.1653843224 0.6627285480
-96.9 144.7 1851.0 -0.6549547315 -0.7494875789 -0.0964504555 -0.7543763518 0.6410276294 0.1414210498 -0.0441659093 0.1653843224 -0.9852397442
255.3 195.6 2183.9 0.2516706288 0.9321431518 0.2603286505 -0.7609366775 0.0243702698 0.6483682990 0.5980278254 -0.3612688780 0.7154352069
311.5 25.5 2317.6 -0.2959199548 0.9321431518 0.2086635977 -0.5236964226 0.0243702698 -0.8515563011 -0.7988575697 -0.3612688780 0.4809483886
1.1 -138.6 2014.2 0.7619149685 0.0432292670 -0.6462327838 0.0237030070 0.9952405691 0.0945219770 0.6472432017 -0.0873353705 0.7572640181
-15.6 -524.9 2048.1 0.7619410157 0.0728306770 -0.6435383558 0.0240561720 0.9897885323 0.1404987872 0.6471995115 -0.1225328594 0.7524084449
142.7 -178.8 2116.1 0.9282200933 0.0709163696 0.3652099073 -0.0623733327 0.9974336028 -0.0351529159 -0.3667655885 0.0098502822 0.9302612543
115.2 -566.1 2112.3 0.9269822836 -0.0507944748 0.3716500401 -0.0265542138 0.9794171453 0.2000921667 -0.3741640151 -0.1953507811 0.9065535665
64.3 330.5 1861.9 0 0 0 0 0 0 0 0 0
236.4 -107.4 2114.8 0 0 0 0 0 0 0 0 0
-42.7 -893.0 2093.7 0 0 0 0 0 0 0 0 0
134.2 -931.4 2185.2 0 0 0 0 0 0 0 0 0
101.0 418.4 1966.8 39 0.7793138027 -0.2154620886 -0.5884267688 0.4854171872 0.8014137149 0.3494369686 0.3962828517 -0.5579535365 0.7291417718
156.3 212.6 2110.1 0.7793138027 -0.2154620886 -0.5884267688 0.4854171872 0.8014137149 0.3494369686 0.3962828517 -0.5579535365 0.7291417718
120.0 23.0 2090.6 0.7904945016 0.1868638396 -0.5832669139 -0.2099801451 0.9772897363 0.0285151731 0.5753492117 0.0999333858 0.8117798567
48.4 241.2 2031.5 0.5770690441 -0.7453524470 -0.3338279128 0.4068852365 0.6167997122 -0.6737970710 0.7081212401 0.2529977858 0.6592088938
-98.2 137.8 1851.5 -0.6433223486 -0.7453524470 -0.1748887748 -0.7649978399 0.6167997122 0.1853009462 -0.0302431695 0.2529977858 -0.9669940472
264.3 184.0 2188.6 0.2250876427 0.9404381514 0.2547775209 -0.7542149425 0.0026283877 0.6566223502 0.6168431044 -0.3399546146 0.7098841071
314.6 15.4 2326.5 -0.2863305807 0.9404381514 0.1832780540 -0.5329690576 0.0026283877 -0.8461306691 -0.7962152958 -0.3399546146 0.5004718900
5.6 -137.4 2014.8 0.7467916608 0.0490513220 -0.6632466912 0.0169742350 0.9955457449 0.0927393287 0.6648414135 -0.0805150643 0.7426326275
-13.4 -523.8 2046.0 0.7478216290 0.0858818591 -0.6583214402 0.0282472242 0.9865838289 0.1607930958 0.6632984877 -0.1388403028 0.7353628278
