62.2 429.1 2172.0 29 0.5200884342 0.2805964351 -0.8067054152 -0.2043158710 0.9579464197 0.2014787644 0.8293147683 0.0600359440 0.5555471778
6.0 237.3 2159.9 0.5200884342 0.2805964351 -0.8067054152 -0.2043158710 0.9579464197 0.2014787644 0.8293147683 0.0600359440 0.5555471778
-46.6 48.9 2151.1 0.5254374743 0.2686076760 -0.8073198795 -0.1856144667 0.9621925950 0.1993305683 0.8303388953 0.0451144911 0.5554295182
-68.9 263.8 2041.6 0.4333598912 -0.1264686286 -0.8923031688 0.8931341767 0.1926078498 0.4064646363 0.1204595715 -0.9730919003 0.1964219660
-178.3 38.1 2011.2 -0.0155804586 -0.1261750162 -0.9918856621 0.9843150377 0.1724112332 -0.0373934954 0.1757303476 -0.9769105315 0.1215097234
80.9 210.9 2278.2 0.0565254688 0.2271907926 -0.9722084403 -0.9765791893 0.2150594592 -0.0065233610 0.2076005787 0.9498072267 0.2340261340
92.5 10.5 2320.8 0.5840583444 0.2271907926 0.7792689800 0.7503482103 0.2150594592 -0.6250815392 -0.3096019626 0.9498072267 -0.0448649302
-153.0 -118.7 2071.2 0.5705354214 -0.0229799431 -0.8209514022 -0.0172237903 0.9990538359 -0.0399353504 0.8210923672 0.0369244255 0.5695998073
-144.0 -510.0 2056.7 0.5648112297 0.1979328394 -0.8011309505 -0.0467711836 0.9769265056 0.2083915770 0.8238936067 -0.0802320689 0.5610366464
-57.6 -151.6 2221.1 0.5114221573 -0.1223185062 -0.8505795002 0.0634432063 0.9924907684 -0.1045801416 0.8569844365 -0.0004788863 0.5153420568
-9.7 -540.2 2221.3 0.5130824447 0.0610817261 -0.8561632037 0.0878187120 0.9884946942 0.1231508180 0.8538350463 -0.1383736730 0.5018151402
-173.9 -238.8 1961.8 0 0 0 0 0 0 0 0 0
257.0 221.9 2233.6 0 0 0 0 0 0 0 0 0
-218.5 -878.0 2087.0 0 0 0 0 0 0 0 0 0
-32.7 -912.4 2273.4 0 0 0 0 0 0 0 0 0
67.4 427.7 2167.1 30 0.5276617408 0.2969252467 -0.7958696485 -0.2018907368 0.9539085031 0.2220332026 0.8251140714 0.0435202755 0.5632874966
7.9 236.7 2158.4 0.5276617408 0.2969252467 -0.7958696485 -0.2018907368 0.9539085031 0.2220332026 0.8251140714 0.0435202755 0.5632874966
-45.6 48.5 2151.6 0.5337428451 0.2732231617 -0.8002922535 -0.1814633310 0.9613265991 0.2071767598 0.8259477615 0.0346445888 0.5626811385
-68.1 262.6 2040.7 0.4302176535 -0.1305605024 -0.8932338357 0.8941760063 0.1974887252 0.4018052816 0.1239437163 -0.9715719819 0.2017072141
-176.8 36.8 2009.4 -0.0064025926 -0.1304351687 -0.9914361835 0.9848568439 0.1709521860 -0.0288508888 0.1732513458 -0.9766073823 0.1273654252
84.0 210.9 2276.1 0.0452895127 0.2211706787 -0.9741829634 -0.9782991409 0.2071916461 0.0015582527 0.2021872103 0.9529717565 0.2257546932
93.3 9.3 2317.8 0.5813590884 0.2211706787 0.7830103040 0.7565540075 0.2071916461 -0.6202399731 -0.2994120717 0.9529717565 -0.0468748175
-146.7 -122.7 2067.2 0.5795277953 -0.0073373527 -0.8149194717 -0.0186422374 0.9995784760 -0.0222573578 0.8147392273 0.0280906782 0.5791466832
-143.8 -514.2 2056.2 0.5753186941 0.1931451261 -0.7947976589 -0.0406897701 0.9772745371 0.2080356181 0.8169165850 -0.0873466581 0.5701033473
-51.7 -156.2 2217.3 0.5211665034 -0.1088508889 -0.8464850187 0.0672073290 0.9939875603 -0.0864400640 0.8508046865 -0.0118403295 0.5253486037
-9.1 -545.5 2221.9 0.5224251151 0.0752793252 -0.8493556380 0.0828575343 0.9868994951 0.1384343356 0.8486498594 -0.1426970810 0.5093436241
-175.0 -240.4 1960.6 0 0 0 0 0 0 0 0 0
257.1 222.4 2233.4 0 0 0 0 0 0 0 0 0
-216.5 -882.3 2089.1 0 0 0 0 0 0 0 0 0
-37.4 -917.1 2275.7 0 0 0 0 0 0 0 0 0
70.1 424.7 2164.2 31 0.5379236341 0.2967021465 -0.7890538573 -0.2024314404 0.9540904164 0.2207555324 0.8183273673 0.0409796946 0.5732896328
10.8 233.8 2156.0 0.5379236341 0.2967021465 -0.7890538573 -0.2024314404 0.9540904164 0.2207555324 0.8183273673 0.0409796946 0.5732896328
-42.7 45.5 2149.8 0.5440863967 0.2731268704 -0.7933294773 -0.1817146838 0.9614499807 0.2063824981 0.8191152215 0.0318697058 0.5727429986
-66.8 259.7 2039.3 0.4329174459 -0.1385972202 -0.8907150626 0.8922390342 0.2066524774 0.4015025795 0.1284213215 -0.9685481787 0.2131253034
-175.9 34.9 2006.9 -0.0076170438 -0.1384050101 -0.9903464317 0.9852699041 0.1681586206 -0.0310788620 0.1708367616 -0.9759952426 0.1350854188
88.3 207.9 2272.7 0.0308153555 0.2110075653 -0.9769985676 -0.9771318436 0.2121052146 0.0149899283 0.2103894800 0.9541945457 0.2127183229
94.6 8.5 2315.7 0.5782046318 0.2110075653 0.7881340384 0.7599932551 0.2121052146 -0.6143465042 -0.2967990935 0.9541945457 -0.0377241150
-147.3 -123.4 2070.2 0.5896638036 -0.0117168082 -0.8075638413 -0.0210892670 0.9993304610 -0.0298979972 0.8073734045 0.0346606933 0.5890218616
-142.7 -514.8 2056.6 0.5840627551 0.2008602619 -0.7864641547 -0.0495269969 0.9759129882 0.2124639302 0.8101961017 -0.0851410627 0.5799424648
-50.8 -156.2 2219.5 0.5328779221 -0.1028186753 -0.8399222493 0.0558043607 0.9946997762 -0.0863613188 0.8443500400 -0.0008512840 0.5357912779
-10.6 -545.7 2219.8 0.5356928110 0.0600863323 -0.8422724605 0.0951425135 0.9868184328 0.1309094876 0.8390358686 -0.1502631903 0.5229147673
-173.7 -242.5 1958.8 0 0 0 0 0 0 0 0 0
257.5 222.6 2232.0 0 0 0 0 0 0 0 0 0
-218.4 -882.3 2088.7 0 0 0 0 0 0 0 0 0
-33.2 -917.3 2276.4 0 0 0 0 0 0 0 0 0
73.6 423.1 2156.7 32 0.5419613123 0.2991346419 -0.7853638530 -0.1959431022 0.9537299275 0.2280472517 0.8172418475 0.0302938484 0.5754981041
13.8 232.7 2150.7 0.5419613123 0.2991346419 -0.7853638530 -0.1959431022 0.9537299275 0.2280472517 0.8172418475 0.0302938484 0.5754981041
-40.8 44.6 2146.6 0.5476999879 0.2788106501 -0.7888532281 -0.1769397110 0.9601163268 0.2164924741 0.8177512288 0.0210065413 0.5751883388
-64.2 257.9 2034.2 0.4403236508 -0.1450513154 -0.8860446811 0.8908137083 0.1937937587 0.4109683037 0.1120984405 -0.9702597857 0.2145456672
-175.8 32.2 2005.8 -0.0098779220 -0.1448511928 -0.9894041419 0.9849268198 0.1694668680 -0.0346435867 0.1726893932 -0.9748328924 0.1409938484
91.9 207.4 2267.2 0.0177494269 0.1970321536 -0.9802363515 -0.9748810530 0.2211089581 0.0267914925 0.2220178246 0.9551382661 0.1960074753
95.5 8.2 2312.6 0.5837728381 0.1970321536 0.7876468897 0.7562376857 0.2211089581 -0.6158046722 -0.2954891026 0.9551382661 -0.0199257303
-145.4 -126.3 2069.5 0.5941505432 -0.0068904408 -0.8043243289 -0.0200137980 0.9995270967 -0.0233467910 0.8041048050 0.0299690943 0.5937317014
-142.7 -517.8 2057.7 0.5868907571 0.2060202509 -0.7830165625 -0.0563387610 0.9751327634 0.2143408209 0.8077036738 -0.0816804692 0.5839033723
-47.0 -159.2 2217.5 0.5392889977 -0.0920084193 -0.8370793462 0.0472742394 0.9957536459 -0.0789927915 0.8407927752 0.0030276563 0.5413486362
-11.0 -549.2 2216.4 0.5449163914 0.0605051741 -0.8363044858 0.1168676466 0.9821771979 0.1472070217 0.8303059936 -0.1779524684 0.5281333923
-173.0 -245.1 1957.1 0 0 0 0 0 0 0 0 0
260.0 221.3 2229.3 0 0 0 0 0 0 0 0 0
-220.3 -885.1 2088.5 0 0 0 0 0 0 0 0 0
-33.8 -918.9 2283.4 0 0 0 0 0 0 0 0 0
76.1 422.5 2159.5 33 0.5174697042 0.2974526584 -0.8023384809 -0.1943477690 0.9539887905 0.2283293605 0.8333390951 0.0377791747 0.5514695644
16.9 232.5 2152.0 0.5174697042 0.2974526584 -0.8023384809 -0.1943477690 0.9539887905 0.2283293605 0.8333390951 0.0377791747 0.5514695644
-39.0 44.8 2147.7 0.5234592557 0.2852838039 -0.8028720617 -0.1746936589 0.9581984878 0.2265784591 0.8339499831 0.0216520727 0.5514151454
-57.7 257.4 2033.2 0.4555405676 -0.1188692302 -0.8822430968 0.8833691478 0.1830303669 0.4314613342 0.1101898029 -0.9758944511 0.1883831620
-175.8 28.4 2004.6 -0.0168832615 -0.1186948642 -0.9927872419 0.9843049645 0.1724758893 -0.0373597480 0.1756662726 -0.9778361917 0.1139199883
91.5 207.6 2270.8 0.0151541764 0.2198179662 -0.9754232168 -0.9800077081 0.1968158484 0.0291283298 0.1983816624 0.9554808140 0.2184058875
94.5 8.2 2311.2 0.5993031263 0.2198179662 0.7697504759 0.7455801368 0.1968158484 -0.6366896629 -0.2914549112 0.9554808140 -0.0459395610
-144.9 -127.4 2068.5 0.5714468360 -0.0016444252 -0.8206374049 -0.0239167120 0.9995398521 -0.0186572038 0.8202905059 0.0302885491 0.5711445808
-144.2 -518.9 2056.7 0.5675441027 0.2021020800 -0.7981531620 -0.0433013923 0.9753905535 0.2161903530 0.8222035766 -0.0881364197 0.5623284578
-45.9 -159.4 2216.4 0.5166387558 -0.0866801143 -0.8518044949 0.0433257557 0.9962344170 -0.0750993267 0.8551065922 0.0018941525 0.5184488297
-11.9 -549.6 2215.6 0.5223897696 0.0503457226 -0.8512192369 0.1229170784 0.9833836555 0.1335963458 0.8438011408 -0.1744187474 0.5075212121
-171.0 -248.7 1955.2 0 0 0 0 0 0 0 0 0
263.3 218.2 2229.1 0 0 0 0 0 0 0 0 0
-220.3 -886.3 2089.9 0 0 0 0 0 0 0 0 0
-30.9 -919.9 2281.3 0 0 0 0 0 0 0 0 0
79.9 422.4 2160.9 34 0.5013787746 0.3090641797 -0.8081452250 -0.1993325502 0.9501610994 0.2397089899 0.8419535756 0.0409046523 0.5379971266
18.4 233.2 2152.7 0.5013787746 0.3090641797 -0.8081452250 -0.1993325502 0.9501610994 0.2397089899 0.8419535756 0.0409046523 0.5379971266
-39.9 46.3 2147.7 0.5072919726 0.2977018952 -0.8087202311 -0.1807725579 0.9543180466 0.2379040569 0.8426008224 0.0255076196 0.5379341841
-53.9 258.9 2032.7 0.4602675140 -0.1042045653 -0.8816434741 0.8809887767 0.1762140542 0.4390983582 0.1096019149 -0.9788207412 0.1729086488
-174.0 29.2 2004.1 -0.0131524811 -0.1042242423 -0.9944668412 0.9835804701 0.1776768416 -0.0316297673 0.1799903065 -0.9785541892 0.1001760364
90.6 207.5 2272.8 0.0015660626 0.2285801470 -0.9735238552 -0.9806651473 0.1908575594 0.0432351679 0.1956870854 0.9546331763 0.2244594842
90.9 10.5 2312.1 0.6355279088 0.2285801470 0.7374655008 0.7135664225 0.1908575594 -0.6740893126 -0.2948342860 0.9546331763 -0.0418118127
-142.2 -127.0 2068.1 0.5575332642 0.0042885439 -0.8301435113 -0.0281182695 0.9995104074 -0.0137210330 0.8296782374 0.0309921317 0.5573809147
-143.8 -518.6 2056.0 0.5554674268 0.2002415359 -0.8070682883 -0.0383347943 0.9757072330 0.2156984508 0.8306542039 -0.0888746679 0.5496498346
-47.6 -158.6 2218.8 0.5026248097 -0.0930691957 -0.8594803214 0.0423897281 0.9956455827 -0.0830243602 0.8634647727 0.0052969619 0.5043812990
-11.1 -548.6 2216.7 0.5086281896 0.0633502230 -0.8586524725 0.1146998554 0.9834145904 0.1404981911 0.8533119559 -0.1699486524 0.4929261208
-170.3 -247.8 1953.4 0 0 0 0 0 0 0 0 0
269.8 211.3 2229.1 0 0 0 0 0 0 0 0 0
-219.3 -886.1 2089.4 0 0 0 0 0 0 0 0 0
-35.0 -918.9 2280.7 0 0 0 0 0 0 0 0 0
84.6 419.5 2154.6 35 0.5142313838 0.3162143528 -0.7972292900 -0.2031809837 0.9480038881 0.2449614108 0.8332368135 0.0360149927 0.5517420769
21.4 230.0 2147.4 0.5142313838 0.3162143528 -0.7972292900 -0.2031809837 0.9480038881 0.2449614108 0.8332368135 0.0360149927 0.5517420769
-38.0 43.4 2142.8 0.5198190212 0.3034656346 -0.7985591888 -0.1860435605 0.9525561929 0.2408826798 0.8337721229 0.0233513936 0.5516147017
-52.7 256.5 2028.6 0.4539253414 -0.1257287264 -0.8821247816 0.8861984015 0.1667628586 0.4322529137 0.0927590430 -0.9779480696 0.1871184707
-174.3 19.0 2003.7 -0.0262975767 -0.1262056977 -0.9916554689 0.9817042947 0.1838823855 -0.0494359694 0.1885870695 -0.9748125076 0.1190610155
95.5 203.5 2266.2 -0.0305292290 0.1992541254 -0.9794721603 -0.9703853130 0.2290169150 0.0768349320 0.2396253645 0.9528111219 0.1863615662
89.5 12.9 2313.2 0.6598746777 0.1992541254 0.7244744301 0.6874696016 0.2290169150 -0.6891565919 -0.3032341897 0.9528111219 0.0141412979
-144.1 -124.3 2066.6 0.5707013607 -0.0115596149 -0.8210763335 -0.0235295016 0.9992601275 -0.0304227285 0.8208205104 0.0366818085 0.5700071454
-139.5 -515.6 2052.2 0.5693614483 0.2154500633 -0.7933529019 -0.0296119042 0.9697955847 0.2421150059 0.8215538263 -0.1143582538 0.5585440993
-52.4 -156.9 2218.8 0.5158712864 -0.1053009629 -0.8501697183 0.0461750031 0.9943918586 -0.0951457843 0.8554207683 0.0098263901 0.5178405046
-11.2 -546.4 2215.0 0.5212194920 0.0613378137 -0.8512155414 0.1130263284 0.9836664200 0.1400908083 0.8459050059 -0.1692278236 0.5057733059
-166.8 -259.7 1950.2 0 0 0 0 0 0 0 0 0
275.1 206.4 2227.9 0 0 0 0 0 0 0 0 0
-220.7 -880.7 2095.2 0 0 0 0 0 0 0 0 0
-34.3 -916.8 2278.7 0 0 0 0 0 0 0 0 0
92.0 419.9 2151.4 36 0.5379139185 0.3297162950 -0.7758452296 -0.2122539729 0.9436613321 0.2538729906 0.8158411980 0.0281144157 0.5775921345
26.0 231.1 2145.8 0.5379139185 0.3297162950 -0.7758452296 -0.2122539729 0.9436613321 0.2538729906 0.8158411980 0.0281144157 0.5775921345
-35.1 45.1 2142.0 0.5435712934 0.3120188117 -0.7792140245 -0.1955610216 0.9498698115 0.2439328432 0.8162634969 0.0197889991 0.5773406625
-51.4 259.0 2029.5 0.4521400630 -0.1496384591 -0.8793052435 0.8866290450 0.1828913838 0.4247818887 0.0972536430 -0.9716784954 0.2153663188
-171.3 23.8 2003.7 -0.0126329167 -0.1496200860 -0.9886628389 0.9825857282 0.1814499348 -0.0400151350 0.1853798777 -0.9719515443 0.1447223127
103.4 203.2 2262.1 -0.0887421370 0.2043314874 -0.9748709798 -0.9561042786 0.2569348514 0.1408869624 0.2792659700 0.9445809126 0.1725612581
85.7 12.5 2317.8 0.6840922236 0.2043314874 0.7001903057 0.6527237296 0.2569348514 -0.7126964331 -0.3255296052 0.9445809126 0.0423951223
-144.4 -126.3 2062.9 0.5953138471 -0.0072559160 -0.8034605384 -0.0161971971 0.9996476769 -0.0210287552 0.8033300042 0.0255325176 0.5949865580
-141.6 -517.8 2052.9 0.5908181667 0.2035907805 -0.7806950212 -0.0384439938 0.9736429453 0.2248141915 0.8058882952 -0.1028112769 0.5830727816
-50.5 -159.9 2213.6 0.5399595499 -0.1007219329 -0.8356427550 0.0595145300 0.9948980212 -0.0814613849 0.8395842314 -0.0057470337 0.5431991220
-11.0 -549.6 2215.8 0.5427899957 0.0683435872 -0.8370831609 0.0952498987 0.9852439761 0.1422030777 0.8344498277 -0.1569184810 0.5282708406
-167.7 -254.1 1951.3 0 0 0 0 0 0 0 0 0
278.1 196.0 2226.2 0 0 0 0 0 0 0 0 0
-218.2 -884.4 2091.6 0 0 0 0 0 0 0 0 0
-36.8 -920.6 2274.9 0 0 0 0 0 0 0 0 0
98.1 419.0 2150.4 37 0.5195247531 0.3469082117 -0.7808641195 -0.2163411975 0.9375007749 0.2725597322 0.8266139030 0.0273315534 0.5621053576
28.8 231.8 2144.9 0.5195247531 0.3469082117 -0.7808641195 -0.2163411975 0.9375007749 0.2725597322 0.8266139030 0.0273315534 0.5621053576
-36.7 47.3 2141.6 0.5250338912 0.3348629773 -0.7824360728 -0.2011526674 0.9421212673 0.2682258189 0.8269685507 0.0165614523 0.5620041490
-46.0 260.4 2027.1 0.4689158499 -0.1345447302 -0.8729350567 0.8790640831 0.1671174467 0.4464505017 0.0858151168 -0.9767135978 0.1966374665
-168.6 30.5 2004.6 -0.0053136251 -0.1346765310 -0.9908753633 0.9819543958 0.1866207272 -0.0306306649 0.1890431046 -0.9731572270 0.1312545836
103.6 203.2 2262.7 -0.0700521916 0.2164254785 -0.9737826586 -0.9542038441 0.2700731456 0.1286681145 0.2908396125 0.9382006526 0.1875948161
89.2 6.5 2322.7 0.6755173802 0.2164254785 0.7048661709 0.6523788571 0.2700731456 -0.7081400752 -0.3436249793 0.9382006526 0.0412477069
-145.3 -123.3 2064.4 0.5813687444 -0.0089672441 -0.8135907650 -0.0232740808 0.9993467927 -0.0276456065 0.8133072257 0.0350078680 0.5807803273
-141.8 -514.7 2050.6 0.5802766085 0.1973647624 -0.7901431918 -0.0287120678 0.9745463729 0.2223396748 0.8139132261 -0.1063318625 0.5711731911
-47.1 -158.6 2211.8 0.5266220570 -0.0931297541 -0.8449828625 0.0620855466 0.9955401421 -0.0710295960 0.8478293419 -0.0150554702 0.5300554037
-10.6 -548.6 2217.7 0.5281870961 0.0775039643 -0.8455835581 0.0808150843 0.9867169857 0.1409203857 0.8452734947 -0.1427682340 0.5149076581
-167.1 -246.6 1951.3 0 0 0 0 0 0 0 0 0
279.3 190.1 2225.9 0 0 0 0 0 0 0 0 0
-216.1 -881.7 2090.7 0 0 0 0 0 0 0 0 0
-39.8 -920.1 2271.5 0 0 0 0 0 0 0 0 0
107.1 416.9 2143.3 38 0.5245882869 0.3737447262 -0.7649326921 -0.2140341252 0.9275267720 0.3064040244 0.8240124583 0.0029857317 0.5665637851
32.4 231.6 2142.7 0.5245882869 0.3737447262 -0.7649326921 -0.2140341252 0.9275267720 0.3064040244 0.8240124583 0.0029857317 0.5665637851
-36.4 48.4 2143.1 0.5310217738 0.3514065444 -0.7710572481 -0.1974990070 0.9362207055 0.2906630039 0.8240206242 -0.0020653403 0.5665560365
-43.2 259.8 2025.3 0.4811983109 -0.1394822448 -0.8654437661 0.8734140396 0.1605358869 0.4597565830 0.0748069063 -0.9771248102 0.1990753561
-166.8 35.6 2006.1 0.0035238741 -0.1394377351 -0.9902245998 0.9823305607 0.1857768446 -0.0226642452 0.1871210486 -0.9726479650 0.1376286000
108.1 203.5 2260.1 -0.0760083050 0.2069781423 -0.9753885269 -0.9537740350 0.2701539695 0.1316508353 0.2907539308 0.9403067827 0.1768764257
92.3 4.9 2320.7 0.6791602373 0.2069781423 0.7042027116 0.6521278024 0.2701539695 -0.7083404064 -0.3368541300 0.9403067827 0.0485016443
-149.7 -119.0 2063.6 0.5901840329 -0.0310193878 -0.8066725731 -0.0116190044 0.9988315701 -0.0469093621 0.8071851134 0.0370578878 0.5891340375
-137.6 -510.1 2049.1 0.5858167410 0.2146267891 -0.7815075517 -0.0319377445 0.9696607590 0.2423591465 0.8098140359 -0.1170184612 0.5748981833
-54.9 -155.3 2213.1 0.5367575884 -0.1127014980 -0.8361756206 0.0731756985 0.9935227633 -0.0869361535 0.8405572772 -0.0145240938 0.5415279269
-10.7 -544.4 2218.8 0.5372846723 0.0687838197 -0.8405914307 0.0805344880 0.9879305363 0.1323158592 0.8395470977 -0.1387878954 0.5252605081
-167.7 -241.4 1953.3 0 0 0 0 0 0 0 0 0
283.5 188.6 2225.8 0 0 0 0 0 0 0 0 0
-218.4 -875.2 2093.2 0 0 0 0 0 0 0 0 0
-36.6 -916.4 2271.0 0 0 0 0 0 0 0 0 0
114.1 408.9 2127.8 39 0.5474910140 0.3859241903 -0.7425066233 -0.2022408545 0.9220240116 0.3301065564 0.8120050430 -0.0305652022 0.5828495026
36.7 223.9 2133.9 0.5474910140 0.3859241903 -0.7425066233 -0.2022408545 0.9220240116 0.3301065564 0.8120050430 -0.0305652022 0.5828495026
-34.0 41.5 2140.5 0.5540592074 0.3614485860 -0.7499155402 -0.1859487891 0.9317982793 0.3117291629 0.8114440441 -0.0332705155 0.5834823251
-42.3 250.4 2018.4 0.4955199659 -0.1607216448 -0.8535974026 0.8668549061 0.1537071019 0.4742749333 0.0549777374 -0.9749577641 0.2154872715
-164.7 36.3 2004.8 0.0152448975 -0.1604158878 -0.9869318008 0.9842658639 0.1761824489 -0.0134329787 0.1760349274 -0.9711984992 0.1605777740
115.6 197.4 2249.5 -0.1037223563 0.1496000141 -0.9832911491 -0.9356289506 0.3206966519 0.1474861801 0.3374021053 0.9352932572 0.1067066938
94.2 4.3 2319.1 0.6805089712 0.1496000141 0.7173056602 0.6528538465 0.3206966519 -0.6862474084 -0.3327001333 0.9352932572 0.1205699965
-153.1 -117.1 2069.0 0.6151033640 -0.0385197401 -0.7875049710 -0.0147735821 0.9980674386 -0.0603584461 0.7883080840 0.0487609543 0.6133455634
-138.0 -508.0 2050.0 0.6096037626 0.2088675052 -0.7646944523 -0.0414426550 0.9717411995 0.2323824316 0.7916222215 -0.1099702343 0.6010330915
-57.1 -152.8 2218.0 0.5644211173 -0.1215647757 -0.8164868951 0.0748010501 0.9925598502 -0.0960713923 0.8220910430 -0.0068493537 0.5693148971
-9.5 -541.5 2220.7 0.5636363626 0.0716564581 -0.8229091167 0.0634566247 0.9895300269 0.1296287477 0.8235819936 -0.1252825111 0.5531880260
-169.0 -241.1 1955.2 0 0 0 0 0 0 0 0 0
285.9 188.1 2225.4 0 0 0 0 0 0 0 0 0
-216.7 -873.9 2091.4 0 0 0 0 0 0 0 0 0
-36.5 -914.2 2267.8 0 0 0 0 0 0 0 0 0
124.2 403.5 2120.0 40 0.5565174222 0.4073848724 -0.7241035104 -0.2043375075 0.9118786454 0.3559824824 0.8053164482 -0.0501489490 0.5907203555
42.5 220.5 2130.1 0.5565174222 0.4073848724 -0.7241035104 -0.2043375075 0.9118786454 0.3559824824 0.8053164482 -0.0501489490 0.5907203555
-33.2 40.3 2140.4 0.5625213981 0.3869007528 -0.7306692004 -0.1904856861 0.9206230640 0.3408347666 0.8045401573 -0.0525448322 0.5915692449
-37.7 247.7 2015.5 0.4973051548 -0.1993987560 -0.8443504572 0.8661552072 0.1697797626 0.4700531363 0.0496256091 -0.9650984406 0.2571426332
-165.1 25.8 2002.8 0.0049266354 -0.1993987560 -0.9799060225 0.9850375056 0.1697797626 -0.0295956470 0.1722695529 -0.9650984406 0.1972517073
122.6 193.3 2244.7 -0.1258003414 0.1522738487 -0.9802994132 -0.9206156135 0.3502757251 0.1725509465 0.3696500957 0.9241859317 0.0961208716
96.2 0.1 2322.3 0.6665248871 0.1522738487 0.7297651768 0.6540534496 0.3502757251 -0.6704632640 -0.3577130437 0.9241859317 0.1338722408
-154.7 -124.0 2073.7 0.6278636456 -0.0390157290 -0.7773448229 -0.0178758763 0.9977564812 -0.0645168126 0.7781180143 0.0544034839 0.6257576346
-139.5 -514.8 2052.4 0.6202092767 0.2104050815 -0.7556918263 -0.0554372706 0.9727042913 0.2253289074 0.7824749947 -0.0978575870 0.6149445176
-54.6 -157.7 2220.3 0.5808398128 -0.1152670830 -0.8058154583 0.0657944828 0.9933325648 -0.0946649686 0.8113545179 0.0019669677 0.5845510364
-9.5 -546.8 2219.5 0.5818271041 0.0724470541 -0.8100793958 0.0785778016 0.9863579869 0.1446492970 0.8095077276 -0.1478151381 0.5681970716
-166.5 -251.8 1954.2 0 0 0 0 0 0 0 0 0
283.9 184.3 2221.6 0 0 0 0 0 0 0 0 0
-218.7 -881.1 2089.2 0 0 0 0 0 0 0 0 0
-36.7 -918.1 2275.2 0 0 0 0 0 0 0 0 0
133.7 397.0 2110.2 41 0.6069976091 0.4183096886 -0.6757003069 -0.2213221192 0.9055974483 0.3618145585 0.7632630467 -0.0700731277 0.6422766447
49.9 215.6 2124.2 0.6069976091 0.4183096886 -0.6757003069 -0.2213221192 0.9055974483 0.3618145585 0.7632630467 -0.0700731277 0.6422766447
-28.7 36.9 2138.1 0.6117188931 0.4024519324 -0.6810524464 -0.2108624876 0.9127249718 0.3499574065 0.7624545693 -0.0704671368 0.6431931257
-37.0 245.7 2015.8 0.4958642423 -0.2498454154 -0.8316825628 0.8666608930 0.2029599100 0.4557478726 0.0549317077 -0.9467758536 0.3171718121
-162.6 26.2 2001.9 0.0162067581 -0.2508429587 -0.9678921103 0.9871040583 0.1581983417 -0.0244708899 0.1592572778 -0.9550136924 0.2501719892
136.9 185.4 2232.6 -0.2080079168 0.0973166078 -0.9732739329 -0.8766974211 0.4226945043 0.2296323627 0.4337446094 0.9010320902 -0.0026065861
92.5 -1.7 2325.2 0.6874840260 0.0973166078 0.7196493149 0.6260766387 0.4226945043 -0.6552537084 -0.3679588735 0.9010320902 0.2296680808
-159.7 -122.6 2078.1 0.6780145168 -0.0478368141 -0.7334902883 -0.0116481557 0.9970555305 -0.0757932067 0.7349562049 0.0599327013 0.6754608750
-140.9 -513.1 2054.6 0.6665278077 0.2071246207 -0.7161285281 -0.0717443600 0.9739905596 0.2149304301 0.7420198321 -0.0918789357 0.6640518308
-58.0 -157.1 2223.4 0.6335499287 -0.1221122593 -0.7640046477 0.0680307001 0.9924340248 -0.1022081748 0.7707050443 0.0127782114 0.6370639205
-10.2 -545.8 2218.4 0.6341850162 0.0713188127 -0.7698850632 0.0764827207 0.9850665331 0.1542541534 0.7693892121 -0.1567085683 0.6192597151
-167.1 -251.9 1957.0 0 0 0 0 0 0 0 0 0
286.0 174.5 2221.6 0 0 0 0 0 0 0 0 0
-218.9 -879.9 2089.2 0 0 0 0 0 0 0 0 0
-37.0 -916.7 2277.5 0 0 0 0 0 0 0 0 0
146.5 389.3 2104.7 42 0.6251468062 0.4470438659 -0.6397994161 -0.2424182445 0.8903921843 0.3852728903 0.7419062257 -0.0857530683 0.6649973989
57.0 211.0 2121.9 0.6251468062 0.4470438659 -0.6397994161 -0.2424182445 0.8903921843 0.3852728903 0.7419062257 -0.0857530683 0.6649973989
-25.3 34.3 2139.0 0.6338942647 0.4209894538 -0.6488034725 -0.2243466526 0.9028958082 0.3666712046 0.7401666045 -0.0868738964 0.6667880416
-33.2 243.1 2016.6 0.5042499900 -0.2721621394 -0.8195484877 0.8617720604 0.2195924968 0.4573052227 0.0555055290 -0.9368601441 0.3452712297
-161.1 24.4 2002.5 0.0197844934 -0.2739427686 -0.9615424871 0.9871333838 0.1579800844 -0.0246973671 0.1586702317 -0.9486820698 0.2735435963
147.1 179.0 2227.2 -0.2616590858 0.1461770684 -0.9540266395 -0.8444613814 0.4439646900 0.2996336222 0.4673537016 0.8840404749 0.0072735059
90.7 -3.1 2328.0 0.6964430213 0.1223891675 0.7070983052 0.6077350974 0.4233925641 -0.6718606949 -0.3816086352 0.8976411223 0.2204886079
-162.4 -122.7 2083.3 0.7034406662 -0.0548352450 -0.7086355090 -0.0170731563 0.9954280853 -0.0939756706 0.7105488777 0.0782049596 0.6992884278
-141.0 -512.5 2052.7 0.6931431890 0.2077413201 -0.6902145147 -0.0702103674 0.9724727869 0.2221873552 0.7173722982 -0.1055474430 0.6886484623
-52.2 -160.9 2220.8 0.6613412499 -0.1065246165 -0.7424824834 0.0658743531 0.9942879677 -0.0839760154 0.7471869588 0.0066262549 0.6645808816
-10.5 -550.3 2218.2 0.6618857980 0.0787541270 -0.7454562187 0.0724866912 0.9830809832 0.1682185978 0.7460917234 -0.1653771549 0.6449787021
-166.7 -253.7 1957.8 0 0 0 0 0 0 0 0 0
286.8 168.0 2220.5 0 0 0 0 0 0 0 0 0
-219.2 -878.8 2092.4 0 0 0 0 0 0 0 0 0
-40.1 -920.5 2280.5 0 0 0 0 0 0 0 0 0
156.9 377.7 2097.0 43 0.6043045521 0.4753658473 -0.6394085884 -0.2359780967 0.8732959628 0.4262258410 0.7610061169 -0.1066838056 0.6399126649
61.9 203.3 2118.3 0.6043045521 0.4753658473 -0.6394085884 -0.2359780967 0.8732959628 0.4262258410 0.7610061169 -0.1066838056 0.6399126649
-26.7 30.3 2139.7 0.6128438115 0.4532019496 -0.6473255754 -0.2198119015 0.8846277595 0.4112376571 0.7590159178 -0.1097345948 0.6417578459
-25.3 234.6 2010.3 0.5394154191 -0.1834026128 -0.8218238354 0.8415492177 0.1507309228 0.5187245011 0.0287388340 -0.9714132547 0.2356489152
-160.3 24.0 2003.1 0.0315280631 -0.1834026128 -0.9825321436 0.9885683060 0.1507309228 0.0035858334 0.1474403292 -0.9714132547 0.1860582680
149.2 172.1 2226.3 -0.2891068459 0.1404588223 -0.9469364285 -0.8312605023 0.4537650049 0.3210969865 0.4747875035 0.8799821734 -0.0144286910
87.8 -4.5 2327.2 0.7092850804 0.1204351112 0.6945574880 0.5902324915 0.4372372031 -0.6785641313 -0.3854093254 0.8912457824 0.2390411049
-164.7 -122.1 2089.4 0.6901206374 -0.0593845770 -0.7212537527 -0.0197598841 0.9947097898 -0.1008065790 0.7234244943 0.0838205963 0.6852963567
-141.5 -511.7 2056.5 0.6775038242 0.2078419030 -0.7055425644 -0.0865822434 0.9751113057 0.2041112632 0.7304053903 -0.0771987066 0.6786370873
-50.4 -162.8 2223.0 0.6511293650 -0.0902472734 -0.7535820603 0.0569851287 0.9959158301 -0.0700308532 0.7568244338 0.0026561706 0.6536127925
-15.1 -552.8 2221.9 0.6530325413 0.0576598942 -0.7551316619 0.0850283429 0.9852109551 0.1487600654 0.7525414824 -0.1613527685 0.6384720802
-169.2 -254.5 1961.5 0 0 0 0 0 0 0 0 0
287.5 161.7 2218.7 0 0 0 0 0 0 0 0 0
-219.7 -878.9 2085.6 0 0 0 0 0 0 0 0 0
-36.8 -923.8 2282.7 0 0 0 0 0 0 0 0 0
168.2 363.8 2081.1 44 0.6093710065 0.5058039427 -0.6105974913 -0.2347367406 0.8506597877 0.4704004228 0.7573411465 -0.1433187276 0.6370981932
67.5 194.3 2109.7 0.6093710065 0.5058039427 -0.6105974913 -0.2347367406 0.8506597877 0.4704004228 0.7573411465 -0.1433187276 0.6370981932
-27.6 25.8 2137.7 0.6165459752 0.4863005280 -0.6191791296 -0.2223508358 0.8619752526 0.4555862248 0.7552689314 -0.1432148665 0.6395767331
-20.3 226.0 2002.1 0.5662801862 -0.2611315548 -0.7817525268 0.8241105080 0.1644488722 0.5420317650 -0.0129832700 -0.9511923194 0.3083254099
-165.9 14.1 2005.4 0.0254650768 -0.2611315548 -0.9649672508 0.9862125516 0.1644488722 -0.0184760820 0.1635124683 -0.9511923194 0.2617189288
155.3 162.7 2217.3 -0.2960116863 0.1782785952 -0.9383996129 -0.8032255769 0.4852037728 0.3455517292 0.5169194937 0.8560339212 -0.0004280570
91.6 -10.1 2328.4 0.7017668486 0.1265656799 0.7010737658 0.5926161408 0.4424588680 -0.6730796695 -0.3953850865 0.8878126144 0.2354981005
-170.7 -122.9 2092.6 0.7008401155 -0.0635037124 -0.7104860544 -0.0192404091 0.9939839840 -0.1078221425 0.7130588293 0.0892361253 0.6954020262
-145.8 -512.3 2057.7 0.6916370392 0.1947010607 -0.6955068111 -0.0702042505 0.9765420556 0.2035607845 0.7188251615 -0.0919626430 0.6890814900
-60.0 -162.6 2229.7 0.6652768254 -0.1043592095 -0.7392671704 0.0597544909 0.9944487810 -0.0866082162 0.7442017198 0.0134439049 0.6678196192
-19.2 -552.0 2224.4 0.6670520902 0.0442763492 -0.7436942458 0.0915996730 0.9857844710 0.1408491284 0.7393585443 -0.1620758623 0.6535139084
-173.1 -263.3 1959.4 0 0 0 0 0 0 0 0 0
289.3 156.8 2217.1 0 0 0 0 0 0 0 0 0
-219.1 -879.9 2092.3 0 0 0 0 0 0 0 0 0
-35.9 -923.2 2285.5 0 0 0 0 0 0 0 0 0
179.8 350.7 2073.2 45 0.6202576756 0.5315001607 -0.5768778324 -0.2548254430 0.8320848346 0.4926446676 0.7418519855 -0.1585634947 0.6515467763
74.2 185.5 2104.7 0.6202576756 0.5315001607 -0.5768778324 -0.2548254430 0.8320848346 0.4926446676 0.7418519855 -0.1585634947 0.6515467763
-25.8 20.4 2136.0 0.6288707852 0.5114672184 -0.5855961442 -0.2409814894 0.8442984223 0.4786314964 0.7392222285 -0.1598795354 0.6542087197
-15.3 219.8 1999.4 0.5836404562 -0.2615208924 -0.7687461376 0.8115518093 0.1559887528 0.5630729198 -0.0273395739 -0.9525095224 0.3032791018
-162.8 14.7 2006.3 0.0555185638 -0.2615208924 -0.9635997415 0.9876514077 0.1559887528 0.0145689854 0.1465006322 -0.9525095224 0.2669517398
163.7 151.1 2210.0 -0.3187764883 0.2228743583 -0.9212538004 -0.7779529691 0.4937143028 0.3886327147 0.5414524674 0.8405790925 0.0160012525
95.4 -15.6 2326.0 0.6914066076 0.1442971528 0.7079090476 0.6017059088 0.4273346364 -0.6747852564 -0.3998836577 0.8925040364 0.2086375505
-178.3 -122.6 2097.5 0.7175689936 -0.0737913698 -0.6925673485 -0.0148779145 0.9925208092 -0.1211656854 0.6963284612 0.0972486958 0.7111042738
-149.4 -511.3 2059.4 0.7075275183 0.1863832176 -0.6816642284 -0.0746598318 0.9789092541 0.1901645511 0.7027309537 -0.0836537108 0.7065205574
-66.9 -162.7 2233.9 0.6846742630 -0.1146062836 -0.7197822928 0.0634521767 0.9931831360 -0.0977808908 0.7260819077 0.0212763101 0.6872789264
-22.0 -551.7 2225.6 0.6860104203 0.0354579724 -0.7267271876 0.0924439579 0.9864695072 0.1353956908 0.7216950655 -0.1600643992 0.6734505296
-178.4 -262.8 1965.1 0 0 0 0 0 0 0 0 0
290.2 153.9 2213.4 0 0 0 0 0 0 0 0 0
-219.6 -879.9 2090.9 0 0 0 0 0 0 0 0 0
-35.4 -923.2 2285.9 0 0 0 0 0 0 0 0 0
190.8 334.7 2058.2 46 0.6608933806 0.5568860769 -0.5030882955 -0.2861201763 0.8066933751 0.5170889497 0.6937976480 -0.1977969408 0.6924746633
80.5 175.0 2097.4 0.6608933806 0.5568860769 -0.5030882955 -0.2861201763 0.8066933751 0.5170889497 0.6937976480 -0.1977969408 0.6924746633
-25.0 15.0 2135.5 0.6667555571 0.5411908627 -0.5123958588 -0.2774447501 0.8183512092 0.5033147335 0.6917091012 -0.1934263706 0.6957907677
-14.0 214.7 1999.0 0.5937398672 -0.2465457022 -0.7659557462 0.8039365411 0.1414841115 0.5776402354 -0.0340441614 -0.9587478638 0.2822118700
-161.3 15.3 2007.5 0.0814309493 -0.2465457022 -0.9657040238 0.9888118505 0.1414841115 0.0472583622 0.1249804199 -0.9587478638 0.2553085089
175.1 135.4 2195.8 -0.3731580675 0.3283926249 -0.8677046299 -0.6944708824 0.5212927461 0.4959476590 0.6151937246 0.7876624465 0.0335345194
93.0 -17.6 2331.2 0.6987526417 0.2082063556 0.6843938231 0.5638889074 0.4283998311 -0.7060473561 -0.4401977360 0.8792745471 0.1819402426
-182.5 -123.0 2100.6 0.7614198327 -0.0717182085 -0.6442797184 -0.0065802112 0.9929551482 -0.1183077246 0.6482257247 0.0943213403 0.7555838227
-154.4 -511.9 2063.7 0.7511233091 0.1688110232 -0.6382136345 -0.0783306807 0.9827136397 0.1677446067 0.6554983258 -0.0760051757 0.7513622046
-68.9 -166.6 2234.2 0.7328220606 -0.1086939797 -0.6716825366 0.0718599260 0.9940009117 -0.0824517161 0.6766150594 0.0121553801 0.7362365723
-26.4 -555.9 2229.4 0.7333180308 0.0155107621 -0.6797087789 0.0929018036 0.9880765080 0.1227766722 0.6735086441 -0.1531805247 0.7231333256
-184.1 -262.3 1972.4 0 0 0 0 0 0 0 0 0
289.5 141.0 2207.4 0 0 0 0 0 0 0 0 0
-218.0 -881.9 2092.3 0 0 0 0 0 0 0 0 0
-32.2 -927.9 2287.1 0 0 0 0 0 0 0 0 0
204.8 318.5 2045.3 47 0.6756165028 0.5893009901 -0.4430199564 -0.3175288141 0.7749051452 0.5465322137 0.6653704047 -0.2285745889 0.7106587887
88.0 164.8 2090.6 0.6756165028 0.5893009901 -0.4430199564 -0.3175288141 0.7749051452 0.5465322137 0.6653704047 -0.2285745889 0.7106587887
-23.5 10.7 2135.0 0.6837545037 0.5720996261 -0.4529699385 -0.3065737486 0.7885280848 0.5331378579 0.6621875167 -0.2256667465 0.7145503759
-9.0 208.7 1996.3 0.6097928286 -0.2343323678 -0.7571268082 0.7913380861 0.1269720346 0.5980486274 -0.0440082066 -0.9638290405 0.2628627717
-161.1 11.3 2007.3 0.1031054109 -0.2343323678 -0.9666734934 0.9890882373 0.1269720346 0.0747167394 0.1052319556 -0.9638290405 0.2448668778
185.0 121.0 2184.8 -0.4137767255 0.4029483497 -0.8163464069 -0.6231408119 0.5283664465 0.5766493082 0.6636899710 0.7473028302 0.0324678235
91.6 -19.7 2334.7 0.7064964175 0.2529912591 0.6609525681 0.5349848866 0.4204795659 -0.7327947021 -0.4633077085 0.8713164330 0.1617208123
-190.5 -119.9 2111.2 0.7884114385 -0.0763114765 -0.6103965640 -0.0111872638 0.9903326631 -0.1382607967 0.6150465608 0.1158350557 0.7799358964
-160.6 -507.7 2065.9 0.7815001011 0.1438004375 -0.6071070433 -0.0673995912 0.9868398309 0.1469843239 0.6202538610 -0.0739494935 0.7809075713
-70.5 -170.2 2236.0 0.7636926174 -0.1067258567 -0.6366971135 0.0739035904 0.9942096472 -0.0780092254 0.6413360238 0.0125208665 0.7671579719
-28.7 -559.6 2231.1 0.7641087770 0.0089237476 -0.6450256705 0.0969562605 0.9869572520 0.1285103709 0.6377595663 -0.1607351750 0.7532774806
-190.1 -266.4 1977.8 0 0 0 0 0 0 0 0 0
290.3 130.8 2204.4 0 0 0 0 0 0 0 0 0
-214.7 -879.2 2093.7 0 0 0 0 0 0 0 0 0
-32.1 -931.3 2291.6 0 0 0 0 0 0 0 0 0
215.4 304.1 2032.8 48 0.6831719875 0.6085587740 -0.4036487341 -0.3356945813 0.7525962591 0.5664873719 0.6485254169 -0.2515056133 0.7184425592
94.5 154.6 2082.7 0.6831719875 0.6085587740 -0.4036487341 -0.3356945813 0.7525962591 0.5664873719 0.6485254169 -0.2515056133 0.7184425592
-21.3 4.9 2131.8 0.6914394498 0.5931757092 -0.4123761654 -0.3252521157 0.7652913332 0.5554639101 0.6450756192 -0.2499434501 0.7220842838
-3.8 201.0 1990.9 0.6357264519 -0.2257659286 -0.7381609678 0.7691882253 0.1049794033 0.6303402185 -0.0648176372 -0.9685086608 0.2403946817
-161.8 9.7 2007.0 0.1254629344 -0.2257659286 -0.9660687447 0.9890306592 0.1049794033 0.1039117798 0.0779575855 -0.9685086608 0.2364604473
192.7 108.1 2174.6 -0.4185678661 0.4518459737 -0.7878046632 -0.5824674964 0.5319859982 0.6145913005 0.6968016624 0.7161187530 0.0405133478
98.0 -23.8 2332.4 0.7074110508 0.2803087831 0.6488425136 0.5216746926 0.4123199582 -0.7468920946 -0.4768911302 0.8668444157 0.1454496980
-196.6 -115.7 2119.7 0.8034300208 -0.0916385129 -0.5883048773 -0.0069853547 0.9865659475 -0.1632141471 0.5953582525 0.1352406591 0.7919965386
-160.7 -501.9 2066.7 0.7966688871 0.1451123953 -0.5867376328 -0.0611208156 0.9851170778 0.1606504172 0.6013176441 -0.0921232998 0.7936815023
-73.5 -171.3 2239.2 0.7822737694 -0.1059031710 -0.6138666272 0.0752189159 0.9942911267 -0.0756789744 0.6183767915 0.0130272899 0.7857737541
-32.0 -560.7 2234.1 0.7823213339 -0.0074635837 -0.6228303313 0.0990931466 0.9886845350 0.1126206443 0.6149421930 -0.1498237550 0.7742086053
-197.1 -267.9 1985.1 0 0 0 0 0 0 0 0 0
297.1 123.0 2198.2 0 0 0 0 0 0 0 0 0
-215.3 -872.9 2101.4 0 0 0 0 0 0 0 0 0
-29.2 -933.0 2290.5 0 0 0 0 0 0 0 0 0
225.0 290.4 2021.5 49 0.6764384508 0.6320745349 -0.3780380487 -0.3427909017 0.7245023847 0.5979889035 0.6518629789 -0.2749146819 0.7067506909
99.7 146.8 2076.0 0.6764384508 0.6320745349 -0.3780380487 -0.3427909017 0.7245023847 0.5979889035 0.6518629789 -0.2749146819 0.7067506909
-20.7 2.1 2129.0 0.6845747232 0.6162239313 -0.3893911541 -0.3332476318 0.7396648526 0.5846724510 0.6483081579 -0.2704883218 0.7117110491
2.3 194.3 1983.6 0.6567956209 -0.2813241780 -0.6996257901 0.7470169067 0.1161536500 0.6545793414 -0.1028848886 -0.9525570869 0.2864431143
-161.3 8.3 2009.3 0.1569910347 -0.2813241780 -0.9466839433 0.9848443270 0.1161536500 0.1288021207 0.0737256482 -0.9525570869 0.2952955961
197.1 99.3 2168.4 -0.4425217807 0.4713180363 -0.7629113793 -0.5493493676 0.5299477577 0.6460422873 0.7087945938 0.7049926519 0.0244048499
97.7 -24.1 2327.6 0.7285989523 0.2741264999 0.6276927590 0.5062305927 0.4017920196 -0.7630817890 -0.4613828659 0.8737378716 0.1539740264
-199.3 -115.3 2122.7 0.8058097363 -0.0879804567 -0.5856024027 -0.0097091850 0.9868057966 -0.1616171300 0.5920949578 0.1359183788 0.7943234444
-164.9 -501.8 2069.4 0.7997448444 0.1306578815 -0.5859493613 -0.0652393773 0.9891637564 0.1315253228 0.5967847109 -0.0669597313 0.7996026278
-74.7 -174.2 2239.2 0.7870467901 -0.1056776494 -0.6077743173 0.0768189803 0.9943385720 -0.0734141544 0.6120916605 0.0110917734 0.7907090187
-33.3 -563.7 2234.9 0.7869030237 -0.0178512838 -0.6168184280 0.1113305986 0.9872857332 0.1134565026 0.6069507003 -0.1579500288 0.7788854837
-205.3 -268.2 1988.6 0 0 0 0 0 0 0 0 0
302.8 118.4 2197.7 0 0 0 0 0 0 0 0 0
-214.1 -874.1 2094.6 0 0 0 0 0 0 0 0 0
-26.6 -935.5 2294.3 0 0 0 0 0 0 0 0 0
233.1 276.6 2011.4 50 0.6814834476 0.6513410807 -0.3336691558 -0.3645058870 0.6974533200 0.6170042753 0.6345989108 -0.2988538444 0.7127205729
104.4 138.8 2070.4 0.6814834476 0.6513410807 -0.3336691558 -0.3645058870 0.6974533200 0.6170042753 0.6345989108 -0.2988538444 0.7127205729
-19.8 -0.8 2128.0 0.6898998022 0.6360221505 -0.3457081020 -0.3552810550 0.7135756612 0.6038088202 0.6307247281 -0.2937440574 0.7182623148
6.3 189.5 1980.6 0.6707563400 -0.3110288084 -0.6733104587 0.7308509350 0.1226318032 0.6714300513 -0.1262648255 -0.9424555898 0.3095717728
-164.9 2.9 2012.8 0.1492648721 -0.3110288084 -0.9386059046 0.9856371284 0.1226318032 0.1161072776 0.0789902285 -0.9424555898 0.3248661757
202.6 88.1 2160.3 -0.4570297301 0.5132482052 -0.7264297009 -0.5102904439 0.5176345110 0.6867737770 0.7285104394 0.6845661402 0.0253312960
99.1 -27.4 2325.2 0.7419003844 0.2894245088 0.6048282981 0.4911503792 0.3795014322 -0.7840599418 -0.4564593732 0.8787559867 0.1394013017
-202.9 -112.4 2123.4 0.8196844459 -0.0889609829 -0.5658651590 -0.0063404804 0.9863969684 -0.1642582864 0.5727802515 0.1382278055 0.8079701662
-168.0 -498.7 2069.3 0.8154634833 0.1122303680 -0.5678235888 -0.0509486757 0.9911316037 0.1227287576 0.5765618086 -0.0711509585 0.8139496446
-79.3 -172.6 2240.6 0.8035792708 -0.1146712601 -0.5840469599 0.0871742815 0.9933587313 -0.0750937089 0.5887792110 0.0094298776 0.8082388639
-34.4 -561.7 2236.9 0.8033159971 -0.0207747817 -0.5951905251 0.1091395244 0.9876019359 0.1128316224 0.5854672790 -0.1555982679 0.7956238389
-206.9 -273.9 1990.6 0 0 0 0 0 0 0 0 0
308.0 110.9 2196.7 0 0 0 0 0 0 0 0 0
-210.3 -871.8 2096.1 0 0 0 0 0 0 0 0 0
-26.6 -933.7 2295.5 0 0 0 0 0 0 0 0 0
240.2 264.3 2000.3 51 0.6731126904 0.6688588262 -0.3155110478 -0.3541491628 0.6660632491 0.6564587951 0.6492285728 -0.3301327527 0.6852114201
108.2 132.9 2065.5 0.6731126904 0.6688588262 -0.3155110478 -0.3541491628 0.6660632491 0.6564587951 0.6492285728 -0.3301327527 0.6852114201
-19.9 -0.8 2128.5 0.6801158190 0.6547330618 -0.3297985792 -0.3470070660 0.6837881207 0.6418877840 0.6457774639 -0.3221156001 0.6922520995
11.3 182.3 1973.5 0.6928694844 -0.3368318081 -0.6375548244 0.7036826015 0.1228991002 0.6998047233 -0.1573615670 -0.9335095882 0.3221757114
-162.4 5.9 2012.9 0.1822235137 -0.3368318081 -0.9237634540 0.9812091589 0.1228991002 0.1487426907 0.0634284317 -0.9335095882 0.3528975546
205.0 83.5 2157.5 -0.4692114294 0.5133542418 -0.7185457945 -0.4979802072 0.5181509852 0.6953669786 0.7292848229 0.6840957403 0.0125178630
98.7 -29.4 2322.8 0.7566787601 0.2929691374 0.5844710469 0.4611690938 0.3944985569 -0.7947917581 -0.4634224176 0.8709419966 0.1634003520
-206.3 -108.2 2128.6 0.8194561005 -0.0983057767 -0.5646483302 -0.0087592853 0.9829173684 -0.1838388741 0.5730750561 0.1555937976 0.8045965433
-167.8 -493.1 2067.7 0.8155151010 0.1192995459 -0.5663062334 -0.0463307425 0.9888402224 0.1415925920 0.5768783092 -0.0892335102 0.8119413853
-81.8 -172.4 2242.6 0.8055871725 -0.1169516370 -0.5808197856 0.0889646709 0.9930871129 -0.0765717104 0.5857598186 0.0100127468 0.8104228377
-36.0 -561.5 2238.7 0.8049858212 -0.0334783196 -0.5923487544 0.1149426550 0.9882907271 0.1003477946 0.5820533037 -0.1488646865 0.7994080782
-213.6 -269.6 1995.1 0 0 0 0 0 0 0 0 0
311.7 100.4 2192.3 0 0 0 0 0 0 0 0 0
-212.8 -865.4 2101.3 0 0 0 0 0 0 0 0 0
-23.4 -933.6 2294.8 0 0 0 0 0 0 0 0 0
246.8 252.9 1989.8 52 0.6894543171 0.6790344119 -0.2521209121 -0.3980862498 0.6460174322 0.6512978077 0.6051281095 -0.3486742079 0.7157137990
112.7 125.4 2058.6 0.6894543171 0.6790344119 -0.2521209121 -0.3980862498 0.6460174322 0.6512978077 0.6051281095 -0.3486742079 0.7157137990
-17.4 -4.4 2125.6 0.6974481344 0.6657497287 -0.2652233541 -0.3903034627 0.6632709503 0.6385412216 0.6010235548 -0.3418317735 0.7224414945
13.6 181.0 1973.1 0.6963208318 -0.3356161118 -0.6344282031 0.6994875073 0.1193000004 0.7046167254 -0.1607934535 -0.9344139099 0.3178303540
-160.5 6.0 2013.3 0.2065401226 -0.3356161118 -0.9190772772 0.9771304131 0.1193000004 0.1760217994 0.0505701676 -0.9344139099 0.3525809348
211.8 69.8 2144.2 -0.4762341380 0.5854162574 -0.6561164856 -0.4309062660 0.4950563610 0.7544792891 0.7664991021 0.6420335174 0.0164967850
100.4 -30.9 2323.4 0.7566542029 0.3394063115 0.5588181615 0.4436169863 0.3613503277 -0.8201401830 -0.4802898765 0.8684637547 0.1228508502
-209.3 -103.1 2133.1 0.8424882293 -0.1033894867 -0.5287005305 0.0046913549 0.9827816486 -0.1847111434 0.5386943817 0.1531366408 0.8284670115
