7.7 482.9 1969.4 1 0.6156957150 0.1339289397 -0.7765190601 -0.0877404809 0.9909743667 0.1013480574 0.7830839157 0.0057325861 0.6218896508
-19.3 283.3 1968.2 0.6156957150 0.1339289397 -0.7765190601 -0.0877404809 0.9909743667 0.1013480574 0.7830839157 0.0057325861 0.6218896508
-38.9 86.8 1974.9 0.6193773150 0.1139545664 -0.7767793536 -0.0582692921 0.9933535457 0.0992643535 0.7829281092 -0.0162197035 0.6219006777
-103.4 292.4 1861.5 0.1640131772 -0.8827737570 -0.4402388036 0.9621145725 0.2416850477 -0.1261900067 0.2177963555 -0.4028633237 0.8889690042
-154.4 -7.0 1793.8 -0.2626848817 -0.8827737570 -0.3894960582 0.4570195079 0.2416850477 -0.8559915423 0.8497822285 -0.4028633237 0.3399578035
64.8 274.2 2074.9 0.0844671875 0.6501739025 -0.7550756335 -0.9690973163 0.2298624814 0.0895190686 0.2317665070 0.7241803408 0.6494976282
95.1 -73.0 2157.9 0.4348289967 0.6215971708 -0.6515678763 -0.9004670382 0.2928218246 -0.3215811849 -0.0091006812 0.7265481949 0.6870552301
-123.4 -104.2 1904.2 0.9869210720 -0.0915551633 0.1326818913 0.0980541408 0.9942390323 -0.0432913676 -0.1279539615 0.0557351708 0.9902127981
-87.0 -499.5 1882.1 0.9916999936 0.0000000000 0.1285735518 0.0000000000 1.0000000000 0.0000000000 -0.1285735518 0.0000000000 0.9916999936
-11.1 -116.6 2048.8 0.7017967701 -0.0985498726 -0.7055276036 -0.0032313198 0.9899343252 -0.1414907575 0.7123698592 0.1015775427 0.6944142580
28.1 -510.2 2008.5 0.7017967701 0.4262398183 -0.5707896948 -0.0032313198 0.8031429052 0.5957776308 0.7123698592 -0.4162704349 0.5650204420
-78.8 -138.5 1549.3 0 0 0 0 0 0 0 0 0
214.5 -320.4 2155.4 0 0 0 0 0 0 0 0 0
-87.0 -881.8 1882.1 0 0 0 0 0 0 0 0 0
-134.9 -817.2 2167.6 0 0 0 0 0 0 0 0 0
7.9 484.4 1970.1 2 0.5874968171 0.1318284720 -0.7984163761 -0.0741481259 0.9912604094 0.1091091707 0.8058222532 -0.0049002129 0.5921372175
-18.7 284.6 1971.1 0.5874968171 0.1318284720 -0.7984163761 -0.0741481259 0.9912604094 0.1091091707 0.8058222532 -0.0049002129 0.5921372175
-37.9 88.1 1980.2 0.5912488699 0.1113957241 -0.7987588644 -0.0435324498 0.9933791757 0.1063145325 0.8053134084 -0.0280864164 0.5921836495
-98.9 291.7 1861.4 0.1761431694 -0.8762716055 -0.4484658241 0.9593388438 0.2548909783 -0.1212416366 0.2205504924 -0.4088748097 0.8855387568
-153.3 -4.6 1793.3 -0.2644068301 -0.8762716055 -0.4027865827 0.4550245404 0.2548909783 -0.8532193303 0.8503186107 -0.4088748097 0.3313301802
61.5 277.5 2080.8 0.0791398585 0.6232313514 -0.7780228257 -0.9649691582 0.2437380254 0.0970892534 0.2501428127 0.7430844307 0.6206884384
89.9 -68.2 2170.4 0.4376525581 0.5943943262 -0.6746522188 -0.8989028931 0.3066222668 -0.3129799366 0.0208298881 0.7434232831 0.6684967875
-118.3 -105.4 1906.3 0.9924570918 -0.0716553479 0.0994707122 0.0770212486 0.9957144260 -0.0511911400 -0.0953762978 0.0584663674 0.9937227964
-89.8 -501.2 1883.1 0.9954140186 0.0000000000 0.0956604630 0.0000000000 1.0000000000 0.0000000000 -0.0956604630 0.0000000000 0.9954140186
-4.7 -116.1 2050.0 0.7417894602 -0.0804677531 -0.6657877564 -0.0146735059 0.9905902743 -0.1360722333 0.6704723239 0.1107063815 0.7336286306
27.3 -509.9 2006.0 0.7417894602 0.4092301130 -0.5312994719 -0.0146735059 0.8019503951 0.5972104073 0.6704723239 -0.4352083504 0.6008831859
-77.4 -135.1 1549.4 0 0 0 0 0 0 0 0 0
210.1 -315.2 2176.1 0 0 0 0 0 0 0 0 0
-89.8 -883.5 1883.1 0 0 0 0 0 0 0 0 0
-129.1 -816.3 2172.3 0 0 0 0 0 0 0 0 0
7.1 482.8 1970.9 3 0.5989756584 0.1415266246 -0.7881613970 -0.0927361622 0.9898949862 0.1072747186 0.7953792810 0.0088361157 0.6060476303
-21.4 283.8 1969.2 0.5989756584 0.1415266246 -0.7881613970 -0.0927361622 0.9898949862 0.1072747186 0.7953792810 0.0088361157 0.6060476303
-42.4 87.4 1975.5 0.6030536294 0.1207926571 -0.7885020375 -0.0619170032 0.9925745130 0.1047003493 0.7952940464 -0.0143182408 0.6060547829
-103.2 293.4 1860.8 0.1585479826 -0.8847403526 -0.4382888079 0.9627301097 0.2370419204 -0.1302374899 0.2191191912 -0.4013049603 0.8893486857
-152.6 -6.3 1792.6 -0.2676121294 -0.8847403526 -0.3815996647 0.4465867579 0.2370419204 -0.8627696037 0.8537821770 -0.4013049603 0.3316780329
60.4 274.1 2077.5 0.0733939260 0.6369248629 -0.7674242854 -0.9695066810 0.2259745747 0.0948275030 0.2338163704 0.7370632291 0.6340880990
86.7 -73.2 2161.3 0.4289894700 0.6087210774 -0.6674029231 -0.9033094645 0.2891215980 -0.3169237673 0.0000424222 0.7388283610 0.6738936901
-114.3 -105.4 1912.0 0.9913470745 -0.0637697652 0.1147362813 0.0728611648 0.9943754077 -0.0768685639 -0.1091890484 0.0845632479 0.9904174805
-89.0 -500.6 1878.3 0.9939889908 0.0000000000 0.1094800383 0.0000000000 1.0000000000 0.0000000000 -0.1094800383 0.0000000000 0.9939889908
-5.9 -113.3 2059.6 0.7442197204 -0.0868736655 -0.6622612476 -0.0262431391 0.9869370461 -0.1589546353 0.6674191356 0.1356769800 0.7322181463
28.6 -505.6 2005.7 0.7442197204 0.4046701193 -0.5313935876 -0.0262431391 0.8126779199 0.5821218491 0.6674191356 -0.4192811251 0.6154307723
-76.2 -133.8 1549.0 0 0 0 0 0 0 0 0 0
204.6 -321.3 2161.3 0 0 0 0 0 0 0 0 0
-89.0 -882.9 1878.3 0 0 0 0 0 0 0 0 0
-126.0 -816.2 2165.9 0 0 0 0 0 0 0 0 0
6.1 482.8 1969.9 4 0.5989250541 0.1429716200 -0.7879390121 -0.0924781784 0.9896990061 0.1092868447 0.7954473495 0.0074125309 0.6059773564
-22.6 284.0 1968.4 0.5989250541 0.1429716200 -0.7879390121 -0.0924781784 0.9896990061 0.1092868447 0.7954473495 0.0074125309 0.6059773564
-44.2 87.6 1974.7 0.6027731299 0.1234223023 -0.7883092761 -0.0638489574 0.9922571182 0.1065320745 0.7953539491 -0.0138819441 0.6059862971
-104.4 293.9 1860.0 0.1525377482 -0.8794188499 -0.4509486854 0.9622730613 0.2361805290 -0.1350899786 0.2253059745 -0.4133294523 0.8822675347
-151.7 -4.7 1790.1 -0.2747960389 -0.8794188499 -0.3887282014 0.4571357369 0.2361805290 -0.8574646711 0.8458806276 -0.4133294523 0.3371123075
59.2 274.1 2076.7 0.0707930923 0.6374148726 -0.7672617435 -0.9697961807 0.2239764631 0.0965916291 0.2334175259 0.7372494936 0.6340184808
84.5 -73.3 2160.3 0.4265963137 0.6093781590 -0.6683366299 -0.9044421315 0.2871972024 -0.3154397607 -0.0002776888 0.7390372753 0.6736645103
-121.8 -104.3 1905.5 0.9898189306 -0.0868606493 0.1127552092 0.0935694575 0.9940574765 -0.0556279346 -0.1072532758 0.0656120256 0.9920644164
-87.3 -499.2 1879.4 0.9941806197 0.0000000000 0.1077258959 0.0000000000 1.0000000000 0.0000000000 -0.1077258959 0.0000000000 0.9941806197
-11.2 -115.6 2051.3 0.7213761210 -0.0911022201 -0.6865252256 -0.0074504339 0.9902316332 -0.1392328590 0.6925033927 0.1055541784 0.7136507034
25.0 -509.1 2009.4 0.7213761210 0.3974305391 -0.5671555400 -0.0074504339 0.8233519793 0.5674821734 0.6925033927 -0.4051425457 0.5969074965
-73.4 -135.0 1549.0 0 0 0 0 0 0 0 0 0
201.7 -321.8 2160.3 0 0 0 0 0 0 0 0 0
-87.3 -881.6 1879.4 0 0 0 0 0 0 0 0 0
-126.9 -823.7 2164.2 0 0 0 0 0 0 0 0 0
6.1 482.9 1969.3 5 0.6034598947 0.1429474801 -0.7844757438 -0.0925554484 0.9897072911 0.1091463417 0.7920035720 0.0067420597 0.6104792356
-22.6 284.2 1968.0 0.6034598947 0.1429474801 -0.7844757438 -0.0925554484 0.9897072911 0.1091463417 0.7920035720 0.0067420597 0.6104792356
-44.2 87.8 1974.7 0.6074248552 0.1239871830 -0.7846414447 -0.0631176159 0.9921544194 0.1079158112 0.7918656468 -0.0160260461 0.6104850173
-105.1 294.0 1860.1 0.1489735693 -0.8758594394 -0.4589957595 0.9619573951 0.2358645201 -0.1378616840 0.2290082723 -0.4209966362 0.8776770830
-151.2 -4.2 1789.1 -0.2805809081 -0.8758594394 -0.3926125169 0.4608789086 0.2358645201 -0.8555457592 0.8419412374 -0.4209966362 0.3374860585
59.8 274.4 2075.9 0.0715379268 0.6419106722 -0.7634350061 -0.9695100784 0.2246018946 0.0980012789 0.2343770266 0.7331471443 0.6384063959
85.5 -72.9 2159.8 0.4259953797 0.6139263511 -0.6645467281 -0.9047240615 0.2878436744 -0.3140388131 -0.0015111204 0.7350105047 0.6780540347
-124.0 -103.8 1904.5 0.9885094762 -0.0940989032 0.1182981133 0.1007023975 0.9936019778 -0.0511285849 -0.1127300933 0.0624539927 0.9916609526
-86.6 -498.7 1879.7 0.9935601354 0.0000000000 0.1133060753 0.0000000000 1.0000000000 0.0000000000 -0.1133060753 0.0000000000 0.9935601354
-13.4 -115.5 2050.4 0.6976656318 -0.0988207161 -0.7095752954 -0.0020757685 0.9901581407 -0.1399376988 0.7164204717 0.0991026387 0.6905941963
25.9 -509.0 2011.0 0.6976656318 0.4031383395 -0.5922348499 -0.0020757685 0.8277886510 0.5610361695 0.7164204717 -0.3901863396 0.5783565640
-71.1 -135.9 1548.5 0 0 0 0 0 0 0 0 0
202.5 -321.5 2159.4 0 0 0 0 0 0 0 0 0
-86.6 -881.0 1879.7 0 0 0 0 0 0 0 0 0
-128.2 -825.4 2160.1 0 0 0 0 0 0 0 0 0
9.5 484.4 1969.0 6 0.6062545180 0.1500867456 -0.7809797525 -0.0961855203 0.9886591434 0.1153317019 0.7894325852 0.0051985839 0.6138152480
-20.6 285.7 1968.0 0.6062545180 0.1500867456 -0.7809797525 -0.0961855203 0.9886591434 0.1153317019 0.7894325852 0.0051985839 0.6138152480
-43.7 89.5 1974.8 0.6102966070 0.1313152164 -0.7812134027 -0.0677465498 0.9912040234 0.1136881188 0.7892708182 -0.0164589658 0.6138246059
-103.5 296.1 1860.5 0.1521828324 -0.8763532043 -0.4569960535 0.9625254869 0.2364237309 -0.1328476220 0.2244661599 -0.4196532369 0.8794919848
-151.0 -4.5 1790.3 -0.2797773182 -0.8763532043 -0.3920837641 0.4593519866 0.2364237309 -0.8562123179 0.8430423737 -0.4196532369 0.3364085853
62.2 275.3 2075.6 0.0652994588 0.6466777921 -0.7599630356 -0.9700462818 0.2197151631 0.1036121696 0.2339790910 0.7304335237 0.6416546702
85.6 -72.2 2159.4 0.4192247093 0.6191741228 -0.6639834642 -0.9078761339 0.2831636667 -0.3091590405 -0.0034073102 0.7324218154 0.6808426380
-124.6 -103.6 1905.2 0.9879747033 -0.0947580263 0.1221757010 0.1017934456 0.9934099317 -0.0526764877 -0.1163790375 0.0644797236 0.9911096096
-86.9 -498.5 1879.6 0.9931334853 0.0000000000 0.1169867143 0.0000000000 1.0000000000 0.0000000000 -0.1169867143 0.0000000000 0.9931334853
-13.2 -115.2 2050.5 0.7116421461 -0.1012430489 -0.6952087879 -0.0010746220 0.9894037247 -0.1451865882 0.7025412917 0.1040679812 0.7039926052
27.1 -508.5 2009.2 0.7116421461 0.4061193168 -0.5732648373 -0.0010746220 0.8166146874 0.5771822333 0.7025412917 -0.4101311564 0.5815738440
-71.0 -135.8 1549.4 0 0 0 0 0 0 0 0 0
200.8 -321.6 2158.4 0 0 0 0 0 0 0 0 0
-86.9 -880.9 1879.6 0 0 0 0 0 0 0 0 0
-128.1 -820.6 2165.9 0 0 0 0 0 0 0 0 0
9.1 482.7 1968.9 7 0.6118646860 0.1447452009 -0.7776055932 -0.0936196744 0.9894554019 0.1105140671 0.7854024172 0.0051795263 0.6189637780
-20.0 283.6 1967.9 0.6118646860 0.1447452009 -0.7776055932 -0.0936196744 0.9894554019 0.1105140671 0.7854024172 0.0051795263 0.6189637780
-41.6 87.3 1974.8 0.6159999371 0.1236500293 -0.7779812217 -0.0630880743 0.9921752810 0.1077407226 0.7852159142 -0.0172869433 0.6189807653
-103.7 293.4 1860.9 0.1549573094 -0.8706524968 -0.4668537378 0.9607791901 0.2428208739 -0.1339452416 0.2299816012 -0.4277875721 0.8741317391
-151.4 -2.8 1790.0 -0.2827503383 -0.8706524968 -0.4025126398 0.4645849466 0.2428208739 -0.8515861034 0.8391740322 -0.4277875721 0.3358343542
63.6 273.8 2074.9 0.0742316470 0.6498007178 -0.7564712167 -0.9695183635 0.2246417999 0.0978272036 0.2335032523 0.7261508703 0.6466692686
90.2 -73.5 2158.5 0.4260958731 0.6218283772 -0.6570934653 -0.9046566486 0.2878789902 -0.3142005801 -0.0062154341 0.7283235192 0.6852052212
-125.8 -101.3 1905.7 0.9866694212 -0.0986536518 0.1294252127 0.1064457595 0.9928116202 -0.0547211058 -0.1230964214 0.0677684098 0.9900781512
-86.6 -496.0 1878.7 0.9923072457 0.0000000000 0.1237997860 0.0000000000 1.0000000000 0.0000000000 -0.1237997860 0.0000000000 0.9923072457
-13.8 -113.7 2050.5 0.7671562433 -0.0978002772 -0.6339609027 0.0019293680 0.9886562228 -0.1501839012 0.6414574385 0.1139913723 0.7586424351
25.1 -506.8 2005.2 0.7671562433 0.3747437894 -0.5206134915 0.0019293680 0.8102550507 0.5860742331 0.6414574385 -0.4506149590 0.6208691597
-70.3 -136.1 1549.2 0 0 0 0 0 0 0 0 0
207.2 -322.0 2156.8 0 0 0 0 0 0 0 0 0
-86.6 -878.3 1878.7 0 0 0 0 0 0 0 0 0
-118.0 -816.1 2177.2 0 0 0 0 0 0 0 0 0
9.0 480.8 1969.3 8 0.6183620095 0.1515807658 -0.7711366415 -0.1042948589 0.9883719683 0.1106499285 0.7789422274 0.0120038781 0.6269807816
-21.5 282.1 1966.9 0.6183620095 0.1515807658 -0.7711366415 -0.1042948589 0.9883719683 0.1106499285 0.7789422274 0.0120038781 0.6269807816
-44.0 85.9 1972.3 0.6227203012 0.1286876053 -0.7717894316 -0.0735047311 0.9916415811 0.1060381085 0.7789842486 -0.0093019055 0.6269744635
-106.0 293.3 1860.8 0.1442532241 -0.8787330985 -0.4549935758 0.9641886950 0.2282314599 -0.1350946724 0.2225560099 -0.4192118049 0.8801876307
-150.7 -5.4 1791.8 -0.2803061306 -0.8787330985 -0.3863374591 0.4641242325 0.2282314599 -0.8558616042 0.8402482867 -0.4192118049 0.3438666463
63.0 270.9 2073.1 0.0712528452 0.6574944258 -0.7500827312 -0.9720009565 0.2145795375 0.0957587957 0.2239132822 0.7222580314 0.6543745995
88.5 -77.3 2153.3 0.4212750196 0.6298746467 -0.6525222659 -0.9067466259 0.2779374421 -0.3171140254 -0.0183817167 0.7252646089 0.6882247925
-122.7 -104.2 1906.2 0.9865981340 -0.0876498371 0.1376284361 0.0965967327 0.9935302734 -0.0597216114 -0.1315034181 0.0722156912 0.9886817932
-87.8 -499.2 1877.5 0.9912335873 0.0000000000 0.1321212798 0.0000000000 1.0000000000 0.0000000000 -0.1321212798 0.0000000000 0.9912335873
-9.6 -115.8 2050.3 0.7340531349 -0.0855208933 -0.6736855507 -0.0085238330 0.9908001423 -0.1350645870 0.6790385246 0.1048869640 0.7265709639
24.4 -509.6 2008.6 0.7340531349 0.4010677636 -0.5480060577 -0.0085238330 0.8123467565 0.5831124187 0.6790385246 -0.4233643711 0.5997242928
-70.1 -138.9 1550.2 0 0 0 0 0 0 0 0 0
204.3 -326.4 2148.2 0 0 0 0 0 0 0 0 0
-87.8 -881.5 1877.5 0 0 0 0 0 0 0 0 0
-128.7 -819.8 2170.2 0 0 0 0 0 0 0 0 0
8.4 483.1 1969.1 9 0.6123678088 0.1455038041 -0.7770677805 -0.0953896418 0.9893348813 0.1100784913 0.7847971320 0.0067157000 0.6197163463
-20.8 284.2 1967.7 0.6123678088 0.1455038041 -0.7770677805 -0.0953896418 0.9893348813 0.1100784913 0.7847971320 0.0067157000 0.6197163463
-42.4 87.8 1974.1 0.6164230704 0.1238764450 -0.7776099443 -0.0655594245 0.9921929240 0.1060904488 0.7846812010 -0.0144169433 0.6197318435
-104.5 294.3 1860.8 0.1481674165 -0.8767423034 -0.4575689137 0.9642968178 0.2307668924 -0.1299164891 0.2194950432 -0.4219828546 0.8796319962
-150.6 -5.6 1792.5 -0.2805744112 -0.8767423034 -0.3906416297 0.4672144055 0.2307668924 -0.8534971476 0.8384442329 -0.4219828546 0.3448793590
62.9 274.1 2074.6 0.0741312727 0.6502593756 -0.7560868263 -0.9702233672 0.2223361731 0.0960898697 0.2305887938 0.7264498472 0.6473788619
89.4 -73.5 2157.2 0.4258770645 0.6223032475 -0.6567856073 -0.9047349095 0.2855732441 -0.3160737455 -0.0091333119 0.7288254499 0.6846386194
-126.7 -104.5 1902.7 0.9865820408 -0.1010544598 0.1282337755 0.1069467217 0.9934634566 -0.0399099290 -0.1233624816 0.0530886017 0.9909406304
-86.5 -499.4 1881.6 0.9922729731 0.0000000000 0.1240740791 0.0000000000 1.0000000000 0.0000000000 -0.1240740791 0.0000000000 0.9922729731
-12.4 -118.0 2045.6 0.7011806965 -0.0911104009 -0.7071382403 0.0016753111 0.9920093417 -0.1261530966 0.7129816413 0.0872714370 0.6957304478
23.8 -512.3 2010.9 0.7011806965 0.4067036510 -0.5856088996 0.0016753111 0.8204076290 0.5717766285 0.7129816413 -0.4018998146 0.5745726228
-69.7 -140.2 1551.0 0 0 0 0 0 0 0 0 0
206.4 -322.1 2154.7 0 0 0 0 0 0 0 0 0
-86.5 -881.7 1881.6 0 0 0 0 0 0 0 0 0
-131.6 -825.7 2164.4 0 0 0 0 0 0 0 0 0
8.6 482.2 1970.4 0 0.6119796634 0.1449618191 -0.7774747610 -0.0972746238 0.9893907309 0.1079054847 0.7848684788 0.0095925974 0.6195881367
-20.5 283.5 1968.5 0.6119796634 0.1449618191 -0.7774747610 -0.0972746238 0.9893907309 0.1079054847 0.7848684788 0.0095925974 0.6195881367
-41.6 87.1 1974.6 0.6163014174 0.1217634007 -0.7780399919 -0.0651623607 0.9924711585 0.1037054732 0.7848097682 -0.0132149104 0.6195958257
-104.1 293.6 1861.6 0.1499919891 -0.8741688132 -0.4618779719 0.9637236595 0.2335854173 -0.1291299015 0.2207692862 -0.4257542789 0.8774931431
-150.7 -5.3 1793.1 -0.2808015049 -0.8741688132 -0.3962062299 0.4721592069 0.2335854173 -0.8500020504 0.8355933428 -0.4257542789 0.3471557200
63.2 273.5 2075.4 0.0761253089 0.6495425105 -0.7565047741 -0.9703322053 0.2228727341 0.0937184915 0.2294784337 0.7269265652 0.6472383142
90.4 -74.1 2157.6 0.4278099835 0.6214507818 -0.6563364863 -0.9038128257 0.2860471904 -0.3182756305 -0.0100494083 0.7293668389 0.6840490103
-123.6 -103.4 1905.0 0.9876852036 -0.0887126997 0.1288719475 0.0958076045 0.9941469431 -0.0499278121 -0.1236884221 0.0616598725 0.9904035926
-88.3 -498.6 1880.5 0.9922496676 0.0000000000 0.1242600381 0.0000000000 1.0000000000 0.0000000000 -0.1242600381 0.0000000000 0.9922496676
-10.5 -115.4 2049.0 0.6954187155 -0.0961938724 -0.7121373415 -0.0048645386 0.9903470874 -0.1385241449 0.7185883522 0.0997965038 0.6882379651
27.8 -509.1 2009.3 0.6954187155 0.4226050675 -0.5812037587 -0.0048645386 0.8115446568 0.5842701197 0.7185883522 -0.4034850895 0.5664191246
-69.8 -141.3 1552.4 0 0 0 0 0 0 0 0 0
208.0 -322.4 2154.9 0 0 0 0 0 0 0 0 0
-88.3 -880.9 1880.5 0 0 0 0 0 0 0 0 0
-133.7 -819.2 2163.4 0 0 0 0 0 0 0 0 0
8.9 480.3 1970.6 1 0.6153293848 0.1448912323 -0.7748395205 -0.0980798155 0.9893962145 0.1071234047 0.7821445465 0.0100799324 0.6230155230
-20.1 281.7 1968.6 0.6153293848 0.1448912323 -0.7748395205 -0.0980798155 0.9893962145 0.1071234047 0.7821445465 0.0100799324 0.6230155230
-41.8 85.4 1974.5 0.6194280386 0.1243019402 -0.7751502991 -0.0679093748 0.9921682477 0.1048357561 0.7821107507 -0.0122982347 0.6230180860
-104.2 292.2 1862.0 0.1501157433 -0.8733809590 -0.4633260071 0.9633498788 0.2345921099 -0.1300904453 0.2223111540 -0.4268164337 0.8765873909
-150.6 -5.6 1793.3 -0.2816131711 -0.8733809590 -0.3973660171 0.4717555046 0.2345921099 -0.8499490023 0.8355481625 -0.4268164337 0.3459580541
63.9 271.3 2075.2 0.0745528564 0.6531782746 -0.7535250187 -0.9708595872 0.2201217264 0.0947524980 0.2277574986 0.7245029807 0.6505551338
90.7 -76.5 2156.7 0.4253986180 0.6252623796 -0.6542804837 -0.9049105048 0.2833656669 -0.3175545633 -0.0131542943 0.7271525860 0.6863498688
-122.4 -104.2 1905.3 0.9873592854 -0.0867423639 0.1326550543 0.0939111337 0.9943856597 -0.0487630889 -0.1276804507 0.0606044754 0.9899620414
-87.9 -499.5 1881.2 0.9917422533 0.0000000000 0.1282472312 0.0000000000 1.0000000000 0.0000000000 -0.1282472312 0.0000000000 0.9917422533
-9.3 -116.1 2049.3 0.6851876974 -0.0897141844 -0.7228202820 -0.0098401606 0.9911546111 -0.1323468387 0.7283000946 0.0977950990 0.6782441735
26.4 -510.2 2010.4 0.6851876974 0.4315862656 -0.5867291689 -0.0098401606 0.8109526038 0.5850291252 0.7283000946 -0.3950812519 0.5599015951
-69.6 -141.3 1552.9 0 0 0 0 0 0 0 0 0
207.5 -325.1 2153.1 0 0 0 0 0 0 0 0 0
-87.9 -881.8 1881.2 0 0 0 0 0 0 0 0 0
-138.6 -820.1 2161.4 0 0 0 0 0 0 0 0 0
10.3 480.2 1970.2 2 0.6314058304 0.1508148015 -0.7606455088 -0.1027218029 0.9885278344 0.1107289642 0.7686188221 0.0082199629 0.6396542192
-20.0 281.8 1968.5 0.6314058304 0.1508148015 -0.7606455088 -0.1027218029 0.9885278344 0.1107289642 0.7686188221 0.0082199629 0.6396542192
-42.3 85.5 1974.6 0.6357918382 0.1278692484 -0.7611952424 -0.0715566874 0.9916998744 0.1068224758 0.7685365081 -0.0134482458 0.6396645308
-106.3 292.8 1863.8 0.1422739923 -0.8774117827 -0.4581557512 0.9637994766 0.2282465547 -0.1378190964 0.2254965752 -0.4219622016 0.8781225681
-150.5 -6.3 1793.8 -0.2808242738 -0.8774117827 -0.3889554143 0.4687618017 0.2282465547 -0.8533263803 0.8374963403 -0.4219622016 0.3471999466
66.3 270.9 2073.3 0.0756425187 0.6694192290 -0.7390237451 -0.9715052247 0.2164344043 0.0966115743 0.2246238142 0.7106574774 0.6667159200
93.4 -77.2 2153.7 0.4214942753 0.6418128610 -0.6406394243 -0.9065223932 0.2797812223 -0.3161323369 -0.0236589201 0.7140018940 0.6997438669
-123.3 -105.6 1905.2 0.9842152596 -0.0884880126 0.1532650739 0.0965794697 0.9942541122 -0.0461645834 -0.1482994258 0.0602381490 0.9871062040
-88.1 -500.9 1881.3 0.9888377786 0.0000000000 0.1489959359 0.0000000000 1.0000000000 0.0000000000 -0.1489959359 0.0000000000 0.9888377786
-9.6 -118.1 2048.7 0.7063378692 -0.0885442495 -0.7023152709 -0.0068201846 0.9912487864 -0.1318307221 0.7078419924 0.0979069546 0.6995526552
25.6 -512.2 2009.8 0.7063378692 0.4202349484 -0.5696396828 -0.0068201846 0.8087208271 0.5881531239 0.7078419924 -0.4115498066 0.5740962029
-69.5 -141.5 1552.3 0 0 0 0 0 0 0 0 0
209.2 -326.2 2147.2 0 0 0 0 0 0 0 0 0
-88.1 -883.3 1881.3 0 0 0 0 0 0 0 0 0
-135.0 -821.3 2167.1 0 0 0 0 0 0 0 0 0
9.3 481.5 1970.0 3 0.6256700754 0.1458594203 -0.7663302422 -0.0964454785 0.9892907739 0.1095537171 0.7741028666 0.0053646066 0.6330370903
-20.0 282.7 1968.9 0.6256700754 0.1458594203 -0.7663302422 -0.0964454785 0.9892907739 0.1095537171 0.7741028666 0.0053646066 0.6330370903
-41.4 86.4 1975.7 0.6298857331 0.1234069616 -0.7668211460 -0.0654226616 0.9922178984 0.1059409901 0.7739275098 -0.0165632386 0.6330575347
-105.5 292.8 1863.4 0.1475382745 -0.8726181388 -0.4655857086 0.9623286724 0.2353464514 -0.1361452043 0.2283767313 -0.4279598594 0.8744680882
-151.1 -4.9 1792.8 -0.2808597982 -0.8726181388 -0.3995689750 0.4750613272 0.2353464514 -0.8478966951 0.8339271545 -0.4279598594 0.3484477699
65.5 272.6 2074.4 0.0782972276 0.6626534462 -0.7448221445 -0.9702049494 0.2224789709 0.0959451869 0.2292856723 0.7151178718 0.6603291035
93.6 -74.9 2156.5 0.4258404374 0.6347296238 -0.6448087096 -0.9046483040 0.2857103944 -0.3161976635 -0.0164714586 0.7179748416 0.6958740950
-126.0 -105.1 1906.8 0.9843978286 -0.0972331837 0.1466512829 0.1060282737 0.9929292798 -0.0533806160 -0.1404239833 0.0680969432 0.9877468944
-87.3 -499.8 1879.8 0.9899782538 0.0000000000 0.1412200183 0.0000000000 1.0000000000 0.0000000000 -0.1412200183 0.0000000000 0.9899782538
-9.4 -118.2 2047.8 0.7024329901 -0.0894261003 -0.7061096430 -0.0046920152 0.9914722443 -0.1302337646 0.7117344141 0.0947935656 0.6960232258
26.2 -512.4 2010.1 0.7024329901 0.4206554592 -0.5741401315 -0.0046920152 0.8093791604 0.5872676969 0.7117344141 -0.4098223448 0.5705083609
-70.3 -141.6 1552.9 0 0 0 0 0 0 0 0 0
210.6 -323.5 2152.0 0 0 0 0 0 0 0 0 0
-87.3 -882.2 1879.8 0 0 0 0 0 0 0 0 0
-134.6 -821.8 2166.8 0 0 0 0 0 0 0 0 0
9.5 478.5 1969.4 4 0.6114101410 0.1456327140 -0.7777973413 -0.0926779136 0.9893329740 0.1123879328 0.7858679295 0.0033695151 0.6183851957
-19.7 279.9 1968.7 0.6114101410 0.1456327140 -0.7777973413 -0.0926779136 0.9893329740 0.1123879328 0.7858679295 0.0033695151 0.6183851957
-41.5 83.7 1976.1 0.6155633330 0.1251733005 -0.7780832052 -0.0622925386 0.9919446707 0.1102966815 0.7856217027 -0.0194258150 0.6184021235
-103.3 289.6 1861.7 0.1549639553 -0.8718407750 -0.4646287262 0.9622559547 0.2397065163 -0.1288575828 0.2237178236 -0.4271234572 0.8760798573
-150.8 -5.5 1793.0 -0.2789972723 -0.8718407750 -0.4025595486 0.4736937582 0.2397065163 -0.8474402428 0.8353291154 -0.4271234572 0.3461080790
63.8 270.3 2075.8 0.0726492703 0.6498292089 -0.7566003203 -0.9691120386 0.2252541035 0.1004115641 0.2356777042 0.7259356380 0.6461218596
89.9 -76.9 2160.2 0.4247157872 0.6219525933 -0.6578688622 -0.9053177834 0.2885386050 -0.3116813004 -0.0040304246 0.7279563546 0.6856116056
-123.7 -104.9 1908.0 0.9876782298 -0.0878545642 0.1295118779 0.0961260721 0.9936159253 -0.0590519905 -0.1234970838 0.0707738325 0.9898179173
-88.8 -499.9 1879.8 0.9922732711 0.0000000000 0.1240716428 0.0000000000 1.0000000000 0.0000000000 -0.1240716428 0.0000000000 0.9922732711
-8.1 -116.9 2050.0 0.7070999742 -0.0856342316 -0.7019090652 -0.0065428247 0.9918050170 -0.1275932789 0.7070832849 0.0948136821 0.7007449865
25.9 -511.2 2012.3 0.7070999742 0.4153247178 -0.5722892284 -0.0065428247 0.8131396770 0.5820318460 0.7070832849 -0.4078103304 0.5776884556
-70.6 -141.6 1553.0 0 0 0 0 0 0 0 0 0
206.5 -325.6 2159.1 0 0 0 0 0 0 0 0 0
-88.8 -882.2 1879.8 0 0 0 0 0 0 0 0 0
-132.8 -822.1 2168.2 0 0 0 0 0 0 0 0 0
9.9 479.5 1969.6 5 0.6327148676 0.1467358917 -0.7603555322 -0.0984731466 0.9891578555 0.1089484319 0.7680982947 0.0059413067 0.6403043866
-19.5 280.8 1968.4 0.6327148676 0.1467358917 -0.7603555322 -0.0984731466 0.9891578555 0.1089484319 0.7680982947 0.0059413067 0.6403043866
-41.2 84.5 1975.1 0.6369513869 0.1250677258 -0.7606911063 -0.0675928667 0.9920123219 0.1065022871 0.7679349780 -0.0164194889 0.6403173208
-106.0 291.2 1863.8 0.1488671005 -0.8816414475 -0.4478246570 0.9638400674 0.2305909991 -0.1335668117 0.2210223824 -0.4117476344 0.8840888143
-151.8 -5.4 1795.7 -0.2746537626 -0.8816414475 -0.3837624788 0.4587909877 0.2305909991 -0.8581017852 0.8450302482 -0.4117476344 0.3411564529
66.9 270.4 2073.0 0.0786506459 0.6696977019 -0.7384572029 -0.9706480503 0.2203259915 0.0964303911 0.2272805274 0.7091977596 0.6673695445
95.1 -77.3 2154.4 0.4240076542 0.6419178247 -0.6388732195 -0.9054005146 0.2836043835 -0.3159406483 -0.0216206890 0.7123973966 0.7014431357
-122.9 -107.8 1907.9 0.9838234782 -0.0881289244 0.1559638232 0.0980281979 0.9935529828 -0.0569470450 -0.1499396414 0.0713146925 0.9861198068
-87.9 -502.9 1879.5 0.9885848165 0.0000000000 0.1506652981 0.0000000000 1.0000000000 0.0000000000 -0.1506652981 0.0000000000 0.9885848165
-10.0 -119.3 2052.0 0.6894890666 -0.0875542089 -0.7189847827 -0.0028595286 0.9923301339 -0.1235829964 0.7242904305 0.0872650817 0.6839504242
24.9 -513.8 2017.3 0.6894890666 0.4097509980 -0.5972511768 -0.0028595286 0.8261288404 0.5634739995 0.7242904305 -0.3868013024 0.5707784891
-72.7 -137.5 1552.4 0 0 0 0 0 0 0 0 0
211.6 -326.0 2148.5 0 0 0 0 0 0 0 0 0
-87.9 -885.2 1879.5 0 0 0 0 0 0 0 0 0
-131.7 -829.5 2165.1 0 0 0 0 0 0 0 0 0
9.9 478.4 1970.2 6 0.6378991604 0.1505857855 -0.7552539706 -0.1063396707 0.9885255694 0.1072803587 0.7627427578 0.0118794059 0.6465928555
-20.4 279.6 1967.8 0.6378991604 0.1505857855 -0.7552539706 -0.1063396707 0.9885255694 0.1072803587 0.7627427578 0.0118794059 0.6465928555
-42.7 83.3 1973.6 0.6425024867 0.1283720285 -0.7554542422 -0.0736629441 0.9916489720 0.1058586389 0.7627347708 -0.0123654567 0.6465932131
-107.6 290.8 1863.9 0.1486043334 -0.8841899633 -0.4428598583 0.9647904634 0.2279088795 -0.1312891841 0.2170162797 -0.4077568352 0.8869263530
-153.0 -4.2 1797.5 -0.2739661634 -0.8841899633 -0.3783525229 0.4540051818 0.2279088795 -0.8613575697 0.8478336334 -0.4077568352 0.3389874995
66.8 268.3 2071.7 0.0770077258 0.6757998466 -0.7330514193 -0.9720508456 0.2144361287 0.0955737531 0.2217814326 0.7052032948 0.6734250188
94.4 -79.9 2151.2 0.4206964076 0.6482641101 -0.6346402168 -0.9067250490 0.2777921855 -0.3173030615 -0.0293980800 0.7089323997 0.7046634555
-124.5 -106.5 1907.9 0.9823859334 -0.0921665207 0.1625520587 0.1022801250 0.9932356477 -0.0549699515 -0.1563861072 0.0706275553 0.9851675630
-87.9 -501.4 1879.8 0.9875651002 0.0000000000 0.1572105885 0.0000000000 1.0000000000 0.0000000000 -0.1572105885 0.0000000000 0.9875651002
-7.7 -118.9 2048.7 0.7032523155 -0.0839511305 -0.7059662938 -0.0027705319 0.9926723838 -0.1208051369 0.7109349370 0.0869123936 0.6978665590
25.7 -513.6 2014.2 0.7032523155 0.4127857685 -0.5788299441 -0.0027705319 0.8157601357 0.5783836842 0.7109349370 -0.4051460028 0.5748288631
-73.9 -135.4 1552.5 0 0 0 0 0 0 0 0 0
210.0 -329.0 2143.1 0 0 0 0 0 0 0 0 0
-87.9 -883.8 1879.8 0 0 0 0 0 0 0 0 0
-132.1 -825.4 2169.0 0 0 0 0 0 0 0 0 0
9.8 477.2 1969.5 7 0.6420707107 0.1526475996 -0.7512947917 -0.1077799350 0.9882172346 0.1086745858 0.7590314150 0.0111977328 0.6509577036
-20.8 278.8 1967.2 0.6420707107 0.1526475996 -0.7512947917 -0.1077799350 0.9882172346 0.1086745858 0.7590314150 0.0111977328 0.6509577036
-43.3 82.5 1973.2 0.6468126774 0.1294485778 -0.7515826225 -0.0745014548 0.9915010333 0.1066548228 0.7590012550 -0.0129916975 0.6509595513
-108.6 290.1 1863.8 0.1548775434 -0.8768455386 -0.4551427364 0.9633177519 0.2362386286 -0.1273194104 0.2191617489 -0.4187281430 0.8812689185
-155.8 -3.4 1797.0 -0.2812784314 -0.8768455386 -0.3899030387 0.4542577267 0.2362386286 -0.8589768410 0.8453001380 -0.4187281430 0.3318650126
67.0 267.4 2070.7 0.0771602690 0.6801112294 -0.7290370464 -0.9721667171 0.2135659009 0.0963406786 0.2212198228 0.7013118863 0.6776602864
94.6 -80.8 2149.9 0.4194675386 0.6526709795 -0.6309259534 -0.9072085023 0.2769533694 -0.3166537583 -0.0319336429 0.7052073479 0.7082815766
-127.2 -107.1 1906.1 0.9807466269 -0.1012028530 0.1670150459 0.1098321155 0.9930090904 -0.0432423912 -0.1614712030 0.0607534423 0.9850056171
-87.0 -501.9 1882.0 0.9867160916 0.0000000000 0.1624540240 0.0000000000 1.0000000000 0.0000000000 -0.1624540240 0.0000000000 0.9867160916
-9.3 -120.6 2046.1 0.6949722171 -0.0828276724 -0.7142500877 0.0022157994 0.9935851693 -0.1130646393 0.7190331817 0.0769941434 0.6906976104
23.6 -515.7 2015.5 0.6949722171 0.4126905501 -0.5888124704 0.0022157994 0.8176577687 0.5757003427 0.7190331817 -0.4014004469 0.5673350096
-74.8 -134.2 1553.6 0 0 0 0 0 0 0 0 0
209.9 -330.1 2141.1 0 0 0 0 0 0 0 0 0
-87.0 -884.2 1882.0 0 0 0 0 0 0 0 0 0
-134.1 -828.2 2168.9 0 0 0 0 0 0 0 0 0
10.1 477.1 1969.1 8 0.6109126806 0.1549464762 -0.7763873339 -0.0958103091 0.9879228473 0.1217735335 0.7858791947 -0.0000070851 0.6183800697
-21.0 279.2 1969.1 0.6109126806 0.1549464762 -0.7763873339 -0.0958103091 0.9879228473 0.1217735335 0.7858791947 -0.0000070851 0.6183800697
-44.6 83.2 1976.9 0.6152465343 0.1340848655 -0.7768480778 -0.0661414042 0.9907344580 0.1186193600 0.7855551839 -0.0215983335 0.6184145212
-104.4 289.4 1862.1 0.1713591218 -0.8662484288 -0.4693076313 0.9613421559 0.2512328029 -0.1127091721 0.2155396193 -0.4318514764 0.8758121729
-157.2 -6.8 1795.7 -0.2894589007 -0.8662484288 -0.4072188139 0.4521511793 0.2512328029 -0.8558278680 0.8436663151 -0.4318514764 0.3189536929
62.5 269.1 2076.1 0.0640090182 0.6520773768 -0.7554455400 -0.9692182541 0.2209565639 0.1086008996 0.2377368361 0.7252401710 0.6461485028
85.4 -78.2 2161.3 0.4165531993 0.6247718334 -0.6604116559 -0.9091086388 0.2844934762 -0.3042778075 -0.0022213999 0.7271338105 0.6864921451
-128.4 -107.8 1906.2 0.9862588048 -0.1045356318 0.1279289722 0.1105205640 0.9930444360 -0.0405956507 -0.1227954552 0.0541765988 0.9909521341
-86.9 -502.6 1884.6 0.9923380613 0.0000000000 0.1235523522 0.0000000000 1.0000000000 0.0000000000 -0.1235523522 0.0000000000 0.9923380613
-9.7 -121.4 2045.4 0.7125306129 -0.0847628340 -0.6965022683 0.0024109990 0.9929659963 -0.1183753535 0.7016369104 0.0826667994 0.7077230215
24.0 -516.2 2012.5 0.7125306129 0.4118901193 -0.5680199862 0.0024109990 0.8081170917 0.5890169144 0.7016369104 -0.4210620522 0.5748150945
-74.2 -136.5 1553.8 0 0 0 0 0 0 0 0 0
199.8 -327.9 2160.7 0 0 0 0 0 0 0 0 0
-86.9 -884.9 1884.6 0 0 0 0 0 0 0 0 0
-133.5 -825.1 2173.5 0 0 0 0 0 0 0 0 0
9.5 478.4 1969.5 9 0.6331568956 0.1495337486 -0.7594419122 -0.0972856134 0.9887546301 0.1135769933 0.7678853273 0.0019707140 0.6405843496
-20.5 280.1 1969.1 0.6331568956 0.1495337486 -0.7594419122 -0.0972856134 0.9887546301 0.1135769933 0.7678853273 0.0019707140 0.6405843496
-42.8 83.9 1976.3 0.6373910904 0.1277978122 -0.7598686218 -0.0670501143 0.9916085005 0.1105299741 0.7676176429 -0.0195015427 0.6406112909
-107.0 290.4 1864.5 0.1604451686 -0.8701633811 -0.4659110308 0.9620007277 0.2435126901 -0.1235159561 0.2209343016 -0.4283891916 0.8761681914
-157.0 -9.4 1795.6 -0.2900252938 -0.8701633811 -0.3983730376 0.4497384131 0.2435126901 -0.8593235612 0.8447607160 -0.4283891916 0.3207210302
66.0 269.8 2073.6 0.0761515945 0.6708855629 -0.7376405001 -0.9701753259 0.2205993235 0.1004778221 0.2301321179 0.7079890370 0.6676756144
93.3 -77.7 2156.1 0.4214836955 0.6432834864 -0.6391696930 -0.9066317677 0.2839637101 -0.3120631874 -0.0192440972 0.7110210657 0.7029073238
-127.7 -107.7 1909.1 0.9824042916 -0.1022548154 0.1562872976 0.1111587286 0.9925785065 -0.0493122600 -0.1500850022 0.0658172742 0.9864798784
-87.1 -502.3 1883.0 0.9885305762 0.0000000000 0.1510209292 0.0000000000 1.0000000000 0.0000000000 -0.1510209292 0.0000000000 0.9885305762
-14.9 -119.8 2053.2 0.7134940624 -0.1038167626 -0.6929273009 0.0002513729 0.9889998436 -0.1479165256 0.7006611824 0.1053633839 0.7056716084
26.4 -512.9 2011.3 0.7134940624 0.4141093194 -0.5651899576 0.0002513729 0.8065008521 0.5912328362 0.7006611824 -0.4219832122 0.5753294826
-74.0 -138.1 1553.9 0 0 0 0 0 0 0 0 0
209.1 -326.8 2150.8 0 0 0 0 0 0 0 0 0
-87.1 -884.7 1883.0 0 0 0 0 0 0 0 0 0
-131.9 -821.2 2172.6 0 0 0 0 0 0 0 0 0
10.0 480.7 1969.6 0 0.6227741838 0.1562182158 -0.7666473389 -0.0986701995 0.9877225161 0.1211130470 0.7761549354 0.0002191627 0.6305422187
-21.3 282.5 1969.6 0.6227741838 0.1562182158 -0.7666473389 -0.0986701995 0.9877225161 0.1211130470 0.7761549354 0.0002191627 0.6305422187
-44.9 86.4 1977.2 0.6272230744 0.1341802180 -0.7671942115 -0.0683607385 0.9907305241 0.1173875108 0.7758337855 -0.0211821906 0.6305816770
-106.4 292.9 1863.9 0.1611988246 -0.8685091138 -0.4687290192 0.9622787237 0.2437867969 -0.1207794920 0.2191680372 -0.4315784276 0.8750459552
-157.1 -9.5 1795.0 -0.2915368378 -0.8685091138 -0.4008718133 0.4529258311 0.2437867969 -0.8575699329 0.8425345421 -0.4315784276 0.3222973943
63.8 272.0 2075.3 0.0672232434 0.6632505655 -0.7453722358 -0.9698368907 0.2188723385 0.1072908491 0.2343020737 0.7156770229 0.6579581499
87.8 -75.5 2159.2 0.4160629511 0.6360058188 -0.6499140263 -0.9092705250 0.2824154496 -0.3057264388 -0.0108980378 0.7181490660 0.6958039403
-126.6 -107.1 1909.8 0.9846066833 -0.0985907838 0.1443243772 0.1074820906 0.9926764965 -0.0551454760 -0.1378305852 0.0698088855 0.9879926443
-87.4 -501.8 1882.0 0.9903437495 0.0000000000 0.1386336833 0.0000000000 1.0000000000 0.0000000000 -0.1386336833 0.0000000000 0.9903437495
-9.7 -119.3 2050.5 0.6849221587 -0.0912694186 -0.7228772640 -0.0037181750 0.9916726947 -0.1287300885 0.7286067605 0.0908578783 0.6788792610
26.5 -513.5 2014.4 0.6849221587 0.4245686233 -0.5921343565 -0.0037181750 0.8147095442 0.5798573494 0.7286067605 -0.3949554861 0.5595912337
-74.0 -138.6 1554.7 0 0 0 0 0 0 0 0 0
202.2 -325.3 2156.2 0 0 0 0 0 0 0 0 0
-87.4 -884.1 1882.0 0 0 0 0 0 0 0 0 0
-135.7 -824.8 2165.3 0 0 0 0 0 0 0 0 0
10.0 483.7 1975.2 1 0.6008427739 0.1548402607 -0.7842272520 -0.1070834398 0.9878085256 0.1129930317 0.7921622992 0.0160867013 0.6100984812
-21.2 284.8 1972.0 0.6008427739 0.1548402607 -0.7842272520 -0.1070834398 0.9878085256 0.1129930317 0.7921622992 0.0160867013 0.6100984812
-45.2 88.7 1977.3 0.6054793596 0.1356109083 -0.7842221856 -0.0754994601 0.9907191992 0.1130278781 0.7922717929 -0.0092276977 0.6100986004
-103.4 296.3 1864.1 0.1713794470 -0.8608654737 -0.4791029990 0.9604464173 0.2543226480 -0.1134136096 0.2194806039 -0.4407159984 0.8704008460
-157.9 -9.3 1794.2 -0.2956325710 -0.8608654737 -0.4141400456 0.4549565315 0.2543226480 -0.8534252048 0.8400095105 -0.4407159984 0.3164703250
60.9 273.3 2079.9 0.0598443896 0.6434156299 -0.7631742954 -0.9718209505 0.2121812254 0.1026799381 0.2279971391 0.7355239391 0.6379826069
82.4 -74.8 2161.5 0.4153821766 0.6161704659 -0.6691722870 -0.9096203446 0.2757325470 -0.3107448518 -0.0069592097 0.7377706170 0.6750156283
-129.1 -104.3 1910.2 0.9876748919 -0.1048086956 0.1162471250 0.1119867712 0.9920722842 -0.0570227578 -0.1093490720 0.0693380907 0.9915820956
-87.4 -498.8 1882.7 0.9939270020 0.0000000000 0.1100412607 0.0000000000 1.0000000000 0.0000000000 -0.1100412607 0.0000000000 0.9939270020
-14.1 -116.8 2052.5 0.6793976426 -0.1034390330 -0.7264428735 -0.0000701821 0.9900048375 -0.1410335600 0.7337703109 0.0958688483 0.6725996733
27.0 -510.3 2014.4 0.6793976426 0.4214142263 -0.6006903648 -0.0000701821 0.8186727166 0.5742603540 0.7337703109 -0.3901089728 0.5562338829
-73.6 -139.1 1554.6 0 0 0 0 0 0 0 0 0
196.5 -324.7 2159.6 0 0 0 0 0 0 0 0 0
-87.4 -881.1 1882.7 0 0 0 0 0 0 0 0 0
-134.0 -823.3 2163.5 0 0 0 0 0 0 0 0 0
10.7 480.5 1973.0 2 0.6126892567 0.1606684625 -0.7738200426 -0.1104490533 0.9869161248 0.1174631491 0.7825680971 0.0134992842 0.6224185824
-21.7 281.8 1970.3 0.6126892567 0.1606684625 -0.7738200426 -0.1104490533 0.9869161248 0.1174631491 0.7825680971 0.0134992842 0.6224185824
-46.0 85.7 1975.7 0.6175381541 0.1378576905 -0.7743654847 -0.0783319473 0.9904050231 0.1138506159 0.7826306224 -0.0096495422 0.6224115491
-105.5 293.6 1863.7 0.1672642678 -0.8628512025 -0.4769805670 0.9612003565 0.2503567040 -0.1158246323 0.2193547040 -0.4391005933 0.8712486625
-158.1 -8.5 1794.7 -0.2926622927 -0.8628512025 -0.4121123552 0.4608348906 0.2503567040 -0.8514415622 0.8378424644 -0.4391005933 0.3243619800
62.1 269.9 2076.9 0.0610204525 0.6552864313 -0.7529118061 -0.9723570347 0.2093550116 0.1034036502 0.2253848761 0.7257893682 0.6499472857
84.0 -78.4 2157.6 0.4130125642 0.6282339692 -0.6593502164 -0.9106023312 0.2729676068 -0.3103095889 -0.0149657717 0.7285676003 0.6848104000
-127.6 -101.3 1906.5 0.9868023396 -0.0971350744 0.1295606494 0.1030214205 0.9938938618 -0.0395168252 -0.1249310747 0.0523428172 0.9907837510
-89.0 -496.4 1885.7 0.9920810461 0.0000000000 0.1255993694 0.0000000000 1.0000000000 0.0000000000 -0.1255993694 0.0000000000 0.9920810461
-16.6 -115.2 2051.8 0.6828392744 -0.1070631891 -0.7226811051 0.0024680800 0.9895359874 -0.1442649812 0.7305644751 0.0967261568 0.6759582758
26.0 -508.6 2013.3 0.6828392744 0.4000879526 -0.6112775207 0.0024680800 0.8354465961 0.5495661497 0.7305644751 -0.3767740130 0.5694882870
-74.4 -140.2 1555.2 0 0 0 0 0 0 0 0 0
197.5 -328.6 2153.5 0 0 0 0 0 0 0 0 0
-89.0 -878.8 1885.7 0 0 0 0 0 0 0 0 0
-126.9 -827.8 2157.3 0 0 0 0 0 0 0 0 0
12.7 482.9 1976.4 3 0.6538495421 0.1603969336 -0.7394278646 -0.1263533384 0.9866957664 0.1023046449 0.7459997535 0.0265373383 0.6654173136
-19.7 284.2 1971.0 0.6538495421 0.1603969336 -0.7394278646 -0.1263533384 0.9866957664 0.1023046449 0.7459997535 0.0265373383 0.6654173136
-43.8 88.1 1973.5 0.6586807966 0.1375233978 -0.7397478819 -0.0942900032 0.9904913902 0.1001810580 0.7464911342 0.0037634887 0.6653847694
-109.0 298.2 1869.4 0.1534149796 -0.8701757789 -0.4682499170 0.9611470103 0.2414471060 -0.1337897927 0.2294782251 -0.4295316339 0.8734084368
-158.0 -9.2 1796.1 -0.2924266756 -0.8701757789 -0.3965863883 0.4485575557 0.2414471060 -0.8605227470 0.8445606828 -0.4295316339 0.3197183311
69.7 270.2 2072.6 0.0726698264 0.6934307814 -0.7168492675 -0.9768297076 0.1945550442 0.0891741216 0.2013027221 0.6937593818 0.6915020943
95.7 -79.8 2144.8 0.4112583995 0.6665914059 -0.6217092872 -0.9097804427 0.2580751777 -0.3251103759 -0.0562680550 0.6993232965 0.7125874162
-130.0 -104.0 1905.8 0.9774864912 -0.1108707935 0.1795211583 0.1181318015 0.9925373197 -0.0302406475 -0.1748286486 0.0507669821 0.9832891822
-85.9 -498.6 1885.6 0.9843791723 0.0000000000 0.1760614514 0.0000000000 1.0000000000 0.0000000000 -0.1760614514 0.0000000000 0.9843791723
-16.7 -118.4 2049.4 0.6892147660 -0.1067013592 -0.7166574001 0.0062966724 0.9899418950 -0.1413344592 0.7245297432 0.0928972438 0.6829544306
25.7 -511.9 2012.4 0.6892147660 0.4092615247 -0.5979029536 0.0062966724 0.8217836022 0.5697649717 0.7245297432 -0.3964552283 0.5638083816
-74.7 -137.0 1555.4 0 0 0 0 0 0 0 0 0
208.7 -329.7 2129.3 0 0 0 0 0 0 0 0 0
-85.9 -880.9 1885.6 0 0 0 0 0 0 0 0 0
-130.7 -825.9 2163.9 0 0 0 0 0 0 0 0 0
11.4 483.0 1979.6 4 0.6282572150 0.1611366272 -0.7611359358 -0.1249632910 0.9865145683 0.1057032645 0.7679043412 0.0287052095 0.6399210691
-20.9 284.7 1973.8 0.6282572150 0.1611366272 -0.7611359358 -0.1249632910 0.9865145683 0.1057032645 0.7679043412 0.0287052095 0.6399210691
-46.0 88.7 1976.0 0.6328573823 0.1415310800 -0.7612230182 -0.0949240401 0.9899172783 0.1051343456 0.7684276104 0.0057233204 0.6399111152
-106.8 298.8 1869.2 0.1574930102 -0.8725998998 -0.4623476565 0.9624409676 0.2404754460 -0.1260114908 0.2211408764 -0.4251363873 0.8776991367
-156.7 -6.5 1799.1 -0.2854825854 -0.8725998998 -0.3963194191 0.4551483989 0.2404754460 -0.8573281169 0.8434095383 -0.4251363873 0.3285109103
64.9 270.6 2078.4 0.0617198013 0.6705851555 -0.7392606139 -0.9765520096 0.1936240494 0.0941059366 0.2062446773 0.7161182165 0.6668117046
87.0 -79.2 2152.3 0.4090416431 0.6438446045 -0.6466444731 -0.9116387963 0.2572707534 -0.3205097318 -0.0399957485 0.7206079960 0.6921881437
-131.6 -100.2 1904.4 0.9831568003 -0.1095965430 0.1462578475 0.1148341075 0.9929946065 -0.0278354492 -0.1421825886 0.0441620015 0.9888548255
-88.0 -495.0 1886.9 0.9897039533 0.0000000000 0.1431294382 0.0000000000 1.0000000000 0.0000000000 -0.1431294382 0.0000000000 0.9897039533
