-48.2 466.1 1988.7 73 0.3596112132 0.1723922044 -0.9170390964 -0.2182119042 0.9710708857 0.0969790593 0.9072283506 0.1652340889 0.3868260086
-79.5 289.9 1958.8 0.3596112132 0.1723922044 -0.9170390964 -0.2182119042 0.9710708857 0.0969790593 0.9072283506 0.1652340889 0.3868260086
-71.3 95.4 1998.3 0.3876834214 -0.0414337516 -0.9208608866 0.1998077035 0.9790155292 0.0400688611 0.8998768926 -0.1995291412 0.3878268600
-134.0 261.8 1832.3 -0.5439569354 -0.6685383320 -0.5071166754 0.1759851426 0.5000156164 -0.8479467034 0.8204511404 -0.5504915118 -0.1543341577
-36.9 230.4 1685.9 -0.2382940948 -0.6685383320 0.7044660449 -0.8452290893 0.5000156164 0.1886059493 -0.4783343375 -0.5504915118 -0.6842188239
-25.1 318.0 2085.2 0.1004359275 -0.4560202360 -0.8842839599 -0.9830505252 0.0915270969 -0.1588537246 0.1533764601 0.8852504492 -0.4390983284
1.1 62.0 2125.2 0.7490845323 -0.4560202360 -0.4805392027 -0.4976128936 0.0915270969 -0.8625567555 0.4373257160 0.8852504492 -0.1583600342
-99.7 -119.8 1955.5 0.9839764237 0.0992848128 -0.1480977386 -0.1319857091 0.9640492201 -0.2306272537 0.1198757216 0.2464785576 0.9617058635
-139.1 -502.6 1857.6 0.9926605821 0.0000000001 -0.1209336892 -0.0000000001 1.0000000000 0.0000000001 0.1209336892 -0.0000000001 0.9926605821
-33.9 -82.0 2122.2 0.8369349241 -0.1402726471 -0.5290213227 -0.0779240727 0.9262094498 -0.3688683510 0.5417267084 0.3499422967 0.7642464042
21.8 -449.4 1983.3 0.8369349241 0.3357905447 -0.4321859479 -0.0779240727 0.8547307849 0.5131891966 0.5417267084 -0.3958282471 0.7415201664
32.0 474.9 1824.3 0 0 0 0 0 0 0 0 0
194.4 -66.4 2238.0 0 0 0 0 0 0 0 0 0
-139.1 -884.9 1857.6 0 0 0 0 0 0 0 0 0
-106.5 -775.8 2134.5 0 0 0 0 0 0 0 0 0
-47.2 465.7 1989.3 74 0.3666407764 0.1675567478 -0.9151498675 -0.2188777626 0.9715744257 0.0901976228 0.9042494297 0.1672358364 0.3928932548
-77.5 289.9 1959.0 0.3666407764 0.1675567478 -0.9151498675 -0.2188777626 0.9715744257 0.0901976228 0.9042494297 0.1672358364 0.3928932548
-70.3 95.3 1998.6 0.3946025074 -0.0365484841 -0.9181247354 0.1974920481 0.9792293310 0.0458995476 0.8973771334 -0.1994344145 0.3936243951
-133.0 262.1 1832.8 -0.5330904126 -0.6739053726 -0.5115332007 0.1831493378 0.4983524680 -0.8474084735 0.8259969354 -0.5454322696 -0.1422415972
-37.4 229.3 1684.8 -0.2404559851 -0.6739053726 0.6985931993 -0.8460003734 0.4983524680 0.1895474494 -0.4758827090 -0.5454322696 -0.6899560094
-22.1 317.6 2085.2 0.0952316597 -0.4498395026 -0.8880176544 -0.9836407900 0.0945065618 -0.1533601582 0.1529109627 0.8880950809 -0.4334804714
2.8 61.4 2125.0 0.7486931086 -0.4498395026 -0.4869322777 -0.5022453070 0.0945065618 -0.8595453501 0.4326757491 0.8880950809 -0.1551733613
-98.8 -117.4 1955.5 0.9843372703 0.1012840718 -0.1442973167 -0.1337829083 0.9621963501 -0.2372346967 0.1148142517 0.2528234422 0.9606757760
-139.0 -499.7 1855.1 0.9932660460 0.0000000001 -0.1158557236 -0.0000000001 1.0000000000 0.0000000000 0.1158557236 -0.0000000000 0.9932660460
-27.7 -80.8 2120.4 0.8486798406 -0.1146883145 -0.5163227320 -0.0827883929 0.9353685975 -0.3438482881 0.5223874450 0.3345626295 0.7843335867
17.9 -452.0 1987.6 0.8486798406 0.3221494555 -0.4194785953 -0.0827883929 0.8642404675 0.4962202311 0.5223874450 -0.3864041567 0.7601336837
32.2 474.3 1822.6 0 0 0 0 0 0 0 0 0
195.9 -68.1 2236.6 0 0 0 0 0 0 0 0 0
-139.0 -882.1 1855.1 0 0 0 0 0 0 0 0 0
-105.2 -782.2 2135.2 0 0 0 0 0 0 0 0 0
-46.8 466.4 1989.5 75 0.4497259855 0.1657354683 -0.8776549697 -0.1713466495 0.9803908467 0.0973349363 0.8765767813 0.1066091955 0.4693054855
-76.2 292.4 1970.6 0.4497259855 0.1657354683 -0.8776549697 -0.1713466495 0.9803908467 0.0973349363 0.8765767813 0.1066091955 0.4693054855
-66.7 96.3 1999.4 0.4688437879 -0.0496183187 -0.8818863630 0.1527235061 0.9879370928 0.0256083924 0.8699775934 -0.1466911137 0.4707660675
-141.9 270.8 1848.6 -0.5224755406 -0.6688107252 -0.5288776159 0.2149275690 0.4969394505 -0.8407480717 0.8251214623 -0.5529406667 -0.1158928499
-37.7 227.9 1684.0 -0.2405820489 -0.6688107252 0.7034291029 -0.8484179974 0.4969394505 0.1823130101 -0.4714945853 -0.5529406667 -0.6869857907
-10.6 314.0 2092.6 0.1041962653 -0.3737826645 -0.9216451049 -0.9899837375 0.0497841612 -0.1321127415 0.0952647850 0.9261792898 -0.3648514450
16.5 56.2 2117.4 0.7804283500 -0.3737826645 -0.5012165904 -0.5227257013 0.0497841612 -0.8510460258 0.3430589139 0.9261792898 -0.1565328389
-99.2 -117.4 1956.0 0.9929328561 0.1025804430 -0.0596792102 -0.1141982228 0.9627134800 -0.2452377081 0.0322973877 0.2503198385 0.9676243663
-140.0 -500.1 1856.5 0.9994714260 0.0000000000 -0.0325100683 -0.0000000000 1.0000000000 0.0000000000 0.0325100683 -0.0000000000 0.9994714260
-26.9 -81.2 2120.5 0.8443602920 -0.1154509783 -0.5231890082 -0.0845165029 0.9355800152 -0.3428512514 0.5290676951 0.3337080777 0.7802091241
19.0 -452.9 1987.9 0.8443602920 0.3296605945 -0.4223500490 -0.0845165029 0.8603805900 0.5025954247 0.5290676951 -0.3886760771 0.7543329597
32.0 473.5 1820.5 0 0 0 0 0 0 0 0 0
217.9 -78.7 2205.9 0 0 0 0 0 0 0 0 0
-140.0 -882.4 1856.5 0 0 0 0 0 0 0 0 0
-107.0 -781.7 2136.5 0 0 0 0 0 0 0 0 0
-43.9 465.6 1987.1 76 0.4452222288 0.1778034121 -0.8775893450 -0.2142910361 0.9727640152 0.0883712098 0.8694000840 0.1487147212 0.4711978734
-75.5 292.8 1960.7 0.4452222288 0.1778034121 -0.8775893450 -0.2142910361 0.9727640152 0.0883712098 0.8694000840 0.1487147212 0.4711978734
-69.4 98.8 2001.5 0.4761294127 -0.0309144314 -0.8788316846 0.1961589605 0.9779344797 0.0718735605 0.8572178483 -0.2066118121 0.4716875255
-142.4 265.1 1840.5 -0.5386438966 -0.6660277247 -0.5160133243 0.1867065430 0.5028690100 -0.8439570069 0.8215858936 -0.5509353876 -0.1465155929
-39.8 229.5 1684.0 -0.2472394258 -0.6660277247 0.7037611008 -0.8456641436 0.5028690100 0.1788152158 -0.4729955494 -0.5509353876 -0.6875648499
-8.6 320.6 2081.0 0.0851820633 -0.3680652380 -0.9258898497 -0.9842039347 0.1136641726 -0.1357314289 0.1551985294 0.9228263497 -0.3525691330
13.5 64.3 2121.4 0.7717124224 -0.3680652380 -0.5186404586 -0.5162699819 0.1136641726 -0.8488496542 0.3713829219 0.9228263497 -0.1023049802
-100.2 -113.9 1949.0 0.9932853580 0.0969201028 -0.0631720424 -0.1084165350 0.9703745842 -0.2159143984 0.0403740965 0.2213135064 0.9743666053
-138.7 -499.5 1861.1 0.9991749525 0.0000000000 -0.0406134911 -0.0000000000 1.0000000000 0.0000000000 0.0406134911 -0.0000000000 0.9991749525
-14.4 -85.7 2107.9 0.8450812101 -0.0768900141 -0.5290800333 -0.0912984163 0.9543139935 -0.2845160961 0.5267849565 0.2887433767 0.7994528413
16.1 -464.3 1993.3 0.8450812101 0.3359608948 -0.4158942997 -0.0912984163 0.8571566939 0.5068993568 0.5267849565 -0.3904006183 0.7550396919
31.7 473.9 1820.7 0 0 0 0 0 0 0 0 0
212.6 -68.9 2217.3 0 0 0 0 0 0 0 0 0
-138.7 -881.8 1861.1 0 0 0 0 0 0 0 0 0
-112.3 -792.0 2142.6 0 0 0 0 0 0 0 0 0
-43.8 467.0 1989.0 77 0.4785681665 0.1669238806 -0.8620376587 -0.2001602501 0.9766536355 0.0779971629 0.8549317718 0.1352187097 0.5008068681
-73.9 290.4 1964.5 0.4785681665 0.1669238806 -0.8620376587 -0.2001602501 0.9766536355 0.0779971629 0.8549317718 0.1352187097 0.5008068681
-66.5 95.2 2000.3 0.5032534599 -0.0380301140 -0.8633016348 0.1751062572 0.9827931523 0.0587825775 0.8462114334 -0.1807520539 0.5012533665
-144.6 265.6 1845.7 -0.5369144678 -0.6703152657 -0.5122501850 0.1835537553 0.4998278916 -0.8464514613 0.8234263062 -0.5484974980 -0.1453259438
-38.1 229.2 1682.4 -0.2415392250 -0.6703152657 0.7016667128 -0.8458459973 0.4998278916 0.1863239110 -0.4756083786 -0.5484974980 -0.6877115369
-3.3 315.1 2083.3 0.0906255096 -0.3383618891 -0.9366419911 -0.9876915216 0.0898593813 -0.1280265450 0.1274853796 0.9367158413 -0.3260536194
20.3 57.9 2116.5 0.7834869623 -0.3383618891 -0.5212095380 -0.5244465470 0.0898593813 -0.8466883302 0.3333226442 0.9367158413 -0.1070490852
-107.1 -113.1 1964.2 0.9971338511 0.0671057180 -0.0349408872 -0.0741615742 0.9583209157 -0.2759005129 0.0149700819 0.2777010202 0.9605509043
-133.7 -493.2 1854.0 0.9998873472 0.0000000000 -0.0150114195 -0.0000000000 1.0000000000 0.0000000000 0.0150114195 -0.0000000000 0.9998873472
-19.8 -77.1 2120.8 0.8480726480 -0.1218255907 -0.5156853199 -0.0941418633 0.9230867624 -0.3728916347 0.5214499831 0.3647867739 0.7713757157
28.4 -442.1 1976.6 0.8480726480 0.3431747854 -0.4037373662 -0.0941418633 0.8474027514 0.5225379467 0.5214499831 -0.4051415622 0.7509661913
31.7 473.8 1819.9 0 0 0 0 0 0 0 0 0
222.5 -77.4 2202.5 0 0 0 0 0 0 0 0 0
-133.7 -875.5 1854.0 0 0 0 0 0 0 0 0 0
-102.8 -766.0 2131.4 0 0 0 0 0 0 0 0 0
-43.3 466.9 1989.4 78 0.4103847742 0.1526229382 -0.8990498185 -0.2077383548 0.9756191373 0.0707960799 0.8879352808 0.1577135026 0.4320848584
-70.9 290.5 1960.9 0.4103847742 0.1526229382 -0.8990498185 -0.2077383548 0.9756191373 0.0707960799 0.8879352808 0.1577135026 0.4320848584
-66.0 95.6 1998.2 0.4357062280 -0.0252736825 -0.8997340202 0.1814161390 0.9815571308 0.0602806807 0.8816168308 -0.1894909441 0.4322555959
-132.0 265.0 1837.2 -0.5110104680 -0.6885916591 -0.5144996047 0.1906329691 0.4928594232 -0.8489691615 0.8381690383 -0.5319127440 -0.1205880493
-37.5 229.7 1682.2 -0.2399262339 -0.6885916591 0.6843076348 -0.8470571637 0.4928594232 0.1989567727 -0.4742674232 -0.5319127440 -0.7015264034
-9.8 316.1 2084.5 0.0818571746 -0.4102746248 -0.9082808495 -0.9866902232 0.0951189399 -0.1318893433 0.1405055672 0.9069879651 -0.3970277905
11.5 59.1 2121.1 0.7559590340 -0.4102746248 -0.5100986362 -0.5208191276 0.0951189399 -0.8483512402 0.3965770304 0.9069879651 -0.1417728513
-105.2 -115.9 1958.7 0.9914184809 0.0734910965 -0.1081131697 -0.0989943445 0.9621947408 -0.2537347972 0.0853786767 0.2622599602 0.9612128735
-134.4 -498.0 1854.5 0.9963123798 0.0000000000 -0.0858001262 -0.0000000000 1.0000000000 0.0000000000 0.0858001262 -0.0000000000 0.9963123798
-12.9 -83.7 2113.5 0.8487928510 -0.0741363540 -0.5235021114 -0.1003360674 0.9495434761 -0.2971529961 0.5191178918 0.3047474921 0.7985271215
16.4 -459.0 1993.1 0.8487928510 0.3298153281 -0.4132463336 -0.1003360674 0.8678645492 0.4865632653 0.5191178918 -0.3715279102 0.7697296143
31.5 473.5 1818.6 0 0 0 0 0 0 0 0 0
206.6 -75.3 2223.5 0 0 0 0 0 0 0 0 0
-134.4 -880.3 1854.5 0 0 0 0 0 0 0 0 0
-109.6 -790.5 2135.0 0 0 0 0 0 0 0 0 0
-43.1 467.2 1989.6 79 0.4269389808 0.1022809148 -0.8984774351 -0.1615916640 0.9862195849 0.0354840904 0.8897253871 0.1300369203 0.4375833273
-61.7 287.8 1965.9 0.4269389808 0.1022809148 -0.8984774351 -0.1615916640 0.9862195849 0.0354840904 0.8897253871 0.1300369203 0.4375833273
-59.6 91.6 1996.0 0.4409817457 -0.0107916687 -0.8974512219 0.1414730698 0.9882630706 0.0576321371 0.8862959146 -0.1523799002 0.4373326898
-123.6 267.9 1841.5 -0.4724291265 -0.7059825063 -0.5276356936 0.2062191516 0.4934967160 -0.8449465632 0.8569039702 -0.5079859495 -0.0875551105
-35.5 229.4 1681.7 -0.2446345687 -0.7059825063 0.6646372080 -0.8430353999 0.4934967160 0.2138977945 -0.4790043831 -0.5079859495 -0.7158946395
0.2 307.8 2090.4 0.0671479627 -0.4061441720 -0.9113386273 -0.9924080968 0.0671426356 -0.1030437797 0.1030403078 0.9113389850 -0.3985522985
17.7 49.3 2117.2 0.7490412593 -0.4061441720 -0.5234348774 -0.5467963219 0.0671426356 -0.8345691562 0.3741002083 0.9113389850 -0.1717855334
-101.0 -116.1 1955.2 0.9910278320 0.0824607238 -0.1051856875 -0.1060368121 0.9641667008 -0.2431846708 0.0813633502 0.2521563470 0.9642599225
-133.8 -499.1 1855.0 0.9966467619 0.0000000000 -0.0818246603 -0.0000000000 1.0000000000 0.0000000000 0.0818246603 -0.0000000000 0.9966467619
-21.3 -82.7 2116.3 0.8456655145 -0.1077658981 -0.5227200985 -0.0859437510 0.9391244054 -0.3326545954 0.5267480016 0.3262390494 0.7849233150
21.4 -454.7 1987.1 0.8456655145 0.3295195103 -0.4198412895 -0.0859437510 0.8604532480 0.5022289157 0.5267480016 -0.3886349499 0.7559757829
35.0 472.5 1819.8 0 0 0 0 0 0 0 0 0
211.0 -91.7 2213.7 0 0 0 0 0 0 0 0 0
-133.8 -881.5 1855.0 0 0 0 0 0 0 0 0 0
-104.5 -783.5 2135.6 0 0 0 0 0 0 0 0 0
-43.5 466.5 1990.2 80 0.3639553487 0.1203751191 -0.9236050844 -0.2317864150 0.9721238017 0.0353610180 0.9021150470 0.2012092769 0.3817109466
-65.8 286.3 1952.9 0.3639553487 0.1203751191 -0.9236050844 -0.2317864150 0.9721238017 0.0353610180 0.9021150470 0.2012092769 0.3817109466
-63.6 93.3 1998.2 0.3888087571 -0.0126394695 -0.9212318063 0.2169427872 0.9730461836 0.0782110095 0.8954125047 -0.2302637100 0.3810709119
-120.2 255.5 1827.4 -0.4994448721 -0.7101016641 -0.4962967634 0.1417016536 0.4981898367 -0.8554107547 0.8546785712 -0.4975565672 -0.1481957883
-35.2 231.4 1681.9 -0.2486649305 -0.7101016641 0.6587271094 -0.8385644555 0.4981898367 0.2204916775 -0.4847426414 -0.4975565672 -0.7193483114
-11.5 317.1 2078.3 0.0717276186 -0.4575484097 -0.8862869740 -0.9801927209 0.1321199834 -0.1475348026 0.1846005321 0.8793143630 -0.4390089512
7.2 61.8 2126.4 0.7325085998 -0.4575484097 -0.5040640235 -0.5045847893 0.1321199834 -0.8531931043 0.4569740891 0.8793143630 -0.1340929270
-97.9 -117.6 1945.2 0.9828675389 0.0931862816 -0.1590211242 -0.1241485849 0.9724102616 -0.1974977553 0.1362296939 0.2138563693 0.9673194289
-134.9 -503.8 1860.2 0.9905306697 0.0000000000 -0.1372918338 -0.0000000000 1.0000000000 0.0000000000 0.1372918338 -0.0000000000 0.9905306697
-19.0 -88.9 2111.1 0.8406810760 -0.0868160054 -0.5345262289 -0.0879858062 0.9520524144 -0.2930097580 0.5343348980 0.2933584750 0.7927339077
15.7 -470.0 1993.7 0.8406810760 0.3391031921 -0.4222136140 -0.0879858062 0.8548396230 0.5113782287 0.5343348980 -0.3927571774 0.7484837770
36.7 473.7 1822.0 0 0 0 0 0 0 0 0 0
196.2 -68.4 2244.3 0 0 0 0 0 0 0 0 0
-134.9 -886.2 1860.2 0 0 0 0 0 0 0 0 0
-113.9 -796.7 2143.8 0 0 0 0 0 0 0 0 0
-42.3 465.4 1988.5 81 0.4145421088 0.1186382249 -0.9022637010 -0.1620372683 0.9852449894 0.0551019013 0.8954880238 0.1233582944 0.4276493490
-63.8 286.2 1966.0 0.4145421088 0.1186382249 -0.9022637010 -0.1620372683 0.9852449894 0.0551019013 0.8954880238 0.1233582944 0.4276493490
-62.1 90.3 1996.7 0.4314351380 -0.0103599541 -0.9020844698 0.1457552463 0.9875974059 0.0583675615 0.8902916312 -0.1566653699 0.4275942147
-124.1 265.3 1841.3 -0.4885158837 -0.7050749063 -0.5140249133 0.1761538237 0.4972802699 -0.8495187759 0.8545888066 -0.5055508614 -0.1187276617
-32.8 232.3 1681.5 -0.2415814549 -0.7050749063 0.6667141318 -0.8387092352 0.4972802699 0.2219890952 -0.4880627394 -0.5055508614 -0.7114865184
-3.5 307.1 2090.7 0.0672387034 -0.4158187807 -0.9069584608 -0.9918808937 0.0704845190 -0.1058500111 0.1079409570 0.9067119956 -0.4077034295
14.0 48.7 2118.9 0.7457023263 -0.4158187807 -0.5205985308 -0.5442874432 0.0704845190 -0.8359324932 0.3842905462 0.9067119956 -0.1737644821
-97.2 -119.3 1962.2 0.9888642430 0.0920202509 -0.1169606745 -0.1197872758 0.9585189819 -0.2586356103 0.0883093104 0.2697659135 0.9588679671
-133.7 -499.6 1855.1 0.9960361123 0.0000000000 -0.0889497846 -0.0000000000 1.0000000000 0.0000000000 0.0889497846 -0.0000000000 0.9960361123
-24.7 -82.5 2121.2 0.8508199453 -0.1548027843 -0.5021369457 -0.0860178769 0.9016948342 -0.4237302244 0.5183688998 0.4037109017 0.7538641691
35.3 -432.1 1964.7 0.8508199453 0.3438688219 -0.3973155618 -0.0860178769 0.8370800018 0.5402758121 0.5183688998 -0.4255011976 0.7417832613
37.0 474.6 1822.5 0 0 0 0 0 0 0 0 0
206.4 -91.7 2218.0 0 0 0 0 0 0 0 0 0
-133.7 -881.9 1855.1 0 0 0 0 0 0 0 0 0
-96.1 -751.9 2127.2 0 0 0 0 0 0 0 0 0
-41.7 465.9 1988.6 82 0.4118939042 0.1333272159 -0.9014251232 -0.2214020193 0.9742372036 0.0429300144 0.8839256763 0.1818947345 0.4308012724
-66.0 288.3 1955.5 0.4118939042 0.1333272159 -0.9014251232 -0.2214020193 0.9742372036 0.0429300144 0.8839256763 0.1818947345 0.4308012724
-61.5 94.4 1997.0 0.4356212020 -0.0233606081 -0.8998268843 0.1996707171 0.9772660732 0.0712928995 0.8777048588 -0.2107257694 0.4303822517
-127.1 259.9 1832.4 -0.5239511132 -0.6882438660 -0.5017924309 0.1573471725 0.5007811189 -0.8511522412 0.8370884657 -0.5249177814 -0.1540915966
-32.6 231.5 1681.5 -0.2416952699 -0.6882438660 0.6840349436 -0.8404855132 0.5007811189 0.2068873197 -0.4849407077 -0.5249177814 -0.6994954348
-4.9 316.6 2078.5 0.0799578577 -0.4105304480 -0.9083344936 -0.9835637212 0.1155052856 -0.1387837827 0.1618923992 0.9045016766 -0.3945472836
15.9 60.5 2120.7 0.7548012137 -0.4105304480 -0.5116052032 -0.5134989023 0.1155052856 -0.8502807617 0.4081592262 0.9045016766 -0.1236234009
-100.1 -118.5 1946.6 0.9910421968 0.0792887807 -0.1074647605 -0.1003858149 0.9729903340 -0.2078761756 0.0880799294 0.2168019861 0.9722339511
-131.6 -504.3 1860.6 0.9960737824 0.0000000000 -0.0885271132 -0.0000000000 1.0000000000 0.0000000000 0.0885271132 -0.0000000000 0.9960737824
-20.5 -93.2 2106.7 0.8518344164 -0.0941803530 -0.5152748823 -0.0793324485 0.9491598606 -0.3046341538 0.5177687407 0.3003758788 0.8010554314
16.2 -462.9 1989.7 0.8518344164 0.3087399006 -0.4231522083 -0.0793324485 0.8745560646 0.4783910513 0.5177687407 -0.3739402592 0.7694700956
37.3 474.5 1821.7 0 0 0 0 0 0 0 0 0
210.6 -72.0 2226.0 0 0 0 0 0 0 0 0 0
-131.6 -886.6 1860.6 0 0 0 0 0 0 0 0 0
-101.5 -796.2 2132.2 0 0 0 0 0 0 0 0 0
-41.9 467.9 1989.7 83 0.3496335745 0.1178092137 -0.9294500351 -0.2901430726 0.9569061995 0.0121454718 0.8908273578 0.2654270232 0.3687480688
-64.6 284.2 1938.7 0.3496335745 0.1178092137 -0.9294500351 -0.2901430726 0.9569061995 0.0121454718 0.8908273578 0.2654270232 0.3687480688
-65.0 93.7 1993.3 0.3834527731 0.0010444289 -0.9235599041 0.2555413246 0.9608381987 0.1071847752 0.8875035644 -0.2771080136 0.3681691885
-118.2 247.8 1814.5 -0.5534929037 -0.6943740249 -0.4598807693 0.1010424271 0.4921108782 -0.8646486402 0.8267018795 -0.5250443816 -0.2022186518
-29.4 231.6 1681.8 -0.2303740233 -0.6943740249 0.6817422509 -0.8432369828 0.4921108782 0.2162827700 -0.4856739342 -0.5250443816 -0.6988914609
-10.9 320.5 2063.0 0.0583550110 -0.4636839032 -0.8840768933 -0.9708678722 0.1798025966 -0.1583873332 0.2324009836 0.8675645590 -0.4396834373
4.3 67.6 2123.5 0.7223502994 -0.4636839032 -0.5130373240 -0.4902813435 0.1798025966 -0.8528160453 0.4876825213 0.8675645590 -0.0974551141
-97.0 -117.4 1958.6 0.9803714752 0.0860099345 -0.1774093509 -0.1277095973 0.9625685215 -0.2390651554 0.1502066702 0.2570295334 0.9546589851
-131.2 -499.3 1856.6 0.9884654284 0.0000000000 -0.1514467746 -0.0000000000 1.0000000000 0.0000000000 0.1514467746 -0.0000000000 0.9884654284
-16.9 -81.6 2117.8 0.8480719328 -0.1263650507 -0.5145928860 -0.0942259207 0.9197054505 -0.3811342716 0.5214359760 0.3717172742 0.7680695057
32.6 -442.3 1972.0 0.8480719328 0.3412477672 -0.4053689241 -0.0942259207 0.8499475121 0.5183730721 0.5214359760 -0.4014213979 0.7529710531
36.9 474.5 1821.7 0 0 0 0 0 0 0 0 0
190.7 -58.9 2249.4 0 0 0 0 0 0 0 0 0
-131.2 -881.6 1856.6 0 0 0 0 0 0 0 0 0
-97.5 -766.4 2125.0 0 0 0 0 0 0 0 0 0
-41.7 467.8 1990.2 84 0.3726837933 0.1103651449 -0.9213719964 -0.2222709209 0.9746155143 0.0268369466 0.9009453058 0.1947925091 0.3877543807
-62.4 285.1 1953.7 0.3726837933 0.1103651449 -0.9213719964 -0.2222709209 0.9746155143 0.0268369466 0.9009453058 0.1947925091 0.3877543807
-63.7 90.9 1993.1 0.3967276812 0.0059495228 -0.9179170728 0.1817099303 0.9796815515 0.0848856568 0.8997714520 -0.2004711330 0.3875856996
-118.0 259.1 1827.7 -0.5303353667 -0.6952522397 -0.4851482213 0.1533169448 0.4841646850 -0.8614397645 0.8338095546 -0.5312333703 -0.1501757056
-25.2 232.3 1681.8 -0.2162425071 -0.6952522397 0.6854659319 -0.8457463980 0.4841646850 0.2242711782 -0.4878034294 -0.5312333703 -0.6927040219
-6.8 311.1 2079.7 0.0527968332 -0.4512196183 -0.8908497691 -0.9866068363 0.1143043041 -0.1163676083 0.1543353200 0.8850623369 -0.4391414821
7.0 54.2 2119.9 0.7240920067 -0.4512196183 -0.5216240883 -0.5328018069 0.1143043041 -0.8384848237 0.4379646778 0.8850623369 -0.1576437950
-100.9 -120.0 1967.1 0.9839473367 0.0675298348 -0.1651888788 -0.1132351235 0.9516860247 -0.2854320705 0.1379327625 0.2995553017 0.9440556765
-127.7 -497.6 1848.3 0.9903168082 0.0000000000 -0.1388256699 -0.0000000000 1.0000000000 0.0000000000 0.1388256699 -0.0000000000 0.9903168082
-29.8 -74.7 2126.9 0.8430798650 -0.1470113397 -0.5173045397 -0.0822863206 0.9153209329 -0.3942291141 0.5314558148 0.3749337196 0.7595916390
28.0 -434.4 1979.6 0.8430798650 0.3234273791 -0.4296638370 -0.0822863206 0.8671184182 0.4912582338 0.5314558148 -0.3788144886 0.7576637268
36.8 474.6 1821.5 0 0 0 0 0 0 0 0 0
193.8 -83.3 2232.9 0 0 0 0 0 0 0 0 0
-127.7 -879.9 1848.3 0 0 0 0 0 0 0 0 0
-95.4 -765.3 2124.1 0 0 0 0 0 0 0 0 0
-41.4 467.2 1990.0 85 0.3782340586 0.1370172948 -0.9155136347 -0.2734166086 0.9613984227 0.0309255291 0.8844107389 0.2386195511 0.4010964334
-67.3 285.9 1945.0 0.3782340586 0.1370172948 -0.9155136347 -0.2734166086 0.9613984227 0.0309255291 0.8844107389 0.2386195511 0.4010964334
-62.8 94.0 1994.3 0.4084455669 -0.0228891410 -0.9124956727 0.2373173684 0.9679697156 0.0819458514 0.8813924789 -0.2500214875 0.4007949233
-124.6 252.2 1821.5 -0.5592651367 -0.6698549986 -0.4883818030 0.1317106187 0.5098466873 -0.8501227498 0.8184587955 -0.5397691131 -0.1969124526
-27.7 229.4 1679.7 -0.2422357500 -0.6698549986 0.7018662095 -0.8372566700 0.5098466873 0.1976300180 -0.4902275801 -0.5397691131 -0.6843436360
-9.9 319.6 2068.6 0.0809338018 -0.4376196265 -0.8955103159 -0.9757974744 0.1483314633 -0.1606768221 0.2031476945 0.8868409395 -0.4150231183
11.1 65.5 2121.5 0.7454738617 -0.4376196265 -0.5027501583 -0.4916191101 0.1483314633 -0.8580841422 0.4500881433 0.8868409395 -0.1045649350
-101.7 -119.4 1950.6 0.9881740212 0.0625085607 -0.1400169134 -0.0943966359 0.9675843120 -0.2342431545 0.1208359674 0.2446901351 0.9620423317
-126.4 -503.1 1853.6 0.9926063418 0.0000000000 -0.1213779598 -0.0000000000 1.0000000000 0.0000000000 0.1213779598 -0.0000000000 0.9926063418
-28.5 -87.0 2113.6 0.8405478597 -0.1172831431 -0.5288893580 -0.0702650174 0.9444344640 -0.3211018741 0.5371611714 0.3070639074 0.7856014371
17.7 -459.1 1992.6 0.8405478597 0.3119271696 -0.4429229200 -0.0702650174 0.8734645844 0.4817908704 0.5371611714 -0.3738462925 0.7561063766
41.8 469.8 1820.5 0 0 0 0 0 0 0 0 0
203.5 -61.3 2237.6 0 0 0 0 0 0 0 0 0
-126.4 -885.4 1853.6 0 0 0 0 0 0 0 0 0
-101.4 -792.7 2135.4 0 0 0 0 0 0 0 0 0
-40.4 467.3 1988.9 86 0.3593120873 0.1433127970 -0.9221476316 -0.2745207548 0.9606490135 0.0423301831 0.8919266462 0.2379389107 0.3845151365
-67.8 283.5 1943.4 0.3593120873 0.1433127970 -0.9221476316 -0.2745207548 0.9606490135 0.0423301831 0.8919266462 0.2379389107 0.3845151365
-61.9 90.6 1989.7 0.3887606263 -0.0297890939 -0.9208570719 0.2267710567 0.9718233347 0.0642987117 0.8929949999 -0.2338205427 0.3845619559
-122.4 251.5 1818.0 -0.5581530333 -0.6622321010 -0.4999138713 0.1442685276 0.5158632398 -0.8444356918 0.8170996308 -0.5434461832 -0.1923913807
-27.5 226.9 1679.0 -0.2526039481 -0.6622321010 0.7054359317 -0.8365169764 0.5158632398 0.1847279072 -0.4862412512 -0.5434461832 -0.6842775345
-13.2 315.5 2068.8 0.0888027996 -0.4561232924 -0.8854748011 -0.9781574607 0.1278051883 -0.1639324427 0.1879416853 0.8806914091 -0.4348109365
9.9 60.8 2117.7 0.7426616549 -0.4561232924 -0.4903113246 -0.4905850291 0.1278051883 -0.8619699478 0.4558289051 0.8806914091 -0.1288512498
-95.8 -119.4 1963.3 0.9843741059 0.0803680047 -0.1566800475 -0.1211835742 0.9547410607 -0.2716321051 0.1277583539 0.2863746583 0.9495616555
-127.6 -498.1 1849.7 0.9916826487 0.0000000000 -0.1287069023 -0.0000000000 1.0000000000 0.0000000000 0.1287069023 -0.0000000000 0.9916826487
-20.8 -76.3 2123.7 0.8506283164 -0.1343413293 -0.5083146691 -0.0894113183 0.9157606959 -0.3916477561 0.5181090832 0.3785957694 0.7669603825
32.2 -437.7 1974.3 0.8506283164 0.3352717459 -0.4049991071 -0.0894113183 0.8513253927 0.5169629455 0.5181090832 -0.4035318196 0.7541385889
44.7 466.0 1817.9 0 0 0 0 0 0 0 0 0
201.6 -65.8 2235.3 0 0 0 0 0 0 0 0 0
-127.6 -880.4 1849.7 0 0 0 0 0 0 0 0 0
-95.8 -762.7 2128.4 0 0 0 0 0 0 0 0 0
-37.9 467.1 1991.8 87 0.3222688735 0.1393025517 -0.9363426566 -0.3173334897 0.9477812052 0.0317849815 0.8918756843 0.2868895829 0.3496457338
-65.0 282.6 1936.0 0.3222688735 0.1393025517 -0.9363426566 -0.3173334897 0.9477812052 0.0317849815 0.8918756843 0.2868895829 0.3496457338
-61.4 92.7 1993.2 0.3598675132 -0.0186382793 -0.9328172207 0.2762243748 0.9571073055 0.0874397904 0.8911764622 -0.2891336083 0.3495801687
-115.5 243.6 1810.9 -0.5474963188 -0.6788306832 -0.4893226922 0.1266096085 0.5108190775 -0.8503140211 0.8271745443 -0.5274967551 -0.1937250644
-27.6 223.3 1678.1 -0.2578956187 -0.6788306832 0.6875163913 -0.8384639025 0.5108190775 0.1898478121 -0.4800709784 -0.5274967551 -0.7009130120
-14.5 321.7 2061.1 0.0791115686 -0.4844926000 -0.8712108135 -0.9661206603 0.1781120300 -0.1867806017 0.2456669509 0.8564712405 -0.4539875984
6.1 70.1 2125.1 0.7254816890 -0.4844926000 -0.4888181984 -0.4652678072 0.1781120300 -0.8670651317 0.5071510673 0.8564712405 -0.0962017998
-91.6 -122.9 1954.3 0.9766366482 0.0995360538 -0.1904557496 -0.1437444240 0.9613897800 -0.2346640825 0.1597446650 0.2565584779 0.9532362819
-131.1 -504.5 1852.5 0.9868856072 0.0000000000 -0.1614210457 -0.0000000000 1.0000000000 0.0000000000 0.1614210457 -0.0000000000 0.9868856072
-20.3 -81.6 2117.5 0.8479657769 -0.1074494645 -0.5190458894 -0.0858747661 0.9384515285 -0.3345657587 0.5230483413 0.3282732368 0.7865476012
22.2 -452.7 1987.7 0.8479657769 0.3215211332 -0.4214002788 -0.0858747661 0.8678483963 0.4893512428 0.5230483413 -0.3787654638 0.7635163069
46.3 463.3 1815.5 0 0 0 0 0 0 0 0 0
193.3 -50.0 2255.9 0 0 0 0 0 0 0 0 0
-131.1 -886.8 1852.5 0 0 0 0 0 0 0 0 0
-100.6 -784.0 2132.3 0 0 0 0 0 0 0 0 0
-36.1 466.9 1995.3 88 0.2882876396 0.1468216330 -0.9462206960 -0.3232545853 0.9450858235 0.0481586792 0.9013305306 0.2919866145 0.3199173212
-65.3 278.8 1937.2 0.2882876396 0.1468216330 -0.9462206960 -0.3232545853 0.9450858235 0.0481586792 0.9013305306 0.2919866145 0.3199173212
-60.7 87.7 1991.0 0.3264009953 -0.0229556486 -0.9449526072 0.2636284828 0.9622467160 0.0676855147 0.9077237844 -0.2712090313 0.3201300502
-111.2 241.6 1809.7 -0.5376724005 -0.6894499063 -0.4853526950 0.1218885258 0.5060349107 -0.8538570404 0.8342970610 -0.5182542801 -0.1880449504
-26.3 222.4 1678.0 -0.2528750300 -0.6894499063 0.6787584424 -0.8386287093 0.5060349107 0.2015701532 -0.4824479818 -0.5182542801 -0.7061561346
-19.4 315.9 2064.7 0.0849466994 -0.5148607492 -0.8530547619 -0.9695703387 0.1545742601 -0.1898424625 0.2296027541 0.8432230949 -0.4860631526
2.7 63.4 2124.5 0.7150886059 -0.5148607492 -0.4728284180 -0.4650721252 0.1545742601 -0.8716735244 0.5218775868 0.8432230949 -0.1289130896
-90.9 -122.4 1969.0 0.9702265263 0.1008737311 -0.2201930881 -0.1613349020 0.9472479224 -0.2769340575 0.1806420684 0.3042135835 0.9353194833
-130.9 -498.2 1848.3 0.9831054807 0.0000000000 -0.1830399483 -0.0000000000 1.0000000000 0.0000000000 0.1830399483 -0.0000000000 0.9831054807
-24.8 -71.8 2131.9 0.8608398438 -0.1468211412 -0.4872353375 -0.0874426588 0.9005534053 -0.4258607328 0.5013067722 0.4092030525 0.7623938322
33.1 -427.2 1970.4 0.8608398438 0.3218879998 -0.3941355646 -0.0874426588 0.8565693498 0.5085693002 0.5013067722 -0.4033325016 0.7655157447
46.3 463.3 1816.6 0 0 0 0 0 0 0 0 0
187.2 -56.6 2259.2 0 0 0 0 0 0 0 0 0
-130.9 -880.5 1848.3 0 0 0 0 0 0 0 0 0
-89.8 -754.4 2124.4 0 0 0 0 0 0 0 0 0
-34.9 467.1 1997.5 89 0.2619544864 0.1455358565 -0.9540435672 -0.3346789479 0.9409162402 0.0516395606 0.9051905274 0.3057710826 0.2951850295
-64.1 278.4 1936.2 0.2619544864 0.1455358565 -0.9540435672 -0.3346789479 0.9409162402 0.0516395606 0.9051905274 0.3057710826 0.2951850295
-61.2 87.6 1991.3 0.3035596311 -0.0144224558 -0.9527032971 0.2687118351 0.9605945349 0.0710776746 0.9141364694 -0.2775789797 0.2954732180
-106.8 240.6 1807.7 -0.5142233968 -0.7034847140 -0.4905951023 0.1387525052 0.4962458313 -0.8570226431 0.8463581204 -0.5087723732 -0.1575709432
-27.5 219.2 1677.3 -0.2525718212 -0.7034847140 0.6643167734 -0.8436970115 0.4962458313 0.2047325522 -0.4736906290 -0.5087723732 -0.7188656330
-21.4 316.2 2064.7 0.0774431974 -0.5359616876 -0.8406828642 -0.9682673812 0.1605321318 -0.1915404648 0.2376149595 0.8288392425 -0.5065220594
-1.3 64.0 2126.6 0.7007572055 -0.5359616876 -0.4708337486 -0.4629327059 0.1605321318 -0.8717354536 0.5428007841 0.8288392425 -0.1356201470
-86.1 -127.5 1961.7 0.9630316496 0.1165856794 -0.2428535670 -0.1796350032 0.9497298598 -0.2564067245 0.2007519305 0.2905527949 0.9355627894
-132.4 -504.6 1846.3 0.9789559841 0.0000000000 -0.2040715069 -0.0000000000 1.0000000000 0.0000000000 0.2040715069 -0.0000000000 0.9789559841
-26.3 -79.2 2127.8 0.8473333716 -0.1257238388 -0.5159648061 -0.0863024592 0.9260586500 -0.3673789501 0.5240019560 0.3558214903 0.7738301158
23.5 -445.3 1987.1 0.8473333716 0.3130207956 -0.4290036559 -0.0863024592 0.8782483339 0.4703527391 0.5240019560 -0.3615215123 0.7711836100
45.4 462.8 1814.0 0 0 0 0 0 0 0 0 0
179.5 -55.4 2266.6 0 0 0 0 0 0 0 0 0
-132.4 -886.9 1846.3 0 0 0 0 0 0 0 0 0
-96.0 -780.6 2125.1 0 0 0 0 0 0 0 0 0
-34.5 469.7 1999.2 90 0.2756776214 0.1260465086 -0.9529502392 -0.3747335672 0.9270235896 0.0142110577 0.8851985931 0.3531847894 0.3027935326
-60.8 276.3 1925.5 0.2756776214 0.1260465086 -0.9529502392 -0.3747335672 0.9270235896 0.0142110577 0.8851985931 0.3531847894 0.3027935326
-56.2 89.8 1993.2 0.3147684336 -0.0227173865 -0.9488965869 0.3313749433 0.9394392967 0.0874328911 0.8894444704 -0.3419616520 0.3032338023
-105.1 229.6 1800.7 -0.5339456797 -0.7193166614 -0.4443934262 0.0676963031 0.4875300229 -0.8704778552 0.8428043723 -0.4948716760 -0.2116194665
-27.2 219.7 1677.8 -0.2429077178 -0.7193166614 0.6508297324 -0.8439205885 0.4875300229 0.2238583267 -0.4783240557 -0.4948716760 -0.7254709601
-16.5 323.1 2050.3 0.0852210373 -0.5253245831 -0.8466235399 -0.9495752454 0.2145027816 -0.2286817729 0.3017352819 0.8234212995 -0.4805551171
5.7 75.8 2128.9 0.7102751732 -0.5253245831 -0.4685544372 -0.4223300517 0.2145027816 -0.8806962371 0.5631576180 0.8234212995 -0.0695043728
-86.2 -127.9 1962.7 0.9649129510 0.1125624403 -0.2372186929 -0.1754117906 0.9486096501 -0.2633826137 0.1953809559 0.2957522571 0.9350705147
-131.0 -504.8 1845.2 0.9801093936 0.0000000000 -0.1984580159 -0.0000000000 1.0000000000 0.0000000000 0.1984580159 -0.0000000000 0.9801093936
-30.5 -78.6 2130.2 0.8521321416 -0.1422339827 -0.5036271811 -0.0774261132 0.9175011516 -0.3901241422 0.5175673962 0.3714312315 0.7708196044
25.8 -442.3 1982.9 0.8521321416 0.3049174845 -0.4253188670 -0.0774261132 0.8772340417 0.4737780094 0.5175673962 -0.3707906604 0.7711279392
43.3 464.6 1816.6 0 0 0 0 0 0 0 0 0
188.9 -33.2 2274.2 0 0 0 0 0 0 0 0 0
-131.0 -887.1 1845.2 0 0 0 0 0 0 0 0 0
-90.6 -777.4 2124.6 0 0 0 0 0 0 0 0 0
-31.6 468.4 1999.5 91 0.2467749417 0.1448265016 -0.9581896663 -0.4094261825 0.9117689729 0.0323654003 0.8783349991 0.3843209743 0.2842974961
-62.4 274.3 1917.6 0.2467749417 0.1448265016 -0.9581896663 -0.4094261825 0.9117689729 0.0323654003 0.8783349991 0.3843209743 0.2842974961
-57.1 89.5 1990.1 0.2958148718 -0.0268183444 -0.9548687339 0.3561992943 0.9306074977 0.0842123106 0.8863496184 -0.3650348485 0.2848402262
-104.0 224.2 1793.1 -0.6011848450 -0.7001706958 -0.3851465285 0.0007351386 0.4814845324 -0.8764542937 0.7991096973 -0.5271941423 -0.2889464796
-19.7 224.1 1681.1 -0.2225755900 -0.7001706958 0.6783959866 -0.8487926126 0.4814845324 0.2184577286 -0.4795948863 -0.5271941423 -0.7014663815
-20.8 324.5 2042.2 0.0901117101 -0.5417199135 -0.8357149363 -0.9410184026 0.2284753174 -0.2495664358 0.3261353374 0.8089119792 -0.4891800880
2.6 79.4 2127.1 0.7049052119 -0.5417199135 -0.4578736126 -0.4007328153 0.2284753174 -0.8872498274 0.5852536559 0.8089119792 -0.0560315102
-80.5 -126.7 1979.6 0.9569039345 0.1311187446 -0.2591190636 -0.2119053453 0.9253734946 -0.3142927885 0.1985722333 0.3556567430 0.9132783413
-132.5 -493.7 1838.6 0.9791400433 0.0000000000 -0.2031865567 -0.0000000000 1.0000000000 0.0000000000 0.2031865567 -0.0000000000 0.9791400433
-22.8 -66.1 2142.3 0.8491872549 -0.1572095156 -0.5041489601 -0.0999662951 0.8895472288 -0.4457717836 0.5185438991 0.4289416373 0.7396764755
39.5 -418.5 1972.4 0.8491872549 0.3298739791 -0.4123883843 -0.0999662951 0.8671960235 0.4878296852 0.5185438991 -0.3730337918 0.7693880796
44.4 468.5 1819.2 0 0 0 0 0 0 0 0 0
184.5 -24.0 2278.1 0 0 0 0 0 0 0 0 0
-132.5 -876.1 1838.6 0 0 0 0 0 0 0 0 0
-86.5 -749.8 2114.9 0 0 0 0 0 0 0 0 0
-30.3 466.6 2000.1 92 0.2115718871 0.1599455774 -0.9641860723 -0.4139505327 0.9083299637 0.0598464012 0.8853712678 0.3864635229 0.2583866417
-65.2 268.6 1915.9 0.2115718871 0.1599455774 -0.9641860723 -0.4139505327 0.9083299637 0.0598464012 0.8853712678 0.3864635229 0.2583866417
-58.5 82.8 1985.7 0.2638847232 -0.0333255641 -0.9639783502 0.3478064835 0.9354559779 0.0628709272 0.8996641040 -0.3518685997 0.2584433854
-102.3 219.7 1789.4 -0.6430735588 -0.6911781430 -0.3297410607 -0.0561905168 0.4720077217 -0.8798018694 0.7637401819 -0.5472490191 -0.3423733413
-14.3 227.4 1684.9 -0.2136149704 -0.6911781430 0.6903921962 -0.8568444252 0.4720077217 0.2074279487 -0.4692400992 -0.5472490191 -0.6930600405
-28.0 317.5 2042.3 0.0978815854 -0.5686379671 -0.8167436123 -0.9441449046 0.2064222246 -0.2568663061 0.3146579564 0.7962667346 -0.5166716576
-2.6 71.6 2124.3 0.6951016784 -0.5686379671 -0.4398687780 -0.3970469832 0.2064222246 -0.8942838311 0.5993223786 0.7962667346 -0.0822915360
-78.9 -127.8 1981.4 0.9504436851 0.1409457177 -0.2771120369 -0.2287559956 0.9206575751 -0.3163231611 0.2105408907 0.3640384078 0.9072753787
-134.8 -493.4 1836.8 0.9763323069 0.0000000000 -0.2162757069 -0.0000000000 1.0000000000 0.0000000000 0.2162757069 -0.0000000000 0.9763323069
-24.6 -62.6 2143.7 0.8437099457 -0.1469885856 -0.5162827373 -0.0995697156 0.9022367597 -0.4195887744 0.5274840593 0.4054173529 0.7465904951
33.7 -420.5 1982.8 0.8437099457 0.3155032694 -0.4342939258 -0.0995697156 0.8869851232 0.4509359598 0.5274840593 -0.3372166157 0.7797727585
46.8 472.6 1819.3 0 0 0 0 0 0 0 0 0
176.8 -30.8 2278.9 0 0 0 0 0 0 0 0 0
-134.8 -875.7 1836.8 0 0 0 0 0 0 0 0 0
-86.8 -759.2 2111.6 0 0 0 0 0 0 0 0 0
-29.2 465.1 1995.0 93 0.1542135775 0.1626934558 -0.9745506644 -0.4211221933 0.9030941129 0.0841256827 0.8937976360 0.3974316120 0.2077832073
-63.8 272.8 1910.3 0.1542135775 0.1626934558 -0.9745506644 -0.4211221933 0.9030941129 0.0841256827 0.8937976360 0.3974316120 0.2077832073
-60.7 89.2 1986.1 0.2181552052 -0.0161441118 -0.9757805467 0.3760790527 0.9240304232 0.0687920600 0.9005402923 -0.3819779754 0.2076535076
-94.4 219.9 1783.9 -0.6522806883 -0.6959772110 -0.3002426624 -0.0832688510 0.4595087767 -0.8842612505 0.7533897758 -0.5517857075 -0.3576819301
-11.1 230.5 1687.6 -0.2015489191 -0.6959772110 0.6891979575 -0.8625540137 0.4595087767 0.2117835730 -0.4640890360 -0.5517857075 -0.6929314137
-33.2 325.7 2036.8 0.0824929476 -0.6080405116 -0.7896085382 -0.9337304235 0.2297828197 -0.2744947970 0.3483424187 0.7599253654 -0.5487904549
-11.7 82.5 2127.5 0.6643438339 -0.6080405116 -0.4346654117 -0.3768014908 0.2297828197 -0.8973407745 0.6454982162 0.7599253654 -0.0764557570
-76.0 -134.9 1973.2 0.9345250726 0.1528465152 -0.3214044273 -0.2489818931 0.9260721803 -0.2835459709 0.2543046772 0.3450047076 0.9034937024
-136.8 -502.8 1836.2 0.9649119377 0.0000000000 -0.2625735998 -0.0000000000 1.0000000000 0.0000000000 0.2625735998 0.0000000000 0.9649119377
-27.7 -71.2 2138.1 0.8362135291 -0.1445092112 -0.5290217996 -0.0923148692 0.9137992263 -0.3955363333 0.5405783653 0.3795894086 0.7507908940
29.7 -434.0 1987.4 0.8362135291 0.3177118003 -0.4469968379 -0.0923148692 0.8850049376 0.4563378394 0.5405783653 -0.3403314054 0.7693825960
46.2 475.7 1819.5 0 0 0 0 0 0 0 0 0
159.7 -14.7 2294.1 0 0 0 0 0 0 0 0 0
-136.8 -885.1 1836.2 0 0 0 0 0 0 0 0 0
-91.7 -772.1 2117.4 0 0 0 0 0 0 0 0 0
-26.1 461.6 1996.4 94 0.0998999476 0.1885348260 -0.9769721627 -0.4511981308 0.8837108016 0.1244002655 0.8868146539 0.4283804297 0.1733492315
-67.4 267.8 1902.5 0.0998999476 0.1885348260 -0.9769721627 -0.4511981308 0.8837108016 0.1244002655 0.8868146539 0.4283804297 0.1733492315
-62.8 86.1 1982.6 0.1780806482 -0.0236336384 -0.9837320447 0.4013542533 0.9145194292 0.0506845415 0.8984442353 -0.4038510025 0.1723436862
-92.4 211.4 1776.2 -0.7014312744 -0.6860657930 -0.1931525767 -0.2106376886 0.4584353864 -0.8634053469 0.6809008121 -0.5649342537 -0.4660722315
-5.8 237.4 1692.2 -0.2008148581 -0.6860657930 0.6992761493 -0.8656581044 0.4584353864 0.2011792213 -0.4585951269 -0.5649342537 -0.6859590411
-42.5 324.3 2028.7 0.0913170427 -0.6392005086 -0.7635993361 -0.9234272838 0.2326721847 -0.3051978052 0.3727509081 0.7329981923 -0.5690082312
-18.7 83.8 2125.8 0.6497489810 -0.6392005086 -0.4113987982 -0.3464885354 0.2326721847 -0.9087405205 0.6765884757 0.7329981923 -0.0702971220
-77.6 -128.7 1979.4 0.9267669320 0.1400834620 -0.3485393822 -0.2477551848 0.9253814816 -0.2868561447 0.2823480964 0.3522012234 0.8923193812
-133.3 -496.5 1839.5 0.9565908909 0.0000000000 -0.2914342284 0.0000000000 1.0000000000 0.0000000000 0.2914342284 0.0000000000 0.9565908909
-37.6 -59.8 2144.3 0.8410485387 -0.2003327161 -0.5024979115 -0.0778363422 0.8744198084 -0.4788856506 0.5353306532 0.4418786764 0.7198363543
41.7 -405.7 1969.5 0.8410485387 0.3131205440 -0.4411268532 -0.0778363422 0.8770133257 0.4741193056 0.5353306532 -0.3644216359 0.7619829178
50.8 481.5 1821.5 0 0 0 0 0 0 0 0 0
148.9 -5.6 2300.3 0 0 0 0 0 0 0 0 0
-133.3 -878.8 1839.5 0 0 0 0 0 0 0 0 0
-78.0 -740.8 2108.7 0 0 0 0 0 0 0 0 0
-23.9 460.7 1992.6 95 0.1838790178 0.2040837407 -0.9615291357 -0.3434058130 0.9299072027 0.1317004412 0.9210108519 0.3059777617 0.2410739660
-65.1 273.1 1930.9 0.1838790178 0.2040837407 -0.9615291357 -0.3434058130 0.9299072027 0.1317004412 0.9210108519 0.3059777617 0.2410739660
-58.0 83.1 1985.0 0.2386263758 -0.0376891755 -0.9703798294 0.2784003317 0.9599589705 0.0311770681 0.9303497672 -0.2775937319 0.2395642102
-98.2 233.2 1801.0 -0.6764594316 -0.6777888536 -0.2881057262 -0.0730188414 0.4509887993 -0.8895376921 0.7328512073 -0.5806990266 -0.3545669913
-1.9 243.6 1696.8 -0.2007201463 -0.6777888536 0.7073285580 -0.8732855916 0.4509887993 0.1843403280 -0.4439410865 -0.5806990266 -0.6824257970
-32.0 312.9 2060.7 0.1031879634 -0.5893677473 -0.8012477160 -0.9649335742 0.1361570954 -0.2244201452 0.2413615584 0.7963082790 -0.5546509624
-5.1 61.6 2123.5 0.6864373684 -0.5893677473 -0.4259688258 -0.4353330731 0.1361570954 -0.8899136782 0.5824850798 0.7963082790 -0.1631079465
-74.6 -132.2 1979.6 0.9478086233 0.1535890251 -0.2794086039 -0.2408924699 0.9190497398 -0.3119589686 0.2088769376 0.3629848361 0.9080817103
-135.6 -497.2 1835.4 0.9765667915 0.0000000000 -0.2152146250 0.0000000000 1.0000000000 0.0000000000 0.2152146250 0.0000000000 0.9765667915
-38.0 -64.9 2139.2 0.8326678276 -0.1883108765 -0.5207718611 -0.0771210045 0.8918102980 -0.4457878172 0.5483763814 0.4113556147 0.7280589938
35.0 -410.8 1979.7 0.8326678276 0.3063808084 -0.4612972140 -0.0771210045 0.8890473843 0.4512727857 0.5483763814 -0.3401845992 0.7639095187
53.6 485.2 1819.6 0 0 0 0 0 0 0 0 0
172.0 -50.7 2273.8 0 0 0 0 0 0 0 0 0
-135.6 -879.5 1835.4 0 0 0 0 0 0 0 0 0
-82.0 -750.4 2109.6 0 0 0 0 0 0 0 0 0
-23.5 457.9 1990.7 96 0.2583140433 0.2135887295 -0.9421537519 -0.2966853380 0.9456627369 0.1330408156 0.9193757176 0.2451568842 0.3076466024
-62.0 287.4 1946.5 0.2583140433 0.2135887295 -0.9421537519 -0.2966853380 0.9456627369 0.1330408156 0.9193757176 0.2451568842 0.3076466024
-55.5 94.2 1989.5 0.3063809872 -0.0350558721 -0.9512632489 0.2203634381 0.9747878313 0.0350514241 0.9260510802 -0.2203627378 0.3063814938
-104.6 255.9 1817.0 -0.6465876102 -0.6538044214 -0.3930194676 0.0873887017 0.4483301044 -0.8895860314 0.7578177452 -0.6095407605 -0.2327495515
-2.9 242.2 1697.8 -0.2091725916 -0.6538044214 0.7271771431 -0.8812606931 0.4483301044 0.1495985091 -0.4238235652 -0.6095407605 -0.6699504852
-19.4 318.8 2075.9 0.0978593901 -0.5316511393 -0.8412910104 -0.9788715839 0.1010840312 -0.1777425557 0.1795381159 0.8409096599 -0.5105261803
6.1 63.9 2122.7 0.7141214013 -0.5316511393 -0.4553874135 -0.4803278446 0.1010840312 -0.8712446094 0.5092306137 0.8409096599 -0.1831805855
