163.3 351.9 2079.1 9 0.6861708164 0.5094873309 -0.5192227364 -0.2892388701 0.8460046649 0.4479028881 0.6674656868 -0.1571584940 0.7278672457
61.7 183.3 2110.5 0.6861708164 0.5094873309 -0.5192227364 -0.2892388701 0.8460046649 0.4479028881 0.6674656868 -0.1571584940 0.7278672457
-37.7 18.0 2143.1 0.6895405054 0.5084534883 -0.5157605410 -0.2836416960 0.8448346853 0.4536537826 0.6663942337 -0.1665214747 0.7267663479
-36.4 223.7 2015.5 0.5786864758 -0.2120090425 -0.7875113487 0.8152000308 0.1220791787 0.5661674738 -0.0238938835 -0.9696127176 0.2434753478
-186.8 11.9 2021.7 0.0594317168 -0.2120090425 -0.9754588604 0.9919411540 0.1220791787 0.0339028910 0.1118955016 -0.9696127176 0.2175558805
159.8 142.9 2205.4 -0.3314234018 -0.6800073981 -0.6540248394 -0.8011560440 0.5689553022 -0.1855769902 0.4983046353 0.4624713957 -0.7333571315
103.0 5.6 2290.8 0.6479834914 -0.4325344265 0.6269221306 0.4650351703 0.8765504360 0.1241033003 -0.6032078266 0.2111239582 0.7691339254
-204.3 -118.2 2117.1 0.6635567546 -0.1494725943 -0.7330418825 -0.0235092882 0.9751874804 -0.2201287001 0.7477564812 0.1633011848 0.6435782909
-145.8 -500.1 2053.1 0.6591377258 0.1719677299 -0.7320960164 -0.0501283929 0.9813851118 0.1853924245 0.7503496408 -0.0855003446 0.6554884315
-81.1 -172.1 2237.4 0.6743910909 -0.1604653746 -0.7207270861 0.0759438500 0.9859973192 -0.1484647691 0.7344584465 0.0453885235 0.6771341562
-18.3 -558.2 2219.7 0.6730058193 0.0593423657 -0.7372527719 0.0485154800 0.9910877943 0.1240615100 0.7380443215 -0.1192622855 0.6641287804
-203.5 -267.4 1990.2 0 0 0 0 0 0 0 0 0
285.1 136.3 2121.3 0 0 0 0 0 0 0 0 0
-210.5 -869.6 2085.3 0 0 0 0 0 0 0 0 0
-40.6 -931.0 2264.5 0 0 0 0 0 0 0 0 0
151.6 360.7 2084.2 0 0.6869787574 0.4804779589 -0.5451616049 -0.2665431201 0.8645321131 0.4260739684 0.6760288477 -0.1473946869 0.7219832540
55.7 188.0 2113.7 0.6869787574 0.4804779589 -0.5451616049 -0.2665431201 0.8645321131 0.4260739684 0.6760288477 -0.1473946869 0.7219832540
-37.7 18.8 2143.9 0.6902242899 0.4775456488 -0.5436364412 -0.2606840134 0.8649572134 0.4288272560 0.6750068665 -0.1542696655 0.7215030193
-42.5 225.1 2017.5 0.5679349303 -0.2355109900 -0.7886599302 0.8227781057 0.1367818713 0.5516583323 -0.0220472217 -0.9621981382 0.2714564800
-188.8 13.3 2023.1 0.0332872085 -0.2355109900 -0.9713014364 0.9906008840 0.1367818713 0.0007831799 0.1326719820 -0.9621981382 0.2378504872
153.9 150.9 2209.8 -0.2956775427 -0.7185804248 -0.6294577122 -0.8382226825 0.5112130046 -0.1898523718 0.4582111835 0.4714906812 -0.7534846067
104.4 10.6 2286.5 0.6183885932 -0.4759916961 0.6253218651 0.4806225300 0.8586143255 0.1782790720 -0.6217696667 0.1902980208 0.7597296834
-199.3 -121.6 2115.5 0.6585065722 -0.1410007924 -0.7392482162 -0.0349769592 0.9754961729 -0.2172183692 0.7517617345 0.1688963771 0.6374388337
-144.1 -503.6 2049.4 0.6588854790 0.1726137549 -0.7321709991 -0.0328368023 0.9789888263 0.2012525052 0.7515262365 -0.1085601971 0.6507096291
-74.8 -172.8 2236.0 0.6662478447 -0.1544606090 -0.7295585871 0.0633861572 0.9865033031 -0.1509748697 0.7430316210 0.0543427654 0.6670463681
-14.3 -559.2 2214.7 0.6672191024 0.0665183663 -0.7418854237 0.0768468529 0.9845423102 0.1573879719 0.7408867478 -0.1620238274 0.6517937183
-198.2 -265.6 1985.8 0 0 0 0 0 0 0 0 0
278.3 145.8 2111.7 0 0 0 0 0 0 0 0 0
-209.1 -872.2 2090.2 0 0 0 0 0 0 0 0 0
-39.4 -929.4 2275.6 0 0 0 0 0 0 0 0 0
138.2 369.1 2086.7 1 0.6925287247 0.4499048591 -0.5639057159 -0.2482858449 0.8825868964 0.3992424011 0.6773168445 -0.1364770085 0.7229217887
48.1 192.3 2114.1 0.6925287247 0.4499048591 -0.5639057159 -0.2482858449 0.8825868964 0.3992424011 0.6773168445 -0.1364770085 0.7229217887
-38.9 19.4 2142.4 0.6966198683 0.4449343383 -0.5628091693 -0.2402098179 0.8838391900 0.4014068842 0.6760325432 -0.1444357187 0.7225775719
-51.1 226.5 2017.7 0.5438966751 -0.2872924209 -0.7884411812 0.8386673331 0.1541668624 0.5223692656 -0.0285212193 -0.9453547597 0.3247936070
-190.6 11.3 2025.0 0.0072197602 -0.2872924209 -0.9578157067 0.9872826934 0.1541668624 -0.0387997665 0.1588103324 -0.9453547597 0.2847518921
147.2 158.1 2210.4 -0.2402609587 0.6252759099 -0.7424989343 -0.8667805791 0.2061539143 0.4540836215 0.4369966388 0.7526822686 0.4924463034
108.4 17.9 2281.1 0.5901049376 0.6252759099 0.5106918812 0.5062515736 0.2061539143 -0.8373827934 -0.6288764477 0.7526822686 -0.1948944628
-193.3 -126.8 2113.2 0.6599573493 -0.1320484430 -0.7396076918 -0.0414249375 0.9765400290 -0.2113137692 0.7501601577 0.1700962633 0.6390046477
-141.6 -509.3 2046.5 0.6621137857 0.1840402931 -0.7264533639 -0.0302319285 0.9751462340 0.2194899619 0.7487932444 -0.1233652458 0.6512216926
-68.7 -173.9 2235.2 0.6648288369 -0.1439636499 -0.7329918742 0.0538933501 0.9879400134 -0.1451552212 0.7450490594 0.0570000000 0.6645697355
-12.3 -560.8 2212.9 0.6668382883 0.0715754703 -0.7417570949 0.0786243752 0.9830633998 0.1655433625 0.7410430908 -0.1687108427 0.6499167681
-192.7 -266.5 1980.3 0 0 0 0 0 0 0 0 0
274.3 160.3 2104.3 0 0 0 0 0 0 0 0 0
-210.9 -876.4 2093.0 0 0 0 0 0 0 0 0 0
-39.3 -930.8 2276.4 0 0 0 0 0 0 0 0 0
126.8 377.3 2087.5 2 0.6898379922 0.4254785180 -0.5857401490 -0.2267439067 0.8953451514 0.3833330572 0.6875396371 -0.1316247135 0.7141177654
41.3 197.5 2113.9 0.6898379922 0.4254785180 -0.5857401490 -0.2267439067 0.8953451514 0.3833330572 0.6875396371 -0.1316247135 0.7141177654
-40.6 21.9 2141.1 0.6938647628 0.4188669622 -0.5857492089 -0.2181937695 0.8974753022 0.3833138943 0.6862529516 -0.1381611824 0.7141206861
-57.4 228.6 2016.1 0.5210500956 -0.3184561729 -0.7918916941 0.8527588248 0.1549012810 0.4988065958 -0.0361830033 -0.9351958632 0.3522776365
-193.2 6.5 2025.6 -0.0329467393 -0.3184561729 -0.9473648667 0.9841537476 0.1549012810 -0.0862961337 0.1742295623 -0.9351958632 0.3083063364
140.1 166.4 2211.8 -0.1618215293 0.6461226940 -0.7458815575 -0.9085233212 0.1975130886 0.3682036698 0.3852261305 0.7372340560 0.5550556779
114.4 22.1 2272.9 0.5453075767 0.6461226940 0.5340085030 0.5563676953 0.1975130886 -0.8071205020 -0.6269725561 0.7372340560 -0.2517763972
-188.8 -131.7 2109.6 0.6537322998 -0.1181423068 -0.7474466562 -0.0473485105 0.9794161320 -0.1962196678 0.7552431226 0.1636656225 0.6346820593
-142.5 -515.3 2045.5 0.6563181281 0.1776176095 -0.7332792878 -0.0334803611 0.9777936339 0.2068783492 0.7537410855 -0.1112275496 0.6476904154
-63.0 -175.1 2231.8 0.6550251842 -0.1295483559 -0.7444187403 0.0538510047 0.9906914830 -0.1250219643 0.7536856532 0.0418048352 0.6559041739
-12.3 -563.1 2215.5 0.6549142003 0.0613365136 -0.7532099485 0.0520410538 0.9906740189 0.1259236038 0.7539092302 -0.1216669977 0.6456144452
-183.9 -270.4 1976.5 0 0 0 0 0 0 0 0 0
267.6 178.4 2096.8 0 0 0 0 0 0 0 0 0
-209.4 -883.5 2087.4 0 0 0 0 0 0 0 0 0
-35.3 -935.6 2261.2 0 0 0 0 0 0 0 0 0
101.4 388.5 2094.4 3 0.7110718489 0.3742482066 -0.5952437520 -0.2016432881 0.9195578098 0.3372735977 0.6735850573 -0.1197988391 0.7293362617
26.3 204.0 2118.4 0.7110718489 0.3742482066 -0.5952437520 -0.2016432881 0.9195578098 0.3372735977 0.6735850573 -0.1197988391 0.7293362617
-45.7 24.0 2142.9 0.7141386867 0.3684382737 -0.5951967835 -0.1940422356 0.9211490154 0.3373900950 0.6725723147 -0.1254500002 0.7293207645
-75.3 231.6 2022.6 0.4650391340 -0.2639794648 -0.8450168371 0.8851469159 0.1214783713 0.4491747022 -0.0159216225 -0.9568478465 0.2901528180
-195.1 3.6 2026.7 -0.1312010884 -0.2639794648 -0.9555632472 0.9782938957 0.1214783713 -0.1678811014 0.1603974253 -0.9568478465 0.2423113883
127.9 176.5 2214.3 -0.0539168715 0.6661902666 -0.7438303232 -0.9489527941 0.1976536959 0.2458081096 0.3107757866 0.7191130519 0.6215262413
119.7 31.1 2261.9 0.4748789370 0.6661902666 0.5750483274 0.6310698390 0.1976536959 -0.7501226068 -0.6133847833 0.7191130519 -0.3265509903
-185.1 -133.9 2106.1 0.6680959463 -0.1121839881 -0.7355695963 -0.0420090593 0.9813051820 -0.1878174543 0.7428883314 0.1563806683 0.6508932710
-141.2 -518.3 2044.9 0.6693457961 0.1761561036 -0.7217653394 -0.0351624750 0.9779069424 0.2060620189 0.7421184778 -0.1125476882 0.6607519984
-59.8 -173.4 2230.2 0.6660982370 -0.1221706495 -0.7357903719 0.0463159159 0.9913652539 -0.1226773188 0.7444245815 0.0476363413 0.6660051346
-12.0 -561.6 2211.5 0.6672151089 0.0545371473 -0.7428658605 0.0645372570 0.9893328547 0.1305964291 0.7420639396 -0.1350784302 0.6565781832
-158.3 -270.5 1981.7 0 0 0 0 0 0 0 0 0
252.5 207.7 2090.3 0 0 0 0 0 0 0 0 0
-207.5 -886.6 2087.3 0 0 0 0 0 0 0 0 0
-32.5 -933.9 2262.4 0 0 0 0 0 0 0 0 0
84.1 395.8 2097.3 4 0.7118653655 0.3350451887 -0.6172458529 -0.1705696881 0.9350361228 0.3108270466 0.6812882423 -0.1159835830 0.7227683663
16.8 208.0 2120.6 0.7118653655 0.3350451887 -0.6172458529 -0.1705696881 0.9350361228 0.3108270466 0.6812882423 -0.1159835830 0.7227683663
-47.2 24.7 2143.7 0.7141279578 0.3276656866 -0.6185923219 -0.1641768366 0.9374343157 0.3070225418 0.6804904342 -0.1176948473 0.7232431769
-84.8 231.3 2023.6 0.4316067100 -0.2612263560 -0.8634097576 0.9018645883 0.1049443483 0.4190786481 -0.0188644063 -0.9595558643 0.2808854878
-197.2 -3.6 2028.6 -0.2123449892 -0.2612263560 -0.9416317940 0.9634736776 0.1049443483 -0.2463840395 0.1631809473 -0.9595558643 0.2294003218
118.4 184.6 2217.6 0.0500346534 0.6706801653 -0.7400571704 -0.9701192975 0.2087765634 0.1236157417 0.2374132276 0.7117587328 0.6610858440
126.0 38.1 2253.5 0.4224076569 0.6706801653 0.6097211838 0.6812721491 0.2087765634 -0.7016270757 -0.5978628397 0.7117587328 -0.3687269092
-182.1 -138.6 2106.6 0.6650710106 -0.1002075598 -0.7400263548 -0.0501243025 0.9827313423 -0.1781197786 0.7450960279 0.1555556059 0.6485632658
-142.9 -523.5 2045.7 0.6676977277 0.1684893370 -0.7251145244 -0.0352934301 0.9801194668 0.1952441037 0.7435954213 -0.1047722548 0.6603700519
-53.2 -173.5 2228.2 0.6593095064 -0.1103710160 -0.7437265515 0.0382364057 0.9928089380 -0.1134391353 0.7508987784 0.0463540666 0.6587885618
-10.0 -562.4 2210.1 0.6611496806 0.0629462078 -0.7476087809 0.0637040138 0.9881655574 0.1395371109 0.7475445867 -0.1398805976 0.6493154168
-137.7 -273.4 1982.9 0 0 0 0 0 0 0 0 0
244.2 228.8 2086.1 0 0 0 0 0 0 0 0 0
-206.3 -892.6 2085.1 0 0 0 0 0 0 0 0 0
-33.7 -934.4 2262.7 0 0 0 0 0 0 0 0 0
72.3 399.7 2099.8 5 0.7305935025 0.3084971607 -0.6091490984 -0.1604175270 0.9446966648 0.2860321403 0.6637012362 -0.1112550348 0.7396776080
10.3 210.0 2122.2 0.7305935025 0.3084971607 -0.6091490984 -0.1604175270 0.9446966648 0.2860321403 0.6637012362 -0.1112550348 0.7396776080
-48.7 24.8 2144.5 0.7328212261 0.3016661704 -0.6098939180 -0.1535127312 0.9465383291 0.2837234735 0.6628777385 -0.1142920926 0.7399529815
-94.0 231.8 2027.7 0.3983146250 -0.2526411116 -0.8817697763 0.9171789885 0.0978342518 0.3862786591 -0.0113225784 -0.9626011252 0.2706859112
-198.4 -8.6 2030.7 -0.2645953894 -0.2526411116 -0.9306781292 0.9499657750 0.0978342518 -0.2966369390 0.1659948826 -0.9626011252 0.2141139209
114.6 188.2 2216.6 0.0988799408 0.6654541492 -0.7398604751 -0.9692348838 0.2328187674 0.0798695534 0.2254029363 0.7092010975 0.6680024862
129.4 43.5 2250.3 0.3802952766 0.6654541492 0.6422976255 0.7118086219 0.2328187674 -0.6626642346 -0.5905116200 0.7092010975 -0.3851361275
-175.7 -143.7 2105.2 0.6838619113 -0.0820375457 -0.7249846458 -0.0556259155 0.9849040508 -0.1639200896 0.7274879217 0.1524266452 0.6689749360
-143.5 -529.4 2045.5 0.6872230172 0.1696407199 -0.7063614726 -0.0369523689 0.9792561531 0.1992282867 0.7255060673 -0.1108125374 0.6792359948
-46.8 -173.3 2228.3 0.6760896444 -0.0973151252 -0.7303646803 0.0336917154 0.9942860007 -0.1012924761 0.7360486984 0.0438755527 0.6755051613
-8.7 -562.7 2211.1 0.6774694920 0.0658145994 -0.7326005101 0.0525832660 0.9891071916 0.1374845505 0.7336689234 -0.1316641122 0.6666291952
-124.2 -275.0 1984.1 0 0 0 0 0 0 0 0 0
236.1 243.2 2084.6 0 0 0 0 0 0 0 0 0
-207.4 -898.2 2087.3 0 0 0 0 0 0 0 0 0
-33.5 -935.2 2260.7 0 0 0 0 0 0 0 0 0
63.1 402.0 2100.5 6 0.7793506980 0.2845561504 -0.5582475066 -0.1646365672 0.9526240826 0.2557385564 0.6045719385 -0.1074020714 0.7892765999
5.8 210.0 2122.2 0.7793506980 0.2845561504 -0.5582475066 -0.1646365672 0.9526240826 0.2557385564 0.6045719385 -0.1074020714 0.7892765999
-48.3 23.3 2143.6 0.7817063332 0.2765474021 -0.5589782596 -0.1566294879 0.9546357393 0.2532545030 0.6036574841 -0.1104181781 0.7895602584
-105.2 232.2 2036.4 0.3572117686 -0.2310727239 -0.9049890041 0.9339113235 0.1033707112 0.3422339559 0.0144684240 -0.9674295187 0.2527266741
-198.7 -12.3 2032.6 -0.2947705686 -0.2310727239 -0.9272085428 0.9401679039 0.1033707112 -0.3246518672 0.1708644032 -0.9674295187 0.1867765188
116.8 187.9 2208.0 0.0869215354 0.6429997087 -0.7609178424 -0.9604383707 0.2569447160 0.1074131802 0.2645804882 0.7214781642 0.6398956180
130.1 41.1 2248.4 0.3437361419 0.6429997087 0.6843951941 0.7450084686 0.2569447160 -0.6155825257 -0.5716711283 0.7214781642 -0.3907190263
-173.8 -146.5 2106.9 0.7352856398 -0.0684631839 -0.6742905974 -0.0529772490 0.9860353470 -0.1578852385 0.6756836772 0.1518128067 0.7213906646
-147.0 -532.6 2047.4 0.7371387482 0.1535739154 -0.6580588818 -0.0414522216 0.9822751284 0.1828039885 0.6744688153 -0.1074739024 0.7304390073
-41.5 -174.1 2226.7 0.7263809443 -0.0845033899 -0.6820776463 0.0371164270 0.9957875609 -0.0838420168 0.6862893701 0.0355849564 0.7264575362
-8.4 -564.1 2212.8 0.7258437276 0.0690254197 -0.6843875647 0.0290609170 0.9909867644 0.1307694316 0.6872454286 -0.1148070991 0.7172956467
-115.9 -276.5 1984.6 0 0 0 0 0 0 0 0 0
228.4 254.2 2084.9 0 0 0 0 0 0 0 0 0
-204.8 -902.6 2087.9 0 0 0 0 0 0 0 0 0
-34.4 -937.3 2256.0 0 0 0 0 0 0 0 0 0
56.1 405.4 2118.4 7 0.7581385970 0.2658177912 -0.5954551101 -0.1661083847 0.9617444873 0.2178428173 0.6305821538 -0.0662449598 0.7732902169
2.6 212.1 2131.7 0.7581385970 0.2658177912 -0.5954551101 -0.1661083847 0.9617444873 0.2178428173 0.6305821538 -0.0662449598 0.7732902169
-47.9 23.7 2146.3 0.7609419823 0.2588978112 -0.5949279070 -0.1558250189 0.9630247951 0.2197766006 0.6298300028 -0.0745325908 0.7731487751
-105.5 234.3 2042.1 0.3430222273 -0.2136194855 -0.9147143960 0.9387874603 0.1109737605 0.3261332810 0.0318408795 -0.9705933928 0.2386097610
-198.0 -18.9 2033.6 -0.3112523556 -0.2136194855 -0.9260068536 0.9340199232 0.1109737605 -0.3395461440 0.1752961278 -0.9705933928 0.1649840176
110.8 189.9 2221.3 0.1456403583 0.7048725486 -0.6942215562 -0.9776751995 0.2099663764 0.0080818031 0.1514598429 0.6775462031 0.7197159529
133.6 37.1 2245.0 0.2867208421 0.7048725486 0.6488034129 0.7893391848 0.2099663764 -0.5769382715 -0.5428948402 0.6775462031 -0.4961817563
-172.9 -149.5 2110.6 0.7099597454 -0.0608081296 -0.7016121149 -0.0620577075 0.9869877696 -0.1483374536 0.7015026808 0.1488540620 0.6969479322
-149.1 -536.1 2052.3 0.7113108635 0.1557037383 -0.6854146123 -0.0536808707 0.9843412042 0.1679010242 0.7008246779 -0.0826361701 0.7085309029
-32.0 -177.6 2219.4 0.6980339885 -0.0610077269 -0.7134610415 0.0346270688 0.9980742335 -0.0514665358 0.7152269483 0.0112203239 0.6988022327
-8.2 -568.3 2215.0 0.6972332597 0.0646117702 -0.7139264941 0.0213598348 0.9936149120 0.1107845232 0.7165259719 -0.0924920067 0.6914013028
-110.5 -281.7 1984.2 0 0 0 0 0 0 0 0 0
217.7 268.6 2085.8 0 0 0 0 0 0 0 0 0
-207.7 -906.7 2083.4 0 0 0 0 0 0 0 0 0
-32.5 -942.4 2249.8 0 0 0 0 0 0 0 0 0
50.2 407.9 2121.8 8 0.7453353405 0.2602370083 -0.6138011813 -0.1650994122 0.9640403390 0.2082507610 0.6459236741 -0.0538784452 0.7614983320
-2.0 214.4 2132.7 0.7453353405 0.2602370083 -0.6138011813 -0.1650994122 0.9640403390 0.2082507610 0.6459236741 -0.0538784452 0.7614983320
-50.9 25.3 2144.3 0.7482320666 0.2503361106 -0.6143944860 -0.1541474313 0.9663329720 0.2060076892 0.6452807784 -0.0594342425 0.7616299987
-108.5 236.4 2040.8 0.3444514573 -0.2390232086 -0.9078662395 0.9386543036 0.1049605906 0.3284986615 0.0167713780 -0.9653244019 0.2605139911
-200.3 -13.8 2036.3 -0.3067703247 -0.2390232086 -0.9212816358 0.9350613952 0.1049605906 -0.3385903835 0.1776292324 -0.9653244019 0.1913025677
104.5 192.4 2224.5 0.1937150955 0.6829189658 -0.7043409348 -0.9714197516 0.2339094132 -0.0403746180 0.1371793747 0.6920318604 0.7087127566
134.5 42.1 2245.7 0.2552224696 0.6829189658 0.6844583154 0.8112440705 0.2339094132 -0.5358819962 -0.5260651708 0.6920318604 -0.4943149984
-167.1 -150.7 2104.0 0.6944860220 -0.0426966026 -0.7182382345 -0.0585160144 0.9915792942 -0.1155266017 0.7171227336 0.1222600490 0.6861395240
-150.3 -538.9 2056.1 0.6939173341 0.1563955098 -0.7028650045 -0.0621293113 0.9854914546 0.1579447538 0.7173692584 -0.0659320801 0.6935663223
-29.8 -178.8 2217.6 0.6813859940 -0.0601627864 -0.7294474244 0.0353262275 0.9981577992 -0.0493265912 0.7310712337 0.0078418246 0.6822561026
-6.3 -569.7 2214.5 0.6801111102 0.0748208612 -0.7292809486 0.0168464091 0.9929205775 0.1175796464 0.7329154611 -0.0922529921 0.6740358472
-113.9 -277.1 1986.3 0 0 0 0 0 0 0 0 0
209.5 280.6 2091.1 0 0 0 0 0 0 0 0 0
-209.2 -909.9 2080.9 0 0 0 0 0 0 0 0 0
-34.4 -943.6 2249.3 0 0 0 0 0 0 0 0 0
44.8 408.8 2123.6 9 0.7349060774 0.2494570315 -0.6306220889 -0.1547333151 0.9670404196 0.2022139281 0.6602807045 -0.0510299951 0.7492831945
-5.4 214.4 2133.8 0.7349060774 0.2494570315 -0.6306220889 -0.1547333151 0.9670404196 0.2022139281 0.6602807045 -0.0510299951 0.7492831945
-52.2 24.6 2144.5 0.7373901010 0.2392340451 -0.6316826344 -0.1448902786 0.9694319367 0.1980115622 0.6597443819 -0.0544870943 0.7495121956
-110.4 235.0 2039.9 0.3498378992 -0.2368682772 -0.9063701630 0.9366850853 0.1042578146 0.3342923224 0.0153129250 -0.9659315348 0.2583443224
-202.1 -10.4 2035.8 -0.3044798672 -0.2368682772 -0.9225971103 0.9361718297 0.1042578146 -0.3357270658 0.1757110506 -0.9659315348 0.1900050044
99.6 193.7 2227.8 0.2589805126 0.6573302150 -0.7077047825 -0.9592660666 0.2606562674 -0.1089352220 0.1128612682 0.7070893049 0.6980594993
137.8 52.1 2244.4 0.2330359370 0.6573302150 0.7166667581 0.8219857216 0.2606562674 -0.5063573718 -0.5196476579 0.7070893049 -0.4795738161
-167.4 -149.9 2097.6 0.6806184053 -0.0447544605 -0.7312698364 -0.0415821299 0.9941637516 -0.0995457768 0.7314571142 0.0981604457 0.6747851968
-149.8 -539.1 2059.2 0.6731444597 0.1760190576 -0.7182574868 -0.0875222087 0.9833963513 0.1589700282 0.7343135476 -0.0441463180 0.6773734093
-32.3 -177.8 2214.2 0.6664173007 -0.0675674006 -0.7425110340 0.0448451713 0.9977146387 -0.0505411848 0.7442290783 0.0003834823 0.6679243445
-5.8 -568.5 2214.0 0.6645947099 0.0744646937 -0.7434843183 0.0170735549 0.9932485819 0.1147420928 0.7470089793 -0.0889509022 0.6588363647
-116.3 -274.1 1986.4 0 0 0 0 0 0 0 0 0
204.9 288.7 2094.9 0 0 0 0 0 0 0 0 0
-216.1 -909.3 2075.8 0 0 0 0 0 0 0 0 0
-33.9 -942.6 2247.5 0 0 0 0 0 0 0 0 0
40.7 410.6 2123.9 0 0.7312735319 0.2435940206 -0.6371036172 -0.1475310028 0.9684309363 0.2009382248 0.6659381986 -0.0529482588 0.7441255450
-8.5 215.3 2134.6 0.7312735319 0.2435940206 -0.6371036172 -0.1475310028 0.9684309363 0.2009382248 0.6659381986 -0.0529482588 0.7441255450
-53.9 25.1 2145.1 0.7334964871 0.2321042269 -0.6388353109 -0.1384669393 0.9712046385 0.1938773394 0.6654395461 -0.0537507795 0.7445139885
-113.0 235.0 2039.8 0.3440411687 -0.2534820735 -0.9040920734 0.9388575554 0.1067083776 0.3273527324 0.0134961493 -0.9614365101 0.2746956646
-203.1 -11.0 2036.3 -0.3017419577 -0.2534820735 -0.9190748930 0.9355847239 0.1067083776 -0.3365926147 0.1833931953 -0.9614365101 0.2049555629
96.0 195.5 2229.4 0.3256243169 0.6286409497 -0.7062430978 -0.9410453439 0.2878963947 -0.1776212603 0.0916648433 0.7224445939 0.6853257418
142.5 61.1 2242.5 0.2009256631 0.6286409497 0.7512918115 0.8372911215 0.2878963947 -0.4648216963 -0.5085001588 0.7224445939 -0.4685097337
-165.6 -152.1 2095.6 0.6755044460 -0.0402564816 -0.7362561822 -0.0380658023 0.9952731729 -0.0893436596 0.7363726497 0.0883782208 0.6707790494
-149.8 -541.9 2061.0 0.6650116444 0.1896963269 -0.7223398089 -0.0991561189 0.9810677767 0.1663551927 0.7402213216 -0.0390037298 0.6712310314
-32.4 -178.3 2214.8 0.6608120799 -0.0706255808 -0.7472211719 0.0454075746 0.9975011945 -0.0541248433 0.7491766214 0.0018368484 0.6623677611
-4.7 -569.0 2214.1 0.6582337022 0.0830012560 -0.7482240200 0.0093838815 0.9929215312 0.1184010655 0.7527551651 -0.0849568173 0.6527955532
-118.1 -274.6 1984.6 0 0 0 0 0 0 0 0 0
199.7 299.3 2097.8 0 0 0 0 0 0 0 0 0
-221.2 -911.2 2075.7 0 0 0 0 0 0 0 0 0
-36.0 -943.0 2246.1 0 0 0 0 0 0 0 0 0
37.2 412.5 2124.1 1 0.7287063003 0.2398166955 -0.6414632201 -0.1428439915 0.9693044424 0.2001113445 0.6697632074 -0.0541932322 0.7405946255
-11.1 217.0 2135.0 0.7287063003 0.2398166955 -0.6414632201 -0.1428439915 0.9693044424 0.2001113445 0.6697632074 -0.0541932322 0.7405946255
-55.4 26.5 2145.7 0.7312197685 0.2259981781 -0.6436167359 -0.1323657632 0.9725981355 0.1911338568 0.6691763401 -0.0545680374 0.7410973907
-115.3 235.8 2039.7 0.3379394114 -0.2512818575 -0.9070029855 0.9410354495 0.1063792631 0.3211475611 0.0157877505 -0.9620503783 0.2724148929
-203.8 -10.6 2035.5 -0.2960811853 -0.2512818575 -0.9215168953 0.9378492832 0.1063792631 -0.3303365409 0.1810378581 -0.9620503783 0.2041676044
93.0 198.1 2230.4 0.3474445939 0.6209647059 -0.7026273012 -0.9329777956 0.3040352166 -0.1926525831 0.0939929783 0.7224717736 0.6849816442
144.1 61.0 2244.2 0.1578879058 0.6209647059 0.7677722573 0.8543015718 0.3040352166 -0.4215820730 -0.4952173829 0.7224717736 -0.4824876189
-165.6 -152.6 2095.5 0.6722677946 -0.0314335898 -0.7396404147 -0.0330106393 0.9968315959 -0.0723675713 0.7395717502 0.0730663911 0.6691001058
-153.3 -542.9 2066.9 0.6609033942 0.1650235057 -0.7321024537 -0.1147960797 0.9862737060 0.1186845303 0.7416391373 0.0056034871 0.6707756519
-33.1 -177.6 2215.8 0.6576883793 -0.0657249689 -0.7504173517 0.0407055318 0.9978317618 -0.0517190918 0.7521895170 0.0034689074 0.6589376926
-7.3 -568.5 2214.5 0.6563964486 0.0646289587 -0.7516427636 0.0182510987 0.9946718216 0.1014638469 0.7541953325 -0.0803188160 0.6517194510
-120.4 -274.8 1984.5 0 0 0 0 0 0 0 0 0
189.9 308.5 2100.7 0 0 0 0 0 0 0 0 0
-215.3 -913.8 2064.8 0 0 0 0 0 0 0 0 0
-31.6 -943.0 2244.7 0 0 0 0 0 0 0 0 0
32.1 412.0 2124.2 2 0.7261397243 0.2284925729 -0.6484692097 -0.1315853894 0.9719133973 0.1951143295 0.6748380661 -0.0563511886 0.7358111739
-14.0 216.0 2135.5 0.7261397243 0.2284925729 -0.6484692097 -0.1315853894 0.9719133973 0.1951143295 0.6748380661 -0.0563511886 0.7358111739
-56.4 25.2 2146.5 0.7280844450 0.2164944410 -0.6504023671 -0.1230781004 0.9746848941 0.1866577119 0.6743476987 -0.0558522940 0.7362986207
-117.7 233.6 2039.4 0.3347758353 -0.2597429752 -0.9057917595 0.9422110915 0.1053140387 0.3180365562 0.0127848247 -0.9599179626 0.2799893022
-204.2 -9.9 2036.1 -0.2921536863 -0.2597429752 -0.9204236865 0.9388825893 0.1053140387 -0.3277323246 0.1820597053 -0.9599179626 0.2131002694
89.7 198.5 2231.6 0.3818471134 0.6233832240 -0.6823387146 -0.9209427238 0.3188084066 -0.2241108418 0.0778283775 0.7139709592 0.6958363652
145.6 63.8 2243.0 0.1210925281 0.6233832240 0.7724829912 0.8627253175 0.3188084066 -0.3925127387 -0.4909599423 0.7139709592 -0.4992031753
-165.7 -152.0 2095.9 0.6681065559 -0.0340561122 -0.7432858348 -0.0356857292 0.9963358045 -0.0777267516 0.7432093620 0.0784544498 0.6644431949
-152.4 -542.2 2065.2 0.6570284367 0.1671314687 -0.7351059318 -0.1133086458 0.9859313369 0.1228845268 0.7453017831 0.0025552239 0.6667223573
-33.5 -175.9 2216.9 0.6528717279 -0.0669524893 -0.7545037270 0.0408876240 0.9977487326 -0.0531573109 0.7563641667 0.0038550398 0.6541394591
-7.3 -566.8 2215.4 0.6515567303 0.0630394220 -0.7559760809 0.0172267184 0.9950547218 0.0978230089 0.7584043145 -0.0767602250 0.6472486258
-121.9 -274.4 1984.9 0 0 0 0 0 0 0 0 0
181.0 316.4 2099.3 0 0 0 0 0 0 0 0 0
-215.3 -913.3 2064.3 0 0 0 0 0 0 0 0 0
-31.1 -941.5 2244.3 0 0 0 0 0 0 0 0 0
28.8 412.6 2124.7 3 0.7176025510 0.2209466249 -0.6604764462 -0.1220738664 0.9735652804 0.1930507123 0.6856708527 -0.0579067729 0.7256047726
-15.7 216.6 2136.4 0.7176025510 0.2209466249 -0.6604764462 -0.1220738664 0.9735652804 0.1930507123 0.6856708527 -0.0579067729 0.7256047726
-56.7 25.4 2147.4 0.7192312479 0.2092192024 -0.6625207067 -0.1146913469 0.9762525558 0.1837847233 0.6852388382 -0.0561983213 0.7261469960
-118.2 232.9 2038.7 0.3282735348 -0.2545700967 -0.9096320868 0.9444388747 0.1052640900 0.3113755286 0.0164846890 -0.9613082409 0.2749813199
-203.9 -13.6 2034.4 -0.2900281250 -0.2545700967 -0.9225387573 0.9399890900 0.1052640900 -0.3245612681 0.1797337979 -0.9613082409 0.2087635696
86.8 200.2 2234.0 0.4599241316 0.5978804827 -0.6565125585 -0.8873021603 0.3378635049 -0.3139157891 0.0341275223 0.7269024849 0.6858922243
154.8 68.9 2239.1 0.0729040802 0.5978804827 0.7982630730 0.8801530600 0.3378635049 -0.3334348798 -0.4690581560 0.7269024849 -0.5015947223
-164.6 -154.6 2096.5 0.6579840779 -0.0334477723 -0.7522886395 -0.0390225612 0.9961562753 -0.0784212798 0.7520200610 0.0809561834 0.6541497707
-151.5 -544.8 2064.8 0.6464750171 0.1740124822 -0.7428255081 -0.1154265329 0.9847422242 0.1302285343 0.7541530132 0.0015522819 0.6566969156
-33.0 -176.9 2218.4 0.6424964666 -0.0644465089 -0.7635737658 0.0344933234 0.9978794456 -0.0551983416 0.7655118704 0.0091265449 0.6433569789
-7.7 -567.7 2214.8 0.6415125728 0.0643120334 -0.7644119263 0.0178921614 0.9949540496 0.0987236872 0.7669038177 -0.0770094693 0.6371248364
-122.2 -278.5 1983.8 0 0 0 0 0 0 0 0 0
176.2 327.3 2101.4 0 0 0 0 0 0 0 0 0
-217.0 -915.6 2064.2 0 0 0 0 0 0 0 0 0
-32.0 -942.5 2243.8 0 0 0 0 0 0 0 0 0
26.7 413.2 2124.5 4 0.7172014713 0.2212362289 -0.6608150601 -0.1206829920 0.9733708501 0.1948969960 0.6863363981 -0.0600312725 0.7248024344
-17.7 217.8 2136.6 0.7172014713 0.2212362289 -0.6608150601 -0.1206829920 0.9733708501 0.1948969960 0.6863363981 -0.0600312725 0.7248024344
-58.5 26.5 2147.7 0.7188076973 0.2084919810 -0.6632093191 -0.1133953854 0.9763569832 0.1840340793 0.6858986616 -0.0570802428 0.7254549265
-120.1 233.9 2038.8 0.3212232292 -0.2547049522 -0.9121080041 0.9468383789 0.1043660641 0.3043103516 0.0176837686 -0.9613704085 0.2746892273
-204.2 -13.9 2034.2 -0.2842804492 -0.2547049522 -0.9242889285 0.9421486855 0.1043660641 -0.3185335100 0.1775964499 -0.9613704085 0.2103006989
84.7 201.6 2234.3 0.5104005337 0.5701429248 -0.6437610984 -0.8597655296 0.3532722890 -0.3687844276 0.0171631053 0.7417113781 0.6704995632
160.5 73.9 2236.9 0.0435331613 0.5701429248 0.8203912973 0.8885647655 0.3532722890 -0.2926624417 -0.4566809237 0.7417113781 -0.4912298918
-162.7 -155.4 2096.5 0.6577088237 -0.0213586595 -0.7529693842 -0.0469399467 0.9964931607 -0.0692678541 0.7518082857 0.0809024200 0.6543997526
-154.3 -545.7 2064.8 0.6489406824 0.1595940441 -0.7439124584 -0.1093722135 0.9871653914 0.1163707525 0.7529367208 0.0058456301 0.6580669880
-32.7 -176.2 2220.4 0.6426053047 -0.0706087276 -0.7629370093 0.0253868643 0.9971601367 -0.0709029362 0.7657766938 0.0261940230 0.6425728798
-5.0 -566.7 2210.1 0.6441184282 0.0761950240 -0.7611213923 0.0436294600 0.9897469878 0.1360050291 0.7636805177 -0.1208106652 0.6341899633
-124.1 -279.4 1984.1 0 0 0 0 0 0 0 0 0
173.3 334.2 2103.1 0 0 0 0 0 0 0 0 0
-214.4 -917.5 2062.6 0 0 0 0 0 0 0 0 0
-33.7 -939.1 2255.6 0 0 0 0 0 0 0 0 0
23.0 414.2 2124.9 5 0.7019845843 0.2151892483 -0.6789044142 -0.1108976528 0.9746602178 0.1942658573 0.7035050392 -0.0610827357 0.7080604434
-20.2 218.7 2137.1 0.7019845843 0.2151892483 -0.6789044142 -0.1108976528 0.9746602178 0.1942658573 0.7035050392 -0.0610827357 0.7080604434
-59.6 27.2 2148.4 0.7035436034 0.2015512735 -0.6814715266 -0.1035936028 0.9777818918 0.1822388023 0.7030609846 -0.0576168597 0.7087916136
-120.4 233.4 2037.0 0.3242858648 -0.2666619122 -0.9075958133 0.9459126592 0.1009228528 0.3083242774 0.0093788169 -0.9584915042 0.2849667072
-204.8 -12.9 2034.5 -0.2824208438 -0.2666619122 -0.9214824438 0.9426640272 0.1009228528 -0.3181181252 0.1778286099 -0.9584915042 0.2228698581
80.1 203.9 2237.3 0.5419283509 0.5702919960 -0.6173173189 -0.8404225111 0.3660699725 -0.3996032774 -0.0019092017 0.7353637218 0.6776699424
163.4 74.6 2237.0 0.0249944180 0.5702919960 0.8210617304 0.8870631456 0.3660699725 -0.2812680304 -0.4609709382 0.7353637218 -0.4967353046
-164.3 -154.4 2096.9 0.6405239701 -0.0248173829 -0.7675370574 -0.0428290032 0.9967675805 -0.0679708719 0.7667429447 0.0764098242 0.6373906136
-154.6 -544.9 2067.0 0.6310445666 0.1562490016 -0.7598480582 -0.1130378544 0.9875717163 0.1091996953 0.7674667835 0.0169817191 0.6408637762
-34.4 -174.9 2220.9 0.6249258518 -0.0716643706 -0.7773878574 0.0271693841 0.9971709847 -0.0700844228 0.7802112103 0.0226764176 0.6251050234
-6.3 -565.5 2212.1 0.6255401969 0.0717779994 -0.7768831253 0.0353669673 0.9921265244 0.1201420277 0.7793899179 -0.1026296690 0.6180764437
-125.3 -278.5 1984.4 0 0 0 0 0 0 0 0 0
170.7 332.1 2103.2 0 0 0 0 0 0 0 0 0
-213.5 -916.8 2060.6 0 0 0 0 0 0 0 0 0
-33.3 -939.0 2250.7 0 0 0 0 0 0 0 0 0
21.7 417.3 2130.6 6 0.7011549473 0.2103459388 -0.6812754869 -0.1166201681 0.9764586091 0.1814615428 0.7034070492 -0.0477821939 0.7091794014
-20.7 220.8 2140.2 0.7011549473 0.2103459388 -0.6812754869 -0.1166201681 0.9764586091 0.1814615428 0.7034070492 -0.0477821939 0.7091794014
-59.8 29.1 2149.6 0.7027570009 0.1999469101 -0.6827545762 -0.1089862958 0.9786224365 0.1744135469 0.7030324340 -0.0481594503 0.7095252275
-120.8 236.3 2040.0 0.3208436072 -0.2666322887 -0.9088270664 0.9469492435 0.1091644168 0.3022751808 0.0186152514 -0.9575961232 0.2875119448
-205.4 -13.3 2035.1 -0.2735007107 -0.2666322887 -0.9241777658 0.9441506267 0.1091644168 -0.3109062314 0.1837849766 -0.9575961232 0.2218845040
79.5 205.2 2240.4 0.5507855415 0.5791428685 -0.6010231376 -0.8346429467 0.3799811006 -0.3987298906 -0.0025441495 0.7212543488 0.6926656365
164.7 76.1 2240.0 0.0125294803 0.5791428685 0.8151297569 0.8804759979 0.3799811006 -0.2835073173 -0.4739251435 0.7212543488 -0.5051604509
-162.7 -155.0 2096.2 0.6393759251 -0.0201890208 -0.7686291933 -0.0417048596 0.9972730875 -0.0608863793 0.7677624226 0.0709848553 0.6367903948
-154.8 -545.6 2068.4 0.6285018325 0.1556396633 -0.7620772719 -0.1252861917 0.9872390032 0.0982983634 0.7676514983 0.0336970501 0.6399810314
-35.5 -173.7 2223.3 0.6234798431 -0.0734209493 -0.7783843875 0.0253768191 0.9969567060 -0.0737111047 0.7814274430 0.0262044724 0.6234456301
-6.8 -564.2 2213.0 0.6234719753 0.0666187629 -0.7790023685 0.0252586063 0.9941269159 0.1052314341 0.7814375758 -0.0852853656 0.6181275845
-128.3 -279.3 1983.3 0 0 0 0 0 0 0 0 0
168.3 331.3 2102.6 0 0 0 0 0 0 0 0 0
-213.4 -917.4 2055.7 0 0 0 0 0 0 0 0 0
-31.9 -938.5 2245.1 0 0 0 0 0 0 0 0 0
21.1 419.0 2139.4 7 0.7113142014 0.2056844831 -0.6721056700 -0.1316747665 0.9782904387 0.1600299329 0.6904302239 -0.0253322050 0.7229552865
-20.3 222.1 2144.5 0.7113142014 0.2056844831 -0.6721056700 -0.1316747665 0.9782904387 0.1600299329 0.6904302239 -0.0253322050 0.7229552865
-58.9 30.2 2149.4 0.7125243545 0.1971117556 -0.6733914614 -0.1257911474 0.9800656438 0.1537786275 0.6902794242 -0.0248643328 0.7231155634
-121.8 240.0 2046.2 0.3168583214 -0.2442094088 -0.9164947271 0.9476228356 0.1224105954 0.2950026393 0.0401462466 -0.9619653821 0.2702052295
-205.4 -10.0 2035.6 -0.2608284056 -0.2442094088 -0.9339862466 0.9471517205 0.1224105954 -0.2965117395 0.1867407709 -0.9619653821 0.1993752122
81.3 204.2 2242.9 0.5512145758 0.5806674957 -0.5991559029 -0.8343458772 0.3882765770 -0.3912904859 0.0054285373 0.7155882716 0.6985012293
165.2 77.2 2243.7 0.0073874402 0.5806674957 0.8141072989 0.8763999939 0.3882765770 -0.2848935723 -0.4815272391 0.7155882716 -0.5060285926
-162.5 -152.7 2095.5 0.6494585872 -0.0207919385 -0.7601126432 -0.0403235033 0.9972778559 -0.0617326722 0.7593270540 0.0707432181 0.6468522549
-154.4 -543.4 2067.8 0.6386768818 0.1524228752 -0.7542274594 -0.1261361688 0.9876640439 0.0927867815 0.7590661645 0.0358745866 0.6500242352
-35.5 -172.4 2222.6 0.6324754357 -0.0759444088 -0.7708483934 0.0267027784 0.9967281222 -0.0762887746 0.7741199732 0.0276669823 0.6324340105
-5.7 -562.8 2211.8 0.6335409880 0.0696154162 -0.7705708742 0.0409523584 0.9915306568 0.1232473403 0.7726245522 -0.1096389368 0.6253244281
-131.9 -276.8 1983.0 0 0 0 0 0 0 0 0 0
167.3 331.4 2104.0 0 0 0 0 0 0 0 0 0
-211.8 -915.3 2054.3 0 0 0 0 0 0 0 0 0
-31.9 -936.1 2253.1 0 0 0 0 0 0 0 0 0
18.9 420.5 2143.9 8 0.7144469619 0.2008912414 -0.6702299714 -0.1365361661 0.9795097113 0.1480492949 0.6862385869 -0.0142627396 0.7272366881
-21.5 223.6 2146.7 0.7144469619 0.2008912414 -0.6702299714 -0.1365361661 0.9795097113 0.1480492949 0.6862385869 -0.0142627396 0.7272366881
-59.2 31.5 2149.5 0.7156578898 0.1926712394 -0.6713505387 -0.1305035055 0.9811584949 0.1424667984 0.6861505508 -0.0143438969 0.7273181081
-123.5 242.2 2049.0 0.3132946789 -0.2480555326 -0.9166868925 0.9484986067 0.1293769032 0.2891575098 0.0468709990 -0.9600677490 0.2758134007
-205.3 -5.6 2036.7 -0.2410613894 -0.2480555326 -0.9382738471 0.9516251683 0.1293769032 -0.2786955237 0.1905229390 -0.9600677490 0.2048681080
80.5 205.1 2244.5 0.5544534922 0.5858201385 -0.5910973549 -0.8322094679 0.3928233683 -0.3913019896 0.0029642468 0.7088755369 0.7053273320
165.3 77.7 2244.9 -0.0051051700 0.5858201385 0.8104249835 0.8764500022 0.3928233683 -0.2784334421 -0.4814657867 0.7088755369 -0.5154474974
-161.9 -150.4 2091.9 0.6522306800 -0.0217038952 -0.7577098012 -0.0357457250 0.9975973368 -0.0593448915 0.7571772933 0.0657914430 0.6498877406
-153.4 -541.1 2066.1 0.6419089437 0.1527571529 -0.7514107823 -0.1167298481 0.9880008698 0.1011354551 0.7578436732 0.0227923114 0.6520379186
-33.1 -173.1 2216.6 0.6341948509 -0.0701723695 -0.7699822783 0.0346264429 0.9974514246 -0.0623827577 0.7723975182 0.0129010761 0.6350083947
-5.6 -563.7 2211.6 0.6348991990 0.0726615936 -0.7691705227 0.0438548438 0.9905729890 0.1297761798 0.7713493109 -0.1161266491 0.6257274747
-137.4 -273.6 1983.0 0 0 0 0 0 0 0 0 0
163.8 332.2 2105.1 0 0 0 0 0 0 0 0 0
-211.0 -913.2 2057.5 0 0 0 0 0 0 0 0 0
-33.0 -936.7 2255.3 0 0 0 0 0 0 0 0 0
15.9 419.9 2147.1 9 0.6747549772 0.2121372819 -0.7068970799 -0.1673789769 0.9768292904 0.1333745867 0.7188115120 0.0283245388 0.6946277618
-30.9 204.4 2140.8 0.6747549772 0.2121372819 -0.7068970799 -0.1673789769 0.9768292904 0.1333745867 0.7188115120 0.0283245388 0.6946277618
-59.6 11.4 2151.2 0.6934819221 0.1460029483 -0.7055253386 -0.0646439940 0.9879111052 0.1408999711 0.7175680995 -0.0521036014 0.6945366859
-129.4 213.6 2038.8 0.3352462947 -0.3025425076 -0.8922320008 0.9420697689 0.1184022278 0.3138238788 0.0106971925 -0.9457530975 0.3247100711
-206.6 -3.2 2036.4 -0.2268072069 -0.3025425076 -0.9257572889 0.9548087120 0.1184022278 -0.2726191878 0.1920906156 -0.9457530975 0.2620157599
67.7 195.2 2242.8 0.6637519598 0.4907279909 -0.5644637942 -0.7479294538 0.4295090735 -0.5060864687 -0.0059084548 0.7580949664 0.6521173716
166.8 83.5 2241.9 -0.0353829786 0.4907279909 0.8705940843 0.8791662455 0.4295090735 -0.2063701153 -0.4751996696 0.7580949664 -0.4466288090
-159.7 -154.0 2091.7 0.6262888908 -0.0219575744 -0.7792817950 -0.0431412980 0.9970954061 -0.0627663955 0.7783964872 0.0729291290 0.6235224605
-151.2 -539.5 2063.5 0.6166742444 0.1627915055 -0.7702024579 -0.1102566421 0.9866017699 0.1202514470 0.7794589996 0.0107639600 0.6263607740
-32.3 -172.4 2214.3 0.6067622304 -0.0747050121 -0.7913650870 0.0393119454 0.9971758127 -0.0639919937 0.7939106822 0.0077178217 0.6079854369
-3.0 -563.0 2211.3 0.6067686081 0.0821693540 -0.7906200290 0.0393883362 0.9903125763 0.1331523806 0.7939020395 -0.1119338945 0.5976540446
-142.7 -272.2 1982.3 0 0 0 0 0 0 0 0 0
156.5 340.0 2103.3 0 0 0 0 0 0 0 0 0
-212.5 -911.0 2059.5 0 0 0 0 0 0 0 0 0
-34.0 -935.9 2253.5 0 0 0 0 0 0 0 0 0
13.3 418.1 2148.2 0 0.6865268946 0.1955534369 -0.7003139853 -0.1454735845 0.9806221128 0.1312161386 0.7124031186 0.0117937764 0.7016713619
-27.9 211.8 2145.7 0.6865268946 0.1955534369 -0.7003139853 -0.1454735845 0.9806221128 0.1312161386 0.7124031186 0.0117937764 0.7016713619
-58.7 18.7 2151.7 0.6966314912 0.1570141912 -0.7000364661 -0.0890775695 0.9871366024 0.1327648312 0.7118775845 -0.0301306155 0.7016569376
-127.0 224.4 2044.4 0.2667724490 -0.3100631833 -0.9125202894 0.9625977278 0.1322001517 0.2364924401 0.0473077223 -0.9414796233 0.3337334991
-200.1 -39.4 2031.4 -0.2165619135 -0.3096616268 -0.9258567095 0.9548397660 0.1304274499 -0.2669638991 0.2034256011 -0.9418590069 0.2674316168
71.3 199.1 2247.0 0.6374239922 0.5332225561 -0.5562053323 -0.7700101137 0.4147498906 -0.4848369956 -0.0278399307 0.7373304367 0.6749582887
169.6 80.2 2242.7 -0.0544816442 0.5332225561 0.8442188501 0.8866011500 0.4147498906 -0.2047461122 -0.4593149126 0.7373304367 -0.4953520000
-149.8 -178.5 2097.6 0.6300197840 0.0110466694 -0.7765005231 -0.0786049888 0.9956705570 -0.0496121459 0.7725906372 0.0922934487 0.6281604767
-154.1 -565.7 2061.7 0.6301175952 0.1733685285 -0.7568984032 -0.0780506581 0.9839612842 0.1604004204 0.7725670934 -0.0419947021 0.6335428357
-25.8 -187.6 2226.3 0.6118276119 -0.0528162569 -0.7892258167 0.0089183403 0.9981654286 -0.0598851107 0.7909408212 0.0296007805 0.6111762524
-5.1 -578.4 2214.7 0.6127921939 0.0826701447 -0.7859079838 0.0200390816 0.9925675392 0.1200337633 0.7899899483 -0.0893046334 0.6065810323
-139.1 -308.4 1974.1 0 0 0 0 0 0 0 0 0
154.0 334.4 2111.0 0 0 0 0 0 0 0 0 0
-219.3 -935.7 2077.5 0 0 0 0 0 0 0 0 0
-36.3 -952.1 2248.3 0 0 0 0 0 0 0 0 0
12.6 418.7 2148.2 1 0.6951899529 0.1897653341 -0.6933253407 -0.1341268420 0.9818294048 0.1342422366 0.7062017918 -0.0003303067 0.7080105543
-26.4 217.1 2148.3 0.6951899529 0.1897653341 -0.6933253407 -0.1341268420 0.9818294048 0.1342422366 0.7062017918 -0.0003303067 0.7080105543
-59.1 24.2 2153.0 0.7010653019 0.1667151302 -0.6933350563 -0.1016983762 0.9857234955 0.1341888160 0.7058079243 -0.0235640705 0.7080112100
-126.2 231.6 2047.8 0.2861785889 -0.3146182001 -0.9050509334 0.9566622376 0.1468976438 0.2514328659 0.0538444929 -0.9377827644 0.3430223167
-203.1 -25.6 2033.3 -0.2031903267 -0.3092605472 -0.9290164709 0.9605423808 0.1210844815 -0.2503933907 0.1899262667 -0.9432372451 0.2724546790
73.5 202.7 2248.8 0.6121357679 0.5409170389 -0.5768002868 -0.7907442451 0.4153556228 -0.4496701658 -0.0036569971 0.7313607335 0.6819810271
170.0 77.9 2248.2 -0.0534053110 0.5409170389 0.8393787146 0.8847604990 0.4153556228 -0.2113730162 -0.4629759490 0.7313607335 -0.5007641912
-151.9 -167.6 2093.8 0.6353598237 0.0017341634 -0.7722142935 -0.0625659972 0.9968254566 -0.0492392629 0.7696774602 0.0795990080 0.6334513426
-152.6 -556.7 2062.7 0.6289079189 0.1756973267 -0.7573673129 -0.1015443131 0.9843492508 0.1440324932 0.7708200812 -0.0136768296 0.6369060874
-26.7 -182.4 2221.9 0.6164948940 -0.0564793535 -0.7853305936 0.0239023082 0.9983066916 -0.0530325286 0.7869960070 0.0139230704 0.6168009639
-4.5 -573.4 2216.5 0.6150607467 0.0876295269 -0.7835951447 0.0065888045 0.9931991696 0.1162412539 0.7884522080 -0.0766583905 0.6103004217
-145.9 -296.1 1979.8 0 0 0 0 0 0 0 0 0
154.9 329.3 2116.6 0 0 0 0 0 0 0 0 0
-218.7 -927.0 2067.9 0 0 0 0 0 0 0 0 0
-37.5 -947.3 2245.4 0 0 0 0 0 0 0 0 0
11.5 418.4 2148.8 2 0.6918712258 0.1851655245 -0.6978738904 -0.1260612905 0.9826893210 0.1357580572 0.7109308839 -0.0059522153 0.7032366991
-26.0 219.2 2150.0 0.6918712258 0.1851655245 -0.6978738904 -0.1260612905 0.9826893210 0.1357580572 0.7109308839 -0.0059522153 0.7032366991
-58.8 26.2 2153.5 0.6956141591 0.1671097726 -0.6987096667 -0.1051461250 0.9857790470 0.1310876012 0.7106794119 -0.0177197829 0.7032928467
-125.1 234.2 2048.7 0.3019095361 -0.3085061908 -0.9020391107 0.9519972801 0.1476994157 0.2681157291 0.0505152903 -0.9396854639 0.3382889032
-204.5 -16.2 2035.4 -0.1762629747 -0.3076933920 -0.9350166321 0.9629104137 0.1432426423 -0.2286593020 0.2042912096 -0.9406414628 0.2710327804
73.1 204.2 2251.2 0.6129394174 0.5550489426 -0.5623397231 -0.7897225618 0.4075033665 -0.4585622251 -0.0253691487 0.7251632214 0.6881095171
170.2 79.1 2247.2 -0.0437026024 0.5550489426 0.8306688666 0.8848634958 0.4075033665 -0.2257379293 -0.4637959599 0.7251632214 -0.5089514852
-154.8 -160.1 2094.1 0.6294211149 -0.0027482125 -0.7770595551 -0.0537317768 0.9974462986 -0.0470505878 0.7752044797 0.0713674203 0.6276660562
