426.5 229.7 1867.7 02 0.7661671042 0.6343309879 -0.1030156687 -0.4469520152 0.6411535144 0.6238237619 0.4617595673 -0.4319101572 0.7747462392
302.9 104.8 1951.9 0.7661671042 0.6343309879 -0.1030156687 -0.4469520152 0.6411535144 0.6238237619 0.4617595673 -0.4319101572 0.7747462392
183.9 -22.9 2036.7 0.7824018002 0.6132992506 -0.1082197279 -0.4300501645 0.6577469707 0.6184058189 0.4504490197 -0.4373019040 0.7783718109
196.1 163.5 1890.3 0.9062058926 -0.2370545864 -0.3501371443 0.3789538145 0.8226616979 0.4238180518 0.1875763983 -0.5167521834 0.8353336453
30.3 94.2 1856.0 -0.8180459142 -0.2370545864 -0.5240285993 0.1178856790 0.8226616979 -0.5561750531 0.5629420877 -0.5167521834 -0.6450297236
409.8 46.0 2013.4 0.1146770045 0.6060461998 0.7871195674 -0.4987768829 -0.6501073241 0.5732208490 0.8591104746 -0.4583322704 0.2277294844
435.5 -65.6 2205.6 -0.7953931689 0.6060461998 -0.0075988006 -0.4897965789 -0.6501073241 -0.5809128881 -0.3570001125 -0.4583322704 0.8139302731
-7.3 -110.6 2078.8 0.8798871040 -0.0363302827 -0.4737919569 0.0260728784 0.9992621541 -0.0282028560 0.4744669795 0.0124622080 0.8801850677
6.8 -498.5 2073.9 0.8623408675 0.1812989116 -0.4727567136 -0.1246643513 0.9809774756 0.1488016844 0.4907412827 -0.0693818703 0.8685384989
132.2 -187.1 2161.1 0.8760950565 0.0374518409 0.4806815982 -0.0292084906 0.9992700815 -0.0246214755 -0.4812528491 0.0075307698 0.8765494823
117.7 -575.0 2158.1 0.8703988194 -0.0997489914 0.4821369648 0.0859838948 0.9950091839 0.0506306067 -0.4847810566 -0.0026128083 0.8746316433
264.0 60.5 1695.2 0 0 0 0 0 0 0 0 0
233.6 -189.9 2115.0 0 0 0 0 0 0 0 0 0
-60.9 -864.7 2099.8 0 0 0 0 0 0 0 0 0
154.9 -945.9 2159.1 0 0 0 0 0 0 0 0 0
424.9 232.3 1867.3 03 0.7636597157 0.6267467737 -0.1549591720 -0.3957476318 0.6440580487 0.6546549201 0.5101055503 -0.4386088550 0.7398747206
302.5 106.6 1952.9 0.7636597157 0.6267467737 -0.1549591720 -0.3957476318 0.6440580487 0.6546549201 0.5101055503 -0.4386088550 0.7398747206
184.9 -21.8 2038.8 0.7788017392 0.6058387756 -0.1625644863 -0.3797077537 0.6616133451 0.6465986371 0.4992893636 -0.4418451488 0.7453073263
196.4 158.3 1884.9 0.9217337370 -0.2343122214 -0.3090382814 0.3540140688 0.8337378502 0.4237396121 0.1583695263 -0.4999790192 0.8514341116
30.4 94.6 1856.4 -0.8186993003 -0.2343122214 -0.5242415667 0.1081081927 0.8337378502 -0.5414737463 0.5639539361 -0.4999790192 -0.6572495103
408.7 54.8 2021.0 0.0968879238 0.6475045085 0.7558773756 -0.4569962621 -0.6457203627 0.6117185950 0.8841759562 -0.4047012925 0.2333446443
430.3 -47.3 2218.6 -0.7618310452 0.6475045085 -0.0187448487 -0.5354234576 -0.6457203627 -0.5443959236 -0.3646027446 -0.4047012925 0.8386189342
-5.2 -112.1 2081.3 0.8618059754 -0.0245942343 -0.5066414475 0.0093171503 0.9994228482 -0.0326670147 0.5071524978 0.0234321728 0.8615377545
4.3 -500.0 2072.2 0.8503455520 0.1576220095 -0.5020635128 -0.0889300555 0.9834073782 0.1581181735 0.5186558962 -0.0898065567 0.8502534032
134.9 -189.1 2162.0 0.8948552012 0.0470812581 0.4438665509 -0.0397424884 0.9988760948 -0.0258288644 -0.4445837438 0.0054727308 0.8957206011
116.7 -576.9 2159.8 0.8898623586 -0.0958366320 0.4460496306 0.0858036131 0.9953970313 0.0426905230 -0.4480877817 0.0002839771 0.8939895034
263.8 63.7 1695.6 0 0 0 0 0 0 0 0 0
237.3 -183.0 2126.2 0 0 0 0 0 0 0 0 0
-54.5 -866.9 2105.7 0 0 0 0 0 0 0 0 0
152.4 -948.2 2159.7 0 0 0 0 0 0 0 0 0
424.0 234.5 1872.7 04 0.7683005333 0.6237940192 -0.1435107887 -0.4163824320 0.6573445201 0.6281113029 0.4861481190 -0.4228228629 0.7647750378
302.5 106.4 1955.0 0.7683005333 0.6237940192 -0.1435107887 -0.4163824320 0.6573445201 0.6281113029 0.4861481190 -0.4228228629 0.7647750378
185.2 -23.9 2038.3 0.7830173373 0.6041563153 -0.1479153186 -0.4004549086 0.6716230512 0.6233444214 0.4759408534 -0.4288561046 0.7678298950
195.7 161.0 1890.2 0.9177542925 -0.2304861695 -0.3234242201 0.3549582362 0.8413079977 0.4076830745 0.1781340688 -0.4889549911 0.8539269567
29.6 96.8 1857.9 -0.8150521517 -0.2304861695 -0.5315694809 0.1075820848 0.8413079977 -0.5297423601 0.5693119764 -0.4889549911 -0.6609137058
409.3 51.8 2019.9 0.1064131334 0.6374409199 0.7631155252 -0.4855905175 -0.6364122033 0.5993174314 0.8676854968 -0.4343369007 0.2418126613
433.1 -56.7 2213.9 -0.7704194784 0.6374409199 -0.0110862879 -0.5183441639 -0.6364122033 -0.5712257028 -0.3711781204 -0.4343369007 0.8207181692
-2.3 -116.3 2079.9 0.8685463667 -0.0115813660 -0.4954725504 0.0015140179 0.9997842908 -0.0207153205 0.4956055582 0.0172420628 0.8683765531
2.2 -504.3 2073.3 0.8593400121 0.1429740041 -0.4910124242 -0.0850333199 0.9867064357 0.1384910643 0.5042857528 -0.0772584975 0.8600738645
136.9 -184.1 2169.2 0.8884441257 0.0458490439 0.4566890299 -0.0294315908 0.9986413717 -0.0430017523 -0.4580401480 0.0247635711 0.8885865211
119.1 -571.8 2159.6 0.8836572766 -0.0921687111 0.4589714408 0.0782147050 0.9957134128 0.0493682772 -0.4615542293 -0.0077263182 0.8870783448
262.4 66.1 1695.3 0 0 0 0 0 0 0 0 0
237.7 -188.1 2119.7 0 0 0 0 0 0 0 0 0
-51.1 -872.5 2102.1 0 0 0 0 0 0 0 0 0
153.5 -943.3 2162.5 0 0 0 0 0 0 0 0 0
422.9 238.6 1872.8 05 0.7724828720 0.6204280853 -0.1354222000 -0.4228716791 0.6616594791 0.6191819906 0.4737612605 -0.4210412502 0.7734820843
302.0 109.7 1954.8 0.7724828720 0.6204280853 -0.1354222000 -0.4228716791 0.6616594791 0.6191819906 0.4737612605 -0.4210412502 0.7734820843
185.7 -21.7 2037.8 0.7884024978 0.5990478396 -0.1398683190 -0.4053965509 0.6769692302 0.6143014431 0.4626825154 -0.4276146591 0.7765762210
194.4 165.0 1891.7 0.9111834168 -0.2481109947 -0.3289158940 0.3737478256 0.8337177038 0.4064817131 0.1733704358 -0.4933109879 0.8524007201
27.8 96.7 1860.0 -0.8144765496 -0.2481109947 -0.5244701505 0.0961688012 0.8337177038 -0.5437521338 0.5721709132 -0.4933109879 -0.6551829576
409.6 54.3 2018.0 0.1165229231 0.6331709027 0.7651908398 -0.4954113364 -0.6306945682 0.5973206162 0.8608077765 -0.4486857653 0.2401896715
435.7 -56.4 2210.5 -0.7740095258 0.6331709027 -0.0019493682 -0.5144702792 -0.6306945682 -0.5809859037 -0.3690928519 -0.4486857653 0.8139112592
-2.2 -118.4 2079.0 0.8738478422 -0.0122814393 -0.4860443771 0.0016456489 0.9997498989 -0.0223031510 0.4861967266 0.0186897013 0.8736494780
2.6 -506.5 2071.7 0.8649539351 0.1429857612 -0.4810506701 -0.0805921704 0.9856871963 0.1480732262 0.4953378439 -0.0893075988 0.8640975356
137.9 -190.0 2164.1 0.8823537827 0.0562377088 0.4672141671 -0.0440275893 0.9983441234 -0.0370208658 -0.4685224891 0.0120951887 0.8833687901
116.1 -577.5 2159.4 0.8703724742 -0.1450161636 0.4705550373 0.1264593303 0.9894266129 0.0710142851 -0.4758779109 -0.0023028026 0.8795083165
260.1 69.2 1696.8 0 0 0 0 0 0 0 0 0
239.3 -187.0 2116.8 0 0 0 0 0 0 0 0 0
-50.8 -874.4 2105.0 0 0 0 0 0 0 0 0 0
170.1 -946.3 2160.2 0 0 0 0 0 0 0 0 0
421.4 241.7 1876.4 06 0.7739513516 0.6134241819 -0.1571943313 -0.3971686065 0.6635668278 0.6339843869 0.4932103157 -0.4282404184 0.7572012544
301.4 111.9 1960.2 0.7739513516 0.6134241819 -0.1571943313 -0.3971686065 0.6635668278 0.6339843869 0.4932103157 -0.4282404184 0.7572012544
185.8 -19.7 2043.7 0.7863210440 0.5958012342 -0.1634629965 -0.3834442198 0.6780891418 0.6270291805 0.4844272435 -0.4303673208 0.7616522908
194.1 164.2 1894.0 0.9131682515 -0.2451314628 -0.3256291747 0.3673744500 0.8410348892 0.3971098959 0.1765213758 -0.4822559953 0.8580613732
26.5 96.8 1861.6 -0.8148509860 -0.2451314628 -0.5252889395 0.0907859951 0.8410348892 -0.5333086848 0.5725170970 -0.4822559953 -0.6630635858
408.8 59.5 2026.3 0.1088957116 0.6510464549 0.7511858940 -0.4765053988 -0.6290122867 0.6142362356 0.8724014759 -0.4248318374 0.2417304069
433.1 -47.0 2221.4 -0.7590025663 0.6510464549 -0.0073271398 -0.5340920687 -0.6290122867 -0.5648797750 -0.3723718226 -0.4248318374 0.8251406550
-1.2 -116.8 2079.4 0.8653200865 -0.0119273160 -0.5010777116 0.0030333870 0.9998231530 -0.0185607057 0.5012104511 0.0145409890 0.8652032614
3.5 -505.0 2073.8 0.8546880484 0.1520616412 -0.4963724613 -0.0917206109 0.9853294492 0.1439207643 0.5109752417 -0.0774797723 0.8560965061
140.0 -189.4 2162.2 0.8901410699 0.0654041022 0.4509669840 -0.0586300083 0.9978586435 -0.0289934147 -0.4518975914 -0.0006319702 0.8920695782
114.6 -576.7 2162.5 0.8767739534 -0.1565693468 0.4547015727 0.1508182585 0.9873383641 0.0491606332 -0.4566413760 0.0254745353 0.8892860413
258.7 70.9 1698.5 0 0 0 0 0 0 0 0 0
240.6 -182.5 2126.9 0 0 0 0 0 0 0 0 0
-53.3 -872.7 2102.7 0 0 0 0 0 0 0 0 0
173.0 -944.8 2153.0 0 0 0 0 0 0 0 0 0
422.0 249.1 1873.7 07 0.7807161212 0.6080855727 -0.1439245045 -0.4033879638 0.6663353443 0.6271166801 0.4772426188 -0.4315426946 0.7655131817
302.7 118.5 1958.3 0.7807161212 0.6080855727 -0.1439245045 -0.4033879638 0.6663353443 0.6271166801 0.4772426188 -0.4315426946 0.7655131817
188.2 -14.0 2042.0 0.7928866148 0.5902024508 -0.1516308486 -0.3896894455 0.6824006438 0.6184427738 0.4684794545 -0.4312660694 0.7710619569
194.5 171.7 1894.3 0.9061712623 -0.2689523995 -0.3263712823 0.3925924003 0.8219037652 0.4127291739 0.1572412997 -0.5021342039 0.8503742814
25.5 98.4 1865.0 -0.8106766343 -0.2689523995 -0.5200653672 0.0883294418 0.8219037652 -0.5627362132 0.5787929296 -0.5021342039 -0.6425418258
411.0 65.3 2022.2 0.1212686822 0.6441485882 0.7552261353 -0.4865012765 -0.6246215105 0.6108719110 0.8652227521 -0.4414981306 0.2376320809
438.1 -43.5 2215.8 -0.7648896575 0.6441485882 0.0040550958 -0.5290675759 -0.6246215105 -0.5744001269 -0.3674661219 -0.4414981306 0.8185646534
-0.3 -117.0 2083.9 0.8725020885 -0.0131833078 -0.4884325266 0.0004706175 0.9996581674 -0.0261411462 0.4886101782 0.0225783400 0.8722100258
4.8 -505.1 2075.1 0.8602091670 0.1636957973 -0.4829533398 -0.1014244109 0.9830760956 0.1525597125 0.4997532666 -0.0822500065 0.8622537851
140.5 -185.7 2170.6 0.8842419982 0.0608111694 0.4630530477 -0.0408227593 0.9977556467 -0.0530770496 -0.4652414620 0.0280298553 0.8847399354
116.9 -572.8 2159.7 0.8722841740 -0.1451291293 0.4669666886 0.1319535524 0.9893770218 0.0610031411 -0.4708594382 0.0084058354 0.8821681738
256.8 73.2 1699.8 0 0 0 0 0 0 0 0 0
244.0 -177.8 2122.5 0 0 0 0 0 0 0 0 0
-56.3 -872.0 2105.8 0 0 0 0 0 0 0 0 0
171.0 -941.9 2156.6 0 0 0 0 0 0 0 0 0
419.3 252.4 1873.8 08 0.7797608376 0.6037103534 -0.1658518016 -0.3799445033 0.6668524742 0.6410537362 0.4976094961 -0.4368541539 0.7493618727
301.1 121.8 1959.4 0.7797608376 0.6037103534 -0.1658518016 -0.3799445033 0.6668524742 0.6410537362 0.4976094961 -0.4368541539 0.7493618727
187.5 -11.1 2043.6 0.7915565968 0.5852106214 -0.1759735644 -0.3665315211 0.6850757003 0.6295442581 0.4889712036 -0.4338200390 0.7567743063
193.1 171.9 1892.6 0.9083482623 -0.2755335867 -0.3146183491 0.3937796950 0.8168615103 0.4215148687 0.1408581287 -0.5067726374 0.8504942656
24.3 98.7 1866.4 -0.8121606112 -0.2755335867 -0.5142726898 0.0842177793 0.8168615103 -0.5706527829 0.5773235559 -0.5067726374 -0.6402179599
409.2 71.8 2026.1 0.1149340421 0.6627475619 0.7399701476 -0.4683346450 -0.6207725406 0.6287321448 0.8760438561 -0.4188163877 0.2390397489
434.9 -32.9 2222.1 -0.7488428354 0.6627475619 0.0002397654 -0.5495806336 -0.6207725406 -0.5591087937 -0.3703991473 -0.4188163877 0.8290942907
2.6 -111.6 2083.7 0.8644183874 -0.0029787126 -0.5027643442 -0.0105400700 0.9996553063 -0.0240444969 0.5026626587 0.0260836761 0.8640890121
3.8 -499.6 2073.6 0.8560827374 0.1477986127 -0.4952554703 -0.0806859881 0.9847091436 0.1543945819 0.5105018616 -0.0922143608 0.8549177647
144.6 -181.3 2167.6 0.8911359310 0.0757611021 0.4473667145 -0.0599398650 0.9969769120 -0.0494393036 -0.4497598708 0.0172420423 0.8929830790
115.2 -568.2 2160.9 0.8817716241 -0.1335020512 0.4523892403 0.1289513558 0.9908010960 0.0410450399 -0.4537073672 0.0221438538 0.8908755779
255.3 74.7 1702.2 0 0 0 0 0 0 0 0 0
244.9 -172.4 2128.1 0 0 0 0 0 0 0 0 0
-51.4 -867.1 2108.0 0 0 0 0 0 0 0 0 0
165.0 -937.9 2152.7 0 0 0 0 0 0 0 0 0
418.5 260.3 1868.4 09 0.7894551158 0.5901209712 -0.1688723415 -0.3626743853 0.6704177260 0.6473078132 0.4952048957 -0.4497747719 0.7432864308
302.4 128.5 1956.9 0.7894551158 0.5901209712 -0.1688723415 -0.3626743853 0.6704177260 0.6473078132 0.4952048957 -0.4497747719 0.7432864308
191.8 -5.9 2042.7 0.8010861278 0.5701077580 -0.1823133379 -0.3490127921 0.6923671365 0.6315202117 0.4862623215 -0.4422724247 0.7536206245
193.0 176.1 1890.5 0.9138204455 -0.2811610103 -0.2930539548 0.3896628022 0.8103427291 0.4376158118 0.1144336313 -0.5140945315 0.8500657678
21.3 102.9 1869.0 -0.8093401790 -0.2811610103 -0.5156713128 0.0876339376 0.8103427291 -0.5793660283 0.5807656646 -0.5140945315 -0.6312036514
411.8 80.8 2023.3 0.1290105879 0.6710838079 0.7300704122 -0.4600187242 -0.6117113829 0.6435774565 0.8784868121 -0.4188743532 0.2297938615
440.7 -22.1 2219.8 -0.7412221432 0.6710838079 0.0153722716 -0.5653048158 -0.6117113829 -0.5533892512 -0.3619671464 -0.4188743532 0.8327808976
3.1 -111.3 2084.0 0.8679253459 -0.0035503902 -0.4966819882 -0.0123781962 0.9995092750 -0.0287749469 0.4965404272 0.0311225336 0.8674554825
4.5 -499.3 2071.9 0.8605440259 0.1422586441 -0.4891078770 -0.0760625750 0.9853316545 0.1527612954 0.5036650896 -0.0942550078 0.8587418199
144.8 -176.9 2171.6 0.8891930580 0.0674116388 0.4525388181 -0.0466561243 0.9972899556 -0.0568849482 -0.4551471472 0.0294679943 0.8899284601
118.6 -564.0 2160.1 0.8852376342 -0.0901802108 0.4563132823 0.0922110602 0.9955791831 0.0178667605 -0.4559072256 0.0262608007 0.8896397948
252.1 77.9 1703.3 0 0 0 0 0 0 0 0 0
252.6 -165.5 2127.9 0 0 0 0 0 0 0 0 0
-48.6 -867.1 2107.1 0 0 0 0 0 0 0 0 0
152.3 -935.2 2150.3 0 0 0 0 0 0 0 0 0
416.5 268.3 1869.7 10 0.8015211225 0.5768355131 -0.1575584710 -0.3680014908 0.6835247874 0.6303719282 0.4713160396 -0.4472746551 0.7601358891
303.6 134.5 1957.3 0.8015211225 0.5768355131 -0.1575584710 -0.3680014908 0.6835247874 0.6303719282 0.4713160396 -0.4472746551 0.7601358891
194.9 -1.8 2042.6 0.8110620379 0.5600365996 -0.1689301878 -0.3563731909 0.7020760179 0.6165122986 0.4638712704 -0.4398275018 0.7690092325
192.9 183.1 1893.9 0.9002413750 -0.3132367432 -0.3024040759 0.4208590686 0.8039981723 0.4200768769 0.1115488186 -0.5054400563 0.8556209207
19.6 102.1 1872.5 -0.8063272834 -0.3132367432 -0.5017161369 0.0560167469 0.8039981723 -0.5919873714 0.5888110399 -0.5054400563 -0.6307391524
414.4 85.8 2020.6 0.1470106989 0.6640570760 0.7330867052 -0.4765228033 -0.6019164324 0.6407984495 0.8667836189 -0.4435367584 0.2279501706
447.2 -20.8 2214.5 -0.7469659448 0.6640570760 0.0327126123 -0.5600372553 -0.6019164324 -0.5692582130 -0.3583296537 -0.4435367584 0.8215077519
9.4 -109.0 2085.0 0.8774037957 0.0104900952 -0.4796378911 -0.0233521052 0.9995096922 -0.0208579730 0.4791839123 0.0295014214 0.8772186041
5.3 -497.0 2073.6 0.8698786497 0.1415286213 -0.4725259244 -0.0896754935 0.9873651266 0.1306460053 0.4850457609 -0.0712721720 0.8715795279
152.8 -171.5 2172.1 0.8790425062 0.0830539912 0.4694532454 -0.0525064431 0.9955839515 -0.0778178275 -0.4738432169 0.0437558554 0.8795214891
120.6 -557.9 2155.1 0.8749602437 -0.0862206668 0.4764563143 0.0642417148 0.9959900975 0.0622637980 -0.4799141586 -0.0238699745 0.8769906759
249.2 86.2 1704.9 0 0 0 0 0 0 0 0 0
257.7 -162.9 2123.5 0 0 0 0 0 0 0 0 0
-47.5 -865.5 2100.2 0 0 0 0 0 0 0 0 0
152.7 -929.0 2164.0 0 0 0 0 0 0 0 0 0
412.2 275.2 1870.3 11 0.8142580986 0.5696007013 -0.1119768098 -0.4065747559 0.6972652078 0.5903543234 0.4143437743 -0.4351738393 0.7993390560
300.3 138.2 1955.9 0.8142580986 0.5696007013 -0.1119768098 -0.4065747559 0.6972652078 0.5903543234 0.4143437743 -0.4351738393 0.7993390560
192.5 -0.1 2039.3 0.8233680725 0.5546488166 -0.1201235801 -0.3951532245 0.7122436166 0.5801404715 0.4073314667 -0.4302018881 0.8056099415
188.0 191.9 1900.4 0.8826624155 -0.3284118474 -0.3362330794 0.4496691227 0.7982255220 0.4007913470 0.1367652118 -0.5049570799 0.8522403240
18.2 105.4 1874.1 -0.8047031760 -0.3284118474 -0.4945689738 0.0434747487 0.7982255220 -0.6007877588 0.5920833945 -0.5049570799 -0.6280570030
412.5 84.4 2011.3 0.1750832200 0.6294758916 0.7570376396 -0.5228927732 -0.5920593739 0.6132282019 0.8342235684 -0.5032154918 0.2254887521
451.6 -32.4 2197.6 -0.7748272419 0.6294758916 0.0583335496 -0.5269020796 -0.5920593739 -0.6097867489 -0.3493091464 -0.5032154918 0.7904158831
13.6 -106.2 2086.4 0.8983606100 0.0140216732 -0.4390348494 -0.0339063518 0.9987218976 -0.0374830812 0.4379481375 0.0485593937 0.8976877928
8.1 -493.8 2067.6 0.8921921253 0.1462911665 -0.4273079932 -0.0828704163 0.9830524325 0.1635250300 0.4439884126 -0.1104845554 0.8891948462
158.8 -170.0 2169.5 0.8527930975 0.1086461022 0.5108227730 -0.0674981996 0.9928470254 -0.0984822214 -0.5178685784 0.0495053418 0.8540265560
116.7 -555.2 2150.3 0.8452064395 -0.1135029569 0.5222482085 0.0640674457 0.9916592836 0.1118358001 -0.5305859447 -0.0610652305 0.8454286456
246.9 93.1 1705.8 0 0 0 0 0 0 0 0 0
255.1 -166.0 2109.0 0 0 0 0 0 0 0 0 0
-46.4 -860.5 2108.8 0 0 0 0 0 0 0 0 0
158.9 -924.7 2173.0 0 0 0 0 0 0 0 0 0
409.3 285.5 1879.6 12 0.8024418950 0.5712375641 -0.1725534499 -0.3799713254 0.7120959759 0.5903737545 0.4601182640 -0.4081752598 0.7884694934
296.9 145.4 1959.9 0.8024418950 0.5712375641 -0.1725534499 -0.3799713254 0.7120959759 0.5903737545 0.4601182640 -0.4081752598 0.7884694934
189.7 4.3 2039.0 0.8137463331 0.5528096557 -0.1794947982 -0.3655001521 0.7268297076 0.5814878941 0.4519142807 -0.4075782895 0.7935070395
186.1 195.2 1898.3 0.8855811357 -0.3389051259 -0.3176309466 0.4512504637 0.7898166776 0.4154065847 0.1100867912 -0.5112073421 0.8523778319
15.0 108.0 1877.1 -0.8013592362 -0.3389051259 -0.4929164946 0.0423438475 0.7898166776 -0.6118795872 0.5966827869 -0.5112073421 -0.6185763478
407.7 95.5 2021.5 0.1489938200 0.6731446385 0.7243460417 -0.5115240216 -0.5744287968 0.6390420794 0.8462529182 -0.4657337070 0.2587433159
441.0 -18.7 2210.6 -0.7385513783 0.6731446385 0.0376579911 -0.5542696714 -0.5744287968 -0.6023426652 -0.3838318884 -0.4657337070 0.7973488569
11.2 -103.0 2086.3 0.8756966591 -0.0050094291 -0.4828356206 -0.0172423031 0.9989840388 -0.0416360497 0.4825536609 0.0447857454 0.8747206330
13.2 -490.7 2068.9 0.8639096618 0.1721831113 -0.4733002186 -0.1037840173 0.9804384112 0.1672404110 0.4928376973 -0.0953596085 0.8648800850
158.4 -173.5 2159.1 0.8764340878 0.1082338467 0.4692000449 -0.0801067576 0.9936054349 -0.0795682892 -0.4748117030 0.0321502686 0.8794999719
116.4 -559.1 2146.6 0.8663860559 -0.1323919892 0.4815054834 0.0744086280 0.9876777530 0.1376807243 -0.4938000739 -0.0834565014 0.8655613661
242.3 96.0 1707.8 0 0 0 0 0 0 0 0 0
253.9 -159.1 2113.4 0 0 0 0 0 0 0 0 0
-51.1 -856.4 2104.5 0 0 0 0 0 0 0 0 0
165.8 -927.3 2177.7 0 0 0 0 0 0 0 0 0
404.2 293.4 1889.8 13 0.8069148064 0.5615983605 -0.1830185950 -0.3841173053 0.7343032956 0.5596897006 0.4487119615 -0.3813212514 0.8082398772
293.5 148.6 1965.0 0.8069148064 0.5615983605 -0.1830185950 -0.3841173053 0.7343032956 0.5596897006 0.4487119615 -0.3813212514 0.8082398772
188.0 3.5 2038.7 0.8174791336 0.5438960195 -0.1894862801 -0.3699520528 0.7480075359 0.5510174036 0.4414333403 -0.3803443909 0.8126959801
182.0 199.1 1904.8 0.8832167983 -0.3401381373 -0.3228530586 0.4520751834 0.8006165624 0.3932443559 0.1247241125 -0.4932738841 0.8608860373
10.8 111.5 1880.6 -0.7984753847 -0.3401381373 -0.4967324436 0.0311929639 0.8006165624 -0.5983645320 0.6012188196 -0.4932738841 -0.6286627054
405.0 98.2 2025.2 0.1544989198 0.6819545031 0.7148903012 -0.5381334424 -0.5487428308 0.6397606730 0.8285785913 -0.4835487306 0.2822023928
439.6 -22.1 2210.4 -0.7301136255 0.6819545031 0.0432680249 -0.5498648286 -0.5487428308 -0.6297063231 -0.4056880474 -0.4835487306 0.7756273746
9.9 -104.1 2077.7 0.8744276762 -0.0057815053 -0.4851214290 -0.0090624643 0.9995598793 -0.0282474216 0.4850712419 0.0290967245 0.8739904165
12.1 -492.1 2066.4 0.8647904396 0.1597229987 -0.4760526121 -0.0838307142 0.9806797504 0.1767475158 0.4950857759 -0.1129417196 0.8614721298
155.2 -169.5 2158.5 0.8779519200 0.0841077417 0.4713027775 -0.0597618781 0.9960005283 -0.0664186627 -0.4750041664 0.0301464554 0.8794670105
122.6 -556.0 2146.8 0.8749247789 -0.0728673190 0.4787452221 0.0249306839 0.9940810204 0.1057421491 -0.4836166799 -0.0805809870 0.8715627193
237.8 102.6 1709.7 0 0 0 0 0 0 0 0 0
254.5 -161.5 2107.5 0 0 0 0 0 0 0 0 0
-47.5 -857.9 2108.6 0 0 0 0 0 0 0 0 0
149.7 -926.1 2176.8 0 0 0 0 0 0 0 0 0
397.6 306.1 1894.9 14 0.8110076189 0.5493733883 -0.2011357397 -0.3728772402 0.7503151298 0.5458843708 0.4508095384 -0.3677174449 0.8133600950
289.0 157.8 1967.6 0.8110076189 0.5493733883 -0.2011357397 -0.3728772402 0.7503151298 0.5458843708 0.4508095384 -0.3677174449 0.8133600950
186.2 9.3 2038.4 0.8217100501 0.5303083658 -0.2087238282 -0.3578549623 0.7651567459 0.5352335572 0.4435452521 -0.3651139140 0.8185104728
176.9 206.6 1907.0 0.8627289534 -0.3717699647 -0.3427620530 0.4889932573 0.7859993577 0.3782731891 0.1287801415 -0.4939555824 0.8598974347
9.1 111.5 1882.0 -0.8003327847 -0.3717699647 -0.4703770280 -0.0017645204 0.7859993577 -0.6182247996 0.5995534658 -0.4939555824 -0.6297170520
401.2 108.9 2028.1 0.1595482677 0.6982749701 0.6978225708 -0.5458718538 -0.5265749097 0.6517229676 0.8225376606 -0.4849030077 0.2971545756
436.9 -13.2 2212.1 -0.7140558362 0.6982749701 0.0503614284 -0.5600464344 -0.5265749097 -0.6395834088 -0.4200860262 -0.4849030077 0.7670702934
9.4 -108.5 2073.0 0.8703944683 -0.0039330116 -0.4923393428 -0.0079330225 0.9997262359 -0.0220108237 0.4922911227 0.0230638366 0.8701249957
10.9 -496.5 2064.0 0.8628559113 0.1500615627 -0.4826605320 -0.0677937567 0.9806433916 0.1836914867 0.5008828640 -0.1257779151 0.8563271761
155.7 -174.6 2152.0 0.8808891177 0.0797825605 0.4665502310 -0.0650450066 0.9967445731 -0.0476377346 -0.4688320756 0.0116167990 0.8832108974
124.7 -561.5 2147.5 0.8794105053 -0.0538066886 0.4730137289 0.0151332710 0.9962496758 0.0851910561 -0.4758236408 -0.0677596703 0.8769267201
236.8 112.0 1711.4 0 0 0 0 0 0 0 0 0
255.8 -155.2 2105.5 0 0 0 0 0 0 0 0 0
-45.1 -862.4 2111.0 0 0 0 0 0 0 0 0 0
144.8 -932.8 2172.7 0 0 0 0 0 0 0 0 0
393.5 321.2 1901.9 15 0.8324008584 0.5311933160 -0.1579319537 -0.4045091271 0.7771934867 0.4820193648 0.3787891567 -0.3373484015 0.8618090749
288.6 167.7 1968.6 0.8324008584 0.5311933160 -0.1579319537 -0.4045091271 0.7771934867 0.4820193648 0.3787891567 -0.3373484015 0.8618090749
189.1 15.1 2035.1 0.8440513611 0.5121358633 -0.1590411514 -0.3870415986 0.7870556116 0.4803563654 0.3711819649 -0.3438898921 0.8625332713
173.6 220.2 1918.1 0.8238592148 -0.3997219205 -0.4018436968 0.5403968096 0.7677980065 0.3441765606 0.1709598750 -0.5007080436 0.8485659361
6.7 110.8 1883.4 -0.8034797907 -0.3997219205 -0.4411832094 -0.0305734910 0.7677980065 -0.6399620771 0.5945464969 -0.5007080436 -0.6291310787
403.5 115.2 2019.1 0.2029620409 0.6664969325 0.7173480392 -0.5994631648 -0.4946872294 0.6292284727 0.7742418051 -0.5577332377 0.2991376519
448.8 -18.5 2191.7 -0.7398163676 0.6664969325 0.0919430777 -0.5311486125 -0.4946872294 -0.6878703833 -0.4129804671 -0.5577332377 0.7199866772
9.8 -107.1 2069.5 0.8971624970 0.0025291082 -0.4416934252 -0.0081060370 0.9999094605 -0.0107394699 0.4416262805 0.0132154329 0.8971017599
8.8 -495.2 2064.4 0.8895654678 0.1398476511 -0.4348746240 -0.0770646334 0.9842845201 0.1588868052 0.4502602816 -0.1078267694 0.8863628507
156.9 -171.1 2148.9 0.8490492702 0.0877003670 0.5209836364 -0.0723997131 0.9961368442 -0.0496956967 -0.5233293772 0.0044750269 0.8521187305
122.9 -557.8 2147.2 0.8475116491 -0.0581090413 0.5275863409 0.0284091290 0.9975304604 0.0642330348 -0.5300159454 -0.0394499786 0.8470695019
235.2 119.4 1714.4 0 0 0 0 0 0 0 0 0
261.2 -153.1 2087.0 0 0 0 0 0 0 0 0 0
-43.4 -862.5 2104.6 0 0 0 0 0 0 0 0 0
144.5 -929.7 2161.9 0 0 0 0 0 0 0 0 0
383.0 331.5 1905.9 16 0.8415541649 0.5056197047 -0.1900928020 -0.3698879778 0.7958623171 0.4793600440 0.3936615884 -0.3330944180 0.8567839265
283.0 174.0 1971.8 0.8415541649 0.5056197047 -0.1900928020 -0.3698879778 0.7958623171 0.4793600440 0.3936615884 -0.3330944180 0.8567839265
187.7 18.0 2036.7 0.8496989012 0.4907285571 -0.1928659678 -0.3568060398 0.8044587374 0.4749058485 0.3882025778 -0.3347112238 0.8586426377
167.1 222.6 1918.9 0.8111206293 -0.4319646358 -0.3943220973 0.5598362684 0.7685744166 0.3096396625 0.1693124920 -0.4719109237 0.8652359843
6.4 111.6 1885.4 -0.7979853153 -0.4319646358 -0.4202689230 -0.0818768963 0.7685744166 -0.6344994307 0.5970892906 -0.4719109237 -0.6486790180
398.8 125.4 2024.8 0.2088823617 0.6947184205 0.6882836819 -0.5911111236 -0.4709953666 0.6547908187 0.7790737152 -0.5436263680 0.3122731447
445.4 -6.6 2198.8 -0.7121096253 0.6947184205 0.1013219133 -0.5568397045 -0.4709953666 -0.6841731668 -0.4275855720 -0.5436263680 0.7222471237
14.2 -103.1 2068.5 0.8884888887 0.0103205172 -0.4587820172 -0.0185768567 0.9997364879 -0.0134868715 0.4585219026 0.0205056649 0.8884465098
10.2 -491.2 2060.5 0.8825117946 0.1398800611 -0.4490061104 -0.0687049851 0.9828464389 0.1711505800 0.4652446210 -0.1201934516 0.8769840002
165.0 -172.0 2134.7 0.8562549949 0.1060868129 0.5055422187 -0.1051954105 0.9939864278 -0.0304124001 -0.5057284832 -0.0271399561 0.8622657061
123.8 -557.6 2145.2 0.8544675708 -0.0715900287 0.5145484209 0.0307178162 0.9956889153 0.0875214413 -0.5185958147 -0.0589784309 0.8529829383
232.2 134.8 1716.4 0 0 0 0 0 0 0 0 0
264.9 -147.7 2090.4 0 0 0 0 0 0 0 0 0
-42.0 -857.9 2105.4 0 0 0 0 0 0 0 0 0
150.5 -928.9 2167.2 0 0 0 0 0 0 0 0 0
368.0 335.9 1907.5 17 0.8363976479 0.4732162952 -0.2765958905 -0.2899138927 0.8101907969 0.5094515085 0.4651761651 -0.3459150493 0.8148336411
274.4 175.6 1975.9 0.8363976479 0.4732162952 -0.2765958905 -0.2899138927 0.8101907969 0.5094515085 0.4651761651 -0.3459150493 0.8148336411
185.3 16.6 2042.2 0.8421079516 0.4591364563 -0.2829273343 -0.2799263895 0.8205248713 0.4983775616 0.4609722197 -0.3404888809 0.8194949031
160.1 213.6 1913.3 0.8316482306 -0.4391550124 -0.3398589194 0.5396500826 0.7834491134 0.3081968725 0.1309159547 -0.4397162795 0.8885440826
3.1 111.7 1888.6 -0.7969021201 -0.4391550124 -0.4148372114 -0.1136947870 0.7834491134 -0.6109672785 0.5933131576 -0.4397162795 -0.6742618680
388.6 137.6 2038.5 0.1899517179 0.7600682378 0.6214616895 -0.5407925248 -0.4473048151 0.7123635411 0.8194277287 -0.4713965058 0.3260729015
431.0 17.0 2221.3 -0.6428350210 0.7600682378 0.0951808169 -0.6237809658 -0.4473048151 -0.6409490705 -0.4445902109 -0.4713965058 0.7616592646
16.5 -106.1 2066.9 0.8555134535 0.0131497821 -0.5176135302 -0.0216398221 0.9997120500 -0.0103690568 0.5173281431 0.0200719330 0.8555517197
11.4 -494.2 2059.1 0.8490312696 0.1492151320 -0.5068340302 -0.0716502294 0.9829463959 0.1693595499 0.5234616995 -0.1074767709 0.8452435136
168.4 -169.8 2136.3 0.8903214335 0.1212289184 0.4388978481 -0.1190165132 0.9923546314 -0.0326707698 -0.4395029545 -0.0231486056 0.8979427814
121.4 -554.9 2145.3 0.8871728182 -0.0984278843 0.4508173466 0.0620520525 0.9935593605 0.0948123336 -0.4572459757 -0.0561407879 0.8875665069
229.5 144.0 1720.0 0 0 0 0 0 0 0 0 0
268.7 -140.5 2109.1 0 0 0 0 0 0 0 0 0
-44.2 -861.1 2099.2 0 0 0 0 0 0 0 0 0
158.1 -925.5 2166.3 0 0 0 0 0 0 0 0 0
359.0 344.9 1913.2 18 0.8354886174 0.4517511427 -0.3128572106 -0.2583911717 0.8254461884 0.5018690825 0.4849667251 -0.3384663761 0.8063794374
269.6 181.6 1980.2 0.8354886174 0.4517511427 -0.3128572106 -0.2583911717 0.8254461884 0.5018690825 0.4849667251 -0.3384663761 0.8063794374
184.7 19.3 2044.0 0.8396438360 0.4379466772 -0.3212490082 -0.2506262958 0.8371430039 0.4861872494 0.4818554521 -0.3277106881 0.8126629591
155.4 215.7 1914.5 0.8235720992 -0.4624893367 -0.3283786774 0.5568489432 0.7694083452 0.3129378557 0.1079268679 -0.4405842125 0.8911999464
-3.6 108.2 1893.7 -0.7946577072 -0.4624893367 -0.3932209313 -0.1393284351 0.7694083452 -0.6233766079 0.5908524990 -0.4405842125 -0.6758542061
383.8 147.4 2045.8 0.1896470040 0.7875504494 0.5863431692 -0.5348296165 -0.4179478884 0.7343546748 0.8234022856 -0.4528618753 0.3419427276
426.1 27.9 2229.8 -0.6082985401 0.7875504494 0.0986773372 -0.6449045539 -0.4179478884 -0.6398575306 -0.4626781046 -0.4528618753 0.7621319294
21.3 -117.4 2067.5 0.8422732949 0.0272267852 -0.5383627415 -0.0365443341 0.9993100166 -0.0066355187 0.5378106236 0.0252630264 0.8426870704
10.8 -505.3 2057.7 0.8385607004 0.1621456891 -0.5201199055 -0.0604288876 0.9764756560 0.2069869339 0.5414465070 -0.1421408504 0.8286324143
171.1 -167.2 2149.6 0.9033490419 0.1213194504 0.4113903940 -0.1006079167 0.9923376441 -0.0717221126 -0.4169394672 0.0234009717 0.9086329937
124.1 -552.0 2140.6 0.9019750953 -0.0679814890 0.4264028668 0.0249124914 0.9940765500 0.1057881191 -0.4310687482 -0.0847954974 0.8983259201
223.8 148.1 1724.6 0 0 0 0 0 0 0 0 0
272.3 -135.2 2112.8 0 0 0 0 0 0 0 0 0
-49.7 -869.6 2110.7 0 0 0 0 0 0 0 0 0
149.4 -922.6 2172.2 0 0 0 0 0 0 0 0 0
345.8 352.0 1925.6 19 0.8323225379 0.4263526201 -0.3542070389 -0.2356932014 0.8506048918 0.4700213373 0.5016850233 -0.3077251613 0.8084660172
261.7 184.4 1986.2 0.8323225379 0.4263526201 -0.3542070389 -0.2356932014 0.8506048918 0.4700213373 0.5016850233 -0.3077251613 0.8084660172
182.2 17.6 2044.8 0.8372120857 0.4110152125 -0.3607525527 -0.2257015109 0.8605425954 0.4566456378 0.4981312454 -0.3008868694 0.8132234216
147.7 215.2 1918.2 0.8082363605 -0.4823754430 -0.3377394378 0.5744057298 0.7721244693 0.2718121707 0.1296613812 -0.4136879444 0.9011383057
-6.3 105.7 1893.5 -0.7941158414 -0.4823754430 -0.3697214425 -0.1861327291 0.7721244693 -0.6076005101 0.5785625577 -0.4136879444 -0.7029421329
375.8 153.6 2054.2 0.1923171878 0.8149507046 0.5466895103 -0.5423627496 -0.3760055900 0.7513071299 0.8178365827 -0.4409933090 0.3696866035
418.8 32.3 2237.1 -0.5696989894 0.8149507046 0.1062936634 -0.6593476534 -0.3760055900 -0.6510610580 -0.4906156659 -0.4409933090 0.7515458465
24.9 -120.6 2064.7 0.8289520741 0.0501733385 -0.5570647120 -0.0526589528 0.9985454679 0.0115760509 0.5568352342 0.0197384525 0.8303884268
5.4 -508.2 2057.1 0.8334313035 0.1273302138 -0.5377538800 -0.0214566868 0.9798157215 0.1987479329 0.5522063375 -0.1541043371 0.8193411827
174.7 -165.4 2150.8 0.9107739329 0.1317106932 0.3913350999 -0.1107415780 0.9909552932 -0.0757889226 -0.3977777660 0.0256895088 0.9171220660
123.6 -549.8 2140.8 0.9095206857 -0.0798055455 0.4079254866 0.0459456928 0.9946840405 0.0921559036 -0.4131115079 -0.0650752857 0.9083524346
220.5 158.9 1728.3 0 0 0 0 0 0 0 0 0
274.6 -134.5 2112.9 0 0 0 0 0 0 0 0 0
-42.1 -873.5 2114.5 0 0 0 0 0 0 0 0 0
153.3 -920.8 2165.1 0 0 0 0 0 0 0 0 0
335.3 361.9 1931.8 20 0.8317241073 0.4004853666 -0.3845081329 -0.2085091174 0.8671974540 0.4522084594 0.5145473480 -0.2959392071 0.8047738671
256.3 190.9 1990.1 0.8317241073 0.4004853666 -0.3845081329 -0.2085091174 0.8671974540 0.4522084594 0.5145473480 -0.2959392071 0.8047738671
181.4 21.1 2046.2 0.8352788687 0.3869737983 -0.3905898929 -0.2006402314 0.8759255409 0.4387458563 0.5119107962 -0.2881070971 0.8092846274
142.4 218.3 1920.2 0.7997102737 -0.4960892498 -0.3381699026 0.5853244066 0.7695824504 0.2552218735 0.1336368024 -0.4020426571 0.9058161378
-9.9 106.8 1894.8 -0.7949588299 -0.4960892498 -0.3491931856 -0.2163563669 0.7695824504 -0.6007767916 0.5667718649 -0.4020426571 -0.7191184163
370.2 163.5 2060.1 0.1960837543 0.8350797296 0.5139970779 -0.5408468843 -0.3451304436 0.7670525312 0.8179460764 -0.4284002483 0.3839758337
414.0 42.5 2243.0 -0.5380315185 0.8350797296 0.1147340685 -0.6747876406 -0.3451304436 -0.6523393393 -0.5051571727 -0.4284002483 0.7491925359
27.8 -128.9 2058.7 0.8193482757 0.0538309067 -0.5707632303 -0.0500797816 0.9984966516 0.0222810414 0.5711045861 0.0103277666 0.8208123446
6.9 -516.5 2054.7 0.8234690428 0.1437528282 -0.5488477945 -0.0241109151 0.9753619432 0.2192892879 0.5668486953 -0.1673447192 0.8066463470
177.4 -169.4 2147.9 0.9168372750 0.1341613531 0.3760454655 -0.1130296811 0.9905397296 -0.0778159201 -0.3829278648 0.0288402382 0.9233279228
125.3 -553.8 2136.7 0.9166775942 -0.0633746237 0.3945704997 0.0213860329 0.9937101603 0.1099218354 -0.3990549445 -0.0923245847 0.9122671485
217.6 168.7 1732.6 0 0 0 0 0 0 0 0 0
277.8 -128.4 2115.1 0 0 0 0 0 0 0 0 0
-46.7 -880.4 2117.1 0 0 0 0 0 0 0 0 0
148.9 -924.4 2171.1 0 0 0 0 0 0 0 0 0
324.3 369.0 1935.9 21 0.7968209386 0.3813348711 -0.4686791003 -0.1548161209 0.8786417246 0.4516864419 0.5840448141 -0.2873541415 0.7591569424
249.1 195.6 1992.6 0.7968209386 0.3813348711 -0.4686791003 -0.1548161209 0.8786417246 0.4516864419 0.5840448141 -0.2873541415 0.7591569424
177.6 23.9 2047.5 0.7996115088 0.3693392873 -0.4735081196 -0.1482581198 0.8855067492 0.4403378069 0.5819286704 -0.2818977535 0.7628189325
140.5 215.9 1913.4 0.8023734689 -0.5175765157 -0.2971723080 0.5894080997 0.7654316425 0.2582876980 0.0937814116 -0.3823989630 0.9192258120
-9.8 105.4 1895.8 -0.7878777385 -0.5175765157 -0.3337112069 -0.2520401776 0.7654316425 -0.5921065807 0.5618935823 -0.3823989630 -0.7335166335
357.7 175.4 2071.8 0.1524237394 0.8812850118 0.4473295808 -0.5116738081 -0.3168694079 0.7986136079 0.8455512524 -0.3506144881 0.4026320279
391.7 61.1 2260.6 -0.4651129842 0.8812850118 0.0837057605 -0.7129696012 -0.3168694079 -0.6255143285 -0.5247325897 -0.3506144881 0.7757094502
31.8 -130.8 2056.3 0.7698828578 0.0701675713 -0.6343160868 -0.0580335110 0.9975166321 0.0399080440 0.6355411410 0.0060870727 0.7720430493
4.5 -517.9 2054.0 0.7804311514 0.1285878867 -0.6118761301 0.0083686905 0.9763873219 0.2158651948 0.6251857281 -0.1735885292 0.7609269619
181.1 -166.7 2148.0 0.9431726933 0.1428050697 0.3000532389 -0.1278207451 0.9893874526 -0.0690960884 -0.3067361712 0.0268165208 0.9514167309
125.7 -550.7 2137.6 0.9453885555 -0.0637762919 0.3196451366 0.0344309546 0.9947240949 0.0966358557 -0.3241218030 -0.0803527460 0.9425966740
216.3 177.8 1734.5 0 0 0 0 0 0 0 0 0
274.2 -119.1 2128.0 0 0 0 0 0 0 0 0 0
-43.5 -882.2 2118.7 0 0 0 0 0 0 0 0 0
149.5 -921.9 2167.6 0 0 0 0 0 0 0 0 0
311.5 378.1 1947.9 22 0.8328071237 0.3540978730 -0.4254962206 -0.1775814593 0.8989204764 0.4005082250 0.5243063569 -0.2579858601 0.8115085363
241.5 200.3 1999.0 0.8328071237 0.3540978730 -0.4254962206 -0.1775814593 0.8989204764 0.4005082250 0.5243063569 -0.2579858601 0.8115085363
175.2 24.7 2047.5 0.8356916308 0.3410550356 -0.4304659367 -0.1700919122 0.9059974551 0.3876046538 0.5221955776 -0.2506991923 0.8151451945
127.8 223.2 1928.0 0.7656344771 -0.5362999439 -0.3552269638 0.6212889552 0.7596343160 0.1922388524 0.1667449027 -0.3678832650 0.9147994518
-12.8 109.1 1897.4 -0.7827996612 -0.5362999439 -0.3156058192 -0.2846786976 0.7596343160 -0.5847339630 0.5533378124 -0.3678832650 -0.7473146319
355.1 177.3 2069.9 0.2107795328 0.8609412313 0.4629818201 -0.5576548576 -0.2830924094 0.7803074718 0.8028655052 -0.4226568937 0.4204379916
402.0 53.1 2248.7 -0.4894328713 0.8609412313 0.1386926472 -0.6874826550 -0.2830924094 -0.6687497497 -0.5364914536 -0.4226568937 0.7304369211
34.8 -134.5 2050.5 0.8100968599 0.0719519034 -0.5818642378 -0.0563125052 0.9974014759 0.0449354872 0.5835854411 -0.0036358631 0.8120436072
6.9 -521.7 2051.9 0.8198260665 0.1379482001 -0.5557477474 0.0017587203 0.9699362516 0.2433528602 0.5726099610 -0.2004844248 0.7949363589
177.2 -161.1 2154.4 0.9226593375 0.1322959065 0.3622120321 -0.1039638519 0.9898673296 -0.0967173129 -0.3713371456 0.0515801720 0.9270642996
125.9 -545.2 2134.3 0.9212031364 -0.0710672662 0.3825365901 0.0244786981 0.9918155670 0.1253102720 -0.3883112073 -0.1060722172 0.9154032469
213.4 191.3 1737.5 0 0 0 0 0 0 0 0 0
278.2 -120.9 2113.0 0 0 0 0 0 0 0 0 0
-44.6 -883.6 2126.7 0 0 0 0 0 0 0 0 0
152.4 -915.3 2173.9 0 0 0 0 0 0 0 0 0
299.1 385.8 1958.4 23 0.8464105129 0.3251893222 -0.4217121005 -0.1720088869 0.9164011478 0.3614165187 0.5039862394 -0.2333685011 0.8315870166
234.9 205.1 2004.5 0.8464105129 0.3251893222 -0.4217121005 -0.1720088869 0.9164011478 0.3614165187 0.5039862394 -0.2333685011 0.8315870166
174.1 26.3 2048.1 0.8488587141 0.3128658831 -0.4260913730 -0.1649529636 0.9225685000 0.3487948477 0.5022245049 -0.2257925123 0.8347384334
119.3 227.4 1936.0 0.7356422544 -0.5557335615 -0.3872862756 0.6465187073 0.7466389537 0.1566648632 0.2020990849 -0.3656371236 0.9085512757
-16.8 107.9 1898.7 -0.7771867514 -0.5557335615 -0.2951965034 -0.3104130030 0.7466389537 -0.5883656144 0.5473797321 -0.3656371236 -0.7527847886
350.6 182.8 2072.9 0.2401434779 0.8606069088 0.4490956366 -0.5773153901 -0.2453118265 0.7787997723 0.7804089189 -0.4462935030 0.4379315376
404.1 54.0 2247.0 -0.4805224240 0.8606069088 0.1686830968 -0.6814139485 -0.2453118265 -0.6895630360 -0.5520627499 -0.4462935030 0.7043073773
34.4 -135.8 2049.4 0.8203668594 0.0847381651 -0.5655242205 -0.0695257038 0.9964031577 0.0484449528 0.5675953031 -0.0004241610 0.8233076334
1.5 -522.6 2049.6 0.8357170820 0.1071805283 -0.5385993719 0.0299118478 0.9704288840 0.2395266891 0.5483450294 -0.2162870467 0.8077980280
183.4 -165.9 2142.5 0.9114584923 0.1479900777 0.3838519454 -0.1209010258 0.9882119894 -0.0939145982 -0.3932255507 0.0391911604 0.9186064005
125.9 -549.4 2127.3 0.9091986418 -0.0763768777 0.4092974663 0.0061726472 0.9853957295 0.1701678932 -0.4163168967 -0.1521899700 0.8963919282
206.6 197.1 1741.3 0 0 0 0 0 0 0 0 0
282.4 -118.7 2107.1 0 0 0 0 0 0 0 0 0
-38.5 -884.5 2130.2 0 0 0 0 0 0 0 0 0
154.4 -916.8 2184.0 0 0 0 0 0 0 0 0 0
288.5 393.2 1963.2 24 0.8562530279 0.3060377836 -0.4161389768 -0.1670830697 0.9263822436 0.3374895751 0.4887883365 -0.2194466889 0.8443512917
228.0 210.0 2006.6 0.8562530279 0.3060377836 -0.4161389768 -0.1670830697 0.9263822436 0.3374895751 0.4887883365 -0.2194466889 0.8443512917
171.4 29.1 2047.5 0.8590839505 0.2915429175 -0.4206869006 -0.1582747549 0.9329528213 0.3233390152 0.4867482483 -0.2111912519 0.8476287127
110.8 231.5 1940.2 0.7033640742 -0.5768719316 -0.4153285027 0.6789073348 0.7183097601 0.1520392597 0.2106273323 -0.3889085054 0.8968758583
-20.6 104.7 1900.8 -0.7738845944 -0.5768719316 -0.2613835633 -0.3282617629 0.7183097601 -0.6134127975 0.5416150093 -0.3889085054 -0.7452538610
345.2 188.5 2073.0 0.2628416717 0.8588382602 0.4396715760 -0.5878456235 -0.2188019007 0.7788217068 0.7650828958 -0.4631658196 0.4473540187
403.9 57.2 2243.9 -0.4748342335 0.8588382602 0.1921699345 -0.6792582870 -0.2188019007 -0.7005240321 -0.5595896840 -0.4631658196 0.6872676611
37.5 -137.8 2046.9 0.8292587996 0.0890079364 -0.5517313480 -0.0703114644 0.9960075617 0.0550017357 0.5544241667 -0.0068176356 0.8322063088
3.0 -524.5 2049.5 0.8415775299 0.1142935157 -0.5279055834 0.0101733357 0.9738286734 0.2270556539 0.5400405526 -0.1964554936 0.8183895350
189.2 -167.1 2136.6 0.9011720419 0.1652138829 0.4007409811 -0.1397402436 0.9858854413 -0.0922091082 -0.4103189409 0.0270966217 0.9115394354
125.1 -549.7 2126.1 0.8987507820 -0.0836125091 0.4304137230 0.0070824032 0.9842894673 0.1764200330 -0.4384026229 -0.1555092782 0.8852231503
202.6 199.3 1744.6 0 0 0 0 0 0 0 0 0
283.5 -115.0 2102.0 0 0 0 0 0 0 0 0 0
-39.7 -887.8 2122.8 0 0 0 0 0 0 0 0 0
156.3 -916.9 2184.1 0 0 0 0 0 0 0 0 0
275.6 400.5 1976.6 25 0.8448897600 0.2832267284 -0.4538103938 -0.1554683447 0.9417273998 0.2982936203 0.5118504167 -0.1814720929 0.8396886587
219.7 214.5 2012.4 0.8448897600 0.2832267284 -0.4538103938 -0.1554683447 0.9417273998 0.2982936203 0.5118504167 -0.1814720929 0.8396886587
167.8 30.9 2047.0 0.8481628299 0.2680168748 -0.4569318891 -0.1442548782 0.9468247294 0.2875995040 0.5097159147 -0.1780165732 0.8417242765
104.0 234.2 1942.8 0.6828031540 -0.5852020383 -0.4373995960 0.6965869069 0.7020013332 0.1481920034 0.2203328311 -0.4058727920 0.8869727850
-24.7 102.8 1901.3 -0.7770889997 -0.5852020383 -0.2316705436 -0.3425033987 0.7020013332 -0.6244081855 0.5280379653 -0.4058727920 -0.7459511757
335.4 194.8 2082.0 0.2578853369 0.8793981671 0.4001924992 -0.5994006991 -0.1792393625 0.7801231146 0.7577690482 -0.4410579801 0.4808886647
393.1 60.8 2251.4 -0.4351270497 0.8793981671 0.1931925267 -0.6785307527 -0.1792393625 -0.7123687863 -0.5918280482 -0.4410579801 0.6746906042
37.9 -137.7 2044.8 0.8128847480 0.0860006213 -0.5760401487 -0.0670164451 0.9962803125 0.0541699603 0.5785560608 -0.0054297736 0.8156245351
