7.8 428.6 2180.1 35 0.7340396047 0.1967676878 -0.6499756575 -0.2306442857 0.9724469185 0.0339152552 0.6387402415 0.1250180304 0.7591978908
-35.4 215.0 2152.6 0.7340396047 0.1967676878 -0.6499756575 -0.2306442857 0.9724469185 0.0339152552 0.6387402415 0.1250180304 0.7591978908
-63.7 23.2 2151.1 0.7541198134 0.1432145238 -0.6409313083 -0.1147577018 0.9896541834 0.0861118808 0.6466327906 0.0086131291 0.7627527714
-141.9 231.2 2061.9 0.1412774920 -0.3690949082 -0.9185910821 0.9827255011 0.1643381864 0.0851092488 0.1195462123 -0.9147469401 0.3859362602
-182.1 -48.7 2027.8 -0.2817342877 -0.3274405897 -0.9018915892 0.9535892010 0.0085539417 -0.3009892404 0.1062708199 -0.9448330402 0.3098338544
71.2 198.9 2243.4 0.8230787516 0.4128495753 -0.3899956048 -0.5510081649 0.4141387045 -0.7244854569 -0.1375912279 0.8111993670 0.5683522224
203.6 110.2 2221.3 -0.1494347155 0.4128495753 0.8984567523 0.9093757272 0.4141387045 -0.0390499383 -0.3882074356 0.8111993670 -0.4373220801
-154.5 -167.0 2096.8 0.7639470100 0.0293029621 -0.6446132660 -0.0737112314 0.9963921905 -0.0420627967 0.6410550475 0.0796489865 0.7633507848
-167.6 -610.7 2061.3 0.7593635917 0.1519653648 -0.6326717138 -0.1062421799 0.9882529378 0.1098575667 0.6419342160 -0.0162054151 0.7665884495
-14.2 -188.4 2209.6 0.7214872241 -0.0074073216 -0.6923881173 0.0124608781 0.9999197721 0.0022872097 0.6923156381 -0.0102779567 0.7215216160
-11.3 -582.4 2213.7 0.7266597748 0.0574249849 -0.6845932603 0.0756486431 0.9837521315 0.1628160626 0.6828197837 -0.1701004356 0.7105090022
-102.8 -317.1 1997.9 0 0 0 0 0 0 0 0 0
161.4 367.1 2111.6 0 0 0 0 0 0 0 0 0
-224.8 -982.8 2067.4 0 0 0 0 0 0 0 0 0
-32.9 -952.8 2277.7 0 0 0 0 0 0 0 0 0
6.0 428.9 2183.2 36 0.7095035911 0.1905293018 -0.6784564853 -0.2112481147 0.9759853482 0.0531684943 0.6722937226 0.1055994183 0.7327140570
-33.8 224.8 2161.1 0.7095035911 0.1905293018 -0.6784564853 -0.2112481147 0.9759853482 0.0531684943 0.6722937226 0.1055994183 0.7327140570
-65.8 32.9 2152.9 0.7208648324 0.1634759903 -0.6735202074 -0.1482922733 0.9856600165 0.0805217996 0.6770253181 0.0418325141 0.7347698212
-136.0 245.9 2065.5 0.2205465585 -0.0510301329 -0.9740406275 0.9685635567 0.1292834729 0.2125332355 0.1150817573 -0.9902937412 0.0779389516
-194.8 -12.6 2034.8 -0.3177333176 -0.0510301329 -0.9468059540 0.9379622936 0.1292834729 -0.3217335343 0.1388244629 -0.9902937412 0.0067866743
68.3 203.8 2256.7 0.7974037528 0.4898763001 -0.3523755074 -0.5637340546 0.3963969350 -0.7246195078 -0.2152933478 0.7764603496 0.5922483206
196.4 113.2 2222.1 -0.1194690913 0.4898763001 0.8635672331 0.9127703905 0.3963969350 -0.0985882804 -0.3906114399 0.7764603496 -0.4945017695
-162.6 -148.7 2087.5 0.7330364585 -0.0109160235 -0.6801017523 -0.0383968689 0.9976127148 -0.0573976897 0.6791047454 0.0681883767 0.7308673859
-158.0 -565.9 2059.0 0.7232407928 0.1587937772 -0.6720917821 -0.1120281518 0.9872921705 0.1127115712 0.6814488173 -0.0062244087 0.7318392992
-26.5 -176.8 2203.2 0.6881040335 -0.0358591229 -0.7247254252 0.0464633144 0.9989058971 -0.0053100004 0.7241229415 -0.0300193150 0.6890172958
-12.4 -569.0 2215.0 0.6894919872 0.0374275967 -0.7233256102 0.0754080117 0.9895272851 0.1230826601 0.7203571796 -0.1394090503 0.6794487834
-105.4 -276.4 1995.7 0 0 0 0 0 0 0 0 0
162.7 370.6 2112.0 0 0 0 0 0 0 0 0 0
-217.8 -937.6 2061.3 0 0 0 0 0 0 0 0 0
-26.5 -941.4 2267.4 0 0 0 0 0 0 0 0 0
6.5 428.7 2178.2 37 0.7206095457 0.1857810020 -0.6679875255 -0.1935776174 0.9790303111 0.0634612963 0.6657699347 0.0835766122 0.7414616346
-31.6 228.2 2161.1 0.7206095457 0.1857810020 -0.6679875255 -0.1935776174 0.9790303111 0.0634612963 0.6657699347 0.0835766122 0.7414616346
-64.5 36.0 2151.4 0.7270344496 0.1681519002 -0.6656919718 -0.1579336971 0.9845054746 0.0761962384 0.6681900024 0.0497379079 0.7423262596
-134.9 250.7 2066.3 0.2588837743 -0.0856473371 -0.9621037841 0.9595967531 0.1364887804 0.2460588217 0.1102420837 -0.9869322777 0.1175216362
-201.1 5.4 2038.1 -0.3670609891 -0.0856473371 -0.9262455106 0.9165741801 0.1364887804 -0.3758490980 0.1586125940 -0.9869322777 0.0284024365
71.7 205.8 2255.9 0.7805319428 0.5056992769 -0.3674753904 -0.5870456100 0.3909578919 -0.7088930607 -0.2148192972 0.7690384984 0.6020236611
193.0 114.6 2222.5 -0.1112739667 0.5056992769 0.8555035591 0.9135346413 0.3909578919 -0.1122783050 -0.3912449181 0.7690384984 -0.5054772496
-164.1 -140.9 2081.8 0.7394506931 -0.0250580218 -0.6727442145 -0.0319607146 0.9968735576 -0.0722608268 0.6724516153 0.0749347061 0.7363379598
-154.0 -544.5 2051.5 0.7323797941 0.1664094478 -0.6602482796 -0.0787319914 0.9838677049 0.1606413275 0.6763291955 -0.0656677932 0.7336665392
-34.1 -171.3 2203.4 0.6946606040 -0.0533179641 -0.7173589468 0.0583982654 0.9981375933 -0.0176364817 0.7169632316 -0.0296411477 0.6964805126
-13.1 -562.7 2215.0 0.6956280470 0.0257894769 -0.7179390788 0.0855278447 0.9892749786 0.1184062138 0.7132927775 -0.1437704712 0.6859616637
-97.9 -252.2 1993.6 0 0 0 0 0 0 0 0 0
161.7 372.1 2112.3 0 0 0 0 0 0 0 0 0
-216.5 -914.3 2076.2 0 0 0 0 0 0 0 0 0
-22.9 -935.2 2269.1 0 0 0 0 0 0 0 0 0
4.2 428.0 2176.3 38 0.7047307491 0.1830470860 -0.6854548454 -0.1822531074 0.9804297090 0.0744402558 0.6856663823 0.0724659413 0.7242999077
-32.8 229.7 2161.6 0.7047307491 0.1830470860 -0.6854548454 -0.1822531074 0.9804297090 0.0744402558 0.6856663823 0.0724659413 0.7242999077
-66.2 37.3 2151.1 0.7086563706 0.1706999242 -0.6845930815 -0.1604548544 0.9838585258 0.0792254806 0.6870664954 0.0537026413 0.7246072292
-133.6 252.5 2063.9 0.2734658420 -0.1150481105 -0.9549766183 0.9567705393 0.1347480118 0.2577461600 0.0990279913 -0.9841783047 0.1469236314
-203.1 9.7 2038.8 -0.4069009423 -0.1150481105 -0.9061983824 0.8974312544 0.1347480118 -0.4200715125 0.1704368591 -0.9841783047 0.0484186858
68.0 206.9 2259.3 0.7905371189 0.4972767234 -0.3574450612 -0.5768724680 0.4087143242 -0.7072274685 -0.2055948377 0.7652897835 0.6099690795
194.4 114.6 2226.4 -0.1191301569 0.4972767234 0.8593741059 0.9058966041 0.4087143242 -0.1109231934 -0.4063980281 0.7652897835 -0.4991714954
-163.7 -139.6 2080.4 0.7212104201 -0.0343894847 -0.6918619275 -0.0259746816 0.9967220426 -0.0766192898 0.6922289133 0.0732295215 0.7179530263
-150.0 -536.6 2051.2 0.7110272050 0.1841261536 -0.6786293983 -0.0879100934 0.9808124900 0.1740077287 0.6976475716 -0.0640658513 0.7135708928
-32.4 -170.0 2200.8 0.6754338741 -0.0534936897 -0.7354776859 0.0646736771 0.9978194237 -0.0131808855 0.7345790267 -0.0386632346 0.6774206758
-11.5 -561.1 2215.9 0.6756907105 0.0442364104 -0.7358567715 0.0701862350 0.9898031354 0.1239501089 0.7338364720 -0.1353989542 0.6656959653
-88.7 -242.6 1990.9 0 0 0 0 0 0 0 0 0
160.9 369.9 2111.9 0 0 0 0 0 0 0 0 0
-219.3 -905.6 2075.3 0 0 0 0 0 0 0 0 0
-28.1 -933.7 2266.9 0 0 0 0 0 0 0 0 0
2.4 430.4 2181.3 39 0.7056551576 0.1787603348 -0.6856351495 -0.1826255172 0.9808441401 0.0677698255 0.6846157312 0.0773923397 0.7247838974
-33.4 233.9 2165.8 0.7056551576 0.1787603348 -0.6856351495 -0.1826255172 0.9808441401 0.0677698255 0.6846157312 0.0773923397 0.7247838974
-66.8 41.5 2153.3 0.7083760500 0.1707998663 -0.6848582029 -0.1673375964 0.9832571745 0.0721350014 0.6857123971 0.0635038242 0.7250970602
-134.2 257.7 2068.2 0.2745287716 -0.0827412158 -0.9580124617 0.9550379515 0.1394699514 0.2616307139 0.1119663119 -0.9867634177 0.1173095182
-204.7 12.8 2039.4 -0.4424172640 -0.0827412158 -0.8929842114 0.8820976615 0.1394699514 -0.4499465227 0.1617735922 -0.9867634177 0.0112819169
67.5 210.1 2263.4 0.8018928170 0.5213556290 -0.2918153107 -0.5333235264 0.4044487476 -0.7429584265 -0.2693212330 0.7514050007 0.6023758054
194.7 125.4 2220.6 -0.1295345873 0.5213556290 0.8434506655 0.9078516960 0.4044487476 -0.1105736867 -0.3987807930 0.7514050007 -0.5257037282
-164.0 -139.4 2078.0 0.7206946015 -0.0332375541 -0.6924554706 -0.0255402960 0.9968989491 -0.0744325668 0.6927820444 0.0713286623 0.7176107764
-150.8 -533.2 2049.9 0.7137179375 0.1792458743 -0.6771097183 -0.0672648326 0.9797734022 0.1884660870 0.6971958876 -0.0889659524 0.7113388181
-36.0 -169.3 2202.0 0.6747388244 -0.0593915768 -0.7356631160 0.0648238659 0.9976738691 -0.0210887920 0.7352043390 -0.0334590971 0.6770192385
-12.7 -560.2 2215.1 0.6756989360 0.0286998246 -0.7366188169 0.0902443677 0.9885057211 0.1212947071 0.7316330671 -0.1484344006 0.6653422713
-80.3 -235.3 1993.9 0 0 0 0 0 0 0 0 0
158.3 381.2 2108.3 0 0 0 0 0 0 0 0 0
-218.3 -901.9 2083.3 0 0 0 0 0 0 0 0 0
-23.5 -932.4 2271.0 0 0 0 0 0 0 0 0 0
1.4 431.4 2183.8 40 0.6817293763 0.1613926589 -0.7135807276 -0.2050006837 0.9784310460 0.0254443511 0.7022960782 0.1289383769 0.7001107931
-35.6 206.9 2154.2 0.6817293763 0.1613926589 -0.7135807276 -0.2050006837 0.9784310460 0.0254443511 0.7022960782 0.1289383769 0.7001107931
-66.2 14.0 2154.7 0.6973432899 0.1559073627 -0.6995750666 -0.1082467735 0.9877684116 0.1122327074 0.7085160613 -0.0025379788 0.7056901455
-134.8 222.2 2053.6 0.3216284215 -0.1322205365 -0.9375888705 0.9449687600 0.1074744165 0.3090037704 0.0599101707 -0.9853765965 0.1595111042
-204.7 17.1 2040.6 -0.4600742757 -0.1322205365 -0.8779802918 0.8738808036 0.1074744165 -0.4741113484 0.1570476741 -0.9853765965 0.0660987794
63.7 191.6 2254.8 0.8804456592 0.4230819046 -0.2140493542 -0.3976979852 0.4131461978 -0.8192353249 -0.2581699789 0.8064191937 0.5320116282
197.4 131.2 2215.6 -0.1566257030 0.4230819046 0.8924517035 0.9099463820 0.4131461978 -0.0361629538 -0.3840129375 0.8064191937 -0.4496911764
-162.8 -147.5 2082.9 0.7105495930 -0.0300941300 -0.7030032873 -0.0421359353 0.9954723120 -0.0852023661 0.7023844123 0.0901622102 0.7060644031
-151.3 -527.2 2048.5 0.7104491591 0.1498153210 -0.6876171827 -0.0427970216 0.9844670296 0.1702737212 0.7024460435 -0.0915428475 0.7058253884
-36.0 -169.5 2204.9 0.6640456319 -0.0597106814 -0.7453039885 0.0586196519 0.9978954792 -0.0277187489 0.7453905940 -0.0252829473 0.6661483645
-12.9 -556.8 2214.7 0.6651878953 0.0290515721 -0.7461106181 0.0877544060 0.9892760515 0.1167564020 0.7415013313 -0.1431394368 0.6555050611
-75.2 -228.8 1996.4 0 0 0 0 0 0 0 0 0
153.3 387.4 2107.4 0 0 0 0 0 0 0 0 0
-207.7 -897.7 2083.0 0 0 0 0 0 0 0 0 0
-23.8 -929.3 2268.6 0 0 0 0 0 0 0 0 0
2.2 431.0 2185.0 41 0.6852282286 0.1547323167 -0.7117023468 -0.2205753922 0.9753698707 -0.0003136713 0.6941244602 0.1571989655 0.7024810910
-36.5 186.8 2145.7 0.6852282286 0.1547323167 -0.7117023468 -0.2205753922 0.9753698707 -0.0003136713 0.6941244602 0.1571989655 0.7024810910
-60.4 -6.1 2160.8 0.7116631269 0.1219788492 -0.6918501854 -0.0328649171 0.9895132780 0.1406531930 0.7017517090 -0.0773601010 0.7082089782
-137.7 191.4 2046.2 0.2338829041 -0.1304245293 -0.9634771347 0.9702588320 0.0949329138 0.2226781994 0.0624229908 -0.9869028330 0.1487487406
-189.5 -23.5 2032.4 -0.5088818073 -0.1304245293 -0.8508988023 0.8478764892 0.0949329138 -0.5216255188 0.1488110572 -0.9869028330 0.0622742660
64.6 182.1 2245.1 0.9156775475 0.3535588682 -0.1911303103 -0.3348460197 0.4080776870 -0.8493236899 -0.2222899050 0.8417058587 0.4920553565
196.5 133.9 2213.1 -0.1605672985 0.3535588682 0.9215282202 0.9129437804 0.4080776870 0.0025060854 -0.3751690686 0.8417058587 -0.3883033097
-159.1 -175.1 2093.4 0.7261099219 -0.0066580079 -0.6875464320 -0.0705607161 0.9939522147 -0.0841435194 0.6839485168 0.1096112132 0.7212487459
-156.6 -559.1 2051.1 0.7293400764 0.1639537811 -0.6642154455 -0.0520161055 0.9813390970 0.1851158738 0.6821710467 -0.1004625261 0.7242581844
-33.8 -190.4 2220.1 0.6807460189 -0.0512103029 -0.7307273149 0.0326554701 0.9986831546 -0.0395671353 0.7317913175 0.0030729251 0.6815218925
-13.8 -579.6 2218.9 0.6820263267 0.0277991146 -0.7307990789 0.0652908683 0.9929724932 0.0987054408 0.7284072638 -0.1150342152 0.6754183769
-46.5 -261.9 1990.6 0 0 0 0 0 0 0 0 0
151.3 391.0 2107.4 0 0 0 0 0 0 0 0 0
-218.3 -928.5 2088.9 0 0 0 0 0 0 0 0 0
-24.3 -953.4 2262.2 0 0 0 0 0 0 0 0 0
2.5 429.9 2186.2 42 0.6808167696 0.1748749763 -0.7112715840 -0.2564948201 0.9665134549 -0.0078830104 0.6860750318 0.1878043711 0.7028731108
-43.6 175.1 2136.6 0.6808167696 0.1748749763 -0.7112715840 -0.2564948201 0.9665134549 -0.0078830104 0.6860750318 0.1878043711 0.7028731108
-64.8 -17.1 2162.6 0.7201631069 0.1086354852 -0.6852470040 0.0143580120 0.9851202965 0.1712654382 0.6936562061 -0.1331778318 0.7078874707
-146.0 173.1 2038.3 0.1273090094 -0.1465988457 -0.9809694886 0.9909273982 0.0617481098 0.1193735152 0.0430729948 -0.9872668982 0.1531299055
-176.3 -62.5 2028.0 -0.5090632439 -0.1465988457 -0.8481529355 0.8510349393 0.0617481098 -0.5214658976 0.1288181394 -0.9872668982 0.0933270529
58.9 177.1 2235.0 0.9453583956 0.2676259875 -0.1862091422 -0.2841728330 0.3963965774 -0.8729922771 -0.1598227620 0.8782061934 0.4507888556
195.6 136.0 2211.9 -0.1553042829 0.2676259875 0.9509242177 0.9172822833 0.3963965774 0.0382489376 -0.3667066991 0.8782061934 -0.3070506454
-148.0 -199.0 2113.8 0.7339337468 0.0355925933 -0.6782878637 -0.1292735189 0.9876919985 -0.0880506262 0.6668055654 0.1523079872 0.7295016050
-161.8 -582.6 2054.6 0.7413850427 0.1501695514 -0.6540622115 -0.0852156579 0.9878181815 0.1302056760 0.6656474471 -0.0407962017 0.7451503873
-20.0 -202.8 2239.5 0.6932544708 -0.0174578838 -0.7204813957 -0.0289490409 0.9982251525 -0.0520429164 0.7201111913 0.0569362305 0.6915187240
-13.2 -592.1 2217.3 0.7002429962 0.0375685692 -0.7129153609 0.0678560585 0.9905906916 0.1188511401 0.7106724381 -0.1316003054 0.6911049485
-33.1 -301.9 1991.8 0 0 0 0 0 0 0 0 0
151.9 394.4 2108.6 0 0 0 0 0 0 0 0 0
-218.3 -953.8 2070.0 0 0 0 0 0 0 0 0 0
-27.3 -965.0 2266.8 0 0 0 0 0 0 0 0 0
3.6 431.3 2185.2 43 0.6869775653 0.1839544624 -0.7030096650 -0.2695858181 0.9629079700 -0.0114766322 0.6748223901 0.1974056065 0.7110877037
-46.5 169.1 2131.5 0.6869775653 0.1839544624 -0.7030096650 -0.2695858181 0.9629079700 -0.0114766322 0.6748223901 0.1974056065 0.7110877037
-66.2 -22.8 2162.2 0.7314207554 0.1009416133 -0.6744142175 0.0338754319 0.9823843837 0.1837752759 0.6810845733 -0.1572631150 0.7151168585
-150.6 164.3 2034.7 0.0668383241 -0.1113351509 -0.9915327430 0.9966667295 0.0540383421 0.0611166582 0.0467763543 -0.9923126101 0.1145758703
-167.6 -89.2 2022.8 -0.4475831985 -0.1113351509 -0.8872844577 0.8887877464 0.0540383421 -0.4551221728 0.0986184776 -0.9923126101 0.0747666582
57.6 173.9 2228.2 0.9574331641 0.2045630813 -0.2036557198 -0.2712571025 0.3963766992 -0.8771004081 -0.0986979753 0.8950080872 0.4349933863
194.4 135.2 2214.1 -0.1516551375 0.2045630813 0.9670339227 0.9161367416 0.3963766992 0.0598249920 -0.3710717559 0.8950080872 -0.2475203127
-150.8 -212.0 2126.8 0.7443060279 0.0362529792 -0.6668540239 -0.1457845420 0.9832642674 -0.1092623621 0.6517326236 0.1785416454 0.7371346354
-164.9 -595.4 2057.1 0.7535726428 0.1383443326 -0.6426423192 -0.0886505693 0.9900608659 0.1091815084 0.6513596177 -0.0253055897 0.7583470345
-20.9 -208.4 2251.3 0.7060665488 -0.0227717552 -0.7077792287 -0.0477902032 0.9956719279 -0.0797088370 0.7065310478 0.0901046619 0.7019224167
-12.0 -597.3 2216.1 0.7179013491 0.0495757498 -0.6943773031 0.0760944113 0.9858956933 0.1490613222 0.6919734478 -0.1598495692 0.7040034533
-42.0 -338.7 1995.1 0 0 0 0 0 0 0 0 0
151.6 393.3 2109.6 0 0 0 0 0 0 0 0 0
-216.9 -967.8 2066.7 0 0 0 0 0 0 0 0 0
-30.7 -968.4 2276.3 0 0 0 0 0 0 0 0 0
3.4 429.5 2186.7 44 0.7175005674 0.1820675731 -0.6723424196 -0.2882695198 0.9563118219 -0.0486659221 0.6341084838 0.2287336439 0.7386388183
-46.9 165.3 2123.6 0.7175005674 0.1820675731 -0.6723424196 -0.2882695198 0.9563118219 -0.0486659221 0.6341084838 0.2287336439 0.7386388183
-66.0 -27.0 2153.9 0.7628475428 0.0978766456 -0.6391273737 0.0258810911 0.9830617309 0.1814381778 0.6460602283 -0.1549509764 0.7473930717
-155.4 161.7 2031.7 0.0389009900 -0.1585340649 -0.9865868688 0.9983761311 0.0472852737 0.0317675956 0.0416147821 -0.9862205982 0.1601160765
-165.7 -102.4 2020.7 -0.3645665944 -0.1549810320 -0.9181895852 0.9265091419 0.0382386595 -0.3743241727 0.0931234881 -0.9871771336 0.1296508163
61.7 169.0 2215.4 0.9721846581 0.0914345831 -0.2156310081 -0.2341608256 0.3993732333 -0.8863801360 0.0050714519 0.9122174978 0.4096749425
196.7 136.5 2216.1 -0.1601936519 0.0914345831 0.9828416705 0.9100230932 0.3993732333 0.1111709103 -0.3823557794 0.9122174978 -0.1471846402
-151.8 -218.6 2131.8 0.7737697959 0.0371783376 -0.6323749423 -0.1479275674 0.9812805653 -0.1233121529 0.6159526706 0.1889609098 0.7647849917
-166.4 -602.1 2058.0 0.7823901176 0.1332486272 -0.6083670855 -0.0929701850 0.9908868670 0.0974664241 0.6158102155 -0.0196967721 0.7876482606
-19.8 -212.0 2254.5 0.7382642031 -0.0192846805 -0.6742359400 -0.0507136583 0.9951749444 -0.0839939043 0.6726024747 0.0962026641 0.7337239981
-12.3 -601.2 2216.8 0.7498229742 0.0495950356 -0.6597771049 0.0694180131 0.9857861400 0.1529930681 0.6579868197 -0.1605181247 0.7357223034
-63.6 -361.9 1994.6 0 0 0 0 0 0 0 0 0
151.6 392.8 2108.4 0 0 0 0 0 0 0 0 0
-216.5 -975.0 2065.4 0 0 0 0 0 0 0 0 0
-31.0 -972.4 2277.3 0 0 0 0 0 0 0 0 0
0.9 428.4 2180.0 45 0.7140549421 0.1975167394 -0.6716492176 -0.2918148339 0.9560323358 -0.0290917140 0.6363722682 0.2167702764 0.7402979136
-54.0 162.5 2119.7 0.7140549421 0.1975167394 -0.6716492176 -0.2918148339 0.9560323358 -0.0290917140 0.6363722682 0.2167702764 0.7402979136
-67.9 -29.4 2155.3 0.7633688450 0.0708397329 -0.6420667768 0.0640945807 0.9807570577 0.1844113022 0.6427751780 -0.1819268465 0.7441388965
-162.7 153.3 2028.3 0.0258501451 -0.1617498547 -0.9864931703 0.9992637038 0.0321676359 0.0209104363 0.0283508953 -0.9863073826 0.1624622941
-169.4 -106.9 2020.9 -0.3248141706 -0.1652395874 -0.9312312603 0.9410125613 0.0422526300 -0.3357232809 0.0948217437 -0.9853479266 0.1417682767
54.6 171.6 2211.1 0.9731924534 0.0733599663 -0.2179789096 -0.2291456610 0.3905243278 -0.8916181922 0.0197169837 0.9176650047 0.3968654275
200.5 137.2 2214.1 -0.1771236211 0.0733599663 0.9814507365 0.9106180668 0.3905243278 0.1351500452 -0.3733657897 0.9176650047 -0.1359739900
-154.0 -222.0 2126.0 0.7783665657 0.0342385545 -0.6268757582 -0.1345209628 0.9844164252 -0.1132626757 0.6132287979 0.1724878103 0.7708426714
-167.4 -607.1 2058.6 0.7858411670 0.1308742017 -0.6044216752 -0.0853819177 0.9909517765 0.1035591587 0.6125059724 -0.0297743678 0.7899050117
-16.3 -217.1 2242.5 0.7416827083 -0.0116053093 -0.6706504822 -0.0383605137 0.9974799156 -0.0596844368 0.6696530581 0.0699934140 0.7393684983
-11.8 -607.4 2215.1 0.7546839714 0.0606468879 -0.6532794237 0.0815013871 0.9793400764 0.1850689203 0.6510065794 -0.1929117292 0.7341494560
-78.3 -371.0 1994.3 0 0 0 0 0 0 0 0 0
150.6 393.7 2108.9 0 0 0 0 0 0 0 0 0
-216.7 -980.2 2069.8 0 0 0 0 0 0 0 0 0
-34.6 -976.0 2287.7 0 0 0 0 0 0 0 0 0
-0.5 429.2 2183.1 46 0.6970233321 0.1988134533 -0.6889352202 -0.3050152659 0.9517424107 -0.0339416042 0.6489408016 0.2337938547 0.7240278125
-57.1 158.4 2116.6 0.6970233321 0.1988134533 -0.6889352202 -0.3050152659 0.9517424107 -0.0339416042 0.6489408016 0.2337938547 0.7240278125
-69.1 -33.6 2152.7 0.7484326959 0.0615596697 -0.6603475809 0.0765944943 0.9809972048 0.1782632172 0.6587729454 -0.1839970052 0.7294952273
-163.6 147.5 2022.9 0.0196495578 -0.1410393864 -0.9898089767 0.9996838570 0.0183065124 0.0172370691 0.0156888440 -0.9898347259 0.1413545012
-168.8 -117.6 2018.7 -0.3114212155 -0.1521229893 -0.9380167723 0.9452564120 0.0516931973 -0.3222081363 0.0975043476 -0.9870088100 0.1276968718
49.5 169.3 2210.4 0.9775236249 0.0439692214 -0.2061898857 -0.2067073286 0.3922571540 -0.8963294029 0.0414685532 0.9188041091 0.3925293982
203.9 136.7 2217.0 -0.1893253028 0.0439692214 0.9809294939 0.9062995315 0.3922571540 0.1573387235 -0.3778585494 0.9188041091 -0.1141134948
-150.7 -227.2 2133.0 0.7657432556 0.0446816124 -0.6415923834 -0.1531746984 0.9815481901 -0.1144579425 0.6246396899 0.1859211177 0.7584580183
-168.1 -611.4 2060.2 0.7765362263 0.1294986159 -0.6166210771 -0.0849454030 0.9912332892 0.1011969224 0.6243202090 -0.0262039509 0.7807289362
-12.9 -215.5 2248.9 0.7279789448 -0.0038549406 -0.6855886579 -0.0541422218 0.9965379238 -0.0630932078 0.6834583282 0.0830498189 0.7252498865
-11.4 -605.6 2216.4 0.7430676818 0.0687374100 -0.6656768322 0.0730227828 0.9804434180 0.1827523559 0.6652203798 -0.1844069511 0.7235164046
-81.3 -383.4 1991.3 0 0 0 0 0 0 0 0 0
150.6 392.0 2110.5 0 0 0 0 0 0 0 0 0
-216.9 -984.7 2070.1 0 0 0 0 0 0 0 0 0
-37.2 -974.7 2285.8 0 0 0 0 0 0 0 0 0
-1.3 429.1 2184.7 47 0.6994050741 0.2020835280 -0.6855616570 -0.3108944595 0.9497152567 -0.0372240059 0.6435659528 0.2391719669 0.7270622849
-59.3 156.5 2116.1 0.6994050741 0.2020835280 -0.6855616570 -0.3108944595 0.9497152567 -0.0372240059 0.6435659528 0.2391719669 0.7270622849
-70.3 -35.7 2151.6 0.7514412403 0.0564500168 -0.6573807597 0.0778664351 0.9817835093 0.1733146906 0.6551892161 -0.1814236939 0.7333570123
-166.3 145.5 2022.8 0.0119637148 -0.1461650729 -0.9891878963 0.9997690916 0.0194070600 0.0092240507 0.0178489946 -0.9890698195 0.1463634968
-169.5 -123.9 2018.0 -0.3037218750 -0.1544030309 -0.9401663542 0.9484308362 0.0449730307 -0.3137776256 0.0907303467 -0.9869838357 0.1327812970
47.8 167.6 2209.4 0.9796845913 0.0268554091 -0.1987380981 -0.1935162097 0.3866476715 -0.9016956687 0.0526262149 0.9218364358 0.3839897513
208.3 135.9 2218.0 -0.2064525187 0.0268554091 0.9780880213 0.9044331312 0.3866476715 0.1802894175 -0.3733336926 0.9218364358 -0.1041133106
-150.2 -232.3 2129.8 0.7692847848 0.0560491867 -0.6364427805 -0.1571691334 0.9821351767 -0.1034813300 0.6192727685 0.1796357632 0.7643508315
-171.9 -612.9 2060.2 0.7801076770 0.1309234500 -0.6117933393 -0.0893665552 0.9911506772 0.0981529653 0.6192299128 -0.0218960196 0.7849044204
-13.6 -218.7 2248.2 0.7316641212 -0.0049348609 -0.6816474795 -0.0521708913 0.9966354370 -0.0632142350 0.6796659827 0.0818137452 0.7289448977
-11.7 -609.0 2216.2 0.7481035590 0.0639775544 -0.6604906321 0.0862024128 0.9775378704 0.1923249215 0.6579591036 -0.2008148581 0.7257845402
-84.0 -390.8 1992.4 0 0 0 0 0 0 0 0 0
150.2 390.7 2112.9 0 0 0 0 0 0 0 0 0
-221.2 -986.2 2068.5 0 0 0 0 0 0 0 0 0
-35.8 -977.0 2291.8 0 0 0 0 0 0 0 0 0
-2.8 428.3 2186.0 48 0.7179229259 0.1920320392 -0.6691116095 -0.3072142005 0.9499318600 -0.0569990948 0.6246647835 0.2464815378 0.7409728169
-57.7 156.8 2115.6 0.7179229259 0.1920320392 -0.6691116095 -0.3072142005 0.9499318600 -0.0569990948 0.6246647835 0.2464815378 0.7409728169
-67.7 -35.2 2152.8 0.7671270370 0.0510807186 -0.6394582987 0.0834700987 0.9804019928 0.1784507334 0.6360415816 -0.1902700216 0.7478291392
-167.0 144.9 2025.0 0.0202565938 -0.1699821651 -0.9852389097 0.9994393587 0.0297170095 0.0154215144 0.0266569722 -0.9849989414 0.1704888344
-172.5 -127.7 2017.7 -0.3110333383 -0.1708372086 -0.9349186420 0.9465883374 0.0323173851 -0.3208209872 0.0850222930 -0.9847691059 0.1516607255
51.6 168.7 2206.1 0.9763230085 0.0003108665 -0.2163174301 -0.2004860342 0.3768228292 -0.9043284059 0.0812322199 0.9262853265 0.3679631352
212.4 135.7 2219.5 -0.2213830948 0.0003108665 0.9751868844 0.9033272862 0.3768228292 0.2049496919 -0.3674089611 0.9262853265 -0.0837030187
-147.5 -233.4 2133.5 0.7841469049 0.0665570274 -0.6169957519 -0.1543813348 0.9838973284 -0.0900692865 0.6010657549 0.1658801883 0.7817952037
-173.1 -612.7 2069.6 0.7950453758 0.1322074383 -0.5919662714 -0.0868545473 0.9907132387 0.1046112925 0.6002992392 -0.0317557603 0.7991448045
-13.5 -220.9 2246.3 0.7480518818 -0.0081935022 -0.6635896564 -0.0424615853 0.9972839952 -0.0601798333 0.6622804403 0.0731947124 0.7456722856
-10.3 -611.5 2217.7 0.7567371130 0.1067021564 -0.6449523568 0.0223410856 0.9817916155 0.1886427850 0.6533374190 -0.1571619362 0.7405743003
-84.9 -394.2 1993.8 0 0 0 0 0 0 0 0 0
150.0 390.1 2116.0 0 0 0 0 0 0 0 0 0
-222.9 -985.8 2081.5 0 0 0 0 0 0 0 0 0
-50.4 -980.5 2276.7 0 0 0 0 0 0 0 0 0
-3.4 429.3 2186.1 49 0.7243870497 0.1764116883 -0.6664400101 -0.2847886086 0.9569390416 -0.0562420450 0.6278207302 0.2305355221 0.7434343100
-53.3 158.5 2120.9 0.7243870497 0.1764116883 -0.6664400101 -0.2847886086 0.9569390416 -0.0562420450 0.6278207302 0.2305355221 0.7434343100
-64.4 -33.7 2156.7 0.7676024437 0.0569195226 -0.6383938193 0.0742219612 0.9814530611 0.1767510921 0.6366141438 -0.1830574125 0.7491410971
-162.6 147.9 2030.2 0.0407959819 -0.1693226844 -0.9847159386 0.9981257915 0.0518979877 0.0324276388 0.0456140414 -0.9841932654 0.1711225510
-173.9 -127.8 2017.6 -0.3094346821 -0.1635236144 -0.9367551804 0.9471992850 0.0340639278 -0.3188309669 0.0840459466 -0.9859511256 0.1443488896
56.1 169.1 2211.6 0.9766389728 0.0175173674 -0.2141715586 -0.2039987296 0.3888115883 -0.8984487057 0.0675339252 0.9211507440 0.3833020926
215.4 135.8 2222.6 -0.2353038490 0.0175173674 0.9717639685 0.8970190287 0.3888115883 0.2101961821 -0.3741510212 0.9211507440 -0.1072022766
-146.1 -233.9 2135.4 0.7832395434 0.0663597286 -0.6181684136 -0.1629923284 0.9814274907 -0.1011613980 0.5999743938 0.1799903214 0.7795089483
-171.9 -615.3 2065.4 0.7937417626 0.1278865933 -0.5946587920 -0.0959465057 0.9917323589 0.0852127671 0.6006399393 -0.0105815018 0.7994496226
-8.4 -219.6 2247.5 0.7477692962 0.0059557855 -0.6639319062 -0.0562117621 0.9969375730 -0.0543668419 0.6615749002 0.0779746398 0.7458140850
-10.7 -610.1 2217.0 0.7593111992 0.0932054669 -0.6440180540 0.0328240320 0.9829431772 0.1809566170 0.6498993039 -0.1585416496 0.7433003783
-86.8 -394.6 1993.9 0 0 0 0 0 0 0 0 0
149.1 388.5 2117.2 0 0 0 0 0 0 0 0 0
-220.0 -988.7 2069.4 0 0 0 0 0 0 0 0 0
-45.8 -979.9 2276.6 0 0 0 0 0 0 0 0 0
-4.0 428.8 2186.7 50 0.7318780422 0.1557669640 -0.6633936763 -0.2275330573 0.9735118151 -0.0224383753 0.6423264146 0.1673661470 0.7479340434
-41.5 194.7 2146.5 0.7318780422 0.1557669640 -0.6633936763 -0.2275330573 0.9735118151 -0.0224383753 0.6423264146 0.1673661470 0.7479340434
-60.0 1.7 2158.5 0.7568623424 0.0954218134 -0.6465710402 -0.0318860747 0.9934976101 0.1092965454 0.6527960300 -0.0621058270 0.7549835443
-149.1 199.3 2054.4 0.0799791515 -0.1518681198 -0.9851595759 0.9905537963 0.1225468516 0.0615257658 0.1113844067 -0.9807743430 0.1602347344
-175.0 -122.4 2018.2 -0.3024934232 -0.1286157221 -0.9444340467 0.9492864609 0.0484893359 -0.3106510043 0.0857495815 -0.9905083179 0.1074254513
66.1 190.1 2238.5 0.9341990352 0.2500575483 -0.2544472516 -0.3409804106 0.4161321223 -0.8429509997 -0.1049025953 0.8742455244 0.4740149379
216.1 135.3 2221.7 -0.2362317145 0.2500575483 0.9389706254 0.9018649459 0.4161321223 0.1160761788 -0.3617101014 0.8742455244 -0.3238217533
-147.3 -189.1 2112.3 0.7761725783 0.0616919175 -0.6274951696 -0.1247242391 0.9905591607 -0.0568897501 0.6180614829 0.1224201247 0.7765393257
-171.3 -574.9 2064.6 0.7799528837 0.0924892798 -0.6189662218 -0.0894020498 0.9953420758 0.0360747986 0.6194196939 0.0272002090 0.7845886946
-7.5 -212.7 2244.3 0.7345364094 0.0090348879 -0.6785091162 -0.0572849885 0.9971675277 -0.0487371683 0.6761469245 0.0746676102 0.7329734564
-11.1 -609.2 2214.6 0.7517601848 0.0755296499 -0.6550968885 0.0760910213 0.9768481255 0.1999447793 0.6550319195 -0.2001575083 0.7286083698
-89.8 -389.8 1994.0 0 0 0 0 0 0 0 0 0
149.5 389.4 2119.8 0 0 0 0 0 0 0 0 0
-206.1 -949.2 2054.4 0 0 0 0 0 0 0 0 0
-39.5 -976.5 2289.9 0 0 0 0 0 0 0 0 0
-3.8 429.6 2186.5 51 0.6911019683 0.1555569321 -0.7058187723 -0.2314669788 0.9727656245 -0.0122507941 0.6846905351 0.1718402952 0.7082865238
-42.4 188.8 2143.9 0.6911019683 0.1555569321 -0.7058187723 -0.2314669788 0.9727656245 -0.0122507941 0.6846905351 0.1718402952 0.7082865238
-68.8 -4.1 2152.5 0.7156058550 0.1362301409 -0.6850908995 -0.0666664168 0.9896400571 0.1271538138 0.6953155994 -0.0453194603 0.7172742486
-143.9 198.2 2045.5 0.1794703454 -0.0975092873 -0.9789189696 0.9816792011 0.0824894160 0.1717597097 0.0640022829 -0.9918102026 0.1105272472
-190.7 -57.5 2028.8 -0.2970174551 -0.0958596170 -0.9500482082 0.9493488669 0.0772130638 -0.3045895994 0.1025539711 -0.9923956394 0.0680705905
59.2 179.3 2242.4 0.9567153454 0.2268774956 -0.1822700799 -0.2645114064 0.4167017043 -0.8697087765 -0.1213651076 0.8802762628 0.4586766064
218.5 135.3 2222.2 -0.2460615039 0.2268774956 0.9423270822 0.8990479112 0.4167017043 0.1344340444 -0.3621692359 0.8802762628 -0.3065080047
-149.0 -168.9 2100.6 0.7373571992 0.0366819501 -0.6745063066 -0.0989338309 0.9936214089 -0.0541160218 0.6682188511 0.1066343337 0.7362830043
-163.2 -554.6 2059.2 0.7393720746 0.1188509837 -0.6627241969 -0.0829171836 0.9928773642 0.0855526403 0.6681718826 -0.0083040111 0.7439606190
-13.3 -193.7 2226.7 0.6922222972 -0.0081382897 -0.7216384411 -0.0204143636 0.9993154407 -0.0308520123 0.7213955522 0.0360882394 0.6915823221
-10.1 -585.1 2212.6 0.7014029026 0.0713654608 -0.7091832757 0.0677490681 0.9837948084 0.1660055667 0.7095378637 -0.1644832939 0.6852015853
-107.0 -324.9 2000.0 0 0 0 0 0 0 0 0 0
149.2 388.5 2120.1 0 0 0 0 0 0 0 0 0
-207.9 -927.9 2062.3 0 0 0 0 0 0 0 0 0
-37.0 -955.1 2274.4 0 0 0 0 0 0 0 0 0
-5.1 429.0 2186.4 52 0.7377625704 0.1527963281 -0.6575406194 -0.2067581713 0.9783810973 -0.0046315049 0.6426176429 0.1393688470 0.7534048557
-39.2 210.2 2155.2 0.7377625704 0.1527963281 -0.6575406194 -0.2067581713 0.9783810973 -0.0046315049 0.6426176429 0.1393688470 0.7534048557
-67.4 17.4 2150.9 0.7504268885 0.1426994652 -0.6453652978 -0.1224179268 0.9895296097 0.0764522776 0.6495177746 0.0216324404 0.7600386143
-145.8 227.4 2063.4 0.1809409857 -0.0639248341 -0.9814142585 0.9761296511 0.1335606128 0.1712671518 0.1201300621 -0.9889768362 0.0865655169
-198.1 -55.1 2028.6 -0.3367844820 -0.0639248341 -0.9394093156 0.9299788475 0.1335606128 -0.3424921334 0.1473618299 -0.9889768362 0.0144676073
67.3 193.0 2247.0 0.9253346920 0.2937882543 -0.2396752089 -0.3507936597 0.4235047698 -0.8352170587 -0.1438733637 0.8569318652 0.4949426949
219.4 135.4 2223.4 -0.2444311231 0.2937882543 0.9240897894 0.8999722004 0.4235047698 0.1034104005 -0.3609756529 0.8569318652 -0.3679190278
-160.5 -178.2 2092.5 0.7731849551 0.0095123667 -0.6341091990 -0.0631018505 0.9960794449 -0.0619993061 0.6310334206 0.0879504010 0.7707539201
-164.3 -569.4 2058.0 0.7711575627 0.1396029443 -0.6211497784 -0.0781020522 0.9890371561 0.1253216565 0.6318355203 -0.0481296666 0.7736067772
-30.4 -199.5 2220.0 0.7268042564 -0.0431315526 -0.6854890585 0.0239533726 0.9990109205 -0.0374615453 0.6864268780 0.0108074350 0.7271185517
-13.4 -593.5 2215.7 0.7291417122 0.0430296473 -0.6830086112 0.0640276298 0.9893547297 0.1306817979 0.6813610196 -0.1390169710 0.7186247110
-103.4 -316.5 1987.2 0 0 0 0 0 0 0 0 0
150.6 388.9 2121.7 0 0 0 0 0 0 0 0 0
-216.7 -941.2 2076.1 0 0 0 0 0 0 0 0 0
-29.5 -965.6 2268.0 0 0 0 0 0 0 0 0 0
-5.1 429.5 2186.3 53 0.7626322508 0.1553472877 -0.6279006600 -0.1933175325 0.9811041355 0.0079338737 0.6172685027 0.1153335869 0.7782530189
-37.9 222.6 2162.0 0.7626322508 0.1553472877 -0.6279006600 -0.1933175325 0.9811041355 0.0079338737 0.6172685027 0.1153335869 0.7782530189
-67.4 29.7 2152.3 0.7696588039 0.1496879160 -0.6206600070 -0.1479708403 0.9874799252 0.0546623841 0.6210716367 0.0497681983 0.7821720839
-147.3 243.5 2074.0 0.2070938051 0.0057127192 -0.9783043861 0.9673582315 0.1480868161 0.2056413740 0.1460487545 -0.9889578819 0.0251416154
-203.7 -20.3 2034.2 -0.3291986287 0.0057127192 -0.9442434311 0.9341259599 0.1480868161 -0.3247753680 0.1379746497 -0.9889578819 -0.0540863760
71.5 201.7 2250.1 0.9005202651 0.3412052393 -0.2695223093 -0.4032959044 0.4237331748 -0.8110502958 -0.1625290662 0.8390644789 0.5191869736
220.0 135.2 2223.3 -0.2472997606 0.3412052393 0.9068747759 0.9016522169 0.4237331748 0.0864489898 -0.3547760844 0.8390644789 -0.4124375880
-163.6 -158.2 2085.3 0.7924534678 -0.0086150905 -0.6098715663 -0.0395489447 0.9970702529 -0.0654737055 0.6086488366 0.0760046393 0.7897910476
-160.2 -549.2 2055.5 0.7871955633 0.1375859827 -0.6011598706 -0.0828462169 0.9895525575 0.1179925501 0.6111134291 -0.0430793911 0.7903698683
-27.8 -184.6 2203.0 0.7462493181 -0.0441655442 -0.6641998291 0.0444311090 0.9988761544 -0.0164998900 0.6641820669 -0.0171981025 0.7473729849
-10.4 -577.1 2209.8 0.7483236194 0.0584201813 -0.6607562304 0.0737586170 0.9826087952 0.1704100519 0.6592202783 -0.1762583405 0.7310004234
-111.1 -283.1 1995.3 0 0 0 0 0 0 0 0 0
150.3 389.2 2123.3 0 0 0 0 0 0 0 0 0
-212.0 -921.5 2071.7 0 0 0 0 0 0 0 0 0
-32.4 -946.6 2276.1 0 0 0 0 0 0 0 0 0
-6.2 428.3 2186.3 54 0.7767273784 0.1537675112 -0.6107782722 -0.1848206073 0.9826945066 0.0123633482 0.6021095514 0.1032814682 0.7917051315
-37.7 227.2 2165.2 0.7767273784 0.1537675112 -0.6107782722 -0.1848206073 0.9826945066 0.0123633482 0.6021095514 0.1032814682 0.7917051315
-67.2 34.3 2152.9 0.7809689045 0.1501465142 -0.6062537432 -0.1573355943 0.9866651297 0.0416824184 0.6044278741 0.0628326237 0.7941781878
-148.8 249.6 2079.3 0.2201009393 -0.0094378237 -0.9754314423 0.9623608589 0.1655286849 0.2155500501 0.1594275683 -0.9861598015 0.0455156118
-206.2 -1.5 2037.7 -0.3361109197 -0.0094378237 -0.9417751431 0.9282983541 0.1655286849 -0.3329600096 0.1590332240 -0.9861598015 -0.0468748845
73.5 204.9 2251.1 0.8892160058 0.3612816632 -0.2806606889 -0.4225628078 0.4135183096 -0.8065006137 -0.1753155440 0.8357500434 0.5203713179
218.8 135.9 2222.4 -0.2424708456 0.3612816632 0.9003795981 0.9071176648 0.4135183096 0.0783591717 -0.3440137208 0.8357500434 -0.4279910922
-166.5 -146.6 2085.1 0.8030882478 -0.0257345121 -0.5953041315 -0.0250220317 0.9967291355 -0.0768434778 0.5953344703 0.0766078159 0.7998175621
-156.4 -537.2 2055.1 0.7945702672 0.1483699977 -0.5887651443 -0.0953007415 0.9881404638 0.1203998923 0.5996463895 -0.0395564213 0.7992868423
-27.4 -175.5 2197.4 0.7574558258 -0.0420834608 -0.6515287161 0.0530207604 0.9985893369 -0.0028597489 0.6507299542 -0.0323784128 0.7586185932
-10.9 -567.2 2210.1 0.7581156492 0.0561950989 -0.6496943831 0.0637962744 0.9851102233 0.1596494019 0.6489920616 -0.1624807864 0.7432423830
-111.6 -262.9 1992.9 0 0 0 0 0 0 0 0 0
150.5 391.4 2125.5 0 0 0 0 0 0 0 0 0
-212.3 -909.2 2070.0 0 0 0 0 0 0 0 0 0
-32.0 -937.9 2271.3 0 0 0 0 0 0 0 0 0
-6.6 427.5 2186.3 55 0.7782941461 0.1521284729 -0.6091921926 -0.1804993600 0.9834609032 0.0149883907 0.6013968587 0.0982934237 0.7928809524
-37.3 229.3 2166.5 0.7782941461 0.1521284729 -0.6091921926 -0.1804993600 0.9834609032 0.0149883907 0.6013968587 0.0982934237 0.7928809524
-66.8 36.3 2152.7 0.7811180353 0.1501609385 -0.6060580611 -0.1621002555 0.9861387610 0.0354093127 0.6029744148 0.0705833063 0.7946318984
-148.6 252.3 2080.7 0.2297434956 -0.0100307995 -0.9731995463 0.9594169259 0.1703342646 0.2247341871 0.1635149717 -0.9853352904 0.0487569086
-207.1 7.8 2039.0 -0.3689436316 -0.0100307995 -0.9293976426 0.9152299762 0.1703342646 -0.3651578724 0.1619710922 -0.9853352904 -0.0536632538
73.9 206.2 2252.3 0.8920689821 0.3606329262 -0.2723174393 -0.4162102938 0.4209645092 -0.8059515357 -0.1760166883 0.8323057294 0.5256285071
221.9 137.2 2223.1 -0.2556944788 0.3606329262 0.8969750404 0.9027885199 0.4209645092 0.0881009996 -0.3458225429 0.8323057294 -0.4332135618
-167.3 -142.9 2085.3 0.8030158281 -0.0337498859 -0.5950012803 -0.0223780982 0.9959834218 -0.0866961107 0.5955373645 0.0829333439 0.7990352511
-154.1 -533.1 2052.8 0.7931451797 0.1666189581 -0.5857976079 -0.0928352550 0.9836850166 0.1540954262 0.6019155383 -0.0678373724 0.7956731915
-26.2 -172.4 2194.6 0.7570214272 -0.0419104770 -0.6520445347 0.0620214380 0.9980438948 0.0078569157 0.6504397988 -0.0463885926 0.7581399083
-9.7 -563.5 2212.8 0.7555177808 0.0724649057 -0.6511080861 0.0386644378 0.9871991873 0.1547346264 0.6539862156 -0.1420794874 0.7430447340
-103.3 -249.8 1993.4 0 0 0 0 0 0 0 0 0
149.8 391.5 2125.7 0 0 0 0 0 0 0 0 0
-216.8 -903.3 2078.4 0 0 0 0 0 0 0 0 0
-37.0 -935.1 2266.2 0 0 0 0 0 0 0 0 0
-6.3 426.7 2186.8 56 0.7802405357 0.1576589495 -0.6052836776 -0.1840894222 0.9827321172 0.0186730139 0.5977756381 0.0968568847 0.7957907915
-37.8 230.0 2167.4 0.7802405357 0.1576589495 -0.6052836776 -0.1840894222 0.9827321172 0.0186730139 0.5977756381 0.0968568847 0.7957907915
-68.3 37.2 2152.4 0.7824262977 0.1556728482 -0.6029718518 -0.1703642905 0.9848220348 0.0331898555 0.5989867449 0.0767562613 0.7970717549
-149.3 254.3 2082.1 0.2265762687 -0.0073027979 -0.9739660621 0.9592103362 0.1752346307 0.2218296826 0.1690526009 -0.9844996333 0.0467089266
-206.9 10.6 2039.2 -0.4025011659 -0.0073027979 -0.9153903723 0.9007344246 0.1752346307 -0.3974548578 0.1633106172 -0.9844996333 -0.0639542565
73.6 205.8 2252.7 0.8952505589 0.3591549397 -0.2636932731 -0.4066383243 0.4166760147 -0.8130353093 -0.1821309775 0.8350980878 0.5190755725
222.6 138.1 2222.4 -0.2597663999 0.3591549397 0.8963978887 0.9040729403 0.4166760147 0.0950431973 -0.3393722773 0.8350980878 -0.4329406917
-166.9 -141.3 2084.0 0.8045799732 -0.0332177430 -0.5929145217 -0.0157166552 0.9968934655 -0.0771778300 0.5936362743 0.0714143738 0.8015584350
-153.9 -531.8 2056.0 0.7931066155 0.1628265083 -0.5869151354 -0.1052721739 0.9857482314 0.1312180758 0.5999163389 -0.0422840975 0.7989445925
-25.7 -171.1 2193.0 0.7592292428 -0.0369741917 -0.6497721672 0.0662346035 0.9975908995 0.0206258949 0.6474441886 -0.0586971864 0.7598491311
-11.2 -562.0 2216.0 0.7574270964 0.0587001704 -0.6502756476 0.0243750289 0.9927139878 0.1180034727 0.6524645686 -0.1052295193 0.7504776716
-93.6 -242.9 1993.2 0 0 0 0 0 0 0 0 0
149.5 392.8 2126.8 0 0 0 0 0 0 0 0 0
-215.1 -902.8 2072.0 0 0 0 0 0 0 0 0 0
-33.3 -935.4 2255.6 0 0 0 0 0 0 0 0 0
-6.6 425.5 2186.5 57 0.7904186845 0.1587220728 -0.5916464925 -0.1842232049 0.9827282429 0.0175226219 0.5842089653 0.0951448083 0.8060070276
-38.2 229.8 2167.6 0.7904186845 0.1587220728 -0.5916464925 -0.1842232049 0.9827282429 0.0175226219 0.5842089653 0.0951448083 0.8060070276
-69.4 37.1 2151.9 0.7918195724 0.1590185165 -0.5896905065 -0.1755519658 0.9840241671 0.0296300855 0.5849814415 0.0800596476 0.8070856333
-151.0 254.8 2084.3 0.2244784236 0.0061333701 -0.9744597673 0.9588419795 0.1770320386 0.2219949365 0.1738721728 -0.9841859937 0.0338589400
-207.4 14.1 2040.6 -0.4258517027 0.0061333701 -0.9047721624 0.8909599781 0.1770320386 -0.4181506038 0.1576089859 -0.9841859937 -0.0808539838
74.6 204.8 2250.9 0.8971884847 0.3527003527 -0.2658105493 -0.4021056890 0.4034264982 -0.8219233751 -0.1826576591 0.8443041444 0.5037724376
222.5 138.5 2220.8 -0.2570077181 0.3527003527 0.8997496963 0.9093529582 0.4034264982 0.1016083211 -0.3271455765 0.8443041444 -0.4244128466
-169.6 -139.8 2083.0 0.8138408065 -0.0412468761 -0.5796221495 -0.0105155092 0.9962688684 -0.0856608599 0.5809926987 0.0758093223 0.8103705049
-153.4 -530.1 2053.3 0.8034654856 0.1615737677 -0.5730070472 -0.0898030028 0.9843477607 0.1516406387 0.5885393620 -0.0703802630 0.8053992987
-28.2 -170.9 2191.3 0.7694402933 -0.0447512567 -0.6371490955 0.0729035810 0.9971765280 0.0180021357 0.6345444918 -0.0603020191 0.7705302835
-10.6 -561.5 2215.0 0.7667834163 0.0725024715 -0.6377982497 0.0237118676 0.9897234440 0.1410152167 0.6414678097 -0.1232515126 0.7571843266
-87.5 -236.6 1996.3 0 0 0 0 0 0 0 0 0
150.1 394.7 2128.6 0 0 0 0 0 0 0 0 0
-214.3 -900.5 2079.8 0 0 0 0 0 0 0 0 0
-37.9 -934.0 2261.3 0 0 0 0 0 0 0 0 0
-7.1 425.5 2186.4 58 0.7916140556 0.1641375571 -0.5885626674 -0.1862599552 0.9822217822 0.0234018862 0.5819401741 0.0911003873 0.8081128001
-39.7 230.4 2168.3 0.7916140556 0.1641375571 -0.5885626674 -0.1862599552 0.9822217822 0.0234018862 0.5819401741 0.0911003873 0.8081128001
-71.9 37.8 2153.1 0.7928454280 0.1646316648 -0.5867645144 -0.1788986325 0.9832745790 0.0341519862 0.5825731158 0.0778941140 0.8090371490
-152.7 255.8 2085.3 0.2258926481 0.0070498148 -0.9741266966 0.9576902390 0.1814507693 0.2233943194 0.1783309281 -0.9833747745 0.0342368558
-208.6 18.8 2041.1 -0.4387460053 0.0070498148 -0.8985834718 0.8842495084 0.1814507693 -0.4303236604 0.1600149572 -0.9833747745 -0.0858445987
73.3 204.9 2251.3 0.8979030848 0.3464156985 -0.2715992928 -0.3978438675 0.3745792210 -0.8375026584 -0.1883886158 0.8600503206 0.4741552174
222.5 138.8 2220.0 -0.2806409299 0.3464156985 0.8951183558 0.9162117243 0.3745792210 0.1422900110 -0.2860012352 0.8600503206 -0.4225124121
-172.1 -139.5 2083.3 0.8154668212 -0.0481899902 -0.5767942071 -0.0072863488 0.9955943823 -0.0934812725 0.5787579417 0.0804335997 0.8115230799
