176.6 437.4 1858.1 58 0.7740758657 0.1964260340 -0.6018499732 -0.0350951068 0.9625021815 0.2689943016 0.6321193576 -0.1871000081 0.7519432902
137.7 246.8 1895.1 0.7740758657 0.1964260340 -0.6018499732 -0.0350951068 0.9625021815 0.2689943016 0.6321193576 -0.1871000081 0.7519432902
99.3 55.6 1932.6 0.7746092081 0.1938544363 -0.6019974947 -0.0324640274 0.9627976418 0.2682662904 0.6316064000 -0.1882582903 0.7520852089
24.8 251.6 1803.0 -0.1642044932 -0.8264266253 -0.5385683775 0.1715818644 0.5137269497 -0.8406214118 0.9713889956 -0.2304423898 0.0574435480
60.3 214.4 1592.7 -0.4136070013 -0.8264266253 0.3820317984 -0.8316103220 0.5137269497 0.2109713107 -0.3706123233 -0.2304423898 -0.8997460008
250.7 242.1 1987.2 -0.3812597692 0.8363072276 -0.3939939439 -0.6137423515 0.0897392109 0.7843897343 0.6913474798 0.5408669710 0.4790631831
144.4 70.9 2180.0 -0.0660413057 0.8363072276 -0.5442690253 -0.9628416300 0.0897392109 0.2547211945 0.2618674636 0.5408669710 0.7993049026
-13.4 -132.0 1908.0 0.5901683569 0.0526909083 0.8055588007 -0.0661361665 0.9976691008 -0.0168040097 -0.8045665026 -0.0433593728 0.5922775269
-34.3 -528.5 1925.2 0.5852984190 0.1070563346 0.8037192822 -0.1191162542 0.9918431640 -0.0453697480 -0.8020206094 -0.0691811889 0.5932763815
128.7 -141.0 2022.6 -0.6768619418 0.2256002575 0.7006871104 0.0811928734 0.9689511061 -0.2335411161 -0.7316185236 -0.1011842936 -0.6741632223
39.0 -525.9 2062.8 -0.6894807816 0.0168782379 0.7241073251 -0.0863472223 0.9906835556 -0.1053099930 -0.7191386819 -0.1351338625 -0.6815998554
178.6 452.3 1698.7 0 0 0 0 0 0 0 0 0
127.3 -179.2 2248.1 0 0 0 0 0 0 0 0 0
-75.2 -907.4 1951.6 0 0 0 0 0 0 0 0 0
32.6 -904.1 2114.4 0 0 0 0 0 0 0 0 0
169.2 442.0 1869.4 59 0.7916254401 0.1687452644 -0.5872428417 -0.0332892537 0.9715910554 0.2343132049 0.6100991368 -0.1659394205 0.7747535706
135.9 249.9 1902.2 0.7916254401 0.1687452644 -0.5872428417 -0.0332892537 0.9715910554 0.2343132049 0.6100991368 -0.1659394205 0.7747535706
102.3 57.0 1936.1 0.7920196056 0.1690026522 -0.5866370201 -0.0310223009 0.9708192348 0.2377973944 0.6097069383 -0.1701413691 0.7741507292
20.3 254.4 1813.2 -0.1411564797 -0.8426885605 -0.5195679665 0.1452039629 0.5015236735 -0.8528715372 0.9792807102 -0.1958316714 0.0515683927
50.8 223.0 1601.2 -0.4065172672 -0.8426885605 0.3530151844 -0.8311734200 0.5015236735 0.2400517017 -0.3793342710 -0.1958316714 -0.9042983055
251.5 245.3 1991.3 -0.3500020802 0.8488015532 -0.3962756991 -0.6375489831 0.0940923393 0.7646423578 0.6863161325 0.5202715397 0.5082200766
153.9 67.6 2182.5 -0.0394398980 0.8488015532 -0.5272384286 -0.9700267315 0.0940923393 0.2240418643 0.2397761941 0.5202715397 0.8196492195
-10.0 -132.6 1912.3 0.5679848194 0.0580890402 0.8209865689 -0.0634960234 0.9976259470 -0.0266586076 -0.8205860853 -0.0369876921 0.5703248382
-33.1 -529.1 1927.0 0.5627337694 0.1250901818 0.8171188235 -0.1101320535 0.9910172820 -0.0758659691 -0.8192690015 -0.0472986363 0.5714552999
131.7 -138.6 2028.0 -0.6942875981 0.2388053387 0.6789232492 0.1006470770 0.9662919641 -0.2369600087 -0.7126253843 -0.0961867571 -0.6949195862
36.8 -522.5 2066.2 -0.7041440010 -0.0036594910 0.7100477815 -0.0715365112 0.9952644110 -0.0658122599 -0.7064444423 -0.0971356481 -0.7010712624
167.1 460.7 1709.7 0 0 0 0 0 0 0 0 0
143.7 -184.2 2244.8 0 0 0 0 0 0 0 0 0
-80.9 -907.6 1945.1 0 0 0 0 0 0 0 0 0
38.2 -902.3 2103.2 0 0 0 0 0 0 0 0 0
160.7 444.1 1870.6 60 0.8230983019 0.1704893857 -0.5417034030 -0.0546449013 0.9732236862 0.2232701331 0.5652638078 -0.1541719288 0.8103751540
127.0 251.3 1901.1 0.8230983019 0.1704893857 -0.5417034030 -0.0546449013 0.9732236862 0.2232701331 0.5652638078 -0.1541719288 0.8103751540
94.0 57.9 1932.1 0.8238230348 0.1662742198 -0.5419118404 -0.0504546650 0.9737254977 0.2220651507 0.5645971298 -0.1556004137 0.8105668426
6.7 258.7 1818.8 -0.0865766928 -0.8485743999 -0.5219444036 0.1219448149 0.5109453797 -0.8509196639 0.9887537360 -0.1373182237 0.0592432879
25.5 232.3 1604.7 -0.4323876500 -0.8485743999 0.3048973680 -0.8193030357 0.5109453797 0.2601487637 -0.3765414655 -0.1373182237 -0.9161660671
247.2 244.0 1983.5 -0.3167724013 0.8764503002 -0.3626157343 -0.6525694132 0.0760576800 0.7539021373 0.6883374453 0.4754473269 0.5478516817
158.9 62.2 2175.3 -0.0335628018 0.8764503002 -0.4803211987 -0.9753927588 0.0760576800 0.2069400400 0.2179047763 0.4754473269 0.8523305655
-3.8 -132.9 1914.0 0.5206061602 0.0684262365 0.8510505557 -0.0674041957 0.9969661236 -0.0389255434 -0.8511320949 -0.0370994993 0.5236389637
-31.0 -529.1 1928.7 0.5159192085 0.1394651234 0.8452081680 -0.1031016111 0.9895952344 -0.1003562361 -0.8504101634 -0.0353666097 0.5249302387
131.5 -140.1 2015.8 -0.7280231118 0.2753487229 0.6278259754 0.1344677806 0.9553601742 -0.2630690336 -0.6722356677 -0.1070979685 -0.7325498462
21.7 -521.0 2058.5 -0.7399391532 0.0004902875 0.6726736426 -0.0439396277 0.9978288412 -0.0490607545 -0.6712371707 -0.0658590049 -0.7383110523
149.2 466.6 1712.4 0 0 0 0 0 0 0 0 0
150.2 -191.1 2231.9 0 0 0 0 0 0 0 0 0
-84.3 -907.1 1942.2 0 0 0 0 0 0 0 0 0
21.5 -901.8 2083.6 0 0 0 0 0 0 0 0 0
153.9 444.4 1872.2 61 0.8137848973 0.1625184864 -0.5579801798 -0.0495145731 0.9760019183 0.2120579630 0.5790530443 -0.1449414194 0.8023026586
121.7 250.7 1900.9 0.8137848973 0.1625184864 -0.5579801798 -0.0495145731 0.9760019183 0.2120579630 0.5790530443 -0.1449414194 0.8023026586
90.4 56.7 1930.3 0.8146468401 0.1577723324 -0.5580846071 -0.0442606397 0.9763923883 0.2114211917 0.5782659650 -0.1475324184 0.8023980260
2.8 257.2 1816.5 -0.1047258973 -0.8518954515 -0.5131341219 0.1154724583 0.5020653009 -0.8570860624 0.9877745509 -0.1490119696 0.0457912274
25.4 232.2 1602.7 -0.4165627360 -0.8518954515 0.3174108267 -0.8220420480 0.5020653009 0.2686583698 -0.3882298172 -0.1490119696 -0.9094355702
240.6 244.3 1985.3 -0.3207904100 0.8673174977 -0.3805966675 -0.6595895290 0.0838127658 0.7469384670 0.6797316670 0.4906482697 0.5451872349
151.2 60.4 2174.9 -0.0256789941 0.8673174977 -0.4970924556 -0.9768751264 0.0838127658 0.1966987252 0.2122629434 0.4906482697 0.8451086879
-14.5 -130.9 1911.4 0.5354248881 0.0376042500 0.8437452912 -0.0627079755 0.9980208874 -0.0046867412 -0.8422516584 -0.0504001565 0.5367233157
-29.5 -527.3 1931.4 0.5318579674 0.1444721520 0.8344188929 -0.0883906931 0.9894285798 -0.1149705276 -0.8422079086 -0.0126068769 0.5390054584
131.2 -141.3 2013.1 -0.7155783176 0.2847762704 0.6378480196 0.1383467317 0.9528151155 -0.2701916695 -0.6846954226 -0.1050991118 -0.7212117314
17.4 -522.0 2055.1 -0.7261984944 -0.0097747948 0.6874155402 -0.0462933704 0.9983246922 -0.0347093642 -0.6859246492 -0.0570286736 -0.7254344225
144.6 467.3 1713.7 0 0 0 0 0 0 0 0 0
144.5 -193.4 2230.0 0 0 0 0 0 0 0 0 0
-84.6 -905.3 1936.2 0 0 0 0 0 0 0 0 0
21.1 -903.3 2076.9 0 0 0 0 0 0 0 0 0
147.0 446.5 1872.5 62 0.8232559562 0.1483780742 -0.5479357243 -0.0395536050 0.9778832197 0.2053775340 0.5662906766 -0.1474054456 0.8109170794
117.4 251.7 1901.8 0.8232559562 0.1483780742 -0.5479357243 -0.0395536050 0.9778832197 0.2053775340 0.5662906766 -0.1474054456 0.8109170794
89.1 57.3 1931.4 0.8240138888 0.1429357827 -0.5482430458 -0.0344634429 0.9785069227 0.2033136487 0.5655204058 -0.1486389339 0.8112294078
-2.9 256.7 1819.3 -0.0908721909 -0.8604696989 -0.5013324022 0.1129802689 0.4912572801 -0.8636560440 0.9894330502 -0.1351229846 0.0525744706
16.8 232.2 1605.1 -0.4119582176 -0.8604696989 0.2998038828 -0.8268749714 0.4912572801 0.2737591863 -0.3828423321 -0.1351229846 -0.9138783216
237.7 246.7 1984.4 -0.3017326593 0.8736984730 -0.3815866411 -0.6642375588 0.0944664776 0.7415285707 0.6839194894 0.4772075415 0.5518397093
153.6 61.5 2175.1 -0.0096957311 0.8736984730 -0.4863711894 -0.9773878455 0.0944664776 0.1891800165 0.2112320662 0.4772075415 0.8530263901
-15.6 -133.2 1906.6 0.5228772163 0.0305425059 0.8518606424 -0.0616759844 0.9980940819 0.0020715531 -0.8501737714 -0.0536225140 0.5237644315
-27.8 -529.7 1927.9 0.5217400789 0.1401368231 0.8415158987 -0.0698381290 0.9901211262 -0.1215842590 -0.8502411246 0.0046654837 0.5263727307
131.1 -141.9 2011.8 -0.7350311279 0.2729374468 0.6206725836 0.1046596393 0.9501016736 -0.2938590348 -0.6699072123 -0.1510361582 -0.7269198298
22.4 -520.1 2071.9 -0.7367296815 -0.0383051336 0.6751015186 -0.0325406641 0.9992458224 0.0211858135 -0.6754039526 -0.0063600340 -0.7374205589
134.6 468.7 1714.6 0 0 0 0 0 0 0 0 0
151.1 -192.4 2230.0 0 0 0 0 0 0 0 0 0
-81.3 -907.9 1926.2 0 0 0 0 0 0 0 0 0
37.0 -901.2 2074.4 0 0 0 0 0 0 0 0 0
141.1 448.6 1876.6 63 0.8278061748 0.1368807852 -0.5440593362 -0.0329650305 0.9799705744 0.1963949054 0.5600448847 -0.1446419805 0.8157379627
113.9 253.9 1905.4 0.8278061748 0.1368807852 -0.5440593362 -0.0329650305 0.9799705744 0.1963949054 0.5600448847 -0.1446419805 0.8157379627
87.7 59.1 1934.0 0.8282951713 0.1321719438 -0.5444792509 -0.0294014290 0.9806921482 0.1933350712 0.5595200062 -0.1441300362 0.8161886334
-7.0 258.2 1823.6 -0.0849860087 -0.8662324548 -0.4923603237 0.1065700278 0.4834109545 -0.8688824177 0.9906665683 -0.1263137013 0.0512312502
11.4 235.1 1609.2 -0.4064377248 -0.8662324548 0.2906022668 -0.8287944794 0.4834109545 0.2818041742 -0.3845882416 -0.1263137013 -0.9144051075
234.9 249.6 1987.1 -0.2902888954 0.8760713935 -0.3850081861 -0.6708846688 0.1005836427 0.7347086072 0.6823827028 0.4715738297 0.5585445166
153.9 62.5 2177.4 0.0015644188 0.8760713935 -0.4821788967 -0.9785885811 0.1005836427 0.1795755178 0.2058202773 0.4715738297 0.8574707508
-14.9 -133.9 1909.1 0.5173031092 0.0330085233 0.8551654220 -0.0567050502 0.9983819723 -0.0042347563 -0.8539215326 -0.0463015437 0.5183378458
-28.0 -530.7 1927.5 0.5176016688 0.1311037987 0.8455177546 -0.0544579476 0.9912353754 -0.1203607991 -0.8538869023 0.0162537899 0.5202047229
134.8 -139.3 2013.4 -0.7418761253 0.2716508508 0.6130461693 0.0970612243 0.9481379986 -0.3026771545 -0.6634748578 -0.1650459468 -0.7297676802
26.1 -518.6 2079.5 -0.7405905724 -0.0560486205 0.6696149111 -0.0254780632 0.9981408715 0.0553685427 -0.6714733243 0.0239449311 -0.7406417131
127.6 472.1 1719.2 0 0 0 0 0 0 0 0 0
154.3 -191.7 2230.9 0 0 0 0 0 0 0 0 0
-78.1 -909.3 1921.3 0 0 0 0 0 0 0 0 0
47.5 -899.4 2070.3 0 0 0 0 0 0 0 0 0
135.9 449.8 1880.7 64 0.8509191275 0.1317306459 -0.5085113049 -0.0461656228 0.9830535650 0.1774101704 0.5232642293 -0.1274859607 0.8425804973
109.7 254.0 1906.1 0.8509191275 0.1317306459 -0.5085113049 -0.0461656228 0.9830535650 0.1774101704 0.5232642293 -0.1274859607 0.8425804973
85.3 58.6 1932.3 0.8521806002 0.1227984503 -0.5086342096 -0.0364182256 0.9836338162 0.1764604002 0.5219788551 -0.1318525821 0.8427057266
-14.7 259.3 1829.9 -0.0416580960 -0.8723782301 -0.4870532453 0.0882780403 0.4823561907 -0.8715156317 0.9952244163 -0.0793017894 0.0569178015
-5.7 240.2 1614.4 -0.4204967022 -0.8723782301 0.2492765188 -0.8232127428 0.4823561907 0.2994216383 -0.3814489841 -0.0793017894 -0.9209820032
234.1 248.8 1982.3 -0.2581670880 0.8956599236 -0.3621367216 -0.6845290065 0.0949264541 0.7227786183 0.6817402244 0.4344907701 0.5885983706
162.2 57.9 2172.3 0.0131708728 0.8956599236 -0.4445444643 -0.9821885824 0.0949264541 0.1621559709 0.1874356419 0.4344907701 0.8809572458
-14.5 -133.1 1911.3 0.4789014757 0.0249278694 0.8775146604 -0.0588564239 0.9982593656 0.0037628424 -0.8758934140 -0.0534494035 0.4795350432
-24.5 -529.8 1932.5 0.4843439162 0.1509860456 0.8617506623 -0.0251432545 0.9869909883 -0.1587975472 -0.8745163083 0.0552454107 0.4818393588
136.6 -138.0 2014.3 -0.7694539428 0.2609839439 0.5829476714 0.1105190888 0.9533432722 -0.2809307873 -0.6290676594 -0.1517364681 -0.7623974681
32.6 -518.1 2074.8 -0.7748677731 -0.0214254130 0.6317601800 -0.0383266918 0.9991791248 -0.0131225279 -0.6309604049 -0.0343815014 -0.7750528455
114.6 475.7 1723.5 0 0 0 0 0 0 0 0 0
165.6 -197.2 2221.0 0 0 0 0 0 0 0 0 0
-82.1 -906.5 1911.5 0 0 0 0 0 0 0 0 0
40.7 -898.7 2087.9 0 0 0 0 0 0 0 0 0
130.6 451.6 1887.2 65 0.8402415514 0.1144491732 -0.5299957991 -0.0330417119 0.9864604473 0.1606363058 0.5412045717 -0.1174613312 0.8326466680
107.8 255.2 1910.6 0.8402415514 0.1144491732 -0.5299957991 -0.0330417119 0.9864604473 0.1606363058 0.5412045717 -0.1174613312 0.8326466680
84.9 59.5 1935.8 0.8407202363 0.1152553856 -0.5290611386 -0.0289328154 0.9852497578 0.1686590165 0.5406962037 -0.1264878213 0.8316540718
-14.9 259.4 1831.7 -0.0646772012 -0.8754697442 -0.4789254665 0.0849671066 0.4733561575 -0.8767636418 0.9942823648 -0.0973995328 0.0437707789
-0.9 241.0 1616.4 -0.4031690359 -0.8754697442 0.2664722204 -0.8264992237 0.4733561575 0.3046849966 -0.3928787708 -0.0973995328 -0.9144176245
230.6 251.0 1989.6 -0.2658142149 0.8847098351 -0.3829247355 -0.6890463829 0.1034380123 0.7172974944 0.6742091179 0.4545207620 0.5821107626
156.4 58.9 2177.6 0.0196670983 0.8847098351 -0.4657271206 -0.9824836254 0.1034380123 0.1550049782 0.1853083074 0.4545207620 0.8712472320
-17.2 -133.5 1910.6 0.4988230467 0.0114395823 0.8666283488 -0.0515599549 0.9985336661 0.0164966751 -0.8651688695 -0.0529122427 0.4986814260
-21.7 -530.3 1931.6 0.4955453277 0.1752171665 0.8507254124 -0.0705011189 0.9843238592 -0.1616666466 -0.8657161593 0.0201360621 0.5001301169
138.6 -139.9 2006.4 -0.7591969967 0.2619417012 0.5958241820 0.0939782336 0.9499644041 -0.2978853881 -0.6440403461 -0.1701591909 -0.7458269596
34.3 -517.9 2074.1 -0.7644586563 -0.0064241458 0.6446407437 -0.0319252945 0.9991006851 -0.0279026702 -0.6438817978 -0.0419107825 -0.7639762759
114.4 477.4 1728.8 0 0 0 0 0 0 0 0 0
161.5 -196.4 2225.7 0 0 0 0 0 0 0 0 0
-88.6 -905.9 1924.0 0 0 0 0 0 0 0 0 0
36.8 -899.1 2090.1 0 0 0 0 0 0 0 0 0
124.2 452.0 1889.0 66 0.8058955669 0.1003646553 -0.5834888816 -0.0092018265 0.9875312448 0.1571538448 0.5919861794 -0.1212804317 0.7967705727
104.2 255.8 1913.1 0.8058955669 0.1003646553 -0.5834888816 -0.0092018265 0.9875312448 0.1571538448 0.5919861794 -0.1212804317 0.7967705727
84.3 59.8 1938.4 0.8061851263 0.1008556783 -0.5830039978 -0.0063607418 0.9867848158 0.1619112641 0.5916292071 -0.1268221140 0.7961727381
-13.4 256.7 1826.8 -0.1277919859 -0.8781215549 -0.4610550404 0.0898358077 0.4527071118 -0.8871222138 0.9877240062 -0.1547863483 0.0210344214
14.3 237.3 1613.0 -0.3596349359 -0.8781215549 0.3155396283 -0.8379442692 0.4527071118 0.3048042655 -0.4105022252 -0.1547863483 -0.8986262083
221.8 254.9 1999.4 -0.2912245393 0.8524137735 -0.4342568219 -0.6910483837 0.1264564544 0.7116606236 0.6615439057 0.5073455572 0.5522319674
140.6 62.2 2183.8 0.0298848059 0.8524137735 -0.5220130682 -0.9805101156 0.1264564544 0.1503618956 0.1941824853 0.5073455572 0.8395794630
-15.0 -133.6 1911.3 0.5522571206 0.0177517496 0.8334848285 -0.0521482714 0.9985509515 0.0132854553 -0.8320412636 -0.0508017801 0.5523825884
-22.1 -530.5 1931.5 0.5485664010 0.1626489311 0.8201342821 -0.0754842088 0.9865248203 -0.1451580673 -0.8326926827 0.0177216455 0.5534517765
138.9 -138.8 2010.5 -0.7168766260 0.2596244812 0.6470571756 0.0839184001 0.9534639120 -0.2895933092 -0.6921312213 -0.1533026695 -0.7053032517
35.6 -518.0 2071.5 -0.7245741487 -0.0001906696 0.6891968250 -0.0617932118 0.9959903955 -0.0646895915 -0.6864210367 -0.0894600973 -0.7216807008
117.2 477.0 1730.4 0 0 0 0 0 0 0 0 0
148.4 -192.5 2234.3 0 0 0 0 0 0 0 0 0
-84.2 -907.2 1924.8 0 0 0 0 0 0 0 0 0
35.7 -897.8 2105.6 0 0 0 0 0 0 0 0 0
120.6 456.5 1889.9 67 0.7979564071 0.0976482779 -0.5947523713 -0.0011255884 0.9870281816 0.1605431736 0.6027140617 -0.1274370104 0.7877153754
101.2 260.9 1915.1 0.7979564071 0.0976482779 -0.5947523713 -0.0011255884 0.9870281816 0.1605431736 0.6027140617 -0.1274370104 0.7877153754
82.3 64.7 1940.6 0.7981679440 0.0953348354 -0.5948438644 0.0010379502 0.9871801138 0.1596067846 0.6024341583 -0.1280104220 0.7878365517
-15.3 260.7 1827.2 -0.1417382956 -0.8792445064 -0.4547958970 0.0913558602 0.4458551705 -0.8904309273 0.9856796265 -0.1677564383 0.0171293877
15.4 240.9 1613.9 -0.3479347527 -0.8792445064 0.3253774047 -0.8415848017 0.4458551705 0.3048740029 -0.4131299853 -0.1677564383 -0.8950873613
217.7 261.0 2003.1 -0.2952028513 0.8445497155 -0.4467561543 -0.6911662221 0.1340714246 0.7101507783 0.6596548557 0.5184212923 0.5441459417
135.4 68.3 2187.0 0.0346137434 0.8445497155 -0.5343572497 -0.9797922373 0.1340714246 0.1484319717 0.1970002204 0.5184212923 0.8321239352
-9.5 -135.6 1909.6 0.5636262298 0.0341666937 0.8253230453 -0.0569809936 0.9983723164 -0.0024173541 -0.8240622878 -0.0456652418 0.5646557212
-23.1 -532.4 1927.7 0.5594573617 0.1563141495 0.8139860630 -0.0847502872 0.9876969457 -0.1314234287 -0.8245149255 0.0045402460 0.5658220053
137.9 -136.8 2017.9 -0.7043412328 0.2562215924 0.6620074511 0.0909309164 0.9574697018 -0.2738308012 -0.7040134668 -0.1326733828 -0.6976838708
36.1 -517.3 2070.6 -0.7142189741 0.0100138318 0.6998506784 -0.0615184642 0.9951298237 -0.0770203099 -0.6972135901 -0.0980631039 -0.7101245522
114.9 481.6 1732.0 0 0 0 0 0 0 0 0 0
144.4 -186.3 2238.2 0 0 0 0 0 0 0 0 0
-82.8 -909.6 1926.0 0 0 0 0 0 0 0 0 0
32.2 -897.2 2108.0 0 0 0 0 0 0 0 0 0
116.9 458.0 1899.8 68 0.7933865786 0.0791534260 -0.6035498977 0.0008273306 0.9913685322 0.1311020255 0.6087175608 -0.1045139208 0.7864730358
101.2 261.4 1920.5 0.7933865786 0.0791534260 -0.6035498977 0.0008273306 0.9913685322 0.1311020255 0.6087175608 -0.1045139208 0.7864730358
84.2 64.7 1942.3 0.7931883931 0.0859691650 -0.6028776765 -0.0015511143 0.9902673960 0.1391694248 0.6089743376 -0.1094524413 0.7856019139
-14.6 261.7 1831.6 -0.1507018059 -0.8824989796 -0.4455159605 0.0720664412 0.4396566451 -0.8952700496 0.9859489799 -0.1670255512 -0.0026584866
18.1 246.1 1618.2 -0.3356806636 -0.8824989796 0.3294146359 -0.8375559449 0.4396566451 0.3243487477 -0.4310667813 -0.1670255512 -0.8867264986
217.0 261.2 2009.4 -0.2932750881 0.8388361335 -0.4586323500 -0.7058103681 0.1336002648 0.6956886649 0.6448422074 0.5277355909 0.5528776050
135.2 64.4 2189.3 0.0435337238 0.8388361335 -0.5426405072 -0.9827759266 0.1336002648 0.1276808977 0.1796002686 0.5277355909 0.8302041292
-9.7 -131.5 1910.9 0.5704128742 0.0320690684 0.8207318187 -0.0527459048 0.9986051917 -0.0023605688 -0.8196627498 -0.0419437438 0.5713087320
-22.5 -528.3 1927.6 0.5662352443 0.1432735771 0.8116959333 -0.0835315213 0.9896813035 -0.1164188385 -0.8200001121 -0.0018817537 0.5723603368
136.4 -131.3 2021.3 -0.6983885765 0.2596051693 0.6669771671 0.1005691513 0.9582477212 -0.2676699162 -0.7086178064 -0.1198602915 -0.6953375340
33.2 -512.1 2069.0 -0.7078604698 -0.0034079370 0.7063440681 -0.0675326586 0.9957340360 -0.0628734604 -0.7031165957 -0.0922069252 -0.7050708532
114.1 485.6 1741.5 0 0 0 0 0 0 0 0 0
146.5 -191.0 2236.0 0 0 0 0 0 0 0 0 0
-77.2 -906.4 1928.3 0 0 0 0 0 0 0 0 0
34.5 -892.4 2104.2 0 0 0 0 0 0 0 0 0
112.9 459.9 1910.8 69 0.7333759069 0.0696481094 -0.6762461662 0.0037117165 0.9943130612 0.1064318195 0.6798132062 -0.0805645660 0.7289467454
99.2 263.7 1926.7 0.7333759069 0.0696481094 -0.6762461662 0.0037117165 0.9943130612 0.1064318195 0.6798132062 -0.0805645660 0.7289467454
84.3 66.5 1944.4 0.7333741188 0.0766573474 -0.6754895449 0.0036867431 0.9931591153 0.1167104840 0.6798152924 -0.0880828053 0.7280745506
-7.6 263.3 1827.7 -0.2425656766 -0.8715702891 -0.4260600209 0.0547798686 0.4261701107 -0.9029829502 0.9685871601 -0.2423721850 -0.0556297339
45.0 251.4 1618.0 -0.2782191336 -0.8715702891 0.4036822319 -0.8369857669 0.4261701107 0.3432693481 -0.4712206721 -0.2423721850 -0.8480606079
205.9 264.2 2025.7 -0.3366869390 0.7836858630 -0.5219945908 -0.7217719555 0.1412255913 0.6775696278 0.6047207117 0.6048899293 0.5180936456
112.2 63.2 2194.1 0.0461127311 0.7836858630 -0.6194433570 -0.9843513370 0.1412255913 0.1053936109 0.1700767428 0.6048899293 0.7779344916
-5.6 -131.8 1908.3 0.6434907317 0.0440861173 0.7641832829 -0.0687556192 0.9976334572 0.0003426094 -0.7623597383 -0.0527623594 0.6449990869
-23.1 -528.3 1929.3 0.6440131068 0.1348479837 0.7530359626 -0.0649542212 0.9904260635 -0.1218077168 -0.7622519732 0.0295329057 0.6466063261
139.8 -132.1 2019.9 -0.6372066140 0.2631733418 0.7243669629 0.0778665543 0.9570651054 -0.2792188823 -0.7667493224 -0.1215161756 -0.6303406358
35.2 -512.5 2068.2 -0.6460890770 0.0158090573 0.7630982399 -0.0649206564 0.9950240850 -0.0755799413 -0.7604960203 -0.0983722135 -0.6418479085
124.5 490.8 1752.8 0 0 0 0 0 0 0 0 0
124.2 -192.5 2238.3 0 0 0 0 0 0 0 0 0
-74.6 -906.5 1918.0 0 0 0 0 0 0 0 0 0
29.1 -892.6 2105.8 0 0 0 0 0 0 0 0 0
110.0 462.3 1914.8 70 0.7607110739 0.0675952509 -0.6455613971 -0.0060554366 0.9952585697 0.0970756859 0.6490623951 -0.0699373931 0.7575135827
96.7 266.4 1928.5 0.7607110739 0.0675952509 -0.6455613971 -0.0060554366 0.9952585697 0.0970756859 0.6490623951 -0.0699373931 0.7575135827
82.5 68.9 1943.7 0.7607020140 0.0723037943 -0.6450617313 -0.0061846622 0.9945389628 0.1041826755 0.6490718126 -0.0752624795 0.7569949627
-14.2 267.3 1833.9 -0.2025737464 -0.8810845613 -0.4273802638 0.0389982313 0.4288240671 -0.9025458694 0.9784901738 -0.1994991750 -0.0525077619
29.7 258.9 1622.1 -0.2967958450 -0.8810845613 0.3682420850 -0.8297306299 0.4288240671 0.3572912514 -0.4727148712 -0.1994991750 -0.8583360314
207.6 265.5 2023.2 -0.3118143976 0.8078878522 -0.5000889897 -0.7312741280 0.1319902092 0.6691910625 0.6066381931 0.5743655562 0.5496310592
120.8 61.8 2192.2 0.0531386696 0.8078878522 -0.5869356990 -0.9869421124 0.1319902092 0.0923244208 0.1520575434 0.5743655562 0.8043523431
2.3 -131.0 1900.0 0.6094676852 0.0632196218 0.7902863026 -0.0973569304 0.9952391982 -0.0045334771 -0.7868105173 -0.0741768405 0.6127210259
-22.8 -526.3 1929.5 0.6146477461 0.1257731766 0.7787099481 -0.0599987954 0.9918008447 -0.1128325313 -0.7865165472 0.0226306058 0.6171544194
136.2 -130.5 2024.1 -0.6675289273 0.2582035065 0.6983810663 0.0919070914 0.9593483210 -0.2668406665 -0.7388898730 -0.1139376983 -0.6641234756
33.6 -511.8 2069.4 -0.6784152389 0.0073797125 0.7346416116 -0.0761773363 0.9938530922 -0.0803306252 -0.7307186723 -0.1104605645 -0.6736829281
114.6 496.2 1757.3 0 0 0 0 0 0 0 0 0
134.6 -194.6 2231.7 0 0 0 0 0 0 0 0 0
-70.8 -905.2 1920.8 0 0 0 0 0 0 0 0 0
30.8 -891.4 2111.6 0 0 0 0 0 0 0 0 0
107.9 464.4 1917.3 71 0.7655453086 0.0651578754 -0.6400740743 -0.0070731356 0.9956507683 0.0928950086 0.6433430910 -0.0665880144 0.7626766562
95.1 268.0 1930.4 0.7655453086 0.0651578754 -0.6400740743 -0.0070731356 0.9956507683 0.0928950086 0.6433430910 -0.0665880144 0.7626766562
81.6 70.3 1944.6 0.7655712962 0.0683432147 -0.6397106647 -0.0066856425 0.9951330423 0.0983135849 0.6433163285 -0.0709891841 0.7623022199
-16.6 269.0 1836.5 -0.1953521073 -0.8840156794 -0.4246809185 0.0335898884 0.4267389178 -0.9037508368 0.9801577926 -0.1908146143 -0.0536703616
25.7 261.7 1624.4 -0.2975048125 -0.8840156794 0.3605651259 -0.8284642696 0.4267389178 0.3626855612 -0.4744868875 -0.1908146143 -0.8593322635
206.8 267.0 2024.3 -0.3050980568 0.8117251396 -0.4980135262 -0.7347456813 0.1320536584 0.6653649807 0.6058580279 0.5689148903 0.5561222434
121.7 62.2 2193.2 0.0576957799 0.8117251396 -0.5811828375 -0.9874693155 0.1320536584 0.0864073411 0.1468863338 0.5689148903 0.8091725707
-1.3 -128.1 1899.3 0.6041929126 0.0411386378 0.7957754731 -0.0850741789 0.9962886572 0.0130881844 -0.7922835946 -0.0756077319 0.6054503322
-17.7 -523.9 1929.4 0.6054976583 0.1725902408 0.7769074440 -0.0777309388 0.9843596816 -0.1580947191 -0.7920419574 0.0353362300 0.6094430685
137.8 -129.3 2018.0 -0.6773999333 0.2572812438 0.6891557574 0.0780422315 0.9566911459 -0.2804487348 -0.7314634323 -0.1361927092 -0.6681413054
35.5 -509.4 2072.1 -0.6853914857 0.0162362903 0.7279937267 -0.0524986684 0.9960479140 -0.0716410875 -0.7262798548 -0.0873208866 -0.6818303466
110.7 498.6 1760.1 0 0 0 0 0 0 0 0 0
136.7 -194.4 2231.4 0 0 0 0 0 0 0 0 0
-83.5 -899.5 1915.9 0 0 0 0 0 0 0 0 0
29.3 -889.9 2105.4 0 0 0 0 0 0 0 0 0
107.1 467.0 1923.0 72 0.7620177865 0.0686653703 -0.6439052820 -0.0228583273 0.9965946674 0.0792245269 0.6471525431 -0.0456519015 0.7609924078
93.6 270.3 1932.0 0.7620177865 0.0686653703 -0.6439052820 -0.0228583273 0.9965946674 0.0792245269 0.6471525431 -0.0456519015 0.7609924078
79.3 72.4 1942.2 0.7620877028 0.0717220977 -0.6434891224 -0.0218655374 0.9961298108 0.0851312950 0.6471045017 -0.0508072749 0.7607064843
-17.7 273.5 1837.6 -0.2005020380 -0.8816896081 -0.4271092713 0.0147020835 0.4332052469 -0.9011753798 0.9795829654 -0.1869668961 -0.0738958567
25.7 270.3 1625.5 -0.2974525392 -0.8816896081 0.3662586212 -0.8179329038 0.4332052469 0.3785749376 -0.4924507439 -0.1869668961 -0.8500209451
204.8 267.1 2026.5 -0.3107656837 0.8089864254 -0.4989645779 -0.7454166412 0.1182739064 0.6560223103 0.5897276402 0.5758057237 0.5662764907
118.2 59.3 2190.9 0.0540300198 0.8089864254 -0.5853389502 -0.9903637171 0.1182739064 0.0720481947 0.1275163442 0.5758057237 0.8075811863
-2.1 -126.8 1899.8 0.6079423428 0.0377887115 0.7930814028 -0.0767665580 0.9969846010 0.0113416817 -0.7902613282 -0.0677772164 0.6090100408
-17.1 -522.9 1926.7 0.6036642194 0.1691348255 0.7790910602 -0.1029727682 0.9855926037 -0.1341782212 -0.7905606031 0.0007734341 0.6123833060
138.1 -128.0 2017.6 -0.6754127741 0.2616006732 0.6894800067 0.0866863132 0.9566469193 -0.2780507207 -0.7323271632 -0.1280305237 -0.6688086987
34.1 -508.2 2068.5 -0.6840791106 0.0050576990 0.7293902636 -0.0649305806 0.9955838323 -0.0678004920 -0.7265120745 -0.0937406346 -0.6807296872
110.8 504.3 1766.4 0 0 0 0 0 0 0 0 0
132.2 -198.0 2224.1 0 0 0 0 0 0 0 0 0
-81.7 -899.1 1926.4 0 0 0 0 0 0 0 0 0
32.2 -888.5 2104.3 0 0 0 0 0 0 0 0 0
105.5 468.1 1927.4 73 0.7557411194 0.0725433305 -0.6508401036 -0.0306206197 0.9966729283 0.0755342394 0.6541542411 -0.0371552035 0.7554480433
91.1 271.2 1934.7 0.7557411194 0.0725433305 -0.6508401036 -0.0306206197 0.9966729283 0.0755342394 0.6541542411 -0.0371552035 0.7554480433
76.5 73.3 1942.5 0.7557638884 0.0735942498 -0.6506956816 -0.0303097218 0.9965311289 0.0775047019 0.6541423798 -0.0388528481 0.7553728819
-19.2 275.6 1839.2 -0.2099439502 -0.8792377114 -0.4276267290 0.0039458130 0.4366087914 -0.8996428251 0.9777054787 -0.1905619055 -0.0881940648
26.2 274.8 1627.6 -0.2938133478 -0.8792377114 0.3749863803 -0.8118761182 0.4366087914 0.3875950277 -0.5045105219 -0.1905619055 -0.8421136141
201.5 266.8 2030.2 -0.3175421655 0.8035497069 -0.5034628510 -0.7514472008 0.1105913892 0.6504588127 0.5783546567 0.5848738551 0.5687077641
112.9 57.2 2191.5 0.0514630638 0.8035497069 -0.5930087566 -0.9918171763 0.1105913892 0.0637827441 0.1168342680 0.5848738551 0.8026657701
-4.7 -123.4 1893.0 0.6147646308 0.0321733169 0.7880541682 -0.0876722783 0.9957630634 0.0277402420 -0.7838227153 -0.0861442238 0.6149805784
-17.5 -519.1 1927.2 0.6156402826 0.1606272608 0.7714829445 -0.0823490918 0.9867587686 -0.1397347003 -0.7837127447 0.0224953908 0.6207159758
134.9 -127.5 2011.5 -0.6749531627 0.2467950583 0.6953635216 0.0705385357 0.9596706033 -0.2721335590 -0.7344811559 -0.1346274763 -0.6651412249
36.9 -508.8 2065.0 -0.6853017211 0.0283377338 0.7277077436 -0.0661217496 0.9926943183 -0.1009252146 -0.7252513170 -0.1172815338 -0.6784213781
110.3 507.0 1771.9 0 0 0 0 0 0 0 0 0
126.3 -200.5 2221.9 0 0 0 0 0 0 0 0 0
-78.8 -895.8 1918.6 0 0 0 0 0 0 0 0 0
26.1 -887.9 2109.8 0 0 0 0 0 0 0 0 0
104.0 471.2 1938.1 74 0.7615553737 0.0602702536 -0.6452913284 -0.0403092988 0.9981436729 0.0456547402 0.6468450427 -0.0087573733 0.7625711560
92.0 273.6 1939.8 0.7615553737 0.0602702536 -0.6452913284 -0.0403092988 0.9981436729 0.0456547402 0.6468450427 -0.0087573733 0.7625711560
78.9 75.4 1943.3 0.7616347075 0.0658477917 -0.6446523666 -0.0390542410 0.9976797700 0.0557663999 0.6468287110 -0.0172972195 0.7624391317
-19.2 279.3 1845.4 -0.2014473379 -0.8840828538 -0.4216829836 -0.0193459000 0.4340158701 -0.9006974697 0.9793083072 -0.1732852757 -0.1045347229
24.4 283.5 1633.4 -0.2921549678 -0.8840828538 0.3647506535 -0.8026990891 0.4340158701 0.4090285897 -0.5199227333 -0.1732852757 -0.8364523649
203.3 267.9 2034.3 -0.3070311248 0.8077535033 -0.5032555461 -0.7664352059 0.1036189720 0.6339086294 0.5641887784 0.5803424716 0.5872764587
117.6 54.2 2191.6 0.0597415715 0.8077535033 -0.5864854455 -0.9937515259 0.1036189720 0.0414849371 0.0942806304 0.5803424716 0.8088966608
-7.4 -121.9 1890.2 0.6082653403 0.0190220270 0.7935057878 -0.0788285136 0.9962181449 0.0365448743 -0.7898097038 -0.0847798660 0.6074644327
-14.9 -517.8 1923.9 0.6033527851 0.1752150357 0.7779878378 -0.1079587415 0.9845299125 -0.1380063295 -0.7901331186 -0.0007240879 0.6129348874
131.2 -127.5 2010.1 -0.6831699610 0.2429603785 0.6886574626 0.0763002783 0.9616181254 -0.2635694146 -0.7262624502 -0.1275179535 -0.6754865646
34.6 -509.6 2060.8 -0.6930817366 -0.0021446759 0.7208558321 -0.0952467844 0.9915004969 -0.0886271000 -0.7145388126 -0.1300850213 -0.6873951554
108.0 513.1 1782.1 0 0 0 0 0 0 0 0 0
133.2 -204.0 2216.1 0 0 0 0 0 0 0 0 0
-81.8 -893.7 1924.2 0 0 0 0 0 0 0 0 0
35.5 -888.2 2110.5 0 0 0 0 0 0 0 0 0
104.7 473.7 1948.4 75 0.7645927668 0.0599688143 -0.6417177320 -0.0563275293 0.9980696440 0.0261570327 0.6420476437 0.0161468983 0.7664946914
92.9 276.6 1945.2 0.7645927668 0.0599688143 -0.6417177320 -0.0563275293 0.9980696440 0.0261570327 0.6420476437 0.0161468983 0.7664946914
79.7 78.3 1944.9 0.7648813128 0.0661001056 -0.6407709122 -0.0517592803 0.9978115559 0.0411469117 0.6420884728 0.0016933398 0.7666286826
-18.8 284.1 1851.5 -0.1965009868 -0.8847992420 -0.4225134552 -0.0382592380 0.4375056326 -0.8984013796 0.9797568917 -0.1603717208 -0.1198220327
23.7 292.4 1639.4 -0.2950534523 -0.8847992420 0.3606573641 -0.7924082279 0.4375056326 0.4250624180 -0.5338845253 -0.1603717208 -0.8302097321
204.6 269.0 2039.0 -0.3044943810 0.8106937408 -0.5000588298 -0.7770955563 0.0921613127 0.6225984693 0.5508227348 0.5781711936 0.6019238830
119.7 52.3 2192.6 0.0598612390 0.8106937408 -0.5824021697 -0.9954051971 0.0921613127 0.0259758811 0.0747334287 0.5781711936 0.8124856949
-4.0 -119.2 1887.4 0.6037443876 0.0266518258 0.7967323065 -0.0852595419 0.9958671927 0.0312944390 -0.7926055193 -0.0868228748 0.6035215855
-14.6 -514.9 1921.9 0.5991317034 0.1666456908 0.7831158638 -0.1141101718 0.9858874679 -0.1224938631 -0.7924771905 -0.0159715265 0.6096923947
135.7 -126.4 2006.0 -0.6906598806 0.2411025316 0.6818053126 0.0751791745 0.9616171122 -0.2638950944 -0.7192614079 -0.1310041994 -0.6822762489
39.9 -508.5 2058.0 -0.7043440342 0.0293461438 0.7092519403 -0.0835049972 0.9887824655 -0.1238392070 -0.7049300671 -0.1464514881 -0.6939924359
108.1 519.0 1792.1 0 0 0 0 0 0 0 0 0
135.2 -206.3 2212.0 0 0 0 0 0 0 0 0 0
-78.2 -891.5 1928.0 0 0 0 0 0 0 0 0 0
28.7 -886.0 2113.9 0 0 0 0 0 0 0 0 0
104.1 475.3 1954.1 76 0.7173457146 0.0596913286 -0.6941556334 -0.0559487492 0.9980407953 0.0280049387 0.6944673061 0.0187479164 0.7192799449
92.3 278.1 1950.4 0.7173457146 0.0596913286 -0.6941556334 -0.0559487492 0.9980407953 0.0280049387 0.6944673061 0.0187479164 0.7192799449
80.0 79.8 1949.1 0.7177264094 0.0624567531 -0.6935185790 -0.0497280024 0.9980236888 0.0384160168 0.6945472956 0.0069151036 0.7194138169
-12.4 285.3 1849.1 -0.2651691139 -0.8727092743 -0.4099559486 -0.0396839157 0.4346942306 -0.8997033238 0.9633849263 -0.2223048806 -0.1499000043
45.0 293.9 1640.5 -0.2538892925 -0.8727092743 0.4170356691 -0.7929612398 0.4346942306 0.4269114733 -0.5538526177 -0.2223048806 -0.8023888469
196.9 270.9 2051.7 -0.3394666016 0.7675032616 -0.5437841415 -0.7792760134 0.0942825973 0.6195479631 0.5267744660 0.6340737343 0.5660910606
102.3 53.7 2198.5 0.0576816238 0.7675032616 -0.6384446621 -0.9952698946 0.0942825973 0.0234216284 0.0781703964 0.6340737343 0.7693113089
-3.6 -115.1 1885.7 0.6584938765 0.0243874770 0.7521908283 -0.0854699165 0.9954317808 0.0425495021 -0.7477170229 -0.0923082754 0.6575701237
-13.3 -510.7 1922.4 0.6527680159 0.1681502312 0.7386605740 -0.1216879636 0.9856673479 -0.1168414727 -0.7477204800 -0.0136157172 0.6638739705
136.7 -124.6 2003.4 -0.6432903409 0.2463163435 0.7249177694 0.0540453270 0.9590820670 -0.2779221833 -0.7637124062 -0.1396062374 -0.6302804947
38.8 -505.7 2058.9 -0.6521842480 0.0048102662 0.7580452561 -0.1031515226 0.9901157618 -0.0950293094 -0.7510096431 -0.1401701421 -0.6452416778
117.6 520.7 1799.0 0 0 0 0 0 0 0 0 0
117.3 -204.9 2218.8 0 0 0 0 0 0 0 0 0
-77.5 -887.3 1927.6 0 0 0 0 0 0 0 0 0
37.0 -883.8 2112.4 0 0 0 0 0 0 0 0 0
104.0 476.4 1961.9 77 0.6712047458 0.0532417521 -0.7393574715 -0.0571339764 0.9981659651 0.0200113021 0.7390668988 0.0288107526 0.6730156541
93.5 278.6 1956.2 0.6712047458 0.0532417521 -0.7393574715 -0.0571339764 0.9981659651 0.0200113021 0.7390668988 0.0288107526 0.6730156541
82.3 80.3 1952.8 0.6715033650 0.0570950508 -0.7387986183 -0.0517306961 0.9982066154 0.0301236697 0.7391935587 0.0179904178 0.6732527018
-4.4 286.2 1848.5 -0.3267666698 -0.8585661054 -0.3950794935 -0.0479153246 0.4325391054 -0.9003410935 0.9438896775 -0.2752710879 -0.1824778318
66.4 296.5 1644.1 -0.2137110084 -0.8585661054 0.4660384655 -0.7899566889 0.4325391054 0.4346014261 -0.5747138858 -0.2752710879 -0.7706683874
191.3 271.1 2064.0 -0.3687779903 0.7243573666 -0.5825025439 -0.7848500609 0.0930980295 0.6126525402 0.4980092347 0.6831099391 0.5341793895
88.6 52.4 2202.7 0.0574527942 0.7243573666 -0.6870266199 -0.9955453873 0.0930980295 0.0149039021 0.0747565776 0.6831099391 0.7264793515
1.9 -113.9 1884.3 0.7056906819 0.0363914669 0.7075848579 -0.0840096250 0.9959327579 0.0325633809 -0.7035219073 -0.0824236125 0.7058776617
-12.5 -509.6 1917.0 0.6952563524 0.1637104303 0.6998696327 -0.1593277901 0.9845941663 -0.0720343888 -0.7008803487 -0.0614263117 0.7106289864
133.3 -123.0 2011.3 -0.5962834954 0.2319815010 0.7685249448 0.0428385325 0.9651677012 -0.2581011057 -0.8016301394 -0.1209789589 -0.5854513049
41.1 -506.5 2059.4 -0.6044331789 0.0202026237 0.7963996530 -0.0907455832 0.9914258122 -0.0940219462 -0.7914706469 -0.1290997267 -0.5974173546
127.5 522.5 1808.5 0 0 0 0 0 0 0 0 0
103.5 -206.3 2222.2 0 0 0 0 0 0 0 0 0
-75.0 -885.4 1940.5 0 0 0 0 0 0 0 0 0
33.4 -885.1 2108.7 0 0 0 0 0 0 0 0 0
103.1 478.0 1965.3 78 0.6953305006 0.0568834022 -0.7164354920 -0.0657402501 0.9977177382 0.0154129397 0.7156770825 0.0363815613 0.6974831223
91.9 280.7 1958.2 0.6953305006 0.0568834022 -0.7164354920 -0.0657402501 0.9977177382 0.0154129397 0.7156770825 0.0363815613 0.6974831223
80.9 82.5 1952.5 0.6956789494 0.0557051785 -0.7161897421 -0.0595638119 0.9980287552 0.0197686162 0.7158791423 0.0289063808 0.6976255774
-9.6 289.4 1853.7 -0.2952820957 -0.8680437207 -0.3991347253 -0.0607377589 0.4339729249 -0.8988761902 0.9534775615 -0.2411794960 -0.1808674634
54.3 302.5 1647.3 -0.2310518324 -0.8680437207 0.4394486248 -0.7830625176 0.4339729249 0.4455115795 -0.5774323344 -0.2411794960 -0.7800027728
193.4 272.1 2062.6 -0.3510078192 0.7464306951 -0.5653624535 -0.7916631103 0.0858796760 0.6048918962 0.5000630617 0.6598984003 0.5607771873
95.5 51.4 2202.0 0.0615881123 0.7464306951 -0.6626070738 -0.9962969422 0.0858796760 0.0041399840 0.0599946901 0.6598984003 0.7489557862
9.7 -113.2 1881.7 0.6808371544 0.0553837381 0.7303378582 -0.1046094671 0.9942673445 0.0221209563 -0.7249259353 -0.0914610177 0.6827278137
-12.3 -508.3 1918.1 0.6743804216 0.1627476215 0.7202251554 -0.1477313489 0.9854243398 -0.0843463242 -0.7234545946 -0.0495183282 0.6885938048
132.4 -122.8 2016.9 -0.6198095679 0.2263245434 0.7514075041 0.0633679256 0.9688167572 -0.2395384014 -0.7821896076 -0.1008530632 -0.6148236394
42.5 -507.7 2056.9 -0.6329157948 0.0250586495 0.7738149762 -0.1032995433 0.9878066182 -0.1164787635 -0.7672983408 -0.1536559910 -0.6226098537
120.4 526.5 1812.5 0 0 0 0 0 0 0 0 0
111.5 -207.5 2217.6 0 0 0 0 0 0 0 0 0
-74.5 -884.6 1937.0 0 0 0 0 0 0 0 0 0
32.9 -884.9 2115.6 0 0 0 0 0 0 0 0 0
103.9 478.8 1967.1 79 0.7118642330 0.0687457398 -0.6989444494 -0.0772736818 0.9968222976 0.0193419028 0.6980530620 0.0402412042 0.7149143815
90.3 281.9 1959.1 0.7118642330 0.0687457398 -0.6989444494 -0.0772736818 0.9968222976 0.0193419028 0.6980530620 0.0402412042 0.7149143815
77.5 83.7 1952.2 0.7122998238 0.0644972622 -0.6989056468 -0.0707545578 0.9972947836 0.0199230351 0.6982998848 0.0352595858 0.7149363756
-13.7 292.2 1857.2 -0.2725951672 -0.8700730801 -0.4106881022 -0.0659464225 0.4427462518 -0.8942185640 0.9598661065 -0.2166762501 -0.1780686975
45.3 306.4 1649.4 -0.2513199151 -0.8700730801 0.4240414500 -0.7766035199 0.4427462518 0.4481770992 -0.5776895881 -0.2166762501 -0.7869727612
194.2 271.6 2061.0 -0.3453928232 0.7628856301 -0.5465430617 -0.7925162315 0.0747998208 0.6052461863 0.5026149750 0.6421920061 0.5787639022
97.9 50.6 2201.2 0.0549241267 0.7628856301 -0.6441963315 -0.9971922040 0.0747998208 0.0035607058 0.0509021804 0.6421920061 0.7648519278
6.2 -110.4 1881.3 0.6628448963 0.0449580401 0.7474058270 -0.0924425945 0.9954726696 0.0221039243 -0.7430282831 -0.0837436095 0.6639999747
-11.7 -505.9 1914.6 0.6532204151 0.1608481556 0.7398858070 -0.1614575535 0.9842908382 -0.0714353397 -0.7397530675 -0.0727971345 0.6689289808
133.5 -121.3 2012.3 -0.6411610246 0.2302137166 0.7320616245 0.0613704734 0.9662690163 -0.2501156032 -0.7649484873 -0.1154374108 -0.6336623430
42.0 -505.2 2058.2 -0.6523407698 0.0242343005 0.7575382590 -0.0894787014 0.9900365472 -0.1087251380 -0.7526254654 -0.1387093812 -0.6436727643
117.2 528.6 1814.7 0 0 0 0 0 0 0 0 0
112.2 -208.5 2214.4 0 0 0 0 0 0 0 0 0
-73.1 -881.8 1942.4 0 0 0 0 0 0 0 0 0
32.8 -883.4 2111.2 0 0 0 0 0 0 0 0 0
103.5 478.4 1968.9 80 0.7279716730 0.0741847828 -0.6815819144 -0.0907382965 0.9958087206 0.0114717623 0.6795762181 0.0534944609 0.7316519022
88.9 281.6 1958.3 0.7279716730 0.0741847828 -0.6815819144 -0.0907382965 0.9958087206 0.0114717623 0.6795762181 0.0534944609 0.7316519022
75.1 83.7 1948.7 0.7284597158 0.0693724900 -0.6815672517 -0.0839654207 0.9964002967 0.0116750626 0.6799237132 0.0487232655 0.7316623330
-17.5 293.8 1859.1 -0.2498884648 -0.8731871843 -0.4184493721 -0.0794742107 0.4491978586 -0.8898904920 0.9650075436 -0.1891174316 -0.1816452295
36.6 311.0 1650.2 -0.2681816816 -0.8731871843 0.4069676995 -0.7668243051 0.4491978586 0.4584776163 -0.5831457973 -0.1891174316 -0.7900478244
195.2 269.4 2057.6 -0.3367072344 0.7782602310 -0.5300370455 -0.7986156344 0.0621790551 0.5986207724 0.4988399148 0.6248558164 0.6005946994
101.3 46.6 2196.7 0.0519892871 0.7782602310 -0.6257860065 -0.9980493784 0.0621790551 -0.0055871997 0.0345624872 0.6248558164 0.7799747586
-0.6 -107.9 1881.3 0.6442993879 0.0301096719 0.7641804218 -0.0901582241 0.9952473044 0.0368006341 -0.7594404221 -0.0926077738 0.6439518929
-12.5 -503.4 1918.1 0.6364780664 0.1583806872 0.7548583746 -0.1451924294 0.9857959747 -0.0844121948 -0.7575056553 -0.0558732077 0.6504332423
129.9 -120.9 2009.1 -0.6665908694 0.2144374549 0.7139139771 0.0422609001 0.9670602083 -0.2510151267 -0.7442248464 -0.1371537298 -0.6536958218
44.7 -505.1 2063.6 -0.6739846468 0.0428943858 0.7374989986 -0.0547883324 0.9926612377 -0.1078050137 -0.7367109060 -0.1130652651 -0.6666883230
113.3 530.4 1817.0 0 0 0 0 0 0 0 0 0
114.8 -212.7 2205.7 0 0 0 0 0 0 0 0 0
-73.0 -879.9 1939.4 0 0 0 0 0 0 0 0 0
28.3 -884.1 2106.8 0 0 0 0 0 0 0 0 0
103.6 480.9 1974.8 81 0.7393584251 0.0766676441 -0.6689328551 -0.1068773717 0.9942634702 -0.0041750898 0.6647753716 0.0745806769 0.7433111072
88.4 283.7 1960.0 0.7393584251 0.0766676441 -0.6689328551 -0.1068773717 0.9942634702 -0.0041750898 0.6647753716 0.0745806769 0.7433111072
74.3 86.0 1946.7 0.7400348186 0.0706468597 -0.6688479185 -0.0977434069 0.9952070713 -0.0030279928 0.6654282212 0.0676162913 0.7433931231
-19.7 298.0 1862.9 -0.2332514822 -0.8761169314 -0.4219156802 -0.0989109501 0.4530093670 -0.8860017657 0.9673728943 -0.1649291515 -0.1923226565
30.8 319.4 1653.5 -0.2785366774 -0.8761169314 0.3934926093 -0.7548716664 0.4530093670 0.4742903411 -0.5937896371 -0.1649291515 -0.7875355482
196.5 269.5 2057.2 -0.3285628557 0.7889038324 -0.5193045139 -0.8083870411 0.0494397953 0.5865714550 0.4884227514 0.6125246882 0.6214955449
104.8 44.0 2193.4 0.0521106794 0.7889038324 -0.6123031974 -0.9985502958 0.0494397953 -0.0212833919 0.0134815983 0.6125246882 0.7903364897
-5.5 -106.6 1876.8 0.6303882003 0.0225940794 0.7759511471 -0.1012676060 0.9934280515 0.0533439629 -0.7696464062 -0.1122061238 0.6285333633
