60.5 447.8 2098.2 8 0.9889249802 -0.0013787475 -0.1484098732 -0.0138502009 0.9947358966 -0.1015316471 0.1477686167 0.1024626866 0.9837000966
60.9 203.1 2073.0 0.9889249802 -0.0013787475 -0.1484098732 -0.0138502009 0.9947358966 -0.1015316471 0.1477686167 0.1024626866 0.9837000966
68.4 11.3 2101.8 0.9874165058 -0.0387806855 -0.1533122808 0.0606324151 0.9882174134 0.1405347139 0.1460558474 -0.1480620056 0.9781336188
-74.0 194.8 2053.1 0.1342293620 -0.8886402845 -0.4385213256 0.4089775085 0.4527584910 -0.7923049927 0.9026183486 -0.0729947686 0.4242073596
-98.0 121.9 1892.1 -0.4493501186 -0.8886402845 0.0916676000 -0.8914220333 0.4527584910 0.0194052458 -0.0587475672 -0.0729947686 -0.9956005812
195.7 211.4 2092.9 0.7816661000 0.5117639899 0.3565049171 -0.4082632959 -0.0122821070 0.9127815962 0.4715073705 -0.8590382934 0.1993339509
353.1 129.2 2187.9 -0.5067735910 0.5117639899 0.6937421560 -0.8117305636 -0.0122821070 -0.5839029551 -0.2902998924 -0.8590382934 0.4216387272
-7.6 -185.0 2122.0 0.9564703107 0.0682420358 -0.2837386131 -0.0667390302 0.9976581335 0.0149726523 0.2840959132 0.0046155434 0.9587847590
-34.1 -572.2 2120.3 0.9612863660 0.0312624462 -0.2737721801 0.0053345291 0.9912456274 0.1319227368 0.2754997015 -0.1282759756 0.9527041316
168.7 -171.4 2150.5 0.9764304757 0.1084986106 -0.1865787208 -0.1203955561 0.9912764430 -0.0536276214 0.1791325659 0.0748268887 0.9809752703
126.6 -556.1 2121.4 0.9794812799 -0.0957032666 -0.1773619950 0.1017601714 0.9944858551 0.0253529251 0.1739576459 -0.0428811051 0.9838190675
23.5 362.8 1908.0 0 0 0 0 0 0 0 0 0
211.7 -97.2 2106.9 0 0 0 0 0 0 0 0 0
-45.8 -942.1 2168.1 0 0 0 0 0 0 0 0 0
162.3 -927.1 2137.4 0 0 0 0 0 0 0 0 0
60.2 448.3 2099.6 9 0.9883656502 0.0029607518 -0.1520676613 -0.0187101811 0.9945835471 -0.1022425517 0.1509412676 0.1038982421 0.9830675721
59.5 204.7 2074.2 0.9883656502 0.0029607518 -0.1520676613 -0.0187101811 0.9945835471 -0.1022425517 0.1509412676 0.1038982421 0.9830675721
69.0 13.3 2104.4 0.9862444401 -0.0490333252 -0.1578532606 0.0725025386 0.9865443110 0.1465391368 0.1485439241 -0.1559681594 0.9765288830
-75.3 194.8 2053.9 0.1224448979 -0.8894962072 -0.4402315319 0.4013885856 0.4500566721 -0.7977068424 0.9076862931 -0.0790287778 0.4121407568
-96.7 124.6 1895.0 -0.4443697333 -0.8894962072 0.1064523309 -0.8922777772 0.4500566721 0.0359076522 -0.0798492953 -0.0790287778 -0.9936692119
194.2 214.6 2094.4 0.7816620469 0.5003907084 0.3723084331 -0.4296254516 -0.0007497036 0.9030068517 0.4521353543 -0.8657993674 0.2143945545
350.6 128.7 2184.9 -0.4975635111 0.5003907084 0.7085475922 -0.8186222911 -0.0007497036 -0.5743318200 -0.2868590951 -0.8657993674 0.4100039899
-12.6 -185.9 2117.4 0.9565159082 0.0580471829 -0.2858457565 -0.0495765060 0.9980925918 0.0367881767 0.2874359787 -0.0210172441 0.9575692415
-35.1 -573.2 2125.6 0.9587014318 0.0366291292 -0.2820458412 -0.0103891101 0.9955204129 0.0939740539 0.2842245996 -0.0871628523 0.9547874331
164.3 -175.1 2143.6 0.9770415425 0.0982243940 -0.1890549958 -0.1091568395 0.9928510785 -0.0482852645 0.1829606742 0.0678133592 0.9807786345
126.2 -560.5 2117.3 0.9787208438 -0.1017235741 -0.1782073826 0.1125837564 0.9922858477 0.0519013517 0.1715530604 -0.0708601922 0.9826232195
22.9 364.7 1916.5 0 0 0 0 0 0 0 0 0
211.8 -99.7 2104.9 0 0 0 0 0 0 0 0 0
-48.7 -944.5 2158.1 0 0 0 0 0 0 0 0 0
164.1 -930.6 2143.7 0 0 0 0 0 0 0 0 0
60.5 450.3 2093.8 0 0.9879972935 0.0044377199 -0.1544074267 -0.0166531112 0.9968214631 -0.0779082626 0.1535709053 0.0795445144 0.9849307537
59.4 205.5 2074.3 0.9879972935 0.0044377199 -0.1544074267 -0.0166531112 0.9968214631 -0.0779082626 0.1535709053 0.0795445144 0.9849307537
69.0 14.2 2105.5 0.9859486818 -0.0493225716 -0.1596010625 0.0738324672 0.9856975675 0.1514894515 0.1498465389 -0.1611445695 0.9754888415
-75.3 195.4 2053.8 0.1427519023 -0.8852337003 -0.4426998794 0.4289980829 0.4584218264 -0.7783380151 0.8919543624 -0.0788081661 0.4452041388
-100.2 120.6 1898.2 -0.4545570016 -0.8852337003 0.0986874998 -0.8885201216 0.4584218264 0.0195303671 -0.0625294447 -0.0788081661 -0.9949268103
194.1 215.6 2094.7 0.7804801464 0.4994563162 0.3760241270 -0.4332828224 -0.0014529749 0.9012568593 0.4506847858 -0.8663378358 0.2152718306
350.5 128.8 2185.0 -0.4916962981 0.4994563162 0.7132868767 -0.8238087893 -0.0014529749 -0.5668659210 -0.2820883989 -0.8663378358 0.4121709168
-9.9 -184.7 2121.4 0.9559239745 0.0521715581 -0.2889420092 -0.0498758592 0.9986380935 0.0153074889 0.2893471122 -0.0002215655 0.9572241902
-30.1 -572.2 2121.5 0.9570878148 0.0671702176 -0.2819062173 -0.0344073810 0.9922252893 0.1196039841 0.2877483070 -0.1047718599 0.9519578815
166.8 -171.7 2148.0 0.9762189984 0.1020806357 -0.1912485212 -0.1133249179 0.9923597574 -0.0487806238 0.1848077774 0.0692937896 0.9803287387
127.2 -557.0 2121.1 0.9787391424 -0.0914277062 -0.1836046427 0.0969031006 0.9950711131 0.0210549831 0.1807746589 -0.0383991972 0.9827746749
21.3 358.1 1914.9 0 0 0 0 0 0 0 0 0
213.3 -101.0 2106.3 0 0 0 0 0 0 0 0 0
-55.2 -942.2 2160.6 0 0 0 0 0 0 0 0 0
161.3 -928.1 2135.4 0 0 0 0 0 0 0 0 0
60.9 452.3 2091.9 1 0.9878438115 -0.0008467189 -0.1554473490 -0.0105505763 0.9973140955 -0.0724796280 0.1550911963 0.0732386112 0.9851816297
61.2 205.2 2073.7 0.9878438115 -0.0008467189 -0.1554473490 -0.0105505763 0.9973140955 -0.0724796280 0.1550911963 0.0732386112 0.9851816297
70.3 14.3 2107.2 0.9857984781 -0.0472225025 -0.1611563712 0.0737491772 0.9838953018 0.1628221720 0.1508721262 -0.1723950058 0.9734051228
-73.5 195.2 2053.1 0.1737244874 -0.8798810244 -0.4422999024 0.4442483187 0.4708537757 -0.7621943355 0.8788988590 -0.0640791655 0.4726844728
-103.8 117.9 1900.2 -0.4699503779 -0.8798810244 0.0703992695 -0.8822013140 0.4708537757 -0.0041979817 -0.0294540357 -0.0640791655 -0.9975100756
195.8 215.3 2094.3 0.7778609395 0.5052211881 0.3737430871 -0.4310019016 -0.0039283950 0.9023424387 0.4573507607 -0.8629809618 0.2146955580
350.9 129.4 2185.5 -0.4967781007 0.5052211881 0.7056649923 -0.8190132380 -0.0039283950 -0.5737611055 -0.2871041596 -0.8629809618 0.4157344103
-9.8 -183.8 2123.4 0.9552730322 0.0508420765 -0.2913220823 -0.0485697538 0.9987066984 0.0150312874 0.2917095125 -0.0002095419 0.9565069079
-29.5 -571.4 2123.5 0.9559653401 0.0671531409 -0.2856934667 -0.0389835052 0.9938989282 0.1031754613 0.2908790112 -0.0874948278 0.9527508020
166.9 -170.5 2150.2 0.9749107957 0.1057576984 -0.1958679557 -0.1200939193 0.9907748103 -0.0627912506 0.1874203831 0.0847384259 0.9786179066
125.8 -555.1 2117.3 0.9779783487 -0.0999750718 -0.1832028925 0.1099946797 0.9928972721 0.0453455858 0.1773682237 -0.0644983500 0.9820287824
20.7 351.4 1908.0 0 0 0 0 0 0 0 0 0
212.4 -99.1 2105.5 0 0 0 0 0 0 0 0 0
-54.5 -942.2 2156.1 0 0 0 0 0 0 0 0 0
163.1 -925.5 2141.4 0 0 0 0 0 0 0 0 0
59.9 451.1 2087.9 2 0.9867355227 -0.0200875625 -0.1610884219 0.0109708738 0.9982975721 -0.0572853945 0.1619648933 0.0547582544 0.9852760434
64.9 202.9 2074.3 0.9867355227 -0.0200875625 -0.1610884219 0.0109708738 0.9982975721 -0.0572853945 0.1619648933 0.0547582544 0.9852760434
71.6 11.3 2104.7 0.9853717685 -0.0349208824 -0.1668022573 0.0601902604 0.9870136976 0.1489331871 0.1594352424 -0.1567944288 0.9746773243
-69.8 194.7 2052.5 0.2093555182 -0.8748316765 -0.4368521869 0.4408177137 0.4832175970 -0.7564261556 0.8728402257 -0.0342102051 0.4868055582
-106.2 117.9 1900.6 -0.4837191403 -0.8748316765 0.0261795800 -0.8751886487 0.4832175970 -0.0233568046 0.0077828378 -0.0342102051 -0.9993843436
199.5 211.1 2096.1 0.7783731818 0.5011925101 0.3780757785 -0.4301576614 -0.0128722396 0.9026619792 0.4572740793 -0.8652400970 0.2055723816
352.3 126.6 2185.9 -0.5109230280 0.5011925101 0.6984008551 -0.8113991022 -0.0128722396 -0.5843507051 -0.2838822007 -0.8652400970 0.4132438600
-8.8 -183.3 2127.1 0.9520347714 0.0673978180 -0.2984750569 -0.0697110370 0.9975630045 0.0029022247 0.2979432642 0.0180439875 0.9544129968
-35.0 -570.4 2120.1 0.9572619796 0.0305382796 -0.2876053751 0.0069892276 0.9916770458 0.1285602897 0.2891376913 -0.1250760257 0.9490813613
167.8 -170.1 2154.2 0.9728389978 0.1098385230 -0.2037641108 -0.1271123737 0.9891479611 -0.0736798793 0.1934599578 0.0975795984 0.9762435555
125.2 -554.1 2116.3 0.9761834741 -0.1040106639 -0.1903880239 0.1128206551 0.9929627776 0.0360051207 0.1853033155 -0.0566273071 0.9810484052
20.1 346.4 1898.6 0 0 0 0 0 0 0 0 0
209.8 -99.7 2106.7 0 0 0 0 0 0 0 0 0
-46.4 -940.0 2166.8 0 0 0 0 0 0 0 0 0
164.0 -924.6 2137.4 0 0 0 0 0 0 0 0 0
60.1 451.0 2093.9 3 0.9878446460 -0.0207534358 -0.1540527046 0.0082322694 0.9966413379 -0.0814755410 0.1552262008 0.0792169794 0.9846976399
65.3 201.3 2074.1 0.9878446460 -0.0207534358 -0.1540527046 0.0082322694 0.9966413379 -0.0814755410 0.1552262008 0.0792169794 0.9846976399
70.8 10.0 2105.9 0.9867123365 -0.0283909384 -0.1599773020 0.0539147891 0.9860387444 0.1575462222 0.1532709301 -0.1640779376 0.9744672775
-69.5 194.0 2053.2 0.1871148646 -0.8829345107 -0.4305980504 0.3994131088 0.4688525498 -0.7878111601 0.8974726796 -0.0245753340 0.4403848946
-102.2 124.3 1896.6 -0.4687590301 -0.8829345107 0.0262991618 -0.8832717538 0.4688525498 -0.0028714670 -0.0097951116 -0.0245753340 -0.9996500015
200.1 208.7 2095.0 0.7839510441 0.4872534871 0.3847139776 -0.4172097445 -0.0454042628 0.9076753259 0.4597356021 -0.8720794320 0.1676921844
354.6 126.4 2185.7 -0.5242065787 0.4872534871 0.6984207034 -0.8139110208 -0.0454042628 -0.5792126656 -0.2505121231 -0.8720794320 0.4203821719
-9.8 -185.6 2120.9 0.9544621706 0.0563267805 -0.2929663956 -0.0556006655 0.9983945489 0.0108122285 0.2931050658 0.0059692641 0.9560616016
-31.7 -573.1 2118.6 0.9577352405 0.0528839380 -0.2827481031 -0.0118849473 0.9893904328 0.1447940171 0.2874055505 -0.1353138834 0.9482026100
166.7 -174.8 2149.4 0.9743759632 0.1062838957 -0.1982302368 -0.1205733791 0.9908018112 -0.0614312366 0.1898777336 0.0837584138 0.9782285094
125.4 -559.4 2116.9 0.9763412476 -0.1069235280 -0.1879498363 0.1140092164 0.9931053519 0.0272709746 0.1837380677 -0.0480537899 0.9817999601
19.2 353.0 1899.1 0 0 0 0 0 0 0 0 0
208.5 -100.4 2115.8 0 0 0 0 0 0 0 0 0
-51.4 -942.0 2169.0 0 0 0 0 0 0 0 0 0
165.3 -930.1 2134.8 0 0 0 0 0 0 0 0 0
61.9 450.3 2091.5 4 0.9878196120 -0.0101109259 -0.1552747041 -0.0011001580 0.9974079132 -0.0719465241 0.1555996537 0.0712410137 0.9852479100
64.4 203.1 2073.8 0.9878196120 -0.0101109259 -0.1552747041 -0.0011001580 0.9974079132 -0.0719465241 0.1555996537 0.0712410137 0.9852479100
70.7 12.0 2107.1 0.9865164161 -0.0326659717 -0.1603693515 0.0592830814 0.9846583009 0.1641143262 0.1525480747 -0.1714086682 0.9733181000
-70.4 195.0 2053.0 0.1685091257 -0.8881077766 -0.4276320934 0.3771289587 0.4589154720 -0.8044689894 0.9107021689 -0.0257120747 0.4122626185
-99.1 130.8 1897.8 -0.4573414326 -0.8881077766 0.0458621681 -0.8878737092 0.4589154720 0.0328151807 -0.0501902774 -0.0257120747 -0.9984086752
199.2 211.2 2094.6 0.7808627486 0.4849835634 0.3937566578 -0.4268347621 -0.0460321531 0.9031572938 0.4561419189 -0.8733109236 0.1710630506
354.9 126.1 2185.6 -0.5297814608 0.4849835634 0.6957891583 -0.8099828959 -0.0460321531 -0.5846441388 -0.2515141368 -0.8733109236 0.4172153473
-12.1 -186.2 2124.1 0.9550396204 0.0423765182 -0.2934340239 -0.0437585674 0.9990404248 0.0018562566 0.2932310998 0.0110674528 0.9559774995
-28.5 -574.0 2119.8 0.9552966356 0.0840346217 -0.2834546566 -0.0407910310 0.9870480299 0.1551524103 0.2928215563 -0.1366541684 0.9463515282
164.7 -176.6 2151.5 0.9756124020 0.0961441696 -0.1973239332 -0.1082347259 0.9927953482 -0.0514061116 0.1909598857 0.0715097412 0.9789896011
127.4 -562.0 2123.8 0.9766157269 -0.0929041654 -0.1938828975 0.0913302898 0.9956744909 -0.0170603860 0.1946292371 -0.0010459410 0.9808763266
19.3 360.6 1910.8 0 0 0 0 0 0 0 0 0
207.2 -99.8 2115.5 0 0 0 0 0 0 0 0 0
-59.9 -942.1 2170.7 0 0 0 0 0 0 0 0 0
162.0 -933.2 2124.2 0 0 0 0 0 0 0 0 0
61.5 447.2 2087.2 5 0.9875904918 -0.0018270756 -0.1570402980 -0.0067322222 0.9985206723 -0.0539546311 0.1569065750 0.0543423109 0.9861172438
62.0 205.4 2074.1 0.9875904918 -0.0018270756 -0.1570402980 -0.0067322222 0.9985206723 -0.0539546311 0.1569065750 0.0543423109 0.9861172438
70.8 14.4 2107.6 0.9856945872 -0.0456423387 -0.1622435153 0.0724454448 0.9839058518 0.1633428484 0.1521769911 -0.1727599651 0.9731372595
-72.7 195.5 2053.3 0.1696122289 -0.8816701770 -0.4403287470 0.4058212340 0.4696470499 -0.7840540409 0.8980761766 -0.0457095988 0.4374583662
-101.2 127.3 1902.3 -0.4676758647 -0.8816701770 0.0627454296 -0.8826121092 0.4696470499 0.0206773058 -0.0476987697 -0.0457095988 -0.9978153706
196.6 215.3 2094.8 0.7780758142 0.4935724437 0.3885669112 -0.4372491539 -0.0185715649 0.8991486430 0.4510113001 -0.8695063591 0.2013640404
353.3 127.3 2185.7 -0.5183734894 0.4935724437 0.6983374357 -0.8090581894 -0.0185715649 -0.5874350667 -0.2769725323 -0.8695063591 0.4089558423
-11.3 -184.4 2126.7 0.9542603493 0.0599749088 -0.2928996384 -0.0610772334 0.9981185198 0.0053891558 0.2926717699 0.0127468426 0.9561280012
-34.6 -571.8 2121.7 0.9575551748 0.0439810716 -0.2848750353 -0.0125154965 0.9937028289 0.1113464981 0.2879782617 -0.1030550599 0.9520757198
165.5 -173.8 2154.0 0.9755183458 0.0975759178 -0.1970860809 -0.1114568859 0.9919207096 -0.0605860054 0.1895820349 0.0810693577 0.9785123467
127.6 -558.8 2122.5 0.9774707556 -0.0904949084 -0.1906872392 0.0923329145 0.9957278967 0.0007573211 0.1898040771 -0.0183469672 0.9816505313
19.9 355.8 1914.6 0 0 0 0 0 0 0 0 0
208.8 -98.3 2108.4 0 0 0 0 0 0 0 0 0
-51.0 -942.1 2160.1 0 0 0 0 0 0 0 0 0
161.3 -930.3 2129.4 0 0 0 0 0 0 0 0 0
60.6 447.0 2093.6 6 0.9875038862 0.0023748723 -0.1575766057 -0.0146148726 0.9969576001 -0.0765633807 0.1569153517 0.0779095963 0.9845342636
60.0 205.4 2074.7 0.9875038862 0.0023748723 -0.1575766057 -0.0146148726 0.9969576001 -0.0765633807 0.1569153517 0.0779095963 0.9845342636
69.5 14.0 2105.6 0.9854300022 -0.0489548743 -0.1628838927 0.0736756101 0.9860316515 0.1493769586 0.1532959342 -0.1592011005 0.9752719402
-74.6 195.3 2053.8 0.1754935831 -0.8756574392 -0.4499178529 0.4259139001 0.4795589745 -0.7672160864 0.8875806332 -0.0569847599 0.4571141899
-104.1 123.7 1904.6 -0.4783762395 -0.8756574392 0.0661833659 -0.8775066733 0.4795589745 0.0022818663 -0.0337369628 -0.0569847599 -0.9978048801
194.6 215.4 2095.6 0.7870409489 0.4841907322 0.3822641671 -0.4332749546 -0.0072364840 0.9012327194 0.4391347766 -0.8749325275 0.2040923089
354.1 127.6 2184.6 -0.5211508274 0.4841907322 0.7028236985 -0.8056192994 -0.0072364840 -0.5923894048 -0.2817434669 -0.8749325275 0.3938446939
-8.6 -183.0 2127.5 0.9542276263 0.0653309450 -0.2918586135 -0.0652658641 0.9978181124 0.0099702561 0.2918731868 0.0095345108 0.9564095140
-34.0 -570.4 2123.8 0.9573519230 0.0437351801 -0.2855950892 -0.0183685869 0.9956903458 0.0909031555 0.2883399129 -0.0817803293 0.9540293813
168.0 -170.0 2154.8 0.9750957489 0.1030872390 -0.1963704228 -0.1185595393 0.9905669689 -0.0687073320 0.1874352098 0.0902778134 0.9781196117
128.0 -554.6 2119.7 0.9787239432 -0.0852235779 -0.1866451055 0.0901089087 0.9957722425 0.0178331882 0.1843362153 -0.0342721567 0.9822655320
20.0 351.4 1913.3 0 0 0 0 0 0 0 0 0
208.8 -97.0 2106.1 0 0 0 0 0 0 0 0 0
-50.3 -941.6 2154.3 0 0 0 0 0 0 0 0 0
159.8 -926.1 2132.5 0 0 0 0 0 0 0 0 0
60.7 447.9 2096.8 7 0.9880765080 -0.0018975462 -0.1539518684 -0.0115571339 0.9961888790 -0.0864532962 0.1535291821 0.0872017145 0.9842889309
61.1 203.7 2075.4 0.9880765080 -0.0018975462 -0.1539518684 -0.0115571339 0.9961888790 -0.0864532962 0.1535291821 0.0872017145 0.9842889309
70.1 12.1 2104.9 0.9861226082 -0.0460744053 -0.1594971269 0.0692317933 0.9873231649 0.1428283602 0.1508944780 -0.1518885493 0.9768115282
-73.6 194.3 2054.8 0.1902327091 -0.8723229170 -0.4504045248 0.4261992574 0.4866757691 -0.7625620365 0.8844013214 -0.0468978174 0.4643650353
-105.8 122.1 1905.0 -0.4861912131 -0.8723229170 0.0516799316 -0.8735752702 0.4866757691 -0.0036025080 -0.0220088195 -0.0468978174 -0.9986572266
195.8 213.2 2096.0 0.7945085764 0.4798969328 0.3720955253 -0.4211384654 -0.0060091177 0.9069764614 0.4374911785 -0.8773043156 0.1973287612
353.7 129.5 2183.0 -0.5114561319 0.4798969328 0.7128194571 -0.8143891692 -0.0060091177 -0.5802879930 -0.2741950154 -0.8773043156 0.3938962519
-9.3 -184.0 2122.8 0.9559171796 0.0567515083 -0.2880999446 -0.0537545979 0.9983863235 0.0183095597 0.2886741459 -0.0020157266 0.9574252963
-31.3 -571.5 2123.6 0.9569129348 0.0693517178 -0.2819715142 -0.0406809449 0.9935017824 0.1062977538 0.2875111401 -0.0902468264 0.9535160661
167.3 -170.8 2150.2 0.9755024314 0.1054716706 -0.1930561960 -0.1207257882 0.9902848005 -0.0690022558 0.1839028299 0.0906187370 0.9787583947
126.4 -555.2 2115.1 0.9791754484 -0.0968361124 -0.1784325093 0.1081435084 0.9926264882 0.0547511354 0.1718149483 -0.0729072914 0.9824276567
20.1 348.4 1910.7 0 0 0 0 0 0 0 0 0
211.1 -97.6 2106.5 0 0 0 0 0 0 0 0 0
-57.2 -942.1 2157.2 0 0 0 0 0 0 0 0 0
162.5 -925.4 2142.2 0 0 0 0 0 0 0 0 0
59.5 447.9 2098.9 8 0.9847332239 -0.0193281025 -0.1729938835 0.0105402945 0.9986135960 -0.0515736490 0.1737508625 0.0489628799 0.9835717082
63.8 227.6 2088.1 0.9847332239 -0.0193281025 -0.1729938835 0.0105402945 0.9986135960 -0.0515736490 0.1737508625 0.0489628799 0.9835717082
72.1 34.8 2103.2 0.9833570719 -0.0421429761 -0.1767282337 0.0551954508 0.9960467815 0.0696010068 0.1730963886 -0.0781972408 0.9817957282
-70.6 220.2 2064.5 0.1963502765 -0.8699724674 -0.4523212016 0.5152134299 0.4840260148 -0.7073004842 0.8342671990 -0.0941633061 0.5432600975
-108.1 121.6 1904.8 -0.4870119989 -0.8699724674 0.0772477537 -0.8733344674 0.4840260148 -0.0548244715 0.0103058564 -0.0941633061 -0.9955034256
198.1 235.0 2111.6 0.7697162032 0.4223188162 0.4787314832 -0.5385740399 0.0269631501 0.8421466351 0.3427462578 -0.9060462713 0.2482039183
352.5 127.0 2180.4 -0.5100209713 0.4223188162 0.7493500113 -0.8192548156 0.0269631501 -0.5727953911 -0.2621071041 -0.9060462713 0.3322349489
-9.1 -182.3 2118.4 0.9521545172 0.0547312535 -0.3006763458 -0.0492548048 0.9984537363 0.0257700291 0.3016218543 -0.0097272946 0.9533780217
-30.5 -573.4 2122.2 0.9523287416 0.0830844715 -0.2935421467 -0.0472021028 0.9907424450 0.1272845864 0.3014000356 -0.1073609665 0.9474342465
167.4 -173.3 2147.8 0.9743078351 0.1002056003 -0.2017004043 -0.1136917174 0.9919140935 -0.0563974380 0.1944181323 0.0778801292 0.9778221846
128.4 -558.4 2117.6 0.9790815115 -0.0736656860 -0.1896647364 0.0848132819 0.9950736165 0.0513344929 0.1849487871 -0.0663467422 0.9805060029
17.7 347.3 1902.2 0 0 0 0 0 0 0 0 0
210.3 -101.5 2107.3 0 0 0 0 0 0 0 0 0
-61.5 -943.0 2162.2 0 0 0 0 0 0 0 0 0
155.9 -929.6 2142.3 0 0 0 0 0 0 0 0 0
59.8 447.1 2099.9 9 0.9872523546 -0.0236434359 -0.1573968828 0.0191748198 0.9993704557 -0.0298491605 0.1580035388 0.0264505967 0.9870842099
64.7 238.5 2094.4 0.9872523546 -0.0236434359 -0.1573968828 0.0191748198 0.9993704557 -0.0298491605 0.1580035388 0.0264505967 0.9870842099
71.3 45.1 2102.7 0.9866341949 -0.0341811404 -0.1593256891 0.0405335389 0.9985005856 0.0367918424 0.1578291953 -0.0427581221 0.9865402579
-70.1 233.0 2072.9 0.1982791424 -0.8664969802 -0.4581138790 0.5435708165 0.4861437976 -0.6842477322 0.8156078458 -0.1133452803 0.5673946738
-110.6 121.7 1906.0 -0.4919329584 -0.8664969802 0.0847638175 -0.8701658249 0.4861437976 -0.0804717466 0.0285211280 -0.1133452803 -0.9931461811
199.5 244.0 2115.9 0.7391601801 0.4040370286 0.5388843417 -0.6014336348 0.0357914641 0.7981206775 0.3031828105 -0.9140421748 0.2694570720
351.0 120.7 2178.1 -0.5200205445 0.4040370286 0.7525507808 -0.8130741119 0.0357914641 -0.5810589194 -0.2617042065 -0.9140421748 0.3098997474
-7.6 -161.1 2101.6 0.9583578110 0.0543160476 -0.2803569734 -0.0392795280 0.9974860549 0.0589807145 0.2828557789 -0.0455123372 0.9580820799
-28.8 -549.9 2119.4 0.9579969645 0.0793543085 -0.2755807042 -0.0439139493 0.9902127385 0.1324774176 0.2833961844 -0.1148111224 0.9521055818
168.5 -153.1 2133.8 0.9782723784 0.1071283221 -0.1775012910 -0.1116601452 0.9936222434 -0.0157122742 0.1746859998 0.0351907052 0.9839951396
126.9 -538.5 2120.1 0.9821341634 -0.0775297135 -0.1714689434 0.0852073804 0.9956433773 0.0378677174 0.1677860469 -0.0518015996 0.9844614863
16.3 346.2 1898.6 0 0 0 0 0 0 0 0 0
206.0 -106.1 2105.1 0 0 0 0 0 0 0 0 0
-58.4 -919.4 2162.2 0 0 0 0 0 0 0 0 0
155.8 -910.0 2139.4 0 0 0 0 0 0 0 0 0
59.0 444.6 2097.9 0 0.9939665198 -0.0138327871 -0.1088081002 0.0121414782 0.9997951984 -0.0161911771 0.1090097874 0.0147723975 0.9939308763
61.9 236.8 2094.9 0.9939665198 -0.0138327871 -0.1088081002 0.0121414782 0.9997951984 -0.0161911771 0.1090097874 0.0147723975 0.9939308763
69.0 43.2 2102.2 0.9932516217 -0.0365533978 -0.1100684032 0.0404955000 0.9986080527 0.0337944515 0.1086798906 -0.0380236693 0.9933493137
-73.6 231.3 2080.1 0.1679701060 -0.8692726493 -0.4649204910 0.5037652254 0.4810805023 -0.7174832225 0.8473527431 -0.1136950329 0.5187164545
-108.4 126.8 1904.4 -0.4849074185 -0.8692726493 0.0960718840 -0.8745376468 0.4810805023 -0.0612004548 0.0069815735 -0.1136950329 -0.9934911728
197.4 242.3 2109.7 0.7407264113 0.4152880311 0.5280721784 -0.5919542313 0.0317752399 0.8053449392 0.3176704943 -0.9091348648 0.2693682611
348.5 121.6 2174.4 -0.4990401566 0.4152880311 0.7605884671 -0.8276284337 0.0317752399 -0.5603762269 -0.2568854094 -0.9091348648 0.3278470635
-10.3 -151.1 2096.3 0.9713631272 0.0484270416 -0.2326122373 -0.0374879465 0.9979833961 0.0512224622 0.2346237153 -0.0410354584 0.9712197781
-29.2 -539.3 2112.2 0.9712169170 0.0754528344 -0.2259304076 -0.0394239090 0.9863408208 0.1599299610 0.2349115461 -0.1464196295 0.9609255195
166.3 -144.7 2125.0 0.9855224490 0.1095983684 -0.1293587983 -0.1141203418 0.9930707216 -0.0280555766 0.1253875792 0.0424118713 0.9912008643
123.8 -530.1 2108.6 0.9885187745 -0.0989301279 -0.1142077670 0.1104885787 0.9888591766 0.0997486413 0.1030672565 -0.1112220660 0.9884365201
17.1 353.2 1902.6 0 0 0 0 0 0 0 0 0
209.3 -109.1 2102.8 0 0 0 0 0 0 0 0 0
-57.3 -907.3 2166.8 0 0 0 0 0 0 0 0 0
160.7 -898.4 2150.0 0 0 0 0 0 0 0 0 0
57.5 444.3 2099.0 1 0.9985609055 -0.0015115229 -0.0536076725 -0.0001822671 0.9995012879 -0.0315770805 0.0536286682 0.0315414108 0.9980626702
57.9 229.1 2092.2 0.9985609055 -0.0015115229 -0.0536076725 -0.0001822671 0.9995012879 -0.0315770805 0.0536286682 0.0315414108 0.9980626702
67.3 35.6 2102.3 0.9972883463 -0.0481710508 -0.0556375906 0.0509689301 0.9974471331 0.0500136837 0.0530863442 -0.0527138524 0.9971976280
-78.1 222.2 2085.0 0.1549631208 -0.8688504100 -0.4701972306 0.4719925523 0.4832260311 -0.7373707294 0.8678764105 -0.1076643169 0.4849731326
-109.7 126.0 1908.1 -0.4857296050 -0.8688504100 0.0957379341 -0.8741025925 0.4832260311 -0.0493680798 -0.0033695896 -0.1076643169 -0.9941815734
193.8 236.0 2099.4 0.7519354820 0.4497643113 0.4819804132 -0.5532482862 0.0329590403 0.8323641419 0.3584820628 -0.8925389647 0.2736144066
349.5 121.5 2173.6 -0.4856757224 0.4497643113 0.7495539784 -0.8296308517 0.0329590403 -0.5573386550 -0.2753756046 -0.8925389647 0.3571309447
-12.8 -153.7 2099.6 0.9827809334 0.0387269929 -0.1806704849 -0.0335556865 0.9989373684 0.0315931477 0.1817020029 -0.0249866229 0.9830361605
-27.8 -541.8 2109.3 0.9816787243 0.0794470832 -0.1731906980 -0.0486298949 0.9832922816 0.1754180193 0.1842335165 -0.1637818813 0.9691405892
164.9 -146.8 2119.3 0.9913547039 0.1066881716 -0.0763774142 -0.1092833579 0.9935384989 -0.0306342449 0.0726155862 0.0387161821 0.9966082573
123.5 -532.5 2104.3 0.9936212897 -0.0965404212 -0.0582806468 0.1033935696 0.9862286448 0.1290844977 0.0450161733 -0.1342869550 0.9899194837
16.5 353.0 1909.0 0 0 0 0 0 0 0 0 0
214.0 -109.8 2096.8 0 0 0 0 0 0 0 0 0
-57.5 -908.7 2170.4 0 0 0 0 0 0 0 0 0
159.5 -900.1 2154.3 0 0 0 0 0 0 0 0 0
58.5 444.6 2100.0 2 0.9987474680 0.0438066125 -0.0241763238 -0.0447711535 0.9981591702 -0.0409120508 0.0223396011 0.0419432074 0.9988701940
48.8 223.6 2090.7 0.9987474680 0.0438066125 -0.0241763238 -0.0447711535 0.9981591702 -0.0409120508 0.0223396011 0.0419432074 0.9988701940
65.4 30.8 2103.2 0.9960122108 -0.0852399841 -0.0263408814 0.0867576972 0.9942244291 0.0631738380 0.0208038092 -0.0652071908 0.9976548553
-87.0 211.8 2087.9 0.1187227294 -0.8664726019 -0.4849022031 0.4379014969 0.4839890897 -0.7576258183 0.8911493421 -0.1223919913 0.4368901551
-110.6 124.7 1910.6 -0.4866432548 -0.8664726019 0.1113713458 -0.8735522628 0.4839890897 -0.0515846051 -0.0092058685 -0.1223919913 -0.9924391508
184.6 235.3 2093.5 0.7752249241 0.4689901173 0.4231720567 -0.5120832920 0.0743429214 0.8557124734 0.3698608577 -0.8800689578 0.2977944911
350.7 125.6 2172.7 -0.4819560945 0.4689901173 0.7401125431 -0.8134704232 0.0743429214 -0.5768353939 -0.3255522251 -0.8800689578 0.3456795514
-12.4 -162.2 2107.6 0.9875219464 0.0434321761 -0.1513740122 -0.0401482061 0.9988887906 0.0246850941 0.1522779316 -0.0182996783 0.9881682992
-29.3 -550.1 2114.7 0.9861550927 0.0809521750 -0.1447233260 -0.0590178259 0.9869381189 0.1499001980 0.1549677104 -0.1392835975 0.9780516624
165.9 -153.4 2117.2 0.9932933450 0.1066726744 -0.0446011759 -0.1077521220 0.9939223528 -0.0225355495 0.0419261791 0.0271902829 0.9987506866
124.4 -539.2 2106.6 0.9948950410 -0.0965331942 -0.0294141285 0.0993054062 0.9883671999 0.1151900589 0.0179522969 -0.1175229996 0.9929078817
15.9 351.7 1913.0 0 0 0 0 0 0 0 0 0
216.5 -100.9 2082.0 0 0 0 0 0 0 0 0 0
-59.5 -918.4 2166.7 0 0 0 0 0 0 0 0 0
160.4 -907.8 2150.5 0 0 0 0 0 0 0 0 0
60.9 444.5 2101.5 3 0.9983467460 0.0292720962 -0.0494666211 -0.0317726023 0.9982163906 -0.0505428985 0.0478988923 0.0520310216 0.9974961281
54.3 221.9 2089.9 0.9983467460 0.0292720962 -0.0494666211 -0.0317726023 0.9982163906 -0.0505428985 0.0478988923 0.0520310216 0.9974961281
67.9 28.8 2102.8 0.9962267876 -0.0696513429 -0.0517768748 0.0728886798 0.9953156114 0.0635147542 0.0471104421 -0.0670490488 0.9966368675
-81.6 212.0 2083.5 0.1455862075 -0.8699455261 -0.4711682200 0.4529049993 0.4820134938 -0.7500267029 0.8795918226 -0.1042008922 0.4641771615
-109.9 123.7 1912.1 -0.4833881259 -0.8699455261 0.0976255909 -0.8753048778 0.4820134938 -0.0387860872 -0.0133150695 -0.1042008922 -0.9944671392
190.2 231.8 2096.3 0.7828855515 0.4971313477 0.3740997910 -0.5029731393 0.1517923027 0.8508684635 0.3662078977 -0.8542947769 0.3688797057
351.1 128.5 2171.5 -0.4776955843 0.4971313477 0.7243392467 -0.7740504742 0.1517923027 -0.6146584153 -0.4155150652 -0.8542947769 0.3122942448
-7.0 -169.6 2113.8 0.9822813869 0.0611174628 -0.1771663129 -0.0576534644 0.9980325699 0.0246395208 0.1783236563 -0.0139886914 0.9838724732
-30.7 -557.1 2119.2 0.9827231169 0.0723616481 -0.1703498811 -0.0518359989 0.9911755919 0.1219998747 0.1776747704 -0.1110618412 0.9778020978
171.0 -154.3 2117.5 0.9901120067 0.1215303615 -0.0700609908 -0.1226676404 0.9923734665 -0.0121493787 0.0680501461 0.0206234623 0.9974687099
123.9 -539.5 2109.5 0.9932699800 -0.1012030169 -0.0563264526 0.1063115820 0.9896262288 0.0966321453 0.0459626727 -0.1019699648 0.9937251210
15.5 350.8 1915.6 0 0 0 0 0 0 0 0 0
218.6 -86.3 2056.3 0 0 0 0 0 0 0 0 0
-57.7 -926.9 2160.6 0 0 0 0 0 0 0 0 0
161.6 -908.7 2147.5 0 0 0 0 0 0 0 0 0
62.5 444.3 2095.7 4 0.9974510670 0.0314088464 -0.0640690550 -0.0330910571 0.9991303682 -0.0253660008 0.0632166266 0.0274214577 0.9976230264
55.4 218.8 2089.5 0.9974510670 0.0314088464 -0.0640690550 -0.0330910571 0.9991303682 -0.0253660008 0.0632166266 0.0274214577 0.9976230264
68.7 25.6 2101.6 0.9955170155 -0.0681333318 -0.0656025186 0.0719649866 0.9957233667 0.0579309054 0.0613749363 -0.0623922870 0.9961627722
-80.5 209.0 2081.2 0.1587505341 -0.8701236248 -0.4665653110 0.4498950839 0.4843978286 -0.7503020167 0.8788587451 -0.0907945931 0.4683627486
-110.7 123.4 1914.1 -0.4858417213 -0.8701236248 0.0827208906 -0.8740192056 0.4843978286 -0.0380678400 -0.0069460943 -0.0907945931 -0.9958454370
191.3 228.6 2097.9 0.7990554571 0.5039244890 0.3279793859 -0.4907866716 0.2315411717 0.8399506807 0.3473309577 -0.8321350813 0.4323336482
350.4 130.9 2167.0 -0.4671606123 0.5039244890 0.7265129685 -0.7372716665 0.2315411717 -0.6346803904 -0.4880486429 -0.8321350813 0.2633623183
-7.7 -170.7 2111.4 0.9798669219 0.0614733621 -0.1899520755 -0.0561411977 0.9978663325 0.0333310030 0.1915957481 -0.0219958108 0.9812273979
-31.6 -558.1 2120.0 0.9804923534 0.0708133951 -0.1833581179 -0.0478705689 0.9907901883 0.1266619116 0.1906387806 -0.1154135764 0.9748520851
170.5 -157.8 2119.9 0.9894258976 0.1187240034 -0.0833129585 -0.1201702654 0.9926739931 -0.0125471205 0.0812129676 0.0224261861 0.9964444637
124.4 -543.1 2111.2 0.9933323264 -0.0900405273 -0.0719971582 0.0956798866 0.9922607541 0.0791454837 0.0643136501 -0.0855064467 0.9942597151
15.5 350.4 1915.9 0 0 0 0 0 0 0 0 0
220.8 -73.5 2031.7 0 0 0 0 0 0 0 0 0
-58.0 -927.9 2163.0 0 0 0 0 0 0 0 0 0
158.0 -913.4 2143.1 0 0 0 0 0 0 0 0 0
62.6 442.9 2090.8 5 0.9941877127 -0.0019370458 -0.1076431349 0.0013536501 0.9999840260 -0.0054925247 0.1076520532 0.0053148894 0.9941744208
63.0 222.3 2089.7 0.9941877127 -0.0019370458 -0.1076431349 0.0013536501 0.9999840260 -0.0054925247 0.1076520532 0.0053148894 0.9941744208
74.2 29.1 2104.5 0.9922623038 -0.0577680953 -0.1099014208 0.0657006353 0.9953824282 0.0699801520 0.1053513214 -0.0766592622 0.9914758801
-72.3 213.3 2075.3 0.2007863075 -0.8729004860 -0.4446679354 0.4784124494 0.4834752679 -0.7330574393 0.8548721671 -0.0655467883 0.5146816969
-110.2 123.1 1914.1 -0.4839380980 -0.8729004860 0.0620374717 -0.8750486970 0.4834752679 -0.0232694726 -0.0096816476 -0.0655467883 -0.9978025556
198.4 231.3 2104.0 0.6825737953 0.6492319703 0.3355456889 -0.6599625349 0.3503673375 0.6645992994 0.3139148653 -0.6750856042 0.6676203012
332.8 101.3 2165.9 -0.4503653049 0.6492319703 0.6129183769 -0.5381661057 0.3503673375 -0.7665637136 -0.7124242783 -0.6750856042 0.1916013509
-7.2 -174.1 2108.1 0.9701933861 0.0683653429 -0.2324886173 -0.0552171133 0.9965096116 0.0626071170 0.2359572947 -0.0479036607 0.9705820084
-33.7 -560.8 2126.7 0.9716859460 0.0607705414 -0.2283272296 -0.0343579128 0.9924280643 0.1179241166 0.2337646484 -0.1067403629 0.9664163589
171.0 -161.2 2119.1 0.9845866561 0.1189581677 -0.1282110661 -0.1200730056 0.9927645922 -0.0009735536 0.1271675974 0.0163532365 0.9917464256
124.8 -546.6 2112.8 0.9884139299 -0.0948193893 -0.1185205951 0.1043123007 0.9915881753 0.0766275972 0.1102578416 -0.0881029442 0.9899904728
15.5 350.4 1916.6 0 0 0 0 0 0 0 0 0
216.6 -37.5 1982.1 0 0 0 0 0 0 0 0 0
-56.4 -931.2 2166.5 0 0 0 0 0 0 0 0 0
160.2 -916.7 2145.6 0 0 0 0 0 0 0 0 0
65.2 447.2 2096.4 6 0.9926568866 -0.0221867654 -0.1189121529 0.0182304736 0.9992467761 -0.0342559591 0.1195826232 0.0318365879 0.9923136830
70.4 214.4 2089.0 0.9926568866 -0.0221867654 -0.1189121529 0.0182304736 0.9992467761 -0.0342559591 0.1195826232 0.0318365879 0.9923136830
74.2 21.2 2105.4 0.9924193621 -0.0195148103 -0.1213381588 0.0295942556 0.9962068200 0.0818302110 0.1192810014 -0.0848007947 0.9892324805
-65.0 210.4 2072.7 0.2527333200 -0.8732725978 -0.4165583253 0.4773218036 0.4870313406 -0.7314125896 0.8415995240 -0.0139800366 0.5399211049
-111.7 122.1 1917.0 -0.4870308638 -0.8732725978 0.0139972232 -0.8733770847 0.4870313406 -0.0036038449 -0.0036699474 -0.0139800366 -0.9998955131
205.8 218.5 2105.3 0.6542257667 0.6849815845 0.3206070364 -0.7335553765 0.4715355039 0.4894392490 0.1840792745 -0.5553867817 0.8109626174
322.8 87.3 2138.2 -0.4508126676 0.6849815845 0.5723356605 -0.3245256245 0.4715355039 -0.8199618459 -0.8315353394 -0.5553867817 0.0097199017
-3.4 -170.0 2109.8 0.9665504694 0.0678538829 -0.2473379970 -0.0601860732 0.9974467158 0.0384403393 0.2493147999 -0.0222682245 0.9681664109
-29.7 -557.0 2118.5 0.9677383304 0.0879607275 -0.2361047417 -0.0477627851 0.9841351509 0.1708706170 0.2473888844 -0.1540810317 0.9565865397
174.1 -158.2 2128.7 0.9812300801 0.1232049540 -0.1483510435 -0.1292020679 0.9911193252 -0.0314534307 0.1431583613 0.0500303134 0.9884344339
126.3 -542.7 2109.3 0.9878165722 -0.0844008178 -0.1307474375 0.0978307649 0.9901717901 0.0999449566 0.1210269779 -0.1115184054 0.9863650799
15.6 350.5 1918.0 0 0 0 0 0 0 0 0 0
208.3 4.9 1927.0 0 0 0 0 0 0 0 0 0
-62.5 -923.8 2175.9 0 0 0 0 0 0 0 0 0
157.8 -912.2 2150.9 0 0 0 0 0 0 0 0 0
65.2 447.1 2092.7 7 0.9885945320 -0.0543668345 -0.1404459178 0.0515077449 0.9983862042 -0.0239154063 0.1415194720 0.0164085869 0.9897994995
78.1 210.5 2088.8 0.9885945320 -0.0543668345 -0.1404459178 0.0515077449 0.9983862042 -0.0239154063 0.1415194720 0.0164085869 0.9897994995
75.4 17.1 2103.0 0.9897038341 0.0138801243 -0.1424558610 -0.0031674730 0.9971669912 0.0751526952 0.1430954039 -0.0739276856 0.9869439602
-56.9 210.9 2069.3 0.3012427390 -0.8617867231 -0.4081378579 0.4802444577 0.5068906546 -0.7158401608 0.8237828016 0.0196357127 0.5665653944
-111.7 123.6 1919.4 -0.5069569945 -0.8617867231 -0.0178409256 -0.8619694710 0.5068906546 0.0083979117 0.0018061905 0.0196357127 -0.9998055696
213.1 210.1 2108.3 0.6684210896 0.6822220683 0.2962874472 -0.7406941056 0.5742843747 0.3486684561 0.0677160472 -0.4525157213 0.8891816735
328.6 82.1 2120.0 -0.5022266507 0.6822220683 0.5313580632 -0.0817114711 0.5742843747 -0.8145678043 -0.8608667850 -0.4525157213 -0.2326755673
-10.9 -174.7 2111.0 0.9613923430 0.0538840294 -0.2698541284 -0.0481812507 0.9984539747 0.0277173277 0.2709304392 -0.0136453183 0.9625021815
-31.8 -562.1 2116.3 0.9633112550 0.0660594627 -0.2601298988 -0.0238952097 0.9864964485 0.1620302200 0.2673208416 -0.1498696655 0.9518816471
166.7 -169.3 2132.4 0.9795597196 0.1024213135 -0.1731259823 -0.1105983108 0.9931293130 -0.0382382609 0.1680200845 0.0566041023 0.9841571450
126.9 -554.7 2110.5 0.9834198952 -0.0893953443 -0.1577778161 0.1053282470 0.9898238182 0.0956803933 0.1476188600 -0.1107124612 0.9828282595
22.4 351.5 1919.0 0 0 0 0 0 0 0 0 0
203.0 61.6 1904.7 0 0 0 0 0 0 0 0 0
-56.4 -930.0 2172.2 0 0 0 0 0 0 0 0 0
160.3 -924.1 2151.8 0 0 0 0 0 0 0 0 0
66.0 449.6 2096.3 8 0.9932402968 -0.0430554710 -0.1077959314 0.0387279578 0.9983699918 -0.0419229381 0.1094252318 0.0374648347 0.9932887554
76.4 207.9 2087.3 0.9932402968 -0.0430554710 -0.1077959314 0.0387279578 0.9983699918 -0.0419229381 0.1094252318 0.0374648347 0.9932887554
76.6 14.7 2104.7 0.9938548207 -0.0006820222 -0.1106894761 0.0107082771 0.9958832264 0.0900108963 0.1101723984 -0.0906430557 0.9897705913
-59.2 206.5 2072.2 0.3098663986 -0.8437268138 -0.4383011460 0.4649351537 0.5365788341 -0.7042148113 0.8293480277 0.0144309066 0.5585460067
-114.2 124.0 1925.1 -0.5360580683 -0.8437268138 -0.0276917182 -0.8436856866 0.5365788341 -0.0166627467 0.0289175957 0.0144309066 -0.9994776249
212.0 209.3 2102.3 0.6533668041 0.7028889656 0.2811740935 -0.7548513412 0.6331066489 0.1713926047 -0.0575432144 -0.3242268860 0.9442275763
327.9 75.4 2092.1 -0.5443333983 0.7028889656 0.4578735530 0.1853463650 0.6331066489 -0.7515469193 -0.8181368113 -0.3242268860 -0.4748990238
-15.8 -175.9 2104.4 0.9704870582 0.0391658247 -0.2379515469 -0.0285607502 0.9984458685 0.0478547737 0.2394560277 -0.0396463647 0.9700974226
-31.0 -563.3 2119.8 0.9693362117 0.0749071762 -0.2340431362 -0.0457072295 0.9907474518 0.1277901977 0.2414500415 -0.1131742075 0.9637911916
161.3 -176.5 2130.1 0.9864326715 0.0856673121 -0.1400417686 -0.0898217037 0.9956780672 -0.0236072131 0.1374141425 0.0358657166 0.9898641109
128.0 -562.8 2116.1 0.9869982004 -0.0880368799 -0.1344770342 0.0939151570 0.9948547482 0.0380004235 0.1304396838 -0.0501357801 0.9901878238
29.7 350.4 1917.3 0 0 0 0 0 0 0 0 0
194.1 120.9 1891.0 0 0 0 0 0 0 0 0 0
-58.9 -932.7 2162.0 0 0 0 0 0 0 0 0 0
160.8 -933.5 2134.8 0 0 0 0 0 0 0 0 0
68.0 448.3 2099.1 9 0.9957636595 -0.0208922941 -0.0895447358 0.0157407392 0.9982008934 -0.0578554533 0.0905923694 0.0562008582 0.9943010211
73.1 206.2 2085.5 0.9957636595 -0.0208922941 -0.0895447358 0.0157407392 0.9982008934 -0.0578554533 0.0905923694 0.0562008582 0.9943010211
73.2 13.2 2105.0 0.9958301187 -0.0003053466 -0.0912267342 0.0094929384 0.9949125051 0.1002947390 0.0907319933 -0.1007425264 0.9907667041
-62.9 205.0 2073.1 0.3005036712 -0.8375225663 -0.4563479722 0.4759883285 0.5463091135 -0.6891889572 0.8265184164 -0.0101124952 0.5628188848
-115.5 121.6 1928.4 -0.5459441543 -0.8375225663 -0.0223811623 -0.8359183073 0.5463091135 -0.0527916960 0.0564412698 -0.0101124952 -0.9983547330
209.0 207.5 2097.9 0.6174299121 0.7408717275 0.2643660605 -0.7662646770 0.6424348354 -0.0107694613 -0.1778167635 -0.1959249824 0.9643622637
317.4 73.0 2066.7 -0.5594485402 0.7408717275 0.3716536462 0.4288538992 0.6424348354 -0.6351077557 -0.7092965841 -0.1959249824 -0.6771349311
-12.1 -179.4 2112.4 0.9742841125 0.0476278290 -0.2202318311 -0.0422814749 0.9986868501 0.0289291441 0.2213204652 -0.0188734792 0.9750185013
-30.6 -566.9 2119.7 0.9745346904 0.0692806989 -0.2132659256 -0.0387921296 0.9888226986 0.1439613551 0.2208559215 -0.1320222914 0.9663295150
165.7 -177.5 2132.1 0.9879168272 0.0963357389 -0.1214074343 -0.0994232967 0.9948517680 -0.0196212512 0.1188921705 0.0314548910 0.9924088120
128.3 -563.6 2119.9 0.9892756343 -0.0882610530 -0.1163773537 0.0924103186 0.9952462912 0.0307430755 0.1131107137 -0.0411678441 0.9927291274
32.7 348.6 1913.1 0 0 0 0 0 0 0 0 0
178.9 179.2 1891.1 0 0 0 0 0 0 0 0 0
-56.5 -935.8 2168.9 0 0 0 0 0 0 0 0 0
161.2 -934.8 2135.2 0 0 0 0 0 0 0 0 0
68.9 449.8 2100.1 0 0.9921841025 -0.0122528076 -0.1241796315 0.0088524874 0.9995716214 -0.0278971791 0.1244682521 0.0265798401 0.9918675423
71.6 230.0 2094.2 0.9921841025 -0.0122528076 -0.1241796315 0.0088524874 0.9995716214 -0.0278971791 0.1244682521 0.0265798401 0.9918675423
72.2 36.4 2104.5 0.9921864271 -0.0018892224 -0.1247500703 0.0085276086 0.9985738993 0.0527009629 0.1244726032 -0.0533530004 0.9907875657
-63.8 228.9 2077.2 0.2814810872 -0.8247024417 -0.4905448854 0.5854358077 0.5526426435 -0.5931702852 0.7602850199 -0.1202163100 0.6383687854
-117.0 118.2 1933.4 -0.5643111467 -0.8247024417 0.0376673713 -0.8182239532 0.5526426435 -0.1584161073 0.1098295525 -0.1202163100 -0.9866536856
207.1 231.0 2111.2 0.4990697503 0.7935822010 0.3480756283 -0.7948936820 0.5791895390 -0.1807858497 -0.3450701833 -0.1864583492 0.9198694825
306.6 72.4 2042.3 -0.5696920156 0.7935822010 0.2137247622 0.5996299386 0.5791895390 -0.5522530079 -0.5620453358 -0.1864583492 -0.8058153391
-15.7 -178.4 2115.0 0.9670763016 0.0439697020 -0.2506592572 -0.0374374315 0.9988250732 0.0307715982 0.2517177761 -0.0203744452 0.9675862193
-32.9 -568.4 2122.9 0.9676393270 0.0533214025 -0.2466393709 -0.0277929232 0.9939932823 0.1058532968 0.2508021295 -0.0955729783 0.9633089304
162.4 -179.0 2132.6 0.9850134254 0.0866463482 -0.1491341740 -0.0888834000 0.9960067272 -0.0083883898 0.1478118151 0.0215182286 0.9887813926
128.8 -565.6 2124.3 0.9845859408 -0.0919838771 -0.1487597376 0.0924039483 0.9957131743 -0.0041000610 0.1484991759 -0.0097091254 0.9888648391
37.2 341.8 1903.4 0 0 0 0 0 0 0 0 0
164.7 221.8 1902.3 0 0 0 0 0 0 0 0 0
-52.8 -939.0 2158.6 0 0 0 0 0 0 0 0 0
163.1 -937.0 2127.9 0 0 0 0 0 0 0 0 0
72.7 451.8 2106.5 1 0.9921547174 -0.0011804451 -0.1250106692 -0.0019661719 0.9996843934 -0.0250444151 0.1250007898 0.0250937250 0.9918392301
73.0 243.1 2101.3 0.9921547174 -0.0011804451 -0.1250106692 -0.0019661719 0.9996843934 -0.0250444151 0.1250007898 0.0250937250 0.9918392301
72.4 49.2 2104.6 0.9921555519 0.0033903401 -0.1249636561 -0.0012130381 0.9998462200 0.0174954571 0.1250037551 -0.0172066297 0.9920070767
-62.5 243.3 2084.2 0.2969377041 -0.8175310493 -0.4934277534 0.6492077112 0.5517753959 -0.5235200524 0.7002552152 -0.1648842692 0.6945903897
-122.8 111.5 1942.0 -0.5751637816 -0.8175310493 0.0288024303 -0.7966451645 0.5517753959 -0.2467800528 0.1858578920 -0.1648842692 -0.9686433673
208.5 242.8 2118.3 0.3870806992 0.8317232132 0.3980012536 -0.7881132364 0.5224926472 -0.3253905773 -0.4785876274 -0.1877176464 0.8577388525
287.8 81.3 2020.3 -0.5483298898 0.8317232132 0.0870104730 0.7200767398 0.5224926472 -0.4566081166 -0.4252339005 -0.1877176464 -0.8854028583
-16.0 -156.7 2103.0 0.9676295519 0.0422637239 -0.2488107532 -0.0322152413 0.9984977245 0.0443220846 0.2503101826 -0.0348718613 0.9675374627
