-51.0 451.4 1836.3 11 0.9998080134 -0.0184840709 -0.0065025198 0.0188743919 0.9976268411 0.0662147030 0.0052631712 -0.0663247183 0.9977841973
-47.4 253.1 1849.5 0.9998080134 -0.0184840709 -0.0065025198 0.0188743919 0.9976268411 0.0662147030 0.0052631712 -0.0663247183 0.9977841973
-44.8 57.6 1861.4 0.9998930693 -0.0131419795 -0.0064125606 0.0135063231 0.9980745316 0.0605379902 0.0056046243 -0.0606181286 0.9981452823
-189.9 251.2 1848.7 0.1156978905 -0.9339627624 -0.3381236494 0.9904624224 0.0828370750 0.1101007536 -0.0748208240 -0.3476372063 0.9346390963
-220.9 -14.6 1868.8 0.0344063826 -0.9333856106 -0.3572219908 0.9610511661 0.1289738715 -0.2444307953 0.2742204964 -0.3348986208 0.9014688134
95.2 255.0 1850.3 0.4496264756 0.7588492632 0.4711515903 -0.4227860272 0.6454537511 -0.6361143589 -0.7868214846 0.0868175328 0.6110439301
197.3 159.0 1671.5 -0.6437355280 0.7588492632 0.0987542197 0.7635937333 0.6454537511 0.0177237857 -0.0502915978 0.0868175328 -0.9949539900
-131.9 -140.0 1873.1 0.9798650146 0.0480471663 -0.1937937886 -0.0740212128 0.9888651371 -0.1290992498 0.1854330599 0.1408446878 0.9725108743
-150.7 -527.4 1817.9 0.9825605154 0.0000000000 -0.1859431714 -0.0000000000 1.0000000000 0.0000000000 0.1859431714 0.0000000000 0.9825605154
48.8 -136.9 1874.2 0.8994613886 -0.0253099017 -0.4362666905 -0.0162613522 0.9956914783 -0.0912912041 0.4366976023 0.0892072022 0.8951744437
58.8 -526.9 1839.3 0.8995802999 0.0000000000 -0.4367553592 0.0000000000 1.0000000000 0.0000000000 0.4367553592 0.0000000000 0.8995802999
-230.6 -285.3 1791.5 0 0 0 0 0 0 0 0 0
39.6 346.0 1659.2 0 0 0 0 0 0 0 0 0
-150.7 -904.0 1817.9 0 0 0 0 0 0 0 0 0
58.8 -903.5 1839.3 0 0 0 0 0 0 0 0 0
-50.0 451.7 1835.8 12 0.9998446703 -0.0167372357 -0.0055277115 0.0170760211 0.9975168109 0.0683274716 0.0043703718 -0.0684112459 0.9976476431
-46.6 253.2 1849.4 0.9998446703 -0.0167372357 -0.0055277115 0.0170760211 0.9975168109 0.0683274716 0.0043703718 -0.0684112459 0.9976476431
-44.2 57.7 1861.6 0.9999097586 -0.0122827366 -0.0054364959 0.0125965867 0.9979932308 0.0620551966 0.0046633785 -0.0621180795 0.9980579019
-189.1 251.4 1848.7 0.1134476140 -0.9345145822 -0.3373605609 0.9906536341 0.0805156007 0.1101026386 -0.0757297352 -0.3466983438 0.9349145889
-219.4 -13.1 1869.0 0.0416593514 -0.9336472154 -0.3557631075 0.9612300396 0.1345956028 -0.2406674176 0.2725826204 -0.3319441378 0.9030569196
95.9 255.0 1850.1 0.4418845773 0.7586962581 0.4786627293 -0.4228565991 0.6467482448 -0.6347510815 -0.7911576033 0.0780810267 0.6066077948
195.6 159.5 1671.5 -0.6451755762 0.7586962581 0.0901580080 0.7625664473 0.6467482448 0.0144604864 -0.0473384187 0.0780810267 -0.9958224893
-132.6 -139.1 1872.7 0.9802520275 0.0425912589 -0.1931113005 -0.0684969276 0.9892075658 -0.1295245588 0.1855105311 0.1401942372 0.9725900292
-149.3 -526.6 1817.8 0.9825597405 0.0000000000 -0.1859472692 -0.0000000000 1.0000000000 0.0000000000 0.1859472692 0.0000000000 0.9825597405
48.2 -136.7 1873.8 0.8997663856 -0.0287697203 -0.4354224801 -0.0133474823 0.9955429435 -0.0933601484 0.4361677170 0.0898141190 0.8953720927
59.4 -526.6 1838.6 0.8998465538 0.0000000000 -0.4362065792 0.0000000000 1.0000000000 0.0000000000 0.4362065792 0.0000000000 0.8998465538
-231.2 -283.9 1792.2 0 0 0 0 0 0 0 0 0
38.4 345.3 1659.9 0 0 0 0 0 0 0 0 0
-149.3 -903.2 1817.8 0 0 0 0 0 0 0 0 0
59.4 -903.3 1838.6 0 0 0 0 0 0 0 0 0
-48.4 449.8 1837.5 13 0.9998633265 -0.0159681868 -0.0042849812 0.0162075032 0.9978631735 0.0632961392 0.0032651005 -0.0633569360 0.9979856014
-45.3 251.2 1850.2 0.9998633265 -0.0159681868 -0.0042849812 0.0162075032 0.9978631735 0.0632961392 0.0032651005 -0.0633569360 0.9979856014
-42.7 55.6 1861.4 0.9999085069 -0.0128615042 -0.0041965400 0.0130804889 0.9982786179 0.0571725257 0.0034539914 -0.0572221875 0.9983555079
-187.8 249.3 1849.7 0.1213288009 -0.9339837432 -0.3360857666 0.9902004004 0.0902956724 0.1065357029 -0.0691555291 -0.3457181156 0.9357865453
-219.9 -13.2 1868.0 0.0433937982 -0.9329756498 -0.3573141098 0.9615195990 0.1361186951 -0.2386455983 0.2712876797 -0.3332087994 0.9029811025
97.2 253.0 1850.6 0.4321447611 0.7592890859 0.4865501225 -0.4149827957 0.6464444995 -0.6402333975 -0.8006498814 0.0747635737 0.5944495201
194.6 159.5 1670.2 -0.6452346444 0.7592890859 0.0845714882 0.7627955079 0.6464444995 0.0158900712 -0.0426056162 0.0747635737 -0.9962906837
-132.2 -138.9 1873.3 0.9805146456 0.0429707542 -0.1916887313 -0.0690686181 0.9888916016 -0.1316163689 0.1839037240 0.1422914416 0.9725906253
-149.0 -526.3 1817.6 0.9828618169 0.0000000000 -0.1843439639 -0.0000000000 1.0000000000 0.0000000000 0.1843439639 0.0000000000 0.9828618169
48.6 -136.6 1874.2 0.9003619552 -0.0262696128 -0.4343480766 -0.0162540134 0.9954491258 -0.0938983262 0.4348380864 0.0916023776 0.8958374858
58.9 -526.6 1838.3 0.9004809260 0.0000000000 -0.4348955452 0.0000000000 1.0000000000 0.0000000000 0.4348955452 0.0000000000 0.9004809260
-232.2 -284.1 1791.6 0 0 0 0 0 0 0 0 0
37.8 345.0 1659.9 0 0 0 0 0 0 0 0 0
-149.0 -902.9 1817.6 0 0 0 0 0 0 0 0 0
58.9 -903.2 1838.3 0 0 0 0 0 0 0 0 0
-47.8 452.0 1840.4 14 0.9998443723 -0.0148976846 0.0094500938 0.0143458815 0.9983281493 0.0559918880 -0.0102684442 -0.0558476038 0.9983865023
-44.8 253.0 1851.5 0.9998443723 -0.0148976846 0.0094500938 0.0143458815 0.9983281493 0.0559918880 -0.0102684442 -0.0558476038 0.9983865023
-42.3 57.4 1861.5 0.9998743534 -0.0126735857 0.0095206983 0.0121733667 0.9986307025 0.0508780926 -0.0101524694 -0.0507558025 0.9986594915
-187.3 251.2 1853.0 0.1236591116 -0.9377913475 -0.3244315386 0.9909262657 0.0993472487 0.0905277953 -0.0526648015 -0.3326823115 0.9415672421
-220.6 -15.3 1867.2 0.0425287224 -0.9368703365 -0.3470810950 0.9607045650 0.1337229013 -0.2432384938 0.2742956281 -0.3230977356 0.9057426453
97.7 254.7 1850.1 0.4334532022 0.7594395280 0.4851494133 -0.4284578860 0.6472825408 -0.6304356456 -0.7928065062 0.0653982610 0.6059545875
195.9 157.6 1670.4 -0.6457648277 0.7594395280 0.0789903104 0.7622077465 0.6472825408 0.0080388933 -0.0450239964 0.0653982610 -0.9968429804
-130.6 -141.1 1872.3 0.9828073382 0.0488982238 -0.1780413389 -0.0724395216 0.9890962243 -0.1282232851 0.1698301286 0.1389160007 0.9756331444
-149.8 -528.5 1817.8 0.9853961468 0.0000000000 -0.1702774763 -0.0000000000 1.0000000000 0.0000000000 0.1702774763 0.0000000000 0.9853961468
50.2 -138.7 1872.9 0.9061277509 -0.0225476921 -0.4224027693 -0.0162068587 0.9959946275 -0.0879323408 0.4226935506 0.0865237564 0.9021329284
59.0 -528.9 1839.0 0.9062467813 0.0000000000 -0.4227490723 0.0000000000 1.0000000000 0.0000000000 0.4227490723 0.0000000000 0.9062467813
-232.5 -286.0 1789.9 0 0 0 0 0 0 0 0 0
37.4 344.7 1659.4 0 0 0 0 0 0 0 0 0
-149.8 -905.2 1817.8 0 0 0 0 0 0 0 0 0
59.0 -905.5 1839.0 0 0 0 0 0 0 0 0 0
-48.6 453.4 1839.3 15 0.9997265935 -0.0187099129 0.0140250651 0.0178301614 0.9980134964 0.0604247041 -0.0151277455 -0.0601581149 0.9980742335
-44.9 253.7 1851.4 0.9997265935 -0.0187099129 0.0140250651 0.0178301614 0.9980134964 0.0604247041 -0.0151277455 -0.0601581149 0.9980742335
-41.8 58.2 1861.8 0.9997766614 -0.0157010164 0.0141466605 0.0149252163 0.9984632730 0.0533699058 -0.0149628827 -0.0531468429 0.9984745979
-187.3 251.6 1853.5 0.1237884536 -0.9391568303 -0.3204073012 0.9909104705 0.0998583585 0.0901371911 -0.0526576117 -0.3286528885 0.9429816604
-220.5 -13.7 1867.6 0.0365825333 -0.9384805560 -0.3433889449 0.9596590400 0.1288481504 -0.2499053031 0.2787762880 -0.3203941584 0.9053349495
97.6 255.9 1849.2 0.4355227649 0.7615654469 0.4799354374 -0.4388974011 0.6451398730 -0.6254307628 -0.7859319448 0.0617469139 0.6152221560
196.6 156.1 1670.6 -0.6429495811 0.7615654469 0.0814492106 0.7640641332 0.6451398730 -0.0007551236 -0.0531212054 0.0617469139 -0.9966772199
-130.2 -139.3 1872.3 0.9835077524 0.0516487136 -0.1733346581 -0.0752654597 0.9883117080 -0.1325709224 0.1644615531 0.1434306353 0.9758996367
-150.5 -526.5 1816.2 0.9863053560 0.0000000000 -0.1649293751 -0.0000000000 1.0000000000 0.0000000000 0.1649293751 0.0000000000 0.9863053560
50.5 -137.1 1870.5 0.9082379937 -0.0192528050 -0.4180108309 -0.0153897805 0.9967283607 -0.0793457925 0.4181708694 0.0784979612 0.9049702883
58.1 -527.5 1839.8 0.9083455801 0.0000000000 -0.4182204008 0.0000000000 1.0000000000 0.0000000000 0.4182204008 0.0000000000 0.9083455801
-230.8 -284.1 1789.1 0 0 0 0 0 0 0 0 0
38.3 344.3 1657.5 0 0 0 0 0 0 0 0 0
-150.5 -903.1 1816.2 0 0 0 0 0 0 0 0 0
58.1 -904.2 1839.8 0 0 0 0 0 0 0 0 0
-49.5 453.6 1838.3 16 0.9996938705 -0.0228377376 0.0095189223 0.0222050697 0.9978307486 0.0619737916 -0.0109136142 -0.0617434531 0.9980323911
-44.9 253.8 1850.7 0.9996938705 -0.0228377376 0.0095189223 0.0222050697 0.9978307486 0.0619737916 -0.0109136142 -0.0617434531 0.9980323911
-41.0 58.3 1861.4 0.9997535944 -0.0199826080 0.0096676247 0.0194212031 0.9982951283 0.0550418161 -0.0107510220 -0.0548404977 0.9984372258
-187.4 251.0 1852.2 0.1242853403 -0.9378600121 -0.3239933848 0.9904823899 0.0978019163 0.0968474448 -0.0591421761 -0.3329464495 0.9410892129
-220.6 -13.5 1868.0 0.0371345915 -0.9371314049 -0.3469953239 0.9580206871 0.1321665496 -0.2544175982 0.2842839062 -0.3229809999 0.9026992321
97.6 256.6 1849.1 0.4379847050 0.7604064941 0.4795324802 -0.4445081949 0.6468288302 -0.6196974516 -0.7813973427 0.0582618825 0.6213080883
197.4 155.2 1671.0 -0.6431062818 0.7604064941 0.0905334055 0.7624514699 0.6468288302 -0.0167397615 -0.0712886378 0.0582618825 -0.9957526922
-129.1 -138.7 1873.5 0.9827088118 0.0540673696 -0.1770877987 -0.0788358599 0.9875723720 -0.1359622478 0.1675359011 0.1475721747 0.9747585058
-150.3 -525.6 1815.7 0.9857769608 0.0000000000 -0.1680589616 -0.0000000000 1.0000000000 0.0000000000 0.1680589616 0.0000000000 0.9857769608
51.7 -136.0 1870.8 0.9067429304 -0.0139870085 -0.4214518070 -0.0225313883 0.9964150190 -0.0815444142 0.4210814834 0.0834357142 0.9031770825
57.1 -526.3 1838.2 0.9069731832 0.0000000000 -0.4211883843 0.0000000000 1.0000000000 0.0000000000 0.4211883843 0.0000000000 0.9069731832
-231.0 -283.4 1787.9 0 0 0 0 0 0 0 0 0
38.8 343.3 1653.4 0 0 0 0 0 0 0 0 0
-150.3 -902.2 1815.7 0 0 0 0 0 0 0 0 0
57.1 -903.0 1838.2 0 0 0 0 0 0 0 0 0
-48.6 453.9 1837.3 17 0.9997708797 -0.0204077438 0.0064547360 0.0199526548 0.9977450371 0.0640834197 -0.0077479789 -0.0639399514 0.9979236722
-44.6 254.5 1850.1 0.9997708797 -0.0204077438 0.0064547360 0.0199526548 0.9977450371 0.0640834197 -0.0077479789 -0.0639399514 0.9979236722
-41.3 59.0 1861.5 0.9998390675 -0.0166961588 0.0065589710 0.0162844453 0.9981559515 0.0584763959 -0.0075232070 -0.0583601780 0.9982672334
-187.1 252.1 1851.1 0.1256489456 -0.9368900061 -0.3262658715 0.9898003936 0.0961313471 0.1051377952 -0.0671381727 -0.3361485302 0.9394128919
-220.9 -14.0 1869.2 0.0378308520 -0.9361296892 -0.3496140838 0.9544195533 0.1375042796 -0.2649073601 0.2960610986 -0.3236568272 0.8986623883
97.9 256.8 1849.0 0.4424743652 0.7545763850 0.4845935404 -0.4421403110 0.6536885500 -0.6141687036 -0.7802104950 0.0574955828 0.6228690743
198.4 156.4 1671.9 -0.6496512294 0.7545763850 0.0925620869 0.7565178871 0.6536885500 -0.0192861781 -0.0750596672 0.0574955828 -0.9955201149
-127.4 -139.0 1873.1 0.9817739129 0.0592625253 -0.1805768013 -0.0835029632 0.9880256057 -0.1297405660 0.1707257628 0.1424545944 0.9749663472
-150.7 -526.0 1817.3 0.9852147102 0.0000000000 -0.1713241041 -0.0000000000 1.0000000000 0.0000000000 0.1713241041 0.0000000000 0.9852147102
53.3 -135.5 1871.2 0.9053225517 -0.0076030837 -0.4246566892 -0.0283654798 0.9965251088 -0.0783140138 0.4237765074 0.0829450339 0.9019609690
56.3 -525.9 1838.7 0.9056869745 0.0000000000 -0.4239470959 0.0000000000 1.0000000000 0.0000000000 0.4239470959 0.0000000000 0.9056869745
-231.5 -282.9 1785.8 0 0 0 0 0 0 0 0 0
38.2 343.0 1653.4 0 0 0 0 0 0 0 0 0
-150.7 -902.7 1817.3 0 0 0 0 0 0 0 0 0
56.3 -902.5 1838.7 0 0 0 0 0 0 0 0 0
-48.7 454.1 1836.8 18 0.9997614026 -0.0198484641 0.0091192620 0.0191926602 0.9975610971 0.0671079382 -0.0104290107 -0.0669169053 0.9977040291
-44.8 254.8 1850.2 0.9997614026 -0.0198484641 0.0091192620 0.0191926602 0.9975610971 0.0671079382 -0.0104290107 -0.0669169053 0.9977040291
-41.6 59.3 1862.0 0.9998278618 -0.0160923824 0.0092356475 0.0155033907 0.9980389476 0.0606457256 -0.0101934699 -0.0604920983 0.9981166124
-187.3 252.6 1851.6 0.1247311831 -0.9377962947 -0.3240065873 0.9898819923 0.0953553021 0.1050759777 -0.0676441193 -0.3338345289 0.9402014613
-220.7 -12.9 1869.7 0.0356963240 -0.9371181130 -0.3471821547 0.9557598233 0.1335100979 -0.2621033788 0.2919741273 -0.3224666417 0.9004256725
97.7 257.0 1848.7 0.4445382953 0.7531945705 0.4848542213 -0.4418737590 0.6552238464 -0.6127228141 -0.7791875601 0.0581344068 0.6240890026
198.4 157.0 1672.2 -0.6516393423 0.7531945705 0.0898000523 0.7552883625 0.6552238464 -0.0148709994 -0.0700398907 0.0581344068 -0.9958487749
-128.4 -138.0 1873.6 0.9825309515 0.0532465242 -0.1783193648 -0.0773774311 0.9883276820 -0.1312291771 0.1692504585 0.1427346170 0.9751825929
-149.3 -525.1 1817.7 0.9854855537 0.0000000000 -0.1697594225 -0.0000000000 1.0000000000 0.0000000000 0.1697594225 0.0000000000 0.9854855537
52.3 -135.1 1872.3 0.9063769579 -0.0126452278 -0.4222805500 -0.0241995007 0.9963567853 -0.0817774609 0.4217761755 0.0843401849 0.9027688503
57.3 -525.3 1839.2 0.9066424966 0.0000000000 -0.4218997359 0.0000000000 1.0000000000 0.0000000000 0.4218997359 0.0000000000 0.9066424966
-230.8 -282.1 1787.5 0 0 0 0 0 0 0 0 0
37.7 343.2 1655.0 0 0 0 0 0 0 0 0 0
-149.3 -901.8 1817.7 0 0 0 0 0 0 0 0 0
57.3 -902.0 1839.2 0 0 0 0 0 0 0 0 0
-48.1 455.8 1836.5 19 0.9972174168 -0.0181390345 -0.0723079517 0.0213573053 0.9988038540 0.0439860374 0.0714235976 -0.0454079472 0.9964119792
-43.9 227.3 1846.9 0.9972174168 -0.0181390345 -0.0723079517 0.0213573053 0.9988038540 0.0439860374 0.0714235976 -0.0454079472 0.9964119792
-37.7 32.2 1862.0 0.9967954159 -0.0325592309 -0.0730668455 0.0379647203 0.9965461493 0.0738540441 0.0704098567 -0.0763913319 0.9945887923
-185.5 221.8 1836.9 0.1417613626 -0.9088318944 -0.3923370242 0.9805861115 0.0746834055 0.1813098341 -0.1354790926 -0.4104229510 0.9017751217
-219.3 -11.7 1869.2 0.0435333252 -0.9083789587 -0.4158756435 0.9583750367 0.1555427313 -0.2394237220 0.2821739018 -0.3881419301 0.8773390055
97.6 232.8 1856.9 0.4454241991 0.7436098456 0.4986398220 -0.3276566863 0.6536930203 -0.6821484566 -0.8332096934 0.1404627562 0.5348194242
196.1 160.3 1672.6 -0.6553992629 0.7436098456 0.1322731525 0.7542073727 0.6536930203 0.0621016212 -0.0402866639 0.1404627562 -0.9892659783
-127.4 -142.8 1873.9 0.9655041695 0.0563020296 -0.2542277873 -0.0915215686 0.9874249697 -0.1289018393 0.2437734157 0.1477225870 0.9585158229
-149.2 -524.4 1816.9 0.9695733786 0.0000000000 -0.2448008358 -0.0000000000 1.0000000000 0.0000000000 0.2448008358 0.0000000000 0.9695733786
52.6 -137.2 1873.9 0.8704626560 -0.0106190490 -0.4921199381 -0.0360543095 0.9957063198 -0.0852584541 0.4909122884 0.0919573382 0.8663423061
56.7 -524.9 1838.1 0.8710289598 0.0000000000 -0.4912316799 0.0000000000 1.0000000000 0.0000000000 0.4912316799 0.0000000000 0.8710289598
-231.5 -281.6 1789.7 0 0 0 0 0 0 0 0 0
33.4 347.6 1662.6 0 0 0 0 0 0 0 0 0
-149.2 -901.1 1816.9 0 0 0 0 0 0 0 0 0
56.7 -901.5 1838.1 0 0 0 0 0 0 0 0 0
-48.7 457.3 1836.9 20 0.9975147843 -0.0256235898 -0.0656328499 0.0292083118 0.9980999231 0.0542536490 0.0641179681 -0.0560358427 0.9963678122
-43.2 242.6 1849.0 0.9975147843 -0.0256235898 -0.0656328499 0.0292083118 0.9980999231 0.0542536490 0.0641179681 -0.0560358427 0.9963678122
-37.0 47.3 1862.4 0.9973080158 -0.0320035517 -0.0659731776 0.0363670439 0.9971542358 0.0660369694 0.0636720136 -0.0682584494 0.9956337810
-185.1 237.4 1839.9 0.1379606128 -0.9096679091 -0.3917539716 0.9868496060 0.0926131457 0.1324789673 -0.0842302889 -0.4048791528 0.9104823470
-223.7 -39.2 1863.5 0.0244221296 -0.9095771909 -0.4148167074 0.9576718211 0.1403367966 -0.2513369322 0.2868243754 -0.3911200762 0.8745037913
98.7 247.8 1858.0 0.4336812198 0.7468327880 0.5041441917 -0.3832697272 0.6592530012 -0.6469078660 -0.8154906034 0.0873286054 0.5721440315
197.3 160.7 1672.6 -0.6577749252 0.7468327880 0.0978414044 0.7516289353 0.6592530012 0.0209618416 -0.0488472469 0.0873286054 -0.9949812293
-121.1 -164.2 1870.6 0.9650655389 0.0892990232 -0.2463212609 -0.1215775236 0.9854120612 -0.1190881878 0.2320934832 0.1448750347 0.9618439674
-156.2 -552.1 1813.5 0.9722779989 0.0000000000 -0.2338280380 -0.0000000000 1.0000000000 0.0000000000 0.2338280380 0.0000000000 0.9722779989
58.4 -157.6 1883.1 0.8737124801 0.0166742746 -0.4861568511 -0.0787779093 0.9910697341 -0.1075864136 0.4800214171 0.1322980076 0.8672235608
51.8 -547.1 1831.1 0.8764362931 0.0000000000 -0.4815178812 0.0000000000 1.0000000000 0.0000000000 0.4815178812 0.0000000000 0.8764362931
-230.6 -308.9 1782.7 0 0 0 0 0 0 0 0 0
34.4 346.9 1660.5 0 0 0 0 0 0 0 0 0
-156.2 -928.8 1813.5 0 0 0 0 0 0 0 0 0
51.8 -923.7 1831.1 0 0 0 0 0 0 0 0 0
-48.5 456.8 1837.1 21 0.9979081750 -0.0236051325 -0.0601834729 0.0272754356 0.9977704287 0.0609116964 0.0586114600 -0.0624258108 0.9963271022
-43.6 250.0 1850.0 0.9979081750 -0.0236051325 -0.0601834729 0.0272754356 0.9977704287 0.0609116964 0.0586114600 -0.0624258108 0.9963271022
-38.9 54.6 1863.1 0.9978856444 -0.0242882650 -0.0602849498 0.0282135643 0.9974772334 0.0651393235 0.0585507452 -0.0667024478 0.9960535169
-185.7 245.9 1841.7 0.1278526634 -0.9134753346 -0.3862855434 0.9878216982 0.0824647769 0.1319389194 -0.0886680037 -0.3984499872 0.9128940701
-220.8 -24.8 1866.0 0.0348890088 -0.9130763412 -0.4062934220 0.9607223868 0.1426351070 -0.2380498499 0.2753093839 -0.3820298612 0.8821892738
98.5 254.0 1858.4 0.4259672463 0.7518373132 0.5032818317 -0.4129048884 0.6565122604 -0.6312695146 -0.8050226569 0.0610926077 0.5900900364
197.1 158.4 1671.9 -0.6533879042 0.7518373132 0.0884587020 0.7542661428 0.6565122604 -0.0086147906 -0.0645511448 0.0610926077 -0.9960426092
-120.7 -150.2 1870.0 0.9670071006 0.0828736797 -0.2408924550 -0.1104135290 0.9885183573 -0.1031519026 0.2295780331 0.1263464093 0.9650546908
-153.2 -538.2 1820.4 0.9729560614 0.0000000000 -0.2309903651 -0.0000000000 1.0000000000 0.0000000000 0.2309903651 0.0000000000 0.9729560614
59.2 -143.7 1881.4 0.8759424090 0.0163591243 -0.4821381867 -0.0663548857 0.9940112233 -0.0868255422 0.4778303802 0.1080464050 0.8717821240
52.8 -533.6 1839.0 0.8778771758 0.0000000000 -0.4788857996 0.0000000000 1.0000000000 0.0000000000 0.4788857996 0.0000000000 0.8778771758
-230.6 -295.4 1788.5 0 0 0 0 0 0 0 0 0
35.4 345.0 1656.0 0 0 0 0 0 0 0 0 0
-153.2 -914.9 1820.4 0 0 0 0 0 0 0 0 0
52.8 -910.2 1839.0 0 0 0 0 0 0 0 0 0
-48.5 457.4 1836.2 22 0.9983662367 -0.0211248659 -0.0530902036 0.0246642083 0.9974533916 0.0669208914 0.0515413061 -0.0681209862 0.9963448048
-44.2 254.1 1850.1 0.9983662367 -0.0211248659 -0.0530902036 0.0246642083 0.9974533916 0.0669208914 0.0515413061 -0.0681209862 0.9963448048
-40.2 58.7 1863.3 0.9983824492 -0.0203894079 -0.0530728363 0.0238850284 0.9975280166 0.0660863295 0.0515941791 -0.0672470778 0.9964014888
-186.4 250.7 1842.7 0.1254221648 -0.9166607261 -0.3794764280 0.9878461957 0.0799905509 0.1332720667 -0.0918107405 -0.3915796280 0.9155523777
-220.4 -17.4 1867.6 0.0390970111 -0.9160497785 -0.3991543949 0.9620290995 0.1424971819 -0.2327972502 0.2701322436 -0.3748964667 0.8868377805
98.1 257.5 1857.4 0.4257698059 0.7533485293 0.5011846423 -0.4311225116 0.6558855772 -0.6196349263 -0.7955209017 0.0477498658 0.6040418148
197.3 157.0 1672.0 -0.6516138911 0.7533485293 0.0886866972 0.7542882562 0.6558855772 -0.0293816235 -0.0803029314 0.0477498658 -0.9956261516
-124.3 -142.8 1870.9 0.9694460630 0.0690598115 -0.2353828847 -0.0973974541 0.9890404940 -0.1109623089 0.2251401693 0.1304976642 0.9655476213
-151.4 -530.6 1819.7 0.9740772247 0.0000000000 -0.2262157053 0.0000000000 1.0000000000 0.0000000000 0.2262157053 0.0000000000 0.9740772247
55.9 -137.7 1881.4 0.8790943027 0.0002235275 -0.4766478240 -0.0561701171 0.9930806160 -0.1031303331 0.4733266532 0.1174346507 0.8730240464
55.9 -526.9 1835.4 0.8804844022 0.0000000000 -0.4740751088 0.0000000000 1.0000000000 0.0000000000 0.4740751088 0.0000000000 0.8804844022
-231.4 -288.4 1791.5 0 0 0 0 0 0 0 0 0
36.2 343.5 1652.1 0 0 0 0 0 0 0 0 0
-151.4 -907.2 1819.7 0 0 0 0 0 0 0 0 0
55.9 -903.6 1835.4 0 0 0 0 0 0 0 0 0
-48.3 456.8 1836.7 23 0.9990525246 -0.0191000104 -0.0391054228 0.0217670929 0.9973824024 0.0689534619 0.0376860499 -0.0697393417 0.9968531132
-44.5 255.5 1850.8 0.9990525246 -0.0191000104 -0.0391054228 0.0217670929 0.9973824024 0.0689534619 0.0376860499 -0.0697393417 0.9968531132
-41.0 60.1 1863.9 0.9990782738 -0.0178287402 -0.0390472598 0.0203749109 0.9976240396 0.0658113286 0.0377811529 -0.0665462539 0.9970678091
-186.8 252.6 1845.4 0.1289296895 -0.9210927486 -0.3673761487 0.9881237745 0.0880984589 0.1258972138 -0.0835977420 -0.3792449832 0.9215121865
-221.4 -12.7 1867.9 0.0333593041 -0.9205407500 -0.3892196417 0.9633139968 0.1333779246 -0.2328873277 0.2662955821 -0.3671717644 0.8912191391
97.9 258.4 1856.2 0.4264823198 0.7548342347 0.4983353019 -0.4383142591 0.6544149518 -0.6161344647 -0.7911974788 0.0443429761 0.6099510193
196.8 156.7 1672.6 -0.6502039433 0.7548342347 0.0863718167 0.7554516196 0.6544149518 -0.0321541466 -0.0807940587 0.0443429761 -0.9957439303
-126.4 -138.5 1871.8 0.9730687141 0.0574134961 -0.2232509702 -0.0866800845 0.9885412455 -0.1235832050 0.2135974318 0.1396063566 0.9668951035
-148.9 -525.9 1817.1 0.9767449498 0.0000000000 -0.2144044191 0.0000000000 1.0000000000 0.0000000000 0.2144044191 0.0000000000 0.9767449498
54.0 -134.2 1881.1 0.8853447437 -0.0073688980 -0.4648767710 -0.0460487753 0.9935683608 -0.1034479439 0.4626491368 0.1129940972 0.8793111444
56.9 -523.5 1836.8 0.8862848878 0.0000000000 -0.4631404281 0.0000000000 1.0000000000 0.0000000000 0.4631404281 0.0000000000 0.8862848878
-230.8 -284.1 1792.8 0 0 0 0 0 0 0 0 0
35.9 343.6 1652.6 0 0 0 0 0 0 0 0 0
-148.9 -902.6 1817.1 0 0 0 0 0 0 0 0 0
56.9 -900.2 1836.8 0 0 0 0 0 0 0 0 0
-47.7 456.2 1836.5 24 0.9993339777 -0.0159102809 -0.0328394622 0.0182211250 0.9972875714 0.0713125318 0.0316157863 -0.0718634054 0.9969132543
-44.5 256.2 1850.9 0.9993339777 -0.0159102809 -0.0328394622 0.0182211250 0.9972875714 0.0713125318 0.0316157863 -0.0718634054 0.9969132543
-41.6 60.8 1863.8 0.9993492365 -0.0151267778 -0.0327452943 0.0172404386 0.9977194071 0.0652594715 0.0316834487 -0.0657815486 0.9973309040
-186.9 253.8 1846.4 0.1215256155 -0.9241436720 -0.3622015715 0.9893197417 0.0831841528 0.1196946502 -0.0804856271 -0.3728791177 0.9243826270
-219.5 -11.1 1867.9 0.0450597554 -0.9231331944 -0.3818308115 0.9616187811 0.1436391324 -0.2337887287 0.2706639767 -0.3566412032 0.8941745162
97.9 258.7 1855.4 0.4252050221 0.7487779856 0.5084606409 -0.4348077774 0.6616935134 -0.6108223200 -0.7938154340 0.0386420861 0.6069298983
196.2 158.2 1671.9 -0.6581456661 0.7487779856 0.0785862058 0.7491440773 0.6616935134 -0.0307383332 -0.0750161707 0.0386420861 -0.9964333177
-127.8 -137.0 1873.5 0.9745149016 0.0526571013 -0.2180550247 -0.0823407397 0.9881728292 -0.1293616593 0.2086642385 0.1440196782 0.9673249722
-148.4 -524.2 1817.1 0.9778353572 0.0000000000 -0.2093752325 0.0000000000 1.0000000000 0.0000000000 0.2093752325 0.0000000000 0.9778353572
52.8 -133.3 1880.3 0.8879302740 -0.0129190749 -0.4597966671 -0.0396310352 0.9937397242 -0.1044544205 0.4582676589 0.1109704524 0.8818596005
57.8 -522.7 1836.8 0.8886283636 0.0000000000 -0.4586279690 0.0000000000 1.0000000000 0.0000000000 0.4586279690 0.0000000000 0.8886283636
-232.2 -282.0 1791.7 0 0 0 0 0 0 0 0 0
33.3 343.5 1653.4 0 0 0 0 0 0 0 0 0
-148.4 -900.8 1817.1 0 0 0 0 0 0 0 0 0
57.8 -899.3 1836.8 0 0 0 0 0 0 0 0 0
-47.7 454.3 1837.4 25 0.9938428998 -0.0181288142 -0.1093049943 0.0221355092 0.9991225600 0.0355547369 0.1085645184 -0.0377553478 0.9933722019
-43.7 230.1 1845.9 0.9938428998 -0.0181288142 -0.1093049943 0.0221355092 0.9991225600 0.0355547369 0.1085645184 -0.0377553478 0.9933722019
-37.5 34.6 1856.3 0.9934869409 -0.0310588647 -0.1096313968 0.0365902558 0.9981377125 0.0488082692 0.1079113036 -0.0525018163 0.9927732348
-184.8 224.9 1830.5 0.1496007144 -0.8953658938 -0.4194515347 0.9760637879 0.0660046637 0.2072266042 -0.1578578651 -0.4404127002 0.8838085532
-221.0 -10.8 1868.6 0.0458799340 -0.8951641321 -0.4433692098 0.9610617757 0.1606263071 -0.2248542607 0.2724982202 -0.4157888889 0.8676775694
97.5 235.2 1861.2 0.4266914725 0.7411342263 0.5183188915 -0.3268190622 0.6607382894 -0.6757323742 -0.8432815075 0.1189327613 0.5241481662
193.3 161.8 1671.9 -0.6586986184 0.7411342263 0.1297542751 0.7498977184 0.6607382894 0.0328379720 -0.0613962673 0.1189327613 -0.9910022616
-126.6 -143.8 1869.2 0.9563976526 0.0563997962 -0.2865704894 -0.0920024663 0.9894032478 -0.1123241782 0.2771987021 0.1337917745 0.9514518380
-148.2 -523.4 1817.9 0.9604712129 0.0000000000 -0.2783793807 0.0000000000 1.0000000000 0.0000000000 0.2783793807 0.0000000000 0.9604712129
51.9 -133.8 1879.5 0.8516783118 -0.0176755395 -0.5237668157 -0.0429198854 0.9937211275 -0.1033255458 0.5223044753 0.1104801372 0.8455721140
58.8 -522.3 1836.3 0.8524638414 0.0000000000 -0.5227862000 0.0000000000 1.0000000000 0.0000000000 0.5227862000 0.0000000000 0.8524638414
-233.9 -281.6 1791.9 0 0 0 0 0 0 0 0 0
30.1 347.5 1656.7 0 0 0 0 0 0 0 0 0
-148.2 -900.0 1817.9 0 0 0 0 0 0 0 0 0
58.8 -898.9 1836.3 0 0 0 0 0 0 0 0 0
-48.0 455.2 1840.8 26 0.9899464846 -0.0177713204 -0.1403214633 0.0184541885 0.9998233318 0.0035666544 0.1402332932 -0.0061203158 0.9900995493
-43.8 215.4 1842.3 0.9899464846 -0.0177713204 -0.1403214633 0.0184541885 0.9998233318 0.0035666544 0.1402332932 -0.0061203158 0.9900995493
-35.5 20.7 1860.4 0.9888243079 -0.0428496487 -0.1427947879 0.0553778820 0.9948452115 0.0849486887 0.1384186894 -0.0919070020 0.9861000776
-184.4 207.4 1822.7 0.1595191211 -0.8773125410 -0.4526326656 0.9726788998 0.0613400899 0.2239044160 -0.1686696261 -0.4759832621 0.8631283045
-224.2 -35.5 1864.8 0.0310856216 -0.8790125251 -0.4757842422 0.9564931393 0.1643168479 -0.2410827726 0.2900941372 -0.4475901425 0.8458773494
96.8 223.3 1861.9 0.4280862510 0.7358503938 0.5246583223 -0.2624066472 0.6567388773 -0.7069913745 -0.8648033738 0.1649794579 0.4742329121
191.6 165.2 1670.5 -0.6584799886 0.7358503938 0.1578867733 0.7508135438 0.6567388773 0.0705198646 -0.0517983064 0.1649794579 -0.9849358797
-119.7 -167.9 1854.6 0.9447091222 0.0949863493 -0.3138507903 -0.1153924838 0.9922050834 -0.0470490791 0.3069353402 0.0806637183 0.9483059049
-156.4 -551.7 1823.4 0.9510622025 0.0000000000 -0.3089994490 0.0000000000 1.0000000000 0.0000000000 0.3089994490 0.0000000000 0.9510622025
58.3 -158.0 1876.4 0.8351274729 0.0134589262 -0.5498918295 -0.0608706735 0.9958217740 -0.0680717155 0.5466780663 0.0903208405 0.8324573636
53.1 -547.4 1841.0 0.8366789222 0.0000000000 -0.5476936698 0.0000000000 1.0000000000 0.0000000000 0.5476936698 0.0000000000 0.8366789222
-233.0 -304.9 1783.1 0 0 0 0 0 0 0 0 0
28.0 351.7 1657.7 0 0 0 0 0 0 0 0 0
-156.4 -928.4 1823.4 0 0 0 0 0 0 0 0 0
53.1 -924.0 1841.0 0 0 0 0 0 0 0 0 0
-49.0 452.6 1842.6 27 0.9895437360 -0.0054513426 -0.1441302449 0.0033031527 0.9998799562 -0.0151395993 0.1441954672 0.0145052113 0.9894428849
-47.7 205.7 1839.0 0.9895437360 -0.0054513426 -0.1441302449 0.0033031527 0.9998799562 -0.0151395993 0.1441954672 0.0145052113 0.9894428849
-36.5 12.0 1864.2 0.9872789383 -0.0572139099 -0.1483471543 0.0752217248 0.9900684357 0.1187696531 0.1400785595 -0.1284177154 0.9817774296
-188.2 194.9 1819.1 0.1471001357 -0.8732796907 -0.4644826353 0.9750334024 0.0490482971 0.2165735662 -0.1663472205 -0.4847441018 0.8586918712
-225.1 -49.7 1860.8 0.0140466029 -0.8769938946 -0.4802961946 0.9548757672 0.1542843431 -0.2537885308 0.2966731787 -0.4550583363 0.8395873904
92.9 216.4 1858.8 0.4466192126 0.7287523746 0.5190869570 -0.2256151289 0.6531454921 -0.7228407860 -0.8658112288 0.2057207078 0.4561248720
190.6 167.0 1669.3 -0.6587557793 0.7287523746 0.1869781315 0.7507052422 0.6531454921 0.0992101282 -0.0498243086 0.2057207078 -0.9773415327
-115.8 -180.9 1864.9 0.9404169321 0.1094983742 -0.3219100833 -0.1376009881 0.9882990122 -0.0658108220 0.3109372258 0.1061847508 0.9444801807
-158.4 -565.5 1823.5 0.9494483471 0.0000000000 -0.3139233291 0.0000000000 1.0000000000 0.0000000000 0.3139233291 0.0000000000 0.9494483471
62.1 -169.1 1890.9 0.8327453136 0.0257530343 -0.5530569553 -0.0943467319 0.9909079075 -0.0959176347 0.5455583334 0.1320540756 0.8276036382
52.0 -556.6 1839.3 0.8364765048 0.0000000000 -0.5480027795 0.0000000000 1.0000000000 0.0000000000 0.5480027795 0.0000000000 0.8364765048
-229.1 -318.6 1777.3 0 0 0 0 0 0 0 0 0
26.6 354.0 1656.9 0 0 0 0 0 0 0 0 0
-158.4 -942.1 1823.5 0 0 0 0 0 0 0 0 0
52.0 -933.3 1839.3 0 0 0 0 0 0 0 0 0
-47.8 449.6 1842.9 28 0.9988902211 -0.0057811821 -0.0467433967 0.0065167774 0.9998570681 0.0155998301 0.0466465317 -0.0158871338 0.9987851381
-46.5 227.4 1846.4 0.9988902211 -0.0057811821 -0.0467433967 0.0065167774 0.9998570681 0.0155998301 0.0466465317 -0.0158871338 0.9987851381
-40.7 32.8 1864.2 0.9983357787 -0.0318134241 -0.0480999723 0.0359439179 0.9955069423 0.0876011625 0.0450969636 -0.0891842768 0.9949936867
-187.9 222.0 1840.2 0.1300808489 -0.9134597182 -0.3855778873 0.9899220467 0.0976959765 0.1025177091 -0.0559763908 -0.3950276375 0.9169622660
-225.5 -64.1 1856.4 -0.0197863933 -0.9138602018 -0.4055466056 0.9478172660 0.1119501442 -0.2985123396 0.3181995451 -0.3902905583 0.8639573455
94.9 232.7 1852.7 0.4433131516 0.7420970798 0.5027577877 -0.3067370951 0.6526149511 -0.6928247213 -0.8422504663 0.1529238373 0.5169414878
192.1 165.5 1668.1 -0.6523923874 0.7420970798 0.1538704783 0.7556032538 0.6526149511 0.0561913401 -0.0587187409 0.1529238373 -0.9864919782
-116.1 -184.5 1875.4 0.9657290578 0.1112065613 -0.2345217764 -0.1406645477 0.9836074710 -0.1128263697 0.2181303352 0.1419486105 0.9655411839
-160.0 -572.7 1819.4 0.9754274487 0.0000000000 -0.2203209251 0.0000000000 1.0000000000 0.0000000000 0.2203209251 0.0000000000 0.9754274487
62.0 -171.4 1898.0 0.8795427084 0.0257502273 -0.4751226306 -0.1020150483 0.9855200052 -0.1354371011 0.4647553563 0.1675923765 0.8694338799
51.9 -559.4 1832.0 0.8841555119 0.0000000000 -0.4671927392 0.0000000000 1.0000000000 0.0000000000 0.4671927392 0.0000000000 0.8841555119
-219.9 -330.8 1766.8 0 0 0 0 0 0 0 0 0
30.9 352.2 1653.6 0 0 0 0 0 0 0 0 0
-160.0 -949.3 1819.4 0 0 0 0 0 0 0 0 0
51.9 -936.1 1832.0 0 0 0 0 0 0 0 0 0
-47.8 447.7 1845.1 29 0.9981213808 0.0054980121 -0.0610200949 -0.0056103328 0.9999828935 -0.0016695342 0.0610098690 0.0020087408 0.9981351495
-49.1 214.4 1844.6 0.9981213808 0.0054980121 -0.0610200949 -0.0056103328 0.9999828935 -0.0016695342 0.0610098690 0.0020087408 0.9981351495
-41.6 19.3 1857.9 0.9972974062 -0.0392026417 -0.0621375740 0.0432113521 0.9969791174 0.0645398945 0.0594197288 -0.0670505166 0.9959786534
-190.8 208.1 1836.2 0.1300945133 -0.9116151929 -0.3899143040 0.9860727191 0.0778614134 0.1469630748 -0.1036144868 -0.4036029577 0.9090482593
-223.7 -41.2 1862.4 -0.0459334403 -0.9121598601 -0.4072524309 0.9485451579 0.0880321562 -0.3041586280 0.3132925928 -0.4002683461 0.8611811399
92.6 220.6 1853.0 0.4536667764 0.7360228896 0.5024507642 -0.2527216971 0.6469182968 -0.7194640040 -0.8545865417 0.1994167119 0.4794943035
191.0 165.8 1667.7 -0.6509853005 0.7360228896 0.1857106239 0.7571913004 0.6469182968 0.0903219134 -0.0536606014 0.1994167119 -0.9784444571
-124.5 -167.3 1875.4 0.9667656422 0.0754450783 -0.2442789823 -0.1056171507 0.9879819155 -0.1128572673 0.2328286916 0.1349065751 0.9631152749
-153.8 -551.3 1822.9 0.9722033143 0.0000000000 -0.2341382653 0.0000000000 1.0000000000 0.0000000000 0.2341382653 0.0000000000 0.9722033143
54.0 -156.8 1883.9 0.8744461536 -0.0034518882 -0.4851102829 -0.0468036346 0.9947096109 -0.0914449468 0.4828595221 0.1026686057 0.8696584702
55.3 -546.4 1843.7 0.8754054904 0.0000000000 -0.4833892882 0.0000000000 1.0000000000 0.0000000000 0.4833892882 0.0000000000 0.8754054904
-210.8 -308.2 1774.2 0 0 0 0 0 0 0 0 0
29.4 353.8 1654.4 0 0 0 0 0 0 0 0 0
-153.8 -928.0 1822.9 0 0 0 0 0 0 0 0 0
55.3 -923.0 1843.7 0 0 0 0 0 0 0 0 0
-47.6 446.6 1844.7 30 0.9971377850 0.0142661203 -0.0742475539 -0.0152419619 0.9998045564 -0.0125930719 0.0740533918 0.0136887068 0.9971603155
-51.1 204.6 1841.4 0.9971377850 0.0142661203 -0.0742475539 -0.0152419619 0.9998045564 -0.0125930719 0.0740533918 0.0136887068 0.9971603155
-39.3 10.5 1862.1 0.9951921105 -0.0606674626 -0.0768903047 0.0683006346 0.9925513864 0.1008798331 0.0701974556 -0.1056464761 0.9919229746
-192.6 194.8 1831.5 0.1273194104 -0.9042238593 -0.4076383114 0.9858231544 0.0700817108 0.1524509937 -0.1092818379 -0.4212692678 0.9003275633
-224.9 -55.5 1859.2 -0.0446747467 -0.9058711529 -0.4211906493 0.9459833503 0.0971641541 -0.3093130589 0.3211224377 -0.4122578502 0.8525983095
90.5 214.4 1851.3 0.4654288292 0.7297987938 0.5007691383 -0.2146616280 0.6419704556 -0.7360667586 -0.8586596251 0.2350907773 0.4554513395
190.6 168.2 1666.6 -0.6545598507 0.7297987938 0.1973451674 0.7553831935 0.6419704556 0.1314158589 -0.0307826344 0.2350907773 -0.9714858532
-123.9 -180.7 1864.6 0.9633979201 0.0837178454 -0.2546679080 -0.1081617475 0.9906185269 -0.0835219175 0.2452864945 0.1080101728 0.9634149075
-156.6 -567.1 1822.4 0.9690832496 0.0000000000 -0.2467340082 0.0000000000 1.0000000000 0.0000000000 0.2467340082 0.0000000000 0.9690832496
55.3 -170.9 1875.5 0.8690180779 0.0050976695 -0.4947540760 -0.0337335952 0.9982305765 -0.0489666574 0.4936290383 0.0592427440 0.8676523566
53.3 -561.5 1852.3 0.8695129156 0.0000000000 -0.4939101636 0.0000000000 1.0000000000 0.0000000000 0.4939101636 0.0000000000 0.8695129156
-212.4 -321.9 1768.8 0 0 0 0 0 0 0 0 0
27.7 356.2 1658.9 0 0 0 0 0 0 0 0 0
-156.6 -943.8 1822.4 0 0 0 0 0 0 0 0 0
53.3 -938.2 1852.3 0 0 0 0 0 0 0 0 0
-48.2 444.6 1847.0 31 0.9999888539 -0.0012093988 -0.0045635388 0.0012290782 0.9999899268 0.0043119513 0.0045582778 -0.0043175123 0.9999802709
-47.9 224.6 1847.9 0.9999888539 -0.0012093988 -0.0045635388 0.0012290782 0.9999899268 0.0043119513 0.0045582778 -0.0043175123 0.9999802709
-40.3 29.7 1860.9 0.9991525412 -0.0407440811 -0.0058460361 0.0410394371 0.9970175028 0.0653594881 0.0031655880 -0.0655440167 0.9978446364
-189.8 218.6 1847.6 0.1259516329 -0.9289656281 -0.3480790257 0.9915335178 0.1067134589 0.0739835575 -0.0315834656 -0.3544503748 0.9345412850
-226.0 -66.2 1856.7 -0.0276277903 -0.9286319017 -0.3699722290 0.9500436783 0.0907162204 -0.2986429334 0.3108918369 -0.3597406149 0.8797345757
94.0 230.7 1848.3 0.4533219635 0.7436160445 0.4914614558 -0.2999970019 0.6464880705 -0.7014663219 -0.8393455744 0.1705531180 0.5161498189
191.9 165.9 1666.9 -0.6475308537 0.7436160445 0.1665501744 0.7598930597 0.6464880705 0.0679393038 -0.0571519434 0.1705531180 -0.9836896062
-118.4 -187.2 1875.0 0.9759483337 0.1048800796 -0.1911152899 -0.1296837032 0.9839905500 -0.1222486049 0.1752341986 0.1440928578 0.9739251733
-159.7 -574.2 1818.3 0.9842599630 0.0000000000 -0.1767265797 0.0000000000 1.0000000000 0.0000000000 0.1767265797 0.0000000000 0.9842599630
60.7 -174.0 1885.4 0.8998667598 0.0253028758 -0.4354303181 -0.0654872060 0.9948371649 -0.0775267929 0.4312206209 0.0982789025 0.8968779445
50.8 -565.5 1846.7 0.9018025994 0.0000000000 -0.4321482480 0.0000000000 1.0000000000 0.0000000000 0.4321482480 0.0000000000 0.9018025994
-218.2 -333.7 1769.1 0 0 0 0 0 0 0 0 0
31.9 353.6 1652.8 0 0 0 0 0 0 0 0 0
-159.7 -950.9 1818.3 0 0 0 0 0 0 0 0 0
50.8 -942.2 1846.7 0 0 0 0 0 0 0 0 0
-49.3 444.5 1850.6 32 0.9996184111 -0.0056609404 0.0270359721 0.0052366327 0.9998624325 0.0157392938 -0.0271213520 -0.0155917099 0.9995105267
-48.1 235.7 1853.9 0.9996184111 -0.0056609404 0.0270359721 0.0052366327 0.9998624325 0.0157392938 -0.0271213520 -0.0155917099 0.9995105267
-43.3 40.4 1863.2 0.9993212819 -0.0255430993 0.0265430119 0.0242676679 0.9985854030 0.0473106690 -0.0277139246 -0.0466344208 0.9985275269
-190.2 232.1 1857.9 0.1179226115 -0.9405221343 -0.3186101317 0.9928979874 0.1065872312 0.0528466403 -0.0157436617 -0.3225791752 0.9464115500
-223.0 -44.4 1862.3 -0.0057003014 -0.9405121803 -0.3397121429 0.9537016749 0.0970416665 -0.2846682370 0.3007001877 -0.3256067336 0.8964148760
94.0 239.3 1849.9 0.4408438206 0.7640455365 0.4710532129 -0.3463906646 0.6289646029 -0.6960007548 -0.8280520439 0.1436592042 0.5419334173
190.9 163.2 1667.9 -0.6258386970 0.7640455365 0.1567174047 0.7766427398 0.6289646029 0.0350661799 -0.0717775375 0.1436592042 -0.9870207906
-123.2 -167.7 1872.9 0.9836121202 0.0828915685 -0.1601129174 -0.1017376408 0.9883347154 -0.1133310273 0.1488509625 0.1277632862 0.9805712104
-155.7 -555.5 1822.8 0.9887424707 0.0000000000 -0.1496273428 0.0000000000 1.0000000000 0.0000000000 0.1496273428 0.0000000000 0.9887424707
56.6 -159.7 1872.2 0.9132948518 0.0074919634 -0.4072301388 -0.0272264350 0.9987174273 -0.0426869392 0.4063880444 0.0500731841 0.9123274684
53.6 -551.3 1852.6 0.9136335254 0.0000000000 -0.4065387547 0.0000000000 1.0000000000 0.0000000000 0.4065387547 0.0000000000 0.9136335254
-221.4 -313.0 1777.6 0 0 0 0 0 0 0 0 0
35.8 355.7 1650.1 0 0 0 0 0 0 0 0 0
-155.7 -932.2 1822.8 0 0 0 0 0 0 0 0 0
53.6 -928.0 1852.6 0 0 0 0 0 0 0 0 0
-50.5 444.0 1853.0 33 0.9990677238 -0.0090825688 0.0422042459 0.0082529793 0.9997701049 0.0197893754 -0.0423742831 -0.0194226149 0.9989129901
-48.7 240.9 1856.9 0.9990677238 -0.0090825688 0.0422042459 0.0082529793 0.9997701049 0.0197893754 -0.0423742831 -0.0194226149 0.9989129901
-45.1 45.3 1863.8 0.9989395142 -0.0188991930 0.0419837497 0.0174106862 0.9992165565 0.0355414599 -0.0426225588 -0.0347728021 0.9984859228
-190.9 238.3 1863.0 0.1213713288 -0.9452468753 -0.3029477000 0.9924915433 0.1109088510 0.0515725166 -0.0151491808 -0.3069324493 0.9516107440
-223.8 -30.9 1867.1 0.0049142707 -0.9453282952 -0.3260832131 0.9537816644 0.1024083868 -0.2825119495 0.3004602194 -0.3096238673 0.9021400809
93.5 243.4 1850.8 0.4370025992 0.7704645991 0.4641261101 -0.3710885644 0.6244795322 -0.6872543693 -0.8193424344 0.1281000674 0.5588097572
190.8 160.8 1668.3 -0.6214742064 0.7704645991 0.1419651806 0.7805455327 0.6244795322 0.0278205909 -0.0672195628 0.1281000674 -0.9894806147
-128.9 -156.6 1874.6 0.9874450564 0.0591133125 -0.1464848965 -0.0782570913 0.9886068702 -0.1285781413 0.1372152865 0.1384273320 0.9808210135
-152.1 -544.1 1820.3 0.9904826880 0.0000000000 -0.1376373917 0.0000000000 1.0000000000 0.0000000000 0.1376373917 0.0000000000 0.9904826880
51.2 -151.9 1868.9 0.9191411138 -0.0136511186 -0.3936917782 -0.0060335095 0.9987943172 -0.0487190932 0.3938821554 0.0471550673 0.9179505706
56.5 -543.2 1850.4 0.9191578627 0.0000000000 -0.3938893378 0.0000000000 1.0000000000 0.0000000000 0.3938893378 0.0000000000 0.9191578627
-225.2 -299.5 1782.5 0 0 0 0 0 0 0 0 0
37.5 353.3 1651.7 0 0 0 0 0 0 0 0 0
-152.1 -920.7 1820.3 0 0 0 0 0 0 0 0 0
56.5 -919.9 1850.4 0 0 0 0 0 0 0 0 0
-50.0 442.0 1853.6 34 0.9993169308 -0.0070646517 0.0362733714 0.0062656337 0.9997362494 0.0220942870 -0.0364198945 -0.0218519196 0.9990976453
-48.6 241.7 1858.0 0.9993169308 -0.0070646517 0.0362733714 0.0062656337 0.9997362494 0.0220942870 -0.0364198945 -0.0218519196 0.9990976453
-46.5 46.0 1864.0 0.9992849231 -0.0109303789 0.0361959152 0.0098205190 0.9994804263 0.0306996908 -0.0365126692 -0.0303222761 0.9988730550
-190.9 240.3 1863.2 0.1197627261 -0.9438891411 -0.3077826202 0.9926491976 0.1083963513 0.0538309626 -0.0174479522 -0.3119671047 0.9499326944
-223.0 -26.0 1867.9 0.0162522439 -0.9438436627 -0.3299925029 0.9560160041 0.1113371626 -0.2713621259 0.2928638458 -0.3110678792 0.9041391015
93.7 243.1 1852.8 0.4332017899 0.7753314972 0.4595620334 -0.3755523860 0.6187957525 -0.6899653673 -0.8193269372 0.1263046265 0.5592409968
191.1 158.7 1668.6 -0.6174579263 0.7753314972 0.1326904595 0.7847303152 0.6187957525 0.0359188765 -0.0542592593 0.1263046265 -0.9905064702
-131.9 -151.6 1874.3 0.9871425629 0.0444164425 -0.1535470486 -0.0653286949 0.9888317585 -0.1339546889 0.1458824128 0.1422634125 0.9790196419
