66.6 472.0 2293.7 2 0.9884145260 -0.0532021299 -0.1421485245 0.0633217841 0.9956983328 0.0676397830 0.1379384696 -0.0758572444 0.9875316024
77.2 272.9 2308.8 0.9884145260 -0.0532021299 -0.1421485245 0.0633217841 0.9956983328 0.0676397830 0.1379384696 -0.0758572444 0.9875316024
86.6 74.7 2320.1 0.9888462424 -0.0473391116 -0.1412164420 0.0547642671 0.9972882271 0.0491635427 0.1385061443 -0.0563488007 0.9887572527
-61.9 265.2 2289.4 0.1689998806 -0.8649308681 -0.4725819230 0.7868016362 0.4071716368 -0.4638474584 0.5936179161 -0.2934380770 0.7493409514
-95.5 108.8 2171.4 -0.4690537453 -0.8649308681 0.1785587519 -0.8637940288 0.4071716368 -0.2967678905 0.1839796305 -0.2934380770 -0.9381074309
216.3 280.6 2328.3 0.2193166912 0.6319910288 0.7432950735 -0.9756057858 0.1496095061 0.1606559455 -0.0096708965 -0.7603974938 0.6493859887
274.3 22.4 2325.7 -0.0833776295 0.6359469295 0.7672155499 -0.9472002983 0.1886265427 -0.2592906058 -0.3096122742 -0.7483258247 0.5866418481
3.0 -129.0 2320.0 0.9813035727 0.0879013389 -0.1712209433 -0.0750801638 0.9939647913 0.0799808949 0.1772180200 -0.0656302497 0.9819808602
-32.0 -524.2 2346.1 0.9843837619 0.0418292768 -0.1709938049 -0.0279929638 0.9961943030 0.0825425684 0.1737957597 -0.0764669403 0.9818084836
184.9 -119.9 2341.3 0.9860327840 0.0198983736 0.1653583646 0.0003875384 0.9925606847 -0.1217505410 -0.1665508449 0.1201141030 0.9786896706
177.0 -514.5 2293.5 0.9866734743 -0.0254058428 0.1607170254 -0.0175160933 0.9654106498 0.2601450384 -0.1617671251 -0.2594933510 0.9521000981
24.1 329.1 2124.5 0 0 0 0 0 0 0 0 0
251.4 -238.1 2240.6 0 0 0 0 0 0 0 0 0
-43.6 -800.6 2367.3 0 0 0 0 0 0 0 0 0
186.7 -883.5 2392.7 0 0 0 0 0 0 0 0 0
67.6 472.9 2294.2 3 0.9805073142 -0.0573407561 -0.1879294217 0.0695439279 0.9958330393 0.0589929335 0.1837636381 -0.0709123537 0.9804092646
79.1 273.6 2308.4 0.9805073142 -0.0573407561 -0.1879294217 0.0695439279 0.9958330393 0.0589929335 0.1837636381 -0.0709123537 0.9804092646
89.6 75.5 2320.1 0.9808617830 -0.0531570725 -0.1873084009 0.0631508008 0.9968589544 0.0477934144 0.1841794997 -0.0587074123 0.9811378121
-58.8 264.7 2282.5 0.1886502802 -0.8627948165 -0.4690375030 0.7883891463 0.4178323746 -0.4515070915 0.5855370164 -0.2846071422 0.7590422630
-96.7 106.2 2164.8 -0.4717029333 -0.8627948165 0.1818830222 -0.8678745627 0.4178323746 -0.2687188685 0.1558526456 -0.2846071422 -0.9458904266
216.9 282.5 2334.3 0.2154262364 0.6629610658 0.7169896960 -0.9761921763 0.1652317196 0.1405253410 -0.0253066085 -0.7301925421 0.6827725768
274.2 22.8 2327.6 -0.0835147053 0.6646535993 0.7424694300 -0.9452316165 0.1830839813 -0.2702173889 -0.3155352175 -0.7243727446 0.6129614115
5.3 -128.6 2318.6 0.9723455906 0.0871147737 -0.2166913152 -0.0701851994 0.9939360619 0.0846469104 0.2227513045 -0.0670975223 0.9725635052
-29.4 -523.8 2345.3 0.9748227000 0.0528303497 -0.2166326046 -0.0350042731 0.9957388639 0.0853162035 0.2202167809 -0.0755851045 0.9725180864
186.6 -118.5 2344.0 0.9923217893 0.0265272073 0.1208046451 -0.0115476940 0.9923334718 -0.1230483204 -0.1231426224 0.1207085177 0.9850204587
176.1 -513.1 2296.0 0.9920299053 -0.0309203118 0.1221497431 -0.0003124732 0.9688166380 0.2477786243 -0.1260020882 -0.2458419800 0.9610854387
24.4 329.0 2124.8 0 0 0 0 0 0 0 0 0
251.3 -237.2 2240.8 0 0 0 0 0 0 0 0 0
-44.1 -800.7 2366.3 0 0 0 0 0 0 0 0 0
187.9 -883.4 2389.9 0 0 0 0 0 0 0 0 0
65.9 475.2 2296.0 4 0.9810690284 -0.0656976700 -0.1821739227 0.0759266764 0.9958716035 0.0497484393 0.1781534702 -0.0626385137 0.9820070267
79.1 275.4 2308.6 0.9810690284 -0.0656976700 -0.1821739227 0.0759266764 0.9958716035 0.0497484393 0.1781534702 -0.0626385137 0.9820070267
91.4 77.3 2319.8 0.9813951850 -0.0616766550 -0.1818228215 0.0708257407 0.9965064526 0.0442565903 0.1784580052 -0.0563109405 0.9823348522
-58.9 265.4 2283.5 0.1946626008 -0.8500159979 -0.4894683361 0.7849651575 0.4342270494 -0.4419010580 0.5881633759 -0.2981939912 0.7517607212
-98.2 107.1 2164.8 -0.4900596440 -0.8500159979 0.1931691617 -0.8594820499 0.4342270494 -0.2696989477 0.1453691572 -0.2981939912 -0.9433706403
217.1 285.3 2333.7 0.2143861651 0.6608117223 0.7192819118 -0.9766389132 0.1560793668 0.1477012038 -0.0146623859 -0.7341437936 0.6788356900
274.4 24.2 2329.7 -0.0843785107 0.6636564136 0.7432633638 -0.9444006085 0.1846280396 -0.2720660269 -0.3177856207 -0.7248948812 0.6111789346
10.3 -128.5 2315.0 0.9725108743 0.1019889414 -0.2093343735 -0.0812653527 0.9911103845 0.1053379923 0.2182167768 -0.0854307115 0.9721537828
-30.3 -522.5 2348.9 0.9755872488 0.0553618930 -0.2125196308 -0.0405873917 0.9964860678 0.0732676536 0.2158290893 -0.0628533661 0.9744061232
190.0 -116.9 2348.7 0.9913787842 0.0307321716 0.1273721755 -0.0131005133 0.9904821515 -0.1370165497 -0.1303706914 0.1341666579 0.9823455811
177.8 -510.7 2295.4 0.9911804795 -0.0269688498 0.1297457963 -0.0045856130 0.9715066552 0.2369678915 -0.1324396431 -0.2354729176 0.9628147483
27.3 327.2 2127.6 0 0 0 0 0 0 0 0 0
251.2 -235.5 2242.3 0 0 0 0 0 0 0 0 0
-45.8 -802.4 2366.6 0 0 0 0 0 0 0 0 0
188.1 -882.0 2385.4 0 0 0 0 0 0 0 0 0
64.2 474.3 2300.4 5 0.9894261360 -0.0671011731 -0.1285818964 0.0735751539 0.9962155819 0.0462736115 0.1249902695 -0.0552447550 0.9906187057
77.6 274.8 2311.5 0.9894261360 -0.0671011731 -0.1285818964 0.0735751539 0.9962155819 0.0462736115 0.1249902695 -0.0552447550 0.9906187057
90.3 76.6 2321.4 0.9896713495 -0.0640316904 -0.1282598525 0.0698490739 0.9966989756 0.0413793102 0.1251868755 -0.0499107502 0.9908769727
-61.4 264.9 2293.9 0.1809074134 -0.8645116091 -0.4689266682 0.7645178437 0.4235529304 -0.4859170616 0.6186962128 -0.2705968022 0.7375583649
-98.6 107.7 2166.6 -0.4706716537 -0.8645116091 0.1763176024 -0.8710924983 0.4235529304 -0.2485976368 0.1402357072 -0.2705968022 -0.9524239302
216.7 284.6 2329.0 0.2188086659 0.6249263287 0.7493929863 -0.9757553935 0.1362665296 0.1712681949 0.0049128230 -0.7686992288 0.6395915747
274.5 26.6 2330.3 -0.0768202692 0.6310663223 0.7719157934 -0.9467226267 0.1966843307 -0.2550127506 -0.3127536774 -0.7503802776 0.5823354125
13.6 -127.3 2314.6 0.9817097783 0.1070750207 -0.1574192345 -0.0935202613 0.9914364219 0.0911471620 0.1658307463 -0.0747581720 0.9833165407
-29.0 -521.5 2344.3 0.9854918718 0.0612417907 -0.1582882255 -0.0485160090 0.9953637719 0.0830492973 0.1626404524 -0.0741648972 0.9838941097
193.6 -114.3 2347.4 0.9827714562 0.0395351425 0.1805472076 -0.0149516836 0.9906587601 -0.1355421245 -0.1842193455 0.1305074394 0.9741822481
177.9 -508.2 2295.5 0.9829974174 -0.0204986930 0.1824717075 -0.0237486474 0.9712091684 0.2370415628 -0.1820772439 -0.2373446971 0.9542092681
22.0 331.0 2130.7 0 0 0 0 0 0 0 0 0
253.4 -233.8 2244.3 0 0 0 0 0 0 0 0 0
-46.5 -806.7 2365.6 0 0 0 0 0 0 0 0 0
185.7 -879.5 2386.2 0 0 0 0 0 0 0 0 0
65.3 475.3 2304.6 6 0.9862144589 -0.0621556826 -0.1533547789 0.0683017895 0.9970458150 0.0351351947 0.1507178843 -0.0451252423 0.9875463843
77.7 275.9 2313.6 0.9862144589 -0.0621556826 -0.1533547789 0.0683017895 0.9970458150 0.0351351947 0.1507178843 -0.0451252423 0.9875463843
89.4 77.6 2321.5 0.9864420295 -0.0591599829 -0.1530758590 0.0645606369 0.9974460602 0.0305497535 0.1508775949 -0.0400182344 0.9877421260
-61.0 266.8 2292.4 0.1813555658 -0.8681403399 -0.4619983435 0.7667604089 0.4189916253 -0.4863378108 0.6157829165 -0.2660419941 0.7416421175
-98.2 109.3 2165.9 -0.4607164860 -0.8681403399 0.1845877618 -0.8796682954 0.4189916253 -0.2250103652 0.1179998517 -0.2660419941 -0.9567119479
216.3 285.0 2334.8 0.2209900022 0.6427081227 0.7335459590 -0.9752498865 0.1511401832 0.1613824666 -0.0071464390 -0.7510545254 0.6602014899
274.9 26.4 2332.9 -0.0791699216 0.6472221613 0.7581791282 -0.9437034726 0.1963861883 -0.2661883235 -0.3211788833 -0.7365703583 0.5952379107
12.4 -127.9 2319.8 0.9777330160 0.1048439518 -0.1817853600 -0.0913393348 0.9925073981 0.0811556429 0.1889319867 -0.0627443939 0.9799835682
-29.3 -522.5 2344.8 0.9819122553 0.0549343117 -0.1811920851 -0.0396844223 0.9954400063 0.0867432430 0.1851310283 -0.0779837444 0.9796147346
193.7 -115.1 2342.8 0.9868514538 0.0416618809 0.1561683416 -0.0214325320 0.9914067388 -0.1290475875 -0.1602027267 0.1240037084 0.9792640805
177.1 -509.3 2293.5 0.9867087007 -0.0261240005 0.1603853703 -0.0154484557 0.9674421549 0.2526202202 -0.1617630273 -0.2517402768 0.9541800618
19.3 333.7 2135.8 0 0 0 0 0 0 0 0 0
253.2 -233.2 2244.6 0 0 0 0 0 0 0 0 0
-44.9 -805.4 2366.9 0 0 0 0 0 0 0 0 0
187.1 -879.1 2389.7 0 0 0 0 0 0 0 0 0
65.2 474.4 2305.7 7 0.9855880737 -0.0605552793 -0.1579533368 0.0676084086 0.9969232082 0.0396641120 0.1550654769 -0.0497714505 0.9866496325
77.3 274.9 2315.6 0.9855880737 -0.0605552793 -0.1579533368 0.0676084086 0.9969232082 0.0396641120 0.1550654769 -0.0497714505 0.9866496325
88.5 76.6 2322.7 0.9859637022 -0.0563633554 -0.1571584046 0.0611996129 0.9977841973 0.0261018928 0.1553389728 -0.0353535526 0.9872283936
-61.4 266.3 2293.8 0.1856497973 -0.8638516665 -0.4682888389 0.7664080858 0.4255489111 -0.4811723232 0.6149413586 -0.2695707977 0.7410659790
-99.5 108.8 2167.4 -0.4700315595 -0.8638516665 0.1811921895 -0.8733949661 0.4255489111 -0.2368318290 0.1274814308 -0.2695707977 -0.9545051455
216.0 283.5 2337.5 0.2242434919 0.6447888613 0.7307271361 -0.9744229913 0.1596259326 0.1581752896 -0.0146533372 -0.7475070953 0.6640921831
275.1 26.9 2333.6 -0.0746485293 0.6482159495 0.7577886581 -0.9449280500 0.1968435943 -0.2614642680 -0.3186511397 -0.7355737090 0.5978233814
10.8 -126.6 2315.7 0.9775797129 0.1028693542 -0.1837274581 -0.0864194036 0.9916786551 0.0954211205 0.1920145005 -0.0774041340 0.9783348441
-30.1 -520.8 2346.4 0.9812388420 0.0522816889 -0.1855718493 -0.0384574048 0.9962635040 0.0773308948 0.1889214516 -0.0687434673 0.9795830846
191.6 -114.8 2343.3 0.9878811836 0.0330143832 0.1516600549 -0.0123483753 0.9907365441 -0.1352355331 -0.1547198743 0.1317238808 0.9791376591
178.5 -508.6 2290.9 0.9880346656 -0.0222008191 0.1526256055 -0.0182292741 0.9658395052 0.2584991157 -0.1531507224 -0.2581883371 0.9538782239
20.4 331.6 2134.9 0 0 0 0 0 0 0 0 0
254.5 -233.0 2246.0 0 0 0 0 0 0 0 0 0
-45.0 -804.6 2366.0 0 0 0 0 0 0 0 0 0
187.0 -877.9 2389.6 0 0 0 0 0 0 0 0 0
64.5 472.5 2305.7 8 0.9867514968 -0.0616344959 -0.1500756592 0.0686454996 0.9967571497 0.0419882908 0.1470010579 -0.0517340265 0.9877824783
76.8 273.2 2316.1 0.9867514968 -0.0616344959 -0.1500756592 0.0686454996 0.9967571497 0.0419882908 0.1470010579 -0.0517340265 0.9877824783
88.4 74.9 2323.5 0.9870974422 -0.0579719245 -0.1492577493 0.0628765970 0.9976185560 0.0283500385 0.1472588032 -0.0373690724 0.9883918166
-62.0 264.3 2295.4 0.1835612804 -0.8615885377 -0.4732551873 0.7550269961 0.4318649173 -0.4933831096 0.6294755340 -0.2667544186 0.7297962904
-100.1 107.6 2164.7 -0.4774405956 -0.8615885377 0.1723824441 -0.8679268956 0.4318649173 -0.2453479469 0.1369430423 -0.2667544186 -0.9539856911
215.7 282.0 2336.8 0.2276346385 0.6381311417 0.7355073690 -0.9736385345 0.1604156345 0.1621569544 -0.0145094860 -0.7530308366 0.6578251719
275.3 27.3 2333.0 -0.0757853612 0.6408979893 0.7638759017 -0.9480804205 0.1909856796 -0.2542991042 -0.3088691533 -0.7434878945 0.5931488872
9.3 -127.4 2315.4 0.9794933200 0.0968480334 -0.1766727716 -0.0817650706 0.9925107360 0.0907574743 0.1841393113 -0.0744506791 0.9800764322
-29.2 -522.0 2345.0 0.9824128747 0.0575144067 -0.1776429117 -0.0437011644 0.9957785010 0.0807182267 0.1815354526 -0.0715354234 0.9807790518
190.2 -116.2 2343.9 0.9866366982 0.0325627998 0.1596486121 -0.0109947901 0.9908986092 -0.1341606975 -0.1625642329 0.1306125671 0.9780149460
177.2 -510.1 2292.0 0.9866031408 -0.0313736424 0.1600935310 -0.0099412603 0.9679479599 0.2509541214 -0.1628355384 -0.2491836548 0.9546685815
21.0 327.8 2129.9 0 0 0 0 0 0 0 0 0
254.4 -233.4 2248.0 0 0 0 0 0 0 0 0 0
-45.6 -805.7 2365.4 0 0 0 0 0 0 0 0 0
189.2 -880.2 2387.2 0 0 0 0 0 0 0 0 0
62.6 471.8 2300.8 9 0.9796752930 -0.0666987374 -0.1891761273 0.0772190019 0.9958196878 0.0487885624 0.1851311773 -0.0624049380 0.9807303548
75.9 272.6 2313.2 0.9796752930 -0.0666987374 -0.1891761273 0.0772190019 0.9958196878 0.0487885624 0.1851311773 -0.0624049380 0.9807303548
88.4 74.4 2322.8 0.9800719023 -0.0632600635 -0.1883007735 0.0711373389 0.9968393445 0.0353667736 0.1854683161 -0.0480571948 0.9814743996
-61.9 262.6 2287.2 0.1943549067 -0.8612467051 -0.4695532918 0.7723810077 0.4294443429 -0.4679798484 0.6046931148 -0.2717198730 0.7486752272
-101.0 107.3 2165.6 -0.4826049209 -0.8612467051 0.1592061818 -0.8586679697 0.4294443429 -0.2797622085 0.1725740880 -0.2717198730 -0.9467769265
213.7 282.6 2339.3 0.2319404334 0.6617026925 0.7129889131 -0.9723716974 0.1776129901 0.1514824629 -0.0263997242 -0.7284251451 0.6846166253
275.1 25.3 2332.3 -0.0726503283 0.6618342996 0.7461214662 -0.9510552883 0.1793219894 -0.2516693771 -0.3003593981 -0.7278866768 0.6164132357
9.4 -129.2 2317.4 0.9715121388 0.0968391746 -0.2163014412 -0.0784237161 0.9926496744 0.0921758935 0.2236377895 -0.0725868344 0.9719656706
-29.1 -523.9 2346.3 0.9743074179 0.0566405840 -0.2179838121 -0.0412395075 0.9963628650 0.0745679885 0.2214145511 -0.0636625960 0.9730995297
190.4 -117.7 2344.4 0.9921727777 0.0272220355 0.1218693107 -0.0118277995 0.9920482635 -0.1253010482 -0.1243111864 0.1228788495 0.9846052527
179.6 -512.1 2295.6 0.9922118783 -0.0158512760 0.1235490590 -0.0140612293 0.9712762833 0.2375387251 -0.1237655655 -0.2374259979 0.9634889364
21.1 324.5 2121.9 0 0 0 0 0 0 0 0 0
255.1 -236.3 2249.7 0 0 0 0 0 0 0 0 0
-45.2 -805.6 2364.3 0 0 0 0 0 0 0 0 0
185.7 -883.4 2386.3 0 0 0 0 0 0 0 0 0
63.1 472.6 2305.3 0 0.9836946130 -0.0665434450 -0.1670834273 0.0727827102 0.9968504310 0.0314938352 0.1644614935 -0.0431411006 0.9854396582
76.3 273.6 2313.9 0.9836946130 -0.0665434450 -0.1670834273 0.0727827102 0.9968504310 0.0314938352 0.1644614935 -0.0431411006 0.9854396582
88.7 75.3 2321.3 0.9840095639 -0.0625761002 -0.1667613983 0.0679181367 0.9973383546 0.0265202466 0.1646580100 -0.0374222994 0.9856405854
-62.1 264.0 2290.7 0.1837681681 -0.8550647497 -0.4848645031 0.7616012096 0.4357034266 -0.4797145724 0.6214441657 -0.2811171114 0.7312867641
-99.9 107.3 2162.8 -0.4911949337 -0.8550647497 0.1661079675 -0.8543072939 0.4357034266 -0.2834106684 0.1699606478 -0.2811171114 -0.9445033073
214.7 283.2 2337.0 0.2283367217 0.6501232386 0.7247082591 -0.9734299779 0.1656137854 0.1581331939 -0.0172156170 -0.7415603995 0.6706652045
275.1 26.0 2332.5 -0.0706400946 0.6512260437 0.7555889487 -0.9530384541 0.1795713753 -0.2438684255 -0.2944956124 -0.7373321652 0.6079585552
11.1 -130.3 2315.4 0.9759567976 0.0988810733 -0.1942443699 -0.0826964155 0.9925249815 0.0897519439 0.2016671598 -0.0715306997 0.9768386483
-28.2 -524.9 2343.8 0.9788849354 0.0621339120 -0.1947400272 -0.0463170409 0.9953250885 0.0847508758 0.1990955323 -0.0739415735 0.9771865606
190.8 -117.2 2349.4 0.9893054366 0.0308464225 0.1425597817 -0.0088276332 0.9882526994 -0.1525734365 -0.1455914378 0.1496832520 0.9779560566
178.6 -510.0 2289.9 0.9897464514 -0.0141475331 0.1421331763 -0.0268630777 0.9588891864 0.2825065255 -0.1402867287 -0.2834279835 0.9486770630
25.0 324.4 2119.6 0 0 0 0 0 0 0 0 0
255.6 -236.2 2251.5 0 0 0 0 0 0 0 0 0
-45.9 -808.1 2364.9 0 0 0 0 0 0 0 0 0
184.0 -876.1 2398.1 0 0 0 0 0 0 0 0 0
62.3 472.9 2308.0 1 0.9873857498 -0.0667610168 -0.1435700208 0.0713340864 0.9970886111 0.0269388352 0.1413535774 -0.0368404575 0.9892734289
75.6 273.8 2315.4 0.9873857498 -0.0667610168 -0.1435700208 0.0713340864 0.9970886111 0.0269388352 0.1413535774 -0.0368404575 0.9892734289
87.9 75.5 2322.2 0.9877011776 -0.0622054860 -0.1434464306 0.0664558858 0.9974754453 0.0250275172 0.1415274441 -0.0342525691 0.9893415570
-63.3 264.5 2295.5 0.1584836394 -0.8644805551 -0.4770286381 0.7312723994 0.4273930192 -0.5315786600 0.6634181142 -0.2645913661 0.6999055743
-96.1 113.0 2158.1 -0.4719344676 -0.8644805551 0.1730642617 -0.8713158965 0.4273930192 -0.2411303669 0.1344860494 -0.2645913661 -0.9549371004
214.5 283.2 2335.3 0.2289210707 0.6347600818 0.7380208373 -0.9733922482 0.1571561992 0.1667615771 -0.0101309558 -0.7565590143 0.6538469195
275.0 26.0 2332.6 -0.0740371794 0.6368981004 0.7673847675 -0.9528179169 0.1819669008 -0.2429528683 -0.2943748236 -0.7491654754 0.5933755636
10.9 -129.2 2313.7 0.9804913402 0.0982997939 -0.1702170819 -0.0826501101 0.9918741584 0.0967194811 0.1783414185 -0.0807641596 0.9806485176
-28.2 -523.6 2345.8 0.9832715392 0.0592881702 -0.1722265333 -0.0467354320 0.9960080981 0.0760502964 0.1760479063 -0.0667290166 0.9821172953
191.4 -116.7 2343.9 0.9856853485 0.0282579754 0.1662105024 -0.0067021707 0.9916419387 -0.1288460195 -0.1684622318 0.1258876622 0.9776363373
180.1 -510.8 2293.8 0.9863554835 -0.0126780961 0.1641407162 -0.0319373310 0.9633535743 0.2663266659 -0.1615020633 -0.2679349780 0.9498041272
24.5 335.8 2123.7 0 0 0 0 0 0 0 0 0
254.7 -236.1 2251.6 0 0 0 0 0 0 0 0 0
-44.9 -804.7 2364.6 0 0 0 0 0 0 0 0 0
185.0 -878.8 2396.2 0 0 0 0 0 0 0 0 0
58.9 469.7 2308.4 2 0.9899622798 -0.1045018286 -0.0951528251 0.1107531711 0.9918514490 0.0629637018 0.0877976418 -0.0728701651 0.9934694171
79.6 273.0 2322.9 0.9899622798 -0.1045018286 -0.0951528251 0.1107531711 0.9918514490 0.0629637018 0.0877976418 -0.0728701651 0.9934694171
91.0 74.6 2325.0 0.9942193627 -0.0578206219 -0.0904689059 0.0585599951 0.9982685447 0.0055375444 0.0899920762 -0.0108033922 0.9958838820
-60.1 264.6 2310.2 0.1552855968 -0.8733450174 -0.4616869986 0.6864037514 0.4314981997 -0.5853709579 0.7104479074 -0.2260040045 0.6664727330
-93.2 118.1 2158.5 -0.4588040113 -0.8733450174 0.1636073589 -0.8845453262 0.4314981997 -0.1771690845 0.0841334537 -0.2260040045 -0.9704863429
219.3 281.3 2335.5 0.2133451104 0.6018669605 0.7695713043 -0.9769550562 0.1366981715 0.1639282256 -0.0065360167 -0.7868098617 0.6171608567
275.1 25.7 2333.8 -0.0718774647 0.6075153351 0.7910491228 -0.9514322877 0.1962684691 -0.2371820360 -0.2993497252 -0.7696776986 0.5639024377
9.7 -128.9 2316.0 0.9886740446 0.0948890820 -0.1162744612 -0.0850064531 0.9925572872 0.0872004032 0.1236834303 -0.0763286874 0.9893817902
-28.0 -523.5 2346.4 0.9910352230 0.0631584227 -0.1177294552 -0.0549362935 0.9959031940 0.0718246698 0.1217834726 -0.0647131577 0.9904448390
190.9 -116.7 2342.0 0.9753991365 0.0314509943 0.2181912065 -0.0047327480 0.9925298691 -0.1219101995 -0.2203954756 0.1178784519 0.9682615995
178.4 -511.2 2295.1 0.9764395356 -0.0227119513 0.2145927399 -0.0322633870 0.9679028392 0.2492451966 -0.2133657634 -0.2502963543 0.9443657994
25.1 346.2 2136.9 0 0 0 0 0 0 0 0 0
255.4 -236.0 2251.4 0 0 0 0 0 0 0 0 0
-45.9 -805.2 2364.7 0 0 0 0 0 0 0 0 0
187.0 -881.0 2390.8 0 0 0 0 0 0 0 0 0
56.6 470.3 2308.1 3 0.9878064990 -0.1339893490 -0.0792789459 0.1400301158 0.9872041941 0.0762852505 0.0680430904 -0.0864565000 0.9939292669
83.7 271.0 2325.5 0.9878064990 -0.1339893490 -0.0792789459 0.1400301158 0.9872041941 0.0762852505 0.0680430904 -0.0864565000 0.9939292669
92.4 72.4 2326.2 0.9964025021 -0.0440092199 -0.0724242181 0.0441102609 0.9990266562 -0.0002045079 0.0723627210 -0.0029908789 0.9973738790
-56.4 264.7 2315.4 0.1651246101 -0.8816819191 -0.4420077205 0.6675813794 0.4298060536 -0.6079488993 0.7259951234 -0.1946887970 0.6595659852
-91.6 122.2 2160.4 -0.4457388222 -0.8816819191 0.1547703296 -0.8940374255 0.4298060536 -0.1263483018 0.0448777936 -0.1946887970 -0.9798378944
223.8 277.2 2335.7 0.2051808983 0.5907687545 0.7803159952 -0.9787139893 0.1274653226 0.1608462334 -0.0044402941 -0.7967087626 0.6043471098
276.2 27.4 2334.6 -0.0662123188 0.5969374180 0.7995508909 -0.9545850158 0.1953870356 -0.2249251753 -0.2904881239 -0.7781321406 0.5568904877
11.3 -129.3 2319.0 0.9899433255 0.1020780206 -0.0979404822 -0.0949587971 0.9926671982 0.0747972429 0.1048574597 -0.0647447258 0.9923774600
-29.3 -523.9 2344.7 0.9936877489 0.0553853698 -0.0975558311 -0.0477914028 0.9957655072 0.0785305128 0.1014921740 -0.0733724758 0.9921269417
193.4 -118.4 2335.4 0.9713303447 0.0364006124 0.2349305600 -0.0114604793 0.9942290783 -0.1066640168 -0.2374574244 0.1009135842 0.9661420584
179.0 -513.6 2295.3 0.9724131227 -0.0174811222 0.2326094061 -0.0429213941 0.9667528868 0.2520846128 -0.2292825282 -0.2551143169 0.9393328428
23.6 353.4 2148.8 0 0 0 0 0 0 0 0 0
257.9 -235.1 2254.7 0 0 0 0 0 0 0 0 0
-44.9 -804.2 2365.4 0 0 0 0 0 0 0 0 0
185.6 -883.1 2392.8 0 0 0 0 0 0 0 0 0
56.5 469.0 2310.4 4 0.9808135033 -0.1756312996 -0.0846077129 0.1808957756 0.9817224741 0.0591414832 0.0726741999 -0.0733119473 0.9946576357
92.6 267.2 2325.5 0.9808135033 -0.1756312996 -0.0846077129 0.1808957756 0.9817224741 0.0591414832 0.0726741999 -0.0733119473 0.9946576357
93.8 68.6 2326.4 0.9968116283 -0.0059540863 -0.0795687065 0.0063041779 0.9999715090 0.0041493778 0.0795417354 -0.0046377634 0.9968207479
-47.5 266.3 2314.3 0.1989492774 -0.8906033635 -0.4089557528 0.6605310440 0.4301285148 -0.6153764129 0.7239598632 -0.1476992816 0.6738449335
-90.1 124.9 2159.4 -0.4370363057 -0.8906033635 0.1257969588 -0.8992954493 0.4301285148 -0.0791024417 0.0163400378 -0.1476992816 -0.9888973236
232.7 268.1 2336.7 0.1702663600 0.5989592671 0.7824686170 -0.9852934480 0.1150525883 0.1263315976 -0.0143575585 -0.7924712300 0.6097402573
275.6 20.3 2333.1 -0.0450362451 0.6056427360 0.7944611907 -0.9563820958 0.2036290318 -0.2094479948 -0.2886260152 -0.7692412138 0.5700552464
9.7 -130.2 2320.2 0.9897915721 0.0985367373 -0.1029715240 -0.0912248194 0.9931166768 0.0734661371 0.1095018536 -0.0633226037 0.9919675589
-29.5 -525.1 2345.4 0.9933455586 0.0526844598 -0.1024154797 -0.0446678437 0.9958692193 0.0790527537 0.1061572731 -0.0739520267 0.9915955663
192.4 -122.1 2333.4 0.9739097357 0.0336643979 0.2244249880 -0.0110886609 0.9948139787 -0.1011048779 -0.2266647369 0.0959784463 0.9692322612
179.0 -517.6 2295.3 0.9749075174 -0.0206359234 0.2216516137 -0.0388683379 0.9646196961 0.2607644200 -0.2191906273 -0.2628364265 0.9396129251
23.1 357.8 2155.1 0 0 0 0 0 0 0 0 0
263.2 -242.7 2253.7 0 0 0 0 0 0 0 0 0
-44.1 -802.4 2366.0 0 0 0 0 0 0 0 0 0
186.9 -886.3 2395.7 0 0 0 0 0 0 0 0 0
54.7 469.0 2310.6 5 0.9757264256 -0.2019440234 -0.0847143382 0.2070244700 0.9767237902 0.0561381057 0.0714057535 -0.0723133758 0.9948226213
97.0 264.6 2325.7 0.9757264256 -0.2019440234 -0.0847143382 0.2070244700 0.9767237902 0.0561381057 0.0714057535 -0.0723133758 0.9948226213
95.3 66.0 2326.4 0.9967882037 0.0085161170 -0.0796287581 -0.0082102744 0.9999576211 0.0041674809 0.0796608701 -0.0035003216 0.9968158603
-43.2 265.8 2314.5 0.2478853613 -0.8860601187 -0.3917274177 0.6695917249 0.4489199519 -0.5917075276 0.7001426816 -0.1156218052 0.7045791745
-97.1 120.1 2162.2 -0.4564814568 -0.8860601187 0.0807601288 -0.8883875608 0.4489199519 -0.0961167365 0.0489103720 -0.1156218052 -0.9920883775
237.2 263.5 2336.9 0.1500311196 0.6007174253 0.7852574587 -0.9884859920 0.1069255322 0.1070624962 -0.0196497589 -0.7922786474 0.6098428965
275.8 9.1 2331.9 -0.0417300388 0.6083577275 0.7925651073 -0.9555429220 0.2074401826 -0.2095382214 -0.2918840349 -0.7660740614 0.5726554394
3.6 -130.7 2320.0 0.9914191365 0.0811626613 -0.1024729088 -0.0742851049 0.9948303103 0.0692416653 0.1075629890 -0.0610353015 0.9923229814
-28.7 -526.1 2344.3 0.9931746125 0.0574801229 -0.1014901623 -0.0493166186 0.9954776764 0.0811917633 0.1056981012 -0.0756324455 0.9915178418
186.3 -129.5 2334.6 0.9746249318 0.0176582541 0.2231466770 0.0037978995 0.9954356551 -0.0953596234 -0.2238120437 0.0937873572 0.9701093435
179.2 -525.2 2297.3 0.9760459661 -0.0257855598 0.2160308957 -0.0288308933 0.9688651562 0.2459046692 -0.2156455964 -0.2462426275 0.9449135065
21.1 350.2 2149.6 0 0 0 0 0 0 0 0 0
264.3 -253.7 2251.6 0 0 0 0 0 0 0 0 0
-44.6 -801.9 2365.3 0 0 0 0 0 0 0 0 0
189.1 -895.5 2391.5 0 0 0 0 0 0 0 0 0
56.2 471.2 2309.7 6 0.9809278250 -0.1439642459 -0.1305942237 0.1506294757 0.9876706600 0.0426311754 0.1228467152 -0.0614894480 0.9905189276
85.6 269.5 2322.2 0.9809278250 -0.1439642459 -0.1305942237 0.1506294757 0.9876706600 0.0426311754 0.1228467152 -0.0614894480 0.9905189276
92.3 71.1 2326.8 0.9911297560 -0.0345270075 -0.1283343583 0.0370696001 0.9991598725 0.0174761117 0.1276231408 -0.0220783968 0.9915769696
-53.6 264.3 2304.4 0.2098553330 -0.9004642367 -0.3809525967 0.6983584762 0.4107384682 -0.5861649513 0.6842924356 -0.1430316269 0.7150425315
-97.5 118.2 2161.2 -0.4259197116 -0.9004642367 0.0880712345 -0.8993545771 0.4107384682 -0.1498506814 0.0987609401 -0.1430316269 -0.9847782850
224.7 274.8 2340.1 0.1829460561 0.6285590529 0.7559393644 -0.9824270606 0.1458098143 0.1165187210 -0.0369844809 -0.7639718652 0.6441887021
276.0 -0.5 2329.8 -0.0448473915 0.6321926117 0.7735122442 -0.9545989037 0.2011380792 -0.2197370231 -0.2944988906 -0.7482485771 0.5944699049
2.2 -132.0 2319.8 0.9849140048 0.0780434012 -0.1544462591 -0.0680022836 0.9952775240 0.0692696497 0.1591229290 -0.0577219464 0.9855698943
-28.9 -527.7 2342.8 0.9865106344 0.0590174459 -0.1526883841 -0.0453988761 0.9947979450 0.0911920145 0.1572760195 -0.0830300078 0.9840580821
185.0 -133.5 2334.4 0.9836820960 0.0092501780 0.1796774864 0.0081163151 0.9953792095 -0.0956787020 -0.1797322780 0.0955757424 0.9790616035
181.3 -529.2 2296.4 0.9851173162 -0.0059134495 0.1717817187 -0.0385967977 0.9662747383 0.2546044588 -0.1674939245 -0.2574454844 0.9516656995
12.0 349.3 2135.8 0 0 0 0 0 0 0 0 0
263.6 -263.0 2248.8 0 0 0 0 0 0 0 0 0
-45.3 -804.0 2365.8 0 0 0 0 0 0 0 0 0
183.5 -898.5 2394.8 0 0 0 0 0 0 0 0 0
55.5 474.6 2315.2 7 0.9871680140 -0.1152433828 -0.1105361432 0.1188891232 0.9925415516 0.0269567464 0.1066051275 -0.0397523828 0.9935064912
78.7 274.0 2323.3 0.9871680140 -0.1152433828 -0.1105361432 0.1188891232 0.9925415516 0.0269567464 0.1066051275 -0.0397523828 0.9935064912
90.0 75.8 2327.7 0.9923374057 -0.0571467541 -0.1095475927 0.0591957532 0.9981254339 0.0155415181 0.1084540859 -0.0219071824 0.9938600659
-60.7 265.7 2308.0 0.1762667894 -0.9125579596 -0.3690094352 0.7061161995 0.3784073889 -0.5985046029 0.6858060360 -0.1550670713 0.7110726237
-97.9 116.5 2163.1 -0.3987341225 -0.9125579596 0.0908242911 -0.9075344205 0.3784073889 -0.1821787804 0.1318801194 -0.1550670713 -0.9790617228
218.2 282.4 2338.5 0.2109178007 0.6121749878 0.7620731592 -0.9772372246 0.1502608806 0.1497635394 -0.0228282902 -0.7763140202 0.6299328804
275.8 15.3 2332.2 -0.0406117551 0.6151214242 0.7873857617 -0.9578315616 0.2003712207 -0.2059369832 -0.2844457030 -0.7625464201 0.5810452700
8.4 -130.7 2319.8 0.9857388139 0.0984916538 -0.1364493370 -0.0891770720 0.9933527112 0.0727863386 0.1427111626 -0.0595801622 0.9879695177
-30.8 -525.5 2343.5 0.9896496534 0.0487644747 -0.1349649429 -0.0371049494 0.9954648018 0.0875961781 0.1386244297 -0.0816816613 0.9869707823
189.8 -123.8 2343.1 0.9795060158 0.0197639186 0.2004428357 0.0061020683 0.9918053746 -0.1276123077 -0.2013224065 0.1262201369 0.9713587165
181.9 -517.9 2292.9 0.9812283516 -0.0032167591 0.1928225607 -0.0480144396 0.9643005133 0.2604210377 -0.1867766082 -0.2647907734 0.9460445642
4.4 349.3 2129.3 0 0 0 0 0 0 0 0 0
264.6 -248.1 2254.0 0 0 0 0 0 0 0 0 0
-44.5 -806.0 2366.5 0 0 0 0 0 0 0 0 0
183.2 -886.5 2394.1 0 0 0 0 0 0 0 0 0
54.9 479.1 2312.0 8 0.9808800220 -0.1645915508 -0.1038462669 0.1701573431 0.9842872024 0.0471712910 0.0944505557 -0.0639395788 0.9934741259
89.8 270.6 2325.6 0.9808800220 -0.1645915508 -0.1038462669 0.1701573431 0.9842872024 0.0471712910 0.0944505557 -0.0639395788 0.9934741259
93.7 72.0 2328.3 0.9947291017 -0.0201947205 -0.1005294845 0.0214639865 0.9997028112 0.0115601253 0.1002661511 -0.0136569561 0.9948669076
-50.0 267.5 2311.5 0.2339378297 -0.9244529009 -0.3010978997 0.7033691406 0.3747262657 -0.6040298939 0.6712264419 -0.0704775378 0.7378942966
-100.1 117.0 2167.8 -0.3805242479 -0.9244529009 0.0242517218 -0.9184405804 0.3747262657 -0.1266772598 0.1080194041 -0.0704775378 -0.9916474819
229.5 273.6 2339.6 0.1818074882 0.6118064523 0.7698304057 -0.9831542969 0.1280686855 0.1304073632 -0.0188071001 -0.7805711031 0.6247839928
275.6 24.3 2334.9 -0.0329077765 0.6167326570 0.7864845395 -0.9564418197 0.2089445144 -0.2038657814 -0.2900623083 -0.7589354515 0.5829930305
10.4 -127.9 2322.2 0.9869680405 0.1007727385 -0.1254547983 -0.0926769152 0.9933170676 0.0687907487 0.1315486282 -0.0562675074 0.9897115231
-29.6 -522.8 2344.5 0.9908422828 0.0537575260 -0.1238614395 -0.0434670448 0.9954888225 0.0843364075 0.1278363913 -0.0781801939 0.9887090921
192.2 -117.0 2342.0 0.9783973098 0.0323546119 0.2041858137 -0.0050826310 0.9911433458 -0.1326988637 -0.2066708356 0.1287944019 0.9698964953
179.4 -511.0 2290.8 0.9795727730 -0.0199369695 0.2000993490 -0.0365162715 0.9608929753 0.2745018303 -0.1977467984 -0.2762013972 0.9405365586
-2.1 353.4 2140.0 0 0 0 0 0 0 0 0 0
266.6 -238.8 2255.1 0 0 0 0 0 0 0 0 0
-44.9 -805.6 2366.7 0 0 0 0 0 0 0 0 0
187.0 -878.2 2396.4 0 0 0 0 0 0 0 0 0
54.7 474.9 2310.9 9 0.9760748148 -0.2031912804 -0.0774031579 0.2066260576 0.9776335359 0.0392216183 0.0677024275 -0.0542767420 0.9962280989
98.9 262.6 2322.7 0.9760748148 -0.2031912804 -0.0774031579 0.2066260576 0.9776335359 0.0392216183 0.0677024275 -0.0542767420 0.9962280989
97.5 64.0 2325.4 0.9971712232 0.0068757930 -0.0748481825 -0.0058823698 0.9998917580 0.0134848822 0.0749328062 -0.0130064525 0.9971037507
-41.3 263.4 2312.2 0.2849848866 -0.9337353706 -0.2166145593 0.6900563836 0.3567053378 -0.6297487617 0.6652862430 0.0299926121 0.7459856868
-100.4 120.3 2174.2 -0.3536556959 -0.9337353706 -0.0553705804 -0.9322137237 0.3567053378 -0.0611459240 0.0768450946 0.0299926121 -0.9965918064
239.0 261.8 2333.2 0.1485327929 0.5978972912 0.7876908183 -0.9888980985 0.0932750180 0.1156734526 -0.0043110293 -0.7961272597 0.6051139235
277.0 9.2 2332.1 -0.0363321453 0.6072148085 0.7937065959 -0.9544143081 0.2143752128 -0.2076935321 -0.2962656021 -0.7650708556 0.5717458129
6.6 -128.5 2321.9 0.9895771146 0.1044965684 -0.0990837440 -0.0983726904 0.9930369854 0.0648097694 0.1051662266 -0.0543871298 0.9929662943
-35.0 -523.3 2343.6 0.9947265983 0.0329761691 -0.0971161574 -0.0248895343 0.9962109327 0.0833325610 0.0994961634 -0.0804759413 0.9917782545
188.8 -124.5 2340.3 0.9738547206 0.0238328893 0.2259180844 0.0034284217 0.9928264022 -0.1195154712 -0.2271458507 0.1171652451 0.9667869806
179.4 -519.2 2293.7 0.9758239388 -0.0160477739 0.2179681808 -0.0439490415 0.9625214338 0.2676209509 -0.2140937746 -0.2707304060 0.9385461807
-8.8 361.8 2154.3 0 0 0 0 0 0 0 0 0
267.0 -253.4 2250.6 0 0 0 0 0 0 0 0 0
-44.4 -807.7 2366.5 0 0 0 0 0 0 0 0 0
185.5 -887.1 2397.2 0 0 0 0 0 0 0 0 0
54.7 471.0 2311.3 0 0.9742652178 -0.2162330449 -0.0636442378 0.2190339118 0.9748618007 0.0408487022 0.0532114953 -0.0537377149 0.9971362948
101.8 258.8 2323.0 0.9742652178 -0.2162330449 -0.0636442378 0.2190339118 0.9748618007 0.0408487022 0.0532114953 -0.0537377149 0.9971362948
97.3 60.1 2325.7 0.9978734851 0.0228568614 -0.0610415712 -0.0220245458 0.9996555448 0.0142735289 0.0613467917 -0.0128987627 0.9980331659
-38.5 261.9 2314.4 0.3189210296 -0.9316790700 -0.1739640981 0.6935444474 0.3545082510 -0.6271522641 0.6459763646 0.0793602243 0.7592209578
-104.4 118.5 2180.9 -0.3499533534 -0.9316790700 -0.0975027606 -0.9344497323 0.3545082510 -0.0335793532 0.0658507124 0.0793602243 -0.9946686029
242.1 255.7 2331.7 0.1314717829 0.5876465440 0.7983649969 -0.9912111163 0.0898581445 0.0970877558 -0.0146863125 -0.8041125536 0.5942956209
277.0 -7.0 2327.8 -0.0563168116 0.5987528563 0.7989514470 -0.9531797171 0.2058918178 -0.2214882374 -0.2971142828 -0.7740178108 0.5591238737
4.7 -134.1 2321.2 0.9921059012 0.0921148062 -0.0850923657 -0.0871420205 0.9943619370 0.0604206696 0.0901782438 -0.0525285825 0.9945393801
-31.9 -529.4 2342.1 0.9956181645 0.0443446375 -0.0823288187 -0.0369016677 0.9952738285 0.0898237899 0.0859229192 -0.0863921270 0.9925490618
187.5 -135.1 2334.9 0.9710143805 0.0205182489 0.2381387800 0.0010497710 0.9959329963 -0.0900909305 -0.2390187830 0.0877295807 0.9670436978
179.3 -530.9 2300.0 0.9726367593 -0.0210972391 0.2313713133 -0.0377141312 0.9683227539 0.2468373626 -0.2292496860 -0.2488090545 0.9410306215
-13.2 362.2 2163.7 0 0 0 0 0 0 0 0 0
261.5 -269.1 2246.1 0 0 0 0 0 0 0 0 0
-44.1 -804.4 2365.9 0 0 0 0 0 0 0 0 0
187.4 -901.0 2395.1 0 0 0 0 0 0 0 0 0
54.1 467.5 2309.6 1 0.9747392535 -0.2153744847 -0.0591372177 0.2189027667 0.9738023281 0.0615677275 0.0443278439 -0.0729577765 0.9963494539
100.4 258.3 2325.2 0.9747392535 -0.2153744847 -0.0591372177 0.2189027667 0.9738023281 0.0615677275 0.0443278439 -0.0729577765 0.9963494539
96.8 59.6 2326.5 0.9983919263 0.0181660857 -0.0536992885 -0.0178076345 0.9998158813 0.0071461257 0.0538192168 -0.0061783763 0.9985315800
-40.0 260.8 2317.7 0.3367660046 -0.9284670949 -0.1566445231 0.7026204467 0.3585448563 -0.6146301031 0.6268278956 0.0969248638 0.7731056809
-110.3 114.2 2186.9 -0.3491953015 -0.9284670949 -0.1265365034 -0.9315818548 0.3585448563 -0.0600072108 0.1010837331 0.0969248638 -0.9901452661
240.9 255.8 2332.8 0.1333125979 0.5812637806 0.8027204871 -0.9907780290 0.0979579091 0.0936114341 -0.0242198873 -0.8077974319 0.5889624357
277.2 -14.3 2326.2 -0.0927473381 0.5927829742 0.8000038862 -0.9495113492 0.1891934425 -0.2502678931 -0.2997100353 -0.7828244567 0.5453069806
1.2 -136.5 2322.7 0.9933750033 0.0855733305 -0.0767028928 -0.0804146752 0.9944394827 0.0679970458 0.0820951164 -0.0613785237 0.9947326779
-32.8 -531.8 2347.1 0.9964197278 0.0367071889 -0.0761601403 -0.0310416054 0.9967538118 0.0742851049 0.0786397085 -0.0716550127 0.9943245649
184.2 -140.5 2333.9 0.9692522883 0.0103109060 0.2458529770 0.0111448355 0.9962569475 -0.0857198015 -0.2458165884 0.0858241022 0.9655094147
180.1 -536.5 2299.8 0.9718513489 -0.0173866116 0.2349524647 -0.0443563350 0.9659352303 0.2549541295 -0.2313816547 -0.2581991553 0.9379742742
-18.5 359.1 2160.3 0 0 0 0 0 0 0 0 0
251.7 -275.3 2243.8 0 0 0 0 0 0 0 0 0
-42.8 -803.4 2366.6 0 0 0 0 0 0 0 0 0
186.7 -905.7 2398.5 0 0 0 0 0 0 0 0 0
53.2 466.9 2309.7 2 0.9756561518 -0.2146923691 -0.0447472110 0.2173048258 0.9739165902 0.0653074086 0.0295590479 -0.0734413564 0.9968613982
99.3 257.9 2325.4 0.9756561518 -0.2146923691 -0.0447472110 0.2173048258 0.9739165902 0.0653074086 0.0295590479 -0.0734413564 0.9968613982
95.3 59.2 2326.6 0.9990434051 0.0199131779 -0.0389326960 -0.0196790081 0.9997859597 0.0063887849 0.0390515812 -0.0056165168 0.9992213845
-41.3 260.7 2319.9 0.3416891098 -0.9288628101 -0.1430469155 0.7117864490 0.3551594913 -0.6059883237 0.6136844754 0.1052407622 0.7825060487
-113.6 110.0 2190.0 -0.3402284086 -0.9288628101 -0.1464871913 -0.9303423762 0.3551594913 -0.0912401304 0.1367758811 0.1052407622 -0.9849957824
239.8 255.1 2330.9 0.1348546445 0.5692484975 0.8110304475 -0.9905191660 0.0990824774 0.0951549485 -0.0261920970 -0.8161732554 0.5772132874
276.9 -17.4 2323.7 -0.1222750545 0.5811567307 0.8045530915 -0.9460522532 0.1768278182 -0.2715088427 -0.3000565469 -0.7943480015 0.5281829834
1.6 -137.5 2322.8 0.9942431450 0.0873511285 -0.0620516054 -0.0832882449 0.9943839312 0.0652971268 0.0674068928 -0.0597530492 0.9959346652
-33.1 -532.8 2346.6 0.9974203706 0.0375977457 -0.0611477047 -0.0329353511 0.9965982437 0.0755458996 0.0637800545 -0.0733371004 0.9952656627
184.7 -140.7 2332.7 0.9655888677 0.0064665666 0.2599930465 0.0149874864 0.9966459274 -0.0804507211 -0.2596412301 0.0815789625 0.9622532725
182.2 -536.9 2300.3 0.9687429070 -0.0066688927 0.2479771525 -0.0567916371 0.9671272039 0.2478702813 -0.2414784729 -0.2542056143 0.9365189075
-23.6 356.1 2153.8 0 0 0 0 0 0 0 0 0
243.3 -277.4 2241.3 0 0 0 0 0 0 0 0 0
-43.4 -804.3 2366.6 0 0 0 0 0 0 0 0 0
184.7 -906.6 2397.4 0 0 0 0 0 0 0 0 0
49.1 471.7 2316.7 3 0.9859861732 -0.1634718031 -0.0332896076 0.1648045927 0.9854208827 0.0422509909 0.0258974284 -0.0471451767 0.9985522628
82.9 267.9 2326.5 0.9859861732 -0.1634718031 -0.0332896076 0.1648045927 0.9854208827 0.0422509909 0.0258974284 -0.0471451767 0.9985522628
91.2 69.7 2328.3 0.9986929893 -0.0415254682 -0.0297994111 0.0417945310 0.9990903735 0.0084635476 0.0294208527 -0.0096979374 0.9995200634
-57.4 262.1 2322.3 0.2903410196 -0.9368832707 -0.1948122680 0.7315317392 0.3485493958 -0.5859817863 0.6168982387 0.0276231896 0.7865580320
-118.3 108.5 2192.8 -0.3377642632 -0.9368832707 -0.0903605819 -0.9226441979 0.3485493958 -0.1650484800 0.1861262769 0.0276231896 -0.9821374416
223.2 273.8 2330.6 0.1794207990 0.5566020012 0.8111734986 -0.9835668802 0.1183462292 0.1363464296 -0.0201086346 -0.8223067522 0.5686890483
275.5 -13.2 2324.7 -0.1299579293 0.5665119290 0.8137414455 -0.9435313940 0.1815713644 -0.2770926058 -0.3047284186 -0.8038010001 0.5109251738
-0.3 -137.8 2324.1 0.9953272343 0.0782910138 -0.0565176569 -0.0745286867 0.9950415492 0.0658622533 0.0613938384 -0.0613423102 0.9962268472
-31.4 -533.4 2348.5 0.9974563718 0.0435531065 -0.0564257540 -0.0397395492 0.9969592690 0.0670297220 0.0591735318 -0.0646168888 0.9961541891
183.0 -141.4 2331.3 0.9617257118 0.0086565455 0.2738772333 0.0124960635 0.9970754385 -0.0753951520 -0.2737289071 0.0759318396 0.9588049054
179.5 -537.8 2301.1 0.9649273157 -0.0133718746 0.2621763051 -0.0541123152 0.9671232700 0.2484843284 -0.2568795085 -0.2539562881 0.9324800968
-28.6 353.6 2143.4 0 0 0 0 0 0 0 0 0
239.8 -272.6 2240.9 0 0 0 0 0 0 0 0 0
-43.2 -802.6 2366.0 0 0 0 0 0 0 0 0 0
184.6 -907.5 2398.2 0 0 0 0 0 0 0 0 0
48.6 473.9 2312.8 4 0.9912521243 -0.1288959682 -0.0283742696 0.1301598847 0.9903090596 0.0484387688 0.0218557362 -0.0517082214 0.9984230399
74.8 272.4 2323.3 0.9912521243 -0.1288959682 -0.0283742696 0.1301598847 0.9903090596 0.0484387688 0.0218557362 -0.0517082214 0.9984230399
87.8 74.4 2329.2 0.9975188375 -0.0652669966 -0.0263888277 0.0660044551 0.9974232316 0.0281129126 0.0244859830 -0.0297849402 0.9992563725
-65.4 263.1 2319.9 0.2622950971 -0.9386406541 -0.2239531130 0.7511416078 0.3442879319 -0.5632513762 0.6057950258 -0.0204824191 0.7953570485
-119.8 107.4 2194.3 -0.3408003151 -0.9386406541 -0.0529986247 -0.9167296886 0.3442879319 -0.2026636302 0.2084751129 -0.0204824191 -0.9778131843
215.0 281.7 2326.7 0.2190733999 0.5500037670 0.8059173226 -0.9756851196 0.1177881435 0.1848362684 0.0067331339 -0.8268142939 0.5624347329
275.4 12.8 2328.5 -0.0937295035 0.5586096048 0.8241177797 -0.9527846575 0.1898019314 -0.2370161563 -0.2888186276 -0.8074221611 0.5144446492
7.9 -132.4 2327.5 0.9933506250 0.1006647497 -0.0558672734 -0.0968699902 0.9930446744 0.0669215992 0.0622153431 -0.0610647537 0.9961929321
-32.1 -527.1 2351.8 0.9974155426 0.0427899398 -0.0577167459 -0.0400051475 0.9980182648 0.0485714152 0.0596807301 -0.0461369194 0.9971507192
190.8 -124.7 2332.9 0.9599117637 0.0299100336 0.2787019908 -0.0036268542 0.9955326915 -0.0943479314 -0.2802788913 0.0895548761 0.9557319880
178.9 -520.4 2297.3 0.9619460106 -0.0096406350 0.2730694413 -0.0577830672 0.9695976377 0.2377846688 -0.2670598924 -0.2445148081 0.9321435094
-29.0 351.7 2138.7 0 0 0 0 0 0 0 0 0
249.6 -249.0 2249.2 0 0 0 0 0 0 0 0 0
-43.9 -802.8 2364.6 0 0 0 0 0 0 0 0 0
182.6 -891.1 2390.8 0 0 0 0 0 0 0 0 0
50.9 472.8 2310.8 5 0.9937828779 -0.1082107127 -0.0261920579 0.1094217226 0.9927198887 0.0503401607 0.0205540322 -0.0528931692 0.9983886480
72.7 272.4 2321.4 0.9937828779 -0.1082107127 -0.0261920579 0.1094217226 0.9927198887 0.0503401607 0.0205540322 -0.0528931692 0.9983886480
87.2 74.4 2329.2 0.9970211387 -0.0729644746 -0.0250009000 0.0738659427 0.9965718389 0.0372613147 0.0221964400 -0.0389970317 0.9989927411
-67.5 262.0 2318.3 0.2651096880 -0.9352962375 -0.2343880832 0.7597246766 0.3523067832 -0.5465330482 0.5937468410 -0.0331791900 0.8039675355
-121.4 107.6 2197.7 -0.3512252569 -0.9352962375 -0.0431478769 -0.9127951264 0.3523067832 -0.2066034675 0.2084367424 -0.0331791900 -0.9774729013
213.0 282.7 2324.5 0.2366118878 0.5471528172 0.8028938770 -0.9714121819 0.1167895496 0.2066847533 0.0193185322 -0.8288449645 0.5591447353
275.5 25.8 2329.7 -0.0597244687 0.5540592074 0.8303321004 -0.9595309496 0.1974574327 -0.2007758021 -0.2751969397 -0.8087205291 0.5198439360
9.3 -129.6 2332.8 0.9930574894 0.1026815549 -0.0573870428 -0.0999039784 0.9937727451 0.0493445136 0.0620964542 -0.0432687476 0.9971318245
