124.7 490.8 2187.5 5 0.9931716919 -0.0192084517 -0.1150697693 0.0196613036 0.9998027682 0.0028016621 0.1149932593 -0.0050449530 0.9933534861
128.8 280.2 2188.6 0.9931716919 -0.0192084517 -0.1150697693 0.0196613036 0.9998027682 0.0028016621 0.1149932593 -0.0050449530 0.9933534861
128.0 81.6 2185.8 0.9933664203 0.0034498344 -0.1149399951 -0.0050538029 0.9998938441 -0.0136663495 0.1148806438 0.0141565772 0.9932784438
-16.2 280.9 2171.8 0.2519258559 -0.8544856906 -0.4542990327 0.5899657607 0.5077258945 -0.6278175116 0.7671204805 -0.1098574102 0.6320265532
-70.8 153.0 2005.5 -0.5060084462 -0.8544856906 0.1175145954 -0.8613495827 0.5077258945 -0.0170674268 -0.0450813286 -0.1098574102 -0.9929244518
273.7 279.5 2205.3 0.5197065473 0.4946156144 0.6966063976 -0.8337599635 0.1157222465 0.5398635864 0.1864121258 -0.8613731861 0.4725323021
403.6 71.2 2251.9 -0.4745582342 0.4946156144 0.7281138897 -0.7943479419 0.1157222465 -0.5963385701 -0.3792173564 -0.8613731861 0.3379799724
35.6 -124.5 2172.2 0.9973081946 0.0433833711 -0.0591116771 -0.0305616353 0.9787614942 0.2027113140 0.0666505322 -0.2003591061 0.9774527550
18.4 -513.4 2251.8 0.9976721406 0.0300376918 -0.0612210743 -0.0203468800 0.9879899025 0.1531730890 0.0650867671 -0.1515708715 0.9863011837
218.2 -127.2 2186.9 0.9590125680 0.0897209346 -0.2687844634 -0.0677816868 0.9936470985 0.0898394734 0.2751373649 -0.0679385141 0.9590014219
182.5 -521.8 2213.9 0.9618245959 -0.0417794585 -0.2704587877 0.0631309599 0.9954957366 0.0707303211 0.2662855089 -0.0851044878 0.9601297975
54.2 365.7 2016.6 0 0 0 0 0 0 0 0 0
280.3 -135.2 2153.4 0 0 0 0 0 0 0 0 0
6.9 -890.9 2309.7 0 0 0 0 0 0 0 0 0
198.5 -902.0 2246.4 0 0 0 0 0 0 0 0 0
125.1 490.0 2188.1 6 0.9902768731 -0.0139191970 -0.1384123266 0.0141660701 0.9998993278 0.0007986004 0.1383872777 -0.0027515942 0.9903743863
128.0 283.7 2188.7 0.9902768731 -0.0139191970 -0.1384123266 0.0141660701 0.9998993278 0.0007986004 0.1383872777 -0.0027515942 0.9903743863
128.5 85.0 2186.5 0.9903854728 -0.0027571544 -0.1383075267 0.0011401995 0.9999300838 -0.0117688784 0.1383303106 0.0114980284 0.9903194308
-16.6 283.5 2168.5 0.2471345961 -0.8418214321 -0.4798553586 0.6083070040 0.5202581882 -0.5994114280 0.7542460561 -0.1437640786 0.6406596303
-69.7 152.7 2006.4 -0.5161921978 -0.8418214321 0.1577413380 -0.8538278341 0.5202581882 -0.0175906084 -0.0672580674 -0.1437640786 -0.9873237610
272.5 283.9 2208.9 0.5217595696 0.5024579167 0.6894222498 -0.8331569433 0.1264388859 0.5383890271 0.1833480597 -0.8553065062 0.4845969975
402.0 77.1 2254.4 -0.4601203501 0.5024579167 0.7320008874 -0.7984278202 0.1264388859 -0.5886647701 -0.3883326650 -0.8553065062 0.3429992795
36.3 -116.6 2172.6 0.9956062436 0.0418098979 -0.0837864056 -0.0246980824 0.9803486466 0.1957204491 0.0903229415 -0.1927911341 0.9770738482
19.7 -506.2 2249.2 0.9957823753 0.0350602232 -0.0847834200 -0.0200599469 0.9849455357 0.1716971099 0.0895267874 -0.1692721993 0.9814947248
218.3 -117.5 2193.6 0.9522011876 0.0890570655 -0.2922016084 -0.0661623031 0.9939789772 0.0873404667 0.2982205153 -0.0638329610 0.9523601532
182.9 -512.4 2219.0 0.9541960359 -0.0419841371 -0.2962215841 0.0558299944 0.9977002740 0.0384346657 0.2939266860 -0.0532122552 0.9543456435
57.7 363.5 2023.0 0 0 0 0 0 0 0 0 0
282.5 -130.3 2153.5 0 0 0 0 0 0 0 0 0
6.3 -882.5 2313.9 0 0 0 0 0 0 0 0 0
198.9 -893.3 2239.3 0 0 0 0 0 0 0 0 0
123.9 494.2 2187.5 7 0.9856231213 -0.0147448517 -0.1683141589 0.0151087623 0.9998854399 0.0008815819 0.1682818830 -0.0034119261 0.9857330322
126.9 289.5 2188.1 0.9856231213 -0.0147448517 -0.1683141589 0.0151087623 0.9998854399 0.0008815819 0.1682818830 -0.0034119261 0.9857330322
128.9 90.8 2186.8 0.9857007861 -0.0101771886 -0.1681975126 0.0088772876 0.9999246597 -0.0084785586 0.1682711244 0.0068641845 0.9857168794
-17.0 288.1 2163.6 0.2413167804 -0.8323754668 -0.4989161491 0.6345320344 0.5243226290 -0.5678510666 0.7342583537 -0.1795462668 0.6546967626
-68.5 152.6 2006.7 -0.5203934908 -0.8323754668 0.1906350106 -0.8508673906 0.5243226290 -0.0333231762 -0.0722168609 -0.1795462668 -0.9810952544
270.8 290.8 2212.7 0.5169546008 0.5071845651 0.6895807981 -0.8389116526 0.1399561763 0.5259653330 0.1702504158 -0.8503975868 0.4978340268
401.2 79.1 2255.7 -0.4480673373 0.5071845651 0.7362061143 -0.8000692725 0.1399561763 -0.5833536386 -0.3989045620 -0.8503975868 0.3430730104
38.2 -113.8 2171.6 0.9924364686 0.0424780138 -0.1151760668 -0.0199964754 0.9816322923 0.1897317916 0.1211199835 -0.1859936267 0.9750570655
21.4 -503.9 2245.5 0.9921847582 0.0466712937 -0.1157205254 -0.0256482344 0.9838933349 0.1769071221 0.1221131310 -0.1725565195 0.9774009585
219.7 -113.5 2196.9 0.9428833127 0.0889761522 -0.3210207820 -0.0611977912 0.9935342073 0.0956276953 0.3274537027 -0.0705199912 0.9422319531
184.4 -508.3 2224.9 0.9446834922 -0.0314900018 -0.3264681399 0.0421912074 0.9987777472 0.0257477742 0.3252583146 -0.0380975828 0.9448574781
60.0 362.7 2024.6 0 0 0 0 0 0 0 0 0
284.8 -128.7 2152.0 0 0 0 0 0 0 0 0 0
3.5 -879.8 2311.4 0 0 0 0 0 0 0 0 0
196.4 -889.8 2239.5 0 0 0 0 0 0 0 0 0
124.3 492.8 2187.1 8 0.9951028824 -0.0315273926 -0.0936819315 0.0311456919 0.9994995594 -0.0055341106 0.0938095227 0.0025892209 0.9955868125
131.3 269.6 2186.5 0.9951028824 -0.0315273926 -0.0936819315 0.0311456919 0.9994995594 -0.0055341106 0.0938095227 0.0025892209 0.9955868125
128.0 71.0 2183.4 0.9954800606 0.0160433222 -0.0936061591 -0.0175521728 0.9997286201 -0.0153181124 0.0933349952 0.0168918669 0.9954914451
-13.6 272.1 2173.0 0.2600607276 -0.8411158919 -0.4742283225 0.5652704835 0.5307908654 -0.6314510107 0.7828395367 -0.1038516760 0.6134958267
-68.9 152.0 2006.6 -0.5247986913 -0.8411158919 0.1308067590 -0.8473980427 0.5307908654 0.0133264782 -0.0806401372 -0.1038516760 -0.9913182855
276.2 267.1 2200.1 0.5410943627 0.5511636138 0.6351657510 -0.8039336801 0.1173655465 0.5830231905 0.2467945814 -0.8261016607 0.5066047907
400.1 83.0 2256.6 -0.4368056059 0.5511636138 0.7109286189 -0.8029710650 0.1173655465 -0.5843482018 -0.4055100083 -0.8261016607 0.3913024962
40.6 -108.7 2170.1 0.9983822703 0.0439688787 -0.0360504277 -0.0363467783 0.9811075926 0.1900177747 0.0437242202 -0.1884000599 0.9811185598
23.1 -498.6 2245.0 0.9975650311 0.0591000617 -0.0370291322 -0.0520879999 0.9844221473 0.1679283082 0.0463768691 -0.1655906290 0.9851034880
220.2 -111.0 2198.7 0.9643529058 0.0929326713 -0.2477640212 -0.0749471933 0.9938856959 0.0810808167 0.2537841797 -0.0596213005 0.9654216170
183.7 -502.1 2222.2 0.9670304060 -0.0364058577 -0.2520451248 0.0459216535 0.9984332323 0.0319737047 0.2504861951 -0.0424938761 0.9671871066
63.9 366.4 2027.0 0 0 0 0 0 0 0 0 0
286.7 -125.6 2151.3 0 0 0 0 0 0 0 0 0
0.5 -874.7 2308.2 0 0 0 0 0 0 0 0 0
197.6 -883.5 2238.4 0 0 0 0 0 0 0 0 0
123.2 492.5 2186.4 9 0.9976893663 -0.0337057374 -0.0589898266 0.0338796489 0.9994240403 0.0019501706 0.0588901192 -0.0039442191 0.9982566833
131.0 258.8 2187.4 0.9976893663 -0.0337057374 -0.0589898266 0.0338796489 0.9994240403 0.0019501706 0.0588901192 -0.0039442191 0.9982566833
127.9 60.3 2182.9 0.9981532097 0.0153760957 -0.0587687120 -0.0167036131 0.9996147752 -0.0221647434 0.0584052652 0.0231054593 0.9980255365
-14.4 261.2 2178.9 0.2456121594 -0.8450797200 -0.4748841822 0.5133200288 0.5289521217 -0.6758048534 0.8222999573 -0.0777816772 0.5637134314
-66.1 153.2 2005.8 -0.5223647952 -0.8450797200 0.1139093041 -0.8478881121 0.5289521217 0.0359914564 -0.0906682089 -0.0777816772 -0.9928389788
276.5 256.5 2195.9 0.5566543937 0.5606630445 0.6130194664 -0.7844512463 0.1118570641 0.6100199223 0.2734450400 -0.8204541206 0.5020785332
401.0 81.0 2257.0 -0.4315507710 0.5606630445 0.7066971660 -0.8061586618 0.1118570641 -0.5810303092 -0.4048112929 -0.8204541206 0.4037113488
33.8 -126.0 2171.7 0.9995942116 0.0284447838 -0.0015159060 -0.0275798626 0.9797645211 0.1982442439 0.0071242456 -0.1981219798 0.9801514745
22.5 -515.3 2250.5 0.9976919293 0.0678406805 -0.0029148234 -0.0666404217 0.9864746928 0.1497554332 0.0130349109 -0.1492155492 0.9887187481
215.2 -131.1 2187.7 0.9743372798 0.0764428228 -0.2117152363 -0.0558511689 0.9932566881 0.1015962213 0.2180538774 -0.0871644467 0.9720364809
185.0 -523.7 2222.1 0.9762549996 -0.0190498922 -0.2157852352 0.0291959886 0.9986079335 0.0439295880 0.2146479934 -0.0491865426 0.9754521847
67.3 369.7 2028.9 0 0 0 0 0 0 0 0 0
288.9 -128.4 2151.8 0 0 0 0 0 0 0 0 0
-3.4 -892.2 2307.5 0 0 0 0 0 0 0 0 0
192.3 -905.2 2240.9 0 0 0 0 0 0 0 0 0
122.8 493.4 2193.6 0 0.9987022281 -0.0328588374 -0.0389114656 0.0317648686 0.9990916252 -0.0284066405 0.0398095287 0.0271337572 0.9988387823
130.7 253.4 2187.1 0.9987022281 -0.0328588374 -0.0389114656 0.0317648686 0.9990916252 -0.0284066405 0.0398095287 0.0271337572 0.9988387823
128.2 54.7 2182.8 0.9991614819 0.0125161037 -0.0389833897 -0.0133552309 0.9996830821 -0.0213397350 0.0387039445 0.0218424723 0.9990119934
-15.1 255.3 2181.4 0.2304058671 -0.8455055952 -0.4816984236 0.4803523719 0.5293248296 -0.6993402839 0.8462710977 -0.0702528879 0.5281001925
-62.8 155.8 2006.1 -0.5200592279 -0.8455055952 0.1210729256 -0.8461578488 0.5293248296 0.0619043373 -0.1164273694 -0.0702528879 -0.9907114506
276.4 251.4 2192.7 0.5606526732 0.5565011501 0.6131680012 -0.7770788074 0.0978064984 0.6217575669 0.2860369980 -0.8250699043 0.4872807264
401.1 78.6 2256.3 -0.4248018861 0.5565011501 0.7140376568 -0.8199391365 0.0978064984 -0.5640334487 -0.3837227821 -0.8250699043 0.4147486985
33.5 -136.8 2173.1 0.9993962049 0.0301226880 0.0173167046 -0.0330321603 0.9782777429 0.2046496868 -0.0107759489 -0.2050981373 0.9786821008
21.5 -525.6 2254.6 0.9977982044 0.0645938814 0.0150471684 -0.0660175681 0.9890598059 0.1319181174 -0.0063614459 -0.1326210350 0.9911463857
215.9 -140.8 2183.2 0.9782040715 0.0758283958 -0.1933050752 -0.0581850223 0.9937393069 0.0953768417 0.1993271112 -0.0820505545 0.9764918685
185.8 -534.7 2215.7 0.9808247089 -0.0274986327 -0.1929421276 0.0475553162 0.9938399196 0.1001035422 0.1890008748 -0.1073594540 0.9760904908
70.7 373.0 2036.0 0 0 0 0 0 0 0 0 0
290.8 -134.4 2156.7 0 0 0 0 0 0 0 0 0
-3.2 -903.5 2305.2 0 0 0 0 0 0 0 0 0
196.3 -913.8 2256.6 0 0 0 0 0 0 0 0 0
124.4 494.9 2190.7 1 0.9991940856 -0.0242927447 -0.0319540463 0.0238024890 0.9995943904 -0.0156345200 0.0323208906 0.0148613332 0.9993670583
130.3 250.6 2187.0 0.9991940856 -0.0242927447 -0.0319540463 0.0238024890 0.9995943904 -0.0156345200 0.0323208906 0.0148613332 0.9993670583
128.5 51.9 2183.2 0.9994485974 0.0091154063 -0.0319280028 -0.0097274017 0.9997709394 -0.0190653987 0.0317468978 0.0193654634 0.9993082881
-15.6 252.0 2182.4 0.2166183740 -0.8470768929 -0.4853217304 0.4580112100 0.5271996856 -0.7157417536 0.8621497750 -0.0672399774 0.5021718740
-60.1 157.9 2005.3 -0.5150586963 -0.8470768929 0.1310543567 -0.8455204964 0.5271996856 0.0845906809 -0.1407466382 -0.0672399774 -0.9877596498
276.2 249.2 2191.7 0.5559068918 0.5435573459 0.6288982034 -0.7847300768 0.0936339349 0.6127246022 0.2741647363 -0.8341331482 0.4785975218
401.8 71.9 2253.6 -0.4390704334 0.5435573459 0.7153758407 -0.8152377605 0.0936339349 -0.5715068579 -0.3776302040 -0.8341331482 0.4020165801
34.1 -142.7 2175.0 0.9990061522 0.0381734669 0.0230106469 -0.0419238806 0.9800523520 0.1942672580 -0.0151357837 -0.1950388849 0.9806787372
19.0 -532.1 2252.5 0.9988915324 0.0419785231 0.0212966502 -0.0447148941 0.9875750542 0.1506521106 -0.0147078875 -0.1514374018 0.9883574247
217.0 -145.6 2181.8 0.9787917733 0.0844556168 -0.1866383702 -0.0667265505 0.9928154945 0.0993227884 0.1936858296 -0.0847625881 0.9773950577
183.5 -539.6 2215.4 0.9816833138 -0.0415381268 -0.1859367192 0.0623450726 0.9922491312 0.1074932814 0.1800304800 -0.1171166003 0.9766640663
72.6 375.7 2041.6 0 0 0 0 0 0 0 0 0
287.7 -139.9 2155.5 0 0 0 0 0 0 0 0 0
2.9 -909.3 2310.3 0 0 0 0 0 0 0 0 0
199.4 -918.4 2260.1 0 0 0 0 0 0 0 0 0
123.5 496.3 2188.7 2 0.9991282225 -0.0327848904 -0.0258437246 0.0325426608 0.9994229078 -0.0097384239 0.0261480846 0.0088889105 0.9996185303
131.7 247.1 2186.5 0.9991282225 -0.0327848904 -0.0258437246 0.0325426608 0.9994229078 -0.0097384239 0.0261480846 0.0088889105 0.9996185303
130.0 48.4 2182.5 0.9996308088 0.0087646693 -0.0257180016 -0.0092854919 0.9997528195 -0.0202022363 0.0255345777 0.0204335824 0.9994651079
-14.3 248.4 2182.8 0.2366247773 -0.8464211226 -0.4770534039 0.4417143464 0.5310384631 -0.7231090069 0.8653884530 -0.0396158323 0.4995332062
-62.5 158.3 2006.2 -0.5221648812 -0.8464211226 0.1044751257 -0.8422669172 0.5310384631 0.0926529393 -0.1339037120 -0.0396158323 -0.9902021885
277.7 245.7 2190.2 0.5530209541 0.5503938794 0.6254873276 -0.7836829424 0.0887574703 0.6147871017 0.2828583717 -0.8301739097 0.4804190099
403.0 68.2 2254.3 -0.4599077106 0.5503938794 0.6968152523 -0.7976434827 0.0887574703 -0.5965626240 -0.3901919723 -0.8301739097 0.3981978297
35.1 -145.9 2176.5 0.9988529682 0.0378987342 0.0292643290 -0.0430003889 0.9788427949 0.2000443786 -0.0210637487 -0.2010732889 0.9793497324
20.0 -534.9 2256.4 0.9985945225 0.0458789617 0.0265357513 -0.0489718169 0.9901802540 0.1309382170 -0.0202678666 -0.1320536882 0.9910353422
218.2 -147.9 2182.2 0.9798731208 0.0868957490 -0.1797159910 -0.0680247545 0.9917515516 0.1086345986 0.1876734942 -0.0942229852 0.9777017236
183.7 -541.7 2219.6 0.9813400507 -0.0579528250 -0.1833388358 0.0709657893 0.9953438044 0.0652266815 0.1787051111 -0.0770203397 0.9808834791
72.9 376.7 2040.9 0 0 0 0 0 0 0 0 0
283.5 -138.9 2153.0 0 0 0 0 0 0 0 0 0
2.5 -913.1 2306.8 0 0 0 0 0 0 0 0 0
205.8 -921.6 2249.0 0 0 0 0 0 0 0 0 0
123.8 495.4 2188.7 3 0.9982895255 -0.0416102260 -0.0410686135 0.0414049923 0.9991254210 -0.0058357688 0.0412755236 0.0041253413 0.9991393089
134.2 244.5 2187.7 0.9982895255 -0.0416102260 -0.0410686135 0.0414049923 0.9991254210 -0.0058357688 0.0412755236 0.0041253413 0.9991393089
130.9 45.9 2183.2 0.9990288019 0.0164760128 -0.0408654436 -0.0173851475 0.9996069670 -0.0219923295 0.0404870361 0.0226814225 0.9989225864
-11.7 247.1 2181.8 0.2656290829 -0.8317615390 -0.4874566495 0.4336275458 0.5546672344 -0.7101488709 0.8610507250 -0.0227384306 0.5080104470
-66.0 158.4 2005.7 -0.5499017239 -0.8317615390 0.0760322735 -0.8288417459 0.5546672344 0.0732499883 -0.1030991301 -0.0227384306 -0.9944111705
280.1 242.0 2193.6 0.5688357353 0.5344393253 0.6251404285 -0.7771107554 0.1003731564 0.6213083863 0.2693043351 -0.8392257690 0.4724143744
405.5 70.8 2253.0 -0.4713136554 0.5344393253 0.7015967965 -0.7888231874 0.1003731564 -0.6063688993 -0.3944888711 -0.8392257690 0.3742708862
36.6 -149.4 2176.1 0.9988892078 0.0441725999 0.0164040215 -0.0465829074 0.9781487584 0.2026204914 -0.0070952997 -0.2031595707 0.9791199565
19.0 -538.1 2256.8 0.9991571307 0.0387310609 0.0135976952 -0.0402619503 0.9892197847 0.1407948285 -0.0079979766 -0.1412236243 0.9899454117
219.8 -151.2 2180.7 0.9767115116 0.0919084549 -0.1938748211 -0.0727003738 0.9919191003 0.1039766818 0.2018644661 -0.0874604508 0.9755005836
183.3 -545.3 2215.4 0.9790717959 -0.0577832945 -0.1951396316 0.0765646771 0.9929842353 0.0901119784 0.1885636151 -0.1031669006 0.9766270518
75.2 371.3 2032.2 0 0 0 0 0 0 0 0 0
283.0 -134.1 2150.5 0 0 0 0 0 0 0 0 0
4.2 -916.0 2310.8 0 0 0 0 0 0 0 0 0
205.4 -924.3 2254.8 0 0 0 0 0 0 0 0 0
123.6 496.4 2194.8 4 0.9963855743 -0.0306891333 -0.0792080760 0.0297280550 0.9994697571 -0.0132846907 0.0795737728 0.0108819716 0.9967696071
130.6 269.0 2192.3 0.9963855743 -0.0306891333 -0.0792080760 0.0297280550 0.9994697571 -0.0132846907 0.0795737728 0.0108819716 0.9967696071
131.0 70.3 2187.5 0.9968710542 -0.0016616494 -0.0790274739 -0.0002715826 0.9997011423 -0.0244457498 0.0790444687 0.0243907217 0.9965726733
-14.9 269.0 2180.7 0.2361637056 -0.8002269864 -0.5512381792 0.5173692107 0.5837420225 -0.6257590652 0.8225301504 -0.1374120861 0.5518714786
-65.2 158.8 2005.5 -0.5765280128 -0.8002269864 0.1650826037 -0.8119180799 0.5837420225 -0.0058601564 -0.0916761905 -0.1374120861 -0.9862623215
276.1 268.9 2203.8 0.5403602719 0.5157439709 0.6648450494 -0.8151688576 0.1249927729 0.5655763149 0.2085917592 -0.8475759029 0.4879595637
407.5 70.6 2254.6 -0.4810574949 0.5157439709 0.7089371085 -0.7763769627 0.1249927729 -0.6177504659 -0.4072130919 -0.8475759029 0.3402830362
36.1 -151.1 2175.0 0.9987440109 0.0435249917 -0.0248177741 -0.0375729837 0.9783130288 0.2036956996 0.0331454054 -0.2025073767 0.9787196517
18.8 -540.0 2255.5 0.9987208843 0.0429318883 -0.0267114714 -0.0381089337 0.9863175750 0.1603913903 0.0332318991 -0.1591682881 0.9866920114
219.7 -150.9 2183.2 0.9682623744 0.0900930762 -0.2331333458 -0.0684498250 0.9926971793 0.0993326232 0.2403799891 -0.0802221075 0.9673581719
183.6 -548.8 2215.4 0.9709063172 -0.0502045639 -0.2341376841 0.0726154298 0.9934617281 0.0880954340 0.2281840295 -0.1025344208 0.9682038426
82.1 366.2 2028.9 0 0 0 0 0 0 0 0 0
282.6 -131.0 2148.8 0 0 0 0 0 0 0 0 0
2.4 -916.8 2316.3 0 0 0 0 0 0 0 0 0
202.8 -928.2 2254.5 0 0 0 0 0 0 0 0 0
122.7 494.2 2191.3 5 0.9972661138 -0.0230348501 -0.0702119693 0.0227999054 0.9997314811 -0.0041458895 0.0702886134 0.0025337290 0.9975234866
127.7 278.9 2190.7 0.9972661138 -0.0230348501 -0.0702119693 0.0227999054 0.9997314811 -0.0041458895 0.0702886134 0.0025337290 0.9975234866
129.3 80.2 2188.1 0.9975125194 -0.0077731018 -0.0700599626 0.0068074041 0.9998786449 -0.0140121086 0.0701603815 0.0135003272 0.9974443913
-17.9 277.9 2180.5 0.2375381738 -0.7625808716 -0.6017026305 0.5463981032 0.6170397997 -0.5663135052 0.8031343222 -0.1942481101 0.5632432699
-69.9 158.4 2004.7 -0.6165595055 -0.7625808716 0.1957672536 -0.7841534019 0.6170397997 -0.0660707727 -0.0704118833 -0.1942481101 -0.9784221053
273.4 279.9 2201.0 0.5270547867 0.5253387690 0.6680063009 -0.8223539591 0.1170099229 0.5568147302 0.2143530101 -0.8428094983 0.4936850667
403.7 76.5 2254.0 -0.4582466483 0.5253387690 0.7169582844 -0.7956845760 0.1170099229 -0.5943018794 -0.3961010575 -0.8428094983 0.3643845618
40.0 -128.3 2175.5 0.9987481833 0.0466699935 -0.0179995392 -0.0421015508 0.9786226153 0.2013087571 0.0270098336 -0.2002989352 0.9793624282
21.4 -517.2 2255.1 0.9979329109 0.0608546957 -0.0206549149 -0.0572438501 0.9878227711 0.1446695030 0.0292072129 -0.1431880891 0.9892644286
222.9 -126.6 2190.4 0.9685267210 0.0996662006 -0.2280848324 -0.0840732679 0.9934713244 0.0771130100 0.2342813015 -0.0555101745 0.9705827832
183.1 -523.0 2212.5 0.9725148082 -0.0525051355 -0.2268440127 0.0744535476 0.9932177067 0.0893043056 0.2206165642 -0.1037391052 0.9698280692
87.5 358.6 2022.7 0 0 0 0 0 0 0 0 0
284.7 -130.2 2151.1 0 0 0 0 0 0 0 0 0
-1.8 -894.5 2309.8 0 0 0 0 0 0 0 0 0
203.1 -902.4 2252.2 0 0 0 0 0 0 0 0 0
122.7 498.1 2195.5 6 0.9942658544 -0.0198363066 -0.1050808355 0.0187423062 0.9997594953 -0.0113883810 0.1052814648 0.0093536209 0.9943984747
126.9 288.3 2193.5 0.9942658544 -0.0198363066 -0.1050808355 0.0187423062 0.9997594953 -0.0113883810 0.1052814648 0.0093536209 0.9943984747
129.4 89.6 2190.0 0.9943983555 -0.0124965142 -0.1049559042 0.0105464784 0.9997617006 -0.0191140752 0.1051697508 0.0179000888 0.9942931533
-18.3 286.8 2178.2 0.2460639477 -0.7262089252 -0.6419292688 0.5751231909 0.6424948573 -0.5063928366 0.7801831961 -0.2445833683 0.5757544041
-72.6 159.7 2005.9 -0.6480194330 -0.7262089252 0.2295462042 -0.7585356832 0.6424948573 -0.1087380648 -0.0685157031 -0.2445833683 -0.9672045112
272.0 289.8 2208.9 0.5175594091 0.5171043277 0.6817150116 -0.8361628056 0.1366034746 0.5311979651 0.1815601587 -0.8449512124 0.5030838251
401.6 80.5 2254.3 -0.4406396747 0.5171043277 0.7337845564 -0.8038269877 0.1366034746 -0.5789660215 -0.3996233642 -0.8449512124 0.3554695249
39.4 -119.0 2179.0 0.9978377819 0.0376028642 -0.0539053380 -0.0272801314 0.9831362963 0.1808280349 0.0597959459 -0.1789664924 0.9820363522
24.4 -509.7 2250.1 0.9955828190 0.0761605501 -0.0549036302 -0.0669100285 0.9857801795 0.1541444659 0.0658626407 -0.1497899741 0.9865217209
222.4 -116.9 2192.0 0.9604557157 0.0972404629 -0.2609005868 -0.0771861747 0.9932950139 0.0860655978 0.2675203085 -0.0625242740 0.9615215063
183.6 -512.5 2216.9 0.9635850787 -0.0469986424 -0.2632391751 0.0653319284 0.9959773421 0.0613255650 0.2592980564 -0.0762903243 0.9627794623
93.0 353.6 2023.4 0 0 0 0 0 0 0 0 0
287.1 -128.2 2150.5 0 0 0 0 0 0 0 0 0
-4.6 -886.2 2307.3 0 0 0 0 0 0 0 0 0
201.6 -892.9 2246.1 0 0 0 0 0 0 0 0 0
122.4 500.7 2197.6 7 0.9918417335 -0.0235525239 -0.1252804697 0.0217917338 0.9996438026 -0.0154069057 0.1255987138 0.0125511345 0.9920017123
127.2 294.0 2195.0 0.9918417335 -0.0235525239 -0.1252804697 0.0217917338 0.9996438026 -0.0154069057 0.1255987138 0.0125511345 0.9920017123
131.2 95.3 2191.0 0.9919424653 -0.0198507067 -0.1251242310 0.0171526689 0.9995973706 -0.0226035565 0.1255225390 0.0202752147 0.9918835759
-17.6 291.5 2176.7 0.2502890825 -0.7005253434 -0.6682960391 0.5802083611 0.6611129642 -0.4756972790 0.7750571966 -0.2686890960 0.5719200373
-73.5 161.9 2003.6 -0.6626456976 -0.7005253434 0.2648864985 -0.7423667908 0.6611129642 -0.1087249741 -0.0989553109 -0.2686890960 -0.9581304789
272.0 296.4 2213.4 0.5020825267 0.5249671936 0.6872572899 -0.8485130072 0.1454364955 0.5087965727 0.1671492010 -0.8386045694 0.5184625983
398.7 82.4 2255.5 -0.4326159954 0.5249671936 0.7329753637 -0.8029251099 0.1454364955 -0.5780653358 -0.4100666940 -0.8386045694 0.3585911989
40.8 -110.0 2176.9 0.9958202839 0.0514231399 -0.0754827559 -0.0377947651 0.9843723774 0.1719959080 0.0831477046 -0.1684241593 0.9822015166
20.3 -501.1 2243.8 0.9962499738 0.0425741263 -0.0753224343 -0.0288211070 0.9841363430 0.1750570089 0.0815804452 -0.1722296625 0.9816728234
223.1 -107.6 2196.2 0.9548999667 0.0934114680 -0.2818517387 -0.0755897462 0.9944279790 0.0734795034 0.2871450782 -0.0488604680 0.9566401243
185.9 -503.2 2215.7 0.9583814740 -0.0308051314 -0.2838238180 0.0473901220 0.9975348711 0.0517526045 0.2815299332 -0.0630491823 0.9574788213
96.2 352.0 2028.9 0 0 0 0 0 0 0 0 0
286.3 -126.2 2149.0 0 0 0 0 0 0 0 0 0
4.1 -876.8 2309.5 0 0 0 0 0 0 0 0 0
197.7 -884.2 2239.8 0 0 0 0 0 0 0 0 0
121.4 498.3 2196.7 8 0.9918012619 -0.0656301975 -0.1096491292 0.0649700165 0.9978411794 -0.0095867123 0.1100415960 0.0023842077 0.9939241409
135.9 277.7 2196.2 0.9918012619 -0.0656301975 -0.1096491292 0.0649700165 0.9978411794 -0.0095867123 0.1100415960 0.0023842077 0.9939241409
130.2 79.5 2187.2 0.9936259389 0.0285755433 -0.1090453863 -0.0333392173 0.9985563755 -0.0421147794 0.1076845154 0.0454818271 0.9931442142
-9.0 282.5 2180.5 0.2734153271 -0.7190126181 -0.6389561296 0.5233297348 0.6685440540 -0.5283700228 0.8070750237 -0.1899202764 0.5590708852
-69.4 167.0 2002.3 -0.6554962993 -0.7190126181 0.2309663296 -0.7431496382 0.6685440540 -0.0278838016 -0.1343623549 -0.1899202764 -0.9725620747
280.8 272.8 2211.8 0.5199885964 0.5317313075 0.6684861183 -0.8321426511 0.1387527138 0.5369229317 0.1927444786 -0.8354696035 0.5146261454
398.0 85.3 2255.2 -0.4198375642 0.5317313075 0.7355257869 -0.8135581613 0.1387527138 -0.5646864176 -0.4023176730 -0.8354696035 0.3743407428
44.2 -104.9 2175.5 0.9972829223 0.0553009026 -0.0486675538 -0.0462243371 0.9841697812 0.1710940897 0.0573587902 -0.1683795899 0.9840519428
22.3 -495.9 2242.4 0.9975566268 0.0504892319 -0.0482865609 -0.0411536358 0.9831966758 0.1778499931 0.0564546958 -0.1754282713 0.9828721881
224.6 -104.4 2197.2 0.9602708220 0.0998348892 -0.2606010437 -0.0843228325 0.9939717650 0.0700699463 0.2660255134 -0.0453115106 0.9629004598
185.2 -496.6 2215.0 0.9651709199 -0.0271936655 -0.2602028847 0.0480184518 0.9961005449 0.0740129799 0.2571755648 -0.0839297175 0.9627131224
100.2 359.2 2037.1 0 0 0 0 0 0 0 0 0
288.9 -126.0 2150.7 0 0 0 0 0 0 0 0 0
3.0 -871.5 2309.5 0 0 0 0 0 0 0 0 0
195.6 -877.1 2247.1 0 0 0 0 0 0 0 0 0
120.3 498.5 2198.2 9 0.9891939759 -0.1054208130 -0.1018907800 0.1040761024 0.9943983555 -0.0184396747 0.1032639518 0.0076360204 0.9946246743
144.7 268.2 2196.5 0.9891939759 -0.1054208130 -0.1018907800 0.1040761024 0.9943983555 -0.0184396747 0.1032639518 0.0076360204 0.9946246743
133.6 70.3 2187.1 0.9932850003 0.0558674037 -0.1013098732 -0.0603554696 0.9973018765 -0.0417878069 0.0987019539 0.0476218089 0.9939768910
-0.2 277.0 2182.1 0.3082269728 -0.7163042426 -0.6260226965 0.4688369632 0.6869741082 -0.5552103519 0.8277608752 -0.1223717630 0.5475738049
-66.6 176.1 2003.9 -0.6680946946 -0.7163042426 0.2013894767 -0.7258083224 0.6869741082 0.0356212854 -0.1638650298 -0.1223717630 -0.9788632989
289.7 259.4 2210.8 0.4926306009 0.5411282182 0.6815389395 -0.8497462273 0.1301571131 0.5108722448 0.1877402514 -0.8308064342 0.5239410400
397.7 73.1 2252.0 -0.4393809736 0.5411282182 0.7170248032 -0.7986118197 0.1301571131 -0.5876038074 -0.4112949073 -0.8308064342 0.3749628663
33.5 -115.5 2168.5 0.9990202785 0.0278676767 -0.0343783684 -0.0209865849 0.9822551608 0.1863714606 0.0389620699 -0.1854673773 0.9818776846
22.5 -505.7 2242.2 0.9977355599 0.0579063930 -0.0342133604 -0.0502918549 0.9800735116 0.1921631545 0.0446590818 -0.1900073737 0.9807664156
214.7 -122.9 2187.4 0.9657135010 0.0744961277 -0.2486920655 -0.0540756993 0.9946546555 0.0879653692 0.2539157867 -0.0715011507 0.9645798802
185.3 -516.6 2215.7 0.9682440162 -0.0186085626 -0.2493135184 0.0396250933 0.9960433245 0.0795457214 0.2468468398 -0.0868987441 0.9651503563
107.9 365.6 2046.7 0 0 0 0 0 0 0 0 0
283.6 -134.3 2145.2 0 0 0 0 0 0 0 0 0
0.3 -880.1 2314.7 0 0 0 0 0 0 0 0 0
192.4 -897.2 2248.9 0 0 0 0 0 0 0 0 0
119.7 497.1 2198.0 0 0.9910368919 -0.1065228134 -0.0806152672 0.1056880280 0.9942926764 -0.0145645188 0.0817066208 0.0059139067 0.9966388941
145.1 260.2 2196.6 0.9910368919 -0.1065228134 -0.0806152672 0.1056880280 0.9942926764 -0.0145645188 0.0817066208 0.0059139067 0.9966388941
132.0 62.4 2184.6 0.9946441054 0.0657204017 -0.0797745883 -0.0702656507 0.9959791899 -0.0555710867 0.0758016780 0.0608788654 0.9952627420
-0.1 270.4 2185.6 0.3107752502 -0.7122554779 -0.6293734312 0.4206867516 0.6968464851 -0.5808851719 0.8523153067 -0.0842443109 0.5161991119
-66.0 181.3 2005.0 -0.6793512702 -0.7122554779 0.1765616536 -0.7145609856 0.6968464851 0.0617055669 -0.1669864953 -0.0842443109 -0.9823535085
290.2 249.9 2207.6 0.4708136618 0.5250039101 0.7090172172 -0.8656029701 0.1195890978 0.4862405956 0.1704874784 -0.8426561356 0.5107491016
395.5 56.4 2245.7 -0.4811661541 0.5250039101 0.7020328045 -0.7749653459 0.1195890978 -0.6205861568 -0.4097656012 -0.8426561356 0.3493176103
31.5 -122.2 2168.7 0.9996500015 0.0244199671 -0.0101759313 -0.0218259990 0.9786422253 0.2044089288 0.0149502549 -0.2041152865 0.9788327217
21.8 -510.9 2249.8 0.9981397986 0.0598514974 -0.0116078034 -0.0575233549 0.9876187444 0.1459459960 0.0201991722 -0.1450067908 0.9892244339
213.1 -133.9 2186.4 0.9714022279 0.0731236562 -0.2258997411 -0.0551124923 0.9948520660 0.0850413516 0.2309553474 -0.0701594576 0.9704315066
184.1 -528.4 2214.2 0.9739523530 -0.0242365319 -0.2254536599 0.0458322428 0.9947908521 0.0910525993 0.2220724374 -0.0990139395 0.9699897170
112.9 369.4 2049.0 0 0 0 0 0 0 0 0 0
270.6 -144.7 2139.4 0 0 0 0 0 0 0 0 0
-1.0 -887.9 2305.1 0 0 0 0 0 0 0 0 0
193.4 -908.5 2252.0 0 0 0 0 0 0 0 0 0
119.4 498.1 2199.4 1 0.9900183082 -0.1165421903 -0.0792568550 0.1150775850 0.9930943847 -0.0228179041 0.0813687891 0.0134694539 0.9965930581
147.6 257.8 2196.1 0.9900183082 -0.1165421903 -0.0792568550 0.1150775850 0.9930943847 -0.0228179041 0.0813687891 0.0134694539 0.9965930581
133.6 59.9 2185.4 0.9944034815 0.0705234110 -0.0786646903 -0.0744699091 0.9960473180 -0.0484140776 0.0749394298 0.0540012792 0.9957248569
2.4 268.6 2185.2 0.3268542886 -0.7071727514 -0.6269553304 0.3964478374 0.7047982216 -0.5882929564 0.8579017520 -0.0562689975 0.5107234120
-66.7 184.9 2004.0 -0.6887047291 -0.7071727514 0.1599765122 -0.7046551704 0.7047982216 0.0819789395 -0.1707244366 -0.0562689975 -0.9837108254
292.8 246.9 2207.1 0.4661859870 0.5179210901 0.7172365785 -0.8690663576 0.1164252013 0.4808002114 0.1655121446 -0.8474685550 0.5043836236
397.2 52.3 2244.1 -0.5060343742 0.5179210901 0.6897006035 -0.7570622563 0.1164252013 -0.6428855658 -0.4132625461 -0.8474685550 0.3331833780
27.7 -129.0 2165.6 0.9997946024 0.0188081991 -0.0075518298 -0.0166435391 0.9745270014 0.2236516774 0.0115659479 -0.2234800458 0.9746398926
20.3 -516.1 2254.4 0.9988137484 0.0478100739 -0.0092365928 -0.0461477973 0.9899343848 0.1337918341 0.0155402189 -0.1332068741 0.9909664392
209.8 -142.2 2179.3 0.9725947380 0.0650155023 -0.2232318223 -0.0421801023 0.9935153723 0.1055841967 0.2286488563 -0.0932746902 0.9690302014
184.0 -536.5 2216.3 0.9737073183 -0.0370604284 -0.2247678190 0.0565822981 0.9951032996 0.0810420439 0.2206637412 -0.0916291103 0.9710363746
115.6 371.4 2049.1 0 0 0 0 0 0 0 0 0
265.9 -144.2 2136.9 0 0 0 0 0 0 0 0 0
2.0 -894.1 2305.2 0 0 0 0 0 0 0 0 0
198.2 -916.7 2251.3 0 0 0 0 0 0 0 0 0
118.7 493.1 2192.1 2 0.9885104299 -0.1235500947 -0.0870773941 0.1245422736 0.9921959639 0.0060341563 0.0856523216 -0.0168096442 0.9961832762
148.1 257.0 2196.1 0.9885104299 -0.1235500947 -0.0870773941 0.1245422736 0.9921959639 0.0060341563 0.0856523216 -0.0168096442 0.9961832762
133.7 59.1 2186.0 0.9936934114 0.0722220019 -0.0857751817 -0.0762303919 0.9961007237 -0.0444097221 0.0822333619 0.0506683215 0.9953242540
2.9 268.1 2184.1 0.3432907164 -0.6976149082 -0.6288759112 0.3909890950 0.7149365544 -0.5796492696 0.8539783359 -0.0468954109 0.5181909204
-69.2 185.9 2004.5 -0.7035766840 -0.6976149082 0.1353266686 -0.6959518194 0.7149365544 0.0672072172 -0.1436347365 -0.0468954109 -0.9885190129
293.2 245.9 2208.1 0.4746109247 0.5070579648 0.7194697261 -0.8653879166 0.1195081845 0.4866431057 0.1607737541 -0.8535865545 0.4955217242
400.2 50.8 2244.3 -0.5254466534 0.5070579648 0.6832261682 -0.7421694398 0.1195081845 -0.6594712734 -0.4160412848 -0.8535865545 0.3135277331
28.4 -131.1 2167.9 0.9996566176 0.0221698824 -0.0139697213 -0.0184329599 0.9738479853 0.2264515311 0.0186247900 -0.2261162698 0.9739222527
19.6 -518.1 2257.7 0.9989764690 0.0422549583 -0.0161393173 -0.0398733877 0.9911208153 0.1268449128 0.0213558394 -0.1260715574 0.9917912483
210.6 -144.9 2181.5 0.9704902768 0.0701077133 -0.2307238877 -0.0487813205 0.9941000342 0.0968789086 0.2361545861 -0.0827650279 0.9681843519
182.8 -539.8 2214.4 0.9717413187 -0.0511649437 -0.2304365337 0.0761635229 0.9919743538 0.1009255275 0.2234232873 -0.1156243607 0.9678393602
116.5 369.6 2042.4 0 0 0 0 0 0 0 0 0
263.8 -141.9 2136.3 0 0 0 0 0 0 0 0 0
3.4 -896.7 2305.9 0 0 0 0 0 0 0 0 0
202.3 -918.6 2258.5 0 0 0 0 0 0 0 0 0
118.9 493.8 2196.4 3 0.9906765223 -0.1100177541 -0.0803503394 0.1097576320 0.9939288497 -0.0076604187 0.0807053000 -0.0012300659 0.9967372417
145.3 255.8 2196.7 0.9906765223 -0.1100177541 -0.0803503394 0.1097576320 0.9939288497 -0.0076604187 0.0807053000 -0.0012300659 0.9967372417
132.6 57.9 2184.8 0.9948319197 0.0634753257 -0.0792481974 -0.0679259747 0.9961849451 -0.0547870211 0.0754682347 0.0598868877 0.9953482151
-0.0 265.7 2185.7 0.3358524740 -0.6922317743 -0.6387630701 0.3693316579 0.7206287384 -0.5867608786 0.8664855957 -0.0388503447 0.4976880550
-71.0 187.7 2002.7 -0.7100670338 -0.6922317743 0.1289183646 -0.6897262335 0.7206287384 0.0705116987 -0.1417127103 -0.0388503447 -0.9891451597
290.6 245.9 2207.7 0.4996178448 0.5065268874 0.7027179599 -0.8478563428 0.1196778640 0.5165430903 0.1775432080 -0.8538780212 0.4892552495
404.3 53.0 2248.1 -0.5344142914 0.5065268874 0.6766327024 -0.7335798144 0.1196778640 -0.6689827442 -0.4198357165 -0.8538780212 0.3076203465
28.2 -131.8 2168.4 0.9996969700 0.0224778689 -0.0100366781 -0.0197638012 0.9759420753 0.2171323299 0.0146758882 -0.2168681622 0.9760905504
19.3 -519.6 2254.6 0.9991058111 0.0405766256 -0.0118811093 -0.0386093147 0.9901251793 0.1347643584 0.0172320679 -0.1341851354 0.9908064604
210.4 -145.9 2183.5 0.9717820883 0.0693793520 -0.2254462838 -0.0505195595 0.9948049188 0.0883798674 0.2304068059 -0.0744965300 0.9702386260
182.9 -541.1 2213.1 0.9733412266 -0.0458307713 -0.2247363329 0.0694609955 0.9927206635 0.0983912721 0.2185910493 -0.1113786921 0.9694393873
116.4 369.8 2040.1 0 0 0 0 0 0 0 0 0
265.5 -137.6 2139.1 0 0 0 0 0 0 0 0 0
3.8 -897.9 2305.9 0 0 0 0 0 0 0 0 0
200.4 -920.4 2255.6 0 0 0 0 0 0 0 0 0
119.7 493.7 2198.6 4 0.9934007525 -0.0978199393 -0.0598848350 0.0969371200 0.9951369762 -0.0174807254 0.0613035783 0.0115603022 0.9980522394
143.4 252.4 2195.8 0.9934007525 -0.0978199393 -0.0598848350 0.0969371200 0.9951369762 -0.0174807254 0.0613035783 0.0115603022 0.9980522394
133.2 54.3 2183.6 0.9969341755 0.0514674857 -0.0589349344 -0.0549064837 0.9967879653 -0.0583012439 0.0557450131 0.0613584146 0.9965578914
-2.2 260.4 2187.6 0.3335205317 -0.6886416674 -0.6438452601 0.3387445211 0.7248773575 -0.5998374820 0.8797819018 -0.0180409327 0.4750350714
-72.4 189.1 2002.5 -0.7154961228 -0.6886416674 0.1176349446 -0.6833450198 0.7248773575 0.0871343985 -0.1452752799 -0.0180409327 -0.9892267585
289.0 244.4 2203.9 0.5198518038 0.5076369643 0.6870653629 -0.8311101794 0.1145930216 0.5441730618 0.1975094527 -0.8539163470 0.4814736247
406.0 57.3 2248.4 -0.5346055031 0.5076369643 0.6756490469 -0.7353434563 0.1145930216 -0.6679359674 -0.4164936543 -0.8539163470 0.3120254576
28.8 -133.8 2166.0 0.9996849298 0.0242733303 0.0063903169 -0.0250859540 0.9748275280 0.2215445489 -0.0008518328 -0.2216350436 0.9751293063
19.1 -521.2 2254.1 0.9990579486 0.0431688428 0.0044354103 -0.0433590077 0.9887512922 0.1431462765 0.0017939413 -0.1432037354 0.9896916151
211.2 -146.3 2179.8 0.9758515358 0.0695783645 -0.2070569396 -0.0518803671 0.9946153164 0.0897152498 0.2121842355 -0.0768065751 0.9742066264
183.6 -541.5 2210.3 0.9779958725 -0.0407020263 -0.2046154290 0.0669237673 0.9901584983 0.1229120716 0.1975989342 -0.1339011341 0.9710948467
116.8 369.8 2040.9 0 0 0 0 0 0 0 0 0
267.2 -133.8 2140.2 0 0 0 0 0 0 0 0 0
2.7 -899.0 2308.8 0 0 0 0 0 0 0 0 0
199.1 -919.8 2261.5 0 0 0 0 0 0 0 0 0
120.8 493.8 2199.2 5 0.9951694012 -0.0891265646 -0.0411616340 0.0880691186 0.9957529902 -0.0268295538 0.0433780476 0.0230748821 0.9987922311
142.5 251.4 2193.6 0.9951694012 -0.0891265646 -0.0411616340 0.0880691186 0.9957529902 -0.0268295538 0.0433780476 0.0230748821 0.9987922311
133.2 53.2 2184.4 0.9980801940 0.0466049500 -0.0407906026 -0.0484015644 0.9978483915 -0.0442251079 0.0386417285 0.0461145341 0.9981884956
-3.3 258.5 2187.9 0.3288406134 -0.6878973246 -0.6470402479 0.3249592483 0.7257268429 -0.6064008474 0.8867160082 -0.0108525017 0.4621870816
-72.8 189.8 2000.6 -0.7146812677 -0.6878973246 0.1266015619 -0.6798841357 0.7257268429 0.1052523628 -0.1642809808 -0.0108525017 -0.9863538742
288.2 244.3 2199.2 0.5365182161 0.5284456015 0.6579464078 -0.8101727366 0.1043666750 0.5768255591 0.2361532450 -0.8425276875 0.4841268361
409.0 62.0 2252.4 -0.5268579721 0.5284456015 0.6657071114 -0.7378742099 0.1043666750 -0.6668202877 -0.4218558669 -0.8425276875 0.3349399567
31.5 -138.7 2166.2 0.9992811680 0.0306589697 0.0222962666 -0.0349430293 0.9730005860 0.2281420827 -0.0146996798 -0.2287571877 0.9733725190
19.4 -525.4 2257.2 0.9987177253 0.0469671711 0.0188935716 -0.0489391387 0.9912120700 0.1228967682 -0.0129554216 -0.1236638129 0.9922395945
214.3 -148.8 2176.5 0.9787622690 0.0777105093 -0.1896983087 -0.0576089285 0.9923404455 0.1092779264 0.1967373490 -0.0960287973 0.9757422209
183.5 -543.0 2214.6 0.9803916216 -0.0473586768 -0.1912835240 0.0652763322 0.9939367175 0.0884804055 0.1859334111 -0.0992317349 0.9775386453
117.0 370.4 2044.2 0 0 0 0 0 0 0 0 0
272.1 -129.7 2142.7 0 0 0 0 0 0 0 0 0
1.4 -904.0 2304.4 0 0 0 0 0 0 0 0 0
201.5 -922.6 2252.5 0 0 0 0 0 0 0 0 0
121.1 491.2 2198.0 6 0.9961395860 -0.0859217942 -0.0179812387 0.0853562355 0.9958940148 -0.0301573556 0.0204985812 0.0285061244 0.9993833899
142.2 247.0 2191.0 0.9961395860 -0.0859217942 -0.0179812387 0.0853562355 0.9958940148 -0.0301573556 0.0204985812 0.0285061244 0.9993833899
132.5 48.6 2184.1 0.9986444712 0.0488711484 -0.0179122761 -0.0494569801 0.9982018471 -0.0338689797 0.0162248518 0.0347089581 0.9992657304
-3.7 254.2 2188.6 0.3306147754 -0.6896352768 -0.6442802548 0.3037657440 0.7241008878 -0.6191964746 0.8935436606 0.0090052318 0.4488860071
-73.4 190.1 2000.1 -0.7136592269 -0.6896352768 0.1228562444 -0.6774758101 0.7241008878 0.1292456686 -0.1780926883 0.0090052318 -0.9839724898
288.0 239.7 2193.3 0.5562703013 0.5437750220 0.6283885241 -0.7828301191 0.0891852528 0.6158108115 0.2788195312 -0.8344787359 0.4752945602
411.5 65.9 2255.2 -0.5195252299 0.5437750220 0.6590920091 -0.7451320291 0.0891852528 -0.6609268188 -0.4181767702 -0.8344787359 0.3588501811
32.5 -140.7 2171.7 0.9985170364 0.0319325775 0.0440912135 -0.0405324958 0.9767477512 0.2105253041 -0.0363433808 -0.2120002210 0.9765936136
19.8 -528.8 2255.9 0.9977277517 0.0529368296 0.0416773818 -0.0582797565 0.9884849787 0.1396458596 -0.0338050537 -0.1417574883 0.9893240333
215.5 -149.6 2178.7 0.9824610353 0.0794159845 -0.1687111259 -0.0632301942 0.9930524826 0.0992408916 0.1754203141 -0.0868326724 0.9806568027
183.9 -544.2 2213.2 0.9847665429 -0.0407663062 -0.1690352410 0.0574761368 0.9938004017 0.0951695442 0.1641075760 -0.1034352779 0.9810045362
117.0 370.9 2047.6 0 0 0 0 0 0 0 0 0
276.5 -127.7 2146.6 0 0 0 0 0 0 0 0 0
-0.4 -906.4 2310.1 0 0 0 0 0 0 0 0 0
199.5 -923.8 2252.7 0 0 0 0 0 0 0 0 0
121.6 489.9 2199.4 7 0.9956594706 -0.0900810808 -0.0234019663 0.0893476307 0.9955273271 -0.0306967553 0.0260624941 0.0284726042 0.9992547631
143.2 251.7 2192.6 0.9956594706 -0.0900810808 -0.0234019663 0.0893476307 0.9955273271 -0.0306967553 0.0260624941 0.0284726042 0.9992547631
132.9 53.3 2186.9 0.9983927608 0.0515859164 -0.0234700888 -0.0522180423 0.9982661009 -0.0271684416 0.0220278837 0.0283503365 0.9993553162
-2.7 259.3 2189.3 0.3338276148 -0.6863224506 -0.6461583972 0.3239875138 0.7272602320 -0.6050823331 0.8852068782 -0.0073540364 0.4651394486
-74.1 190.0 1999.9 -0.7146185637 -0.6863224506 0.1352101862 -0.6762032509 0.7272602320 0.1176509187 -0.1790794581 -0.0073540364 -0.9838071465
289.0 244.1 2195.8 0.5584282279 0.5430787206 0.6270753145 -0.7811366320 0.0897782966 0.6178716421 0.2792551816 -0.8348684907 0.4743534327
412.5 71.3 2257.5 -0.5055832863 0.5430787206 0.6704111099 -0.7588720918 0.0897782966 -0.6450217366 -0.4104859233 -0.8348684907 0.3667368591
31.3 -145.1 2175.7 0.9988237619 0.0287007447 0.0390815921 -0.0362337753 0.9774030447 0.2082555890 -0.0322213769 -0.2094267011 0.9772933125
19.9 -533.6 2258.9 0.9973065257 0.0635990575 0.0365351699 -0.0677165538 0.9897801876 0.1254974008 -0.0281802695 -0.1276334226 0.9914209843
214.4 -154.2 2178.7 0.9817194343 0.0767356381 -0.1741796434 -0.0596614182 0.9930719137 0.1012358665 0.1807413101 -0.0889934152 0.9794961810
183.9 -548.9 2214.0 0.9835652113 -0.0471242890 -0.1742951870 0.0652444959 0.9928723574 0.0997377485 0.1683528125 -0.1094703749 0.9796292782
117.4 371.2 2047.9 0 0 0 0 0 0 0 0 0
281.2 -125.9 2150.9 0 0 0 0 0 0 0 0 0
-4.4 -911.7 2307.7 0 0 0 0 0 0 0 0 0
201.9 -928.2 2255.9 0 0 0 0 0 0 0 0 0
121.9 490.7 2200.1 8 0.9959702492 -0.0880327597 -0.0171319898 0.0874876529 0.9957040548 -0.0303216316 0.0197276883 0.0287006050 0.9993933439
143.2 249.1 2193.1 0.9959702492 -0.0880327597 -0.0171319898 0.0874876529 0.9957040548 -0.0303216316 0.0197276883 0.0287006050 0.9993933439
133.3 50.8 2185.7 0.9985972643 0.0501395427 -0.0170139670 -0.0507341698 0.9980438352 -0.0365313999 0.0151490169 0.0373433493 0.9991876483
-2.6 256.5 2190.9 0.3374152482 -0.6764149070 -0.6546860337 0.3098225594 0.7365207672 -0.6012879014 0.8889099360 0.0000471813 0.4580819607
-74.3 190.6 2002.0 -0.7244214416 -0.6764149070 0.1329529136 -0.6652913690 0.7365207672 0.1221659258 -0.1805574447 0.0000471813 -0.9835644364
289.1 241.7 2195.3 0.5546326041 0.5522012115 0.6224600673 -0.7816463709 0.0892411545 0.6173046231 0.2853273153 -0.8289209008 0.4811221063
409.8 71.6 2257.4 -0.4907998443 0.5522012115 0.6739357114 -0.7689157724 0.0892411545 -0.6330912709 -0.4097365737 -0.8289209008 0.3807966709
31.1 -140.2 2179.3 0.9985315800 0.0306432098 0.0446736366 -0.0385080241 0.9815165401 0.1874631047 -0.0381034426 -0.1889081150 0.9812552333
19.0 -530.2 2254.3 0.9979898930 0.0463087223 0.0432623141 -0.0520786010 0.9882797599 0.1434954256 -0.0361101814 -0.1454600245 0.9887049198
