56.5 450.1 2088.8 24 0.9635778666 0.1342910528 0.2312652767 -0.1388322711 0.9903100729 0.0033983437 -0.2285679728 -0.0353816524 0.9728847742
26.3 227.3 2096.8 0.9635778666 0.1342910528 0.2312652767 -0.1388322711 0.9903100729 0.0033983437 -0.2285679728 -0.0353816524 0.9728847742
34.7 34.0 2099.7 0.9717265964 -0.0428196564 0.2321937531 0.0383838192 0.9989845753 0.0235906374 -0.2329681218 -0.0140111661 0.9723834395
-105.9 222.1 2128.5 0.4551002681 -0.8286315799 -0.3259654045 0.7184392810 0.1254368722 0.6841860414 -0.5260500908 -0.5455596447 0.6524078250
-196.7 78.8 2233.4 -0.2491328865 -0.8286315799 -0.5013008118 0.7901030779 0.1254368722 -0.6000022292 0.5600624084 -0.5455596447 0.6234539151
158.6 232.6 2065.0 0.2130694985 0.8419097662 0.4957714081 -0.5080186129 0.5289018154 -0.6798381805 -0.8345768452 -0.1070083082 0.5403986573
201.0 131.5 1898.9 -0.5371218920 0.8419097662 -0.0518456623 0.8404251933 0.5289018154 -0.1181033775 -0.0720111206 -0.1070083082 -0.9916469455
-49.0 -139.1 2126.7 0.9857557416 -0.0479256995 0.1612101197 0.0583723150 0.9964478016 -0.0606996007 -0.1577284038 0.0692451894 0.9850516915
-30.8 -517.7 2100.4 0.9875939488 0.0605891049 0.1448694319 -0.0867446810 0.9795240164 0.1816811115 -0.1308951974 -0.1919938177 0.9726278186
121.7 -138.4 2082.1 0.9720163941 0.0053375252 0.2348524481 -0.0185885709 0.9983546138 0.0542453453 -0.2341764867 -0.0570929348 0.9705162644
119.6 -525.9 2104.3 0.9647291303 -0.1197182834 0.2344465554 0.0884743407 0.9862535000 0.1395576000 -0.2479313314 -0.1138927862 0.9620594978
-133.5 -121.7 2091.3 0 0 0 0 0 0 0 0 0
66.1 342.5 1880.9 0 0 0 0 0 0 0 0 0
-53.4 -883.2 2172.1 0 0 0 0 0 0 0 0 0
164.3 -893.9 2146.8 0 0 0 0 0 0 0 0 0
56.6 449.7 2083.9 25 0.9655346870 0.1423951983 0.2178677469 -0.1472728252 0.9890763164 0.0062299753 -0.2146007121 -0.0381012559 0.9759584069
22.9 216.0 2092.9 0.9655346870 0.1423951983 0.2178677469 -0.1472728252 0.9890763164 0.0062299753 -0.2146007121 -0.0381012559 0.9759584069
37.0 23.1 2101.2 0.9728820324 -0.0724472106 0.2196631432 0.0612908155 0.9964799285 0.0571941920 -0.2230334729 -0.0421798714 0.9738978148
-109.7 207.6 2123.4 0.4521351755 -0.8407483697 -0.2978522182 0.6867771745 0.1150726601 0.7177014351 -0.5691316724 -0.5290561914 0.6294351816
-196.4 76.0 2232.5 -0.2468766868 -0.8407483697 -0.4818651974 0.7881812453 0.1150726601 -0.6045896411 0.5637573004 -0.5290561914 0.6342533231
155.6 224.4 2062.4 0.2467530072 0.8385336995 0.4857717454 -0.4748964012 0.5415878296 -0.6936541200 -0.8447403908 -0.0595300272 0.5318550467
203.2 132.8 1899.5 -0.5446624160 0.8385336995 -0.0142853828 0.8360917568 0.5415878296 -0.0873681307 -0.0655243322 -0.0595300272 -0.9960736632
-42.6 -166.8 2122.7 0.9880475402 -0.0280579645 0.1515745074 0.0342026949 0.9986889958 -0.0380849577 -0.1503071934 0.0428140052 0.9877118468
-31.9 -550.1 2106.3 0.9873241186 0.0707633048 0.1420691311 -0.0955899432 0.9796760082 0.1763447523 -0.1267029792 -0.1876897961 0.9740220308
129.7 -155.8 2081.8 0.9749481082 0.0205883868 0.2214775980 -0.0339738056 0.9978075027 0.0567978546 -0.2198226303 -0.0628993958 0.9735099673
121.7 -543.1 2106.2 0.9668844342 -0.1252017915 0.2223938107 0.0977510363 0.9866232872 0.1304579377 -0.2357524782 -0.1043985263 0.9661892653
-133.7 -124.1 2089.4 0 0 0 0 0 0 0 0 0
66.5 342.6 1883.1 0 0 0 0 0 0 0 0 0
-58.3 -915.8 2176.3 0 0 0 0 0 0 0 0 0
168.4 -911.4 2145.1 0 0 0 0 0 0 0 0 0
56.5 450.6 2080.9 26 0.9678594470 0.0907973126 0.2345290929 -0.0983130187 0.9949437380 0.0205303580 -0.2314791530 -0.0429277644 0.9718922973
36.8 234.5 2090.2 0.9678594470 0.0907973126 0.2345290929 -0.0983130187 0.9949437380 0.0205303580 -0.2314791530 -0.0429277644 0.9718922973
41.4 41.1 2098.9 0.9715934396 -0.0238204375 0.2354543507 0.0128367348 0.9987613559 0.0480723605 -0.2363078147 -0.0436843261 0.9706957936
-95.6 232.8 2122.5 0.5004075170 -0.8262901902 -0.2585281134 0.6250627041 0.1381748319 0.7682475448 -0.5990733504 -0.5460331440 0.5856269598
-207.1 93.5 2256.0 -0.2621380985 -0.8262901902 -0.4985259473 0.7637097836 0.1381748319 -0.6305989623 0.5899415016 -0.5460331440 0.5948250294
169.2 236.3 2058.0 0.1900386661 0.8279305100 0.5276517272 -0.5353744030 0.5378962159 -0.6511849761 -0.8229578137 -0.1587408930 0.5454739332
205.7 133.4 1899.8 -0.5536621213 0.8279305100 -0.0893828645 0.8290342689 0.5378962159 -0.1528720111 -0.0784887075 -0.1587408930 -0.9841955304
-36.8 -172.8 2128.5 0.9866166711 -0.0043643760 0.1629985571 0.0106731215 0.9992265105 -0.0378486738 -0.1627072841 0.0390818380 0.9859000444
-35.1 -563.0 2113.2 0.9862107038 0.0462536551 0.1588996500 -0.0720986500 0.9843246341 0.1609559804 -0.1489640325 -0.1701929569 0.9740862846
138.0 -164.4 2089.5 0.9708986878 0.0340507179 0.2370575368 -0.0457488932 0.9979825616 0.0440210402 -0.2350803316 -0.0535850897 0.9704977274
124.7 -551.8 2110.3 0.9650496840 -0.1080047637 0.2387762219 0.0838432983 0.9904823303 0.1091560423 -0.2482929975 -0.0853212178 0.9649201632
-140.6 -100.2 2106.3 0 0 0 0 0 0 0 0 0
66.6 341.8 1880.0 0 0 0 0 0 0 0 0 0
-52.4 -930.3 2176.7 0 0 0 0 0 0 0 0 0
165.0 -921.4 2142.2 0 0 0 0 0 0 0 0 0
56.6 450.8 2084.9 27 0.9632700682 0.0625679120 0.2611438036 -0.0695190504 0.9974278808 0.0174564365 -0.2593798935 -0.0349697322 0.9651420712
43.6 243.7 2092.2 0.9632700682 0.0625679120 0.2611438036 -0.0695190504 0.9974278808 0.0174564365 -0.2593798935 -0.0349697322 0.9651420712
43.6 50.0 2098.5 0.9651888013 -0.0003214296 0.2615538538 -0.0079625482 0.9994996190 0.0306117889 -0.2614328265 -0.0316287912 0.9647033215
-88.1 244.8 2127.9 0.5411092043 -0.7890764475 -0.2907905579 0.6278306842 0.1490021497 0.7639548182 -0.5594903827 -0.5959502459 0.5760328174
-211.8 101.2 2255.9 -0.2862262428 -0.7890764475 -0.5435373783 0.7692116499 0.1490021497 -0.6213789582 0.5713037252 -0.5959502459 0.5643184781
175.2 242.7 2056.5 0.1613857746 0.8231769204 0.5443660021 -0.5648136139 0.5293691158 -0.6330512762 -0.8092837334 -0.2052998692 0.5503742099
207.0 131.6 1897.3 -0.5559842587 0.8231769204 -0.1151573658 0.8248656988 0.5293691158 -0.1984058172 -0.1023623347 -0.2052998692 -0.9733313322
-41.3 -152.2 2128.1 0.9821846485 -0.0108017595 0.1876077205 0.0143913198 0.9997383356 -0.0177817885 -0.1873665452 0.0201649219 0.9820830822
-37.1 -541.4 2120.3 0.9820041656 0.0378508903 0.1850274056 -0.0571594052 0.9933280945 0.1001604199 -0.1800017506 -0.1089340001 0.9776158333
132.8 -151.1 2086.3 0.9642675519 0.0198952835 0.2641822100 -0.0358705446 0.9977982640 0.0557846911 -0.2624906898 -0.0632677302 0.9628581405
125.1 -538.4 2110.8 0.9595904350 -0.0951769873 0.2648160756 0.0704404116 0.9923478961 0.1014090329 -0.2724414766 -0.0786573812 0.9589518309
-139.2 -93.9 2111.0 0 0 0 0 0 0 0 0 0
66.4 340.1 1871.4 0 0 0 0 0 0 0 0 0
-51.2 -911.3 2160.9 0 0 0 0 0 0 0 0 0
160.6 -908.7 2140.2 0 0 0 0 0 0 0 0 0
56.0 450.8 2087.5 28 0.9693672657 0.0519571975 0.2400574684 -0.0574335642 0.9982231855 0.0158684291 -0.2388064563 -0.0291696917 0.9706289768
45.5 248.5 2093.4 0.9693672657 0.0519571975 0.2400574684 -0.0574335642 0.9982231855 0.0158684291 -0.2388064563 -0.0291696917 0.9706289768
42.2 54.7 2098.7 0.9705582857 0.0167558156 0.2402828187 -0.0228058305 0.9994884729 0.0224200115 -0.2397842556 -0.0272397771 0.9704439640
-86.9 251.7 2126.1 0.5613128543 -0.7742885351 -0.2922416329 0.5999206305 0.1374262422 0.7881683111 -0.5701079965 -0.6177307963 0.5416507721
-214.6 115.3 2255.7 -0.2881919146 -0.7742885351 -0.5634028316 0.7924680710 0.1374262422 -0.5942292809 0.5375312567 -0.6177307963 0.5739938021
177.9 245.4 2060.6 0.1452938020 0.8133965135 0.5632724762 -0.5539378524 0.5385957360 -0.6348759532 -0.8197820187 -0.2197743952 0.5288257003
206.8 135.3 1897.6 -0.5703488588 0.8133965135 -0.1144041345 0.8127055764 0.5385957360 -0.2223157138 -0.1192132384 -0.2197743952 -0.9682393670
-42.9 -142.4 2127.9 0.9859501719 -0.0236920696 0.1653508842 0.0311984550 0.9985900521 -0.0429477915 -0.1641002297 0.0475030765 0.9852992296
-33.7 -530.4 2109.4 0.9862818718 0.0488726571 0.1576689184 -0.0729287416 0.9859013557 0.1505983621 -0.1480858624 -0.1600310355 0.9759408832
129.9 -144.4 2081.3 0.9697033763 0.0199448932 0.2434698939 -0.0333920568 0.9981285334 0.0512294248 -0.2419924736 -0.0578073040 0.9685545564
122.2 -531.9 2103.7 0.9636743665 -0.1081047654 0.2442234308 0.0712966174 0.9853634238 0.1548408568 -0.2573878765 -0.1318038702 0.9572770000
-141.5 -85.7 2119.5 0 0 0 0 0 0 0 0 0
61.8 341.9 1867.3 0 0 0 0 0 0 0 0 0
-51.9 -897.6 2169.0 0 0 0 0 0 0 0 0 0
162.5 -899.1 2152.9 0 0 0 0 0 0 0 0 0
55.5 451.1 2088.2 29 0.9598811269 0.0404409394 0.2774755955 -0.0474042669 0.9987057447 0.0184299611 -0.2763711512 -0.0308440998 0.9605559111
47.5 251.4 2094.4 0.9598811269 0.0404409394 0.2774755955 -0.0474042669 0.9987057447 0.0184299611 -0.2763711512 -0.0308440998 0.9605559111
42.9 57.5 2100.1 0.9604118466 0.0237104762 0.2775731981 -0.0308754053 0.9992926121 0.0214696527 -0.2768677771 -0.0291898940 0.9604645371
-83.6 255.6 2132.2 0.5591258407 -0.7575300932 -0.3369368613 0.6488081217 0.1467760354 0.7466624975 -0.5161650777 -0.6360856295 0.5735579133
-209.3 109.7 2248.3 -0.2834746540 -0.7575300932 -0.5880393386 0.8037688732 0.1467760354 -0.5765522122 0.5230657458 -0.6360856295 0.5672718287
178.5 247.2 2056.6 0.1530462056 0.8179562688 0.5545488596 -0.5778028369 0.5293115377 -0.6212673783 -0.8016986251 -0.2253372967 0.5536265969
208.5 133.9 1899.4 -0.5633419752 0.8179562688 -0.1165907457 0.8163625598 0.5293115377 -0.2310443372 -0.1272713393 -0.2253372967 -0.9659322500
-48.0 -136.8 2125.4 0.9786008596 -0.0354466513 0.2026916146 0.0446640141 0.9981570244 -0.0410817079 -0.2008618414 0.0492556170 0.9783805013
-34.2 -524.5 2106.2 0.9806560874 0.0440656878 0.1907139719 -0.0771362484 0.9824849367 0.1696271002 -0.1798988581 -0.1810568124 0.9668788910
125.8 -141.2 2082.5 0.9596779943 0.0129829049 0.2808017731 -0.0264859367 0.9986650944 0.0443458632 -0.2798511684 -0.0499950461 0.9587407708
120.8 -528.9 2101.9 0.9531207085 -0.1148785502 0.2799353600 0.0652287304 0.9813829660 0.1806452721 -0.2954760492 -0.1539169252 0.9428698421
-137.4 -94.2 2115.6 0 0 0 0 0 0 0 0 0
64.9 342.0 1867.0 0 0 0 0 0 0 0 0 0
-50.7 -890.7 2173.7 0 0 0 0 0 0 0 0 0
163.6 -894.8 2159.3 0 0 0 0 0 0 0 0 0
57.1 452.1 2094.1 30 0.9683613181 0.0361896567 0.2469143569 -0.0401352383 0.9991341233 0.0109636933 -0.2463037819 -0.0205267835 0.9689753056
49.9 253.4 2098.2 0.9683613181 0.0361896567 0.2469143569 -0.0401352383 0.9991341233 0.0109636933 -0.2463037819 -0.0205267835 0.9689753056
44.3 59.4 2101.3 0.9686246514 0.0289189368 0.2468399405 -0.0320510902 0.9994485378 0.0086796656 -0.2464528233 -0.0163188279 0.9690173864
-82.3 257.8 2131.8 0.5400609374 -0.7752826214 -0.3275225461 0.6673904061 0.1574050337 0.7278830409 -0.5127613544 -0.6116865873 0.6024245024
-207.7 102.8 2250.9 -0.2746373713 -0.7752826214 -0.5687804222 0.7880957723 0.1574050337 -0.5950871706 0.5508896708 -0.6116865873 0.5677676201
182.1 249.0 2064.5 0.1374689788 0.8224830627 0.5519274473 -0.5715033412 0.5209738016 -0.6340112090 -0.8090031743 -0.2282715142 0.5416696072
210.0 133.1 1900.6 -0.5547317863 0.8224830627 -0.1256750673 0.8233956099 0.5209738016 -0.2249577492 -0.1195505261 -0.2282715142 -0.9662296772
-47.7 -133.4 2130.5 0.9843381643 -0.0394543149 0.1718190610 0.0524959452 0.9960198402 -0.0720320642 -0.1682932079 0.0799237117 0.9824915528
-32.4 -520.0 2099.5 0.9867521524 0.0529868975 0.1533381194 -0.0858025998 0.9726019502 0.2160633057 -0.1376884282 -0.2263577431 0.9642634988
124.2 -139.1 2081.0 0.9680585265 0.0101877535 0.2505172789 -0.0239629149 0.9983596206 0.0519982576 -0.2495765984 -0.0563404821 0.9667146802
120.2 -526.7 2102.9 0.9612063766 -0.1162766963 0.2501240671 0.0770918801 0.9839158058 0.1611411572 -0.2648379803 -0.1356073618 0.9547101855
-138.0 -97.1 2111.2 0 0 0 0 0 0 0 0 0
68.1 343.7 1870.0 0 0 0 0 0 0 0 0 0
-52.2 -882.4 2183.8 0 0 0 0 0 0 0 0 0
163.6 -893.7 2153.5 0 0 0 0 0 0 0 0 0
56.5 452.5 2091.5 31 0.9706174731 0.0305326004 0.2386827171 -0.0364172980 0.9991307855 0.0202830117 -0.2378559560 -0.0283792261 0.9708857536
50.5 253.6 2097.2 0.9706174731 0.0305326004 0.2386827171 -0.0364172980 0.9991307855 0.0202830117 -0.2378559560 -0.0283792261 0.9708857536
45.2 59.6 2101.3 0.9707628489 0.0271319933 0.2385022193 -0.0313789211 0.9994091392 0.0140272519 -0.2379807085 -0.0211010780 0.9710406661
-82.1 257.9 2129.7 0.5278197527 -0.7786635756 -0.3392482102 0.6833443046 0.1520978510 0.7140775919 -0.5044273138 -0.6087275743 0.6123755574
-205.0 98.7 2247.2 -0.2667080462 -0.7786635756 -0.5679347515 0.7979274392 0.1520978510 -0.5832478404 0.5405355096 -0.6087275743 0.5807512999
183.0 249.3 2064.7 0.1399829686 0.8238471150 0.5492546558 -0.5757870674 0.5190120935 -0.6317402124 -0.8055271506 -0.2278208733 0.5470134020
211.4 132.6 1901.4 -0.5521005392 0.8238471150 -0.1283001602 0.8257707357 0.5190120935 -0.2207466662 -0.1152721718 -0.2278208733 -0.9668557048
-47.9 -131.6 2126.5 0.9854721427 -0.0462341271 0.1634230018 0.0574333817 0.9962648749 -0.0644802898 -0.1598314047 0.0729294643 0.9844466448
-30.0 -518.3 2098.2 0.9872958064 0.0662931129 0.1444029361 -0.0963118523 0.9725055099 0.2120307535 -0.1263764799 -0.2232447863 0.9665354490
125.5 -137.4 2082.5 0.9701598287 0.0147342142 0.2420182824 -0.0274015479 0.9984200001 0.0490580536 -0.2409130633 -0.0542258285 0.9690306783
119.7 -525.0 2103.5 0.9629659057 -0.1184254438 0.2422232926 0.0823502094 0.9846314788 0.1540106982 -0.2567394674 -0.1283599138 0.9579188824
-137.4 -103.7 2110.0 0 0 0 0 0 0 0 0 0
70.5 343.3 1872.0 0 0 0 0 0 0 0 0 0
-54.7 -881.0 2181.5 0 0 0 0 0 0 0 0 0
163.9 -892.5 2151.4 0 0 0 0 0 0 0 0 0
56.2 453.6 2095.7 32 0.9752302766 0.0289188493 0.2192933559 -0.0320293307 0.9994302988 0.0106414538 -0.2188606858 -0.0174016878 0.9756009579
50.5 254.6 2099.2 0.9752302766 0.0289188493 0.2192933559 -0.0320293307 0.9994302988 0.0106414538 -0.2188606858 -0.0174016878 0.9756009579
45.5 60.6 2101.6 0.9753406644 0.0259875264 0.2191693932 -0.0280106459 0.9995888472 0.0061280513 -0.2189200222 -0.0121160140 0.9756675959
-82.7 258.4 2129.1 0.4887994528 -0.7972978354 -0.3541062772 0.7314448953 0.1533277482 0.6644388437 -0.4754613638 -0.5837865472 0.6581259370
-197.0 87.4 2240.3 -0.2493427396 -0.7972978354 -0.5496765971 0.7971432805 0.1533277482 -0.5839975476 0.5499006510 -0.5837865472 0.5973294973
183.7 250.8 2069.3 0.1376452893 0.8262459636 0.5462338328 -0.5719859600 0.5165399909 -0.6371958256 -0.8086320758 -0.2247310877 0.5437003374
212.0 133.1 1903.0 -0.5503525734 0.8262459636 -0.1201236472 0.8252928853 0.5165399909 -0.2282062471 -0.1265058219 -0.2247310877 -0.9661740065
-47.0 -131.5 2126.7 0.9885294437 -0.0464717112 0.1437008828 0.0565938652 0.9961351156 -0.0671714693 -0.1400239170 0.0745335668 0.9873389006
-28.9 -518.2 2097.7 0.9892782569 0.0726015419 0.1267182827 -0.0964532867 0.9763213992 0.1936318874 -0.1096598059 -0.2037782222 0.9728561640
126.9 -137.2 2084.1 0.9747287631 0.0173715558 0.2227153033 -0.0278600939 0.9986413121 0.0440386459 -0.2216476649 -0.0491306037 0.9738883376
120.1 -524.9 2103.1 0.9684157968 -0.1108511239 0.2233448029 0.0802148506 0.9866287708 0.1418774277 -0.2360856831 -0.1194807664 0.9643588066
-133.7 -114.8 2100.8 0 0 0 0 0 0 0 0 0
71.8 343.4 1870.8 0 0 0 0 0 0 0 0 0
-56.0 -882.4 2173.8 0 0 0 0 0 0 0 0 0
161.5 -893.1 2147.7 0 0 0 0 0 0 0 0 0
56.6 452.0 2098.4 33 0.9753913283 0.0335527062 0.2179127336 -0.0354514420 0.9993598461 0.0048083626 -0.2176118940 -0.0124153560 0.9759564400
49.9 254.1 2100.8 0.9753913283 0.0335527062 0.2179127336 -0.0354514420 0.9993598461 0.0048083626 -0.2176118940 -0.0124153560 0.9759564400
43.8 60.1 2102.3 0.9754906297 0.0315084197 0.2177733332 -0.0324004628 0.9994748235 0.0005256648 -0.2176423967 -0.0075687380 0.9759992361
-83.3 258.5 2130.5 0.4846704900 -0.7977741957 -0.3586792946 0.7436890602 0.1599756479 0.6491027474 -0.4604574442 -0.5813468099 0.6708314419
-196.7 84.6 2238.3 -0.2477444261 -0.7977741957 -0.5497081280 0.7920445800 0.1599756479 -0.5891291499 0.5579319596 -0.5813468099 0.5922396779
183.2 249.7 2071.1 0.1406366676 0.8144099712 0.5629900098 -0.5405172110 0.5395783782 -0.6455202103 -0.8294953108 -0.2135219574 0.5160870552
211.7 140.0 1902.7 -0.5705206990 0.8144099712 -0.1060308367 0.8117576838 0.5395783782 -0.2233934850 -0.1247219369 -0.2135219574 -0.9689441919
-46.9 -130.9 2123.5 0.9889728427 -0.0434311889 0.1415854990 0.0531136803 0.9964485765 -0.0653388947 -0.1382449269 0.0721385181 0.9877673984
-30.1 -517.7 2095.5 0.9904639721 0.0586383678 0.1246700287 -0.0835692883 0.9751285911 0.2052812576 -0.1095319539 -0.2137422711 0.9707301259
127.8 -135.9 2084.3 0.9749291539 0.0213935133 0.2214845568 -0.0301778540 0.9988832474 0.0363530926 -0.2204594910 -0.0421256199 0.9744860530
119.5 -523.7 2100.7 0.9679461122 -0.1166422814 0.2224296629 0.0818584561 0.9837710857 0.1596672535 -0.2374438345 -0.1363415569 0.9617855549
-133.8 -116.4 2096.7 0 0 0 0 0 0 0 0 0
67.0 346.0 1871.1 0 0 0 0 0 0 0 0 0
-51.9 -881.6 2175.3 0 0 0 0 0 0 0 0 0
163.0 -890.9 2151.6 0 0 0 0 0 0 0 0 0
57.8 450.5 2093.2 34 0.9749372602 0.1046144217 0.1963495761 -0.1100802571 0.9937755466 0.0171025991 -0.1933382303 -0.0382881723 0.9803847671
35.3 237.0 2101.4 0.9749372602 0.1046144217 0.1963495761 -0.1100802571 0.9937755466 0.0171025991 -0.1933382303 -0.0382881723 0.9803847671
39.8 43.3 2102.9 0.9803052545 -0.0231887903 0.1961221993 0.0213397779 0.9997057319 0.0115360282 -0.1963319927 -0.0071236249 0.9805116057
-98.4 234.1 2128.2 0.4643234611 -0.8240693808 -0.3245202303 0.7160509229 0.1336532682 0.6851335168 -0.5212243199 -0.5504965782 0.6521339417
-196.0 83.6 2237.8 -0.2443670183 -0.8240693808 -0.5110718608 0.7928362489 0.1336532682 -0.5945985913 0.5582969189 -0.5504965782 0.6206915975
169.0 240.0 2074.6 0.2055538446 0.8119607568 0.5463216305 -0.4690215290 0.5716895461 -0.6731937528 -0.8589333296 -0.1178590283 0.4983400702
210.5 145.1 1900.8 -0.5826637149 0.8119607568 -0.0349675566 0.8059046865 0.5716895461 -0.1539112777 -0.1049793288 -0.1178590283 -0.9874657393
-49.7 -131.0 2123.2 0.9909139276 -0.0521955825 0.1239566505 0.0606471002 0.9960135221 -0.0654143915 -0.1200481579 0.0723376349 0.9901291132
-29.4 -517.6 2095.2 0.9926584959 0.0611835830 0.1043343097 -0.0827271640 0.9727373719 0.2166523039 -0.0882343203 -0.2236930281 0.9706575871
125.1 -136.8 2084.3 0.9798894525 0.0250587743 0.1979613751 -0.0315634646 0.9990582466 0.0297711119 -0.1970289201 -0.0354207456 0.9797576070
115.4 -524.7 2098.0 0.9690994024 -0.1451336592 0.1994557828 0.1084810272 0.9769586325 0.1838035285 -0.2215361297 -0.1564867198 0.9625142217
-134.0 -117.6 2096.1 0 0 0 0 0 0 0 0 0
63.2 348.8 1874.3 0 0 0 0 0 0 0 0 0
-52.2 -880.7 2178.6 0 0 0 0 0 0 0 0 0
169.5 -889.1 2156.4 0 0 0 0 0 0 0 0 0
58.6 449.8 2091.1 35 0.9635688066 0.1743780673 0.2027989477 -0.1783416867 0.9839677811 0.0012924045 -0.1993222684 -0.0374128297 0.9792195559
17.5 217.7 2099.9 0.9635688066 0.1743780673 0.2027989477 -0.1783416867 0.9839677811 0.0012924045 -0.1993222684 -0.0374128297 0.9792195559
37.6 25.5 2102.7 0.9734285474 -0.1039728671 0.2040256858 0.0987244472 0.9944719076 0.0357646011 -0.2066163570 -0.0146719590 0.9783120155
-115.0 204.3 2128.2 0.4666611850 -0.8400928974 -0.2765344083 0.6346333623 0.1002944037 0.7662776709 -0.6160095930 -0.5330899954 0.5799545050
-200.7 87.7 2241.3 -0.2577462494 -0.8400928974 -0.4772953093 0.7909238338 0.1002944037 -0.6036394238 0.5549831986 -0.5330899954 0.6385989785
149.9 231.2 2071.6 0.3106729984 0.8006432652 0.5123013854 -0.4091559947 0.5991266966 -0.6882140636 -0.8579473495 0.0041983589 0.5137204528
212.0 149.4 1900.3 -0.5969994068 0.8006432652 0.0506175756 0.7983532548 0.5991266966 -0.0606572628 -0.0788911656 0.0041983589 -0.9968743920
-43.4 -152.4 2122.0 0.9900940061 -0.0235513896 0.1384167373 0.0302848443 0.9984477758 -0.0467429757 -0.1371010095 0.0504718684 0.9892703891
-34.2 -539.8 2102.4 0.9908312559 0.0455625467 0.1271907538 -0.0729858652 0.9727404714 0.2201114893 -0.1136947498 -0.2273764759 0.9671470523
131.9 -148.6 2086.8 0.9783282280 0.0318195075 0.2046005428 -0.0399591364 0.9985607266 0.0357743092 -0.2031677365 -0.0431746803 0.9781916142
119.6 -536.2 2103.6 0.9709085822 -0.1205073446 0.2069166452 0.0897384807 0.9842735529 0.1521595269 -0.2219989300 -0.1291646063 0.9664537907
-135.3 -113.0 2100.4 0 0 0 0 0 0 0 0 0
60.9 351.5 1880.3 0 0 0 0 0 0 0 0 0
-51.3 -902.8 2187.2 0 0 0 0 0 0 0 0 0
164.5 -903.3 2151.7 0 0 0 0 0 0 0 0 0
58.8 448.5 2093.5 36 0.9576851726 0.1997508258 0.2072165459 -0.2001961768 0.9795708060 -0.0190389287 -0.2067863196 -0.0232506581 0.9781098366
9.9 208.9 2099.2 0.9576851726 0.1997508258 0.2072165459 -0.2001961768 0.9795708060 -0.0190389287 -0.2067863196 -0.0232506581 0.9781098366
35.2 16.9 2103.4 0.9690501690 -0.1303974986 0.2096145749 0.1227589175 0.9912209511 0.0491052754 -0.2141775638 -0.0218534172 0.9765502810
-122.2 192.2 2128.5 0.4815967977 -0.8471120000 -0.2246459872 0.5407953858 0.0855413079 0.8367933035 -0.6896411180 -0.5244845152 0.4993106723
-206.1 97.9 2248.7 -0.2659642100 -0.8471120000 -0.4600699246 0.7862108350 0.0855413079 -0.6120091677 0.5577952862 -0.5244845152 0.6432576776
142.0 225.6 2069.9 0.3600436151 0.7891148329 0.4976609051 -0.3697629571 0.6104506254 -0.7004465461 -0.8565301895 0.0681747571 0.5115742683
213.4 152.3 1900.1 -0.6074258685 0.7891148329 0.0912777260 0.7920252681 0.6104506254 -0.0067819068 -0.0610722490 0.0681747571 -0.9958024025
-29.1 -175.6 2124.1 0.9891160727 0.0168109685 0.1461736262 -0.0128729008 0.9995293617 -0.0278454013 -0.1465729326 0.0256606564 0.9888669848
-35.7 -563.1 2114.1 0.9883276224 0.0402969867 0.1469172090 -0.0612273589 0.9881353378 0.1408535838 -0.1394981146 -0.1482048333 0.9790687561
144.6 -158.0 2087.0 0.9759906530 0.0578143820 0.2099994868 -0.0683252662 0.9967299104 0.0431405567 -0.2068186402 -0.0564530529 0.9767492414
122.1 -544.8 2108.9 0.9700739384 -0.1139736325 0.2143982053 0.0863963589 0.9872224927 0.1338932961 -0.2269190401 -0.1113631725 0.9675257206
-138.6 -101.6 2107.1 0 0 0 0 0 0 0 0 0
59.3 353.2 1884.6 0 0 0 0 0 0 0 0 0
-50.7 -930.7 2169.3 0 0 0 0 0 0 0 0 0
164.6 -913.1 2150.5 0 0 0 0 0 0 0 0 0
58.5 448.3 2096.7 37 0.9556235075 0.2160705030 0.2002429813 -0.2137619257 0.9763165116 -0.0333458520 -0.2027055770 -0.0109382458 0.9791786075
5.3 208.1 2099.4 0.9556235075 0.2160705030 0.2002429813 -0.2137619257 0.9763165116 -0.0333458520 -0.2027055770 -0.0109382458 0.9791786075
33.7 16.4 2104.1 0.9680627584 -0.1466821432 0.2033194751 0.1385420412 0.9888948798 0.0537864678 -0.2089511156 -0.0239003822 0.9776340127
-126.8 189.2 2128.0 0.4744952321 -0.8497945666 -0.2295724601 0.5282390714 0.0662659556 0.8465059400 -0.7041432858 -0.5229321718 0.4803375304
-205.7 101.4 2245.0 -0.2643832266 -0.8497945666 -0.4560161531 0.8046718240 0.0662659556 -0.5900102258 0.5316057801 -0.5229321718 0.6662861705
137.4 227.0 2070.9 0.3815477490 0.7874893546 0.4840266705 -0.3690813482 0.6098777652 -0.7013045549 -0.8474669456 0.0889359415 0.5233451128
213.5 153.4 1901.7 -0.6089108586 0.7874893546 0.0953312218 0.7921891809 0.6098777652 0.0220320839 -0.0407903604 0.0889359415 -0.9952017665
-26.1 -186.0 2126.8 0.9897457957 0.0217061061 0.1411811262 -0.0196032263 0.9996754527 -0.0162688196 -0.1414884329 0.0133343907 0.9898501039
-34.6 -573.8 2121.7 0.9886279702 0.0471076183 0.1428130418 -0.0640640184 0.9911152124 0.1165607944 -0.1360532641 -0.1243844405 0.9828621745
147.1 -164.0 2088.4 0.9770852327 0.0608298518 0.2039709240 -0.0726807564 0.9960445166 0.0511153862 -0.2000547945 -0.0647688508 0.9776415825
123.5 -550.6 2113.6 0.9720320106 -0.1119704396 0.2064373046 0.0940603688 0.9910569787 0.0946505070 -0.2151891887 -0.0725857541 0.9738711119
-138.6 -102.7 2110.2 0 0 0 0 0 0 0 0 0
58.5 355.1 1891.3 0 0 0 0 0 0 0 0 0
-52.1 -943.0 2168.0 0 0 0 0 0 0 0 0 0
165.2 -920.2 2140.6 0 0 0 0 0 0 0 0 0
57.8 448.2 2098.9 38 0.9545142651 0.2212609798 0.1998651922 -0.2178684026 0.9751947522 -0.0390965976 -0.2035580426 -0.0062260516 0.9790430665
3.8 210.4 2100.4 0.9545142651 0.2212609798 0.1998651922 -0.2178684026 0.9751947522 -0.0390965976 -0.2035580426 -0.0062260516 0.9790430665
32.5 18.6 2104.5 0.9679313898 -0.1476313919 0.2032579929 0.1400219798 0.9888131618 0.0514036603 -0.2085729837 -0.0212946292 0.9777749777
-128.3 191.3 2128.9 0.4639131129 -0.8586474657 -0.2179659307 0.5188936591 0.0639588386 0.8524427414 -0.7180069685 -0.5085604787 0.4752180576
-205.6 104.9 2248.5 -0.2558898032 -0.8586474657 -0.4441226423 0.8062066436 0.0639588386 -0.5881667137 0.5334334373 -0.5085604787 0.6758809090
136.0 229.5 2071.9 0.3867320418 0.7867389917 0.4811237454 -0.3815159798 0.6114702821 -0.6932168603 -0.8395736217 0.0845327675 0.5366286635
214.1 152.5 1902.3 -0.6118874550 0.7867389917 0.0814584792 0.7905829549 0.6114702821 0.0329032429 -0.0239231773 0.0845327675 -0.9961334467
-24.4 -187.7 2127.4 0.9895563126 0.0284468960 0.1413121372 -0.0267847944 0.9995480180 -0.0136504713 -0.1416365802 0.0097228931 0.9898709655
-35.5 -575.6 2123.7 0.9887732863 0.0410844609 0.1436642706 -0.0562174246 0.9931001663 0.1029156670 -0.1384447664 -0.1098366976 0.9842606187
148.8 -162.9 2090.0 0.9772452712 0.0606972836 0.2032425553 -0.0697488859 0.9968532324 0.0376667231 -0.2003167272 -0.0509855673 0.9784036279
125.3 -549.8 2109.8 0.9744415879 -0.0870447606 0.2070912570 0.0653336868 0.9918404222 0.1094717905 -0.2149304301 -0.0931438357 0.9721775055
-140.7 -99.7 2113.1 0 0 0 0 0 0 0 0 0
57.9 354.3 1896.2 0 0 0 0 0 0 0 0 0
-50.8 -945.9 2164.6 0 0 0 0 0 0 0 0 0
157.7 -919.7 2144.5 0 0 0 0 0 0 0 0 0
61.0 450.6 2099.4 39 0.9438349009 0.2457818836 0.2208324224 -0.2427394837 0.9692141414 -0.0412497222 -0.2241723388 -0.0146718211 0.9744390845
0.0 210.0 2103.1 0.9438349009 0.2457818836 0.2208324224 -0.2427394837 0.9692141414 -0.0412497222 -0.2241723388 -0.0146718211 0.9744390845
29.6 18.2 2105.5 0.9623053670 -0.1527137607 0.2250486016 0.1457301527 0.9881870151 0.0474246256 -0.2296325117 -0.0128406044 0.9731926918
-131.4 190.1 2134.4 0.4741877913 -0.8501836061 -0.2287657410 0.5158216953 0.0577036999 0.8547503948 -0.7134941816 -0.5233145356 0.4659055471
-208.0 106.7 2249.7 -0.2733519971 -0.8501836061 -0.4499627650 0.8011237979 0.0577036999 -0.5957104564 0.5324277878 -0.5233145356 0.6653289199
131.4 229.9 2071.7 0.4048218429 0.7858217359 0.4675504863 -0.3850859404 0.6102808118 -0.6922904849 -0.8293540478 0.1002071947 0.5496639013
213.8 151.5 1902.9 -0.6110803485 0.7858217359 0.0952099562 0.7911379337 0.6102808118 0.0407196656 -0.0261064097 0.1002071947 -0.9946240187
-25.6 -185.8 2127.3 0.9858122468 0.0360966586 0.1639243960 -0.0348551497 0.9993377924 -0.0104445852 -0.1641928554 0.0045827911 0.9864175916
-39.6 -573.6 2125.5 0.9858404398 0.0187465288 0.1666347831 -0.0334123820 0.9957649708 0.0856492519 -0.1643234491 -0.0900041610 0.9822917581
147.8 -160.7 2089.9 0.9720212817 0.0648324937 0.2257685065 -0.0767992437 0.9960475564 0.0446220376 -0.2219832093 -0.0607124195 0.9731584787
122.6 -547.3 2113.5 0.9678375721 -0.1050500050 0.2285934389 0.0859750509 0.9920508265 0.0918883011 -0.2364291847 -0.0692796111 0.9691756964
-138.6 -96.6 2114.6 0 0 0 0 0 0 0 0 0
57.6 353.7 1896.2 0 0 0 0 0 0 0 0 0
-46.6 -945.0 2159.1 0 0 0 0 0 0 0 0 0
161.8 -917.3 2139.3 0 0 0 0 0 0 0 0 0
61.2 451.1 2100.7 40 0.9674500227 0.1544766426 0.2004431933 -0.1530525982 0.9879577756 -0.0226780511 -0.2015326470 -0.0087384721 0.9794428349
26.9 232.0 2102.6 0.9674500227 0.1544766426 0.2004431933 -0.1530525982 0.9879577756 -0.0226780511 -0.2015326470 -0.0087384721 0.9794428349
38.5 39.1 2103.8 0.9774773717 -0.0596141182 0.2024454772 0.0568920001 0.9981948733 0.0192440171 -0.2032272518 -0.0072930628 0.9791044593
-105.9 224.3 2130.4 0.5189660192 -0.8044960499 -0.2888950706 0.6078873277 0.1097392887 0.7864033580 -0.6009552479 -0.5837323070 0.5459939241
-206.1 107.0 2246.4 -0.2673478127 -0.8044960499 -0.5303878188 0.8106945157 0.1097392887 -0.5750927925 0.5208642483 -0.5837323070 0.6228619218
159.8 239.7 2074.8 0.2702060044 0.7891546488 0.5515647531 -0.4392050505 0.6108254194 -0.6587800980 -0.8567891717 -0.0642436817 0.5116493702
214.1 151.5 1902.9 -0.6135541201 0.7891546488 -0.0280408170 0.7887828350 0.6108254194 -0.0686582774 -0.0370539539 -0.0642436817 -0.9972460866
-28.6 -181.6 2127.5 0.9900072813 0.0277040824 0.1382682770 -0.0276638251 0.9996148348 -0.0022132578 -0.1382763386 -0.0016338881 0.9903923273
-39.5 -574.6 2128.2 0.9898517728 0.0248197820 0.1399192512 -0.0349788591 0.9968897104 0.0706214532 -0.1377312541 -0.0747989863 0.9876412153
145.4 -160.5 2087.4 0.9766089916 0.0573498420 0.2072339505 -0.0703869313 0.9959416389 0.0560883470 -0.2031762749 -0.0693629459 0.9766822457
123.2 -547.1 2114.4 0.9720536470 -0.1074767783 0.2087113261 0.0918848366 0.9923007488 0.0830443576 -0.2160297483 -0.0615461655 0.9744451046
-138.2 -98.7 2114.2 0 0 0 0 0 0 0 0 0
57.4 352.9 1893.4 0 0 0 0 0 0 0 0 0
-48.7 -946.5 2156.1 0 0 0 0 0 0 0 0 0
163.3 -917.3 2137.3 0 0 0 0 0 0 0 0 0
61.9 449.9 2101.8 41 0.9598046541 0.2073274106 0.1891832948 -0.2038063854 0.9782695770 -0.0380994603 -0.1929713190 -0.0019887220 0.9812023640
13.5 221.5 2102.3 0.9598046541 0.2073274106 0.1891832948 -0.2038063854 0.9782695770 -0.0380994603 -0.1929713190 -0.0019887220 0.9812023640
35.0 29.3 2104.1 0.9750062823 -0.1107988879 0.1925780922 0.1067603678 0.9937933683 0.0312557742 -0.1948459446 -0.0099148694 0.9807837605
-119.2 207.0 2128.9 0.4762112796 -0.8333569169 -0.2806047499 0.6084888577 0.0819360912 0.7893210649 -0.6347945333 -0.5466284752 0.5461072922
-202.8 100.1 2240.4 -0.2522679865 -0.8333569169 -0.4918099940 0.8235634565 0.0819360912 -0.5612751245 0.5080394745 -0.5466284752 0.6656524539
146.2 236.1 2075.6 0.3311771750 0.7903761864 0.5153903365 -0.4151393175 0.6125586033 -0.6726301312 -0.8473376036 0.0088009452 0.5309816599
213.7 151.5 1903.1 -0.6120778322 0.7903761864 0.0258117672 0.7901980877 0.6125586033 -0.0189444292 -0.0307844449 0.0088009452 -0.9994872808
-36.1 -160.9 2123.2 0.9915418625 0.0089987228 0.1294749379 -0.0102407401 0.9999076724 0.0089301486 -0.1293826252 -0.0101805357 0.9915424585
-39.5 -546.9 2127.1 0.9913617969 0.0189024489 0.1297861785 -0.0287130959 0.9968343377 0.0741408467 -0.1279738694 -0.0772269666 0.9887662530
137.1 -148.8 2086.7 0.9800261259 0.0381581336 0.1951735616 -0.0496558249 0.9972860217 0.0543589666 -0.1925696284 -0.0629647151 0.9792611599
122.3 -535.8 2111.2 0.9746754169 -0.1068873331 0.1964254379 0.0905498639 0.9917826056 0.0903766602 -0.2044714689 -0.0703016073 0.9763447642
-138.8 -108.8 2111.5 0 0 0 0 0 0 0 0 0
57.6 353.0 1895.2 0 0 0 0 0 0 0 0 0
-46.6 -918.9 2155.9 0 0 0 0 0 0 0 0 0
162.2 -906.0 2137.4 0 0 0 0 0 0 0 0 0
61.6 447.8 2095.4 42 0.9554563761 0.2202280760 0.1964757442 -0.2197160572 0.9752516747 -0.0246783365 -0.1970481724 -0.0195898023 0.9801980853
8.6 213.0 2100.1 0.9554563761 0.2202280760 0.1964757442 -0.2197160572 0.9752516747 -0.0246783365 -0.1970481724 -0.0195898023 0.9801980853
35.8 21.2 2103.1 0.9698864818 -0.1400520355 0.1992626786 0.1339946985 0.9900209308 0.0436348543 -0.2033853680 -0.0156207122 0.9789741635
-123.6 194.7 2127.9 0.4959994853 -0.8312661052 -0.2509604692 0.5427007675 0.0711550638 0.8369067311 -0.6778351068 -0.5513017178 0.4864216447
-205.1 105.5 2239.4 -0.2555429041 -0.8312661052 -0.4936541915 0.8318451643 0.0711550638 -0.5504276752 0.4926778674 -0.5513017178 0.6733015180
140.8 231.2 2072.3 0.3583315611 0.7939241529 0.4912055433 -0.4019080698 0.6060762405 -0.6863974333 -0.8426555395 0.0485383831 0.5362607837
213.1 150.2 1902.3 -0.6065109372 0.7939241529 0.0427652895 0.7950453162 0.6060762405 0.0239699557 -0.0068887002 0.0485383831 -0.9987975359
-30.1 -173.5 2123.4 0.9903214574 0.0228671655 0.1368960887 -0.0218704659 0.9997222424 -0.0087805493 -0.1370588541 0.0057015852 0.9905465245
-38.9 -560.4 2121.2 0.9896177053 0.0374486037 0.1387601197 -0.0563067794 0.9893018007 0.1345791221 -0.1322358251 -0.1409950107 0.9811391830
143.4 -153.4 2088.5 0.9781977534 0.0550363548 0.2002501339 -0.0638804585 0.9972349405 0.0379702188 -0.1976066828 -0.0499344505 0.9790087342
122.1 -540.4 2107.9 0.9722114205 -0.1139283627 0.2045123875 0.0881868526 0.9874695539 0.1308699399 -0.2168595642 -0.1091979370 0.9700761437
-140.3 -105.6 2114.4 0 0 0 0 0 0 0 0 0
57.7 353.8 1900.6 0 0 0 0 0 0 0 0 0
-52.9 -928.8 2173.7 0 0 0 0 0 0 0 0 0
164.6 -908.7 2148.6 0 0 0 0 0 0 0 0 0
61.6 448.6 2091.7 43 0.9499628544 0.2277174741 0.2138114870 -0.2280249745 0.9733701348 -0.0235634334 -0.2134835124 -0.0263699740 0.9765906930
5.0 206.4 2098.2 0.9499628544 0.2277174741 0.2138114870 -0.2280249745 0.9733701348 -0.0235634334 -0.2134835124 -0.0263699740 0.9765906930
35.8 15.0 2102.3 0.9632539749 -0.1588174701 0.2166075110 0.1501539201 0.9870757461 0.0559930466 -0.2227007002 -0.0214110557 0.9746516943
-126.4 185.9 2128.7 0.4947135150 -0.8448045850 -0.2038718164 0.4689051807 0.0619645156 0.8810722828 -0.7317010760 -0.5314748883 0.4267879426
-207.8 108.7 2249.1 -0.2663717568 -0.8448045850 -0.4640595317 0.8127411008 0.0619645156 -0.5793204904 0.5181678534 -0.5314748883 0.6701018810
136.4 226.8 2067.8 0.3962898850 0.7890275717 0.4694569707 -0.3822725415 0.6066920161 -0.6969881654 -0.8347586989 0.0967488661 0.5420494676
214.3 151.7 1903.6 -0.6103215814 0.7890275717 0.0703072995 0.7920851707 0.6066920161 0.0672751889 0.0104270978 0.0967488661 -0.9952542186
-23.5 -183.0 2124.3 0.9872289896 0.0363495052 0.1551053077 -0.0344574377 0.9992955327 -0.0148706352 -0.1555365771 0.0093361903 0.9877859950
-37.6 -570.3 2120.7 0.9862414002 0.0459498502 0.1587971449 -0.0677536950 0.9885610342 0.1347459108 -0.1507891268 -0.1436510980 0.9780731201
149.6 -158.5 2087.8 0.9737629294 0.0680603459 0.2171487510 -0.0784773976 0.9961249232 0.0397044756 -0.2136049867 -0.0557040162 0.9753307104
123.2 -545.2 2109.4 0.9686983228 -0.1101169363 0.2224810570 0.0822186694 0.9879661202 0.1310076565 -0.2342299074 -0.1086147949 0.9660947919
-140.3 -97.4 2117.6 0 0 0 0 0 0 0 0 0
57.7 354.9 1906.3 0 0 0 0 0 0 0 0 0
-54.7 -938.9 2174.2 0 0 0 0 0 0 0 0 0
164.3 -913.8 2150.0 0 0 0 0 0 0 0 0 0
62.2 450.8 2095.8 44 0.9505911469 0.2195269465 0.2195094824 -0.2134517878 0.9756045341 -0.0513240173 -0.2254214436 0.0019334644 0.9742594361
6.2 202.0 2095.3 0.9505911469 0.2195269465 0.2195094824 -0.2134517878 0.9756045341 -0.0513240173 -0.2254214436 0.0019334644 0.9742594361
37.4 10.8 2103.9 0.9614356160 -0.1603154093 0.2234738171 0.1458246708 0.9860694408 0.0800142288 -0.2331882119 -0.0443405285 0.9714201689
-125.0 182.2 2127.2 0.5015140176 -0.8438951969 -0.1905901581 0.4465454817 0.0638117343 0.8924825788 -0.7409998775 -0.5326997042 0.4088400602
-208.0 108.3 2249.8 -0.2680152655 -0.8438951969 -0.4647673965 0.8099915981 0.0638117343 -0.5829594135 0.5216142535 -0.5326997042 0.6664454937
137.5 221.9 2063.5 0.4180850685 0.7787816525 0.4676580131 -0.3590415716 0.6145582795 -0.7024295330 -0.8344423175 0.1257666349 0.5365526676
217.4 153.3 1904.0 -0.6208174229 0.7787816525 0.0899157599 0.7838283777 0.6145582795 0.0890569389 0.0140974298 0.1257666349 -0.9919596910
-19.4 -190.0 2126.4 0.9857428670 0.0480789281 0.1612432599 -0.0466387905 0.9988309741 -0.0127067054 -0.1616656929 0.0050053536 0.9868329167
-38.1 -577.5 2124.4 0.9852148294 0.0421904735 0.1660474390 -0.0617388599 0.9915161133 0.1143860146 -0.1598127186 -0.1229463741 0.9794611335
152.8 -162.9 2086.5 0.9721111059 0.0745885521 0.2223432064 -0.0854782984 0.9955468178 0.0397494175 -0.2183882296 -0.0576463714 0.9741578102
123.8 -549.4 2108.8 0.9674145579 -0.1091174036 0.2284785360 0.0794736296 0.9876298904 0.1351709515 -0.2404017299 -0.1126083285 0.9641194940
-140.0 -97.3 2117.4 0 0 0 0 0 0 0 0 0
57.5 355.1 1907.6 0 0 0 0 0 0 0 0 0
-53.8 -947.3 2170.3 0 0 0 0 0 0 0 0 0
164.5 -918.0 2150.9 0 0 0 0 0 0 0 0 0
62.0 450.4 2092.4 45 0.9526692033 0.2148108780 0.2151225507 -0.2109652162 0.9766349792 -0.0409616046 -0.2188952118 -0.0063605173 0.9757276177
7.1 200.8 2094.0 0.9526692033 0.2148108780 0.2151225507 -0.2109652162 0.9766349792 -0.0409616046 -0.2188952118 -0.0063605173 0.9757276177
38.7 9.7 2104.8 0.9621429443 -0.1627322435 0.2186302692 0.1458969563 0.9850900173 0.0911684409 -0.2302065343 -0.0558195822 0.9715395570
-124.3 180.9 2125.5 0.5008478761 -0.8438978791 -0.1923220009 0.4560131729 0.0684186816 0.8873392344 -0.7356652617 -0.5321233273 0.4190959036
-205.5 106.9 2244.8 -0.2563364506 -0.8438978791 -0.4713045359 0.8198814392 0.0684186816 -0.5684305429 0.5119433403 -0.5321233273 0.6743580103
138.6 220.7 2062.6 0.4144054353 0.7781448960 0.4719731808 -0.3616479039 0.6166952848 -0.6992122531 -0.8351520300 0.1190692261 0.5369763374
218.7 150.8 1901.1 -0.6215904951 0.7781448960 0.0900877491 0.7833253741 0.6166952848 0.0780275837 0.0051600775 0.1190692261 -0.9928725362
-17.5 -193.6 2133.4 0.9862597585 0.0561135635 0.1553799957 -0.0528508537 0.9982880950 -0.0250535998 -0.1565198451 0.0164973922 0.9875370264
-39.3 -581.0 2127.0 0.9862717390 0.0347849876 0.1614250541 -0.0525105745 0.9928849339 0.1068743914 -0.1565588862 -0.1138837188 0.9810809493
154.6 -167.4 2091.6 0.9734230042 0.0738231689 0.2167897969 -0.0844087601 0.9956292510 0.0399692394 -0.2128916085 -0.0572059341 0.9753997326
125.9 -553.9 2113.8 0.9724493623 -0.0782601386 0.2195851356 0.0619983226 0.9948644638 0.0800054371 -0.2247186899 -0.0641873255 0.9723073244
-140.5 -101.2 2114.9 0 0 0 0 0 0 0 0 0
57.2 354.3 1902.5 0 0 0 0 0 0 0 0 0
-52.3 -951.4 2169.5 0 0 0 0 0 0 0 0 0
155.1 -924.6 2137.7 0 0 0 0 0 0 0 0 0
63.5 452.6 2096.2 46 0.9541246295 0.2120203227 0.2114085406 -0.2054562420 0.9772405624 -0.0528077148 -0.2177933156 0.0069499346 0.9759701490
8.4 198.5 2094.4 0.9541246295 0.2120203227 0.2114085406 -0.2054562420 0.9772405624 -0.0528077148 -0.2177933156 0.0069499346 0.9759701490
40.2 7.3 2104.4 0.9628262520 -0.1637328267 0.2148422748 0.1481746584 0.9851501584 0.0867379084 -0.2258537412 -0.0516793542 0.9727894664
-123.1 178.2 2125.2 0.5152529478 -0.8408924937 -0.1655723751 0.4169020653 0.0771270171 0.9056732655 -0.7488037944 -0.5356782675 0.3903097510
-209.6 108.3 2250.8 -0.2676505744 -0.8408924937 -0.4703859687 0.8010143042 0.0771270171 -0.5936560631 0.5354803801 -0.5356782675 0.6529238224
139.9 218.7 2063.5 0.4124764204 0.7719228864 0.4837336540 -0.3604393899 0.6259695292 -0.6915529966 -0.8366281390 0.1108926386 0.5364291072
220.0 148.7 1901.1 -0.6291549802 0.7719228864 0.0910993144 0.7772403359 0.6259695292 0.0637149587 -0.0078423610 0.1108926386 -0.9938014746
-15.8 -194.6 2136.3 0.9866132736 0.0607874915 0.1513244957 -0.0560021885 0.9977925420 -0.0356901884 -0.1531599760 0.0267379098 0.9878396392
-39.4 -581.8 2125.9 0.9871436357 0.0260823444 0.1576931626 -0.0404004939 0.9952756166 0.0882851705 -0.1546454728 -0.0935210288 0.9835337400
156.5 -168.4 2095.0 0.9740799069 0.0766180828 0.2128331661 -0.0854554996 0.9958077073 0.0326246507 -0.2094412595 -0.0499667823 0.9765437245
126.7 -555.0 2114.4 0.9733512998 -0.0765368864 0.2161698490 0.0607060641 0.9950279593 0.0789565071 -0.2211381197 -0.0637295991 0.9731580019
-141.7 -94.9 2115.0 0 0 0 0 0 0 0 0 0
54.8 352.7 1899.1 0 0 0 0 0 0 0 0 0
-49.1 -953.2 2160.8 0 0 0 0 0 0 0 0 0
155.3 -926.1 2138.2 0 0 0 0 0 0 0 0 0
64.3 452.9 2103.6 47 0.9677222371 0.1387879699 0.2103606462 -0.1314978153 0.9901378155 -0.0483259074 -0.2149930894 0.0191040896 0.9764286876
32.6 227.0 2099.2 0.9677222371 0.1387879699 0.2103606462 -0.1314978153 0.9901378155 -0.0483259074 -0.2149930894 0.0191040896 0.9764286876
45.2 34.4 2102.6 0.9748061895 -0.0651987270 0.2133118957 0.0598606393 0.9977129102 0.0313957371 -0.2148709893 -0.0178357717 0.9764795899
-100.0 218.9 2128.8 0.5583035946 -0.7920566201 -0.2468671650 0.5445501208 0.1253645122 0.8293063045 -0.6259091496 -0.5974362493 0.5013059974
-213.0 108.6 2255.5 -0.2893128097 -0.7920566201 -0.5375354886 0.7847002149 0.1253645122 -0.6070661545 0.5482186675 -0.5974362493 0.5852574706
165.2 235.1 2069.7 0.2994823754 0.7639693022 0.5715428591 -0.4323152006 0.6426712871 -0.6325165629 -0.8505374193 -0.0576591045 0.5227442384
224.2 149.8 1901.9 -0.6442410946 0.7639693022 -0.0361157395 0.7647217512 0.6426712871 -0.0466294549 -0.0124129225 -0.0576591045 -0.9982591867
-19.9 -184.5 2131.6 0.9884423614 0.0439942852 0.1450730562 -0.0423795171 0.9990006089 -0.0142039349 -0.1455529630 0.0078916447 0.9893189669
