-65.1 439.8 1863.4 5 0.9935007691 -0.0537215434 0.1003505141 0.0510774590 0.9982811809 0.0287363939 -0.1017217860 -0.0234239791 0.9945370555
-54.4 239.9 1868.1 0.9935007691 -0.0537215434 0.1003505141 0.0510774590 0.9982811809 0.0287363939 -0.1017217860 -0.0234239791 0.9945370555
-46.2 44.3 1873.1 0.9940677285 -0.0420631357 0.1002999470 0.0392569043 0.9987849593 0.0297906976 -0.1014311686 -0.0256765056 0.9945111275
-195.8 234.2 1882.6 0.1009014323 -0.8347720504 -0.5412712097 0.9948183298 0.0778372362 0.0654057339 -0.0124678239 -0.5450659990 0.8383004069
-222.8 -31.9 1885.9 0.0251262821 -0.8385004401 -0.5443213582 0.9429290891 0.2007315606 -0.2656908333 0.3320443630 -0.5065805912 0.7956900597
87.0 245.5 1853.7 0.2457975596 0.8896646500 0.3848121464 -0.6342664361 0.4478230774 -0.6302067637 -0.7330004573 -0.0891701356 0.6743582487
142.3 102.9 1688.8 -0.4486981928 0.8896646500 -0.0846567601 0.8936143517 0.4478230774 -0.0301308036 0.0111049404 -0.0891701356 -0.9959545135
-126.8 -157.6 1885.2 0.9914954305 0.0717175826 0.1085975319 -0.0533392355 0.9850897193 -0.1635639518 -0.1187087223 0.1563804001 0.9805372953
-154.8 -543.4 1824.0 0.9929088950 0.0000000000 0.1188779548 0.0000000000 1.0000000000 0.0000000000 -0.1188779548 0.0000000000 0.9929088950
52.6 -150.0 1870.2 0.9872205257 0.0031384826 -0.1593292803 -0.0079917694 0.9995230436 -0.0298291240 0.1591596752 0.0307212453 0.9867747426
51.3 -541.4 1858.2 0.9872520566 0.0000000000 -0.1591647565 0.0000000000 1.0000000000 0.0000000000 0.1591647565 0.0000000000 0.9872520566
-229.9 -297.6 1792.4 0 0 0 0 0 0 0 0 0
32.0 322.6 1691.6 0 0 0 0 0 0 0 0 0
-154.8 -920.0 1824.0 0 0 0 0 0 0 0 0 0
51.3 -918.1 1858.2 0 0 0 0 0 0 0 0 0
-65.7 437.7 1861.4 6 0.9967282414 -0.0798243135 0.0126852039 0.0794742927 0.9964966178 0.0260450076 -0.0147197880 -0.0249516480 0.9995802641
-48.3 220.4 1866.8 0.9967282414 -0.0798243135 0.0126852039 0.0794742927 0.9964966178 0.0260450076 -0.0147197880 -0.0249516480 0.9995802641
-40.9 24.7 1869.0 0.9992179275 -0.0371597260 0.0135164624 0.0370002426 0.9992448092 0.0118637923 -0.0139471106 -0.0113544017 0.9998382926
-190.0 215.2 1868.8 0.1331619769 -0.7875567675 -0.6016827822 0.9884501100 0.0612163283 0.1386322379 -0.0723479465 -0.6131939888 0.7866122723
-223.1 -30.2 1886.7 0.0338240527 -0.7934430838 -0.6077038646 0.9435950518 0.2257411331 -0.2422175556 0.3293696046 -0.5652335286 0.7563244700
93.5 225.6 1864.8 0.2304320186 0.8917530775 0.3894579411 -0.5262715816 0.4508531988 -0.7209504843 -0.8184981942 -0.0388305783 0.5731953382
144.0 110.2 1685.4 -0.4489299953 0.8917530775 -0.0569058359 0.8922017217 0.4508531988 0.0265985951 0.0493755564 -0.0388305783 -0.9980251789
-127.5 -156.2 1886.4 0.9974308610 0.0676223487 0.0236414801 -0.0628596246 0.9844752550 -0.1638814211 -0.0343564972 0.1619742811 0.9861966968
-153.9 -540.4 1823.1 0.9994072914 0.0000000000 0.0344245769 0.0000000000 1.0000000000 0.0000000000 -0.0344245769 0.0000000000 0.9994072914
51.5 -147.5 1868.8 0.9696134925 -0.0038486705 -0.2446115762 -0.0044082874 0.9994390607 -0.0331989452 0.2446021289 0.0332684629 0.9690526128
53.0 -539.0 1855.8 0.9696229100 0.0000000000 -0.2446045130 0.0000000000 1.0000000000 0.0000000000 0.2446045130 0.0000000000 0.9696229100
-232.6 -296.0 1794.0 0 0 0 0 0 0 0 0 0
31.9 332.9 1697.8 0 0 0 0 0 0 0 0 0
-153.9 -917.0 1823.1 0 0 0 0 0 0 0 0 0
53.0 -915.6 1855.8 0 0 0 0 0 0 0 0 0
-66.3 438.0 1861.8 7 0.9949373007 -0.0937477872 -0.0362092592 0.0938279480 0.9955883026 0.0005170725 0.0360010415 -0.0039118952 0.9993441105
-44.9 210.7 1862.7 0.9949373007 -0.0937477872 -0.0362092592 0.0938279480 0.9955883026 0.0005170725 0.0360010415 -0.0039118952 0.9993441105
-37.9 15.1 1868.8 0.9986135364 -0.0362971388 -0.0381252207 0.0374473482 0.9988511205 0.0299012624 0.0369960889 -0.0312874950 0.9988254905
-186.7 205.3 1857.4 0.1563727707 -0.7538639903 -0.6381509900 0.9830355048 0.0560833775 0.1746306866 -0.0958581194 -0.6546325684 0.7498449683
-226.8 -46.2 1882.0 0.0156153450 -0.7628533244 -0.6463829279 0.9439984560 0.2243348062 -0.2419520766 0.3295801282 -0.6064063311 0.7236354351
96.9 216.1 1868.0 0.2214421332 0.8924680352 0.3930193484 -0.4674912989 0.4508493841 -0.7603859305 -0.8558126092 -0.0153516503 0.5170580745
144.5 115.5 1683.9 -0.4491823614 0.8924680352 -0.0416657291 0.8912815452 0.4508493841 0.0484975539 0.0620674863 -0.0153516503 -0.9979538918
-123.3 -174.9 1871.9 0.9955713749 0.0905737728 -0.0251789577 -0.0929211825 0.9887210131 -0.1174581423 0.0142563367 0.1192776263 0.9927585721
-158.7 -561.0 1825.3 0.9998974800 0.0000000000 -0.0143182846 0.0000000000 1.0000000000 0.0000000000 0.0143182846 0.0000000000 0.9998974800
56.3 -167.6 1869.8 0.9554741383 0.0216951184 -0.2942762375 -0.0255859848 0.9996286631 -0.0093778726 0.2939635217 0.0164896622 0.9556744099
47.8 -558.9 1863.4 0.9557870030 0.0000000000 -0.2940597832 0.0000000000 1.0000000000 0.0000000000 0.2940597832 0.0000000000 0.9557870030
-231.2 -312.1 1789.1 0 0 0 0 0 0 0 0 0
31.3 340.0 1699.5 0 0 0 0 0 0 0 0 0
-158.7 -937.7 1825.3 0 0 0 0 0 0 0 0 0
47.8 -935.6 1863.4 0 0 0 0 0 0 0 0 0
-67.9 438.2 1863.0 8 0.9942728281 -0.0831174180 -0.0671788678 0.0814639404 0.9963107109 -0.0269934069 0.0691746473 0.0213661566 0.9973757267
-48.0 199.7 1857.9 0.9942728281 -0.0831174180 -0.0671788678 0.0814639404 0.9963107109 -0.0269934069 0.0691746473 0.0213661566 0.9973757267
-38.5 4.5 1869.8 0.9961251020 -0.0494060405 -0.0727586672 0.0536046810 0.9969380498 0.0569308028 0.0697231516 -0.0606104061 0.9957233667
-189.6 191.9 1848.0 0.1551021636 -0.7312957644 -0.6641911268 0.9800245762 0.0291836038 0.1967236251 -0.1244796589 -0.6814358830 0.7212142348
-228.5 -53.9 1879.3 0.0050452594 -0.7457630634 -0.6661921740 0.9430829287 0.2250759304 -0.2448170781 0.3325193524 -0.6270393133 0.7044519782
93.6 207.4 1867.8 0.2440015078 0.8936410546 0.3766548932 -0.4234063327 0.4475887716 -0.7876492739 -0.8724622130 0.0327095427 0.4875856340
144.9 118.3 1684.4 -0.4487739801 0.8936410546 -0.0027481981 0.8908012509 0.4475887716 0.0783415288 0.0712392703 0.0327095427 -0.9969227910
-120.7 -184.2 1871.3 0.9930737615 0.1016410217 -0.0589372367 -0.1074916497 0.9884861112 -0.1064928994 0.0474345945 0.1120905653 0.9925652146
-160.5 -570.8 1827.5 0.9988611937 0.0000000000 -0.0477110334 0.0000000000 1.0000000000 0.0000000000 0.0477110334 0.0000000000 0.9988611937
59.1 -177.0 1878.2 0.9442613721 0.0325337090 -0.3275851309 -0.0456708334 0.9984281063 -0.0324881412 0.3260132372 0.0456383824 0.9442629218
46.3 -567.8 1860.3 0.9452477098 0.0000000000 -0.3263537884 0.0000000000 1.0000000000 0.0000000000 0.3263537884 0.0000000000 0.9452477098
-229.9 -319.5 1785.6 0 0 0 0 0 0 0 0 0
30.7 345.0 1702.5 0 0 0 0 0 0 0 0 0
-160.5 -947.4 1827.5 0 0 0 0 0 0 0 0 0
46.3 -944.5 1860.3 0 0 0 0 0 0 0 0 0
-68.9 439.6 1862.7 9 0.9935505390 -0.0853035972 -0.0747034624 0.0826718137 0.9958655238 -0.0376459882 0.0776059404 0.0312273223 0.9964949489
-48.0 195.2 1855.0 0.9935505390 -0.0853035972 -0.0747034624 0.0826718137 0.9958655238 -0.0376459882 0.0776059404 0.0312273223 0.9964949489
-34.6 0.6 1870.5 0.9941337705 -0.0689914674 -0.0832961425 0.0751486048 0.9944822788 0.0731963217 0.0777866095 -0.0790265203 0.9938330054
-189.5 184.5 1844.0 0.1551987827 -0.7207629085 -0.6755843163 0.9810916185 0.0324025042 0.1908121705 -0.1156397089 -0.6924239397 0.7121632695
-229.4 -68.0 1873.7 0.0022399274 -0.7360686660 -0.6769031286 0.9407803416 0.2310287505 -0.2481089830 0.3390093446 -0.6362614036 0.6929964423
93.5 206.0 1866.0 0.2786778510 0.8843462467 0.3745268583 -0.4177583158 0.4627723992 -0.7818693519 -0.8647639155 0.0614279583 0.4984074235
150.8 120.0 1688.2 -0.4656734169 0.8843462467 0.0328629352 0.8837449551 0.4627723992 0.0695455372 0.0462942757 0.0614279583 -0.9970373511
-118.7 -195.7 1875.3 0.9913534522 0.1113494635 -0.0694239214 -0.1193152368 0.9851131439 -0.1237576678 0.0546100661 0.1309709251 0.9898809791
-162.3 -581.2 1824.1 0.9984861612 0.0000000000 -0.0550029837 0.0000000000 1.0000000000 0.0000000000 0.0550029837 0.0000000000 0.9984861612
60.9 -185.7 1888.0 0.9407780766 0.0372151136 -0.3369742036 -0.0649719015 0.9953245521 -0.0714684501 0.3327389956 0.0891298056 0.9387974739
46.3 -575.1 1853.1 0.9427700639 0.0000000000 -0.3334435225 0.0000000000 1.0000000000 0.0000000000 0.3334435225 0.0000000000 0.9427700639
-230.0 -333.1 1778.2 0 0 0 0 0 0 0 0 0
31.3 346.8 1700.1 0 0 0 0 0 0 0 0 0
-162.3 -957.8 1824.1 0 0 0 0 0 0 0 0 0
46.3 -951.7 1853.1 0 0 0 0 0 0 0 0 0
-68.6 437.6 1859.5 0 0.9922122359 -0.0858909339 -0.0902090743 0.0823192596 0.9956950545 -0.0426011197 0.0934797823 0.0348434076 0.9950112700
-47.6 193.7 1850.9 0.9922122359 -0.0858909339 -0.0902090743 0.0823192596 0.9956950545 -0.0426011197 0.0934797823 0.0348434076 0.9950112700
-34.2 -0.4 1872.1 0.9924935102 -0.0684504956 -0.1013465822 0.0786966980 0.9917874932 0.1008185521 0.0936131924 -0.1080373973 0.9897295237
-188.9 182.4 1837.6 0.1570108235 -0.7067123652 -0.6898588538 0.9792724848 0.0209047031 0.2014655173 -0.1279568672 -0.7071920633 0.6953462362
-229.9 -73.6 1871.1 -0.0156056397 -0.7261600494 -0.6873485446 0.9402389526 0.2232062370 -0.2571569979 0.3401576281 -0.6502849460 0.6792806983
93.8 204.9 1864.2 0.3053521812 0.8740726113 0.3778321147 -0.4145732224 0.4792323112 -0.7736054659 -0.8572567105 0.0795830414 0.5087017417
155.4 121.2 1691.1 -0.4826078713 0.8740726113 0.0555581227 0.8753418922 0.4792323112 0.0641321614 0.0294309203 0.0795830414 -0.9963936806
-110.9 -201.0 1878.9 0.9858616590 0.1405499130 -0.0912280083 -0.1515644789 0.9801461101 -0.1278352439 0.0714495480 0.1398547888 0.9875907898
-165.9 -584.6 1824.2 0.9973840714 0.0000000000 -0.0722846240 0.0000000000 1.0000000000 0.0000000000 0.0722846240 0.0000000000 0.9973840714
68.6 -187.3 1893.0 0.9324934483 0.0632475168 -0.3556061387 -0.0982576758 0.9918385744 -0.0812508911 0.3475649655 0.1107069552 0.9310975075
43.8 -575.3 1849.7 0.9370276928 0.0000000000 -0.3492549956 0.0000000000 1.0000000000 0.0000000000 0.3492549956 0.0000000000 0.9370276928
-225.5 -338.5 1775.3 0 0 0 0 0 0 0 0 0
30.9 347.1 1698.7 0 0 0 0 0 0 0 0 0
-165.9 -961.2 1824.2 0 0 0 0 0 0 0 0 0
43.8 -952.0 1849.7 0 0 0 0 0 0 0 0 0
-68.1 437.6 1860.9 1 0.9915724993 -0.0683812648 -0.1100361049 0.0610443726 0.9957665205 -0.0687215477 0.1142695323 0.0614253134 0.9915490150
-50.7 185.0 1845.3 0.9915724993 -0.0683812648 -0.1100361049 0.0610443726 0.9957665205 -0.0687215477 0.1142695323 0.0614253134 0.9915490150
-34.2 -7.2 1877.0 0.9882341623 -0.0851755440 -0.1270367205 0.1040658951 0.9831377864 0.1503673494 0.1120869815 -0.1618183404 0.9804342389
-191.4 170.1 1829.4 0.1538072675 -0.9186698198 -0.3638531566 0.9748526812 0.0809847489 0.2076144516 -0.1612625718 -0.3866358399 0.9080237150
-230.2 -75.4 1870.1 -0.0598190390 -0.9186698198 -0.3904708326 0.9389525056 0.0809847489 -0.3343795836 0.3388065994 -0.3866358399 0.8577428460
90.0 199.9 1861.1 0.3675293922 0.8571254015 0.3609130383 -0.3794059753 0.4924972653 -0.7832608223 -0.8491014242 0.1509388089 0.5062057376
162.7 124.9 1693.2 -0.5015056729 0.8571254015 0.1175931022 0.8647558093 0.4924972653 0.0982032716 0.0262582358 0.1509388089 -0.9881942868
-110.6 -201.7 1884.8 0.9824414253 0.1421670318 -0.1208195686 -0.1587857455 0.9771389365 -0.1413740963 0.0979587659 0.1580761969 0.9825558662
-166.2 -584.2 1822.9 0.9950657487 0.0000000000 -0.0992175341 0.0000000000 1.0000000000 0.0000000000 0.0992175341 0.0000000000 0.9950657487
68.7 -187.4 1901.7 0.9227799177 0.0630515814 -0.3801338375 -0.1145402268 0.9868132472 -0.1143683568 0.3679099977 0.1490774453 0.9178333879
44.0 -573.4 1843.4 0.9288933277 0.0000000000 -0.3703474104 0.0000000000 1.0000000000 0.0000000000 0.3703474104 0.0000000000 0.9288933277
-213.3 -339.7 1774.7 0 0 0 0 0 0 0 0 0
32.9 348.7 1700.0 0 0 0 0 0 0 0 0 0
-166.2 -960.9 1822.9 0 0 0 0 0 0 0 0 0
44.0 -950.1 1843.4 0 0 0 0 0 0 0 0 0
-65.3 435.5 1861.6 2 0.9968686700 -0.0573086366 -0.0544844791 0.0561077408 0.9981523156 -0.0233222041 0.0557203703 0.0201921742 0.9982421994
-52.4 210.8 1857.0 0.9968686700 -0.0573086366 -0.0544844791 0.0561077408 0.9981523156 -0.0233222041 0.0557203703 0.0201921742 0.9982421994
-40.6 16.9 1875.8 0.9961261749 -0.0629191846 -0.0614312440 0.0684071705 0.9934294820 0.0917514637 0.0552546829 -0.0955983773 0.9938852191
-194.0 200.8 1849.4 0.1164163351 -0.9428755045 -0.3121426404 0.9921595454 0.0960166529 0.0800013468 -0.0454604141 -0.3190087676 0.9466608167
-228.2 -90.6 1862.7 -0.1158459559 -0.9362784028 -0.3316058815 0.9319149852 0.0130614517 -0.3624415100 0.3436774313 -0.3510158658 0.8710187674
89.1 220.9 1864.7 0.4049511254 0.8474584222 0.3432620466 -0.4408211410 0.5098630190 -0.7387262583 -0.8010563850 0.1478308737 0.5800471902
175.4 127.0 1694.1 -0.5145325065 0.8474584222 0.1306543797 0.8574367762 0.5098630190 0.0695835501 -0.0076466715 0.1478308737 -0.9889830947
-111.0 -200.2 1893.9 0.9872749448 0.1463346332 -0.0622448213 -0.1555185616 0.9702005386 -0.1858089119 0.0331996791 0.1931246966 0.9806123972
-169.2 -586.2 1817.1 0.9994350672 0.0000000000 -0.0336085968 0.0000000000 1.0000000000 0.0000000000 0.0336085968 0.0000000000 0.9994350672
67.8 -183.4 1910.0 0.9428464770 0.0667631477 -0.3264708817 -0.1254180968 0.9787804484 -0.1620467454 0.3087245822 0.1937305629 0.9312129617
41.4 -569.7 1833.5 0.9503504634 0.0000000000 -0.3111816645 0.0000000000 1.0000000000 0.0000000000 0.3111816645 0.0000000000 0.9503504634
-195.6 -352.6 1766.1 0 0 0 0 0 0 0 0 0
43.1 347.4 1692.1 0 0 0 0 0 0 0 0 0
-169.2 -962.8 1817.1 0 0 0 0 0 0 0 0 0
41.4 -946.4 1833.5 0 0 0 0 0 0 0 0 0
-66.6 436.4 1857.4 3 0.9983571172 -0.0537012927 -0.0199807920 0.0540056564 0.9984276891 0.0150181195 0.0191428829 -0.0160725210 0.9996875525
-55.3 225.7 1860.8 0.9983571172 -0.0537012927 -0.0199807920 0.0540056564 0.9984276891 0.0150181195 0.0191428829 -0.0160725210 0.9996875525
-45.3 31.0 1875.4 0.9983462095 -0.0526549034 -0.0230725631 0.0542105809 0.9958581328 0.0729919448 0.0191336144 -0.0741220042 0.9970656037
-197.3 217.8 1858.2 0.1046470478 -0.9559935331 -0.2740899622 0.9932299852 0.0864894763 0.0775482804 -0.0504297614 -0.2803495824 0.9585723281
-227.1 -65.0 1872.6 -0.1203533188 -0.9487981796 -0.2920567095 0.9284425378 -0.0034292785 -0.3714601994 0.3514392376 -0.3158643246 0.8813173175
86.7 233.6 1863.4 0.4369683564 0.8399199247 0.3218589723 -0.4665620923 0.5175769329 -0.7172405124 -0.7690113783 0.1632442176 0.6180394888
182.5 131.3 1694.8 -0.5254462957 0.8399199247 0.1357966065 0.8508057594 0.5175769329 0.0907945931 0.0059750020 0.1632442176 -0.9865676165
-120.6 -179.1 1887.5 0.9938650727 0.1083137020 -0.0223678723 -0.1105156690 0.9804505706 -0.1627974212 0.0042974018 0.1642706692 0.9864059687
-163.3 -565.7 1822.7 0.9999906421 0.0000000000 -0.0043238881 0.0000000000 1.0000000000 0.0000000000 0.0043238881 0.0000000000 0.9999906421
59.1 -167.4 1895.2 0.9563926458 0.0344846323 -0.2900411785 -0.0709507316 0.9906923175 -0.1161665842 0.2833356261 0.1316795051 0.9499375820
45.6 -556.0 1843.5 0.9588090181 0.0000000000 -0.2840514779 0.0000000000 1.0000000000 0.0000000000 0.2840514779 0.0000000000 0.9588090181
-193.2 -326.3 1773.7 0 0 0 0 0 0 0 0 0
49.0 347.5 1696.3 0 0 0 0 0 0 0 0 0
-163.3 -942.3 1822.7 0 0 0 0 0 0 0 0 0
45.6 -932.6 1843.5 0 0 0 0 0 0 0 0 0
-67.3 437.2 1855.4 4 0.9986131787 -0.0526307672 0.0013298955 0.0525507703 0.9979901314 0.0354131646 -0.0031910446 -0.0352941640 0.9993718863
-56.6 233.1 1862.6 0.9986131787 -0.0526307672 0.0013298955 0.0525507703 0.9979901314 0.0354131646 -0.0031910446 -0.0352941640 0.9993718863
-46.8 38.1 1874.7 0.9987009764 -0.0509546846 -0.0000382724 0.0508597717 0.9967943430 0.0617604963 -0.0031088367 -0.0616822131 0.9980909824
-198.7 225.8 1863.1 0.1051275358 -0.9624375105 -0.2503242493 0.9928255677 0.0871549174 0.0818623975 -0.0569704585 -0.2571342885 0.9646949172
-227.8 -48.9 1878.8 -0.1071294844 -0.9566701651 -0.2707497478 0.9255518913 0.0035050511 -0.3786045313 0.3631486595 -0.2911526561 0.8850724101
85.6 240.5 1862.1 0.4584984481 0.8337876201 0.3075343966 -0.4732065201 0.5219684839 -0.7096650600 -0.7522331476 0.1798530519 0.6338754892
186.9 135.9 1695.8 -0.5304278135 0.8337876201 0.1531161517 0.8477292061 0.5219684839 0.0943615809 -0.0012442945 0.1798530519 -0.9836927056
-126.4 -166.5 1887.2 0.9964733124 0.0839100033 0.0002759030 -0.0826789811 0.9824050069 -0.1674652100 -0.0143230539 0.1668518037 0.9858779311
-159.4 -552.5 1821.7 0.9998967052 0.0000000000 0.0143722612 0.0000000000 1.0000000000 0.0000000000 -0.0143722612 0.0000000000 0.9998967052
53.8 -157.0 1889.5 0.9633163214 0.0105600720 -0.2681607306 -0.0406694822 0.9934294224 -0.1069764718 0.2652690709 0.1139581427 0.9574162364
49.6 -546.2 1844.8 0.9641139507 0.0000000000 -0.2654887438 0.0000000000 1.0000000000 0.0000000000 0.2654887438 0.0000000000 0.9641139507
-197.6 -309.5 1776.6 0 0 0 0 0 0 0 0 0
53.1 349.8 1695.5 0 0 0 0 0 0 0 0 0
-159.4 -929.2 1821.7 0 0 0 0 0 0 0 0 0
49.6 -922.9 1844.8 0 0 0 0 0 0 0 0 0
-68.1 438.2 1854.8 5 0.9984939098 -0.0527481474 0.0150828147 0.0520213321 0.9976276755 0.0450863987 -0.0174252577 -0.0442338660 0.9988692403
-57.5 237.2 1863.7 0.9984939098 -0.0527481474 0.0150828147 0.0520213321 0.9976276755 0.0450863987 -0.0174252577 -0.0442338660 0.9988692403
-47.9 42.0 1874.5 0.9986509085 -0.0498511754 0.0145354318 0.0489698164 0.9972442985 0.0557293408 -0.0172735509 -0.0549423583 0.9983401299
-199.7 230.1 1866.2 0.0998339877 -0.9666179419 -0.2359723300 0.9934226871 0.0834661573 0.0783882812 -0.0560758151 -0.2422460914 0.9685929418
-226.9 -40.3 1881.5 -0.0794066414 -0.9634811878 -0.2557315528 0.9276568890 0.0224845018 -0.3727561533 0.3648935556 -0.2668304443 0.8919945359
84.7 244.2 1861.2 0.4767191112 0.8240454793 0.3060848415 -0.4825532734 0.5363599062 -0.6924307942 -0.7347661257 0.1823927462 0.6533388495
190.5 137.1 1698.1 -0.5431985259 0.8240454793 0.1608862728 0.8394792676 0.5363599062 0.0871358365 -0.0144890510 0.1823927462 -0.9831190109
-127.7 -160.5 1886.6 0.9966659546 0.0802866220 0.0145283295 -0.0766705796 0.9824972153 -0.1697669625 -0.0279040597 0.1680870503 0.9853771329
-159.2 -546.0 1820.6 0.9996082783 0.0000000000 0.0279864389 0.0000000000 1.0000000000 0.0000000000 -0.0279864389 0.0000000000 0.9996082783
52.7 -151.4 1885.4 0.9671215415 0.0034209667 -0.2542915344 -0.0273129493 0.9955233335 -0.0904839039 0.2528436184 0.0944543853 0.9628854990
51.3 -541.4 1848.4 0.9674825072 0.0000000000 -0.2529379725 0.0000000000 1.0000000000 0.0000000000 0.2529379725 0.0000000000 0.9674825072
-204.6 -301.5 1778.8 0 0 0 0 0 0 0 0 0
53.6 348.7 1694.4 0 0 0 0 0 0 0 0 0
-159.2 -922.6 1820.6 0 0 0 0 0 0 0 0 0
51.3 -918.0 1848.4 0 0 0 0 0 0 0 0 0
-69.6 437.9 1855.5 6 0.9980185628 -0.0556530468 0.0293547586 0.0542632043 0.9974578023 0.0461894795 -0.0318507180 -0.0445050746 0.9985013008
-58.5 238.9 1864.4 0.9980185628 -0.0556530468 0.0293547586 0.0542632043 0.9974578023 0.0461894795 -0.0318507180 -0.0445050746 0.9985013008
-48.5 43.6 1874.1 0.9982588291 -0.0513117053 0.0290938728 0.0497823730 0.9974542856 0.0510550253 -0.0316395313 -0.0495177656 0.9982720017
-200.7 231.8 1868.9 0.0906975418 -0.9707583785 -0.2222659290 0.9946224689 0.0770924985 0.0691587105 -0.0500013605 -0.2273432016 0.9725301862
-225.0 -35.3 1882.4 -0.0506992191 -0.9695243239 -0.2396918386 0.9306384325 0.0412282199 -0.3636102080 0.3624109924 -0.2415011972 0.9001863599
83.7 246.0 1859.9 0.4970527887 0.8137197495 0.3013282716 -0.4923694432 0.5504350066 -0.6742355824 -0.7145004272 0.1867658347 0.6742460132
194.9 135.9 1700.1 -0.5533372164 0.8137197495 0.1779834330 0.8319443464 0.5504350066 0.0699275509 -0.0410668887 0.1867658347 -0.9815457463
-128.7 -157.2 1886.6 0.9969837666 0.0719147101 0.0291827768 -0.0658366904 0.9827811122 -0.1726464629 -0.0410961024 0.1702044308 0.9845514297
-156.9 -542.4 1819.9 0.9991515279 0.0000000000 0.0411854573 0.0000000000 1.0000000000 0.0000000000 -0.0411854573 0.0000000000 0.9991515279
51.8 -148.4 1883.2 0.9707470536 0.0003162272 -0.2401043028 -0.0215200018 0.9960890412 -0.0856939554 0.2391381711 0.0883542001 0.9669573307
51.6 -538.5 1848.6 0.9709718823 0.0000000000 -0.2391935587 0.0000000000 1.0000000000 0.0000000000 0.2391935587 0.0000000000 0.9709718823
-210.8 -297.3 1780.4 0 0 0 0 0 0 0 0 0
54.9 346.3 1689.7 0 0 0 0 0 0 0 0 0
-156.9 -919.1 1819.9 0 0 0 0 0 0 0 0 0
51.6 -915.2 1848.6 0 0 0 0 0 0 0 0 0
-70.1 436.3 1851.4 7 0.9982360005 -0.0556609668 0.0206591357 0.0544065535 0.9968912601 0.0569894351 -0.0237669982 -0.0557649136 0.9981610179
-59.1 238.3 1862.5 0.9982360005 -0.0556609668 0.0206591357 0.0544065535 0.9968912601 0.0569894351 -0.0237669982 -0.0557649136 0.9981610179
-49.1 43.0 1873.3 0.9984937310 -0.0508125126 0.0206975378 0.0495794415 0.9971837997 0.0562702082 -0.0234984811 -0.0551592782 0.9982010126
-201.3 231.2 1865.8 0.0948293060 -0.9686801434 -0.2294910550 0.9934365153 0.0772721693 0.0843382552 -0.0639635250 -0.2359825224 0.9696499109
-226.7 -34.4 1882.9 -0.0401080362 -0.9679511786 -0.2479149550 0.9335361123 0.0521569587 -0.3546687663 0.3562325537 -0.2456626296 0.9015254974
83.2 245.3 1859.1 0.5146656036 0.8072721958 0.2888441086 -0.5029351115 0.5570893884 -0.6608386636 -0.6943886280 0.1948411018 0.6927202344
197.7 133.5 1704.7 -0.5558388829 0.8072721958 0.1983802766 0.8286431432 0.5570893884 0.0547904111 -0.0662847683 0.1948411018 -0.9785925150
-128.8 -156.0 1886.6 0.9973335266 0.0698811784 0.0210353434 -0.0654627755 0.9840555191 -0.1653763205 -0.0322566405 0.1635583043 0.9860062003
-156.2 -541.6 1822.5 0.9994773865 0.0000000000 0.0323259793 0.0000000000 1.0000000000 0.0000000000 -0.0323259793 0.0000000000 0.9994773865
51.6 -147.0 1880.7 0.9686976075 0.0020538357 -0.2482352853 -0.0217571054 0.9968201518 -0.0766561106 0.2472885102 0.0796574727 0.9656620026
50.8 -537.4 1849.5 0.9689269662 0.0000000000 -0.2473470569 0.0000000000 1.0000000000 0.0000000000 0.2473470569 0.0000000000 0.9689269662
-215.4 -297.3 1782.6 0 0 0 0 0 0 0 0 0
56.4 344.1 1687.8 0 0 0 0 0 0 0 0 0
-156.2 -918.2 1822.5 0 0 0 0 0 0 0 0 0
50.8 -914.1 1849.5 0 0 0 0 0 0 0 0 0
-69.9 435.2 1847.8 8 0.9979386926 -0.0640372857 0.0041927272 0.0636230931 0.9957972765 0.0658778846 -0.0083937468 -0.0654753372 0.9978188872
-57.2 237.4 1860.8 0.9979386926 -0.0640372857 0.0041927272 0.0636230931 0.9957972765 0.0658778846 -0.0083937468 -0.0654753372 0.9978188872
-45.6 42.3 1873.0 0.9982272387 -0.0593545251 0.0044104652 0.0589650013 0.9963102341 0.0623625927 -0.0080956938 -0.0619919747 0.9980438352
-199.4 229.0 1862.0 0.1057458967 -0.9639096856 -0.2443273962 0.9914438725 0.0832903683 0.1005074605 -0.0765299946 -0.2528651655 0.9644699693
-227.5 -34.9 1882.4 -0.0245147385 -0.9636515975 -0.2660350502 0.9387245178 0.0693271607 -0.3376240134 0.3437953591 -0.2580103874 0.9029038548
85.1 245.8 1859.7 0.5257611871 0.7971774936 0.2967882156 -0.4972692728 0.5711148381 -0.6531088352 -0.6901438236 0.1957955807 0.6966818571
201.8 135.4 1706.5 -0.5698956847 0.7971774936 0.1993162185 0.8188770413 0.5711148381 0.0571685433 -0.0682589710 0.1957955807 -0.9782662392
-129.5 -156.7 1886.2 0.9976173043 0.0686419159 0.0069317929 -0.0666356981 0.9847121835 -0.1609398276 -0.0178730395 0.1600944549 0.9869399071
-156.4 -542.5 1823.4 0.9998395443 0.0000000000 0.0179128516 0.0000000000 1.0000000000 0.0000000000 -0.0179128516 0.0000000000 0.9998395443
51.0 -147.7 1881.8 0.9648913741 -0.0035799616 -0.2626248598 -0.0199354943 0.9960244298 -0.0868208483 0.2618916035 0.0890082493 0.9609840512
52.4 -537.8 1847.0 0.9650831819 0.0000000000 -0.2619436681 0.0000000000 1.0000000000 0.0000000000 0.2619436681 0.0000000000 0.9650831819
-220.6 -299.3 1785.6 0 0 0 0 0 0 0 0 0
56.9 343.5 1689.2 0 0 0 0 0 0 0 0 0
-156.4 -919.1 1823.4 0 0 0 0 0 0 0 0 0
52.4 -914.5 1847.0 0 0 0 0 0 0 0 0 0
-69.3 434.8 1846.1 9 0.9978548884 -0.0654643998 0.0001590645 0.0652922317 0.9954008460 0.0701002628 -0.0047474047 -0.0699395016 0.9975399375
-56.3 237.1 1859.9 0.9978548884 -0.0654643998 0.0001590645 0.0652922317 0.9954008460 0.0701002628 -0.0047474047 -0.0699395016 0.9975399375
-44.4 42.0 1872.6 0.9981735945 -0.0604091436 0.0005047196 0.0602502860 0.9960886836 0.0646315292 -0.0044070808 -0.0644830763 0.9979090691
-198.5 228.5 1860.6 0.1017166600 -0.9632052183 -0.2487758100 0.9921340942 0.0798782185 0.0963817537 -0.0729636401 -0.2566225827 0.9637537003
-225.6 -36.2 1880.1 -0.0028058905 -0.9632496238 -0.2685931325 0.9433097839 0.0865976587 -0.3204176724 0.3319017291 -0.2542655766 0.9083998203
86.0 245.7 1859.3 0.5403698683 0.7916472554 0.2851228416 -0.4840930700 0.5696539879 -0.6641899347 -0.6882255077 0.2208822072 0.6910547614
205.6 138.5 1706.9 -0.5732337236 0.7916472554 0.2114183456 0.8176032901 0.5696539879 0.0837806314 -0.0541105904 0.2208822072 -0.9737982750
-124.2 -158.1 1885.9 0.9964761734 0.0838141143 0.0032281899 -0.0822134465 0.9836233258 -0.1603934318 -0.0166185573 0.1595628411 0.9870479107
-157.0 -543.4 1823.4 0.9998609424 0.0000000000 0.0166750066 0.0000000000 1.0000000000 0.0000000000 -0.0166750066 0.0000000000 0.9998609424
56.2 -147.5 1884.4 0.9637835026 0.0161384419 -0.2661971152 -0.0403570496 0.9954979420 -0.0857622921 0.2636145949 0.0933992118 0.9600957632
49.9 -537.3 1847.8 0.9645693302 0.0000000000 -0.2638295591 0.0000000000 1.0000000000 0.0000000000 0.2638295591 0.0000000000 0.9645693302
-224.8 -301.8 1786.6 0 0 0 0 0 0 0 0 0
60.0 346.2 1693.2 0 0 0 0 0 0 0 0 0
-157.0 -920.1 1823.4 0 0 0 0 0 0 0 0 0
49.9 -914.0 1847.8 0 0 0 0 0 0 0 0 0
-70.6 435.3 1847.2 0 0.9974997044 -0.0683205277 0.0180736985 0.0669872090 0.9955533147 0.0662292093 -0.0225181449 -0.0648529083 0.9976407290
-57.1 237.9 1860.0 0.9974997044 -0.0683205277 0.0180736985 0.0669872090 0.9955533147 0.0662292093 -0.0225181449 -0.0648529083 0.9976407290
-44.8 42.8 1872.1 0.9978618622 -0.0627420619 0.0183054004 0.0614832044 0.9961363077 0.0627081469 -0.0221691113 -0.0614485927 0.9978640079
-199.3 229.2 1863.2 0.0939908847 -0.9677578807 -0.2336886525 0.9942259192 0.0790343508 0.0725839958 -0.0517743044 -0.2391615510 0.9695984721
-224.4 -36.5 1877.0 0.0045231367 -0.9677473307 -0.2518822551 0.9491719604 0.0834302455 -0.3034995794 0.3147254884 -0.2377068102 0.9189359546
85.1 246.7 1856.9 0.5697200894 0.7812517881 0.2550778091 -0.4749898612 0.5662997365 -0.6735645533 -0.6706740260 0.2625839114 0.6937190294
210.1 142.5 1709.7 -0.5770891309 0.7812517881 0.2379366308 0.8156015873 0.5662997365 0.1187380105 -0.0419791713 0.2625839114 -0.9639955759
-122.9 -158.5 1885.6 0.9960468411 0.0862111300 0.0214088131 -0.0817491412 0.9839241505 -0.1587775797 -0.0347530432 0.1563997567 0.9870822430
-156.6 -543.9 1824.3 0.9993918538 0.0000000000 0.0348697565 0.0000000000 1.0000000000 0.0000000000 -0.0348697565 0.0000000000 0.9993918538
57.6 -147.6 1884.8 0.9681545496 0.0273467936 -0.2488553226 -0.0507474318 0.9948173761 -0.0881085843 0.2451561093 0.0979314893 0.9645246863
46.9 -537.2 1846.4 0.9694035649 0.0000000000 -0.2454724014 0.0000000000 1.0000000000 0.0000000000 0.2454724014 0.0000000000 0.9694035649
-225.7 -303.8 1788.4 0 0 0 0 0 0 0 0 0
63.5 349.7 1699.0 0 0 0 0 0 0 0 0 0
-156.6 -920.6 1824.3 0 0 0 0 0 0 0 0 0
46.9 -913.9 1846.4 0 0 0 0 0 0 0 0 0
-70.2 436.0 1845.7 1 0.9977496862 -0.0658940747 0.0123916948 0.0648953393 0.9955303073 0.0686146170 -0.0168576054 -0.0676560476 0.9975662827
-57.2 238.4 1859.1 0.9977496862 -0.0658940747 0.0123916948 0.0648953393 0.9955303073 0.0686146170 -0.0168576054 -0.0676560476 0.9975662827
-45.3 43.4 1871.8 0.9980952144 -0.0603957213 0.0125805829 0.0594459400 0.9960713387 0.0656358376 -0.0164952818 -0.0647629499 0.9977643490
-199.4 230.0 1861.5 0.0950987786 -0.9661927819 -0.2396409214 0.9942128062 0.0801013559 0.0715865642 -0.0499708578 -0.2450618744 0.9682187438
-224.8 -36.0 1874.9 0.0022215969 -0.9661918283 -0.2578147352 0.9525054693 0.0805529952 -0.2936742902 0.3045134246 -0.2449175268 0.9204819202
85.1 246.9 1856.8 0.5849995017 0.7728919983 0.2457915694 -0.4666675925 0.5686420798 -0.6773976088 -0.6633226275 0.2815743089 0.6933389902
212.1 145.6 1712.7 -0.5826682448 0.7728919983 0.2512681186 0.8117285967 0.5686420798 0.1332023740 -0.0399305858 0.2815743089 -0.9587082267
-122.7 -157.8 1886.1 0.9963494539 0.0840755478 0.0147989485 -0.0805929527 0.9835422039 -0.1617079377 -0.0281510744 0.1599249244 0.9867277145
-155.7 -543.1 1823.4 0.9996010661 0.0000000000 0.0282429475 0.0000000000 1.0000000000 0.0000000000 -0.0282429475 0.0000000000 0.9996010661
57.7 -146.7 1882.1 0.9666280746 0.0295257904 -0.2544767857 -0.0508962981 0.9956684709 -0.0778062642 0.2510772347 0.0881616473 0.9639438391
46.1 -536.7 1847.5 0.9678824544 0.0000000000 -0.2514030635 0.0000000000 1.0000000000 0.0000000000 0.2514030635 0.0000000000 0.9678824544
-225.5 -304.3 1789.1 0 0 0 0 0 0 0 0 0
63.6 352.5 1702.5 0 0 0 0 0 0 0 0 0
-155.7 -919.8 1823.4 0 0 0 0 0 0 0 0 0
46.1 -913.3 1847.5 0 0 0 0 0 0 0 0 0
-69.7 436.9 1845.5 2 0.9985080957 -0.0545990206 -0.0006909842 0.0545351356 0.9965475202 0.0626018643 -0.0027294017 -0.0625461489 0.9980383515
-58.9 239.0 1857.9 0.9985080957 -0.0545990206 -0.0006909842 0.0545351356 0.9965475202 0.0626018643 -0.0027294017 -0.0625461489 0.9980383515
-49.3 43.8 1869.6 0.9988087416 -0.0487938151 -0.0005471970 0.0487391129 0.9970180392 0.0598294325 -0.0023737410 -0.0597848296 0.9982084632
-201.2 232.1 1858.3 0.0903080627 -0.9632916451 -0.2528114915 0.9950550199 0.0767342746 0.0630667582 -0.0413523726 -0.2572567761 0.9654578567
-225.4 -34.3 1869.3 -0.0097006615 -0.9632546902 -0.2684144974 0.9536018968 0.0718658045 -0.2923673987 0.3009140790 -0.2587967217 0.9178643823
83.4 246.0 1857.6 0.5968874097 0.7726183534 0.2163013071 -0.4699665904 0.5551869273 -0.6862207651 -0.6502743959 0.3079421520 0.6944888830
210.6 145.8 1719.0 -0.5741863847 0.7726183534 0.2708705366 0.8180112839 0.5551869273 0.1504163146 -0.0341693610 0.3079421520 -0.9507912993
-123.7 -157.1 1886.0 0.9967822433 0.0801489279 -0.0011349299 -0.0791316628 0.9816761613 -0.1733494699 -0.0127796410 0.1728814840 0.9848597050
-155.1 -541.6 1818.3 0.9999178052 0.0000000000 0.0128198415 0.0000000000 1.0000000000 0.0000000000 -0.0128198415 0.0000000000 0.9999178052
56.7 -146.3 1883.0 0.9629147053 0.0226215683 -0.2688559294 -0.0478511117 0.9950004220 -0.0876605958 0.2655287385 0.0972747281 0.9591830373
47.8 -536.1 1844.9 0.9640190005 0.0000000000 -0.2658332586 0.0000000000 1.0000000000 0.0000000000 0.2658332586 0.0000000000 0.9640190005
-222.7 -302.9 1784.6 0 0 0 0 0 0 0 0 0
63.7 355.2 1710.3 0 0 0 0 0 0 0 0 0
-155.1 -918.3 1818.3 0 0 0 0 0 0 0 0 0
47.8 -912.7 1844.9 0 0 0 0 0 0 0 0 0
-70.1 437.6 1845.4 3 0.9986923933 -0.0505526476 -0.0076132356 0.0509174541 0.9969224930 0.0596071631 0.0045765056 -0.0599168651 0.9981929064
-60.1 239.7 1857.3 0.9986923933 -0.0505526476 -0.0076132356 0.0509174541 0.9969224930 0.0596071631 0.0045765056 -0.0599168651 0.9981929064
-51.2 44.3 1868.4 0.9989433289 -0.0453485064 -0.0074654166 0.0456988588 0.9973543286 0.0565332472 0.0048819669 -0.0568146706 0.9983727932
-202.5 233.2 1856.6 0.0940191448 -0.9610095024 -0.2600406408 0.9950845838 0.0825524107 0.0546966456 -0.0310970154 -0.2639049590 0.9640472531
-227.8 -34.9 1865.0 -0.0186564028 -0.9608298540 -0.2765101790 0.9539341331 0.0657199621 -0.2927294672 0.2994354665 -0.2692337632 0.9153423309
82.2 246.2 1858.0 0.5938142538 0.7819792032 0.1894548833 -0.4916250408 0.5390261412 -0.6839266419 -0.6369375587 0.3129846454 0.7045219541
206.5 143.3 1724.8 -0.5512710214 0.7819792032 0.2908759117 0.8324254751 0.5390261412 0.1285250336 -0.0562858023 0.3129846454 -0.9480888844
-130.0 -155.9 1881.5 0.9982798100 0.0581076033 -0.0078092604 -0.0586000159 0.9846190214 -0.1645947695 -0.0018750613 0.1647692621 0.9863303304
-152.8 -541.5 1817.0 0.9999982119 0.0000000000 0.0018782890 0.0000000000 1.0000000000 0.0000000000 -0.0018782890 0.0000000000 0.9999982119
50.5 -147.1 1881.1 0.9611858130 -0.0018836190 -0.2758955061 -0.0229017697 0.9959810376 -0.0865867808 0.2749497890 0.0895444825 0.9572796822
51.2 -537.1 1846.0 0.9614379406 0.0000000000 -0.2750219107 0.0000000000 1.0000000000 0.0000000000 0.2750219107 0.0000000000 0.9614379406
-222.5 -303.6 1780.6 0 0 0 0 0 0 0 0 0
64.7 357.5 1710.3 0 0 0 0 0 0 0 0 0
-152.8 -918.1 1817.0 0 0 0 0 0 0 0 0 0
51.2 -913.7 1846.0 0 0 0 0 0 0 0 0 0
-69.9 439.2 1844.8 4 0.9982610941 -0.0532525182 -0.0252772048 0.0546354577 0.9968434572 0.0576023795 0.0221299455 -0.0588832460 0.9980195761
-59.3 241.1 1856.5 0.9982610941 -0.0532525182 -0.0252772048 0.0546354577 0.9968434572 0.0576023795 0.0221299455 -0.0588832460 0.9980195761
-49.8 45.7 1867.4 0.9984983802 -0.0486929379 -0.0250988677 0.0499938838 0.9972824454 0.0541139804 0.0223956928 -0.0552875139 0.9982192516
-201.6 233.9 1853.3 0.1005300730 -0.9557378292 -0.2765119970 0.9944891930 0.0882166028 0.0566489846 -0.0297486298 -0.2806831300 0.9593393803
-228.8 -35.2 1861.4 -0.0130287604 -0.9556490183 -0.2942196131 0.9551402926 0.0751702264 -0.2864548862 0.2958669066 -0.2847531736 0.9117995501
83.0 248.2 1859.7 0.5723788738 0.8012969494 0.1740852147 -0.5235346556 0.5205116272 -0.6745213866 -0.6311053038 0.2949421406 0.7174365520
201.7 139.6 1728.8 -0.5265002847 0.8012969494 0.2841137946 0.8476459980 0.5205116272 0.1027810052 -0.0655264258 0.2949421406 -0.9532656670
-132.6 -155.1 1879.1 0.9985216856 0.0487502776 -0.0240376163 -0.0520165898 0.9853554964 -0.1623847187 0.0157692973 0.1633950174 0.9864346981
-151.7 -541.0 1815.1 0.9998753071 0.0000000000 -0.0157906748 0.0000000000 1.0000000000 0.0000000000 0.0157906748 0.0000000000 0.9998753071
47.9 -146.9 1880.0 0.9562813640 -0.0116577018 -0.2922157645 -0.0132202972 0.9964604974 -0.0830166116 0.2921492457 0.0832504183 0.9527424574
52.5 -537.1 1847.4 0.9563649297 0.0000000000 -0.2921747565 0.0000000000 1.0000000000 0.0000000000 0.2921747565 0.0000000000 0.9563649297
-225.1 -304.3 1778.0 0 0 0 0 0 0 0 0 0
65.3 359.1 1711.9 0 0 0 0 0 0 0 0 0
-151.7 -917.7 1815.1 0 0 0 0 0 0 0 0 0
52.5 -913.8 1847.4 0 0 0 0 0 0 0 0 0
-68.8 440.4 1845.1 5 0.9981893897 -0.0491942130 -0.0346110761 0.0511181988 0.9970592856 0.0570943765 0.0317005813 -0.0587602556 0.9977686405
-59.0 242.1 1856.7 0.9981893897 -0.0491942130 -0.0346110761 0.0511181988 0.9970592856 0.0570943765 0.0317005813 -0.0587602556 0.9977686405
-50.2 46.7 1867.5 0.9983789325 -0.0453183316 -0.0344341919 0.0471172035 0.9974630475 0.0533615276 0.0319285803 -0.0548974723 0.9979813695
-201.3 235.4 1852.2 0.1060265005 -0.9526202679 -0.2850841880 0.9938818216 0.0926053599 0.0601929724 -0.0309407227 -0.2897220552 0.9566105604
-230.0 -33.7 1860.6 -0.0113323797 -0.9525529742 -0.3041618466 0.9531072378 0.0817067847 -0.2913942337 0.3024205267 -0.2932010591 0.9069591761
83.2 248.8 1861.3 0.5570067763 0.8119686842 0.1745002568 -0.5419363976 0.5145679116 -0.6644732952 -0.6293237209 0.2755481005 0.7266532183
198.9 136.3 1730.6 -0.5124773979 0.8119686842 0.2794169486 0.8544368744 0.5145679116 0.0718157813 -0.0854668394 0.2755481005 -0.9574803710
-130.5 -154.1 1876.2 0.9978495240 0.0564351231 -0.0333378762 -0.0608990118 0.9863309860 -0.1531093270 0.0242414381 0.1548103094 0.9876467586
-152.6 -540.4 1815.5 0.9997050166 0.0000000000 -0.0242865160 0.0000000000 1.0000000000 0.0000000000 0.0242865160 0.0000000000 0.9997050166
50.0 -145.1 1880.2 0.9534555674 -0.0060028280 -0.3014738560 -0.0208931658 0.9960836768 -0.0859113336 0.3008089066 0.0882113799 0.9495961070
52.4 -535.2 1845.7 0.9536637068 0.0000000000 -0.3008745909 0.0000000000 1.0000000000 0.0000000000 0.3008745909 0.0000000000 0.9536637068
-226.8 -302.2 1775.4 0 0 0 0 0 0 0 0 0
65.6 358.6 1708.4 0 0 0 0 0 0 0 0 0
-152.6 -917.1 1815.5 0 0 0 0 0 0 0 0 0
52.4 -911.9 1845.7 0 0 0 0 0 0 0 0 0
-67.6 442.1 1844.7 6 0.9974842072 -0.0461988449 -0.0537670068 0.0492789485 0.9971317053 0.0574449003 0.0509589016 -0.0599499643 0.9968997836
-58.4 243.9 1856.6 0.9974842072 -0.0461988449 -0.0537670068 0.0492789485 0.9971317053 0.0574449003 0.0509589016 -0.0599499643 0.9968997836
-50.0 48.5 1867.6 0.9976503253 -0.0426645577 -0.0536055677 0.0455505103 0.9975111485 0.0538211353 0.0511758924 -0.0561364330 0.9971106648
-200.5 237.4 1849.3 0.1106722057 -0.9468048215 -0.3021792769 0.9930456877 0.0930640697 0.0721063465 -0.0401486009 -0.3080579937 0.9505200386
-230.6 -32.0 1860.2 -0.0109282844 -0.9467750788 -0.3217102289 0.9505040050 0.0900737047 -0.2973698378 0.3105199933 -0.3090366125 0.8989291787
83.8 250.4 1863.9 0.5406466722 0.8205782175 0.1853444427 -0.5532304645 0.5127850175 -0.6564964652 -0.6337485313 0.2523944378 0.7312043905
197.5 134.0 1730.6 -0.5082795620 0.8205782175 0.2613489628 0.8566839099 0.5127850175 0.0560734943 -0.0880031362 0.2523944378 -0.9636142850
-131.5 -152.9 1875.4 0.9972616434 0.0519437157 -0.0526407883 -0.0594427623 0.9864827991 -0.1527029425 0.0439972728 0.1554138958 0.9868691564
-151.9 -539.3 1814.5 0.9990282059 0.0000000000 -0.0440752134 0.0000000000 1.0000000000 0.0000000000 0.0440752134 0.0000000000 0.9990282059
48.9 -144.4 1881.1 0.9474162459 -0.0086276922 -0.3198874295 -0.0194255803 0.9962423444 -0.0844027698 0.3194136024 0.0861785561 0.9436886311
52.3 -534.6 1847.4 0.9475950599 0.0000000000 -0.3194738925 0.0000000000 1.0000000000 0.0000000000 0.3194738925 0.0000000000 0.9475950599
-227.5 -299.8 1772.7 0 0 0 0 0 0 0 0 0
64.9 357.4 1707.6 0 0 0 0 0 0 0 0 0
-151.9 -915.9 1814.5 0 0 0 0 0 0 0 0 0
52.3 -911.3 1847.4 0 0 0 0 0 0 0 0 0
-67.2 439.4 1845.0 7 0.9964071512 -0.0450075716 -0.0717430115 0.0491789728 0.9971347451 0.0574783571 0.0689504892 -0.0608000979 0.9957656264
-58.3 241.5 1857.0 0.9964071512 -0.0450075716 -0.0717430115 0.0491789728 0.9971347451 0.0574783571 0.0689504892 -0.0608000979 0.9957656264
-49.9 46.1 1867.9 0.9965196848 -0.0428297222 -0.0715132803 0.0466242097 0.9975444674 0.0522614978 0.0690993369 -0.0554138608 0.9960695505
-200.3 234.8 1847.2 0.1133959219 -0.9411172867 -0.3184959292 0.9926381111 0.0935828388 0.0768885463 -0.0425553881 -0.3248700202 0.9448007941
-230.5 -30.0 1858.5 -0.0055955304 -0.9411731958 -0.3378782272 0.9507203698 0.0997382328 -0.2935694754 0.3099991083 -0.3228704035 0.8942344785
83.7 248.1 1866.9 0.5273555517 0.8271640539 0.1941537857 -0.5490375757 0.5061523914 -0.6651071310 -0.6484241486 0.2441502512 0.7210664153
195.5 131.7 1729.4 -0.5017839074 0.8271640539 0.2530069053 0.8608437777 0.5061523914 0.0525143147 -0.0846220925 0.2441502512 -0.9660381675
-131.8 -150.9 1873.9 0.9962033033 0.0521103255 -0.0697386935 -0.0619110093 0.9872421622 -0.1466967762 0.0612045601 0.1504573971 0.9867200851
-152.3 -537.7 1815.0 0.9981180429 0.0000000000 -0.0613221973 0.0000000000 1.0000000000 0.0000000000 0.0613221973 0.0000000000 0.9981180429
48.5 -142.7 1883.2 0.9416198730 -0.0091370353 -0.3365539312 -0.0238839146 0.9953003526 -0.0938442871 0.3358297050 0.0964038670 0.9369763732
52.1 -532.6 1845.4 0.9418885708 0.0000000000 -0.3359255195 0.0000000000 1.0000000000 0.0000000000 0.3359255195 0.0000000000 0.9418885708
-228.9 -297.8 1771.2 0 0 0 0 0 0 0 0 0
64.6 356.4 1707.3 0 0 0 0 0 0 0 0 0
-152.3 -914.3 1815.0 0 0 0 0 0 0 0 0 0
52.1 -909.2 1845.4 0 0 0 0 0 0 0 0 0
-67.6 441.1 1844.6 8 0.9964916706 -0.0428633206 -0.0718826726 0.0469912030 0.9972817898 0.0567526929 0.0692546740 -0.0599314384 0.9957971573
-59.1 243.1 1856.5 0.9964916706 -0.0428633206 -0.0718826726 0.0469912030 0.9972817898 0.0567526929 0.0692546740 -0.0599314384 0.9957971573
-51.1 47.7 1867.2 0.9965924025 -0.0408414230 -0.0716626048 0.0445896611 0.9976766706 0.0515078045 0.0693924576 -0.0545276999 0.9960981011
-201.2 236.7 1846.6 0.1087167412 -0.9413985014 -0.3192954063 0.9933755994 0.0908563435 0.0703565925 -0.0372235775 -0.3248291910 0.9450398684
-230.6 -32.1 1856.7 -0.0106815537 -0.9414413571 -0.3370075822 0.9513990879 0.0941660777 -0.2932108045 0.3077754378 -0.3237606287 0.8946805596
82.9 249.4 1866.4 0.5170256495 0.8356149793 0.1855589300 -0.5657054782 0.4962640107 -0.6585584879 -0.6423875690 0.2355199158 0.7292932272
192.7 129.3 1730.0 -0.4908525050 0.8356149793 0.2465997636 0.8670446277 0.4962640107 0.0442229137 -0.0854252577 0.2355199158 -0.9681078792
-131.5 -153.5 1872.5 0.9963104725 0.0493077487 -0.0702441409 -0.0592146255 0.9873964190 -0.1467717439 0.0621218309 0.1503897011 0.9866731167
