-53.4 459.5 1843.9 7 0.9957154989 -0.0350939743 -0.0855513215 0.0361799821 0.9992827773 0.0111765144 0.0850977376 -0.0142238745 0.9962710738
-45.1 223.2 1847.2 0.9957154989 -0.0350939743 -0.0855513215 0.0361799821 0.9992827773 0.0111765144 0.0850977376 -0.0142238745 0.9962710738
-39.9 27.8 1858.8 0.9958466887 -0.0269468203 -0.0869671106 0.0319579206 0.9978767037 0.0567523278 0.0852531567 -0.0592959039 0.9945933223
-186.6 218.6 1835.1 0.1680472344 -0.9426926374 -0.2882546484 0.9747730494 0.1153348908 0.1910899431 -0.1468932629 -0.3130950034 0.9382930994
-227.0 -15.9 1870.5 0.0112773655 -0.9426832199 -0.3334984481 0.9480117559 0.1161574125 -0.2962789237 0.3180354834 -0.3128192127 0.8949846625
96.4 227.8 1859.3 0.3891753852 0.7986539006 0.4590147138 -0.1789939255 0.5543654561 -0.8127977252 -0.9036059380 0.2341600209 0.3586995900
185.0 187.1 1653.7 -0.5651309490 0.7986539006 0.2068308741 0.8246290684 0.5543654561 0.1125425473 -0.0247773528 0.2341600209 -0.9718822837
-125.9 -153.7 1871.2 0.9970668554 0.0760098249 -0.0089554321 -0.0765046552 0.9864923954 -0.1448441744 -0.0021751155 0.1451044530 0.9894139767
-155.0 -530.9 1815.8 0.9999976158 0.0000000000 0.0021815090 0.0000000000 1.0000000000 0.0000000000 -0.0021815090 0.0000000000 0.9999976158
54.0 -145.5 1879.1 0.9634570479 0.0199766643 -0.2671169639 -0.0465277769 0.9945369363 -0.0934421420 0.2637910247 0.1024558470 0.9591230750
46.3 -528.6 1839.6 0.9645016193 0.0000000000 -0.2640770376 0.0000000000 1.0000000000 0.0000000000 0.2640770376 0.0000000000 0.9645016193
-230.2 -283.0 1780.9 0 0 0 0 0 0 0 0 0
42.9 394.4 1647.4 0 0 0 0 0 0 0 0 0
-155.0 -907.6 1815.8 0 0 0 0 0 0 0 0 0
46.3 -905.2 1839.6 0 0 0 0 0 0 0 0 0
-53.3 460.1 1844.1 8 0.9954746366 0.0016372590 -0.0950136334 -0.0032175507 0.9998589754 -0.0164814442 0.0949732512 0.0167125706 0.9953395128
-53.7 202.2 1839.8 0.9954746366 0.0016372590 -0.0950136334 -0.0032175507 0.9998589754 -0.0164814442 0.0949732512 0.0167125706 0.9953395128
-40.7 8.4 1861.7 0.9928272367 -0.0670252442 -0.0990036726 0.0774059072 0.9914519787 0.1050302461 0.0911177024 -0.1119403616 0.9895286560
-194.9 191.1 1827.0 0.1452142894 -0.9399820566 -0.3087823689 0.9758702517 0.0846384466 0.2012799084 -0.1630646437 -0.3305602670 0.9295912385
-228.7 -36.1 1864.9 0.0037758469 -0.9403520226 -0.3401820064 0.9443506002 0.1152469814 -0.3080910146 0.3289189637 -0.3200877607 0.8884571791
87.4 213.2 1852.6 0.4615666270 0.7525840998 0.4696524739 -0.0878216550 0.5655855536 -0.8200002313 -0.8827477694 0.3372390866 0.3271485865
192.3 193.3 1652.0 -0.5978083611 0.7525840998 0.2761202455 0.8015735149 0.5655855536 0.1938889176 -0.0102518983 0.3372390866 -0.9413632154
-124.1 -174.9 1861.1 0.9951994419 0.0967977643 -0.0144331194 -0.0978267416 0.9881793261 -0.1180320531 0.0028372714 0.1188773811 0.9929049015
-161.5 -557.2 1815.1 0.9999959469 0.0000000000 -0.0028509460 0.0000000000 1.0000000000 0.0000000000 0.0028509460 0.0000000000 0.9999959469
55.3 -167.7 1878.2 0.9615924358 0.0315099880 -0.2726667523 -0.0562254377 0.9949363470 -0.0833087265 0.2686610222 0.0954398513 0.9584949017
43.0 -554.1 1841.1 0.9631159902 0.0000000000 -0.2690866888 0.0000000000 1.0000000000 0.0000000000 0.2690866888 0.0000000000 0.9631159902
-229.8 -302.1 1772.3 0 0 0 0 0 0 0 0 0
42.3 394.5 1649.4 0 0 0 0 0 0 0 0 0
-161.5 -933.9 1815.1 0 0 0 0 0 0 0 0 0
43.0 -930.8 1841.1 0 0 0 0 0 0 0 0 0
-53.0 460.9 1844.2 9 0.9953602552 0.0145416418 -0.0951128304 -0.0178340338 0.9992675185 -0.0338576585 0.0945508182 0.0353968143 0.9948905706
-56.9 192.1 1834.7 0.9953602552 0.0145416418 -0.0951128304 -0.0178340338 0.9992675185 -0.0338576585 0.0945508182 0.0353968143 0.9948905706
-41.3 -0.3 1865.3 0.9916729927 -0.0797633901 -0.1011060402 0.0943121538 0.9844165444 0.1484225839 0.0876917690 -0.1567222029 0.9837419987
-198.0 178.7 1822.3 0.1301631927 -0.9379050136 -0.3215457499 0.9825275540 0.0785022229 0.1687513888 -0.1330307275 -0.3378928006 0.9317356348
-230.2 -64.1 1855.2 -0.0016211993 -0.9384746552 -0.3453443646 0.9465591311 0.1099427640 -0.3032134473 0.3225262463 -0.3273804188 0.8881434798
84.3 205.6 1847.0 0.4976032674 0.7227013111 0.4796809554 -0.0327191465 0.5682522058 -0.8222036958 -0.8667874336 0.3934364915 0.3064103127
197.2 198.1 1650.4 -0.6192234159 0.7227013111 0.3070263863 0.7852076888 0.5682522058 0.2460453212 0.0033488641 0.3934364915 -0.9193456769
-117.1 -194.6 1874.6 0.9919051528 0.1248458475 -0.0231890455 -0.1269600391 0.9783943295 -0.1631736755 0.0023164747 0.1647968888 0.9863247871
-165.6 -574.9 1810.6 0.9999972582 0.0000000000 -0.0023353728 0.0000000000 1.0000000000 0.0000000000 0.0023353728 0.0000000000 0.9999972582
61.9 -179.8 1891.7 0.9600654244 0.0509171970 -0.2751033008 -0.0878686607 0.9884209037 -0.1237064004 0.2656190693 0.1429391950 0.9534227252
42.1 -564.9 1836.1 0.9637932777 0.0000000000 -0.2666504681 0.0000000000 1.0000000000 0.0000000000 0.2666504681 0.0000000000 0.9637932777
-229.7 -330.7 1764.3 0 0 0 0 0 0 0 0 0
42.4 394.4 1651.2 0 0 0 0 0 0 0 0 0
-165.6 -951.5 1810.6 0 0 0 0 0 0 0 0 0
42.1 -941.5 1836.1 0 0 0 0 0 0 0 0 0
-52.3 460.2 1844.7 0 0.9977105856 0.0297271702 -0.0607443638 -0.0325004198 0.9984496832 -0.0451881737 0.0593068749 0.0470589362 0.9971299767
-60.5 185.9 1831.8 0.9977105856 0.0297271702 -0.0607443638 -0.0325004198 0.9984496832 -0.0451881737 0.0593068749 0.0470589362 0.9971299767
-46.5 -5.9 1867.4 0.9953258038 -0.0710654184 -0.0653926283 0.0816773921 0.9807504416 0.1773622036 0.0515295304 -0.1818742901 0.9819707274
-202.2 174.4 1824.5 0.1080542132 -0.9487708211 -0.2969144881 0.9897124767 0.0744909942 0.1221487001 -0.0937736705 -0.3070586622 0.9470593929
-229.9 -79.8 1848.6 -0.0449131541 -0.9481064081 -0.3147650659 0.9498519897 0.0570745543 -0.3074470758 0.3094576299 -0.3127886355 0.8979973793
81.2 197.5 1839.1 0.5328106880 0.6926998496 0.4860860109 0.0187439397 0.5646092296 -0.8251454830 -0.8460268378 0.4487575293 0.2878459096
200.4 201.7 1649.7 -0.6345630884 0.6926998496 0.3427777290 0.7728379369 0.5646092296 0.2897204161 0.0071538370 0.4487575293 -0.8936249018
-115.2 -202.3 1887.7 0.9913154840 0.1314959377 -0.0015685767 -0.1290527731 0.9704656601 -0.2038178891 -0.0252789743 0.2022502571 0.9790075421
-166.5 -580.7 1808.9 0.9996750355 0.0000000000 0.0254921466 0.0000000000 1.0000000000 0.0000000000 -0.0254921466 0.0000000000 0.9996750355
63.8 -184.9 1903.8 0.9670472145 0.0536717251 -0.2488754690 -0.0976726934 0.9809402227 -0.1679770052 0.2351163477 0.1867500395 0.9538578391
42.9 -567.7 1830.9 0.9716932774 0.0000000000 -0.2362459302 0.0000000000 1.0000000000 0.0000000000 0.2362459302 0.0000000000 0.9716932774
-217.3 -347.2 1761.5 0 0 0 0 0 0 0 0 0
42.4 394.2 1651.5 0 0 0 0 0 0 0 0 0
-166.5 -957.3 1808.9 0 0 0 0 0 0 0 0 0
42.9 -944.3 1830.9 0 0 0 0 0 0 0 0 0
-52.7 460.7 1845.0 1 0.9986303449 0.0299499426 -0.0429000594 -0.0324253291 0.9977771640 -0.0582178533 0.0410610810 0.0595291629 0.9973816872
-61.1 181.2 1828.3 0.9986303449 0.0299499426 -0.0429000594 -0.0324253291 0.9977771640 -0.0582178533 0.0410610810 0.0595291629 0.9973816872
-48.9 -10.1 1867.3 0.9969900846 -0.0616686828 -0.0469871573 0.0697517991 0.9780446887 0.1963753104 0.0338453315 -0.1990616620 0.9794023633
-203.0 171.3 1823.5 0.1014512181 -0.9534641504 -0.2839257121 0.9916236401 0.0739846230 0.1058718711 -0.0799388960 -0.2922882736 0.9529833794
-229.7 -89.2 1844.5 -0.1085168868 -0.9477351308 -0.3000370562 0.9445236325 -0.0041778809 -0.3284169137 0.3099987209 -0.3190308511 0.8956115842
80.9 191.1 1833.1 0.5564655066 0.6670515537 0.4953668714 0.0584081523 0.5633217692 -0.8241705298 -0.8288151622 0.4875559509 0.2745078802
203.2 203.9 1650.9 -0.6490094662 0.6670515537 0.3658263683 0.7607271075 0.5633217692 0.3224327564 0.0090013184 0.4875559509 -0.8730453253
-122.4 -205.5 1898.2 0.9943981171 0.1055625379 0.0053820494 -0.1013155058 0.9664292336 -0.2361137718 -0.0301261377 0.2342457920 0.9717105031
-163.6 -582.9 1806.7 0.9995414019 0.0000000000 0.0302819572 0.0000000000 1.0000000000 0.0000000000 -0.0302819572 0.0000000000 0.9995414019
57.3 -190.7 1907.7 0.9711000323 0.0259859357 -0.2372540832 -0.0722368583 0.9794328809 -0.1883960664 0.2274788022 0.2000899017 0.9530044198
47.2 -573.5 1829.5 0.9736436605 0.0000000000 -0.2280746549 0.0000000000 1.0000000000 0.0000000000 0.2280746549 0.0000000000 0.9736436605
-199.2 -354.6 1757.4 0 0 0 0 0 0 0 0 0
41.9 393.0 1653.2 0 0 0 0 0 0 0 0 0
-163.6 -959.6 1806.7 0 0 0 0 0 0 0 0 0
47.2 -950.1 1829.5 0 0 0 0 0 0 0 0 0
-53.4 460.2 1846.1 2 0.9992729425 0.0222387183 -0.0309683122 -0.0243515223 0.9972771406 -0.0696082935 0.0293359905 0.0703118071 0.9970936179
-59.7 180.2 1826.4 0.9992729425 0.0222387183 -0.0309683122 -0.0243515223 0.9972771406 -0.0696082935 0.0293359905 0.0703118071 0.9970936179
-49.4 -10.8 1867.9 0.9980193973 -0.0521332696 -0.0352050923 0.0583895929 0.9759465456 0.2100452483 0.0234079435 -0.2116848528 0.9770576358
-201.8 172.0 1823.1 0.1034498215 -0.9555947781 -0.2759287953 0.9919565916 0.0787777454 0.0990767330 -0.0729401633 -0.2839588523 0.9560580850
-229.5 -93.8 1842.6 -0.1734058708 -0.9402601123 -0.2929869294 0.9320429564 -0.0605707876 -0.3572494090 0.3181609213 -0.3350255489 0.8868660927
82.5 188.5 1829.7 0.5629766583 0.6655098796 0.4900550246 0.0791079253 0.5468332171 -0.8334958553 -0.8226780891 0.5080059171 0.2552072406
204.7 205.7 1651.2 -0.6451342702 0.6655098796 0.3753643632 0.7637211084 0.5468332171 0.3430793583 0.0230609924 0.5080059171 -0.8610448241
-126.8 -208.1 1903.2 0.9960397482 0.0885045156 0.0084701078 -0.0833949819 0.9630460143 -0.2561008930 -0.0308231879 0.2543803155 0.9666129351
-161.4 -584.6 1803.7 0.9995215535 0.0000000000 0.0309309345 0.0000000000 1.0000000000 0.0000000000 -0.0309309345 0.0000000000 0.9995215535
53.3 -195.4 1909.4 0.9728915095 0.0113708125 -0.2309822589 -0.0595022477 0.9774723053 -0.2025029063 0.2234761268 0.2107573301 0.9516510963
48.8 -577.8 1826.9 0.9746183753 0.0000000000 -0.2238727957 0.0000000000 1.0000000000 0.0000000000 0.2238727957 0.0000000000 0.9746183753
-180.9 -355.5 1753.3 0 0 0 0 0 0 0 0 0
44.2 395.7 1657.0 0 0 0 0 0 0 0 0 0
-161.4 -961.2 1803.7 0 0 0 0 0 0 0 0 0
48.8 -954.5 1826.9 0 0 0 0 0 0 0 0 0
-54.2 461.1 1845.7 3 0.9997546077 0.0171383191 -0.0140341176 -0.0181361828 0.9970659018 -0.0743687227 0.0127183851 0.0746050030 0.9971320629
-59.1 178.4 1824.6 0.9997546077 0.0171383191 -0.0140341176 -0.0181361828 0.9970659018 -0.0743687227 0.0127183851 0.0746050030 0.9971320629
-49.9 -12.2 1868.3 0.9987533092 -0.0463861264 -0.0184419379 0.0493312739 0.9736539721 0.2226306200 0.0076290937 -0.2232628465 0.9747284055
-201.4 171.4 1823.5 0.1028268337 -0.9593769312 -0.2627214193 0.9923896790 0.0809567720 0.0927835330 -0.0677453056 -0.2702626288 0.9604002833
-229.0 -94.9 1841.6 -0.2124362588 -0.9360759258 -0.2804151475 0.9204685092 -0.0953578874 -0.3790047169 0.3280374110 -0.3386276662 0.8818858862
83.2 185.4 1825.7 0.5832380056 0.6429757476 0.4964026511 0.1091335788 0.5435414314 -0.8322575092 -0.8049368262 0.5395784378 0.2468437850
209.8 209.1 1651.0 -0.6584612131 0.6429757476 0.3911661804 0.7521307468 0.5435414314 0.3726419806 0.0269847400 0.5395784378 -0.8415027857
-129.3 -207.2 1907.2 0.9962832332 0.0840977877 0.0186363924 -0.0761234015 0.9608497620 -0.2664074600 -0.0403110534 0.2639986277 0.9636803269
-162.2 -583.2 1803.9 0.9991824627 0.0000000000 0.0404283591 0.0000000000 1.0000000000 0.0000000000 -0.0404283591 0.0000000000 0.9991824627
51.0 -196.7 1911.5 0.9758092761 0.0008982572 -0.2186217457 -0.0478266254 0.9766470194 -0.2094594240 0.2133281231 0.2148483843 0.9530641437
50.7 -579.0 1827.4 0.9769272208 0.0000000000 -0.2135725170 0.0000000000 1.0000000000 0.0000000000 0.2135725170 0.0000000000 0.9769272208
-169.3 -353.6 1749.5 0 0 0 0 0 0 0 0 0
44.8 397.5 1657.8 0 0 0 0 0 0 0 0 0
-162.2 -959.9 1803.9 0 0 0 0 0 0 0 0 0
50.7 -955.6 1827.4 0 0 0 0 0 0 0 0 0
-55.0 460.0 1847.5 4 0.9999088049 0.0132907843 -0.0024042556 -0.0134466561 0.9963176847 -0.0846773311 0.0012699743 0.0847019330 0.9964055419
-58.8 177.4 1823.5 0.9999088049 0.0132907843 -0.0024042556 -0.0134466561 0.9963176847 -0.0846773311 0.0012699743 0.0847019330 0.9964055419
-50.2 -13.2 1867.6 0.9990016818 -0.0440808758 -0.0072457697 0.0445803069 0.9733302593 0.2250352353 -0.0028672235 -0.2251335979 0.9743236899
-201.2 171.1 1823.9 0.0953293890 -0.7542322874 -0.6496506333 0.9938483834 0.0351565108 0.1050207317 -0.0563705787 -0.6556658149 0.7529440522
-226.9 -97.6 1839.1 -0.2426319122 -0.7542322874 -0.6101338863 0.9129658341 0.0351565108 -0.4065186679 0.3280597031 -0.6556658149 0.6800582409
83.5 183.8 1823.1 0.6068453193 0.6089683175 0.5107801557 0.1405608356 0.5502831936 -0.8230620027 -0.7822924256 0.5712670088 0.2483396828
216.3 214.5 1651.9 -0.6823028326 0.6089683175 0.4045002162 0.7306925058 0.5502831936 0.4040752649 0.0234793611 0.5712670088 -0.8204283714
-131.1 -207.3 1911.3 0.9966695309 0.0774545372 0.0255070217 -0.0669848844 0.9560030103 -0.2856067419 -0.0465063266 0.2829469740 0.9580073953
-161.4 -581.5 1800.6 0.9989131093 0.0000000000 0.0466110185 0.0000000000 1.0000000000 0.0000000000 -0.0466110185 0.0000000000 0.9989131093
49.4 -198.4 1912.7 0.9777609110 -0.0024428945 -0.2097085416 -0.0432351865 0.9761052728 -0.2129536271 0.2052178234 0.2172845155 0.9542919397
50.4 -580.6 1827.6 0.9786760211 0.0000000000 -0.2054098994 0.0000000000 1.0000000000 0.0000000000 0.2054098994 0.0000000000 0.9786760211
-158.7 -354.4 1746.9 0 0 0 0 0 0 0 0 0
45.2 397.8 1657.8 0 0 0 0 0 0 0 0 0
-161.4 -958.2 1800.6 0 0 0 0 0 0 0 0 0
50.4 -957.3 1827.6 0 0 0 0 0 0 0 0 0
-56.1 462.0 1846.4 5 0.9999269247 0.0081671095 0.0089139994 -0.0074015544 0.9965409040 -0.0827737600 -0.0095591871 0.0827017352 0.9965285063
-58.4 177.7 1822.8 0.9999269247 0.0081671095 0.0089139994 -0.0074015544 0.9965409040 -0.0827737600 -0.0095591871 0.0827017352 0.9965285063
-51.2 -12.6 1868.4 0.9993212819 -0.0365797319 0.0043517123 0.0345562138 0.9717937708 0.2332867533 -0.0127625344 -0.2329780459 0.9723982215
-200.8 172.8 1824.6 0.0916795433 -0.7327412367 -0.6743034720 0.9946538806 0.0350672081 0.0971287042 -0.0475242622 -0.6796032786 0.7320388556
-225.8 -98.6 1837.6 -0.2648207247 -0.7327412367 -0.6268654466 0.9052557945 0.0350672081 -0.4234173298 0.3322377503 -0.6796032786 0.6540316939
84.0 182.6 1821.0 0.6144006848 0.5851976871 0.5292026401 0.1689059734 0.5576254725 -0.8127266765 -0.7707026601 0.5887253284 0.2437620759
220.6 220.2 1649.6 -0.7078998685 0.5851976871 0.3955014646 0.7054199576 0.5576254725 0.4375346005 0.0355025642 0.5887253284 -0.8075531125
-131.8 -207.8 1911.9 0.9968025684 0.0737652481 0.0307143647 -0.0616656169 0.9546198845 -0.2913729250 -0.0508137420 0.2885472476 0.9561163187
-160.7 -581.6 1798.9 0.9987032413 0.0000000000 0.0509106331 0.0000000000 1.0000000000 0.0000000000 -0.0509106331 0.0000000000 0.9987032413
48.8 -199.8 1911.4 0.9792460799 -0.0044581271 -0.2026257664 -0.0370438583 0.9789799452 -0.2005641758 0.1992607117 0.2039077282 0.9584971666
50.5 -583.2 1831.6 0.9799186587 0.0000000000 -0.1993975639 0.0000000000 1.0000000000 0.0000000000 0.1993975639 0.0000000000 0.9799186587
-151.3 -353.4 1744.1 0 0 0 0 0 0 0 0 0
43.6 396.5 1658.5 0 0 0 0 0 0 0 0 0
-160.7 -958.3 1798.9 0 0 0 0 0 0 0 0 0
50.5 -959.8 1831.6 0 0 0 0 0 0 0 0 0
-56.2 462.4 1845.3 6 0.9997720718 0.0034068408 0.0210750438 -0.0017185478 0.9968243241 -0.0796138644 -0.0212793481 0.0795594975 0.9966029525
-57.2 178.7 1822.7 0.9997720718 0.0034068408 0.0210750438 -0.0017185478 0.9968243241 -0.0796138644 -0.0212793481 0.0795594975 0.9966029525
-52.6 -11.7 1868.0 0.9995613098 -0.0236109495 0.0178790540 0.0188248158 0.9725544453 0.2319125384 -0.0228640288 -0.2314742357 0.9725723267
-199.6 176.0 1825.9 0.0924483687 -0.7266125083 -0.6807992458 0.9947136641 0.0367015935 0.0959046558 -0.0446991064 -0.6860665083 0.7261644006
-225.0 -96.7 1838.2 -0.2723452747 -0.7266125083 -0.6307632923 0.9013809562 0.0367015935 -0.4314688146 0.3366606534 -0.6860665083 0.6449591517
85.2 181.4 1819.4 0.6188530326 0.5695120692 0.5409962535 0.1886249036 0.5608276725 -0.8061593771 -0.7625231743 0.6009395719 0.2396457493
223.2 223.4 1649.5 -0.7223550081 0.5695120692 0.3922489882 0.6903464794 0.5608276725 0.4570492804 0.0403109789 0.6009395719 -0.7982773185
-134.4 -206.0 1915.2 0.9972099662 0.0656520277 0.0355254970 -0.0522240736 0.9536352754 -0.2963989675 -0.0533375591 0.2937167287 0.9544032812
-160.1 -579.5 1800.2 0.9985726476 0.0000000000 0.0534104444 0.0000000000 1.0000000000 0.0000000000 -0.0534104444 0.0000000000 0.9985726476
46.3 -199.8 1912.9 0.9805100560 -0.0129106911 -0.1960443258 -0.0294862352 0.9768666029 -0.2118070573 0.1942437291 0.2134595513 0.9574468136
51.3 -582.4 1829.3 0.9809365869 0.0000000000 -0.1943282187 0.0000000000 1.0000000000 0.0000000000 0.1943282187 0.0000000000 0.9809365869
-148.3 -350.5 1743.4 0 0 0 0 0 0 0 0 0
42.7 395.9 1659.6 0 0 0 0 0 0 0 0 0
-160.1 -956.2 1800.2 0 0 0 0 0 0 0 0 0
51.3 -959.0 1829.3 0 0 0 0 0 0 0 0 0
-57.1 459.3 1845.8 7 0.9991211295 -0.0106311264 0.0405450016 0.0137525154 0.9968973994 -0.0775012150 -0.0395952798 0.0779907033 0.9961674809
-54.2 180.8 1824.0 0.9991211295 -0.0106311264 0.0405450016 0.0137525154 0.9968973994 -0.0775012150 -0.0395952798 0.0779907033 0.9961674809
-55.3 -9.7 1869.0 0.9991932511 0.0056186439 0.0397646017 -0.0145956492 0.9732615352 0.2292356789 -0.0374133624 -0.2296311259 0.9725583792
-196.5 182.9 1829.3 0.1017435193 -0.7054308057 -0.7014382482 0.9941649437 0.0466997065 0.0972379670 -0.0358376950 -0.7072386742 0.7060659528
-224.9 -94.8 1839.4 -0.2797507942 -0.7054308057 -0.6512348652 0.8984710574 0.0466997065 -0.4365420043 0.3383626640 -0.7072386742 0.6207448840
88.1 178.7 1818.7 0.6152351499 0.5455463529 0.5690912604 0.2337027341 0.5632195473 -0.7925696969 -0.7529068589 0.6206149459 0.2190167755
225.7 231.0 1650.3 -0.7320616841 0.5455463529 0.4080010056 0.6807527542 0.5632195473 0.4683582187 0.0257169846 0.6206149459 -0.7836936712
-138.3 -203.9 1915.5 0.9979279041 0.0508396812 0.0394367017 -0.0367424674 0.9534319639 -0.2993618250 -0.0528196692 0.2972925007 0.9533243179
-158.2 -577.3 1799.0 0.9986021519 0.0000000000 0.0528553575 0.0000000000 1.0000000000 0.0000000000 -0.0528553575 0.0000000000 0.9986021519
42.4 -200.5 1911.3 0.9814752936 -0.0308265463 -0.1890923828 -0.0094750896 0.9779530764 -0.2086095810 0.1913541853 0.2065368295 0.9595447183
54.5 -583.5 1830.5 0.9815194011 0.0000000000 -0.1913627833 0.0000000000 1.0000000000 0.0000000000 0.1913627833 0.0000000000 0.9815194011
-146.1 -347.9 1744.1 0 0 0 0 0 0 0 0 0
43.8 400.1 1656.7 0 0 0 0 0 0 0 0 0
-158.2 -954.0 1799.0 0 0 0 0 0 0 0 0 0
54.5 -960.1 1830.5 0 0 0 0 0 0 0 0 0
-58.0 458.2 1845.0 8 0.9977900982 -0.0206287540 0.0631618723 0.0253053904 0.9969251752 -0.0741609409 -0.0614378117 0.0755953863 0.9952440858
-52.1 171.5 1823.3 0.9977900982 -0.0206287540 0.0631618723 0.0253053904 0.9969251752 -0.0741609409 -0.0614378117 0.0755953863 0.9952440858
-51.5 -19.1 1868.0 0.9982228875 -0.0032278926 0.0595036224 -0.0104430309 0.9736037850 0.2280056179 -0.0586689338 -0.2282218188 0.9718399048
-194.3 173.0 1831.7 0.1183542237 -0.7108446360 -0.6933196783 0.9920525551 0.0546176247 0.1133517027 -0.0427079722 -0.7012252212 0.7116594315
-225.4 -88.0 1842.9 -0.2731310427 -0.7108446360 -0.6481507421 0.8973023891 0.0546176247 -0.4380243123 0.3467676938 -0.7012252212 0.6229248047
90.1 170.0 1814.9 0.6113597155 0.5203738213 0.5961965919 0.2895704508 0.5540347099 -0.7805091143 -0.7364701629 0.6498127580 0.1880296022
227.1 234.9 1649.9 -0.7430794835 0.5203738213 0.4207659364 0.6687401533 0.5540347099 0.4958146214 0.0248900168 0.6498127580 -0.7596867085
-146.6 -198.9 1917.4 0.9978626966 0.0239566229 0.0607953332 -0.0043771728 0.9527879357 -0.3036049306 -0.0651984066 0.3026899397 0.9508564472
-156.0 -572.0 1798.9 0.9978722930 0.0000000000 0.0651990324 0.0000000000 1.0000000000 0.0000000000 -0.0651990324 0.0000000000 0.9978722930
33.9 -201.6 1910.7 0.9837195873 -0.0632984936 -0.1681936681 0.0283799507 0.9788892865 -0.2024113238 0.1774553210 0.1943426579 0.9647489786
58.7 -584.7 1834.6 0.9841159582 0.0000000000 -0.1775268167 0.0000000000 1.0000000000 0.0000000000 0.1775268167 0.0000000000 0.9841159582
-148.5 -340.8 1745.2 0 0 0 0 0 0 0 0 0
43.0 400.7 1656.0 0 0 0 0 0 0 0 0 0
-156.0 -948.6 1798.9 0 0 0 0 0 0 0 0 0
58.7 -961.4 1834.6 0 0 0 0 0 0 0 0 0
-59.2 456.0 1848.2 9 0.9938998222 -0.0157984626 0.1091492623 0.0191863384 0.9993639588 -0.0300586876 -0.1086049601 0.0319694988 0.9935708046
-55.4 213.4 1840.4 0.9938998222 -0.0157984626 0.1091492623 0.0191863384 0.9993639588 -0.0300586876 -0.1086049601 0.0319694988 0.9935708046
-54.9 20.2 1865.8 0.9941946268 -0.0048346054 0.1074879691 -0.0092590293 0.9914401770 0.1302331686 -0.1071975157 -0.1304723471 0.9856396914
-196.9 214.4 1855.6 0.0899092481 -0.7456848621 -0.6602048278 0.9948027134 0.0990475267 0.0236043744 0.0477902256 -0.6588957906 0.7507146001
-224.8 -94.6 1840.8 -0.2777622640 -0.7301528454 -0.6242795587 0.8921635747 0.0449064150 -0.4494747818 0.3562194109 -0.6818066239 0.6389424205
86.1 212.4 1825.2 0.6236844063 0.5630332232 0.5422281623 0.1075915396 0.6252378225 -0.7729823589 -0.7742362618 0.5404362082 0.3293734491
227.8 236.9 1649.3 -0.7500302196 0.5630332232 0.3470565379 0.6611991525 0.6252378225 0.4146002531 0.0164408442 0.5404362082 -0.8412243724
-143.7 -190.3 1910.2 0.9938011765 0.0298932884 0.1070774049 0.0027162314 0.9563536048 -0.2921993434 -0.1111386567 0.2906789184 0.9503441453
-155.8 -579.2 1792.0 0.9938048720 0.0000000000 0.1111390665 0.0000000000 1.0000000000 0.0000000000 -0.1111390665 0.0000000000 0.9938048720
36.1 -190.5 1895.7 0.9900947213 -0.0498959757 -0.1312356293 0.0292556901 0.9875218868 -0.1547404826 0.1373189837 0.1493683457 0.9792000055
56.5 -595.0 1834.5 0.9905187488 0.0000000000 -0.1373777837 0.0000000000 1.0000000000 0.0000000000 0.1373777837 0.0000000000 0.9905187488
-146.5 -345.9 1740.4 0 0 0 0 0 0 0 0 0
42.4 400.3 1653.4 0 0 0 0 0 0 0 0 0
-155.8 -955.9 1792.0 0 0 0 0 0 0 0 0 0
56.5 -971.6 1834.5 0 0 0 0 0 0 0 0 0
-60.4 460.3 1846.7 0 0.9980412126 -0.0410647206 0.0471958704 0.0422793888 0.9987921715 -0.0250328816 -0.0461108983 0.0269792601 0.9985719323
-49.9 207.0 1839.9 0.9980412126 -0.0410647206 0.0471958704 0.0422793888 0.9987921715 -0.0250328816 -0.0461108983 0.0269792601 0.9985719323
-47.0 12.9 1862.2 0.9989423752 -0.0156706776 0.0432264097 0.0106353611 0.9933837652 0.1143487021 -0.0447323322 -0.1137680411 0.9924998283
-191.9 205.3 1846.2 0.1490260512 -0.7107961178 -0.6874300838 0.9882010221 0.0821991339 0.1292362362 -0.0353544652 -0.6985786557 0.7146592736
-231.3 -55.7 1855.5 -0.2436438948 -0.7107961178 -0.6598533988 0.9028946757 0.0821991339 -0.4219294786 0.3541452289 -0.6985786557 0.6217467189
92.0 208.6 1833.6 0.5852007866 0.5801449418 0.5665438175 0.1317911744 0.6213345528 -0.7723823190 -0.8001069427 0.5266641974 0.2871474624
226.0 238.7 1650.5 -0.7401352525 0.5801449418 0.3400464952 0.6720849276 0.6213345528 0.4027967453 0.0223978646 0.5266641974 -0.8497782946
-143.4 -168.2 1896.3 0.9982188344 0.0256582368 0.0538594276 -0.0124970749 0.9726915359 -0.2317650616 -0.0583352931 0.2306791693 0.9712796211
-153.5 -550.8 1805.6 0.9982967973 0.0000000000 0.0583398491 0.0000000000 1.0000000000 0.0000000000 -0.0583398491 0.0000000000 0.9982967973
35.9 -167.9 1877.8 0.9794925451 -0.0503633060 -0.1950843930 0.0347045660 0.9959558249 -0.0828706324 0.1984690875 0.0744008496 0.9772791266
55.8 -561.2 1848.4 0.9800829291 0.0000000000 -0.1985887140 0.0000000000 1.0000000000 0.0000000000 0.1985887140 0.0000000000 0.9800829291
-162.7 -309.9 1755.8 0 0 0 0 0 0 0 0 0
41.5 406.2 1656.0 0 0 0 0 0 0 0 0 0
-153.5 -927.4 1805.6 0 0 0 0 0 0 0 0 0
55.8 -937.9 1848.4 0 0 0 0 0 0 0 0 0
-60.6 459.8 1847.0 1 0.9962470531 -0.0384554006 0.0775431469 0.0380270891 0.9992522597 0.0069931252 -0.0777540803 -0.0040181400 0.9969644547
-52.0 233.8 1847.9 0.9962470531 -0.0384554006 0.0775431469 0.0380270891 0.9992522597 0.0069931252 -0.0777540803 -0.0040181400 0.9969644547
-47.4 39.0 1863.0 0.9968735576 -0.0239338111 0.0753016472 0.0179853626 0.9967357516 0.0787041709 -0.0769395381 -0.0771037713 0.9940499663
-193.8 231.1 1858.8 0.1261373460 -0.7343532443 -0.6669442654 0.9919809699 0.0987579077 0.0788711309 0.0079467474 -0.6715446115 0.7409214973
-230.9 -60.6 1856.5 -0.2012177259 -0.7378610373 -0.6442611814 0.9036306143 0.1140533686 -0.4128481448 0.3781047463 -0.6652464867 0.6438042521
89.8 236.5 1837.0 0.5923428535 0.5990193486 0.5388002396 0.0088056941 0.6638939381 -0.7477748990 -0.8056378961 0.4476836324 0.3879780471
227.0 238.6 1650.5 -0.7425297499 0.5990193486 0.2997088134 0.6698130369 0.6638939381 0.3325587511 0.0002342591 0.4476836324 -0.8941919804
-134.3 -175.2 1886.6 0.9939836860 0.0633481145 0.0893501714 -0.0430743434 0.9761287570 -0.2128784209 -0.1007027179 0.2077489793 0.9729847312
-159.5 -562.6 1804.2 0.9949070811 0.0000000000 0.1007962748 0.0000000000 1.0000000000 0.0000000000 -0.1007962748 0.0000000000 0.9949070811
45.5 -171.7 1876.9 0.9864940643 -0.0091554290 -0.1635407805 -0.0048272996 0.9963778853 -0.0848985240 0.1637257040 0.0845413506 0.9828767180
49.1 -568.5 1843.2 0.9865055680 0.0000000000 -0.1637276113 0.0000000000 1.0000000000 0.0000000000 0.1637276113 0.0000000000 0.9865055680
-174.3 -314.8 1750.1 0 0 0 0 0 0 0 0 0
42.6 404.9 1650.5 0 0 0 0 0 0 0 0 0
-159.5 -939.3 1804.2 0 0 0 0 0 0 0 0 0
49.1 -945.2 1843.2 0 0 0 0 0 0 0 0 0
-61.1 455.7 1846.1 2 0.9978113174 -0.0549604334 0.0367679261 0.0553894714 0.9984069467 -0.0107530197 -0.0361183621 0.0127660409 0.9992659688
-48.0 216.7 1843.1 0.9978113174 -0.0549604334 0.0367679261 0.0553894714 0.9984069467 -0.0107530197 -0.0361183621 0.0127660409 0.9992659688
-46.5 21.7 1858.7 0.9993919730 -0.0082650743 0.0338728763 0.0055111540 0.9967310429 0.0806029364 -0.0344283357 -0.0803672448 0.9961705804
-190.1 215.9 1848.0 0.1522554010 -0.8258534074 -0.5429405570 0.9858685732 0.0880716890 0.1425008923 -0.0698671564 -0.5569645762 0.8275923133
-229.2 -36.7 1865.9 -0.1572356522 -0.8258534074 -0.5415192842 0.9125833511 0.0880716890 -0.3992931545 0.3774501085 -0.5569645762 0.7398120165
94.2 217.6 1838.2 0.5738925338 0.5898408890 0.5680977702 0.0982886478 0.6390817165 -0.7628328204 -0.8130108714 0.4936216176 0.3087895513
226.2 240.2 1651.1 -0.7390480638 0.5898408890 0.3254161477 0.6735618711 0.6390817165 0.3713340461 0.0110604903 0.4936216176 -0.8696064353
-133.4 -158.3 1883.2 0.9970438480 0.0606105812 0.0472219959 -0.0511987470 0.9823570251 -0.1798702925 -0.0572909042 0.1769208610 0.9825562239
-157.0 -541.2 1814.2 0.9983531833 0.0000000000 0.0573661402 0.0000000000 1.0000000000 0.0000000000 -0.0573661402 0.0000000000 0.9983531833
46.2 -156.9 1870.4 0.9784082770 -0.0109476503 -0.2063912600 -0.0018834571 0.9980824590 -0.0618700981 0.2066728175 0.0609229468 0.9765115380
50.5 -544.1 1846.8 0.9784100056 0.0000000000 -0.2066731900 0.0000000000 1.0000000000 0.0000000000 0.2066731900 0.0000000000 0.9784100056
-184.9 -293.4 1759.7 0 0 0 0 0 0 0 0 0
41.7 408.4 1653.9 0 0 0 0 0 0 0 0 0
-157.0 -917.8 1814.2 0 0 0 0 0 0 0 0 0
50.5 -920.7 1846.8 0 0 0 0 0 0 0 0 0
-60.0 452.6 1845.7 3 0.9992766976 -0.0376914665 0.0050416249 0.0378693789 0.9984106421 -0.0417383946 -0.0034604308 0.0418991297 0.9991158247
-50.2 193.2 1834.8 0.9992766976 -0.0376914665 0.0050416249 0.0378693789 0.9984106421 -0.0417383946 -0.0034604308 0.0418991297 0.9991158247
-47.2 -1.5 1854.2 0.9998788238 -0.0155153349 0.0012847454 0.0153119182 0.9949684143 0.0990121216 -0.0028144873 -0.0989804491 0.9950854182
-192.5 191.0 1835.2 0.1519732773 -0.8687981963 -0.4712683260 0.9812089205 0.0752654746 0.1776631624 -0.1188831925 -0.4894127250 0.8639108539
-229.5 -47.9 1864.2 -0.1380960494 -0.8687981963 -0.4755199254 0.9123356938 0.0752654746 -0.4024657011 0.3854517043 -0.4894127250 0.7822417617
92.1 195.5 1834.4 0.5808296800 0.5605982542 0.5902258158 0.1949412227 0.6081805825 -0.7694896460 -0.7903383970 0.5620017648 0.2439656109
227.1 240.8 1650.8 -0.7426399589 0.5605982542 0.3663543761 0.6694929600 0.6081805825 0.4264920950 0.0162811112 0.5620017648 -0.8269758224
-135.4 -174.2 1876.6 0.9983960390 0.0539577082 0.0171445478 -0.0502405204 0.9839751720 -0.1710812300 -0.0261009596 0.1699454784 0.9851077199
-156.5 -558.7 1810.2 0.9996584654 0.0000000000 0.0261339638 0.0000000000 1.0000000000 0.0000000000 -0.0261339638 0.0000000000 0.9996584654
44.8 -174.1 1871.0 0.9714577794 -0.0179599375 -0.2365317494 0.0037971251 0.9981793165 -0.0601969548 0.2371822298 0.0575806573 0.9697571993
51.8 -563.2 1848.5 0.9714647532 0.0000000000 -0.2371839434 0.0000000000 1.0000000000 0.0000000000 0.2371839434 0.0000000000 0.9714647532
-190.6 -304.7 1755.7 0 0 0 0 0 0 0 0 0
42.1 407.5 1654.8 0 0 0 0 0 0 0 0 0
-156.5 -935.3 1810.2 0 0 0 0 0 0 0 0 0
51.8 -939.9 1848.5 0 0 0 0 0 0 0 0 0
-58.8 448.8 1847.0 4 0.9997342825 -0.0164967049 0.0161021892 0.0175433382 0.9975864291 -0.0671825781 -0.0149550354 0.0674472079 0.9976107478
-54.4 183.2 1829.0 0.9997342825 -0.0164967049 0.0161021892 0.0175433382 0.9975864291 -0.0671825781 -0.0149550354 0.0674472079 0.9976107478
-52.6 -9.0 1863.1 0.9998734593 -0.0092078904 0.0129710846 0.0068070386 0.9846728444 0.1742786169 -0.0143770128 -0.1741682738 0.9846109748
-196.8 182.3 1831.0 0.1284689307 -0.8881708980 -0.4411895275 0.9862116575 0.0676211268 0.1510426849 -0.1043179855 -0.4545105696 0.8846117258
-229.6 -69.6 1857.7 -0.1255923063 -0.8881708980 -0.4420170188 0.9157289863 0.0676211268 -0.3960653543 0.3816634119 -0.4545105696 0.8048311472
88.0 184.2 1827.0 0.6083173156 0.5248627067 0.5953732133 0.2403764427 0.5930680633 -0.7684330940 -0.7564187050 0.6105648279 0.2346089482
228.8 239.8 1652.0 -0.7571991086 0.5248627067 0.3888041675 0.6529718041 0.5930680633 0.4710606039 0.0166547894 0.6105648279 -0.7917911410
-135.5 -196.9 1876.4 0.9979203939 0.0604667515 0.0223318692 -0.0559405796 0.9845353365 -0.1660143733 -0.0320248641 0.1644198596 0.9858704209
-159.2 -583.4 1811.9 0.9994854331 0.0000000000 0.0320750922 0.0000000000 1.0000000000 0.0000000000 -0.0320750922 0.0000000000 0.9994854331
45.7 -195.5 1873.1 0.9741878510 -0.0147872344 -0.2252541184 -0.0005657225 0.9976891279 -0.0679418594 0.2257382572 0.0663155615 0.9719282389
51.5 -585.3 1847.2 0.9741879702 0.0000000000 -0.2257382870 0.0000000000 1.0000000000 0.0000000000 0.2257382870 0.0000000000 0.9741879702
-194.3 -327.4 1750.2 0 0 0 0 0 0 0 0 0
41.7 401.2 1656.1 0 0 0 0 0 0 0 0 0
-159.2 -960.0 1811.9 0 0 0 0 0 0 0 0 0
51.5 -962.0 1847.2 0 0 0 0 0 0 0 0 0
-58.8 446.1 1847.1 5 0.9995831251 -0.0127211930 0.0259169787 0.0148414588 0.9964112639 -0.0833327398 -0.0247638766 0.0836826488 0.9961847067
-55.3 174.2 1824.3 0.9995831251 -0.0127211930 0.0259169787 0.0148414588 0.9964112639 -0.0833327398 -0.0247638766 0.0836826488 0.9961847067
-52.5 -16.6 1866.4 0.9996605515 -0.0142204212 0.0218307264 0.0091747567 0.9763765335 0.2158811837 -0.0243849307 -0.2156075984 0.9761755466
-197.7 172.9 1827.8 0.1280770153 -0.8632247448 -0.4883024991 0.9862424135 0.0589735322 0.1544280052 -0.1045091450 -0.5013633370 0.8589020371
-230.6 -80.4 1854.6 -0.1594826132 -0.8632247448 -0.4789659083 0.9104313254 0.0589735322 -0.4094349146 0.3816806674 -0.5013633370 0.7765015960
87.1 175.5 1820.8 0.6195383072 0.5049036741 0.6010362506 0.2774164379 0.5754390359 -0.7693569064 -0.7343108654 0.6433833838 0.2164379209
229.9 239.4 1651.7 -0.7647650838 0.5049036741 0.4002581537 0.6438506842 0.5754390359 0.5043076873 0.0243026521 0.6433833838 -0.7651582956
-141.5 -201.4 1899.7 0.9988184571 0.0407184735 0.0265271664 -0.0332129933 0.9704409242 -0.2390425056 -0.0354764946 0.2378790230 0.9706466794
-157.4 -580.8 1806.7 0.9993698001 0.0000000000 0.0354960784 0.0000000000 1.0000000000 0.0000000000 -0.0354960784 0.0000000000 0.9993698001
39.5 -201.0 1895.7 0.9764394164 -0.0386804529 -0.2122965902 0.0071930289 0.9890912175 -0.1471287757 0.2156716883 0.1421352923 0.9660658836
54.5 -586.7 1840.3 0.9764646888 0.0000000000 -0.2156772763 0.0000000000 1.0000000000 0.0000000000 0.2156772763 0.0000000000 0.9764646888
-185.7 -336.7 1747.2 0 0 0 0 0 0 0 0 0
41.7 397.8 1657.6 0 0 0 0 0 0 0 0 0
-157.4 -957.5 1806.7 0 0 0 0 0 0 0 0 0
54.5 -963.4 1840.3 0 0 0 0 0 0 0 0 0
-59.8 446.5 1846.2 6 0.9986675978 -0.0155384503 0.0492094718 0.0200034268 0.9955965281 -0.0915829092 -0.0475697219 0.0924452394 0.9945808053
-55.5 170.8 1820.6 0.9986675978 -0.0155384503 0.0492094718 0.0200034268 0.9955965281 -0.0915829092 -0.0475697219 0.0924452394 0.9945808053
-52.4 -18.2 1870.6 0.9989259243 -0.0152437631 0.0437569246 0.0035377529 0.9666705132 0.2559993267 -0.0462009199 -0.2555695474 0.9656861424
-197.8 170.3 1827.2 0.1160725504 -0.8059689403 -0.5804663897 0.9901972413 0.0481834710 0.1311020702 -0.0776953101 -0.5899935365 0.8036609888
-228.7 -93.0 1847.8 -0.2151860297 -0.8059689403 -0.5514608026 0.9046489596 0.0481834710 -0.4234248400 0.3678385615 -0.5899935365 0.7187505960
86.8 171.2 1814.1 0.6392947435 0.4742500186 0.6053008437 0.3084918559 0.5628671646 -0.7668202519 -0.7043685317 0.6769545674 0.2135357708
232.3 241.4 1653.7 -0.7704713345 0.4742500186 0.4259822071 0.6373995543 0.5628671646 0.5262151361 0.0097861439 0.6769545674 -0.7359597683
-140.2 -207.9 1911.4 0.9980740547 0.0454952121 0.0421700478 -0.0313573889 0.9565645456 -0.2898292243 -0.0535242148 0.2879486978 0.9561489224
-158.0 -581.8 1798.9 0.9985651374 0.0000000000 0.0535505489 0.0000000000 1.0000000000 0.0000000000 -0.0535505489 0.0000000000 0.9985651374
40.7 -206.7 1906.3 0.9813473225 -0.0331597142 -0.1893616617 -0.0020415334 0.9831584096 -0.1827439815 0.1922322512 0.1797219068 0.9647521973
53.6 -590.7 1836.1 0.9813494086 0.0000000000 -0.1922326535 0.0000000000 1.0000000000 0.0000000000 0.1922326535 0.0000000000 0.9813494086
-168.2 -347.4 1744.4 0 0 0 0 0 0 0 0 0
43.6 397.5 1656.1 0 0 0 0 0 0 0 0 0
-158.0 -958.4 1798.9 0 0 0 0 0 0 0 0 0
53.6 -967.3 1836.1 0 0 0 0 0 0 0 0 0
-64.9 445.5 1845.2 7 0.9921233058 -0.0210859943 0.1234775484 0.0250099711 0.9992274642 -0.0303154048 -0.1227429211 0.0331647918 0.9918842316
-59.9 207.8 1837.4 0.9921233058 -0.0210859943 0.1234775484 0.0250099711 0.9992274642 -0.0303154048 -0.1227429211 0.0331647918 0.9918842316
-56.2 15.6 1867.0 0.9925884604 -0.0224676281 0.1194292381 0.0037865338 0.9880015254 0.1543975472 -0.1214652210 -0.1528009921 0.9807640314
-200.9 206.8 1854.6 0.0874846801 -0.8496360183 -0.5200625658 0.9956414104 0.0915154219 0.0179758556 0.0323208123 -0.5193684101 0.8539389968
-227.7 -98.5 1844.7 -0.2594401240 -0.8254045844 -0.5013961792 0.8952485323 -0.0108110690 -0.4454359710 0.3622442484 -0.5644381642 0.7417470217
81.2 208.9 1820.1 0.6799685359 0.4969132245 0.5391845703 0.1470227391 0.6280127764 -0.7641885877 -0.7183502316 0.5988966227 0.3539714217
236.4 242.4 1656.2 -0.7788962126 0.4969132245 0.3826198280 0.6270514727 0.6280127764 0.4608756304 -0.0112749580 0.5988966227 -0.8007469773
-140.6 -197.0 1916.7 0.9922369123 0.0451750420 0.1158667281 -0.0077953357 0.9524507523 -0.3045929074 -0.1241173446 0.3013251126 0.9454089403
-158.6 -576.1 1796.8 0.9922670722 0.0000000000 0.1241211221 0.0000000000 1.0000000000 0.0000000000 -0.1241211221 0.0000000000 0.9922670722
39.0 -192.3 1899.6 0.9919241667 -0.0378734991 -0.1210458800 0.0166481845 0.9849970937 -0.1717658639 0.1257352233 0.1683635116 0.9776729345
54.2 -588.3 1831.9 0.9920616150 0.0000000000 -0.1257526428 0.0000000000 1.0000000000 0.0000000000 0.1257526428 0.0000000000 0.9920616150
-154.8 -350.2 1742.8 0 0 0 0 0 0 0 0 0
44.6 396.8 1653.4 0 0 0 0 0 0 0 0 0
-158.6 -952.8 1796.8 0 0 0 0 0 0 0 0 0
54.2 -965.0 1831.9 0 0 0 0 0 0 0 0 0
-67.2 445.9 1844.8 8 0.9877467752 -0.0264206734 0.1538125575 0.0254202336 0.9996410012 0.0084676743 -0.1539810598 -0.0044539669 0.9880637527
-61.4 227.6 1845.7 0.9877467752 -0.0264206734 0.1538125575 0.0254202336 0.9996410012 0.0084676743 -0.1539810598 -0.0044539669 0.9880637527
-57.2 33.7 1865.2 0.9881708622 -0.0243220199 0.1514158547 0.0087510981 0.9946776032 0.1026642025 -0.1531069577 -0.1001247168 0.9831242561
-202.0 226.0 1867.5 0.0920169204 -0.8680562973 -0.4878638685 0.9953908920 0.0934791788 0.0214150101 0.0270156804 -0.4875857830 0.8726570010
-228.8 -64.0 1859.6 -0.2210946083 -0.8507729769 -0.4767625332 0.9023754001 0.0069631906 -0.4308946431 0.3699133098 -0.5254872441 0.7661770582
79.1 229.2 1824.0 0.7016587257 0.5008885860 0.5067402720 0.0633618608 0.6645194292 -0.7445799112 -0.7096903324 0.5545489788 0.4345285892
241.2 243.9 1660.1 -0.7855904698 0.5008885860 0.3632605970 0.6179724336 0.6645194292 0.4201475680 -0.0309466049 0.5545489788 -0.8315754533
-142.5 -172.2 1903.7 0.9880101085 0.0346264951 0.1504559070 0.0037480812 0.9688577652 -0.2475894392 -0.1543435305 0.2451847941 0.9571115375
-156.1 -554.1 1807.0 0.9880170822 0.0000000000 0.1543446183 0.0000000000 1.0000000000 0.0000000000 -0.1543446183 0.0000000000 0.9880170822
36.0 -168.7 1877.4 0.9943726659 -0.0460303277 -0.0954157636 0.0382224470 0.9958907366 -0.0821019113 0.0988028571 0.0779928789 0.9920459390
54.1 -562.3 1846.6 0.9950998425 0.0000000000 -0.0988751054 0.0000000000 1.0000000000 0.0000000000 0.0988751054 0.0000000000 0.9950998425
-166.6 -317.7 1755.6 0 0 0 0 0 0 0 0 0
46.8 396.8 1652.4 0 0 0 0 0 0 0 0 0
-156.1 -930.7 1807.0 0 0 0 0 0 0 0 0 0
54.1 -939.0 1846.6 0 0 0 0 0 0 0 0 0
-68.8 447.3 1844.5 9 0.9858865738 -0.0306422971 0.1645866334 0.0260253996 0.9992069602 0.0301355254 -0.1653795242 -0.0254267752 0.9859021902
-62.4 239.0 1849.8 0.9858865738 -0.0306422971 0.1645866334 0.0260253996 0.9992069602 0.0301355254 -0.1653795242 -0.0254267752 0.9859021902
-57.6 44.3 1864.1 0.9862434268 -0.0258262847 0.1632694006 0.0134096192 0.9969640374 0.0766997933 -0.1647545844 -0.0734552890 0.9835955501
-202.8 236.9 1873.2 0.1020661145 -0.8748275638 -0.4735602140 0.9946771264 0.0965154171 0.0360851325 0.0141375978 -0.4747225940 0.8800219297
-231.5 -43.1 1869.3 -0.1883808374 -0.8639435172 -0.4670270681 0.9029391408 0.0346810333 -0.4283668101 0.3862816989 -0.5023931265 0.7735551596
78.0 241.2 1826.4 0.7032662034 0.5165422559 0.4884676933 0.0141017148 0.6768152118 -0.7360178232 -0.7107867002 0.5245047212 0.4686971605
241.5 244.4 1661.2 -0.7863748670 0.5165422559 0.3388194740 0.6173510551 0.6768152118 0.4009972513 -0.0221861377 0.5245047212 -0.8511184454
-142.4 -158.7 1896.5 0.9860543609 0.0303015728 0.1636418849 0.0080147069 0.9734976292 -0.2285566777 -0.1662306041 0.2266808450 0.9596787095
-154.3 -541.1 1807.4 0.9860860109 0.0000000000 0.1662359387 0.0000000000 1.0000000000 0.0000000000 -0.1662359387 0.0000000000 0.9860860109
35.7 -155.6 1866.7 0.9949688911 -0.0512924902 -0.0860581920 0.0468151942 0.9974825382 -0.0532628074 0.0885735303 0.0489660054 0.9948653579
55.9 -547.9 1847.4 0.9960609674 0.0000000000 -0.0886707455 0.0000000000 1.0000000000 0.0000000000 0.0886707455 0.0000000000 0.9960609674
-178.5 -297.1 1760.6 0 0 0 0 0 0 0 0 0
46.9 397.1 1655.7 0 0 0 0 0 0 0 0 0
-154.3 -917.8 1807.4 0 0 0 0 0 0 0 0 0
55.9 -924.5 1847.4 0 0 0 0 0 0 0 0 0
-69.8 447.0 1846.4 0 0.9835705757 -0.0337812565 0.1773351580 0.0274144895 0.9988927841 0.0382313766 -0.1784303188 -0.0327417031 0.9834076762
-62.9 243.9 1853.1 0.9835705757 -0.0337812565 0.1773351580 0.0274144895 0.9988927841 0.0382313766 -0.1784303188 -0.0327417031 0.9834076762
-57.8 48.7 1863.9 0.9838986397 -0.0268878303 0.1766933203 0.0166160315 0.9980984330 0.0593582764 -0.1779533476 -0.0554665849 0.9824744463
-203.1 241.4 1878.4 0.1088870093 -0.8815915585 -0.4592820108 0.9940015674 0.1013138890 0.0411868654 0.0102216545 -0.4610117674 0.8873351812
-232.9 -31.1 1875.6 -0.1513256431 -0.8757316470 -0.4584698975 0.9072757363 0.0610534474 -0.4160807729 0.3923662603 -0.4789223075 0.7852911353
77.2 246.4 1827.7 0.7071143389 0.5201103091 0.4790350795 -0.0050708787 0.6811776757 -0.7321006060 -0.7070810795 0.5152496696 0.4843079150
241.5 245.2 1663.4 -0.7872337103 0.5201103091 0.3312828541 0.6163256764 0.6811776757 0.3951450884 -0.0201434419 0.5152496696 -0.8568033576
-142.0 -150.5 1892.3 0.9836972952 0.0279490743 0.1776469499 0.0114897313 0.9760625958 -0.2171861827 -0.1794646829 0.2156865895 0.9598290324
-153.0 -533.4 1807.7 0.9837622643 0.0000000000 0.1794765294 0.0000000000 1.0000000000 0.0000000000 -0.1794765294 0.0000000000 0.9837622643
