50.4 479.1 2308.7 62 0.9903028607 -0.1286541671 0.0524251051 0.1259975284 0.9907093644 0.0511813350 -0.0585227348 -0.0440795869 0.9973124266
76.5 278.0 2317.7 0.9903028607 -0.1286541671 0.0524251051 0.1259975284 0.9907093644 0.0511813350 -0.0585227348 -0.0440795869 0.9973124266
79.5 79.4 2320.1 0.9983571768 -0.0152623840 0.0552273579 0.0145974681 0.9998162985 0.0124230729 -0.0554068163 -0.0115964841 0.9983965158
-63.9 275.9 2325.5 0.3943881691 -0.8523620367 -0.3434194326 0.7010202408 0.5206923485 -0.4872884750 0.5941621065 -0.0485631861 0.8028779626
-144.5 132.6 2204.1 -0.5185496807 -0.8523620367 -0.0677136481 -0.8295100331 0.5206923485 -0.2019716352 0.2074109465 -0.0485631861 -0.9770477414
216.9 280.0 2309.9 0.1930030435 0.4870611727 0.8517753482 -0.9798032045 0.1419423223 0.1408474892 -0.0523016304 -0.8617562056 0.5046194196
270.2 9.3 2295.4 -0.0729615539 0.4934144914 0.8667287827 -0.9570785165 0.2097744793 -0.1999884099 -0.2804947495 -0.8441189528 0.4569309652
-12.0 -119.2 2327.6 0.9957165122 0.0887003094 0.0260929056 -0.0896395147 0.9952738881 0.0373449661 -0.0226570778 -0.0395239554 0.9989617467
-47.3 -514.9 2343.3 0.9994585514 -0.0142210796 0.0296717435 0.0118776383 0.9969050884 0.0777123049 -0.0306850635 -0.0773177966 0.9965341687
170.9 -123.4 2314.5 0.9464730620 -0.0008856684 0.3227815330 0.0352000818 0.9943155050 -0.1004868373 -0.3208577037 0.1064700186 0.9411240220
171.3 -518.8 2272.2 0.9556398392 -0.0354783759 0.2923931777 -0.0652327612 0.9425715208 0.3275723755 -0.2872231901 -0.3321148455 0.8984445333
-11.7 345.1 2151.0 0 0 0 0 0 0 0 0 0
250.1 -253.9 2218.3 0 0 0 0 0 0 0 0 0
-43.2 -803.5 2365.7 0 0 0 0 0 0 0 0 0
184.9 -879.1 2399.2 0 0 0 0 0 0 0 0 0
51.7 480.7 2308.8 63 0.9944306016 -0.0944556445 0.0467534922 0.0927092731 0.9949596524 0.0382136442 -0.0501273312 -0.0336663350 0.9981752634
70.7 280.1 2315.5 0.9944306016 -0.0944556445 0.0467534922 0.0927092731 0.9949596524 0.0382136442 -0.0501273312 -0.0336663350 0.9981752634
77.7 81.6 2318.8 0.9982299209 -0.0349886976 0.0480911992 0.0341766849 0.9992607236 0.0176049061 -0.0486716218 -0.0159301460 0.9986878037
-69.7 275.3 2322.4 0.3421100676 -0.8645951152 -0.3680163026 0.7222552299 0.4924840629 -0.4855994284 0.6010890603 -0.0996732414 0.7929421067
-138.4 130.3 2201.7 -0.5023066998 -0.8645951152 -0.0127782570 -0.8420950174 0.4924840629 -0.2198532224 0.1963771135 -0.0996732414 -0.9754492640
211.1 285.0 2308.7 0.2199478149 0.4906814992 0.8431219459 -0.9747212529 0.1453285068 0.1696999967 -0.0392610095 -0.8591340184 0.5102423429
270.8 20.5 2298.0 -0.0729185864 0.4963561893 0.8650510907 -0.9577948451 0.2069620341 -0.1994887143 -0.2780501842 -0.8430879116 0.4603160322
-9.0 -120.6 2327.5 0.9954865575 0.0931535736 0.0181361549 -0.0937865227 0.9948704243 0.0379069895 -0.0145119531 -0.0394368283 0.9991166592
-46.0 -516.2 2343.2 0.9996560216 -0.0133011583 0.0226032026 0.0113158980 0.9962484837 0.0857955143 -0.0236595869 -0.0855102241 0.9960563183
174.1 -117.9 2317.3 0.9479569197 0.0071748416 0.3183178008 0.0274709389 0.9941750765 -0.1042175889 -0.3172113597 0.1075382754 0.9422380328
171.2 -513.2 2274.6 0.9553637505 -0.0353201739 0.2933130562 -0.0608203970 0.9480468035 0.3122628927 -0.2891036868 -0.3161640763 0.9035813808
-10.4 344.9 2151.7 0 0 0 0 0 0 0 0 0
250.7 -242.9 2221.5 0 0 0 0 0 0 0 0 0
-42.2 -804.8 2368.0 0 0 0 0 0 0 0 0 0
184.7 -875.6 2395.4 0 0 0 0 0 0 0 0 0
50.9 481.9 2309.8 64 0.9954972267 -0.0797707662 0.0512048714 0.0781603456 0.9964036942 0.0327210687 -0.0536309071 -0.0285715442 0.9981520176
66.9 281.7 2315.5 0.9954972267 -0.0797707662 0.0512048714 0.0781603456 0.9964036942 0.0327210687 -0.0536309071 -0.0285715442 0.9981520176
76.3 83.3 2319.3 0.9975312352 -0.0472647399 0.0519367903 0.0462152511 0.9987059832 0.0212261770 -0.0528728329 -0.0187735036 0.9984247684
-73.4 275.2 2323.0 0.3111594021 -0.8643044829 -0.3951677382 0.7308486104 0.4834153652 -0.4818401039 0.6074867249 -0.1388787329 0.7820950150
-135.3 130.0 2202.3 -0.5022813082 -0.8643044829 0.0262907967 -0.8440009952 0.4834153652 -0.2323185652 0.1880846173 -0.1388787329 -0.9722843766
207.2 288.3 2308.1 0.2370599210 0.4866304994 0.8408289552 -0.9710972309 0.1434621811 0.1907583773 -0.0277983118 -0.8617478609 0.5065746307
271.0 27.2 2300.6 -0.0753417090 0.4926738739 0.8669463992 -0.9574775100 0.2070767432 -0.2008881867 -0.2784968019 -0.8452169299 0.4561226368
-6.9 -120.1 2326.5 0.9945842624 0.1016424000 0.0217013042 -0.1024620533 0.9939013124 0.0407639891 -0.0174256060 -0.0427667834 0.9989330769
-47.3 -515.2 2343.5 0.9995160103 -0.0172204804 0.0259073935 0.0150422854 0.9965154529 0.0820410326 -0.0272299033 -0.0816116184 0.9962921739
176.1 -113.8 2317.5 0.9462238550 0.0085687330 0.3233990967 0.0244986992 0.9948808551 -0.0980402306 -0.3225836456 0.1006908640 0.9411700964
172.7 -509.3 2277.5 0.9529839158 -0.0284187719 0.3016853333 -0.0643836781 0.9538702965 0.2932340801 -0.2961020470 -0.2988709807 0.9071933031
-6.4 346.5 2154.0 0 0 0 0 0 0 0 0 0
250.2 -236.1 2224.0 0 0 0 0 0 0 0 0 0
-42.4 -804.0 2367.1 0 0 0 0 0 0 0 0 0
183.6 -873.9 2391.7 0 0 0 0 0 0 0 0 0
51.2 479.6 2310.3 65 0.9914156795 -0.1041304395 0.0790680423 0.1000190750 0.9935027361 0.0543000735 -0.0842086077 -0.0459256321 0.9953892231
72.1 280.9 2319.5 0.9914156795 -0.1041304395 0.0790680423 0.1000190750 0.9935027361 0.0543000735 -0.0842086077 -0.0459256321 0.9953892231
81.0 82.3 2321.0 0.9955970049 -0.0449245125 0.0822703987 0.0441265181 0.9989598393 0.0114932852 -0.0827011541 -0.0078123738 0.9965437651
-68.0 274.6 2331.1 0.3145349920 -0.8589878082 -0.4039896727 0.7037770748 0.4966197610 -0.5080026388 0.6369973421 -0.1245340407 0.7607402205
-131.7 132.0 2202.0 -0.5112445951 -0.8589878082 0.0277288910 -0.8451409936 0.4966197610 -0.1977511793 0.1560951471 -0.1245340407 -0.9798600078
212.1 287.1 2307.8 0.2159885913 0.4680028260 0.8569260836 -0.9762499332 0.1186855733 0.1812451184 -0.0168815348 -0.8757209182 0.4825224578
268.7 31.3 2303.4 -0.0621691048 0.4769092500 0.8767511249 -0.9578911066 0.2182142735 -0.1866203845 -0.2803206146 -0.8514341712 0.4432609379
-5.8 -119.4 2327.9 0.9930429459 0.1050611734 0.0531771369 -0.1073015332 0.9933731556 0.0411847904 -0.0484978184 -0.0466042571 0.9977354407
-47.6 -514.4 2346.4 0.9983024597 -0.0150678363 0.0562596023 0.0110801011 0.9974479675 0.0705318078 -0.0571787879 -0.0697887167 0.9959217310
177.2 -111.0 2318.2 0.9360979795 0.0097404290 0.3516044617 0.0277201980 0.9944645166 -0.1013506278 -0.3506453335 0.1046206653 0.9306461811
173.3 -506.4 2276.6 0.9445211887 -0.0260309111 0.3274173141 -0.0762207881 0.9522700310 0.2955878973 -0.3194841146 -0.3041450381 0.8974550962
-1.4 347.4 2162.2 0 0 0 0 0 0 0 0 0
251.6 -232.1 2226.3 0 0 0 0 0 0 0 0 0
-43.2 -804.5 2366.7 0 0 0 0 0 0 0 0 0
183.3 -870.4 2392.8 0 0 0 0 0 0 0 0 0
50.5 482.6 2309.5 66 0.9871588945 -0.1315125674 0.0906739160 0.1258923858 0.9899013638 0.0651641563 -0.0983281359 -0.0529122204 0.9937463999
77.4 279.9 2320.4 0.9871588945 -0.1315125674 0.0906739160 0.1258923858 0.9899013638 0.0651641563 -0.0983281359 -0.0529122204 0.9937463999
83.6 81.3 2321.1 0.9949365854 -0.0313449726 0.0954919755 0.0308833532 0.9995030761 0.0063085817 -0.0956422687 -0.0033275262 0.9954102039
-62.6 275.6 2333.8 0.3337610960 -0.8599916697 -0.3860282898 0.6928728819 0.5014743805 -0.5181221962 0.6391640902 -0.0945395157 0.7632375360
-130.5 134.6 2203.8 -0.5103052855 -0.8599916697 0.0016846575 -0.8457118869 0.5014743805 -0.1824687868 0.1560768187 -0.0945395157 -0.9832102060
217.3 284.3 2306.9 0.2061067671 0.4592610002 0.8640598059 -0.9784179330 0.1100576818 0.1748876125 -0.0147773623 -0.8814570904 0.4720328152
270.6 31.5 2303.1 -0.0666315481 0.4693586230 0.8804900646 -0.9581578374 0.2161020935 -0.1877056062 -0.2783769965 -0.8561555743 0.4353204370
-1.4 -120.3 2330.2 0.9909772277 0.1163983122 0.0664499179 -0.1187878177 0.9923642874 0.0332053266 -0.0620774813 -0.0407991633 0.9972370863
-47.7 -514.8 2346.4 0.9974277020 -0.0124360397 0.0705930069 0.0075636874 0.9975968003 0.0688725784 -0.0712798610 -0.0681614727 0.9951246977
181.2 -112.2 2315.0 0.9316914678 0.0184384696 0.3627823293 0.0156629514 0.9957428575 -0.0908341184 -0.3629127443 0.0903116167 0.9274363518
173.8 -508.0 2279.1 0.9389511943 -0.0242896583 0.3431918025 -0.0811216533 0.9537506104 0.2894461751 -0.3343499303 -0.2996160984 0.8935548663
-1.0 349.2 2164.2 0 0 0 0 0 0 0 0 0
252.3 -232.1 2226.5 0 0 0 0 0 0 0 0 0
-44.1 -806.2 2366.3 0 0 0 0 0 0 0 0 0
183.1 -872.7 2393.6 0 0 0 0 0 0 0 0 0
49.9 478.9 2302.2 67 0.9866288304 -0.1405851841 0.0824585482 0.1338453740 0.9875816703 0.0822672993 -0.0930001140 -0.0701305941 0.9931931496
79.5 271.1 2316.9 0.9866288304 -0.1405851841 0.0824585482 0.1338453740 0.9875816703 0.0822672993 -0.0930001140 -0.0701305941 0.9931931496
86.1 72.4 2319.6 0.9955430031 -0.0332963169 0.0882352665 0.0319829918 0.9993562102 0.0162569545 -0.0887197554 -0.0133624701 0.9959669709
-60.6 266.6 2329.4 0.3871556818 -0.8479714394 -0.3620150983 0.6687877178 0.5285535455 -0.5228327513 0.6346915960 -0.0396935940 0.7717453837
-135.8 136.6 2206.1 -0.5273248553 -0.8479714394 -0.0535999611 -0.8336827159 0.5285535455 -0.1600132436 0.1640171111 -0.0396935940 -0.9856585860
219.5 275.6 2304.4 0.2007798553 0.4631409645 0.8632426858 -0.9794210792 0.1133754775 0.1669741273 -0.0205379874 -0.8790031075 0.4763735533
270.6 26.5 2299.2 -0.0613059551 0.4710828066 0.8799560070 -0.9624674320 0.2056213766 -0.1771334857 -0.2643823028 -0.8577883244 0.4407960474
-1.4 -120.2 2330.5 0.9926096797 0.1074580848 0.0563802905 -0.1086523533 0.9939066172 0.0185538456 -0.0540429838 -0.0245425794 0.9982369542
-44.2 -515.4 2340.3 0.9979862571 -0.0023678034 0.0633862615 -0.0030004515 0.9964221716 0.0844621733 -0.0633594617 -0.0844822749 0.9944085479
181.0 -114.6 2313.0 0.9342586398 0.0175524317 0.3561639488 0.0130848074 0.9964278340 -0.0834287852 -0.3563560545 0.0826043934 0.9306915998
174.1 -510.7 2280.1 0.9407288432 -0.0230527911 0.3383753002 -0.0783043355 0.9559699893 0.2828247845 -0.3299965262 -0.2925576866 0.8975033760
-0.9 350.0 2164.1 0 0 0 0 0 0 0 0 0
253.7 -238.2 2226.5 0 0 0 0 0 0 0 0 0
-43.5 -806.5 2365.0 0 0 0 0 0 0 0 0 0
182.9 -876.2 2392.0 0 0 0 0 0 0 0 0 0
52.8 478.5 2305.5 68 0.9908216000 -0.1036304832 0.0867944434 0.0983103067 0.9931285381 0.0634881482 -0.0927773491 -0.0543726385 0.9942011833
74.0 274.7 2316.6 0.9908216000 -0.1036304832 0.0867944434 0.0983103067 0.9931285381 0.0634881482 -0.0927773491 -0.0543726385 0.9942011833
83.4 76.2 2321.0 0.9948633313 -0.0470613353 0.0896223262 0.0448883362 0.9986507297 0.0261104219 -0.0907301903 -0.0219533034 0.9956334829
-65.9 268.4 2329.4 0.3858885169 -0.8554984331 -0.3452715874 0.6949408650 0.5157065988 -0.5011026263 0.6067513824 -0.0465735830 0.7935261130
-141.7 132.0 2210.4 -0.5146384835 -0.8554984331 -0.0571807697 -0.8368874788 0.5157065988 -0.1834830791 0.1864579916 -0.0465735830 -0.9813584089
214.0 281.0 2303.8 0.2071011811 0.4570584297 0.8649893999 -0.9777732491 0.1262437999 0.1673976630 -0.0326890424 -0.8804317713 0.4730447531
270.3 15.6 2295.0 -0.0526771098 0.4626133144 0.8849937916 -0.9655434489 0.2025775611 -0.1633651108 -0.2548547685 -0.8631055951 0.4360020459
1.3 -129.2 2330.4 0.9917051196 0.1150422469 0.0573260300 -0.1165686250 0.9928920269 0.0240235161 -0.0541548394 -0.0305066593 0.9980664253
-44.4 -523.9 2342.5 0.9979349375 -0.0063514863 0.0639176294 0.0011098436 0.9966555238 0.0817097276 -0.0642228350 -0.0814700574 0.9946044683
184.0 -123.3 2314.1 0.9331387281 0.0256183166 0.3586026430 0.0045745419 0.9965311289 -0.0830951259 -0.3594874442 0.0791797191 0.9297845960
173.8 -519.5 2282.6 0.9387384653 -0.0306578353 0.3432639539 -0.0733439475 0.9554454684 0.2859102190 -0.3367353678 -0.2935712636 0.8946648836
-9.3 347.3 2162.4 0 0 0 0 0 0 0 0 0
255.8 -250.0 2224.9 0 0 0 0 0 0 0 0 0
-42.6 -805.7 2365.6 0 0 0 0 0 0 0 0 0
185.5 -884.8 2394.9 0 0 0 0 0 0 0 0 0
53.6 480.9 2306.6 69 0.9913694859 -0.0827434361 0.1016859785 0.0776527151 0.9955681562 0.0530476235 -0.1056246683 -0.0446936041 0.9934011698
70.4 279.0 2315.7 0.9913694859 -0.0827434361 0.1016859785 0.0776527151 0.9955681562 0.0530476235 -0.1056246683 -0.0446936041 0.9934011698
80.9 80.6 2320.7 0.9932584763 -0.0527878702 0.1032038182 0.0498631895 0.9982835650 0.0307181161 -0.1046482176 -0.0253649596 0.9941858053
-69.4 272.0 2330.4 0.4010215104 -0.8557481170 -0.3269203901 0.7018815875 0.5163583755 -0.4906487763 0.5886798501 -0.0326987021 0.8077046871
-149.4 131.9 2212.9 -0.5104903579 -0.8557481170 -0.0842307135 -0.8323553205 0.5163583755 -0.2013918161 0.2158339024 -0.0326987021 -0.9758824110
210.2 286.0 2301.0 0.2175164968 0.4440488517 0.8691991568 -0.9756170511 0.1256365627 0.1799633801 -0.0292906705 -0.8871505260 0.4605496526
269.7 19.1 2292.9 -0.0533507653 0.4490294456 0.8919227719 -0.9681483507 0.1955521703 -0.1563589722 -0.2446272224 -0.8718554378 0.4242942631
1.5 -126.4 2333.7 0.9906837344 0.1176153794 0.0686469600 -0.1184530333 0.9929254055 0.0082478896 -0.0671912283 -0.0163024906 0.9976069331
-45.3 -521.1 2340.2 0.9968789816 -0.0104440348 0.0782508552 0.0032638612 0.9958153367 0.0913300589 -0.0788772553 -0.0907896236 0.9927414656
184.0 -118.2 2317.0 0.9281237125 0.0279724468 0.3712194264 0.0109774405 0.9946829081 -0.1023980305 -0.3721099496 0.0991130844 0.9228817821
172.9 -513.6 2277.6 0.9353320599 -0.0360974781 0.3519246280 -0.0762034655 0.9508707523 0.3000630438 -0.3454663455 -0.3074764609 0.8866291642
-17.9 346.3 2157.4 0 0 0 0 0 0 0 0 0
255.0 -247.2 2225.7 0 0 0 0 0 0 0 0 0
-42.3 -805.5 2366.1 0 0 0 0 0 0 0 0 0
186.7 -877.1 2395.2 0 0 0 0 0 0 0 0 0
53.9 478.5 2300.2 70 0.9954915047 -0.0743241757 0.0589287691 0.0706941560 0.9956026673 0.0614626706 -0.0632378012 -0.0570196472 0.9963682890
68.9 276.9 2311.7 0.9954915047 -0.0743241757 0.0589287691 0.0706941560 0.9956026673 0.0614626706 -0.0632378012 -0.0570196472 0.9963682890
80.3 78.6 2319.3 0.9965382814 -0.0572923347 0.0602416433 0.0548414811 0.9976289272 0.0415801853 -0.0624810308 -0.0381325036 0.9973174334
-71.2 269.2 2320.5 0.4249028265 -0.8563341498 -0.2935122550 0.7230792642 0.5161367655 -0.4590851367 0.5446227193 -0.0171660483 0.8385054469
-153.0 129.9 2215.7 -0.5046756268 -0.8563341498 -0.1095188409 -0.8293440938 0.5161367655 -0.2139886469 0.2397724837 -0.0171660483 -0.9706773162
209.1 284.7 2303.0 0.2255402058 0.4766517878 0.8496673703 -0.9737377763 0.1381199956 0.1809906811 -0.0310865268 -0.8681738973 0.4952854514
269.6 23.4 2294.6 -0.0568308868 0.4808461964 0.8749612570 -0.9658303857 0.1954874247 -0.1701656878 -0.2528674603 -0.8547348380 0.4533061385
0.3 -122.4 2335.4 0.9931219220 0.1144682318 0.0246138163 -0.1147290766 0.9933518171 0.0094553512 -0.0233678427 -0.0122142369 0.9996523261
-45.2 -517.4 2340.2 0.9993001223 -0.0141339293 0.0346344151 0.0107067609 0.9952060580 0.0972126871 -0.0358423777 -0.0967738256 0.9946607947
182.5 -113.3 2316.2 0.9430795908 0.0226082075 0.3317977190 0.0083995536 0.9957491159 -0.0917232037 -0.3324609697 0.0892892331 0.9388808012
173.5 -509.1 2280.7 0.9481958151 -0.0298296548 0.3162829578 -0.0654377863 0.9558933377 0.2863315940 -0.3108739257 -0.2921952903 0.9044221044
-22.5 344.3 2153.7 0 0 0 0 0 0 0 0 0
253.9 -242.3 2225.1 0 0 0 0 0 0 0 0 0
-41.1 -806.7 2368.4 0 0 0 0 0 0 0 0 0
184.9 -874.5 2392.3 0 0 0 0 0 0 0 0 0
55.1 479.7 2304.5 71 0.9952199459 -0.0673864335 0.0706849098 0.0641902611 0.9968510866 0.0465561189 -0.0735995770 -0.0417962931 0.9964116216
68.7 278.7 2312.9 0.9952199459 -0.0673864335 0.0706849098 0.0641902611 0.9968510866 0.0465561189 -0.0735995770 -0.0417962931 0.9964116216
80.2 80.3 2319.6 0.9957733154 -0.0579660758 0.0712417811 0.0553844646 0.9977533221 0.0376951732 -0.0732667595 -0.0335901603 0.9967465401
-71.4 270.9 2323.2 0.4075471759 -0.8645058870 -0.2941680253 0.7187948823 0.5023807287 -0.4805699289 0.5632399321 -0.0155915702 0.8261463046
-150.7 131.1 2213.7 -0.4928532541 -0.8645058870 -0.0986163989 -0.8412083983 0.5023807287 -0.1999550760 0.2224053293 -0.0155915702 -0.9748296142
208.7 286.5 2302.6 0.2291149497 0.4688472748 0.8530466557 -0.9730514884 0.1337441802 0.1878385544 -0.0260224268 -0.8730949163 0.4868553281
270.2 25.3 2295.6 -0.0618615337 0.4741792381 0.8782523274 -0.9638699293 0.2000387609 -0.1758955717 -0.2590905428 -0.8574022055 0.4446724057
0.3 -124.8 2332.7 0.9938775301 0.1047868133 0.0350305252 -0.1048484668 0.9944881797 -0.0000774742 -0.0348455608 -0.0035958970 0.9993862510
-41.4 -520.1 2334.1 0.9989137053 0.0018544362 0.0465617999 -0.0070402194 0.9937440753 0.1114591137 -0.0460638180 -0.1116658375 0.9926776290
183.0 -114.7 2321.2 0.9394439459 0.0229182541 0.3419354558 0.0141026955 0.9943308234 -0.1053912863 -0.3424123526 0.1038314179 0.9337948561
173.8 -509.9 2279.9 0.9456587434 -0.0263660811 0.3240900338 -0.0721612424 0.9548357725 0.2882383764 -0.3170524836 -0.2959618866 0.9010462165
-23.3 348.4 2156.2 0 0 0 0 0 0 0 0 0
253.2 -239.8 2224.4 0 0 0 0 0 0 0 0 0
-41.9 -805.4 2366.2 0 0 0 0 0 0 0 0 0
183.9 -875.0 2393.1 0 0 0 0 0 0 0 0 0
52.5 477.9 2299.1 72 0.9895281792 -0.1313711703 0.0597967543 0.1255754232 0.9877988696 0.0921098962 -0.0711677521 -0.0836363360 0.9939517379
79.2 277.3 2316.1 0.9895281792 -0.1313711703 0.0597967543 0.1255754232 0.9877988696 0.0921098962 -0.0711677521 -0.0836363360 0.9939517379
85.9 78.7 2319.9 0.9972811937 -0.0334595144 0.0656558722 0.0321117118 0.9992535114 0.0214776173 -0.0663254857 -0.0193109009 0.9976111650
-61.1 272.8 2325.5 0.4077659249 -0.8685383201 -0.2817234397 0.7011631727 0.4954878986 -0.5127006769 0.5848907828 0.0115277534 0.8110301495
-141.8 134.0 2209.7 -0.4852254689 -0.8685383201 -0.1009820476 -0.8548282981 0.4954878986 -0.1541439146 0.1839152873 0.0115277534 -0.9828745127
219.5 281.8 2306.8 0.1970830262 0.4779993296 0.8559643030 -0.9795011282 0.1331070364 0.1511955261 -0.0416635089 -0.8682160974 0.4944340289
270.5 28.5 2296.0 -0.0638324246 0.4836101234 0.8729528785 -0.9627234936 0.2005515993 -0.1815009266 -0.2628477812 -0.8519978523 0.4527811110
0.3 -123.1 2333.0 0.9934313297 0.1100049391 0.0315130539 -0.1103502661 0.9938480258 0.0094318306 -0.0302816369 -0.0128473500 0.9994588494
-43.4 -518.2 2338.1 0.9991415143 -0.0014625187 0.0414011478 -0.0026835257 0.9949927926 0.0999106988 -0.0413399637 -0.0999360308 0.9941347241
183.0 -112.9 2319.6 0.9423125386 0.0240512807 0.3338691294 0.0129573802 0.9940468669 -0.1081801206 -0.3344834447 0.1062655523 0.9363911748
173.4 -508.1 2277.3 0.9479941130 -0.0298765376 0.3168825209 -0.0659662262 0.9555255771 0.2874358296 -0.3113769293 -0.2933910191 0.9038617611
-17.5 353.0 2162.6 0 0 0 0 0 0 0 0 0
252.9 -236.3 2223.7 0 0 0 0 0 0 0 0 0
-43.0 -802.8 2366.7 0 0 0 0 0 0 0 0 0
184.8 -873.4 2389.5 0 0 0 0 0 0 0 0 0
52.8 479.4 2296.5 73 0.9853219986 -0.1590938568 0.0618842021 0.1515998244 0.9821662307 0.1112070531 -0.0784729272 -0.1001931205 0.9918686152
85.5 277.5 2317.1 0.9853219986 -0.1590938568 0.0618842021 0.1515998244 0.9821662307 0.1112070531 -0.0784729272 -0.1001931205 0.9918686152
89.1 78.8 2320.3 0.9973676801 -0.0178987738 0.0702662095 0.0167185068 0.9997097254 0.0173494443 -0.0705563501 -0.0161290299 0.9973773956
-54.8 275.1 2327.0 0.4026323557 -0.8734108210 -0.2739355564 0.6943638325 0.4864255488 -0.5303292274 0.5964445472 0.0233167522 0.8023155332
-135.8 135.3 2206.9 -0.4777531624 -0.8734108210 -0.0943685398 -0.8651505709 0.4864255488 -0.1220844761 0.1525331736 0.0233167522 -0.9880232811
225.8 279.8 2307.1 0.1726207137 0.4763755202 0.8621301651 -0.9837160707 0.1278501451 0.1263209432 -0.0500472561 -0.8698969483 0.4906878471
270.7 23.9 2294.1 -0.0669319332 0.4821802676 0.8735114932 -0.9638096690 0.1951808035 -0.1815911829 -0.2580523491 -0.8540530801 0.4516661763
1.0 -122.8 2329.9 0.9924528599 0.1165316328 0.0381795950 -0.1174986809 0.9927795529 0.0241404716 -0.0350907929 -0.0284443311 0.9989792705
-45.3 -517.5 2341.2 0.9988796711 -0.0126419365 0.0456021428 0.0085890237 0.9960833788 0.0880007148 -0.0465360358 -0.0875104517 0.9950760603
184.0 -116.9 2317.7 0.9412987828 0.0256622545 0.3365978301 0.0096481042 0.9946538806 -0.1028135270 -0.3374367654 0.1000257730 0.9360188246
173.8 -512.4 2277.9 0.9471106529 -0.0268319529 0.3197833896 -0.0725230128 0.9528210759 0.2947412729 -0.3126048446 -0.3023442626 0.9004810452
-13.7 356.5 2168.0 0 0 0 0 0 0 0 0 0
252.3 -241.2 2223.1 0 0 0 0 0 0 0 0 0
-41.6 -805.5 2366.5 0 0 0 0 0 0 0 0 0
184.0 -876.6 2393.5 0 0 0 0 0 0 0 0 0
53.2 480.2 2301.6 74 0.9748743773 -0.2059999704 0.0847585350 0.1968184561 0.9747648239 0.1053376496 -0.1043191925 -0.0860089287 0.9908178449
95.4 280.7 2319.2 0.9748743773 -0.2059999704 0.0847585350 0.1968184561 0.9747648239 0.1053376496 -0.1043191925 -0.0860089287 0.9908178449
87.8 82.4 2321.9 0.9949399233 0.0382532515 0.0929046795 -0.0393014438 0.9991824627 0.0094784796 -0.0924661458 -0.0130818048 0.9956299067
-44.4 286.2 2332.3 0.4364482164 -0.8617702723 -0.2585825622 0.6876976490 0.5048401356 -0.5217359662 0.5801593661 0.0498841144 0.8129739761
-138.0 138.7 2207.8 -0.4934082627 -0.8617702723 -0.1178994402 -0.8569650054 0.5048401356 -0.1036698818 0.1488599926 0.0498841144 -0.9875992537
235.1 275.2 2306.2 0.1394511312 0.4624671042 0.8756012321 -0.9887164235 0.1138831452 0.0973164588 -0.0547105633 -0.8792921901 0.4731299579
271.3 19.1 2292.0 -0.0772269219 0.4706388712 0.8789397478 -0.9622490406 0.1955820024 -0.1892735362 -0.2609842718 -0.8603759408 0.4377675951
1.2 -121.4 2330.0 0.9918202758 0.1125304177 0.0602452271 -0.1133735776 0.9934942126 0.0107542640 -0.0586431026 -0.0174965132 0.9981256723
-43.6 -516.4 2336.9 0.9974831343 -0.0083391713 0.0704122409 0.0010623400 0.9947059155 0.1027570963 -0.0708963796 -0.1024236605 0.9922112226
184.1 -118.4 2317.0 0.9356423020 0.0288108177 0.3517718613 0.0088513922 0.9944339991 -0.1049890518 -0.3528387249 0.1013458669 0.9301794767
172.7 -513.8 2276.7 0.9416209459 -0.0416001268 0.3340948820 -0.0644530430 0.9517092109 0.3001589179 -0.3304478228 -0.3041693568 0.8934680820
-11.6 358.2 2169.7 0 0 0 0 0 0 0 0 0
250.0 -245.6 2220.2 0 0 0 0 0 0 0 0 0
-41.1 -807.6 2366.9 0 0 0 0 0 0 0 0 0
188.6 -877.6 2393.0 0 0 0 0 0 0 0 0 0
53.4 481.0 2298.2 75 0.9873083830 -0.1335714608 0.0859118477 0.1255426258 0.9877272248 0.0929193348 -0.0972688347 -0.0809544399 0.9919602871
80.5 281.0 2314.6 0.9873083830 -0.1335714608 0.0859118477 0.1255426258 0.9877272248 0.0929193348 -0.0972688347 -0.0809544399 0.9919602871
81.4 82.7 2321.4 0.9959319234 -0.0045472747 0.0899943113 0.0014742321 0.9994144440 0.0341841318 -0.0900970548 -0.0339123942 0.9953554273
-59.4 280.8 2327.3 0.4135419428 -0.8730133772 -0.2585164309 0.7238813639 0.4874726534 -0.4882275462 0.5522488356 0.0147673432 0.8335484862
-145.9 129.5 2211.9 -0.4786850214 -0.8730133772 -0.0933184475 -0.8622834682 0.4874726534 -0.1372501999 0.1653114557 0.0147673432 -0.9861308336
220.4 281.3 2301.8 0.1654183865 0.4591380358 0.8728281856 -0.9852530360 0.1161868200 0.1256068349 -0.0437402539 -0.8807342649 0.4715865850
265.8 10.6 2289.8 -0.0642759725 0.4676175117 0.8815908432 -0.9604982138 0.2107021362 -0.1817906350 -0.2707615495 -0.8584511876 0.4356026947
-10.9 -112.3 2333.2 0.9948419333 0.0853114128 0.0548774600 -0.0856013373 0.9963250756 0.0029501831 -0.0544241071 -0.0076325494 0.9984887242
-44.8 -508.3 2336.2 0.9978821278 -0.0144840991 0.0634154603 0.0076903733 0.9943266511 0.1060914621 -0.0645923242 -0.1053790823 0.9923321605
171.3 -119.5 2316.2 0.9352761507 -0.0051098363 0.3538818955 0.0398205668 0.9950659871 -0.0908738300 -0.3516714871 0.0990839005 0.9308649302
173.3 -514.9 2276.8 0.9455280900 -0.0329312049 0.3238706887 -0.0711731538 0.9498904943 0.3043722808 -0.3176650107 -0.3108434081 0.8958042860
-22.3 352.0 2169.3 0 0 0 0 0 0 0 0 0
248.1 -253.6 2215.4 0 0 0 0 0 0 0 0 0
-40.5 -805.5 2367.7 0 0 0 0 0 0 0 0 0
185.9 -878.1 2395.6 0 0 0 0 0 0 0 0 0
56.5 481.9 2303.0 76 0.9887860417 -0.0872272700 0.1212171465 0.0792037174 0.9944319129 0.0695120469 -0.1266055405 -0.0591316894 0.9901891351
74.1 281.9 2314.9 0.9887860417 -0.0872272700 0.1212171465 0.0792037174 0.9944319129 0.0695120469 -0.1266055405 -0.0591316894 0.9901891351
78.7 83.4 2321.8 0.9921381474 -0.0231578071 0.1229862273 0.0186644960 0.9991199374 0.0375624858 -0.1237478554 -0.0349716991 0.9916972518
-65.3 279.2 2332.3 0.4060062468 -0.8735861182 -0.2683397830 0.7295594811 0.4866691530 -0.4805164933 0.5503652096 -0.0006771295 0.8349237442
-150.0 127.1 2217.6 -0.4765657783 -0.8735861182 -0.0986528918 -0.8551664948 0.4866691530 -0.1784470975 0.2039002329 -0.0006771295 -0.9789914489
213.5 284.5 2297.4 0.1950217038 0.4287913442 0.8821023107 -0.9803244472 0.1131919920 0.1617145687 -0.0305051114 -0.8962842822 0.4424295127
266.0 20.3 2289.2 -0.0719197839 0.4378943741 0.8961451054 -0.9616504908 0.2079825252 -0.1788059473 -0.2646806538 -0.8746380806 0.4061433077
-9.0 -115.7 2336.5 0.9922214746 0.0885349587 0.0875103697 -0.0882165134 0.9960730076 -0.0075072311 -0.0878313705 -0.0002710239 0.9961352944
-44.1 -511.6 2336.6 0.9952293634 -0.0113738859 0.0968978405 0.0012031955 0.9945366383 0.1043809727 -0.0975556746 -0.1037664190 0.9898057580
173.5 -115.4 2319.9 0.9221362472 0.0012764244 0.3868632019 0.0416347459 0.9938591719 -0.1025207192 -0.3846184015 0.1106450260 0.9164204001
173.0 -510.4 2275.9 0.9337360263 -0.0345298164 0.3562930822 -0.0777259469 0.9520323277 0.2959614396 -0.3494220078 -0.3040430844 0.8862629533
-26.5 348.7 2164.7 0 0 0 0 0 0 0 0 0
246.2 -244.2 2216.4 0 0 0 0 0 0 0 0 0
-40.8 -803.2 2367.0 0 0 0 0 0 0 0 0 0
186.2 -874.4 2392.2 0 0 0 0 0 0 0 0 0
56.0 482.6 2306.4 77 0.9886397719 -0.0734105632 0.1311576962 0.0667948946 0.9962961078 0.0541529246 -0.1346472949 -0.0447770692 0.9898813963
70.8 282.7 2315.4 0.9886397719 -0.0734105632 0.1311576962 0.0667948946 0.9962961078 0.0541529246 -0.1346472949 -0.0447770692 0.9898813963
78.4 84.2 2321.1 0.9904534221 -0.0386998579 0.1323038787 0.0345183127 0.9988338351 0.0337552242 -0.1334559172 -0.0288660694 0.9906342626
-68.5 277.8 2334.2 0.3923701346 -0.8794893622 -0.2693403065 0.7257459760 0.4759182930 -0.4967841804 0.5651003718 -0.0005493710 0.8250219822
-149.0 129.0 2218.3 -0.4636492729 -0.8794893622 -0.1073678434 -0.8565548658 0.4759182930 -0.1995383650 0.2265901715 -0.0005493710 -0.9739900231
210.0 287.5 2296.6 0.2036727667 0.4199575484 0.8843941689 -0.9785525203 0.1157962158 0.1703708619 -0.0308609772 -0.9001260400 0.4345350266
264.9 23.6 2288.3 -0.0591533743 0.4287138283 0.9015017152 -0.9611119032 0.2195741832 -0.1674844325 -0.2697494030 -0.8763512969 0.3990534246
-7.6 -116.7 2340.1 0.9906521440 0.0959616154 0.0969519168 -0.0945486128 0.9953374863 -0.0190754645 -0.0983303860 0.0097304806 0.9951062799
-45.8 -512.3 2336.2 0.9939481020 -0.0172479954 0.1084882319 0.0053419932 0.9940173626 0.1090914980 -0.1097207889 -0.1078517437 0.9880937934
174.2 -113.2 2317.4 0.9175789952 0.0060658348 0.3975072503 0.0364684090 0.9943835139 -0.0993552059 -0.3958773315 0.1056627035 0.9122042060
171.7 -508.5 2275.4 0.9289351702 -0.0370460041 0.3683843613 -0.0795857906 0.9517428279 0.2963978052 -0.3615875244 -0.3046524823 0.8811590672
-28.5 351.4 2159.4 0 0 0 0 0 0 0 0 0
248.7 -240.7 2214.1 0 0 0 0 0 0 0 0 0
-40.7 -802.3 2367.7 0 0 0 0 0 0 0 0 0
185.9 -872.4 2391.8 0 0 0 0 0 0 0 0 0
55.2 481.2 2307.1 78 0.9844202399 -0.1207889616 0.1277763695 0.1121804640 0.9910340905 0.0725741312 -0.1353968978 -0.0571094342 0.9891441464
79.8 279.1 2318.7 0.9844202399 -0.1207889616 0.1277763695 0.1121804640 0.9910340905 0.0725741312 -0.1353968978 -0.0571094342 0.9891441464
85.3 80.5 2321.4 0.9908845425 -0.0273399558 0.1319101900 0.0253123753 0.9995346069 0.0170236360 -0.1323142201 -0.0135294981 0.9911155105
-59.6 275.5 2337.4 0.4208995402 -0.8639957309 -0.2763239741 0.6911872625 0.5027468204 -0.5191395283 0.5874553323 0.0275139827 0.8087887168
-147.7 130.8 2214.4 -0.4879243672 -0.8639957309 -0.1242625043 -0.8495051265 0.5027468204 -0.1599584967 0.2006760389 0.0275139827 -0.9792712331
219.2 282.6 2300.1 0.1800506413 0.4237998128 0.8876798153 -0.9828056097 0.1150520593 0.1444166303 -0.0409256481 -0.8984190226 0.4372280240
265.8 28.2 2289.5 -0.0582573116 0.4343774021 0.8988450170 -0.9558796287 0.2354087979 -0.1757179946 -0.2879239619 -0.8694245219 0.4014982283
-4.7 -117.4 2339.0 0.9898061156 0.1040380746 0.0972621143 -0.1022518054 0.9944882989 -0.0231866315 -0.0991383269 0.0130050434 0.9949886799
-46.0 -512.8 2333.9 0.9937268496 -0.0142164528 0.1109269708 0.0011583338 0.9931424260 0.1169047952 -0.1118282601 -0.1160429418 0.9869288206
176.9 -111.1 2314.5 0.9181804657 0.0099201715 0.3960381746 0.0277339071 0.9956241846 -0.0892375931 -0.3951904476 0.0929199010 0.9138875008
173.0 -506.9 2277.6 0.9277138114 -0.0292069148 0.3721479177 -0.0828866884 0.9559308887 0.2816485465 -0.3639737666 -0.2921353579 0.8844094276
-21.1 351.2 2162.3 0 0 0 0 0 0 0 0 0
249.8 -234.6 2210.3 0 0 0 0 0 0 0 0 0
-41.9 -800.8 2367.5 0 0 0 0 0 0 0 0 0
184.1 -872.3 2389.3 0 0 0 0 0 0 0 0 0
54.3 479.0 2300.4 79 0.9811353683 -0.1557894349 0.1144683138 0.1430238783 0.9833175540 0.1123865545 -0.1300673336 -0.0938947201 0.9870492816
86.1 278.5 2319.6 0.9811353683 -0.1557894349 0.1144683138 0.1430238783 0.9833175540 0.1123865545 -0.1300673336 -0.0938947201 0.9870492816
89.1 79.8 2321.0 0.9922422171 -0.0151378755 0.1233946830 0.0141574312 0.9998608828 0.0088186022 -0.1235110164 -0.0070032375 0.9923185110
-53.5 276.5 2337.0 0.4379475117 -0.8564620018 -0.2732668817 0.6768394709 0.5141788125 -0.5267907381 0.5916842818 0.0457488783 0.8048706651
-144.6 135.7 2213.9 -0.4982731938 -0.8564620018 -0.1348949820 -0.8466085196 0.5141788125 -0.1373831928 0.1870236248 0.0457488783 -0.9812895656
225.7 280.5 2302.2 0.1654495746 0.4330006540 0.8860794902 -0.9850602746 0.1160821170 0.1272054762 -0.0477779284 -0.8938877583 0.4457374811
269.0 22.4 2289.7 -0.0717425644 0.4463442564 0.8919808269 -0.9495008588 0.2433051020 -0.1981180012 -0.3054523170 -0.8611500859 0.4063489139
-0.2 -120.5 2336.2 0.9893873930 0.1134055853 0.0908392370 -0.1131115705 0.9935468435 -0.0083950227 -0.0912050754 -0.0019690387 0.9958301783
-45.3 -515.4 2337.0 0.9946281910 -0.0096401246 0.1030623019 -0.0011193352 0.9945940375 0.1038336307 -0.1035061181 -0.1033912227 0.9892404675
181.6 -115.8 2311.9 0.9218074083 0.0204397365 0.3871089220 0.0155104874 0.9958645105 -0.0895171538 -0.3873377442 0.0885218233 0.9176782370
173.4 -511.7 2276.7 0.9304606318 -0.0272049364 0.3653804362 -0.0896419957 0.9500289559 0.2990138829 -0.3552566469 -0.3109740913 0.8815258741
-15.9 354.5 2165.5 0 0 0 0 0 0 0 0 0
249.3 -238.6 2205.7 0 0 0 0 0 0 0 0 0
-42.5 -800.3 2366.6 0 0 0 0 0 0 0 0 0
183.8 -874.9 2395.6 0 0 0 0 0 0 0 0 0
53.7 476.9 2304.6 80 0.9763540030 -0.1859111190 0.1103175208 0.1755650043 0.9796631932 0.0971440226 -0.1261341721 -0.0754790604 0.9891375303
91.6 277.2 2320.0 0.9763540030 -0.1859111190 0.1103175208 0.1755650043 0.9796631932 0.0971440226 -0.1261341721 -0.0754790604 0.9891375303
92.0 78.5 2319.9 0.9928243756 -0.0018803261 0.1195669249 0.0019374405 0.9999980330 -0.0003614347 -0.1195660159 0.0005904950 0.9928261042
-48.1 277.0 2336.8 0.4328796268 -0.8604010344 -0.2689335644 0.6674062610 0.5064361691 -0.5459773540 0.6059572101 0.0568545461 0.7934629321
-138.1 138.1 2210.8 -0.4926974475 -0.8604010344 -0.1302277595 -0.8551504016 0.5064361691 -0.1106353924 0.1611428559 0.0568545461 -0.9852921367
231.3 277.5 2303.2 0.1492497325 0.4376475513 0.8866730928 -0.9870226979 0.1196729615 0.1070724949 -0.0592507794 -0.8911470175 0.4498292208
270.9 16.0 2287.5 -0.0811803713 0.4520842433 0.8882733583 -0.9462145567 0.2450868189 -0.2112119347 -0.3131896853 -0.8576434851 0.4078724384
1.1 -120.2 2333.7 0.9890404940 0.1175922230 0.0892802253 -0.1183494180 0.9929667711 0.0032168170 -0.0882740244 -0.0137478253 0.9960013628
-45.7 -515.0 2339.1 0.9950093627 -0.0109410500 0.0991799310 0.0020142994 0.9959701896 0.0896624178 -0.0997612551 -0.0890151709 0.9910216928
183.1 -117.6 2311.0 0.9235450625 0.0251882933 0.3826618493 0.0091348337 0.9961125255 -0.0876147002 -0.3833811581 0.0844116807 0.9197247028
173.1 -513.7 2277.4 0.9306885004 -0.0328201242 0.3643373847 -0.0803338811 0.9533178210 0.2910868526 -0.3568828404 -0.3001798391 0.8846054077
-11.6 357.8 2169.4 0 0 0 0 0 0 0 0 0
248.5 -244.2 2201.3 0 0 0 0 0 0 0 0 0
-42.5 -800.4 2364.6 0 0 0 0 0 0 0 0 0
185.6 -878.1 2392.2 0 0 0 0 0 0 0 0 0
54.9 479.1 2307.2 81 0.9759117365 -0.1926328242 0.1024152413 0.1843740642 0.9791861773 0.0848564878 -0.1166297346 -0.0639297292 0.9911158085
94.5 277.7 2320.3 0.9759117365 -0.1926328242 0.1024152413 0.1843740642 0.9791861773 0.0848564878 -0.1166297346 -0.0639297292 0.9911158085
93.8 79.0 2321.0 0.9938988686 0.0033223380 0.1102454290 -0.0036748636 0.9999887347 0.0029946091 -0.1102342457 -0.0033814753 0.9938998818
-45.4 278.3 2335.9 0.4252987504 -0.8659288287 -0.2632266283 0.6700518727 0.4967678189 -0.5515906811 0.6084007621 0.0582153201 0.7914919257
-134.1 138.6 2209.0 -0.4838372469 -0.8659288287 -0.1267627776 -0.8614621758 0.4967678189 -0.1053784490 0.1542219073 0.0582153201 -0.9863197207
234.3 277.2 2304.8 0.1380722225 0.4448618889 0.8848920465 -0.9878649116 0.1260193139 0.0907856598 -0.0711264014 -0.8866888285 0.4568632245
271.5 11.0 2285.7 -0.0863358900 0.4600796998 0.8836700916 -0.9419403672 0.2512002885 -0.2228155285 -0.3244910836 -0.8516014814 0.4116800427
1.3 -120.4 2330.7 0.9895206690 0.1194801927 0.0810760260 -0.1211490482 0.9925058484 0.0159689039 -0.0785604641 -0.0256238431 0.9965800047
-46.2 -515.0 2340.9 0.9958838224 -0.0145186279 0.0894683450 0.0066716401 0.9961518645 0.0873893425 -0.0903928354 -0.0864327326 0.9921484590
183.4 -120.1 2308.7 0.9272549748 0.0250291731 0.3735930026 0.0071809441 0.9963910580 -0.0845770910 -0.3743616343 0.0811072811 0.9237288237
173.5 -516.2 2276.5 0.9344368577 -0.0287674908 0.3549650609 -0.0852225795 0.9497089386 0.3013137877 -0.3457815349 -0.3118097484 0.8849914074
-10.3 359.0 2169.5 0 0 0 0 0 0 0 0 0
247.8 -248.0 2196.4 0 0 0 0 0 0 0 0 0
-42.0 -800.4 2365.7 0 0 0 0 0 0 0 0 0
184.5 -879.3 2395.7 0 0 0 0 0 0 0 0 0
54.4 477.0 2307.0 82 0.9705208540 -0.2200040370 0.0984248072 0.2114672512 0.9732142687 0.0901975781 -0.1156322584 -0.0667250082 0.9910483956
99.4 277.7 2320.7 0.9705208540 -0.2200040370 0.0984248072 0.2114672512 0.9732142687 0.0901975781 -0.1156322584 -0.0667250082 0.9910483956
96.4 79.0 2321.6 0.9940899611 0.0153401941 0.1074698642 -0.0157534871 0.9998714328 0.0029976922 -0.1074100584 -0.0046730009 0.9942038059
-40.5 279.9 2335.8 0.4535662234 -0.8577942252 -0.2417988628 0.6692593694 0.5069923401 -0.5431856513 0.5885316730 0.0845444947 0.8040414453
-136.5 138.2 2211.2 -0.4902454615 -0.8577942252 -0.1544292569 -0.8564379811 0.5069923401 -0.0973279476 0.1617818028 0.0845444947 -0.9831982851
239.3 275.5 2305.5 0.1202601567 0.4485787749 0.8856153488 -0.9899037480 0.1215994507 0.0728296414 -0.0750205070 -0.8854324818 0.4586733580
271.3 12.2 2285.6 -0.0848436877 0.4649006128 0.8812882304 -0.9404276013 0.2548941076 -0.2249999046 -0.3292377889 -0.8478775620 0.4155791998
2.0 -119.5 2331.8 0.9893766046 0.1225793809 0.0781548619 -0.1240335852 0.9921790361 0.0140136881 -0.0758258328 -0.0235586427 0.9968427420
-46.8 -513.9 2341.1 0.9961109161 -0.0176980402 0.0863125622 0.0106471526 0.9966183901 0.0814765245 -0.0874626637 -0.0802406743 0.9929308891
184.3 -120.1 2311.5 0.9285701513 0.0332955904 0.3696604669 0.0024755320 0.9953904152 -0.0958739743 -0.3711486459 0.0899408162 0.9242073894
171.1 -515.9 2275.8 0.9347292781 -0.0441055223 0.3526128531 -0.0707327425 0.9493209720 0.3062459826 -0.3482499123 -0.3111983538 0.8842384219
-9.9 359.4 2169.4 0 0 0 0 0 0 0 0 0
248.0 -246.4 2195.0 0 0 0 0 0 0 0 0 0
-41.7 -800.1 2364.2 0 0 0 0 0 0 0 0 0
187.9 -878.8 2394.7 0 0 0 0 0 0 0 0 0
56.1 476.2 2308.4 83 0.9710396528 -0.2201601863 0.0927980989 0.2124812156 0.9733814597 0.0859086215 -0.1092416048 -0.0637028292 0.9919719100
100.7 279.3 2321.3 0.9710396528 -0.2201601863 0.0927980989 0.2124812156 0.9733814597 0.0859086215 -0.1092416048 -0.0637028292 0.9919719100
96.2 80.6 2321.3 0.9945729375 0.0223571900 0.1016110033 -0.0222690105 0.9997500181 -0.0020022057 -0.1016303673 -0.0002714370 0.9948222041
-39.3 282.5 2335.6 0.4571620822 -0.8642528653 -0.2099280804 0.6740452051 0.4906734824 -0.5521798730 0.5802292228 0.1109346822 0.8068627715
-138.2 136.6 2210.0 -0.4686304927 -0.8642528653 -0.1829000115 -0.8654634356 0.4906734824 -0.1010574102 0.1770833433 0.1109346822 -0.9779238105
240.6 276.2 2307.0 0.1131720543 0.4543491304 0.8836056590 -0.9902026653 0.1247903854 0.0626578927 -0.0817969292 -0.8820398450 0.4640204906
271.0 10.6 2285.0 -0.0835468695 0.4697939456 0.8788137436 -0.9409153461 0.2532407045 -0.2248274982 -0.3281739950 -0.8456729650 0.4208788872
2.1 -118.4 2332.3 0.9902086258 0.1192933992 0.0724983960 -0.1203466207 0.9926782846 0.0103215836 -0.0707362890 -0.0189454574 0.9973151088
-45.3 -513.0 2339.9 0.9965133667 -0.0162082594 0.0818436891 0.0088064913 0.9959026575 0.0900015831 -0.0829671174 -0.0889670253 0.9925730824
184.5 -121.2 2312.6 0.9309894443 0.0322032385 0.3636228144 0.0043946845 0.9950403571 -0.0993747488 -0.3650195599 0.0941148549 0.9262306094
171.7 -516.9 2275.2 0.9377233386 -0.0434738137 0.3446519971 -0.0734231696 0.9449201822 0.3189591467 -0.3395349681 -0.3244008720 0.8828817010
-17.6 359.3 2164.5 0 0 0 0 0 0 0 0 0
248.0 -248.2 2194.8 0 0 0 0 0 0 0 0 0
-40.6 -804.2 2365.9 0 0 0 0 0 0 0 0 0
188.3 -878.1 2399.2 0 0 0 0 0 0 0 0 0
56.3 477.1 2308.1 84 0.9823400378 -0.1460914761 0.1168989167 0.1384073049 0.9877986908 0.0713945180 -0.1259027272 -0.0539540276 0.9905743003
85.6 279.0 2318.9 0.9823400378 -0.1460914761 0.1168989167 0.1384073049 0.9877986908 0.0713945180 -0.1259027272 -0.0539540276 0.9905743003
89.3 80.5 2321.7 0.9924218059 -0.0187273063 0.1214422211 0.0168327559 0.9997203946 0.0166076906 -0.1217192784 -0.0144376280 0.9924595356
-53.9 276.7 2336.1 0.4039365053 -0.8814150095 -0.2448323220 0.6966798306 0.4698559344 -0.5421001911 0.5928512216 0.0484043285 0.8038560152
-138.2 131.4 2212.4 -0.4529004395 -0.8814150095 -0.1341221631 -0.8697840571 0.4698559344 -0.1507019848 0.1958490908 0.0484043285 -0.9794387221
225.1 281.4 2301.7 0.1678079516 0.4318234622 0.8862105012 -0.9841158390 0.1262090057 0.1248489618 -0.0579350293 -0.8930844069 0.4461431801
271.1 11.7 2285.9 -0.0835948735 0.4482320845 0.8899999261 -0.9395115376 0.2622512281 -0.2203233391 -0.3321595788 -0.8545830846 0.3991963565
0.5 -116.1 2330.7 0.9890336394 0.1174891442 0.0894916430 -0.1182498112 0.9929786325 0.0032274574 -0.0884840935 -0.0137744341 0.9959823489
-46.2 -510.9 2336.2 0.9946629405 -0.0194479655 0.1013284773 0.0084945373 0.9941765666 0.1074279621 -0.1028276533 -0.1059938669 0.9890357852
183.0 -120.2 2312.0 0.9221669436 0.0338139385 0.3853112459 0.0085901432 0.9941353202 -0.1078016236 -0.3866966963 0.1027209684 0.9164682627
169.6 -515.4 2271.2 0.9306505919 -0.0561238565 0.3615793586 -0.0738779902 0.9389957190 0.3359004259 -0.3583734930 -0.3393186629 0.8697305918
-23.1 352.4 2162.7 0 0 0 0 0 0 0 0 0
248.1 -246.7 2194.5 0 0 0 0 0 0 0 0 0
-40.4 -805.7 2367.6 0 0 0 0 0 0 0 0 0
191.0 -874.3 2400.9 0 0 0 0 0 0 0 0 0
55.6 474.6 2306.9 85 0.9780722260 -0.1679270715 0.1231877059 0.1545784622 0.9817288518 0.1109683588 -0.1395715177 -0.0894929022 0.9861596227
88.8 280.6 2324.6 0.9780722260 -0.1679270715 0.1231877059 0.1545784622 0.9817288518 0.1109683588 -0.1395715177 -0.0894929022 0.9861596227
90.6 82.1 2320.9 0.9908531308 -0.0090913195 0.1346380413 0.0115110716 0.9997857213 -0.0172047224 -0.1344527751 0.0185971819 0.9907454848
-50.6 279.0 2343.6 0.4056525528 -0.8754960299 -0.2625883818 0.6882628798 0.4816206098 -0.5425271988 0.6014484167 0.0393477120 0.7979421020
-138.1 130.5 2213.8 -0.4657743275 -0.8754960299 -0.1286893487 -0.8627617359 0.4816206098 -0.1538954228 0.1967142820 0.0393477120 -0.9796710014
228.1 282.2 2305.7 0.1629684567 0.4258703887 0.8899863362 -0.9849305749 0.1231638119 0.1214184836 -0.0579055734 -0.8963621259 0.4395245910
271.3 21.7 2290.3 -0.0804561675 0.4433761239 0.8927174211 -0.9378458261 0.2696695030 -0.2184571475 -0.3375973403 -0.8548075557 0.3941218555
2.1 -119.6 2335.7 0.9877550602 0.1162516624 0.1040456891 -0.1149275750 0.9931987524 -0.0186524671 -0.1055064276 0.0064663501 0.9943975806
