-46.1 454.1 1858.6 23 0.9969522953 0.0217684619 -0.0749148652 -0.0194064621 0.9992957711 0.0321139768 0.0755611807 -0.0305622723 0.9966726899
-50.4 253.2 1864.8 0.9969522953 0.0217684619 -0.0749148652 -0.0194064621 0.9992957711 0.0321139768 0.0755611807 -0.0305622723 0.9966726899
-53.6 57.6 1871.1 0.9970607162 0.0161428824 -0.0748951435 -0.0136896772 0.9993565083 0.0331537500 0.0753821507 -0.0320310108 0.9966401458
-192.5 255.2 1854.0 0.1666498929 -0.8410555124 -0.5146390796 0.9828602672 0.0999691263 0.1548929662 -0.0788255557 -0.5316312313 0.8432999253
-236.6 -5.1 1874.9 -0.0153092723 -0.8428760767 -0.5378898978 0.9545103312 0.1478931904 -0.2589163184 0.2977846265 -0.5173853040 0.8022697568
91.6 251.3 1875.5 0.4040188491 0.8472530842 0.3448637426 -0.4846736491 0.5180056095 -0.7048132420 -0.7757965326 0.1176114678 0.6199252605
181.2 143.8 1703.4 -0.5070093274 0.8472530842 0.1584416479 0.8546563387 0.5180056095 -0.0351111665 -0.1118217036 0.1176114678 -0.9867438674
-146.0 -137.4 1870.2 0.9816123247 0.0172872301 -0.1901010722 -0.0422994196 0.9908308983 -0.1283154786 0.1861398071 0.1339972168 0.9733430743
-152.8 -525.7 1817.7 0.9824916720 0.0000000000 -0.1863065511 0.0000000000 1.0000000000 0.0000000000 0.1863065511 0.0000000000 0.9824916720
34.3 -139.9 1880.8 0.9022750258 -0.0500103012 -0.4282508492 0.0014121925 0.9935878515 -0.1130539328 0.4311587214 0.1014009640 0.8965600729
53.9 -529.0 1841.1 0.9022759199 0.0000000000 -0.4311591387 0.0000000000 1.0000000000 0.0000000000 0.4311591387 0.0000000000 0.9022759199
-232.3 -273.8 1791.1 0 0 0 0 0 0 0 0 0
52.8 360.2 1675.0 0 0 0 0 0 0 0 0 0
-152.8 -902.3 1817.7 0 0 0 0 0 0 0 0 0
53.9 -905.6 1841.1 0 0 0 0 0 0 0 0 0
-46.2 453.7 1860.9 24 0.9948069453 0.0180402137 -0.1001681983 -0.0150836008 0.9994301796 0.0301958416 0.1006558612 -0.0285281371 0.9945122004
-49.8 253.6 1866.7 0.9948069453 0.0180402137 -0.1001681983 -0.0150836008 0.9994301796 0.0301958416 0.1006558612 -0.0285281371 0.9945122004
-52.8 57.8 1872.2 0.9948483706 0.0155347520 -0.1001766697 -0.0126172723 0.9994794726 0.0296914782 0.1005857736 -0.0282745622 0.9945265651
-191.5 255.4 1852.3 0.1712674201 -0.8280636668 -0.5338333845 0.9816171527 0.0970948562 0.1643177867 -0.0842331126 -0.5521622896 0.8294706941
-236.8 -4.5 1874.6 0.0060809371 -0.8297459483 -0.5581080914 0.9574565887 0.1658587307 -0.2361520678 0.2885133326 -0.5329282284 0.7954543233
91.9 251.8 1881.0 0.3848980963 0.8576774001 0.3409441113 -0.4733890295 0.5005651116 -0.7248016596 -0.7923107147 0.1175755709 0.5986816287
178.7 145.1 1702.4 -0.4935095310 0.8576774001 0.1443529576 0.8655700088 0.5005651116 -0.0149379624 -0.0850700065 0.1175755709 -0.9894134998
-146.9 -136.7 1870.5 0.9766539931 0.0104313334 -0.2145650983 -0.0402743667 0.9900007844 -0.1351901740 0.2110093981 0.1406755000 0.9673083425
-151.0 -524.5 1815.4 0.9774470329 0.0000000000 -0.2111807466 0.0000000000 1.0000000000 0.0000000000 0.2111807466 0.0000000000 0.9774470329
33.2 -139.3 1884.1 0.8912732005 -0.0520472862 -0.4504700005 -0.0029278032 0.9927101731 -0.1204904765 0.4534573257 0.1087088138 0.8846235275
53.6 -528.1 1841.5 0.8912770152 0.0000000000 -0.4534592927 0.0000000000 1.0000000000 0.0000000000 0.4534592927 0.0000000000 0.8912770152
-238.5 -274.0 1793.4 0 0 0 0 0 0 0 0 0
53.8 364.2 1680.9 0 0 0 0 0 0 0 0 0
-151.0 -901.2 1815.4 0 0 0 0 0 0 0 0 0
53.6 -904.7 1841.5 0 0 0 0 0 0 0 0 0
-45.8 452.9 1857.1 25 0.9876821041 0.0366498418 -0.1521211118 -0.0317986980 0.9989089370 0.0342020020 0.1532086432 -0.0289434511 0.9877699018
-53.7 236.7 1863.4 0.9876821041 0.0366498418 -0.1521211118 -0.0317986980 0.9989089370 0.0342020020 0.1532086432 -0.0289434511 0.9877699018
-49.8 41.2 1872.3 0.9881531596 -0.0206994750 -0.1520684808 0.0272001214 0.9987972975 0.0407928415 0.1510412097 -0.0444458574 0.9875277877
-194.2 232.8 1841.9 0.1795400232 -0.8007600307 -0.5714443922 0.9739461541 0.0628797486 0.2178877145 -0.1385435015 -0.5956756473 0.7911865711
-237.7 -2.8 1875.4 0.0215519127 -0.8045698404 -0.5934668779 0.9579827189 0.1864384562 -0.2179673463 0.2860150039 -0.5638334155 0.7747821212
86.8 240.6 1884.8 0.3923434615 0.8662070632 0.3094381392 -0.4336868823 0.4708765745 -0.7682388425 -0.8111611009 0.1672142446 0.5604079962
175.3 142.8 1701.9 -0.4682293534 0.8662070632 0.1744896472 0.8817375302 0.4708765745 0.0285333768 -0.0574472807 0.1672142446 -0.9842454791
-145.8 -136.7 1868.7 0.9657802582 0.0182466190 -0.2587190568 -0.0498722866 0.9919718504 -0.1162092090 0.2545216084 0.1251354665 0.9589368701
-152.9 -525.2 1819.7 0.9669835567 0.0000000000 -0.2548387051 0.0000000000 1.0000000000 0.0000000000 0.2548387051 0.0000000000 0.9669835567
34.0 -139.0 1886.8 0.8701471686 -0.0519763865 -0.4900431931 -0.0132475756 0.9915955067 -0.1286966056 0.4926138222 0.1184768677 0.8621454835
54.4 -527.4 1840.4 0.8702235222 0.0000000000 -0.4926570654 0.0000000000 1.0000000000 0.0000000000 0.4926570654 0.0000000000 0.8702235222
-243.7 -272.5 1794.9 0 0 0 0 0 0 0 0 0
58.5 362.7 1687.5 0 0 0 0 0 0 0 0 0
-152.9 -901.9 1819.7 0 0 0 0 0 0 0 0 0
54.4 -904.0 1840.4 0 0 0 0 0 0 0 0 0
-45.9 453.6 1859.7 26 0.9927806258 0.0168731697 -0.1187514439 -0.0132937692 0.9994350076 0.0308698546 0.1192052215 -0.0290683396 0.9924440384
-49.4 246.0 1865.7 0.9927806258 0.0168731697 -0.1187514439 -0.0132937692 0.9994350076 0.0308698546 0.1192052215 -0.0290683396 0.9924440384
-47.0 50.4 1872.7 0.9928447008 -0.0125978040 -0.1187463328 0.0166576635 0.9993079305 0.0332590267 0.1182451621 -0.0349990837 0.9923674464
-190.7 243.6 1848.9 0.1618582159 -0.8167722225 -0.5537915230 0.9839771986 0.0910609290 0.1532865018 -0.0747713745 -0.5697289109 0.8184242249
-234.9 -25.4 1869.4 0.0355698764 -0.8176009059 -0.5746855736 0.9570353627 0.1934610754 -0.2160004228 0.2877814174 -0.5423113108 0.7893543839
91.8 248.4 1882.5 0.3622772098 0.8797762394 0.3078131378 -0.4757082164 0.4585202336 -0.7506403327 -0.8015341163 0.1255106479 0.5846282244
173.4 141.3 1702.0 -0.4556263387 0.8797762394 0.1356405914 0.8886168003 0.4585202336 0.0109259337 -0.0525815748 0.1255106479 -0.9906978607
-134.9 -156.7 1867.6 0.9721238017 0.0571160130 -0.2274050266 -0.0848177671 0.9898573160 -0.1139670014 0.2185891867 0.1300780177 0.9671083093
-157.3 -544.1 1816.6 0.9756395817 0.0000000000 -0.2193797231 0.0000000000 1.0000000000 0.0000000000 0.2193797231 0.0000000000 0.9756395817
43.3 -151.7 1894.7 0.8866853714 -0.0143938381 -0.4621492028 -0.0558876880 0.9888506532 -0.1380250156 0.4589832723 0.1482132077 0.8759949803
48.9 -538.6 1836.8 0.8880733848 0.0000000000 -0.4597017467 0.0000000000 1.0000000000 0.0000000000 0.4597017467 0.0000000000 0.8880733848
-244.9 -295.0 1788.3 0 0 0 0 0 0 0 0 0
60.8 360.9 1689.0 0 0 0 0 0 0 0 0 0
-157.3 -920.8 1816.6 0 0 0 0 0 0 0 0 0
48.9 -915.3 1836.8 0 0 0 0 0 0 0 0 0
-47.0 451.4 1856.5 27 0.9931539297 0.0060739797 -0.1166550368 -0.0012943242 0.9991581440 0.0410046838 0.1168058813 -0.0405729748 0.9923256636
-48.3 248.5 1864.7 0.9931539297 0.0060739797 -0.1166550368 -0.0012943242 0.9991581440 0.0410046838 0.1168058813 -0.0405729748 0.9923256636
-46.7 52.9 1872.9 0.9931377172 -0.0083253114 -0.1166542768 0.0131125087 0.9991003871 0.0403303318 0.1162135676 -0.0415832028 0.9923533797
-189.7 246.7 1848.2 0.1510047019 -0.8195096254 -0.5528123975 0.9851142168 0.0782826692 0.1530419290 -0.0821437091 -0.5676933527 0.8191316724
-230.0 -16.4 1870.1 0.0410183594 -0.8204411864 -0.5702576637 0.9585208893 0.1934269071 -0.2093412429 0.2820553482 -0.5380170345 0.7943440676
93.1 250.4 1881.3 0.3479261696 0.8891648650 0.2972089946 -0.4869173169 0.4422867596 -0.7531892061 -0.8011609912 0.1173380166 0.5868329406
171.2 141.2 1701.6 -0.4382966757 0.8891648650 0.1314603090 0.8968727589 0.4422867596 -0.0012894253 -0.0592896678 0.1173380166 -0.9913206100
-134.2 -146.7 1869.0 0.9724235535 0.0572163947 -0.2260944098 -0.0834316462 0.9906281233 -0.1081438884 0.2177878618 0.1240250915 0.9680837989
-156.6 -534.6 1820.5 0.9758257866 0.0000000000 -0.2185498476 0.0000000000 1.0000000000 0.0000000000 0.2185498476 0.0000000000 0.9758257866
45.0 -143.7 1890.3 0.8872704506 -0.0077847368 -0.4611838460 -0.0497060753 0.9924211502 -0.1123813614 0.4585634768 0.1226363033 0.8801590204
48.0 -532.1 1842.3 0.8883685470 0.0000000000 -0.4591310024 0.0000000000 1.0000000000 0.0000000000 0.4591310024 0.0000000000 0.8883685470
-241.6 -286.4 1790.7 0 0 0 0 0 0 0 0 0
62.7 363.2 1686.9 0 0 0 0 0 0 0 0 0
-156.6 -911.3 1820.5 0 0 0 0 0 0 0 0 0
48.0 -908.7 1842.3 0 0 0 0 0 0 0 0 0
-48.3 452.2 1859.4 28 0.9959633350 0.0012108128 -0.0897529572 0.0021061418 0.9993184805 0.0368525758 0.0897364095 -0.0368928462 0.9952819943
-48.5 251.6 1866.8 0.9959633350 0.0012108128 -0.0897529572 0.0021061418 0.9993184805 0.0368525758 0.0897364095 -0.0368928462 0.9952819943
-47.3 55.9 1874.0 0.9959447384 -0.0062356293 -0.0897506028 0.0094933510 0.9993097186 0.0359165110 0.0894646868 -0.0366228931 0.9953164458
-190.3 250.3 1854.1 0.1460814923 -0.8333606720 -0.5330761075 0.9873697162 0.0894159153 0.1307894439 -0.0613292903 -0.5454491377 0.8358970881
-229.7 -15.6 1870.6 0.0310460329 -0.8343424201 -0.5503715873 0.9567171931 0.1842140853 -0.2252938747 0.2893584371 -0.5195555091 0.8039488792
93.3 253.0 1879.5 0.3440684378 0.8946933150 0.2848522067 -0.5027037263 0.4317614138 -0.7489132285 -0.7930358648 0.1144811437 0.5983211398
170.3 140.5 1702.1 -0.4259718955 0.8946933150 0.1344313920 0.9018484354 0.4317614138 -0.0158592444 -0.0722314492 0.1144811437 -0.9907959700
-134.8 -143.9 1870.6 0.9781651497 0.0536645725 -0.2007810026 -0.0790313482 0.9895579219 -0.1205368564 0.1922158748 0.1337729543 0.9721922874
-155.8 -531.4 1818.3 0.9812343717 0.0000000000 -0.1928189844 0.0000000000 1.0000000000 0.0000000000 0.1928189844 0.0000000000 0.9812343717
44.6 -141.5 1891.6 0.8990819454 -0.0121819945 -0.4376108348 -0.0465682372 0.9912799001 -0.1232703179 0.4352965057 0.1312088817 0.8906745911
49.4 -529.6 1840.2 0.9000583887 0.0000000000 -0.4357692599 0.0000000000 1.0000000000 0.0000000000 0.4357692599 0.0000000000 0.9000583887
-238.4 -285.1 1789.1 0 0 0 0 0 0 0 0 0
65.0 363.6 1684.2 0 0 0 0 0 0 0 0 0
-155.8 -908.1 1818.3 0 0 0 0 0 0 0 0 0
49.4 -906.3 1840.2 0 0 0 0 0 0 0 0 0
-50.1 451.1 1863.3 29 0.9976117611 -0.0023799329 -0.0690301433 0.0043848422 0.9995725155 0.0289070029 0.0689318404 -0.0291406531 0.9971956611
-49.6 251.9 1869.1 0.9976117611 -0.0023799329 -0.0690301433 0.0043848422 0.9995725155 0.0289070029 0.0689318404 -0.0291406531 0.9971956611
-48.3 56.2 1874.4 0.9975918531 -0.0068527181 -0.0690187439 0.0086957617 0.9996126294 0.0264385827 0.0688108355 -0.0269750860 0.9972649813
-191.7 250.7 1859.3 0.1459541619 -0.8436155319 -0.5167303681 0.9882755876 0.1006708741 0.1147899106 -0.0448188484 -0.5274260640 0.8484179378
-231.0 -15.3 1871.4 0.0116177285 -0.8447614908 -0.5350168943 0.9563236833 0.1656750292 -0.2408252358 0.2920788229 -0.5088514686 0.8097901940
92.5 253.2 1878.9 0.3455876410 0.8959767818 0.2789171338 -0.5016674399 0.4275934696 -0.7519931197 -0.7930315137 0.1199558899 0.5972533822
169.8 141.0 1701.6 -0.4227694273 0.8959767818 0.1359838545 0.9039438963 0.4275934696 -0.0070153880 -0.0644314364 0.1199558899 -0.9906862378
-136.1 -140.6 1873.1 0.9822633862 0.0499585457 -0.1807285249 -0.0748246908 0.9882199168 -0.1335014850 0.1719299853 0.1446565688 0.9744303823
-155.6 -527.7 1816.5 0.9850246906 0.0000000000 -0.1724133193 0.0000000000 1.0000000000 0.0000000000 0.1724133193 0.0000000000 0.9850246906
43.8 -138.9 1889.3 0.9077330828 -0.0178229846 -0.4191693366 -0.0357724540 0.9921709895 -0.1196539998 0.4180202484 0.1236086115 0.8999888897
50.8 -527.4 1840.9 0.9083144665 0.0000000000 -0.4182879925 0.0000000000 1.0000000000 0.0000000000 0.4182879925 0.0000000000 0.9083144665
-234.2 -284.6 1789.1 0 0 0 0 0 0 0 0 0
65.0 365.0 1685.6 0 0 0 0 0 0 0 0 0
-155.6 -904.3 1816.5 0 0 0 0 0 0 0 0 0
50.8 -904.1 1840.9 0 0 0 0 0 0 0 0 0
-50.2 449.8 1862.8 30 0.9923877120 0.0386593863 -0.1169275120 -0.0380413830 0.9992479086 0.0075132842 0.1171300337 -0.0030080068 0.9931120276
-58.9 227.1 1863.5 0.9923877120 0.0386593863 -0.1169275120 -0.0380413830 0.9992479086 0.0075132842 0.1171300337 -0.0030080068 0.9931120276
-46.2 32.2 1872.8 0.9909370542 -0.0653793141 -0.1173427925 0.0703279302 0.9967793226 0.0385349765 0.1144454777 -0.0464382134 0.9923435450
-199.6 217.0 1847.3 0.1346873790 -0.8212515116 -0.5544414520 0.9850881100 0.0505236760 0.1644651443 -0.1070548296 -0.5683250427 0.8158099651
-231.5 -15.7 1872.6 0.0062485188 -0.8269639611 -0.5622202158 0.9551789165 0.1713389158 -0.2414047867 0.2959632576 -0.5355124474 0.7909691334
81.9 237.1 1879.7 0.3924258351 0.8847714663 0.2513591647 -0.4244578183 0.4166432619 -0.8038929701 -0.8159886599 0.2087770104 0.5390497446
168.2 143.8 1700.3 -0.4192028046 0.8847714663 0.2035889626 0.9072549343 0.4166432619 0.0574183241 -0.0340218768 0.2087770104 -0.9773713350
-133.8 -146.9 1873.1 0.9745884538 0.0508038364 -0.2181658000 -0.0812598094 0.9877818823 -0.1329803467 0.2087443173 0.1473292261 0.9668091536
-153.3 -527.5 1816.3 0.9778221846 0.0000000000 -0.2094369382 0.0000000000 1.0000000000 0.0000000000 0.2094369382 0.0000000000 0.9778221846
43.2 -138.8 1885.9 0.8906825781 -0.0200644992 -0.4541827142 -0.0338842645 0.9933171272 -0.1103312224 0.4533612132 0.1136597469 0.8840503693
51.0 -527.8 1841.4 0.8911943436 0.0000000000 -0.4536216855 0.0000000000 1.0000000000 0.0000000000 0.4536216855 0.0000000000 0.8911943436
-233.2 -284.8 1789.2 0 0 0 0 0 0 0 0 0
63.7 369.9 1691.8 0 0 0 0 0 0 0 0 0
-153.3 -904.2 1816.3 0 0 0 0 0 0 0 0 0
51.0 -904.5 1841.4 0 0 0 0 0 0 0 0 0
-50.0 448.5 1863.0 31 0.9949676394 0.0089676958 -0.0997947901 -0.0078019984 0.9998967648 0.0120651051 0.0998926833 -0.0112257898 0.9949349165
-51.9 237.8 1865.4 0.9949676394 0.0089676958 -0.0997947901 -0.0078019984 0.9998967648 0.0120651051 0.0998926833 -0.0112257898 0.9949349165
-43.3 42.5 1871.6 0.9939799309 -0.0446577072 -0.1000480950 0.0475039929 0.9985260963 0.0262486637 0.0987284258 -0.0308433287 0.9946362972
-193.3 231.0 1851.4 0.1418320537 -0.8268337846 -0.5442697406 0.9888101816 0.0926567614 0.1169148982 -0.0462389141 -0.5547617674 0.8307234049
-233.1 -46.4 1864.4 -0.0033878465 -0.8293549418 -0.5587118864 0.9546266198 0.1636962593 -0.2487801462 0.2977860868 -0.5342040658 0.7911697030
89.5 244.6 1879.4 0.3546959758 0.8957931995 0.2678531706 -0.4563632011 0.4159063399 -0.7866095304 -0.8160412908 0.1567689031 0.5563273430
168.0 143.5 1698.6 -0.4164259434 0.8957931995 0.1553834379 0.9086373448 0.4159063399 0.0374177173 -0.0311064217 0.1567689031 -0.9871453047
-122.0 -169.8 1871.5 0.9737764001 0.1012935564 -0.2037135065 -0.1292285174 0.9832088351 -0.1288425475 0.1872420013 0.1517894268 0.9705155492
-161.5 -553.5 1812.3 0.9820106626 0.0000000000 -0.1888253242 0.0000000000 1.0000000000 0.0000000000 0.1888253242 0.0000000000 0.9820106626
55.8 -156.2 1892.5 0.8965527415 0.0340339467 -0.4416275024 -0.0901198909 0.9902048111 -0.1066434011 0.4336721897 0.1354108602 0.8908379674
42.4 -543.4 1839.5 0.9002158046 0.0000000000 -0.4354440570 0.0000000000 1.0000000000 0.0000000000 0.4354440570 0.0000000000 0.9002158046
-232.1 -315.3 1780.5 0 0 0 0 0 0 0 0 0
64.3 370.0 1690.9 0 0 0 0 0 0 0 0 0
-161.5 -930.2 1812.3 0 0 0 0 0 0 0 0 0
42.4 -920.1 1839.5 0 0 0 0 0 0 0 0 0
-51.0 447.1 1864.2 32 0.9961113930 -0.0001884183 -0.0881026611 0.0016168102 0.9998683929 0.0161417332 0.0880880281 -0.0162214097 0.9959806204
-50.9 243.2 1867.5 0.9961113930 -0.0001884183 -0.0881026611 0.0016168102 0.9998683929 0.0161417332 0.0880880281 -0.0162214097 0.9959806204
-45.7 47.6 1872.2 0.9957328439 -0.0272310227 -0.0881733000 0.0292152558 0.9993463755 0.0212917887 0.0875358656 -0.0237769391 0.9958775640
-192.7 239.0 1855.0 0.1354343444 -0.8345025778 -0.5341001749 0.9897968769 0.0898719952 0.1105674282 -0.0442681573 -0.5436252952 0.8381597996
-229.7 -31.3 1867.1 0.0084406491 -0.8362548351 -0.5482760668 0.9586399198 0.1627608389 -0.2334918380 0.2844965458 -0.5236284733 0.8030410409
90.8 247.3 1879.9 0.3457275629 0.8998281956 0.2660483122 -0.4715862572 0.4117473364 -0.7797887921 -0.8112205863 0.1441297382 0.5666990280
168.1 141.9 1698.5 -0.4093814790 0.8998281956 0.1507184803 0.9111465216 0.4117473364 0.0166180432 -0.0471045487 0.1441297382 -0.9884370565
-123.9 -157.5 1868.7 0.9773185849 0.0892197490 -0.1920629442 -0.1109651402 0.9881982207 -0.1055981740 0.1803748161 0.1245153546 0.9756848216
-158.7 -543.7 1820.1 0.9833917618 0.0000000000 -0.1814956814 0.0000000000 1.0000000000 0.0000000000 0.1814956814 0.0000000000 0.9833917618
55.1 -148.5 1886.7 0.9012163281 0.0283582192 -0.4324406385 -0.0723682120 0.9936932921 -0.0856534764 0.4272843897 0.1084872708 0.8975848556
44.0 -537.3 1844.2 0.9035855532 0.0000000000 -0.4284076691 0.0000000000 1.0000000000 0.0000000000 0.4284076691 0.0000000000 0.9035855532
-232.0 -301.3 1787.0 0 0 0 0 0 0 0 0 0
66.5 368.1 1686.8 0 0 0 0 0 0 0 0 0
-158.7 -920.4 1820.1 0 0 0 0 0 0 0 0 0
44.0 -913.9 1844.2 0 0 0 0 0 0 0 0 0
-51.7 446.6 1863.2 33 0.9968754649 -0.0042925365 -0.0788724497 0.0061675990 0.9997037649 0.0235451423 0.0787480175 -0.0239580274 0.9966066480
-50.8 246.1 1868.0 0.9968754649 -0.0042925365 -0.0788724497 0.0061675990 0.9997037649 0.0235451423 0.0787480175 -0.0239580274 0.9966066480
-47.5 50.4 1873.3 0.9967395067 -0.0169250742 -0.0788915381 0.0189778656 0.9994986653 0.0253436528 0.0784230456 -0.0267582126 0.9965609908
-192.8 243.4 1856.9 0.1395505071 -0.8387497067 -0.5263312459 0.9892517924 0.0946517438 0.1114535108 -0.0436634347 -0.5362275243 0.8429433703
-230.7 -25.5 1868.7 0.0102249244 -0.8399951458 -0.5424975753 0.9599123597 0.1602223068 -0.2299935371 0.2801136672 -0.5183984637 0.8079600334
91.2 248.8 1879.2 0.3459121287 0.9047494531 0.2485421449 -0.4779992700 0.3978717029 -0.7830803394 -0.8073794246 0.1520740241 0.5700982213
168.4 142.0 1698.8 -0.3918800950 0.9047494531 0.1669083536 0.9174371362 0.3978717029 -0.0026893192 -0.0688412711 0.1520740241 -0.9859687686
-130.1 -150.8 1869.0 0.9804452658 0.0641417354 -0.1860454530 -0.0877451822 0.9887002707 -0.1215423122 0.1761472672 0.1354901791 0.9749946594
-155.2 -537.5 1816.0 0.9842415452 0.0000000000 -0.1768293083 0.0000000000 1.0000000000 0.0000000000 0.1768293083 0.0000000000 0.9842415452
49.5 -145.3 1884.9 0.9049751163 0.0055521512 -0.4254283011 -0.0487467051 0.9946833253 -0.0907131061 0.4226627946 0.1028313264 0.9004342556
47.3 -534.6 1844.6 0.9060522318 0.0000000000 -0.4231658578 0.0000000000 1.0000000000 0.0000000000 0.4231658578 0.0000000000 0.9060522318
-233.6 -295.9 1789.8 0 0 0 0 0 0 0 0 0
71.3 369.4 1681.7 0 0 0 0 0 0 0 0 0
-155.2 -914.2 1816.0 0 0 0 0 0 0 0 0 0
47.3 -911.3 1844.6 0 0 0 0 0 0 0 0 0
-52.2 445.6 1863.7 34 0.9976703525 -0.0054875505 -0.0679985881 0.0071907104 0.9996659160 0.0248275995 0.0678396225 -0.0252587181 0.9973764420
-51.1 246.7 1868.8 0.9976703525 -0.0054875505 -0.0679985881 0.0071907104 0.9996659160 0.0248275995 0.0678396225 -0.0252587181 0.9973764420
-48.7 50.9 1873.6 0.9976072907 -0.0125436829 -0.0679881796 0.0141823897 0.9996191263 0.0236739535 0.0676653236 -0.0245815422 0.9974052310
-193.3 244.6 1859.1 0.1410260797 -0.8441568017 -0.5172146559 0.9891866446 0.0989012122 0.1082973629 -0.0402668007 -0.5268945694 0.8489762545
-231.3 -22.1 1870.0 0.0141593851 -0.8449787498 -0.5346123576 0.9602365494 0.1605859250 -0.2283810377 0.2788283527 -0.5101206303 0.8136532903
91.0 248.7 1878.4 0.3499126732 0.9060313702 0.2380508631 -0.4766186774 0.3909522295 -0.7873950601 -0.8064711690 0.1620600224 0.5686306357
168.9 142.6 1698.9 -0.3844806254 0.9060313702 0.1768665165 0.9204090238 0.3909522295 -0.0018973744 -0.0708654374 0.1620600224 -0.9842330217
-134.1 -147.1 1871.5 0.9829834104 0.0508181266 -0.1765253246 -0.0745222718 0.9886618257 -0.1303620934 0.1678990871 0.1412988454 0.9756252170
-154.0 -534.0 1816.2 0.9857243299 0.0000000000 -0.1683672518 0.0000000000 1.0000000000 0.0000000000 0.1683672518 0.0000000000 0.9857243299
45.8 -143.5 1885.7 0.9092612267 -0.0108302161 -0.4160849452 -0.0335279331 0.9945071340 -0.0991537273 0.4148733020 0.1041071117 0.9039036632
50.1 -532.9 1844.9 0.9097727537 0.0000000000 -0.4151066840 0.0000000000 1.0000000000 0.0000000000 0.4151066840 0.0000000000 0.9097727537
-235.3 -292.6 1791.4 0 0 0 0 0 0 0 0 0
73.3 371.5 1681.2 0 0 0 0 0 0 0 0 0
-154.0 -910.7 1816.2 0 0 0 0 0 0 0 0 0
50.1 -909.5 1844.9 0 0 0 0 0 0 0 0 0
-52.6 444.8 1863.5 35 0.9983826280 -0.0011262681 -0.0568408519 0.0027920024 0.9995687008 0.0292343311 0.0567834079 -0.0293457489 0.9979551435
-52.4 247.0 1869.3 0.9983826280 -0.0011262681 -0.0568408519 0.0027920024 0.9995687008 0.0292343311 0.0567834079 -0.0293457489 0.9979551435
-51.6 51.2 1874.5 0.9983755350 -0.0040437202 -0.0568328016 0.0055358591 0.9996434450 0.0261220243 0.0567069091 -0.0263942089 0.9980419278
-194.6 246.2 1861.2 0.1373814493 -0.8499410748 -0.5086516738 0.9898362160 0.0987500772 0.1023360267 -0.0367502011 -0.5175409317 0.8548688889
-231.8 -21.4 1871.2 0.0043644365 -0.8512048125 -0.5248154402 0.9567173123 0.1562712789 -0.2455021739 0.2909862101 -0.5010285378 0.8150444031
89.9 247.8 1877.4 0.3560504913 0.8997785449 0.2522432804 -0.4569580853 0.4031044543 -0.7929036021 -0.8151180148 0.1670491099 0.5546866059
169.0 146.3 1696.3 -0.4024161100 0.8997785449 0.1687006205 0.9146049619 0.4031044543 0.0316952802 -0.0394852422 0.1670491099 -0.9851576090
-136.3 -146.2 1872.3 0.9851165414 0.0394428372 -0.1673009694 -0.0623420700 0.9890300035 -0.1339146793 0.1601836979 0.1423514634 0.9767687917
-151.8 -533.4 1816.6 0.9870365262 0.0000000000 -0.1604958922 0.0000000000 1.0000000000 0.0000000000 0.1604958922 0.0000000000 0.9870365262
43.9 -143.5 1884.6 0.9132784605 -0.0175939072 -0.4069556892 -0.0246744137 0.9948425889 -0.0983836278 0.4065878093 0.0998930410 0.9081342220
50.8 -533.1 1845.5 0.9135565758 0.0000000000 -0.4067116380 0.0000000000 1.0000000000 0.0000000000 0.4067116380 0.0000000000 0.9135565758
-233.0 -290.9 1789.2 0 0 0 0 0 0 0 0 0
69.7 371.9 1686.6 0 0 0 0 0 0 0 0 0
-151.8 -910.1 1816.6 0 0 0 0 0 0 0 0 0
50.8 -909.8 1845.5 0 0 0 0 0 0 0 0 0
-53.3 445.6 1863.4 36 0.9927619696 -0.0161922593 -0.1190018803 0.0172112975 0.9998234510 0.0075403978 0.1188587770 -0.0095339967 0.9928653836
-49.8 229.4 1865.5 0.9927619696 -0.0161922593 -0.1190018803 0.0172112975 0.9998234510 0.0075403978 0.1188587770 -0.0095339967 0.9928653836
-48.8 33.6 1869.4 0.9928671718 -0.0048511806 -0.1191271245 0.0072176075 0.9997849464 0.0194413122 0.1190071926 -0.0201624539 0.9926886559
-191.0 228.4 1848.5 0.1673189998 -0.8184520602 -0.5496731400 0.9815205336 0.0857740939 0.1710563004 -0.0928536654 -0.5681364536 0.8176791668
-233.1 -18.4 1871.9 -0.0089012235 -0.8216921091 -0.5698621869 0.9553443193 0.1613402814 -0.2475612164 0.2953608036 -0.5466181636 0.7835627198
91.4 230.4 1882.4 0.3526266217 0.8930566311 0.2794716060 -0.3656356633 0.4064090252 -0.8373423815 -0.8613739014 0.1930844188 0.4698439837
168.4 150.6 1694.4 -0.4135091901 0.8930566311 0.1773698032 0.9104917645 0.4064090252 0.0763965622 -0.0038582317 0.1930844188 -0.9811745882
-141.0 -145.0 1874.6 0.9734069109 0.0252956394 -0.2276821136 -0.0588110089 0.9881685972 -0.1416478604 0.2214052379 0.1512712240 0.9633777738
-150.9 -532.0 1815.3 0.9750946760 0.0000000000 -0.2217891216 0.0000000000 1.0000000000 0.0000000000 0.2217891216 0.0000000000 0.9750946760
39.4 -144.0 1884.8 0.8859091997 -0.0320951156 -0.4627470076 -0.0170472506 0.9946767092 -0.1016248167 0.4635453522 0.0979189277 0.8806461096
52.0 -533.6 1846.5 0.8860379457 0.0000000000 -0.4636127353 0.0000000000 1.0000000000 0.0000000000 0.4636127353 0.0000000000 0.8860379457
-230.5 -287.5 1788.7 0 0 0 0 0 0 0 0 0
66.2 375.7 1693.4 0 0 0 0 0 0 0 0 0
-150.9 -908.6 1815.3 0 0 0 0 0 0 0 0 0
52.0 -910.2 1846.5 0 0 0 0 0 0 0 0 0
-53.3 444.6 1864.3 37 0.9851356745 -0.0198136717 -0.1706313640 0.0161926355 0.9996137619 -0.0225871336 0.1710129976 0.0194884203 0.9850760102
-48.7 213.4 1859.8 0.9851356745 -0.0198136717 -0.1706313640 0.0161926355 0.9996137619 -0.0225871336 0.1710129976 0.0194884203 0.9850760102
-49.6 18.1 1871.7 0.9852121472 0.0038498675 -0.1712957621 0.0066284160 0.9981427193 0.0605567433 0.1712107509 -0.0607966594 0.9833568335
-188.7 212.3 1835.5 0.1721936464 -0.7877624631 -0.5914217234 0.9771195650 0.0605007000 0.2039045841 -0.1248469502 -0.6130007505 0.7801559567
-232.4 -35.4 1867.1 -0.0075429170 -0.7944233418 -0.6073175669 0.9539590478 0.1763929874 -0.2425853461 0.2998420298 -0.5811858773 0.7565168142
91.4 214.5 1884.2 0.3563286066 0.8860019445 0.2966993153 -0.2751447558 0.4029613137 -0.8728788495 -0.8929307461 0.2293964624 0.3873654306
168.1 155.3 1691.9 -0.4156261683 0.8860019445 0.2055612952 0.9095035195 0.4029613137 0.1021055579 0.0076324721 0.2293964624 -0.9733031392
-137.4 -162.9 1862.7 0.9594194293 0.0388072543 -0.2792997658 -0.0688723698 0.9927362800 -0.0986471176 0.2734428048 0.1138799936 0.9551232457
-152.5 -551.4 1818.1 0.9617030025 0.0000000000 -0.2740936279 0.0000000000 1.0000000000 0.0000000000 0.2740936279 0.0000000000 0.9617030025
41.8 -161.6 1884.1 0.8607310653 -0.0250372738 -0.5084438920 -0.0294509064 0.9946677089 -0.0988370180 0.5082073212 0.1000462249 0.8554040194
51.6 -551.2 1844.9 0.8611046076 0.0000000000 -0.5084278584 0.0000000000 1.0000000000 0.0000000000 0.5084278584 0.0000000000 0.8611046076
-230.3 -304.2 1782.7 0 0 0 0 0 0 0 0 0
65.8 379.1 1693.7 0 0 0 0 0 0 0 0 0
-152.5 -928.0 1818.1 0 0 0 0 0 0 0 0 0
51.6 -927.8 1844.9 0 0 0 0 0 0 0 0 0
-54.2 445.2 1863.3 38 0.9954883456 -0.0089060571 -0.0944648385 0.0094242394 0.9999428988 0.0050407378 0.0944145545 -0.0059082550 0.9955154657
-52.3 231.2 1864.6 0.9954883456 -0.0089060571 -0.0944648385 0.0094242394 0.9999428988 0.0050407378 0.0944145545 -0.0059082550 0.9955154657
-53.5 35.7 1873.5 0.9955075979 0.0051396526 -0.0945418030 -0.0007998340 0.9989464283 0.0458844304 0.0946780220 -0.0456026830 0.9944629073
-193.6 231.2 1851.2 0.1352718621 -0.8300543427 -0.5410280228 0.9898130894 0.0887399390 0.1113341302 -0.0444025807 -0.5505769849 0.8336026669
-231.8 -48.5 1863.7 0.0013307657 -0.8322843313 -0.5543473959 0.9575901628 0.1607853919 -0.2391006798 0.2881307006 -0.5305194259 0.7972012758
89.0 231.3 1878.0 0.3719424903 0.8860500455 0.2767202258 -0.3488271534 0.4096744955 -0.8429035544 -0.8602199554 0.2169841379 0.4614536762
169.3 156.0 1692.3 -0.4159630537 0.8860500455 0.2046705484 0.9092026949 0.4096744955 0.0742785111 -0.0180338230 0.2169841379 -0.9760085344
-139.6 -176.9 1868.2 0.9779295325 0.0368170217 -0.2056655586 -0.0623592846 0.9909188151 -0.1191269308 0.1994119734 0.1293229014 0.9713446498
-154.0 -565.8 1817.5 0.9798365235 0.0000000000 -0.1998008341 0.0000000000 1.0000000000 0.0000000000 0.1998008341 0.0000000000 0.9798365235
38.1 -173.4 1897.0 0.8970126510 -0.0387374796 -0.4403041005 -0.0347109437 0.9869021177 -0.1575416923 0.4406397939 0.1566002667 0.8839190602
53.3 -561.9 1835.3 0.8975535035 0.0000000000 -0.4409055114 0.0000000000 1.0000000000 0.0000000000 0.4409055114 0.0000000000 0.8975535035
-232.2 -318.3 1782.5 0 0 0 0 0 0 0 0 0
68.0 377.3 1687.9 0 0 0 0 0 0 0 0 0
-154.0 -942.5 1817.5 0 0 0 0 0 0 0 0 0
53.3 -938.6 1835.3 0 0 0 0 0 0 0 0 0
-54.8 444.7 1863.8 39 0.9988759756 -0.0011759972 -0.0473856479 0.0020436915 0.9998310804 0.0182670467 0.0473561622 -0.0183433574 0.9987096190
-54.6 239.4 1867.6 0.9988759756 -0.0011759972 -0.0473856479 0.0020436915 0.9998310804 0.0182670467 0.0473561622 -0.0183433574 0.9987096190
-56.0 43.8 1874.4 0.9988581538 0.0064173657 -0.0473410599 -0.0047488110 0.9993664026 0.0352740586 0.0475374311 -0.0350089669 0.9982557893
-196.5 240.0 1860.8 0.1330312639 -0.8539540172 -0.5030558705 0.9908728600 0.1034475267 0.0864270627 -0.0217648465 -0.5099619031 0.8599215746
-233.0 -32.0 1866.8 -0.0059201038 -0.8548671007 -0.5188133121 0.9592348933 0.1417400539 -0.2444958091 0.2825480402 -0.4991112351 0.8191791773
87.3 238.9 1874.3 0.3854181767 0.8848952055 0.2615593076 -0.3959068060 0.4146251082 -0.8193557262 -0.8334930539 0.2122414857 0.5101401210
171.5 152.4 1692.3 -0.4163070023 0.8848952055 0.2089232504 0.9083920121 0.4146251082 0.0539440215 -0.0388900191 0.2122414857 -0.9764431119
-144.4 -159.4 1874.0 0.9868759513 0.0213667937 -0.1600604653 -0.0426827855 0.9904701114 -0.1309470385 0.1557371914 0.1360602975 0.9783831239
-152.8 -547.7 1820.6 0.9877761006 0.0000000000 -0.1558792591 0.0000000000 1.0000000000 0.0000000000 0.1558792591 0.0000000000 0.9877761006
34.8 -158.3 1889.9 0.9151490331 -0.0492168814 -0.4000999629 -0.0027649365 0.9917291999 -0.1283182949 0.4031062126 0.1185366213 0.9074438810
54.1 -547.4 1843.4 0.9151524901 0.0000000000 -0.4031077623 0.0000000000 1.0000000000 0.0000000000 0.4031077623 0.0000000000 0.9151524901
-231.4 -302.2 1787.2 0 0 0 0 0 0 0 0 0
69.8 374.3 1682.8 0 0 0 0 0 0 0 0 0
-152.8 -924.4 1820.6 0 0 0 0 0 0 0 0 0
54.1 -924.1 1843.4 0 0 0 0 0 0 0 0 0
-55.2 444.3 1863.0 40 0.9995901585 0.0037456162 -0.0283809472 -0.0030038331 0.9996539354 0.0261343606 0.0284690149 -0.0260383971 0.9992554784
-55.9 243.3 1868.3 0.9995901585 0.0037456162 -0.0283809472 -0.0030038331 0.9996539354 0.0261343606 0.0284690149 -0.0260383971 0.9992554784
-57.4 47.6 1874.3 0.9995719790 0.0072041219 -0.0283533596 -0.0063193692 0.9994940758 0.0311713703 0.0285635758 -0.0309788547 0.9991118312
-198.1 244.1 1864.2 0.1284240484 -0.8640356660 -0.4867747426 0.9914910793 0.1013334468 0.0817125067 -0.0212759580 -0.4931266606 0.8696973324
-233.1 -25.8 1870.0 -0.0005891118 -0.8649334908 -0.5018861890 0.9573973417 0.1444435418 -0.2500528693 0.2887733281 -0.4806517661 0.8279998899
86.3 242.5 1872.3 0.3914348781 0.8844633698 0.2539750040 -0.4079369605 0.4141829610 -0.8136583567 -0.8248431087 0.2148884535 0.5229309797
171.4 153.8 1693.1 -0.4167282879 0.8844633698 0.2099097818 0.9083362222 0.4141829610 0.0581189506 -0.0355369672 0.2148884535 -0.9759918451
-147.5 -151.3 1877.0 0.9898528457 0.0076390482 -0.1418907940 -0.0288442913 0.9885665774 -0.1480004191 0.1391379237 0.1505913734 0.9787557721
-150.4 -538.6 1818.0 0.9902648926 0.0000000000 -0.1391958296 0.0000000000 1.0000000000 0.0000000000 0.1391958296 0.0000000000 0.9902648926
32.5 -151.5 1885.0 0.9214055538 -0.0590711720 -0.3840864599 0.0173964910 0.9936583042 -0.1110878438 0.3882128000 0.0956752002 0.9165899158
55.7 -540.9 1847.5 0.9215450287 0.0000000000 -0.3882715702 0.0000000000 1.0000000000 0.0000000000 0.3882715702 0.0000000000 0.9215450287
-232.9 -295.5 1788.7 0 0 0 0 0 0 0 0 0
70.4 373.9 1684.4 0 0 0 0 0 0 0 0 0
-150.4 -915.3 1818.0 0 0 0 0 0 0 0 0 0
55.7 -917.6 1847.5 0 0 0 0 0 0 0 0 0
-54.9 444.4 1862.7 41 0.9998222589 0.0043147192 -0.0183531735 -0.0037968662 0.9995962977 0.0281578526 0.0184672568 -0.0280831642 0.9994350076
-55.7 245.4 1868.2 0.9998222589 0.0043147192 -0.0183531735 -0.0037968662 0.9995962977 0.0281578526 0.0184672568 -0.0280831642 0.9994350076
-57.0 49.6 1874.0 0.9998113513 0.0063801864 -0.0183452629 -0.0058346875 0.9995437264 0.0296364501 0.0185259786 -0.0295238215 0.9993923903
-198.1 246.2 1865.6 0.1363639534 -0.8681877255 -0.4771320224 0.9903607368 0.1076553762 0.0871549621 -0.0243010465 -0.4844175875 0.8744993210
-234.8 -20.2 1872.2 -0.0008140909 -0.8687702417 -0.4952147603 0.9576434493 0.1419225782 -0.2505533695 0.2879554629 -0.4744431376 0.8318565488
86.6 244.6 1870.9 0.3915060461 0.8826055527 0.2602507770 -0.4153673053 0.4218832254 -0.8059060574 -0.8210926056 0.2074174136 0.5317752957
171.5 154.5 1692.8 -0.4274437129 0.8826055527 0.1957021356 0.9038313627 0.4218832254 0.0714379027 -0.0195119586 0.2074174136 -0.9780579209
-149.1 -147.5 1877.9 0.9912429452 -0.0029749880 -0.1320172399 -0.0182565432 0.9870579839 -0.1593212783 0.1307826489 0.1603362709 0.9783599377
-148.0 -534.2 1815.0 0.9914081693 0.0000000000 -0.1308044493 0.0000000000 1.0000000000 0.0000000000 0.1308044493 0.0000000000 0.9914081693
31.3 -148.3 1882.7 0.9246908426 -0.0653141662 -0.3750745058 0.0261706356 0.9937488437 -0.1085281223 0.3798182905 0.0905390233 0.9206197858
56.9 -537.7 1847.2 0.9250077009 0.0000000000 -0.3799484074 0.0000000000 1.0000000000 0.0000000000 0.3799484074 0.0000000000 0.9250077009
-234.6 -290.0 1791.0 0 0 0 0 0 0 0 0 0
68.5 372.3 1688.1 0 0 0 0 0 0 0 0 0
-148.0 -910.8 1815.0 0 0 0 0 0 0 0 0 0
56.9 -914.3 1847.2 0 0 0 0 0 0 0 0 0
-55.2 443.7 1864.0 42 0.9999762177 0.0032311615 -0.0060969372 -0.0030727254 0.9996619225 0.0258190054 0.0061783013 -0.0257996563 0.9996480346
-55.8 246.0 1869.1 0.9999762177 0.0032311615 -0.0060969372 -0.0030727254 0.9996619225 0.0258190054 0.0061783013 -0.0257996563 0.9996480346
-56.6 50.2 1874.2 0.9999729991 0.0041048937 -0.0060944855 -0.0039421017 0.9996413589 0.0264872070 0.0062010270 -0.0264624674 0.9996305704
-198.3 246.5 1868.2 0.1324180514 -0.8738279343 -0.4678570330 0.9911186695 0.1109130010 0.0733624324 -0.0122147193 -0.4734163582 0.8807541132
-233.7 -18.8 1871.5 0.0133759659 -0.8739576936 -0.4858178794 0.9595817924 0.1478131711 -0.2394871265 0.2811118960 -0.4629786015 0.8406110406
86.6 245.4 1869.9 0.3877228200 0.8848168850 0.2583990097 -0.4344782531 0.4226590097 -0.7953540087 -0.8129573464 0.1961081624 0.5483082533
171.1 150.8 1692.8 -0.4274702370 0.8848168850 0.1853867322 0.9038242698 0.4226590097 0.0667909533 -0.0192576051 0.1961081624 -0.9803931713
-148.6 -145.6 1878.2 0.9928056002 0.0046317144 -0.1196476966 -0.0231677424 0.9877990484 -0.1540009677 0.1174745858 0.1556649953 0.9807997346
-150.5 -532.5 1817.2 0.9930721521 0.0000000000 -0.1175061315 0.0000000000 1.0000000000 0.0000000000 0.1175061315 0.0000000000 0.9930721521
31.9 -146.5 1881.4 0.9292079210 -0.0625629053 -0.3642231226 0.0273776222 0.9945114851 -0.1009821147 0.3685418069 0.0838618204 0.9258207679
56.5 -536.1 1848.5 0.9295563698 0.0000000000 -0.3686800003 0.0000000000 1.0000000000 0.0000000000 0.3686800003 0.0000000000 0.9295563698
-237.5 -289.1 1792.3 0 0 0 0 0 0 0 0 0
67.7 369.3 1688.2 0 0 0 0 0 0 0 0 0
-150.5 -909.2 1817.2 0 0 0 0 0 0 0 0 0
56.5 -912.7 1848.5 0 0 0 0 0 0 0 0 0
-55.6 443.2 1863.1 43 0.9999935627 0.0025563238 -0.0025162320 -0.0024798489 0.9995486140 0.0299404059 0.0025916335 -0.0299339723 0.9995484948
-56.1 246.0 1869.0 0.9999935627 0.0025563238 -0.0025162320 -0.0024798489 0.9995486140 0.0299404059 0.0025916335 -0.0299339723 0.9995484948
-56.8 50.3 1874.4 0.9999899268 0.0037128755 -0.0025241629 -0.0036423018 0.9996175766 0.0274113435 0.0026249725 -0.0274018738 0.9996210337
-198.6 246.5 1868.7 0.1270565689 -0.8757888675 -0.4656720161 0.9918631315 0.1083883494 0.0667796358 -0.0080114417 -0.4703676999 0.8824341297
-232.7 -19.9 1870.8 0.0214204956 -0.8757440448 -0.4823002517 0.9596071243 0.1533697397 -0.2358642071 0.2805269361 -0.4577664137 0.8436554670
86.4 245.5 1869.4 0.3915339410 0.8855252266 0.2500923872 -0.4492408633 0.4211563468 -0.7879149318 -0.8030465841 0.1961437315 0.5627111197
171.9 147.4 1694.0 -0.4223746061 0.8855252266 0.1935064197 0.9056376219 0.4211563468 0.0494751111 -0.0376850031 0.1961437315 -0.9798507690
-147.8 -145.2 1878.9 0.9932325482 0.0024094782 -0.1161177754 -0.0211619847 0.9868031144 -0.1605360657 0.1141985729 0.1619069278 0.9801759124
-148.8 -531.8 1815.5 0.9934549928 0.0000000000 -0.1142241508 0.0000000000 1.0000000000 0.0000000000 0.1142241508 0.0000000000 0.9934549928
32.9 -145.8 1879.9 0.9305366874 -0.0597020201 -0.3612992465 0.0276067033 0.9952499866 -0.0933558121 0.3651566207 0.0768967271 0.9277648330
56.3 -535.7 1849.8 0.9308914542 0.0000000000 -0.3652958274 0.0000000000 1.0000000000 0.0000000000 0.3652958274 0.0000000000 0.9308914542
-238.7 -290.2 1791.8 0 0 0 0 0 0 0 0 0
68.4 369.3 1684.7 0 0 0 0 0 0 0 0 0
-148.8 -908.4 1815.5 0 0 0 0 0 0 0 0 0
56.3 -912.4 1849.8 0 0 0 0 0 0 0 0 0
-54.6 444.4 1862.7 44 0.9999616742 -0.0001424008 -0.0087505430 0.0004109056 0.9995288849 0.0306902211 0.0087420503 -0.0306926426 0.9994906187
-54.6 246.8 1868.8 0.9999616742 -0.0001424008 -0.0087505430 0.0004109056 0.9995288849 0.0306902211 0.0087420503 -0.0306926426 0.9994906187
-54.7 51.0 1874.2 0.9999613762 0.0008264118 -0.0087515190 -0.0005824934 0.9996122718 0.0278375112 0.0087711317 -0.0278313383 0.9995741248
-197.1 246.9 1867.5 0.1306342185 -0.8728043437 -0.4702630341 0.9913420677 0.1086535379 0.0737245232 -0.0132513391 -0.4758224785 0.8794414997
-232.3 -20.6 1871.1 0.0279539488 -0.8725637197 -0.4876998067 0.9593538642 0.1604804546 -0.2321339548 0.2808179557 -0.4613876641 0.8415834308
87.9 246.8 1870.0 0.3828048110 0.8884865642 0.2530852258 -0.4641199708 0.4218297899 -0.7788788676 -0.7987822890 0.1806966513 0.5738428235
171.7 145.2 1695.2 -0.4176966846 0.8884865642 0.1900556087 0.9064508677 0.4218297899 0.0201595556 -0.0622596256 0.1806966513 -0.9815663099
-147.9 -145.2 1879.5 0.9925528169 0.0064848945 -0.1216421798 -0.0257977210 0.9871221185 -0.1578746736 0.1190518811 0.1598370522 0.9799381495
-150.5 -531.9 1816.9 0.9928832650 0.0000000000 -0.1190915182 0.0000000000 1.0000000000 0.0000000000 0.1190915182 0.0000000000 0.9928832650
32.8 -145.8 1880.0 0.9283486605 -0.0622354299 -0.3664634824 0.0280334409 0.9947986007 -0.0979276597 0.3706519306 0.0806377828 0.9252646565
57.2 -535.5 1848.4 0.9287136793 0.0000000000 -0.3707976639 0.0000000000 1.0000000000 0.0000000000 0.3707976639 0.0000000000 0.9287136793
-240.2 -290.9 1792.0 0 0 0 0 0 0 0 0 0
68.7 368.7 1679.8 0 0 0 0 0 0 0 0 0
-150.5 -908.5 1816.9 0 0 0 0 0 0 0 0 0
57.2 -912.2 1848.4 0 0 0 0 0 0 0 0 0
-54.5 445.6 1862.5 45 0.9999569058 -0.0017474202 -0.0091152871 0.0020338304 0.9995014668 0.0315068178 0.0090556871 -0.0315239988 0.9994619489
-54.1 247.9 1868.7 0.9999569058 -0.0017474202 -0.0091152871 0.0020338304 0.9995014668 0.0315068178 0.0090556871 -0.0315239988 0.9994619489
-54.0 52.1 1874.2 0.9999582767 -0.0006881703 -0.0091107180 0.0009408243 0.9996142983 0.0277563464 0.0090881027 -0.0277637579 0.9995731711
-196.6 247.7 1867.4 0.1296390295 -0.8725785017 -0.4709570110 0.9915087819 0.1091913506 0.0706226081 -0.0101993354 -0.4761134386 0.8793247342
-231.7 -20.3 1870.2 0.0313138328 -0.8721653223 -0.4882079959 0.9603685141 0.1616053134 -0.2271034867 0.2769688070 -0.4617481232 0.8426606655
88.4 248.0 1870.0 0.3776998222 0.8870536685 0.2654780447 -0.4644444287 0.4295374751 -0.7744604349 -0.8010207415 0.1692137420 0.5742233992
171.3 146.0 1694.1 -0.4264347851 0.8870536685 0.1768872738 0.9027727842 0.4295374751 0.0223357081 -0.0561667457 0.1692137420 -0.9839776158
-145.3 -144.7 1878.9 0.9925090075 0.0108050071 -0.1216926873 -0.0298398621 0.9873530269 -0.1557034850 0.1184712648 0.1581684053 0.9802792072
-149.5 -531.4 1816.9 0.9929511547 0.0000000000 -0.1185240448 0.0000000000 1.0000000000 0.0000000000 0.1185240448 0.0000000000 0.9929511547
35.5 -144.8 1880.4 0.9288742542 -0.0548794195 -0.3663070798 0.0179079268 0.9944601655 -0.1035775393 0.3699620664 0.0896507055 0.9247112274
57.0 -534.3 1845.3 0.9290232062 0.0000000000 -0.3700214028 0.0000000000 1.0000000000 0.0000000000 0.3700214028 0.0000000000 0.9290232062
-240.5 -290.9 1792.2 0 0 0 0 0 0 0 0 0
67.1 366.7 1680.4 0 0 0 0 0 0 0 0 0
-149.5 -908.1 1816.9 0 0 0 0 0 0 0 0 0
57.0 -911.0 1845.3 0 0 0 0 0 0 0 0 0
-53.7 445.0 1863.9 46 0.9998914599 -0.0050951783 -0.0138235250 0.0054860013 0.9995820522 0.0283832960 0.0136731295 -0.0284560528 0.9995015264
-52.7 247.5 1869.5 0.9998914599 -0.0050951783 -0.0138235250 0.0054860013 0.9995820522 0.0283832960 0.0136731295 -0.0284560528 0.9995015264
-52.3 51.7 1874.6 0.9999026656 -0.0019374022 -0.0138149550 0.0022954263 0.9996606708 0.0259471051 0.0137599977 -0.0259762928 0.9995678663
-195.2 247.2 1867.5 0.1381361485 -0.8697140217 -0.4738311172 0.9903184175 0.1146691740 0.0782333240 -0.0137067996 -0.4800505042 0.8771337271
-232.2 -18.3 1871.2 0.0184417348 -0.8697352409 -0.4931738973 0.9580319524 0.1565005630 -0.2401714474 0.2860675752 -0.4680471718 0.8361203074
89.8 247.8 1871.5 0.3702448308 0.8835427165 0.2868293226 -0.4373539686 0.4382075071 -0.7852997780 -0.8195366263 0.1653072238 0.5486649871
171.2 151.7 1691.4 -0.4397362769 0.8835427165 0.1611964852 0.8976511955 0.4382075071 0.0468667336 -0.0292287488 0.1653072238 -0.9858089089
-144.2 -143.8 1878.8 0.9918562174 0.0185555816 -0.1260038167 -0.0380484350 0.9873210788 -0.1541084945 0.1215466484 0.1576477140 0.9799865484
