139.1 485.9 2225.9 3 0.9979757071 -0.0566871166 -0.0288284849 0.0531007871 0.9921988249 -0.1127910316 0.0349973850 0.1110318899 0.9932004213
152.3 254.8 2200.0 0.9979757071 -0.0566871166 -0.0288284849 0.0531007871 0.9921988249 -0.1127910316 0.0349973850 0.1110318899 0.9932004213
138.3 56.7 2192.7 0.9970935583 0.0707444102 -0.0282780156 -0.0717144758 0.9968143106 -0.0349034816 0.0257187057 0.0368299820 0.9989905357
6.7 265.3 2196.3 0.4447029829 -0.5820164680 -0.6808054447 0.0772491321 0.7821910381 -0.6182311773 0.8923406601 0.2223376185 0.3928029537
-94.4 247.7 1993.5 -0.8131755590 -0.5820164680 -0.0015249015 -0.5603505969 0.7821910381 0.2723681629 -0.1573299915 0.2223376185 -0.9621918797
298.0 244.3 2203.8 0.4266464114 0.4478492141 0.7857505679 -0.8993928432 0.1186310351 0.4207364619 0.0952120945 -0.8862041235 0.4534058869
399.5 30.4 2226.4 -0.5755660534 0.4478492141 0.6842183471 -0.7202346921 0.1186310351 -0.6835120320 -0.3872798383 -0.8862041235 0.2542765439
33.4 -137.1 2183.8 0.9980850816 0.0406802110 0.0465971418 -0.0489003398 0.9802453518 0.1916450560 -0.0378804691 -0.1935566962 0.9803575277
17.3 -526.5 2260.8 0.9988574386 0.0204700194 0.0431837402 -0.0252162199 0.9933435917 0.1123952493 -0.0405955575 -0.1133557558 0.9927247763
216.4 -149.6 2188.3 0.9856767058 0.0788095668 -0.1490987837 -0.0683819056 0.9949240685 0.0738240927 0.1541600227 -0.0625710338 0.9860626459
185.1 -545.0 2213.1 0.9888507724 -0.0293229446 -0.1459942162 0.0459139124 0.9926916361 0.1116028130 0.1416547149 -0.1170616895 0.9829702377
112.2 390.1 2033.4 0 0 0 0 0 0 0 0 0
249.9 -156.7 2125.8 0 0 0 0 0 0 0 0 0
9.5 -905.7 2304.0 0 0 0 0 0 0 0 0 0
196.3 -924.2 2257.9 0 0 0 0 0 0 0 0 0
140.4 485.8 2226.8 4 0.9974015951 -0.0677077547 -0.0246105753 0.0642917454 0.9906920195 -0.1199826673 0.0325052589 0.1180886477 0.9924709201
156.3 252.9 2199.1 0.9974015951 -0.0677077547 -0.0246105753 0.0642917454 0.9906920195 -0.1199826673 0.0325052589 0.1180886477 0.9924709201
139.7 55.0 2191.3 0.9962337613 0.0833324939 -0.0239591133 -0.0841862708 0.9957569242 -0.0371590815 0.0207608938 0.0390361585 0.9990221262
10.8 265.2 2196.0 0.4744727015 -0.6042228937 -0.6401486993 0.0752075464 0.7523845434 -0.6544167399 0.8770515919 0.2623588741 0.4024280608
-98.4 247.9 1994.2 -0.7957475185 -0.6042228937 -0.0412383564 -0.5868070126 0.7523845434 0.2992908061 -0.1498112530 0.2623588741 -0.9532703757
301.8 240.6 2202.1 0.4289510548 0.4630207121 0.7756370306 -0.8962384462 0.1107804179 0.4295163751 0.1129495874 -0.8793972731 0.4624963403
400.9 33.6 2228.2 -0.5665018559 0.4630207121 0.6816799045 -0.7260704041 0.1107804179 -0.6786379814 -0.3897402287 -0.8793972731 0.2734283209
32.8 -134.8 2183.0 0.9978964329 0.0361275002 0.0538288504 -0.0458770506 0.9802010655 0.1926165968 -0.0458043441 -0.1946809292 0.9797965884
18.4 -524.3 2260.4 0.9985213876 0.0205739718 0.0503163449 -0.0256580710 0.9943936467 0.1025811061 -0.0479237549 -0.1037204489 0.9934512377
215.7 -147.9 2187.7 0.9866581559 0.0775759816 -0.1431350410 -0.0670253262 0.9947661757 0.0771220848 0.1483687311 -0.0664994568 0.9866937399
184.8 -543.3 2214.2 0.9895221591 -0.0317215584 -0.1408532113 0.0468739420 0.9933036566 0.1055969298 0.1365603060 -0.1110928431 0.9843828678
105.2 398.0 2032.6 0 0 0 0 0 0 0 0 0
253.7 -155.1 2126.9 0 0 0 0 0 0 0 0 0
10.6 -904.0 2300.0 0 0 0 0 0 0 0 0 0
197.0 -922.8 2256.6 0 0 0 0 0 0 0 0 0
141.3 485.4 2220.8 5 0.9971551895 -0.0728027374 -0.0195272509 0.0707726032 0.9934404492 -0.0898185298 0.0259381961 0.0881810188 0.9957666993
158.4 251.9 2200.1 0.9971551895 -0.0728027374 -0.0195272509 0.0707726032 0.9934404492 -0.0898185298 0.0259381961 0.0881810188 0.9957666993
139.7 54.4 2189.3 0.9953730106 0.0941629037 -0.0191282164 -0.0950528234 0.9940768480 -0.0526892245 0.0140535478 0.0542636216 0.9984277487
13.0 265.8 2198.0 0.4915312529 -0.6285129189 -0.6028005481 0.0853200853 0.7236152291 -0.6849098206 0.8666703701 0.2852236032 0.4093042910
-102.3 245.7 1994.6 -0.7736101747 -0.6285129189 -0.0806150213 -0.6195868850 0.7236152291 0.3041267991 -0.1328133643 0.2852236032 -0.9492144585
303.8 238.0 2202.1 0.4190041721 0.4708386362 0.7763674855 -0.9010500908 0.1101459861 0.4194956124 0.1120009869 -0.8753164411 0.4704008400
400.2 30.8 2227.9 -0.5644109845 0.4708386362 0.6780495644 -0.7249506116 0.1101459861 -0.6799371243 -0.3948251307 -0.8753164411 0.2791671455
31.8 -135.1 2181.6 0.9975274205 0.0334847234 0.0617883056 -0.0450178012 0.9795868993 0.1959156096 -0.0539668351 -0.1982127726 0.9786722064
18.5 -524.4 2260.4 0.9978881478 0.0285048801 0.0583674647 -0.0344194360 0.9940882921 0.1029748023 -0.0550871268 -0.1047663093 0.9929699898
214.6 -150.6 2185.5 0.9880467057 0.0744663253 -0.1349757463 -0.0626826435 0.9940081239 0.0895475745 0.1408352703 -0.0800165460 0.9867941737
185.0 -545.6 2217.3 0.9907940030 -0.0202241186 -0.1338588297 0.0343730599 0.9939569831 0.1042495221 0.1309415698 -0.1078909412 0.9855018258
95.1 403.9 2028.5 0 0 0 0 0 0 0 0 0
253.5 -157.6 2125.3 0 0 0 0 0 0 0 0 0
7.6 -904.2 2300.4 0 0 0 0 0 0 0 0 0
192.7 -925.4 2258.5 0 0 0 0 0 0 0 0 0
140.3 483.2 2215.8 6 0.9971369505 -0.0739059374 -0.0159948338 0.0727091208 0.9951918721 -0.0656237081 0.0207679104 0.0642728508 0.9977162480
157.1 256.8 2201.2 0.9971369505 -0.0739059374 -0.0159948338 0.0727091208 0.9951918721 -0.0656237081 0.0207679104 0.0642728508 0.9977162480
139.5 59.2 2190.3 0.9959454536 0.0885418281 -0.0159053523 -0.0892734155 0.9945715070 -0.0534585156 0.0110856956 0.0546616912 0.9984433651
11.6 269.8 2199.5 0.5078659654 -0.6316945553 -0.5856911540 0.1152271181 0.7236065269 -0.6805264950 0.8536947966 0.2781287730 0.4402834773
-109.5 242.4 1996.0 -0.7686058283 -0.6316945553 -0.1010302156 -0.6313673854 0.7236065269 0.2788706124 -0.1030549332 0.2781287730 -0.9549995065
302.6 243.8 2202.8 0.3992484212 0.4650017619 0.7901734114 -0.9117267132 0.1104403585 0.3956732452 0.0967217162 -0.8783941269 0.4680476785
397.9 26.0 2225.9 -0.5743992925 0.4650017619 0.6736755967 -0.7173686624 0.1104403585 -0.6878845096 -0.3942684829 -0.8783941269 0.2701408267
29.7 -134.4 2177.2 0.9975603223 0.0277063288 0.0640760437 -0.0409625620 0.9755576253 0.2158920318 -0.0565282963 -0.2179900557 0.9743125439
18.7 -522.0 2263.9 0.9976602197 0.0324836262 0.0601572916 -0.0380357355 0.9948853850 0.0935756415 -0.0568099320 -0.0956448168 0.9937930703
212.3 -151.8 2179.8 0.9889032245 0.0688062087 -0.1316666603 -0.0555565916 0.9932537079 0.1017867848 0.1377819628 -0.0933423266 0.9860544205
184.9 -546.5 2216.9 0.9909026623 -0.0265360996 -0.1319382191 0.0396588333 0.9944105744 0.0978508592 0.1286041886 -0.1021931991 0.9864165187
84.5 401.7 2022.0 0 0 0 0 0 0 0 0 0
248.7 -160.4 2123.4 0 0 0 0 0 0 0 0 0
6.3 -902.1 2300.4 0 0 0 0 0 0 0 0 0
195.1 -926.5 2255.9 0 0 0 0 0 0 0 0 0
143.0 487.7 2214.3 7 0.9994168282 -0.0323245078 -0.0110047534 0.0316853747 0.9980383515 -0.0539950803 0.0127285309 0.0536149032 0.9984805584
149.9 274.0 2202.8 0.9994168282 -0.0323245078 -0.0110047534 0.0316853747 0.9980383515 -0.0539950803 0.0127285309 0.0536149032 0.9984805584
139.6 76.0 2192.8 0.9985857010 0.0520230308 -0.0109618753 -0.0525055490 0.9973855019 -0.0496515483 0.0083501916 0.0501568876 0.9987064600
4.1 281.7 2201.6 0.5037963986 -0.6366264224 -0.5838630199 0.1688548028 0.7354451418 -0.6562076807 0.8471583724 0.2320069671 0.4780120254
-116.4 241.3 1998.8 -0.7635361552 -0.6366264224 -0.1082559675 -0.6433534622 0.7354451418 0.2126423568 -0.0557574220 0.2320069671 -0.9711147547
295.7 266.4 2204.0 0.3951607645 0.4631214440 0.7933261991 -0.9138467908 0.1103377119 0.3907807767 0.0934451669 -0.8793998361 0.4668231905
398.5 28.7 2228.3 -0.5799379349 0.4631214440 0.6702167988 -0.7125915289 0.1103377119 -0.6928483844 -0.3948231339 -0.8793998361 0.2660273910
30.6 -130.2 2178.4 0.9980031848 0.0229587369 0.0588438436 -0.0345385149 0.9783480763 0.2040640563 -0.0528847091 -0.2056889534 0.9771874547
21.4 -519.0 2260.2 0.9969674945 0.0539130606 0.0561178140 -0.0593668967 0.9931592941 0.1005493402 -0.0503130034 -0.1035759598 0.9933481812
213.2 -146.6 2180.5 0.9888806343 0.0687424839 -0.1318697035 -0.0540987514 0.9922812581 0.1115849316 0.1385224611 -0.1032101884 0.9849665761
185.9 -540.9 2221.5 0.9905479550 -0.0204443634 -0.1356349289 0.0279739928 0.9981575608 0.0538422130 0.1342842579 -0.0571275428 0.9892947674
74.6 402.3 2012.8 0 0 0 0 0 0 0 0 0
247.8 -156.5 2125.7 0 0 0 0 0 0 0 0 0
0.9 -898.4 2299.7 0 0 0 0 0 0 0 0 0
193.7 -922.0 2243.3 0 0 0 0 0 0 0 0 0
146.5 486.9 2213.5 8 0.9999223948 0.0072096637 -0.0101603223 -0.0075768684 0.9993020892 -0.0365784392 0.0098895123 0.0366525836 0.9992791414
145.0 278.0 2205.9 0.9999223948 0.0072096637 -0.0101603223 -0.0075768684 0.9993020892 -0.0365784392 0.0098895123 0.0366525836 0.9992791414
138.3 79.8 2194.4 0.9993720055 0.0338154510 -0.0105863577 -0.0343682133 0.9977642894 -0.0573174693 0.0086244727 0.0576453060 0.9982998967
-0.9 283.0 2204.6 0.4886793494 -0.6524358988 -0.5792407990 0.1745405346 0.7236006856 -0.6677856445 0.8548263311 0.2252320498 0.4674852192
-117.4 241.4 2001.0 -0.7479224801 -0.6524358988 -0.1222269610 -0.6627332568 0.7236006856 0.1928384155 -0.0373711847 0.2252320498 -0.9735881686
290.9 273.0 2207.1 0.4386268556 0.4596849084 0.7722022533 -0.8922606707 0.1203293353 0.4351916015 0.1071324199 -0.8798924088 0.4629384279
402.5 46.0 2234.4 -0.5339727402 0.4596849084 0.7096216679 -0.7542316318 0.1203293353 -0.6454886198 -0.3821096718 -0.8798924088 0.2824563086
37.7 -117.2 2182.1 0.9978065491 0.0380609110 0.0541618504 -0.0471578687 0.9828862548 0.1780752242 -0.0464572310 -0.1802387834 0.9825251698
22.6 -507.7 2253.7 0.9971285462 0.0548795238 0.0521809123 -0.0612000562 0.9898243546 0.1284614503 -0.0446000360 -0.1312860548 0.9903407693
220.8 -126.9 2183.6 0.9867820740 0.0891389176 -0.1353345811 -0.0775573105 0.9930457473 0.0885720477 0.1422886550 -0.0769051239 0.9868330956
185.4 -521.3 2214.1 0.9905521274 -0.0219511315 -0.1353686750 0.0341135152 0.9955191612 0.0881920531 0.1328262091 -0.0919767246 0.9868624210
72.8 409.9 2010.5 0 0 0 0 0 0 0 0 0
264.0 -149.6 2135.3 0 0 0 0 0 0 0 0 0
1.7 -885.7 2303.8 0 0 0 0 0 0 0 0 0
193.8 -901.3 2249.3 0 0 0 0 0 0 0 0 0
145.2 486.7 2210.1 9 0.9999163151 0.0122913988 -0.0040414152 -0.0123772202 0.9996825457 -0.0219445769 0.0037704029 0.0219927616 0.9997510314
142.7 279.0 2205.6 0.9999163151 0.0122913988 -0.0040414152 -0.0123772202 0.9996825457 -0.0219445769 0.0037704029 0.0219927616 0.9997510314
136.7 80.8 2194.1 0.9995366335 0.0300583635 -0.0047920193 -0.0302839354 0.9978947639 -0.0573494993 0.0030580990 0.0574680492 0.9983426332
-3.3 283.5 2205.1 0.4999035895 -0.6436609626 -0.5794799328 0.1576921344 0.7255438566 -0.6698651314 0.8516041040 0.2434885502 0.4642022550
-121.5 246.2 2003.8 -0.7530108690 -0.6436609626 -0.1366572976 -0.6572193503 0.7255438566 0.2040803581 -0.0322076976 0.2434885502 -0.9693688750
288.7 274.6 2206.0 0.4668702781 0.4790697992 0.7433197498 -0.8737959862 0.1205820367 0.4711056948 0.1360615045 -0.8694550395 0.4749054313
404.1 58.6 2239.6 -0.4944781661 0.4790697992 0.7252471447 -0.7813255787 0.1205820367 -0.6123645306 -0.3808171451 -0.8694550395 0.3146843016
39.9 -115.2 2182.1 0.9973065853 0.0440619327 0.0586355217 -0.0535418577 0.9837394357 0.1714350432 -0.0501283146 -0.1741127521 0.9834489822
22.4 -506.0 2251.3 0.9969587326 0.0532846563 0.0568686500 -0.0604532026 0.9892899394 0.1328565925 -0.0491803661 -0.1358904392 0.9895024300
223.2 -121.5 2183.7 0.9871971607 0.0951434225 -0.1280215979 -0.0809235349 0.9904037118 0.1120350957 0.1374524683 -0.1002407670 0.9854230881
185.4 -514.9 2223.5 0.9905902743 -0.0228540320 -0.1349393874 0.0279201921 0.9989699125 0.0357714780 0.1339828670 -0.0392024107 0.9902079105
72.9 415.8 2012.1 0 0 0 0 0 0 0 0 0
275.8 -144.0 2140.9 0 0 0 0 0 0 0 0 0
2.1 -884.0 2303.2 0 0 0 0 0 0 0 0 0
194.1 -895.9 2238.5 0 0 0 0 0 0 0 0 0
147.4 488.0 2205.0 0 0.9996629357 0.0255737267 -0.0044709225 -0.0255519263 0.9996616244 0.0048669558 0.0045938762 -0.0047510746 0.9999781847
142.1 279.4 2205.9 0.9996629357 0.0255737267 -0.0044709225 -0.0255519263 0.9996616244 0.0048669558 0.0045938762 -0.0047510746 0.9999781847
135.9 81.2 2193.8 0.9994865656 0.0314051621 -0.0063513373 -0.0317347683 0.9976302385 -0.0610475726 0.0044190772 0.0612177849 0.9981146455
-3.9 284.1 2205.3 0.5169942975 -0.6359713078 -0.5729375482 0.1513104290 0.7266860008 -0.6700989604 0.8425093889 0.2597459257 0.4719216228
-125.2 248.6 2007.7 -0.7573382258 -0.6359713078 -0.1482540965 -0.6523710489 0.7266860008 0.2152660787 -0.0291688740 0.2597459257 -0.9652363658
288.1 274.8 2206.6 0.4673703313 0.4943231940 0.7329457998 -0.8720272779 0.1214428768 0.4741519094 0.1453732252 -0.8607532978 0.4878221154
403.1 60.2 2242.4 -0.4710129797 0.4943231940 0.7306102514 -0.7948172092 0.1214428768 -0.5945731401 -0.3826387227 -0.8607532978 0.3356953859
39.1 -114.7 2182.4 0.9977084994 0.0363880806 0.0570407398 -0.0450320132 0.9863404632 0.1584444195 -0.0504961014 -0.1606500000 0.9857189059
24.6 -506.6 2246.3 0.9961656928 0.0661770627 0.0572228469 -0.0747367218 0.9837253094 0.1633982211 -0.0454783477 -0.1670483500 0.9848992825
222.4 -120.2 2183.0 0.9871886969 0.0950157195 -0.1281812638 -0.0796207488 0.9895387292 0.1203064620 0.1382713318 -0.1085592955 0.9844266772
184.6 -513.4 2226.1 0.9898785353 -0.0307723414 -0.1385408789 0.0313732736 0.9995054007 0.0021553827 0.1384060383 -0.0064800479 0.9903543591
71.9 418.4 2015.3 0 0 0 0 0 0 0 0 0
280.9 -146.0 2143.1 0 0 0 0 0 0 0 0 0
-0.6 -882.2 2310.1 0 0 0 0 0 0 0 0 0
196.4 -894.8 2228.6 0 0 0 0 0 0 0 0 0
148.0 489.1 2202.9 1 0.9996064305 0.0279893409 0.0018789524 -0.0280056149 0.9995647073 0.0092797307 -0.0016184009 -0.0093286997 0.9999551773
142.2 280.2 2204.8 0.9996064305 0.0279893409 0.0018789524 -0.0280056149 0.9995647073 0.0092797307 -0.0016184009 -0.0093286997 0.9999551773
136.1 81.9 2193.5 0.9995371103 0.0304226093 -0.0000524139 -0.0303765256 0.9979252815 -0.0567664243 -0.0016746777 0.0567417443 0.9983874559
-3.8 284.6 2205.1 0.5441129804 -0.6303593516 -0.5537040234 0.1513859928 0.7228770256 -0.6741891503 0.8252413869 0.2830120325 0.4887543619
-128.9 249.8 2015.4 -0.7586091757 -0.6303593516 -0.1648003459 -0.6509908438 0.7228770256 0.2316456735 -0.0268896278 0.2830120325 -0.9587393403
288.2 275.7 2204.6 0.4733782411 0.4953421950 0.7283880115 -0.8665069342 0.1131991297 0.4861601591 0.1583627462 -0.8612909317 0.4828034639
404.3 63.2 2243.4 -0.4681801498 0.4953421950 0.7317399979 -0.8003713489 0.1131991297 -0.5887203813 -0.3744503856 -0.8612909317 0.3434601128
38.0 -114.1 2181.2 0.9975037575 0.0318678245 0.0630135089 -0.0418650508 0.9855186939 0.1643172801 -0.0568645634 -0.1665451676 0.9843927622
25.3 -505.7 2247.4 0.9954510331 0.0715083182 0.0629584938 -0.0809251070 0.9833648205 0.1626185477 -0.0502825901 -0.1669737250 0.9846783280
221.3 -119.9 2182.0 0.9877677560 0.0959475711 -0.1229183748 -0.0815865099 0.9897781014 0.1169742048 0.1328853071 -0.1055148691 0.9854989052
183.2 -513.2 2223.9 0.9904956222 -0.0367473625 -0.1325445771 0.0383559279 0.9992179871 0.0096024284 0.1320880651 -0.0145950336 0.9911305308
70.1 420.5 2022.4 0 0 0 0 0 0 0 0 0
282.7 -144.6 2146.2 0 0 0 0 0 0 0 0 0
-2.0 -881.4 2311.2 0 0 0 0 0 0 0 0 0
197.2 -894.8 2229.5 0 0 0 0 0 0 0 0 0
147.2 490.6 2201.3 2 0.9995281100 0.0306987818 0.0010606272 -0.0307117663 0.9994020462 0.0158850197 -0.0005723422 -0.0159100983 0.9998732805
140.7 279.8 2204.7 0.9995281100 0.0306987818 0.0010606272 -0.0307117663 0.9994020462 0.0158850197 -0.0005723422 -0.0159100983 0.9998732805
135.3 81.5 2192.9 0.9996228814 0.0274380278 -0.0011211680 -0.0274563376 0.9978761673 -0.0590701066 -0.0005019804 0.0590786152 0.9982532263
-5.3 283.8 2204.7 0.5747855902 -0.6223615408 -0.5313075185 0.1305407286 0.7107013464 -0.6912761927 0.8078246713 0.3279783130 0.4897443950
-135.3 254.3 2022.0 -0.7584290504 -0.6223615408 -0.1935240328 -0.6511455178 0.7107013464 0.2662951946 -0.0281940904 0.3279783130 -0.9442644119
286.8 275.8 2204.6 0.4880827367 0.4846427143 0.7258765101 -0.8581039310 0.1144961566 0.5005479455 0.1594768465 -0.8671863079 0.4717574418
405.9 66.3 2243.5 -0.4679618180 0.4846427143 0.7390082479 -0.8036511540 0.1144961566 -0.5839823484 -0.3676364124 -0.8671863079 0.3359038532
38.4 -113.6 2182.4 0.9973992109 0.0378127471 0.0613594986 -0.0474166647 0.9854023457 0.1635048240 -0.0542812273 -0.1659890562 0.9846324921
23.4 -505.2 2248.4 0.9964945316 0.0565949827 0.0616089590 -0.0663526803 0.9832012057 0.1700373888 -0.0509507395 -0.1735292375 0.9835098386
221.8 -119.2 2182.1 0.9873170257 0.0980298966 -0.1248810589 -0.0843941644 0.9903237820 0.1101652533 0.1344721764 -0.0982287973 0.9860366583
182.8 -512.7 2221.1 0.9904003739 -0.0368676260 -0.1332210749 0.0399196781 0.9989964366 0.0203108750 0.1323385686 -0.0254340414 0.9908782244
65.9 427.0 2029.5 0 0 0 0 0 0 0 0 0
284.3 -142.4 2148.0 0 0 0 0 0 0 0 0 0
1.8 -880.8 2314.7 0 0 0 0 0 0 0 0 0
196.9 -894.3 2230.9 0 0 0 0 0 0 0 0 0
149.0 493.3 2201.5 3 0.9988936186 0.0465176478 0.0069016004 -0.0466121547 0.9988117218 0.0142305186 -0.0062314286 -0.0145364720 0.9998749495
138.9 277.1 2204.7 0.9988936186 0.0465176478 0.0069016004 -0.0466121547 0.9988117218 0.0142305186 -0.0062314286 -0.0145364720 0.9998749495
133.7 79.0 2190.2 0.9996501803 0.0261859857 0.0037190686 -0.0258441456 0.9969872236 -0.0731336623 -0.0056229411 0.0730119646 0.9973152280
-7.2 280.8 2205.5 0.6180454493 -0.6084188819 -0.4978415966 0.1287540644 0.7030601501 -0.6993774772 0.7755270600 0.3681479394 0.5128595233
-147.3 251.6 2029.6 -0.7564267516 -0.6084188819 -0.2400936931 -0.6540775895 0.7030601501 0.2790858746 -0.0010008140 0.3681479394 -0.9297667146
284.9 273.3 2203.9 0.5055095553 0.4722275138 0.7221227288 -0.8474698663 0.1145743579 0.5183314681 0.1620336324 -0.8739988208 0.4581170082
406.8 69.0 2242.9 -0.4502572119 0.4722275138 0.7578057647 -0.8210542202 0.1145743579 -0.5592340231 -0.3509107828 -0.8739988208 0.3361364603
38.1 -114.3 2181.2 0.9973064065 0.0318540186 0.0660699680 -0.0419684350 0.9865708351 0.1578499973 -0.0601545498 -0.1601976752 0.9852502942
25.5 -506.3 2244.9 0.9955503941 0.0662194416 0.0670404956 -0.0778300092 0.9789176583 0.1888457984 -0.0531218648 -0.1932232678 0.9797157049
221.5 -119.3 2181.1 0.9880307317 0.0986071452 -0.1186248660 -0.0851392075 0.9898608327 0.1136961952 0.1286333650 -0.1022357121 0.9864082932
182.3 -512.7 2221.8 0.9911260009 -0.0398867391 -0.1268000305 0.0435975231 0.9986943603 0.0266244225 0.1255725026 -0.0319163240 0.9915709496
55.5 427.0 2029.9 0 0 0 0 0 0 0 0 0
289.8 -144.2 2151.8 0 0 0 0 0 0 0 0 0
0.2 -880.3 2318.7 0 0 0 0 0 0 0 0 0
197.6 -894.2 2234.0 0 0 0 0 0 0 0 0 0
149.0 492.1 2194.2 4 0.9984521270 0.0546532273 0.0103131980 -0.0550970547 0.9972652793 0.0492577031 -0.0075929011 -0.0497496873 0.9987328649
137.2 276.5 2204.9 0.9984521270 0.0546532273 0.0103131980 -0.0550970547 0.9972652793 0.0492577031 -0.0075929011 -0.0497496873 0.9987328649
133.2 78.4 2189.8 0.9997798204 0.0202215128 0.0056073531 -0.0197367296 0.9969067574 -0.0760751292 -0.0071283625 0.0759477094 0.9970863461
-8.9 279.4 2205.9 0.6537061930 -0.5974149704 -0.4645035565 0.1280085444 0.6922655702 -0.7101987004 0.7458431721 0.4048008621 0.5290125012
-155.8 250.6 2038.3 -0.7526784539 -0.5974149704 -0.2767137587 -0.6582213044 0.6922655702 0.2958261669 0.0148284091 0.4048008621 -0.9142846465
283.2 273.6 2203.9 0.5068785548 0.4593360722 0.7294412255 -0.8483091593 0.1154904589 0.5167528391 0.1531197131 -0.8807226419 0.4481986463
406.5 67.3 2241.1 -0.4394979179 0.4593360722 0.7719144821 -0.8320899606 0.1154904589 -0.5424833894 -0.3383309245 -0.8807226419 0.3314511180
36.8 -116.8 2176.2 0.9972945452 0.0299399868 0.0671360120 -0.0414174944 0.9833937287 0.1766957045 -0.0607308634 -0.1789982617 0.9819732308
24.9 -507.5 2247.3 0.9959406853 0.0596177429 0.0674376339 -0.0712955147 0.9798250198 0.1867081076 -0.0549459681 -0.1907581985 0.9800980687
220.1 -121.5 2175.2 0.9889947772 0.0926753506 -0.1153282300 -0.0765196010 0.9875572324 0.1373881251 0.1266257167 -0.1270512640 0.9837804437
183.3 -513.8 2225.6 0.9915560484 -0.0329100676 -0.1254335493 0.0357189327 0.9991574883 0.0202097595 0.1246627644 -0.0245194621 0.9918961525
48.1 428.9 2034.3 0 0 0 0 0 0 0 0 0
292.4 -148.8 2153.2 0 0 0 0 0 0 0 0 0
2.1 -881.9 2320.2 0 0 0 0 0 0 0 0 0
195.9 -895.6 2235.0 0 0 0 0 0 0 0 0 0
148.4 492.4 2190.5 5 0.9977815151 0.0654802024 0.0120185846 -0.0661273375 0.9956806302 0.0651706532 -0.0076992842 -0.0658208281 0.9978017807
134.3 277.0 2204.7 0.9977815151 0.0654802024 0.0120185846 -0.0661273375 0.9956806302 0.0651706532 -0.0076992842 -0.0658208281 0.9978017807
131.8 78.9 2189.0 0.9999009967 0.0125490604 0.0063650552 -0.0120058721 0.9967871308 -0.0791915208 -0.0073383842 0.0791072622 0.9968391061
-11.8 278.7 2205.8 0.6731550694 -0.5924019217 -0.4426310062 0.1262841374 0.6818490624 -0.7205096483 0.7286388278 0.4291174710 0.5338011384
-161.4 250.7 2043.9 -0.7504520416 -0.5924019217 -0.2930558324 -0.6607779264 0.6818490624 0.3137744069 0.0139393006 0.4291174710 -0.9031411409
280.3 275.2 2203.6 0.5103762150 0.4523749352 0.7313501835 -0.8463003635 0.1132888496 0.5205202103 0.1526164711 -0.8846030831 0.4406650066
405.1 68.2 2241.0 -0.4229356647 0.4523749352 0.7851638794 -0.8460143209 0.1132888496 -0.5209850669 -0.3246308863 -0.8846030831 0.3348017633
37.4 -117.8 2175.4 0.9974142909 0.0276116785 0.0663496107 -0.0398068689 0.9809415340 0.1901819557 -0.0598338433 -0.1923313737 0.9795042276
26.5 -507.6 2251.8 0.9950910211 0.0743156448 0.0653534085 -0.0837525874 0.9841855168 0.1560907662 -0.0527198911 -0.1607980281 0.9855782986
220.8 -121.5 2174.1 0.9882500768 0.0999877304 -0.1156038120 -0.0834602267 0.9866424799 0.1398964524 0.1280475557 -0.1286043525 0.9833945036
181.1 -513.5 2225.2 0.9904785156 -0.0506199151 -0.1280233860 0.0517692268 0.9986430407 0.0056636576 0.1275629550 -0.0122374026 0.9917549491
42.9 430.5 2040.1 0 0 0 0 0 0 0 0 0
295.3 -151.5 2156.6 0 0 0 0 0 0 0 0 0
-1.9 -883.5 2313.2 0 0 0 0 0 0 0 0 0
200.4 -895.0 2229.8 0 0 0 0 0 0 0 0 0
148.7 490.8 2190.1 6 0.9974576235 0.0686628297 0.0190697554 -0.0697707236 0.9954258204 0.0652649775 -0.0145012476 -0.0664295554 0.9976857305
133.9 276.0 2204.4 0.9974576235 0.0686628297 0.0190697554 -0.0697707236 0.9954258204 0.0652649775 -0.0145012476 -0.0664295554 0.9976857305
131.6 77.9 2188.5 0.9998447895 0.0116807539 0.0131885698 -0.0105813174 0.9966936707 -0.0805590078 -0.0140859541 0.0804069564 0.9966625571
-12.1 277.5 2206.5 0.7008201480 -0.5764872432 -0.4201351702 0.1090736538 0.6686463356 -0.7355372310 0.7049496770 0.4696536362 0.5314803720
-171.1 252.8 2046.6 -0.7559532523 -0.5764872432 -0.3101567030 -0.6546130180 0.6686463356 0.3526951373 0.0040608817 0.4696536362 -0.8828414083
280.0 274.5 2202.4 0.5120420456 0.4482461512 0.7327266335 -0.8446256518 0.1075552106 0.5244419575 0.1562705338 -0.8874160647 0.4336729944
404.0 69.9 2240.2 -0.4101171196 0.4482461512 0.7942790985 -0.8573456407 0.1075552106 -0.5033788681 -0.3110665083 -0.8874160647 0.3401916623
37.6 -118.1 2173.9 0.9970227480 0.0251824129 0.0728797168 -0.0391345918 0.9796472192 0.1968750507 -0.0664386228 -0.1991410255 0.9777160883
27.6 -507.4 2253.1 0.9935078621 0.0884488374 0.0715469420 -0.0982832089 0.9840543866 0.1482477039 -0.0572937466 -0.1543171257 0.9863587618
221.0 -120.3 2172.6 0.9890977740 0.0977391303 -0.1101485342 -0.0833348483 0.9881960154 0.1285455823 0.1214122772 -0.1179649383 0.9855675101
182.1 -512.9 2219.5 0.9918366671 -0.0467356183 -0.1186414957 0.0515044034 0.9979703426 0.0374506228 0.1166504174 -0.0432554595 0.9922306538
34.5 430.8 2045.5 0 0 0 0 0 0 0 0 0
297.5 -152.8 2159.4 0 0 0 0 0 0 0 0 0
-6.2 -883.2 2312.0 0 0 0 0 0 0 0 0 0
200.0 -894.1 2236.0 0 0 0 0 0 0 0 0 0
146.7 491.3 2189.4 7 0.9976606965 0.0665717646 0.0155350640 -0.0674748048 0.9954321384 0.0675430521 -0.0109676411 -0.0684332773 0.9975954294
132.3 276.4 2204.2 0.9976606965 0.0665717646 0.0155350640 -0.0674748048 0.9954321384 0.0675430521 -0.0109676411 -0.0684332773 0.9975954294
130.9 78.2 2189.3 0.9999212027 0.0072566303 0.0102418428 -0.0064649926 0.9971386790 -0.0753168538 -0.0107590845 0.0752447098 0.9971070290
-13.8 277.3 2205.8 0.7262135744 -0.5587893128 -0.4004601538 0.0997525901 0.6619993448 -0.7428366542 0.6801935434 0.4995111227 0.5364935994
-176.9 254.9 2053.0 -0.7598208785 -0.5587893128 -0.3323051333 -0.6500309110 0.6619993448 0.3731175661 0.0114916600 0.4995111227 -0.8662312627
278.4 275.4 2202.6 0.5555257201 0.4533624649 0.6970320344 -0.8142734766 0.1268690377 0.5664476752 0.1683743298 -0.8822509646 0.4396400154
409.2 83.7 2242.3 -0.4135346711 0.4533624649 0.7895894647 -0.8469002843 0.1268690377 -0.5163953304 -0.3342887163 -0.8822509646 0.3314880431
37.6 -119.1 2173.8 0.9969235063 0.0376195423 0.0687625036 -0.0507070981 0.9785212874 0.1998120099 -0.0597687401 -0.2026840448 0.9774184823
22.6 -508.0 2254.3 0.9963846803 0.0532320738 0.0662110299 -0.0619047210 0.9886749983 0.1367097497 -0.0581838489 -0.1403142810 0.9883959293
221.0 -121.1 2171.2 0.9889015555 0.0949435979 -0.1142777279 -0.0799173787 0.9883449078 0.1295668036 0.1252473444 -0.1189960390 0.9849634767
183.2 -513.9 2218.5 0.9917774796 -0.0374672823 -0.1223668456 0.0426480286 0.9982892871 0.0399958603 0.1206589714 -0.0448856987 0.9916787148
28.3 430.5 2049.8 0 0 0 0 0 0 0 0 0
303.4 -133.0 2156.8 0 0 0 0 0 0 0 0 0
2.3 -885.5 2307.9 0 0 0 0 0 0 0 0 0
197.5 -895.2 2235.6 0 0 0 0 0 0 0 0 0
145.2 491.4 2188.1 8 0.9978027344 0.0650513545 0.0125687439 -0.0657549724 0.9955482483 0.0675274730 -0.0081200376 -0.0682055578 0.9976382256
131.1 274.9 2202.9 0.9978027344 0.0650513545 0.0125687439 -0.0657549724 0.9955482483 0.0675274730 -0.0081200376 -0.0682055578 0.9976382256
129.8 76.7 2188.9 0.9999488592 0.0066885967 0.0075885160 -0.0061344993 0.9974696040 -0.0708289444 -0.0080430601 0.0707787722 0.9974595904
-15.0 275.8 2204.1 0.7521590590 -0.5456459522 -0.3694958985 0.0904441327 0.6408793330 -0.7622948885 0.6527454257 0.5399482846 0.5313937068
-181.2 255.8 2059.8 -0.7544345856 -0.5456459522 -0.3648273349 -0.6561695933 0.6408793330 0.3983906507 0.0164300408 0.5399482846 -0.8415378332
277.2 274.0 2201.8 0.5741208792 0.4347224534 0.6938310862 -0.8011074662 0.1231843010 0.5857067704 0.1691507846 -0.8920997977 0.4189820886
411.8 86.1 2241.4 -0.4207738042 0.4347224534 0.7962197065 -0.8480402827 0.1231843010 -0.5154156685 -0.3221445382 -0.8920997977 0.3168294132
37.7 -119.3 2175.3 0.9969210625 0.0422880240 0.0660311133 -0.0549444705 0.9775317907 0.2035012394 -0.0559418425 -0.2065027207 0.9768455029
20.9 -507.8 2257.4 0.9970916510 0.0449307486 0.0615583882 -0.0513212271 0.9929867387 0.1065058634 -0.0563412756 -0.1093553677 0.9924046993
221.1 -120.5 2173.3 0.9886328578 0.0941395313 -0.1172295883 -0.0785356537 0.9882310033 0.1312695444 0.1282075644 -0.1205706820 0.9843909144
183.7 -513.3 2221.2 0.9912583232 -0.0371801555 -0.1265884042 0.0406934135 0.9988518357 0.0252804905 0.1255031228 -0.0302108098 0.9916331172
20.4 431.2 2055.4 0 0 0 0 0 0 0 0 0
303.3 -132.5 2158.4 0 0 0 0 0 0 0 0 0
3.8 -886.9 2299.1 0 0 0 0 0 0 0 0 0
197.9 -894.9 2232.8 0 0 0 0 0 0 0 0 0
141.8 491.2 2190.4 9 0.9984393716 0.0552385896 0.0082183080 -0.0556048006 0.9969725013 0.0543499142 -0.0051912144 -0.0547220707 0.9984881282
129.8 274.0 2202.4 0.9984393716 0.0552385896 0.0082183080 -0.0556048006 0.9969725013 0.0543499142 -0.0051912144 -0.0547220707 0.9984881282
129.4 75.7 2189.1 0.9999868870 0.0018834441 0.0047565438 -0.0015627968 0.9977826476 -0.0665381476 -0.0048713177 0.0665298402 0.9977725148
-16.3 274.2 2203.1 0.7633961439 -0.5429277420 -0.3499368727 0.0760749802 0.6135578752 -0.7859767079 0.6414350271 0.5733901262 0.5096909404
-183.4 257.6 2062.7 -0.7519445419 -0.5429277420 -0.3739102781 -0.6591930985 0.6135578752 0.4347542226 -0.0066245375 0.5733901262 -0.8192557096
275.9 273.8 2201.6 0.5495558381 0.4214807451 0.7213475704 -0.8215093017 0.1155073196 0.5583731532 0.1520226002 -0.8994509578 0.4097280502
408.2 76.1 2238.2 -0.4201694131 0.4214807451 0.8036240935 -0.8540906906 0.1155073196 -0.5071362257 -0.3065726161 -0.8994509578 0.3114501238
36.7 -120.9 2175.5 0.9972813725 0.0397360772 0.0620552674 -0.0519283116 0.9764804244 0.2092592418 -0.0522806086 -0.2119127810 0.9758892059
20.9 -509.0 2259.8 0.9971091747 0.0499826781 0.0572274476 -0.0554781705 0.9935539961 0.0988564268 -0.0519174524 -0.1017455235 0.9934548140
220.1 -122.1 2174.1 0.9888878465 0.0867682174 -0.1207148731 -0.0699063390 0.9880297780 0.1375145763 0.1312017888 -0.1275477558 0.9831163287
185.7 -514.7 2224.8 0.9911599159 -0.0260041039 -0.1300990283 0.0288608111 0.9993808866 0.0201206189 0.1294952780 -0.0236975159 0.9912968278
15.9 432.3 2064.4 0 0 0 0 0 0 0 0 0
299.4 -145.0 2158.9 0 0 0 0 0 0 0 0 0
1.8 -888.5 2298.6 0 0 0 0 0 0 0 0 0
195.6 -896.5 2233.8 0 0 0 0 0 0 0 0 0
139.7 490.5 2189.1 0 0.9989881516 0.0417516530 0.0167165473 -0.0425800048 0.9977012873 0.0527165756 -0.0144771170 -0.0533750281 0.9984695911
130.6 273.2 2200.7 0.9989881516 0.0417516530 0.0167165473 -0.0425800048 0.9977012873 0.0527165756 -0.0144771170 -0.0533750281 0.9984695911
130.3 74.8 2188.8 0.9998971224 0.0014086063 0.0142764207 -0.0005477584 0.9981907606 -0.0601240210 -0.0143352821 0.0601100139 0.9980888367
-15.5 273.3 2202.8 0.7884295583 -0.5209934115 -0.3270240128 0.0680211037 0.6022211909 -0.7954261303 0.6113525629 0.6048929095 0.5102475286
-186.9 258.5 2069.9 -0.7591222525 -0.5209934115 -0.3902553320 -0.6509223580 0.6022211909 0.4622009397 -0.0057836054 0.6048929095 -0.7962858081
276.6 273.1 2198.6 0.5325217843 0.4231657386 0.7330424786 -0.8312604427 0.0983102098 0.5471207500 0.1594572067 -0.9007029533 0.4041132927
405.5 71.9 2237.2 -0.4078660309 0.4231657386 0.8090587258 -0.8670083284 0.0983102098 -0.4884994626 -0.2862549722 -0.9007029533 0.3267908096
37.3 -122.4 2176.4 0.9967095852 0.0400261171 0.0704838261 -0.0534882508 0.9781488180 0.2009078115 -0.0609021075 -0.2040167898 0.9770711660
21.4 -511.1 2257.4 0.9966396689 0.0477955416 0.0665199906 -0.0549616851 0.9923618436 0.1104408205 -0.0607333258 -0.1137257516 0.9916541576
220.8 -122.7 2175.5 0.9894900322 0.0906885043 -0.1126278192 -0.0756125078 0.9884168506 0.1315858215 0.1232565641 -0.1216867864 0.9848858714
184.7 -515.5 2223.8 0.9917066097 -0.0401628762 -0.1220858544 0.0429072119 0.9988802075 0.0199323986 0.1211486012 -0.0250054542 0.9923194051
14.7 431.3 2071.5 0 0 0 0 0 0 0 0 0
299.8 -152.8 2163.0 0 0 0 0 0 0 0 0 0
3.2 -890.2 2300.9 0 0 0 0 0 0 0 0 0
200.1 -897.1 2233.4 0 0 0 0 0 0 0 0 0
137.1 488.0 2182.4 1 0.9990983009 0.0359479263 0.0225900393 -0.0376951955 0.9958872795 0.0823868886 -0.0195354950 -0.0831641406 0.9963443875
129.3 272.6 2200.4 0.9990983009 0.0359479263 0.0225900393 -0.0376951955 0.9958872795 0.0823868886 -0.0195354950 -0.0831641406 0.9963443875
130.0 74.2 2189.0 0.9997866154 -0.0036579426 0.0203309748 0.0048145391 0.9983549118 -0.0571338348 -0.0200885367 0.0572195239 0.9981594682
-16.8 271.9 2203.4 0.7951749563 -0.5213873982 -0.3095996976 0.0622866862 0.5781006217 -0.8135846853 0.6031725407 0.6276582479 0.4921666682
-186.9 258.6 2074.3 -0.7566857338 -0.5213873982 -0.3944387138 -0.6532242894 0.5781006217 0.4889761508 -0.0269206967 0.6276582479 -0.7780234218
275.3 273.3 2197.5 0.5704258084 0.4502258599 0.6869578362 -0.8004775643 0.1173853725 0.5877553225 0.1839838326 -0.8851651549 0.4273553491
409.9 84.6 2240.9 -0.4117404819 0.4502258599 0.7923171520 -0.8523440361 0.1173853725 -0.5096374154 -0.3224583864 -0.8851651549 0.3354150057
38.3 -123.5 2178.2 0.9960707426 0.0472979583 0.0748734176 -0.0615359992 0.9776455164 0.2010536194 -0.0636902303 -0.2048710436 0.9767146111
19.5 -512.0 2259.6 0.9970055223 0.0327044390 0.0700738803 -0.0401656441 0.9933542013 0.1078615487 -0.0660806373 -0.1103531271 0.9916932583
221.7 -123.6 2175.5 0.9897782803 0.0942623466 -0.1070212424 -0.0787191838 0.9868505597 0.1411711425 0.1189210936 -0.1313035041 0.9841834903
184.2 -515.8 2227.7 0.9924372435 -0.0279580671 -0.1195266247 0.0277977195 0.9996090531 -0.0030089002 0.1195640191 -0.0003364231 0.9928264618
14.4 432.3 2081.5 0 0 0 0 0 0 0 0 0
304.6 -133.4 2158.4 0 0 0 0 0 0 0 0 0
7.0 -891.5 2301.7 0 0 0 0 0 0 0 0 0
194.9 -897.6 2227.8 0 0 0 0 0 0 0 0 0
134.8 487.3 2178.6 2 0.9992944598 0.0336102284 0.0167617872 -0.0352129862 0.9936490059 0.1068721786 -0.0130633339 -0.1073870063 0.9941314459
127.5 272.6 2201.8 0.9992944598 0.0336102284 0.0167617872 -0.0352129862 0.9936490059 0.1068721786 -0.0130633339 -0.1073870063 0.9941314459
130.2 74.4 2188.1 0.9997989535 -0.0133352354 0.0149730444 0.0143352561 0.9975276589 -0.0687975213 -0.0140185943 0.0689983293 0.9975183010
-18.5 270.5 2203.8 0.8021389842 -0.5272777081 -0.2802699804 0.0606735125 0.5388948917 -0.8401851058 0.5940469503 0.6569402814 0.4642603695
-187.1 257.8 2079.0 -0.7407588959 -0.5272777081 -0.4162384570 -0.6702811718 0.5388948917 0.5102111697 -0.0447142124 0.6569402814 -0.7526155114
273.6 274.7 2199.8 0.5631179214 0.4124085009 0.7161127329 -0.8117617369 0.1138025224 0.5727930665 0.1547293067 -0.9038629532 0.3988616765
406.7 82.8 2236.3 -0.3949340880 0.4124085009 0.8209423423 -0.8717521429 0.1138025224 -0.4765471816 -0.2899574339 -0.9038629532 0.3145734966
39.1 -124.6 2179.5 0.9965186715 0.0486466885 0.0677058771 -0.0613746382 0.9776957631 0.2008586377 -0.0564246401 -0.2043148130 0.9772776961
19.7 -513.1 2260.7 0.9972154498 0.0414043888 0.0620244108 -0.0471089631 0.9945014715 0.0935287252 -0.0578108691 -0.0961901918 0.9936827421
222.4 -123.7 2175.8 0.9881876707 0.1037367284 -0.1127996817 -0.0872377977 0.9859459996 0.1424781978 0.1259946227 -0.1309548169 0.9833495021
181.2 -515.5 2227.9 0.9902563691 -0.0595210902 -0.1258950382 0.0608413629 0.9981251955 0.0066646338 0.1252623200 -0.0142593216 0.9920212030
10.7 436.8 2090.9 0 0 0 0 0 0 0 0 0
304.9 -141.7 2161.6 0 0 0 0 0 0 0 0 0
3.9 -893.1 2297.5 0 0 0 0 0 0 0 0 0
203.9 -896.6 2233.3 0 0 0 0 0 0 0 0 0
133.3 487.4 2182.7 3 0.9991943240 0.0347841047 0.0200199001 -0.0364592560 0.9952291846 0.0904963687 -0.0167765524 -0.0911533684 0.9956955314
125.8 273.1 2202.3 0.9991943240 0.0347841047 0.0200199001 -0.0364592560 0.9952291846 0.0904963687 -0.0167765524 -0.0911533684 0.9956955314
130.5 74.9 2188.5 0.9995373487 -0.0236472748 0.0191268455 0.0249197669 0.9972858429 -0.0692819655 -0.0174366012 0.0697265491 0.9974137545
-20.2 269.5 2204.9 0.8148164749 -0.5187358260 -0.2588189542 0.0704960376 0.5318042636 -0.8439280391 0.5754167438 0.6694007516 0.4698916972
-190.3 254.7 2084.7 -0.7414090633 -0.5187358260 -0.4257061481 -0.6697068214 0.5318042636 0.5183406472 -0.0424894840 0.6694007516 -0.7416854501
271.8 276.7 2199.8 0.5795241594 0.4280345738 0.6934970021 -0.7999877334 0.1364494860 0.5842954516 0.1554713398 -0.8934024572 0.4214982092
406.8 90.4 2236.0 -0.3952099681 0.4280345738 0.8127702475 -0.8607497215 0.1364494860 -0.4903993011 -0.3208099604 -0.8934024572 0.3145044446
41.1 -125.1 2175.7 0.9963647127 0.0502233356 0.0688114613 -0.0629913807 0.9781397581 0.1981784105 -0.0573540442 -0.2017924935 0.9777475595
21.2 -513.8 2255.9 0.9970415235 0.0412956364 0.0648294389 -0.0491033942 0.9910821319 0.1238750890 -0.0591357984 -0.1266919523 0.9901778102
224.5 -122.5 2173.1 0.9880145192 0.1070841104 -0.1111769229 -0.0913454369 0.9861948490 0.1381148398 0.1244320124 -0.1263039559 0.9841564894
182.0 -514.4 2223.3 0.9915963411 -0.0453257672 -0.1211704165 0.0505562685 0.9979019165 0.0404450223 0.1190829873 -0.0462310612 0.9918074012
8.0 433.9 2096.1 0 0 0 0 0 0 0 0 0
306.9 -127.1 2154.9 0 0 0 0 0 0 0 0 0
5.4 -892.4 2304.3 0 0 0 0 0 0 0 0 0
199.3 -895.4 2240.9 0 0 0 0 0 0 0 0 0
134.6 489.3 2184.7 4 0.9985792637 0.0468420126 0.0254017767 -0.0487369709 0.9956043363 0.0799792856 -0.0215437282 -0.0811036676 0.9964728355
124.4 272.4 2202.4 0.9985792637 0.0468420126 0.0254017767 -0.0487369709 0.9956043363 0.0799792856 -0.0215437282 -0.0811036676 0.9964728355
130.4 74.2 2189.1 0.9992522597 -0.0301686525 0.0241811462 0.0317055508 0.9973210692 -0.0659195706 -0.0221276637 0.0666369572 0.9975318909
-21.6 267.8 2205.6 0.8221816421 -0.5148430467 -0.2428044528 0.0864888579 0.5345886350 -0.8406751156 0.5626162291 0.6701877713 0.4840571284
-192.5 249.8 2088.6 -0.7461197376 -0.5148430467 -0.4221871495 -0.6644091010 0.5345886350 0.5222791433 -0.0431953333 0.6701877713 -0.7409335375
270.4 277.0 2199.2 0.5837051868 0.4059796035 0.7031847239 -0.7983876467 0.1292548180 0.5881074667 0.1478696316 -0.9046953917 0.3995757997
407.8 89.1 2234.0 -0.4050233066 0.4059796035 0.8192293048 -0.8619686365 0.1292548180 -0.4902073145 -0.3049035072 -0.9046953917 0.2975904942
43.5 -125.5 2176.2 0.9954863191 0.0622202009 0.0716636628 -0.0752592757 0.9775756001 0.1966774613 -0.0578193367 -0.2011830658 0.9778457284
18.8 -514.0 2256.1 0.9973956347 0.0257560480 0.0673692301 -0.0344504230 0.9907491207 0.1312605143 -0.0633652508 -0.1332395524 0.9890561700
226.9 -120.9 2173.0 0.9878511429 0.1123635620 -0.1073522717 -0.0965175182 0.9850259423 0.1428575367 0.1217967495 -0.1307606101 0.9839040637
182.2 -512.4 2225.0 0.9917902350 -0.0467701964 -0.1190156043 0.0511587225 0.9981086254 0.0340878218 0.1171962097 -0.0398966558 0.9923070669
7.2 427.6 2100.2 0 0 0 0 0 0 0 0 0
304.0 -131.8 2155.8 0 0 0 0 0 0 0 0 0
9.0 -892.4 2307.0 0 0 0 0 0 0 0 0 0
200.1 -893.6 2240.2 0 0 0 0 0 0 0 0 0
135.6 489.7 2186.2 5 0.9962687492 0.0551457778 0.0663887411 -0.0589715242 0.9966243505 0.0571160913 -0.0630149245 -0.0608180240 0.9961577654
123.3 266.6 2199.9 0.9962687492 0.0551457778 0.0663887411 -0.0589715242 0.9966243505 0.0571160913 -0.0630149245 -0.0608180240 0.9961577654
128.4 68.3 2188.2 0.9975801110 -0.0254694205 0.0646931157 0.0291656908 0.9979566932 -0.0568489358 -0.0631130189 0.0585981868 0.9962846041
-22.3 262.3 2209.1 0.8174836636 -0.5203957558 -0.2467970401 0.0701762587 0.5153078437 -0.8541271091 0.5716605783 0.6809156537 0.4577751458
-192.2 247.7 2090.2 -0.7309629917 -0.5203957558 -0.4414537549 -0.6810459495 0.5153078437 0.5202252269 -0.0432384089 0.6809156537 -0.7310843468
268.9 270.8 2190.6 0.5843583941 0.4219014347 0.6931987405 -0.7929582596 0.1153305173 0.5982608795 0.1724601686 -0.8992763758 0.4019445777
407.0 83.5 2231.4 -0.4028861523 0.4219014347 0.8122080564 -0.8647159934 0.1153305173 -0.4888405502 -0.2999148965 -0.8992763758 0.3183598816
44.8 -126.8 2177.9 0.9915549755 0.0679791495 0.1104426757 -0.0875404552 0.9791608453 0.1832503080 -0.0956839472 -0.1913709491 0.9768427610
17.8 -515.9 2254.0 0.9939870834 0.0196377393 0.1077220440 -0.0352624245 0.9887851477 0.1451224834 -0.1036640704 -0.1480484158 0.9835321307
228.1 -121.0 2173.9 0.9911921620 0.1138510257 -0.0676464960 -0.1031086892 0.9840004444 0.1452985853 0.0831065774 -0.1370438784 0.9870725870
182.8 -512.1 2228.3 0.9960158467 -0.0332749635 -0.0827359483 0.0340417065 0.9993894100 0.0078736376 0.0824234337 -0.0106587401 0.9965404272
3.9 430.5 2101.8 0 0 0 0 0 0 0 0 0
303.0 -139.7 2154.0 0 0 0 0 0 0 0 0 0
10.3 -893.7 2310.5 0 0 0 0 0 0 0 0 0
195.5 -893.7 2232.4 0 0 0 0 0 0 0 0 0
135.7 491.0 2187.0 6 0.9962550402 0.0541688055 0.0673913062 -0.0576087870 0.9970766306 0.0501933545 -0.0644753799 -0.0538877137 0.9964632392
123.4 264.6 2199.2 0.9962550402 0.0541688055 0.0673913062 -0.0576087870 0.9970766306 0.0501933545 -0.0644753799 -0.0538877137 0.9964632392
129.4 66.3 2188.5 0.9973573089 -0.0300314315 0.0661555007 0.0334997214 0.9980873466 -0.0519563928 -0.0644686446 0.0540352799 0.9964557290
-22.2 259.8 2208.7 0.8203004599 -0.5215260386 -0.2347716838 0.0858183429 0.5180786252 -0.8510168791 0.5654576421 0.6779417992 0.4697366655
-192.8 241.9 2091.1 -0.7263045311 -0.5215260386 -0.4477636814 -0.6865271330 0.5180786252 0.5101715326 -0.0340909399 0.6779417992 -0.7343246341
269.1 269.5 2189.8 0.6167089939 0.4167636633 0.6678159237 -0.7670646310 0.1275483072 0.6287633181 0.1768669039 -0.9000219107 0.3983448446
411.1 92.9 2230.6 -0.4106905460 0.4167636633 0.8109508753 -0.8568745255 0.1275483072 -0.4994972646 -0.3116077185 -0.9000219107 0.3047312796
42.1 -132.7 2182.4 0.9920908809 0.0599226356 0.1102947816 -0.0793072656 0.9803254604 0.1807549745 -0.0972934663 -0.1880725473 0.9773242474
18.3 -522.3 2257.1 0.9937319160 0.0329873860 0.1068116128 -0.0464643724 0.9909088612 0.1262562722 -0.1016757116 -0.1304278225 0.9862304926
