23.8 488.7 2280.3 0.9951206446 -0.0551111847 0.0818392932 0.0501816645 0.9968683720 0.0611171275 -0.0849512368 -0.0567120835 0.9947698116
34.7 290.8 2291.6 0.9951206446 -0.0551111847 0.0818392932 0.0501816645 0.9968683720 0.0611171275 -0.0849512368 -0.0567120835 0.9947698116
38.3 92.0 2291.4 0.9963029027 -0.0177703705 0.0840522945 0.0177922789 0.9998415709 0.0004884749 -0.0840476528 0.0010088128 0.9964612126
-105.4 288.3 2303.4 0.3241344690 -0.8347269893 -0.4451602995 0.4466303885 0.5498483777 -0.7058243752 0.8339413404 0.0299598966 0.5510392189
-182.3 182.3 2105.5 -0.5500069857 -0.8347269893 -0.0268916711 -0.8351531029 0.5498483777 0.0136384331 0.0034019740 0.0299598966 -0.9995453358
174.9 293.2 2279.8 0.2232259512 0.4689226747 0.8545652032 -0.9747379422 0.1006423682 0.1993918121 0.0074938829 -0.8774865270 0.4795427024
236.7 23.2 2281.9 -0.0192179810 0.4729566574 0.8808760643 -0.9726887941 0.1949918866 -0.1259153634 -0.2313161939 -0.8592381477 0.4562923014
-56.1 -107.3 2304.3 0.9934911728 0.0877136067 0.0726743564 -0.0839114413 0.9950186610 -0.0538209192 -0.0770331696 0.0473724008 0.9959024787
-91.0 -502.9 2285.5 0.9925003052 0.0806396902 0.0918717682 -0.0970024690 0.9768884182 0.1904720068 -0.0743888542 -0.1979553103 0.9773842692
126.2 -105.8 2284.0 0.8690128922 0.0429356769 0.4929230511 -0.0348586887 0.9990651608 -0.0255676582 -0.4935599864 0.0050359755 0.8696971536
109.1 -502.9 2282.0 0.8709710836 -0.0186592191 0.4909797907 -0.0829101875 0.9793671966 0.1842980236 -0.4842883646 -0.2012254745 0.8514534831
-41.6 396.0 2104.6 0 0 0 0 0 0 0 0 0
231.4 -246.4 2217.7 0 0 0 0 0 0 0 0 0
-121.4 -871.1 2360.1 0 0 0 0 0 0 0 0 0
115.6 -842.4 2351.7 0 0 0 0 0 0 0 0 0
24.1 493.6 2273.6 0.9959657192 -0.0634603500 0.0634436905 0.0573936552 0.9939864278 0.0932576731 -0.0689803287 -0.0892401785 0.9936186075
37.0 290.3 2291.8 0.9959657192 -0.0634603500 0.0634436905 0.0573936552 0.9939864278 0.0932576731 -0.0689803287 -0.0892401785 0.9936186075
40.4 91.6 2290.7 0.9975870252 -0.0167899672 0.0673667639 0.0171123799 0.9998447299 -0.0042116852 -0.0672855899 0.0053543276 0.9977194071
-103.3 287.9 2301.3 0.3090791106 -0.8286773562 -0.4666517973 0.4450055361 0.5596632957 -0.6991044879 0.8404999375 0.0084159654 0.5417462587
-176.4 182.7 2102.6 -0.5594804883 -0.8286773562 0.0165955685 -0.8277736306 0.5596632957 0.0395962670 -0.0421004631 0.0084159654 -0.9990779161
177.4 292.7 2282.3 0.2163769305 0.4821207225 0.8489644527 -0.9762989879 0.1109602675 0.1858173609 -0.0046149218 -0.8690497279 0.4947032034
237.3 22.4 2281.1 -0.0119814100 0.4846595228 0.8746208549 -0.9745747447 0.1900574714 -0.1186685041 -0.2237420380 -0.8538051844 0.4700597823
-49.5 -108.3 2298.9 0.9928860664 0.1040011048 0.0579743236 -0.1019380465 0.9940843582 -0.0374821983 -0.0615295582 0.0313057601 0.9976142049
-90.8 -503.5 2286.5 0.9935162663 0.0808549449 0.0799241737 -0.0946539119 0.9776842594 0.1875477582 -0.0629764348 -0.1938968897 0.9789984226
133.3 -105.1 2283.5 0.8759547472 0.0609704964 0.4785247147 -0.0556163453 0.9981299043 -0.0253677070 -0.4791765213 -0.0043928321 0.8777075410
109.0 -501.8 2285.3 0.8760224581 -0.0231797807 0.4817128778 -0.0583558865 0.9864101410 0.1535890847 -0.4787266552 -0.1626582742 0.8627647758
-32.1 396.2 2113.5 0 0 0 0 0 0 0 0 0
234.0 -247.0 2219.2 0 0 0 0 0 0 0 0 0
-121.5 -874.6 2360.1 0 0 0 0 0 0 0 0 0
116.7 -826.5 2338.8 0 0 0 0 0 0 0 0 0
24.6 495.0 2277.2 0.9964419603 -0.0668106973 0.0513788424 0.0628620237 0.9952024817 0.0749688596 -0.0561410747 -0.0714723393 0.9958613515
38.4 290.3 2291.9 0.9964419603 -0.0668106973 0.0513788424 0.0628620237 0.9952024817 0.0749688596 -0.0561410747 -0.0714723393 0.9958613515
41.9 91.6 2289.8 0.9983351827 -0.0175485425 0.0549446121 0.0180891547 0.9997925758 -0.0093573611 -0.0547690094 0.0103356848 0.9984455705
-102.1 287.8 2299.6 0.3004619777 -0.8257935047 -0.4772711098 0.4470178783 0.5639528632 -0.6943573952 0.8425542116 -0.0047207298 0.5385908484
-172.5 183.1 2102.2 -0.5627636313 -0.8257935047 0.0369081125 -0.8245421648 0.5639528632 0.0456880368 -0.0585433170 -0.0047207298 -0.9982737303
178.8 292.8 2284.2 0.2094761580 0.4921851158 0.8449103832 -0.9776982665 0.1187091544 0.1732462943 -0.0150293540 -0.8623583913 0.5060752630
236.6 23.2 2280.0 -0.0128217777 0.4937956631 0.8694834113 -0.9775878787 0.1765502542 -0.1146820784 -0.2101370245 -0.8514668941 0.4804649651
-47.7 -108.8 2295.9 0.9926711917 0.1110844314 0.0475831665 -0.1100419909 0.9936370850 -0.0240021925 -0.0499466695 0.0185901392 0.9985788465
-91.9 -503.7 2288.5 0.9944947362 0.0791058615 0.0687206611 -0.0900285766 0.9806131721 0.1740480363 -0.0536201634 -0.1792766750 0.9823364019
135.3 -105.6 2283.5 0.8812610507 0.0684937760 0.4676404595 -0.0623195134 0.9976440668 -0.0286815371 -0.4685032368 -0.0038672055 0.8834533095
108.0 -502.2 2285.1 0.8808910847 -0.0281426273 0.4724816382 -0.0440242887 0.9890318513 0.1409886628 -0.4712671936 -0.1449963301 0.8699904084
-26.8 396.5 2117.4 0 0 0 0 0 0 0 0 0
233.1 -246.8 2222.0 0 0 0 0 0 0 0 0 0
-122.0 -877.3 2356.8 0 0 0 0 0 0 0 0 0
117.0 -817.9 2331.3 0 0 0 0 0 0 0 0 0
27.6 493.2 2273.0 0.9976575375 -0.0541070476 0.0418552235 0.0499790348 0.9943104386 0.0940680951 -0.0467068329 -0.0917558670 0.9946855307
38.6 290.9 2291.6 0.9976575375 -0.0541070476 0.0418552235 0.0499790348 0.9943104386 0.0940680951 -0.0467068329 -0.0917558670 0.9946855307
42.4 92.1 2289.3 0.9987754226 -0.0189459752 0.0457028784 0.0194658879 0.9997504950 -0.0109577747 -0.0454838686 0.0118340030 0.9988949895
-102.0 288.1 2298.0 0.2815919518 -0.8289815784 -0.4832136929 0.4509040713 0.5588468313 -0.6959710717 0.8469896913 -0.0219031461 0.5311579108
-168.2 182.1 2098.8 -0.5561625361 -0.8289815784 0.0589298531 -0.8278610110 0.5588468313 0.0483358391 -0.0730022788 -0.0219031461 -0.9970912337
179.1 293.6 2285.2 0.2071938515 0.4991800189 0.8413619995 -0.9780630469 0.1246185899 0.1669216603 -0.0215253923 -0.8574902415 0.5140497684
236.2 24.0 2279.3 -0.0128951706 0.5002233386 0.8658003807 -0.9795292020 0.1676388830 -0.1114437953 -0.2008886039 -0.8495138884 0.4878216386
-46.2 -108.9 2292.8 0.9928647280 0.1129138321 0.0383411124 -0.1119765937 0.9933764338 -0.0257773399 -0.0409977771 0.0213001054 0.9989321828
-91.1 -503.8 2284.3 0.9944634438 0.0840848312 0.0630255491 -0.0951700658 0.9749757648 0.2009101659 -0.0445548855 -0.2057959586 0.9775801301
137.0 -105.6 2282.7 0.8848264217 0.0742493346 0.4599665701 -0.0719395876 0.9971534610 -0.0225754138 -0.4603334665 -0.0131144812 0.8876491785
107.5 -502.0 2288.0 0.8842707872 -0.0318962783 0.4658839107 -0.0296474509 0.9918171763 0.1241761073 -0.4660324454 -0.1236175671 0.8760892749
-23.8 397.0 2117.8 0 0 0 0 0 0 0 0 0
232.7 -246.3 2223.9 0 0 0 0 0 0 0 0 0
-123.2 -875.7 2362.8 0 0 0 0 0 0 0 0 0
117.5 -814.1 2326.9 0 0 0 0 0 0 0 0 0
29.5 494.3 2276.9 0.9984114170 -0.0440950096 0.0350749157 0.0414278507 0.9964387417 0.0734409466 -0.0381883867 -0.0718711987 0.9966825843
38.5 291.2 2291.5 0.9984114170 -0.0440950096 0.0350749157 0.0414278507 0.9964387417 0.0734409466 -0.0381883867 -0.0718711987 0.9966825843
42.3 92.5 2288.9 0.9991018772 -0.0191436075 0.0378017314 0.0196335558 0.9997274280 -0.0126325916 -0.0375495926 0.0133634284 0.9992054105
-102.1 288.5 2296.8 0.2710062563 -0.8387515545 -0.4722832739 0.4554271996 0.5439807773 -0.7047488689 0.8480222225 -0.0240992997 0.5294124484
-165.9 181.4 2097.3 -0.5417576432 -0.8387515545 0.0547223091 -0.8381353021 0.5439807773 0.0401755311 -0.0634651706 -0.0240992997 -0.9976930618
179.1 294.0 2286.2 0.2066683322 0.5050197244 0.8379995227 -0.9780336022 0.1304225177 0.1626046449 -0.0271754581 -0.8531969190 0.5208804607
236.0 24.5 2278.8 -0.0164344124 0.5058714747 0.8624522686 -0.9797869325 0.1638437808 -0.1147728637 -0.1993677616 -0.8469057083 0.4929535687
-45.5 -108.4 2291.1 0.9930424690 0.1136763394 0.0307305250 -0.1129336581 0.9932901263 -0.0249153022 -0.0333566070 0.0212714430 0.9992171526
-90.7 -503.3 2282.7 0.9952172637 0.0796677545 0.0565300733 -0.0898115709 0.9738471508 0.2086996734 -0.0384250171 -0.2127785683 0.9763445854
137.8 -104.9 2282.8 0.8878210187 0.0792006031 0.4533223212 -0.0792232305 0.9966763258 -0.0189739559 -0.4533183873 -0.0190681815 0.8911446929
106.3 -501.1 2290.4 0.8872908950 -0.0360826477 0.4597965777 -0.0176564753 0.9935466647 0.1120413393 -0.4608721137 -0.1075316519 0.8809278607
-24.9 399.5 2113.8 0 0 0 0 0 0 0 0 0
231.5 -245.8 2223.7 0 0 0 0 0 0 0 0 0
-121.1 -875.3 2363.9 0 0 0 0 0 0 0 0 0
117.6 -812.6 2324.1 0 0 0 0 0 0 0 0 0
30.3 490.8 2272.3 0.9987060428 -0.0429864042 0.0271733664 0.0403439030 0.9950085282 0.0912709609 -0.0309611429 -0.0900565833 0.9954552650
38.9 291.2 2290.4 0.9987060428 -0.0429864042 0.0271733664 0.0403439030 0.9950085282 0.0912709609 -0.0309611429 -0.0900565833 0.9954552650
41.9 92.4 2288.4 0.9994374514 -0.0147947753 0.0300980061 0.0150928302 0.9998390675 -0.0096998252 -0.0299496558 0.0101486333 0.9994998574
-101.7 289.1 2294.6 0.2666010261 -0.8449944258 -0.4635820687 0.4634711742 0.5341250896 -0.7070395350 0.8450552225 -0.0263594706 0.5340288281
-164.9 179.3 2094.4 -0.5320933461 -0.8449944258 0.0534891561 -0.8446651697 0.5341250896 0.0353715308 -0.0584586486 -0.0263594706 -0.9979417920
179.6 293.3 2286.2 0.2060508132 0.5118773580 0.8339812160 -0.9783009291 0.1266486198 0.1639738977 -0.0216880459 -0.8496715426 0.5268661380
236.1 24.9 2280.2 -0.0199461039 0.5134150386 0.8579086065 -0.9766772389 0.1734746546 -0.1265232712 -0.2137843370 -0.8404234052 0.4979806244
-45.6 -108.1 2289.7 0.9933197498 0.1131412163 0.0226931423 -0.1125876009 0.9933434129 -0.0243506152 -0.0252971407 0.0216329806 0.9994458556
-90.6 -503.0 2281.1 0.9956141710 0.0799432546 0.0485950150 -0.0884110108 0.9738474488 0.2092955261 -0.0305923671 -0.2126739323 0.9766442180
137.8 -104.5 2282.8 0.8908739090 0.0805874392 0.4470451474 -0.0849048793 0.9963347316 -0.0104072811 -0.4462452829 -0.0286847390 0.8944508433
105.7 -500.6 2294.2 0.8905507922 -0.0388769135 0.4532194436 -0.0074461894 0.9949617386 0.0999786183 -0.4548228383 -0.0924107954 0.8857744932
-25.7 400.2 2109.7 0 0 0 0 0 0 0 0 0
230.6 -244.5 2221.3 0 0 0 0 0 0 0 0 0
-121.1 -875.1 2362.3 0 0 0 0 0 0 0 0 0
117.9 -813.2 2323.2 0 0 0 0 0 0 0 0 0
29.2 487.0 2267.6 0.9985324144 -0.0503107421 0.0200470015 0.0477723107 0.9926077127 0.1115692407 -0.0255119391 -0.1104478166 0.9935544133
39.1 291.3 2289.3 0.9985324144 -0.0503107421 0.0200470015 0.0477723107 0.9926077127 0.1115692407 -0.0255119391 -0.1104478166 0.9935544133
41.7 92.5 2288.2 0.9996330142 -0.0130051728 0.0237625260 0.0131359501 0.9998993874 -0.0053557027 -0.0236904826 0.0056658806 0.9997032881
-101.5 289.5 2292.7 0.2669193149 -0.8459460139 -0.4616594017 0.4687365592 0.5325182676 -0.7047768235 0.8420451880 -0.0282780826 0.5386652350
-164.9 178.3 2092.9 -0.5309937596 -0.8459460139 0.0492035635 -0.8460450172 0.5325182676 0.0251421928 -0.0474707335 -0.0282780826 -0.9984722733
179.8 293.2 2286.0 0.2043325901 0.5179880261 0.8306242228 -0.9788134098 0.1194962934 0.1662675291 -0.0131319249 -0.8470000029 0.5314306021
237.0 19.1 2282.3 -0.0259858388 0.5225270987 0.8522266150 -0.9653596282 0.2082927376 -0.1571463197 -0.2596258223 -0.8267887235 0.4990138710
-46.9 -107.7 2289.1 0.9939045310 0.1091907695 0.0152027700 -0.1087008342 0.9936217666 -0.0299987774 -0.0183813926 0.0281633679 0.9994342923
-90.3 -502.8 2277.9 0.9960870147 0.0778850764 0.0417675711 -0.0851357132 0.9724563956 0.2169802636 -0.0237176176 -0.2196871340 0.9752820134
136.5 -105.0 2283.6 0.8942121267 0.0778002739 0.4408307672 -0.0798648074 0.9967087507 -0.0139013175 -0.4404614270 -0.0227761380 0.8974825740
105.6 -501.2 2292.7 0.8935835361 -0.0412122086 0.4470011592 -0.0074782446 0.9942718744 0.1066184640 -0.4488346577 -0.0986152887 0.8881567717
-25.5 400.4 2105.3 0 0 0 0 0 0 0 0 0
229.8 -248.1 2210.4 0 0 0 0 0 0 0 0 0
-120.1 -874.5 2361.9 0 0 0 0 0 0 0 0 0
118.5 -814.3 2323.7 0 0 0 0 0 0 0 0 0
28.4 488.9 2273.2 0.9978138208 -0.0645399988 0.0142176216 0.0633147061 0.9952275157 0.0742523223 -0.0189420134 -0.0731898099 0.9971381426
41.3 289.8 2287.8 0.9978138208 -0.0645399988 0.0142176216 0.0633147061 0.9952275157 0.0742523223 -0.0189420134 -0.0731898099 0.9971381426
40.4 91.0 2287.9 0.9998549819 0.0044705439 0.0164326504 -0.0044823177 0.9999897480 0.0006797327 -0.0164294429 -0.0007532905 0.9998647571
-99.4 290.4 2290.1 0.2684430182 -0.8440298438 -0.4642757475 0.4834817648 0.5349150300 -0.6929005980 0.8331769109 -0.0384645164 0.5516672730
-163.2 175.5 2092.1 -0.5333906412 -0.8440298438 0.0557501465 -0.8447508812 0.5349150300 0.0161803905 -0.0434783250 -0.0384645164 -0.9983136654
182.0 289.1 2285.5 0.1973859519 0.5224374533 0.8295166492 -0.9800900221 0.1237262860 0.1552913487 -0.0215030052 -0.8436533213 0.5364575386
236.5 18.3 2279.6 -0.0272580553 0.5264859200 0.8497467637 -0.9661741257 0.2042003721 -0.1575112194 -0.2564460635 -0.8252967596 0.5031110048
-47.4 -107.5 2289.2 0.9941850305 0.1075137332 0.0060733035 -0.1072340533 0.9936015010 -0.0354525223 -0.0098460764 0.0345951058 0.9993529320
-90.2 -502.5 2275.5 0.9956283569 0.0866307914 0.0349177010 -0.0924263224 0.9677055478 0.2345278263 -0.0134727228 -0.2367298752 0.9714820981
136.0 -105.0 2284.9 0.8977016211 0.0771933496 0.4337891340 -0.0768177360 0.9968748689 -0.0184253193 -0.4338558018 -0.0167822596 0.9008260369
105.3 -501.4 2291.6 0.8969014287 -0.0432413891 0.4401113987 -0.0059546842 0.9939369559 0.1097903401 -0.4421904683 -0.1010918319 0.8912059665
-23.4 397.0 2103.5 0 0 0 0 0 0 0 0 0
229.0 -250.0 2208.4 0 0 0 0 0 0 0 0 0
-123.3 -872.4 2366.0 0 0 0 0 0 0 0 0 0
119.0 -814.9 2323.5 0 0 0 0 0 0 0 0 0
27.4 490.9 2270.5 0.9944012165 -0.1056323573 -0.0028408614 0.1055388451 0.9914609194 0.0765947998 -0.0052742865 -0.0764657855 0.9970582724
49.2 285.5 2286.3 0.9944012165 -0.1056323573 -0.0028408614 0.1055388451 0.9914609194 0.0765947998 -0.0052742865 -0.0764657855 0.9970582724
44.3 86.9 2286.2 0.9996944070 0.0247192197 0.0002865680 -0.0247191135 0.9996943474 -0.0003667138 -0.0002955453 0.0003595180 0.9999998808
-91.4 289.0 2286.4 0.2835638225 -0.8440685272 -0.4551262558 0.4756434262 0.5359098911 -0.6975413561 0.8326793313 -0.0186803173 0.5534402728
-158.6 176.3 2089.0 -0.5342254639 -0.8440685272 0.0463840850 -0.8434077501 0.5359098911 0.0382617079 -0.0571531951 -0.0186803173 -0.9981906414
189.9 282.1 2286.3 0.1705063283 0.5365701318 0.8264502883 -0.9846718907 0.1240449846 0.1226135045 -0.0367262699 -0.8346887827 0.5494959950
236.3 14.2 2276.3 -0.0379085727 0.5403716564 0.8405720592 -0.9677057266 0.1899336576 -0.1657432020 -0.2492158711 -0.8197094798 0.5157206655
-52.2 -107.4 2289.6 0.9953083396 0.0964590535 -0.0075434232 -0.0965147465 0.9953040481 -0.0074032717 0.0067938869 0.0080965897 0.9999441504
-90.6 -503.0 2286.4 0.9967890978 0.0795957223 0.0087175528 -0.0799661875 0.9839717746 0.1593893617 0.0041088858 -0.1595746875 0.9871773124
131.2 -108.2 2286.6 0.9051129222 0.0654670671 0.4201008081 -0.0670879185 0.9976871610 -0.0109342923 -0.4198450148 -0.0182869211 0.9074115753
105.2 -504.9 2293.9 0.9042745233 -0.0427663513 0.4248042703 -0.0007152897 0.9948174953 0.1016739681 -0.4269509614 -0.0922450349 0.8995575309
-20.6 394.2 2103.8 0 0 0 0 0 0 0 0 0
225.7 -254.9 2207.0 0 0 0 0 0 0 0 0 0
-117.7 -838.8 2340.8 0 0 0 0 0 0 0 0 0
118.5 -813.6 2322.5 0 0 0 0 0 0 0 0 0
25.4 491.3 2268.6  0.9910633564 -0.1322044581 -0.0177607536 0.1331928521 0.9880472422 0.0776038468 0.0072888881 -0.0792759359 0.9968260527
53.1 284.7 2285.2 0.9910633564 -0.1322044581 -0.0177607536 0.1331928521 0.9880472422 0.0776038468 0.0072888881 -0.0792759359 0.9968260527
47.0 86.0 2285.9 0.9994418025 0.0303331707 -0.0139987385 -0.0302770417 0.9995326996 0.0042043235 0.0141197275 -0.0037781366 0.9998931885
-87.5 289.0 2283.2 0.2822776139 -0.8494975567 -0.4457277656 0.4860089421 0.5272180438 -0.6970196962 0.8271122575 -0.0198746212 0.5616852641
-153.9 174.7 2088.8 -0.5257369280 -0.8494975567 0.0442102067 -0.8490656018 0.5272180438 0.0335961618 -0.0518482774 -0.0198746212 -0.9984571934
193.7 280.5 2287.2 0.1536670476 0.5478284955 0.8223565817 -0.9869709611 0.1252659708 0.1009788737 -0.0476941988 -0.8271592259 0.5599400401
236.3 7.0 2274.0 -0.0649261549 0.5519886613 0.8313201070 -0.9654034972 0.1760922521 -0.1923216730 -0.2525483966 -0.8150460124 0.5214588046
-52.3 -109.6 2286.1 0.9949912429 0.0977220014 -0.0210430007 -0.0976286754 0.9952081442 0.0054201176 0.0214718301 -0.0033385693 0.9997639060
-91.1 -505.2 2287.4 0.9967060089 0.0809700862 -0.0045830351 -0.0790153518 0.9822675586 0.1700207740 0.0182683636 -0.1690985858 0.9854298234
131.1 -114.1 2286.1 0.9122990370 0.0550356582 0.4058097005 -0.0476107597 0.9984627962 -0.0283773541 -0.4067476392 0.0065677245 0.9135169387
109.2 -510.9 2283.5 0.9129415751 -0.0101965722 0.4079628587 -0.0750118196 0.9784616828 0.1923174262 -0.4011369944 -0.2061766088 0.8925134540
-19.1 392.5 2102.1 0 0 0 0 0 0 0 0 0
218.2 -261.6 2203.7 0 0 0 0 0 0 0 0 0
-120.4 -860.6 2348.6 0 0 0 0 0 0 0 0 0
112.7 -847.9 2354.5 0 0 0 0 0 0 0 0 0
26.0 491.2 2273.7  0.9901617169 -0.1364107877 -0.0311740693 0.1378047317 0.9892916679 0.0480821803 0.0242813192 -0.0519050695 0.9983568192
54.6 284.3 2284.6 0.9901617169 -0.1364107877 -0.0311740693 0.1378047317 0.9892916679 0.0480821803 0.0242813192 -0.0519050695 0.9983568192
46.8 85.7 2285.1 0.9988172054 0.0390081368 -0.0290266667 -0.0389011465 0.9992340803 0.0042418377 0.0291699003 -0.0031076500 0.9995696545
-86.0 289.8 2280.5 0.2800416052 -0.8522598147 -0.4418483377 0.4960806668 0.5225211978 -0.6934519410 0.8218762875 -0.0249970220 0.5691173077
-151.5 173.8 2088.3 -0.5211396217 -0.8522598147 0.0454617031 -0.8522182107 0.5225211978 0.0263773259 -0.0462350361 -0.0249970220 -0.9986177683
195.1 278.9 2288.7 0.1481612623 0.5596554279 0.8153735399 -0.9872938991 0.1315868944 0.0890823528 -0.0574370511 -0.8182119131 0.5720404387
236.2 4.9 2272.7 -0.0879148617 0.5630439520 0.8217374682 -0.9623259306 0.1650681943 -0.2160585374 -0.2572931647 -0.8097740412 0.5273198485
-50.7 -109.9 2285.4 0.9942528009 0.1008251160 -0.0359948054 -0.1006693020 0.9949011207 0.0061197267 0.0364282914 -0.0024609833 0.9993332624
-90.8 -505.4 2286.3 0.9967468977 0.0786379874 -0.0176534448 -0.0741506442 0.9806016684 0.1814442575 0.0315794088 -0.1795450002 0.9832427502
132.7 -115.4 2287.9 0.9184901714 0.0606240518 0.3907691538 -0.0456341356 0.9978262782 -0.0475415438 -0.3928018808 0.0258340277 0.9192602038
108.6 -512.0 2277.7 0.9200811982 -0.0185219403 0.3912895024 -0.0862526223 0.9647881389 0.2484839559 -0.3821139038 -0.2623751760 0.8860859275
-18.4 391.5 2100.1 0 0 0 0 0 0 0 0 0
211.8 -262.9 2201.1 0 0 0 0 0 0 0 0 0
-120.0 -870.2 2353.1 0 0 0 0 0 0 0 0 0
115.3 -862.0 2372.9 0 0 0 0 0 0 0 0 0
27.4 495.1 2270.7  0.9910556674 -0.1253874898 -0.0456796922 0.1279867291 0.9900024533 0.0592835471 0.0377895944 -0.0645996928 0.9971954823
53.9 285.2 2284.4 0.9910556674 -0.1253874898 -0.0456796922 0.1279867291 0.9900024533 0.0592835471 0.0377895944 -0.0645996928 0.9971954823
45.4 86.6 2284.5 0.9981328845 0.0430671424 -0.0433127582 -0.0430168808 0.9990721345 0.0020922341 0.0433626771 -0.0002251480 0.9990593791
-86.5 291.3 2278.3 0.2905263007 -0.8510527611 -0.4373827577 0.4985958338 0.5247840285 -0.6899303794 0.8166986108 -0.0176342838 0.5767949224
-154.2 175.1 2088.1 -0.5232565999 -0.8510527611 0.0437234007 -0.8504151702 0.5247840285 0.0373597965 -0.0547404960 -0.0176342838 -0.9983448982
194.4 279.1 2290.5 0.1413697302 0.5708221793 0.8088118434 -0.9875591397 0.1381476372 0.0751141757 -0.0688586086 -0.8093684316 0.5832505822
234.1 2.0 2271.2 -0.0820448771 0.5743740201 0.8144710660 -0.9596821666 0.1749212295 -0.2200289667 -0.2688471973 -0.7996855974 0.5368651152
-52.6 -109.4 2283.1 0.9937165380 0.1004718989 -0.0493235067 -0.0999389216 0.9949065447 0.0131617142 0.0503946617 -0.0081496751 0.9986961484
-92.5 -504.9 2286.3 0.9967883825 0.0732356608 -0.0323959030 -0.0665232912 0.9824678898 0.1741593182 0.0445826091 -0.1714449078 0.9841844440
130.7 -116.5 2288.4 0.9235104322 0.0599080995 0.3788660765 -0.0535569191 0.9981918335 -0.0272903852 -0.3798159361 0.0049120551 0.9250490665
106.9 -513.2 2286.5 0.9232976437 -0.0296817664 0.3829365373 -0.0454918444 0.9815405011 0.1857654154 -0.3813815713 -0.1889372617 0.9049037695
-20.3 392.7 2102.1 0 0 0 0 0 0 0 0 0
211.2 -265.1 2196.4 0 0 0 0 0 0 0 0 0
-120.1 -875.5 2351.0 0 0 0 0 0 0 0 0 0
116.7 -838.6 2349.1 0 0 0 0 0 0 0 0 0
29.8 494.9 2269.3  0.9976937771 -0.0675208420 -0.0069358675 0.0677958652 0.9962657690 0.0534623265 0.0033001460 -0.0538092516 0.9985457659
43.7 289.9 2280.3 0.9976937771 -0.0675208420 -0.0069358675 0.0677958652 0.9962657690 0.0534623265 0.0033001460 -0.0538092516 0.9985457659
39.7 91.3 2283.4 0.9997796416 0.0201038513 -0.0060448698 -0.0200052168 0.9996725321 0.0159572903 0.0063636936 -0.0158328451 0.9998543859
-96.9 292.8 2279.5 0.2608655095 -0.8692963719 -0.4198487997 0.5326040387 0.4923268855 -0.6884381771 0.8051596880 -0.0440233797 0.5914219022
-157.9 168.3 2091.2 -0.4933428466 -0.8692963719 0.0306047443 -0.8696949482 0.4923268855 -0.0352829397 0.0156037929 -0.0440233797 -0.9989086390
184.2 287.1 2281.2 0.1534680128 0.5408971310 0.8269690871 -0.9875219464 0.1138705611 0.1087837219 -0.0353266224 -0.8333449364 0.5516232848
229.1 -2.0 2270.9 -0.0664737895 0.5497704148 0.8326666355 -0.9552029967 0.2061348706 -0.2123572826 -0.2883893847 -0.8094818592 0.5114398003
-54.7 -108.1 2280.5 0.9956293106 0.0923793539 -0.0137242107 -0.0922415331 0.9956827760 0.0103581939 0.0146218445 -0.0090469792 0.9998521805
-91.5 -503.9 2284.1 0.9967509508 0.0805016980 0.0026489310 -0.0796084702 0.9796237946 0.1843900979 0.0122487610 -0.1840018928 0.9828495383
128.4 -116.0 2288.5 0.9089329243 0.0588594079 0.4127668440 -0.0540818125 0.9982655644 -0.0232590903 -0.4134199619 -0.0011822266 0.9105396867
105.0 -512.8 2288.9 0.9082205296 -0.0388732217 0.4166825116 -0.0278315265 0.9878616333 0.1528226584 -0.4175654054 -0.1503935903 0.8961143494
-31.8 390.5 2087.3 0 0 0 0 0 0 0 0 0
210.6 -267.8 2190.6 0 0 0 0 0 0 0 0 0
-122.0 -875.9 2354.0 0 0 0 0 0 0 0 0 0
117.3 -825.7 2336.6 0 0 0 0 0 0 0 0 0
30.6 493.5 2268.5  0.9990754724 -0.0421245843 0.0085860295 0.0416777134 0.9980309606 0.0468737297 -0.0105436593 -0.0464725494 0.9988639355
39.1 291.4 2277.9 0.9990754724 -0.0421245843 0.0085860295 0.0416777134 0.9980309606 0.0468737297 -0.0105436593 -0.0464725494 0.9988639355
38.3 92.7 2282.3 0.9999493361 0.0044171494 0.0090474989 -0.0046191132 0.9997378588 0.0224247109 -0.0089460742 -0.0224653669 0.9997075796
-101.5 292.1 2279.2 0.2541399896 -0.8793269992 -0.4027367830 0.5475924015 0.4740584493 -0.6895006299 0.7972173095 -0.0453059226 0.6019899845
-161.2 163.4 2091.8 -0.4760393500 -0.8793269992 0.0130605195 -0.8776184320 0.4740584493 -0.0710944831 0.0563238449 -0.0453059226 -0.9973840714
179.7 290.7 2276.7 0.1617680490 0.5304581523 0.8321329355 -0.9868151546 0.0913940892 0.1335777342 -0.0051946398 -0.8427700400 0.5382487774
226.0 8.8 2275.2 -0.0471667461 0.5427721739 0.8385545015 -0.9519759417 0.2298177332 -0.2023008466 -0.3025179505 -0.8078255653 0.5058662891
-55.9 -105.5 2285.9 0.9961550832 0.0876003131 -0.0010862164 -0.0876069069 0.9960552454 -0.0141070234 -0.0001538480 0.0141479438 0.9998999238
-90.7 -501.5 2280.2 0.9965639114 0.0809386373 0.0175862387 -0.0828194544 0.9766467214 0.1982475221 -0.0011296598 -0.1990227997 0.9799941778
127.4 -109.3 2287.0 0.9026114345 0.0541888103 0.4270318151 -0.0551134460 0.9984279275 -0.0102043813 -0.4269134700 -0.0143246036 0.9041790366
105.9 -506.2 2292.7 0.9018482566 -0.0371699929 0.4304510951 -0.0165695567 0.9925839901 0.1204261407 -0.4317350984 -0.1157384887 0.8945442438
-39.6 387.6 2077.4 0 0 0 0 0 0 0 0 0
212.8 -256.2 2191.0 0 0 0 0 0 0 0 0 0
-121.5 -873.5 2356.1 0 0 0 0 0 0 0 0 0
117.6 -818.9 2329.2 0 0 0 0 0 0 0 0 0
29.2 491.7 2260.6  0.9986940622 -0.0510363877 0.0023352769 0.0506116450 0.9945523143 0.0911272243 -0.0069733593 -0.0908900276 0.9958364964
39.6 289.4 2279.1 0.9986940622 -0.0510363877 0.0023352769 0.0506116450 0.9945523143 0.0911272243 -0.0069733593 -0.0908900276 0.9958364964
39.2 90.6 2281.9 0.9999891520 0.0019370216 0.0042329268 -0.0019962927 0.9998993874 0.0140433069 -0.0042052991 -0.0140516050 0.9998924136
-101.1 289.7 2279.7 0.2602973282 -0.8712262511 -0.4161852300 0.5260624886 0.4894163609 -0.6955069304 0.8096317649 -0.0379008427 0.5857132077
-161.9 166.9 2090.8 -0.4906073213 -0.8712262511 0.0164108053 -0.8707211614 0.4894163609 -0.0481272973 0.0338980481 -0.0379008427 -0.9987064004
180.3 289.1 2278.5 0.1656521261 0.5347309113 0.8286266923 -0.9861502647 0.0967939943 0.1346796304 -0.0081887236 -0.8394604325 0.5433591604
226.5 13.7 2276.3 -0.0457122810 0.5462067127 0.8364021778 -0.9519870877 0.2298949212 -0.2021607012 -0.3027061522 -0.8054853082 0.5094726682
-54.2 -105.5 2287.6 0.9958270788 0.0911173075 -0.0051012817 -0.0911826938 0.9957281947 -0.0145305805 0.0037555026 0.0149350949 0.9998813868
-90.5 -501.4 2281.6 0.9963279963 0.0844388083 0.0141645446 -0.0855781063 0.9770455956 0.1950852573 0.0026333600 -0.1955810785 0.9806839824
129.1 -106.4 2285.9 0.9041960835 0.0596751906 0.4229282439 -0.0595504753 0.9981337190 -0.0135212317 -0.4229458272 -0.0129597336 0.9060623050
105.4 -503.2 2291.0 0.9031969905 -0.0426437221 0.4271026552 -0.0088153742 0.9929997325 0.1177871898 -0.4291357100 -0.1101501063 0.8964984417
-35.8 390.6 2082.1 0 0 0 0 0 0 0 0 0
213.8 -251.3 2192.0 0 0 0 0 0 0 0 0 0
-122.7 -874.3 2356.3 0 0 0 0 0 0 0 0 0
118.9 -817.0 2325.8 0 0 0 0 0 0 0 0 0
27.4 488.2 2264.2  0.9970255494 -0.0764314532 -0.0099150045 0.0769766718 0.9939119220 0.0788271055 0.0038297707 -0.0793558657 0.9968389869
42.9 286.9 2280.3 0.9970255494 -0.0764314532 -0.0099150045 0.0769766718 0.9939119220 0.0788271055 0.0038297707 -0.0793558657 0.9968389869
41.9 88.2 2281.2 0.9999600053 0.0052254130 -0.0072623463 -0.0051924656 0.9999761581 0.0045482400 0.0072859395 -0.0045103482 0.9999632835
-97.8 287.7 2279.3 0.2579460740 -0.8649081588 -0.4305783212 0.5077217221 0.5005095005 -0.7012195587 0.8219990730 -0.0377371386 0.5682371259
-157.6 169.9 2088.6 -0.5007687807 -0.8649081588 0.0341245867 -0.8655761480 0.5005095005 -0.0163742453 -0.0029174627 -0.0377371386 -0.9992834330
183.6 286.2 2281.3 0.1623284221 0.5428761244 0.8239751458 -0.9863044620 0.1139860377 0.1192086264 -0.0292061418 -0.8320412636 0.5539442897
228.7 12.3 2273.2 -0.0500970595 0.5521683693 0.8322261572 -0.9526204467 0.2238846570 -0.2058881670 -0.3000076115 -0.8031100035 0.5147909522
-52.9 -107.9 2285.0 0.9954089522 0.0945488662 -0.0148826549 -0.0946317911 0.9954999685 -0.0049684821 0.0143459179 0.0063540437 0.9998769164
-90.5 -503.7 2282.5 0.9967655540 0.0802386403 0.0044930754 -0.0795618296 0.9773870707 0.1959193051 0.0113288239 -0.1956430823 0.9806097150
130.6 -108.3 2284.3 0.9086065292 0.0628122687 0.4129028618 -0.0619484000 0.9979590774 -0.0154936025 -0.4130333364 -0.0115010822 0.9106432796
105.6 -505.1 2288.8 0.9076449871 -0.0421433225 0.4176176190 -0.0099846739 0.9924974442 0.1218571216 -0.4196198583 -0.1147727892 0.9004145861
-29.6 391.2 2089.4 0 0 0 0 0 0 0 0 0
214.7 -252.9 2189.7 0 0 0 0 0 0 0 0 0
-121.1 -877.1 2357.3 0 0 0 0 0 0 0 0 0
118.8 -815.0 2324.7 0 0 0 0 0 0 0 0 0
25.8 489.3 2266.0  0.9953631759 -0.0951267406 -0.0142514445 0.0958778560 0.9930949807 0.0675998777 0.0077224826 -0.0686528236 0.9976107478
45.4 283.9 2280.2 0.9953631759 -0.0951267406 -0.0142514445 0.0958778560 0.9930949807 0.0675998777 0.0077224826 -0.0686528236 0.9976107478
42.8 85.2 2279.2 0.9998460412 0.0134288846 -0.0112943845 -0.0134808412 0.9998988509 -0.0045366846 0.0112323193 0.0046882438 0.9999259114
-95.3 285.8 2278.6 0.2605627477 -0.8555723429 -0.4473287761 0.4939526916 0.5162379742 -0.6996492743 0.8295286894 -0.0386567190 0.5571246147
-155.3 172.0 2087.5 -0.5155864954 -0.8555723429 0.0465462022 -0.8564419746 0.5162379742 0.0023418041 -0.0260325000 -0.0386567190 -0.9989134073
186.1 282.0 2281.8 0.1524486989 0.5483335853 0.8222467303 -0.9878612757 0.1096487865 0.1100327447 -0.0298237093 -0.8290400505 0.5583932996
228.4 8.2 2273.5 -0.0412425846 0.5589392185 0.8281823397 -0.9482862353 0.2391971052 -0.2086574435 -0.3147256672 -0.7939594984 0.5201692581
-50.9 -110.1 2281.4 0.9946939945 0.1013892889 -0.0174374990 -0.1013844162 0.9948466420 0.0011654776 0.0174658038 0.0006085971 0.9998472929
-91.2 -505.7 2281.1 0.9965670705 0.0827221796 0.0033325935 -0.0816959366 0.9760885239 0.2014371902 0.0134104174 -0.2010179311 0.9794957638
132.6 -111.1 2282.7 0.9094755054 0.0660678223 0.4104745388 -0.0695220754 0.9975590706 -0.0065239915 -0.4099036455 -0.0226036329 0.9118487239
106.3 -507.7 2291.7 0.9088157415 -0.0383686796 0.4154296517 -0.0096213063 0.9935696125 0.1128132120 -0.4170867801 -0.1065233946 0.9026025534
-23.6 390.9 2094.2 0 0 0 0 0 0 0 0 0
216.9 -255.8 2185.9 0 0 0 0 0 0 0 0 0
-122.8 -878.7 2358.0 0 0 0 0 0 0 0 0 0
118.1 -812.9 2324.4 0 0 0 0 0 0 0 0 0
24.9 488.1 2266.9  0.9943490624 -0.1043524370 -0.0195058584 0.1053699255 0.9925200343 0.0616535209 0.0129262609 -0.0633604527 0.9979069829
46.5 282.6 2280.0 0.9943490624 -0.1043524370 -0.0195058584 0.1053699255 0.9925200343 0.0616535209 0.0129262609 -0.0633604527 0.9979069829
44.4 83.8 2279.1 0.9998087883 0.0106612854 -0.0163928345 -0.0107371779 0.9999319911 -0.0045485892 0.0163432267 0.0047237319 0.9998552799
-94.2 284.1 2277.7 0.2645745277 -0.8500075936 -0.4555078447 0.4843655527 0.5255669355 -0.6994064450 0.8339006901 -0.0355871841 0.5507660508
-154.6 173.4 2087.1 -0.5244992375 -0.8500075936 0.0488631874 -0.8506758213 0.5255669355 0.0114004919 -0.0353713818 -0.0355871841 -0.9987404346
187.2 281.1 2282.3 0.1454912573 0.5521650314 0.8209421635 -0.9886854887 0.1117681935 0.1000443250 -0.0365142450 -0.8262091875 0.5621788502
228.0 4.2 2272.1 -0.0269482769 0.5609079599 0.8274394274 -0.9504734278 0.2420133054 -0.1950122267 -0.3096352518 -0.7917144895 0.5266063213
-51.6 -112.4 2277.3 0.9946781397 0.1012435257 -0.0191094521 -0.1005256623 0.9943048954 0.0353884920 0.0225834772 -0.0332791694 0.9991909266
-91.8 -507.5 2290.5 0.9971197844 0.0753232464 -0.0088599669 -0.0734452978 0.9881302714 0.1349234134 0.0189176705 -0.1338840872 0.9908164144
131.8 -114.8 2279.3 0.9115309715 0.0637619570 0.4062581360 -0.0704090968 0.9975171685 0.0014188695 -0.4051589966 -0.0298976135 0.9137572646
106.5 -511.5 2291.2 0.9109424353 -0.0379806608 0.4107813835 -0.0080812089 0.9939188361 0.1098180562 -0.4124543369 -0.1033575386 0.9050959349
-20.5 390.9 2096.2 0 0 0 0 0 0 0 0 0
220.5 -260.4 2185.9 0 0 0 0 0 0 0 0 0
-117.6 -845.4 2336.3 0 0 0 0 0 0 0 0 0
118.1 -813.9 2322.7 0 0 0 0 0 0 0 0 0
24.6 488.1 2266.8  0.9940506220 -0.1060574129 -0.0248032548 0.1073918268 0.9923620820 0.0606999174 0.0181761347 -0.0630024597 0.9978478551
46.6 281.8 2279.9 0.9940506220 -0.1060574129 -0.0248032548 0.1073918268 0.9923620820 0.0606999174 0.0181761347 -0.0630024597 0.9978478551
44.7 83.1 2278.3 0.9997196198 0.0099243512 -0.0214977339 -0.0100941500 0.9999185801 -0.0078043547 0.0214185305 0.0080191679 0.9997384548
-94.1 283.3 2276.9 0.2893234193 -0.8497737646 -0.4406546056 0.4952320755 0.5268275738 -0.6907951236 0.8191685677 -0.0183630884 0.5732588172
-160.3 170.0 2089.5 -0.5266358256 -0.8497737646 0.0232209750 -0.8499681354 0.5268275738 0.0026090173 -0.0144505259 -0.0183630884 -0.9997269511
187.3 280.4 2282.9 0.1443075836 0.5563820004 0.8182996511 -0.9887353182 0.1142696813 0.0966692343 -0.0397218205 -0.8230319023 0.5666045547
227.8 3.2 2271.8 -0.0156526417 0.5641741157 0.8255074620 -0.9495941401 0.2501345277 -0.1889541745 -0.3130909801 -0.7868546844 0.5318211913
-49.4 -114.0 2276.6 0.9940740466 0.1058996767 -0.0245358981 -0.1051715687 0.9940229654 0.0292789154 0.0274898745 -0.0265249331 0.9992700815
-91.5 -509.1 2287.2 0.9972617626 0.0733581185 -0.0093573341 -0.0707253516 0.9830480814 0.1691579968 0.0216078218 -0.1680330038 0.9855445027
134.1 -115.9 2279.6 0.9132594466 0.0694201887 0.4014200270 -0.0741692930 0.9972387552 -0.0037185317 -0.4005697370 -0.0263770558 0.9158865213
106.5 -512.4 2290.1 0.9127013087 -0.0387402885 0.4067867696 -0.0082158744 0.9935547709 0.1130549088 -0.4085447192 -0.1065274701 0.9065004587
-25.0 388.2 2093.2 0 0 0 0 0 0 0 0 0
223.4 -261.2 2184.6 0 0 0 0 0 0 0 0 0
-118.1 -864.9 2348.0 0 0 0 0 0 0 0 0 0
118.2 -813.5 2322.4 0 0 0 0 0 0 0 0 0
24.6 487.4 2267.3  0.9975977540 -0.0678935871 0.0137561671 0.0671942085 0.9966720343 0.0461501516 -0.0168436859 -0.0451149531 0.9988397956
38.4 284.6 2276.5 0.9975977540 -0.0678935871 0.0137561671 0.0671942085 0.9966720343 0.0461501516 -0.0168436859 -0.0451149531 0.9988397956
40.0 85.8 2277.6 0.9998534918 -0.0077401344 0.0152684795 0.0076457979 0.9999513626 0.0062272372 -0.0153159369 -0.0061095851 0.9998640418
-102.2 283.5 2278.7 0.2715908885 -0.8625746369 -0.4268529117 0.5209287405 0.5046904683 -0.6884190440 0.8092414141 -0.0353915989 0.5864092112
-164.8 163.5 2092.2 -0.5057624578 -0.8625746369 0.0130142281 -0.8619762659 0.5046904683 -0.0477964431 0.0346598402 -0.0353915989 -0.9987723231
179.0 285.6 2274.3 0.1687628031 0.5253001451 0.8340137005 -0.9855448604 0.1026784554 0.1347535402 -0.0148491813 -0.8446992636 0.5350351930
227.5 2.2 2270.0 -0.0134180980 0.5345594287 0.8450243473 -0.9487507343 0.2600499988 -0.1795718819 -0.3157404363 -0.8041269779 0.5036742687
-49.0 -114.8 2274.8 0.9944942594 0.1043629274 0.0094654560 -0.1045463756 0.9942861199 0.0215687603 -0.0071603921 -0.0224395860 0.9997225404
-90.5 -510.1 2283.7 0.9965800047 0.0780466720 0.0271477792 -0.0818087906 0.9781672955 0.1910394728 -0.0116450740 -0.1926070452 0.9812068939
134.4 -116.7 2278.7 0.8983639479 0.0690713674 0.4337871969 -0.0773337185 0.9970042706 0.0014047995 -0.4323906600 -0.0348084010 0.9010142684
107.0 -513.1 2292.5 0.8980134130 -0.0346862078 0.4385986328 -0.0125121037 0.9944708347 0.1042649373 -0.4397901297 -0.0991191044 0.8926141858
-34.6 385.4 2083.3 0 0 0 0 0 0 0 0 0
223.8 -262.0 2182.1 0 0 0 0 0 0 0 0 0
-119.6 -874.0 2355.3 0 0 0 0 0 0 0 0 0
117.4 -811.9 2322.3 0 0 0 0 0 0 0 0 0
22.7 486.4 2268.0  0.9979024529 -0.0538328476 0.0359540284 0.0525537208 0.9979825616 0.0356219746 -0.0377991237 -0.0336577371 0.9987183809
33.6 285.3 2274.8 0.9979024529 -0.0538328476 0.0359540284 0.0525537208 0.9979825616 0.0356219746 -0.0377991237 -0.0336577371 0.9987183809
37.9 86.6 2277.0 0.9990828633 -0.0218016040 0.0368522741 0.0213762466 0.9997007251 0.0118971821 -0.0371006206 -0.0110985078 0.9992498755
-106.9 282.3 2280.1 0.2586940527 -0.8708174825 -0.4180362523 0.5267781019 0.4899334311 -0.6946006417 0.8096803427 -0.0405232795 0.5854704380
-166.4 161.2 2093.9 -0.4916021526 -0.8708174825 0.0020584743 -0.8681914806 0.4899334311 -0.0787956864 0.0676081479 -0.0405232795 -0.9968886375
174.1 288.3 2269.6 0.1865276992 0.5074356794 0.8412588239 -0.9824470878 0.0943693146 0.1609103233 0.0022626219 -0.8565065265 0.5161312222
227.1 9.3 2270.2 -0.0084933294 0.5159509182 0.8565760255 -0.9528952241 0.2555401027 -0.1633706838 -0.3031807840 -0.8176147342 0.4894768000
-50.1 -113.6 2280.2 0.9945080876 0.1006648242 0.0286394302 -0.1008261293 0.9948950410 0.0042413520 -0.0280662719 -0.0071056620 0.9995808005
-90.1 -509.1 2283.0 0.9951318502 0.0860807076 0.0479868986 -0.0940366238 0.9750741124 0.2009667754 -0.0294914190 -0.2045009583 0.9784219861
133.2 -112.3 2277.4 0.8890214562 0.0665846020 0.4529981613 -0.0796039253 0.9967792630 0.0097118421 -0.4508925080 -0.0446944684 0.8914585710
106.8 -508.6 2295.1 0.8886862397 -0.0365763642 0.4570546448 -0.0082555758 0.9953752160 0.0957080796 -0.4584415257 -0.0888277069 0.8842743039
-39.5 385.4 2076.5 0 0 0 0 0 0 0 0 0
224.7 -256.0 2185.8 0 0 0 0 0 0 0 0 0
-122.6 -876.8 2360.1 0 0 0 0 0 0 0 0 0
117.9 -811.9 2322.2 0 0 0 0 0 0 0 0 0
20.1 485.3 2267.9  0.9973357916 -0.0619031712 0.0385912620 0.0602626204 0.9972851872 0.0423165038 -0.0411060192 -0.0398781523 0.9983586669
32.6 285.4 2275.9 0.9973357916 -0.0619031712 0.0385912620 0.0602626204 0.9972851872 0.0423165038 -0.0411060192 -0.0398781523 0.9983586669
37.7 86.6 2277.3 0.9988637567 -0.0257651769 0.0400919579 0.0254588183 0.9996427894 0.0081333378 -0.0402871966 -0.0071034026 0.9991629124
-108.0 281.8 2281.6 0.2549892366 -0.8730766177 -0.4155932367 0.5284091234 0.4857657850 -0.6962868571 0.8097927570 -0.0420575924 0.5852066875
-166.3 160.9 2096.3 -0.4875810444 -0.8730766177 -0.0014006137 -0.8695712090 0.4857657850 -0.0887555555 0.0781707689 -0.0420575924 -0.9960524440
173.1 288.9 2270.2 0.1966152042 0.5027638674 0.8417665958 -0.9804535508 0.1072072983 0.1649769992 -0.0072990488 -0.8577499986 0.5140151978
229.6 7.4 2268.1 -0.0200051516 0.5110997558 0.8592885733 -0.9536115527 0.2484575063 -0.1699821353 -0.3003745377 -0.8228279948 0.4824201465
-49.3 -114.0 2282.5 0.9942851663 0.1018733978 0.0319180302 -0.1019418538 0.9947901964 0.0005205231 -0.0316987187 -0.0037713316 0.9994903803
-89.8 -509.5 2284.0 0.9951139688 0.0844519958 0.0511471219 -0.0928603858 0.9765469432 0.1942499429 -0.0335427672 -0.1980503798 0.9796177745
133.9 -110.1 2275.7 0.8871141672 0.0717211366 0.4559435546 -0.0851042643 0.9963326454 0.0088587459 -0.4536361098 -0.0466614589 0.8899645805
105.4 -506.3 2294.3 0.8866366148 -0.0419414863 0.4605610073 -0.0043090796 0.9950866699 0.0989141464 -0.4624467194 -0.0896854997 0.8820995092
-41.1 384.2 2076.3 0 0 0 0 0 0 0 0 0
223.9 -261.0 2183.6 0 0 0 0 0 0 0 0 0
-121.9 -880.3 2359.2 0 0 0 0 0 0 0 0 0
118.3 -812.3 2321.8 0 0 0 0 0 0 0 0 0
18.7 488.2 2267.3  0.9956640005 -0.0893561691 0.0258596539 0.0880400017 0.9949496984 0.0482078567 -0.0300367251 -0.0457221419 0.9985024929
37.1 283.4 2276.8 0.9956640005 -0.0893561691 0.0258596539 0.0880400017 0.9949496984 0.0482078567 -0.0300367251 -0.0457221419 0.9985024929
41.7 84.7 2277.5 0.9993327856 -0.0230424292 0.0283368155 0.0229311138 0.9997280240 0.0042470074 -0.0284269694 -0.0035943789 0.9995893836
-103.6 280.2 2280.8 0.2760437727 -0.8634769917 -0.4221461117 0.5142406225 0.5037443638 -0.6941168308 0.8120076656 -0.0254780389 0.5830904245
-166.7 162.5 2094.9 -0.5043793917 -0.8634769917 -0.0029882330 -0.8620603085 0.5037443638 -0.0556209795 0.0495327413 -0.0254780389 -0.9984474778
177.7 286.6 2272.8 0.1873613894 0.5127627254 0.8378365636 -0.9821745753 0.1109261587 0.1517513096 -0.0151255745 -0.8513340950 0.5244057775
230.0 12.3 2268.5 -0.0195482541 0.5216505527 0.8529352546 -0.9497637153 0.2568332553 -0.1788452566 -0.3123568594 -0.8135830164 0.4904241264
-48.8 -114.4 2282.4 0.9944222569 0.1035973206 0.0197973121 -0.1034850702 0.9946089983 -0.0066157235 -0.0203759558 0.0045300969 0.9997821450
-90.0 -509.8 2280.6 0.9953252673 0.0872812420 0.0413475893 -0.0939432681 0.9742916226 0.2047693580 -0.0224120840 -0.2076964527 0.9779365659
134.5 -109.7 2275.0 0.8934505582 0.0661834255 0.4442587197 -0.0676743537 0.9976288676 -0.0125215426 -0.4440340400 -0.0188775435 0.8958110213
108.2 -506.2 2282.5 0.8936657906 -0.0152668729 0.4484734237 -0.0781786740 0.9788394570 0.1891068965 -0.4418705702 -0.2040594220 0.8735617399
-37.3 383.7 2082.2 0 0 0 0 0 0 0 0 0
224.5 -256.3 2180.2 0 0 0 0 0 0 0 0 0
-123.2 -881.0 2359.7 0 0 0 0 0 0 0 0 0
113.4 -842.0 2352.5 0 0 0 0 0 0 0 0 0
16.7 491.4 2267.1  0.9937616587 -0.1106463969 0.0139694680 0.1098762304 0.9928183556 0.0473167785 -0.0191045757 -0.0454866886 0.9987822175
39.9 283.5 2276.6 0.9937616587 -0.1106463969 0.0139694680 0.1098762304 0.9928183556 0.0473167785 -0.0191045757 -0.0454866886 0.9987822175
44.4 84.8 2276.9 0.9995994568 -0.0226368215 0.0169865135 0.0226024557 0.9997420907 0.0022124958 -0.0170322154 -0.0018276726 0.9998532534
-100.8 280.4 2279.0 0.2654397488 -0.8558322191 -0.4439514875 0.4986632466 0.5159639120 -0.6965028644 0.8251525164 -0.0365027562 0.5637294054
-161.3 166.6 2090.7 -0.5158118010 -0.8558322191 0.0385924242 -0.8565843105 0.5159639120 -0.0066789719 -0.0141962180 -0.0365027562 -0.9992327094
180.6 286.7 2274.2 0.1892755628 0.5215684175 0.8319502473 -0.9817386270 0.1169807166 0.1500158161 -0.0190786272 -0.8451520205 0.5341854095
233.3 13.0 2268.9 -0.0275037196 0.5316433311 0.8465216756 -0.9454512000 0.2611544728 -0.1947315335 -0.3246006370 -0.8057007790 0.4954600930
-45.4 -116.2 2280.8 0.9934077263 0.1142388731 0.0095176352 -0.1142549440 0.9934507608 0.0011607073 -0.0093227038 -0.0022404925 0.9999540448
