81.5 450.2 2089.6 6 0.9978776574 -0.0499672666 -0.0417543165 0.0485689566 0.9982457757 -0.0338584483 0.0433728844 0.0317586251 0.9985540509
93.6 207.4 2081.8 0.9978776574 -0.0499672666 -0.0417543165 0.0485689566 0.9982457757 -0.0338584483 0.0433728844 0.0317586251 0.9985540509
79.3 15.4 2106.0 0.9964960217 0.0735405609 -0.0398432240 -0.0679373741 0.9895359278 0.1272914708 0.0487873890 -0.1241386011 0.9910647869
-42.5 216.7 2075.2 0.8204594851 -0.4949924946 -0.2860571444 0.0915216878 0.6076250076 -0.7889332175 0.5643314719 0.6211072803 0.5438342690
-212.7 197.7 1958.1 -0.7072480917 -0.4949924946 -0.5047599673 -0.6970081925 0.6076250076 0.3807511032 0.1182358339 0.6211072803 -0.7747554183
229.7 198.1 2088.5 0.7610684633 0.4690851271 0.4480333924 -0.4769238830 -0.0635176599 0.8766465187 0.4396798909 -0.8808658719 0.1753766090
370.1 110.1 2169.6 -0.5831704140 0.4690851271 0.6632280350 -0.7713103890 -0.0635176599 -0.6332817674 -0.2549363673 -0.8808658719 0.3988518715
-28.1 -167.8 2125.3 0.9839825630 0.0206059627 -0.1770698726 -0.0220004097 0.9997404814 -0.0059152055 0.1769020408 0.0097160684 0.9841805100
-36.1 -555.8 2121.5 0.9845665097 0.0269828141 -0.1729181707 -0.0055192644 0.9923388362 0.1234226078 0.1749237031 -0.1205633879 0.9771725535
150.1 -182.2 2134.2 0.9974039793 0.0553772114 -0.0460289493 -0.0565349571 0.9981062412 -0.0242423899 0.0445993096 0.0267817006 0.9986459017
128.6 -569.6 2123.8 0.9948341846 -0.0918190703 -0.0432923660 0.0929198563 0.9953809977 0.0241357163 0.0408762805 -0.0280337557 0.9987708926
-24.2 383.5 1926.5 0 0 0 0 0 0 0 0 0
207.4 -105.0 2098.5 0 0 0 0 0 0 0 0 0
-46.2 -926.0 2166.5 0 0 0 0 0 0 0 0 0
162.9 -941.0 2134.3 0 0 0 0 0 0 0 0 0
82.9 451.3 2095.3 7 0.9983016253 -0.0367233194 -0.0452248082 0.0340439342 0.9976976514 -0.0586548597 0.0472746864 0.0570156127 0.9972534180
91.9 205.4 2081.2 0.9983016253 -0.0367233194 -0.0452248082 0.0340439342 0.9976976514 -0.0586548597 0.0472746864 0.0570156127 0.9972534180
78.4 13.2 2105.1 0.9966674447 0.0698384494 -0.0421493873 -0.0640429482 0.9899683595 0.1259408593 0.0505220741 -0.1228217855 0.9911419153
-44.2 214.1 2074.3 0.8268665075 -0.4819348454 -0.2898802757 0.0716731325 0.6015340686 -0.7956253886 0.5578124523 0.6370993257 0.5319301486
-214.6 199.3 1959.4 -0.7113592029 -0.4819348454 -0.5115728974 -0.6931341290 0.6015340686 0.3971420825 0.1163319200 0.6370993257 -0.7619522810
228.1 196.6 2088.1 0.7706604600 0.4461719990 0.4549868405 -0.4668916166 -0.0905922875 0.8796620369 0.4336988628 -0.8903502822 0.1384980679
371.0 110.0 2168.6 -0.6108709574 0.4461719990 0.6540391445 -0.7578874230 -0.0905922875 -0.6460647583 -0.2290050983 -0.8903502822 0.3934883475
-24.1 -170.6 2125.7 0.9835683107 0.0246264040 -0.1788490266 -0.0265826769 0.9996100664 -0.0085495347 0.1785687357 0.0131633366 0.9838393927
-33.7 -558.6 2120.6 0.9839100838 0.0425232127 -0.1735302955 -0.0192476362 0.9908390045 0.1336695403 0.1776246578 -0.1281787455 0.9757149816
154.3 -182.7 2134.5 0.9967177510 0.0654800385 -0.0476029366 -0.0666379482 0.9975084662 -0.0231568757 0.0459680222 0.0262530316 0.9985978603
128.9 -569.9 2124.3 0.9949688315 -0.0895541906 -0.0449111983 0.0904046148 0.9957553148 0.0172722246 0.0431737639 -0.0212455057 0.9988416433
-24.9 384.2 1928.3 0 0 0 0 0 0 0 0 0
200.7 -101.2 2104.7 0 0 0 0 0 0 0 0 0
-49.6 -928.3 2168.5 0 0 0 0 0 0 0 0 0
162.3 -941.5 2132.2 0 0 0 0 0 0 0 0 0
82.6 448.7 2092.1 8 0.9962747693 -0.0476252809 -0.0718915462 0.0443593897 0.9979392886 -0.0463614948 0.0739513785 0.0429997221 0.9963343740
94.1 207.1 2081.7 0.9962747693 -0.0476252809 -0.0718915462 0.0443593897 0.9979392886 -0.0463614948 0.0739513785 0.0429997221 0.9963343740
80.6 15.1 2107.1 0.9951328635 0.0694655105 -0.0698939040 -0.0595294237 0.9890042543 0.1353765875 0.0785293728 -0.1305569410 0.9883258939
-41.8 215.2 2071.0 0.8419222832 -0.4642953873 -0.2749485373 0.0689851493 0.5979759693 -0.7985397577 0.5351709723 0.6533410549 0.5354787707
-215.7 201.0 1960.4 -0.7169858813 -0.4642953873 -0.5199626088 -0.6868365407 0.5979759693 0.4131347239 0.1191085801 0.6533410549 -0.7476353645
230.0 199.0 2092.4 0.7666484714 0.4242947400 0.4818963110 -0.4874689579 -0.1038417667 0.8669434190 0.4178805053 -0.8995503783 0.1272203773
371.2 109.2 2169.4 -0.6255336404 0.4242947400 0.6547378302 -0.7518901825 -0.1038417667 -0.6510592103 -0.2082518637 -0.8995503783 0.3839795589
-24.5 -173.2 2124.4 0.9783343673 0.0215345267 -0.2059080154 -0.0226961151 0.9997370243 -0.0032807197 0.2057832181 0.0078829527 0.9785658717
-32.8 -561.3 2121.3 0.9784787297 0.0486563034 -0.2005291134 -0.0198432058 0.9894856215 0.1432637721 0.2053913623 -0.1362014115 0.9691560864
154.1 -184.6 2133.5 0.9949920774 0.0657015294 -0.0753260702 -0.0673065782 0.9975520372 -0.0189684480 0.0738954172 0.0239433963 0.9969785213
128.6 -571.9 2124.2 0.9932701588 -0.0896742120 -0.0732998699 0.0907359421 0.9958111048 0.0112786684 0.0719814226 -0.0178536978 0.9972461462
-24.0 384.6 1928.6 0 0 0 0 0 0 0 0 0
196.8 -100.4 2111.4 0 0 0 0 0 0 0 0 0
-51.0 -930.5 2172.2 0 0 0 0 0 0 0 0 0
162.1 -943.6 2130.8 0 0 0 0 0 0 0 0 0
81.7 449.5 2090.5 9 0.9959763288 -0.0611415319 -0.0655195788 0.0582783222 0.9972966313 -0.0447562411 0.0680789202 0.0407577865 0.9968470335
96.7 204.0 2080.5 0.9959763288 -0.0611415319 -0.0655195788 0.0582783222 0.9972966313 -0.0447562411 0.0680789202 0.0407577865 0.9968470335
81.1 12.3 2106.5 0.9946976900 0.0807375610 -0.0637020841 -0.0712437928 0.9876775742 0.1393462569 0.0741675943 -0.1340690106 0.9881926179
-39.1 213.7 2070.4 0.8500519395 -0.4538629055 -0.2672453821 0.0596796088 0.5871279836 -0.8072912097 0.5233067870 0.6702903509 0.5261756778
-216.2 201.3 1961.3 -0.7300343513 -0.4538629055 -0.5109387040 -0.6763323545 0.5871279836 0.4448091984 0.0981039926 0.6702903509 -0.7355857491
232.6 194.3 2090.6 0.7700045109 0.4374966025 0.4644241333 -0.4679684043 -0.1075325534 0.8771786094 0.4337033927 -0.8927673101 0.1219340488
370.2 110.7 2168.1 -0.6115895510 0.4374966025 0.6592078209 -0.7634108067 -0.1075325534 -0.6368992925 -0.2077549696 -0.8927673101 0.3997554183
-22.0 -171.5 2125.4 0.9786549807 0.0427929275 -0.2010055929 -0.0410090834 0.9990738034 0.0130322250 0.2013771087 -0.0045109959 0.9795033932
-38.6 -559.2 2127.1 0.9799327254 0.0245040469 -0.1978166997 -0.0092587732 0.9969394207 0.0776278004 0.1991134584 -0.0742384791 0.9771603942
156.2 -182.1 2139.4 0.9949919581 0.0686147436 -0.0726845115 -0.0715473443 0.9966923594 -0.0385397263 0.0697996989 0.0435471013 0.9966101050
129.6 -569.0 2122.5 0.9943569303 -0.0813421682 -0.0681012645 0.0832668245 0.9961903095 0.0259122644 0.0657340661 -0.0314366147 0.9973418713
-20.3 382.8 1935.0 0 0 0 0 0 0 0 0 0
199.7 -102.2 2110.2 0 0 0 0 0 0 0 0 0
-47.8 -930.5 2154.8 0 0 0 0 0 0 0 0 0
159.9 -940.8 2134.3 0 0 0 0 0 0 0 0 0
82.5 449.1 2090.3 0 0.9957304001 -0.0529660694 -0.0756011456 0.0508673415 0.9982719421 -0.0294225588 0.0770289004 0.0254513063 0.9967039824
95.3 207.5 2084.1 0.9957304001 -0.0529660694 -0.0756011456 0.0508673415 0.9982719421 -0.0294225588 0.0770289004 0.0254513063 0.9967039824
79.7 15.6 2108.6 0.9940618873 0.0803577080 -0.0733732209 -0.0701699406 0.9887372255 0.1321925074 0.0831695274 -0.1262589395 0.9885047078
-40.4 217.1 2072.7 0.8415067792 -0.4693392515 -0.2675574422 0.0766853020 0.5940061808 -0.8007971048 0.5347762704 0.6533584595 0.5358516574
-216.4 201.1 1960.9 -0.7358340621 -0.4693392515 -0.4881279469 -0.6721202135 0.5940061808 0.4420532286 0.0824780911 0.6533584595 -0.7525423765
231.1 198.0 2095.5 0.7753463984 0.4305449426 0.4620270431 -0.4789743423 -0.0759263560 0.8745391965 0.4116084576 -0.8993698955 0.1473507583
368.9 112.9 2168.6 -0.5951732397 0.4305449426 0.6785277128 -0.7729921937 -0.0759263560 -0.6298556924 -0.2196630687 -0.8993698955 0.3779972196
-23.7 -173.0 2125.9 0.9767668247 0.0388137326 -0.2107605785 -0.0405460261 0.9991700649 -0.0039024970 0.2104341835 0.0123573327 0.9775299430
-38.8 -560.8 2121.1 0.9788981080 0.0089917695 -0.2041509598 0.0164583158 0.9923167825 0.1226234585 0.2036850303 -0.1233958527 0.9712290764
154.5 -185.8 2139.2 0.9945470095 0.0650687963 -0.0815004930 -0.0681902096 0.9970183969 -0.0361172780 0.0789073780 0.0414778665 0.9960187078
129.2 -572.8 2123.1 0.9935316443 -0.0828609690 -0.0776463524 0.0847197846 0.9961844683 0.0209536608 0.0756138489 -0.0273963064 0.9967607260
-18.2 382.1 1938.7 0 0 0 0 0 0 0 0 0
203.0 -102.7 2107.4 0 0 0 0 0 0 0 0 0
-42.1 -930.3 2167.1 0 0 0 0 0 0 0 0 0
160.1 -944.6 2133.4 0 0 0 0 0 0 0 0 0
82.3 447.3 2088.6 1 0.9958884716 -0.0566062741 -0.0707235783 0.0546710603 0.9980829954 -0.0290070027 0.0722299814 0.0250212066 0.9970741272
95.8 207.9 2082.6 0.9958884716 -0.0566062741 -0.0707235783 0.0546710603 0.9980829954 -0.0290070027 0.0722299814 0.0250212066 0.9970741272
79.6 16.1 2107.4 0.9941241741 0.0838190019 -0.0684942305 -0.0741101056 0.9882442951 0.1337193102 0.0788972527 -0.1278574914 0.9886494279
-40.0 218.0 2071.8 0.8410313725 -0.4718771279 -0.2645716667 0.0841785893 0.5972459912 -0.7976284623 0.5343970060 0.6485593319 0.5420246124
-216.5 200.4 1959.7 -0.7377458811 -0.4718771279 -0.4827660322 -0.6702656150 0.5972459912 0.4405010641 0.0804677084 0.6485593319 -0.7568987608
231.7 197.8 2093.4 0.7686095238 0.4452683926 0.4593206346 -0.4812932909 -0.0704990402 0.8737199903 0.4214215577 -0.8926174641 0.1601184458
369.8 111.3 2169.1 -0.6049194336 0.4452683926 0.6601579785 -0.7586755753 -0.0704990402 -0.6476428509 -0.2418343723 -0.8926174641 0.3804604709
-24.9 -170.0 2125.7 0.9782367945 0.0178413615 -0.2067232579 -0.0203093179 0.9997454882 -0.0098223090 0.2064954042 0.0138069522 0.9783501625
-31.8 -558.0 2120.3 0.9776167274 0.0563089065 -0.2027186006 -0.0325495042 0.9923981428 0.1186862737 0.2078606635 -0.1094312966 0.9720178843
153.2 -182.6 2140.6 0.9948306084 0.0653958619 -0.0776883811 -0.0687045977 0.9968062043 -0.0407065786 0.0747782215 0.0458336957 0.9961463213
127.8 -569.5 2122.8 0.9932602644 -0.0899892002 -0.0730477646 0.0921925306 0.9953650832 0.0273666698 0.0702464879 -0.0339166857 0.9969528913
-17.4 381.2 1938.0 0 0 0 0 0 0 0 0 0
201.2 -100.2 2101.7 0 0 0 0 0 0 0 0 0
-52.8 -927.6 2161.1 0 0 0 0 0 0 0 0 0
161.4 -941.1 2135.4 0 0 0 0 0 0 0 0 0
81.7 447.6 2088.3 2 0.9964627028 -0.0533535667 -0.0649265796 0.0514183305 0.9981921315 -0.0311222635 0.0664696917 0.0276737586 0.9974045753
94.5 209.0 2081.7 0.9964627028 -0.0533535667 -0.0649265796 0.0514183305 0.9981921315 -0.0311222635 0.0664696917 0.0276737586 0.9974045753
79.4 17.2 2107.9 0.9949763417 0.0779573768 -0.0628066063 -0.0685560107 0.9877756238 0.1399978250 0.0729526952 -0.1349887550 0.9881578684
-41.4 218.3 2071.7 0.8383549452 -0.4805041552 -0.2574427128 0.0865258649 0.5835716724 -0.8074387908 0.5382139683 0.6546448469 0.5308161974
-216.4 200.3 1959.4 -0.7276353836 -0.4805041552 -0.4895533621 -0.6819764376 0.5835716724 0.4408540428 0.0738572702 0.6546448469 -0.7523198724
230.4 199.6 2091.6 0.7644894719 0.4510641396 0.4605399072 -0.4868961573 -0.0641788766 0.8710988760 0.4224783778 -0.8901810050 0.1705573201
370.3 110.5 2168.9 -0.6072406769 0.4510641396 0.6540641189 -0.7530236840 -0.0641788766 -0.6548559666 -0.2534049451 -0.8901810050 0.3786340058
-25.7 -169.1 2125.2 0.9796532989 0.0093137473 -0.2004809529 -0.0125121279 0.9998137951 -0.0146923438 0.2003067732 0.0169018470 0.9795874357
-29.4 -557.2 2118.6 0.9781064987 0.0661071390 -0.1973259747 -0.0423842110 0.9916107059 0.1221140623 0.2037431598 -0.1110770479 0.9727027416
152.4 -182.4 2139.3 0.9955519438 0.0616414174 -0.0712508783 -0.0644267797 0.9972184896 -0.0374766774 0.0687425733 0.0419004411 0.9967541099
128.4 -569.5 2123.1 0.9937670827 -0.0889823958 -0.0671499223 0.0909331813 0.9955024719 0.0265705138 0.0644836053 -0.0325110592 0.9973890185
-19.8 384.5 1939.5 0 0 0 0 0 0 0 0 0
201.0 -99.5 2098.3 0 0 0 0 0 0 0 0 0
-54.0 -926.9 2160.0 0 0 0 0 0 0 0 0 0
161.7 -941.2 2135.2 0 0 0 0 0 0 0 0 0
81.1 447.5 2088.1 3 0.9974158406 -0.0429745354 -0.0575740747 0.0413842574 0.9987357259 -0.0285352487 0.0587275736 0.0260788500 0.9979333282
91.3 208.7 2081.9 0.9974158406 -0.0429745354 -0.0575740747 0.0413842574 0.9987357259 -0.0285352487 0.0587275736 0.0260788500 0.9979333282
78.7 16.7 2107.4 0.9963108301 0.0652503669 -0.0557415485 -0.0572310165 0.9891911745 0.1350017190 0.0639479607 -0.1313135326 0.9892762303
-44.8 216.5 2073.2 0.8303486705 -0.4837808311 -0.2765451968 0.0816683993 0.5965647697 -0.7983988523 0.5512271523 0.6403644085 0.5348663926
-217.3 199.5 1958.6 -0.7224130034 -0.4837808311 -0.4940400124 -0.6852335334 0.5965647697 0.4178103209 0.0925982594 0.6403644085 -0.7624689937
227.4 200.9 2090.6 0.7663415670 0.4530758262 0.4554590285 -0.4823257029 -0.0625374615 0.8737568259 0.4243613482 -0.8892757297 0.1706050634
369.4 111.5 2169.2 -0.6041218638 0.4530758262 0.6555600762 -0.7550952435 -0.0625374615 -0.6526256800 -0.2546918690 -0.8892757297 0.3798956573
-24.9 -168.4 2127.5 0.9813277721 0.0167878531 -0.1916089207 -0.0195160359 0.9997331500 -0.0123598380 0.1913502961 0.0158684980 0.9813935161
-31.4 -556.5 2121.4 0.9809792638 0.0486782379 -0.1879099756 -0.0272301864 0.9929831028 0.1150786281 0.1921932548 -0.1077729166 0.9754213095
153.4 -180.7 2140.6 0.9960476756 0.0637254715 -0.0618714988 -0.0662491769 0.9970157743 -0.0396312214 0.0591613390 0.0435735211 0.9972969890
128.6 -567.7 2123.7 0.9944318533 -0.0884489566 -0.0572892725 0.0902589187 0.9954720736 0.0298115071 0.0543930754 -0.0348163806 0.9979124069
-21.9 384.8 1933.6 0 0 0 0 0 0 0 0 0
200.9 -99.1 2098.2 0 0 0 0 0 0 0 0 0
-49.6 -926.8 2161.6 0 0 0 0 0 0 0 0 0
161.6 -939.3 2136.7 0 0 0 0 0 0 0 0 0
79.8 449.3 2094.5 4 0.9978713989 -0.0232731607 -0.0609181263 0.0223729685 0.9996308088 -0.0154177789 0.0612544566 0.0140220420 0.9980236888
84.9 231.9 2091.5 0.9978713989 -0.0232731607 -0.0609181263 0.0223729685 0.9996308088 -0.0154177789 0.0612544566 0.0140220420 0.9980236888
78.1 38.9 2104.8 0.9975641370 0.0348634385 -0.0604184568 -0.0305652246 0.9970320463 0.0706604347 0.0627026036 -0.0686416104 0.9956690073
-51.4 236.1 2082.8 0.7917761803 -0.5419611335 -0.2817243040 0.1867705286 0.6539537311 -0.7331175208 0.5815558434 0.5278472304 0.6190073490
-219.8 196.4 1959.1 -0.7157991529 -0.5419611335 -0.4403518438 -0.6882985830 0.6539537311 0.3139898777 0.1177994087 0.5278472304 -0.8411305547
221.1 227.8 2100.2 0.7396491766 0.4093939364 0.5341495275 -0.5773304105 -0.0218861233 0.8162172437 0.3458448350 -0.9120951891 0.2201675177
368.8 112.5 2169.3 -0.6007223129 0.4093939364 0.6866798997 -0.7588929534 -0.0218861233 -0.6508474946 -0.2514242530 -0.9120951891 0.3238336444
-23.3 -170.2 2127.1 0.9813196659 0.0178806875 -0.1915516555 -0.0205978025 0.9997133613 -0.0122027993 0.1912785470 0.0159203894 0.9814066887
-30.2 -558.3 2120.9 0.9805746078 0.0593597926 -0.1869486719 -0.0346884802 0.9905654788 0.1325771511 0.1930546463 -0.1235168278 0.9733824730
155.7 -178.3 2137.3 0.9960560799 0.0675248355 -0.0575557239 -0.0694705471 0.9970543981 -0.0325011536 0.0551915541 0.0363713987 0.9978131056
129.3 -567.5 2123.1 0.9941458702 -0.0937165469 -0.0537693612 0.0950181931 0.9952284098 0.0221794285 0.0514342189 -0.0271586552 0.9983070493
-27.2 381.5 1927.4 0 0 0 0 0 0 0 0 0
201.3 -99.2 2099.1 0 0 0 0 0 0 0 0 0
-52.3 -927.9 2167.0 0 0 0 0 0 0 0 0 0
164.3 -939.0 2133.2 0 0 0 0 0 0 0 0 0
78.0 449.3 2091.8 5 0.9966461062 -0.0394895598 -0.0716733783 0.0392884873 0.9992190003 -0.0042135427 0.0717837960 0.0013834720 0.9974192381
86.4 236.1 2091.5 0.9966461062 -0.0394895598 -0.0716733783 0.0392884873 0.9992190003 -0.0042135427 0.0717837960 0.0013834720 0.9974192381
75.6 43.1 2105.4 0.9959202409 0.0556652956 -0.0710229352 -0.0502402820 0.9958405495 0.0760098398 0.0749586299 -0.0721315295 0.9945744276
-49.6 243.0 2081.2 0.7856592536 -0.5569633842 -0.2693164945 0.2141889334 0.6532809734 -0.7261866927 0.5803987384 0.5128506422 0.6325516105
-217.3 197.3 1957.3 -0.7137457132 -0.5569633842 -0.4246867299 -0.6922375560 0.6532809734 0.3066449463 0.1066497639 0.5128506422 -0.8518275023
222.4 229.3 2101.8 0.7379639149 0.3870831728 0.5527891517 -0.5850740671 -0.0412254743 0.8099313378 0.3362997770 -0.9211227298 0.1960494220
369.3 112.8 2168.7 -0.5982554555 0.3870831728 0.7016103268 -0.7713969946 -0.0412254743 -0.6350174546 -0.2168803364 -0.9211227298 0.3232581615
-17.9 -151.5 2112.4 0.9786969423 0.0321318954 -0.2027801424 -0.0287865456 0.9993968010 0.0194260087 0.2032820284 -0.0131748365 0.9790315628
-30.4 -539.2 2117.5 0.9791458249 0.0495013259 -0.1970355958 -0.0205050409 0.9889882803 0.1465664506 0.2021211237 -0.1394696981 0.9693787694
160.9 -155.8 2123.1 0.9938598871 0.0874762088 -0.0677526817 -0.0875847414 0.9961561561 0.0013726660 0.0676123276 0.0045698634 0.9977012277
126.9 -543.4 2121.4 0.9936864972 -0.0910657272 -0.0655295774 0.0929591730 0.9953187108 0.0264439620 0.0628146753 -0.0323685855 0.9975001812
-25.9 382.9 1928.7 0 0 0 0 0 0 0 0 0
202.5 -102.2 2108.3 0 0 0 0 0 0 0 0 0
-48.9 -908.3 2169.5 0 0 0 0 0 0 0 0 0
160.9 -914.9 2133.4 0 0 0 0 0 0 0 0 0
77.5 453.7 2089.9 6 0.9983325601 -0.0459562987 -0.0349309221 0.0457179807 0.9989255667 -0.0075913589 0.0352422632 0.0059817294 0.9993609190
88.1 223.9 2088.5 0.9983325601 -0.0459562987 -0.0349309221 0.0457179807 0.9989255667 -0.0075913589 0.0352422632 0.0059817294 0.9993609190
75.8 31.0 2104.7 0.9973891973 0.0636535287 -0.0341024250 -0.0605364591 0.9944776297 0.0857299119 0.0393711105 -0.0834416449 0.9957346320
-48.1 232.2 2083.1 0.7877053618 -0.5375813842 -0.3008762598 0.1593305916 0.6495526433 -0.7434346676 0.5950916409 0.5376687050 0.5973092318
-215.6 198.3 1956.5 -0.7253056169 -0.5375813842 -0.4300442040 -0.6814129949 0.6495526433 0.3372798860 0.0980209559 0.5376687050 -0.8374391198
224.2 215.6 2093.9 0.7509467602 0.4232801795 0.5068657398 -0.5325320959 -0.0657194108 0.8438545465 0.3904978037 -0.9036121368 0.1760585010
368.6 113.3 2169.0 -0.5928702950 0.4232801795 0.6850830317 -0.7742633820 -0.0657194108 -0.6294419765 -0.2214070559 -0.9036121368 0.3666934073
-24.4 -145.4 2112.6 0.9853967428 0.0286825746 -0.1678410619 -0.0282570664 0.9995885491 0.0049234251 0.1679132283 -0.0001088306 0.9858017564
-35.5 -533.4 2112.7 0.9864701629 0.0318248197 -0.1608222872 -0.0041549723 0.9855152965 0.1695355326 0.1638882607 -0.1665735245 0.9723137021
154.1 -153.9 2125.8 0.9965490103 0.0751527846 -0.0352437608 -0.0762763619 0.9965827465 -0.0316983238 0.0327411070 0.0342772007 0.9988759160
124.9 -541.0 2112.5 0.9940921664 -0.1053603888 -0.0260762293 0.1072496027 0.9904366732 0.0867915228 0.0166824628 -0.0890754387 0.9958851933
-21.2 381.0 1930.2 0 0 0 0 0 0 0 0 0
203.3 -102.6 2107.2 0 0 0 0 0 0 0 0 0
-47.4 -901.0 2174.8 0 0 0 0 0 0 0 0 0
164.2 -910.1 2145.7 0 0 0 0 0 0 0 0 0
78.7 453.9 2090.9 7 0.9980426431 -0.0447537489 -0.0436802544 0.0441034995 0.9989029765 -0.0157388728 0.0443367101 0.0137816146 0.9989215732
89.3 216.9 2087.6 0.9980426431 -0.0447537489 -0.0436802544 0.0441034995 0.9989029765 -0.0157388728 0.0443367101 0.0137816146 0.9989215732
75.8 24.1 2104.9 0.9966720343 0.0696600005 -0.0423362181 -0.0655478090 0.9936191440 0.0917852446 0.0484598354 -0.0887047425 0.9948784709
-46.8 225.9 2081.0 0.7978596687 -0.5210868716 -0.3031310737 0.1242331117 0.6341658235 -0.7631512880 0.5899034739 0.5712286830 0.5707115531
-215.2 199.6 1956.5 -0.7327590585 -0.5210868716 -0.4376444221 -0.6755807400 0.6341658235 0.3760643303 0.0815769434 0.5712286830 -0.8167269826
225.4 207.9 2094.3 0.7623704672 0.4199739397 0.4923547208 -0.5117378831 -0.0744723231 0.8559078574 0.3961257935 -0.9044753909 0.1581410617
368.5 111.9 2168.6 -0.6000454426 0.4199739397 0.6808578372 -0.7704827189 -0.0744723231 -0.6330957413 -0.2151786536 -0.9044753909 0.3682694435
-25.8 -156.4 2117.3 0.9840140343 0.0208326839 -0.1768681258 -0.0220765565 0.9997434616 -0.0050676391 0.1767171770 0.0088912677 0.9842215180
-33.9 -544.5 2113.9 0.9844553471 0.0424176492 -0.1704360992 -0.0128346551 0.9851780534 0.1710540950 0.1751656085 -0.1662076265 0.9704082012
152.8 -167.0 2124.3 0.9966195822 0.0695334077 -0.0437555797 -0.0704872832 0.9972989559 -0.0206468329 0.0422017500 0.0236612502 0.9988288879
125.8 -554.3 2115.1 0.9932357669 -0.1098771915 -0.0375454016 0.1121831462 0.9914848804 0.0661264881 0.0299599059 -0.0698911622 0.9971046448
-18.7 380.8 1934.6 0 0 0 0 0 0 0 0 0
201.1 -103.0 2108.6 0 0 0 0 0 0 0 0 0
-49.7 -912.1 2175.9 0 0 0 0 0 0 0 0 0
166.8 -924.0 2141.2 0 0 0 0 0 0 0 0 0
79.5 453.1 2090.4 8 0.9975589514 -0.0436525866 -0.0545028709 0.0425442494 0.9988667965 -0.0213331934 0.0553723574 0.0189623348 0.9982857108
90.0 212.7 2085.9 0.9975589514 -0.0436525866 -0.0545028709 0.0425442494 0.9988667965 -0.0213331934 0.0553723574 0.0189623348 0.9982857108
76.3 20.1 2105.5 0.9961083531 0.0705734715 -0.0527970009 -0.0647521168 0.9923784137 0.1048441976 0.0597938225 -0.1010174602 0.9930861592
-46.0 221.5 2077.7 0.8016594648 -0.5082319379 -0.3147099614 0.0943975970 0.6274869442 -0.7728837132 0.5902805924 0.5898816586 0.5510067344
-213.4 201.8 1954.5 -0.7447746992 -0.5082319379 -0.4324476123 -0.6641607881 0.6274869442 0.4063872397 0.0648162514 0.5898816586 -0.8048841357
226.1 203.9 2094.1 0.7664760351 0.4315956533 0.4756465852 -0.5011385083 -0.0613160506 0.8631920815 0.4017147422 -0.8999808431 0.1692919135
367.7 111.2 2168.3 -0.5917363167 0.4315956533 0.6808621883 -0.7722784877 -0.0613160506 -0.6323181391 -0.2311580032 -0.8999808431 0.3695949912
-27.0 -162.8 2117.7 0.9820855260 0.0207089838 -0.1872942597 -0.0203820784 0.9997855425 0.0036712219 0.1873301268 0.0002119922 0.9822970033
-35.0 -550.9 2117.6 0.9826801419 0.0360762887 -0.1817640960 -0.0066964980 0.9871392250 0.1597224325 0.1851886660 -0.1557388902 0.9702837467
151.6 -174.4 2126.4 0.9966566563 0.0613118336 -0.0540035069 -0.0615989342 0.9980942607 -0.0036664051 0.0536757931 0.0069807051 0.9985340238
127.8 -561.9 2123.6 0.9940649867 -0.0957173556 -0.0517012030 0.0975041538 0.9946807027 0.0332149155 0.0482469462 -0.0380588658 0.9981101155
-13.0 380.5 1937.1 0 0 0 0 0 0 0 0 0
202.7 -104.1 2103.8 0 0 0 0 0 0 0 0 0
-48.5 -919.3 2175.8 0 0 0 0 0 0 0 0 0
163.4 -932.8 2137.8 0 0 0 0 0 0 0 0 0
80.2 449.7 2091.2 9 0.9978494048 -0.0379783474 -0.0534244925 0.0362051092 0.9987733960 -0.0337769501 0.0546417534 0.0317700692 0.9980004430
89.3 210.5 2083.6 0.9978494048 -0.0379783474 -0.0534244925 0.0362051092 0.9987733960 -0.0337769501 0.0546417534 0.0317700692 0.9980004430
76.4 18.2 2106.3 0.9964851737 0.0662778392 -0.0512307733 -0.0597147085 0.9909205437 0.1204599515 0.0587494522 -0.1169773266 0.9913953543
-46.9 218.7 2075.6 0.8074129820 -0.5021281242 -0.3097606897 0.0840831548 0.6176049113 -0.7819809318 0.5839643478 0.6053358912 0.5408827066
-214.4 201.2 1954.4 -0.7427156568 -0.5021281242 -0.4429907501 -0.6665443778 0.6176049113 0.4174718559 0.0639689192 0.6053358912 -0.7933955193
225.4 202.4 2091.6 0.7665910125 0.4450111091 0.4629291296 -0.4889460504 -0.0628071204 0.8700500131 0.4162571430 -0.8933198452 0.1694390476
367.9 111.5 2169.0 -0.5969069600 0.4450111091 0.6675831079 -0.7644331455 -0.0628071204 -0.6416363120 -0.2436063141 -0.8933198452 0.3776712418
-26.6 -166.7 2119.7 0.9821847081 0.0303013157 -0.1854591072 -0.0283578448 0.9995116591 0.0131235300 0.1857662052 -0.0076305093 0.9825643301
-38.4 -554.7 2122.7 0.9834588766 0.0163540896 -0.1803915799 0.0082288226 0.9908534288 0.1346915066 0.1809443831 -0.1339479685 0.9743290544
151.8 -178.2 2130.4 0.9966176152 0.0620798655 -0.0538461879 -0.0631919205 0.9978166819 -0.0192000829 0.0525366850 0.0225377847 0.9983646274
127.7 -565.5 2121.7 0.9947377443 -0.0895689800 -0.0497409850 0.0918223858 0.9947566986 0.0450303443 0.0454468578 -0.0493607223 0.9977465272
-14.0 381.2 1937.1 0 0 0 0 0 0 0 0 0
201.5 -101.7 2101.1 0 0 0 0 0 0 0 0 0
-44.5 -924.4 2172.7 0 0 0 0 0 0 0 0 0
161.1 -936.7 2140.1 0 0 0 0 0 0 0 0 0
80.7 450.9 2089.6 0 0.9975665212 -0.0312960930 -0.0623023733 0.0293670502 0.9990677834 -0.0316413604 0.0632345453 0.0297347233 0.9975556135
88.2 212.1 2082.5 0.9975665212 -0.0312960930 -0.0623023733 0.0293670502 0.9990677834 -0.0316413604 0.0632345453 0.0297347233 0.9975556135
78.2 19.9 2107.8 0.9968419671 0.0512686297 -0.0606429875 -0.0427931137 0.9901074767 0.1336259991 0.0668938980 -0.1306089163 0.9891746640
-48.0 217.9 2073.4 0.8177337646 -0.4965519011 -0.2911145389 0.0879806653 0.6076452136 -0.7893204093 0.5688328743 0.6198415160 0.5405790210
-216.8 199.7 1955.9 -0.7246873379 -0.4965519011 -0.4777702689 -0.6832693815 0.6076452136 0.4048583210 0.0892816484 0.6198415160 -0.7796314955
224.3 206.2 2091.6 0.7629309297 0.4406857193 0.4730037451 -0.4984742999 -0.0648924559 0.8644722700 0.4116549790 -0.8953128457 0.1701620519
368.1 112.3 2169.2 -0.5980488658 0.4406857193 0.6694278717 -0.7650196552 -0.0648924559 -0.6407291889 -0.2389193773 -0.8953128457 0.3759421110
-25.7 -168.7 2123.7 0.9805160761 0.0351130515 -0.1932751685 -0.0327413641 0.9993444085 0.0154525600 0.1936910450 -0.0088233911 0.9810228944
-39.4 -556.7 2127.2 0.9819549322 0.0170681942 -0.1883433610 0.0064303712 0.9923295379 0.1234532893 0.1890058070 -0.1224366799 0.9743131399
152.8 -179.4 2134.2 0.9961158633 0.0625799745 -0.0619434305 -0.0640466511 0.9977048039 -0.0219804328 0.0604257211 0.0258623268 0.9978376031
128.5 -566.7 2124.2 0.9945428371 -0.0853195414 -0.0600429513 0.0859437138 0.9962688088 0.0078862263 0.0591460690 -0.0130035039 0.9981646538
-21.1 384.2 1931.8 0 0 0 0 0 0 0 0 0
201.3 -101.1 2102.5 0 0 0 0 0 0 0 0 0
-45.7 -927.0 2172.9 0 0 0 0 0 0 0 0 0
160.3 -938.3 2129.1 0 0 0 0 0 0 0 0 0
80.0 451.0 2088.3 1 0.9970848560 -0.0320434980 -0.0692460090 0.0297027957 0.9989607334 -0.0345722139 0.0702818558 0.0324146301 0.9970003963
87.8 208.5 2080.4 0.9970848560 -0.0320434980 -0.0692460090 0.0297027957 0.9989607334 -0.0345722139 0.0702818558 0.0324146301 0.9970003963
79.5 16.5 2107.1 0.9967496395 0.0427081734 -0.0683089495 -0.0327963494 0.9895865917 0.1401527077 0.0735832900 -0.1374568939 0.9877707958
-48.4 213.0 2070.4 0.8262549639 -0.4821457267 -0.2912701070 0.0677845627 0.5984278917 -0.7983040214 0.5592030287 0.6398590207 0.5271360278
-218.1 199.1 1955.5 -0.7211477160 -0.4821457267 -0.4974751174 -0.6858136058 0.5984278917 0.4141784310 0.0980086029 0.6398590207 -0.7622169852
224.0 204.0 2090.4 0.7677841783 0.4406876564 0.4650826454 -0.4845967591 -0.0754365623 0.8714787960 0.4191341698 -0.8944851756 0.1556368023
368.2 113.0 2169.2 -0.5985028744 0.4406876564 0.6690207124 -0.7673491836 -0.0754365623 -0.6367766857 -0.2301509827 -0.8944851756 0.3833103180
-21.0 -168.4 2127.2 0.9785359502 0.0483772978 -0.2003173530 -0.0482432097 0.9988201857 0.0055537126 0.2003496885 0.0042294450 0.9797153473
-39.8 -556.1 2125.6 0.9811323881 0.0021866451 -0.1933248639 0.0217831824 0.9923187494 0.1217744723 0.1921061575 -0.1236881092 0.9735484123
157.5 -176.0 2139.2 0.9947244525 0.0753913671 -0.0695657656 -0.0780827999 0.9962669611 -0.0368133411 0.0665306672 0.0420510210 0.9968978763
128.3 -562.7 2122.9 0.9940804839 -0.0867401585 -0.0654226542 0.0880028307 0.9959807992 0.0166664254 0.0637140572 -0.0223251469 0.9977184534
-23.4 384.2 1929.1 0 0 0 0 0 0 0 0 0
201.3 -101.1 2105.0 0 0 0 0 0 0 0 0 0
-40.6 -926.4 2171.7 0 0 0 0 0 0 0 0 0
160.6 -934.3 2131.2 0 0 0 0 0 0 0 0 0
79.2 451.8 2088.6 2 0.9965026379 -0.0348210298 -0.0759600997 0.0318844691 0.9987093210 -0.0395356007 0.0772387311 0.0369753838 0.9963267446
87.7 207.1 2079.6 0.9965026379 -0.0348210298 -0.0759600997 0.0318844691 0.9987093210 -0.0395356007 0.0772387311 0.0369753838 0.9963267446
80.5 15.1 2106.8 0.9964289665 0.0373425782 -0.0757287145 -0.0262181293 0.9893894196 0.1429028362 0.0802615434 -0.1404070556 0.9868353009
-48.4 210.7 2068.6 0.8289766908 -0.4743359685 -0.2963158488 0.0545850135 0.5959022641 -0.8011996746 0.5566130877 0.6480014324 0.5198807120
-218.3 199.5 1954.5 -0.7223913074 -0.4743359685 -0.5031463504 -0.6841618419 0.5959022641 0.4205032885 0.1003662050 0.6480014324 -0.7549971938
223.8 203.6 2090.5 0.7700591087 0.4317059219 0.4697221816 -0.4816913605 -0.0893247202 0.8717766404 0.4183089435 -0.8975806832 0.1391636878
368.8 112.9 2169.3 -0.6147640944 0.4317059219 0.6600720286 -0.7573153377 -0.0893247202 -0.6469116211 -0.2203148156 -0.8975806832 0.3818511367
-18.1 -172.7 2127.2 0.9766602516 0.0576407760 -0.2069112360 -0.0577083640 0.9983171225 0.0057140957 0.2068924010 0.0063597788 0.9783430099
-40.5 -560.2 2124.7 0.9800067544 0.0008497788 -0.1989624798 0.0234690756 0.9925160408 0.1198380366 0.1975752711 -0.1221115515 0.9726524353
160.5 -178.5 2140.4 0.9937489033 0.0816626996 -0.0761203393 -0.0846325532 0.9957384467 -0.0366369300 0.0728040785 0.0428501703 0.9964253306
128.8 -565.1 2123.7 0.9938927889 -0.0843819901 -0.0711110085 0.0861974210 0.9960159063 0.0228543133 0.0688991994 -0.0288443230 0.9972065687
-23.2 384.3 1927.4 0 0 0 0 0 0 0 0 0
197.4 -98.3 2107.8 0 0 0 0 0 0 0 0 0
-40.8 -930.7 2170.3 0 0 0 0 0 0 0 0 0
160.3 -936.8 2134.5 0 0 0 0 0 0 0 0 0
76.8 452.9 2089.8 3 0.9954978824 -0.0450007096 -0.0834199712 0.0413081832 0.9981110692 -0.0454746857 0.0853087828 0.0418240279 0.9954763651
87.8 207.9 2079.5 0.9954978824 -0.0450007096 -0.0834199712 0.0413081832 0.9981110692 -0.0454746857 0.0853087828 0.0418240279 0.9954763651
78.3 16.0 2107.4 0.9953340292 0.0491828769 -0.0830136985 -0.0365375690 0.9883867502 0.1475011855 0.0893041715 -0.1437798291 0.9855719805
-48.2 212.8 2067.3 0.8314345479 -0.4737236202 -0.2903488874 0.0669787675 0.6042076945 -0.7940068245 0.5515708327 0.6407175064 0.5340886116
-218.2 199.1 1954.5 -0.7323534489 -0.4737236202 -0.4891261458 -0.6743435264 0.6042076945 0.4244924188 0.0944417045 0.6407175064 -0.7619460821
223.8 202.9 2091.7 0.7745753527 0.4182484746 0.4744483531 -0.4793949425 -0.1010809392 0.8717586398 0.4125694036 -0.9026908875 0.1222113892
369.4 112.7 2169.3 -0.6138989925 0.4182484746 0.6694746017 -0.7639155388 -0.1010809392 -0.6373505592 -0.1988997608 -0.9026908875 0.3815599680
-16.1 -174.6 2126.9 0.9750118852 0.0510574654 -0.2162057757 -0.0520404391 0.9986442924 0.0011479758 0.2159712911 0.0101321535 0.9763471484
-35.9 -562.3 2123.0 0.9774485230 0.0311291981 -0.2088669538 -0.0067539765 0.9931777120 0.1164146066 0.2110659033 -0.1123785973 0.9709903598
162.5 -179.3 2141.3 0.9925460815 0.0866302624 -0.0857176110 -0.0899283662 0.9953193665 -0.0353866927 0.0822508410 0.0428313650 0.9956908226
128.8 -565.7 2124.7 0.9936939478 -0.0783707798 -0.0801892728 0.0807064921 0.9963906407 0.0263082627 0.0778380409 -0.0326141566 0.9964324236
-20.3 381.4 1929.0 0 0 0 0 0 0 0 0 0
198.3 -100.3 2113.9 0 0 0 0 0 0 0 0 0
-47.5 -932.8 2164.9 0 0 0 0 0 0 0 0 0
158.1 -937.6 2136.8 0 0 0 0 0 0 0 0 0
77.7 453.8 2088.9 4 0.9949634671 -0.0374924205 -0.0929624438 0.0339863375 0.9986604452 -0.0390160903 0.0943007171 0.0356601328 0.9949048758
87.0 205.6 2080.0 0.9949634671 -0.0374924205 -0.0929624438 0.0339863375 0.9986604452 -0.0390160903 0.0943007171 0.0356601328 0.9949048758
78.4 13.6 2106.6 0.9947485924 0.0440870598 -0.0923667774 -0.0308055263 0.9895907640 0.1405742764 0.0976028144 -0.1369906515 0.9857521057
-48.9 209.8 2066.7 0.8337743282 -0.4654802382 -0.2968981862 0.0511171035 0.6005302072 -0.7979664803 0.5497339964 0.6501473784 0.5245006680
-218.2 199.5 1955.1 -0.7385392785 -0.4654802382 -0.4877375364 -0.6683646441 0.6005302072 0.4389216602 0.0885917470 0.6501473784 -0.7546256185
222.9 201.4 2093.4 0.7790159583 0.4188449383 0.4665865600 -0.4776753187 -0.0855851024 0.8743577600 0.4061531723 -0.9040155411 0.1333997101
369.1 111.8 2169.6 -0.6219421625 0.4188449383 0.6616320014 -0.7524177432 -0.0855851024 -0.6531023383 -0.2169227749 -0.9040155411 0.3683753610
-20.5 -172.6 2127.3 0.9737116098 0.0445846058 -0.2233784795 -0.0412921011 0.9989589453 0.0193912741 0.2240104675 -0.0096577415 0.9745388627
-37.8 -560.3 2131.1 0.9748882651 0.0329972170 -0.2202362269 -0.0155693004 0.9966406822 0.0804047585 0.2221495211 -0.0749567300 0.9721270800
157.9 -179.1 2143.3 0.9928825498 0.0744012594 -0.0929983035 -0.0774507895 0.9965561032 -0.0296188854 0.0904743448 0.0366108678 0.9952256083
129.0 -565.9 2129.1 0.9919425845 -0.0875497758 -0.0915691480 0.0869343877 0.9961566329 -0.0106954118 0.0921535939 0.0026487273 0.9957413077
-18.3 380.3 1931.1 0 0 0 0 0 0 0 0 0
195.7 -98.0 2109.1 0 0 0 0 0 0 0 0 0
-50.1 -932.0 2159.0 0 0 0 0 0 0 0 0 0
161.7 -937.5 2128.1 0 0 0 0 0 0 0 0 0
76.4 452.9 2086.9 5 0.9956089854 -0.0353646912 -0.0866722688 0.0328944921 0.9990155101 -0.0297652856 0.0876395851 0.0267835446 0.9957920909
85.2 204.7 2080.3 0.9956089854 -0.0353646912 -0.0866722688 0.0328944921 0.9990155101 -0.0297652856 0.0876395851 0.0267835446 0.9957920909
76.4 11.9 2100.8 0.9952761531 0.0450569429 -0.0859955773 -0.0355233885 0.9933696389 0.1093383804 0.0903518498 -0.1057670340 0.9902776480
-50.8 209.5 2067.9 0.8275913596 -0.4693719149 -0.3078676462 0.0520288683 0.6102406383 -0.7905057669 0.5589145422 0.6381977797 0.5294507742
-218.3 199.0 1954.8 -0.7407547235 -0.4693719149 -0.4805958867 -0.6655073762 0.6102406383 0.4297747016 0.0915549621 0.6381977797 -0.7644091249
221.2 199.8 2092.6 0.7867838144 0.4133743942 0.4583588541 -0.4629610181 -0.0959037617 0.8811751008 0.4082135558 -0.9054965973 0.1159207001
369.2 112.7 2169.4 -0.6190761924 0.4133743942 0.6677322388 -0.7588416338 -0.0959037617 -0.6441753507 -0.2022475451 -0.9054965973 0.3730574250
-19.2 -175.8 2124.5 0.9755333066 0.0379272141 -0.2165554911 -0.0374379158 0.9992787242 0.0063629108 0.2166406214 0.0019001547 0.9762495756
-34.0 -563.6 2123.7 0.9764972925 0.0528884232 -0.2089398056 -0.0217267927 0.9886420369 0.1487105936 0.2144317478 -0.1406759024 0.9665553570
159.0 -181.3 2142.0 0.9934389591 0.0769550353 -0.0845990479 -0.0798554644 0.9963102937 -0.0314475186 0.0818668604 0.0379968844 0.9959186912
129.1 -568.1 2127.2 0.9928331971 -0.0879510641 -0.0809127688 0.0894526094 0.9958763719 0.0151167382 0.0792495757 -0.0222462583 0.9966065288
-17.7 379.3 1930.0 0 0 0 0 0 0 0 0 0
196.6 -98.9 2113.0 0 0 0 0 0 0 0 0 0
-53.7 -931.7 2176.1 0 0 0 0 0 0 0 0 0
161.9 -939.6 2135.5 0 0 0 0 0 0 0 0 0
80.9 451.8 2087.9 6 0.9960768819 -0.0166130140 -0.0869186446 0.0140380803 0.9994467497 -0.0301525090 0.0873714834 0.0288140457 0.9957590103
85.0 206.0 2080.9 0.9960768819 -0.0166130140 -0.0869186446 0.0140380803 0.9994467497 -0.0301525090 0.0873714834 0.0288140457 0.9957590103
76.0 13.4 2102.7 0.9953389764 0.0459943488 -0.0847636834 -0.0359931774 0.9926022291 0.1159539297 0.0894698426 -0.1123625487 0.9896311164
-51.0 210.9 2068.6 0.8263562322 -0.4732748270 -0.3051987588 0.0590735972 0.6118115187 -0.7887946367 0.5600407720 0.6337962151 0.5335323215
-218.8 198.9 1955.0 -0.7424844503 -0.4732748270 -0.4740545750 -0.6642226577 0.6118115187 0.4295286834 0.0867469162 0.6337962151 -0.7686204314
221.0 201.1 2093.1 0.7838768363 0.4149495065 0.4619026184 -0.4679818749 -0.0940857455 0.8787154555 0.4080809951 -0.9049667120 0.1204372048
369.2 112.6 2170.2 -0.6188910007 0.4149495065 0.6669264436 -0.7582694292 -0.0940857455 -0.6451165676 -0.2049425244 -0.9049667120 0.3728723228
-21.5 -177.6 2113.2 0.9760196209 0.0375579149 -0.2144181132 -0.0296612810 0.9987621903 0.0399286784 0.2156523466 -0.0326112583 0.9759255052
-36.1 -565.1 2125.9 0.9766138196 0.0406813882 -0.2111172229 -0.0170677528 0.9935062528 0.1124901548 0.2143225372 -0.1062561423 0.9709662795
156.8 -184.0 2129.4 0.9941235185 0.0709394142 -0.0817684084 -0.0712987557 0.9974539280 -0.0014794543 0.0814552605 0.0073007457 0.9966502786
129.3 -571.0 2126.6 0.9928086996 -0.0879292339 -0.0812361389 0.0887041166 0.9960401058 0.0059724664 0.0803892985 -0.0131354975 0.9966769814
-17.4 379.1 1931.4 0 0 0 0 0 0 0 0 0
196.6 -98.9 2113.1 0 0 0 0 0 0 0 0 0
-51.2 -935.2 2165.5 0 0 0 0 0 0 0 0 0
162.1 -942.7 2131.5 0 0 0 0 0 0 0 0 0
81.3 448.3 2089.0 7 0.9959198833 -0.0161237568 -0.0887894779 0.0128082419 0.9992038012 -0.0377852842 0.0893280208 0.0364938788 0.9953334332
85.2 206.7 2080.1 0.9959198833 -0.0161237568 -0.0887894779 0.0128082419 0.9992038012 -0.0377852842 0.0893280208 0.0364938788 0.9953334332
77.3 14.2 2103.3 0.9953961968 0.0406020358 -0.0868208483 -0.0297927838 0.9920388460 0.1223573834 0.0910976157 -0.1192074344 0.9886813760
-50.8 210.8 2067.7 0.8293039203 -0.4752795696 -0.2938781381 0.0596951656 0.5982534885 -0.7990802526 0.5556001663 0.6451373100 0.5245058537
-218.9 198.7 1955.0 -0.7308064699 -0.4752795696 -0.4899298251 -0.6767361760 0.5982534885 0.4290931523 0.0891630128 0.6451373100 -0.7588464022
221.2 202.6 2092.6 0.7778889537 0.4140416682 0.4727137089 -0.4755353034 -0.1039030179 0.8735389709 0.4107979238 -0.9043083787 0.1160664260
369.6 111.9 2170.9 -0.6215034723 0.4140416682 0.6650585532 -0.7581201792 -0.1039030179 -0.6437841058 -0.1974518597 -0.9043083787 0.3784694374
-22.1 -176.0 2116.5 0.9756609797 0.0337478630 -0.2166719288 -0.0287980102 0.9992480278 0.0259627160 0.2173851728 -0.0190910902 0.9758991599
-35.2 -563.8 2123.9 0.9765136242 0.0364706442 -0.2123465687 -0.0102458932 0.9923149347 0.1233130768 0.2152119726 -0.1182412207 0.9693827033
156.3 -182.5 2132.5 0.9940093160 0.0697690845 -0.0841293782 -0.0707760230 0.9974512458 -0.0090427641 0.0832840428 0.0149429347 0.9964138269
129.2 -569.6 2126.7 0.9927240014 -0.0878949910 -0.0823013708 0.0895550549 0.9958419800 0.0166939069 0.0804918483 -0.0239429455 0.9964676499
-20.8 382.2 1930.9 0 0 0 0 0 0 0 0 0
196.2 -99.5 2115.9 0 0 0 0 0 0 0 0 0
-48.8 -933.8 2168.0 0 0 0 0 0 0 0 0 0
162.0 -941.3 2135.6 0 0 0 0 0 0 0 0 0
81.1 446.6 2089.0 8 0.9952923059 -0.0204369668 -0.0947391763 0.0164800324 0.9989663959 -0.0423625447 0.0955070108 0.0406018123 0.9946003556
86.0 205.5 2079.2 0.9952923059 -0.0204369668 -0.0947391763 0.0164800324 0.9989663959 -0.0423625447 0.0955070108 0.0406018123 0.9946003556
78.2 13.3 2105.0 0.9948545098 0.0402935036 -0.0929568708 -0.0273836516 0.9903038144 0.1361928582 0.0975432321 -0.1329465806 0.9863115549
-49.9 209.2 2065.8 0.8348063231 -0.4708496332 -0.2853051722 0.0555475131 0.5876157284 -0.8072311878 0.5477343202 0.6580337286 0.5166998506
-218.9 197.9 1954.9 -0.7232093215 -0.4708496332 -0.5052413940 -0.6842631698 0.5876157284 0.4318467677 0.0935529172 0.6580337286 -0.7471542358
222.0 201.7 2092.5 0.7789962292 0.4133956432 0.4714540839 -0.4738604724 -0.1042732522 0.8744045496 0.4106350839 -0.9045612812 0.1146633923
369.6 111.9 2170.3 -0.6161186099 0.4133956432 0.6704490185 -0.7634997368 -0.1042732522 -0.6373345256 -0.1935614198 -0.9045612812 0.3798721433
-19.7 -175.7 2118.3 0.9740423560 0.0375736021 -0.2232256383 -0.0333866626 0.9991891384 0.0225023963 0.2238901407 -0.0144655276 0.9745070338
-34.3 -563.5 2123.9 0.9747183323 0.0488636009 -0.2180287987 -0.0211721975 0.9916021824 0.1275809705 0.2224318832 -0.1197393537 0.9675673246
158.6 -181.0 2134.6 0.9928072691 0.0765094608 -0.0920873433 -0.0787866712 0.9966629148 -0.0213475265 0.0901467502 0.0284492336 0.9955220819
128.9 -567.9 2123.5 0.9922105670 -0.0886666253 -0.0875010863 0.0921346992 0.9950803518 0.0364178978 0.0838415623 -0.0441961102 0.9954985380
-22.8 383.5 1929.5 0 0 0 0 0 0 0 0 0
197.8 -101.1 2116.3 0 0 0 0 0 0 0 0 0
-52.6 -933.5 2168.5 0 0 0 0 0 0 0 0 0
162.0 -939.2 2140.0 0 0 0 0 0 0 0 0 0
80.9 448.0 2088.5 9 0.9946013689 -0.0239555072 -0.1009663269 0.0196001418 0.9988431931 -0.0439103581 0.1019014269 0.0416943505 0.9939203858
86.7 205.1 2078.3 0.9946013689 -0.0239555072 -0.1009663269 0.0196001418 0.9988431931 -0.0439103581 0.1019014269 0.0416943505 0.9939203858
78.6 13.1 2105.4 0.9941799045 0.0418170989 -0.0992859304 -0.0273185205 0.9893261790 0.1431343704 0.1042116359 -0.1395889670 0.9847105742
-49.1 208.8 2064.1 0.8375148773 -0.4658541381 -0.2855674922 0.0506044291 0.5865026712 -0.8083648682 0.5440662503 0.6625666022 0.5147789717
-219.1 198.6 1953.7 -0.7234305143 -0.4658541381 -0.5095372200 -0.6836209297 0.5865026712 0.4343697131 0.0964920223 0.6625666022 -0.7427615523
222.5 201.4 2092.6 0.7791794538 0.4154775143 0.4693162739 -0.4735446870 -0.1003466994 0.8750348687 0.4106516540 -0.9040514231 0.1185590848
369.5 112.1 2170.0 -0.6187338233 0.4154775143 0.6667435169 -0.7597086430 -0.1003466994 -0.6424743533 -0.2000281364 -0.9040514231 0.3777297735
-18.8 -176.5 2122.0 0.9720034599 0.0472089797 -0.2301752269 -0.0449956208 0.9988766909 0.0148584656 0.2306181192 -0.0040856027 0.9730357528
