45.3 479.4 2055.3 9 0.9522252679 -0.0231101085 0.3045208156 0.0155972494 0.9995115399 0.0270809885 -0.3049979210 -0.0210375153 0.9521206021
51.0 234.1 2060.4 0.9522252679 -0.0231101085 0.3045208156 0.0155972494 0.9995115399 0.0270809885 -0.3049979210 -0.0210375153 0.9521206021
37.6 45.0 2101.7 0.9488247037 0.0692297220 0.3081216514 -0.1299782246 0.9748137593 0.1812286377 -0.2878148258 -0.2120033205 0.9339256883
-78.4 251.8 2099.7 0.4616778195 0.1570187360 -0.8730399013 -0.8651645780 0.2969709635 -0.4041021168 0.1958159208 0.9418882132 0.2729519606
-208.6 495.8 2044.5 -0.9061754346 0.1570187360 -0.3926718235 -0.3358790576 0.2969709635 0.8938643932 0.2569655776 0.9418882132 -0.2163685113
180.4 216.3 2021.2 -0.1362121850 0.7001962066 0.7008363008 -0.6931429505 0.4380803108 -0.5723971725 -0.7078129053 -0.5637471676 0.4256641865
159.3 108.9 1911.4 -0.3384591341 0.7001962066 -0.6286260486 0.8989270926 0.4380803108 0.0039643710 0.2781645358 -0.5637471676 -0.7776976228
-65.1 -127.7 2173.4 0.9808840752 -0.0175523888 -0.1937996149 -0.0310417190 0.9690564275 -0.2448796481 0.1921009868 0.2462144345 0.9499871731
-58.2 -503.8 2077.8 0.9802593589 0.0822739005 -0.1797847003 -0.0387887359 0.9716632366 0.2331650406 0.1938735843 -0.2215885967 0.9556733370
101.6 -156.8 2114.6 0.5760714412 0.0249112919 0.8170196414 0.0512853973 0.9964646697 -0.0665434077 -0.8157889247 0.0802349374 0.5727572441
91.9 -543.6 2083.5 0.5920368433 -0.1111975387 0.7982026339 -0.0578745790 0.9820119739 0.1797302961 -0.8038301468 -0.1526025981 0.5749517679
24.8 582.3 1978.3 0 0 0 0 0 0 0 0 0
64.8 359.8 1989.1 0 0 0 0 0 0 0 0 0
-89.0 -866.5 2160.5 0 0 0 0 0 0 0 0 0
133.4 -910.1 2140.4 0 0 0 0 0 0 0 0 0
45.9 475.3 2055.6 0 0.9582951069 -0.0273119044 0.2844724655 0.0240559131 0.9995990396 0.0149339261 -0.2847662568 -0.0074678636 0.9585679173
52.5 231.7 2057.4 0.9582951069 -0.0273119044 0.2844724655 0.0240559131 0.9995990396 0.0149339261 -0.2847662568 -0.0074678636 0.9585679173
40.1 42.3 2098.0 0.9556265473 0.0638922974 0.2875686586 -0.1200596020 0.9759147167 0.1821433157 -0.2690049112 -0.2085863650 0.9402808547
-77.9 248.1 2094.1 0.4592623711 0.1704899520 -0.8717862368 -0.8709957004 0.2792007327 -0.4042443037 0.1744837761 0.9449762702 0.2767224014
-208.6 495.9 2044.5 -0.9065108895 0.1704899520 -0.3862268031 -0.3314588666 0.2792007327 0.9012113810 0.2614822984 0.9449762702 -0.1965881139
182.9 215.3 2020.7 -0.1556802541 0.6811618209 0.7153895497 -0.6950736642 0.4390509725 -0.5693038106 -0.7018805146 -0.5858777761 0.4051060975
158.9 108.0 1912.3 -0.3402003050 0.6811618209 -0.6482918262 0.8984049559 0.4390509725 -0.0101387585 0.2777270079 -0.5858777761 -0.7613244653
-60.7 -132.5 2168.7 0.9775074124 -0.0041821748 -0.2108595818 -0.0438312516 0.9739443660 -0.2225110084 0.2062960863 0.2267484069 0.9518545270
-59.0 -510.5 2080.7 0.9781448841 0.0818891674 -0.1911198348 -0.0365837291 0.9726198316 0.2295044065 0.2046808600 -0.2174966931 0.9543589354
109.1 -155.8 2117.2 0.5912193060 0.0460256636 0.8051964641 0.0407143980 0.9953941107 -0.0867922530 -0.8054825068 0.0840963498 0.5866223574
91.2 -542.1 2084.5 0.6049766541 -0.1085385904 0.7888109088 -0.0570390970 0.9822131395 0.1788963079 -0.7941975594 -0.1532211453 0.5880250931
24.9 581.3 1977.1 0 0 0 0 0 0 0 0 0
63.9 358.8 1989.9 0 0 0 0 0 0 0 0 0
-89.6 -873.6 2161.9 0 0 0 0 0 0 0 0 0
131.7 -908.7 2141.7 0 0 0 0 0 0 0 0 0
45.5 474.2 2054.8 1 0.9559062719 -0.0334542319 0.2917601764 0.0308021121 0.9994319081 0.0136800529 -0.2920520902 -0.0040900190 0.9563936591
53.7 229.0 2055.8 0.9559062719 -0.0334542319 0.2917601764 0.0308021121 0.9994319081 0.0136800529 -0.2920520902 -0.0040900190 0.9563936591
41.5 39.7 2097.2 0.9536282420 0.0629284084 0.2943351269 -0.1217948273 0.9749398828 0.1861672997 -0.2752438486 -0.2133828998 0.9373945594
-76.5 245.6 2093.4 0.4610580206 0.1774419546 -0.8694480062 -0.8708511591 0.2786532342 -0.4049329162 0.1704224348 0.9438573718 0.2830008268
-208.9 495.7 2044.4 -0.9056854844 0.1774419546 -0.3850300312 -0.3289904892 0.2786532342 0.9022846818 0.2673930228 0.9438573718 -0.1939954907
183.9 212.3 2018.2 -0.1654690057 0.6630667448 0.7300428152 -0.6993347406 0.4430579245 -0.5609194636 -0.6953783035 -0.6033590436 0.3903932571
159.3 108.4 1914.8 -0.3455789387 0.6630667448 -0.6640163064 0.8961722851 0.4430579245 -0.0239772424 0.2782991827 -0.6033590436 -0.7473335266
-57.8 -136.3 2162.6 0.9789179564 0.0054145693 -0.2041820586 -0.0471086763 0.9786828160 -0.1999019086 0.1987470835 0.2053063214 0.9583052397
-59.9 -516.1 2082.9 0.9796509147 0.0800204724 -0.1840673685 -0.0386298783 0.9751128554 0.2183178663 0.1969563514 -0.2067648023 0.9583613873
113.3 -157.8 2114.5 0.5851483345 0.0560988374 0.8089835644 0.0298902076 0.9954343438 -0.0906482115 -0.8103752136 0.0772233307 0.5807998776
91.5 -544.2 2084.5 0.5992850661 -0.1013253033 0.7940973639 -0.0745904148 0.9805744886 0.1814109087 -0.7970530987 -0.1679489017 0.5800857544
24.4 580.4 1975.6 0 0 0 0 0 0 0 0 0
62.9 358.6 1992.5 0 0 0 0 0 0 0 0 0
-89.7 -880.1 2160.1 0 0 0 0 0 0 0 0 0
129.3 -910.2 2147.2 0 0 0 0 0 0 0 0 0
43.8 477.0 2054.4 2 0.9574088454 -0.0377001613 0.2862639129 0.0323852748 0.9992042780 0.0232799742 -0.2869137824 -0.0130177177 0.9578679800
53.1 230.0 2057.6 0.9574088454 -0.0377001613 0.2862639129 0.0323852748 0.9992042780 0.0232799742 -0.2869137824 -0.0130177177 0.9578679800
41.1 40.6 2098.2 0.9555616379 0.0618887655 0.2882217765 -0.1184502617 0.9759229422 0.1831501275 -0.2699472904 -0.2091511786 0.9398851991
-77.4 246.2 2094.5 0.4587124586 0.1777350754 -0.8706279993 -0.8710855842 0.2834354341 -0.4010913670 0.1754788160 0.9423770905 0.2848378420
-208.5 495.1 2044.3 -0.9042087197 0.1777350754 -0.3883514106 -0.3308749497 0.2834354341 0.9001033902 0.2700524926 0.9423770905 -0.1974767148
183.6 213.8 2020.7 -0.1616834849 0.6709435582 0.7236664891 -0.7013283372 0.4377764761 -0.5625747442 -0.6942600608 -0.5984868407 0.3997704983
159.3 108.3 1916.2 -0.3437128365 0.6709435582 -0.6570359468 0.8987861276 0.4377764761 -0.0231357887 0.2721120715 -0.5984868407 -0.7535041571
-56.1 -138.6 2163.3 0.9777118564 0.0149676586 -0.2094170153 -0.0569094308 0.9790067077 -0.1957223564 0.2020911425 0.2032778710 0.9580382705
-61.9 -518.6 2084.4 0.9800366759 0.0719419867 -0.1853442937 -0.0303359274 0.9754301310 0.2182104439 0.1964889020 -0.2082316428 0.9581397176
114.7 -160.4 2114.1 0.5894231200 0.0617041774 0.8054644465 0.0251846258 0.9951902628 -0.0946681127 -0.8074318171 0.0760848969 0.5850341916
90.8 -546.7 2084.5 0.6016795635 -0.1200986505 0.7896568775 -0.0575405061 0.9795452356 0.1928217262 -0.7966622710 -0.1614541560 0.5824618340
24.4 580.4 1974.7 0 0 0 0 0 0 0 0 0
63.3 359.3 1992.2 0 0 0 0 0 0 0 0 0
-88.7 -882.7 2162.2 0 0 0 0 0 0 0 0 0
135.6 -912.3 2144.8 0 0 0 0 0 0 0 0 0
40.8 479.5 2054.7 3 0.9594553709 -0.0653303340 0.2741848230 0.0584834181 0.9977400899 0.0330815464 -0.2757264078 -0.0157050025 0.9611078501
57.0 232.4 2058.6 0.9594553709 -0.0653303340 0.2741848230 0.0584834181 0.9977400899 0.0330815464 -0.2757264078 -0.0157050025 0.9611078501
43.3 43.7 2101.8 0.9589445591 0.0707353875 0.2746303976 -0.1277099550 0.9723552465 0.1954876184 -0.2532104254 -0.2225348204 0.9414684176
-74.0 249.8 2093.1 0.4735130668 0.1726721674 -0.8636953831 -0.8634615541 0.2845394313 -0.4164990485 0.1738376021 0.9429854751 0.2838289142
-208.5 495.2 2043.7 -0.9053871632 0.1726721674 -0.3878896832 -0.3311647177 0.2845394313 0.8996483684 0.2657141387 0.9429854751 -0.2004354149
188.0 214.9 2024.0 -0.1962830573 0.6589761376 0.7261015177 -0.6973693371 0.4267489314 -0.5758136511 -0.6893104911 -0.6193833947 0.3757861555
157.3 106.0 1916.3 -0.3289209902 0.6589761376 -0.6764329076 0.9040551186 0.4267489314 -0.0238683615 0.2729383409 -0.6193833947 -0.7361174226
-56.5 -138.2 2163.0 0.9741674066 0.0094229244 -0.2256303579 -0.0551581569 0.9787962437 -0.1972702444 0.2189872861 0.2046196014 0.9540311098
-60.2 -518.2 2083.6 0.9762355685 0.0792448372 -0.2017037570 -0.0328837633 0.9741352797 0.2235600054 0.2142027318 -0.2116144449 0.9535914063
114.7 -159.5 2114.7 0.6030756235 0.0569852553 0.7956459522 0.0268042758 0.9954340458 -0.0916111842 -0.7972335219 0.0765751898 0.5987945795
92.6 -545.9 2084.9 0.6170467138 -0.0973209515 0.7808853984 -0.0785717517 0.9797449112 0.1841911227 -0.7829941511 -0.1750100553 0.5969017148
24.7 580.5 1975.3 0 0 0 0 0 0 0 0 0
65.5 358.4 1992.5 0 0 0 0 0 0 0 0 0
-89.7 -881.8 2162.6 0 0 0 0 0 0 0 0 0
128.9 -911.5 2150.2 0 0 0 0 0 0 0 0 0
36.4 483.5 2054.3 4 0.9552071691 -0.0919224322 0.2812997997 0.0809160396 0.9954397082 0.0505213961 -0.2846610248 -0.0254967343 0.9582890868
59.4 234.7 2060.7 0.9552071691 -0.0919224322 0.2812997997 0.0809160396 0.9954397082 0.0505213961 -0.2846610248 -0.0254967343 0.9582890868
41.4 45.6 2100.1 0.9551336169 0.0925651565 0.2813386917 -0.1444863975 0.9748308063 0.1697898209 -0.2585410178 -0.2028215826 0.9444680810
-71.1 254.4 2096.0 0.4874224067 0.1688283384 -0.8566892147 -0.8530479670 0.3014707267 -0.4259396195 0.1863560379 0.9384095073 0.2909622490
-208.6 495.0 2043.5 -0.9049200416 0.1688283384 -0.3906618655 -0.3299477696 0.3014707267 0.8945668340 0.2688013613 0.9384095073 -0.2171023786
189.8 215.0 2025.4 -0.2098764032 0.6453488469 0.7344908118 -0.6970657110 0.4280089438 -0.5752457976 -0.6856028438 -0.6327188611 0.3600215912
156.6 104.5 1916.7 -0.3305191994 0.6453488469 -0.6886813045 0.9031938314 0.4280089438 -0.0323920734 0.2738575637 -0.6327188611 -0.7243402600
-56.4 -133.6 2167.6 0.9736522436 0.0073089087 -0.2279206961 -0.0582132563 0.9743371606 -0.2174358368 0.2204823792 0.2249749005 0.9490910172
-59.2 -511.8 2080.3 0.9758334160 0.0842428133 -0.2016240954 -0.0359979346 0.9720672965 0.2319251448 0.2155302167 -0.2190622538 0.9516083598
115.4 -156.5 2122.3 0.6019626260 0.0619705580 0.7961159348 0.0343550034 0.9940510988 -0.1033546999 -0.7977848649 0.0895662382 0.5962526202
91.4 -542.4 2087.5 0.6136435866 -0.1070539057 0.7822921872 -0.0516284518 0.9832056165 0.1750464439 -0.7878934145 -0.1478046626 0.5978107452
24.6 580.1 1974.2 0 0 0 0 0 0 0 0 0
64.3 356.7 1993.1 0 0 0 0 0 0 0 0 0
-90.7 -874.7 2162.1 0 0 0 0 0 0 0 0 0
131.3 -909.2 2142.6 0 0 0 0 0 0 0 0 0
33.1 484.7 2055.6 5 0.9530060887 -0.1140532121 0.2806622684 0.1018867418 0.9931261539 0.0576156601 -0.2853042781 -0.0263123102 0.9580757618
61.5 237.1 2062.2 0.9530060887 -0.1140532121 0.2806622684 0.1018867418 0.9931261539 0.0576156601 -0.2853042781 -0.0263123102 0.9580757618
41.4 47.5 2098.1 0.9543764591 0.1033270061 0.2801590562 -0.1498520225 0.9772557616 0.1500516534 -0.2582826912 -0.1851881593 0.9481536746
-68.9 257.6 2097.5 0.4977637827 0.1751043499 -0.8494525552 -0.8473102450 0.3073057830 -0.4331610501 0.1851933151 0.9353617430 0.3013333976
-209.2 496.4 2045.3 -0.9066860676 0.1751043499 -0.3837432265 -0.3199599087 0.3073057830 0.8962079883 0.2748564482 0.9353617430 -0.2226034999
191.9 216.6 2026.9 -0.2141462862 0.6466116309 0.7321439385 -0.6935389042 0.4271644354 -0.5801157951 -0.6878554821 -0.6319999695 0.3569746614
157.7 105.8 1917.0 -0.3326014578 0.6466116309 -0.6864908338 0.9034814239 0.4271644354 -0.0353824645 0.2703657448 -0.6319999695 -0.7262770534
-62.1 -130.6 2162.6 0.9724434018 -0.0072811418 -0.2330252975 -0.0439858995 0.9758319855 -0.2140496075 0.2289520502 0.2184009552 0.9486210942
-59.3 -509.4 2077.8 0.9740223885 0.0810556933 -0.2114481926 -0.0269279592 0.9685778022 0.2472487837 0.2248449326 -0.2351319790 0.9455991387
109.0 -156.5 2116.3 0.6049876213 0.0427301303 0.7950874567 0.0461794101 0.9949951768 -0.0886119455 -0.7948945761 0.0903258026 0.5999864936
92.4 -542.7 2081.2 0.6238309145 -0.1071304753 0.7741822004 -0.0794904530 0.9767272472 0.1992113143 -0.7775064707 -0.1858142614 0.6007967591
24.4 578.8 1974.5 0 0 0 0 0 0 0 0 0
64.8 358.1 1992.5 0 0 0 0 0 0 0 0 0
-89.6 -870.9 2165.6 0 0 0 0 0 0 0 0 0
132.3 -906.9 2150.5 0 0 0 0 0 0 0 0 0
39.5 482.9 2055.3 6 0.9545333385 -0.0892660543 0.2844252288 0.0764924884 0.9955115318 0.0557290763 -0.2881233096 -0.0314388685 0.9570770860
61.4 238.5 2063.0 0.9545333385 -0.0892660543 0.2844252288 0.0764924884 0.9955115318 0.0557290763 -0.2881233096 -0.0314388685 0.9570770860
40.3 48.5 2096.3 0.9522619247 0.1088744923 0.2852079868 -0.1522479504 0.9791399837 0.1345563978 -0.2646087706 -0.1715552658 0.9489736557
-68.7 259.3 2099.2 0.4998006821 0.1721979380 -0.8488504887 -0.8444403410 0.3148766756 -0.4333280623 0.1926650256 0.9333812594 0.3027864695
-208.7 495.9 2045.2 -0.9049242139 0.1721979380 -0.3891787231 -0.3237871230 0.3148766756 0.8921964765 0.2761777043 0.9333812594 -0.2291840464
191.5 217.7 2026.9 -0.2223418504 0.6517987251 0.7250672579 -0.7067773938 0.4045160711 -0.5803726912 -0.6715875268 -0.6415023208 0.3707357347
155.6 103.6 1918.4 -0.3125116527 0.6517987251 -0.6910100579 0.9139782786 0.4045160711 -0.0317879766 0.2588053346 -0.6415023208 -0.7221458554
-64.1 -128.7 2157.2 0.9729862213 -0.0130308503 -0.2304951996 -0.0343970582 0.9790791869 -0.2005512416 0.2282864153 0.2030619532 0.9521822929
-59.0 -508.7 2078.4 0.9734949470 0.0838540122 -0.2127816677 -0.0287189260 0.9678171277 0.2500103712 0.2268981189 -0.2372729629 0.9445733428
106.9 -155.5 2110.9 0.6011502743 0.0391437113 0.7981767654 0.0381349400 0.9962565899 -0.0775793195 -0.7982255816 0.0770752504 0.5974071622
91.7 -542.3 2081.0 0.6176247597 -0.1043018773 0.7795259953 -0.0770278722 0.9783794284 0.1919386089 -0.7826917171 -0.1785912663 0.5962372422
24.4 579.3 1974.1 0 0 0 0 0 0 0 0 0
68.4 358.7 1990.6 0 0 0 0 0 0 0 0 0
-90.3 -870.0 2167.0 0 0 0 0 0 0 0 0 0
130.6 -907.3 2147.7 0 0 0 0 0 0 0 0 0
40.2 482.4 2056.1 7 0.9623192549 -0.0918420553 0.2559426427 0.0833661556 0.9955561757 0.0437952131 -0.2588275075 -0.0208080225 0.9656994343
62.9 236.4 2061.3 0.9623192549 -0.0918420553 0.2559426427 0.0833661556 0.9955561757 0.0437952131 -0.2588275075 -0.0208080225 0.9656994343
43.0 46.8 2097.1 0.9611035585 0.1023441106 0.2565261722 -0.1450349987 0.9774594307 0.1534207463 -0.2350421995 -0.1846584976 0.9542831779
-68.3 256.2 2093.4 0.4782507122 0.1832920909 -0.8588831425 -0.8599789739 0.2960483730 -0.4156819582 0.1780797541 0.9374216795 0.2992126942
-203.1 498.6 2043.2 -0.9078568220 0.1832920909 -0.3770941496 -0.3148092031 0.2960483730 0.9018040299 0.2769316733 0.9374216795 -0.2110675126
194.2 216.7 2029.2 -0.2324009687 0.6586827040 0.7156304121 -0.6881985068 0.4085666537 -0.5995466113 -0.6872937083 -0.6318309903 0.3583531380
156.5 105.0 1917.7 -0.3131368160 0.6586827040 -0.6841654778 0.9124062061 0.4085666537 -0.0242517013 0.2635530531 -0.6318309903 -0.7289234400
-66.2 -127.8 2153.3 0.9667300582 -0.0188521631 -0.2551031113 -0.0307822526 0.9814595580 -0.1891814023 0.2539398670 0.1907400042 0.9482261539
-58.9 -508.8 2079.3 0.9672659039 0.0861928686 -0.2386784554 -0.0249591284 0.9683026671 0.2485296279 0.2525344789 -0.2344370335 0.9387574792
104.4 -155.1 2105.9 0.6229122877 0.0344433188 0.7815330625 0.0253261421 0.9976186752 -0.0641524568 -0.7818816304 0.0597545728 0.6205566525
91.1 -542.3 2082.7 0.6336192489 -0.1201178506 0.7642632723 -0.0477943160 0.9799088240 0.1936347634 -0.7721673250 -0.1592181623 0.6151481271
30.8 579.7 1971.9 0 0 0 0 0 0 0 0 0
69.0 359.8 1991.3 0 0 0 0 0 0 0 0 0
-91.0 -870.3 2166.8 0 0 0 0 0 0 0 0 0
135.9 -907.9 2142.1 0 0 0 0 0 0 0 0 0
39.9 482.8 2055.6 8 0.9595365524 -0.1026603729 0.2622030675 0.0913454965 0.9942982793 0.0550172552 -0.2663561702 -0.0288399979 0.9634431005
65.3 237.1 2062.7 0.9595365524 -0.1026603729 0.2622030675 0.0913454965 0.9942982793 0.0550172552 -0.2663561702 -0.0288399979 0.9634431005
41.0 47.1 2093.1 0.9566383362 0.1253215373 0.2629403174 -0.1611171365 0.9797058105 0.1192384139 -0.2426610142 -0.1564322263 0.9574155807
-65.3 259.0 2095.9 0.5011686087 0.1936962306 -0.8433930278 -0.8476091623 0.3062170744 -0.4333471954 0.1743236184 0.9320476651 0.3176450729
-206.7 498.2 2046.7 -0.9107453823 0.1936962306 -0.3647253811 -0.2970677614 0.3062170744 0.9044234753 0.2868685424 0.9320476651 -0.2213448733
196.0 215.1 2029.5 -0.2476144880 0.6400526166 0.7273374200 -0.6835514903 0.4166132808 -0.5993252397 -0.6866180897 -0.6455742121 0.3343494236
155.6 103.8 1917.7 -0.3172523677 0.6400526166 -0.6997739673 0.9085601568 0.4166132808 -0.0308506060 0.2717891335 -0.6455742121 -0.7136978507
-63.0 -130.0 2154.1 0.9664837122 -0.0006259682 -0.2567271888 -0.0462474674 0.9832131863 -0.1765020788 0.2525280416 0.1824593544 0.9502305984
-62.7 -511.6 2083.2 0.9704185724 0.0510534421 -0.2359688878 0.0040796036 0.9737786651 0.2274608165 0.2413941324 -0.2216948718 0.9447646737
109.2 -155.9 2111.9 0.6207830906 0.0453179777 0.7826715112 0.0281220879 0.9963982105 -0.0799984038 -0.7834778428 0.0716720149 0.6172727346
91.6 -542.6 2084.1 0.6306463480 -0.1018796638 0.7693541050 -0.0487620309 0.9841852188 0.1702987701 -0.7745369673 -0.1449135542 0.6157049537
27.8 574.8 1972.8 0 0 0 0 0 0 0 0 0
67.1 357.5 1993.6 0 0 0 0 0 0 0 0 0
-81.8 -874.8 2165.9 0 0 0 0 0 0 0 0 0
129.6 -909.8 2138.2 0 0 0 0 0 0 0 0 0
40.2 484.0 2054.8 9 0.9645319581 -0.0968808308 0.2455447167 0.0827524960 0.9942989945 0.0672426820 -0.2506593764 -0.0445382819 0.9670502543
64.0 239.0 2065.7 0.9645319581 -0.0968808308 0.2455447167 0.0827524960 0.9942989945 0.0672426820 -0.2506593764 -0.0445382819 0.9670502543
38.8 48.5 2091.7 0.9604782462 0.1301063895 0.2460769266 -0.1584167629 0.9824060798 0.0989062488 -0.2288791388 -0.1339800060 0.9641907215
-67.1 260.7 2097.0 0.5035445094 0.2020244747 -0.8400172591 -0.8467367887 0.3086173832 -0.4333499074 0.1716966331 0.9294844866 0.3264641464
-208.1 497.8 2048.9 -0.9045424461 0.2020244747 -0.3754850924 -0.3050616682 0.3086173832 0.9009398818 0.2978931367 0.9294844866 -0.2175275981
195.2 217.4 2034.5 -0.2305803895 0.6570199132 0.7177447677 -0.6738260984 0.4243287444 -0.6048995852 -0.7019907832 -0.6231131554 0.3448752463
157.0 105.7 1918.1 -0.3246962428 0.6570199132 -0.6803655028 0.9052349329 0.4243287444 -0.0222438686 0.2740839720 -0.6231131554 -0.7325353026
-69.1 -128.6 2145.2 0.9613544941 -0.0218755621 -0.2744430900 -0.0225301720 0.9872437716 -0.1576137245 0.2743901312 0.1577059031 0.9485983849
-60.6 -511.6 2084.0 0.9619027972 0.0767120197 -0.2624086440 -0.0158565957 0.9738651514 0.2265727818 0.2729314864 -0.2137800902 0.9379799962
102.3 -157.4 2101.7 0.6337442994 0.0284339190 0.7730198503 0.0169576202 0.9985733628 -0.0506327860 -0.7733567357 0.0451968163 0.6323579550
91.2 -544.8 2084.1 0.6441420913 -0.1087543815 0.7571350336 -0.0593497641 0.9797506332 0.1912232935 -0.7625998855 -0.1681107581 0.6246440411
24.9 576.4 1972.2 0 0 0 0 0 0 0 0 0
66.4 358.5 1994.6 0 0 0 0 0 0 0 0 0
-89.2 -874.9 2163.8 0 0 0 0 0 0 0 0 0
131.8 -910.3 2146.9 0 0 0 0 0 0 0 0 0
40.2 488.7 2059.9 0 0.9651293159 -0.1037747189 0.2403252572 0.0937673673 0.9941962361 0.0527401753 -0.2444035709 -0.0283664204 0.9692586064
66.2 240.2 2067.0 0.9651293159 -0.1037747189 0.2403252572 0.0937673673 0.9941962361 0.0527401753 -0.2444035709 -0.0283664204 0.9692586064
39.7 49.6 2092.3 0.9608938694 0.1363572627 0.2410180718 -0.1631271839 0.9820437431 0.0947609767 -0.2237689346 -0.1303718388 0.9658833742
-65.1 262.4 2097.5 0.5158680081 0.2039161026 -0.8320447206 -0.8397235870 0.3125852644 -0.4440210760 0.1695418805 0.9277438521 0.3324859142
-209.2 497.0 2050.2 -0.9045014381 0.2039161026 -0.3745602667 -0.3024170399 0.3125852644 0.9004634023 0.3007010221 0.9277438521 -0.2210661173
197.5 217.9 2036.4 -0.2473724186 0.6489133239 0.7195264697 -0.6746904254 0.4176203012 -0.6085935831 -0.6954133511 -0.6360068917 0.3345078826
155.9 104.5 1919.6 -0.3175257444 0.6489133239 -0.6914396882 0.9082730412 0.4176203012 -0.0251658913 0.2724287808 -0.6360068917 -0.7219957113
-72.4 -127.9 2138.2 0.9592102766 -0.0318669528 -0.2808916569 -0.0129000023 0.9876568913 -0.1561008543 0.2823990583 0.1533570439 0.9469595551
-60.1 -511.2 2078.7 0.9598645568 0.0776428133 -0.2695025206 -0.0051476560 0.9656321406 0.2598615587 0.2804166675 -0.2480445951 0.9272757769
99.6 -156.3 2097.2 0.6378699541 0.0241455864 0.7697654963 0.0003862003 0.9994982481 -0.0316717438 -0.7701439857 0.0204997379 0.6375405788
90.2 -544.1 2089.3 0.6395521164 -0.1291772425 0.7578168511 -0.0120397639 0.9839768410 0.1778892726 -0.7686534524 -0.1228933930 0.6277492046
23.8 574.9 1972.7 0 0 0 0 0 0 0 0 0
67.2 358.1 1995.6 0 0 0 0 0 0 0 0 0
-89.0 -871.3 2171.2 0 0 0 0 0 0 0 0 0
138.4 -910.9 2135.1 0 0 0 0 0 0 0 0 0
45.3 487.0 2057.4 1 0.9702771306 -0.0722784698 0.2309504747 0.0630668923 0.9969004989 0.0470320769 -0.2336340398 -0.0310688186 0.9718281031
63.4 237.9 2065.2 0.9702771306 -0.0722784698 0.2309504747 0.0630668923 0.9969004989 0.0470320769 -0.2336340398 -0.0310688186 0.9718281031
40.6 47.1 2092.6 0.9655125141 0.1173490882 0.2324107885 -0.1462351233 0.9829821587 0.1111815125 -0.2154086083 -0.1413337588 0.9662421346
-68.5 257.9 2094.6 0.5004710555 0.2145912349 -0.8387367129 -0.8518285155 0.2951120734 -0.4327782989 0.1546508968 0.9310528636 0.3304899931
-209.6 498.0 2051.0 -0.9051435590 0.2145912349 -0.3669682741 -0.2980715334 0.2951120734 0.9077787399 0.3030981421 0.9310528636 -0.2031552643
195.3 217.9 2035.7 -0.2393476814 0.6613338590 0.7108799219 -0.6819978952 0.4066162705 -0.6078997254 -0.6910799742 -0.6303179860 0.3537056446
155.2 103.8 1920.1 -0.3086459339 0.6613338590 -0.6836484671 0.9134008884 0.4066162705 -0.0190278776 0.2653988004 -0.6303179860 -0.7295633554
-72.8 -126.4 2137.6 0.9583008885 -0.0349544547 -0.2836151123 -0.0122531783 0.9865515232 -0.1629906148 0.2854981720 0.1596692502 0.9449849129
-59.2 -509.3 2075.6 0.9586344957 0.0833660737 -0.2721581161 -0.0084807277 0.9640893340 0.2654428184 0.2845136821 -0.2521545291 0.9249162674
99.4 -155.6 2097.5 0.6431419849 0.0197196193 0.7654930353 0.0156547651 0.9991208315 -0.0388906486 -0.7655869126 0.0369958207 0.6422678232
91.7 -543.3 2083.2 0.6534371376 -0.0974773094 0.7506784201 -0.0656397045 0.9806427360 0.1844755858 -0.7541295290 -0.1698175073 0.6343899965
23.6 574.8 1972.9 0 0 0 0 0 0 0 0 0
69.0 358.9 1994.2 0 0 0 0 0 0 0 0 0
-90.3 -869.0 2169.7 0 0 0 0 0 0 0 0 0
128.0 -908.5 2146.4 0 0 0 0 0 0 0 0 0
45.4 483.5 2056.2 2 0.9750975370 -0.0735310391 0.2092318535 0.0640305430 0.9966009259 0.0518328138 -0.2123319805 -0.0371448211 0.9764913917
63.6 236.5 2065.4 0.9750975370 -0.0735310391 0.2092318535 0.0640305430 0.9966009259 0.0518328138 -0.2123319805 -0.0371448211 0.9764913917
43.9 45.8 2095.2 0.9723877311 0.1011373177 0.2103171945 -0.1302811503 0.9829624891 0.1296594441 -0.1936205029 -0.1534796208 0.9689969420
-69.2 254.3 2091.9 0.4936707914 0.2192901969 -0.8415467739 -0.8578899503 0.2813948393 -0.4299322367 0.1425269842 0.9341995120 0.3270432651
-209.3 497.7 2051.4 -0.9038254023 0.2192901969 -0.3674390316 -0.3020121455 0.2813948393 0.9108268619 0.3031308651 0.9341995120 -0.1881034970
196.4 218.8 2038.9 -0.2458447367 0.6708359718 0.6996709704 -0.6780153513 0.3968388140 -0.6187197566 -0.6927160621 -0.6264966130 0.3572763503
154.4 103.1 1920.8 -0.3004574478 0.6708359718 -0.6780150533 0.9177804589 0.3968388140 -0.0140707819 0.2596234977 -0.6264966130 -0.7349133492
-68.7 -130.5 2139.4 0.9536015987 -0.0272087380 -0.2998393774 -0.0198411904 0.9880635738 -0.1527636349 0.3004168570 0.1516248137 0.9416791201
-58.1 -514.0 2080.5 0.9532528520 0.0925778449 -0.2876428068 -0.0235764384 0.9717963934 0.2346400023 0.3012526929 -0.2168896496 0.9285503030
104.3 -156.7 2100.8 0.6580972672 0.0337002426 0.7521783710 0.0048091072 0.9987893105 -0.0489568785 -0.7529175878 0.0358356945 0.6571384668
91.2 -544.3 2086.9 0.6624272466 -0.1079593375 0.7413062453 -0.0307686664 0.9848051071 0.1709157526 -0.7484941483 -0.1360282451 0.6490399241
23.6 575.6 1973.3 0 0 0 0 0 0 0 0 0
70.5 359.4 1993.3 0 0 0 0 0 0 0 0 0
-92.6 -876.5 2161.4 0 0 0 0 0 0 0 0 0
131.5 -911.3 2137.5 0 0 0 0 0 0 0 0 0
43.3 483.6 2055.6 3 0.9733160734 -0.0809277147 0.2147244215 0.0707518607 0.9959945083 0.0546730496 -0.2182888985 -0.0380220041 0.9751431942
63.5 235.6 2065.0 0.9733160734 -0.0809277147 0.2147244215 0.0707518607 0.9959945083 0.0546730496 -0.2182888985 -0.0380220041 0.9751431942
45.7 44.7 2095.1 0.9722610712 0.0917588100 0.2151482105 -0.1220761612 0.9836861491 0.1321322918 -0.1995140165 -0.1547315419 0.9676012993
-69.3 252.3 2092.3 0.4901032746 0.2367237657 -0.8389044404 -0.8615360260 0.2778417170 -0.4249231219 0.1324932575 0.9310026169 0.3401171863
-209.9 499.5 2054.3 -0.9015960693 0.2367237657 -0.3620585203 -0.2942681015 0.2778417170 0.9144453406 0.3170658946 0.9310026169 -0.1808407605
196.3 219.0 2037.8 -0.2466091365 0.6642172337 0.7056907415 -0.6815187335 0.3988401890 -0.6135623455 -0.6889964938 -0.6322515011 0.3543188274
154.3 103.0 1920.5 -0.3017143011 0.6642172337 -0.6839473248 0.9168605208 0.3988401890 -0.0171262044 0.2614101470 -0.6322515011 -0.7293303609
-62.8 -133.3 2142.4 0.9561300874 -0.0103388596 -0.2927598357 -0.0362249464 0.9875336885 -0.1531826705 0.2906939387 0.1570677757 0.9438362122
-58.8 -516.6 2081.4 0.9576305151 0.0909253284 -0.2732697427 -0.0214320123 0.9687225819 0.2472189814 0.2872010469 -0.2308877259 0.9296270013
111.3 -156.6 2107.7 0.6534812450 0.0522302240 0.7551385760 0.0122063402 0.9967597127 -0.0795054063 -0.7568442822 0.0611727685 0.6507262588
91.1 -543.3 2084.0 0.6631699204 -0.1088402569 0.7405129671 -0.0592295565 0.9786363244 0.1968828291 -0.7461216450 -0.1744270325 0.6425555944
22.3 575.3 1972.6 0 0 0 0 0 0 0 0 0
70.1 359.0 1993.5 0 0 0 0 0 0 0 0 0
-92.7 -878.0 2167.6 0 0 0 0 0 0 0 0 0
131.6 -908.0 2149.0 0 0 0 0 0 0 0 0 0
42.5 484.0 2054.8 4 0.9698522091 -0.0605043322 0.2360634804 0.0511788949 0.9976552725 0.0454390533 -0.2382592261 -0.0319876969 0.9706746936
57.7 233.1 2062.8 0.9698522091 -0.0605043322 0.2360634804 0.0511788949 0.9976552725 0.0454390533 -0.2382592261 -0.0319876969 0.9706746936
43.5 42.1 2094.1 0.9688138962 0.0733716190 0.2366775125 -0.1087384373 0.9841607809 0.1400126219 -0.2226557732 -0.1613821089 0.9614469409
-74.6 248.0 2093.2 0.4474390745 0.2143717259 -0.8682413697 -0.8804967403 0.2755980492 -0.3857086897 0.1566005796 0.9370648265 0.3120669425
-202.7 500.1 2048.4 -0.9064980745 0.2143717259 -0.3637389839 -0.3011291623 0.2755980492 0.9128893614 0.2959434092 0.9370648265 -0.1852755100
190.0 218.2 2032.4 -0.2163377404 0.6603834629 0.7190908790 -0.6964192390 0.4118173420 -0.5877131224 -0.6842501163 -0.6279332638 0.3708121181
154.4 103.5 1919.7 -0.3100812435 0.6603834629 -0.6839176416 0.9111353755 0.4118173420 -0.0154530816 0.2714442015 -0.6279332638 -0.7293955684
-59.2 -135.2 2143.0 0.9635819197 0.0006908640 -0.2674123645 -0.0421021916 0.9879168272 -0.1491568834 0.2640781403 0.1549835205 0.9519678950
-59.5 -518.7 2082.9 0.9648159146 0.0862778947 -0.2483673096 -0.0291403886 0.9738968611 0.2251127958 0.2613064051 -0.2099549025 0.9421453476
114.9 -157.1 2107.3 0.6344900131 0.0537499040 0.7710598707 0.0158700775 0.9964628816 -0.0825217217 -0.7727681398 0.0645959899 0.6313927174
94.1 -543.8 2082.2 0.6473536491 -0.0744336098 0.7585465908 -0.0974175632 0.9789773822 0.1792011708 -0.7559385300 -0.1899022907 0.6264934540
30.8 577.7 1972.2 0 0 0 0 0 0 0 0 0
67.8 357.9 1995.4 0 0 0 0 0 0 0 0 0
-91.7 -882.1 2161.2 0 0 0 0 0 0 0 0 0
121.8 -908.7 2153.0 0 0 0 0 0 0 0 0 0
43.7 485.3 2054.9 5 0.9760370255 -0.0650469139 0.2076551765 0.0562087819 0.9972554445 0.0481882691 -0.2102197558 -0.0353614911 0.9770144224
60.2 231.9 2063.9 0.9760370255 -0.0650469139 0.2076551765 0.0562087819 0.9972554445 0.0481882691 -0.2102197558 -0.0353614911 0.9770144224
45.7 40.5 2092.5 0.9752413034 0.0749341622 0.2080606222 -0.1034067050 0.9861697555 0.1295232624 -0.1954773664 -0.1478312910 0.9695022106
-72.9 246.0 2090.6 0.4406542480 0.2048004717 -0.8740026355 -0.8840031028 0.2682918906 -0.3828288615 0.1560842693 0.9413162470 0.2992682159
-201.0 503.1 2045.2 -0.9150708318 0.2048004717 -0.3474220932 -0.2888704538 0.2682918906 0.9190067053 0.2814235389 0.9413162470 -0.1863452792
193.4 217.7 2037.2 -0.2302855998 0.6616367698 0.7135862708 -0.6800881624 0.4150621891 -0.6043206453 -0.6960234642 -0.6244679093 0.3543885052
154.6 103.2 1920.0 -0.3120845854 0.6616367698 -0.6817917824 0.9096912146 0.4150621891 -0.0136114676 0.2739801407 -0.6244679093 -0.7314196825
-57.5 -139.1 2145.4 0.9555896521 0.0069241282 -0.2946192920 -0.0529094078 0.9875107408 -0.1484017968 0.2899121642 0.1573993564 0.9440214038
-60.2 -522.5 2084.2 0.9588882923 0.0829974189 -0.2713754475 -0.0204603411 0.9740064144 0.2255945802 0.2830452025 -0.2107675821 0.9356614947
116.0 -158.6 2105.5 0.6548110247 0.0606379732 0.7533562183 -0.0083321072 0.9972949028 -0.0730305091 -0.7557467222 0.0415441357 0.6535449624
92.5 -545.6 2089.3 0.6588541269 -0.0963827968 0.7460707426 -0.0450160876 0.9849297404 0.1669939756 -0.7509226203 -0.1436098516 0.6445862651
34.6 577.5 1972.7 0 0 0 0 0 0 0 0 0
67.5 357.2 1996.5 0 0 0 0 0 0 0 0 0
-91.2 -886.0 2162.9 0 0 0 0 0 0 0 0 0
128.4 -912.6 2142.8 0 0 0 0 0 0 0 0 0
45.0 489.4 2059.9 6 0.9769569039 -0.0648576841 0.2033437192 0.0571865179 0.9974204898 0.0433828086 -0.2056328952 -0.0307546146 0.9781458378
61.5 234.6 2067.8 0.9769569039 -0.0648576841 0.2033437192 0.0571865179 0.9974204898 0.0433828086 -0.2056328952 -0.0307546146 0.9781458378
42.0 43.0 2090.7 0.9736918807 0.1009372994 0.2042934597 -0.1224722341 0.9878528118 0.0956419334 -0.1921580285 -0.1181460470 0.9742262363
-71.4 251.4 2094.1 0.4645203054 0.1806231886 -0.8669464588 -0.8693132401 0.2796852291 -0.4075177014 0.1688649654 0.9429482818 0.2869375944
-205.6 502.4 2045.3 -0.9170706868 0.1806231886 -0.3554668128 -0.2986003160 0.2796852291 0.9124768376 0.2642332911 0.9429482818 -0.2025569677
194.5 217.9 2041.5 -0.2350512147 0.6745889783 0.6997718215 -0.6696704626 0.4094099998 -0.6196167469 -0.7044802308 -0.6142581701 0.3555200100
154.0 102.6 1920.2 -0.3069716692 0.6745889783 -0.6713405252 0.9123322368 0.4094099998 -0.0057744985 0.2709580958 -0.6142581701 -0.7411265373
-56.1 -141.7 2138.7 0.9525211453 0.0083762407 -0.3043571413 -0.0511576980 0.9898132682 -0.1328632534 0.3001438379 0.1421252638 0.9432465434
-59.3 -525.9 2083.5 0.9553228021 0.0910402536 -0.2811939120 -0.0249401201 0.9728163481 0.2302310914 0.2945103347 -0.2129319906 0.9316241741
118.6 -160.2 2103.7 0.6587589383 0.0705523491 0.7490387559 -0.0162356999 0.9966946244 -0.0796003342 -0.7521789074 0.0402762592 0.6577269435
91.2 -547.1 2088.1 0.6617833376 -0.1181771606 0.7403222322 -0.0397629328 0.9805747271 0.1920730919 -0.7486399412 -0.1565481573 0.6442289352
30.6 579.3 1977.2 0 0 0 0 0 0 0 0 0
68.3 357.4 1995.9 0 0 0 0 0 0 0 0 0
-93.3 -889.0 2163.0 0 0 0 0 0 0 0 0 0
135.2 -912.6 2146.4 0 0 0 0 0 0 0 0 0
47.2 485.9 2057.4 7 0.9757146239 -0.0695551187 0.2077089548 0.0582780167 0.9964996576 0.0599344969 -0.2111506462 -0.0463740975 0.9763528109
64.5 237.3 2069.0 0.9757146239 -0.0695551187 0.2077089548 0.0582780167 0.9964996576 0.0599344969 -0.2111506462 -0.0463740975 0.9763528109
44.4 45.6 2091.6 0.9725369811 0.1038836241 0.2082787901 -0.1253980547 0.9877500534 0.0928715765 -0.1960795522 -0.1164387986 0.9736502767
-68.3 254.4 2095.8 0.4819559455 0.1916498691 -0.8549787998 -0.8608742356 0.2852554321 -0.4213370681 0.1631381661 0.9390951395 0.3024669886
-206.9 502.0 2048.9 -0.9150397182 0.1916498691 -0.3549262583 -0.2940867841 0.2852554321 0.9122183323 0.2760711610 0.9390951395 -0.2046583593
197.4 220.2 2042.2 -0.2499078065 0.6620896459 0.7065291405 -0.6740077734 0.4049237967 -0.6178594232 -0.6951687932 -0.6306139827 0.3450599313
153.7 102.3 1920.7 -0.3007445037 0.6620896459 -0.6864328384 0.9142956138 0.4049237967 -0.0100133764 0.2713232338 -0.6306139827 -0.7271242738
-64.8 -137.6 2130.8 0.9534732103 -0.0115267131 -0.3012573719 -0.0232953615 0.9934642315 -0.1117412671 0.3005764484 0.1135601997 0.9469730258
-60.3 -523.0 2086.8 0.9536530972 0.0827629119 -0.2893027663 -0.0211966150 0.9775201082 0.2097740024 0.3001607656 -0.1939193755 0.9339693785
109.6 -159.5 2096.3 0.6560943127 0.0471018367 0.7532075644 -0.0131877353 0.9986135960 -0.0509608984 -0.7545636296 0.0235020537 0.6558058858
91.3 -547.0 2087.2 0.6607081890 -0.1141719967 0.7419093251 -0.0490241386 0.9796919823 0.1944227368 -0.7490402460 -0.1648281664 0.6416933537
28.8 577.8 1977.8 0 0 0 0 0 0 0 0 0
69.7 357.6 1996.4 0 0 0 0 0 0 0 0 0
-91.2 -887.8 2159.1 0 0 0 0 0 0 0 0 0
133.9 -912.5 2148.7 0 0 0 0 0 0 0 0 0
51.2 480.0 2061.7 8 0.9739749432 -0.0683233589 0.2161127478 0.0606338680 0.9972751737 0.0420212261 -0.2183949053 -0.0278238691 0.9754637480
67.8 237.9 2068.5 0.9739749432 -0.0683233589 0.2161127478 0.0606338680 0.9972751737 0.0420212261 -0.2183949053 -0.0278238691 0.9754637480
46.1 46.5 2092.7 0.9696170092 0.1122328639 0.2173628211 -0.1361794323 0.9857775569 0.0984770954 -0.2032190263 -0.1250854135 0.9711105227
-64.6 256.5 2096.2 0.5029973388 0.1902381480 -0.8430914283 -0.8498865366 0.2862019539 -0.4424717724 0.1571194082 0.9390941858 0.3056396842
-209.4 501.2 2051.0 -0.9136159420 0.1902381480 -0.3593262434 -0.2985008657 0.2862019539 0.9104865193 0.2760491371 0.9390941858 -0.2046924233
200.3 219.2 2040.7 -0.2659258246 0.6522104144 0.7098627090 -0.6706581712 0.4037874341 -0.6222325563 -0.6924601793 -0.6415429115 0.3300327361
154.1 102.8 1920.4 -0.3018417358 0.6522104144 -0.6953511238 0.9146696329 0.4037874341 -0.0183088724 0.2688328028 -0.6415429115 -0.7184369564
-62.9 -134.8 2131.8 0.9557144046 -0.0070417644 -0.2942114472 -0.0299741644 0.9921857715 -0.1211152002 0.2927652895 0.1245702878 0.9480351806
-60.1 -519.8 2083.4 0.9569852948 0.0814799666 -0.2784602642 -0.0159798339 0.9731018543 0.2298203707 0.2896959782 -0.2154849619 0.9325462580
111.4 -157.3 2096.6 0.6500288844 0.0487480871 0.7583442926 -0.0161533039 0.9986011982 -0.0503462367 -0.7597377896 0.0204767436 0.6499070525
92.4 -544.8 2088.7 0.6524580121 -0.1067472398 0.7502689958 -0.0371881090 0.9843267798 0.1723886281 -0.7569118738 -0.1403774321 0.6382621527
25.9 578.1 1979.9 0 0 0 0 0 0 0 0 0
69.8 358.2 1995.5 0 0 0 0 0 0 0 0 0
-90.5 -883.0 2163.8 0 0 0 0 0 0 0 0 0
132.3 -912.1 2141.0 0 0 0 0 0 0 0 0 0
49.9 480.4 2063.3 9 0.9738168716 -0.0595744886 0.2193890065 0.0553365350 0.9981442094 0.0254173018 -0.2204960734 -0.0126115698 0.9753063321
64.5 235.9 2066.4 0.9738168716 -0.0595744886 0.2193890065 0.0553365350 0.9981442094 0.0254173018 -0.2204960734 -0.0126115698 0.9753063321
46.3 44.9 2095.6 0.9707280397 0.0937384218 0.2211339176 -0.1238916740 0.9841783047 0.1266644001 -0.2057618946 -0.1503533423 0.9669829011
-68.1 252.8 2094.6 0.4713707864 0.1977869719 -0.8594707251 -0.8684345484 0.2739568055 -0.4132422209 0.1537239254 0.9411843419 0.3009002805
-204.6 504.1 2050.1 -0.9150216579 0.1977869719 -0.3515901864 -0.2927842736 0.2739568055 0.9160922766 0.2775116265 0.9411843419 -0.1927675009
197.0 218.9 2038.3 -0.2486389130 0.6599587202 0.7089663148 -0.6758393645 0.4061195850 -0.6150674820 -0.6938442588 -0.6320770383 0.3450489342
154.4 103.0 1919.3 -0.3030616343 0.6599587202 -0.6874650121 0.9137283564 0.4061195850 -0.0129371723 0.2706550062 -0.6320770383 -0.7261022329
-62.6 -132.6 2135.2 0.9581828713 -0.0067866826 -0.2860760391 -0.0322144479 0.9908053279 -0.1314042807 0.2843374610 0.1351251006 0.9491540790
-59.9 -517.1 2082.8 0.9595797062 0.0812485144 -0.2694540322 -0.0169209912 0.9723457098 0.2329325080 0.2809278965 -0.2189578861 0.9344179630
111.1 -157.0 2098.8 0.6463037133 0.0485966764 0.7615312934 -0.0118094655 0.9984875321 -0.0536953323 -0.7629888654 0.0257102158 0.6459000707
92.3 -544.6 2088.8 0.6508082747 -0.0959776789 0.7531512976 -0.0523736365 0.9839397073 0.1706449240 -0.7574335933 -0.1505023986 0.6353293657
31.2 579.5 1978.6 0 0 0 0 0 0 0 0 0
69.8 358.2 1994.9 0 0 0 0 0 0 0 0 0
-90.2 -880.0 2164.5 0 0 0 0 0 0 0 0 0
128.1 -911.7 2145.0 0 0 0 0 0 0 0 0 0
47.7 479.3 2065.7 0 0.9739668965 -0.0405516326 0.2230337113 0.0410966650 0.9991527796 0.0021991441 -0.2229339182 0.0070240479 0.9748082757
57.8 232.4 2063.9 0.9739668965 -0.0405516326 0.2230337113 0.0410966650 0.9991527796 0.0021991441 -0.2229339182 0.0070240479 0.9748082757
44.2 41.4 2095.2 0.9718286395 0.0698564425 0.2250981033 -0.1036379784 0.9844357967 0.1419344544 -0.2116795927 -0.1612646878 0.9639426470
-75.0 246.6 2092.9 0.4564746618 0.2261652648 -0.8605115414 -0.8804419041 0.2542507350 -0.4002232254 0.1282691211 0.9403222203 0.3151843846
-208.2 503.6 2055.4 -0.9135642052 0.2261652648 -0.3380084932 -0.2796065807 0.2542507350 0.9258384109 0.2953313887 0.9403222203 -0.1690370739
190.5 218.2 2035.0 -0.2068309337 0.6764774919 0.7068232894 -0.6789084673 0.4209670722 -0.6015563011 -0.7044886351 -0.6042888165 0.3721973002
156.0 105.2 1917.6 -0.3154439926 0.6764774919 -0.6654872894 0.9070736170 0.4209670722 -0.0020378896 0.2787696421 -0.6042888165 -0.7464064360
-58.9 -134.9 2143.2 0.9612139463 0.0005643051 -0.2758032084 -0.0436746441 0.9876917601 -0.1501915753 0.2723238170 0.1564118415 0.9494077563
-59.1 -518.2 2082.5 0.9632203579 0.0851013288 -0.2548810244 -0.0232186448 0.9713367820 0.2365707010 0.2677077949 -0.2219517231 0.9375873208
115.0 -157.1 2106.3 0.6410477757 0.0601710826 0.7651386857 -0.0014167127 0.9970131516 -0.0772189125 -0.7674996853 0.0484170318 0.6392182708
91.7 -544.0 2087.5 0.6470400691 -0.1030333266 0.7554622889 -0.0508476906 0.9827905297 0.1775875092 -0.7607586384 -0.1533197463 0.6306658387
27.1 575.6 1979.3 0 0 0 0 0 0 0 0 0
68.0 358.4 1995.5 0 0 0 0 0 0 0 0 0
-90.8 -880.8 2165.4 0 0 0 0 0 0 0 0 0
130.2 -910.8 2144.8 0 0 0 0 0 0 0 0 0
46.1 481.5 2064.8 1 0.9714549780 -0.0343532413 0.2347234339 0.0334310494 0.9994097352 0.0079080472 -0.2348565459 0.0001647384 0.9720300436
54.8 230.2 2064.8 0.9714549780 -0.0343532413 0.2347234339 0.0334310494 0.9994097352 0.0079080472 -0.2348565459 0.0001647384 0.9720300436
45.3 40.6 2104.0 0.9705005288 0.0490964018 0.2360471785 -0.0945886299 0.9780884385 0.1854616255 -0.2217695117 -0.2023179829 0.9538792968
-77.8 243.2 2095.1 0.4252023995 0.2136652321 -0.8795169592 -0.8934901357 0.2542209923 -0.3701986372 0.1444931030 0.9432491064 0.2990031540
-201.9 504.0 2052.9 -0.9122412205 0.2136652321 -0.3495184183 -0.2935322225 0.2542209923 0.9215261936 0.2857530117 0.9432491064 -0.1691932380
187.3 217.2 2034.4 -0.1815905720 0.6890109181 0.7016329765 -0.6765409708 0.4302715361 -0.5976275802 -0.7136646509 -0.5832069516 0.3880108297
157.6 106.4 1917.5 -0.3280850947 0.6890109181 -0.6462384462 0.9026994109 0.4302715361 0.0004635706 0.2783774436 -0.5832069516 -0.7631353736
-56.4 -140.3 2145.5 0.9657472372 0.0093796430 -0.2593151629 -0.0516825169 0.9862767458 -0.1568027288 0.2542857528 0.1648338437 0.9529787898
-60.0 -523.1 2081.5 0.9683820605 0.0824343190 -0.2354586124 -0.0249713007 0.9711181521 0.2372888625 0.2482188642 -0.2239065617 0.9424718618
117.7 -158.9 2107.5 0.6312468648 0.0678875968 0.7726051211 0.0010989127 0.9960824847 -0.0884220526 -0.7755812407 0.0566651672 0.6286993027
91.4 -545.5 2085.5 0.6403328180 -0.1064740196 0.7606820464 -0.0679727271 0.9786049724 0.1941956878 -0.7650840878 -0.1760554910 0.6193955541
33.0 579.6 1979.3 0 0 0 0 0 0 0 0 0
66.0 358.4 1995.2 0 0 0 0 0 0 0 0 0
-90.8 -885.6 2165.1 0 0 0 0 0 0 0 0 0
131.1 -910.7 2151.2 0 0 0 0 0 0 0 0 0
43.2 482.2 2060.9 2 0.9614105821 -0.0375939682 0.2725368440 0.0311068706 0.9991213679 0.0280859675 -0.2733532488 -0.0185243785 0.9617353082
52.7 230.0 2065.6 0.9614105821 -0.0375939682 0.2725368440 0.0311068706 0.9991213679 0.0280859675 -0.2733532488 -0.0185243785 0.9617353082
42.2 40.0 2103.2 0.9602611661 0.0543666109 0.2737568319 -0.1044948399 0.9795377851 0.1720073372 -0.2588037252 -0.1937781423 0.9462931156
-78.3 244.3 2100.9 0.4157569408 0.2103752047 -0.8848098516 -0.8940504789 0.2729602754 -0.3551990986 0.1667928398 0.9387411475 0.3015711904
-199.8 505.4 2052.2 -0.9116861224 0.2103752047 -0.3529456854 -0.2918903232 0.2729602754 0.9166748524 0.2891857922 0.9387411475 -0.1874476075
183.8 215.7 2030.2 -0.1778319776 0.6993939281 0.6922600269 -0.6611929536 0.4360986352 -0.6104439497 -0.7288344502 -0.5662739277 0.3848820627
156.4 114.0 1918.0 -0.3295228183 0.6993939281 -0.6342419982 0.8997990489 0.4360986352 0.0134024583 0.2859656513 -0.5662739277 -0.7730184197
-51.1 -140.5 2163.1 0.9736585021 0.0243107993 -0.2267115116 -0.0709458739 0.9772446156 -0.1998992115 0.2166928798 0.2107178122 0.9532272816
-60.5 -519.4 2081.4 0.9778580666 0.0773166567 -0.1944627464 -0.0294660851 0.9708586931 0.2378342450 0.2071844041 -0.2268380821 0.9516402483
