7.1 465.9 2144.8  0.9762014151 -0.1166548431 0.1828180701 0.1070862338 0.9923520684 0.0613995120 -0.1885824502 -0.0403609909 0.9812276363
32.6 249.0 2153.6 0.9762014151 -0.1166548431 0.1828180701 0.1070862338 0.9923520684 0.0613995120 -0.1885824502 -0.0403609909 0.9812276363
13.7 54.3 2160.6 0.9783003926 0.0966580585 0.1832635999 -0.1014860645 0.9946894646 0.0171288941 -0.1806347221 -0.0353559032 0.9829145670
-106.8 263.5 2179.3 0.6049641967 0.2637591660 -0.7512984872 -0.7840735316 0.3617262244 -0.5043638349 0.1387337893 0.8941953182 0.4256379902
-278.3 485.9 2140.0 -0.9313990474 0.2637591660 -0.2508524656 -0.1455751061 0.3617262244 0.9208485484 0.3336221576 0.8941953182 -0.2985146940
172.0 234.5 2127.9 -0.0338358618 0.8416313529 0.5389914513 -0.2826879323 0.5092180371 -0.8128865361 -0.9586149454 -0.1798710972 0.2206891924
165.1 176.9 1932.6 -0.4119816720 0.8416313529 -0.3491815329 0.8207330704 0.5092180371 0.2590254843 0.3958135247 -0.1798710972 -0.9005432129
-95.1 -129.5 2186.4 0.7636619806 0.0132645424 0.6454799771 -0.0228414182 0.9997181296 0.0064793946 -0.6452121139 -0.0196917467 0.7637497187
-100.3 -521.0 2194.2 0.7626332641 0.1214172095 0.6353332996 -0.0314492285 0.9880229235 -0.1510683745 -0.6460661292 0.0952290222 0.7573176026
81.2 -151.1 2153.6 0.9690723419 -0.0159596596 0.2462602705 0.0218844321 0.9995326996 -0.0213408209 -0.2458045930 0.0260700639 0.9689687490
87.5 -542.5 2143.4 0.9660244584 -0.0774365589 0.2465771884 0.0914316401 0.9947572947 -0.0458056107 -0.2417374253 0.0667942986 0.9680400491
-37.4 523.5 2053.7 0 0 0 0 0 0 0 0 0
59.6 387.1 2034.0 0 0 0 0 0 0 0 0 0
-146.0 -893.1 2158.3 0 0 0 0 0 0 0 0 0
116.6 -916.5 2118.3 0 0 0 0 0 0 0 0 0
24.9 455.2 2143.9  0.9820038676 -0.0246712808 0.1872423738 0.0161698051 0.9987735748 0.0467960984 -0.1881672591 -0.0429262742 0.9811984897
30.0 248.7 2152.8 0.9820038676 -0.0246712808 0.1872423738 0.0161698051 0.9987735748 0.0467960984 -0.1881672591 -0.0429262742 0.9811984897
12.9 53.8 2160.7 0.9785786867 0.0871602297 0.1865123063 -0.0931349993 0.9953761697 0.0234982055 -0.1836017966 -0.0403656662 0.9821715951
-109.5 262.0 2178.9 0.5967483521 0.2679147124 -0.7563815713 -0.7904747128 0.3583710194 -0.4967091084 0.1379895508 0.8943108916 0.4256371260
-277.8 485.0 2140.0 -0.9255348444 0.2679147124 -0.2675947845 -0.1620837748 0.3583710194 0.9194014668 0.3422194123 0.8943108916 -0.2882602215
169.4 235.4 2126.6 -0.0182076339 0.8469232917 0.5314032435 -0.2889469564 0.5043557882 -0.8137167096 -0.9571719766 -0.1683631986 0.2355327755
165.7 176.9 1932.9 -0.4123182893 0.8469232917 -0.3357298672 0.8228842616 0.5043557882 0.2616997957 0.3909669518 -0.1683631986 -0.9048749208
-93.6 -131.3 2183.8 0.7614876032 0.0186119471 0.6479122043 -0.0282198824 0.9995918274 0.0044523641 -0.6475648880 -0.0216744263 0.7617020011
-100.9 -522.8 2192.3 0.7601962090 0.1205679774 0.6384082437 -0.0392036363 0.9893519282 -0.1401637644 -0.6485096812 0.0815240368 0.7568282485
83.2 -149.6 2151.2 0.9681566358 -0.0171735957 0.2497554719 0.0206795800 0.9997209311 -0.0114202481 -0.2494896501 0.0162214283 0.9682415724
89.9 -541.2 2144.9 0.9671635628 -0.0440316014 0.2503116429 0.0618174933 0.9960565567 -0.0636393130 -0.2465223968 0.0770232603 0.9660714865
-38.5 526.9 2051.5 0 0 0 0 0 0 0 0 0
60.1 387.7 2033.1 0 0 0 0 0 0 0 0 0
-146.3 -895.3 2161.6 0 0 0 0 0 0 0 0 0
106.5 -915.8 2115.9 0 0 0 0 0 0 0 0 0
36.1 449.7 2141.6  0.9809231162 0.0304681268 0.1919936538 -0.0393891297 0.9983060360 0.0428201333 -0.1903637797 -0.0495657213 0.9804615378
30.0 248.5 2151.6 0.9809231162 0.0304681268 0.1919936538 -0.0393891297 0.9983060360 0.0428201333 -0.1903637797 -0.0495657213 0.9804615378
12.8 53.6 2161.1 0.9776068330 0.0877262875 0.1912824959 -0.0953160673 0.9949696064 0.0308268983 -0.1876159459 -0.0483688824 0.9810507894
-109.3 262.1 2178.3 0.5946858525 0.2707735598 -0.7569877505 -0.7928114533 0.3537621200 -0.4962885678 0.1334117502 0.8952843547 0.4250496924
-274.8 482.7 2141.2 -0.9162872434 0.2707735598 -0.2951259613 -0.1904117018 0.3537621200 0.9157487154 0.3523649275 0.8952843547 -0.2725892663
169.3 234.9 2124.8 -0.0193795376 0.8501501679 0.5261834860 -0.2891940176 0.4990195334 -0.8169127107 -0.9570743442 -0.1680005193 0.2361875921
165.4 176.9 1932.8 -0.4092052877 0.8501501679 -0.3313543499 0.8269575834 0.4990195334 0.2590765059 0.3856062293 -0.1680005193 -0.9072396159
-92.6 -132.7 2185.2 0.7584818602 0.0210952759 0.6513525844 -0.0258519817 0.9996631742 -0.0022720592 -0.6511811614 -0.0151154399 0.7587717772
-100.8 -524.3 2191.1 0.7547940016 0.1262131482 0.6437050700 -0.0579179451 0.9903051257 -0.1262587756 -0.6533999443 0.0580172911 0.7547863722
84.3 -149.6 2152.0 0.9670350552 -0.0092379460 0.2544757426 0.0115961954 0.9999026060 -0.0077684452 -0.2543791831 0.0104633095 0.9670479298
87.9 -541.2 2147.9 0.9655211568 -0.0542458631 0.2546100020 0.0718116984 0.9955995679 -0.0602040552 -0.2502237856 0.0764122605 0.9651679993
-37.9 531.9 2050.1 0 0 0 0 0 0 0 0 0
60.6 388.7 2031.6 0 0 0 0 0 0 0 0 0
-148.4 -897.1 2169.3 0 0 0 0 0 0 0 0 0
108.3 -915.9 2119.2 0 0 0 0 0 0 0 0 0
44.9 447.0 2141.9  0.9788351655 0.0663127080 0.1936087012 -0.0742948502 0.9966478348 0.0342546292 -0.1906881630 -0.0479137674 0.9804806709
31.7 248.5 2151.4 0.9788351655 0.0663127080 0.1936087012 -0.0742948502 0.9966478348 0.0342546292 -0.1906881630 -0.0479137674 0.9804806709
13.0 53.8 2160.7 0.9765365720 0.0953158811 0.1931092292 -0.1026092768 0.9943246841 0.0281021036 -0.1893347055 -0.0472575314 0.9807747602
-107.5 263.1 2178.4 0.5954942107 0.2606411576 -0.7599031925 -0.7907068133 0.3573773205 -0.4970555305 0.1420190483 0.8968542814 0.4189068675
-271.2 480.6 2139.4 -0.9140377641 0.2606411576 -0.3108072877 -0.2077199668 0.3573773205 0.9105678797 0.3484069407 0.8968542814 -0.2725160122
170.8 233.9 2124.4 -0.0298842359 0.8459824324 0.5323726535 -0.2847316265 0.5033392906 -0.8158293366 -0.9581413269 -0.1759637594 0.2258360535
164.9 177.0 1933.1 -0.4089794159 0.8459824324 -0.3421250284 0.8242715001 0.5033392906 0.2592798769 0.3915511966 -0.1759637594 -0.9031746387
-92.7 -132.6 2187.5 0.7572674155 0.0207504798 0.6527752280 -0.0281603206 0.9996030331 0.0008925736 -0.6524975300 -0.0190582760 0.7575511336
-100.8 -524.1 2195.0 0.7560390234 0.1216911301 0.6431145072 -0.0384813435 0.9891289473 -0.1419262439 -0.6533943415 0.0825538710 0.7525029778
84.0 -149.8 2153.6 0.9666001201 -0.0114015006 0.2560355067 0.0169636495 0.9996654391 -0.0195261184 -0.2557272017 0.0232172459 0.9664701223
88.5 -541.4 2144.5 0.9656754732 -0.0424813405 0.2562541068 0.0564622506 0.9972766638 -0.0474472865 -0.2535406053 0.0602873638 0.9654442668
-34.9 534.3 2049.3 0 0 0 0 0 0 0 0 0
60.1 388.1 2033.4 0 0 0 0 0 0 0 0 0
-146.6 -896.5 2163.9 0 0 0 0 0 0 0 0 0
104.5 -916.8 2121.8 0 0 0 0 0 0 0 0 0
50.0 446.9 2145.4  0.9765920043 0.0874429792 0.1965243518 -0.0933002755 0.9954222441 0.0207282994 -0.1938121617 -0.0385788679 0.9802798033
32.7 249.8 2153.1 0.9765920043 0.0874429792 0.1965243518 -0.0933002755 0.9954222441 0.0207282994 -0.1938121617 -0.0385788679 0.9802798033
12.7 55.1 2160.5 0.9752381444 0.1020240635 0.1962182820 -0.1075158864 0.9940490723 0.0175144989 -0.1932637095 -0.0381773897 0.9804037809
-106.3 265.1 2180.6 0.6088089347 0.2579075396 -0.7502235174 -0.7802137733 0.3658225834 -0.5073857307 0.1435901076 0.8942357302 0.4239391088
-275.5 481.9 2140.7 -0.9187862277 0.2579075396 -0.2988570631 -0.1934287995 0.3658225834 0.9103620648 0.3441179097 0.8942357302 -0.2862260342
171.7 234.5 2125.5 -0.0303247720 0.8417387605 0.5390326977 -0.2865616083 0.5093216300 -0.8114640713 -0.9575817585 -0.1790735424 0.2257649601
165.6 177.3 1934.7 -0.4145809412 0.8417387605 -0.3458301127 0.8222513795 0.5093216300 0.2539570332 0.3899042308 -0.1790735424 -0.9032759070
-93.9 -131.7 2187.1 0.7551103234 0.0166102797 0.6553872824 -0.0271262191 0.9996144772 0.0059192665 -0.6550363302 -0.0222478788 0.7552698255
-100.4 -523.2 2195.8 0.7544369698 0.1215606183 0.6450177431 -0.0326995961 0.9884412885 -0.1480358541 -0.6555575132 0.0905918926 0.7496916056
82.6 -150.2 2152.8 0.9658111334 -0.0164167695 0.2587264776 0.0239649843 0.9993734360 -0.0260474496 -0.2581367493 0.0313572921 0.9655993581
89.1 -541.7 2140.6 0.9639236927 -0.0629992858 0.2586158514 0.0704502091 0.9973220229 -0.0196354948 -0.2566862404 0.0371466577 0.9657806754
-37.9 531.9 2051.7 0 0 0 0 0 0 0 0 0
59.4 387.9 2034.5 0 0 0 0 0 0 0 0 0
-146.2 -895.4 2161.7 0 0 0 0 0 0 0 0 0
112.8 -917.0 2126.6 0 0 0 0 0 0 0 0 0
53.3 447.0 2145.5 0 0.9754375815 0.0994773507 0.1965342909 -0.1052178741 0.9942684174 0.0189599842 -0.1935217530 -0.0391732007 0.9803135991
33.6 250.7 2153.2 0.9754375815 0.0994773507 0.1965342909 -0.1052178741 0.9942684174 0.0189599842 -0.1935217530 -0.0391732007 0.9803135991
12.7 56.1 2160.8 0.9746974707 0.1067932025 0.1963670403 -0.1123502553 0.9935172200 0.0173482429 -0.1932413578 -0.0389711745 0.9803769588
-105.3 266.7 2180.7 0.6107816100 0.2522245944 -0.7505521774 -0.7777637839 0.3687985539 -0.5089902878 0.1484226882 0.8946341872 0.4214265347
-276.5 484.8 2139.1 -0.9287458658 0.2522245944 -0.2716870010 -0.1673124433 0.3687985539 0.9143271446 0.3308135867 0.8946341872 -0.3003198504
172.6 234.7 2125.7 -0.0342294537 0.8391097188 0.5428842306 -0.2868097425 0.5121064186 -0.8096216321 -0.9573758245 -0.1834173799 0.2231357098
165.7 177.1 1933.7 -0.4170791805 0.8391097188 -0.3491989076 0.8221624494 0.5121064186 0.2485879362 0.3874195516 -0.1834173799 -0.9034733772
-95.4 -129.9 2185.5 0.7550526261 0.0132256765 0.6555307508 -0.0239985175 0.9996840358 0.0074727926 -0.6552248597 -0.0213741176 0.7551314831
-100.6 -521.4 2193.9 0.7537497878 0.1205022410 0.6460189819 -0.0350824073 0.9890210629 -0.1435498148 -0.6562244296 0.0855367333 0.7497019172
80.9 -149.3 2150.5 0.9658516645 -0.0185422692 0.2584313154 0.0221557617 0.9996931553 -0.0110768285 -0.2581466138 0.0164243151 0.9659661055
88.1 -540.8 2144.1 0.9633471370 -0.0704810917 0.2588333786 0.0829847902 0.9958378077 -0.0376899876 -0.2550996542 0.0577877760 0.9651863575
-36.4 528.0 2053.6 0 0 0 0 0 0 0 0 0
58.9 387.7 2032.9 0 0 0 0 0 0 0 0 0
-146.0 -893.9 2161.6 0 0 0 0 0 0 0 0 0
114.7 -915.7 2122.4 0 0 0 0 0 0 0 0 0
53.9 446.2 2146.7 1 0.9746250510 0.1059659123 0.1971732229 -0.1112178639 0.9936716557 0.0157241765 -0.1942592114 -0.0372543596 0.9802425504
33.0 250.2 2154.1 0.9746250510 0.1059659123 0.1971732229 -0.1112178639 0.9936716557 0.0157241765 -0.1942592114 -0.0372543596 0.9802425504
11.6 55.7 2161.4 0.9742376208 0.1096293256 0.1970848739 -0.1147881523 0.9932780862 0.0149099603 -0.1941255182 -0.0371488519 0.9802730680
-105.8 266.6 2181.8 0.5973257422 0.2540747821 -0.7606891394 -0.7861533761 0.3731054962 -0.4927018583 0.1586342007 0.8923218250 0.4226072729
-271.5 484.6 2137.8 -0.9288107157 0.2540747821 -0.2697345316 -0.1631754488 0.3731054962 0.9133269191 0.3326927722 0.8923218250 -0.3050856292
171.9 233.9 2126.4 -0.0301175490 0.8456789851 0.5328414440 -0.2834799290 0.5039682388 -0.8158769011 -0.9585050941 -0.1756220758 0.2245547175
165.8 176.9 1933.7 -0.4133530855 0.8456789851 -0.3375889659 0.8266672492 0.5039682388 0.2502743602 0.3817858696 -0.1756220758 -0.9074119329
-96.3 -128.3 2185.9 0.7545211911 0.0130461380 0.6561459899 -0.0257480890 0.9996210933 0.0097330250 -0.6557703614 -0.0242382791 0.7545711994
-101.4 -519.9 2195.4 0.7550914884 0.1111007258 0.6461373568 -0.0207571089 0.9890943170 -0.1458135396 -0.6552907825 0.0966906175 0.7491627932
79.9 -148.7 2151.0 0.9657354355 -0.0193393845 0.2588070333 0.0198541991 0.9998027086 0.0006246559 -0.2587680519 0.0045351540 0.9659288526
87.5 -540.2 2149.2 0.9627864361 -0.0754260421 0.2595249414 0.0962757990 0.9929899573 -0.0685704052 -0.2525336444 0.0910046250 0.9632989764
-31.3 526.8 2051.7 0 0 0 0 0 0 0 0 0
60.0 388.6 2031.5 0 0 0 0 0 0 0 0 0
-143.3 -892.4 2159.0 0 0 0 0 0 0 0 0 0
115.9 -913.9 2115.0 0 0 0 0 0 0 0 0 0
52.0 446.8 2143.5 2 0.9735566974 0.1003956422 0.2052024156 -0.1075818390 0.9939031601 0.0241394769 -0.2015278339 -0.0455772020 0.9784218073
32.2 250.9 2152.5 0.9735566974 0.1003956422 0.2052024156 -0.1075818390 0.9939031601 0.0241394769 -0.2015278339 -0.0455772020 0.9784218073
12.2 56.3 2161.4 0.9733716249 0.1022553146 0.2051622123 -0.1093972474 0.9937144518 0.0237450823 -0.2014445961 -0.0455569699 0.9784399271
-106.5 266.5 2181.2 0.5955481529 0.2526835203 -0.7625440955 -0.7873082161 0.3721718490 -0.4915627241 0.1595876217 0.8931064606 0.4205860496
-269.6 482.0 2137.5 -0.9268962145 0.2526835203 -0.2775148451 -0.1716426164 0.3721718490 0.9121550918 0.3337697685 0.8931064606 -0.3015933931
170.9 235.3 2123.8 -0.0289433822 0.8536639810 0.5200193524 -0.2939580977 0.4899634123 -0.8206853867 -0.9553799629 -0.1766173095 0.2367602438
165.2 176.9 1934.1 -0.4008628130 0.8536639810 -0.3325158954 0.8346104026 0.4899634123 0.2517167926 0.3778021932 -0.1766173095 -0.9088849425
-98.0 -128.5 2186.2 0.7491958141 0.0087577272 0.6622906923 -0.0227491111 0.9996628761 0.0125152953 -0.6619578004 -0.0244429316 0.7491424680
-101.4 -520.1 2195.8 0.7498350143 0.1068731099 0.6529361606 -0.0169496443 0.9896466136 -0.1425210983 -0.6614077091 0.0958002657 0.7438831329
78.2 -149.2 2151.1 0.9632933140 -0.0248352010 0.2672998607 0.0277935844 0.9995871186 -0.0072892909 -0.2670084834 0.0144509468 0.9635858536
87.9 -540.8 2145.4 0.9609630108 -0.0673322827 0.2683587968 0.0901489332 0.9932039380 -0.0736144856 -0.2615783811 0.0949330553 0.9605022073
-29.8 526.4 2051.2 0 0 0 0 0 0 0 0 0
62.5 390.7 2030.9 0 0 0 0 0 0 0 0 0
-141.7 -892.8 2159.7 0 0 0 0 0 0 0 0 0
113.2 -914.7 2109.7 0 0 0 0 0 0 0 0 0
51.2 445.1 2139.4 3 0.9740790725 0.0992011428 0.2032955736 -0.1085220724 0.9934707284 0.0351982564 -0.1984764934 -0.0563479438 0.9784845114
31.7 249.3 2150.5 0.9740790725 0.0992011428 0.2032955736 -0.1085220724 0.9934707284 0.0351982564 -0.1984764934 -0.0563479438 0.9784845114
12.1 54.8 2161.5 0.9739896655 0.1001143306 0.2032764107 -0.1094135493 0.9933796525 0.0350071453 -0.1984259337 -0.0563377887 0.9784953594
-107.1 264.9 2178.8 0.5884866714 0.2608296871 -0.7652785778 -0.7940711975 0.3645259440 -0.4863864183 0.1520998776 0.8939176202 0.4216360152
-268.3 482.3 2137.1 -0.9244050384 0.2608296871 -0.2782862782 -0.1726168096 0.3645259440 0.9150542617 0.3401158750 0.8939176202 -0.2919460237
170.5 233.7 2122.2 -0.0249228105 0.8527523279 0.5217204690 -0.2889940739 0.4934543669 -0.8203567266 -0.9570063949 -0.1712197214 0.2341421098
165.6 176.9 1934.0 -0.4053412378 0.8527523279 -0.3294114172 0.8319497705 0.4934543669 0.2536974251 0.3788906038 -0.1712197214 -0.9094645381
-95.8 -128.5 2188.5 0.7505001426 0.0161412805 0.6606731415 -0.0268358737 0.9996214509 0.0060622343 -0.6603252292 -0.0222794488 0.7506492138
-102.1 -520.0 2197.3 0.7527452707 0.0960661024 0.6512648463 -0.0054981564 0.9901781678 -0.1397033036 -0.6582889557 0.1015802398 0.7458800673
80.2 -148.3 2152.1 0.9637320638 -0.0181586333 0.2662531734 0.0267899036 0.9992254972 -0.0288211405 -0.2655236125 0.0349087566 0.9634721279
87.3 -539.6 2138.4 0.9612214565 -0.0746479630 0.2654826343 0.0760139376 0.9970934987 0.0051407279 -0.2650947571 0.0152390013 0.9641019106
-29.1 527.0 2049.2 0 0 0 0 0 0 0 0 0
61.8 390.0 2031.0 0 0 0 0 0 0 0 0 0
-138.3 -893.0 2159.0 0 0 0 0 0 0 0 0 0
115.3 -913.8 2132.7 0 0 0 0 0 0 0 0 0
53.6 446.1 2143.9 4 0.9751045704 0.1019229889 0.1969334036 -0.1087029502 0.9937868714 0.0239015687 -0.1932737082 -0.0447137728 0.9801254869
33.5 250.3 2152.7 0.9751045704 0.1019229889 0.1969334036 -0.1087029502 0.9937868714 0.0239015687 -0.1932737082 -0.0447137728 0.9801254869
13.4 55.7 2161.5 0.9750554562 0.1024103984 0.1969236583 -0.1091805547 0.9937368035 0.0238067936 -0.1932522207 -0.0447131768 0.9801297188
-105.5 265.9 2180.3 0.5945838094 0.2475203872 -0.7649861574 -0.7884144783 0.3661096394 -0.4943342507 0.1577109993 0.8970492482 0.4128315151
-267.7 480.9 2137.2 -0.9229938984 0.2475203872 -0.2946454883 -0.1924616098 0.3661096394 0.9104516506 0.3332279027 0.8970492482 -0.2902787924
172.5 234.7 2125.2 -0.0325469151 0.8478881121 0.5291752219 -0.2896056771 0.4987413883 -0.8169367313 -0.9565925002 -0.1798409075 0.2293207198
166.0 177.0 1934.6 -0.4069249034 0.8478881121 -0.3398497403 0.8296331167 0.4987413883 0.2509301007 0.3822577894 -0.1798409075 -0.9063863754
-95.6 -129.9 2190.5 0.7546633482 0.0143395420 0.6559554935 -0.0270117801 0.9995925426 0.0092248647 -0.6555559635 -0.0246801917 0.7547432184
-101.2 -521.4 2200.2 0.7570756674 0.1144158468 0.6432304382 -0.0075018802 0.9860032201 -0.1665575653 -0.6532840729 0.1212712452 0.7473374009
80.5 -149.6 2154.6 0.9655137658 -0.0173222665 0.2597750425 0.0271128640 0.9990487695 -0.0341528356 -0.2589363456 0.0400182791 0.9650650024
87.3 -540.9 2139.0 0.9633625746 -0.0676887706 0.2595203221 0.0756490305 0.9969176054 -0.0207972843 -0.2573126554 0.0396677852 0.9655137062
-29.0 530.7 2051.1 0 0 0 0 0 0 0 0 0
61.7 389.5 2032.5 0 0 0 0 0 0 0 0 0
-144.3 -892.7 2154.5 0 0 0 0 0 0 0 0 0
112.7 -915.7 2124.0 0 0 0 0 0 0 0 0 0
5.3 466.7 2146.1 5 0.9721252918 -0.1347078383 0.1919014454 0.1247369349 0.9901761413 0.0631811842 -0.1985272318 -0.0374828316 0.9793783426
34.6 251.3 2154.2 0.9721252918 -0.1347078383 0.1919014454 0.1247369349 0.9901761413 0.0631811842 -0.1985272318 -0.0374828316 0.9793783426
14.4 56.6 2160.9 0.9758460522 0.1029185355 0.1926972419 -0.1075122580 0.9941120148 0.0135075310 -0.1901724637 -0.0338985883 0.9811652899
-104.5 266.6 2181.3 0.5981252789 0.2450012267 -0.7630338073 -0.7849345207 0.3711253405 -0.4961287677 0.1616290063 0.8956786990 0.4142893851
-267.3 480.3 2137.3 -0.9227719307 0.2450012267 -0.2974328995 -0.1941544414 0.3711253405 0.9080584049 0.3328602910 0.8956786990 -0.2948959768
173.7 235.9 2127.1 -0.0369049497 0.8440325856 0.5350205302 -0.2927941978 0.5027568340 -0.8133308887 -0.9554629922 -0.1866668612 0.2285736352
166.3 177.2 1935.6 -0.4100483656 0.8440325856 -0.3456433117 0.8293252587 0.5027568340 0.2438343465 0.3795786798 -0.1866668612 -0.9061321616
-94.8 -129.1 2187.7 0.7572940588 0.0179965608 0.6528260708 -0.0316911861 0.9994552732 0.0092104012 -0.6523047090 -0.0276638139 0.7574518323
-101.8 -520.6 2198.5 0.7603836060 0.1141159683 0.6393702626 -0.0070547918 0.9858359694 -0.1675637662 -0.6494358778 0.1229021177 0.7504186034
81.5 -148.8 2152.7 0.9667520523 -0.0144528802 0.2553068697 0.0218432937 0.9994197488 -0.0261354335 -0.2547810078 0.0308432262 0.9665067792
87.2 -540.3 2140.7 0.9641267061 -0.0732130557 0.2551461160 0.0799019709 0.9966753125 -0.0159358736 -0.2531311214 0.0357508771 0.9667711854
-28.6 530.5 2051.2 0 0 0 0 0 0 0 0 0
61.2 389.6 2032.8 0 0 0 0 0 0 0 0 0
-144.8 -891.8 2152.2 0 0 0 0 0 0 0 0 0
114.7 -915.3 2127.2 0 0 0 0 0 0 0 0 0
30.2 457.7 2147.5 6 0.9816844463 -0.0225331001 0.1891770512 0.0156628005 0.9991650581 0.0377337448 -0.1898693591 -0.0340795889 0.9812177420
34.8 252.1 2154.5 0.9816844463 -0.0225331001 0.1891770512 0.0156628005 0.9991650581 0.0377337448 -0.1898693591 -0.0340795889 0.9812177420
14.8 57.4 2160.7 0.9767975211 0.1023014337 0.1881515980 -0.1064607501 0.9942432046 0.0121077495 -0.1858298033 -0.0318575799 0.9820653796
-104.4 267.3 2181.0 0.6017705202 0.2475139946 -0.7593477964 -0.7822458744 0.3744766116 -0.4978539944 0.1611321568 0.8935905695 0.4189658165
-267.5 479.3 2137.3 -0.9187275171 0.2475139946 -0.3076955080 -0.2021850944 0.3744766116 0.9049245715 0.3392062783 0.8935905695 -0.2939983606
174.1 236.9 2128.0 -0.0376639552 0.8293804526 0.5574132204 -0.2952732444 0.5236649513 -0.7991174459 -0.9546701908 -0.1946871430 0.2251705676
166.4 177.3 1935.2 -0.4238292277 0.8293804526 -0.3640011549 0.8167890310 0.5236649513 0.2421377003 0.3914389312 -0.1946871430 -0.8993734121
-93.9 -128.4 2184.7 0.7602434754 0.0214859843 0.6492828727 -0.0342259742 0.9993895888 0.0070034270 -0.6487360597 -0.0275466479 0.7605147958
-102.3 -519.9 2195.5 0.7612082958 0.1115529612 0.6388410330 -0.0259069186 0.9895387888 -0.1419217288 -0.6479897499 0.0914815962 0.7561351657
82.5 -147.8 2150.3 0.9679332972 -0.0145905558 0.2507832348 0.0208716840 0.9995310903 -0.0224045422 -0.2503387630 0.0269203708 0.9677839875
88.2 -539.4 2139.8 0.9655315280 -0.0701279268 0.2506609261 0.0761911646 0.9969869852 -0.0145548852 -0.2488849908 0.0331513509 0.9679655433
-29.8 531.6 2049.6 0 0 0 0 0 0 0 0 0
57.9 386.4 2035.4 0 0 0 0 0 0 0 0 0
-144.3 -892.4 2161.1 0 0 0 0 0 0 0 0 0
114.6 -914.7 2127.3 0 0 0 0 0 0 0 0 0
42.5 453.8 2149.4 7 0.9808973074 0.0381385572 0.1907510906 -0.0432998501 0.9987981915 0.0229617711 -0.1896461099 -0.0307826325 0.9813698530
34.8 253.0 2155.6 0.9808973074 0.0381385572 0.1907510906 -0.0432998501 0.9987981915 0.0229617711 -0.1896461099 -0.0307826325 0.9813698530
14.8 58.3 2161.4 0.9765229225 0.1018373817 0.1898213625 -0.1055878103 0.9943624735 0.0097230794 -0.1877610534 -0.0295376312 0.9817705154
-104.4 268.1 2182.4 0.6065813303 0.2320735604 -0.7603952885 -0.7770831585 0.3750996292 -0.5054126978 0.1679310501 0.8974642754 0.4078688920
-271.7 482.4 2136.0 -0.9304547310 0.2320735604 -0.2835415900 -0.1833464056 0.3750996292 0.9086717367 0.3172350526 0.8974642754 -0.3064633608
174.0 238.0 2128.8 -0.0337530114 0.8237735033 0.5659133792 -0.2991064787 0.5319572091 -0.7921848297 -0.9536225796 -0.1960069835 0.2284408361
167.1 177.5 1935.8 -0.4311379492 0.8237735033 -0.3681266904 0.8123447895 0.5319572091 0.2389926910 0.3927035034 -0.1960069835 -0.8985350728
-93.5 -127.7 2183.8 0.7591847181 0.0202557202 0.6505599618 -0.0305969771 0.9995213151 0.0045848731 -0.6501556635 -0.0233859345 0.7594410181
-101.5 -519.3 2192.9 0.7577866912 0.1194038168 0.6414842606 -0.0426581465 0.9900766015 -0.1338975281 -0.6511064172 0.0741012320 0.7553604841
83.1 -147.0 2150.2 0.9676119685 -0.0058961436 0.2523733974 0.0108071072 0.9997782111 -0.0180773828 -0.2522108257 0.0202193186 0.9674610496
85.4 -538.6 2142.2 0.9627393484 -0.0970149934 0.2524302304 0.1084290072 0.9935995340 -0.0316713899 -0.2477419823 0.0578620546 0.9670966268
-31.1 529.8 2054.0 0 0 0 0 0 0 0 0 0
56.7 385.5 2036.4 0 0 0 0 0 0 0 0 0
-146.4 -892.0 2165.0 0 0 0 0 0 0 0 0 0
121.9 -912.5 2120.5 0 0 0 0 0 0 0 0 0
49.4 452.5 2150.0 8 0.9766475558 0.0713388175 0.2026582509 -0.0759388283 0.9969995618 0.0150040453 -0.2009798139 -0.0300432928 0.9791345596
35.3 254.2 2156.0 0.9766475558 0.0713388175 0.2026582509 -0.0759388283 0.9969995618 0.0150040453 -0.2009798139 -0.0300432928 0.9791345596
15.0 59.5 2161.7 0.9738953114 0.1034858748 0.2020360082 -0.1072854623 0.9941967130 0.0079168798 -0.2000442445 -0.0293857381 0.9793460965
-103.5 269.5 2184.5 0.6138932705 0.2357875258 -0.7533520460 -0.7706643343 0.3856478035 -0.5072989464 0.1709138006 0.8920089602 0.4184596241
-274.7 484.3 2136.8 -0.9342421889 0.2357875258 -0.2675739527 -0.1627765298 0.3856478035 0.9081737399 0.3173253536 0.8920089602 -0.3219077885
174.1 238.9 2127.4 -0.0294113904 0.8226680756 0.5677607656 -0.3058384061 0.5333589911 -0.7886641026 -0.9516290426 -0.1968387365 0.2359166443
168.1 177.2 1935.6 -0.4322361350 0.8226680756 -0.3693090975 0.8116824031 0.5333589911 0.2381174266 0.3928659260 -0.1968387365 -0.8982821703
-93.4 -126.9 2184.1 0.7509301901 0.0224979259 0.6599982977 -0.0332625583 0.9994395375 0.0037765873 -0.6595433950 -0.0247891825 0.7512575984
-102.2 -518.4 2193.8 0.7509375215 0.1127437055 0.6506778598 -0.0331978910 0.9905175567 -0.1333149374 -0.6595382690 0.0785100609 0.7475596666
83.2 -146.0 2150.2 0.9644269347 -0.0047976202 0.2643059790 0.0076784426 0.9999218583 -0.0098675471 -0.2642379701 0.0115459869 0.9643883705
85.1 -537.7 2145.7 0.9582129717 -0.1093055755 0.2643486559 0.1202323660 0.9924191833 -0.0254636016 -0.2595613599 0.0561828203 0.9640909433
-33.1 526.4 2054.8 0 0 0 0 0 0 0 0 0
57.4 385.1 2036.2 0 0 0 0 0 0 0 0 0
-144.6 -891.4 2164.3 0 0 0 0 0 0 0 0 0
126.2 -911.3 2124.5 0 0 0 0 0 0 0 0 0
53.4 452.5 2149.9 9 0.9748127460 0.0936606899 0.2024050653 -0.0982152373 0.9950860143 0.0125541529 -0.2002346218 -0.0321172103 0.9792214036
34.9 255.6 2156.2 0.9748127460 0.0936606899 0.2024050653 -0.0982152373 0.9950860143 0.0125541529 -0.2002346218 -0.0321172103 0.9792214036
13.4 61.0 2162.5 0.9732002020 0.1098201871 0.2020418942 -0.1139739752 0.9934429526 0.0090050967 -0.1997281611 -0.0317912810 0.9793354869
-103.8 271.8 2184.7 0.6170694232 0.2229977101 -0.7546504736 -0.7661622167 0.3890162110 -0.5115289092 0.1795014888 0.8938335776 0.4109024107
-275.0 484.5 2134.9 -0.9394237399 0.2229977101 -0.2602979839 -0.1590790004 0.3890162110 0.9073920250 0.3036064804 0.8938335776 -0.3299767971
173.6 239.4 2127.8 -0.0215552188 0.8396056294 0.5427685976 -0.3052212298 0.5114498138 -0.8032802343 -0.9520375133 -0.1829793751 0.2452410609
169.2 177.5 1934.8 -0.4161354899 0.8396056294 -0.3491326272 0.8221291900 0.5114498138 0.2500453591 0.3885033131 -0.1829793751 -0.9030967355
-93.3 -125.6 2185.6 0.7508656383 0.0245680679 0.6599978805 -0.0345803052 0.9993996620 0.0021391651 -0.6595490575 -0.0244291518 0.7512644529
-102.9 -517.0 2195.1 0.7527889013 0.0978032202 0.6509557962 -0.0163754821 0.9913770556 -0.1300128102 -0.6580582857 0.0872124881 0.7478992343
82.8 -144.9 2149.4 0.9644463658 -0.0067156646 0.2641932368 0.0089885099 0.9999322295 -0.0073950659 -0.2641256750 0.0095068477 0.9644414186
85.4 -536.6 2145.7 0.9590110183 -0.1022530571 0.2642768025 0.1158822849 0.9925934076 -0.0364643261 -0.2585908175 0.0655946881 0.9637572765
-32.1 525.6 2056.4 0 0 0 0 0 0 0 0 0
62.7 388.0 2034.3 0 0 0 0 0 0 0 0 0
-139.8 -890.4 2162.3 0 0 0 0 0 0 0 0 0
123.9 -910.4 2121.0 0 0 0 0 0 0 0 0 0
45.1 448.6 2143.2 0 0.9785205722 0.0833069682 0.1885669380 -0.0906235054 0.9954180121 0.0305021908 -0.1851618737 -0.0469356179 0.9815865159
28.7 252.1 2152.4 0.9785205722 0.0833069682 0.1885669380 -0.0906235054 0.9954180121 0.0305021908 -0.1851618737 -0.0469356179 0.9815865159
10.8 57.4 2161.6 0.9778404832 0.0912573859 0.1884147823 -0.0983769745 0.9947333336 0.0287675168 -0.1847972125 -0.0466657169 0.9816681147
-110.6 266.1 2178.8 0.5936104059 0.2300812751 -0.7711610198 -0.7890120745 0.3549955487 -0.5014360547 0.1583876610 0.9061130285 0.3922659457
-275.6 485.3 2134.8 -0.9418115616 0.2300812751 -0.2450583875 -0.1532374620 0.3549955487 0.9222236276 0.2991810143 0.9061130285 -0.2990818322
168.0 238.1 2126.1 0.0561454296 0.8680571318 0.4932793379 -0.3075863123 0.4850674868 -0.8185964823 -0.9498623013 -0.1057655290 0.2942368090
179.3 176.3 1935.2 -0.4178641737 0.8680571318 -0.2680790126 0.8288894296 0.4850674868 0.2786607444 0.3719298542 -0.1057655290 -0.9222157001
-96.1 -123.3 2186.7 0.7603795528 0.0138351340 0.6493315697 -0.0270107128 0.9995817542 0.0103322351 -0.6489170790 -0.0253953300 0.7604352236
-101.5 -514.8 2196.7 0.7609243989 0.1084229350 0.6397175789 -0.0221225172 0.9897015691 -0.1414261460 -0.6484633088 0.0934624374 0.7554866672
79.9 -143.9 2150.6 0.9677773714 -0.0125804925 0.2514930069 0.0152952848 0.9998438954 -0.0088427952 -0.2513425052 0.0124045145 0.9678187370
84.8 -535.5 2145.8 0.9625902176 -0.1000666916 0.2518069446 0.1179036051 0.9914029241 -0.0567357056 -0.2439647913 0.0843021795 0.9661129713
-32.0 525.0 2057.4 0 0 0 0 0 0 0 0 0
72.3 388.6 2030.5 0 0 0 0 0 0 0 0 0
-142.3 -887.5 2161.5 0 0 0 0 0 0 0 0 0
122.5 -908.8 2114.0 0 0 0 0 0 0 0 0 0
55.4 449.4 2145.4 1 0.9808479548 0.1057014987 0.1635984182 -0.1109790802 0.9935463667 0.0234370399 -0.1600652784 -0.0411441736 0.9862485528
34.6 253.5 2153.6 0.9808479548 0.1057014987 0.1635984182 -0.1109790802 0.9935463667 0.0234370399 -0.1600652784 -0.0411441736 0.9862485528
13.1 59.1 2161.6 0.9804123044 0.1097606197 0.1635367274 -0.1149958745 0.9931027293 0.0228682961 -0.1598987281 -0.0412264094 0.9862721562
-105.0 269.9 2176.4 0.6143402457 0.2335852087 -0.7536736727 -0.7757437825 0.3534228504 -0.5227942467 0.1442485005 0.9058312774 0.3983241320
-276.6 486.6 2136.1 -0.9392784238 0.2335852087 -0.2513842285 -0.1588366330 0.3534228504 0.9218802452 0.3041825294 0.9058312774 -0.2948605418
174.3 237.1 2130.8 0.0460794345 0.8942398429 0.4452098310 -0.3076687455 0.4367223680 -0.8453481793 -0.9503771067 -0.0980239809 0.2952535450
183.6 174.5 1937.4 -0.3836755753 0.8942398429 -0.2304954976 0.8607209921 0.4367223680 0.2615968883 0.3345928788 -0.0980239809 -0.9372507334
-95.5 -128.5 2187.5 0.7765414119 0.0160661284 0.6298612952 -0.0267626327 0.9996137023 0.0074974792 -0.6294975281 -0.0226788502 0.7766714096
-101.8 -520.1 2196.4 0.7768092155 0.1097686738 0.6200953722 -0.0243699048 0.9891933799 -0.1445772499 -0.6292642951 0.0971972719 0.7710896134
81.3 -146.3 2154.1 0.9739667773 -0.0130759832 0.2263132930 0.0186107438 0.9995772243 -0.0223397911 -0.2259254903 0.0259700734 0.9737983346
86.4 -537.8 2143.9 0.9702674747 -0.0851386264 0.2265667617 0.0981920809 0.9940588474 -0.0469608791 -0.2212225199 0.0678116754 0.9728628993
-33.7 527.6 2057.4 0 0 0 0 0 0 0 0 0
85.0 395.7 2023.4 0 0 0 0 0 0 0 0 0
-143.1 -892.6 2159.8 0 0 0 0 0 0 0 0 0
118.4 -912.1 2118.4 0 0 0 0 0 0 0 0 0
62.8 447.6 2146.5 2 0.9806126356 0.1263816953 0.1497548074 -0.1301389188 0.9913742542 0.0155207561 -0.1465015262 -0.0347087793 0.9886013269
37.9 252.2 2153.3 0.9806126356 0.1263816953 0.1497548074 -0.1301389188 0.9913742542 0.0155207561 -0.1465015262 -0.0347087793 0.9886013269
12.8 58.2 2160.1 0.9803460240 0.1284559071 0.1497357637 -0.1322132647 0.9911020994 0.0153725622 -0.1464287341 -0.0348674841 0.9886065125
-101.8 271.1 2174.2 0.6236014962 0.2262370288 -0.7482900620 -0.7691462040 0.3487034440 -0.5355558395 0.1397687495 0.9095178246 0.3914613426
-276.9 487.1 2135.0 -0.9415407777 0.2262370288 -0.2496353388 -0.1610110551 0.3487034440 0.9232991934 0.2959331572 0.9095178246 -0.2918918431
177.5 233.4 2132.5 0.0528014712 0.9217672944 0.3841315508 -0.3528993130 0.3770713806 -0.8563172221 -0.9341702461 -0.0903449580 0.3452009857
188.6 159.4 1936.5 -0.3294673264 0.9217672944 -0.2044415027 0.8845246434 0.3770713806 0.2746511996 0.3302535415 -0.0903449580 -0.9395586252
-96.9 -125.0 2184.1 0.7853046060 0.0087693036 0.6190474629 -0.0190272667 0.9997692108 0.0099748764 -0.6188170910 -0.0196120981 0.7852902412
-100.4 -516.6 2191.8 0.7806185484 0.1181563959 0.6137375236 -0.0656694546 0.9920381308 -0.1074610204 -0.6215482354 0.0435822606 0.7821626067
80.2 -145.8 2155.2 0.9771438837 -0.0177479200 0.2118367106 0.0244343057 0.9992810488 -0.0289877672 -0.2111699432 0.0335013047 0.9768750668
87.1 -537.2 2142.1 0.9742833376 -0.0773522630 0.2116332799 0.0830650404 0.9963774681 -0.0182241015 -0.2094569653 0.0353347659 0.9771792293
-33.4 528.8 2058.4 0 0 0 0 0 0 0 0 0
112.1 364.8 2013.2 0 0 0 0 0 0 0 0 0
-144.8 -889.7 2175.4 0 0 0 0 0 0 0 0 0
116.3 -912.2 2128.8 0 0 0 0 0 0 0 0 0
63.0 445.6 2146.5 3 0.9811084867 0.1295589805 0.1436684132 -0.1332748234 0.9909416437 0.0165079068 -0.1402282566 -0.0353434309 0.9894881845
37.5 250.4 2153.4 0.9811084867 0.1295589805 0.1436684132 -0.1332748234 0.9909416437 0.0165079068 -0.1402282566 -0.0353434309 0.9894881845
11.9 56.4 2160.3 0.9809724092 0.1305942386 0.1436604261 -0.1343115419 0.9908026457 0.0164471511 -0.1401912421 -0.0354294553 0.9894903302
-102.3 269.6 2173.4 0.6207278967 0.2389762551 -0.7467176318 -0.7728778124 0.3465521336 -0.5315651894 0.1317451298 0.9070788026 0.3998140395
-277.6 487.8 2136.2 -0.9432452321 0.2389762551 -0.2306053638 -0.1389979273 0.3465521336 0.9276751280 0.3016091287 0.9070788026 -0.2936664522
177.3 231.3 2133.4 0.0687601417 0.9355779886 0.3463609517 -0.3693397045 0.3463865221 -0.8623250723 -0.9267471433 -0.0686312541 0.3693636656
191.9 152.8 1936.4 -0.3048941195 0.9355779886 -0.1781388223 0.8904480934 0.3463865221 0.2951585948 0.3378487527 -0.0686312541 -0.9386948347
-101.0 -123.9 2180.2 0.7890707850 -0.0012669967 0.6143009663 -0.0214009546 0.9993341565 0.0295506977 -0.6139293909 -0.0364642181 0.7885183096
-100.5 -515.3 2194.4 0.7868279815 0.1160402820 0.6061652899 -0.0419949815 0.9899553657 -0.1349992603 -0.6157419086 0.0807653069 0.7837977409
76.2 -147.8 2153.7 0.9782937765 -0.0260275267 0.2055816054 0.0308360308 0.9993199110 -0.0202200599 -0.2049155235 0.0261204801 0.9784310460
86.4 -539.2 2143.4 0.9748474360 -0.0845903531 0.2061965019 0.0961262062 0.9942792654 -0.0465670153 -0.2010777891 0.0652166232 0.9774019122
-33.6 523.8 2058.2 0 0 0 0 0 0 0 0 0
122.7 354.7 2013.1 0 0 0 0 0 0 0 0 0
-144.1 -887.6 2164.1 0 0 0 0 0 0 0 0 0
118.2 -913.4 2118.9 0 0 0 0 0 0 0 0 0
59.4 445.1 2146.4 4 0.9824758172 0.1184042096 0.1439502388 -0.1226394847 0.9922316074 0.0208817665 -0.1403594762 -0.0381698161 0.9893645644
36.1 249.7 2153.9 0.9824758172 0.1184042096 0.1439502388 -0.1226394847 0.9922316074 0.0208817665 -0.1403594762 -0.0381698161 0.9893645644
12.8 55.4 2161.3 0.9824138880 0.1189217940 0.1439464539 -0.1231575757 0.9921680689 0.0208501574 -0.1403395385 -0.0382115804 0.9893658161
-103.9 267.2 2173.9 0.6114329696 0.2410737425 -0.7536797523 -0.7794878483 0.3474289477 -0.5212407112 0.1361927241 0.9061879516 0.4003435671
-277.0 487.8 2135.3 -0.9423180223 0.2410737425 -0.2322071493 -0.1396123171 0.3474289477 0.9272548556 0.3042122722 0.9061879516 -0.2937316895
176.1 232.1 2133.9 0.1076293513 0.9414300919 0.3195705116 -0.3691310883 0.3363013864 -0.8663969040 -0.9231241345 -0.0247136801 0.3837070167
199.0 153.6 1937.6 -0.3083201349 0.9414300919 -0.1365580112 0.8881440163 0.3363013864 0.3132117689 0.3407916427 -0.0247136801 -0.9398139715
-102.3 -125.5 2179.9 0.7890202999 -0.0027016990 0.6143611670 -0.0209423918 0.9992908835 0.0312906429 -0.6140100956 -0.0375551470 0.7884042263
-101.3 -516.9 2194.6 0.7869167328 0.1140222326 0.6064329743 -0.0405585393 0.9902116060 -0.1335513443 -0.6157248020 0.0804977566 0.7838386893
75.0 -149.8 2154.6 0.9780903459 -0.0280302949 0.2062851936 0.0318052247 0.9993814230 -0.0150055783 -0.2057369947 0.0212377589 0.9783768654
86.0 -541.2 2146.3 0.9737321734 -0.0932878107 0.2077089399 0.1124832183 0.9902158380 -0.0825841203 -0.1979725808 0.1037785858 0.9746983647
-33.2 524.0 2056.6 0 0 0 0 0 0 0 0 0
126.3 362.9 2017.9 0 0 0 0 0 0 0 0 0
-144.2 -889.6 2164.3 0 0 0 0 0 0 0 0 0
121.1 -913.8 2107.2 0 0 0 0 0 0 0 0 0
57.5 442.6 2146.3 5 0.9833118320 0.1166198850 0.1396341324 -0.1198569313 0.9926782846 0.0149728106 -0.1368656307 -0.0314590596 0.9900899529
34.5 247.1 2152.5 0.9833118320 0.1166198850 0.1396341324 -0.1198569313 0.9926782846 0.0149728106 -0.1368656307 -0.0314590596 0.9900899529
11.6 52.7 2158.6 0.9832799435 0.1168909222 0.1396317631 -0.1201276928 0.9926458597 0.0149526587 -0.1368570477 -0.0314762890 0.9900906086
-105.6 264.2 2172.0 0.6057133079 0.2393725216 -0.7588229179 -0.7857548594 0.3301314414 -0.5230703354 0.1253026426 0.9130794406 0.3880531192
-278.3 488.3 2136.2 -0.9444058537 0.2393725216 -0.2253850698 -0.1391357332 0.3301314414 0.9336243868 0.2978907228 0.9130794406 -0.2784727812
174.6 230.0 2133.0 0.1570507437 0.9380490780 0.3088671863 -0.3460606635 0.3451903462 -0.8724021912 -0.9249740839 0.0301246382 0.3788343072
207.1 158.3 1941.5 -0.3362782896 0.9380490780 -0.0835510865 0.8859602213 0.3451903462 0.3097065091 0.3193609416 0.0301246382 -0.9471542239
-99.3 -127.8 2181.5 0.7916907072 0.0069831163 0.6108821630 -0.0285241604 0.9992666841 0.0255439077 -0.6102558374 -0.0376477763 0.7913093567
-102.0 -519.2 2196.3 0.7916663885 0.1071207449 0.6014893651 -0.0287492350 0.9899501801 -0.1384636164 -0.6102768183 0.0923246294 0.7867898941
78.3 -150.1 2156.1 0.9792049527 -0.0185244642 0.2020260692 0.0225860476 0.9995861053 -0.0178173631 -0.2016123980 0.0220098197 0.9792180657
85.6 -541.6 2147.5 0.9754245281 -0.0860694274 0.2028276175 0.1056660041 0.9905145168 -0.0878390744 -0.1933434457 0.1071123704 0.9752667546
-34.0 524.3 2059.2 0 0 0 0 0 0 0 0 0
124.7 375.4 2019.7 0 0 0 0 0 0 0 0 0
-142.3 -891.9 2161.5 0 0 0 0 0 0 0 0 0
118.0 -914.5 2107.2 0 0 0 0 0 0 0 0 0
57.5 442.0 2146.8 6 0.9829338193 0.1154510006 0.1432207078 -0.1185237691 0.9928650260 0.0130830472 -0.1406883895 -0.0298348293 0.9896042943
34.7 246.4 2152.7 0.9829338193 0.1154510006 0.1432207078 -0.1185237691 0.9928650260 0.0130830472 -0.1406883895 -0.0298348293 0.9896042943
12.1 51.9 2158.6 0.9829183817 0.1155834571 0.1432198286 -0.1186564490 0.9928492904 0.0130753927 -0.1406843960 -0.0298459996 0.9896045327
-105.4 263.3 2172.8 0.6029712558 0.2293913215 -0.7640715241 -0.7862498760 0.3330071568 -0.5204972029 0.1350437552 0.9145960212 0.3811526299
-278.0 488.4 2134.1 -0.9452821016 0.2293913215 -0.2319943309 -0.1477464586 0.3330071568 0.9312772155 0.2908826768 0.9145960212 -0.2808939517
174.8 229.5 2132.7 0.1737545729 0.9330821037 0.3149080873 -0.3159120083 0.3556845188 -0.8795954585 -0.9327427149 0.0533504933 0.3565736413
209.8 165.9 1944.9 -0.3565559983 0.9330821037 -0.0471758172 0.8953307867 0.3556845188 0.2680881917 0.2669280171 0.0533504933 -0.9622386098
-100.2 -130.8 2177.2 0.7894699574 0.0040849736 0.6137756109 -0.0316320397 0.9989197850 0.0340384729 -0.6129735708 -0.0462873280 0.7887464166
-101.8 -522.1 2195.3 0.7894409895 0.1131381765 0.6033097506 -0.0318856686 0.9890984893 -0.1437618732 -0.6129977703 0.0942545831 0.7844423652
77.6 -152.6 2152.4 0.9784516692 -0.0213519633 0.2053690553 0.0234277081 0.9996960163 -0.0076808357 -0.2051426321 0.0123266531 0.9786544442
86.0 -544.1 2147.6 0.9744576216 -0.0884925425 0.2064011693 0.1077979878 0.9905987382 -0.0842241794 -0.1970075220 0.1043225229 0.9748358130
-33.5 526.6 2058.9 0 0 0 0 0 0 0 0 0
119.9 391.5 2012.2 0 0 0 0 0 0 0 0 0
-144.4 -894.6 2159.8 0 0 0 0 0 0 0 0 0
119.3 -917.1 2108.3 0 0 0 0 0 0 0 0 0
58.7 440.6 2147.1 7 0.9835091233 0.1189242080 0.1362600774 -0.1218075082 0.9924687147 0.0129916258 -0.1336888373 -0.0293748826 0.9905878901
35.3 245.1 2152.9 0.9835091233 0.1189242080 0.1362600774 -0.1218075082 0.9924687147 0.0129916258 -0.1336888373 -0.0293748826 0.9905878901
12.0 50.7 2158.6 0.9835008383 0.1189919412 0.1362610459 -0.1218769923 0.9924600720 0.0129998066 -0.1336867809 -0.0293924082 0.9905876517
-104.9 262.4 2171.9 0.6042715907 0.2276348919 -0.7635693550 -0.7857124209 0.3294010162 -0.5235942602 0.1323322058 0.9163390994 0.3779032528
-278.1 487.6 2134.0 -0.9430424571 0.2276348919 -0.2425968498 -0.1598729044 0.3294010162 0.9305565953 0.2917388082 0.9163390994 -0.2742464840
175.5 227.7 2133.8 0.1894496977 0.9349200130 0.3000556827 -0.3101558387 0.3469237089 -0.8851255774 -0.9316180348 0.0746227503 0.3556954861
213.5 165.4 1946.8 -0.3539698422 0.9349200130 -0.0250990149 0.8968517780 0.3469237089 0.2744099498 0.2652587891 0.0746227503 -0.9612851739
-99.4 -131.8 2177.1 0.7936663032 0.0027002606 0.6083473563 -0.0366640575 0.9983847141 0.0434013978 -0.6072475314 -0.0567507073 0.7924833298
-100.4 -522.9 2199.4 0.7946317792 0.1243852377 0.5942126513 -0.0291962866 0.9854829311 -0.1672452390 -0.6063892245 0.1155495793 0.7867276669
78.3 -153.3 2151.7 0.9798282981 -0.0232069083 0.1984890252 0.0259734094 0.9995982647 -0.0113451919 -0.1981460005 0.0162717775 0.9800374508
87.4 -544.8 2145.3 0.9764811397 -0.0815391168 0.1995895058 0.0986744910 0.9921010137 -0.0774526596 -0.1916975230 0.0953254551 0.9768137336
-34.1 529.0 2058.5 0 0 0 0 0 0 0 0 0
122.4 396.2 2015.1 0 0 0 0 0 0 0 0 0
-147.3 -893.9 2155.9 0 0 0 0 0 0 0 0 0
118.1 -918.4 2109.4 0 0 0 0 0 0 0 0 0
60.0 440.4 2147.5 8 0.9836327434 0.1202874705 0.1341550499 -0.1235912293 0.9921952486 0.0165459625 -0.1311177313 -0.0328555368 0.9908221960
36.3 245.0 2153.9 0.9836327434 0.1202874705 0.1341550499 -0.1235912293 0.9921952486 0.0165459625 -0.1311177313 -0.0328555368 0.9908221960
12.7 50.6 2160.4 0.9836290479 0.1203169301 0.1341558248 -0.1236218289 0.9921913147 0.0165523738 -0.1311167181 -0.0328659825 0.9908220172
-103.9 262.6 2172.6 0.6028199792 0.2135044038 -0.7687808275 -0.7845610976 0.3339170814 -0.5224588513 0.1451617926 0.9181041718 0.3687991500
-276.3 487.0 2131.1 -0.9456751943 0.2135044038 -0.2451822162 -0.1652141511 0.3339170814 0.9280105829 0.2800048888 0.9181041718 -0.2805031538
176.5 227.4 2135.3 0.1998936832 0.9298281670 0.3089693785 -0.3162900507 0.3596869409 -0.8778302073 -0.9273635149 0.0777487755 0.3659945428
217.2 162.9 1946.3 -0.3670439720 0.9298281670 -0.0264248829 0.8913208246 0.3596869409 0.2759936750 0.2661314011 0.0777487755 -0.9607961178
-100.2 -132.7 2176.5 0.7949320078 0.0021010565 0.6066948771 -0.0353059396 0.9984595180 0.0428024083 -0.6056703329 -0.0554449372 0.7937816381
