86.1 463.7 2267.9 1 0.9782857299 -0.1627251953 0.1283647716 0.1262783706 0.9590791464 0.2534184456 -0.1643495411 -0.2317059785 0.9588021636
119.4 267.3 2315.4 0.9782857299 -0.1627251953 0.1283647716 0.1262783706 0.9590791464 0.2534184456 -0.1643495411 -0.2317059785 0.9588021636
150.0 75.1 2355.5 0.9790734649 -0.1537007540 0.1333838701 0.1214830056 0.9672506452 0.2228632718 -0.1632698923 -0.2019956410 0.9656814933
-23.6 249.6 2339.2 0.1516145468 -0.9824215174 0.1089082509 0.9064481258 0.1821291447 0.3810258806 -0.3941633701 0.0409506187 0.9181275964
-54.4 65.5 2419.3 0.0253704656 -0.9824215174 -0.1849440932 -0.0870667100 0.1821291447 -0.9794122577 0.9958793521 0.0409506187 -0.0809155032
262.4 285.1 2291.5 0.2347102612 0.8651681542 0.4431649446 -0.9496631622 0.1067732275 0.2945153713 0.2074871659 -0.4899832308 0.8466790915
310.4 91.0 2333.9 -0.4893798828 0.8651681542 0.1095053703 -0.0335943662 0.1067732275 -0.9937157035 -0.8714234233 -0.4899832308 -0.0231878944
91.5 -129.7 2409.9 0.9890877008 0.0498704128 -0.1386304945 -0.0452803783 0.9983229041 0.0360707603 0.1401968598 -0.0293999054 0.9896870852
71.7 -526.4 2421.5 0.9882622957 0.0481952727 -0.1449648887 -0.0672233552 0.9893152118 -0.1293691993 0.1371809840 0.1375957280 0.9809427857
271.0 -106.2 2380.4 0.9096896052 0.1190292090 0.3978653848 -0.0840033516 0.9909809828 -0.1044039056 -0.4067041278 0.0615531243 0.9114839435
223.7 -500.0 2356.0 0.9088377357 -0.0461584777 0.4145881534 -0.0074813766 0.9918957949 0.1268337220 -0.4170826674 -0.1183729619 0.9011269808
-60.9 87.8 2163.9 0 0 0 0 0 0 0 0 0
186.1 82.4 2112.6 0 0 0 0 0 0 0 0 0
56.6 -835.9 2378.5 0 0 0 0 0 0 0 0 0
241.2 -877.1 2401.0 0 0 0 0 0 0 0 0 0
87.3 461.8 2260.8 2 0.9867985845 -0.1601447910 0.0241285916 0.1488701552 0.9556250572 0.2542015612 -0.0637669489 -0.2472537309 0.9668502212
120.1 265.7 2311.6 0.9867985845 -0.1601447910 0.0241285916 0.1488701552 0.9556250572 0.2542015612 -0.0637669489 -0.2472537309 0.9668502212
150.6 74.2 2355.0 0.9876109958 -0.1542525440 0.0288210455 0.1439109296 0.9635421038 0.2255575508 -0.0625631213 -0.2186154574 0.9738034606
-23.3 244.7 2320.7 0.1572143286 -0.9817189574 0.1072919816 0.8763518929 0.1887713522 0.4431396425 -0.4552922249 0.0243576318 0.8900088072
-55.6 64.5 2414.3 0.0116337063 -0.9817189574 -0.1899804473 -0.0682211667 0.1887713522 -0.9796485305 0.9976024032 0.0243576318 -0.0647779033
263.6 286.7 2302.5 0.2068459541 0.8564031720 0.4730627537 -0.9680781364 0.1091934741 0.2256136388 0.1415608674 -0.5046289563 0.8516514301
306.1 88.1 2331.5 -0.5038040876 0.8564031720 0.1129383296 -0.0370606855 0.1091934741 -0.9933294058 -0.8630225658 -0.5046289563 -0.0232732277
90.7 -128.2 2410.6 0.9699392319 0.0431766622 -0.2394861430 -0.0336592123 0.9984778762 0.0436916761 0.2410080731 -0.0343173593 0.9699162245
73.6 -525.0 2424.3 0.9683241248 0.0559704788 -0.2433427870 -0.0893159360 0.9877143502 -0.1282303333 0.2331760526 0.1459029019 0.9614266753
270.3 -106.0 2380.7 0.9454181194 0.1154733226 0.3047138453 -0.0898445174 0.9912328124 -0.0968788043 -0.3132292926 0.0642141029 0.9475040436
224.4 -499.9 2355.2 0.9453346729 -0.0472252779 0.3226640821 0.0073085735 0.9922780395 0.1238178089 -0.3260197937 -0.1146910563 0.9383800030
-58.6 81.8 2160.9 0 0 0 0 0 0 0 0 0
177.5 78.6 2111.2 0 0 0 0 0 0 0 0 0
56.1 -833.7 2378.7 0 0 0 0 0 0 0 0 0
242.4 -878.1 2398.9 0 0 0 0 0 0 0 0 0
90.0 461.3 2257.8 3 0.9866534472 -0.1609631628 0.0246126931 0.1487685889 0.9525237679 0.2656432688 -0.0662029535 -0.2584362626 0.9637571573
123.0 266.1 2310.8 0.9866534472 -0.1609631628 0.0246126931 0.1487685889 0.9525237679 0.2656432688 -0.0662029535 -0.2584362626 0.9637571573
153.7 75.0 2355.8 0.9874682426 -0.1549686641 0.0298533868 0.1438324004 0.9615646601 0.2338922620 -0.0649519339 -0.2266672999 0.9718040824
-20.8 245.0 2320.3 0.2040277570 -0.9742921591 0.0955374837 0.8661092520 0.2251348644 0.4462835789 -0.4563194215 -0.0083083417 0.8897772431
-61.8 71.2 2411.8 -0.0149786752 -0.9742921591 -0.2247896343 -0.0279363189 0.2251348644 -0.9739270210 0.9994974732 -0.0083083417 -0.0305903591
266.9 287.1 2301.3 0.1848430783 0.8277595639 0.5297614336 -0.9773012996 0.0980447456 0.1878013611 0.1035140529 -0.5524502993 0.8270934224
305.6 82.5 2323.0 -0.5536460280 0.8277595639 0.0910505876 -0.0170526467 0.0980447456 -0.9950358868 -0.8325775266 -0.5524502993 -0.0401665904
91.0 -130.4 2404.2 0.9704768062 0.0396650545 -0.2379106134 -0.0253226254 0.9976895452 0.0630421191 0.2398615032 -0.0551563948 0.9692389965
75.3 -526.8 2426.1 0.9684345722 0.0634941012 -0.2410455793 -0.0986652374 0.9856779575 -0.1367628723 0.2289096862 0.1562287062 0.9608293176
271.2 -104.0 2392.7 0.9464640617 0.1158365011 0.3013099730 -0.0803243890 0.9885510802 -0.1277294308 -0.3126560152 0.0966887772 0.9449325204
225.2 -496.7 2354.3 0.9464991689 -0.0359329134 0.3206993937 -0.0041428129 0.9923465252 0.1234148517 -0.3226795793 -0.1181406528 0.9391062856
-57.9 78.4 2156.0 0 0 0 0 0 0 0 0 0
164.9 78.1 2111.4 0 0 0 0 0 0 0 0 0
55.3 -837.4 2376.9 0 0 0 0 0 0 0 0 0
238.9 -875.4 2399.4 0 0 0 0 0 0 0 0 0
92.1 460.7 2256.3 4 0.9870361090 -0.1566810310 0.0347962417 0.1414612830 0.9516856670 0.2725493014 -0.0758183897 -0.2640936673 0.9615123868
124.2 265.7 2310.4 0.9870361090 -0.1566810310 0.0347962417 0.1414612830 0.9516856670 0.2725493014 -0.0758183897 -0.2640936673 0.9615123868
154.1 74.8 2356.5 0.9877557158 -0.1508039832 0.0399595387 0.1369850039 0.9609513283 0.2404322475 -0.0746573135 -0.2320144773 0.9698430896
-19.9 245.7 2321.3 0.2087388188 -0.9740783572 0.0871745721 0.8636376858 0.2254253626 0.4509028494 -0.4588660598 -0.0188336819 0.8883058429
-60.8 76.5 2411.2 -0.0199413691 -0.9740783572 -0.2253300846 -0.0026376180 0.2254253626 -0.9742568731 0.9997976422 -0.0188336819 -0.0070645371
268.3 285.7 2299.5 0.1568243206 0.8157059550 0.5568033457 -0.9842665195 0.0826196000 0.1561837643 0.0813971460 -0.5725362897 0.8158288002
301.3 78.8 2316.6 -0.5743226409 0.8157059550 0.0691183954 -0.0025918558 0.0826196000 -0.9965777993 -0.8186249733 -0.5725362897 -0.0453361124
94.1 -129.3 2406.8 0.9724213481 0.0434593968 -0.2291461825 -0.0290396381 0.9974015355 0.0659304261 0.2314160615 -0.0574578382 0.9711566567
76.9 -525.6 2429.6 0.9695456028 0.0749321803 -0.2331661135 -0.1107322350 0.9832977653 -0.1444434226 0.2184482515 0.1658634990 0.9616494775
274.8 -102.9 2394.9 0.9424914122 0.1303532571 0.3077628613 -0.0935387239 0.9868872762 -0.1315445602 -0.3208745122 0.0951918736 0.9423258901
223.0 -495.0 2357.1 0.9428566098 -0.0465391576 0.3299325705 0.0116612324 0.9941999316 0.1069138274 -0.3329946101 -0.0969569907 0.9379306436
-55.7 77.2 2153.8 0 0 0 0 0 0 0 0 0
155.9 78.1 2109.5 0 0 0 0 0 0 0 0 0
52.9 -839.6 2376.7 0 0 0 0 0 0 0 0 0
240.7 -874.5 2394.1 0 0 0 0 0 0 0 0 0
96.3 459.2 2255.0 5 0.9878488779 -0.1488772184 0.0446106829 0.1309790462 0.9519945979 0.2766781151 -0.0836602002 -0.2674731016 0.9599266052
126.7 264.6 2309.7 0.9878488779 -0.1488772184 0.0446106829 0.1309790462 0.9519945979 0.2766781151 -0.0836602002 -0.2674731016 0.9599266052
155.1 73.6 2356.8 0.9885108471 -0.1428949982 0.0492683947 0.1266393811 0.9609250426 0.2461411804 -0.0825155824 -0.2370739132 0.9679809809
-17.6 246.1 2321.8 0.2165828794 -0.9732276797 0.0769398883 0.8614389300 0.2275974751 0.4540070295 -0.4593635499 -0.0320511386 0.8876699209
-59.9 77.6 2411.6 -0.0308711473 -0.9732276797 -0.2277605385 0.0087434184 0.2275974751 -0.9737160206 0.9994851351 -0.0320511386 0.0014831412
271.0 283.0 2297.7 0.1406488717 0.7935152054 0.5920738578 -0.9875189662 0.0696242377 0.1412754953 0.0708815604 -0.6045544147 0.7934039235
300.3 77.6 2312.4 -0.6057005525 0.7935152054 0.0588256381 -0.0056695393 0.0696242377 -0.9975571632 -0.7956724763 -0.6045544147 -0.0376725718
93.6 -128.8 2409.4 0.9741278887 0.0411272794 -0.2222237885 -0.0284596346 0.9977980256 0.0599098541 0.2241983712 -0.0520354509 0.9731533527
77.2 -525.3 2430.1 0.9710274935 0.0779243261 -0.2259057611 -0.1139041707 0.9819678068 -0.1508810818 0.2100748867 0.1722412854 0.9623936415
274.5 -103.6 2395.8 0.9407040477 0.1328961551 0.3121130168 -0.0941404328 0.9862008691 -0.1361814886 -0.3259041309 0.0987240300 0.9402340651
221.7 -495.5 2356.5 0.9405378699 -0.0536018647 0.3354330957 0.0156542342 0.9932619929 0.1148285493 -0.3393279612 -0.1027496457 0.9350395799
-52.0 75.4 2154.1 0 0 0 0 0 0 0 0 0
146.9 76.1 2110.9 0 0 0 0 0 0 0 0 0
52.2 -840.9 2374.8 0 0 0 0 0 0 0 0 0
242.2 -874.9 2395.8 0 0 0 0 0 0 0 0 0
98.9 458.2 2247.9 6 0.9894542098 -0.1443152428 0.0123866359 0.1345592588 0.9474700093 0.2901627719 -0.0536108799 -0.2854360640 0.9568971395
128.5 264.0 2306.4 0.9894542098 -0.1443152428 0.0123866359 0.1345592588 0.9474700093 0.2901627719 -0.0536108799 -0.2854360640 0.9568971395
156.2 73.7 2356.6 0.9900131226 -0.1399096698 0.0172997396 0.1308134198 0.9574540854 0.2572343349 -0.0525532775 -0.2524023056 0.9661942124
-16.0 244.8 2314.1 0.1750398427 -0.9822729826 0.0670884922 0.8462668061 0.1849283278 0.4996338487 -0.5031833649 -0.0306810644 0.8636348248
-50.6 77.9 2413.4 -0.0280438680 -0.9822729826 -0.1853465736 0.0168600492 0.1849283278 -0.9826073647 0.9994645119 -0.0306810644 0.0113750650
273.0 283.1 2298.7 0.1272977144 0.7725937366 0.6220082045 -0.9912166595 0.0764283016 0.1079271659 0.0358448252 -0.6302837729 0.7755369544
300.4 69.6 2306.5 -0.6332855225 0.7725937366 0.0452587791 0.0220005233 0.0764283016 -0.9968323112 -0.7736054659 -0.6302837729 -0.0653984025
92.9 -128.9 2411.5 0.9664510489 0.0398221426 -0.2537450790 -0.0256845057 0.9979400039 0.0587884970 0.2555634379 -0.0502988882 0.9654829502
77.1 -525.5 2431.5 0.9635188580 0.0764852390 -0.2564789355 -0.1178594157 0.9816313982 -0.1500296891 0.2402927130 0.1747848988 0.9548348784
274.1 -105.7 2396.4 0.9501442313 0.1314714998 0.2827388048 -0.0997272283 0.9872658253 -0.1239379570 -0.2954326868 0.0895621777 0.9511561990
221.8 -498.0 2360.8 0.9510785937 -0.0523955934 0.3044737279 0.0252543446 0.9954009056 0.0924078226 -0.3079151809 -0.0801978186 0.9480277300
-43.3 73.5 2155.2 0 0 0 0 0 0 0 0 0
141.1 75.1 2111.9 0 0 0 0 0 0 0 0 0
52.6 -839.9 2375.5 0 0 0 0 0 0 0 0 0
241.8 -878.2 2391.4 0 0 0 0 0 0 0 0 0
102.2 457.4 2244.8 7 0.9907552004 -0.1333455443 0.0249620285 0.1197449267 0.9460593462 0.3010528982 -0.0637596250 -0.2952806652 0.9532806873
129.5 263.2 2305.4 0.9907552004 -0.1333455443 0.0249620285 0.1197449267 0.9460593462 0.3010528982 -0.0637596250 -0.2952806652 0.9532806873
155.0 73.1 2357.2 0.9913099408 -0.1281470656 0.0297142603 0.1157079786 0.9568727016 0.2664699852 -0.0625801161 -0.2607161701 0.9633850455
-15.2 246.3 2314.6 0.1432500184 -0.9871438146 0.0708977282 0.8388203382 0.1591185778 0.5206358433 -0.5252236128 -0.0151106426 0.8508300781
-43.6 80.2 2418.6 -0.0114683630 -0.9871438146 -0.1594225019 0.0237838365 0.1591185778 -0.9869729280 0.9996513128 -0.0151106426 0.0216532387
274.3 280.1 2296.3 0.1273165792 0.7408971190 0.6594405770 -0.9910709262 0.0684764087 0.1144087762 0.0396090150 -0.6681185365 0.7429997921
301.9 65.2 2304.9 -0.6709125638 0.7408971190 0.0307855923 0.0298614260 0.0684764087 -0.9972057343 -0.7409349680 -0.6681185365 -0.0680659264
93.2 -128.5 2411.5 0.9687272310 0.0401805602 -0.2448532283 -0.0266865622 0.9979491830 0.0581824444 0.2466889024 -0.0498286262 0.9678128362
77.3 -525.1 2431.3 0.9656957984 0.0774466246 -0.2478580475 -0.1173399612 0.9816289544 -0.1504524946 0.2316525877 0.1743749976 0.9570425749
274.7 -104.5 2401.9 0.9496737123 0.1273621023 0.2861796319 -0.0894495770 0.9858308434 -0.1419024318 -0.3001976907 0.1091623530 0.9476100802
224.1 -496.2 2358.5 0.9505633712 -0.0370566994 0.3083117008 0.0071487073 0.9952024817 0.0975753367 -0.3104484081 -0.0905475095 0.9462679029
-40.6 74.0 2158.9 0 0 0 0 0 0 0 0 0
133.4 72.7 2118.8 0 0 0 0 0 0 0 0 0
52.4 -840.4 2375.3 0 0 0 0 0 0 0 0 0
238.2 -876.4 2393.1 0 0 0 0 0 0 0 0 0
103.7 455.7 2242.8 8 0.9916384816 -0.1288946569 0.0062700938 0.1209415346 0.9452037811 0.3032539785 -0.0450143330 -0.2999599874 0.9528891444
130.2 261.5 2304.4 0.9916384816 -0.1288946569 0.0062700938 0.1209415346 0.9452037811 0.3032539785 -0.0450143330 -0.2999599874 0.9528891444
154.9 71.4 2356.6 0.9921503067 -0.1245472729 0.0112145292 0.1171004474 0.9567930102 0.2661476433 -0.0438779481 -0.2627452314 0.9638670087
-14.7 244.4 2310.8 0.1271864027 -0.9888184667 0.0778568685 0.8194993734 0.1489791870 0.5533768535 -0.5587882996 -0.0065783625 0.8292842507
-40.0 81.3 2422.1 -0.0022779638 -0.9888184667 -0.1491069496 0.0290180296 0.1489791870 -0.9884144664 0.9995762706 -0.0065783625 0.0283541940
275.0 278.6 2298.0 0.1054647490 0.7300711870 0.6751838923 -0.9942256212 0.0638843253 0.0862219185 0.0198144745 -0.6803784966 0.7325929999
298.0 62.2 2302.3 -0.6829109788 0.7300711870 0.0250734333 0.0316739567 0.0638843253 -0.9974545240 -0.7298145890 -0.6803784966 -0.0667515472
89.6 -127.6 2414.8 0.9638783932 0.0383304991 -0.2635701001 -0.0272932574 0.9985954165 0.0454121232 0.2649405599 -0.0365780778 0.9635707140
74.3 -524.4 2429.3 0.9617024660 0.0654119998 -0.2661760151 -0.1040909737 0.9855133891 -0.1338969022 0.2535615563 0.1564754993 0.9545794725
271.3 -106.4 2403.3 0.9558170438 0.1166972965 0.2698064446 -0.0835914463 0.9878348112 -0.1311292797 -0.2818266153 0.1027820855 0.9539442062
224.9 -498.9 2362.5 0.9569399357 -0.0348389000 0.2881877124 0.0129951071 0.9969180226 0.0773662105 -0.2899948955 -0.0702897906 0.9544434547
-39.4 73.7 2160.9 0 0 0 0 0 0 0 0 0
126.2 70.1 2118.7 0 0 0 0 0 0 0 0 0
53.2 -842.1 2378.9 0 0 0 0 0 0 0 0 0
238.2 -879.7 2389.3 0 0 0 0 0 0 0 0 0
107.1 456.6 2242.3 9 0.9919032454 -0.1245127395 -0.0249905810 0.1262560040 0.9456324577 0.2997310758 -0.0136884321 -0.3004594445 0.9536963701
132.7 262.5 2304.0 0.9919032454 -0.1245127395 -0.0249905810 0.1262560040 0.9456324577 0.2997310758 -0.0136884321 -0.3004594445 0.9536963701
156.7 72.3 2356.3 0.9924414754 -0.1210376248 -0.0202437378 0.1220854297 0.9570541978 0.2629493773 -0.0124524152 -0.2634333372 0.9645972252
-12.2 244.7 2305.8 0.1226881072 -0.9888114929 0.0848497674 0.8011004925 0.1491374373 0.5796516538 -0.5858204961 -0.0031431760 0.8104347587
-37.1 82.4 2424.4 0.0029232285 -0.9888114929 -0.1491419077 0.0404399708 0.1491374373 -0.9879891872 0.9991776943 -0.0031431760 0.0404234678
277.5 280.3 2302.1 0.0831452310 0.7153033614 0.6938501596 -0.9963792562 0.0720769614 0.0450922847 -0.0177559480 -0.6950870752 0.7187062502
295.9 60.8 2298.2 -0.6981903911 0.7153033614 0.0295178778 0.0316971689 0.0720769614 -0.9968952537 -0.7152100801 -0.6950870752 -0.0729965344
88.7 -129.5 2412.9 0.9551802278 0.0352497995 -0.2939186990 -0.0254923105 0.9989913702 0.0369642936 0.2949252129 -0.0278148968 0.9551154375
74.7 -526.5 2423.9 0.9530528784 0.0647990182 -0.2957893014 -0.1049477905 0.9869745970 -0.1219307333 0.2840355337 0.1472488642 0.9474394917
270.6 -108.0 2404.8 0.9638047814 0.1169516891 0.2395884395 -0.0846216828 0.9863759279 -0.1410733759 -0.2528230250 0.1156928167 0.9605705142
224.1 -499.9 2358.8 0.9649974108 -0.0345438085 0.2599745393 0.0119296852 0.9960431457 0.0880663469 -0.2619880140 -0.0818823799 0.9615911841
-37.8 71.8 2161.0 0 0 0 0 0 0 0 0 0
121.2 68.7 2119.3 0 0 0 0 0 0 0 0 0
54.1 -840.2 2377.1 0 0 0 0 0 0 0 0 0
237.3 -880.5 2390.1 0 0 0 0 0 0 0 0 0
109.8 455.5 2242.5 0 0.9926944375 -0.1202810556 -0.0094972514 0.1175204813 0.9460750222 0.3018790185 -0.0273252167 -0.3007897735 0.9532989264
134.5 261.2 2304.3 0.9926944375 -0.1202810556 -0.0094972514 0.1175204813 0.9460750222 0.3018790185 -0.0273252167 -0.3007897735 0.9532989264
157.3 70.8 2356.4 0.9933505654 -0.1150294617 -0.0047784937 0.1122110114 0.9580572844 0.2636948526 -0.0257546064 -0.2624776363 0.9645943046
-10.6 244.8 2308.0 0.1211578324 -0.9888501763 0.0865802765 0.7913419604 0.1488767564 0.5929701328 -0.5992484093 -0.0033283704 0.8005562425
-35.0 85.2 2429.0 0.0044090892 -0.9888501763 -0.1488486677 0.0516120233 0.1488767564 -0.9875079393 0.9986574650 -0.0033283704 0.0516929701
279.5 277.6 2300.5 0.0685748309 0.6797630191 0.7302189469 -0.9969694614 0.0736431777 0.0250707008 -0.0367335118 -0.7297252417 0.6827530265
294.6 58.5 2292.4 -0.7329504490 0.6797630191 0.0265688840 0.0321671888 0.0736431777 -0.9967657328 -0.6795210838 -0.7297252417 -0.0758428648
89.8 -129.0 2409.8 0.9590249658 0.0363988504 -0.2809737623 -0.0274258237 0.9989824295 0.0358032174 0.2819910645 -0.0266302433 0.9590473771
75.3 -526.0 2420.3 0.9566239119 0.0679234043 -0.2832969129 -0.1016157866 0.9891636968 -0.1059691161 0.2730292082 0.1301600337 0.9531596899
271.7 -106.6 2407.5 0.9603253603 0.1256962121 0.2489492148 -0.0876563936 0.9834721684 -0.1584261656 -0.2647481859 0.1303186715 0.9554713368
221.8 -497.4 2355.7 0.9608221054 -0.0440100543 0.2736494243 0.0132818371 0.9934897423 0.1131449491 -0.2768474221 -0.1050776020 0.9551513791
-36.2 71.4 2162.3 0 0 0 0 0 0 0 0 0
109.8 66.6 2121.1 0 0 0 0 0 0 0 0 0
53.8 -839.6 2379.1 0 0 0 0 0 0 0 0 0
238.6 -876.9 2395.8 0 0 0 0 0 0 0 0 0
111.9 455.4 2240.6 1 0.9917329550 -0.1186092049 -0.0489654206 0.1279091686 0.9442344308 0.3034148514 0.0102470424 -0.3071696162 0.9515995979
136.4 260.5 2304.1 0.9917329550 -0.1186092049 -0.0489654206 0.1279091686 0.9442344308 0.3034148514 0.0102470424 -0.3071696162 0.9515995979
159.2 70.2 2356.5 0.9924485683 -0.1146037728 -0.0437236391 0.1220728680 0.9576800466 0.2606667280 0.0119998669 -0.2640357912 0.9644382596
-8.5 242.7 2302.3 0.1282249093 -0.9875259995 0.0913822800 0.7600133419 0.1570416838 0.6306485534 -0.6371327043 -0.0114131030 0.7706696391
-34.6 87.9 2432.1 -0.0037453105 -0.9875259995 -0.1574113071 0.0490360335 0.1570416838 -0.9863738418 0.9987899661 -0.0114131030 0.0478361920
281.2 278.3 2305.8 0.0309988540 0.6706698537 0.7411079407 -0.9962608218 0.0805555880 -0.0312279202 -0.0806440115 -0.7373687625 0.6706592441
288.2 54.3 2287.7 -0.7413739562 0.6706698537 0.0238024071 0.0408985652 0.0805555880 -0.9959107041 -0.6698446870 -0.7373687625 -0.0871512517
89.1 -129.8 2411.0 0.9475081563 0.0383268595 -0.3174260855 -0.0323364139 0.9991859198 0.0241210293 0.3180921674 -0.0125904512 0.9479761720
73.9 -526.9 2416.0 0.9453796744 0.0634825975 -0.3197298944 -0.0978607759 0.9908812642 -0.0926152840 0.3109349012 0.1188456193 0.9429714680
271.2 -109.2 2406.2 0.9677843451 0.1266828626 0.2175887525 -0.0993914306 0.9862368703 -0.1321292371 -0.2313325703 0.1062461585 0.9670558572
220.9 -501.0 2364.0 0.9696377516 -0.0518072546 0.2389950305 0.0351171419 0.9966712594 0.0735743120 -0.2420111597 -0.0629476085 0.9682294130
-33.6 74.7 2163.0 0 0 0 0 0 0 0 0 0
100.8 64.7 2118.4 0 0 0 0 0 0 0 0 0
53.9 -837.9 2378.7 0 0 0 0 0 0 0 0 0
240.7 -881.5 2388.1 0 0 0 0 0 0 0 0 0
119.5 450.7 2227.7 2 0.9929956794 -0.1045210883 -0.0550897419 0.1169795841 0.9352226257 0.3341771662 0.0165926106 -0.3382808864 0.9408988953
141.0 258.4 2297.2 0.9929956794 -0.1045210883 -0.0550897419 0.1169795841 0.9352226257 0.3341771662 0.0165926106 -0.3382808864 0.9408988953
161.2 69.7 2355.6 0.9935008287 -0.1021395847 -0.0502357110 0.1123706549 0.9504411817 0.2898868620 0.0181371681 -0.2936478555 0.9557415843
-4.1 242.0 2294.6 0.2150853723 -0.9652799964 0.1482321769 0.7279527187 0.2596492767 0.6345605254 -0.6510169506 -0.0285786595 0.7585250139
-49.4 88.6 2431.8 -0.0139507959 -0.9652799964 -0.2608445287 0.0580064319 0.2596492767 -0.9639592767 0.9982187152 -0.0285786595 0.0523701347
286.0 274.9 2299.9 0.0005353796 0.6565390825 0.7542918324 -0.9959493876 0.0681713000 -0.0586297102 -0.0899137482 -0.7512050867 0.6539162397
286.1 53.8 2280.0 -0.7541854382 0.6565390825 -0.0126791373 0.0760687441 0.0681713000 -0.9947694540 -0.6522406340 -0.7512050867 -0.1013559029
91.0 -131.3 2407.9 0.9440367222 0.0433177799 -0.3269836009 -0.0323634781 0.9987200499 0.0388705134 0.3282488585 -0.0261128657 0.9442302585
73.8 -528.2 2418.3 0.9417975545 0.0649911016 -0.3298386633 -0.1019069031 0.9901629090 -0.0958768576 0.3203628659 0.1239094213 0.9391560555
272.8 -108.9 2410.1 0.9701499939 0.1364277303 0.2004905492 -0.1067596376 0.9825934768 -0.1520278007 -0.2177415192 0.1260854751 0.9678280354
218.7 -499.3 2360.0 0.9717130065 -0.0609715469 0.2281584740 0.0394877680 0.9944447279 0.0975727662 -0.2328401357 -0.0858032629 0.9687225223
-45.6 72.8 2159.9 0 0 0 0 0 0 0 0 0
95.0 73.1 2114.7 0 0 0 0 0 0 0 0 0
53.4 -838.4 2379.4 0 0 0 0 0 0 0 0 0
241.9 -879.0 2392.8 0 0 0 0 0 0 0 0 0
127.0 449.8 2220.2 3 0.9973806739 -0.0667474642 -0.0278675482 0.0722972527 0.9317792654 0.3557534814 0.0022207587 -0.3568364084 0.9341642261
140.7 258.7 2293.5 0.9973806739 -0.0667474642 -0.0278675482 0.0722972527 0.9317792654 0.3557534814 0.0022207587 -0.3568364084 0.9341642261
153.4 70.6 2355.8 0.9976605177 -0.0636789948 -0.0248681158 0.0682645366 0.9474496245 0.3125366569 0.0036592677 -0.3135031164 0.9495801330
-4.8 248.7 2292.8 0.2400015742 -0.9584907889 0.1539305896 0.7343485355 0.2829624712 0.6169801354 -0.6349263787 -0.0350375101 0.7717777491
-57.2 88.7 2431.2 -0.0157890860 -0.9584907889 -0.2846859396 0.0700214282 0.2829624712 -0.9565715790 0.9974205494 -0.0350375101 0.0626471788
286.3 268.6 2294.1 0.0059633520 0.6373970509 0.7705124617 -0.9964442849 0.0685460120 -0.0489919074 -0.0840428546 -0.7674806118 0.6355394125
287.6 51.6 2275.8 -0.7697474360 0.6373970509 -0.0348415338 0.1016821787 0.0685460120 -0.9924526215 -0.6301981211 -0.7674806118 -0.1175750345
90.4 -129.4 2412.2 0.9480267763 0.0422644727 -0.3153710365 -0.0340838768 0.9989252090 0.0314125828 0.3163596988 -0.0190309025 0.9484484196
73.6 -526.4 2419.8 0.9459453225 0.0627877787 -0.3181904256 -0.1000537425 0.9897246361 -0.1021487638 0.3085072041 0.1284632832 0.9425075650
272.6 -108.8 2415.6 0.9699026942 0.1372996718 0.2010909468 -0.1033099368 0.9798827767 -0.1707535833 -0.2204899639 0.1448396742 0.9645753503
218.0 -498.1 2358.0 0.9713796973 -0.0554559752 0.2309677750 0.0321053378 0.9940945506 0.1036595255 -0.2353523523 -0.0932774544 0.9674236774
-52.8 69.3 2156.2 0 0 0 0 0 0 0 0 0
91.7 77.4 2115.4 0 0 0 0 0 0 0 0 0
53.7 -840.0 2379.1 0 0 0 0 0 0 0 0 0
239.2 -877.8 2393.6 0 0 0 0 0 0 0 0 0
128.7 449.9 2217.5 4 0.9980681539 -0.0585330315 -0.0208281688 0.0621132292 0.9326931834 0.3552820981 -0.0013694469 -0.3558894396 0.9345270395
140.7 257.9 2290.8 0.9980681539 -0.0585330315 -0.0208281688 0.0621132292 0.9326931834 0.3552820981 -0.0013694469 -0.3558894396 0.9345270395
151.7 69.9 2353.9 0.9983115792 -0.0550497957 -0.0185330044 0.0580856837 0.9465417862 0.3173084557 0.0000744982 -0.3178492188 0.9481412768
-5.0 249.4 2290.7 0.2483237535 -0.9528490901 0.1743959785 0.7233401537 0.3021472096 0.6208752990 -0.6442936659 -0.0280304756 0.7642642856
-59.9 89.6 2433.0 -0.0114620039 -0.9528490901 -0.3032280803 0.0564702936 0.3021472096 -0.9515872002 0.9983384609 -0.0280304756 0.0503444560
286.5 266.4 2290.8 -0.0064009968 0.5874509215 0.8092344999 -0.9958660603 0.0695811212 -0.0583885536 -0.0906078517 -0.8062629104 0.5845770240
285.1 50.0 2271.1 -0.8089000583 0.5874509215 -0.0241263527 0.0801897347 0.0695811212 -0.9943480492 -0.5824519396 -0.8062629104 -0.1033917069
74.7 -123.6 2417.7 0.9498150945 0.0009305362 -0.3128105700 0.0005614574 0.9999889135 0.0046795304 0.3128114641 -0.0046203183 0.9498040080
74.3 -520.7 2419.5 0.9479478002 0.0677921697 -0.3111256957 -0.1042266414 0.9893095493 -0.1019972786 0.3008850217 0.1291156858 0.9448795319
257.4 -111.1 2418.5 0.9736738801 0.1044133827 0.2026252896 -0.0705993399 0.9833459854 -0.1674704403 -0.2167369276 0.1487563848 0.9648298621
216.0 -501.7 2359.4 0.9724197984 -0.0672191232 0.2233412713 0.0444796868 0.9934417009 0.1053336486 -0.2289569527 -0.0924943760 0.9690322280
-56.7 74.0 2156.7 0 0 0 0 0 0 0 0 0
80.1 70.3 2123.5 0 0 0 0 0 0 0 0 0
52.5 -839.0 2378.0 0 0 0 0 0 0 0 0 0
241.7 -881.2 2394.7 0 0 0 0 0 0 0 0 0
130.0 450.7 2209.6 5 0.9975885153 -0.0541168526 -0.0434569158 0.0664936081 0.9246658087 0.3749289215 0.0198931508 -0.3769144118 0.9260344505
141.1 259.9 2287.4 0.9975885153 -0.0541168526 -0.0434569158 0.0664936081 0.9246658087 0.3749289215 0.0198931508 -0.3769144118 0.9260344505
151.0 73.2 2354.3 0.9979219437 -0.0495207757 -0.0412241369 0.0604929700 0.9403637648 0.3347485662 0.0221886747 -0.3365467191 0.9414052963
-4.5 251.1 2284.1 0.2163286954 -0.9569587111 0.1934733391 0.6923861504 0.2900858223 0.6606448889 -0.6883337498 -0.0089581842 0.7253388166
-53.6 94.2 2440.1 0.0070747449 -0.9569587111 -0.2901378870 0.0541737713 0.2900858223 -0.9554660916 0.9985064864 -0.0089581842 0.0538943447
286.8 268.8 2290.7 0.0000258162 0.5475039482 0.8368030787 -0.9955902696 0.0785132200 -0.0513389558 -0.0938083902 -0.8331117034 0.5450916290
286.9 50.2 2270.1 -0.8367258906 0.5475039482 -0.0113658505 0.0648874789 0.0785132200 -0.9947991371 -0.5437640548 -0.8331117034 -0.1012201980
71.2 -123.3 2417.1 0.9422832727 -0.0064327358 -0.3347549736 0.0064533418 0.9999786019 -0.0010506874 0.3347545862 -0.0011702431 0.9423046112
73.7 -520.6 2417.5 0.9407134652 0.0658655912 -0.3327460885 -0.1022316366 0.9904061556 -0.0929747745 0.3234299123 0.1214797944 0.9384219646
254.2 -112.7 2417.1 0.9785424471 0.1018112004 0.1791343838 -0.0727318898 0.9841049910 -0.1620105803 -0.1927815378 0.1455054581 0.9703934193
213.7 -503.7 2359.3 0.9778687954 -0.0645839646 0.1990014613 0.0471662097 0.9947277904 0.0910601467 -0.2038333118 -0.0796587318 0.9757594466
-55.5 79.1 2161.6 0 0 0 0 0 0 0 0 0
74.2 66.7 2131.8 0 0 0 0 0 0 0 0 0
52.5 -839.2 2378.5 0 0 0 0 0 0 0 0 0
238.4 -883.7 2389.8 0 0 0 0 0 0 0 0 0
133.4 454.9 2211.7 6 0.9985576868 -0.0486152768 -0.0227837246 0.0535964668 0.9275700450 0.3697854280 0.0031562797 -0.3704732060 0.9288377762
143.4 263.4 2288.2 0.9985576868 -0.0486152768 -0.0227837246 0.0535964668 0.9275700450 0.3697854280 0.0031562797 -0.3704732060 0.9288377762
151.7 76.0 2353.6 0.9989067316 -0.0418712385 -0.0207872912 0.0463792123 0.9433623552 0.3285064399 0.0058549764 -0.3291113973 0.9442729354
-2.4 256.6 2287.3 0.2034107298 -0.9557848573 0.2123660594 0.6848552823 0.2939031124 0.6667789817 -0.6997122765 0.0098100184 0.7143573761
-48.3 102.3 2445.0 0.0311858226 -0.9557848573 -0.2924084663 0.0681329966 0.2939031124 -0.9534038305 0.9971887469 0.0098100184 0.0742860958
289.3 270.2 2289.0 0.0934277698 0.5424668789 0.8348658085 -0.9951346517 0.0772208795 0.0611876138 -0.0312768184 -0.8365205526 0.5470421314
309.7 52.4 2282.2 -0.8400255442 0.5424668789 0.0093164472 0.0388180837 0.0772208795 -0.9962580204 -0.5411564112 -0.8365205526 -0.0859250352
69.3 -119.2 2419.1 0.9477440715 -0.0067203962 -0.3189607561 0.0097700357 0.9999205470 0.0079622064 0.3188819289 -0.0106623918 0.9477344751
72.0 -516.4 2423.3 0.9470138550 0.0595352277 -0.3156268001 -0.1010800824 0.9879835844 -0.1169242114 0.3048729897 0.1426324248 0.9416520000
252.2 -108.0 2423.2 0.9756198525 0.1076979339 0.1912251860 -0.0715220049 0.9797708988 -0.1869053394 -0.2074861825 0.1686717570 0.9635866880
209.4 -497.2 2356.2 0.9742788672 -0.0691808090 0.2144637555 0.0462925732 0.9928562045 0.1099706516 -0.2205395401 -0.0972140059 0.9705213904
-57.1 83.1 2163.8 0 0 0 0 0 0 0 0 0
93.9 62.3 2143.1 0 0 0 0 0 0 0 0 0
52.6 -838.4 2376.8 0 0 0 0 0 0 0 0 0
235.9 -876.6 2393.3 0 0 0 0 0 0 0 0 0
133.1 451.2 2207.2 7 0.9984767437 -0.0506589711 -0.0218608938 0.0551698692 0.9218400121 0.3836238682 0.0007182555 -0.3842455447 0.9232306480
143.6 260.6 2286.7 0.9984767437 -0.0506589711 -0.0218608938 0.0551698692 0.9218400121 0.3836238682 0.0007182555 -0.3842455447 0.9232306480
152.1 73.9 2354.1 0.9988911152 -0.0428071469 -0.0195989460 0.0469165556 0.9397702813 0.3385715485 0.0039252234 -0.3391156495 0.9407365322
-2.3 253.8 2286.1 0.2065091133 -0.9517257810 0.2270947993 0.6677581668 0.3067310750 0.6782441139 -0.7151594162 0.0115808072 0.6988654137
-48.7 103.7 2446.8 0.0373836420 -0.9517257810 -0.3046646118 0.0783810914 0.3067310750 -0.9485633373 0.9962223172 0.0115808072 0.0860640258
289.5 267.5 2287.3 0.0435890891 0.5481282473 0.8352577090 -0.9981320500 0.0597162023 0.0129008405 -0.0428071022 -0.8342598081 0.5497073531
298.8 52.8 2278.0 -0.8363942504 0.5481282473 0.0003100407 0.0387650728 0.0597162023 -0.9974623919 -0.5467558503 -0.8342598081 -0.0711945221
68.4 -115.6 2418.4 0.9481943250 -0.0106936786 -0.3175109029 0.0136185652 0.9998828173 0.0069938395 0.3173989058 -0.0109555619 0.9482288361
72.7 -512.9 2422.8 0.9475123286 0.0602719449 -0.3139867187 -0.0999877900 0.9886707067 -0.1119491756 0.3036820889 0.1374680698 0.9428041577
251.6 -107.1 2419.5 0.9739611745 0.1170188412 0.1941810250 -0.0854873732 0.9828324914 -0.1634997129 -0.2099799663 0.1426423341 0.9672443271
205.1 -497.5 2362.9 0.9715925455 -0.0984681323 0.2152021378 0.0881148204 0.9944661260 0.0572090745 -0.2196445167 -0.0366214104 0.9748923779
-59.4 81.2 2161.3 0 0 0 0 0 0 0 0 0
84.2 62.8 2137.7 0 0 0 0 0 0 0 0 0
52.8 -839.7 2377.4 0 0 0 0 0 0 0 0 0
239.4 -843.9 2375.6 0 0 0 0 0 0 0 0 0
134.8 452.8 2211.5 8 0.9979355335 -0.0460050628 0.0448133647 0.0257870574 0.9260750413 0.3764572740 -0.0588194802 -0.3745244741 0.9253494740
144.3 260.5 2289.3 0.9979355335 -0.0460050628 0.0448133647 0.0257870574 0.9260750413 0.3764572740 -0.0588194802 -0.3745244741 0.9253494740
151.3 73.2 2355.3 0.9982870817 -0.0352690667 0.0466793254 0.0177035369 0.9425641894 0.3335555196 -0.0557624511 -0.3321577907 0.9415740967
-1.2 257.9 2297.4 0.2342597842 -0.9441227317 0.2318504602 0.6916353703 0.3294487000 0.6427317262 -0.6832004189 0.0097897919 0.7301652431
-52.5 106.2 2447.3 0.0466209389 -0.9441227317 -0.3262802064 0.1040828824 0.3294487000 -0.9384190440 0.9934753180 0.0097897919 0.1136262193
289.8 263.1 2281.1 -0.0096324328 0.5511364937 0.8343595266 -0.9995267987 0.0190691892 -0.0241354015 -0.0292124599 -0.8341971636 0.5506920218
287.8 51.0 2274.9 -0.8339498639 0.5511364937 -0.0278593171 0.0459674187 0.0190691892 -0.9987609386 -0.5499223471 -0.8341971636 -0.0412370712
69.0 -117.1 2421.1 0.9655889869 -0.0076585314 -0.2599600554 0.0078558056 0.9999691248 -0.0002801031 0.2599541545 -0.0017717310 0.9656193256
72.0 -514.5 2421.8 0.9646384716 0.0570509695 -0.2573282421 -0.0894412547 0.9892173409 -0.1159712076 0.2479372919 0.1348860413 0.9593397975
252.2 -108.5 2421.8 0.9606467485 0.1241592541 0.2484799623 -0.0850012302 0.9830285311 -0.1625721902 -0.2644477189 0.1350533366 0.9548968673
202.8 -499.0 2368.2 0.9565864205 -0.1161480844 0.2673052251 0.1138879061 0.9932036996 0.0239990894 -0.2682759762 0.0074856291 0.9633130431
-65.9 76.4 2163.4 0 0 0 0 0 0 0 0 0
75.4 62.7 2134.9 0 0 0 0 0 0 0 0 0
53.3 -838.9 2377.5 0 0 0 0 0 0 0 0 0
242.0 -833.8 2365.6 0 0 0 0 0 0 0 0 0
136.1 455.8 2213.6 9 0.9943293929 -0.0289779007 0.1023200750 -0.0110693490 0.9287290573 0.3705939054 -0.1057666615 -0.3696250021 0.9231417775
142.2 263.2 2290.3 0.9943293929 -0.0289779007 0.1023200750 -0.0110693490 0.9287290573 0.3705939054 -0.1057666615 -0.3696250021 0.9231417775
146.0 75.5 2355.2 0.9944364429 -0.0197830666 0.1034639403 -0.0151842115 0.9450274706 0.3266381919 -0.1042381749 -0.3263919353 0.9394693971
-2.7 265.4 2305.5 0.2392906845 -0.9466666579 0.2157826871 0.7333118320 0.3218684196 0.5988776684 -0.6363911629 0.0149301663 0.7712219954
-55.8 102.5 2446.8 0.0579979680 -0.9466666579 -0.3169517815 0.1246357858 0.3218684196 -0.9385449290 0.9905059934 0.0149301663 0.1366562545
287.0 261.0 2275.1 -0.0375601128 0.5575299859 0.8293066621 -0.9988833666 0.0028518091 -0.0471576378 -0.0286568217 -0.8301519156 0.5568003058
279.0 49.0 2269.0 -0.8290231824 0.5575299859 -0.0433695652 0.0541549549 0.0028518091 -0.9985284805 -0.5565858483 -0.8301519156 -0.0325572267
66.9 -115.7 2426.5 0.9770592451 -0.0071360348 -0.2128479928 0.0032866888 0.9998247027 -0.0184333138 0.2129422277 0.0173108745 0.9769114256
69.7 -513.0 2419.6 0.9761647582 0.0499481298 -0.2112050951 -0.0752309635 0.9906950593 -0.1134179384 0.2035748214 0.1266037524 0.9708392024
249.6 -112.4 2416.3 0.9503638744 0.1093796194 0.2912809551 -0.0645696074 0.9851236939 -0.1592545956 -0.3043669760 0.1325419098 0.9432886243
206.1 -503.8 2363.6 0.9470490217 -0.0870004520 0.3090778589 0.0641163066 0.9944462180 0.0834611356 -0.3146224618 -0.0592248514 0.9473674893
-72.4 66.9 2164.0 0 0 0 0 0 0 0 0 0
69.9 62.7 2128.6 0 0 0 0 0 0 0 0 0
53.4 -837.6 2378.1 0 0 0 0 0 0 0 0 0
237.3 -860.6 2384.8 0 0 0 0 0 0 0 0 0
137.4 455.1 2215.2 0 0.9937485456 -0.0155924745 0.1105474532 -0.0264288504 0.9291968346 0.3686390519 -0.1084683388 -0.3692561686 0.9229758978
140.6 263.1 2291.5 0.9937485456 -0.0155924745 0.1105474532 -0.0264288504 0.9291968346 0.3686390519 -0.1084683388 -0.3692561686 0.9229758978
142.7 75.4 2356.7 0.9937495589 -0.0105678905 0.1111311764 -0.0265026093 0.9447128177 0.3268261850 -0.1084409058 -0.3277286291 0.9385278225
-4.3 266.9 2307.3 0.2345356047 -0.9487209320 0.2119473666 0.7411640286 0.3155950606 0.5925163627 -0.6290221810 0.0181215871 0.7771760821
-56.1 103.5 2446.1 0.0593484305 -0.9487209320 -0.3104937971 0.1215164214 0.3155950606 -0.9410810471 0.9908135533 0.0181215871 0.1340152472
285.6 259.2 2275.7 -0.0507847108 0.5758531690 0.8159742951 -0.9983391166 -0.0070176404 -0.0571822338 -0.0272023566 -0.8175230026 0.5752531290
274.8 48.1 2269.9 -0.8155317307 0.5758531690 -0.0574555323 0.0653441027 -0.0070176404 -0.9978381395 -0.5750114322 -0.8175230026 -0.0319055021
59.0 -110.9 2429.8 0.9776875377 -0.0232134908 -0.2087779045 0.0185230952 0.9995307922 -0.0243933871 0.2092462182 0.0199818965 0.9776588082
68.2 -508.0 2421.8 0.9777916074 0.0404644385 -0.2056360692 -0.0660374537 0.9906884432 -0.1190609112 0.1989035308 0.1299964488 0.9713590145
240.8 -113.6 2410.7 0.9504407644 0.0953666270 0.2959182262 -0.0559072681 0.9887034297 -0.1390680373 -0.3058378100 0.1156319454 0.9450356960
202.9 -506.4 2364.7 0.9451303482 -0.1070679799 0.3086504936 0.0958264992 0.9940701127 0.0513997152 -0.3123234808 -0.0190025326 0.9497857094
-73.1 68.7 2162.5 0 0 0 0 0 0 0 0 0
68.2 64.7 2124.2 0 0 0 0 0 0 0 0 0
54.8 -836.1 2378.8 0 0 0 0 0 0 0 0 0
239.1 -841.6 2371.1 0 0 0 0 0 0 0 0 0
139.4 455.1 2221.0 1 0.9940397143 -0.0059436425 0.1088563725 -0.0328236632 0.9358624220 0.3508334458 -0.1039598212 -0.3523154557 0.9300893545
140.6 262.0 2293.7 0.9940397143 -0.0059436425 0.1088563725 -0.0328236632 0.9358624220 0.3508334458 -0.1039598212 -0.3523154557 0.9300893545
140.5 73.3 2355.9 0.9940447807 0.0005216133 0.1089713648 -0.0345741473 0.9498327971 0.3108413219 -0.1033424363 -0.3127577901 0.9441943169
-4.5 267.0 2308.8 0.2297522277 -0.9492195845 0.2149328440 0.7467063665 0.3135615289 0.5866078734 -0.6242143512 0.0257172585 0.7808297276
-54.8 103.4 2445.6 0.0623371303 -0.9492195845 -0.3083768785 0.1073257178 0.3135615289 -0.9434831142 0.9922677279 0.0257172585 0.1214222014
285.7 256.9 2278.6 -0.0720141828 0.5885642767 0.8052366376 -0.9958729744 0.0022798569 -0.0907296240 -0.0552360415 -0.8084471822 0.5859710574
270.6 47.5 2267.0 -0.8064232469 0.5885642767 -0.0572151430 0.0724266991 0.0022798569 -0.9973711371 -0.5868865848 -0.8084471822 -0.0444662981
53.8 -109.9 2431.8 0.9759690762 -0.0381021313 -0.2145519406 0.0305425338 0.9987940192 -0.0384410843 0.2157578766 0.0309643522 0.9759557843
68.9 -506.7 2419.5 0.9763389826 0.0446860902 -0.2115783244 -0.0679745972 0.9922404289 -0.1041075587 0.2052844018 0.1160262153 0.9718005061
235.8 -114.7 2411.9 0.9522292614 0.0863875374 0.2929106057 -0.0536500104 0.9915600419 -0.1180268675 -0.3006345034 0.0966739804 0.9488272071
201.5 -508.6 2373.5 0.9456162453 -0.1222415119 0.3014414608 0.1258649975 0.9920194149 0.0074507636 -0.2999465764 0.0308953654 0.9534555674
-72.7 72.6 2161.4 0 0 0 0 0 0 0 0 0
67.5 65.8 2119.2 0 0 0 0 0 0 0 0 0
54.0 -837.3 2380.8 0 0 0 0 0 0 0 0 0
240.9 -829.1 2363.5 0 0 0 0 0 0 0 0 0
139.6 455.9 2217.4 2 0.9941872358 -0.0014956555 0.1076547429 -0.0372278877 0.9334514737 0.3567665517 -0.1010240763 -0.3587005138 0.9279698730
139.9 263.1 2291.5 0.9941872358 -0.0014956555 0.1076547429 -0.0372278877 0.9334514737 0.3567665517 -0.1010240763 -0.3587005138 0.9279698730
138.7 74.7 2354.8 0.9941812754 0.0058655106 0.1075603962 -0.0397963263 0.9478749037 0.3161478639 -0.1000994295 -0.3185887933 0.9425928593
-5.3 268.9 2306.1 0.2170626521 -0.9540618062 0.2065183371 0.7403681874 0.2987864614 0.6021474600 -0.6361908317 0.0221958756 0.7712123990
-52.7 107.2 2445.1 0.0504414067 -0.9540618062 -0.2953331769 0.0871564671 0.2987864614 -0.9503317475 0.9949167967 0.0221958756 0.0982238725
285.1 257.3 2276.8 -0.1055006385 0.5525242090 0.8267929554 -0.9902548194 0.0176383518 -0.1381459832 -0.0909122676 -0.8333101869 0.5452789068
262.5 45.5 2257.4 -0.8320053816 0.5525242090 -0.0498399064 0.0714542866 0.0176383518 -0.9972879291 -0.5501466393 -0.8333101869 -0.0541554280
49.3 -112.3 2427.5 0.9748131633 -0.0473596156 -0.2179366946 0.0429570153 0.9987666607 -0.0248977821 0.2188470513 0.0149087757 0.9756452441
68.1 -509.1 2421.6 0.9760462046 0.0425540023 -0.2133611292 -0.0664427876 0.9921360016 -0.1060730815 0.2071694285 0.1177085340 0.9711979628
231.5 -118.6 2408.5 0.9541600347 0.0733229294 0.2901765108 -0.0443212017 0.9934531450 -0.1052923873 -0.2959971130 0.0876048207 0.9511630535
202.3 -513.3 2373.7 0.9468221664 -0.1263447702 0.2959135175 0.1348994672 0.9908220768 -0.0085856430 -0.2921128869 0.0480476506 0.9551761746
-67.1 82.3 2161.7 0 0 0 0 0 0 0 0 0
53.3 63.5 2119.1 0 0 0 0 0 0 0 0 0
54.0 -837.9 2382.6 0 0 0 0 0 0 0 0 0
242.2 -825.9 2358.6 0 0 0 0 0 0 0 0 0
140.3 454.9 2209.1 3 0.9961640239 0.0001142062 0.0875058249 -0.0331602842 0.9259094000 0.3762873411 -0.0809794962 -0.3777456284 0.9223614335
140.3 264.0 2287.0 0.9961640239 0.0001142062 0.0875058249 -0.0331602842 0.9259094000 0.3762873411 -0.0809794962 -0.3777456284 0.9223614335
138.7 76.8 2353.5 0.9961501360 0.0077068093 0.0873238370 -0.0364651904 0.9422864318 0.3328161240 -0.0797191188 -0.3347191215 0.9389398098
-5.2 269.3 2298.6 0.2040358186 -0.9533882737 0.2223064005 0.7245590687 0.2997733355 0.6206046343 -0.6583186984 0.0344485529 0.7519506812
-49.7 111.2 2442.2 0.0523082055 -0.9533882737 -0.2971777320 0.0517553426 0.2997733355 -0.9526055455 0.9972889423 0.0344485529 0.0650235415
285.8 258.7 2275.3 -0.1213157848 0.5107414126 0.8511320353 -0.9870429039 0.0286478791 -0.1578786075 -0.1050182655 -0.8592569828 0.5006482005
259.5 44.6 2252.5 -0.8585844040 0.5107414126 -0.0444526114 0.0686723888 0.0286478791 -0.9972278476 -0.5080520511 -0.8592569828 -0.0596704520
46.4 -109.9 2427.3 0.9705471396 -0.0485042185 -0.2359779328 0.0420201868 0.9985902309 -0.0324321277 0.2372183651 0.0215610713 0.9712170362
65.7 -506.7 2418.7 0.9720438123 0.0351085700 -0.2321598232 -0.0597217642 0.9932081699 -0.0998538733 0.2270773053 0.1109273359 0.9675386548
228.7 -117.2 2408.9 0.9603216052 0.0688215196 0.2702701986 -0.0405574180 0.9932349920 -0.1088088155 -0.2759301960 0.0935299993 0.9566162825
201.4 -511.9 2371.8 0.9521796703 -0.1320095956 0.2755492032 0.1415151805 0.9898252487 -0.0148120113 -0.2707902491 0.0530980900 0.9611728191
-64.5 96.5 2159.3 0 0 0 0 0 0 0 0 0
43.6 61.9 2124.8 0 0 0 0 0 0 0 0 0
54.0 -838.2 2381.7 0 0 0 0 0 0 0 0 0
243.2 -825.3 2354.9 0 0 0 0 0 0 0 0 0
140.8 451.7 2205.4 4 0.9952907562 -0.0037447370 0.0968624577 -0.0336733572 0.9236672521 0.3817131221 -0.0908980966 -0.3831771910 0.9191913605
141.5 260.8 2284.6 0.9952907562 -0.0037447370 0.0968624577 -0.0336733572 0.9236672521 0.3817131221 -0.0908980966 -0.3831771910 0.9191913605
140.4 73.7 2351.7 0.9952872992 0.0053466060 0.0968227088 -0.0376876816 0.9413109422 0.3354300857 -0.0893468633 -0.3374983370 0.9370763302
-3.8 266.3 2297.7 0.2149104029 -0.9517764449 0.2189408094 0.7255830169 0.3056576550 0.6165246964 -0.6537145972 0.0263621677 0.7562818527
-49.1 113.5 2435.3 0.0360589139 -0.9517764449 -0.3046658933 0.0261207391 0.3056576550 -0.9517831206 0.9990082383 0.0263621677 0.0358827859
286.9 255.3 2271.6 -0.1352483630 0.4964594841 0.8574589491 -0.9860821366 0.0170124676 -0.1653863192 -0.0966951028 -0.8678931594 0.4872488976
258.0 44.9 2250.9 -0.8665559888 0.4964594841 -0.0510759130 0.0685407445 0.0170124676 -0.9975032806 -0.4943509996 -0.8678931594 -0.0487699546
45.8 -107.1 2427.3 0.9729427099 -0.0425620936 -0.2270924151 0.0399068668 0.9990708828 -0.0162729006 0.2275740355 0.0067700529 0.9737372398
62.8 -504.1 2424.6 0.9748396873 0.0286504049 -0.2210581899 -0.0576102324 0.9903950095 -0.1256932616 0.2153337598 0.1352659911 0.9671269059
