44.6 479.5 2067.2 0 0.9525052309 -0.0448454432 0.3012021184 0.0443412587 0.9989801645 0.0085139796 -0.3012767434 0.0052460702 0.9535223246
55.9 228.1 2065.9 0.9525052309 -0.0448454432 0.3012021184 0.0443412587 0.9989801645 0.0085139796 -0.3012767434 0.0052460702 0.9535223246
37.5 40.6 2111.7 0.9472010136 0.0955598578 0.3060695529 -0.1612807959 0.9670050144 0.1972050816 -0.2771258950 -0.2361560017 0.9313600659
-73.3 250.2 2103.7 0.4690981507 0.0953499824 -0.8779836297 -0.8538193107 0.3030323386 -0.4232777357 0.2256979048 0.9481981993 0.2235635668
-207.6 494.6 2039.1 -0.9214319587 0.0953499824 -0.3766583204 -0.3335553110 0.3030323386 0.8926994205 0.1992585212 0.9481981993 -0.2474191785
185.2 206.1 2028.0 -0.1706157029 0.8209629059 0.5448946357 -0.6047049761 0.3493761122 -0.7157291770 -0.7779603004 -0.4516151249 0.4368312955
161.4 121.7 1919.5 -0.2694275379 0.8209629059 -0.5034170151 0.9343885183 0.3493761122 0.0696735010 0.2330812514 -0.4516151249 -0.8612298965
-60.8 -133.6 2179.8 0.9824768305 0.0035152228 -0.1863516569 -0.0493371449 0.9690625668 -0.2418338060 0.1797363162 0.2467901558 0.9522549510
-62.2 -509.3 2084.1 0.9850154519 0.0491010286 -0.1653288901 -0.0126712648 0.9766297340 0.2145549357 0.1719999760 -0.2092450112 0.9626175165
109.6 -159.8 2132.7 0.5999870300 0.0479036644 0.7985742092 0.0608095899 0.9925870299 -0.1052294374 -0.7976952791 0.1116972715 0.5926263332
91.1 -544.9 2089.4 0.6155601740 -0.1179222241 0.7792176008 -0.0414424203 0.9825304747 0.1814287603 -0.7869995236 -0.1439729780 0.5999196172
29.8 580.5 1987.8 0 0 0 0 0 0 0 0 0
86.1 382.6 1984.6 0 0 0 0 0 0 0 0 0
-80.5 -873.7 2162.2 0 0 0 0 0 0 0 0 0
135.0 -911.3 2143.0 0 0 0 0 0 0 0 0 0
46.8 482.3 2067.6 1 0.9597870708 -0.0567479581 0.2749335766 0.0553943403 0.9983838797 0.0126920808 -0.2752095163 0.0030480691 0.9613794684
61.3 227.5 2066.8 0.9597870708 -0.0567479581 0.2749335766 0.0553943403 0.9983838797 0.0126920808 -0.2752095163 0.0030480691 0.9613794684
36.0 39.9 2108.5 0.9507775903 0.1307426691 0.2809419334 -0.1839933842 0.9677014947 0.1723377705 -0.2493360192 -0.2155463398 0.9441246390
-68.4 252.7 2100.9 0.4872164726 0.1019858420 -0.8673055768 -0.8462435007 0.3003562987 -0.4400659800 0.2156201899 0.9483590722 0.2326433957
-207.4 494.2 2039.4 -0.9184072614 0.1019858420 -0.3822656274 -0.3379069567 0.3003562987 0.8919669390 0.2057838887 0.9483590722 -0.2413876802
191.0 202.3 2032.7 -0.2109487653 0.8145699501 0.5403484702 -0.5657417178 0.3490548730 -0.7470589280 -0.7971429825 -0.4632888138 0.3872034848
161.2 122.4 1920.1 -0.2710831761 0.8145699501 -0.5128252506 0.9351732135 0.3490548730 0.0600982197 0.2279583514 -0.4632888138 -0.8563868403
-65.8 -132.5 2182.3 0.9745067358 -0.0094229113 -0.2241602093 -0.0471805893 0.9681691527 -0.2458098084 0.2193412483 0.2501193285 0.9430428147
-62.1 -508.2 2085.3 0.9776700139 0.0452289172 -0.2052211910 -0.0016685544 0.9782041907 0.2076385021 0.2101394981 -0.2026595175 0.9564363360
103.7 -161.5 2132.7 0.6280108094 0.0279918835 0.7777010202 0.0720962211 0.9929621220 -0.0939590931 -0.7748577595 0.1150766313 0.6215728521
92.9 -546.7 2088.1 0.6485964656 -0.1041932702 0.7539671063 -0.0637155250 0.9796764255 0.1901957691 -0.7584609389 -0.1713997126 0.6287758946
29.2 581.2 1986.3 0 0 0 0 0 0 0 0 0
85.5 383.5 1983.8 0 0 0 0 0 0 0 0 0
-79.0 -873.2 2160.9 0 0 0 0 0 0 0 0 0
131.7 -912.1 2152.0 0 0 0 0 0 0 0 0 0
51.6 478.8 2071.8 2 0.9643630981 -0.0495509021 0.2599009573 0.0521928594 0.9986316562 -0.0032695816 -0.2593833208 0.0167180374 0.9656297565
64.0 228.8 2067.6 0.9643630981 -0.0495509021 0.2599009573 0.0521928594 0.9986316562 -0.0032695816 -0.2593833208 0.0167180374 0.9656297565
35.9 41.2 2108.2 0.9523813725 0.1451930404 0.2681206465 -0.1940430850 0.9669055343 0.1656533182 -0.2351956367 -0.2097921073 0.9490364790
-66.0 255.3 2099.7 0.4984997809 0.1169990823 -0.8589581847 -0.8417112827 0.3023972213 -0.4473007917 0.2074127942 0.9459741712 0.2492243946
-207.9 495.0 2040.7 -0.9163664579 0.1169990823 -0.3828625679 -0.3343335092 0.3023972213 0.8926236629 0.2202127278 0.9459741712 -0.2379899472
194.0 202.2 2035.5 -0.2270933092 0.8104914427 0.5399373174 -0.5532184839 0.3489221036 -0.7564407587 -0.8014848232 -0.4704859555 0.3691409826
161.3 122.5 1919.9 -0.2731255591 0.8104914427 -0.5181757212 0.9356760383 0.3489221036 0.0525716208 0.2234118134 -0.4704859555 -0.8536569476
-74.3 -131.2 2172.6 0.9695321918 -0.0377839208 -0.2420323491 -0.0192473680 0.9732283950 -0.2290327251 0.2442065030 0.2267130911 0.9428490400
-59.7 -508.7 2084.7 0.9698026180 0.0640827939 -0.2353217304 -0.0152413324 0.9789017439 0.2037622184 0.2434145063 -0.1940225065 0.9503181577
95.8 -164.3 2127.9 0.6407113671 0.0101753017 0.7677143812 0.0630029589 0.9958432317 -0.0657793060 -0.7651925087 0.0905138254 0.6374070048
91.9 -550.6 2092.8 0.6545261741 -0.1219896153 0.7461327314 -0.0265117791 0.9825863242 0.1839055866 -0.7555743456 -0.1401523352 0.6398943067
28.1 581.1 1983.9 0 0 0 0 0 0 0 0 0
85.0 383.7 1982.3 0 0 0 0 0 0 0 0 0
-83.6 -874.0 2157.1 0 0 0 0 0 0 0 0 0
137.3 -917.0 2145.1 0 0 0 0 0 0 0 0 0
49.8 480.1 2074.4 3 0.9590284824 -0.0483500063 0.2791534960 0.0544604100 0.9984153509 -0.0141703291 -0.2780260146 0.0287925620 0.9601419568
62.0 229.0 2067.1 0.9590284824 -0.0483500063 0.2791534960 0.0544604100 0.9984153509 -0.0141703291 -0.2780260146 0.0287925620 0.9601419568
32.8 41.8 2109.1 0.9455395937 0.1506261081 0.2885595262 -0.2044400722 0.9646380544 0.1663660556 -0.2532964349 -0.2162988186 0.9428974986
-67.1 257.0 2101.7 0.4972085655 0.1095288992 -0.8606898785 -0.8400188684 0.3090406656 -0.4459396005 0.2171449065 0.9447207451 0.2456640154
-208.3 495.5 2040.1 -0.9192815423 0.1095288992 -0.3780540824 -0.3299977481 0.3090406656 0.8919615149 0.2145296633 0.9447207451 -0.2479511052
191.1 201.1 2032.5 -0.2106972784 0.8181673884 0.5349848866 -0.5575374365 0.3489559889 -0.7532474995 -0.8029686809 -0.4569812715 0.3826348484
161.3 122.3 1919.1 -0.2735582292 0.8181673884 -0.5057351589 0.9353041649 0.3489559889 0.0586161390 0.2244371176 -0.4569812715 -0.8606951237
-77.5 -129.0 2170.0 0.9732093811 -0.0467361175 -0.2251203954 -0.0075310506 0.9721174240 -0.2343736291 0.2297971696 0.2297900170 0.9457218647
-59.3 -506.2 2080.8 0.9722648263 0.0717149228 -0.2226165235 -0.0217954107 0.9754695296 0.2190529704 0.2328649908 -0.2081254721 0.9499777555
93.0 -163.8 2127.8 0.6261432767 0.0035387715 0.7796999812 0.0666606128 0.9960854650 -0.0580531172 -0.7768532038 0.0883248523 0.6234562993
91.7 -550.4 2093.5 0.6394723654 -0.1261787117 0.7583890557 -0.0185881853 0.9836143255 0.1793245971 -0.7685893178 -0.1287702024 0.6266487837
28.5 580.5 1984.8 0 0 0 0 0 0 0 0 0
84.9 383.5 1981.7 0 0 0 0 0 0 0 0 0
-86.1 -870.2 2158.5 0 0 0 0 0 0 0 0 0
138.7 -917.3 2141.6 0 0 0 0 0 0 0 0 0
48.9 478.8 2070.2 4 0.9616146088 -0.0513482690 0.2695564926 0.0514983423 0.9986518025 0.0065199011 -0.2695278525 0.0076120794 0.9629625082
61.7 230.3 2068.3 0.9616146088 -0.0513482690 0.2695564926 0.0514983423 0.9986518025 0.0065199011 -0.2695278525 0.0076120794 0.9629625082
33.2 42.4 2107.9 0.9495422840 0.1472223997 0.2769387066 -0.1961120814 0.9677794576 0.1579335034 -0.2447642386 -0.2042755634 0.9478195906
-68.0 257.1 2101.7 0.4968109429 0.1079025343 -0.8611248136 -0.8396875858 0.3105237186 -0.4455331862 0.2193255275 0.9444215298 0.2448759973
-208.6 494.7 2039.6 -0.9201104045 0.1079025343 -0.3765021265 -0.3285727799 0.3105237186 0.8919724822 0.2131589353 0.9444215298 -0.2502622902
191.4 203.5 2034.8 -0.2097316682 0.8211320639 0.5308057666 -0.5569632649 0.3458606899 -0.7550975084 -0.8036196232 -0.4540072083 0.3848024607
160.9 122.5 1918.0 -0.2679356039 0.8211320639 -0.5039371848 0.9359675646 0.3458606899 0.0659174472 0.2284189761 -0.4540072083 -0.8612213731
-81.1 -127.0 2173.7 0.9701517224 -0.0628327206 -0.2342171967 0.0030206395 0.9689052701 -0.2474134117 0.2424799353 0.2393210679 0.9401749372
-56.7 -503.0 2080.9 0.9671381116 0.0920470953 -0.2370046824 -0.0379393734 0.9739763737 0.2234516293 0.2514050305 -0.2071167678 0.9454618692
88.2 -163.7 2128.4 0.6345010400 -0.0073067169 0.7728874683 0.0633375347 0.9970837831 -0.0425706506 -0.7703225613 0.0759639144 0.6331134439
91.1 -550.6 2098.9 0.6424878240 -0.1325043887 0.7547529340 0.0107127596 0.9863935113 0.1640518904 -0.7662210464 -0.0973158553 0.6351653337
28.5 579.3 1984.7 0 0 0 0 0 0 0 0 0
86.1 383.8 1981.8 0 0 0 0 0 0 0 0 0
-91.0 -866.5 2158.2 0 0 0 0 0 0 0 0 0
140.5 -918.6 2135.2 0 0 0 0 0 0 0 0 0
49.0 479.6 2074.1 5 0.9653669596 -0.0592521653 0.2540783286 0.0627532303 0.9980128407 -0.0056890668 -0.2532363534 0.0214362722 0.9671669006
63.7 232.0 2068.8 0.9653669596 -0.0592521653 0.2540783286 0.0627532303 0.9980128407 -0.0056890668 -0.2532363534 0.0214362722 0.9671669006
35.9 43.6 2106.2 0.9547190070 0.1432160586 0.2607695162 -0.1869068742 0.9706725478 0.1511973441 -0.2314679027 -0.1930905879 0.9534876347
-66.7 257.6 2100.4 0.5007407665 0.1189026162 -0.8573918939 -0.8389566541 0.3105185926 -0.4469115138 0.2130971700 0.9431014657 0.2552434504
-208.6 495.3 2040.0 -0.9196536541 0.1189026162 -0.3742984235 -0.3236217499 0.3105185926 0.8937824965 0.2224996984 0.9431014657 -0.2470900863
194.1 206.5 2037.1 -0.2225470245 0.8135453463 0.5372306705 -0.5646952987 0.3416329026 -0.7512696981 -0.7947276235 -0.4705644846 0.3833758533
161.1 122.8 1919.4 -0.2656633258 0.8135453463 -0.5172687769 0.9381954670 0.3416329026 0.0554639027 0.2218384445 -0.4705644846 -0.8540238738
-80.4 -127.8 2169.5 0.9665806293 -0.0622942187 -0.2486790568 0.0018297734 0.9716798663 -0.2362941802 0.2563561797 0.2279423624 0.9393209219
-56.2 -504.9 2081.0 0.9635333419 0.0961489528 -0.2497175783 -0.0366084799 0.9718061686 0.2329217643 0.2650722861 -0.2152861059 0.9398875237
89.7 -163.0 2125.6 0.6462318301 -0.0086647067 0.7630919814 0.0630985349 0.9971183538 -0.0421135910 -0.7605280876 0.0753651261 0.6449163556
93.0 -550.0 2096.4 0.6571719050 -0.1003740951 0.7470275164 -0.0211682655 0.9882447720 0.1514072269 -0.7534434199 -0.1153138503 0.6473219395
28.3 578.7 1982.6 0 0 0 0 0 0 0 0 0
86.9 384.8 1981.3 0 0 0 0 0 0 0 0 0
-92.1 -867.6 2161.4 0 0 0 0 0 0 0 0 0
130.4 -918.5 2139.4 0 0 0 0 0 0 0 0 0
49.8 478.7 2069.5 6 0.9650626183 -0.0463360734 0.2578898370 0.0446246676 0.9989257455 0.0124886576 -0.2581914663 -0.0005440883 0.9660935998
61.2 232.7 2069.7 0.9650626183 -0.0463360734 0.2578898370 0.0446246676 0.9989257455 0.0124886576 -0.2581914663 -0.0005440883 0.9660935998
34.8 44.2 2107.7 0.9547406435 0.1362460852 0.2643999159 -0.1815371960 0.9710710645 0.1551297903 -0.2356152833 -0.1961071491 0.9518547058
-69.2 257.5 2101.8 0.4872453213 0.1268480420 -0.8640032411 -0.8459232450 0.3142000437 -0.4309202135 0.2168084681 0.9408442378 0.2603961825
-206.9 496.6 2040.6 -0.9224202633 0.1268480420 -0.3647608161 -0.3114304841 0.3142000437 0.8968217969 0.2283679396 0.9408442378 -0.2503201365
191.7 207.9 2037.5 -0.2079483122 0.8222384453 0.5297937393 -0.5757448077 0.3349734545 -0.7458623648 -0.7907435894 -0.4601268172 0.4037423730
160.8 122.5 1920.2 -0.2620426416 0.8222384453 -0.5052301884 0.9404796958 0.3349734545 0.0573644713 0.2164059728 -0.4601268172 -0.8610759377
-77.4 -128.0 2164.4 0.9686636925 -0.0501144156 -0.2432678342 -0.0063550835 0.9741118550 -0.2259771973 0.2482948005 0.2204418927 0.9432682991
-57.9 -506.1 2078.9 0.9670608640 0.0865820199 -0.2393675745 -0.0266927052 0.9696827531 0.2429051548 0.2531418204 -0.2285147011 0.9400533438
93.7 -161.5 2123.0 0.6422630548 0.0056135757 0.7664636970 0.0437024310 0.9980782270 -0.0439306460 -0.7652373910 0.0617113598 0.6407834888
91.5 -548.9 2099.0 0.6465065479 -0.1203512028 0.7533557415 0.0116347270 0.9889191389 0.1479987055 -0.7628197074 -0.0869170502 0.6407429576
30.7 576.8 1981.7 0 0 0 0 0 0 0 0 0
87.7 385.1 1980.6 0 0 0 0 0 0 0 0 0
-90.2 -868.0 2164.2 0 0 0 0 0 0 0 0 0
136.4 -917.7 2131.4 0 0 0 0 0 0 0 0 0
52.7 476.5 2073.2 7 0.9677606821 -0.0402202420 0.2486394942 0.0435587093 0.9990193248 -0.0079376195 -0.2480764091 0.0185121316 0.9685635567
62.5 233.5 2068.7 0.9677606821 -0.0402202420 0.2486394942 0.0435587093 0.9990193248 -0.0079376195 -0.2480764091 0.0185121316 0.9685635567
37.2 44.8 2106.4 0.9578118324 0.1303386837 0.2561411858 -0.1740669310 0.9722732902 0.1561582386 -0.2286857814 -0.1941559166 0.9539424777
-68.4 257.3 2100.0 0.4926404655 0.1250281632 -0.8612045646 -0.8445633054 0.3072804511 -0.4385105968 0.2098051608 0.9433698654 0.2569729984
-208.3 497.1 2040.4 -0.9259237051 0.1250281632 -0.3564173281 -0.3054351211 0.3072804511 0.9012702703 0.2222042531 0.9433698654 -0.2463302612
193.3 209.7 2037.5 -0.2215292901 0.8249228597 0.5200259686 -0.5833683610 0.3152169585 -0.7485450506 -0.7814128995 -0.4691913426 0.4114041030
160.2 122.6 1920.8 -0.2479625046 0.8249228597 -0.5079535842 0.9477398992 0.3152169585 0.0492677204 0.2007576525 -0.4691913426 -0.8599743247
-77.1 -128.0 2166.9 0.9674276710 -0.0457064509 -0.2489871383 -0.0106956363 0.9753070474 -0.2205940485 0.2529214919 0.2160718590 0.9430502057
-59.4 -506.6 2083.0 0.9667077661 0.0733275861 -0.2451512814 -0.0210118610 0.9775727987 0.2095470279 0.2550188005 -0.1974196583 0.9465679526
93.9 -160.6 2124.7 0.6475861669 0.0037351057 0.7619830966 0.0605133437 0.9965776205 -0.0563134886 -0.7595856190 0.0825779811 0.6451438665
92.5 -547.3 2092.6 0.6584056020 -0.1164527461 0.7435998917 -0.0148309115 0.9857591391 0.1675082445 -0.7525171638 -0.1213166341 0.6473022699
30.3 575.8 1983.2 0 0 0 0 0 0 0 0 0
91.0 387.2 1976.9 0 0 0 0 0 0 0 0 0
-86.8 -871.3 2156.7 0 0 0 0 0 0 0 0 0
135.9 -914.9 2137.9 0 0 0 0 0 0 0 0 0
52.0 476.6 2069.6 8 0.9678404927 -0.0373967253 0.2487695962 0.0361797027 0.9993004799 0.0094641168 -0.2489494979 -0.0001593449 0.9685164690
61.0 234.6 2069.6 0.9678404927 -0.0373967253 0.2487695962 0.0361797027 0.9993004799 0.0094641168 -0.2489494979 -0.0001593449 0.9685164690
39.3 45.6 2108.3 0.9605236053 0.1119666472 0.2546721399 -0.1573981643 0.9735473990 0.1656239778 -0.2293910384 -0.1991706640 0.9527385831
-70.2 256.1 2101.0 0.4859282672 0.1171185896 -0.8661160469 -0.8468200564 0.3082998097 -0.4334132373 0.2162626684 0.9440521598 0.2489899695
-208.4 497.0 2039.5 -0.9274739027 0.1171185896 -0.3550709784 -0.3059127629 0.3082998097 0.9007599950 0.2149640620 0.9440521598 -0.2501119673
192.2 213.1 2038.3 -0.2108106315 0.8318681717 0.5133753419 -0.5933463573 0.3084723353 -0.7434950471 -0.7768519521 -0.4613460898 0.4285567105
160.1 122.6 1919.8 -0.2407057285 0.8318681717 -0.5000561476 0.9495792389 0.3084723353 0.0560719930 0.2008979917 -0.4613460898 -0.8641757965
-73.9 -128.4 2164.6 0.9692144990 -0.0372300595 -0.2433868498 -0.0179295093 0.9752057195 -0.2205727547 0.2455641925 0.2181461155 0.9445160031
-59.5 -506.9 2079.9 0.9689072371 0.0787575170 -0.2345549017 -0.0218154062 0.9714875221 0.2360847890 0.2464606166 -0.2236273438 0.9429994822
97.7 -159.5 2123.6 0.6451906562 0.0076809200 0.7639830112 0.0646798015 0.9958106875 -0.0646343529 -0.7612788677 0.0911157504 0.6419909596
94.7 -546.1 2088.3 0.6634806991 -0.0851245150 0.7433351874 -0.0725478381 0.9815057516 0.1771533191 -0.7446678281 -0.1714651585 0.6450344920
30.5 575.8 1984.1 0 0 0 0 0 0 0 0 0
92.9 387.7 1975.9 0 0 0 0 0 0 0 0 0
-88.8 -869.3 2163.3 0 0 0 0 0 0 0 0 0
126.4 -911.6 2152.1 0 0 0 0 0 0 0 0 0
50.6 476.6 2067.8 9 0.9692476988 -0.0394283943 0.2429079562 0.0397196189 0.9992040396 0.0037004177 -0.2428605109 0.0060615903 0.9700422883
60.1 235.4 2066.3 0.9692476988 -0.0394283943 0.2429079562 0.0397196189 0.9992040396 0.0037004177 -0.2428605109 0.0060615903 0.9700422883
43.0 46.0 2105.2 0.9649535418 0.0883412436 0.2471041977 -0.1336690187 0.9757853150 0.1731347144 -0.2258256972 -0.2000971287 0.9533959627
-71.7 253.6 2097.2 0.4815071821 0.1366858184 -0.8657180667 -0.8549726605 0.2905447781 -0.4296573699 0.1928018034 0.9470484257 0.2567620575
-208.2 496.1 2042.5 -0.9212461114 0.1366858184 -0.3641738296 -0.3141742051 0.2905447781 0.9038131833 0.2293472588 0.9470484257 -0.2247200906
191.9 217.1 2035.5 -0.2131768912 0.8233659863 0.5259506106 -0.6206529140 0.3016244769 -0.7237489820 -0.7545499206 -0.4807193577 0.4467251599
159.4 122.6 1920.5 -0.2320244163 0.8233659863 -0.5179122686 0.9519501328 0.3016244769 0.0530430973 0.1998888999 -0.4807193577 -0.8537876606
-68.5 -129.2 2167.5 0.9702703953 -0.0187299177 -0.2412977368 -0.0362453982 0.9745120406 -0.2213877589 0.2392941266 0.2235519141 0.9448612928
-61.2 -507.5 2080.8 0.9727026820 0.0572292320 -0.2248872668 -0.0039835679 0.9730876088 0.2304009199 0.2320206761 -0.2232157439 0.9467529655
103.6 -157.4 2126.4 0.6459076405 0.0290870424 0.7628612518 0.0549503565 0.9949104786 -0.0844607875 -0.7614353299 0.0964733660 0.6410219669
92.3 -543.5 2089.0 0.6619361639 -0.1029598787 0.7424552441 -0.0570900887 0.9807187319 0.1868997216 -0.7473828793 -0.1661025286 0.6432952285
29.1 577.0 1983.4 0 0 0 0 0 0 0 0 0
94.7 388.4 1976.4 0 0 0 0 0 0 0 0 0
-82.6 -870.5 2164.0 0 0 0 0 0 0 0 0 0
130.7 -909.2 2150.9 0 0 0 0 0 0 0 0 0
47.0 478.1 2066.9 0 0.9695281386 -0.0539578423 0.2389638722 0.0546109639 0.9985001087 0.0038920001 -0.2388154566 0.0092766434 0.9710206389
60.4 230.6 2064.6 0.9695281386 -0.0539578423 0.2389638722 0.0546109639 0.9985001087 0.0038920001 -0.2388154566 0.0092766434 0.9710206389
38.6 42.4 2106.0 0.9632331729 0.1120222583 0.2441983670 -0.1588543504 0.9704950452 0.1813965440 -0.2166728377 -0.2135191411 0.9526082277
-71.2 252.3 2094.2 0.4812709987 0.1395858973 -0.8653866053 -0.8573430181 0.2806052566 -0.4315363467 0.1825956553 0.9496191144 0.2547201514
-208.4 496.8 2042.1 -0.9214057922 0.1395858973 -0.3626666665 -0.3144315481 0.2806052566 0.9068591595 0.2283509225 0.9496191144 -0.2146611065
191.9 209.0 2035.0 -0.2208767235 0.8350048065 0.5039646626 -0.5886101127 0.2978856564 -0.7515332699 -0.7776577473 -0.4626349211 0.4256962836
159.5 122.6 1921.0 -0.2325677276 0.8350048065 -0.4986774325 0.9530550241 0.2978856564 0.0543158725 0.1939028651 -0.4626349211 -0.8650841713
-60.6 -131.4 2164.3 0.9674609900 -0.0004519096 -0.2530199289 -0.0551810712 0.9755503535 -0.2127358019 0.2469298244 0.2197754830 0.9437819719
-60.4 -510.0 2079.0 0.9716163278 0.0687129125 -0.2263631076 -0.0109139541 0.9688873291 0.2472615391 0.2363104075 -0.2377728373 0.9421366453
112.3 -155.3 2123.8 0.6523936391 0.0562972128 0.7557864785 0.0290092211 0.9946514964 -0.0991305634 -0.7573249340 0.0865969211 0.6472711563
90.4 -541.2 2090.2 0.6608064771 -0.1218082309 0.7406061888 -0.0294254906 0.9817799330 0.1877292246 -0.7499792576 -0.1458453983 0.6451823115
29.0 577.8 1983.3 0 0 0 0 0 0 0 0 0
94.6 388.8 1975.1 0 0 0 0 0 0 0 0 0
-86.0 -871.5 2167.7 0 0 0 0 0 0 0 0 0
135.8 -907.4 2144.6 0 0 0 0 0 0 0 0 0
45.4 477.1 2066.9 1 0.9715398550 -0.0669586957 0.2272154391 0.0671627969 0.9977185726 0.0068419934 -0.2271551937 0.0086131543 0.9738205075
62.1 228.4 2064.8 0.9715398550 -0.0669586957 0.2272154391 0.0671627969 0.9977185726 0.0068419934 -0.2271551937 0.0086131543 0.9738205075
37.2 40.3 2105.5 0.9641254544 0.1280946881 0.2324948609 -0.1713828444 0.9692294002 0.1766981930 -0.2027067542 -0.2102048546 0.9564120173
-69.6 251.8 2092.5 0.4845793843 0.1238418669 -0.8659365177 -0.8543538451 0.2795132399 -0.4381231368 0.1877827346 0.9521216154 0.2412511408
-208.0 495.8 2038.8 -0.9219320416 0.1238418669 -0.3670210838 -0.3224814534 0.2795132399 0.9043661356 0.2145856470 0.9521216154 -0.2177555263
193.7 205.0 2037.1 -0.2362923324 0.8415210247 0.4858068228 -0.5626225471 0.2891378105 -0.7745032310 -0.7922258973 -0.4563350379 0.4051376283
159.1 122.6 1921.1 -0.2242804170 0.8415210247 -0.4914678335 0.9554641843 0.2891378105 0.0590550303 0.1917979866 -0.4563350379 -0.8688911796
-69.4 -131.7 2166.8 0.9626326561 -0.0241721384 -0.2697297335 -0.0352698416 0.9763348103 -0.2133691311 0.2685041130 0.2149094194 0.9389991760
-60.0 -510.6 2083.4 0.9644259810 0.0747801289 -0.2535557449 -0.0147377867 0.9728732705 0.2308687121 0.2639420033 -0.2189189345 0.9393663406
103.2 -160.1 2128.0 0.6655271649 0.0329935029 0.7456440330 0.0545443483 0.9942012429 -0.0926754922 -0.7443779111 0.1023487225 0.6598683596
90.4 -545.9 2088.3 0.6770403981 -0.1300404966 0.7243657708 -0.0182838179 0.9809890985 0.1931996197 -0.7357187271 -0.1440481097 0.6617915630
29.5 578.9 1983.6 0 0 0 0 0 0 0 0 0
96.5 389.4 1974.7 0 0 0 0 0 0 0 0 0
-87.9 -873.6 2165.1 0 0 0 0 0 0 0 0 0
138.9 -911.9 2142.1 0 0 0 0 0 0 0 0 0
49.8 477.1 2066.4 2 0.9744800329 -0.0620246120 0.2157349139 0.0609371513 0.9980731010 0.0116951801 -0.2160446048 0.0017495510 0.9763818979
65.2 230.1 2066.0 0.9744800329 -0.0620246120 0.2157349139 0.0609371513 0.9980731010 0.0116951801 -0.2160446048 0.0017495510 0.9763818979
40.6 41.6 2105.1 0.9670418501 0.1265718192 0.2209289223 -0.1660099179 0.9713304639 0.1701699644 -0.1930562854 -0.2012378722 0.9603294134
-66.9 252.8 2092.4 0.4937852621 0.1207325011 -0.8611618876 -0.8490918875 0.2806640863 -0.4475160539 0.1876674742 0.9521824121 0.2411007732
-207.5 494.5 2039.0 -0.9180580378 0.1207325011 -0.3776150346 -0.3333081603 0.2806640863 0.9000740647 0.2146511674 0.9521824121 -0.2174247801
197.3 207.4 2039.6 -0.2543652356 0.8316885233 0.4935508966 -0.5626409650 0.2878194153 -0.7749807239 -0.7865961194 -0.4748201072 0.3947308064
158.9 122.7 1921.2 -0.2200491279 0.8316885233 -0.5097769499 0.9559923410 0.2878194153 0.0569088943 0.1940541863 -0.4748201072 -0.8584222794
-74.0 -132.4 2164.5 0.9594621062 -0.0275071580 -0.2804921865 -0.0268364679 0.9817871451 -0.1880792081 0.2805571556 0.1879822761 0.9412493706
-63.3 -513.3 2091.5 0.9608125091 0.0580893345 -0.2710440755 -0.0072282935 0.9827139974 0.1849889755 0.2771047056 -0.1757805496 0.9446238279
98.7 -163.1 2128.2 0.6737340093 0.0160909407 0.7387987375 0.0646793246 0.9946420193 -0.0806463063 -0.7361379266 0.1021191627 0.6690834165
92.4 -549.1 2088.5 0.6888218522 -0.0938345045 0.7188320756 -0.0471954904 0.9836790562 0.1736321002 -0.7233927250 -0.1535272151 0.6731510758
29.0 580.4 1983.7 0 0 0 0 0 0 0 0 0
97.5 389.6 1975.4 0 0 0 0 0 0 0 0 0
-85.0 -879.7 2157.1 0 0 0 0 0 0 0 0 0
127.4 -915.9 2145.8 0 0 0 0 0 0 0 0 0
53.5 470.1 2065.7 3 0.9723508358 -0.0447781608 0.2291916162 0.0449658707 0.9989787936 0.0044060545 -0.2291548550 0.0060215699 0.9733713269
64.4 227.1 2064.2 0.9723508358 -0.0447781608 0.2291916162 0.0449658707 0.9989787936 0.0044060545 -0.2291548550 0.0060215699 0.9733713269
37.8 39.7 2107.2 0.9615963697 0.1372580826 0.2376818508 -0.1834832579 0.9655042291 0.1847578138 -0.2041233182 -0.2212730795 0.9536099434
-66.9 252.2 2092.1 0.4910484254 0.1142839715 -0.8636032939 -0.8494285941 0.2827272117 -0.4455742538 0.1932421476 0.9523678422 0.2359088212
-207.2 494.8 2036.9 -0.9201425910 0.1142839715 -0.3745354712 -0.3312915862 0.2827272117 0.9001728892 0.2087666988 0.9523678422 -0.2222880274
195.8 202.0 2036.4 -0.2537414134 0.8401554227 0.4793268144 -0.5472099185 0.2839403152 -0.7873621583 -0.7976067662 -0.4620787799 0.3876939714
159.0 122.7 1920.9 -0.2198876441 0.8401554227 -0.4957704544 0.9571670890 0.2839403152 0.0566487573 0.1883629858 -0.4620787799 -0.8666040301
-70.6 -132.1 2161.4 0.9629110694 -0.0240158942 -0.2687480450 -0.0256508105 0.9833720326 -0.1797818094 0.2685969174 0.1800075024 0.9462837577
-61.2 -513.7 2091.5 0.9629105926 0.0739597306 -0.2594862878 -0.0256570317 0.9824393988 0.1848094761 0.2685979903 -0.1712973565 0.9478989244
102.7 -161.8 2126.8 0.6639286280 0.0257805604 0.7473514080 0.0571428947 0.9947342873 -0.0850786045 -0.7456094623 0.0991919413 0.6589594483
92.7 -547.9 2088.3 0.6790901423 -0.0986816436 0.7273916006 -0.0522363111 0.9819139242 0.1819790602 -0.7321939468 -0.1615764350 0.6616532803
29.9 580.1 1983.1 0 0 0 0 0 0 0 0 0
97.6 390.0 1973.5 0 0 0 0 0 0 0 0 0
-88.8 -880.2 2155.4 0 0 0 0 0 0 0 0 0
129.5 -914.3 2148.6 0 0 0 0 0 0 0 0 0
52.4 469.7 2065.3 4 0.9531903267 -0.0355959423 0.3002684414 0.0409743302 0.9990925193 -0.0116319135 -0.2995819151 0.0233907253 0.9537838101
61.0 227.6 2059.7 0.9531903267 -0.0355959423 0.3002684414 0.0409743302 0.9990925193 -0.0116319135 -0.2995819151 0.0233907253 0.9537838101
38.4 42.6 2112.5 0.9431698918 0.1187537909 0.3103677332 -0.1944449395 0.9546088576 0.2256393731 -0.2694842517 -0.2731657028 0.9234493971
-67.5 254.4 2096.3 0.4921476543 0.1157516912 -0.8627817035 -0.8451572061 0.3009978235 -0.4417121112 0.2085665017 0.9465737343 0.2459637523
-208.2 496.0 2036.7 -0.9238684177 0.1157516912 -0.3647858799 -0.3173603714 0.3009978235 0.8992678523 0.2138915360 0.9465737343 -0.2413473874
189.5 200.9 2023.0 -0.2301257551 0.8395249248 0.4921788275 -0.5883593559 0.2828271389 -0.7575236559 -0.7751615047 -0.4639037251 0.4288565814
158.9 122.7 1920.0 -0.2193414122 0.8395249248 -0.4970786572 0.9575854540 0.2828271389 0.0551266931 0.1868675798 -0.4639037251 -0.8659525514
-74.9 -131.2 2168.4 0.9807137251 -0.0306303147 -0.1930345744 -0.0123694250 0.9759367704 -0.2177025378 0.1950578392 0.2158915997 0.9567357302
-63.0 -509.7 2084.7 0.9801735282 0.0625509694 -0.1880085021 -0.0214703083 0.9768050909 0.2130513936 0.1969742328 -0.2047907412 0.9587814808
97.4 -164.1 2131.9 0.6055215001 0.0132295080 0.7957189679 0.0742937475 0.9945557117 -0.0730709508 -0.7923535705 0.1033629775 0.6012420058
92.2 -550.1 2091.8 0.6232430935 -0.1076255068 0.7745868564 -0.0457230061 0.9837753177 0.1734806895 -0.7806903720 -0.1435370892 0.6082102060
29.8 577.8 1981.6 0 0 0 0 0 0 0 0 0
97.7 390.1 1972.2 0 0 0 0 0 0 0 0 0
-86.3 -874.0 2161.0 0 0 0 0 0 0 0 0 0
132.4 -917.2 2145.3 0 0 0 0 0 0 0 0 0
55.5 468.0 2065.2 5 0.9354159832 -0.0136592723 0.3532851338 0.0248648748 0.9993207455 -0.0271990132 -0.3526736200 0.0342267826 0.9351202250
58.8 228.9 2057.0 0.9354159832 -0.0136592723 0.3532851338 0.0248648748 0.9993207455 -0.0271990132 -0.3526736200 0.0342267826 0.9351202250
40.1 45.5 2116.6 0.9256064892 0.0982227027 0.3655201495 -0.2008027136 0.9460583329 0.2542674541 -0.3208285272 -0.3087490499 0.8954010606
-67.3 256.5 2100.6 0.4936310351 0.1038453579 -0.8634492159 -0.8389818072 0.3182895184 -0.4413630366 0.2289933413 0.9422886372 0.2442419529
-208.0 495.7 2035.4 -0.9248784184 0.1038453579 -0.3658088446 -0.3175520599 0.3182895184 0.8932259083 0.2091904730 0.9422886372 -0.2614027858
184.9 201.3 2013.3 -0.0630285665 0.8117586970 0.5805817842 -0.8259022236 0.2841603756 -0.4869685769 -0.5602793097 -0.5101966858 0.6525231004
173.1 47.3 1908.9 -0.2113106251 0.8140953779 -0.5409219265 0.9611009359 0.2737658620 0.0365684293 0.1778561473 -0.5121532679 -0.8402774334
-68.5 -124.9 2189.4 0.9772046804 -0.0294846129 -0.2102420479 -0.0344378464 0.9551779032 -0.2940224111 0.2094877064 0.2945603430 0.9323889017
-57.1 -494.4 2075.4 0.9772046804 0.0876477286 -0.1933621913 -0.0344378464 0.9641795158 0.2630054951 0.2094877064 -0.2503512204 0.9452190995
100.0 -160.0 2141.3 0.5564341545 0.0205067266 0.8306385875 0.0994818583 0.9908599257 -0.0911038816 -0.8249147534 0.1333267838 0.5493083000
92.0 -544.5 2089.5 0.5823168159 -0.1064814627 0.8059583306 -0.0650680289 0.9820998311 0.1767655015 -0.8103538156 -0.1553756446 0.5649647117
30.3 577.5 1981.5 0 0 0 0 0 0 0 0 0
114.1 315.7 1958.5 0 0 0 0 0 0 0 0 0
-89.8 -853.6 2168.7 0 0 0 0 0 0 0 0 0
131.8 -911.0 2147.5 0 0 0 0 0 0 0 0 0
53.7 468.0 2065.1 6 0.9260510802 -0.0160680842 0.3770559728 0.0324250124 0.9987863898 -0.0370731056 -0.3760026693 0.0465576313 0.9254481792
57.6 225.5 2053.8 0.9260510802 -0.0160680842 0.3770559728 0.0324250124 0.9987863898 -0.0370731056 -0.3760026693 0.0465576313 0.9254481792
37.6 43.4 2117.4 0.9144763350 0.1046644151 0.3908688426 -0.2206946015 0.9386556745 0.2649895251 -0.3391562700 -0.3285892606 0.8814772367
-67.1 255.8 2100.0 0.4941274226 0.1029320136 -0.8632746339 -0.8386049867 0.3183273971 -0.4420512915 0.2293027341 0.9423760772 0.2436136007
-207.7 494.4 2034.7 -0.9251713157 0.1029320136 -0.3653258681 -0.3173221648 0.3183273971 0.8932940960 0.2082417905 0.9423760772 -0.2618447840
182.3 195.2 2007.6 0.0178521145 0.8054041862 0.5924570560 -0.8605437279 0.3140715063 -0.4010282159 -0.5090636611 -0.5026760101 0.6986923814
186.1 11.6 1898.9 -0.2339544147 0.8085933924 -0.5398537517 0.9527163506 0.3014035523 0.0385673419 0.1938991398 -0.5053045154 -0.8408748507
-61.2 -119.8 2204.9 0.9798561931 -0.0142794438 -0.1991932988 -0.0526230894 0.9437271357 -0.3265117705 0.1926465333 0.3304167390 0.9239653945
-55.7 -485.2 2077.0 0.9798561931 0.0971694514 -0.1744705439 -0.0526230894 0.9683973193 0.2437980324 0.1926465333 -0.2297058403 0.9540034533
104.1 -156.1 2147.7 0.5389026403 0.0359125510 0.8416022062 0.1092844829 0.9876665473 -0.1121234223 -0.8352490067 0.1523976624 0.5283313990
90.2 -539.3 2088.6 0.5660485625 -0.1201682016 0.8155664206 -0.0514540933 0.9822395444 0.1804383546 -0.8227645755 -0.1441011131 0.5498121381
30.7 576.1 1981.1 0 0 0 0 0 0 0 0 0
120.8 277.5 1953.1 0 0 0 0 0 0 0 0 0
-91.9 -846.3 2162.7 0 0 0 0 0 0 0 0 0
135.1 -905.9 2142.3 0 0 0 0 0 0 0 0 0
49.5 471.1 2065.0 7 0.9258590341 -0.0399109349 0.3757555187 0.0577569641 0.9976688623 -0.0363451950 -0.3734290302 0.0553530268 0.9260058403
59.4 223.8 2051.3 0.9258590341 -0.0399109349 0.3757555187 0.0577569641 0.9976688623 -0.0363451950 -0.3734290302 0.0553530268 0.9260058403
36.1 41.4 2113.0 0.9138618708 0.1206200942 0.3876947761 -0.2303239256 0.9403604269 0.2503461540 -0.3343760371 -0.3180771768 0.8871412277
-65.3 255.3 2096.9 0.4993951619 0.1107383966 -0.8592680097 -0.8377557397 0.3145323694 -0.4463571012 0.2208387107 0.9427652955 0.2498476803
-207.8 494.3 2033.9 -0.9253829122 0.1107383966 -0.3624961078 -0.3133596480 0.3145323694 0.8960329890 0.2132420093 0.9427652955 -0.2563619316
184.2 192.3 2005.7 0.0650308207 0.8123793602 0.5794918537 -0.8618973494 0.3383887112 -0.3776586652 -0.5028955936 -0.4749030173 0.7221933007
199.3 -9.0 1888.2 -0.2717026770 0.8105435967 -0.5188417435 0.9374637604 0.3447958827 0.0477229953 0.2175760567 -0.4734288752 -0.8535372019
-64.3 -118.8 2211.4 0.9796883464 -0.0240735374 -0.1990760118 -0.0484747365 0.9348922372 -0.3516058922 0.1945790052 0.3541143537 0.9147360325
-54.9 -481.1 2074.1 0.9796883464 0.0946755260 -0.1767691523 -0.0484747365 0.9671961069 0.2493629158 0.1945790052 -0.2357290983 0.9521400928
99.3 -158.5 2150.8 0.5473697782 0.0250084735 0.8365170956 0.1217285022 0.9865441322 -0.1091459617 -0.8279906511 0.1615711749 0.5369601846
89.6 -541.3 2088.1 0.5788184404 -0.1305488348 0.8049386144 -0.0490848944 0.9797343016 0.1941941977 -0.8139777780 -0.1519135088 0.5606803298
30.6 575.1 1979.0 0 0 0 0 0 0 0 0 0
123.6 252.4 1948.9 0 0 0 0 0 0 0 0 0
-90.3 -841.9 2162.1 0 0 0 0 0 0 0 0 0
138.3 -907.0 2144.8 0 0 0 0 0 0 0 0 0
45.8 481.4 2070.5 8 0.9281263351 -0.0531283431 0.3684548140 0.0767073929 0.9958174825 -0.0496343598 -0.3642767370 0.0743301585 0.9283196926
59.5 224.1 2051.3 0.9281263351 -0.0531283431 0.3684548140 0.0767073929 0.9958174825 -0.0496343598 -0.3642767370 0.0743301585 0.9283196926
37.1 41.0 2111.7 0.9184887409 0.1158807501 0.3780874312 -0.2210876495 0.9431926608 0.2480078340 -0.3278699517 -0.3113828599 0.8919315934
-65.9 254.3 2096.0 0.4950779974 0.1060545668 -0.8623515368 -0.8406206369 0.3094053864 -0.4445506036 0.2196696103 0.9449977279 0.2423314601
-207.8 495.1 2033.1 -0.9264990091 0.1060545668 -0.3610429168 -0.3143180311 0.3094053864 0.8974812031 0.2068905979 0.9449977279 -0.2533289194
184.9 193.8 2006.5 0.0875546113 0.8142997026 0.5738032460 -0.8717324138 0.3413962424 -0.3514700532 -0.4820962548 -0.4694300890 0.7397422791
206.6 -21.6 1887.4 -0.2906644940 0.8093488812 -0.5103611350 0.9331317544 0.3577404618 0.0358737856 0.2116112411 -0.4658069611 -0.8592115641
-68.9 -120.4 2204.6 0.9729725718 -0.0373304039 -0.2278833836 -0.0429343991 0.9403951764 -0.3373625875 0.2268943191 0.3380285800 0.9133759737
-54.4 -485.1 2073.5 0.9729725718 0.0995375738 -0.2083666623 -0.0429343991 0.9645734429 0.2602974474 0.2268943191 -0.2443161607 0.9427770376
94.7 -161.7 2144.7 0.5530996919 0.0102364458 0.8330522180 0.1038987935 0.9912706614 -0.0811635554 -0.8266110420 0.1314446628 0.5472079515
90.7 -546.3 2093.7 0.5738731027 -0.1231971085 0.8096247315 -0.0238833614 0.9856818318 0.1669158190 -0.8185958862 -0.1151250526 0.5627139211
30.9 576.1 1979.8 0 0 0 0 0 0 0 0 0
125.5 238.7 1946.4 0 0 0 0 0 0 0 0 0
-91.6 -845.1 2164.6 0 0 0 0 0 0 0 0 0
136.6 -914.0 2136.7 0 0 0 0 0 0 0 0 0
42.8 485.5 2068.2 9 0.9121456146 -0.0306522083 0.4087184966 0.0513944179 0.9978826046 -0.0398609005 -0.4066312611 0.0573647954 0.9117895961
50.9 223.7 2053.2 0.9121456146 -0.0306522083 0.4087184966 0.0513944179 0.9978826046 -0.0398609005 -0.4066312611 0.0573647954 0.9117895961
32.1 40.1 2113.1 0.9030711651 0.0970375240 0.4183851779 -0.2143218815 0.9460027218 0.2431973070 -0.3721942604 -0.3092935681 0.8751050830
-72.3 253.0 2104.0 0.4723243117 0.0995143279 -0.8757891655 -0.8464279175 0.3284114599 -0.4191726148 0.2459055185 0.9392778277 0.2393484265
-208.4 496.9 2033.1 -0.9310469031 0.0995143279 -0.3510676920 -0.3023158312 0.3284114599 0.8948469758 0.2043447495 0.9392778277 -0.2756817341
174.1 194.4 2002.4 0.1413319111 0.7858011723 0.6021144390 -0.8758290410 0.3827682137 -0.2939592600 -0.4614637792 -0.4858034849 0.7423248291
209.4 -24.1 1887.3 -0.3016364574 0.7906523943 -0.5328078270 0.9295426011 0.3681665659 0.0200969540 0.2120517343 -0.4892056286 -0.8459975719
-67.6 -122.2 2201.5 0.9826151133 -0.0249119010 -0.1839753836 -0.0374328420 0.9440198541 -0.3277580142 0.1818414927 0.3289467096 0.9266756177
-57.9 -488.4 2073.8 0.9826151133 0.0825562477 -0.1662889421 -0.0374328420 0.9653956890 0.2580891252 0.1818414927 -0.2473776042 0.9517026544
96.9 -161.8 2142.8 0.5132211447 0.0135282455 0.8581497669 0.1070224941 0.9910627604 -0.0796289295 -0.8515575528 0.1327085793 0.5071865916
91.7 -546.5 2091.2 0.5410151482 -0.1190121770 0.8325495124 -0.0593270399 0.9820699096 0.1789384335 -0.8389177322 -0.1462011039 0.5242540240
31.4 574.8 1980.4 0 0 0 0 0 0 0 0 0
125.2 235.3 1946.4 0 0 0 0 0 0 0 0 0
-88.7 -848.7 2166.1 0 0 0 0 0 0 0 0 0
136.0 -912.7 2145.8 0 0 0 0 0 0 0 0 0
41.6 485.3 2066.6 0 0.9113678336 -0.0287189055 0.4105897546 0.0464389324 0.9983676672 -0.0332471058 -0.4089647233 0.0493676923 0.9112138748
49.1 224.9 2053.7 0.9113678336 -0.0287189055 0.4105897546 0.0464389324 0.9983676672 -0.0332471058 -0.4089647233 0.0493676923 0.9112138748
35.0 40.7 2113.0 0.9059740901 0.0729168132 0.4170061350 -0.1912469715 0.9493009448 0.2495042384 -0.3776712418 -0.3057955205 0.8739871383
-74.5 251.0 2105.3 0.4641105831 0.0939913318 -0.8807763457 -0.8477226496 0.3354566693 -0.4108954966 0.2568416893 0.9373550415 0.2353675663
-208.3 495.5 2031.2 -0.9286086559 0.0939913318 -0.3589590192 -0.3099310398 0.3354566693 0.8896131516 0.2040311247 0.9373550415 -0.2823771536
172.8 198.8 2002.2 0.1433529407 0.7754044533 0.6149779558 -0.8699235320 0.3950191140 -0.2952845097 -0.4718929529 -0.4926538765 0.7311697602
209.4 -23.3 1881.7 -0.3032162189 0.7799685001 -0.5474569201 0.9238601923 0.3814139366 0.0317128897 0.2335427403 -0.4961577952 -0.8362327814
-67.5 -124.3 2206.3 0.9775599837 -0.0297575314 -0.2085448653 -0.0422899574 0.9420965910 -0.3326643407 0.2063686699 0.3340187073 0.9196974635
-56.0 -489.9 2076.7 0.9775599837 0.0919276774 -0.1895409524 -0.0422899574 0.9670822024 0.2509254515 0.2063686699 -0.2372789979 0.9492684603
94.1 -162.7 2139.8 0.5061244965 0.0089401202 0.8624141216 0.0984081700 0.9928171039 -0.0680446774 -0.8568277955 0.1193076670 0.5016092658
90.6 -548.0 2093.4 0.5309864283 -0.1383541077 0.8360093236 -0.0405870788 0.9812961817 0.1881767809 -0.8464077711 -0.1338504851 0.5154395700
30.9 575.3 1978.7 0 0 0 0 0 0 0 0 0
124.8 234.5 1946.8 0 0 0 0 0 0 0 0 0
-90.3 -850.8 2165.3 0 0 0 0 0 0 0 0 0
142.2 -914.1 2143.4 0 0 0 0 0 0 0 0 0
39.1 482.2 2062.8 1 0.9051125050 -0.0077482201 0.4251015186 0.0194868445 0.9995391965 -0.0232724100 -0.4247253239 0.0293480363 0.9048464298
41.1 224.9 2055.2 0.9051125050 -0.0077482201 0.4251015186 0.0194868445 0.9995391965 -0.0232724100 -0.4247253239 0.0293480363 0.9048464298
32.6 40.9 2116.2 0.9015622139 0.0436475724 0.4304421842 -0.1731334329 0.9481621981 0.2664831579 -0.3964976668 -0.3147750795 0.8623840809
-82.0 248.5 2109.4 0.4370407164 0.0892396122 -0.8950037360 -0.8568115830 0.3440194130 -0.3840893209 0.2736226618 0.9347122312 0.2268120199
-208.1 495.7 2030.5 -0.9289631248 0.0892396122 -0.3592544496 -0.3097469509 0.3440194130 0.8864014149 0.2026926130 0.9347122312 -0.2919396460
164.1 201.2 2001.1 0.1728757322 0.7515762448 0.6365902424 -0.8646351695 0.4253458679 -0.2673704624 -0.4717203081 -0.5041964650 0.7233712077
208.3 -19.8 1880.5 -0.3037873507 0.7648325562 -0.5681059957 0.9214301109 0.3874666095 0.0289176200 0.2422392368 -0.5146851540 -0.8224471807
-60.2 -126.4 2206.1 0.9842104912 -0.0096492730 -0.1767386496 -0.0480135903 0.9465204477 -0.3190513849 0.1703653634 0.3224996030 0.9311120510
-56.5 -493.7 2081.0 0.9842104912 0.0848985836 -0.1553122401 -0.0480135903 0.9726166129 0.2274018973 0.1703653634 -0.2163542360 0.9613357782
102.0 -160.6 2138.5 0.4842869639 0.0312298555 0.8743516803 0.0938210338 0.9917463660 -0.0873886347 -0.8698642254 0.1243537515 0.4773598015
89.8 -545.5 2090.2 0.5122429132 -0.1391539127 0.8474923968 -0.0594744161 0.9786702394 0.1966402680 -0.8567788601 -0.1511317044 0.4930407703
31.3 575.5 1978.2 0 0 0 0 0 0 0 0 0
123.5 237.4 1948.1 0 0 0 0 0 0 0 0 0
-88.2 -856.6 2161.7 0 0 0 0 0 0 0 0 0
141.8 -910.7 2146.6 0 0 0 0 0 0 0 0 0
41.8 483.5 2063.9 2 0.9216058850 -0.0230434854 0.3874423802 0.0332382284 0.9992546439 -0.0196319185 -0.3867011964 0.0309707895 0.9216848612
47.7 226.6 2055.9 0.9216058850 -0.0230434854 0.3874423802 0.0332382284 0.9992546439 -0.0196319185 -0.3867011964 0.0309707895 0.9216848612
31.3 41.7 2111.6 0.9144531488 0.0855885223 0.3955376148 -0.1901015043 0.9536814094 0.2331377119 -0.3572629392 -0.2883858085 0.8883674741
-77.0 252.7 2104.7 0.4567464888 0.0742297173 -0.8864945173 -0.8466452956 0.3421751559 -0.4075633883 0.2730830908 0.9366995692 0.2191335559
-206.8 493.4 2027.1 -0.9275520444 0.0742297173 -0.3662473261 -0.3212745488 0.3421751559 0.8830055594 0.1908659935 0.9366995692 -0.2935371697
172.5 200.6 2007.1 0.1177076772 0.7917329073 0.5994195938 -0.8572491407 0.3857029974 -0.3411115706 -0.5012671947 -0.4737004936 0.7241125703
202.4 -17.7 1879.5 -0.2789076567 0.7972930074 -0.5352890491 0.9276788831 0.3677776754 0.0644321591 0.2482386678 -0.4786057174 -0.8422079086
-56.5 -127.5 2212.8 0.9911109209 0.0031929284 -0.1329997480 -0.0488472879 0.9386205673 -0.3414753377 0.1237459928 0.3449366093 0.9304330349
-57.7 -491.7 2078.9 0.9911109209 0.0743873715 -0.1102979928 -0.0488472879 0.9746387601 0.2183877528 0.1237459928 -0.2110587358 0.9696087837
104.9 -158.5 2141.7 0.5279030204 0.0402349383 0.8483510613 0.0920214579 0.9902870655 -0.1042287201 -0.8443046808 0.1330891550 0.5190730691
89.3 -542.9 2090.1 0.5512272120 -0.1396832615 0.8225795627 -0.0380469933 0.9806528687 0.1920219362 -0.8334872723 -0.1371444017 0.5352479815
32.1 576.1 1977.9 0 0 0 0 0 0 0 0 0
124.6 241.3 1948.8 0 0 0 0 0 0 0 0 0
-85.5 -855.5 2157.7 0 0 0 0 0 0 0 0 0
141.4 -908.9 2141.3 0 0 0 0 0 0 0 0 0
42.2 484.1 2064.9 3 0.9322113991 -0.0278793201 0.3608388305 0.0345351174 0.9993313551 -0.0120091094 -0.3602627516 0.0236566402 0.9325508475
49.3 231.5 2058.9 0.9322113991 -0.0278793201 0.3608388305 0.0345351174 0.9993313551 -0.0120091094 -0.3602627516 0.0236566402 0.9325508475
32.7 45.2 2110.3 0.9260039926 0.0858688653 0.3676182032 -0.1752301008 0.9602961540 0.2170845419 -0.3343815506 -0.2654389441 0.9042848945
-77.1 255.5 2104.6 0.4633752704 0.0772689506 -0.8827869892 -0.8446930647 0.3396904171 -0.4136472046 0.2679122090 0.9373579621 0.2226727009
-207.5 493.3 2029.2 -0.9231755137 0.0772689506 -0.3765322268 -0.3306887746 0.3396904171 0.8804858327 0.1959386170 0.9373579621 -0.2880418897
175.6 207.5 2013.3 0.0953766331 0.8073308468 0.5823403001 -0.8591260910 0.3622478545 -0.3614953160 -0.5027978420 -0.4658255279 0.7281489372
200.6 -17.6 1881.6 -0.2656939328 0.8103373051 -0.5222644806 0.9333346486 0.3518846035 0.0711590871 0.2414396852 -0.4685409963 -0.8498095274
-67.0 -126.1 2199.4 0.9802067876 -0.0239976496 -0.1965166032 -0.0389821939 0.9497984648 -0.3104243577 0.1941006184 0.3119406998 0.9300634265
-57.7 -494.4 2078.4 0.9802067876 0.0811882988 -0.1805633456 -0.0389821939 0.9733394980 0.2260323763 0.1941006184 -0.2145197093 0.9572388530
