17.3 466.2 2152.3 9 0.9993736148 0.0308084842 0.0174144022 -0.0320639461 0.9965059757 0.0771213472 -0.0149775650 -0.0776314139 0.9968696237
11.1 265.2 2167.9 0.9993736148 0.0308084842 0.0174144022 -0.0320639461 0.9965059757 0.0771213472 -0.0149775650 -0.0776314139 0.9968696237
4.5 69.9 2181.6 0.9992970824 0.0333277211 0.0171627421 -0.0344413519 0.9970012307 0.0692991391 -0.0148016922 -0.0698415413 0.9974482656
-131.3 270.1 2170.0 0.2042391300 -0.9743422270 0.0945703462 0.9542477131 0.2197131813 0.2028237432 -0.2183980942 0.0488189831 0.9746378660
-190.7 -7.5 2233.6 0.1966295093 -0.9743422270 -0.1095171571 0.7254078388 0.2197131813 -0.6523109674 0.6596364975 0.0488189831 0.7499976158
153.5 260.3 2165.8 0.3896547258 0.9149872065 -0.1047265381 -0.9198634028 0.3922159374 0.0042342721 0.0449497215 0.0946842059 0.9944920540
251.1 29.7 2177.1 0.1381969899 0.9149872065 0.3790778816 -0.0841680169 0.3922159374 -0.9160144329 -0.9868218303 0.0946842059 0.1312157214
-89.1 -121.4 2195.3 0.8633751273 -0.0089719743 0.5044828057 -0.0104495371 0.9993094802 0.0356556214 -0.5044543743 -0.0360557884 0.8626852036
-85.6 -512.9 2209.4 0.8527838588 0.1729916781 0.4927814901 -0.0841098800 0.9767235518 -0.1973237544 -0.5154466629 0.1268267184 0.8474843502
91.5 -126.0 2193.0 0.9962208271 -0.0213631894 0.0841882378 0.0286067780 0.9959019423 -0.0857961476 -0.0820103437 0.0878802612 0.9927493930
99.9 -516.1 2158.5 0.9963583946 -0.0138527453 0.0841314048 0.0208741575 0.9963175058 -0.0831604898 -0.0826695934 0.0846138224 0.9929784536
-246.9 -214.6 2045.2 0 0 0 0 0 0 0 0 0
285.8 8.6 1929.8 0 0 0 0 0 0 0 0 0
-150.7 -880.6 2161.7 0 0 0 0 0 0 0 0 0
105.1 -891.1 2126.7 0 0 0 0 0 0 0 0 0
18.6 465.6 2150.3 0 0.9992928505 0.0370524563 0.0063990825 -0.0374522023 0.9959431291 0.0818208084 -0.0033414604 -0.0820026025 0.9966264963
11.1 264.7 2166.8 0.9992928505 0.0370524563 0.0063990825 -0.0374522023 0.9959431291 0.0818208084 -0.0033414604 -0.0820026025 0.9966264963
3.2 69.5 2181.5 0.9991696477 0.0402797833 0.0061290748 -0.0406259820 0.9963657856 0.0748646036 -0.0030912706 -0.0750514343 0.9971748590
-131.3 270.4 2167.3 0.2039254904 -0.9747789502 0.0906663984 0.9541505575 0.2186262310 0.2044486552 -0.2191143036 0.0448171049 0.9746693373
-190.5 -6.8 2230.9 0.1836226434 -0.9747789502 -0.1268413663 0.6715570092 0.2186262310 -0.7079645395 0.7178397775 0.0448171049 0.6947643757
153.5 258.9 2166.4 0.4181843102 0.9064837694 -0.0583869703 -0.9082438946 0.4183026254 -0.0107697435 0.0146608250 0.0575333461 0.9982359409
252.3 44.2 2169.9 0.0738350302 0.9064837694 0.4157349467 -0.0228758994 0.4183026254 -0.9080196023 -0.9970080853 0.0575333461 0.0516220182
-92.3 -122.2 2196.6 0.8689930439 -0.0079152891 0.4947609901 -0.0108486898 0.9993269444 0.0350419655 -0.4947053790 -0.0358187333 0.8683223128
-89.2 -513.7 2210.7 0.8616954684 0.1514391005 0.4843006134 -0.0674683005 0.9801461101 -0.1864447743 -0.5029203892 0.1279836893 0.8548048139
88.3 -128.4 2194.0 0.9969951510 -0.0263521392 0.0728435740 0.0341944695 0.9934970140 -0.1086018905 -0.0695079863 0.1107664034 0.9914128780
98.6 -517.5 2150.6 0.9972825050 -0.0209316090 0.0706365332 0.0233076699 0.9991841316 -0.0329829343 -0.0698885173 0.0345396772 0.9969566464
-242.9 -198.2 2026.4 0 0 0 0 0 0 0 0 0
271.1 38.4 1916.6 0 0 0 0 0 0 0 0 0
-146.2 -882.7 2162.5 0 0 0 0 0 0 0 0 0
106.5 -893.2 2137.6 0 0 0 0 0 0 0 0 0
20.6 466.0 2150.8 1 0.9988189936 0.0485656671 0.0013935247 -0.0485151261 0.9954138398 0.0824471191 0.0026169654 -0.0824173614 0.9965944886
10.7 263.7 2167.5 0.9988189936 0.0485656671 0.0013935247 -0.0485151261 0.9954138398 0.0824471191 0.0026169654 -0.0824173614 0.9965944886
1.1 68.6 2182.6 0.9988145828 0.0486634821 0.0011250307 -0.0486056954 0.9958496094 0.0769483373 0.0026242125 -0.0769117996 0.9970344305
-131.7 270.6 2167.1 0.2015566081 -0.9757764339 0.0850602463 0.9557015300 0.2149390131 0.2010864615 -0.2144981921 0.0407619029 0.9758734703
-189.5 -3.6 2228.7 0.1697122753 -0.9757764339 -0.1380509138 0.6261336207 0.2149390131 -0.7495051026 0.7610219717 0.0407619029 0.6474442482
153.0 256.7 2167.9 0.4098364711 0.9104789495 -0.0553363599 -0.9116798639 0.4069006741 -0.0571984053 -0.0295615420 0.0738910362 0.9968280792
243.4 55.7 2161.4 0.0439527594 0.9104789495 0.4112130702 0.0824518874 0.4069006741 -0.9097436666 -0.9956253767 0.0738910362 -0.0571863018
-95.0 -121.9 2196.5 0.8715416789 -0.0142463408 0.4901144803 -0.0041867672 0.9993251562 0.0364928395 -0.4903036058 -0.0338570252 0.8708938360
-89.4 -513.4 2209.7 0.8629555702 0.1533542126 0.4814459682 -0.0726687238 0.9805923104 -0.1820933074 -0.5000270009 0.1221523732 0.8573516011
85.6 -129.3 2195.9 0.9972284436 -0.0341778994 0.0660853535 0.0403987654 0.9946368337 -0.0952132642 -0.0624767393 0.0976191461 0.9932608604
99.0 -518.8 2157.7 0.9975870848 -0.0229057837 0.0655386969 0.0281043537 0.9964361191 -0.0795314908 -0.0634833947 0.0811815113 0.9946755171
-237.7 -181.3 2012.7 0 0 0 0 0 0 0 0 0
254.6 76.8 1907.2 0 0 0 0 0 0 0 0 0
-147.2 -882.7 2163.7 0 0 0 0 0 0 0 0 0
107.6 -893.4 2127.2 0 0 0 0 0 0 0 0 0
21.2 466.8 2156.0 2 0.9988757968 0.0473690741 0.0018310942 -0.0473845527 0.9965922236 0.0675172955 0.0013733775 -0.0675281584 0.9977164268
11.6 264.3 2169.7 0.9988757968 0.0473690741 0.0018310942 -0.0473845527 0.9965922236 0.0675172955 0.0013733775 -0.0675281584 0.9977164268
2.1 69.1 2181.9 0.9988297224 0.0483392067 0.0015718363 -0.0483434424 0.9968973398 0.0621172637 0.0014357398 -0.0621205606 0.9980676174
-130.7 271.2 2169.5 0.2051191032 -0.9755884409 0.0784432441 0.9581366181 0.2165131122 0.1873401701 -0.1997509003 0.0367322974 0.9791579843
-189.0 -1.2 2226.3 0.1576740146 -0.9755884409 -0.1528597176 0.5741622448 0.2165131122 -0.7895947099 0.8034155965 0.0367322974 0.5942845345
154.0 257.4 2170.0 0.3839411736 0.9222912192 -0.0443633161 -0.9200829268 0.3780949712 -0.1024283394 -0.0776952133 0.0801443830 0.9937506318
238.3 55.5 2152.9 -0.0087987464 0.9222912192 0.3863955140 0.2278479189 0.3780949712 -0.8972901106 -0.9736569524 0.0801443830 -0.2134688944
-98.7 -122.0 2197.4 0.8711526990 -0.0253795385 0.4903559089 0.0113412263 0.9994369149 0.0315797292 -0.4908812642 -0.0219495278 0.8709499240
-88.7 -513.5 2206.0 0.8606994152 0.1526482254 0.4856902659 -0.0802252516 0.9827389121 -0.1666978598 -0.5027528405 0.1045121253 0.8580890298
81.9 -130.8 2197.9 0.9969493151 -0.0408806019 0.0664897859 0.0478943549 0.9930436611 -0.1075656861 -0.0616299100 0.1104220152 0.9919721484
97.9 -519.7 2154.6 0.9975357652 -0.0288117006 0.0639709085 0.0319749191 0.9982874393 -0.0489873514 -0.0624499433 0.0509121008 0.9967486858
-233.9 -164.4 1997.9 0 0 0 0 0 0 0 0 0
236.0 113.6 1904.3 0 0 0 0 0 0 0 0 0
-146.2 -883.5 2166.6 0 0 0 0 0 0 0 0 0
108.7 -895.2 2135.5 0 0 0 0 0 0 0 0 0
21.8 467.0 2159.2 3 0.9989295602 0.0460235998 -0.0046438067 -0.0456386991 0.9969550967 0.0632273257 0.0075396160 -0.0629477128 0.9979883432
12.5 265.4 2171.9 0.9989295602 0.0460235998 -0.0046438067 -0.0456386991 0.9969550967 0.0632273257 0.0075396160 -0.0629477128 0.9979883432
3.4 70.1 2182.9 0.9988939762 0.0467572622 -0.0049527814 -0.0464029573 0.9973188043 0.0565860905 0.0075853127 -0.0562936813 0.9983854294
-129.9 272.0 2170.8 0.2038596421 -0.9765022993 0.0698889792 0.9624093175 0.2129804492 0.1685457975 -0.1794703454 0.0329021178 0.9832130075
-187.2 1.0 2221.3 0.1426073015 -0.9765022993 -0.1615746766 0.5241396427 0.2129804492 -0.8245707750 0.8396074772 0.0329021178 0.5421961546
154.9 258.8 2173.0 0.3588370979 0.9331785440 -0.0203399006 -0.9192107916 0.3495129943 -0.1813621968 -0.1621342450 0.0837761387 0.9832059741
233.8 56.5 2137.3 -0.0562657528 0.9331785440 0.3549816012 0.3722816408 0.3495129943 -0.8597947955 -0.9264127016 0.0837761387 -0.3670708835
-97.6 -121.8 2193.9 0.8746260405 -0.0237034503 0.4842183590 0.0013517985 0.9989193678 0.0464573801 -0.4847962856 -0.0399782695 0.8737129569
-88.3 -513.0 2209.6 0.8655164838 0.1533912718 0.4768147767 -0.0728627294 0.9803850055 -0.1831289828 -0.4955524504 0.1237591207 0.8597158790
83.0 -130.5 2194.2 0.9974562526 -0.0397551022 0.0591659136 0.0447102375 0.9953833222 -0.0849295855 -0.0555163808 0.0873588622 0.9946287274
98.5 -520.3 2160.0 0.9979575276 -0.0243077241 0.0590759329 0.0291580912 0.9961494803 -0.0826801881 -0.0568386912 0.0842338577 0.9948236346
-227.7 -147.7 1983.0 0 0 0 0 0 0 0 0 0
219.6 150.9 1902.4 0 0 0 0 0 0 0 0 0
-146.1 -882.1 2163.0 0 0 0 0 0 0 0 0 0
107.7 -895.0 2128.3 0 0 0 0 0 0 0 0 0
21.2 467.1 2160.7 4 0.9990119934 0.0442031771 -0.0045999675 -0.0438367426 0.9971389174 0.0615820549 0.0073089288 -0.0613195598 0.9980913997
12.3 265.9 2173.1 0.9990119934 0.0442031771 -0.0045999675 -0.0438367426 0.9971389174 0.0615820549 0.0073089288 -0.0613195598 0.9980913997
3.3 70.5 2183.6 0.9989420772 0.0457202643 -0.0049417303 -0.0453875251 0.9975088239 0.0540012009 0.0073983688 -0.0537197776 0.9985286593
-130.1 272.4 2172.0 0.2015160620 -0.9787387848 0.0382312909 0.9656687975 0.2050548941 0.1594874263 -0.1639360487 0.0047794874 0.9864593744
-186.6 1.5 2218.0 0.1037565172 -0.9787387848 -0.1769320220 0.4748662114 0.2050548941 -0.8558356166 0.8739202619 0.0047794874 0.4860457778
154.7 259.4 2174.1 0.3478612304 0.9371678233 0.0266273711 -0.9038603902 0.3427720964 -0.2560149431 -0.2490561008 0.0649902448 0.9663060308
232.2 58.0 2118.6 -0.1233215034 0.9371678233 0.3263560236 0.4997282028 0.3427720964 -0.7954741120 -0.8573584557 0.0649902448 -0.5106003284
-96.1 -121.1 2193.2 0.8745293617 -0.0241603442 0.4843703806 0.0060027493 0.9992210865 0.0390030928 -0.4849354327 -0.0312017966 0.8739931583
-86.6 -512.4 2205.5 0.8620770574 0.1636172086 0.4796379805 -0.0982166901 0.9824444056 -0.1586080641 -0.4971686602 0.0896239132 0.8630126715
84.5 -129.5 2194.6 0.9975950122 -0.0353854261 0.0595990233 0.0409358293 0.9946693778 -0.0946421623 -0.0559323691 0.0968542844 0.9937257171
98.3 -519.0 2156.7 0.9978150725 -0.0300049242 0.0588627271 0.0343514197 0.9966459274 -0.0742758662 -0.0564366542 0.0761355981 0.9954990149
-216.1 -133.4 1969.8 0 0 0 0 0 0 0 0 0
201.4 182.7 1904.7 0 0 0 0 0 0 0 0 0
-148.2 -882.2 2171.7 0 0 0 0 0 0 0 0 0
109.6 -894.1 2128.0 0 0 0 0 0 0 0 0 0
20.4 466.9 2161.0 5 0.9989652038 0.0443111658 0.0102467807 -0.0448757447 0.9969583154 0.0637200922 -0.0073921024 -0.0641139820 0.9979152083
11.5 266.0 2173.9 0.9989652038 0.0443111658 0.0102467807 -0.0448757447 0.9969583154 0.0637200922 -0.0073921024 -0.0641139820 0.9979152083
2.7 70.6 2184.8 0.9989403486 0.0449539237 0.0098642725 -0.0454313532 0.9974426627 0.0551739074 -0.0073587620 -0.0555635914 0.9984280467
-130.9 272.5 2175.0 0.1973541975 -0.9798038602 0.0321832113 0.9676480889 0.1999595910 0.1538613141 -0.1571892500 0.0007768449 0.9875681996
-186.4 0.5 2219.1 0.0821596980 -0.9798038602 -0.1823025644 0.3990353048 0.1999595910 -0.8948670030 0.9132472873 0.0007768449 0.4074049592
153.8 259.5 2172.9 0.3175450563 0.9461784959 0.0625412911 -0.9016218185 0.3217015266 -0.2891127467 -0.2936719060 0.0354177356 0.9552499056
224.2 59.7 2107.8 -0.1663627177 0.9461784959 0.2776143551 0.5773105025 0.3217015266 -0.7504803538 -0.7993972898 0.0354177356 -0.5997579098
-95.9 -120.7 2193.5 0.8671564460 -0.0272682440 0.4972887635 0.0087655494 0.9991809726 0.0395038240 -0.4979586899 -0.0298969857 0.8666852713
-85.2 -512.1 2205.2 0.8538681269 0.1701626778 0.4918881059 -0.0964776427 0.9804159999 -0.1716874540 -0.5114697814 0.0991422310 0.8535628319
84.7 -128.9 2194.8 0.9966534376 -0.0342783183 0.0742086470 0.0409393050 0.9950832129 -0.0901851878 -0.0707523823 0.0929214284 0.9931564331
98.1 -518.7 2158.4 0.9967868328 -0.0304148514 0.0741010904 0.0368492119 0.9955201745 -0.0870730802 -0.0711208209 0.0895238668 0.9934421778
-209.5 -111.6 1962.6 0 0 0 0 0 0 0 0 0
182.6 204.0 1908.0 0 0 0 0 0 0 0 0 0
-149.3 -881.2 2167.8 0 0 0 0 0 0 0 0 0
109.6 -893.5 2124.7 0 0 0 0 0 0 0 0 0
20.7 466.7 2161.6 6 0.9985288382 0.0482343435 0.0247711763 -0.0496976636 0.9968183041 0.0623174235 -0.0216865204 -0.0634568110 0.9977489114
11.0 265.9 2174.4 0.9985288382 0.0482343435 0.0247711763 -0.0496976636 0.9968183041 0.0623174235 -0.0216865204 -0.0634568110 0.9977489114
1.3 70.6 2185.2 0.9984725714 0.0495945215 0.0243490282 -0.0508442000 0.9972611666 0.0537126362 -0.0216184873 -0.0548686013 0.9982595444
-131.3 273.1 2177.5 0.2004615664 -0.9792549610 0.0295782797 0.9666804075 0.2026130408 0.1564512253 -0.1591985822 -0.0027697156 0.9872426987
-187.6 1.6 2222.2 0.0636090934 -0.9792549610 -0.1923891902 0.3203512728 0.2026130408 -0.9253772497 0.9451608062 -0.0027697156 0.3265936077
153.3 258.6 2171.3 0.2966169119 0.9468904138 0.1241649091 -0.8944447041 0.3210112751 -0.3113205433 -0.3346447945 -0.0187157020 0.9421584606
218.1 63.3 2098.3 -0.2267894894 0.9468904138 0.2279584259 0.6254354715 0.3210112751 -0.7111836672 -0.7465902567 -0.0187157020 -0.6650208235
-96.4 -120.6 2196.3 0.8597230315 -0.0302064940 0.5098665357 0.0164189450 0.9993681908 0.0315213166 -0.5104965568 -0.0187281296 0.8596758246
-84.6 -512.0 2203.7 0.8461123109 0.1701266766 0.5051246285 -0.0923654810 0.9801548123 -0.1754000932 -0.5249405503 0.1017521024 0.8450348973
84.1 -128.8 2195.0 0.9954143167 -0.0379408561 0.0878113061 0.0460084118 0.9947183132 -0.0917531997 -0.0838663206 0.0953725055 0.9919024706
99.0 -518.5 2157.7 0.9960457683 -0.0140693607 0.0877202004 0.0219360422 0.9957568049 -0.0893709809 -0.0860905945 0.0909418240 0.9921280146
-205.3 -87.7 1959.0 0 0 0 0 0 0 0 0 0
161.0 220.7 1910.4 0 0 0 0 0 0 0 0 0
-148.7 -881.1 2165.4 0 0 0 0 0 0 0 0 0
104.3 -893.4 2123.4 0 0 0 0 0 0 0 0 0
20.0 465.6 2162.5 7 0.9984094501 0.0443118028 0.0348568410 -0.0462950543 0.9972243309 0.0583131388 -0.0321761295 -0.0598340891 0.9976896048
11.1 265.0 2174.5 0.9984094501 0.0443118028 0.0348568410 -0.0462950543 0.9972243309 0.0583131388 -0.0321761295 -0.0598340891 0.9976896048
2.3 69.6 2184.6 0.9983934760 0.0449568965 0.0344861373 -0.0466518439 0.9976575971 0.0500290059 -0.0321562067 -0.0515574738 0.9981521964
-131.2 271.7 2179.1 0.2159412503 -0.9763093591 0.0137617579 0.9647819400 0.2155175805 0.1508242935 -0.1502170712 -0.0192920901 0.9884647727
-191.1 4.0 2220.7 0.0329141468 -0.9763093591 -0.2138613313 0.2360391915 0.2155175805 -0.9475429654 0.9711859822 -0.0192920901 0.2375408560
153.3 258.4 2169.9 0.2728940248 0.9464413524 0.1725619286 -0.8909616470 0.3162985146 -0.3257953823 -0.3629272878 -0.0648384467 0.9295589328
213.0 63.6 2090.5 -0.2709827423 0.9464413524 0.1755480617 0.6689631343 0.3162985146 -0.6726392508 -0.6921392083 -0.0648384467 -0.7188458443
-98.7 -120.2 2197.9 0.8544377089 -0.0232166220 0.5190348625 0.0173263382 0.9997187257 0.0161950886 -0.5192648768 -0.0048447205 0.8545996547
-89.6 -511.7 2199.8 0.8435664773 0.1457602531 0.5168651342 -0.0910156667 0.9873418212 -0.1298934966 -0.5292558670 0.0625309721 0.8461548686
81.8 -129.4 2194.0 0.9941368103 -0.0451911576 0.0982330516 0.0540662184 0.9945049286 -0.0896479487 -0.0936419591 0.0944334194 0.9911172986
99.5 -518.9 2157.0 0.9951218963 -0.0145026837 0.0975809693 0.0219328273 0.9969040155 -0.0755070671 -0.0961838067 0.0772789642 0.9923591018
-200.2 -61.4 1951.5 0 0 0 0 0 0 0 0 0
144.2 233.4 1914.8 0 0 0 0 0 0 0 0 0
-144.4 -883.2 2176.3 0 0 0 0 0 0 0 0 0
105.0 -894.3 2127.9 0 0 0 0 0 0 0 0 0
20.5 464.1 2162.4 8 0.9948223233 0.0473377816 0.0899317563 -0.0522380732 0.9972304702 0.0529392846 -0.0871766582 -0.0573630407 0.9945399761
11.0 263.8 2173.9 0.9948223233 0.0473377816 0.0899317563 -0.0522380732 0.9972304702 0.0529392846 -0.0871766582 -0.0573630407 0.9945399761
1.4 68.4 2183.5 0.9947941899 0.0487038158 0.0895121992 -0.0528217405 0.9976242185 0.0442247503 -0.0871456191 -0.0487227142 0.9950034022
-130.6 271.3 2186.3 0.2230158001 -0.9747928381 0.0065495982 0.9665504694 0.2219931334 0.1284495741 -0.1266656816 -0.0223157667 0.9916943908
-190.2 12.8 2220.2 0.0134962993 -0.9747928381 -0.2227033824 0.1585079730 0.2219931334 -0.9620780945 0.9872654676 -0.0223157667 0.1575085223
152.5 256.3 2161.5 0.2565464377 0.9396432638 0.2263943851 -0.8964619637 0.3188879788 -0.3076791167 -0.3613030612 -0.1240199655 0.9241640568
207.8 63.3 2083.7 -0.3204449713 0.9396432638 0.1199396402 0.6931167841 0.3188879788 -0.6464515328 -0.6456811428 -0.1240199655 -0.7534685731
-96.8 -121.6 2197.6 0.8249251246 -0.0163630974 0.5650051236 0.0053125396 0.9997611642 0.0211975798 -0.5652170777 -0.0144848041 0.8248150349
-90.4 -513.1 2203.3 0.8161044121 0.1485810876 0.5584775805 -0.0684364960 0.9844315052 -0.1618983150 -0.5738379955 0.0939056799 0.8135672808
83.7 -130.0 2191.8 0.9875529408 -0.0446262062 0.1508234143 0.0556547269 0.9960137010 -0.0697085336 -0.1471113563 0.0772349015 0.9860998988
101.2 -520.1 2161.5 0.9883198142 -0.0002626366 0.1523937434 0.0167760607 0.9941083789 -0.1070846096 -0.1514677703 0.1083904058 0.9825013876
-194.0 -31.1 1946.8 0 0 0 0 0 0 0 0 0
125.5 241.3 1917.9 0 0 0 0 0 0 0 0 0
-146.3 -883.5 2167.9 0 0 0 0 0 0 0 0 0
101.3 -894.3 2120.7 0 0 0 0 0 0 0 0 0
19.5 463.4 2162.3 9 0.9942547083 0.0388786756 0.0997297168 -0.0442979112 0.9976267219 0.0527124889 -0.0974436402 -0.0568274595 0.9936172962
11.7 262.8 2173.8 0.9942547083 0.0388786756 0.0997297168 -0.0442979112 0.9976267219 0.0527124889 -0.0974436402 -0.0568274595 0.9936172962
3.5 67.3 2183.4 0.9941608906 0.0419576094 0.0994169414 -0.0466145612 0.9978992343 0.0449914001 -0.0973203555 -0.0493629649 0.9940282106
-129.9 269.4 2187.6 0.2645841241 -0.9643440843 0.0059744711 0.9533466697 0.2624904811 0.1490933448 -0.1453455240 -0.0337519906 0.9888050556
-196.4 29.5 2224.2 -0.0084778443 -0.9643440843 -0.2645157278 0.0968286991 0.2624904811 -0.9600640535 0.9952649474 -0.0337519906 0.0911508352
153.3 256.1 2159.9 0.2229687124 0.9268933535 0.3019166589 -0.8964436650 0.3166360557 -0.3100490570 -0.3829801083 -0.2015200406 0.9015075564
200.9 64.5 2078.0 -0.3722805381 0.9268933535 0.0477065705 0.7073677182 0.3166360557 -0.6319592595 -0.6008644700 -0.2015200406 -0.7735319138
-97.9 -122.3 2200.9 0.8188631535 -0.0244138259 0.5734693408 0.0180662815 0.9996962547 0.0167621858 -0.5737043619 -0.0033654789 0.8190555573
-88.4 -513.8 2202.2 0.8081592917 0.1539437026 0.5684891939 -0.0723642632 0.9838764668 -0.1635558605 -0.5845015049 0.0910408944 0.8062689304
81.7 -131.8 2185.2 0.9857661128 -0.0506468862 0.1603125483 0.0590538085 0.9970945716 -0.0481154472 -0.1574098617 0.0568976402 0.9858928919
101.5 -522.2 2162.9 0.9864935875 -0.0028804755 0.1637745053 0.0237708557 0.9917784333 -0.1257399917 -0.1620658189 0.1279347539 0.9784514904
-194.1 2.5 1946.8 0 0 0 0 0 0 0 0 0
104.9 246.9 1923.1 0 0 0 0 0 0 0 0 0
-146.3 -884.2 2167.9 0 0 0 0 0 0 0 0 0
102.6 -895.6 2114.7 0 0 0 0 0 0 0 0 0
19.3 462.1 2162.8 0 0.9931291342 0.0373900086 0.1108897850 -0.0431134813 0.9978345633 0.0496728718 -0.1087923869 -0.0541124195 0.9925906062
11.8 261.2 2173.7 0.9931291342 0.0373900086 0.1108897850 -0.0431134813 0.9978345633 0.0496728718 -0.1087923869 -0.0541124195 0.9925906062
4.2 65.7 2183.3 0.9930991530 0.0387409516 0.1106941551 -0.0438988507 0.9980424047 0.0445443280 -0.1087517813 -0.0490962826 0.9928557873
-129.7 267.5 2189.2 0.3006385267 -0.9535939693 0.0165833514 0.9451985359 0.3002232313 0.1283190846 -0.1273430139 -0.0229031015 0.9915942550
-200.3 45.3 2219.1 -0.0188433137 -0.9535939693 -0.3005053401 0.0164113883 0.3002232313 -0.9537277818 0.9996877313 -0.0229031015 0.0099926013
153.3 255.0 2158.2 0.1674737632 0.9196165204 0.3553279340 -0.8943424225 0.2933770120 -0.3377596736 -0.4148544073 -0.2612189651 0.8715850115
188.9 64.5 2069.8 -0.3910087347 0.9196165204 -0.0376507044 0.7473945618 0.2933770120 -0.5960967541 -0.5371345878 -0.2612189651 -0.8020293713
-94.5 -123.9 2201.9 0.8123342991 -0.0169937033 0.5829444528 0.0135221332 0.9998554587 0.0103041632 -0.5830352902 -0.0004877721 0.8124466538
-87.9 -515.6 2202.1 0.8037371635 0.1523528248 0.5751479268 -0.0543282665 0.9814144373 -0.1840493679 -0.5924988985 0.1166805252 0.7970763445
85.0 -132.3 2184.3 0.9843885899 -0.0373942442 0.1719904691 0.0473170727 0.9974213839 -0.0539597832 -0.1695291847 0.0612554848 0.9836196303
99.7 -523.0 2160.3 0.9846966267 -0.0160187874 0.1735393554 0.0338265300 0.9943972230 -0.1001492441 -0.1709627807 0.1044868603 0.9797214866
-195.1 40.8 1942.6 0 0 0 0 0 0 0 0 0
87.8 257.8 1930.9 0 0 0 0 0 0 0 0 0
-145.2 -885.0 2158.2 0 0 0 0 0 0 0 0 0
105.7 -897.3 2121.0 0 0 0 0 0 0 0 0 0
20.1 460.3 2156.5 1 0.9928144813 0.0366311856 0.1139193103 -0.0443309061 0.9968471527 0.0658068508 -0.1111495569 -0.0703841373 0.9913081527
12.6 257.2 2170.9 0.9928144813 0.0366311856 0.1139193103 -0.0443309061 0.9968471527 0.0658068508 -0.1111495569 -0.0703841373 0.9913081527
5.2 61.8 2183.1 0.9928004146 0.0379471108 0.1136107296 -0.0447070077 0.9973407984 0.0575555824 -0.1111245453 -0.0622203983 0.9918568134
-128.8 263.5 2186.7 0.3622834086 -0.9312464595 0.0391247906 0.9239993691 0.3643419743 0.1161038503 -0.1223761067 -0.0059112171 0.9924662113
-209.4 58.1 2213.9 -0.0486758910 -0.9312464595 -0.3611241579 -0.1083044484 0.3643419743 -0.9249460101 0.9929254055 -0.0059112171 -0.1185928062
154.1 250.8 2155.0 0.1282904595 0.8994162679 0.4178420007 -0.8892727494 0.2908363640 -0.3529988825 -0.4390165806 -0.3262891173 0.8371378779
180.6 66.8 2064.2 -0.4218963385 0.8994162679 -0.1142534688 0.7727833986 0.2908363640 -0.5641099215 -0.4741405845 -0.3262891173 -0.8177567720
-93.1 -125.8 2202.7 0.8106203079 -0.0042130733 0.5855569839 0.0038046553 0.9999908805 0.0019279154 -0.5855597854 0.0006650352 0.8106289506
-91.5 -517.4 2202.5 0.8046240211 0.1346338391 0.5783199072 -0.0484087318 0.9855871201 -0.1620946378 -0.5918080211 0.1024295092 0.7995445132
86.3 -133.7 2183.1 0.9840375185 -0.0306724627 0.1752980649 0.0402521081 0.9978689551 -0.0513553135 -0.1733492911 0.0575916693 0.9831750989
98.4 -524.5 2160.5 0.9840110540 -0.0224020835 0.1766928732 0.0414564982 0.9936186671 -0.1048968360 -0.1732154340 0.1105447188 0.9786604643
-196.2 87.3 1945.5 0 0 0 0 0 0 0 0 0
70.7 268.2 1940.6 0 0 0 0 0 0 0 0 0
-142.2 -888.5 2163.9 0 0 0 0 0 0 0 0 0
106.8 -898.7 2118.9 0 0 0 0 0 0 0 0 0
20.1 461.5 2158.9 2 0.9787378907 0.0306469258 0.2028125972 -0.0408427380 0.9980932474 0.0462783985 -0.2010075897 -0.0535778403 0.9781233668
13.8 257.6 2169.9 0.9787378907 0.0306469258 0.2028125972 -0.0408427380 0.9980932474 0.0462783985 -0.2010075897 -0.0535778403 0.9781233668
7.9 62.1 2180.1 0.9787686467 0.0297718886 0.2027944475 -0.0398261584 0.9981619716 0.0456789061 -0.2010617554 -0.0527856052 0.9781553149
-125.1 263.2 2198.4 0.4498493075 -0.8920531869 0.0433208980 0.8926836848 0.4505968988 0.0088466527 -0.0274119452 0.0346921980 0.9990220666
-225.5 63.8 2204.5 -0.1056539938 -0.8920531869 -0.4394068122 -0.2825694084 0.4505968988 -0.8468275666 0.9534106255 0.0346921980 -0.2996743023
152.7 252.0 2141.3 0.1191642880 0.8755430579 0.4682139158 -0.9095202088 0.2853944600 -0.3021969199 -0.3982120454 -0.3898389339 0.8303329349
177.1 65.8 2059.8 -0.4448432624 0.8755430579 -0.1885175705 0.7910345197 0.2853944600 -0.5411232710 -0.4199748337 -0.3898389339 -0.8195405602
-92.0 -129.4 2205.3 0.7543596625 -0.0077106426 0.6564161181 0.0016746060 0.9999503493 0.0098215211 -0.6564592123 -0.0063097212 0.7543351054
-88.9 -521.1 2207.8 0.7508685589 0.1527031362 0.6425559521 -0.0221169703 0.9781718850 -0.2066169977 -0.6600812674 0.1409308165 0.7378558517
87.5 -137.5 2185.2 0.9641964436 -0.0324495509 0.2631962597 0.0461658724 0.9978696108 -0.0460969582 -0.2611397505 0.0565972067 0.9636403918
100.2 -528.4 2163.0 0.9642388821 -0.0039656465 0.2650049329 0.0400897712 0.9905653596 -0.1310461909 -0.2619850338 0.1369838119 0.9553006291
-197.8 138.0 1954.4 0 0 0 0 0 0 0 0 0
60.3 273.7 1949.5 0 0 0 0 0 0 0 0 0
-146.4 -889.1 2154.7 0 0 0 0 0 0 0 0 0
101.7 -901.2 2111.5 0 0 0 0 0 0 0 0 0
18.7 462.7 2168.6 3 0.9804022312 0.0254155044 0.1953599453 -0.0308193248 0.9992204905 0.0246705860 -0.1945806295 -0.0302079599 0.9804212451
13.5 259.0 2174.8 0.9804022312 0.0254155044 0.1953599453 -0.0308193248 0.9992204905 0.0246705860 -0.1945806295 -0.0302079599 0.9804212451
8.8 63.3 2181.0 0.9804316759 0.0238435846 0.1954102814 -0.0296242721 0.9992040992 0.0267128646 -0.1946178228 -0.0319790281 0.9803577065
-125.9 263.2 2202.4 0.5238583088 -0.8498902917 0.0570878014 0.8514742255 0.5206085443 -0.0629158318 0.0237511564 0.0815677717 0.9963847399
-241.1 75.9 2197.2 -0.1740096956 -0.8498902917 -0.4974004030 -0.4233701527 0.5206085443 -0.7414340973 0.8890885115 0.0815677717 -0.4504091144
153.0 254.8 2147.1 0.0811696872 0.8519527912 0.5172889829 -0.8838045597 0.3014503419 -0.3577948511 -0.4607612789 -0.4281402528 0.7774284482
169.9 70.2 2050.9 -0.4646098316 0.8519527912 -0.2414831370 0.8122888803 0.3014503419 -0.4993140101 -0.3525968194 -0.4281402528 -0.8320885897
-86.1 -129.8 2208.5 0.7591967583 0.0046655145 0.6508445144 -0.0073511372 0.9999719858 0.0014067502 -0.6508197188 -0.0058524474 0.7592097521
-87.9 -521.5 2210.8 0.7594700456 0.1513895988 0.6326819658 -0.0056005768 0.9740309715 -0.2263454795 -0.6505181789 0.1683592200 0.7405952215
90.1 -136.9 2172.3 0.9666064382 -0.0277312286 0.2547607124 0.0320048779 0.9994077086 -0.0126444800 -0.2542591691 0.0203758217 0.9669214487
101.0 -528.1 2164.3 0.9665622711 -0.0093249185 0.2562623620 0.0428873822 0.9911414385 -0.1256954521 -0.2528201342 0.1324829161 0.9583998322
-196.0 185.6 1966.8 0 0 0 0 0 0 0 0 0
47.8 283.7 1958.2 0 0 0 0 0 0 0 0 0
-144.9 -888.0 2147.4 0 0 0 0 0 0 0 0 0
104.5 -901.3 2114.4 0 0 0 0 0 0 0 0 0
18.7 458.8 2158.9 4 0.9805544615 0.0220113918 0.1950087696 -0.0320182927 0.9983189702 0.0483121462 -0.1936175376 -0.0536165386 0.9796109200
14.2 254.8 2169.9 0.9805544615 0.0220113918 0.1950087696 -0.0320182927 0.9983189702 0.0483121462 -0.1936175376 -0.0536165386 0.9796109200
10.0 59.2 2179.5 0.9805893898 0.0212923195 0.1949129403 -0.0304074902 0.9985733628 0.0438930243 -0.1937002838 -0.0489678495 0.9798378944
-125.4 259.1 2197.5 0.6246815920 -0.7704825401 0.1270023435 0.7803892493 0.6102144122 -0.1364955008 0.0276687462 0.1843774915 0.9824659824
-258.7 92.6 2191.6 -0.2301483005 -0.7704825401 -0.5944648385 -0.5360127091 0.6102144122 -0.5833770037 0.8122327924 0.1843774915 -0.5534282327
153.8 250.5 2142.3 0.0378053412 0.8217107654 0.5686494112 -0.8550131917 0.3211405575 -0.4072115123 -0.5172264576 -0.4708079696 0.7147143483
161.5 76.9 2037.3 -0.4834129810 0.8217107654 -0.3018332422 0.8302890658 0.3211405575 -0.4555093646 -0.2773660719 -0.4708079696 -0.8375009894
-84.3 -129.7 2204.8 0.7595165968 0.0044275941 0.6504728794 -0.0105402321 0.9999293089 0.0055009210 -0.6504025459 -0.0110341758 0.7595095634
-86.0 -521.4 2209.1 0.7564767599 0.1628408283 0.6334238648 -0.0296334457 0.9760469794 -0.2155322582 -0.6533489227 0.1442746073 0.7431823611
92.6 -135.0 2169.7 0.9668739438 -0.0193213299 0.2545221150 0.0204157587 0.9997901917 -0.0016587478 -0.2544366419 0.0068000620 0.9670655131
100.1 -526.5 2167.0 0.9669925570 -0.0078826882 0.2546826005 0.0459429733 0.9885335565 -0.1438426077 -0.2506284118 0.1507956088 0.9562667608
-199.6 230.3 1982.9 0 0 0 0 0 0 0 0 0
34.8 294.5 1964.6 0 0 0 0 0 0 0 0 0
-147.3 -888.7 2154.8 0 0 0 0 0 0 0 0 0
103.1 -898.7 2110.2 0 0 0 0 0 0 0 0 0
16.5 460.7 2160.1 5 0.9737470746 0.0137224365 0.2272186577 -0.0242824964 0.9987475872 0.0437453501 -0.2263337821 -0.0481143445 0.9728607535
13.7 257.0 2169.9 0.9737470746 0.0137224365 0.2272186577 -0.0242824964 0.9987475872 0.0437453501 -0.2263337821 -0.0481143445 0.9728607535
10.9 61.4 2179.1 0.9737451673 0.0140900621 0.2272043079 -0.0244191717 0.9987888336 0.0427150950 -0.2263272703 -0.0471417606 0.9729098678
-124.9 260.5 2202.1 0.7375785708 -0.6589846015 0.1473674327 0.6700952053 0.6873490810 -0.2802206874 0.0833682343 0.3054349720 0.9485563636
-284.2 115.7 2184.1 -0.3181878924 -0.6589846015 -0.6815392971 -0.6227071285 0.6873490810 -0.3738810122 0.7148372531 0.3054349720 -0.6290605664
152.3 253.5 2137.7 -0.0105397888 0.7949218750 0.6066202521 -0.8346506357 0.3270963430 -0.4431323409 -0.5506788492 -0.5109865069 0.6600345373
150.2 83.0 2025.2 -0.4701156020 0.7949218750 -0.3835238814 0.8644764423 0.3270963430 -0.3816915751 -0.1779657155 -0.5109865069 -0.8409643173
-82.7 -133.5 2206.5 0.7374507189 0.0113226073 0.6753060222 -0.0089176483 0.9999355674 -0.0070272610 -0.6753420830 -0.0008398835 0.7375041246
-87.2 -525.2 2206.9 0.7315641046 0.1692952961 0.6604188681 -0.0460164696 0.9787311554 -0.1999194473 -0.6802179813 0.1158637404 0.7237949371
94.4 -139.0 2171.6 0.9578500390 -0.0170248318 0.2867636681 0.0207524244 0.9997349977 -0.0099642714 -0.2865180373 0.0154953199 0.9579495192
101.0 -530.5 2165.5 0.9579421282 -0.0139962211 0.2866199315 0.0551527254 0.9891685247 -0.1360285729 -0.2816115320 0.1461153775 0.9483381510
-204.0 272.7 2004.0 0 0 0 0 0 0 0 0 0
26.9 309.7 1978.5 0 0 0 0 0 0 0 0 0
-150.9 -893.5 2163.2 0 0 0 0 0 0 0 0 0
106.3 -903.0 2110.5 0 0 0 0 0 0 0 0 0
15.5 461.7 2160.7 6 0.9588896036 -0.0103171002 0.2835917771 0.0068720030 0.9998900294 0.0131402751 -0.2836961746 -0.0106512299 0.9588550925
17.9 231.3 2163.1 0.9588896036 -0.0103171002 0.2835917771 0.0068720030 0.9998900294 0.0131402751 -0.2836961746 -0.0106512299 0.9588550925
12.4 36.2 2178.4 0.9583758712 0.0285616610 0.2840772569 -0.0493420288 0.9965813756 0.0662643388 -0.2812134624 -0.0775230899 0.9565088153
-118.4 238.4 2203.1 0.8843047619 -0.4560680091 0.1000351384 0.4445652664 0.7569472194 -0.4789494872 0.1427122205 0.4680094719 0.8721240759
-303.9 145.1 2173.1 -0.4252246022 -0.4560680091 -0.7817838788 -0.6473191381 0.7569472194 -0.0894919932 0.6325835586 0.4680094719 -0.6170941591
154.1 224.1 2123.2 -0.0739856511 0.7707142234 0.6328710318 -0.7659901381 0.3624450266 -0.5309357047 -0.6385806203 -0.5240545869 0.5635437369
141.4 92.0 2013.1 -0.4631345570 0.7707142234 -0.4376139641 0.8835139871 0.3624450266 -0.2967097461 -0.0700674132 -0.5240545869 -0.8487976193
-79.8 -132.0 2208.8 0.6975246668 0.0158592258 0.7163852453 -0.0043295673 0.9998300672 -0.0179185029 -0.7165477276 0.0093969591 0.6974747777
-86.0 -523.6 2205.1 0.6921437979 0.1696842164 0.7015299201 -0.0377212390 0.9791476727 -0.1996171325 -0.7207732201 0.1117011830 0.6841117144
95.7 -140.0 2168.2 0.9395931363 -0.0163840447 0.3419009447 0.0203454066 0.9997609854 -0.0080031240 -0.3416880965 0.0144757936 0.9397019148
102.0 -528.0 2162.6 0.9398387671 0.0044632796 0.3415892422 0.0388034806 0.9920485020 -0.1197251007 -0.3394074440 0.1257771403 0.9321923852
-196.3 309.0 2013.0 0 0 0 0 0 0 0 0 0
18.5 326.4 1994.5 0 0 0 0 0 0 0 0 0
-149.9 -892.3 2163.0 0 0 0 0 0 0 0 0 0
100.3 -901.5 2115.2 0 0 0 0 0 0 0 0 0
14.5 462.0 2161.5 7 0.9605539441 -0.0326324739 0.2761725783 0.0353179015 0.9993647933 -0.0047542788 -0.2758420110 0.0143205766 0.9610962868
22.5 216.4 2158.0 0.9605539441 -0.0326324739 0.2761725783 0.0353179015 0.9993647933 -0.0047542788 -0.2758420110 0.0143205766 0.9610962868
16.1 21.5 2175.2 0.9605121613 0.0335407555 0.2762089372 -0.0563596003 0.9955825210 0.0750934929 -0.2724700868 -0.0876952410 0.9581595063
-114.2 224.5 2196.7 0.9665973186 -0.2525765300 0.0435285419 0.2206453085 0.7336315513 -0.6427288651 0.1304043084 0.6308643222 0.7648561597
-312.8 179.1 2169.9 -0.5020670295 -0.2525765300 -0.8271238208 -0.6567310691 0.7336315513 0.1746109873 0.5627015233 0.6308643222 -0.5342070460
159.3 208.3 2119.2 -0.1570814401 0.7707118988 0.6175180674 -0.6735623479 0.3736756444 -0.6377148628 -0.7222459316 -0.5161101222 0.4604250491
133.4 97.5 2000.3 -0.4269976020 0.7707118988 -0.4729441404 0.9040939808 0.3736756444 -0.2073176503 0.0169455260 -0.5161101222 -0.8563545942
-79.4 -154.4 2219.0 0.7040657401 0.0319720432 0.7094147205 0.0040595997 0.9987884164 -0.0490425862 -0.7101231813 0.0374091454 0.7030829191
-91.9 -545.4 2204.3 0.7020587921 0.1553936601 0.6949577332 -0.0089605749 0.9777516127 -0.2095746845 -0.7120625973 0.1409065276 0.6878315210
93.2 -165.2 2168.4 0.9423143268 -0.0200353246 0.3341290951 0.0272254031 0.9994872808 -0.0168492850 -0.3336201906 0.0249741226 0.9423767328
101.0 -554.9 2158.7 0.9423546195 -0.0089594340 0.3344959021 0.0498276763 0.9922534823 -0.1137990430 -0.3308851421 0.1239062026 0.9355010986
-184.9 346.5 2026.5 0 0 0 0 0 0 0 0 0
18.3 341.1 2004.9 0 0 0 0 0 0 0 0 0
-150.4 -913.4 2151.3 0 0 0 0 0 0 0 0 0
104.4 -928.5 2112.0 0 0 0 0 0 0 0 0 0
13.4 460.9 2161.9 8 0.9617105722 -0.0393743366 0.2712240219 0.0461630151 0.9987590313 -0.0186929721 -0.2701514065 0.0304977465 0.9623346925
23.5 205.4 2154.1 0.9617105722 -0.0393743366 0.2712240219 0.0461630151 0.9987590313 -0.0186929721 -0.2701514065 0.0304977465 0.9623346925
19.6 11.0 2176.5 0.9626612067 0.0196009818 0.2699984908 -0.0496086404 0.9932584763 0.1047689989 -0.2661247253 -0.1142513081 0.9571437836
-113.7 212.5 2192.0 0.9935879707 -0.0747315735 -0.0848417804 -0.0119393244 0.6768549681 -0.7360195518 0.1124294847 0.7323131561 0.6716226935
-319.1 214.9 2168.7 -0.5702700615 -0.0747315735 -0.8180508614 -0.6314415336 0.6768549681 0.3783502877 0.5254271030 0.7323131561 -0.4331787527
160.6 198.3 2116.2 -0.2045186162 0.7698479891 0.6045710444 -0.5990326405 0.3900357187 -0.6993082762 -0.7741653919 -0.5051793456 0.3813945055
127.4 101.1 1990.5 -0.4121961296 0.7698479891 -0.4872662127 0.9081643224 0.3900357187 -0.1520187408 0.0730198994 -0.5051793456 -0.8599197268
-77.2 -168.3 2216.9 0.7073766589 0.0430911668 0.7055220604 -0.0152802467 0.9988390207 -0.0456856713 -0.7066715956 0.0215364266 0.7072138786
-94.0 -559.4 2208.5 0.7144376040 0.1511125863 0.6831865907 0.0259317905 0.9700112343 -0.2416727096 -0.6992184520 0.1903763264 0.6890938878
96.2 -179.5 2167.8 0.9438346028 -0.0180767458 0.3299235106 0.0224277079 0.9997044206 -0.0093859425 -0.3296563029 0.0162582044 0.9439610243
103.2 -570.2 2161.5 0.9445051551 0.0064358190 0.3284334838 0.0534115210 0.9834949970 -0.1728723049 -0.3241252601 0.1808209270 0.9285723567
-173.4 376.2 2034.5 0 0 0 0 0 0 0 0 0
14.7 349.3 2010.5 0 0 0 0 0 0 0 0 0
-150.9 -924.2 2136.9 0 0 0 0 0 0 0 0 0
100.8 -939.9 2093.5 0 0 0 0 0 0 0 0 0
13.9 459.3 2161.6 9 0.9475529790 -0.0573251061 0.3144155741 0.0715504363 0.9968613982 -0.0338807888 -0.3114865422 0.0546004176 0.9486806393
28.8 200.1 2147.4 0.9475529790 -0.0573251061 0.3144155741 0.0715504363 0.9968613982 -0.0338807888 -0.3114865422 0.0546004176 0.9486806393
18.0 7.6 2179.2 0.9476349354 0.0563997738 0.3143360317 -0.1039082557 0.9851770997 0.1364887208 -0.3019787371 -0.1620035768 0.9394485950
-105.9 215.0 2190.2 0.9823365808 -0.0038278776 -0.1870832741 -0.1454857439 0.6131404042 -0.7764616609 0.1176805198 0.7899646759 0.6017533541
-322.5 247.1 2164.2 -0.6229656339 -0.0038278776 -0.7822398543 -0.6194130182 0.6131404042 0.4902920723 0.4777460992 0.7899646759 -0.3843364418
163.6 185.2 2104.6 -0.2526837885 0.7520527840 0.6087425351 -0.5471302867 0.4078431726 -0.7309667468 -0.7979970574 -0.5177649260 0.3084155023
124.4 100.5 1981.0 -0.3842051625 0.7520527840 -0.5355399251 0.9095578790 0.4078431726 -0.0798021555 0.1584008634 -0.5177649260 -0.8407310247
-71.1 -179.0 2222.9 0.6800299883 0.0587162971 0.7308293581 -0.0180075709 0.9978250265 -0.0634113774 -0.7329630852 0.0299611799 0.6796082854
-94.1 -569.7 2211.2 0.6931034923 0.1738213748 0.6995667815 0.0457098372 0.9579393864 -0.2833067477 -0.7193873525 0.2283379883 0.6560057998
102.7 -188.4 2174.9 0.9296284318 -0.0067730127 0.3684359789 0.0162799805 0.9996097088 -0.0227012634 -0.3681384325 0.0271018725 0.9293758869
105.4 -579.4 2164.2 0.9313725829 0.0236881971 0.3632959425 0.0562047660 0.9765625000 -0.2077661157 -0.3597027957 0.2139266282 0.9082121253
-164.3 404.3 2042.9 0 0 0 0 0 0 0 0 0
18.9 350.2 2024.5 0 0 0 0 0 0 0 0 0
-159.5 -929.8 2125.3 0 0 0 0 0 0 0 0 0
96.5 -946.7 2083.8 0 0 0 0 0 0 0 0 0
12.8 456.3 2160.9 0 0.9446766376 -0.0893912017 0.3155872524 0.0963637531 0.9953247905 -0.0065253116 -0.3135285079 0.0365754813 0.9488741159
34.8 210.6 2151.9 0.9446766376 -0.0893912017 0.3155872524 0.0963637531 0.9953247905 -0.0065253116 -0.3135285079 0.0365754813 0.9488741159
22.8 17.2 2178.0 0.9473596811 0.0623660237 0.3140383661 -0.1006547064 0.9891281724 0.1072105244 -0.3039378822 -0.1331763715 0.9433376193
-100.0 225.0 2195.1 0.9565786123 0.0335685201 -0.2895350158 -0.2537912130 0.5844396353 -0.7707271576 0.1433435678 0.8107425570 0.5675818920
-316.2 282.3 2162.7 -0.6575186253 0.0335685201 -0.7526901364 -0.5980120301 0.5844396353 0.5484632254 0.4583130479 0.8107425570 -0.3642055690
169.7 196.2 2108.7 -0.3065288067 0.7172533870 0.6257696748 -0.5416344404 0.4091739058 -0.7343084216 -0.7827337980 -0.5640250444 0.2630655468
118.2 105.2 1977.2 -0.3563607335 0.7172533870 -0.5987942815 0.9109719992 0.4091739058 -0.0520266593 0.2076947093 -0.5640250444 -0.7992112637
-78.3 -175.5 2238.2 0.6818159819 0.0435974449 0.7302234173 0.0187158454 0.9968560338 -0.0769916996 -0.7312842607 0.0661609173 0.6788564324
-95.3 -565.6 2212.3 0.6891344786 0.1588750780 0.7070024014 0.0592825077 0.9600375295 -0.2735205293 -0.7222044468 0.2304052860 0.6521764398
92.6 -194.6 2183.9 0.9296053052 -0.0358999930 0.3668040037 0.0502497703 0.9982966185 -0.0296441969 -0.3651149869 0.0459892191 0.9298258424
106.7 -585.2 2165.9 0.9297118187 0.0388819613 0.3662296236 0.0528254174 0.9700500965 -0.2370913178 -0.3644796610 0.2397728264 0.8998130560
-149.6 433.9 2046.5 0 0 0 0 0 0 0 0 0
19.9 356.5 2034.5 0 0 0 0 0 0 0 0 0
-155.1 -926.9 2125.6 0 0 0 0 0 0 0 0 0
92.1 -950.1 2075.7 0 0 0 0 0 0 0 0 0
10.5 455.8 2156.1 1 0.9407449365 -0.1027591303 0.3231710792 0.1044231653 0.9944577217 0.0122351348 -0.3226372302 0.0222364049 0.9462614655
35.7 212.3 2150.7 0.9407449365 -0.1027591303 0.3231710792 0.1044231653 0.9944577217 0.0122351348 -0.3226372302 0.0222364049 0.9462614655
22.8 19.0 2178.4 0.9446639419 0.0661439896 0.3213020563 -0.1077312306 0.9876899123 0.1134137064 -0.3098451495 -0.1417521089 0.9401608109
-98.9 227.7 2194.7 0.9220781326 0.0833509564 -0.3779214025 -0.3617476821 0.5326274037 -0.7651448250 0.1375157386 0.8422355056 0.5212761164
-312.0 311.3 2163.0 -0.6874740124 0.0833509564 -0.7214097977 -0.5811137557 0.5326274037 0.6153168082 0.4355298877 0.8422355056 -0.3177311122
170.2 197.0 2106.6 -0.3291590810 0.7023356557 0.6311727166 -0.5273183584 0.4177677631 -0.7398685217 -0.7833196521 -0.5763633847 0.2328424007
114.6 107.8 1974.2 -0.3398731947 0.7023356557 -0.6254684925 0.9082258344 0.4177677631 -0.0244111940 0.2441557348 -0.5763633847 -0.7798674703
-74.9 -167.2 2231.5 0.6763216257 0.0527016595 0.7347186804 0.0032024456 0.9972174764 -0.0744787082 -0.7365994453 0.0527244583 0.6742709875
-95.5 -557.6 2210.9 0.6817228198 0.1549117714 0.7150219083 0.0347604044 0.9693638086 -0.2431573421 -0.7307842970 0.1906203628 0.6554526687
96.2 -185.5 2176.8 0.9276734591 -0.0219829604 0.3727447987 0.0245957989 0.9996949434 -0.0022552067 -0.3725815117 0.0112600522 0.9279311299
104.8 -576.6 2172.4 0.9300176501 0.0183832049 0.3670547605 0.0768458769 0.9669438601 -0.2431341708 -0.3593909442 0.2543257177 0.8978622556
-138.5 458.0 2053.0 0 0 0 0 0 0 0 0 0
20.5 359.2 2041.7 0 0 0 0 0 0 0 0 0
-153.8 -922.2 2139.2 0 0 0 0 0 0 0 0 0
97.9 -940.4 2076.7 0 0 0 0 0 0 0 0 0
9.4 453.2 2152.2 2 0.9101153016 -0.0892321989 0.4046329260 0.0959534198 0.9953790307 0.0036852711 -0.4030919373 0.0354718901 0.9144717455
31.1 211.3 2143.6 0.9101153016 -0.0892321989 0.4046329260 0.0959534198 0.9953790307 0.0036852711 -0.4030919373 0.0354718901 0.9144717455
17.9 18.5 2175.1 0.9124701619 0.0683111474 0.4034003019 -0.1269115955 0.9845871925 0.1203389168 -0.3889622986 -0.1610018462 0.9070759416
-98.5 229.4 2198.7 0.8851462603 0.1422644556 -0.4430315197 -0.4474345446 0.5216128230 -0.7264450192 0.1277436167 0.8412377238 0.5253576636
-306.3 334.5 2168.7 -0.7096112370 0.1422644556 -0.6900816560 -0.5387688875 0.5216128230 0.6615498066 0.4540704787 0.8412377238 -0.2934946716
160.6 193.2 2088.4 -0.3258863389 0.6815292239 0.6552221179 -0.5615668297 0.4179987907 -0.7140866518 -0.7605529428 -0.6006620526 0.2465041131
111.6 108.8 1974.2 -0.3271505237 0.6815292239 -0.6545917988 0.9082545638 0.4179987907 -0.0187255107 0.2608565986 -0.6006620526 -0.7557505369
-75.5 -164.5 2234.2 0.6119607091 0.0480031632 0.7894300222 0.0193620790 0.9969478846 -0.0756311268 -0.7906511426 0.0615682863 0.6091634631
-94.3 -554.9 2210.1 0.6176940203 0.1519566476 0.7715978622 0.0535746180 0.9707438350 -0.2340645343 -0.7845915556 0.1859183162 0.5914816260
