-19.2 495.3 2148.0 1 0.9521278739 -0.2550277114 0.1685626358 0.2513419688 0.9669329524 0.0432184450 -0.1740106791 0.0012173789 0.9847429991
48.2 239.7 2147.7 0.9521278739 -0.2550277114 0.1685626358 0.2513419688 0.9669329524 0.0432184450 -0.1740106791 0.0012173789 0.9847429991
23.3 45.7 2158.1 0.9772827029 0.1274288297 0.1693528146 -0.1345307827 0.9904213548 0.0310970731 -0.1637679785 -0.0531738028 0.9850647449
-91.1 258.9 2171.1 0.6536156535 0.1427353919 -0.7432450056 -0.7505730391 0.2482365519 -0.6123877764 0.0970911756 0.9581258893 0.2693846524
-254.7 446.8 2146.8 -0.8132934570 0.1427353919 -0.5640747547 -0.5222784877 0.2482365519 0.8158454299 0.2564739883 0.9581258893 -0.1273415387
187.5 220.5 2124.4 0.2965032756 0.7999703288 0.5216639638 -0.0578648187 0.5602713823 -0.8262854815 -0.9532772303 0.2148103714 0.2124124318
251.0 208.1 1920.3 -0.5862103105 0.7999703288 -0.1280818880 0.6533204913 0.5602713823 0.5091840029 0.4790926874 0.2148103714 -0.8510738611
-89.0 -137.0 2182.6 0.8205175996 0.0761504471 0.5665262341 -0.0438730940 0.9965528250 -0.0704103261 -0.5699351430 0.0329176486 0.8210300803
-118.9 -527.3 2169.7 0.8210422993 0.0315739624 0.5699934959 -0.0298319180 0.9994781017 -0.0123935034 -0.5700873733 -0.0068284096 0.8215557337
87.8 -160.9 2153.6 0.9923903942 -0.0354388207 0.1179211661 0.0454956293 0.9954505563 -0.0837155357 -0.1144179106 0.0884433910 0.9894878864
101.7 -550.8 2119.0 0.9936495423 0.0298519805 0.1084872037 -0.0425248779 0.9922859669 0.1164480671 -0.1041741297 -0.1203219742 0.9872539639
-72.3 564.0 2089.2 0 0 0 0 0 0 0 0 0
142.1 329.5 2009.3 0 0 0 0 0 0 0 0 0
-130.8 -903.6 2172.3 0 0 0 0 0 0 0 0 0
90.5 -924.1 2164.3 0 0 0 0 0 0 0 0 0
-17.4 494.3 2147.7 2 0.9577760696 -0.2431338578 0.1534630060 0.2393643558 0.9699831009 0.0428655893 -0.1592786014 -0.0043220650 0.9872242212
46.2 240.6 2148.8 0.9577760696 -0.2431338578 0.1534630060 0.2393643558 0.9699831009 0.0428655893 -0.1592786014 -0.0043220650 0.9872242212
23.7 46.3 2158.7 0.9813344479 0.1149757132 0.1541535854 -0.1213085502 0.9920893908 0.0322929397 -0.1492212266 -0.0503903180 0.9875190258
-93.6 257.9 2170.1 0.6202729344 0.1261605918 -0.7741737366 -0.7760884166 0.2418900281 -0.5823882222 0.1137904748 0.9620668888 0.2479496151
-253.8 458.3 2140.7 -0.8315780759 0.1261605918 -0.5408895016 -0.5030006170 0.2418900281 0.8297467232 0.2355171144 0.9620668888 -0.1376915872
186.0 223.3 2127.5 0.3173178136 0.7877709866 0.5279453397 -0.0640366524 0.5732458830 -0.8168772459 -0.9461547136 0.2254018635 0.2323473543
255.9 209.2 1919.3 -0.5919828415 0.7877709866 -0.1702149659 0.6034647822 0.5732458830 0.5542737842 0.5342158675 0.2254018635 -0.8147437572
-90.0 -136.1 2183.4 0.8297344446 0.0649558827 0.5543658137 -0.0282042027 0.9968158007 -0.0745844096 -0.5574452877 0.0462498106 0.8289244175
-115.5 -526.5 2165.2 0.8285107613 0.0485071726 0.5578682423 -0.0649583340 0.9978407621 0.0097088190 -0.5561926961 -0.0442820489 0.8298727274
86.6 -160.4 2153.8 0.9936740398 -0.0415246151 0.1043434516 0.0506453961 0.9949776530 -0.0863394141 -0.1002341881 0.0910777524 0.9907865524
102.9 -550.2 2118.1 0.9950743318 0.0352766290 0.0926427171 -0.0476379655 0.9897257090 0.1348095983 -0.0869352520 -0.1385588795 0.9865311384
-54.2 579.1 2084.1 0 0 0 0 0 0 0 0 0
152.2 314.9 2012.8 0 0 0 0 0 0 0 0 0
-133.7 -901.9 2181.9 0 0 0 0 0 0 0 0 0
89.6 -922.7 2170.2 0 0 0 0 0 0 0 0 0
-16.4 494.0 2148.0 3 0.9608400464 -0.2379727811 0.1419696957 0.2345482409 0.9712548256 0.0406345427 -0.1475586742 -0.0057445527 0.9890366197
45.4 241.7 2149.5 0.9608400464 -0.2379727811 0.1419696957 0.2345482409 0.9712548256 0.0406345427 -0.1475586742 -0.0057445527 0.9890366197
23.9 47.2 2159.1 0.9837062955 0.1096904129 0.1424428672 -0.1155329868 0.9927422404 0.0333903506 -0.1377464533 -0.0493031479 0.9892396927
-94.8 258.1 2169.1 0.6043363810 0.1152559668 -0.7883486152 -0.7875104547 0.2365000993 -0.5691177249 0.1208503172 0.9647713304 0.2336909026
-254.5 466.3 2137.1 -0.8486555815 0.1152559668 -0.5162361860 -0.4813108742 0.2365000993 0.8440423608 0.2193708271 0.9647713304 -0.1452331692
185.6 225.2 2129.8 0.3255859017 0.7766574621 0.5392559767 -0.0674652457 0.5879610181 -0.8060709238 -0.9431024790 0.2260642797 0.2438291907
258.5 210.1 1918.6 -0.5895038843 0.7766574621 -0.2220097780 0.5519237518 0.5879610181 0.5913391709 0.5898010731 0.2260642797 -0.7752610445
-87.5 -137.0 2182.1 0.8353905678 0.0712971091 0.5450131297 -0.0377667509 0.9966537952 -0.0724909902 -0.5483577847 0.0399749130 0.8352878094
-115.4 -527.4 2166.4 0.8344686627 0.0512721129 0.5486649871 -0.0596175790 0.9982178807 -0.0026094932 -0.5478209853 -0.0305325370 0.8360382318
89.9 -158.9 2155.1 0.9953340292 -0.0246778615 0.0932799876 0.0326556228 0.9958465099 -0.0849902630 -0.0907951668 0.0876398161 0.9920058250
99.5 -549.0 2120.8 0.9959827065 0.0252801552 0.0859031752 -0.0362480134 0.9910311103 0.1286212504 -0.0818811506 -0.1312183589 0.9879661798
-44.0 585.7 2082.7 0 0 0 0 0 0 0 0 0
158.5 303.7 2018.7 0 0 0 0 0 0 0 0 0
-134.7 -903.1 2177.9 0 0 0 0 0 0 0 0 0
90.0 -922.1 2170.2 0 0 0 0 0 0 0 0 0
-17.1 501.1 2148.1 4 0.9652668238 -0.2319298685 0.1202851161 0.2301586419 0.9727324843 0.0286087934 -0.1236404777 0.0000695407 0.9923270941
44.7 241.9 2148.1 0.9652668238 -0.2319298685 0.1202851161 0.2301586419 0.9727324843 0.0286087934 -0.1236404777 0.0000695407 0.9923270941
24.6 47.3 2157.4 0.9874611497 0.1027262062 0.1198659167 -0.1076096594 0.9935773611 0.0349884555 -0.1155018359 -0.0474484712 0.9921733737
-96.0 257.2 2164.6 0.6098006368 0.1153903678 -0.7841098309 -0.7850643396 0.2236420661 -0.5776315928 0.1087068245 0.9678167701 0.2269659340
-262.5 471.6 2134.9 -0.8758133650 0.1153903678 -0.4686534405 -0.4367850423 0.2236420661 0.8713225722 0.2053528577 0.9678167701 -0.1454679221
185.4 226.5 2131.6 0.3314125240 0.7437929511 0.5804634690 -0.0684332699 0.6325626373 -0.7714800239 -0.9410008788 0.2159551382 0.2605393529
260.5 211.0 1918.4 -0.5854762793 0.7437929511 -0.3224742115 0.4606913924 0.6325626373 0.6225977540 0.6670689583 0.2159551382 -0.7130094171
-86.5 -136.7 2181.3 0.8467903137 0.0780470893 0.5261699557 -0.0455716364 0.9961848855 -0.0744240656 -0.5299711227 0.0390431508 0.8471164703
-117.0 -526.9 2166.0 0.8467121124 0.0371997058 0.5307492614 -0.0477247313 0.9988417029 0.0061281095 -0.5299065709 -0.0305186119 0.8475067616
91.4 -157.6 2156.4 0.9972273111 -0.0201450251 0.0716372132 0.0262013078 0.9960676432 -0.0846327171 -0.0696505830 0.0862750486 0.9938337207
99.2 -547.8 2122.6 0.9977055192 0.0142971296 0.0661760718 -0.0219139718 0.9930253625 0.1158466935 -0.0640582368 -0.1170310676 0.9910601974
-42.1 581.6 2083.2 0 0 0 0 0 0 0 0 0
160.1 290.0 2032.8 0 0 0 0 0 0 0 0 0
-131.0 -903.0 2177.5 0 0 0 0 0 0 0 0 0
93.9 -921.7 2166.6 0 0 0 0 0 0 0 0 0
-17.7 505.5 2148.2 5 0.9697667360 -0.2224331498 0.1003789231 0.2209612727 0.9749441147 0.0256925877 -0.1035787240 -0.0027359633 0.9946175218
42.7 240.7 2148.9 0.9697667360 -0.2224331498 0.1003789231 0.2209612727 0.9749441147 0.0256925877 -0.1035787240 -0.0027359633 0.9946175218
23.8 45.9 2156.5 0.9902534485 0.0967434719 0.1001937613 -0.1000583842 0.9945706129 0.0285940412 -0.0968834832 -0.0383405760 0.9945569634
-98.4 255.0 2162.7 0.6206277609 0.1136982068 -0.7758182287 -0.7768253684 0.2236718684 -0.5886537433 0.1065998375 0.9680101275 0.2271406204
-270.8 470.8 2133.1 -0.8814280033 0.1136982068 -0.4584292769 -0.4268667102 0.2236718684 0.8762167096 0.2021619976 0.9680101275 -0.1486166716
183.8 226.5 2135.1 0.3076665998 0.7398160100 0.5983422995 -0.0270242095 0.6353855133 -0.7717220783 -0.9511103630 0.2212633640 0.2154798359
252.6 220.4 1922.5 -0.5676525831 0.7337839007 -0.3732717335 0.3920053840 0.6396167874 0.6612277627 0.7239491343 0.2290230989 -0.6507273316
-84.7 -137.6 2177.2 0.8560522199 0.0769473612 0.5111297965 -0.0526955910 0.9966970682 -0.0617906377 -0.5141962171 0.0259617250 0.8572795391
-114.9 -528.0 2167.0 0.8554398417 0.0555718094 0.5149120688 -0.0648319423 0.9978961945 0.0000095750 -0.5138282776 -0.0333909392 0.8572430015
93.7 -157.1 2156.3 0.9984797239 -0.0163278449 0.0526461415 0.0208120048 0.9960962534 -0.0857852176 -0.0510399342 0.0867504701 0.9949217439
100.1 -547.2 2122.3 0.9984956980 0.0264448095 0.0480316617 -0.0323089808 0.9915373325 0.1257370561 -0.0443000942 -0.1270997673 0.9909001589
-47.0 579.2 2081.8 0 0 0 0 0 0 0 0 0
131.6 304.0 2076.9 0 0 0 0 0 0 0 0 0
-135.8 -903.7 2179.6 0 0 0 0 0 0 0 0 0
90.2 -920.6 2170.2 0 0 0 0 0 0 0 0 0
-20.3 507.1 2144.7 6 0.9708059430 -0.2334183753 0.0552418530 0.2311195284 0.9718858600 0.0449623726 -0.0641838163 -0.0308822673 0.9974601269
43.8 240.2 2153.2 0.9708059430 -0.2334183753 0.0552418530 0.2311195284 0.9718858600 0.0449623726 -0.0641838163 -0.0308822673 0.9974601269
23.4 45.5 2157.1 0.9928681850 0.1045670807 0.0572579317 -0.1055381373 0.9943138957 0.0141981002 -0.0554477051 -0.0201397371 0.9982584715
-97.6 255.3 2161.1 0.6183228493 0.1252738237 -0.7758758664 -0.7794711590 0.2239977717 -0.5850211382 0.1005066261 0.9665047526 0.2361502647
-271.7 474.8 2132.8 -0.8845486641 0.1252738237 -0.4493107200 -0.4159675837 0.2239977717 0.8813602924 0.2110559642 0.9665047526 -0.1460270733
185.1 225.1 2145.3 0.2848382592 0.7150532007 0.6384090185 -0.0053599738 0.6671752334 -0.7448815107 -0.9585605860 0.2087488919 0.1938696951
251.1 223.8 1923.4 -0.5892773867 0.7150532007 -0.3760997653 0.4145981967 0.6671752334 0.6188582778 0.6934410334 0.2087488919 -0.6896110773
-84.6 -139.8 2172.8 0.8766794205 0.0773763731 0.4748116732 -0.0573171787 0.9967501163 -0.0566037335 -0.4776483476 0.0224084631 0.8782652617
-114.9 -530.2 2164.0 0.8763615489 0.0554435030 0.4784520864 -0.0633251667 0.9979928732 0.0003417729 -0.4774728417 -0.0305975769 0.8781135678
94.4 -157.9 2155.3 0.9996537566 -0.0248123817 0.0087558376 0.0254755616 0.9959514737 -0.0862068534 -0.0065813921 0.0864000618 0.9962387681
104.1 -548.0 2121.4 0.9981312156 0.0610064752 0.0035090626 -0.0609908514 0.9910414219 0.1188151836 0.0037708692 -0.1188071594 0.9929102063
-46.1 580.8 2079.0 0 0 0 0 0 0 0 0 0
112.9 321.1 2086.0 0 0 0 0 0 0 0 0 0
-135.8 -906.0 2175.5 0 0 0 0 0 0 0 0 0
81.1 -921.0 2166.1 0 0 0 0 0 0 0 0 0
-22.4 515.8 2146.5 7 0.9686341882 -0.2387515604 0.0688877106 0.2370254248 0.9709647298 0.0323485360 -0.0746107996 -0.0150057590 0.9970998168
45.0 241.8 2150.7 0.9686341882 -0.2387515604 0.0688877106 0.2370254248 0.9709647298 0.0323485360 -0.0746107996 -0.0150057590 0.9970998168
25.5 47.1 2156.7 0.9925854802 0.0997260064 0.0694896951 -0.1015913039 0.9945405722 0.0238378588 -0.0667330623 -0.0307206605 0.9972978234
-96.4 256.3 2160.3 0.6183696389 0.1238937303 -0.7760601044 -0.7789480686 0.2275623083 -0.5843417645 0.1042057574 0.9658497572 0.2372244149
-271.1 476.4 2130.8 -0.8879588842 0.1238937303 -0.4429213405 -0.4090393782 0.2275623083 0.8836867213 0.2102754414 0.9658497572 -0.1513885707
186.4 227.3 2141.2 0.2904329300 0.7854674459 0.5465250015 -0.0370355397 0.5799430609 -0.8138146996 -0.9561783671 0.2161177248 0.1975247711
251.3 219.0 1927.3 -0.5919992328 0.7854674459 -0.1804931760 0.6021903753 0.5799430609 0.5486645699 0.5356339216 0.2161177248 -0.8163267970
-86.6 -139.7 2166.1 0.8710554838 0.0695428625 0.4862366915 -0.0568269193 0.9975471497 -0.0408707969 -0.4878862798 0.0079693990 0.8728708029
-113.9 -530.4 2163.0 0.8691908717 0.0768811628 0.4884634614 -0.0857686698 0.9963062406 -0.0041924152 -0.4869815111 -0.0382508524 0.8725742698
92.7 -158.8 2156.1 0.9994195104 -0.0261718426 0.0218087584 0.0280469749 0.9954878688 -0.0906489640 -0.0193379056 0.0912080109 0.9956440926
102.9 -548.8 2120.3 0.9986798167 0.0490073375 0.0153903142 -0.0506371930 0.9895915389 0.1347015649 -0.0086287595 -0.1353030652 0.9907667041
-44.2 580.9 2077.1 0 0 0 0 0 0 0 0 0
112.7 360.1 2052.8 0 0 0 0 0 0 0 0 0
-142.8 -905.5 2177.4 0 0 0 0 0 0 0 0 0
84.5 -921.3 2171.3 0 0 0 0 0 0 0 0 0
18.9 478.5 2143.0 8 0.9907433391 -0.1062091663 0.0845416859 0.1034751609 0.9939766526 0.0361018293 -0.0878668055 -0.0270196833 0.9957656860
44.0 243.4 2149.4 0.9907433391 -0.1062091663 0.0845416859 0.1034751609 0.9939766526 0.0361018293 -0.0878668055 -0.0270196833 0.9957656860
25.8 48.6 2156.6 0.9920269847 0.0934219062 0.0845861360 -0.0961845592 0.9949354529 0.0291881301 -0.0814309418 -0.0370912924 0.9959885478
-97.3 257.2 2161.0 0.6175444126 0.1095836684 -0.7788647413 -0.7784066796 0.2271539718 -0.5852214098 0.1127915159 0.9676737785 0.2255783230
-272.7 478.2 2128.9 -0.8906884789 0.1095836684 -0.4412090480 -0.4096949100 0.2271539718 0.8834880590 0.1970382482 0.9676737785 -0.1574275643
185.3 229.7 2137.7 0.2973976731 0.8219095469 0.4858181775 -0.0459404550 0.5205709338 -0.8525816202 -0.9536477923 0.2312370688 0.1925754696
250.7 219.6 1928.2 -0.5651711226 0.8219095469 -0.0710372776 0.6946485639 0.5205709338 0.4964567423 0.4450224936 0.2312370688 -0.8651499152
-83.6 -138.5 2168.8 0.8628888130 0.0815521553 0.4987706840 -0.0668988824 0.9966417551 -0.0472200774 -0.5009465814 0.0073784743 0.8654467463
-115.6 -528.9 2165.9 0.8632456660 0.0562481433 0.5016403794 -0.0608485378 0.9981210232 -0.0072067855 -0.5011031628 -0.0243028551 0.8650462627
95.7 -156.9 2156.7 0.9990314245 -0.0226789340 0.0377085768 0.0260432921 0.9954859614 -0.0912658572 -0.0354685448 0.0921595097 0.9951123595
104.6 -546.9 2120.6 0.9977423549 0.0588650629 0.0323288292 -0.0621518828 0.9917160869 0.1124114767 -0.0254439097 -0.1141669825 0.9931356907
-44.8 583.0 2078.5 0 0 0 0 0 0 0 0 0
113.7 388.0 2036.1 0 0 0 0 0 0 0 0 0
-136.8 -904.6 2175.0 0 0 0 0 0 0 0 0 0
82.4 -920.2 2163.6 0 0 0 0 0 0 0 0 0
36.7 459.6 2139.3 9 0.9947729707 -0.0186431129 0.1003951207 0.0140244709 0.9988191128 0.0465155430 -0.1011437625 -0.0448644161 0.9938597083
40.8 244.1 2149.0 0.9947729707 -0.0186431129 0.1003951207 0.0140244709 0.9988191128 0.0465155430 -0.1011437625 -0.0448644161 0.9938597083
23.1 49.4 2159.1 0.9908701181 0.0901507437 0.1002462283 -0.0947758555 0.9945967793 0.0423648655 -0.0958853513 -0.0514790006 0.9940603375
-100.4 257.7 2162.7 0.6304118037 0.1222313792 -0.7665770650 -0.7687020898 0.2357748002 -0.5945648551 0.1080650836 0.9640901089 0.2425947338
-277.9 474.1 2132.2 -0.8903900385 0.1222313792 -0.4384804070 -0.4030968547 0.2357748002 0.8842641711 0.2114674598 0.9640901089 -0.1606604457
181.9 230.6 2135.3 0.3668929040 0.7837986350 0.5010482073 -0.0803176388 0.5632874966 -0.8223479986 -0.9267894626 0.2614706457 0.2696190476
265.1 212.4 1925.4 -0.6177568436 0.7837986350 -0.0635312572 0.6641360521 0.5632874966 0.4915592074 0.4210697711 0.2614706457 -0.8685236573
-82.1 -137.5 2171.2 0.8554682732 0.0832728595 0.5111160874 -0.0659667328 0.9964691997 -0.0519380905 -0.5136364698 0.0107147284 0.8579410315
-114.8 -527.9 2167.0 0.8557469249 0.0591577739 0.5140014887 -0.0614162125 0.9980325103 -0.0126160067 -0.5137365460 -0.0207719151 0.8576965332
97.1 -155.0 2156.5 0.9983028769 -0.0216148775 0.0540753193 0.0267082080 0.9950888753 -0.0953144133 -0.0517495386 0.0965969041 0.9939773679
105.6 -544.8 2118.6 0.9970813990 0.0593867078 0.0479784757 -0.0650396645 0.9898393750 0.1264428794 -0.0399819575 -0.1291943491 0.9908129573
-50.0 577.3 2078.1 0 0 0 0 0 0 0 0 0
126.9 361.0 2019.5 0 0 0 0 0 0 0 0 0
-137.0 -903.7 2174.8 0 0 0 0 0 0 0 0 0
83.2 -917.4 2167.3 0 0 0 0 0 0 0 0 0
45.1 450.6 2139.2 0 0.9928036332 0.0288265757 0.1162323058 -0.0341885500 0.9984284639 0.0444045588 -0.1147696078 -0.0480588228 0.9922289252
39.2 244.8 2149.1 0.9928036332 0.0288265757 0.1162323058 -0.0341885500 0.9984284639 0.0444045588 -0.1147696078 -0.0480588228 0.9922289252
22.5 49.9 2159.2 0.9895608425 0.0854373127 0.1160596013 -0.0907625332 0.9950119853 0.0413916148 -0.1119443104 -0.0514933839 0.9923794270
-101.8 257.8 2165.0 0.6336339712 0.1113930121 -0.7655714154 -0.7642809749 0.2435351759 -0.5971307755 0.1199273765 0.9634740353 0.2394477278
-279.6 472.2 2131.4 -0.8918422461 0.1113930121 -0.4384164810 -0.4032121003 0.2435351759 0.8821057677 0.2050302625 0.9634740353 -0.1722799540
180.2 231.9 2133.1 0.3970250487 0.7830667496 0.4787249267 -0.0964594334 0.5543081164 -0.8267031908 -0.9127248526 0.2820443213 0.2956083715
272.9 209.3 1919.9 -0.6194534898 0.7830667496 -0.0555320717 0.6546365023 0.5543081164 0.5139976740 0.4332763553 0.2820443213 -0.8559921980
-84.0 -136.8 2177.8 0.8482378721 0.0764458328 0.5240691900 -0.0504970364 0.9966936111 -0.0636549070 -0.5272025466 0.0275305621 0.8492935300
-114.0 -527.2 2167.0 0.8476095200 0.0618327744 0.5270054936 -0.0614685453 0.9979426265 -0.0182241667 -0.5270481110 -0.0169472862 0.8496664166
95.1 -154.0 2160.5 0.9971627593 -0.0258538015 0.0706963614 0.0333577879 0.9936870337 -0.1071138531 -0.0674807504 0.1091682240 0.9917301536
105.2 -543.2 2117.7 0.9966439605 0.0526142530 0.0627104566 -0.0603001602 0.9899718165 0.1277484000 -0.0553602017 -0.1311011314 0.9898220897
-51.2 575.4 2078.9 0 0 0 0 0 0 0 0 0
137.9 352.0 2014.4 0 0 0 0 0 0 0 0 0
-137.2 -903.0 2173.4 0 0 0 0 0 0 0 0 0
85.4 -916.0 2167.1 0 0 0 0 0 0 0 0 0
45.7 443.9 2140.0 1 0.9905077219 0.0497833788 0.1281252801 -0.0552831590 0.9976799488 0.0397307687 -0.1258500814 -0.0464368053 0.9909618497
35.6 242.9 2149.3 0.9905077219 0.0497833788 0.1281252801 -0.0552831590 0.9976799488 0.0397307687 -0.1258500814 -0.0464368053 0.9909618497
20.2 47.9 2158.7 0.9886589646 0.0785415694 0.1280026585 -0.0840020627 0.9957473874 0.0378260165 -0.1244874001 -0.0481495149 0.9910522103
-105.3 254.9 2167.1 0.6256093383 0.0955362767 -0.7742646337 -0.7693223953 0.2402277887 -0.5919743776 0.1294448674 0.9660038352 0.2237869501
-280.5 470.4 2130.8 -0.8917355537 0.0955362767 -0.4423578978 -0.4106013179 0.2402277887 0.8796005845 0.1903004199 0.9660038352 -0.1749923527
176.5 230.9 2131.6 0.4177874029 0.7780767679 0.4690950513 -0.1030130908 0.5535526276 -0.8264186382 -0.9026859999 0.2969443798 0.3114194274
275.4 206.5 1917.9 -0.6268916726 0.7780767679 -0.0400416143 0.6541268826 0.5535526276 0.5154585242 0.4232314825 0.2969443798 -0.8559784889
-83.7 -136.7 2179.4 0.8415746689 0.0764533356 0.5347026587 -0.0484060720 0.9966239929 -0.0663133115 -0.5379673839 0.0299247466 0.8424343467
-113.6 -527.1 2167.6 0.8407245874 0.0629854649 0.5377871990 -0.0633789822 0.9978310466 -0.0177850798 -0.5377409458 -0.0191320498 0.8428930044
95.2 -153.1 2159.1 0.9962357879 -0.0245360173 0.0831399113 0.0324751586 0.9948969483 -0.0955269709 -0.0803717896 0.0978673697 0.9919487834
104.8 -542.8 2120.8 0.9954953194 0.0559403412 0.0765487254 -0.0638758764 0.9923672080 0.1054854020 -0.0700635538 -0.1098998412 0.9914701581
-52.2 575.6 2082.1 0 0 0 0 0 0 0 0 0
136.6 351.4 2011.6 0 0 0 0 0 0 0 0 0
-137.3 -902.9 2174.8 0 0 0 0 0 0 0 0 0
83.7 -916.5 2162.2 0 0 0 0 0 0 0 0 0
45.1 439.7 2140.0 2 0.9891105294 0.0577010959 0.1353919208 -0.0632669106 0.9973042607 0.0371692739 -0.1328822225 -0.0453303494 0.9900946617
33.6 241.0 2149.0 0.9891105294 0.0577010959 0.1353919208 -0.0632669106 0.9973042607 0.0371692739 -0.1328822225 -0.0453303494 0.9900946617
19.5 45.8 2158.0 0.9881701469 0.0721627623 0.1353228986 -0.0777030662 0.9963223934 0.0361097157 -0.1322194636 -0.0461975448 0.9901432991
-107.2 252.1 2167.8 0.6558667421 0.0901712179 -0.7494717836 -0.7455778122 0.2327357382 -0.6244580150 0.1181207299 0.9683507681 0.2198732942
-294.0 464.5 2134.2 -0.8899375200 0.0901712179 -0.4470798075 -0.4176496267 0.2327357382 0.8782954216 0.1832484156 0.9683507681 -0.1694602817
174.4 229.9 2130.2 0.4399571419 0.7805590034 0.4440329969 -0.0982809886 0.5333402157 -0.8401720524 -0.8926245570 0.3259996772 0.3113609552
276.9 207.0 1922.3 -0.6247481704 0.7805590034 0.0204275344 0.6826859713 0.5333402157 0.4994877875 0.3789848685 0.3259996772 -0.8660800457
-84.5 -139.5 2179.4 0.8373018503 0.0744942948 0.5416421294 -0.0477876700 0.9968543053 -0.0632285550 -0.5446484685 0.0270575732 0.8382278681
-113.7 -530.0 2168.8 0.8370454907 0.0671444684 0.5429976583 -0.0516927093 0.9977070689 -0.0436859354 -0.5446859002 0.0084980940 0.8385970592
94.2 -154.7 2156.9 0.9954902530 -0.0264743790 0.0910950229 0.0348123722 0.9952243567 -0.0911952108 -0.0882456526 0.0939551741 0.9916577935
104.6 -544.6 2120.1 0.9949756861 0.0545244478 0.0839671642 -0.0636012927 0.9919473529 0.1095232591 -0.0773193091 -0.1143134013 0.9904313087
-66.2 571.4 2087.3 0 0 0 0 0 0 0 0 0
130.8 366.7 2010.9 0 0 0 0 0 0 0 0 0
-138.9 -905.6 2165.6 0 0 0 0 0 0 0 0 0
84.1 -918.1 2163.2 0 0 0 0 0 0 0 0 0
45.2 436.5 2139.4 3 0.9889073372 0.0628571734 0.1345780790 -0.0684349760 0.9969608188 0.0372252725 -0.1318292022 -0.0460221916 0.9902034998
32.8 239.0 2148.5 0.9889073372 0.0628571734 0.1345780790 -0.0684349760 0.9969608188 0.0372252725 -0.1318292022 -0.0460221916 0.9902034998
19.0 43.9 2157.6 0.9884238839 0.0701165125 0.1345430911 -0.0756819770 0.9964563847 0.0367007069 -0.1314930022 -0.0464583412 0.9902278781
-108.1 249.8 2167.3 0.6716626883 0.0744547099 -0.7371063232 -0.7312865853 0.2260344326 -0.6435280442 0.1186977252 0.9712697268 0.2062666267
-299.5 458.2 2133.4 -0.8747616410 0.0744547099 -0.4787990451 -0.4528316557 0.2260344326 0.8624684811 0.1724399179 0.9712697268 -0.1640108079
173.6 228.2 2129.8 0.4373738766 0.7972736359 0.4160033762 -0.0871705562 0.4980049729 -0.8627817631 -0.8950449228 0.3410949409 0.2873131633
272.8 208.5 1926.7 -0.5984271765 0.7972736359 0.0789914429 0.7260695100 0.4980049729 0.4741457105 0.3386857510 0.3410949409 -0.8768957853
-84.0 -142.3 2179.0 0.8374911547 0.0789335072 0.5407199860 -0.0501056165 0.9964363575 -0.0678525046 -0.5441489220 0.0297327638 0.8384616375
-114.9 -532.6 2167.4 0.8370474577 0.0621240512 0.5435919166 -0.0576155111 0.9980172515 -0.0253387839 -0.5440882444 -0.0101095615 0.8389670849
94.7 -156.3 2155.1 0.9957823157 -0.0150095765 0.0905112848 0.0229704455 0.9958939552 -0.0875649601 -0.0888253227 0.0892747268 0.9920383692
100.5 -546.4 2120.2 0.9960407019 0.0234109536 0.0857605115 -0.0328996852 0.9932804108 0.1109576002 -0.0825866163 -0.1133397743 0.9901179671
-75.7 574.1 2089.3 0 0 0 0 0 0 0 0 0
126.6 386.0 2009.5 0 0 0 0 0 0 0 0 0
-138.3 -908.3 2171.2 0 0 0 0 0 0 0 0 0
91.7 -920.3 2162.8 0 0 0 0 0 0 0 0 0
45.5 435.4 2139.0 4 0.9888069630 0.0658537298 0.1338808984 -0.0716909319 0.9966542721 0.0392520055 -0.1308480650 -0.0484107025 0.9902197719
32.5 238.5 2148.5 0.9888069630 0.0658537298 0.1338808984 -0.0716909319 0.9966542721 0.0392520055 -0.1308480650 -0.0484107025 0.9902197719
18.9 43.3 2158.1 0.9885603786 0.0694906712 0.1338636577 -0.0753223598 0.9963963628 0.0389982536 -0.1306712478 -0.0486350544 0.9902321100
-108.4 249.2 2167.2 0.6675653458 0.0813421533 -0.7400946021 -0.7351646423 0.2293528765 -0.6379108429 0.1178537756 0.9699385166 0.2129078954
-289.3 448.5 2135.2 -0.8405370712 0.0813421533 -0.5356126428 -0.5071860552 0.2293528765 0.8307583928 0.1904199868 0.9699385166 -0.1515239775
173.4 227.8 2129.9 0.4587408304 0.7941489220 0.3986030519 -0.0797083676 0.4835589528 -0.8716750145 -0.8849878311 0.3681009114 0.2851285338
276.5 209.9 1931.1 -0.5973483324 0.7941489220 0.1118144393 0.7325513959 0.4835589528 0.4791024923 0.3264098465 0.3681009114 -0.8706080317
-84.1 -144.5 2178.6 0.8378953934 0.0826288313 0.5395403504 -0.0506230704 0.9959788918 -0.0739142820 -0.5434782505 0.0346192457 0.8387090564
-116.4 -534.6 2165.0 0.8379588127 0.0452787578 0.5438518524 -0.0492414050 0.9987603426 -0.0072820513 -0.5435073972 -0.0206779707 0.8391496539
94.6 -158.1 2154.8 0.9957843423 -0.0185252633 0.0898350477 0.0258245897 0.9963970780 -0.0807836577 -0.0880148411 0.0827630535 0.9926750064
101.9 -548.4 2122.4 0.9962499142 0.0149792861 0.0852156430 -0.0230538119 0.9952508211 0.0945743248 -0.0833942816 -0.0961842090 0.9918639064
-76.1 577.1 2086.9 0 0 0 0 0 0 0 0 0
129.2 390.5 2011.6 0 0 0 0 0 0 0 0 0
-133.5 -910.6 2172.8 0 0 0 0 0 0 0 0 0
96.3 -923.1 2158.6 0 0 0 0 0 0 0 0 0
26.3 452.8 2137.6 5 0.9918353558 -0.0309307389 0.1237170920 0.0247981381 0.9984006286 0.0508062355 -0.1250906885 -0.0473234653 0.9910160303
33.1 235.6 2147.9 0.9918353558 -0.0309307389 0.1237170920 0.0247981381 0.9984006286 0.0508062355 -0.1250906885 -0.0473234653 0.9910160303
18.4 40.5 2158.3 0.9894971251 0.0750243291 0.1235590726 -0.0809511170 0.9957613945 0.0436598100 -0.1197598055 -0.0532035008 0.9913762808
-108.0 247.1 2165.0 0.6661442518 0.0865699127 -0.7407816648 -0.7381978631 0.2181953192 -0.6383218169 0.1063756272 0.9720578194 0.2092552781
-283.1 441.2 2137.0 -0.8085123897 0.0865699127 -0.5820767879 -0.5546973348 0.2181953192 0.8029332161 0.1965162903 0.9720578194 -0.1283935159
174.1 224.0 2130.9 0.4867566824 0.7920741439 0.3683564365 -0.1115267873 0.4745826423 -0.8731168509 -0.8663888574 0.3839138746 0.3193437755
283.0 199.1 1937.0 -0.5988117456 0.7920741439 0.1185034737 0.7261883020 0.4745826423 0.4974151850 0.3377500176 0.3839138746 -0.8593806028
-84.1 -145.0 2179.4 0.8434709311 0.0783307776 0.5314329863 -0.0561586581 0.9967483878 -0.0577831641 -0.5342311859 0.0188938547 0.8451272845
-114.7 -535.4 2172.0 0.8443660736 0.0611087978 0.5322703123 -0.0427836180 0.9979919791 -0.0467075743 -0.5340557694 0.0166658387 0.8452849984
94.7 -158.6 2155.8 0.9965901971 -0.0240857452 0.0789165795 0.0301480535 0.9966097474 -0.0765512884 -0.0768052414 0.0786694512 0.9939376712
104.1 -549.0 2125.0 0.9963477254 0.0423791111 0.0741295367 -0.0484141521 0.9954880476 0.0816062316 -0.0703366697 -0.0848971084 0.9939040542
-76.9 582.6 2086.9 0 0 0 0 0 0 0 0 0
148.5 362.1 2012.9 0 0 0 0 0 0 0 0 0
-137.7 -910.9 2165.7 0 0 0 0 0 0 0 0 0
88.2 -923.7 2156.9 0 0 0 0 0 0 0 0 0
18.7 458.3 2137.5 6 0.9912581444 -0.0676261112 0.1132874340 0.0623597316 0.9968301058 0.0494066179 -0.1162694991 -0.0419101380 0.9923330545
33.9 233.4 2146.9 0.9912581444 -0.0676261112 0.1132874340 0.0623597316 0.9968301058 0.0494066179 -0.1162694991 -0.0419101380 0.9923330545
19.3 38.4 2158.0 0.9907420278 0.0748163685 0.1132817864 -0.0806530789 0.9955933690 0.0478427559 -0.1092031747 -0.0565363541 0.9924103618
-107.3 244.9 2162.5 0.6679381132 0.1092488542 -0.7361544371 -0.7391059995 0.2131047547 -0.6389903426 0.0870690420 0.9709022045 0.2230872661
-280.3 436.4 2139.9 -0.7835820913 0.1092488542 -0.6116074920 -0.5825207233 0.2131047547 0.7843825221 0.2160293609 0.9709022045 -0.1033453494
175.1 222.0 2131.3 0.5437290072 0.7625803351 0.3504711092 -0.1282091588 0.4881667793 -0.8632819057 -0.8294101357 0.4244577885 0.3632002175
300.9 192.3 1939.5 -0.6415543556 0.7625803351 0.0829412416 0.6548459530 0.4881667793 0.5769488811 0.3994807005 0.4244577885 -0.8125581741
-85.8 -147.2 2179.6 0.8490783572 0.0780246034 0.5224730968 -0.0564884171 0.9967716932 -0.0570548475 -0.5252380371 0.0189303588 0.8507447243
-116.3 -537.6 2172.2 0.8499800563 0.0481491238 0.5246099234 -0.0401489884 0.9988389015 -0.0266243145 -0.5252827406 0.0015675788 0.8509263396
93.1 -161.8 2157.9 0.9971621037 -0.0303138681 0.0689114481 0.0357919186 0.9961759448 -0.0797022954 -0.0662318394 0.0819425806 0.9944338799
105.0 -552.0 2125.8 0.9963290691 0.0569994338 0.0638710186 -0.0610579662 0.9961121082 0.0635029748 -0.0600030608 -0.0671696886 0.9959356785
-79.0 586.1 2084.4 0 0 0 0 0 0 0 0 0
174.5 321.3 2018.2 0 0 0 0 0 0 0 0 0
-134.5 -913.6 2171.6 0 0 0 0 0 0 0 0 0
83.5 -927.0 2151.1 0 0 0 0 0 0 0 0 0
14.9 459.0 2137.4 7 0.9900537729 -0.0554385893 0.1293063313 0.0494125336 0.9975581765 0.0493568443 -0.1317268610 -0.0424765758 0.9903755784
26.8 244.5 2146.5 0.9900537729 -0.0554385893 0.1293063313 0.0494125336 0.9975581765 0.0493568443 -0.1317268610 -0.0424765758 0.9903755784
22.4 49.2 2155.3 0.9913335443 0.0225330498 0.1294219792 -0.0282283034 0.9987043738 0.0423406325 -0.1283002347 -0.0456270538 0.9906852245
-114.2 248.6 2164.7 0.6898283362 0.0973490849 -0.7173980474 -0.7193670273 0.2037662417 -0.6640710831 0.0815347955 0.9741675854 0.2105934620
-285.6 427.3 2144.5 -0.7512104511 0.0973490849 -0.6528445482 -0.6270208359 0.2037662417 0.7518804669 0.2062225640 0.9741675854 -0.0920314267
167.9 240.5 2128.3 0.5955747366 0.7479925156 0.2929128408 -0.2532608509 0.5208826661 -0.8151933551 -0.7623317242 0.4113252163 0.4996617734
311.7 179.4 1944.2 -0.6442062855 0.7639594674 0.0369357802 0.6331503987 0.5055648088 0.5861099362 0.4290907681 0.4009615779 -0.8093892336
-84.9 -149.3 2178.9 0.8383919001 0.0769251734 0.5396123528 -0.0523938797 0.9967803955 -0.0606933832 -0.5425438881 0.0226124581 0.8397230506
-115.1 -539.7 2170.1 0.8379593492 0.0653336942 0.5418077707 -0.0593094602 0.9978299737 -0.0285950210 -0.5425002575 -0.0081728622 0.8400158882
94.2 -163.8 2159.2 0.9954853058 -0.0261554364 0.0912408084 0.0333880261 0.9963417649 -0.0786658600 -0.0888494849 0.0813570619 0.9927168489
104.4 -554.1 2127.3 0.9950785637 0.0471829511 0.0871341899 -0.0516489074 0.9974263310 0.0497302040 -0.0845635161 -0.0539858490 0.9949545264
-91.8 589.0 2091.3 0 0 0 0 0 0 0 0 0
183.2 305.7 2029.8 0 0 0 0 0 0 0 0 0
-139.7 -915.4 2173.1 0 0 0 0 0 0 0 0 0
86.7 -929.7 2147.6 0 0 0 0 0 0 0 0 0
15.0 459.9 2137.3 8 0.9893578291 -0.0326171368 0.1417997330 0.0263243765 0.9985931516 0.0460298546 -0.1431016028 -0.0418072082 0.9888246059
21.8 252.0 2146.0 0.9893578291 -0.0326171368 0.1417997330 0.0263243765 0.9985931516 0.0460298546 -0.1431016028 -0.0418072082 0.9888246059
19.8 56.4 2153.8 0.9898348451 0.0097604785 0.1418864131 -0.0153642902 0.9991422892 0.0384533107 -0.1413893998 -0.0402424112 0.9891358018
-119.2 254.1 2166.1 0.7551251650 0.0930491090 -0.6489436030 -0.6537548900 0.1807029247 -0.7348135710 0.0488922670 0.9791262746 0.1972846538
-299.4 410.2 2154.5 -0.7293903828 0.0930491090 -0.6777399778 -0.6570174694 0.1807029247 0.7318978906 0.1905720532 0.9791262746 -0.0706680939
162.7 249.8 2125.9 0.6429382563 0.7269226909 0.2412754297 -0.3127782047 0.5367398262 -0.7836326361 -0.6991424561 0.4283617139 0.5724561810
317.3 174.6 1957.8 -0.6758127809 0.7347818613 0.0580749176 0.6250412464 0.5295518041 0.5734965205 0.3906411827 0.4238755107 -0.8171468973
-71.5 -143.6 2175.7 0.8283722997 0.1066515893 0.5499315858 -0.0785924792 0.9941258430 -0.0744115561 -0.5546373129 0.0184199847 0.8318883181
-113.3 -532.8 2168.5 0.8287205696 0.0742036998 0.5547215939 -0.0740306452 0.9969960451 -0.0227683149 -0.5547447205 -0.0221978277 0.8317244649
107.5 -148.7 2152.6 0.9944700599 0.0003263180 0.1050197929 0.0073404270 0.9973335266 -0.0726080537 -0.1047634557 0.0729774311 0.9918159842
107.3 -539.2 2124.0 0.9926099181 0.0624150857 0.1040669978 -0.0694322735 0.9954519868 0.0652266294 -0.0995225683 -0.0719702020 0.9924291372
-110.2 580.6 2105.0 0 0 0 0 0 0 0 0 0
177.5 303.8 2038.6 0 0 0 0 0 0 0 0 0
-141.2 -908.2 2176.9 0 0 0 0 0 0 0 0 0
83.8 -914.0 2151.1 0 0 0 0 0 0 0 0 0
15.1 461.4 2136.8 9 0.9887111783 -0.0176213384 0.1487942487 0.0112425704 0.9989857078 0.0436025672 -0.1494116634 -0.0414375141 0.9879063964
18.7 257.4 2145.3 0.9887111783 -0.0176213384 0.1487942487 0.0112425704 0.9989857078 0.0436025672 -0.1494116634 -0.0414375141 0.9879063964
17.6 61.8 2152.4 0.9888474941 0.0050916709 0.1488446146 -0.0104997410 0.9993119836 0.0355704837 -0.1485610902 -0.0367366113 0.9882206321
-122.2 258.9 2166.4 0.8185026646 0.1125022620 -0.5633797050 -0.5744993687 0.1636432111 -0.8019796610 0.0019687384 0.9800837636 0.1985748857
-313.0 392.8 2166.0 -0.7000617981 0.1125022620 -0.7051643133 -0.6869260669 0.1636432111 0.7080631852 0.1950540692 0.9800837636 -0.0372796282
159.5 255.9 2124.1 0.6991726756 0.6945188046 0.1697092652 -0.3707920611 0.5551972985 -0.7444925904 -0.6112862229 0.4576019943 0.6457008123
327.3 166.9 1977.4 -0.6965165138 0.7050929070 0.1330743879 0.6526233554 0.5454264879 0.5259208679 0.2982407808 0.4531599879 -0.8400586247
-71.5 -137.7 2174.4 0.8234503865 0.1062326282 0.5573545694 -0.0847719461 0.9943251014 -0.0642755553 -0.5610197783 0.0056796968 0.8277829289
-113.1 -527.1 2172.2 0.8259996176 0.0709047690 0.5591933131 -0.0543503948 0.9974528551 -0.0461929068 -0.5610442758 0.0077629462 0.8277493715
107.3 -140.5 2148.9 0.9935839772 0.0115703233 0.1125032231 -0.0035509050 0.9974541664 -0.0712223575 -0.1130408719 0.0703659058 0.9910955429
102.8 -531.1 2121.3 0.9928728938 0.0383949764 0.1128240824 -0.0498432741 0.9936909080 0.1004687622 -0.1082547680 -0.1053762361 0.9885225296
-130.9 571.5 2115.2 0 0 0 0 0 0 0 0 0
174.8 309.8 2042.7 0 0 0 0 0 0 0 0 0
-139.8 -902.6 2169.3 0 0 0 0 0 0 0 0 0
88.3 -905.0 2161.0 0 0 0 0 0 0 0 0 0
14.2 464.4 2132.0 0 0.9879206419 -0.0116544124 0.1545219570 0.0029827969 0.9984132648 0.0562324859 -0.1549321264 -0.0550923236 0.9863877892
16.5 262.6 2143.2 0.9879206419 -0.0116544124 0.1545219570 0.0029827969 0.9984132648 0.0562324859 -0.1549321264 -0.0550923236 0.9863877892
16.1 67.0 2152.3 0.9879792929 0.0020995182 0.1545718908 -0.0092873825 0.9989077449 0.0457943305 -0.1543069035 -0.0466794185 0.9869196415
-124.3 264.0 2165.2 0.8735403419 0.1263086051 -0.4700780511 -0.4841793180 0.1263239831 -0.8658017516 -0.0499760844 0.9839148521 0.1715051085
-325.2 375.3 2176.7 -0.6645552516 0.1263086051 -0.7364865541 -0.7256128788 0.1263239831 0.6764082909 0.1784721017 0.9839148521 0.0077018891
157.3 261.3 2121.2 0.7407386899 0.6643160582 0.0999521166 -0.4254752994 0.5790593624 -0.6954573989 -0.5198817253 0.4726250470 0.7115817070
334.3 159.6 1997.0 -0.6511105299 0.7056018710 0.2796087861 0.7480142713 0.5341635346 0.3938831985 0.1285678893 0.4656128883 -0.8755997419
-72.7 -132.9 2173.0 0.8208433390 0.1036821604 0.5616638064 -0.0834542438 0.9946035147 -0.0616379119 -0.5650235415 0.0037218435 0.8250663877
-113.3 -522.5 2171.5 0.8235300779 0.0566709898 0.5644348264 -0.0462485626 0.9983925223 -0.0327634104 -0.5653842092 0.0008773553 0.8248271942
106.0 -134.8 2146.2 0.9929392934 0.0062384838 0.1184594035 0.0023344245 0.9973951578 -0.0720936880 -0.1186005846 0.0718611926 0.9903382659
103.5 -525.5 2118.0 0.9925748110 0.0320755802 0.1173301637 -0.0471340828 0.9906648397 0.1279121488 -0.1121320128 -0.1324926317 0.9848208427
-152.5 563.9 2130.3 0 0 0 0 0 0 0 0 0
186.1 329.8 2026.2 0 0 0 0 0 0 0 0 0
-134.7 -898.4 2171.2 0 0 0 0 0 0 0 0 0
91.5 -898.3 2167.9 0 0 0 0 0 0 0 0 0
15.1 464.5 2128.7 1 0.9883322716 -0.0002267648 0.1523129046 -0.0094483960 0.9979817271 0.0627948195 -0.1520197392 -0.0635012612 0.9863354564
15.1 263.3 2141.5 0.9883322716 -0.0002267648 0.1523129046 -0.0094483960 0.9979817271 0.0627948195 -0.1520197392 -0.0635012612 0.9863354564
13.7 67.7 2151.9 0.9883100986 0.0074992483 0.1522724330 -0.0155395735 0.9985427260 0.0516810417 -0.1516629606 -0.0534431450 0.9869863987
-125.7 265.5 2163.1 0.9186806083 0.1474626213 -0.3664433360 -0.3810811639 0.0867682621 -0.9204609990 -0.1039379314 0.9852542877 0.1359075457
-330.2 350.3 2186.2 -0.6085308194 0.1474626213 -0.7797082663 -0.7773278952 0.0867682621 0.6230831146 0.1595354080 0.9852542877 0.0618256442
156.0 261.1 2119.9 0.7767851949 0.6290683150 -0.0296275672 -0.4430139065 0.5123941302 -0.7356567979 -0.4475974143 0.5845727324 0.6767061949
340.2 156.0 2013.7 -0.6332152486 0.6290683150 0.4509007037 0.7739698887 0.5123941302 0.3720522523 0.0030074152 0.5845727324 -0.8113357425
-73.6 -127.7 2175.4 0.8234359622 0.0980938524 0.5588656664 -0.0762930736 0.9951397777 -0.0622593835 -0.5622567534 0.0086290352 0.8269177079
-112.0 -517.5 2172.0 0.8257780671 0.0630180985 0.5604634285 -0.0454719402 0.9979420304 -0.0452102236 -0.5621591210 0.0118482523 0.8269442320
105.0 -129.4 2147.5 0.9933011532 0.0051557627 0.1154391542 0.0037532884 0.9970375299 -0.0768251866 -0.1154932603 0.0767438263 0.9903391600
103.0 -519.9 2117.4 0.9931544065 0.0249354318 0.1141161844 -0.0392903127 0.9913370609 0.1253277808 -0.1100025028 -0.1289535016 0.9855305552
-171.5 553.0 2144.6 0 0 0 0 0 0 0 0 0
192.5 336.5 2014.4 0 0 0 0 0 0 0 0 0
-135.8 -893.3 2167.5 0 0 0 0 0 0 0 0 0
93.6 -893.2 2166.0 0 0 0 0 0 0 0 0 0
16.8 463.4 2126.5 2 0.9881008863 0.0057283379 0.1537003219 -0.0158678629 0.9977705479 0.0648240969 -0.1529863179 -0.0664916411 0.9859888554
15.7 263.0 2139.8 0.9881008863 0.0057283379 0.1537003219 -0.0158678629 0.9977705479 0.0648240969 -0.1529863179 -0.0664916411 0.9859888554
13.5 67.5 2151.2 0.9880698323 0.0108623607 0.1536230594 -0.0196080711 0.9982644916 0.0555296466 -0.1527532637 -0.0578794181 0.9865679741
-125.2 265.8 2161.6 0.9521532655 0.1920263171 -0.2377603948 -0.2558558285 0.0753356591 -0.9637750387 -0.1671583354 0.9784939885 0.1208621487
-335.9 322.4 2198.6 -0.5323467851 0.1920263171 -0.8244590759 -0.8296185136 0.0753356591 0.5532247424 0.1683448851 0.9784939885 0.1192038953
156.5 260.2 2118.1 0.7990134358 0.5911090374 -0.1103069335 -0.4714755714 0.5019997358 -0.7250565886 -0.3732134402 0.6313369870 0.6797980070
341.0 151.3 2031.9 -0.5813578367 0.5911090374 0.5591182113 0.8077315092 0.5019997358 0.3091376424 -0.0979431495 0.6313369870 -0.7692988515
-77.1 -126.4 2176.1 0.8241399527 0.0886649117 0.5594031811 -0.0644441023 0.9959362149 -0.0629128367 -0.5627080202 0.0157987494 0.8265047073
-111.9 -516.5 2169.9 0.8248728514 0.0704112202 0.5609162450 -0.0546296500 0.9974976778 -0.0448774807 -0.5626725554 0.0063755573 0.8266552687
101.5 -129.2 2148.7 0.9931955934 -0.0052551883 0.1163394228 0.0147348568 0.9966235757 -0.0807735696 -0.1155221313 0.0819381997 0.9899196029
103.6 -519.6 2116.6 0.9928923845 0.0367268957 0.1132073253 -0.0493257307 0.9926424623 0.1105799899 -0.1083131433 -0.1153780594 0.9873986840
-196.5 539.6 2154.5 0 0 0 0 0 0 0 0 0
199.4 348.1 2008.0 0 0 0 0 0 0 0 0 0
-138.4 -892.2 2167.5 0 0 0 0 0 0 0 0 0
89.8 -893.3 2160.0 0 0 0 0 0 0 0 0 0
18.5 464.1 2120.4 3 0.9885143638 0.0115823904 0.1506824940 -0.0238546859 0.9965178967 0.0798940882 -0.1492324322 -0.0825709403 0.9853485227
16.1 264.3 2136.9 0.9885143638 0.0115823904 0.1506824940 -0.0238546859 0.9965178967 0.0798940882 -0.1492324322 -0.0825709403 0.9853485227
13.0 69.0 2151.0 0.9884728789 0.0162143260 0.1505273134 -0.0268301889 0.9972721338 0.0687637255 -0.1490017325 -0.0720097497 0.9862114787
-124.7 268.2 2158.2 0.9564311504 0.2708225250 -0.1090624556 -0.1350017786 0.0790187344 -0.9876894951 -0.2588706017 0.9593806267 0.1121374965
-335.5 297.9 2215.2 -0.4635786116 0.2708225250 -0.8436527848 -0.8627411723 0.0790187344 0.4994334280 0.2019221932 0.9593806267 0.1970183402
157.0 260.5 2115.7 0.8061755300 0.5556709766 -0.2032505423 -0.5197140574 0.5008420348 -0.6921376586 -0.2828043997 0.6636165977 0.6925566196
342.1 141.2 2050.8 -0.5287404060 0.5556709766 0.6416099072 0.8288608193 0.5008420348 0.2492929548 -0.1828203648 0.6636165977 -0.7253893614
-77.9 -126.3 2176.3 0.8269799352 0.0888354555 0.5551688671 -0.0628977865 0.9958577752 -0.0656597912 -0.5587021112 0.0193804372 0.8291419148
-112.7 -516.3 2168.7 0.8270826936 0.0672870278 0.5580381751 -0.0613878332 0.9976834059 -0.0293140039 -0.5587179065 -0.0100116506 0.8292973042
100.7 -129.8 2148.7 0.9936398864 -0.0037708264 0.1125415266 0.0120749371 0.9972444177 -0.0731970146 -0.1119553968 0.0740904063 0.9909473062
102.2 -520.4 2119.7 0.9936653972 0.0215326827 0.1102967262 -0.0322033092 0.9948702455 0.0958966911 -0.1076660156 -0.0988411456 0.9892615676
-212.7 526.4 2161.7 0 0 0 0 0 0 0 0 0
211.1 346.6 2005.5 0 0 0 0 0 0 0 0 0
-138.0 -892.0 2172.5 0 0 0 0 0 0 0 0 0
94.1 -895.0 2156.9 0 0 0 0 0 0 0 0 0
18.1 463.7 2116.8 4 0.9893302917 0.0107320640 0.1452942789 -0.0237652771 0.9958133698 0.0882662013 -0.1437387168 -0.0907773823 0.9854433537
16.0 263.9 2135.0 0.9893302917 0.0107320640 0.1452942789 -0.0237652771 0.9958133698 0.0882662013 -0.1437387168 -0.0907773823 0.9854433537
13.2 68.7 2150.8 0.9893065691 0.0141945723 0.1451587826 -0.0256620105 0.9966670871 0.0774347410 -0.1435758322 -0.0803317651 0.9863735437
-125.0 267.5 2155.5 0.9411385059 0.3366861641 0.0300117694 -0.0000985822 0.0890600607 -0.9960262775 -0.3380211294 0.9373956919 0.0838510394
-328.2 267.5 2228.5 -0.3556197584 0.3366861641 -0.8718813062 -0.9097629786 0.0890600607 0.4054622650 0.2141633481 0.9373956919 0.2746331096
157.0 260.2 2114.6 0.8133017421 0.5101072788 -0.2798765004 -0.5434404612 0.4941151142 -0.6786182523 -0.2078769207 0.7040175796 0.6790776253
343.6 135.5 2066.9 -0.4832875729 0.5101072788 0.7114939690 0.8417487144 0.4941151142 0.2175070494 -0.2406079918 0.7040175796 -0.6681818366
-79.6 -123.8 2178.6 0.8313118815 0.0812954158 0.5498287082 -0.0507367998 0.9962146282 -0.0705848411 -0.5534856319 0.0307814684 0.8322896957
-111.4 -514.0 2166.5 0.8301886320 0.0702517033 0.5530384779 -0.0685785636 0.9973630309 -0.0237475559 -0.5532484651 -0.0182116330 0.8328171968
