-26.3 469.5 2152.5 1 0.9070319533 -0.2963999212 0.2990654707 0.2879914641 0.9548543096 0.0728980377 -0.3071709275 0.0200074520 0.9514440298
48.3 229.3 2147.5 0.9070319533 -0.2963999212 0.2990654707 0.2879914641 0.9548543096 0.0728980377 -0.3071709275 0.0200074520 0.9514440298
25.1 35.6 2164.1 0.9460176229 0.1187222898 0.3015885353 -0.1385942400 0.9893131256 0.0452904701 -0.2929884791 -0.0846440196 0.9523618817
-86.5 249.1 2189.2 0.8029287457 0.3375112116 -0.4913161993 -0.5880481601 0.3137017488 -0.7455136180 -0.0974924490 0.8875119090 0.4503530264
-302.7 407.4 2215.5 -0.7883463502 0.3375112116 -0.5143892169 -0.4210178852 0.3137017488 0.8510788083 0.4486134350 0.8875119090 -0.1052073762
183.1 209.5 2105.8 -0.4369853139 0.6102170348 0.6608169079 -0.4022155106 0.5245613456 -0.7503719926 -0.8045287728 -0.5936923623 0.0162131432
91.2 124.9 1936.5 -0.3411272466 0.6102170348 -0.7150296569 0.8503366113 0.5245613456 0.0419888310 0.4006991982 -0.5936923623 -0.6978320479
-82.7 -146.5 2200.2 0.7659666538 0.0744007602 0.6385605335 -0.0044047059 0.9938647151 -0.1105148643 -0.6428651810 0.0818380341 0.7615949512
-111.8 -535.8 2168.1 0.7633360624 0.0697517097 0.6422248483 -0.0575831048 0.9975430369 -0.0399004668 -0.6434300542 -0.0065238373 0.7654771209
89.3 -169.8 2149.7 0.9725725651 -0.0312628560 0.2304892093 0.0443959497 0.9976590276 -0.0520137660 -0.2283235490 0.0608199500 0.9716837406
101.5 -560.5 2125.8 0.9744748473 0.0297314804 0.2225193083 -0.0550052077 0.9925998449 0.1082590446 -0.2176539302 -0.1177354380 0.9688989520
-102.8 514.1 2101.7 0 0 0 0 0 0 0 0 0
-3.6 361.1 2047.8 0 0 0 0 0 0 0 0 0
-138.1 -911.4 2170.6 0 0 0 0 0 0 0 0 0
90.3 -934.2 2170.2 0 0 0 0 0 0 0 0 0
-23.7 468.5 2151.9 2 0.9019038081 -0.2911294401 0.3190817833 0.2814268172 0.9564712048 0.0772122219 -0.3276712894 0.0201601740 0.9445766807
49.0 229.5 2146.9 0.9019038081 -0.2911294401 0.3190817833 0.2814268172 0.9564712048 0.0772122219 -0.3276712894 0.0201601740 0.9445766807
27.0 35.7 2164.3 0.9400826693 0.1128722429 0.3217211068 -0.1353819817 0.9896107316 0.0483980402 -0.3129158616 -0.0890533999 0.9455966949
-84.9 248.8 2191.4 0.8163029552 0.3407343328 -0.4664221406 -0.5682148337 0.3285316527 -0.7544526458 -0.1038334817 0.8808899522 0.4617916644
-312.2 407.0 2220.3 -0.7918428183 0.3407343328 -0.5068382621 -0.4048288465 0.3285316527 0.8533349633 0.4572729468 0.8808899522 -0.1222063527
183.0 210.2 2102.3 -0.4422811866 0.5987038612 0.6677882075 -0.4102666378 0.5270476341 -0.7442459464 -0.7975391150 -0.6031371951 0.0125249410
91.0 124.9 1936.5 -0.3420551121 0.5987038612 -0.7242596149 0.8491290212 0.5270476341 0.0346513204 0.4024652243 -0.6031371951 -0.6886561513
-83.6 -145.6 2207.1 0.7533960938 0.0676100329 0.6540819407 0.0166625977 0.9924178123 -0.1217751727 -0.6573557854 0.1026436463 0.7465571761
-110.1 -534.2 2166.9 0.7484616637 0.0880916715 0.6573013067 -0.0755155832 0.9960127473 -0.0474971011 -0.6588645577 -0.0140867308 0.7521296740
87.4 -170.7 2154.2 0.9668390155 -0.0442791320 0.2515186965 0.0589225963 0.9969596267 -0.0509869121 -0.2484963387 0.0641162694 0.9665085077
104.7 -561.2 2129.1 0.9669522643 0.0687245950 0.2455203682 -0.0842752904 0.9950111508 0.0533904545 -0.2406262606 -0.0723173246 0.9679200649
-109.9 510.4 2103.6 0 0 0 0 0 0 0 0 0
-4.0 360.7 2048.2 0 0 0 0 0 0 0 0 0
-143.3 -909.3 2172.2 0 0 0 0 0 0 0 0 0
78.9 -935.2 2156.3 0 0 0 0 0 0 0 0 0
-22.2 467.3 2150.1 3 0.9311695695 -0.2952244282 0.2139292210 0.2830610871 0.9552257061 0.0861410871 -0.2297816575 -0.0196569264 0.9730436802
51.4 229.1 2155.0 0.9311695695 -0.2952244282 0.2139292210 0.2830610871 0.9552257061 0.0861410871 -0.2297816575 -0.0196569264 0.9730436802
28.4 35.1 2161.2 0.9677373767 0.1205876097 0.2212305665 -0.1247131303 0.9921815991 0.0047224648 -0.2189314365 -0.0321604647 0.9752100706
-85.8 247.2 2186.0 0.8112089634 0.3785190284 -0.4457166493 -0.5694187880 0.3379019499 -0.7493894100 -0.1330496222 0.8617108464 0.4896449447
-304.8 401.0 2221.9 -0.7549742460 0.3785190284 -0.5354785323 -0.4258839488 0.3379019499 0.8393123150 0.4986349046 0.8617108464 -0.0939020962
188.6 211.0 2124.0 -0.4261959791 0.6313419938 0.6478921771 -0.3770913780 0.5270175934 -0.7616131306 -0.8222889304 -0.5689110160 0.0134608671
91.0 124.6 1935.5 -0.3413384855 0.6313419938 -0.6963442564 0.8475635648 0.5270175934 0.0623574890 0.4063545465 -0.5689110160 -0.7149938941
-80.1 -145.9 2210.0 0.8148508072 0.0784834996 0.5743330717 -0.0012101482 0.9910200834 -0.1337074935 -0.5796694160 0.1082566381 0.8076285124
-110.8 -534.0 2167.6 0.8116547465 0.0748951435 0.5793162584 -0.0682655200 0.9971124530 -0.0332648195 -0.5801348090 -0.0125477770 0.8144237995
89.8 -170.4 2153.5 0.9886325002 -0.0285315793 0.1476204097 0.0367007591 0.9979244471 -0.0529141277 -0.1458042860 0.0577304065 0.9876276255
101.0 -561.2 2130.8 0.9883611202 0.0492344350 0.1439385414 -0.0568369403 0.9971709847 0.0491895415 -0.1411095113 -0.0567980558 0.9883633256
-116.5 507.2 2097.5 0 0 0 0 0 0 0 0 0
-3.8 360.0 2048.4 0 0 0 0 0 0 0 0 0
-139.0 -909.5 2172.3 0 0 0 0 0 0 0 0 0
82.5 -936.3 2152.2 0 0 0 0 0 0 0 0 0
-22.7 463.0 2149.2 4 0.9293451905 -0.3029953241 0.2109770775 0.2934730649 0.9529534578 0.0758502483 -0.2240336090 -0.0085749710 0.9745436907
51.4 229.8 2151.3 0.9293451905 -0.3029953241 0.2109770775 0.2934730649 0.9529534578 0.0758502483 -0.2240336090 -0.0085749710 0.9745436907
29.9 35.6 2161.8 0.9700778127 0.1116330251 0.2156087160 -0.1205827892 0.9922863245 0.0287686307 -0.2107340544 -0.0539065115 0.9760559797
-86.5 247.1 2181.2 0.8137072921 0.3997412920 -0.4220039546 -0.5573623776 0.3304738104 -0.7616654038 -0.1650078744 0.8549818397 0.4917097092
-307.4 398.4 2226.0 -0.7533856034 0.3997412920 -0.5221274495 -0.4128557146 0.3304738104 0.8487268090 0.5118206143 0.8549818397 -0.0839387178
189.3 212.4 2121.3 -0.4310678542 0.6194999814 0.6560489535 -0.3850406706 0.5312576294 -0.7546582222 -0.8160417676 -0.5779144168 0.0095246211
90.9 124.5 1935.0 -0.3399895430 0.6194999814 -0.7075499296 0.8451508284 0.5312576294 0.0590370446 0.4124647379 -0.5779144168 -0.7041929960
-81.6 -147.5 2187.1 0.8165077567 0.0738200247 0.5725955963 -0.0292089209 0.9958035946 -0.0867295191 -0.5765951276 0.0540904291 0.8152375817
-110.5 -537.0 2166.0 0.8121742606 0.0943582952 0.5757338405 -0.0921423510 0.9951948524 -0.0331216343 -0.5760926604 -0.0261489302 0.8169659972
92.4 -170.5 2147.8 0.9894892573 -0.0210710447 0.1430629939 0.0284236036 0.9983673096 -0.0495460592 -0.1417854279 0.0530916601 0.9884726405
100.7 -561.5 2127.0 0.9894178510 0.0425485969 0.1387151331 -0.0554412007 0.9943571091 0.0904444605 -0.1340840906 -0.0971779004 0.9861936569
-122.6 499.7 2100.5 0 0 0 0 0 0 0 0 0
-3.5 359.2 2049.6 0 0 0 0 0 0 0 0 0
-146.0 -911.7 2175.8 0 0 0 0 0 0 0 0 0
84.7 -935.5 2163.6 0 0 0 0 0 0 0 0 0
-24.8 460.4 2149.7 5 0.9124080539 -0.3022694290 0.2759433687 0.2955208719 0.9529995322 0.0667781457 -0.2831588984 0.0206181072 0.9588513374
49.1 227.5 2144.7 0.9124080539 -0.3022694290 0.2759433687 0.2955208719 0.9529995322 0.0667781457 -0.2831588984 0.0206181072 0.9588513374
27.9 33.6 2160.5 0.9543650150 0.1095552221 0.2778220773 -0.1276459545 0.9906658530 0.0478299372 -0.2699888349 -0.0811100826 0.9594410658
-86.5 245.9 2183.0 0.8041830063 0.3662089109 -0.4681674540 -0.5808059573 0.3167728484 -0.7498795986 -0.1263098419 0.8749548793 0.4674396515
-301.7 401.3 2216.8 -0.7574273348 0.3662089109 -0.5405505300 -0.4447348714 0.3167728484 0.8377743363 0.4780321717 0.8749548793 -0.0770665333
184.6 209.2 2106.4 -0.4446013868 0.6039305925 0.6615114808 -0.3967917264 0.5293130279 -0.7499226928 -0.8030478954 -0.5958989859 0.0043013720
90.6 125.2 1936.5 -0.3410322368 0.6039305925 -0.7203921676 0.8473562002 0.5293130279 0.0426053070 0.4070435762 -0.5958989859 -0.6922571659
-79.2 -147.6 2191.3 0.7792057991 0.0830757022 0.6212380528 -0.0258164816 0.9945898056 -0.1006214693 -0.6262362599 0.0623666532 0.7771348357
-111.7 -536.9 2166.9 0.7756092548 0.0872400329 0.6251555681 -0.0800994933 0.9959993958 -0.0396143235 -0.6261104941 -0.0193494037 0.7794942260
95.7 -169.6 2153.4 0.9782279134 -0.0191409234 0.2066488266 0.0325028151 0.9975802302 -0.0614596121 -0.2049723864 0.0668381751 0.9764829874
103.2 -560.3 2127.2 0.9782302380 0.0505652688 0.2012677789 -0.0703270361 0.9932467937 0.0922762826 -0.1952425987 -0.1044220179 0.9751801491
-112.0 512.7 2097.1 0 0 0 0 0 0 0 0 0
-4.1 360.5 2049.5 0 0 0 0 0 0 0 0 0
-144.5 -911.9 2174.2 0 0 0 0 0 0 0 0 0
84.2 -934.1 2166.5 0 0 0 0 0 0 0 0 0
-24.9 464.0 2150.0 6 0.9090004563 -0.2941287756 0.2953073382 0.2881916761 0.9553987980 0.0644883886 -0.3011041582 0.0264851395 0.9532234073
48.3 226.3 2143.4 0.9090004563 -0.2941287756 0.2953073382 0.2881916761 0.9553987980 0.0644883886 -0.3011041582 0.0264851395 0.9532234073
26.2 32.6 2161.4 0.9483128190 0.1138059720 0.2962280512 -0.1357602775 0.9892383218 0.0545592643 -0.2868309617 -0.0919552520 0.9535576701
-86.6 245.7 2184.2 0.8086669445 0.3672769964 -0.4595273733 -0.5729781985 0.3148267567 -0.7566902637 -0.1332433969 0.8752095103 0.4650316834
-312.3 405.6 2221.4 -0.7766954303 0.3672769964 -0.5117145777 -0.4138782620 0.3148267567 0.8541597724 0.4748146534 0.8752095103 -0.0925165489
183.2 206.9 2102.6 -0.4448602796 0.6043569446 0.6609477997 -0.3945527077 0.5302703381 -0.7504275441 -0.8040071130 -0.5946141481 0.0025544593
90.7 124.8 1935.5 -0.3412462473 0.6043569446 -0.7199330926 0.8466959000 0.5302703381 0.0438107066 0.4082364738 -0.5946141481 -0.6926593781
-79.2 -148.6 2200.7 0.7695503235 0.0817042589 0.6333377361 -0.0068982635 0.9927869439 -0.1196934283 -0.6385489106 0.0877411887 0.7645631433
-111.2 -537.2 2166.4 0.7658500671 0.0811946690 0.6378723383 -0.0732013285 0.9965557456 -0.0389635526 -0.6388389468 -0.0168528613 0.7691558599
92.8 -171.9 2152.1 0.9740082026 -0.0281543657 0.2247561067 0.0413926430 0.9976605177 -0.0544068627 -0.2226984948 0.0622959808 0.9728949666
103.8 -562.6 2127.7 0.9743564725 0.0546341240 0.2182763070 -0.0761041567 0.9929209948 0.0911927223 -0.2117488831 -0.1054659560 0.9716168642
-115.7 510.4 2101.2 0 0 0 0 0 0 0 0 0
-4.0 360.0 2048.9 0 0 0 0 0 0 0 0 0
-141.8 -912.5 2172.7 0 0 0 0 0 0 0 0 0
83.2 -936.5 2167.4 0 0 0 0 0 0 0 0 0
-24.0 466.7 2149.6 7 0.9068494439 -0.2877831757 0.3079040945 0.2815876603 0.9573038220 0.0654045716 -0.3135801256 0.0273898933 0.9491666555
48.1 226.8 2142.8 0.9068494439 -0.2877831757 0.3079040945 0.2815876603 0.9573038220 0.0654045716 -0.3135801256 0.0273898933 0.9491666555
25.3 33.1 2160.5 0.9437410235 0.1171588674 0.3092357218 -0.1392297000 0.9889861345 0.0502150208 -0.2999466956 -0.0904447660 0.9496587515
-86.2 246.6 2185.5 0.8035904765 0.3668101132 -0.4687138796 -0.5808978081 0.3118656278 -0.7518627048 -0.1296150982 0.8764646053 0.4636914432
-312.3 410.1 2221.9 -0.7896040678 0.3668101132 -0.4919103682 -0.3938006163 0.3118656278 0.8646738529 0.4705810547 0.8764646053 -0.1018003002
182.5 206.9 2100.1 -0.4424937367 0.6000607014 0.6664280891 -0.3985373974 0.5341368318 -0.7455640435 -0.8033475280 -0.5955039263 0.0027944127
90.8 124.3 1933.5 -0.3394948244 0.6000607014 -0.7243413329 0.8440979123 0.5341368318 0.0468669422 0.4150204360 -0.5955039263 -0.6878467202
-81.5 -148.7 2205.3 0.7615241408 0.0775977895 0.6434746385 -0.0007027716 0.9929054379 -0.1189045981 -0.6481361985 0.0900965035 0.7561759949
-111.9 -537.5 2170.0 0.7592020035 0.0679519624 0.6472980976 -0.0466439426 0.9976581931 -0.0500243343 -0.6491814852 0.0077860430 0.7605936527
89.7 -173.4 2153.5 0.9704505205 -0.0419374630 0.2376280576 0.0581660271 0.9963986278 -0.0616964996 -0.2341848761 0.0736952797 0.9693948627
106.1 -563.6 2124.7 0.9709230065 0.0754950568 0.2271761149 -0.1019222662 0.9890287519 0.1069297865 -0.2166110426 -0.1269748956 0.9679654241
-111.3 510.3 2102.2 0 0 0 0 0 0 0 0 0
-3.5 358.7 2048.8 0 0 0 0 0 0 0 0 0
-137.4 -913.1 2167.1 0 0 0 0 0 0 0 0 0
77.7 -935.9 2172.5 0 0 0 0 0 0 0 0 0
-23.7 465.0 2148.5 8 0.8972328305 -0.2819785774 0.3397959769 0.2795719206 0.9584233165 0.0571334958 -0.3417788148 0.0437353663 0.9387621880
47.1 224.2 2137.5 0.8972328305 -0.2819785774 0.3397959769 0.2795719206 0.9584233165 0.0571334958 -0.3417788148 0.0437353663 0.9387621880
23.1 31.1 2159.2 0.9325758219 0.1231922582 0.3393022120 -0.1532583833 0.9861643314 0.0631804317 -0.3268243968 -0.1109214500 0.9385532737
-85.7 246.0 2184.0 0.8107411861 0.3731034100 -0.4511015117 -0.5678837299 0.3141385913 -0.7608055472 -0.1421507448 0.8729895949 0.4665644467
-318.4 409.1 2224.8 -0.7920832038 0.3731034100 -0.4831128716 -0.3821071088 0.3141385913 0.8690863848 0.4760234654 0.8729895949 -0.1062584296
179.9 202.3 2091.0 -0.4519215822 0.5978911519 0.6620370150 -0.3948925138 0.5313842893 -0.7494602203 -0.7998917103 -0.6001307368 -0.0040412764
91.2 124.7 1933.9 -0.3418433368 0.5978911519 -0.7250305414 0.8462225795 0.5313842893 0.0392182469 0.4087180793 -0.6001307368 -0.6875991821
-82.8 -148.0 2205.3 0.7431674004 0.0676085129 0.6656810641 0.0112502854 0.9934788346 -0.1134604439 -0.6690109372 0.0918092057 0.7375604510
-109.3 -537.0 2169.3 0.7390473485 0.0826173872 0.6685681343 -0.0638679489 0.9965738654 -0.0525494516 -0.6706190109 -0.0038635456 0.7417918444
87.7 -173.2 2151.1 0.9624329805 -0.0445872173 0.2678333223 0.0630571097 0.9961588979 -0.0607552826 -0.2640956342 0.0753616840 0.9615477920
105.1 -563.3 2121.6 0.9637827873 0.0726397187 0.2566052079 -0.1029423401 0.9889490604 0.1066894606 -0.2460195869 -0.1292410046 0.9606097937
-116.2 506.6 2103.3 0 0 0 0 0 0 0 0 0
-3.8 359.7 2047.4 0 0 0 0 0 0 0 0 0
-140.4 -912.2 2170.8 0 0 0 0 0 0 0 0 0
77.8 -935.7 2170.3 0 0 0 0 0 0 0 0 0
-23.6 467.6 2154.9 9 0.8902862668 -0.2656235695 0.3699114323 0.2794814110 0.9600056410 0.0167111717 -0.3595559597 0.0885056406 0.9289166927
44.6 221.1 2132.1 0.8902862668 -0.2656235695 0.3699114323 0.2794814110 0.9600056410 0.0167111717 -0.3595559597 0.0885056406 0.9289166927
23.4 28.1 2157.5 0.9247633219 0.1087703109 0.3646666706 -0.1481665075 0.9855764508 0.0817664564 -0.3505131006 -0.1296460032 0.9275410771
-87.1 242.3 2182.1 0.8035901785 0.3752861321 -0.4619558156 -0.5764420033 0.2975032032 -0.7610561252 -0.1481804848 0.8778679371 0.4554013610
-321.3 410.3 2225.2 -0.8019948602 0.3752861321 -0.4647198915 -0.3706187308 0.2975032032 0.8798485994 0.4684506655 0.8778679371 -0.0995079651
176.3 199.9 2082.2 -0.4555429518 0.5892460346 0.6672853231 -0.4012614191 0.5331984758 -0.7447742224 -0.7946507931 -0.6070325375 -0.0064531052
91.3 125.1 1934.1 -0.3422271609 0.5892460346 -0.7318945527 0.8453059196 0.5331984758 0.0340191871 0.4102907479 -0.6070325375 -0.6805681586
-85.1 -148.2 2210.4 0.7247201204 0.0692458749 0.6855551004 0.0200660899 0.9923945665 -0.1214512587 -0.6887511015 0.1017745808 0.7178187966
-112.3 -536.8 2170.6 0.7223649621 0.0608760305 0.6888272166 -0.0401250497 0.9981291294 -0.0461323373 -0.6903468966 0.0056851585 0.7234562039
83.3 -175.9 2151.4 0.9537730217 -0.0535617806 0.2957163155 0.0715982690 0.9961544871 -0.0504966602 -0.2918744385 0.0693351254 0.9539402127
104.3 -566.1 2124.3 0.9577805400 0.0451066457 0.2839397788 -0.0773883015 0.9916124344 0.1035173684 -0.2768889070 -0.1211205348 0.9532378316
-116.2 505.0 2105.5 0 0 0 0 0 0 0 0 0
-3.7 359.8 2048.0 0 0 0 0 0 0 0 0 0
-135.2 -912.6 2168.4 0 0 0 0 0 0 0 0 0
87.3 -939.4 2169.9 0 0 0 0 0 0 0 0 0
-24.9 469.5 2158.1 0 0.8817114234 -0.2795875072 0.3800208271 0.2960810661 0.9550341368 0.0156770013 -0.3673159778 0.0986943766 0.9248450398
48.1 220.3 2132.3 0.8817114234 -0.2795875072 0.3800208271 0.2960810661 0.9550341368 0.0156770013 -0.3673159778 0.0986943766 0.9248450398
25.6 27.9 2161.1 0.9204891324 0.1153831333 0.3733450472 -0.1614429057 0.9823527336 0.0944421366 -0.3558594882 -0.1472068727 0.9228727818
-83.0 243.3 2183.0 0.8073611259 0.3822106421 -0.4495364428 -0.5738165975 0.3310597539 -0.7490887046 -0.1374862641 0.8627365828 0.4866036177
-308.8 403.8 2221.4 -0.7659016252 0.3822106421 -0.5170200467 -0.4088686705 0.3310597539 0.8504268527 0.4962067306 0.8627365828 -0.0972852483
179.2 197.2 2081.6 -0.4692958593 0.5864108205 0.6602149010 -0.3868823946 0.5355406404 -0.7506784797 -0.7937779427 -0.6077158451 -0.0244549755
91.0 124.5 1932.5 -0.3406684101 0.5864108205 -0.7348927855 0.8437325954 0.5355406404 0.0362145007 0.4148015082 -0.6077158451 -0.6772157550
-81.3 -151.4 2214.5 0.7205475569 0.0783549771 0.6889642477 0.0243092310 0.9901297092 -0.1380297244 -0.6929793358 0.1162051633 0.7115307450
-112.0 -539.2 2169.0 0.7174162269 0.0688231364 0.6932368279 -0.0499994271 0.9976286292 -0.0472991765 -0.6948481798 -0.0007282467 0.7191560864
85.7 -178.3 2151.2 0.9514678121 -0.0442371890 0.3045522273 0.0649730414 0.9961832762 -0.0582869276 -0.3008113801 0.0752458200 0.9507105947
103.1 -568.4 2121.7 0.9552089572 0.0527077802 0.2912004292 -0.0929487348 0.9876497984 0.1261283904 -0.2809560895 -0.1475456804 0.9483110905
-119.5 504.8 2098.8 0 0 0 0 0 0 0 0 0
-3.6 358.8 2047.7 0 0 0 0 0 0 0 0 0
-137.9 -914.8 2169.3 0 0 0 0 0 0 0 0 0
83.2 -940.2 2177.3 0 0 0 0 0 0 0 0 0
-23.0 468.3 2153.2 1 0.8800380826 -0.2777695954 0.3851973712 0.2869022787 0.9573251009 0.0348674841 -0.3784442544 0.0798292905 0.9221752882
50.0 216.7 2132.2 0.8800380826 -0.2777695954 0.3851973712 0.2869022787 0.9573251009 0.0348674841 -0.3784442544 0.0798292905 0.9221752882
21.0 26.2 2166.0 0.9128198028 0.1482829601 0.3804894090 -0.2019783854 0.9737367034 0.1050786376 -0.3549151421 -0.1727684885 0.9187961221
-80.0 245.5 2182.7 0.8082469702 0.4100662470 -0.4225901961 -0.5727115870 0.3806034327 -0.7260457277 -0.1368875802 0.8288466334 0.5424712896
-299.5 401.0 2219.9 -0.7263147235 0.4100662470 -0.5516453385 -0.4133838117 0.3806034327 0.8271969557 0.5491636992 0.8288466334 -0.1069231257
180.0 187.9 2081.7 -0.4834944010 0.6101347804 0.6276692748 -0.3414250910 0.5288106799 -0.7770380974 -0.8060162067 -0.5899955630 -0.0473616868
90.8 125.0 1933.1 -0.3363695443 0.6101347804 -0.7173500061 0.8471108079 0.5288106799 0.0525594503 0.4114107192 -0.5899955630 -0.6947275996
-80.1 -149.8 2222.1 0.7235519290 0.0813760012 0.6854564548 0.0399557129 0.9864241481 -0.1592826098 -0.6891125441 0.1426371485 0.7104776502
-112.0 -536.0 2166.2 0.7208914757 0.0621011816 0.6902599931 -0.0509943515 0.9980304837 -0.0365333036 -0.6911693215 -0.0088628158 0.7226384878
86.2 -179.0 2157.8 0.9506766200 -0.0413648933 0.3074132800 0.0674828216 0.9949112535 -0.0748176724 -0.3027541041 0.0918725282 0.9486302733
102.4 -568.7 2121.8 0.9554973841 0.0433393680 0.2917986810 -0.0864384323 0.9868659973 0.1364692301 -0.2820517123 -0.1556186080 0.9466940761
-120.1 503.1 2084.3 0 0 0 0 0 0 0 0 0
-2.6 360.2 2047.4 0 0 0 0 0 0 0 0 0
-135.4 -911.9 2169.6 0 0 0 0 0 0 0 0 0
86.1 -940.2 2180.4 0 0 0 0 0 0 0 0 0
-21.8 467.1 2151.2 2 0.8819872737 -0.2769383490 0.3813181818 0.2846623063 0.9579030871 0.0372695476 -0.3755872250 0.0756756514 0.9236922860
49.9 219.3 2131.7 0.8819872737 -0.2769383490 0.3813181818 0.2846623063 0.9579030871 0.0372695476 -0.3755872250 0.0756756514 0.9236922860
22.5 27.9 2161.8 0.9153438807 0.1400693804 0.3775264025 -0.1871673018 0.9781128764 0.0909042880 -0.3565305471 -0.1538692713 0.9215260148
-80.5 246.0 2182.4 0.8145057559 0.3797971904 -0.4385594726 -0.5646179914 0.3451578915 -0.7497149706 -0.1333673894 0.8582657576 0.4955734313
-307.5 403.3 2219.6 -0.7565912604 0.3797971904 -0.5322816968 -0.4179443717 0.3451578915 0.8403502703 0.5028839111 0.8582657576 -0.1024093181
180.3 192.6 2080.9 -0.4771175683 0.5980654955 0.6439538002 -0.3643469810 0.5321886539 -0.7642163038 -0.7997562885 -0.5992436409 -0.0360131897
91.1 124.5 1931.4 -0.3304442763 0.5980654955 -0.7301535606 0.8449321985 0.5321886539 0.0535238683 0.4205902219 -0.5992436409 -0.6811834574
-90.4 -146.0 2231.9 0.7261283994 0.0483732149 0.6858553886 0.0829427913 0.9840744138 -0.1572196782 -0.6825379729 0.1710484326 0.7105521560
-109.3 -531.1 2164.9 0.7224279046 0.0795617402 0.6868535876 -0.0693167225 0.9966871142 -0.0425444767 -0.6879630089 -0.0168751180 0.7255495191
74.5 -182.5 2167.8 0.9490038157 -0.0751912147 0.3061667681 0.1084860861 0.9897191525 -0.0932025388 -0.2960111201 0.1216643974 0.9474044442
103.9 -569.8 2120.2 0.9581120610 0.0538277626 0.2812895179 -0.0943694189 0.9866632819 0.1326270550 -0.2703990340 -0.1536167264 0.9504137039
-117.4 508.3 2093.3 0 0 0 0 0 0 0 0 0
-0.7 359.1 2048.2 0 0 0 0 0 0 0 0 0
-139.3 -906.4 2171.3 0 0 0 0 0 0 0 0 0
83.6 -941.4 2178.1 0 0 0 0 0 0 0 0 0
-20.2 465.0 2149.3 3 0.8864248991 -0.2730744779 0.3737395704 0.2775160074 0.9597561955 0.0430455394 -0.3704535067 0.0655620769 0.9265342951
49.7 219.3 2132.5 0.8864248991 -0.2730744779 0.3737395704 0.2775160074 0.9597561955 0.0430455394 -0.3704535067 0.0655620769 0.9265342951
23.2 27.4 2160.7 0.9187543392 0.1356968880 0.3707787097 -0.1790144444 0.9801802039 0.0848562568 -0.3519152403 -0.1443368047 0.9248365164
-81.2 244.8 2182.6 0.8105227947 0.3841583729 -0.4421256781 -0.5727534294 0.3619772792 -0.7354766726 -0.1225000843 0.8493496180 0.5134188533
-300.3 399.6 2215.7 -0.7365409732 0.3841583729 -0.5567133427 -0.4345538318 0.3619772792 0.8247032166 0.5183342099 0.8493496180 -0.0996735916
180.6 193.8 2082.3 -0.4702580869 0.6015876532 0.6457163692 -0.3652144372 0.5334205627 -0.7629422545 -0.8034150600 -0.5946046710 -0.0311368275
91.6 124.6 1930.2 -0.3286289871 0.6015876532 -0.7280763984 0.8437250853 0.5334205627 0.0599205494 0.4244184196 -0.5946046710 -0.6828720570
-87.6 -146.6 2224.1 0.7282418013 0.0574919842 0.6829044819 0.0528901368 0.9887881279 -0.1396449953 -0.6832762957 0.1378142387 0.7170360684
-110.1 -533.5 2170.2 0.7226591110 0.0905277207 0.6852506995 -0.0579881296 0.9958316088 -0.0704044774 -0.6887678504 0.0111420285 0.7248963118
77.8 -180.5 2159.7 0.9522138238 -0.0669031218 0.2980147004 0.0916421637 0.9933417439 -0.0698129088 -0.2913597524 0.0937875360 0.9520049095
104.0 -569.2 2123.0 0.9565917850 0.0635637045 0.2844148874 -0.0902447551 0.9925629497 0.0816990063 -0.2771065831 -0.1038195491 0.9552138448
-119.3 506.4 2088.4 0 0 0 0 0 0 0 0 0
0.3 358.9 2048.0 0 0 0 0 0 0 0 0 0
-144.2 -908.4 2166.0 0 0 0 0 0 0 0 0 0
80.1 -942.5 2162.1 0 0 0 0 0 0 0 0 0
-23.2 462.3 2149.3 4 0.8807691932 -0.2890631258 0.3750842214 0.2922421992 0.9550479650 0.0497787371 -0.3726125956 0.0657718554 0.9256532192
50.2 219.6 2132.6 0.8807691932 -0.2890631258 0.3750842214 0.2922421992 0.9550479650 0.0497787371 -0.3726125956 0.0657718554 0.9256532192
23.5 27.6 2160.3 0.9179248214 0.1364634484 0.3725476563 -0.1790157855 0.9804271460 0.0819507614 -0.3540725708 -0.1419165432 0.9243875146
-80.6 245.1 2183.0 0.8125934601 0.3901890516 -0.4329484105 -0.5680352449 0.3638842404 -0.7381898165 -0.1304904968 0.8457782269 0.5173311234
-297.7 396.9 2217.9 -0.7240563631 0.3901890516 -0.5687660575 -0.4461747706 0.3638842404 0.8176285028 0.5259947181 0.8457782269 -0.0893801749
181.0 194.1 2082.1 -0.4668368101 0.6010895967 0.6486560702 -0.3658150434 0.5365347862 -0.7604668140 -0.8051352501 -0.5923020244 -0.0305865556
91.8 124.2 1928.2 -0.3251798451 0.6010895967 -0.7300338149 0.8412089348 0.5365347862 0.0670671538 0.4320018888 -0.5923020244 -0.6801122427
-86.4 -148.3 2220.8 0.7268084288 0.0591969639 0.6842845082 0.0498719811 0.9891006351 -0.1385376006 -0.6850272417 0.1348169148 0.7159343958
-109.6 -535.6 2168.0 0.7208487988 0.0928900689 0.6868394613 -0.0765592083 0.9955856204 -0.0542956628 -0.6888509989 -0.0134449210 0.7247782946
79.7 -180.7 2157.2 0.9521915913 -0.0626828298 0.2990017831 0.0850442052 0.9944239259 -0.0623577163 -0.2934257686 0.0848048627 0.9522129297
104.2 -570.0 2124.0 0.9561114907 0.0637183040 0.2859908342 -0.0928872824 0.9916368127 0.0896014199 -0.2778897882 -0.1122338623 0.9540339708
-120.4 506.1 2089.0 0 0 0 0 0 0 0 0 0
1.5 357.8 2048.2 0 0 0 0 0 0 0 0 0
-144.5 -910.3 2173.1 0 0 0 0 0 0 0 0 0
80.2 -943.3 2166.2 0 0 0 0 0 0 0 0 0
-22.0 465.2 2148.8 5 0.8950897455 -0.2827528417 0.3447683454 0.2845663130 0.9575279951 0.0464989729 -0.3432730734 0.0564887077 0.9375354052
50.0 221.6 2134.4 0.8950897455 -0.2827528417 0.3447683454 0.2845663130 0.9575279951 0.0464989729 -0.3432730734 0.0564887077 0.9375354052
24.4 28.9 2157.8 0.9301195741 0.1310296953 0.3430871069 -0.1637305170 0.9841576219 0.0680150539 -0.3287397921 -0.1194359660 0.9368378520
-82.5 244.9 2181.2 0.8099765778 0.3840452135 -0.4432236254 -0.5714267492 0.3467816412 -0.7437835336 -0.1319446862 0.8557171226 0.5003387332
-295.8 395.4 2215.9 -0.7249069810 0.3840452135 -0.5718559027 -0.4607620239 0.3467816412 0.8169705272 0.5120627284 0.8557171226 -0.0744309872
182.5 198.2 2087.6 -0.4587192833 0.6047915816 0.6510021091 -0.3741177917 0.5330792069 -0.7588559985 -0.8059853911 -0.5916533470 -0.0182704367
92.0 124.4 1928.6 -0.3238492906 0.6047915816 -0.7275636196 0.8433493376 0.5330792069 0.0677380413 0.4288164377 -0.5916533470 -0.6826878786
-86.2 -148.2 2220.1 0.7456489205 0.0641293079 0.6632459164 0.0448124856 0.9882784486 -0.1459368169 -0.6648304462 0.1385393292 0.7340349555
-111.3 -535.2 2165.9 0.7409852743 0.0832748190 0.6663378477 -0.0685489327 0.9964776039 -0.0483054444 -0.6680133939 -0.0098831272 0.7440835834
79.7 -180.5 2156.1 0.9610661268 -0.0602550916 0.2696686983 0.0820634216 0.9941423535 -0.0703316107 -0.2638512254 0.0897232667 0.9603813291
103.3 -569.9 2121.0 0.9655259848 0.0597343966 0.2533602118 -0.0924807563 0.9885335565 0.1193680614 -0.2433246821 -0.1386839002 0.9599791169
-121.4 506.3 2092.7 0 0 0 0 0 0 0 0 0
2.0 358.6 2047.7 0 0 0 0 0 0 0 0 0
-142.7 -910.4 2169.6 0 0 0 0 0 0 0 0 0
80.9 -941.9 2173.2 0 0 0 0 0 0 0 0 0
-23.6 463.6 2149.0 6 0.8949494362 -0.2891069651 0.3398273289 0.2886570096 0.9559595585 0.0530891418 -0.3402096331 0.0505814403 0.9389882684
49.2 222.9 2136.3 0.8949494362 -0.2891069651 0.3398273289 0.2886570096 0.9559595585 0.0530891418 -0.3402096331 0.0505814403 0.9389882684
24.2 29.9 2157.7 0.9319692254 0.1278396249 0.3392497301 -0.1570748091 0.9857597351 0.0600434616 -0.3267427981 -0.1092462465 0.9387781620
-83.6 245.3 2182.8 0.8145825267 0.3765054643 -0.4412469864 -0.5670710802 0.3569049537 -0.7423269153 -0.1220069155 0.8549049497 0.5042338967
-297.4 394.1 2214.9 -0.7256218791 0.3765054643 -0.5759483576 -0.4600959718 0.3569049537 0.8129763603 0.5116488934 0.8549049497 -0.0857494101
182.0 200.5 2089.8 -0.4514251053 0.6089904904 0.6521854997 -0.3800540566 0.5300624371 -0.7580189109 -0.8073253632 -0.5900545120 -0.0078341812
91.9 124.7 1928.7 -0.3236425519 0.6089904904 -0.7241450548 0.8452265859 0.5300624371 0.0680136010 0.4252617359 -0.5900545120 -0.6862857342
-85.2 -149.0 2210.9 0.7463040948 0.0685786754 0.6620628238 0.0277863070 0.9906009436 -0.1339316070 -0.6650249362 0.1183499843 0.7373840213
-112.1 -536.9 2164.5 0.7423577309 0.0768399388 0.6655828953 -0.0825210735 0.9963242412 -0.0229833703 -0.6649024487 -0.0378627293 0.7459699512
82.8 -178.6 2151.5 0.9626719356 -0.0601115227 0.2639116645 0.0735482201 0.9964351654 -0.0413228124 -0.2604869008 0.0591905452 0.9636612535
106.4 -568.7 2128.3 0.9620487094 0.0872945115 0.2585380971 -0.0996487215 0.9944052696 0.0350463055 -0.2540322840 -0.0594792441 0.9653651118
-122.3 505.1 2091.4 0 0 0 0 0 0 0 0 0
2.1 359.4 2046.8 0 0 0 0 0 0 0 0 0
-141.0 -912.0 2178.8 0 0 0 0 0 0 0 0 0
73.6 -941.8 2150.7 0 0 0 0 0 0 0 0 0
-25.7 463.3 2149.2 7 0.8834623694 -0.2824043930 0.3738208711 0.2860386372 0.9570640326 0.0470137708 -0.3710474074 0.0653923079 0.9263086319
46.0 220.2 2132.5 0.8834623694 -0.2824043930 0.3738208711 0.2860386372 0.9570640326 0.0470137708 -0.3710474074 0.0653923079 0.9263086319
20.8 27.3 2154.4 0.9188203216 0.1287463903 0.3730866313 -0.1609286070 0.9853592515 0.0562953241 -0.3603765368 -0.1117656007 0.9260870218
-84.9 243.2 2183.9 0.8064314723 0.3939226866 -0.4410138726 -0.5779995918 0.3676578701 -0.7285218835 -0.1248390824 0.8424087763 0.5241780281
-296.7 395.0 2216.6 -0.7171395421 0.3939226866 -0.5749224424 -0.4503386021 0.3676578701 0.8136478662 0.5318891406 0.8424087763 -0.0862634033
176.8 197.3 2081.2 -0.4505242109 0.6121060252 0.6498878002 -0.3809455633 0.5265462399 -0.7600194216 -0.8074084520 -0.5899790525 -0.0040427730
91.6 125.2 1928.5 -0.3239887059 0.6121060252 -0.7213581204 0.8475710750 0.5265462399 0.0661234483 0.4203029871 -0.5899790525 -0.6893984079
-85.0 -149.0 2208.6 0.7220742702 0.0699131414 0.6882738471 0.0261230767 0.9914156795 -0.1281114966 -0.6913221478 0.1104858443 0.7140493989
-112.4 -537.2 2165.3 0.7182967663 0.0737688541 0.6918149590 -0.0773427188 0.9966661930 -0.0259721242 -0.6914245486 -0.0348511599 0.7216075659
83.4 -177.4 2149.6 0.9530608058 -0.0542946681 0.2978711426 0.0689419657 0.9968627095 -0.0388810746 -0.2948255837 0.0575918481 0.9538139701
104.7 -567.8 2127.0 0.9546301961 0.0620531850 0.2912569046 -0.0821613595 0.9949697256 0.0573125333 -0.2862353921 -0.0786423385 0.9549265504
-122.2 504.5 2087.3 0 0 0 0 0 0 0 0 0
1.7 360.6 2045.2 0 0 0 0 0 0 0 0 0
-140.2 -912.5 2178.5 0 0 0 0 0 0 0 0 0
81.4 -941.6 2156.6 0 0 0 0 0 0 0 0 0
-25.9 459.5 2148.7 8 0.8932094574 -0.2977853119 0.3368988335 0.2956030369 0.9534833431 0.0590620227 -0.3388152421 0.0468335599 0.9396865964
47.6 224.1 2137.2 0.8932094574 -0.2977853119 0.3368988335 0.2956030369 0.9534833431 0.0590620227 -0.3388152421 0.0468335599 0.9396865964
22.0 30.8 2154.6 0.9317217469 0.1314217299 0.3385599852 -0.1536840647 0.9873228669 0.0396830775 -0.3290528059 -0.0890048593 0.9401076436
-85.1 246.1 2184.0 0.8103169799 0.3913627267 -0.4361440539 -0.5735279322 0.3769797087 -0.7272908688 -0.1202170923 0.8394769430 0.5299305320
-294.9 394.6 2215.1 -0.7127856612 0.3913627267 -0.5820410848 -0.4528019726 0.3769797087 0.8079954386 0.5356370211 0.8394769430 -0.0914959013
180.3 202.2 2090.3 -0.4440575540 0.6163616180 0.6503162980 -0.3829596639 0.5256045461 -0.7596589327 -0.8100337982 -0.5863772035 0.0026429633
91.5 125.6 1928.4 -0.3239690959 0.6163616180 -0.7177342176 0.8479570746 0.5256045461 0.0686195269 0.4195388258 -0.5863772035 -0.6929277778
-87.4 -151.2 2208.9 0.7451316118 0.0702622011 0.6632059813 0.0106806429 0.9930500984 -0.1172069833 -0.6668319702 0.0944180936 0.7392025590
-114.9 -540.1 2171.9 0.7439644337 0.0476779602 0.6665161252 -0.0222446639 0.9986655116 -0.0466081724 -0.6678488851 0.0198483933 0.7440322042
78.6 -180.3 2143.8 0.9631677270 -0.0666204020 0.2605180740 0.0755032673 0.9968512058 -0.0242274385 -0.2580837011 0.0430050530 0.9651649594
104.7 -570.6 2126.9 0.9639893770 0.0782159641 0.2541785836 -0.0958135352 0.9937320948 0.0575875230 -0.2480811626 -0.0798675120 0.9654412866
-121.4 504.7 2084.8 0 0 0 0 0 0 0 0 0
1.5 361.1 2044.9 0 0 0 0 0 0 0 0 0
-132.8 -915.5 2164.4 0 0 0 0 0 0 0 0 0
75.3 -944.4 2157.0 0 0 0 0 0 0 0 0 0
-30.0 462.9 2155.5 9 0.9019478559 -0.3091208637 0.3015531600 0.3113722503 0.9493650198 0.0418732762 -0.2992279232 0.0561277680 0.9525294304
47.5 224.6 2141.4 0.9019478559 -0.3091208637 0.3015531600 0.3113722503 0.9493650198 0.0418732762 -0.2992279232 0.0561277680 0.9525294304
20.3 31.2 2155.3 0.9426912069 0.1397632509 0.3029844165 -0.1546248198 0.9876440167 0.0255033523 -0.2956763208 -0.0708906949 0.9526541829
-86.7 246.7 2183.5 0.8147817850 0.3833494484 -0.4349411428 -0.5644704103 0.3533347845 -0.7460078597 -0.1323018670 0.8533450365 0.5042801499
-305.1 398.0 2219.0 -0.7418041229 0.3833494484 -0.5502452850 -0.4326523840 0.3533347845 0.8294374347 0.5123851895 0.8533450365 -0.0962481424
181.7 202.5 2099.3 -0.4341261089 0.6346857548 0.6393031478 -0.3685316443 0.5224397182 -0.7689220905 -0.8220212460 -0.5694125891 0.0070970673
91.4 125.9 1928.3 -0.3250241280 0.6346857548 -0.7010943294 0.8489738703 0.5224397182 0.0793731660 0.4166565537 -0.5694125891 -0.7086371183
-87.8 -148.6 2201.7 0.7691603303 0.0617854893 0.6360620260 0.0049503203 0.9947093725 -0.1026097983 -0.6390366554 0.0820720941 0.7647851706
-112.0 -538.2 2169.6 0.7664912939 0.0741257891 0.6379627585 -0.0428091697 0.9970049262 -0.0644095913 -0.6408264041 0.0220587328 0.7673688531
80.5 -176.5 2142.3 0.9725769162 -0.0670635328 0.2227029651 0.0739343911 0.9970058799 -0.0226496719 -0.2205171883 0.0384939574 0.9746232033
106.7 -567.0 2127.2 0.9715635777 0.0957714766 0.2165458202 -0.1107507646 0.9921483397 0.0581027009 -0.2092809826 -0.0804330781 0.9745419621
-120.0 506.0 2091.1 0 0 0 0 0 0 0 0 0
1.2 361.6 2044.0 0 0 0 0 0 0 0 0 0
-139.9 -913.2 2161.3 0 0 0 0 0 0 0 0 0
70.7 -940.3 2157.5 0 0 0 0 0 0 0 0 0
-24.9 465.7 2152.9 0 0.9138286710 -0.2887692451 0.2855337858 0.2873567939 0.9566298127 0.0478065684 -0.2869552076 0.0383630618 0.9571755528
47.6 225.4 2143.2 0.9138286710 -0.2887692451 0.2855337858 0.2873567939 0.9566298127 0.0478065684 -0.2869552076 0.0383630618 0.9571755528
19.6 32.0 2155.1 0.9468485117 0.1436043829 0.2878466547 -0.1549281180 0.9877824187 0.0168268792 -0.2819134593 -0.0605280437 0.9575286508
-87.2 247.5 2183.4 0.8200621605 0.3636449277 -0.4418827891 -0.5606610775 0.3557560146 -0.7477278113 -0.1147049516 0.8609297276 0.4956236184
-298.5 391.9 2212.9 -0.7288502455 0.3636449277 -0.5801203847 -0.4668932259 0.3557560146 0.8095976710 0.5007874370 0.8609297276 -0.0895095095
182.5 203.3 2103.1 -0.4317186177 0.6459040642 0.6296244860 -0.3665898144 0.5121375322 -0.7767413259 -0.8241546750 -0.5661476254 0.0156825408
91.0 125.6 1928.5 -0.3168033063 0.6459040642 -0.6945816278 0.8545381427 0.5121375322 0.0864854231 0.4115825891 -0.5661476254 -0.7141965032
-92.1 -148.1 2195.8 0.7788914442 0.0541333444 0.6248180866 0.0018968928 0.9960599542 -0.0886618569 -0.6271559000 0.0702431723 0.7757199407
-113.3 -538.2 2168.3 0.7766742706 0.0661230460 0.6264222264 -0.0439690538 0.9977403283 -0.0508027971 -0.6283659339 0.0119140334 0.7778266668
78.1 -176.2 2142.4 0.9758735895 -0.0720203817 0.2061159164 0.0771710649 0.9968720675 -0.0170491412 -0.2042433172 0.0325439945 0.9783790708
106.3 -566.6 2129.7 0.9743594527 0.0951047093 0.2039087266 -0.0996827483 0.9949435592 0.0122751631 -0.2017102540 -0.0322866030 0.9789129496
-121.1 505.6 2091.0 0 0 0 0 0 0 0 0 0
3.0 362.9 2042.8 0 0 0 0 0 0 0 0 0
-138.2 -913.8 2163.8 0 0 0 0 0 0 0 0 0
70.6 -940.8 2141.8 0 0 0 0 0 0 0 0 0
-26.0 470.0 2150.6 1 0.9096870422 -0.2927624881 0.2945499122 0.2888127565 0.9556351304 0.0578676909 -0.2984237373 0.0324282870 0.9538823962
48.3 227.4 2142.3 0.9096870422 -0.2927624881 0.2945499122 0.2888127565 0.9556351304 0.0578676909 -0.2984237373 0.0324282870 0.9538823962
21.0 33.9 2156.0 0.9445819259 0.1396148801 0.2971071899 -0.1539893895 0.9877455235 0.0254171621 -0.2899176776 -0.0697599426 0.9545058012
-86.2 249.4 2183.7 0.8228532672 0.3673307002 -0.4335673451 -0.5570501685 0.3706610501 -0.7431725860 -0.1122835949 0.8530407548 0.5096213222
-297.5 392.4 2212.5 -0.7238055468 0.3673307002 -0.5841007829 -0.4620582461 0.3706610501 0.8056752086 0.5124526620 0.8530407548 -0.0985583365
182.9 205.4 2101.0 -0.4359109700 0.6384227276 0.6343485117 -0.3765420914 0.5108113885 -0.7728439569 -0.8174335957 -0.5757500529 0.0177247636
90.8 125.9 1928.4 -0.3132550120 0.6384227276 -0.7030559778 0.8557177782 0.5108113885 0.0825762376 0.4118475318 -0.5757500529 -0.7063239217
-94.0 -147.4 2192.4 0.7730574012 0.0473458767 0.6325666904 0.0061255950 0.9966069460 -0.0820793584 -0.6343064904 0.0673269033 0.7701444030
-112.6 -537.8 2166.0 0.7696794271 0.0728208572 0.6342639327 -0.0757380798 0.9968728423 -0.0225443877 -0.6339222193 -0.0306859836 0.7727878094
77.0 -175.5 2141.5 0.9736305475 -0.0718657747 0.2165152282 0.0779359862 0.9967653155 -0.0196177401 -0.2144050300 0.0359747596 0.9760821462
105.2 -565.9 2127.4 0.9753194451 0.0662135556 0.2106366158 -0.0792006627 0.9954047203 0.0538209118 -0.2061050087 -0.0691751391 0.9760817289
-121.4 504.8 2087.8 0 0 0 0 0 0 0 0 0
3.9 363.5 2042.8 0 0 0 0 0 0 0 0 0
-140.0 -912.8 2177.5 0 0 0 0 0 0 0 0 0
80.3 -940.2 2153.4 0 0 0 0 0 0 0 0 0
-26.1 470.6 2148.9 2 0.9092825651 -0.2945044935 0.2940618396 0.2879090905 0.9553443193 0.0665250272 -0.3005222082 0.0241730288 0.9534684420
48.4 228.7 2142.8 0.9092825651 -0.2945044935 0.2940618396 0.2879090905 0.9553443193 0.0665250272 -0.3005222082 0.0241730288 0.9534684420
21.8 35.2 2156.6 0.9450579286 0.1360105276 0.2972653210 -0.1507870853 0.9881908298 0.0272422079 -0.2900496423 -0.0705692321 0.9544062018
-86.2 250.2 2184.1 0.8172009587 0.3803398609 -0.4330406189 -0.5649966598 0.3802370727 -0.7322558165 -0.1138479561 0.8430666327 0.5256208777
-297.0 395.9 2213.5 -0.7227282524 0.3803398609 -0.5770662427 -0.4465874434 0.3802370727 0.8099255562 0.5274689198 0.8430666327 -0.1049530879
183.1 207.2 2101.5 -0.4368152916 0.6353147626 0.6368418336 -0.3819739223 0.5099608302 -0.7707372308 -0.8144251704 -0.5799267888 0.0199149679
90.7 126.4 1929.2 -0.3118582666 0.6353147626 -0.7064839602 0.8564182520 0.5099608302 0.0805461332 0.4114513099 -0.5799267888 -0.7031306624
-91.6 -145.6 2195.8 0.7728527784 0.0569277927 0.6320267320 0.0082453340 0.9949831367 -0.0997024626 -0.6345317960 0.0822665989 0.7685061097
-113.9 -535.2 2163.6 0.7707170248 0.0577035733 0.6345593333 -0.0738548562 0.9972684979 -0.0009845594 -0.6328828335 -0.0461064726 0.7728735209
79.1 -173.4 2143.4 0.9737636447 -0.0664768070 0.2176355571 0.0745740607 0.9967879653 -0.0291966628 -0.2149956077 0.0446606167 0.9755933285
105.1 -563.9 2126.0 0.9747329354 0.0761097595 0.2100071758 -0.0925067812 0.9932919741 0.0693794936 -0.2033179849 -0.0870535672 0.9752351046
-121.3 504.5 2085.3 0 0 0 0 0 0 0 0 0
4.1 364.2 2043.4 0 0 0 0 0 0 0 0 0
-135.6 -910.5 2181.0 0 0 0 0 0 0 0 0 0
76.5 -937.6 2158.7 0 0 0 0 0 0 0 0 0
-25.6 467.8 2147.6 3 0.9097566009 -0.2983283401 0.2886921763 0.2887334228 0.9543619156 0.0763307363 -0.2982884347 0.0139126861 0.9543743730
48.4 231.1 2144.2 0.9097566009 -0.2983283401 0.2886921763 0.2887334228 0.9543619156 0.0763307363 -0.2982884347 0.0139126861 0.9543743730
24.5 37.2 2156.8 0.9481831789 0.1223533899 0.2932206392 -0.1359259784 0.9903702140 0.0262858942 -0.2871808112 -0.0647801459 0.9556833506
-86.7 250.5 2185.1 0.8103180528 0.3810223937 -0.4452039897 -0.5755354762 0.3746107817 -0.7269289494 -0.1101979986 0.8452743292 0.5228457451
-295.7 398.9 2213.5 -0.7272042036 0.3810223937 -0.5709605813 -0.4431575239 0.3746107817 0.8144189119 0.5241998434 0.8452743292 -0.1035655960
183.5 211.8 2103.2 -0.4314035773 0.6298277378 0.6459163427 -0.3965662122 0.5106962323 -0.7628398538 -0.8103247285 -0.5852404237 0.0294522122
90.6 126.4 1928.8 -0.3101772666 0.6298277378 -0.7121145129 0.8561451435 0.5106962323 0.0787708983 0.4132862985 -0.5852404237 -0.6976303458
-90.2 -144.7 2196.7 0.7742045522 0.0594302192 0.6301391721 0.0056860317 0.9948887825 -0.1008167937 -0.6329098940 0.0816358104 0.7699095011
-113.5 -534.4 2164.7 0.7717745900 0.0612974986 0.6329349279 -0.0745411068 0.9972017407 -0.0056831213 -0.6315121651 -0.0427935794 0.7741841078
80.6 -172.0 2144.2 0.9749355912 -0.0577608645 0.2148586214 0.0677095056 0.9969335794 -0.0392288938 -0.2119338810 0.0527936183 0.9758569598
103.2 -562.5 2123.5 0.9764191508 0.0684046596 0.2047594935 -0.0902971551 0.9909269214 0.0995502323 -0.1960919946 -0.1156919524 0.9737367630
-121.0 505.4 2087.6 0 0 0 0 0 0 0 0 0
4.5 364.1 2043.5 0 0 0 0 0 0 0 0 0
-136.6 -909.8 2180.8 0 0 0 0 0 0 0 0 0
77.5 -935.3 2167.1 0 0 0 0 0 0 0 0 0
-26.0 467.7 2148.9 4 0.9066008329 -0.2991952002 0.2975854874 0.2939775884 0.9537162185 0.0632657558 -0.3027409017 0.0301266704 0.9525966048
49.0 228.7 2141.4 0.9066008329 -0.2991952002 0.2975854874 0.2939775884 0.9537162185 0.0632657558 -0.3027409017 0.0301266704 0.9525966048
23.5 35.0 2155.7 0.9448987246 0.1301097870 0.3003961444 -0.1460023373 0.9887991548 0.0309756678 -0.2930012345 -0.0731274113 0.9533114433
-85.6 249.5 2183.1 0.8067995906 0.3805385530 -0.4519566894 -0.5801237822 0.3652972877 -0.7280208468 -0.1119414493 0.8495576978 0.5154811144
-293.2 398.7 2211.9 -0.7262879014 0.3805385530 -0.5724475980 -0.4506203532 0.3652972877 0.8145545721 0.5190829635 0.8495576978 -0.0938325748
183.7 207.8 2099.6 -0.4401519597 0.6275948882 0.6421766877 -0.3828620017 0.5157363415 -0.7664415836 -0.8122086525 -0.5832158327 0.0132798851
90.8 127.1 1928.3 -0.3191370964 0.6275948882 -0.7101240754 0.8537052274 0.5157363415 0.0721345320 0.4115080237 -0.5832158327 -0.7003716230
-85.2 -144.5 2195.5 0.7690069675 0.0745286644 0.6348809004 -0.0135848224 0.9948612452 -0.1003319770 -0.6390960217 0.0685312524 0.7660677433
