35.6 487.1 2087.6 9 0.9730711579 0.1383565664 -0.1843637079 -0.1466040611 0.9886835217 -0.0318138674 0.1778756976 0.0579856262 0.9823430777
-0.1 232.0 2072.6 0.9730711579 0.1383565664 -0.1843637079 -0.1466040611 0.9886835217 -0.0318138674 0.1778756976 0.0579856262 0.9823430777
14.5 40.8 2102.6 0.9809610844 -0.0755058751 -0.1789252013 0.1011750922 0.9851133227 0.1389797777 0.1657678038 -0.1544365287 0.9739971161
-134.0 218.2 2050.0 0.6272491813 -0.7780388594 -0.0348424278 0.6317911744 0.5344859958 -0.5613952875 0.4554101527 0.3301216066 0.8268139958
-212.4 139.2 1993.1 -0.5565693974 -0.7822218537 -0.2799276114 -0.8307332397 0.5282898545 0.1754768640 0.0106210867 0.3302102387 -0.9438476562
133.8 245.9 2095.2 0.4693871439 0.2358253449 0.8509184122 0.7178093791 0.4593001306 -0.5232524276 -0.5142230988 0.8564051390 0.0463119373
256.3 433.2 1961.0 -0.8855298758 0.2358253449 0.4002788961 0.4645521641 0.4593001306 0.7571226358 -0.0052994387 0.8564051390 -0.5162771940
-60.9 -157.0 2118.4 0.9440286756 0.0304747280 -0.3284527361 -0.0507034920 0.9972958565 -0.0531986058 0.3259433210 0.0668747053 0.9430210590
-72.8 -544.1 2092.5 0.9529244304 0.0208832789 -0.3024878502 0.0617573000 0.9633447528 0.2610611916 0.2968518734 -0.2674524188 0.9167050719
115.7 -141.6 2143.2 0.9836748242 0.0937037021 -0.1536340863 -0.1059343964 0.9916573763 -0.0734409466 0.1454706937 0.0885171443 0.9853948355
79.4 -526.4 2108.8 0.9830265045 -0.1157403812 -0.1423482448 0.1220652387 0.9918505549 0.0365034528 0.1369632632 -0.0532596372 0.9891433120
-57.0 371.2 1990.2 0 0 0 0 0 0 0 0 0
31.5 551.1 1959.7 0 0 0 0 0 0 0 0 0
-80.6 -903.5 2192.3 0 0 0 0 0 0 0 0 0
122.6 -896.5 2128.7 0 0 0 0 0 0 0 0 0
34.7 487.7 2087.3 0 0.9713026881 0.1403801888 -0.1920013875 -0.1496417969 0.9881366491 -0.0345449224 0.1848741770 0.0622850098 0.9807865024
-2.2 227.9 2070.9 0.9713026881 0.1403801888 -0.1920013875 -0.1496417969 0.9881366491 -0.0345449224 0.1848741770 0.0622850098 0.9807865024
15.3 37.6 2104.5 0.9781457186 -0.0904348195 -0.1872231662 0.1201192290 0.9807708263 0.1538179070 0.1697125286 -0.1729454398 0.9701997638
-135.8 211.5 2047.7 0.6141740084 -0.7885607481 -0.0310192220 0.6499975324 0.5277619362 -0.5467820168 0.4475415945 0.3156568706 0.8367002010
-212.5 130.3 1991.9 -0.5432840586 -0.7925959826 -0.2768284380 -0.8392457366 0.5215761065 0.1537042707 0.0225617047 0.3158321679 -0.9485467672
131.4 244.3 2094.0 0.4731572866 0.2432617992 0.8467265964 0.7178673744 0.4506693780 -0.5306256413 -0.5106746554 0.8589067459 0.0386077836
256.0 433.3 1959.6 -0.8868055940 0.2432617992 0.3929370642 0.4620603919 0.4506693780 0.7638044953 0.0087197656 0.8589067459 -0.5120577812
-58.8 -159.4 2117.8 0.9420109987 0.0359341465 -0.3336525559 -0.0557893440 0.9971840382 -0.0501156561 0.3309121430 0.0658237562 0.9413630366
-72.7 -546.5 2092.2 0.9516189098 0.0149584515 -0.3069164455 0.0672598332 0.9644533992 0.2555498779 0.2998292446 -0.2638292313 0.9167860150
116.9 -141.3 2147.5 0.9819931984 0.0977386460 -0.1616678387 -0.1137576774 0.9891484380 -0.0929760858 0.1508261263 0.1096928418 0.9824555516
78.9 -525.1 2104.9 0.9823632240 -0.1188895628 -0.1443184614 0.1290895790 0.9895997047 0.0634692162 0.1352716684 -0.0809798315 0.9874936938
-60.8 364.5 1985.6 0 0 0 0 0 0 0 0 0
30.9 550.6 1961.8 0 0 0 0 0 0 0 0 0
-78.3 -906.4 2190.7 0 0 0 0 0 0 0 0 0
123.3 -894.3 2135.1 0 0 0 0 0 0 0 0 0
31.6 486.2 2087.6 1 0.9730213881 0.1252777278 -0.1937392801 -0.1357845515 0.9898526073 -0.0418851227 0.1865260601 0.0670619234 0.9801585078
-1.5 224.5 2069.9 0.9730213881 0.1252777278 -0.1937392801 -0.1357845515 0.9898526073 -0.0418851227 0.1865260601 0.0670619234 0.9801585078
18.3 34.5 2104.3 0.9761411548 -0.1024403423 -0.1914533526 0.1331619173 0.9788709283 0.1551759243 0.1715118587 -0.1769679040 0.9691573977
-134.8 206.3 2046.5 0.6048070192 -0.7959421277 -0.0261638518 0.6593828797 0.5189227462 -0.5439975858 0.4465676248 0.3117615581 0.8386787772
-210.4 123.9 1990.7 -0.5326616764 -0.7999050021 -0.2764480412 -0.8459744453 0.5126777291 0.1465905458 0.0244702529 0.3119511604 -0.9497829676
131.8 242.7 2093.3 0.4699871242 0.2443310171 0.8481830359 0.7219647765 0.4464281201 -0.5286481380 -0.5078179240 0.8608160615 0.0334170796
255.9 433.4 1959.2 -0.8871569633 0.2443310171 0.3914778233 0.4612964690 0.4464281201 0.7667512894 0.0125744073 0.8608160615 -0.5087608695
-54.8 -163.5 2122.9 0.9414044619 0.0378594361 -0.3351482153 -0.0573274568 0.9971823692 -0.0483832657 0.3323720992 0.0647614151 0.9409222603
-69.5 -550.6 2097.7 0.9495030642 0.0437225737 -0.3106963634 0.0325251333 0.9711918831 0.2360688150 0.3120673001 -0.2342535108 0.9207276106
120.4 -142.0 2153.2 0.9802851081 0.1111404002 -0.1633673161 -0.1280551255 0.9870204926 -0.0969146416 0.1504757553 0.1159240082 0.9817935824
77.3 -525.0 2108.3 0.9811017513 -0.1267923713 -0.1461612284 0.1342782974 0.9900317788 0.0425022990 0.1393152773 -0.0613253601 0.9883473516
-61.7 360.1 1983.9 0 0 0 0 0 0 0 0 0
30.7 550.5 1962.4 0 0 0 0 0 0 0 0 0
-85.8 -912.8 2185.1 0 0 0 0 0 0 0 0 0
124.6 -894.4 2131.1 0 0 0 0 0 0 0 0 0
32.7 485.8 2089.3 2 0.9717343450 0.1293279529 -0.1975009143 -0.1408172250 0.9890022874 -0.0452215932 0.1894804388 0.0717549101 0.9792591333
-1.6 223.9 2070.3 0.9717343450 0.1293279529 -0.1975009143 -0.1408172250 0.9890022874 -0.0452215932 0.1894804388 0.0717549101 0.9792591333
19.6 34.0 2104.2 0.9746133089 -0.1091529503 -0.1954853833 0.1399462223 0.9785252213 0.1513388753 0.1747682840 -0.1748543233 0.9689592123
-134.7 204.8 2046.4 0.5985723138 -0.8006883264 -0.0246849116 0.6626792550 0.5122433305 -0.5463176966 0.4500748813 0.3106524646 0.8372142315
-209.5 122.0 1990.2 -0.5264526010 -0.8046190143 -0.2746559680 -0.8499522209 0.5059469938 0.1469654590 0.0207101684 0.3108147979 -0.9502448440
131.5 243.1 2094.2 0.4708356261 0.2485677302 0.8464797139 0.7195649743 0.4469351172 -0.5314840674 -0.5104312897 0.8593387604 0.0315723456
255.8 432.9 1959.5 -0.8819312453 0.2485677302 0.4005138874 0.4712720215 0.4469351172 0.7603628635 0.0099979527 0.8593387604 -0.5113090873
-49.2 -167.4 2123.3 0.9398949742 0.0563109666 -0.3367885649 -0.0722115859 0.9967797995 -0.0348636359 0.3337408602 0.0570881926 0.9409346581
-71.1 -554.3 2101.1 0.9489341974 0.0392559506 -0.3130221367 0.0282717943 0.9776533842 0.2083136588 0.3142046928 -0.2065256536 0.9266188741
125.6 -143.5 2154.0 0.9788039923 0.1224146709 -0.1641869247 -0.1382088661 0.9864446521 -0.0884607732 0.1511324048 0.1092778519 0.9824547768
78.1 -526.4 2111.5 0.9801529050 -0.1306271702 -0.1491202563 0.1357786357 0.9904272556 0.0248599444 0.1444453746 -0.0446138903 0.9885064960
-62.5 359.3 1984.4 0 0 0 0 0 0 0 0 0
31.9 552.5 1962.0 0 0 0 0 0 0 0 0 0
-85.7 -918.9 2178.1 0 0 0 0 0 0 0 0 0
126.8 -896.0 2128.2 0 0 0 0 0 0 0 0 0
33.3 485.8 2088.6 3 0.9692166448 0.1315027326 -0.2081491649 -0.1446949840 0.9882419705 -0.0494081862 0.1992044300 0.0780053735 0.9768483639
-1.9 220.6 2067.7 0.9692166448 0.1315027326 -0.2081491649 -0.1446949840 0.9882419705 -0.0494081862 0.1992044300 0.0780053735 0.9768483639
19.1 31.3 2104.6 0.9726155996 -0.1083440110 -0.2056222111 0.1435609758 0.9758066535 0.1648987085 0.1827817261 -0.1899023801 0.9646387696
-134.8 201.0 2042.7 0.5932582617 -0.8043459654 -0.0327447429 0.6697129011 0.5157106519 -0.5343474746 0.4466870427 0.2950764596 0.8446304202
-208.9 117.3 1986.9 -0.5258150101 -0.8082710505 -0.2649839520 -0.8501585126 0.5094144344 0.1331445128 0.0273698010 0.2952877581 -0.9550162554
130.9 240.3 2092.7 0.4711542428 0.2462768704 0.8469718695 0.7251905203 0.4384553432 -0.5309007168 -0.5021079183 0.8643521070 0.0279824398
256.2 433.1 1959.2 -0.8819307685 0.2462768704 0.4019276202 0.4712196887 0.4384553432 0.7653162479 0.0122523708 0.8643521070 -0.5027377605
-46.5 -168.5 2122.5 0.9357902408 0.0621851571 -0.3470296562 -0.0780577660 0.9964372516 -0.0319341421 0.3438074589 0.0569720194 0.9373103380
-70.7 -555.3 2100.4 0.9469693899 0.0427139737 -0.3184721470 0.0338839404 0.9723248482 0.2311628014 0.3195322752 -0.2296951860 0.9193145633
128.1 -143.4 2153.8 0.9760764241 0.1262285709 -0.1770343035 -0.1449625641 0.9846537709 -0.0971738249 0.1620513797 0.1205124259 0.9793958068
79.1 -525.6 2107.1 0.9798154235 -0.1261152327 -0.1551021487 0.1364856958 0.9889370799 0.0580956116 0.1460595280 -0.0780922025 0.9861887097
-62.1 354.7 1979.3 0 0 0 0 0 0 0 0 0
32.3 552.7 1962.3 0 0 0 0 0 0 0 0 0
-86.6 -918.0 2186.1 0 0 0 0 0 0 0 0 0
126.1 -894.5 2136.2 0 0 0 0 0 0 0 0 0
30.1 486.0 2088.3 4 0.9808933139 0.1358932406 -0.1392168403 -0.1422904432 0.9891319871 -0.0370313637 0.1326715201 0.0561330430 0.9895692468
-5.9 223.8 2073.4 0.9808933139 0.1358932406 -0.1392168403 -0.1422904432 0.9891319871 -0.0370313637 0.1326715201 0.0561330430 0.9895692468
20.2 34.1 2104.2 0.9808932543 -0.1358936429 -0.1392168850 0.1554345191 0.9777706861 0.1407289505 0.1169980168 -0.1596791893 0.9802111983
-139.6 202.4 2057.4 0.6127929091 -0.7894448042 0.0355211943 0.6703797579 0.4955192208 -0.5523148179 0.4184206426 0.3622673154 0.8328784704
-216.2 118.7 2005.2 -0.5094357133 -0.7933219671 -0.3333398700 -0.8593613505 0.4890311658 0.1494876891 0.0444217212 0.3626137972 -0.9308801889
127.7 245.1 2089.4 0.4893484414 0.2439603359 0.8372702599 0.7169252038 0.4341060519 -0.5454999804 -0.4965444207 0.8671996593 0.0375278033
256.0 433.0 1959.3 -0.8811877370 0.2439603359 0.4049586654 0.4726313353 0.4341060519 0.7669234276 0.0113038905 0.8671996593 -0.4978322387
-47.0 -171.0 2125.1 0.9586285353 0.0576078668 -0.2787698805 -0.0739057213 0.9960947633 -0.0483023338 0.2748986483 0.0669066831 0.9591424465
-69.4 -557.7 2099.1 0.9671451449 0.0432193875 -0.2505241036 0.0186595097 0.9707173109 0.2394989580 0.2535390854 -0.2363049090 0.9380180836
127.2 -145.3 2157.8 0.9861855507 0.1285264790 -0.1044943035 -0.1399734020 0.9839365482 -0.1107987911 0.0885751843 0.1238945872 0.9883342385
77.3 -527.2 2109.7 0.9861951470 -0.1423878819 -0.0845270827 0.1457195133 0.9887201190 0.0346174911 0.0786445141 -0.0464568473 0.9958196878
-74.0 358.6 1992.8 0 0 0 0 0 0 0 0 0
32.3 553.0 1962.1 0 0 0 0 0 0 0 0 0
-85.5 -919.9 2187.3 0 0 0 0 0 0 0 0 0
130.4 -896.0 2127.0 0 0 0 0 0 0 0 0 0
30.9 487.2 2088.6 5 0.9825013280 0.1409755498 -0.1217251271 -0.1465521902 0.9884689450 -0.0381002836 0.1149502993 0.0552726611 0.9918323159
-6.6 224.6 2073.9 0.9825013280 0.1409755498 -0.1217251271 -0.1465521902 0.9884689450 -0.0381002836 0.1149502993 0.0552726611 0.9918323159
22.2 35.1 2104.0 0.9812712669 -0.1487284452 -0.1224197224 0.1652245671 0.9765606523 0.1379497349 0.0990332291 -0.1555928439 0.9828444719
-140.4 202.0 2060.4 0.6138792038 -0.7873893976 0.0563045405 0.6756159663 0.4871664047 -0.5533642173 0.4082834423 0.3777390420 0.8310341835
-217.1 117.6 2009.4 -0.4999733269 -0.7911727428 -0.3522390425 -0.8644326925 0.4806775153 0.1473270804 0.0527522080 0.3781465590 -0.9242415428
127.3 247.2 2087.5 0.4940031767 0.2448541224 0.8342705369 0.7141595483 0.4330223203 -0.5499707460 -0.4959203601 0.8674895763 0.0390494987
255.7 432.8 1958.6 -0.8792966604 0.2448541224 0.4085141718 0.4761586189 0.4330223203 0.7653526068 0.0105039887 0.8674895763 -0.4973444641
-41.3 -169.6 2124.6 0.9631465673 0.0698817223 -0.2597407103 -0.0833207294 0.9956756234 -0.0410815366 0.2557466626 0.0612093247 0.9648041725
-68.4 -556.1 2100.8 0.9713847041 0.0472752303 -0.2327591777 0.0048242034 0.9758612514 0.2183382213 0.2374626398 -0.2132132798 0.9477086067
134.0 -141.6 2145.5 0.9858266115 0.1466445327 -0.0814936757 -0.1536327600 0.9842589498 -0.0873572826 0.0674004108 0.0986392349 0.9928380847
77.1 -523.5 2107.2 0.9881274700 -0.1416358799 -0.0595258623 0.1449337006 0.9878949523 0.0552968308 0.0509732850 -0.0632676259 0.9966940284
-77.5 358.9 1994.7 0 0 0 0 0 0 0 0 0
32.5 553.7 1961.3 0 0 0 0 0 0 0 0 0
-86.1 -920.2 2180.4 0 0 0 0 0 0 0 0 0
130.0 -892.1 2130.8 0 0 0 0 0 0 0 0 0
34.3 487.4 2089.3 6 0.9723668098 0.1637276858 -0.1664211601 -0.1735872924 0.9837231636 -0.0464353189 0.1561095864 0.0740407631 0.9849607944
-9.0 227.1 2069.7 0.9723668098 0.1637276858 -0.1664211601 -0.1735872924 0.9837231636 -0.0464353189 0.1561095864 0.0740407631 0.9849607944
17.8 38.6 2106.5 0.9766370058 -0.1391688287 -0.1637443304 0.1664392054 0.9718559980 0.1667149514 0.1359343976 -0.1900734603 0.9723137021
-142.2 204.3 2051.2 0.5980783701 -0.8012019992 0.0194325577 0.6862149239 0.4994161427 -0.5288597345 0.4140185416 0.3296344578 0.8484867811
-216.9 118.6 1999.4 -0.5044940114 -0.8049814105 -0.3122349679 -0.8615635037 0.4930135012 0.1210207790 0.0565165728 0.3300645053 -0.9422649741
124.2 250.0 2088.3 0.5074582100 0.2390052676 0.8278663158 0.7047622204 0.4376662374 -0.5583533645 -0.4957785308 0.8667898774 0.0536554568
255.8 432.7 1959.7 -0.8788377047 0.2390052676 0.4129415751 0.4771187007 0.4376662374 0.7621062994 0.0014168198 0.8667898774 -0.4986715019
-36.8 -169.2 2125.3 0.9495077729 0.0877546519 -0.3012209535 -0.0980782881 0.9949917197 -0.0192913208 0.2980194390 0.0478604957 0.9533591866
-70.9 -555.4 2106.7 0.9593037963 0.0253236815 -0.2812381685 0.0193584282 0.9877294302 0.1549703032 0.2817116380 -0.1541079283 0.9470424056
138.7 -139.5 2143.0 0.9792380333 0.1573126018 -0.1278500110 -0.1687132120 0.9820961356 -0.0838036388 0.1123776361 0.1036337018 0.9882466197
77.7 -520.7 2102.8 0.9864912629 -0.1305975765 -0.0988902822 0.1392525733 0.9864851236 0.0863470361 0.0862770751 -0.0989513174 0.9913449883
-76.1 359.1 1983.7 0 0 0 0 0 0 0 0 0
32.7 553.8 1960.1 0 0 0 0 0 0 0 0 0
-80.3 -923.3 2164.1 0 0 0 0 0 0 0 0 0
126.4 -888.6 2139.7 0 0 0 0 0 0 0 0 0
35.1 488.8 2088.1 7 0.9710106254 0.1548107713 -0.1821319163 -0.1662694663 0.9848456383 -0.0493307337 0.1717348844 0.0781836361 0.9820358753
-6.6 223.5 2067.1 0.9710106254 0.1548107713 -0.1821319163 -0.1662694663 0.9848456383 -0.0493307337 0.1717348844 0.0781836361 0.9820358753
19.4 35.9 2108.7 0.9744085670 -0.1350225806 -0.1797132194 0.1689436883 0.9672810435 0.1892759949 0.1482766569 -0.2147935629 0.9653381705
-139.6 200.4 2046.8 0.5919836164 -0.8059365749 0.0046523423 0.6950032711 0.5075601339 -0.5092672110 0.4080757499 0.3047112525 0.8605958819
-213.6 113.5 1995.8 -0.5063910484 -0.8097121716 -0.2965373099 -0.8596055508 0.5012025833 0.0993693918 0.0681646541 0.3052248657 -0.9498375654
126.4 246.7 2087.3 0.4964106977 0.2439570427 0.8331034780 0.7136738896 0.4316777587 -0.5516555905 -0.4942125082 0.8684118986 0.0401836894
255.6 432.4 1958.7 -0.8772798777 0.2439570427 0.4133581221 0.4799143076 0.4316777587 0.7637647390 0.0078882845 0.8684118986 -0.4957807064
-42.7 -164.9 2131.1 0.9441676736 0.0752929300 -0.3207466602 -0.0936663970 0.9947080016 -0.0422211811 0.3158703148 0.0699070543 0.9462234974
-71.9 -550.9 2104.0 0.9549463391 0.0162633155 -0.2963325381 0.0383613966 0.9833565950 0.1775900573 0.2942887545 -0.1809567064 0.9384288788
132.0 -134.9 2155.4 0.9767714143 0.1492264867 -0.1537823230 -0.1685608774 0.9781821966 -0.1214363426 0.1323056221 0.1445372403 0.9806141853
74.1 -514.3 2099.4 0.9823177457 -0.1476640105 -0.1150964573 0.1601558775 0.9811537862 0.1081080437 0.0969636515 -0.1246298254 0.9874540567
-72.2 353.5 1976.8 0 0 0 0 0 0 0 0 0
32.9 554.2 1960.7 0 0 0 0 0 0 0 0 0
-78.0 -917.4 2171.4 0 0 0 0 0 0 0 0 0
129.2 -880.2 2145.9 0 0 0 0 0 0 0 0 0
35.7 487.5 2088.6 8 0.9705360532 0.1592052281 -0.1808685064 -0.1700561792 0.9843573570 -0.0460600965 0.1707062274 0.0754607916 0.9824281335
-6.6 226.1 2068.5 0.9705360532 0.1592052281 -0.1808685064 -0.1700561792 0.9843573570 -0.0460600965 0.1707062274 0.0754607916 0.9824281335
16.8 37.6 2108.2 0.9768908620 -0.1207186431 -0.1763839126 0.1528674066 0.9713752270 0.1818287373 0.1493848562 -0.2045901716 0.9673815370
-140.0 205.2 2048.1 0.6024722457 -0.7981355190 -0.0026245557 0.6816983223 0.5162843466 -0.5183993578 0.4151079655 0.3105320632 0.8551346064
-215.2 120.0 1996.3 -0.5190708041 -0.8019932508 -0.2955880761 -0.8526459336 0.5099973679 0.1135674119 0.0596688464 0.3109814823 -0.9485410452
126.8 247.0 2088.9 0.4939664006 0.2460456342 0.8339416981 0.7117982507 0.4363900721 -0.5503697991 -0.4993399680 0.8654624224 0.0404271781
255.6 432.5 1958.8 -0.8786859512 0.2460456342 0.4091118574 0.4773128927 0.4363900721 0.7627162337 0.0091306521 0.8654624224 -0.5008906126
-41.7 -167.0 2137.0 0.9433369040 0.0790609717 -0.3222806752 -0.1050488576 0.9924035072 -0.0640313849 0.3147700727 0.0942583829 0.9444761276
-72.4 -552.1 2100.5 0.9564200044 0.0117389588 -0.2917584777 0.0457213484 0.9808456302 0.1893446743 0.2883927524 -0.1944326311 0.9375636578
132.7 -136.6 2163.6 0.9764704704 0.1488232762 -0.1560673565 -0.1704207808 0.9759995937 -0.1355787814 0.1321443915 0.1589858085 0.9783973694
75.0 -515.3 2101.9 0.9834498167 -0.1382279843 -0.1171304286 0.1496819258 0.9841234684 0.0953744799 0.1020873785 -0.1113283187 0.9885262847
-70.3 358.0 1979.6 0 0 0 0 0 0 0 0 0
32.5 553.7 1961.1 0 0 0 0 0 0 0 0 0
-76.8 -917.9 2173.0 0 0 0 0 0 0 0 0 0
126.6 -882.4 2143.4 0 0 0 0 0 0 0 0 0
34.8 488.1 2088.3 9 0.9765104055 0.1636022329 -0.1402202994 -0.1712823063 0.9842168093 -0.0444935188 0.1307279319 0.0674656406 0.9891201258
-9.1 223.9 2070.2 0.9765104055 0.1636022329 -0.1402202994 -0.1712823063 0.9842168093 -0.0444935188 0.1307279319 0.0674656406 0.9891201258
16.2 35.3 2108.0 0.9819176197 -0.1311331391 -0.1365352273 0.1544813216 0.9719172120 0.1775173694 0.1094225347 -0.1953995675 0.9746003151
-143.1 202.8 2055.2 0.6174799204 -0.7858506441 0.0340197273 0.6816381216 0.5130098462 -0.5217186213 0.3925404549 0.3453399241 0.8524390459
-220.3 117.7 2006.2 -0.5140386224 -0.7897343040 -0.3347895145 -0.8542565107 0.5066070557 0.1165981144 0.0775251985 0.3459320366 -0.9350512624
124.9 245.1 2085.1 0.5020089149 0.2312090695 0.8333843350 0.7205764055 0.4210751653 -0.5508769155 -0.4782851636 0.8770622015 0.0447796769
255.8 432.9 1960.4 -0.8800653815 0.2312090695 0.4147617519 0.4748353958 0.4210751653 0.7728046775 0.0040335869 0.8770622015 -0.4803599119
-47.3 -164.6 2134.5 0.9575334787 0.0593171567 -0.2821544409 -0.0794066042 0.9950170517 -0.0602964051 0.2771718800 0.0801407546 0.9574723244
-70.4 -550.7 2103.4 0.9646791220 0.0242112223 -0.2623127699 0.0184859764 0.9870907664 0.1590913981 0.2627783120 -0.1583212614 0.9517782927
127.6 -137.1 2161.2 0.9838786125 0.1379764825 -0.1137779653 -0.1525155753 0.9795905948 -0.1309247017 0.0933912918 0.1461669207 0.9848417640
74.1 -517.3 2104.5 0.9855918884 -0.1477647722 -0.0823055804 0.1541458368 0.9850069284 0.0774620026 0.0696254149 -0.0890329853 0.9935922027
-76.8 356.1 1984.6 0 0 0 0 0 0 0 0 0
32.4 553.5 1961.4 0 0 0 0 0 0 0 0 0
-79.4 -918.7 2162.4 0 0 0 0 0 0 0 0 0
129.2 -884.8 2137.7 0 0 0 0 0 0 0 0 0
33.5 486.4 2087.6 0 0.9705134034 0.1370919198 -0.1982661933 -0.1500608921 0.9873154163 -0.0518653728 0.1886409372 0.0800880417 0.9787750244
-2.8 224.9 2066.4 0.9705134034 0.1370919198 -0.1982661933 -0.1500608921 0.9873154163 -0.0518653728 0.1886409372 0.0800880417 0.9787750244
16.0 36.6 2108.6 0.9763101935 -0.0973925889 -0.1932177544 0.1358723938 0.9709110260 0.1971560866 0.1683956981 -0.2187384665 0.9611432552
-135.8 206.3 2043.4 0.6059781313 -0.7948935032 -0.0305755641 0.6757898927 0.5346962214 -0.5073539019 0.4196409583 0.2867827117 0.8611952066
-211.5 121.9 1991.0 -0.5360848308 -0.7989588976 -0.2725394964 -0.8421692848 0.5283603668 0.1076394245 0.0579995848 0.2872282565 -0.9561045766
130.3 243.6 2089.4 0.4806825817 0.2379895449 0.8439817429 0.7248541117 0.4338074327 -0.5351613164 -0.4934883416 0.8690063953 0.0360159725
255.9 433.0 1960.5 -0.8804204464 0.2379895449 0.4101473689 0.4741734266 0.4338074327 0.7661401033 0.0044083651 0.8690063953 -0.4947812259
-46.2 -167.2 2136.1 0.9369555712 0.0600571595 -0.3442490101 -0.0862438530 0.9943892360 -0.0612535104 0.3386388123 0.0870811790 0.9368781447
-69.6 -553.1 2102.3 0.9466678500 0.0318975523 -0.3206283152 0.0254883021 0.9845561981 0.1732033193 0.3212013841 -0.1721382886 0.9312347174
129.5 -139.4 2155.7 0.9744509459 0.1391313821 -0.1763174534 -0.1584731489 0.9822070003 -0.1007756218 0.1591591835 0.1261424720 0.9791610837
75.5 -520.6 2106.7 0.9758710265 -0.1522252262 -0.1565350294 0.1585980952 0.9869176149 0.0289873034 0.1500745714 -0.0531140268 0.9872469306
-61.9 356.9 1974.8 0 0 0 0 0 0 0 0 0
32.4 553.3 1961.6 0 0 0 0 0 0 0 0 0
-81.5 -920.4 2166.5 0 0 0 0 0 0 0 0 0
132.3 -888.7 2126.5 0 0 0 0 0 0 0 0 0
34.2 487.8 2086.8 1 0.9687238932 0.1126314253 -0.2211067528 -0.1267553121 0.9906365275 -0.0507179797 0.2133239955 0.0771581754 0.9739299417
4.4 226.0 2066.4 0.9687238932 0.1126314253 -0.2211067528 -0.1267553121 0.9906365275 -0.0507179797 0.2133239955 0.0771581754 0.9739299417
16.2 37.6 2110.5 0.9748826623 -0.0609470867 -0.2142178267 0.1070718244 0.9716408253 0.2108311355 0.1952932328 -0.2284723073 0.9537614584
-128.5 211.3 2039.7 0.6145842671 -0.7856404781 -0.0710998327 0.6598161459 0.5613612533 -0.4995159805 0.4323526621 0.2600818574 0.8633820415
-205.2 128.9 1985.7 -0.5636333823 -0.7898418903 -0.2417999357 -0.8245887756 0.5552616715 0.1083409265 0.0486900359 0.2604500651 -0.9642587900
137.4 240.7 2093.1 0.4532763958 0.2383443713 0.8589135408 0.7353827357 0.4445592165 -0.5114482641 -0.5037387609 0.8634576201 0.0262338724
256.0 433.1 1961.3 -0.8811137676 0.2383443713 0.4084488451 0.4729042649 0.4445592165 0.7607421875 -0.0002610919 0.8634576201 -0.5044212937
-52.5 -164.0 2135.8 0.9264438748 0.0406324826 -0.3742335439 -0.0720962584 0.9949059486 -0.0704576969 0.3694643080 0.0922559425 0.9246539474
-68.3 -550.1 2100.0 0.9352498651 0.0411320180 -0.3515904248 0.0263108239 0.9824017286 0.1849178970 0.3530090749 -0.1821950674 0.9177088737
121.9 -139.5 2165.9 0.9700646996 0.1158868372 -0.2134122252 -0.1460097581 0.9805398583 -0.1312354505 0.1940507293 0.1584671289 0.9681077003
77.0 -519.8 2104.5 0.9726030231 -0.1348464340 -0.1893669069 0.1458676755 0.9882591963 0.0454573408 0.1810138226 -0.0718344599 0.9808536172
-48.0 358.9 1972.1 0 0 0 0 0 0 0 0 0
32.3 553.2 1961.2 0 0 0 0 0 0 0 0 0
-83.7 -916.7 2168.0 0 0 0 0 0 0 0 0 0
127.3 -888.5 2131.2 0 0 0 0 0 0 0 0 0
33.4 487.0 2086.9 2 0.9714244604 0.0966101363 -0.2167970240 -0.1085485145 0.9931247234 -0.0438233465 0.2110727131 0.0661040694 0.9752325416
8.4 229.2 2069.7 0.9714244604 0.0966101363 -0.2167970240 -0.1085485145 0.9931247234 -0.0438233465 0.2110727131 0.0661040694 0.9752325416
21.0 40.3 2112.1 0.9748935699 -0.0652460754 -0.2128979266 0.1089808419 0.9735779762 0.2006716430 0.1941796988 -0.2188352793 0.9562454224
-124.7 214.3 2043.2 0.6133180857 -0.7869687080 -0.0672392920 0.6577057838 0.5560006499 -0.5082187653 0.4373373985 0.2674761117 0.8585991859
-201.3 132.1 1988.6 -0.5605103374 -0.7911593318 -0.2447346300 -0.8270674944 0.5498646498 0.1166542098 0.0422788598 0.2677979469 -0.9625470042
141.4 244.1 2096.3 0.4423705637 0.2388620675 0.8644380569 0.7314496636 0.4616325796 -0.5018732548 -0.5189312696 0.8543068767 0.0294970758
256.2 434.0 1961.6 -0.8821556568 0.2388620675 0.4058895707 0.4708933532 0.4616325796 0.7517678142 -0.0078030312 0.8543068767 -0.5197103024
-59.3 -160.5 2137.2 0.9280122519 0.0173524898 -0.3721452951 -0.0549335741 0.9943692088 -0.0906211957 0.3684773147 0.1045408547 0.9237400293
-66.0 -546.4 2096.6 0.9354496598 0.0661849827 -0.3472080827 0.0169199537 0.9728014469 0.2310217321 0.3530547023 -0.2219839394 0.9088869691
115.0 -141.2 2172.2 0.9723776579 0.0987501740 -0.2114947736 -0.1318596452 0.9800611138 -0.1486380547 0.1925997734 0.1724199504 0.9660106897
76.7 -521.5 2105.3 0.9736024737 -0.1289392263 -0.1883425713 0.1395496130 0.9892303944 0.0441495925 0.1806215793 -0.0692672804 0.9811105132
-44.9 362.9 1976.8 0 0 0 0 0 0 0 0 0
32.3 553.5 1959.6 0 0 0 0 0 0 0 0 0
-90.7 -909.0 2179.3 0 0 0 0 0 0 0 0 0
124.8 -890.6 2131.1 0 0 0 0 0 0 0 0 0
33.1 487.2 2087.4 3 0.9706975222 0.0915494934 -0.2221823186 -0.1046031862 0.9933699965 -0.0476884432 0.2163434029 0.0695320293 0.9738382101
9.4 230.1 2069.4 0.9706975222 0.0915494934 -0.2221823186 -0.1046031862 0.9933699965 -0.0476884432 0.2163434029 0.0695320293 0.9738382101
22.1 41.1 2111.8 0.9735289216 -0.0656689778 -0.2189270258 0.1105861664 0.9735927582 0.1997194737 0.2000303864 -0.2186429799 0.9550827742
-123.5 214.9 2042.1 0.6096936464 -0.7894110084 -0.0714420602 0.6584155560 0.5545726418 -0.5088596940 0.4413192272 0.2632099390 0.8578798771
-199.7 132.7 1987.0 -0.5593672395 -0.7935969234 -0.2393996865 -0.8280169964 0.5484240651 0.1167000085 0.0386797860 0.2635051906 -0.9638822079
142.3 245.2 2096.8 0.4384008348 0.2537820041 0.8622061014 0.7271205187 0.4637320936 -0.5062097311 -0.5282995701 0.8488505483 0.0187704340
255.7 433.2 1960.2 -0.8789561987 0.2537820041 0.4037705958 0.4768972099 0.4637320936 0.7466737032 0.0022509554 0.8488505483 -0.5286281109
-53.7 -158.4 2137.1 0.9252470732 0.0382237695 -0.3774345517 -0.0780489147 0.9928072691 -0.0907857791 0.3712495863 0.1134576276 0.9215753675
-68.5 -543.6 2093.0 0.9374119639 0.0496592186 -0.3446633220 0.0353059992 0.9711248279 0.2359449565 0.3464279473 -0.2333462983 0.9085907936
120.8 -138.8 2171.9 0.9693965316 0.1144809127 -0.2171737999 -0.1493424326 0.9771027565 -0.1515487581 0.1948516816 0.1793441027 0.9642968774
76.4 -518.0 2102.3 0.9742081761 -0.1274557710 -0.1862079501 0.1425428391 0.9873128533 0.0699631125 0.1749283075 -0.0947012529 0.9800162315
-43.6 363.8 1976.2 0 0 0 0 0 0 0 0 0
32.6 554.2 1960.7 0 0 0 0 0 0 0 0 0
-87.0 -905.8 2180.1 0 0 0 0 0 0 0 0 0
124.0 -886.3 2137.6 0 0 0 0 0 0 0 0 0
32.8 487.7 2087.7 4 0.9672361612 0.0915864035 -0.2367827743 -0.1050827876 0.9934450984 -0.0449940301 0.2311098427 0.0684016496 0.9705201983
9.2 231.6 2070.1 0.9672361612 0.0915864035 -0.2367827743 -0.1050827876 0.9934450984 -0.0449940301 0.2311098427 0.0684016496 0.9705201983
22.8 42.5 2111.8 0.9696478844 -0.0702523738 -0.2341955602 0.1173314378 0.9740380049 0.1936061531 0.2145140767 -0.2152083069 0.9527167082
-123.2 215.5 2040.8 0.5981144309 -0.7974376678 -0.0797014162 0.6611259580 0.5471801162 -0.5133287311 0.4529587030 0.2543366551 0.8544830680
-198.0 132.9 1984.2 -0.5532733798 -0.8015964627 -0.2265650332 -0.8325600028 0.5409708023 0.1191402152 0.0270626973 0.2545461059 -0.9666818976
141.6 247.6 2099.4 0.4424176216 0.2598773241 0.8583300114 0.7164185643 0.4733009934 -0.5125725269 -0.5394544601 0.8416947126 0.0232157540
256.2 433.1 1959.7 -0.8804454803 0.2598773241 0.3965848982 0.4741185308 0.4733009934 0.7424269319 0.0052359179 0.8416947126 -0.5399283767
-52.3 -157.7 2136.3 0.9198620915 0.0470408797 -0.3894109130 -0.0868804455 0.9925578833 -0.0853269175 0.3824990094 0.1123211905 0.9171032906
-70.6 -543.0 2092.7 0.9343599677 0.0289229527 -0.3551548123 0.0571307205 0.9716467857 0.2294310778 0.3517208397 -0.2346614599 0.9062154293
122.0 -137.9 2172.1 0.9665074944 0.1162296161 -0.2288099527 -0.1527668983 0.9769614935 -0.1490253955 0.2062173337 0.1789887398 0.9619966149
76.9 -517.1 2102.6 0.9719727039 -0.1303714663 -0.1956332028 0.1485960782 0.9855330586 0.0815093890 0.1821764857 -0.1082952321 0.9772838950
-43.5 365.3 1976.6 0 0 0 0 0 0 0 0 0
32.7 553.4 1961.0 0 0 0 0 0 0 0 0 0
-81.4 -905.5 2180.2 0 0 0 0 0 0 0 0 0
125.6 -884.9 2143.1 0 0 0 0 0 0 0 0 0
32.5 488.3 2087.8 5 0.9736163616 0.0905561671 -0.2094535828 -0.1013845727 0.9939801097 -0.0415302143 0.2044318765 0.0616698600 0.9769362211
9.1 231.5 2071.9 0.9736163616 0.0905561671 -0.2094535828 -0.1013845727 0.9939801097 -0.0415302143 0.2044318765 0.0616698600 0.9769362211
21.3 41.9 2111.7 0.9764382243 -0.0633694157 -0.2062831074 0.1031624377 0.9766812325 0.1882850826 0.1895413250 -0.2051294148 0.9602062106
-124.2 217.4 2046.0 0.6184501648 -0.7832570076 -0.0634657219 0.6496251822 0.5550335646 -0.5195429325 0.4421612620 0.2800824642 0.8520840406
-201.5 136.2 1990.8 -0.5630115271 -0.7874949574 -0.2507384121 -0.8257045746 0.5488660336 0.1302231103 0.0350717567 0.2803529501 -0.9592560530
142.4 245.6 2097.8 0.4391642809 0.2567169964 0.8609477878 0.7244566083 0.4655479789 -0.5083578229 -0.5313166380 0.8469719291 0.0184717290
255.9 432.9 1960.4 -0.8787112236 0.2567169964 0.4024462104 0.4773372710 0.4655479789 0.7452611327 0.0039631771 0.8469719291 -0.5316228271
-50.4 -157.1 2134.3 0.9295713902 0.0492301956 -0.3653401732 -0.0829085037 0.9935727715 -0.0770667642 0.3591980338 0.1019288674 0.9276784062
-69.5 -542.7 2094.8 0.9417494535 0.0326522887 -0.3347264528 0.0438294485 0.9748719335 0.2184116542 0.3334470689 -0.2203599364 0.9166539907
123.3 -136.0 2172.8 0.9712044001 0.1216802001 -0.2048314065 -0.1544814259 0.9761406183 -0.1525940597 0.1813765913 0.1798426658 0.9668294191
76.1 -515.0 2103.0 0.9762851000 -0.1349381208 -0.1692900211 0.1513731480 0.9845333695 0.0882052928 0.1547694355 -0.1117394790 0.9816113114
-44.3 366.8 1981.0 0 0 0 0 0 0 0 0 0
32.9 554.1 1961.4 0 0 0 0 0 0 0 0 0
-81.7 -906.5 2177.0 0 0 0 0 0 0 0 0 0
126.4 -882.4 2144.7 0 0 0 0 0 0 0 0 0
35.1 487.4 2088.9 6 0.9733108282 0.1071172282 -0.2029578239 -0.1181497127 0.9920638800 -0.0430102386 0.1967399865 0.0658417419 0.9782423973
7.5 231.6 2071.9 0.9733108282 0.1071172282 -0.2029578239 -0.1181497127 0.9920638800 -0.0430102386 0.1967399865 0.0658417419 0.9782423973
19.8 41.5 2109.4 0.9781317711 -0.0634301603 -0.1980779469 0.0993753448 0.9791492820 0.1771756262 0.1827096045 -0.1929851770 0.9640403986
-126.1 218.0 2047.0 0.6231964827 -0.7799577117 -0.0573769994 0.6432685256 0.5529388189 -0.5295887589 0.4447828233 0.2931290269 0.8463117480
-204.0 137.6 1991.4 -0.5641744733 -0.7841877937 -0.2583731115 -0.8251161575 0.5467993617 0.1421048939 0.0298413262 0.2933597863 -0.9555362463
141.1 245.2 2096.9 0.4454576969 0.2506601512 0.8594980836 0.7259289622 0.4607673585 -0.5106080770 -0.5240177512 0.8513888121 0.0232909005
256.4 433.0 1961.3 -0.8789267540 0.2506601512 0.4057798088 0.4769563377 0.4607673585 0.7484691739 0.0006413019 0.8513888121 -0.5245347023
-53.8 -156.9 2134.6 0.9327295423 0.0448925272 -0.3577713072 -0.0808455572 0.9929948449 -0.0861695409 0.3513967097 0.1092970967 0.9298250079
-71.2 -542.4 2092.2 0.9450385571 0.0247472730 -0.3260210752 0.0529227220 0.9724044800 0.2272195667 0.3226474226 -0.2319851667 0.9176499844
121.0 -138.4 2168.5 0.9739529490 0.1168498471 -0.1943237484 -0.1456193328 0.9792395234 -0.1410141885 0.1738120019 0.1656384915 0.9707488418
75.7 -518.5 2104.2 0.9761366248 -0.1425626129 -0.1638085246 0.1569044143 0.9845152497 0.0781709701 0.1501277387 -0.1020078287 0.9833900928
-46.4 368.0 1983.1 0 0 0 0 0 0 0 0 0
33.2 554.1 1961.4 0 0 0 0 0 0 0 0 0
-80.5 -905.2 2178.7 0 0 0 0 0 0 0 0 0
128.9 -886.0 2142.3 0 0 0 0 0 0 0 0 0
35.4 488.2 2088.4 7 0.9723564982 0.1027125120 -0.2096974552 -0.1153847873 0.9921072721 -0.0490865037 0.2030005753 0.0719254762 0.9765334129
8.6 230.0 2069.7 0.9723564982 0.1027125120 -0.2096974552 -0.1153847873 0.9921072721 -0.0490865037 0.2030005753 0.0719254762 0.9765334129
18.0 40.2 2109.0 0.9779429436 -0.0485203341 -0.2031584084 0.0877191126 0.9781190753 0.1886489540 0.1895598024 -0.2023087889 0.9608008265
-124.9 218.0 2043.8 0.6284322143 -0.7745889425 -0.0713084862 0.6386948228 0.5661518574 -0.5210959315 0.4440065920 0.2819291353 0.8505140543
-203.5 138.2 1988.3 -0.5756601095 -0.7788985372 -0.2488624901 -0.8170352578 0.5600814819 0.1369750351 0.0326936208 0.2821804881 -0.9588040709
142.2 242.0 2095.6 0.4379969239 0.2513761818 0.8631157279 0.7351320982 0.4524695575 -0.5048288107 -0.5174354911 0.8556175232 0.0133855715
256.0 433.1 1961.1 -0.8790929317 0.2513761818 0.4049760699 0.4766096473 0.4524695575 0.7537337542 0.0062313713 0.8556175232 -0.5175710917
-55.5 -157.4 2130.5 0.9296311140 0.0425205529 -0.3660300374 -0.0730950609 0.9948601127 -0.0700746849 0.3611690700 0.0918985978 0.9279609919
-72.0 -543.6 2094.8 0.9410051703 0.0163102001 -0.3379988670 0.0626029596 0.9732052684 0.2212518752 0.3325509429 -0.2293588817 0.9147701263
119.7 -139.6 2163.2 0.9724316597 0.1136520579 -0.2036169171 -0.1415145397 0.9816353917 -0.1279281527 0.1853382736 0.1532161534 0.9706567526
75.6 -520.7 2103.7 0.9748270512 -0.1376846284 -0.1753714532 0.1535048932 0.9849017859 0.0800295398 0.1617048234 -0.1049353331 0.9812441468
-42.8 366.3 1979.2 0 0 0 0 0 0 0 0 0
32.9 554.0 1962.7 0 0 0 0 0 0 0 0 0
-78.1 -906.8 2180.4 0 0 0 0 0 0 0 0 0
126.9 -888.3 2142.9 0 0 0 0 0 0 0 0 0
34.8 487.1 2088.2 8 0.9773358703 0.1033108160 -0.1847739518 -0.1126645207 0.9927937388 -0.0408323184 0.1792240143 0.0607243590 0.9819324613
8.2 231.0 2072.5 0.9773358703 0.1033108160 -0.1847739518 -0.1126645207 0.9927937388 -0.0408323184 0.1792240143 0.0607243590 0.9819324613
16.6 40.5 2108.3 0.9829908013 -0.0439350307 -0.1783221662 0.0754038021 0.9819008112 0.1737383604 0.1674614847 -0.1842293888 0.9685123563
-126.1 220.7 2049.7 0.6450136304 -0.7621292472 -0.0558254644 0.6251548529 0.5682775378 -0.5350159407 0.4394756258 0.3101930022 0.8429955244
-206.7 142.6 1994.8 -0.5825429559 -0.7664797902 -0.2704670727 -0.8121450543 0.5622572899 0.1558434516 0.0326212272 0.3104439974 -0.9500317574
142.4 241.4 2095.4 0.4366613925 0.2452891618 0.8655403256 0.7368776202 0.4544048607 -0.5005273223 -0.5160796642 0.8563582301 0.0176729690
256.0 433.0 1961.2 -0.8791164756 0.2452891618 0.4086410403 0.4766058028 0.4544048607 0.7525710464 -0.0010909595 0.8563582301 -0.5163810253
-60.2 -157.5 2131.3 0.9382370114 0.0311816074 -0.3445852697 -0.0649554506 0.9940967560 -0.0869046897 0.3398412764 0.1039198861 0.9347237945
-72.3 -543.4 2090.9 0.9482128024 0.0124349184 -0.3173922002 0.0640677363 0.9712087512 0.2294534892 0.3111073077 -0.2379053533 0.9201158881
115.0 -141.8 2165.2 0.9785398245 0.0987918675 -0.1808314323 -0.1244231164 0.9828141928 -0.1363641471 0.1642520279 0.1559373587 0.9740148187
76.7 -523.3 2104.7 0.9791393280 -0.1301271915 -0.1560549438 0.1428213865 0.9870488644 0.0730521306 0.1445277929 -0.0938161910 0.9850432873
-44.0 369.4 1985.7 0 0 0 0 0 0 0 0 0
32.8 554.0 1960.9 0 0 0 0 0 0 0 0 0
-76.9 -905.9 2179.7 0 0 0 0 0 0 0 0 0
125.2 -891.7 2139.7 0 0 0 0 0 0 0 0 0
34.1 487.8 2087.6 9 0.9736064672 0.1015799791 -0.2043818980 -0.1128792390 0.9926171899 -0.0443773046 0.1983651370 0.0662765056 0.9778848290
7.7 230.2 2070.4 0.9736064672 0.1015799791 -0.2043818980 -0.1128792390 0.9926171899 -0.0443773046 0.1983651370 0.0662765056 0.9778848290
15.2 39.7 2106.7 0.9795573354 -0.0388727784 -0.1973734647 0.0744660422 0.9815227389 0.1762609929 0.1868747920 -0.1873553693 0.9643524885
-126.1 220.0 2044.9 0.6369189024 -0.7674263120 -0.0734248534 0.6253336668 0.5699847937 -0.5329869390 0.4508792460 0.2935544252 0.8429316282
-205.6 141.9 1988.5 -0.5841464996 -0.7718052864 -0.2511762083 -0.8113276958 0.5639483333 0.1539793909 0.0228082929 0.2937327325 -0.9556154609
141.5 240.4 2095.9 0.4381362200 0.2349124849 0.8676708937 0.7382610440 0.4566548765 -0.4964241982 -0.5128423572 0.8580690026 0.0266503096
256.3 433.8 1961.5 -0.8867030144 0.2349124849 0.3982133269 0.4623276591 0.4566548765 0.7600786090 -0.0032941084 0.8580690026 -0.5135238171
-62.9 -156.8 2129.1 0.9314209819 0.0255993549 -0.3630422354 -0.0567097403 0.9955474138 -0.0752950087 0.3594982624 0.0907193869 0.9287254810
-72.8 -543.3 2093.9 0.9399135709 0.0128207356 -0.3411716223 0.0621371157 0.9761811495 0.2078686357 0.3357103467 -0.2165779769 0.9167292714
113.1 -143.3 2159.0 0.9751921892 0.0970795676 -0.1989364624 -0.1223093793 0.9853668809 -0.1187120825 0.1845008880 0.1400988847 0.9727958441
75.5 -525.8 2104.7 0.9744030833 -0.1402539760 -0.1756914556 0.1560256481 0.9845595360 0.0793634206 0.1618476659 -0.1047443375 0.9812410474
-42.5 368.4 1982.2 0 0 0 0 0 0 0 0 0
31.2 551.2 1960.7 0 0 0 0 0 0 0 0 0
-77.6 -907.6 2174.7 0 0 0 0 0 0 0 0 0
127.8 -893.3 2143.8 0 0 0 0 0 0 0 0 0
33.5 487.6 2087.8 0 0.9744371772 0.1039678082 -0.1991553754 -0.1145720407 0.9925075173 -0.0424514078 0.1932496279 0.0641838685 0.9790480137
6.6 230.6 2071.2 0.9744371772 0.1039678082 -0.1991553754 -0.1145720407 0.9925075173 -0.0424514078 0.1932496279 0.0641838685 0.9790480137
14.7 39.9 2106.4 0.9804195762 -0.0417129956 -0.1924513131 0.0752190575 0.9825283885 0.1702354401 0.1819878370 -0.1813781708 0.9664276242
-127.3 220.4 2046.3 0.6382231116 -0.7668507099 -0.0679060668 0.6238134503 0.5668287873 -0.5381095409 0.4511408210 0.3010732532 0.8401350379
-207.1 142.4 1989.9 -0.5825474858 -0.7712135911 -0.2566475868 -0.8125203252 0.5607889891 0.1591427028 0.0211921204 0.3012395501 -0.9533129930
140.5 240.9 2096.0 0.4433009028 0.2315836102 0.8659407496 0.7372574806 0.4552702904 -0.4991797209 -0.5098389387 0.8597080708 0.0310849734
256.6 434.1 1962.5 -0.8889959455 0.2315836102 0.3950382769 0.4579051435 0.4552702904 0.7635782957 -0.0030169631 0.8597080708 -0.5107767582
-65.0 -157.5 2126.4 0.9335619211 0.0244924985 -0.3575782776 -0.0531562939 0.9960907698 -0.0705522224 0.3544524014 0.0848724097 0.9312143326
-74.5 -544.2 2093.4 0.9422385693 0.0121229906 -0.3347230256 0.0671688318 0.9722048640 0.2242902070 0.3281384110 -0.2338178307 0.9152346253
110.5 -144.1 2159.8 0.9772568345 0.0870370194 -0.1933743656 -0.1123958603 0.9858604074 -0.1242836192 0.1798228621 0.1431914866 0.9732214212
76.7 -526.8 2104.3 0.9756053686 -0.1371670961 -0.1714040041 0.1526506394 0.9849861264 0.0806229487 0.1577717662 -0.1048211157 0.9818964601
-44.4 369.3 1984.0 0 0 0 0 0 0 0 0 0
31.0 550.3 1961.7 0 0 0 0 0 0 0 0 0
-79.0 -907.0 2180.7 0 0 0 0 0 0 0 0 0
127.9 -894.5 2143.4 0 0 0 0 0 0 0 0 0
33.2 487.8 2087.9 1 0.9743329883 0.0997712836 -0.2017942518 -0.1122930348 0.9923366308 -0.0515579991 0.1951038241 0.0728947520 0.9780699611
7.1 228.1 2068.8 0.9743329883 0.0997712836 -0.2017942518 -0.1122930348 0.9923366308 -0.0515579991 0.1951038241 0.0728947520 0.9780699611
12.4 38.0 2107.5 0.9808257818 -0.0275451709 -0.1929302812 0.0649694726 0.9795463085 0.1904416531 0.1837383956 -0.1993246675 0.9625538588
-126.9 219.2 2043.7 0.6455360651 -0.7597426772 -0.0779372379 0.6229206324 0.5828120708 -0.5218237042 0.4418745041 0.2883073092 0.8494856358
-207.6 141.4 1988.5 -0.5939036608 -0.7641975284 -0.2515563369 -0.8038183451 0.5768275857 0.1454164982 0.0339777060 0.2885690033 -0.9568560123
141.0 237.0 2093.9 0.4371144176 0.2436886430 0.8657637239 0.7441527247 0.4426409304 -0.5003056526 -0.5051412582 0.8629512191 0.0121431733
256.3 433.2 1960.7 -0.8824787736 0.2436886430 0.4023022056 0.4702846110 0.4426409304 0.7634797692 0.0079759303 0.8629512191 -0.5052242279
-65.1 -157.5 2125.3 0.9320799112 0.0201066807 -0.3616943657 -0.0459479578 0.9969561696 -0.0629860237 0.3593269885 0.0753271207 0.9301666021
-72.9 -544.5 2096.0 0.9396136403 0.0227563828 -0.3414797187 0.0562293008 0.9739624858 0.2196255773 0.3375863135 -0.2255643457 0.9138687849
110.6 -144.0 2157.9 0.9763089418 0.0841441974 -0.1993503273 -0.1093062684 0.9868875742 -0.1187649295 0.1867429763 0.1377415061 0.9727046490
77.9 -527.1 2104.4 0.9753176570 -0.1304993331 -0.1781161278 0.1472171992 0.9855254292 0.0840638056 0.1645676941 -0.1082106680 0.9804121256
-41.8 365.8 1979.0 0 0 0 0 0 0 0 0 0
32.3 552.6 1962.7 0 0 0 0 0 0 0 0 0
-81.4 -908.0 2180.2 0 0 0 0 0 0 0 0 0
126.6 -895.0 2144.8 0 0 0 0 0 0 0 0 0
35.5 488.5 2086.9 2 0.9754167795 0.1089322269 -0.1915617436 -0.1180099100 0.9923376441 -0.0366007164 0.1861069351 0.0583071373 0.9807978868
7.0 229.5 2071.7 0.9754167795 0.1089322269 -0.1915617436 -0.1180099100 0.9923376441 -0.0366007164 0.1861069351 0.0583071373 0.9807978868
13.6 38.8 2106.8 0.9823908210 -0.0341851115 -0.1836837232 0.0662863702 0.9829367995 0.1715847105 0.1746838540 -0.1807389706 0.9678940773
-127.2 220.4 2047.8 0.6472775340 -0.7593436241 -0.0665511414 0.6177194715 0.5736945868 -0.5378635526 0.4466032982 0.3070370555 0.8404009342
-208.1 143.2 1992.0 -0.5898179412 -0.7637594342 -0.2622714639 -0.8071438670 0.5676965117 0.1619861573 0.0251721311 0.3072331250 -0.9513012767
141.2 238.6 2095.6 0.4389238060 0.2400750369 0.8658578992 0.7412526011 0.4478857219 -0.4999429882 -0.5078291893 0.8612562418 0.0186314620
256.5 433.2 1962.2 -0.8806796670 0.2400750369 0.4083715975 0.4737115502 0.4478857219 0.7582847476 -0.0008585700 0.8612562418 -0.5081701279
-70.1 -157.9 2129.7 0.9361199737 0.0080776615 -0.3515880108 -0.0390022993 0.9959536791 -0.0809636712 0.3495113552 0.0895044506 0.9326471686
-73.3 -544.5 2094.9 0.9430554509 0.0166646894 -0.3322179317 0.0631364509 0.9716209769 0.2279615998 0.3265888095 -0.2359554768 0.9152402878
