-6.5 97.3 2548.3 44 0.9959341288 0.0530982241 -0.0727723166 -0.0172801558 0.9054256678 0.4241530001 0.0884116963 -0.4211709201 0.9026618600
-17.0 -82.6 2632.0 0.9959341288 0.0530982241 -0.0727723166 -0.0172801558 0.9054256678 0.4241530001 0.0884116963 -0.4211709201 0.9026618600
-26.9 -257.1 2720.4 0.9961999655 0.0503558740 -0.0710630938 -0.0126642995 0.8909969330 0.4538326561 0.0861701369 -0.4512081146 0.8882488012
-158.9 -80.8 2619.7 -0.0304246433 -0.7907553315 -0.6113758087 0.8612819910 0.2896463871 -0.4174905121 0.5072156191 -0.5392689705 0.6722509265
-149.3 -351.3 2460.4 -0.4747275412 -0.7907553315 -0.3864451051 0.2659859359 0.2896463871 -0.9194326997 0.8389787078 -0.5392689705 0.0728266686
124.9 -84.5 2644.3 -0.1635497212 0.9556112885 0.2450684905 -0.8575556278 -0.0149065144 -0.5141752362 -0.4876985252 -0.2942530811 0.8219277859
85.4 -291.1 2526.8 -0.2704512477 0.9556112885 0.1168896630 -0.4406054914 -0.0149065144 -0.8975770473 -0.8559923768 -0.2942530811 0.4250790775
-116.6 -430.8 2794.3 0.9813568592 0.1728633195 0.0840055719 0.0949143171 -0.0558249690 -0.9939189553 -0.1671225131 0.9833624959 -0.0711914226
-184.3 -408.9 2409.5 0.9813568592 -0.0285856444 0.1900566369 0.0949143171 0.9319597483 -0.3499175310 -0.1671225131 0.3614330888 0.9172983170
63.0 -429.3 2813.3 0.9972231984 -0.0494099185 -0.0557190068 -0.0530253723 0.0542468540 -0.9971186519 0.0522901304 0.9973043203 0.0514762402
82.4 -450.5 2423.4 0.9972231984 0.0243773237 -0.0703682750 -0.0530253723 0.8958961964 -0.4410876930 0.0522901304 0.4435941577 0.8947010636
-13.5 -427.4 2220.3 0 0 0 0 0 0 0 0 0
9.4 -415.0 2285.9 0 0 0 0 0 0 0 0 0
-172.7 -785.1 2263.6 0 0 0 0 0 0 0 0 0
73.0 -793.4 2253.6 0 0 0 0 0 0 0 0 0
-7.1 97.8 2546.8 45 0.9953773618 0.0436412543 -0.0855535045 -0.0020113012 0.9000743628 0.4357316494 0.0960203856 -0.4335453510 0.8960013986
-15.7 -80.3 2632.5 0.9953773618 0.0436412543 -0.0855535045 -0.0020113012 0.9000743628 0.4357316494 0.0960203856 -0.4335453510 0.8960013986
-23.7 -253.8 2723.0 0.9956095815 0.0407985114 -0.0842439085 0.0029016049 0.8861265779 0.4634342492 0.0935581923 -0.4616440237 0.8821176887
-157.6 -80.7 2619.2 -0.0448523797 -0.7404415011 -0.6706225872 0.8506816626 0.3236475885 -0.4142377675 0.5237641931 -0.5890659094 0.6153636575
-143.3 -350.9 2452.9 -0.5237331986 -0.7404415011 -0.4212480783 0.2714672387 0.3236475885 -0.9063982368 0.8074707985 -0.5890659094 0.0315006040
126.1 -79.9 2645.9 -0.1654786468 0.9626295567 0.2143854946 -0.8592333794 -0.0340228714 -0.5104512572 -0.4840814769 -0.2686759531 0.8327534795
84.2 -297.2 2523.4 -0.2563917935 0.9626295567 0.0872213915 -0.4340006709 -0.0340228714 -0.9002698660 -0.8636589050 -0.2686759531 0.4265050590
-126.7 -430.4 2800.9 0.9859107733 0.1496588290 0.0747141615 0.0875152200 -0.0808522627 -0.9928766489 -0.1425519437 0.9854263663 -0.0928105414
-185.3 -398.8 2415.3 0.9859107733 -0.0300099347 0.1645581126 0.0875152200 0.9309303164 -0.3545558453 -0.1425519437 0.3639617562 0.9204405546
53.3 -432.7 2816.5 0.9955287576 -0.0742121041 -0.0584382825 -0.0601470470 -0.0210012384 -0.9979685545 0.0728340745 0.9970213175 -0.0253709760
82.2 -424.5 2427.6 0.9955287576 0.0239797458 -0.0913643315 -0.0601470470 0.9067330956 -0.4173935950 0.0728340745 0.4210226238 0.9041212201
6.1 -428.3 2222.4 0 0 0 0 0 0 0 0 0
12.0 -419.4 2280.3 0 0 0 0 0 0 0 0 0
-172.8 -786.2 2263.9 0 0 0 0 0 0 0 0 0
72.4 -794.2 2255.9 0 0 0 0 0 0 0 0 0
-4.9 106.9 2546.5 46 0.9920109510 0.0402035415 -0.1195739731 0.0149140786 0.9038352370 0.4276207089 0.1252670288 -0.4259877503 0.8960148692
-12.9 -72.8 2631.2 0.9920109510 0.0402035415 -0.1195739731 0.0149140786 0.9038352370 0.4276207089 0.1252670288 -0.4259877503 0.8960148692
-20.5 -247.5 2719.4 0.9921738505 0.0392965078 -0.1185195670 0.0185932927 0.8921076655 0.4514401853 0.1234722361 -0.4501107931 0.8843951821
-154.1 -75.4 2613.6 -0.0488577224 -0.6952641606 -0.7170917988 0.8462554216 0.3525355160 -0.3994626999 0.5305324197 -0.6263597012 0.5711470246
-139.1 -336.8 2449.7 -0.5494324565 -0.6952641606 -0.4633915722 0.3011588454 0.3525355160 -0.8860146999 0.7793762684 -0.6263597012 0.0156904999
128.4 -70.1 2648.8 -0.1803591400 0.9735156894 0.1404910237 -0.8777285814 -0.0948321074 -0.4696801007 -0.4439179003 -0.2080240846 0.8715864420
84.0 -286.6 2539.3 -0.2285002917 0.9735156894 0.0074003129 -0.4330581427 -0.0948321074 -0.8963634968 -0.8719221354 -0.2080240846 0.4432580769
-121.7 -427.6 2804.9 0.9837598205 0.1685222536 0.0617806874 0.0922243670 -0.1792919934 -0.9794636369 -0.1539846361 0.9692546725 -0.1919221282
-187.3 -357.7 2427.4 0.9837598205 -0.0319119953 0.1766301990 0.0922243670 0.9341023564 -0.3448875546 -0.1539846361 0.3555761278 0.9218754768
58.2 -427.0 2821.8 0.9982528687 -0.0475463048 -0.0350799896 -0.0356171206 -0.0104969880 -0.9993103743 0.0471452847 0.9988138676 -0.0121721113
76.8 -422.9 2431.5 0.9982528687 0.0120135555 -0.0578526706 -0.0356171206 0.9035775065 -0.4269416034 0.0471452847 0.4282562137 0.9024266601
18.6 -423.2 2226.2 0 0 0 0 0 0 0 0 0
22.2 -403.7 2303.6 0 0 0 0 0 0 0 0 0
-172.6 -788.0 2263.6 0 0 0 0 0 0 0 0 0
71.9 -794.3 2255.5 0 0 0 0 0 0 0 0 0
-6.1 107.6 2546.4 47 0.9943036437 0.0268460866 -0.1031481773 0.0197911002 0.9044265151 0.4261701703 0.1047309488 -0.4257839620 0.8987432718
-11.5 -71.6 2630.7 0.9943036437 0.0268460866 -0.1031481773 0.0197911002 0.9044265151 0.4261701703 0.1047309488 -0.4257839620 0.8987432718
-16.3 -246.4 2718.9 0.9944250584 0.0249383673 -0.1024543345 0.0240041353 0.8925809860 0.4502477050 0.1026772335 -0.4501969218 0.8870062828
-153.1 -75.0 2616.1 -0.0836824551 -0.7200331092 -0.6888755560 0.8062961102 0.3572993279 -0.4714061618 0.5855628252 -0.5948861241 0.5506601930
-126.2 -334.4 2427.7 -0.5205523372 -0.7200331092 -0.4588873088 0.2887839079 0.3572993279 -0.8882235289 0.8035104871 -0.5948861241 0.0219409745
130.2 -68.2 2645.4 -0.1866065264 0.9762467742 0.1100919023 -0.8738667965 -0.1137331054 -0.4726749063 -0.4489262402 -0.1844098866 0.8743330240
86.0 -275.2 2539.0 -0.2165034562 0.9762467742 -0.0082753478 -0.4795823693 -0.1137331054 -0.8700951338 -0.8503687382 -0.1844098866 0.4928143620
-117.8 -423.8 2796.4 0.9829759598 0.1659889668 0.0787780136 0.0872088522 -0.0441194102 -0.9952126145 -0.1617186666 0.9851401448 -0.0578440242
-182.0 -406.7 2415.1 0.9829759598 -0.0211518947 0.1825127602 0.0872088522 0.9280366302 -0.3621361852 -0.1617186666 0.3718878925 0.9140822887
61.4 -420.5 2818.7 0.9983664155 -0.0415964983 -0.0391692147 -0.0381557420 0.0248852745 -0.9989618659 0.0425280519 0.9988245368 0.0232574772
77.7 -430.2 2428.2 0.9983664155 0.0166721810 -0.0546491928 -0.0381557420 0.9064872861 -0.4205056131 0.0425280519 0.4219038486 0.9056425691
23.6 -417.5 2196.5 0 0 0 0 0 0 0 0 0
28.7 -402.0 2314.1 0 0 0 0 0 0 0 0 0
-173.4 -786.3 2263.0 0 0 0 0 0 0 0 0 0
71.0 -795.5 2258.2 0 0 0 0 0 0 0 0 0
-7.7 105.8 2547.8 48 0.9964373708 0.0111451000 -0.0835960880 0.0225976314 0.9196998477 0.3919713497 0.0812518671 -0.3924639821 0.9161714911
-9.9 -75.8 2625.3 0.9964373708 0.0111451000 -0.0835960880 0.0225976314 0.9196998477 0.3919713497 0.0812518671 -0.3924639821 0.9161714911
-11.6 -254.9 2703.7 0.9964732528 0.0082389964 -0.0835058764 0.0259907003 0.9159217477 0.4005144835 0.0797846839 -0.4012723267 0.9124773741
-151.8 -79.5 2613.9 -0.1210247725 -0.7121466994 -0.6915200949 0.7329784632 0.4056715667 -0.5460523963 0.6693994403 -0.5729551911 0.4728918672
-111.9 -321.2 2393.2 -0.4761924446 -0.7121466994 -0.5158370137 0.3205469251 0.4056715667 -0.8559674621 0.8188347816 -0.5729551911 0.0350987017
132.1 -72.0 2636.7 -0.1984164566 0.9765225649 0.0838721618 -0.8819946051 -0.1405765712 -0.4498041272 -0.4274534285 -0.1632233262 0.8891803622
86.7 -273.7 2538.9 -0.2115076631 0.9765225649 -0.0408428125 -0.4820413589 -0.1405765712 -0.8647972941 -0.8502356410 -0.1632233262 0.5004572868
-110.6 -424.5 2795.7 0.9764598608 0.1956061125 0.0909088030 0.1084471047 -0.0808830783 -0.9908063412 -0.1864547879 0.9773413539 -0.1001919955
-186.4 -393.2 2417.3 0.9764598608 -0.0339556038 0.2130098045 0.1084471047 0.9309257269 -0.3487355709 -0.1864547879 0.3636265993 0.9126939774
69.3 -421.0 2812.5 0.9984684587 -0.0306791421 -0.0460380465 -0.0444855355 0.0494985878 -0.9977830052 0.0328899473 0.9983028769 0.0480579995
81.2 -440.1 2425.9 0.9984684587 0.0261248387 -0.0487668365 -0.0444855355 0.9031678438 -0.4269764721 0.0328899473 0.4284919500 0.9029467702
26.5 -414.3 2155.3 0 0 0 0 0 0 0 0 0
31.3 -399.9 2316.2 0 0 0 0 0 0 0 0 0
-172.0 -788.3 2263.0 0 0 0 0 0 0 0 0 0
71.0 -793.2 2258.4 0 0 0 0 0 0 0 0 0
-8.0 107.9 2547.6 49 0.9950438142 0.0099931518 -0.0989341810 0.0283923224 0.9249656796 0.3789885938 0.0952980146 -0.3799192309 0.9200976491
-10.0 -75.3 2622.8 0.9950438142 0.0099931518 -0.0989341810 0.0283923224 0.9249656796 0.3789885938 0.0952980146 -0.3799192309 0.9200976491
-11.3 -256.3 2697.1 0.9950717092 0.0065796813 -0.0989393890 0.0315077417 0.9251029491 0.3784068823 0.0940189213 -0.3796593249 0.9203364849
-151.7 -79.8 2609.4 -0.1521602571 -0.8700705171 -0.4688544869 0.8237240314 0.1505166292 -0.5466474891 0.5461922884 -0.4693847299 0.6937953234
-112.9 -289.8 2470.1 -0.4453519285 -0.8700705171 -0.2112793177 0.1681143194 0.1505166292 -0.9742085338 0.8794311881 -0.4693847299 0.0792384446
131.8 -70.8 2636.2 -0.1809539497 0.9773266315 0.1099466756 -0.8871687055 -0.1139575318 -0.4471525550 -0.4244848788 -0.1784552634 0.8876746893
87.7 -287.2 2532.7 -0.2104612291 0.9773266315 -0.0232094005 -0.4304459393 -0.1139575318 -0.8953937292 -0.8777370453 -0.1784552634 0.4446699321
-103.1 -436.9 2773.9 0.9693394899 0.2107590288 0.1263393015 0.1220459640 0.0333093144 -0.9919653535 -0.2132739276 0.9769703746 0.0065657427
-184.7 -449.8 2395.9 0.9693394899 -0.0375242680 0.2428433895 0.1220459640 0.9312772155 -0.3432601988 -0.2132739276 0.3623737395 0.9073034525
77.1 -432.5 2787.5 0.9997010231 -0.0046273088 -0.0240103938 -0.0230890457 0.1446405500 -0.9892148376 0.0080502788 0.9894734621 0.1444904655
78.9 -488.6 2403.9 0.9997010231 0.0172167793 -0.0173635706 -0.0230890457 0.8984308243 -0.4385075867 0.0080502788 0.4387773871 0.8985597491
8.8 -335.8 2229.8 0 0 0 0 0 0 0 0 0
32.4 -400.2 2302.3 0 0 0 0 0 0 0 0 0
-170.9 -790.8 2263.3 0 0 0 0 0 0 0 0 0
73.0 -792.4 2255.6 0 0 0 0 0 0 0 0 0
-9.9 106.7 2550.4 50 0.9986124039 0.0430878252 -0.0302774999 -0.0297372658 0.9358819127 0.3510565460 0.0434624255 -0.3496690392 0.9358646274
-18.5 -79.0 2619.8 0.9986124039 0.0430878252 -0.0302774999 -0.0297372658 0.9358819127 0.3510565460 0.0434624255 -0.3496690392 0.9358646274
-26.0 -262.4 2687.2 0.9988438487 0.0371163227 -0.0305501148 -0.0243279953 0.9384028316 0.3446857929 0.0414617844 -0.3435440660 0.9382208586
-160.4 -75.7 2614.0 -0.1200974211 -0.8324151039 -0.5409821868 0.8371938467 0.2079491317 -0.5058296323 0.5335569978 -0.5136557817 0.6719186306
-130.8 -281.7 2482.8 -0.5280531049 -0.8324151039 -0.1680625677 -0.0165416040 0.2079491317 -0.9779997468 0.8490502238 -0.5136557817 -0.1235776693
123.5 -82.3 2625.6 -0.1457522064 0.9810068011 0.1279921085 -0.9085111022 -0.0815101564 -0.4098337591 -0.3916170299 -0.1760164350 0.9031358361
87.4 -307.3 2528.6 -0.1937609762 0.9810068011 -0.0090759443 -0.3693222106 -0.0815101564 -0.9257198572 -0.9088771939 -0.1760164350 0.3781010807
-102.4 -440.4 2762.3 0.9683510065 0.2193974555 0.1190003455 0.1232023239 -0.0055204486 -0.9923661947 -0.2170656919 0.9756199718 -0.0323760062
-189.1 -438.2 2376.5 0.9683510065 -0.0538306087 0.2437182665 0.1232023239 0.9523038268 -0.2791748047 -0.2170656919 0.3003658652 0.9287964702
74.2 -436.8 2776.2 0.9981635809 -0.0235242378 -0.0558220744 -0.0506594591 0.1810849905 -0.9821618199 0.0332131498 0.9831860662 0.1795607060
83.3 -506.8 2396.3 0.9981635809 0.0306740180 -0.0522359908 -0.0506594591 0.8954905272 -0.4421880841 0.0332131498 0.4440222681 0.8953999877
3.5 -277.5 2266.7 0 0 0 0 0 0 0 0 0
36.5 -404.3 2289.9 0 0 0 0 0 0 0 0 0
-169.2 -791.1 2265.3 0 0 0 0 0 0 0 0 0
73.5 -792.3 2254.7 0 0 0 0 0 0 0 0 0
-9.0 109.1 2548.3 51 0.9990834594 0.0424462408 0.0055296128 -0.0419945717 0.9469399452 0.3186552227 0.0082895048 -0.3185953796 0.9478545785
-17.4 -79.6 2611.8 0.9990834594 0.0424462408 0.0055296128 -0.0419945717 0.9469399452 0.3186552227 0.0082895048 -0.3185953796 0.9478545785
-25.3 -265.8 2670.9 0.9992424846 0.0386181027 0.0048092226 -0.0382683203 0.9526109695 0.3017745912 0.0070726448 -0.3017300367 0.9533671737
-159.5 -74.3 2610.9 -0.0807235986 -0.8051097393 -0.5876070261 0.8381086588 0.2642647624 -0.4772190750 0.5394975543 -0.5310013890 0.6534370184
-140.1 -276.1 2481.1 -0.5773258805 -0.8051097393 -0.1359895468 -0.1438962370 0.2642647624 -0.9536550641 0.8037342429 -0.5310013890 -0.2684191465
124.7 -84.8 2612.7 -0.1370559335 0.9834769964 0.1182737127 -0.9265885353 -0.0850731507 -0.3663279712 -0.3502132297 -0.1597985029 0.9229382873
90.7 -314.7 2525.8 -0.1804366410 0.9834769964 -0.0146838976 -0.3890463412 -0.0850731507 -0.9172815681 -0.9033745527 -0.1597985029 0.3979684412
-123.5 -443.8 2750.6 0.9776964188 0.1609329879 0.1349453926 0.1159036607 0.1223860011 -0.9856916666 -0.1751457304 0.9793478847 0.1010036319
-186.2 -491.5 2369.0 0.9776964188 -0.0541966371 0.2029098570 0.1159036607 0.9449235797 -0.3060813248 -0.1751457304 0.3227726221 0.9301300049
54.9 -449.1 2756.4 0.9897339344 -0.0735558718 -0.1225410774 -0.1005981266 0.2505067587 -0.9628739953 0.1015224010 0.9653164744 0.2405354530
83.5 -546.2 2382.2 0.9897339344 0.0425046422 -0.1364556253 -0.1005981266 0.8853716850 -0.4538689554 0.1015224010 0.4629366696 0.8805582523
5.5 -239.8 2278.4 0 0 0 0 0 0 0 0 0
43.2 -417.1 2288.1 0 0 0 0 0 0 0 0 0
-169.2 -787.9 2267.8 0 0 0 0 0 0 0 0 0
71.6 -792.7 2253.3 0 0 0 0 0 0 0 0 0
-8.6 110.2 2546.8 52 0.9988943934 0.0470094420 -0.0002511113 -0.0445240587 0.9477700591 0.3158313930 0.0150850546 -0.3154710531 0.9488152862
-18.0 -79.3 2609.9 0.9988943934 0.0470094420 -0.0002511113 -0.0445240587 0.9477700591 0.3158313930 0.0150850546 -0.3154710531 0.9488152862
-26.9 -265.8 2668.5 0.9989877343 0.0449716598 -0.0010323920 -0.0425956100 0.9530866146 0.2996856570 0.0144613208 -0.2993383408 0.9540374279
-160.2 -73.3 2607.9 -0.1025473997 -0.8508403301 -0.5153200030 0.8329942226 0.2097023576 -0.5120015144 0.5436953902 -0.4817630351 0.6872406602
-135.4 -274.7 2476.5 -0.5195704103 -0.8508403301 -0.0782129094 -0.1993089169 0.2097023576 -0.9572360516 0.8308565021 -0.4817630351 -0.2785352170
124.3 -85.3 2611.9 -0.1262964457 0.9895848632 0.0690724999 -0.9263329506 -0.0927392691 -0.3651118577 -0.3549034297 -0.1100964621 0.9283977151
92.4 -319.1 2522.3 -0.1393708438 0.9895848632 -0.0360218100 -0.4258634746 -0.0927392691 -0.9000220895 -0.8939888477 -0.1100964621 0.4343532026
-123.2 -448.7 2729.3 0.9799736142 0.1705740690 0.1027432606 0.0987730250 0.0316240415 -0.9946073890 -0.1729033887 0.9848372340 0.0141426083
-187.2 -460.6 2359.9 0.9799736142 -0.0490766875 0.1929848939 0.0987730250 0.9613238573 -0.2570997477 -0.1729033887 0.2710126936 0.9469195008
56.2 -455.9 2729.6 0.9820231795 -0.0697412118 -0.1754042655 -0.1404850632 0.3506069481 -0.9259258509 0.1260731518 0.9339223504 0.3345065713
83.3 -591.8 2367.7 0.9820231795 0.0599603578 -0.1789839268 -0.1404850632 0.8654714227 -0.4808566570 0.1260731518 0.4973569214 0.8583365679
-5.5 -224.9 2268.8 0 0 0 0 0 0 0 0 0
55.7 -431.1 2287.1 0 0 0 0 0 0 0 0 0
-170.6 -786.6 2268.0 0 0 0 0 0 0 0 0 0
69.2 -794.5 2251.2 0 0 0 0 0 0 0 0 0
-6.6 116.7 2546.0 53 0.9978231192 0.0613957085 0.0240754057 -0.0658512488 0.9473045468 0.3134928048 -0.0035596297 -0.3143957555 0.9492853284
-18.9 -73.8 2609.3 0.9978231192 0.0613957085 0.0240754057 -0.0658512488 0.9473045468 0.3134928048 -0.0035596297 -0.3143957555 0.9492853284
-30.5 -260.9 2665.8 0.9980249405 0.0586763993 0.0224343538 -0.0626522899 0.9557341933 0.2874835432 -0.0045727808 -0.2883213162 0.9575228095
-161.0 -65.0 2610.0 -0.0907673091 -0.8794273734 -0.4672994614 0.8213462234 0.1992443800 -0.5345016718 0.5631622076 -0.4323299229 0.7042294741
-137.6 -276.9 2464.6 -0.4710734487 -0.8794273734 -0.0685367957 -0.2334937602 0.1992443800 -0.9517259598 0.8506294489 -0.4323299229 -0.2991995513
123.2 -82.7 2608.6 -0.1209333390 0.9923761487 0.0237624254 -0.9313827157 -0.1051551402 -0.3485235572 -0.3433677256 -0.0642800257 0.9369987845
92.7 -317.5 2522.0 -0.1083820611 0.9923761487 -0.0586758368 -0.4962866008 -0.1051551402 -0.8617668152 -0.8613668680 -0.0642800257 0.5038999319
-126.0 -448.5 2725.8 0.9779560566 0.1562704146 0.1384971738 0.1116345152 0.1692401171 -0.9792321324 -0.1764642894 0.9731070399 0.1480642408
-185.4 -512.8 2356.2 0.9779560566 -0.0526426323 0.2020659894 0.1116345152 0.9496056437 -0.2928940058 -0.1764642894 0.3089950085 0.9345493317
54.0 -456.4 2728.0 0.9614725709 -0.0828613192 -0.2621153593 -0.2110759467 0.3883387446 -0.8970172405 0.1761175841 0.9177837372 0.3558870256
86.2 -607.5 2370.7 0.9614725709 0.0844951794 -0.2615932524 -0.2110759467 0.8365561962 -0.5055894256 0.1761175841 0.5413264036 0.8221607804
-20.6 -218.9 2253.3 0 0 0 0 0 0 0 0 0
64.2 -447.9 2295.7 0 0 0 0 0 0 0 0 0
-170.3 -784.9 2267.6 0 0 0 0 0 0 0 0 0
67.2 -795.7 2248.9 0 0 0 0 0 0 0 0 0
-4.4 120.9 2546.2 54 0.9972412586 0.0581897758 0.0460855849 -0.0698546991 0.9456716180 0.3175302446 -0.0251048170 -0.3198735416 0.9471275806
-16.1 -69.4 2610.5 0.9972412586 0.0581897758 0.0460855849 -0.0698546991 0.9456716180 0.3175302446 -0.0251048170 -0.3198735416 0.9471275806
-27.2 -256.2 2668.2 0.9974066615 0.0565162115 0.0445630737 -0.0671149790 0.9539637566 0.2923160791 -0.0259909611 -0.2945488691 0.9552829266
-158.2 -59.9 2614.2 -0.0925076827 -0.9213185310 -0.3776432872 0.7970367074 0.1588072926 -0.5826771855 0.5968038440 -0.3548976779 0.7196338177
-133.1 -276.2 2452.2 -0.3838805556 -0.9213185310 -0.0617075823 -0.2266720831 0.1588072926 -0.9609370232 0.8951287270 -0.3548976779 -0.2698002458
125.9 -78.9 2606.8 -0.1322228611 0.9903245568 -0.0421231575 -0.9317435622 -0.1386758089 -0.3355934918 -0.3381879330 -0.0051251510 0.9410646558
92.5 -314.4 2521.3 -0.0820092410 0.9903245568 -0.1119452193 -0.5550599098 -0.1386758089 -0.8201692104 -0.8277577758 -0.0051251510 0.5610621572
-132.2 -442.3 2722.6 0.9701224566 0.1494818926 0.1910956800 0.1473383605 0.2627810836 -0.9535394907 -0.1927532107 0.9532057643 0.2329054028
-189.6 -543.3 2356.5 0.9701224566 -0.0725448802 0.2315159440 0.1473383605 0.9342932105 -0.3246345222 -0.1927532107 0.3490464091 0.9170675278
47.8 -453.7 2721.6 0.9464988708 -0.0983918831 -0.3073417544 -0.2423049808 0.4123411477 -0.8782158494 0.2131389678 0.9057007432 0.3664395809
86.2 -614.6 2368.1 0.9464988708 0.0911319628 -0.3095721006 -0.2423049808 0.8342834115 -0.4952368140 0.2131389678 0.5437519550 0.8117300272
-37.1 -219.6 2228.5 0 0 0 0 0 0 0 0 0
71.0 -460.2 2303.9 0 0 0 0 0 0 0 0 0
-170.6 -788.0 2265.1 0 0 0 0 0 0 0 0 0
66.2 -798.0 2248.6 0 0 0 0 0 0 0 0 0
-2.8 124.9 2546.7 55 0.9981054068 0.0526069216 0.0319078974 -0.0603227802 0.9388034344 0.3391302526 -0.0121146431 -0.3404124975 0.9401981235
-13.4 -64.7 2615.5 0.9981054068 0.0526069216 0.0319078974 -0.0603227802 0.9388034344 0.3391302526 -0.0121146431 -0.3404124975 0.9401981235
-24.1 -249.9 2677.8 0.9980593920 0.0542014092 0.0306545869 -0.0611353405 0.9464502931 0.3170083165 -0.0118307471 -0.3182671964 0.9479272366
-155.6 -56.0 2617.2 -0.0736374334 -0.9613015056 -0.2654749751 0.7602758408 0.1181635410 -0.6387628913 0.6454131603 -0.2488710582 0.7221530676
-134.9 -269.9 2435.6 -0.2691876888 -0.9613015056 -0.0586295277 -0.2106214464 0.1181635410 -0.9703999162 0.9397747517 -0.2488710582 -0.2342788875
128.8 -73.3 2613.8 -0.1403913647 0.9863265753 -0.0863141790 -0.9258962274 -0.1616692543 -0.3414370716 -0.3507228196 0.0319831595 0.9359329939
92.6 -311.8 2523.4 -0.0693739429 0.9863265753 -0.1494895518 -0.5833395123 -0.1616692543 -0.7959761620 -0.8092603087 0.0319831595 0.5865789056
-128.4 -436.9 2728.2 0.9593352079 0.1649529785 0.2290555537 0.1764884144 0.2827736139 -0.9428101182 -0.2202901989 0.9448965788 0.2421624064
-192.4 -546.6 2361.8 0.9593352079 -0.0845266283 0.2693161368 0.1764884144 0.9242319465 -0.3385958970 -0.2202901989 0.3723581433 0.9015662074
51.7 -449.1 2723.4 0.9468387365 -0.0932518244 -0.3078969121 -0.2445056736 0.4134038389 -0.8771055937 0.2090774626 0.9057601094 0.3686261773
88.1 -610.7 2369.3 0.9468387365 0.0985291526 -0.3062489629 -0.2445056736 0.8390627503 -0.4859944880 0.2090774626 0.5350379944 0.8185480833
-68.2 -217.7 2202.6 0 0 0 0 0 0 0 0 0
74.3 -465.3 2310.5 0 0 0 0 0 0 0 0 0
-170.2 -789.8 2263.8 0 0 0 0 0 0 0 0 0
66.3 -796.7 2250.7 0 0 0 0 0 0 0 0 0
0.1 122.0 2547.0 56 0.9974910617 0.0599954724 0.0375782847 -0.0695302039 0.9300789237 0.3607197702 -0.0133092171 -0.3624275625 0.9319168925
-12.1 -65.9 2620.2 0.9974910617 0.0599954724 0.0375782847 -0.0695302039 0.9300789237 0.3607197702 -0.0133092171 -0.3624275625 0.9319168925
-23.9 -248.4 2689.6 0.9974963665 0.0602273457 0.0370633863 -0.0694481954 0.9331406951 0.3527398705 -0.0133407693 -0.3544307351 0.9349871278
-154.2 -56.0 2622.1 -0.0553538315 -0.9699981213 -0.2367268354 0.7653748989 0.1110340655 -0.6339343190 0.6411998272 -0.2162754685 0.7362660170
-138.7 -269.5 2443.2 -0.2360087633 -0.9699981213 -0.0583395660 -0.2165923417 0.1110340655 -0.9699274302 0.9473054409 -0.2162754685 -0.2362991720
130.1 -75.7 2618.3 -0.1529079676 0.9830525517 -0.1011277884 -0.9173237085 -0.1792555898 -0.3555062711 -0.3676090539 0.0384071730 0.9291869998
92.0 -304.0 2526.9 -0.0758464187 0.9830525517 -0.1668981612 -0.5884240866 -0.1792555898 -0.7884317040 -0.8049872518 0.0384071730 0.5920476913
-124.9 -429.7 2741.2 0.9496982694 0.1813812107 0.2552919984 0.2005994618 0.2736644745 -0.9406740069 -0.2404849529 0.9445679188 0.2235137224
-195.6 -536.4 2373.1 0.9496982694 -0.0926963240 0.2991330028 0.2005994618 0.9135676622 -0.3537710607 -0.2404849529 0.3959816992 0.8862084746
55.4 -440.8 2739.0 0.9641368389 -0.0878470168 -0.2504457533 -0.2021986246 0.3681233823 -0.9075245857 0.1719182730 0.9256176949 0.3371587694
89.7 -584.7 2377.2 0.9641368389 0.0895124078 -0.2498553693 -0.2021986246 0.8575346470 -0.4730222821 0.1719182730 0.5065786242 0.8448799849
-79.7 -215.3 2206.3 0 0 0 0 0 0 0 0 0
72.0 -459.1 2314.7 0 0 0 0 0 0 0 0 0
-169.8 -790.5 2263.0 0 0 0 0 0 0 0 0 0
67.5 -797.8 2251.3 0 0 0 0 0 0 0 0 0
0.6 123.1 2548.6 57 0.9984893799 0.0544906110 -0.0070496616 -0.0476913713 0.9232276678 0.3812822998 0.0272847489 -0.3803701103 0.9244318008
-10.4 -63.1 2625.3 0.9984893799 0.0544906110 -0.0070496616 -0.0476913713 0.9232276678 0.3812822998 0.0272847489 -0.3803701103 0.9244318008
-20.7 -243.6 2700.3 0.9986239076 0.0519870594 -0.0069010668 -0.0453598835 0.9222774506 0.3838577867 0.0263203364 -0.3830165267 0.9233664274
-152.6 -56.8 2621.6 -0.0115796095 -0.9640898705 -0.2653236687 0.7715952992 0.1601556242 -0.6156223416 0.6360083818 -0.2118511647 0.7420326471
-149.4 -267.6 2447.9 -0.2450826764 -0.9640898705 -0.1022996530 -0.2292553335 0.1601556242 -0.9601000547 0.9420066476 -0.2118511647 -0.2602741122
131.8 -69.5 2629.0 -0.1523004323 0.9860334992 -0.0673982427 -0.9069198966 -0.1665327847 -0.3869924843 -0.3928115666 0.0021856804 0.9196164012
92.3 -304.7 2527.2 -0.0910449475 0.9860334992 -0.1394588351 -0.5499693751 -0.1665327847 -0.8184134364 -0.8302075267 0.0021856804 0.5574501753
-125.8 -424.8 2760.1 0.9602028131 0.1792105585 0.2142290920 0.1776530147 0.1999847740 -0.9635587931 -0.2155224681 0.9632703066 0.1601886600
-195.6 -502.7 2384.9 0.9602028131 -0.0816681311 0.2670970559 0.1776530147 0.9164994955 -0.3584244847 -0.2155224681 0.3916108012 0.8945339918
54.5 -437.3 2757.7 0.9729191065 -0.0887135491 -0.2134440094 -0.1749730259 0.3207341731 -0.9308673739 0.1510393322 0.9430055618 0.2965259254
89.1 -562.7 2389.2 0.9729191065 0.0763249919 -0.2181809694 -0.1749730259 0.8599739075 -0.4794051945 0.1510393322 0.5045982599 0.8500398397
-87.1 -209.3 2208.6 0 0 0 0 0 0 0 0 0
68.3 -449.6 2308.5 0 0 0 0 0 0 0 0 0
-170.1 -789.2 2262.4 0 0 0 0 0 0 0 0 0
68.3 -797.4 2251.4 0 0 0 0 0 0 0 0 0
-0.4 116.3 2548.0 58 0.9985965490 0.0508916229 -0.0146623552 -0.0409522876 0.9175294042 0.3955536485 0.0335835107 -0.3943980336 0.9183258414
-10.6 -67.6 2627.0 0.9985965490 0.0508916229 -0.0146623552 -0.0409522876 0.9175294042 0.3955536485 0.0335835107 -0.3943980336 0.9183258414
-20.1 -246.8 2705.1 0.9987373352 0.0481233150 -0.0144189019 -0.0383458212 0.9156859517 0.4000610709 0.0324554518 -0.3990029991 0.9163750410
-152.9 -62.1 2622.4 0.0359311663 -0.9453569055 -0.3240513802 0.7833161354 0.2280030400 -0.5782996416 0.6205842495 -0.2330556810 0.7487057447
-162.3 -268.3 2459.1 -0.2858868241 -0.9453569055 -0.1567451805 -0.2360378802 0.2280030400 -0.9446167350 0.9287382960 -0.2330556810 -0.2883231044
131.6 -73.0 2631.6 -0.1419530064 0.9898279309 0.0094874613 -0.9054749608 -0.1259712726 -0.4052731395 -0.3999555111 -0.0661204010 0.9141464233
94.1 -312.2 2525.9 -0.1178375483 0.9898279309 -0.0797181353 -0.4655061364 -0.1259712726 -0.8760338426 -0.8771649599 -0.0661204010 0.4756151140
-121.2 -420.0 2773.0 0.9723739028 0.1739241183 0.1556901336 0.1344937384 0.1277043670 -0.9826509953 -0.1907890290 0.9764435291 0.1007846892
-189.0 -469.7 2392.5 0.9723739028 -0.0542147346 0.2270457596 0.1344937384 0.9251028299 -0.3551001847 -0.1907890290 0.3758263886 0.9068374038
59.1 -428.0 2777.6 0.9861032963 -0.0755584016 -0.1479569823 -0.1261152327 0.2392770648 -0.9627260566 0.1081447601 0.9680069089 0.2264228314
88.6 -521.3 2400.3 0.9861032963 0.0604675896 -0.1547385305 -0.1261152327 0.8787598014 -0.4603001177 0.1081447601 0.4734183252 0.8741737604
-90.1 -208.7 2224.4 0 0 0 0 0 0 0 0 0
62.5 -437.1 2290.6 0 0 0 0 0 0 0 0 0
-170.2 -790.5 2262.2 0 0 0 0 0 0 0 0 0
69.5 -797.8 2251.3 0 0 0 0 0 0 0 0 0
-1.9 114.8 2547.6 59 0.9985772371 0.0439127162 -0.0302511323 -0.0279955212 0.9145653844 0.4034679234 0.0453840122 -0.4020469785 0.9144935608
-10.7 -68.4 2628.1 0.9985772371 0.0439127162 -0.0302511323 -0.0279955212 0.9145653844 0.4034679234 0.0453840122 -0.4020469785 0.9144935608
-19.1 -247.1 2707.7 0.9986404777 0.0425972417 -0.0300440919 -0.0266599879 0.9126636982 0.4078409374 0.0447930507 -0.4064854980 0.9125585556
-152.9 -64.6 2621.8 0.0472353175 -0.9371870756 -0.3456142843 0.7782312632 0.2514352500 -0.5754445791 0.6261988282 -0.2417865247 0.7412248850
-165.2 -267.0 2459.0 -0.3034594357 -0.9371870756 -0.1720255166 -0.2458431274 0.2514352500 -0.9361311197 0.9205832481 -0.2417865247 -0.3067013919
131.6 -72.1 2634.5 -0.1536002308 0.9877310991 0.0281823818 -0.8974384069 -0.1275094450 -0.4223098457 -0.4135350585 -0.0901588425 0.9060133100
91.5 -306.7 2526.4 -0.1397031844 0.9877310991 -0.0697875246 -0.4634778202 -0.1275094450 -0.8768863678 -0.8750264645 -0.0901588425 0.4756049216
-119.9 -422.6 2780.3 0.9781492352 0.1655117720 0.1258171797 0.1121281236 0.0896371901 -0.9896426201 -0.1750753969 0.9821257591 0.0691200197
-184.5 -457.6 2396.9 0.9781492352 -0.0395934470 0.2040991634 0.1121281236 0.9271509051 -0.3575170636 -0.1750753969 0.3725902736 0.9113314748
60.6 -429.4 2786.1 0.9905692339 -0.0664850026 -0.1198010072 -0.1038543358 0.2059846222 -0.9730286002 0.0893689767 0.9762940407 0.1971372813
86.5 -509.9 2404.9 0.9905692339 0.0500066020 -0.1275612712 -0.1038543358 0.8813110590 -0.4609827399 0.0893689767 0.4698831141 0.8781930804
-88.5 -204.8 2226.2 0 0 0 0 0 0 0 0 0
53.5 -432.7 2288.6 0 0 0 0 0 0 0 0 0
-170.4 -787.1 2264.5 0 0 0 0 0 0 0 0 0
70.2 -797.2 2251.7 0 0 0 0 0 0 0 0 0
0.9 115.9 2558.9 60 0.9980419278 0.0561051518 -0.0276508890 -0.0429055132 0.9357510805 0.3500414491 0.0455134772 -0.3481696546 0.9363260269
-10.4 -71.3 2628.6 0.9980419278 0.0561051518 -0.0276508890 -0.0429055132 0.9357510805 0.3500414491 0.0455134772 -0.3481696546 0.9363260269
-20.9 -254.4 2696.2 0.9981800318 0.0535126328 -0.0278032608 -0.0405458808 0.9368257523 0.3474385440 0.0446391627 -0.3456789255 0.9372904897
-152.6 -65.6 2622.3 0.0471894555 -0.9342059493 -0.3535991609 0.7823048234 0.2546772361 -0.5684528351 0.6211057305 -0.2497973591 0.7428519130
-165.0 -271.5 2458.8 -0.3073269129 -0.9342059493 -0.1811335981 -0.2190240622 0.2546772361 -0.9418959618 0.9260554314 -0.2497973591 -0.2828827500
131.9 -77.1 2634.9 -0.1690527052 0.9849438071 0.0361513421 -0.8968250155 -0.1385073364 -0.4201435745 -0.4088105857 -0.1034478322 0.9067372680
87.0 -315.1 2526.4 -0.1491166055 0.9849438071 -0.0874641314 -0.3779328465 -0.1385073364 -0.9154138565 -0.9137455821 -0.1034478322 0.3928963542
-118.1 -424.2 2781.1 0.9794391394 0.1671704352 0.1129294708 0.1041824147 0.0602287464 -0.9927328825 -0.1727571785 0.9840866327 0.0415741727
-183.1 -447.6 2398.7 0.9794391394 -0.0347023904 0.1987328976 0.1041824147 0.9305771589 -0.3509589136 -0.1727571785 0.3644473553 0.9150590897
61.9 -430.4 2787.0 0.9931339622 -0.0596520044 -0.1006311476 -0.0891754553 0.1707194597 -0.9812760353 0.0757147744 0.9835123420 0.1642277986
85.0 -496.3 2407.1 0.9931339622 0.0449127555 -0.1080177426 -0.0891754553 0.8882839084 -0.4505546093 0.0757147744 0.4570936263 0.8861899972
-86.1 -215.3 2221.1 0 0 0 0 0 0 0 0 0
46.0 -419.0 2275.1 0 0 0 0 0 0 0 0 0
-170.4 -788.2 2265.3 0 0 0 0 0 0 0 0 0
69.8 -796.7 2252.5 0 0 0 0 0 0 0 0 0
1.6 113.7 2561.1 61 0.9980651736 0.0613523759 -0.0100906985 -0.0547470227 0.9440847635 0.3251256645 0.0294737052 -0.3239441514 0.9456169605
-10.7 -74.9 2625.9 0.9980651736 0.0613523759 -0.0100906985 -0.0547470227 0.9440847635 0.3251256645 0.0294737052 -0.3239441514 0.9456169605
-22.0 -260.4 2686.7 0.9982739091 0.0577087477 -0.0109017044 -0.0514281280 0.9486124516 0.3122332096 0.0283600800 -0.3111336231 0.9499429464
-152.9 -67.7 2621.9 0.0400754400 -0.9262576103 -0.3747543097 0.7857251763 0.2609122097 -0.5608571768 0.6172761917 -0.2719773054 0.7382401228
-163.6 -277.4 2457.1 -0.3276555538 -0.9262576103 -0.1862489283 -0.2008469105 0.2609122097 -0.9442379475 0.9232022166 -0.2719773054 -0.2715253234
131.6 -82.2 2629.8 -0.1715024412 0.9818616509 0.0808366537 -0.9021218419 -0.1235375181 -0.4134182334 -0.3959331512 -0.1438267529 0.9069458842
86.0 -321.8 2524.7 -0.1775287539 0.9818616509 -0.0665671900 -0.3326926827 -0.1235375181 -0.9349085689 -0.9261744618 -0.1438267529 0.3485896587
-121.8 -434.2 2758.6 0.9799424410 0.1555393338 0.1245806590 0.1003943011 0.1547068655 -0.9828462601 -0.1721447408 0.9756399393 0.1359885633
-182.2 -494.3 2379.7 0.9799424410 -0.0305870324 0.1969194263 0.1003943011 0.9293676019 -0.3552419245 -0.1721447408 0.3678862453 0.9137974977
58.4 -442.2 2765.5 0.9925103188 -0.0614232905 -0.1055955142 -0.0885166749 0.2341227978 -0.9681690335 0.0841904432 0.9702647328 0.2269323021
82.2 -533.1 2388.9 0.9925103188 0.0403890423 -0.1152907535 -0.0885166749 0.8881927729 -0.4508641064 0.0841904432 0.4576924145 0.8851155639
-79.3 -225.7 2219.7 0 0 0 0 0 0 0 0 0
35.5 -416.5 2261.0 0 0 0 0 0 0 0 0 0
-172.6 -786.0 2264.2 0 0 0 0 0 0 0 0 0
70.3 -795.4 2253.7 0 0 0 0 0 0 0 0 0
4.1 111.4 2562.2 62 0.9959871173 0.0828640983 -0.0338118859 -0.0659701526 0.9350547791 0.3483109474 0.0604784377 -0.3446826339 0.9367690682
-12.4 -75.2 2631.0 0.9959871173 0.0828640983 -0.0338118859 -0.0659701526 0.9350547791 0.3483109474 0.0604784377 -0.3446826339 0.9367690682
-28.0 -258.4 2697.8 0.9962855577 0.0790794864 -0.0340816416 -0.0625212044 0.9364467859 0.3451935053 0.0592133701 -0.3417804837 0.9379125237
-154.3 -66.4 2622.6 0.0136653585 -0.9317842126 -0.3627553582 0.8028191328 0.2264908552 -0.5515281558 0.5960659981 -0.2836900949 0.7511492968
-158.1 -288.8 2457.5 -0.3158393502 -0.9317842126 -0.1789516509 -0.1205670834 0.2264908552 -0.9665223360 0.9411211610 -0.2836900949 -0.1838772297
129.5 -84.0 2639.4 -0.1452880353 0.9783394337 0.1474560648 -0.8896898031 -0.0639884397 -0.4520591795 -0.4328318536 -0.1968689561 0.8797154427
90.5 -322.8 2523.3 -0.2066385448 0.9783394337 0.0123457471 -0.3585970402 -0.0639884397 -0.9312967658 -0.9103344083 -0.1968689561 0.3640521169
-123.8 -441.4 2744.5 0.9664303660 0.1703252345 0.1923580319 0.1513847113 0.2274300605 -0.9619554281 -0.2075932771 0.9587830305 0.1940106750
-190.0 -529.9 2371.5 0.9664303660 -0.0609297194 0.2495994121 0.1513847113 0.9199702144 -0.3615763783 -0.2075932771 0.3872239590 0.8983110189
54.7 -449.4 2754.7 0.9878644347 -0.0710553154 -0.1381123960 -0.1112503782 0.2968124747 -0.9484332800 0.1083847135 0.9522885680 0.2853055596
82.8 -566.7 2378.3 0.9878644347 0.0470147803 -0.1480320990 -0.1112503782 0.8792675138 -0.4631544054 0.1083847135 0.4740023911 0.8738275170
-76.8 -257.7 2215.3 0 0 0 0 0 0 0 0 0
32.0 -424.3 2265.7 0 0 0 0 0 0 0 0 0
-173.1 -785.3 2264.0 0 0 0 0 0 0 0 0 0
70.5 -796.5 2254.4 0 0 0 0 0 0 0 0 0
9.0 118.9 2562.7 63 0.9942212701 0.0697130710 -0.0816346109 -0.0342112444 0.9265583158 0.3745920956 0.1017531976 -0.3696345985 0.9235889316
-5.0 -66.7 2636.8 0.9942212701 0.0697130710 -0.0816346109 -0.0342112444 0.9265583158 0.3745920956 0.1017531976 -0.3696345985 0.9235889316
-17.5 -247.3 2710.7 0.9947210550 0.0628474057 -0.0811186582 -0.0272344518 0.9238459468 0.3817943335 0.0989359245 -0.3775696456 0.9206806421
-146.5 -62.9 2622.8 0.0140578672 -0.9504725337 -0.3104905188 0.8431429267 0.1781913787 -0.5073044300 0.5375056863 -0.2546562850 0.8038892150
-150.8 -319.5 2459.2 -0.2733826935 -0.9504725337 -0.1478644162 -0.0895129964 0.1781913787 -0.9799159169 0.9577313662 -0.2546562850 -0.1337940842
136.5 -70.4 2650.8 -0.1578347534 0.9806808233 0.1155563295 -0.8796747923 -0.0864742026 -0.4676477909 -0.4486205876 -0.1754630655 0.8763288856
92.3 -317.1 2524.9 -0.1956140399 0.9806808233 -0.0004697447 -0.4313685894 -0.0864742026 -0.8980219364 -0.8807135224 -0.1754630655 0.4399504662
-133.7 -436.0 2758.9 0.9602901936 0.1630308777 0.2264148891 0.1880650371 0.2212103754 -0.9569208622 -0.2060929686 0.9615024328 0.1817657351
-197.3 -522.3 2383.6 0.9602901936 -0.0896729603 0.2641997933 0.1880650371 0.9075266719 -0.3755355179 -0.2060929686 0.4103098214 0.8883532882
47.0 -445.2 2773.4 0.9783163071 -0.0988229886 -0.1820199341 -0.1492872983 0.2727061808 -0.9504444599 0.1435637176 0.9570085406 0.2520399094
86.0 -552.7 2395.9 0.9783163071 0.0576466285 -0.1989324093 -0.1492872983 0.8620316982 -0.4843704104 0.1435637176 0.5035655499 0.8519455194
-80.7 -296.5 2213.5 0 0 0 0 0 0 0 0 0
37.2 -438.5 2277.0 0 0 0 0 0 0 0 0 0
-171.2 -786.3 2264.3 0 0 0 0 0 0 0 0 0
69.7 -796.9 2253.3 0 0 0 0 0 0 0 0 0
13.4 119.1 2563.0 64 0.9919148684 0.0731599778 -0.1036944315 -0.0252847373 0.9146518707 0.4034508467 0.1243607625 -0.3975670040 0.9091066122
-1.2 -63.0 2642.2 0.9919148684 0.0731599778 -0.1036944315 -0.0252847373 0.9146518707 0.4034508467 0.1243607625 -0.3975670040 0.9091066122
-14.6 -240.7 2722.7 0.9924295545 0.0674165189 -0.1026573628 -0.0186082274 0.9087606668 0.4169026017 0.1213970929 -0.4118362069 0.9031354785
-142.5 -60.5 2625.0 0.0432456024 -0.9326197505 -0.3582600355 0.8506327868 0.2224441022 -0.4763847888 0.5239787102 -0.2841461897 0.8029366732
-156.4 -333.4 2456.9 -0.2853130400 -0.9326197505 -0.2209454626 0.0275761094 0.2224441022 -0.9745553732 0.9580376148 -0.2841461897 -0.0377481803
140.1 -65.5 2659.4 -0.1821415871 0.9804199934 0.0748407096 -0.8656006455 -0.1237728894 -0.4851966798 -0.4664332569 -0.1531566679 0.8711963296
91.0 -298.8 2533.7 -0.1949463040 0.9804199934 -0.0277962144 -0.5002862215 -0.1237728894 -0.8569679260 -0.8436288834 -0.1531566679 0.5146196485
-119.9 -425.6 2775.5 0.9673839808 0.1890947521 0.1685567200 0.1510657370 0.1034836844 -0.9830921888 -0.2033404559 0.9764907956 0.0715427250
-193.3 -465.7 2396.5 0.9673839808 -0.0637247190 0.2451680154 0.1510657370 0.9220333099 -0.3564178646 -0.2033404559 0.3818294406 0.9015868902
60.0 -429.3 2795.2 0.9878265858 -0.0713550448 -0.1382286102 -0.1205218211 0.2107534111 -0.9700811505 0.0983523354 0.9749315381 0.1995879710
88.0 -511.9 2412.9 0.9878265858 0.0567912124 -0.1448221356 -0.1205218211 0.8680160642 -0.4816872180 0.0983523354 0.4932776690 0.8642939329
-83.1 -340.5 2210.7 0 0 0 0 0 0 0 0 0
36.3 -439.3 2296.8 0 0 0 0 0 0 0 0 0
-171.0 -788.6 2262.8 0 0 0 0 0 0 0 0 0
69.3 -797.4 2250.7 0 0 0 0 0 0 0 0 0
14.7 116.5 2563.1 65 0.9948976040 0.0935837477 -0.0376940295 -0.0698324814 0.9084185362 0.4121883214 0.0728160813 -0.4074528813 0.9103186131
-3.9 -64.3 2644.2 0.9948976040 0.0935837477 -0.0376940295 -0.0698324814 0.9084185362 0.4121883214 0.0728160813 -0.4074528813 0.9103186131
-21.6 -240.6 2727.2 0.9952688217 0.0902056396 -0.0360957459 -0.0661769733 0.9013873935 0.4279268980 0.0711376667 -0.4235135913 0.9030922651
-145.4 -54.9 2634.1 0.0963640437 -0.8817132115 -0.4618395269 0.8730976582 0.2976730168 -0.3861233592 0.4779272676 -0.3660225868 0.7985067368
-173.0 -305.2 2497.1 -0.2927058041 -0.8817132115 -0.3700068593 0.2633038759 0.2976730168 -0.9176392555 0.9192357659 -0.3660225868 0.1450278908
137.5 -73.7 2654.4 -0.1920555234 0.9769267440 0.0934279636 -0.8626357913 -0.1226562187 -0.4907290339 -0.4679467976 -0.1748415232 0.8662887812
90.3 -285.6 2539.4 -0.2287996113 0.9734589458 -0.0053338232 -0.5384410620 -0.1311149150 -0.8324002028 -0.8110067248 -0.1875808984 0.5541493297
-117.6 -416.8 2792.3 0.9781265259 0.1800721735 0.1041273475 0.1099773496 -0.0227866638 -0.9936728477 -0.1765601188 0.9833894372 -0.0420920998
-187.3 -408.0 2411.9 0.9781265259 -0.0384148695 0.2044328451 0.1099773496 0.9297075272 -0.3514952362 -0.1765601188 0.3662897944 0.9135963917
61.8 -419.5 2815.1 0.9937939644 -0.0605596714 -0.0933063254 -0.0856991038 0.1179367378 -0.9893162251 0.0709169060 0.9911727905 0.1120149121
85.4 -465.5 2428.4 0.9937939644 0.0424753204 -0.1028075442 -0.0856991038 0.8815824986 -0.4641853273 0.0709169060 0.4701150954 0.8797514439
-99.3 -371.4 2265.8 0 0 0 0 0 0 0 0 0
26.1 -436.7 2311.7 0 0 0 0 0 0 0 0 0
-171.7 -786.1 2262.9 0 0 0 0 0 0 0 0 0
69.4 -797.1 2251.5 0 0 0 0 0 0 0 0 0
17.1 115.1 2564.2 66 0.9926916957 0.1206442118 -0.0028656658 -0.1087866053 0.9048983455 0.4114904702 0.0522370823 -0.4081714153 0.9114095569
-7.0 -65.4 2645.6 0.9926916957 0.1206442118 -0.0028656658 -0.1087866053 0.9048983455 0.4114904702 0.0522370823 -0.4081714153 0.9114095569
-29.8 -240.8 2729.5 0.9932053685 0.1163745895 -0.0003256060 -0.1048829854 0.8963349462 0.4307937622 0.0504252985 -0.4278325140 0.9024503231
-148.2 -50.5 2638.5 0.1705229431 -0.8187534213 -0.5482378602 0.8961114287 0.3602345884 -0.2592592537 0.4097636342 -0.4470725656 0.7951225638
-196.6 -304.7 2522.2 -0.3434663117 -0.8187534213 -0.4600801766 0.3166643381 0.3602345884 -0.8774706125 0.8841688633 -0.4470725656 0.1355415732
134.2 -80.4 2652.8 -0.1902278066 0.9778402448 0.0874178931 -0.8503671885 -0.1196202189 -0.5124125481 -0.4906006455 -0.1718124151 0.8542783260
88.2 -286.0 2534.2 -0.2643184364 0.9644349813 0.0009386123 -0.5547283292 -0.1512356699 -0.8181712627 -0.7889310718 -0.2167784274 0.5749738216
-129.0 -410.9 2803.8 0.9886751175 0.1295140982 0.0758127049 0.0743269250 0.0162742790 -0.9971011281 -0.1303724498 0.9914439917 0.0064635896
-181.9 -417.6 2398.3 0.9886751175 -0.0247748196 0.1480124146 0.0743269250 0.9376530647 -0.3395323157 -0.1303724498 0.3466884792 0.9288757443
50.5 -422.6 2817.1 0.9930138588 -0.0825537369 -0.0843111873 -0.0791109353 0.0643620342 -0.9947859049 0.0875497311 0.9945061207 0.0573814847
82.7 -447.7 2429.0 0.9930138588 0.0310802143 -0.1138310879 -0.0791109353 0.8911187649 -0.4468207359 0.0875497311 0.4527044594 0.8873520494
-108.9 -385.6 2296.4 0 0 0 0 0 0 0 0 0
14.0 -441.8 2312.6 0 0 0 0 0 0 0 0 0
-172.2 -784.7 2262.6 0 0 0 0 0 0 0 0 0
70.6 -795.6 2252.2 0 0 0 0 0 0 0 0 0
14.6 105.8 2563.7 67 0.9889556170 0.1436437666 0.0365143530 -0.1458145976 0.8988348842 0.4133206606 0.0265505631 -0.4140801132 0.9098531604
-13.8 -71.6 2645.5 0.9889556170 0.1436437666 0.0365143530 -0.1458145976 0.8988348842 0.4133206606 0.0265505631 -0.4140801132 0.9098531604
-41.4 -246.0 2730.0 0.9892365932 0.1409915090 0.0391447395 -0.1440471709 0.8913289905 0.4298639894 0.0257163364 -0.4308758974 0.9020447135
-154.4 -51.1 2641.8 0.1456952542 -0.8194606304 -0.5543077588 0.9030260444 0.3390196264 -0.2638365030 0.4041248560 -0.4621146321 0.7893878222
-193.6 -293.6 2533.3 -0.3077120483 -0.8194606304 -0.4835261405 0.4199837148 0.3390196264 -0.8418309689 0.8537722230 -0.4621146321 0.2398397177
126.9 -92.1 2649.2 -0.1794575006 0.9798942208 0.0871911421 -0.8467521071 -0.1087369174 -0.5207563639 -0.5008052588 -0.1672829241 0.8492411375
