22.2 93.3 2797.4 5 0.9784428477 -0.0295449793 0.2043933719 -0.0262502450 0.9638932943 0.2649918199 -0.2048425823 -0.2646447420 0.9423389435
28.2 -103.1 2851.4 0.9784428477 -0.0295449793 0.2043933719 -0.0262502450 0.9638932943 0.2649918199 -0.2048425823 -0.2646447420 0.9423389435
34.0 -295.1 2902.0 0.9783984423 -0.0289310049 0.2046936899 -0.0247833077 0.9666029811 0.2550774515 -0.2052371651 -0.2546403706 0.9450058341
-114.7 -99.4 2881.3 0.4210664332 -0.8685699701 -0.2613220811 0.9064546824 0.3926984370 0.1553314775 -0.0322954915 -0.3022814989 0.9526714683
-219.8 -325.7 2889.4 -0.2050112784 -0.8685699701 -0.4511724114 0.2705957592 0.3926984370 -0.8789572716 0.9406105876 -0.3022814989 0.1545237303
171.1 -106.7 2821.4 0.1194306239 0.8893578053 0.4413377345 -0.9897104502 0.1419256181 -0.0181741174 -0.0788004249 -0.4346260130 0.8971570134
200.2 -347.8 2802.2 -0.4149129987 0.8893578053 0.1920673549 -0.1488023996 0.1419256181 -0.9786291122 -0.8976107240 -0.4346260130 0.0734517872
-48.9 -487.0 2968.1 0.9294444919 0.1655103862 -0.3297564387 -0.3395834267 0.0342497043 -0.9399521351 -0.1442777961 0.9856131673 0.0880377814
-132.2 -504.3 2472.1 0.9294444919 0.2055039704 0.3064328730 -0.3395834267 0.8012270331 0.4926644862 -0.1442777961 -0.5619637966 0.8144817948
130.8 -490.0 2931.6 0.9596639276 0.1762629449 0.2190355510 0.2222307324 0.0016524085 -0.9749926925 -0.1722170264 0.9843417406 -0.0375852883
45.1 -490.8 2453.1 0.9596639276 -0.2761129439 0.0529797003 0.2222307324 0.8603903651 0.4586304724 -0.1722170264 -0.4283573925 0.8870463371
-161.6 -402.6 2622.0 0 0 0 0 0 0 0 0 0
87.3 -388.3 2557.9 0 0 0 0 0 0 0 0 0
-210.7 -810.4 2686.8 0 0 0 0 0 0 0 0 0
150.7 -819.6 2616.8 0 0 0 0 0 0 0 0 0
20.5 93.0 2801.1 6 0.9844017029 -0.0388581604 0.1715904325 -0.0060992385 0.9671804309 0.2540173829 -0.1758295596 -0.2511017323 0.9518570900
28.4 -104.1 2852.3 0.9844017029 -0.0388581604 0.1715904325 -0.0060992385 0.9671804309 0.2540173829 -0.1758295596 -0.2511017323 0.9518570900
36.5 -296.8 2900.0 0.9842482805 -0.0407416150 0.1720332503 -0.0023649146 0.9699630141 0.2432409078 -0.1767759174 -0.2398162931 0.9545881152
-115.3 -103.8 2878.1 0.4424411058 -0.8534407020 -0.2754720151 0.8939076066 0.3950535953 0.2118061483 -0.0719377846 -0.3399582803 0.9376850724
-224.9 -325.2 2895.9 -0.2482551783 -0.8534407020 -0.4582666457 0.2653931081 0.3950535953 -0.8794879913 0.9316307306 -0.3399582803 0.1284231991
172.1 -104.5 2826.5 0.1229792014 0.8792442083 0.4602235556 -0.9852643013 0.1637188345 -0.0495016314 -0.1188712865 -0.4473541677 0.8864219189
202.1 -345.2 2797.5 -0.4235897362 0.8792442083 0.2179480642 -0.1609518081 0.1637188345 -0.9732885957 -0.8914405704 -0.4473541677 0.0721663311
-50.0 -484.9 2971.4 0.9300633669 0.1613133848 -0.3300910294 -0.3402293324 0.0390818045 -0.9395300150 -0.1386582106 0.9861291051 0.0912320986
-131.8 -504.8 2471.2 0.9300633669 0.2079812884 0.3028628230 -0.3402293324 0.7986758351 0.4963475466 -0.1386582106 -0.5646774769 0.8135805130
129.4 -489.5 2933.7 0.9594758153 0.1761982888 0.2199097276 0.2235272080 -0.0007008676 -0.9746974111 -0.1715858877 0.9843544364 -0.0400575735
43.3 -489.1 2452.3 0.9594758153 -0.2770599127 0.0514192432 0.2235272080 0.8594244123 0.4598100781 -0.1715858877 -0.4296830595 0.8865273595
-154.4 -400.6 2631.3 0 0 0 0 0 0 0 0 0
87.2 -388.8 2555.6 0 0 0 0 0 0 0 0 0
-211.3 -810.0 2686.9 0 0 0 0 0 0 0 0 0
149.1 -817.6 2616.5 0 0 0 0 0 0 0 0 0
22.3 93.3 2799.4 7 0.9818776250 -0.0354009643 0.1861801594 -0.0162041299 0.9631187916 0.2685882747 -0.1888218820 -0.2667376995 0.9450911283
29.6 -104.2 2854.1 0.9818776250 -0.0354009643 0.1861801594 -0.0162041299 0.9631187916 0.2685882747 -0.1888218820 -0.2667376995 0.9450911283
36.5 -296.1 2904.9 0.9818382859 -0.0343783423 0.1865790039 -0.0151155517 0.9661438465 0.2575608492 -0.1891166717 -0.2557033598 0.9480773807
-113.8 -101.9 2881.7 0.4541215301 -0.8340345025 -0.3133051395 0.8900540471 0.4090173542 0.2012674659 -0.0397167690 -0.3702583909 0.9280793667
-227.8 -325.3 2891.7 -0.2695892155 -0.8340345025 -0.4813607037 0.2833951414 0.4090173542 -0.8674052954 0.9203308225 -0.3702583909 0.1260946542
172.9 -106.4 2826.5 0.1239408553 0.8795773983 0.4593280852 -0.9855258465 0.1630689353 -0.0463390537 -0.1156609282 -0.4469363987 0.8870571256
202.7 -343.4 2798.7 -0.4222444594 0.8795773983 0.2192104906 -0.1652791947 0.1630689353 -0.9726722836 -0.8912869096 -0.4469363987 0.0765208825
-45.5 -489.3 2963.8 0.9245192409 0.1757144481 -0.3382138014 -0.3495046496 0.0369095504 -0.9362073541 -0.1520218402 0.9837490320 0.0955366120
-133.0 -507.7 2474.3 0.9245192409 0.2074388713 0.3197393715 -0.3495046496 0.7960381508 0.4941353798 -0.1520218402 -0.5685880780 0.8084534407
134.9 -489.8 2931.5 0.9596362114 0.1828774512 0.2136684805 0.2169386894 0.0021724117 -0.9761828184 -0.1789859980 0.9831333160 -0.0375884697
45.4 -490.8 2450.1 0.9596362114 -0.2750475705 0.0587130226 0.2169386894 0.8567662239 0.4678560495 -0.1789859980 -0.4362344742 0.8818523288
-151.2 -405.8 2630.3 0 0 0 0 0 0 0 0 0
87.4 -388.5 2555.2 0 0 0 0 0 0 0 0 0
-212.2 -811.9 2691.6 0 0 0 0 0 0 0 0 0
150.5 -818.2 2616.8 0 0 0 0 0 0 0 0 0
21.7 92.0 2799.1 8 0.9802551866 -0.0321691595 0.1951023936 -0.0209882390 0.9641769528 0.2644282877 -0.1966196746 -0.2633020580 0.9444642663
28.2 -105.4 2853.0 0.9802551866 -0.0321691595 0.1951023936 -0.0209882390 0.9641769528 0.2644282877 -0.1966196746 -0.2633020580 0.9444642663
34.9 -297.6 2902.8 0.9801396728 -0.0331855714 0.1955120564 -0.0175741948 0.9674841166 0.2523204088 -0.1975281984 -0.2507452071 0.9476863742
-114.9 -102.8 2881.8 0.4383415878 -0.8470688462 -0.3005512357 0.8979665041 0.3982512653 0.1872221082 -0.0388950966 -0.3519521952 0.9352095127
-223.7 -325.6 2891.5 -0.2490469068 -0.8470688462 -0.4695210755 0.2875798047 0.3982512653 -0.8710302711 0.9248099923 -0.3519521952 0.1444166601
171.4 -108.0 2824.2 0.1249453574 0.8817387223 0.4548906684 -0.9859598279 0.1615361869 -0.0422994010 -0.1107783243 -0.4432188272 0.8895421624
201.4 -345.1 2797.5 -0.4194929898 0.8817387223 0.2157834917 -0.1612756699 0.1615361869 -0.9735996127 -0.8933172822 -0.4432188272 0.0744397119
-46.7 -486.6 2973.1 0.9272822738 0.1737447083 -0.3316026926 -0.3430909514 0.0399986766 -0.9384501576 -0.1497870833 0.9839780927 0.0967003033
-134.5 -506.8 2475.8 0.9272822738 0.2052585632 0.3130758405 -0.3430909514 0.8005570173 0.4913217127 -0.1497870833 -0.5630074143 0.8127647042
133.3 -489.4 2938.5 0.9608386159 0.1804302335 0.2103189528 0.2155814469 -0.0098427488 -0.9764362574 -0.1741085052 0.9835385084 -0.0483547039
43.7 -484.5 2449.6 0.9608386159 -0.2712711394 0.0565783456 0.2155814469 0.8600383401 0.4624486268 -0.1741085052 -0.4321412742 0.8848390579
-152.9 -407.3 2628.8 0 0 0 0 0 0 0 0 0
87.1 -389.0 2554.1 0 0 0 0 0 0 0 0 0
-212.9 -812.8 2691.0 0 0 0 0 0 0 0 0 0
147.3 -813.2 2614.7 0 0 0 0 0 0 0 0 0
21.6 93.9 2799.9 9 0.9776488543 -0.0315765180 0.2078596652 -0.0234874487 0.9660651088 0.2572285831 -0.2089283466 -0.2563613355 0.9437307715
28.0 -103.4 2852.3 0.9776488543 -0.0315765180 0.2078596652 -0.0234874487 0.9660651088 0.2572285831 -0.2089283466 -0.2563613355 0.9437307715
34.6 -295.9 2901.1 0.9775270820 -0.0330897234 0.2081966549 -0.0198443625 0.9687750936 0.2471456677 -0.2098737210 -0.2457231134 0.9463472962
-114.8 -100.5 2882.9 0.4321015775 -0.8440595269 -0.3175715506 0.9016432762 0.3972751498 0.1709146202 -0.0180988386 -0.3601887226 0.9327038527
-221.7 -323.7 2887.4 -0.2550309896 -0.8440595269 -0.4717230797 0.2934703529 0.3972751498 -0.8695099950 0.9213220477 -0.3601887226 0.1463889629
170.8 -106.3 2821.6 0.1395764649 0.8782411218 0.4573958218 -0.9864925146 0.1633239388 -0.0125638610 -0.0857377872 -0.4494639337 0.8891744614
204.4 -344.0 2801.0 -0.4245701134 0.8782411218 0.2200744450 -0.1662324667 0.1633239388 -0.9724670053 -0.8900039196 -0.4494639337 0.0766497329
-48.4 -488.2 2970.8 0.9264384508 0.1712924391 -0.3352174461 -0.3479709625 0.0499229059 -0.9361751676 -0.1436247081 0.9839545488 0.1058552936
-133.9 -513.1 2479.7 0.9264384508 0.2089117318 0.3131576777 -0.3479709625 0.7926283479 0.5006561279 -0.1436247081 -0.5727968216 0.8070165515
131.3 -491.5 2934.6 0.9609444141 0.1785703450 0.2114200592 0.2178002447 -0.0166853741 -0.9758507609 -0.1707303822 0.9837856889 -0.0549263842
43.5 -483.3 2450.8 0.9609444141 -0.2716439366 0.0528714061 0.2178002447 0.8602139354 0.4610802829 -0.1707303822 -0.4315571189 0.8857818842
-149.2 -407.1 2625.6 0 0 0 0 0 0 0 0 0
89.0 -389.1 2559.1 0 0 0 0 0 0 0 0 0
-213.7 -816.0 2698.6 0 0 0 0 0 0 0 0 0
147.3 -812.0 2615.7 0 0 0 0 0 0 0 0 0
21.8 94.3 2798.3 0 0.9759601951 -0.0234560519 0.2166828811 -0.0337776281 0.9659014940 0.2566970289 -0.2153154165 -0.2578451335 0.9418891668
26.6 -102.7 2850.9 0.9759601951 -0.0234560519 0.2166828811 -0.0337776281 0.9659014940 0.2566970289 -0.2153154165 -0.2578451335 0.9418891668
31.3 -295.0 2900.5 0.9759046435 -0.0239057187 0.2168838978 -0.0315088108 0.9681221247 0.2484889477 -0.2159104049 -0.2493352741 0.9440416694
-116.0 -98.0 2882.5 0.4122597575 -0.8504703641 -0.3267140090 0.9110530615 0.3828970492 0.1528796107 -0.0049217441 -0.3606799245 0.9326766729
-216.6 -320.4 2883.7 -0.2431826293 -0.8504703641 -0.4664358199 0.3218047023 0.3828970492 -0.8659281731 0.9150431156 -0.3606799245 0.1805714518
169.1 -107.3 2819.4 0.1351289153 0.8871150017 0.4413243532 -0.9883873463 0.1519302875 -0.0027642255 -0.0695027262 -0.4358258843 0.8973433971
201.8 -346.3 2802.6 -0.4137888849 0.8871150017 0.2044646293 -0.1565091014 0.1519302875 -0.9759211540 -0.8968186378 -0.4358258843 0.0759745017
-48.5 -486.6 2969.2 0.9287366867 0.1663928628 -0.3313029110 -0.3422119319 0.0409961306 -0.9387280345 -0.1426155120 0.9852069616 0.0950162336
-132.7 -507.3 2470.5 0.9287366867 0.2030326575 0.3102030456 -0.3422119319 0.7913423181 0.5066244006 -0.1426155120 -0.5766758919 0.8044288158
130.8 -490.2 2930.7 0.9585090876 0.1781507283 0.2225368470 0.2263228595 -0.0009546768 -0.9740518928 -0.1733155996 0.9840027690 -0.0412346460
43.8 -489.8 2450.3 0.9585090876 -0.2809181213 0.0484287739 0.2263228595 0.8532297611 0.4698690474 -0.1733155996 -0.4394132197 0.8814066648
-147.5 -411.9 2623.7 0 0 0 0 0 0 0 0 0
88.5 -389.2 2557.0 0 0 0 0 0 0 0 0 0
-210.3 -809.7 2690.9 0 0 0 0 0 0 0 0 0
151.2 -815.8 2618.2 0 0 0 0 0 0 0 0 0
21.1 93.1 2798.6 1 0.9764889479 -0.0251245368 0.2140983939 -0.0315031037 0.9658895135 0.2570311725 -0.2132531703 -0.2577328682 0.9423888922
26.2 -103.9 2851.1 0.9764889479 -0.0251245368 0.2140983939 -0.0315031037 0.9658895135 0.2570311725 -0.2132531703 -0.2577328682 0.9423888922
31.6 -296.3 2900.4 0.9763812423 -0.0271447506 0.2143427581 -0.0275182258 0.9683721066 0.2479883283 -0.2142951190 -0.2480294853 0.9447534084
-116.4 -99.9 2882.4 0.4121517837 -0.8545705080 -0.3159749210 0.9110854268 0.3837584853 0.1505081803 -0.0073617934 -0.3499123752 0.9367535114
-216.8 -321.6 2884.2 -0.2341240495 -0.8545705080 -0.4635678828 0.3167390823 0.3837584853 -0.8674132824 0.9191638827 -0.3499123752 0.1808287948
168.8 -107.9 2819.8 0.1349429190 0.8899020553 0.4357347488 -0.9887937307 0.1492821574 0.0013407366 -0.0638542995 -0.4310327172 0.9000741243
201.4 -346.4 2804.4 -0.4095380604 0.8899020553 0.2008803785 -0.1546577513 0.1492821574 -0.9766247272 -0.8990882039 -0.4310327172 0.0764935240
-53.4 -484.5 2969.8 0.9322929978 0.1550263762 -0.3267975152 -0.3359830976 0.0365512259 -0.9411585331 -0.1339595467 0.9872339368 0.0861626938
-132.1 -503.0 2468.8 0.9322929978 0.2046014667 0.2982751131 -0.3359830976 0.7952704430 0.5046387315 -0.1339595467 -0.5706865788 0.8101676702
125.6 -490.3 2930.2 0.9580695629 0.1708246619 0.2300471663 0.2339003086 -0.0025037441 -0.9722573757 -0.1655095518 0.9852982759 -0.0423546992
42.2 -489.0 2449.1 0.9580695629 -0.2838168740 0.0393795595 0.2339003086 0.8540394306 0.4646582901 -0.1655095518 -0.4359640479 0.8846139908
-150.2 -411.6 2623.0 0 0 0 0 0 0 0 0 0
87.7 -389.3 2555.0 0 0 0 0 0 0 0 0 0
-210.3 -806.9 2686.8 0 0 0 0 0 0 0 0 0
150.6 -815.4 2615.7 0 0 0 0 0 0 0 0 0
22.9 93.5 2799.7 2 0.9805437922 -0.0145807359 0.1957581937 -0.0324106663 0.9715259075 0.2347060889 -0.1936063468 -0.2364842594 0.9521511197
25.9 -105.8 2848.2 0.9805437922 -0.0145807359 0.1957581937 -0.0324106663 0.9715259075 0.2347060889 -0.1936063468 -0.2364842594 0.9521511197
29.2 -299.2 2893.5 0.9804908633 -0.0163673665 0.1958820969 -0.0290833786 0.9734793901 0.2269185334 -0.1944012493 -0.2281884700 0.9540116191
-117.3 -101.6 2876.6 0.4083672166 -0.8626290560 -0.2985084355 0.9120465517 0.3721490800 0.1722675860 -0.0375133976 -0.3426020443 0.9387313724
-216.1 -322.1 2885.6 -0.2288949043 -0.8626290560 -0.4510855973 0.3168059587 0.3721490800 -0.8724328279 0.9204570055 -0.3426020443 0.1881030202
169.1 -110.1 2819.8 0.1330756545 0.8940188289 0.4278098345 -0.9897205234 0.1426865011 0.0096848952 -0.0523842126 -0.4247010052 0.9038168788
201.0 -347.2 2807.2 -0.4048401713 0.8940188289 0.1919239759 -0.1487921625 0.1426865011 -0.9785200357 -0.9022002816 -0.4247010052 0.0752577558
-52.6 -486.2 2969.4 0.9269931912 0.1528422832 -0.3425243199 -0.3534675539 0.0504809991 -0.9340837002 -0.1254765093 0.9869604111 0.1008203253
-129.4 -511.6 2473.2 0.9269931912 0.2237808704 0.3010079563 -0.3534675539 0.7896717191 0.5014770627 -0.1254765093 -0.5712623596 0.8111195564
126.5 -491.3 2930.1 0.9592009783 0.1696110517 0.2261981666 0.2296414971 -0.0007034533 -0.9732750058 -0.1649190784 0.9855108261 -0.0396244898
43.8 -490.9 2449.5 0.9592009783 -0.2796452343 0.0416181348 0.2296414971 0.8564833999 0.4622780085 -0.1649190784 -0.4338602722 0.8857578635
-151.0 -412.2 2624.0 0 0 0 0 0 0 0 0 0
87.7 -388.8 2554.9 0 0 0 0 0 0 0 0 0
-214.9 -813.3 2691.4 0 0 0 0 0 0 0 0 0
150.7 -818.2 2615.3 0 0 0 0 0 0 0 0 0
21.0 94.9 2798.2 3 0.9758993387 -0.0253148358 0.2167478353 -0.0279033668 0.9706194401 0.2389963716 -0.2164298296 -0.2392843962 0.9465205073
26.1 -103.6 2847.2 0.9758993387 -0.0253148358 0.2167478353 -0.0279033668 0.9706194401 0.2389963716 -0.2164298296 -0.2392843962 0.9465205073
31.6 -296.9 2892.8 0.9757881165 -0.0275277067 0.2169787735 -0.0238124132 0.9727801681 0.2305030823 -0.2174178809 -0.2300889492 0.9485718608
-116.4 -100.1 2878.9 0.4094691277 -0.8625248671 -0.2972976565 0.9116284847 0.3741015792 0.1702395082 -0.0356162824 -0.3407328427 0.9394853115
-216.0 -321.9 2887.6 -0.2311363220 -0.8625248671 -0.4501409233 0.3077380657 0.3741015792 -0.8748401403 0.9229698181 -0.3407328427 0.1789632589
168.6 -107.1 2815.4 0.1352014393 0.8912589550 0.4328719079 -0.9896852970 0.1423625350 0.0159977991 -0.0473665595 -0.4305698872 0.9013134837
201.6 -348.3 2803.9 -0.4111719728 0.8912589550 0.1912984997 -0.1468319446 0.1423625350 -0.9788632393 -0.8996543884 -0.4305698872 0.0723297969
-57.4 -489.9 2956.6 0.9328451753 0.1565152258 -0.3245039880 -0.3362793624 0.0550307706 -0.9401530623 -0.1292905658 0.9861412644 0.1039680317
-133.7 -516.7 2476.2 0.9328451753 0.2056118697 0.2958438993 -0.3362793624 0.7915999889 0.5101819634 -0.1292905658 -0.5754069686 0.8075832725
122.4 -495.3 2921.0 0.9576891661 0.1717485487 0.2309412062 0.2355169654 -0.0064754463 -0.9718486667 -0.1654181480 0.9851195216 -0.0466511622
40.0 -492.2 2448.4 0.9576891661 -0.2854092121 0.0370539203 0.2355169654 0.8511750102 0.4690766037 -0.1654181480 -0.4405027628 0.8823798299
-150.3 -409.4 2625.2 0 0 0 0 0 0 0 0 0
87.4 -389.1 2554.0 0 0 0 0 0 0 0 0 0
-212.2 -819.2 2696.0 0 0 0 0 0 0 0 0 0
149.0 -817.5 2616.7 0 0 0 0 0 0 0 0 0
20.5 93.2 2798.5 4 0.9814519286 -0.0268722121 0.1898155957 -0.0197097566 0.9707363248 0.2393376082 -0.1906924248 -0.2386395782 0.9522014260
26.0 -105.1 2847.3 0.9814519286 -0.0268722121 0.1898155957 -0.0197097566 0.9707363248 0.2393376082 -0.1906924248 -0.2386395782 0.9522014260
31.3 -298.6 2892.1 0.9813957810 -0.0264247749 0.1901684701 -0.0176606514 0.9738596678 0.2264629602 -0.1911816299 -0.2256082892 0.9552750587
-117.3 -102.5 2875.2 0.4019599557 -0.8693681955 -0.2874493599 0.9135792255 0.3596358895 0.1898290813 -0.0616542660 -0.3389114439 0.9387959242
-213.6 -321.4 2889.9 -0.2267988175 -0.8693681955 -0.4390458167 0.3189516068 0.3596358895 -0.8768876195 0.9202348590 -0.3389114439 0.1957213879
169.3 -107.7 2819.3 0.1260269135 0.8983771205 0.4207561612 -0.9900284410 0.1408077329 -0.0041073961 -0.0629357100 -0.4160429239 0.9071644545
200.2 -350.3 2803.9 -0.3934035599 0.8983771205 0.1953258067 -0.1632760614 0.1408077329 -0.9764804840 -0.9047511220 -0.4160429239 0.0912892222
-52.3 -488.0 2958.5 0.9308513999 0.1630785465 -0.3269877732 -0.3395777643 0.0556667596 -0.9389292598 -0.1349168718 0.9850414395 0.1071953326
-132.1 -515.2 2476.6 0.9308513999 0.2072574794 0.3009318113 -0.3395777643 0.7947694063 0.5030193925 -0.1349168718 -0.5704260468 0.8101922870
126.6 -492.4 2918.6 0.9587460756 0.1758227199 0.2233658731 0.2269565463 -0.0003219086 -0.9739048481 -0.1711626947 0.9844217896 -0.0402127467
42.1 -492.2 2445.5 0.9587460756 -0.2809064984 0.0435601212 0.2269565463 0.8486919403 0.4777161479 -0.1711626947 -0.4481222332 0.8774336576
-149.1 -412.0 2628.3 0 0 0 0 0 0 0 0 0
90.4 -395.8 2551.6 0 0 0 0 0 0 0 0 0
-211.3 -818.9 2694.5 0 0 0 0 0 0 0 0 0
149.4 -816.5 2616.7 0 0 0 0 0 0 0 0 0
21.1 92.9 2798.1 5 0.9816066623 -0.0269048102 0.1890092343 -0.0237118006 0.9651732445 0.2605347037 -0.1894362867 -0.2602243721 0.9467825294
26.7 -105.0 2851.5 0.9816066623 -0.0269048102 0.1890092343 -0.0237118006 0.9651732445 0.2605347037 -0.1894362867 -0.2602243721 0.9467825294
32.0 -297.3 2900.9 0.9815435410 -0.0270303097 0.1893189847 -0.0214484632 0.9681548476 0.2494315505 -0.1900323033 -0.2488885224 0.9497063756
-116.7 -101.9 2879.2 0.4124754071 -0.8576829433 -0.3069919348 0.9104632735 0.3769080341 0.1702850312 -0.0303428378 -0.3497432470 0.9363541007
-215.9 -320.8 2886.5 -0.2380418032 -0.8576829433 -0.4557588398 0.3118517995 0.3769080341 -0.8721747398 0.9198285341 -0.3497432470 0.1777500957
170.0 -108.2 2823.7 0.1734073460 0.8688009381 0.4638047218 -0.9782986045 0.2061870843 -0.0204641726 -0.1134098321 -0.4501908422 0.8857010603
210.7 -337.5 2797.1 -0.4078597426 0.8688009381 0.2807763219 -0.2175531983 0.2061870843 -0.9540217519 -0.8867474198 -0.4501908422 0.1049150079
-53.4 -490.5 2954.4 0.9305679798 0.1657287031 -0.3264617324 -0.3393437862 0.0556995720 -0.9390118718 -0.1374374330 0.9845971465 0.1080712378
-133.5 -517.4 2478.6 0.9305679798 0.2058355361 0.3027787805 -0.3393437862 0.7953581214 0.5022462606 -0.1374374330 -0.5701203346 0.8099837899
126.5 -493.8 2919.3 0.9596318603 0.1734256446 0.2214276791 0.2270315588 -0.0129165240 -0.9738017321 -0.1660221070 0.9847622514 -0.0517682023
42.4 -487.5 2441.9 0.9596318603 -0.2786182463 0.0384518728 0.2270315588 0.8480384946 0.4788396060 -0.1660221070 -0.4507799447 0.8770599365
-148.2 -409.5 2625.0 0 0 0 0 0 0 0 0 0
96.8 -398.2 2549.7 0 0 0 0 0 0 0 0 0
-212.2 -821.3 2696.4 0 0 0 0 0 0 0 0 0
148.9 -811.6 2614.2 0 0 0 0 0 0 0 0 0
21.7 92.5 2797.4 6 0.9828736782 -0.0297521278 0.1818628758 -0.0202083252 0.9635275006 0.2668451369 -0.1831690967 -0.2659502029 0.9464246035
27.8 -104.5 2851.8 0.9828736782 -0.0297521278 0.1818628758 -0.0202083252 0.9635275006 0.2668451369 -0.1831690967 -0.2659502029 0.9464246035
34.3 -296.5 2902.3 0.9827178121 -0.0326049849 0.1822158694 -0.0153832091 0.9665757418 0.2559192181 -0.1844696850 -0.2542994320 0.9493696690
-115.8 -102.2 2878.8 0.4246721864 -0.8487445712 -0.3150971532 0.9052478075 0.3929212391 0.1616764665 -0.0134136612 -0.3539004922 0.9351868629
-220.1 -324.6 2882.1 -0.2458035797 -0.8487445712 -0.4682021737 0.2994070947 0.3929212391 -0.8694643974 0.9219197631 -0.3539004922 0.1575386822
171.3 -106.7 2824.9 0.1513117850 0.8694372773 0.4703015685 -0.9832045436 0.1814947128 -0.0191958621 -0.1020468473 -0.4594980776 0.8822969794
207.2 -340.1 2800.7 -0.4263119996 0.8694372773 0.2496735901 -0.1944176704 0.1814947128 -0.9639820457 -0.8834363818 -0.4594980776 0.0916605964
-52.6 -487.7 2967.8 0.9323067069 0.1598368585 -0.3244324625 -0.3360018432 0.0508805886 -0.9404860139 -0.1338170171 0.9858313203 0.1011417955
-131.9 -512.9 2478.4 0.9323067069 0.2073957473 0.2962958515 -0.3360018432 0.7998024821 0.4974120557 -0.1338170171 -0.5632965565 0.8153465390
127.4 -491.6 2932.9 0.9575502276 0.1750828177 0.2290056050 0.2332924902 -0.0040245391 -0.9723982811 -0.1693285853 0.9845454693 -0.0446992032
40.6 -489.6 2444.6 0.9575502276 -0.2853787839 0.0407001823 0.2332924902 0.8501124382 0.4721053541 -0.1693285853 -0.4425695539 0.8806020617
-150.2 -409.7 2620.0 0 0 0 0 0 0 0 0 0
89.7 -393.8 2557.0 0 0 0 0 0 0 0 0 0
-211.2 -818.6 2693.6 0 0 0 0 0 0 0 0 0
149.6 -814.5 2613.7 0 0 0 0 0 0 0 0 0
22.2 92.5 2797.1 7 0.9771829844 -0.0282709356 0.2105093002 -0.0276636165 0.9657198191 0.2581084073 -0.2105899751 -0.2580425739 0.9429029226
27.9 -104.5 2849.7 0.9771829844 -0.0282709356 0.2105093002 -0.0276636165 0.9657198191 0.2581084073 -0.2105899751 -0.2580425739 0.9429029226
33.9 -296.9 2899.1 0.9770719409 -0.0299954843 0.2107857913 -0.0239785761 0.9682242870 0.2489311546 -0.2115547359 -0.2482779920 0.9453055859
-114.7 -101.0 2880.6 0.4269807339 -0.8467370868 -0.3173700571 0.9042576551 0.4007346034 0.1474106312 0.0023631095 -0.3499257863 0.9367744327
-220.5 -324.9 2880.0 -0.2436568886 -0.8467370868 -0.4729350805 0.2925960124 0.4007346034 -0.8682161570 0.9246723056 -0.3499257863 0.1501101553
170.6 -108.0 2818.8 0.1361914426 0.8829915524 0.4491968155 -0.9884719849 0.1513892412 0.0021059997 -0.0661439821 -0.4443052709 0.8934303522
202.8 -342.1 2803.2 -0.4183112681 0.8829915524 0.2129355967 -0.1756056696 0.1513892412 -0.9727507234 -0.8911668658 -0.4443052709 0.0917304978
-49.4 -487.1 2969.8 0.9305052757 0.1676580012 -0.3256542683 -0.3371909559 0.0448753573 -0.9403661489 -0.1430460513 0.9848233461 0.0982895195
-132.9 -509.5 2479.2 0.9305052757 0.2059464753 0.3028959632 -0.3371909559 0.8046026230 0.4887912273 -0.1430460513 -0.5569565892 0.8181303144
130.9 -490.0 2936.0 0.9574030638 0.1777252853 0.2275809199 0.2300577015 0.0068257977 -0.9731530547 -0.1745073199 0.9840564728 -0.0343520306
42.3 -493.4 2445.7 0.9574030638 -0.2851007581 0.0457920097 0.2300577015 0.8489722013 0.4757306874 -0.1745073199 -0.4449312091 0.8783981800
-151.2 -408.1 2617.2 0 0 0 0 0 0 0 0 0
88.7 -390.0 2560.1 0 0 0 0 0 0 0 0 0
-211.6 -817.0 2692.0 0 0 0 0 0 0 0 0 0
151.3 -817.8 2615.7 0 0 0 0 0 0 0 0 0
21.9 92.8 2797.4 8 0.9758633971 -0.0239612740 0.2170633972 -0.0329758935 0.9663969278 0.2549304366 -0.2158778608 -0.2559351623 0.9422812462
26.8 -104.7 2849.7 0.9758633971 -0.0239612740 0.2170633972 -0.0329758935 0.9663969278 0.2549304366 -0.2158778608 -0.2559351623 0.9422812462
31.4 -297.4 2897.9 0.9758040905 -0.0234283153 0.2173878402 -0.0305536799 0.9698763490 0.2416739464 -0.2165013403 -0.2424684167 0.9456934929
-115.7 -100.2 2881.3 0.4253389239 -0.8543521762 -0.2986121178 0.9047707319 0.3934427500 0.1630728990 -0.0218349136 -0.3395367563 0.9403393269
-220.2 -322.5 2886.7 -0.2472467124 -0.8543521762 -0.4571120739 0.2669451237 0.3934427500 -0.8797403574 0.9314554930 -0.3395367563 0.1307877153
169.3 -109.1 2818.1 0.1369870603 0.8833452463 0.4482585490 -0.9877138734 0.1561620235 -0.0058916165 -0.0752052963 -0.4419441223 0.8938845396
202.0 -345.1 2800.1 -0.4184718132 0.8833452463 0.2111457735 -0.1619861424 0.1561620235 -0.9743582010 -0.8936676383 -0.4419441223 0.0777402893
-49.8 -487.1 2967.8 0.9308779836 0.1702233404 -0.3232493997 -0.3358983099 0.0508531369 -0.9405244589 -0.1436609775 0.9840924740 0.1045157984
-134.6 -512.4 2477.4 0.9308779836 0.2008279264 0.3051791191 -0.3358983099 0.7989836931 0.4987959564 -0.1436609775 -0.5668273568 0.8112140894
129.4 -491.4 2929.0 0.9562362432 0.1793099642 0.2312145531 0.2349359542 0.0004949169 -0.9720107317 -0.1744056344 0.9837924838 -0.0416531004
42.3 -491.7 2451.2 0.9562362432 -0.2887311280 0.0473979414 0.2349359542 0.8542138338 0.4638144076 -0.1744056344 -0.4323806763 0.8846635818
-150.0 -398.3 2622.0 0 0 0 0 0 0 0 0 0
88.8 -388.9 2558.4 0 0 0 0 0 0 0 0 0
-211.3 -817.7 2694.0 0 0 0 0 0 0 0 0 0
152.6 -818.1 2616.4 0 0 0 0 0 0 0 0 0
22.0 92.9 2797.1 9 0.9761242867 -0.0166718401 0.2165721059 -0.0400795974 0.9661057591 0.2550163567 -0.2134831399 -0.2576077878 0.9423710704
25.4 -104.1 2849.6 0.9761242867 -0.0166718401 0.2165721059 -0.0400795974 0.9661057591 0.2550163567 -0.2134831399 -0.2576077878 0.9423710704
28.9 -296.8 2898.0 0.9760538936 -0.0175743867 0.2168176621 -0.0361028574 0.9698198438 0.2411349863 -0.2145118713 -0.2431884855 0.9459619522
-117.2 -98.9 2881.0 0.4282035530 -0.8515477180 -0.3025031686 0.9030215740 0.3904067874 0.1792610884 -0.0345500857 -0.3499271274 0.9361395836
-221.2 -318.3 2889.4 -0.2523181736 -0.8515477180 -0.4595671892 0.2798880935 0.3904067874 -0.8770662546 0.9262819290 -0.3499271274 0.1398313344
168.0 -109.4 2818.3 0.1243764162 0.8948509097 0.4286867380 -0.9879525304 0.1517826468 -0.0301964954 -0.0920885727 -0.4197664261 0.9029484391
198.6 -352.8 2795.6 -0.3975644112 0.8948509097 0.2029393315 -0.1565373838 0.1517826468 -0.9759395719 -0.9041231275 -0.4197664261 0.0797342435
-53.4 -487.3 2965.9 0.9294807911 0.1551335901 -0.3346625566 -0.3452116251 0.0461426415 -0.9373899102 -0.1299784482 0.9868152738 0.0964426100
-130.5 -510.2 2475.6 0.9294807911 0.2160830051 0.2989541590 -0.3452116251 0.7951439619 0.4985729754 -0.1299784482 -0.5666164756 0.8136653900
125.5 -492.9 2926.2 0.9558228850 0.1772417724 0.2344950438 0.2395028174 -0.0070984294 -0.9708697200 -0.1704141349 0.9841417670 -0.0492347442
39.8 -489.4 2450.1 0.9558228850 -0.2908414900 0.0425887369 0.2395028174 0.8545789123 0.4607963264 -0.1704141349 -0.4302395582 0.8864834905
-149.5 -397.8 2626.1 0 0 0 0 0 0 0 0 0
91.7 -394.9 2552.6 0 0 0 0 0 0 0 0 0
-213.0 -814.0 2692.1 0 0 0 0 0 0 0 0 0
150.9 -816.0 2614.5 0 0 0 0 0 0 0 0 0
21.6 92.6 2797.4 0 0.9738743901 -0.0173345469 0.2264247090 -0.0422740765 0.9658141732 0.2557653487 -0.2231177688 -0.2586552203 0.9398488998
25.1 -103.9 2850.1 0.9738743901 -0.0173345469 0.2264247090 -0.0422740765 0.9658141732 0.2557653487 -0.2231177688 -0.2586552203 0.9398488998
28.7 -296.5 2898.7 0.9738101363 -0.0177357029 0.2266699076 -0.0387278907 0.9694443345 0.2422350198 -0.2240400612 -0.2446693629 0.9433678985
-117.1 -98.2 2882.8 0.4273933768 -0.8545652628 -0.2950476706 0.9027026296 0.3854682744 0.1911600679 -0.0496272370 -0.3480408490 0.9361649156
-221.2 -318.1 2894.9 -0.2521273792 -0.8545652628 -0.4540374279 0.2779599130 0.3854682744 -0.8798593879 0.9269142747 -0.3480408490 0.1403477788
167.4 -109.5 2817.3 0.1168211624 0.8941571712 0.4322450757 -0.9840856194 0.1628933549 -0.0710019246 -0.1338967234 -0.4170716107 0.8989565969
196.4 -353.6 2784.1 -0.3909471333 0.8941571712 0.2182735205 -0.1700561345 0.1628933549 -0.9718779325 -0.9045668840 -0.4170716107 0.0883742198
-57.1 -486.2 2966.0 0.9320023656 0.1475518644 -0.3310589492 -0.3404830098 0.0432533138 -0.9392552972 -0.1242694631 0.9881080985 0.0905510932
-130.4 -507.7 2475.2 0.9320023656 0.2157155722 0.2912702858 -0.3404830098 0.7965896130 0.4995161295 -0.1242694631 -0.5647227764 0.8158708811
121.9 -492.9 2926.6 0.9560863972 0.1654356122 0.2419295460 0.2445252240 0.0048064222 -0.9696310163 -0.1615743190 0.9862088561 -0.0358578265
42.4 -495.2 2452.6 0.9560863972 -0.2914051414 0.0313351117 0.2445252240 0.8520458341 0.4628448188 -0.1615743190 -0.4348573983 0.8858852983
-149.5 -397.1 2631.4 0 0 0 0 0 0 0 0 0
93.4 -398.4 2545.9 0 0 0 0 0 0 0 0 0
-212.9 -812.1 2691.0 0 0 0 0 0 0 0 0 0
153.7 -820.8 2618.8 0 0 0 0 0 0 0 0 0
20.8 92.8 2797.6 1 0.9710232019 -0.0206487402 0.2380914390 -0.0424792171 0.9654831290 0.2569782436 -0.2351795435 -0.2596457601 0.9366294146
25.0 -104.0 2850.5 0.9710232019 -0.0206487402 0.2380914390 -0.0424792171 0.9654831290 0.2569782436 -0.2351795435 -0.2596457601 0.9366294146
28.8 -296.6 2899.3 0.9709837437 -0.0190887190 0.2383823693 -0.0405580848 0.9692246914 0.2428136766 -0.2356810868 -0.2454364747 0.9403272867
-116.8 -98.0 2884.9 0.4166485071 -0.8561877012 -0.3055268824 0.9087709188 0.3836971819 0.1640485674 -0.0232265648 -0.3460045159 0.9379453063
-217.1 -316.7 2890.5 -0.2415147424 -0.8561877012 -0.4567420185 0.2947942317 0.3836971819 -0.8751416206 0.9245361090 -0.3460045159 0.1597306728
166.9 -109.9 2816.1 0.1102150008 0.8988156319 0.4242442250 -0.9828428626 0.1620752066 -0.0880429149 -0.1478938162 -0.4072617590 0.9012576342
194.6 -357.7 2778.8 -0.3823898137 0.8988156319 0.2142627835 -0.1642431617 0.1620752066 -0.9730137587 -0.9092866778 -0.4072617590 0.0856484026
-57.1 -485.6 2967.8 0.9319341779 0.1468131989 -0.3315789104 -0.3397978544 0.0342371427 -0.9398751259 -0.1266337633 0.9885715246 0.0817935690
-130.5 -502.7 2473.8 0.9319341779 0.2163037956 0.2910521626 -0.3397978544 0.8011774421 0.4925973117 -0.1266337633 -0.5579671860 0.8201442361
121.5 -492.7 2926.8 0.9568586349 0.1632452607 0.2403592765 0.2422918379 0.0082691042 -0.9701681733 -0.1603629142 0.9865508676 -0.0316406302
42.8 -496.7 2450.9 0.9568586349 -0.2889838517 0.0301650967 0.2422918379 0.8509089947 0.4660992622 -0.1603629142 -0.4386823475 0.8842180371
-148.4 -400.5 2627.8 0 0 0 0 0 0 0 0 0
94.3 -400.8 2540.3 0 0 0 0 0 0 0 0 0
-213.1 -808.9 2687.0 0 0 0 0 0 0 0 0 0
153.2 -821.9 2618.5 0 0 0 0 0 0 0 0 0
20.7 91.7 2797.7 2 0.9732965827 -0.0210528094 0.2285838127 -0.0395301282 0.9655376077 0.2572440207 -0.2261219770 -0.2594106793 0.9389222264
25.0 -104.7 2850.5 0.9732965827 -0.0210528094 0.2285838127 -0.0395301282 0.9655376077 0.2572440207 -0.2261219770 -0.2594106793 0.9389222264
28.9 -297.4 2899.1 0.9732503295 -0.0197731182 0.2288948596 -0.0373374037 0.9694322944 0.2425014675 -0.2266930789 -0.2445609719 0.9427620173
-117.2 -99.3 2883.6 0.4095960259 -0.8603230715 -0.3034392297 0.9121237993 0.3803196549 0.1529284865 -0.0161639955 -0.3394130170 0.9404985309
-214.9 -317.0 2887.4 -0.2243241221 -0.8603230715 -0.4577367604 0.3154330552 0.3803196549 -0.8694014549 0.9220524430 -0.3394130170 0.1860594600
167.2 -110.2 2817.3 0.0702093989 0.9159087539 0.3951983750 -0.9779255986 0.1413596869 -0.1538797021 -0.1968048960 -0.3756707907 0.9056154490
185.3 -362.3 2766.6 -0.3533373475 0.9159087539 0.1904306561 -0.1600866616 0.1413596869 -0.9769287109 -0.9216967821 -0.3756707907 0.0966771245
-56.4 -485.4 2969.7 0.9341019392 0.1496118009 -0.3241448700 -0.3344813883 0.0493546724 -0.9411090612 -0.1248029694 0.9875122309 0.0961446613
-130.5 -509.9 2480.8 0.9341019392 0.2131831050 0.2863678634 -0.3344813883 0.8030093908 0.4932525456 -0.1248029694 -0.5565328598 0.8213984370
121.7 -492.9 2926.4 0.9575005770 0.1612579674 0.2391411811 0.2413917184 0.0057820869 -0.9704105258 -0.1578691602 0.9868953228 -0.0333899893
44.2 -495.7 2452.5 0.9575005770 -0.2869276702 0.0294135809 0.2413917184 0.8529825211 0.4627643824 -0.1578691602 -0.4359969497 0.8859932423
-151.2 -406.6 2625.4 0 0 0 0 0 0 0 0 0
94.7 -403.3 2530.5 0 0 0 0 0 0 0 0 0
-212.0 -816.7 2693.5 0 0 0 0 0 0 0 0 0
153.9 -821.6 2619.1 0 0 0 0 0 0 0 0 0
20.8 92.7 2797.7 3 0.9718766212 -0.0217078160 0.2344879061 -0.0400001295 0.9660550952 0.2552205920 -0.2320685089 -0.2574224770 0.9380180836
25.3 -104.3 2850.2 0.9718766212 -0.0217078160 0.2344879061 -0.0400001295 0.9660550952 0.2552205920 -0.2320685089 -0.2574224770 0.9380180836
29.3 -297.1 2898.3 0.9718264341 -0.0202667769 0.2348245978 -0.0376856290 0.9701178074 0.2396897674 -0.2326652706 -0.2417863756 0.9420223832
-116.7 -98.8 2884.2 0.4023303390 -0.8677252531 -0.2918616831 0.9153084159 0.3748307526 0.1473514438 -0.0184618272 -0.3264274001 0.9450419545
-213.4 -318.8 2888.6 -0.2092906982 -0.8677252531 -0.4508329332 0.3201435804 0.3748307526 -0.8700632453 0.9239618778 -0.3264274001 0.1993480623
167.2 -109.8 2816.2 0.0784824565 0.9110128880 0.4048407972 -0.9779068828 0.1492758393 -0.1463382095 -0.1937489361 -0.3844116032 0.9026013017
187.5 -362.1 2766.2 -0.3604796231 0.9110128880 0.2002748102 -0.1644494534 0.1492758393 -0.9750246406 -0.9181562066 -0.3844116032 0.0960046649
-56.4 -486.6 2968.5 0.9338395000 0.1544800848 -0.3226138949 -0.3340716362 0.0543520264 -0.9409793019 -0.1278278381 0.9864997268 0.1023634896
-132.6 -513.4 2481.7 0.9338395000 0.2103279233 0.2893198729 -0.3340716362 0.8019065261 0.4953201115 -0.1278278381 -0.5592030287 0.8191165924
122.1 -493.4 2926.9 0.9593321681 0.1555964500 0.2355239093 0.2371819168 0.0080920812 -0.9714315534 -0.1530571729 0.9877875447 -0.0291416701
46.9 -497.3 2449.6 0.9593321681 -0.2812368274 0.0242407676 0.2371819168 0.8496522903 0.4709943533 -0.1530571729 -0.4460905790 0.8818030953
-153.9 -409.8 2626.0 0 0 0 0 0 0 0 0 0
95.2 -404.1 2531.2 0 0 0 0 0 0 0 0 0
-213.0 -819.8 2695.4 0 0 0 0 0 0 0 0 0
154.4 -822.0 2620.1 0 0 0 0 0 0 0 0 0
21.0 92.8 2797.2 4 0.9735825062 -0.0217889640 0.2272934318 -0.0382595323 0.9657963514 0.2564636767 -0.2251072526 -0.2583847046 0.9394488335
25.4 -104.3 2850.0 0.9735825062 -0.0217889640 0.2272934318 -0.0382595323 0.9657963514 0.2564636767 -0.2251072526 -0.2583847046 0.9394488335
29.6 -296.9 2898.4 0.9735196829 -0.0212402698 0.2276142687 -0.0354333967 0.9696208835 0.2420327812 -0.2258403897 -0.2436888218 0.9431923628
-116.8 -99.1 2883.0 0.4039498270 -0.8652556539 -0.2969128191 0.9147030711 0.3778066933 0.1434588581 -0.0119529394 -0.3295372427 0.9440668821
-213.7 -318.5 2885.8 -0.2108139843 -0.8652556539 -0.4548517764 0.3221851289 0.3778066933 -0.8680200577 0.9229053259 -0.3295372427 0.1991255581
167.6 -109.4 2817.0 0.1425441355 0.8698696494 0.4722371697 -0.9705983996 0.2163394243 -0.1055274680 -0.1939586550 -0.4433103204 0.8751320243
202.5 -346.6 2769.6 -0.4014313817 0.8698696494 0.2866698802 -0.2118119150 0.2163394243 -0.9530650377 -0.8910603523 -0.4433103204 0.0974033251
-55.8 -486.4 2967.6 0.9324119091 0.1496149451 -0.3289732337 -0.3392768800 0.0488045067 -0.9394196868 -0.1244958490 0.9875391126 0.0962667987
-130.2 -510.7 2476.6 0.9324119091 0.2149267346 0.2905417681 -0.3392768800 0.7975193262 0.4988528192 -0.1244958490 -0.5637104511 0.8165361881
122.5 -493.3 2925.0 0.9614881277 0.1586146057 0.2244592905 0.2276785374 -0.0021850565 -0.9737339020 -0.1539579630 0.9873381257 -0.0382140465
46.0 -492.3 2448.9 0.9614881277 -0.2730520368 0.0313552022 0.2276785374 0.8551863432 0.4656380713 -0.1539579630 -0.4405665696 0.8844196200
-153.8 -410.1 2623.5 0 0 0 0 0 0 0 0 0
99.2 -401.1 2540.3 0 0 0 0 0 0 0 0 0
-212.3 -815.4 2692.0 0 0 0 0 0 0 0 0 0
150.3 -819.0 2617.2 0 0 0 0 0 0 0 0 0
21.1 92.5 2797.0 5 0.9748654962 -0.0248782951 0.2214007527 -0.0342192166 0.9652349353 0.2591343224 -0.2201505601 -0.2601972520 0.9401229024
26.2 -104.6 2850.1 0.9748654962 -0.0248782951 0.2214007527 -0.0342192166 0.9652349353 0.2591343224 -0.2201505601 -0.2601972520 0.9401229024
30.9 -297.2 2898.8 0.9748105407 -0.0235944428 0.2217829525 -0.0320259258 0.9692761302 0.2438814193 -0.2207231671 -0.2448409945 0.9441049695
-116.2 -99.9 2882.4 0.4031771421 -0.8651546240 -0.2982543409 0.9150400758 0.3854882419 0.1187453046 0.0122404862 -0.3207900822 0.9470711946
-212.6 -318.7 2879.5 -0.1920837164 -0.8651546240 -0.4632615745 0.3361668289 0.3854882419 -0.8592966199 0.9220063686 -0.3207900822 0.2167902887
168.6 -109.3 2817.9 0.1409147382 0.8656693101 0.4803745747 -0.9791598916 0.1935411692 -0.0615448691 -0.1462497562 -0.4616909325 0.8749014139
202.7 -346.1 2782.5 -0.4264829457 0.8656693101 0.2621621192 -0.1978471428 0.1935411692 -0.9609361887 -0.8825920820 -0.4616909325 0.0887281895
-55.4 -486.4 2967.5 0.9305766225 0.1571618319 -0.3306467235 -0.3432355821 0.0603816956 -0.9373064637 -0.1273437887 0.9857252240 0.1101333275
-133.2 -516.2 2479.9 0.9305766225 0.2143611163 0.2967767119 -0.3432355821 0.7928330302 0.5035921931 -0.1273437887 -0.5704954863 0.8113682866
123.1 -492.9 2926.1 0.9603604674 0.1601754427 0.2281480879 0.2309830934 0.0009446731 -0.9729573131 -0.1560593843 0.9870880842 -0.0360905901
45.8 -493.3 2449.4 0.9603604674 -0.2769591510 0.0316440649 0.2309830934 0.8541671634 0.4658812284 -0.1560593843 -0.4401046634 0.8842812777
-158.0 -414.2 2617.4 0 0 0 0 0 0 0 0 0
93.0 -397.0 2555.5 0 0 0 0 0 0 0 0 0
-215.1 -819.2 2697.9 0 0 0 0 0 0 0 0 0
151.6 -819.7 2617.6 0 0 0 0 0 0 0 0 0
21.7 91.1 2797.4 6 0.9780573845 -0.0263994355 0.2066563368 -0.0296853967 0.9641584754 0.2636612058 -0.2062099576 -0.2640104592 0.9422186017
27.1 -105.3 2851.2 0.9780573845 -0.0263994355 0.2066563368 -0.0296853967 0.9641584754 0.2636612058 -0.2062099576 -0.2640104592 0.9422186017
32.1 -297.7 2900.8 0.9780068994 -0.0252272245 0.2070413083 -0.0277960412 0.9680393934 0.2492530048 -0.2067121118 -0.2495260835 0.9460480213
-115.8 -101.3 2881.4 0.4055780470 -0.8613122106 -0.3060190976 0.9137004614 0.3914176822 0.1092872843 0.0256508142 -0.3239343166 0.9457317591
-213.4 -321.2 2875.2 -0.2058819234 -0.8613122106 -0.4644931257 0.3139975071 0.3914176822 -0.8649842739 0.9268323779 -0.3239343166 0.1898640543
169.9 -109.4 2821.0 0.1255020648 0.8774690032 0.4629226029 -0.9828519821 0.1735081077 -0.0624251962 -0.1350969970 -0.4471499026 0.8841978312
200.6 -349.2 2788.0 -0.4214497209 0.8774690032 0.2289721519 -0.1661392003 0.1735081077 -0.9707176089 -0.8915031552 -0.4471499026 0.0726570711
-53.8 -486.9 2967.7 0.9284923077 0.1559762359 -0.3370065689 -0.3484576344 0.0522290096 -0.9358682632 -0.1283716857 0.9863790274 0.1028453410
-132.0 -513.1 2473.4 0.9284923077 0.2156813741 0.3022971153 -0.3484576344 0.7874286771 0.5084617734 -0.1283716857 -0.5774405599 0.8062772751
125.0 -492.8 2927.2 0.9576551914 0.1686983854 0.2333182693 0.2371284962 -0.0025160683 -0.9714750648 -0.1632992178 0.9856644869 -0.0424127206
43.9 -491.6 2453.5 0.9576551914 -0.2853020728 0.0387205742 0.2371284962 0.8578345180 0.4559496343 -0.1632992178 -0.4274607599 0.8891628981
-154.9 -410.4 2611.8 0 0 0 0 0 0 0 0 0
91.1 -392.4 2556.5 0 0 0 0 0 0 0 0 0
-214.4 -814.0 2694.1 0 0 0 0 0 0 0 0 0
152.9 -819.4 2616.9 0 0 0 0 0 0 0 0 0
22.1 90.5 2797.1 7 0.9779852629 -0.0216011070 0.2075529099 -0.0339992158 0.9648426771 0.2606198192 -0.2058855891 -0.2619389594 0.9428675175
26.5 -106.0 2850.4 0.9779852629 -0.0216011070 0.2075529099 -0.0339992158 0.9648426771 0.2606198192 -0.2058855891 -0.2619389594 0.9428675175
31.2 -298.6 2899.1 0.9778621197 -0.0234208554 0.2079355419 -0.0287077073 0.9693043828 0.2441820055 -0.2072717845 -0.2447456717 0.9471736550
-116.3 -101.8 2880.7 0.4065383673 -0.8700146675 -0.2789284289 0.9136070609 0.3847855031 0.1313860714 -0.0069801984 -0.3082444668 0.9512815475
-214.0 -321.3 2882.4 -0.1905437410 -0.8700146675 -0.4547170401 0.3142076433 0.3847855031 -0.8678788543 0.9300358295 -0.3082444668 0.2000467777
169.4 -110.2 2820.1 0.1821452379 0.8474594355 0.4986337125 -0.9749395251 0.2215347886 -0.0203780215 -0.1277342588 -0.4824259579 0.8665732145
211.7 -336.8 2790.4 -0.4372428358 0.8474594355 0.3010500968 -0.2240697443 0.2215347886 -0.9490600824 -0.8709830642 -0.4824259579 0.0930255204
-52.6 -487.5 2969.3 0.9268594980 0.1556165367 -0.3416357934 -0.3525603712 0.0481891520 -0.9345474839 -0.1289678961 0.9866414070 0.0995287895
-130.8 -511.7 2473.4 0.9268594980 0.2187899351 0.3050614595 -0.3525603712 0.7864668965 0.5071203709 -0.1289678961 -0.5775818825 0.8060809374
126.8 -492.6 2931.4 0.9569109678 0.1755528152 0.2313064188 0.2368596792 -0.0110728610 -0.9714807868 -0.1679849625 0.9844077229 -0.0521771237
41.6 -487.2 2453.9 0.9569109678 -0.2870313823 0.0439821482 0.2368596792 0.8591531515 0.4536004066 -0.1679849625 -0.4236375988 0.8901192546
-159.9 -410.6 2618.1 0 0 0 0 0 0 0 0 0
97.8 -395.2 2563.6 0 0 0 0 0 0 0 0 0
-214.4 -812.3 2694.1 0 0 0 0 0 0 0 0 0
151.3 -815.5 2615.8 0 0 0 0 0 0 0 0 0
23.1 91.3 2797.4 8 0.9783995748 -0.0270056799 0.2049510479 -0.0278132726 0.9652189612 0.2599590719 -0.2048430145 -0.2600442171 0.9436187744
28.6 -105.4 2850.4 0.9783995748 -0.0270056799 0.2049510479 -0.0278132726 0.9652189612 0.2599590719 -0.2048430145 -0.2600442171 0.9436187744
34.4 -297.9 2899.6 0.9782561660 -0.0294822138 0.2052940279 -0.0229043122 0.9684332013 0.2482188046 -0.2061315775 -0.2475236952 0.9467004538
-114.3 -102.1 2880.5 0.4153010249 -0.8698400259 -0.2662768364 0.9095346928 0.3917420208 0.1388697028 -0.0164826028 -0.2998607457 0.9538405538
-213.3 -318.8 2884.5 -0.1763956696 -0.8698400259 -0.4607199132 0.3206715286 0.3917420208 -0.8623850346 0.9306204319 -0.2998607457 0.2098313421
171.5 -108.8 2820.3 0.1387388557 0.8703775406 0.4724345803 -0.9824017882 0.1811973155 -0.0453243479 -0.1250531822 -0.4578323066 0.8801995516
