-14.7 80.3 2798.4 01 0.9639921784 -0.1330835074 0.2302343696 0.0549180768 0.9467328787 0.3173024952 -0.2601981759 -0.2932330966 0.9199517965
12.5 -113.1 2858.3 0.9639921784 -0.1330835074 0.2302343696 0.0549180768 0.9467328787 0.3173024952 -0.2601981759 -0.2932330966 0.9199517965
38.3 -301.4 2916.3 0.9643671513 -0.1297456622 0.2305689901 0.0522153266 0.9476906061 0.3148905635 -0.2593637407 -0.2916308939 0.9206963778
-128.4 -120.7 2896.2 0.4086147845 -0.8102374673 -0.4201776087 0.9126760364 0.3665162921 0.1807989925 0.0075118323 -0.4573631883 0.8892482519
-230.8 -349.4 2894.3 -0.4406251311 -0.8102374673 -0.3864773810 0.1336481422 0.3665162921 -0.9207627177 0.8876866698 -0.4573631883 -0.0532095619
153.4 -105.4 2820.5 0.2999550104 0.4776960909 0.8257320523 -0.9309161305 0.3356541991 0.1439840645 -0.2083798200 -0.8118760586 0.5453761220
224.9 -327.3 2770.8 -0.8039379120 0.4776960909 0.3542460501 -0.2056213766 0.3356541991 -0.9192693233 -0.5580355525 -0.8118760586 -0.1716206372
-27.5 -492.8 2999.4 0.9190132618 0.2074614614 -0.3352228701 -0.3398973942 -0.0137879634 -0.9403614402 -0.1997108012 0.9781460166 0.0578442849
-136.6 -485.6 2485.1 0.9190132618 0.2227127552 0.3252901137 -0.3398973942 0.8656377792 0.3676153421 -0.1997108012 -0.4484086335 0.8712320328
150.1 -483.8 2954.3 0.9678446054 0.1754419208 0.1802692115 0.1952618062 -0.0721794441 -0.9780914783 -0.1585865170 0.9818402529 -0.1041155905
62.4 -447.7 2463.4 0.9678446054 -0.2337093204 0.0930419788 0.1952618062 0.9311826825 0.3078500926 -0.1585865170 -0.2797834873 0.9468746185
-116.3 -384.1 2663.8 0 0 0 0 0 0 0 0 0
16.1 -380.7 2625.9 0 0 0 0 0 0 0 0 0
-221.7 -816.4 2656.4 0 0 0 0 0 0 0 0 0
151.7 -803.6 2570.3 0 0 0 0 0 0 0 0 0
-13.7 83.0 2797.6 02 0.9678866267 -0.1333977878 0.2130738199 0.0608539283 0.9467138648 0.3162745833 -0.2439102829 -0.2931515574 0.9244295359
13.5 -110.2 2857.4 0.9678866267 -0.1333977878 0.2130738199 0.0608539283 0.9467138648 0.3162745833 -0.2439102829 -0.2931515574 0.9244295359
39.4 -298.6 2915.0 0.9682031274 -0.1301755607 0.2136281133 0.0585785322 0.9481791854 0.3122895956 -0.2432102114 -0.2898457646 0.9256555438
-127.9 -118.7 2892.9 0.4432896376 -0.8318827152 -0.3338643610 0.8846935630 0.3460882902 0.3123142719 -0.1442622989 -0.4338133335 0.8893786669
-238.9 -340.3 2929.1 -0.4087696671 -0.8318827152 -0.3753378391 0.1465714574 0.3460882902 -0.9266821146 0.9007908702 -0.4338133335 -0.0195401367
154.9 -101.6 2821.9 0.2796047926 0.4308167696 0.8580315113 -0.9258451462 0.3576199412 0.1221424565 -0.2542281449 -0.8285558820 0.4988618791
223.1 -327.3 2759.9 -0.8242534995 0.4308167696 0.3674276769 -0.2178823799 0.3576199412 -0.9080942869 -0.5226217508 -0.8285558820 -0.2009020895
-24.4 -494.5 2998.0 0.9140065908 0.2091964185 -0.3476044536 -0.3526336551 -0.0140009904 -0.9356567264 -0.2006028444 0.9777734280 0.0609727018
-133.9 -487.2 2486.0 0.9140065908 0.2344238013 0.3311155140 -0.3526336551 0.8626161814 0.3626882732 -0.2006028444 -0.4482619464 0.8711025715
152.5 -484.9 2950.4 0.9656751156 0.1834142506 0.1839313656 0.1988894790 -0.0666420907 -0.9777534604 -0.1670763344 0.9807742238 -0.1008337736
61.1 -451.7 2461.8 0.9656751156 -0.2406708598 0.0977193192 0.1988894790 0.9270645976 0.3177959323 -0.1670763344 -0.2874522805 0.9431101084
-132.7 -378.4 2695.0 0 0 0 0 0 0 0 0 0
9.2 -383.9 2624.3 0 0 0 0 0 0 0 0 0
-223.5 -816.8 2657.3 0 0 0 0 0 0 0 0 0
153.1 -806.0 2571.6 0 0 0 0 0 0 0 0 0
-13.9 83.0 2798.2 03 0.9693511724 -0.1325048804 0.2068835497 0.0625830069 0.9474859238 0.3136141002 -0.2375746518 -0.2910547853 0.9267390966
13.2 -110.4 2857.6 0.9693511724 -0.1325048804 0.2068835497 0.0625830069 0.9474859238 0.3136141002 -0.2375746518 -0.2910547853 0.9267390966
38.7 -299.0 2914.7 0.9697613716 -0.1284528673 0.2075156718 0.0596015006 0.9491862059 0.3090198040 -0.2366654873 -0.2873072326 0.9281401038
-128.5 -119.1 2892.2 0.4589975774 -0.8328154683 -0.3094182014 0.8716955185 0.3548606038 0.3379657269 -0.1716627479 -0.4248439074 0.8888416886
-241.4 -333.5 2934.4 -0.3997506499 -0.8328154683 -0.3829070926 0.1453440189 0.3548606038 -0.9235523939 0.9050273895 -0.4248439074 -0.0208110139
154.8 -101.7 2823.0 0.2729510665 0.4142715037 0.8682608008 -0.9253660440 0.3598417342 0.1192124262 -0.2630501688 -0.8359982371 0.4815719724
221.4 -327.4 2758.9 -0.8354173303 0.4142715037 0.3611883521 -0.2141716778 0.3598417342 -0.9080993533 -0.5061703324 -0.8359982371 -0.2118927985
-23.5 -492.4 2994.9 0.9154757261 0.2211654484 -0.3361399472 -0.3440732658 -0.0028216594 -0.9389385581 -0.2086092383 0.9752322435 0.0735139549
-138.5 -490.9 2488.1 0.9154757261 0.2215986252 0.3358545303 -0.3440732658 0.8638679385 0.3678936362 -0.2086092383 -0.4523562491 0.8670963049
154.0 -481.6 2950.3 0.9639719725 0.1927684098 0.1832984984 0.1994103789 -0.0676313266 -0.9775794148 -0.1760497093 0.9789108038 -0.1036347300
57.3 -447.7 2459.1 0.9639719725 -0.2441806048 0.1055169776 0.1994103789 0.9258896112 0.3208798468 -0.1760497093 -0.2882779837 0.9412238002
-137.4 -371.3 2699.0 0 0 0 0 0 0 0 0 0
4.5 -383.0 2627.4 0 0 0 0 0 0 0 0 0
-223.1 -821.0 2661.0 0 0 0 0 0 0 0 0 0
150.6 -801.5 2569.2 0 0 0 0 0 0 0 0 0
-14.9 81.5 2799.0 04 0.9633517861 -0.1355113238 0.2314952612 0.0574225932 0.9471870661 0.3154985309 -0.2620229423 -0.2906430066 0.9202557206
12.8 -112.3 2858.4 0.9633517861 -0.1355113238 0.2314952612 0.0574225932 0.9471870661 0.3154985309 -0.2620229423 -0.2906430066 0.9202557206
39.0 -300.9 2915.3 0.9637309909 -0.1315316558 0.2322110534 0.0547296964 0.9490240216 0.3104159236 -0.2612033784 -0.2864485979 0.9218025804
-127.9 -120.3 2896.6 0.4635300934 -0.8068778515 -0.3661803007 0.8805637360 0.3734227717 0.2918268442 -0.0987285450 -0.4577156305 0.8836000562
-240.8 -334.7 2920.6 -0.4242775440 -0.8068778515 -0.4110191464 0.1727828979 0.3734227717 -0.9114282727 0.8888951540 -0.4577156305 -0.0190202147
153.6 -104.3 2820.3 0.2834945321 0.4125939310 0.8656772375 -0.9262078404 0.3517587781 0.1356640905 -0.2485353947 -0.8402571082 0.4818694293
222.2 -328.5 2760.1 -0.8436347246 0.4125939310 0.3435792327 -0.2003638893 0.3517587781 -0.9143959880 -0.4981312752 -0.8402571082 -0.2140869945
-24.7 -493.1 2993.5 0.9128106236 0.2052515149 -0.3530560434 -0.3569394350 -0.0190623868 -0.9339330196 -0.1984212548 0.9785236120 0.0558620133
-130.1 -483.3 2491.0 0.9128106236 0.2458288372 0.3261057138 -0.3569394350 0.8682372570 0.3446132839 -0.1984212548 -0.4309666753 0.8802822232
153.2 -482.2 2950.1 0.9653300047 0.1867740452 0.1823552102 0.1942996681 -0.0476205088 -0.9797856808 -0.1743146777 0.9812480807 -0.0822596401
60.1 -458.5 2460.9 0.9653300047 -0.2398795187 0.1029358134 0.1942996681 0.9236527085 0.3303230405 -0.1743146777 -0.2988703549 0.9382382035
-130.5 -379.6 2689.5 0 0 0 0 0 0 0 0 0
3.1 -380.5 2630.8 0 0 0 0 0 0 0 0 0
-224.0 -814.9 2655.6 0 0 0 0 0 0 0 0 0
151.7 -811.4 2575.1 0 0 0 0 0 0 0 0 0
-13.6 79.2 2798.9 05 0.9614626765 -0.1387880445 0.2373339236 0.0589731969 0.9472491145 0.3150258660 -0.2685361803 -0.2888892889 0.9189294577
14.7 -114.2 2857.9 0.9614626765 -0.1387880445 0.2373339236 0.0589731969 0.9472491145 0.3150258660 -0.2685361803 -0.2888892889 0.9189294577
41.7 -302.8 2914.4 0.9616863132 -0.1359810233 0.2380515784 0.0574297011 0.9489765167 0.3100732863 -0.2680694163 -0.2845219970 0.9204270840
-125.7 -122.6 2897.0 0.4851778448 -0.8087202311 -0.3325268030 0.8633746505 0.3828195333 0.3286843300 -0.1385159045 -0.4465655982 0.8839641213
-242.9 -331.2 2930.5 -0.4117876887 -0.8087202311 -0.4200029969 0.1736325324 0.3828195333 -0.9073593020 0.8945851922 -0.4465655982 -0.0172202252
155.2 -105.8 2818.7 0.2862941325 0.4474537373 0.8472430706 -0.9326429367 0.3327838480 0.1393989623 -0.2195742279 -0.8300843835 0.5125886202
223.4 -328.2 2766.4 -0.8262091279 0.4474537373 0.3422917426 -0.2014341354 0.3327838480 -0.9212378860 -0.5261204839 -0.8300843835 -0.1848165989
-23.3 -494.5 2996.2 0.9112280607 0.2113873512 -0.3535233736 -0.3590372205 -0.0130311558 -0.9332322478 -0.2018803060 0.9773154855 0.0640215650
-132.4 -487.7 2491.9 0.9112280607 0.2441774756 0.3317238688 -0.3590372205 0.8655656576 0.3491251469 -0.2018803060 -0.4372338355 0.8763965368
153.4 -484.4 2948.3 0.9665497541 0.1854254603 0.1771973968 0.1901960224 -0.0546916425 -0.9802215695 -0.1720668226 0.9811351895 -0.0881293789
61.1 -457.2 2459.5 0.9665497541 -0.2354640514 0.1016769186 0.1901960224 0.9239906073 0.3317631483 -0.1720668226 -0.3013270795 0.9378672838
-135.8 -376.4 2697.8 0 0 0 0 0 0 0 0 0
8.9 -380.5 2629.8 0 0 0 0 0 0 0 0 0
-225.6 -818.4 2658.9 0 0 0 0 0 0 0 0 0
151.0 -810.3 2574.6 0 0 0 0 0 0 0 0 0
-16.0 81.7 2799.8 06 0.9610998631 -0.1440404654 0.2356679142 0.0653088316 0.9475671649 0.3128117919 -0.2683687508 -0.2852521837 0.9201138020
13.5 -112.5 2858.3 0.9610998631 -0.1440404654 0.2356679142 0.0653088316 0.9475671649 0.3128117919 -0.2683687508 -0.2852521837 0.9201138020
41.7 -301.1 2914.2 0.9612779617 -0.1417194009 0.2363478541 0.0641268864 0.9491257071 0.3082987964 -0.2680157423 -0.2812046111 0.9214616418
-126.9 -121.9 2897.4 0.4797935486 -0.8014325500 -0.3570770621 0.8729339838 0.3951136172 0.2861320078 -0.0882294849 -0.4489890039 0.8891706467
-241.4 -330.3 2918.5 -0.4113720953 -0.8014325500 -0.4341415465 0.1807657182 0.3951136172 -0.9006714225 0.8933625817 -0.4489890039 -0.0176671892
153.9 -103.2 2819.1 0.2775961459 0.4017997980 0.8726381063 -0.9250250459 0.3570169508 0.1298751980 -0.2593627572 -0.8432649970 0.4707814157
221.7 -328.9 2755.8 -0.8475205302 0.4017997980 0.3467936218 -0.2037579715 0.3570169508 -0.9116038680 -0.4900934398 -0.8432649970 -0.2207092792
-19.4 -496.7 2995.5 0.9085385203 0.2252711803 -0.3518673480 -0.3598742783 -0.0058876881 -0.9329822063 -0.2122456878 0.9742783308 0.0757201090
-135.9 -493.6 2491.5 0.9085385203 0.2375186533 0.3437187970 -0.3598742783 0.8628197312 0.3550107479 -0.2122456878 -0.4462364912 0.8693818450
156.9 -486.1 2946.3 0.9656800032 0.1904454082 0.1766145974 0.1912888438 -0.0614935830 -0.9796056151 -0.1757007241 0.9797698855 -0.0958132073
61.6 -455.4 2456.0 0.9656800032 -0.2383964360 0.1030985266 0.1912888438 0.9212865233 0.3385849297 -0.1757007241 -0.3072431087 0.9352704883
-134.4 -377.3 2686.0 0 0 0 0 0 0 0 0 0
1.7 -381.8 2628.6 0 0 0 0 0 0 0 0 0
-226.7 -823.3 2662.0 0 0 0 0 0 0 0 0 0
152.7 -807.4 2573.4 0 0 0 0 0 0 0 0 0
-15.5 80.0 2799.8 07 0.9653723836 -0.1433185339 0.2179815024 0.0701344982 0.9473946095 0.3122893572 -0.2512713373 -0.2861874998 0.9246401787
13.7 -113.1 2858.1 0.9653723836 -0.1433185339 0.2179815024 0.0701344982 0.9473946095 0.3122893572 -0.2512713373 -0.2861874998 0.9246401787
41.4 -301.6 2914.7 0.9658319354 -0.1396055818 0.2183551043 0.0670551658 0.9484388828 0.3097859025 -0.2503443062 -0.2845592797 0.9253938198
-127.4 -122.9 2894.7 0.4852696657 -0.8139689565 -0.3193240762 0.8617637753 0.3834616840 0.3321450353 -0.1479071975 -0.4363618195 0.8875312805
-243.2 -328.6 2930.0 -0.3932536244 -0.8139689565 -0.4275583029 0.1891379803 0.3834616840 -0.9039822817 0.8997657299 -0.4363618195 0.0031547397
154.8 -103.4 2821.6 0.2778787315 0.4033756554 0.8718208075 -0.9242223501 0.3597089946 0.1281500459 -0.2619091570 -0.8413664699 0.4727642834
222.5 -328.6 2757.8 -0.8468787670 0.4033756554 0.3465319872 -0.2014600635 0.3597089946 -0.9110561609 -0.4921485484 -0.8413664699 -0.2233658135
-18.3 -495.6 2994.6 0.9106907845 0.2242573053 -0.3469163179 -0.3539878726 -0.0092049241 -0.9352046847 -0.2129198313 0.9744864702 0.0710015297
-134.9 -490.8 2488.1 0.9106907845 0.2324758768 0.3414633870 -0.3539878726 0.8652509451 0.3550118208 -0.2129198313 -0.4441798925 0.8702697158
158.0 -483.9 2945.5 0.9670853019 0.1880768389 0.1713858694 0.1851638854 -0.0581809841 -0.9809838533 -0.1745289415 0.9804295301 -0.0910910144
64.4 -454.9 2457.4 0.9670853019 -0.2318931222 0.1047453880 0.1851638854 0.9237021804 0.3353933096 -0.1745289415 -0.3049588799 0.9362369776
-140.8 -377.8 2695.9 0 0 0 0 0 0 0 0 0
2.6 -380.9 2629.9 0 0 0 0 0 0 0 0 0
-223.7 -821.5 2657.8 0 0 0 0 0 0 0 0 0
153.0 -807.9 2574.0 0 0 0 0 0 0 0 0 0
-15.3 81.6 2799.3 08 0.9634195566 -0.1417251825 0.2274570167 0.0675181076 0.9497086406 0.3057692647 -0.2593531013 -0.2792266309 0.9245368838
13.8 -113.4 2856.6 0.9634195566 -0.1417251825 0.2274570167 0.0675181076 0.9497086406 0.3057692647 -0.2593531013 -0.2792266309 0.9245368838
41.3 -302.3 2911.7 0.9638084173 -0.1384091079 0.2278515100 0.0648803413 0.9507497549 0.3030930459 -0.2585805953 -0.2773405313 0.9253206253
-127.0 -122.8 2894.4 0.4484647214 -0.8187600970 -0.3584847450 0.8921442628 0.3856464624 0.2352772653 -0.0543872528 -0.4253336787 0.9034009576
-235.2 -338.0 2907.5 -0.4179353416 -0.8187600970 -0.3936521113 0.1076036990 0.3856464624 -0.9163504839 0.9020817876 -0.4253336787 -0.0730736628
154.6 -103.9 2818.8 0.2783513665 0.4224169850 0.8626033068 -0.9329766631 0.3322912753 0.1383368671 -0.2281997055 -0.8432949781 0.4865989089
221.7 -329.0 2763.7 -0.8416037560 0.4224169850 0.3365516067 -0.2016643584 0.3322912753 -0.9213652611 -0.5010334849 -0.8432949781 -0.1944711506
-19.4 -496.2 2994.2 0.9127100110 0.2235871404 -0.3420075774 -0.3480218649 -0.0132055702 -0.9373934269 -0.2141055167 0.9745944738 0.0657603592
-135.2 -489.4 2489.4 0.9127100110 0.2274644971 0.3394411504 -0.3480218649 0.8680426478 0.3540942669 -0.2141055167 -0.4413183331 0.8714338541
157.7 -483.9 2948.3 0.9664885402 0.1887711585 0.1739695370 0.1855409145 -0.0453263782 -0.9815905690 -0.1774105877 0.9809744954 -0.0788322017
63.9 -461.4 2460.8 0.9664885402 -0.2331643999 0.1073979139 0.1855409145 0.9236016870 0.3354615569 -0.1774105877 -0.3042930365 0.9359119534
-126.8 -365.9 2673.6 0 0 0 0 0 0 0 0 0
3.1 -381.4 2633.6 0 0 0 0 0 0 0 0 0
-222.1 -821.1 2658.0 0 0 0 0 0 0 0 0 0
153.0 -814.4 2577.0 0 0 0 0 0 0 0 0 0
-13.1 82.1 2799.0 09 0.9645988345 -0.1323382705 0.2281133980 0.0580066890 0.9502624273 0.3060008585 -0.2572632134 -0.2819359601 0.9242985249
14.1 -113.2 2857.0 0.9645988345 -0.1323382705 0.2281133980 0.0580066890 0.9502624273 0.3060008585 -0.2572632134 -0.2819359601 0.9242985249
39.9 -302.4 2912.0 0.9647666216 -0.1298150867 0.2288523465 0.0567888990 0.9520458579 0.3006387651 -0.2569053769 -0.2770499587 0.9258741736
-126.8 -121.5 2894.5 0.4510990977 -0.7830326557 -0.4282166660 0.8924644589 0.3979832828 0.2124064863 0.0041018715 -0.4779845178 0.8783586621
-237.0 -339.6 2893.5 -0.4686255455 -0.7830326557 -0.4089621007 0.1277929246 0.3979832828 -0.9084482789 0.8741047382 -0.4779845178 -0.0864391103
155.1 -104.9 2819.5 0.2878512740 0.4672932625 0.8359298110 -0.9372029305 0.3169704378 0.1455348283 -0.1969576031 -0.8253282309 0.5291889906
223.5 -327.8 2772.6 -0.8147073984 0.4672932625 0.3433494866 -0.2081568390 0.3169704378 -0.9253110290 -0.5412232280 -0.8253282309 -0.1609678715
-19.6 -497.2 2990.5 0.9138198495 0.2283941060 -0.3358115554 -0.3423105180 -0.0117744952 -0.9395130873 -0.2185332626 0.9734975696 0.0674219355
-137.0 -491.1 2490.4 0.9138198495 0.2197741121 0.3415151834 -0.3423105180 0.8693212271 0.3565166295 -0.2185332626 -0.4426962137 0.8696339726
157.2 -485.3 2943.1 0.9665235877 0.1886876971 0.1738650501 0.1845780611 -0.0406359807 -0.9819774032 -0.1782218814 0.9811960459 -0.0741032436
64.4 -465.3 2460.9 0.9665235877 -0.2327185720 0.1080470756 0.1845780611 0.9231533408 0.3372221887 -0.1782218814 -0.3059900701 0.9352042675
-115.5 -372.8 2666.8 0 0 0 0 0 0 0 0 0
12.1 -381.8 2632.2 0 0 0 0 0 0 0 0 0
-220.9 -823.3 2659.5 0 0 0 0 0 0 0 0 0
153.4 -818.1 2577.8 0 0 0 0 0 0 0 0 0
-14.6 80.6 2797.9 10 0.9679434896 -0.1387817264 0.2093442231 0.0677769929 0.9468863606 0.3143445551 -0.2418504655 -0.2900790572 0.9259387255
13.7 -112.8 2857.1 0.9679434896 -0.1387817264 0.2093442231 0.0677769929 0.9468863606 0.3143445551 -0.2418504655 -0.2900790572 0.9259387255
40.3 -301.3 2914.2 0.9685525894 -0.1335455030 0.2099322081 0.0635379106 0.9485285878 0.3102521896 -0.2405594885 -0.2871568799 0.9271849990
-127.7 -122.1 2892.3 0.4624634087 -0.7823885679 -0.4171279669 0.8861634135 0.3924722672 0.2463329285 -0.0290169045 -0.4835635126 0.8748281598
-239.3 -335.9 2899.3 -0.4575172067 -0.7823885679 -0.4225472212 0.1645933688 0.3924722672 -0.9049168825 0.8738346696 -0.4835635126 -0.0507868417
155.2 -103.5 2822.0 0.2773625255 0.4499323964 0.8488997817 -0.9327197671 0.3380253315 0.1255895644 -0.2304428369 -0.8266194463 0.5134164095
222.0 -328.1 2766.5 -0.8184232116 0.4499323964 0.3574133217 -0.2143685967 0.3380253315 -0.9163978100 -0.5331318378 -0.8266194463 -0.1801964194
-22.8 -496.8 2990.6 0.9148600698 0.2176637203 -0.3400786817 -0.3455935121 -0.0134249553 -0.9382882714 -0.2087968588 0.9759314656 0.0629412085
-134.5 -489.9 2489.7 0.9148600698 0.2281385660 0.3331423104 -0.3455935121 0.8690958619 0.3538890779 -0.2087968588 -0.4388908148 0.8739443421
154.2 -486.4 2943.5 0.9671486616 0.1824641377 0.1770036817 0.1888005584 -0.0493089706 -0.9807767272 -0.1702287048 0.9819752574 -0.0821384341
65.1 -462.3 2463.9 0.9671486616 -0.2325810045 0.1026135534 0.1888005584 0.9274749756 0.3227142394 -0.1702287048 -0.2927391529 0.9409176111
-120.5 -378.6 2672.4 0 0 0 0 0 0 0 0 0
9.5 -383.8 2628.1 0 0 0 0 0 0 0 0 0
-221.7 -822.0 2657.4 0 0 0 0 0 0 0 0 0
153.9 -816.7 2575.7 0 0 0 0 0 0 0 0 0
-16.9 81.5 2798.8 11 0.9664088488 -0.1447438151 0.2123750895 0.0727552474 0.9466032982 0.3140841722 -0.2464966923 -0.2880823016 0.9253366590
12.7 -112.3 2857.8 0.9664088488 -0.1447438151 0.2123750895 0.0727552474 0.9466032982 0.3140841722 -0.2464966923 -0.2880823016 0.9253366590
40.5 -300.8 2914.1 0.9669532776 -0.1397918016 0.2132126391 0.0691288039 0.9487074614 0.3085051179 -0.2454029024 -0.2835709155 0.9270194173
-128.5 -122.4 2893.6 0.4743326008 -0.8061854243 -0.3536575139 0.8734275699 0.3806971312 0.3036346138 -0.1101493910 -0.4529180229 0.8847216368
-242.2 -331.7 2920.0 -0.4129936695 -0.8061854243 -0.4236759245 0.1860726923 0.3806971312 -0.9057850838 0.8915229440 -0.4529180229 -0.0072164093
154.0 -102.2 2821.9 0.2798536718 0.4492704272 0.8484326601 -0.9335871339 0.3333895206 0.1314019859 -0.2238235474 -0.8288591504 0.5127333403
221.8 -328.4 2767.7 -0.8233805299 0.4492704272 0.3466995358 -0.2055205107 0.3333895206 -0.9201155901 -0.5289667249 -0.8288591504 -0.1821721643
-22.0 -495.6 2993.3 0.9118427634 0.2188912779 -0.3473173678 -0.3548912704 -0.0050249286 -0.9348940849 -0.2063854039 0.9757363200 0.0731006563
-135.4 -493.0 2487.9 0.9118427634 0.2343670130 0.3370680213 -0.3548912704 0.8627381921 0.3601874411 -0.2063854039 -0.4480568171 0.8698564172
155.6 -483.9 2949.2 0.9698121548 0.1793623269 0.1652077287 0.1767913699 -0.0505313203 -0.9829503298 -0.1679560989 0.9824844599 -0.0807155967
65.9 -458.7 2457.8 0.9698121548 -0.2217776477 0.1013859659 0.1767913699 0.9258162975 0.3340792358 -0.1679560989 -0.3060699403 0.9370762706
-135.0 -380.0 2688.6 0 0 0 0 0 0 0 0 0
7.9 -381.8 2630.3 0 0 0 0 0 0 0 0 0
-225.0 -822.7 2659.1 0 0 0 0 0 0 0 0 0
150.6 -812.4 2574.7 0 0 0 0 0 0 0 0 0
-15.0 82.1 2797.8 12 0.9646303058 -0.1477848589 0.2182842940 0.0744512379 0.9470946193 0.3121998906 -0.2528743148 -0.2849059403 0.9245989323
15.4 -113.2 2856.5 0.9646303058 -0.1477848589 0.2182842940 0.0744512379 0.9470946193 0.3121998906 -0.2528743148 -0.2849059403 0.9245989323
44.0 -301.7 2912.4 0.9650470018 -0.1439090520 0.2190308273 0.0717427805 0.9488890767 0.3073474765 -0.2520660460 -0.2808908820 0.9260469675
-125.5 -123.6 2893.4 0.4292894602 -0.8157244921 -0.3876907825 0.9031659961 0.3871070743 0.1855781525 -0.0013028064 -0.4298158884 0.9029155970
-223.7 -330.1 2893.7 -0.3662712872 -0.8157244921 -0.4477040470 0.2294480205 0.3871070743 -0.8930295110 0.9017754197 -0.4298158884 0.0453801565
156.4 -102.7 2819.7 0.2710278630 0.4342323542 0.8590611815 -0.9354708195 0.3291045427 0.1287810355 -0.2268000543 -0.8385299444 0.4954082072
222.1 -329.5 2764.7 -0.8355982304 0.4342323542 0.3364786208 -0.2005489022 0.3291045427 -0.9227514863 -0.5114251971 -0.8385299444 -0.1879143566
-20.4 -495.6 2993.0 0.9106408954 0.2186721563 -0.3505932987 -0.3561185598 -0.0149566643 -0.9343211055 -0.2095537037 0.9756837487 0.0642530620
-135.2 -487.8 2481.0 0.9106408954 0.2291370183 0.3438450098 -0.3561185598 0.8572571874 0.3718731999 -0.2095537037 -0.4610925317 0.8622534275
156.9 -482.9 2948.0 0.9679768682 0.1891691238 0.1650329530 0.1803003103 -0.0664430931 -0.9813649058 -0.1746786535 0.9796940088 -0.0984226316
61.3 -449.4 2452.6 0.9679768682 -0.2280580103 0.1049303412 0.1803003103 0.9224134088 0.3415336907 -0.1746786535 -0.3116777241 0.9339937568
-128.6 -389.6 2659.7 0 0 0 0 0 0 0 0 0
5.1 -381.6 2631.9 0 0 0 0 0 0 0 0 0
-222.7 -815.3 2657.2 0 0 0 0 0 0 0 0 0
148.4 -801.8 2571.7 0 0 0 0 0 0 0 0 0
-15.1 81.3 2799.3 13 0.9658346176 -0.1399114728 0.2181474417 0.0670026392 0.9479393959 0.3113221526 -0.2503481209 -0.2860692739 0.9249271154
13.7 -113.9 2858.2 0.9658346176 -0.1399114728 0.2181474417 0.0670026392 0.9479393959 0.3113221526 -0.2503481209 -0.2860692739 0.9249271154
40.8 -302.6 2914.1 0.9661198854 -0.1366942674 0.2189223468 0.0650451630 0.9498050809 0.3060056865 -0.2497627735 -0.2813983560 0.9265168905
-127.5 -123.4 2894.7 0.4105767608 -0.7963865995 -0.4440665245 0.9090745449 0.3953199983 0.1315507889 0.0707830936 -0.4577012360 0.8862839937
-221.4 -331.3 2878.5 -0.3955405951 -0.7963865995 -0.4575106204 0.2320488095 0.3953199983 -0.8887493610 0.8886511922 -0.4577012360 0.0284354612
154.8 -104.4 2821.7 0.2802571654 0.4210944176 0.8626328111 -0.9284547567 0.3471269906 0.1321916580 -0.2437779605 -0.8379632235 0.4882519245
222.5 -328.5 2762.8 -0.8370704651 0.4210944176 0.3492743075 -0.2070329040 0.3471269906 -0.9146804214 -0.5064093471 -0.8379632235 -0.2033893466
-15.9 -496.9 2991.3 0.9077259898 0.2280809432 -0.3521541953 -0.3578962982 -0.0171037614 -0.9336046576 -0.2189605981 0.9734919071 0.0661037937
-135.0 -487.9 2482.7 0.9077259898 0.2260180116 0.3534817696 -0.3578962982 0.8567997217 0.3712202907 -0.2189605981 -0.4634761214 0.8586303592
161.1 -483.7 2945.1 0.9669789672 0.1983693093 0.1600040346 0.1766402870 -0.0691034496 -0.9818466902 -0.1837114245 0.9776882529 -0.1018615887
61.6 -449.0 2454.5 0.9669789672 -0.2267825603 0.1162813306 0.1766402870 0.9252780080 0.3356468976 -0.1837114245 -0.3040235341 0.9347832799
-118.6 -391.5 2647.7 0 0 0 0 0 0 0 0 0
5.0 -382.3 2631.3 0 0 0 0 0 0 0 0 0
-221.4 -815.3 2659.8 0 0 0 0 0 0 0 0 0
148.2 -802.6 2570.7 0 0 0 0 0 0 0 0 0
-13.9 79.9 2799.0 14 0.9656856656 -0.1293562204 0.2252070159 0.0545211956 0.9487844110 0.3111840785 -0.2539265156 -0.2882274389 0.9232801795
12.8 -115.5 2858.4 0.9656856656 -0.1293562204 0.2252070159 0.0545211956 0.9487844110 0.3111840785 -0.2539265156 -0.2882274389 0.9232801795
37.9 -304.4 2914.8 0.9659134150 -0.1265021563 0.2258505970 0.0528305247 0.9504334927 0.3064068258 -0.2534171045 -0.2840306759 0.9247196317
-128.3 -123.2 2895.4 0.3873732984 -0.7723711729 -0.5033733249 0.9094594121 0.4096241891 0.0713553876 0.1510810554 -0.4854387939 0.8611177206
-223.6 -346.9 2858.2 -0.4540617466 -0.7723711729 -0.4441516995 0.1783438474 0.4096241891 -0.8946515918 0.8729383945 -0.4854387939 -0.0482470319
153.9 -107.8 2821.4 0.2859830260 0.4028405845 0.8694441915 -0.9197711349 0.3698911071 0.1311548352 -0.2687651813 -0.8371977210 0.4763037264
222.0 -326.8 2757.4 -0.8366332054 0.4028405845 0.3711661696 -0.2221210748 0.3698911071 -0.9021323323 -0.5007066131 -0.8371977210 -0.2199838012
-20.6 -497.3 2992.9 0.9121194482 0.2210251391 -0.3452333212 -0.3523587584 -0.0076360703 -0.9358338714 -0.2094790339 0.9752382040 0.0709151328
-135.3 -493.4 2487.1 0.9121194482 0.2268792540 0.3414146304 -0.3523587584 0.8595468998 0.3701654375 -0.2094790339 -0.4579355121 0.8639523387
156.6 -485.4 2947.1 0.9703708291 0.1842420399 0.1563178599 0.1720084548 -0.0724075735 -0.9824307561 -0.1696864516 0.9802101851 -0.1019533873
64.3 -449.1 2456.4 0.9703708291 -0.2179567516 0.1042844802 0.1720084548 0.9262570739 0.3353519440 -0.1696864516 -0.3074779212 0.9363032579
-105.9 -393.1 2632.0 0 0 0 0 0 0 0 0 0
4.6 -384.5 2627.3 0 0 0 0 0 0 0 0 0
-222.0 -821.8 2662.1 0 0 0 0 0 0 0 0 0
147.6 -803.1 2573.9 0 0 0 0 0 0 0 0 0
-15.4 81.4 2799.4 15 0.9646160007 -0.1371216327 0.2251968086 0.0628943294 0.9491356611 0.3085219562 -0.2560473382 -0.2834416330 0.9241756201
12.9 -114.2 2857.8 0.9646160007 -0.1371216327 0.2251968086 0.0628943294 0.9491356611 0.3085219562 -0.2560473382 -0.2834416330 0.9241756201
39.8 -303.0 2913.2 0.9646638632 -0.1356984675 0.2258528471 0.0625609681 0.9506304860 0.3039536774 -0.2559486330 -0.2790835500 0.9255282879
-128.0 -123.3 2895.2 0.4143542051 -0.7722041607 -0.4816755354 0.9050409794 0.4054175019 0.1285978854 0.0959758684 -0.4892211854 0.8668628931
-228.5 -342.6 2871.9 -0.4580335617 -0.7722041607 -0.4403475523 0.1784317791 0.4054175019 -0.8965482116 0.8708428741 -0.4892211854 -0.0479090624
153.8 -105.0 2820.4 0.2820846736 0.4384407401 0.8533451557 -0.9287242889 0.3478780091 0.1282657832 -0.2406230718 -0.8287041783 0.5053216219
221.3 -327.4 2762.8 -0.8210333586 0.4384407401 0.3656144738 -0.2200615257 0.3478780091 -0.9113472700 -0.5267609954 -0.8287041783 -0.1891355067
-25.5 -498.1 2994.5 0.9142861962 0.2121475786 -0.3450712264 -0.3509336710 -0.0106070777 -0.9363402128 -0.2023025155 0.9771800637 0.0647518262
-135.9 -492.5 2486.2 0.9142861962 0.2292023599 0.3339865804 -0.3509336710 0.8599837422 0.3705044687 -0.2023025155 -0.4559542537 0.8667060733
151.6 -488.4 2948.0 0.9718122482 0.1743177772 0.1587269455 0.1739716232 -0.0758725256 -0.9818234444 -0.1591062546 0.9817620516 -0.1040601954
64.5 -450.4 2457.3 0.9718122482 -0.2157151103 0.0951205567 0.1739716232 0.9284613729 0.3281665742 -0.1591062546 -0.3023680151 0.9398185015
-109.5 -389.0 2645.7 0 0 0 0 0 0 0 0 0
8.1 -384.5 2626.0 0 0 0 0 0 0 0 0 0
-223.5 -821.2 2660.5 0 0 0 0 0 0 0 0 0
146.9 -805.2 2572.9 0 0 0 0 0 0 0 0 0
-17.1 82.3 2799.1 16 0.9676118493 -0.1422346234 0.2085584849 0.0723718777 0.9477800727 0.3106047213 -0.2418463230 -0.2854510546 0.9273769855
12.1 -112.2 2857.7 0.9676118493 -0.1422346234 0.2085584849 0.0723718777 0.9477800727 0.3106047213 -0.2418463230 -0.2854510546 0.9273769855
39.8 -300.9 2913.5 0.9678199291 -0.1396980882 0.2093061805 0.0709716901 0.9495199919 0.3055729866 -0.2414283603 -0.2808848023 0.9288789630
-129.3 -122.6 2892.9 0.3924514949 -0.7713907957 -0.5009371638 0.9104636908 0.4030989707 0.0925585330 0.1305284798 -0.4924098551 0.8605201244
-223.7 -341.6 2861.5 -0.4582392573 -0.7713907957 -0.4415574968 0.1850550771 0.4030989707 -0.8962509632 0.8693511486 -0.4924098551 -0.0419659950
153.5 -101.9 2822.4 0.2774003744 0.4199343920 0.8641204238 -0.9271504283 0.3528027236 0.1261836588 -0.2518751621 -0.8361730576 0.4872099757
220.8 -327.0 2761.2 -0.8302267790 0.4199343920 0.3665768504 -0.2228120416 0.3528027236 -0.9087821841 -0.5109581947 -0.8361730576 -0.1993398219
-21.7 -497.7 2992.2 0.9110922217 0.2219862938 -0.3473227024 -0.3535421491 -0.0124064041 -0.9353363514 -0.2119408697 0.9749708772 0.0671781301
-137.4 -491.2 2483.8 0.9110922217 0.2251076549 0.3453078568 -0.3535421491 0.8574734926 0.3738276958 -0.2119408697 -0.4626723826 0.8608224988
155.3 -486.2 2945.2 0.9688060284 0.1841384917 0.1658552140 0.1790767312 -0.0575423539 -0.9821509123 -0.1713080853 0.9812145233 -0.0887222961
64.3 -457.8 2460.5 0.9688060284 -0.2246122211 0.1047104895 0.1790767312 0.9265801907 0.3307274282 -0.1713080853 -0.3016594946 0.9378992915
-104.5 -389.8 2635.5 0 0 0 0 0 0 0 0 0
5.2 -384.9 2628.5 0 0 0 0 0 0 0 0 0
-223.4 -818.9 2660.6 0 0 0 0 0 0 0 0 0
150.1 -811.8 2575.8 0 0 0 0 0 0 0 0 0
-16.0 79.4 2799.4 17 0.9683921933 -0.1402940154 0.2062379718 0.0706513599 0.9472461343 0.3126229942 -0.2392172664 -0.2881706953 0.9272177815
12.5 -113.6 2858.1 0.9683921933 -0.1402940154 0.2062379718 0.0706513599 0.9472461343 0.3126229942 -0.2392172664 -0.2881706953 0.9272177815
39.9 -302.1 2914.6 0.9686235785 -0.1377233118 0.2068830580 0.0690733120 0.9488029480 0.3082236052 -0.2387408316 -0.2842625678 0.9285459518
-129.0 -123.7 2893.0 0.3816953301 -0.7752586007 -0.5032720566 0.9132556915 0.4002076983 0.0761436373 0.1423823386 -0.4886797369 0.8607667089
-223.0 -348.6 2857.9 -0.4688692689 -0.7752586007 -0.4232442677 0.1537880003 0.4002076983 -0.9034284949 0.8697763085 -0.4886797369 -0.0684196055
154.0 -103.5 2823.2 0.2760038972 0.4299235046 0.8596438766 -0.9257661700 0.3593741357 0.1175040975 -0.2584159970 -0.8282608390 0.4971973002
220.5 -326.3 2761.0 -0.8212881088 0.4299235046 0.3750354648 -0.2253963500 0.3593741357 -0.9055643082 -0.5241014361 -0.8282608390 -0.1982465088
-21.1 -496.1 2991.4 0.9119978547 0.2192582637 -0.3466781378 -0.3515613973 -0.0176368169 -0.9359986782 -0.2113397568 0.9755074382 0.0609980077
-134.5 -487.0 2487.3 0.9119978547 0.2304919809 0.3393130600 -0.3515613973 0.8653958440 0.3570638895 -0.2113397568 -0.4449308813 0.8702712059
156.3 -483.1 2947.2 0.9688155055 0.1811608672 0.1690479666 0.1803346574 -0.0476352237 -0.9824511409 -0.1699290723 0.9822991490 -0.0788193271
66.3 -459.4 2459.0 0.9688155055 -0.2257829458 0.1020712331 0.1803346574 0.9249983430 0.3344510794 -0.1699290723 -0.3056144118 0.9368692040
-101.1 -388.6 2631.8 0 0 0 0 0 0 0 0 0
7.1 -384.9 2624.9 0 0 0 0 0 0 0 0 0
-222.5 -817.6 2657.3 0 0 0 0 0 0 0 0 0
152.6 -812.9 2575.8 0 0 0 0 0 0 0 0 0
-16.6 80.4 2800.1 18 0.9681650996 -0.1429207325 0.2054993063 0.0747518167 0.9485912323 0.3075497448 -0.2388900816 -0.2823974788 0.9290765524
12.6 -113.2 2857.7 0.9681650996 -0.1429207325 0.2054993063 0.0747518167 0.9485912323 0.3075497448 -0.2388900816 -0.2823974788 0.9290765524
40.6 -302.0 2913.1 0.9682816863 -0.1412208527 0.2061243057 0.0739728436 0.9499959946 0.3033736944 -0.2386599481 -0.2785035968 0.9303102493
-128.9 -124.0 2892.6 0.3717580140 -0.7676486969 -0.5220263004 0.9128034711 0.4046853483 0.0549509004 0.1690734029 -0.4969358444 0.8511574268
-219.7 -346.9 2851.3 -0.4708855748 -0.7676486969 -0.4347208738 0.1698130965 0.4046853483 -0.8985506296 0.8656964302 -0.4969358444 -0.0602036975
154.0 -102.4 2822.9 0.2739585042 0.4290639162 0.8607269526 -0.9256689548 0.3604495227 0.1149481907 -0.2609284818 -0.8282392621 0.4959193468
220.3 -326.2 2759.8 -0.8205915093 0.4290639162 0.3775364757 -0.2276998311 0.3604495227 -0.9045600891 -0.5241969228 -0.8282392621 -0.1980840117
-21.6 -497.0 2993.0 0.9131824374 0.2243424207 -0.3402474225 -0.3462912440 -0.0130922236 -0.9380357265 -0.2148957849 0.9744224548 0.0657322258
-137.3 -490.2 2490.5 0.9131824374 0.2255141884 0.3394719064 -0.3462912440 0.8685531020 0.3545390368 -0.2148957849 -0.4413149953 0.8712410331
156.1 -484.3 2949.2 0.9665095210 0.1846733540 0.1781995296 0.1903618574 -0.0502218753 -0.9804285169 -0.1721094996 0.9815159440 -0.0836946815
63.9 -459.2 2459.0 0.9665095210 -0.2368078977 0.0989006311 0.1903618574 0.9200096130 0.3425560296 -0.1721094996 -0.3122567534 0.9342772961
-97.2 -391.1 2626.1 0 0 0 0 0 0 0 0 0
7.1 -385.3 2623.6 0 0 0 0 0 0 0 0 0
-223.4 -822.1 2659.1 0 0 0 0 0 0 0 0 0
154.3 -810.8 2578.3 0 0 0 0 0 0 0 0 0
-15.4 82.6 2799.4 19 0.9716315866 -0.1400745213 0.1905550212 0.0754117221 0.9471724033 0.3117331266 -0.2241543233 -0.2885196507 0.9308658838
13.3 -111.0 2858.4 0.9716315866 -0.1400745213 0.1905550212 0.0754117221 0.9471724033 0.3117331266 -0.2241543233 -0.2885196507 0.9308658838
41.0 -299.5 2914.8 0.9715569615 -0.1396695077 0.1912315190 0.0759173408 0.9486286640 0.3071484864 -0.2243069857 -0.2838944495 0.9322501421
-128.7 -122.0 2891.2 0.4016911387 -0.7785233259 -0.4822298586 0.9110962749 0.3929053247 0.1246154979 0.0924545974 -0.4894147515 0.8671362996
-224.7 -339.9 2869.1 -0.4537144601 -0.7785233259 -0.4336410761 0.1864564568 0.3929053247 -0.9004772902 0.8714225292 -0.4894147515 -0.0331061259
155.2 -99.9 2825.6 0.2658542991 0.4458291829 0.8547267318 -0.9304515123 0.3505835533 0.1065418497 -0.2521536946 -0.8236064315 0.5080265999
220.0 -326.6 2764.2 -0.8131336570 0.4458291829 0.3742325604 -0.2260596901 0.3505835533 -0.9088389277 -0.5363866687 -0.8236064315 -0.1842872798
-20.1 -497.5 2990.3 0.9116246700 0.2265163213 -0.3429735303 -0.3493917286 -0.0124310320 -0.9368942976 -0.2164853662 0.9739280343 0.0678104907
-136.3 -491.1 2490.7 0.9116246700 0.2291702628 0.3412058949 -0.3493917286 0.8693004847 0.3496313393 -0.2164853662 -0.4379470646 0.8725459576
157.5 -484.0 2946.5 0.9667918086 0.1923652142 0.1682536155 0.1834014058 -0.0637287125 -0.9809702039 -0.1779819578 0.9792519212 -0.0968924463
61.7 -452.2 2459.0 0.9667918086 -0.2311047763 0.1091065109 0.1834014058 0.9247133136 0.3335703909 -0.1779819578 -0.3024828136 0.9363901615
-106.7 -388.4 2642.4 0 0 0 0 0 0 0 0 0
8.7 -385.3 2624.8 0 0 0 0 0 0 0 0 0
-223.9 -823.3 2658.1 0 0 0 0 0 0 0 0 0
150.0 -805.6 2574.5 0 0 0 0 0 0 0 0 0
-15.3 83.3 2798.6 20 0.9722718596 -0.1422086358 0.1856451631 0.0784246475 0.9461612105 0.3140518665 -0.2203111351 -0.2907846272 0.9310785532
13.7 -109.8 2857.9 0.9722718596 -0.1422086358 0.1856451631 0.0784246475 0.9461612105 0.3140518665 -0.2203111351 -0.2907846272 0.9310785532
41.8 -298.1 2915.0 0.9722808599 -0.1414353549 0.1861880571 0.0783646777 0.9473614097 0.3104276359 -0.2202928215 -0.2872322798 0.9321848750
-128.3 -121.3 2890.1 0.4470741749 -0.8032762408 -0.3935377598 0.8923520446 0.3700700402 0.2583718300 -0.0619074218 -0.4666855931 0.8822539449
-234.7 -333.5 2904.8 -0.4290691316 -0.8032762408 -0.4130943716 0.1838956028 0.3700700402 -0.9106209874 0.8843540549 -0.4666855931 -0.0110666547
155.7 -98.4 2825.8 0.2661289573 0.4613308012 0.8463741541 -0.9333425164 0.3427839577 0.1066344976 -0.2409297079 -0.8183355331 0.5218043923
220.7 -326.0 2767.0 -0.8055422306 0.4613308012 0.3718543351 -0.2247479856 0.3427839577 -0.9121335149 -0.5482609868 -0.8183355331 -0.1724437624
-20.3 -494.9 2991.8 0.9117805958 0.2245317400 -0.3438628912 -0.3515867591 -0.0059350682 -0.9361364841 -0.2122332156 0.9744486809 0.0735309124
-136.3 -491.9 2488.6 0.9117805958 0.2304109335 0.3399514556 -0.3515867591 0.8657364845 0.3562121391 -0.2122332156 -0.4443097413 0.8703711629
157.9 -481.0 2950.7 0.9667443037 0.1898367703 0.1713691801 0.1836238503 -0.0488312505 -0.9817829728 -0.1780103445 0.9806005955 -0.0820658952
63.2 -456.7 2461.8 0.9667443037 -0.2309689522 0.1098123044 0.1836238503 0.9257448912 0.3305732608 -0.1780103445 -0.2994156480 0.9373700619
-123.1 -381.4 2674.8 0 0 0 0 0 0 0 0 0
11.4 -384.4 2624.6 0 0 0 0 0 0 0 0 0
-224.3 -822.7 2658.4 0 0 0 0 0 0 0 0 0
151.5 -810.4 2576.2 0 0 0 0 0 0 0 0 0
-16.2 84.0 2790.2 21 0.9712202549 -0.1445607394 0.1892970800 0.0721771196 0.9360117912 0.3444885612 -0.2269838154 -0.3209113479 0.9195076227
13.3 -107.0 2855.7 0.9712202549 -0.1445607394 0.1892970800 0.0721771196 0.9360117912 0.3444885612 -0.2269838154 -0.3209113479 0.9195076227
42.0 -293.4 2918.1 0.9710891843 -0.1441402882 0.1902876943 0.0730282515 0.9382879138 0.3380572498 -0.2272723019 -0.3143873811 0.9216875434
-128.6 -117.7 2888.9 0.4369362295 -0.8000514507 -0.4111014605 0.8987941146 0.3703241348 0.2345829010 -0.0354375914 -0.4719933569 0.8808895946
-235.5 -337.6 2897.5 -0.4461419284 -0.8000514507 -0.4010923505 0.1587327719 0.3703241348 -0.9152398109 0.8807731271 -0.4719933569 -0.0382227413
155.2 -96.3 2822.5 0.2642517090 0.4399229586 0.8582766652 -0.9341966510 0.3379105031 0.1144251972 -0.2396824360 -0.8320362568 0.5002679825
220.4 -326.9 2763.3 -0.8242510557 0.4399229586 0.3564800322 -0.2158494294 0.3379105031 -0.9160925150 -0.5234684944 -0.8320362568 -0.1835659742
-19.3 -493.5 2992.3 0.9122362137 0.2308575511 -0.3384226859 -0.3461666703 -0.0073787058 -0.9381440282 -0.2190747559 0.9729595780 0.0731840730
-138.6 -489.7 2489.5 0.9122362137 0.2217640430 0.3444500268 -0.3461666703 0.8669157624 0.3586442769 -0.2190747559 -0.4464054108 0.8675992489
159.1 -479.1 2951.9 0.9657058716 0.1969247013 0.1692123562 0.1850707829 -0.0649932176 -0.9805736542 -0.1821015179 0.9782620072 -0.0992093384
60.4 -446.6 2461.9 0.9657058716 -0.2319058925 0.1167553514 0.1850707829 0.9302248359 0.3169077933 -0.1821015179 -0.2844317257 0.9412425756
-119.4 -378.9 2668.4 0 0 0 0 0 0 0 0 0
6.3 -383.0 2627.4 0 0 0 0 0 0 0 0 0
-223.3 -821.0 2660.1 0 0 0 0 0 0 0 0 0
149.1 -802.0 2570.6 0 0 0 0 0 0 0 0 0
-16.6 86.0 2795.0 22 0.9686046839 -0.1379841119 0.2067979276 0.0630686805 0.9410017133 0.3324727118 -0.2404731512 -0.3089921474 0.9201611280
11.6 -106.0 2858.0 0.9686046839 -0.1379841119 0.2067979276 0.0630686805 0.9410017133 0.3324727118 -0.2404731512 -0.3089921474 0.9201611280
39.1 -293.2 2918.5 0.9684101939 -0.1384360641 0.2074057460 0.0643936768 0.9423650503 0.3283314109 -0.2409048378 -0.3046038747 0.9215103388
-129.9 -115.4 2893.2 0.4113534391 -0.7874978781 -0.4589504004 0.9103247523 0.3802511692 0.1634560674 0.0457951315 -0.4850321114 0.8732964396
-235.0 -348.1 2881.5 -0.4734469354 -0.7874978781 -0.3945822120 0.1306125075 0.3802511692 -0.9156142473 0.8710845709 -0.4850321114 -0.0771716908
153.0 -96.6 2822.8 0.2719224989 0.4395667315 0.8560602665 -0.9309191704 0.3455449641 0.1182718053 -0.2438189685 -0.8290836811 0.5031625628
220.5 -327.7 2762.3 -0.8242773414 0.4395667315 0.3568584025 -0.2115393430 0.3455449641 -0.9142482281 -0.5251837373 -0.8290836811 -0.1918392330
-18.5 -486.4 3001.4 0.9145285487 0.2218856961 -0.3382370174 -0.3468933105 0.0000440827 -0.9379045963 -0.2080927044 0.9750726819 0.0770109817
-136.4 -486.5 2482.9 0.9145285487 0.2225451469 0.3378035128 -0.3468933105 0.8610219359 0.3718954325 -0.2080927044 -0.4572907686 0.8646285534
159.7 -473.1 2959.7 0.9664885402 0.1903670877 0.1722216159 0.1820832938 -0.0354520939 -0.9826437831 -0.1809574217 0.9810726643 -0.0689267144
63.2 -455.1 2462.5 0.9664885402 -0.2299281955 0.1141619310 0.1820832938 0.9274903536 0.3265077770 -0.1809574217 -0.2947790325 0.9382748604
-111.9 -382.0 2655.0 0 0 0 0 0 0 0 0 0
6.4 -382.6 2625.9 0 0 0 0 0 0 0 0 0
-221.5 -815.5 2657.6 0 0 0 0 0 0 0 0 0
151.0 -809.5 2575.1 0 0 0 0 0 0 0 0 0
-16.3 84.4 2796.9 23 0.9662957191 -0.1334550530 0.2201415449 0.0553087220 0.9427897930 0.3287679255 -0.2514229417 -0.3055112958 0.9183949828
10.9 -107.6 2859.1 0.9662957191 -0.1334550530 0.2201415449 0.0553087220 0.9427897930 0.3287679255 -0.2514229417 -0.3055112958 0.9183949828
37.4 -295.2 2919.1 0.9661724567 -0.1335138083 0.2206465155 0.0561801270 0.9439752698 0.3251990974 -0.2517034411 -0.3018024564 0.9195437431
-130.2 -115.8 2895.9 0.4035643637 -0.7785592675 -0.4806051552 0.9109018445 0.3912502825 0.1310764253 0.0859861299 -0.4906819165 0.8670856953
-235.4 -353.1 2873.5 -0.4864232242 -0.7785592675 -0.3965324163 0.1178156286 0.3912502825 -0.9127117395 0.8657435775 -0.4906819165 -0.0985867754
152.0 -99.4 2822.3 0.2804414630 0.4381088316 0.8540569544 -0.9274044633 0.3531257808 0.1233818904 -0.2475348264 -0.8266576529 0.5053352118
221.0 -327.3 2761.5 -0.8209640384 0.4381088316 0.3661676347 -0.2174168080 0.3531257808 -0.9099627137 -0.5279659033 -0.8266576529 -0.1946513355
-22.2 -486.4 3001.2 0.9156979322 0.2162868381 -0.3386994004 -0.3467640877 -0.0007058443 -0.9379521012 -0.2031057775 0.9763296247 0.0743541718
-137.1 -486.0 2482.5 0.9156979322 0.2246764302 0.3331933022 -0.3467640877 0.8607900143 0.3725522757 -0.2031057775 -0.4566847980 0.8661333919
155.4 -474.5 2957.0 0.9674703479 0.1863820553 0.1710637510 0.1842086613 -0.0555232428 -0.9813176394 -0.1734019965 0.9809072018 -0.0880502835
61.3 -446.5 2461.7 0.9674703479 -0.2287740707 0.1079977080 0.1842086613 0.9296454787 0.3191026449 -0.1734019965 -0.2888282239 0.9415466189
-108.8 -383.8 2648.3 0 0 0 0 0 0 0 0 0
7.7 -383.8 2624.3 0 0 0 0 0 0 0 0 0
-223.0 -814.9 2657.0 0 0 0 0 0 0 0 0 0
148.7 -801.7 2572.0 0 0 0 0 0 0 0 0 0
-16.7 82.2 2798.8 24 0.9708002806 -0.1356625110 0.1978446990 0.0666113943 0.9447470903 0.3209608197 -0.2304555625 -0.2984101474 0.9261974096
10.9 -110.2 2859.6 0.9708002806 -0.1356625110 0.1978446990 0.0666113943 0.9447470903 0.3209608197 -0.2304555625 -0.2984101474 0.9261974096
37.6 -298.3 2917.9 0.9708195925 -0.1343806833 0.1986230761 0.0664759502 0.9465911984 0.3155092597 -0.2304131985 -0.2930988967 0.9279023409
-130.9 -119.9 2893.3 0.4111206234 -0.7967035770 -0.4429935217 0.9107227921 0.3800543845 0.1616868526 0.0395451412 -0.4699170887 0.8818243146
-238.0 -357.3 2882.9 -0.4687946141 -0.7967035770 -0.3814381063 0.1021116301 0.3800543845 -0.9193105698 0.8773851991 -0.4699170887 -0.0968147591
152.7 -100.5 2826.0 0.2821137607 0.4470154345 0.8488751650 -0.9273697138 0.3537200987 0.1219324172 -0.2457585484 -0.8216199279 0.5143378973
