-12.2 82.5 2797.9 91 0.9688243270 -0.1211449653 0.2161095291 0.0475524403 0.9470032454 0.3176847994 -0.2431423366 -0.2975042462 0.9232404828
12.4 -109.6 2858.2 0.9688243270 -0.1211449653 0.2161095291 0.0475524403 0.9470032454 0.3176847994 -0.2431423366 -0.2975042462 0.9232404828
35.5 -298.0 2916.9 0.9692810178 -0.1166904122 0.2165123820 0.0439129733 0.9482496381 0.3144745529 -0.2420039624 -0.2953065038 0.9242446423
-129.2 -116.0 2893.6 0.4404229522 -0.7824849486 -0.4401646554 0.8977746367 0.3809452653 0.2210914046 -0.0053220596 -0.4925423861 0.8702721596
-237.7 -337.2 2894.9 -0.4677887559 -0.7824849486 -0.4109634757 0.1624292135 0.3809452653 -0.9102183580 0.8687867522 -0.4925423861 -0.0511034951
153.9 -103.2 2822.9 0.2717356682 0.4641039968 0.8430700898 -0.9330767989 0.3415575027 0.1127214134 -0.2356424630 -0.8172795773 0.5258580446
218.8 -325.9 2766.6 -0.7948794365 0.4641039968 0.3908633590 -0.2465459555 0.3415575027 -0.9069473743 -0.5544202328 -0.8172795773 -0.1570740789
-28.8 -490.8 2998.4 0.9167855978 0.2031373829 -0.3438594639 -0.3477763236 -0.0172495469 -0.9374188185 -0.1963562369 0.9789983034 0.0548322350
-135.2 -481.7 2486.0 0.9167855978 0.2374791950 0.3211039901 -0.3477763236 0.8699947596 0.3495150208 -0.1963562369 -0.4321026802 0.8801883459
148.1 -483.4 2950.8 0.9670559764 0.1804009527 0.1796056479 0.1948110610 -0.0702972338 -0.9783184528 -0.1638637930 0.9810778499 -0.1031254604
58.7 -448.6 2464.2 0.9670559764 -0.2350917161 0.0976451561 0.1948110610 0.9303655028 0.3105941415 -0.1638637930 -0.2813395858 0.9455139637
-116.0 -379.4 2668.9 0 0 0 0 0 0 0 0 0
12.3 -389.9 2622.6 0 0 0 0 0 0 0 0 0
-225.9 -814.2 2651.1 0 0 0 0 0 0 0 0 0
148.5 -804.1 2571.7 0 0 0 0 0 0 0 0 0
-11.6 81.5 2798.3 92 0.9685500264 -0.1218056902 0.2169660628 0.0489706323 0.9482449889 0.3137409091 -0.2439524084 -0.2932488024 0.9243875742
13.1 -110.5 2857.7 0.9685500264 -0.1218056902 0.2169660628 0.0489706323 0.9482449889 0.3137409091 -0.2439524084 -0.2932488024 0.9243875742
36.4 -299.3 2915.4 0.9689711332 -0.1174537987 0.2174847126 0.0456300639 0.9497627616 0.3096265197 -0.2429256886 -0.2900952995 0.9256520867
-128.5 -117.2 2893.2 0.4627436996 -0.8037329316 -0.3740075231 0.8805317879 0.3678818643 0.2988757193 -0.1026256904 -0.4676283598 0.8779474497
-241.4 -332.1 2918.2 -0.4353288412 -0.8037329316 -0.4055886567 0.1721609533 0.3678818643 -0.9137962461 0.8836568594 -0.4676283598 -0.0217781477
154.6 -103.9 2822.2 0.2665532529 0.4817950726 0.8347591758 -0.9389194250 0.3254008293 0.1120029613 -0.2176688612 -0.8136263490 0.5391033888
217.9 -326.9 2770.5 -0.7927600741 0.4817950726 0.3733697236 -0.2337588966 0.3254008293 -0.9162265658 -0.5629282594 -0.8136263490 -0.1453409195
-30.1 -490.5 2997.8 0.9175367355 0.1998724490 -0.3437693119 -0.3494261801 -0.0073949229 -0.9369347095 -0.1898095906 0.9797940254 0.0630555525
-134.2 -486.6 2487.6 0.9175367355 0.2413815558 0.3160083592 -0.3494261801 0.8687425852 0.3509809971 -0.1898095906 -0.4324595630 0.8814482689
147.6 -482.4 2953.4 0.9703744650 0.1696788073 0.1719957143 0.1846256256 -0.0615824871 -0.9808776379 -0.1558422148 0.9835734367 -0.0910851285
62.7 -451.6 2461.4 0.9703744650 -0.2239755541 0.0906000808 0.1846256256 0.9292907715 0.3198938668 -0.1558422148 -0.2936897278 0.9431115985
-128.2 -376.9 2688.5 0 0 0 0 0 0 0 0 0
12.0 -387.6 2624.3 0 0 0 0 0 0 0 0 0
-226.5 -818.6 2652.9 0 0 0 0 0 0 0 0 0
148.3 -806.7 2573.6 0 0 0 0 0 0 0 0 0
-11.6 80.7 2798.0 93 0.9673340321 -0.1227874458 0.2217839360 0.0487548187 0.9486474395 0.3125555515 -0.2487726659 -0.2915325761 0.9236454368
13.3 -111.8 2857.2 0.9673340321 -0.1227874458 0.2217839360 0.0487548187 0.9486474395 0.3125555515 -0.2487726659 -0.2915325761 0.9236454368
36.8 -300.7 2914.4 0.9677659273 -0.1182310358 0.2223748714 0.0453521237 0.9503373504 0.3078995645 -0.2477344275 -0.2878895104 0.9250661135
-128.1 -118.5 2893.4 0.4322259426 -0.8036200404 -0.4091155529 0.9017649293 0.3847320676 0.1969804764 -0.0008975977 -0.4540660977 0.8909675479
-233.7 -338.8 2893.6 -0.4291797280 -0.8036200404 -0.4123100340 0.1539348066 0.3847320676 -0.9101018310 0.8900049925 -0.4540660977 -0.0414140970
154.7 -105.2 2821.0 0.2784818113 0.4632328749 0.8413460851 -0.9360006452 0.3272608817 0.1296269894 -0.2152921855 -0.8235992193 0.5247224569
220.9 -327.7 2769.9 -0.8118627667 0.4632328749 0.3553789258 -0.2159532905 0.3272608817 -0.9199263453 -0.5424417257 -0.8235992193 -0.1656542718
-29.1 -492.2 2995.3 0.9153532982 0.1994873583 -0.3497616053 -0.3552705646 -0.0086832084 -0.9347231984 -0.1895025074 0.9798619151 0.0629237816
-133.5 -487.6 2482.6 0.9153532982 0.2405328006 0.3229123056 -0.3552705646 0.8598957062 0.3665544987 -0.1895025074 -0.4502481222 0.8725625873
148.6 -483.8 2950.7 0.9716293216 0.1669284105 0.1675451249 0.1785772145 -0.0533230193 -0.9824799299 -0.1550698131 0.9845260382 -0.0816198215
65.3 -457.2 2459.3 0.9716293216 -0.2191362083 0.0889707133 0.1785772145 0.9263935685 0.3315194249 -0.1550698131 -0.3062258363 0.9392439127
-122.1 -378.9 2662.1 0 0 0 0 0 0 0 0 0
10.0 -383.7 2629.0 0 0 0 0 0 0 0 0 0
-225.4 -816.2 2654.6 0 0 0 0 0 0 0 0 0
149.0 -811.2 2576.3 0 0 0 0 0 0 0 0 0
-14.1 81.3 2798.9 94 0.9653891325 -0.1281102300 0.2271819711 0.0538015664 0.9501340985 0.3071654737 -0.2552043796 -0.2843114436 0.9241416454
11.8 -111.1 2856.5 0.9653891325 -0.1281102300 0.2271819711 0.0538015664 0.9501340985 0.3071654737 -0.2552043796 -0.2843114436 0.9241416454
36.5 -300.2 2912.3 0.9657379985 -0.1244680434 0.2277231365 0.0511746742 0.9515866041 0.3030908406 -0.2544234097 -0.2810526788 0.9253529906
-129.3 -118.6 2893.7 0.4088321924 -0.7938649058 -0.4501496851 0.9108563066 0.3855140507 0.1473760754 0.0565423369 -0.4702737629 0.8807074428
-230.1 -343.2 2879.7 -0.4467819929 -0.7938649058 -0.4125098288 0.1548404545 0.3855140507 -0.9096171260 0.8811414838 -0.4702737629 -0.0493183397
152.9 -103.6 2819.3 0.2968451679 0.4832379222 0.8236286044 -0.9375594258 0.3112283349 0.1553037912 -0.1812878698 -0.8183019161 0.5454508662
225.1 -331.7 2775.2 -0.8082615137 0.4832379222 0.3364438415 -0.2005949914 0.3112283349 -0.9289233685 -0.5536018610 -0.8183019161 -0.1546187699
-28.5 -493.7 2994.3 0.9163266420 0.2041250914 -0.3444973230 -0.3493955135 -0.0127143897 -0.9368890524 -0.1956226379 0.9788622260 0.0596698634
-135.1 -487.0 2482.9 0.9163266420 0.2321724296 0.3262536228 -0.3493955135 0.8616085649 0.3681757748 -0.1956226379 -0.4513608515 0.8706349134
149.1 -485.4 2948.9 0.9703049660 0.1676453948 0.1743655354 0.1835756004 -0.0409857370 -0.9821507931 -0.1575065553 0.9849950075 -0.0705442727
65.8 -465.0 2459.7 0.9703049660 -0.2258056253 0.0867187455 0.1835756004 0.9208988547 0.3438681662 -0.1575065553 -0.3177375495 0.9350051284
-113.8 -383.5 2650.5 0 0 0 0 0 0 0 0 0
15.2 -383.8 2631.4 0 0 0 0 0 0 0 0 0
-223.8 -816.3 2655.4 0 0 0 0 0 0 0 0 0
152.1 -816.9 2581.1 0 0 0 0 0 0 0 0 0
-13.3 83.2 2799.3 95 0.9654143453 -0.1216192693 0.2306162864 0.0457131751 0.9497926831 0.3095225096 -0.2566815615 -0.2882752717 0.9225030541
11.4 -109.7 2857.9 0.9654143453 -0.1216192693 0.2306162864 0.0457131751 0.9497926831 0.3095225096 -0.2566815615 -0.2882752717 0.9225030541
35.2 -298.6 2914.8 0.9655335546 -0.1201087013 0.2309086621 0.0447759070 0.9505832791 0.3072240055 -0.2563981712 -0.2862959504 0.9231980443
-129.7 -116.2 2895.3 0.4335041642 -0.8089534044 -0.3970749676 0.9003421664 0.3701306283 0.2288828194 -0.0381859131 -0.4567250013 0.8887879848
-235.6 -336.3 2904.7 -0.4255765080 -0.8089534044 -0.4055601656 0.1672596633 0.3701306283 -0.9137983918 0.8893305659 -0.4567250013 -0.0222136360
152.4 -103.1 2820.4 0.3082410097 0.4927173555 0.8137671947 -0.9369150400 0.3054732382 0.1699302495 -0.1648565382 -0.8148102164 0.5557937026
227.1 -330.1 2780.5 -0.8014824390 0.4927173555 0.3389034569 -0.2053661048 0.3054732382 -0.9297907352 -0.5616499782 -0.8148102164 -0.1436439902
-27.3 -494.0 2991.5 0.9146413207 0.2101940811 -0.3453255594 -0.3515319824 -0.0083116060 -0.9361389875 -0.1996410936 0.9776243567 0.0662878007
-136.2 -489.7 2485.0 0.9146413207 0.2303660661 0.3322089016 -0.3515319824 0.8590224981 0.3721634746 -0.1996410936 -0.4571781456 0.8666784763
149.8 -484.6 2944.8 0.9726536870 0.1681651026 0.1602039486 0.1714610308 -0.0546093471 -0.9836762547 -0.1566713899 0.9842450619 -0.0819497481
66.7 -457.6 2458.1 0.9726536870 -0.2134075612 0.0916625410 0.1714610308 0.9259713292 0.3364196420 -0.1566713899 -0.3115032613 0.9372405410
-124.9 -379.8 2673.3 0 0 0 0 0 0 0 0 0
18.9 -383.5 2634.6 0 0 0 0 0 0 0 0 0
-224.2 -817.9 2659.6 0 0 0 0 0 0 0 0 0
148.2 -811.4 2577.1 0 0 0 0 0 0 0 0 0
-11.7 82.2 2799.5 96 0.9667577744 -0.1273265332 0.2217372656 0.0547071584 0.9501166940 0.3070593178 -0.2497730702 -0.2847213447 0.9254983068
14.1 -110.8 2857.4 0.9667577744 -0.1273265332 0.2217372656 0.0547071584 0.9501166940 0.3070593178 -0.2497730702 -0.2847213447 0.9254983068
38.8 -299.9 2913.2 0.9670207500 -0.1242928728 0.2223108709 0.0527192615 0.9516190290 0.3027240634 -0.2491817027 -0.2810203731 0.9267880321
-127.1 -118.5 2893.8 0.4650975764 -0.8151706457 -0.3452261388 0.8774517179 0.3728179336 0.3018034101 -0.1173147708 -0.4432873130 0.8886695504
-240.4 -332.1 2922.3 -0.4097398221 -0.8151706457 -0.4094021618 0.1697740555 0.3728179336 -0.9122409821 0.8962644935 -0.4432873130 -0.0143635375
155.4 -103.1 2821.0 0.2962626815 0.4908935428 0.8192996979 -0.9376119375 0.3129109740 0.1515604705 -0.1819678098 -0.8130868673 0.5529714823
226.5 -328.2 2777.3 -0.7987734079 0.4908935428 0.3478283584 -0.2109529823 0.3129109740 -0.9260591269 -0.5634357929 -0.8130868673 -0.1463895142
-29.5 -491.6 2995.2 0.9185072780 0.2039007246 -0.3387755454 -0.3458556235 -0.0009704339 -0.9382872581 -0.1916462183 0.9789910913 0.0696288645
-136.2 -491.1 2482.8 0.9185072780 0.2279008925 0.3231185079 -0.3458556235 0.8591413498 0.3771737814 -0.1916462183 -0.4581892192 0.8679483533
147.6 -483.3 2948.2 0.9721816182 0.1630198658 0.1681885272 0.1771021783 -0.0416763425 -0.9833096862 -0.1532895267 0.9857421517 -0.0693881512
66.7 -462.7 2458.8 0.9721816182 -0.2188080102 0.0835817531 0.1771021783 0.9202142358 0.3490566909 -0.1532895267 -0.3245439827 0.9333667755
-133.7 -376.2 2689.1 0 0 0 0 0 0 0 0 0
19.0 -383.0 2630.9 0 0 0 0 0 0 0 0 0
-223.3 -819.4 2657.8 0 0 0 0 0 0 0 0 0
150.3 -814.2 2582.8 0 0 0 0 0 0 0 0 0
-10.9 82.6 2799.2 97 0.9680855870 -0.1238312051 0.2178902924 0.0528626218 0.9507382512 0.3054542840 -0.2449814081 -0.2841876149 0.9269419909
14.3 -110.9 2857.0 0.9680855870 -0.1238312051 0.2178902924 0.0528626218 0.9507382512 0.3054542840 -0.2449814081 -0.2841876149 0.9269419909
38.7 -300.0 2912.7 0.9681150317 -0.1226627827 0.2184195071 0.0526349209 0.9520536661 0.3013691306 -0.2449138612 -0.2802634835 0.9281538725
-127.1 -118.6 2892.8 0.4741642475 -0.8227178454 -0.3135340512 0.8655752540 0.3704470098 0.3369696140 -0.1610831618 -0.4311662614 0.8877769113
-242.7 -329.5 2932.0 -0.4068365991 -0.8227178454 -0.3970129788 0.1460243613 0.3704470098 -0.9173036218 0.9017543197 -0.4311662614 -0.0305745602
155.7 -103.2 2821.2 0.2828243077 0.4450018704 0.8496962786 -0.9329012632 0.3335292041 0.1358438879 -0.2229477316 -0.8311026692 0.5094729662
224.1 -328.7 2767.3 -0.8254877329 0.4450018704 0.3471935391 -0.2070314139 0.3335292041 -0.9197261930 -0.5250790715 -0.8311026692 -0.1831948906
-25.2 -493.8 2991.9 0.9118552804 0.2061142176 -0.3550167084 -0.3602927029 -0.0126544498 -0.9327535033 -0.1967463046 0.9784461260 0.0627224222
-132.8 -487.2 2480.7 0.9118552804 0.2398997545 0.3331186473 -0.3602927029 0.8566066027 0.3693431318 -0.1967463046 -0.4568077028 0.8675353527
152.2 -484.1 2946.2 0.9715743661 0.1714371443 0.1632562429 0.1714967638 -0.0343091525 -0.9845870733 -0.1631936133 0.9845975041 -0.0627348125
67.2 -467.1 2458.2 0.9715743661 -0.2178740203 0.0925970078 0.1714967638 0.9173945785 0.3591324091 -0.1631936133 -0.3330437541 0.9286817312
-136.9 -367.5 2697.4 0 0 0 0 0 0 0 0 0
9.8 -382.4 2631.0 0 0 0 0 0 0 0 0 0
-224.5 -814.5 2655.3 0 0 0 0 0 0 0 0 0
150.5 -817.6 2585.4 0 0 0 0 0 0 0 0 0
-11.7 81.6 2799.5 98 0.9697213769 -0.1249533966 0.2098263502 0.0563085563 0.9504410028 0.3057634234 -0.2376337349 -0.2846902907 0.9286988974
13.7 -111.3 2857.2 0.9697213769 -0.1249533966 0.2098263502 0.0563085563 0.9504410028 0.3057634234 -0.2376337349 -0.2846902907 0.9286988974
37.9 -300.5 2913.2 0.9700214863 -0.1217395365 0.2103278041 0.0539943650 0.9518103600 0.3018966615 -0.2369449586 -0.2814897299 0.9298498034
-128.0 -119.2 2891.9 0.4762190282 -0.8303661942 -0.2893223464 0.8597455025 0.3706398904 0.3513740003 -0.1845346987 -0.4160746038 0.8904094100
-243.8 -328.2 2936.7 -0.3885843158 -0.8303661942 -0.3993672729 0.1499980986 0.3706398904 -0.9165842533 0.9091219902 -0.4160746038 -0.0194715057
155.4 -103.5 2822.6 0.2772081494 0.4289124608 0.8597614765 -0.9293780327 0.3467071354 0.1266911328 -0.2437460423 -0.8341631889 0.4947318435
222.5 -328.3 2763.7 -0.8290387392 0.4289124608 0.3587880135 -0.2156820297 0.3467071354 -0.9128392339 -0.5159224868 -0.8341631889 -0.1949249506
-25.8 -494.1 2990.8 0.9130735993 0.2146333605 -0.3467407227 -0.3531761467 -0.0088766823 -0.9355147481 -0.2038705796 0.9766543508 0.0676983148
-137.2 -489.5 2483.9 0.9130735993 0.2306317538 0.3363117576 -0.3531761467 0.8595318794 0.3694205284 -0.2038705796 -0.4560854137 0.8662695289
151.8 -484.4 2945.9 0.9715484381 0.1726051122 0.1621760726 0.1726540774 -0.0474291220 -0.9838399291 -0.1621239334 0.9838485718 -0.0758806691
65.2 -460.6 2452.4 0.9715484381 -0.2184102237 0.0916000828 0.1726540774 0.9178781509 0.3573377430 -0.1621239334 -0.3313558102 0.9294725060
-142.7 -367.2 2700.2 0 0 0 0 0 0 0 0 0
7.2 -384.3 2629.7 0 0 0 0 0 0 0 0 0
-225.3 -817.9 2658.2 0 0 0 0 0 0 0 0 0
148.7 -811.4 2579.0 0 0 0 0 0 0 0 0 0
-11.1 83.5 2799.6 99 0.9686887264 -0.1446032822 0.2018217295 0.0800884143 0.9514243007 0.2972838283 -0.2350063026 -0.2718119025 0.9332150221
18.3 -109.6 2854.8 0.9686887264 -0.1446032822 0.2018217295 0.0800884143 0.9514243007 0.2972838283 -0.2350063026 -0.2718119025 0.9332150221
47.3 -298.8 2907.9 0.9683853388 -0.1457892656 0.2024235725 0.0820775628 0.9524789453 0.2933379114 -0.2355697155 -0.2674496770 0.9343326688
-123.1 -121.6 2889.2 0.4967425764 -0.8237485290 -0.2732858062 0.8433713913 0.3838211000 0.3760400116 -0.2048695534 -0.4172765017 0.8853862286
-244.4 -327.6 2939.2 -0.3780879974 -0.8237485290 -0.4224781394 0.1765481383 0.3838211000 -0.9063730836 0.9087795019 -0.4172765017 0.0003131184
159.7 -97.7 2820.4 0.2606673837 0.4797911048 0.8377667069 -0.9476351142 0.2929926813 0.1270548105 -0.1844997406 -0.8270161748 0.5310405493
223.9 -330.9 2775.0 -0.8134284019 0.4797911048 0.3288385272 -0.2047372758 0.2929926813 -0.9339367747 -0.5444418192 -0.8270161748 -0.1400974393
-26.9 -494.6 2990.8 0.9144040942 0.2093665451 -0.3464545608 -0.3522569239 -0.0101436274 -0.9358483553 -0.1994496435 0.9777846336 0.0644754395
-135.7 -489.3 2482.8 0.9144040942 0.2310321480 0.3323992491 -0.3522569239 0.8587158322 0.3721856177 -0.1994496435 -0.4574179947 0.8665959835
151.0 -484.7 2947.4 0.9725661278 0.1709419936 0.1577780694 0.1694418043 -0.0558470078 -0.9839565754 -0.1593880653 0.9836970568 -0.0832796320
64.8 -456.5 2451.0 0.9725661278 -0.2142266780 0.0906753242 0.1694418043 0.9194423556 0.3548453152 -0.1593880653 -0.3297463655 0.9305174947
-146.1 -373.5 2702.8 0 0 0 0 0 0 0 0 0
12.7 -384.0 2633.7 0 0 0 0 0 0 0 0 0
-224.0 -817.5 2657.6 0 0 0 0 0 0 0 0 0
146.6 -807.8 2577.0 0 0 0 0 0 0 0 0 0
-11.6 83.2 2799.2 00 0.9698699117 -0.1338531524 0.2035575807 0.0679368079 0.9509943128 0.3016528487 -0.2339592874 -0.2787349522 0.9314343333
15.7 -110.4 2855.9 0.9698699117 -0.1338531524 0.2035575807 0.0679368079 0.9509943128 0.3016528487 -0.2339592874 -0.2787349522 0.9314343333
42.2 -299.6 2910.6 0.9698243737 -0.1334225088 0.2040567845 0.0682612434 0.9520912766 0.2980983555 -0.2340537161 -0.2751738727 0.9324688911
-126.0 -120.4 2890.1 0.4384010732 -0.8237028122 -0.3596083224 0.8970235586 0.3759979904 0.2323235720 -0.0561535805 -0.4244280457 0.9037187696
-228.6 -330.4 2903.3 -0.3682284057 -0.8237028122 -0.4311861396 0.2144955248 0.3759979904 -0.9014528394 0.9046543837 -0.4244280457 0.0382274352
157.3 -100.5 2821.8 0.2738888860 0.4509654641 0.8494792581 -0.9362885952 0.3269581199 0.1283047199 -0.2198831588 -0.8304989338 0.5117840171
223.9 -328.2 2768.3 -0.8189100027 0.4509654641 0.3549881279 -0.2185099125 0.3269581199 -0.9194301367 -0.5306975245 -0.8304989338 -0.1692088544
-12.5 -495.6 2982.7 0.9050976038 0.2461546808 -0.3467076123 -0.3546925485 -0.0126133040 -0.9348978996 -0.2345026284 0.9691484571 0.0758929625
-138.9 -489.1 2485.2 0.9050976038 0.2194449604 0.3642007709 -0.3546925485 0.8620366454 0.3620579541 -0.2345026284 -0.4568770826 0.8580628633
165.0 -480.5 2939.5 0.9670529962 0.2017472535 0.1552628875 0.1672194004 -0.0435325392 -0.9849581718 -0.1919536293 0.9784697294 -0.0758343264
64.3 -458.8 2451.2 0.9670529962 -0.2238931209 0.1211626753 0.1672194004 0.9175240397 0.3608148396 -0.1919536293 -0.3286663294 0.9247336388
-132.9 -386.2 2668.0 0 0 0 0 0 0 0 0 0
11.3 -384.9 2630.5 0 0 0 0 0 0 0 0 0
-222.7 -818.5 2659.8 0 0 0 0 0 0 0 0 0
149.9 -809.4 2576.8 0 0 0 0 0 0 0 0 0
-11.2 82.9 2809.0 01 0.9679948688 -0.1378381997 0.2097297758 0.0800862908 0.9616376758 0.2623722553 -0.2378489673 -0.2371785343 0.9418992400
16.7 -111.7 2857.0 0.9679948688 -0.1378381997 0.2097297758 0.0800862908 0.9616376758 0.2623722553 -0.2378489673 -0.2371785343 0.9418992400
43.5 -302.8 2903.5 0.9682784081 -0.1351339221 0.2101802528 0.0780874044 0.9626626968 0.2591966987 -0.2373589426 -0.2345621437 0.9426777363
-124.8 -123.1 2891.6 0.4375465810 -0.8006612659 -0.4092609584 0.8991626501 0.3934914172 0.1914968938 0.0077165258 -0.4517809749 0.8920955062
-226.7 -332.6 2889.8 -0.3962578475 -0.8006612659 -0.4493564963 0.2177746147 0.3934914172 -0.8931621909 0.8919382691 -0.4517809749 0.0184396356
158.1 -100.3 2822.3 0.2610813081 0.4367036223 0.8608870506 -0.9325532317 0.3444778323 0.1080716774 -0.2493612170 -0.8310384750 0.4971860945
222.3 -329.5 2761.0 -0.8202088475 0.4367036223 0.3695231974 -0.2269892395 0.3444778323 -0.9109395742 -0.5251031518 -0.8310384750 -0.1834167540
-20.2 -495.0 2986.7 0.9110183716 0.2262119651 -0.3447806835 -0.3477508128 -0.0279001389 -0.9371717572 -0.2216188908 0.9736784697 0.0532478541
-137.2 -480.5 2483.3 0.9110183716 0.2200635672 0.3487371504 -0.3477508128 0.8645006418 0.3629159927 -0.2216188908 -0.4518967569 0.8641031981
157.6 -482.4 2943.8 0.9685750008 0.1842629910 0.1670617610 0.1791346669 -0.0508261397 -0.9825108051 -0.1725492775 0.9815619588 -0.0822368190
65.5 -457.0 2453.0 0.9685750008 -0.2282039076 0.0989214852 0.1791346669 0.9159579277 0.3590707779 -0.1725492775 -0.3300667107 0.9280532002
-123.7 -389.2 2657.9 0 0 0 0 0 0 0 0 0
9.2 -388.5 2624.6 0 0 0 0 0 0 0 0 0
-221.3 -810.9 2656.0 0 0 0 0 0 0 0 0 0
152.7 -807.0 2579.2 0 0 0 0 0 0 0 0 0
-10.3 83.8 2802.9 02 0.9549999833 -0.1570524275 0.2516138852 0.0860618800 0.9585393071 0.2716536820 -0.2838456631 -0.2377749085 0.9289212823
25.7 -135.7 2857.3 0.9549999833 -0.1570524275 0.2516138852 0.0860618800 0.9585393071 0.2716536820 -0.2838456631 -0.2377749085 0.9289212823
31.4 -327.2 2905.1 0.9665636420 -0.0291569196 0.2547638714 -0.0337272957 0.9704281092 0.2390224040 -0.2541992068 -0.2396228611 0.9369971752
-114.6 -130.8 2894.4 0.4560843110 -0.7354848385 -0.5010480285 0.8804798126 0.4547836185 0.1338924319 0.1293925941 -0.5022289157 0.8549992442
-225.1 -344.1 2863.0 -0.4808830619 -0.7354848385 -0.4772981405 0.1717938632 0.4547836185 -0.8738756776 0.8597897291 -0.5022289157 -0.0923459679
165.9 -140.6 2820.3 0.1858427376 0.3874817789 0.9029509425 -0.9127686024 0.4082807899 0.0126585560 -0.3637525439 -0.8265377879 0.4295572340
205.9 -337.1 2741.9 -0.8313863277 0.3874817789 0.3983147442 -0.2326221168 0.4082807899 -0.8827195168 -0.5046619773 -0.8265377879 -0.2493022233
-29.3 -504.9 2975.7 0.9115009904 0.2082629651 -0.3546723723 -0.3532859981 -0.0451109521 -0.9344270825 -0.2106061727 0.9770320058 0.0324577130
-133.4 -482.3 2487.4 0.9115009904 0.2332143933 0.3387875557 -0.3532859981 0.8657212853 0.3545640111 -0.2106061727 -0.4428743422 0.8714972138
142.3 -502.7 2932.7 0.9725453854 0.1592923552 0.1696507782 0.1887147427 -0.1132704541 -0.9754775763 -0.1361697018 0.9807118773 -0.1402214766
64.3 -447.3 2452.4 0.9725453854 -0.2231781632 0.0659313425 0.1887147427 0.9221337438 0.3377220035 -0.1361697018 -0.3160077631 0.9389339089
-100.6 -388.6 2640.5 0 0 0 0 0 0 0 0 0
-10.0 -397.5 2610.9 0 0 0 0 0 0 0 0 0
-222.5 -813.1 2656.6 0 0 0 0 0 0 0 0 0
149.5 -799.6 2573.1 0 0 0 0 0 0 0 0 0
-9.9 82.7 2801.3 03 0.9634375572 -0.1426162124 0.2268231362 0.0726781785 0.9539319873 0.2910870612 -0.2578875721 -0.2639591098 0.9294189811
21.0 -123.7 2858.4 0.9634375572 -0.1426162124 0.2268231362 0.0726781785 0.9539319873 0.2910870612 -0.2578875721 -0.2639591098 0.9294189811
36.7 -313.6 2911.5 0.9703134894 -0.0797185898 0.2283346206 0.0134733692 0.9604656100 0.2780724466 -0.2414750904 -0.2667410076 0.9330267906
-120.1 -125.8 2893.8 0.4393854141 -0.7401889563 -0.5089801550 0.8911697268 0.4304174185 0.1433783919 0.1129468083 -0.5165860653 0.8487531543
-231.1 -350.9 2865.2 -0.5117264986 -0.7401889563 -0.4361838102 0.1377850622 0.4304174185 -0.8920516372 0.8480278850 -0.5165860653 -0.1182690114
162.1 -121.7 2823.1 0.0968280584 0.3653058708 0.9258379936 -0.9053915143 0.4186820686 -0.0705087930 -0.4133890271 -0.8314186335 0.3712850213
186.2 -347.6 2719.9 -0.8576810956 0.3653058708 0.3618490696 -0.1957971007 0.4186820686 -0.8867743611 -0.4754436314 -0.8314186335 -0.2875698507
-46.3 -511.7 2980.8 0.9217714667 0.1777030230 -0.3446143568 -0.3400349021 -0.0565989129 -0.9387080669 -0.1863160580 0.9824551940 0.0082539683
-135.3 -483.3 2488.5 0.9217714667 0.2297807932 0.3123110533 -0.3400349021 0.8661170006 0.3663572371 -0.1863160580 -0.4438942969 0.8764953613
133.5 -510.9 2938.1 0.9733903408 0.1392848045 0.1819643676 0.1977668554 -0.1094884574 -0.9741152525 -0.1157564521 0.9841808677 -0.1341209263
65.2 -457.1 2455.3 0.9733903408 -0.2250606120 0.0431162044 0.1977668554 0.9201093316 0.3380637169 -0.1157564521 -0.3205409944 0.9401350617
-98.4 -386.7 2645.3 0 0 0 0 0 0 0 0 0
-36.3 -398.4 2596.6 0 0 0 0 0 0 0 0 0
-223.2 -814.3 2658.1 0 0 0 0 0 0 0 0 0
151.2 -808.7 2577.8 0 0 0 0 0 0 0 0 0
-10.8 83.7 2801.0 04 0.9673904181 -0.1283725500 0.2183489949 0.0591508858 0.9527137876 0.2980563343 -0.2462863475 -0.2754212916 0.9292395711
16.2 -116.5 2858.9 0.9673904181 -0.1283725500 0.2183489949 0.0591508858 0.9527137876 0.2980563343 -0.2462863475 -0.2754212916 0.9292395711
35.4 -305.9 2913.9 0.9708601236 -0.0969834551 0.2191455662 0.0297604352 0.9561660290 0.2913089395 -0.2377916873 -0.2762983739 0.9311897159
-125.3 -120.8 2893.7 0.4221981764 -0.7682580352 -0.4811738431 0.9006158710 0.4158860743 0.1262133718 0.1031490639 -0.4866398573 0.8674917221
-235.0 -354.8 2866.9 -0.4960551560 -0.7682580352 -0.4046095312 0.0937226638 0.4158860743 -0.9045743942 0.8632180095 -0.4866398573 -0.1342992336
157.6 -112.1 2824.1 0.1166659147 0.3600448966 0.9256115556 -0.9114279747 0.4090740681 -0.0442436710 -0.3945733905 -0.8384665251 0.3758799732
187.6 -346.3 2722.7 -0.8630230427 0.3600448966 0.3543429375 -0.1953132153 0.4090740681 -0.8913535476 -0.4658797979 -0.8384665251 -0.2827188075
-33.8 -502.7 2989.2 0.9145846963 0.1942894161 -0.3546639383 -0.3546988368 -0.0358147658 -0.9342944026 -0.1942257136 0.9802902341 0.0361585878
-133.6 -484.3 2485.7 0.9145846963 0.2388365716 0.3263310790 -0.3546988368 0.8613512516 0.3636795282 -0.1942257136 -0.4483649731 0.8724936843
145.1 -496.7 2946.7 0.9719814062 0.1611893475 0.1710851789 0.1877680570 -0.0945834890 -0.9776487947 -0.1414047331 0.9823807478 -0.1221996024
64.2 -449.2 2453.5 0.9719814062 -0.2235966921 0.0725028664 0.1877680570 0.9241310954 0.3327535093 -0.1414047331 -0.3098165095 0.9402225614
-106.3 -379.1 2642.9 0 0 0 0 0 0 0 0 0
-36.5 -397.0 2601.8 0 0 0 0 0 0 0 0 0
-224.9 -813.4 2657.1 0 0 0 0 0 0 0 0 0
149.7 -802.3 2571.9 0 0 0 0 0 0 0 0 0
-10.5 83.3 2799.4 05 0.9666662216 -0.1274587065 0.2220601737 0.0560142510 0.9515541792 0.3023360074 -0.2498376369 -0.2798194587 0.9269747734
15.8 -112.6 2857.0 0.9666662216 -0.1274587065 0.2220601737 0.0560142510 0.9515541792 0.3023360074 -0.2498376369 -0.2798194587 0.9269747734
37.7 -302.0 2912.2 0.9685658216 -0.1105080917 0.2228636444 0.0408000052 0.9543468952 0.2959009707 -0.2453886718 -0.2775067091 0.9288564920
-125.5 -118.6 2892.9 0.4438129961 -0.7589980960 -0.4763947725 0.8929734826 0.4190894067 0.1642024368 0.0750226676 -0.4982830584 0.8637624383
-236.5 -341.8 2874.1 -0.4807802737 -0.7589980960 -0.4390583634 0.1553231478 0.4190894067 -0.8945606947 0.8629745245 -0.4982830584 -0.0835999474
157.1 -106.6 2821.1 0.1544634998 0.3781006932 0.9127874374 -0.9227151871 0.3854663074 -0.0035268583 -0.3531823158 -0.8416980505 0.4084196985
196.5 -342.1 2731.0 -0.8582264185 0.3781006932 0.3471127450 -0.1949522346 0.3854663074 -0.9018920660 -0.4748062789 -0.8416980505 -0.2571057975
-33.1 -497.1 2991.8 0.9160035253 0.1964304894 -0.3497893810 -0.3515343070 -0.0270850658 -0.9357830882 -0.1932904124 0.9801436067 0.0442420393
-134.2 -483.2 2487.5 0.9160035253 0.2392621785 0.3220111132 -0.3515343070 0.8654641509 0.3569250107 -0.1932904124 -0.4401425123 0.8768770695
145.5 -489.9 2949.1 0.9687020183 0.1695517600 0.1812969893 0.1978406012 -0.0862534046 -0.9764320254 -0.1499182731 0.9817395806 -0.1170980632
60.0 -446.4 2454.5 0.9687020183 -0.2353257835 0.0789820924 0.1978406012 0.9241163135 0.3269069791 -0.1499182731 -0.3010495901 0.9417502880
-111.8 -382.0 2650.3 0 0 0 0 0 0 0 0 0
-26.4 -392.7 2607.7 0 0 0 0 0 0 0 0 0
-225.6 -813.9 2655.7 0 0 0 0 0 0 0 0 0
149.9 -799.5 2569.5 0 0 0 0 0 0 0 0 0
-9.8 80.3 2800.1 06 0.9691122174 -0.1229142249 0.2138073146 0.0524900444 0.9498868585 0.3081553578 -0.2409694493 -0.2874143720 0.9269987941
15.2 -112.8 2858.5 0.9691122174 -0.1229142249 0.2138073146 0.0524900444 0.9498868585 0.3081553578 -0.2409694493 -0.2874143720 0.9269987941
37.6 -301.9 2914.8 0.9702038765 -0.1124690697 0.2146046162 0.0436677411 0.9523985982 0.3017119169 -0.2383223921 -0.2833507657 0.9289320707
-126.4 -119.2 2893.4 0.4539290965 -0.7770901918 -0.4359807372 0.8909703493 0.4018700123 0.2113582194 0.0109631848 -0.4843875468 0.8747848272
-238.1 -338.4 2890.7 -0.4559097886 -0.7770901918 -0.4339090884 0.1711667776 0.4018700123 -0.8995568156 0.8734118342 -0.4843875468 -0.0502044521
156.9 -106.4 2823.7 0.2055928856 0.4264528751 0.8808345795 -0.9294160604 0.3669369817 0.0392809473 -0.3064592779 -0.8267377019 0.4717917740
207.6 -336.0 2748.0 -0.8311812878 0.4264528751 0.3567571342 -0.2015310973 0.3669369817 -0.9081533551 -0.5181919932 -0.8267377019 -0.2190476209
-28.5 -494.6 2990.4 0.9125226140 0.2081258893 -0.3521165252 -0.3562220335 -0.0186983123 -0.9342142344 -0.2010181546 0.9779233336 0.0570763908
-135.2 -485.0 2489.4 0.9125226140 0.2426689863 0.3292630911 -0.3562220335 0.8671123385 0.3481695652 -0.2010181546 -0.4350033700 0.8777036667
149.4 -486.2 2945.9 0.9693200588 0.1759321839 0.1716580987 0.1867284775 -0.0729014724 -0.9797029495 -0.1598471403 0.9816991687 -0.1035164073
62.2 -450.1 2459.8 0.9693200588 -0.2269698679 0.0943573639 0.1867284775 0.9295844436 0.3178131282 -0.1598471403 -0.2904434204 0.9434466362
-119.7 -382.9 2663.8 0 0 0 0 0 0 0 0 0
-8.0 -388.3 2613.6 0 0 0 0 0 0 0 0 0
-227.9 -816.3 2655.6 0 0 0 0 0 0 0 0 0
149.0 -805.3 2570.8 0 0 0 0 0 0 0 0 0
-9.1 82.1 2801.4 07 0.9698740244 -0.1173653156 0.2134708017 0.0492747054 0.9526928663 0.2999138236 -0.2385715842 -0.2803599238 0.9297751784
14.8 -112.3 2858.6 0.9698740244 -0.1173653156 0.2134708017 0.0492747054 0.9526928663 0.2999138236 -0.2385715842 -0.2803599238 0.9297751784
36.9 -301.9 2913.5 0.9704430103 -0.1113055274 0.2141296268 0.0445289388 0.9546386003 0.2944186330 -0.2371868193 -0.2761815488 0.9313786626
-126.9 -118.8 2893.3 0.4523686171 -0.7691532969 -0.4514043033 0.8914400339 0.4049577415 0.2033319324 0.0264062509 -0.4943808615 0.8688442111
-234.7 -331.2 2887.0 -0.4545189738 -0.7691532969 -0.4492390156 0.1971680522 0.4049577415 -0.8928235769 0.8686410189 -0.4943808615 -0.0324085355
156.5 -105.7 2824.0 0.2379951924 0.4591465890 0.8558870554 -0.9371089935 0.3401907980 0.0780827105 -0.2553135157 -0.8206428289 0.5112341642
214.1 -332.4 2762.2 -0.8140061498 0.4591465890 0.3557785749 -0.2088503540 0.3401907980 -0.9168706536 -0.5420106053 -0.8206428289 -0.1810244769
-28.8 -494.8 2993.3 0.9146987796 0.2079741061 -0.3465154171 -0.3506934345 -0.0176550020 -0.9363238811 -0.2008488476 0.9779750109 0.0567861460
-137.3 -485.6 2482.8 0.9146987796 0.2283872217 0.3334147930 -0.3506934345 0.8585751057 0.3739824295 -0.2008488476 -0.4590076506 0.8654315472
149.3 -486.4 2949.8 0.9693313837 0.1750687212 0.1724750400 0.1872088611 -0.0713382289 -0.9797263145 -0.1592153758 0.9819683433 -0.1019247994
61.8 -450.7 2459.1 0.9693313837 -0.2275771350 0.0927649885 0.1872088611 0.9283198118 0.3212088645 -0.1592153758 -0.2939914167 0.9424539804
-116.6 -382.5 2661.2 0 0 0 0 0 0 0 0 0
2.8 -386.6 2621.5 0 0 0 0 0 0 0 0 0
-224.6 -813.6 2658.1 0 0 0 0 0 0 0 0 0
148.8 -805.4 2571.5 0 0 0 0 0 0 0 0 0
-10.1 82.8 2800.1 08 0.9705267549 -0.1186185777 0.2097794116 0.0506774224 0.9514677525 0.3035472333 -0.2356046885 -0.2839696407 0.9294362068
14.0 -110.8 2857.9 0.9705267549 -0.1186185777 0.2097794116 0.0506774224 0.9514677525 0.3035472333 -0.2356046885 -0.2839696407 0.9294362068
36.8 -300.2 2913.3 0.9708701968 -0.1144529432 0.2105032504 0.0478707440 0.9534800053 0.2976311147 -0.2347753942 -0.2788842320 0.9311842322
-127.8 -117.8 2892.2 0.4475141168 -0.7691191435 -0.4562749863 0.8937339187 0.4024258852 0.1982249469 0.0311582554 -0.4964968860 0.8674790859
-232.9 -327.7 2884.9 -0.4486225843 -0.7691191435 -0.4551851451 0.2133481652 0.4024258852 -0.8902449012 0.8678826690 -0.4964968860 -0.0164471753
155.8 -103.8 2823.6 0.2495010942 0.4461073577 0.8594983816 -0.9328819513 0.3488200307 0.0897545442 -0.2597700655 -0.8242043853 0.5031964779
216.2 -329.6 2760.7 -0.8161731362 0.4461073577 0.3672187626 -0.2193011343 0.3488200307 -0.9111704826 -0.5345730782 -0.8242043853 -0.1868656874
-29.8 -495.5 2990.3 0.9169939160 0.2055600435 -0.3418585360 -0.3458649218 -0.0172704663 -0.9381253719 -0.1987451464 0.9784920812 0.0552591011
-136.6 -486.5 2481.8 0.9169939160 0.2260485590 0.3286703825 -0.3458649218 0.8610635400 0.3727559745 -0.1987451464 -0.4554904997 0.8677722812
148.3 -487.1 2946.9 0.9687322974 0.1771496832 0.1737114489 0.1910102516 -0.0856636614 -0.9778429270 -0.1583438069 0.9804487228 -0.1168225706
59.9 -444.3 2457.7 0.9687322974 -0.2304980159 0.0918060392 0.1910102516 0.9290110469 0.3169441223 -0.1583438069 -0.2894981205 0.9439905286
-116.2 -383.2 2659.2 0 0 0 0 0 0 0 0 0
4.3 -386.6 2621.9 0 0 0 0 0 0 0 0 0
-223.0 -815.5 2655.8 0 0 0 0 0 0 0 0 0
147.9 -799.3 2568.3 0 0 0 0 0 0 0 0 0
-9.8 83.0 2798.9 09 0.9726861715 -0.1127529442 0.2029000372 0.0459048785 0.9502749443 0.3080101013 -0.2275398672 -0.2902830541 0.9294952154
13.1 -110.8 2858.1 0.9726861715 -0.1127529442 0.2029000372 0.0459048785 0.9502749443 0.3080101013 -0.2275398672 -0.2902830541 0.9294952154
34.9 -300.0 2914.7 0.9729094505 -0.1095169485 0.2036006451 0.0439934246 0.9522880912 0.3020131588 -0.2269620299 -0.2848743796 0.9313081503
-129.0 -117.2 2891.3 0.4564747810 -0.8001248837 -0.3891412616 0.8862882853 0.3704415858 0.2779677510 -0.0782548189 -0.4717766345 0.8782385588
-237.6 -328.1 2909.9 -0.4244489372 -0.8001248837 -0.4238434434 0.2060948610 0.3704415858 -0.9057030082 0.8816847801 -0.4717766345 0.0076680956
155.3 -104.3 2825.0 0.2620712221 0.4517520964 0.8527829051 -0.9318539500 0.3482308090 0.1018994600 -0.2509319782 -0.8213740587 0.5122282505
218.2 -328.1 2764.7 -0.8114992976 0.4517520964 0.3706601262 -0.2221208364 0.3482308090 -0.9107127190 -0.5404916406 -0.8213740587 -0.1822454929
-29.5 -494.0 2990.3 0.9179711342 0.2046830654 -0.3397556245 -0.3448597193 -0.0113277100 -0.9385858774 -0.1959612817 0.9787627459 0.0601884313
-135.3 -488.2 2484.2 0.9179711342 0.2281245589 0.3244814873 -0.3448597193 0.8631812334 0.3687680662 -0.1959612817 -0.4504190385 0.8710464239
148.7 -485.1 2947.3 0.9660775661 0.1789301336 0.1862206012 0.2011367530 -0.0690349564 -0.9771274924 -0.1619818211 0.9814367890 -0.1026825532
59.4 -450.7 2457.8 0.9660775661 -0.2421206385 0.0898426622 0.2011367530 0.9236233830 0.3262879252 -0.1619818211 -0.2971487939 0.9409912229
-127.2 -381.7 2680.6 0 0 0 0 0 0 0 0 0
7.4 -385.8 2624.3 0 0 0 0 0 0 0 0 0
-222.5 -818.0 2656.3 0 0 0 0 0 0 0 0 0
151.9 -803.6 2571.3 0 0 0 0 0 0 0 0 0
-10.5 82.7 2799.3 10 0.9708889127 -0.1160515174 0.2095395476 0.0467895530 0.9498270154 0.3092562258 -0.2349159718 -0.2904491723 0.9276064634
13.1 -110.8 2858.5 0.9708889127 -0.1160515174 0.2095395476 0.0467895530 0.9498270154 0.3092562258 -0.2349159718 -0.2904491723 0.9276064634
35.5 -300.0 2915.2 0.9711580873 -0.1124789193 0.2102390379 0.0445494354 0.9518099427 0.3034355938 -0.2342377156 -0.2853178978 0.9293687940
-128.8 -117.4 2892.7 0.4650190473 -0.8309840560 -0.3053240776 0.8653404713 0.3538255394 0.3549553752 -0.1869307905 -0.4292702675 0.8836197853
-242.4 -328.9 2938.4 -0.3822772801 -0.8309840560 -0.4041405320 0.1973953992 0.3538255394 -0.9142442346 0.9027176499 -0.4292702675 0.0287729595
155.0 -104.3 2824.3 0.2690120637 0.4478980005 0.8526546359 -0.9322808981 0.3433832526 0.1137554720 -0.2418364584 -0.8255152106 0.5099409819
219.6 -328.4 2766.2 -0.8196128607 0.4478980005 0.3572424054 -0.2112267762 0.3433832526 -0.9151345491 -0.5325579643 -0.8255152106 -0.1868332773
-32.5 -493.2 2992.2 0.9178612232 0.1970223337 -0.3445474207 -0.3529921174 0.0083389720 -0.9355891347 -0.1814587861 0.9803635478 0.0772013515
-134.8 -497.5 2483.2 0.9178612232 0.2372929007 0.3181553185 -0.3529921174 0.8545281887 0.3810224235 -0.1814587861 -0.4620320499 0.8681008816
145.9 -485.1 2950.6 0.9683437347 0.1656350046 0.1867497265 0.1989230514 -0.0600879565 -0.9781712890 -0.1507979929 0.9843548536 -0.0911344141
62.9 -454.9 2457.0 0.9683437347 -0.2372512966 0.0776030868 0.1989230514 0.9212445617 0.3342724741 -0.1507979929 -0.3082535863 0.9392761588
-143.1 -380.2 2703.8 0 0 0 0 0 0 0 0 0
6.7 -383.3 2627.8 0 0 0 0 0 0 0 0 0
-225.5 -824.0 2659.7 0 0 0 0 0 0 0 0 0
153.5 -806.9 2574.8 0 0 0 0 0 0 0 0 0
-10.8 82.8 2810.6 11 0.9686200619 -0.1101978272 0.2227815986 0.0469269566 0.9613016248 0.2714719772 -0.2440759391 -0.2524987459 0.9363072515
11.4 -111.6 2861.6 0.9686200619 -0.1101978272 0.2227815986 0.0469269566 0.9613016248 0.2714719772 -0.2440759391 -0.2524987459 0.9363072515
32.6 -302.6 2911.3 0.9689548016 -0.1065264642 0.2231113762 0.0439557470 0.9622637630 0.2685448825 -0.2432991415 -0.2504008412 0.9370725155
-130.1 -118.0 2897.2 0.4532864094 -0.8057586551 -0.3811619878 0.8896290660 0.3822810054 0.2498427182 -0.0556019470 -0.4523430765 0.8901090622
-236.4 -326.7 2910.2 -0.3893690407 -0.8057586551 -0.4462563992 0.2335692793 0.3822810054 -0.8940395117 0.8909754157 -0.4523430765 0.0393520854
153.0 -105.1 2826.1 0.2890059948 0.4378942847 0.8513072729 -0.9276050329 0.3479550183 0.1359273046 -0.2366948575 -0.8289607167 0.5067540407
222.6 -328.6 2769.0 -0.8271378279 0.4378942847 0.3522664607 -0.2053651810 0.3479550183 -0.9147417545 -0.5231330395 -0.8289607167 -0.1978785098
-31.2 -493.2 2993.4 0.9174095392 0.1944333464 -0.3472109139 -0.3516513109 -0.0123354318 -0.9360497594 -0.1862822920 0.9808381796 0.0570560992
-132.6 -486.7 2482.1 0.9174095392 0.2384307086 0.3186071813 -0.3516513109 0.8605128527 0.3685904741 -0.1862822920 -0.4501870573 0.8732872009
146.9 -485.0 2950.5 0.9676610231 0.1737933457 0.1828333437 0.1967648864 -0.0664886609 -0.9781936407 -0.1578471959 0.9825350642 -0.0985349119
59.5 -451.5 2456.1 0.9676610231 -0.2374432385 0.0851637796 0.1967648864 0.9217424393 0.3341772854 -0.1578471959 -0.3066130877 0.9386547208
-135.2 -387.4 2678.6 0 0 0 0 0 0 0 0 0
7.7 -382.0 2633.1 0 0 0 0 0 0 0 0 0
-223.7 -815.5 2654.1 0 0 0 0 0 0 0 0 0
150.2 -803.7 2573.3 0 0 0 0 0 0 0 0 0
-10.5 84.1 2804.2 12 0.9683693647 -0.1061643362 0.2258093953 0.0383787341 0.9575744271 0.2856190503 -0.2465518713 -0.2679184675 0.9313602448
11.0 -109.8 2858.4 0.9683693647 -0.1061643362 0.2258093953 0.0383787341 0.9575744271 0.2856190503 -0.2465518713 -0.2679184675 0.9313602448
31.4 -300.1 2911.3 0.9686961770 -0.1025743112 0.2260668278 0.0353790410 0.9583915472 0.2832560837 -0.2457153350 -0.2663910687 0.9320191741
-130.5 -115.0 2894.3 0.4227318764 -0.7996011972 -0.4265391529 0.9060803056 0.3821462095 0.1816115826 0.0177834779 -0.4632517397 0.8860483170
-229.5 -327.2 2890.1 -0.4162100554 -0.7996011972 -0.4329054058 0.2034315765 0.3821462095 -0.9014320970 0.8862193823 -0.4632517397 0.0036110489
152.6 -104.6 2822.5 0.2986558676 0.4539065063 0.8395079374 -0.9295651317 0.3375681043 0.1481769681 -0.2161325961 -0.8246312141 0.5227523446
224.9 -329.7 2770.2 -0.8212826252 0.4539065063 0.3456352055 -0.2004878223 0.3375681043 -0.9197023511 -0.5341342688 -0.8246312141 -0.1862360835
-35.2 -497.8 2983.4 0.9175959826 0.1920226067 -0.3480588198 -0.3491217494 -0.0293965191 -0.9366161823 -0.1900831908 0.9809501171 0.0400651433
-132.8 -482.8 2484.8 0.9175959826 0.2377769947 0.3185588121 -0.3491217494 0.8652527928 0.3597938716 -0.1900831908 -0.4413612187 0.8769655824
142.6 -489.7 2938.8 0.9666699767 0.1695397496 0.1918474138 0.2053487748 -0.0658938065 -0.9764680862 -0.1529085934 0.9833179712 -0.0985123441
59.6 -457.4 2457.5 0.9666699767 -0.2442593873 0.0767235830 0.2053487748 0.9186736345 0.3374472857 -0.1529085934 -0.3104450703 0.9382125735
-121.3 -380.1 2659.8 0 0 0 0 0 0 0 0 0
11.5 -381.8 2631.4 0 0 0 0 0 0 0 0 0
-223.6 -813.4 2653.4 0 0 0 0 0 0 0 0 0
152.9 -808.5 2576.1 0 0 0 0 0 0 0 0 0
-11.8 83.4 2802.0 13 0.9652967453 -0.1157204807 0.2341174930 0.0427125245 0.9543527961 0.2956118286 -0.2576390207 -0.2753534019 0.9261763692
11.6 -109.5 2857.6 0.9652967453 -0.1157204807 0.2341174930 0.0427125245 0.9543527961 0.2956118286 -0.2576390207 -0.2753534019 0.9261763692
33.3 -299.3 2912.1 0.9659643173 -0.1093269512 0.2344366014 0.0370471328 0.9554238915 0.2929038107 -0.2560086250 -0.2742494345 0.9269556999
-129.5 -114.9 2895.0 0.4498282373 -0.8281528354 -0.3343911171 0.8823046088 0.3539822698 0.3102178872 -0.1385392845 -0.4345795810 0.8899142742
-238.4 -328.5 2928.6 -0.3946662843 -0.8281528354 -0.3979967237 0.1822757572 0.3539822698 -0.9173178673 0.9005631804 -0.4345795810 0.0112473248
152.7 -104.1 2820.2 0.2994726598 0.4431045055 0.8449701071 -0.9275764227 0.3425991535 0.1490899324 -0.2234236300 -0.8284227252 0.5136123896
224.9 -327.7 2766.4 -0.8214673996 0.4431045055 0.3589564264 -0.2148462385 0.3425991535 -0.9145856500 -0.5282351971 -0.8284227252 -0.1862346828
-37.1 -493.8 2986.8 0.9195190668 0.1858294457 -0.3463411033 -0.3483340442 -0.0228884015 -0.9370909929 -0.1820662916 0.9823154211 0.0436843969
-132.8 -482.0 2480.5 0.9195190668 0.2373742610 0.3132701516 -0.3483340442 0.8613592982 0.3697615564 -0.1820662916 -0.4491254389 0.8747217655
140.6 -487.2 2941.7 0.9670923948 0.1650134474 0.1936566234 0.2056987137 -0.0591517352 -0.9768260121 -0.1497343034 0.9845159650 -0.0911482498
59.5 -458.2 2457.8 0.9670923948 -0.2439719439 0.0721804425 0.2056987137 0.9167158008 0.3425203562 -0.1497343034 -0.3164013922 0.9367336035
-135.8 -375.9 2694.5 0 0 0 0 0 0 0 0 0
11.4 -383.5 2629.2 0 0 0 0 0 0 0 0 0
-223.5 -811.1 2652.1 0 0 0 0 0 0 0 0 0
152.7 -808.5 2578.7 0 0 0 0 0 0 0 0 0
-12.8 82.6 2810.9 14 0.9621459842 -0.1262817383 0.2415118814 0.0582739525 0.9610013962 0.2703340352 -0.2662315071 -0.2460269630 0.9319825768
12.6 -110.7 2860.3 0.9621459842 -0.1262817383 0.2415118814 0.0582739525 0.9610013962 0.2703340352 -0.2662315071 -0.2460269630 0.9319825768
36.1 -301.6 2909.6 0.9631560445 -0.1182445809 0.2415547073 0.0503327884 0.9615446329 0.2699972689 -0.2641913593 -0.2478913963 0.9320690632
-128.1 -118.0 2898.9 0.4700399637 -0.8268068433 -0.3089544177 0.8702533245 0.3756746948 0.3186341226 -0.1473825276 -0.4186393619 0.8961135149
-241.3 -327.6 2934.4 -0.3888539672 -0.8268068433 -0.4064271152 0.1560233682 0.3756746948 -0.9135234952 0.9079918861 -0.4186393619 -0.0170814078
