25.5 101.8 2809.0 6 0.9754450917 -0.0044153491 0.2201984227 -0.0517527610 0.9672095776 0.2486509234 -0.2140759081 -0.2539412081 0.9432313442
26.4 -95.1 2860.7 0.9754450917 -0.0044153491 0.2201984227 -0.0517527610 0.9672095776 0.2486509234 -0.2140759081 -0.2539412081 0.9432313442
26.7 -287.5 2910.0 0.9754498005 -0.0014718068 0.2202168703 -0.0533050373 0.9686636925 0.2425884902 -0.2136731297 -0.2483715713 0.9448044300
-116.0 -87.3 2891.9 0.3921658993 -0.8611761332 -0.3233907819 0.9184194207 0.3864454925 0.0846502855 0.0520741083 -0.3302053213 0.9424716234
-216.9 -323.4 2878.5 -0.2128372788 -0.8611761332 -0.4616015255 0.3157864511 0.3864454925 -0.8665672541 0.9246508479 -0.3302053213 0.1896977574
168.9 -102.9 2829.5 0.2054055184 0.8198105097 0.5345272422 -0.9607453346 0.2729826272 -0.0494860373 -0.1864858121 -0.5033798218 0.8437012434
216.6 -326.3 2786.1 -0.4296504855 0.8198105097 0.3785646856 -0.2879094779 0.2729826272 -0.9179262519 -0.8558671474 -0.5033798218 0.1187440753
-55.6 -474.6 2981.9 0.9356002212 0.1497210264 -0.3197434545 -0.3323763013 0.0680797175 -0.9406865239 -0.1190725043 0.9863816500 0.1134591177
-132.8 -509.7 2473.5 0.9356002212 0.2102089822 0.2836625576 -0.3323763013 0.7953756452 0.5068565607 -0.1190725043 -0.5684977770 0.8140221238
122.8 -483.8 2940.6 0.9596592188 0.1571435928 0.2331525832 0.2335022539 0.0164955612 -0.9722163081 -0.1566235572 0.9874379635 -0.0208632667
45.0 -492.0 2452.1 0.9596592188 -0.2790365219 0.0345376767 0.2335022539 0.8593674898 0.4549332559 -0.1566235572 -0.4285162687 0.8898555636
-156.4 -413.2 2615.7 0 0 0 0 0 0 0 0 0
96.0 -407.1 2545.9 0 0 0 0 0 0 0 0 0
-213.1 -813.6 2690.7 0 0 0 0 0 0 0 0 0
151.7 -820.4 2615.8 0 0 0 0 0 0 0 0 0
33.4 108.5 2805.9 7 0.9760017395 0.0137802679 0.2173262835 -0.0677623376 0.9676668048 0.2429593503 -0.2069513947 -0.2518552840 0.9453782439
30.5 -90.0 2857.5 0.9760017395 0.0137802679 0.2173262835 -0.0677623376 0.9676668048 0.2429593503 -0.2069513947 -0.2518552840 0.9453782439
27.6 -282.5 2906.5 0.9760077000 0.0145966010 0.2172460854 -0.0673535988 0.9690532684 0.2374852896 -0.2070565522 -0.2464197725 0.9467865825
-112.0 -80.1 2887.8 0.3891528249 -0.8670142889 -0.3112014234 0.9195824862 0.3854857087 0.0759524181 0.0541118681 -0.3157324791 0.9473040104
-213.0 -318.8 2873.7 -0.1859327704 -0.8670142889 -0.4622934461 0.3375874162 0.3854857087 -0.8587406278 0.9227479100 -0.3157324791 0.2210186720
173.1 -99.8 2827.3 0.1851146519 0.8321155310 0.5227966309 -0.9680670500 0.2459252477 -0.0486514829 -0.1690525413 -0.4970960617 0.8510680199
216.3 -326.1 2787.8 -0.4278779030 0.8321155310 0.3528515697 -0.2855838835 0.2459252477 -0.9262627363 -0.8575327396 -0.4970960617 0.1324127913
-62.4 -475.1 2978.9 0.9420762658 0.1470002681 -0.3014683723 -0.3145861030 0.0755788162 -0.9462153316 -0.1163092777 0.9862447977 0.1174452528
-137.0 -513.4 2478.4 0.9420762658 0.1970514506 0.2714092731 -0.3145861030 0.7997562885 0.5112978220 -0.1163092777 -0.5670631528 0.8154210448
116.5 -484.9 2939.8 0.9602087140 0.1479872018 0.2368523926 0.2386611849 0.0056733177 -0.9710863233 -0.1450520903 0.9889730215 -0.0298712347
43.5 -487.7 2452.0 0.9602087140 -0.2782248855 0.0242938008 0.2386611849 0.8626124859 0.4460275471 -0.1450520903 -0.4224815369 0.8946894407
-160.2 -414.7 2611.6 0 0 0 0 0 0 0 0 0
96.2 -406.2 2547.1 0 0 0 0 0 0 0 0 0
-212.3 -819.0 2695.1 0 0 0 0 0 0 0 0 0
149.9 -817.3 2613.4 0 0 0 0 0 0 0 0 0
26.1 101.6 2802.8 8 0.9841900468 -0.0139249992 0.1765673459 -0.0356653444 0.9609023333 0.2745810151 -0.1734875143 -0.2765372396 0.9452138543
28.9 -96.1 2859.7 0.9841900468 -0.0139249992 0.1765673459 -0.0356653444 0.9609023333 0.2745810151 -0.1734875143 -0.2765372396 0.9452138543
31.3 -287.6 2912.4 0.9841820598 -0.0123518175 0.1767288297 -0.0350804627 0.9642260075 0.2627500296 -0.1736519784 -0.2647936046 0.9485406280
-114.7 -91.1 2885.1 0.3977872431 -0.8678267598 -0.2977280319 0.9168821573 0.3877064586 0.0949254483 0.0330522284 -0.3107416630 0.9499195814
-213.3 -318.4 2876.9 -0.1843587756 -0.8678267598 -0.4613984227 0.3295004666 0.3877064586 -0.8608793020 0.9259812832 -0.3107416630 0.2144722492
172.5 -101.2 2834.3 0.1937433779 0.8225178719 0.5347222686 -0.9602116942 0.2707328498 -0.0685363859 -0.2011392713 -0.5001680851 0.8422439694
217.2 -322.4 2788.0 -0.4226697385 0.8225178719 0.3805452287 -0.2974527776 0.2707328498 -0.9155465961 -0.8560795188 -0.5001680851 0.1302296519
-64.7 -468.8 2974.4 0.9431576133 0.1459942162 -0.2985621989 -0.3139607906 0.0967456475 -0.9444940090 -0.1090060696 0.9845435619 0.1370828599
-138.4 -517.6 2477.5 0.9431576133 0.1956048459 0.2686865032 -0.3139607906 0.7895606756 0.5272784829 -0.1090060696 -0.5816637278 0.8060923815
114.3 -481.2 2936.4 0.9595330954 0.1440387368 0.2419691235 0.2414081544 0.0216270238 -0.9701826572 -0.1449769586 0.9893357158 -0.0140202818
43.8 -491.8 2452.3 0.9595330954 -0.2809650302 0.0188379269 0.2414081544 0.8551928401 0.4586581290 -0.1449769586 -0.4355500340 0.8884131312
-160.9 -412.0 2613.8 0 0 0 0 0 0 0 0 0
98.5 -405.9 2547.7 0 0 0 0 0 0 0 0 0
-213.1 -819.3 2699.8 0 0 0 0 0 0 0 0 0
151.1 -818.5 2618.7 0 0 0 0 0 0 0 0 0
34.6 106.2 2801.3 9 0.9794437289 0.0269352496 0.1999112666 -0.0783016458 0.9641001821 0.2537314594 -0.1859001666 -0.2641690671 0.9463909268
29.0 -92.9 2855.8 0.9794437289 0.0269352496 0.1999112666 -0.0783016458 0.9641001821 0.2537314594 -0.1859001666 -0.2641690671 0.9463909268
23.3 -284.6 2906.6 0.9794503450 0.0285729263 0.1996511668 -0.0780705065 0.9664543271 0.2446855605 -0.1859623492 -0.2552442253 0.9488247633
-113.9 -81.5 2883.0 0.3867657185 -0.8696870208 -0.3066868186 0.9218304753 0.3737428188 0.1026882827 0.0253153332 -0.3224295676 0.9462549090
-214.1 -320.5 2876.5 -0.2036627978 -0.8696870208 -0.4496287107 0.3233201504 0.3737428188 -0.8693562746 0.9241133928 -0.3224295676 0.2050698251
171.8 -104.2 2828.6 0.1934278458 0.8258854151 0.5296214819 -0.9626826644 0.2639096975 -0.0599475987 -0.1892821044 -0.4982618988 0.8461130857
215.9 -323.7 2785.5 -0.4226270616 0.8258854151 0.3732286692 -0.2952068746 0.2639096975 -0.9182617068 -0.8568776250 -0.4982618988 0.1322716624
-56.4 -475.9 2981.1 0.9381881356 0.1583247930 -0.3077926636 -0.3235795498 0.0854957700 -0.9423304796 -0.1228793114 0.9836786985 0.1314417869
-137.5 -519.6 2477.7 0.9381881356 0.1972540766 0.2844185233 -0.3235795498 0.7915594578 0.5183916092 -0.1228793114 -0.5783808827 0.8064590693
122.8 -482.3 2948.4 0.9591632485 0.1593551040 0.2336917371 0.2345889658 0.0134272836 -0.9720019102 -0.1580313146 0.9871299863 -0.0245039910
42.1 -489.1 2448.4 0.9591632485 -0.2810637057 0.0317657515 0.2345889658 0.8532108068 0.4658318162 -0.1580313146 -0.4393568635 0.8843029141
-156.2 -412.4 2613.9 0 0 0 0 0 0 0 0 0
97.3 -406.6 2545.0 0 0 0 0 0 0 0 0 0
-212.8 -822.1 2698.7 0 0 0 0 0 0 0 0 0
149.5 -815.1 2616.3 0 0 0 0 0 0 0 0 0
31.3 109.3 2801.0 0 0.9767428041 0.0277960133 0.2126049548 -0.0820338801 0.9645645618 0.2507700622 -0.1981007904 -0.2623786628 0.9444117546
25.6 -88.9 2854.9 0.9767428041 0.0277960133 0.2126049548 -0.0820338801 0.9645645618 0.2507700622 -0.1981007904 -0.2623786628 0.9444117546
19.6 -280.9 2905.1 0.9767442346 0.0300851539 0.2122864276 -0.0819853693 0.9672701955 0.2401390672 -0.1981137097 -0.2519588470 0.9472421408
-117.0 -76.9 2883.9 0.3629116118 -0.8758410215 -0.3181157708 0.9313496351 0.3518216014 0.0938583016 0.0297150444 -0.3303392828 0.9433943629
-211.9 -320.7 2876.1 -0.2155182809 -0.8758410215 -0.4318035841 0.3273126483 0.3518216014 -0.8769766092 0.9200099111 -0.3303392828 0.2108498663
168.2 -100.8 2826.0 0.2011880428 0.8245384693 0.5288286209 -0.9627547264 0.2659969628 -0.0484655574 -0.1806285232 -0.4993815720 0.8473437428
215.3 -326.1 2783.7 -0.4255309701 0.8245384693 0.3729071617 -0.2901685834 0.2659969628 -0.9192647934 -0.8571613431 -0.4993815720 0.1260652244
-72.1 -469.3 2974.5 0.9493726492 0.1270299256 -0.2873237431 -0.2990742922 0.0855178460 -0.9503900409 -0.0961566716 0.9882054925 0.1191796884
-136.8 -512.8 2471.7 0.9493726492 0.1916809678 0.2488974482 -0.2990742922 0.7939657569 0.5293136835 -0.0961566716 -0.5769547820 0.8110961914
106.7 -483.6 2940.0 0.9596304297 0.1291055530 0.2498824149 0.2507599294 0.0096785845 -0.9680009484 -0.1273927987 0.9915836453 -0.0230866335
42.5 -488.4 2446.9 0.9596304297 -0.2812603116 -0.0014498520 0.2507599294 0.8532088399 0.4573337138 -0.1273927987 -0.4392349124 0.8892939687
-150.7 -413.7 2614.6 0 0 0 0 0 0 0 0 0
95.8 -407.6 2543.1 0 0 0 0 0 0 0 0 0
-210.0 -816.2 2692.1 0 0 0 0 0 0 0 0 0
150.0 -814.4 2614.7 0 0 0 0 0 0 0 0 0
28.7 105.2 2799.4 1 0.9755243659 0.0280527156 0.2180946022 -0.0863777697 0.9609885812 0.2627542317 -0.2022154480 -0.2751616836 0.9398909211
23.0 -91.0 2855.6 0.9755243659 0.0280527156 0.2180946022 -0.0863777697 0.9609885812 0.2627542317 -0.2022154480 -0.2751616836 0.9398909211
16.8 -282.4 2908.0 0.9755053520 0.0312948599 0.2177382857 -0.0869949460 0.9640186429 0.2511969805 -0.2020425946 -0.2639861405 0.9431278110
-119.5 -78.3 2885.1 0.3682991266 -0.8738551140 -0.3173846006 0.9297058582 0.3467888236 0.1240346134 0.0016771402 -0.3407561481 0.9401502013
-215.8 -321.4 2884.6 -0.2355745733 -0.8738551140 -0.4253020585 0.3110918105 0.3467888236 -0.8848499060 0.9207206368 -0.3407561481 0.1901545525
165.4 -103.7 2826.0 0.2160654962 0.8219940066 0.5269170403 -0.9629689455 0.2685375512 -0.0240491182 -0.1612652540 -0.5022085905 0.8495764136
215.0 -324.5 2789.1 -0.4271053374 0.8219940066 0.3767053485 -0.2926285863 0.2685375512 -0.9177451134 -0.8555405140 -0.5022085905 0.1258451045
-75.9 -465.5 2973.3 0.9500044584 0.1176049262 -0.2892414033 -0.2995686531 0.0821203589 -0.9505339861 -0.0880348682 0.9896591902 0.1132454574
-136.0 -507.5 2467.8 0.9500044584 0.1954771727 0.2434752285 -0.2995686531 0.7904838324 0.5342227817 -0.0880348682 -0.5804515481 0.8095219731
102.8 -480.5 2936.8 0.9599839449 0.1225651428 0.2518105805 0.2517239451 0.0164474994 -0.9676592946 -0.1227429584 0.9923241735 -0.0150632476
42.7 -488.6 2450.3 0.9599839449 -0.2800051570 -0.0052815489 0.2517239451 0.8544507623 0.4544765651 -0.1227429584 -0.4376197159 0.8907430172
-148.8 -409.8 2623.0 0 0 0 0 0 0 0 0 0
95.1 -406.6 2548.9 0 0 0 0 0 0 0 0 0
-210.7 -809.5 2689.6 0 0 0 0 0 0 0 0 0
149.7 -815.1 2617.5 0 0 0 0 0 0 0 0 0
25.5 102.2 2799.6 2 0.9720882773 -0.0024311207 0.2346027941 -0.0609435923 0.9630049467 0.2625021338 -0.2265618145 -0.2694727778 0.9359776378
26.0 -95.5 2854.9 0.9720882773 -0.0024311207 0.2346027941 -0.0609435923 0.9630049467 0.2625021338 -0.2265618145 -0.2694727778 0.9359776378
26.1 -287.3 2906.4 0.9720873237 -0.0005682215 0.2346185595 -0.0603433475 0.9657506943 0.2523575425 -0.2267264277 -0.2594712377 0.9387596846
-115.9 -86.7 2888.0 0.4064911604 -0.8547222614 -0.3228230774 0.9135815501 0.3757705092 0.1554517448 -0.0115606757 -0.3581149876 0.9336059093
-221.4 -323.8 2891.0 -0.2573754191 -0.8547222614 -0.4507856667 0.2923342288 0.3757705092 -0.8793959618 0.9210312366 -0.3581149876 0.1531504840
167.9 -104.3 2821.8 0.2136434764 0.8302999735 0.5147411227 -0.9670270681 0.2545084357 -0.0091683296 -0.1386184096 -0.4958098233 0.8572966456
216.6 -324.6 2790.2 -0.4239610732 0.8302999735 0.3617442846 -0.2890053689 0.2545084357 -0.9228766561 -0.8583314419 -0.4958098233 0.1320594847
-78.9 -466.0 2979.1 0.9515048862 0.1016255841 -0.2903630137 -0.2970926464 0.0585965589 -0.9530490041 -0.0798398927 0.9930955172 0.0859471262
-131.7 -496.4 2462.6 0.9515048862 0.2001600116 0.2336116582 -0.2970926464 0.7949600816 0.5289371014 -0.0798398927 -0.5726905465 0.8158744574
99.8 -481.9 2941.9 0.9586500525 0.1178881451 0.2590220273 0.2593407631 0.0128976824 -0.9656997323 -0.1171853393 0.9929431081 -0.0182088353
41.4 -488.3 2449.4 0.9586500525 -0.2842765450 -0.0132996365 0.2593407631 0.8534070849 0.4521489739 -0.1171853393 -0.4369017780 0.8918432593
-148.3 -406.9 2629.3 0 0 0 0 0 0 0 0 0
97.5 -405.7 2549.3 0 0 0 0 0 0 0 0 0
-208.2 -800.2 2681.5 0 0 0 0 0 0 0 0 0
150.0 -814.4 2616.3 0 0 0 0 0 0 0 0 0
23.2 100.6 2798.7 3 0.9787986279 -0.0184259117 0.2039943337 -0.0382217318 0.9620201588 0.2702892721 -0.2012269795 -0.2723557949 0.9409197569
27.0 -96.4 2854.5 0.9787986279 -0.0184259117 0.2039943337 -0.0382217318 0.9620201588 0.2702892721 -0.2012269795 -0.2723557949 0.9409197569
30.9 -288.2 2905.8 0.9787202477 -0.0196528435 0.2042559683 -0.0342509635 0.9657926559 0.2570435703 -0.2023205459 -0.2585697174 0.9445676804
-115.8 -91.4 2884.0 0.4098739028 -0.8616095185 -0.2993867397 0.9120819569 0.3833693266 0.1453769654 -0.0104824798 -0.3326514661 0.9429915547
-222.1 -328.0 2886.7 -0.2385071963 -0.8616095185 -0.4480439126 0.2727178633 0.3833693266 -0.8824131489 0.9320618510 -0.3326514661 0.1435399652
169.8 -101.4 2824.9 0.1925056428 0.8269195557 0.5283423662 -0.9641575217 0.2595743835 -0.0549669079 -0.1825973541 -0.4988238513 0.8472502232
214.6 -325.8 2782.4 -0.4259721637 0.8269195557 0.3670855761 -0.2899309099 0.2595743835 -0.9211738110 -0.8570226431 -0.4988238513 0.1291780770
-62.9 -473.5 2978.7 0.9423611760 0.1238673180 -0.3108251989 -0.3151117563 0.0161607843 -0.9489169717 -0.1125166193 0.9921671748 0.0542613454
-128.4 -482.1 2453.4 0.9423611760 0.1992380321 0.2688114941 -0.3151117563 0.7986153960 0.5127553940 -0.1125166193 -0.5679064393 0.8153663874
115.2 -484.6 2937.1 0.9573075175 0.1467261761 0.2490657568 0.2481449693 0.0248442311 -0.9684042931 -0.1482781023 0.9888650775 -0.0126257930
43.6 -496.7 2454.2 0.9573075175 -0.2886198759 0.0161519442 0.2481449693 0.8491498232 0.4662280679 -0.1482781023 -0.4423156083 0.8845171332
-154.4 -405.5 2621.9 0 0 0 0 0 0 0 0 0
95.1 -407.2 2541.8 0 0 0 0 0 0 0 0 0
-204.6 -787.2 2670.4 0 0 0 0 0 0 0 0 0
153.9 -821.2 2623.2 0 0 0 0 0 0 0 0 0
23.3 98.9 2798.7 4 0.9763294458 -0.0221931264 0.2151471376 -0.0377649106 0.9619497657 0.2706039548 -0.2129662782 -0.2723236084 0.9383417368
27.8 -97.6 2854.3 0.9763294458 -0.0221931264 0.2151471376 -0.0377649106 0.9619497657 0.2706039548 -0.2129662782 -0.2723236084 0.9383417368
32.5 -289.3 2906.3 0.9762427807 -0.0235616304 0.2153946757 -0.0341157541 0.9649574161 0.2601792812 -0.2139769346 -0.2613464892 0.9412289262
-114.7 -92.6 2885.6 0.4235596359 -0.8583409786 -0.2895650864 0.9056726694 0.3946093619 0.1550497562 -0.0188204646 -0.3279240131 0.9445165992
-225.2 -328.8 2890.5 -0.2295452356 -0.8583409786 -0.4588678479 0.2762562633 0.3946093619 -0.8763366342 0.9332692027 -0.3279240131 0.1465413868
170.3 -102.5 2823.1 0.1886145771 0.8201633692 0.5401449800 -0.9646291733 0.2578702867 -0.0547124296 -0.1841604710 -0.5107200146 0.8397915959
214.2 -327.0 2780.2 -0.4367114305 0.8201633692 0.3696148992 -0.2945239246 0.2578702867 -0.9201948643 -0.8500227928 -0.5107200146 0.1289428324
-54.8 -476.9 2975.8 0.9375925064 0.1459816545 -0.3156099617 -0.3229099214 0.0287218746 -0.9459937811 -0.1290328205 0.9888702631 0.0740683377
-130.7 -491.8 2462.2 0.9375925064 0.1981109381 0.2857837379 -0.3229099214 0.8009833694 0.5041376948 -0.1290328205 -0.5649581552 0.8149679899
124.4 -483.2 2938.7 0.9585034847 0.1636721045 0.2334147692 0.2344782501 0.0130673461 -0.9720335603 -0.1621448845 0.9864282608 -0.0258524530
43.8 -489.6 2452.5 0.9585034847 -0.2826679051 0.0370118544 0.2344782501 0.8555373549 0.4616012871 -0.1621448845 -0.4337679744 0.8863150477
-160.0 -407.3 2625.3 0 0 0 0 0 0 0 0 0
91.7 -409.7 2541.6 0 0 0 0 0 0 0 0 0
-206.4 -797.9 2678.1 0 0 0 0 0 0 0 0 0
151.8 -816.5 2618.3 0 0 0 0 0 0 0 0 0
22.1 97.3 2799.2 5 0.9791796207 -0.0260168407 0.2013216168 -0.0293049384 0.9632472992 0.2670128047 -0.2008693367 -0.2673532069 0.9424297214
27.4 -99.0 2853.7 0.9791796207 -0.0260168407 0.2013216168 -0.0293049384 0.9632472992 0.2670128047 -0.2008693367 -0.2673532069 0.9424297214
32.7 -291.0 2904.6 0.9790984988 -0.0267078821 0.2016254067 -0.0263363905 0.9663457274 0.2558951974 -0.2016742676 -0.2558566928 0.9454442859
-115.6 -95.2 2883.2 0.4224179089 -0.8553384542 -0.2999320924 0.9063100219 0.3938883245 0.1531472504 -0.0128529780 -0.3365235925 0.9415873289
-224.2 -328.1 2886.5 -0.2392906249 -0.8553384542 -0.4594955444 0.2757573426 0.3938883245 -0.8768180609 0.9309660792 -0.3365235925 0.1416120678
170.4 -102.9 2824.3 0.1930788010 0.8222205639 0.5354194045 -0.9634971619 0.2620230317 -0.0549285971 -0.1854556352 -0.5052695274 0.8427982330
215.4 -327.8 2781.0 -0.4347893596 0.8222205639 0.3673031330 -0.2837314308 0.2620230317 -0.9224101305 -0.8546664119 -0.5052695274 0.1193649992
-52.3 -477.8 2977.8 0.9372325540 0.1612532735 -0.3091803193 -0.3206113577 0.0498212278 -0.9458996654 -0.1371256709 0.9856547117 0.0983937085
-134.9 -503.4 2472.8 0.9372325540 0.1914298683 0.2914612889 -0.3206113577 0.8017519116 0.5043830276 -0.1371256709 -0.5661700368 0.8128026128
126.6 -484.1 2938.6 0.9589028358 0.1658698171 0.2302011997 0.2317720503 0.0100918552 -0.9727177620 -0.1636676788 0.9860960245 -0.0287668798
44.9 -489.1 2452.4 0.9589028358 -0.2807573974 0.0409960561 0.2317720503 0.8584167957 0.4576049745 -0.1636676788 -0.4292969406 0.8882099986
-156.1 -406.4 2621.9 0 0 0 0 0 0 0 0 0
93.4 -407.4 2541.1 0 0 0 0 0 0 0 0 0
-208.1 -809.7 2689.1 0 0 0 0 0 0 0 0 0
152.2 -817.1 2616.5 0 0 0 0 0 0 0 0 0
21.9 98.5 2800.0 6 0.9757168293 -0.0282246843 0.2172096968 -0.0307279229 0.9642179608 0.2633238733 -0.2168697268 -0.2636039555 0.9399363995
27.7 -98.2 2853.8 0.9757168293 -0.0282246843 0.2172096968 -0.0307279229 0.9642179608 0.2633238733 -0.2168697268 -0.2636039555 0.9399363995
33.3 -290.4 2903.9 0.9756354094 -0.0285512470 0.2175323516 -0.0279591661 0.9672327638 0.2523470819 -0.2176092565 -0.2522807717 0.9428682923
-114.8 -94.1 2885.6 0.4228451550 -0.8484249115 -0.3183978498 0.9061933160 0.3974176347 0.1444747150 0.0039609810 -0.3496204317 0.9368830323
-223.9 -327.9 2884.5 -0.2472815812 -0.8484249115 -0.4680032432 0.2864112556 0.3974176347 -0.8717957139 0.9256459475 -0.3496204317 0.1447243840
170.1 -102.3 2822.0 0.1967845261 0.8162808418 0.5431035161 -0.9657996893 0.2567786574 -0.0359950885 -0.1688394994 -0.5174459219 0.8388938904
215.4 -324.6 2783.1 -0.4386856854 0.8162808418 0.3758196831 -0.3072243035 0.2567786574 -0.9163394570 -0.8444927931 -0.5174459219 0.1381361932
-51.8 -480.6 2973.9 0.9351148009 0.1647988111 -0.3136903644 -0.3259256482 0.0526504740 -0.9439281821 -0.1390423030 0.9849209785 0.1029464006
-135.4 -507.3 2474.0 0.9351148009 0.1940831989 0.2964658439 -0.3259256482 0.7994053364 0.5047014952 -0.1390423030 -0.5685796738 0.8107924461
127.8 -485.4 2936.9 0.9573423862 0.1726004779 0.2317425758 0.2337241918 0.0090392372 -0.9722608924 -0.1699074805 0.9849504232 -0.0316872634
42.5 -489.9 2450.1 0.9573423862 -0.2855463028 0.0442588590 0.2337241918 0.8552799225 0.4624600410 -0.1699074805 -0.4323882461 0.8855347633
-153.6 -409.3 2621.4 0 0 0 0 0 0 0 0 0
92.4 -410.8 2546.2 0 0 0 0 0 0 0 0 0
-209.6 -812.8 2691.3 0 0 0 0 0 0 0 0 0
151.6 -816.7 2615.4 0 0 0 0 0 0 0 0 0
22.2 97.8 2798.9 7 0.9754182100 -0.0210712235 0.2193519920 -0.0377092324 0.9647740126 0.2603634596 -0.2171112746 -0.2622348666 0.9402635694
26.5 -98.7 2852.3 0.9754182100 -0.0210712235 0.2193519920 -0.0377092324 0.9647740126 0.2603634596 -0.2171112746 -0.2622348666 0.9402635694
30.9 -291.0 2902.0 0.9753406048 -0.0219812505 0.2196077257 -0.0342243761 0.9679285884 0.2488833368 -0.2180353552 -0.2502619624 0.9433077574
-115.9 -93.7 2884.1 0.4283317924 -0.8466086388 -0.3158886731 0.9034724236 0.3948895037 0.1667330265 -0.0164165068 -0.3568137586 0.9340313077
-226.0 -325.8 2888.4 -0.2538497150 -0.8466086388 -0.4677757025 0.2896432877 0.3948895037 -0.8718767166 0.9228581190 -0.3568137586 0.1449719220
169.0 -103.7 2820.5 0.2012832016 0.8201007247 0.5356490016 -0.9657159448 0.2576692700 -0.0316109173 -0.1639444232 -0.5109220147 0.8438488841
215.1 -324.8 2782.9 -0.4331821203 0.8201007247 0.3738823533 -0.3038374782 0.2576692700 -0.9172182679 -0.8485493660 -0.5109220147 0.1375596225
-50.4 -480.0 2974.0 0.9326604605 0.1676662117 -0.3194253147 -0.3324251175 0.0554789975 -0.9414964914 -0.1401357651 0.9842815399 0.1074795276
-135.9 -508.3 2472.1 0.9326604605 0.1961402297 0.3027763367 -0.3324251175 0.7932803035 0.5100979805 -0.1401357651 -0.5763986707 0.8050630689
128.5 -485.2 2934.1 0.9575232863 0.1728320867 0.2308207303 0.2320613861 0.0132757938 -0.9726105332 -0.1711626351 0.9848618507 -0.0273957718
44.2 -491.6 2454.0 0.9575232863 -0.2846587598 0.0460275225 0.2320613861 0.8554575443 0.4629685283 -0.1711626351 -0.4326219261 0.8851788640
-153.8 -408.2 2626.0 0 0 0 0 0 0 0 0 0
93.5 -410.1 2544.8 0 0 0 0 0 0 0 0 0
-210.9 -811.5 2692.4 0 0 0 0 0 0 0 0 0
153.0 -818.6 2619.3 0 0 0 0 0 0 0 0 0
22.2 97.6 2797.8 8 0.9749053717 -0.0186810736 0.2218345553 -0.0419151224 0.9632480741 0.2653228939 -0.2186382264 -0.2679629326 0.9382926822
26.0 -98.6 2852.4 0.9749053717 -0.0186810736 0.2218345553 -0.0419151224 0.9632480741 0.2653228939 -0.2186382264 -0.2679629326 0.9382926822
29.9 -290.6 2903.2 0.9748371840 -0.0194126889 0.2220713049 -0.0384602360 0.9666153789 0.2533288598 -0.2195753306 -0.2554953098 0.9415459633
-116.4 -92.9 2884.5 0.4222987294 -0.8499754667 -0.3149690628 0.9064525962 0.3949382603 0.1495573968 -0.0027267775 -0.3486624360 0.9372444153
-224.5 -325.1 2885.2 -0.2487994730 -0.8499754667 -0.4643711448 0.2824433446 0.3949382603 -0.8742136359 0.9264580607 -0.3486624360 0.1418094784
168.4 -104.2 2820.3 0.1599441767 0.8542597294 0.4946292937 -0.9762291312 0.2111361474 -0.0489719138 -0.1462688595 -0.4750387669 0.8677232265
206.5 -336.3 2785.5 -0.4171831608 0.8542597294 0.3101588190 -0.2667706311 0.2111361474 -0.9403483272 -0.8687874675 -0.4750387669 0.1398089677
-54.2 -480.2 2971.8 0.9329428673 0.1665467620 -0.3191861212 -0.3340338469 0.0696823746 -0.9399817586 -0.1343092769 0.9835682511 0.1206419319
-138.5 -515.5 2473.7 0.9329428673 0.1960685551 0.3019515276 -0.3340338469 0.7842809558 0.5228047371 -0.1343092769 -0.5886089802 0.7971828580
124.7 -486.5 2931.8 0.9588255286 0.1671323180 0.2296092510 0.2325918823 0.0017750496 -0.9725728035 -0.1629559100 0.9859328866 -0.0371716581
43.8 -487.4 2454.7 0.9588255286 -0.2806470096 0.0434842445 0.2325918823 0.8638734221 0.4467927217 -0.1629559100 -0.4182821810 0.8935800791
-153.8 -405.4 2621.8 0 0 0 0 0 0 0 0 0
90.3 -410.6 2543.6 0 0 0 0 0 0 0 0 0
-213.4 -815.2 2698.6 0 0 0 0 0 0 0 0 0
151.1 -817.4 2614.5 0 0 0 0 0 0 0 0 0
23.2 95.7 2798.8 9 0.9750638008 -0.0078003625 0.2217877209 -0.0514094122 0.9642583132 0.2599288225 -0.2158881873 -0.2648491561 0.9398123026
24.8 -100.8 2852.8 0.9750638008 -0.0078003625 0.2217877209 -0.0514094122 0.9642583132 0.2599288225 -0.2158881873 -0.2648491561 0.9398123026
26.1 -293.2 2902.4 0.9750445485 -0.0068949671 0.2219020873 -0.0488847010 0.9683180451 0.2448885739 -0.2165603042 -0.2496248931 0.9438162446
-117.7 -93.6 2884.4 0.4100474119 -0.8571525216 -0.3116899431 0.9120630622 0.3858944476 0.1386592686 0.0014272787 -0.3411377668 0.9400122166
-220.4 -322.1 2884.1 -0.2334153801 -0.8571525216 -0.4591369629 0.2993788123 0.3858944476 -0.8726155162 0.9251430035 -0.3411377668 0.1665396094
167.2 -107.9 2821.1 0.1965803504 0.8327410221 0.5175892115 -0.9676887393 0.2497952729 -0.0343634710 -0.1579072028 -0.4941100776 0.8549389243
212.5 -331.0 2784.7 -0.4270560145 0.8327410221 0.3523713946 -0.2781875730 0.2497952729 -0.9274772406 -0.8603690267 -0.4941100776 0.1249816120
-55.7 -479.2 2974.1 0.9353758097 0.1628947407 -0.3139067292 -0.3295663595 0.0795095041 -0.9407785535 -0.1282892972 0.9834345579 0.1280559003
-138.6 -519.7 2473.1 0.9353758097 0.1933584511 0.2961159348 -0.3295663595 0.7803081274 0.5315122008 -0.1282892972 -0.5947534442 0.7936058044
123.1 -486.2 2933.8 0.9597573876 0.1629447937 0.2287242264 0.2315256596 0.0018450678 -0.9728270173 -0.1589391232 0.9866334796 -0.0359550864
44.1 -487.1 2455.0 0.9597573876 -0.2777590454 0.0414207913 0.2315256596 0.8660765290 0.4430657923 -0.1589391232 -0.4156456888 0.8955317140
-154.0 -407.2 2621.1 0 0 0 0 0 0 0 0 0
94.0 -408.2 2545.9 0 0 0 0 0 0 0 0 0
-212.5 -817.8 2700.4 0 0 0 0 0 0 0 0 0
150.2 -818.1 2613.8 0 0 0 0 0 0 0 0 0
22.1 95.9 2799.8 0 0.9791474342 -0.0250435900 0.2016013265 -0.0303127989 0.9632520676 0.2668831050 -0.2008766085 -0.2674290240 0.9424066544
27.2 -100.0 2854.2 0.9791474342 -0.0250435900 0.2016013265 -0.0303127989 0.9632520676 0.2668831050 -0.2008766085 -0.2674290240 0.9424066544
32.0 -292.0 2905.0 0.9791129827 -0.0239542630 0.2019007802 -0.0289561693 0.9664837718 0.2550894916 -0.2012443095 -0.2556077242 0.9456031919
-115.8 -95.8 2883.6 0.4232270122 -0.8532612920 -0.3046704233 0.9058186412 0.3913361430 0.1623226702 -0.0192750990 -0.3446754813 0.9385240078
-222.0 -323.3 2888.4 -0.2346828580 -0.8532612920 -0.4656921029 0.3020800948 0.3913361430 -0.8692546487 0.9239434600 -0.3446754813 0.1659133732
170.2 -104.2 2824.8 0.1900712401 0.8301866651 0.5240830183 -0.9659358263 0.2536193132 -0.0514322184 -0.1756159067 -0.4964547753 0.8501127958
214.6 -329.6 2783.8 -0.4292087555 0.8301866651 0.3557666838 -0.2775235474 0.2536193132 -0.9266379476 -0.8595117927 -0.4964547753 0.1215407327
-61.9 -481.1 2971.8 0.9383783937 0.1493143588 -0.3116909564 -0.3246960938 0.0719166473 -0.9430803061 -0.1183996648 0.9861710072 0.1159668118
-137.7 -517.6 2471.1 0.9383783937 0.1957258135 0.2848463356 -0.3246960938 0.7816163898 0.5325863957 -0.1183996648 -0.5922560692 0.7970033288
116.9 -490.1 2932.1 0.9610667825 0.1469970793 0.2339711785 0.2365372330 0.0000243269 -0.9716224074 -0.1428313404 0.9891369343 -0.0347469002
45.6 -490.1 2452.2 0.9610667825 -0.2754985690 0.0212410744 0.2365372330 0.8600116968 0.4521394372 -0.1428313404 -0.4295118749 0.8916943073
-155.3 -409.1 2625.8 0 0 0 0 0 0 0 0 0
95.6 -406.6 2545.5 0 0 0 0 0 0 0 0 0
-212.5 -816.3 2697.4 0 0 0 0 0 0 0 0 0
150.9 -818.7 2616.4 0 0 0 0 0 0 0 0 0
21.8 97.5 2799.3 1 0.9777787328 -0.0301089194 0.2074662149 -0.0271669813 0.9630895257 0.2678068876 -0.2078719139 -0.2674920857 0.9408704638
27.9 -98.5 2853.7 0.9777787328 -0.0301089194 0.2074662149 -0.0271669813 0.9630895257 0.2678068876 -0.2078719139 -0.2674920857 0.9408704638
33.9 -290.5 2904.3 0.9776931405 -0.0301849153 0.2078580111 -0.0244288482 0.9665616751 0.2552680075 -0.2086128294 -0.2546515167 0.9442633390
-114.9 -94.9 2884.2 0.4248488247 -0.8439320922 -0.3275394142 0.9052610993 0.3951008022 0.1561976224 -0.0024091131 -0.3628690541 0.9318370223
-223.3 -325.9 2884.8 -0.2650182247 -0.8439320922 -0.4664160609 0.2810519636 0.3951008022 -0.8745885491 0.9223747253 -0.3628690541 0.1324798763
170.7 -102.1 2823.2 0.1929763258 0.8282156587 0.5261358619 -0.9673724771 0.2503065765 -0.0392062813 -0.1641665101 -0.5014034510 0.8494963050
215.7 -327.6 2784.9 -0.4326472580 0.8282156587 0.3561953902 -0.2830885351 0.2503065765 -0.9258550406 -0.8559656739 -0.5014034510 0.1261639148
-53.0 -481.4 2974.3 0.9297608137 0.1566914469 -0.3331555724 -0.3457584679 0.0607632995 -0.9363540411 -0.1264750361 0.9857766628 0.1106727272
-133.7 -512.6 2467.0 0.9297608137 0.2095064074 0.3027406633 -0.3457584679 0.7793709636 0.5225245953 -0.1264750361 -0.5904980302 0.7970672250
126.5 -486.7 2937.3 0.9633349180 0.1597928554 0.2155273855 0.2174798697 0.0053791283 -0.9760499597 -0.1571251601 0.9871358871 -0.0295698270
47.4 -489.3 2448.8 0.9633349180 -0.2652343214 0.0404544733 0.2174798697 0.8602332473 0.4611954987 -0.1571251601 -0.4354877174 0.8863758445
-148.0 -405.8 2622.8 0 0 0 0 0 0 0 0 0
95.9 -406.1 2547.8 0 0 0 0 0 0 0 0 0
-213.7 -810.4 2692.6 0 0 0 0 0 0 0 0 0
148.7 -818.0 2615.2 0 0 0 0 0 0 0 0 0
22.2 97.4 2798.5 2 0.9778042436 -0.0278170947 0.2076656967 -0.0306434408 0.9615029097 0.2730807364 -0.2072674930 -0.2733831108 0.9393092394
27.9 -98.5 2854.2 0.9778042436 -0.0278170947 0.2076656967 -0.0306434408 0.9615029097 0.2730807364 -0.2072674930 -0.2733831108 0.9393092394
33.4 -290.3 2905.9 0.9777197242 -0.0279284827 0.2080483139 -0.0277224146 0.9652492404 0.2598564625 -0.2080758661 -0.2598344088 0.9429689646
-114.9 -94.4 2884.6 0.4356971681 -0.8458175063 -0.3078322709 0.8993477821 0.3951688707 0.1871231496 -0.0366263092 -0.3583773077 0.9328581095
-226.7 -325.2 2894.0 -0.2710504234 -0.8458175063 -0.4594827592 0.2602739930 0.3951688707 -0.8809648156 0.9267087579 -0.3583773077 0.1130336151
170.7 -102.5 2823.8 0.1977812201 0.8289127350 0.5232459307 -0.9668479562 0.2529146075 -0.0352028683 -0.1615166366 -0.4989367723 0.8514543176
216.6 -326.9 2786.3 -0.4300536513 0.8289127350 0.3577115536 -0.2822504938 0.2529146075 -0.9254019856 -0.8575479388 -0.4989367723 0.1251941919
-49.7 -480.3 2974.1 0.9295759797 0.1662707776 -0.3290022612 -0.3424554169 0.0592035577 -0.9376668930 -0.1364285052 0.9843012691 0.1119745374
-135.4 -510.9 2466.7 0.9295759797 0.1996223927 0.3099021614 -0.3424554169 0.7787780762 0.5255748630 -0.1364285052 -0.5946894884 0.7922952175
129.6 -484.8 2935.8 0.9608168006 0.1694462895 0.2193605602 0.2207971960 0.0105550494 -0.9752626419 -0.1675699949 0.9854828715 -0.0272717979
46.2 -490.0 2450.9 0.9608168006 -0.2729120255 0.0484782159 0.2207971960 0.8592950702 0.4613681436 -0.1675699949 -0.4325864017 0.8858833313
-149.7 -399.1 2630.7 0 0 0 0 0 0 0 0 0
97.5 -405.1 2548.8 0 0 0 0 0 0 0 0 0
-211.7 -808.4 2693.9 0 0 0 0 0 0 0 0 0
150.5 -818.4 2616.2 0 0 0 0 0 0 0 0 0
23.2 98.3 2798.1 3 0.9777360559 -0.0246465281 0.2083860040 -0.0343836062 0.9608384371 0.2749677300 -0.2070022821 -0.2760109305 0.9385989904
28.2 -97.6 2854.4 0.9777360559 -0.0246465281 0.2083860040 -0.0343836062 0.9608384371 0.2749677300 -0.2070022821 -0.2760109305 0.9385989904
33.2 -289.1 2907.0 0.9776713252 -0.0248640683 0.2086638659 -0.0318654627 0.9639509320 0.2641649842 -0.2077099532 -0.2649157047 0.9416348934
-114.6 -92.9 2884.7 0.4346436262 -0.8403975368 -0.3237543702 0.9003008604 0.3961481154 0.1803470254 -0.0233085174 -0.3698630035 0.9287938476
-227.5 -326.8 2890.8 -0.2852256000 -0.8403975368 -0.4608452320 0.2570089996 0.3961481154 -0.8814834356 0.9233594537 -0.3698630035 0.1029981524
171.0 -102.2 2824.1 0.1951361597 0.8285099268 0.5248744488 -0.9671788812 0.2513595521 -0.0371942371 -0.1627479941 -0.5003895164 0.8503666520
216.2 -326.0 2786.4 -0.4282772839 0.8285099268 0.3607629240 -0.2912625670 0.2513595521 -0.9230300784 -0.8554207683 -0.5003895164 0.1336623281
-50.7 -479.5 2976.6 0.9296562076 0.1578544825 -0.3328983784 -0.3439234793 0.0477974005 -0.9377803802 -0.1321211606 0.9863048792 0.0987250134
-132.7 -504.4 2464.3 0.9296562076 0.2086417824 0.3036576509 -0.3439234793 0.7870138884 0.5121774673 -0.1321211606 -0.5805839300 0.8034091592
128.6 -484.6 2938.4 0.9602006674 0.1704470515 0.2212747335 0.2235956341 0.0057034628 -0.9746652842 -0.1673908681 0.9853503108 -0.0326347500
44.7 -487.4 2453.1 0.9602006674 -0.2746841609 0.0506292544 0.2235956341 0.8645632267 0.4500392973 -0.1673908681 -0.4208075702 0.8915723562
-146.5 -399.9 2628.4 0 0 0 0 0 0 0 0 0
97.6 -406.7 2549.5 0 0 0 0 0 0 0 0 0
-212.4 -805.1 2686.1 0 0 0 0 0 0 0 0 0
149.6 -817.8 2613.9 0 0 0 0 0 0 0 0 0
24.7 98.1 2798.5 4 0.9755321741 -0.0063237529 0.2197657526 -0.0535589717 0.9626368880 0.2654461563 -0.2132332325 -0.2707217038 0.9387445450
26.0 -98.5 2853.7 0.9755321741 -0.0063237529 0.2197657526 -0.0535589717 0.9626368880 0.2654461563 -0.2132332325 -0.2707217038 0.9387445450
26.8 -290.4 2904.9 0.9755275846 -0.0041033975 0.2198387831 -0.0527105443 0.9663068056 0.2519379556 -0.2134655118 -0.2573602498 0.9424426556
-116.5 -90.8 2884.9 0.4274829626 -0.8352235556 -0.3459189832 0.9040160775 0.3964901268 0.1598454416 0.0036467793 -0.3810475171 0.9245482683
-227.5 -325.4 2884.0 -0.2891519666 -0.8352235556 -0.4677528739 0.2727535367 0.3964901268 -0.8765848875 0.9176037312 -0.3810475171 0.1131642833
168.4 -106.1 2822.5 0.2120138556 0.8259266019 0.5223938227 -0.9642460346 0.2637616098 -0.0256783254 -0.1589958519 -0.4982720315 0.8523176312
216.7 -325.5 2786.4 -0.4258512259 0.8259266019 0.3694535792 -0.2873023152 0.2637616098 -0.9208078980 -0.8579674363 -0.4982720315 0.1249674410
-51.6 -477.7 2978.7 0.9336023331 0.1618821025 -0.3196574450 -0.3307875991 0.0465038233 -0.9425587058 -0.1377180964 0.9857137203 0.0969646648
-135.1 -501.7 2469.8 0.9336023331 0.1979265511 0.2986834049 -0.3307875991 0.7964890003 0.5061470866 -0.1377180964 -0.5713408589 0.8090755939
127.8 -483.6 2940.6 0.9596075416 0.1665368527 0.2267572135 0.2271931767 0.0166854896 -0.9737067819 -0.1659416109 0.9858940244 -0.0218245145
45.9 -491.8 2456.2 0.9596075416 -0.2773592770 0.0471717976 0.2271931767 0.8628390431 0.4515440464 -0.1659416109 -0.4225879908 0.8910009861
-145.3 -402.9 2623.2 0 0 0 0 0 0 0 0 0
98.8 -405.1 2548.8 0 0 0 0 0 0 0 0 0
-210.8 -806.0 2688.1 0 0 0 0 0 0 0 0 0
151.9 -821.5 2617.7 0 0 0 0 0 0 0 0 0
23.0 97.3 2799.6 5 0.9747111797 -0.0266607162 0.2218724340 -0.0336080976 0.9640765190 0.2634899616 -0.2209268361 -0.2642832994 0.9388000965
28.4 -99.4 2853.5 0.9747111797 -0.0266607162 0.2218724340 -0.0336080976 0.9640765190 0.2634899616 -0.2209268361 -0.2642832994 0.9388000965
33.3 -291.7 2903.0 0.9746745229 -0.0245739538 0.2222740054 -0.0322259627 0.9681353569 0.2483454496 -0.2212941498 -0.2492189854 0.9428249002
-113.9 -94.7 2885.8 0.4446192384 -0.8294742107 -0.3380625248 0.8956994414 0.4091900885 0.1740287542 -0.0060205315 -0.3801789582 0.9248933792
-229.3 -327.2 2887.4 -0.2917778492 -0.8294742107 -0.4762753844 0.2629615664 0.4091900885 -0.8737360835 0.9196286798 -0.3801789582 0.0987272188
170.7 -104.1 2821.2 0.2019090801 0.8300572634 0.5198438168 -0.9676100612 0.2511833906 -0.0252525061 -0.1515371650 -0.4979074001 0.8538879752
217.0 -326.0 2786.4 -0.4276721179 0.8300572634 0.3579126298 -0.2862950861 0.2511833906 -0.9246307611 -0.8573982120 -0.4979074001 0.1302171797
-61.9 -477.6 2975.6 0.9389420748 0.1422939450 -0.3132733405 -0.3231465518 0.0519887991 -0.9449198246 -0.1181696653 0.9884582162 0.0947962627
-134.4 -504.1 2471.5 0.9389420748 0.2026589960 0.2780595124 -0.3231465518 0.7969418168 0.5103528500 -0.1181696653 -0.5690457225 0.8137707710
117.0 -487.2 2936.4 0.9604176283 0.1457952410 0.2373641878 0.2386503965 0.0088619897 -0.9710651040 -0.1436801851 0.9892750978 -0.0262828805
45.9 -491.5 2453.9 0.9604176283 -0.2777178586 0.0216977801 0.2386503965 0.8604808450 0.4501318634 -0.1436801851 -0.4271363616 0.8926984668
-146.4 -401.9 2626.0 0 0 0 0 0 0 0 0 0
98.6 -405.3 2549.1 0 0 0 0 0 0 0 0 0
-211.9 -808.6 2688.9 0 0 0 0 0 0 0 0 0
152.0 -820.4 2617.1 0 0 0 0 0 0 0 0 0
22.2 96.4 2798.7 6 0.9738642573 -0.0317920111 0.2248948067 -0.0308432989 0.9624727368 0.2696199417 -0.2250268906 -0.2695097327 0.9363372326
28.7 -99.8 2853.6 0.9738642573 -0.0317920111 0.2248948067 -0.0308432989 0.9624727368 0.2696199417 -0.2250268906 -0.2695097327 0.9363372326
34.5 -291.7 2904.6 0.9738432169 -0.0293663256 0.2253153324 -0.0301799551 0.9661102891 0.2563591897 -0.2252077907 -0.2564536631 0.9399536848
-113.5 -95.4 2886.5 0.4429630339 -0.8351348042 -0.3260883987 0.8965358138 0.4137175083 0.1583078653 0.0027000781 -0.3624744713 0.9319897890
-227.4 -325.8 2885.8 -0.2798936963 -0.8351348042 -0.4735075831 0.2476562113 0.4137175083 -0.8760731816 0.9275375605 -0.3624744713 0.0910293981
170.9 -104.2 2820.7 0.1987393051 0.8265510798 0.5266079903 -0.9670385718 0.2526599169 -0.0316131711 -0.1591826379 -0.5029674768 0.8495202065
216.5 -325.8 2784.2 -0.4305772185 0.8265510798 0.3625142574 -0.2916945517 0.2526599169 -0.9225384593 -0.8541179895 -0.5029674768 0.1323108375
-51.2 -481.1 2972.8 0.9295011759 0.1696163863 -0.3275024891 -0.3424177170 0.0669488162 -0.9371595383 -0.1370317042 0.9832335114 0.1203086600
-136.9 -514.9 2476.1 0.9295011759 0.2050902992 0.3065380156 -0.3424177170 0.7886715531 0.5106341839 -0.1370317042 -0.5795991421 0.8032976985
127.5 -487.0 2932.3 0.9621108174 0.1648238003 0.2171999961 0.2191067785 0.0067474567 -0.9756775498 -0.1622804254 0.9862999320 -0.0296222121
46.9 -490.3 2450.0 0.9621108174 -0.2689384222 0.0448870026 0.2191067785 0.8605799079 0.4597765207 -0.1622804254 -0.4325209260 0.8868994713
-147.8 -396.2 2622.2 0 0 0 0 0 0 0 0 0
97.3 -406.6 2547.7 0 0 0 0 0 0 0 0 0
-215.3 -816.3 2697.6 0 0 0 0 0 0 0 0 0
149.7 -819.1 2615.3 0 0 0 0 0 0 0 0 0
22.6 93.6 2799.7 7 0.9776244164 -0.0282704532 0.2084496170 -0.0286209900 0.9638373256 0.2649498582 -0.2084017843 -0.2649874985 0.9414618015
28.4 -102.6 2853.7 0.9776244164 -0.0282704532 0.2084496170 -0.0286209900 0.9638373256 0.2649498582 -0.2084017843 -0.2649874985 0.9414618015
34.0 -294.9 2903.2 0.9775269032 -0.0283615217 0.2088942677 -0.0252933688 0.9679716229 0.2497823238 -0.2092879266 -0.2494525760 0.9455009103
-114.4 -98.9 2884.2 0.4652785957 -0.8311984539 -0.3043435812 0.8842657804 0.4209801853 0.2021131963 -0.0398735590 -0.3631595373 0.9308733940
-230.6 -319.6 2894.2 -0.2792783380 -0.8311984539 -0.4807419181 0.2486547530 0.4209801853 -0.8723224401 0.9274559021 -0.3631595373 0.0891107842
171.1 -106.3 2823.1 0.1909109652 0.8190078735 0.5410906076 -0.9633191824 0.2622282803 -0.0570308007 -0.1885979325 -0.5103551745 0.8390282393
214.4 -324.5 2780.4 -0.4290288687 0.8190078735 0.3809990585 -0.3107396364 0.2622282803 -0.9136067033 -0.8481598496 -0.5103551745 0.1419947147
-48.9 -480.9 2976.2 0.9268885255 0.1746612340 -0.3322214186 -0.3493392467 0.0777630210 -0.9337638617 -0.1372577995 0.9815530181 0.1330936849
-137.1 -520.2 2480.4 0.9268885255 0.2101928145 0.3109607697 -0.3493392467 0.7860859632 0.5099322796 -0.1372577995 -0.5812811852 0.8020427227
129.7 -486.4 2934.9 0.9593504071 0.1714678705 0.2241551280 0.2256043702 0.0112440810 -0.9741541147 -0.1695565432 0.9851255417 -0.0278968848
45.5 -491.9 2451.4 0.9593504071 -0.2784051299 0.0462314039 0.2256043702 0.8549636006 0.4670545459 -0.1695565432 -0.4376389682 0.8830190897
-151.2 -390.3 2630.5 0 0 0 0 0 0 0 0 0
95.6 -410.6 2545.6 0 0 0 0 0 0 0 0 0
-217.5 -820.5 2702.5 0 0 0 0 0 0 0 0 0
151.9 -818.6 2618.6 0 0 0 0 0 0 0 0 0
21.9 92.3 2799.2 8 0.9774419069 -0.0273424927 0.2094270289 -0.0310501773 0.9622071981 0.2705423832 -0.2089094967 -0.2709422112 0.9396526814
27.4 -103.5 2854.4 0.9774419069 -0.0273424927 0.2094270289 -0.0310501773 0.9622071981 0.2705423832 -0.2089094967 -0.2709422112 0.9396526814
32.5 -295.7 2904.6 0.9773941636 -0.0251770243 0.2099209428 -0.0292950440 0.9671800733 0.2523975074 -0.2093859762 -0.2528414726 0.9445785880
-115.3 -99.2 2885.0 0.4663336575 -0.8290119171 -0.3086619377 0.8844590783 0.4305289388 0.1799360961 -0.0162812788 -0.3569090962 0.9339972138
-228.8 -314.3 2888.9 -0.2860618234 -0.8290119171 -0.4805287719 0.2219284475 0.4305289388 -0.8748672009 0.9321568608 -0.3569090962 0.0608234331
170.2 -107.8 2823.8 0.1882412732 0.8123847246 0.5519024730 -0.9584666491 0.2745515704 -0.0772211105 -0.2142589390 -0.5144438744 0.8303256035
212.8 -324.7 2775.3 -0.4294400513 0.8123847246 0.3944773078 -0.3151284754 0.2745515704 -0.9084687233 -0.8463304639 -0.5144438744 0.1381021142
-50.0 -484.9 2972.0 0.9287438989 0.1709348410 -0.3289620280 -0.3421134353 0.0533695817 -0.9381418228 -0.1428045630 0.9838358164 0.1080457792
-135.6 -511.7 2479.2 0.9287438989 0.2065937817 0.3078209758 -0.3421134353 0.7974728346 0.4969864190 -0.1428045630 -0.5668827891 0.8113265634
129.3 -489.6 2933.6 0.9597670436 0.1743651778 0.2201001048 0.2246452421 -0.0065232562 -0.9744187593 -0.1684689224 0.9846594334 -0.0454311147
44.2 -486.4 2453.3 0.9597670436 -0.2765993476 0.0483742841 0.2246452421 0.8597171307 0.4587166905 -0.1684689224 -0.4293940961 0.8872648478
-147.5 -377.4 2624.0 0 0 0 0 0 0 0 0 0
93.9 -411.9 2541.0 0 0 0 0 0 0 0 0 0
-214.5 -816.4 2695.8 0 0 0 0 0 0 0 0 0
149.9 -814.9 2617.3 0 0 0 0 0 0 0 0 0
19.8 88.7 2800.0 9 0.9795880914 -0.0361549221 0.1977372020 -0.0217444897 0.9588606358 0.2830432355 -0.1998358220 -0.2815654576 0.9385023117
27.2 -106.2 2857.2 0.9795880914 -0.0361549221 0.1977372020 -0.0217444897 0.9588606358 0.2830432355 -0.1998358220 -0.2815654576 0.9385023117
33.9 -297.6 2910.1 0.9795571566 -0.0337712094 0.1983110309 -0.0208944399 0.9633954763 0.2672686875 -0.2000779361 -0.2659485638 0.9429953098
-115.9 -103.2 2886.5 0.3673279583 -0.8879732490 -0.2767194510 0.9277747869 0.3708063364 0.0416722260 0.0656054989 -0.2720406950 0.9600467682
-206.4 -331.7 2870.3 -0.2554903924 -0.8879732490 -0.3823978603 0.0941046476 0.3708063364 -0.9239301682 0.9622208476 -0.2720406950 -0.0111750448
170.2 -109.3 2828.0 0.1737918407 0.7986280918 0.5761853456 -0.9500291944 0.2900290489 -0.1154455394 -0.2593085468 -0.5273294449 0.8091247082
