-9.6 94.4 2485.0 4 0.9764949679 0.1649511755 0.1387397796 -0.2140845805 0.8169400692 0.5355153680 -0.0250082016 -0.5526301265 0.8330513239
-43.2 -72.0 2597.5 0.9764949679 0.1649511755 0.1387397796 -0.2140845805 0.8169400692 0.5355153680 -0.0250082016 -0.5526301265 0.8330513239
-75.7 -230.3 2707.8 0.9760445952 0.1657959819 0.1408851445 -0.2162989229 0.8093385100 0.5460640788 -0.0234885421 -0.5634562373 0.8258119822
-182.1 -41.2 2600.9 0.0246579684 -0.8579203486 -0.5131906271 0.9029920697 0.2393806279 -0.3567944765 0.4289491475 -0.4546092153 0.7805979252
-187.8 -249.9 2501.7 -0.2355949581 -0.8535248041 -0.4647477567 0.6344729066 0.2271556556 -0.7388128638 0.7361651659 -0.4689304531 0.4880216122
95.8 -102.7 2594.1 -0.3236693144 0.9460996985 -0.0115582421 -0.8928622603 -0.3094531596 -0.3271632195 -0.3131057620 -0.0955727771 0.9448971748
-16.1 -411.5 2485.8 -0.1406113356 0.9460996985 -0.2917599380 -0.1266305894 -0.3094531596 -0.9424454570 -0.9819333553 -0.0955727771 0.1633177847
-183.6 -377.9 2825.3 0.9990054965 -0.0346573479 -0.0280512106 -0.0299725216 -0.0562217049 -0.9979683161 0.0330098495 0.9978166223 -0.0572045594
-170.0 -355.9 2434.8 0.9990054965 0.0152328899 -0.0419041887 -0.0299725216 0.9252329469 -0.3782137930 0.0330098495 0.3790936172 0.9247693419
-6.2 -411.8 2820.3 0.9845255017 -0.1689106822 -0.0466763377 -0.0452273786 0.0124175958 -0.9988995194 0.1693044156 0.9855531454 0.0045860531
60.0 -416.6 2434.4 0.9845255017 -0.0276083536 -0.1730528176 -0.0452273786 0.9140257835 -0.4031269550 0.1693044156 0.4047155082 0.8986330628
-156.4 -334.6 2403.5 0 0 0 0 0 0 0 0 0
-50.9 -442.8 2242.7 0 0 0 0 0 0 0 0 0
-177.1 -785.5 2258.8 0 0 0 0 0 0 0 0 0
71.4 -794.6 2267.0 0 0 0 0 0 0 0 0 0
-6.7 97.5 2481.6 5 0.9709154963 0.1743713468 0.1640664041 -0.2361487448 0.8103820086 0.5362040401 -0.0394578353 -0.5593528748 0.8279899955
-42.3 -67.9 2595.8 0.9709154963 0.1743713468 0.1640664041 -0.2361487448 0.8103820086 0.5362040401 -0.0394578353 -0.5593528748 0.8279899955
-76.7 -225.2 2706.9 0.9704288244 0.1753820479 0.1658584028 -0.2383951992 0.8041847348 0.5444765091 -0.0378893949 -0.5679155588 0.8222143054
-180.5 -34.0 2601.2 0.0516514555 -0.8591674566 -0.5090809464 0.9031059742 0.2577863336 -0.3434323967 0.4263000488 -0.4420152307 0.7892343402
-192.4 -242.7 2502.7 -0.2098585665 -0.8552697897 -0.4737857580 0.6411985755 0.2454347312 -0.7270668745 0.7381218076 -0.4563719630 0.4968911707
95.9 -101.7 2590.3 -0.3317184746 0.9431982636 -0.0184347667 -0.9002161026 -0.3223241568 -0.2927764952 -0.2820882797 -0.0805241019 0.9560031891
-21.4 -420.0 2490.6 -0.1154440343 0.9431982636 -0.3115279675 -0.0907007530 -0.3223241568 -0.9422740936 -0.9891642928 -0.0805241019 0.1227591932
-196.3 -369.2 2820.2 0.9976504445 -0.0594932958 -0.0339717604 -0.0338392034 0.0032344742 -0.9994220734 0.0595687926 0.9982234836 0.0012136690
-173.0 -370.5 2430.2 0.9976504445 0.0086861253 -0.0679564849 -0.0338392034 0.9249593019 -0.3785567284 0.0595687926 0.3799668849 0.9230800271
-20.0 -408.3 2816.0 0.9776837230 -0.2016884536 -0.0587901995 -0.0538595915 0.0298528634 -0.9981021881 0.2030607462 0.9789946675 0.0183238015
59.0 -420.0 2432.8 0.9776837230 -0.0333993547 -0.2074102312 -0.0538595915 0.9144348502 -0.4011334479 0.2030607462 0.4033526778 0.8922291994
-164.4 -328.3 2404.1 0 0 0 0 0 0 0 0 0
-50.4 -442.8 2242.3 0 0 0 0 0 0 0 0 0
-177.0 -786.9 2259.1 0 0 0 0 0 0 0 0 0
72.6 -793.9 2267.9 0 0 0 0 0 0 0 0 0
-10.9 100.6 2481.9 6 0.9738848209 0.1439565718 0.1755702347 -0.2166574001 0.8204485774 0.5290781260 -0.0678820759 -0.5532997251 0.8302116990
-40.3 -67.2 2595.1 0.9738848209 0.1439565718 0.1755702347 -0.2166574001 0.8204485774 0.5290781260 -0.0678820759 -0.5532997251 0.8302116990
-68.7 -226.5 2705.3 0.9734824896 0.1446668506 0.1772098392 -0.2189352661 0.8137775660 0.5383618474 -0.0663262829 -0.5628833175 0.8238708973
-178.9 -36.1 2604.6 0.0456061624 -0.8754494190 -0.4811532199 0.8991064429 0.2458780110 -0.3621486127 0.4353477657 -0.4160917699 0.7983357310
-189.4 -243.9 2504.0 -0.2024076581 -0.8716988564 -0.4462871552 0.6286559105 0.2337667495 -0.7417174578 0.7508813739 -0.4306903780 0.5006824732
98.3 -98.3 2585.7 -0.3395189941 0.9403561950 -0.0213799253 -0.9046921134 -0.3326940238 -0.2661708295 -0.2574083507 -0.0710278079 0.9636887312
-24.1 -424.3 2492.9 -0.1013927087 0.9403561950 -0.3247303069 -0.0747938752 -0.3326940238 -0.9400641322 -0.9920309186 -0.0710278079 0.1040656269
-198.6 -361.1 2821.6 0.9961813688 -0.0752530396 -0.0442686826 -0.0465112403 -0.0283127632 -0.9985164404 0.0738880336 0.9967624545 -0.0317047574
-169.2 -350.1 2431.8 0.9961813688 0.0161605291 -0.0857996121 -0.0465112403 0.9298944473 -0.3648739457 0.0738880336 0.3674712479 0.9270951748
-23.3 -404.2 2814.7 0.9778006673 -0.2022241354 -0.0548754260 -0.0473895855 0.0416788496 -0.9980065823 0.2041081488 0.9784519672 0.0311702900
55.8 -420.5 2431.7 0.9778006673 -0.0391374715 -0.2058498710 -0.0473895855 0.9156421423 -0.3991913199 0.2041081488 0.4000846744 0.8934607506
-162.4 -327.8 2403.7 0 0 0 0 0 0 0 0 0
-49.6 -443.1 2243.3 0 0 0 0 0 0 0 0 0
-176.8 -786.9 2259.2 0 0 0 0 0 0 0 0 0
71.8 -794.8 2268.1 0 0 0 0 0 0 0 0 0
-12.4 99.6 2480.6 7 0.9744070768 0.1335965693 0.1807837337 -0.2122391164 0.8117458820 0.5440800786 -0.0740632191 -0.5685248971 0.8193253875
-39.6 -65.7 2596.4 0.9744070768 0.1335965693 0.1807837337 -0.2122391164 0.8117458820 0.5440800786 -0.0740632191 -0.5685248971 0.8193253875
-66.1 -223.4 2709.3 0.9739692807 0.1350011826 0.1820949167 -0.2148756981 0.8056991696 0.5519757867 -0.0721963421 -0.5767351985 0.8137347102
-178.3 -35.2 2606.7 0.0449067913 -0.8806365132 -0.4716595113 0.9059686065 0.2348495871 -0.3522307575 0.4209563136 -0.4114911556 0.8083754182
-188.7 -244.6 2509.4 -0.1986711770 -0.8769592047 -0.4375754595 0.6391544938 0.2225332260 -0.7361796498 0.7429746389 -0.4259360135 0.5163015127
99.1 -96.2 2586.1 -0.2172718495 0.9570059180 0.1921787262 -0.9416971803 -0.1536914706 -0.2993080616 -0.2569033504 -0.2460053861 0.9346026182
29.8 -396.4 2504.2 -0.2699744105 0.9570059180 -0.1060827076 -0.1617773622 -0.1536914706 -0.9747856259 -0.9491795897 -0.2460053861 0.1963146478
-184.9 -366.0 2821.4 0.9983075857 -0.0432450585 -0.0388828330 -0.0398543626 -0.0218348354 -0.9989668727 0.0423513837 0.9988258481 -0.0235213861
-168.0 -357.4 2430.7 0.9983075857 0.0213648416 -0.0540883839 -0.0398543626 0.9286664128 -0.3687686622 0.0423513837 0.3703002036 0.9279462099
-9.1 -405.5 2809.5 0.9854469299 -0.1649963856 -0.0408723168 -0.0273106322 0.0836419314 -0.9961215854 0.1677750945 0.9827411771 0.0779185221
55.5 -438.2 2425.2 0.9854469299 -0.0433257781 -0.1643691957 -0.0273106322 0.9140548110 -0.4046702087 0.1677750945 0.4032700360 0.8995692134
-162.2 -329.9 2410.3 0 0 0 0 0 0 0 0 0
-37.5 -436.7 2267.7 0 0 0 0 0 0 0 0 0
-177.8 -785.1 2260.2 0 0 0 0 0 0 0 0 0
72.4 -794.8 2267.9 0 0 0 0 0 0 0 0 0
-13.3 94.9 2478.9 8 0.9778240919 0.1259147227 0.1673485488 -0.1993517876 0.8044885397 0.5595150590 -0.0641788095 -0.5804685354 0.8117495775
-38.9 -68.8 2597.0 0.9778240919 0.1259147227 0.1673485488 -0.1993517876 0.8044885397 0.5595150590 -0.0641788095 -0.5804685354 0.8117495775
-63.8 -225.0 2712.2 0.9774731994 0.1269891709 0.1685818881 -0.2015756071 0.7984370589 0.5673319697 -0.0625570044 -0.5885338187 0.8060487509
-178.1 -40.2 2606.0 0.0288229100 -0.8812395930 -0.4717902839 0.9130401611 0.2153178453 -0.3464041650 0.4068499207 -0.4207791090 0.8108132482
-184.8 -251.2 2512.0 -0.2129445225 -0.8772863746 -0.4301433265 0.6477539539 0.2028315067 -0.7343528867 0.7314844131 -0.4350034595 0.5250738859
100.3 -97.4 2588.1 -0.1952301115 0.9425459504 0.2710946202 -0.9215292931 -0.0816911906 -0.3796185851 -0.3356619179 -0.3239346147 0.8845323324
40.8 -378.2 2485.8 -0.3340585232 0.9425459504 0.0034624627 -0.2405165434 -0.0816911906 -0.9672012925 -0.9113488197 -0.3239346147 0.2539875507
-180.5 -361.7 2828.7 0.9988400340 -0.0357917212 -0.0322107784 -0.0356487930 -0.0999855399 -0.9943500757 0.0323688872 0.9943449497 -0.1011454910
-166.6 -322.7 2440.7 0.9988400340 0.0214536469 -0.0431082658 -0.0356487930 0.9312918782 -0.3625252843 0.0323688872 0.3636415303 0.9309763908
-4.5 -400.5 2815.7 0.9858642817 -0.1612181216 -0.0456107631 -0.0328631550 0.0808720365 -0.9961825609 0.1642913222 0.9835997224 0.0744307190
58.6 -432.2 2430.7 0.9858642817 -0.0376670137 -0.1632569283 -0.0328631550 0.9120004773 -0.4088705480 0.1642913222 0.4084559977 0.8978708386
-156.4 -337.6 2414.3 0 0 0 0 0 0 0 0 0
-43.1 -438.6 2257.0 0 0 0 0 0 0 0 0 0
-177.3 -786.5 2259.6 0 0 0 0 0 0 0 0 0
73.5 -794.7 2268.4 0 0 0 0 0 0 0 0 0
-11.5 96.0 2478.1 9 0.9783416986 0.1237713173 0.1659160554 -0.1969986558 0.8028286695 0.5627234578 -0.0635531396 -0.5832210779 0.8098235726
-36.7 -68.0 2597.3 0.9783416986 0.1237713173 0.1659160554 -0.1969986558 0.8028286695 0.5627234578 -0.0635531396 -0.5832210779 0.8098235726
-61.2 -223.4 2713.8 0.9779707193 0.1242675036 0.1677227169 -0.1993872076 0.7939534187 0.5743541121 -0.0617904775 -0.5951432586 0.8012405634
-176.0 -39.7 2606.1 0.0266593508 -0.8821998239 -0.4701199532 0.9164063931 0.2094489187 -0.3410725296 0.3993602395 -0.4217281640 0.8140373230
-182.2 -251.5 2513.8 -0.2140896022 -0.8782246709 -0.4276530147 0.6531140208 0.1968578249 -0.7312243581 0.7263661027 -0.4358536899 0.5314356089
102.5 -96.3 2588.4 -0.2151616663 0.9439494014 0.2503297925 -0.8991238475 -0.0914310291 -0.4280382097 -0.3811585009 -0.3171748817 0.8683998585
37.9 -366.6 2473.9 -0.3298847377 0.9439494014 0.0116451802 -0.2951983511 -0.0914310291 -0.9510511756 -0.8966794014 -0.3171748817 0.3088140190
-177.1 -363.1 2833.1 0.9992755055 -0.0248624422 -0.0288143307 -0.0307557750 -0.0816068649 -0.9961899519 0.0224162675 0.9963544607 -0.0823124126
-167.3 -331.2 2443.7 0.9992755055 0.0200755373 -0.0323323309 -0.0307557750 0.9263706803 -0.3753550947 0.0224162675 0.3760775626 0.9263169765
-0.4 -399.5 2821.8 0.9864261746 -0.1564030945 -0.0500149392 -0.0404868834 0.0635250211 -0.9971586466 0.1591359079 0.9856483340 0.0563304722
60.8 -424.4 2436.0 0.9864261746 -0.0297965202 -0.1614793837 -0.0404868834 0.9089043736 -0.4150344729 0.1591359079 0.4159386456 0.8953607082
-153.6 -338.7 2416.9 0 0 0 0 0 0 0 0 0
-45.9 -441.6 2246.2 0 0 0 0 0 0 0 0 0
-177.2 -785.2 2259.4 0 0 0 0 0 0 0 0 0
72.9 -793.7 2266.9 0 0 0 0 0 0 0 0 0
-10.1 95.5 2486.7 0 0.9809561968 0.1326369196 0.1418886632 -0.1891954690 0.8177576661 0.5435783863 -0.0439319760 -0.5600712895 0.8272787333
-37.0 -70.3 2600.3 0.9809561968 0.1326369196 0.1418886632 -0.1891954690 0.8177576661 0.5435783863 -0.0439319760 -0.5600712895 0.8272787333
-63.3 -228.5 2712.5 0.9804938436 0.1337679625 0.1440067738 -0.1920175999 0.8083495498 0.5565071702 -0.0419649817 -0.5733036995 0.8182675838
-176.6 -43.1 2606.3 0.0107102124 -0.8728235960 -0.4879183173 0.9069864154 0.2139283270 -0.3627813458 0.4210236669 -0.4386498332 0.7939303517
-179.1 -252.7 2509.0 -0.2363402843 -0.8684163690 -0.4358856082 0.6346985102 0.2016941905 -0.7459740639 0.7357316613 -0.4529596567 0.5035141110
102.6 -97.6 2594.3 -0.2370824516 0.9523673654 0.1918027103 -0.8855576515 -0.1306744516 -0.4457710087 -0.3994740546 -0.2755368352 0.8743568659
31.4 -363.4 2474.4 -0.3032326996 0.9523673654 -0.0323465019 -0.3099549413 -0.1306744516 -0.9417282939 -0.9010981321 -0.2755368352 0.3348157406
-173.9 -360.8 2835.9 0.9995780587 -0.0161049627 -0.0241730772 -0.0255273450 -0.0900043100 -0.9956141710 0.0138586489 0.9958111644 -0.0903774500
-167.6 -325.6 2446.3 0.9995780587 0.0184333604 -0.0224481337 -0.0255273450 0.9262179732 -0.3761232197 0.0138586489 0.3765375614 0.9262976646
2.9 -396.9 2824.7 0.9873778820 -0.1497352123 -0.0516161621 -0.0418824255 0.0674486831 -0.9968432784 0.1527439803 0.9864228368 0.0603260659
61.5 -423.3 2438.5 0.9873778820 -0.0266107693 -0.1561304927 -0.0418824255 0.9068232775 -0.4194251001 0.1527439803 0.4206702113 0.8942627311
-147.6 -337.4 2410.7 0 0 0 0 0 0 0 0 0
-46.9 -443.4 2241.6 0 0 0 0 0 0 0 0 0
-176.8 -787.3 2258.6 0 0 0 0 0 0 0 0 0
72.4 -794.8 2266.1 0 0 0 0 0 0 0 0 0
-8.7 98.0 2485.5 1 0.9806058407 0.1303491890 0.1463600397 -0.1898342371 0.8173903823 0.5439080000 -0.0487353206 -0.5611435175 0.8262825608
-35.2 -68.4 2599.7 0.9806058407 0.1303491890 0.1463600397 -0.1898342371 0.8173903823 0.5439080000 -0.0487353206 -0.5611435175 0.8262825608
-61.0 -226.5 2712.1 0.9801517725 0.1314539313 0.1483995318 -0.1926537752 0.8081539869 0.5565713048 -0.0467661917 -0.5741140842 0.8174386621
-174.8 -41.0 2606.4 0.0133682601 -0.8748408556 -0.4842259586 0.9070599079 0.2144035697 -0.3623167574 0.4207892716 -0.4343784153 0.7963992357
-177.9 -250.7 2509.2 -0.2323001325 -0.8705121875 -0.4338723421 0.6349905133 0.2021638453 -0.7455982566 0.7367656827 -0.4487074018 0.5058043003
104.3 -95.7 2593.1 -0.2521119416 0.9538321495 0.1632292718 -0.8848580718 -0.1589418352 -0.4379082620 -0.3917470276 -0.2548366487 0.8840772510
28.9 -360.6 2475.8 -0.2938718498 0.9538321495 -0.0619964227 -0.3187560439 -0.1589418352 -0.9344153404 -0.9011292458 -0.2548366487 0.3507483006
-178.0 -369.4 2828.5 0.9992089272 -0.0262527354 -0.0298717245 -0.0312351361 -0.0531576164 -0.9980974793 0.0246148799 0.9982410073 -0.0539355725
-167.7 -348.6 2437.9 0.9992089272 0.0196391027 -0.0345808007 -0.0312351361 0.9257811308 -0.3767673373 0.0246148799 0.3775494099 0.9256622195
-0.8 -404.1 2820.9 0.9858509898 -0.1577525437 -0.0566746742 -0.0451105423 0.0759471357 -0.9960908890 0.1614401489 0.9845538139 0.0677562505
61.0 -433.9 2435.3 0.9858509898 -0.0278541278 -0.1652937680 -0.0451105423 0.9056310058 -0.4216603935 0.1614401489 0.4231507778 0.8915607333
-146.9 -335.4 2410.8 0 0 0 0 0 0 0 0 0
-47.9 -443.9 2240.3 0 0 0 0 0 0 0 0 0
-177.0 -786.2 2259.5 0 0 0 0 0 0 0 0 0
72.1 -795.7 2266.3 0 0 0 0 0 0 0 0 0
-6.3 105.2 2491.9 2 0.9763427377 0.1367246360 0.1675148755 -0.2052832544 0.8294653296 0.5194670558 -0.0679238439 -0.5415658951 0.8379097581
-34.0 -63.2 2601.8 0.9763427377 0.1367246360 0.1675148755 -0.2052832544 0.8294653296 0.5194670558 -0.0679238439 -0.5415658951 0.8379097581
-61.1 -223.8 2710.3 0.9758065343 0.1380466521 0.1695428193 -0.2085039616 0.8209001422 0.5316475034 -0.0657855645 -0.5541354418 0.8298230171
-173.0 -33.6 2611.3 0.0353964567 -0.8767248392 -0.4796880782 0.8950154781 0.2413603067 -0.3750900030 0.4446283877 -0.4160513878 0.7932255864
-181.2 -240.4 2508.5 -0.2107589692 -0.8728131056 -0.4402021766 0.6188848615 0.2294370681 -0.7512257695 0.7566784024 -0.4307620227 0.4918148816
105.0 -92.8 2592.4 -0.2297146469 0.9440471530 0.2366561443 -0.8853750229 -0.1017255932 -0.4536110759 -0.4041562378 -0.3137305379 0.8592036366
37.0 -354.8 2472.8 -0.3293417990 0.9440471530 0.0175767057 -0.3414598405 -0.1017255932 -0.9343752265 -0.8803063035 -0.3137305379 0.3558566868
-175.4 -367.4 2828.8 0.9996469617 -0.0152607281 -0.0217512399 -0.0230628662 -0.0918152779 -0.9955089688 0.0131950947 0.9956591129 -0.0921348184
-169.4 -331.4 2439.3 0.9996469617 0.0166306533 -0.0207226370 -0.0230628662 0.9303773642 -0.3658771515 0.0131950947 0.3662258983 0.9304324389
1.8 -402.2 2820.3 0.9871457219 -0.1519386023 -0.0495780744 -0.0390361920 0.0715982616 -0.9966694117 0.1549822688 0.9857932329 0.0647468120
61.3 -430.3 2434.2 0.9871457219 -0.0290010683 -0.1571695358 -0.0390361920 0.9098639488 -0.4130662680 0.1549822688 0.4138919115 0.8970362544
-153.1 -323.1 2407.5 0 0 0 0 0 0 0 0 0
-49.5 -444.5 2241.6 0 0 0 0 0 0 0 0 0
-177.5 -786.5 2260.2 0 0 0 0 0 0 0 0 0
73.0 -795.4 2268.1 0 0 0 0 0 0 0 0 0
-9.3 107.9 2484.6 3 0.9759824872 0.1203535348 0.1815853268 -0.2013827413 0.8163416982 0.5413235426 -0.0830854774 -0.5648904443 0.8209723234
-33.8 -58.7 2599.8 0.9759824872 0.1203535348 0.1815853268 -0.2013827413 0.8163416982 0.5413235426 -0.0830854774 -0.5648904443 0.8209723234
-57.8 -216.5 2713.0 0.9753957987 0.1222045049 0.1834913492 -0.2053084671 0.8067503572 0.5540778637 -0.0803209096 -0.5781175494 0.8119905591
-172.7 -29.5 2611.3 0.0395246260 -0.8863371611 -0.4613505006 0.9065407515 0.2260000259 -0.3565218449 0.4202637672 -0.4041416645 0.8124333024
-181.8 -239.0 2514.1 -0.1986965090 -0.8826604486 -0.4259462953 0.6374752522 0.2137144357 -0.7402374148 0.7444091439 -0.4186128080 0.5202098489
105.1 -87.9 2588.3 -0.2205909491 0.9400752187 0.2599964738 -0.8969297409 -0.0907800347 -0.4327540100 -0.3832188547 -0.3286601901 0.8632066846
39.8 -353.3 2474.9 -0.3395620286 0.9400752187 0.0309216976 -0.3366718590 -0.0907800347 -0.9372358322 -0.8782651424 -0.3286601901 0.3473223448
-176.4 -365.7 2824.8 0.9998050928 -0.0119448872 -0.0157190282 -0.0161635093 -0.0380733721 -0.9991441965 0.0113361888 0.9992035627 -0.0382590257
-171.7 -350.8 2434.2 0.9998050928 0.0107778385 -0.0165410507 -0.0161635093 0.9279521108 -0.3723487854 0.0113361888 0.3725435734 0.9279454350
-0.0 -403.4 2812.9 0.9830532074 -0.1664630026 -0.0767883062 -0.0584839433 0.1122068018 -0.9919623137 0.1737411916 0.9796426296 0.1005698442
65.1 -447.3 2429.5 0.9830532074 -0.0206197146 -0.1821570843 -0.0584839433 0.9064561129 -0.4182307720 0.1737411916 0.4217963517 0.8898886442
-155.3 -324.1 2414.8 0 0 0 0 0 0 0 0 0
-51.0 -443.4 2239.9 0 0 0 0 0 0 0 0 0
-176.8 -785.4 2259.8 0 0 0 0 0 0 0 0 0
73.0 -794.1 2268.1 0 0 0 0 0 0 0 0 0
-12.2 105.6 2491.4 4 0.9826242328 0.1128112599 0.1473881304 -0.1745658815 0.8315010071 0.5273829699 -0.0630586445 -0.5439482331 0.8367460370
-35.2 -63.5 2602.0 0.9826242328 0.1128112599 0.1473881304 -0.1745658815 0.8315010071 0.5273829699 -0.0630586445 -0.5439482331 0.8367460370
-57.4 -224.4 2711.1 0.9822800756 0.1134571657 0.1491756737 -0.1770818084 0.8225301504 0.5404499769 -0.0613835640 -0.5572895408 0.8280461431
-175.0 -38.3 2610.8 0.0047663166 -0.8825309873 -0.4702301025 0.8976109624 0.2110404670 -0.3869838119 0.4407627881 -0.4202392101 0.7931753397
-176.1 -245.7 2508.9 -0.2334768772 -0.8781809807 -0.4174765944 0.6150099039 0.1991864890 -0.7629466653 0.7531609535 -0.4348826408 0.4935845435
104.6 -88.7 2593.3 -0.2018448114 0.9321911931 0.3004633486 -0.8886839151 -0.0453592315 -0.4562712014 -0.4117031991 -0.3591129184 0.8375788927
43.8 -356.5 2469.2 -0.3531604409 0.9321911931 0.0793552101 -0.3314797878 -0.0453592315 -0.9423713088 -0.8748707771 -0.3591129184 0.3250216246
-169.8 -355.8 2833.4 0.9999519587 0.0085048247 -0.0048761033 -0.0042092893 -0.0767324939 -0.9970428348 -0.0088538295 0.9970154166 -0.0766930059
-173.2 -325.8 2443.6 0.9999519587 0.0072131450 0.0066391989 -0.0042092893 0.9275263548 -0.3737340569 -0.0088538295 0.3736881614 0.9275121689
6.4 -393.0 2818.8 0.9864526391 -0.1493525207 -0.0678601265 -0.0520509854 0.1073285118 -0.9928601384 0.1555694789 0.9829416871 0.0981005505
64.9 -435.0 2434.0 0.9864526391 -0.0180701986 -0.1630479693 -0.0520509854 0.9080786109 -0.4155525267 0.1555694789 0.4184097052 0.8948360085
-144.9 -327.9 2408.4 0 0 0 0 0 0 0 0 0
-49.8 -444.4 2237.2 0 0 0 0 0 0 0 0 0
-176.7 -785.9 2258.3 0 0 0 0 0 0 0 0 0
72.1 -795.6 2267.9 0 0 0 0 0 0 0 0 0
-10.1 103.9 2484.9 5 0.9816083908 0.1224769130 0.1464388669 -0.1838327050 0.8132883310 0.5520576239 -0.0514827110 -0.5688246489 0.8208459616
-35.0 -61.1 2600.2 0.9816083908 0.1224769130 0.1464388669 -0.1838327050 0.8132883310 0.5520576239 -0.0514827110 -0.5688246489 0.8208459616
-59.2 -218.2 2714.2 0.9811452627 0.1236895099 0.1485089213 -0.1868740618 0.8031919003 0.5656508207 -0.0493160821 -0.5827381015 0.8111622930
-174.6 -34.5 2607.2 0.0094516063 -0.8781423569 -0.4783060551 0.9112893343 0.2044804394 -0.3574066758 0.4116581678 -0.4324971437 0.8021743894
-176.8 -245.1 2512.1 -0.2330444753 -0.8737999201 -0.4268067777 0.6408364773 0.1921257973 -0.7432470918 0.7314498425 -0.4467229843 0.5151889920
104.7 -87.6 2593.2 -0.2135031372 0.9401389360 0.2656222582 -0.8831757307 -0.0695093051 -0.4638631940 -0.4176326394 -0.3336273730 0.8451483846
40.1 -355.0 2466.8 -0.3368119895 0.9401389360 0.0519273989 -0.3386855721 -0.0695093051 -0.9383285642 -0.8785498142 -0.3336273730 0.3418230712
-168.2 -369.3 2825.7 0.9999002218 0.0140982987 -0.0008737585 -0.0003682683 -0.0358175263 -0.9993582964 -0.0141205480 0.9992588758 -0.0358087607
-173.7 -355.3 2435.0 0.9999002218 0.0056728749 0.0129361507 -0.0003682683 0.9259691834 -0.3775988817 -0.0141205480 0.3775564432 0.9258788824
9.2 -401.4 2814.7 0.9857307673 -0.1483317763 -0.0795774385 -0.0611105673 0.1251473725 -0.9902543426 0.1568450928 0.9809871912 0.1142969728
67.3 -450.4 2430.6 0.9857307673 -0.0124493754 -0.1678686887 -0.0611105673 0.9027546048 -0.4257929027 0.1568450928 0.4299756885 0.8891122341
-145.7 -330.6 2414.4 0 0 0 0 0 0 0 0 0
-48.9 -444.5 2234.5 0 0 0 0 0 0 0 0 0
-176.4 -785.9 2259.5 0 0 0 0 0 0 0 0 0
72.0 -793.7 2267.1 0 0 0 0 0 0 0 0 0
-7.8 102.2 2483.1 6 0.9845958948 0.1232008487 0.1240666062 -0.1718325019 0.8129805326 0.5563597679 -0.0323197395 -0.5691082478 0.8216271996
-32.9 -63.3 2598.9 0.9845958948 0.1232008487 0.1240666062 -0.1718325019 0.8129805326 0.5563597679 -0.0323197395 -0.5691082478 0.8216271996
-57.4 -220.7 2712.6 0.9841467738 0.1249974146 0.1258204281 -0.1747590750 0.8044099212 0.5677886605 -0.0302390922 -0.5807756186 0.8135018349
-173.0 -38.5 2603.2 -0.0097508458 -0.8720824122 -0.4892618954 0.9115121961 0.1934309900 -0.3629462719 0.4111574888 -0.4495072067 0.7930276394
-170.8 -249.1 2508.2 -0.2550212145 -0.8673138022 -0.4274703562 0.6382205486 0.1811248809 -0.7482435107 0.7263874412 -0.4636383355 0.5073468089
107.2 -88.1 2594.6 -0.2126577199 0.9344505668 0.2856200039 -0.8789831996 -0.0552641489 -0.4736395776 -0.4268082380 -0.3517782986 0.8331186771
42.0 -357.8 2463.7 -0.3482495844 0.9344505668 0.0743257254 -0.3480253816 -0.0552641489 -0.9358547926 -0.8704025149 -0.3517782986 0.3444582522
-172.0 -358.5 2832.7 0.9999821186 0.0052729123 -0.0028173595 -0.0026253108 -0.0360809006 -0.9993454218 -0.0053711138 0.9993349910 -0.0360664129
-174.1 -344.3 2441.6 0.9999821186 0.0044740541 0.0039653452 -0.0026253108 0.9245343208 -0.3810897768 -0.0053711138 0.3810725510 0.9245295525
5.3 -392.2 2823.8 0.9854942560 -0.1550842226 -0.0689201429 -0.0579325557 0.0742913485 -0.9955524206 0.1595146358 0.9851039052 0.0642292723
65.9 -421.3 2438.5 0.9854942560 -0.0140204560 -0.1691287309 -0.0579325557 0.9089252949 -0.4129147530 0.1595146358 0.4167231619 0.8949284554
-136.7 -334.4 2411.3 0 0 0 0 0 0 0 0 0
-50.4 -450.2 2232.7 0 0 0 0 0 0 0 0 0
-176.2 -787.0 2259.1 0 0 0 0 0 0 0 0 0
71.7 -794.6 2267.4 0 0 0 0 0 0 0 0 0
-9.8 102.5 2483.2 7 0.9853475690 0.1199668124 0.1212359667 -0.1675910801 0.8130282760 0.5575824976 -0.0316768736 -0.5697306395 0.8212208152
-34.2 -62.9 2599.1 0.9853475690 0.1199668124 0.1212359667 -0.1675910801 0.8130282760 0.5575824976 -0.0316768736 -0.5697306395 0.8212208152
-58.2 -220.5 2712.6 0.9848437905 0.1225478798 0.1227386296 -0.1709530354 0.8053531051 0.5676103234 -0.0292884987 -0.5799900293 0.8140969276
-174.4 -38.7 2603.3 -0.0137073761 -0.8723216653 -0.4887402058 0.9111354947 0.1904428899 -0.3654635549 0.4118788838 -0.4503180981 0.7921927571
-171.3 -249.2 2508.1 -0.2582742870 -0.8674902320 -0.4251529872 0.6366491318 0.1781665832 -0.7502896190 0.7266169786 -0.4644538164 0.5062710643
106.1 -87.2 2594.9 -0.2340140045 0.9471643567 0.2193562388 -0.8833670616 -0.1129050925 -0.4548791945 -0.4060789347 -0.3002201915 0.8631151319
34.7 -356.5 2471.1 -0.3207303584 0.9471643567 0.0034273232 -0.3433889151 -0.1129050925 -0.9323821664 -0.8827321529 -0.3002201915 0.3614578247
-170.8 -362.4 2829.0 0.9999575615 0.0091628907 -0.0009275740 -0.0007542326 -0.0189031456 -0.9998210073 -0.0091787847 0.9997793436 -0.0188954324
-174.4 -355.0 2437.6 0.9999575615 0.0042122798 0.0081899734 -0.0007542326 0.9237428308 -0.3830125630 -0.0091787847 0.3829901516 0.9237068295
7.0 -394.0 2823.6 0.9861689210 -0.1496445686 -0.0712555200 -0.0572012700 0.0962121412 -0.9937158823 0.1555598229 0.9840476513 0.0863215700
65.6 -431.6 2438.5 0.9861689210 -0.0147846816 -0.1650825739 -0.0572012700 0.9044575095 -0.4227110445 0.1555598229 0.4263074398 0.8911021948
-136.8 -334.2 2411.1 0 0 0 0 0 0 0 0 0
-50.6 -447.9 2236.1 0 0 0 0 0 0 0 0 0
-176.4 -787.2 2258.4 0 0 0 0 0 0 0 0 0
71.5 -794.5 2267.5 0 0 0 0 0 0 0 0 0
-11.4 103.2 2490.2 8 0.9880691171 0.1125311702 0.1051481888 -0.1516767591 0.8294268847 0.5376292467 -0.0267126914 -0.5471633673 0.8365994692
-34.3 -65.4 2601.5 0.9880691171 0.1125311702 0.1051481888 -0.1516767591 0.8294268847 0.5376292467 -0.0267126914 -0.5471633673 0.8365994692
-56.8 -226.0 2711.0 0.9876177311 0.1148639992 0.1068527326 -0.1549523920 0.8206654191 0.5499982238 -0.0245153420 -0.5597450733 0.8283021450
-174.9 -43.4 2605.0 -0.0315158777 -0.8713150024 -0.4897110164 0.9008022547 0.1875361949 -0.3916445971 0.4330843687 -0.4534758031 0.7789721489
-167.6 -251.6 2504.9 -0.2744332850 -0.8661708832 -0.4176533818 0.6151862741 0.1756744236 -0.7685599327 0.7390752435 -0.4678530395 0.4846455157
106.3 -87.4 2598.0 -0.2181223929 0.9389668107 0.2660149336 -0.8793020248 -0.0708342791 -0.4709676206 -0.4233799875 -0.3366360366 0.8410859704
40.5 -352.9 2470.2 -0.3394099772 0.9389668107 0.0560552031 -0.3502133489 -0.0708342791 -0.9339877367 -0.8730128407 -0.3366360366 0.3528805971
-171.2 -362.8 2828.8 0.9999542832 0.0095030181 0.0010785623 0.0014639182 -0.0406377241 -0.9991728663 -0.0094513269 0.9991287589 -0.0406497791
-174.9 -346.9 2437.7 0.9999542832 0.0022094601 0.0093053170 0.0014639182 0.9261252880 -0.3772131503 -0.0094513269 0.3772095442 0.9260796905
6.8 -393.7 2823.6 0.9857426286 -0.1503127515 -0.0756145567 -0.0616463013 0.0955140889 -0.9935173988 0.1565605849 0.9840137959 0.0848860890
65.6 -431.1 2438.3 0.9857426286 -0.0117916623 -0.1678464860 -0.0616463013 0.9028701782 -0.4254705012 0.1565605849 0.4297515452 0.8892707229
-131.0 -333.7 2406.2 0 0 0 0 0 0 0 0 0
-49.9 -446.1 2237.7 0 0 0 0 0 0 0 0 0
-176.0 -787.1 2258.4 0 0 0 0 0 0 0 0 0
70.4 -795.0 2265.0 0 0 0 0 0 0 0 0 0
-12.2 99.8 2484.3 9 0.9887152910 0.1105593368 0.1010878310 -0.1482582986 0.8189162016 0.5544327497 -0.0214847419 -0.5631632805 0.8260663152
-34.8 -67.2 2599.1 0.9887152910 0.1105593368 0.1010878310 -0.1482582986 0.8189162016 0.5544327497 -0.0214847419 -0.5631632805 0.8260663152
-56.9 -226.1 2711.2 0.9883410931 0.1126978993 0.1023772731 -0.1509917527 0.8119558692 0.5638520718 -0.0195808876 -0.5727362633 0.8195058107
-175.5 -45.8 2601.9 -0.0365231112 -0.8709807396 -0.4899577200 0.9075751901 0.1763128042 -0.3810788691 0.4182981849 -0.4585916400 0.7840410471
-167.1 -255.6 2505.3 -0.2789634168 -0.8657490015 -0.4155215025 0.6259062290 0.1642416269 -0.7624080777 0.7282999754 -0.4727614522 0.4960602522
106.0 -88.7 2596.3 -0.2147636563 0.9379916191 0.2721181810 -0.8789827824 -0.0641726851 -0.4725157320 -0.4257532358 -0.3406663835 0.8382604718
41.8 -351.3 2469.1 -0.3406085670 0.9379916191 0.0644788444 -0.3533957601 -0.0641726851 -0.9332702160 -0.8712618947 -0.3406663835 0.3533400297
-168.5 -372.6 2822.8 0.9998778701 0.0154441446 0.0023860850 0.0027110116 -0.0210521948 -0.9997746944 -0.0153904324 0.9996590614 -0.0210914928
-174.6 -364.4 2431.4 0.9998778701 0.0033071076 0.0152734425 0.0027110116 0.9258250594 -0.3779425621 -0.0153904324 0.3779377937 0.9257030487
10.0 -400.6 2818.4 0.9879470468 -0.1408740133 -0.0641491413 -0.0514447279 0.0920456424 -0.9944249988 0.1459932923 0.9857393503 0.0836889967
65.1 -436.7 2432.4 0.9879470468 -0.0148756886 -0.1540756673 -0.0514447279 0.9072378278 -0.4174601436 0.1459932923 0.4203549027 0.8955376744
-129.9 -339.1 2408.0 0 0 0 0 0 0 0 0 0
-49.3 -445.8 2236.1 0 0 0 0 0 0 0 0 0
-176.1 -786.9 2258.9 0 0 0 0 0 0 0 0 0
71.0 -795.0 2266.4 0 0 0 0 0 0 0 0 0
-11.9 100.3 2482.3 0 0.9904521108 0.1015306637 0.0932529867 -0.1363616586 0.8209142089 0.5545316339 -0.0202507395 -0.5619531870 0.8269211054
-32.7 -67.9 2597.4 0.9904521108 0.1015306637 0.0932529867 -0.1363616586 0.8209142089 0.5545316339 -0.0202507395 -0.5619531870 0.8269211054
-52.8 -227.0 2709.5 0.9902333021 0.1024188325 0.0945959836 -0.1381150037 0.8132457733 0.5652924776 -0.0190331880 -0.5728365183 0.8194486499
-173.7 -48.3 2600.1 -0.0485563613 -0.8729608059 -0.4853676558 0.9071019888 0.1648712754 -0.3872769773 0.4181008041 -0.4590827227 0.7838588953
-162.5 -258.0 2503.5 -0.2874722183 -0.8675647974 -0.4058214128 0.6223592162 0.1528665274 -0.7676593065 0.7280307412 -0.4732474089 0.4959920645
108.3 -87.5 2594.6 -0.2189649493 0.9380108118 0.2686820030 -0.8807851076 -0.0715298504 -0.4680823088 -0.4198474884 -0.3391447365 0.8418484926
43.1 -350.1 2469.5 -0.3416626155 0.9380108118 0.0583296046 -0.3554838896 -0.0715298504 -0.9319413304 -0.8699987531 -0.3391447365 0.3578867912
-168.3 -371.4 2825.1 0.9998664856 0.0162241869 0.0019422844 0.0031231150 -0.0730770752 -0.9973214269 -0.0160387941 0.9971943498 -0.0731179863
-174.7 -342.9 2435.1 0.9998664856 0.0030483238 0.0160531756 0.0031231150 0.9286801815 -0.3708684146 -0.0160387941 0.3708690405 0.9285466671
10.4 -398.7 2821.6 0.9888108969 -0.1377641708 -0.0572188944 -0.0461864546 0.0819901451 -0.9955623746 0.1418442130 0.9870656729 0.0747099146
64.3 -430.8 2435.0 0.9888108969 -0.0178852454 -0.1480982304 -0.0461864546 0.9072975516 -0.4179449677 0.1418442130 0.4201086760 0.8963196278
-124.1 -341.0 2406.3 0 0 0 0 0 0 0 0 0
-48.9 -445.8 2235.2 0 0 0 0 0 0 0 0 0
-176.1 -786.1 2258.1 0 0 0 0 0 0 0 0 0
71.5 -794.5 2266.7 0 0 0 0 0 0 0 0 0
-10.9 101.6 2489.8 1 0.9909619093 0.0950310454 0.0946765020 -0.1311400980 0.8348232508 0.5346703529 -0.0282278601 -0.5422538519 0.8397403955
-30.3 -68.8 2600.5 0.9909619093 0.0950310454 0.0946765020 -0.1311400980 0.8348232508 0.5346703529 -0.0282278601 -0.5422538519 0.8397403955
-49.2 -230.6 2708.9 0.9907369614 0.0960313827 0.0960118994 -0.1330965757 0.8269569874 0.5462850928 -0.0269371998 -0.5540037155 0.8320782781
-171.4 -49.9 2604.3 -0.0505934469 -0.8758859634 -0.4798584282 0.8967832923 0.1716295928 -0.4078271985 0.4395680130 -0.4509623945 0.7767965794
-159.8 -257.2 2502.7 -0.2867424786 -0.8705046773 -0.4000005126 0.6037378907 0.1599862128 -0.7809641361 0.7438274622 -0.4654310644 0.4796817899
110.8 -87.7 2596.6 -0.2224574089 0.9359700084 0.2728971243 -0.8789058924 -0.0713852718 -0.4716233611 -0.4219444692 -0.3447669744 0.8385097384
44.0 -351.4 2470.0 -0.3470984697 0.9359700084 0.0590152144 -0.3512233794 -0.0713852718 -0.9335664511 -0.8695773482 -0.3447669744 0.3535122871
-162.4 -373.8 2823.4 0.9995372295 0.0299768783 0.0051634763 0.0064689168 -0.0436159037 -0.9990274310 -0.0297225136 0.9985985160 -0.0437896363
-174.1 -356.7 2432.8 0.9995372295 0.0051992233 0.0299706981 0.0064689168 0.9264132380 -0.3764527738 -0.0297225136 0.3764724433 0.9259508848
16.6 -398.8 2820.0 0.9915506244 -0.1217360646 -0.0448075794 -0.0358148105 0.0750811473 -0.9965340495 0.1246783361 0.9897187352 0.0700868070
64.3 -428.2 2432.4 0.9915506244 -0.0189063437 -0.1283352524 -0.0358148105 0.9109684825 -0.4109180868 0.1246783361 0.4120423794 0.9025942683
-121.5 -337.8 2403.4 0 0 0 0 0 0 0 0 0
-49.2 -445.7 2236.4 0 0 0 0 0 0 0 0 0
-176.5 -784.9 2258.8 0 0 0 0 0 0 0 0 0
71.9 -794.7 2266.6 0 0 0 0 0 0 0 0 0
-11.6 99.7 2483.5 2 0.9919165373 0.0881701186 0.0912560001 -0.1242512539 0.8208407164 0.5574783683 -0.0257537030 -0.5643106699 0.8251606822
-29.6 -68.1 2598.9 0.9919165373 0.0881701186 0.0912560001 -0.1242512539 0.8208407164 0.5574783683 -0.0257537030 -0.5643106699 0.8251606822
-47.0 -227.3 2711.4 0.9917806387 0.0885191038 0.0923880562 -0.1255081296 0.8134379983 0.5679492950 -0.0248775892 -0.5748765469 0.8178619146
-170.8 -50.3 2602.5 -0.0575710535 -0.8777891994 -0.4755751491 0.9071712494 0.1528844088 -0.3920034170 0.4168043733 -0.4539961517 0.7875034213
-157.5 -260.0 2506.2 -0.2909301221 -0.8723272681 -0.3929437995 0.6199710369 0.1409236044 -0.7718655467 0.7286943793 -0.4681727290 0.4998187423
111.7 -85.9 2595.3 -0.2262829542 0.9358636737 0.2701021135 -0.8796138763 -0.0772132725 -0.4693799615 -0.4184201956 -0.3437982500 0.8406707644
43.5 -350.8 2469.4 -0.3481873870 0.9358636737 0.0540802777 -0.3523954153 -0.0772132725 -0.9326604605 -0.8686673641 -0.3437982500 0.3566787541
-157.6 -380.5 2819.8 0.9990230203 0.0426841341 0.0114461007 0.0132056223 -0.0411704257 -0.9990648627 -0.0421729796 0.9982399940 -0.0416938774
-174.3 -364.4 2429.1 0.9990230203 0.0035460696 0.0440496765 0.0132056223 0.9272767305 -0.3741436899 -0.0421729796 0.3743598759 0.9263240099
21.5 -404.5 2814.9 0.9939833879 -0.1053211093 -0.0300746951 -0.0203135330 0.0925555527 -0.9955002666 0.1076307744 0.9901216626 0.0898592398
62.7 -440.8 2427.2 0.9939833879 -0.0258686170 -0.1064323187 -0.0203135330 0.9113153219 -0.4112076461 0.1076307744 0.4108955860 0.9053068161
-118.7 -342.7 2408.9 0 0 0 0 0 0 0 0 0
-49.7 -445.2 2236.7 0 0 0 0 0 0 0 0 0
-175.9 -787.1 2258.4 0 0 0 0 0 0 0 0 0
72.8 -794.0 2268.0 0 0 0 0 0 0 0 0 0
-11.6 100.3 2489.4 3 0.9910347462 0.0849108547 0.1031517312 -0.1279481500 0.8254454732 0.5497899652 -0.0384629965 -0.5580590367 0.8289093375
-28.8 -67.1 2602.6 0.9910347462 0.0849108547 0.1031517312 -0.1279481500 0.8254454732 0.5497899652 -0.0384629965 -0.5580590367 0.8289093375
-45.3 -226.6 2714.8 0.9909651875 0.0837929919 0.1047221944 -0.1286245435 0.8149615526 0.5650605559 -0.0379964486 -0.5734251738 0.8183763623
-170.0 -48.9 2608.0 -0.0492603593 -0.8830358982 -0.4667130411 0.9060300589 0.1571468413 -0.3929559588 0.4203366935 -0.4422132075 0.7923159599
-158.6 -258.3 2510.9 -0.2795362175 -0.8777952790 -0.3890179396 0.6185989976 0.1452133656 -0.7721711993 0.7342988253 -0.4564959407 0.5024108887
112.3 -85.4 2597.1 -0.2238428891 0.9326348305 0.2829958498 -0.8773707747 -0.0663861856 -0.4751982987 -0.4243994653 -0.3546620309 0.8331266046
44.8 -349.9 2469.1 -0.3540451527 0.9326348305 0.0696011260 -0.3579724431 -0.0663861856 -0.9313691854 -0.8640068173 -0.3546620309 0.3573612869
-154.0 -375.2 2826.2 0.9985918999 0.0514270812 0.0130190132 0.0159046985 -0.0561075322 -0.9982980490 -0.0506090932 0.9970993996 -0.0568464585
-174.1 -353.2 2435.8 0.9985918999 0.0044471114 0.0528626777 0.0159046985 0.9255437255 -0.3783065677 -0.0506090932 0.3786146343 0.9241697192
25.3 -397.8 2821.7 0.9953976870 -0.0942361578 -0.0174051560 -0.0116326828 0.0614617988 -0.9980416298 0.0951213613 0.9936508536 0.0600827150
62.2 -421.9 2432.8 0.9953976870 -0.0281391367 -0.0916055813 -0.0116326828 0.9133683443 -0.4069680274 0.0951213613 0.4061606824 0.9088373780
-121.3 -340.9 2412.9 0 0 0 0 0 0 0 0 0
-49.7 -445.5 2238.5 0 0 0 0 0 0 0 0 0
-176.2 -785.9 2258.8 0 0 0 0 0 0 0 0 0
73.6 -792.8 2267.8 0 0 0 0 0 0 0 0 0
-12.4 97.4 2483.8 4 0.9929535389 0.0822728202 0.0852903724 -0.1163718775 0.8128844500 0.5706806779 -0.0223797113 -0.5765848160 0.8167307377
-29.2 -68.2 2601.3 0.9929535389 0.0822728202 0.0852903724 -0.1163718775 0.8128844500 0.5706806779 -0.0223797113 -0.5765848160 0.8167307377
-45.0 -225.3 2717.1 0.9929760695 0.0804451108 0.0867591724 -0.1161484495 0.8024823070 0.5852620602 -0.0225412324 -0.5912281275 0.8061892986
-170.6 -51.8 2604.6 -0.0665591061 -0.8792655468 -0.4716587663 0.9148002267 0.1349626184 -0.3806910217 0.3983848095 -0.4568119943 0.7953693271
-155.2 -263.2 2512.5 -0.2970566750 -0.8736854196 -0.3852675855 0.6316676140 0.1227722540 -0.7654560804 0.7160679698 -0.4707449079 0.5154084563
112.2 -84.7 2598.1 -0.2216736078 0.9329680204 0.2836045027 -0.8765564561 -0.0632325783 -0.4771272838 -0.4272114635 -0.3543618619 0.8318160772
45.4 -349.2 2469.2 -0.3523189723 0.9329680204 0.0737701878 -0.3621655107 -0.0632325783 -0.9299665689 -0.8629643321 -0.3543618619 0.3601668775
-151.3 -374.6 2830.5 0.9981351495 0.0590254925 0.0155624375 0.0203056447 -0.0806300640 -0.9965372682 -0.0575663000 0.9949948788 -0.0816782564
-174.4 -343.0 2441.0 0.9981351495 0.0031091259 0.0609633625 0.0203056447 0.9249159694 -0.3796289563 -0.0575663000 0.3801589310 0.9231280088
27.8 -397.8 2823.7 0.9962727427 -0.0857566148 -0.0092994729 -0.0051532397 0.0484440587 -0.9988126159 0.0861052945 0.9951376915 0.0478215702
61.4 -416.8 2434.0 0.9962727427 -0.0302492082 -0.0807815790 -0.0051532397 0.9139518142 -0.4057899415 0.0861052945 0.4046937525 0.9103894234
-115.6 -347.5 2416.9 0 0 0 0 0 0 0 0 0
-48.9 -446.1 2238.2 0 0 0 0 0 0 0 0 0
-175.9 -787.6 2258.3 0 0 0 0 0 0 0 0 0
73.9 -793.6 2267.2 0 0 0 0 0 0 0 0 0
-4.9 101.0 2481.6 5 0.9901003242 0.0995249599 0.0989755839 -0.1384602487 0.8082036972 0.5723946095 -0.0230248850 -0.5804322362 0.8139829636
-25.2 -63.4 2599.7 0.9901003242 0.0995249599 0.0989755839 -0.1384602487 0.8082036972 0.5723946095 -0.0230248850 -0.5804322362 0.8139829636
-44.6 -220.4 2714.9 0.9900520444 0.0990216732 0.0999584794 -0.1388519108 0.8024295568 0.5803679824 -0.0227406323 -0.5884739161 0.8081963658
-166.2 -43.7 2602.9 -0.0456366427 -0.8758070469 -0.4804989994 0.9147270322 0.1566797793 -0.3724593222 0.4014869928 -0.4565232098 0.7939740419
-155.6 -255.1 2510.2 -0.2826651633 -0.8705046177 -0.4028922021 0.6358850002 0.1444119215 -0.7581526637 0.7181578279 -0.4704964757 0.5127206445
115.8 -83.1 2596.4 -0.2306559682 0.9315916896 0.2809532285 -0.8843758702 -0.0802918375 -0.4598180056 -0.4058043659 -0.3545280099 0.8423969746
46.6 -348.6 2474.5 -0.3586618602 0.9315916896 0.0591486357 -0.3617269099 -0.0802918375 -0.9288201332 -0.8605319858 -0.3545280099 0.3657794297
-150.6 -371.9 2834.9 0.9980657697 0.0607525632 0.0131844003 0.0209156182 -0.1284368336 -0.9914970994 -0.0585426278 0.9898551106 -0.1294590831
-174.3 -321.7 2447.7 0.9980657697 0.0026906016 0.0621084794 0.0209156182 0.9262878299 -0.3762358129 -0.0585426278 0.3768071234 0.9244399071
28.9 -392.9 2830.8 0.9965389371 -0.0826879144 -0.0085334489 -0.0043671075 0.0504368059 -0.9987177253 0.0830122828 0.9952983856 0.0499011353
61.3 -412.6 2441.0 0.9965389371 -0.0304806661 -0.0773371831 -0.0043671075 0.9098674059 -0.4148761928 0.0830122828 0.4137780070 0.9065852165
-117.9 -340.0 2414.3 0 0 0 0 0 0 0 0 0
-50.2 -446.3 2242.3 0 0 0 0 0 0 0 0 0
-175.7 -787.4 2258.2 0 0 0 0 0 0 0 0 0
74.0 -793.1 2267.9 0 0 0 0 0 0 0 0 0
-1.0 103.1 2486.9 6 0.9831531048 0.1250400394 0.1333226860 -0.1783222258 0.8163197637 0.5493844151 -0.0401388928 -0.5639033914 0.8248647451
-26.5 -62.8 2601.5 0.9831531048 0.1250400394 0.1333226860 -0.1783222258 0.8163197637 0.5493844151 -0.0401388928 -0.5639033914 0.8248647451
-50.8 -221.2 2713.9 0.9830863476 0.1239585429 0.1348164827 -0.1787581146 0.8095737696 0.5591384768 -0.0398338921 -0.5737809539 0.8180395365
-166.4 -37.4 2607.3 -0.0024171569 -0.8747591972 -0.4845518470 0.9074246883 0.2016949654 -0.3686456084 0.4202077985 -0.4405854046 0.7932905555
-165.9 -247.2 2510.2 -0.2463882864 -0.8701580763 -0.4267525077 0.6320975423 0.1895087510 -0.7513582110 0.7346737385 -0.4548750818 0.5033320189
113.5 -88.2 2595.8 -0.2217134982 0.9285203815 0.2978137434 -0.8826355338 -0.0612771511 -0.4660467505 -0.4144847393 -0.3661898673 0.8331310749
48.4 -347.7 2474.0 -0.3623651266 0.9285203815 0.0808789581 -0.3644150198 -0.0612771511 -0.9292184114 -0.8578422070 -0.3661898673 0.3605714738
-153.5 -365.0 2832.2 0.9984599352 0.0536185987 0.0142409327 0.0181232858 -0.0726315081 -0.9971941710 -0.0524338111 0.9959165454 -0.0734913945
-174.5 -336.6 2442.9 0.9984599352 0.0030952264 0.0553911328 0.0181232858 0.9254655242 -0.3783980906 -0.0524338111 0.3788191974 0.9239841700
25.4 -390.1 2828.0 0.9950786829 -0.0958834663 -0.0249948576 -0.0171791073 0.0814891756 -0.9965261817 0.0975871980 0.9920513630 0.0794409513
62.9 -422.0 2439.7 0.9950786829 -0.0254978370 -0.0957509428 -0.0171791073 0.9072972536 -0.4201387465 0.0975871980 0.4197160602 0.9023941159
-133.0 -331.5 2412.1 0 0 0 0 0 0 0 0 0
-49.6 -446.2 2242.1 0 0 0 0 0 0 0 0 0
-176.0 -786.6 2258.8 0 0 0 0 0 0 0 0 0
73.4 -794.2 2267.5 0 0 0 0 0 0 0 0 0
-5.4 101.0 2483.1 7 0.9815541506 0.1278862208 0.1421144605 -0.1860236675 0.8103976250 0.5555636287 -0.0441202968 -0.5717524290 0.8192390203
-31.5 -64.1 2599.6 0.9815541506 0.1278862208 0.1421144605 -0.1860236675 0.8103976250 0.5555636287 -0.0441202968 -0.5717524290 0.8192390203
-56.7 -221.5 2713.2 0.9812706113 0.1286063194 0.1434168220 -0.1878087223 0.8043008447 0.5637623668 -0.0428468771 -0.5801383853 0.8133901954
-171.2 -37.5 2605.7 0.0075216112 -0.8748782873 -0.4842844605 0.9103990197 0.2063330561 -0.3586087525 0.4136629105 -0.4381947815 0.7980403304
-173.0 -247.9 2510.1 -0.2374902666 -0.8704492450 -0.4311802983 0.6395223141 0.1940041482 -0.7438908815 0.7311699986 -0.4524162710 0.5105976462
