126.3 110.0 2339.0 3 0.9750246406 -0.0540899709 0.2154093087 -0.0278713219 0.9324235916 0.3602907956 -0.2203408331 -0.3572961390 0.9076284170
137.2 -78.2 2411.1 0.9750246406 -0.0540899709 0.2154093087 -0.0278713219 0.9324235916 0.3602907956 -0.2203408331 -0.3572961390 0.9076284170
147.1 -263.7 2482.0 0.9752343893 -0.0497266762 0.2155113071 -0.0316398740 0.9330095053 0.3584580123 -0.2188990265 -0.3563993275 0.9083296061
0.0 -73.8 2441.9 -0.3311477900 -0.7824665308 0.5273397565 0.9226420522 -0.3855893612 0.0072441190 0.1976683289 0.4889447391 0.8496236205
103.3 -361.7 2380.2 0.3291854560 -0.7824665308 0.5285669565 0.4103748202 -0.3855893612 -0.8263857365 0.8504289985 0.4889447391 0.1941741407
274.5 -82.7 2380.3 0.0328343064 0.6907529831 0.7223449349 -0.9754533172 0.1796040088 -0.1274095923 -0.2177446038 -0.7004303932 0.6796944737
282.2 -313.3 2328.8 -0.5561156273 0.6907529831 0.4621641934 -0.4871684015 0.1796040088 -0.8546398878 -0.6733515859 -0.7004303932 0.2366324365
66.4 -446.2 2573.0 0.8610913754 0.5081230998 0.0182371270 0.0723993555 -0.0870312229 -0.9935712814 -0.5032693148 0.8568760157 -0.1117296219
-151.8 -408.8 2205.2 0.8610913754 -0.0978932157 0.4989374280 0.0723993555 0.9948984981 0.0702520013 -0.5032693148 -0.0243706424 0.8637859225
244.6 -453.2 2529.7 0.9844025970 -0.0696653649 0.1615497470 0.1493326426 -0.1545999944 -0.9766261578 0.0930126086 0.9855179191 -0.1417853236
275.1 -385.4 2096.9 0.9844025970 -0.1517797709 -0.0889633894 0.1493326426 0.9882164598 -0.0335849635 0.0930126086 0.0197759848 0.9954684973
18.0 -468.1 2159.8 0 0 0 0 0 0 0 0 0
137.6 -439.9 2153.8 0 0 0 0 0 0 0 0 0
-114.3 -789.1 2214.5 0 0 0 0 0 0 0 0 0
333.2 -763.1 2089.3 0 0 0 0 0 0 0 0 0
124.6 110.8 2339.4 4 0.9778992534 -0.0591362342 0.2005392462 -0.0167809967 0.9338712096 0.3572156131 -0.2084022164 -0.3526861370 0.9122395515
136.5 -77.5 2410.5 0.9778992534 -0.0591362342 0.2005392462 -0.0167809967 0.9338712096 0.3572156131 -0.2084022164 -0.3526861370 0.9122395515
147.8 -263.3 2480.4 0.9780209064 -0.0566978678 0.2006500810 -0.0187435243 0.9345158339 0.3554277718 -0.2076626718 -0.3513766527 0.9129132628
-1.1 -74.8 2439.7 -0.3261864781 -0.7883949876 0.5215704441 0.9239588380 -0.3824917674 -0.0003291792 0.1997559369 0.4818022549 0.8532081246
101.2 -364.5 2377.1 0.3194566071 -0.7883949876 0.5257193446 0.4147604108 -0.3824917674 -0.8256354332 0.8520101309 0.4818022549 0.2048054934
274.1 -80.1 2381.3 0.0390565097 0.6909811497 0.7218168974 -0.9745560288 0.1859000474 -0.1252265871 -0.2207150161 -0.6985601187 0.6806604266
283.4 -312.7 2328.6 -0.5555433631 0.6909811497 0.4625112116 -0.4817391932 0.1859000474 -0.8563693762 -0.6777159572 -0.6985601187 0.2295971364
67.6 -446.3 2573.0 0.8617545366 0.5071651936 0.0127515886 0.0660588071 -0.0872525945 -0.9939935803 -0.5030063391 0.8574208021 -0.1086930484
-150.2 -408.9 2204.9 0.8617545366 -0.0937147215 0.4985947311 0.0660588071 0.9951511621 0.0728724897 -0.5030063391 -0.0298616216 0.8637666702
246.5 -452.1 2532.8 0.9855885506 -0.0660511553 0.1557318866 0.1443935782 -0.1510964930 -0.9779163003 0.0881230459 0.9863098264 -0.1393816173
275.8 -385.1 2095.7 0.9855885506 -0.1461946368 -0.0851017162 0.1443935782 0.9891524315 -0.0269809719 0.0881230459 0.0143039962 0.9960069060
18.2 -472.2 2155.9 0 0 0 0 0 0 0 0 0
139.0 -438.0 2152.4 0 0 0 0 0 0 0 0 0
-114.4 -789.3 2216.3 0 0 0 0 0 0 0 0 0
331.7 -763.3 2090.2 0 0 0 0 0 0 0 0 0
125.9 111.1 2340.1 5 0.9754619002 -0.0449973866 0.2155210823 -0.0340144671 0.9363394380 0.3494444489 -0.2175249755 -0.3482005596 0.9118329287
135.0 -77.7 2410.3 0.9754619002 -0.0449973866 0.2155210823 -0.0340144671 0.9363394380 0.3494444489 -0.2175249755 -0.3482005596 0.9118329287
143.0 -264.1 2478.8 0.9756122828 -0.0405303761 0.2157264799 -0.0373105966 0.9378817081 0.3449431658 -0.2163066119 -0.3445796669 0.9134967327
-2.3 -72.4 2440.7 -0.3186475635 -0.7886896729 0.5257683396 0.9231050014 -0.3841791451 -0.0168381277 0.2152692825 0.4799739718 0.8504611254
100.1 -369.1 2371.6 0.3210954368 -0.7886896729 0.5242769718 0.4083619416 -0.3841791451 -0.8280379772 0.8544812799 0.4799739718 0.1987126917
272.2 -82.9 2379.8 0.0499267317 0.6968224645 0.7155038714 -0.9770267010 0.1826888472 -0.1097435653 -0.2071863562 -0.6935871840 0.6899352074
283.9 -310.7 2331.5 -0.5494925380 0.6968224645 0.4609733224 -0.4855272472 0.1826888472 -0.8549199104 -0.6799421310 -0.6935871840 0.2379401475
69.4 -447.3 2569.3 0.8587915897 0.5122244358 0.0101556117 0.0655328631 -0.0901689604 -0.9937680960 -0.5081166029 0.8541051745 -0.1110038832
-152.2 -408.3 2199.9 0.8587915897 -0.1001986638 0.5024313331 0.0655328631 0.9941166639 0.0862408131 -0.5081166029 -0.0411371179 0.8603053093
248.8 -450.7 2531.2 0.9860538840 -0.0620842315 0.1544126719 0.1438736618 -0.1483737975 -0.9784097075 0.0836546123 0.9869806170 -0.1373722851
276.4 -384.9 2093.1 0.9860538840 -0.1448044032 -0.0820329860 0.1438736618 0.9894469976 -0.0171770975 0.0836546123 0.0051351576 0.9964815974
16.7 -475.2 2149.6 0 0 0 0 0 0 0 0 0
141.0 -436.9 2154.8 0 0 0 0 0 0 0 0 0
-113.9 -788.3 2215.6 0 0 0 0 0 0 0 0 0
331.7 -763.1 2091.1 0 0 0 0 0 0 0 0 0
126.1 108.6 2339.4 6 0.9710136652 -0.0302766003 0.2370986044 -0.0573641248 0.9334369302 0.3541254401 -0.2320383191 -0.3574616015 0.9046432376
132.2 -79.8 2411.6 0.9710136652 -0.0302766003 0.2370986044 -0.0573641248 0.9334369302 0.3541254401 -0.2320383191 -0.3574616015 0.9046432376
137.5 -265.7 2481.6 0.9710788727 -0.0264889132 0.2372850031 -0.0595103130 0.9356080890 0.3479884863 -0.2312235981 -0.3520451784 0.9069728851
-4.4 -71.4 2444.1 -0.3132683039 -0.7875910997 0.5306252837 0.9217401743 -0.3866657019 -0.0297431797 0.2286000699 0.4797810614 0.8470845222
97.4 -370.7 2369.9 0.3253192008 -0.7875910997 0.5233236551 0.4003417790 -0.3866657019 -0.8307924271 0.8566760421 0.4797810614 0.1895158589
268.8 -88.2 2379.0 0.0612020195 0.6910651922 0.7201966643 -0.9770051241 0.1891256869 -0.0984501913 -0.2042431980 -0.6976104379 0.6867491007
282.8 -310.6 2332.5 -0.5493898392 0.6910651922 0.4696804285 -0.4897312224 0.1891256869 -0.8511138558 -0.6770038009 -0.6976104379 0.2345324755
61.6 -447.1 2567.2 0.8614279032 0.5074664950 0.0204871241 0.0772358924 -0.0910257772 -0.9928488731 -0.5019726753 0.8568500876 -0.1176067665
-154.0 -408.4 2203.2 0.8614279032 -0.1051576957 0.4968740642 0.0772358924 0.9940750599 0.0764811337 -0.5019726753 -0.0275064725 0.8644459248
240.6 -453.9 2527.5 0.9825224876 -0.0767117217 0.1696020216 0.1561823785 -0.1559847742 -0.9753336906 0.1012748554 0.9847761393 -0.1412775218
274.1 -385.7 2096.5 0.9825224876 -0.1585451514 -0.0975344405 0.1561823785 0.9872274399 -0.0314495936 0.1012748554 0.0156667735 0.9947351217
12.8 -474.8 2147.2 0 0 0 0 0 0 0 0 0
140.0 -438.0 2156.5 0 0 0 0 0 0 0 0 0
-113.8 -788.4 2213.7 0 0 0 0 0 0 0 0 0
334.7 -763.0 2090.5 0 0 0 0 0 0 0 0 0
126.1 109.5 2339.6 7 0.9699786901 -0.0250766743 0.2418936491 -0.0634306446 0.9341513515 0.3511947691 -0.2347720861 -0.3559948802 0.9045162797
131.2 -78.9 2411.4 0.9699786901 -0.0250766743 0.2418936491 -0.0634306446 0.9341513515 0.3511947691 -0.2347720861 -0.3559948802 0.9045162797
135.4 -264.6 2482.1 0.9700605273 -0.0213573016 0.2419223487 -0.0667249337 0.9343551993 0.3500401676 -0.2335173190 -0.3557024002 0.9049560428
-5.3 -69.5 2444.2 -0.3086375892 -0.7928262353 0.5255182385 0.9232478142 -0.3826076388 -0.0349986106 0.2288150936 0.4743816555 0.8500621915
95.6 -371.4 2369.4 0.3231601715 -0.7928262353 0.5167146921 0.3960193694 -0.3826076388 -0.8347335458 0.8594976068 0.4743816555 0.1903310120
267.7 -88.3 2378.5 0.0560727343 0.6831108332 0.7281588912 -0.9748334289 0.1950662732 -0.1079301760 -0.2157675177 -0.7037817240 0.6768572330
280.7 -314.4 2328.5 -0.5548805594 0.6831108332 0.4748338163 -0.4879269004 0.1950662732 -0.8508093357 -0.6738211513 -0.7037817240 0.2250696719
54.6 -444.6 2571.5 0.8726959825 0.4870530963 0.0343657397 0.0877672806 -0.0872442424 -0.9923131466 -0.4803109765 0.8690038919 -0.1188850254
-152.2 -407.6 2202.4 0.8726959825 -0.1114920527 0.4753643274 0.0877672806 0.9935429096 0.0718985051 -0.4803109765 -0.0210241042 0.8768462539
233.0 -454.8 2530.0 0.9782176614 -0.0980945602 0.1829415858 0.1656389832 -0.1623218060 -0.9727360010 0.1251155138 0.9818498492 -0.1425377727
276.2 -383.4 2098.0 0.9782176614 -0.1694360822 -0.1199232265 0.1656389832 0.9853327274 -0.0410257056 0.1251155138 0.0202681068 0.9919351339
11.6 -474.3 2146.0 0 0 0 0 0 0 0 0 0
136.4 -441.2 2153.3 0 0 0 0 0 0 0 0 0
-109.6 -787.4 2210.5 0 0 0 0 0 0 0 0 0
340.9 -760.1 2090.3 0 0 0 0 0 0 0 0 0
124.9 111.2 2340.2 8 0.9706813693 -0.0290893167 0.2386031300 -0.0578118898 0.9352588058 0.3492115438 -0.2333140075 -0.3527672291 0.9061566591
130.8 -77.8 2411.5 0.9706813693 -0.0290893167 0.2386031300 -0.0578118898 0.9352588058 0.3492115438 -0.2333140075 -0.3527672291 0.9061566591
135.7 -264.0 2481.1 0.9707691669 -0.0250008777 0.2387094498 -0.0608488135 0.9364320636 0.3455320597 -0.2321738005 -0.3499570787 0.9075381160
-5.8 -69.3 2444.1 -0.3080272079 -0.7897478342 0.5304880738 0.9232935309 -0.3826297522 -0.0335191302 0.2294521779 0.4794713855 0.8470294476
93.9 -368.3 2369.8 0.3149058521 -0.7897478342 0.5264338851 0.4178902805 -0.3826297522 -0.8239915967 0.8521748781 0.4794713855 0.2095356137
267.4 -86.4 2378.8 0.0585157908 0.6877266169 0.7236075997 -0.9750126004 0.1949771345 -0.1064628661 -0.2143042982 -0.6992967725 0.6819513440
281.1 -314.4 2328.7 -0.5525628924 0.6877266169 0.4708569944 -0.4841737449 0.1949771345 -0.8529710770 -0.6784173250 -0.6992967725 0.2252420336
53.6 -444.8 2570.5 0.8787721992 0.4746840596 0.0493407175 0.1036521792 -0.0889185369 -0.9906309843 -0.4658494294 0.8756532073 -0.1273411661
-148.0 -407.0 2198.7 0.8787721992 -0.1223928481 0.4612802267 0.1036521792 0.9924306870 0.0658596903 -0.4658494294 -0.0100629618 0.8848068118
232.0 -454.9 2528.6 0.9740556479 -0.1103535742 0.1975797117 0.1767312437 -0.1744053215 -0.9686840773 0.1413567066 0.9784706831 -0.1503775716
280.6 -378.0 2097.0 0.9740556479 -0.1826583743 -0.1336097568 0.1767312437 0.9827182889 -0.0550533421 0.1413567066 0.0300119985 0.9895036817
12.1 -476.9 2148.4 0 0 0 0 0 0 0 0 0
137.4 -440.3 2152.3 0 0 0 0 0 0 0 0 0
-101.2 -786.4 2202.5 0 0 0 0 0 0 0 0 0
350.5 -753.6 2085.5 0 0 0 0 0 0 0 0 0
126.0 110.7 2340.0 9 0.9669843316 -0.0285391007 0.2532327175 -0.0639712214 0.9347056150 0.3496184349 -0.2466758341 -0.3542751670 0.9020200372
131.8 -78.1 2411.6 0.9669843316 -0.0285391007 0.2532327175 -0.0639712214 0.9347056150 0.3496184349 -0.2466758341 -0.3542751670 0.9020200372
136.6 -264.3 2481.2 0.9670650959 -0.0242211539 0.2533740401 -0.0668356419 0.9363650680 0.3446061611 -0.2455973625 -0.3501910269 0.9039071798
-4.3 -68.7 2446.1 -0.3032039702 -0.7957113981 0.5243192911 0.9253181815 -0.3773285151 -0.0375428647 0.2277138978 0.4737790227 0.8506937027
94.5 -370.3 2371.9 0.3122509718 -0.7957113981 0.5189823508 0.4147036672 -0.3773285151 -0.8280362487 0.8547047377 0.4737790227 0.2121632546
267.9 -87.5 2377.0 0.0665883794 0.6876095533 0.7230207920 -0.9776675105 0.1897248775 -0.0903920680 -0.1993294805 -0.7008548975 0.6848869920
283.1 -310.9 2331.5 -0.5509330034 0.6876095533 0.4729333222 -0.4923903048 0.1897248775 -0.8494446874 -0.6738135219 -0.7008548975 0.2340465635
53.1 -444.8 2570.1 0.8716879487 0.4879830480 0.0450854152 0.0999545529 -0.0869728103 -0.9911835194 -0.4797595739 0.8685092330 -0.1245892793
-153.2 -408.0 2202.9 0.8716879487 -0.1212131083 0.4748342335 0.0999545529 0.9925354123 0.0698751733 -0.4797595739 -0.0134475026 0.8772969246
231.4 -454.9 2527.9 0.9785069227 -0.1080401689 0.1756459177 0.1562214792 -0.1676158458 -0.9733960032 0.1346069127 0.9799144268 -0.1471350640
278.8 -381.5 2098.7 0.9785069227 -0.1621549875 -0.1273967475 0.1562214792 0.9861711264 -0.0553292632 0.1346069127 0.0342379622 0.9903073907
13.4 -478.0 2149.7 0 0 0 0 0 0 0 0 0
139.9 -438.9 2156.3 0 0 0 0 0 0 0 0 0
-106.9 -787.5 2208.0 0 0 0 0 0 0 0 0 0
340.7 -758.4 2085.6 0 0 0 0 0 0 0 0 0
125.4 109.5 2339.4 0 0.9638353586 -0.0250359550 0.2653197646 -0.0721453875 0.9338893890 0.3502079546 -0.2565470934 -0.3566844165 0.8983094096
130.5 -79.4 2411.6 0.9638353586 -0.0250359550 0.2653197646 -0.0721453875 0.9338893890 0.3502079546 -0.2565470934 -0.3566844165 0.8983094096
134.7 -265.7 2481.0 0.9638693929 -0.0212614611 0.2655254900 -0.0735190734 0.9368580580 0.3418946862 -0.2560288906 -0.3490630090 0.9014456272
-5.1 -69.1 2447.6 -0.3031603694 -0.7975903153 0.5214819908 0.9244251847 -0.3790126145 -0.0422789603 0.2313695401 0.4692537785 0.8522141576
93.9 -371.1 2372.0 0.3134344816 -0.7975903153 0.5153722167 0.4042606652 -0.3790126145 -0.8324198127 0.8592625260 0.4692537785 0.2036387622
266.1 -89.8 2375.5 0.0703163445 0.6745956540 0.7348307967 -0.9753481746 0.2009629309 -0.0911581293 -0.2091686279 -0.7103059888 0.6720966101
282.3 -313.9 2327.5 -0.5604820251 0.6745956540 0.4803963006 -0.4867580533 0.2009629309 -0.8501061797 -0.6700197458 -0.7103059888 0.2157287598
53.5 -444.4 2572.4 0.8658651114 0.4964751303 0.0615638383 0.1110750139 -0.0707961619 -0.9912871718 -0.4877909422 0.8651591539 -0.1164459065
-154.2 -414.8 2210.6 0.8658651114 -0.1221749187 0.4851298332 0.1110750139 0.9924666286 0.0516945273 -0.4877909422 0.0091253147 0.8729127645
228.0 -457.9 2526.7 0.9815308452 -0.1042354032 0.1604124457 0.1416423470 -0.1676493585 -0.9756183624 0.1285870224 0.9803206921 -0.1497888714
273.5 -384.7 2098.6 0.9815308452 -0.1476107240 -0.1216891482 0.1416423470 0.9883118868 -0.0563657023 0.1285870224 0.0380883403 0.9909664989
12.4 -476.2 2148.6 0 0 0 0 0 0 0 0 0
136.6 -440.4 2153.3 0 0 0 0 0 0 0 0 0
-107.5 -794.1 2207.1 0 0 0 0 0 0 0 0 0
329.9 -762.4 2084.0 0 0 0 0 0 0 0 0 0
125.3 109.7 2338.6 1 0.9632269740 -0.0267092213 0.2673582733 -0.0722958371 0.9325872064 0.3536302745 -0.2587800920 -0.3599551022 0.8963621855
130.7 -79.3 2411.5 0.9632269740 -0.0267092213 0.2673582733 -0.0722958371 0.9325872064 0.3536302745 -0.2587800920 -0.3599551022 0.8963621855
135.0 -265.2 2482.0 0.9633098841 -0.0214388240 0.2675339580 -0.0755126029 0.9348886609 0.3468155861 -0.2575497925 -0.3542930782 0.8989685774
-4.8 -68.7 2447.8 -0.3001864254 -0.8033139706 0.5143683553 0.9246218801 -0.3775803447 -0.0500742681 0.2344407439 0.4605646133 0.8561061621
93.4 -371.3 2371.1 0.3094537854 -0.8033139706 0.5088467598 0.3961092234 -0.3775803447 -0.8369770646 0.8644858599 0.4605646133 0.2013563812
266.3 -90.0 2375.3 0.0631241798 0.6732975841 0.7366720438 -0.9744976759 0.2008497566 -0.1000679731 -0.2153359205 -0.7115685344 0.6688054204
281.0 -316.8 2325.2 -0.5640523434 0.6732975841 0.4780327976 -0.4826955795 0.2008497566 -0.8524460793 -0.6699626446 -0.7115685344 0.2117079943
52.3 -443.7 2575.3 0.8668532968 0.4932059348 0.0728921443 0.1166858375 -0.0585581735 -0.9914410710 -0.4847161770 0.8679394126 -0.1083114967
-152.1 -419.5 2215.6 0.8668532968 -0.1257337034 0.4824483395 0.1166858375 0.9919661283 0.0488634184 -0.4847161770 0.0139374752 0.8745604157
226.3 -459.3 2526.1 0.9793294072 -0.1065911502 0.1719076931 0.1524859518 -0.1693448722 -0.9736890197 0.1328983158 0.9797757864 -0.1495907605
272.3 -386.3 2103.3 0.9793294072 -0.1589549631 -0.1250889748 0.1524859518 0.9864975214 -0.0597550534 0.1328983158 0.0394455716 0.9903444052
13.0 -474.3 2146.3 0 0 0 0 0 0 0 0 0
134.4 -442.3 2151.0 0 0 0 0 0 0 0 0 0
-104.0 -798.7 2210.2 0 0 0 0 0 0 0 0 0
333.0 -763.3 2088.2 0 0 0 0 0 0 0 0 0
125.6 109.6 2338.2 2 0.9661948681 -0.0277894940 0.2563107312 -0.0664164349 0.9337885976 0.3516073227 -0.2491110414 -0.3567444384 0.9003760815
131.2 -79.3 2410.4 0.9661948681 -0.0277894940 0.2563107312 -0.0664164349 0.9337885976 0.3516073227 -0.2491110414 -0.3567444384 0.9003760815
135.9 -265.0 2481.0 0.9662929177 -0.0234878957 0.2563713789 -0.0699886456 0.9343568683 0.3493978679 -0.2477489859 -0.3555637598 0.9012185335
-4.8 -69.4 2445.2 -0.3010814488 -0.8062094450 0.5092899799 0.9259697199 -0.3747982979 -0.0458945110 0.2278815955 0.4577691257 0.8593703508
92.5 -368.7 2371.6 0.3011932373 -0.8062094450 0.5092238784 0.4059598148 -0.3747982979 -0.8335003853 0.8628321290 0.4577691257 0.2144019306
267.2 -89.1 2375.5 0.0589999557 0.6721265912 0.7380818725 -0.9747545719 0.1982851177 -0.1026474386 -0.2153427154 -0.7133924961 0.6668573022
281.0 -317.4 2325.1 -0.5671740174 0.6721265912 0.4759826660 -0.4814877212 0.1982851177 -0.8537286520 -0.6681939960 -0.7133924961 0.2111585289
51.8 -443.4 2576.8 0.8731461763 0.4848533571 0.0503290892 0.0960026830 -0.0698172599 -0.9929295182 -0.4779113829 0.8718042970 -0.1075078994
-152.4 -414.0 2209.5 0.8731461763 -0.1135655865 0.4740450084 0.0960026830 0.9934989810 0.0611817986 -0.4779113829 -0.0079110619 0.8783724308
228.5 -457.9 2527.7 0.9763056636 -0.1131942347 0.1844295859 0.1641884446 -0.1676832139 -0.9720722437 0.1409587264 0.9793208838 -0.1451248974
277.3 -385.6 2105.6 0.9763056636 -0.1713040322 -0.1322200149 0.1641884446 0.9844123125 -0.0630440935 0.1409587264 0.0398413092 0.9892134666
14.2 -474.2 2147.3 0 0 0 0 0 0 0 0 0
133.6 -442.6 2151.3 0 0 0 0 0 0 0 0 0
-109.0 -793.7 2212.6 0 0 0 0 0 0 0 0 0
342.8 -761.9 2090.3 0 0 0 0 0 0 0 0 0
126.2 110.8 2338.5 3 0.9698093534 -0.0261936300 0.2424536198 -0.0610345490 0.9365010262 0.3453123868 -0.2361030430 -0.3496852219 0.9066287279
131.5 -78.4 2409.1 0.9698093534 -0.0261936300 0.2424536198 -0.0610345490 0.9365010262 0.3453123868 -0.2361030430 -0.3496852219 0.9066287279
136.0 -264.5 2478.8 0.9699023366 -0.0224576909 0.2424563766 -0.0646151081 0.9362998605 0.3452063501 -0.2347644120 -0.3504827917 0.9066683650
-5.0 -69.3 2442.2 -0.3131266832 -0.8216325045 0.4763105214 0.9305062890 -0.3657703996 -0.0192364343 0.1900255680 0.4371864796 0.8790667057
94.7 -365.4 2381.7 0.2908198237 -0.8216325045 0.4902487397 0.3906511664 -0.3657703996 -0.8447506428 0.8733931184 0.4371864796 0.2145984024
268.0 -87.5 2376.1 0.0547040179 0.6866294742 0.7249464989 -0.9757402539 0.1909006387 -0.1071818247 -0.2119869590 -0.7014961839 0.6804150343
280.8 -316.6 2326.3 -0.5581465960 0.6866294742 0.4658458233 -0.4798659384 0.1909006387 -0.8563209772 -0.6769055128 -0.7014961839 0.2229395509
52.4 -444.0 2574.8 0.8711251020 0.4890776277 0.0440919921 0.0937301964 -0.0774640366 -0.9925794601 -0.4820328355 0.8687936664 -0.1133222133
-153.9 -411.3 2208.4 0.8711251020 -0.1125698611 0.4779843688 0.0937301964 0.9935911298 0.0631771311 -0.4820328355 -0.0102336211 0.8760933876
229.7 -457.2 2528.4 0.9782949090 -0.1054758728 0.1783646196 0.1597298384 -0.1644925922 -0.9733594060 0.1320055872 0.9807227254 -0.1440746188
275.2 -386.2 2105.4 0.9782949090 -0.1663603783 -0.1235448122 0.1597298384 0.9852223992 -0.0618325062 0.1320055872 0.0407566316 0.9904107451
20.2 -465.4 2158.1 0 0 0 0 0 0 0 0 0
135.7 -441.3 2150.4 0 0 0 0 0 0 0 0 0
-110.9 -791.1 2212.3 0 0 0 0 0 0 0 0 0
338.8 -762.9 2089.9 0 0 0 0 0 0 0 0 0
127.6 109.3 2340.6 4 0.9702166915 -0.0281535517 0.2405971289 -0.0587551147 0.9362141490 0.3464835584 -0.2350051850 -0.3503004313 0.9066764712
133.3 -79.6 2411.3 0.9702166915 -0.0281535517 0.2405971289 -0.0587551147 0.9362141490 0.3464835584 -0.2350051850 -0.3503004313 0.9066764712
138.2 -265.9 2480.5 0.9702956080 -0.0244555976 0.2406830937 -0.0615659021 0.9371609688 0.3434223533 -0.2339574099 -0.3480390906 0.9078175426
-3.3 -70.9 2444.2 -0.3063603044 -0.8052104712 0.5077198744 0.9274653792 -0.3725983202 -0.0312800296 0.2143625766 0.4613096416 0.8609541655
95.0 -368.5 2375.5 0.3107122481 -0.8052104712 0.5050683022 0.3974932432 -0.3725983202 -0.8385521173 0.8633985519 0.4613096416 0.2042948604
269.8 -88.3 2378.4 0.0488485508 0.6825466156 0.7292077541 -0.9751999974 0.1903810352 -0.1128715798 -0.2158674449 -0.7056097984 0.6749193072
281.2 -315.5 2328.1 -0.5598075986 0.6825466156 0.4698356390 -0.4844831228 0.1903810352 -0.8538331985 -0.6722287536 -0.7056097984 0.2241055667
51.7 -444.6 2570.2 0.8688599467 0.4927954078 0.0472769700 0.0963438079 -0.0746450573 -0.9925451875 -0.4855927229 0.8669375777 -0.1123338863
-153.7 -413.4 2208.8 0.8688599467 -0.1102793589 0.4826187789 0.0963438079 0.9939005971 0.0536602661 -0.4855927229 -0.0001259250 0.8741851449
232.2 -458.2 2529.0 0.9796923995 -0.0976219177 0.1751364022 0.1578647345 -0.1629735678 -0.9739190340 0.1236184537 0.9817889929 -0.1442528963
274.1 -388.2 2107.4 0.9796923995 -0.1640967578 -0.1152174100 0.1578647345 0.9855538011 -0.0613387711 0.1236184537 0.0419043638 0.9914446473
14.9 -471.0 2152.8 0 0 0 0 0 0 0 0 0
135.7 -441.5 2153.3 0 0 0 0 0 0 0 0 0
-111.6 -793.4 2208.8 0 0 0 0 0 0 0 0 0
336.8 -765.0 2091.4 0 0 0 0 0 0 0 0 0
126.7 109.8 2340.2 5 0.9728634953 -0.0268179476 0.2298204303 -0.0564940497 0.9356674552 0.3483314514 -0.2243770361 -0.3518624306 0.9087616801
132.1 -79.3 2411.3 0.9728634953 -0.0268179476 0.2298204303 -0.0564940497 0.9356674552 0.3483314514 -0.2243770361 -0.3518624306 0.9087616801
136.4 -265.8 2480.1 0.9729561806 -0.0213842653 0.2299977243 -0.0600976385 0.9379803538 0.3414398730 -0.2230347693 -0.3460283577 0.9113286138
-4.8 -70.8 2442.7 -0.3048107028 -0.8054239154 0.5083136559 0.9269956946 -0.3733665943 -0.0357262492 0.2185621113 0.4603148401 0.8604305983
93.8 -370.7 2372.0 0.3112181425 -0.8054239154 0.5044161081 0.3945466280 -0.3733665943 -0.8396013379 0.8645671010 0.4603148401 0.2015788108
269.0 -87.8 2379.9 0.0528758764 0.6705937982 0.7399379015 -0.9718330503 0.2049682885 -0.1163123772 -0.2296621650 -0.7129459977 0.6625430584
281.5 -316.2 2326.0 -0.5640047789 0.6705937982 0.4818740189 -0.4834190607 0.2049682885 -0.8510546684 -0.6694808602 -0.7129459977 0.2085747123
50.2 -445.7 2568.9 0.8723294139 0.4865495861 0.0480721220 0.0979239121 -0.0775383487 -0.9921686649 -0.4790118337 0.8702053428 -0.1152838245
-153.6 -413.3 2204.5 0.8723294139 -0.1089138091 0.4766331911 0.0979239121 0.9940392971 0.0479251072 -0.4790118337 0.0048673088 0.8777949810
230.0 -457.9 2528.8 0.9790599346 -0.1043850482 0.1747725457 0.1564782560 -0.1632715315 -0.9740929008 0.1302161068 0.9810433984 -0.1435186267
274.7 -388.0 2108.6 0.9790599346 -0.1631049216 -0.1218132228 0.1564782560 0.9857220650 -0.0621816069 0.1302161068 0.0418183953 0.9906033278
13.2 -472.9 2148.1 0 0 0 0 0 0 0 0 0
134.9 -441.8 2151.9 0 0 0 0 0 0 0 0 0
-111.9 -793.3 2202.6 0 0 0 0 0 0 0 0 0
337.0 -764.8 2092.6 0 0 0 0 0 0 0 0 0
126.0 109.1 2339.5 6 0.9695848227 -0.0282022338 0.2431251705 -0.0630952641 0.9309650660 0.3596151769 -0.2364829928 -0.3640174866 0.9008702040
131.7 -79.2 2413.1 0.9695848227 -0.0282022338 0.2431251705 -0.0630952641 0.9309650660 0.3596151769 -0.2364829928 -0.3640174866 0.9008702040
136.3 -265.4 2482.8 0.9696223140 -0.0229968652 0.2435234785 -0.0644620582 0.9363540411 0.3450881243 -0.2359601408 -0.3503031731 0.9064273238
-4.7 -70.1 2446.3 -0.3014868796 -0.7982896566 0.5213820934 0.9243589640 -0.3788034618 -0.0454806238 0.2338080555 0.4682323933 0.8521104455
93.0 -369.7 2370.6 0.3112450540 -0.7982896566 0.5156162977 0.4061088264 -0.3788034618 -0.8316150308 0.8591868877 0.4682323933 0.2062917650
268.2 -88.3 2379.9 0.0597348474 0.6690368652 0.7408248186 -0.9709713459 0.2111456543 -0.1123928279 -0.2316168845 -0.7126059532 0.6622283459
282.2 -316.0 2325.6 -0.5635774136 0.6690368652 0.4845308661 -0.4809398949 0.2111456543 -0.8509490490 -0.6716228724 -0.7126059532 0.2027695924
51.4 -445.1 2573.8 0.8650234938 0.4999358654 0.0424083769 0.0923761651 -0.0756145865 -0.9928489923 -0.4931541085 0.8627552390 -0.1115905493
-158.5 -413.4 2211.7 0.8650234938 -0.1043172106 0.4907670021 0.0923761651 0.9945385456 0.0485768802 -0.4931541085 0.0033150322 0.8699356318
229.9 -457.5 2530.9 0.9816953540 -0.0894162804 0.1681635678 0.1528238207 -0.1571105570 -0.9756849408 0.1136623919 0.9835247993 -0.1405697614
268.1 -390.3 2110.1 0.9816953540 -0.1580912769 -0.1062139571 0.1528238207 0.9866611958 -0.0560764857 0.1136623919 0.0388180017 0.9927608371
12.2 -475.1 2147.6 0 0 0 0 0 0 0 0 0
135.7 -441.1 2151.0 0 0 0 0 0 0 0 0 0
-118.6 -793.6 2210.4 0 0 0 0 0 0 0 0 0
328.6 -767.5 2095.3 0 0 0 0 0 0 0 0 0
124.7 110.6 2339.6 7 0.9674749374 -0.0281839203 0.2513919771 -0.0663305074 0.9307391644 0.3596175909 -0.2441157997 -0.3645959795 0.8985973597
130.4 -77.6 2413.4 0.9674749374 -0.0281839203 0.2513919771 -0.0663305074 0.9307391644 0.3596175909 -0.2441157997 -0.3645959795 0.8985973597
135.2 -263.3 2484.2 0.9675143361 -0.0243512411 0.2516407371 -0.0677286237 0.9340025187 0.3507879078 -0.2435752004 -0.3564356267 0.9020115137
-5.8 -68.1 2447.7 -0.3167526722 -0.7701667547 0.5536343455 0.9187053442 -0.3942811489 -0.0228668228 0.2358988374 0.5013836622 0.8324458599
95.2 -361.0 2372.5 0.3066997528 -0.7701667547 0.5592660308 0.4603093266 -0.3942811489 -0.7953978181 0.8330969810 0.5013836622 0.2335890085
266.5 -87.2 2379.1 0.0642999411 0.6813924313 0.7290883660 -0.9728308320 0.2056289613 -0.1063808575 -0.2224088013 -0.7024393678 0.6761015058
281.6 -315.5 2326.9 -0.5555610657 0.6813924313 0.4765042365 -0.4795059860 0.2056289613 -0.8531064987 -0.6792833805 -0.7024393678 0.2124923170
51.0 -442.5 2577.3 0.8605268598 0.5078744292 0.0394605473 0.0874395743 -0.0709516555 -0.9936398864 -0.5018444657 0.8585041761 -0.1054641232
-162.4 -412.7 2216.6 0.8605268598 -0.1020213068 0.4990843832 0.0874395743 0.9947808981 0.0525857955 -0.5018444657 -0.0016117626 0.8649563789
228.9 -455.3 2532.8 0.9830690026 -0.0804128870 0.1646482497 0.1513933092 -0.1497505605 -0.9770643711 0.1032247394 0.9854484200 -0.1350411624
263.3 -391.2 2111.5 0.9830690026 -0.1555346698 -0.0968723074 0.1513933092 0.9872696996 -0.0487713926 0.1032247394 0.0332798250 0.9941011667
15.7 -480.3 2156.5 0 0 0 0 0 0 0 0 0
137.2 -440.1 2150.3 0 0 0 0 0 0 0 0 0
-123.4 -793.0 2217.2 0 0 0 0 0 0 0 0 0
322.7 -768.7 2098.7 0 0 0 0 0 0 0 0 0
127.1 108.4 2338.7 8 0.9698560834 -0.0193678606 0.2429074794 -0.0719665512 0.9296055436 0.3614613712 -0.2328088731 -0.3680467308 0.9001897573
131.0 -79.8 2413.2 0.9698560834 -0.0193678606 0.2429074794 -0.0719665512 0.9296055436 0.3614613712 -0.2328088731 -0.3680467308 0.9001897573
134.1 -265.4 2484.2 0.9698776007 -0.0151751777 0.2431196421 -0.0731265992 0.9338850975 0.3500158191 -0.2323573679 -0.3572510183 0.9046445489
-5.5 -69.5 2445.9 -0.3261683285 -0.7655966878 0.5545051098 0.9178069830 -0.3969425261 -0.0081844311 0.2263726294 0.5062591434 0.8321400881
97.2 -358.4 2374.6 0.3067963719 -0.7655966878 0.5654535294 0.4664148390 -0.3969425261 -0.7905022502 0.8296584487 0.5062591434 0.2353051305
267.5 -90.1 2380.5 0.0603377856 0.6830639243 0.7278619409 -0.9714941382 0.2076627910 -0.1143474504 -0.2292564660 -0.7002141476 0.6761224866
281.5 -314.6 2327.5 -0.5531555414 0.6830639243 0.4769094288 -0.4789350629 0.2076627910 -0.8529345989 -0.6816451550 -0.7002141476 0.2122734338
50.9 -441.3 2579.1 0.8665897250 0.4959885478 0.0549331494 0.0991908535 -0.0633206517 -0.9930517077 -0.4890638590 0.8660172224 -0.1040705517
-159.5 -414.4 2211.8 0.8665897250 -0.1147429943 0.4856504202 0.0991908535 0.9933934808 0.0577105954 -0.4890638590 -0.0018393262 0.8722460270
226.1 -457.8 2534.0 0.9827362299 -0.0920472145 0.1604892910 0.1458401978 -0.1483540088 -0.9781215191 0.1138425916 0.9846412539 -0.1323686838
265.4 -394.4 2113.0 0.9827362299 -0.1502217352 -0.1079950556 0.1458401978 0.9881705046 -0.0474302955 0.1138425916 0.0308614504 0.9930193424
17.6 -479.5 2159.2 0 0 0 0 0 0 0 0 0
137.7 -439.1 2150.3 0 0 0 0 0 0 0 0 0
-115.6 -794.2 2212.5 0 0 0 0 0 0 0 0 0
322.8 -772.2 2101.2 0 0 0 0 0 0 0 0 0
126.2 108.7 2339.2 9 0.9742688537 -0.0233154818 0.2241798043 -0.0595417283 0.9326766133 0.3557655811 -0.2173821032 -0.3599593639 0.9072895050
130.9 -80.5 2412.3 0.9742688537 -0.0233154818 0.2241798043 -0.0595417283 0.9326766133 0.3557655811 -0.2173821032 -0.3599593639 0.9072895050
135.0 -266.7 2482.0 0.9742885828 -0.0200806446 0.2244070023 -0.0603918098 0.9362959862 0.3459806442 -0.2170588821 -0.3506373465 0.9110097885
-6.1 -72.0 2442.8 -0.3270425498 -0.7696881294 0.5482913256 0.9187166095 -0.3948668540 -0.0063194167 0.2213660330 0.5016576052 0.8362635374
98.3 -365.4 2372.1 0.3210763633 -0.7696881294 0.5518062711 0.4397537112 -0.3948668540 -0.8066577911 0.8387649655 0.5016576052 0.2116908133
268.0 -89.1 2381.7 0.0563912913 0.6798251867 0.7312029004 -0.9690651894 0.2135200500 -0.1237816215 -0.2402763516 -0.7016030550 0.6708356142
281.3 -316.7 2325.3 -0.5586137772 0.6798251867 0.4751718640 -0.4690926969 0.2135200500 -0.8569487929 -0.6840341091 -0.7016030550 0.1996257901
51.0 -445.7 2572.9 0.8745854497 0.4791027009 0.0745715648 0.1212470904 -0.0671866164 -0.9903459549 -0.4694671929 0.8751837015 -0.1168502495
-151.5 -417.3 2203.1 0.8745854497 -0.1351753920 0.4656478465 0.1212470904 0.9908133149 0.0599007010 -0.4694671929 0.0040701674 0.8829405308
228.3 -458.4 2531.8 0.9790848494 -0.1059657708 0.1736780852 0.1560382396 -0.1566901207 -0.9752436876 0.1305560917 0.9819467664 -0.1368782073
273.6 -391.4 2112.1 0.9790848494 -0.1618965864 -0.1232165396 0.1560382396 0.9861702323 -0.0558604039 0.1305560917 0.0354655869 0.9908064008
14.9 -479.5 2154.3 0 0 0 0 0 0 0 0 0
136.1 -438.7 2147.5 0 0 0 0 0 0 0 0 0
-99.8 -796.0 2201.5 0 0 0 0 0 0 0 0 0
335.5 -768.4 2098.6 0 0 0 0 0 0 0 0 0
126.0 109.4 2339.0 0 0.9729300141 -0.0273260213 0.2294787765 -0.0578451045 0.9325799346 0.3562984765 -0.2237435132 -0.3599277139 0.9057543278
131.6 -79.7 2412.0 0.9729300141 -0.0273260213 0.2294787765 -0.0578451045 0.9325799346 0.3562984765 -0.2237435132 -0.3599277139 0.9057543278
136.4 -265.7 2482.0 0.9729589224 -0.0242201891 0.2297047824 -0.0588940158 0.9356028438 0.3481074274 -0.2233436704 -0.3522224724 0.9088767171
-5.3 -71.4 2443.4 -0.3283934295 -0.7514369488 0.5722763538 0.9180799723 -0.3963435590 0.0064028893 0.2220066935 0.5274981260 0.8200358152
100.3 -366.7 2372.0 0.3330476582 -0.7514369488 0.5695803165 0.4623070657 -0.3963435590 -0.7932111621 0.8217976689 0.5274981260 0.2153933346
268.5 -88.0 2380.6 0.0553092435 0.6822694540 0.7290056348 -0.9715948105 0.2050327510 -0.1181738526 -0.2300964445 -0.7017620206 0.6742296815
281.4 -315.5 2326.7 -0.5564280748 0.6822694540 0.4742321670 -0.4770004749 0.2050327510 -0.8546532393 -0.6803369522 -0.7017620206 0.2113568932
51.0 -447.9 2569.8 0.8722004294 0.4862621725 0.0530613177 0.1003746167 -0.0717532858 -0.9923589826 -0.4787393212 0.8708619475 -0.1113916263
-156.3 -417.3 2198.4 0.8722004294 -0.1338818222 0.4704700410 0.1003746167 0.9903330803 0.0957357660 -0.4787393212 -0.0362775251 0.8772072792
230.5 -457.1 2531.6 0.9796441793 -0.0991065353 0.1745713055 0.1581008881 -0.1549573988 -0.9751883745 0.1236986592 0.9829375148 -0.1361342818
272.8 -390.8 2111.5 0.9796441793 -0.1635023206 -0.1164656132 0.1581008881 0.9859310389 -0.0542597622 0.1236986592 0.0347419418 0.9917114973
13.8 -486.7 2158.6 0 0 0 0 0 0 0 0 0
136.8 -439.5 2149.8 0 0 0 0 0 0 0 0 0
-105.2 -795.6 2212.2 0 0 0 0 0 0 0 0 0
335.4 -767.8 2098.2 0 0 0 0 0 0 0 0 0
124.6 109.0 2338.9 1 0.9734314680 -0.0334373303 0.2265238911 -0.0511273779 0.9325647354 0.3573639691 -0.2231974900 -0.3594509065 0.9060783386
131.4 -79.7 2411.6 0.9734314680 -0.0334373303 0.2265238911 -0.0511273779 0.9325647354 0.3573639691 -0.2231974900 -0.3594509065 0.9060783386
137.3 -265.5 2482.0 0.9735044241 -0.0297178254 0.2267288566 -0.0532839708 0.9347440004 0.3513039351 -0.2223734260 -0.3540769517 0.9083939791
-5.6 -72.2 2442.9 -0.3279449642 -0.7570157647 0.5651364923 0.9181624055 -0.3961986899 0.0020846289 0.2223282307 0.5195707083 0.8249948025
99.5 -366.3 2371.7 0.3285368979 -0.7570157647 0.5647925735 0.4565463960 -0.3961986899 -0.7966127992 0.8268185258 0.5195707083 0.2154469341
268.4 -87.2 2380.3 0.0560238063 0.6900548935 0.7215854526 -0.9732779860 0.1989414990 -0.1146833226 -0.2226910740 -0.6958782077 0.6827607155
281.5 -314.9 2328.2 -0.5516076088 0.6900548935 0.4685651362 -0.4779070616 0.1989414990 -0.8555858731 -0.6836182475 -0.6958782077 0.2200444639
52.7 -446.6 2571.6 0.8672220111 0.4940274358 0.0621522665 0.1065388992 -0.0621732250 -0.9923627973 -0.4863902628 0.8672204614 -0.1065511331
-155.7 -420.4 2205.9 0.8672220111 -0.1236137897 0.4823335409 0.1065388992 0.9923257232 0.0627620965 -0.4863902628 -0.0030413861 0.8737363815
232.6 -456.2 2532.0 0.9785485268 -0.0989704803 0.1806865782 0.1643798351 -0.1535927951 -0.9743657112 0.1241855994 0.9831653237 -0.1340292543
274.9 -390.6 2111.8 0.9785485268 -0.1696052551 -0.1169480607 0.1643798351 0.9849702716 -0.0530362837 0.1241855994 0.0326746739 0.9917208552
14.1 -485.0 2156.9 0 0 0 0 0 0 0 0 0
138.1 -439.1 2150.5 0 0 0 0 0 0 0 0 0
-108.5 -799.3 2207.0 0 0 0 0 0 0 0 0 0
339.7 -767.1 2099.3 0 0 0 0 0 0 0 0 0
126.4 108.1 2339.8 2 0.9695660472 -0.0299311280 0.2429933548 -0.0600441024 0.9331185818 0.3545200527 -0.2373527884 -0.3583209217 0.9029229283
132.4 -80.5 2412.3 0.9695660472 -0.0299311280 0.2429933548 -0.0600441024 0.9331185818 0.3545200527 -0.2373527884 -0.3583209217 0.9029229283
137.1 -266.6 2482.0 0.9696833491 -0.0234156325 0.2432403713 -0.0641541183 0.9360885620 0.3458648026 -0.2357931733 -0.3509842157 0.9062072635
-4.0 -71.5 2445.4 -0.3218497932 -0.7619730234 0.5619695783 0.9185502529 -0.3951837718 -0.0097588180 0.2295172065 0.5130563974 0.8271003366
98.7 -364.7 2372.2 0.3211733401 -0.7619730234 0.5623564720 0.4573447704 -0.3951837718 -0.7966589928 0.8292667866 0.5130563974 0.2215619087
268.9 -89.6 2379.1 0.0574579574 0.6835833788 0.7276072502 -0.9725953937 0.2027950883 -0.1137207076 -0.2252927721 -0.7011333108 0.6765022278
282.2 -315.1 2326.8 -0.5558571815 0.6835833788 0.4730079770 -0.4779013991 0.2027950883 -0.8546838164 -0.6801713705 -0.7011333108 0.2139603496
54.3 -446.6 2572.4 0.8707255125 0.4895623326 0.0465381630 0.0908621997 -0.0671535954 -0.9935967326 -0.4833023250 0.8693785667 -0.1029550657
-153.8 -418.1 2202.8 0.8707255125 -0.1149366945 0.4781491756 0.0908621997 0.9931642413 0.0732720643 -0.4833023250 -0.0203541685 0.8752168417
230.7 -458.6 2530.2 0.9820438623 -0.0873763561 0.1671983004 0.1523471177 -0.1554113626 -0.9760316014 0.1112665981 0.9839779735 -0.1393092275
268.0 -392.2 2109.7 0.9820438623 -0.1573607475 -0.1040552482 0.1523471177 0.9868209362 -0.0545415543 0.1112665981 0.0377096795 0.9930748940
15.2 -483.6 2156.7 0 0 0 0 0 0 0 0 0
137.7 -439.3 2150.0 0 0 0 0 0 0 0 0 0
-109.9 -797.5 2210.6 0 0 0 0 0 0 0 0 0
328.2 -769.4 2095.2 0 0 0 0 0 0 0 0 0
125.8 109.1 2338.8 3 0.9732291698 -0.0348894559 0.2271731794 -0.0503072217 0.9321062565 0.3586741090 -0.2242634892 -0.3605005443 0.9053978324
132.8 -79.6 2411.8 0.9732291698 -0.0348894559 0.2271731794 -0.0503072217 0.9321062565 0.3586741090 -0.2242634892 -0.3605005443 0.9053978324
138.0 -265.5 2481.9 0.9734358191 -0.0259926859 0.2274797559 -0.0566456355 0.9353080392 0.3492709100 -0.2218421251 -0.3528785706 0.9089899659
-4.1 -71.6 2443.0 -0.3107814491 -0.7818552852 0.5404787064 0.9236648679 -0.3825529516 -0.0222823173 0.2241832614 0.4922962487 0.8410626054
95.8 -368.6 2370.9 0.3130590022 -0.7818552852 0.5391626954 0.4419615865 -0.3825529516 -0.8113712072 0.8406330943 0.4922962487 0.2257883549
269.8 -87.5 2380.5 0.0498260930 0.6733029485 0.7376859188 -0.9701766372 0.2080600411 -0.1243717968 -0.2372228503 -0.7094886899 0.6635895967
281.6 -316.8 2324.5 -0.5630888343 0.6733029485 0.4791597724 -0.4775825143 0.2080600411 -0.8535959125 -0.6744226217 -0.7094886899 0.2044014186
54.6 -446.1 2571.9 0.8834035397 0.4653760195 0.0549852438 0.0940880254 -0.0611976013 -0.9936811924 -0.4590704143 0.8829948902 -0.0978484899
-143.7 -420.1 2195.7 0.8834035397 -0.1236223951 0.4520129561 0.0940880254 0.9917247891 0.0873463824 -0.4590704143 -0.0346330926 0.8877245784
229.8 -459.8 2529.3 0.9822140336 -0.0991403759 0.1594578028 0.1418681890 -0.1644735932 -0.9761259556 0.1230000854 0.9813866019 -0.1474834085
272.6 -388.7 2104.9 0.9822140336 -0.1471636295 -0.1166124716 0.1418681890 0.9884910583 -0.0525245070 0.1230000854 0.0350467078 0.9917876124
14.4 -483.4 2152.4 0 0 0 0 0 0 0 0 0
135.2 -441.0 2149.1 0 0 0 0 0 0 0 0 0
-96.4 -799.0 2208.9 0 0 0 0 0 0 0 0 0
328.9 -766.6 2091.5 0 0 0 0 0 0 0 0 0
126.8 109.2 2338.8 4 0.9715085030 -0.0367921144 0.2341314107 -0.0512271486 0.9319273829 0.3590086102 -0.2314021438 -0.3607738018 0.9034906030
134.3 -79.1 2411.7 0.9715085030 -0.0367921144 0.2341314107 -0.0512271486 0.9319273829 0.3590086102 -0.2314021438 -0.3607738018 0.9034906030
140.4 -264.9 2482.2 0.9716505408 -0.0307941269 0.2344076484 -0.0551490895 0.9346073866 0.3513795733 -0.2298995405 -0.3543455303 0.9064134955
-2.5 -71.4 2444.1 -0.3034111857 -0.7916660905 0.5302890539 0.9253851771 -0.3774921894 -0.0340861864 0.2271648645 0.4803795218 0.8471314311
95.7 -370.7 2370.6 0.3061442077 -0.7916660905 0.5287159681 0.4353311360 -0.3774921894 -0.8173043728 0.8466182947 0.4803795218 0.2290698439
271.0 -86.9 2379.4 0.0586734191 0.6844272017 0.7267164588 -0.9741621017 0.1982963085 -0.1081053764 -0.2180954516 -0.7015967369 0.6783777475
284.7 -314.2 2328.5 -0.5584043860 0.6844272017 0.4687685668 -0.4761465788 0.1982963085 -0.8567163944 -0.6793150902 -0.7015967369 0.2151581347
54.8 -445.9 2571.7 0.8781037331 0.4765120149 0.0432449430 0.0847190917 -0.0658891872 -0.9942239523 -0.4709102809 0.8766954541 -0.0982272029
-147.0 -418.0 2200.4 0.8781037331 -0.1105284914 0.4655290246 0.0847190917 0.9934961200 0.0760800540 -0.4709102809 -0.0273669865 0.8817565441
232.0 -457.2 2531.3 0.9827149510 -0.0961558968 0.1581941694 0.1415055245 -0.1608088315 -0.9767889977 0.1193630397 0.9822904468 -0.1444226503
273.5 -387.8 2106.9 0.9827149510 -0.1476130188 -0.1117217466 0.1415055245 0.9880688190 -0.0607958809 0.1193630397 0.0439357720 0.9918780923
16.1 -483.8 2150.5 0 0 0 0 0 0 0 0 0
139.5 -438.0 2151.9 0 0 0 0 0 0 0 0 0
-104.8 -797.7 2210.8 0 0 0 0 0 0 0 0 0
330.0 -765.5 2090.1 0 0 0 0 0 0 0 0 0
125.9 110.2 2346.3 5 0.9708174467 -0.0389146879 0.2366412431 -0.0448390394 0.9398927689 0.3385130763 -0.2355905175 -0.3392451704 0.9107193947
133.7 -79.7 2414.8 0.9708174467 -0.0389146879 0.2366412431 -0.0448390394 0.9398927689 0.3385130763 -0.2355905175 -0.3392451704 0.9107193947
140.4 -267.0 2480.9 0.9709441066 -0.0335033797 0.2369494885 -0.0481308289 0.9425778389 0.3305003345 -0.2344162166 -0.3323019445 0.9135778546
-2.9 -72.9 2447.8 -0.3115452230 -0.7791084647 0.5439941287 0.9196553826 -0.3912776113 -0.0337015241 0.2391098589 0.4897875786 0.8384119272
97.2 -368.4 2371.0 0.3118414879 -0.7791084647 0.5438243747 0.4358743131 -0.3912776113 -0.8105031848 0.8442561626 0.4897875786 0.2175767720
270.4 -86.5 2381.8 0.0579291619 0.6796157360 0.7312774062 -0.9711205363 0.2081853747 -0.1165492907 -0.2314500064 -0.7034069300 0.6720488071
284.0 -314.9 2327.4 -0.5585210919 0.6796157360 0.4755802751 -0.4748055339 0.2081853747 -0.8551132083 -0.6801572442 -0.7034069300 0.2064093798
57.8 -445.5 2573.3 0.8773446083 0.4792757928 0.0236886498 0.0637401491 -0.0674678013 -0.9956833124 -0.4756087065 0.8750672936 -0.0897416249
-146.6 -416.7 2200.1 0.8773446083 -0.0910510346 0.4711434543 0.0637401491 0.9952456951 0.0736422688 -0.4756087065 -0.0345788933 0.8789770603
234.3 -459.5 2525.3 0.9833112955 -0.0902148560 0.1579879224 0.1395011991 -0.1835494936 -0.9730616808 0.1167832240 0.9788620472 -0.1679012179
273.1 -380.5 2103.8 0.9833112955 -0.1484999359 -0.1051031649 0.1395011991 0.9862707853 -0.0883707255 0.1167832240 0.0722339153 0.9905270934
16.1 -481.7 2151.5 0 0 0 0 0 0 0 0 0
138.8 -438.4 2150.6 0 0 0 0 0 0 0 0 0
-111.8 -797.1 2213.4 0 0 0 0 0 0 0 0 0
329.9 -757.4 2076.2 0 0 0 0 0 0 0 0 0
124.9 110.3 2342.5 6 0.9734270573 -0.0408337079 0.2253273427 -0.0417786837 0.9357914329 0.3500699401 -0.2251540571 -0.3501814306 0.9092186689
133.2 -79.3 2413.5 0.9734270573 -0.0408337079 0.2253273427 -0.0417786837 0.9357914329 0.3500699401 -0.2251540571 -0.3501814306 0.9092186689
140.4 -266.2 2480.7 0.9734773040 -0.0364627838 0.2258593738 -0.0429982506 0.9404663444 0.3371559978 -0.2247067839 -0.3379252851 0.9139547944
-3.8 -73.2 2445.1 -0.3038393259 -0.7967334986 0.5223958492 0.9242064357 -0.3796360493 -0.0414599292 0.2313528061 0.4702044427 0.8516945839
94.7 -373.0 2370.1 0.3004069626 -0.7967334986 0.5243771672 0.4263253808 -0.3796360493 -0.8210500479 0.8532305360 0.4702044427 0.2256224006
270.2 -85.3 2381.9 0.0608633682 0.6743979454 0.7358553410 -0.9711277485 0.2103767246 -0.1124834120 -0.2306654155 -0.7077634335 0.6677308083
