132.2 112.7 2342.3 03 0.9717172384 -0.0248289760 0.2348386347 -0.0545383543 0.9439768791 0.3254738748 -0.2297634184 -0.3290762901 0.9159244299
137.2 -77.2 2408.5 0.9717172384 -0.0248289760 0.2348386347 -0.0545383543 0.9439768791 0.3254738748 -0.2297634184 -0.3290762901 0.9159244299
141.6 -264.8 2474.0 0.9717799425 -0.0222010501 0.2348421514 -0.0570569001 0.9438766837 0.3253326118 -0.2288847566 -0.3295510709 0.9159737229
0.5 -69.1 2440.7 -0.2859394848 -0.8028069139 0.5232014060 0.9355031252 -0.3521235883 -0.0290327370 0.2075392306 0.4811549485 0.8517143726
93.9 -374.7 2372.9 0.3076100051 -0.8028069139 0.5107613802 0.4466876388 -0.3521235883 -0.8224835396 0.8401465416 0.4811549485 0.2502871752
274.0 -85.2 2376.3 0.0101607116 0.6750526428 0.7376996279 -0.9723200202 0.1788903028 -0.1503063142 -0.2334319800 -0.7157528996 0.6581848860
276.5 -323.1 2319.1 -0.5380514860 0.6750526428 0.5047816634 -0.5444083810 0.1788903028 -0.8195228577 -0.6435216069 -0.7157528996 0.2712521255
52.0 -446.7 2559.9 0.8555873632 0.5137744546 0.0632935241 0.1202269569 -0.0782949850 -0.9896541834 -0.5035035014 0.8543452024 -0.1287577450
-157.3 -414.8 2211.9 0.8555873632 -0.1277235448 0.5016542077 0.1202269569 0.9916133285 0.0474185199 -0.5035035014 0.0197416749 0.8637676239
235.2 -457.6 2518.5 0.9766908288 -0.1248679683 0.1745937318 0.1494771093 -0.1880938709 -0.9707096815 0.1540505588 0.9741810560 -0.1650446504
290.3 -374.6 2088.5 0.9766908288 -0.1500218809 -0.1535200775 0.1494771093 0.9886490703 -0.0151515724 0.1540505588 -0.0081493352 0.9880293608
14.2 -490.3 2155.4 0 0 0 0 0 0 0 0 0
136.5 -464.7 2151.7 0 0 0 0 0 0 0 0 0
-108.5 -793.9 2204.3 0 0 0 0 0 0 0 0 0
347.7 -752.6 2091.6 0 0 0 0 0 0 0 0 0
133.0 109.3 2341.0 04 0.9682781696 -0.0228781290 0.2488251776 -0.0629561394 0.9413388371 0.3315384984 -0.2418137789 -0.3366865516 0.9100375175
137.7 -80.4 2408.9 0.9682781696 -0.0228781290 0.2488251776 -0.0629561394 0.9413388371 0.3315384984 -0.2418137789 -0.3366865516 0.9100375175
141.5 -267.6 2475.7 0.9683455825 -0.0193722248 0.2488605231 -0.0659602433 0.9416864514 0.3299634159 -0.2407407165 -0.3359335363 0.9106001258
1.4 -71.1 2442.8 -0.2707679272 -0.8092632294 0.5213230252 0.9348859787 -0.3501743972 -0.0580180213 0.2295058370 0.4716681838 0.8513848782
90.5 -378.7 2367.3 0.3013018668 -0.8092632294 0.5042917728 0.4418358803 -0.3501743972 -0.8259291649 0.8449841738 0.4716681838 0.2520533502
273.9 -89.7 2375.0 0.0129273394 0.6829231381 0.7303758860 -0.9742885232 0.1729157120 -0.1444368362 -0.2249327153 -0.7097296715 0.6675994992
277.0 -321.1 2321.6 -0.5277029276 0.6829231381 0.5051193833 -0.5550484657 0.1729157120 -0.8136469722 -0.6430013776 -0.7097296715 0.2878072858
54.1 -448.5 2564.3 0.8469307423 0.5301799774 0.0402173735 0.1003669500 -0.0851339474 -0.9913015366 -0.5221443772 0.8436002731 -0.1253151149
-162.9 -413.7 2219.0 0.8469307423 -0.1126288176 0.5196374059 0.1003669500 0.9936024547 0.0517753549 -0.5221443772 0.0083042802 0.8528167009
234.2 -460.8 2520.4 0.9796345830 -0.1138966158 0.1653590202 0.1432828903 -0.1803946048 -0.9731021523 0.1406629235 0.9769776464 -0.1604013592
284.5 -381.2 2089.2 0.9796345830 -0.1428222358 -0.1411306113 0.1432828903 0.9896574020 -0.0069453884 0.1406629235 -0.0134176603 0.9899666309
12.3 -493.3 2148.1 0 0 0 0 0 0 0 0 0
139.7 -465.5 2154.3 0 0 0 0 0 0 0 0 0
-119.9 -793.4 2215.8 0 0 0 0 0 0 0 0 0
339.1 -759.6 2094.3 0 0 0 0 0 0 0 0 0
134.4 110.2 2341.4 05 0.9700621963 -0.0212618578 0.2419241071 -0.0619728230 0.9415079951 0.3312431276 -0.2348163277 -0.3363191783 0.9120036960
138.7 -79.1 2409.0 0.9700621963 -0.0212618578 0.2419241071 -0.0619728230 0.9415079951 0.3312431276 -0.2348163277 -0.3363191783 0.9120036960
142.4 -266.2 2476.1 0.9701149464 -0.0187774226 0.2419181019 -0.0644541234 0.9412420392 0.3315254748 -0.2339286804 -0.3372104466 0.9119026661
2.2 -70.0 2441.9 -0.2534840405 -0.8188276291 0.5150409341 0.9373207092 -0.3395193517 -0.0784636661 0.2391145825 0.4628692269 0.8535668254
86.3 -381.2 2362.5 0.2949797213 -0.8188276291 0.4924513102 0.4428662956 -0.3395193517 -0.8298168778 0.8466737270 0.4628692269 0.2624798417
275.2 -88.2 2376.1 -0.0005553947 0.6975024343 0.7165821791 -0.9734607935 0.1636150777 -0.1600131392 -0.2288531959 -0.6976535320 0.6789003611
275.1 -323.5 2320.8 -0.5356333256 0.6975024343 0.4760119021 -0.5276903510 0.1636150777 -0.8335304260 -0.6592722535 -0.6976535320 0.2804276049
55.9 -447.3 2564.4 0.8487602472 0.5275563002 0.0359223671 0.0963037759 -0.0874249935 -0.9915051460 -0.5199342966 0.8450095654 -0.1250085235
-160.6 -411.4 2217.7 0.8487602472 -0.1106234640 0.5170769095 0.0963037759 0.9938562512 0.0545470156 -0.5199342966 0.0034991242 0.8541991115
235.2 -459.2 2521.6 0.9783627391 -0.1203918457 0.1682623327 0.1452594846 -0.1794218123 -0.9729889631 0.1473298669 0.9763777852 -0.1580515504
288.3 -380.1 2090.7 0.9783627391 -0.1445378959 -0.1480378509 0.1452594846 0.9893754721 -0.0059835068 0.1473298669 -0.0156498626 0.9889636040
9.7 -496.2 2142.7 0 0 0 0 0 0 0 0 0
135.7 -460.7 2149.3 0 0 0 0 0 0 0 0 0
-118.3 -791.4 2216.3 0 0 0 0 0 0 0 0 0
343.6 -758.3 2096.6 0 0 0 0 0 0 0 0 0
132.6 109.9 2341.6 06 0.9693450928 -0.0216995105 0.2447432727 -0.0632696748 0.9404568672 0.3339728117 -0.2374175340 -0.3392197192 0.9102542996
137.0 -79.8 2410.0 0.9693450928 -0.0216995105 0.2447432727 -0.0632696748 0.9404568672 0.3339728117 -0.2374175340 -0.3392197192 0.9102542996
140.7 -266.8 2477.3 0.9693968892 -0.0188884046 0.2447710186 -0.0656725764 0.9407479763 0.3326865435 -0.2365517616 -0.3385800421 0.9107177258
0.6 -70.6 2443.3 -0.2695391178 -0.8270145655 0.4933513701 0.9415971041 -0.3337225914 -0.0449906550 0.2018504292 0.4524114728 0.8686658144
87.2 -373.3 2378.4 0.3020251095 -0.8270145655 0.4741600454 0.4149969220 -0.3337225914 -0.8464081883 0.8582298160 0.4524114728 0.2424159050
273.4 -89.0 2376.7 0.0099273045 0.6883885264 0.7252742052 -0.9728495479 0.1743673980 -0.1521834582 -0.2312255204 -0.7040719390 0.6714294553
275.8 -322.0 2321.4 -0.5345871449 0.6883885264 0.4902426600 -0.5340940952 0.1743673980 -0.8272481561 -0.6549504399 -0.7040719390 0.2744496763
54.9 -447.8 2566.3 0.8465542197 0.5313876867 0.0311939232 0.0922670513 -0.0887711346 -0.9917693734 -0.5242449045 0.8424647450 -0.1241791546
-163.4 -411.3 2220.2 0.8465542197 -0.1078176647 0.5212689042 0.0922670513 0.9941703081 0.0557870492 -0.5242449045 0.0008691825 0.8515670896
233.4 -459.9 2523.0 0.9788979292 -0.1178287640 0.1669586301 0.1446119994 -0.1778293699 -0.9733776450 0.1443820298 0.9769816399 -0.1570373625
285.5 -381.4 2091.7 0.9788979292 -0.1437042654 -0.1452855319 0.1446119994 0.9894788861 -0.0043497127 0.1443820298 -0.0167521052 0.9893801808
9.2 -480.5 2156.8 0 0 0 0 0 0 0 0 0
136.7 -461.0 2151.0 0 0 0 0 0 0 0 0 0
-122.2 -791.4 2219.8 0 0 0 0 0 0 0 0 0
340.4 -759.7 2098.1 0 0 0 0 0 0 0 0 0
134.9 111.9 2342.7 07 0.9685490727 -0.0064779483 0.2487382889 -0.0782220140 0.9410522580 0.3290926516 -0.2362075746 -0.3381991982 0.9109485745
136.2 -78.0 2410.9 0.9685490727 -0.0064779483 0.2487382889 -0.0782220140 0.9410522580 0.3290926516 -0.2362075746 -0.3381991982 0.9109485745
136.9 -265.1 2478.2 0.9685639143 -0.0033662142 0.2487419546 -0.0810657740 0.9410558939 0.3283932805 -0.2351855189 -0.3382343352 0.9111999273
-0.1 -66.6 2444.0 -0.2717786133 -0.8177422881 0.5073795319 0.9392757416 -0.3401809335 -0.0451442264 0.2095171809 0.4643000364 0.8605393767
88.7 -373.2 2375.6 0.2979866862 -0.8177422881 0.4924444258 0.4399305880 -0.3401809335 -0.8311064839 0.8471511006 0.4643000364 0.2583804429
272.5 -89.4 2377.8 0.0139014721 0.6671528220 0.7447911501 -0.9689596891 0.1928588301 -0.1546693295 -0.2468276322 -0.7195224762 0.6491252184
275.9 -322.8 2318.4 -0.5407496095 0.6671528220 0.5123445988 -0.5389499664 0.1928588301 -0.8199624419 -0.6458504200 -0.7195224762 0.2552736700
48.4 -444.7 2566.9 0.8482767344 0.5293735862 0.0137921693 0.0776910633 -0.0986458585 -0.9920852184 -0.5238232017 0.8426343203 -0.1248065829
-169.2 -404.1 2220.5 0.8482767344 -0.0909532458 0.5216839314 0.0776910633 0.9958550930 0.0472944006 -0.5238232017 0.0004114411 0.8518269062
226.4 -459.6 2523.8 0.9808757305 -0.1220628321 0.1516028792 0.1288962066 -0.1762494147 -0.9758698344 0.1458373517 0.9767480493 -0.1571453512
280.3 -381.8 2092.7 0.9808757305 -0.1278503984 -0.1467550397 0.1288962066 0.9916551709 -0.0024008935 0.1458373517 -0.0165611897 0.9891699553
11.5 -487.2 2156.2 0 0 0 0 0 0 0 0 0
135.2 -463.1 2150.3 0 0 0 0 0 0 0 0 0
-134.5 -784.8 2220.4 0 0 0 0 0 0 0 0 0
329.2 -760.8 2099.0 0 0 0 0 0 0 0 0 0
135.9 111.5 2340.7 08 0.9668179154 -0.0014070722 0.2554625571 -0.0873095319 0.9379512072 0.3355959356 -0.2400836051 -0.3467644751 0.9067051411
136.2 -77.3 2410.5 0.9668179154 -0.0014070722 0.2554625571 -0.0873095319 0.9379512072 0.3355959356 -0.2400836051 -0.3467644751 0.9067051411
135.8 -263.6 2479.7 0.9668162465 0.0022663674 0.2554626167 -0.0909201130 0.9375435710 0.3357760310 -0.2387463599 -0.3478604257 0.9066384435
0.2 -64.5 2444.1 -0.2563954294 -0.8069744706 0.5320278406 0.9401107430 -0.3361116648 -0.0567516200 0.2246178687 0.4856142104 0.8448228836
85.2 -376.4 2369.6 0.3133881688 -0.8069744706 0.5005797148 0.4532419145 -0.3361116648 -0.8255911469 0.8344816566 0.4856142104 0.2604212165
272.3 -90.1 2376.9 0.0168092921 0.6672146916 0.7446757555 -0.9701116085 0.1912025362 -0.1494157016 -0.2420762479 -0.7199070454 0.6504867077
276.3 -323.3 2318.7 -0.5489662290 0.6672146916 0.5034487247 -0.5270187855 0.1912025362 -0.8280656934 -0.6487582922 -0.7199070454 0.2466709465
46.5 -441.7 2570.7 0.8461543918 0.5329168439 0.0047346745 0.0651771426 -0.0946613476 -0.9933736324 -0.5289373398 0.8408560157 -0.1148321107
-172.7 -402.7 2224.9 0.8461543918 -0.0828777477 0.5264542103 0.0651771426 0.9965116382 0.0521198511 -0.5289373398 -0.0097886585 0.8486044407
224.0 -458.4 2526.9 0.9824965596 -0.1188560203 0.1434354484 0.1228602752 -0.1653252393 -0.9785565734 0.1400208324 0.9790509939 -0.1478287876
276.5 -385.4 2094.8 0.9824965596 -0.1203641444 -0.1421722770 0.1228602752 0.9923842549 0.0088788047 0.1400208324 -0.0261907205 0.9898021221
3.9 -494.0 2153.1 0 0 0 0 0 0 0 0 0
133.5 -460.5 2149.9 0 0 0 0 0 0 0 0 0
-141.0 -783.7 2228.7 0 0 0 0 0 0 0 0 0
322.5 -764.7 2104.8 0 0 0 0 0 0 0 0 0
134.5 108.8 2340.8 09 0.9708034992 -0.0076221479 0.2397551239 -0.0764108449 0.9376035333 0.3392063677 -0.2273807377 -0.3476226330 0.9096463919
136.1 -79.4 2410.5 0.9708034992 -0.0076221479 0.2397551239 -0.0764108449 0.9376035333 0.3392063677 -0.2273807377 -0.3476226330 0.9096463919
137.4 -265.7 2479.8 0.9708102345 -0.0067738262 0.2397531271 -0.0772945359 0.9374366403 0.3394673467 -0.2270528525 -0.3480899930 0.9095495343
-0.5 -68.5 2442.5 -0.2522909045 -0.8086401820 0.5314605832 0.9396257401 -0.3359519541 -0.0651134625 0.2311985940 0.4829465151 0.8445767164
83.0 -379.6 2366.0 0.3079704344 -0.8086401820 0.5012537241 0.4577107430 -0.3359519541 -0.8231871724 0.8340594172 0.4829465151 0.2666600347
272.7 -90.3 2378.6 0.0134062953 0.6767567992 0.7360845804 -0.9689580202 0.1905363351 -0.1575316489 -0.2468614727 -0.7111231685 0.6583033204
275.9 -322.8 2319.4 -0.5460192561 0.6767567992 0.4938251376 -0.5180128217 0.1905363351 -0.8338816762 -0.6584267020 -0.7111231685 0.2465321720
49.6 -445.0 2569.8 0.8513811231 0.5241800547 0.0196316633 0.0766774490 -0.0873423368 -0.9932229519 -0.5189130306 0.8471165895 -0.1145544052
-166.0 -409.1 2221.4 0.8513811231 -0.0965444893 0.5155863762 0.0766774490 0.9952641129 0.0597485416 -0.5189130306 -0.0113349324 0.8547518849
227.8 -459.2 2528.1 0.9789042473 -0.1283124536 0.1590044200 0.1367231905 -0.1669342518 -0.9764423966 0.1518329978 0.9775831699 -0.1458693594
284.5 -385.5 2096.6 0.9789042473 -0.1340093762 -0.1542335153 0.1367231905 0.9905840158 0.0070760557 0.1518329978 -0.0280140787 0.9880090952
3.0 -498.5 2149.4 0 0 0 0 0 0 0 0 0
133.8 -457.6 2148.0 0 0 0 0 0 0 0 0 0
-129.1 -789.5 2225.7 0 0 0 0 0 0 0 0 0
335.7 -764.1 2107.3 0 0 0 0 0 0 0 0 0
134.3 108.4 2339.8 10 0.9693774581 -0.0135004548 0.2452041060 -0.0731015280 0.9373602867 0.3406050801 -0.2344429195 -0.3480996788 0.9076690674
137.0 -80.2 2409.8 0.9693774581 -0.0135004548 0.2452041060 -0.0731015280 0.9373602867 0.3406050801 -0.2344429195 -0.3480996788 0.9076690674
139.4 -266.5 2479.4 0.9694032073 -0.0118996846 0.2451851815 -0.0750020146 0.9367015362 0.3420012891 -0.2337350547 -0.3499265313 0.9071490169
0.6 -69.7 2442.7 -0.2520013750 -0.8411262035 0.4785415828 0.9477388859 -0.3144950569 -0.0537017770 0.1956689358 0.4399995506 0.8764211535
82.9 -379.4 2378.8 0.2886627018 -0.8411262035 0.4573626518 0.4269282818 -0.3144950569 -0.8478355408 0.8569749594 0.4399995506 0.2683175802
273.4 -90.8 2376.9 0.0096220076 0.6846042275 0.7288514376 -0.9710683227 0.1803231388 -0.1565564126 -0.2386079729 -0.7062581778 0.6665325761
275.7 -322.2 2320.1 -0.5452304482 0.6846042275 0.4837776423 -0.5163832903 0.1803231388 -0.8371570110 -0.6603575349 -0.7062581778 0.2552005053
52.8 -445.8 2570.4 0.8474119306 0.5305011868 0.0214831308 0.0779068246 -0.0842182636 -0.9933971167 -0.5251891017 0.8434902430 -0.1126972213
-165.4 -411.1 2223.4 0.8474119306 -0.0993426144 0.5215592980 0.0779068246 0.9949722886 0.0629343167 -0.5251891017 -0.0126982629 0.8508908153
229.7 -459.6 2528.7 0.9805397987 -0.1170249134 0.1576290727 0.1369035840 -0.1678841561 -0.9762542248 0.1407094896 0.9788360596 -0.1485959589
281.3 -385.6 2097.2 0.9805397987 -0.1371700466 -0.1404497474 0.1369035840 0.9905164242 -0.0116039179 0.1407094896 -0.0078499718 0.9900197983
9.1 -488.6 2159.6 0 0 0 0 0 0 0 0 0
133.8 -456.6 2148.2 0 0 0 0 0 0 0 0 0
-127.4 -791.5 2228.3 0 0 0 0 0 0 0 0 0
333.7 -764.2 2100.2 0 0 0 0 0 0 0 0 0
133.4 109.5 2339.8 11 0.9720253348 -0.0189787205 0.2341080457 -0.0632936433 0.9386925101 0.3388956785 -0.2261872739 -0.3442327380 0.9112316370
137.2 -79.8 2409.2 0.9720253348 -0.0189787205 0.2341080457 -0.0632936433 0.9386925101 0.3388956785 -0.2261872739 -0.3442327380 0.9112316370
140.7 -266.3 2478.0 0.9720575213 -0.0176286325 0.2340798676 -0.0649448931 0.9380568266 0.3403404057 -0.2255799472 -0.3460327387 0.9107003212
0.4 -70.7 2440.9 -0.2499786615 -0.8476774693 0.4679247439 0.9454994202 -0.3178551197 -0.0707035884 0.2086661160 0.4247481823 0.8809355497
81.4 -377.1 2373.3 0.2610343099 -0.8476774693 0.4618484378 0.4471122324 -0.3178551197 -0.8360973597 0.8555417657 0.4247481823 0.2960358858
274.0 -88.9 2377.5 0.0034210559 0.6831030250 0.7303140163 -0.9690935612 0.1824132353 -0.1660815775 -0.2466697693 -0.7071744800 0.6626147628
274.8 -322.7 2318.0 -0.5458092690 0.6831030250 0.4852448106 -0.5158537626 0.1824132353 -0.8370306492 -0.6602932215 -0.7071744800 0.2528184056
55.0 -446.8 2567.5 0.8511492014 0.5239695311 0.0316381641 0.0879993811 -0.0830101669 -0.9926557541 -0.5174950957 0.8476822972 -0.1167630330
-160.5 -412.7 2218.8 0.8511492014 -0.1084915102 0.5135899782 0.0879993811 0.9940528870 0.0641478524 -0.5174950957 -0.0094037959 0.8556345105
232.9 -458.7 2526.7 0.9786932468 -0.1199896783 0.1666194201 0.1443685740 -0.1748953909 -0.9739452600 0.1460043341 0.9772481918 -0.1538462043
285.6 -381.9 2097.4 0.9786932468 -0.1467643082 -0.1435959190 0.1443685740 0.9891549945 -0.0270209908 0.1460043341 0.0057145227 0.9892674685
14.1 -492.3 2152.8 0 0 0 0 0 0 0 0 0
132.8 -457.0 2146.1 0 0 0 0 0 0 0 0 0
-119.0 -792.7 2222.4 0 0 0 0 0 0 0 0 0
341.7 -760.0 2095.3 0 0 0 0 0 0 0 0 0
132.7 109.1 2339.3 12 0.9694361687 -0.0256561264 0.2439985722 -0.0614302494 0.9374554753 0.3426420987 -0.2375286669 -0.3471585214 0.9072271585
137.9 -79.7 2409.2 0.9694361687 -0.0256561264 0.2439985722 -0.0614302494 0.9374554753 0.3426420987 -0.2375286669 -0.3471585214 0.9072271585
142.4 -266.2 2478.0 0.9694923759 -0.0229653288 0.2440431714 -0.0635998249 0.9379379153 0.3409216404 -0.2367267311 -0.3460420370 0.9078630805
1.4 -70.8 2442.5 -0.2410563231 -0.8465582132 0.4745851159 0.9429731965 -0.3199646473 -0.0917834565 0.2295505106 0.4253960550 0.8754112124
79.9 -377.6 2367.8 0.2593131661 -0.8465582132 0.4648611248 0.4500268996 -0.3199646473 -0.8337256312 0.8545364141 0.4253960550 0.2980029285
274.3 -88.7 2375.9 0.0055499743 0.6705455780 0.7418475747 -0.9710453749 0.1807952076 -0.1561535746 -0.2388305664 -0.7195010185 0.6521335840
275.7 -322.9 2318.3 -0.5579902530 0.6705455780 0.4888921380 -0.5162220597 0.1807952076 -0.8371546268 -0.6497396827 -0.7195010185 0.2452684790
58.1 -446.8 2568.5 0.8449934125 0.5338364840 0.0316967554 0.0890581161 -0.0820287988 -0.9926428795 -0.5273089409 0.8415995836 -0.1168562695
-161.5 -413.1 2222.3 0.8449934125 -0.1099866629 0.5233440995 0.0890581161 0.9938976765 0.0650852174 -0.5273089409 -0.0083885426 0.8496322036
234.5 -458.3 2525.7 0.9817124009 -0.1088116616 0.1562073678 0.1362536848 -0.1714337617 -0.9757281542 0.1329498142 0.9791682363 -0.1534726769
282.2 -383.3 2097.0 0.9817124009 -0.1392658949 -0.1297910959 0.1362536848 0.9901618361 -0.0318500102 0.1329498142 0.0135830333 0.9910296798
12.8 -494.1 2146.6 0 0 0 0 0 0 0 0 0
130.4 -457.3 2149.2 0 0 0 0 0 0 0 0 0
-119.5 -793.0 2225.5 0 0 0 0 0 0 0 0 0
335.4 -761.7 2091.8 0 0 0 0 0 0 0 0 0
134.3 107.2 2340.5 13 0.9704180360 -0.0181063581 0.2407509685 -0.0664961189 0.9385705590 0.3386201262 -0.2320929468 -0.3446120918 0.9096017480
138.0 -81.7 2409.9 0.9704180360 -0.0181063581 0.2407509685 -0.0664961189 0.9385705590 0.3386201262 -0.2320929468 -0.3446120918 0.9096017480
140.8 -268.4 2478.2 0.9704771638 -0.0140542137 0.2407832593 -0.0699483976 0.9389976859 0.3367351890 -0.2308274657 -0.3436362147 0.9102927446
1.4 -71.9 2442.4 -0.2396499217 -0.8392618895 0.4880649149 0.9419770241 -0.3227112889 -0.0923945978 0.2350473255 0.4376035631 0.8679031730
78.9 -376.6 2366.3 0.2739469111 -0.8392618895 0.4696727991 0.4442401230 -0.3227112889 -0.8357679844 0.8529969454 0.4376035631 0.2844280601
274.5 -91.6 2377.4 0.0058808308 0.6514124870 0.7587009668 -0.9691420794 0.1906879991 -0.1562106609 -0.2464327514 -0.7343704104 0.6324326396
276.0 -323.7 2318.4 -0.5709964037 0.6514124870 0.4996247590 -0.5141602755 0.1906879991 -0.8362280130 -0.6400018334 -0.7343704104 0.2260482758
54.5 -448.7 2567.7 0.8489001393 0.5279471874 0.0253044534 0.0843782350 -0.0881020501 -0.9925312996 -0.5217747092 0.8446950912 -0.1193370968
-162.7 -412.4 2220.2 0.8489001393 -0.1027780175 0.5184643269 0.0843782350 0.9946839809 0.0590261593 -0.5217747092 -0.0063602142 0.8530595899
236.5 -458.3 2524.9 0.9825696349 -0.1001861244 0.1565875858 0.1381174624 -0.1703411490 -0.9756574631 0.1244206503 0.9802788496 -0.1535345763
280.1 -384.1 2098.1 0.9825696349 -0.1421975344 -0.1197363585 0.1381174624 0.9895353317 -0.0417538583 0.1244206503 0.0244883914 0.9919273257
7.9 -491.8 2145.1 0 0 0 0 0 0 0 0 0
127.4 -457.5 2151.8 0 0 0 0 0 0 0 0 0
-123.4 -792.7 2222.7 0 0 0 0 0 0 0 0 0
334.5 -762.4 2088.8 0 0 0 0 0 0 0 0 0
133.6 104.7 2340.7 14 0.9674232602 -0.0134703349 0.2528057098 -0.0755425319 0.9377313256 0.3390475512 -0.2416309267 -0.3471000791 0.9061655402
136.3 -83.8 2410.4 0.9674232602 -0.0134703349 0.2528057098 -0.0755425319 0.9377313256 0.3390475512 -0.2416309267 -0.3471000791 0.9061655402
138.4 -270.3 2479.3 0.9674587846 -0.0102301063 0.2528217435 -0.0783519968 0.9379587770 0.3377784789 -0.2405918837 -0.3465958238 0.9066349268
0.2 -72.8 2444.3 -0.2539848089 -0.8465794325 0.4677552581 0.9447397590 -0.3207782209 -0.0675881431 0.2072644234 0.4247406125 0.8812700510
81.1 -373.9 2378.2 0.2676813006 -0.8465794325 0.4600543082 0.4331439137 -0.3207782209 -0.8423109055 0.8606585264 0.4247406125 0.2808244228
272.5 -94.8 2376.6 0.0090089394 0.6726847291 0.7398743629 -0.9692957997 0.1877005249 -0.1588525772 -0.2457325161 -0.7157260776 0.6537214518
274.6 -324.4 2318.4 -0.5592663288 0.6726847291 0.4844754636 -0.5043640137 0.1877005249 -0.8428436518 -0.6579043269 -0.7157260776 0.2343033701
51.6 -449.5 2570.3 0.8440929651 0.5359515548 0.0162180159 0.0759551004 -0.0895741060 -0.9930797219 -0.5307899117 0.8394834399 -0.1163171232
-168.8 -412.7 2225.0 0.8440929651 -0.0950215608 0.5277101398 0.0759551004 0.9954375029 0.0577492528 -0.5307899117 -0.0086634615 0.8474591374
231.1 -462.3 2525.9 0.9838690758 -0.0936260968 0.1524328291 0.1348934621 -0.1713807583 -0.9759263992 0.1174962372 0.9807460308 -0.1559866816
271.9 -387.6 2098.5 0.9838690758 -0.1389843822 -0.1126275063 0.1348934621 0.9899178743 -0.0432009250 0.1174962372 0.0273113400 0.9926977158
11.8 -486.1 2155.3 0 0 0 0 0 0 0 0 0
129.1 -455.6 2147.2 0 0 0 0 0 0 0 0 0
-132.5 -793.3 2228.3 0 0 0 0 0 0 0 0 0
325.1 -766.1 2088.0 0 0 0 0 0 0 0 0 0
134.6 107.1 2339.2 15 0.9655900598 -0.0026171189 0.2600556910 -0.0901914537 0.9345223904 0.3442867696 -0.2439289093 -0.3558946848 0.9021295309
135.1 -80.7 2410.8 0.9655900598 -0.0026171189 0.2600556910 -0.0901914537 0.9345223904 0.3442867696 -0.2439289093 -0.3558946848 0.9021295309
134.9 -266.4 2481.8 0.9655932784 0.0008933663 0.2600553930 -0.0936745554 0.9340614080 0.3446075916 -0.2425998449 -0.3571113348 0.9020071030
-0.8 -67.5 2444.9 -0.2557778955 -0.8143145442 0.5210273266 0.9407121539 -0.3338599801 -0.0599847026 0.2227965891 0.4747940004 0.8514295816
82.8 -375.0 2372.1 0.3002224565 -0.8143145442 0.4967477322 0.4578094184 -0.3338599801 -0.8239830732 0.8368255496 0.4747940004 0.2725686133
271.0 -93.9 2376.6 0.0121532986 0.6675627232 0.7444543839 -0.9690592885 0.1914196461 -0.1558286995 -0.2465286255 -0.7195265889 0.6492342353
273.9 -324.5 2318.0 -0.5634515285 0.6675627232 0.4867056608 -0.5018349290 0.1914196461 -0.8435165882 -0.6562652588 -0.7195265889 0.2271506041
46.2 -443.5 2575.0 0.8433155417 0.5374108553 0.0029161675 0.0589620657 -0.0871282071 -0.9944506884 -0.5341745019 0.8388076425 -0.1051634252
-174.9 -407.6 2229.9 0.8433155417 -0.0820876658 0.5311125517 0.0589620657 0.9964321852 0.0603848770 -0.5341745019 -0.0196080115 0.8451468349
224.3 -459.9 2530.4 0.9854342341 -0.0938510820 0.1418144107 0.1254777461 -0.1615842730 -0.9788492322 0.1147810370 0.9823861122 -0.1474544406
265.2 -389.4 2101.9 0.9854342341 -0.1284539551 -0.1114402711 0.1254777461 0.9915357232 -0.0333506651 0.1147810370 0.0188816115 0.9932113290
5.0 -493.6 2155.2 0 0 0 0 0 0 0 0 0
127.2 -455.1 2147.2 0 0 0 0 0 0 0 0 0
-143.5 -788.5 2237.4 0 0 0 0 0 0 0 0 0
314.4 -768.4 2094.7 0 0 0 0 0 0 0 0 0
133.6 108.0 2339.5 16 0.9634402990 -0.0061855586 0.2678517103 -0.0889771357 0.9356060624 0.3416495025 -0.2527169883 -0.3529915810 0.9008501768
134.8 -80.0 2410.4 0.9634402990 -0.0061855586 0.2678517103 -0.0889771357 0.9356060624 0.3416495025 -0.2527169883 -0.3529915810 0.9008501768
134.9 -266.0 2480.5 0.9634581208 -0.0007079638 0.2678580582 -0.0938178748 0.9357607365 0.3399266005 -0.2508917153 -0.3526349068 0.9014998674
-0.8 -66.8 2445.7 -0.2591502666 -0.7689497471 0.5844291449 0.9374601245 -0.3458597958 -0.0393645093 0.2323998660 0.5376777053 0.8104893565
83.9 -373.1 2369.8 0.3418622613 -0.7689497471 0.5402281880 0.4882378876 -0.3458597958 -0.8012520075 0.8029657006 0.5376777053 0.2571940124
270.4 -93.2 2375.1 0.0183380581 0.6732652187 0.7391736507 -0.9717708230 0.1859236062 -0.1452371925 -0.2352129817 -0.7156440020 0.6576690078
274.7 -322.9 2319.5 -0.5632491112 0.6732652187 0.4790243804 -0.4980771542 0.1859236062 -0.8469660878 -0.6592947245 -0.7156440020 0.2306167036
46.7 -443.4 2573.6 0.8390282989 0.5440874100 0.0006663335 0.0603566691 -0.0918577760 -0.9939412475 -0.5407297015 0.8339850307 -0.1099105701
-177.1 -405.6 2230.6 0.8390282989 -0.0808173940 0.5380520821 0.0603566691 0.9966284037 0.0555781797 -0.5407297015 -0.0141566321 0.8410772681
224.0 -460.2 2527.5 0.9862778783 -0.0866915584 0.1405009776 0.1246029735 -0.1674207002 -0.9779797792 0.1083053574 0.9820666313 -0.1543213129
261.8 -387.2 2099.1 0.9862778783 -0.1280923188 -0.1041552126 0.1246029735 0.9914252162 -0.0393720120 0.1083053574 0.0258536935 0.9937814474
-4.7 -499.6 2161.7 0 0 0 0 0 0 0 0 0
128.1 -452.5 2147.9 0 0 0 0 0 0 0 0 0
-146.2 -786.6 2236.0 0 0 0 0 0 0 0 0 0
310.8 -766.2 2089.2 0 0 0 0 0 0 0 0 0
132.9 108.0 2338.6 17 0.9618586898 -0.0096763782 0.2733755708 -0.0885781795 0.9345111251 0.3447359502 -0.2588082850 -0.3558023870 0.8980105519
134.9 -79.8 2410.1 0.9618586898 -0.0096763782 0.2733755708 -0.0885781795 0.9345111251 0.3447359502 -0.2588082850 -0.3558023870 0.8980105519
135.6 -265.6 2480.7 0.9618955255 -0.0037165307 0.2733920515 -0.0937146172 0.9348573089 0.3424316347 -0.2568552196 -0.3550043106 0.8988867402
-0.5 -66.6 2446.3 -0.2500014901 -0.7476791739 0.6152033210 0.9384729266 -0.3434654474 -0.0360569060 0.2382600754 0.5683373809 0.7875434756
80.4 -370.4 2369.1 0.3586823642 -0.7476791739 0.5588585138 0.5113881826 -0.3434654474 -0.7877268791 0.7809155583 0.5683373809 0.2591592669
270.2 -93.0 2374.0 0.0175196417 0.6677636504 0.7441671491 -0.9729270935 0.1829297245 -0.1412431151 -0.2304473221 -0.7215458155 0.6528902054
274.4 -323.0 2319.5 -0.5663903952 0.6677636504 0.4830047786 -0.5041103363 0.1829297245 -0.8440435529 -0.6519775391 -0.7215458155 0.2330169082
48.1 -442.9 2574.8 0.8354805112 0.5495195985 0.0007558139 0.0596398413 -0.0893079713 -0.9942168593 -0.5462741256 0.8306938410 -0.1073883325
-178.0 -406.1 2233.1 0.8354805112 -0.0817001686 0.5434127450 0.0596398413 0.9965260029 0.0581296906 -0.5462741256 -0.0161571689 0.8374506235
224.9 -459.9 2527.7 0.9867399335 -0.0805237144 0.1409261972 0.1261768192 -0.1655978113 -0.9780883193 0.1020963788 0.9829004407 -0.1532417536
260.0 -387.6 2098.8 0.9867399335 -0.1293203682 -0.0980841741 0.1261768192 0.9912938476 -0.0376285687 0.1020963788 0.0247536637 0.9944664836
-12.6 -503.1 2166.6 0 0 0 0 0 0 0 0 0
127.0 -454.2 2149.8 0 0 0 0 0 0 0 0 0
-146.7 -787.1 2239.3 0 0 0 0 0 0 0 0 0
309.4 -766.6 2089.3 0 0 0 0 0 0 0 0 0
134.1 110.2 2339.2 18 0.9625466466 -0.0004649764 0.2711157203 -0.0925404727 0.9393781424 0.3301590383 -0.2548336983 -0.3428826630 0.9041522145
134.2 -78.8 2408.2 0.9625466466 -0.0004649764 0.2711157203 -0.0925404727 0.9393781424 0.3301590383 -0.2548336983 -0.3428826630 0.9041522145
132.9 -265.3 2477.0 0.9625256062 0.0061791623 0.2711204588 -0.0994591489 0.9381214976 0.3317166567 -0.2522942126 -0.3462511599 0.9035805464
-1.3 -64.8 2443.7 -0.2473587096 -0.7328966856 0.6337792277 0.9404337406 -0.3390540183 -0.0250356738 0.2332339436 0.5898345709 0.7731087208
80.7 -376.4 2366.4 0.3928210437 -0.7328966856 0.5554764271 0.4969651103 -0.3390540183 -0.7987916470 0.7737682462 0.5898345709 0.2310365289
269.6 -92.8 2372.7 0.0215450078 0.6792193055 0.7336190939 -0.9741585255 0.1792824268 -0.1373789608 -0.2248354405 -0.7117014527 0.6655299067
274.7 -322.5 2319.6 -0.5590559244 0.6792193055 0.4755182564 -0.5018918514 0.1792824268 -0.8461456299 -0.6599705219 -0.7117014527 0.2406657040
43.4 -442.6 2569.0 0.8390681744 0.5439818501 -0.0069564283 0.0576887280 -0.1016826257 -0.9931428432 -0.5409590006 0.8329132199 -0.1167002767
-180.4 -400.8 2226.4 0.8390681744 -0.0732439831 0.5390732288 0.0576887280 0.9972876906 0.0457090922 -0.5409590006 -0.0072545963 0.8410176635
220.2 -460.8 2522.7 0.9871017933 -0.0877198130 0.1339226365 0.1171535030 -0.1743356735 -0.9776922464 0.1091104746 0.9807713032 -0.1618103832
258.4 -384.7 2094.7 0.9871017933 -0.1214545965 -0.1043015793 0.1171535030 0.9920273423 -0.0464408584 0.1091104746 0.0336225629 0.9934608340
-21.3 -505.3 2165.6 0 0 0 0 0 0 0 0 0
129.2 -453.1 2147.9 0 0 0 0 0 0 0 0 0
-152.4 -782.0 2229.1 0 0 0 0 0 0 0 0 0
304.9 -763.9 2081.8 0 0 0 0 0 0 0 0 0
133.7 109.9 2339.0 19 0.9644571543 -0.0005307343 0.2642386556 -0.0905031785 0.9388507009 0.3322175741 -0.2482569665 -0.3443240523 0.9054332972
133.9 -79.0 2408.3 0.9644571543 -0.0005307343 0.2642386556 -0.0905031785 0.9388507009 0.3322175741 -0.2482569665 -0.3443240523 0.9054332972
132.8 -265.7 2476.5 0.9644435644 0.0055185999 0.2642312944 -0.0956353769 0.9393168092 0.3294507861 -0.2463787943 -0.3430065215 0.9064458013
-1.9 -65.5 2443.0 -0.2233411521 -0.7515630126 0.6207026243 0.9433451295 -0.3269723058 -0.0564723127 0.2453950644 0.5729241967 0.7820096612
73.4 -383.6 2360.2 0.3898761272 -0.7515630126 0.5321180820 0.4804173112 -0.3269723058 -0.8138110042 0.7856181264 0.5729241967 0.2335851938
269.6 -92.5 2373.6 0.0223373696 0.6658775806 0.7457265854 -0.9717316031 0.1898156404 -0.1403839737 -0.2350291014 -0.7215102911 0.6512942910
274.9 -323.7 2317.7 -0.5676375031 0.6658775806 0.4841432869 -0.4986792505 0.1898156404 -0.8457475901 -0.6550623178 -0.7215102911 0.2243128568
43.2 -443.7 2567.3 0.8423707485 0.5388892293 -0.0031474154 0.0621044524 -0.1028775200 -0.9927533865 -0.5353078842 0.8360709548 -0.1201284304
-178.5 -401.4 2223.3 0.8423707485 -0.0762771368 0.5334728360 0.0621044524 0.9970771670 0.0444993898 -0.5353078842 -0.0043539433 0.8446457982
220.2 -461.2 2522.0 0.9859796166 -0.0935808122 0.1381550580 0.1199423894 -0.1781429648 -0.9766672254 0.1160086617 0.9795446396 -0.1644210219
261.1 -383.5 2094.6 0.9859796166 -0.1248892546 -0.1106655374 0.1199423894 0.9915052652 -0.0503101610 0.1160086617 0.0363313071 0.9925835133
-27.8 -508.4 2156.2 0 0 0 0 0 0 0 0 0
127.2 -453.4 2147.2 0 0 0 0 0 0 0 0 0
-149.3 -782.6 2225.0 0 0 0 0 0 0 0 0 0
308.8 -762.5 2080.7 0 0 0 0 0 0 0 0 0
133.0 111.1 2338.9 20 0.9658434987 -0.0030190253 0.2591084242 -0.0861358494 0.9393306971 0.3320217133 -0.2443908751 -0.3429995477 0.9069864750
133.7 -78.2 2408.0 0.9658434987 -0.0030190253 0.2591084242 -0.0861358494 0.9393306971 0.3320217133 -0.2443908751 -0.3429995477 0.9069864750
133.6 -265.0 2476.0 0.9658475518 0.0004860426 0.2591105998 -0.0891081020 0.9396279454 0.3303922713 -0.2433069795 -0.3421973884 0.9075806737
-2.3 -65.6 2442.2 -0.2220220715 -0.7559471130 0.6158329248 0.9446092844 -0.3233259320 -0.0563353673 0.2417013049 0.5692138076 0.7858601213
72.7 -384.8 2360.6 0.3876983225 -0.7559471130 0.5274789333 0.4795029461 -0.3233259320 -0.8158046603 0.7872527838 0.5692138076 0.2371259332
269.6 -90.7 2373.7 0.0248940904 0.6836097240 0.7294231057 -0.9736442566 0.1820492148 -0.1373861432 -0.2267093956 -0.7067784667 0.6701246500
275.5 -322.4 2319.8 -0.5572697520 0.6836097240 0.4713047147 -0.4951501787 0.1820492148 -0.8495200872 -0.6665408611 -0.7067784667 0.2370389402
44.8 -443.6 2566.4 0.8436921835 0.5368142724 0.0037335209 0.0680629238 -0.1000682712 -0.9926498532 -0.5324950218 0.8377450109 -0.1209639683
-176.0 -402.4 2221.7 0.8436921835 -0.0827788860 0.5304066539 0.0680629238 0.9965608120 0.0472656861 -0.5324950218 -0.0037766634 0.8464246988
222.1 -459.9 2521.7 0.9847764969 -0.0956313089 0.1451546699 0.1263499260 -0.1796809584 -0.9755769968 0.1193772331 0.9790655971 -0.1648625880
263.9 -381.5 2094.4 0.9847764969 -0.1315632015 -0.1136061177 0.1263499260 0.9906238317 -0.0519621335 0.1193772331 0.0368169621 0.9921661019
-28.0 -509.4 2156.0 0 0 0 0 0 0 0 0 0
130.5 -451.2 2146.3 0 0 0 0 0 0 0 0 0
-144.3 -783.4 2223.2 0 0 0 0 0 0 0 0 0
314.2 -760.2 2080.4 0 0 0 0 0 0 0 0 0
133.4 107.9 2339.3 21 0.9671482444 -0.0061468594 0.2541386187 -0.0810541511 0.9400739074 0.3311967552 -0.2409448922 -0.3409153819 0.9086925983
134.6 -81.4 2408.0 0.9671482444 -0.0061468594 0.2541386187 -0.0810541511 0.9400739074 0.3311967552 -0.2409448922 -0.3409153819 0.9086925983
135.3 -268.4 2475.5 0.9671601653 -0.0031884878 0.2541476488 -0.0834529400 0.9405022264 0.3293799758 -0.2400766462 -0.3397725821 0.9093502164
-1.5 -69.7 2441.8 -0.2317913026 -0.7526928782 0.6162192822 0.9418258667 -0.3321425319 -0.0514334366 0.2433862090 0.5684494376 0.7858933806
74.4 -378.0 2362.1 0.3562196791 -0.7526928782 0.5536794662 0.5206635594 -0.3321425319 -0.7865054607 0.7758975625 0.5684494376 0.2735840380
270.8 -93.2 2374.2 0.0218915567 0.6746097803 0.7378498912 -0.9737784863 0.1815486997 -0.1370969862 -0.2264426500 -0.7155010700 0.6608948112
275.9 -321.5 2321.1 -0.5620573163 0.6746097803 0.4785323739 -0.5020221472 0.1815486997 -0.8455848694 -0.6573167443 -0.7155010700 0.2366282791
47.2 -447.7 2565.1 0.8452185392 0.5343393683 0.0093312925 0.0738257766 -0.0994489193 -0.9923002124 -0.5292970538 0.8393993974 -0.1235040948
-172.6 -406.8 2219.8 0.8452185392 -0.0879528672 0.5271336436 0.0738257766 0.9961234927 0.0478303693 -0.5292970538 -0.0015110621 0.8484352231
224.7 -463.0 2521.1 0.9836661220 -0.0981941894 0.1508602798 0.1311902255 -0.1827575117 -0.9743658304 0.1232479140 0.9782420993 -0.1668902487
267.5 -383.2 2094.1 0.9836661220 -0.1368885487 -0.1168864816 0.1311902255 0.9898212552 -0.0551630370 0.1232479140 0.0389276445 0.9916121364
-18.0 -513.1 2160.7 0 0 0 0 0 0 0 0 0
129.6 -452.2 2150.0 0 0 0 0 0 0 0 0 0
-139.0 -787.6 2220.4 0 0 0 0 0 0 0 0 0
319.9 -761.7 2079.2 0 0 0 0 0 0 0 0 0
133.1 105.3 2340.1 22 0.9693036079 -0.0177515019 0.2452251762 -0.0668419451 0.9407987595 0.3323098123 -0.2366065383 -0.3385004103 0.9107331038
136.6 -83.8 2408.1 0.9693036079 -0.0177515019 0.2452251762 -0.0668419451 0.9407987595 0.3323098123 -0.2366065383 -0.3385004103 0.9107331038
139.4 -270.9 2475.2 0.9693610668 -0.0137279034 0.2452562749 -0.0702774823 0.9412032962 0.3304502666 -0.2353724092 -0.3375616372 0.9114010930
0.2 -73.9 2441.2 -0.2244684696 -0.7786976695 0.5858701468 0.9422776103 -0.3267247677 -0.0732384175 0.2484488785 0.5356125832 0.8070887923
73.9 -383.1 2359.7 0.3379762173 -0.7786976695 0.5285848975 0.5007975101 -0.3267247677 -0.8015314937 0.7968525290 0.5356125832 0.2795446813
273.1 -93.7 2375.0 0.0084966021 0.6767390966 0.7361739278 -0.9705005288 0.1829741895 -0.1570007056 -0.2409493327 -0.7131232023 0.6583302617
275.1 -324.2 2317.7 -0.5623329282 0.6767390966 0.4751903713 -0.4967268109 0.1829741895 -0.8484002352 -0.6610931754 -0.7131232023 0.2332620174
53.2 -451.6 2563.9 0.8468543291 0.5313333273 0.0228607636 0.0860901996 -0.0945409238 -0.9917915463 -0.5248106122 0.8418710828 -0.1258049905
-165.4 -412.7 2217.6 0.8468543291 -0.1009104922 0.5221635699 0.0860901996 0.9948954582 0.0526454449 -0.5248106122 0.0003701396 0.8512189388
231.1 -464.5 2520.7 0.9812389016 -0.1007153019 0.1643978953 0.1436988413 -0.1864261031 -0.9719032645 0.1285335869 0.9772930741 -0.1684558690
275.0 -383.1 2094.2 0.9812389016 -0.1499816477 -0.1211434826 0.1436988413 0.9878562093 -0.0590821914 0.1285335869 0.0405655652 0.9908751249
-13.9 -513.1 2152.8 0 0 0 0 0 0 0 0 0
128.7 -453.5 2145.7 0 0 0 0 0 0 0 0 0
-126.8 -793.0 2217.4 0 0 0 0 0 0 0 0 0
332.3 -760.8 2078.7 0 0 0 0 0 0 0 0 0
133.7 108.9 2339.4 23 0.9685643315 -0.0234859288 0.2476520091 -0.0619249269 0.9414320588 0.3314678669 -0.2409323752 -0.3363837898 0.9103831649
138.4 -80.4 2407.1 0.9685643315 -0.0234859288 0.2476520091 -0.0619249269 0.9414320588 0.3314678669 -0.2409323752 -0.3363837898 0.9103831649
142.3 -267.5 2474.0 0.9686459899 -0.0197366104 0.2476597726 -0.0654823780 0.9413103461 0.3311297297 -0.2396600842 -0.3369648457 0.9105041027
2.1 -71.2 2440.8 -0.2236614525 -0.8182002902 0.5296449661 0.9437385201 -0.3176050782 -0.0921119750 0.2435839772 0.4792444706 0.8432031870
75.6 -381.5 2360.7 0.2981328368 -0.8182002902 0.4915944040 0.4783560336 -0.3176050782 -0.8187200427 0.8260098696 0.4792444706 0.2967025638
274.7 -89.6 2373.3 -0.0175628532 0.6821466684 0.7310044169 -0.9677937627 0.1720364243 -0.1837899834 -0.2511311173 -0.7106893659 0.6571558118
270.4 -325.9 2312.0 -0.5538315773 0.6821466684 0.4774374664 -0.5130497813 0.1720364243 -0.8409419656 -0.6557824016 -0.7106893659 0.2546959817
57.4 -448.7 2563.0 0.8441113234 0.5354826450 0.0270997696 0.0904609784 -0.0924155563 -0.9916028380 -0.5284816623 0.8394746780 -0.1264493018
-162.9 -410.6 2217.7 0.8441113234 -0.1056856066 0.5256487727 0.0904609784 0.9943985939 0.0546648055 -0.5284816623 0.0014075156 0.8489435315
234.2 -465.2 2520.6 0.9825575948 -0.1011784002 0.1560242325 0.1351548284 -0.1877364069 -0.9728762507 0.1277254969 0.9769943357 -0.1707870811
277.8 -384.3 2099.7 0.9825575948 -0.1419701725 -0.1201045364 0.1351548284 0.9888102412 -0.0631463304 0.1277254969 0.0458121933 0.9907509685
-1.7 -505.6 2146.4 0 0 0 0 0 0 0 0 0
126.3 -459.4 2141.4 0 0 0 0 0 0 0 0 0
-122.5 -790.8 2217.1 0 0 0 0 0 0 0 0 0
332.1 -762.3 2082.1 0 0 0 0 0 0 0 0 0
132.7 109.8 2340.1 24 0.9696077704 -0.0260855705 0.2432699651 -0.0579618253 0.9415051341 0.3319765925 -0.2376997322 -0.3359874487 0.9113788009
138.0 -79.2 2407.6 0.9696077704 -0.0260855705 0.2432699651 -0.0579618253 0.9415051341 0.3319765925 -0.2376997322 -0.3359874487 0.9113788009
142.3 -266.4 2474.6 0.9697092175 -0.0220481940 0.2432650626 -0.0619295575 0.9411846399 0.3321689069 -0.2362810671 -0.3371725380 0.9113100171
1.5 -70.5 2440.8 -0.2404115200 -0.8461778760 0.4755894542 0.9487743378 -0.3083319962 -0.0689826608 0.2050110400 0.4346428514 0.8769584298
79.3 -377.7 2374.4 0.2781138718 -0.8461778760 0.4545719922 0.4402217865 -0.3083319962 -0.8432888985 0.8537314534 0.4346428514 0.2867545485
274.4 -88.0 2374.3 -0.0035962767 0.6659999490 0.7459431291 -0.9683716297 0.1837855726 -0.1687577963 -0.2494862676 -0.7229570746 0.6442745328
273.5 -325.3 2313.2 -0.5667899251 0.6659999490 0.4849672318 -0.5054141879 0.1837855726 -0.8430773020 -0.6506194472 -0.7229570746 0.2324380279
57.7 -447.8 2563.3 0.8455997705 0.5329045653 0.0312043782 0.0935090929 -0.0903195888 -0.9915131927 -0.5255635381 0.8413412571 -0.1262056530
-161.5 -410.6 2217.2 0.8455997705 -0.1093667075 0.5224939585 0.0935090929 0.9940010905 0.0567266904 -0.5255635381 0.0008898576 0.8507539034
236.7 -461.0 2519.0 0.9844701290 -0.1007939652 0.1437328458 0.1239563897 -0.1806584001 -0.9757035375 0.1243115738 0.9783675671 -0.1653587371
279.2 -384.8 2106.4 0.9844701290 -0.1338136196 -0.1136330515 0.1239563897 0.9882151484 -0.0898090154 0.1243115738 0.0743287504 0.9894553423
7.3 -491.7 2153.4 0 0 0 0 0 0 0 0 0
126.0 -456.8 2143.9 0 0 0 0 0 0 0 0 0
-119.7 -790.6 2216.9 0 0 0 0 0 0 0 0 0
330.4 -762.5 2078.0 0 0 0 0 0 0 0 0 0
132.4 109.7 2339.4 25 0.9684688449 -0.0270707179 0.2476596236 -0.0584556721 0.9416366816 0.3315166235 -0.2421797812 -0.3355406225 0.9103633761
137.8 -79.5 2406.9 0.9684688449 -0.0270707179 0.2476596236 -0.0584556721 0.9416366816 0.3315166235 -0.2421797812 -0.3355406225 0.9103633761
142.7 -266.6 2473.8 0.9685445428 -0.0244155675 0.2476396263 -0.0612236075 0.9412028790 0.3322480917 -0.2411911488 -0.3369584680 0.9101020694
1.5 -70.8 2440.8 -0.2501232624 -0.8362139463 0.4880416095 0.9445261955 -0.3215545416 -0.0668803751 0.2128583044 0.4442397356 0.8702542186
81.9 -374.7 2372.3 0.2759497464 -0.8362139463 0.4739177227 0.4533170164 -0.3215545416 -0.8313280940 0.8475584984 0.4442397356 0.2903371155
274.1 -88.1 2372.9 0.0053955526 0.6713359952 0.7411334515 -0.9717928171 0.1782655418 -0.1544023156 -0.2357743979 -0.7193951011 0.6533613801
275.4 -323.7 2315.8 -0.5676831007 0.6713359952 0.4764911830 -0.5003520250 0.1782655418 -0.8472716808 -0.6537459493 -0.7193951011 0.2347059995
58.6 -448.1 2563.0 0.8428595662 0.5372245312 0.0312654711 0.0941585749 -0.0900245830 -0.9914785624 -0.5298319459 0.8386210799 -0.1264623702
-162.4 -411.0 2218.0 0.8428595662 -0.1100573018 0.5267590880 0.0941585749 0.9939240217 0.0570016503 -0.5298319459 0.0015544997 0.8481011987
236.9 -460.3 2518.2 0.9859960079 -0.0972070843 0.1355089247 0.1168375164 -0.1771584898 -0.9772225022 0.1189995110 0.9793700576 -0.1633201241
277.6 -386.0 2107.8 0.9859960079 -0.1278544813 -0.1070752889 0.1168375164 0.9877399802 -0.1035314724 0.1189995110 0.0895712078 0.9888458252
10.4 -492.3 2152.5 0 0 0 0 0 0 0 0 0
127.7 -453.9 2145.6 0 0 0 0 0 0 0 0 0
-120.3 -791.0 2217.4 0 0 0 0 0 0 0 0 0
326.5 -763.5 2073.5 0 0 0 0 0 0 0 0 0
133.5 107.5 2338.6 26 0.9683102965 -0.0242306814 0.2485719621 -0.0631100014 0.9392429590 0.3374015391 -0.2416449338 -0.3423967659 0.9079494476
138.3 -81.2 2407.4 0.9683102965 -0.0242306814 0.2485719621 -0.0631100014 0.9392429590 0.3374015391 -0.2416449338 -0.3423967659 0.9079494476
142.3 -267.9 2475.4 0.9683976173 -0.0201340150 0.2485974878 -0.0668062940 0.9393749833 0.3363205492 -0.2402977496 -0.3422998786 0.9083434343
2.0 -71.8 2441.2 -0.2511049807 -0.8284828067 0.5005621910 0.9409490824 -0.3302371502 -0.0745537877 0.2270707637 0.4522827268 0.8624843359
83.1 -375.4 2367.9 0.2805082798 -0.8284828067 0.4846971333 0.4542948902 -0.3302371502 -0.8273811340 0.8455360532 0.4522827268 0.2837412655
274.6 -90.6 2373.6 0.0017071244 0.6703528762 0.7420405149 -0.9703713059 0.1803973615 -0.1607369632 -0.2416126281 -0.7197804451 0.6507990956
