131.3 111.7 2345.9 10 0.9589164257 -0.0132684205 0.2833783031 -0.0809814781 0.9445394278 0.3182565868 -0.2718847692 -0.3281298578 0.9046598673
134.0 -78.5 2412.0 0.9589164257 -0.0132684205 0.2833783031 -0.0809814781 0.9445394278 0.3182565868 -0.2718847692 -0.3281298578 0.9046598673
135.9 -266.3 2477.2 0.9589545131 -0.0097767338 0.2833914459 -0.0841031447 0.9446282983 0.3171813190 -0.2708005607 -0.3279965520 0.9050333500
-1.0 -66.7 2450.1 -0.2558985054 -0.8110885620 0.5259765387 0.9316121936 -0.3521776497 -0.0898311436 0.2580981851 0.4670185149 0.8457416892
83.8 -375.3 2364.6 0.2794664800 -0.8110885620 0.5138422251 0.4680749774 -0.3521776497 -0.8104793429 0.8383342624 0.4670185149 0.2812283933
268.9 -90.3 2373.9 0.0306244660 0.6759950519 0.7362695336 -0.9739769101 0.1856805682 -0.1299681962 -0.2245688140 -0.7131292820 0.6640899777
276.1 -320.6 2320.8 -0.5567945838 0.6759950519 0.4827115536 -0.5052152276 0.1856805682 -0.8427813053 -0.6593461633 -0.7131292820 0.2381370813
49.8 -446.3 2567.2 0.8485626578 0.5274552703 0.0416221805 0.1027036384 -0.0870352089 -0.9908969998 -0.5190312266 0.8451129198 -0.1280263960
-165.5 -410.8 2222.3 0.8485626578 -0.1080096811 0.5179530382 0.1027036384 0.9939467907 0.0390101112 -0.5190312266 0.0200931411 0.8545190692
225.7 -461.7 2517.5 0.9890664220 -0.0609559938 0.1342833787 0.1195708662 -0.2014904469 -0.9721648097 0.0863160938 0.9775919318 -0.1919988692
252.6 -372.9 2086.5 0.9890664220 -0.1243852451 -0.0792210326 0.1195708662 0.9908324480 -0.0628798082 0.0863160938 0.0527197756 0.9948719144
10.0 -498.9 2143.3 0 0 0 0 0 0 0 0 0
131.2 -452.1 2149.2 0 0 0 0 0 0 0 0 0
-124.2 -790.7 2214.7 0 0 0 0 0 0 0 0 0
300.2 -751.6 2066.3 0 0 0 0 0 0 0 0 0
131.5 110.4 2341.9 11 0.9644301534 -0.0175162088 0.2637568116 -0.0736317188 0.9405088425 0.3316949308 -0.2538756430 -0.3393174410 0.9057652950
135.0 -79.0 2410.2 0.9644301534 -0.0175162088 0.2637568116 -0.0736317188 0.9405088425 0.3316949308 -0.2538756430 -0.3393174410 0.9057652950
137.6 -266.0 2477.5 0.9644900560 -0.0132657634 0.2637857795 -0.0772931948 0.9408376217 0.3299247026 -0.2525562942 -0.3385979235 0.9064031839
-0.7 -68.2 2445.7 -0.2603740990 -0.7943977714 0.5487599969 0.9347639680 -0.3496929407 -0.0626994893 0.2417058200 0.4966357052 0.8336253762
84.5 -374.1 2366.6 0.3068926334 -0.7943977714 0.5241651535 0.4745202959 -0.3496929407 -0.8078027964 0.8250135779 0.4966357052 0.2696397007
270.7 -89.9 2374.6 0.0311500467 0.6710565090 0.7407515049 -0.9741908312 0.1861517131 -0.1276706606 -0.2235663980 -0.7176563740 0.6595357060
278.1 -319.9 2321.9 -0.5634547472 0.6710565090 0.4818733335 -0.5010771155 0.1861517131 -0.8451445103 -0.6568412781 -0.7176563740 0.2313629985
51.7 -446.0 2568.0 0.8567668200 0.5128909945 0.0537909158 0.1056336612 -0.0724434257 -0.9917628169 -0.5047694445 0.8553915620 -0.1162456796
-157.6 -416.4 2218.9 0.8567668200 -0.1182635352 0.5019605756 0.1056336612 0.9929571152 0.0536440611 -0.5047694445 0.0070634820 0.8632252812
228.7 -460.1 2521.7 0.9860983491 -0.0766383186 0.1474335790 0.1305649579 -0.1914315522 -0.9727829695 0.1027758867 0.9785093665 -0.1787640601
262.5 -375.7 2090.2 0.9860983491 -0.1351948082 -0.0966046304 0.1305649579 0.9900345206 -0.0527680703 0.1027758867 0.0394213274 0.9939230680
3.5 -499.4 2148.9 0 0 0 0 0 0 0 0 0
131.4 -450.3 2150.9 0 0 0 0 0 0 0 0 0
-112.4 -795.9 2216.2 0 0 0 0 0 0 0 0 0
314.2 -754.1 2075.1 0 0 0 0 0 0 0 0 0
132.3 110.3 2340.3 12 0.9658426046 -0.0117492490 0.2588629425 -0.0780783370 0.9393504262 0.3339529335 -0.2470867187 -0.3427575827 0.9063472748
134.6 -79.0 2409.4 0.9658426046 -0.0117492490 0.2588629425 -0.0780783370 0.9393504262 0.3339529335 -0.2470867187 -0.3427575827 0.9063472748
136.1 -265.9 2477.3 0.9658795595 -0.0073897187 0.2588861883 -0.0817077309 0.9398500919 0.3316710591 -0.2457651645 -0.3415072858 0.9071781635
-1.3 -67.5 2444.0 -0.2619338632 -0.8046805263 0.5328037739 0.9354727268 -0.3474087715 -0.0647913516 0.2372370511 0.4814523757 0.8437548280
84.3 -373.0 2366.5 0.2977111638 -0.8046805263 0.5136704445 0.4654944539 -0.3474087715 -0.8140160441 0.8334764242 0.4814523757 0.2711468637
270.6 -90.5 2374.8 0.0285507161 0.6691942811 0.7425388098 -0.9740974903 0.1853275746 -0.1295676082 -0.2243188322 -0.7196059227 0.6571516991
277.3 -320.1 2321.9 -0.5626302361 0.6691942811 0.4854134917 -0.5062288046 0.1853275746 -0.8422505856 -0.6535897851 -0.7196059227 0.2344945520
48.9 -445.2 2567.7 0.8605473042 0.5068187118 0.0509225130 0.1009775847 -0.0717528462 -0.9922978878 -0.4992613196 0.8590613008 -0.1129240468
-157.9 -415.9 2217.1 0.8605473042 -0.1146207154 0.4963067770 0.1009775847 0.9934036732 0.0543386713 -0.4992613196 0.0033548614 0.8664449453
226.1 -460.2 2522.6 0.9858654141 -0.0839299709 0.1450004578 0.1272263080 -0.1880734414 -0.9738798141 0.1090084389 0.9785622954 -0.1747370064
263.2 -377.2 2091.1 0.9858654141 -0.1317793429 -0.1034580991 0.1272263080 0.9906394482 -0.0494672582 0.1090084389 0.0356054641 0.9934029579
5.7 -495.9 2146.4 0 0 0 0 0 0 0 0 0
130.8 -451.9 2151.8 0 0 0 0 0 0 0 0 0
-114.1 -795.7 2215.8 0 0 0 0 0 0 0 0 0
313.5 -755.9 2077.5 0 0 0 0 0 0 0 0 0
132.4 109.0 2339.5 13 0.9651287794 -0.0066271215 0.2616916895 -0.0845547020 0.9382020831 0.3356000781 -0.2477437556 -0.3460245430 0.9049254656
133.8 -79.6 2409.1 0.9651287794 -0.0066271215 0.2616916895 -0.0845547020 0.9382020831 0.3356000781 -0.2477437556 -0.3460245430 0.9049254656
134.3 -266.2 2477.6 0.9651444554 -0.0028003028 0.2617026865 -0.0876822099 0.9386952519 0.3334113061 -0.2465927154 -0.3447367251 0.9057309628
-2.1 -67.3 2443.8 -0.2626850605 -0.8097479343 0.5246950388 0.9355865717 -0.3467374146 -0.0667155385 0.2359541804 0.4733724594 0.8486719728
83.8 -373.2 2366.6 0.2873195708 -0.8097479343 0.5116207600 0.4691042006 -0.3467374146 -0.8122280240 0.8350980282 0.4733724594 0.2802317142
269.6 -91.9 2374.4 0.0316551402 0.6582583189 0.7521262765 -0.9732078910 0.1917584240 -0.1268663853 -0.2277374119 -0.7279592752 0.6466923356
277.1 -321.7 2320.6 -0.5696329474 0.6582583189 0.4921527505 -0.5053226948 0.1917584240 -0.8413546681 -0.6482031345 -0.7279592752 0.2234009504
46.3 -444.8 2568.8 0.8604782820 0.5074443817 0.0455773845 0.0947502404 -0.0714863092 -0.9929310679 -0.5005991459 0.8587141037 -0.1095928997
-160.8 -415.6 2218.2 0.8604782820 -0.1094019711 0.4976025522 0.0947502404 0.9939975739 0.0546917766 -0.5005991459 0.0000868765 0.8656792045
224.9 -460.2 2523.1 0.9835034013 -0.1088549718 0.1444701105 0.1231934205 -0.1817435324 -0.9755986333 0.1324552745 0.9773023725 -0.1653351784
272.0 -381.5 2099.9 0.9835034013 -0.1308197230 -0.1249288544 0.1231934205 0.9901205897 -0.0669672936 0.1324552745 0.0504721478 0.9899030924
8.0 -497.1 2146.1 0 0 0 0 0 0 0 0 0
128.8 -453.2 2151.9 0 0 0 0 0 0 0 0 0
-119.0 -795.6 2218.2 0 0 0 0 0 0 0 0 0
322.0 -760.0 2080.6 0 0 0 0 0 0 0 0 0
132.5 110.7 2339.2 14 0.9654209614 -0.0057557239 0.2606323659 -0.0852153674 0.9378693700 0.3363619745 -0.2463751286 -0.3469407856 0.9049482942
133.7 -77.9 2408.9 0.9654209614 -0.0057557239 0.2606323659 -0.0852153674 0.9378693700 0.3363619745 -0.2463751286 -0.3469407856 0.9049482942
134.1 -264.4 2477.7 0.9654344320 -0.0017912147 0.2606398463 -0.0885651186 0.9382244349 0.3345013261 -0.2451378405 -0.3460226953 0.9056355357
-2.2 -65.5 2443.4 -0.2543537915 -0.8228284717 0.5081903934 0.9369168878 -0.3399290740 -0.0814556181 0.2397727072 0.4554136395 0.8573840857
82.4 -377.1 2363.7 0.2812016606 -0.8228284717 0.4938410521 0.4528484046 -0.3399290740 -0.8242430091 0.8460815549 0.4554136395 0.2770279348
269.6 -90.4 2374.4 0.0205528997 0.6662759185 0.7454220057 -0.9713613391 0.1898355782 -0.1428970248 -0.2367164642 -0.7211371660 0.6510963440
274.5 -323.4 2317.6 -0.5592065454 0.6662759185 0.4933198094 -0.5125576258 0.1898355782 -0.8374050260 -0.6515924335 -0.7211371660 0.2353475094
45.8 -442.8 2569.0 0.8612186909 0.5062212348 0.0451938137 0.0936105028 -0.0705956221 -0.9931029081 -0.4995392859 0.8595093489 -0.1081858948
-160.8 -414.0 2218.1 0.8612186909 -0.1088646725 0.4964382052 0.0936105028 0.9940555692 0.0555928648 -0.4995392859 -0.0014057825 0.8662900925
223.7 -458.8 2523.8 0.9810872674 -0.1263761371 0.1466179937 0.1226246282 -0.1802935153 -0.9759392738 0.1497697085 0.9754605889 -0.1613868475
278.1 -381.3 2104.5 0.9810872674 -0.1325263977 -0.1410833746 0.1226246282 0.9894816279 -0.0767417029 0.1497697085 0.0579900146 0.9870188236
8.2 -496.7 2140.3 0 0 0 0 0 0 0 0 0
129.0 -456.8 2148.1 0 0 0 0 0 0 0 0 0
-119.2 -794.1 2218.6 0 0 0 0 0 0 0 0 0
328.7 -759.5 2082.3 0 0 0 0 0 0 0 0 0
133.1 111.0 2339.0 15 0.9671170115 -0.0052504851 0.2542775273 -0.0836305395 0.9376246333 0.3374403715 -0.2401885986 -0.3476096988 0.9063536525
134.2 -77.7 2409.0 0.9671170115 -0.0052504851 0.2542775273 -0.0836305395 0.9376246333 0.3374403715 -0.2401885986 -0.3476096988 0.9063536525
134.4 -264.2 2477.9 0.9671291709 -0.0010583294 0.2542833686 -0.0872384682 0.9379197359 0.3357022107 -0.2388526946 -0.3468506932 0.9069972634
-2.0 -65.5 2442.6 -0.2514509559 -0.8234322071 0.5086569190 0.9377779365 -0.3373035491 -0.0824552551 0.2394680977 0.4562737644 0.8570118546
82.0 -378.5 2362.6 0.2828569114 -0.8234322071 0.4918855429 0.4530754983 -0.3373035491 -0.8251962662 0.8454079032 0.4562737644 0.2776682973
270.3 -90.0 2375.3 0.0206381511 0.6709128618 0.7412489653 -0.9714232087 0.1888033003 -0.1438412517 -0.2364551872 -0.7170978189 0.6556368470
275.2 -323.6 2318.5 -0.5619577765 0.6709128618 0.4838175774 -0.5014967918 0.1888033003 -0.8443070054 -0.6578027606 -0.7170978189 0.2303611487
45.8 -442.7 2568.8 0.8642601371 0.5008001328 0.0474724919 0.0945597291 -0.0690459758 -0.9931219220 -0.4940777719 0.8628046513 -0.1070292071
-158.6 -414.5 2216.5 0.8642601371 -0.1104420349 0.4907717705 0.0945597291 0.9938781261 0.0571379997 -0.4940777719 -0.0029748527 0.8694126010
223.7 -458.5 2524.8 0.9786115885 -0.1404464692 0.1503134519 0.1241108477 -0.1796433330 -0.9758712649 0.1640604883 0.9736545086 -0.1583701223
283.8 -381.6 2107.8 0.9786115885 -0.1356039941 -0.1546961665 0.1241108477 0.9888973832 -0.0817222148 0.1640604883 0.0607748367 0.9845763445
7.3 -498.1 2139.4 0 0 0 0 0 0 0 0 0
129.0 -454.1 2147.3 0 0 0 0 0 0 0 0 0
-116.4 -794.5 2217.7 0 0 0 0 0 0 0 0 0
335.7 -759.6 2084.6 0 0 0 0 0 0 0 0 0
131.0 110.1 2340.4 16 0.9700374007 -0.0163720418 0.2424032539 -0.0679558218 0.9396199584 0.3354046643 -0.2332582027 -0.3418278098 0.9103539586
134.3 -79.1 2409.2 0.9700374007 -0.0163720418 0.2424032539 -0.0679558218 0.9396199584 0.3354046643 -0.2332582027 -0.3418278098 0.9103539586
136.9 -266.0 2476.7 0.9700751901 -0.0131588951 0.2424479425 -0.0703585744 0.9404539466 0.3325598240 -0.2323872447 -0.3396663070 0.9113851786
-2.2 -69.2 2441.9 -0.2836668491 -0.8149585128 0.5053471327 0.9366134405 -0.3484849334 -0.0362416208 0.2056412846 0.4630343616 0.8621547818
89.7 -372.6 2375.3 0.2983990610 -0.8149585128 0.4967902899 0.4325997233 -0.3484849334 -0.8315141201 0.8507734537 0.4630343616 0.2485632747
270.8 -89.0 2376.5 0.0160903670 0.6847145557 0.7286337018 -0.9706890583 0.1854684651 -0.1528535038 -0.2397995889 -0.7048172951 0.6676291823
274.7 -323.2 2318.6 -0.5497724414 0.6847145557 0.4784519374 -0.5034282804 0.1854684651 -0.8438965678 -0.6665660143 -0.7048172951 0.2427392453
50.5 -446.5 2565.6 0.8662433624 0.4955456555 0.0636936724 0.1118018255 -0.0680091754 -0.9914005995 -0.4869525135 0.8659152389 -0.1143154055
-151.8 -418.7 2212.1 0.8662433624 -0.1259254664 0.4834926724 0.1118018255 0.9920325875 0.0580661893 -0.4869525135 0.0037559096 0.8734203577
228.7 -459.3 2522.9 0.9746510386 -0.1486722380 0.1671881825 0.1378629506 -0.1894504726 -0.9721637368 0.1762076318 0.9705694914 -0.1641517133
292.3 -378.3 2107.9 0.9746510386 -0.1520288438 -0.1641418785 0.1378629506 0.9859271646 -0.0945590436 0.1762076318 0.0695329905 0.9818940759
10.7 -487.1 2150.1 0 0 0 0 0 0 0 0 0
131.6 -454.2 2145.2 0 0 0 0 0 0 0 0 0
-103.7 -798.0 2210.6 0 0 0 0 0 0 0 0 0
350.4 -755.2 2081.3 0 0 0 0 0 0 0 0 0
129.7 109.9 2339.1 17 0.9698925018 -0.0210402925 0.2426228076 -0.0640315861 0.9391761422 0.3374138772 -0.2349648327 -0.3427906930 0.9095526934
134.0 -79.2 2408.1 0.9698925018 -0.0210402925 0.2426228076 -0.0640315861 0.9391761422 0.3374138772 -0.2349648327 -0.3427906930 0.9095526934
137.6 -266.2 2475.4 0.9699258208 -0.0181906912 0.2427199781 -0.0656280741 0.9407261014 0.3327572048 -0.2343861014 -0.3386790454 0.9112407565
-2.5 -69.9 2441.1 -0.2938583791 -0.7971867919 0.5273902416 0.9324789643 -0.3603496552 -0.0251222514 0.2100720257 0.4843979478 0.8492516875
92.9 -372.9 2372.8 0.3038697839 -0.7971867919 0.5216860771 0.4538142383 -0.3603496552 -0.8149851561 0.8376847506 0.4843979478 0.2522753477
270.5 -88.4 2375.1 0.0188216344 0.6801865101 0.7327974439 -0.9728770256 0.1814701259 -0.1434535533 -0.2305560112 -0.7102217674 0.6651533842
275.0 -322.4 2319.7 -0.5393983722 0.6801865101 0.4963826537 -0.5321742892 0.1814701259 -0.8269577622 -0.6525641084 -0.7102217674 0.2640930712
52.2 -447.2 2564.3 0.8647409678 0.4975821078 0.0680815279 0.1163169965 -0.0665551722 -0.9909796715 -0.4885625839 0.8648597598 -0.1154302433
-150.9 -420.0 2211.2 0.8647409678 -0.1305008084 0.4849665761 0.1163169965 0.9914352894 0.0593835525 -0.4885625839 0.0050584679 0.8725141883
231.2 -459.7 2521.9 0.9788370728 -0.1242261305 0.1626216620 0.1388269514 -0.1807430834 -0.9736832380 0.1503496468 0.9756535292 -0.1596721113
285.3 -381.0 2096.8 0.9788370728 -0.1446258277 -0.1447801888 0.1388269514 0.9890818000 -0.0494391769 0.1503496468 0.0282935072 0.9882279634
12.4 -493.1 2150.9 0 0 0 0 0 0 0 0 0
134.7 -460.9 2149.9 0 0 0 0 0 0 0 0 0
-101.0 -799.0 2209.2 0 0 0 0 0 0 0 0 0
340.6 -758.8 2086.0 0 0 0 0 0 0 0 0 0
132.0 113.1 2338.4 18 0.9683188200 -0.0170893557 0.2491317093 -0.0690066516 0.9404948950 0.3327271938 -0.2399931997 -0.3393777609 0.9095196724
135.4 -76.6 2406.8 0.9683188200 -0.0170893557 0.2491317093 -0.0690066516 0.9404948950 0.3327271938 -0.2399931997 -0.3393777609 0.9095196724
138.0 -263.8 2473.5 0.9683634639 -0.0129153151 0.2492096573 -0.0718055665 0.9420015216 0.3278369308 -0.2389899939 -0.3353599310 0.9112724662
-0.9 -66.4 2440.5 -0.2985210419 -0.8080015779 0.5079553127 0.9363000393 -0.3511043787 -0.0082441038 0.1850065887 0.4731375575 0.8613439798
95.5 -368.7 2380.8 0.3061350286 -0.8080015779 0.5034031868 0.4359436631 -0.3511043787 -0.8286608458 0.8463063836 0.4731375575 0.2447578162
271.7 -86.7 2373.2 0.0130574461 0.6891967654 0.7244566083 -0.9746971130 0.1704615951 -0.1445973665 -0.2231480628 -0.7042376995 0.6739838719
274.8 -322.0 2319.3 -0.5345392227 0.6891967654 0.4891581535 -0.5365349650 0.1704615951 -0.8264823556 -0.6529915929 -0.7042376995 0.2786597610
51.7 -444.5 2562.1 0.8633610010 0.5009593964 0.0603945106 0.1117636189 -0.0731376410 -0.9910397530 -0.4920535684 0.8623749614 -0.1191332266
-152.8 -414.6 2210.0 0.8633610010 -0.1232981682 0.4892907143 0.1117636189 0.9923283458 0.0528518595 -0.4920535684 0.0090546692 0.8705178499
229.9 -457.9 2518.6 0.9822332263 -0.1127270833 0.1500350982 0.1286873668 -0.1773199290 -0.9757034183 0.1365924180 0.9776759148 -0.1596629769
279.4 -380.0 2089.1 0.9822332263 -0.1314005256 -0.1339844316 0.1286873668 0.9912683368 -0.0287509710 0.1365924180 0.0109980563 0.9905662537
14.2 -484.5 2155.9 0 0 0 0 0 0 0 0 0
135.8 -461.6 2149.4 0 0 0 0 0 0 0 0 0
-105.7 -794.0 2206.6 0 0 0 0 0 0 0 0 0
329.6 -758.8 2084.9 0 0 0 0 0 0 0 0 0
132.4 113.0 2339.6 19 0.9687076211 -0.0144091016 0.2477859408 -0.0706338733 0.9410319328 0.3308621943 -0.2379419059 -0.3380108178 0.9105670452
135.3 -76.6 2407.7 0.9687076211 -0.0144091016 0.2477859408 -0.0706338733 0.9410319328 0.3308621943 -0.2379419059 -0.3380108178 0.9105670452
137.4 -264.0 2474.2 0.9687464237 -0.0101209013 0.2478464991 -0.0736129805 0.9424260259 0.3262120485 -0.2368785590 -0.3342615068 0.9122268558
-1.0 -66.3 2441.0 -0.2873837352 -0.8024491072 0.5229588747 0.9354618192 -0.3524180353 -0.0266962666 0.2057225406 0.4815360010 0.8519397378
93.6 -374.3 2373.3 0.3158674538 -0.8024491072 0.5062639117 0.4337782264 -0.3524180353 -0.8292394280 0.8438389897 0.4815360010 0.2367675602
271.7 -87.0 2374.4 0.0155823203 0.6824232340 0.7307911515 -0.9741494060 0.1750972718 -0.1427370012 -0.2253665775 -0.7096756101 0.6675106287
275.4 -321.8 2320.0 -0.5483881235 0.6824232340 0.4832897782 -0.5192824006 0.1750972718 -0.8364728093 -0.6554511786 -0.7096756101 0.2583490908
50.5 -444.6 2562.4 0.8647096157 0.4988489747 0.0585403778 0.1104946956 -0.0752348900 -0.9910250306 -0.4899675250 0.8634172678 -0.1201765016
-153.2 -413.9 2209.8 0.8647096157 -0.1211798638 0.4874348044 0.1104946956 0.9925804138 0.0507450998 -0.4899675250 0.0099791856 0.8716835380
228.5 -458.2 2519.0 0.9830634594 -0.1112349480 0.1456470937 0.1248582229 -0.1752337962 -0.9765774608 0.1341518313 0.9782228470 -0.1583773345
277.6 -380.9 2087.5 0.9830634594 -0.1261677146 -0.1329210252 0.1248582229 0.9920080900 -0.0181749947 0.1341518313 0.0012708893 0.9909600019
9.6 -489.7 2148.8 0 0 0 0 0 0 0 0 0
132.8 -456.9 2149.5 0 0 0 0 0 0 0 0 0
-106.9 -793.3 2206.0 0 0 0 0 0 0 0 0 0
325.8 -760.0 2087.1 0 0 0 0 0 0 0 0 0
132.9 109.3 2339.7 20 0.9697858691 -0.0115044294 0.2436862439 -0.0724412724 0.9402531981 0.3326802552 -0.2329540700 -0.3402815759 0.9110109210
135.2 -80.0 2408.2 0.9697858691 -0.0115044294 0.2436862439 -0.0724412724 0.9402531981 0.3326802552 -0.2329540700 -0.3402815759 0.9110109210
136.8 -267.2 2475.1 0.9698101878 -0.0079426588 0.2437315285 -0.0747957975 0.9416081905 0.3282980919 -0.2321071476 -0.3366169631 0.9125871658
-1.3 -69.4 2440.9 -0.3025547862 -0.8089368939 0.5040651560 0.9357303977 -0.3526891470 -0.0043517649 0.1812986135 0.4703524411 0.8636546731
96.0 -370.3 2382.6 0.3114429116 -0.8089368939 0.4986224771 0.4214807153 -0.3526891470 -0.8354426026 0.8516790867 0.4703524411 0.2311087847
271.7 -90.5 2375.5 0.0199511871 0.6905872226 0.7229738832 -0.9729817510 0.1797745377 -0.1448708773 -0.2300182730 -0.7005500793 0.6755155325
276.4 -320.5 2321.1 -0.5437600017 0.6905872226 0.4768797755 -0.5096077323 0.1797745377 -0.8414161205 -0.6668020487 -0.7005500793 0.2541743815
49.9 -444.6 2562.5 0.8653072715 0.4986707866 0.0507026836 0.1057310402 -0.0827120245 -0.9909488559 -0.4899635315 0.8628361225 -0.1242962927
-153.7 -410.8 2210.2 0.8653072715 -0.1137005389 0.4881756902 0.1057310402 0.9934223890 0.0439653583 -0.4899635315 0.0135717792 0.8716372848
227.4 -461.3 2520.8 0.9829345345 -0.1139461100 0.1444161534 0.1237543151 -0.1712515056 -0.9774240851 0.1361051500 0.9786159396 -0.1542277038
277.8 -385.6 2088.3 0.9829345345 -0.1239510924 -0.1359259784 0.1237543151 0.9922631979 -0.0099298274 0.1361051500 -0.0070610549 0.9906692505
12.7 -483.1 2154.8 0 0 0 0 0 0 0 0 0
134.9 -453.1 2147.6 0 0 0 0 0 0 0 0 0
-110.3 -790.6 2205.0 0 0 0 0 0 0 0 0 0
325.2 -764.9 2091.0 0 0 0 0 0 0 0 0 0
131.0 109.1 2340.2 21 0.9723457098 -0.0188925005 0.2327808738 -0.0614549369 0.9408987164 0.3330658972 -0.2253156751 -0.3381607234 0.9137177467
134.8 -80.3 2408.3 0.9723457098 -0.0188925005 0.2327808738 -0.0614549369 0.9408987164 0.3330658972 -0.2253156751 -0.3381607234 0.9137177467
137.9 -267.5 2475.0 0.9723889232 -0.0156336781 0.2328419983 -0.0638118610 0.9419153929 0.3297323883 -0.2244723886 -0.3354862034 0.9149104357
-2.0 -71.3 2439.9 -0.3129281998 -0.8108668923 0.4945410788 0.9347914457 -0.3550750613 0.0093096225 0.1680503339 0.4652059972 0.8691043854
96.7 -366.3 2386.9 0.3207823634 -0.8108668923 0.4894829690 0.3951918781 -0.3550750613 -0.8471983671 0.8607683182 0.4652059972 0.2065461725
271.7 -89.3 2376.7 0.0164045077 0.6810020804 0.7320976853 -0.9714558721 0.1841549426 -0.1495341957 -0.2366525084 -0.7087475657 0.6645844579
275.6 -321.7 2320.1 -0.5514466763 0.6810020804 0.4818119407 -0.5078474879 0.1841549426 -0.8415330648 -0.6618138552 -0.7087475657 0.2442935705
52.1 -447.5 2561.9 0.8684120178 0.4927008152 0.0557357222 0.1145116910 -0.0899156481 -0.9893443584 -0.4824392498 0.8655409217 -0.1345038265
-149.5 -410.7 2207.8 0.8684120178 -0.1213176399 0.4807729125 0.1145116910 0.9924647808 0.0435968004 -0.4824392498 0.0171941333 0.8757606745
230.3 -460.7 2521.2 0.9806297421 -0.1188141555 0.1557194293 0.1339750141 -0.1730763167 -0.9757537246 0.1428846866 0.9777156115 -0.1538056582
282.9 -384.1 2088.6 0.9806297421 -0.1340003163 -0.1428609639 0.1339750141 0.9909358621 -0.0098405471 0.1428846866 -0.0094898688 0.9896938205
11.6 -471.1 2158.6 0 0 0 0 0 0 0 0 0
132.1 -453.9 2147.9 0 0 0 0 0 0 0 0 0
-103.1 -790.1 2201.2 0 0 0 0 0 0 0 0 0
334.1 -762.9 2092.2 0 0 0 0 0 0 0 0 0
130.8 110.7 2340.0 22 0.9720798731 -0.0212334767 0.2336874753 -0.0595755428 0.9409315586 0.3333145678 -0.2269613445 -0.3379304409 0.9133956432
135.1 -78.8 2408.0 0.9720798731 -0.0212334767 0.2336874753 -0.0595755428 0.9409315586 0.3333145678 -0.2269613445 -0.3379304409 0.9133956432
138.8 -266.0 2474.9 0.9721232057 -0.0185592324 0.2337350249 -0.0616240576 0.9415936470 0.3310647607 -0.2262277305 -0.3362394273 0.9142013192
-1.7 -70.1 2439.9 -0.3125163019 -0.7962664962 0.5179702640 0.9325271845 -0.3610186875 0.0076507521 0.1809049100 0.4854123294 0.8553643823
98.3 -368.7 2382.0 0.3232183456 -0.7962664962 0.5113604665 0.4243802428 -0.3610186875 -0.8304016590 0.8458316922 0.4854123294 0.2212319225
271.9 -87.4 2376.2 0.0155440150 0.6751515865 0.7375152111 -0.9725270867 0.1815529615 -0.1457038373 -0.2322702408 -0.7149887085 0.6594252586
275.6 -321.6 2320.3 -0.5582113862 0.6751515865 0.4822555184 -0.5078998804 0.1815529615 -0.8420666456 -0.6560775638 -0.7149887085 0.2415645123
53.2 -449.0 2561.6 0.8632238507 0.5030177236 0.0426350422 0.1038438007 -0.0942846909 -0.9901145697 -0.4940253496 0.8591179252 -0.1336240619
-153.9 -410.1 2207.9 0.8632238507 -0.1203595176 0.4902633429 0.1038438007 0.9927290082 0.0608732775 -0.4940253496 -0.0016364569 0.8694459796
231.7 -458.8 2521.0 0.9806749821 -0.1160697788 0.1574941576 0.1363029182 -0.1721518040 -0.9755948186 0.1403499842 0.9782083631 -0.1530043185
283.1 -382.6 2088.0 0.9806749821 -0.1360601336 -0.1405853629 0.1363029182 0.9906353354 -0.0079461578 0.1403499842 -0.0113695972 0.9900366664
13.0 -480.8 2158.6 0 0 0 0 0 0 0 0 0
130.4 -453.8 2149.5 0 0 0 0 0 0 0 0 0
-107.9 -789.6 2208.5 0 0 0 0 0 0 0 0 0
335.1 -761.3 2092.3 0 0 0 0 0 0 0 0 0
132.6 110.5 2340.9 23 0.9735877514 -0.0177811868 0.2276197672 -0.0608513355 0.9406914115 0.3337615430 -0.2200546265 -0.3387971222 0.9147636294
136.2 -78.9 2409.1 0.9735877514 -0.0177811868 0.2276197672 -0.0608513355 0.9406914115 0.3337615430 -0.2200546265 -0.3387971222 0.9147636294
139.4 -266.0 2476.4 0.9736099839 -0.0162921976 0.2276360393 -0.0620799586 0.9409297109 0.3328624070 -0.2196125686 -0.3382097781 0.9150871038
-0.9 -70.2 2440.0 -0.3007849157 -0.7931426167 0.5295783281 0.9328068495 -0.3602454364 -0.0097281197 0.1984939575 0.4910681844 0.8482052684
96.1 -371.0 2376.0 0.3210000694 -0.7931426167 0.5175748467 0.4379499555 -0.3602454364 -0.8236644268 0.8397373557 0.4910681844 0.2317179739
273.2 -87.7 2378.2 0.0114773475 0.6740894318 0.7385605574 -0.9703536630 0.1858327091 -0.1545313597 -0.2414166629 -0.7148913741 0.6562380195
275.9 -321.0 2320.2 -0.5589599609 0.6740894318 0.4828739166 -0.5043638945 0.1858327091 -0.8432575464 -0.6581647396 -0.7148913741 0.2361133248
53.3 -448.1 2563.3 0.8644117117 0.5013167858 0.0383918099 0.0964392498 -0.0903784111 -0.9912271500 -0.4934490025 0.8605307937 -0.1264707744
-154.1 -410.7 2207.4 0.8644117117 -0.1184678152 0.4886285067 0.0964392498 0.9928663373 0.0701135695 -0.4934490025 -0.0134840198 0.8696702123
232.0 -458.8 2523.5 0.9797794819 -0.1223516390 0.1583106816 0.1364580244 -0.1700322032 -0.9759448171 0.1463263631 0.9778134227 -0.1498982012
286.2 -383.5 2090.5 0.9797794819 -0.1357471943 -0.1469860524 0.1364580244 0.9906317592 -0.0052842149 0.1463263631 -0.0148800611 0.9891244769
11.5 -486.4 2154.6 0 0 0 0 0 0 0 0 0
130.5 -452.3 2148.9 0 0 0 0 0 0 0 0 0
-108.8 -790.2 2212.5 0 0 0 0 0 0 0 0 0
338.1 -762.2 2096.2 0 0 0 0 0 0 0 0 0
131.9 108.7 2339.8 24 0.9695375562 -0.0163946636 0.2443933189 -0.0689568073 0.9391338229 0.3365599215 -0.2350358218 -0.3431600630 0.9093950391
135.2 -80.5 2409.0 0.9695375562 -0.0163946636 0.2443933189 -0.0689568073 0.9391338229 0.3365599215 -0.2350358218 -0.3431600630 0.9093950391
137.4 -267.5 2476.4 0.9695935845 -0.0111114280 0.2444683313 -0.0727860257 0.9406667948 0.3314335942 -0.2336459458 -0.3391497731 0.9112557173
-1.2 -70.2 2441.8 -0.3059860170 -0.7999293208 0.5162224174 0.9333577156 -0.3589353263 -0.0029608847 0.1876589656 0.4809142351 0.8564494252
96.6 -368.7 2381.8 0.3197989166 -0.7999293208 0.5077811480 0.4231382310 -0.3589353263 -0.8319371939 0.8477515578 0.4809142351 0.2236935645
271.6 -90.7 2376.1 0.0172969811 0.6793141365 0.7336437106 -0.9724605083 0.1819980592 -0.1455927640 -0.2324249595 -0.7109212279 0.6637541652
275.7 -321.0 2321.0 -0.5542339683 0.6793141365 0.4809958637 -0.5077282786 0.1819980592 -0.8420740366 -0.6595730782 -0.7109212279 0.2440374941
50.6 -448.2 2565.0 0.8569878936 0.5148063898 0.0233689845 0.0834138170 -0.0938227251 -0.9920884371 -0.5085409284 0.8521570563 -0.1233469024
-162.7 -409.3 2211.8 0.8569878936 -0.1072589532 0.5040508509 0.0834138170 0.9940735698 0.0697125271 -0.5085409284 -0.0176979881 0.8608559370
228.6 -461.1 2522.4 0.9832351208 -0.1097963601 0.1455796808 0.1260561049 -0.1675831228 -0.9777656794 0.1317518055 0.9797247648 -0.1509331167
277.2 -386.9 2088.6 0.9832351208 -0.1252272874 -0.1325398386 0.1260561049 0.9920207858 -0.0021524099 0.1317518055 -0.0145911304 0.9911753535
12.5 -480.0 2158.8 0 0 0 0 0 0 0 0 0
131.5 -453.2 2149.4 0 0 0 0 0 0 0 0 0
-121.7 -789.3 2218.6 0 0 0 0 0 0 0 0 0
325.1 -766.2 2094.1 0 0 0 0 0 0 0 0 0
133.0 108.4 2339.8 25 0.9690053463 -0.0186447501 0.2463351041 -0.0681767315 0.9382405281 0.3392000496 -0.2374458760 -0.3454809785 0.9078889489
136.8 -80.5 2409.4 0.9690053463 -0.0186447501 0.2463351041 -0.0681767315 0.9382405281 0.3392000496 -0.2374458760 -0.3454809785 0.9078889489
139.7 -267.3 2477.1 0.9690504074 -0.0145876389 0.2464314699 -0.0707237422 0.9400036931 0.3337532580 -0.2365151644 -0.3408522904 0.9098792672
0.4 -70.5 2442.7 -0.2866668105 -0.8017475605 0.5244262815 0.9349789023 -0.3534886837 -0.0293297525 0.2088938206 0.4819196463 0.8509505391
92.5 -370.7 2375.6 0.3151074052 -0.8017475605 0.5078465939 0.4351531565 -0.3534886837 -0.8280624747 0.8434150815 0.4819196463 0.2374961078
273.2 -90.4 2376.1 0.0086884461 0.6896013021 0.7241371274 -0.9725419283 0.1742495149 -0.1542702466 -0.2325654924 -0.7029133439 0.6721801162
275.2 -322.3 2320.6 -0.5521218181 0.6896013021 0.4686273038 -0.5015919805 0.1742495149 -0.8473739624 -0.6660082340 -0.7029133439 0.2496915162
53.7 -447.9 2566.5 0.8546198010 0.5186835527 0.0243376773 0.0830774382 -0.0903169066 -0.9924419522 -0.5125652552 0.8501824737 -0.1202775165
-161.6 -410.4 2213.7 0.8546198010 -0.1094623581 0.5075854063 0.0830774382 0.9937596917 0.0744301304 -0.5125652552 -0.0214405674 0.8583805561
231.5 -460.7 2523.2 0.9833221436 -0.1062783152 0.1475889087 0.1288066208 -0.1659521759 -0.9776853919 0.1283994615 0.9803901315 -0.1494951099
278.6 -387.2 2089.0 0.9833221436 -0.1277902126 -0.1294110864 0.1288066208 0.9916695952 -0.0005197495 0.1283994615 -0.0161579251 0.9915909171
9.7 -485.1 2153.9 0 0 0 0 0 0 0 0 0
131.5 -452.8 2147.3 0 0 0 0 0 0 0 0 0
-119.7 -790.3 2221.9 0 0 0 0 0 0 0 0 0
327.4 -766.3 2095.2 0 0 0 0 0 0 0 0 0
131.7 109.2 2339.3 26 0.9669018388 -0.0156433061 0.2546686828 -0.0736213773 0.9385604858 0.3371707499 -0.2442964166 -0.3447600901 0.9063441753
134.9 -79.7 2408.7 0.9669018388 -0.0156433061 0.2546686828 -0.0736213773 0.9385604858 0.3371707499 -0.2442964166 -0.3447600901 0.9063441753
137.1 -266.5 2476.7 0.9669485092 -0.0112883216 0.2547216415 -0.0768782422 0.9396181703 0.3334778249 -0.2431054711 -0.3420384526 0.9076945782
-1.2 -68.9 2442.9 -0.2837370634 -0.7858850956 0.5494341850 0.9326497912 -0.3593311608 -0.0323345102 0.2228400260 0.5032551885 0.8349111080
91.1 -372.4 2370.4 0.3194398880 -0.7858850956 0.5294740796 0.4609311223 -0.3593311608 -0.8114330769 0.8279497027 0.5032551885 0.2474541813
271.0 -90.5 2374.5 0.0174215306 0.6921047568 0.7215867639 -0.9744564295 0.1733653396 -0.1427554637 -0.2238998711 -0.7006678581 0.6774462461
275.1 -322.6 2321.1 -0.5515425205 0.6921047568 0.4656091034 -0.4991629720 0.1733653396 -0.8489881158 -0.6683092117 -0.7006678581 0.2498547286
50.6 -446.3 2566.9 0.8512464166 0.5244937539 0.0169058982 0.0764283314 -0.0920408741 -0.9928178191 -0.5191707015 0.8464246988 -0.1184356436
-167.1 -408.1 2215.5 0.8512464166 -0.1034269035 0.5144729614 0.0764283314 0.9943664670 0.0734439045 -0.5191707015 -0.0231985506 0.8543556333
228.1 -460.4 2522.4 0.9849500656 -0.1004563421 0.1406479627 0.1230400577 -0.1639758945 -0.9787609577 0.1213856190 0.9813360572 -0.1491479278
272.6 -387.7 2087.8 0.9849500656 -0.1219092533 -0.1225212589 0.1230400577 0.9924002886 0.0016775317 0.1213856190 -0.0167273078 0.9924644828
7.3 -493.4 2153.0 0 0 0 0 0 0 0 0 0
131.5 -452.6 2147.2 0 0 0 0 0 0 0 0 0
-127.6 -788.3 2224.4 0 0 0 0 0 0 0 0 0
319.2 -767.1 2094.2 0 0 0 0 0 0 0 0 0
131.1 106.2 2339.5 27 0.9666091204 -0.0196225680 0.2555030584 -0.0714425072 0.9368956089 0.3422318101 -0.2460951507 -0.3490581512 0.9042099118
135.1 -82.0 2409.6 0.9666091204 -0.0196225680 0.2555030584 -0.0714425072 0.9368956089 0.3422318101 -0.2460951507 -0.3490581512 0.9042099118
138.2 -268.3 2478.9 0.9666702151 -0.0158080310 0.2555361986 -0.0746767521 0.9372823834 0.3404777050 -0.2448918819 -0.3482122719 0.9048625231
-1.0 -71.5 2444.1 -0.2745113969 -0.7907898426 0.5470785499 0.9323901534 -0.3580251038 -0.0496654510 0.2351427823 0.4964569211 0.8356066346
88.0 -373.6 2367.9 0.3061488867 -0.7907898426 0.5300229192 0.4709867537 -0.3580251038 -0.8062192798 0.8273115158 0.4964569211 0.2628425360
271.1 -92.5 2375.2 0.0175098479 0.6847208738 0.7285950184 -0.9727490544 0.1801677793 -0.1459410787 -0.2311982512 -0.7061847448 0.6692163348
275.2 -322.0 2320.6 -0.5525063872 0.6847208738 0.4752831161 -0.5035757422 0.1801677793 -0.8449562192 -0.6641898751 -0.7061847448 0.2452649623
52.6 -447.8 2570.5 0.8495651484 0.5270942450 0.0202661585 0.0759486482 -0.0842124522 -0.9935492277 -0.5219874382 0.8456239700 -0.1115760654
-166.3 -412.9 2219.3 0.8495651484 -0.1073143035 0.5164520144 0.0759486482 0.9937703609 0.0815612003 -0.5219874382 -0.0300677177 0.8524230719
230.0 -461.5 2525.6 0.9847392440 -0.0975006297 0.1441604793 0.1277178824 -0.1578348130 -0.9791712165 0.1182233542 0.9826402068 -0.1429735571
273.2 -391.6 2090.4 0.9847392440 -0.1258685142 -0.1201904193 0.1277178824 0.9917800426 0.0077787647 0.1182233542 -0.0230105203 0.9927203655
7.6 -497.2 2150.7 0 0 0 0 0 0 0 0 0
131.4 -453.0 2147.7 0 0 0 0 0 0 0 0 0
-125.2 -792.8 2230.8 0 0 0 0 0 0 0 0 0
321.3 -770.8 2099.2 0 0 0 0 0 0 0 0 0
131.1 107.8 2339.2 28 0.9678559899 -0.0198457111 0.2507208586 -0.0690404773 0.9376214743 0.3407335281 -0.2418433577 -0.3470908701 0.9061124325
135.1 -80.8 2409.0 0.9678559899 -0.0198457111 0.2507208586 -0.0690404773 0.9376214743 0.3407335281 -0.2418433577 -0.3470908701 0.9061124325
138.1 -267.3 2477.8 0.9679248929 -0.0155369854 0.2507589161 -0.0726927444 0.9380764365 0.3387157321 -0.2404936552 -0.3460797369 0.9068580866
-1.2 -70.5 2442.8 -0.2585981190 -0.8160400987 0.5169192553 0.9366950989 -0.3426081240 -0.0722634569 0.2360706180 0.4655085206 0.8529785872
83.2 -376.0 2365.8 0.2832207680 -0.8160400987 0.5038496852 0.4650490880 -0.3426081240 -0.8163020611 0.8387582302 0.4655085206 0.2824649811
271.3 -91.0 2375.1 0.0093313316 0.6892206073 0.7244914770 -0.9722489119 0.1756272912 -0.1545547098 -0.2337627709 -0.7029438019 0.6717327833
273.5 -324.3 2319.0 -0.5547877550 0.6892206073 0.4660316408 -0.4960984290 0.1756272912 -0.8503184319 -0.6679048538 -0.7029438019 0.2444853932
52.4 -447.1 2568.6 0.8518375158 0.5233400464 0.0220924374 0.0782068446 -0.0853663757 -0.9932755232 -0.5179349184 0.8478370905 -0.1136470586
-165.0 -411.6 2216.4 0.8518375158 -0.1085700765 0.5124309063 0.0782068446 0.9936795831 0.0805266574 -0.5179349184 -0.0285200197 0.8549444675
230.0 -460.4 2524.5 0.9839839935 -0.1018965989 0.1462620646 0.1288669407 -0.1602838188 -0.9786227345 0.1231617630 0.9817973971 -0.1445856094
275.2 -389.4 2089.7 0.9839839935 -0.1272055954 -0.1248769313 0.1288669407 0.9916478395 0.0052840975 0.1231617630 -0.0212919749 0.9921581745
8.8 -498.1 2145.7 0 0 0 0 0 0 0 0 0
129.1 -453.4 2145.2 0 0 0 0 0 0 0 0 0
-123.5 -791.5 2227.3 0 0 0 0 0 0 0 0 0
323.8 -768.6 2097.8 0 0 0 0 0 0 0 0 0
132.2 109.4 2339.5 29 0.9669609070 -0.0193637554 0.2541883290 -0.0705712661 0.9378092885 0.3399021626 -0.2449619472 -0.3466104865 0.9054583311
136.1 -79.2 2409.2 0.9669609070 -0.0193637554 0.2541883290 -0.0705712661 0.9378092885 0.3399021626 -0.2449619472 -0.3466104865 0.9054583311
139.2 -265.9 2477.5 0.9670110941 -0.0155110434 0.2542616129 -0.0732732266 0.9390224814 0.3359580636 -0.2439684421 -0.3435057402 0.9069086313
0.0 -68.9 2443.5 -0.2352521867 -0.8441245556 0.4817781448 0.9406306744 -0.3225256801 -0.1057881340 0.2446841747 0.4282884002 0.8698843122
78.2 -381.5 2362.2 0.2570783198 -0.8441245556 0.4704939127 0.4575241506 -0.3225256801 -0.8286427855 0.8512240648 0.4282884002 0.3032929897
272.2 -89.5 2374.8 0.0095311999 0.6956366897 0.7183305621 -0.9743875265 0.1678653359 -0.1496333480 -0.2246732414 -0.6985061765 0.6794196367
274.5 -323.0 2321.0 -0.5515424013 0.6956366897 0.4603157938 -0.4982235432 0.1678653359 -0.8506435752 -0.6690099239 -0.6985061765 0.2539977133
53.6 -445.8 2568.1 0.8501411080 0.5261611938 0.0203584358 0.0784091800 -0.0882672817 -0.9930059910 -0.5206842422 0.8457915187 -0.1162955165
-165.0 -409.2 2216.8 0.8501411080 -0.1073608771 0.5154936910 0.0784091800 0.9938898683 0.0776847899 -0.5206842422 -0.0256235991 0.8533647060
231.0 -459.3 2523.4 0.9845613241 -0.0987729356 0.1445090771 0.1272760779 -0.1627884358 -0.9784174562 0.1201655716 0.9817045331 -0.1477037668
274.8 -387.2 2088.6 0.9845613241 -0.1259980351 -0.1215049848 0.1272760779 0.9918634295 0.0027840079 0.1201655716 -0.0182057042 0.9925869107
10.7 -501.5 2138.8 0 0 0 0 0 0 0 0 0
130.9 -452.7 2146.9 0 0 0 0 0 0 0 0 0
-124.0 -789.1 2226.6 0 0 0 0 0 0 0 0 0
322.9 -766.4 2095.5 0 0 0 0 0 0 0 0 0
131.9 109.4 2339.6 30 0.9681036472 -0.0202452280 0.2497307062 -0.0687599480 0.9369930029 0.3425145149 -0.2409302145 -0.3487610221 0.9057142735
135.9 -78.7 2409.7 0.9681036472 -0.0202452280 0.2497307062 -0.0687599480 0.9369930029 0.3425145149 -0.2409302145 -0.3487610221 0.9057142735
139.0 -265.3 2478.3 0.9681684971 -0.0155212898 0.2498175800 -0.0721601173 0.9383903146 0.3379593194 -0.2396719754 -0.3452284336 0.9073999524
-0.3 -68.6 2443.4 -0.2389106750 -0.8421055079 0.4835080504 0.9405441880 -0.3244908154 -0.1004108563 0.2414504588 0.4307714403 0.8695617318
78.5 -378.8 2363.8 0.2566207051 -0.8421055079 0.4743460417 0.4614332616 -0.3244908154 -0.8257027864 0.8492497802 0.4307714403 0.3053044081
272.2 -88.9 2375.9 0.0133819068 0.6987809539 0.7152105570 -0.9747162461 0.1686691493 -0.1465571523 -0.2230452895 -0.6951661110 0.6833702326
275.4 -322.0 2322.6 -0.5487273932 0.6987809539 0.4589154720 -0.4970595539 0.1686691493 -0.8511654139 -0.6721830368 -0.6951661110 0.2547823489
53.3 -445.2 2568.9 0.8522343636 0.5226806402 0.0223940481 0.0787924305 -0.0859191194 -0.9931815863 -0.5171927214 0.8481879830 -0.1144065112
-163.9 -409.6 2216.6 0.8522343636 -0.1088082418 0.5117200017 0.0787924305 0.9936707616 0.0800632238 -0.5171927214 -0.0279129706 0.8554136753
230.9 -458.5 2524.9 0.9838321209 -0.1027422249 0.1466912925 0.1290521771 -0.1612161249 -0.9784451127 0.1241766289 0.9815565944 -0.1453505009
276.5 -387.1 2090.2 0.9838321209 -0.1274866164 -0.1257833987 0.1290521771 0.9916282892 0.0043435413 0.1241766289 -0.0205059368 0.9920482039
11.1 -500.0 2140.8 0 0 0 0 0 0 0 0 0
132.6 -451.4 2147.6 0 0 0 0 0 0 0 0 0
-122.3 -789.5 2227.2 0 0 0 0 0 0 0 0 0
325.2 -766.2 2098.0 0 0 0 0 0 0 0 0 0
131.5 113.3 2339.7 31 0.9682974815 -0.0217438024 0.2488518655 -0.0656562820 0.9390254021 0.3375212550 -0.2410172075 -0.3431596458 0.9078282714
135.9 -75.7 2408.8 0.9682974815 -0.0217438024 0.2488518655 -0.0656562820 0.9390254021 0.3375212550 -0.2410172075 -0.3431596458 0.9078282714
139.4 -262.5 2476.6 0.9683642387 -0.0176541694 0.2489158064 -0.0688402057 0.9398880601 0.3344718516 -0.2398578227 -0.3410260081 0.9089386463
-0.4 -66.0 2442.5 -0.2381357104 -0.8378083110 0.4912928045 0.9419761896 -0.3224537969 -0.0932972878 0.2365844697 0.4405687153 0.8659832478
78.4 -377.6 2364.2 0.2595109940 -0.8378083110 0.4803449512 0.4747658968 -0.3224537969 -0.8189144731 0.8409823775 0.4405687153 0.3140825033
272.2 -85.4 2375.0 0.0138541581 0.6951587796 0.7187227607 -0.9758300781 0.1661769450 -0.1419185102 -0.2180910408 -0.6993851066 0.6806590557
275.5 -321.9 2322.1 -0.5479263067 0.6951587796 0.4653289616 -0.5072972775 0.1661769450 -0.8455972672 -0.6651512980 -0.6993851066 0.2615994215
53.1 -445.0 2569.3 0.8580622673 0.5122292638 0.0367465205 0.0887479335 -0.0774272084 -0.9930402040 -0.5058190823 0.8553515077 -0.1118966565
-161.2 -412.6 2211.5 0.8580622673 -0.1114844829 0.5012986660 0.0887479335 0.9936562777 0.0690726042 -0.5058190823 -0.0147793749 0.8625130057
230.9 -458.1 2525.7 0.9835379124 -0.1065707579 0.1459311247 0.1273698658 -0.1639965922 -0.9782034755 0.1281800866 0.9806873798 -0.1477229595
277.8 -386.0 2094.3 0.9835379124 -0.1288115233 -0.1267312616 0.1273698658 0.9916645885 -0.0194484871 0.1281800866 0.0029865804 0.9917464256
10.2 -502.2 2143.5 0 0 0 0 0 0 0 0 0
132.9 -453.9 2149.0 0 0 0 0 0 0 0 0 0
-118.6 -792.4 2217.1 0 0 0 0 0 0 0 0 0
327.0 -765.0 2093.2 0 0 0 0 0 0 0 0 0
133.0 113.7 2340.2 32 0.9710301757 -0.0213552602 0.2380007654 -0.0613923706 0.9402708411 0.3348458707 -0.2309359014 -0.3397568762 0.9117202759
137.3 -75.4 2408.6 0.9710301757 -0.0213552602 0.2380007654 -0.0613923706 0.9402708411 0.3348458707 -0.2309359014 -0.3397568762 0.9117202759
141.2 -262.4 2475.9 0.9710594416 -0.0196428169 0.2380288988 -0.0627344623 0.9406409860 0.3335549831 -0.2304517031 -0.3388343155 0.9121860266
0.7 -66.6 2441.0 -0.2410837859 -0.8613757491 0.4471133947 0.9508559704 -0.3018768132 -0.0688715801 0.1942974776 0.4085366428 0.8918219209
79.6 -377.8 2377.4 0.2565360665 -0.8613757491 0.4384301901 0.4356357753 -0.3018768132 -0.8479928374 0.8627923727 0.4085366428 0.2978038192
274.0 -84.2 2376.1 0.0099341227 0.7025672793 0.7115479708 -0.9768044353 0.1590352654 -0.1433905810 -0.2139027566 -0.6936187744 0.6878507137
276.4 -320.5 2324.4 -0.5424578786 0.7025672793 0.4605850875 -0.5111777782 0.1590352654 -0.8446331024 -0.6666608453 -0.6936187744 0.2728668749
55.6 -444.6 2565.9 0.8623909354 0.5037215948 0.0504616797 0.0972910523 -0.0670903772 -0.9929921031 -0.4968060851 0.8612568974 -0.1068657339
-154.8 -416.6 2206.2 0.8623909354 -0.1172621697 0.4924747944 0.0972910523 0.9930595160 0.0660853982 -0.4968060851 -0.0090780575 0.8678140640
233.8 -456.4 2523.8 0.9816967845 -0.1163413301 0.1507851332 0.1310040206 -0.1621613652 -0.9780294895 0.1382367611 0.9798818231 -0.1439521015
284.4 -385.9 2098.0 0.9816967845 -0.1341578066 -0.1351781785 0.1310040206 0.9908651710 -0.0320027247 0.1382367611 0.0137080858 0.9903043509
12.8 -491.2 2152.8 0 0 0 0 0 0 0 0 0
135.2 -453.6 2150.9 0 0 0 0 0 0 0 0 0
-110.0 -796.2 2209.7 0 0 0 0 0 0 0 0 0
335.7 -764.7 2092.8 0 0 0 0 0 0 0 0 0
132.9 115.5 2340.0 33 0.9732737541 -0.0303437803 0.2276344597 -0.0495427735 0.9401475191 0.3371471465 -0.2242402881 -0.3394141197 0.9135175943
139.0 -73.7 2408.3 0.9732737541 -0.0303437803 0.2276344597 -0.0495427735 0.9401475191 0.3371471465 -0.2242402881 -0.3394141197 0.9135175943
144.7 -260.8 2475.5 0.9733107090 -0.0286422484 0.2276969552 -0.0507207140 0.9407970905 0.3351540565 -0.2238162011 -0.3377579749 0.9142351151
2.0 -66.6 2439.8 -0.2555280030 -0.8579987884 0.4455822408 0.9520414472 -0.3035357296 -0.0385114588 0.1682929099 0.4143719971 0.8944122791
83.5 -370.2 2386.2 0.2763899565 -0.8579987884 0.4329511225 0.4071500003 -0.3035357296 -0.8614493012 0.8705385923 0.4143719971 0.2654399872
275.9 -80.9 2376.8 0.0048571564 0.6918412447 0.7220333219 -0.9756431580 0.1616314948 -0.1483096182 -0.2193100303 -0.7037264705 0.6757752299
