128.1 75.8 2665.5 0 0.9999752641 0.0070309034 0.0001425959 -0.0070256093 0.9979239106 0.0640197694 0.0003078170 -0.0640191883 0.9979486465
126.7 -123.9 2678.3 0.9999752641 0.0070309034 0.0001425959 -0.0070256093 0.9979239106 0.0640197694 0.0003078170 -0.0640191883 0.9979486465
126.7 -316.2 2691.9 0.9999975562 0.0022152124 0.0001668859 -0.0022214514 0.9975960255 0.0692620948 -0.0000130544 -0.0692622960 0.9975984693
-9.5 -122.3 2678.5 0.3526793420 -0.9165201187 -0.1887011528 0.9312565923 0.3635032773 -0.0250296481 0.0915336683 -0.1669017673 0.9817155600
-104.4 -373.0 2653.9 0.0593207963 -0.9165201187 -0.3955652714 0.5361790657 0.3635032773 -0.7618250251 0.8420172334 -0.1669017673 0.5129822493
262.8 -125.5 2678.1 0.2889690995 0.9531258941 0.0897098035 -0.7528787851 0.2841350436 -0.5936672688 -0.5913293362 0.1040109023 0.7996945381
319.8 -274.2 2561.3 -0.2853412628 0.9531258941 0.1006546393 0.9584199190 0.2841350436 0.0264297239 -0.0034086569 0.1040109023 -0.9945703149
35.8 -505.6 2716.7 0.9869974852 0.1150549203 -0.1122425273 -0.1038989797 -0.0761330500 -0.9916696548 -0.1226418465 0.9904373288 -0.0631890371
-7.6 -476.9 2343.7 0.9869974852 0.1070363075 0.1199135110 -0.1038989797 0.9940685630 -0.0321348011 -0.1226418465 0.0192580763 0.9922641516
214.9 -506.8 2714.6 0.9917510152 -0.1262482703 0.0221648570 0.0033585760 -0.1472669095 -0.9890910983 0.1281351894 0.9810065627 -0.1456280947
260.5 -453.7 2360.7 0.9917510152 -0.0107681407 -0.1277260780 0.0033585760 0.9983059764 -0.0580854528 0.1281351894 0.0571773276 0.9901071191
-120.1 -514.7 2431.3 0 0 0 0 0 0 0 0 0
243.0 -16.0 2560.4 0 0 0 0 0 0 0 0 0
-47.5 -847.9 2336.5 0 0 0 0 0 0 0 0 0
264.5 -826.2 2339.4 0 0 0 0 0 0 0 0 0
127.0 76.4 2670.7 1 0.9999465942 0.0048457817 -0.0091300244 -0.0043392945 0.9984933734 0.0547006503 0.0093813362 -0.0546581112 0.9984610677
126.0 -123.1 2681.7 0.9999465942 0.0048457817 -0.0091300244 -0.0043392945 0.9984933734 0.0547006503 0.0093813362 -0.0546581112 0.9984610677
126.6 -315.5 2693.6 0.9999580979 -0.0007899356 -0.0091181714 0.0013405187 0.9981651306 0.0605358630 0.0090536214 -0.0605455525 0.9981243610
-10.1 -122.0 2680.7 0.3484430909 -0.9162887335 -0.1974900961 0.9316708446 0.3616821766 -0.0342854895 0.1028440520 -0.1720492244 0.9797051549
-103.9 -372.8 2653.0 0.0497416332 -0.9162887335 -0.3974175453 0.5290032625 0.3616821766 -0.7676858306 0.8471607566 -0.1720492244 0.5027104020
262.1 -124.3 2682.6 0.2970508039 0.9511042237 0.0846261084 -0.7466449142 0.2866076529 -0.6003143787 -0.5952160358 0.1151382178 0.7952741981
320.8 -271.7 2565.1 -0.2887863815 0.9511042237 0.1095590666 0.9573906660 0.2866076529 0.0354843102 0.0023488116 0.1151382178 -0.9933466911
36.7 -509.5 2705.4 0.9865772724 0.1314787269 -0.0968434066 -0.0840217024 -0.0998019204 -0.9914534688 -0.1400201917 0.9862823486 -0.0874152407
-11.2 -473.2 2346.2 0.9865772724 0.0898126662 0.1363781095 -0.0840217024 0.9953238368 -0.0476527102 -0.1400201917 0.0355543606 0.9895101190
215.9 -510.0 2705.4 0.9902343154 -0.1389091164 0.0118413735 -0.0100451661 -0.1558085084 -0.9877362251 0.1390505433 0.9779713750 -0.1556822956
264.7 -455.3 2361.9 0.9902343154 0.0000172916 -0.1394129097 -0.0100451661 0.9974096417 -0.0712259784 0.1390505433 0.0719308406 0.9876694083
-117.1 -512.6 2429.0 0 0 0 0 0 0 0 0 0
243.0 -13.7 2565.7 0 0 0 0 0 0 0 0 0
-44.7 -844.6 2333.0 0 0 0 0 0 0 0 0 0
264.7 -827.5 2335.1 0 0 0 0 0 0 0 0 0
129.9 79.0 2673.3 2 0.9995970130 0.0132918525 -0.0250833742 -0.0120242992 0.9986755848 0.0500249900 0.0257150773 -0.0497032218 0.9984329343
127.2 -120.5 2683.3 0.9995970130 0.0132918525 -0.0250833742 -0.0120242992 0.9986755848 0.0500249900 0.0257150773 -0.0497032218 0.9984329343
126.2 -312.9 2694.3 0.9996597171 0.0073700924 -0.0250236858 -0.0059643327 0.9984244704 0.0557942577 0.0253954679 -0.0556260198 0.9981286526
-8.9 -118.4 2680.1 0.3533946574 -0.9107279181 -0.2137449235 0.9286100864 0.3691504300 -0.0375669524 0.1131173000 -0.1852097362 0.9761669040
-104.0 -368.3 2649.6 0.0396627970 -0.9107279181 -0.4110979736 0.5245432854 0.3691504300 -0.7671911716 0.8504593968 -0.1852097362 0.4923577309
263.3 -122.6 2686.5 0.3013862073 0.9511255026 0.0672806725 -0.7459079623 0.2791359723 -0.6047350168 -0.5939593315 0.1320736110 0.7935797572
322.8 -269.9 2569.2 -0.2819028795 0.9511255026 0.1260599047 0.9594400525 0.2791359723 0.0394699201 0.0023529911 0.1320736110 -0.9912371039
37.2 -509.3 2704.6 0.9856349230 0.1501154900 -0.0773896575 -0.0501806289 -0.1772343963 -0.9828885198 -0.1612628996 0.9726527333 -0.1671555191
-19.1 -442.9 2339.8 0.9856349230 0.0530117303 0.1603545249 -0.0501806289 0.9985053539 -0.0216564834 -0.1612628996 0.0132986940 0.9868218899
216.4 -509.1 2706.2 0.9911316633 -0.1313473582 0.0201482382 0.0008961482 -0.1450128704 -0.9894293547 0.1328806877 0.9806727767 -0.1436091512
264.9 -455.5 2343.6 0.9911316633 -0.0004446581 -0.1328829527 0.0008961482 0.9999940395 0.0033378650 0.1328806877 -0.0034273462 0.9911261201
-114.5 -507.0 2424.8 0 0 0 0 0 0 0 0 0
246.8 -11.4 2569.8 0 0 0 0 0 0 0 0 0
-38.8 -815.2 2334.8 0 0 0 0 0 0 0 0 0
265.1 -827.7 2344.9 0 0 0 0 0 0 0 0 0
127.5 79.9 2665.7 3 0.9998582602 0.0092096385 -0.0140944142 -0.0082429750 0.9977074862 0.0671697855 0.0146807125 -0.0670440793 0.9976419806
125.6 -120.1 2679.1 0.9998582602 0.0092096385 -0.0140944142 -0.0082429750 0.9977074862 0.0671697855 0.0146807125 -0.0670440793 0.9976419806
125.4 -312.5 2691.9 0.9998931289 0.0038342965 -0.0141083645 -0.0029089290 0.9978787303 0.0650355145 0.0143278018 -0.0649875253 0.9977831841
-10.5 -118.4 2677.4 0.3519127667 -0.9138022065 -0.2027880400 0.9306178093 0.3648371100 -0.0290582236 0.1005380675 -0.1784922034 0.9787914157
-105.2 -368.9 2650.3 0.0475651287 -0.9138022065 -0.4033647776 0.5325666070 0.3648371100 -0.7637190223 0.8450505137 -0.1784922034 0.5040140152
261.7 -121.8 2680.8 0.2969548702 0.9517127275 0.0778503940 -0.7505656481 0.2830365300 -0.5971109867 -0.5903126597 0.1188831925 0.7983719707
320.4 -270.0 2564.3 -0.2846622765 0.9517127275 0.1149359867 0.9586217403 0.2830365300 0.0305732749 -0.0034341086 0.1188831925 -0.9929022789
35.3 -506.2 2702.8 0.9864297509 0.1422041804 -0.0820628405 -0.0450427681 -0.2462535650 -0.9681581855 -0.1578844190 0.9587163925 -0.2365065813
-18.8 -412.4 2337.8 0.9864297509 0.0464761704 0.1574684381 -0.0450427681 0.9989048243 -0.0126612224 -0.1578844190 0.0053965924 0.9874428511
214.4 -507.3 2707.4 0.9880989790 -0.1536694020 -0.0067928368 -0.0261086710 -0.1240318567 -0.9919347167 0.1515874863 0.9803069830 -0.1265678555
270.1 -462.3 2352.1 0.9880989790 0.0219156370 -0.1522502303 -0.0261086710 0.9993313551 -0.0255958140 0.1515874863 0.0292662494 0.9880104661
-117.8 -509.7 2426.9 0 0 0 0 0 0 0 0 0
243.7 -11.8 2563.3 0 0 0 0 0 0 0 0 0
-36.2 -785.1 2335.8 0 0 0 0 0 0 0 0 0
261.9 -834.5 2341.2 0 0 0 0 0 0 0 0 0
128.0 78.4 2670.3 4 0.9999369383 0.0099827563 -0.0051494767 -0.0096655898 0.9982511401 0.0583201386 0.0057226666 -0.0582666844 0.9982846379
126.0 -121.4 2682.0 0.9999369383 0.0099827563 -0.0051494767 -0.0096655898 0.9982511401 0.0583201386 0.0057226666 -0.0582666844 0.9982846379
125.5 -313.9 2693.5 0.9999747276 0.0048970254 -0.0051484765 -0.0045877653 0.9982795119 0.0584543608 0.0054258713 -0.0584292673 0.9982768297
-10.1 -119.5 2681.5 0.3543193638 -0.9147492051 -0.1941435635 0.9293735027 0.3674573898 -0.0352126174 0.1035501957 -0.1679553688 0.9803409576
-105.5 -369.6 2653.6 0.0559355691 -0.9147492051 -0.4001314044 0.5268874764 0.3674573898 -0.7663971782 0.8480924368 -0.1679553688 0.5025238395
262.1 -123.4 2682.5 0.2904723287 0.9531937242 0.0839494690 -0.7471128106 0.2807355821 -0.6025030613 -0.5978697538 0.1122907475 0.7936891913
319.5 -270.9 2564.4 -0.2831061780 0.9531937242 0.1061723828 0.9590732455 0.2807355821 0.0369601846 0.0054238499 0.1122907475 -0.9936605692
35.1 -505.9 2703.2 0.9859926701 0.1409354061 -0.0891943201 -0.0352887660 -0.3463902771 -0.9374265075 -0.1630126387 0.9274432659 -0.3365648389
-18.8 -373.4 2348.6 0.9859926701 0.0415093303 0.1615406871 -0.0352887660 0.9985280037 -0.0411893912 -0.1630126387 0.0349118672 0.9860060811
214.2 -506.4 2705.8 0.9896943569 -0.1429782510 0.0078948112 -0.0108618811 -0.1299313605 -0.9914634824 0.1427834928 0.9811600447 -0.1301453561
267.9 -457.7 2337.6 0.9896943569 0.0152186146 -0.1423850358 -0.0108618811 0.9994502068 0.0313256606 0.1427834928 -0.0294562615 0.9893155098
-120.3 -508.9 2429.4 0 0 0 0 0 0 0 0 0
243.2 -12.5 2565.9 0 0 0 0 0 0 0 0 0
-34.3 -745.9 2335.6 0 0 0 0 0 0 0 0 0
262.2 -829.7 2348.5 0 0 0 0 0 0 0 0 0
129.7 77.7 2673.1 5 0.9998496771 0.0170554817 -0.0031277891 -0.0168731790 0.9985471964 0.0511736386 0.0039960360 -0.0511131696 0.9986848831
126.3 -121.7 2683.3 0.9998496771 0.0170554817 -0.0031277891 -0.0168731790 0.9985471964 0.0511736386 0.0039960360 -0.0511131696 0.9986848831
124.1 -314.1 2694.2 0.9999030828 0.0135789784 -0.0030734525 -0.0133905495 0.9984121919 0.0547156706 0.0038115552 -0.0546692125 0.9984972477
-9.8 -118.6 2683.1 0.3626351058 -0.9117459059 -0.1929122508 0.9258269072 0.3761107028 -0.0372192077 0.1064908206 -0.1651063710 0.9805098772
-107.4 -367.7 2654.4 0.0618901961 -0.9117459059 -0.4060652256 0.5231597424 0.3761107028 -0.7647513747 0.8499844074 -0.1651063710 0.5002663136
262.4 -124.8 2683.6 0.2829596996 0.9557986259 0.0798920915 -0.7473651767 0.2719258368 -0.6062191129 -0.6011481285 0.1118270159 0.7912746668
318.3 -272.4 2564.9 -0.2746574581 0.9557986259 0.1049391106 0.9614952207 0.2719258368 0.0397897661 0.0094953487 0.1118270159 -0.9936823249
35.0 -507.2 2704.4 0.9870038629 0.1203012466 -0.1065407321 -0.0480132662 -0.4119402468 -0.9099450111 -0.1533559412 0.9032346606 -0.4008105695
-11.3 -348.9 2357.3 0.9870038629 0.0563168116 0.1505049318 -0.0480132662 0.9971467853 -0.0582495816 -0.1533559412 0.0502663329 0.9868916869
214.1 -508.0 2705.4 0.9868871570 -0.1606692523 -0.0154628884 -0.0333015583 -0.1089358479 -0.9934908152 0.1579389721 0.9809782505 -0.1128579304
272.7 -468.3 2347.6 0.9868871570 0.0323727839 -0.1581319571 -0.0333015583 0.9994401336 -0.0032265554 0.1579389721 0.0084502865 0.9874126911
-123.8 -506.0 2429.7 0 0 0 0 0 0 0 0 0
244.3 -13.3 2567.5 0 0 0 0 0 0 0 0 0
-32.3 -720.9 2338.5 0 0 0 0 0 0 0 0 0
260.7 -840.6 2344.5 0 0 0 0 0 0 0 0 0
131.0 78.1 2674.1 6 0.9996170402 0.0244709272 -0.0129208779 -0.0237904936 0.9984446764 0.0504210144 0.0141346306 -0.0500943102 0.9986444712
126.1 -121.2 2684.1 0.9996170402 0.0244709272 -0.0129208779 -0.0237904936 0.9984446764 0.0504210144 0.0141346306 -0.0500943102 0.9986444712
122.6 -313.7 2694.7 0.9997027516 0.0207221713 -0.0128446119 -0.0200030431 0.9983518720 0.0537907332 0.0139381029 -0.0535178147 0.9984695911
-10.0 -117.2 2682.4 0.3676382601 -0.9075213671 -0.2030937374 0.9233086109 0.3822848797 -0.0368702859 0.1111002415 -0.1739632785 0.9784649014
-108.9 -365.7 2652.5 0.0567130297 -0.9075213671 -0.4161593318 0.5219354033 0.3822848797 -0.7625232935 0.8510975838 -0.1739632785 0.4953480363
262.2 -125.3 2685.7 0.2841067314 0.9563885331 0.0678555965 -0.7486504912 0.2654963732 -0.6074817777 -0.5990040302 0.1217895523 0.7914300561
318.3 -273.1 2567.4 -0.2683879435 0.9563885331 0.1152776778 0.9632802606 0.2654963732 0.0400347300 0.0076829493 0.1217895523 -0.9925262332
31.9 -506.7 2704.4 0.9874950647 0.1195202395 -0.1028025299 -0.0311730485 -0.4911824465 -0.8704987168 -0.1545370221 0.8628178835 -0.4813144505
-14.1 -317.7 2372.5 0.9874950647 0.0442373380 0.1513159126 -0.0311730485 0.9956637621 -0.0876463205 -0.1545370221 0.0818333328 0.9845920801
211.1 -509.1 2705.1 0.9883669019 -0.1518207043 0.0090193497 -0.0044877613 -0.0883905143 -0.9960758090 0.1520221531 0.9844478369 -0.0880435929
268.2 -475.9 2334.6 0.9883669019 0.0128793428 -0.1515420675 -0.0044877613 0.9984437823 0.0555868410 0.1520221531 -0.0542601123 0.9868865609
-123.9 -503.7 2427.5 0 0 0 0 0 0 0 0 0
246.0 -13.6 2569.5 0 0 0 0 0 0 0 0 0
-30.6 -689.1 2341.9 0 0 0 0 0 0 0 0 0
263.4 -847.4 2354.8 0 0 0 0 0 0 0 0 0
133.3 78.8 2684.5 7 0.9996130466 0.0129149240 0.0246358793 -0.0133831296 0.9997311234 0.0189357772 -0.0243846998 -0.0192581564 0.9995171428
130.7 -120.5 2688.4 0.9996130466 0.0129149240 0.0246358793 -0.0133831296 0.9997311234 0.0189357772 -0.0243846998 -0.0192581564 0.9995171428
129.7 -313.2 2694.2 0.9996606112 0.0081642019 0.0247381590 -0.0088719605 0.9995505214 0.0286366567 -0.0244932435 -0.0288464148 0.9992837310
-5.3 -118.0 2692.0 0.3618848622 -0.9174733758 -0.1651724279 0.9243973494 0.3760789037 -0.0636726320 0.1205358133 -0.1296427995 0.9842072129
-102.7 -366.8 2659.5 0.0836896002 -0.9174733758 -0.3888941407 0.5010899901 0.3760789037 -0.7794058323 0.8613389730 -0.1296427995 0.4912106395
266.8 -123.0 2684.7 0.2688756287 0.9574979544 0.1044199392 -0.7301165462 0.2733232677 -0.6262780428 -0.6282003522 0.0921521783 0.7725750804
319.9 -267.2 2560.7 -0.2780124843 0.9574979544 0.0768549442 0.9596429467 0.2733232677 0.0661800057 0.0423609763 0.0921521783 -0.9948434830
39.9 -507.0 2702.2 0.9882171750 0.1527891159 -0.0090704607 -0.0289253239 0.1282339692 -0.9913220406 -0.1503000706 0.9799038172 0.1311424822
-7.5 -546.7 2398.2 0.9882171750 0.0908194929 0.1232014820 -0.0289253239 0.9012427926 -0.4323479533 -0.1503000706 0.4236900508 0.8932505846
208.1 -509.3 2706.3 0.9851534963 -0.1714425087 -0.0089504598 -0.0221373774 -0.0751608908 -0.9969256520 0.1702427119 0.9823229313 -0.0778403059
271.7 -481.4 2342.0 0.9851534963 0.0265862104 -0.1696048826 -0.0221373774 0.9993608594 0.0280681979 0.1702427119 -0.0238968749 0.9851123691
-124.8 -499.3 2431.8 0 0 0 0 0 0 0 0 0
245.0 -8.7 2572.1 0 0 0 0 0 0 0 0 0
-39.2 -861.5 2250.2 0 0 0 0 0 0 0 0 0
261.8 -853.6 2350.9 0 0 0 0 0 0 0 0 0
133.7 78.2 2679.7 8 0.9998913407 0.0014622778 -0.0146672782 -0.0009306142 0.9993445277 0.0361898206 0.0147105837 -0.0361722410 0.9992372990
133.4 -121.7 2687.0 0.9998913407 0.0014622778 -0.0146672782 -0.0009306142 0.9993445277 0.0361898206 0.0147105837 -0.0361722410 0.9992372990
134.7 -314.3 2694.4 0.9998824596 -0.0044654119 -0.0146682523 0.0050032595 0.9993087053 0.0368378051 0.0144936163 -0.0369068608 0.9992135763
-2.7 -121.0 2685.3 0.3441573083 -0.9168019891 -0.2025583088 0.9303171635 0.3621005714 -0.0582503416 0.1267505139 -0.1683961898 0.9775362015
-95.3 -371.4 2651.2 0.0431169234 -0.9168019891 -0.3970076144 0.5089747310 0.3621005714 -0.7809147835 0.8597009182 -0.1683961898 0.4822416902
269.5 -122.3 2688.7 0.3031996489 0.9493230581 0.0827992558 -0.7311773896 0.2874856293 -0.6186530590 -0.6111052036 0.1270344406 0.7812891006
329.4 -266.7 2568.0 -0.2926266193 0.9493230581 0.1146969721 0.9559392929 0.2874856293 0.0594310090 0.0234454945 0.1270344406 -0.9916211963
46.8 -509.0 2700.4 0.9951325059 0.0911565572 0.0374399871 -0.0116098402 0.4857263863 -0.8740338087 -0.0978595018 0.8693447709 0.4844204187
16.8 -668.9 2414.1 0.9953889847 0.0615399703 0.0735770538 -0.0083026532 0.8194605112 -0.5730754733 -0.0955605358 0.5698221326 0.8161929250
217.5 -507.9 2697.6 0.9908783436 -0.1329525411 0.0219943635 -0.0019536559 -0.1773672700 -0.9841427803 0.1347453594 0.9751228094 -0.1760091335
267.6 -441.0 2329.6 0.9908783436 0.0096207680 -0.1344156712 -0.0019536559 0.9983690381 0.0570561588 0.1347453594 -0.0562731102 0.9892810583
-106.7 -506.0 2423.9 0 0 0 0 0 0 0 0 0
250.6 -9.1 2574.3 0 0 0 0 0 0 0 0 0
-5.2 -961.0 2211.1 0 0 0 0 0 0 0 0 0
264.1 -813.0 2350.5 0 0 0 0 0 0 0 0 0
134.8 79.5 2686.9 9 0.9995764494 -0.0019268238 -0.0290386640 0.0021851854 0.9999582767 0.0088680554 0.0290203653 -0.0089277541 0.9995389581
135.2 -120.2 2688.6 0.9995764494 -0.0019268238 -0.0290386640 0.0021851854 0.9999582767 0.0088680554 0.0290203653 -0.0089277541 0.9995389581
137.3 -312.9 2692.2 0.9995415211 -0.0084334165 -0.0290787425 0.0089188376 0.9998223782 0.0166042354 0.0289335456 -0.0168559719 0.9994391799
-0.9 -120.1 2685.0 0.3381272554 -0.9159272313 -0.2162110507 0.9290104508 0.3615624607 -0.0788172036 0.1503646225 -0.1742120683 0.9731601477
-91.9 -370.1 2644.5 0.0285655111 -0.9159272313 -0.4003264606 0.4916994274 0.3615624607 -0.7921516895 0.8702962995 -0.1742120683 0.4606891274
271.3 -120.3 2692.3 0.3151673973 0.9461126924 0.0744332448 -0.7174136639 0.2888572812 -0.6339393258 -0.6212786436 0.1463975757 0.7697925568
333.5 -261.9 2569.6 -0.2972278297 0.9461126924 0.1285550296 0.9540312290 0.2888572812 0.0799119845 0.0384716876 0.1463975757 -0.9884774685
49.8 -507.9 2693.0 0.9968010783 0.0656936616 0.0455184467 -0.0029489566 0.5993771553 -0.8004613519 -0.0798679516 0.7977665067 0.5976535082
26.4 -721.2 2409.0 0.9969153404 0.0524004214 0.0584296361 -0.0013343070 0.7556810379 -0.6549384594 -0.0784732178 0.6528401971 0.7534199357
225.0 -507.7 2702.9 0.9950861931 -0.0907803625 0.0395267569 0.0139731597 -0.2664586902 -0.9637450576 0.0980213732 0.9595617056 -0.2638808787
259.6 -406.2 2337.3 0.9950861931 -0.0106405709 -0.0984388962 0.0139731597 0.9993501306 0.0332271270 0.0980213732 -0.0344393589 0.9945882559
-99.5 -500.1 2414.4 0 0 0 0 0 0 0 0 0
253.4 -4.9 2580.0 0 0 0 0 0 0 0 0 0
7.4 -995.5 2172.1 0 0 0 0 0 0 0 0 0
263.6 -778.8 2350.2 0 0 0 0 0 0 0 0 0
136.2 81.1 2690.4 0 0.9988558292 -0.0013876313 -0.0478033461 0.0014509555 0.9999980927 0.0012900076 0.0478014685 -0.0013578922 0.9988559484
136.4 -118.1 2690.7 0.9988558292 -0.0013876313 -0.0478033461 0.0014509555 0.9999980927 0.0012900076 0.0478014685 -0.0013578922 0.9988559484
138.2 -310.9 2693.4 0.9988312721 -0.0068398011 -0.0478470139 0.0074173943 0.9999016523 0.0119045433 0.0477608815 -0.0122455303 0.9987837076
0.4 -117.9 2684.5 0.3364244103 -0.9120273590 -0.2345735878 0.9278246760 0.3636341691 -0.0831357315 0.1611210257 -0.1896742731 0.9685368538
-90.1 -367.6 2641.1 0.0128214713 -0.9120273590 -0.4099289477 0.4875276685 0.3636341691 -0.7937802076 0.8730133772 -0.1896742731 0.4493008852
272.4 -118.4 2696.9 0.3258796632 0.9435600042 0.0591354407 -0.7148890495 0.2868683636 -0.6376834512 -0.6186566949 0.1655327976 0.7680252790
336.8 -259.6 2574.7 -0.2966817617 0.9435600042 0.1472225934 0.9542428255 0.2868683636 0.0844227672 0.0374244377 0.1655327976 -0.9854939580
51.3 -507.3 2689.2 0.9804884791 0.1612146050 0.1124819592 0.0415084846 0.3895092010 -0.9200867414 -0.1921441853 0.9068034291 0.3752174973
-6.9 -647.9 2361.9 0.9804884791 0.0275696702 0.1946336478 0.0415084846 0.9387546182 -0.3420772552 -0.1921441853 0.3434817791 0.9192937016
227.3 -505.1 2702.4 0.9962353110 -0.0847997665 -0.0180058926 0.0050092419 0.2636667788 -0.9646008015 0.0865454823 0.9608792067 0.2630989552
255.4 -592.5 2383.7 0.9962353110 -0.0361766443 -0.0787811130 0.0050092419 0.9312689304 -0.3642980158 0.0865454823 0.3625319302 0.9279442430
-93.5 -496.5 2410.3 0 0 0 0 0 0 0 0 0
256.8 -2.5 2584.8 0 0 0 0 0 0 0 0 0
-16.4 -971.7 2243.4 0 0 0 0 0 0 0 0 0
267.8 -911.7 2259.5 0 0 0 0 0 0 0 0 0
138.3 83.1 2693.2 1 0.9989834428 0.0036767847 -0.0449278392 -0.0039707776 0.9999712706 -0.0064561791 0.0449028127 0.0066280146 0.9989693761
137.6 -115.8 2691.9 0.9989834428 0.0036767847 -0.0449278392 -0.0039707776 0.9999712706 -0.0064561791 0.0449028127 0.0066280146 0.9989693761
138.4 -308.6 2692.8 0.9989891648 -0.0017348843 -0.0449186079 0.0018739429 0.9999935627 0.0030538661 0.0449130200 -0.0031349540 0.9989860058
1.6 -114.8 2686.1 0.3416503966 -0.9106866121 -0.2322172970 0.9245864153 0.3700056970 -0.0907508582 0.1685673147 -0.1836998910 0.9684211016
-90.4 -363.6 2640.7 0.0178327989 -0.9106866121 -0.4127128124 0.4794860184 0.3700056970 -0.7957317233 0.8773683310 -0.1836998910 0.4432597458
273.6 -116.8 2697.7 0.3204237223 0.9454933405 0.0580605753 -0.7108833194 0.2805199325 -0.6449445486 -0.6260779500 0.1653812379 0.7620206475
336.9 -257.2 2574.0 -0.2916640043 0.9454933405 0.1448257715 0.9553672671 0.2805199325 0.0926389545 0.0469629988 0.1653812379 -0.9851109385
51.0 -505.4 2689.6 0.9735565782 0.2113986909 0.0865919590 0.0434788577 0.2006546855 -0.9786967039 -0.2242702991 0.9565815926 0.1861573160
-25.1 -577.7 2344.9 0.9735565782 -0.0126231676 0.2280969769 0.0434788577 0.9904599786 -0.1307618618 -0.2242702991 0.1372214705 0.9648176432
228.4 -503.8 2702.2 0.9964417219 -0.0830870718 -0.0141562857 0.0027260964 0.1996417493 -0.9798651934 0.0842403099 0.9763399363 0.1991578788
258.3 -575.5 2351.4 0.9964417219 -0.0176205039 -0.0824219584 0.0027260964 0.9841289520 -0.1774339229 0.0842403099 0.1765778810 0.9806751609
-95.1 -490.4 2408.8 0 0 0 0 0 0 0 0 0
258.3 0.2 2586.7 0 0 0 0 0 0 0 0 0
-20.7 -925.7 2296.7 0 0 0 0 0 0 0 0 0
264.5 -921.7 2289.3 0 0 0 0 0 0 0 0 0
139.3 81.8 2694.1 2 0.9980174303 0.0066710887 -0.0625835359 -0.0071062800 0.9999520779 -0.0067337533 0.0625356138 0.0071651395 0.9980170131
137.9 -118.0 2692.6 0.9980174303 0.0066710887 -0.0625835359 -0.0071062800 0.9999520779 -0.0067337533 0.0625356138 0.0071651395 0.9980170131
138.3 -310.8 2693.5 0.9980417490 0.0004682667 -0.0625495464 -0.0002945446 0.9999960661 0.0027865432 0.0625506043 -0.0027626627 0.9980379939
2.1 -116.7 2684.4 0.3406045437 -0.9065032601 -0.2494801879 0.9237867594 0.3720336556 -0.0906033218 0.1749472320 -0.1996065825 0.9641320705
-89.6 -365.3 2637.4 0.0033631453 -0.9065032601 -0.4221853912 0.4791266918 0.3720336556 -0.7950022221 0.8777393103 -0.1996065825 0.4355811179
273.8 -119.3 2700.8 0.3299044669 0.9430249929 0.0432071500 -0.7113437057 0.2784221172 -0.6453458667 -0.6206070781 0.1821673363 0.7626675963
339.0 -259.8 2578.3 -0.2903956473 0.9430249929 0.1624013186 0.9559761882 0.2784221172 0.0926857665 0.0421888754 0.1821673363 -0.9823620319
49.7 -502.7 2688.5 0.9663783312 0.2418228835 0.0873762816 0.0621897727 0.1099066287 -0.9919944406 -0.2494901866 0.9640758634 0.0911724716
-40.2 -543.6 2329.9 0.9663783312 -0.0586539246 0.2503450513 0.0621897727 0.9980449080 -0.0062297853 -0.2494901866 0.0215892307 0.9681366086
227.9 -502.2 2698.5 0.9926993251 -0.1132720932 -0.0414430089 -0.0312046614 0.0907111168 -0.9953882694 0.1165090501 0.9894144535 0.0865142420
268.7 -534.9 2342.1 0.9926993251 0.0240780301 -0.1181877255 -0.0312046614 0.9977805614 -0.0588238500 0.1165090501 0.0620824024 0.9912474155
-90.5 -492.0 2405.3 0 0 0 0 0 0 0 0 0
260.7 -2.2 2589.7 0 0 0 0 0 0 0 0 0
-19.1 -902.6 2322.2 0 0 0 0 0 0 0 0 0
260.0 -894.1 2319.8 0 0 0 0 0 0 0 0 0
140.3 80.1 2693.5 3 0.9991140366 0.0113064600 -0.0405380018 -0.0115571395 0.9999154806 -0.0059548002 0.0404672474 0.0064180274 0.9991602302
138.0 -119.4 2692.2 0.9991140366 0.0113064600 -0.0405380018 -0.0115571395 0.9999154806 -0.0059548002 0.0404672474 0.0064180274 0.9991602302
137.4 -312.1 2693.0 0.9991645813 0.0057210303 -0.0404644907 -0.0056172065 0.9999806285 0.0026790348 0.0404790342 -0.0024494994 0.9991773963
2.0 -117.3 2687.1 0.3492914140 -0.9087029696 -0.2285923511 0.9218896031 0.3769257069 -0.0897028223 0.1676755548 -0.1794044822 0.9693806767
-92.0 -365.4 2641.9 0.0253041331 -0.9087029696 -0.4166757166 0.4787156880 0.3769257069 -0.7929428220 0.8776052594 -0.1794044822 0.4445481300
274.1 -121.4 2697.4 0.3123253584 0.9482864141 0.0566196591 -0.7128107548 0.2733347416 -0.6459016204 -0.6279758811 0.1613723636 0.7613181472
335.7 -262.2 2573.4 -0.2843083441 0.9482864141 0.1411442161 0.9574847817 0.2733347416 0.0922552571 0.0489047840 0.1613723636 -0.9856811166
49.1 -504.8 2688.0 0.9662652016 0.2486027479 0.0672922432 0.0552431270 0.0551379472 -0.9969493747 -0.2515546978 0.9670348763 0.0395442881
-43.7 -525.4 2327.0 0.9662652016 -0.0628512874 0.2497624606 0.0552431270 0.9977736473 0.0373628922 -0.2515546978 -0.0223048050 0.9675860405
227.5 -504.8 2700.2 0.9894841313 -0.1331874877 -0.0564114600 -0.0534482598 0.0257226136 -0.9982392788 0.1344040334 0.9907569885 0.0183334779
276.0 -514.1 2339.5 0.9894841313 0.0516180247 -0.1351175010 -0.0534482598 0.9985210299 -0.0099507682 0.1344040334 0.0170679223 0.9907796383
-98.7 -492.0 2409.9 0 0 0 0 0 0 0 0 0
259.1 -4.2 2586.6 0 0 0 0 0 0 0 0 0
-20.7 -890.7 2335.2 0 0 0 0 0 0 0 0 0
257.1 -879.8 2333.3 0 0 0 0 0 0 0 0 0
140.7 81.1 2694.2 4 0.9994758368 0.0194730628 -0.0258616116 -0.0196691267 0.9997795224 -0.0073486255 0.0257128105 0.0078534493 0.9996384978
136.8 -117.8 2692.7 0.9994758368 0.0194730628 -0.0258616116 -0.0196691267 0.9997795224 -0.0073486255 0.0257128105 0.0078534493 0.9996384978
134.2 -310.6 2693.1 0.9995406866 0.0160366707 -0.0257139802 -0.0160171501 0.9998712540 0.0009649547 0.0257261433 -0.0005526468 0.9996688962
0.8 -114.3 2689.5 0.3612485826 -0.9072957635 -0.2152066231 0.9178751111 0.3866676092 -0.0894062445 0.1643313318 -0.1652349085 0.9724673033
-96.4 -361.4 2645.3 0.0431817658 -0.9072957635 -0.4182699621 0.4765556157 0.3866676092 -0.7895460129 0.8780831695 -0.1652349085 0.4490738809
272.9 -121.3 2695.9 0.2956461012 0.9533392191 0.0611365102 -0.7146554589 0.2631865740 -0.6480743885 -0.6339250803 0.1479091346 0.7591191530
331.3 -262.4 2570.7 -0.2736292779 0.9533392191 0.1275590062 0.9602620006 0.2631865740 0.0928959996 0.0549895838 0.1479091346 -0.9874710441
46.9 -505.7 2689.7 0.9672808051 0.2473125011 0.0566068999 0.0516371280 0.0265405457 -0.9983131886 -0.2483977079 0.9685721993 0.0129016535
-46.3 -515.7 2324.5 0.9672808051 -0.0644623786 0.2453821898 0.0516371280 0.9969596267 0.0583529957 -0.2483977079 -0.0437729023 0.9676685929
225.7 -506.7 2697.4 0.9877224565 -0.1447855383 -0.0586647689 -0.0615772195 -0.0157130137 -0.9979786277 0.1435710788 0.9893382788 -0.0244355872
277.7 -501.1 2342.3 0.9877224565 0.0607268065 -0.1439328343 -0.0615772195 0.9981012344 -0.0014569145 0.1435710788 0.0103020109 0.9895864129
-107.9 -487.4 2413.1 0 0 0 0 0 0 0 0 0
257.5 -3.7 2585.5 0 0 0 0 0 0 0 0 0
-22.5 -884.3 2340.7 0 0 0 0 0 0 0 0 0
255.2 -870.1 2338.5 0 0 0 0 0 0 0 0 0
140.3 80.6 2685.6 5 0.9996942282 0.0236527268 -0.0072145830 -0.0235089269 0.9995352626 0.0194047801 0.0076702065 -0.0192292389 0.9997856617
135.6 -118.4 2689.4 0.9996942282 0.0236527268 -0.0072145830 -0.0235089269 0.9995352626 0.0194047801 0.0076702065 -0.0192292389 0.9997856617
132.1 -311.1 2694.3 0.9997639656 0.0205269512 -0.0071156286 -0.0203517098 0.9995076060 0.0238822661 0.0076023550 -0.0237318128 0.9996894598
-0.5 -114.4 2688.7 0.3683724403 -0.9084606767 -0.1974864453 0.9195917249 0.3872662187 -0.0661507398 0.1365751773 -0.1572387964 0.9780711532
-99.6 -361.8 2651.9 0.0616486557 -0.9084606767 -0.4133988321 0.4962320924 0.3872662187 -0.7770318985 0.8659983873 -0.1572387964 0.4746817946
271.7 -122.5 2690.2 0.2805849910 0.9571005702 0.0723225102 -0.7303703427 0.2617892921 -0.6308926344 -0.6227609515 0.1241967902 0.7724920511
327.1 -266.7 2567.2 -0.2682315707 0.9571005702 0.1095915884 0.9626027942 0.2617892921 0.0697293803 0.0380481258 0.1241967902 -0.9915278554
41.6 -503.2 2690.8 0.9703382850 0.2349864542 0.0567889214 0.0528197289 0.0231561996 -0.9983355403 -0.2359103560 0.9717227817 0.0100574251
-47.3 -512.0 2323.2 0.9703382850 -0.0679439455 0.2320069820 0.0528197289 0.9960913062 0.0707968622 -0.2359103560 -0.0564423576 0.9701343179
220.6 -506.0 2695.7 0.9854519367 -0.1607196182 -0.0552603863 -0.0608596392 -0.0301233958 -0.9976916909 0.1586839855 0.9865403175 -0.0394664966
278.2 -495.3 2342.1 0.9854519367 0.0628695339 -0.1578984708 -0.0608596392 0.9979922771 0.0175369605 0.1586839855 -0.0076721874 0.9872996211
-115.9 -493.0 2423.0 0 0 0 0 0 0 0 0 0
254.8 -7.4 2577.5 0 0 0 0 0 0 0 0 0
-22.0 -882.0 2344.1 0 0 0 0 0 0 0 0 0
254.8 -866.0 2345.0 0 0 0 0 0 0 0 0 0
141.4 80.8 2689.8 6 0.9995660186 0.0289613567 0.0053897309 -0.0290171951 0.9995228648 0.0105875488 -0.0050805290 -0.0107393488 0.9999294281
135.6 -117.9 2691.9 0.9995660186 0.0289613567 0.0053897309 -0.0290171951 0.9995228648 0.0105875488 -0.0050805290 -0.0107393488 0.9999294281
131.4 -310.6 2695.8 0.9996877313 0.0243527368 0.0056003258 -0.0244524460 0.9995300770 0.0184839722 -0.0051475586 -0.0186151415 0.9998134971
-0.4 -113.3 2692.9 0.3738607466 -0.9087659717 -0.1853982955 0.9173333049 0.3918000162 -0.0706565380 0.1368493140 -0.1436563283 0.9801199436
-101.1 -360.1 2656.1 0.0746216774 -0.9087659717 -0.4105800688 0.4912694097 0.3918000162 -0.7779120207 0.8678052425 -0.1436563283 0.4756857157
271.7 -122.5 2690.9 0.2696848214 0.9596645832 0.0794604272 -0.7281124592 0.2572224140 -0.6353651881 -0.6301764846 0.1134922132 0.7681127191
324.9 -266.3 2566.5 -0.2637529969 0.9596645832 0.0973561332 0.9634634256 0.2572224140 0.0746650770 0.0466112494 0.1134922132 -0.9924449325
38.6 -503.2 2698.2 0.9732853174 0.2219174802 0.0588926412 0.0558921173 0.0197823960 -0.9982408285 -0.2226921320 0.9748647809 0.0068504773
-47.6 -510.9 2319.5 0.9732853174 -0.0744076148 0.2172077745 0.0558921173 0.9943555593 0.0901839137 -0.2226921320 -0.0756344795 0.9719504118
217.7 -506.9 2699.7 0.9850937724 -0.1655479223 -0.0467343330 -0.0538718738 -0.0388877243 -0.9977903366 0.1633647382 0.9854347110 -0.0472264327
278.0 -492.7 2340.5 0.9850937724 0.0595705025 -0.1613740027 -0.0538718738 0.9977676868 0.0394652821 0.1633647382 -0.0301834848 0.9861038923
-120.8 -490.0 2426.7 0 0 0 0 0 0 0 0 0
253.9 -6.7 2579.1 0 0 0 0 0 0 0 0 0
-19.9 -881.1 2347.7 0 0 0 0 0 0 0 0 0
255.8 -864.2 2351.7 0 0 0 0 0 0 0 0 0
141.1 79.5 2691.9 7 0.9996607900 0.0250817165 0.0070160409 -0.0251027644 0.9996805787 0.0029281690 -0.0069403565 -0.0031032977 0.9999710917
136.1 -119.4 2692.5 0.9996607900 0.0250817165 0.0070160409 -0.0251027644 0.9996805787 0.0029281690 -0.0069403565 -0.0031032977 0.9999710917
132.5 -312.1 2695.4 0.9997568130 0.0208246242 0.0072529609 -0.0209194049 0.9996933937 0.0132468250 -0.0069748769 -0.0133953318 0.9998859763
-0.0 -115.3 2693.7 0.3708845079 -0.9103761911 -0.1834662557 0.9179065228 0.3893607855 -0.0764581189 0.1410402209 -0.1400477439 0.9800481200
-99.8 -362.3 2655.8 0.0743934363 -0.9103761911 -0.4070390761 0.4869588614 0.3893607855 -0.7818371058 0.8702509403 -0.1400477439 0.4722816348
272.1 -123.5 2691.2 0.2711469829 0.9589526057 0.0830014274 -0.7238391638 0.2599857748 -0.6391121149 -0.6344574094 0.1132136509 0.7646217942
325.7 -266.5 2566.0 -0.2670407295 0.9589526057 0.0953895822 0.9622742534 0.2599857748 0.0802226514 0.0521297865 0.1132136509 -0.9922021627
37.2 -502.4 2699.9 0.9738253951 0.2201611847 0.0565083064 0.0540263392 0.0172832590 -0.9983898997 -0.2207833529 0.9753103852 0.0049363733
-49.0 -509.1 2318.1 0.9738253951 -0.0744143352 0.2147711366 0.0540263392 0.9935905337 0.0992924869 -0.2207833529 -0.0850902423 0.9716039896
216.2 -506.7 2699.0 0.9858329892 -0.1643762141 -0.0333725512 -0.0418814868 -0.0485733896 -0.9979411364 0.1624167711 0.9852010608 -0.0547695719
275.6 -489.2 2343.1 0.9858329892 0.0444979928 -0.1617195010 -0.0418814868 0.9989312291 0.0195541047 0.1624167711 -0.0125040291 0.9866430163
-119.5 -491.0 2425.7 0 0 0 0 0 0 0 0 0
253.7 -7.2 2580.0 0 0 0 0 0 0 0 0 0
-21.3 -879.5 2349.9 0 0 0 0 0 0 0 0 0
259.0 -861.5 2347.8 0 0 0 0 0 0 0 0 0
140.4 79.9 2682.9 8 0.9996550679 0.0201709829 0.0168181192 -0.0206141509 0.9994333982 0.0266075041 -0.0162718911 -0.0269450191 0.9995044470
136.4 -119.3 2688.3 0.9996550679 0.0201709829 0.0168181192 -0.0206141509 0.9994333982 0.0266075041 -0.0162718911 -0.0269450191 0.9995044470
133.9 -312.0 2694.3 0.9997385144 0.0154407099 0.0168667044 -0.0159310475 0.9994426966 0.0293345880 -0.0164043587 -0.0295956209 0.9994273186
0.3 -115.8 2690.8 0.3674047887 -0.9137231708 -0.1735617071 0.9219315648 0.3824155033 -0.0616485178 0.1227023676 -0.1373620629 0.9828915596
-98.6 -363.9 2657.8 0.0802584663 -0.9137231708 -0.3983321786 0.5012405515 0.3824155033 -0.7762192488 0.8615779281 -0.1373620629 0.4886871576
272.4 -122.8 2685.8 0.2687893212 0.9586247206 0.0937599018 -0.7325398326 0.2666557729 -0.6263226271 -0.6254100204 0.0996659696 0.7739050388
325.5 -267.4 2562.3 -0.2715759575 0.9586247206 0.0853528827 0.9616131186 0.2666557729 0.0647683218 0.0393286720 0.0996659696 -0.9942433834
38.9 -504.3 2698.6 0.9718061090 0.2280503809 0.0598827042 0.0592252761 0.0097314660 -0.9981971979 -0.2282219976 0.9736006856 -0.0040492476
-50.4 -508.1 2317.1 0.9718061090 -0.0806231648 0.2215689868 0.0592252761 0.9930622578 0.1015861332 -0.2282219976 -0.0855995342 0.9698388577
218.1 -508.0 2697.4 0.9870778322 -0.1569756120 -0.0321873426 -0.0405804738 -0.0505585261 -0.9978963137 0.1550180465 0.9863075018 -0.0562753454
274.6 -489.8 2342.0 0.9870778322 0.0442566536 -0.1540088207 -0.0405804738 0.9988132119 0.0269338023 0.1550180465 -0.0203360077 0.9877023101
-119.8 -496.5 2430.0 0 0 0 0 0 0 0 0 0
252.4 -8.3 2572.9 0 0 0 0 0 0 0 0 0
-20.3 -878.6 2349.0 0 0 0 0 0 0 0 0 0
258.1 -862.4 2349.6 0 0 0 0 0 0 0 0 0
138.8 76.3 2679.9 9 0.9983614087 0.0352482982 0.0450777151 -0.0368157923 0.9987288117 0.0344289020 -0.0438068546 -0.0360320583 0.9983900189
131.8 -122.4 2687.1 0.9983614087 0.0352482982 0.0450777151 -0.0368157923 0.9987288117 0.0344289020 -0.0438068546 -0.0360320583 0.9983900189
126.2 -314.9 2694.9 0.9984726310 0.0317942016 0.0451837368 -0.0335033983 0.9987315536 0.0375876874 -0.0439313538 -0.0390440859 0.9982712865
-4.0 -116.5 2693.4 0.3864766061 -0.9104820490 -0.1471675038 0.9164003134 0.3971027434 -0.0501987748 0.1041457057 -0.1154636890 0.9878369570
-108.0 -363.2 2665.3 0.1128186882 -0.9104820490 -0.3978622854 0.5071193576 0.3971027434 -0.7649440169 0.8544600010 -0.1154636890 0.5065236688
267.7 -128.2 2680.9 0.2386392951 0.9654710889 0.1044835970 -0.7424412370 0.2507404089 -0.6212167740 -0.6259650588 0.0706738010 0.7766420841
314.8 -274.8 2557.3 -0.2538005710 0.9654710889 0.0587435439 0.9665043354 0.2507404089 0.0547591634 0.0381390080 0.0706738010 -0.9967700839
41.3 -504.5 2701.5 0.9705141187 0.2335379571 0.0596853271 0.0583726279 0.0125350002 -0.9982161522 -0.2338695228 0.9722669125 -0.0014668290
-51.3 -509.5 2315.6 0.9705141187 -0.0838259384 0.2259989530 0.0583726279 0.9914084673 0.1170549020 -0.2338695228 -0.1004112810 0.9670690894
220.5 -507.4 2698.6 0.9887845516 -0.1468673944 -0.0271120872 -0.0358091146 -0.0568999909 -0.9977374673 0.1449924260 0.9875183105 -0.0615210235
273.4 -486.9 2342.8 0.9887845516 0.0369892120 -0.1446958780 -0.0358091146 0.9993007779 0.0107525615 0.1449924260 -0.0054505356 0.9894177318
-137.9 -497.2 2439.4 0 0 0 0 0 0 0 0 0
246.4 -14.5 2567.5 0 0 0 0 0 0 0 0 0
-20.1 -879.4 2353.1 0 0 0 0 0 0 0 0 0
259.6 -859.7 2344.8 0 0 0 0 0 0 0 0 0
137.8 72.3 2678.0 0 0.9987036586 0.0289729126 0.0418512225 -0.0303778667 0.9989824891 0.0333336517 -0.0408428684 -0.0345617905 0.9985676408
132.1 -126.6 2684.8 0.9987036586 0.0289729126 0.0418512225 -0.0303778667 0.9989824891 0.0333336517 -0.0408428684 -0.0345617905 0.9985676408
127.3 -319.2 2691.8 0.9987563491 0.0270795971 0.0418625697 -0.0285009854 0.9990242124 0.0337381363 -0.0409081094 -0.0348893031 0.9985535741
-3.8 -121.4 2690.7 0.3817046583 -0.9120270014 -0.1500275135 0.9178244472 0.3931674659 -0.0549331494 0.1090864539 -0.1167306751 0.9871545434
-106.6 -368.4 2661.3 0.1076745838 -0.9120270014 -0.3957434595 0.5041730404 0.3931674659 -0.7689141035 0.8568639159 -0.1167306751 0.5021535754
268.0 -131.7 2679.0 0.2441988587 0.9640185237 0.1050487682 -0.7387235165 0.2551108301 -0.6238637567 -0.6282153130 0.0747448280 0.7744409442
316.2 -277.6 2554.9 -0.2585969865 0.9640185237 0.0616110265 0.9651038051 0.2551108301 0.0591027364 0.0412584916 0.0747448280 -0.9963487983
30.7 -505.7 2706.5 0.9761564732 0.2067556381 0.0661110952 0.0650887564 0.0117506832 -0.9978103042 -0.2070797533 0.9783220291 -0.0019869623
-52.2 -510.4 2314.5 0.9761564732 -0.0881383941 0.1983688325 0.0650887564 0.9906540513 0.1198668405 -0.2070797533 -0.1040972099 0.9727701545
209.5 -511.8 2698.6 0.9839850664 -0.1766822189 -0.0235972498 -0.0367143601 -0.0713439733 -0.9967758656 0.1744290441 0.9816789031 -0.0766881779
273.4 -486.0 2343.5 0.9839850664 0.0395660773 -0.1738043725 -0.0367143601 0.9991337061 0.0195934065 0.1744290441 -0.0128985019 0.9845852852
-135.0 -501.7 2434.8 0 0 0 0 0 0 0 0 0
246.5 -17.6 2566.1 0 0 0 0 0 0 0 0 0
-19.3 -880.2 2353.4 0 0 0 0 0 0 0 0 0
258.6 -858.8 2348.3 0 0 0 0 0 0 0 0 0
139.9 73.5 2686.5 1 0.9993549585 0.0297084842 0.0201750416 -0.0299375542 0.9994896054 0.0111485776 -0.0198335368 -0.0117453774 0.9997342825
134.0 -124.7 2688.8 0.9993549585 0.0297084842 0.0201750416 -0.0299375542 0.9994896054 0.0111485776 -0.0198335368 -0.0117453774 0.9997342825
130.0 -317.4 2692.7 0.9995246530 0.0231513977 0.0203601867 -0.0235219039 0.9995585680 0.0181503613 -0.0199309923 -0.0186206438 0.9996279478
-2.0 -120.2 2691.8 0.3749948442 -0.9111516476 -0.1708262116 0.9176338315 0.3910042048 -0.0711608827 0.1316321194 -0.1300709397 0.9827281237
-103.0 -367.2 2656.4 0.0869860128 -0.9111516476 -0.4027855098 0.4910444319 0.3910042048 -0.7784543037 0.8667806983 -0.1300709397 0.4814278185
270.0 -129.2 2685.8 0.2610137761 0.9609991312 0.0913917124 -0.7276479602 0.2580754459 -0.6355513334 -0.6343502402 0.0993866622 0.7666303515
321.6 -272.9 2560.5 -0.2639253438 0.9609991312 0.0826078281 0.9632021189 0.2580754459 0.0750918016 0.0508441031 0.0993866622 -0.9937490225
32.7 -510.5 2702.3 0.9772648215 0.2061643749 0.0494949222 0.0517364182 -0.0054921773 -0.9986456633 -0.2056133151 0.9785019755 -0.0160335172
-48.1 -508.3 2319.0 0.9772648215 -0.0694860145 0.2003127337 0.0517364182 0.9943652153 0.0925267711 -0.2056133151 -0.0800596923 0.9753530622
211.6 -515.6 2695.0 0.9846672416 -0.1732532084 -0.0203406513 -0.0349121802 -0.0814778581 -0.9960635304 0.1709138751 0.9815012217 -0.0862772241
273.8 -486.4 2342.5 0.9846672416 0.0377274863 -0.1703145653 -0.0349121802 0.9992002249 0.0194958895 0.1709138751 -0.0132509116 0.9851968884
-125.9 -497.0 2427.2 0 0 0 0 0 0 0 0 0
250.5 -13.4 2574.2 0 0 0 0 0 0 0 0 0
-22.2 -879.3 2348.8 0 0 0 0 0 0 0 0 0
259.7 -859.3 2347.5 0 0 0 0 0 0 0 0 0
139.7 73.4 2680.2 2 0.9981629252 0.0265552159 0.0544576421 -0.0281897504 0.9991680980 0.0294694733 -0.0536297709 -0.0309504811 0.9980810881
134.4 -125.3 2686.4 0.9981629252 0.0265552159 0.0544576421 -0.0281897504 0.9991680980 0.0294694733 -0.0536297709 -0.0309504811 0.9980810881
130.1 -318.0 2692.8 0.9982120395 0.0245890059 0.0544805005 -0.0262703188 0.9991936684 0.0303626023 -0.0536899827 -0.0317395329 0.9980530739
-1.4 -120.5 2694.0 0.3811806738 -0.9142397642 -0.1373570561 0.9182368517 0.3916618228 -0.0586697012 0.1074356884 -0.1037625447 0.9887825251
-104.0 -367.6 2665.0 0.1175233945 -0.9142397642 -0.3877549469 0.5014226437 0.3916618228 -0.7714767456 0.8571835160 -0.1037625447 0.5044499040
270.2 -130.2 2678.8 0.2377068549 0.9643663764 0.1161593273 -0.7360282540 0.2568654716 -0.6263245940 -0.6338437200 0.0633851141 0.7708595991
317.2 -275.5 2553.6 -0.2600267231 0.9643663764 0.0488225035 0.9644120336 0.2568654716 0.0626862422 0.0479116887 0.0633851141 -0.9968383908
36.1 -509.3 2698.1 0.9726695418 0.2241197526 0.0606983863 0.0632689670 -0.0042993869 -0.9979872704 -0.2234077007 0.9745521545 -0.0183617081
-52.1 -507.6 2314.6 0.9726695418 -0.0880980045 0.2148317993 0.0632689670 0.9907751083 0.1198403388 -0.2234077007 -0.1029728577 0.9692706466
215.1 -513.5 2694.5 0.9861380458 -0.1639479399 -0.0255513564 -0.0382219143 -0.0746008009 -0.9964807034 0.1614648104 0.9836441278 -0.0798330903
273.7 -486.8 2342.6 0.9861380458 0.0392713919 -0.1612127721 -0.0382219143 0.9992231131 0.0096071763 0.1614648104 -0.0033121414 0.9868729115
-135.1 -500.2 2438.4 0 0 0 0 0 0 0 0 0
247.1 -15.7 2566.5 0 0 0 0 0 0 0 0 0
-19.3 -877.2 2353.0 0 0 0 0 0 0 0 0 0
259.1 -859.8 2343.8 0 0 0 0 0 0 0 0 0
138.9 72.3 2677.6 3 0.9989845157 0.0279751811 0.0353167318 -0.0293088593 0.9988543391 0.0378281549 -0.0342180207 -0.0388248339 0.9986599684
133.3 -126.8 2685.3 0.9989845157 0.0279751811 0.0353167318 -0.0293088593 0.9988543391 0.0378281549 -0.0342180207 -0.0388248339 0.9986599684
128.7 -319.4 2693.4 0.9990192652 0.0266467035 0.0353616700 -0.0280387364 0.9988272190 0.0394717082 -0.0342684090 -0.0404244922 0.9985947609
-2.6 -121.7 2690.3 0.3803837597 -0.9115095735 -0.1563919187 0.9186982512 0.3918589354 -0.0493968576 0.1063092798 -0.1248872280 0.9864590764
-105.0 -369.0 2661.7 0.1017812937 -0.9115095735 -0.3984856606 0.5091351271 0.3918589354 -0.7663080096 0.8546472788 -0.1248872280 0.5039654970
269.3 -132.0 2680.4 0.2487560213 0.9633449316 0.1004339308 -0.7421303988 0.2562049329 -0.6193557382 -0.6223848462 0.0795333982 0.7786600590
318.4 -278.5 2557.5 -0.2594954371 0.9633449316 0.0680342168 0.9651434422 0.2562049329 0.0534522794 0.0340622775 0.0795333982 -0.9962500930
