122.7 0.5 2959.3 0.9948073030 0.0357880220 0.0952767804 0.0135753946 0.8811138272 -0.4727093279 -0.1008670256 0.4715481102 0.8760526180
115.5 -176.5 2864.6 0.9948073030 0.0357880220 0.0952767804 0.0135753946 0.8811138272 -0.4727093279 -0.1008670256 0.4715481102 0.8760526180
109.1 -343.0 2765.0 0.9950601459 0.0329483077 0.0936469510 0.0199709162 0.8575956821 -0.5139365792 -0.0972445607 0.5132679939 0.8527013063
-20.4 -179.2 2877.9 0.4589075446 -0.8328838944 -0.3093675375 0.8744274974 0.3616917133 0.3233506083 -0.1574178487 -0.4189075232 0.8942796588
-129.2 -386.6 2915.2 -0.0051030349 -0.8328838944 -0.5534242392 0.7518543601 0.3616917133 -0.5512659550 0.6593095064 -0.4189075232 0.6243616343
251.4 -173.8 2851.3 0.5284149051 0.6970890760 0.4846075773 -0.8293118477 0.3016456366 0.4703741074 0.1817128956 -0.6504434943 0.7374982834
381.8 -378.5 2896.2 -0.2760270834 0.6970890760 0.6617218852 -0.7243638635 0.3016456366 -0.6199249625 -0.6317484379 -0.6504434943 0.4216837585
11.8 -509.2 2669.0 0.9781185389 0.2050443143 -0.0352268629 -0.0329900272 -0.0143184522 -0.9993531108 -0.2054160684 0.9786479473 -0.0072407261
-81.6 -502.7 2222.9 0.9781185389 0.0484193489 0.2023355365 -0.0329900272 0.9963328242 -0.0789462477 -0.2054160684 0.0705437288 0.9761289954
190.4 -507.9 2654.6 0.9610267878 -0.2738283575 0.0380201079 0.0382052548 -0.0046586324 -0.9992590547 0.2738025784 0.9617673159 0.0059846113
309.2 -505.9 2237.2 0.9610267878 -0.0450304337 -0.2727631927 0.0382052548 0.9988108873 -0.0302849282 0.2738025784 0.0186836403 0.9616044164
-127.9 -577.2 2748.1 0 0 0 0 0 0 0 0 0
311.8 -562.3 2735.8 0 0 0 0 0 0 0 0 0
-99.7 -874.5 2196.5 0 0 0 0 0 0 0 0 0
326.0 -878.7 2230.3 0 0 0 0 0 0 0 0 0
122.7 2.5 2969.1 0.9952944517 0.0334256217 0.0909490958 0.0145549215 0.8763948083 -0.4813733399 -0.0957975239 0.4804319739 0.8717843294
116.0 -173.8 2872.5 0.9952944517 0.0334256217 0.0909490958 0.0145549215 0.8763948083 -0.4813733399 -0.0957975239 0.4804319739 0.8717843294
109.3 -339.2 2771.1 0.9954077601 0.0344583131 0.0893088728 0.0174399521 0.8520702124 -0.5231368542 -0.0941238478 0.5222920179 0.8475563526
-20.0 -176.2 2885.3 0.4643966854 -0.8149422407 -0.3467057347 0.8764606118 0.3667288423 0.3119723499 -0.1270924658 -0.4487528503 0.8845724463
-130.3 -384.3 2915.5 0.0032685415 -0.8149422407 -0.5795329809 0.7772191167 0.3667288423 -0.5113124847 0.6292215586 -0.4487528503 0.6345873475
251.9 -171.4 2859.6 0.5249724388 0.7000759244 0.4840430021 -0.8330065608 0.3059163988 0.4609937370 0.1746539325 -0.6452199817 0.7437655330
381.5 -377.1 2902.7 -0.2767676115 0.7000759244 0.6582502127 -0.7167030573 0.3059163988 -0.6266992092 -0.6401065588 -0.6452199817 0.4170788229
13.6 -511.2 2674.1 0.9774190784 0.2093791217 -0.0285006966 -0.0240914430 -0.0235795341 -0.9994316697 -0.2099321485 0.9775502086 -0.0180028416
-83.3 -500.3 2221.6 0.9774190784 0.0401296876 0.2074644864 -0.0240914430 0.9965625405 -0.0792632326 -0.2099321485 0.0724752843 0.9750260711
191.9 -507.6 2656.7 0.9620323181 -0.2708564401 0.0336237364 0.0338924676 -0.0036865978 -0.9994186759 0.2708229423 0.9626126885 0.0056333672
310.0 -506.0 2236.9 0.9620323181 -0.0412480906 -0.2698006034 0.0338924676 0.9989172816 -0.0318671614 0.2708229423 0.0215130337 0.9623887539
-131.1 -581.4 2756.0 0 0 0 0 0 0 0 0 0
311.3 -559.0 2740.3 0 0 0 0 0 0 0 0 0
-98.3 -872.3 2194.6 0 0 0 0 0 0 0 0 0
325.4 -878.9 2228.8 0 0 0 0 0 0 0 0 0
121.0 -2.1 2962.1 0.9966716170 0.0321804620 0.0749005303 0.0076371823 0.8778889179 -0.4788034558 -0.0811624601 0.4777818620 0.8747211695
114.6 -178.5 2866.0 0.9966716170 0.0321804620 0.0749005303 0.0076371823 0.8778889179 -0.4788034558 -0.0811624601 0.4777818620 0.8747211695
108.5 -343.9 2764.6 0.9968245029 0.0311764572 0.0732730329 0.0118115917 0.8521017432 -0.5232428908 -0.0787489414 0.5224468112 0.8490276337
-21.6 -180.1 2876.8 0.4649487138 -0.8178550005 -0.3390219808 0.8694191575 0.3494980633 0.3492297828 -0.1671317965 -0.4571261406 0.8735574484
-130.3 -383.5 2915.9 0.0138418749 -0.8178550005 -0.5752578974 0.8061349988 0.3494980633 -0.4774907529 0.5915697217 -0.4571261406 0.6641392708
250.7 -176.9 2855.3 0.5174778104 0.7116837502 0.4751030505 -0.8358868957 0.3016457558 0.4585880041 0.1830568165 -0.6344415545 0.7509821057
378.5 -383.3 2900.5 -0.2708810866 0.7116837502 0.6481741071 -0.7154454589 0.3016457558 -0.6301964521 -0.6440195441 -0.6344415545 0.4274607897
13.4 -506.1 2678.2 0.9782501459 0.2045178413 -0.0346279927 -0.0325655043 -0.0134427696 -0.9993792176 -0.2048563659 0.9787705541 -0.0064901654
-82.0 -499.9 2221.6 0.9782501459 0.0476886556 0.2018723190 -0.0325655043 0.9964537024 -0.0775853172 -0.2048563659 0.0693237782 0.9763339758
191.8 -503.0 2661.3 0.9630677104 -0.2672858834 0.0325389840 0.0349717140 0.0043449919 -0.9993788600 0.2669785023 0.9636074901 0.0135319671
309.8 -504.9 2235.7 0.9630677104 -0.0410784632 -0.2661072910 0.0349717140 0.9990057945 -0.0276485980 0.2669785023 0.0173212439 0.9635468125
-133.8 -587.7 2766.0 0 0 0 0 0 0 0 0 0
309.7 -564.9 2737.0 0 0 0 0 0 0 0 0 0
-99.8 -871.8 2195.8 0 0 0 0 0 0 0 0 0
325.2 -877.9 2229.3 0 0 0 0 0 0 0 0 0
120.5 -1.0 2959.5 0.9945179820 0.0301873237 0.1001137719 0.0206661932 0.8817934394 -0.4711827636 -0.1025034115 0.4706687033 0.8763355613
114.4 -179.0 2864.5 0.9945179820 0.0301873237 0.1001137719 0.0206661932 0.8817934394 -0.4711827636 -0.1025034115 0.4706687033 0.8763355613
108.8 -345.1 2764.2 0.9947116971 0.0289064907 0.0985548049 0.0263623539 0.8555694222 -0.5170164108 -0.0992656127 0.5168803930 0.8502829075
-21.4 -182.6 2878.1 0.4815441966 -0.7815383673 -0.3966269493 0.8628298640 0.3433594406 0.3709836900 -0.1537523866 -0.5208666325 0.8396774530
-132.5 -381.6 2913.5 0.0033185373 -0.7815383673 -0.6238483191 0.8371895552 0.3433594406 -0.4256969988 0.5469027758 -0.5208666325 0.6554352045
250.3 -175.4 2850.9 0.5337355137 0.6939046979 0.4833452702 -0.8269212842 0.3086302876 0.4700516164 0.1769960225 -0.6505717039 0.7385315299
382.0 -379.5 2894.6 -0.2729898095 0.6939046979 0.6663128138 -0.7232854366 0.3086302876 -0.6177422404 -0.6342985630 -0.6505717039 0.4176382720
13.2 -510.4 2670.3 0.9777504206 0.2046863586 -0.0459086038 -0.0416796952 -0.0249263942 -0.9988200665 -0.2055891752 0.9785102010 -0.0158405285
-80.6 -499.0 2222.1 0.9777504206 0.0545926727 0.2025431842 -0.0416796952 0.9968494177 -0.0674835443 -0.2055891752 0.0575401299 0.9769453406
191.8 -508.3 2656.2 0.9620304108 -0.2702997327 0.0378886163 0.0366605334 -0.0095925229 -0.9992817640 0.2704690397 0.9627284408 0.0006810332
309.7 -504.1 2236.0 0.9620304108 -0.0401546285 -0.2699724138 0.0366605334 0.9991661310 -0.0179744251 0.2704690397 0.0073946114 0.9627002478
-133.3 -593.6 2775.1 0 0 0 0 0 0 0 0 0
312.7 -563.1 2733.6 0 0 0 0 0 0 0 0 0
-100.9 -871.1 2200.6 0 0 0 0 0 0 0 0 0
324.7 -877.1 2233.2 0 0 0 0 0 0 0 0 0
118.3 -4.8 2957.2 0.9949641824 0.0249458160 0.0970771760 0.0246924255 0.8776782155 -0.4786138237 -0.0971419364 0.4786006808 0.8726424575
113.3 -181.3 2861.0 0.9949641824 0.0249458160 0.0970771760 0.0246924255 0.8776782155 -0.4786138237 -0.0971419364 0.4786006808 0.8726424575
109.4 -346.4 2759.0 0.9951958060 0.0197595358 0.0958897546 0.0336478800 0.8507316709 -0.5245220661 -0.0919407681 0.5252286792 0.8459797502
-22.7 -185.9 2873.5 0.4759663641 -0.8025976419 -0.3595733941 0.8626416326 0.3464741409 0.3685173988 -0.1711883098 -0.4855848551 0.8572642207
-132.8 -385.5 2913.1 -0.0024112645 -0.8025976419 -0.5965158343 0.8121374249 0.3464741409 -0.4694554508 0.5834611654 -0.4855848551 0.6509841681
249.2 -176.7 2848.4 0.5378251076 0.6964751482 0.4750437438 -0.8251153827 0.3192301095 0.4661295712 0.1729993969 -0.6426620483 0.7463622689
382.0 -380.4 2891.1 -0.2639471292 0.6964751482 0.6672737598 -0.7188397050 0.3192301095 -0.6175448895 -0.6431185007 -0.6426620483 0.4163940847
14.2 -513.5 2672.7 0.9775992632 0.2061602473 -0.0423982777 -0.0365194269 -0.0322398506 -0.9988127351 -0.2072823942 0.9779869914 -0.0239888001
-80.8 -498.6 2222.2 0.9775992632 0.0511502400 0.2041649222 -0.0365194269 0.9965296984 -0.0747991726 -0.2072823942 0.0656676292 0.9760746956
192.3 -508.8 2654.9 0.9618928432 -0.2712402046 0.0345100686 0.0321824737 -0.0130259935 -0.9993970990 0.2715262175 0.9624235630 -0.0038004287
310.8 -503.1 2234.6 0.9618928432 -0.0345999300 -0.2712287605 0.0321824737 0.9993927479 -0.0133571038 0.2715262175 0.0041192900 0.9624222517
-132.2 -591.2 2765.4 0 0 0 0 0 0 0 0 0
315.0 -562.9 2727.9 0 0 0 0 0 0 0 0 0
-99.9 -870.6 2197.7 0 0 0 0 0 0 0 0 0
323.7 -876.2 2233.1 0 0 0 0 0 0 0 0 0
117.6 -5.5 2957.1 0.9954218268 0.0175532941 0.0939536989 0.0298800189 0.8765719533 -0.4803424180 -0.0907887667 0.4809506536 0.8720343113
114.1 -182.1 2860.2 0.9954218268 0.0175532941 0.0939536989 0.0298800189 0.8765719533 -0.4803424180 -0.0907887667 0.4809506536 0.8720343113
111.9 -346.8 2757.5 0.9955893755 0.0110085672 0.0931700468 0.0399989448 0.8485051394 -0.5276733041 -0.0848641917 0.5290726423 0.8443223238
-21.9 -187.6 2871.8 0.4634454250 -0.8255035877 -0.3221214116 0.8700063229 0.3548659086 0.3422851562 -0.1682477146 -0.4388781786 0.8826543093
-130.5 -391.4 2911.2 0.0169644393 -0.8255035877 -0.5641418695 0.7928552628 0.3548659086 -0.4954298437 0.6091738343 -0.4388781786 0.6605249643
250.1 -176.6 2848.6 0.5415562987 0.6989990473 0.4670300186 -0.8226323724 0.3261889517 0.4657002091 0.1731839776 -0.6363969445 0.7516689897
383.8 -379.8 2891.4 -0.2551988959 0.6989990473 0.6680372953 -0.7175397873 0.3261889517 -0.6154164672 -0.6480819583 -0.6363969445 0.4183165729
16.5 -514.6 2665.3 0.9755600095 0.2158509940 -0.0411223657 -0.0351242274 -0.0315528400 -0.9988847375 -0.2169077843 0.9759163857 -0.0232000910
-81.2 -500.3 2223.8 0.9755600095 0.0525765717 0.2133504152 -0.0351242274 0.9957799911 -0.0847849622 -0.2169077843 0.0752190500 0.9732898474
194.7 -508.6 2648.8 0.9625587463 -0.2687137425 0.0356878601 0.0359154828 -0.0040704231 -0.9993465543 0.2686834335 0.9632114768 0.0057329629
309.5 -506.8 2237.5 0.9625587463 -0.0415629707 -0.2678679228 0.0359154828 0.9990178347 -0.0259508099 0.2686834335 0.0153585728 0.9631060958
-134.8 -592.4 2756.9 0 0 0 0 0 0 0 0 0
319.0 -561.9 2726.9 0 0 0 0 0 0 0 0 0
-100.8 -872.0 2195.8 0 0 0 0 0 0 0 0 0
325.0 -879.7 2231.8 0 0 0 0 0 0 0 0 0
118.2 -2.8 2958.0 0.9945521355 0.0225056447 0.1017819718 0.0281739272 0.8820397258 -0.4703319371 -0.1003608629 0.4706372321 0.8766003847
113.6 -180.0 2863.5 0.9945521355 0.0225056447 0.1017819718 0.0281739272 0.8820397258 -0.4703319371 -0.1003608629 0.4706372321 0.8766003847
110.5 -346.0 2763.1 0.9947790504 0.0162000190 0.1007582173 0.0383608304 0.8555538058 -0.5162907839 -0.0945679918 0.5174604058 0.8504655361
-22.3 -185.2 2876.4 0.4637048542 -0.8078634739 -0.3637779653 0.8762473464 0.3574445546 0.3231469393 -0.1310281605 -0.4686042964 0.8736370206
-131.1 -390.9 2907.2 0.0164976493 -0.8078634739 -0.5891386867 0.8084973693 0.3574445546 -0.4675097466 0.5882684588 -0.4686042964 0.6590524912
249.5 -174.8 2850.6 0.5428694487 0.6931885481 0.4741122425 -0.8204637766 0.3172625899 0.4755876362 0.1792538315 -0.6471738815 0.7409682870
383.6 -377.3 2894.8 -0.2614288926 0.6931885481 0.6716729403 -0.7260877490 0.3172625899 -0.6100336313 -0.6359650493 -0.6471738815 0.4203740954
20.6 -515.1 2662.4 0.9732682109 0.2264139056 -0.0385455638 -0.0319069624 -0.0329088233 -0.9989489317 -0.2274444252 0.9734750986 -0.0248049293
-81.5 -500.2 2223.5 0.9732682109 0.0504035279 0.2240725458 -0.0319069624 0.9958342910 -0.0854166597 -0.2274444252 0.0759838447 0.9708220959
199.0 -507.9 2647.2 0.9650262594 -0.2596632540 0.0360454507 0.0361908749 -0.0042222762 -0.9993360043 0.2596430480 0.9656900167 0.0053228335
309.0 -506.1 2238.1 0.9650262594 -0.0433050953 -0.2585516572 0.0361908749 0.9988255501 -0.0322144143 0.2596430480 0.0217305478 0.9654601216
-135.3 -595.9 2758.0 0 0 0 0 0 0 0 0 0
317.2 -561.6 2733.4 0 0 0 0 0 0 0 0 0
-100.3 -872.0 2195.1 0 0 0 0 0 0 0 0 0
325.2 -879.0 2230.0 0 0 0 0 0 0 0 0 0
115.6 -4.6 2959.0 0.9967389107 0.0033777950 0.0806234479 0.0355408341 0.8786194921 -0.4761980772 -0.0724458322 0.4775105715 0.8756341934
114.9 -181.0 2863.1 0.9967389107 0.0033777950 0.0806234479 0.0355408341 0.8786194921 -0.4761980772 -0.0724458322 0.4775105715 0.8756341934
115.1 -346.5 2761.9 0.9967487454 -0.0010814215 0.0805650875 0.0429721884 0.8529618979 -0.5202012658 -0.0681563914 0.5219720602 0.8502351642
-21.2 -186.8 2872.5 0.4579084516 -0.8232460618 -0.3355380297 0.8757937551 0.3529278040 0.3292829096 -0.1526601464 -0.4446435571 0.8826023936
-128.4 -391.9 2908.2 0.0404997654 -0.8232460618 -0.5662381649 0.8177756667 0.3529278040 -0.4546261728 0.5741103888 -0.4446435571 0.6875240803
251.0 -175.1 2853.8 0.5413499475 0.7086589932 0.4524849951 -0.8191897273 0.3233256042 0.4736968875 0.1893895566 -0.6271068454 0.7555584311
384.7 -377.4 2900.6 -0.2414502800 0.7086589932 0.6629511714 -0.7240186930 0.3233256042 -0.6093090177 -0.6461414099 -0.6271068454 0.4350152910
18.3 -515.5 2671.1 0.9752690196 0.2179675400 -0.0366132297 -0.0306990929 -0.0304591395 -0.9990644455 -0.2188788354 0.9754806161 -0.0230144486
-81.7 -501.6 2223.9 0.9752690196 0.0461114682 0.2161576003 -0.0306990929 0.9967762232 -0.0741262063 -0.2188788354 0.0656571537 0.9735405445
196.5 -508.7 2654.2 0.9650937319 -0.2589085400 0.0395029001 0.0396027751 -0.0048320508 -0.9992038012 0.2588932812 0.9658897519 0.0055901152
308.7 -506.6 2235.4 0.9650937319 -0.0460320450 -0.2578277886 0.0396027751 0.9987627268 -0.0300770663 0.2588932812 0.0188164916 0.9657226205
-138.7 -599.3 2762.6 0 0 0 0 0 0 0 0 0
323.4 -561.1 2736.6 0 0 0 0 0 0 0 0 0
-98.9 -873.6 2199.4 0 0 0 0 0 0 0 0 0
325.9 -879.4 2228.4 0 0 0 0 0 0 0 0 0
114.0 -5.1 2956.5 0.9977200031 -0.0043809325 0.0673472285 0.0361750051 0.8771463633 -0.4788587093 -0.0569755286 0.4802031815 0.8753049374
114.9 -181.4 2860.0 0.9977200031 -0.0043809325 0.0673472285 0.0361750051 0.8771463633 -0.4788587093 -0.0569755286 0.4802031815 0.8753049374
116.8 -346.9 2758.5 0.9976566434 -0.0099124750 0.0676972568 0.0438356921 0.8523012996 -0.5212109685 -0.0525319725 0.5229571462 0.8507386446
-21.4 -187.4 2867.2 0.4540250301 -0.8316043019 -0.3198367953 0.8756422997 0.3501270413 0.3326583505 -0.1646566093 -0.4310978651 0.8871543407
-127.8 -392.6 2905.7 0.0588772669 -0.8316043019 -0.5522388816 0.8274440169 0.3501270413 -0.4390301406 0.5584530830 -0.4310978651 0.7087205052
251.1 -175.4 2852.8 0.5389841199 0.7181029320 0.4402547777 -0.8190045953 0.3246717751 0.4730958641 0.1967932433 -0.6155618429 0.7631225586
384.2 -377.7 2901.4 -0.2307752520 0.7181029320 0.6565599442 -0.7233701348 0.3246717751 -0.6093635559 -0.6507522464 -0.6155618429 0.4445280135
26.1 -515.9 2666.7 0.9709708691 0.2369537801 -0.0326879360 -0.0257876012 -0.0321629792 -0.9991499186 -0.2378036976 0.9709883928 -0.0251188446
-82.6 -501.2 2221.2 0.9709708691 0.0410775431 0.2356442958 -0.0257876012 0.9973788261 -0.0676055476 -0.2378036976 0.0595663190 0.9694850445
204.6 -508.3 2654.5 0.9694080353 -0.2423015535 0.0392174795 0.0380822308 -0.0093688574 -0.9992306828 0.2424825728 0.9701557755 0.0001451379
309.0 -504.2 2236.7 0.9694080353 -0.0433863737 -0.2415899038 0.0380822308 0.9989209175 -0.0265836325 0.2424825728 0.0165701043 0.9700142145
-142.7 -602.4 2764.1 0 0 0 0 0 0 0 0 0
325.6 -561.2 2736.2 0 0 0 0 0 0 0 0 0
-98.0 -873.5 2198.9 0 0 0 0 0 0 0 0 0
325.2 -877.1 2230.5 0 0 0 0 0 0 0 0 0
113.0 -3.7 2955.2  0.9955662489 -0.0088175703 0.0936487541 0.0513595045 0.8850451112 -0.4626632929 -0.0788038075 0.4654217064 0.8815739155
114.8 -181.7 2861.6 0.9955662489 -0.0088175703 0.0936487541 0.0513595045 0.8850451112 -0.4626632929 -0.0788038075 0.4654217064 0.8815739155
117.0 -348.7 2762.6 0.9954959154 -0.0111019649 0.0941520706 0.0575211421 0.8601658344 -0.5067602992 -0.0753603578 0.5098935962 0.8569301963
-21.1 -189.5 2871.9 0.4576956034 -0.8188626170 -0.3463795185 0.8785245419 0.3565821946 0.3178738654 -0.1367822587 -0.4497923553 0.8825969696
-127.4 -393.5 2903.7 0.0710107610 -0.8188626170 -0.5695801377 0.8405389190 0.3565821946 -0.4078522027 0.5370770693 -0.4497923553 0.7136070728
250.8 -173.9 2851.3 0.5553957224 0.6994135380 0.4498403072 -0.8078898191 0.3255954683 0.4912246466 0.1971032172 -0.6362454295 0.7458834052
387.9 -373.3 2899.9 -0.2340413630 0.6994135380 0.6753112674 -0.7367877960 0.3255954683 -0.5925633311 -0.6343251467 -0.6362454295 0.4391165674
29.4 -516.2 2661.7 0.9688854218 0.2447307855 -0.0369842350 -0.0297933090 -0.0330213271 -0.9990105033 -0.2457098812 0.9690285921 -0.0247025415
-82.2 -501.2 2219.7 0.9688854218 0.0444632545 0.2434830815 -0.0297933090 0.9975302219 -0.0636066273 -0.2457098812 0.0543733686 0.9678172469
208.1 -508.4 2652.3 0.9709251523 -0.2367937714 0.0351151004 0.0352327116 -0.0037362748 -0.9993721247 0.2367762923 0.9715527296 0.0047152434
309.1 -506.8 2237.8 0.9709251523 -0.0446890146 -0.2351749390 0.0352327116 0.9983985424 -0.0442611724 0.2367762923 0.0346884318 0.9709447622
-145.4 -606.7 2767.4 0 0 0 0 0 0 0 0 0
328.5 -560.3 2739.0 0 0 0 0 0 0 0 0 0
-98.8 -873.5 2199.4 0 0 0 0 0 0 0 0 0
325.8 -879.4 2224.9 0 0 0 0 0 0 0 0 0
112.1 -3.2 2955.1  0.9975499511 0.0029109160 0.0698974729 0.0301727802 0.8835259676 -0.4674092531 -0.0631168261 0.4683730900 0.8812734485
111.6 -181.0 2860.9 0.9975499511 0.0029109160 0.0698974729 0.0301727802 0.8835259676 -0.4674092531 -0.0631168261 0.4683730900 0.8812734485
111.4 -347.6 2761.4 0.9975606799 0.0011930759 0.0697941408 0.0347443596 0.8587135673 -0.5112767220 -0.0605431646 0.5124545097 0.8565774560
-24.6 -185.7 2869.1 0.4351028502 -0.8451462984 -0.3105047941 0.8887264729 0.3478181958 0.2986432314 -0.1443980038 -0.4058943391 0.9024405479
-128.1 -397.0 2903.5 0.0685595945 -0.8451462984 -0.5301200747 0.8236034513 0.3478181958 -0.4479953647 0.5630070567 -0.4058943391 0.7199116945
247.8 -176.3 2852.6 0.5336602926 0.7160951495 0.4499048889 -0.8210639358 0.3112451434 0.4785190821 0.2026344687 -0.6247673035 0.7540590763
379.5 -378.9 2902.6 -0.2415818721 0.7160951495 0.6548632979 -0.7292436361 0.3112451434 -0.6093686819 -0.6401889920 -0.6247673035 0.4470166266
30.1 -520.7 2670.4 0.9689422846 0.2453483641 -0.0309043415 -0.0214832537 -0.0409833826 -0.9989288449 -0.2463521212 0.9685683250 -0.0344396494
-84.2 -501.7 2219.4 0.9689422846 0.0367091745 0.2445472032 -0.0214832537 0.9976772666 -0.0646414235 -0.2463521212 0.0573801361 0.9674803019
208.4 -510.5 2656.9 0.9717904925 -0.2324219346 0.0400407501 0.0390734263 -0.0087661622 -0.9991979003 0.2325865179 0.9725755453 0.0005626486
308.5 -506.7 2237.9 0.9717904925 -0.0455490462 -0.2314054966 0.0390734263 0.9987078905 -0.0324927755 0.2325865179 0.0225343648 0.9723145962
-145.5 -605.9 2760.7 0 0 0 0 0 0 0 0 0
318.2 -564.0 2740.1 0 0 0 0 0 0 0 0 0
-97.9 -874.1 2198.0 0 0 0 0 0 0 0 0 0
325.5 -879.5 2229.5 0 0 0 0 0 0 0 0 0
110.7 -4.2 2956.0  0.9972448349 0.0056767953 0.0739632770 0.0305422433 0.8772136569 -0.4791277051 -0.0676015094 0.4800666273 0.8746234179
109.6 -181.2 2859.2 0.9972448349 0.0056767953 0.0739632770 0.0305422433 0.8772136569 -0.4791277051 -0.0676015094 0.4800666273 0.8746234179
109.2 -346.1 2756.9 0.9972743392 0.0018686296 0.0737592727 0.0372978412 0.8497777581 -0.5258199573 -0.0636615530 0.5271378160 0.8473918438
-26.6 -186.3 2867.9 0.4298947453 -0.8464922905 -0.3140721023 0.8883423805 0.3343883753 0.3146938086 -0.1613638103 -0.4142887890 0.8957268000
-127.2 -394.2 2905.6 0.0795290023 -0.8464922905 -0.5264275074 0.8488396406 0.3343883753 -0.4094577432 0.5226340890 -0.4142887890 0.7451298237
245.8 -176.1 2850.5 0.5356670022 0.7132223248 0.4520783424 -0.8235530853 0.3229434490 0.4663344622 0.1866044104 -0.6221104860 0.7603665590
378.0 -379.4 2896.5 -0.2431044579 0.7132223248 0.6574299932 -0.7184809446 0.3229434490 -0.6160297394 -0.6516788602 -0.6221104860 0.4339276552
21.8 -517.4 2667.3 0.9724915624 0.2310812473 -0.0293538310 -0.0213869587 -0.0369068384 -0.9990898371 -0.2319542766 0.9722341895 -0.0309494622
-83.3 -500.6 2224.9 0.9724915624 0.0407731161 0.2293419838 -0.0213869587 0.9960318804 -0.0863892734 -0.2319542766 0.0791079104 0.9695045948
200.5 -511.2 2656.5 0.9680469632 -0.2477699667 0.0386669934 0.0374049507 -0.0098007331 -0.9992521405 0.2479636222 0.9687693119 -0.0002197466
307.6 -507.0 2237.5 0.9680469632 -0.0445683524 -0.2467767298 0.0374049507 0.9987336993 -0.0336424187 0.2479636222 0.0233367700 0.9684882164
-147.4 -609.3 2773.2 0 0 0 0 0 0 0 0 0
316.3 -561.8 2731.1 0 0 0 0 0 0 0 0 0
-98.5 -872.3 2195.4 0 0 0 0 0 0 0 0 0
324.3 -879.8 2228.8 0 0 0 0 0 0 0 0 0
108.9 -1.6 2956.0  0.9979069233 -0.0002481400 0.0646662414 0.0308291614 0.8808638453 -0.4723647833 -0.0568449423 0.4733696878 0.8790277243
109.0 -179.0 2860.6 0.9979069233 -0.0002481400 0.0646662414 0.0308291614 0.8808638453 -0.4723647833 -0.0568449423 0.4733696878 0.8790277243
110.0 -345.0 2760.0 0.9978822470 -0.0054952507 0.0648134872 0.0382810049 0.8552055359 -0.5168733597 -0.0525885038 0.5182598829 0.8536047935
-27.3 -184.3 2867.8 0.4231190979 -0.8510041833 -0.3110660315 0.8941839933 0.3367524147 0.2950132489 -0.1463052779 -0.4029760063 0.9034407139
-127.5 -396.0 2902.5 0.0761450008 -0.8510041833 -0.5196092725 0.8383551836 0.3367524147 -0.4286704957 0.5397800803 -0.4029760063 0.7390857935
245.3 -173.8 2853.4 0.5347006321 0.7198464870 0.4426242411 -0.8207003474 0.3175520003 0.4749859869 0.2013607770 -0.6172372103 0.7605735064
377.3 -376.4 2903.2 -0.2345616817 0.7198464870 0.6533007026 -0.7256290913 0.3175520003 -0.6104286313 -0.6468718648 -0.6172372103 0.4478560388
19.6 -514.4 2660.2 0.9724756479 0.2315329611 -0.0261448566 -0.0196380857 -0.0303637031 -0.9993459582 -0.2321753949 0.9723531008 -0.0249810982
-84.4 -500.8 2223.8 0.9724756479 0.0369625613 0.2300539762 -0.0196380857 0.9968264103 -0.0771458000 -0.2321753949 0.0705045909 0.9701153040
198.2 -507.7 2648.8 0.9652593732 -0.2582288384 0.0399027131 0.0408509672 -0.0016944988 -0.9991638064 0.2580805123 0.9660822749 0.0089132674
308.8 -507.0 2235.0 0.9652593732 -0.0445777439 -0.2574629784 0.0408509672 0.9989688993 -0.0198086705 0.2580805123 0.0086028939 0.9660851359
-146.8 -608.6 2765.6 0 0 0 0 0 0 0 0 0
317.7 -560.6 2739.0 0 0 0 0 0 0 0 0 0
-98.2 -872.8 2197.5 0 0 0 0 0 0 0 0 0
325.5 -879.9 2231.8 0 0 0 0 0 0 0 0 0
108.4 0.1 2955.0  0.9964649677 0.0021000928 0.0839831010 0.0373143069 0.8845990896 -0.4648571312 -0.0752676129 0.4663476050 0.8813936114
108.0 -178.0 2861.1 0.9964649677 0.0021000928 0.0839831010 0.0373143069 0.8845990896 -0.4648571312 -0.0752676129 0.4663476050 0.8813936114
108.3 -344.8 2761.7 0.9964680672 -0.0012991473 0.0839623660 0.0440923162 0.8590453267 -0.5099970698 -0.0714649111 0.5118979216 0.8560684919
-28.1 -184.0 2870.9 0.4213702977 -0.8451406360 -0.3289139867 0.8968162537 0.3344144225 0.2896335423 -0.1347874850 -0.4170183837 0.8988481760
-126.9 -394.4 2902.5 0.0820363984 -0.8451406360 -0.5282114744 0.8520399332 0.3344144225 -0.4027343988 0.5170087218 -0.4170183837 0.7475277185
244.1 -172.0 2851.3 0.5435496569 0.7062137723 0.4536693990 -0.8158366680 0.3173886836 0.4833993614 0.1973937303 -0.6328716874 0.7486715913
378.3 -373.4 2900.1 -0.2418349832 0.7062137723 0.6654156446 -0.7319858670 0.3173886836 -0.6028773785 -0.6369556785 -0.6328716874 0.4401827753
21.7 -514.4 2664.2 0.9720889926 0.2332927436 -0.0248484593 -0.0189303290 -0.0275730453 -0.9994405508 -0.2338473797 0.9720155597 -0.0223871451
-84.0 -501.9 2223.7 0.9720889926 0.0386739597 0.2314028442 -0.0189303290 0.9960334897 -0.0869418606 -0.2338473797 0.0801346973 0.9689653516
200.5 -507.6 2654.7 0.9672906995 -0.2499389797 0.0433503725 0.0438193344 -0.0036905189 -0.9990326762 0.2498571873 0.9682545662 0.0073823552
308.5 -506.0 2236.4 0.9672906995 -0.0454721563 -0.2495616823 0.0438193344 0.9989652634 -0.0121776238 0.2498571873 0.0008436747 0.9682823420
-147.7 -610.5 2771.3 0 0 0 0 0 0 0 0 0
316.9 -559.2 2738.4 0 0 0 0 0 0 0 0 0
-98.4 -873.7 2193.8 0 0 0 0 0 0 0 0 0
325.4 -878.9 2236.1 0 0 0 0 0 0 0 0 0
107.1 0.7 2956.0  0.9960550070 0.0087306723 0.0883077011 0.0330638103 0.8869757056 -0.4606310129 -0.0823483989 0.4617336094 0.8831878901
105.3 -178.1 2862.9 0.9960550070 0.0087306723 0.0883077011 0.0330638103 0.8869757056 -0.4606310129 -0.0823483989 0.4617336094 0.8831878901
104.6 -345.3 2764.3 0.9961150885 0.0037709156 0.0879804417 0.0414661355 0.8613034487 -0.5063959956 -0.0776874349 0.5080769062 0.8578009605
-30.8 -183.7 2873.5 0.4005775154 -0.8659443259 -0.2994630039 0.9078428745 0.3308938146 0.2575471997 -0.1239310727 -0.3750329912 0.9186900258
-125.0 -397.3 2902.7 0.0837233067 -0.8659443259 -0.4930830300 0.8351792097 0.3308938146 -0.4393005669 0.5435679555 -0.3750329912 0.7509222031
241.4 -172.4 2852.3 0.5428791642 0.7031033039 0.4592690170 -0.8161886930 0.3129294217 0.4857068956 0.1977833360 -0.6385303140 0.7437477708
375.4 -373.9 2901.1 -0.2474052161 0.7031033039 0.6666606665 -0.7342067361 0.3129294217 -0.6025078297 -0.6322429776 -0.6385303140 0.4388027787
19.3 -515.4 2668.8 0.9731744528 0.2293027788 -0.0187550988 -0.0119610121 -0.0309834927 -0.9994482994 -0.2297573835 0.9728618860 -0.0274096504
-84.9 -501.4 2226.9 0.9731744528 0.0336483978 0.2275945991 -0.0119610121 0.9953089356 -0.0960057899 -0.2297573835 0.0907081142 0.9690116644
197.8 -507.6 2656.0 0.9655787945 -0.2580304444 0.0328302421 0.0335333273 -0.0016767919 -0.9994361997 0.2579400241 0.9661353230 0.0070335446
309.9 -506.8 2236.1 0.9655787945 -0.0387682132 -0.2572053075 0.0335333273 0.9991320968 -0.0247098170 0.2579400241 0.0152343269 0.9660407901
-146.2 -609.2 2764.8 0 0 0 0 0 0 0 0 0
312.6 -560.3 2740.6 0 0 0 0 0 0 0 0 0
-97.4 -872.9 2193.0 0 0 0 0 0 0 0 0 0
324.4 -879.8 2230.5 0 0 0 0 0 0 0 0 0
107.4 -1.9 2957.5  0.9977454543 0.0106984703 0.0662536025 0.0217547230 0.8823480010 -0.4700944126 -0.0634880289 0.4704759121 0.8801259398
105.3 -179.4 2862.8 0.9977454543 0.0106984703 0.0662536025 0.0217547230 0.8823480010 -0.4700944126 -0.0634880289 0.4704759121 0.8801259398
103.7 -345.8 2762.8 0.9978023171 0.0079911985 0.0657779127 0.0270439014 0.8571429253 -0.5143681765 -0.0604914911 0.5150166154 0.8550430536
-31.0 -183.1 2871.1 0.4029294848 -0.8629552126 -0.3048871160 0.9045952559 0.3248621821 0.2759926617 -0.1391230226 -0.3870050311 0.9115217328
-126.1 -396.6 2903.9 0.0858242288 -0.8629552126 -0.4979382753 0.8490310907 0.3248621821 -0.4166662097 0.5213255882 -0.3870050311 0.7605568767
241.6 -175.7 2854.5 0.5271741748 0.7184795141 0.4537340701 -0.8258323669 0.3073707819 0.4727833271 0.2002205253 -0.6239474416 0.7553815842
371.7 -379.6 2904.0 -0.2474415004 0.7184795141 0.6500461102 -0.7254216075 0.3073707819 -0.6158625484 -0.6422897577 -0.6239474416 0.4451442957
14.6 -516.2 2672.6 0.9756922722 0.2182255983 -0.0200534314 -0.0136338593 -0.0308834054 -0.9994300008 -0.2187205404 0.9754095674 -0.0271574445
-85.4 -502.0 2225.5 0.9756922722 0.0311144833 0.2169249654 -0.0136338593 0.9965702891 -0.0816195533 -0.2187205404 0.0766780451 0.9727701545
193.1 -508.7 2658.7 0.9628385305 -0.2679449618 0.0338734202 0.0341193341 -0.0037397619 -0.9994107485 0.2679137588 0.9634269476 0.0055413172
310.3 -507.1 2237.2 0.9628385305 -0.0410044566 -0.2669467032 0.0341193341 0.9989558458 -0.0303814616 0.2679137588 0.0201443974 0.9632322788
-147.9 -611.9 2771.7 0 0 0 0 0 0 0 0 0
308.9 -563.7 2740.9 0 0 0 0 0 0 0 0 0
-97.0 -874.0 2196.8 0 0 0 0 0 0 0 0 0
325.6 -880.0 2229.7 0 0 0 0 0 0 0 0 0
106.8 -0.5 2956.2  0.9959183931 0.0062094275 0.0900441706 0.0366688594 0.8837538362 -0.4665132463 -0.0824736580 0.4679109454 0.8799189925
105.6 -178.3 2862.1 0.9959183931 0.0062094275 0.0900441706 0.0366688594 0.8837538362 -0.4665132463 -0.0824736580 0.4679109454 0.8799189925
104.9 -344.8 2762.4 0.9959540963 0.0037531531 0.0897851810 0.0429047681 0.8580361605 -0.5117940307 -0.0789597705 0.5135755539 0.8544036150
-30.4 -184.1 2872.9 0.4075119495 -0.8549763560 -0.3208574355 0.9021937847 0.3225461245 0.2863745987 -0.1413521767 -0.4061766267 0.9027957320
-125.8 -395.2 2906.0 0.0926359594 -0.8549763560 -0.5103273988 0.8654863834 0.3225461245 -0.3832719028 0.4922925234 -0.4061766267 0.7698497176
241.6 -172.4 2851.3 0.5439233780 0.7018294334 0.4599812329 -0.8169758916 0.3177695572 0.4812202156 0.1915664673 -0.6375405192 0.7462200522
375.8 -374.1 2898.6 -0.2475837320 0.7018294334 0.6679354310 -0.7303781509 0.3177695572 -0.6046240330 -0.6365925074 -0.6375405192 0.4339263439
12.8 -514.6 2668.3 0.9765745401 0.2134960294 -0.0268632751 -0.0216594730 -0.0266764723 -0.9994094372 -0.2140865773 0.9765796661 -0.0214273520
-84.0 -502.5 2225.2 0.9765745401 0.0387696587 0.2116579860 -0.0216594730 0.9963501096 -0.0825674608 -0.2140865773 0.0760488734 0.9738498330
191.6 -509.7 2657.4 0.9617677927 -0.2720558643 0.0314378664 0.0305313841 -0.0075653945 -0.9995051622 0.2721590996 0.9622517228 0.0010300898
310.3 -506.4 2237.5 0.9617677927 -0.0404734202 -0.2708590925 0.0305313841 0.9986999035 -0.0408208556 0.2721590996 0.0309904814 0.9617530704
-149.3 -614.7 2781.1 0 0 0 0 0 0 0 0 0
313.0 -559.5 2737.0 0 0 0 0 0 0 0 0 0
-98.5 -874.4 2196.8 0 0 0 0 0 0 0 0 0
325.4 -879.2 2226.0 0 0 0 0 0 0 0 0 0
104.7 -2.0 2956.6  0.9960615039 0.0004610032 0.0886638910 0.0414489098 0.8815721273 -0.4702260494 -0.0783803910 0.4720490873 0.8780809641
104.6 -179.3 2861.6 0.9960615039 0.0004610032 0.0886638910 0.0414489098 0.8815721273 -0.4702260494 -0.0783803910 0.4720490873 0.8780809641
105.4 -345.6 2761.4 0.9960444570 -0.0041884258 0.0887577608 0.0494030751 0.8563709259 -0.5139923692 -0.0738567412 0.5163441896 0.8531904221
-31.5 -186.1 2871.7 0.4149405360 -0.8814854026 -0.2254058868 0.8884796500 0.3391870260 0.3091214597 -0.1960313022 -0.3285355568 0.9239243269
-118.6 -372.7 2912.9 0.1392236650 -0.8814854026 -0.4512208104 0.8514907360 0.3391870260 -0.3998945653 0.5055494905 -0.3285355568 0.7977995276
240.7 -172.6 2851.5 0.5481049418 0.7029853463 0.4532025456 -0.8141294122 0.3241699934 0.4817749262 0.1917660534 -0.6330287457 0.7500002384
376.0 -373.6 2898.9 -0.2399082184 0.7029853463 0.6695189476 -0.7298228145 0.3241699934 -0.6018907428 -0.6401582956 -0.6330287457 0.4352837205
14.9 -515.2 2669.8 0.9758678675 0.2165956944 -0.0277173202 -0.0227558799 -0.0253674965 -0.9994191527 -0.2171729952 0.9759317636 -0.0198264997
-84.1 -503.6 2223.7 0.9758678675 0.0388397016 0.2148800194 -0.0227558799 0.9967849255 -0.0768247247 -0.2171729952 0.0700809956 0.9736141562
193.3 -507.5 2655.6 0.9626743197 -0.2691739798 0.0283458326 0.0282501150 -0.0042299922 -0.9995919466 0.2691840529 0.9630822539 0.0035320914
310.1 -505.7 2237.9 0.9626743197 -0.0398870483 -0.2677071989 0.0282501150 0.9984867573 -0.0471822508 0.2691840529 0.0378583819 0.9623443484
-152.4 -579.6 2790.1 0 0 0 0 0 0 0 0 0
315.1 -558.8 2736.4 0 0 0 0 0 0 0 0 0
-98.6 -875.7 2197.5 0 0 0 0 0 0 0 0 0
325.0 -878.4 2223.8 0 0 0 0 0 0 0 0 0
106.0 -0.9 2956.3  0.9966515303 0.0013730433 0.0817547962 0.0370970964 0.8834375143 -0.4670780897 -0.0728665739 0.4685469568 0.8804284334
105.7 -179.4 2861.6 0.9966515303 0.0013730433 0.0817547962 0.0370970964 0.8834375143 -0.4670780897 -0.0728665739 0.4685469568 0.8804284334
105.7 -345.9 2761.8 0.9966552258 -0.0000788775 0.0817212760 0.0420642719 0.8578481674 -0.5121788383 -0.0700640455 0.5139032602 0.8549821377
-30.4 -185.2 2871.2 0.4125318229 -0.8876869678 -0.2045221627 0.8930237889 0.3497788310 0.2831312418 -0.1797943860 -0.2994437814 0.9370204806
-122.5 -384.5 2911.3 0.1568617225 -0.8876869678 -0.4329043925 0.8411567807 0.3497788310 -0.4124439657 0.5175419450 -0.2994437814 0.8015508652
241.9 -173.7 2852.0 0.5415083170 0.7077695131 0.4536861181 -0.8174642920 0.3173032701 0.4806982577 0.1962674707 -0.6311742663 0.7503986359
375.6 -375.5 2900.5 -0.2426599562 0.7077695131 0.6634594798 -0.7298939824 0.3173032701 -0.6054530740 -0.6390390992 -0.6311742663 0.4395998716
17.0 -516.2 2667.8 0.9747446179 0.2208670527 -0.0330246277 -0.0272948984 -0.0289446693 -0.9992082715 -0.2216480821 0.9748743176 -0.0221851170
-83.9 -503.0 2222.5 0.9747446179 0.0411760136 0.2194935530 -0.0272948984 0.9974525571 -0.0659042746 -0.2216480821 0.0582487881 0.9733854532
195.5 -507.4 2654.5 0.9640470743 -0.2644675672 0.0258863550 0.0260271411 -0.0029723123 -0.9996567965 0.2644537389 0.9643899798 0.0040178858
310.0 -506.1 2236.7 0.9640470743 -0.0371924713 -0.2631157637 0.0260271411 0.9986117482 -0.0457952246 0.2644537389 0.0373006016 0.9636767507
-161.5 -593.4 2782.8 0 0 0 0 0 0 0 0 0
314.0 -560.8 2738.3 0 0 0 0 0 0 0 0 0
-99.2 -875.3 2200.8 0 0 0 0 0 0 0 0 0
323.9 -878.9 2222.8 0 0 0 0 0 0 0 0 0
105.2 -2.4 2956.1  0.9969087839 -0.0133848377 0.0774194449 0.0489292704 0.8767387271 -0.4784716666 -0.0614723600 0.4807806611 0.8746834397
107.9 -179.5 2859.0 0.9969087839 -0.0133848377 0.0774194449 0.0489292704 0.8767387271 -0.4784716666 -0.0614723600 0.4807806611 0.8746834397
110.7 -344.7 2757.1 0.9968395829 -0.0143742589 0.0781296194 0.0532348901 0.8508715034 -0.5226698518 -0.0589652732 0.5251772404 0.8489475846
-28.2 -186.8 2867.0 0.4150112569 -0.8987229466 -0.1416428983 0.8738870621 0.3504433930 0.3369137049 -0.2531542480 -0.2636028528 0.9308202863
-113.0 -365.2 2918.7 0.1916140914 -0.8987229466 -0.3944376707 0.8545323610 0.3504433930 -0.3833585978 0.4827612638 -0.2636028528 0.8351377845
244.1 -172.3 2850.9 0.5479536057 0.7109708190 0.4407576621 -0.8143572211 0.3329348862 0.4753700793 0.1912306547 -0.6194149256 0.7614170909
379.4 -373.3 2898.2 -0.2283974439 0.7109708190 0.6650978327 -0.7237480879 0.3329348862 -0.6044361591 -0.6511707306 -0.6194149256 0.4385222793
16.5 -516.2 2668.3 0.9753891826 0.2168919891 -0.0396705456 -0.0338433906 -0.0305168293 -0.9989611506 -0.2178772837 0.9757184982 -0.0224254262
-83.0 -502.2 2220.8 0.9753891826 0.0470129140 0.2154197544 -0.0338433906 0.9973486662 -0.0644220859 -0.2178772837 0.0555460677 0.9743942618
195.0 -508.7 2655.8 0.9638310671 -0.2653805912 0.0245513991 0.0243790131 -0.0039439979 -0.9996950030 0.2653965056 0.9641356468 0.0026683691
310.6 -507.0 2235.8 0.9638310671 -0.0356650762 -0.2641167045 0.0243790131 0.9986490607 -0.0458874591 0.2653965056 0.0377888530 0.9633985162
-159.1 -571.1 2802.4 0 0 0 0 0 0 0 0 0
321.4 -557.0 2732.9 0 0 0 0 0 0 0 0 0
-100.6 -874.5 2200.0 0 0 0 0 0 0 0 0 0
324.0 -879.8 2221.7 0 0 0 0 0 0 0 0 0
104.4 -3.9 2967.5  0.9897016287 -0.0033082610 0.1431073397 0.0728333518 0.8722891808 -0.4835358858 -0.1232313141 0.4889792204 0.8635469675
105.1 -180.2 2868.7 0.9897016287 -0.0033082610 0.1431073397 0.0728333518 0.8722891808 -0.4835358858 -0.1232313141 0.4889792204 0.8635469675
107.2 -344.7 2765.8 0.9895921350 -0.0113667222 0.1434510350 0.0856668651 0.8475134373 -0.5238150358 -0.1156226173 0.5306522250 0.8396663666
-29.8 -191.9 2884.5 0.4288853705 -0.8626568913 -0.2681051791 0.8945754170 0.3642929196 0.2588928044 -0.1256668419 -0.3508756161 0.9279515743
-120.1 -380.1 2910.9 0.1504742652 -0.8626568913 -0.4828877151 0.8471540809 0.3642929196 -0.3868081868 0.5095953345 -0.3508756161 0.7856200337
240.0 -168.5 2853.0 0.5832597613 0.6631853580 0.4690343440 -0.7976496220 0.3584985733 0.4850091040 0.1535028070 -0.6570113301 0.7380873561
383.8 -365.2 2890.8 -0.2418710589 0.6631853580 0.7082962394 -0.7280692458 0.3584985733 -0.5842893124 -0.6414152980 -0.6570113301 0.3961344361
24.2 -514.6 2660.4 0.9715118408 0.2342346311 -0.0360402800 -0.0298237968 -0.0300289262 -0.9991040230 -0.2351070046 0.9717162251 -0.0221876912
-82.2 -500.9 2218.8 0.9715118408 0.0422596820 0.2331928015 -0.0298237968 0.9979513288 -0.0566009544 -0.2351070046 0.0480338000 0.9707818627
202.8 -505.0 2649.9 0.9677692056 -0.2506255209 0.0246909428 0.0261518229 0.0024997739 -0.9996548295 0.2504773140 0.9680808783 0.0089735184
309.6 -506.1 2237.3 0.9677692056 -0.0379710831 -0.2489598244 0.0261518229 0.9983758926 -0.0506125316 0.2504773140 0.0424704961 0.9671904445
-157.2 -589.4 2785.0 0 0 0 0 0 0 0 0 0
322.4 -549.9 2728.1 0 0 0 0 0 0 0 0 0
-98.0 -873.4 2200.9 0 0 0 0 0 0 0 0 0
323.8 -878.8 2221.4 0 0 0 0 0 0 0 0 0
102.2 -6.4 2962.8  0.9942753911 -0.0062672310 0.1066638008 0.0570406355 0.8752576709 -0.4802815914 -0.0903482735 0.4836163521 0.8706046343
103.5 -183.6 2864.9 0.9942753911 -0.0062672310 0.1066638008 0.0570406355 0.8752576709 -0.4802815914 -0.0903482735 0.4836163521 0.8706046343
105.6 -348.2 2762.0 0.9941841960 -0.0110882362 0.1071208790 0.0660986751 0.8481172919 -0.5256690979 -0.0850223303 0.5296924114 0.8439177275
-32.1 -192.6 2876.4 0.4161811769 -0.8607068062 -0.2932183444 0.9008434415 0.3464620113 0.2616202235 -0.1235892996 -0.3730252385 0.9195530415
-126.0 -395.8 2904.3 0.0991838425 -0.8607068062 -0.4993458986 0.8327893019 0.3464620113 -0.4317708015 0.5446324944 -0.3730252385 0.7511509061
239.1 -174.6 2853.3 0.5625337362 0.6901152730 0.4552984536 -0.8087028265 0.3447787762 0.4765787423 0.1719170213 -0.6362928152 0.7520478964
377.8 -374.0 2895.7 -0.2362175584 0.6901152730 0.6840630174 -0.7237536907 0.3447787762 -0.5977526307 -0.6483685970 -0.6362928152 0.4180306792
20.9 -516.9 2673.1 0.9744119048 0.2218952775 -0.0358321518 -0.0290773008 -0.0336350091 -0.9990110993 -0.2228810638 0.9744902253 -0.0263222381
-82.0 -501.3 2221.1 0.9744119048 0.0437983163 0.2204612494 -0.0290773008 0.9971523285 -0.0695828646 -0.2228810638 0.0613919497 0.9729106426
197.9 -501.6 2652.5 0.9655694366 -0.2588048577 0.0263756197 0.0300354864 0.0101968739 -0.9994968176 0.2584056854 0.9658758044 0.0176191200
309.6 -506.0 2235.3 0.9655694366 -0.0380711891 -0.2573445439 0.0300354864 0.9989328384 -0.0350860916 0.2584056854 0.0261485875 0.9656825066
-150.8 -604.0 2768.2 0 0 0 0 0 0 0 0 0
317.8 -557.7 2731.1 0 0 0 0 0 0 0 0 0
-98.3 -873.5 2198.2 0 0 0 0 0 0 0 0 0
323.9 -878.8 2225.5 0 0 0 0 0 0 0 0 0
103.7 -7.6 2958.9  0.9949383736 -0.0007212253 0.1004844457 0.0493002981 0.8748582602 -0.4818635285 -0.0875621140 0.4843784273 0.8704656363
103.8 -184.2 2861.1 0.9949383736 -0.0007212253 0.1004844457 0.0493002981 0.8748582602 -0.4818635285 -0.0875621140 0.4843784273 0.8704656363
104.4 -348.8 2758.3 0.9949232340 -0.0031812093 0.1005866528 0.0559900627 0.8480257392 -0.5269890428 -0.0836236104 0.5299454927 0.8438985944
-32.0 -191.8 2872.5 0.4138683081 -0.8608622551 -0.2960222363 0.9031101465 0.3473766148 0.2524312437 -0.1144773364 -0.3718139827 0.9212216139
-127.7 -400.6 2899.0 0.1133086309 -0.8608622551 -0.4960618019 0.8432340622 0.3473766148 -0.4102265537 0.5254688263 -0.3718139827 0.7652691603
239.6 -176.5 2849.7 0.5542224646 0.6944782734 0.4588434994 -0.8142485023 0.3379479051 0.4720070064 0.1727333814 -0.6352095008 0.7527762055
376.4 -377.4 2892.3 -0.2428155988 0.6944782734 0.6773038507 -0.7209613919 0.3379479051 -0.6049842238 -0.6490418315 -0.6352095008 0.4186329842
18.8 -518.8 2666.8 0.9742742777 0.2233708054 -0.0299191512 -0.0217780899 -0.0388218351 -0.9990087748 -0.2243109047 0.9739601612 -0.0329585262
-83.2 -501.0 2221.8 0.9742742777 0.0375820771 0.2222099453 -0.0217780899 0.9970831275 -0.0731498599 -0.2243109047 0.0664287135 0.9722509384
196.6 -506.9 2651.6 0.9641234875 -0.2634491622 0.0325647257 0.0335123055 -0.0008973979 -0.9994379282 0.2633303106 0.9646728635 0.0079635866
309.8 -506.6 2237.2 0.9641234875 -0.0447512120 -0.2616548240 0.0335123055 0.9983202815 -0.0472608879 0.2633303106 0.0367966741 0.9640036821
-156.2 -613.0 2766.7 0 0 0 0 0 0 0 0 0
314.8 -560.4 2727.6 0 0 0 0 0 0 0 0 0
-97.3 -873.2 2197.1 0 0 0 0 0 0 0 0 0
326.5 -879.2 2223.4 0 0 0 0 0 0 0 0 0
102.8 -8.2 2958.4  0.9958725572 -0.0072671422 0.0904710442 0.0503341965 0.8736848831 -0.4838813841 -0.0755267516 0.4864379764 0.8704445958
104.2 -184.1 2860.5 0.9958725572 -0.0072671422 0.0904710442 0.0503341965 0.8736848831 -0.4838813841 -0.0755267516 0.4864379764 0.8704445958
106.1 -348.3 2757.0 0.9958116412 -0.0095820874 0.0909252018 0.0565545149 0.8459636569 -0.5302330256 -0.0718386769 0.5331544876 0.8429623246
-31.7 -191.8 2870.3 0.4132534862 -0.8669807315 -0.2785067260 0.9009946585 0.3449517190 0.2630911767 -0.1320236176 -0.3596564233 0.9236974716
-127.6 -400.9 2900.9 0.1257847697 -0.8669807315 -0.4822059870 0.8498136997 0.3449517190 -0.3985285759 0.5118544102 -0.3596564233 0.7801617384
240.2 -176.4 2850.6 0.5524966121 0.7017067671 0.4498389661 -0.8146905899 0.3405718803 0.4693506658 0.1761440337 -0.6257942319 0.7598387003
376.6 -377.5 2894.1 -0.2351057976 0.7017067671 0.6725569367 -0.7184610963 0.3405718803 -0.6064853668 -0.6546288729 -0.6257942319 0.4240785837
