56.5 2.5 3161.3 9 0.9954697490 0.0934444889 0.0175536387 -0.0718816519 0.8605021834 -0.5043500662 -0.0622336790 0.5008034706 0.8633208275
37.0 -177.3 3056.6 0.9954697490 0.0934444889 0.0175536387 -0.0718816519 0.8605021834 -0.5043500662 -0.0622336790 0.5008034706 0.8633208275
19.0 -343.8 2949.9 0.9958145022 0.0903769359 0.0136192581 -0.0686952770 0.8383980989 -0.5407121181 -0.0602862611 0.5375133753 0.8410974741
-108.3 -167.3 3065.4 -0.0026432259 -0.9696450830 0.2445023805 0.5382563472 0.2046828717 0.8175481558 -0.8427770138 0.1337659210 0.5213766098
-107.3 -366.8 3377.8 0.1516634673 -0.9610204101 -0.2311664969 -0.2671994567 0.1853028536 -0.9456570745 0.9516315460 0.2051891983 -0.2286804616
182.3 -187.3 3047.9 0.3981967568 0.3775126934 0.8360164165 -0.7612434030 0.6445071101 0.0715477020 -0.5118083358 -0.6649020910 0.5440196991
265.8 -347.1 2940.4 -0.8207784295 0.3775126934 0.4287271202 -0.0995450094 0.6445071101 -0.7580906153 -0.5625064969 -0.6649020910 -0.4914180040
-94.3 -502.1 2846.6 0.9790359735 0.1266968101 -0.1594883502 -0.1504839212 -0.0777783766 -0.9855481386 -0.1372705400 0.9888874888 -0.0570819937
-151.4 -467.1 2401.3 0.9790359735 0.1532812864 0.1341396868 -0.1504839212 0.9881321788 -0.0308112707 -0.1372705400 0.0099794744 0.9904833436
87.8 -518.6 2838.5 0.9923489690 0.0149926906 0.1225507930 0.1234079003 -0.0904027075 -0.9882296324 -0.0037372988 0.9957924485 -0.0915612504
81.0 -477.1 2382.0 0.9923489690 -0.1229933426 0.0107756713 0.1234079003 0.9907511473 -0.0564153269 -0.0037372988 0.0573134944 0.9983492494
-147.4 -296.3 3126.5 0 0 0 0 0 0 0 0 0
52.6 -372.9 2794.3 0 0 0 0 0 0 0 0 0
-204.9 -812.1 2397.8 0 0 0 0 0 0 0 0 0
128.0 -855.7 2360.1 0 0 0 0 0 0 0 0 0
56.3 3.4 3160.5 0 0.9958075881 0.0905370191 -0.0130497506 -0.0848757029 0.8613435030 -0.5008827448 -0.0341081135 0.4998904169 0.8654167652
37.5 -176.0 3056.4 0.9958075881 0.0905370191 -0.0130497506 -0.0848757029 0.8613435030 -0.5008827448 -0.0341081135 0.4998904169 0.8654167652
18.5 -342.6 2950.0 0.9952850342 0.0954924747 -0.0169962663 -0.0896514058 0.8388361931 -0.5369511247 -0.0370177068 0.5359431505 0.8434421420
-107.8 -162.9 3061.8 0.0279235449 -0.9679768682 0.2494816333 0.5341835022 0.2254032195 0.8147646189 -0.8449072242 0.1105178595 0.5233713388
-118.1 -360.9 3375.1 0.1241327524 -0.9614048600 -0.2455437630 -0.2658229172 0.2061923891 -0.9417127371 0.9559964538 0.1821685433 -0.2299682051
182.7 -189.0 3051.1 0.3947616518 0.3525838256 0.8484385014 -0.7438237071 0.6647157669 0.0698518977 -0.5393418074 -0.6586635113 0.5246645212
263.9 -342.0 2940.1 -0.8128046989 0.3525838256 0.4637166858 -0.1312548071 0.6647157669 -0.7354761362 -0.5675567985 -0.6586635113 -0.4940057695
-90.2 -504.1 2848.6 0.9777686000 0.1351674497 -0.1603068709 -0.1501315236 -0.0824460536 -0.9852223992 -0.1463866681 0.9873866439 -0.0603202693
-151.3 -466.9 2402.3 0.9777686000 0.1534683555 0.1428845674 -0.1501315236 0.9880841970 -0.0339138024 -0.1463866681 0.0117083751 0.9891581535
92.2 -516.7 2837.6 0.9915337563 0.0284543652 0.1266933382 0.1288965642 -0.0977047235 -0.9868330359 -0.0157011710 0.9948086143 -0.1005452052
79.3 -472.3 2386.2 0.9915337563 -0.1274093091 0.0250543728 0.1288965642 0.9890939593 -0.0712660402 -0.0157011710 0.0738921091 0.9971426129
-150.9 -290.7 3122.6 0 0 0 0 0 0 0 0 0
52.9 -376.1 2792.7 0 0 0 0 0 0 0 0 0
-205.0 -812.6 2398.2 0 0 0 0 0 0 0 0 0
127.9 -850.2 2358.0 0 0 0 0 0 0 0 0 0
56.1 4.5 3159.6 1 0.9962607622 0.0590598099 -0.0630589947 -0.0832296759 0.8518811464 -0.5170795918 0.0231801458 0.5203944445 0.8536112905
43.8 -172.4 3051.6 0.9962607622 0.0590598099 -0.0630589947 -0.0832296759 0.8518811464 -0.5170795918 0.0231801458 0.5203944445 0.8536112905
31.2 -336.9 2941.1 0.9957757592 0.0641181022 -0.0657228082 -0.0898441076 0.8280496001 -0.5534093380 0.0189381875 0.5569763780 0.8303123713
-101.4 -159.2 3048.8 0.0763871893 -0.9728360772 0.2185290605 0.5513243675 0.2238271832 0.8037056923 -0.8307866454 0.0590875819 0.5534458160
-129.7 -363.4 3356.6 0.0687253028 -0.9704118371 -0.2314684838 -0.2853306830 0.2032056153 -0.9366396666 0.9559619427 0.1304159164 -0.2629229128
188.9 -185.6 3054.4 0.3460853398 0.3999177217 0.8486994505 -0.7697880864 0.6381630898 0.0131962318 -0.5363312960 -0.6578857899 0.5287107825
262.7 -349.7 2940.0 -0.8110530376 0.3999177217 0.4269177318 -0.0879359990 0.6381630898 -0.7648628354 -0.5783253312 -0.6578857899 -0.4824169874
-90.3 -500.6 2845.6 0.9781534076 0.1380742043 -0.1554073393 -0.1466131061 -0.0717910752 -0.9865853190 -0.1473788470 0.9878165722 -0.0499791987
-151.5 -468.8 2407.8 0.9781534076 0.1519570947 0.1418624818 -0.1466131061 0.9880550504 -0.0474535227 -0.1473788470 0.0256179273 0.9887483120
90.6 -517.5 2840.1 0.9904192686 0.0283398163 0.1351538301 0.1373160183 -0.0984299034 -0.9856246114 -0.0146292411 0.9947403669 -0.1013783813
77.8 -472.7 2387.7 0.9904192686 -0.1354497224 0.0268901028 0.1373160183 0.9866226315 -0.0878639147 -0.0146292411 0.0907145590 0.9957695007
-147.8 -288.1 3104.4 0 0 0 0 0 0 0 0 0
52.3 -372.5 2789.9 0 0 0 0 0 0 0 0 0
-204.8 -815.3 2398.8 0 0 0 0 0 0 0 0 0
129.5 -849.6 2353.1 0 0 0 0 0 0 0 0 0
55.9 4.1 3159.7 2 0.9935736060 0.0632552430 -0.0938631669 -0.1030855477 0.8481604457 -0.5196126103 0.0467428043 0.5259492993 0.8492305279
42.7 -172.1 3050.5 0.9935736060 0.0632552430 -0.0938631669 -0.1030855477 0.8481604457 -0.5196126103 0.0467428043 0.5259492993 0.8492305279
29.3 -335.5 2938.3 0.9929626584 0.0681128725 -0.0968805403 -0.1108549014 0.8224142790 -0.5579838157 0.0416700616 0.5647967458 0.8241773248
-102.1 -155.9 3044.4 0.1076912731 -0.9690665603 0.2220644355 0.5553151965 0.2439040989 0.7950696945 -0.8246378303 0.0376936980 0.5644037724
-142.0 -361.7 3350.0 0.0399494097 -0.9687751532 -0.2447013706 -0.2933985293 0.2227281332 -0.9296824932 0.9551551342 0.1089352891 -0.2753393352
187.6 -188.3 3056.5 0.3502952456 0.3967850804 0.8484426141 -0.7520760298 0.6590723991 0.0022848491 -0.5582785010 -0.6388937235 0.5292824507
261.5 -347.0 2938.8 -0.7870806456 0.3967850804 0.4722982049 -0.1138419136 0.6590723991 -0.7434135079 -0.6062541008 -0.6388937235 -0.4735723436
-71.9 -492.9 2828.3 0.9708666205 0.1873002648 -0.1494545639 -0.1403146237 -0.0612178184 -0.9882126451 -0.1942417622 0.9803932905 -0.0331533700
-152.0 -466.7 2409.2 0.9708666205 0.1503717154 0.1865647435 -0.1403146237 0.9879003763 -0.0660655349 -0.1942417622 0.0379630625 0.9802188277
109.6 -509.6 2832.4 0.9889457822 0.0686036870 0.1314524263 0.1370915771 -0.0852410048 -0.9868839383 -0.0564987436 0.9939957261 -0.0937037244
79.0 -471.6 2388.3 0.9889457822 -0.1316542923 0.0682155043 0.1370915771 0.9871311784 -0.0823285505 -0.0564987436 0.0907702446 0.9942678809
-152.6 -284.2 3097.8 0 0 0 0 0 0 0 0 0
57.3 -376.5 2781.5 0 0 0 0 0 0 0 0 0
-204.8 -813.7 2395.8 0 0 0 0 0 0 0 0 0
129.3 -848.7 2353.7 0 0 0 0 0 0 0 0 0
55.6 2.7 3159.7 3 0.9967933893 0.0796800032 0.0073546949 -0.0638487339 0.8473982215 -0.5271049142 -0.0482320786 0.5249451399 0.8497684002
39.1 -173.2 3050.7 0.9967933893 0.0796800032 0.0073546949 -0.0638487339 0.8473982215 -0.5271049142 -0.0482320786 0.5249451399 0.8497684002
22.4 -336.1 2938.2 0.9964693189 0.0838963613 0.0032104766 -0.0671506152 0.8193603754 -0.5693323612 -0.0503954515 0.5671066642 0.8221011758
-105.6 -163.5 3058.1 0.0076706889 -0.9711862206 0.2381985039 0.5676944852 0.2003267854 0.7984936833 -0.8232036233 0.1290989667 0.5528736711
-108.5 -373.0 3361.8 0.1400395930 -0.9634547234 -0.2283504158 -0.2994339168 0.1786161512 -0.9372489452 0.9437839985 0.1996278167 -0.2634776831
183.8 -183.0 3043.4 0.3641571403 0.4370059073 0.8224447966 -0.7881733179 0.6150537133 0.0221739337 -0.4961575866 -0.6563038230 0.5684126019
261.1 -350.3 2938.1 -0.7806308270 0.4370059073 0.4468123913 -0.1031179428 0.6150537133 -0.7817132473 -0.6164269447 -0.6563038230 -0.4350667596
-74.8 -488.6 2822.1 0.9716400504 0.1884209514 -0.1428747475 -0.1360419691 -0.0487788320 -0.9895014763 -0.1934120655 0.9808762074 -0.0217623077
-153.7 -468.1 2411.0 0.9716400504 0.1466695964 0.1854822785 -0.1360419691 0.9883075953 -0.0688521713 -0.1934120655 0.0416661538 0.9802324772
106.7 -509.1 2830.0 0.9881490469 0.0658692643 0.1386460364 0.1437289864 -0.0799760222 -0.9863801599 -0.0538837761 0.9946180582 -0.0884955525
77.2 -473.1 2383.2 0.9881490469 -0.1400045455 0.0629301891 0.1437289864 0.9878476262 -0.0591527969 -0.0538837761 0.0674966723 0.9962633848
-145.3 -294.3 3113.7 0 0 0 0 0 0 0 0 0
58.4 -377.1 2778.1 0 0 0 0 0 0 0 0 0
-204.8 -812.2 2396.5 0 0 0 0 0 0 0 0 0
130.6 -850.5 2357.4 0 0 0 0 0 0 0 0 0
54.2 4.0 3159.2 4 0.9948752522 0.0903187990 0.0454498604 -0.0524628237 0.8453838229 -0.5315767527 -0.0864339545 0.5264681578 0.8457898498
35.4 -171.9 3049.7 0.9948752522 0.0903187990 0.0454498604 -0.0524628237 0.8453838229 -0.5315767527 -0.0864339545 0.5264681578 0.8457898498
16.4 -334.3 2936.7 0.9946191907 0.0952902585 0.0406495146 -0.0547557250 0.8166282177 -0.5745608211 -0.0879455879 0.5692434311 0.8174518347
-109.4 -164.0 3062.5 -0.0298622288 -0.9679960608 0.2491825223 0.5728625655 0.1877151579 0.7978668809 -0.8191072941 0.1665734202 0.5489230752
-98.3 -375.8 3365.4 0.1787629277 -0.9573621154 -0.2269396335 -0.3041886389 0.1655769199 -0.9381116629 0.9356885552 0.2367320508 -0.2616196871
180.1 -179.9 3036.9 0.4127851427 0.4676149487 0.7816295028 -0.8031725287 0.5915914178 0.0702387840 -0.4295606017 -0.6567769051 0.6197755933
267.0 -349.0 2946.5 -0.7658019066 0.4676149487 0.4414563179 -0.0999431014 0.5915914178 -0.8000193834 -0.6352627873 -0.6567769051 -0.4063069522
-84.9 -492.8 2830.2 0.9763365388 0.1593438536 -0.1462070048 -0.1381065995 -0.0608369373 -0.9885471463 -0.1664136946 0.9853468537 -0.0373908877
-152.7 -466.9 2411.0 0.9763365388 0.1477097571 0.1579518169 -0.1381065995 0.9879265428 -0.0701978058 -0.1664136946 0.0467224978 0.9849484563
96.6 -505.1 2821.1 0.9888722897 0.0471822917 0.1410865039 0.1442513317 -0.0722216293 -0.9869019985 -0.0363747999 0.9962719679 -0.0782240778
75.6 -472.9 2376.9 0.9888722897 -0.1425538510 0.0425437801 0.1442513317 0.9887357950 -0.0399130434 -0.0363747999 0.0456058979 0.9982970357
-145.4 -295.7 3118.9 0 0 0 0 0 0 0 0 0
68.2 -374.9 2781.5 0 0 0 0 0 0 0 0 0
-204.6 -814.1 2394.6 0 0 0 0 0 0 0 0 0
130.0 -850.6 2359.4 0 0 0 0 0 0 0 0 0
56.3 4.0 3160.0 5 0.9955852032 0.0816722885 -0.0462575965 -0.0937859342 0.8457096815 -0.5253373981 -0.0037850123 0.5273564458 0.8496357203
39.3 -172.2 3050.2 0.9955852032 0.0816722885 -0.0462575965 -0.0937859342 0.8457096815 -0.5253373981 -0.0037850123 0.5273564458 0.8496357203
22.1 -335.2 2937.9 0.9950226545 0.0861364305 -0.0501045696 -0.0993703231 0.8201001883 -0.5635256767 -0.0074493228 0.5656996965 0.8245776892
-105.2 -157.8 3051.2 0.0611753277 -0.9688041210 0.2401585728 0.5613582134 0.2323444635 0.7942877412 -0.8253087401 0.0862241834 0.5580599308
-127.8 -364.9 3355.7 0.0899556950 -0.9647890329 -0.2471641600 -0.2970350087 0.2108865082 -0.9312878847 0.9506198764 0.1571910530 -0.2676056623
183.8 -186.6 3049.1 0.3907479942 0.4554738402 0.7999122143 -0.7848844528 0.6188651323 0.0310223140 -0.4809079468 -0.6399605870 0.5993146300
267.9 -355.6 2945.5 -0.7780677676 0.4554738402 0.4326131344 -0.0725966692 0.6188651323 -0.7821353078 -0.6239713430 -0.6399605870 -0.4484531283
-93.3 -491.5 2831.7 0.9788694978 0.1343728304 -0.1541376114 -0.1476058960 -0.0573467314 -0.9873823524 -0.1415166408 0.9892700911 -0.0363007449
-150.6 -467.1 2409.9 0.9788694978 0.1551354527 0.1332195699 -0.1476058960 0.9869272113 -0.0647088289 -0.1415166408 0.0436775088 0.9889718294
88.4 -501.6 2815.7 0.9900416136 0.0253109038 0.1384811103 0.1397723258 -0.0595275089 -0.9883927107 -0.0167736784 0.9979057312 -0.0624724738
77.3 -475.5 2379.3 0.9900416136 -0.1384645849 0.0254010968 0.1397723258 0.9883537292 -0.0601712726 -0.0167736784 0.0631224290 0.9978648424
-151.4 -286.8 3105.8 0 0 0 0 0 0 0 0 0
65.9 -374.5 2783.5 0 0 0 0 0 0 0 0 0
-205.7 -817.5 2394.3 0 0 0 0 0 0 0 0 0
130.2 -853.1 2355.2 0 0 0 0 0 0 0 0 0
55.2 3.6 3161.4 6 0.9959021211 0.0883908793 -0.0191306230 -0.0857060403 0.8549178839 -0.5116344690 -0.0288687088 0.5111774802 0.8589901924
36.8 -174.3 3055.0 0.9959021211 0.0883908793 -0.0191306230 -0.0857060403 0.8549178839 -0.5116344690 -0.0288687088 0.5111774802 0.8589901924
17.9 -339.3 2946.0 0.9951824546 0.0952415615 -0.0232577287 -0.0923109353 0.8303712010 -0.5495110750 -0.0330237411 0.5490106940 0.8351626396
-108.1 -160.8 3059.8 0.0340708829 -0.9678514600 0.2492040694 0.5471524000 0.2267249972 0.8057419062 -0.8363392949 0.1089002714 0.5372869968
-120.7 -363.2 3369.2 0.1182235628 -0.9617277980 -0.2471899092 -0.2803826630 0.2064748406 -0.9374186397 0.9525800347 0.1801327318 -0.2452416122
181.7 -187.7 3050.2 0.3940312862 0.4333315492 0.8105326295 -0.7754672766 0.6301124096 0.0401103944 -0.4933455586 -0.6443462968 0.5843183994
270.5 -362.5 2939.0 -0.8087341189 0.4333315492 0.3977095783 -0.0436330587 0.6301124096 -0.7752770782 -0.5865537524 -0.6443462968 -0.4906858206
-85.7 -489.2 2826.2 0.9760891199 0.1546752602 -0.1527270526 -0.1461820155 -0.0529076569 -0.9878419042 -0.1608751267 0.9865477085 -0.0290318504
-151.3 -466.7 2408.0 0.9760891199 0.1535061449 0.1539020836 -0.1461820155 0.9875621200 -0.0578951240 -0.1608751267 0.0340130851 0.9863885045
95.7 -507.3 2825.0 0.9896911383 0.0385047309 0.1379449964 0.1402510405 -0.0655271560 -0.9879452586 -0.0290014222 0.9971076250 -0.0702519715
78.5 -478.0 2379.8 0.9896911383 -0.1388065368 0.0352729708 0.1402510405 0.9892060161 -0.0424390212 -0.0290014222 0.0469485931 0.9984762073
-151.9 -289.3 3118.2 0 0 0 0 0 0 0 0 0
60.8 -373.8 2786.9 0 0 0 0 0 0 0 0 0
-205.5 -815.9 2396.0 0 0 0 0 0 0 0 0 0
131.5 -855.9 2361.8 0 0 0 0 0 0 0 0 0
54.3 1.4 3160.6 7 0.9954071045 0.0948302746 -0.0131131951 -0.0879934505 0.8523589373 -0.5155011415 -0.0377079658 0.5142873526 0.8567885756
34.5 -176.4 3053.3 0.9954071045 0.0948302746 -0.0131131951 -0.0879934505 0.8523589373 -0.5155011415 -0.0377079658 0.5142873526 0.8567885756
14.4 -341.2 2944.2 0.9947058558 0.1013037786 -0.0172555726 -0.0940051600 0.8291832805 -0.5510155559 -0.0415119193 0.5497205257 0.8343165517
-110.5 -162.7 3059.4 0.0280773845 -0.9665005803 0.2551239431 0.5484778881 0.2282693386 0.8044036031 -0.8356935382 0.1173442900 0.5365133882
-120.9 -365.9 3369.0 0.1256249100 -0.9598172903 -0.2509366572 -0.2826409936 0.2078316361 -0.9364401102 0.9509639740 0.1885651946 -0.2451748699
179.6 -190.1 3047.3 0.4010991752 0.4468037188 0.7996786237 -0.7885274291 0.6126964688 0.0531746708 -0.4662016332 -0.6518968344 0.5980690122
272.3 -372.4 2939.5 -0.8261367679 0.4468037188 0.3433139622 0.0029409474 0.6126964688 -0.7903128266 -0.5634619594 -0.6518968344 -0.5074850917
-92.0 -495.8 2840.0 0.9789154530 0.1392025799 -0.1494897306 -0.1415752620 -0.0651761368 -0.9877796173 -0.1472446322 0.9881167412 -0.0440942831
-153.0 -467.2 2406.8 0.9789154530 0.1476047337 0.1411997825 -0.1415752620 0.9885665774 -0.0518902168 -0.1472446322 0.0308057368 0.9886202812
89.9 -512.7 2834.0 0.9896891713 0.0249818228 0.1410365403 0.1425661445 -0.0769804493 -0.9867871404 -0.0137946848 0.9967195988 -0.0797482803
78.6 -477.8 2382.1 0.9896891713 -0.1410370618 0.0249788705 0.1425661445 0.9867887497 -0.0769597962 -0.0137946848 0.0797274187 0.9967212677
-154.1 -291.3 3118.0 0 0 0 0 0 0 0 0 0
58.2 -371.7 2793.4 0 0 0 0 0 0 0 0 0
-204.8 -814.5 2396.0 0 0 0 0 0 0 0 0 0
132.5 -854.7 2351.6 0 0 0 0 0 0 0 0 0
53.9 4.0 3160.2 8 0.9955068231 0.0915904790 -0.0240292326 -0.0906176418 0.8478835225 -0.5223810673 -0.0274711438 0.5222113729 0.8523735404
34.8 -172.8 3051.3 0.9955068231 0.0915904790 -0.0240292326 -0.0906176418 0.8478835225 -0.5223810673 -0.0274711438 0.5222113729 0.8523735404
15.1 -336.2 2940.1 0.9946463704 0.0993726328 -0.0283494387 -0.0981441587 0.8225421309 -0.5601715446 -0.0323471129 0.5599548817 0.8278914094
-110.4 -158.5 3056.0 0.0391935185 -0.9666168094 0.2532109022 0.5575164557 0.2314497679 0.7972492576 -0.8292401433 0.1099222451 0.5479761362
-124.9 -365.2 3363.5 0.1144853607 -0.9607628584 -0.2526417673 -0.2939096689 0.2101715505 -0.9324403405 0.9489521384 0.1810046285 -0.2583159208
180.0 -187.1 3046.6 0.3897587955 0.4614080191 0.7969885468 -0.8054764867 0.5903292298 0.0521449149 -0.4464255273 -0.6622794271 0.6017392874
272.4 -378.1 2940.7 -0.8362793922 0.4614080191 0.2962083220 0.0401666798 0.5903292298 -0.8061625361 -0.5468302965 -0.6622794271 -0.5122134089
-96.8 -497.3 2838.8 0.9791597128 0.1287709475 -0.1570485532 -0.1487206519 -0.0719791874 -0.9862561226 -0.1383053660 0.9890586734 -0.0513282269
-153.1 -465.8 2406.3 0.9791597128 0.1529013366 0.1336689293 -0.1487206519 0.9880380034 -0.0407803468 -0.1383053660 0.0200511441 0.9901866317
85.4 -514.5 2831.2 0.9904048443 0.0143441502 0.1374499053 0.1381836832 -0.0893269554 -0.9863700867 -0.0018706599 0.9958990812 -0.0904519781
78.9 -474.4 2384.1 0.9904048443 -0.1375928968 0.0129005220 0.1381836832 0.9872534275 -0.0789679140 -0.0018706599 0.0799928457 0.9967936873
-155.2 -287.5 3112.8 0 0 0 0 0 0 0 0 0
55.5 -367.7 2798.9 0 0 0 0 0 0 0 0 0
-207.1 -814.8 2399.3 0 0 0 0 0 0 0 0 0
131.5 -851.6 2353.5 0 0 0 0 0 0 0 0 0
55.2 3.5 3161.0 9 0.9947013259 0.1018853560 -0.0137364781 -0.0937919840 0.8446236849 -0.5270805955 -0.0420996360 0.5255761147 0.8497042656
33.8 -173.9 3050.6 0.9947013259 0.1018853560 -0.0137364781 -0.0937919840 0.8446236849 -0.5270805955 -0.0420996360 0.5255761147 0.8497042656
12.6 -336.7 2938.7 0.9941214919 0.1066867337 -0.0184495915 -0.0984178260 0.8194187284 -0.5646830201 -0.0451262444 0.5631793141 0.8251016140
-111.4 -159.5 3057.2 0.0292969197 -0.9650688171 0.2603533268 0.5620066524 0.2313000709 0.7941340208 -0.8266137242 0.1230546236 0.5491514802
-122.3 -368.0 3363.8 0.1259859353 -0.9583510756 -0.2563021779 -0.2992324531 0.2096154988 -0.9308712482 0.9458263516 0.1939706057 -0.2603611350
178.9 -188.3 3044.0 0.3948197663 0.4695512354 0.7897081375 -0.8088420630 0.5853185654 0.0563622937 -0.4357658625 -0.6610020995 0.6108881235
273.0 -380.9 2940.2 -0.8337337971 0.4695512354 0.2905332744 0.0475905277 0.5853185654 -0.8094055057 -0.5501118898 -0.6610020995 -0.5103460550
-95.8 -490.7 2831.8 0.9792996645 0.1327780634 -0.1527814865 -0.1463036388 -0.0573034249 -0.9875786304 -0.1398836821 0.9894878864 -0.0366913080
-152.8 -466.1 2407.2 0.9792996645 0.1506714225 0.1351677477 -0.1463036388 0.9883586168 -0.0417429917 -0.1398836821 0.0211033635 0.9899430275
86.5 -508.7 2825.9 0.9909471273 0.0173222348 0.1331304461 0.1340987086 -0.0802362859 -0.9877143502 -0.0064275283 0.9966253638 -0.0818328038
78.8 -473.0 2382.3 0.9909471273 -0.1332499683 0.0163774733 0.1340987086 0.9882586598 -0.0732281730 -0.0064275283 0.0747614428 0.9971807599
-155.6 -288.9 3113.8 0 0 0 0 0 0 0 0 0
56.5 -368.6 2797.4 0 0 0 0 0 0 0 0 0
-206.0 -815.0 2399.7 0 0 0 0 0 0 0 0 0
129.7 -850.6 2353.7 0 0 0 0 0 0 0 0 0
54.5 1.9 3160.4 0 0.9939185381 0.1090884209 -0.0150204301 -0.1008942798 0.8475099802 -0.5211018920 -0.0441162214 0.5194483399 0.8533622622
31.7 -175.1 3051.9 0.9939185381 0.1090884209 -0.0150204301 -0.1008942798 0.8475099802 -0.5211018920 -0.0441162214 0.5194483399 0.8533622622
8.7 -338.4 2941.0 0.9930570126 0.1158789992 -0.0202440508 -0.1072864234 0.8216134310 -0.5598580241 -0.0482430048 0.5581429005 0.8283411860
-113.3 -159.4 3059.0 0.0310316347 -0.9625647664 0.2692696750 0.5570272207 0.2403405607 0.7949572802 -0.8299142718 0.1253217012 0.5436329246
-124.8 -366.1 3366.9 0.1269509345 -0.9557673931 -0.2653152347 -0.2950161397 0.2189925760 -0.9300579429 0.9470210671 0.1963439882 -0.2541654706
176.7 -190.8 3044.9 0.4203934371 0.4866539240 0.7657919526 -0.8076487184 0.5853248835 0.0714026615 -0.4134886861 -0.6485080719 0.6391121745
276.1 -381.7 2947.1 -0.8192100525 0.4866539240 0.3034186661 0.0479357727 0.5853248835 -0.8093805909 -0.5714867115 -0.6485080719 -0.5028321147
-99.8 -490.5 2830.9 0.9802136421 0.1237444133 -0.1544946432 -0.1491376460 -0.0514993295 -0.9874744415 -0.1301508248 0.9909768701 -0.0320253931
-152.3 -468.6 2410.0 0.9802136421 0.1549028158 0.1232330799 -0.1491376460 0.9872988462 -0.0547629967 -0.1301508248 0.0353007428 0.9908655882
82.5 -508.6 2822.7 0.9913398027 0.0070440732 0.1311325580 0.1312762499 -0.0793994740 -0.9881610274 0.0034511767 0.9968180060 -0.0796365812
79.4 -473.5 2382.4 0.9913398027 -0.1312028915 0.0055825948 0.1312762499 0.9889843464 -0.0683847368 0.0034511767 0.0685253739 0.9976434112
-158.4 -288.1 3116.6 0 0 0 0 0 0 0 0 0
63.4 -369.2 2798.7 0 0 0 0 0 0 0 0 0
-206.7 -815.0 2397.6 0 0 0 0 0 0 0 0 0
129.5 -851.4 2356.2 0 0 0 0 0 0 0 0 0
53.3 3.1 3160.1 1 0.9934799671 0.1117673665 0.0224860702 -0.0834121853 0.8470456004 -0.5249344707 -0.0777172670 0.5196362734 0.8508455753
29.9 -174.4 3051.2 0.9934799671 0.1117673665 0.0224860702 -0.0834121853 0.8470456004 -0.5249344707 -0.0777172670 0.5196362734 0.8508455753
5.8 -337.1 2939.6 0.9925265312 0.1209000126 0.0165608805 -0.0902373418 0.8185175061 -0.5673502684 -0.0821480304 0.5616158247 0.8233100176
-115.0 -161.2 3063.2 -0.0057579740 -0.9616726637 0.2741396725 0.5647736192 0.2231072038 0.7945148945 -0.8252257705 0.1594016552 0.5418426991
-112.9 -370.7 3369.2 0.1632788777 -0.9521621466 -0.2583162189 -0.3010173738 0.2012646496 -0.9321379066 0.9395363331 0.2299561054 -0.2537550926
174.8 -187.6 3039.2 0.4475454986 0.5245199800 0.7242801785 -0.8308250308 0.5434889197 0.1197895706 -0.3308062255 -0.6553614140 0.6790204048
279.3 -381.7 2961.9 -0.7951942086 0.5245199800 0.3042119741 0.0376861133 0.5434889197 -0.8385699391 -0.6051825285 -0.6553614140 -0.4519463480
-105.4 -491.8 2834.5 0.9818813205 0.1108739972 -0.1536751539 -0.1484313756 -0.0541419052 -0.9874395132 -0.1178016290 0.9923586249 -0.0367037430
-153.0 -468.5 2408.0 0.9818813205 0.1537395120 0.1107847542 -0.1484313756 0.9874079227 -0.0547152124 -0.1178016290 0.0372799113 0.9923371077
76.7 -511.4 2825.7 0.9926682115 -0.0085462835 0.1205686629 0.1193050817 -0.0907745510 -0.9886992574 0.0193942711 0.9958347678 -0.0890893936
80.5 -471.5 2387.6 0.9926682115 -0.1206387728 -0.0074918177 0.1193050817 0.9878678322 -0.0994153395 0.0193942711 0.0977926329 0.9950178266
-156.0 -291.2 3121.0 0 0 0 0 0 0 0 0 0
73.0 -372.0 2804.9 0 0 0 0 0 0 0 0 0
-207.0 -815.2 2394.9 0 0 0 0 0 0 0 0 0
126.6 -848.8 2350.2 0 0 0 0 0 0 0 0 0
53.2 2.9 3159.9 2 0.9945223331 0.1028838158 0.0184452590 -0.0781830922 0.8493427038 -0.5220195651 -0.0693737119 0.5177180171 0.8527340293
31.7 -174.8 3051.6 0.9945223331 0.1028838158 0.0184452590 -0.0781830922 0.8493427038 -0.5220195651 -0.0693737119 0.5177180171 0.8527340293
10.2 -337.9 2940.1 0.9940471649 0.1081768572 0.0129629364 -0.0819432288 0.8207363486 -0.5654000044 -0.0718023553 0.5609720349 0.8247149587
-113.5 -162.9 3062.0 -0.0021048449 -0.9651172757 0.2618094683 0.5628818870 0.2152521014 0.7980166078 -0.8265346885 0.1490475088 0.5427939892
-112.7 -371.7 3368.7 0.1561664641 -0.9561467767 -0.2477809340 -0.2976756096 0.1936359853 -0.9348231554 0.9418074489 0.2197463661 -0.2543821037
176.8 -186.8 3041.1 0.4407037199 0.5076395273 0.7403258085 -0.8265739083 0.5511341691 0.1141344979 -0.3500796854 -0.6622335315 0.6624884605
278.3 -377.1 2960.5 -0.7973030210 0.5076395273 0.3265118599 0.0092150513 0.5511341691 -0.8343657255 -0.6035088897 -0.6622335315 -0.4440988898
-109.2 -491.5 2835.6 0.9837777615 0.1082891896 -0.1430203021 -0.1380464882 -0.0521512926 -0.9890517592 -0.1145623103 0.9927505851 -0.0363563374
-156.1 -468.8 2405.0 0.9837777615 0.1421571821 0.1094198078 -0.1380464882 0.9894341826 -0.0443073884 -0.1145623103 0.0284836013 0.9930076599
72.8 -508.0 2820.5 0.9920419455 -0.0162689146 0.1248524487 0.1231860444 -0.0796598122 -0.9891812205 0.0260386281 0.9966893196 -0.0770217702
79.8 -473.4 2387.3 0.9920419455 -0.1250579506 -0.0146054598 0.1231860444 0.9880331755 -0.0928205550 0.0260386281 0.0902826935 0.9955757260
-153.9 -293.0 3119.8 0 0 0 0 0 0 0 0 0
71.3 -374.7 2803.8 0 0 0 0 0 0 0 0 0
-205.9 -815.2 2395.0 0 0 0 0 0 0 0 0 0
127.6 -850.8 2352.8 0 0 0 0 0 0 0 0 0
52.7 1.4 3173.8 3 0.9940046668 0.1087771580 0.0110580483 -0.0841200128 0.8254330158 -0.5581972599 -0.0698467866 0.5539204478 0.8296346068
29.7 -173.1 3056.7 0.9940046668 0.1087771580 0.0110580483 -0.0841200128 0.8254330158 -0.5581972599 -0.0698467866 0.5539204478 0.8296346068
7.2 -331.5 2939.1 0.9935218692 0.1134947687 0.0057623452 -0.0876450762 0.7975401878 -0.5968651175 -0.0723367706 0.5924935341 0.8023208976
-115.4 -160.3 3067.3 0.0051756664 -0.9636877179 0.2669817209 0.5942842960 0.2176869065 0.7742341757 -0.8042383790 0.1546558589 0.5738311410
-117.3 -380.7 3365.5 0.1508643329 -0.9551022649 -0.2549893856 -0.3351145089 0.1932569742 -0.9221442342 0.9300205708 0.2245693207 -0.2909130454
174.8 -185.9 3046.2 0.3672152758 0.5427987576 0.7553293705 -0.8452000022 0.5337503552 0.0273408368 -0.3883167505 -0.6484443545 0.6547747850
259.7 -381.3 2956.4 -0.7760099173 0.5427987576 0.3212135136 0.0234426707 0.5337503552 -0.8453171253 -0.6302849054 -0.6484443545 -0.4269202054
-102.4 -493.5 2835.2 0.9815010428 0.1224048287 -0.1472169012 -0.1412354857 -0.0562324673 -0.9883776903 -0.1292605698 0.9908859730 -0.0379043184
-155.7 -469.0 2403.8 0.9815010428 0.1442501545 0.1258874536 -0.1412354857 0.9894391298 -0.0326003321 -0.1292605698 0.0142174829 0.9915087223
79.8 -508.5 2822.1 0.9915180802 -0.0009901474 0.1299651712 0.1295287311 -0.0747059882 -0.9887574911 0.0106881931 0.9972051382 -0.0739440843
80.2 -475.6 2383.0 0.9915180802 -0.1299643964 -0.0010873938 0.1295287311 0.9888131022 -0.0739661306 0.0106881931 0.0731979012 0.9972601533
-157.2 -292.2 3119.9 0 0 0 0 0 0 0 0 0
58.3 -375.3 2792.8 0 0 0 0 0 0 0 0 0
-206.4 -816.4 2398.8 0 0 0 0 0 0 0 0 0
129.9 -853.4 2355.0 0 0 0 0 0 0 0 0 0
55.8 5.7 3166.8 4 0.9944779873 0.1040663198 -0.0135568511 -0.0955339670 0.8442379236 -0.5273855925 -0.0434378721 0.5257685184 0.8495178819
33.8 -172.7 3055.7 0.9944779873 0.1040663198 -0.0135568511 -0.0955339670 0.8442379236 -0.5273855925 -0.0434378721 0.5257685184 0.8495178819
12.1 -335.3 2943.9 0.9939188957 0.1085732207 -0.0183591694 -0.0999069363 0.8190544248 -0.5649499297 -0.0463012755 0.5633486509 0.8249208927
-111.4 -158.2 3062.4 0.0293719172 -0.9645705223 0.2621851265 0.5622173548 0.2328167409 0.7935414314 -0.8264677525 0.1240971908 0.5491365194
-122.2 -366.6 3368.7 0.1267298013 -0.9577816725 -0.2580578327 -0.2996795475 0.2110300064 -0.9304077029 0.9455853701 0.1952450424 -0.2602837980
178.9 -187.2 3049.0 0.3119911849 0.5557066202 0.7706177235 -0.8554657698 0.5171756148 -0.0266021844 -0.4133276939 -0.6509374380 0.6367422342
250.0 -382.1 2954.8 -0.7586124539 0.5557066202 0.3401430547 -0.0049019996 0.5171756148 -0.8558652997 -0.6515237093 -0.6509374380 -0.3896117806
-106.5 -481.8 2828.1 0.9824846387 0.1199988648 -0.1425628960 -0.1402182430 -0.0278046019 -0.9897301197 -0.1227303967 0.9923846126 -0.0104915649
-158.2 -469.8 2400.3 0.9824846387 0.1420270801 0.1206325591 -0.1402182430 0.9898441434 -0.0233966839 -0.1227303967 0.0060719973 0.9924214482
75.7 -497.9 2814.8 0.9912285209 -0.0076903715 0.1319352239 0.1313944459 -0.0498920977 -0.9900738597 0.0141965607 0.9987249970 -0.0484439991
79.1 -476.2 2379.8 0.9912285209 -0.1319613606 -0.0072279633 0.1313944459 0.9898929596 -0.0533614606 0.0141965607 0.0519436859 0.9985491037
-155.7 -287.4 3119.1 0 0 0 0 0 0 0 0 0
53.1 -383.4 2785.7 0 0 0 0 0 0 0 0 0
-207.9 -816.1 2398.2 0 0 0 0 0 0 0 0 0
129.5 -854.3 2360.0 0 0 0 0 0 0 0 0 0
53.0 7.0 3162.8 5 0.9944747090 0.0890640542 -0.0555667616 -0.1049295366 0.8591883779 -0.5007845163 0.0031404151 0.5038481355 0.8637865186
34.1 -174.5 3056.4 0.9944747090 0.0890640542 -0.0555667616 -0.1049295366 0.8591883779 -0.5007845163 0.0031404151 0.5038481355 0.8637865186
16.1 -340.6 2949.4 0.9941534400 0.0902260169 -0.0593143888 -0.1079690456 0.8371303082 -0.5362420082 0.0012708958 0.5395109653 0.8419775963
-110.9 -158.8 3056.2 0.0706312731 -0.9671806097 0.2440755069 0.5336716175 0.2433623821 0.8099193573 -0.8427370787 0.0730505288 0.5333458185
-137.1 -356.5 3368.3 0.0823188052 -0.9637237191 -0.2538900673 -0.2680339515 0.2239593565 -0.9370165467 0.9598861337 0.1451852322 -0.2398746014
179.2 -190.1 3056.6 0.2786893249 0.5855041146 0.7612602711 -0.8581297398 0.5077242255 -0.0763510391 -0.4312141240 -0.6319818497 0.6439357996
241.7 -382.7 2959.8 -0.7382049561 0.5855041146 0.3350200355 0.0117516154 0.5077242255 -0.8614395261 -0.6744741797 -0.6319818497 -0.3816851377
-100.6 -488.8 2836.3 0.9820021987 0.1287778914 -0.1381589323 -0.1336932778 -0.0427413657 -0.9901006222 -0.1334081739 0.9907519221 -0.0247553773
-157.5 -469.9 2398.8 0.9820021987 0.1357637793 0.1313005388 -0.1336932778 0.9907198548 -0.0244993176 -0.1334081739 0.0065043843 0.9910398126
81.6 -507.0 2827.9 0.9912674427 0.0048011262 0.1317795366 0.1318111122 -0.0651604533 -0.9891309142 0.0038378725 0.9978632331 -0.0652242750
79.4 -477.6 2378.4 0.9912674427 -0.1318245530 0.0033445847 0.1318111122 0.9897905588 -0.0542259440 0.0038378725 0.0541932657 0.9985231161
-158.8 -285.8 3115.1 0 0 0 0 0 0 0 0 0
50.2 -379.6 2784.8 0 0 0 0 0 0 0 0 0
-204.6 -813.3 2396.5 0 0 0 0 0 0 0 0 0
129.8 -855.8 2357.6 0 0 0 0 0 0 0 0 0
51.1 5.0 3161.8 6 0.9934847355 0.0902372822 -0.0696084872 -0.1130035818 0.8591830134 -0.4990337491 0.0147749810 0.5036484003 0.8637823462
32.3 -174.8 3056.4 0.9934847355 0.0902372822 -0.0696084872 -0.1130035818 0.8591830134 -0.4990337491 0.0147749810 0.5036484003 0.8637823462
13.9 -340.7 2948.7 0.9930183887 0.0920851529 -0.0737208948 -0.1173372567 0.8352198005 -0.5372521877 0.0121001992 0.5421515107 0.8401936293
-112.7 -157.8 3054.6 0.0848148912 -0.9656146169 0.2457535118 0.5343997478 0.2522514164 0.8067131639 -0.8409656882 0.0629093349 0.5374189019
-144.1 -355.9 3366.4 0.0690887347 -0.9631443024 -0.2599611878 -0.2705998719 0.2327217013 -0.9341393709 0.9602096081 0.1348839700 -0.2445482761
177.2 -191.9 3058.2 0.2924033999 0.5948927999 0.7487341762 -0.8601085544 0.5058240294 -0.0659945756 -0.4179874361 -0.6246956587 0.6595770121
242.5 -384.0 2964.8 -0.7338935733 0.5948927999 0.3278762102 0.0247853249 0.5058240294 -0.8622805476 -0.6788121462 -0.6246956587 -0.3859656155
-93.1 -497.0 2842.2 0.9792932272 0.1471439302 -0.1390448064 -0.1310295463 -0.0628781840 -0.9893824458 -0.1543245018 0.9871144891 -0.0422959737
-159.1 -468.9 2399.7 0.9792932272 0.1343566477 0.1514367461 -0.1310295463 0.9908688068 -0.0317852497 -0.1543245018 0.0112843905 0.9879557490
89.0 -516.6 2842.5 0.9902036786 0.0240185875 0.1375492364 0.1391714811 -0.0899567306 -0.9861739874 -0.0113130249 0.9956560135 -0.0924181864
78.0 -475.3 2385.2 0.9902036786 -0.1379966438 0.0212981775 0.1391714811 0.9877578020 -0.0704685003 -0.0113130249 0.0727422684 0.9972866178
-162.4 -284.4 3112.8 0 0 0 0 0 0 0 0 0
52.0 -377.5 2788.6 0 0 0 0 0 0 0 0 0
-205.6 -812.2 2395.8 0 0 0 0 0 0 0 0 0
130.7 -852.7 2357.5 0 0 0 0 0 0 0 0 0
52.2 4.9 3174.3 7 0.9954252243 0.0819522664 -0.0491169840 -0.0955362096 0.8471947312 -0.5226221085 -0.0012184151 0.5249236822 0.8511484265
35.1 -172.4 3064.4 0.9954252243 0.0819522664 -0.0491169840 -0.0955362096 0.8471947312 -0.5226221085 -0.0012184151 0.5249236822 0.8511484265
17.6 -336.3 2953.4 0.9947718978 0.0875877514 -0.0525091104 -0.1019790843 0.8248512745 -0.5560761690 -0.0053932513 0.5585237741 0.8294709921
-110.2 -157.6 3065.1 0.0634671077 -0.9682995677 0.2415944934 0.5533224940 0.2356088459 0.7989509702 -0.8305456638 0.0829725638 0.5507353544
-133.7 -362.8 3373.1 0.0881707370 -0.9644098282 -0.2492782027 -0.2897509038 0.2146001607 -0.9327331781 0.9530321956 0.1544683427 -0.2605171502
180.3 -187.3 3063.6 0.2811369002 0.6068745852 0.7434145808 -0.8669877052 0.4927476048 -0.0743780956 -0.4114539325 -0.6236209273 0.6646823287
244.0 -383.9 2970.3 -0.7291384935 0.6068745852 0.3163230419 0.0328841247 0.4927476048 -0.8695507050 -0.6835756302 -0.6236209273 -0.3792378008
-95.5 -495.9 2840.0 0.9799596071 0.1399365515 -0.1417634934 -0.1332347244 -0.0685888678 -0.9887082577 -0.1480798274 0.9877820015 -0.0485699177
-156.8 -465.8 2407.0 0.9799596071 0.1400398016 0.1416614950 -0.1332347244 0.9894738197 -0.0564802475 -0.1480798274 0.0364741310 0.9883025885
86.5 -517.3 2842.2 0.9906169176 0.0190095063 0.1353396475 0.1365623027 -0.0987147987 -0.9857008457 -0.0053776610 0.9949342012 -0.1003845260
77.8 -472.1 2386.4 0.9906169176 -0.1357861310 0.0155018568 0.1365623027 0.9879246950 -0.0731813088 -0.0053776610 0.0746116117 0.9971981645
-157.0 -286.2 3121.3 0 0 0 0 0 0 0 0 0
54.6 -375.3 2792.8 0 0 0 0 0 0 0 0 0
-205.8 -811.7 2394.3 0 0 0 0 0 0 0 0 0
129.7 -849.6 2357.9 0 0 0 0 0 0 0 0 0
53.3 7.1 3168.5 8 0.9923651218 0.1168591753 0.0394382402 -0.0771967471 0.8379056454 -0.5403284431 -0.0961878598 0.5331586003 0.8405295014
28.6 -170.7 3055.4 0.9923651218 0.1168591753 0.0394382402 -0.0771967471 0.8379056454 -0.5403284431 -0.0961878598 0.5331586003 0.8405295014
3.8 -331.0 2941.2 0.9917925000 0.1235361546 0.0329613574 -0.0811154991 0.8072186112 -0.5846524239 -0.0988327265 0.5771802068 0.8106140494
-115.6 -159.1 3069.7 -0.0215358827 -0.9607258439 0.2766623199 0.5834223032 0.2126451135 0.7838370204 -0.8118833899 0.1782916039 0.5559294224
-107.7 -374.6 3369.7 0.1794944108 -0.9499764442 -0.2555906177 -0.3200853169 0.1892766058 -0.9282886386 0.9302296042 0.2484334111 -0.2700994313
172.8 -182.3 3041.1 0.3231430352 0.6354663372 0.7012568116 -0.8987081051 0.4382166564 0.0170256197 -0.2964831889 -0.6357268691 0.7127054334
244.3 -381.1 2975.5 -0.7175822258 0.6354663372 0.2850583494 0.0312106702 0.4382166564 -0.8983273506 -0.6957741380 -0.6357268691 -0.3342898190
-91.1 -490.8 2843.0 0.9791249037 0.1472323835 -0.1401323974 -0.1329688132 -0.0574690662 -0.9894526601 -0.1537327617 0.9874309897 -0.0366920754
-155.9 -465.5 2408.6 0.9791249037 0.1412171125 0.1461923271 -0.1329688132 0.9890007377 -0.0647828430 -0.1537327617 0.0439914763 0.9871327281
84.5 -507.5 2835.3 0.9896315336 0.0178817585 0.1425119042 0.1434492618 -0.0733756423 -0.9869338274 -0.0071912091 0.9971440434 -0.0751799792
76.5 -474.7 2389.5 0.9896315336 -0.1423393190 0.0192073304 0.1434492618 0.9862081409 -0.0825577751 -0.0071912091 0.0844570547 0.9964011908
-154.9 -290.4 3125.0 0 0 0 0 0 0 0 0 0
57.9 -373.0 2794.8 0 0 0 0 0 0 0 0 0
-205.3 -811.9 2393.2 0 0 0 0 0 0 0 0 0
130.9 -851.6 2357.2 0 0 0 0 0 0 0 0 0
53.9 6.3 3164.1 9 0.9939913154 0.1090356633 0.0096181780 -0.0877264589 0.8461086154 -0.5257416368 -0.0654626116 0.5217388868 0.8505899310
30.8 -173.4 3053.3 0.9939913154 0.1090356633 0.0096181780 -0.0877264589 0.8461086154 -0.5257416368 -0.0654626116 0.5217388868 0.8505899310
8.2 -335.9 2941.5 0.9936383963 0.1125471666 0.0039878311 -0.0903770030 0.8180326223 -0.5680269599 -0.0671919957 0.5640529394 0.8230003119
-114.0 -160.3 3063.1 0.0073382389 -0.9639292359 0.2660574317 0.5661063790 0.2233274281 0.7935038805 -0.8242995143 0.1447938979 0.5473253131
-116.7 -369.8 3368.1 0.1488747001 -0.9554854631 -0.2547231615 -0.3019712567 0.2013608217 -0.9318085313 0.9416207671 0.2156417966 -0.2585516274
175.5 -186.4 3043.6 0.3275181055 0.6480334997 0.6875932217 -0.8976404071 0.4405552745 0.0123603540 -0.2949129045 -0.6212596893 0.7259908915
246.3 -380.6 2979.8 -0.6979069114 0.6480334997 0.3049237728 0.0169153661 0.4405552745 -0.8975661397 -0.7159886956 -0.6212596893 -0.3184282780
-111.5 -484.1 2835.9 0.9849133492 0.1017798558 -0.1399521083 -0.1359573901 -0.0452142619 -0.9896823764 -0.1070575640 0.9937789440 -0.0306944065
-155.3 -464.7 2408.7 0.9849133492 0.1409994364 0.1003239304 -0.1359573901 0.9891606569 -0.0554688647 -0.1070575640 0.0409922414 0.9934074283
68.4 -499.4 2816.7 0.9897193313 -0.0214270074 0.1414089054 0.1400269270 -0.0561464131 -0.9885545373 0.0291213673 0.9981926084 -0.0525688343
77.6 -475.2 2386.8 0.9897193313 -0.1420395374 -0.0167441107 0.1400269270 0.9861603379 -0.0887709856 0.0291213673 0.0855137333 0.9959113002
-155.9 -290.2 3120.0 0 0 0 0 0 0 0 0 0
65.1 -376.2 2793.9 0 0 0 0 0 0 0 0 0
-205.0 -813.8 2394.3 0 0 0 0 0 0 0 0 0
131.9 -852.0 2354.1 0 0 0 0 0 0 0 0 0
52.2 4.7 3163.0 0 0.9940053225 0.1004032642 0.0432729237 -0.0637584701 0.8538599014 -0.5165830851 -0.0888156444 0.5107273459 0.8551428914
30.9 -175.9 3054.9 0.9940053225 0.1004032642 0.0432729237 -0.0637584701 0.8538599014 -0.5165830851 -0.0888156444 0.5107273459 0.8551428914
9.6 -339.7 2944.6 0.9935363531 0.1070804521 0.0376735888 -0.0675521940 0.8244588971 -0.5618756413 -0.0912262276 0.5556989312 0.8263633847
-113.9 -166.1 3068.2 -0.0266181417 -0.9650659561 0.2606515586 0.5597409010 0.2016461641 0.8037592769 -0.8282400966 0.1672919095 0.5348194242
-104.1 -373.4 3375.0 0.1791395098 -0.9543777704 -0.2388976216 -0.2914314270 0.1804502904 -0.9394176006 0.9396684170 0.2379090935 -0.2458098978
175.8 -185.7 3041.6 0.3753356040 0.5917231441 0.7134331465 -0.8721976876 0.4859598577 0.0558050051 -0.3136787713 -0.6432003379 0.6984975934
257.8 -376.3 2973.0 -0.7354887724 0.5917231441 0.3300302625 -0.0012049708 0.4859598577 -0.8739802837 -0.6775358319 -0.6432003379 -0.3567050099
-105.2 -490.2 2835.8 0.9817295074 0.1071779206 -0.1572262198 -0.1526378393 -0.0497995131 -0.9870266914 -0.1136172637 0.9929918647 -0.0325302444
-151.9 -468.5 2403.0 0.9817295074 0.1557051539 0.1093759388 -0.1526378393 0.9876288772 -0.0359296091 -0.1136172637 0.0185782518 0.9933508635
76.0 -506.9 2823.0 0.9913190603 -0.0097428132 0.1311167777 0.1302285045 -0.0644122362 -0.9893894792 0.0180849619 0.9978758097 -0.0625842810
80.3 -478.4 2381.6 0.9913190603 -0.1311239451 -0.0096457424 0.1302285045 0.9893415570 -0.0651446804 0.0180849619 0.0633230135 0.9978291988
-151.3 -296.5 3127.1 0 0 0 0 0 0 0 0 0
67.1 -376.7 2797.3 0 0 0 0 0 0 0 0 0
-206.3 -813.7 2396.5 0 0 0 0 0 0 0 0 0
130.4 -856.4 2357.4 0 0 0 0 0 0 0 0 0
52.8 3.8 3161.4 1 0.9939194918 0.0856917575 -0.0691444352 -0.1090700403 0.8522802591 -0.5115877986 0.0150915822 0.5160186291 0.8564444184
34.6 -177.0 3051.9 0.9939194918 0.0856917575 -0.0691444352 -0.1090700403 0.8522802591 -0.5115877986 0.0150915822 0.5160186291 0.8564444184
16.2 -341.2 2941.6 0.9929879904 0.0926977247 -0.0733620450 -0.1178334951 0.8259667158 -0.5512660742 0.0094934925 0.5560451150 0.8310979009
-109.4 -159.9 3050.5 0.0845165551 -0.9655041695 0.2462896854 0.5490631461 0.2513888776 0.7970780134 -0.8314966559 0.0678622946 0.5513692498
-140.5 -362.2 3356.9 0.0695954338 -0.9629946947 -0.2603799999 -0.2855921984 0.2308543921 -0.9301308393 0.9558208585 0.1390953660 -0.2589573562
178.7 -194.0 3053.3 0.4264274836 0.5649920106 0.7063594460 -0.8393412828 0.5382390618 0.0761898533 -0.3371436000 -0.6253660917 0.7037410140
270.7 -375.1 2980.6 -0.7400120497 0.5649920106 0.3649194241 -0.0046563814 0.5382390618 -0.8427793384 -0.6725774407 -0.6253660917 -0.3956725895
-102.6 -497.3 2842.7 0.9811514020 0.1140616238 -0.1559869200 -0.1494581401 -0.0637619942 -0.9867100120 -0.1224917844 0.9914253950 -0.0455127321
-153.2 -469.1 2403.6 0.9811514020 0.1528851837 0.1181866899 -0.1494581401 0.9880608916 -0.0373884104 -0.1224917844 0.0190197248 0.9922872782
78.9 -509.8 2825.7 0.9912745357 -0.0016147508 0.1318036020 0.1313051730 -0.0756342560 -0.9884525537 0.0115649719 0.9971343279 -0.0747622848
79.7 -476.2 2383.3 0.9912745357 -0.1318021715 -0.0017276709 0.1313051730 0.9885169864 -0.0747873858 0.0115649719 0.0739079788 0.9971979856
-158.8 -287.3 3106.0 0 0 0 0 0 0 0 0 0
78.5 -376.4 2806.0 0 0 0 0 0 0 0 0 0
-206.3 -812.6 2397.0 0 0 0 0 0 0 0 0 0
130.0 -853.9 2355.1 0 0 0 0 0 0 0 0 0
51.9 2.7 3160.6 2 0.9947519898 0.0865764990 -0.0545252077 -0.1023130268 0.8455100060 -0.5240656734 0.0007298374 0.5268940330 0.8499307036
33.6 -175.9 3049.3 0.9947519898 0.0865764990 -0.0545252077 -0.1023130268 0.8455100060 -0.5240656734 0.0007298374 0.5268940330 0.8499307036
14.9 -338.8 2937.0 0.9938567281 0.0938352048 -0.0586838797 -0.1105750352 0.8194084764 -0.5624437332 -0.0046909573 0.5654774308 0.8247504234
-111.1 -159.9 3049.9 0.0696543530 -0.9663573503 0.2475918531 0.5599876046 0.2432774901 0.7919784784 -0.8255677819 0.0834836140 0.5580934882
-136.8 -366.9 3355.2 0.0840359405 -0.9627745748 -0.2569107115 -0.2979420424 0.2217509001 -0.9284703135 0.9508777261 0.1545693725 -0.2682159543
178.2 -192.0 3048.6 0.4551433325 0.5690126419 0.6848862171 -0.8399468064 0.5296512842 0.1181479618 -0.2955231667 -0.6290422678 0.7190076113
