48.0 0.2 3213.4 20 0.9946509004 0.1023926213 0.0136133460 -0.0749209151 0.8058748245 -0.5873267055 -0.0711085722 0.5831651092 0.8092354536
26.4 -169.7 3090.5 0.9946509004 0.1023926213 0.0136133460 -0.0749209151 0.8058748245 -0.5873267055 -0.0711085722 0.5831651092 0.8092354536
5.0 -325.3 2968.8 0.9941793680 0.1072985828 0.0097162258 -0.0784942284 0.7831499577 -0.6168587804 -0.0737973377 0.6125056148 0.7870138884
-118.8 -158.2 3101.2 0.0011343182 -0.9653481841 0.2609629035 0.6145855188 0.2065336704 0.7613333464 -0.7888494134 0.1595204175 0.5935232639
-119.2 -386.1 3393.7 0.1528974771 -0.9566222429 -0.2479843944 -0.3573260009 0.1804417521 -0.9163836241 0.9213796854 0.2287240177 -0.3142369092
171.5 -181.2 3079.7 0.4346936643 0.6112508774 0.6613726616 -0.8452506065 0.5303544998 0.0653873757 -0.3107938766 -0.5874491334 0.7472019196
280.8 -393.7 3001.6 -0.7250819802 0.6112508774 0.3172198832 0.0777593106 0.5303544998 -0.8442023396 -0.6842584014 -0.5874491334 -0.4320809543
-101.0 -473.7 2851.5 0.9823219180 0.1273893863 -0.1371701062 -0.1358107924 -0.0193375368 -0.9905460477 -0.1288375854 0.9916642308 -0.0016948329
-158.5 -464.9 2403.9 0.9823219180 0.1394672841 0.1248702109 -0.1358107924 0.9900296330 -0.0373734646 -0.1288375854 0.0197540522 0.9914689660
81.5 -486.0 2838.9 0.9904860854 0.0077819289 0.1373926550 0.1374861449 -0.0131238531 -0.9904167652 -0.0059042317 0.9998835921 -0.0140689015
77.9 -479.9 2374.3 0.9904860854 -0.1372054070 0.0105819134 0.1374861449 0.9899432063 -0.0333169214 -0.0059042317 0.0344548151 0.9993888140
-159.6 -291.7 3150.4 0 0 0 0 0 0 0 0 0
77.8 -371.9 2810.0 0 0 0 0 0 0 0 0 0
-207.9 -815.5 2396.9 0 0 0 0 0 0 0 0 0
130.3 -858.2 2361.1 0 0 0 0 0 0 0 0 0
46.8 0.5 3214.1 21 0.9949246645 0.1005693376 -0.0032806171 -0.0832327306 0.8042185903 -0.5884766579 -0.0565443784 0.5857630372 0.8085075021
25.7 -168.5 3091.1 0.9949246645 0.1005693376 -0.0032806171 -0.0832327306 0.8042185903 -0.5884766579 -0.0565443784 0.5857630372 0.8085075021
4.1 -323.5 2968.7 0.9940942526 0.1082738116 -0.0073040761 -0.0895326957 0.7802690268 -0.6190025806 -0.0613226257 0.6160008907 0.7853549719
-119.4 -155.4 3100.0 0.0181509033 -0.9649208784 0.2619127631 0.6166115999 0.2170115411 0.7567669153 -0.7870582342 0.1477624476 0.5989203453
-126.2 -384.1 3391.8 0.1370624304 -0.9573754668 -0.2542559803 -0.3614601493 0.1906402260 -0.9126899242 0.9222583175 0.2169989049 -0.3199234605
170.8 -181.6 3082.1 0.4327766001 0.5930973291 0.6789256334 -0.8353911042 0.5469243526 0.0547310859 -0.3388600945 -0.5908547640 0.7321642637
280.7 -393.8 2996.1 -0.7430629730 0.5930973291 0.3099887371 0.0892823189 0.5469243526 -0.8324075937 -0.6632391214 -0.5908547640 -0.4593523443
-107.5 -473.7 2853.9 0.9848340750 0.1126759648 -0.1319319010 -0.1307859272 -0.0175351370 -0.9912555218 -0.1140041128 0.9934770465 -0.0025327695
-157.9 -465.9 2409.4 0.9848340750 0.1363299936 0.1073127687 -0.1307859272 0.9897626042 -0.0571403876 -0.1140041128 0.0422387980 0.9925819635
74.8 -488.1 2840.4 0.9895544052 -0.0046533039 0.1440847516 0.1440228522 -0.0116548790 -0.9895057082 0.0062837615 0.9999212623 -0.0108629549
77.0 -482.7 2374.4 0.9895544052 -0.1441551447 -0.0011676094 0.1440228522 0.9889345169 -0.0355802216 0.0062837615 0.0350404046 0.9993661642
-162.4 -288.6 3148.2 0 0 0 0 0 0 0 0 0
72.7 -368.8 2810.4 0 0 0 0 0 0 0 0 0
-205.6 -811.8 2394.7 0 0 0 0 0 0 0 0 0
132.1 -860.6 2361.0 0 0 0 0 0 0 0 0 0
47.5 -0.1 3214.9 22 0.9963629246 0.0838528052 0.0151530309 -0.0584963448 0.8023968935 -0.5939169526 -0.0619603470 0.5908704400 0.8043836355
30.0 -167.7 3091.5 0.9963629246 0.0838528052 0.0151530309 -0.0584963448 0.8023968935 -0.5939169526 -0.0619603470 0.5908704400 0.8043836355
11.7 -322.9 2968.8 0.9956852198 0.0919968486 0.0121444473 -0.0645990148 0.7811365724 -0.6210094094 -0.0666173771 0.6175453663 0.7837090492
-115.4 -158.3 3101.2 -0.0012504029 -0.9692479372 0.2460829914 0.6188935637 0.1925419867 0.7615105510 -0.7854738235 0.1532513797 0.5996205807
-114.9 -387.8 3392.4 0.1507613212 -0.9606922865 -0.2331123203 -0.3603055477 0.1661887914 -0.9179112911 0.9205709696 0.2223771811 -0.3210879266
175.3 -177.2 3081.8 0.4058543146 0.5825595260 0.7042064071 -0.8395090103 0.5421981215 0.0352960043 -0.3612573445 -0.6055126786 0.7091174126
278.5 -390.6 2990.0 -0.7494579554 0.5825595260 0.3145427406 0.0700340495 0.5421981215 -0.8373269439 -0.6583372951 -0.6055126786 -0.4471536875
-108.5 -470.4 2851.9 0.9852867723 0.1073850244 -0.1329601109 -0.1327709705 -0.0089410022 -0.9911063910 -0.1076187789 0.9941772819 0.0054481630
-156.5 -466.4 2407.6 0.9852867723 0.1378389597 0.1010463014 -0.1327709705 0.9896025658 -0.0553043969 -0.1076187789 0.0410746746 0.9933433533
73.7 -486.8 2840.7 0.9908872247 -0.0106266588 0.1342742592 0.1341535002 -0.0113638584 -0.9908953905 0.0120557817 0.9998789430 -0.0098346984
78.7 -481.5 2376.4 0.9908872247 -0.1346034706 -0.0049404064 0.1341535002 0.9895290136 -0.0532460660 0.0120557817 0.0520980768 0.9985691905
-154.7 -292.6 3149.3 0 0 0 0 0 0 0 0 0
68.6 -371.0 2805.6 0 0 0 0 0 0 0 0 0
-204.9 -813.5 2393.2 0 0 0 0 0 0 0 0 0
130.1 -859.6 2356.5 0 0 0 0 0 0 0 0 0
47.6 -0.6 3214.9 23 0.9936834574 0.1039101556 0.0423773229 -0.0578065626 0.7976403832 -0.6003567576 -0.0961850286 0.5941148996 0.7986087799
25.8 -167.7 3090.4 0.9936834574 0.1039101556 0.0423773229 -0.0578065626 0.7976403832 -0.6003567576 -0.0961850286 0.5941148996 0.7986087799
4.7 -322.1 2967.3 0.9935927391 0.1061098576 0.0389128141 -0.0584871396 0.7773544788 -0.6263380051 -0.0967096835 0.6200489402 0.7785798311
-119.2 -159.1 3104.5 -0.0280648731 -0.9652820826 0.2596975863 0.6242962480 0.1859755665 0.7587273717 -0.7806833982 0.1834218204 0.5974026322
-108.8 -390.6 3394.0 0.1801244766 -0.9545240998 -0.2375687212 -0.3658051789 0.1591936946 -0.9169754386 0.9130945802 0.2520735860 -0.3204951584
170.8 -176.2 3076.3 0.4308010340 0.6053847075 0.6692681313 -0.8476228714 0.5259842873 0.0698284432 -0.3097514808 -0.5973691344 0.7397324443
280.1 -391.2 2997.7 -0.7269262075 0.6053847075 0.3241723478 0.0596981570 0.5259842873 -0.8483964801 -0.6841158271 -0.5973691344 -0.4184921086
-97.9 -472.2 2852.2 0.9819012284 0.1331635714 -0.1346754581 -0.1343476921 -0.0114851641 -0.9908676744 -0.1334942430 0.9910275340 0.0066129207
-158.0 -467.0 2404.7 0.9819012284 0.1391443312 0.1284868419 -0.1343476921 0.9898975492 -0.0453158021 -0.1334942430 0.0272337310 0.9906753302
84.7 -484.0 2840.0 0.9910232425 0.0127450004 0.1330808699 0.1332071871 -0.0096317017 -0.9910414219 -0.0113490270 0.9998723865 -0.0112429662
78.8 -479.6 2378.0 0.9910232425 -0.1325302273 0.0175697170 0.1332071871 0.9900378585 -0.0456172004 -0.0113490270 0.0475481190 0.9988044500
-156.4 -294.0 3152.8 0 0 0 0 0 0 0 0 0
76.6 -374.5 2806.2 0 0 0 0 0 0 0 0 0
-206.7 -813.3 2395.2 0 0 0 0 0 0 0 0 0
129.4 -857.9 2359.8 0 0 0 0 0 0 0 0 0
47.0 -0.1 3215.3 24 0.9923924208 0.0968582258 0.0759982616 -0.0317404047 0.7977136374 -0.6022005081 -0.1189529225 0.5952070355 0.7947193384
26.8 -166.6 3091.0 0.9923924208 0.0968582258 0.0759982616 -0.0317404047 0.7977136374 -0.6022005081 -0.1189529225 0.5952070355 0.7947193384
6.1 -320.5 2967.0 0.9919657707 0.1039032936 0.0721664876 -0.0350806415 0.7740116715 -0.6321988106 -0.1215452403 0.6245878935 0.7714380622
-118.0 -161.5 3108.8 -0.0613306649 -0.9643927813 0.2572647631 0.6304223537 0.1624014527 0.7590740323 -0.7738257051 0.2087399811 0.5980145931
-95.3 -395.3 3395.7 0.2107708603 -0.9513452649 -0.2247618288 -0.3697385788 0.1352604926 -0.9192377329 0.9049138427 0.2768516541 -0.3232400715
171.5 -171.8 3073.3 0.3984924555 0.6303229928 0.6662557125 -0.8638670444 0.5019847155 0.0417737216 -0.3081192672 -0.5922029018 0.7445523739
275.6 -397.3 2992.9 -0.7233371735 0.6303229928 0.2819153070 0.1027420238 0.5019847155 -0.8587522507 -0.6828084588 -0.5922029018 -0.4278648794
-107.5 -471.2 2852.9 0.9847621918 0.1145304516 -0.1308670789 -0.1300034523 -0.0150102815 -0.9913999438 -0.1155098304 0.9933063388 0.0001077963
-159.2 -464.5 2404.2 0.9847621918 0.1340053976 0.1108421013 -0.1300034523 0.9905975461 -0.0426095910 -0.1155098304 0.0275504608 0.9929242134
74.6 -481.9 2835.2 0.9899004698 -0.0043966509 0.1416960359 0.1416717768 -0.0054115723 -0.9898989201 0.0051190383 0.9999756813 -0.0047340365
76.7 -479.5 2378.0 0.9899004698 -0.1417635977 0.0004255618 0.1416717768 0.9891420007 -0.0390789993 0.0051190383 0.0387446098 0.9992360473
-150.9 -297.6 3156.7 0 0 0 0 0 0 0 0 0
73.2 -368.6 2801.8 0 0 0 0 0 0 0 0 0
-206.1 -811.3 2394.5 0 0 0 0 0 0 0 0 0
130.8 -857.4 2363.2 0 0 0 0 0 0 0 0 0
47.2 3.0 3216.0 25 0.9947471023 0.0923772305 0.0440983213 -0.0478951521 0.8007682562 -0.5970563889 -0.0904669464 0.5918079615 0.8009862900
27.7 -165.4 3091.6 0.9947471023 0.0923772305 0.0440983213 -0.0478951521 0.8007682562 -0.5970563889 -0.0904669464 0.5918079615 0.8009862900
7.6 -319.7 2968.1 0.9940387011 0.1012872905 0.0403470844 -0.0536649637 0.7766752243 -0.6276111007 -0.0949056074 0.6217045188 0.7774808407
-117.3 -157.5 3105.4 -0.0294857062 -0.9664904475 0.2550035119 0.6256240010 0.1811210662 0.7588081360 -0.7795673013 0.1819103211 0.5993191600
-106.4 -389.5 3394.5 0.1800815910 -0.9557390213 -0.2326661348 -0.3666748703 0.1542607844 -0.9174710512 0.9127541780 0.2505324781 -0.3226659596
172.8 -173.2 3077.8 0.4044809937 0.6124295592 0.6792092323 -0.8558956981 0.5151711106 0.0451812744 -0.3222385943 -0.5996072292 0.7325527072
277.7 -395.0 2994.3 -0.7305902243 0.6124295592 0.3019403517 0.0791448429 0.5151711106 -0.8534253836 -0.6782138348 -0.5996072292 -0.4248495996
-105.5 -471.0 2854.0 0.9843041897 0.1201641411 -0.1292510778 -0.1294082701 -0.0065275161 -0.9915699363 -0.1199948341 0.9927325845 0.0091251712
-159.6 -468.1 2407.1 0.9843041897 0.1344668418 0.1142975464 -0.1294082701 0.9902987480 -0.0506156199 -0.1199948341 0.0350301191 0.9921563268
76.3 -477.5 2831.7 0.9917715192 -0.0089626452 0.1277065724 0.1277819872 0.0084168427 -0.9917665720 0.0078139659 0.9999244213 0.0094928490
80.4 -481.3 2376.3 0.9917715192 -0.1279657930 -0.0037484197 0.1277819872 0.9912850857 -0.0320258513 0.0078139659 0.0312833451 0.9994800091
-154.0 -292.7 3153.4 0 0 0 0 0 0 0 0 0
73.2 -372.9 2804.4 0 0 0 0 0 0 0 0 0
-206.0 -809.7 2395.0 0 0 0 0 0 0 0 0 0
129.3 -860.0 2364.4 0 0 0 0 0 0 0 0 0
47.0 2.0 3216.4 26 0.9953141212 0.0894404948 0.0367444418 -0.0498249196 0.8000690341 -0.5978352427 -0.0828687698 0.5932030678 0.8007764220
28.2 -165.6 3092.1 0.9953141212 0.0894404948 0.0367444418 -0.0498249196 0.8000690341 -0.5978352427 -0.0828687698 0.5932030678 0.8007764220
9.3 -319.9 2968.4 0.9949455261 0.0947529227 0.0332459211 -0.0529802330 0.7765842676 -0.6277818084 -0.0853024200 0.6228473186 0.7776790857
-117.0 -157.9 3104.6 -0.0223635528 -0.9683248401 0.2486903071 0.6258024573 0.1804324836 0.7588250041 -0.7796609402 0.1726010293 0.6019449830
-108.7 -389.9 3393.7 0.1714917868 -0.9582195282 -0.2289232463 -0.3667871654 0.1535619199 -0.9175434113 0.9143619537 0.2413172722 -0.3251280487
173.5 -173.3 3079.7 0.4055216610 0.5976008773 0.6916829944 -0.8503686190 0.5242030025 0.0456549041 -0.3352988958 -0.6066995859 0.7207567096
279.2 -395.0 2992.3 -0.7506635785 0.5976008773 0.2817399502 0.0999022797 0.5242030025 -0.8457131386 -0.6530878544 -0.6066995859 -0.4532018006
-103.6 -469.1 2853.2 0.9843950272 0.1252384931 -0.1236194745 -0.1241958886 -0.0032251787 -0.9922524691 -0.1246669069 0.9921213984 0.0123792570
-159.5 -467.7 2410.7 0.9843950272 0.1311600059 0.1173179895 -0.1241958886 0.9901360869 -0.0648530945 -0.1246669069 0.0492706522 0.9909745455
78.5 -478.9 2835.9 0.9909275770 -0.0016938737 0.1343862414 0.1343929917 0.0048565068 -0.9909161925 0.0010258392 0.9999867678 0.0050400910
79.3 -481.2 2374.6 0.9909275770 -0.1343878359 0.0015621340 0.1343929917 0.9907430410 -0.0191498939 0.0010258392 0.0191860981 0.9998154044
-154.0 -293.0 3152.1 0 0 0 0 0 0 0 0 0
69.1 -367.0 2809.6 0 0 0 0 0 0 0 0 0
-205.0 -810.8 2393.6 0 0 0 0 0 0 0 0 0
130.7 -859.7 2367.3 0 0 0 0 0 0 0 0 0
47.2 3.2 3215.6 27 0.9965009689 0.0776298568 0.0309750810 -0.0446676649 0.8078660965 -0.5876709223 -0.0706445277 0.5842310786 0.8085069060
30.9 -166.4 3092.9 0.9965009689 0.0776298568 0.0309750810 -0.0446676649 0.8078660965 -0.5876709223 -0.0706445277 0.5842310786 0.8085069060
13.4 -321.3 2969.8 0.9957811832 0.0876423866 0.0271785818 -0.0515813567 0.7796102762 -0.6241371632 -0.0758895725 0.6201021075 0.7808419466
-114.5 -158.9 3104.0 -0.0162749439 -0.9701904058 0.2417968959 0.6221683621 0.1794815212 0.7620320916 -0.7827143073 0.1628403962 0.6007006764
-108.5 -389.6 3394.2 0.1636997312 -0.9606717825 -0.2243036330 -0.3622682393 0.1529455334 -0.9194397330 0.9175860286 0.2317701131 -0.3229837418
176.2 -173.9 3081.9 0.4099139273 0.5960928798 0.6903939843 -0.8533090949 0.5180124640 0.0593859926 -0.3222331107 -0.6134626269 0.7209919691
279.9 -389.8 3000.4 -0.7425462604 0.5960928798 0.3054477870 0.0650023147 0.5180124640 -0.8528996110 -0.6666331887 -0.6134626269 -0.4233956337
-100.7 -469.4 2852.5 0.9833018780 0.1335232109 -0.1236485541 -0.1242111251 -0.0041407659 -0.9922471642 -0.1330000311 0.9910370111 0.0125134457
-160.6 -467.5 2407.6 0.9833018780 0.1294428110 0.1279139221 -0.1242111251 0.9910894036 -0.0480976589 -0.1330000311 0.0314061865 0.9906182885
81.7 -479.1 2836.8 0.9901496172 0.0062346244 0.1398745775 0.1397898048 0.0124237305 -0.9901032448 -0.0079106856 0.9999033809 0.0114298146
78.8 -484.9 2373.2 0.9901496172 -0.1397544742 0.0085120071 0.1397898048 0.9901742935 -0.0037042452 -0.0079106856 0.0048576486 0.9999569058
-151.7 -293.9 3151.9 0 0 0 0 0 0 0 0 0
72.2 -371.6 2813.9 0 0 0 0 0 0 0 0 0
-206.0 -814.5 2396.6 0 0 0 0 0 0 0 0 0
132.2 -863.2 2371.3 0 0 0 0 0 0 0 0 0
46.8 1.0 3216.2 28 0.9975636601 0.0677630976 0.0165796019 -0.0441046245 0.7967433333 -0.6027062535 -0.0540509298 0.6005066037 0.7977908850
32.6 -166.1 3090.2 0.9975636601 0.0677630976 0.0165796019 -0.0441046245 0.7967433333 -0.6027062535 -0.0540509298 0.6005066037 0.7977908850
18.0 -319.6 2964.9 0.9972175360 0.0732504874 0.0138385054 -0.0479562469 0.7724930048 -0.6332098842 -0.0570730828 0.6307843924 0.7738564014
-113.0 -159.1 3098.5 -0.0028947175 -0.9737025499 0.2278046757 0.6312931180 0.1748934984 0.7555668354 -0.7755389214 0.1459986866 0.6141854525
-111.9 -393.2 3386.1 0.1468963027 -0.9654477239 -0.2152491957 -0.3725959659 0.1475740373 -0.9161845446 0.9162934422 0.2147850990 -0.3380438387
178.1 -173.1 3081.9 0.3772256672 0.6106671095 0.6962660551 -0.8625203967 0.5054534078 0.0239865966 -0.3372822404 -0.6095920801 0.7173829079
276.2 -397.3 2994.2 -0.7395246029 0.6106671095 0.2831766605 0.0887314528 0.5054534078 -0.8582794070 -0.6672556400 -0.6095920801 -0.4279806316
-95.3 -471.5 2853.5 0.9825011492 0.1440140009 -0.1181163415 -0.1178864986 -0.0101585435 -0.9929751158 -0.1442022175 0.9895235300 0.0069965264
-160.9 -466.9 2403.1 0.9825011492 0.1223274842 0.1404545903 -0.1178864986 0.9922392964 -0.0395467132 -0.1442022175 0.0222969912 0.9892970324
87.3 -481.0 2839.6 0.9890223145 0.0206794906 0.1463119835 0.1462221891 0.0057981331 -0.9892348051 -0.0213052072 0.9997693300 0.0027106826
77.7 -483.6 2376.1 0.9890223145 -0.1457913369 0.0240775067 0.1462221891 0.9891019464 -0.0172157101 -0.0213052072 0.0205473881 0.9995618463
-150.7 -294.8 3144.0 0 0 0 0 0 0 0 0 0
69.2 -372.5 2807.4 0 0 0 0 0 0 0 0 0
-203.7 -813.8 2395.3 0 0 0 0 0 0 0 0 0
133.4 -861.5 2368.3 0 0 0 0 0 0 0 0 0
47.2 1.9 3202.0 29 0.9957754016 0.0908473805 0.0133473035 -0.0668595731 0.8169950247 -0.5727555156 -0.0629380196 0.5694434643 0.8196175694
28.3 -168.4 3083.3 0.9957754016 0.0908473805 0.0133473035 -0.0668595731 0.8169950247 -0.5727555156 -0.0629380196 0.5694434643 0.8196175694
9.0 -325.4 2963.2 0.9952573180 0.0968392789 0.0092236046 -0.0712973252 0.7906693816 -0.6080778241 -0.0661786422 0.6045362949 0.7938238382
-117.0 -157.9 3093.0 0.0016570776 -0.9680376649 0.2507994771 0.6058719158 0.2004985958 0.7698827982 -0.7955604792 0.1506766081 0.5868390799
-117.6 -382.6 3387.9 0.1494043618 -0.9595798850 -0.2385053486 -0.3459408581 0.1752395332 -0.9217461944 0.9262846708 0.2202216536 -0.3057763278
173.6 -178.9 3073.7 0.4111918211 0.6120558381 0.6755064130 -0.8528158069 0.5200045705 0.0479626432 -0.3219106197 -0.5958043933 0.7357925177
277.4 -394.3 2992.3 -0.7220863700 0.6120558381 0.3224576116 0.0602795295 0.5200045705 -0.8520337939 -0.6891717315 -0.5958043933 -0.4123826623
-88.0 -468.7 2844.8 0.9793941975 0.1626434475 -0.1197252199 -0.1206787303 -0.0040406571 -0.9926834106 -0.1619372219 0.9866766334 0.0156702083
-160.8 -466.9 2403.4 0.9793941975 0.1260893941 0.1577608436 -0.1206787303 0.9917399287 -0.0434571654 -0.1619372219 0.0235233158 0.9865206480
94.8 -477.5 2834.4 0.9900736213 0.0343376249 0.1362907141 0.1359408051 0.0123377200 -0.9906401634 -0.0356977470 0.9993341565 0.0075473664
79.1 -483.2 2375.4 0.9900736213 -0.1347009689 0.0401233211 0.1359408051 0.9902639985 -0.0299547743 -0.0356977470 0.0351118296 0.9987456203
-157.1 -291.2 3143.3 0 0 0 0 0 0 0 0 0
75.4 -377.4 2799.5 0 0 0 0 0 0 0 0 0
-204.5 -810.6 2395.3 0 0 0 0 0 0 0 0 0
130.5 -861.5 2362.0 0 0 0 0 0 0 0 0 0
46.0 1.4 3208.4 30 0.9957979918 0.0902009383 0.0158160962 -0.0638861656 0.8079909086 -0.5857211351 -0.0656118542 0.5822494626 0.8103583455
27.0 -168.9 3085.6 0.9957979918 0.0902009383 0.0158160962 -0.0638861656 0.8079909086 -0.5857211351 -0.0656118542 0.5822494626 0.8103583455
9.3 -325.0 2964.1 0.9959579706 0.0889430642 0.0125227030 -0.0624625310 0.7860291600 -0.6150256395 -0.0645454749 0.6117575169 0.7884076238
-118.4 -159.7 3095.0 -0.0016202923 -0.9699975848 0.2431090623 0.6129254103 0.1911271513 0.7666764855 -0.7901390791 0.1502499729 0.5942265391
-117.8 -387.0 3388.0 0.1502311677 -0.9614835978 -0.2301736325 -0.3529270291 0.1653206646 -0.9209297299 0.9235112667 0.2195868492 -0.3144972324
172.4 -178.0 3076.2 0.4294814467 0.6134550571 0.6627357006 -0.8521077633 0.5183326602 0.0724129826 -0.2990954518 -0.5958222747 0.7453440428
279.9 -391.3 3001.4 -0.7177767158 0.6134550571 0.3293471038 0.0513118990 0.5183326602 -0.8536382914 -0.6943801045 -0.5958222747 -0.4035246670
-101.5 -475.9 2849.2 0.9834623933 0.1330031157 -0.1229302064 -0.1216013208 -0.0180998016 -0.9924139977 -0.1342191547 0.9909503460 -0.0016271202
-161.6 -467.7 2401.0 0.9834623933 0.1253147125 0.1307588816 -0.1216013208 0.9919245243 -0.0360389575 -0.1342191547 0.0195425060 0.9907589555
81.0 -489.0 2837.2 0.9907490611 0.0043812580 0.1356361061 0.1356751919 -0.0103890486 -0.9906988740 -0.0029313776 0.9999364614 -0.0108873677
79.0 -484.2 2376.3 0.9907490611 -0.1355378330 0.0067708753 0.1356751919 0.9903619885 -0.0278463922 -0.0029313776 0.0285074264 0.9995892644
-157.5 -293.8 3144.1 0 0 0 0 0 0 0 0 0
78.9 -376.9 2807.0 0 0 0 0 0 0 0 0 0
-205.0 -811.1 2394.2 0 0 0 0 0 0 0 0 0
130.8 -862.6 2365.4 0 0 0 0 0 0 0 0 0
45.4 2.1 3211.6 31 0.9972078204 0.0725674257 0.0176231693 -0.0482326858 0.8060559034 -0.5898707509 -0.0570106618 0.5873736739 0.8073053360
30.1 -167.7 3087.9 0.9972078204 0.0725674257 0.0176231693 -0.0482326858 0.8060559034 -0.5898707509 -0.0570106618 0.5873736739 0.8073053360
15.8 -323.8 2965.9 0.9973252416 0.0714901760 0.0152147915 -0.0469346344 0.7859654427 -0.6164864302 -0.0560310222 0.6141233444 0.7872185111
-115.5 -160.8 3096.0 -0.0042666574 -0.9740987420 0.2260826975 0.6145585775 0.1757965237 0.7690340281 -0.7888596654 0.1422222704 0.5978906751
-113.9 -388.7 3388.5 0.1476820558 -0.9657863975 -0.2131822258 -0.3525895476 0.1499725878 -0.9236822128 0.9240512252 0.2115771174 -0.3183779120
175.7 -174.6 3079.7 0.4064225554 0.6064524055 0.6834004521 -0.8563897014 0.5135423541 0.0535807349 -0.3184609115 -0.6070335507 0.7280748487
279.2 -392.7 2998.6 -0.7309620380 0.6064524055 0.3129056394 0.0596408807 0.5135423541 -0.8559890389 -0.6798069477 -0.6070335507 -0.4115493298
-99.7 -475.4 2848.5 0.9827107191 0.1353631616 -0.1263187975 -0.1252006143 -0.0167766865 -0.9919896126 -0.1363980621 0.9906539917 0.0004609219
-160.7 -467.8 2402.2 0.9827107191 0.1295039952 0.1323190928 -0.1252006143 0.9913095236 -0.0403762944 -0.1363980621 0.0231117848 0.9903844595
82.9 -486.9 2836.7 0.9902669191 0.0076763551 0.1389694214 0.1390437633 -0.0101903435 -0.9902337790 -0.0061852401 0.9999186397 -0.0111585092
79.4 -482.2 2381.0 0.9902669191 -0.1385473907 0.0132682379 0.1390437633 0.9890195131 -0.0500717238 -0.0061852401 0.0514292382 0.9986574650
-152.9 -295.5 3144.4 0 0 0 0 0 0 0 0 0
74.5 -376.0 2808.2 0 0 0 0 0 0 0 0 0
-205.7 -811.9 2394.2 0 0 0 0 0 0 0 0 0
132.3 -860.0 2361.3 0 0 0 0 0 0 0 0 0
44.2 0.8 3213.7 32 0.9956778288 0.0832220614 0.0412284248 -0.0428448729 0.8054438233 -0.5911214352 -0.0824015290 0.5868000984 0.8055281639
26.7 -167.7 3090.9 0.9956778288 0.0832220614 0.0412284248 -0.0428448729 0.8054438233 -0.5911214352 -0.0824015290 0.5868000984 0.8055281639
9.5 -323.2 2968.4 0.9955263138 0.0865048245 0.0380030088 -0.0442619026 0.7823258638 -0.6212947369 -0.0834757313 0.6168332100 0.7826548219
-118.6 -161.3 3103.0 -0.0270995367 -0.9702376127 0.2406336367 0.6194026470 0.1726433486 0.7658554912 -0.7846056223 0.1698034406 0.5962891579
-108.5 -390.9 3394.0 0.1735800654 -0.9599817991 -0.2197836787 -0.3579389453 0.1464114338 -0.9221948981 0.9174691439 0.2387437820 -0.3182007968
172.1 -174.2 3078.7 0.4159048498 0.5906198025 0.6915138364 -0.8485149741 0.5255944133 0.0614232831 -0.3271780312 -0.6123061180 0.7197470069
279.1 -392.6 2994.5 -0.7426883578 0.5906198025 0.3155665994 0.0573227480 0.5255944133 -0.8488018513 -0.6671792269 -0.6123061180 -0.4242088199
-89.8 -475.6 2849.0 0.9796115756 0.1535201222 -0.1295869499 -0.1275698543 -0.0229600444 -0.9915637970 -0.1552003175 0.9878787398 -0.0029073854
-158.8 -465.3 2405.1 0.9796115756 0.1340152621 0.1496700197 -0.1275698543 0.9904702902 -0.0519090891 -0.1552003175 0.0317573622 0.9873724580
93.1 -484.3 2838.7 0.9904598594 0.0287554339 0.1347677261 0.1350038797 -0.0064266832 -0.9908242226 -0.0276254714 0.9995658398 -0.0102474671
79.9 -481.3 2380.3 0.9904598594 -0.1331700385 0.0354253575 0.1350038797 0.9892771840 -0.0557184629 -0.0276254714 0.0599694625 0.9978178740
-154.4 -296.4 3151.6 0 0 0 0 0 0 0 0 0
71.1 -376.5 2807.6 0 0 0 0 0 0 0 0 0
-205.9 -813.1 2394.0 0 0 0 0 0 0 0 0 0
130.7 -859.3 2357.4 0 0 0 0 0 0 0 0 0
44.1 0.4 3200.7 33 0.9950703382 0.0882721916 -0.0451999754 -0.0984484628 0.8243060708 -0.5575190187 -0.0119548077 0.5592204928 0.8289327621
25.4 -173.9 3082.5 0.9950703382 0.0882721916 -0.0451999754 -0.0984484628 0.8243060708 -0.5575190187 -0.0119548077 0.5592204928 0.8289327621
8.0 -331.2 2962.4 0.9948213696 0.0884324238 -0.0501011908 -0.1007254943 0.7918545604 -0.6023460627 -0.0135940677 0.6042732000 0.7966611981
-119.6 -159.2 3084.4 0.0609879196 -0.9682508707 0.2424267679 0.5998117328 0.2296855152 0.7664662004 -0.7978134751 0.0986652449 0.5947762728
-142.2 -381.6 3380.2 0.0906425714 -0.9641789198 -0.2492848486 -0.3434537053 0.2046932131 -0.9165916443 0.9347852468 0.1687000245 -0.3125968874
170.4 -188.5 3080.5 0.4543128908 0.5885108113 0.6687711477 -0.8276838064 0.5564830899 0.0725675821 -0.3294530511 -0.5864994526 0.7399182916
281.9 -391.6 2999.7 -0.7295628786 0.5885108113 0.3484150171 0.0529085547 0.5564830899 -0.8291726112 -0.6818640828 -0.5864994526 -0.4371266961
-99.0 -474.6 2853.5 0.9826707840 0.1395948231 -0.1219484434 -0.1195886508 -0.0252014827 -0.9925036430 -0.1416216493 0.9898879528 -0.0080708032
-162.0 -463.2 2406.5 0.9826707840 0.1257579029 0.1361730099 -0.1195886508 0.9914287925 -0.0526075736 -0.1416216493 0.0354111791 0.9892873168
83.6 -482.7 2838.2 0.9897641540 0.0133575303 0.1420860589 0.1421705782 -0.0056019160 -0.9898263216 -0.0124256816 0.9998950958 -0.0074436236
77.4 -480.1 2379.2 0.9897641540 -0.1410869211 0.0214791317 0.1421705782 0.9878781438 -0.0623238720 -0.0124256816 0.0647396371 0.9978248477
-166.2 -290.9 3133.3 0 0 0 0 0 0 0 0 0
77.6 -376.8 2808.7 0 0 0 0 0 0 0 0 0
-206.5 -814.1 2394.0 0 0 0 0 0 0 0 0 0
131.3 -857.5 2354.5 0 0 0 0 0 0 0 0 0
45.4 0.5 3208.2 34 0.9959804416 0.0847809091 0.0288996957 -0.0535082184 0.8219087124 -0.5671004653 -0.0718322024 0.5632745624 0.8231414557
27.5 -172.8 3089.4 0.9959804416 0.0847809091 0.0288996957 -0.0535082184 0.8219087124 -0.5671004653 -0.0718322024 0.5632745624 0.8231414557
10.3 -330.7 2970.0 0.9958193898 0.0878941044 0.0248681083 -0.0550158620 0.7944452763 -0.6048387885 -0.0729181170 0.6009420753 0.7959595323
-117.6 -164.8 3100.0 -0.0139646316 -0.9701629281 0.2420514524 0.6028072238 0.1849693507 0.7761505842 -0.7977646589 0.1567490250 0.5822381973
-112.4 -388.4 3395.8 0.1615916342 -0.9608015418 -0.2252743095 -0.3399126232 0.1601169705 -0.9267264605 0.9264704585 0.2263248265 -0.3007149994
172.6 -180.9 3078.8 0.4311906397 0.5938442349 0.6792817116 -0.8421048522 0.5351754427 0.0666834414 -0.3239353299 -0.6007797122 0.7308417559
281.4 -393.5 2997.0 -0.7472671866 0.5938442349 0.2982293665 0.0900897235 0.5351754427 -0.8399232626 -0.6583886147 -0.6007797122 -0.4534183443
-100.6 -479.4 2843.6 0.9825856090 0.1342172921 -0.1284959763 -0.1251774877 -0.0329131186 -0.9915882945 -0.1373174936 0.9904052019 -0.0155389756
-160.3 -464.7 2402.8 0.9825856090 0.1306361109 0.1321351826 -0.1251774877 0.9909313917 -0.0488425791 -0.1373174936 0.0314516686 0.9900276065
81.1 -497.7 2841.2 0.9893212318 0.0097821485 0.1454230547 0.1456907094 -0.0375126489 -0.9886187315 -0.0042156116 0.9992482662 -0.0385372266
76.6 -480.4 2380.7 0.9893212318 -0.1451006532 0.0137606030 0.1456907094 0.9872208238 -0.0645699501 -0.0042156116 0.0658852160 0.9978182912
-155.1 -298.6 3151.1 0 0 0 0 0 0 0 0 0
72.3 -368.3 2812.8 0 0 0 0 0 0 0 0 0
-206.4 -814.4 2391.7 0 0 0 0 0 0 0 0 0
132.0 -857.6 2355.5 0 0 0 0 0 0 0 0 0
44.2 2.3 3198.0 35 0.9958428144 0.0790419951 0.0452714749 -0.0407210551 0.8308881521 -0.5549474955 -0.0814796910 0.5507969260 0.8306526542
27.6 -171.8 3082.6 0.9958428144 0.0790419951 0.0452714749 -0.0407210551 0.8308881521 -0.5549474955 -0.0814796910 0.5507969260 0.8306526542
10.9 -331.5 2965.6 0.9955204725 0.0849832818 0.0414353162 -0.0439336747 0.8038697839 -0.5931805372 -0.0837190300 0.5887029767 0.8040024638
-117.5 -165.4 3094.8 -0.0305290464 -0.9705075622 0.2391298115 0.5912563801 0.1753613651 0.7871875763 -0.8059056401 0.1654191017 0.5684651732
-106.2 -384.6 3393.6 0.1763720959 -0.9600441456 -0.2172743827 -0.3247938752 0.1516105384 -0.9335540533 0.9291941524 0.2352222800 -0.2850765884
172.8 -178.2 3070.4 0.4017623663 0.6148102283 0.6786717772 -0.8671165705 0.4937038422 0.0660711750 -0.2944416404 -0.6150324345 0.7314637303
275.7 -400.4 2994.9 -0.7501100302 0.6148102283 0.2436048239 0.1251738071 0.4937038422 -0.8605742455 -0.6493584514 -0.6150324345 -0.4472903609
-98.1 -483.6 2857.3 0.9824933410 0.1378733367 -0.1252909899 -0.1204063892 -0.0432491042 -0.9917821288 -0.1421590447 0.9895051718 -0.0258911252
-161.3 -463.7 2403.6 0.9824933410 0.1263592243 0.1368950009 -0.1204063892 0.9914158583 -0.0509592295 -0.1421590447 0.0335840695 0.9892739058
83.7 -493.6 2844.0 0.9890783429 0.0155590605 0.1465672106 0.1470357329 -0.0351820812 -0.9885053039 -0.0102236737 0.9992597699 -0.0370855704
76.5 -477.4 2385.3 0.9890783429 -0.1456489414 0.0225923974 0.1470357329 0.9856680036 -0.0826983675 -0.0102236737 0.0851170570 0.9963185191
-152.8 -298.8 3148.1 0 0 0 0 0 0 0 0 0
65.8 -365.4 2813.2 0 0 0 0 0 0 0 0 0
-205.9 -814.0 2391.7 0 0 0 0 0 0 0 0 0
132.2 -854.0 2352.8 0 0 0 0 0 0 0 0 0
42.5 -0.2 3192.9 36 0.9964250326 0.0704203621 0.0466709025 -0.0324679427 0.8292146921 -0.5579863787 -0.0779938027 0.5544763207 0.8285366893
27.8 -173.2 3077.2 0.9964250326 0.0704203621 0.0466709025 -0.0324679427 0.8292146921 -0.5579863787 -0.0779938027 0.5544763207 0.8285366893
12.8 -332.5 2959.3 0.9962103367 0.0755039454 0.0431750752 -0.0348666646 0.8014450669 -0.5970512033 -0.0796821713 0.5932832360 0.8010404110
-117.5 -168.1 3088.8 -0.0322445370 -0.9726861119 0.2298739105 0.5952316523 0.1660712957 0.7862058282 -0.8029069304 0.1621790826 0.5736186504
-105.6 -388.8 3386.5 0.1752445549 -0.9623128772 -0.2079501152 -0.3281731606 0.1420424432 -0.9338770509 0.9282196760 0.2319005132 -0.2909131050
173.2 -178.3 3065.6 0.3926479518 0.6362541914 0.6640844345 -0.8784538507 0.4732500017 0.0659792572 -0.2722983956 -0.6092741489 0.7447406054
272.6 -400.8 2996.6 -0.7312719822 0.6362541914 0.2458085418 0.1183280349 0.4732500017 -0.8729449511 -0.6717438102 -0.6092741489 -0.4213611782
-97.1 -487.2 2856.3 0.9815423489 0.1362396777 -0.1342138499 -0.1284535527 -0.0502663814 -0.9904407859 -0.1416837871 0.9893998504 -0.0318381079
-159.2 -464.3 2405.4 0.9815423489 0.1344358474 0.1360206455 -0.1284535527 0.9903575182 -0.0518814214 -0.1416837871 0.0334514789 0.9893466234
85.1 -495.3 2841.0 0.9891511798 0.0185567439 0.1457244754 0.1463361382 -0.0375424773 -0.9885222912 -0.0128728962 0.9991227388 -0.0398507081
76.6 -478.2 2386.2 0.9891511798 -0.1444686055 0.0266232807 0.1463361382 0.9849103093 -0.0923982561 -0.0128728962 0.0952917933 0.9953661561
-151.9 -302.1 3141.3 0 0 0 0 0 0 0 0 0
67.9 -367.7 2808.6 0 0 0 0 0 0 0 0 0
-206.5 -812.8 2393.7 0 0 0 0 0 0 0 0 0
131.8 -854.5 2349.8 0 0 0 0 0 0 0 0 0
42.2 1.4 3189.8 37 0.9908233881 0.0763502121 0.1115333885 -0.0013237208 0.8306183219 -0.5568405986 -0.1351565719 0.5515829921 0.8230971098
26.2 -172.3 3074.5 0.9908233881 0.0763502121 0.1115333885 -0.0013237208 0.8306183219 -0.5568405986 -0.1351565719 0.5515829921 0.8230971098
11.7 -332.0 2957.3 0.9914065003 0.0737333745 0.1080579907 0.0050272113 0.8039386272 -0.5946910381 -0.1307205707 0.5901237726 0.7966592908
-118.3 -173.0 3093.5 -0.0971736088 -0.9689463377 0.2273768932 0.5933101773 0.1270297617 0.7948877215 -0.7990872264 0.2121471316 0.5625417829
-82.3 -393.0 3389.8 0.2356204093 -0.9540570378 -0.1850896180 -0.3207170963 0.1034487709 -0.9415088296 0.9174004197 0.2812001109 -0.2816077769
170.8 -171.6 3055.5 0.4233739972 0.6368115544 0.6443799734 -0.8801313043 0.4577264488 0.1259183139 -0.2147635221 -0.6204494834 0.7542672157
278.5 -395.5 3000.8 -0.7269361019 0.6368115544 0.2569727302 0.0882342607 0.4577264488 -0.8847040534 -0.6810129285 -0.6204494834 -0.3889264762
-93.4 -488.5 2848.7 0.9796919823 0.1423289925 -0.1412303895 -0.1354717910 -0.0494180024 -0.9895480275 -0.1478206962 0.9885849953 -0.0291328579
-157.3 -466.3 2405.4 0.9796919823 0.1415540576 0.1420070976 -0.1354717910 0.9894329309 -0.0516707301 -0.1478206962 0.0313834473 0.9885160923
89.1 -494.9 2834.1 0.9887616634 0.0278625302 0.1468812376 0.1478575617 -0.0369930416 -0.9883165956 -0.0221034177 0.9989269972 -0.0406969860
76.5 -478.2 2383.6 0.9887616634 -0.1457178444 0.0334175117 0.1478575617 0.9862002730 -0.0744791627 -0.0221034177 0.0785831660 0.9966624975
-144.5 -308.3 3147.5 0 0 0 0 0 0 0 0 0
75.1 -370.8 2810.2 0 0 0 0 0 0 0 0 0
-207.0 -813.7 2394.4 0 0 0 0 0 0 0 0 0
132.2 -855.0 2353.6 0 0 0 0 0 0 0 0 0
43.1 1.4 3202.3 38 0.9919837117 0.0794413537 0.0982720107 -0.0080188876 0.8156850934 -0.5784406066 -0.1261111200 0.5730156302 0.8097833395
26.5 -168.7 3082.8 0.9919837117 0.0794413537 0.0982720107 -0.0080188876 0.8156850934 -0.5784406066 -0.1261111200 0.5730156302 0.8097833395
10.5 -326.0 2962.6 0.9922041893 0.0805631429 0.0950812399 -0.0058036591 0.7919945121 -0.6105006337 -0.1244876683 0.6051894426 0.7862878442
-118.2 -167.8 3101.0 -0.0842007026 -0.9685238600 0.2342473716 0.6090192795 0.1360434294 0.7814010978 -0.7886734009 0.2084556818 0.5783947110
-87.0 -393.6 3393.4 0.2254754156 -0.9543904662 -0.1957031190 -0.3404973447 0.1110113636 -0.9336691499 0.9128101468 0.2771558464 -0.2999370694
171.3 -169.6 3064.7 0.4166200161 0.6144531965 0.6699813604 -0.8689952493 0.4856136739 0.0950084999 -0.2669738531 -0.6217930913 0.7362732887
279.1 -394.4 2995.6 -0.7399876714 0.6144531965 0.2736156583 0.0814049542 0.4856136739 -0.8703749776 -0.6676762104 -0.6217930913 -0.4093676805
-93.6 -492.2 2851.9 0.9795385599 0.1406046301 -0.1439950019 -0.1376110166 -0.0541684367 -0.9890040159 -0.1468585283 0.9885829091 -0.0337113254
-156.2 -468.1 2411.9 0.9795385599 0.1462413818 0.1382666975 -0.1376110166 0.9880030751 -0.0700937584 -0.1468585283 0.0496325158 0.9879115224
87.8 -491.3 2828.0 0.9896212220 0.0202280525 0.1422697604 0.1428309083 -0.0297030639 -0.9893013239 -0.0157857910 0.9993540645 -0.0322839729
78.8 -478.1 2382.8 0.9896212220 -0.1414361447 0.0254101362 0.1428309083 0.9875566363 -0.0658117458 -0.0157857910 0.0687580481 0.9975084662
-146.6 -303.7 3152.3 0 0 0 0 0 0 0 0 0
71.9 -371.6 2808.7 0 0 0 0 0 0 0 0 0
-207.1 -812.3 2394.6 0 0 0 0 0 0 0 0 0
132.8 -855.4 2356.5 0 0 0 0 0 0 0 0 0
41.6 3.5 3194.0 39 0.9935568571 0.0844913200 0.0755378306 -0.0283967294 0.8308293223 -0.5558023453 -0.1097195148 0.5500761867 0.8278754950
23.8 -171.2 3078.4 0.9935568571 0.0844913200 0.0755378306 -0.0283967294 0.8308293223 -0.5558023453 -0.1097195148 0.5500761867 0.8278754950
6.4 -331.1 2961.8 0.9935683012 0.0876955166 0.0716349259 -0.0282883123 0.8047963977 -0.5928765535 -0.1096441448 0.5870369077 0.8021008968
-121.2 -167.0 3094.4 -0.0607531406 -0.9684959650 0.2415049225 0.5911244154 0.1600492448 0.7905417085 -0.8042891026 0.1907873452 0.5627781153
-98.6 -386.2 3392.6 0.2055698484 -0.9558479786 -0.2099896371 -0.3224739134 0.1364289671 -0.9366950989 0.9239867926 0.2602724433 -0.2801903486
168.8 -175.3 3062.4 0.4433581233 0.6173173189 0.6498868465 -0.8609173894 0.4950993359 0.1170378178 -0.2495090961 -0.6113886237 0.7509655356
281.5 -394.1 2999.0 -0.7404907942 0.6173173189 0.2656930387 0.1032073200 0.4950993359 -0.8626847267 -0.6640946269 -0.6113886237 -0.4303281605
-96.3 -482.8 2853.8 0.9812241197 0.1345274448 -0.1382086277 -0.1346022785 -0.0355878510 -0.9902604222 -0.1381357610 0.9902706146 -0.0168119576
-156.1 -467.0 2413.2 0.9812241197 0.1435647309 0.1287960857 -0.1346022785 0.9879942536 -0.0758262575 -0.1381357610 0.0570663065 0.9887679219
85.4 -483.9 2831.0 0.9901269674 0.0145892091 0.1394120455 0.1395429373 -0.0083700307 -0.9901806712 -0.0132790692 0.9998585582 -0.0103232143
78.9 -480.2 2381.3 0.9901269674 -0.1383437663 0.0225735568 0.1395429373 0.9880647659 -0.0652365237 -0.0132790692 0.0677424222 0.9976144433
-152.9 -301.0 3148.5 0 0 0 0 0 0 0 0 0
74.2 -365.2 2813.1 0 0 0 0 0 0 0 0 0
-206.4 -812.5 2393.2 0 0 0 0 0 0 0 0 0
131.7 -857.7 2355.4 0 0 0 0 0 0 0 0 0
41.8 3.4 3190.4 40 0.9940503240 0.0930912793 0.0565502755 -0.0464618355 0.8319773078 -0.5528607965 -0.0985150635 0.5469440222 0.8313525319
22.3 -170.6 3076.0 0.9940503240 0.0930912793 0.0565502755 -0.0464618355 0.8319773078 -0.5528607965 -0.0985150635 0.5469440222 0.8313525319
3.5 -330.9 2960.2 0.9941359162 0.0945682377 0.0524463877 -0.0457143933 0.8070546985 -0.5887044072 -0.0979998484 0.5828546882 0.8066452146
-122.8 -163.9 3090.3 -0.0415714756 -0.9677697420 0.2483818978 0.5867552161 0.1775663495 0.7900560498 -0.8086965680 0.1785831600 0.5604622364
-107.4 -381.5 3390.2 0.1895291805 -0.9563168287 -0.2225687355 -0.3197959661 0.1541946232 -0.9348553419 0.9283367991 0.2483589500 -0.2766018510
167.4 -177.3 3061.8 0.4574231803 0.6093302965 0.6476732492 -0.8562358022 0.4984115362 0.1358166933 -0.2400505841 -0.6166867018 0.7497154474
283.0 -393.7 3001.1 -0.7562849522 0.6093302965 0.2382218689 0.1316545755 0.4984115362 -0.8568856716 -0.6408589482 -0.6166867018 -0.4571622610
-102.1 -488.3 2855.2 0.9824212193 0.1259224266 -0.1378118694 -0.1324239522 -0.0502411425 -0.9899190664 -0.1315768212 0.9907670617 -0.0326828174
-158.8 -465.7 2409.3 0.9824212193 0.1385947317 0.1250602603 -0.1324239522 0.9895863533 -0.0564156063 -0.1315768212 0.0388629138 0.9905439019
80.0 -493.5 2835.1 0.9895898700 0.0044713588 0.1438469738 0.1439162046 -0.0326221287 -0.9890520573 0.0002701880 0.9994577765 -0.0329260267
77.9 -478.6 2379.2 0.9895898700 -0.1437373012 0.0071787341 0.1439162046 0.9882625937 -0.0512369573 0.0002701880 0.0517367087 0.9986607432
-157.5 -297.0 3144.9 0 0 0 0 0 0 0 0 0
71.3 -356.8 2821.7 0 0 0 0 0 0 0 0 0
-207.4 -813.1 2395.7 0 0 0 0 0 0 0 0 0
132.8 -856.2 2359.4 0 0 0 0 0 0 0 0 0
42.0 1.6 3189.1 41 0.9931545854 0.1073376015 0.0460716151 -0.0639118403 0.8295003772 -0.5548372269 -0.0977713242 0.5480946302 0.8306822777
19.4 -173.1 3073.7 0.9931545854 0.1073376015 0.0460716151 -0.0639118403 0.8295003772 -0.5548372269 -0.0977713242 0.5480946302 0.8306822777
-3.2 -332.7 2957.6 0.9927206039 0.1132039055 0.0411171876 -0.0671250895 0.8034898043 -0.5915220380 -0.0999998450 0.5844561458 0.8052397370
-125.5 -163.3 3088.2 -0.0302911345 -0.9633397460 0.2665689886 0.5893411636 0.1981899589 0.7831971049 -0.8073161840 0.1808240116 0.5617323518
-114.3 -381.8 3387.6 0.1842491031 -0.9522685409 -0.2433863729 -0.3259364069 0.1744173467 -0.9291630983 0.9272635579 0.2505259514 -0.2782427371
164.3 -182.9 3059.1 0.4522822201 0.6045042276 0.6557556391 -0.8553000093 0.5023791790 0.1267951727 -0.2527897954 -0.6182150245 0.7442496419
279.4 -400.7 2994.8 -0.7750386596 0.6045042276 0.1840917617 0.1915668249 0.5023791790 -0.8431591392 -0.6021770835 -0.6182150245 -0.5051662326
-106.5 -487.1 2853.4 0.9829801917 0.1127548143 -0.1450390369 -0.1402602047 -0.0492610820 -0.9888885021 -0.1186467186 0.9924010038 -0.0326076522
-157.1 -465.0 2407.9 0.9829801917 0.1452535093 0.1124783978 -0.1402602047 0.9887928963 -0.0511442423 -0.1186467186 0.0344975330 0.9923370481
75.8 -495.4 2835.4 0.9900435209 -0.0075008632 0.1405614763 0.1402139664 -0.0354366452 -0.9894868731 0.0124030327 0.9993437529 -0.0340320952
79.2 -479.3 2381.4 0.9900435209 -0.1407377124 -0.0025861131 0.1402139664 0.9876450896 -0.0699803233 0.0124030327 0.0689209625 0.9975450039
-163.0 -295.7 3142.7 0 0 0 0 0 0 0 0 0
63.0 -347.2 2826.6 0 0 0 0 0 0 0 0 0
-208.6 -815.6 2395.7 0 0 0 0 0 0 0 0 0
132.9 -856.7 2355.1 0 0 0 0 0 0 0 0 0
42.6 1.7 3187.9 42 0.9931952357 0.1096509919 0.0392406061 -0.0701806545 0.8324041367 -0.5497072339 -0.0929399878 0.5432126522 0.8344352245
19.5 -173.5 3073.6 0.9931952357 0.1096509919 0.0392406061 -0.0701806545 0.8324041367 -0.5497072339 -0.0929399878 0.5432126522 0.8344352245
-3.0 -334.5 2959.4 0.9930123687 0.1127327979 0.0348963961 -0.0715316013 0.8101840019 -0.5817947984 -0.0938598514 0.5752332211 0.8125866652
-125.5 -163.0 3087.3 -0.0240666736 -0.9636313915 0.2661490738 0.5795539618 0.2034764737 0.7891226411 -0.8145784140 0.1732392907 0.5535793900
-116.6 -377.9 3389.3 0.1782486737 -0.9530088305 -0.2449522913 -0.3152036369 0.1805195212 -0.9316970110 0.9321341515 0.2432836145 -0.2682144940
164.5 -183.9 3059.9 0.4573945999 0.5804389715 0.6737067103 -0.8486087918 0.5113528371 0.1355781853 -0.2658069730 -0.6337261796 0.7264556289
280.6 -399.3 2992.5 -0.8009693623 0.5804389715 0.1467606127 0.2182642519 0.5113528371 -0.8311913013 -0.5575023293 -0.6337261796 -0.5362670422
-116.6 -486.2 2850.6 0.9860340953 0.0910913646 -0.1394243091 -0.1352785230 -0.0502328016 -0.9895334244 -0.0971416235 0.9945747852 -0.0372085497
-157.1 -463.9 2408.7 0.9860340953 0.1403622925 0.0896392837 -0.1352785230 0.9889587164 -0.0605011024 -0.0971416235 0.0475298800 0.9941350222
65.3 -498.5 2832.3 0.9895253181 -0.0293726660 0.1413396895 0.1400995851 -0.0406967551 -0.9893007278 0.0348104648 0.9987397194 -0.0361553691
78.7 -480.0 2379.2 0.9895253181 -0.1416546851 -0.0278139189 0.1400995851 0.9887923598 -0.0515921898 0.0348104648 0.0471550599 0.9982808232
-163.6 -294.7 3143.1 0 0 0 0 0 0 0 0 0
56.9 -338.4 2836.8 0 0 0 0 0 0 0 0 0
-206.5 -811.6 2392.0 0 0 0 0 0 0 0 0 0
132.8 -857.8 2361.2 0 0 0 0 0 0 0 0 0
42.8 0.8 3187.8 43 0.9933854938 0.1026428565 0.0514747426 -0.0564042628 0.8266570568 -0.5598719716 -0.1000188217 0.5532653332 0.8269786835
21.2 -173.1 3071.4 0.9933854938 0.1026428565 0.0514747426 -0.0564042628 0.8266570568 -0.5598719716 -0.1000188217 0.5532653332 0.8269786835
-0.3 -332.8 2955.2 0.9930432439 0.1078322455 0.0472998470 -0.0590552539 0.8036171198 -0.5922093987 -0.1018702388 0.5852962732 0.8043946028
-123.8 -164.5 3086.3 -0.0364604704 -0.9645651579 0.2613133788 0.5901178718 0.1902468503 0.7845808268 -0.8064933419 0.1828118712 0.5622706413
-110.3 -383.3 3385.3 0.1885240823 -0.9531783462 -0.2364523411 -0.3256447315 0.1664739102 -0.9307211637 0.9265064597 0.2524628341 -0.2790131867
166.2 -181.8 3056.6 0.4522030950 0.5604966283 0.6937981844 -0.8540503383 0.4963532686 0.1556646973 -0.2571194470 -0.6629306078 0.7031447887
