122.6 -7.7 2972.6 95 0.9818673730 0.0898469239 0.1669252664 -0.0076818927 0.8986845613 -0.4385282397 -0.1894135773 0.4292942584 0.8830792308
104.7 -186.6 2887.1 0.9818673730 0.0898469239 0.1669252664 -0.0076818927 0.8986845613 -0.4385282397 -0.1894135773 0.4292942584 0.8830792308
86.0 -359.4 2800.8 0.9814822078 0.0970098972 0.1651719064 -0.0113691557 0.8902579546 -0.4553147554 -0.1912156343 0.4450054765 0.8748752475
-29.3 -185.1 2913.2 -0.2887116075 -0.4354763925 -0.8526464105 0.5181901455 0.6777783632 -0.5216277242 0.8050618172 -0.5924329758 0.0299770962
51.3 -329.7 2688.5 -0.1760678440 -0.4397442043 -0.8806958199 0.5598514080 0.6911528111 -0.4570275843 0.8096706271 -0.5735266209 0.1245016158
238.8 -188.2 2861.0 0.5284625292 0.6372859478 0.5608868003 -0.8273224831 0.2383917570 0.5086324215 0.1904334873 -0.7328274250 0.6532220840
369.2 -392.4 2908.0 -0.3477785289 0.6372859478 0.6876894236 -0.7596349716 0.2383917570 -0.6050819159 -0.5495496988 -0.7328274250 0.4011971354
-18.3 -536.2 2733.0 0.9908598661 0.1152176857 -0.0701544210 -0.0618578270 -0.0740731582 -0.9953324795 -0.1198764667 0.9905745983 -0.0662690029
-77.2 -498.3 2226.6 0.9908598661 0.0741270259 0.1127028912 -0.0618578270 0.9921465516 -0.1087144613 -0.1198764667 0.1007492393 0.9876635075
156.7 -535.1 2695.0 0.9515294433 -0.3055709004 0.0349012129 0.0154506760 -0.0658424199 -0.9977104068 0.3071692288 0.9498900771 -0.0579297282
305.0 -503.1 2234.2 0.9515294433 -0.0472737104 -0.3039027154 0.0154506760 0.9942162633 -0.1062791422 0.3071692288 0.0964322314 0.9467564821
96.0 -471.8 2483.1 0 0 0 0 0 0 0 0 0
281.0 -585.2 2768.6 0 0 0 0 0 0 0 0 0
-104.9 -868.6 2188.9 0 0 0 0 0 0 0 0 0
322.6 -874.2 2198.2 0 0 0 0 0 0 0 0 0
118.1 -20.0 2965.3 96 0.9898774624 0.0809287876 0.1165895462 -0.0144112622 0.8745586872 -0.4847054482 -0.1411910206 0.4781188071 0.8668722510
102.0 -194.3 2870.0 0.9898774624 0.0809287876 0.1165895462 -0.0144112622 0.8745586872 -0.4847054482 -0.1411910206 0.4781188071 0.8668722510
85.9 -361.0 2772.8 0.9898419976 0.0845976770 0.1142632589 -0.0147833275 0.8605857491 -0.5090910196 -0.1414012462 0.5022304654 0.8530945182
-33.0 -192.1 2889.3 -0.3270826340 -0.3758499324 -0.8670373559 0.5293510556 0.6871733665 -0.4975743890 0.7828182578 -0.6217150688 -0.0258059297
51.5 -328.8 2687.1 -0.1773414314 -0.3862674832 -0.9051781297 0.5566640496 0.7191157937 -0.4159298837 0.8115880489 -0.5776417255 0.0874921903
237.0 -196.6 2850.7 0.5087257624 0.6765139103 0.5324725509 -0.8447689414 0.2729813457 0.4602679312 0.1660225987 -0.6839663982 0.7103706002
362.5 -405.0 2891.6 -0.3272539973 0.6765139103 0.6597224474 -0.7205814719 0.2729813457 -0.6373723745 -0.6112832427 -0.6839663982 0.3981491625
-19.4 -530.2 2713.8 0.9909668565 0.1170394346 -0.0654714108 -0.0578725077 -0.0671889037 -0.9960604310 -0.1209773049 0.9908518791 -0.0598086119
-76.6 -497.3 2229.5 0.9909668565 0.0722606555 0.1129740402 -0.0578725077 0.9903634191 -0.1258215755 -0.1209773049 0.1181469187 0.9855992198
156.3 -532.3 2686.5 0.9495528936 -0.3104764223 0.0442009419 0.0251244716 -0.0651771277 -0.9975573421 0.3125989139 0.9483439922 -0.0540885739
304.2 -501.2 2234.7 0.9495528936 -0.0565706044 -0.3084624708 0.0251244716 0.9941567183 -0.1049820781 0.3125989139 0.0919360816 0.9454256296
96.5 -470.1 2481.2 0 0 0 0 0 0 0 0 0
279.7 -587.3 2736.9 0 0 0 0 0 0 0 0 0
-103.6 -866.9 2185.4 0 0 0 0 0 0 0 0 0
325.3 -872.3 2200.4 0 0 0 0 0 0 0 0 0
114.9 -27.8 2961.1 97 0.9897537827 0.0697035193 0.1246149838 0.0000743728 0.8724955916 -0.4886220098 -0.1427846998 0.4836247265 0.8635506034
101.1 -201.0 2865.1 0.9897537827 0.0697035193 0.1246149838 0.0000743728 0.8724955916 -0.4886220098 -0.1427846998 0.4836247265 0.8635506034
87.2 -367.3 2766.5 0.9898167253 0.0724205971 0.1225481704 0.0008412173 0.8579177856 -0.5137862563 -0.1423449665 0.5086573362 0.8491204977
-34.0 -201.0 2884.6 -0.2781068087 -0.3969956636 -0.8746719360 0.5191242695 0.7040361762 -0.4846060574 0.8081872463 -0.5888357162 0.0102928197
47.3 -352.9 2648.1 -0.2716864347 -0.3897039294 -0.8799530268 0.5475954413 0.6893033385 -0.4743417799 0.7914074659 -0.6107304692 0.0261257254
236.2 -201.0 2845.7 0.5208288431 0.6721398234 0.5262749791 -0.8385812044 0.2874719501 0.4627541602 0.1597462147 -0.6823400259 0.7133675218
364.7 -407.9 2885.1 -0.3177121580 0.6721398234 0.6687951684 -0.7204245925 0.2874719501 -0.6311483979 -0.6164798141 -0.6823400259 0.3928927481
-18.0 -525.8 2679.3 0.9894789457 0.1314304471 -0.0604771115 -0.0529576875 -0.0599762835 -0.9967940450 -0.1346362680 0.9895094037 -0.0523850173
-78.1 -498.4 2227.0 0.9894789457 0.0671683922 0.1281399578 -0.0529576875 0.9923800230 -0.1112537757 -0.1346362680 0.1032972708 0.9854962230
159.0 -528.8 2657.5 0.9450179935 -0.3245994747 0.0397005193 0.0209876690 -0.0609496459 -0.9979201555 0.3263441026 0.9438857436 -0.0507859252
305.6 -501.3 2231.2 0.9450179935 -0.0492965728 -0.3232812881 0.0209876690 0.9956772923 -0.0904777125 0.3263441026 0.0787181482 0.9419676065
115.9 -491.2 2448.2 0 0 0 0 0 0 0 0 0
284.2 -590.5 2728.9 0 0 0 0 0 0 0 0 0
-103.2 -868.8 2188.5 0 0 0 0 0 0 0 0 0
324.0 -872.9 2201.8 0 0 0 0 0 0 0 0 0
115.5 -26.5 2970.5 98 0.9856564999 0.0659244135 0.1553550512 0.0199748855 0.8685045242 -0.4952785671 -0.1675775200 0.4912777543 0.8547303677
102.4 -199.0 2873.0 0.9856564999 0.0659244135 0.1553550512 0.0199748855 0.8685045242 -0.4952785671 -0.1675775200 0.4912777543 0.8547303677
88.7 -364.6 2772.9 0.9856467247 0.0705895573 0.1533547789 0.0198510364 0.8536235094 -0.5205120444 -0.1676499695 0.5160852671 0.8399699330
-32.2 -201.7 2895.9 -0.2300104350 -0.4243550599 -0.8757956028 0.5254736543 0.7033087611 -0.4787841439 0.8191292286 -0.5703328848 0.0612190515
39.1 -364.4 2642.1 -0.3242394924 -0.4068985879 -0.8539919853 0.5229401588 0.6751840711 -0.5202499628 0.7882907391 -0.6152722836 -0.0061377212
236.9 -196.3 2850.1 0.5389682055 0.6493311524 0.5365466475 -0.8310800195 0.3061914742 0.4642765820 0.1371832192 -0.6961435080 0.7046736479
369.9 -401.4 2883.9 -0.3211884499 0.6493311524 0.6893526316 -0.7193154097 0.3061914742 -0.6235640049 -0.6159734726 -0.6961435080 0.3687287569
-15.0 -533.5 2676.2 0.9882825613 0.1375269592 -0.0662114173 -0.0564863272 -0.0734553784 -0.9956975579 -0.1417988390 0.9877705574 -0.0648262724
-78.3 -499.6 2221.5 0.9882825613 0.0670660511 0.1371122152 -0.0564863272 0.9952210784 -0.0796508119 -0.1417988390 0.0709725395 0.9873479605
162.2 -533.5 2652.5 0.9459570050 -0.3217199743 0.0407632515 0.0214153640 -0.0634518489 -0.9977551103 0.3235842586 0.9447063804 -0.0531329699
305.9 -505.1 2230.5 0.9459570050 -0.0508622192 -0.3202786744 0.0214153640 0.9952656627 -0.0948030874 0.3235842586 0.0828207582 0.9425677657
121.1 -496.6 2442.8 0 0 0 0 0 0 0 0 0
288.4 -583.8 2727.7 0 0 0 0 0 0 0 0 0
-103.3 -870.9 2195.0 0 0 0 0 0 0 0 0 0
324.9 -876.6 2199.6 0 0 0 0 0 0 0 0 0
106.8 -38.8 2963.3 99 0.9861917496 0.0579384230 0.1551417112 0.0264520105 0.8696671724 -0.4929293394 -0.1634811908 0.4902266562 0.8561260104
95.4 -210.8 2866.3 0.9861917496 0.0579384230 0.1551417112 0.0264520105 0.8696671724 -0.4929293394 -0.1634811908 0.4902266562 0.8561260104
83.6 -377.2 2767.1 0.9862394929 0.0609057918 0.1536951363 0.0271453001 0.8573899269 -0.5139510632 -0.1630792618 0.5110509396 0.8439384699
-39.3 -214.5 2888.6 -0.2353953719 -0.4318136871 -0.8707042933 0.5132136345 0.7055642009 -0.4886623621 0.8253488541 -0.5618861914 0.0555261411
31.5 -369.0 2640.1 -0.3589727879 -0.4008723795 -0.8428759575 0.5240639448 0.6607047915 -0.5374254584 0.7723312378 -0.6346420050 -0.0270922817
230.0 -207.1 2844.0 0.5452321768 0.6501684189 0.5291530490 -0.8256222010 0.3071883321 0.4732687771 0.1451547593 -0.6949218512 0.7042824030
364.6 -410.9 2879.8 -0.3122587502 0.6501684189 0.6926583052 -0.7257778049 0.3071883321 -0.6155338287 -0.6129772067 -0.6949218512 0.3759555519
-13.0 -531.8 2685.5 0.9881822467 0.1404698491 -0.0613523014 -0.0517476797 -0.0710383952 -0.9961303473 -0.1442846507 0.9875331521 -0.0629298910
-78.8 -498.5 2222.7 0.9881822467 0.0639804676 0.1392924339 -0.0517476797 0.9946199656 -0.0897400901 -0.1442846507 0.0814715028 0.9861766100
163.5 -528.3 2656.4 0.9477450252 -0.3165819645 0.0394366905 0.0238980502 -0.0528176203 -0.9983181953 0.3181324899 0.9470935464 -0.0424919464
306.2 -504.5 2229.3 0.9477450252 -0.0501967259 -0.3150550425 0.0238980502 0.9959399104 -0.0867901221 0.3181324899 0.0747257024 0.9450967312
122.4 -501.7 2444.6 0 0 0 0 0 0 0 0 0
285.4 -595.1 2724.3 0 0 0 0 0 0 0 0 0
-102.7 -869.7 2192.3 0 0 0 0 0 0 0 0 0
325.0 -876.3 2201.4 0 0 0 0 0 0 0 0 0
109.3 -29.0 2959.1 00 0.9810546637 0.0593015812 0.1844318062 0.0345237739 0.8832449913 -0.4676391482 -0.1906302124 0.4651468694 0.8644642830
97.6 -204.2 2866.9 0.9810546637 0.0593015812 0.1844318062 0.0345237739 0.8832449913 -0.4676391482 -0.1906302124 0.4651468694 0.8644642830
85.6 -373.3 2772.6 0.9811370373 0.0623749346 0.1829741150 0.0357117131 0.8717408776 -0.4886640012 -0.1899863929 0.4859806597 0.8530697227
-36.4 -209.0 2892.8 -0.2249974161 -0.4603626430 -0.8587446809 0.5121238828 0.6939114928 -0.5061777830 0.8289181590 -0.5536723137 0.0796343982
35.7 -373.0 2627.4 -0.3470803499 -0.4186216891 -0.8392205238 0.5588593483 0.6262923479 -0.5435385108 0.7531344295 -0.6576577425 0.0165768638
231.5 -199.4 2840.9 0.5604221821 0.6272239089 0.5408485532 -0.8140452504 0.2969176173 0.4991696179 0.1525036544 -0.7200208902 0.6769878268
369.9 -400.3 2878.6 -0.3178749084 0.6272239089 0.7110173702 -0.7463825345 0.2969176173 -0.5956114531 -0.5846953392 -0.7200208902 0.3737663031
-16.5 -545.9 2681.4 0.9887177944 0.1312779635 -0.0721331835 -0.0586342961 -0.1039392278 -0.9928538203 -0.1378372908 0.9858816862 -0.0950691700
-77.6 -497.6 2222.7 0.9887177944 0.0700068101 0.1324241161 -0.0586342961 0.9944007993 -0.0879149064 -0.1378372908 0.0791584402 0.9872865677
160.2 -541.1 2652.7 0.9433861971 -0.3292317390 0.0403597765 0.0127195027 -0.0856803209 -0.9962415099 0.3314523399 0.9403538704 -0.0766419694
309.5 -502.2 2226.1 0.9433861971 -0.0320788398 -0.3301414549 0.0127195027 0.9980790019 -0.0606340505 0.3314523399 0.0530020930 0.9419820309
123.6 -514.5 2436.6 0 0 0 0 0 0 0 0 0
289.2 -589.6 2730.3 0 0 0 0 0 0 0 0 0
-103.7 -868.7 2193.1 0 0 0 0 0 0 0 0 0
321.5 -874.7 2206.4 0 0 0 0 0 0 0 0 0
111.5 -20.4 2958.0 01 0.9806837440 0.0592295825 0.1864169240 0.0304453056 0.8952133656 -0.4445965886 -0.1932162046 0.4416841567 0.8761179447
99.8 -198.3 2870.2 0.9806837440 0.0592295825 0.1864169240 0.0304453056 0.8952133656 -0.4445965886 -0.1932162046 0.4416841567 0.8761179447
87.2 -369.7 2780.1 0.9806431532 0.0648190528 0.1847634614 0.0298633017 0.8830648661 -0.4682996869 -0.1935128570 0.4647525251 0.8640357852
-34.2 -202.4 2896.7 -0.2138457745 -0.4610757828 -0.8612079024 0.5368295908 0.6810808778 -0.4979385734 0.8161396980 -0.5688039660 0.1018728614
32.2 -369.0 2643.3 -0.3216037750 -0.4340291023 -0.8415400982 0.5546356440 0.6339764595 -0.5389370322 0.7674309611 -0.6400723457 0.0368388034
233.7 -194.3 2843.8 0.5598820448 0.6255570650 0.5433327556 -0.8108122349 0.2785985768 0.5147488713 0.1706330329 -0.7287394404 0.6631916761
371.9 -394.4 2885.9 -0.3206973374 0.6255570650 0.7112183571 -0.7596819997 0.2785985768 -0.5875934958 -0.5657176971 -0.7287394404 0.3858785927
-14.2 -545.6 2694.8 0.9886982441 0.1338619739 -0.0675033331 -0.0543408617 -0.0996573940 -0.9935368299 -0.1397240013 0.9859763384 -0.0912569165
-78.2 -498.0 2223.8 0.9886982441 0.0667912364 0.1342186928 -0.0543408617 0.9940522909 -0.0943778008 -0.1397240013 0.0860176086 0.9864472747
161.4 -539.2 2660.9 0.9466045499 -0.3213423491 0.0260560699 0.0022302165 -0.0742910728 -0.9972341061 0.3223892748 0.9440444708 -0.0696076080
308.5 -505.2 2228.9 0.9466045499 -0.0275722705 -0.3212158084 0.0022302165 0.9968724251 -0.0789964348 0.3223892748 0.0740620047 0.9437054396
113.7 -509.6 2448.8 0 0 0 0 0 0 0 0 0
290.5 -587.1 2742.4 0 0 0 0 0 0 0 0 0
-103.1 -869.0 2191.7 0 0 0 0 0 0 0 0 0
318.8 -877.2 2201.3 0 0 0 0 0 0 0 0 0
115.1 -12.6 2957.5 02 0.9798894525 0.0633849949 0.1892063469 0.0242741257 0.9032992125 -0.4283237755 -0.1980592459 0.4243027568 0.8835947514
102.5 -193.2 2872.6 0.9798894525 0.0633849949 0.1892063469 0.0242741257 0.9032992125 -0.4283237755 -0.1980592459 0.4243027568 0.8835947514
89.3 -366.3 2786.0 0.9799115658 0.0678382441 0.1875400990 0.0245770160 0.8921239376 -0.4511217773 -0.1979123205 0.4466686249 0.8725352883
-31.4 -196.5 2899.7 -0.2082816064 -0.4642215073 -0.8608816266 0.5461605787 0.6749701500 -0.4961087108 0.8113737702 -0.5735099316 0.1129556224
30.9 -360.0 2656.9 -0.2938134074 -0.4466063380 -0.8451132774 0.5534234047 0.6413938999 -0.5313533545 0.7793563008 -0.6238242388 0.0587122850
236.3 -189.9 2845.6 0.5594477057 0.6230818033 0.5466144681 -0.8080043793 0.2629431486 0.5272474289 0.1847897619 -0.7366341949 0.6505557299
374.4 -389.3 2891.2 -0.3240461051 0.6230818033 0.7118729949 -0.7703885436 0.2629431486 -0.5808290243 -0.5490861535 -0.7366341949 0.3948093951
-13.1 -543.6 2707.0 0.9886295199 0.1321084499 -0.0718264580 -0.0594086051 -0.0956529677 -0.9936403632 -0.1381387115 0.9866092801 -0.0867169648
-77.6 -496.9 2225.1 0.9886295199 0.0734942481 0.1311879605 -0.0594086051 0.9923488498 -0.1082327291 -0.1381387115 0.0992083773 0.9854315519
162.6 -538.3 2672.4 0.9491891861 -0.3131335974 0.0314197205 0.0087446449 -0.0735567212 -0.9972527027 0.3145844340 0.9468562603 -0.0670810044
308.4 -504.1 2231.5 0.9491891861 -0.0342674628 -0.3128347695 0.0087446449 0.9965421557 -0.0826271698 0.3145844340 0.0756931901 0.9462067485
105.4 -500.3 2459.3 0 0 0 0 0 0 0 0 0
292.2 -584.8 2751.9 0 0 0 0 0 0 0 0 0
-105.1 -867.3 2188.1 0 0 0 0 0 0 0 0 0
321.2 -876.0 2203.2 0 0 0 0 0 0 0 0 0
113.9 -9.3 2959.2 03 0.9783086777 0.0596655682 0.1983736604 0.0292214621 0.9082979560 -0.4173019826 -0.2050809562 0.4140469134 0.8868522644
102.0 -190.7 2876.5 0.9783086777 0.0596655682 0.1983736604 0.0292214621 0.9082979560 -0.4173019826 -0.2050809562 0.4140469134 0.8868522644
88.8 -364.8 2791.9 0.9780986309 0.0680055767 0.1967187673 0.0262508783 0.8972675800 -0.4407060444 -0.2064798325 0.4362180233 0.8758310080
-31.6 -194.2 2904.7 -0.2188532799 -0.4734167457 -0.8532173038 0.5378977060 0.6710183620 -0.5102943778 0.8141064644 -0.5706232786 0.1077952087
33.6 -354.6 2662.1 -0.2661995590 -0.4606107473 -0.8467440605 0.5564628243 0.6438449621 -0.5251787901 0.7870749235 -0.6109839678 0.0849215165
235.6 -187.1 2848.3 0.5641768575 0.6158370972 0.5499537587 -0.8037425876 0.2572069764 0.5365094543 0.1889504790 -0.7447075248 0.6400846839
374.9 -385.5 2895.0 -0.3255350888 0.6158370972 0.7174758315 -0.7776879668 0.2572069764 -0.5736253262 -0.5377995372 -0.7447075248 0.3951991796
-11.6 -541.6 2716.9 0.9886824489 0.1327455193 -0.0698977858 -0.0579424202 -0.0918863565 -0.9940822721 -0.1383826137 0.9868817329 -0.0831548348
-77.3 -496.1 2228.2 0.9886824489 0.0732884780 0.1309040487 -0.0579424202 0.9913904667 -0.1174207032 -0.1383826137 0.1085068882 0.9844168425
164.0 -537.2 2681.5 0.9523071647 -0.3033531010 0.0329839438 0.0121893492 -0.0701892674 -0.9974592328 0.3048974872 0.9502896070 -0.0631440654
307.7 -503.9 2231.1 0.9523071647 -0.0397121757 -0.3025458455 0.0121893492 0.9956545830 -0.0923218876 0.3048974872 0.0842309594 0.9486531019
101.1 -495.7 2462.5 0 0 0 0 0 0 0 0 0
292.3 -582.9 2758.5 0 0 0 0 0 0 0 0 0
-104.7 -866.1 2187.7 0 0 0 0 0 0 0 0 0
322.6 -875.6 2199.7 0 0 0 0 0 0 0 0 0
114.5 -6.4 2958.1 04 0.9771671295 0.0688024312 0.2010238767 0.0220368449 0.9081981182 -0.4179599285 -0.2113261670 0.4128466547 0.8859452009
100.7 -188.8 2875.2 0.9771671295 0.0688024312 0.2010238767 0.0220368449 0.9081981182 -0.4179599285 -0.2113261670 0.4128466547 0.8859452009
86.5 -362.7 2790.2 0.9772691131 0.0729929134 0.1990406066 0.0233340785 0.8961206675 -0.4431966543 -0.2107146084 0.4377668202 0.8740478158
-32.8 -192.0 2904.0 -0.2447509766 -0.4668744504 -0.8497794867 0.5459848642 0.6579056382 -0.5187106133 0.8012474775 -0.5909216404 0.0938833207
38.3 -350.6 2671.1 -0.2434863895 -0.4649717808 -0.8511848450 0.5541472435 0.6535628438 -0.5155350566 0.7960120440 -0.5972074866 0.0985291898
234.2 -185.6 2846.4 0.5621733069 0.6135066748 0.5545905828 -0.8060929775 0.2565852106 0.5332711935 0.1848656833 -0.7468423843 0.6387887597
373.0 -384.6 2892.0 -0.3305763006 0.6135066748 0.7171672583 -0.7754414082 0.2565852106 -0.5769355893 -0.5379683375 -0.7468423843 0.3909174800
-12.0 -541.3 2725.7 0.9892069697 0.1292937398 -0.0689400211 -0.0576057248 -0.0894456282 -0.9943244457 -0.1347263157 0.9875639677 -0.0810321793
-77.3 -496.1 2226.8 0.9892069697 0.0716394931 0.1278177649 -0.0576057248 0.9922271967 -0.1103028879 -0.1347263157 0.1017493531 0.9856449366
163.3 -536.6 2688.7 0.9537254572 -0.2982330322 0.0382731445 0.0179888234 -0.0704663619 -0.9973519444 0.3001402617 0.9518884420 -0.0618407018
305.5 -503.0 2234.8 0.9537254572 -0.0518950894 -0.2961666286 0.0179888234 0.9930768013 -0.1160813197 0.3001402617 0.1053820178 0.9480561614
100.0 -491.2 2469.2 0 0 0 0 0 0 0 0 0
289.1 -581.4 2755.5 0 0 0 0 0 0 0 0 0
-104.0 -866.5 2188.9 0 0 0 0 0 0 0 0 0
324.8 -873.6 2195.5 0 0 0 0 0 0 0 0 0
114.3 -2.3 2956.0 05 0.9802913666 0.0599860065 0.1882298887 0.0208540875 0.9160435796 -0.4005361795 -0.1964533478 0.3965675235 0.8967387080
102.2 -185.8 2876.6 0.9802913666 0.0599860065 0.1882298887 0.0208540875 0.9160435796 -0.4005361795 -0.1964533478 0.3965675235 0.8967387080
89.5 -361.4 2795.1 0.9802439213 0.0656387433 0.1865833849 0.0201664250 0.9052469730 -0.4244069457 -0.1967615783 0.4197850823 0.8860391378
-31.7 -188.5 2903.5 -0.2698608339 -0.4636246264 -0.8439356089 0.5373018980 0.6548095942 -0.5315365195 0.7990505695 -0.5968890786 0.0723989233
47.1 -345.4 2670.2 -0.2077665031 -0.4652819037 -0.8604335189 0.5672425628 0.6593151689 -0.4934971035 0.7969121337 -0.5906066298 0.1269440800
236.1 -183.0 2849.7 0.5601640940 0.6241263151 0.5446857214 -0.8012931943 0.2414687872 0.5473774076 0.2101080269 -0.7430741191 0.6353703141
374.4 -380.8 2901.6 -0.3219829798 0.6241263151 0.7118942142 -0.7870459557 0.2414687872 -0.5676720142 -0.5261992812 -0.7430741191 0.4134672284
-15.2 -538.7 2724.1 0.9897577167 0.1251937002 -0.0686015561 -0.0583049431 -0.0841370299 -0.9947469234 -0.1303079724 0.9885582924 -0.0759758651
-78.3 -496.3 2225.7 0.9897577167 0.0708035529 0.1239616573 -0.0583049431 0.9931045175 -0.1017053127 -0.1303079724 0.0934360474 0.9870610833
159.9 -534.6 2686.4 0.9514558315 -0.3054850101 0.0375601687 0.0174493901 -0.0682992786 -0.9975122809 0.3072903752 0.9497442245 -0.0596532151
305.6 -502.0 2233.5 0.9514558315 -0.0474796481 -0.3041011989 0.0174493901 0.9947619438 -0.1007185206 0.3072903752 0.0905228406 0.9473004937
99.8 -489.2 2468.1 0 0 0 0 0 0 0 0 0
292.7 -580.5 2768.0 0 0 0 0 0 0 0 0 0
-104.7 -867.0 2190.8 0 0 0 0 0 0 0 0 0
323.3 -873.2 2199.7 0 0 0 0 0 0 0 0 0
115.7 -4.3 2955.5 06 0.9774017930 0.0662711188 0.2007332742 0.0192015674 0.9178286791 -0.3965121210 -0.2105160505 0.3914060593 0.8958148956
102.4 -188.7 2876.9 0.9774017930 0.0662711188 0.2007332742 0.0192015674 0.9178286791 -0.3965121210 -0.2105160505 0.3914060593 0.8958148956
88.9 -365.2 2797.2 0.9774670005 0.0695290938 0.1993087381 0.0200786740 0.9092899561 -0.4156784713 -0.2101311833 0.4103138447 0.8874049187
-31.2 -191.5 2905.6 -0.2886440754 -0.4740496576 -0.8318422437 0.5217883587 0.6505743265 -0.5518061519 0.8027586937 -0.5933211446 0.0595691763
50.5 -339.0 2678.6 -0.1792744994 -0.4748645425 -0.8616056442 0.5842751861 0.6532209516 -0.4815858305 0.7915068865 -0.5897508860 0.1603457183
235.9 -186.0 2848.2 0.5644829869 0.6136467457 0.5520839691 -0.7982709408 0.2356295735 0.5542943478 0.2100536227 -0.7536022663 0.6228652000
375.2 -383.0 2900.0 -0.3273963332 0.6136467457 0.7185049057 -0.7925854325 0.2356295735 -0.5623940229 -0.5144122839 -0.7536022663 0.4092231989
-11.1 -538.9 2731.3 0.9887651801 0.1317140460 -0.0706743076 -0.0597928241 -0.0848175809 -0.9946008325 -0.1369973123 0.9876524806 -0.0759891123
-78.7 -495.4 2224.6 0.9887651801 0.0712293535 0.1314147115 -0.0597928241 0.9942341447 -0.0890128464 -0.1369973123 0.0801551491 0.9873231053
164.5 -535.3 2696.1 0.9557418227 -0.2915868759 0.0391752273 0.0205151159 -0.0667806417 -0.9975567460 0.2934906185 0.9542103410 -0.0578431115
306.8 -502.7 2230.4 0.9557418227 -0.0433135368 -0.2910009325 0.0205151159 0.9965074062 -0.0809451118 0.2934906185 0.0713927150 0.9532923698
95.9 -487.2 2477.9 0 0 0 0 0 0 0 0 0
292.2 -584.2 2769.5 0 0 0 0 0 0 0 0 0
-105.3 -866.5 2194.6 0 0 0 0 0 0 0 0 0
323.0 -874.6 2203.7 0 0 0 0 0 0 0 0 0
115.6 -4.3 2955.7 07 0.9753736854 0.0687565058 0.2095680088 0.0178783890 0.9223944545 -0.3858352602 -0.2198330462 0.3800803125 0.8984500170
101.8 -188.9 2879.7 0.9753736854 0.0687565058 0.2095680088 0.0178783890 0.9223944545 -0.3858352602 -0.2198330462 0.3800803125 0.8984500170
87.3 -366.3 2802.3 0.9752476215 0.0749514028 0.2080249935 0.0162675232 0.9139271379 -0.4055521488 -0.2205163985 0.3988977969 0.8900859952
-31.4 -191.1 2909.8 -0.2918954194 -0.4832263589 -0.8254025578 0.5102508068 0.6512467861 -0.5617132187 0.8089753985 -0.5851238370 0.0564706810
51.8 -336.5 2679.2 -0.1840108484 -0.4799355268 -0.8577889800 0.5947251916 0.6404579878 -0.4859172106 0.7825867534 -0.5995627046 0.1675785184
235.1 -186.7 2849.5 0.5656492114 0.6060720086 0.5592116714 -0.7965278029 0.2259781957 0.5607827306 0.2135050893 -0.7626339793 0.6105775833
374.7 -383.3 2902.3 -0.3337135613 0.6060720086 0.7220193744 -0.7980875373 0.2259781957 -0.5585607886 -0.5016886592 -0.7626339793 0.4082865417
-12.2 -543.5 2736.4 0.9892414808 0.1270200610 -0.0725752562 -0.0612703003 -0.0907550454 -0.9939866662 -0.1328428090 0.9877395630 -0.0819960982
-77.6 -496.7 2227.7 0.9892414808 0.0743271858 0.1260029078 -0.0612703003 0.9926346540 -0.1045103893 -0.1328428090 0.0956657827 0.9865094423
162.9 -539.9 2698.8 0.9548500776 -0.2955633104 0.0300612282 0.0070122699 -0.0787360743 -0.9968708158 0.2970053554 0.9520729780 -0.0731085762
309.5 -500.8 2226.8 0.9548500776 -0.0290428102 -0.2956651151 0.0070122699 0.9971361756 -0.0753013045 0.2970053554 0.0698281750 0.9523192048
98.5 -487.4 2480.7 0 0 0 0 0 0 0 0 0
290.0 -585.9 2774.9 0 0 0 0 0 0 0 0 0
-105.3 -867.2 2192.0 0 0 0 0 0 0 0 0 0
320.3 -873.0 2200.7 0 0 0 0 0 0 0 0 0
116.7 -2.4 2957.4 08 0.9760779142 0.0727671012 0.2048826069 0.0122119011 0.9224948287 -0.3858162463 -0.2170778811 0.3790887296 0.8995381594
102.1 -186.8 2881.6 0.9760779142 0.0727671012 0.2048826069 0.0122119011 0.9224948287 -0.3858162463 -0.2170778811 0.3790887296 0.8995381594
86.4 -364.1 2804.3 0.9757864475 0.0810265392 0.2031638771 0.0087318802 0.9136817455 -0.4063366055 -0.2185511738 0.3982717395 0.8908507228
-31.2 -188.0 2911.4 -0.3033132553 -0.4713661075 -0.8281395435 0.5227688551 0.6443040371 -0.5581979752 0.7966892719 -0.6022344232 0.0509895645
54.0 -334.9 2687.6 -0.1807935834 -0.4772980213 -0.8599420190 0.5688073635 0.6625504494 -0.4873244166 0.8023539782 -0.5772464871 0.1517057568
235.4 -185.6 2851.7 0.5591838360 0.6093350649 0.5621603727 -0.8005856276 0.2207463384 0.5570760369 0.2153511047 -0.7615653872 0.6112626791
373.5 -383.3 2904.9 -0.3387066424 0.6093350649 0.7169299722 -0.7959623933 0.2207463384 -0.5636620522 -0.5017186999 -0.7615653872 0.4102395177
-14.6 -545.1 2744.6 0.9898574948 0.1203668565 -0.0754583851 -0.0643459931 -0.0936811715 -0.9935207367 -0.1266559958 0.9882993698 -0.0849858895
-77.5 -496.2 2228.1 0.9898574948 0.0768820196 0.1194625571 -0.0643459931 0.9923385382 -0.1054693013 -0.1266559958 0.0967126414 0.9872208238
160.1 -542.2 2705.1 0.9547459483 -0.2942413390 0.0433845185 0.0199372452 -0.0822248682 -0.9964143634 0.2967535853 0.9521875381 -0.0726374984
304.7 -501.8 2237.2 0.9547459483 -0.0560814440 -0.2920874059 0.0199372452 0.9919208288 -0.1252821833 0.2967535853 0.1137892306 0.9481504560
99.9 -479.1 2484.1 0 0 0 0 0 0 0 0 0
287.5 -585.3 2777.5 0 0 0 0 0 0 0 0 0
-106.2 -866.6 2192.0 0 0 0 0 0 0 0 0 0
325.6 -871.6 2194.8 0 0 0 0 0 0 0 0 0
116.0 -5.8 2958.7 09 0.9822506309 0.0711514577 0.1735545397 0.0027509269 0.9196990132 -0.3926144838 -0.1875530332 0.3861232698 0.9031792283
101.8 -189.1 2881.7 0.9822506309 0.0711514577 0.1735545397 0.0027509269 0.9196990132 -0.3926144838 -0.1875530332 0.3861232698 0.9031792283
87.0 -366.1 2803.5 0.9820891023 0.0766203851 0.1721344441 0.0007490794 0.9119875431 -0.4102171659 -0.1884154677 0.4029987454 0.8955956697
-32.3 -189.2 2907.4 -0.3176399171 -0.4498926997 -0.8346864581 0.5186504722 0.6544850469 -0.5501372814 0.7937924862 -0.6076560616 0.0254464988
55.1 -331.9 2689.0 -0.1832395494 -0.4580867589 -0.8698159456 0.5595891476 0.6788590550 -0.4754054248 0.8082593679 -0.5738526583 0.1319465488
236.0 -189.0 2856.0 0.5452174544 0.6343769431 0.5479998589 -0.8060804009 0.2172583193 0.5504845381 0.2301571369 -0.7418656945 0.6298118234
370.5 -388.0 2912.8 -0.3298087120 0.6343769431 0.6991366744 -0.7918960452 0.2172583193 -0.5707008243 -0.5139327049 -0.7418656945 0.4307068884
-16.7 -542.3 2746.5 0.9906321168 0.1149723828 -0.0736844987 -0.0636809319 -0.0883831382 -0.9940488935 -0.1208006367 0.9894289970 -0.0802336261
-76.8 -496.1 2229.7 0.9906321168 0.0774935409 0.1124402285 -0.0636809319 0.9905313849 -0.1216238216 -0.1208006367 0.1133241579 0.9861870408
158.1 -540.7 2707.4 0.9542471766 -0.2953432798 0.0467399955 0.0240411777 -0.0800265670 -0.9965027571 0.2980508208 0.9520336390 -0.0692647249
303.4 -501.4 2239.2 0.9542471766 -0.0615348928 -0.2926187515 0.0240411777 0.9912167788 -0.1300435960 0.2980508208 0.1170588359 0.9473451972
101.6 -473.9 2483.9 0 0 0 0 0 0 0 0 0
286.8 -589.0 2782.4 0 0 0 0 0 0 0 0 0
-105.7 -865.8 2187.4 0 0 0 0 0 0 0 0 0
326.3 -871.1 2195.5 0 0 0 0 0 0 0 0 0
116.2 -5.3 2958.8 10 0.9762282968 0.0860862434 0.1989156902 -0.0013627540 0.9201613069 -0.3915371001 -0.2167404741 0.3819585443 0.8984048367
99.0 -189.1 2882.5 0.9762282968 0.0860862434 0.1989156902 -0.0013627540 0.9201613069 -0.3915371001 -0.2167404741 0.3819585443 0.8984048367
81.0 -365.9 2804.6 0.9760332108 0.0927147120 0.1968837231 -0.0033610689 0.9110205173 -0.4123473763 -0.2175957710 0.4018029869 0.8894978762
-34.3 -188.6 2912.2 -0.3211357892 -0.4603562355 -0.8276134133 0.5131906271 0.6498757005 -0.5606219172 0.7959316373 -0.6047592163 0.0275521670
56.2 -333.2 2688.0 -0.1835801601 -0.4703869820 -0.8631537557 0.5495337248 0.6789430976 -0.4868767560 0.8150528073 -0.5637130141 0.1338530183
232.2 -189.5 2852.8 0.5480697155 0.6129946709 0.5690844655 -0.8089196682 0.2153841704 0.5470454097 0.2127641290 -0.7601625919 0.6139090061
367.5 -389.2 2905.3 -0.3485728502 0.6129946709 0.7090377212 -0.7897027731 0.2153841704 -0.5744381547 -0.5048429966 -0.7601625919 0.4090065062
-15.8 -543.2 2742.2 0.9904412031 0.1172048599 -0.0727273375 -0.0621380173 -0.0916034803 -0.9938549399 -0.1231467128 0.9888740182 -0.0834449828
-76.5 -495.8 2230.4 0.9904412031 0.0774396509 0.1141461581 -0.0621380173 0.9893004894 -0.1319977343 -0.1231467128 0.1236431748 0.9846559167
160.1 -543.1 2708.4 0.9558830261 -0.2909187078 0.0406688116 0.0167344660 -0.0842921585 -0.9963005781 0.2932705283 0.9530273676 -0.0757050738
303.7 -501.5 2237.8 0.9558830261 -0.0496017151 -0.2895294726 0.0167344660 0.9932348728 -0.1149104387 0.2932705283 0.1049958169 0.9502464533
102.8 -472.7 2481.1 0 0 0 0 0 0 0 0 0
279.1 -589.6 2777.2 0 0 0 0 0 0 0 0 0
-105.4 -865.1 2184.2 0 0 0 0 0 0 0 0 0
322.2 -872.1 2198.6 0 0 0 0 0 0 0 0 0
115.1 -3.0 2957.4 11 0.9801019430 0.0792073980 0.1820066273 -0.0024287053 0.9216502309 -0.3880140781 -0.1984800398 0.3798513114 0.9035035372
99.3 -186.9 2881.6 0.9801019430 0.0792073980 0.1820066273 -0.0024287053 0.9216502309 -0.3880140781 -0.1984800398 0.3798513114 0.9035035372
82.9 -364.4 2804.7 0.9799388647 0.0845407397 0.1804790348 -0.0042568208 0.9142442942 -0.4051410258 -0.1992528439 0.3962451816 0.8962633610
-34.5 -186.4 2908.8 -0.3181126416 -0.4528053105 -0.8329296112 0.5215386748 0.6501004100 -0.5526000857 0.7917081118 -0.6101940870 0.0293503180
54.0 -331.6 2688.4 -0.1924489886 -0.4606163800 -0.8664848208 0.5616077781 0.6723892689 -0.4821715653 0.8047112226 -0.5794180036 0.1292850971
233.1 -187.5 2854.4 0.5445933938 0.6269589663 0.5570821166 -0.8067096472 0.2098757923 0.5524234772 0.2294288278 -0.7502496839 0.6200708151
367.5 -386.7 2911.0 -0.3385959864 0.6269589663 0.7016232610 -0.7939053774 0.2098757923 -0.5706719160 -0.5050415993 -0.7502496839 0.4266830087
-24.4 -542.4 2746.1 0.9925961494 0.1010870710 -0.0673369765 -0.0580480769 -0.0921775997 -0.9940491319 -0.1066924781 0.9905981421 -0.0856272206
-77.0 -494.5 2230.7 0.9925961494 0.0717983544 0.0979686677 -0.0580480769 0.9889211655 -0.1366213858 -0.1066924781 0.1299229711 0.9857670665
150.4 -543.0 2707.1 0.9499357343 -0.3096604645 0.0416227914 0.0177239887 -0.0795953199 -0.9966696501 0.3119421601 0.9475098848 -0.0701220185
304.9 -503.3 2234.4 0.9499357343 -0.0496339351 -0.3084777594 0.0177239887 0.9942721128 -0.1053981557 0.3119421601 0.0946540236 0.9453743696
102.9 -474.1 2484.2 0 0 0 0 0 0 0 0 0
281.6 -588.1 2782.8 0 0 0 0 0 0 0 0 0
-103.8 -863.6 2182.2 0 0 0 0 0 0 0 0 0
323.4 -874.4 2199.1 0 0 0 0 0 0 0 0 0
115.7 -5.0 2957.2 12 0.9810234308 0.0767129660 0.1780677438 -0.0013339981 0.9210485816 -0.3894454837 -0.1938845664 0.3818176091 0.9036725760
100.4 -188.6 2881.1 0.9810234308 0.0767129660 0.1780677438 -0.0013339981 0.9210485816 -0.3894454837 -0.1938845664 0.3818176091 0.9036725760
83.8 -365.8 2803.6 0.9806188941 0.0852842256 0.1763892621 -0.0059134290 0.9127632976 -0.4084460139 -0.1958356500 0.3994868100 0.8955773115
-33.5 -187.8 2907.8 -0.3201422095 -0.4477657378 -0.8348741531 0.5235044360 0.6508730650 -0.5498248339 0.7895898223 -0.6130824685 0.0260354020
54.7 -332.1 2690.2 -0.1746435016 -0.4612224996 -0.8699272871 0.5443816781 0.6909620166 -0.4756259322 0.8204560876 -0.5566374660 0.1304090619
234.3 -189.4 2854.3 0.5420012474 0.6300708055 0.5560983419 -0.8086453676 0.2108979076 0.5491945744 0.2287515104 -0.7473505735 0.6238107681
368.2 -389.0 2910.8 -0.3386975229 0.6300708055 0.6987808943 -0.7914086580 0.2108979076 -0.5737546086 -0.5088774562 -0.7473505735 0.4272128940
-21.3 -541.5 2745.7 0.9917544723 0.1059870347 -0.0720406100 -0.0624804571 -0.0909135938 -0.9938968420 -0.1118896455 0.9902027249 -0.0835418403
-76.6 -494.1 2229.2 0.9917544723 0.0751515031 0.1038044021 -0.0624804571 0.9907642007 -0.1203431040 -0.1118896455 0.1128650606 0.9872903228
154.2 -542.3 2710.0 0.9524275064 -0.3020274341 0.0407588482 0.0167240724 -0.0817417949 -0.9965131879 0.3043060303 0.9497882724 -0.0728020072
304.2 -501.7 2238.4 0.9524275064 -0.0563036799 -0.2995191813 0.0167240724 0.9909613729 -0.1331010014 0.3043060303 0.1217598766 0.9447605014
99.0 -470.2 2482.0 0 0 0 0 0 0 0 0 0
282.2 -589.9 2781.6 0 0 0 0 0 0 0 0 0
-104.6 -863.9 2187.1 0 0 0 0 0 0 0 0 0
325.2 -871.4 2192.9 0 0 0 0 0 0 0 0 0
114.8 -1.8 2959.6 13 0.9810550809 0.0713245720 0.1801214516 0.0043292399 0.9214560986 -0.3884583414 -0.1936806440 0.3818788230 0.9036903977
100.6 -185.2 2883.6 0.9810550809 0.0713245720 0.1801214516 0.0043292399 0.9214560986 -0.3884583414 -0.1936806440 0.3818788230 0.9036903977
84.7 -362.4 2806.1 0.9805067778 0.0820757523 0.1785218865 -0.0022284708 0.9131628871 -0.4075886905 -0.1964727193 0.3992456198 0.8955453038
-33.4 -184.9 2910.4 -0.3233273029 -0.4525525868 -0.8310569525 0.5156439543 0.6521298885 -0.5557318926 0.7934549451 -0.6082127690 0.0225046072
56.5 -328.2 2689.8 -0.1694512516 -0.4631217718 -0.8699451089 0.5539800525 0.6852976084 -0.4727296531 0.8151026964 -0.5620368719 0.1404356807
234.5 -185.5 2856.7 0.5452664495 0.6287805438 0.5543640852 -0.8064955473 0.2131712586 0.5514733791 0.2285812348 -0.7477921247 0.6233438253
369.2 -384.6 2913.2 -0.3360359371 0.6287805438 0.7012238503 -0.7927560806 0.2131712586 -0.5710479617 -0.5085446239 -0.7477921247 0.4268364012
-20.5 -542.4 2743.6 0.9917461276 0.1095901653 -0.0665556118 -0.0567912571 -0.0899311006 -0.9943274856 -0.1149539351 0.9899001718 -0.0829650536
-77.8 -495.4 2226.0 0.9917461276 0.0681142733 0.1086282656 -0.0567912571 0.9929413795 -0.1041255444 -0.1149539351 0.0970969647 0.9886140823
155.1 -543.5 2708.5 0.9527335763 -0.2999423742 0.0483044535 0.0227445886 -0.0881316438 -0.9958491325 0.3029544950 0.9498775601 -0.0771439075
303.4 -499.9 2239.0 0.9527335763 -0.0622545555 -0.2973602414 0.0227445886 0.9906489253 -0.1345266402 0.3029544950 0.1214047074 0.9452404380
99.5 -468.8 2483.0 0 0 0 0 0 0 0 0 0
283.9 -585.8 2784.1 0 0 0 0 0 0 0 0 0
-103.3 -866.0 2189.7 0 0 0 0 0 0 0 0 0
326.6 -869.7 2193.7 0 0 0 0 0 0 0 0 0
116.2 0.0 2968.8 14 0.9760929346 0.0768443197 0.2033164799 0.0126685221 0.9137134552 -0.4061615765 -0.2169842124 0.3990271688 0.8908957243
100.9 -181.4 2889.5 0.9760929346 0.0768443197 0.2033164799 0.0126685221 0.9137134552 -0.4061615765 -0.2169842124 0.3990271688 0.8908957243
84.5 -357.5 2809.6 0.9757185578 0.0845416412 0.2020544857 0.0084444834 0.9072989225 -0.4204013646 -0.2188652456 0.4118996561 0.8845545053
-32.4 -182.6 2919.4 -0.3219086826 -0.4666736424 -0.8237660527 0.5054237843 0.6510214806 -0.5663195848 0.8005757928 -0.5986541510 0.0262984969
57.7 -324.0 2695.4 -0.1586406082 -0.4746344388 -0.8657686114 0.5612286329 0.6780835986 -0.4745788276 0.8123149276 -0.5611816049 0.1588068604
234.2 -180.2 2859.7 0.5562178493 0.6097850204 0.5646095276 -0.8058578968 0.2297954261 0.5456987619 0.2030142546 -0.7585224509 0.6192163825
371.4 -379.1 2909.8 -0.3419260681 0.6097850204 0.7150166631 -0.7871270776 0.2297954261 -0.5723853707 -0.5133395791 -0.7585224509 0.4014052451
-19.1 -539.5 2746.2 0.9915123582 0.1112928465 -0.0672098547 -0.0576990768 -0.0865799710 -0.9945726395 -0.1165078431 0.9900090098 -0.0794236138
-77.5 -494.1 2227.0 0.9915123582 0.0698131323 0.1096785665 -0.0576990768 0.9922568798 -0.1099869311 -0.1165078431 0.1027250513 0.9878630638
156.6 -539.9 2711.0 0.9537213445 -0.2974902093 0.0437630825 0.0210858062 -0.0790160745 -0.9966503382 0.2999517024 0.9514494538 -0.0690864921
304.9 -500.5 2236.7 0.9537213445 -0.0532810502 -0.2959337234 0.0210858062 0.9936036468 -0.1109378934 0.2999517024 0.0995638371 0.9487444162
98.0 -466.5 2489.2 0 0 0 0 0 0 0 0 0
284.7 -578.9 2779.5 0 0 0 0 0 0 0 0 0
-103.5 -864.5 2188.7 0 0 0 0 0 0 0 0 0
324.7 -871.3 2199.6 0 0 0 0 0 0 0 0 0
115.3 -4.3 2962.4 15 0.9770059586 0.0774937496 0.1986304969 0.0087453509 0.9162610769 -0.4004861712 -0.2130325735 0.3930144608 0.8945147991
99.8 -187.4 2883.8 0.9770059586 0.0774937496 0.1986304969 0.0087453509 0.9162610769 -0.4004861712 -0.2130325735 0.3930144608 0.8945147991
83.3 -364.0 2804.9 0.9766436815 0.0850570425 0.1973129660 0.0046759294 0.9096788764 -0.4152859747 -0.2148144394 0.4065090418 0.8880344033
-33.6 -188.0 2913.2 -0.3510787785 -0.4614794552 -0.8147271872 0.4954750538 0.6467514038 -0.5798422694 0.7945112586 -0.6072472930 0.0015908472
60.8 -321.3 2699.6 -0.1486905217 -0.4719443917 -0.8689991832 0.5602235198 0.6839444041 -0.4673003852 0.8148869276 -0.5563169718 0.1626982987
233.2 -186.7 2854.5 0.5534267426 0.6135375500 0.5632854700 -0.8058686256 0.2235495895 0.5482711792 0.2104627192 -0.7573620677 0.6181489825
369.8 -385.7 2906.5 -0.3416893780 0.6135375500 0.7119129300 -0.7895019650 0.2235495895 -0.5715874434 -0.5098381639 -0.7573620677 0.4080045819
-19.4 -534.4 2749.3 0.9917318225 0.1119908690 -0.0626581758 -0.0546067245 -0.0735720396 -0.9957937598 -0.1161297038 0.9909819365 -0.0668482780
-78.4 -495.6 2227.0 0.9917318225 0.0675801486 0.1090913713 -0.0546067245 0.9915329218 -0.1178160161 -0.1161297038 0.1108847708 0.9870250821
155.4 -532.8 2710.1 0.9533690214 -0.2993227839 0.0386444852 0.0200006757 -0.0651027411 -0.9976781011 0.3011436462 0.9519283175 -0.0560802743
304.6 -500.4 2235.5 0.9533690214 -0.0522161350 -0.2972557843 0.0200006757 0.9936854839 -0.1104045436 0.3011436462 0.0993109569 0.9483932853
98.5 -463.4 2492.8 0 0 0 0 0 0 0 0 0
283.1 -586.1 2777.0 0 0 0 0 0 0 0 0 0
-103.6 -865.7 2185.6 0 0 0 0 0 0 0 0 0
324.1 -871.3 2198.4 0 0 0 0 0 0 0 0 0
116.6 -4.2 2970.2 16 0.9780527353 0.0772988722 0.1934884042 0.0131467143 0.9038912654 -0.4275602400 -0.2079424113 0.4207201898 0.8830370903
101.2 -184.6 2886.2 0.9780527353 0.0772988722 0.1934884042 0.0131467143 0.9038912654 -0.4275602400 -0.2079424113 0.4207201898 0.8830370903
84.8 -358.4 2801.7 0.9777412415 0.0845599622 0.1920198947 0.0096832104 0.8960286975 -0.4438905716 -0.2095907032 0.4358695149 0.8752654195
-32.4 -185.9 2914.8 -0.3367010355 -0.4498553276 -0.8272016644 0.5034589171 0.6563701630 -0.5618783832 0.7957144976 -0.6056470871 0.0054831812
61.9 -326.9 2692.0 -0.1370564997 -0.4620284140 -0.8762107491 0.5479854941 0.7015113235 -0.4556245804 0.8251832724 -0.5425970554 0.1570381671
234.7 -183.3 2857.6 0.5511682034 0.6176293492 0.5610237122 -0.8131021261 0.2466465384 0.5272859335 0.1872927248 -0.7467927933 0.6381394267
370.8 -384.0 2903.8 -0.3405096531 0.6176293492 0.7089338303 -0.7720751762 0.2466465384 -0.5857178569 -0.5366126299 -0.7467927933 0.3928707540
-20.7 -541.0 2745.3 0.9919869900 0.1116045639 -0.0592134818 -0.0496047102 -0.0869911313 -0.9949733019 -0.1161946133 0.9899378419 -0.0807579532
-79.2 -495.4 2226.8 0.9919869900 0.0623343177 0.1098919883 -0.0496047102 0.9921274781 -0.1149889082 -0.1161946133 0.1086163372 0.9872696400
154.2 -540.1 2706.8 0.9517906904 -0.3046325147 0.0359649323 0.0116457622 -0.0812755376 -0.9966236353 0.3065270483 0.9489959478 -0.0738096237
306.3 -499.5 2233.0 0.9517906904 -0.0407482162 -0.3040296435 0.0116457622 0.9952231646 -0.0969288424 0.3065270483 0.0887153149 0.9477187395
96.7 -466.0 2482.6 0 0 0 0 0 0 0 0 0
284.4 -579.9 2767.7 0 0 0 0 0 0 0 0 0
-102.5 -865.8 2186.3 0 0 0 0 0 0 0 0 0
321.6 -871.0 2199.8 0 0 0 0 0 0 0 0 0
116.2 -4.4 2963.1 17 0.9771298170 0.0791202709 0.1973761171 0.0101120919 0.9098616838 -0.4147884548 -0.2124031335 0.4072980285 0.8882529140
100.5 -185.7 2881.9 0.9771298170 0.0791202709 0.1973761171 0.0101120919 0.9098616838 -0.4147884548 -0.2124031335 0.4072980285 0.8882529140
83.1 -360.8 2800.0 0.9765356183 0.0896497592 0.1958088577 0.0037329062 0.9020504951 -0.4316143990 -0.2153236121 0.4222177863 0.8805497885
-32.9 -186.2 2911.3 -0.3572895527 -0.4522930384 -0.8171751499 0.4953424037 0.6499832273 -0.5763312578 0.7918207645 -0.6106986403 -0.0081923129
66.3 -323.8 2691.3 -0.1103700027 -0.4620099068 -0.8799802661 0.5708078146 0.6953437328 -0.4366640747 0.8136318922 -0.5504942536 0.1869737804
233.9 -185.2 2852.5 0.5498629212 0.6140762568 0.5661811233 -0.8119214773 0.2338617295 0.5348758698 0.1960464716 -0.7538030744 0.6271736026
369.6 -385.6 2900.9 -0.3457792997 0.6140762568 0.7094695568 -0.7788332701 0.2338617295 -0.5820029378 -0.5233119726 -0.7538030744 0.3973985016
-19.2 -533.1 2735.9 0.9912753105 0.1150015816 -0.0644043982 -0.0560781993 -0.0742265433 -0.9956634045 -0.1192833856 0.9905882478 -0.0671298504
-78.2 -495.1 2228.1 0.9912753105 0.0691508055 0.1122116596 -0.0560781993 0.9916950464 -0.1157417521 -0.1192833856 0.1084393114 0.9869206548
155.9 -531.4 2698.3 0.9519010782 -0.3040670156 0.0377828814 0.0193639435 -0.0633652955 -0.9978024960 0.3057929575 0.9505409598 -0.0544295572
303.0 -500.8 2238.6 0.9519010782 -0.0560155064 -0.3012416959 0.0193639435 0.9921797514 -0.1233059466 0.3057929575 0.1115418375 0.9455416799
94.3 -468.6 2484.9 0 0 0 0 0 0 0 0 0
281.9 -583.3 2768.1 0 0 0 0 0 0 0 0 0
-104.0 -865.3 2187.7 0 0 0 0 0 0 0 0 0
323.9 -871.0 2196.9 0 0 0 0 0 0 0 0 0
118.4 -5.6 2959.0 18 0.9783356786 0.0816966966 0.1902234703 0.0041634561 0.9108932018 -0.4126211107 -0.2069830596 0.4044739604 0.8908191919
102.1 -187.6 2878.2 0.9783356786 0.0816966966 0.1902234703 0.0041634561 0.9108932018 -0.4126211107 -0.2069830596 0.4044739604 0.8908191919
84.6 -362.5 2796.0 0.9779662490 0.0901792943 0.1882808059 0.0002686035 0.9013437629 -0.4331043065 -0.2087627798 0.4236119688 0.8814595938
-31.5 -187.6 2906.7 -0.3725777566 -0.4437033236 -0.8150541186 0.4930419028 0.6494313478 -0.5789202452 0.7861905098 -0.6175486445 -0.0231993161
69.7 -321.5 2693.2 -0.0839859992 -0.4522860348 -0.8879097104 0.5827704668 0.7004883289 -0.4119401276 0.8082851768 -0.5520448089 0.2047477365
235.7 -187.6 2849.7 0.5454224944 0.6200606227 0.5639495850 -0.8141915798 0.2321972847 0.5321432948 0.1990135312 -0.7494059205 0.6314937472
