-26.9 102.4 2904.5 3 0.9973484278 -0.0388864651 0.0615135767 0.0521400981 0.9715017676 -0.2312266231 -0.0507689640 0.2338208407 0.9709532857
-18.9 -96.8 2856.5 0.9973484278 -0.0388864651 0.0615135767 0.0521400981 0.9715017676 -0.2312266231 -0.0507689640 0.2338208407 0.9709532857
-12.5 -285.3 2804.0 0.9974957705 -0.0325340666 0.0627992153 0.0481504090 0.9627572894 -0.2660450637 -0.0518048704 0.2684026361 0.9619128108
-161.0 -103.6 2863.9 -0.0403787643 -0.7341146469 -0.6778239012 0.6723976731 0.4818253815 -0.5618947148 0.7390878797 -0.4784558117 0.4741614759
-150.1 -286.2 2663.2 -0.3134241700 -0.7203575373 -0.6187489629 0.4493893385 0.4614858925 -0.7649052143 0.8365491629 -0.5177989602 0.1790801734
123.2 -90.0 2849.1 0.0133716222 0.6136394143 0.7894731760 -0.7594540119 0.5198164582 -0.3911782801 -0.6504235864 -0.5943378806 0.4729816914
126.5 -279.1 2687.1 -0.4423840046 0.6136394143 0.6540206671 -0.3971433043 0.5198164582 -0.7563517690 -0.8040980101 -0.5943378806 0.0137442769
-97.7 -478.1 2767.3 0.9585099220 0.2415763587 -0.1513259411 -0.1628181934 0.0282199774 -0.9862524271 -0.2339848578 0.9699714184 0.0663821548
-192.3 -489.2 2387.5 0.9585099220 0.2699373662 0.0916105583 -0.1628181934 0.7822263837 -0.6013419628 -0.2339848578 0.5614764094 0.7937224507
82.3 -468.7 2753.8 0.9983568192 -0.0501247123 -0.0277694426 -0.0309008453 -0.0628185272 -0.9975464940 0.0482572950 0.9967654347 -0.0642642006
108.8 -435.4 2226.3 0.9983568192 0.0221025273 -0.0528687723 -0.0309008453 0.9846327305 -0.1718821377 0.0482572950 0.1732334048 0.9836978316
-69.6 -401.6 2448.4 0 0 0 0 0 0 0 0 0
13.3 -380.7 2481.3 0 0 0 0 0 0 0 0 0
-294.0 -783.8 2176.0 0 0 0 0 0 0 0 0 0
100.5 -806.3 2161.1 0 0 0 0 0 0 0 0 0
-26.9 98.8 2908.4 4 0.9975578785 -0.0396629907 0.0574900545 0.0525352173 0.9685013890 -0.2434030920 -0.0460251048 0.2458289266 0.9682199359
-18.7 -101.6 2857.5 0.9975578785 -0.0396629907 0.0574900545 0.0525352173 0.9685013890 -0.2434030920 -0.0460251048 0.2458289266 0.9682199359
-12.1 -289.7 2803.5 0.9977211952 -0.0333697721 0.0586420409 0.0482218564 0.9605680704 -0.2738313675 -0.0471919812 0.2760351896 0.9599882960
-160.9 -108.4 2864.2 -0.0463970788 -0.7321344614 -0.6795781255 0.6588456035 0.4889307916 -0.5717247128 0.7508460283 -0.4742633998 0.4596786201
-148.2 -288.3 2659.2 -0.3081656098 -0.7179313898 -0.6241862178 0.4510085881 0.4674472213 -0.7603185773 0.8376306891 -0.5158174038 0.1797420830
123.5 -94.7 2850.8 0.0249123778 0.6165573597 0.7869157195 -0.7523332834 0.5299203396 -0.3913810253 -0.6583114862 -0.5822726488 0.4770582020
129.7 -280.9 2687.9 -0.4395469725 0.6165573597 0.6531887054 -0.3818983436 0.5299203396 -0.7571909428 -0.8129895926 -0.5822726488 0.0025373767
-96.2 -478.1 2756.1 0.9556733370 0.2542490661 -0.1484783739 -0.1653247625 0.0461018793 -0.9851610661 -0.2436311543 0.9660393596 0.0860920101
-195.8 -496.2 2377.8 0.9556733370 0.2745238543 0.1064192802 -0.1653247625 0.7994246483 -0.5775707364 -0.2436311543 0.5343752503 0.8093743920
84.1 -469.5 2746.7 0.9986058474 -0.0464369059 -0.0251000430 -0.0280853081 -0.0647927299 -0.9975034595 0.0446946733 0.9968177080 -0.0660065934
108.3 -435.7 2227.1 0.9986058474 0.0201560929 -0.0487865806 -0.0280853081 0.9854301810 -0.1677455157 0.0446946733 0.1688818336 0.9846224189
-69.0 -404.2 2444.1 0 0 0 0 0 0 0 0 0
17.2 -378.7 2479.8 0 0 0 0 0 0 0 0 0
-299.1 -797.1 2176.7 0 0 0 0 0 0 0 0 0
100.7 -806.9 2163.5 0 0 0 0 0 0 0 0 0
-26.0 98.6 2897.8 5 0.9974706769 -0.0428615175 0.0567025654 0.0540781394 0.9753233194 -0.2140558809 -0.0461285785 0.2165808380 0.9751743078
-17.2 -101.7 2853.3 0.9974706769 -0.0428615175 0.0567025654 0.0540781394 0.9753233194 -0.2140558809 -0.0461285785 0.2165808380 0.9751743078
-10.3 -291.2 2804.6 0.9976840615 -0.0354897715 0.0580252595 0.0487848520 0.9678226113 -0.2468592227 -0.0473971777 0.2491182685 0.9673125744
-159.4 -108.6 2860.1 -0.0418482907 -0.7333712578 -0.6785390973 0.6636887193 0.4872428179 -0.5675488710 0.7468373775 -0.4740896821 0.4663399458
-148.0 -290.1 2656.0 -0.3136397302 -0.7150187492 -0.6248026490 0.4636234343 0.4589241743 -0.7579194903 0.8286636472 -0.5273867846 0.1875625849
125.0 -94.8 2846.6 0.0226608217 0.5812140107 0.8134351373 -0.7497472167 0.5481103659 -0.3707481027 -0.6613362432 -0.6014692783 0.4481842220
130.7 -283.4 2680.1 -0.4617079198 0.5812140107 0.6700866222 -0.3865210712 0.5481103659 -0.7417388558 -0.7983904481 -0.6014692783 -0.0284154061
-95.7 -482.2 2753.7 0.9539649487 0.2545585632 -0.1585901082 -0.1753951460 0.0445843711 -0.9834880829 -0.2432846725 0.9660290480 0.0871802643
-195.4 -499.6 2375.3 0.9539649487 0.2829156220 0.0995472074 -0.1753951460 0.7955005169 -0.5800132751 -0.2432846725 0.5358522534 0.8085016608
84.6 -473.5 2745.1 0.9988071322 -0.0435611829 -0.0220613144 -0.0251086224 -0.0706942454 -0.9971819520 0.0418788157 0.9965463877 -0.0717036799
107.3 -436.7 2226.7 0.9988071322 0.0173030496 -0.0456605144 -0.0251086224 0.9840067625 -0.1763526350 0.0418788157 0.1772887409 0.9832674265
-67.4 -409.1 2443.2 0 0 0 0 0 0 0 0 0
12.5 -382.4 2475.8 0 0 0 0 0 0 0 0 0
-301.9 -799.1 2173.6 0 0 0 0 0 0 0 0 0
100.8 -807.3 2159.9 0 0 0 0 0 0 0 0 0
-25.9 101.1 2894.1 6 0.9987856150 -0.0430894308 0.0238874927 0.0470183082 0.9784834385 -0.2008966804 -0.0147169922 0.2017758638 0.9793211222
-17.0 -101.9 2852.2 0.9987856150 -0.0430894308 0.0238874927 0.0470183082 0.9784834385 -0.2008966804 -0.0147169922 0.2017758638 0.9793211222
-10.1 -292.0 2806.1 0.9990614057 -0.0352021307 0.0252405647 0.0401495136 0.9712641835 -0.2345931381 -0.0162570775 0.2353863418 0.9717658758
-159.3 -107.6 2854.5 -0.0612851232 -0.7135936022 -0.6978741288 0.6768146157 0.4841787219 -0.5545204878 0.7335980535 -0.5063152909 0.4532976151
-142.6 -292.1 2654.6 -0.2928386629 -0.7084599733 -0.6421292424 0.4738658965 0.4757639170 -0.7410126925 0.8304797411 -0.5212803483 0.1963929534
125.3 -96.1 2849.9 0.0131789157 0.5753756166 0.8177831173 -0.7407855392 0.5549468398 -0.3785113096 -0.6716123223 -0.6008135080 0.4335435331
128.7 -284.6 2679.0 -0.4669416547 0.5753756166 0.6714971066 -0.3802248836 0.5549468398 -0.7399074435 -0.7983699441 -0.6008135080 -0.0403556600
-93.5 -485.0 2760.1 0.9539354444 0.2583237886 -0.1525646448 -0.1637272984 0.0221322142 -0.9862573147 -0.2513971329 0.9658048153 0.0634073541
-194.6 -493.7 2381.9 0.9539354444 0.2797600925 0.1083579138 -0.1637272984 0.7881071568 -0.5933637023 -0.2513971329 0.5482895374 0.7976077199
86.9 -476.2 2751.5 0.9989022017 -0.0408860818 -0.0228632782 -0.0259889644 -0.0776277110 -0.9966436028 0.0389740281 0.9961436987 -0.0786050782
108.4 -435.4 2226.9 0.9989022017 0.0186422262 -0.0429752097 -0.0259889644 0.9838115573 -0.1773114502 0.0389740281 0.1782336831 0.9832160473
-67.4 -413.7 2441.4 0 0 0 0 0 0 0 0 0
9.1 -382.0 2474.6 0 0 0 0 0 0 0 0 0
-300.0 -790.5 2175.4 0 0 0 0 0 0 0 0 0
101.4 -805.9 2159.8 0 0 0 0 0 0 0 0 0
-24.9 103.8 2891.7 7 0.9990621209 -0.0400126800 0.0165470839 0.0423857123 0.9818378091 -0.1849268377 -0.0088471342 0.1854547709 0.9826129675
-16.7 -99.5 2853.3 0.9990621209 -0.0400126800 0.0165470839 0.0423857123 0.9818378091 -0.1849268377 -0.0088471342 0.1854547709 0.9826129675
-10.1 -290.1 2809.0 0.9992790222 -0.0333905108 0.0180709437 0.0366091095 0.9735502601 -0.2255209386 -0.0100627122 0.2260199040 0.9740707278
-159.0 -104.7 2854.7 -0.0663983151 -0.7089281082 -0.7021482587 0.6764152646 0.4853405654 -0.5539917946 0.7335214019 -0.5117279291 0.4473040104
-140.6 -292.6 2651.0 -0.2796912193 -0.7073680162 -0.6491557956 0.4798322618 0.4826526344 -0.7326714396 0.8315851092 -0.5164076686 0.2044243068
125.7 -94.3 2851.8 -0.0087427432 0.6491808891 0.7605838180 -0.7550313473 0.4944143891 -0.4306763113 -0.6556304097 -0.5780299306 0.4858294129
123.5 -286.4 2685.0 -0.4502980113 0.6491808891 0.6130219102 -0.3626484275 0.4944143891 -0.7899623513 -0.8159153461 -0.5780299306 0.0127906157
-93.5 -485.9 2761.5 0.9535683393 0.2548788488 -0.1604499817 -0.1690350771 0.0119942790 -0.9855370522 -0.2492680699 0.9668986201 0.0545208305
-193.4 -490.6 2382.8 0.9535683393 0.2811694741 0.1079405174 -0.1690350771 0.7962616682 -0.5808567405 -0.2492680699 0.5356408358 0.8068174124
87.0 -478.6 2758.6 0.9988980889 -0.0401510075 -0.0242995359 -0.0275868475 -0.0834591836 -0.9961292744 0.0379675739 0.9957019687 -0.0844748542
108.3 -434.2 2229.7 0.9988980889 0.0202018488 -0.0423610210 -0.0275868475 0.9829588532 -0.1817440391 0.0379675739 0.1827123910 0.9824330211
-68.8 -415.8 2437.5 0 0 0 0 0 0 0 0 0
8.2 -379.2 2476.1 0 0 0 0 0 0 0 0 0
-299.2 -790.4 2181.1 0 0 0 0 0 0 0 0 0
100.7 -804.5 2160.9 0 0 0 0 0 0 0 0 0
-26.0 105.3 2894.0 8 0.9989584088 -0.0414855741 0.0190005172 0.0443179719 0.9812487364 -0.1875814050 -0.0108623113 0.1882280856 0.9820652604
-17.4 -97.0 2855.2 0.9989584088 -0.0414855741 0.0190005172 0.0443179719 0.9812487364 -0.1875814050 -0.0108623113 0.1882280856 0.9820652604
-10.6 -287.5 2810.4 0.9991794229 -0.0348886549 0.0205730572 0.0386630595 0.9729358554 -0.2278179377 -0.0120680043 0.2284264117 0.9734863639
-159.8 -102.5 2856.9 -0.0735493600 -0.7105262876 -0.6998163462 0.6755427122 0.4807130098 -0.5590680242 0.7336433530 -0.5138748884 0.4446347058
-139.1 -293.2 2649.8 -0.2688218653 -0.7154303789 -0.6448985338 0.4664411545 0.4891028404 -0.7370285392 0.8427143097 -0.4989366233 0.2022246420
125.0 -91.5 2853.5 -0.0231403671 0.6837084889 0.7293882966 -0.7564055324 0.4650781453 -0.4599489272 -0.6536934972 -0.5623567104 0.5063987970
119.1 -282.6 2688.3 -0.4222459495 0.6837084889 0.5951899290 -0.3763908148 0.4650781453 -0.8012691736 -0.8246443272 -0.5623567104 0.0609642193
-93.9 -484.1 2765.7 0.9539583921 0.2491362691 -0.1670163721 -0.1783601940 0.0235084556 -0.9836844206 -0.2411451638 0.9681831002 0.0668620840
-191.5 -493.3 2386.5 0.9539583921 0.2854327857 0.0921492204 -0.1783601940 0.7868450284 -0.5908151865 -0.2411451638 0.5471773148 0.8015272617
86.7 -477.5 2763.8 0.9990033507 -0.0390028916 -0.0217056815 -0.0248738062 -0.0826700702 -0.9962664843 0.0370628648 0.9958134294 -0.0835578218
107.5 -433.4 2232.7 0.9990033507 0.0170302354 -0.0412593409 -0.0248738062 0.9799292684 -0.1977876574 0.0370628648 0.1986168027 0.9793761969
-70.0 -412.9 2433.5 0 0 0 0 0 0 0 0 0
11.1 -379.0 2477.2 0 0 0 0 0 0 0 0 0
-299.0 -789.6 2180.4 0 0 0 0 0 0 0 0 0
101.1 -802.4 2157.9 0 0 0 0 0 0 0 0 0
-28.7 108.1 2889.1 9 0.9982644916 -0.0588873252 -0.0005333130 0.0578674600 0.9825752378 -0.1766275167 0.0109251421 0.1762901098 0.9842776060
-16.6 -94.6 2852.7 0.9982644916 -0.0588873252 -0.0005333130 0.0578674600 0.9825752378 -0.1766275167 0.0109251421 0.1762901098 0.9842776060
-6.2 -285.5 2810.3 0.9985798597 -0.0532456376 0.0017893162 0.0523629859 0.9747284651 -0.2171694785 0.0098192301 0.2169547528 0.9761322737
-158.8 -102.1 2851.4 -0.0711958483 -0.7067233920 -0.7038986087 0.6868341565 0.4770022929 -0.5483863950 0.7233187556 -0.5225044489 0.4514411688
-139.1 -292.4 2651.0 -0.2788014114 -0.7126280665 -0.6437631249 0.4644330740 0.4866893589 -0.7398887873 0.8405781984 -0.5052669048 0.1952783763
125.7 -87.2 2854.1 -0.0322018340 0.7250729799 0.6879187226 -0.7653451562 0.4247744977 -0.4835426211 -0.6428140402 -0.5420662165 0.5412525535
117.5 -280.7 2691.6 -0.3993892968 0.7250729799 0.5610324144 -0.3818671405 0.4247744977 -0.8208191991 -0.8334660530 -0.5420662165 0.1072311625
-94.1 -481.6 2766.8 0.9540625215 0.2433527857 -0.1747687608 -0.1847493649 0.0186275691 -0.9826090932 -0.2358651608 0.9697589278 0.0627311394
-189.4 -488.9 2387.0 0.9540625215 0.2873327434 0.0848798528 -0.1847493649 0.7872378826 -0.5883231759 -0.2358651608 0.5456156135 0.8041587472
86.5 -474.6 2764.6 0.9989963770 -0.0400275737 -0.0201007631 -0.0231565610 -0.0774033815 -0.9967309237 0.0383408517 0.9961960316 -0.0782525986
108.0 -433.1 2230.5 0.9989963770 0.0156466439 -0.0419693924 -0.0231565610 0.9824815989 -0.1849152744 0.0383408517 0.1857015491 0.9818578959
-67.5 -411.6 2435.2 0 0 0 0 0 0 0 0 0
15.3 -378.4 2478.3 0 0 0 0 0 0 0 0 0
-297.6 -785.4 2181.5 0 0 0 0 0 0 0 0 0
102.1 -803.1 2160.6 0 0 0 0 0 0 0 0 0
-26.9 107.0 2890.2 0 0.9984998107 -0.0502370186 -0.0217803717 0.0452990197 0.9813492894 -0.1868196577 0.0307594147 0.1855527610 0.9821527600
-16.5 -97.2 2851.6 0.9984998107 -0.0502370186 -0.0217803717 0.0452990197 0.9813492894 -0.1868196577 0.0307594147 0.1855527610 0.9821527600
-7.8 -288.0 2808.4 0.9988092184 -0.0444519259 -0.0201030988 0.0389078595 0.9743923545 -0.2214627117 0.0294327494 0.2204168439 0.9749615788
-158.7 -102.7 2847.4 -0.0778857023 -0.6892613769 -0.7203142047 0.6927619576 0.4821629226 -0.5362833738 0.7169482112 -0.5407750607 0.4399404526
-137.3 -293.4 2650.1 -0.2767741382 -0.7022475004 -0.6559302807 0.4590482414 0.5030483007 -0.7322685122 0.8441982865 -0.5037766099 0.1831347346
125.8 -91.6 2855.8 -0.0265350398 0.7223407030 0.6910280585 -0.7627543807 0.4321877360 -0.4810608327 -0.6461436749 -0.5398496389 0.5395004153
119.3 -278.2 2697.7 -0.3958580792 0.7223407030 0.5670275688 -0.3816788495 0.4321877360 -0.8170281649 -0.8352350593 -0.5398496389 0.1046171710
-86.0 -481.1 2767.0 0.9526033401 0.2627078593 -0.1533996314 -0.1622039229 0.0120248869 -0.9866839647 -0.2573650181 0.9648004770 0.0540671907
-188.9 -485.8 2389.1 0.9526033401 0.2820433974 0.1140104383 -0.1622039229 0.7879523039 -0.5939874053 -0.2573650181 0.5473414660 0.7963545918
94.4 -471.6 2768.7 0.9994649291 -0.0262872316 -0.0194648970 -0.0212542545 -0.0696002021 -0.9973485470 0.0248627719 0.9972285628 -0.0701216757
108.7 -433.9 2228.5 0.9994649291 0.0167951155 -0.0280682184 -0.0212542545 0.9857272506 -0.1670031101 0.0248627719 0.1675103158 0.9855567813
-66.2 -411.2 2433.3 0 0 0 0 0 0 0 0 0
18.0 -375.9 2483.8 0 0 0 0 0 0 0 0 0
-295.1 -782.6 2183.0 0 0 0 0 0 0 0 0 0
102.4 -805.1 2165.4 0 0 0 0 0 0 0 0 0
-26.2 104.1 2899.2 1 0.9985890388 -0.0514687710 0.0130723715 0.0530609898 0.9768764377 -0.2071157843 -0.0021100966 0.2075171918 0.9782291055
-15.5 -98.4 2856.2 0.9985890388 -0.0514687710 0.0130723715 0.0530609898 0.9768764377 -0.2071157843 -0.0021100966 0.2075171918 0.9782291055
-7.0 -288.1 2808.7 0.9989212751 -0.0440177470 0.0147885270 0.0462898426 0.9691486359 -0.2420912087 -0.0036759712 0.2425146252 0.9701408148
-157.8 -105.0 2856.7 -0.0862953737 -0.7098612189 -0.6990351677 0.6683835983 0.4790668488 -0.5689976215 0.7387939095 -0.5163255334 0.4331183434
-133.5 -292.9 2649.0 -0.2627913356 -0.7191120982 -0.6432873011 0.4564994574 0.4947093725 -0.7395071983 0.8500288129 -0.4879963696 0.1982689351
126.8 -91.7 2855.7 -0.0253455937 0.7210503817 0.6924189329 -0.7647343874 0.4321135283 -0.4779740274 -0.6438469291 -0.5416311026 0.5404598713
120.5 -280.6 2696.7 -0.4016965032 0.7210503817 0.5645584464 -0.3762314618 0.4321135283 -0.8195900321 -0.8349190354 -0.5416311026 0.0977033451
-89.3 -482.3 2762.6 0.9533568621 0.2631507814 -0.1478591412 -0.1598013639 0.0244478360 -0.9868463874 -0.2560745478 0.9644449353 0.0653593615
-192.4 -491.9 2384.9 0.9533568621 0.2787815928 0.1157215536 -0.1598013639 0.7914012671 -0.5900402665 -0.2560745478 0.5440264940 0.7990375161
91.2 -475.3 2767.9 0.9993679523 -0.0313193239 -0.0168182962 -0.0191297904 -0.0750302076 -0.9969977736 0.0299634151 0.9966893196 -0.0755819157
108.2 -434.6 2228.1 0.9993679523 0.0139801688 -0.0326850116 -0.0191297904 0.9864436388 -0.1629814357 0.0299634151 0.1635036767 0.9860876203
-66.0 -410.2 2430.8 0 0 0 0 0 0 0 0 0
17.6 -376.9 2482.9 0 0 0 0 0 0 0 0 0
-297.4 -789.9 2180.0 0 0 0 0 0 0 0 0 0
102.9 -806.1 2166.5 0 0 0 0 0 0 0 0 0
-24.3 106.2 2891.8 2 0.9988233447 -0.0475881398 0.0093434611 0.0484935679 0.9822413921 -0.1812462807 -0.0005523601 0.1814861149 0.9833933711
-14.4 -99.0 2853.8 0.9988233447 -0.0475881398 0.0093434611 0.0484935679 0.9822413921 -0.1812462807 -0.0005523601 0.1814861149 0.9833933711
-6.8 -289.8 2810.6 0.9991768003 -0.0390242077 0.0110806338 0.0405074768 0.9745469689 -0.2204933465 -0.0021940200 0.2207606882 0.9753255248
-156.7 -104.8 2854.1 -0.0775757506 -0.7067998052 -0.7031472325 0.6784090400 0.4793908596 -0.5567275882 0.7305772901 -0.5202099681 0.4423102736
-135.6 -290.0 2654.7 -0.2627028227 -0.7166603208 -0.6460535526 0.4590007365 0.4961351156 -0.7369995117 0.8487081528 -0.4901509285 0.1986115277
128.0 -93.2 2853.5 -0.0296255145 0.7563525438 0.6534930468 -0.7764558196 0.3943052590 -0.4915686250 -0.6294749379 -0.5219714642 0.5755928159
120.9 -278.0 2703.7 -0.3841565847 0.7563525438 0.5294852257 -0.3781164885 0.3943052590 -0.8375865817 -0.8422895074 -0.5219714642 0.1345143914
-88.6 -482.1 2761.6 0.9522124529 0.2648136318 -0.1522010267 -0.1648842990 0.0262072794 -0.9859646559 -0.2571081221 0.9639434218 0.0686185136
-192.4 -492.4 2384.0 0.9522124529 0.2832848728 0.1141976714 -0.1648842990 0.7914795876 -0.5885347724 -0.2571081221 0.5415807366 0.8003659844
91.8 -473.7 2760.9 0.9992400408 -0.0322435908 -0.0219007395 -0.0241958629 -0.0726023987 -0.9970674515 0.0305589885 0.9968396425 -0.0733273923
109.1 -434.7 2226.3 0.9992400408 0.0190502219 -0.0340055972 -0.0241958629 0.9871461987 -0.1579775810 0.0305589885 0.1586803198 0.9868569970
-68.1 -407.9 2436.7 0 0 0 0 0 0 0 0 0
22.5 -374.8 2488.0 0 0 0 0 0 0 0 0 0
-299.1 -790.5 2180.0 0 0 0 0 0 0 0 0 0
101.9 -806.5 2166.5 0 0 0 0 0 0 0 0 0
-25.0 101.9 2899.5 3 0.9977388978 -0.0516040362 -0.0430595726 0.0411705151 0.9756762385 -0.2153158486 0.0531233661 0.2130562067 0.9755946994
-14.3 -100.9 2855.2 0.9977388978 -0.0516040362 -0.0430595726 0.0411705151 0.9756762385 -0.2153158486 0.0531233661 0.2130562067 0.9755946994
-5.6 -290.7 2807.7 0.9981647134 -0.0439812168 -0.0416277535 0.0325068086 0.9691174030 -0.2444478571 0.0510932952 0.2426460385 0.9687684774
-156.3 -105.5 2848.0 -0.0764659345 -0.6748301983 -0.7340007424 0.6913402677 0.4945763946 -0.5267284513 0.7184717059 -0.5477210879 0.4287190437
-135.7 -292.4 2653.7 -0.2701533139 -0.6912587285 -0.6702078581 0.4559109509 0.5212631226 -0.7214083076 0.8480344415 -0.5004459620 0.1743314415
127.7 -96.4 2862.5 -0.0447552912 0.7431558371 0.6676199436 -0.7460530996 0.4195804298 -0.5170658231 -0.6643807292 -0.5212213397 0.5356552601
116.8 -278.3 2700.5 -0.3771967590 0.7431558371 0.5526680946 -0.3807011843 0.4195804298 -0.8240259886 -0.8442684412 -0.5212213397 0.1246559173
-89.5 -484.3 2767.6 0.9533759356 0.2590221167 -0.1548608243 -0.1589403749 -0.0052511436 -0.9872742295 -0.2565390468 0.9658570886 0.0361627601
-190.9 -482.2 2389.4 0.9533759356 0.2779215872 0.1176176518 -0.1589403749 0.7937139273 -0.5871593952 -0.2565390468 0.5410894752 0.8008807302
91.1 -476.9 2767.2 0.9989491105 -0.0352116153 -0.0293399114 -0.0319622941 -0.0763822198 -0.9965661764 0.0328496583 0.9964566827 -0.0774273947
110.3 -435.3 2224.2 0.9989491105 0.0262237936 -0.0375899039 -0.0319622941 0.9863944650 -0.1612587422 0.0328496583 0.1622907370 0.9861960411
-66.3 -409.5 2435.9 0 0 0 0 0 0 0 0 0
20.2 -375.8 2484.3 0 0 0 0 0 0 0 0 0
-295.6 -781.2 2185.6 0 0 0 0 0 0 0 0 0
100.4 -806.8 2163.1 0 0 0 0 0 0 0 0 0
-26.3 100.2 2903.9 4 0.9976515770 -0.0597296990 -0.0335207880 0.0503833182 0.9715089202 -0.2315857857 0.0463982932 0.2293530405 0.9722368121
-13.9 -100.9 2856.4 0.9976515770 -0.0597296990 -0.0335207880 0.0503833182 0.9715089202 -0.2315857857 0.0463982932 0.2293530405 0.9722368121
-3.6 -289.7 2805.4 0.9981060624 -0.0526985936 -0.0317356177 0.0425594188 0.9640422463 -0.2623190582 0.0444183201 0.2604716122 0.9644591808
-156.1 -107.0 2850.1 -0.0739666149 -0.6844874024 -0.7252626419 0.6775234938 0.4991556406 -0.5401903391 0.7317724228 -0.5313385129 0.4268354475
-135.6 -294.9 2647.1 -0.2935136557 -0.6912574768 -0.6603126526 0.4501811266 0.5094002485 -0.7333814502 0.8433188200 -0.5125177503 0.1616751403
128.2 -94.9 2862.7 -0.0270171389 0.6964951158 0.7170527577 -0.7452276349 0.4640609622 -0.4788352251 -0.6662625670 -0.5473042727 0.5065098405
121.7 -273.9 2702.7 -0.3848021328 0.6964951158 0.6056582332 -0.4022280872 0.4640609622 -0.7892147899 -0.8307465911 -0.5473042727 0.1015782431
-87.0 -483.3 2755.7 0.9512445927 0.2708816230 -0.1475020647 -0.1610172987 0.0282375664 -0.9865475297 -0.2630725205 0.9621984363 0.0704774633
-193.0 -494.3 2379.1 0.9512445927 0.2839578688 0.1204227358 -0.1610172987 0.7901808619 -0.5913439393 -0.2630725205 0.5431225300 0.7973774076
93.2 -477.5 2764.9 0.9993247986 -0.0294054523 -0.0220285300 -0.0243135840 -0.0797589943 -0.9965175986 0.0275460780 0.9963803887 -0.0804200917
109.1 -434.4 2226.6 0.9993247986 0.0194678791 -0.0311598852 -0.0243135840 0.9862291217 -0.1635878682 0.0275460780 0.1642350256 0.9860365391
-60.2 -410.5 2430.6 0 0 0 0 0 0 0 0 0
23.2 -376.9 2490.0 0 0 0 0 0 0 0 0 0
-300.0 -792.0 2174.5 0 0 0 0 0 0 0 0 0
101.7 -805.9 2164.7 0 0 0 0 0 0 0 0 0
-25.8 105.8 2907.1 5 0.9988716841 -0.0472288579 0.0049823509 0.0471057482 0.9719678760 -0.2303464413 0.0060363142 0.2303212285 0.9730959535
-16.1 -94.5 2859.6 0.9988716841 -0.0472288579 0.0049823509 0.0471057482 0.9719678760 -0.2303464413 0.0060363142 0.2303212285 0.9730959535
-8.0 -283.3 2808.3 0.9991322160 -0.0411482267 0.0064495835 0.0413976796 0.9640467763 -0.2624880672 0.0045832191 0.2625272870 0.9649136662
-158.3 -100.4 2859.0 -0.0898230597 -0.7023749352 -0.7061170340 0.6754989028 0.4780254662 -0.5614203811 0.7318695188 -0.5274097919 0.4315158129
-132.6 -293.7 2649.5 -0.2826341391 -0.7115807533 -0.6432501674 0.4523967803 0.4924431443 -0.7435300350 0.8458458185 -0.5011512637 0.1827355921
126.1 -88.6 2860.3 0.0143338032 0.6443943977 0.7645589113 -0.7566269040 0.5068771243 -0.4130269587 -0.6536897421 -0.5725656152 0.4948316514
129.6 -271.7 2702.1 -0.4122412503 0.6443943977 0.6440597773 -0.4003664553 0.5068771243 -0.7634018064 -0.8183910251 -0.5725656152 0.0490382314
-83.4 -482.2 2750.4 0.9496514797 0.2865830064 -0.1266187280 -0.1466176808 0.0493442677 -0.9879617691 -0.2768851221 0.9567838311 0.0888779908
-195.6 -501.6 2375.9 0.9496514797 0.2803919315 0.1397944540 -0.1466176808 0.7920323014 -0.5926112533 -0.2768851221 0.5422778130 0.7932650447
96.9 -474.6 2758.5 0.9994259477 -0.0214692932 -0.0262072980 -0.0277557559 -0.0753213614 -0.9967729449 0.0194260422 0.9969281554 -0.0758740231
108.4 -434.4 2226.4 0.9994259477 0.0239084922 -0.0240028556 -0.0277557559 0.9840947986 -0.1754624844 0.0194260422 0.1760279834 0.9841934443
-60.1 -409.8 2432.4 0 0 0 0 0 0 0 0 0
24.1 -374.2 2492.6 0 0 0 0 0 0 0 0 0
-301.2 -799.9 2171.7 0 0 0 0 0 0 0 0 0
99.4 -805.0 2160.1 0 0 0 0 0 0 0 0 0
-26.2 105.7 2909.2 6 0.9995145202 -0.0305329263 0.0062049408 0.0311271679 0.9698359370 -0.2417630851 0.0013639601 0.2418388575 0.9703154564
-19.9 -93.6 2859.5 0.9995145202 -0.0305329263 0.0062049408 0.0311271679 0.9698359370 -0.2417630851 0.0013639601 0.2418388575 0.9703154564
-15.6 -281.8 2805.7 0.9997283220 -0.0221979748 0.0071113221 0.0232977569 0.9611748457 -0.2749548554 -0.0007317830 0.2750458419 0.9614308476
-162.3 -96.9 2859.6 -0.0811529458 -0.6941367388 -0.7152540684 0.6934519410 0.4761359990 -0.5407577157 0.7159180045 -0.5398784280 0.4427106380
-139.8 -289.1 2661.1 -0.2978720367 -0.7052537203 -0.6433423758 0.4469712675 0.4924547970 -0.7467964292 0.8434980512 -0.5100053549 0.1685396433
122.4 -90.3 2859.4 0.0183861479 0.6894880533 0.7240636349 -0.7655234933 0.4755433500 -0.4333961904 -0.6431451440 -0.5463192463 0.5365627408
126.9 -275.1 2704.1 -0.4023405313 0.6894880533 0.6022693515 -0.3757319748 0.4755433500 -0.7954143286 -0.8348338604 -0.5463192463 0.0677323565
-90.2 -475.8 2756.5 0.9537451863 0.2673403621 -0.1374747455 -0.1541048437 0.0421479046 -0.9871551394 -0.2581121325 0.9626799226 0.0813968033
-194.8 -492.3 2379.6 0.9537451863 0.2735905945 0.1245726794 -0.1541048437 0.8007639647 -0.5788167119 -0.2581121325 0.5328463912 0.8058863878
90.2 -468.3 2757.3 0.9991530180 -0.0343055762 -0.0227233544 -0.0248679724 -0.0634407029 -0.9976757169 0.0327842571 0.9973958135 -0.0642400831
108.5 -434.5 2226.1 0.9991530180 0.0189000815 -0.0365514755 -0.0248679724 0.9850569367 -0.1704241186 0.0327842571 0.1711887270 0.9846926332
-63.3 -403.9 2444.6 0 0 0 0 0 0 0 0 0
23.9 -371.3 2490.4 0 0 0 0 0 0 0 0 0
-297.9 -793.9 2178.9 0 0 0 0 0 0 0 0 0
101.4 -805.5 2161.6 0 0 0 0 0 0 0 0 0
-23.7 101.2 2908.2 7 0.9992157221 -0.0149192624 0.0366783589 0.0233638287 0.9700120687 -0.2419312447 -0.0319690146 0.2425984591 0.9695999026
-20.6 -97.7 2858.5 0.9992157221 -0.0149192624 0.0366783589 0.0233638287 0.9700120687 -0.2419312447 -0.0319690146 0.2425984591 0.9695999026
-19.2 -286.0 2804.6 0.9992875457 -0.0071700839 0.0370535925 0.0170853529 0.9613667727 -0.2747398913 -0.0336521864 0.2751772106 0.9608043432
-162.9 -100.2 2863.3 -0.0610718802 -0.7088524699 -0.7027078867 0.6829763055 0.4837266207 -0.5473133922 0.7278829813 -0.5133582950 0.4545873404
-146.0 -289.3 2661.7 -0.3079216778 -0.7103564739 -0.6329122782 0.4361037314 0.4858505428 -0.7574713230 0.8455753922 -0.5092572570 0.1601851732
121.6 -95.3 2853.7 0.0088688973 0.7202153206 0.6936939359 -0.7710648775 0.4466316700 -0.4538492560 -0.6366948485 -0.5308578610 0.5592938066
123.7 -276.8 2703.8 -0.3964223564 0.7202153206 0.5693323016 -0.3630181253 0.4466316700 -0.8177640438 -0.8432480097 -0.5308578610 0.0843964294
-101.5 -472.0 2751.9 0.9567318559 0.2453272790 -0.1564567536 -0.1807922721 0.0798920095 -0.9802711010 -0.2279875875 0.9661427140 0.1207885072
-197.5 -503.3 2373.9 0.9567318559 0.2786730230 0.0836990923 -0.1807922721 0.7947202921 -0.5794253945 -0.2279875875 0.5392225981 0.8107161522
79.1 -467.8 2751.8 0.9977915883 -0.0577382036 -0.0328368172 -0.0364609957 -0.0628788918 -0.9973549247 0.0555207394 0.9963496327 -0.0648452193
109.6 -434.6 2225.4 0.9977915883 0.0265164711 -0.0609001927 -0.0364609957 0.9850290418 -0.1684884876 0.0555207394 0.1703368723 0.9838204980
-67.0 -401.3 2444.6 0 0 0 0 0 0 0 0 0
22.2 -369.7 2487.9 0 0 0 0 0 0 0 0 0
-302.5 -802.6 2170.9 0 0 0 0 0 0 0 0 0
99.6 -805.6 2161.2 0 0 0 0 0 0 0 0 0
-25.7 98.1 2909.3 8 0.9974488616 -0.0219228510 0.0679345205 0.0381016470 0.9682765007 -0.2469593436 -0.0603653416 0.2489177436 0.9666416049
-21.2 -100.2 2858.3 0.9974488616 -0.0219228510 0.0679345205 0.0381016470 0.9682765007 -0.2469593436 -0.0603653416 0.2489177436 0.9666416049
-18.4 -288.0 2802.8 0.9975339770 -0.0148322834 0.0685999990 0.0336402059 0.9588679671 -0.2818519771 -0.0615978353 0.2834646404 0.9570023417
-163.3 -105.0 2867.0 -0.0547496453 -0.7312861085 -0.6798699498 0.6623453498 0.4829245508 -0.5727848411 0.7471954823 -0.4816684425 0.4579240084
-148.1 -289.1 2659.4 -0.3186326027 -0.7173987627 -0.6195258498 0.4465852976 0.4628870487 -0.7657004595 0.8360830545 -0.5206482410 0.1728888452
120.8 -95.4 2849.5 -0.0091608278 0.7537201047 0.6571317315 -0.7736378908 0.4110262692 -0.4822258651 -0.6335617304 -0.5127996206 0.5793411136
118.6 -281.3 2697.2 -0.3859280646 0.7537201047 0.5319450498 -0.3547558188 0.4110262692 -0.8397652507 -0.8515913486 -0.5127996206 0.1087600142
-108.1 -475.8 2753.9 0.9583100677 0.2270866185 -0.1734170169 -0.1923737228 0.0640210956 -0.9792311788 -0.2112679482 0.9717679620 0.1050375625
-197.0 -500.9 2373.5 0.9583100677 0.2776032090 0.0676628053 -0.1923737228 0.8019440770 -0.5655776262 -0.2112679482 0.5289822221 0.8219146132
72.4 -472.7 2747.8 0.9971787333 -0.0698697865 -0.0274380166 -0.0324953198 -0.0723055229 -0.9968530536 0.0676659867 0.9949322343 -0.0743719712
109.1 -434.7 2224.7 0.9971787333 0.0212444179 -0.0719951838 -0.0324953198 0.9867586493 -0.1589068621 0.0676659867 0.1607980579 0.9846650958
-66.2 -403.7 2444.7 0 0 0 0 0 0 0 0 0
19.8 -372.1 2479.2 0 0 0 0 0 0 0 0 0
-301.5 -802.9 2174.3 0 0 0 0 0 0 0 0 0
101.1 -806.3 2164.1 0 0 0 0 0 0 0 0 0
-26.8 94.4 2909.8 9 0.9984810352 -0.0320376381 0.0448237993 0.0424366519 0.9660567641 -0.2548203468 -0.0351384953 0.2563354373 0.9659489989
-20.2 -102.7 2857.5 0.9984810352 -0.0320376381 0.0448237993 0.0424366519 0.9660567641 -0.2548203468 -0.0351384953 0.2563354373 0.9659489989
-15.0 -290.2 2801.0 0.9985880256 -0.0269053765 0.0458041206 0.0389456749 0.9571962953 -0.2868072987 -0.0361268781 0.2881862223 0.9568926692
-162.4 -108.3 2862.6 -0.0457716025 -0.7226352692 -0.6897124052 0.6606208086 0.4960057735 -0.5635231733 0.7493230700 -0.4814317524 0.4546849132
-149.9 -289.4 2657.2 -0.3151612580 -0.7093597651 -0.6304618120 0.4442318082 0.4767791033 -0.7585115433 0.8386486173 -0.5191246271 0.1648578644
122.0 -97.2 2852.3 -0.0113975843 0.6965733171 0.7173950672 -0.7500976324 0.4684679806 -0.4667882621 -0.6612288952 -0.5434366465 0.5171586275
119.1 -285.8 2686.0 -0.4080979526 0.6965733171 0.5901200175 -0.3642708361 0.4684679806 -0.8048878908 -0.8371157646 -0.5434366465 0.0625605211
-105.6 -478.8 2752.8 0.9584370255 0.2359771430 -0.1603534371 -0.1811829954 0.0692634955 -0.9810072780 -0.2203886509 0.9692870378 0.1091397405
-198.0 -505.9 2373.3 0.9584370255 0.2745312452 0.0776597485 -0.1811829954 0.7959411144 -0.5776248574 -0.2203886509 0.5395464301 0.8125998378
74.6 -472.7 2741.7 0.9973172545 -0.0672331005 -0.0289476234 -0.0338160694 -0.0724401623 -0.9967993498 0.0649209395 0.9951040745 -0.0745193809
109.5 -435.1 2224.8 0.9973172545 0.0228524972 -0.0695414841 -0.0338160694 0.9864045382 -0.1608182788 0.0649209395 0.1627384573 0.9845311046
-69.0 -403.4 2441.8 0 0 0 0 0 0 0 0 0
14.6 -379.0 2471.7 0 0 0 0 0 0 0 0 0
-301.3 -805.7 2170.1 0 0 0 0 0 0 0 0 0
100.9 -806.6 2163.5 0 0 0 0 0 0 0 0 0
-25.6 97.9 2898.5 0 0.9993777871 -0.0320510864 0.0147227496 0.0344610251 0.9762306809 -0.2139769644 -0.0075146058 0.2143511921 0.9767277241
-19.0 -103.6 2854.3 0.9993777871 -0.0320510864 0.0147227496 0.0344610251 0.9762306809 -0.2139769644 -0.0075146058 0.2143511921 0.9767277241
-13.7 -292.9 2804.7 0.9994993806 -0.0273442976 0.0159136653 0.0304824430 0.9670016170 -0.2529400289 -0.0084720729 0.2532984912 0.9673510790
-161.3 -108.1 2855.4 -0.0387083963 -0.7060061693 -0.7071470022 0.6719463468 0.5053911805 -0.5413573980 0.7395875454 -0.4961199462 0.4548354149
-150.6 -294.0 2650.8 -0.3054634631 -0.6998010278 -0.6457325816 0.4422572851 0.4962952733 -0.7470605969 0.8432677984 -0.5137796402 0.1578920335
123.4 -99.2 2853.1 -0.0160060916 0.6323169470 0.7745444179 -0.7420321107 0.5116999745 -0.4330721498 -0.6701732278 -0.5816686153 0.4610091746
119.4 -282.7 2687.4 -0.4228392541 0.6323169470 0.6491396427 -0.4011690319 0.5116999745 -0.7597542405 -0.8125702143 -0.5816686153 0.0372991450
-99.9 -481.1 2747.9 0.9559211731 0.2564731538 -0.1429555416 -0.1685172170 0.0805110037 -0.9824051857 -0.2404510677 0.9631923437 0.1201823130
-200.3 -512.7 2370.8 0.9559211731 0.2775382698 0.0958502516 -0.1685172170 0.7858944535 -0.5949553251 -0.2404510677 0.5525779724 0.7980231047
80.5 -474.1 2741.4 0.9978240728 -0.0567877628 -0.0335001871 -0.0376346558 -0.0733727515 -0.9965942502 0.0541363545 0.9956864715 -0.0753502846
110.0 -435.9 2223.6 0.9978240728 0.0284092166 -0.0594981387 -0.0376346558 0.9863690734 -0.1601864249 0.0541363545 0.1620770544 0.9852919579
-72.2 -407.6 2434.2 0 0 0 0 0 0 0 0 0
11.3 -385.3 2479.5 0 0 0 0 0 0 0 0 0
-304.8 -808.6 2162.7 0 0 0 0 0 0 0 0 0
99.3 -807.5 2162.6 0 0 0 0 0 0 0 0 0
-26.2 96.6 2903.4 1 0.9976446629 -0.0352220908 0.0588601232 0.0474348441 0.9740994573 -0.2210885584 -0.0495484136 0.2233598530 0.9734758735
-19.0 -103.6 2857.5 0.9976446629 -0.0352220908 0.0588601232 0.0474348441 0.9740994573 -0.2210885584 -0.0495484136 0.2233598530 0.9734758735
-13.0 -292.7 2807.3 0.9977222085 -0.0308530461 0.0599870235 0.0451574735 0.9661025405 -0.2541784644 -0.0501114391 0.2563083768 0.9652951956
-161.0 -110.0 2864.6 -0.0380291380 -0.7336059809 -0.6785101891 0.6453337669 0.5003916621 -0.5771936774 0.7629535794 -0.4598156810 0.4543912411
-150.0 -295.4 2645.5 -0.2912052572 -0.7177160382 -0.6325212717 0.4609601200 0.4740920067 -0.7501683235 0.8382811546 -0.5100200772 0.1927803755
123.0 -97.1 2850.4 -0.0076795956 0.6261627078 0.7796546221 -0.7534124851 0.5090326071 -0.4162396193 -0.6575033069 -0.5905980468 0.4678496420
121.1 -283.5 2687.7 -0.4453245997 0.6261627078 0.6400049329 -0.3882814050 0.5090326071 -0.7681948543 -0.8067983389 -0.5905980468 0.0164425988
-98.7 -485.0 2755.9 0.9561245441 0.2534569502 -0.1469196677 -0.1625502855 0.0417526104 -0.9858164787 -0.2437277436 0.9664452076 0.0811201930
-197.9 -501.3 2377.7 0.9561245441 0.2737750113 0.1042739004 -0.1625502855 0.7918841243 -0.5886398554 -0.2437277436 0.5458632708 0.8016421199
81.8 -479.4 2754.4 0.9981685877 -0.0527003296 -0.0297002513 -0.0339274891 -0.0812211856 -0.9961184859 0.0500834845 0.9953018427 -0.0828604251
109.9 -436.2 2224.7 0.9981685877 0.0249083806 -0.0551271476 -0.0339274891 0.9849869609 -0.1692618579 0.0500834845 0.1708222032 0.9840281606
-75.3 -413.7 2430.3 0 0 0 0 0 0 0 0 0
7.2 -382.9 2481.3 0 0 0 0 0 0 0 0 0
-301.0 -799.5 2172.1 0 0 0 0 0 0 0 0 0
100.5 -807.1 2160.3 0 0 0 0 0 0 0 0 0
-28.6 99.6 2906.8 2 0.9976718426 -0.0352861285 0.0583594516 0.0476854481 0.9727123380 -0.2270613462 -0.0487548411 0.2293155938 0.9721302986
-21.3 -101.2 2859.5 0.9976718426 -0.0352861285 0.0583594516 0.0476854481 0.9727123380 -0.2270613462 -0.0487548411 0.2293155938 0.9721302986
-17.0 -290.3 2808.8 0.9979962707 -0.0221783314 0.0592587404 0.0367420875 0.9656074643 -0.2573949993 -0.0515120924 0.2590565383 0.9644875526
-163.5 -106.5 2866.8 -0.0426505171 -0.7293498516 -0.6828101873 0.6529420614 0.4969380200 -0.5715936422 0.7562060952 -0.4702142477 0.4550285041
-151.3 -292.4 2651.5 -0.2993617654 -0.7151544094 -0.6316143870 0.4554894865 0.4745574296 -0.7532095313 0.8383983970 -0.5131758451 0.1836809367
120.8 -96.0 2852.2 -0.0033129277 0.6342924833 0.7730860710 -0.7505950332 0.5092481971 -0.4210384190 -0.6607542038 -0.5816694498 0.4744096696
120.0 -285.2 2685.6 -0.4401062727 0.6342924833 0.6355938315 -0.3807195127 0.5092481971 -0.7718282938 -0.8132398725 -0.5816694498 0.0173641965
-97.1 -486.0 2761.6 0.9546370506 0.2405491918 -0.1755111814 -0.1824732125 0.0067982380 -0.9831873178 -0.2353117466 0.9706131220 0.0503836311
-191.2 -488.6 2381.9 0.9546370506 0.2838905156 0.0898568854 -0.1824732125 0.7961927056 -0.5768715143 -0.2353117466 0.5343064070 0.8118774891
83.1 -477.8 2752.6 0.9983780384 -0.0501542240 -0.0269415304 -0.0309164021 -0.0802429765 -0.9962957501 0.0478065722 0.9955127239 -0.0816634148
109.6 -435.3 2226.2 0.9983780384 0.0217003450 -0.0526344664 -0.0309164021 0.9829666018 -0.1811653674 0.0478065722 0.1824987978 0.9820431471
-74.4 -409.4 2436.2 0 0 0 0 0 0 0 0 0
7.3 -382.7 2477.4 0 0 0 0 0 0 0 0 0
-298.1 -788.5 2180.7 0 0 0 0 0 0 0 0 0
101.4 -805.5 2157.5 0 0 0 0 0 0 0 0 0
-24.7 96.8 2908.1 3 0.9987574816 -0.0095035089 0.0489204526 0.0212636292 0.9690718651 -0.2458608896 -0.0450708941 0.2465956211 0.9680698514
-22.7 -102.2 2857.4 0.9987574816 -0.0095035089 0.0489204526 0.0212636292 0.9690718651 -0.2458608896 -0.0450708941 0.2465956211 0.9680698514
-22.6 -290.2 2802.8 0.9987936020 -0.0009076506 0.0490971766 0.0145681705 0.9602937102 -0.2786104083 -0.0468948297 0.2789895535 0.9591484070
-165.0 -104.3 2864.1 -0.0466785766 -0.7143388987 -0.6982414126 0.6603038311 0.5024417639 -0.5581676364 0.7495465279 -0.4871059656 0.4482274354
-151.9 -289.6 2653.7 -0.3107470274 -0.7016816735 -0.6411545277 0.4533151984 0.4834826291 -0.7488323450 0.8354290128 -0.5233424902 0.1678421795
119.5 -100.1 2850.7 -0.0007791923 0.6741504073 0.7385936975 -0.7548649311 0.4840324819 -0.4425963163 -0.6558797956 -0.5578833222 0.5085152984
119.3 -283.2 2691.7 -0.4124340415 0.6741504073 0.6127147675 -0.3798967302 0.4840324819 -0.7882835865 -0.8279955387 -0.5578833222 0.0564760529
-102.9 -482.7 2762.7 0.9548965096 0.2257247120 -0.1929273307 -0.2042103857 0.0275232121 -0.9785400033 -0.2155706882 0.9738022685 0.0723771453
-191.2 -493.5 2381.6 0.9548965096 0.2903693914 0.0621145554 -0.2042103857 0.7940340638 -0.5725452304 -0.2155706882 0.5340370536 0.8175168037
77.5 -476.0 2753.4 0.9978849292 -0.0599000603 -0.0252524130 -0.0299673639 -0.0791686252 -0.9964107275 0.0576858595 0.9950599670 -0.0807962269
109.0 -434.3 2229.1 0.9978849292 0.0187749267 -0.0622350685 -0.0299673639 0.9824472070 -0.1841181666 0.0576858595 0.1855937541 0.9809318781
-72.1 -406.0 2439.2 0 0 0 0 0 0 0 0 0
13.8 -380.4 2479.8 0 0 0 0 0 0 0 0 0
-300.5 -792.5 2180.4 0 0 0 0 0 0 0 0 0
101.9 -804.4 2159.2 0 0 0 0 0 0 0 0 0
-26.7 96.4 2905.7 4 0.9992246628 -0.0137536293 0.0368905813 0.0222369991 0.9703860283 -0.2405337095 -0.0324898958 0.2411675453 0.9699394703
-23.9 -102.6 2856.2 0.9992246628 -0.0137536293 0.0368905813 0.0222369991 0.9703860283 -0.2405337095 -0.0324898958 0.2411675453 0.9699394703
-22.8 -290.7 2802.0 0.9992904067 -0.0055660242 0.0372514576 0.0156632997 0.9608552456 -0.2766077816 -0.0342536531 0.2769949734 0.9602606297
-166.2 -104.8 2861.1 -0.0476159863 -0.7090674639 -0.7035311460 0.6614258289 0.5054055452 -0.5541490316 0.7484976053 -0.4917199910 0.4449301362
-152.8 -290.8 2650.7 -0.3289707601 -0.6919075251 -0.6426836252 0.4537966549 0.4810075164 -0.7501335740 0.8281586766 -0.5384196639 0.1557479054
118.5 -100.3 2851.3 -0.0037193447 0.6622622609 0.7492628694 -0.7466675043 0.4965676665 -0.4426151812 -0.6651870608 -0.5610964894 0.4926427901
117.6 -284.7 2687.0 -0.4110103548 0.6622622609 0.6264815927 -0.3853744864 0.4965676665 -0.7777577043 -0.8261700869 -0.5610964894 0.0511245281
-112.6 -479.5 2752.4 0.9574152231 0.2186519951 -0.1885400862 -0.2107398808 0.0828870758 -0.9740217924 -0.1973442733 0.9722762108 0.1254360378
-198.1 -511.9 2372.3 0.9574152231 0.2863040864 0.0372293815 -0.2107398808 0.7811467648 -0.5877060890 -0.1973442733 0.5548330545 0.8082174659
67.9 -476.8 2743.9 0.9966735244 -0.0784141645 -0.0222054310 -0.0286136903 -0.0815693662 -0.9962568283 0.0763093680 0.9935781956 -0.0835417509
108.4 -434.7 2230.4 0.9966735244 0.0136707965 -0.0803428367 -0.0286136903 0.9817700982 -0.1879063249 0.0763093680 0.1895801723 0.9788954258
-68.4 -407.3 2438.1 0 0 0 0 0 0 0 0 0
12.4 -383.4 2475.5 0 0 0 0 0 0 0 0 0
-305.9 -806.0 2163.4 0 0 0 0 0 0 0 0 0
103.2 -804.5 2159.0 0 0 0 0 0 0 0 0 0
-25.0 92.6 2907.0 5 0.9986905456 -0.0153741390 0.0487937666 0.0271390304 0.9677214622 -0.2505567670 -0.0433666818 0.2515528798 0.9668715000
-21.9 -104.7 2855.7 0.9986905456 -0.0153741390 0.0487937666 0.0271390304 0.9677214622 -0.2505567670 -0.0433666818 0.2515528798 0.9668715000
-19.9 -292.2 2799.4 0.9987356663 -0.0099813165 0.0492685139 0.0237104148 0.9577542543 -0.2866087854 -0.0443263985 0.2874145806 0.9567800164
-164.2 -108.0 2862.0 -0.0504854918 -0.7178151608 -0.6944008470 0.6507940888 0.5037596822 -0.5680609345 0.7575739622 -0.4805908203 0.4417173266
-149.7 -294.7 2644.7 -0.3048415482 -0.7005226612 -0.6452438235 0.4745223820 0.4756968021 -0.7406355739 0.8257724643 -0.5319591165 0.1874015480
120.4 -101.3 2849.4 -0.0074515343 0.6681463122 0.7439925671 -0.7507750392 0.4877081513 -0.4455082715 -0.6605159640 -0.5618907809 0.4979934096
118.6 -284.5 2688.2 -0.4232012928 0.6681463122 0.6119486094 -0.3720213175 0.4877081513 -0.7897726893 -0.8261360526 -0.5618907809 0.0421659425
-112.0 -480.3 2750.8 0.9599369168 0.2265228629 -0.1649500430 -0.1875183582 0.0818706304 -0.9788432121 -0.2082258165 0.9705588818 0.1210678369
-200.6 -512.3 2371.0 0.9599369168 0.2737009525 0.0600742958 -0.1875183582 0.7867535949 -0.5880949497 -0.2082258165 0.5532690287 0.8065577149
68.6 -477.4 2744.6 0.9960753918 -0.0803440064 -0.0371303000 -0.0437308513 -0.0820181295 -0.9956709743 0.0769508332 0.9933870435 -0.0852097496
110.4 -434.8 2227.6 0.9960753918 0.0300412923 -0.0832546651 -0.0437308513 0.9848442674 -0.1678372175 0.0769508332 0.1708193123 0.9822928905
-71.5 -416.5 2432.8 0 0 0 0 0 0 0 0 0
10.3 -379.7 2476.7 0 0 0 0 0 0 0 0 0
-303.7 -808.6 2162.7 0 0 0 0 0 0 0 0 0
99.1 -805.6 2163.3 0 0 0 0 0 0 0 0 0
-26.8 92.4 2906.6 6 0.9991629720 -0.0252260678 0.0322021283 0.0325893424 0.9666774273 -0.2539146841 -0.0247238036 0.2547515929 0.9666904211
-21.7 -104.9 2854.6 0.9991629720 -0.0252260678 0.0322021283 0.0325893424 0.9666774273 -0.2539146841 -0.0247238036 0.2547515929 0.9666904211
-17.7 -292.3 2797.9 0.9992452264 -0.0204302166 0.0330386870 0.0291238260 0.9568378925 -0.2891591191 -0.0257050842 0.2899031043 0.9567107558
-164.0 -109.1 2858.3 -0.0551548786 -0.7111378312 -0.7008857727 0.6642189622 0.4979731441 -0.5575265884 0.7455005646 -0.4962919354 0.4448856115
-148.8 -293.1 2651.8 -0.2756327689 -0.7064086795 -0.6519304514 0.4746865034 0.4897167087 -0.7313345671 0.8358823657 -0.5110423565 0.2003406882
