114.5 -34.5 3023.2 9 0.9996309876 0.0101666823 0.0251886714 0.0077180369 0.7827848792 -0.6222445965 -0.0260434728 0.6222093701 0.7824175358
112.5 -190.1 2899.5 0.9996309876 0.0101666823 0.0251886714 0.0077180369 0.7827848792 -0.6222445965 -0.0260434728 0.6222093701 0.7824175358
111.0 -339.2 2775.3 0.9996584058 0.0076835412 0.0249816515 0.0100956345 0.7681158185 -0.6402313113 -0.0241080448 0.6402648091 0.7677758336
-23.8 -191.5 2902.8 0.3654789925 -0.9093732834 -0.1986587793 0.9295230508 0.3678215742 0.0263469294 0.0491117910 -0.1942871660 0.9797145128
-107.2 -403.6 2891.6 0.2436090708 -0.9123803973 -0.3289630413 0.8658837080 0.3573955297 -0.3500196934 0.4369210303 -0.1995757818 0.8770801425
248.8 -188.7 2896.2 0.5021720529 0.7461597323 0.4371142983 -0.8603482842 0.3800441921 0.3396576047 0.0873160586 -0.5466370583 0.8328047991
372.7 -400.9 2917.8 -0.2396350503 0.7461597323 0.6211447120 -0.6127223372 0.3800441921 -0.6929197311 -0.7530912161 -0.5466370583 0.3661168218
16.4 -494.7 2649.5 0.9727586508 0.2316789329 -0.0080920942 -0.0134771112 0.0216701534 -0.9996743202 -0.2314281166 0.9725509286 0.0242021922
-86.2 -504.3 2218.4 0.9727586508 0.0271153897 0.2302289456 -0.0134771112 0.9980708361 -0.0606053323 -0.2314281166 0.0558515415 0.9712474346
195.0 -486.7 2636.4 0.9612252712 -0.2754002810 0.0141657339 0.0280115306 0.0464069396 -0.9985297918 0.2743379772 0.9602088928 0.0523219071
311.1 -506.2 2231.4 0.9612252712 -0.0329768099 -0.2737855017 0.0280115306 0.9993649125 -0.0220262744 0.2743379772 0.0135030597 0.9615385532
-169.1 -623.3 2780.7 0 0 0 0 0 0 0 0 0
311.8 -556.4 2726.7 0 0 0 0 0 0 0 0 0
-96.4 -876.9 2197.6 0 0 0 0 0 0 0 0 0
323.4 -879.3 2226.3 0 0 0 0 0 0 0 0 0
115.2 -35.3 3024.1 0 0.9999352098 0.0085859429 0.0074723600 -0.0020777483 0.7831536531 -0.6218248010 -0.0111909574 0.6217689514 0.7831207514
113.5 -191.1 2900.4 0.9999352098 0.0085859429 0.0074723600 -0.0020777483 0.7831536531 -0.6218248010 -0.0111909574 0.6217689514 0.7831207514
112.5 -339.9 2775.8 0.9999615550 0.0048580137 0.0072959997 0.0009611645 0.7665747404 -0.6421543956 -0.0087125236 0.6421367526 0.7665405869
-23.0 -191.2 2901.6 0.3702940941 -0.9054875374 -0.2073030323 0.9280839562 0.3700681329 0.0413496643 0.0392746441 -0.2077061534 0.9774025083
-106.6 -400.9 2892.7 0.2315061390 -0.9106621742 -0.3421978354 0.8694042563 0.3515028358 -0.3472491503 0.4365101755 -0.2171179503 0.8731086254
250.0 -191.0 2899.2 0.4930125475 0.7579684854 0.4271094203 -0.8650084734 0.3744128048 0.3340289891 0.0932681859 -0.5341337323 0.8402393460
371.6 -404.4 2922.2 -0.2336773574 0.7579684854 0.6089981198 -0.6086493134 0.3744128048 -0.6995434761 -0.7582485676 -0.5341337323 0.3738451600
20.1 -489.2 2653.2 0.9717373252 0.2356814593 -0.0134461941 -0.0218235236 0.0329726972 -0.9992179871 -0.2350537926 0.9712708592 0.0371842012
-85.6 -504.0 2217.7 0.9717373252 0.0318829492 0.2339017540 -0.0218235236 0.9987272620 -0.0454705358 -0.2350537926 0.0390808582 0.9711963534
198.9 -487.4 2648.9 0.9647248983 -0.2629795671 0.0121478215 0.0258323923 0.0486416817 -0.9984821677 0.2619895339 0.9635744691 0.0537192374
312.6 -508.4 2232.0 0.9647248983 -0.0280508529 -0.2617612779 0.0258323923 0.9995952845 -0.0119129457 0.2619895339 0.0047307950 0.9650591016
-165.4 -621.5 2781.9 0 0 0 0 0 0 0 0 0
312.3 -558.9 2729.8 0 0 0 0 0 0 0 0 0
-97.5 -876.8 2203.2 0 0 0 0 0 0 0 0 0
323.1 -881.6 2230.2 0 0 0 0 0 0 0 0 0
115.0 -36.9 3025.0 1 0.9993985891 0.0127649195 0.0322412550 0.0102449395 0.7795805335 -0.6262181997 -0.0331282802 0.6261718869 0.7789809108
112.5 -192.1 2900.4 0.9993985891 0.0127649195 0.0322412550 0.0102449395 0.7795805335 -0.6262181997 -0.0331282802 0.6261718869 0.7789809108
110.8 -340.3 2775.0 0.9994505644 0.0087588448 0.0319668986 0.0139689231 0.7633070350 -0.6458848715 -0.0300577637 0.6459764838 0.7627652884
-23.9 -194.0 2904.4 0.3625537455 -0.9123261571 -0.1903045624 0.9307850599 0.3647289872 0.0247382708 0.0468402207 -0.1861015856 0.9814133644
-104.5 -400.9 2894.0 0.2350828201 -0.9165292382 -0.3235895932 0.8633140922 0.3498494029 -0.3637227118 0.4465701282 -0.1938544959 0.8734961748
248.9 -190.2 2896.3 0.5060028434 0.7414717078 0.4406594932 -0.8589804173 0.3868786395 0.3353767693 0.0781906545 -0.5482195020 0.8326714039
373.8 -402.2 2915.6 -0.2421077639 0.7414717078 0.6257823110 -0.6077369452 0.3868786395 -0.6935277581 -0.7563329935 -0.5482195020 0.3569534421
22.1 -488.8 2651.9 0.9699979424 0.2430146635 -0.0069178659 -0.0155811291 0.0337451994 -0.9993090034 -0.2426133007 0.9694354534 0.0365192145
-87.3 -504.0 2215.5 0.9699979424 0.0228156820 0.2420401424 -0.0155811291 0.9993739724 -0.0317622349 -0.2426133007 0.0270380452 0.9697462320
201.1 -488.6 2650.4 0.9664954543 -0.2564073801 0.0119097633 0.0245690737 0.0462251268 -0.9986288548 0.2555052936 0.9654628634 0.0509760641
311.8 -508.6 2233.5 0.9664954543 -0.0294584706 -0.2549878061 0.0245690737 0.9994484782 -0.0223396048 0.2555052936 0.0153263127 0.9666861892
-164.2 -620.0 2780.7 0 0 0 0 0 0 0 0 0
312.4 -556.4 2723.6 0 0 0 0 0 0 0 0 0
-95.8 -877.0 2205.4 0 0 0 0 0 0 0 0 0
322.8 -881.7 2227.7 0 0 0 0 0 0 0 0 0
115.8 -39.9 3025.0 2 0.9995751977 0.0170528479 0.0236358959 0.0018119401 0.7730364799 -0.6343590021 -0.0290890373 0.6341323256 0.7726771832
112.4 -194.0 2898.6 0.9995751977 0.0170528479 0.0236358959 0.0018119401 0.7730364799 -0.6343590021 -0.0290890373 0.6341323256 0.7726771832
110.4 -341.1 2772.0 0.9996733665 0.0104783364 0.0233100541 0.0072714337 0.7577738762 -0.6524767876 -0.0245006196 0.6524331570 0.7574501634
-24.1 -195.0 2901.9 0.3630993962 -0.9111184478 -0.1949923635 0.9301829338 0.3665958941 0.0191626977 0.0540239140 -0.1883365214 0.9806175232
-105.5 -403.6 2889.8 0.2671788633 -0.9117501974 -0.3119727373 0.8763529658 0.3645329475 -0.3148351610 0.4007753730 -0.1892809421 0.8964105248
248.9 -193.0 2895.3 0.4997348189 0.7471320629 0.4382451773 -0.8630270958 0.3863639235 0.3254338503 0.0738199204 -0.5408480763 0.8378746510
372.3 -406.1 2913.5 -0.2421475649 0.7471320629 0.6189978123 -0.5995655060 0.3863639235 -0.7008880973 -0.7628144026 -0.5408480763 0.3543975055
19.6 -489.7 2652.3 0.9716721177 0.2360497415 -0.0115701808 -0.0185286626 0.0272819437 -0.9994560480 -0.2356056869 0.9713579416 0.0308827907
-86.5 -502.0 2215.8 0.9716721177 0.0270527992 0.2347796708 -0.0185286626 0.9990891814 -0.0384376347 -0.2356056869 0.0329986252 0.9712883234
198.5 -487.2 2646.9 0.9646097422 -0.2632459104 0.0151524143 0.0286284965 0.0474316329 -0.9984641671 0.2621228993 0.9635620713 0.0532893538
310.9 -507.5 2235.7 0.9646097422 -0.0347430408 -0.2613827288 0.0286284965 0.9992209077 -0.0271657016 0.2621228993 0.0187213067 0.9648528695
-173.3 -625.7 2788.3 0 0 0 0 0 0 0 0 0
310.8 -558.2 2719.9 0 0 0 0 0 0 0 0 0
-96.6 -874.9 2203.5 0 0 0 0 0 0 0 0 0
323.9 -880.5 2228.7 0 0 0 0 0 0 0 0 0
115.4 -39.3 3028.0 3 0.9992885590 0.0128847212 0.0354457945 0.0127023812 0.7699445486 -0.6379843950 -0.0355115458 0.6379807591 0.7692330480
112.9 -192.4 2901.1 0.9992885590 0.0128847212 0.0354457945 0.0127023812 0.7699445486 -0.6379843950 -0.0355115458 0.6379807591 0.7692330480
111.7 -339.1 2774.0 0.9993606210 0.0060317069 0.0352422260 0.0185150541 0.7559174895 -0.6544049978 -0.0305873957 0.6546390653 0.7553225160
-23.6 -194.9 2905.3 0.3653658330 -0.9107429385 -0.1924969256 0.9284846783 0.3713306487 0.0054535605 0.0665132180 -0.1807229966 0.9812824130
-106.0 -404.2 2890.3 0.2838706672 -0.9112141728 -0.2985066473 0.8828225732 0.3698696792 -0.2895180583 0.3742215037 -0.1813427359 0.9094355702
249.4 -189.9 2896.9 0.5098148584 0.7394470572 0.4396667480 -0.8575733900 0.3962849677 0.3279117942 0.0682400987 -0.5442208052 0.8361620903
375.2 -401.6 2913.8 -0.2401649952 0.7394470572 0.6289187670 -0.5999203324 0.3962849677 -0.6950207353 -0.7631621361 -0.5442208052 0.3484355509
18.8 -488.9 2647.5 0.9712966084 0.2377739698 -0.0068117506 -0.0140212625 0.0286428276 -0.9994913936 -0.2374579161 0.9708980918 0.0311545730
-86.8 -501.6 2216.5 0.9712966084 0.0250840522 0.2365452349 -0.0140212625 0.9987327456 -0.0483351909 -0.2374579161 0.0436311476 0.9704174399
197.8 -487.6 2643.1 0.9635906816 -0.2667633891 0.0181732550 0.0324144065 0.0490788072 -0.9982687831 0.2654096484 0.9625115991 0.0559388585
310.8 -508.3 2235.5 0.9635906816 -0.0411544777 -0.2641955316 0.0324144065 0.9987760782 -0.0373582654 0.2654096484 0.0274343342 0.9637453556
-177.9 -628.0 2795.4 0 0 0 0 0 0 0 0 0
314.3 -553.9 2720.0 0 0 0 0 0 0 0 0 0
-96.1 -874.4 2200.2 0 0 0 0 0 0 0 0 0
326.2 -881.2 2225.3 0 0 0 0 0 0 0 0 0
114.5 -38.6 3028.0 4 0.9995509982 -0.0019366224 -0.0299009625 -0.0174900126 0.7725560665 -0.6347056031 0.0243293550 0.6349436045 0.7721753120
114.9 -192.2 2901.8 0.9995509982 -0.0019366224 -0.0299009625 -0.0174900126 0.7725560665 -0.6347056031 0.0243293550 0.6349436045 0.7721753120
116.1 -339.7 2775.6 0.9995351434 -0.0063615497 -0.0298159383 -0.0145678557 0.7594500184 -0.6504025459 0.0267812833 0.6505345702 0.7590042949
-21.3 -190.2 2898.1 0.4296424389 -0.8504444361 -0.3035649061 0.9019564986 0.3880200982 0.1895122826 -0.0433803797 -0.3552248478 0.9337737560
-126.1 -410.1 2908.7 0.2154237479 -0.8504444361 -0.4799342752 0.8729074597 0.3880200982 -0.2957582474 0.4377500713 -0.3552248478 0.8259480596
251.1 -194.2 2905.4 0.4757390916 0.7821633816 0.4023590386 -0.8738309741 0.3680335581 0.3177589178 0.1004577428 -0.5027641058 0.8585665226
368.5 -409.6 2930.2 -0.2156434655 0.7821633816 0.5845668316 -0.5971441865 0.3680335581 -0.7127202153 -0.7726038694 -0.5027641058 0.3877002597
21.0 -487.5 2649.7 0.9699276090 0.2433920354 0.0008777721 -0.0074620126 0.0333407447 -0.9994161725 -0.2432792038 0.9693548083 0.0341543034
-87.9 -502.4 2215.9 0.9699276090 0.0179223232 0.2427328676 -0.0074620126 0.9990060925 -0.0439450033 -0.2432792038 0.0408121981 0.9690973163
200.0 -484.2 2644.2 0.9655463099 -0.2597802579 0.0153146759 0.0316441134 0.0587933585 -0.9977685213 0.2583001852 0.9638763070 0.0649882257
310.7 -509.2 2233.7 0.9655463099 -0.0387492739 -0.2573301792 0.0316441134 0.9989964962 -0.0316967629 0.2583001852 0.0224617086 0.9658035636
-180.5 -630.6 2798.1 0 0 0 0 0 0 0 0 0
313.7 -561.2 2734.2 0 0 0 0 0 0 0 0 0
-94.6 -875.4 2200.7 0 0 0 0 0 0 0 0 0
325.1 -882.2 2225.3 0 0 0 0 0 0 0 0 0
114.4 -40.6 3026.5 5 0.9985724092 -0.0094198426 -0.0525778383 -0.0263353568 0.7695518732 -0.6380410790 0.0464716181 0.6385148168 0.7682051659
116.2 -192.9 2900.0 0.9985724092 -0.0094198426 -0.0525778383 -0.0263353568 0.7695518732 -0.6380410790 0.0464716181 0.6385148168 0.7682051659
118.5 -339.9 2773.3 0.9985568523 -0.0119031249 -0.0523686968 -0.0252240598 0.7569264174 -0.6530131698 0.0474121459 0.6533917189 0.7555338144
-20.0 -189.5 2893.6 0.4118657410 -0.8722143769 -0.2638346553 0.9100898504 0.3791542053 0.1672679931 -0.0458595231 -0.3090052009 0.9499540329
-115.1 -399.6 2904.2 0.2228887528 -0.8722143769 -0.4353880286 0.8704458475 0.3791542053 -0.3139524758 0.4389130473 -0.3090052009 0.8437245488
252.5 -196.4 2906.5 0.4646123648 0.7962487936 0.3874573112 -0.8790231347 0.3618324101 0.3104764819 0.1070219204 -0.4848351479 0.8680329323
367.1 -413.3 2932.9 -0.2058411092 0.7962487936 0.5688737035 -0.5915643573 0.3618324101 -0.7205060124 -0.7795389891 -0.4848351479 0.3965524435
28.0 -485.8 2646.9 0.9662327766 0.2576474845 -0.0034691759 -0.0138994856 0.0386725813 -0.9991552830 -0.2572956681 0.9654647708 0.0409478843
-86.9 -503.1 2216.5 0.9662327766 0.0237646643 0.2565726042 -0.0138994856 0.9990951419 -0.0401953384 -0.2572956681 0.0352718271 0.9656887650
206.6 -488.4 2651.8 0.9701279402 -0.2417163849 0.0206142608 0.0339197814 0.0510142744 -0.9981217384 0.2402107567 0.9690050483 0.0576893389
311.3 -510.5 2232.3 0.9701279402 -0.0346169360 -0.2401112765 0.0339197814 0.9993997812 -0.0070368606 0.2402107567 -0.0013178667 0.9707198739
-171.5 -620.0 2793.0 0 0 0 0 0 0 0 0 0
314.9 -563.4 2735.1 0 0 0 0 0 0 0 0 0
-95.8 -876.0 2203.3 0 0 0 0 0 0 0 0 0
324.2 -883.5 2232.7 0 0 0 0 0 0 0 0 0
116.5 -39.6 3040.7 6 0.9989523292 -0.0110323876 -0.0444131047 -0.0206161495 0.7579533458 -0.6519829035 0.0408559889 0.6522154808 0.7569317818
118.7 -190.4 2911.0 0.9989523292 -0.0110323876 -0.0444131047 -0.0206161495 0.7579533458 -0.6519829035 0.0408559889 0.6522154808 0.7569317818
121.9 -335.6 2782.3 0.9988886714 -0.0163402352 -0.0442087948 -0.0171132367 0.7482243180 -0.6632250547 0.0439153500 0.6632445455 0.7471131682
-17.7 -188.0 2905.0 0.4004305005 -0.8700641394 -0.2874783576 0.9158512950 0.3901258409 0.0949645936 0.0295274537 -0.3013141453 0.9530676603
-110.0 -399.1 2898.2 0.2155392915 -0.8713979721 -0.4406907558 0.8573667407 0.3848920166 -0.3417314887 0.4674024880 -0.3041770458 0.8300670385
255.1 -192.7 2917.0 0.4727921188 0.7914369702 0.3874211311 -0.8761065006 0.3751173913 0.3028603196 0.0943664610 -0.4826121330 0.8707355857
371.8 -408.9 2940.3 -0.2034167796 0.7914369702 0.5764105916 -0.5829120874 0.3751173913 -0.7207638025 -0.7866607308 -0.4826121330 0.3850330114
31.5 -484.6 2642.2 0.9631428719 0.2689877152 -0.0012072437 -0.0141583001 0.0462126434 -0.9988312721 -0.2686175704 0.9620342851 0.0483177826
-87.5 -505.1 2216.6 0.9631428719 0.0219374448 0.2680943906 -0.0141583001 0.9994217157 -0.0309155826 -0.2686175704 0.0259803608 0.9628964663
210.2 -489.1 2650.7 0.9719592333 -0.2344337255 0.0183320548 0.0299118627 0.0459345952 -0.9984965324 0.2332391739 0.9710462689 0.0516589023
311.3 -508.9 2231.8 0.9719592333 -0.0326701552 -0.2328688353 0.0299118627 0.9994344115 -0.0153673012 0.2332391739 0.0079708500 0.9723867178
-164.6 -616.4 2779.8 0 0 0 0 0 0 0 0 0
320.1 -556.9 2740.6 0 0 0 0 0 0 0 0 0
-95.7 -878.1 2206.9 0 0 0 0 0 0 0 0 0
323.5 -882.0 2228.8 0 0 0 0 0 0 0 0 0
118.4 -39.7 3045.8 7 0.9989723563 -0.0090435743 -0.0444120355 -0.0224595647 0.7523434162 -0.6583881974 0.0393672809 0.6587090492 0.7513671517
120.2 -189.3 2914.9 0.9989723563 -0.0090435743 -0.0444120355 -0.0224595647 0.7523434162 -0.6583881974 0.0393672809 0.6587090492 0.7513671517
123.1 -333.4 2784.8 0.9989035726 -0.0153620671 -0.0442230031 -0.0182465538 0.7421696186 -0.6699637175 0.0431129970 0.6700360179 0.7410755754
-16.3 -186.9 2909.0 0.3960544467 -0.8690755367 -0.2963925600 0.9161842465 0.3955394626 0.0644589812 0.0612152368 -0.2970794737 0.9528884888
-106.6 -395.8 2895.0 0.2278124541 -0.8749779463 -0.4272178710 0.8784908056 0.3739253283 -0.2973781824 0.4199469388 -0.3075605035 0.8538448811
256.6 -191.8 2920.7 0.4722934663 0.7914044261 0.3880952299 -0.8772148490 0.3789505959 0.2947720885 0.0862150267 -0.4796618223 0.8732076287
373.2 -408.4 2942.0 -0.2043803632 0.7914044261 0.5761142969 -0.5754824281 0.3789505959 -0.7247181535 -0.7918640375 -0.4796618223 0.3779892623
35.6 -479.3 2649.6 0.9619660378 0.2731030583 0.0060056141 -0.0106696114 0.0595321953 -0.9981693625 -0.2729606330 0.9601409435 0.0601818524
-87.6 -506.2 2216.4 0.9619660378 0.0213727113 0.2723316848 -0.0106696114 0.9991135597 -0.0407222509 -0.2729606330 0.0362677500 0.9613413215
214.4 -482.4 2657.5 0.9749214053 -0.2214654386 0.0219375361 0.0353473388 0.0567693561 -0.9977613688 0.2197242826 0.9735143781 0.0631738752
311.1 -507.2 2232.8 0.9749214053 -0.0364935435 -0.2195368260 0.0353473388 0.9993332028 -0.0091480557 0.2197242826 0.0011585933 0.9755613208
-164.3 -618.3 2788.6 0 0 0 0 0 0 0 0 0
321.3 -554.4 2741.0 0 0 0 0 0 0 0 0 0
-95.6 -879.1 2202.8 0 0 0 0 0 0 0 0 0
324.7 -880.2 2232.3 0 0 0 0 0 0 0 0 0
118.7 -39.8 3049.4 8 0.9984390140 -0.0119139710 -0.0545675419 -0.0270859543 0.7511306405 -0.6595976353 0.0488457792 0.6600460410 0.7496354580
121.1 -188.9 2918.4 0.9984390140 -0.0119139710 -0.0545675419 -0.0270859543 0.7511306405 -0.6595976353 0.0488457792 0.6600460410 0.7496354580
125.1 -332.7 2788.0 0.9983148575 -0.0204677638 -0.0542998463 -0.0213690829 0.7403088808 -0.6719271541 0.0539515056 0.6719552279 0.7386239767
-15.3 -186.0 2911.0 0.3942792416 -0.8653969765 -0.3092441261 0.9160124063 0.3971519172 0.0564945899 0.0739266500 -0.3055461049 0.9493031502
-104.9 -394.2 2894.2 0.2622641623 -0.8701612353 -0.4171773791 0.8944871426 0.3814245164 -0.2332554609 0.3620915413 -0.3119852543 0.8783819675
257.4 -191.9 2925.8 0.4687337279 0.7977276444 0.3793670237 -0.8788554072 0.3779376447 0.2911636829 0.0888922364 -0.4698869884 0.8782393336
373.2 -408.8 2947.7 -0.1974232197 0.7977276444 0.5697848201 -0.5725950003 0.3779376447 -0.7275287509 -0.7957128882 -0.4698869884 0.3821612000
36.6 -475.8 2650.9 0.9623200893 0.2719158828 0.0013311767 -0.0165715832 0.0635324121 -0.9978421926 -0.2714137137 0.9602215290 0.0656445920
-86.7 -504.7 2215.2 0.9623200893 0.0261570346 0.2706581354 -0.0165715832 0.9991539121 -0.0376406014 -0.2714137137 0.0317370705 0.9619393945
215.6 -479.1 2658.6 0.9751793742 -0.2209746689 0.0139779318 0.0284042731 0.0622428022 -0.9976567626 0.2195868492 0.9732913375 0.0669745207
312.3 -506.4 2232.4 0.9751793742 -0.0297852643 -0.2194038033 0.0284042731 0.9995518923 -0.0094467653 0.2195868492 0.0029802853 0.9755883813
-171.2 -620.4 2802.6 0 0 0 0 0 0 0 0 0
323.1 -554.2 2745.7 0 0 0 0 0 0 0 0 0
-96.5 -877.6 2203.3 0 0 0 0 0 0 0 0 0
323.5 -879.5 2231.3 0 0 0 0 0 0 0 0 0
119.0 -41.0 3049.7 9 0.9986693263 -0.0106966998 -0.0504500940 -0.0254479498 0.7486478090 -0.6624793410 0.0448556952 0.6628816128 0.7473793626
121.1 -189.2 2918.5 0.9986693263 -0.0106966998 -0.0504500940 -0.0254479498 0.7486478090 -0.6624793410 0.0448556952 0.6628816128 0.7473793626
124.6 -332.7 2787.8 0.9985765815 -0.0178998094 -0.0502432138 -0.0206248816 0.7391338348 -0.6732427478 0.0491873734 0.6733207107 0.7377125621
-15.3 -186.4 2911.7 0.3936100006 -0.8673925996 -0.3044687510 0.9163995385 0.3964189887 0.0553525202 0.0726848245 -0.3008023202 0.9509126544
-103.9 -392.8 2895.4 0.2714407146 -0.8666311502 -0.4186530411 0.8809487224 0.3989029825 -0.2545697987 0.3876200616 -0.2997112274 0.8717361093
257.5 -192.0 2925.2 0.4698961973 0.7951837182 0.3832498789 -0.8786005378 0.3794163167 0.2900075614 0.0851980373 -0.4729970098 0.8769350648
373.6 -408.9 2946.2 -0.2007290423 0.7951837182 0.5721806884 -0.5713582635 0.3794163167 -0.7277314067 -0.7957748175 -0.4729970098 0.3781749010
39.6 -474.5 2652.7 0.9607462883 0.2773900926 0.0046167956 -0.0136987902 0.0640539899 -0.9978523850 -0.2770901024 0.9586197734 0.0653395355
-86.6 -503.6 2216.5 0.9607462883 0.0255099814 0.2762531936 -0.0136987902 0.9989109635 -0.0446008891 -0.2770901024 0.0390658043 0.9600494504
218.4 -478.3 2662.4 0.9768930674 -0.2131670862 0.0154826296 0.0307323635 0.0684120953 -0.9971836805 0.2115075439 0.9746176600 0.0733824298
312.3 -508.4 2233.5 0.9768930674 -0.0350192003 -0.2108401656 0.0307323635 0.9992495775 -0.0235756245 0.2115075439 0.0165512469 0.9772362113
-172.7 -615.9 2797.2 0 0 0 0 0 0 0 0 0
322.6 -554.0 2744.2 0 0 0 0 0 0 0 0 0
-96.1 -876.5 2201.9 0 0 0 0 0 0 0 0 0
325.3 -881.4 2227.3 0 0 0 0 0 0 0 0 0
118.2 -42.2 3051.3 0 0.9983309507 -0.0107856300 -0.0567362942 -0.0297617726 0.7458302975 -0.6654708385 0.0494931675 0.6660487056 0.7442644835
120.4 -189.5 2919.8 0.9983309507 -0.0107856300 -0.0567362942 -0.0297617726 0.7458302975 -0.6654708385 0.0494931675 0.6660487056 0.7442644835
124.1 -332.5 2788.7 0.9982202053 -0.0189731251 -0.0565372594 -0.0242433865 0.7370632887 -0.6753887534 0.0544857718 0.6755573750 0.7352914810
-16.0 -186.1 2912.4 0.3919144869 -0.8677872419 -0.3055295348 0.9176473022 0.3924687803 0.0623830594 0.0657755733 -0.3048171699 0.9501368403
-104.3 -392.8 2897.6 0.2660498321 -0.8614112139 -0.4326524734 0.8611128330 0.4141047597 -0.2949608266 0.4332460463 -0.2940883338 0.8519448042
256.7 -192.8 2927.3 0.4664100409 0.7990239263 0.3795028925 -0.8804806471 0.3781585991 0.2859193683 0.0849441290 -0.4675006270 0.8799020648
371.9 -410.2 2948.2 -0.1984071136 0.7990239263 0.5676225424 -0.5681303740 0.3781585991 -0.7309062481 -0.7986629605 -0.4675006270 0.3789204061
38.6 -474.3 2652.7 0.9602715969 0.2787363529 0.0135816978 -0.0050820261 0.0661267117 -0.9977982640 -0.2790207863 0.9580883384 0.0649161562
-88.1 -504.4 2217.1 0.9602715969 0.0179677736 0.2784880400 -0.0050820261 0.9988855720 -0.0469234660 -0.2790207863 0.0436439887 0.9592927694
217.5 -478.0 2661.5 0.9765513539 -0.2148887664 0.0130488975 0.0280440878 0.0668808967 -0.9973667860 0.2134501934 0.9743458033 0.0713389888
311.8 -507.4 2234.0 0.9765513539 -0.0341623798 -0.2125567943 0.0280440878 0.9991028309 -0.0317338146 0.2134501934 0.0250287391 0.9766333103
-171.6 -610.9 2787.8 0 0 0 0 0 0 0 0 0
321.5 -554.4 2745.5 0 0 0 0 0 0 0 0 0
-94.8 -877.2 2200.8 0 0 0 0 0 0 0 0 0
324.6 -880.3 2224.6 0 0 0 0 0 0 0 0 0
119.0 -43.7 3051.6 1 0.9984228015 -0.0097819734 -0.0552827120 -0.0297353975 0.7431011200 -0.6685181260 0.0476200730 0.6691076159 0.7416382432
120.9 -190.8 2919.3 0.9984228015 -0.0097819734 -0.0552827120 -0.0297353975 0.7431011200 -0.6685181260 0.0476200730 0.6691076159 0.7416382432
124.3 -333.3 2787.5 0.9983314276 -0.0172721725 -0.0551002584 -0.0247445200 0.7342010736 -0.6784810424 0.0521735102 0.6787123680 0.7325485945
-15.5 -187.4 2912.1 0.4007480741 -0.8645535111 -0.3032296002 0.9134142995 0.4027530849 0.0588578135 0.0712409317 -0.3005614281 0.9510980844
-106.0 -393.7 2896.0 0.2483417988 -0.8679640293 -0.4300753474 0.8755976558 0.3910391629 -0.2835791707 0.4143128395 -0.3061484098 0.8570986390
257.3 -194.2 2926.4 0.4663561881 0.7980939150 0.3815206885 -0.8809539080 0.3799167573 0.2821054757 0.0802005455 -0.4676637650 0.8802604675
372.5 -411.7 2946.2 -0.2003442794 0.7980939150 0.5682502389 -0.5646770000 0.3799167573 -0.7326685190 -0.8006260395 -0.4676637650 0.3745511174
38.3 -473.4 2652.7 0.9614105821 0.2750701010 0.0051090266 -0.0138203036 0.0668342412 -0.9976683855 -0.2747702003 0.9590983391 0.0680566952
-86.8 -503.8 2216.4 0.9614105821 0.0253811702 0.2739442587 -0.0138203036 0.9989337325 -0.0440495498 -0.2747702003 0.0385637097 0.9607362747
217.2 -477.8 2662.4 0.9763239026 -0.2160231173 0.0112074129 0.0256070904 0.0639748350 -0.9976229072 0.2147926241 0.9742901325 0.0679918826
312.4 -506.0 2233.0 0.9763239026 -0.0307424497 -0.2141179591 0.0256070904 0.9993150234 -0.0267169364 0.2147926241 0.0206014477 0.9764423966
-168.9 -615.6 2791.0 0 0 0 0 0 0 0 0 0
321.6 -555.0 2743.0 0 0 0 0 0 0 0 0 0
-96.3 -876.7 2202.0 0 0 0 0 0 0 0 0 0
323.9 -879.0 2225.3 0 0 0 0 0 0 0 0 0
118.6 -42.9 3052.8 2 0.9995674491 -0.0037056049 -0.0291748997 -0.0167906098 0.7425496578 -0.6695805192 0.0241450127 0.6697807312 0.7421662807
119.4 -190.2 2919.9 0.9995674491 -0.0037056049 -0.0291748997 -0.0167906098 0.7425496578 -0.6695805192 0.0241450127 0.6697807312 0.7421662807
121.6 -332.6 2788.1 0.9995124340 -0.0113845076 -0.0290744212 -0.0114065371 0.7336702943 -0.6794099212 0.0290657859 0.6794102788 0.7331826687
-17.2 -188.6 2916.0 0.3952700496 -0.8723048568 -0.2878295481 0.9150729775 0.4012333155 0.0406600833 0.0800188258 -0.2794567645 0.9568181038
-105.3 -392.8 2898.1 0.2305469066 -0.8783241510 -0.4188016653 0.8686991930 0.3796988130 -0.3181045949 0.4384174347 -0.2904746234 0.8505378366
255.9 -191.8 2923.9 0.4797296226 0.7819219232 0.3980672956 -0.8747233748 0.3906879127 0.2867436707 0.0686910748 -0.4857582152 0.8713899851
374.3 -407.7 2940.9 -0.2111875415 0.7819219232 0.5865133405 -0.5671374798 0.3906879127 -0.7250641584 -0.7960872650 -0.4857582152 0.3609488010
38.2 -473.6 2651.1 0.9609392285 0.2765286863 0.0112983044 -0.0081654657 0.0691335574 -0.9975739717 -0.2766389251 0.9585157633 0.0686911345
-86.8 -504.9 2217.9 0.9609392285 0.0245410576 0.2756691873 -0.0081654657 0.9981411695 -0.0603945740 -0.2766389251 0.0557845496 0.9593534470
217.1 -478.0 2660.4 0.9762312174 -0.2162343115 0.0146758398 0.0283310395 0.0601861514 -0.9977850318 0.2148720771 0.9744846821 0.0648817420
312.0 -504.5 2232.9 0.9762312174 -0.0311087761 -0.2144875377 0.0283310395 0.9994702935 -0.0160133075 0.2148720771 0.0095560355 0.9765954614
-163.8 -613.1 2787.0 0 0 0 0 0 0 0 0 0
320.7 -551.7 2738.8 0 0 0 0 0 0 0 0 0
-95.9 -877.4 2197.1 0 0 0 0 0 0 0 0 0
323.6 -877.5 2229.3 0 0 0 0 0 0 0 0 0
119.2 -43.6 3051.9 3 0.9994783401 -0.0002598510 -0.0322943367 -0.0216348954 0.7370339036 -0.6755093932 0.0239775535 0.6758557558 0.7366437912
119.3 -190.1 2917.5 0.9994783401 -0.0002598510 -0.0322943367 -0.0216348954 0.7370339036 -0.6755093932 0.0239775535 0.6758557558 0.7366437912
120.8 -331.7 2784.7 0.9994511008 -0.0075831041 -0.0322489217 -0.0165370312 0.7292944193 -0.6840001345 0.0287058037 0.6841580272 0.7287687063
-17.2 -187.8 2913.6 0.3868631423 -0.8777601719 -0.2826198936 0.9195488691 0.3901589811 0.0469661057 0.0690417066 -0.2780522406 0.9580814838
-104.0 -394.1 2898.1 0.2176390290 -0.8833144903 -0.4151971936 0.8688582182 0.3691371381 -0.3298835754 0.4446556568 -0.2889519632 0.8478137255
255.8 -192.3 2921.5 0.4754681289 0.7837198973 0.3996413052 -0.8774780631 0.3899860084 0.2791830003 0.0629467592 -0.4834190905 0.8731229305
373.2 -409.0 2937.0 -0.2142113745 0.7837198973 0.5830065012 -0.5608460903 0.3899860084 -0.7303167582 -0.7997281551 -0.4834190905 0.3560068309
34.3 -474.0 2653.6 0.9625639915 0.2705002725 0.0173247624 -0.0006305980 0.0661507770 -0.9978094101 -0.2710537612 0.9604445100 0.0638449341
-88.1 -504.0 2219.2 0.9625639915 0.0176223684 0.2704810500 -0.0006305980 0.9980272055 -0.0627793074 -0.2710537612 0.0602585375 0.9606761932
213.3 -476.1 2658.8 0.9738643765 -0.2271199077 0.0021650621 0.0175255779 0.0656370297 -0.9976896644 0.2264530808 0.9716523886 0.0679019764
312.5 -504.7 2234.5 0.9738643765 -0.0252499133 -0.2257223576 0.0175255779 0.9991923571 -0.0361593962 0.2264530808 0.0312584341 0.9735203981
-159.2 -614.5 2785.3 0 0 0 0 0 0 0 0 0
318.8 -551.3 2734.0 0 0 0 0 0 0 0 0 0
-94.7 -876.5 2196.7 0 0 0 0 0 0 0 0 0
321.9 -877.6 2222.8 0 0 0 0 0 0 0 0 0
119.2 -44.1 3052.4 4 0.9997166395 -0.0058005420 -0.0230874978 -0.0113223474 0.7372692227 -0.6755041480 0.0209399927 0.6755741239 0.7369946241
120.3 -190.7 2918.1 0.9997166395 -0.0058005420 -0.0230874978 -0.0113223474 0.7372692227 -0.6755041480 0.0209399927 0.6755741239 0.7369946241
122.8 -332.3 2785.3 0.9996562600 -0.0126142604 -0.0229827687 -0.0065156003 0.7295968533 -0.6838464737 0.0253943726 0.6837611794 0.7292639017
-16.3 -189.8 2914.6 0.3948213160 -0.8750767708 -0.2799228132 0.9158850908 0.3989492953 0.0446540788 0.0725992620 -0.2740074992 0.9589834213
-104.2 -393.9 2898.4 0.2122236937 -0.8780410886 -0.4289579690 0.8411721587 0.3875567913 -0.3771328330 0.4973836839 -0.2807909548 0.8208324313
256.9 -191.6 2921.5 0.4844551682 0.7781742215 0.3996849954 -0.8726235628 0.3975305259 0.2837209105 0.0618973076 -0.4862245917 0.8716388941
376.5 -407.0 2936.8 -0.2112432867 0.7781742215 0.5914568305 -0.5634073615 0.3975305259 -0.7242524624 -0.7987167239 -0.4862245917 0.3544534445
32.7 -471.7 2649.4 0.9620106220 0.2719605863 0.0239379127 0.0045103193 0.0718370527 -0.9974061847 -0.2729747891 0.9596232772 0.0678813756
-89.0 -503.9 2220.0 0.9620106220 0.0140029173 0.2726527154 0.0045103193 0.9977323413 -0.0671555325 -0.2729747891 0.0658340901 0.9597659111
211.8 -474.7 2654.5 0.9720898271 -0.2344917357 -0.0074150329 0.0094886040 0.0708759576 -0.9974399805 0.2344169766 0.9695309401 0.0711227953
313.2 -505.4 2235.0 0.9720898271 -0.0207401086 -0.2336903960 0.0094886040 0.9987453818 -0.0491689555 0.2344169766 0.0455792435 0.9710670710
-158.0 -607.0 2772.4 0 0 0 0 0 0 0 0 0
322.9 -550.0 2734.1 0 0 0 0 0 0 0 0 0
-94.2 -876.3 2195.5 0 0 0 0 0 0 0 0 0
321.0 -878.1 2218.0 0 0 0 0 0 0 0 0 0
118.2 -44.6 3052.7 5 0.9999779463 0.0011827084 -0.0065376437 -0.0052834260 0.7381676435 -0.6745966673 0.0040280255 0.6746162772 0.7381575704
117.9 -191.4 2918.5 0.9999779463 0.0011827084 -0.0065376437 -0.0052834260 0.7381676435 -0.6745966673 0.0040280255 0.6746162772 0.7381575704
119.3 -333.3 2786.1 0.9999546409 -0.0069510890 -0.0065069138 0.0006405088 0.7309570909 -0.6824231148 0.0094998591 0.6823880076 0.7309284210
-18.7 -191.4 2917.2 0.3925813138 -0.8789994717 -0.2706285417 0.9161868691 0.3995181620 0.0314141512 0.0805079937 -0.2602789104 0.9621711373
-107.0 -397.5 2899.1 0.2086772174 -0.8825362921 -0.4214065969 0.8334609270 0.3859169185 -0.3954882920 0.5116606951 -0.2686965466 0.8160915971
254.5 -191.3 2919.8 0.4915688336 0.7674894333 0.4114852250 -0.8690409660 0.4019897580 0.2883956730 0.0559277683 -0.4993638098 0.8645853400
375.9 -405.8 2933.6 -0.2198647857 0.7674894333 0.6021789312 -0.5666562915 0.4019897580 -0.7192391157 -0.7940781713 -0.4993638098 0.3465192914
35.7 -473.4 2650.3 0.9585527778 0.2827517986 0.0350422226 0.0168302786 0.0665840954 -0.9976388812 -0.2844174206 0.9568793178 0.0590655766
-91.3 -503.2 2220.9 0.9585527778 0.0021091839 0.2849071324 0.0168302786 0.9978072643 -0.0640112758 -0.2844174206 0.0661532581 0.9564154148
214.8 -474.5 2654.9 0.9732629061 -0.2294055223 -0.0115093794 0.0056348639 0.0739384815 -0.9972468615 0.2296249270 0.9705185294 0.0732542500
313.5 -506.3 2237.2 0.9732629061 -0.0214123912 -0.2286938280 0.0056348639 0.9975715280 -0.0694211498 0.2296249270 0.0662763640 0.9710199833
-159.9 -608.9 2769.4 0 0 0 0 0 0 0 0 0
320.1 -549.7 2732.1 0 0 0 0 0 0 0 0 0
-92.0 -875.7 2196.2 0 0 0 0 0 0 0 0 0
321.5 -878.6 2212.4 0 0 0 0 0 0 0 0 0
118.9 -44.0 3053.8 6 0.9998953342 0.0000850491 -0.0144693116 -0.0098287323 0.7378683686 -0.6748730540 0.0106190499 0.6749446392 0.7377919555
118.9 -190.7 2919.6 0.9998953342 0.0000850491 -0.0144693116 -0.0098287323 0.7378683686 -0.6748730540 0.0106190499 0.6749446392 0.7377919555
120.3 -332.1 2786.7 0.9998667836 -0.0076507586 -0.0144185945 -0.0042971238 0.7288076878 -0.6847049594 0.0157468952 0.6846756935 0.7286777496
-17.7 -190.1 2917.5 0.4067619443 -0.8695833683 -0.2799455523 0.9082653522 0.4178239703 0.0218436252 0.0979731008 -0.2631500065 0.9597673416
-112.2 -401.0 2894.7 0.1858840883 -0.8813410997 -0.4343787730 0.8407780528 0.3714444339 -0.3938544393 0.5084677339 -0.2920048535 0.8100578785
255.4 -191.3 2921.8 0.4869777858 0.7725540996 0.4074467123 -0.8716024756 0.3998159766 0.2836482823 0.0562299415 -0.4932619631 0.8680615425
375.7 -406.5 2935.7 -0.2176655531 0.7725540996 0.5964745283 -0.5630163550 0.3998159766 -0.7232978344 -0.7972667217 -0.4932619631 0.3479344249
31.1 -475.2 2652.8 0.9604414105 0.2754994333 0.0406491719 0.0247567147 0.0609214045 -0.9978355169 -0.2773795128 0.9593688846 0.0516909771
-93.2 -502.7 2220.2 0.9604414105 -0.0077239834 0.2783749700 0.0247567147 0.9980256557 -0.0577230081 -0.2773795128 0.0623312183 0.9587363601
210.2 -475.1 2654.5 0.9704688191 -0.2405414432 -0.0181686059 -0.0005248630 0.0732118487 -0.9973163009 0.2412260622 0.9678738713 0.0709235668
314.2 -506.8 2235.8 0.9704688191 -0.0140805729 -0.2408153266 -0.0005248630 0.9981693625 -0.0604785420 0.2412260622 0.0588189326 0.9686848521
-159.4 -614.3 2765.8 0 0 0 0 0 0 0 0 0
320.4 -549.4 2733.3 0 0 0 0 0 0 0 0 0
-90.3 -875.2 2197.0 0 0 0 0 0 0 0 0 0
319.5 -879.3 2213.9 0 0 0 0 0 0 0 0 0
120.1 -44.9 3052.4 7 0.9983128905 -0.0097652003 -0.0572366603 -0.0311071761 0.7424048781 -0.6692289114 0.0490279309 0.6698802710 0.7408486009
122.1 -192.6 2919.2 0.9983128905 -0.0097652003 -0.0572366603 -0.0311071761 0.7424048781 -0.6692289114 0.0490279309 0.6698802710 0.7408486009
125.1 -334.4 2786.7 0.9982503653 -0.0156794973 -0.0570124388 -0.0274864640 0.7306397557 -0.6822096705 0.0523522571 0.6825830936 0.7289304137
-14.2 -188.8 2912.0 0.4094747007 -0.8610894680 -0.3014223278 0.9093551040 0.4118450582 0.0587961040 0.0735105947 -0.2981754541 0.9516761899
-108.2 -397.7 2895.1 0.2228608876 -0.8616709113 -0.4559125900 0.8356832862 0.4096770585 -0.3657843173 0.5019626021 -0.2994795144 0.8113849759
258.3 -196.3 2926.3 0.4639123380 0.7991902828 0.3822045028 -0.8826755285 0.3803306222 0.2761023343 0.0752942264 -0.4654498398 0.8818657398
372.8 -414.1 2944.9 -0.2013479918 0.7991902828 0.5663514137 -0.5602268577 0.3803306222 -0.7358630896 -0.8034954071 -0.4654498398 0.3711490631
32.3 -473.2 2652.4 0.9592629671 0.2789338529 0.0448381267 0.0273709837 0.0662054718 -0.9974305034 -0.2811856568 0.9580254555 0.0558737665
-93.0 -503.0 2222.0 0.9592629671 -0.0045094090 0.2824786901 0.0273709837 0.9966523647 -0.0770382211 -0.2811856568 0.0816316381 0.9561751485
211.4 -474.0 2655.2 0.9708728790 -0.2389283329 -0.0178640336 0.0004522030 0.0763863772 -0.9970781803 0.2395948023 0.9680280685 0.0742695034
315.0 -507.1 2235.4 0.9708728790 -0.0115976958 -0.2393143624 0.0004522030 0.9989147186 -0.0465750434 0.2395948023 0.0451102294 0.9698244333
-164.7 -609.6 2767.8 0 0 0 0 0 0 0 0 0
321.7 -556.3 2741.0 0 0 0 0 0 0 0 0 0
-91.4 -875.0 2191.6 0 0 0 0 0 0 0 0 0
319.3 -880.0 2218.6 0 0 0 0 0 0 0 0 0
119.8 -43.9 3053.7 8 0.9977378845 -0.0089418925 -0.0666271225 -0.0379494131 0.7431665063 -0.6680294871 0.0554884970 0.6690467596 0.7411460280
121.6 -191.7 2920.6 0.9977378845 -0.0089418925 -0.0666271225 -0.0379494131 0.7431665063 -0.6680294871 0.0554884970 0.6690467596 0.7411460280
124.6 -333.9 2788.6 0.9976718426 -0.0154034290 -0.0664355308 -0.0339446366 0.7327556610 -0.6796447039 0.0591498688 0.6803174615 0.7305268049
-14.7 -187.0 2912.5 0.4096931517 -0.8596537113 -0.3051999807 0.9098292589 0.4092935622 0.0684799850 0.0660473108 -0.3057356477 0.9498228431
-108.8 -396.0 2897.4 0.2070050240 -0.8603381515 -0.4657973349 0.8298575878 0.4065704346 -0.3821476698 0.5181556344 -0.3074389696 0.7981202602
257.8 -196.3 2928.7 0.4576309621 0.8048042655 0.3779735863 -0.8854273558 0.3736740351 0.2763804197 0.0811932236 -0.4611483812 0.8836004734
370.8 -414.9 2948.7 -0.1997392327 0.8048042655 0.5589225292 -0.5611220002 0.3736740351 -0.7385863662 -0.8032722473 -0.4611483812 0.3769560158
38.8 -473.8 2649.5 0.9533890486 0.2968330383 0.0542164855 0.0362789892 0.0656123012 -0.9971854687 -0.2995548546 0.9526726604 0.0517852493
-94.0 -503.2 2223.4 0.9533890486 -0.0074017397 0.3016529381 0.0362789892 0.9952589869 -0.0902406052 -0.2995548546 0.0969780684 0.9491375685
217.5 -478.7 2658.9 0.9734743237 -0.2284804136 -0.0120163830 0.0028012386 0.0644182637 -0.9979190826 0.2287790328 0.9714149237 0.0633495525
317.4 -506.9 2234.0 0.9734743237 -0.0064239404 -0.2287059873 0.0028012386 0.9998654723 -0.0161611103 0.2287790328 0.0150917657 0.9733613729
-161.3 -606.5 2765.9 0 0 0 0 0 0 0 0 0
320.1 -557.3 2744.8 0 0 0 0 0 0 0 0 0
-91.2 -874.6 2187.2 0 0 0 0 0 0 0 0 0
319.8 -880.0 2228.3 0 0 0 0 0 0 0 0 0
121.0 -43.5 3053.3 9 0.9978510141 -0.0048563639 -0.0653432012 -0.0398587026 0.7465257049 -0.6641616225 0.0520057864 0.6653388739 0.7447278500
122.0 -192.5 2920.5 0.9978510141 -0.0048563639 -0.0653432012 -0.0398587026 0.7465257049 -0.6641616225 0.0520057864 0.6653388739 0.7447278500
124.7 -335.2 2789.0 0.9977761507 -0.0139310053 -0.0651819855 -0.0339520760 0.7353123426 -0.6768773794 0.0573587008 0.6775851846 0.7332041264
-14.3 -187.8 2912.7 0.4066419005 -0.8596163392 -0.3093576133 0.9104050398 0.4095260203 0.0587461181 0.0761908740 -0.3055293560 0.9491294622
-106.1 -393.4 2895.5 0.2383606285 -0.8585874438 -0.4538852870 0.8457970619 0.4132097661 -0.3374685049 0.4772960544 -0.3034556508 0.8246836662
258.3 -197.1 2928.4 0.4576604664 0.8039945364 0.3796572983 -0.8851739168 0.3717796206 0.2797268331 0.0837500095 -0.4640826285 0.8818238378
371.2 -415.6 2949.0 -0.2014406323 0.8039945364 0.5594769120 -0.5640136600 0.3717796206 -0.7373387814 -0.8008185029 -0.4640826285 0.3785724044
38.2 -473.1 2651.2 0.9539007545 0.2954605520 0.0526914820 0.0347735770 0.0655775741 -0.9972413778 -0.2981008589 0.9531015754 0.0522802733
-94.5 -502.6 2223.2 0.9539007545 -0.0082414858 0.3000090122 0.0347735770 0.9959254265 -0.0832062960 -0.2981008589 0.0898029357 0.9503006339
216.9 -479.2 2661.8 0.9723495245 -0.2325063795 -0.0218457226 -0.0067712590 0.0654363558 -0.9978337884 0.2334322184 0.9703910947 0.0620526485
319.5 -508.1 2233.7 0.9723495245 0.0061551984 -0.2334492803 -0.0067712590 0.9999753833 -0.0018375870 0.2334322184 0.0033675223 0.9723672271
-166.5 -607.7 2774.6 0 0 0 0 0 0 0 0 0
320.1 -558.8 2745.8 0 0 0 0 0 0 0 0 0
-91.4 -874.3 2189.7 0 0 0 0 0 0 0 0 0
317.2 -881.2 2232.4 0 0 0 0 0 0 0 0 0
120.5 -44.3 3052.6 0 0.9981386065 -0.0122520970 -0.0597427785 -0.0306449234 0.7461938858 -0.6650229692 0.0527276210 0.6656159163 0.7444294691
122.9 -193.1 2919.9 0.9981386065 -0.0122520970 -0.0597427785 -0.0306449234 0.7461938858 -0.6650229692 0.0527276210 0.6656159163 0.7444294691
126.9 -335.5 2788.0 0.9980190992 -0.0206514131 -0.0594258085 -0.0252699163 0.7334469557 -0.6792768240 0.0576137044 0.6794329286 0.7314721942
-13.4 -189.7 2912.0 0.4085820913 -0.8605811596 -0.3040735722 0.9103183746 0.4083868861 0.0673841089 0.0661901608 -0.3043356836 0.9502624273
-105.0 -393.8 2897.2 0.2596781254 -0.8600160480 -0.4392489493 0.8637267351 0.4102742970 -0.2926621735 0.4319067299 -0.3033930957 0.8493581414
259.2 -196.6 2927.8 0.4654799700 0.8008267879 0.3768353760 -0.8812760711 0.3800590634 0.2809049189 0.0817364901 -0.4628516138 0.8826593757
374.2 -414.2 2947.9 -0.1962080598 0.8008267879 0.5658435225 -0.5636929870 0.3800590634 -0.7333521247 -0.8023419976 -0.4628516138 0.3768497705
38.0 -474.9 2652.3 0.9532855749 0.2971136570 0.0544985607 0.0373301432 0.0631590113 -0.9973050952 -0.2997550368 0.9527509809 0.0491172783
-95.0 -503.2 2225.8 0.9532855749 -0.0037214772 0.3020476401 0.0373301432 0.9937105775 -0.1055734605 -0.2997550368 0.1119171381 0.9474288821
216.7 -481.0 2662.6 0.9716992974 -0.2347328663 -0.0264756158 -0.0121315215 0.0623430870 -0.9979810715 0.2359095216 0.9700586796 0.0577310659
320.7 -508.6 2232.9 0.9716992974 0.0107650077 -0.2359758168 -0.0121315215 0.9999169707 -0.0043397537 0.2359095216 0.0070796814 0.9717492461
-170.8 -612.5 2787.8 0 0 0 0 0 0 0 0 0
324.4 -557.3 2744.3 0 0 0 0 0 0 0 0 0
-93.6 -874.0 2184.1 0 0 0 0 0 0 0 0 0
316.7 -881.8 2230.3 0 0 0 0 0 0 0 0 0
120.0 -40.7 3053.3 1 0.9985414743 -0.0181328245 -0.0508538894 -0.0200338420 0.7502242923 -0.6608797908 0.0501354411 0.6609346867 0.7487668395
123.7 -190.7 2921.1 0.9985414743 -0.0181328245 -0.0508538894 -0.0200338420 0.7502242923 -0.6608797908 0.0501354411 0.6609346867 0.7487668395
128.2 -334.0 2790.2 0.9984564185 -0.0231739786 -0.0504748449 -0.0169698577 0.7380462885 -0.6745366454 0.0528844707 0.6743519902 0.7365138531
-12.7 -188.4 2913.9 0.4043699205 -0.8592206836 -0.3134083748 0.9097551107 0.4130850434 0.0413083211 0.0939713567 -0.3018287122 0.9487195611
-104.8 -395.6 2892.5 0.2380346507 -0.8610669971 -0.4493363202 0.8530033231 0.4065708518 -0.3272390962 0.4644618332 -0.3053911328 0.8312709928
260.1 -193.0 2928.4 0.4728839695 0.7955182791 0.3788554668 -0.8769534230 0.3831313252 0.2901086509 0.0856353492 -0.4694263339 0.8788091540
376.8 -409.5 2949.5 -0.1955944449 0.7955182791 0.5734923482 -0.5708761811 0.3831313252 -0.7261616588 -0.7973977923 -0.4694263339 0.3792040646
41.5 -475.6 2650.9 0.9492105246 0.3079552352 0.0645207241 0.0479311012 0.0611420311 -0.9969775677 -0.3109693825 0.9494341612 0.0432760268
-95.8 -502.9 2227.6 0.9492105246 -0.0091107059 0.3145096898 0.0479311012 0.9921013713 -0.1159199998 -0.3109693825 0.1251072735 0.9421497583
220.3 -480.2 2661.3 0.9736030698 -0.2273060530 -0.0207135826 -0.0065160077 0.0630337223 -0.9979901314 0.2281548530 0.9717811942 0.0598886944
320.3 -507.9 2233.8 0.9736030698 0.0054658833 -0.2281824201 -0.0065160077 0.9999713898 -0.0038490188 0.2281548530 0.0052342550 0.9736108184
-165.1 -611.7 2774.8 0 0 0 0 0 0 0 0 0
327.2 -554.4 2747.1 0 0 0 0 0 0 0 0 0
-92.4 -873.2 2180.9 0 0 0 0 0 0 0 0 0
318.3 -881.1 2231.8 0 0 0 0 0 0 0 0 0
121.2 -40.8 3051.6 2 0.9984107614 -0.0090686828 -0.0556206144 -0.0300816819 0.7488365173 -0.6620717645 0.0476548634 0.6626927257 0.7473736405
123.0 -190.1 2919.5 0.9984107614 -0.0090686828 -0.0556206144 -0.0300816819 0.7488365173 -0.6620717645 0.0476548634 0.6626927257 0.7473736405
125.8 -333.4 2788.7 0.9983565211 -0.0145353787 -0.0554343723 -0.0266625509 0.7384266257 -0.6738064885 0.0507282503 0.6741771698 0.7368255258
-13.4 -186.5 2912.6 0.4078331888 -0.8623720407 -0.2999775410 0.9109040499 0.4068316519 0.0688606501 0.0626568496 -0.3013344109 0.9514576793
-106.3 -394.1 2898.3 0.2504259348 -0.8627147079 -0.4393292367 0.8614409566 0.4056560993 -0.3055529594 0.4418216050 -0.3019378185 0.8447645903
259.4 -193.8 2926.5 0.4645184577 0.7981991172 0.3835372031 -0.8814827204 0.3752328157 0.2866854072 0.0849163011 -0.4712520838 0.8779013157
