103.3 -3.3 2979.9 6 0.9963967800 -0.0164310224 0.0832071528 0.0567818135 0.8579836488 -0.5105290413 -0.0630018637 0.5134141445 0.8558251262
106.6 -176.4 2876.3 0.9963967800 -0.0164310224 0.0832071528 0.0567818135 0.8579836488 -0.5105290413 -0.0630018637 0.5134141445 0.8558251262
110.6 -338.8 2770.2 0.9962607622 -0.0204855204 0.0839333311 0.0630265251 0.8368014693 -0.5438666344 -0.0590941422 0.5471230745 0.8349636197
-29.4 -185.0 2884.4 0.3539821804 -0.9320499301 -0.0773272291 0.9323890805 0.3452256918 0.1070972458 -0.0731246397 -0.1100095809 0.9912369251
-109.9 -397.2 2901.0 0.2468723506 -0.9320499301 -0.2652111053 0.8273072243 0.3452256918 -0.4431500435 0.5045956969 -0.1100095809 0.8563183546
242.6 -167.8 2868.3 0.5546678305 0.7071283460 0.4385352135 -0.8147515655 0.3545915484 0.4587425292 0.1688889712 -0.6117469668 0.7728144526
379.5 -368.9 2909.9 -0.2233990580 0.7071283460 0.6708669066 -0.7088138461 0.3545915484 -0.6097932458 -0.6690858006 -0.6117469668 0.4220069349
33.0 -504.2 2665.4 0.9659976363 0.2583174706 -0.0109817814 -0.0101146931 -0.0046854317 -0.9999378920 -0.2583528757 0.9660487175 -0.0019133140
-86.4 -502.0 2218.9 0.9659976363 0.0260918010 0.2572308779 -0.0101146931 0.9979470372 -0.0632407218 -0.2583528757 0.0584885739 0.9642783999
211.5 -493.2 2658.8 0.9739285707 -0.2246670425 0.0314309187 0.0384856276 0.0270896982 -0.9988918900 0.2235666364 0.9740589857 0.0350298844
309.6 -505.0 2233.4 0.9739285707 -0.0421603993 -0.2229028493 0.0384856276 0.9990425110 -0.0208062846 0.2235666364 0.0116852792 0.9746186137
-172.5 -606.9 2773.2 0 0 0 0 0 0 0 0 0
322.8 -548.7 2740.2 0 0 0 0 0 0 0 0 0
-96.1 -874.5 2197.1 0 0 0 0 0 0 0 0 0
325.3 -877.9 2229.0 0 0 0 0 0 0 0 0 0
105.1 -2.7 2981.9 7 0.9967980385 -0.0226595663 0.0766826943 0.0586849563 0.8587042093 -0.5091003180 -0.0543117598 0.5119703412 0.8572844267
109.7 -174.9 2879.3 0.9967980385 -0.0226595663 0.0766826943 0.0586849563 0.8587042093 -0.5091003180 -0.0543117598 0.5119703412 0.8572844267
115.1 -337.4 2773.3 0.9965898991 -0.0277984198 0.0776906610 0.0656804219 0.8371744156 -0.5429779291 -0.0499467067 0.5462291241 0.8361454010
-26.4 -183.8 2886.1 0.3590978980 -0.9313254356 -0.0606763028 0.9314535856 0.3535420299 0.0860361606 -0.0586760454 -0.0874125659 0.9944426417
-110.0 -400.6 2899.7 0.2658300698 -0.9313254356 -0.2489322871 0.8239865303 0.3535420299 -0.4427801669 0.5003804564 -0.0874125659 0.8613817096
245.8 -165.9 2872.4 0.5554170012 0.7117827535 0.4299736023 -0.8129937053 0.3561019003 0.4606871903 0.1747947782 -0.6054393053 0.7764599323
382.9 -366.6 2915.6 -0.2153677493 0.7117827535 0.6685671806 -0.7097948790 0.3561019003 -0.6077685952 -0.6706772447 -0.6054393053 0.4285268784
25.4 -506.9 2669.4 0.9704491496 0.2407851219 -0.0158402305 -0.0138419066 -0.0099883871 -0.9998543262 -0.2409082651 0.9705270529 -0.0063602971
-86.3 -502.3 2219.3 0.9704491496 0.0266246106 0.2398322821 -0.0138419066 0.9983999729 -0.0548264123 -0.2409082651 0.0498865098 0.9692649245
203.7 -495.6 2658.8 0.9694544077 -0.2440017313 0.0249268431 0.0314027220 0.0226858072 -0.9992493391 0.2432530820 0.9695094228 0.0296551734
311.0 -505.6 2232.6 0.9694544077 -0.0355153456 -0.2426867336 0.0314027220 0.9992904663 -0.0207948647 0.2432530820 0.0125386473 0.9698818326
-177.4 -609.5 2772.8 0 0 0 0 0 0 0 0 0
328.2 -546.7 2745.4 0 0 0 0 0 0 0 0 0
-96.2 -875.0 2200.7 0 0 0 0 0 0 0 0 0
324.2 -878.6 2227.9 0 0 0 0 0 0 0 0 0
104.3 -3.4 2981.9 8 0.9962350130 -0.0425706133 0.0755218118 0.0751734897 0.8581082225 -0.5079362392 -0.0431827344 0.5117011070 0.8580776453
112.9 -175.3 2879.4 0.9962350130 -0.0425706133 0.0755218118 0.0751734897 0.8581082225 -0.5079362392 -0.0431827344 0.5117011070 0.8580776453
121.9 -337.6 2773.4 0.9959076047 -0.0467777066 0.0773299634 0.0813827142 0.8362823129 -0.5422257185 -0.0393056050 0.5463000536 0.8366668224
-23.1 -186.4 2884.8 0.3756817579 -0.9167584181 -0.1357102394 0.9248976707 0.3616388738 0.1173950359 -0.0585447848 -0.1696212590 0.9837688208
-109.6 -399.3 2898.3 0.2361632288 -0.9167584181 -0.3221505582 0.8331977129 0.3616388738 -0.4183287024 0.5000085235 -0.1696212590 0.8492467999
248.9 -164.2 2874.1 0.5663012266 0.7125390768 0.4142354131 -0.8042020202 0.3676656485 0.4669915438 0.1804496050 -0.5975868106 0.7812348604
388.7 -362.7 2918.6 -0.1970642507 0.7125390768 0.6733897328 -0.7125557661 0.3676656485 -0.5975669026 -0.6733720899 -0.5975868106 0.4352701008
31.2 -505.8 2671.8 0.9675090313 0.2523906827 -0.0150090298 -0.0133683039 -0.0082143620 -0.9998769164 -0.2524828911 0.9675905704 -0.0045734337
-87.3 -501.9 2217.4 0.9675090313 0.0210553464 0.2519583404 -0.0133683039 0.9993926287 -0.0321823210 -0.2524828911 0.0277684312 0.9672028422
209.7 -494.0 2662.8 0.9730008841 -0.2293214351 0.0260956790 0.0328472294 0.0256730895 -0.9991306067 0.2284521013 0.9730120897 0.0325125121
310.7 -505.3 2234.1 0.9730008841 -0.0377214886 -0.2276980281 0.0328472294 0.9991436601 -0.0251596645 0.2284521013 0.0170011260 0.9734066725
-169.5 -610.6 2771.5 0 0 0 0 0 0 0 0 0
338.7 -543.5 2747.7 0 0 0 0 0 0 0 0 0
-95.2 -874.9 2207.0 0 0 0 0 0 0 0 0 0
324.8 -878.3 2227.8 0 0 0 0 0 0 0 0 0
104.0 -5.1 2980.5 9 0.9948793054 -0.0581410378 0.0826726630 0.0919169113 0.8606258631 -0.5008736253 -0.0420289189 0.5059078336 0.8615630269
115.7 -177.7 2879.0 0.9948793054 -0.0581410378 0.0826726630 0.0919169113 0.8606258631 -0.5008736253 -0.0420289189 0.5059078336 0.8615630269
127.6 -340.8 2774.6 0.9944946170 -0.0614266358 0.0848955363 0.0973912999 0.8408052921 -0.5325048566 -0.0386706367 0.5378413200 0.8421587348
-20.1 -191.0 2884.3 0.3944989145 -0.9081687927 -0.1400002837 0.9163564444 0.3774952590 0.1333725452 -0.0682753399 -0.1809054911 0.9811277390
-109.5 -398.5 2899.7 0.2529258728 -0.9081687927 -0.3335535526 0.8391972780 0.3774952590 -0.3914654851 0.4814316034 -0.1809054911 0.8576111197
251.5 -164.4 2873.7 0.5792421103 0.7073342204 0.4051628113 -0.7928751707 0.3734734356 0.4815252125 0.1892817169 -0.6001632214 0.7771592736
394.5 -360.1 2920.4 -0.1841879040 0.7073342204 0.6824610829 -0.7223267555 0.3734734356 -0.5820323229 -0.6665724516 -0.6001632214 0.4421371520
41.8 -507.2 2670.9 0.9619952440 0.2726148665 -0.0156950317 -0.0132930567 -0.0106556797 -0.9998548627 -0.2727425396 0.9620642066 -0.0066268281
-86.2 -502.2 2219.0 0.9619952440 0.0270095076 0.2717272341 -0.0132930567 0.9985485077 -0.0521936864 -0.2727425396 0.0465979911 0.9609579444
220.2 -492.6 2663.9 0.9783092737 -0.2039794922 0.0361024030 0.0429716036 0.0293462090 -0.9986451864 0.2026436776 0.9785352349 0.0374749936
309.9 -505.5 2233.7 0.9783092737 -0.0461323895 -0.2019475698 0.0429716036 0.9988758564 -0.0200102068 0.2026436776 0.0108981598 0.9791918993
-173.6 -611.4 2777.6 0 0 0 0 0 0 0 0 0
347.8 -543.4 2751.3 0 0 0 0 0 0 0 0 0
-96.3 -874.8 2201.6 0 0 0 0 0 0 0 0 0
327.1 -878.4 2229.6 0 0 0 0 0 0 0 0 0
102.9 -5.8 2980.2 0 0.9920584559 -0.0399454460 0.1192661449 0.0950423926 0.8591558337 -0.5028102994 -0.0823832229 0.5101525187 0.8561292887
110.9 -178.0 2877.9 0.9920584559 -0.0399454460 0.1192661449 0.0950423926 0.8591558337 -0.5028102994 -0.0823832229 0.5101525187 0.8561292887
118.3 -340.4 2772.0 0.9919120073 -0.0385432392 0.1209340394 0.0982067958 0.8366597891 -0.5388467312 -0.0804117545 0.5463650823 0.8336780667
-24.5 -191.5 2888.9 0.3920274377 -0.9015998244 -0.1828448623 0.9183690548 0.3718844652 0.1352782100 -0.0539696477 -0.2209518403 0.9737902880
-113.5 -399.9 2901.2 0.2372008860 -0.9015998244 -0.3617368042 0.8521783948 0.3718844652 -0.3680949509 0.4663986564 -0.2209518403 0.8565351963
246.3 -164.6 2867.0 0.5866254568 0.6809859276 0.4383248985 -0.7942530513 0.3780329525 0.4756607413 0.1582170278 -0.6271756291 0.7626389265
391.0 -360.6 2906.0 -0.2124245018 0.6809859276 0.7008095384 -0.7176489830 0.3780329525 -0.5848684311 -0.6632162333 -0.6271756291 0.4084053934
50.5 -512.7 2673.7 0.9571421742 0.2888744473 -0.0207471959 -0.0148457410 -0.0226053987 -0.9996342063 -0.2892377973 0.9571000934 -0.0173480250
-86.4 -502.0 2220.3 0.9571421742 0.0276414156 0.2882964611 -0.0148457410 0.9988090396 -0.0464765020 -0.2892377973 0.0402046442 0.9564126134
228.6 -495.3 2666.8 0.9822182059 -0.1820531934 0.0458698347 0.0511079170 0.0241834149 -0.9984002709 0.1806526631 0.9829912782 0.0330577493
308.8 -505.9 2233.8 0.9822182059 -0.0544692315 -0.1796677709 0.0511079170 0.9984215498 -0.0232881624 0.1806526631 0.0136916116 0.9834516644
-173.6 -616.1 2782.9 0 0 0 0 0 0 0 0 0
337.1 -542.7 2737.7 0 0 0 0 0 0 0 0 0
-96.7 -874.8 2205.3 0 0 0 0 0 0 0 0 0
329.1 -878.6 2228.7 0 0 0 0 0 0 0 0 0
103.6 -3.6 2980.6 1 0.9913533926 -0.0286616702 0.1280506849 0.0896763727 0.8603913784 -0.5016820431 -0.0957946554 0.5088272691 0.8555221558
109.4 -175.9 2878.7 0.9913533926 -0.0286616702 0.1280506849 0.0896763727 0.8603913784 -0.5016820431 -0.0957946554 0.5088272691 0.8555221558
114.7 -338.3 2772.6 0.9912235737 -0.0274787899 0.1293085217 0.0935995504 0.8366351724 -0.5397043228 -0.0933536366 0.5470708609 0.8318645358
-26.0 -188.7 2891.5 0.3837642670 -0.9088352919 -0.1635341048 0.9228889346 0.3714092970 0.1016420424 -0.0316377878 -0.1899304092 0.9812876582
-115.4 -403.7 2898.8 0.2311248481 -0.9088352919 -0.3472747207 0.8273502588 0.3714092970 -0.4213628471 0.5119304657 -0.1899304092 0.8377670646
244.7 -163.1 2866.0 0.5850837231 0.6744527817 0.4503226280 -0.7969157696 0.3752150834 0.4734330475 0.1503403634 -0.6358671784 0.7570143342
389.1 -359.8 2903.1 -0.2244489938 0.6744527817 0.7033748031 -0.7162780762 0.3752150834 -0.5883530974 -0.6607332230 -0.6358671784 0.3988790512
37.0 -511.6 2673.2 0.9647747278 0.2616833746 -0.0270478241 -0.0217513461 -0.0231158994 -0.9994961619 -0.2621767521 0.9648768902 -0.0166096687
-85.7 -500.8 2220.7 0.9647747278 0.0316736773 0.2611638308 -0.0217513461 0.9989306927 -0.0407968350 -0.2621767521 0.0336790904 0.9644320011
214.6 -494.0 2658.8 0.9754727483 -0.2166433483 0.0389687940 0.0454706214 0.0251065344 -0.9986501336 0.2153725326 0.9759279490 0.0343416482
308.8 -504.9 2234.2 0.9754727483 -0.0478417762 -0.2148582488 0.0454706214 0.9988380671 -0.0159678906 0.2153725326 0.0058065029 0.9765146971
-174.0 -613.4 2769.1 0 0 0 0 0 0 0 0 0
332.2 -541.6 2735.4 0 0 0 0 0 0 0 0 0
-97.5 -873.7 2208.1 0 0 0 0 0 0 0 0 0
326.7 -877.8 2232.1 0 0 0 0 0 0 0 0 0
103.6 -3.3 2979.8 2 0.9973378181 -0.0216467083 0.0696325451 0.0539281480 0.8617111444 -0.5045251250 -0.0490818359 0.5069371462 0.8605844975
107.9 -175.7 2878.4 0.9973378181 -0.0216467083 0.0696325451 0.0539281480 0.8617111444 -0.5045251250 -0.0490818359 0.5069371462 0.8605844975
113.2 -338.7 2773.1 0.9971237183 -0.0274498779 0.0706453472 0.0613470823 0.8396690488 -0.5396224856 -0.0445061401 0.5424042940 0.8389378786
-28.1 -184.1 2884.4 0.3614483476 -0.9224964380 -0.1354819685 0.9304536581 0.3475038409 0.1161768436 -0.0600922257 -0.1680516154 0.9839448929
-113.0 -402.7 2898.6 0.2107888162 -0.9224964380 -0.3233702779 0.8182246685 0.3475038409 -0.4579841197 0.5348611474 -0.1680516154 0.8280593157
243.9 -167.3 2872.3 0.5507202148 0.7167277932 0.4277949333 -0.8148245811 0.3504849374 0.4617587924 0.1810196936 -0.6028777361 0.7770265937
379.7 -368.2 2917.0 -0.2142983824 0.7167277932 0.6636093855 -0.7119929790 0.3504849374 -0.6084622145 -0.6686869264 -0.6028777361 0.4351968169
31.3 -509.1 2674.8 0.9681239724 0.2492907792 -0.0242924076 -0.0202099159 -0.0189232435 -0.9996166825 -0.2496549189 0.9682437778 -0.0132819004
-85.8 -500.2 2220.1 0.9681239724 0.0308579113 0.2485634834 -0.0202099159 0.9987699986 -0.0452771783 -0.2496549189 0.0388104729 0.9675568342
208.8 -492.3 2658.1 0.9726799726 -0.2292182744 0.0367776416 0.0448090434 0.0299306531 -0.9985470772 0.2277844697 0.9729147553 0.0393840000
308.4 -505.3 2235.2 0.9726799726 -0.0467671081 -0.2273905277 0.0448090434 0.9989007115 -0.0137685491 0.2277844697 0.0032032405 0.9737063050
-166.4 -610.2 2763.0 0 0 0 0 0 0 0 0 0
325.3 -548.9 2747.3 0 0 0 0 0 0 0 0 0
-97.3 -873.0 2205.6 0 0 0 0 0 0 0 0 0
325.9 -878.2 2234.0 0 0 0 0 0 0 0 0 0
104.0 -0.9 2981.4 3 0.9969087839 -0.0304777380 0.0724153519 0.0631399602 0.8592984080 -0.5075623989 -0.0467570461 0.5105656981 0.8585665226
110.1 -173.7 2878.7 0.9969087839 -0.0304777380 0.0724153519 0.0631399602 0.8592984080 -0.5075623989 -0.0467570461 0.5105656981 0.8585665226
117.3 -336.7 2773.5 0.9965880513 -0.0372435153 0.0736561045 0.0711861253 0.8394934535 -0.5386866331 -0.0417712331 0.5420919061 0.8392803669
-25.9 -183.5 2884.4 0.3664444387 -0.9184871912 -0.1486599296 0.9281333685 0.3495969474 0.1278689504 -0.0654749423 -0.1848330945 0.9805864096
-110.9 -398.8 2899.6 0.2026164234 -0.9184871912 -0.3395995796 0.8174215555 0.3495969474 -0.4578253031 0.5392296314 -0.1848330945 0.8216252923
246.2 -164.0 2873.0 0.5584771037 0.7148861885 0.4207625091 -0.8090601563 0.3574672341 0.4665177763 0.1830982864 -0.6009616852 0.7780231833
383.9 -363.6 2918.2 -0.2055269629 0.7148861885 0.6683534980 -0.7140638232 0.3574672341 -0.6019385457 -0.6692320108 -0.6009616852 0.4370051920
29.3 -507.1 2671.8 0.9688995481 0.2464013100 -0.0228039194 -0.0200990047 -0.0134874377 -0.9997070432 -0.2466366887 0.9690740108 -0.0081155514
-85.8 -500.8 2219.1 0.9688995481 0.0304229204 0.2455770224 -0.0200990047 0.9988099933 -0.0444373786 -0.2466366887 0.0381195024 0.9683580399
207.6 -496.1 2663.9 0.9722502828 -0.2320426404 0.0297585372 0.0363600999 0.0242239870 -0.9990451336 0.2311001867 0.9724039435 0.0319888704
309.9 -506.8 2235.4 0.9722502828 -0.0410715640 -0.2303095311 0.0363600999 0.9990342855 -0.0246658530 0.2311001867 0.0156073058 0.9728047848
-162.3 -606.2 2762.8 0 0 0 0 0 0 0 0 0
331.8 -544.9 2748.3 0 0 0 0 0 0 0 0 0
-97.1 -873.7 2204.9 0 0 0 0 0 0 0 0 0
325.2 -879.7 2229.6 0 0 0 0 0 0 0 0 0
100.3 -22.6 2992.2 4 0.9981007576 -0.0428595468 0.0442486964 0.0602838434 0.8273870349 -0.5583874583 -0.0126785636 0.5599943995 0.8283993602
108.9 -187.2 2880.8 0.9981007576 -0.0428595468 0.0442486964 0.0602838434 0.8273870349 -0.5583874583 -0.0126785636 0.5599943995 0.8283993602
118.0 -343.5 2766.5 0.9978777766 -0.0462146066 0.0458704606 0.0643726438 0.8062005043 -0.5881300569 -0.0098005887 0.5898346901 0.8074645400
-27.3 -195.9 2882.1 0.3784775734 -0.9134002328 -0.1498491615 0.9219837189 0.3577041924 0.1483029574 -0.0818582773 -0.1942878217 0.9775231481
-110.2 -397.9 2900.1 0.2009069175 -0.9134002328 -0.3540288806 0.8112564683 0.3577041924 -0.4625047445 0.5490895510 -0.1942878217 0.8128671050
245.1 -178.6 2879.4 0.5478867888 0.7336343527 0.4019958377 -0.8230378032 0.3866921067 0.4160264730 0.1497627199 -0.5587931871 0.8156723380
380.2 -381.6 2916.3 -0.1915615052 0.7336343527 0.6519852877 -0.6712726951 0.3866921067 -0.6323465705 -0.7160287499 -0.5587931871 0.4183934033
35.4 -506.0 2672.0 0.9657252431 0.2588072717 -0.0198388044 -0.0180064812 -0.0094486894 -0.9997932315 -0.2589412034 0.9658827782 -0.0044646296
-86.5 -501.6 2217.4 0.9657252431 0.0272056106 0.2581368387 -0.0180064812 0.9991179705 -0.0379345343 -0.2589412034 0.0319861993 0.9653633237
213.7 -493.2 2664.6 0.9753986597 -0.2188858688 0.0261988193 0.0338857546 0.0314378627 -0.9989311099 0.2178282738 0.9752438664 0.0380815640
310.0 -507.1 2235.5 0.9753986597 -0.0380290113 -0.2171432674 0.0338857546 0.9991661906 -0.0227738228 0.2178282738 0.0148554938 0.9758740664
-161.2 -603.7 2760.7 0 0 0 0 0 0 0 0 0
331.7 -551.6 2735.0 0 0 0 0 0 0 0 0 0
-96.6 -874.5 2205.5 0 0 0 0 0 0 0 0 0
324.2 -880.1 2230.0 0 0 0 0 0 0 0 0 0
99.0 -25.7 2997.6 5 0.9979413152 -0.0433413908 0.0472719818 0.0625867918 0.8190476298 -0.5703015327 -0.0140003450 0.5720860958 0.8200740814
107.6 -188.3 2884.0 0.9979413152 -0.0433413908 0.0472719818 0.0625867918 0.8190476298 -0.5703015327 -0.0140003450 0.5720860958 0.8200740814
116.8 -342.8 2767.2 0.9976933599 -0.0470250845 0.0489556193 0.0670213103 0.7968802452 -0.6004082561 -0.0107775172 0.6023043394 0.7981937528
-28.6 -197.4 2885.5 0.3680129349 -0.9249812365 -0.0947429910 0.9284400940 0.3600035310 0.0916318670 -0.0506499447 -0.1216849089 0.9912756085
-112.1 -408.1 2897.0 0.2410061061 -0.9249812365 -0.2938125432 0.8033165336 0.3600035310 -0.4744260013 0.5446086526 -0.1216849089 0.8298157454
243.9 -179.2 2882.5 0.5499283671 0.7317929268 0.4025641680 -0.8240235448 0.3967517912 0.4044418037 0.1362495869 -0.5541363955 0.8211996555
379.6 -382.6 2916.2 -0.1916229725 0.7317929268 0.6540334821 -0.6604987383 0.3967517912 -0.6374397278 -0.7259628177 -0.5541363955 0.4073215723
37.8 -505.4 2653.1 0.9610460997 0.2760624886 -0.0134149753 -0.0113497563 -0.0090773655 -0.9998943806 -0.2761550844 0.9610968232 -0.0055905245
-87.7 -501.3 2216.4 0.9610460997 0.0177565310 0.2758172452 -0.0113497563 0.9996278286 -0.0248073097 -0.2761550844 0.0207105074 0.9608899355
216.4 -494.0 2651.3 0.9748999476 -0.2219920754 0.0170182157 0.0249124803 0.0328093022 -0.9991511106 0.2212452739 0.9744963050 0.0375161618
311.2 -508.0 2235.4 0.9748999476 -0.0281676725 -0.2208544463 0.0249124803 0.9995362759 -0.0175112356 0.2212452739 0.0115696713 0.9751495719
-173.2 -611.8 2758.9 0 0 0 0 0 0 0 0 0
331.0 -550.0 2732.1 0 0 0 0 0 0 0 0 0
-94.3 -874.4 2208.6 0 0 0 0 0 0 0 0 0
321.7 -881.1 2231.1 0 0 0 0 0 0 0 0 0
97.7 -20.6 2990.8 6 0.9975047112 -0.0417399742 0.0569399334 0.0662171170 0.8328744769 -0.5494864583 -0.0244882666 0.5518857241 0.8335601091
106.0 -186.4 2880.9 0.9975047112 -0.0417399742 0.0569399334 0.0662171170 0.8328744769 -0.5494864583 -0.0244882666 0.5518857241 0.8335601091
114.8 -343.5 2767.4 0.9972717166 -0.0447775759 0.0586862527 0.0706400573 0.8096544743 -0.5826402307 -0.0214263704 0.5851962566 0.8106085658
-30.2 -196.0 2883.9 0.3577890396 -0.9276750684 -0.1067986861 0.9325611591 0.3490737081 0.0920721143 -0.0481323898 -0.1325386912 0.9900084734
-112.5 -410.6 2894.9 0.2205100954 -0.9276750684 -0.3013208508 0.7986273170 0.3490737081 -0.4902468026 0.5599728823 -0.1325386912 0.8178409338
242.3 -176.8 2878.0 0.5544285774 0.7251592278 0.4083540738 -0.8187460899 0.3872970045 0.4238583148 0.1492104381 -0.5693374872 0.8084498048
379.1 -378.9 2914.8 -0.1955900490 0.7251592278 0.6602186561 -0.6769151688 0.3872970045 -0.6259288192 -0.7095987201 -0.5693374872 0.4151198566
36.7 -503.4 2651.4 0.9618286490 0.2732135952 -0.0154913832 -0.0158029385 -0.0010604212 -0.9998745918 -0.2731957436 0.9619528055 0.0032976342
-86.8 -502.9 2216.6 0.9618286490 0.0233069155 0.2726581097 -0.0158029385 0.9994343519 -0.0296855774 -0.2731957436 0.0242436398 0.9616529346
215.4 -491.4 2649.5 0.9741144776 -0.2248215526 0.0235849340 0.0338032432 0.0417100117 -0.9985577464 0.2235135883 0.9735068083 0.0482300222
311.0 -509.2 2235.3 0.9741144776 -0.0384523198 -0.2227608562 0.0338032432 0.9991245270 -0.0246471837 0.2235135883 0.0164791383 0.9745615125
-168.4 -613.1 2752.9 0 0 0 0 0 0 0 0 0
329.5 -550.6 2734.9 0 0 0 0 0 0 0 0 0
-95.5 -875.9 2207.5 0 0 0 0 0 0 0 0 0
325.4 -882.1 2229.2 0 0 0 0 0 0 0 0 0
84.0 -16.4 2998.4 7 0.9953705072 -0.0671643093 0.0687495098 0.0940312520 0.8285564780 -0.5519531369 -0.0198913030 0.5558624864 0.8310362697
97.4 -181.4 2887.7 0.9953705072 -0.0671643093 0.0687495098 0.0940312520 0.8285564780 -0.5519531369 -0.0198913030 0.5558624864 0.8310362697
111.0 -338.0 2774.0 0.9950039983 -0.0699184090 0.0712632164 0.0984047949 0.8072494268 -0.5819491744 -0.0168382376 0.5860543847 0.8100967407
-38.5 -194.9 2890.0 0.3234755099 -0.9417477250 -0.0920587033 0.9462115169 0.3212250471 0.0387066230 -0.0068803108 -0.0996276513 0.9950010180
-112.2 -410.6 2891.5 0.2148130834 -0.9417477250 -0.2587789297 0.8024429083 0.3212250471 -0.5028914809 0.5567231774 -0.0996276513 0.8247021437
233.3 -168.0 2885.4 0.5761789680 0.7168699503 0.3925751448 -0.8032823205 0.4080320299 0.4338748157 0.1508485973 -0.5653382540 0.8109484315
375.5 -366.3 2922.6 -0.1735469252 0.7168699503 0.6752620935 -0.6809086800 0.4080320299 -0.6081719995 -0.7115088105 -0.5653382540 0.4173102677
34.2 -506.8 2655.9 0.9638904929 0.2656852603 -0.0180689450 -0.0166073646 -0.0077468795 -0.9998320937 -0.2657805979 0.9640287161 -0.0030548119
-86.9 -503.3 2216.3 0.9638904929 0.0236055553 0.2652506530 -0.0166073646 0.9994531274 -0.0285954643 -0.2657805979 0.0231577829 0.9637553692
212.9 -494.2 2652.0 0.9737409353 -0.2256366163 0.0302765723 0.0379729792 0.0298471469 -0.9988329411 0.2244696170 0.9737542272 0.0376314856
309.6 -507.0 2234.5 0.9737409353 -0.0418948047 -0.2237708122 0.0379729792 0.9990409017 -0.0218025651 0.2244696170 0.0127328066 0.9743978977
-166.7 -614.2 2750.3 0 0 0 0 0 0 0 0 0
331.5 -539.0 2742.1 0 0 0 0 0 0 0 0 0
-95.7 -876.4 2207.7 0 0 0 0 0 0 0 0 0
325.2 -880.0 2229.7 0 0 0 0 0 0 0 0 0
78.2 -13.2 3011.7 8 0.9961292148 -0.0707003251 0.0522302985 0.0878683701 0.8170351386 -0.5698532462 -0.0023851844 0.5722368360 0.8200849295
92.4 -177.3 2896.7 0.9961292148 -0.0707003251 0.0522302985 0.0878683701 0.8170351386 -0.5698532462 -0.0023851844 0.5722368360 0.8200849295
107.0 -332.0 2780.5 0.9956619740 -0.0753209963 0.0546262227 0.0930345133 0.7973212600 -0.5963416696 0.0013623971 0.5988368392 0.8008699417
-43.6 -190.0 2896.5 0.2949125767 -0.9537879229 -0.0575771816 0.9553732872 0.2954011559 0.0000264616 0.0169831272 -0.0550155081 0.9983410835
-112.6 -413.6 2892.6 0.2058289796 -0.9537879229 -0.2189131975 0.7756901979 0.2954011559 -0.5577121377 0.5966063142 -0.0550155081 0.8006461263
228.4 -164.6 2896.9 0.5692341328 0.7283379436 0.3814398348 -0.8090729713 0.4137331843 0.4174036682 0.1461965889 -0.5462130904 0.8247895837
368.9 -364.3 2933.0 -0.1652669013 0.7283379436 0.6649892926 -0.6675373316 0.4137331843 -0.6190466881 -0.7260032892 -0.5462130904 0.4178163409
35.5 -503.4 2661.8 0.9643322229 0.2642482817 -0.0153697664 -0.0157661177 -0.0006209203 -0.9998754859 -0.2642249465 0.9644544721 0.0035673962
-86.1 -503.1 2218.1 0.9643322229 0.0253414121 0.2634790242 -0.0157661177 0.9991382957 -0.0383931920 -0.2642249465 0.0328697488 0.9639008045
213.7 -485.8 2658.7 0.9751874208 -0.2192148417 0.0308922380 0.0421912447 0.0470491871 -0.9980011582 0.2173232138 0.9745415449 0.0551307239
309.1 -506.3 2234.7 0.9751874208 -0.0463044457 -0.2164841294 0.0421912447 0.9988310933 -0.0235858057 0.2173232138 0.0138668474 0.9760012031
-164.8 -610.2 2741.3 0 0 0 0 0 0 0 0 0
326.9 -533.7 2748.8 0 0 0 0 0 0 0 0 0
-95.5 -876.1 2205.8 0 0 0 0 0 0 0 0 0
326.4 -879.2 2229.5 0 0 0 0 0 0 0 0 0
74.0 -7.4 3006.8 9 0.9935094118 -0.0833741054 0.0773808658 0.1122531295 0.8286138773 -0.5484508276 -0.0183922630 0.5535773039 0.8325946927
90.8 -174.5 2895.2 0.9935094118 -0.0833741054 0.0773808658 0.1122531295 0.8286138773 -0.5484508276 -0.0183922630 0.5535773039 0.8325946927
107.4 -331.6 2782.6 0.9931792617 -0.0847374424 0.0800908655 0.1154714525 0.8100584745 -0.5748665929 -0.0161655582 0.5801938176 0.8143180013
-44.8 -190.2 2897.4 0.2886383533 -0.9553553462 -0.0631193891 0.9572188854 0.2893554568 -0.0023323172 0.0204921309 -0.0597458705 0.9980032444
-111.6 -411.7 2892.7 0.2010240257 -0.9553553462 -0.2165305763 0.7847693563 0.2893554568 -0.5480971336 0.5862818360 -0.0597458705 0.8079010248
226.5 -158.8 2892.9 0.5898014903 0.7104597688 0.3839025199 -0.7921386361 0.4165636003 0.4460842311 0.1570050716 -0.5672051311 0.8084724545
372.0 -354.2 2931.7 -0.1603775173 0.7104597688 0.6852196455 -0.6889414191 0.4165636003 -0.5931563377 -0.7068513036 -0.5672051311 0.4226577580
32.5 -495.0 2664.2 0.9665032625 0.2563728988 -0.0120150819 -0.0174573977 0.0189627726 -0.9996677637 -0.2560598850 0.9663919210 0.0228031855
-85.7 -503.7 2218.5 0.9665032625 0.0295692310 0.2549452484 -0.0174573977 0.9986145496 -0.0496405922 -0.2560598850 0.0435271151 0.9656804204
210.9 -478.4 2664.5 0.9742814898 -0.2241195291 0.0233682115 0.0388629958 0.0649758503 -0.9971297979 0.2219578773 0.9723932147 0.0720147192
310.2 -507.2 2233.7 0.9742814898 -0.0393157750 -0.2218781263 0.0388629958 0.9992240071 -0.0064078793 0.2219578773 -0.0023797706 0.9750533700
-162.6 -610.8 2744.0 0 0 0 0 0 0 0 0 0
331.3 -529.0 2752.4 0 0 0 0 0 0 0 0 0
-96.8 -876.5 2202.2 0 0 0 0 0 0 0 0 0
324.8 -880.1 2234.5 0 0 0 0 0 0 0 0 0
74.9 -6.9 3003.9 0 0.9913468957 -0.0752817988 0.1075358689 0.1219438985 0.8313874602 -0.5421481133 -0.0485900864 0.5505701900 0.8333735466
90.0 -174.0 2893.3 0.9913468957 -0.0752817988 0.1075358689 0.1219438985 0.8313874602 -0.5421481133 -0.0485900864 0.5505701900 0.8333735466
104.1 -331.6 2780.9 0.9913033247 -0.0721108317 0.1100804284 0.1224295944 0.8121063113 -0.5705211163 -0.0482562557 0.5790365934 0.8138722181
-45.3 -190.7 2899.9 0.2855138183 -0.9573561549 -0.0441702716 0.9580539465 0.2863071561 -0.0126843648 0.0247897189 -0.0386959426 0.9989435077
-111.4 -412.6 2894.1 0.2117799819 -0.9573561549 -0.1965156347 0.7865517139 0.2863071561 -0.5471422672 0.5800738335 -0.0386959426 0.8136442304
225.4 -157.3 2886.7 0.5999664068 0.6891247034 0.4063833356 -0.7873822451 0.4186821580 0.4524759352 0.1416669041 -0.5914493799 0.7937998176
373.4 -351.6 2921.6 -0.1778599918 0.6891247034 0.7024763227 -0.6935008764 0.4186821580 -0.5863119960 -0.6981563568 -0.5914493799 0.4034417868
35.0 -499.1 2671.5 0.9656663537 0.2595455945 -0.0111610238 -0.0143942554 0.0105600059 -0.9998406172 -0.2593863606 0.9656731486 0.0139334081
-87.1 -504.0 2217.5 0.9656663537 0.0235116351 0.2587192953 -0.0143942554 0.9992086887 -0.0370787233 -0.2593863606 0.0320816040 0.9652406573
212.8 -478.5 2668.5 0.9755916595 -0.2180624753 0.0258785840 0.0415746942 0.0677014291 -0.9968390465 0.2156211734 0.9735836983 0.0751148313
310.4 -508.7 2233.0 0.9755916595 -0.0431685522 -0.2153077424 0.0415746942 0.9990642071 -0.0119281886 0.2156211734 0.0026856877 0.9764733911
-165.2 -612.2 2747.0 0 0 0 0 0 0 0 0 0
328.3 -527.6 2744.5 0 0 0 0 0 0 0 0 0
-95.8 -877.0 2205.5 0 0 0 0 0 0 0 0 0
326.5 -881.7 2232.0 0 0 0 0 0 0 0 0 0
75.7 -5.6 3003.4 1 0.9913267493 -0.0732918680 0.1090849414 0.1207951829 0.8351139426 -0.5366499424 -0.0517662801 0.5451723933 0.8367241621
90.4 -173.6 2893.7 0.9913267493 -0.0732918680 0.1090849414 0.1207951829 0.8351139426 -0.5366499424 -0.0517662801 0.5451723933 0.8367241621
104.1 -332.1 2782.6 0.9912527800 -0.0706197396 0.1114935502 0.1216446236 0.8165630698 -0.5642936230 -0.0511912517 0.5729202032 0.8180109262
-45.0 -190.2 2900.7 0.2862671614 -0.9568134546 -0.0505879782 0.9575171471 0.2875975370 -0.0211804193 0.0348146893 -0.0423755981 0.9984949827
-111.5 -412.7 2892.7 0.2139217257 -0.9568134546 -0.1968388259 0.7952799797 0.2875975370 -0.5336829424 0.5672453642 -0.0423755981 0.8224579096
225.8 -157.0 2886.7 0.5999796987 0.6881095171 0.4080804884 -0.7864555717 0.4137913287 0.4585458934 0.1466696113 -0.5960553885 0.7894339561
373.9 -351.1 2922.9 -0.1797030270 0.6881095171 0.7030022144 -0.6986838579 0.4137913287 -0.5836245418 -0.6924937963 -0.5960553885 0.4064114690
29.4 -500.1 2672.9 0.9687800407 0.2475888431 -0.0128463237 -0.0143306013 0.0041936822 -0.9998885393 -0.2475073785 0.9688560963 0.0076108528
-86.6 -502.1 2219.0 0.9687800407 0.0261065904 0.2465435266 -0.0143306013 0.9986743331 -0.0494386591 -0.2475073785 0.0443620682 0.9678698778
206.9 -478.2 2664.3 0.9720568061 -0.2336732149 0.0224139299 0.0394105092 0.0683225691 -0.9968845844 0.2314138412 0.9699117541 0.0756226033
310.5 -508.5 2234.0 0.9720568061 -0.0451632515 -0.2303602248 0.0394105092 0.9987871051 -0.0295155924 0.2314138412 0.0196122173 0.9726576805
-165.8 -614.5 2748.7 0 0 0 0 0 0 0 0 0
328.3 -528.4 2747.2 0 0 0 0 0 0 0 0 0
-96.4 -874.8 2202.4 0 0 0 0 0 0 0 0 0
327.4 -881.3 2226.7 0 0 0 0 0 0 0 0 0
74.1 -5.9 3004.7 2 0.9886540174 -0.0754010081 0.1299148351 0.1344549358 0.8298243880 -0.5415840745 -0.0669705197 0.5529069901 0.8305472732
89.3 -174.0 2892.7 0.9886540174 -0.0754010081 0.1299148351 0.1344549358 0.8298243880 -0.5415840745 -0.0669705197 0.5529069901 0.8305472732
103.5 -331.5 2780.3 0.9885149598 -0.0730613023 0.1322886199 0.1359932274 0.8118324280 -0.5678327084 -0.0659095943 0.5793014765 0.8124443293
-45.7 -192.5 2901.7 0.2889078259 -0.9516556263 -0.1043255180 0.9567729831 0.2908175886 -0.0032492627 0.0334318765 -0.0988771021 0.9945378900
-111.9 -411.7 2894.1 0.1932461411 -0.9516556263 -0.2387623936 0.8170568943 0.2908175886 -0.4978384674 0.5432071090 -0.0988771021 0.8337562084
224.3 -155.4 2883.7 0.6131927371 0.6727569103 0.4139961302 -0.7788054943 0.4272179306 0.4592894912 0.1321236193 -0.6040554643 0.7859137058
375.7 -347.6 2916.3 -0.1808545738 0.6727569103 0.7174187899 -0.6967152953 0.4272179306 -0.5762574673 -0.6941753626 -0.6040554643 0.3914557099
29.1 -501.4 2676.0 0.9699025154 0.2419093102 -0.0277299695 -0.0287205577 0.0005688723 -0.9995872974 -0.2417937070 0.9702987075 0.0074995211
-84.8 -501.7 2219.0 0.9699025154 0.0356294550 0.2408726066 -0.0287205577 0.9990708232 -0.0321340300 -0.2417937070 0.0242488813 0.9700246453
206.6 -479.7 2666.8 0.9722331762 -0.2331630290 0.0199411493 0.0362408273 0.0658327937 -0.9971722960 0.2311909348 0.9702066779 0.0724548474
310.5 -509.0 2234.5 0.9722331762 -0.0417346209 -0.2302626073 0.0362408273 0.9989496469 -0.0280386321 0.2311909348 0.0189151801 0.9727244973
-160.9 -619.0 2756.3 0 0 0 0 0 0 0 0 0
329.8 -524.5 2740.2 0 0 0 0 0 0 0 0 0
-98.1 -874.6 2210.0 0 0 0 0 0 0 0 0 0
326.1 -881.9 2227.4 0 0 0 0 0 0 0 0 0
72.5 -4.0 3005.3 3 0.9873136878 -0.0800387561 0.1371329725 0.1417636424 0.8333455920 -0.5342642069 -0.0715173185 0.5469268560 0.8341200948
88.6 -171.8 2895.2 0.9873136878 -0.0800387561 0.1371329725 0.1417636424 0.8333455920 -0.5342642069 -0.0715173185 0.5469268560 0.8341200948
103.7 -330.1 2784.0 0.9871701002 -0.0775026903 0.1396011710 0.1432667822 0.8159403801 -0.5601034760 -0.0704967082 0.5729176402 0.8165755272
-46.2 -191.3 2904.9 0.2835833728 -0.9552184939 -0.0844872594 0.9565236568 0.2880269289 -0.0458581187 0.0681391284 -0.0678094625 0.9953687191
-112.4 -414.5 2889.0 0.2022269070 -0.9552184939 -0.2160136700 0.8027420044 0.2880269289 -0.5221549869 0.5609898567 -0.0678094625 0.8250407577
223.5 -152.2 2885.6 0.6198460460 0.6672531962 0.4129940569 -0.7727878690 0.4275982976 0.4689974785 0.1363445073 -0.6098630428 0.7806902528
376.5 -343.0 2919.3 -0.1777104437 0.6672531962 0.7233202457 -0.7037516832 0.4275982976 -0.5673563480 -0.6878608465 -0.6098630428 0.3935918808
29.2 -501.3 2673.8 0.9696781039 0.2433203906 -0.0227932371 -0.0236316249 0.0005268813 -0.9997205734 -0.2432403862 0.9699458480 0.0062609613
-84.7 -501.5 2219.8 0.9696781039 0.0351549983 0.2418438941 -0.0236316249 0.9984502196 -0.0503855795 -0.2432403862 0.0431426316 0.9690061212
206.2 -476.9 2662.0 0.9713752270 -0.2368043661 0.0188108366 0.0356455483 0.0670115650 -0.9971152544 0.2348607033 0.9692435861 0.0735343918
310.6 -506.5 2234.6 0.9713752270 -0.0404838808 -0.2340752184 0.0356455483 0.9990550876 -0.0248656217 0.2348607033 0.0158101078 0.9719004631
-163.7 -618.1 2746.7 0 0 0 0 0 0 0 0 0
331.4 -521.6 2744.7 0 0 0 0 0 0 0 0 0
-97.8 -874.2 2203.7 0 0 0 0 0 0 0 0 0
325.7 -879.4 2228.7 0 0 0 0 0 0 0 0 0
72.7 -1.1 3004.2 4 0.9862514734 -0.0852537677 0.1415622681 0.1481553465 0.8356260657 -0.5289413929 -0.0731988698 0.5426424742 0.8367682695
89.8 -168.9 2895.2 0.9862514734 -0.0852537677 0.1415622681 0.1481553465 0.8356260657 -0.5289413929 -0.0731988698 0.5426424742 0.8367682695
105.7 -327.7 2784.7 0.9861667752 -0.0816304237 0.1442622989 0.1489945501 0.8179268241 -0.5556944609 -0.0726344362 0.5695016980 0.8187747598
-44.9 -189.2 2905.1 0.2847042084 -0.9550375938 -0.0827447549 0.9567514658 0.2884702384 -0.0375701413 0.0597502962 -0.0684697852 0.9958623648
-111.2 -412.3 2891.2 0.2042416036 -0.9550375938 -0.2149152309 0.8075218201 0.2884702384 -0.5144836307 0.5533478260 -0.0684697852 0.8301313519
224.6 -148.5 2885.3 0.6247782111 0.6637107134 0.4112666845 -0.7683718204 0.4290167689 0.4749203920 0.1387694329 -0.6127256751 0.7780169249
378.8 -338.2 2919.5 -0.1744545847 0.6637107134 0.7273607850 -0.7077860832 0.4290167689 -0.5612339377 -0.6845469475 -0.6127256751 0.3949212432
30.3 -501.4 2679.1 0.9694918990 0.2441863865 -0.0214107502 -0.0221606474 0.0003238456 -0.9997543693 -0.2441194654 0.9697282910 0.0057252939
-85.1 -501.5 2220.8 0.9694918990 0.0342940539 0.2427124381 -0.0221606474 0.9983725548 -0.0525464416 -0.2441194654 0.0455646850 0.9686741233
207.2 -475.7 2666.5 0.9730624557 -0.2291481197 0.0253111310 0.0425512791 0.0706096962 -0.9965960383 0.2265808880 0.9708271623 0.0784581900
308.8 -507.0 2236.1 0.9730624557 -0.0510008782 -0.2248297632 0.0425512791 0.9981996417 -0.0422720015 0.2265808880 0.0315665007 0.9734807014
-163.1 -617.2 2750.8 0 0 0 0 0 0 0 0 0
334.5 -517.9 2745.8 0 0 0 0 0 0 0 0 0
-97.9 -874.1 2203.8 0 0 0 0 0 0 0 0 0
327.8 -879.6 2224.3 0 0 0 0 0 0 0 0 0
70.9 1.4 3006.1 5 0.9799389243 -0.0932617784 0.1761305928 0.1728348881 0.8377214074 -0.5180260539 -0.0992363393 0.5380753875 0.8370346427
89.7 -167.9 2897.3 0.9799389243 -0.0932617784 0.1761305928 0.1728348881 0.8377214074 -0.5180260539 -0.0992363393 0.5380753875 0.8370346427
107.2 -327.4 2788.1 0.9797756672 -0.0898378044 0.1787983626 0.1743147075 0.8219642639 -0.5422076583 -0.0982551128 0.5624090433 0.8210006356
-44.1 -191.6 2910.8 0.2914592326 -0.9522154331 -0.0913085490 0.9532703161 0.2970609069 -0.0550500937 0.0795437470 -0.0709968731 0.9942998886
-111.3 -411.4 2892.4 0.2048246115 -0.9522154331 -0.2265670151 0.7935132384 0.2970609069 -0.5311229229 0.5730476975 -0.0709968731 0.8164409399
223.5 -144.1 2883.9 0.6483163834 0.6369975805 0.4170370698 -0.7499218583 0.4396210611 0.4943183064 0.1315412819 -0.6332198381 0.7627119422
383.5 -329.1 2916.3 -0.1715436876 0.6369975805 0.7515363097 -0.7200008631 0.4396210611 -0.5369656086 -0.6724370122 -0.6332198381 0.3832246065
33.2 -499.8 2680.6 0.9680523276 0.2501679063 -0.0170489904 -0.0180459246 0.0016917069 -0.9998357296 -0.2500979602 0.9682009816 0.0061521721
-86.0 -500.6 2219.4 0.9680523276 0.0295903832 0.2489960939 -0.0180459246 0.9986591935 -0.0485200696 -0.2500979602 0.0424766056 0.9672883749
209.9 -473.1 2667.6 0.9745796919 -0.2223577946 0.0274116024 0.0453308187 0.0758875981 -0.9960854053 0.2194071561 0.9720072150 0.0840381756
308.7 -506.8 2235.8 0.9745796919 -0.0533623248 -0.2175933123 0.0453308187 0.9980996251 -0.0417403504 0.2194071561 0.0308156144 0.9751465917
-163.2 -612.8 2747.0 0 0 0 0 0 0 0 0 0
339.9 -511.9 2745.7 0 0 0 0 0 0 0 0 0
-97.0 -873.4 2203.6 0 0 0 0 0 0 0 0 0
328.6 -879.4 2224.3 0 0 0 0 0 0 0 0 0
72.9 -1.4 3004.5 6 0.9874545932 -0.0897658020 0.1299056709 0.1453157514 0.8384844661 -0.5251924992 -0.0617795549 0.5374810696 0.8410097361
91.1 -171.3 2895.6 0.9874545932 -0.0897658020 0.1299056709 0.1453157514 0.8384844661 -0.5251924992 -0.0617795549 0.5374810696 0.8410097361
108.5 -331.0 2786.5 0.9871665239 -0.0891131312 0.1325182021 0.1479904056 0.8223168850 -0.5494486094 -0.0600088723 0.5620086789 0.8249515891
-43.5 -191.5 2903.8 0.2932914495 -0.9527984858 -0.0784551501 0.9539694190 0.2970503867 -0.0412728451 0.0626298338 -0.0627388358 0.9960629344
-111.4 -412.3 2889.3 0.2131870389 -0.9527984858 -0.2161628455 0.8017345071 0.2970503867 -0.5186355710 0.5583664179 -0.0627388358 0.8272187114
225.8 -151.2 2887.4 0.6221465468 0.6724438071 0.4009401202 -0.7678396702 0.4241210818 0.4801495075 0.1528263986 -0.6065810919 0.7801945210
379.3 -340.6 2925.1 -0.1649167240 0.6724438071 0.7215412855 -0.7130808234 0.4241210818 -0.5582446456 -0.6814090014 -0.6065810919 0.4095621109
36.9 -502.5 2687.7 0.9662716389 0.2574828267 -0.0046570995 -0.0033832220 -0.0053902376 -0.9999797344 -0.2575027347 0.9662678242 -0.0043373122
-87.6 -499.9 2220.5 0.9662716389 0.0153852701 0.2570649683 -0.0033832220 0.9988860488 -0.0470660031 -0.2575027347 0.0446088389 0.9652473330
212.4 -471.3 2670.1 0.9763196111 -0.2146680653 0.0267894417 0.0456196070 0.0832487717 -0.9954840541 0.2114684582 0.9731327295 0.0910704806
308.0 -508.4 2236.5 0.9763196111 -0.0528318286 -0.2097828686 0.0456196070 0.9981943965 -0.0390742943 0.2114684582 0.0285787880 0.9769669175
-165.5 -615.7 2747.6 0 0 0 0 0 0 0 0 0
337.4 -521.6 2752.1 0 0 0 0 0 0 0 0 0
-93.3 -872.7 2203.9 0 0 0 0 0 0 0 0 0
327.7 -881.0 2225.8 0 0 0 0 0 0 0 0 0
71.7 2.1 3016.2 7 0.9792977571 -0.0898891315 0.1813722849 0.1736548692 0.8334810734 -0.5245505571 -0.1040189713 0.5451873541 0.8318358064
89.8 -166.1 2906.3 0.9792977571 -0.0898891315 0.1813722849 0.1736548692 0.8334810734 -0.5245505571 -0.1040189713 0.5451873541 0.8318358064
107.0 -324.9 2796.0 0.9789236188 -0.0889894739 0.1838189662 0.1771089435 0.8180889487 -0.5471406579 -0.1016905159 0.5681648850 0.8166074157
-43.7 -190.2 2920.1 0.2913532257 -0.9548323154 -0.0583827868 0.9464439154 0.2965942323 -0.1275764108 0.1391300708 -0.0180862360 0.9901089668
-111.9 -411.7 2887.6 0.2115426660 -0.9618602991 -0.1734199226 0.8182491064 0.2713325024 -0.5068008304 0.5345260501 -0.0346906930 0.8444396853
223.3 -141.9 2892.4 0.6502252817 0.6330631375 0.4200454056 -0.7496813536 0.4449582100 0.4898878038 0.1232272685 -0.6334376335 0.7639186978
383.6 -326.7 2922.8 -0.1730744243 0.6330631375 0.7545040250 -0.7162153721 0.4449582100 -0.5376316309 -0.6760774851 -0.6334376335 0.3763986528
37.4 -503.8 2682.7 0.9655430913 0.2600825131 -0.0091454061 -0.0080516404 -0.0052705458 -0.9999536872 -0.2601186633 0.9655719995 -0.0029948482
-86.7 -501.3 2221.7 0.9655430913 0.0232746378 0.2592003942 -0.0080516404 0.9981876016 -0.0596382171 -0.2601186633 0.0554962792 0.9639804959
214.1 -477.3 2672.0 0.9772790074 -0.2097104192 0.0307782255 0.0465930812 0.0708937943 -0.9963950515 0.2067724466 0.9751900434 0.0790540650
307.5 -508.9 2237.5 0.9772790074 -0.0537407286 -0.2050309628 0.0465930812 0.9981312752 -0.0395348258 0.2067724466 0.0290835295 0.9779567122
-165.5 -619.3 2751.9 0 0 0 0 0 0 0 0 0
339.7 -508.5 2751.2 0 0 0 0 0 0 0 0 0
-95.4 -873.9 2201.0 0 0 0 0 0 0 0 0 0
327.6 -881.5 2226.6 0 0 0 0 0 0 0 0 0
73.3 1.1 3012.1 8 0.9847761989 -0.0832316428 0.1526050717 0.1523606628 0.8359163404 -0.5272856355 -0.0836782232 0.5425093770 0.8358717561
90.1 -167.9 2902.5 0.9847761989 -0.0832316428 0.1526050717 0.1523606628 0.8359163404 -0.5272856355 -0.0836782232 0.5425093770 0.8358717561
106.3 -326.7 2792.0 0.9843149781 -0.0838166177 0.1552377045 0.1569270492 0.8180319071 -0.5533512831 -0.0806093588 0.5690329671 0.8183541894
-44.2 -189.3 2913.5 0.2865840197 -0.9560282230 -0.0622868687 0.9544996023 0.2905123234 -0.0673281476 0.0824627131 -0.0401576199 0.9957847595
-110.8 -411.1 2894.3 0.2445416003 -0.9501472712 -0.1934414506 0.7945184708 0.3107065558 -0.5217297077 0.5558235645 -0.0261081830 0.8308901787
224.4 -146.5 2891.5 0.6318579316 0.6553637385 0.4138283134 -0.7633462548 0.4336023629 0.4788438678 0.1343799829 -0.6184555888 0.7742446065
380.2 -334.7 2924.6 -0.1738025248 0.6553637385 0.7350448966 -0.7102625966 0.4336023629 -0.5545412302 -0.6821434498 -0.6184555888 0.3901191950
36.8 -499.5 2694.8 0.9686192274 0.2475900203 -0.0218174141 -0.0237198099 0.0047030486 -0.9997075796 -0.2474150062 0.9688534737 0.0104282508
-84.4 -501.8 2220.6 0.9686192274 0.0364045985 0.2458689064 -0.0237198099 0.9982396960 -0.0543584563 -0.2474150062 0.0468206815 0.9677776694
211.8 -467.8 2676.6 0.9766939878 -0.2127630413 0.0282974895 0.0476219654 0.0862569436 -0.9951341152 0.2092869133 0.9732890725 0.0943788290
308.1 -506.8 2236.3 0.9766939878 -0.0554276556 -0.2073563039 0.0476219654 0.9979628921 -0.0424518585 0.2092869133 0.0315877609 0.9773439765
-172.8 -612.5 2753.4 0 0 0 0 0 0 0 0 0
336.1 -515.0 2751.5 0 0 0 0 0 0 0 0 0
-98.0 -874.4 2203.1 0 0 0 0 0 0 0 0 0
328.7 -879.4 2224.5 0 0 0 0 0 0 0 0 0
72.6 -0.4 2997.0 9 0.9864447713 -0.0853762552 0.1401343048 0.1457697302 0.8480779529 -0.5094261169 -0.0753519163 0.5229480863 0.8490273356
89.9 -172.8 2890.7 0.9864447713 -0.0853762552 0.1401343048 0.1457697302 0.8480779529 -0.5094261169 -0.0753519163 0.5229480863 0.8490273356
106.4 -333.5 2783.3 0.9860582352 -0.0847335756 0.1432109624 0.1495791674 0.8284311295 -0.5397480726 -0.0729056373 0.5536444187 0.8295556903
-44.7 -193.2 2900.7 0.2920375466 -0.9542782307 -0.0637740567 0.9557083249 0.2937227488 -0.0186678041 0.0365461707 -0.0554977022 0.9977897406
-111.0 -410.2 2892.4 0.2594626844 -0.9456113577 -0.1962097734 0.8182492852 0.3231654167 -0.4754284620 0.5129787922 -0.0371925607 0.8575952053
224.6 -152.3 2880.8 0.6258302927 0.6644348502 0.4084884226 -0.7644502521 0.4186113477 0.4902859926 0.1547652185 -0.6191049218 0.7699070573
379.0 -340.9 2919.0 -0.1712688357 0.6644348502 0.7274567485 -0.7210677266 0.4186113477 -0.5521103740 -0.6713629961 -0.6191049218 0.4074074626
