57.7 6.4 3182.4 9 0.9941655397 0.1078130454 -0.0033582151 -0.0894286558 0.8064323664 -0.5845249295 -0.0603112355 0.5814148188 0.8113688231
34.9 -164.5 3059.2 0.9941655397 0.1078130454 -0.0033582151 -0.0894286558 0.8064323664 -0.5845249295 -0.0603112355 0.5814148188 0.8113688231
14.7 -319.4 2936.7 0.9947431684 0.1020832807 -0.0080622416 -0.0850627571 0.7799160480 -0.6200768352 -0.0570116118 0.6175030470 0.7844996452
-110.3 -152.0 3067.6 0.3952824175 -0.9164054394 0.0628715977 0.7997760773 0.3770238161 0.4671309292 -0.4517854154 -0.1343654394 0.8819500208
-220.6 -375.1 3193.6 -0.1811891049 -0.9164054394 -0.3568914831 -0.0914361402 0.3770238161 -0.9216791391 0.9791883826 -0.1343654394 -0.1521051824
180.1 -177.0 3050.9 0.4045231938 0.8473032117 0.3441486359 -0.8869110346 0.2716899812 0.3735952377 0.2230467051 -0.4563571811 0.8613874316
257.1 -345.9 3093.4 -0.4237516522 0.8473032117 0.3201747239 -0.1721683890 0.2716899812 -0.9468593597 -0.8892651796 -0.4563571811 0.0307497438
-107.5 -477.3 2831.4 0.9830442667 0.1032806784 -0.1515159309 -0.1497439444 -0.0247452818 -0.9884151220 -0.1058334857 0.9943444133 -0.0088600516
-152.3 -466.6 2399.9 0.9830442667 0.1509425193 0.1041169167 -0.1497439444 0.9885368347 -0.0192793962 -0.1058334857 0.0033616233 0.9943782091
74.4 -493.5 2815.5 0.9908759594 -0.0091861561 0.1344637573 0.1340016574 -0.0397251137 -0.9901845455 0.0144375777 0.9991683960 -0.0381316990
78.4 -476.2 2379.2 0.9908759594 -0.1345860660 -0.0071747010 0.1340016574 0.9894799590 -0.0545253679 0.0144375777 0.0530664511 0.9984866381
-174.0 -351.6 2941.9 0 0 0 0 0 0 0 0 0
147.4 -390.5 2863.3 0 0 0 0 0 0 0 0 0
-205.2 -813.2 2398.8 0 0 0 0 0 0 0 0 0
129.8 -854.2 2358.9 0 0 0 0 0 0 0 0 0
57.7 5.9 3185.1 0 0.9924605489 0.1183482558 0.0318715759 -0.0757176951 0.7965094447 -0.5998662114 -0.0963791311 0.5929303169 0.7994652390
32.5 -163.6 3058.9 0.9924605489 0.1183482558 0.0318715759 -0.0757176951 0.7965094447 -0.5998662114 -0.0963791311 0.5929303169 0.7994652390
11.7 -317.1 2934.6 0.9941462874 0.1045121253 0.0273939203 -0.0638470948 0.7728269100 -0.6313969493 -0.0871593952 0.6259518862 0.7749757767
-112.6 -154.3 3071.6 0.3659240901 -0.9272436500 0.0794909447 0.8141781092 0.3603340387 0.4552729130 -0.4507921934 -0.1018755361 0.8867963552
-214.6 -381.4 3197.3 -0.1503592581 -0.9272436500 -0.3429450989 -0.1091143861 0.3603340387 -0.9264196754 0.9825915694 -0.1018755361 -0.1553551853
177.6 -172.9 3046.2 0.4120857418 0.8407996893 0.3510572314 -0.8906615376 0.2904835045 0.3497733176 0.1921129674 -0.4568097591 0.8685720563
256.6 -343.8 3083.1 -0.4166398048 0.8407996893 0.3456401527 -0.1915414333 0.2904835045 -0.9375132918 -0.8886637092 -0.4568097591 0.0400209874
-96.7 -466.5 2819.3 0.9801696539 0.1285676658 -0.1507906467 -0.1521846950 0.0010317451 -0.9883515239 -0.1269144714 0.9917001724 0.0205773171
-150.6 -466.9 2403.4 0.9801696539 0.1556228548 0.1226743460 -0.1521846950 0.9876602292 -0.0369733870 -0.1269144714 0.0175710339 0.9917580485
85.6 -482.2 2808.9 0.9914288521 0.0120244194 0.1300933659 0.1302444637 -0.0127751008 -0.9913995862 -0.0102590490 0.9998461008 -0.0142317172
80.4 -476.6 2375.7 0.9914288521 -0.1294636875 0.0175506007 0.1302444637 0.9899574518 -0.0549598075 -0.0102590490 0.0567746051 0.9983342886
-176.0 -353.3 2944.8 0 0 0 0 0 0 0 0 0
148.6 -393.4 2852.6 0 0 0 0 0 0 0 0 0
-205.0 -812.0 2397.3 0 0 0 0 0 0 0 0 0
129.9 -854.9 2354.0 0 0 0 0 0 0 0 0 0
60.5 7.6 3172.4 1 0.9909873009 0.1335295886 -0.0106756371 -0.1165081710 0.8198426366 -0.5606102943 -0.0661057159 0.5568014979 0.8280109763
32.2 -166.2 3054.4 0.9909873009 0.1335295886 -0.0106756371 -0.1165081710 0.8198426366 -0.5606102943 -0.0661057159 0.5568014979 0.8280109763
8.0 -323.6 2935.9 0.9925075769 0.1210197955 -0.0168208033 -0.1068748087 0.7931689024 -0.5995505452 -0.0592157468 0.5968561769 0.8001601100
-112.5 -150.7 3062.9 0.4097827077 -0.9088808894 0.0775476545 0.7796765566 0.3931154907 0.4874060452 -0.4734792113 -0.1392684728 0.8697251081
-226.7 -367.9 3194.8 -0.1773992628 -0.9088808894 -0.3774453700 -0.0621934980 0.3931154907 -0.9173833132 0.9821718335 -0.1392684728 -0.1262648851
176.9 -181.7 3045.9 0.4307081103 0.8479188085 0.3090698719 -0.8681764603 0.2957412004 0.3985056877 0.2464957684 -0.4399667978 0.8635212779
257.6 -344.2 3092.0 -0.3918166161 0.8479188085 0.3570901752 -0.2094201744 0.2957412004 -0.9320302010 -0.8958922625 -0.4399667978 0.0616949946
-100.1 -464.8 2818.3 0.9810903072 0.1294519156 -0.1438888162 -0.1463263184 0.0094692614 -0.9891910553 -0.1266901642 0.9915404916 0.0282324236
-154.4 -468.8 2402.9 0.9810903072 0.1494686753 0.1229670793 -0.1463263184 0.9886432290 -0.0342519395 -0.1266901642 0.0156109259 0.9918195009
82.0 -476.5 2802.3 0.9914060831 0.0051428517 0.1307191849 0.1307190806 0.0003566172 -0.9914193749 -0.0051453398 0.9999867082 -0.0003187165
79.8 -476.7 2374.2 0.9914060831 -0.1302607059 0.0120872036 0.1307190806 0.9900354147 -0.0523674376 -0.0051453398 0.0534974262 0.9985547066
-181.1 -351.9 2942.6 0 0 0 0 0 0 0 0 0
155.9 -398.6 2859.6 0 0 0 0 0 0 0 0 0
-206.3 -812.6 2397.5 0 0 0 0 0 0 0 0 0
129.6 -855.0 2353.7 0 0 0 0 0 0 0 0 0
60.2 7.2 3180.1 2 0.9917737842 0.1277834326 -0.0074945600 -0.1098542288 0.8196427822 -0.5622434616 -0.0657025427 0.5584416389 0.8269377947
33.0 -167.1 3061.3 0.9917737842 0.1277834326 -0.0074945600 -0.1098542288 0.8196427822 -0.5622434616 -0.0657025427 0.5584416389 0.8269377947
8.2 -324.8 2943.1 0.9921414852 0.1244273335 -0.0131562287 -0.1075016931 0.7939039469 -0.5984646678 -0.0640205815 0.5951759219 0.8010411859
-111.8 -151.5 3070.6 0.4076917470 -0.9094378352 0.0819163546 0.7787113190 0.3931286335 0.4889361560 -0.4768607020 -0.1355460435 0.8684648275
-225.5 -368.6 3203.6 -0.1729105413 -0.9094378352 -0.3781861961 -0.0610583238 0.3931286335 -0.9174539447 0.9830431342 -0.1355460435 -0.1235048324
177.8 -182.8 3052.0 0.4298599064 0.8188825846 0.3803312182 -0.8904812336 0.3148894608 0.3284628391 0.1492101997 -0.4798707962 0.8645578623
255.8 -344.4 3079.1 -0.4228785634 0.8188825846 0.3880786896 -0.2342983335 0.3148894608 -0.9197548032 -0.8753730655 -0.4798707962 0.0587028041
-107.1 -471.3 2822.7 0.9825269580 0.1117179990 -0.1488619149 -0.1495109648 -0.0025927690 -0.9887566566 -0.1108478829 0.9937365651 0.0141556002
-154.6 -470.2 2400.0 0.9825269580 0.1508366615 0.1090370789 -0.1495109648 0.9885520339 -0.0202805717 -0.1108478829 0.0036239701 0.9938308001
74.7 -490.8 2812.0 0.9901911616 -0.0097418297 0.1393793821 0.1391202807 -0.0235398579 -0.9899956584 0.0129253399 0.9996754527 -0.0219536722
78.9 -480.5 2375.7 0.9901911616 -0.1396460235 -0.0045281644 0.1391202807 0.9884252548 -0.0605071858 0.0129253399 0.0592837222 0.9981575012
-181.1 -352.9 2950.9 0 0 0 0 0 0 0 0 0
146.1 -405.2 2852.1 0 0 0 0 0 0 0 0 0
-206.4 -809.8 2398.7 0 0 0 0 0 0 0 0 0
132.3 -858.2 2353.0 0 0 0 0 0 0 0 0 0
62.8 4.0 3169.4 3 0.9902986288 0.1345603764 -0.0346726254 -0.1307106763 0.8174003363 -0.5610448718 -0.0471529961 0.5601340532 0.8270589113
34.2 -170.0 3050.2 0.9902986288 0.1345603764 -0.0346726254 -0.1307106763 0.8174003363 -0.5610448718 -0.0471529961 0.5601340532 0.8270589113
9.0 -326.4 2930.3 0.9910486341 0.1268494278 -0.0416156761 -0.1261068732 0.7872025371 -0.6036632061 -0.0438143723 0.6035075784 0.7961525321
-110.5 -151.6 3056.6 0.4324581027 -0.8987399340 0.0724328160 0.7740148902 0.4112432301 0.4814352691 -0.4624726176 -0.1521365047 0.8734835982
-231.1 -367.5 3185.6 -0.1951721162 -0.8987399340 -0.3926504254 -0.0644901395 0.4112432301 -0.9092414379 0.9786464572 -0.1521365047 -0.1382230818
178.8 -188.4 3043.8 0.4335351586 0.8399813771 0.3263104558 -0.8640074730 0.2845909297 0.4153300822 0.2560045719 -0.4619948566 0.8491303921
257.2 -344.5 3090.1 -0.4181572795 0.8399813771 0.3457972407 -0.2030885220 0.2845909297 -0.9368901253 -0.8853810430 -0.4619948566 0.0515868105
-107.5 -472.6 2830.7 0.9826999903 0.1048857346 -0.1526424438 -0.1524847448 -0.0095683774 -0.9882594943 -0.1051148623 0.9944382310 0.0065906304
-153.0 -468.5 2399.9 0.9826999903 0.1531583369 0.1041309610 -0.1524847448 0.9882002473 -0.0144466637 -0.1051148623 -0.0016816461 0.9944586754
74.3 -492.3 2819.0 0.9913151860 -0.0147917923 0.1306730956 0.1303060055 -0.0235354118 -0.9911944270 0.0177369881 0.9996135831 -0.0214035511
80.9 -481.8 2373.9 0.9913151860 -0.1309761554 -0.0118111661 0.1303060055 0.9904010892 -0.0461091250 0.0177369881 0.0441696122 0.9988665581
-180.9 -350.9 2934.0 0 0 0 0 0 0 0 0 0
148.7 -397.2 2860.3 0 0 0 0 0 0 0 0 0
-205.9 -810.0 2400.5 0 0 0 0 0 0 0 0 0
130.9 -860.2 2357.0 0 0 0 0 0 0 0 0 0
65.4 6.2 3165.1 4 0.9886214733 0.1393653452 -0.0566120706 -0.1476573944 0.8272272944 -0.5421183109 -0.0287214536 0.5443089604 0.8383929729
35.8 -169.9 3049.3 0.9886214733 0.1393653452 -0.0566120706 -0.1476573944 0.8272272944 -0.5421183109 -0.0287214536 0.5443089604 0.8383929729
9.2 -327.8 2931.7 0.9889686704 0.1333662570 -0.0644544438 -0.1455918998 0.7950821519 -0.5887676477 -0.0272751600 0.5916568041 0.8057283759
-108.6 -148.7 3053.2 0.4537743330 -0.8884102702 0.0693976581 0.7574720383 0.4255695045 0.4951027632 -0.4693879187 -0.1720981449 0.8660584092
-235.2 -359.9 3184.1 -0.2101499438 -0.8884102702 -0.4081227481 -0.0437361524 0.4255695045 -0.9038681984 0.9766904116 -0.1720981449 -0.1282890588
180.2 -191.1 3045.3 0.4335057437 0.8497387171 0.3000280857 -0.8564363718 0.2849169374 0.4305102229 0.2803381383 -0.4435836077 0.8512603045
257.8 -344.6 3095.5 -0.4038828313 0.8497387171 0.3388550580 -0.1889895499 0.2849169374 -0.9397368431 -0.8950763345 -0.4435836077 0.0455186814
-107.1 -471.2 2814.4 0.9829328060 0.1168650240 -0.1420761198 -0.1420479119 -0.0086130183 -0.9898223281 -0.1168993115 0.9931104779 0.0081344126
-155.7 -467.6 2400.8 0.9829328060 0.1437894553 0.1147503853 -0.1420479119 0.9895865917 -0.0232553408 -0.1168993115 0.0065583857 0.9931221008
74.6 -494.3 2806.4 0.9909731150 -0.0112650357 0.1335864365 0.1330472529 -0.0396442525 -0.9903165102 0.0164518859 0.9991503358 -0.0377876051
79.4 -477.4 2379.5 0.9909731150 -0.1338709742 -0.0071275230 0.1330472529 0.9886163473 -0.0702579468 0.0164518859 0.0686754435 0.9975033998
-181.1 -348.7 2933.0 0 0 0 0 0 0 0 0 0
153.0 -393.7 2863.2 0 0 0 0 0 0 0 0 0
-205.6 -810.6 2398.5 0 0 0 0 0 0 0 0 0
130.5 -855.1 2353.3 0 0 0 0 0 0 0 0 0
64.6 6.9 3163.4 5 0.9926568270 0.1163321361 -0.0331550092 -0.1156263500 0.8319891691 -0.5426090360 -0.0355382599 0.5424581766 0.8393307924
39.8 -170.5 3047.8 0.9926568270 0.1163321361 -0.0331550092 -0.1156263500 0.8319891691 -0.5426090360 -0.0355382599 0.5424581766 0.8393307924
16.3 -330.0 2931.7 0.9921582937 0.1187150627 -0.0390980579 -0.1190941855 0.8030068874 -0.5839490891 -0.0379275419 0.5840262771 0.8108482361
-105.0 -153.1 3053.3 0.4275672734 -0.9015696645 0.0660179928 0.7656223774 0.3999870121 0.5038181543 -0.4806334972 -0.1648712903 0.8612833023
-224.3 -366.7 3187.4 -0.1975996494 -0.9015696645 -0.3848720789 -0.0416902862 0.3999870121 -0.9155721068 0.9793958664 -0.1648712903 -0.1166239828
184.7 -187.9 3042.2 0.4038789272 0.8676123023 0.2900529802 -0.8614535332 0.2539971769 0.4397535920 0.3078629971 -0.4274743795 0.8499917984
258.2 -344.6 3098.3 -0.3894599080 0.8676123023 0.3091437817 -0.1873631924 0.2539971769 -0.9488837719 -0.9017848969 -0.4274743795 0.0636368841
-107.9 -472.4 2816.6 0.9829723835 0.1182041541 -0.1406876445 -0.1406320333 -0.0088533489 -0.9900223613 -0.1182703152 0.9929498434 0.0079206936
-157.5 -468.7 2400.3 0.9829723835 0.1411523670 0.1176488325 -0.1406320333 0.9899797440 -0.0127546526 -0.1182703152 -0.0040077236 0.9929733276
73.3 -499.1 2811.7 0.9900902510 -0.0121559426 0.1399052441 0.1391580701 -0.0489783809 -0.9890581965 0.0188752674 0.9987258911 -0.0468014218
78.7 -477.7 2374.2 0.9900902510 -0.1398191601 -0.0131090265 0.1391580701 0.9893690348 -0.0422374383 0.0188752674 0.0399946533 0.9990215898
-173.4 -355.9 2935.5 0 0 0 0 0 0 0 0 0
157.0 -393.3 2864.1 0 0 0 0 0 0 0 0 0
-206.7 -813.6 2401.7 0 0 0 0 0 0 0 0 0
132.1 -855.5 2358.9 0 0 0 0 0 0 0 0 0
68.2 10.9 3162.6 6 0.9919344187 0.1241323575 -0.0256368481 -0.1195983514 0.8496184945 -0.5136581063 -0.0419800505 0.5125812888 0.8576118350
42.0 -168.8 3054.2 0.9919344187 0.1241323575 -0.0256368481 -0.1195983514 0.8496184945 -0.5136581063 -0.0419800505 0.5125812888 0.8576118350
18.1 -332.7 2944.6 0.9922632575 0.1201397330 -0.0313063264 -0.1173438355 0.8251915574 -0.5525299311 -0.0405470803 0.5519287586 0.8329049349
-103.0 -151.7 3060.1 0.4216767848 -0.9040085077 0.0704080611 0.7478576899 0.3906446397 0.5367547274 -0.5127353668 -0.1736818105 0.8407955170
-220.5 -360.2 3203.1 -0.1906800568 -0.9040085077 -0.3826352358 -0.0048210681 0.3906446397 -0.9205289483 0.9816403985 -0.1736818105 -0.0788464323
186.9 -186.0 3048.2 0.3931499720 0.8396485448 0.3747311234 -0.8966448307 0.2598510087 0.3584766984 0.2036201805 -0.4769358039 0.8550269604
255.7 -342.9 3083.9 -0.4248703122 0.8396485448 0.3383423090 -0.2327800691 0.2598510087 -0.9371717572 -0.8748134971 -0.4769358039 0.0850504711
-98.2 -478.6 2819.1 0.9801371098 0.1342919171 -0.1459345669 -0.1451453865 -0.0157015640 -0.9892857671 -0.1351444721 0.9908174276 0.0041021663
-154.4 -472.0 2404.5 0.9801371098 0.1483123153 0.1316611916 -0.1451453865 0.9888468385 -0.0333870649 -0.1351444721 0.0136138853 0.9907323718
83.6 -500.4 2812.2 0.9907273650 0.0101750717 0.1354833245 0.1358386278 -0.0545856915 -0.9892261028 -0.0026699961 0.9984572530 -0.0554617085
79.2 -476.6 2376.6 0.9907273650 -0.1354723871 0.0103196148 0.1358386278 0.9891672730 -0.0556410775 -0.0026699961 0.0565269403 0.9983975291
-171.5 -359.0 2950.8 0 0 0 0 0 0 0 0 0
145.5 -403.2 2857.1 0 0 0 0 0 0 0 0 0
-205.2 -810.3 2399.9 0 0 0 0 0 0 0 0 0
130.9 -854.4 2355.0 0 0 0 0 0 0 0 0 0
67.6 9.3 3162.2 7 0.9898548126 0.1310098469 -0.0549893156 -0.1404322535 0.8433012962 -0.5187693834 -0.0215913411 0.5212286711 0.8531438708
40.0 -168.1 3052.5 0.9898548126 0.1310098469 -0.0549893156 -0.1404322535 0.8433012962 -0.5187693834 -0.0215913411 0.5212286711 0.8531438708
14.2 -330.6 2941.2 0.9895886183 0.1303334981 -0.0610535145 -0.1421245486 0.8180439472 -0.5573191643 -0.0226929039 0.5601939559 0.8280506134
-104.5 -147.3 3055.9 0.4499548376 -0.8904756904 0.0677765310 0.7405274510 0.4144506752 0.5290082693 -0.4991590381 -0.1878394336 0.8459057808
-229.9 -353.9 3195.1 -0.2093616277 -0.8904756904 -0.4040058255 -0.0066572661 0.4144506752 -0.9100474119 0.9778156281 -0.1878394336 -0.0926982015
184.5 -188.9 3049.2 0.4094120562 0.8448185921 0.3444754779 -0.8802318573 0.2664624453 0.3926698267 0.2399449944 -0.4639820755 0.8527292013
256.6 -344.0 3091.5 -0.4216509163 0.8448185921 0.3293813765 -0.2022770345 0.2664624453 -0.9423809052 -0.8839086294 -0.4639820755 0.0585332699
-96.7 -485.7 2838.7 0.9797961116 0.1319650114 -0.1502826065 -0.1465814412 -0.0373829156 -0.9884920120 -0.1360643655 0.9905492067 -0.0172840115
-154.5 -469.4 2405.0 0.9797961116 0.1500189900 0.1322646141 -0.1465814412 0.9885646105 -0.0354104601 -0.1360643655 0.0153074935 0.9905817509
85.2 -507.2 2831.3 0.9918136597 0.0065851067 0.1275238544 0.1276815832 -0.0649383292 -0.9896870255 0.0017639918 0.9978675246 -0.0652475208
82.2 -477.6 2376.1 0.9918136597 -0.1276597977 0.0029451824 0.1276815832 0.9911365509 -0.0366839804 0.0017639918 0.0367597193 0.9993225932
-176.1 -352.1 2943.7 0 0 0 0 0 0 0 0 0
147.3 -396.5 2862.2 0 0 0 0 0 0 0 0 0
-206.6 -812.7 2399.7 0 0 0 0 0 0 0 0 0
131.0 -856.2 2362.0 0 0 0 0 0 0 0 0 0
67.1 4.9 3162.5 8 0.9899156094 0.1232203692 -0.0698846281 -0.1414505690 0.8330884576 -0.5347479582 -0.0076717632 0.5392405391 0.8421168327
41.0 -171.2 3048.5 0.9899156094 0.1232203692 -0.0698846281 -0.1414505690 0.8330884576 -0.5347479582 -0.0076717632 0.5392405391 0.8421168327
15.9 -331.3 2933.6 0.9890244603 0.1268482208 -0.0757634342 -0.1472914368 0.8060111403 -0.5732811689 -0.0116535304 0.5781484246 0.8158484101
-103.4 -149.7 3050.2 0.4609211683 -0.8855003119 0.0586592481 0.7477430701 0.4231140018 0.5117175579 -0.4779456258 -0.1919994205 0.8571488857
-231.9 -358.2 3183.5 -0.2232201546 -0.8855003119 -0.4075070620 -0.0249768384 0.4231140018 -0.9057321548 0.9744480252 -0.1919994205 -0.1165645719
185.5 -192.7 3046.7 0.4165065289 0.8284943700 0.3743252158 -0.8872080445 0.2805312574 0.3662841320 0.1984544247 -0.4846640825 0.8518900275
256.3 -343.5 3080.5 -0.4401507378 0.8284943700 0.3462143838 -0.2088618726 0.2805312574 -0.9368451834 -0.8732949495 -0.4846640825 0.0495648421
-102.4 -480.0 2832.0 0.9815224409 0.1230301112 -0.1465513557 -0.1442811638 -0.0272120014 -0.9891625047 -0.1256847233 0.9920297861 -0.0089582615
-154.4 -468.5 2412.8 0.9815224409 0.1497686058 0.1190927103 -0.1442811638 0.9880902171 -0.0534850843 -0.1256847233 0.0353139751 0.9914414883
79.0 -506.0 2827.9 0.9914333224 -0.0057978262 0.1304849386 0.1298580170 -0.0635528788 -0.9894937873 0.0140296062 0.9979616404 -0.0622555502
81.6 -477.4 2377.5 0.9914333224 -0.1304457337 -0.0066214371 0.1298580170 0.9898752570 -0.0573051274 0.0140296062 0.0559543669 0.9983347654
-174.6 -351.8 2932.9 0 0 0 0 0 0 0 0 0
142.0 -397.7 2853.8 0 0 0 0 0 0 0 0 0
-206.6 -812.8 2400.5 0 0 0 0 0 0 0 0 0
131.5 -855.5 2356.2 0 0 0 0 0 0 0 0 0
67.0 3.0 3160.6 9 0.9915981889 0.1236517504 -0.0379902907 -0.1245221496 0.8329121470 -0.5392138362 -0.0350321569 0.5394141078 0.8413115740
41.0 -171.5 3047.6 0.9915981889 0.1236517504 -0.0379902907 -0.1245221496 0.8329121470 -0.5392138362 -0.0350321569 0.5394141078 0.8413115740
15.6 -331.4 2932.5 0.9907801151 0.1280936897 -0.0441222079 -0.1298442632 0.8048459888 -0.5791057348 -0.0386682004 0.5794954300 0.8140575886
-103.6 -152.6 3053.2 0.4349541068 -0.8975350261 0.0724279732 0.7585352659 0.4085587263 0.5076455474 -0.4852207601 -0.1658633500 0.8585162759
-224.9 -364.2 3188.6 -0.1966875643 -0.8975350261 -0.3946452439 -0.0342914164 0.4085587263 -0.9120876193 0.9798663855 -0.1658633500 -0.1111361608
185.7 -190.5 3041.9 0.4060963094 0.8510949612 0.3327508569 -0.8722102046 0.2523528337 0.4190075696 0.2726446092 -0.4603861272 0.8448132873
257.3 -344.4 3090.0 -0.4190143645 0.8510949612 0.3163294196 -0.2018570900 0.2523528337 -0.9463465214 -0.8852574229 -0.4603861272 0.0660600811
-99.9 -477.9 2819.8 0.9806900024 0.1372141391 -0.1393534541 -0.1367003024 -0.0286196154 -0.9901989698 -0.1398575306 0.9901278615 -0.0093097556
-156.8 -466.0 2409.7 0.9806900024 0.1418232918 0.1346597970 -0.1367003024 0.9895155430 -0.0466042794 -0.1398575306 0.0272963159 0.9897953272
81.4 -504.9 2817.7 0.9912780523 -0.0015682606 0.1317775548 0.1313111484 -0.0731324553 -0.9886400104 0.0111876614 0.9973210096 -0.0722886696
82.1 -472.9 2380.8 0.9912780523 -0.1317375600 -0.0036051301 0.1313111484 0.9896523356 -0.0578410253 0.0111876614 0.0568631440 0.9983192682
-174.4 -355.4 2936.7 0 0 0 0 0 0 0 0 0
148.5 -396.8 2860.2 0 0 0 0 0 0 0 0 0
-207.0 -816.7 2400.0 0 0 0 0 0 0 0 0 0
132.4 -851.0 2359.0 0 0 0 0 0 0 0 0 0
71.3 4.6 3173.7 0 0.9900300503 0.1395514011 -0.0191273037 -0.1268274784 0.8240931034 -0.5520736575 -0.0612799712 0.5489954352 0.8335759044
41.9 -168.9 3058.1 0.9900300503 0.1395514011 -0.0191273037 -0.1268274784 0.8240931034 -0.5520736575 -0.0612799712 0.5489954352 0.8335759044
13.1 -327.6 2942.0 0.9891291261 0.1448595077 -0.0252839476 -0.1319678128 0.7986114621 -0.5872003436 -0.0648695081 0.5841536522 0.8090466261
-102.5 -149.7 3067.5 0.4247226417 -0.9002797008 0.0954310447 0.7623324990 0.4125052094 0.4986868501 -0.4883234799 -0.1390534043 0.8615128398
-221.1 -362.4 3203.8 -0.1721305847 -0.9002797008 -0.3998343050 -0.0439365953 0.4125052094 -0.9098950624 0.9840938449 -0.1390534043 -0.1105599925
186.3 -188.2 3048.6 0.3995423317 0.8276866078 0.3940822184 -0.9030791521 0.2815045714 0.3243505061 0.1575246304 -0.4854791760 0.8599395156
256.3 -346.5 3076.2 -0.4348666072 0.8276866078 0.3547194302 -0.2250815779 0.2815045714 -0.9327880144 -0.8719112873 -0.4854791760 0.0638800710
-100.6 -479.4 2820.9 0.9808355570 0.1363099813 -0.1392163336 -0.1363597512 -0.0301203970 -0.9902013540 -0.1391675919 0.9902082086 -0.0109559614
-157.6 -466.8 2407.0 0.9808355570 0.1396282464 0.1358880103 -0.1363597512 0.9901056886 -0.0331172235 -0.1391675919 0.0139528969 0.9901705384
81.0 -503.2 2813.8 0.9912098050 0.0013688793 0.1322923154 0.1321031004 -0.0646922290 -0.9891226888 0.0072042947 0.9979043007 -0.0643044040
80.4 -474.9 2377.0 0.9912098050 -0.1322969794 -0.0007997974 0.1321031004 0.9900501966 -0.0484701581 0.0072042947 0.0479384400 0.9988242984
-176.8 -351.1 2950.8 0 0 0 0 0 0 0 0 0
143.4 -404.9 2849.8 0 0 0 0 0 0 0 0 0
-206.9 -816.7 2402.0 0 0 0 0 0 0 0 0 0
130.9 -853.2 2358.7 0 0 0 0 0 0 0 0 0
75.8 8.5 3167.2 1 0.9855583906 0.1616352946 -0.0504842475 -0.1629371047 0.8240114450 -0.5426385403 -0.0461099446 0.5430277586 0.8384478092
41.5 -166.4 3051.9 0.9855583906 0.1616352946 -0.0504842475 -0.1629371047 0.8240114450 -0.5426385403 -0.0461099446 0.5430277586 0.8384478092
10.2 -324.5 2935.8 0.9858027101 0.1574049443 -0.0584523343 -0.1616964191 0.7961444855 -0.5831022263 -0.0452466756 0.5842753053 0.8102931976
-102.4 -142.8 3058.6 0.4567005336 -0.8846681118 0.0937385932 0.7473928928 0.4387013018 0.4989438951 -0.4825229943 -0.1578083932 0.8615497947
-229.8 -351.3 3193.1 -0.1921979189 -0.8846681118 -0.4247614145 -0.0347901359 0.4387013018 -0.8979592323 0.9807392955 -0.1578083932 -0.1150951982
185.3 -190.0 3045.3 0.3900268078 0.8017377257 0.4528749585 -0.9191340208 0.3093750477 0.2438846678 0.0554233342 -0.5113743544 0.8575689793
251.2 -345.1 3054.7 -0.4580847323 0.8017377257 0.3838945031 -0.2314884812 0.3093750477 -0.9223340750 -0.8582373857 -0.5113743544 0.0438730605
-106.4 -474.2 2832.0 0.9833771586 0.1166443825 -0.1391525418 -0.1381182373 -0.0169436261 -0.9902707934 -0.1178672761 0.9930291772 -0.0005512581
-156.6 -466.9 2404.6 0.9833771586 0.1406905800 0.1147845984 -0.1381182373 0.9899581075 -0.0301038660 -0.1178672761 0.0137496088 0.9929341674
74.9 -498.4 2820.1 0.9904711843 -0.0105420379 0.1373160183 0.1365623325 -0.0538327172 -0.9891676903 0.0178199373 0.9984943271 -0.0518801101
79.7 -474.3 2374.1 0.9904711843 -0.1372201741 -0.0117236571 0.1365623325 0.9895944595 -0.0453160107 0.0178199373 0.0432831943 0.9989039302
-180.4 -342.3 2941.0 0 0 0 0 0 0 0 0 0
132.2 -405.2 2831.9 0 0 0 0 0 0 0 0 0
-205.8 -813.2 2399.8 0 0 0 0 0 0 0 0 0
132.1 -852.5 2357.6 0 0 0 0 0 0 0 0 0
76.7 5.6 3177.5 2 0.9878074527 0.1525109559 -0.0312544033 -0.1432224363 0.8115652204 -0.5664355159 -0.0610226355 0.5640055537 0.8235132098
44.6 -165.1 3058.8 0.9878074527 0.1525109559 -0.0312544033 -0.1432224363 0.8115652204 -0.5664355159 -0.0610226355 0.5640055537 0.8235132098
13.1 -322.0 2941.1 0.9866654873 0.1585368216 -0.0368419327 -0.1491010785 0.7896249294 -0.5951986313 -0.0652695820 0.5927550793 0.8027336597
-99.4 -143.4 3068.4 0.4390363395 -0.8924896121 0.1034863293 0.7596516013 0.4302371740 0.4876734614 -0.4797671437 -0.1354928166 0.8668709397
-221.9 -355.3 3202.2 -0.1739376634 -0.8924896121 -0.4161826670 -0.0511112101 0.4302371740 -0.9012677670 0.9834293723 -0.1354928166 -0.1204506680
188.6 -186.9 3049.3 0.3612200916 0.8032987714 0.4735305309 -0.9322013259 0.2986571789 0.2044617683 0.0228205863 -0.5152814388 0.8567171097
251.7 -349.7 3053.3 -0.4786005616 0.8032987714 0.3544751108 -0.1912343204 0.2986571789 -0.9350044727 -0.8569544554 -0.5152814388 0.0106807873
-111.4 -467.9 2823.9 0.9838460684 0.0979231074 -0.1498600543 -0.1502353251 -0.0035720773 -0.9886438251 -0.0973463878 0.9951875806 0.0111971358
-152.5 -466.4 2405.9 0.9838460684 0.1524781436 0.0937943906 -0.1502353251 0.9881775975 -0.0305674914 -0.0973463878 0.0159824751 0.9951222539
69.2 -497.5 2815.6 0.9915844202 -0.0300561693 0.1259245276 0.1243539080 -0.0493991561 -0.9910075068 0.0360064544 0.9983267784 -0.0452458300
82.8 -475.3 2366.7 0.9915844202 -0.1247515827 -0.0346035138 0.1243539080 0.9921470881 -0.0134240836 0.0360064544 0.0090080295 0.9993109703
-177.2 -342.2 2949.3 0 0 0 0 0 0 0 0 0
127.5 -399.3 2830.9 0 0 0 0 0 0 0 0 0
-206.2 -814.5 2400.3 0 0 0 0 0 0 0 0 0
130.4 -854.2 2363.3 0 0 0 0 0 0 0 0 0
76.2 1.8 3182.6 3 0.9864038825 0.1363411993 -0.0917521268 -0.1642147452 0.7960085869 -0.5825837255 -0.0063946838 0.5897299051 0.8075752258
47.6 -165.4 3058.7 0.9864038825 0.1363411993 -0.0917521268 -0.1642147452 0.7960085869 -0.5825837255 -0.0063946838 0.5897299051 0.8075752258
19.3 -319.1 2936.1 0.9849598408 0.1432333291 -0.0966347158 -0.1723210365 0.7734428048 -0.6099932194 -0.0126299327 0.6174710393 0.7864922285
-96.0 -140.2 3060.6 0.4832157195 -0.8731248379 0.0644641072 0.7582903504 0.4541907012 0.4676607549 -0.4376052022 -0.1770985276 0.8815541863
-230.6 -351.4 3182.5 -0.2311035991 -0.8731248379 -0.4292367399 -0.0657700077 0.4541907012 -0.8884734511 0.9707036018 -0.1770985276 -0.1623905301
191.2 -190.7 3056.8 0.3749243617 0.8326615095 0.4075617492 -0.9197831750 0.2791495323 0.2758159637 0.1158906668 -0.4782785475 0.8705279827
255.1 -347.4 3076.6 -0.4430035651 0.8326615095 0.3322990835 -0.1824769229 0.2791495323 -0.9427500963 -0.8777528405 -0.4782785475 0.0282772724
-108.9 -465.2 2829.3 0.9821298122 0.0918490142 -0.1642705202 -0.1656993330 0.0081004165 -0.9861430526 -0.0892456025 0.9957399964 0.0231749807
-148.3 -468.7 2401.9 0.9821298122 0.1667521000 0.0872627273 -0.1656993330 0.9859889150 -0.0192232840 -0.0892456025 0.0044203843 0.9959998131
72.0 -492.5 2817.3 0.9915404320 -0.0208170246 0.1281177849 0.1275185645 -0.0279393643 -0.9914425611 0.0242184140 0.9993928671 -0.0250484534
81.3 -480.1 2371.1 0.9915404320 -0.1280779988 -0.0210604370 0.1275185645 0.9914938807 -0.0260553621 0.0242184140 0.0231493507 0.9994386435
-171.3 -334.5 2933.3 0 0 0 0 0 0 0 0 0
140.1 -394.8 2848.8 0 0 0 0 0 0 0 0 0
-206.8 -814.9 2400.3 0 0 0 0 0 0 0 0 0
130.2 -858.8 2362.2 0 0 0 0 0 0 0 0 0
75.9 -3.5 3185.7 4 0.9913471937 0.1296319216 -0.0206484385 -0.1156649143 0.7882702351 -0.6043605804 -0.0620678701 0.6015194058 0.7964433432
48.7 -168.7 3059.6 0.9913471937 0.1296319216 -0.0206484385 -0.1156649143 0.7882702351 -0.6043605804 -0.0620678701 0.6015194058 0.7964433432
22.2 -321.4 2935.4 0.9907141328 0.1337073296 -0.0246547125 -0.1194082871 0.7689560056 -0.6280512214 -0.0650166571 0.6251631975 0.7777813673
-95.4 -151.3 3069.1 0.4203173518 -0.9034036398 0.0848245621 0.7907140851 0.4105280936 0.4541342854 -0.4450894296 -0.1238085404 0.8868860602
-212.4 -371.2 3192.9 -0.1771308482 -0.9034036398 -0.3904952407 -0.0943443552 0.4105280936 -0.9069541693 0.9796549678 -0.1238085404 -0.1579482257
192.9 -186.1 3050.2 0.3616113067 0.8604805470 0.3589018285 -0.9065137506 0.2345438004 0.3510299027 0.2178761959 -0.4522858262 0.8648511171
256.8 -346.1 3088.6 -0.4162600040 0.8604805470 0.2937701046 -0.1882254779 0.2345438004 -0.9537087679 -0.8895497322 -0.4522858262 0.0643331558
-99.1 -456.9 2814.7 0.9793912172 0.1193204299 -0.1629586667 -0.1671630144 0.0260505471 -0.9855850339 -0.1133552641 0.9925139546 0.0454596393
-148.7 -467.8 2402.4 0.9793912172 0.1683357805 0.1116062626 -0.1671630144 0.9857293963 -0.0198513437 -0.1133552641 0.0007857907 0.9935542345
81.1 -488.6 2812.4 0.9909795523 0.0018940524 0.1339996010 0.1340114176 -0.0188423395 -0.9908006191 0.0006482376 0.9998206496 -0.0189261977
80.3 -480.3 2373.2 0.9909795523 -0.1339565068 0.0038903784 0.1340114176 0.9904099107 -0.0336027518 0.0006482376 0.0338209942 0.9994276762
-166.9 -347.0 2941.6 0 0 0 0 0 0 0 0 0
148.7 -395.0 2857.8 0 0 0 0 0 0 0 0 0
-208.1 -815.3 2402.1 0 0 0 0 0 0 0 0 0
131.5 -858.7 2360.3 0 0 0 0 0 0 0 0 0
75.5 -7.4 3186.7 5 0.9879671931 0.1542524695 -0.0112715922 -0.1296895742 0.7865248322 -0.6037874818 -0.0842703283 0.5979840159 0.7970656157
43.3 -171.8 3061.8 0.9879671931 0.1542524695 -0.0112715922 -0.1296895742 0.7865248322 -0.6037874818 -0.0842703283 0.5979840159 0.7970656157
14.1 -324.2 2937.7 0.9890741706 0.1465226412 -0.0162281990 -0.1239712089 0.7671363354 -0.6293909550 -0.0797707886 0.6245262027 0.7769193649
-100.9 -153.7 3073.4 0.4175101817 -0.9031116962 0.1003720537 0.7892572880 0.4151608944 0.4524537623 -0.4502868354 -0.1096846759 0.8861213326
-217.3 -373.6 3198.9 -0.1634614319 -0.9031116962 -0.3970763683 -0.0961795896 0.4151608944 -0.9046496153 0.9818502069 -0.1096846759 -0.1547237039
187.5 -189.9 3050.1 0.3226089478 0.8835080266 0.3396130800 -0.9052841067 0.1832408756 0.3832537532 0.2763767838 -0.4310874045 0.8589408994
245.5 -352.9 3099.9 -0.3993247747 0.8835080266 0.2448536456 -0.1864275187 0.1832408756 -0.9652292728 -0.8976550102 -0.4310874045 0.0915375873
-94.9 -463.2 2817.2 0.9787042737 0.1355102062 -0.1541913003 -0.1592941433 0.0275909975 -0.9868455529 -0.1294733584 0.9903916717 0.0485894084
-152.0 -474.8 2400.0 0.9787042737 0.1605237126 0.1279457361 -0.1592941433 0.9870315194 -0.0198530015 -0.1294733584 -0.0009507896 0.9915824533
86.2 -485.0 2805.3 0.9912205935 0.0140635455 0.1314682513 0.1316206306 -0.0105179809 -0.9912443757 -0.0125576295 0.9998458028 -0.0122766923
80.1 -480.5 2374.2 0.9912205935 -0.1311455667 0.0168084074 0.1316206306 0.9908079505 -0.0312345587 -0.0125576295 0.0331726708 0.9993707538
-175.3 -348.9 2946.7 0 0 0 0 0 0 0 0 0
141.9 -401.3 2866.8 0 0 0 0 0 0 0 0 0
-206.5 -810.1 2400.3 0 0 0 0 0 0 0 0 0
130.2 -859.1 2361.5 0 0 0 0 0 0 0 0 0
74.4 -11.5 3187.2 6 0.9865428805 0.1634531170 0.0040213037 -0.1277670115 0.7860349417 -0.6048344374 -0.1020229608 0.5961813331 0.7963411212
40.6 -174.4 3063.7 0.9865428805 0.1634531170 0.0040213037 -0.1277670115 0.7860349417 -0.6048344374 -0.1020229608 0.5961813331 0.7963411212
10.2 -325.7 2938.7 0.9882907271 0.1525619924 -0.0024989119 -0.1192062348 0.7617833614 -0.6367699504 -0.0952432603 0.6296117306 0.7710497975
-103.7 -157.0 3077.6 0.4079068899 -0.9061746597 0.1116220951 0.7950258851 0.4126389623 0.4445929825 -0.4489384890 -0.0926100835 0.8887506127
-217.4 -378.7 3202.9 -0.1489631832 -0.9061746597 -0.3957998157 -0.1064912528 0.4126389623 -0.9046483636 0.9830918312 -0.0926100835 -0.1579676867
184.8 -191.8 3049.8 0.3110843003 0.8895198703 0.3346356153 -0.9037112594 0.1678795367 0.3938558996 0.2941641510 -0.4249363542 0.8560937643
241.5 -356.4 3103.4 -0.3961152434 0.8895198703 0.2276996970 -0.1801404804 0.1678795367 -0.9692088962 -0.9003566504 -0.4249363542 0.0937388912
-105.5 -465.2 2820.9 0.9828416705 0.1170134842 -0.1425838172 -0.1458724290 0.0199947041 -0.9891013503 -0.1128872782 0.9929290414 0.0367206708
-155.0 -473.7 2400.4 0.9828416705 0.1473335922 0.1109734774 -0.1458724290 0.9890758395 -0.0212177522 -0.1128872782 0.0046657198 0.9935968518
75.6 -487.9 2806.3 0.9912216067 -0.0100507196 0.1318284720 0.1316661835 -0.0153897554 -0.9911746383 0.0119908266 0.9998310804 -0.0139313182
79.9 -481.2 2371.7 0.9912216067 -0.1318951100 -0.0091346717 0.1316661835 0.9910438061 -0.0222750250 0.0119908266 0.0208767578 0.9997101426
-179.1 -351.4 2950.2 0 0 0 0 0 0 0 0 0
138.6 -403.2 2869.6 0 0 0 0 0 0 0 0 0
-205.3 -810.9 2398.8 0 0 0 0 0 0 0 0 0
130.3 -859.9 2363.8 0 0 0 0 0 0 0 0 0
75.5 -10.3 3174.5 7 0.9835101366 0.1652724743 -0.0734355077 -0.1774526685 0.8035158515 -0.5682190061 -0.0349043682 0.5718805194 0.8195940256
41.3 -176.4 3056.3 0.9835101366 0.1652724743 -0.0734355077 -0.1774526685 0.8035158515 -0.5682190061 -0.0349043682 0.5718805194 0.8195940256
10.0 -330.9 2935.4 0.9843280911 0.1568059474 -0.0806850195 -0.1734361947 0.7780261636 -0.6038171649 -0.0319070704 0.6083479524 0.7930288315
-101.9 -151.3 3060.8 0.4753407538 -0.8757702708 0.0841284916 0.7545527816 0.4549767375 0.4729125202 -0.4524392486 -0.1613152176 0.8770838976
-234.1 -361.2 3186.7 -0.2096548527 -0.8757702708 -0.4348232746 -0.0574803352 0.4549767375 -0.8886462450 0.9760844707 -0.1613152176 -0.1457276493
184.6 -201.5 3051.7 0.2330884337 0.9250415564 0.2999464869 -0.9034422040 0.0918648466 0.4187517762 0.3598082364 -0.3685905039 0.8571342230
227.1 -366.3 3117.4 -0.3455789089 0.9250415564 0.1577128172 -0.1993412524 0.0918648466 -0.9756146073 -0.9169723392 -0.3685905039 0.1526523829
-110.6 -466.2 2822.3 0.9832304120 0.0980609283 -0.1537596434 -0.1553301066 0.0085411528 -0.9878256917 -0.0955538154 0.9951437712 0.0236297343
-152.1 -469.8 2401.2 0.9832304120 0.1565556377 0.0935323909 -0.1553301066 0.9876542687 -0.0202877093 -0.0955538154 0.0054190974 0.9954094887
70.5 -488.0 2804.8 0.9896484017 -0.0180481467 0.1423738599 0.1422131509 -0.0099019259 -0.9897865057 0.0192735884 0.9997881055 -0.0072327410
78.3 -483.7 2370.2 0.9896484017 -0.1425187588 -0.0168657657 0.1422131509 0.9896702170 -0.0181172080 0.0192735884 0.0155311311 0.9996936321
-180.4 -346.5 2936.4 0 0 0 0 0 0 0 0 0
137.4 -418.0 2879.5 0 0 0 0 0 0 0 0 0
-206.2 -810.7 2399.3 0 0 0 0 0 0 0 0 0
132.8 -861.9 2364.3 0 0 0 0 0 0 0 0 0
75.9 -11.7 3166.6 8 0.9839578271 0.1514396369 -0.0943030044 -0.1782054454 0.8095741272 -0.5593143702 -0.0083570955 0.5671470761 0.8235741258
44.5 -179.7 3048.9 0.9839578271 0.1514396369 -0.0943030044 -0.1782054454 0.8095741272 -0.5593143702 -0.0083570955 0.5671470761 0.8235741258
15.3 -335.0 2928.5 0.9840551019 0.1460531801 -0.1015084609 -0.1776849031 0.7816631794 -0.5978550911 -0.0079732109 0.6063588858 0.7951511145
-99.0 -153.8 3050.0 0.4886685610 -0.8699735999 0.0659465268 0.7491176128 0.4571257830 0.4794359505 -0.4472424686 -0.1848835796 0.8750955462
-235.1 -362.6 3174.7 -0.2328723520 -0.8699735999 -0.4346451163 -0.0503880307 0.4571257830 -0.8879735470 0.9712010622 -0.1848835796 -0.1502882093
187.9 -205.5 3047.8 0.2158267200 0.9360725880 0.2778252959 -0.9000204802 0.0803737491 0.4283727705 0.3786581457 -0.3425027430 0.8598312736
227.5 -370.5 3117.3 -0.3209006786 0.9360725880 0.1441902667 -0.2039491236 0.0803737491 -0.9756765962 -0.9248932600 -0.3425027430 0.1651192009
-111.3 -469.6 2817.4 0.9837040305 0.0969118848 -0.1514412910 -0.1521207690 -0.0003816122 -0.9883618355 -0.0958418027 0.9952929020 0.0143669173
-151.7 -469.5 2403.3 0.9837040305 0.1545689851 0.0918412060 -0.1521207690 0.9878065586 -0.0331272930 -0.0958418027 0.0186164957 0.9952224493
68.5 -501.1 2811.7 0.9899854064 -0.0192866493 0.1398461014 0.1388621479 -0.0453420207 -0.9892731905 0.0254206676 0.9987853169 -0.0422097519
77.0 -481.2 2371.4 0.9899854064 -0.1394745260 -0.0218119416 0.1388621479 0.9899312854 -0.0274483562 0.0254206676 0.0241446178 0.9993852377
-175.4 -349.6 2925.3 0 0 0 0 0 0 0 0 0
144.2 -423.5 2877.2 0 0 0 0 0 0 0 0 0
-205.2 -811.5 2396.9 0 0 0 0 0 0 0 0 0
130.3 -859.4 2362.2 0 0 0 0 0 0 0 0 0
75.1 -15.8 3163.7 9 0.9854117632 0.1659921408 -0.0375541598 -0.1581266224 0.8114202619 -0.5626660585 -0.0629259348 0.5603960752 0.8258308172
40.8 -183.4 3048.0 0.9854117632 0.1659921408 -0.0375541598 -0.1581266224 0.8114202619 -0.5626660585 -0.0629259348 0.5603960752 0.8258308172
9.7 -339.0 2928.5 0.9866192937 0.1565204412 -0.0456478931 -0.1521555483 0.7833364606 -0.6026878953 -0.0585753135 0.6015690565 0.7966703176
-102.9 -161.2 3056.5 0.4456489980 -0.8898856044 0.0974709988 0.7630885839 0.4345495403 0.4783957601 -0.4680734575 -0.1388175786 0.8727180958
-227.1 -373.8 3186.9 -0.1820003092 -0.8898856044 -0.4183055460 -0.0591591932 0.4345495403 -0.8987028599 0.9815172553 -0.1388175786 -0.1317330599
184.6 -205.5 3039.5 0.2557715476 0.9163917303 0.3079077005 -0.8945838809 0.1036183164 0.4347216487 0.3664704263 -0.3866387010 0.8462918997
231.6 -369.9 3106.8 -0.3598811924 0.9163917303 0.1752476841 -0.2096100450 0.1036183164 -0.9722791910 -0.9091475010 -0.3866387010 0.1547946334
-103.9 -474.0 2808.7 0.9817630649 0.1180529743 -0.1490128785 -0.1493900120 -0.0056980276 -0.9887619019 -0.1175753623 0.9929909706 0.0120418221
-151.8 -471.7 2405.7 0.9817630649 0.1529273987 0.1129360646 -0.1493900120 0.9880011082 -0.0391977616 -0.1175753623 0.0216113944 0.9928287864
76.2 -506.4 2807.4 0.9901030660 -0.0003989597 0.1403413862 0.1399863511 -0.0683348030 -0.9877925515 0.0099842912 0.9976623654 -0.0676026568
76.4 -477.0 2378.0 0.9901030660 -0.1403390169 -0.0009067766 0.1399863511 0.9880333543 -0.0647600740 0.0099842912 0.0639922097 0.9979004264
-180.4 -358.6 2935.0 0 0 0 0 0 0 0 0 0
138.2 -424.3 2870.9 0 0 0 0 0 0 0 0 0
-204.6 -813.2 2398.2 0 0 0 0 0 0 0 0 0
130.0 -854.3 2353.6 0 0 0 0 0 0 0 0 0
74.3 -14.7 3161.2 0 0.9866263866 0.1620885879 -0.0171951577 -0.1433578432 0.8126992583 -0.5647729039 -0.0775687471 0.5596849322 0.8250672221
40.6 -183.3 3045.1 0.9866263866 0.1620885879 -0.0171951577 -0.1433578432 0.8126992583 -0.5647729039 -0.0775687471 0.5596849322 0.8250672221
7.7 -337.7 2924.4 0.9858064055 0.1657028496 -0.0269859582 -0.1473339051 0.7768156528 -0.6122500896 -0.0804884732 0.6075360179 0.7902035117
-103.1 -161.9 3056.8 0.4330161214 -0.8941843510 0.1137163639 0.7701796293 0.4325749874 0.4687240422 -0.4683165550 -0.1153830364 0.8759945035
-223.9 -376.6 3187.4 -0.1618222892 -0.8941843510 -0.4174301326 -0.0719876066 0.4325749874 -0.8987194300 0.9841907024 -0.1153830364 -0.1343704611
184.4 -204.8 3033.3 0.2656677365 0.9085727334 0.3223603666 -0.8972403407 0.1106987372 0.4274407327 0.3526761234 -0.4027919471 0.8446171880
233.3 -370.0 3098.2 -0.3766541183 0.9085727334 0.1806300730 -0.1998519152 0.1106987372 -0.9735527635 -0.9045390487 -0.4027919471 0.1398848742
-111.7 -480.8 2814.4 0.9843041301 0.0980921462 -0.1467081755 -0.1450979263 -0.0233918112 -0.9891407490 -0.1004587114 0.9949023724 -0.0087916888
-152.2 -471.1 2403.4 0.9843041301 0.1482467949 0.0957509652 -0.1450979263 0.9886447787 -0.0390903130 -0.1004587114 0.0245834924 0.9946374893
68.8 -508.6 2803.7 0.9912635684 -0.0207763556 0.1302493513 0.1284875423 -0.0709381327 -0.9891707301 0.0297910087 0.9972643256 -0.0676488802
77.7 -478.3 2377.6 0.9912635684 -0.1300266534 -0.0221274067 0.1284875423 0.9898538589 -0.0606653281 0.0297910087 0.0572922342 0.9979128838
-182.3 -358.1 2934.5 0 0 0 0 0 0 0 0 0
135.5 -421.8 2863.4 0 0 0 0 0 0 0 0 0
-203.6 -813.7 2394.9 0 0 0 0 0 0 0 0 0
127.3 -856.4 2355.8 0 0 0 0 0 0 0 0 0
77.0 -13.4 3160.0 1 0.9843184948 0.1689152122 -0.0508408025 -0.1686017215 0.8161301613 -0.5527250171 -0.0518709533 0.5526292920 0.8318114281
42.0 -182.6 3045.5 0.9843184948 0.1689152122 -0.0508408025 -0.1686017215 0.8161301613 -0.5527250171 -0.0518709533 0.5526292920 0.8318114281
8.3 -337.0 2925.1 0.9835224152 0.1698307842 -0.0619775355 -0.1723463535 0.7772635221 -0.6051099896 -0.0545934290 0.6058208346 0.7937257886
-101.4 -157.4 3053.4 0.4637064040 -0.8799157143 0.1035603061 0.7553687096 0.4537190795 0.4728182554 -0.4630274773 -0.1410226375 0.8750532269
-230.7 -368.1 3182.5 -0.1880927980 -0.8799157143 -0.4363135099 -0.0600804053 0.4537190795 -0.8891171813 0.9803119302 -0.1410226375 -0.1382069737
185.5 -207.7 3037.5 0.2336998731 0.9211735725 0.3111648560 -0.9004762769 0.0843298808 0.4266508222 0.3667789698 -0.3799048066 0.8492028713
228.5 -373.5 3105.0 -0.3582297862 0.9211735725 0.1520217359 -0.1976081431 0.0843298808 -0.9766470790 -0.9124814868 -0.3799048066 0.1518219262
-115.5 -478.6 2811.1 0.9841571450 0.0808804929 -0.1577751786 -0.1560429335 -0.0273483787 -0.9873716235 -0.0841739997 0.9963485599 -0.0142942732
-148.8 -467.4 2401.4 0.9841571450 0.1582279354 0.0799911171 -0.1560429335 0.9872019887 -0.0329057276 -0.0841739997 0.0199023597 0.9962522984
65.0 -505.6 2796.4 0.9898515344 -0.0274668969 0.1394258142 0.1374523342 -0.0639608651 -0.9884411097 0.0360672064 0.9975743294 -0.0595363714
76.6 -478.6 2376.4 0.9898515344 -0.1394263804 -0.0274640471 0.1374523342 0.9884397984 -0.0639810786 0.0360672064 0.0595567673 0.9975731373
-182.4 -352.6 2930.6 0 0 0 0 0 0 0 0 0
135.5 -424.8 2868.1 0 0 0 0 0 0 0 0 0
-204.4 -814.3 2394.4 0 0 0 0 0 0 0 0 0
129.8 -856.3 2353.6 0 0 0 0 0 0 0 0 0
78.6 -12.4 3159.4 2 0.9854647517 0.1636004001 -0.0457612574 -0.1613241732 0.8168315291 -0.5538598895 -0.0532324649 0.5531917810 0.8313513994
44.7 -181.7 3044.7 0.9854647517 0.1636004001 -0.0457612574 -0.1613241732 0.8168315291 -0.5538598895 -0.0532324649 0.5531917810 0.8313513994
12.6 -337.1 2925.3 0.9853262901 0.1614514589 -0.0553671643 -0.1620055437 0.7825617790 -0.6011250019 -0.0537242889 0.6012740731 0.7972347140
-99.1 -158.0 3052.6 0.4554629028 -0.8847712874 0.0986577198 0.7574816942 0.4433718026 0.4792107642 -0.4677339494 -0.1435313076 0.8721374273
-226.2 -369.3 3183.1 -0.1874814779 -0.8847712874 -0.4266503155 -0.0566721819 0.4433718026 -0.8945444226 0.9806319475 -0.1435313076 -0.1332659125
