-38.4 100.1 2885.6 05 0.9963787794 -0.0466202125 0.0711043179 0.0590293966 0.9811794162 -0.1838544756 -0.0611947626 0.1873859465 0.9803783298
-28.7 -102.3 2846.9 0.9963787794 -0.0466202125 0.0711043179 0.0590293966 0.9811794162 -0.1838544756 -0.0611947626 0.1873859465 0.9803783298
-21.3 -292.9 2802.7 0.9966135621 -0.0381410718 0.0728472397 0.0536174774 0.9731040001 -0.2240397334 -0.0623428226 0.2271869183 0.9718536139
-170.3 -110.0 2855.8 -0.0844505131 -0.7257716060 -0.6827325225 0.6462932825 0.4816077948 -0.5919112563 0.7584016919 -0.4912326038 0.4283892810
-145.6 -298.7 2634.3 -0.3399020433 -0.7047908306 -0.6226848960 0.4613280296 0.4520221353 -0.7634477615 0.8195382953 -0.5467594266 0.1714964956
112.8 -94.7 2838.1 0.0327216908 0.6947231293 0.7185325623 -0.7933553457 0.4553031325 -0.4040870368 -0.6078787446 -0.5568292737 0.5660606027
120.5 -281.2 2695.1 -0.4097065926 0.6947231293 0.5911855102 -0.3857958317 0.4553031325 -0.8024092913 -0.8266208768 -0.5568292737 0.0814805999
-89.2 -486.7 2758.8 0.9531584382 0.2702422142 -0.1358605325 -0.1486432701 0.0273110401 -0.9885136485 -0.2634276450 0.9624049067 0.0662014410
-195.0 -497.4 2381.8 0.9531584382 0.2755450308 0.1247552782 -0.1486432701 0.7859241962 -0.6001902819 -0.2634276450 0.5535324216 0.7900682092
91.1 -474.7 2761.3 0.9991470575 -0.0337712988 -0.0237629134 -0.0263133626 -0.0772009566 -0.9966682792 0.0318242610 0.9964434505 -0.0780237392
109.1 -433.6 2230.0 0.9991470575 0.0191767253 -0.0365708880 -0.0263133626 0.9782066941 -0.2059593350 0.0318242610 0.2067459673 0.9778769612
-58.4 -417.2 2423.9 0 0 0 0 0 0 0 0 0
15.6 -380.0 2483.5 0 0 0 0 0 0 0 0 0
-298.7 -793.3 2173.4 0 0 0 0 0 0 0 0 0
101.9 -802.0 2152.1 0 0 0 0 0 0 0 0 0
-38.1 96.0 2886.9 06 0.9958481789 -0.0525813177 0.0743075386 0.0659752339 0.9793338180 -0.1911872178 -0.0627190098 0.1952959001 0.9787368774
-27.2 -105.8 2846.7 0.9958481789 -0.0525813177 0.0743075386 0.0659752339 0.9793338180 -0.1911872178 -0.0627190098 0.1952959001 0.9787368774
-18.5 -296.1 2801.5 0.9960870743 -0.0449134298 0.0761139169 0.0611941032 0.9718909860 -0.2273394763 -0.0637638345 0.2311076373 0.9708364606
-169.0 -114.5 2855.8 -0.0756464526 -0.7307468653 -0.6784442663 0.6447131634 0.4832001626 -0.5923364758 0.7606723905 -0.4822100997 0.4345697761
-147.8 -294.6 2643.3 -0.3400181830 -0.7066760063 -0.6204810143 0.4623105228 0.4489537776 -0.7646629810 0.8189362884 -0.5468541980 0.1740512997
114.5 -97.0 2837.6 0.0026569499 0.7214464545 0.6924651265 -0.7863513231 0.4292972088 -0.4442471266 -0.6177738309 -0.5433405042 0.5684509873
115.1 -287.2 2688.2 -0.4060616493 0.7214464545 0.5609179735 -0.3733065426 0.4292972088 -0.8224026561 -0.8341199756 -0.5433405042 0.0949995592
-103.6 -488.2 2764.0 0.9584706426 0.2338845730 -0.1631933153 -0.1722642928 0.0187515114 -0.9848722816 -0.2272863090 0.9720835090 0.0582627356
-195.2 -495.6 2383.5 0.9584706426 0.2726139724 0.0837596506 -0.1722642928 0.7874780893 -0.5917797685 -0.2272863090 0.5527747273 0.8017362952
75.9 -478.5 2752.8 0.9977630973 -0.0624491833 -0.0238515344 -0.0291625373 -0.0855643228 -0.9959057570 0.0601526611 0.9943736196 -0.0871941000
108.8 -433.6 2230.1 0.9977630973 0.0167354289 -0.0647203326 -0.0291625373 0.9801422954 -0.1961392909 0.0601526611 0.1975879520 0.9784378409
-60.5 -413.3 2433.0 0 0 0 0 0 0 0 0 0
11.1 -382.8 2474.6 0 0 0 0 0 0 0 0 0
-297.8 -792.1 2175.4 0 0 0 0 0 0 0 0 0
102.5 -802.7 2155.7 0 0 0 0 0 0 0 0 0
-39.5 98.5 2886.6 07 0.9972939491 -0.0572802760 0.0460835323 0.0650535226 0.9795802236 -0.1902384758 -0.0342456028 0.1927215755 0.9806557298
-27.7 -103.1 2846.9 0.9972939491 -0.0572802760 0.0460835323 0.0650535226 0.9795802236 -0.1902384758 -0.0342456028 0.1927215755 0.9806557298
-17.9 -293.5 2802.1 0.9975937009 -0.0499216653 0.0481101349 0.0595965795 0.9720385075 -0.2271329015 -0.0354260541 0.2294535637 0.9726746678
-169.7 -111.6 2852.0 -0.0810431913 -0.7160343528 -0.6933446527 0.6570724845 0.4846866429 -0.5773513913 0.7494583130 -0.5023680925 0.4312058985
-146.8 -297.2 2640.3 -0.3336415887 -0.7010657191 -0.6302302480 0.4583346248 0.4635668695 -0.7583107352 0.8237795234 -0.5418603420 0.1666575074
114.3 -94.6 2841.9 -0.0024054840 0.7269449234 0.6866915822 -0.7799799442 0.4283700585 -0.4562130570 -0.6257998943 -0.5367031097 0.5659720302
113.7 -288.8 2686.1 -0.4062187076 0.7269449234 0.5536582470 -0.3618971705 0.4283700585 -0.8279671073 -0.8390570879 -0.5367031097 0.0890673697
-99.6 -492.0 2762.1 0.9561231732 0.2378508449 -0.1710421294 -0.1769017577 0.0033479552 -0.9842228293 -0.2335255891 0.9712958932 0.0452772900
-192.7 -493.3 2381.9 0.9561231732 0.2789540589 0.0895156860 -0.1769017577 0.7932856083 -0.5825836658 -0.2335255891 0.5411862731 0.8078262210
80.2 -480.9 2750.6 0.9981726408 -0.0557604730 -0.0232838709 -0.0283338707 -0.0915597230 -0.9953964353 0.0533719100 0.9942371845 -0.0929723233
109.4 -433.0 2230.4 0.9981726408 0.0166945513 -0.0580746159 -0.0283338707 0.9781838059 -0.2057999969 0.0533719100 0.2070693970 0.9768693447
-61.1 -414.9 2428.7 0 0 0 0 0 0 0 0 0
9.7 -381.4 2471.2 0 0 0 0 0 0 0 0 0
-297.7 -792.0 2178.1 0 0 0 0 0 0 0 0 0
103.1 -801.4 2152.4 0 0 0 0 0 0 0 0 0
-39.1 97.7 2885.9 08 0.9963546991 -0.0681260005 0.0513430834 0.0765443072 0.9796538949 -0.1855240315 -0.0376594439 0.1887777597 0.9812974930
-25.1 -103.4 2847.2 0.9963546991 -0.0681260005 0.0513430834 0.0765443072 0.9796538949 -0.1855240315 -0.0376594439 0.1887777597 0.9812974930
-12.6 -293.8 2803.0 0.9965011477 -0.0639151037 0.0538551845 0.0743804350 0.9720555544 -0.2226555943 -0.0381191783 0.2258823067 0.9734085202
-167.1 -114.0 2852.6 -0.0741050839 -0.7261320949 -0.6835500002 0.6484132409 0.4856835008 -0.5862352848 0.7576732039 -0.4866658747 0.4348420501
-146.1 -297.0 2638.8 -0.3379095793 -0.7039738894 -0.6246902347 0.4621422589 0.4541021883 -0.7617189288 0.8199034333 -0.5460878611 0.1718906015
116.8 -92.8 2841.7 0.0046670744 0.7167346478 0.6973303556 -0.7852060199 0.4344348907 -0.4412684739 -0.6192170382 -0.5454885960 0.5648118854
117.9 -281.6 2692.9 -0.4056999981 0.7167346478 0.5671851039 -0.3764580786 0.4344348907 -0.8182576895 -0.8328786492 -0.5454885960 0.0935703218
-98.2 -489.2 2760.4 0.9547340870 0.2392765582 -0.1767188460 -0.1852191538 0.0133314384 -0.9826068282 -0.2327588648 0.9708599448 0.0570465811
-191.9 -494.4 2380.2 0.9547340870 0.2860454321 0.0816138908 -0.1852191538 0.7863584161 -0.5893507004 -0.2327588648 0.5475567579 0.8037443161
81.9 -478.4 2754.0 0.9984285235 -0.0515464880 -0.0219877027 -0.0264157113 -0.0868594423 -0.9958702922 0.0494237766 0.9948861003 -0.0880845785
109.1 -432.7 2230.6 0.9984285235 0.0152787557 -0.0539171509 -0.0264157113 0.9768363833 -0.2123508751 0.0494237766 0.2134414315 0.9757049084
-59.4 -415.7 2428.3 0 0 0 0 0 0 0 0 0
14.0 -378.0 2479.6 0 0 0 0 0 0 0 0 0
-299.6 -790.6 2174.0 0 0 0 0 0 0 0 0 0
103.3 -800.7 2150.2 0 0 0 0 0 0 0 0 0
-40.3 95.5 2886.6 09 0.9962752461 -0.0765565485 0.0396827161 0.0826917216 0.9786905050 -0.1879545897 -0.0244479459 0.1905359477 0.9813757539
-24.6 -105.1 2847.5 0.9962752461 -0.0765565485 0.0396827161 0.0826917216 0.9786905050 -0.1879545897 -0.0244479459 0.1905359477 0.9813757539
-10.7 -295.3 2803.0 0.9965796471 -0.0708735511 0.0424968265 0.0786661729 0.9711380005 -0.2251724154 -0.0253115129 0.2277453095 0.9733917117
-166.6 -116.3 2851.1 -0.0714478120 -0.7225688696 -0.6875968575 0.6504164338 0.4888849556 -0.5813346505 0.7562100887 -0.4887593687 0.4350408912
-146.6 -298.6 2639.2 -0.3434598744 -0.7039703727 -0.6216599345 0.4397296309 0.4643492997 -0.7687766552 0.8298633695 -0.5374062061 0.1500712782
117.4 -93.9 2843.9 -0.0008562875 0.7058231831 0.7083875537 -0.7801703215 0.4426723719 -0.4420129657 -0.6255666018 -0.5530413985 0.5502832532
117.2 -280.4 2694.4 -0.4055243134 0.7058231831 0.5808301568 -0.3876293600 0.4426723719 -0.8085694909 -0.8278245926 -0.5530413985 0.0940833762
-90.1 -490.9 2762.2 0.9529532194 0.2573397160 -0.1601760685 -0.1637748182 -0.0075346567 -0.9864689708 -0.2550645173 0.9662916064 0.0349655934
-190.9 -487.9 2383.9 0.9529532194 0.2810632885 0.1135056615 -0.1637748182 0.7925191522 -0.5874446034 -0.2550645173 0.5412178636 0.8012648225
89.9 -477.4 2755.3 0.9988863468 -0.0376498401 -0.0284359194 -0.0315042958 -0.0835849792 -0.9960025549 0.0351225175 0.9957891703 -0.0846780241
109.8 -433.3 2229.2 0.9988863468 0.0240106042 -0.0406153016 -0.0315042958 0.9802321196 -0.1953264624 0.0351225175 0.1963884979 0.9798969030
-58.4 -411.5 2426.2 0 0 0 0 0 0 0 0 0
13.3 -379.6 2482.4 0 0 0 0 0 0 0 0 0
-296.7 -786.4 2180.1 0 0 0 0 0 0 0 0 0
100.8 -802.4 2155.2 0 0 0 0 0 0 0 0 0
-38.8 97.8 2885.9 10 0.9971833229 -0.0727773532 0.0181348976 0.0748831257 0.9797040820 -0.1859364957 -0.0042348695 0.1867707670 0.9823943973
-23.8 -104.1 2847.4 0.9971833229 -0.0727773532 0.0181348976 0.0748831257 0.9797040820 -0.1859364957 -0.0042348695 0.1867707670 0.9823943973
-10.4 -294.6 2803.7 0.9974318743 -0.0685438886 0.0207696371 0.0714498460 0.9723499417 -0.2223298401 -0.0049560042 0.2232428491 0.9747502804
-165.9 -114.3 2848.1 -0.0800174177 -0.7084113359 -0.7012493014 0.6600685120 0.4895032644 -0.5698211193 0.7469315529 -0.5084682107 0.4284312427
-143.4 -299.5 2638.5 -0.3316222131 -0.7010858655 -0.6312727928 0.4355716407 0.4797686040 -0.7616425753 0.8368417025 -0.5275421143 0.1462711990
118.3 -93.9 2846.7 0.0272597875 0.6468345523 0.7621430159 -0.7679225206 0.5016561151 -0.3982914984 -0.6399623752 -0.5744094849 0.5103938580
124.9 -279.2 2692.4 -0.4259411693 0.6468345523 0.6325972080 -0.3871300519 0.5016561151 -0.7736093998 -0.8177434802 -0.5744094849 0.0367331132
-86.9 -492.6 2760.7 0.9519783258 0.2687425017 -0.1466788650 -0.1499949545 -0.0082697514 -0.9886521697 -0.2669058740 0.9631765485 0.0324373953
-192.1 -489.4 2383.5 0.9519783258 0.2763402760 0.1318077147 -0.1499949545 0.7962623239 -0.5860612988 -0.2669058740 0.5381471515 0.7994741201
93.2 -478.4 2756.1 0.9992777109 -0.0305914413 -0.0225443766 -0.0250464343 -0.0840369910 -0.9961478114 0.0285790358 0.9959929585 -0.0847424939
109.5 -433.7 2226.9 0.9992777109 0.0194457434 -0.0326488614 -0.0250464343 0.9831606746 -0.1810186505 0.0285790358 0.1817056388 0.9829375744
-58.3 -411.4 2423.7 0 0 0 0 0 0 0 0 0
15.8 -378.3 2483.0 0 0 0 0 0 0 0 0 0
-296.2 -789.3 2180.8 0 0 0 0 0 0 0 0 0
102.1 -804.0 2158.4 0 0 0 0 0 0 0 0 0
-38.4 95.9 2887.6 11 0.9967572093 -0.0755963475 0.0275726058 0.0795210451 0.9778045416 -0.1938417554 -0.0123068914 0.1954057813 0.9806452394
-22.8 -106.2 2847.2 0.9967572093 -0.0755963475 0.0275726058 0.0795210451 0.9778045416 -0.1938417554 -0.0123068914 0.1954057813 0.9806452394
-8.8 -296.3 2802.2 0.9969781041 -0.0715838745 0.0301735569 0.0765971169 0.9705792665 -0.2282733619 -0.0129451379 0.2298947424 0.9731293917
-164.9 -117.2 2849.1 -0.0770793259 -0.7154690027 -0.6943795085 0.6508780122 0.4914619029 -0.5786389112 0.7552592754 -0.4965574443 0.4278015196
-143.5 -297.8 2639.4 -0.3208113909 -0.7078202963 -0.6293413043 0.4336116016 0.4809809923 -0.7619962096 0.8420575857 -0.5173467398 0.1526149213
119.3 -95.3 2845.4 0.0147936568 0.6870411038 0.7264679074 -0.7728862762 0.4688090980 -0.4276269972 -0.6343721151 -0.5551509261 0.5379400253
122.8 -282.2 2691.9 -0.4125132859 0.6870411038 0.5981699228 -0.3773055673 0.4688090980 -0.7986604571 -0.8291400671 -0.5551509261 0.0658344626
-87.1 -491.4 2760.5 0.9523502588 0.2716234326 -0.1387430876 -0.1454529464 0.0046242937 -0.9893543720 -0.2680902481 0.9623925090 0.0439123735
-193.5 -493.3 2383.6 0.9523502588 0.2763630748 0.1290441006 -0.1454529464 0.7833893299 -0.6042720079 -0.2680902481 0.5567087531 0.7862588763
93.2 -478.5 2759.6 0.9992855787 -0.0302644577 -0.0226360243 -0.0251467004 -0.0853295773 -0.9960353971 0.0282129478 0.9958930016 -0.0860296637
109.3 -433.0 2228.7 0.9992855787 0.0193128102 -0.0324860327 -0.0251467004 0.9814512134 -0.1900556237 0.0282129478 0.1907367706 0.9812356830
-61.1 -409.1 2423.2 0 0 0 0 0 0 0 0 0
17.2 -378.8 2479.7 0 0 0 0 0 0 0 0 0
-297.5 -788.2 2173.9 0 0 0 0 0 0 0 0 0
102.0 -802.7 2156.9 0 0 0 0 0 0 0 0 0
-37.1 93.6 2886.9 12 0.9969685674 -0.0728415102 0.0273450576 0.0767710730 0.9780708551 -0.1936067790 -0.0126427934 0.1951191872 0.9806980491
-22.1 -107.9 2846.8 0.9969685674 -0.0728415102 0.0273450576 0.0767710730 0.9780708551 -0.1936067790 -0.0126427934 0.1951191872 0.9806980491
-8.1 -297.9 2801.4 0.9969958663 -0.0713939965 0.0300359093 0.0764026940 0.9701979160 -0.2299536169 -0.0127234701 0.2315576226 0.9727379680
-164.2 -118.8 2848.6 -0.0722145066 -0.7158930302 -0.6944653988 0.6451665759 0.4974658787 -0.5799032450 0.7606215477 -0.4899232984 0.4259460270
-143.9 -299.4 2635.6 -0.3262337446 -0.7022187114 -0.6328194141 0.4419287443 0.4784842730 -0.7587831020 0.8356258273 -0.5272017121 0.1542329192
120.0 -97.0 2844.9 -0.0092897639 0.7220076323 0.6918227077 -0.7680682540 0.4378606379 -0.4672785103 -0.6403005719 -0.5357080102 0.5504835248
117.7 -283.3 2689.6 -0.3893893361 0.7220076323 0.5719099045 -0.3828572035 0.4378606379 -0.8134484887 -0.8377328515 -0.5357080102 0.1059275642
-84.9 -493.3 2758.3 0.9510357976 0.2753643990 -0.1403757185 -0.1467597634 0.0026093686 -0.9891687036 -0.2720155418 0.9613363743 0.0428940170
-192.7 -494.4 2381.8 0.9510357976 0.2785088122 0.1340288818 -0.1467597634 0.7885456681 -0.5972079039 -0.2720155418 0.5482960939 0.7908090353
95.3 -479.5 2756.0 0.9994245172 -0.0248456057 -0.0230926797 -0.0252151750 -0.0888129771 -0.9957290888 0.0226885639 0.9957383871 -0.0893883556
108.4 -432.6 2230.2 0.9994245172 0.0202342309 -0.0272241049 -0.0252151750 0.9800238609 -0.1972749978 0.0226885639 0.1978479475 0.9799700975
-60.2 -412.9 2421.0 0 0 0 0 0 0 0 0 0
18.1 -381.3 2475.2 0 0 0 0 0 0 0 0 0
-297.6 -791.3 2175.3 0 0 0 0 0 0 0 0 0
100.8 -801.7 2155.7 0 0 0 0 0 0 0 0 0
-38.1 95.9 2887.6 13 0.9969757795 -0.0767986029 0.0118873985 0.0776481852 0.9781651497 -0.1927788705 0.0031773085 0.1931189001 0.9811702371
-22.3 -105.4 2847.9 0.9969757795 -0.0767986029 0.0118873985 0.0776481852 0.9781651497 -0.1927788705 0.0031773085 0.1931189001 0.9811702371
-7.8 -295.2 2802.0 0.9971536398 -0.0738765076 0.0150618739 0.0753488913 0.9693582654 -0.2338099629 0.0026727114 0.2342793494 0.9721656442
-164.4 -116.1 2847.5 -0.0710574985 -0.7083658576 -0.7022596598 0.6451482773 0.5043142438 -0.5739780664 0.7607460618 -0.4938470423 0.4211657047
-144.2 -299.6 2631.1 -0.3450316191 -0.6847295761 -0.6419490576 0.4620177746 0.4714446068 -0.7511854172 0.8170022964 -0.5557746291 0.1536939442
119.8 -94.6 2848.3 -0.0184535980 0.7560453415 0.6542590261 -0.7684429884 0.4079159498 -0.4930516779 -0.6396521330 -0.5118593574 0.5734502673
115.2 -285.4 2689.5 -0.3748048246 0.7560453415 0.5365787148 -0.3712969422 0.4079159498 -0.8341121674 -0.8495056629 -0.5118593574 0.1278284639
-84.2 -494.8 2757.2 0.9490334988 0.2745668292 -0.1547529697 -0.1573532522 -0.0126709761 -0.9874610901 -0.2730849385 0.9614845514 0.0311788023
-191.8 -489.9 2380.6 0.9490334988 0.2847326696 0.1351396590 -0.1573532522 0.7995610237 -0.5796051621 -0.2730849385 0.5288000703 0.8036137819
96.0 -481.0 2754.9 0.9994603992 -0.0248885378 -0.0214366652 -0.0236692019 -0.0931776837 -0.9953681231 0.0227758382 0.9953383803 -0.0937164947
109.1 -432.0 2230.8 0.9994603992 0.0188079085 -0.0269301422 -0.0236692019 0.9808285236 -0.1934299916 0.0227758382 0.1939630210 0.9807444215
-55.6 -418.2 2421.4 0 0 0 0 0 0 0 0 0
19.3 -380.4 2472.0 0 0 0 0 0 0 0 0 0
-299.0 -790.9 2181.5 0 0 0 0 0 0 0 0 0
102.0 -801.4 2157.8 0 0 0 0 0 0 0 0 0
-39.3 97.5 2898.4 14 0.9966121316 -0.0801588073 0.0184064824 0.0822402164 0.9736786485 -0.2125709206 -0.0008825686 0.2133645117 0.9769722819
-22.9 -102.3 2854.7 0.9966121316 -0.0801588073 0.0184064824 0.0822402164 0.9736786485 -0.2125709206 -0.0008825686 0.2133645117 0.9769722819
-7.8 -291.2 2805.2 0.9967945814 -0.0770383626 0.0215797760 0.0799910650 0.9644948840 -0.2516962588 -0.0014233160 0.2526156604 0.9675656557
-164.9 -113.7 2854.9 -0.0657214150 -0.7130129337 -0.6980639100 0.6409043074 0.5060335994 -0.5772102475 0.7648022175 -0.4853272140 0.4237158000
-145.8 -300.1 2632.4 -0.3712174892 -0.6784641147 -0.6339432001 0.4558337927 0.4616438448 -0.7609865665 0.8089580536 -0.5714642406 0.1378965825
119.2 -90.9 2854.5 -0.0112613523 0.7315527201 0.6816918850 -0.7679097652 0.4303240478 -0.4744847715 -0.6404590607 -0.5288211703 0.5569204092
116.4 -283.8 2693.6 -0.3892940283 0.7315527201 0.5597149134 -0.3731198013 0.4303240478 -0.8219506145 -0.8421589732 -0.5288211703 0.1054342166
-83.5 -491.9 2755.9 0.9489610791 0.2765989304 -0.1515450776 -0.1545903981 -0.0108963707 -0.9879185557 -0.2749085128 0.9609236717 0.0324193053
-191.8 -487.6 2379.5 0.9489610791 0.2827042341 0.1398255527 -0.1545903981 0.8033549190 -0.5750849843 -0.2749085128 0.5241175890 0.8060559034
96.8 -478.3 2756.4 0.9995539188 -0.0228110272 -0.0192776229 -0.0212056786 -0.0875436440 -0.9959349632 0.0210306663 0.9958994985 -0.0879883170
108.8 -432.1 2230.9 0.9995539188 0.0168418791 -0.0246641599 -0.0212056786 0.9817461967 -0.1890097558 0.0210306663 0.1894484609 0.9816654325
-50.5 -417.1 2424.8 0 0 0 0 0 0 0 0 0
16.7 -379.3 2478.0 0 0 0 0 0 0 0 0 0
-298.3 -790.2 2182.1 0 0 0 0 0 0 0 0 0
102.5 -801.9 2159.5 0 0 0 0 0 0 0 0 0
-41.3 96.6 2892.4 15 0.9959365726 -0.0893265679 0.0114522763 0.0897828490 0.9749082327 -0.2036982775 0.0070307502 0.2038987726 0.9789667130
-23.0 -103.2 2850.6 0.9959365726 -0.0893265679 0.0114522763 0.0897828490 0.9749082327 -0.2036982775 0.0070307502 0.2038987726 0.9789667130
-6.5 -292.5 2803.1 0.9963352084 -0.0842335671 0.0148595935 0.0853230879 0.9665642381 -0.2418130934 0.0060060285 0.2421947718 0.9702090621
-165.0 -115.4 2849.7 -0.0604595132 -0.7119762897 -0.6995959282 0.6547430158 0.5007427931 -0.5661875010 0.7534296513 -0.4922869205 0.4358868301
-148.2 -297.3 2640.3 -0.3637942970 -0.6850450039 -0.6311632395 0.4463977218 0.4664951861 -0.7636172771 0.8175467849 -0.5595494509 0.1360942423
119.0 -91.0 2851.4 0.0028345718 0.7248777151 0.6888717413 -0.7758961320 0.4361754656 -0.4557808340 -0.6308543086 -0.5332009792 0.5636661649
119.7 -278.0 2699.4 -0.3861702681 0.7248777151 0.5704602003 -0.3836731613 0.4361754656 -0.8139691949 -0.8388488889 -0.5332009792 0.1096781120
-82.8 -487.3 2755.8 0.9490230680 0.2859110832 -0.1327030063 -0.1459908634 0.0255720839 -0.9889553785 -0.2793598175 0.9579148889 0.0660089031
-194.7 -497.3 2380.9 0.9490230680 0.2823295593 0.1401615292 -0.1459908634 0.7877983451 -0.5983815193 -0.2793598175 0.5474155545 0.7888563275
97.4 -472.8 2755.6 0.9994762540 -0.0233350713 -0.0224215928 -0.0241683256 -0.0774820819 -0.9967007637 0.0215208121 0.9967206120 -0.0780054703
109.7 -432.0 2230.9 0.9994762540 0.0195455384 -0.0257919636 -0.0241683256 0.9808509946 -0.1932543218 0.0215208121 0.1937764436 0.9808096290
-54.8 -411.9 2430.5 0 0 0 0 0 0 0 0 0
20.8 -376.2 2484.6 0 0 0 0 0 0 0 0 0
-301.0 -793.9 2174.8 0 0 0 0 0 0 0 0 0
102.3 -801.5 2157.9 0 0 0 0 0 0 0 0 0
-39.3 95.0 2888.8 16 0.9959270358 -0.0883652419 -0.0179128479 0.0829888657 0.9760736823 -0.2009801567 0.0352439210 0.1986750215 0.9794315100
-21.2 -105.4 2848.0 0.9959270358 -0.0883652419 -0.0179128479 0.0829888657 0.9760736823 -0.2009801567 0.0352439210 0.1986750215 0.9794315100
-4.9 -295.0 2801.7 0.9964026809 -0.0834809169 -0.0145818135 0.0776082352 0.9679961801 -0.2386636585 0.0340390019 0.2366734445 0.9709928036
-163.1 -116.5 2843.2 -0.0643191412 -0.6944141984 -0.7166951895 0.6576538682 0.5106685162 -0.5538131595 0.7505694032 -0.5069581270 0.4238384366
-145.2 -300.1 2633.7 -0.3677055538 -0.6695406437 -0.6453742981 0.4498181343 0.4793482721 -0.7535840273 0.8139141798 -0.5673980713 0.1249125153
120.8 -94.4 2852.9 -0.0057759383 0.7391473651 0.6735189557 -0.7709873319 0.4256358743 -0.4737221003 -0.6368243098 -0.5220108032 0.5674148202
119.4 -278.3 2701.0 -0.3817920387 0.7391473651 0.5548837185 -0.3737163842 0.4256358743 -0.8241178393 -0.8453229666 -0.5220108032 0.1137270853
-80.1 -489.5 2755.2 0.9477381706 0.2952954173 -0.1208014041 -0.1350593865 0.0282943435 -0.9904334545 -0.2890524566 0.9549869299 0.0666980520
-195.7 -500.6 2381.2 0.9477381706 0.2822324038 0.1487858593 -0.1350593865 0.7773955464 -0.6143411994 -0.2890524566 0.5621396303 0.7748855948
100.0 -474.1 2756.3 0.9997909069 -0.0168186687 -0.0116309002 -0.0129202567 -0.0787046924 -0.9968142509 0.0158496816 0.9967560768 -0.0789055377
108.9 -432.5 2230.3 0.9997909069 0.0095258038 -0.0180943217 -0.0129202567 0.9801358581 -0.1979058981 0.0158496816 0.1980983019 0.9800540209
-50.8 -415.6 2424.7 0 0 0 0 0 0 0 0 0
21.6 -374.0 2484.5 0 0 0 0 0 0 0 0 0
-302.0 -793.3 2169.6 0 0 0 0 0 0 0 0 0
105.3 -801.7 2155.7 0 0 0 0 0 0 0 0 0
-39.4 94.0 2886.0 17 0.9974625707 -0.0710152611 0.0050291531 0.0706124082 0.9778507948 -0.1970321685 0.0090745287 0.1968873292 0.9803841114
-24.8 -106.9 2845.6 0.9974625707 -0.0710152611 0.0050291531 0.0706124082 0.9778507948 -0.1970321685 0.0090745287 0.1968873292 0.9803841114
-12.0 -296.7 2799.1 0.9978217483 -0.0654960722 0.0078756511 0.0654893667 0.9691454768 -0.2376304269 0.0079312073 0.2376285791 0.9713237286
-167.0 -116.2 2844.5 -0.0802295282 -0.6998068094 -0.7098124027 0.6493381858 0.5035841465 -0.5698797107 0.7562559843 -0.5066295266 0.4140089750
-143.9 -302.8 2627.2 -0.3630195260 -0.6779977083 -0.6391682029 0.4456519783 0.4760828614 -0.7581157088 0.8182977438 -0.5600573421 0.1293236315
117.3 -97.5 2846.7 0.0072543495 0.7356032133 0.6773738265 -0.7783018947 0.4294638932 -0.4580468237 -0.6278483272 -0.5238785148 0.5756368637
119.0 -280.2 2699.4 -0.3871009648 0.7356032133 0.5559143424 -0.3681521714 0.4294638932 -0.8246361017 -0.8453500867 -0.5238785148 0.1045680195
-78.6 -491.6 2752.2 0.9464799762 0.2990088761 -0.1215290576 -0.1334039122 0.0195471290 -0.9908689857 -0.2939030528 0.9540501237 0.0583899170
-195.7 -499.3 2378.6 0.9464799762 0.2809133232 0.1589443684 -0.1334039122 0.7888939977 -0.5998746753 -0.2939030528 0.5465655923 0.7841473222
101.5 -477.6 2758.4 0.9997779131 -0.0140285715 -0.0157258995 -0.0168724209 -0.0857496113 -0.9961738586 0.0126264067 0.9962179661 -0.0859672576
109.0 -432.0 2229.0 0.9997779131 0.0140533727 -0.0157037396 -0.0168724209 0.9802722931 -0.1969302744 0.0126264067 0.1971514970 0.9802917242
-50.7 -417.2 2417.0 0 0 0 0 0 0 0 0 0
19.8 -374.5 2482.9 0 0 0 0 0 0 0 0 0
-301.4 -796.3 2172.8 0 0 0 0 0 0 0 0 0
103.7 -801.2 2154.8 0 0 0 0 0 0 0 0 0
-40.5 94.0 2885.7 18 0.9968631268 -0.0788668096 -0.0066288025 0.0759316534 0.9766534567 -0.2009537518 0.0223226249 0.1998200417 0.9795783162
-24.1 -108.2 2844.3 0.9968631268 -0.0788668096 -0.0066288025 0.0759316534 0.9766534567 -0.2009537518 0.0223226249 0.1998200417 0.9795783162
-10.0 -297.8 2797.4 0.9973784089 -0.0722756088 -0.0035443609 0.0693014339 0.9681367278 -0.2406420857 0.0208239798 0.2397655845 0.9706074595
-166.2 -118.1 2841.3 -0.0795286745 -0.6959047318 -0.7137168646 0.6489973068 0.5073045492 -0.5669608712 0.7566225529 -0.5082899928 0.4112950265
-143.6 -302.8 2625.9 -0.3574783206 -0.6787308455 -0.6415088773 0.4363896549 0.4859031141 -0.7572728992 0.8256956339 -0.5506564975 0.1224913001
117.9 -98.3 2847.3 -0.0102765644 0.7538838983 0.6569272876 -0.7714224458 0.4120306969 -0.4849104285 -0.6362403631 -0.5117516518 0.5773286819
115.5 -284.4 2693.8 -0.3762249947 0.7538838983 0.5386221409 -0.3678285480 0.4120306969 -0.8336263299 -0.8503863215 -0.5117516518 0.1222837865
-89.4 -492.4 2751.9 0.9512814879 0.2736163139 -0.1421185732 -0.1517762989 0.0143436315 -0.9883108139 -0.2683794498 0.9617319703 0.0551733002
-196.5 -498.0 2375.3 0.9512814879 0.2772848904 0.1348208636 -0.1517762989 0.8017591238 -0.5780538321 -0.2683794498 0.5294293165 0.8047838807
90.9 -480.5 2753.3 0.9991542101 -0.0347467661 -0.0219899137 -0.0251235403 -0.0924862847 -0.9953969717 0.0325530581 0.9951075315 -0.0932810158
109.1 -432.1 2232.7 0.9991542101 0.0175879598 -0.0371693112 -0.0251235403 0.9766862392 -0.2131966799 0.0325530581 0.2139501870 0.9763020277
-51.8 -414.9 2413.9 0 0 0 0 0 0 0 0 0
19.1 -378.6 2476.0 0 0 0 0 0 0 0 0 0
-300.9 -799.8 2176.0 0 0 0 0 0 0 0 0 0
102.5 -799.9 2152.1 0 0 0 0 0 0 0 0 0
-41.8 96.8 2887.5 19 0.9964830875 -0.0837161988 0.0036184422 0.0827677548 0.9766178131 -0.1984115392 0.0130764237 0.1980132312 0.9801121354
-24.5 -105.0 2846.5 0.9964830875 -0.0837161988 0.0036184422 0.0827677548 0.9766178131 -0.1984115392 0.0130764237 0.1980132312 0.9801121354
-9.4 -294.6 2800.0 0.9970094562 -0.0769733414 0.0068769106 0.0763968676 0.9682926536 -0.2378505021 0.0116492864 0.2376645654 0.9712774158
-166.6 -115.9 2844.9 -0.0845320448 -0.7031816244 -0.7059673667 0.6557822824 0.4941691458 -0.5707420111 0.7502025962 -0.5112068653 0.4193609059
-142.3 -304.5 2629.1 -0.3470412195 -0.6920365095 -0.6329674721 0.4336369932 0.4800308347 -0.7625807524 0.8315776587 -0.5391250253 0.1335021406
117.5 -94.1 2848.2 0.0014625733 0.7293970585 0.6840890646 -0.7732052803 0.4346436858 -0.4617775381 -0.6341541409 -0.5282658339 0.5646093488
117.9 -284.9 2691.7 -0.3887735903 0.7293970585 0.5628810525 -0.3720219135 0.4346436858 -0.8201735020 -0.8428848386 -0.5282658339 0.1023736894
-86.0 -493.7 2748.6 0.9505636692 0.2834651470 -0.1267919093 -0.1377904862 0.0191188995 -0.9902768731 -0.2782848477 0.9587919116 0.0572325327
-197.0 -501.1 2373.1 0.9505636692 0.2736232281 0.1468298435 -0.1377904862 0.7953994870 -0.5902147293 -0.2782848477 0.5408049226 0.7937805653
94.1 -477.1 2755.0 0.9997224212 -0.0129827242 -0.0196592119 -0.0207457449 -0.0896752849 -0.9957549572 0.0111646662 0.9958864450 -0.0899197310
100.8 -430.4 2237.0 0.9997224212 0.0178199243 -0.0154105816 -0.0207457449 0.9758633375 -0.2173945606 0.0111646662 0.2176539302 0.9759621620
-53.2 -415.8 2415.6 0 0 0 0 0 0 0 0 0
18.3 -380.2 2475.9 0 0 0 0 0 0 0 0 0
-300.0 -800.7 2169.4 0 0 0 0 0 0 0 0 0
94.1 -797.9 2155.0 0 0 0 0 0 0 0 0 0
-40.0 95.5 2887.9 20 0.9942167401 -0.0816151723 0.0698000938 0.0934546515 0.9777284861 -0.1879180670 -0.0529085733 0.1933544278 0.9797013402
-23.1 -107.4 2847.7 0.9942167401 -0.0816151723 0.0698000938 0.0934546515 0.9777284861 -0.1879180670 -0.0529085733 0.1933544278 0.9797013402
-8.9 -297.6 2803.3 0.9947492480 -0.0722271055 0.0725060850 0.0867084786 0.9711384773 -0.2221975178 -0.0543647669 0.2273177058 0.9723019600
-164.5 -119.7 2855.5 -0.0716186985 -0.7408744693 -0.6678141952 0.6310322881 0.4848527908 -0.6055708528 0.7724435329 -0.4647825062 0.4327911735
-143.7 -302.9 2631.2 -0.3412899375 -0.7136752605 -0.6117097139 0.4503855109 0.4470500946 -0.7728512883 0.8250297308 -0.5392715335 0.1688553095
118.4 -95.1 2840.0 0.0281022862 0.6894688010 0.7237700224 -0.7847915292 0.4636742771 -0.4112279713 -0.6191223860 -0.5564521551 0.5541195273
124.9 -278.5 2695.3 -0.4067424536 0.6894688010 0.5993274450 -0.3878254890 0.4636742771 -0.7966163158 -0.8271347880 -0.5564521551 0.0787975565
-84.5 -491.2 2752.4 0.9498600960 0.2758687735 -0.1471807659 -0.1562558562 0.0110830525 -0.9876544476 -0.2708318233 0.9611313939 0.0536334626
-192.5 -495.5 2376.0 0.9498600960 0.2835355103 0.1318081319 -0.1562558562 0.7955803275 -0.5853512287 -0.2708318233 0.5354059935 0.7999941111
95.6 -475.3 2755.9 0.9997544289 -0.0151205789 -0.0162019674 -0.0173926540 -0.0822575465 -0.9964593053 0.0137343081 0.9964963794 -0.0825003311
103.5 -432.3 2234.1 0.9997544289 0.0141465021 -0.0170590766 -0.0173926540 0.9778956771 -0.2083687931 0.0137343081 0.2086143196 0.9779015183
-56.1 -418.5 2419.4 0 0 0 0 0 0 0 0 0
20.8 -377.8 2483.6 0 0 0 0 0 0 0 0 0
-299.3 -795.1 2174.4 0 0 0 0 0 0 0 0 0
98.2 -800.6 2155.5 0 0 0 0 0 0 0 0 0
-41.4 95.7 2887.6 21 0.9957130551 -0.0816340744 0.0434907787 0.0883665383 0.9784731269 -0.1864984334 -0.0273299310 0.1895420551 0.9814921618
-24.5 -106.7 2848.4 0.9957130551 -0.0816340744 0.0434907787 0.0883665383 0.9784731269 -0.1864984334 -0.0273299310 0.1895420551 0.9814921618
-9.9 -296.9 2803.9 0.9961568117 -0.0742246807 0.0465006195 0.0828156248 0.9710304737 -0.2241459191 -0.0285163578 0.2271354645 0.9734455943
-166.3 -118.5 2852.4 -0.0798127428 -0.7260375023 -0.6830076575 0.6468994021 0.4835787416 -0.5896378160 0.7583871484 -0.4888978601 0.4310775101
-144.0 -298.6 2641.3 -0.3296545446 -0.7121819258 -0.6197779775 0.4405348897 0.4645880759 -0.7681711316 0.8350191116 -0.5262649655 0.1605874151
117.3 -94.9 2844.3 0.0261740927 0.6534073949 0.7565538287 -0.7659849524 0.4993960261 -0.4048094451 -0.6423254609 -0.5689132810 0.5135715008
123.7 -282.0 2687.5 -0.4236490428 0.6534073949 0.6273597479 -0.3815887570 0.4993960261 -0.7778133750 -0.8215299845 -0.5689132810 0.0377642699
-84.4 -495.6 2763.7 0.9507803917 0.2620806396 -0.1653191149 -0.1559516340 -0.0563000850 -0.9861589074 -0.2677606344 0.9634023309 -0.0126571087
-186.8 -473.6 2387.2 0.9507803917 0.2796998322 0.1333592534 -0.1559516340 0.8038297296 -0.5740529895 -0.2677606344 0.5250007510 0.8078851700
95.0 -479.0 2754.5 0.9997349977 -0.0195025746 -0.0122325029 -0.0138859022 -0.0870304257 -0.9961088896 0.0183620881 0.9960147142 -0.0872781724
105.2 -433.4 2232.5 0.9997349977 0.0097464407 -0.0208564494 -0.0138859022 0.9778968096 -0.2086265534 0.0183620881 0.2088608742 0.9777729511
-59.4 -411.7 2426.9 0 0 0 0 0 0 0 0 0
15.2 -379.7 2477.1 0 0 0 0 0 0 0 0 0
-292.1 -776.3 2189.5 0 0 0 0 0 0 0 0 0
101.6 -801.7 2153.8 0 0 0 0 0 0 0 0 0
-42.2 95.6 2885.9 22 0.9956882000 -0.0904885530 0.0204170477 0.0927234441 0.9773069024 -0.1904562712 -0.0027196102 0.1915282011 0.9814833403
-23.5 -106.5 2846.3 0.9956882000 -0.0904885530 0.0204170477 0.0927234441 0.9773069024 -0.1904562712 -0.0027196102 0.1915282011 0.9814833403
-7.3 -296.3 2801.1 0.9963105321 -0.0824179202 0.0239289049 0.0857165009 0.9694094658 -0.2299954891 -0.0042411564 0.2311980426 0.9728974700
-165.3 -118.7 2846.9 -0.0801686421 -0.7156611085 -0.6938315034 0.6574186087 0.4852527082 -0.5764812231 0.7492488027 -0.5023534298 0.4315868616
-143.2 -299.6 2640.7 -0.3287536800 -0.7079657912 -0.6250643134 0.4333573878 0.4749766290 -0.7658972144 0.8391200304 -0.5226677656 0.1506519020
118.4 -94.3 2845.7 0.0312152058 0.6236481667 0.7810816765 -0.7605663538 0.5218534470 -0.3862742186 -0.6485093832 -0.5820068121 0.4906155765
126.1 -282.2 2685.5 -0.4424118400 0.6236481667 0.6444646716 -0.3781911433 0.5218534470 -0.7646178007 -0.8131686449 -0.5820068121 0.0049840594
-85.3 -494.5 2762.0 0.9513944983 0.2732639015 -0.1420399696 -0.1398972720 -0.0274157189 -0.9897863865 -0.2743670344 0.9615483284 0.0121457120
-192.1 -483.8 2386.0 0.9513944983 0.2723040581 0.1438715011 -0.1398972720 0.7982896566 -0.5858006477 -0.2743670344 0.5372002721 0.7975829840
94.5 -479.1 2757.2 0.9996697903 -0.0231994800 -0.0110486066 -0.0130589502 -0.0883729011 -0.9960018396 0.0221303292 0.9958172441 -0.0886466801
106.7 -432.7 2234.3 0.9996697903 0.0078536207 -0.0244664717 -0.0130589502 0.9752980471 -0.2205065340 0.0221303292 0.2207532376 0.9750785828
-58.8 -410.9 2425.2 0 0 0 0 0 0 0 0 0
12.8 -379.0 2477.4 0 0 0 0 0 0 0 0 0
-294.7 -784.4 2183.7 0 0 0 0 0 0 0 0 0
103.8 -800.0 2151.2 0 0 0 0 0 0 0 0 0
-39.6 93.4 2885.1 23 0.9957104921 -0.0904940143 -0.0192741584 0.0850321576 0.9771275520 -0.1949134022 0.0364718065 0.1924383938 0.9806310534
-21.0 -107.6 2845.5 0.9957104921 -0.0904940143 -0.0192741584 0.0850321576 0.9771275520 -0.1949134022 0.0364718065 0.1924383938 0.9806310534
-4.5 -297.6 2800.7 0.9963399768 -0.0839602500 -0.0160397924 0.0780064315 0.9698193669 -0.2310096174 0.0349513255 0.2289129198 0.9728192687
-162.8 -118.7 2840.5 -0.0710123032 -0.6932423115 -0.7171975970 0.6645910740 0.5032906532 -0.5522836447 0.7438251972 -0.5158620477 0.4249828160
-143.1 -303.0 2634.4 -0.3411713839 -0.6842141747 -0.6445564628 0.4370981753 0.4915815592 -0.7531883717 0.8321942687 -0.5387007594 0.1313551962
120.8 -96.5 2850.5 0.0181160234 0.6289474964 0.7772367001 -0.7530125976 0.5199831128 -0.4032239914 -0.6577566862 -0.5779641867 0.4830254018
125.3 -282.0 2688.5 -0.4393832684 0.6289474964 0.6413792968 -0.3755593300 0.5199831128 -0.7671849728 -0.8160254359 -0.5779641867 0.0077352109
-81.1 -493.9 2756.2 0.9481914639 0.2841004431 -0.1421967894 -0.1432169080 -0.0172910392 -0.9895402789 -0.2835875750 0.9586386085 0.0242927764
-192.3 -487.2 2381.0 0.9481914639 0.2786100805 0.1526742280 -0.1432169080 0.8038098812 -0.5773894787 -0.2835875750 0.5256102085 0.8020673394
98.8 -478.2 2755.6 0.9997680783 -0.0176540650 -0.0123337023 -0.0138390064 -0.0878533944 -0.9960373044 0.0165005494 0.9959769845 -0.0880773365
108.1 -432.2 2233.4 0.9997680783 0.0098774750 -0.0191369206 -0.0138390064 0.9755193591 -0.2194777876 0.0165005494 0.2196917236 0.9754297733
-55.5 -415.2 2420.7 0 0 0 0 0 0 0 0 0
12.8 -378.2 2479.5 0 0 0 0 0 0 0 0 0
-297.2 -789.9 2183.1 0 0 0 0 0 0 0 0 0
104.4 -799.6 2150.7 0 0 0 0 0 0 0 0 0
-41.3 95.0 2886.7 24 0.9947628379 -0.0978740007 -0.0294553246 0.0901299715 0.9758856893 -0.1988057643 0.0482029468 0.1951097846 0.9795961380
-21.2 -105.8 2846.5 0.9947628379 -0.0978740007 -0.0294553246 0.0901299715 0.9758856893 -0.1988057643 0.0482029468 0.1951097846 0.9795961380
-2.9 -295.4 2801.2 0.9952931404 -0.0933818966 -0.0259112194 0.0847389847 0.9683349133 -0.2348335385 0.0470199399 0.2315325141 0.9716901779
-162.9 -117.9 2839.8 -0.0713815838 -0.6917985082 -0.7185537815 0.6550875902 0.5107300878 -0.5567899346 0.7521734834 -0.5104601979 0.4167318642
-142.6 -304.4 2625.6 -0.3538948596 -0.6765018702 -0.6458356380 0.4360638857 0.4915326536 -0.7538195848 0.8274096251 -0.5483984351 0.1210471466
120.6 -93.7 2853.2 0.0135369189 0.6328977942 0.7741169930 -0.7482176423 0.5199892521 -0.4120455682 -0.6633152366 -0.5736301541 0.4805843234
124.0 -280.4 2687.8 -0.4220444858 0.6328977942 0.6490907669 -0.3894352019 0.5199892521 -0.7602311373 -0.8186688423 -0.5736301541 0.0270140842
-78.0 -494.6 2752.7 0.9460625052 0.2939659655 -0.1361972839 -0.1392684877 -0.0105645796 -0.9901983142 -0.2925234437 0.9557574987 0.0309454389
-193.1 -490.5 2378.5 0.9460625052 0.2809880972 0.1612804234 -0.1392684877 0.8021704555 -0.5806262493 -0.2925234437 0.5268474817 0.7980362177
101.9 -480.4 2759.1 0.9998346567 -0.0128767034 -0.0128388731 -0.0139556322 -0.0907604843 -0.9957749844 0.0116570359 0.9957895279 -0.0909251794
108.7 -432.3 2232.0 0.9998346567 0.0112823043 -0.0142602865 -0.0139556322 0.9788661599 -0.2040252835 0.0116570359 0.2041905671 0.9788617492
-51.7 -416.4 2413.2 0 0 0 0 0 0 0 0 0
15.9 -380.1 2478.2 0 0 0 0 0 0 0 0 0
-298.9 -792.6 2180.1 0 0 0 0 0 0 0 0 0
104.4 -801.0 2155.1 0 0 0 0 0 0 0 0 0
-43.2 94.1 2886.0 25 0.9952148795 -0.0970973819 -0.0109291701 0.0932230651 0.9770579934 -0.1914866716 0.0292712897 0.1895515472 0.9814343452
-23.3 -106.7 2847.0 0.9952148795 -0.0970973819 -0.0109291701 0.0932230651 0.9770579934 -0.1914866716 0.0292712897 0.1895515472 0.9814343452
-5.0 -296.5 2802.5 0.9956272840 -0.0931319967 -0.0072584879 0.0890030935 0.9693384767 -0.2290445119 0.0283673033 0.2273969501 0.9733889103
-165.1 -119.3 2843.0 -0.0772923157 -0.7028416395 -0.7071347237 0.6493411660 0.5027176738 -0.5706408620 0.7565593123 -0.5032778382 0.4175277948
-143.0 -304.7 2627.0 -0.3594417870 -0.6836326718 -0.6351755261 0.4358567595 0.4788662493 -0.7620472312 0.8251245618 -0.5507571697 0.1258413792
118.5 -94.0 2851.1 0.0401372612 0.5875111222 0.8082200289 -0.7472968698 0.5545892715 -0.3660301864 -0.6632769704 -0.5892888904 0.4613049328
128.4 -278.3 2687.5 -0.4366533160 0.5875111222 0.6812962294 -0.3958377242 0.5545892715 -0.7319447994 -0.8078653216 -0.5892888904 -0.0096041746
-74.5 -492.8 2751.6 0.9445762634 0.3044000566 -0.1229484007 -0.1252737492 -0.0119591774 -0.9920501113 -0.3034504652 0.9524692297 0.0268369801
-193.7 -488.1 2378.7 0.9445762634 0.2738701999 0.1810271293 -0.1252737492 0.8103866577 -0.5723459721 -0.3034504652 0.5179464817 0.7997807860
105.3 -477.4 2760.2 0.9998927116 -0.0074047744 -0.0126373246 -0.0132187121 -0.0845902562 -0.9963281155 0.0063085905 0.9963883162 -0.0846790671
109.3 -432.4 2230.4 0.9998927116 0.0116563020 -0.0088692326 -0.0132187121 0.9789517522 -0.2036632895 0.0063085905 0.2037586719 0.9790008068
-50.7 -416.6 2415.2 0 0 0 0 0 0 0 0 0
16.6 -379.6 2480.7 0 0 0 0 0 0 0 0 0
-296.8 -793.3 2183.6 0 0 0 0 0 0 0 0 0
104.9 -801.1 2153.7 0 0 0 0 0 0 0 0 0
-40.7 92.6 2885.1 26 0.9955508709 -0.0926592052 -0.0171099305 0.0876443312 0.9772929549 -0.1929169148 0.0345969424 0.1905589998 0.9810659289
-21.7 -107.7 2846.1 0.9955508709 -0.0926592052 -0.0171099305 0.0876443312 0.9772929549 -0.1929169148 0.0345969424 0.1905589998 0.9810659289
-3.7 -297.4 2800.7 0.9956751466 -0.0919531509 -0.0132508492 0.0863342211 0.9684945345 -0.2335910648 0.0343128107 0.2314368188 0.9722446203
-163.5 -120.0 2841.2 -0.0586642995 -0.6989836693 -0.7127274275 0.6593269706 0.5089505315 -0.5534051657 0.7495641708 -0.5023855567 0.4310015440
-146.9 -306.5 2629.2 -0.3842464387 -0.6708478928 -0.6342852712 0.4321134984 0.4764491618 -0.7656853795 0.8158630729 -0.5682951212 0.1068085358
120.2 -95.4 2851.0 0.0343417786 0.5816612840 0.8127058148 -0.7472647429 0.5549241900 -0.3655880094 -0.6636384726 -0.5947514772 0.4537120759
128.7 -279.8 2687.2 -0.4475163817 0.5816612840 0.6792637110 -0.3922569156 0.5549241900 -0.7336168289 -0.8036563993 -0.5947514772 -0.0201769881
-76.7 -494.4 2755.4 0.9461781979 0.2945793569 -0.1340514123 -0.1312830895 -0.0292489789 -0.9909133315 -0.2958234847 0.9551792741 0.0109985387
-192.1 -483.0 2381.4 0.9461781979 0.2762780190 0.1685741395 -0.1312830895 0.8037160635 -0.5803492665 -0.2958234847 0.5269829035 0.7967292666
103.2 -478.3 2760.6 0.9999089837 -0.0105263749 -0.0084391693 -0.0093024513 -0.0848573968 -0.9963496923 0.0097718239 0.9963374734 -0.0849475935
108.8 -433.2 2230.3 0.9999089837 0.0070913234 -0.0114776865 -0.0093024513 0.9785438776 -0.2058283538 0.0097718239 0.2059163898 0.9785208106
-48.3 -417.4 2419.7 0 0 0 0 0 0 0 0 0
14.1 -380.2 2481.4 0 0 0 0 0 0 0 0 0
-296.1 -785.7 2182.9 0 0 0 0 0 0 0 0 0
106.1 -801.7 2152.8 0 0 0 0 0 0 0 0 0
-41.4 93.9 2885.2 27 0.9960229397 -0.0875821337 -0.0163609087 0.0829777718 0.9787194729 -0.1876774877 0.0324499346 0.1855735034 0.9820944071
-23.4 -106.7 2847.2 0.9960229397 -0.0875821337 -0.0163609087 0.0829777718 0.9787194729 -0.1876774877 0.0324499346 0.1855735034 0.9820944071
-6.3 -296.7 2802.8 0.9960801005 -0.0875434354 -0.0126708951 0.0823415220 0.9699993134 -0.2287383229 0.0323152952 0.2267983556 0.9734054804
-165.4 -118.5 2842.6 -0.0718208253 -0.6975753307 -0.7129028440 0.6512939334 0.5085334182 -0.5632139444 0.7554190755 -0.5047597885 0.4178032875
-144.8 -305.4 2625.7 -0.3890225589 -0.6648355126 -0.6376952529 0.4459854364 0.4697784781 -0.7618432641 0.8060759306 -0.5807770491 0.1137525141
118.5 -95.0 2851.8 0.0190418866 0.6535373926 0.7566546798 -0.7578771710 0.5030429959 -0.4154154062 -0.6521193385 -0.5655410290 0.5048799515
123.2 -282.4 2690.6 -0.4199776947 0.6535373926 0.6296885014 -0.3806041479 0.5030429959 -0.7759434581 -0.8238684535 -0.5655410290 0.0374722034
-75.6 -494.9 2752.3 0.9451427460 0.3005708754 -0.1279154420 -0.1308148950 -0.0105476603 -0.9913507104 -0.2993203700 0.9537011385 0.0293501019
-193.3 -490.7 2378.9 0.9451427460 0.2794365287 0.1691757441 -0.1308148950 0.7983389497 -0.5878285170 -0.2993203700 0.5334511399 0.7910987139
104.3 -479.3 2758.5 0.9999416471 -0.0068460735 -0.0083593894 -0.0089194747 -0.0863440111 -0.9962254763 0.0060984497 0.9962418675 -0.0864000395
108.0 -433.6 2232.1 0.9999416471 0.0074628592 -0.0078136967 -0.0089194747 0.9782798290 -0.2070965171 0.0060984497 0.2071541250 0.9782893062
-44.9 -419.9 2418.8 0 0 0 0 0 0 0 0 0
15.7 -379.8 2479.7 0 0 0 0 0 0 0 0 0
-298.6 -791.4 2178.0 0 0 0 0 0 0 0 0 0
105.2 -802.1 2154.0 0 0 0 0 0 0 0 0 0
-40.0 99.4 2897.2 28 0.9960064292 -0.0672370121 0.0587396137 0.0782360286 0.9742659926 -0.2113880813 -0.0430149026 0.2151394486 0.9756355286
-26.1 -101.8 2852.8 0.9960064292 -0.0672370121 0.0587396137 0.0782360286 0.9742659926 -0.2113880813 -0.0430149026 0.2151394486 0.9756355286
-13.0 -291.0 2804.2 0.9958477616 -0.0674860254 0.0610974282 0.0805216655 0.9660855532 -0.2453466058 -0.0424678773 0.2492475212 0.9675081968
-167.6 -113.4 2858.9 -0.0740070045 -0.7309993505 -0.6783531308 0.6318565011 0.4918905795 -0.5989999771 0.7715440989 -0.4729520380 0.4254833460
-145.5 -302.5 2627.9 -0.3643396795 -0.6976659894 -0.6168619990 0.4490392506 0.4486909807 -0.7726837397 0.8158556223 -0.5585145950 0.1498035043
