195.6 28.5 2716.2 6 0.9872981906 0.0835308805 0.1351475567 -0.0053850538 0.8677414060 -0.4969868064 -0.1587868780 0.4899463952 0.8571693301
178.7 -147.2 2617.0 0.9872981906 0.0835308805 0.1351475567 -0.0053850538 0.8677414060 -0.4969868064 -0.1587868780 0.4899463952 0.8571693301
160.8 -317.3 2515.7 0.9869940281 0.0901197791 0.1331211776 -0.0084043546 0.8558835983 -0.5171002150 -0.1605371833 0.5092560053 0.8455093503
39.8 -146.0 2639.6 0.2383305877 -0.4160235524 -0.8775664568 0.5755542517 0.7883333564 -0.2174115181 0.7822632790 -0.4532713294 0.4273280799
-28.3 -310.6 2415.9 -0.3000706732 -0.4160235524 -0.8584182858 0.3515238464 0.7883333564 -0.5049371123 0.8867855072 -0.4532713294 -0.0903135315
317.6 -148.4 2594.4 -0.0952642560 0.1145950407 0.9888340235 -0.5431503654 0.8264697790 -0.1481059045 -0.8342136145 -0.5511947870 -0.0164906885
289.9 -306.3 2351.9 -0.5271591544 0.1434966922 0.8375630975 -0.3709425032 0.8479137421 -0.3787398934 -0.7645291686 -0.5103439689 -0.3937564790
55.3 -487.1 2427.2 0.9228739738 0.3208766580 -0.2129361182 -0.2898043692 0.2145401835 -0.9327303767 -0.2536080480 0.9225023985 0.2909850180
-72.2 -572.4 2060.6 0.9197555780 0.3914970458 -0.0279245488 -0.2949810028 0.6425665617 -0.7071735263 -0.2589129508 0.6586639881 0.7064883709
235.4 -487.2 2398.8 0.9625686407 0.0420671701 0.2677536309 0.2539817393 0.2049136758 -0.9452532530 -0.0946305096 0.9778756499 0.1865591854
218.5 -569.6 2005.6 0.9633014798 -0.0865734816 0.2540772855 0.2487781644 0.6433975101 -0.7239813805 -0.1007950976 0.7606212497 0.6413233876
49.7 -402.0 2185.4 0 0 0 0 0 0 0 0 0
152.9 -402.7 2153.1 0 0 0 0 0 0 0 0 0
-221.8 -818.0 1808.8 0 0 0 0 0 0 0 0 0
251.6 -815.5 1714.9 0 0 0 0 0 0 0 0 0
195.8 27.1 2726.0 7 0.9833456278 0.0826079771 0.1618865281 0.0124203665 0.8581061363 -0.5133220553 -0.1813203245 0.5067837238 0.8427889347
179.1 -146.6 2623.4 0.9833456278 0.0826079771 0.1618865281 0.0124203665 0.8581061363 -0.5133220553 -0.1813203245 0.5067837238 0.8427889347
161.0 -315.1 2519.5 0.9829196930 0.0907173529 0.1601224542 0.0082288198 0.8475312591 -0.5306817293 -0.1838508248 0.5229351521 0.8323086500
40.8 -147.8 2649.2 0.2451284826 -0.3847069442 -0.8898947239 0.5585778356 0.8062784076 -0.1946944445 0.7924031615 -0.4493503273 0.4125305712
-30.9 -311.4 2417.2 -0.3073218763 -0.3847069442 -0.8703756928 0.3471572995 0.8062784076 -0.4789540172 0.8860220313 -0.4493503273 -0.1142331511
317.4 -145.4 2597.6 -0.0954275951 0.0889146701 0.9914574027 -0.5425634384 0.8304058313 -0.1266930699 -0.8345768452 -0.5500185490 -0.0310017765
289.2 -305.7 2351.1 -0.5233901143 0.1204889640 0.8435313702 -0.3777138889 0.8545709252 -0.3564278185 -0.7638030052 -0.5051643252 -0.4017635882
52.4 -486.7 2429.2 0.9319120646 0.3077256083 -0.1919502765 -0.2648358345 0.2157798558 -0.9398409724 -0.2477941215 0.9266844392 0.2825846076
-69.9 -572.5 2060.9 0.9160435796 0.4007436633 -0.0163926836 -0.2915848196 0.6373445392 -0.7132812738 -0.2753951848 0.6581766009 0.7006861567
233.0 -488.3 2400.6 0.9696667790 0.0419559777 0.2408028096 0.2295271009 0.1824449748 -0.9560497403 -0.0840452686 0.9823204875 0.1672808081
216.3 -561.2 2008.0 0.9696667790 -0.0926432684 0.2261935472 0.2295271009 0.6632984877 -0.7122867703 -0.0840452686 0.7425983548 0.6644426584
49.0 -401.6 2186.9 0 0 0 0 0 0 0 0 0
153.1 -403.9 2152.5 0 0 0 0 0 0 0 0 0
-223.1 -816.1 1809.3 0 0 0 0 0 0 0 0 0
251.7 -814.7 1724.2 0 0 0 0 0 0 0 0 0
197.1 30.3 2720.9 8 0.9876742959 0.0815820843 0.1335808933 -0.0032248739 0.8638510704 -0.5037369728 -0.1564899087 0.4970973134 0.8534665704
180.5 -145.1 2619.9 0.9876742959 0.0815820843 0.1335808933 -0.0032248739 0.8638510704 -0.5037369728 -0.1564899087 0.4970973134 0.8534665704
162.4 -314.1 2516.9 0.9871737957 0.0907727629 0.1313322484 -0.0082025612 0.8503819108 -0.5261020064 -0.1594382972 0.5182768703 0.8402193189
41.7 -143.9 2642.4 0.2695693672 -0.4388351142 -0.8571791649 0.5882353187 0.7797981501 -0.2142289579 0.7624379396 -0.4464734793 0.4683479965
-34.3 -309.7 2427.5 -0.3110758960 -0.4388351142 -0.8430038691 0.3343075216 0.7797981501 -0.5292950869 0.8896461725 -0.4464734793 -0.0958705172
319.4 -146.2 2597.5 -0.1013524979 0.1159116477 0.9880749583 -0.5389959812 0.8283942342 -0.1524673104 -0.8361883759 -0.5480213761 -0.0214839168
289.6 -304.3 2352.3 -0.5322160125 0.1384368837 0.8352133632 -0.3763929009 0.8449866772 -0.3799025416 -0.7583366632 -0.5165585876 -0.3976087868
52.8 -484.3 2432.4 0.9181708694 0.3053045273 -0.2524904013 -0.3234470189 0.2096189260 -0.9227361083 -0.2287887484 0.9288966656 0.2912158370
-68.6 -567.7 2063.1 0.9181708694 0.3907706738 -0.0652728677 -0.3234470189 0.6442136168 -0.6930878758 -0.2287887484 0.6574854255 0.7178918123
232.9 -482.8 2399.1 0.9742733240 0.0385750197 0.2220437974 0.2102311552 0.1994459778 -0.9570915103 -0.0812055692 0.9791492820 0.1862052232
217.5 -562.3 2008.8 0.9740944505 -0.0791415200 0.2118409872 0.2117180377 0.6483497620 -0.7313125730 -0.0794698745 0.7572180629 0.6483095884
46.6 -396.6 2196.2 0 0 0 0 0 0 0 0 0
151.3 -402.1 2155.2 0 0 0 0 0 0 0 0 0
-217.9 -813.9 1811.8 0 0 0 0 0 0 0 0 0
247.8 -810.0 1719.5 0 0 0 0 0 0 0 0 0
194.6 29.0 2717.8 9 0.9942683578 0.0751175731 0.0760778189 -0.0262079425 0.8611158729 -0.5077328086 -0.1036514714 0.5028288364 0.8581489325
179.3 -146.4 2615.4 0.9942683578 0.0751175731 0.0760778189 -0.0262079425 0.8611158729 -0.5077328086 -0.1036514714 0.5028288364 0.8581489325
163.4 -314.7 2510.8 0.9940348864 0.0802059397 0.0739032552 -0.0287746135 0.8464817405 -0.5316395760 -0.1051984131 0.5263417363 0.8437402844
39.7 -142.3 2630.2 0.2624157667 -0.5118827820 -0.8179938793 0.6157526374 0.7415086031 -0.2664839923 0.7429580688 -0.4337522686 0.5097767115
-32.1 -310.8 2427.0 -0.3043485284 -0.5118827820 -0.8033355474 0.3156314492 0.7415086031 -0.5920656919 0.8987484574 -0.4337522686 -0.0641107410
318.9 -150.5 2600.6 -0.0980785340 0.1636999249 0.9816225767 -0.5238255262 0.8301858306 -0.1907835007 -0.8461604118 -0.5329107642 0.0043267878
290.1 -304.2 2352.3 -0.5382567048 0.1671869159 0.8260316253 -0.3716280758 0.8326083422 -0.4106774032 -0.7564207315 -0.5280264020 -0.3860256672
53.8 -482.4 2428.5 0.9092187285 0.3112508953 -0.2764854431 -0.3518509269 0.2195006758 -0.9099562764 -0.2225359678 0.9246309400 0.3090880215
-69.9 -569.7 2060.9 0.9145145416 0.3955792189 -0.0847363546 -0.3433342576 0.6481254697 -0.6797462702 -0.2139737010 0.6507307291 0.7285360694
234.8 -483.9 2399.5 0.9805306196 0.0451669581 0.1911012381 0.1784913093 0.2006769925 -0.9632598758 -0.0818571374 0.9786157012 0.1887080222
216.8 -563.8 2009.9 0.9784008861 -0.0835257396 0.1890902817 0.1984283477 0.6359015107 -0.7458253503 -0.0579471849 0.7672370672 0.6387404799
47.0 -392.8 2193.4 0 0 0 0 0 0 0 0 0
150.2 -400.8 2155.7 0 0 0 0 0 0 0 0 0
-221.1 -817.4 1812.1 0 0 0 0 0 0 0 0 0
248.7 -806.8 1716.7 0 0 0 0 0 0 0 0 0
192.8 29.1 2726.8 0 0.9889214635 0.0786688253 0.1258789748 -0.0015862073 0.8535671234 -0.5209804773 -0.1484310776 0.5150091052 0.8442356586
176.7 -144.6 2622.0 0.9889214635 0.0786688253 0.1258789748 -0.0015862073 0.8535671234 -0.5209804773 -0.1484310776 0.5150091052 0.8442356586
160.3 -312.1 2516.3 0.9888267517 0.0824081525 0.1242198870 -0.0025839335 0.8426525593 -0.5384514332 -0.1490470022 0.5321142077 0.8334503174
37.9 -144.3 2642.9 0.2333207726 -0.4661691487 -0.8533743024 0.5795928836 0.7713375092 -0.2628889680 0.7807903290 -0.4332722127 0.4501573741
-29.7 -312.2 2416.6 -0.3024713993 -0.4661691487 -0.8313828111 0.3212708235 0.7713375092 -0.5493847132 0.8973829150 -0.4332722127 -0.0835409835
315.6 -144.9 2601.1 -0.0835288912 0.1171289459 0.9895977378 -0.5422648787 0.8278189898 -0.1437516809 -0.8360452652 -0.5486315489 -0.0056318901
291.0 -304.6 2354.9 -0.5290747285 0.1435967684 0.8363372087 -0.3709276021 0.8472976089 -0.3801309168 -0.7632120252 -0.5113382339 -0.3950197399
56.4 -480.4 2415.9 0.9134593606 0.3339875340 -0.2324743420 -0.3220142126 0.2439912558 -0.9147541523 -0.2487947643 0.9104507565 0.3304248154
-76.3 -577.3 2054.2 0.9248070121 0.3775288165 -0.0469467714 -0.3030849993 0.6565558314 -0.6907053590 -0.2299380004 0.6529980302 0.7216107249
238.4 -485.7 2396.7 0.9598815441 0.0585473329 0.2742255032 0.2599099576 0.1812514812 -0.9484696388 -0.1052341536 0.9816924930 0.1587629169
215.1 -557.7 2006.3 0.9598815441 -0.1034708694 0.2606169581 0.2599099576 0.6771175265 -0.6884465218 -0.1052341536 0.7285640836 0.6768457294
48.9 -395.8 2183.3 0 0 0 0 0 0 0 0 0
153.5 -401.1 2156.5 0 0 0 0 0 0 0 0 0
-220.6 -828.3 1804.6 0 0 0 0 0 0 0 0 0
254.6 -816.1 1728.3 0 0 0 0 0 0 0 0 0
192.6 27.2 2721.3 1 0.9852445126 0.0814929083 0.1505062133 0.0066059688 0.8606067896 -0.5092271566 -0.1710250676 0.5027075410 0.8473697901
176.0 -147.5 2619.2 0.9852445126 0.0814929083 0.1505062133 0.0066059688 0.8606067896 -0.5092271566 -0.1710250676 0.5027075410 0.8473697901
158.5 -315.6 2514.6 0.9850355387 0.0882191807 0.1480618864 0.0045050592 0.8455980420 -0.5338011980 -0.1722923517 0.5264801383 0.8325467110
37.6 -148.1 2643.5 0.2404332459 -0.4336790442 -0.8683975935 0.5702837706 0.7870658636 -0.2351673990 0.7854732871 -0.4386909902 0.4365569353
-30.3 -309.2 2421.6 -0.2925656438 -0.4336790442 -0.8522486687 0.3374844491 0.7870658636 -0.5163637400 0.8947120309 -0.4386909902 -0.0839085057
314.5 -146.8 2595.0 -0.0751825720 0.0982540771 0.9923173189 -0.5435242653 0.8302748799 -0.1233894005 -0.8360196948 -0.5486252904 -0.0090187266
293.0 -302.1 2356.2 -0.5320059061 0.1272434592 0.8371253610 -0.3738527298 0.8517645001 -0.3670577109 -0.7597393394 -0.5082384944 -0.4055734277
53.4 -479.4 2424.1 0.9172168970 0.3272527158 -0.2271977961 -0.3107490838 0.2308291346 -0.9220373631 -0.2492953688 0.9163097739 0.3134138584
-76.6 -571.2 2060.0 0.9296227098 0.3662106693 -0.0411265306 -0.2895353734 0.6567895412 -0.6962735057 -0.2279713005 0.6591792107 0.7165973783
234.4 -479.9 2396.9 0.9592428207 0.0547622852 0.2772261202 0.2633050680 0.1829321831 -0.9472097158 -0.1025849506 0.9815991521 0.1610571891
212.7 -552.6 2006.6 0.9592428207 -0.1149051562 0.2581667006 0.2633050680 0.6951003671 -0.6689587831 -0.1025849506 0.7096705437 0.6970251799
45.7 -396.9 2189.1 0 0 0 0 0 0 0 0 0
154.7 -399.3 2158.7 0 0 0 0 0 0 0 0 0
-216.6 -822.2 1808.0 0 0 0 0 0 0 0 0 0
256.5 -818.0 1735.6 0 0 0 0 0 0 0 0 0
193.2 28.3 2718.5 2 0.9840366244 0.0771193728 0.1603887230 0.0136466948 0.8658797741 -0.5000660419 -0.1774421185 0.4942720532 0.8510049582
177.5 -147.6 2618.1 0.9840366244 0.0771193728 0.1603887230 0.0136466948 0.8658797741 -0.5000660419 -0.1774421185 0.4942720532 0.8510049582
160.7 -316.8 2515.3 0.9837604165 0.0849919394 0.1580881178 0.0107206749 0.8513820171 -0.5244365335 -0.1791662574 0.5176147223 0.8366447687
39.2 -149.1 2643.3 0.2436940372 -0.4372957051 -0.8656706810 0.5707287788 0.7863284945 -0.2365505397 0.7841440439 -0.4364172220 0.4412007928
-29.6 -310.1 2422.1 -0.2914343774 -0.4372957051 -0.8507869840 0.3351820707 0.7863284945 -0.5189802647 0.8959458470 -0.4364172220 -0.0825894848
315.9 -146.0 2592.9 -0.0911162719 0.0882233679 0.9919246435 -0.5459261537 0.8286292553 -0.1238473281 -0.8328639865 -0.5528021455 -0.0273381621
289.4 -304.8 2350.8 -0.5522300005 0.1279701740 0.8238116503 -0.3575043380 0.8563339114 -0.3726699352 -0.7531484962 -0.5003157854 -0.4271433949
50.7 -484.1 2425.8 0.9213935137 0.3180257082 -0.2233688980 -0.3033169508 0.2291456312 -0.9249276519 -0.2429667413 0.9199739099 0.3075958788
-75.7 -575.2 2060.1 0.9229450226 0.3819475174 -0.0478392914 -0.3007407188 0.6379182339 -0.7089536786 -0.2402655482 0.6687124968 0.7036306262
231.2 -483.3 2394.2 0.9652619362 0.0401609465 0.2581791282 0.2455109954 0.1987087876 -0.9488093257 -0.0894075409 0.9792353511 0.1819460690
215.2 -562.3 2004.9 0.9652619362 -0.1013568714 0.2408238798 0.2455109954 0.6672286391 -0.7032285333 -0.0894075409 0.7379246354 0.6689346433
46.2 -397.2 2189.2 0 0 0 0 0 0 0 0 0
145.9 -397.7 2155.0 0 0 0 0 0 0 0 0 0
-221.7 -819.0 1804.5 0 0 0 0 0 0 0 0 0
253.9 -817.0 1723.2 0 0 0 0 0 0 0 0 0
193.0 29.2 2717.2 3 0.9826620817 0.0668791607 0.1729231477 0.0265649073 0.8722641468 -0.4883129895 -0.1834926158 0.4844403565 0.8553642631
179.5 -147.9 2618.8 0.9826620817 0.0668791607 0.1729231477 0.0265649073 0.8722641468 -0.4883129895 -0.1834926158 0.4844403565 0.8553642631
163.6 -318.7 2518.4 0.9820180535 0.0800735131 0.1709641814 0.0189770963 0.8591370583 -0.5113935471 -0.1878307462 0.5054420829 0.8421685696
41.3 -150.5 2645.3 0.2480347157 -0.4058996737 -0.8796159625 0.5632051826 0.7991934419 -0.2099756449 0.7882123590 -0.4433230162 0.4268325269
-29.2 -310.6 2421.2 -0.2919350863 -0.4058996737 -0.8660365939 0.3462843597 0.7991934419 -0.4913013279 0.8915498257 -0.4433230162 -0.0927558988
317.6 -145.2 2592.4 -0.0992603973 0.0748869851 0.9922395349 -0.5531017780 0.8247749209 -0.1175784767 -0.8271794319 -0.5604803562 -0.0404473580
288.7 -306.2 2351.6 -0.5466399193 0.1235241815 0.8282068372 -0.3579736650 0.8596534729 -0.3644870520 -0.7569938302 -0.4957194030 -0.4257024825
53.6 -487.0 2428.8 0.9211722612 0.3202845156 -0.2210418880 -0.2975320518 0.2135394961 -0.9305243492 -0.2508313656 0.9229402542 0.2920015752
-73.7 -571.9 2061.9 0.9211152196 0.3874845803 -0.0374495052 -0.2976261079 0.6389508247 -0.7093381286 -0.2509291768 0.6645280719 0.7038727999
234.0 -485.1 2396.0 0.9634588957 0.0500107482 0.2631461322 0.2505876124 0.1787471175 -0.9514490366 -0.0946192890 0.9826232195 0.1596834213
214.1 -556.1 2005.4 0.9634588957 -0.1081373096 0.2450577170 0.2505876124 0.6870656013 -0.6820166111 -0.0946192890 0.7185034156 0.6890573502
46.7 -400.6 2189.5 0 0 0 0 0 0 0 0 0
146.6 -399.3 2154.8 0 0 0 0 0 0 0 0 0
-221.8 -816.2 1807.9 0 0 0 0 0 0 0 0 0
255.4 -818.5 1731.0 0 0 0 0 0 0 0 0 0
194.1 28.7 2726.5 4 0.9851915240 0.0756036863 0.1538887322 0.0160575863 0.8529035449 -0.5218214989 -0.1707038730 0.5165652037 0.8390593529
178.8 -144.4 2621.7 0.9851915240 0.0756036863 0.1538887322 0.0160575863 0.8529035449 -0.5218214989 -0.1707038730 0.5165652037 0.8390593529
161.6 -310.7 2514.4 0.9846233130 0.0869916379 0.1514906138 0.0101510724 0.8372347355 -0.5467494130 -0.1743958294 0.5398800373 0.8234778047
40.3 -145.8 2646.2 0.2442540824 -0.4131429195 -0.8772986531 0.5729599595 0.7913784981 -0.2131595612 0.7823405862 -0.4505918920 0.4300117791
-29.9 -310.4 2421.4 -0.2954121828 -0.4131429195 -0.8614200950 0.3515719473 0.7913784981 -0.5001172423 0.8883292079 -0.4505918920 -0.0885333866
317.3 -143.0 2597.1 -0.0967333391 0.0921652466 0.9910339117 -0.5480726957 0.8262138963 -0.1303336918 -0.8308182359 -0.5557662845 -0.0294091720
288.7 -305.5 2350.8 -0.5435309410 0.1310426891 0.8290970922 -0.3627206385 0.8540888429 -0.3727814257 -0.7569728494 -0.5033488274 -0.4166918099
57.6 -491.2 2435.1 0.9189883471 0.3150971532 -0.2370109111 -0.3043747544 0.1848411113 -0.9344462156 -0.2506319880 0.9308853745 0.2657744586
-67.6 -564.6 2065.2 0.9189883471 0.3927787542 -0.0344271883 -0.3043747544 0.6512159705 -0.6951789260 -0.2506319880 0.6493401527 0.7180118561
237.7 -487.7 2400.7 0.9603695273 0.0604750142 0.2720904052 0.2593453825 0.1638045758 -0.9517920017 -0.1021292880 0.9846374393 0.1416290104
213.7 -552.8 2009.3 0.9603695273 -0.1070194989 0.2573659718 0.2593453825 0.6814182997 -0.6844041944 -0.1021292880 0.7240275741 0.6821683645
46.9 -401.8 2190.5 0 0 0 0 0 0 0 0 0
147.4 -399.8 2154.0 0 0 0 0 0 0 0 0 0
-217.7 -813.5 1817.0 0 0 0 0 0 0 0 0 0
254.6 -813.2 1732.6 0 0 0 0 0 0 0 0 0
195.0 30.0 2721.6 5 0.9871665239 0.0842923224 0.1356356442 -0.0025693832 0.8576199412 -0.5142775774 -0.1596734822 0.5073291063 0.8468303084
177.9 -144.2 2618.6 0.9871665239 0.0842923224 0.1356356442 -0.0025693832 0.8576199412 -0.5142775774 -0.1596734822 0.5073291063 0.8468303084
159.3 -311.2 2512.4 0.9867347479 0.0934996232 0.1327115595 -0.0066928170 0.8402218819 -0.5422013998 -0.1622027904 0.5341207385 0.8297019005
39.1 -143.3 2641.4 0.2528102696 -0.4749892056 -0.8428951502 0.5937500000 0.7640197873 -0.2524573207 0.7639030814 -0.4366451800 0.4751768708
-32.2 -310.6 2426.2 -0.2979785204 -0.4749892056 -0.8280060887 0.3272377551 0.7640197873 -0.5560478568 0.8967297673 -0.4366451800 -0.0722270831
316.7 -145.2 2595.7 -0.0828276575 0.1126465574 0.9901769161 -0.5490072370 0.8240646124 -0.1396730393 -0.8317034245 -0.5551831126 -0.0064115664
292.7 -304.1 2355.1 -0.5370897055 0.1460095644 0.8307923079 -0.3643685281 0.8481211066 -0.3846116364 -0.7607694864 -0.5092855096 -0.4023158550
54.1 -477.9 2423.2 0.9183011055 0.3169300258 -0.2372307926 -0.3199507296 0.2412496805 -0.9162042141 -0.2331407517 0.9172534943 0.3229418397
-71.7 -573.6 2059.2 0.9124174118 0.4049779475 -0.0590538494 -0.3294602633 0.6412175894 -0.6930338740 -0.2427970618 0.6517920494 0.7184821963
234.7 -476.1 2391.2 0.9578229189 0.0485039875 0.2832359374 0.2668866217 0.2152163982 -0.9393899441 -0.1065211743 0.9753611088 0.1931941360
215.5 -561.5 2004.0 0.9578229189 -0.1043527648 0.2677419186 0.2668866217 0.6684315801 -0.6942411065 -0.1065211743 0.7364168167 0.6680894494
45.3 -395.6 2193.1 0 0 0 0 0 0 0 0 0
153.1 -398.8 2157.3 0 0 0 0 0 0 0 0 0
-226.5 -818.7 1810.1 0 0 0 0 0 0 0 0 0
255.3 -816.9 1722.5 0 0 0 0 0 0 0 0 0
194.4 28.4 2718.7 6 0.9845210910 0.0792380646 0.1563315988 0.0119297812 0.8596012592 -0.5108261108 -0.1748597175 0.5047840476 0.8453502655
178.3 -146.2 2616.2 0.9845210910 0.0792380646 0.1563315988 0.0119297812 0.8596012592 -0.5108261108 -0.1748597175 0.5047840476 0.8453502655
160.4 -313.3 2510.2 0.9840460420 0.0902173743 0.1533434689 0.0071620876 0.8411104679 -0.5408159494 -0.1777697951 0.5332860947 0.8270452619
39.9 -147.1 2641.2 0.2645758986 -0.4501487017 -0.8528574109 0.5814955831 0.7799794674 -0.2312896103 0.7693260312 -0.4347391427 0.4681232572
-35.2 -312.3 2422.8 -0.3156337142 -0.4501487017 -0.8353092074 0.3164424598 0.7799794674 -0.5399038196 0.8945611119 -0.4347391427 -0.1037416533
316.8 -145.2 2591.2 -0.0875171050 0.0917466283 0.9919291139 -0.5556395054 0.8219655156 -0.1250497997 -0.8268043995 -0.5620989799 -0.0209579933
291.6 -305.0 2353.4 -0.5318666697 0.1377800703 0.8355444074 -0.3604997396 0.8559659719 -0.3706240356 -0.7662622333 -0.4983361065 -0.4055901170
50.3 -477.5 2421.2 0.9227741957 0.3151973784 -0.2216717899 -0.3040176034 0.2420376688 -0.9214071035 -0.2367721647 0.9176428318 0.3191716671
-74.9 -573.7 2056.6 0.9199599624 0.3898693025 -0.0409334861 -0.3088050485 0.6564083099 -0.6883077621 -0.2414809912 0.6458560824 0.7242629528
231.3 -478.8 2391.4 0.9652529955 0.0467083491 0.2571089566 0.2451329231 0.1790303141 -0.9528158307 -0.0905347541 0.9827342033 0.1613597870
212.7 -549.9 2001.2 0.9652529955 -0.1173304319 0.2334957421 0.2451329231 0.7161227465 -0.6535121202 -0.0905347541 0.6880419850 0.7200011611
46.8 -394.5 2190.3 0 0 0 0 0 0 0 0 0
153.3 -398.7 2154.2 0 0 0 0 0 0 0 0 0
-223.9 -824.5 1809.8 0 0 0 0 0 0 0 0 0
257.5 -822.9 1738.8 0 0 0 0 0 0 0 0 0
192.9 27.5 2716.7 7 0.9867458940 0.0821274519 0.1399556547 0.0019983475 0.8562553525 -0.5165488720 -0.1622606218 0.5099821687 0.8447423577
176.3 -146.0 2613.4 0.9867458940 0.0821274519 0.1399556547 0.0019983475 0.8562553525 -0.5165488720 -0.1622606218 0.5099821687 0.8447423577
157.8 -312.4 2506.3 0.9862159491 0.0930398107 0.1368272603 -0.0031253663 0.8372612596 -0.5467941165 -0.1654337794 0.5388294458 0.8260111809
37.5 -145.5 2636.7 0.2463292331 -0.4824419320 -0.8405781984 0.5932879448 0.7608728409 -0.2628343403 0.7663754225 -0.4339611232 0.4736522138
-31.7 -312.2 2421.4 -0.3037168086 -0.4824419320 -0.8215874434 0.3193869293 0.7608728409 -0.5648579001 0.8976347446 -0.4339611232 -0.0770042390
315.1 -146.4 2590.1 -0.0829328969 0.1077727452 0.9907104373 -0.5535733104 0.8216664195 -0.1357235014 -0.8286607862 -0.5596868396 -0.0084830560
291.3 -305.3 2352.3 -0.5388551950 0.1501863599 0.8289023638 -0.3549439311 0.8518902659 -0.3850944638 -0.7639697790 -0.5017240047 -0.4057377875
52.3 -481.1 2420.5 0.9193206429 0.3156018853 -0.2350424677 -0.3154196739 0.2338607609 -0.9196844697 -0.2352869511 0.9196220040 0.3145400882
-73.2 -574.1 2055.0 0.9126572013 0.4059615135 -0.0474562347 -0.3264063895 0.6540323496 -0.6824225783 -0.2459993809 0.6383078694 0.7294157743
232.8 -479.8 2387.9 0.9649955034 0.0432002470 0.2586841285 0.2453525662 0.1997764856 -0.9486261010 -0.0926598907 0.9788886905 0.1821841151
215.6 -559.2 1999.0 0.9649955034 -0.1073976308 0.2392686456 0.2453525662 0.6920024157 -0.6789217591 -0.0926598907 0.7138616443 0.6941294670
47.3 -395.2 2188.1 0 0 0 0 0 0 0 0 0
151.2 -397.5 2153.7 0 0 0 0 0 0 0 0 0
-228.3 -824.0 1811.1 0 0 0 0 0 0 0 0 0
256.6 -823.2 1726.7 0 0 0 0 0 0 0 0 0
194.2 27.2 2717.3 8 0.9889737964 0.0869050846 0.1199096516 -0.0117938416 0.8533530235 -0.5212000608 -0.1476202011 0.5140389800 0.8449687362
176.6 -145.7 2613.1 0.9889737964 0.0869050846 0.1199096516 -0.0117938416 0.8533530235 -0.5212000608 -0.1476202011 0.5140389800 0.8449687362
157.5 -311.4 2504.9 0.9885242581 0.0961116478 0.1165432706 -0.0159373228 0.8335404396 -0.5522285104 -0.1502191275 0.5440338850 0.8255067468
37.5 -143.5 2634.2 0.2388441861 -0.4913527668 -0.8375714421 0.5988243222 0.7535325289 -0.2712897956 0.7644363642 -0.4367621541 0.4742108285
-30.4 -313.6 2417.1 -0.3053343296 -0.4913527668 -0.8156858683 0.3206161261 0.7535325289 -0.5739285350 0.8966472149 -0.4367621541 -0.0725437403
315.6 -148.0 2591.9 -0.0857720524 0.1282903999 0.9880205989 -0.5407333374 0.8269187212 -0.1543141454 -0.8368097544 -0.5474915504 -0.0015556151
290.8 -304.5 2349.8 -0.5387930274 0.1496755332 0.8290351629 -0.3698223829 0.8421735764 -0.3923965096 -0.7569236755 -0.5180162787 -0.3984039426
48.9 -478.5 2414.4 0.9176995754 0.3144844472 -0.2427488267 -0.3275636435 0.2532426715 -0.9102582932 -0.2247877270 0.9148593545 0.3354143798
-76.1 -579.2 2050.8 0.9132665396 0.4018242061 -0.0669441819 -0.3348120153 0.6468001008 -0.6852375865 -0.2320455164 0.6482182741 0.7252364755
229.8 -479.1 2384.0 0.9665468335 0.0356023163 0.2540071905 0.2412560582 0.2100208104 -0.9474633336 -0.0870786905 0.9770484567 0.1944056749
215.7 -562.6 1995.7 0.9665468335 -0.1102415249 0.2315901220 0.2412560582 0.6972979307 -0.6749600768 -0.0870786905 0.7082530260 0.7005675435
49.0 -396.9 2184.0 0 0 0 0 0 0 0 0 0
150.8 -400.6 2153.1 0 0 0 0 0 0 0 0 0
-229.7 -826.4 1803.0 0 0 0 0 0 0 0 0 0
257.8 -828.9 1725.2 0 0 0 0 0 0 0 0 0
194.5 29.7 2716.0 9 0.9921489954 0.0682721511 0.1047821715 -0.0057911184 0.8620265722 -0.5068300366 -0.1249273941 0.5022441149 0.8556541204
180.6 -145.1 2614.2 0.9921489954 0.0682721511 0.1047821715 -0.0057911184 0.8620265722 -0.5068300366 -0.1249273941 0.5022441149 0.8556541204
165.5 -313.1 2509.2 0.9917990565 0.0763769820 0.1024752855 -0.0099216029 0.8453882337 -0.5340601802 -0.1274213046 0.5286636353 0.8392130733
41.1 -143.7 2632.1 0.2495617718 -0.4845049977 -0.8384353518 0.5974123478 0.7584560513 -0.2604666948 0.7621137500 -0.4358890951 0.4787309170
-29.9 -313.8 2415.1 -0.2992030382 -0.4845049977 -0.8220294714 0.3245504498 0.7584560513 -0.5651649833 0.8972984552 -0.4358890951 -0.0696860552
320.2 -146.4 2596.3 -0.1004770696 0.1348754317 0.9857550263 -0.5385620594 0.8256939650 -0.1678702682 -0.8365735412 -0.5477573872 -0.0103245182
290.7 -304.4 2350.8 -0.5305413604 0.1519928128 0.8339208961 -0.3778214455 0.8382605314 -0.3931541741 -0.7587996125 -0.5236577392 -0.3873057365
47.7 -475.7 2410.6 0.9159031510 0.3186101615 -0.2441494018 -0.3319893479 0.2593995631 -0.9069150686 -0.2256201208 0.9117013812 0.3433600664
-78.9 -578.8 2048.1 0.9186453819 0.3899327517 -0.0635850355 -0.3273851275 0.6612213850 -0.6749854088 -0.2211551219 0.6408889890 0.7350861430
241.6 -482.2 2392.9 0.9640476108 0.0152572654 0.2652911544 0.2542122900 0.2377797514 -0.9374629855 -0.0773839876 0.9711992741 0.2253524214
235.5 -576.9 2006.2 0.9640476108 -0.1331304014 0.2299749404 0.2542122900 0.7140838504 -0.6522732377 -0.0773839876 0.6872849464 0.7222542167
47.8 -398.2 2181.9 0 0 0 0 0 0 0 0 0
152.8 -402.7 2153.6 0 0 0 0 0 0 0 0 0
-228.0 -831.5 1803.2 0 0 0 0 0 0 0 0 0
286.4 -849.6 1743.7 0 0 0 0 0 0 0 0 0
195.2 29.1 2716.4 0 0.9928672314 0.0582298264 0.1040379703 0.0016796160 0.8657003641 -0.5005597472 -0.1192132160 0.4971641004 0.8594277501
183.5 -145.7 2616.0 0.9928672314 0.0582298264 0.1040379703 0.0016796160 0.8657003641 -0.5005597472 -0.1192132160 0.4971641004 0.8594277501
171.2 -316.1 2514.5 0.9927770495 0.0614130497 0.1030638069 0.0003805723 0.8574362993 -0.5145899653 -0.1199731901 0.5109123588 0.8512197137
43.8 -145.8 2632.9 0.2485512942 -0.4546095431 -0.8553083539 0.5834664106 0.7751099467 -0.2424284071 0.7731682658 -0.4387878180 0.4579039812
-27.2 -312.5 2412.0 -0.2938009501 -0.4546095431 -0.8408395648 0.3345679045 0.7751099467 -0.5359747410 0.8954023123 -0.4387878180 -0.0756302848
323.1 -145.6 2599.1 -0.1107369065 0.1301651448 0.9852889776 -0.5376800299 0.8259271979 -0.1695420891 -0.8358454108 -0.5485447645 -0.0214734245
290.5 -304.1 2352.7 -0.5139099956 0.1411794126 0.8461470604 -0.3978863358 0.8346204162 -0.3809136748 -0.7599887848 -0.5324257016 -0.3727464080
59.3 -480.2 2415.8 0.9102936387 0.3323762715 -0.2467619926 -0.3340420723 0.2377019972 -0.9120929837 -0.2445022464 0.9127013683 0.3274062872
-72.8 -574.7 2053.1 0.9098049998 0.4114140570 -0.0547109060 -0.3348149061 0.6496473551 -0.6825374365 -0.2452626973 0.6392939687 0.7287999988
247.5 -483.8 2397.4 0.9546693563 0.0590491854 0.2917526364 0.2755474150 0.1954680085 -0.9412044883 -0.1126056612 0.9789307714 0.1703364700
224.0 -561.5 2008.6 0.9546693563 -0.1231235340 0.2710110843 0.2755474150 0.7099469304 -0.6481118202 -0.1126056612 0.6934089065 0.7116909623
49.1 -399.5 2179.2 0 0 0 0 0 0 0 0 0
157.0 -407.5 2155.2 0 0 0 0 0 0 0 0 0
-230.0 -822.9 1808.8 0 0 0 0 0 0 0 0 0
271.1 -832.7 1743.7 0 0 0 0 0 0 0 0 0
194.7 30.2 2715.6 1 0.9961503148 0.0475610755 0.0736379027 -0.0041932100 0.8649132848 -0.5019037724 -0.0875614882 0.4996627867 0.8617830873
185.1 -144.8 2614.5 0.9961503148 0.0475610755 0.0736379027 -0.0041932100 0.8649132848 -0.5019037724 -0.0875614882 0.4996627867 0.8617830873
175.0 -314.9 2512.3 0.9960587025 0.0507073142 0.0727727935 -0.0057975301 0.8559335470 -0.5170533061 -0.0885070637 0.5145935416 0.8528540134
45.0 -144.0 2627.0 0.2480805665 -0.5181978345 -0.8184907436 0.6057818532 0.7423120737 -0.2863585055 0.7559658885 -0.4247868359 0.4980680048
-23.9 -312.1 2417.1 -0.2783586383 -0.5181978345 -0.8086948991 0.3232503533 0.7423120737 -0.5869259238 0.9044477344 -0.4247868359 -0.0391213559
325.2 -145.6 2602.0 -0.1152667627 0.1519578546 0.9816427231 -0.5366997123 0.8220401406 -0.1902719736 -0.8358630538 -0.5487793684 -0.0131981717
291.5 -302.6 2357.6 -0.5167953968 0.1650395244 0.8400502801 -0.3844525814 0.8319972754 -0.3999709785 -0.7649305463 -0.5296626687 -0.3665224612
68.0 -486.5 2424.0 0.9223538637 0.3508477807 -0.1617691070 -0.2432816327 0.2021643221 -0.9486535788 -0.3001290560 0.9143497348 0.2718218565
-71.4 -566.8 2060.8 0.9223538637 0.3844296932 0.0384346582 -0.2432816327 0.6552055478 -0.7152060866 -0.3001290560 0.6503226161 0.6978560090
253.2 -487.3 2404.4 0.9467230439 0.0856176242 0.3104594648 0.2927497625 0.1729579717 -0.9404164553 -0.1342126727 0.9812008739 0.1386787593
219.2 -556.0 2014.8 0.9467230439 -0.1064059660 0.3039625585 0.2927497625 0.6776844263 -0.6745675802 -0.1342126727 0.7276136279 0.6727297902
48.5 -396.2 2182.0 0 0 0 0 0 0 0 0 0
157.2 -402.5 2158.8 0 0 0 0 0 0 0 0 0
-218.3 -817.2 1812.3 0 0 0 0 0 0 0 0 0
259.8 -814.7 1737.0 0 0 0 0 0 0 0 0 0
194.3 29.0 2715.2 2 0.9866984487 0.0691651702 0.1471133083 0.0150789218 0.8621290326 -0.5064643621 -0.1618603468 0.5019459128 0.8496184349
180.3 -145.9 2613.3 0.9866984487 0.0691651702 0.1471133083 0.0150789218 0.8621290326 -0.5064643621 -0.1618603468 0.5019459128 0.8496184349
165.8 -315.2 2510.3 0.9866666198 0.0725997090 0.1456647813 0.0146942176 0.8516069055 -0.5239750147 -0.1620895714 0.5191290379 0.8391852975
41.9 -148.0 2636.1 0.2247994840 -0.5029848218 -0.8345486522 0.5817385912 0.7563618422 -0.2991604507 0.7816939354 -0.4182380438 0.4626354277
-21.5 -312.2 2415.5 -0.2713628709 -0.5029848218 -0.8205903172 0.3212358654 0.7563618422 -0.5698458552 0.9072870016 -0.4182380438 -0.0436717682
318.7 -143.8 2590.6 -0.0923860297 0.0923163444 0.9914345741 -0.5606248975 0.8180523515 -0.1284134388 -0.8229000568 -0.5676865578 -0.0238217693
292.8 -301.1 2359.8 -0.5274472237 0.1319668293 0.8392759562 -0.3775795698 0.8485310078 -0.3707138598 -0.7610736489 -0.5124254823 -0.3977273703
73.6 -484.5 2418.2 0.9213676453 0.3690942824 -0.1218647361 -0.2118164599 0.2138988227 -0.9536147714 -0.3259070218 0.9044427276 0.2752597034
-73.0 -569.5 2058.8 0.9208397269 0.3826897144 0.0748514161 -0.2127201855 0.6538713574 -0.7260870337 -0.3268092275 0.6526873708 0.6835165620
257.9 -486.0 2403.1 0.9494796395 0.0992075950 0.2977351248 0.2778237164 0.1755093932 -0.9444630146 -0.1459532231 0.9794663191 0.1390803754
218.4 -555.8 2014.0 0.9494796395 -0.0794880539 0.3035951257 0.2778237164 0.6628060341 -0.6953431368 -0.1459532231 0.7445601225 0.6514045596
49.0 -395.7 2179.7 0 0 0 0 0 0 0 0 0
155.7 -399.2 2161.9 0 0 0 0 0 0 0 0 0
-219.3 -819.4 1809.4 0 0 0 0 0 0 0 0 0
248.8 -808.8 1729.7 0 0 0 0 0 0 0 0 0
192.7 28.2 2716.0 3 0.9832813740 0.0801021978 0.1635278314 0.0132427067 0.8642128706 -0.5029520392 -0.1816104203 0.4967089295 0.8487036824
176.5 -146.8 2615.4 0.9832813740 0.0801021978 0.1635278314 0.0132427067 0.8642128706 -0.5029520392 -0.1816104203 0.4967089295 0.8487036824
159.3 -316.1 2512.8 0.9831145406 0.0860213712 0.1615121216 0.0115190232 0.8517796397 -0.5237735510 -0.1826284528 0.5167898536 0.8364060521
38.3 -148.4 2641.1 0.2334597111 -0.4750511646 -0.8484238386 0.5767766237 0.7701144218 -0.2724931240 0.7828316092 -0.4257348478 0.4537890851
-28.0 -312.3 2418.7 -0.2990114689 -0.4750511646 -0.8275980353 0.3137512207 0.7701144218 -0.5554133058 0.9011949301 -0.4257348478 -0.0812251791
314.6 -145.1 2589.8 -0.0880859271 0.0845114812 0.9925213456 -0.5511034131 0.8258745670 -0.1192320287 -0.8297746181 -0.5574845672 -0.0261733606
289.2 -303.6 2351.1 -0.5331918597 0.1195409223 0.8375060558 -0.3775205910 0.8523111939 -0.3619997203 -0.7570896149 -0.5091910958 -0.4093162417
61.1 -486.0 2422.1 0.9348309636 0.3336888254 -0.1214201003 -0.2022637725 0.2193446457 -0.9544513226 -0.2918568850 0.9168094993 0.2725433409
-71.4 -573.1 2058.0 0.9164064527 0.3962551653 0.0564003140 -0.2343784869 0.6455025077 -0.7269065976 -0.3244470358 0.6529229283 0.6844164133
242.4 -483.4 2393.1 0.9620832801 0.0598565266 0.2661069334 0.2492124289 0.2036131620 -0.9468024373 -0.1108551770 0.9772199988 0.1809758395
218.6 -564.3 2005.1 0.9620832801 -0.0839761943 0.2595066726 0.2492124289 0.6573235393 -0.7112094760 -0.1108551770 0.7489150167 0.6533279419
49.7 -393.8 2184.5 0 0 0 0 0 0 0 0 0
150.6 -401.8 2154.3 0 0 0 0 0 0 0 0 0
-222.9 -819.8 1808.4 0 0 0 0 0 0 0 0 0
250.7 -815.4 1719.0 0 0 0 0 0 0 0 0 0
192.6 26.7 2715.4 4 0.9781327248 0.0816009715 0.1913050264 0.0260092728 0.8646041155 -0.5017800927 -0.2063488513 0.4957832694 0.8435751796
176.0 -148.4 2615.0 0.9781327248 0.0816009715 0.1913050264 0.0260092728 0.8646041155 -0.5017800927 -0.2063488513 0.4957832694 0.8435751796
158.2 -317.1 2511.4 0.9779716730 0.0893604904 0.1886426806 0.0243953913 0.8486078978 -0.5284595490 -0.2073070854 0.5214204788 0.8277345300
38.6 -151.8 2644.1 0.2354241610 -0.4047976732 -0.8835803866 0.5561597347 0.8016769886 -0.2190898955 0.7970331311 -0.4398327768 0.4138663113
-29.1 -311.7 2415.0 -0.3078585863 -0.4047976732 -0.8610237837 0.3334388137 0.8016769886 -0.4961175323 0.8910901546 -0.4398327768 -0.1118278876
313.5 -144.9 2585.8 -0.0888660625 0.0596264414 0.9942572713 -0.5580983758 0.8238132000 -0.0992872342 -0.8250024319 -0.5637166500 -0.0399316140
287.9 -305.5 2348.5 -0.5333078504 0.1057554409 0.8392845392 -0.3758604228 0.8592149019 -0.3471003771 -0.7578335404 -0.5005651712 -0.4184767902
52.2 -486.5 2426.9 0.9140503407 0.3095850348 -0.2620477974 -0.3338578045 0.2073827535 -0.9195277691 -0.2303278595 0.9279814363 0.2929156721
-70.8 -568.9 2058.3 0.9140503407 0.4007172287 -0.0627507865 -0.3338578045 0.6554584503 -0.6774312854 -0.2303278595 0.6401561499 0.7329046130
235.1 -483.1 2388.6 0.9581924677 0.0467148311 0.2822851837 0.2678399384 0.2005805522 -0.9423530102 -0.1006427780 0.9785628319 0.1796826720
216.3 -563.8 1995.0 0.9597680569 -0.0832648501 0.2681646049 0.2567408383 0.6469605565 -0.7180014849 -0.1137076318 0.7579637170 0.6423095465
50.9 -398.4 2183.4 0 0 0 0 0 0 0 0 0
149.3 -403.2 2151.5 0 0 0 0 0 0 0 0 0
-223.9 -819.4 1813.6 0 0 0 0 0 0 0 0 0
248.2 -811.0 1705.3 0 0 0 0 0 0 0 0 0
193.5 28.9 2716.1 5 0.9829222560 0.0860769749 0.1626488268 0.0063762981 0.8673965335 -0.4975767732 -0.1839109212 0.4901163578 0.8520344496
176.0 -146.9 2616.8 0.9829222560 0.0860769749 0.1626488268 0.0063762981 0.8673965335 -0.4975767732 -0.1839109212 0.4901163578 0.8520344496
157.7 -316.7 2515.1 0.9827455282 0.0922280475 0.1603285223 0.0046700928 0.8541659117 -0.5199796557 -0.1849038601 0.5117564201 0.8389970064
37.9 -147.5 2642.8 0.2338144779 -0.3991455138 -0.8865740895 0.5666058660 0.7969468832 -0.2093644887 0.7901193500 -0.4533856213 0.4124959111
-29.7 -311.3 2414.5 -0.3075817227 -0.3991455138 -0.8637571335 0.3494468927 0.7969468832 -0.4927093983 0.8850312829 -0.4533856213 -0.1056461185
314.2 -146.2 2590.8 -0.0885280594 0.0885207206 0.9921324849 -0.5514647961 0.8251063228 -0.1228254512 -0.8294873834 -0.5579996109 -0.0242290013
288.3 -307.7 2347.9 -0.5334147811 0.1279961169 0.8361134529 -0.3686943352 0.8544554114 -0.3660196662 -0.7612707615 -0.5035105944 -0.4085877240
50.8 -488.1 2426.8 0.9153133035 0.3100463748 -0.2570462823 -0.3288461268 0.2068833113 -0.9214442372 -0.2325118631 0.9279388785 0.2913205922
-72.4 -570.3 2058.0 0.9153133035 0.3985523582 -0.0579444505 -0.3288461268 0.6565312743 -0.6788423061 -0.2325118631 0.6404082179 0.7319942117
231.5 -482.9 2386.4 0.9688121080 0.0423930213 0.2441432625 0.2323264182 0.1872737557 -0.9544385672 -0.0861831605 0.9813925624 0.1715840548
214.6 -557.8 1993.9 0.9688121080 -0.1034751907 0.2251576930 0.2323264182 0.6953242421 -0.6801092625 -0.0861831605 0.7112082243 0.6976785660
50.2 -402.1 2184.5 0 0 0 0 0 0 0 0 0
149.6 -403.5 2150.0 0 0 0 0 0 0 0 0 0
-224.7 -821.2 1813.2 0 0 0 0 0 0 0 0 0
254.0 -822.9 1722.7 0 0 0 0 0 0 0 0 0
192.5 28.3 2715.4 6 0.9852679372 0.0835152194 0.1492390931 0.0032359373 0.8633919358 -0.5045234561 -0.1709872186 0.4975737333 0.8504021168
175.6 -146.1 2614.9 0.9852679372 0.0835152194 0.1492390931 0.0032359373 0.8633919358 -0.5045234561 -0.1709872186 0.4975737333 0.8504021168
157.6 -315.2 2512.0 0.9849698544 0.0905302912 0.1471008062 0.0003002485 0.8507422805 -0.5255829692 -0.1727260500 0.5177275538 0.8379282951
37.0 -146.2 2639.2 0.2371967435 -0.4353715479 -0.8684407473 0.5848193765 0.7778120637 -0.2302056700 0.7757086754 -0.4532769620 0.4391081929
-29.5 -310.3 2421.5 -0.3016780615 -0.4353715479 -0.8481992483 0.3483363390 0.7778120637 -0.5231349468 0.8874976635 -0.4532769620 -0.0829931051
314.1 -146.1 2590.6 -0.0886029825 0.0992096514 0.9911140203 -0.5521975756 0.8232342005 -0.1317700297 -0.8289917707 -0.5589659214 -0.0181576740
288.5 -305.6 2351.1 -0.5354773998 0.1397747546 0.8329027295 -0.3623260558 0.8528188467 -0.3760582805 -0.7628785968 -0.5031530857 -0.4060212076
49.2 -486.9 2430.3 0.9174908996 0.3019418120 -0.2589239478 -0.3273467720 0.2033997327 -0.9227527380 -0.2259525806 0.9313751459 0.2854570746
-70.8 -567.8 2060.1 0.9174908996 0.3932257295 -0.0598665401 -0.3273467720 0.6609771252 -0.6752431989 -0.2259525806 0.6391265988 0.7351616025
230.1 -485.7 2395.2 0.9665192366 0.0442208946 0.2527550459 0.2423317879 0.1665236801 -0.9557955861 -0.0843558386 0.9850453734 0.1502322108
212.4 -552.1 2002.5 0.9665192366 -0.1096699536 0.2319765240 0.2423317879 0.6873461604 -0.6847119927 -0.0843558386 0.7180026174 0.6909098029
48.9 -400.8 2190.8 0 0 0 0 0 0 0 0 0
149.3 -399.8 2152.8 0 0 0 0 0 0 0 0 0
-221.1 -820.4 1815.8 0 0 0 0 0 0 0 0 0
254.3 -814.5 1728.4 0 0 0 0 0 0 0 0 0
194.2 28.0 2717.6 7 0.9870272279 0.0867293626 0.1351120621 -0.0070324582 0.8640885949 -0.5032905936 -0.1603988707 0.4958113432 0.8534889221
176.6 -146.8 2617.3 0.9870272279 0.0867293626 0.1351120621 -0.0070324582 0.8640885949 -0.5032905936 -0.1603988707 0.4958113432 0.8534889221
158.1 -316.2 2515.0 0.9867117405 0.0932829976 0.1330346316 -0.0100403810 0.8522136807 -0.5230975151 -0.1621700376 0.5148107409 0.8418258429
37.8 -145.4 2640.1 0.2359680235 -0.4570319951 -0.8575784564 0.5831468701 0.7725357413 -0.2512533963 0.7773408294 -0.4408064485 0.4488105178
-29.6 -312.0 2418.1 -0.3004979789 -0.4570319951 -0.8371515274 0.3323431909 0.7725357413 -0.5410513878 0.8940072656 -0.4408064485 -0.0802539662
315.5 -148.2 2594.5 -0.0922987610 0.1146657318 0.9891070127 -0.5399606824 0.8288473487 -0.1464736164 -0.8366142511 -0.5475982428 -0.0145865949
288.7 -305.0 2351.5 -0.5310910344 0.1484229267 0.8342139721 -0.3579143882 0.8530933261 -0.3796432912 -0.7680101395 -0.5002022982 -0.3999475539
49.2 -484.4 2424.9 0.9140449166 0.3068187535 -0.2653000355 -0.3382534087 0.2156299055 -0.9160176516 -0.2238447815 0.9270199537 0.3008778989
-72.7 -570.1 2056.4 0.9140449166 0.4002603292 -0.0656774566 -0.3382534087 0.6628326774 -0.6680101156 -0.2238447815 0.6328068972 0.7412482500
230.2 -484.2 2392.6 0.9630840421 0.0444142297 0.2655116618 0.2538690865 0.1782545745 -0.9506712556 -0.0895520002 0.9829815030 0.1603987366
212.6 -555.1 2001.3 0.9630840421 -0.1163063124 0.2427795678 0.2538690865 0.6924052835 -0.6753705740 -0.0895520002 0.7120728493 0.6963710785
48.5 -398.4 2185.7 0 0 0 0 0 0 0 0 0
150.6 -398.1 2151.9 0 0 0 0 0 0 0 0 0
-225.7 -823.5 1814.5 0 0 0 0 0 0 0 0 0
257.0 -819.7 1729.3 0 0 0 0 0 0 0 0 0
193.8 26.9 2716.2 8 0.9835704565 0.0860206634 0.1587122977 0.0047530569 0.8665278554 -0.4991060495 -0.1804620624 0.4916603267 0.8518823385
176.4 -148.0 2616.9 0.9835704565 0.0860206634 0.1587122977 0.0047530569 0.8665278554 -0.4991060495 -0.1804620624 0.4916603267 0.8518823385
158.2 -318.1 2515.6 0.9833678007 0.0917211622 0.1567640752 0.0027898543 0.8553881645 -0.5179799795 -0.1816038638 0.5098021626 0.8409053087
38.1 -148.4 2642.5 0.2382570952 -0.4636392891 -0.8533886075 0.5781546831 0.7737440467 -0.2589543462 0.7803657651 -0.4316928983 0.4524052143
-29.1 -311.4 2422.5 -0.2927293479 -0.4636392891 -0.8362703919 0.3260971010 0.7737440467 -0.5431213975 0.8988716602 -0.4316928983 -0.0753061548
314.7 -147.6 2591.4 -0.0909773707 0.0924184546 0.9915553331 -0.5462401509 0.8279013038 -0.1272837222 -0.8326733112 -0.5532072186 -0.0248376187
288.8 -303.6 2353.6 -0.5316609144 0.1354505271 0.8360561132 -0.3570646346 0.8592716455 -0.3662745655 -0.7680114508 -0.4932599366 -0.4084765613
49.0 -484.7 2427.5 0.9090823531 0.3039637208 -0.2849128246 -0.3573540151 0.2173663527 -0.9083226323 -0.2141666412 0.9275547862 0.3062265813
-71.8 -571.1 2058.8 0.9090823531 0.4074586332 -0.0868717879 -0.3573540151 0.6554369330 -0.6653574109 -0.2141666412 0.6359086633 0.7414531708
230.2 -486.4 2397.5 0.9660829902 0.0484246910 0.2536508441 0.2445948571 0.1433851570 -0.9589651227 -0.0828073546 0.9884815216 0.1266775280
211.0 -543.5 2004.4 0.9660829902 -0.1248043925 0.2260698229 0.2445948571 0.7229861021 -0.6461149454 -0.0828073546 0.6794961095 0.7289910316
47.0 -396.1 2188.9 0 0 0 0 0 0 0 0 0
150.5 -396.5 2153.9 0 0 0 0 0 0 0 0 0
-227.6 -821.7 1815.7 0 0 0 0 0 0 0 0 0
258.6 -819.5 1745.0 0 0 0 0 0 0 0 0 0
195.4 27.7 2717.0 9 0.9836125970 0.0890146568 0.1567886919 0.0008729310 0.8672614098 -0.4978522658 -0.1802929342 0.4898306131 0.8529715538
177.4 -147.3 2618.1 0.9836125970 0.0890146568 0.1567886919 0.0008729310 0.8672614098 -0.4978522658 -0.1802929342 0.4898306131 0.8529715538
159.1 -317.9 2517.8 0.9835524559 0.0924118012 0.1551923901 0.0003008516 0.8583674431 -0.5130353570 -0.1806226224 0.5046438575 0.8442215919
39.0 -147.3 2643.6 0.2348434776 -0.4445353746 -0.8644286394 0.5707543492 0.7829144597 -0.2475568503 0.7868214250 -0.4352392852 0.4375828505
-28.1 -310.4 2418.7 -0.2846513689 -0.4445353746 -0.8493302464 0.3372354805 0.7829144597 -0.5227974653 0.8973549008 -0.4352392852 -0.0729445666
315.8 -147.2 2592.7 -0.0967114717 0.0950275064 0.9907656908 -0.5424696207 0.8295575976 -0.1325175315 -0.8344900012 -0.5502762794 -0.0286782030
