109.0 -10.7 2979.2  0.9959977865 -0.0041122995 0.0892832205 0.0501071252 0.8528865576 -0.5196862221 -0.0740113482 0.5220800638 0.8496791720
109.8 -182.7 2873.8 0.9959977865 -0.0041122995 0.0892832205 0.0501071252 0.8528865576 -0.5196862221 -0.0740113482 0.5220800638 0.8496791720
110.9 -343.9 2765.8 0.9959750772 -0.0052697370 0.0894756392 0.0541838817 0.8306083679 -0.5542145967 -0.0713986531 0.5568320751 0.8275507689
-26.2 -190.1 2883.6 0.3743245602 -0.9195203781 -0.1198475361 0.9225928783 0.3562988639 0.1478970647 -0.0932928249 -0.1659319848 0.9817143083
-110.9 -399.0 2904.7 0.2304304987 -0.9195203781 -0.3184086680 0.8307020068 0.3562988639 -0.4277678132 0.5067898631 -0.1659319848 0.8459495306
245.8 -175.3 2864.1 0.5490301847 0.7025189400 0.4528056681 -0.8217903376 0.3549546301 0.4457217753 0.1524025053 -0.6168259978 0.7722041011
381.4 -378.2 2901.7 -0.2390057594 0.7025189400 0.6703308225 -0.6987194419 0.3549546301 -0.6211266518 -0.6742902994 -0.6168259978 0.4060274363
26.3 -511.4 2663.8 0.9698066115 0.2430363446 -0.0202098861 -0.0166779663 -0.0165814441 -0.9997234344 -0.2433042228 0.9698754549 -0.0120274425
-84.1 -503.8 2223.0 0.9698066115 0.0380545817 0.2408878356 -0.0166779663 0.9957870841 -0.0901658535 -0.2433042228 0.0834259242 0.9663556218
205.1 -503.1 2655.7 0.9696733952 -0.2431773394 0.0244598426 0.0277566854 0.0101397559 -0.9995632768 0.2428231239 0.9699288607 0.0165820494
309.8 -507.5 2237.9 0.9696733952 -0.0388090573 -0.2413034588 0.0277566854 0.9984112978 -0.0490356870 0.2428231239 0.0408508182 0.9692100883
-169.2 -609.2 2776.5 0 0 0 0 0 0 0 0 0
320.7 -555.5 2730.6 0 0 0 0 0 0 0 0 0
-98.3 -875.3 2191.9 0 0 0 0 0 0 0 0 0
324.3 -880.2 2222.6 0 0 0 0 0 0 0 0 0
108.4 -11.5 2979.1  0.9967092276 0.0015957792 0.0810445473 0.0409308858 0.8530770540 -0.5201770663 -0.0699673295 0.5217825174 0.8502044678
108.1 -183.1 2874.1 0.9967092276 0.0015957792 0.0810445473 0.0409308858 0.8530770540 -0.5201770663 -0.0699673295 0.5217825174 0.8502044678
108.1 -344.4 2766.0 0.9967133999 0.0001595218 0.0810085386 0.0449524447 0.8308203816 -0.5547222495 -0.0673920363 0.5565406084 0.8280826211
-28.0 -189.3 2883.3 0.3617074788 -0.9240591526 -0.1236218587 0.9290720820 0.3462649584 0.1300985366 -0.0774128214 -0.1619112343 0.9837642312
-110.5 -401.0 2900.9 0.2247906923 -0.9240591526 -0.3091663122 0.8348485827 0.3462649584 -0.4279350638 0.5024907589 -0.1619112343 0.8492866158
244.2 -177.0 2864.9 0.5408709645 0.7082616091 0.4536783695 -0.8267076612 0.3482761383 0.4418803155 0.1549615115 -0.6140596271 0.7738977671
377.8 -381.1 2903.1 -0.2427554131 0.7082616091 0.6628991365 -0.6966352463 0.3482761383 -0.6272184849 -0.6751067638 -0.6140596271 0.4088540971
22.7 -510.1 2664.1 0.9714839458 0.2361487448 -0.0212775562 -0.0182846207 -0.0148568843 -0.9997224212 -0.2363993078 0.9716033340 -0.0101153338
-84.8 -503.3 2221.7 0.9714839458 0.0354859605 0.2344348729 -0.0182846207 0.9970049858 -0.0751443878 -0.2363993078 0.0687150136 0.9692232013
201.1 -500.3 2651.3 0.9671437144 -0.2525606453 0.0290883388 0.0349291600 0.0186727569 -0.9992153049 0.2518193126 0.9674008489 0.0268809702
308.7 -508.3 2239.1 0.9671437144 -0.0479334891 -0.2496705502 0.0349291600 0.9978048801 -0.0562611483 0.2518193126 0.0456918329 0.9666950107
-167.4 -612.6 2773.5 0 0 0 0 0 0 0 0 0
316.2 -557.9 2731.7 0 0 0 0 0 0 0 0 0
-98.1 -875.3 2196.1 0 0 0 0 0 0 0 0 0
326.6 -880.8 2222.1 0 0 0 0 0 0 0 0 0
108.1 -10.5 2979.5  0.9951883554 -0.0007481668 0.0979775935 0.0516020618 0.8540554047 -0.5176162720 -0.0832910314 0.5201815367 0.8499845862
108.3 -181.6 2875.3 0.9951883554 -0.0007481668 0.0979775935 0.0516020618 0.8540554047 -0.5176162720 -0.0832910314 0.5201815367 0.8499845862
108.2 -343.1 2767.7 0.9951880574 0.0005390254 0.0979818180 0.0538626164 0.8323319554 -0.5516542196 -0.0818507522 0.5542772412 0.8282977939
-27.7 -188.9 2886.5 0.3611127734 -0.9263502359 -0.1071112901 0.9297547936 0.3488157988 0.1178282648 -0.0717881322 -0.1421365291 0.9872404337
-109.5 -399.7 2902.8 0.2480024993 -0.9263502359 -0.2834960818 0.8488520384 0.3488157988 -0.3972125053 0.4668458104 -0.1421365291 0.8728414774
244.2 -174.2 2864.1 0.5506198406 0.6961346269 0.4606673717 -0.8212906122 0.3530529737 0.4481465220 0.1493303180 -0.6251001358 0.7661268115
380.1 -377.0 2901.0 -0.2460064590 0.6961346269 0.6744460464 -0.7006928325 0.3530529737 -0.6199864149 -0.6697091460 -0.6251001358 0.4009231925
18.8 -509.7 2664.0 0.9734873176 0.2279838920 -0.0185965449 -0.0158855710 -0.0137204751 -0.9997797012 -0.2281888127 0.9735682011 -0.0097350534
-85.0 -503.5 2220.7 0.9734873176 0.0319862589 0.2264936268 -0.0158855710 0.9972378016 -0.0725561455 -0.2281888127 0.0670345053 0.9713064432
197.3 -501.7 2652.0 0.9648724198 -0.2614116669 0.0261758976 0.0316083729 0.0165977143 -0.9993625283 0.2608105540 0.9650846720 0.0242774747
309.8 -508.8 2236.7 0.9648724198 -0.0394611396 -0.2597384453 0.0316083729 0.9989101291 -0.0343425721 0.2608105540 0.0249262899 0.9650681615
-172.4 -614.8 2784.5 0 0 0 0 0 0 0 0 0
317.7 -554.8 2731.0 0 0 0 0 0 0 0 0 0
-97.0 -875.7 2195.7 0 0 0 0 0 0 0 0 0
324.5 -881.6 2227.4 0 0 0 0 0 0 0 0 0
107.4 -10.6 2966.7  0.9980074167 -0.0053279763 0.0628709272 0.0361710973 0.8647527099 -0.5008935928 -0.0516990535 0.5021696687 0.8632223606
108.5 -184.1 2866.0 0.9980074167 -0.0053279763 0.0628709272 0.0361710973 0.8647527099 -0.5008935928 -0.0516990535 0.5021696687 0.8632223606
110.2 -347.3 2761.0 0.9979586601 -0.0091772461 0.0632005259 0.0419083312 0.8408460617 -0.5396494865 -0.0481894128 0.5411965251 0.8395141959
-27.8 -189.9 2872.6 0.3577060401 -0.9305830598 -0.0778557658 0.9238601923 0.3405006826 0.1747615337 -0.1361201853 -0.1344410926 0.9815278053
-110.1 -402.5 2903.9 0.2287943214 -0.9305830598 -0.2857766449 0.8276442289 0.3405006826 -0.4461662173 0.5125018954 -0.1344410926 0.8480963707
244.7 -178.3 2859.4 0.5356780291 0.7211388946 0.4393264949 -0.8248537183 0.3355135620 0.4550241530 0.1807356030 -0.6061265469 0.7745613456
376.9 -381.9 2904.0 -0.2308378369 0.7211388946 0.6532018185 -0.7085428238 0.3355135620 -0.6208040714 -0.6668440104 -0.6061265469 0.4335085452
18.9 -509.5 2667.4 0.9741937518 0.2242116779 -0.0259937346 -0.0232172534 -0.0150112407 -0.9996177554 -0.2245161682 0.9744248390 -0.0094182780
-83.6 -502.7 2221.7 0.9741937518 0.0414109975 0.2218821347 -0.0232172534 0.9961962700 -0.0839877352 -0.2245161682 0.0766688362 0.9714496136
197.2 -499.9 2652.8 0.9643634558 -0.2640376389 0.0169493016 0.0240988545 0.0238621328 -0.9994247556 0.2634813190 0.9642171264 0.0293747727
311.6 -510.2 2234.9 0.9643634558 -0.0294165257 -0.2629407346 0.0240988545 0.9994350672 -0.0234267768 0.2634813190 0.0162553564 0.9645275474
-168.0 -612.1 2774.1 0 0 0 0 0 0 0 0 0
318.3 -561.7 2734.8 0 0 0 0 0 0 0 0 0
-99.1 -874.5 2193.1 0 0 0 0 0 0 0 0 0
322.6 -883.2 2228.8 0 0 0 0 0 0 0 0 0
106.8 -11.9 2973.4  0.9994422793 -0.0269911140 0.0196609665 0.0332631618 0.8565229774 -0.5150358677 -0.0029386776 0.5154026151 0.8569431305
112.3 -183.7 2870.0 0.9994422793 -0.0269911140 0.0196609665 0.0332631618 0.8565229774 -0.5150358677 -0.0029386776 0.5154026151 0.8569431305
118.1 -345.5 2763.0 0.9993281364 -0.0301170852 0.0208875928 0.0366426334 0.8334785700 -0.5513354540 -0.0008047463 0.5517303348 0.8340221643
-24.1 -188.7 2870.1 0.3715475798 -0.9224527478 -0.1050398424 0.9176928401 0.3477547169 0.1921106130 -0.1406848580 -0.1677725464 0.9757357240
-110.0 -400.9 2902.6 0.2169942409 -0.9224527478 -0.3193657398 0.8263280988 0.3477547169 -0.4429994822 0.5197070241 -0.1677725464 0.8377093673
248.6 -178.7 2869.9 0.5221381783 0.7505895495 0.4049531817 -0.8305003047 0.3394639492 0.4416259229 0.1940128058 -0.5669034719 0.8006119132
377.4 -383.7 2917.7 -0.2026284933 0.7505895495 0.6289332509 -0.6983609796 0.3394639492 -0.6301239729 -0.6864646077 -0.5669034719 0.4553973675
22.6 -514.3 2660.3 0.9719288349 0.2332112789 -0.0310945697 -0.0257707946 -0.0258412827 -0.9993337989 -0.2338594347 0.9720826745 -0.0191058479
-82.7 -502.7 2221.4 0.9719288349 0.0450980254 0.2309124023 -0.0257707946 0.9959580898 -0.0860428587 -0.2338594347 0.0776767433 0.9691625834
201.3 -506.8 2651.7 0.9659019113 -0.2578626573 0.0232452229 0.0257030781 0.0061643296 -0.9996505976 0.2576292753 0.9661619067 0.0125820022
312.2 -509.4 2236.2 0.9659019113 -0.0289798863 -0.2572813034 0.0257030781 0.9995400906 -0.0160909761 0.2576292753 0.0089293830 0.9662025571
-165.0 -610.4 2770.9 0 0 0 0 0 0 0 0 0
326.0 -560.8 2743.6 0 0 0 0 0 0 0 0 0
-99.5 -874.4 2192.4 0 0 0 0 0 0 0 0 0
323.0 -882.5 2232.9 0 0 0 0 0 0 0 0 0
106.3 -11.3 2963.7  0.9989723563 -0.0322461985 0.0318490602 0.0438327752 0.8660910130 -0.4979608953 -0.0115268389 0.4988452196 0.8666144609
112.8 -184.7 2863.8 0.9989723563 -0.0322461985 0.0318490602 0.0438327752 0.8660910130 -0.4979608953 -0.0115268389 0.4988452196 0.8666144609
119.4 -347.8 2759.0 0.9988589883 -0.0340748429 0.0334612280 0.0467513725 0.8407181501 -0.5394508839 -0.0097497581 0.5403997302 0.8413519263
-23.6 -191.0 2865.1 0.3807497323 -0.9154309034 -0.1304450631 0.9118494987 0.3482953012 0.2173035443 -0.1534929723 -0.2016845345 0.9673485756
-110.0 -398.0 2900.0 0.2104434520 -0.9154309034 -0.3430740833 0.8413712382 0.3482953012 -0.4132612348 0.4978031814 -0.2016845345 0.8435136676
249.1 -178.3 2862.5 0.5324438810 0.7422936559 0.4068213999 -0.8222122788 0.3393162489 0.4569808245 0.2011728734 -0.5778101683 0.7909898162
380.5 -381.2 2912.1 -0.2012326866 0.7422936559 0.6391443610 -0.7096193433 0.3393162489 -0.6174988747 -0.6752375364 -0.5778101683 0.4584644437
34.6 -510.6 2656.1 0.9654651284 0.2579557896 -0.0365502648 -0.0327184759 -0.0191329494 -0.9992814660 -0.2584697604 0.9659672379 -0.0100322748
-81.9 -501.9 2219.7 0.9654651284 0.0506950431 0.2555525899 -0.0327184759 0.9967129827 -0.0741133392 -0.2584697604 0.0631925538 0.9639502764
213.4 -504.0 2656.0 0.9733335376 -0.2289528847 0.0142249921 0.0172866080 0.0113721602 -0.9997859001 0.2287420928 0.9733710885 0.0150267240
312.5 -508.9 2234.5 0.9733335376 -0.0206213500 -0.2284656018 0.0172866080 0.9997129440 -0.0165880378 0.2287420928 0.0121962987 0.9734106660
-163.4 -611.4 2773.7 0 0 0 0 0 0 0 0 0
329.5 -561.3 2740.8 0 0 0 0 0 0 0 0 0
-100.9 -873.9 2196.1 0 0 0 0 0 0 0 0 0
320.2 -882.1 2230.0 0 0 0 0 0 0 0 0 0
104.9 -10.8 2959.8 0 0.9985426664 -0.0349239893 0.0411446281 0.0507550128 0.8668413162 -0.4959939718 -0.0183437783 0.4973594248 0.8673506379
111.9 -184.8 2860.0 0.9985426664 -0.0349239893 0.0411446281 0.0507550128 0.8668413162 -0.4959939718 -0.0183437783 0.4973594248 0.8673506379
119.0 -348.2 2755.5 0.9984015226 -0.0368504971 0.0428537242 0.0541152693 0.8420449495 -0.5366860032 -0.0163076166 0.5381471515 0.8426931500
-24.5 -192.1 2862.2 0.3773859739 -0.9182094932 -0.1202961877 0.9113707542 0.3452123106 0.2241245359 -0.1642655581 -0.1942158937 0.9671075344
-110.3 -399.5 2899.6 0.1964555979 -0.9182094932 -0.3439426422 0.8226780891 0.3452123106 -0.4516959488 0.5334847569 -0.1942158937 0.8232097030
248.2 -177.4 2857.7 0.5398764014 0.7360464334 0.4083737731 -0.8175742030 0.3431029618 0.4624422193 0.2002646923 -0.5835375190 0.7870057225
381.5 -379.2 2907.2 -0.2003804892 0.7360464334 0.6465936303 -0.7129685283 0.3431029618 -0.6115196347 -0.6719549894 -0.5835375190 0.4560267925
36.6 -515.2 2655.0 0.9637950063 0.2646309137 -0.0327051878 -0.0255502984 -0.0304352306 -0.9992101192 -0.2654172778 0.9638693929 -0.0225719251
-82.7 -501.5 2220.3 0.9637950063 0.0458272807 0.2626766264 -0.0255502984 0.9964594841 -0.0800976455 -0.2654172778 0.0704862475 0.9615536332
215.5 -506.8 2653.2 0.9746466279 -0.2214840055 0.0317610428 0.0331471525 0.0025431835 -0.9994472265 0.2212807983 0.9751607180 0.0098202694
310.1 -507.9 2236.7 0.9746466279 -0.0383190103 -0.2204440534 0.0331471525 0.9990826249 -0.0271138903 0.2212807983 0.0191193689 0.9750226736
-160.2 -608.1 2764.4 0 0 0 0 0 0 0 0 0
330.6 -560.2 2736.7 0 0 0 0 0 0 0 0 0
-99.8 -873.4 2193.9 0 0 0 0 0 0 0 0 0
324.4 -880.8 2229.6 0 0 0 0 0 0 0 0 0
104.2 -11.2 2969.9 1 0.9976434112 -0.0344113111 0.0593589507 0.0598551370 0.8594117761 -0.5077683926 -0.0335408039 0.5101247430 0.8594462276
111.0 -183.2 2867.8 0.9976434112 -0.0344113111 0.0593589507 0.0598551370 0.8594117761 -0.5077683926 -0.0335408039 0.5101247430 0.8594462276
118.2 -345.2 2761.1 0.9974461794 -0.0371069871 0.0610265993 0.0645271540 0.8344675899 -0.5472659469 -0.0306173302 0.5498062372 0.8347309232
-25.2 -192.0 2872.0 0.3794252574 -0.9169330001 -0.1235734075 0.9158563614 0.3532633185 0.1908198148 -0.1313150227 -0.1855773479 0.9738159180
-109.2 -394.8 2901.0 0.2212073803 -0.9169330001 -0.3321162760 0.8370482922 0.3532633185 -0.4177980423 0.5004172921 -0.1855773479 0.8456616402
247.3 -174.4 2863.6 0.5510317087 0.7235952616 0.4156608582 -0.8145583868 0.3581993580 0.4562761188 0.1812697798 -0.5900025964 0.7867897749
383.3 -375.4 2908.4 -0.2035755366 0.7235952616 0.6595202088 -0.7060173154 0.3581993580 -0.6109278202 -0.6783041954 -0.5900025964 0.4379501641
36.8 -516.5 2652.6 0.9636030197 0.2658678293 -0.0279917475 -0.0192156341 -0.0355538949 -0.9991829991 -0.2666458189 0.9633536339 -0.0291510206
-82.9 -500.5 2219.0 0.9636030197 0.0401851013 0.2642998099 -0.0192156341 0.9964919686 -0.0814525262 -0.2666458189 0.0734092146 0.9609948397
215.6 -506.8 2649.7 0.9745041728 -0.2212471217 0.0373003222 0.0382265523 -0.0000954726 -0.9992690682 0.2210889757 0.9752177596 0.0083644763
308.8 -506.8 2239.0 0.9745041728 -0.0449338965 -0.2198238969 0.0382265523 0.9986673594 -0.0346735790 0.2210889757 0.0253864378 0.9749231935
-165.2 -606.9 2774.2 0 0 0 0 0 0 0 0 0
331.6 -554.6 2736.2 0 0 0 0 0 0 0 0 0
-97.9 -872.5 2191.6 0 0 0 0 0 0 0 0 0
325.6 -879.5 2229.5 0 0 0 0 0 0 0 0 0
105.6 -9.4 2963.4 2 0.9972714186 -0.0273163561 0.0685822293 0.0578119159 0.8667133451 -0.4954449832 -0.0459073819 0.4980579913 0.8659276962
111.1 -183.1 2863.6 0.9972714186 -0.0273163561 0.0685822293 0.0578119159 0.8667133451 -0.4954449832 -0.0459073819 0.4980579913 0.8659276962
117.1 -346.4 2758.8 0.9970717430 -0.0307936296 0.0699982196 0.0636814162 0.8411363363 -0.5370607972 -0.0423399918 0.5399457216 0.8406342268
-25.1 -191.8 2869.4 0.3667501211 -0.9254845381 -0.0947244912 0.9186856151 0.3442296088 0.1937078387 -0.1466666311 -0.1580643952 0.9764755964
-107.4 -398.1 2902.3 0.2219183445 -0.9254845381 -0.3069700897 0.8309237957 0.3442296088 -0.4371173680 0.5102135539 -0.1580643952 0.8453980088
247.3 -174.4 2857.8 0.5527715087 0.7171964049 0.4243501127 -0.8124968410 0.3506816328 0.4656944275 0.1851825714 -0.6022056937 0.7765666246
383.7 -375.0 2903.5 -0.2111976445 0.7171964049 0.6640970707 -0.7141356468 0.3506816328 -0.6058321595 -0.6673873067 -0.6022056937 0.4381124079
36.1 -512.9 2657.1 0.9644366503 0.2631898224 -0.0243535582 -0.0179507341 -0.0267054439 -0.9994821548 -0.2637039125 0.9643743634 -0.0210312568
-83.6 -500.8 2218.6 0.9644366503 0.0389492176 0.2614286542 -0.0179507341 0.9964512587 -0.0822352543 -0.2637039125 0.0746178553 0.9617132545
214.8 -501.4 2651.6 0.9744146466 -0.2202930748 0.0445765331 0.0481875129 0.0110425213 -0.9987772703 0.2195314914 0.9753712416 0.0213753693
307.8 -506.0 2239.8 0.9744146466 -0.0569835119 -0.2174143195 0.0481875129 0.9977990985 -0.0455511920 0.2195314914 0.0339090899 0.9750159383
-163.7 -608.8 2772.9 0 0 0 0 0 0 0 0 0
330.1 -556.3 2734.2 0 0 0 0 0 0 0 0 0
-98.1 -872.8 2190.7 0 0 0 0 0 0 0 0 0
329.0 -878.4 2227.1 0 0 0 0 0 0 0 0 0
105.4 -9.2 2971.2 3 0.9982748628 -0.0270121004 0.0521307886 0.0498325787 0.8593240380 -0.5089979768 -0.0310481358 0.5107176900 0.8591876626
110.8 -181.0 2869.1 0.9982748628 -0.0270121004 0.0521307886 0.0498325787 0.8593240380 -0.5089979768 -0.0310481358 0.5107176900 0.8591876626
117.0 -343.1 2762.5 0.9980739951 -0.0314946473 0.0534451492 0.0556507334 0.8352372646 -0.5470664501 -0.0274097156 0.5489870310 0.8353813291
-25.5 -188.6 2872.8 0.3637999296 -0.9257737398 -0.1029202268 0.9222867489 0.3425221443 0.1790691465 -0.1305250674 -0.1600673050 0.9784383774
-108.8 -399.8 2902.7 0.2126442194 -0.9257737398 -0.3126105964 0.8217809200 0.3425221443 -0.4553621411 0.5286383629 -0.1600673050 0.8336185813
247.2 -173.4 2865.3 0.5432624221 0.7286645770 0.4170298278 -0.8192145228 0.3513771892 0.4532346427 0.1837212592 -0.5878622532 0.7878226042
381.3 -375.6 2910.7 -0.2074879557 0.7286645770 0.6526842117 -0.7047552466 0.3513771892 -0.6163230538 -0.6784310937 -0.5878622532 0.4406236410
33.7 -515.3 2657.8 0.9660875797 0.2567743063 -0.0272347517 -0.0194852054 -0.0326770209 -0.9992759824 -0.2574783564 0.9659188390 -0.0265655629
-82.7 -500.5 2219.9 0.9660875797 0.0365682654 0.2556120753 -0.0194852054 0.9974229932 -0.0690484345 -0.2574783564 0.0617261790 0.9643105268
212.4 -503.9 2650.2 0.9735532403 -0.2221444994 0.0533467010 0.0562921539 0.0069440636 -0.9983901978 0.2214164585 0.9749889970 0.0192654077
305.9 -506.9 2239.6 0.9735532403 -0.0651447773 -0.2189753652 0.0562921539 0.9973340034 -0.0464330390 0.2214164585 0.0328784436 0.9746249318
-162.8 -608.3 2768.6 0 0 0 0 0 0 0 0 0
328.6 -554.5 2738.5 0 0 0 0 0 0 0 0 0
-96.3 -872.8 2196.9 0 0 0 0 0 0 0 0 0
330.2 -879.1 2227.3 0 0 0 0 0 0 0 0 0
103.6 -13.5 2963.1 4 0.9960211515 -0.0209766924 0.0866134912 0.0617724992 0.8630414605 -0.5013417602 -0.0642345473 0.5046973228 0.8609033227
107.8 -186.4 2862.0 0.9960211515 -0.0209766924 0.0866134912 0.0617724992 0.8630414605 -0.5013417602 -0.0642345473 0.5046973228 0.8609033227
112.9 -349.0 2756.2 0.9958038926 -0.0260755159 0.0877190754 0.0696249381 0.8379357457 -0.5413095951 -0.0593880229 0.5451456308 0.8362352252
-28.1 -195.9 2870.1 0.3639926314 -0.9288710952 -0.0686141402 0.9212887287 0.3482357562 0.1730864644 -0.1368811131 -0.1262156367 0.9825137258
-109.0 -400.7 2900.5 0.2503108084 -0.9288710952 -0.2730256915 0.8413149714 0.3482357562 -0.4134259224 0.4790966809 -0.1262156367 0.8686403036
243.8 -176.9 2853.9 0.5603821874 0.7045784593 0.4353630841 -0.8104607463 0.3581739962 0.4635351002 0.1706611067 -0.6126014590 0.7717475295
382.1 -376.9 2896.0 -0.2185983211 0.7045784593 0.6751177311 -0.7117438912 0.3581739962 -0.6042615771 -0.6675593257 -0.6126014590 0.4231831729
33.7 -510.2 2658.4 0.9661613107 0.2564554214 -0.0276219640 -0.0230555683 -0.0207960047 -0.9995178580 -0.2569062114 0.9663323164 -0.0141795697
-82.6 -500.8 2220.3 0.9661613107 0.0395969860 0.2548812032 -0.0230555683 0.9974485636 -0.0675630718 -0.2569062114 0.0594003983 0.9646091461
212.5 -500.2 2653.5 0.9741312265 -0.2192486376 0.0547570847 0.0600834750 0.0176950675 -0.9980365038 0.2178492099 0.9755085707 0.0304105375
305.1 -507.7 2241.4 0.9741312265 -0.0726770386 -0.2139774561 0.0600834750 0.9960885048 -0.0647898614 0.2178492099 0.0502573214 0.9746875763
-172.4 -613.7 2779.2 0 0 0 0 0 0 0 0 0
326.6 -557.6 2726.6 0 0 0 0 0 0 0 0 0
-97.4 -873.1 2198.2 0 0 0 0 0 0 0 0 0
332.2 -879.5 2222.6 0 0 0 0 0 0 0 0 0
104.4 -12.6 2959.0 5 0.9957253337 -0.0204979740 0.0900601670 0.0628330335 0.8650018573 -0.4978190064 -0.0676979348 0.5013497472 0.8625922799
108.5 -187.0 2857.9 0.9957253337 -0.0204979740 0.0900601670 0.0628330335 0.8650018573 -0.4978190064 -0.0676979348 0.5013497472 0.8625922799
113.4 -349.5 2752.0 0.9955120087 -0.0251052771 0.0912444219 0.0707971975 0.8373733163 -0.5420273542 -0.0627978966 0.5460546017 0.8353925943
-27.4 -196.6 2866.5 0.3665716648 -0.9249533415 -0.1004317403 0.9217411280 0.3463577926 0.1744407564 -0.1265642494 -0.1565171033 0.9795324802
-110.9 -406.5 2895.3 0.2388960868 -0.9249533415 -0.2956179678 0.8500764370 0.3463577926 -0.3967447281 0.4693599343 -0.1565171033 0.8690245152
244.5 -177.3 2849.4 0.5619328618 0.7020467520 0.4374492466 -0.8099299073 0.3595289886 0.4634138942 0.1680625230 -0.6147107482 0.7706397772
383.2 -377.3 2890.9 -0.2202583253 0.7020467520 0.6772124171 -0.7112474442 0.3595289886 -0.6040413976 -0.6675427556 -0.6147107482 0.4201397002
28.9 -517.9 2655.7 0.9685761333 0.2455519438 -0.0395535454 -0.0316515081 -0.0360457972 -0.9988487959 -0.2466949970 0.9687130451 -0.0271410123
-81.6 -501.7 2220.0 0.9685761333 0.0492996685 0.2437822372 -0.0316515081 0.9966213107 -0.0757897943 -0.2466949970 0.0656921118 0.9668640494
207.2 -505.5 2645.1 0.9700039625 -0.2373631895 0.0524507910 0.0550167747 0.0041944226 -0.9984766245 0.2367815971 0.9714119434 0.0171275642
305.7 -507.2 2241.8 0.9700039625 -0.0701018423 -0.2327619046 0.0550167747 0.9959800839 -0.0706883371 0.2367815971 0.0557621568 0.9699613452
-171.5 -622.0 2776.4 0 0 0 0 0 0 0 0 0
327.3 -557.8 2721.4 0 0 0 0 0 0 0 0 0
-100.0 -873.7 2195.4 0 0 0 0 0 0 0 0 0
331.9 -879.0 2220.9 0 0 0 0 0 0 0 0 0
101.6 -12.4 2970.0 6 0.9934707880 -0.0285130441 0.1104662195 0.0813638121 0.8558163643 -0.5108407140 -0.0799731761 0.5164933205 0.8525485396
107.3 -184.7 2866.0 0.9934707880 -0.0285130441 0.1104662195 0.0813638121 0.8558163643 -0.5108407140 -0.0799731761 0.5164933205 0.8525485396
113.0 -345.8 2757.9 0.9932861924 -0.0295236241 0.1118522510 0.0867262408 0.8299204111 -0.5510994792 -0.0765580088 0.5571000576 0.8269089460
-28.4 -196.5 2876.5 0.3619757295 -0.9262734056 -0.1048385501 0.9277554750 0.3470153213 0.1372959465 -0.0907929987 -0.1469623297 0.9849663377
-111.2 -409.0 2897.3 0.2254841477 -0.9262734056 -0.3019510806 0.8228070140 0.3470153213 -0.4500766098 0.5216756463 -0.1469623297 0.8403907418
242.9 -172.8 2855.6 0.5765035748 0.6872828603 0.4419116676 -0.8033247590 0.3778714836 0.4603069127 0.1493752450 -0.6203671694 0.7699555755
385.2 -371.1 2892.5 -0.2196476460 0.6872828603 0.6923851371 -0.7059508562 0.3778714836 -0.5990380049 -0.6733411551 -0.6203671694 0.4021893442
29.2 -518.4 2651.6 0.9677933455 0.2493166327 -0.0348886549 -0.0261895210 -0.0381252952 -0.9989297390 -0.2503799498 0.9676712751 -0.0303679239
-81.6 -501.5 2221.8 0.9677933455 0.0499383174 0.2467431277 -0.0261895210 0.9947813153 -0.0986113101 -0.2503799498 0.0889732838 0.9640506506
207.5 -505.8 2640.3 0.9693897963 -0.2397868633 0.0527800284 0.0552460290 0.0035692160 -0.9984663725 0.2392307371 0.9708189964 0.0167072341
306.2 -507.2 2240.5 0.9693897963 -0.0672945380 -0.2361247838 0.0552460290 0.9968281984 -0.0572839230 0.2392307371 0.0424854942 0.9700328112
-168.3 -617.3 2765.2 0 0 0 0 0 0 0 0 0
329.5 -550.3 2721.6 0 0 0 0 0 0 0 0 0
-100.2 -872.7 2188.6 0 0 0 0 0 0 0 0 0
331.4 -879.3 2224.6 0 0 0 0 0 0 0 0 0
101.9 -11.6 2964.5 7 0.9935015440 -0.0246169697 0.1111247540 0.0771141797 0.8636806607 -0.4981055260 -0.0837144479 0.5034379363 0.8599663973
106.8 -185.2 2863.3 0.9935015440 -0.0246169697 0.1111247540 0.0771141797 0.8636806607 -0.4981055260 -0.0837144479 0.5034379363 0.8599663973
111.8 -348.0 2757.8 0.9933422208 -0.0256962329 0.1122983769 0.0825053900 0.8390107751 -0.5378232002 -0.0803995207 0.5435077548 0.8355448842
-28.9 -196.5 2874.3 0.3622203171 -0.9216365218 -0.1392211765 0.9279508591 0.3425006866 0.1469710767 -0.0877705663 -0.1824263185 0.9792941213
-111.8 -409.1 2894.4 0.2208237052 -0.9216365218 -0.3190971315 0.8494621515 0.3425006866 -0.4013818204 0.4792191386 -0.1824263185 0.8585276008
242.5 -173.9 2852.3 0.5745931864 0.6868105531 0.4451223612 -0.8024165630 0.3656531274 0.4716200531 0.1611532569 -0.6281632185 0.7612099648
384.4 -372.0 2892.1 -0.2234150022 0.6868105531 0.6916480064 -0.7161970735 0.3656531274 -0.5944405198 -0.6611713171 -0.6281632185 0.4101993144
29.8 -514.6 2656.6 0.9674639106 0.2517559230 -0.0251509622 -0.0190672018 -0.0265760459 -0.9994649291 -0.2522896230 0.9674258232 -0.0209110826
-83.7 -502.6 2220.7 0.9674639106 0.0393692814 0.2499273419 -0.0190672018 0.9963554740 -0.0831400380 -0.2522896230 0.0756695718 0.9646885991
207.7 -499.1 2642.9 0.9702085853 -0.2371161431 0.0497119389 0.0565613769 0.0221672524 -0.9981530309 0.2355762124 0.9712283611 0.0349184759
305.8 -508.2 2240.8 0.9702085853 -0.0684044734 -0.2324137986 0.0565613769 0.9967561960 -0.0572524182 0.2355762124 0.0424011424 0.9709304571
-167.8 -624.2 2773.0 0 0 0 0 0 0 0 0 0
327.7 -553.8 2724.3 0 0 0 0 0 0 0 0 0
-98.4 -874.5 2192.5 0 0 0 0 0 0 0 0 0
331.4 -880.3 2225.0 0 0 0 0 0 0 0 0 0
102.8 -12.5 2961.2 8 0.9955013990 -0.0230694748 0.0918952897 0.0657961816 0.8662190437 -0.4953134656 -0.0681748316 0.4991315901 0.8638401628
107.4 -186.7 2860.9 0.9955013990 -0.0230694748 0.0918952897 0.0657961816 0.8662190437 -0.4953134656 -0.0681748316 0.4991315901 0.8638401628
111.7 -349.8 2755.7 0.9954231977 -0.0219450742 0.0930112004 0.0687615722 0.8403787613 -0.5376201272 -0.0663665310 0.5415551066 0.8380414844
-28.5 -196.1 2869.9 0.3620970547 -0.9242232442 -0.1212317646 0.9247982502 0.3399020135 0.1709235311 -0.1167645827 -0.1740058213 0.9777975082
-111.5 -407.9 2896.7 0.2179044783 -0.9242232442 -0.3135746419 0.8436753154 0.3399020135 -0.4155460894 0.4906420112 -0.1740058213 0.8538104892
243.4 -177.3 2851.8 0.5611528754 0.7006657720 0.4406528175 -0.8099066615 0.3549721837 0.4669539332 0.1707591563 -0.6189202070 0.7666675448
381.9 -377.2 2893.9 -0.2237131298 0.7006657720 0.6775100827 -0.7144110799 0.3549721837 -0.6030021310 -0.6630001664 -0.6189202070 0.4211514592
27.8 -518.3 2659.5 0.9694004059 0.2429534346 -0.0351642072 -0.0277022645 -0.0340629518 -0.9990356565 -0.2439169437 0.9694396853 -0.0262902770
-82.3 -502.8 2220.0 0.9694004059 0.0481304303 0.2407204807 -0.0277022645 0.9957758188 -0.0875394195 -0.2439169437 0.0781922415 0.9666387439
205.8 -503.5 2645.1 0.9692828655 -0.2412842512 0.0476722419 0.0509219356 0.0072471327 -0.9986763597 0.2406193763 0.9704274535 0.0193111822
306.6 -506.5 2239.5 0.9692828655 -0.0616415329 -0.2380988300 0.0509219356 0.9974037409 -0.0509189330 0.2406193763 0.0372303948 0.9699052572
-166.7 -621.8 2772.3 0 0 0 0 0 0 0 0 0
325.1 -558.5 2725.7 0 0 0 0 0 0 0 0 0
-100.3 -874.5 2190.8 0 0 0 0 0 0 0 0 0
329.6 -878.8 2225.6 0 0 0 0 0 0 0 0 0
105.7 -11.3 2970.1 9 0.9956676960 -0.0082090888 0.0926200971 0.0543732382 0.8594383597 -0.5083397031 -0.0754282549 0.5111734271 0.8561613560
107.4 -184.3 2867.2 0.9956676960 -0.0082090888 0.0926200971 0.0543732382 0.8594383597 -0.5083397031 -0.0754282549 0.5111734271 0.8561613560
110.0 -347.1 2761.5 0.9955718517 -0.0134399682 0.0930380523 0.0618907213 0.8386626840 -0.5411233306 -0.0707548633 0.5444853306 0.8357807398
-28.6 -192.8 2876.8 0.3605752885 -0.9212819934 -0.1456878632 0.9291513562 0.3411136270 0.1425455809 -0.0816285610 -0.1867644787 0.9790075421
-111.7 -406.8 2895.6 0.2061736286 -0.9212819934 -0.3297452331 0.8356098533 0.3411136270 -0.4305782914 0.5091646314 -0.1867644787 0.8401609659
243.4 -175.9 2857.5 0.5561329722 0.7003406286 0.4474808872 -0.8144550920 0.3520593047 0.4612127244 0.1654661894 -0.6209486723 0.7661877275
380.7 -376.9 2898.4 -0.2318707705 0.7003406286 0.6750992537 -0.7105304003 0.3520593047 -0.6092625260 -0.6643662453 -0.6209486723 0.4159810245
26.8 -519.1 2656.5 0.9697598219 0.2409018278 -0.0391435064 -0.0310790073 -0.0371866822 -0.9988249540 -0.2420743704 0.9698368311 -0.0285751615
-80.9 -502.4 2223.0 0.9697598219 0.0554193556 0.2376859188 -0.0310790073 0.9939908385 -0.1049585119 -0.2420743704 0.0943975076 0.9656547308
205.1 -506.7 2644.7 0.9683839083 -0.2464650124 0.0385690071 0.0402470380 0.0017726172 -0.9991881847 0.2461965531 0.9691500664 0.0116360597
308.6 -507.5 2237.7 0.9683839083 -0.0494491234 -0.2445145249 0.0402470380 0.9982858300 -0.0424914509 0.2461965531 0.0313070528 0.9687141776
-164.0 -618.8 2766.5 0 0 0 0 0 0 0 0 0
321.8 -557.3 2729.7 0 0 0 0 0 0 0 0 0
-101.6 -873.4 2187.8 0 0 0 0 0 0 0 0 0
327.1 -880.1 2226.0 0 0 0 0 0 0 0 0 0
108.6 -10.2 2975.0 0 0.9961637855 -0.0006023965 0.0875061080 0.0455049500 0.8577070832 -0.5121209025 -0.0747461095 0.5141382813 0.8544442058
108.7 -182.1 2872.0 0.9961637855 -0.0006023965 0.0875061080 0.0455049500 0.8577070832 -0.5121209025 -0.0747461095 0.5141382813 0.8544442058
109.4 -344.1 2765.1 0.9961480498 -0.0038760724 0.0876019150 0.0514679290 0.8346794248 -0.5483258963 -0.0709941611 0.5507224202 0.8316637874
-27.4 -189.1 2881.7 0.3612333238 -0.9179310203 -0.1640521586 0.9297139645 0.3410161138 0.1390680820 -0.0717104748 -0.2027576119 0.9765996933
-111.1 -404.4 2898.3 0.2067566961 -0.9179310203 -0.3386064172 0.8473551273 0.3410161138 -0.4070594013 0.4891226888 -0.2027576119 0.8483209014
244.8 -175.0 2862.3 0.5472568274 0.7037916780 0.4529759586 -0.8217208982 0.3489762247 0.4505445063 0.1590116471 -0.6187833548 0.7692999840
379.9 -377.9 2901.6 -0.2400644571 0.7037916780 0.6686152220 -0.7029573321 0.3489762247 -0.6197310686 -0.6694923639 -0.6187833548 0.4109587371
23.4 -515.5 2662.1 0.9720849395 0.2321118116 -0.0342780575 -0.0285550226 -0.0279725268 -0.9992007613 -0.2328851372 0.9722868204 -0.0205637142
-81.2 -502.9 2224.2 0.9720849395 0.0538920686 0.2283561379 -0.0285550226 0.9932026863 -0.1128405854 -0.2328851372 0.1031699181 0.9670162797
201.8 -504.4 2649.5 0.9672005773 -0.2514004111 0.0363445394 0.0387623236 0.0046702935 -0.9992375374 0.2510389984 0.9678719044 0.0142619750
308.8 -506.4 2237.3 0.9672005773 -0.0484220460 -0.2493559569 0.0387623236 0.9983008504 -0.0435074046 0.2510389984 0.0324147679 0.9674341083
-163.5 -619.4 2774.3 0 0 0 0 0 0 0 0 0
318.9 -556.3 2731.6 0 0 0 0 0 0 0 0 0
-101.3 -873.6 2185.7 0 0 0 0 0 0 0 0 0
326.9 -879.0 2225.2 0 0 0 0 0 0 0 0 0
108.0 -11.3 2966.5 1 0.9968194366 -0.0073534627 0.0793529153 0.0459000170 0.8669658303 -0.4962493479 -0.0651471093 0.4983133078 0.8645459414
109.5 -185.8 2866.2 0.9968194366 -0.0073534627 0.0793529153 0.0459000170 0.8669658303 -0.4962493479 -0.0651471093 0.4983133078 0.8645459414
110.7 -349.4 2761.7 0.9968022108 -0.0061884215 0.0796683654 0.0480777770 0.8427983522 -0.5360777974 -0.0638268963 0.5381938219 0.8404008150
-26.7 -192.4 2874.9 0.3691304326 -0.9221643209 -0.1155670732 0.9236299992 0.3501922786 0.1557978988 -0.1032005548 -0.1642509550 0.9810052514
-110.3 -401.6 2898.3 0.2394139171 -0.9221643209 -0.3037992716 0.8502897620 0.3501922786 -0.3929029405 0.4687092304 -0.1642509550 0.8679477572
245.7 -179.2 2857.5 0.5439772606 0.7094820738 0.4480222762 -0.8205234408 0.3380378485 0.4609465301 0.1755848080 -0.6183571815 0.7660315633
380.0 -381.8 2900.8 -0.2365578711 0.7094820738 0.6638340354 -0.7122983336 0.3380378485 -0.6151109338 -0.6608111858 -0.6183571815 0.4253973961
20.9 -510.7 2664.6 0.9732969403 0.2278022319 -0.0282698087 -0.0246034563 -0.0189186931 -0.9995182753 -0.2282273173 0.9735236168 -0.0128087839
-81.9 -502.2 2225.1 0.9732969403 0.0495719649 0.2241331190 -0.0246034563 0.9933072329 -0.1128513291 -0.2282273173 0.1043234095 0.9680025578
199.4 -501.5 2651.9 0.9662619233 -0.2552837133 0.0341785774 0.0384317786 0.0116896322 -0.9991928339 0.2546781301 0.9667955041 0.0211062543
308.7 -506.5 2238.1 0.9662619233 -0.0485049635 -0.2529529929 0.0384317786 0.9982647300 -0.0446155258 0.2546781301 0.0333888493 0.9664493203
-171.0 -617.2 2779.4 0 0 0 0 0 0 0 0 0
319.9 -562.6 2733.1 0 0 0 0 0 0 0 0 0
-100.4 -872.9 2186.1 0 0 0 0 0 0 0 0 0
326.8 -879.1 2225.6 0 0 0 0 0 0 0 0 0
110.3 -11.7 2973.7 2 0.9988046885 -0.0088903448 0.0480641536 0.0323665440 0.8571475744 -0.5140529275 -0.0366279669 0.5149941444 0.8564108014
112.1 -184.5 2869.9 0.9988046885 -0.0088903448 0.0480641536 0.0323665440 0.8571475744 -0.5140529275 -0.0366279669 0.5149941444 0.8564108014
114.3 -346.5 2763.0 0.9987614751 -0.0111615714 0.0484870374 0.0360144526 0.8345656395 -0.5497301221 -0.0343297608 0.5507954359 0.8339339495
-24.3 -189.4 2874.6 0.3744534552 -0.9164050817 -0.1413732171 0.9211578965 0.3502034545 0.1697812825 -0.1060790345 -0.1938022375 0.9752886295
-111.1 -403.0 2899.2 0.2212574631 -0.9164050817 -0.3335369825 0.8467320204 0.3502034545 -0.4005026519 0.4838284552 -0.1938022375 0.8534346223
248.5 -179.7 2865.2 0.5282435417 0.7313079834 0.4314480126 -0.8301884532 0.3382111192 0.4431708455 0.1781738549 -0.5922852755 0.7857812643
378.9 -384.6 2909.2 -0.2259629369 0.7313079834 0.6435288787 -0.6992083788 0.3382111192 -0.6298578382 -0.6782686710 -0.5922852755 0.4349135160
22.6 -517.3 2663.0 0.9719718695 0.2336129993 -0.0263753477 -0.0194770787 -0.0317869298 -0.9993048906 -0.2342890054 0.9718099236 -0.0263459031
-82.9 -502.9 2224.0 0.9719718695 0.0407269858 0.2315426618 -0.0194770787 0.9954445362 -0.0933317542 -0.2342890054 0.0862060636 0.9683372974
201.2 -508.7 2651.6 0.9672827125 -0.2501572371 0.0422548167 0.0434353426 -0.0008021683 -0.9990559220 0.2499549538 0.9682049155 0.0100897411
308.0 -508.3 2238.0 0.9672827125 -0.0530287996 -0.2480968684 0.0434353426 0.9980874062 -0.0439873412 0.2499549538 0.0317720212 0.9677360654
-167.2 -617.8 2776.5 0 0 0 0 0 0 0 0 0
321.5 -562.0 2737.1 0 0 0 0 0 0 0 0 0
-98.1 -874.4 2191.9 0 0 0 0 0 0 0 0 0
327.8 -880.9 2226.1 0 0 0 0 0 0 0 0 0
110.1 -12.8 2978.4 3 0.9993642569 -0.0101438807 0.0341795422 0.0265786555 0.8509471416 -0.5245784521 -0.0237637218 0.5251533985 0.8506757021
112.2 -183.6 2872.9 0.9993642569 -0.0101438807 0.0341795422 0.0265786555 0.8509471416 -0.5245784521 -0.0237637218 0.5251533985 0.8506757021
114.5 -344.3 2764.1 0.9993330240 -0.0115665039 0.0346363075 0.0289899632 0.8280507922 -0.5599030852 -0.0222045016 0.5605337620 0.8278338313
-24.3 -187.5 2876.0 0.3717534244 -0.9184077382 -0.1353757083 0.9217364788 0.3478151560 0.1715415269 -0.1104593426 -0.1885518730 0.9758313894
-110.5 -401.1 2901.6 0.2119906694 -0.9184077382 -0.3340466321 0.8350152969 0.3478151560 -0.4263497293 0.5077493787 -0.1885518730 0.8406180739
248.7 -179.7 2869.9 0.5200613737 0.7406972051 0.4253279269 -0.8361129165 0.3397449553 0.4306838810 0.1745033264 -0.5796042085 0.7959946990
377.1 -386.1 2913.0 -0.2230879962 0.7406972051 0.6337187290 -0.6893855929 0.3397449553 -0.6397818923 -0.6891874075 -0.5796042085 0.4348329306
27.1 -511.7 2659.2 0.9694601297 0.2436879128 -0.0276269149 -0.0230982695 -0.0214222781 -0.9995036721 -0.2441587895 0.9696170688 -0.0151392752
-82.6 -502.1 2222.6 0.9694601297 0.0438110568 0.2413040400 -0.0230982695 0.9958519936 -0.0880071446 -0.2441587895 0.0797457099 0.9664507508
206.0 -505.3 2653.0 0.9699571729 -0.2402566820 0.0382071584 0.0407817326 0.0057513239 -0.9991515279 0.2398330867 0.9706923366 0.0153766219
308.7 -507.8 2237.9 0.9699571729 -0.0488722473 -0.2383161038 0.0407817326 0.9984158278 -0.0387648568 0.2398330867 0.0278813075 0.9704136848
-164.2 -612.9 2772.8 0 0 0 0 0 0 0 0 0
320.4 -561.0 2738.1 0 0 0 0 0 0 0 0 0
-99.0 -873.8 2192.8 0 0 0 0 0 0 0 0 0
327.0 -880.5 2227.5 0 0 0 0 0 0 0 0 0
110.3 -9.9 2980.7 4 0.9988468885 -0.0158367455 0.0453223400 0.0369657129 0.8560630679 -0.5155478120 -0.0306341816 0.5166286826 0.8556613326
113.5 -182.4 2876.6 0.9988468885 -0.0158367455 0.0453223400 0.0369657129 0.8560630679 -0.5155478120 -0.0306341816 0.5166286826 0.8556613326
117.1 -344.1 2769.3 0.9987707138 -0.0183469746 0.0460489653 0.0407309085 0.8332091570 -0.5514557958 -0.0282508731 0.5526534915 0.8329321742
-22.9 -187.9 2880.4 0.3779070973 -0.9190411568 -0.1120247394 0.9210080504 0.3608210981 0.1468070745 -0.0945008621 -0.1586551219 0.9828011990
-109.0 -397.6 2902.0 0.2454285920 -0.9190411568 -0.3084284663 0.8388093114 0.3608210981 -0.4076849818 0.4859668016 -0.1586551219 0.8594561219
249.9 -176.8 2872.7 0.5310629606 0.7332854867 0.4245756567 -0.8280941248 0.3429821134 0.4434223175 0.1795332879 -0.5870738029 0.7893745303
381.0 -381.3 2917.0 -0.2187208831 0.7332854867 0.6437806487 -0.6985570788 0.3429821134 -0.6279978156 -0.6813069582 -0.5870738029 0.4372244179
27.2 -507.6 2657.3 0.9690697789 0.2460596561 -0.0189310666 -0.0157532878 -0.0148768248 -0.9997652173 -0.2462835312 0.9691405296 -0.0105404332
-83.4 -500.9 2221.7 0.9690697789 0.0376846902 0.2438926101 -0.0157532878 0.9957028627 -0.0912562236 -0.2462835312 0.0845915377 0.9654992223
206.2 -502.5 2653.3 0.9705404639 -0.2372021079 0.0422656313 0.0456759445 0.0088975150 -0.9989166856 0.2365690917 0.9714195728 0.0194698293
307.8 -506.3 2237.4 0.9705404639 -0.0516268611 -0.2353420705 0.0456759445 0.9984853268 -0.0306715760 0.2365690917 0.0190185327 0.9714285135
-171.2 -610.3 2778.7 0 0 0 0 0 0 0 0 0
325.5 -558.6 2744.1 0 0 0 0 0 0 0 0 0
-97.4 -872.6 2190.2 0 0 0 0 0 0 0 0 0
327.1 -879.0 2230.3 0 0 0 0 0 0 0 0 0
110.7 -9.8 2979.8 5 0.9994663000 -0.0184350666 0.0269677956 0.0297337621 0.8552808762 -0.5173108578 -0.0135283787 0.5178366303 0.8553725481
114.4 -181.5 2875.9 0.9994663000 -0.0184350666 0.0269677956 0.0297337621 0.8552808762 -0.5173108578 -0.0135283787 0.5178366303 0.8553725481
119.0 -343.1 2768.6 0.9993363619 -0.0234883931 0.0278406590 0.0349652916 0.8328073025 -0.5524575710 -0.0102095641 0.5530644059 0.8330759406
-22.0 -186.2 2877.3 0.3755169511 -0.9252020121 -0.0546653196 0.9199686050 0.3649376929 0.1431022137 -0.1124490127 -0.1040276885 0.9881970882
-108.2 -397.3 2903.1 0.2596098483 -0.9252020121 -0.2767743170 0.8086534739 0.3649376929 -0.4614109397 0.5279036760 -0.1040276885 0.8429092169
250.9 -176.7 2874.5 0.5228765011 0.7457377911 0.4128865302 -0.8313584328 0.3391672075 0.4402371347 0.1882639080 -0.5734463334 0.7973179817
380.0 -381.9 2921.0 -0.2104820460 0.7457377911 0.6321173906 -0.6967009902 0.3391672075 -0.6321181059 -0.6857879162 -0.5734463334 0.4481676519
31.2 -509.5 2664.6 0.9676320553 0.2516545951 -0.0189259574 -0.0149411000 -0.0177361369 -0.9997310638 -0.2519226074 0.9676545858 -0.0134020587
-84.2 -501.3 2221.0 0.9676320553 0.0363363773 0.2497356534 -0.0149411000 0.9960927963 -0.0870397091 -0.2519226074 0.0804910809 0.9643942118
210.1 -502.2 2659.5 0.9733819366 -0.2273189873 0.0292181242 0.0329658575 0.0127067557 -0.9993757010 0.2268058062 0.9737374187 0.0198622923
308.9 -507.7 2236.6 0.9733819366 -0.0415500104 -0.2253912538 0.0329658575 0.9985854030 -0.0417179689 0.2268058062 0.0331773013 0.9733747244
-174.0 -602.1 2769.4 0 0 0 0 0 0 0 0 0
326.6 -558.8 2746.9 0 0 0 0 0 0 0 0 0
-97.7 -873.2 2191.0 0 0 0 0 0 0 0 0 0
324.4 -880.4 2224.2 0 0 0 0 0 0 0 0 0
112.6 -11.7 2968.4 6 0.9984548688 -0.0110927001 0.0544499271 0.0370958447 0.8626166582 -0.5044961572 -0.0413731895 0.5057365298 0.8616952896
114.9 -184.5 2867.1 0.9984548688 -0.0110927001 0.0544499271 0.0370958447 0.8626166582 -0.5044961572 -0.0413731895 0.5057365298 0.8616952896
118.1 -347.2 2761.3 0.9983451962 -0.0165133346 0.0550834835 0.0438543260 0.8382428288 -0.5435307622 -0.0371978283 0.5450469851 0.8375799060
-21.5 -190.5 2872.2 0.3876323700 -0.9138175845 -0.1211551502 0.9123510718 0.3615409732 0.1921032667 -0.1317447871 -0.1850014776 0.9738674164
-108.9 -396.3 2901.9 0.2214549780 -0.9138175845 -0.3404337168 0.8254378438 0.3615409732 -0.4335210323 0.5192399025 -0.1850014776 0.8343646526
251.2 -178.5 2862.0 0.5353554487 0.7270510197 0.4298737347 -0.8246653080 0.3399450183 0.4520669281 0.1825422794 -0.5965184569 0.7815651298
383.3 -382.1 2907.1 -0.2220402509 0.7270510197 0.6496883631 -0.7057157755 0.3399450183 -0.6216129065 -0.6728026271 -0.5965184569 0.4376099110
34.1 -507.9 2662.1 0.9656932950 0.2590264082 -0.0184869207 -0.0156681836 -0.0129424809 -0.9997934699 -0.2592121959 0.9657835364 -0.0084399935
-83.5 -502.0 2223.8 0.9656932950 0.0416687801 0.2563204467 -0.0156681836 0.9945935011 -0.1026560366 -0.2592121959 0.0951181725 0.9611251354
213.1 -501.6 2660.3 0.9746388197 -0.2216882706 0.0305526238 0.0343735591 0.0133970957 -0.9993192554 0.2211280316 0.9750255346 0.0206775442
309.4 -507.5 2236.7 0.9746388197 -0.0403354168 -0.2201186121 0.0343735591 0.9989328384 -0.0308495853 0.2211280316 0.0225009434 0.9749851823
-165.0 -605.5 2770.4 0 0 0 0 0 0 0 0 0
327.0 -561.2 2736.3 0 0 0 0 0 0 0 0 0
-99.0 -873.3 2188.3 0 0 0 0 0 0 0 0 0
324.5 -880.3 2228.3 0 0 0 0 0 0 0 0 0
112.4 -10.3 2975.2 7 0.9988794327 -0.0133363660 0.0454095006 0.0346783698 0.8591837883 -0.5104905367 -0.0322070196 0.5114932656 0.8586835265
115.1 -182.6 2872.6 0.9988794327 -0.0133363660 0.0454095006 0.0346783698 0.8591837883 -0.5104905367 -0.0322070196 0.5114932656 0.8586835265
118.3 -344.5 2765.6 0.9988005161 -0.0164786726 0.0461079143 0.0391591042 0.8341429234 -0.5501564741 -0.0293947402 0.5513021350 0.8337876797
-21.3 -188.0 2876.6 0.3861466050 -0.9081882238 -0.1615085304 0.9169456363 0.3588410318 0.1744815558 -0.1005062088 -0.2154700011 0.9713244438
-110.0 -398.6 2899.7 0.2158471495 -0.9081882238 -0.3586142957 0.8425745368 0.3588410318 -0.4016233683 0.4934351146 -0.2154700011 0.8426710367
251.5 -177.3 2868.6 0.5299381614 0.7331837416 0.4261539280 -0.8286429644 0.3408356905 0.4440516233 0.1803229600 -0.5884493589 0.7881693840
