106.4 -13.0 2956.9 03 0.9831077456 0.0416777171 0.1782193333 0.0335486792 0.9161965847 -0.3993222713 -0.1799267977 0.3985558152 0.8993217349
98.1 -194.9 2877.8 0.9831077456 0.0416777171 0.1782193333 0.0335486792 0.9161965847 -0.3993222713 -0.1799267977 0.3985558152 0.8993217349
88.6 -371.6 2798.0 0.9828818440 0.0492558144 0.1775305420 0.0290120337 0.9101976752 -0.4131566882 -0.1819382608 0.4112347364 0.8931878209
-36.1 -198.9 2902.6 -0.2404553592 -0.4775568843 -0.8450565934 0.5413730145 0.6566318870 -0.5251188278 0.8056652546 -0.5837584734 0.1006457731
31.8 -351.9 2675.0 -0.2906376719 -0.4804584682 -0.8274596334 0.4992266595 0.6616079211 -0.5595067143 0.8162735701 -0.5757036209 0.0475695021
232.4 -191.0 2852.9 0.5655291677 0.6329516768 0.5287239552 -0.7928740978 0.2408090979 0.5597871542 0.2269966900 -0.7357874513 0.6380355358
372.0 -386.7 2909.0 -0.3050163686 0.6329516768 0.7115737796 -0.7959600091 0.2408090979 -0.5553905368 -0.5228887796 -0.7357874513 0.4303534627
-10.6 -550.2 2732.1 0.9888651371 0.1292545199 -0.0737499520 -0.0597909391 -0.1087370068 -0.9922707677 -0.1362748295 0.9856315255 -0.0997979864
-76.7 -494.5 2227.5 0.9888651371 0.0741935447 0.1290003955 -0.0597909391 0.9918913841 -0.1121451110 -0.1362748295 0.1031833366 0.9852828979
165.5 -545.9 2699.3 0.9574255347 -0.2821920514 0.0608600304 0.0354703739 -0.0942284763 -0.9949185252 0.2864928544 0.9547191262 -0.0802072957
300.2 -500.9 2243.5 0.9574255347 -0.0791493878 -0.2776178420 0.0354703739 0.9866464138 -0.1589674950 0.2864928544 0.1423523426 0.9474479556
105.6 -478.6 2467.8 0 0 0 0 0 0 0 0 0
294.6 -588.8 2776.2 0 0 0 0 0 0 0 0 0
-104.4 -864.8 2189.0 0 0 0 0 0 0 0 0 0
329.8 -869.2 2190.4 0 0 0 0 0 0 0 0 0
107.4 -10.8 2957.9 04 0.9871685505 0.0443076938 0.1534115225 0.0209071301 0.9165988564 -0.3992610574 -0.1583071649 0.3973453343 0.9039112329
98.6 -193.2 2878.9 0.9871685505 0.0443076938 0.1534115225 0.0209071301 0.9165988564 -0.3992610574 -0.1583071649 0.3973453343 0.9039112329
89.3 -370.0 2799.2 0.9871116281 0.0478430241 0.1527142376 0.0197790898 0.9104771018 -0.4130862355 -0.1588061005 0.4107827842 0.8977962732
-36.2 -195.9 2900.6 -0.2394928932 -0.4566555321 -0.8568015695 0.5579321384 0.6574888229 -0.5063794255 0.7945784330 -0.5993114114 0.0973188877
30.5 -351.3 2679.3 -0.2969400585 -0.4660368860 -0.8334484100 0.4925306141 0.6730020046 -0.5517988205 0.8180710077 -0.5743499994 0.0296961758
233.4 -190.5 2857.2 0.5527378917 0.6522400975 0.5187135339 -0.7976024151 0.2336887568 0.5560755134 0.2414772213 -0.7210911512 0.6493968964
369.8 -387.4 2916.8 -0.2998233438 0.6522400975 0.6961959600 -0.7941784263 0.2336887568 -0.5609546900 -0.5285702944 -0.7210911512 0.4479296803
-9.0 -550.9 2734.4 0.9885344505 0.1319803745 -0.0733543187 -0.0593023710 -0.1074218154 -0.9924433231 -0.1388628930 0.9854145050 -0.0983634144
-77.3 -495.3 2224.4 0.9885344505 0.0712972060 0.1331028938 -0.0593023710 0.9939909577 -0.0920065939 -0.1388628930 0.0830583647 0.9868223667
167.1 -545.7 2701.8 0.9585901499 -0.2781860530 0.0609706268 0.0363109224 -0.0929556489 -0.9950079322 0.2824648917 0.9560186863 -0.0790051743
300.5 -501.1 2243.4 0.9585901499 -0.0798057690 -0.2733787298 0.0363109224 0.9863488078 -0.1606161147 0.2824648917 0.1440383941 0.9484021068
105.8 -476.3 2471.7 0 0 0 0 0 0 0 0 0
293.7 -589.0 2782.6 0 0 0 0 0 0 0 0 0
-103.9 -866.3 2193.4 0 0 0 0 0 0 0 0 0
330.3 -869.3 2189.6 0 0 0 0 0 0 0 0 0
107.7 -9.5 2956.0 05 0.9837633967 0.0374408215 0.1755213290 0.0347507074 0.9197494388 -0.3909647167 -0.1760736853 0.3907162547 0.9035147429
100.2 -193.0 2878.0 0.9837633967 0.0374408215 0.1755213290 0.0347507074 0.9197494388 -0.3909647167 -0.1760736853 0.3907162547 0.9035147429
91.8 -370.2 2799.2 0.9836493134 0.0432893969 0.1748144776 0.0321601406 0.9128571153 -0.4070105255 -0.1771998852 0.4059776664 0.8965390921
-34.1 -197.4 2902.2 -0.2361218035 -0.4772354662 -0.8464589715 0.5525000691 0.6506499052 -0.5209591389 0.7993686199 -0.5906784534 0.1100399867
32.2 -352.6 2677.7 -0.3025830984 -0.4827265441 -0.8218384981 0.4917694032 0.6595541835 -0.5684638023 0.8164595962 -0.5761625767 0.0378201902
234.5 -188.6 2853.8 0.5677363276 0.6355935931 0.5231598020 -0.7891112566 0.2391737998 0.5657731891 0.2344757020 -0.7340413332 0.6373417377
374.7 -383.4 2911.7 -0.2988801003 0.6355935931 0.7118226290 -0.8004289269 0.2391737998 -0.5496448278 -0.5196000338 -0.7340413332 0.4372632205
-8.4 -548.5 2733.6 0.9885021448 0.1328458339 -0.0722185746 -0.0585021377 -0.1044069007 -0.9928125143 -0.1394311190 0.9856222272 -0.0954346806
-76.6 -494.9 2227.8 0.9885021448 0.0733352304 0.1322326809 -0.0585021377 0.9918976426 -0.1127675548 -0.1394311190 0.1037350670 0.9847832322
168.4 -544.9 2705.2 0.9601235986 -0.2738827765 0.0561324693 0.0316031389 -0.0931684524 -0.9951486588 0.2777838409 0.9572396874 -0.0807976723
300.9 -499.9 2242.1 0.9601235986 -0.0717166215 -0.2702209353 0.0316031389 0.9881845713 -0.1499748379 0.2777838409 0.1354545504 0.9510458708
109.0 -477.4 2470.4 0 0 0 0 0 0 0 0 0
298.8 -586.6 2779.8 0 0 0 0 0 0 0 0 0
-103.9 -865.1 2189.1 0 0 0 0 0 0 0 0 0
327.7 -868.7 2191.5 0 0 0 0 0 0 0 0 0
107.5 -11.0 2955.5 06 0.9877671003 0.0450373776 0.1492908746 0.0177510511 0.9186847210 -0.3945924938 -0.1549226493 0.3924155533 0.9066471457
98.6 -193.8 2877.4 0.9877671003 0.0450373776 0.1492908746 0.0177510511 0.9186847210 -0.3945924938 -0.1549226493 0.3924155533 0.9066471457
88.7 -371.0 2798.7 0.9875966907 0.0507710464 0.1485767066 0.0144936601 0.9127577543 -0.4082440436 -0.1563415229 0.4053339064 0.9007006884
-36.3 -195.8 2898.7 -0.2574851513 -0.4491724074 -0.8555381894 0.5640177131 0.6490482688 -0.5105099678 0.7845925093 -0.6139873862 0.0862208903
34.6 -351.1 2682.7 -0.2998408973 -0.4658793807 -0.8324973583 0.4864130318 0.6760367751 -0.5535129905 0.8206691146 -0.5709033608 0.0239063166
233.4 -191.9 2856.0 0.5486205220 0.6551446915 0.5194236636 -0.7985317707 0.2265243083 0.5577040315 0.2477147579 -0.7207441330 0.6474297047
368.8 -388.9 2917.2 -0.3018684089 0.6551446915 0.6925755143 -0.7960445881 0.2265243083 -0.5612484217 -0.5245841146 -0.7207441330 0.4531438649
-4.7 -550.3 2736.2 0.9874046445 0.1398825794 -0.0739254877 -0.0588834919 -0.1087766588 -0.9923207164 -0.1468497515 0.9841750264 -0.0991697982
-76.7 -494.3 2229.5 0.9874046445 0.0745111480 0.1395715028 -0.0588834919 0.9918560386 -0.1129349768 -0.1468497515 0.1032940596 0.9837507010
171.5 -544.5 2704.5 0.9611046314 -0.2703708410 0.0563697703 0.0315392800 -0.0953222960 -0.9949467182 0.2743778825 0.9580256939 -0.0830873922
301.8 -498.6 2242.9 0.9611046314 -0.0715673342 -0.2667509317 0.0315392800 0.9879650474 -0.1514276862 0.2743778825 0.1371247172 0.9517949224
110.7 -474.6 2474.3 0 0 0 0 0 0 0 0 0
292.2 -591.0 2784.0 0 0 0 0 0 0 0 0 0
-104.5 -864.5 2191.0 0 0 0 0 0 0 0 0 0
328.5 -867.4 2191.7 0 0 0 0 0 0 0 0 0
108.3 -12.0 2955.2 07 0.9830175042 0.0450494699 0.1778965443 0.0288469922 0.9194149971 -0.3922293782 -0.1812304854 0.3907001317 0.9025014639
99.3 -194.6 2877.6 0.9830175042 0.0450494699 0.1778965443 0.0288469922 0.9194149971 -0.3922293782 -0.1812304854 0.3907001317 0.9025014639
88.9 -371.8 2798.9 0.9827430248 0.0536254384 0.1770322621 0.0237519220 0.9125497341 -0.4082753658 -0.1834446937 0.4054346383 0.8955281973
-34.9 -197.9 2902.7 -0.2501221001 -0.4728569686 -0.8448936343 0.5506472588 0.6482908726 -0.5258388519 0.7963833809 -0.5967622995 0.0982255191
35.3 -352.4 2679.2 -0.3069209158 -0.4820950627 -0.8205997348 0.4847106338 0.6628376842 -0.5707028508 0.8190574646 -0.5729140639 0.0302378684
233.5 -191.4 2852.6 0.5624001622 0.6329373717 0.5320680141 -0.7939306498 0.2335519940 0.5613622665 0.2310416102 -0.7381353378 0.6338580251
372.3 -387.3 2909.6 -0.3089501262 0.6329373717 0.7098873854 -0.7980155945 0.2335519940 -0.5555399060 -0.5174176097 -0.7381353378 0.4329379499
-9.6 -549.5 2734.0 0.9887605309 0.1316985786 -0.0707676634 -0.0563160218 -0.1103963777 -0.9922908545 -0.1384957880 0.9851233959 -0.1017388478
-76.7 -493.2 2232.1 0.9887605309 0.0733877346 0.1302567422 -0.0563160218 0.9898841977 -0.1302220225 -0.1384957880 0.1214228496 0.9828913212
167.3 -546.9 2706.0 0.9593428969 -0.2762936950 0.0576453693 0.0315683074 -0.0979198739 -0.9946935177 0.2804721594 0.9560719132 -0.0852166116
301.8 -499.2 2240.6 0.9593428969 -0.0688571334 -0.2737149596 0.0315683074 0.9898766875 -0.1383747607 0.2804721594 0.1241081208 0.9518048763
113.2 -475.4 2471.3 0 0 0 0 0 0 0 0 0
293.9 -589.9 2778.3 0 0 0 0 0 0 0 0 0
-104.1 -862.7 2186.8 0 0 0 0 0 0 0 0 0
327.5 -868.7 2194.2 0 0 0 0 0 0 0 0 0
107.0 -13.1 2956.6 08 0.9833521843 0.0486564189 0.1750743985 0.0255430583 0.9169023037 -0.3982935250 -0.1799056530 0.3961347640 0.9003950357
97.4 -194.8 2878.1 0.9833521843 0.0486564189 0.1750743985 0.0255430583 0.9169023037 -0.3982935250 -0.1799056530 0.3961347640 0.9003950357
86.4 -371.6 2798.7 0.9830681682 0.0566715449 0.1742565781 0.0206146073 0.9107313752 -0.4124844074 -0.1820770502 0.4090925157 0.8941427469
-36.9 -197.6 2903.0 -0.2479260564 -0.4687747955 -0.8478106260 0.5520107746 0.6508123875 -0.5212747455 0.7961261272 -0.5972381830 0.0974153802
32.1 -351.3 2681.3 -0.3117087483 -0.4757494032 -0.8224962950 0.4891867936 0.6617375612 -0.5681546330 0.8145759106 -0.5794530511 0.0264609326
231.7 -192.0 2853.2 0.5590598583 0.6348102093 0.5333554745 -0.7969461679 0.2339450121 0.5569080114 0.2287550420 -0.7364005446 0.6366988420
369.7 -388.7 2909.7 -0.3114796579 0.6348102093 0.7071042657 -0.7947088480 0.2339450121 -0.5600960255 -0.5209782124 -0.7364005446 0.4316201508
-9.5 -551.0 2736.7 0.9886773229 0.1298563033 -0.0751960650 -0.0610793084 -0.1094685197 -0.9921118617 -0.1370635927 0.9854714274 -0.1002975106
-76.4 -494.7 2229.3 0.9886773229 0.0760693178 0.1293466985 -0.0610793084 0.9913517833 -0.1161508337 -0.1370635927 0.1069352925 0.9847732782
166.5 -546.8 2703.8 0.9582153559 -0.2806685865 0.0552128330 0.0293560438 -0.0955115780 -0.9949953556 0.2845374048 0.9550406933 -0.0832813457
303.0 -500.3 2239.3 0.9582153559 -0.0634311959 -0.2789261639 0.0293560438 0.9917614460 -0.1246896312 0.2845374048 0.1112913564 0.9521831274
111.3 -475.5 2474.6 0 0 0 0 0 0 0 0 0
290.6 -590.5 2777.4 0 0 0 0 0 0 0 0 0
-104.7 -864.7 2189.4 0 0 0 0 0 0 0 0 0
326.7 -870.5 2197.7 0 0 0 0 0 0 0 0 0
107.0 -14.6 2955.8 09 0.9837897420 0.0495209694 0.1723527163 0.0241566990 0.9157572985 -0.4010049999 -0.1776914150 0.3986680806 0.8997163773
97.2 -196.1 2876.8 0.9837897420 0.0495209694 0.1723527163 0.0241566990 0.9157572985 -0.4010049999 -0.1776914150 0.3986680806 0.8997163773
86.2 -372.8 2797.0 0.9835417867 0.0566579401 0.1715677083 0.0198934376 0.9098309278 -0.4145020843 -0.1795824319 0.4110931754 0.8937295675
-37.2 -198.9 2901.3 -0.2456727326 -0.4669036567 -0.8494974375 0.5515854359 0.6533111930 -0.5185923576 0.7971188426 -0.5959743857 0.0970365107
30.0 -349.5 2683.5 -0.3152197003 -0.4756463468 -0.8212168217 0.4799678624 0.6666018963 -0.5703269243 0.8186985850 -0.5739359856 0.0181689057
231.6 -193.4 2852.2 0.5576432347 0.6369031668 0.5323424339 -0.7979886532 0.2347277403 0.5550828576 0.2285784781 -0.7343413830 0.6391358376
369.2 -390.4 2908.7 -0.3110996485 0.6369031668 0.7053874135 -0.7932744026 0.2347277403 -0.5617994070 -0.5233858228 -0.7343413830 0.4322152734
-12.7 -550.3 2735.6 0.9896728396 0.1249197051 -0.0703045577 -0.0570197776 -0.1069136411 -0.9926319718 -0.1315158159 0.9863896370 -0.0986866355
-76.8 -495.4 2229.2 0.9896728396 0.0714201853 0.1242852435 -0.0570197776 0.9916349649 -0.1157967076 -0.1315158159 0.1075141430 0.9854665399
163.4 -546.6 2702.9 0.9564718604 -0.2877027690 0.0488737114 0.0228376035 -0.0931683779 -0.9953883886 0.2909294963 0.9531772137 -0.0825424939
303.7 -501.1 2238.1 0.9564718604 -0.0593279824 -0.2857301533 0.0228376035 0.9913309813 -0.1293883175 0.2909294963 0.1172308922 0.9495351315
110.0 -471.4 2475.7 0 0 0 0 0 0 0 0 0
290.3 -591.8 2775.8 0 0 0 0 0 0 0 0 0
-103.4 -865.5 2189.0 0 0 0 0 0 0 0 0 0
325.9 -871.2 2194.3 0 0 0 0 0 0 0 0 0
108.0 -14.1 2966.9 10 0.9839176536 0.0465819426 0.1724417806 0.0315941572 0.9047909975 -0.4246822894 -0.1758062989 0.4233005643 0.8887681365
98.8 -193.6 2882.9 0.9839176536 0.0465819426 0.1724417806 0.0315941572 0.9047909975 -0.4246822894 -0.1758062989 0.4233005643 0.8887681365
87.9 -367.9 2798.2 0.9835726023 0.0559523664 0.1716223210 0.0255274531 0.8980799317 -0.4390909076 -0.1786987334 0.4362588823 0.8818985224
-35.6 -197.1 2907.3 -0.2399106473 -0.4642322063 -0.8526026607 0.5444403291 0.6627987027 -0.5140842199 0.8037584424 -0.5875255466 0.0937342644
32.4 -351.5 2679.4 -0.3102902770 -0.4710282385 -0.8257434964 0.4783699214 0.6732637882 -0.5638067722 0.8215121031 -0.5699546337 0.0164185409
233.2 -190.2 2858.5 0.5582853556 0.6367828250 0.5318130255 -0.8035519719 0.2555144131 0.5376026630 0.2064502835 -0.7274751067 0.6543380618
371.0 -388.5 2909.4 -0.3105778694 0.6367828250 0.7057258487 -0.7785682082 0.2555144131 -0.5731874704 -0.5453190804 -0.7274751067 0.4164217710
-12.9 -551.2 2733.2 0.9898029566 0.1263461709 -0.0657778531 -0.0520450883 -0.1090759039 -0.9926699996 -0.1325948387 0.9859711528 -0.1013879627
-77.3 -495.6 2230.9 0.9898029566 0.0680384785 0.1251433045 -0.0520450883 0.9905487895 -0.1269028932 -0.1325948387 0.1190957725 0.9839892387
163.3 -547.6 2701.1 0.9560212493 -0.2888395488 0.0509421229 0.0242397115 -0.0952834561 -0.9951550364 0.2922940552 0.9526241422 -0.0840916261
303.0 -501.5 2240.3 0.9560212493 -0.0649057776 -0.2860255539 0.0242397115 0.9893552065 -0.1434878409 0.2922940552 0.1302442402 0.9474178553
111.2 -472.9 2470.8 0 0 0 0 0 0 0 0 0
292.2 -586.1 2771.1 0 0 0 0 0 0 0 0 0
-102.7 -865.3 2186.5 0 0 0 0 0 0 0 0 0
327.2 -870.8 2191.7 0 0 0 0 0 0 0 0 0
107.7 -13.0 2960.4 11 0.9812999964 0.0437231883 0.1874528229 0.0369489118 0.9129604697 -0.4063716233 -0.1889048964 0.4056986570 0.8942726254
99.0 -194.7 2879.7 0.9812999964 0.0437231883 0.1874528229 0.0369489118 0.9129604697 -0.4063716233 -0.1889048964 0.4056986570 0.8942726254
88.3 -370.4 2798.0 0.9808942080 0.0552743301 0.1865243614 0.0294945892 0.9054505229 -0.4234258533 -0.1922931671 0.4208374321 0.8865208626
-35.0 -198.7 2905.9 -0.2424902171 -0.4793332517 -0.8434678912 0.5398544669 0.6557049751 -0.5278334618 0.8060742617 -0.5833443403 0.0997681543
33.1 -350.3 2679.6 -0.2983099520 -0.4818772376 -0.8238965273 0.4950214922 0.6599214673 -0.5652056336 0.8160667419 -0.5764529705 0.0416784547
233.0 -190.7 2853.4 0.5667648315 0.6251903772 0.5365767479 -0.7961714864 0.2481343597 0.5518517494 0.2118692845 -0.7399772406 0.6383925676
372.9 -387.2 2905.7 -0.3120551407 0.6251903772 0.7153730392 -0.7895601392 0.2481343597 -0.5612701178 -0.5284093022 -0.7399772406 0.4161937833
-11.0 -544.5 2729.6 0.9894829988 0.1318769008 -0.0594298169 -0.0470248088 -0.0952648297 -0.9943405986 -0.1367921382 0.9866778255 -0.0880614445
-78.0 -496.1 2228.7 0.9894829988 0.0643832609 0.1295307577 -0.0470248088 0.9900177121 -0.1328666508 -0.1367921382 0.1253781319 0.9826332927
165.2 -539.9 2697.6 0.9565065503 -0.2876556516 0.0484716967 0.0261515044 -0.0809368938 -0.9963760972 0.2905363441 0.9543078542 -0.0698940381
303.1 -501.1 2240.1 0.9565065503 -0.0655549914 -0.2842495739 0.0261515044 0.9897686243 -0.1402647197 0.2905363441 0.1267305613 0.9484344721
108.8 -475.9 2472.5 0 0 0 0 0 0 0 0 0
293.8 -587.6 2771.6 0 0 0 0 0 0 0 0 0
-102.0 -865.7 2181.9 0 0 0 0 0 0 0 0 0
327.5 -870.6 2192.8 0 0 0 0 0 0 0 0 0
107.5 -12.5 2969.7 12 0.9828183651 0.0395281650 0.1802931130 0.0445901342 0.8970190883 -0.4397368133 -0.1791083515 0.4402207136 0.8798442483
99.6 -191.1 2882.0 0.9828183651 0.0395281650 0.1802931130 0.0445901342 0.8970190883 -0.4397368133 -0.1791083515 0.4402207136 0.8798442483
90.2 -363.4 2793.5 0.9825695753 0.0486404374 0.1794189364 0.0395522714 0.8883612156 -0.4574385285 -0.1816388369 0.4565615952 0.8709528446
-34.6 -196.5 2906.8 -0.2367247492 -0.4681152105 -0.8513692021 0.5464389324 0.6603991389 -0.5150509477 0.8033466935 -0.5871465802 0.0994635448
31.9 -350.0 2681.1 -0.2913865745 -0.4677205682 -0.8344646692 0.5132337809 0.6597039700 -0.5489825606 0.8072700500 -0.5882415771 0.0478211120
233.9 -185.8 2857.2 0.5673634410 0.6311916113 0.5288627744 -0.8022199869 0.2787140608 0.5279787779 0.1858542860 -0.7238201499 0.6644867063
373.9 -383.7 2903.1 -0.3048757017 0.6311916113 0.7131956220 -0.7689381838 0.2787140608 -0.5753716826 -0.5619474053 -0.7238201499 0.4003741741
-10.2 -548.7 2733.6 0.9889932275 0.1317058653 -0.0674241632 -0.0540773161 -0.1024128050 -0.9932709932 -0.1377247125 0.9859843850 -0.0941632688
-77.8 -496.2 2227.7 0.9889932275 0.0688460469 0.1309682280 -0.0540773161 0.9921040535 -0.1131598577 -0.1377247125 0.1048319191 0.9849072099
165.5 -543.5 2699.1 0.9575229883 -0.2847559154 0.0454284884 0.0215499550 -0.0864364803 -0.9960242510 0.2875504792 0.9546951056 -0.0766284391
303.5 -501.6 2236.6 0.9575229883 -0.0574956425 -0.2825666964 0.0215499550 0.9914479852 -0.1287107170 0.2875504792 0.1171541810 0.9505733252
105.9 -480.3 2476.2 0 0 0 0 0 0 0 0 0
296.6 -578.7 2760.6 0 0 0 0 0 0 0 0 0
-103.5 -866.4 2188.5 0 0 0 0 0 0 0 0 0
324.9 -871.7 2192.8 0 0 0 0 0 0 0 0 0
108.8 -9.1 2961.8 13 0.9861832261 0.0349911004 0.1619204581 0.0381823741 0.9031076431 -0.4277133644 -0.1611977667 0.4279862642 0.8892935514
101.8 -189.7 2876.2 0.9861832261 0.0349911004 0.1619204581 0.0381823741 0.9031076431 -0.4277133644 -0.1611977667 0.4279862642 0.8892935514
93.8 -362.6 2788.6 0.9861108065 0.0413142741 0.1608683914 0.0364787951 0.8910432458 -0.4524501860 -0.1620333493 0.4520342946 0.8771603107
-32.9 -194.7 2898.4 -0.2226549238 -0.4550479054 -0.8621810675 0.5678659678 0.6583234668 -0.4941036999 0.7924348712 -0.5996178985 0.1118272692
30.0 -355.2 2674.4 -0.2999373376 -0.4532958865 -0.8393809795 0.5262876153 0.6552467942 -0.5419160128 0.7956500053 -0.6042966843 0.0420310237
236.5 -184.7 2854.1 0.5615239143 0.6463947892 0.5165894628 -0.8023860455 0.2728335857 0.5307904482 0.2021572143 -0.7125557065 0.6718607545
375.1 -382.8 2904.0 -0.2950761020 0.6463947892 0.7036361694 -0.7718328834 0.2728335857 -0.5743133426 -0.5632087588 -0.7125557065 0.4184020758
-7.2 -539.2 2721.2 0.9876074195 0.1388227791 -0.0732107162 -0.0616376065 -0.0859121084 -0.9943942428 -0.1443342566 0.9865836501 -0.0762907341
-76.8 -496.1 2226.4 0.9876074195 0.0750817955 0.1378197968 -0.0616376065 0.9931411743 -0.0993548781 -0.1443342566 0.0896287337 0.9854614735
168.9 -532.2 2688.7 0.9575350881 -0.2856357396 0.0392270610 0.0205477104 -0.0681025907 -0.9974666834 0.2875835896 0.9559153914 -0.0593414642
303.0 -500.2 2239.6 0.9575350881 -0.0587259643 -0.2822725475 0.0205477104 0.9904466867 -0.1363568008 0.2875835896 0.1247663721 0.9495941401
106.1 -488.7 2472.5 0 0 0 0 0 0 0 0 0
300.2 -578.6 2761.1 0 0 0 0 0 0 0 0 0
-104.8 -866.8 2192.9 0 0 0 0 0 0 0 0 0
325.0 -869.9 2193.0 0 0 0 0 0 0 0 0 0
108.2 -8.8 2958.9 14 0.9900464416 0.0356319435 0.1361557394 0.0267752446 0.9020668268 -0.4307650328 -0.1381705701 0.4301230013 0.8921340108
101.0 -190.5 2872.3 0.9900464416 0.0356319435 0.1361557394 0.0267752446 0.9020668268 -0.4307650328 -0.1381705701 0.4301230013 0.8921340108
94.3 -363.4 2784.4 0.9901955724 0.0348230414 0.1352779865 0.0305694975 0.8909340501 -0.4531026483 -0.1363021880 0.4527955949 0.8811343908
-34.2 -194.7 2890.9 -0.2139203846 -0.4388247728 -0.8727375865 0.5699458718 0.6695196033 -0.4763457179 0.7933472395 -0.5993131995 0.1068824828
29.3 -363.9 2655.3 -0.3238916993 -0.4202424586 -0.8476381302 0.5596694350 0.6372517347 -0.5297927260 0.7628002763 -0.6459926367 0.0287963115
236.3 -186.3 2853.7 0.5511198640 0.6664294600 0.5021341443 -0.8057699203 0.2686946094 0.5277670026 0.2167987376 -0.6954674721 0.6850717664
372.3 -385.2 2907.2 -0.2847860157 0.6664294600 0.6890345812 -0.7703316808 0.2686946094 -0.5782666206 -0.5705137849 -0.6954674721 0.4368512630
-2.6 -538.7 2715.4 0.9861301184 0.1515145600 -0.0677550808 -0.0557211787 -0.0823103413 -0.9950478077 -0.1563411802 0.9850220084 -0.0727261379
-77.7 -497.9 2226.6 0.9861301184 0.0712721646 0.1498922706 -0.0557211787 0.9928562045 -0.1055069566 -0.1563411802 0.0956914127 0.9830567837
174.1 -532.2 2686.4 0.9602153301 -0.2767969668 0.0370131359 0.0193725359 -0.0661971942 -0.9976184964 0.2785879374 0.9586455822 -0.0582013056
303.8 -501.2 2237.3 0.9602153301 -0.0506326817 -0.2746322453 0.0193725359 0.9931341410 -0.1153660566 0.2785879374 0.1054559276 0.9546034932
111.4 -505.7 2462.0 0 0 0 0 0 0 0 0 0
300.0 -580.7 2762.4 0 0 0 0 0 0 0 0 0
-104.3 -868.5 2190.9 0 0 0 0 0 0 0 0 0
322.7 -871.8 2197.9 0 0 0 0 0 0 0 0 0
107.3 -8.9 2957.4 15 0.9916741252 0.0303595066 0.1251428425 0.0249604434 0.9080626369 -0.4180899560 -0.1263305396 0.4177325964 0.8997444510
101.3 -190.8 2873.8 0.9916741252 0.0303595066 0.1251428425 0.0249604434 0.9080626369 -0.4180899560 -0.1263305396 0.4177325964 0.8997444510
95.3 -365.1 2788.8 0.9917539358 0.0305508934 0.1244621202 0.0273267720 0.8984237313 -0.4382785559 -0.1252095252 0.4380656183 0.8901803493
-34.2 -194.5 2890.9 -0.2132492959 -0.4346281290 -0.8749989271 0.5736508965 0.6692625880 -0.4722417295 0.7908536196 -0.6026490927 0.1066050306
29.2 -365.1 2655.7 -0.3196499944 -0.4203883410 -0.8491746187 0.5535428524 0.6445152164 -0.5274376273 0.7690345645 -0.6386500001 0.0266836900
236.7 -187.0 2856.7 0.5476551056 0.6747971773 0.4946944714 -0.8024742007 0.2562290430 0.5388708711 0.2368734777 -0.6920949817 0.6818324924
371.9 -385.1 2915.2 -0.2791014314 0.6747971773 0.6831918955 -0.7795414925 0.2562290430 -0.5715433359 -0.5607294440 -0.6920949817 0.4545184970
-1.1 -539.1 2708.8 0.9855014086 0.1567091644 -0.0650321022 -0.0524172895 -0.0833319426 -0.9951422811 -0.1613671780 0.9841229916 -0.0739094764
-78.2 -498.1 2224.7 0.9855014086 0.0668104589 0.1559592932 -0.0524172895 0.9941300154 -0.0946462974 -0.1613671780 0.0850991011 0.9832186103
176.2 -533.6 2684.4 0.9606840611 -0.2735022306 0.0477771610 0.0312140062 -0.0645963624 -0.9974231720 0.2758837044 0.9596998692 -0.0535195991
304.2 -503.4 2235.4 0.9606840611 -0.0563814081 -0.2718589008 0.0312140062 0.9948889613 -0.0960293859 0.2758837044 0.0837680921 0.9575338364
110.3 -505.5 2460.6 0 0 0 0 0 0 0 0 0
301.1 -582.9 2772.9 0 0 0 0 0 0 0 0 0
-103.1 -869.2 2193.0 0 0 0 0 0 0 0 0 0
325.2 -874.6 2204.1 0 0 0 0 0 0 0 0 0
106.7 -10.5 2956.7 16 0.9878240228 0.0278997608 0.1530531943 0.0382392518 0.9100663066 -0.4126949608 -0.1508026421 0.4135226309 0.8979184628
101.2 -192.0 2874.2 0.9878240228 0.0278997608 0.1530531943 0.0382392518 0.9100663066 -0.4126949608 -0.1508026421 0.4135226309 0.8979184628
94.9 -366.7 2789.9 0.9877994061 0.0323562026 0.1523332149 0.0374995098 0.8999763131 -0.4343229532 -0.1511493176 0.4347363710 0.8877827525
-33.7 -197.1 2894.9 -0.2209601253 -0.4564173520 -0.8618931770 0.5651420951 0.6603228450 -0.4945585728 0.7948528528 -0.5963698030 0.1120356470
30.1 -360.3 2665.3 -0.3005180657 -0.4427483082 -0.8447856903 0.5605644584 0.6346131563 -0.5320090652 0.7716582417 -0.6334351301 0.0574762560
236.1 -186.9 2853.6 0.5621384382 0.6537636518 0.5065505505 -0.7959936261 0.2614298165 0.5459382534 0.2244871855 -0.7101038694 0.6673514843
374.8 -383.3 2909.0 -0.2851245701 0.6537636518 0.7009258270 -0.7841495275 0.2614298165 -0.5628178716 -0.5511928201 -0.7101038694 0.4381084144
0.6 -541.9 2715.0 0.9851396084 0.1564442664 -0.0708885714 -0.0576394349 -0.0876635686 -0.9944811463 -0.1617952138 0.9837887287 -0.0773434937
-77.7 -498.1 2222.8 0.9851396084 0.0696996301 0.1569775790 -0.0576394349 0.9951176047 -0.0801161602 -0.1617952138 0.0698775053 0.9843472242
178.2 -537.0 2692.6 0.9633435607 -0.2638078630 0.0487303548 0.0309734326 -0.0710580647 -0.9969911575 0.2664768100 0.9619543552 -0.0602822937
304.2 -503.1 2233.1 0.9633435607 -0.0545177609 -0.2626729012 0.0309734326 0.9951882362 -0.0929573476 0.2664768100 0.0814139768 0.9603967071
106.3 -502.5 2469.6 0 0 0 0 0 0 0 0 0
302.4 -582.4 2769.1 0 0 0 0 0 0 0 0 0
-103.7 -869.5 2196.7 0 0 0 0 0 0 0 0 0
324.6 -874.5 2202.7 0 0 0 0 0 0 0 0 0
108.9 -8.6 2958.3 17 0.9806043506 0.0488911495 0.1898020357 0.0352143683 0.9086819887 -0.4160011709 -0.1928084642 0.4146163166 0.8893358111
99.2 -189.8 2875.6 0.9806043506 0.0488911495 0.1898020357 0.0352143683 0.9086819887 -0.4160011709 -0.1928084642 0.4146163166 0.8893358111
88.9 -364.4 2791.6 0.9806086421 0.0527997091 0.1887297034 0.0352909751 0.8997043967 -0.4350707233 -0.1927725524 0.4332945645 0.8803945780
-34.6 -194.6 2902.0 -0.2284847051 -0.4771477878 -0.8486016393 0.5516314507 0.6547771692 -0.5166910291 0.8021829128 -0.5861713290 0.1136031672
32.9 -357.7 2664.8 -0.2976289093 -0.4611850679 -0.8358979225 0.5605577826 0.6243284941 -0.5440486670 0.7727820277 -0.6304937005 0.0727026686
233.0 -185.0 2849.3 0.5689989924 0.6238225102 0.5358037353 -0.7975856066 0.2599897087 0.5443000197 0.2002431601 -0.7370555401 0.6454857588
373.4 -381.8 2898.8 -0.3098994493 0.6238225102 0.7175011039 -0.7834654450 0.2599897087 -0.5644353032 -0.5386503339 -0.7370555401 0.4081727266
0.2 -544.7 2719.0 0.9856888652 0.1550188065 -0.0662314296 -0.0523808748 -0.0917905793 -0.9943996668 -0.1602300704 0.9836379886 -0.0823569372
-77.3 -498.9 2227.6 0.9856888652 0.0689107776 0.1538464725 -0.0523808748 0.9926576018 -0.1090279445 -0.1602300704 0.0994090214 0.9820612073
177.1 -538.0 2692.0 0.9630761147 -0.2639038265 0.0532841347 0.0352083184 -0.0727594271 -0.9967278838 0.2669172287 0.9618008137 -0.0607812516
301.1 -503.8 2239.8 0.9630761147 -0.0703022033 -0.2598885000 0.0352083184 0.9899028540 -0.1373052746 0.2669172287 0.1230851859 0.9558269978
108.4 -500.0 2468.7 0 0 0 0 0 0 0 0 0
294.8 -580.6 2762.1 0 0 0 0 0 0 0 0 0
-103.0 -869.2 2190.5 0 0 0 0 0 0 0 0 0
327.3 -872.9 2193.9 0 0 0 0 0 0 0 0 0
109.2 -9.6 2957.7 18 0.9837003946 0.0426308736 0.1746886969 0.0343495570 0.9090488553 -0.4152714014 -0.1765039265 0.4145031273 0.8927673101
100.7 -191.3 2874.8 0.9837003946 0.0426308736 0.1746886969 0.0343495570 0.9090488553 -0.4152714014 -0.1765039265 0.4145031273 0.8927673101
92.0 -366.0 2790.6 0.9837700129 0.0448825397 0.1737298667 0.0357889272 0.8996762633 -0.4350882769 -0.1758285016 0.4342444241 0.8834682107
-33.6 -196.2 2898.8 -0.2298546284 -0.4675901830 -0.8535374999 0.5578643680 0.6553336382 -0.5092397928 0.7974673510 -0.5932093263 0.1102204397
32.6 -356.9 2669.0 -0.2927711606 -0.4573100805 -0.8397336006 0.5525991321 0.6357817054 -0.5389024019 0.7803327441 -0.6218111515 0.0665706173
235.0 -186.4 2850.8 0.5659813285 0.6363216043 0.5241754651 -0.7972198129 0.2604689002 0.5446068048 0.2100136578 -0.7261203527 0.6547086835
374.7 -383.2 2902.7 -0.3002468646 0.6363216043 0.7105959654 -0.7834292650 0.2604689002 -0.5642645955 -0.5441418886 -0.7261203527 0.4203079939
-9.1 -542.2 2724.9 0.9885950685 0.1356365532 -0.0654407740 -0.0537884161 -0.0878643021 -0.9946791530 -0.1406647712 0.9868549109 -0.0795665458
-77.4 -498.0 2227.7 0.9885950685 0.0700647309 0.1333068013 -0.0537884161 0.9910708666 -0.1220053881 -0.1406647712 0.1134435609 0.9835364819
166.5 -535.9 2690.4 0.9569738507 -0.2853171229 0.0528692193 0.0342737511 -0.0697824061 -0.9969732761 0.2881428897 0.9558894038 -0.0570010506
300.6 -503.1 2240.8 0.9569738507 -0.0750195682 -0.2803089023 0.0342737511 0.9884630442 -0.1475335956 0.2881428897 0.1315785646 0.9485045075
106.9 -497.2 2471.0 0 0 0 0 0 0 0 0 0
298.5 -582.0 2764.6 0 0 0 0 0 0 0 0 0
-103.5 -867.8 2185.3 0 0 0 0 0 0 0 0 0
328.6 -871.9 2191.7 0 0 0 0 0 0 0 0 0
108.1 -10.0 2957.3 19 0.9875608683 0.0300692525 0.1543352604 0.0359182619 0.9124506116 -0.4076072872 -0.1530797631 0.4080804586 0.9000204802
102.1 -192.0 2875.9 0.9875608683 0.0300692525 0.1543352604 0.0359182619 0.9124506116 -0.4076072872 -0.1530797631 0.4080804586 0.9000204802
95.9 -367.6 2793.4 0.9875971675 0.0318670981 0.1537411809 0.0369827077 0.9044213295 -0.4250344634 -0.1525914222 0.4254485965 0.8920254111
-32.7 -197.1 2896.7 -0.2367414087 -0.4603099227 -0.8556098938 0.5541123152 0.6594086289 -0.5080745816 0.7980683446 -0.5943862796 0.0989540517
34.8 -355.3 2668.9 -0.2758137882 -0.4549228251 -0.8467419744 0.5488640666 0.6486378312 -0.5272733569 0.7890976071 -0.6101754904 0.0707875341
237.0 -187.0 2855.1 0.5630658269 0.6527898312 0.5067763925 -0.7931296825 0.2545815408 0.5532933474 0.2321683764 -0.7134799957 0.6610931754
375.9 -382.7 2912.4 -0.2849621773 0.6527898312 0.7018988729 -0.7901389003 0.2545815408 -0.5575560331 -0.5426573753 -0.7134799957 0.4432485402
-4.8 -543.8 2722.1 0.9870418310 0.1446276605 -0.0695068911 -0.0563967116 -0.0928561687 -0.9940810800 -0.1502257586 0.9851195812 -0.0834963992
-77.4 -497.2 2227.4 0.9870418310 0.0720611438 0.1433721036 -0.0563967116 0.9922777414 -0.1104730591 -0.1502257586 0.1009558141 0.9834836721
171.3 -537.4 2690.6 0.9592744112 -0.2790199220 0.0440504886 0.0246972740 -0.0725024417 -0.9970623851 0.2813940346 0.9575443864 -0.0626587048
302.5 -503.3 2240.7 0.9592744112 -0.0668058842 -0.2744622529 0.0246972740 0.9877458811 -0.1541041583 0.2813940346 0.1410497129 0.9491693377
104.8 -494.6 2468.7 0 0 0 0 0 0 0 0 0
303.6 -583.2 2774.7 0 0 0 0 0 0 0 0 0
-104.3 -867.5 2189.7 0 0 0 0 0 0 0 0 0
327.4 -871.9 2188.0 0 0 0 0 0 0 0 0 0
107.1 -11.9 2956.6 20 0.9849376678 0.0303604584 0.1702234298 0.0414873585 0.9142117500 -0.4031075537 -0.1678587794 0.4040979445 0.8991820216
101.0 -193.9 2876.2 0.9849376678 0.0303604584 0.1702234298 0.0414873585 0.9142117500 -0.4031075537 -0.1678587794 0.4040979445 0.8991820216
94.2 -370.0 2794.9 0.9848694801 0.0352885351 0.1696666777 0.0395957306 0.9073277116 -0.4185553193 -0.1687134951 0.4189404547 0.8922021389
-33.5 -199.3 2899.2 -0.2401884794 -0.4752678275 -0.8464218974 0.5377805829 0.6607633233 -0.5236256719 0.8081470132 -0.5809580684 0.0968820527
35.6 -354.0 2666.8 -0.2841393948 -0.4602436423 -0.8410948515 0.5622385740 0.6306048632 -0.5350002646 0.7766290307 -0.6249105930 0.0795870498
235.5 -188.5 2853.1 0.5698243976 0.6402513385 0.5151488781 -0.7894375920 0.2523904443 0.5595421195 0.2282289416 -0.7255186439 0.6492567062
376.2 -383.4 2909.5 -0.2906121314 0.6402513385 0.7110716105 -0.7946992517 0.2523904443 -0.5520436168 -0.5329143405 -0.7255186439 0.4354595244
1.3 -546.5 2724.5 0.9851056933 0.1540107876 -0.0764687210 -0.0619479567 -0.0969766676 -0.9933569431 -0.1604033560 0.9832986593 -0.0859916136
-76.8 -497.3 2225.9 0.9851056933 0.0771646425 0.1536632925 -0.0619479567 0.9929080606 -0.1014693379 -0.1604033560 0.0904388949 0.9828995466
178.1 -539.8 2697.2 0.9641563296 -0.2613638937 0.0457327329 0.0261475053 -0.0779284760 -0.9966160059 0.2640433013 0.9620894194 -0.0683012232
302.3 -502.8 2240.2 0.9641563296 -0.0641942471 -0.2574522495 0.0261475053 0.9885563254 -0.1485687047 0.2640433013 0.1365117133 0.9548013806
107.7 -496.7 2469.7 0 0 0 0 0 0 0 0 0
302.5 -585.1 2774.2 0 0 0 0 0 0 0 0 0
-105.6 -867.9 2192.2 0 0 0 0 0 0 0 0 0
326.2 -871.8 2189.3 0 0 0 0 0 0 0 0 0
108.5 -12.3 2957.8 21 0.9826951027 0.0373627022 0.1814230978 0.0396451615 0.9143233895 -0.4030396640 -0.1809380352 0.4032576382 0.8970199227
101.0 -195.2 2877.2 0.9826951027 0.0373627022 0.1814230978 0.0396451615 0.9143233895 -0.4030396640 -0.1809380352 0.4032576382 0.8970199227
92.4 -371.6 2796.7 0.9824972749 0.0445748083 0.1808649898 0.0352433883 0.9089291692 -0.4154584110 -0.1829124391 0.4145610631 0.8914494514
-33.1 -200.0 2902.1 -0.2313613445 -0.4809248149 -0.8456850648 0.5398865342 0.6596664190 -0.5228410363 0.8093172908 -0.5775392056 0.1070235297
32.6 -353.5 2672.1 -0.3052027524 -0.4619011283 -0.8327656388 0.5546442270 0.6246321797 -0.5497311950 0.7740936875 -0.6296681762 0.0655513257
235.2 -190.4 2852.2 0.5701869130 0.6307521462 0.5263445377 -0.7905430198 0.2470131963 0.5603803992 0.2234471142 -0.7356196046 0.6394804120
376.0 -385.5 2907.3 -0.3011006713 0.6307521462 0.7151853442 -0.7957988381 0.2470131963 -0.5528911948 -0.5253975391 -0.7356196046 0.4275760055
-0.9 -549.7 2728.7 0.9858474731 0.1493176818 -0.0762165040 -0.0607608929 -0.1054717749 -0.9925642610 -0.1562460959 0.9831479788 -0.0949064046
-77.5 -495.5 2223.9 0.9858474731 0.0738939047 0.1504806280 -0.0607608929 0.9940792322 -0.0900808424 -0.1562460959 0.0796626359 0.9845004082
175.5 -542.6 2698.5 0.9629126787 -0.2647988796 0.0517752431 0.0297622029 -0.0864801407 -0.9958088994 0.2681666017 0.9604179859 -0.0753918290
302.1 -501.3 2239.4 0.9629126787 -0.0666232333 -0.2614583373 0.0297622029 0.9893486500 -0.1424900144 0.2681666017 0.1294238716 0.9546392560
110.1 -494.2 2475.7 0 0 0 0 0 0 0 0 0
299.6 -587.5 2774.0 0 0 0 0 0 0 0 0 0
-105.1 -866.6 2194.2 0 0 0 0 0 0 0 0 0
327.0 -870.5 2191.1 0 0 0 0 0 0 0 0 0
108.1 -11.3 2956.9 22 0.9763292074 0.0446143001 0.2116383761 0.0424121432 0.9200082421 -0.3895972967 -0.2120906711 0.3893512785 0.8963387609
99.1 -195.9 2878.8 0.9763292074 0.0446143001 0.2116383761 0.0424121432 0.9200082421 -0.3895972967 -0.2120906711 0.3893512785 0.8963387609
88.5 -373.1 2800.2 0.9759948254 0.0551530607 0.2106946558 0.0362691693 0.9127373099 -0.4069338143 -0.2147525102 0.4048070312 0.8888265491
-34.1 -200.9 2908.1 -0.2293963581 -0.4997625649 -0.8352333307 0.5387591720 0.6494742632 -0.5365833640 0.8106268048 -0.5730798841 0.1202646419
30.7 -353.0 2679.2 -0.3144915104 -0.4889658093 -0.8136384487 0.5156194568 0.6316666603 -0.5789074302 0.7970142365 -0.6015892625 0.0534664690
232.4 -191.0 2849.4 0.5793803930 0.6060116291 0.5450397134 -0.7870361805 0.2421357185 0.5674013495 0.2118782252 -0.7577072382 0.6172417402
375.4 -385.3 2901.8 -0.3152835965 0.6060116291 0.7303055525 -0.8014129400 0.2421357185 -0.5469072461 -0.5082651973 -0.7577072382 0.4093241394
-4.2 -551.2 2732.6 0.9873009920 0.1413406879 -0.0725224242 -0.0571236424 -0.1101169810 -0.9922757149 -0.1482348889 0.9838175774 -0.1006447151
-77.2 -494.4 2225.0 0.9873009920 0.0721525997 0.1415298432 -0.0571236424 0.9925602674 -0.1075220034 -0.1482348889 0.0980718806 0.9840773940
171.8 -544.9 2699.9 0.9623787403 -0.2533449531 0.0982011631 0.0667791441 -0.1297936738 -0.9892897010 0.2633774281 0.9586291909 -0.1079925075
290.8 -483.9 2249.5 0.9623787403 -0.1122274101 -0.2474512756 0.0667791441 0.9804740548 -0.1849625856 0.2633774281 0.1614794880 0.9510818720
110.4 -483.7 2477.1 0 0 0 0 0 0 0 0 0
295.4 -588.7 2772.8 0 0 0 0 0 0 0 0 0
-104.1 -864.8 2188.4 0 0 0 0 0 0 0 0 0
332.6 -849.3 2189.3 0 0 0 0 0 0 0 0 0
108.1 -9.7 2956.4 23 0.9797957540 0.0536185578 0.1926793903 0.0289065763 0.9153127670 -0.4017050862 -0.1979007423 0.3991586268 0.8952696323
97.4 -193.1 2876.4 0.9797957540 0.0536185578 0.1926793903 0.0289065763 0.9153127670 -0.4017050862 -0.1979007423 0.3991586268 0.8952696323
85.7 -369.2 2795.7 0.9796182513 0.0604722090 0.1915494353 0.0260711927 0.9072625637 -0.4197557867 -0.1991691887 0.4161943495 0.8871943951
-36.4 -196.6 2903.6 -0.2382744849 -0.4759879410 -0.8465581536 0.5562340617 0.6476584077 -0.5207132101 0.7961337566 -0.5949571729 0.1104402319
29.2 -349.8 2684.4 -0.3101140857 -0.4774805307 -0.8220958710 0.5047599673 0.6500863433 -0.5679833293 0.8056342602 -0.5911007524 0.0394121259
231.1 -189.6 2849.2 0.5659954548 0.6208170056 0.5424346328 -0.7967853546 0.2430446893 0.5532290936 0.2116181701 -0.7453291416 0.6322200894
370.9 -386.3 2901.5 -0.3174955249 0.6208170056 0.7167864442 -0.7913228273 0.2430446893 -0.5610147119 -0.5224986076 -0.7453291416 0.4141010642
-9.6 -553.5 2740.9 0.9891157150 0.1281808168 -0.0722478405 -0.0577502958 -0.1134220585 -0.9918671250 -0.1353328377 0.9852436781 -0.1047850624
-76.1 -494.6 2229.6 0.9891157150 0.0746190697 0.1268150806 -0.0577502958 0.9895862937 -0.1318477690 -0.1353328377 0.1230890900 0.9831246734
165.2 -547.0 2702.5 0.9591437578 -0.2462417185 0.1393134445 0.0996611714 -0.1667843610 -0.9809437394 0.2647845745 0.9547502398 -0.1354294419
279.8 -469.4 2258.1 0.9591437578 -0.1504443288 -0.2396032661 0.0996611714 0.9722763300 -0.2115333080 0.2647845745 0.1790117174 0.9475462437
107.9 -477.8 2480.1 0 0 0 0 0 0 0 0 0
290.3 -587.1 2768.9 0 0 0 0 0 0 0 0 0
-104.0 -863.9 2183.6 0 0 0 0 0 0 0 0 0
335.9 -831.7 2191.3 0 0 0 0 0 0 0 0 0
107.7 -10.7 2967.7 24 0.9816082716 0.0418778136 0.1862565130 0.0427218080 0.9027126431 -0.4281176925 -0.1860647351 0.4282010794 0.8843210936
99.3 -192.3 2881.6 0.9816082716 0.0418778136 0.1862565130 0.0427218080 0.9027126431 -0.4281176925 -0.1860647351 0.4282010794 0.8843210936
90.3 -365.9 2795.4 0.9815501571 0.0466188379 0.1854345202 0.0415420011 0.8946598768 -0.4448123276 -0.1866374612 0.4443089366 0.8762168884
-34.7 -198.0 2907.0 -0.2351969481 -0.4754419625 -0.8477247953 0.5406115651 0.6608326435 -0.5206143856 0.8077261448 -0.5807367563 0.1016035900
31.8 -350.9 2678.5 -0.2886729240 -0.4775932431 -0.8298027515 0.4991136789 0.6645478010 -0.5561130643 0.8170394301 -0.5747007132 0.0465363637
233.4 -186.7 2856.1 0.5716429949 0.6268569827 0.5294097066 -0.7972044349 0.2716637850 0.5391325355 0.1941375434 -0.7302390933 0.6550278664
374.5 -383.5 2904.0 -0.3037343025 0.6268569827 0.7174926996 -0.7778877020 0.2716637850 -0.5666475892 -0.5501238108 -0.7302390933 0.4051107466
-13.8 -547.6 2732.7 0.9897117615 0.1241861284 -0.0710523278 -0.0577447340 -0.1076568514 -0.9925097227 -0.1309052110 0.9864014387 -0.0993781537
-76.8 -493.0 2232.1 0.9897117615 0.0744371340 0.1221873164 -0.0577447340 0.9891775846 -0.1348823011 -0.1309052110 0.1264389157 0.9832990766
161.7 -543.0 2697.1 0.9557923675 -0.2389333248 0.1713822335 0.1286530644 -0.1842858493 -0.9744163156 0.2644038498 0.9533884525 -0.1453994960
269.8 -459.6 2265.6 0.9557923675 -0.1860080212 -0.2277323455 0.1286530644 0.9609638453 -0.2449426502 0.2644038498 0.2048158348 0.9424123764
105.0 -477.6 2471.2 0 0 0 0 0 0 0 0 0
297.4 -580.8 2764.5 0 0 0 0 0 0 0 0 0
-104.6 -862.2 2184.9 0 0 0 0 0 0 0 0 0
339.1 -817.6 2189.3 0 0 0 0 0 0 0 0 0
107.2 -9.9 2972.8 25 0.9832305312 0.0335695781 0.1792506427 0.0477566682 0.9012148380 -0.4307332635 -0.1760028601 0.4320705235 0.8844987750
100.5 -190.2 2886.4 0.9832305312 0.0335695781 0.1792506427 0.0477566682 0.9012148380 -0.4307332635 -0.1760028601 0.4320705235 0.8844987750
93.5 -363.6 2799.5 0.9832525253 0.0361646563 0.1786242276 0.0483221412 0.8933013082 -0.4468531609 -0.1757255495 0.4480009973 0.8765931726
-33.8 -196.8 2910.4 -0.2347971797 -0.4768940806 -0.8470196724 0.5292553306 0.6681721210 -0.5229099393 0.8153275847 -0.5710674524 0.0955137983
34.0 -349.6 2675.1 -0.2560196817 -0.4747195840 -0.8420779109 0.5242309570 0.6637082696 -0.5335477591 0.8121796846 -0.5780420303 0.0789403245
234.8 -183.6 2862.4 0.5743579268 0.6331680417 0.5188556910 -0.7944049239 0.2781430483 0.5399603844 0.1975695640 -0.7223120332 0.6627454758
376.6 -379.8 2911.2 -0.2928417623 0.6331680417 0.7164788842 -0.7777498364 0.2781430483 -0.5636857152 -0.5561913848 -0.7223120332 0.4109944403
-6.6 -543.2 2725.9 0.9873912930 0.1397720128 -0.0743113533 -0.0610382929 -0.0969670042 -0.9934141636 -0.1460572481 0.9854243398 -0.0872129276
-77.1 -494.2 2228.8 0.9873912930 0.0773926377 0.1380897164 -0.0610382929 0.9910195470 -0.1189729124 -0.1460572481 0.1090440601 0.9832479954
169.2 -535.8 2692.5 0.9588029385 -0.2162358910 0.1842254549 0.1451581866 -0.1845137775 -0.9720513225 0.2441845238 0.9587474465 -0.1455239356
265.1 -453.9 2267.1 0.9588029385 -0.1976103336 -0.2040763050 0.1451581866 0.9583419561 -0.2459873259 0.2441845238 0.2062300295 0.9475458264
98.9 -482.5 2469.1 0 0 0 0 0 0 0 0 0
302.3 -577.1 2770.1 0 0 0 0 0 0 0 0 0
-106.0 -864.1 2188.1 0 0 0 0 0 0 0 0 0
338.8 -811.3 2190.2 0 0 0 0 0 0 0 0 0
106.7 -10.9 2964.4 26 0.9862416983 0.0315774716 0.1622657627 0.0393769555 0.9084568620 -0.4161196351 -0.1605514586 0.4167840481 0.8947146535
100.4 -192.6 2881.0 0.9862416983 0.0315774716 0.1622657627 0.0393769555 0.9084568620 -0.4161196351 -0.1605514586 0.4167840481 0.8947146535
93.6 -367.3 2796.7 0.9862425327 0.0347525403 0.1616105437 0.0393992141 0.9000583291 -0.4339846671 -0.1605409831 0.4343814552 0.8863065839
-34.3 -198.0 2902.9 -0.2383331507 -0.4660822451 -0.8520355821 0.5364113450 0.6681805849 -0.5155556202 0.8096049428 -0.5799155831 0.0907622501
31.1 -345.2 2680.7 -0.2405156493 -0.4609725773 -0.8541993499 0.5555169582 0.6562826633 -0.5105820298 0.7959605455 -0.5973251462 0.0982318372
235.1 -187.2 2859.1 0.5658900738 0.6464588046 0.5117220879 -0.7947717905 0.2626046836 0.5471531749 0.2193313390 -0.7163308263 0.6623925567
