40.3 6.5 3186.7 1 0.9966281056 0.0740287900 0.0353865325 -0.0416589975 0.8280797005 -0.5590603948 -0.0706894323 0.5557011366 0.8283714652
24.8 -166.9 3070.3 0.9966281056 0.0740287900 0.0353865325 -0.0416589975 0.8280797005 -0.5590603948 -0.0706894323 0.5557011366 0.8283714652
8.5 -326.1 2952.5 0.9961175919 0.0821046680 0.0317578651 -0.0469851121 0.8009239435 -0.5969197750 -0.0744455382 0.5931101441 0.8016721606
-120.5 -160.1 3081.2 -0.0208405666 -0.9714373350 0.2363793552 0.5949665904 0.1779581457 0.7838020325 -0.8034802079 0.1569727063 0.5742639899
-112.8 -380.7 3379.1 0.1664078236 -0.9617201090 -0.2177221030 -0.3295634687 0.1538586020 -0.9315124750 0.9293526411 0.2267642021 -0.2913445532
170.1 -173.7 3059.4 0.4176802635 0.5418577790 0.7293376327 -0.8309707046 0.5524537563 0.0654411912 -0.3674654663 -0.6333916783 0.6810169816
279.0 -390.2 2963.7 -0.7933977842 0.5418577790 0.2773266435 0.0875554457 0.5524537563 -0.8289324045 -0.6023736000 -0.6333916783 -0.4857581854
-98.0 -482.3 2842.5 0.9812758565 0.1326604635 -0.1396382749 -0.1354541928 -0.0401024669 -0.9899716973 -0.1369299442 0.9903499484 -0.0213821661
-157.3 -464.4 2400.0 0.9812758565 0.1390529871 0.1332738250 -0.1354541928 0.9901386499 -0.0357444510 -0.1369299442 0.0170226675 0.9904344678
84.2 -493.7 2833.0 0.9917145967 0.0054079904 0.1283467114 0.1284606010 -0.0416966341 -0.9908376336 -0.0000068145 0.9991157055 -0.0420458764
81.8 -474.8 2380.3 0.9917145967 -0.1281684637 0.0086586569 0.1284606010 0.9894628525 -0.0667918250 -0.0000068145 0.0673507228 0.9977293611
-156.7 -293.7 3133.6 0 0 0 0 0 0 0 0 0
72.9 -367.5 2807.3 0 0 0 0 0 0 0 0 0
-206.4 -814.0 2394.0 0 0 0 0 0 0 0 0 0
130.8 -852.8 2354.6 0 0 0 0 0 0 0 0 0
41.7 5.1 3187.2 2 0.9962759614 0.0812023059 0.0289887246 -0.0512677580 0.8282256722 -0.5580446124 -0.0693237185 0.5544802547 0.8293044567
24.7 -168.8 3070.8 0.9962759614 0.0812023059 0.0289887246 -0.0512677580 0.8282256722 -0.5580446124 -0.0693237185 0.5544802547 0.8293044567
7.5 -329.2 2954.7 0.9959373474 0.0862440318 0.0258990210 -0.0545744672 0.8068609834 -0.5882151127 -0.0716269463 0.5844119787 0.8082897067
-120.7 -160.9 3081.2 -0.0149912974 -0.9705482125 0.2404399663 0.5861678720 0.1862818599 0.7884835601 -0.8100509048 0.1527585685 0.5661115646
-115.1 -378.2 3381.6 0.1620846391 -0.9611511827 -0.2234211564 -0.3203836977 0.1628905237 -0.9331778884 0.9333181977 0.2228343040 -0.2815350890
170.0 -176.8 3060.3 0.4169338644 0.5323241949 0.7367476821 -0.8220729232 0.5666409731 0.0558038466 -0.3877656758 -0.6289268136 0.6738611460
277.5 -388.8 2960.3 -0.7930088639 0.5323241949 0.2962565720 0.0737853423 0.5666409731 -0.8206544518 -0.6047253013 -0.6289268136 -0.4886290133
-99.0 -481.0 2841.6 0.9817715883 0.1381292194 -0.1305557936 -0.1261316836 -0.0403493643 -0.9911925793 -0.1421805024 0.9895919561 -0.0221913904
-160.0 -463.2 2404.4 0.9817715883 0.1303521097 0.1383214593 -0.1261316836 0.9912509322 -0.0388887040 -0.1421805024 0.0207331069 0.9896236062
83.4 -489.5 2828.0 0.9906156063 0.0069191945 0.1365023553 0.1366450340 -0.0283343643 -0.9902147651 -0.0029837808 0.9995745420 -0.0290139373
80.3 -476.9 2380.6 0.9906156063 -0.1362508386 0.0107925087 0.1366450340 0.9890108705 -0.0564409606 -0.0029837808 0.0573860407 0.9983475804
-158.0 -293.6 3135.0 0 0 0 0 0 0 0 0 0
71.5 -369.6 2803.3 0 0 0 0 0 0 0 0 0
-206.1 -814.0 2397.1 0 0 0 0 0 0 0 0 0
132.3 -854.7 2358.7 0 0 0 0 0 0 0 0 0
40.6 3.4 3187.5 3 0.9959937334 0.0832044631 0.0327651612 -0.0508535430 0.8284031749 -0.5578190684 -0.0735557973 0.5539180636 0.8293155432
23.2 -170.3 3071.4 0.9959937334 0.0832044631 0.0327651612 -0.0508535430 0.8284031749 -0.5578190684 -0.0735557973 0.5539180636 0.8293155432
5.8 -330.9 2955.7 0.9957441092 0.0872058645 0.0298129879 -0.0532510206 0.8084322214 -0.5861754417 -0.0752197206 0.5820931792 0.8096354008
-122.2 -162.5 3082.3 -0.0189088359 -0.9702514410 0.2413599491 0.5841403604 0.1851966679 0.7902418971 -0.8114323616 0.1559306383 0.5632611513
-115.2 -379.1 3383.2 0.1660591215 -0.9605569243 -0.2230577916 -0.3178309500 0.1619928181 -0.9342064857 0.9334923029 0.2260281742 -0.2783943415
168.6 -178.0 3060.4 0.4272391796 0.5280996561 0.7338783741 -0.8194341660 0.5691899061 0.0674572363 -0.3820919991 -0.6301853657 0.6759231091
278.3 -388.5 2962.3 -0.7985410690 0.5280996561 0.2888649106 0.0804234371 0.5691899061 -0.8182633519 -0.5965436101 -0.6301853657 -0.4969930947
-100.9 -484.5 2845.2 0.9823201299 0.1321402937 -0.1326124221 -0.1275061518 -0.0464204699 -0.9907509089 -0.1370740533 0.9901434779 -0.0287510604
-159.5 -464.0 2406.2 0.9823201299 0.1317785680 0.1329718828 -0.1275061518 0.9910233021 -0.0401872620 -0.1370740533 0.0225220248 0.9903047085
81.6 -494.5 2832.1 0.9904163480 0.0029616130 0.1380823255 0.1380996704 -0.0356821194 -0.9897753596 0.0019957386 0.9993587732 -0.0357491523
80.2 -478.3 2378.0 0.9904163480 -0.1380346715 0.0046829036 0.1380996704 0.9892535806 -0.0480192229 0.0019957386 0.0482057333 0.9988354445
-159.0 -295.2 3136.6 0 0 0 0 0 0 0 0 0
70.8 -367.6 2807.3 0 0 0 0 0 0 0 0 0
-206.4 -816.5 2398.2 0 0 0 0 0 0 0 0 0
133.0 -856.3 2359.6 0 0 0 0 0 0 0 0 0
40.6 5.0 3187.1 4 0.9948123097 0.0754113048 0.0682758987 -0.0254182667 0.8341431618 -0.5509619713 -0.0985006317 0.5463683009 0.8317327499
24.9 -169.4 3072.9 0.9948123097 0.0754113048 0.0682758987 -0.0254182667 0.8341431618 -0.5509619713 -0.0985006317 0.5463683009 0.8317327499
8.6 -330.1 2957.3 0.9945272207 0.0819421783 0.0648153871 -0.0283950567 0.8090175390 -0.5870983005 -0.1005448923 0.5820447803 0.8069167137
-120.3 -165.2 3087.6 -0.0539133698 -0.9702633023 0.2359713316 0.5853379965 0.1607477218 0.7946946621 -0.8089948893 0.1809676588 0.5592655540
-100.3 -382.3 3387.5 0.1974876374 -0.9582234025 -0.2068974078 -0.3157434165 0.1376316547 -0.9388096929 0.9280650616 0.2507297993 -0.2753721774
170.0 -173.5 3058.3 0.4178557694 0.5374321938 0.7325047255 -0.8316193223 0.5508896708 0.0702126175 -0.3657948077 -0.6385038495 0.6771314144
278.5 -389.4 2963.3 -0.7944762707 0.5374321938 0.2827968895 0.0768461004 0.5508896708 -0.8310326338 -0.6024135947 -0.6385038495 -0.4789683521
-102.8 -486.7 2847.0 0.9824949503 0.1250350028 -0.1380939186 -0.1324989051 -0.0520494319 -0.9898155928 -0.1309493035 0.9907860756 -0.0345713012
-158.3 -463.6 2407.2 0.9824949503 0.1370626241 0.1261646450 -0.1324989051 0.9902095795 -0.0439205095 -0.1309493035 0.0264350027 0.9910365343
79.7 -496.4 2833.2 0.9915463328 -0.0025998026 0.1297269017 0.1295056492 -0.0418685116 -0.9906943440 0.0080070822 0.9991197586 -0.0411778800
80.9 -477.3 2375.4 0.9915463328 -0.1297443360 -0.0014943841 0.1295056492 0.9903016686 -0.0503080972 0.0080070822 0.0496892780 0.9987326264
-152.4 -298.9 3142.4 0 0 0 0 0 0 0 0 0
72.1 -369.4 2806.8 0 0 0 0 0 0 0 0 0
-206.8 -814.1 2397.8 0 0 0 0 0 0 0 0 0
130.5 -855.7 2356.4 0 0 0 0 0 0 0 0 0
41.4 5.7 3186.9 5 0.9947279692 0.0707343668 0.0742494091 -0.0183531418 0.8351427317 -0.5497270226 -0.1008934453 0.5454661250 0.8320379853
26.6 -169.1 3072.8 0.9947279692 0.0707343668 0.0742494091 -0.0183531418 0.8351427317 -0.5497270226 -0.1008934453 0.5454661250 0.8320379853
11.0 -330.4 2957.7 0.9943789840 0.0784111172 0.0711482689 -0.0222054217 0.8114752769 -0.5839647055 -0.1035243869 0.5791023374 0.8086551428
-118.6 -165.9 3087.8 -0.0602413565 -0.9707384706 0.2324603945 0.5822690725 0.1549820155 0.7980872989 -0.8107612133 0.1834323555 0.5558946133
-96.2 -381.8 3388.5 0.2024059892 -0.9583328366 -0.2015688419 -0.3113425672 0.1321783513 -0.9410604239 0.9284921288 0.2532332242 -0.2716161013
171.7 -172.4 3057.7 0.4278246462 0.5457851291 0.7204752564 -0.8378199339 0.5385555029 0.0895303860 -0.3391515911 -0.6419318914 0.6876770258
279.7 -383.8 2972.1 -0.7808437943 0.5457851291 0.3039761186 0.0489744060 0.5385555029 -0.8411655426 -0.6228036880 -0.6419318914 -0.4472572505
-98.8 -488.3 2850.9 0.9811863303 0.1274086535 -0.1450530887 -0.1393858939 -0.0523712561 -0.9888522625 -0.1335849613 0.9904667139 -0.0336269923
-155.8 -464.9 2407.8 0.9811863303 0.1442241520 0.1283462495 -0.1393858939 0.9891709685 -0.0459601581 -0.1335849613 0.0272058230 0.9906638861
83.4 -493.5 2832.4 0.9927840829 0.0025171416 0.1198893487 0.1199056655 -0.0338147134 -0.9922092557 0.0015564928 0.9994249344 -0.0338725299
82.3 -478.2 2379.0 0.9927840829 -0.1198376566 0.0043275622 0.1199056655 0.9915853739 -0.0487963520 0.0015564928 0.0489631370 0.9987993836
-149.7 -299.6 3143.2 0 0 0 0 0 0 0 0 0
77.0 -371.1 2810.4 0 0 0 0 0 0 0 0 0
-207.0 -815.8 2398.1 0 0 0 0 0 0 0 0 0
128.1 -857.1 2360.3 0 0 0 0 0 0 0 0 0
42.9 6.0 3186.9 6 0.9972811937 0.0713304505 -0.0184988715 -0.0699692741 0.8378399014 -0.5414135456 -0.0231201779 0.5412358642 0.8405529261
27.9 -170.8 3072.6 0.9972811937 0.0713304505 -0.0184988715 -0.0699692741 0.8378399014 -0.5414135456 -0.0231201779 0.5412358642 0.8405529261
13.2 -332.7 2958.4 0.9969483018 0.0750460252 -0.0214980152 -0.0737271607 0.8146330714 -0.5752714276 -0.0256588422 0.5751008987 0.8176800013
-117.4 -160.1 3076.3 0.0324334577 -0.9727596641 0.2295358926 0.5729988813 0.2062652558 0.7931752205 -0.8189141154 0.1057984009 0.5640801191
-129.4 -372.6 3380.0 0.1139412001 -0.9669615626 -0.2280412167 -0.3079329729 0.1838586479 -0.9334737659 0.9445605874 0.1765825301 -0.2768102884
173.1 -181.5 3068.9 0.4179144204 0.5046769381 0.7554129362 -0.8054176569 0.5905029774 0.0510746278 -0.4202974141 -0.6297677755 0.6532554030
278.4 -384.3 2963.1 -0.8041183352 0.5046769381 0.3141574860 0.0560734719 0.5905029774 -0.8050851226 -0.5918188095 -0.6297677755 -0.5031332374
-95.8 -489.6 2852.1 0.9802708030 0.1333100796 -0.1459366977 -0.1398043036 -0.0543085411 -0.9886887074 -0.1397277862 0.9895852804 -0.0345997550
-155.5 -465.3 2409.1 0.9802708030 0.1452245414 0.1340855360 -0.1398043036 0.9889639616 -0.0490414836 -0.1397277862 0.0293282028 0.9897555113
86.5 -493.7 2833.1 0.9915394187 0.0141995260 0.1290268898 0.1294552833 -0.0351660475 -0.9909614921 -0.0095338179 0.9992806315 -0.0367067270
80.1 -477.7 2379.2 0.9915394187 -0.1288835257 0.0154466480 0.1294552833 0.9905750751 -0.0447477400 -0.0095338179 0.0463688001 0.9988788962
-159.5 -291.2 3130.5 0 0 0 0 0 0 0 0 0
69.6 -369.8 2809.5 0 0 0 0 0 0 0 0 0
-207.4 -819.2 2398.6 0 0 0 0 0 0 0 0 0
129.3 -856.2 2361.4 0 0 0 0 0 0 0 0 0
41.4 4.8 3186.8 7 0.9978532195 0.0654806718 0.0011077225 -0.0541416109 0.8343387246 -0.5485869050 -0.0368460566 0.5473492742 0.8360927701
27.6 -170.0 3072.2 0.9978532195 0.0654806718 0.0011077225 -0.0541416109 0.8343387246 -0.5485869050 -0.0368460566 0.5473492742 0.8360927701
13.5 -331.2 2956.9 0.9974294305 0.0716366544 -0.0016454126 -0.0592277348 0.8112950921 -0.5816290975 -0.0403310470 0.5802314281 0.8134524822
-117.8 -161.4 3078.0 0.0125933839 -0.9739893675 0.2262434363 0.5795229077 0.1914951056 0.7921381593 -0.8148586750 0.1211375445 0.5668607354
-122.5 -376.3 3380.1 0.1317704618 -0.9668641090 -0.2186556458 -0.3133336008 0.1686443985 -0.9345486164 0.9404565692 0.1916580647 -0.2807286680
173.1 -178.6 3066.3 0.4296226501 0.5201355219 0.7381621599 -0.8163308501 0.5731744170 0.0712388828 -0.3860418200 -0.6331903934 0.6708514094
280.8 -383.2 2969.6 -0.7897973061 0.5201355219 0.3250833750 0.0406072475 0.5731744170 -0.8184266090 -0.6120222211 -0.6331903934 -0.4738129079
-92.8 -487.9 2846.4 0.9794149399 0.1469882131 -0.1383502334 -0.1321163625 -0.0514068604 -0.9899002910 -0.1526158303 0.9878014922 -0.0309290998
-158.0 -465.1 2407.8 0.9794149399 0.1373349279 0.1479372978 -0.1321163625 0.9902307987 -0.0445900261 -0.1526158303 0.0241272021 0.9879910350
89.3 -501.3 2841.8 0.9879987240 0.0307325087 0.1513736695 0.1528377384 -0.0527671799 -0.9868415594 -0.0223405547 0.9981338382 -0.0568309948
75.0 -476.9 2380.2 0.9879987240 -0.1512118131 0.0315192603 0.1528377384 0.9865537882 -0.0578981899 -0.0223405547 0.0620206706 0.9978247881
-157.3 -293.5 3131.7 0 0 0 0 0 0 0 0 0
75.7 -372.7 2810.7 0 0 0 0 0 0 0 0 0
-206.9 -817.1 2399.2 0 0 0 0 0 0 0 0 0
132.8 -853.8 2356.5 0 0 0 0 0 0 0 0 0
40.8 5.3 3186.8 8 0.9970573783 0.0650242120 0.0406003185 -0.0318674743 0.8332716227 -0.5519446731 -0.0697208568 0.5490266681 0.8328917623
27.2 -168.0 3072.6 0.9970573783 0.0650242120 0.0406003185 -0.0318674743 0.8332716227 -0.5519446731 -0.0697208568 0.5490266681 0.8328917623
13.0 -328.9 2956.8 0.9967064261 0.0717636347 0.0377655253 -0.0360823460 0.8095147014 -0.5859897733 -0.0726245046 0.5826970935 0.8094379306
-118.2 -162.8 3083.1 -0.0268233139 -0.9736983180 0.2262566090 0.5841433406 0.1684055924 0.7939874530 -0.8112071753 0.1534636617 0.5642622113
-108.2 -379.4 3383.9 0.1690515429 -0.9637901187 -0.2062285542 -0.3154054284 0.1453360617 -0.9377616048 0.9337778091 0.2235756516 -0.2794153392
172.6 -173.3 3062.0 0.4130835235 0.5131003857 0.7523894906 -0.8223239183 0.5651727915 0.0660536289 -0.3913379312 -0.6459935308 0.6553983092
278.6 -384.2 2961.6 -0.8050125837 0.5131003857 0.2977964580 0.0557483025 0.5651727915 -0.8230867386 -0.5906326175 -0.6459935308 -0.4835757017
-92.0 -487.1 2845.3 0.9787220359 0.1492524147 -0.1408081353 -0.1350812614 -0.0478888080 -0.9896765947 -0.1544547528 0.9876387715 -0.0267086253
-158.2 -465.8 2407.3 0.9787220359 0.1399894357 0.1500205845 -0.1350812614 0.9899237752 -0.0424733572 -0.1544547528 0.0213046409 0.9877701402
90.5 -497.9 2837.9 0.9897114635 0.0300244875 0.1398920715 0.1413801461 -0.0550538562 -0.9884233475 -0.0219753068 0.9980318546 -0.0587322973
76.9 -472.9 2385.8 0.9897114635 -0.1390513033 0.0337045230 0.1413801461 0.9866269827 -0.0811102390 -0.0219753068 0.0850408822 0.9961351156
-152.9 -296.1 3137.3 0 0 0 0 0 0 0 0 0
69.6 -369.8 2808.3 0 0 0 0 0 0 0 0 0
-207.7 -815.9 2399.8 0 0 0 0 0 0 0 0 0
130.0 -849.8 2353.3 0 0 0 0 0 0 0 0 0
42.7 4.3 3189.3 9 0.9959221482 0.0604474507 -0.0669712052 -0.0876634344 0.8237641454 -0.5601140857 0.0213110074 0.5637009740 0.8257039785
30.1 -168.0 3071.4 0.9959221482 0.0604474507 -0.0669712052 -0.0876634344 0.8237641454 -0.5601140857 0.0213110074 0.5637009740 0.8257039785
18.1 -328.0 2954.2 0.9956387281 0.0628294945 -0.0689635426 -0.0914078429 0.8048225045 -0.5864344239 0.0186580289 0.5901806355 0.8070555329
-114.7 -154.7 3068.7 0.0799027085 -0.9728370309 0.2172640264 0.5839819908 0.2223249227 0.7807282805 -0.8078246117 0.0644959658 0.5858836770
-144.4 -371.3 3368.2 0.0651663616 -0.9706790447 -0.2313773930 -0.3234382868 0.1988058388 -0.9251291156 0.9440026283 0.1351236105 -0.3009993434
174.9 -181.3 3074.1 0.4138782620 0.4919315279 0.7659687400 -0.7901247144 0.6120092273 0.0338771045 -0.4521147311 -0.6192318201 0.6419845819
279.8 -381.4 2959.6 -0.7993590832 0.4919315279 0.3450050056 0.0356492624 0.6120092273 -0.7900467515 -0.5997951627 -0.6192318201 -0.5067521334
-92.5 -486.5 2847.7 0.9792234302 0.1428433210 -0.1439349353 -0.1378585994 -0.0516130216 -0.9891062379 -0.1487161368 0.9883986712 -0.0308485013
-156.1 -463.5 2407.6 0.9792234302 0.1426269561 0.1441493481 -0.1378585994 0.9895355701 -0.0425952263 -0.1487161368 0.0218380168 0.9886387587
90.0 -493.1 2834.4 0.9901041985 0.0270022899 0.1377120018 0.1387279481 -0.0402760208 -0.9895111918 -0.0211725775 0.9988236427 -0.0436234288
77.8 -474.9 2384.1 0.9901041985 -0.1367241293 0.0316264965 0.1387279481 0.9875925779 -0.0735899061 -0.0211725775 0.0772491544 0.9967870116
-161.6 -285.8 3118.9 0 0 0 0 0 0 0 0 0
72.2 -372.1 2803.8 0 0 0 0 0 0 0 0 0
-207.0 -816.5 2399.8 0 0 0 0 0 0 0 0 0
130.0 -852.2 2354.6 0 0 0 0 0 0 0 0 0
42.9 3.8 3188.5 0 0.9975178838 0.0671714917 -0.0211187992 -0.0675095767 0.8271135092 -0.5579656363 -0.0200117417 0.5580064654 0.8295952678
29.0 -168.4 3072.3 0.9975178838 0.0671714917 -0.0211187992 -0.0675095767 0.8271135092 -0.5579656363 -0.0200117417 0.5580064654 0.8295952678
14.8 -328.3 2955.3 0.9970867634 0.0724581480 -0.0238275081 -0.0725471303 0.8044188619 -0.5896161199 -0.0235551950 0.5896270871 0.8073320389
-116.3 -157.9 3075.8 0.0347688459 -0.9732736349 0.2270012051 0.5873735547 0.2036687732 0.7832696438 -0.8085687160 0.1061011329 0.5787565708
-129.2 -375.7 3375.6 0.1109718457 -0.9676985741 -0.2263730913 -0.3244594336 0.1800216287 -0.9286109209 0.9393675327 0.1764985621 -0.2940016091
174.2 -179.0 3068.9 0.4379798174 0.5191441178 0.7339367270 -0.8076217771 0.5858157277 0.0675797313 -0.3948680460 -0.6223418117 0.6758475304
283.2 -380.0 2970.6 -0.7816643119 0.5191441178 0.3456736803 0.0309309810 0.5858157277 -0.8098537922 -0.6229318976 -0.6223418117 -0.4739688933
-85.0 -479.6 2835.3 0.9763017297 0.1650500894 -0.1399764568 -0.1360970736 -0.0346406400 -0.9900897145 -0.1682632565 0.9856766462 -0.0113568818
-156.6 -464.6 2408.3 0.9763017297 0.1432677805 0.1622013599 -0.1360970736 0.9891927242 -0.0545472167 -0.1682632565 0.0311794113 0.9852488637
96.4 -496.3 2838.7 0.9913402796 0.0341454744 0.1268009841 0.1281244755 -0.0398474336 -0.9909572601 -0.0287840124 0.9986221790 -0.0438772365
80.7 -478.0 2380.0 0.9913402796 -0.1258992106 0.0373335108 0.1281244755 0.9896366000 -0.0648343787 -0.0287840124 0.0690562725 0.9971974492
-158.5 -290.0 3127.5 0 0 0 0 0 0 0 0 0
80.2 -372.0 2808.9 0 0 0 0 0 0 0 0 0
-207.3 -814.6 2397.2 0 0 0 0 0 0 0 0 0
128.8 -856.1 2353.6 0 0 0 0 0 0 0 0 0
42.6 4.2 3188.1 1 0.9975633025 0.0695273876 0.0057750647 -0.0545656495 0.8291122913 -0.5564129949 -0.0434741229 0.5547420979 0.8308858275
28.1 -168.4 3072.6 0.9975633025 0.0695273876 0.0057750647 -0.0545656495 0.8291122913 -0.5564129949 -0.0434741229 0.5547420979 0.8308858275
13.4 -328.2 2955.4 0.9972070456 0.0746409148 0.0026202896 -0.0586009324 0.8036991954 -0.5921431184 -0.0463040322 0.5903357267 0.8058285117
-117.3 -159.9 3079.4 0.0083202533 -0.9733493328 0.2291763425 0.5900564790 0.1898101568 0.7847326994 -0.8073191047 0.1286978126 0.5759103894
-120.4 -378.7 3378.7 0.1366893798 -0.9658552408 -0.2200901061 -0.3255063593 0.1660463363 -0.9308459759 0.9356076121 0.1988774836 -0.2916952372
173.5 -177.0 3065.9 0.4244427383 0.5362876654 0.7295504808 -0.8159976006 0.5757564306 0.0515017770 -0.3924236298 -0.6171709895 0.6819850802
281.3 -384.3 2966.2 -0.7759420276 0.5362876654 0.3321286738 0.0485801622 0.5757564306 -0.8161767721 -0.6289307475 -0.6171709895 -0.4728065729
-90.6 -481.6 2840.4 0.9788604975 0.1542021334 -0.1343643516 -0.1302685887 -0.0364117026 -0.9908099174 -0.1576774269 0.9873681664 -0.0155542847
-158.1 -465.6 2407.8 0.9788604975 0.1374770701 0.1514335871 -0.1302685887 0.9898627996 -0.0565836653 -0.1576774269 0.0356604755 0.9868465662
91.5 -494.8 2836.0 0.9925622940 0.0192533545 0.1202058941 0.1209022999 -0.0403983258 -0.9918420315 -0.0142401690 0.9989981651 -0.0424256288
82.7 -476.5 2381.2 0.9925622940 -0.1196190417 0.0226149037 0.1209022999 0.9903200865 -0.0681816638 -0.0142401690 0.0704087391 0.9974165559
-156.5 -292.7 3131.6 0 0 0 0 0 0 0 0 0
79.8 -371.6 2802.8 0 0 0 0 0 0 0 0 0
-206.8 -815.8 2395.2 0 0 0 0 0 0 0 0 0
128.4 -854.9 2354.3 0 0 0 0 0 0 0 0 0
44.1 2.3 3188.5 2 0.9966062903 0.0771860555 0.0286036953 -0.0476998761 0.8247203827 -0.5635255575 -0.0670863613 0.5602487326 0.8256033063
28.0 -169.3 3071.9 0.9966062903 0.0771860555 0.0286036953 -0.0476998761 0.8247203827 -0.5635255575 -0.0670863613 0.5602487326 0.8256033063
11.7 -328.0 2953.5 0.9963092208 0.0820973963 0.0250581708 -0.0507275201 0.7986451983 -0.5996603966 -0.0692431405 0.5961760283 0.7998622060
-117.3 -161.9 3082.0 -0.0141391549 -0.9715524912 0.2364019752 0.5976694822 0.1813301742 0.7809677124 -0.8016179204 0.1523324698 0.5781033635
-112.1 -383.5 3379.2 0.1600822061 -0.9623076320 -0.2198584676 -0.3332640529 0.1569638252 -0.9296759963 0.9291440845 0.2220955044 -0.2955754101
173.4 -176.7 3061.8 0.4204068780 0.5362296700 0.7319260836 -0.8222849965 0.5661612749 0.0575218797 -0.3835432827 -0.6260344386 0.6789517403
280.5 -386.2 2964.0 -0.7758752704 0.5362296700 0.3323782086 0.0385562517 0.5661612749 -0.8233922720 -0.6297070384 -0.6260344386 -0.4599455595
-92.7 -482.5 2842.4 0.9796659946 0.1508985758 -0.1322278231 -0.1277250499 -0.0391950645 -0.9910348654 -0.1547284275 0.9877719283 -0.0191245414
-158.8 -465.4 2409.5 0.9796659946 0.1361112595 0.1474052370 -0.1277250499 0.9896786213 -0.0649808124 -0.1547284275 0.0448321514 0.9869393110
89.8 -493.3 2833.9 0.9933500886 0.0114389714 0.1145631447 0.1148853600 -0.0332774371 -0.9928212166 -0.0075444854 0.9993807077 -0.0343703143
84.6 -478.1 2379.3 0.9933500886 -0.1143076345 0.0137596773 0.1148853600 0.9919422865 -0.0534025617 -0.0075444854 0.0546282232 0.9984782338
-154.4 -295.5 3133.8 0 0 0 0 0 0 0 0 0
79.0 -376.2 2800.5 0 0 0 0 0 0 0 0 0
-206.9 -815.1 2393.7 0 0 0 0 0 0 0 0 0
128.3 -857.1 2358.5 0 0 0 0 0 0 0 0 0
42.7 -1.6 3187.6 3 0.9978341460 0.0635393932 0.0170211159 -0.0424691066 0.8198890090 -0.5709452033 -0.0502329394 0.5689857602 0.8208116889
29.5 -171.7 3069.5 0.9978341460 0.0635393932 0.0170211159 -0.0424691066 0.8198890090 -0.5709452033 -0.0502329394 0.5689857602 0.8208116889
15.6 -329.4 2949.5 0.9974582791 0.0698509961 0.0140643744 -0.0470155887 0.7935328484 -0.6067084670 -0.0535397343 0.6045051217 0.7947999835
-116.0 -164.9 3077.3 -0.0031119834 -0.9744727612 0.2244842798 0.6047671437 0.1769461632 0.7764964700 -0.7963962555 0.1381771564 0.5887784958
-114.9 -389.1 3372.6 0.1461142153 -0.9662784338 -0.2120299041 -0.3410612941 0.1519857496 -0.9276731610 0.9286161065 0.2078614384 -0.3073529005
175.1 -178.6 3061.7 0.4093125165 0.5388444066 0.7362811565 -0.8172138333 0.5753765106 0.0332175419 -0.4057397842 -0.6152955294 0.6758599281
278.4 -384.8 2959.3 -0.7661463618 0.5388444066 0.3502377272 0.0310507864 0.5753765106 -0.8172990680 -0.6419156194 -0.6152955294 -0.4575541317
-95.8 -482.1 2841.4 0.9805681109 0.1423750818 -0.1349650472 -0.1311352104 -0.0359918512 -0.9907109141 -0.1459101886 0.9891582131 -0.0166220758
-158.1 -466.3 2408.4 0.9805681109 0.1389477104 0.1384910047 -0.1311352104 0.9892920852 -0.0640682429 -0.1459101886 0.0446622297 0.9882891774
86.6 -491.4 2828.7 0.9923651814 0.0095892362 0.1229609102 0.1231724247 -0.0259991251 -0.9920446277 -0.0063160742 0.9996159673 -0.0269817561
82.3 -479.6 2377.0 0.9923651814 -0.1229747906 0.0094095441 0.1231724247 0.9920815825 -0.0245494302 -0.0063160742 0.0255209971 0.9996543527
-153.5 -299.0 3127.3 0 0 0 0 0 0 0 0 0
79.4 -376.8 2792.6 0 0 0 0 0 0 0 0 0
-207.3 -816.0 2392.6 0 0 0 0 0 0 0 0 0
129.3 -858.5 2367.3 0 0 0 0 0 0 0 0 0
42.5 -0.2 3187.2 4 0.9965373874 0.0687358901 0.0467822738 -0.0304983724 0.8256219029 -0.5633989573 -0.0773501918 0.5600213408 0.8248594403
28.2 -171.2 3071.2 0.9965373874 0.0687358901 0.0467822738 -0.0304983724 0.8256219029 -0.5633989573 -0.0773501918 0.5600213408 0.8248594403
13.3 -330.4 2953.2 0.9962025285 0.0752816051 0.0437406376 -0.0342807695 0.8009478450 -0.5977519155 -0.0800336897 0.5939825177 0.8004869819
-117.2 -166.2 3082.9 -0.0328097641 -0.9727193713 0.2296530753 0.5959396958 0.1654229760 0.7858060598 -0.8023586869 0.1626414955 0.5742545724
-105.0 -387.2 3380.4 0.1757123768 -0.9623113275 -0.2075621784 -0.3289207220 0.1413365304 -0.9337211251 0.9278665185 0.2323378623 -0.2916895449
173.6 -176.3 3059.5 0.4093823135 0.5629487634 0.7179796696 -0.8280574083 0.5596511364 0.0333395526 -0.3830496967 -0.6081770062 0.6952651739
278.0 -387.5 2961.8 -0.7527357340 0.5629487634 0.3412881196 0.0433172323 0.5596511364 -0.8275954127 -0.6568961143 -0.6081770062 -0.4456548095
-89.6 -482.8 2834.3 0.9780942798 0.1580546200 -0.1354633719 -0.1302447170 -0.0429703742 -0.9905502796 -0.1623819619 0.9864949584 -0.0214432981
-158.1 -464.2 2407.3 0.9780942798 0.1375492811 0.1562427133 -0.1302447170 0.9898926616 -0.0561140478 -0.1623819619 0.0345350429 0.9861234426
93.2 -491.4 2824.5 0.9900065064 0.0299462136 0.1378056556 0.1385723799 -0.0252359174 -0.9900307059 -0.0261700191 0.9992328882 -0.0291334391
79.7 -480.1 2376.5 0.9900065064 -0.1380210817 0.0289371293 0.1385723799 0.9901888967 -0.0179914888 -0.0261700191 0.0218215790 0.9994193316
-151.4 -300.3 3135.3 0 0 0 0 0 0 0 0 0
82.5 -376.3 2791.2 0 0 0 0 0 0 0 0 0
-207.3 -818.7 2394.9 0 0 0 0 0 0 0 0 0
132.5 -858.4 2368.2 0 0 0 0 0 0 0 0 0
42.7 3.6 3189.0 5 0.9978051782 0.0619075038 0.0235002805 -0.0384383611 0.8304866552 -0.5557107329 -0.0539193302 0.5535877347 0.8310435414
29.9 -168.4 3074.4 0.9978051782 0.0619075038 0.0235002805 -0.0384383611 0.8304866552 -0.5557107329 -0.0539193302 0.5535877347 0.8310435414
15.5 -328.7 2957.9 0.9971739650 0.0721936002 0.0207878128 -0.0461456478 0.8069378138 -0.5888309479 -0.0592842996 0.5862076283 0.8079888225
-115.7 -161.6 3083.0 -0.0098422309 -0.9739023447 0.2267539948 0.5868771672 0.1779755056 0.7898733616 -0.8096161485 0.1408508569 0.5698093176
-112.0 -379.2 3383.2 0.1531546861 -0.9651809931 -0.2120596170 -0.3199992776 0.1545897573 -0.9347205162 0.9349567294 0.2110157460 -0.2851810753
175.4 -175.1 3065.7 0.3953947425 0.5516766310 0.7343813181 -0.8261300325 0.5630570054 0.0218170825 -0.4014625847 -0.6153208017 0.6783863902
275.8 -384.9 2963.8 -0.7548125386 0.5516766310 0.3548393548 0.0231780987 0.5630570054 -0.8260929585 -0.6555309296 -0.6153208017 -0.4377893209
-92.9 -486.4 2842.6 0.9796930552 0.1494286507 -0.1336883605 -0.1282884777 -0.0452539846 -0.9907038808 -0.1540894657 0.9877364039 -0.0251650419
-159.2 -466.3 2404.9 0.9796930552 0.1349378973 0.1483012438 -0.1282884777 0.9902890921 -0.0535680018 -0.1540894657 0.0334548578 0.9874903560
89.6 -492.7 2827.9 0.9897569418 0.0229005013 0.1409138590 0.1415587068 -0.0295135733 -0.9894897938 -0.0185009409 0.9993020296 -0.0324530303
79.3 -479.3 2375.4 0.9897569418 -0.1411437839 0.0214378592 0.1415587068 0.9897426963 -0.0192500353 -0.0185009409 0.0220875721 0.9995848536
-152.5 -294.7 3136.3 0 0 0 0 0 0 0 0 0
79.8 -378.9 2793.5 0 0 0 0 0 0 0 0 0
-206.7 -815.5 2393.1 0 0 0 0 0 0 0 0 0
133.2 -857.5 2367.0 0 0 0 0 0 0 0 0 0
43.3 3.4 3187.9 6 0.9970803261 0.0680423006 0.0346569642 -0.0367369428 0.8253295422 -0.5634550452 -0.0669421926 0.5605367422 0.8254194856
29.2 -167.7 3071.6 0.9970803261 0.0680423006 0.0346569642 -0.0367369428 0.8253295422 -0.5634550452 -0.0669421926 0.5605367422 0.8254194856
14.3 -327.3 2954.1 0.9966978431 0.0746678263 0.0319089852 -0.0411007255 0.8028177619 -0.5948061347 -0.0700299814 0.5915305018 0.8032356501
-116.3 -161.7 3081.8 -0.0209722910 -0.9731712937 0.2291238755 0.5929151177 0.1724175066 0.7865900397 -0.8049918413 0.1523476094 0.5733919740
-108.5 -381.6 3380.3 0.1643780917 -0.9636103511 -0.2107958347 -0.3263324797 0.1485436708 -0.9335105419 0.9308528304 0.2222382128 -0.2900400460
174.7 -173.7 3061.4 0.4020628035 0.5462210178 0.7348388433 -0.8311735988 0.5543712378 0.0426961705 -0.3840519488 -0.6279451847 0.6768965125
277.8 -387.0 2962.9 -0.7713095546 0.5462210178 0.3266866803 0.0405024998 0.5543712378 -0.8312833905 -0.6351701617 -0.6279451847 -0.4497151375
-90.3 -484.8 2846.9 0.9789862633 0.1487569660 -0.1394893974 -0.1346814483 -0.0419689938 -0.9899997711 -0.1531235874 0.9879827499 -0.0210522618
-156.6 -466.1 2406.4 0.9789862633 0.1403032392 0.1479896307 -0.1346814483 0.9897546768 -0.0473985225 -0.1531235874 0.0264710449 0.9878524542
92.5 -493.3 2836.1 0.9909752607 0.0255982671 0.1315779686 0.1324279755 -0.0349579938 -0.9905759692 -0.0207573269 0.9990608692 -0.0380324312
80.8 -477.3 2378.1 0.9909752607 -0.1317983121 0.0244385153 0.1324279755 0.9908454418 -0.0262329970 -0.0207573269 0.0292325951 0.9993571043
-152.0 -295.4 3134.4 0 0 0 0 0 0 0 0 0
77.6 -376.5 2797.9 0 0 0 0 0 0 0 0 0
-206.0 -814.8 2397.1 0 0 0 0 0 0 0 0 0
131.2 -855.8 2366.9 0 0 0 0 0 0 0 0 0
42.8 3.1 3173.8 7 0.9965184331 0.0716654137 0.0426034145 -0.0383876301 0.8480146527 -0.5285806656 -0.0740092695 0.5251049399 0.8478133082
27.8 -173.4 3064.5 0.9965184331 0.0716654137 0.0426034145 -0.0383876301 0.8480146527 -0.5285806656 -0.0740092695 0.5251049399 0.8478133082
12.0 -336.6 2952.4 0.9960847497 0.0793389827 0.0389936976 -0.0431828499 0.8215551972 -0.5684912801 -0.0771389902 0.5645816326 0.8217647076
-117.6 -167.1 3075.8 -0.0280714929 -0.9719172716 0.2336424440 0.5665461421 0.1770990193 0.8047741055 -0.8235517144 0.1549604386 0.5456646085
-107.2 -377.2 3381.2 0.1724245548 -0.9617523551 -0.2128430307 -0.2960060835 0.1555013806 -0.9424434900 0.9394946694 0.2255032212 -0.2578722835
173.3 -179.8 3053.3 0.4184272885 0.5554285645 0.7186220884 -0.8347746134 0.5469380021 0.0633260384 -0.3578686416 -0.6263847947 0.6925114393
278.0 -388.8 2963.6 -0.7720695734 0.5554285645 0.3088813126 0.0593848564 0.5469380021 -0.8350642323 -0.6327574253 -0.6263847947 -0.4552582502
-91.9 -483.0 2843.0 0.9796935320 0.1518607885 -0.1309155077 -0.1258648634 -0.0424496867 -0.9911387563 -0.1560724378 0.9874899387 -0.0224737450
-158.7 -464.4 2408.8 0.9796935320 0.1328916699 0.1501345187 -0.1258648634 0.9904983640 -0.0554168895 -0.1560724378 0.0353949070 0.9871112108
90.8 -490.5 2830.2 0.9896856546 0.0273079704 0.1406290233 0.1415916234 -0.0372668356 -0.9892234206 -0.0217728857 0.9989321828 -0.0407490321
78.7 -474.0 2385.3 0.9896856546 -0.1395337731 0.0324434116 0.1415916234 0.9871931672 -0.0734949559 -0.0217728857 0.0773306191 0.9967677593
-152.7 -299.0 3133.0 0 0 0 0 0 0 0 0 0
77.5 -373.4 2799.3 0 0 0 0 0 0 0 0 0
-205.7 -814.7 2396.3 0 0 0 0 0 0 0 0 0
131.9 -850.7 2355.8 0 0 0 0 0 0 0 0 0
41.2 2.6 3180.3 8 0.9967628121 0.0784569681 0.0175615232 -0.0565827116 0.8397388458 -0.5400342941 -0.0571165457 0.5372924209 0.8414598107
24.8 -173.4 3067.7 0.9967628121 0.0784569681 0.0175615232 -0.0565827116 0.8397388458 -0.5400342941 -0.0571165457 0.5372924209 0.8414598107
8.2 -334.5 2952.8 0.9964059591 0.0836232305 0.0135013163 -0.0602178015 0.8113892078 -0.5813960433 -0.0595730357 0.5784934759 0.8135086894
-120.6 -164.5 3076.4 -0.0025846120 -0.9712803364 0.2379240990 0.5792787075 0.1924850643 0.7920768261 -0.8151254654 0.1398715824 0.5621445179
-119.7 -379.3 3378.6 0.1496073455 -0.9628164172 -0.2249493301 -0.3131954968 0.1696474105 -0.9344133735 0.9378305674 0.2102482170 -0.2761692703
170.2 -182.2 3059.0 0.4252971411 0.5425875783 0.7243763208 -0.8246206045 0.5621589422 0.0630726740 -0.3729921579 -0.6241602898 0.6865134835
277.1 -389.3 2965.3 -0.7840614319 0.5425875783 0.3014073372 0.0723191351 0.5621589422 -0.8238611817 -0.6164556742 -0.6241602898 -0.4800066054
-95.1 -495.8 2847.3 0.9805347323 0.1486167759 -0.1283148825 -0.1192150414 -0.0686365068 -0.9904932380 -0.1560110003 0.9865100384 -0.0495831221
-161.3 -465.2 2407.7 0.9805347323 0.1268343180 0.1498823315 -0.1192150414 0.9911253452 -0.0588076375 -0.1560110003 0.0397947058 0.9869533777
87.6 -503.8 2833.2 0.9898951054 0.0213353205 0.1401873529 0.1412935406 -0.0647936314 -0.9878450632 -0.0119927451 0.9976705909 -0.0671534389
78.0 -474.5 2382.8 0.9898951054 -0.1401492506 0.0215842593 0.1412935406 0.9877284765 -0.0665479377 -0.0119927451 0.0689251944 0.9975497723
-159.2 -296.6 3130.9 0 0 0 0 0 0 0 0 0
73.4 -370.6 2805.2 0 0 0 0 0 0 0 0 0
-206.0 -814.9 2393.7 0 0 0 0 0 0 0 0 0
131.5 -851.7 2356.5 0 0 0 0 0 0 0 0 0
42.4 1.2 3183.5 9 0.9960631132 0.0817142278 0.0343669578 -0.0495681614 0.8348147869 -0.5482949018 -0.0734935403 0.5444328189 0.8355786204
25.4 -172.4 3070.3 0.9960631132 0.0817142278 0.0343669578 -0.0495681614 0.8348147869 -0.5482949018 -0.0734935403 0.5444328189 0.8355786204
8.0 -332.9 2954.5 0.9957254529 0.0872185379 0.0303940233 -0.0528517142 0.8079120517 -0.5869283080 -0.0757467300 0.5828130245 0.8090682030
-120.0 -164.7 3081.3 -0.0194900651 -0.9702375531 0.2413695753 0.5848984718 0.1847296506 0.7897903323 -0.8108723164 0.1565697491 0.5638900399
-112.8 -381.6 3382.0 0.1666111052 -0.9605017900 -0.2228834927 -0.3186556995 0.1614629477 -0.9340173006 0.9331126809 0.2266407460 -0.2791678607
170.7 -180.2 3059.2 0.4219680727 0.5446467996 0.7247777581 -0.8268918991 0.5590049028 0.0613454022 -0.3717427552 -0.6251987219 0.6862462759
277.8 -390.0 2964.9 -0.7841978669 0.5446467996 0.2973106503 0.0751803070 0.5590049028 -0.8257490396 -0.6159396768 -0.6251987219 -0.4793171585
-99.7 -490.2 2843.4 0.9820007682 0.1328007728 -0.1343073398 -0.1272034347 -0.0606415235 -0.9900211692 -0.1396201700 0.9892858863 -0.0426573083
-158.0 -463.5 2409.0 0.9820007682 0.1343099922 0.1327980757 -0.1272034347 0.9900199175 -0.0606613643 -0.1396201700 0.0426771343 0.9892850518
83.0 -501.2 2832.4 0.9907876253 0.0077569922 0.1352026910 0.1354248971 -0.0553794093 -0.9892386794 -0.0001860724 0.9984352589 -0.0559197217
79.4 -476.2 2380.9 0.9907876253 -0.1350387037 0.0102218613 0.1354248971 0.9880639911 -0.0734143704 -0.0001860724 0.0741223395 0.9972491264
-156.8 -297.4 3135.5 0 0 0 0 0 0 0 0 0
74.1 -370.5 2804.9 0 0 0 0 0 0 0 0 0
-205.9 -816.5 2393.8 0 0 0 0 0 0 0 0 0
131.0 -853.7 2352.6 0 0 0 0 0 0 0 0 0
42.3 2.8 3185.1 0 0.9975128770 0.0697127655 0.0104042077 -0.0522124097 0.8299831152 -0.5553394556 -0.0473495685 0.5534150004 0.8315586448
27.8 -169.6 3070.2 0.9975128770 0.0697127655 0.0104042077 -0.0522124097 0.8299831152 -0.5553394556 -0.0473495685 0.5534150004 0.8315586448
12.5 -328.9 2952.4 0.9970136285 0.0769231617 0.0068327924 -0.0577672720 0.8015894890 -0.5950775146 -0.0512523390 0.5929056406 0.8036392927
-117.7 -161.2 3077.7 0.0041018971 -0.9728499055 0.2314005941 0.5930035710 0.1886908710 0.7827786803 -0.8051893711 0.1340104938 0.5776774883
-119.2 -381.0 3376.2 0.1413438916 -0.9650070667 -0.2208693922 -0.3288267553 0.1646761447 -0.9299219251 0.9337531328 0.2040665448 -0.2940441668
173.3 -178.1 3062.7 0.4078640342 0.5313769579 0.7424860001 -0.8215379715 0.5684153438 0.0444896780 -0.3983996511 -0.6281261444 0.6683825850
277.4 -387.7 2961.1 -0.7880616784 0.5313769579 0.3108010292 0.0596485958 0.5684153438 -0.8205766082 -0.6126996279 -0.6281261444 -0.4796422720
-100.6 -488.6 2845.7 0.9824448824 0.1284298152 -0.1353066415 -0.1288514286 -0.0573446117 -0.9900044799 -0.1349052042 0.9900592566 -0.0397895500
-157.3 -463.3 2408.7 0.9824448824 0.1353803873 0.1283520907 -0.1288514286 0.9899713993 -0.0579131767 -0.1349052042 0.0403581522 0.9900362492
82.0 -498.3 2831.8 0.9898100495 0.0093563907 0.1420862377 0.1423827708 -0.0525245778 -0.9884170890 -0.0017849972 0.9985758066 -0.0533215441
77.7 -474.6 2380.7 0.9898100495 -0.1419344842 0.0114299897 0.1423827708 0.9875447750 -0.0669508204 -0.0017849972 0.0678960308 0.9976907969
-156.5 -294.2 3129.6 0 0 0 0 0 0 0 0 0
72.7 -372.2 2801.9 0 0 0 0 0 0 0 0 0
-205.5 -816.0 2394.4 0 0 0 0 0 0 0 0 0
132.0 -851.9 2354.7 0 0 0 0 0 0 0 0 0
44.6 4.8 3186.0 1 0.9952749014 0.0804437324 -0.0543754175 -0.0970971212 0.8255531192 -0.5559084415 0.0001704488 0.5585613847 0.8294631243
27.6 -169.6 3068.0 0.9952749014 0.0804437324 -0.0543754175 -0.0970971212 0.8255531192 -0.5559084415 0.0001704488 0.5585613847 0.8294631243
10.2 -327.2 2948.4 0.9943271875 0.0885664672 -0.0589013286 -0.1061754152 0.7934790254 -0.5992643833 -0.0063377591 0.6021187901 0.7983813882
-117.3 -154.1 3068.9 0.0697817802 -0.9676429629 0.2424820513 0.5966669321 0.2352870703 0.7672213316 -0.7994492650 0.0911429450 0.5937793255
-143.2 -375.3 3365.3 0.0822934136 -0.9641924500 -0.2521125674 -0.3406571150 0.2105190456 -0.9163156748 0.9365791678 0.1612906903 -0.3111346662
172.6 -185.2 3067.1 0.4184553027 0.5274317861 0.7393989563 -0.8086900115 0.5869414210 0.0389898568 -0.4134193957 -0.6142600775 0.6721376181
278.1 -389.2 2962.8 -0.7857407928 0.5274317861 0.3231518269 0.0619877763 0.5869414210 -0.8072529435 -0.6154420376 -0.6142600775 -0.4938781559
-94.1 -482.8 2839.4 0.9803592563 0.1485051364 -0.1297766566 -0.1245327666 -0.0441210084 -0.9912340641 -0.1529292315 0.9879269004 -0.0247606840
-159.5 -463.4 2404.8 0.9803592563 0.1306007355 0.1477809399 -0.1245327666 0.9909732938 -0.0496342443 -0.1529292315 0.0302558206 0.9877738953
88.7 -493.5 2830.0 0.9893161654 0.0266059227 0.1433377415 0.1442832351 -0.0378774256 -0.9888112545 -0.0208789706 0.9989281297 -0.0413115360
76.6 -476.3 2377.8 0.9893161654 -0.1431433111 0.0276328735 0.1442832351 0.9885142446 -0.0449655652 -0.0208789706 0.0484721214 0.9986062646
-164.9 -285.3 3117.9 0 0 0 0 0 0 0 0 0
74.0 -373.0 2802.9 0 0 0 0 0 0 0 0 0
-206.1 -817.4 2394.0 0 0 0 0 0 0 0 0 0
131.3 -854.0 2359.3 0 0 0 0 0 0 0 0 0
45.6 4.6 3186.4 2 0.9968586564 0.0778171495 -0.0147433067 -0.0726764649 0.8247553706 -0.5608000755 -0.0314802416 0.5601098537 0.8278200030
29.1 -169.9 3067.8 0.9968586564 0.0778171495 -0.0147433067 -0.0726764649 0.8247553706 -0.5608000755 -0.0314802416 0.5601098537 0.8278200030
10.2 -328.2 2949.3 0.9952344894 0.0956954584 -0.0187256876 -0.0878532678 0.7966561913 -0.5980139375 -0.0423092879 0.5968092680 0.8012669086
-116.0 -157.1 3074.0 0.0296063442 -0.9678793550 0.2496657819 0.5956144333 0.2176712304 0.7732157707 -0.8027246594 0.1258124560 0.5829274058
-127.0 -377.9 3371.6 0.1225884110 -0.9614223838 -0.2462501377 -0.3364636600 0.1931671649 -0.9216716886 0.9336831570 0.1958404928 -0.2998036146
174.2 -182.7 3061.7 0.4119053781 0.5123257041 0.7535624504 -0.8161154389 0.5752666593 0.0549900606 -0.4053265154 -0.6376445889 0.6550723314
277.4 -387.2 2960.1 -0.8023315668 0.5123257041 0.3062457442 0.0558496043 0.5752666593 -0.8160570264 -0.5942599773 -0.6376445889 -0.4901677668
-98.3 -475.1 2829.3 0.9808069468 0.1369950920 -0.1387446672 -0.1369119585 -0.0227574315 -0.9903217554 -0.1388266981 0.9903102517 -0.0035643796
-157.4 -465.3 2401.9 0.9808069468 0.1406598091 0.1350279748 -0.1369119585 0.9899031520 -0.0366989225 -0.1388266981 0.0175076127 0.9901618958
83.6 -494.6 2828.1 0.9891394973 0.0158933010 0.1461177766 0.1466229260 -0.0374826826 -0.9884820580 -0.0102333566 0.9991708994 -0.0394059271
76.5 -477.8 2379.9 0.9891394973 -0.1457848698 0.0187022220 0.1466229260 0.9875776768 -0.0564979054 -0.0102333566 0.0586264879 0.9982275367
-159.4 -289.0 3125.0 0 0 0 0 0 0 0 0 0
69.0 -372.7 2805.8 0 0 0 0 0 0 0 0 0
-207.0 -814.3 2395.7 0 0 0 0 0 0 0 0 0
132.2 -855.1 2357.5 0 0 0 0 0 0 0 0 0
45.7 4.1 3187.1 3 0.9976361394 0.0586062185 -0.0358811021 -0.0686256140 0.8226512074 -0.5643895268 -0.0035591074 0.5655177832 0.8247284293
33.2 -170.6 3066.9 0.9976361394 0.0586062185 -0.0358811021 -0.0686256140 0.8226512074 -0.5643895268 -0.0035591074 0.5655177832 0.8247284293
17.4 -328.9 2947.9 0.9960595965 0.0797509700 -0.0387946814 -0.0870738775 0.7963888049 -0.5984839201 -0.0168340225 0.5995036960 0.8001949191
-112.1 -157.9 3069.4 0.0497109778 -0.9709541202 0.2340445817 0.5960935354 0.2168650031 0.7730731368 -0.8013746738 0.1010822430 0.5895600319
-130.5 -378.9 3366.5 0.0988766998 -0.9662752151 -0.2377721369 -0.3369018734 0.1923260093 -0.9216874838 0.9363335371 0.1712393016 -0.3065233827
178.5 -183.4 3064.5 0.4169342220 0.5261563659 0.7411648035 -0.8205351830 0.5686569214 0.0578909256 -0.3910088241 -0.6322885156 0.6688223481
280.5 -384.1 2968.8 -0.7886832952 0.5261563659 0.3180221319 0.0482525080 0.5686569214 -0.8211583495 -0.6129031777 -0.6322885156 -0.4738785923
-99.9 -478.4 2834.6 0.9812520146 0.1257579923 -0.1460459530 -0.1432328969 -0.0311771352 -0.9891977906 -0.1289528161 0.9915709496 -0.0125799458
-154.8 -464.8 2401.0 0.9812520146 0.1469524652 0.1246974990 -0.1432328969 0.9889461994 -0.0383369178 -0.1289528161 0.0197573937 0.9914538860
82.3 -494.5 2826.8 0.9907208085 0.0079267938 0.1356815696 0.1358812898 -0.0362312160 -0.9900624156 -0.0029321124 0.9993119836 -0.0369721204
78.8 -478.4 2380.9 0.9907208085 -0.1354532391 0.0111686653 0.1358812898 0.9889130592 -0.0598931871 -0.0029321124 0.0608550385 0.9981423020
-156.6 -290.0 3119.2 0 0 0 0 0 0 0 0 0
75.7 -371.6 2809.6 0 0 0 0 0 0 0 0 0
-206.6 -813.2 2394.1 0 0 0 0 0 0 0 0 0
130.5 -856.2 2357.7 0 0 0 0 0 0 0 0 0
46.4 4.6 3186.9 4 0.9979162812 0.0636482164 0.0105804931 -0.0466193222 0.8246387243 -0.5637354255 -0.0446058363 0.5620675087 0.8258876801
32.9 -170.0 3067.9 0.9979162812 0.0636482164 0.0105804931 -0.0466193222 0.8246387243 -0.5637354255 -0.0446058363 0.5620675087 0.8258876801
16.5 -327.9 2948.4 0.9965254068 0.0830005035 0.0069294018 -0.0619764291 0.7945346236 -0.6040477157 -0.0556419156 0.6015194654 0.7969180346
-112.5 -161.0 3076.0 0.0039892974 -0.9714214802 0.2373275310 0.6019387841 0.1918494403 0.7751538157 -0.7985322475 0.1397643387 0.5855016112
-113.9 -384.2 3372.1 0.1432094425 -0.9634354711 -0.2264579237 -0.3399165571 0.1670158952 -0.9255065918 0.9294879436 0.2095180750 -0.3035694063
178.3 -179.1 3059.8 0.4091617167 0.5530009866 0.7257937789 -0.8346471786 0.5482480526 0.0528028123 -0.3687150180 -0.6273866296 0.6858828664
