-39.4 91.9 2883.2 97 0.9965776205 -0.0799721405 -0.0209157001 0.0748063996 0.9801806211 -0.1834392399 0.0351711921 0.1812468171 0.9828085303
-22.9 -109.2 2846.0 0.9965776205 -0.0799721405 -0.0209157001 0.0748063996 0.9801806211 -0.1834392399 0.0351711921 0.1812468171 0.9828085303
-8.2 -299.8 2803.6 0.9969988465 -0.0752690285 -0.0181070920 0.0695060939 0.9732952714 -0.2187813371 0.0340910070 0.2168661803 0.9756059051
-165.0 -119.1 2841.2 -0.0683227479 -0.6880114675 -0.7224764228 0.6566882730 0.5141550899 -0.5517292023 0.7510609627 -0.5121374130 0.4166805744
-145.8 -303.7 2630.0 -0.3286357224 -0.6795598865 -0.6558940411 0.4426774085 0.5026262999 -0.7425655127 0.8342872858 -0.5343829989 0.1356448382
119.1 -99.3 2850.9 0.0039184988 0.6635988951 0.7480782866 -0.7511836886 0.4957536459 -0.4358341098 -0.6600815654 -0.5602363944 0.5004273057
120.1 -286.3 2686.5 -0.4272182286 0.6635988951 0.6141018867 -0.3636205196 0.4957536459 -0.7886751294 -0.8278071880 -0.5602363944 0.0295031816
-85.6 -494.7 2755.9 0.9503518343 0.2761819959 -0.1433696300 -0.1522627473 0.0109126586 -0.9882798195 -0.2713805437 0.9610434175 0.0524230972
-193.8 -499.0 2379.5 0.9503518343 0.2843866348 0.1263154298 -0.1522627473 0.7789956927 -0.6082612872 -0.2713805437 0.5588290691 0.7836214900
94.6 -483.5 2761.6 0.9992923141 -0.0252263844 -0.0279006157 -0.0301978048 -0.0958106294 -0.9949414134 0.0224255994 0.9950798750 -0.0965046063
108.0 -432.6 2232.5 0.9992923141 0.0245964620 -0.0284574926 -0.0301978048 0.9756823182 -0.2170992643 0.0224255994 0.2178049833 0.9757346511
-61.4 -417.3 2415.9 0 0 0 0 0 0 0 0 0
10.7 -379.4 2474.5 0 0 0 0 0 0 0 0 0
-300.9 -792.4 2169.1 0 0 0 0 0 0 0 0 0
98.7 -800.1 2150.5 0 0 0 0 0 0 0 0 0
-39.8 92.7 2884.2 98 0.9968946576 -0.0772617981 0.0152206235 0.0787433758 0.9798461795 -0.1835782528 -0.0007302844 0.1842066944 0.9828872681
-24.0 -107.9 2846.5 0.9968946576 -0.0772617981 0.0152206235 0.0787433758 0.9798461795 -0.1835782528 -0.0007302844 0.1842066944 0.9828872681
-9.8 -298.2 2802.3 0.9971965551 -0.0725212693 0.0184317678 0.0748106912 0.9713875055 -0.2254100442 -0.0015573672 0.2261570096 0.9740896225
-166.0 -118.6 2846.8 -0.0792221799 -0.7076591849 -0.7020985484 0.6438725591 0.5013608932 -0.5779838562 0.7610203028 -0.4978511333 0.4159234166
-143.3 -303.1 2628.7 -0.3174833655 -0.6950497031 -0.6450660229 0.4588995278 0.4826827347 -0.7459414005 0.8298286200 -0.5328444839 0.1657142490
118.0 -97.2 2846.3 0.0064938627 0.7164663672 0.6975914240 -0.7750207782 0.4444342852 -0.4492448568 -0.6319023371 -0.5377305150 0.5581624508
119.6 -285.3 2693.0 -0.4056621194 0.7164663672 0.5675510168 -0.3616732359 0.4444342852 -0.8195551634 -0.8394228220 -0.5377305150 0.0788365677
-83.6 -496.7 2758.0 0.9504637718 0.2784268856 -0.1381924152 -0.1402010322 -0.0127864666 -0.9900404811 -0.2774208784 0.9603723288 0.0268826615
-192.6 -491.7 2382.0 0.9504637718 0.2762531638 0.1424880922 -0.1402010322 0.7901326418 -0.5966859460 -0.2774208784 0.5471513867 0.7897233963
96.6 -484.1 2764.2 0.9994465709 -0.0216362830 -0.0252661612 -0.0272378381 -0.0962935016 -0.9949802160 0.0190947074 0.9951177835 -0.0968295336
108.2 -432.8 2233.3 0.9994465709 0.0226423629 -0.0243686475 -0.0272378381 0.9775801897 -0.2087944299 0.0190947074 0.2093426436 0.9776558876
-61.8 -420.9 2415.7 0 0 0 0 0 0 0 0 0
15.7 -377.9 2478.1 0 0 0 0 0 0 0 0 0
-296.6 -789.3 2175.9 0 0 0 0 0 0 0 0 0
99.6 -801.0 2154.5 0 0 0 0 0 0 0 0 0
-41.5 90.8 2888.3 99 0.9968813062 -0.0788979679 -0.0016741526 0.0768861622 0.9758051038 -0.2046776563 0.0177822970 0.2039106041 0.9788280129
-25.4 -108.9 2846.5 0.9968813062 -0.0788979679 -0.0016741526 0.0768861622 0.9758051038 -0.2046776563 0.0177822970 0.2039106041 0.9788280129
-11.5 -298.4 2798.9 0.9974890947 -0.0708075017 0.0013378930 0.0689967647 0.9673746228 -0.2437740564 0.0159667879 0.2432542741 0.9698311090
-167.4 -118.7 2844.3 -0.0770176798 -0.6958792210 -0.7140170932 0.6491715312 0.5085443854 -0.5656491518 0.7567328215 -0.5070845485 0.4125780761
-145.8 -301.0 2631.8 -0.3242430687 -0.6886377931 -0.6485710740 0.4375933707 0.4986586273 -0.7482323050 0.8386766315 -0.5264195204 0.1396567374
116.7 -99.1 2848.8 0.0289396755 0.6410170794 0.7669808269 -0.7551255226 0.5167683363 -0.4034054279 -0.6549411416 -0.5674923658 0.4990034699
124.0 -288.4 2684.6 -0.4359252453 0.6410170794 0.6317169070 -0.3634224832 0.5167683363 -0.7751610279 -0.8233427405 -0.5674923658 0.0076876706
-85.8 -495.2 2758.1 0.9507912993 0.2750194967 -0.1426889300 -0.1479991078 -0.0014586422 -0.9889864326 -0.2721986771 0.9614375234 0.0393157750
-193.5 -494.6 2381.6 0.9507912993 0.2788161337 0.1351200193 -0.1479991078 0.7918409705 -0.5925235152 -0.2721986771 0.5433685780 0.7941401005
94.4 -481.6 2757.8 0.9993773103 -0.0256209578 -0.0242594685 -0.0265161656 -0.0917651132 -0.9954275489 0.0232776366 0.9954510331 -0.0923873484
107.9 -433.1 2231.8 0.9993773103 0.0214428566 -0.0280206930 -0.0265161656 0.9803434014 -0.1955087781 0.0232776366 0.1961300373 0.9803015590
-62.6 -413.3 2416.6 0 0 0 0 0 0 0 0 0
12.4 -381.4 2473.9 0 0 0 0 0 0 0 0 0
-298.5 -792.8 2177.0 0 0 0 0 0 0 0 0 0
99.9 -802.4 2157.9 0 0 0 0 0 0 0 0 0
-40.9 92.0 2897.8 00 0.9968563318 -0.0792141035 0.0016212490 0.0774140656 0.9694394469 -0.2327964306 0.0168690570 0.2321901023 0.9725241065
-24.7 -106.4 2850.3 0.9968563318 -0.0792141035 0.0016212490 0.0774140656 0.9694394469 -0.2327964306 0.0168690570 0.2321901023 0.9725241065
-10.5 -294.4 2797.6 0.9973618388 -0.0724504292 0.0045047980 0.0709815100 0.9603843689 -0.2694875598 0.0151981516 0.2690963447 0.9629933238
-166.8 -116.5 2848.1 -0.0694170967 -0.6979998350 -0.7127254009 0.6407706738 0.5163819790 -0.5681220293 0.7645876408 -0.4961308837 0.4114120901
-146.8 -301.4 2627.4 -0.3145305514 -0.6913481951 -0.6504676342 0.4299181998 0.5071873665 -0.7469480038 0.8463101387 -0.5145858526 0.1376972497
117.4 -96.2 2852.4 0.0319154337 0.5777940750 0.8155583143 -0.7446845770 0.5579952598 -0.3661778867 -0.6666530967 -0.5956469774 0.4480829835
125.6 -287.2 2681.5 -0.4594949782 0.5777940750 0.6745504737 -0.3807675838 0.5579952598 -0.7373312712 -0.8024215698 -0.5956469774 -0.0363907441
-87.7 -494.0 2749.8 0.9507828951 0.2770262063 -0.1388106346 -0.1488869935 0.0155679695 -0.9887316823 -0.2717435956 0.9607362151 0.0560473576
-196.2 -500.1 2373.6 0.9507828951 0.2770418525 0.1387793720 -0.1488869935 0.8012571335 -0.5794994831 -0.2717435956 0.5303157568 0.8030695319
92.5 -481.6 2752.7 0.9992613792 -0.0303807165 -0.0235320441 -0.0262107849 -0.0910173580 -0.9955043197 0.0281023104 0.9953857660 -0.0917464271
108.5 -433.8 2230.1 0.9992613792 0.0201587379 -0.0327165164 -0.0262107849 0.9801256657 -0.1966385394 0.0281023104 0.1973508149 0.9799300432
-66.0 -411.8 2410.1 0 0 0 0 0 0 0 0 0
8.0 -384.6 2476.2 0 0 0 0 0 0 0 0 0
-300.5 -801.9 2173.9 0 0 0 0 0 0 0 0 0
100.9 -802.9 2155.8 0 0 0 0 0 0 0 0 0
-39.6 92.8 2891.0 01 0.9952187538 -0.0739703104 0.0637807921 0.0857483149 0.9743719101 -0.2079582810 -0.0467634723 0.2124330848 0.9760560393
-24.5 -106.8 2847.5 0.9952187538 -0.0739703104 0.0637807921 0.0857483149 0.9743719101 -0.2079582810 -0.0467634723 0.2124330848 0.9760560393
-10.8 -295.8 2798.3 0.9953782558 -0.0691259727 0.0666610897 0.0835862085 0.9654030204 -0.2470028251 -0.0472805053 0.2514331937 0.9667191505
-166.0 -118.6 2854.2 -0.0646703765 -0.7337604165 -0.6763234735 0.6310200691 0.4949693978 -0.5973432660 0.7730662227 -0.4654040933 0.4310076833
-147.6 -298.7 2633.5 -0.2623428106 -0.7297235727 -0.6314109564 0.4469964802 0.4879977107 -0.7497015595 0.8552019596 -0.4789172709 0.1981611699
117.1 -95.0 2840.8 0.0459838249 0.6151525974 0.7870659232 -0.7805168033 0.5138545036 -0.3560156226 -0.6234412789 -0.5979471803 0.5037659407
128.3 -284.2 2689.6 -0.4602134824 0.6151525974 0.6401490569 -0.3817683756 0.5138545036 -0.7682489753 -0.8015338182 -0.5979471803 -0.0016369605
-86.5 -488.8 2743.5 0.9501147866 0.2893416882 -0.1164615005 -0.1386420429 0.0573106557 -0.9886829257 -0.2793926895 0.9555087090 0.0945666209
-199.7 -511.2 2369.6 0.9501147866 0.2766262889 0.1440825313 -0.1386420429 0.7883732915 -0.5993712544 -0.2793926895 0.5494956374 0.7873971462
93.8 -476.0 2746.3 0.9994754195 -0.0275606140 -0.0170077607 -0.0192217622 -0.0821673423 -0.9964331388 0.0260648280 0.9962373972 -0.0826539993
108.1 -433.4 2230.3 0.9994754195 0.0137823522 -0.0293069631 -0.0192217622 0.9807519913 -0.1943090707 0.0260648280 0.1947704852 0.9805024862
-80.3 -413.3 2414.3 0 0 0 0 0 0 0 0 0
10.4 -381.9 2484.5 0 0 0 0 0 0 0 0 0
-303.8 -808.1 2162.7 0 0 0 0 0 0 0 0 0
102.9 -802.8 2156.9 0 0 0 0 0 0 0 0 0
-38.7 90.8 2888.2 02 0.9950939417 -0.0727246404 0.0670758635 0.0848589614 0.9759570956 -0.2007653415 -0.0508625768 0.2054723650 0.9773403406
-23.9 -108.6 2846.2 0.9950939417 -0.0727246404 0.0670758635 0.0848589614 0.9759570956 -0.2007653415 -0.0508625768 0.2054723650 0.9773403406
-10.8 -298.1 2798.5 0.9953440428 -0.0664714351 0.0697981194 0.0813667253 0.9676596522 -0.2387765497 -0.0516690016 0.2433440685 0.9685628414
-165.6 -120.2 2853.5 -0.0657187849 -0.7346822023 -0.6752207875 0.6317418218 0.4931603968 -0.5980761647 0.7723880410 -0.4658700526 0.4317195714
-147.0 -298.1 2635.9 -0.2419470698 -0.7311413884 -0.6378823519 0.4711867273 0.4861595929 -0.7359564900 0.8482008576 -0.4786241949 0.2268792242
117.9 -97.1 2838.8 0.0380693488 0.6115894318 0.7902588844 -0.7736408114 0.5185868740 -0.3640708625 -0.6324797273 -0.5975165963 0.4928928018
127.3 -289.7 2681.4 -0.4753817320 0.6115894318 0.6324322820 -0.3628286421 0.5185868740 -0.7742241621 -0.8014783859 -0.5975165963 -0.0246245656
-86.9 -492.3 2753.4 0.9511230588 0.2790152729 -0.1323457211 -0.1396908909 0.0065156473 -0.9901736975 -0.2754112780 0.9602645636 0.0451730751
-196.0 -494.8 2377.9 0.9511230588 0.2730267048 0.1442960203 -0.1396908909 0.7971060872 -0.5874592066 -0.2754112780 0.5385891795 0.7962853312
92.6 -477.3 2744.8 0.9992678761 -0.0300146453 -0.0237251557 -0.0261156578 -0.0819358006 -0.9962953925 0.0279595125 0.9961855412 -0.0826596618
108.2 -434.8 2227.6 0.9992678761 0.0204930585 -0.0323078409 -0.0261156578 0.9824748635 -0.1845565140 0.0279595125 0.1852651238 0.9822907448
-85.0 -419.0 2418.4 0 0 0 0 0 0 0 0 0
5.6 -382.5 2476.2 0 0 0 0 0 0 0 0 0
-298.8 -795.0 2175.1 0 0 0 0 0 0 0 0 0
100.5 -804.8 2157.8 0 0 0 0 0 0 0 0 0
-37.6 91.9 2887.2 03 0.9960482121 -0.0605345964 0.0649887919 0.0727802217 0.9757090807 -0.2066272646 -0.0509020574 0.2105406225 0.9762589931
-25.2 -108.3 2844.0 0.9960482121 -0.0605345964 0.0649887919 0.0727802217 0.9757090807 -0.2066272646 -0.0509020574 0.2105406225 0.9762589931
-14.6 -297.7 2795.4 0.9962728620 -0.0540470369 0.0672257394 0.0689707845 0.9671786427 -0.2445577830 -0.0518016778 0.2482828945 0.9673014879
-167.1 -118.1 2851.4 -0.0727704465 -0.7270119190 -0.6827577949 0.6423697472 0.4895055294 -0.5896994472 0.7629322410 -0.4814956188 0.4313889146
-146.5 -299.6 2635.8 -0.2512777150 -0.7253708839 -0.6408561468 0.4716612697 0.4864062369 -0.7354893684 0.8452190161 -0.4870791137 0.2199063003
116.7 -98.5 2836.6 0.0320098512 0.6115391254 0.7905664444 -0.7742651701 0.5153630376 -0.3673069775 -0.6320512891 -0.6003505588 0.4899901450
124.7 -292.5 2678.3 -0.4866506159 0.6115391254 0.6238517761 -0.3532710671 0.5153630376 -0.7807691693 -0.7989810705 -0.6003505588 -0.0347626731
-87.6 -494.9 2755.5 0.9517548680 0.2765584886 -0.1329589784 -0.1388842463 0.0018569472 -0.9903068542 -0.2736308873 0.9609953165 0.0401769765
-195.8 -495.6 2379.5 0.9517548680 0.2717641294 0.1425024569 -0.1388842463 0.7956003547 -0.5896874070 -0.2736308873 0.5414465070 0.7949602604
92.2 -480.3 2746.2 0.9991315007 -0.0320195071 -0.0266637597 -0.0293636732 -0.0870457217 -0.9957714677 0.0295631476 0.9956896305 -0.0879103318
108.9 -434.9 2227.3 0.9991315007 0.0234718639 -0.0344278477 -0.0293636732 0.9828431010 -0.1820913553 0.0295631476 0.1829441488 0.9826787114
-82.1 -420.6 2418.9 0 0 0 0 0 0 0 0 0
0.1 -382.9 2473.7 0 0 0 0 0 0 0 0 0
-298.2 -795.3 2175.5 0 0 0 0 0 0 0 0 0
100.0 -805.1 2158.4 0 0 0 0 0 0 0 0 0
-37.5 93.4 2886.2 04 0.9971544743 -0.0635405853 0.0405658521 0.0705161169 0.9764491320 -0.2038984746 -0.0266546626 0.2061788142 0.9781512022
-24.5 -107.1 2843.9 0.9971544743 -0.0635405853 0.0405658521 0.0705161169 0.9764491320 -0.2038984746 -0.0266546626 0.2061788142 0.9781512022
-13.4 -296.7 2796.1 0.9974903464 -0.0563107282 0.0429199748 0.0650665760 0.9680689573 -0.2420927286 -0.0279170740 0.2442778200 0.9693033695
-166.6 -116.4 2847.9 -0.0676926300 -0.7139874101 -0.6968785524 0.6526132822 0.4966410995 -0.5722268224 0.7546612620 -0.4935277104 0.4323387146
-147.6 -299.6 2636.0 -0.2483439445 -0.7140973210 -0.6545153260 0.4788446128 0.4968529046 -0.7237713933 0.8420410156 -0.4931553900 0.2185512483
117.6 -97.9 2839.9 0.0208052676 0.6161303520 0.7873693705 -0.7650046349 0.5168508291 -0.3842305243 -0.6436886191 -0.5943472385 0.4820958078
122.9 -292.3 2676.3 -0.4779472649 0.6161303520 0.6260589361 -0.3544506729 0.5168508291 -0.7792496085 -0.8036984205 -0.5943472385 -0.0286396295
-94.0 -493.3 2751.5 0.9533852935 0.2631816268 -0.1476208568 -0.1587129533 0.0212731659 -0.9870955348 -0.2566450536 0.9645117521 0.0620518588
-197.0 -501.6 2373.9 0.9533852935 0.2764626443 0.1209334061 -0.1587129533 0.8002702594 -0.5782540441 -0.2566450536 0.5321052074 0.8068440557
86.0 -480.9 2742.1 0.9985418320 -0.0460209921 -0.0282174367 -0.0322133601 -0.0885348395 -0.9955520630 0.0433180667 0.9950093627 -0.0898882374
109.9 -435.0 2227.2 0.9985418320 0.0241801366 -0.0482646525 -0.0322133601 0.9843397141 -0.1733135730 0.0433180667 0.1746156216 0.9836833477
-83.8 -422.5 2419.9 0 0 0 0 0 0 0 0 0
0.5 -383.0 2470.5 0 0 0 0 0 0 0 0 0
-301.1 -803.0 2173.5 0 0 0 0 0 0 0 0 0
100.8 -805.8 2161.4 0 0 0 0 0 0 0 0 0
-41.2 94.6 2887.3 05 0.9960605502 -0.0802740082 0.0376762003 0.0862298235 0.9759173989 -0.2003738284 -0.0206840485 0.2028332800 0.9789947867
-24.7 -105.6 2845.6 0.9960605502 -0.0802740082 0.0376762003 0.0862298235 0.9759173989 -0.2003738284 -0.0206840485 0.2028332800 0.9789947867
-9.9 -295.2 2798.7 0.9963023067 -0.0756939873 0.0406464264 0.0832167044 0.9678433537 -0.2373904586 -0.0213703439 0.2398951203 0.9705635905
-166.6 -117.5 2848.7 -0.0601335764 -0.7211980224 -0.6901140213 0.6497941017 0.4965337515 -0.5755187869 0.7577279210 -0.4830400348 0.4387718439
-149.6 -301.8 2633.8 -0.2611549199 -0.7160704732 -0.6473339200 0.4774834216 0.4869911969 -0.7313337922 0.8389324546 -0.5000826120 0.2147316486
117.2 -93.8 2842.6 0.0213777963 0.6596270204 0.7512890100 -0.7781789899 0.4827620387 -0.4017190933 -0.6276785731 -0.5760495067 0.5236282945
122.6 -289.6 2684.6 -0.4562171102 0.6596270204 0.5972923636 -0.3519093394 0.4827620387 -0.8019355536 -0.8173284531 -0.5760495067 0.0118845906
-92.5 -492.2 2750.8 0.9532339573 0.2720341086 -0.1316906363 -0.1455876678 0.0314573646 -0.9888451099 -0.2648569643 0.9617732763 0.0695910379
-199.0 -504.5 2374.2 0.9532339573 0.2729379833 0.1298068911 -0.1455876678 0.7910490036 -0.5941764712 -0.2648569643 0.5474909544 0.7937911749
87.7 -480.4 2745.7 0.9985939860 -0.0419350602 -0.0324263126 -0.0359501578 -0.0862059742 -0.9956284761 0.0389564000 0.9953944087 -0.0875923410
109.6 -435.5 2226.7 0.9985939860 0.0283917040 -0.0447652340 -0.0359501578 0.9833198190 -0.1782965958 0.0389564000 0.1796552241 0.9829579592
-82.5 -424.4 2418.4 0 0 0 0 0 0 0 0 0
5.8 -379.7 2475.4 0 0 0 0 0 0 0 0 0
-301.8 -802.4 2168.0 0 0 0 0 0 0 0 0 0
98.9 -805.8 2159.0 0 0 0 0 0 0 0 0 0
-40.8 94.8 2886.3 06 0.9963061213 -0.0855619237 0.0072988654 0.0853191838 0.9766675234 -0.1970816553 0.0097341202 0.1969763935 0.9803599119
-23.3 -105.3 2845.9 0.9963061213 -0.0855619237 0.0072988654 0.0853191838 0.9766675234 -0.1970816553 0.0097341202 0.1969763935 0.9803599119
-6.5 -294.8 2799.6 0.9962601066 -0.0857320577 0.0107629281 0.0858416706 0.9678551555 -0.2364055514 0.0098505784 0.2364453226 0.9715948701
-165.2 -117.5 2844.5 -0.0616303943 -0.7078551054 -0.7036638856 0.6568735838 0.5020382404 -0.5625608563 0.7514777184 -0.4968890548 0.4340305030
-148.0 -301.2 2634.4 -0.2642073929 -0.7047693729 -0.6584030390 0.4794081450 0.4963840544 -0.7237200141 0.8368765116 -0.5068559647 0.2067238539
118.6 -93.1 2847.3 0.0122550800 0.6632938981 0.7482586503 -0.7691001892 0.4844698608 -0.4168618619 -0.6390106678 -0.5703772306 0.5160766840
121.7 -286.6 2686.5 -0.4412783086 0.6632938981 0.6044126749 -0.3623666465 0.4844698608 -0.7962282300 -0.8209530115 -0.5703772306 0.0265695415
-85.1 -492.2 2753.6 0.9505540729 0.2793667912 -0.1356508136 -0.1414530575 0.0006155384 -0.9899447560 -0.2764741778 0.9601842761 0.0401023887
-194.4 -492.4 2377.8 0.9505540729 0.2741574049 0.1458926201 -0.1414530575 0.8004236221 -0.5825058222 -0.2764741778 0.5330663323 0.7996263504
95.0 -477.2 2749.8 0.9991239905 -0.0277279634 -0.0313441381 -0.0334786847 -0.0802011415 -0.9962162971 0.0251092147 0.9963929653 -0.0810591802
109.5 -435.2 2229.0 0.9991239905 0.0279830862 -0.0311165843 -0.0334786847 0.9806053638 -0.1931121796 0.0251092147 0.1939847469 0.9806831479
-80.1 -424.3 2419.5 0 0 0 0 0 0 0 0 0
8.7 -379.4 2476.3 0 0 0 0 0 0 0 0 0
-297.7 -793.8 2177.1 0 0 0 0 0 0 0 0 0
98.9 -804.6 2156.0 0 0 0 0 0 0 0 0 0
-40.7 92.3 2887.3 07 0.9962922931 -0.0854106620 -0.0103291478 0.0816916227 0.9768319726 -0.1978024393 0.0269842781 0.1962252408 0.9801874757
-23.2 -107.8 2847.1 0.9962922931 -0.0854106620 -0.0103291478 0.0816916227 0.9768319726 -0.1978024393 0.0269842781 0.1962252408 0.9801874757
-6.4 -297.3 2800.5 0.9962891340 -0.0858106986 -0.0066711460 0.0817275718 0.9674897194 -0.2393412441 0.0269923043 0.2379078716 0.9709125757
-165.1 -119.4 2843.2 -0.0687554255 -0.6977015138 -0.7130815387 0.6509977579 0.5102439523 -0.5620080829 0.7559593916 -0.5028555989 0.4191200733
-146.0 -300.5 2633.0 -0.2896623909 -0.6912235618 -0.6620466113 0.4704473615 0.4995582104 -0.7274069786 0.8335316181 -0.5221605301 0.1804810762
118.8 -96.2 2850.9 0.0326842777 0.6082361937 0.7930828929 -0.7510477901 0.5384951830 -0.3820342124 -0.6594383717 -0.5831566453 0.4744147956
127.0 -285.8 2684.4 -0.4625525475 0.6082361937 0.6450533867 -0.3565855622 0.5384951830 -0.7634590268 -0.8117215633 -0.5831566453 -0.0321940631
-79.7 -492.2 2752.5 0.9473502040 0.2941950262 -0.1263996810 -0.1357947886 0.0116420556 -0.9906685948 -0.2899782062 0.9556744695 0.0509792566
-194.9 -496.7 2378.3 0.9473502040 0.2794078588 0.1563932151 -0.1357947886 0.7929096222 -0.5940153003 -0.2899782062 0.5415031314 0.7891051769
100.3 -476.6 2754.3 0.9996353388 -0.0164175760 -0.0214403104 -0.0226380639 -0.0766280740 -0.9968026876 0.0147221545 0.9969245791 -0.0769717917
109.0 -436.1 2226.5 0.9996353388 0.0195491128 -0.0186294373 -0.0226380639 0.9827684760 -0.1834492236 0.0147221545 0.1838040650 0.9828526378
-71.6 -421.3 2419.0 0 0 0 0 0 0 0 0 0
8.6 -377.1 2476.6 0 0 0 0 0 0 0 0 0
-300.1 -795.3 2174.4 0 0 0 0 0 0 0 0 0
101.6 -806.2 2157.3 0 0 0 0 0 0 0 0 0
-38.2 90.8 2886.3 08 0.9962642193 -0.0799583346 -0.0326225646 0.0718434453 0.9770228863 -0.2006608248 0.0479174964 0.1975674778 0.9791174531
-21.9 -109.3 2845.8 0.9962642193 -0.0799583346 -0.0326225646 0.0718434453 0.9770228863 -0.2006608248 0.0479174964 0.1975674778 0.9791174531
-6.3 -298.9 2799.3 0.9964122176 -0.0793726444 -0.0293703862 0.0700365081 0.9681527019 -0.2403647006 0.0475134030 0.2374453396 0.9702382088
-163.8 -119.3 2839.0 -0.0757151842 -0.6806054115 -0.7287272811 0.6601952314 0.5134769678 -0.5481638908 0.7472679615 -0.5226066113 0.4104544818
-142.5 -304.6 2629.3 -0.2934918106 -0.6802126169 -0.6716943979 0.4641632736 0.5128551722 -0.7221717238 0.8357122540 -0.5237273574 0.1652109176
120.1 -99.4 2852.6 0.0320047699 0.6324341893 0.7739526033 -0.7543573380 0.5232727528 -0.3963970542 -0.6556833982 -0.5711502433 0.4938285947
128.0 -285.6 2690.7 -0.4515779316 0.6324341893 0.6293682456 -0.3500186205 0.5232727528 -0.7769637108 -0.8207096457 -0.5711502433 -0.0149346776
-79.6 -494.2 2751.5 0.9471179843 0.2890271842 -0.1393944919 -0.1453555524 -0.0008481618 -0.9893791080 -0.2860756814 0.9573205113 0.0412083976
-192.8 -493.8 2376.6 0.9471179843 0.2829236984 0.1513991952 -0.1453555524 0.7989062667 -0.5836270452 -0.2860756814 0.5307569504 0.7977830172
100.5 -479.4 2756.4 0.9998238087 -0.0134628285 -0.0130800800 -0.0141165648 -0.0800162777 -0.9966936111 0.0123716956 0.9967026114 -0.0801922306
107.6 -436.7 2224.8 0.9998238087 0.0118094916 -0.0145901386 -0.0141165648 0.9853792787 -0.1697892696 0.0123716956 0.1699653119 0.9853723645
-67.2 -423.8 2414.8 0 0 0 0 0 0 0 0 0
12.4 -375.2 2480.6 0 0 0 0 0 0 0 0 0
-299.3 -794.7 2176.7 0 0 0 0 0 0 0 0 0
103.2 -807.8 2160.8 0 0 0 0 0 0 0 0 0
-40.1 89.7 2884.3 09 0.9946908951 -0.1000650376 -0.0240218062 0.0939576700 0.9783052206 -0.1846370548 0.0419763736 0.1813997626 0.9825131893
-19.6 -111.1 2847.0 0.9946908951 -0.1000650376 -0.0240218062 0.0939576700 0.9783052206 -0.1846370548 0.0419763736 0.1813997626 0.9825131893
-0.7 -301.0 2803.6 0.9951528311 -0.0962908566 -0.0199716818 0.0893730968 0.9702907205 -0.2248296440 0.0410273783 0.2219549417 0.9741933942
-161.4 -123.8 2841.2 -0.0686773956 -0.6955275536 -0.7152096629 0.6448135972 0.5160853863 -0.5638007522 0.7612482309 -0.4998972714 0.4130422175
-142.0 -305.5 2626.8 -0.3240593672 -0.6839991212 -0.6535524130 0.4441138506 0.4999861717 -0.7434895635 0.8353133798 -0.5311864018 0.1417482942
122.2 -98.3 2852.9 0.0023479064 0.6762761474 0.7366445065 -0.7562637329 0.4831624925 -0.4411566556 -0.6542626619 -0.5560616851 0.5125775337
122.8 -287.2 2689.5 -0.4242410362 0.6762761474 0.6022210121 -0.3616521358 0.4831624925 -0.7973467112 -0.8301971555 -0.5560616851 0.0395993628
-80.8 -494.9 2748.5 0.9467906952 0.2961139381 -0.1261107475 -0.1379090399 0.0192113221 -0.9902585745 -0.2908066213 0.9549593925 0.0590258911
-196.7 -502.4 2374.6 0.9467906952 0.2828325927 0.1536004990 -0.1379090399 0.7877191901 -0.6003994942 -0.2908066213 0.5472697616 0.7848103642
99.3 -482.2 2757.1 0.9997211695 -0.0179752931 -0.0153125580 -0.0168301333 -0.0875573307 -0.9960172772 0.0165629759 0.9959973097 -0.0878354460
108.9 -435.4 2224.5 0.9997211695 0.0135253295 -0.0193559062 -0.0168301333 0.9830975533 -0.1823073179 0.0165629759 0.1825822443 0.9830510616
-58.9 -419.4 2412.4 0 0 0 0 0 0 0 0 0
14.2 -379.8 2477.0 0 0 0 0 0 0 0 0 0
-303.2 -799.0 2168.5 0 0 0 0 0 0 0 0 0
103.8 -805.6 2155.8 0 0 0 0 0 0 0 0 0
-39.6 91.4 2884.8 10 0.9963939786 -0.0843374953 -0.0092838332 0.0811080188 0.9788908362 -0.1876011193 0.0249096677 0.1861716360 0.9822013974
-22.2 -110.7 2846.3 0.9963939786 -0.0843374953 -0.0092838332 0.0811080188 0.9788908362 -0.1876011193 0.0249096677 0.1861716360 0.9822013974
-6.3 -300.9 2802.7 0.9966926575 -0.0810273811 -0.0061902758 0.0775855780 0.9714758396 -0.2240875363 0.0241709296 0.2228661180 0.9745493531
-164.2 -121.7 2842.9 -0.0960380360 -0.6951222420 -0.7124477625 0.6461040974 0.5009409785 -0.5758538246 0.7571830153 -0.5156192780 0.4010119438
-136.9 -305.2 2627.8 -0.2970470190 -0.6950442195 -0.6547340155 0.4533406794 0.5008218884 -0.7373328209 0.8403840065 -0.5158400536 0.1663241684
119.8 -99.6 2849.8 0.0062727588 0.6619015932 0.7495644689 -0.7559775114 0.4937988222 -0.4297217429 -0.6545675397 -0.5639583468 0.5034801960
121.4 -286.6 2687.9 -0.4150859416 0.6619015932 0.6241713762 -0.3850198984 0.4937988222 -0.7796937823 -0.8242956400 -0.5639583468 0.0498763435
-71.8 -499.1 2756.4 0.9432566166 0.3147042692 -0.1059628502 -0.0997019783 -0.0359746851 -0.9943668246 -0.3167434633 0.9485077858 -0.0025567226
-194.8 -485.0 2385.5 0.9432566166 0.2669789195 0.1974567324 -0.0997019783 0.7948988676 -0.5984941721 -0.3167434633 0.5448467731 0.7764119506
108.1 -483.0 2763.8 0.9998801947 -0.0008854543 -0.0154535389 -0.0154699804 -0.0910226628 -0.9957286716 -0.0005249499 0.9958484173 -0.0910254493
108.5 -434.0 2228.3 0.9998801947 0.0152764125 -0.0024954143 -0.0154699804 0.9807661772 -0.1945723742 -0.0005249499 0.1945876628 0.9808849692
-60.7 -421.6 2412.2 0 0 0 0 0 0 0 0 0
15.1 -385.1 2476.9 0 0 0 0 0 0 0 0 0
-295.3 -784.4 2180.4 0 0 0 0 0 0 0 0 0
102.8 -803.4 2155.0 0 0 0 0 0 0 0 0 0
-40.4 91.8 2884.0 11 0.9976005554 -0.0676403418 -0.0147618195 0.0634347722 0.9784538746 -0.1964791566 0.0277336761 0.1950712949 0.9803968668
-26.3 -111.6 2843.5 0.9976005554 -0.0676403418 -0.0147618195 0.0634347722 0.9784538746 -0.1964791566 0.0277336761 0.1950712949 0.9803968668
-13.7 -301.6 2797.9 0.9978657961 -0.0641427264 -0.0122279823 0.0595119856 0.9704253078 -0.2339508981 0.0268725920 0.2327238917 0.9721714854
-168.5 -120.1 2839.7 -0.1189480647 -0.6809710264 -0.7225855589 0.6549311876 0.4931708872 -0.5725798011 0.7462683916 -0.5413510203 0.3873274028
-135.3 -302.9 2631.4 -0.2922042608 -0.6948666573 -0.6570973992 0.4381453991 0.5134682059 -0.7378204465 0.8500854373 -0.5034984946 0.1544150114
115.9 -103.1 2847.3 0.0185059980 0.6381162405 0.7697175741 -0.7517054677 0.5164818168 -0.4101041555 -0.6592392325 -0.5710115433 0.4892334938
120.5 -291.3 2682.2 -0.4246497452 0.6381162405 0.6422462463 -0.3825455010 0.5164818168 -0.7660975456 -0.8205677867 -0.5710115433 0.0247846451
-80.5 -498.1 2756.9 0.9484991431 0.2905861735 -0.1261311620 -0.1246308312 -0.0237439536 -0.9919190407 -0.2912327945 0.9565541744 0.0136948749
-194.2 -488.8 2382.7 0.9484991431 0.2709239423 0.1641633809 -0.1246308312 0.7955831289 -0.5928866863 -0.2912327945 0.5418926477 0.7883754373
99.6 -484.1 2761.3 0.9996368289 -0.0157172736 -0.0218912307 -0.0232821554 -0.0945815593 -0.9952448010 0.0135720288 0.9953930378 -0.0949131399
108.0 -433.7 2230.9 0.9996368289 0.0199245550 -0.0181458220 -0.0232821554 0.9776043892 -0.2091593146 0.0135720288 0.2095058262 0.9777132273
-60.3 -415.3 2413.2 0 0 0 0 0 0 0 0 0
11.8 -389.3 2472.1 0 0 0 0 0 0 0 0 0
-296.2 -788.4 2178.6 0 0 0 0 0 0 0 0 0
100.5 -801.9 2152.0 0 0 0 0 0 0 0 0 0
-41.4 96.6 2884.7 12 0.9954015613 -0.0898826495 -0.0331180766 0.0816805512 0.9770513177 -0.1967207193 0.0500398390 0.1931110024 0.9799000621
-22.8 -105.9 2844.6 0.9954015613 -0.0898826495 -0.0331180766 0.0816805512 0.9770513177 -0.1967207193 0.0500398390 0.1931110024 0.9799000621
-6.0 -295.7 2799.8 0.9958437085 -0.0860415623 -0.0298695080 0.0767886192 0.9695206285 -0.2326655984 0.0489780158 0.2294049263 0.9720979929
-164.7 -116.8 2837.7 -0.0895442292 -0.6813066602 -0.7265005708 0.6627070904 0.5037669539 -0.5541102290 0.7435059547 -0.5310744643 0.4063973427
-139.4 -303.6 2628.1 -0.3072717190 -0.6855554581 -0.6599983573 0.4444625676 0.5098680854 -0.7365375757 0.8414494395 -0.5196617246 0.1480356902
119.0 -94.9 2851.6 -0.0076205442 0.6903349757 0.7234497666 -0.7600269914 0.4661603272 -0.4528284073 -0.6498468518 -0.5532921553 0.5211207867
117.1 -291.7 2683.4 -0.4136105478 0.6903349757 0.5936025381 -0.3731732368 0.4661603272 -0.8021447659 -0.8304625750 -0.5532921553 0.0648057014
-91.3 -497.0 2749.9 0.9501844049 0.2691240311 -0.1572318971 -0.1661104262 0.0103916433 -0.9860523939 -0.2637364864 0.9630494714 0.0545782857
-196.6 -501.1 2373.2 0.9501844049 0.2852091491 0.1257193387 -0.1661104262 0.8046652675 -0.5700185895 -0.2637364864 0.5207394361 0.8119565845
89.0 -486.2 2754.7 0.9991682172 -0.0354127400 -0.0202190354 -0.0236141719 -0.0982405245 -0.9948824644 0.0332451873 0.9945324063 -0.0989950523
107.7 -434.5 2230.6 0.9991682172 0.0165039320 -0.0372892991 -0.0236141719 0.9796861410 -0.1991417706 0.0332451873 0.1998566836 0.9792609811
-60.5 -417.6 2412.2 0 0 0 0 0 0 0 0 0
11.2 -387.3 2470.7 0 0 0 0 0 0 0 0 0
-304.0 -804.0 2177.2 0 0 0 0 0 0 0 0 0
101.5 -803.4 2155.4 0 0 0 0 0 0 0 0 0
-41.7 94.9 2886.5 13 0.9942782521 -0.0935045034 -0.0516497679 0.0815107226 0.9766204953 -0.1989181489 0.0690419674 0.1935699731 0.9786540866
-22.4 -106.3 2846.6 0.9942782521 -0.0935045034 -0.0516497679 0.0815107226 0.9766204953 -0.1989181489 0.0690419674 0.1935699731 0.9786540866
-4.9 -295.9 2801.2 0.9948090911 -0.0896715671 -0.0481025614 0.0758730844 0.9686430097 -0.2365882099 0.0678094476 0.2317104042 0.9704185724
-164.1 -117.1 2836.9 -0.0772243291 -0.6723310351 -0.7362115383 0.6637650728 0.5163161755 -0.5411409736 0.7439437509 -0.5304607153 0.4063976705
-142.4 -303.7 2627.7 -0.2967635095 -0.6750820875 -0.6754224896 0.4571701586 0.5205323696 -0.7211390138 0.8384073377 -0.5227907896 0.1541523635
119.3 -95.4 2856.2 0.0237408020 0.6409326792 0.7672298551 -0.7534298301 0.5159016252 -0.4076628983 -0.6570996046 -0.5683756471 0.4951457083
125.3 -284.7 2691.2 -0.4323061109 0.6409326792 0.6342844367 -0.3692536950 0.5159016252 -0.7729794383 -0.8226561546 -0.5683756471 0.0136393495
-79.1 -492.5 2750.5 0.9460453391 0.2977791131 -0.1277723759 -0.1368472278 0.0097370427 -0.9905443192 -0.2937192917 0.9545851350 0.0499619320
-195.6 -496.3 2377.0 0.9460453391 0.2789759636 0.1648350805 -0.1368472278 0.8050853014 -0.5771572590 -0.2937192917 0.5234597325 0.7998242974
100.9 -478.6 2759.3 0.9997686148 -0.0133054536 -0.0169019625 -0.0179473143 -0.0828233510 -0.9964026213 0.0118577117 0.9964753985 -0.0830429867
107.9 -434.8 2232.2 0.9997686148 0.0150668500 -0.0153525714 -0.0179473143 0.9777007103 -0.2092347443 0.0118577117 0.2094618678 0.9777449369
-66.2 -421.1 2412.5 0 0 0 0 0 0 0 0 0
14.6 -379.2 2480.6 0 0 0 0 0 0 0 0 0
-300.6 -799.4 2179.9 0 0 0 0 0 0 0 0 0
102.2 -803.0 2153.3 0 0 0 0 0 0 0 0 0
-41.8 93.1 2885.9 14 0.9957181215 -0.0920830593 -0.0081305392 0.0887852684 0.9771222472 -0.1932597756 0.0257404819 0.1917103976 0.9811139107
-22.8 -108.3 2846.4 0.9957181215 -0.0920830593 -0.0081305392 0.0887852684 0.9771222472 -0.1932597756 0.0257404819 0.1917103976 0.9811139107
-5.4 -297.9 2800.6 0.9960133433 -0.0891042352 -0.0042275591 0.0856158808 0.9681776166 -0.2351637483 0.0250471141 0.2338642776 0.9719465971
-164.6 -120.5 2842.8 -0.0747463629 -0.6992651820 -0.7109438181 0.6488711834 0.5072586536 -0.5671461821 0.7572180033 -0.5037031174 0.4158173203
-143.6 -303.0 2629.8 -0.3181047142 -0.6927621961 -0.6472170949 0.4377668500 0.4982097745 -0.7484298348 0.8409337401 -0.5214092135 0.1447854340
119.0 -96.1 2849.9 0.0359423049 0.6406048536 0.7670290470 -0.7650603056 0.5114411116 -0.3912936747 -0.6429548264 -0.5727594495 0.5084837079
127.6 -278.6 2696.5 -0.4283845127 0.6406048536 0.6372692585 -0.3810040653 0.5114411116 -0.7702362537 -0.8193427920 -0.5727594495 0.0249795858
-77.2 -492.5 2749.8 0.9448854327 0.2969570160 -0.1378697008 -0.1504405290 0.0197865479 -0.9884210229 -0.2907905877 0.9546858072 0.0633703917
-193.4 -500.2 2376.0 0.9448854327 0.2913393974 0.1493749470 -0.1504405290 0.7915779948 -0.5922600031 -0.2907905877 0.5371457934 0.7917797565
102.6 -478.8 2762.0 0.9999340773 -0.0088202357 -0.0073501552 -0.0080514476 -0.0823036358 -0.9965747595 0.0081850803 0.9965682626 -0.0823692307
107.3 -434.9 2231.2 0.9999340773 0.0062177237 -0.0096520083 -0.0080514476 0.9790586829 -0.2034188509 0.0081850803 0.2034831494 0.9790442586
-61.9 -415.3 2414.0 0 0 0 0 0 0 0 0 0
17.9 -376.2 2486.7 0 0 0 0 0 0 0 0 0
-303.1 -798.3 2173.8 0 0 0 0 0 0 0 0 0
105.0 -803.7 2154.5 0 0 0 0 0 0 0 0 0
-39.8 95.0 2885.6 15 0.9966748953 -0.0809600353 0.0091997245 0.0812537447 0.9791114926 -0.1863826662 0.0060819909 0.1865104288 0.9824341536
-23.1 -106.4 2847.2 0.9966748953 -0.0809600353 0.0091997245 0.0812537447 0.9791114926 -0.1863826662 0.0060819909 0.1865104288 0.9824341536
-8.5 -296.6 2803.0 0.9971278310 -0.0747298151 0.0123115992 0.0755796060 0.9713378549 -0.2253675759 0.0048829545 0.2256507725 0.9741960168
-165.1 -117.2 2846.5 -0.0764216036 -0.7029320002 -0.7071395516 0.6525604725 0.5009642243 -0.5685065389 0.7538730502 -0.5048974752 0.4204211235
-143.6 -301.5 2633.5 -0.3101440370 -0.7006940246 -0.6425251365 0.4325680137 0.4978301227 -0.7516981363 0.8465787768 -0.5110705495 0.1486987621
118.8 -95.7 2847.9 0.0181416199 0.6845761538 0.7287155390 -0.7718535662 0.4728704989 -0.4250124693 -0.6355414987 -0.5547512770 0.5369711518
123.3 -285.1 2691.9 -0.4185653329 0.6845761538 0.5967901945 -0.3680660129 0.4728704989 -0.8005753756 -0.8302592635 -0.5547512770 0.0540420078
-77.9 -495.2 2752.5 0.9459269047 0.2960218489 -0.1326397359 -0.1375124604 -0.0043970509 -0.9904902577 -0.2937899828 0.9551710486 0.0365474075
-193.7 -493.5 2378.6 0.9459269047 0.2817952633 0.1606663018 -0.1375124604 0.7969528437 -0.5881806612 -0.2937899828 0.5342822671 0.7926095128
102.0 -479.8 2757.1 0.9999346137 -0.0093953134 -0.0065213828 -0.0072846464 -0.0836385861 -0.9964695573 0.0088167051 0.9964518547 -0.0837015584
106.9 -435.8 2232.9 0.9999346137 0.0053355652 -0.0101159327 -0.0072846464 0.9790061712 -0.2037003189 0.0088167051 0.2037606835 0.9789810181
-63.9 -412.6 2416.2 0 0 0 0 0 0 0 0 0
16.1 -379.4 2479.3 0 0 0 0 0 0 0 0 0
-299.9 -793.6 2177.4 0 0 0 0 0 0 0 0 0
104.9 -804.5 2156.2 0 0 0 0 0 0 0 0 0
-37.3 92.8 2885.9 16 0.9964093566 -0.0844240934 0.0064020497 0.0840054378 0.9763687253 -0.1991159022 0.0105594192 0.1989387572 0.9799550176
-19.8 -108.9 2844.8 0.9964093566 -0.0844240934 0.0064020497 0.0840054378 0.9763687253 -0.1991159022 0.0105594192 0.1989387572 0.9799550176
-4.1 -298.9 2800.1 0.9967509508 -0.0800522491 0.0088978289 0.0799624771 0.9702183008 -0.2286535949 0.0096713984 0.2286221832 0.9734671712
-161.8 -120.3 2843.4 -0.0594207086 -0.7041126490 -0.7075977325 0.6493327618 0.5111234188 -0.5631338954 0.7581794858 -0.4929282367 0.4268321097
-145.4 -299.8 2633.8 -0.3170142770 -0.6912864447 -0.6493265629 0.4509423375 0.4924366474 -0.7444173098 0.8343577981 -0.5287997723 0.1556208730
122.2 -97.5 2846.2 -0.0079924334 0.6818494201 0.7314488888 -0.7663512230 0.4657157958 -0.4425094724 -0.6423721313 -0.5640834570 0.5188139081
120.2 -288.4 2686.2 -0.4291840792 0.6818494201 0.5923532844 -0.3697570860 0.4657157958 -0.8039829135 -0.8240635395 -0.5640834570 0.0522408634
-83.9 -493.7 2758.4 0.9503152370 0.2799066603 -0.1362101734 -0.1421426535 0.0009048387 -0.9898457527 -0.2769411802 0.9600268006 0.0406465605
-193.5 -494.0 2382.5 0.9503152370 0.2784901261 0.1390834153 -0.1421426535 0.7857143283 -0.6020369530 -0.2769411802 0.5523551702 0.7862616181
96.2 -480.0 2759.3 0.9996068478 -0.0219983310 -0.0173835941 -0.0191837028 -0.0844556615 -0.9962425828 0.0204475317 0.9961843491 -0.0848444700
107.9 -435.2 2230.3 0.9996068478 0.0148181282 -0.0238020793 -0.0191837028 0.9805787206 -0.1951853931 0.0204475317 0.1955652833 0.9804775119
-64.0 -415.6 2419.6 0 0 0 0 0 0 0 0 0
10.3 -383.1 2475.2 0 0 0 0 0 0 0 0 0
-298.4 -789.9 2174.6 0 0 0 0 0 0 0 0 0
102.3 -804.5 2156.7 0 0 0 0 0 0 0 0 0
-37.8 91.4 2884.6 17 0.9963102341 -0.0854488537 -0.0080245044 0.0823405534 0.9780457616 -0.1914328188 0.0242060479 0.1900657415 0.9814729095
-20.2 -110.0 2845.5 0.9963102341 -0.0854488537 -0.0080245044 0.0823405534 0.9780457616 -0.1914328188 0.0242060479 0.1900657415 0.9814729095
-4.3 -300.1 2800.8 0.9966847301 -0.0812186003 -0.0048105097 0.0779631063 0.9702982903 -0.2290044427 0.0232670493 0.2278701812 0.9734134674
-162.2 -121.1 2842.1 -0.0360063463 -0.6972343922 -0.7159383893 0.6556525230 0.5241829157 -0.5434629917 0.7542037368 -0.4889749587 0.4382695854
-152.3 -301.3 2634.9 -0.3463828862 -0.6741883755 -0.6522951126 0.4457050264 0.4935712218 -0.7468162179 0.8254489303 -0.5494155884 0.1295245290
121.8 -98.9 2848.8 -0.0128895817 0.6877277493 0.7258542776 -0.7590385079 0.4658205807 -0.4548315108 -0.6509181261 -0.5568139553 0.5160076022
118.6 -289.9 2685.0 -0.4276671410 0.6877277493 0.5866271257 -0.3598191738 0.4658205807 -0.8084190488 -0.8292351961 -0.5568139553 0.0482414663
-78.5 -496.1 2754.4 0.9459892511 0.2900561094 -0.1448162198 -0.1490221471 -0.0076589664 -0.9888042212 -0.2879178524 0.9569789767 0.0359794870
-192.1 -493.1 2379.7 0.9459892511 0.2886978090 0.1475054324 -0.1490221471 0.7912917137 -0.5930007100 -0.2879178524 0.5389907360 0.7915758491
101.6 -481.7 2756.2 0.9996185899 -0.0136268660 -0.0240193624 -0.0251565333 -0.0905474126 -0.9955743551 0.0113916676 0.9957988858 -0.0908556879
108.8 -433.7 2228.9 0.9996185899 0.0225544274 -0.0159348380 -0.0251565333 0.9817444682 -0.1885337681 0.0113916676 0.1888627410 0.9819374084
-63.4 -415.7 2423.1 0 0 0 0 0 0 0 0 0
9.0 -382.0 2472.7 0 0 0 0 0 0 0 0 0
-300.8 -791.1 2176.7 0 0 0 0 0 0 0 0 0
100.3 -803.5 2157.8 0 0 0 0 0 0 0 0 0
-39.2 88.2 2885.9 18 0.9947752357 -0.0926854536 0.0427970029 0.0994715095 0.9743085504 -0.2020600140 -0.0229694638 0.2052613795 0.9784376025
-20.2 -110.8 2844.0 0.9947752357 -0.0926854536 0.0427970029 0.0994715095 0.9743085504 -0.2020600140 -0.0229694638 0.2052613795 0.9784376025
-2.2 -299.9 2796.5 0.9946446419 -0.0923940986 0.0463179052 0.1008406281 0.9657772183 -0.2389676422 -0.0226535778 0.2423586249 0.9699222445
-161.8 -125.2 2847.2 -0.0422621369 -0.7310963273 -0.6809641123 0.6301717162 0.5093936920 -0.5860048532 0.7753047943 -0.4538901150 0.4391881526
-149.9 -302.7 2628.8 -0.3467657566 -0.7000141740 -0.6242865324 0.4373522103 0.4681257606 -0.7678419948 0.8297448754 -0.5392944217 0.1438227445
121.3 -96.4 2840.8 -0.0122282477 0.7237064242 0.6899996400 -0.7808826566 0.4240977168 -0.4586539268 -0.6245580912 -0.5444172621 0.5599437952
118.3 -290.0 2686.0 -0.4099448621 0.7237064242 0.5551524758 -0.3704226017 0.4240977168 -0.8263947368 -0.8335060477 -0.5444172621 0.0942205265
-78.5 -497.2 2754.1 0.9461859465 0.2990107238 -0.1237929687 -0.1327410936 0.0097192777 -0.9911031127 -0.2951472998 0.9542002678 0.0488872565
-195.6 -501.0 2380.5 0.9461859465 0.2825128436 0.1578562856 -0.1327410936 0.7836548686 -0.6068482995 -0.2951472998 0.5532373190 0.7789843082
101.7 -483.1 2758.3 0.9995619059 -0.0152151594 -0.0253859777 -0.0267042350 -0.0938308463 -0.9952299595 0.0127605945 0.9954718947 -0.0941960514
109.8 -433.2 2229.5 0.9995619059 0.0239615124 -0.0173722450 -0.0267042350 0.9832464457 -0.1803143322 0.0127605945 0.1806992590 0.9834555984
-60.9 -415.0 2415.8 0 0 0 0 0 0 0 0 0
13.3 -384.8 2472.6 0 0 0 0 0 0 0 0 0
-301.9 -796.0 2172.1 0 0 0 0 0 0 0 0 0
100.7 -803.5 2161.4 0 0 0 0 0 0 0 0 0
-39.9 89.0 2885.6 19 0.9956203699 -0.0930157900 0.0093853362 0.0930078849 0.9753403664 -0.2001518458 0.0094633857 0.2001481652 0.9797199368
-20.8 -110.7 2844.6 0.9956203699 -0.0930157900 0.0093853362 0.0930078849 0.9753403664 -0.2001518458 0.0094633857 0.2001481652 0.9797199368
-3.1 -300.1 2798.3 0.9957988262 -0.0906710550 0.0127866575 0.0911209434 0.9674406052 -0.2361262441 0.0090394830 0.2362993509 0.9716382623
-162.6 -123.7 2843.3 -0.0433096141 -0.7114552855 -0.7013955116 0.6403406262 0.5191214681 -0.5661066175 0.7668690085 -0.4736499190 0.4330908060
-150.3 -304.7 2626.6 -0.3431560099 -0.6851915717 -0.6424612403 0.4451976120 0.4836321175 -0.7535907626 0.8270689249 -0.5446214080 0.1390843838
120.9 -97.7 2845.9 0.0086000022 0.6362901330 0.7714019418 -0.7622449994 0.5034838915 -0.4068002999 -0.6472314596 -0.5844987631 0.4893389344
123.1 -294.6 2678.7 -0.4486039579 0.6362901330 0.6276060939 -0.3749055862 0.5034838915 -0.7784277201 -0.8112954497 -0.5844987631 0.0126838479
-74.0 -498.2 2751.0 0.9438080788 0.3127135336 -0.1069418117 -0.1155020818 0.0089219203 -0.9932671785 -0.3096539676 0.9498055577 0.0445396453
-196.5 -501.7 2379.1 0.9438080788 0.2772147655 0.1799396425 -0.1155020818 0.7867949605 -0.6063109636 -0.3096539676 0.5514578223 0.7746022940
105.6 -479.9 2747.0 0.9996685982 -0.0087713199 -0.0242021270 -0.0249010753 -0.0910702050 -0.9955331087 0.0065280469 0.9958058596 -0.0912584364
110.1 -432.6 2230.0 0.9996685982 0.0231664367 -0.0112247588 -0.0249010753 0.9807973504 -0.1934335828 0.0065280469 0.1936489940 0.9810491800
-62.2 -419.0 2414.2 0 0 0 0 0 0 0 0 0
8.4 -390.5 2471.1 0 0 0 0 0 0 0 0 0
-300.9 -798.0 2171.4 0 0 0 0 0 0 0 0 0
101.4 -802.0 2157.0 0 0 0 0 0 0 0 0 0
-41.1 89.2 2884.9 20 0.9958224297 -0.0913078934 -0.0007222209 0.0893224701 0.9757496119 -0.1998353601 0.0189512540 0.1989360303 0.9798292518
-22.4 -110.9 2844.2 0.9958224297 -0.0913078934 -0.0007222209 0.0893224701 0.9757496119 -0.1998353601 0.0189512540 0.1989360303 0.9798292518
-4.8 -300.3 2797.5 0.9959449172 -0.0899178386 0.0029086480 0.0880092978 0.9670822024 -0.2387601137 0.0186558925 0.2380479276 0.9710742235
-164.2 -123.4 2841.5 -0.0619385205 -0.7046022415 -0.7068940997 0.6426187158 0.5137656331 -0.5684065819 0.7636784911 -0.4894696474 0.4209687114
-146.6 -305.9 2624.6 -0.2942580283 -0.6988138556 -0.6519750357 0.4426495433 0.5049472451 -0.7410058379 0.8470380902 -0.5066433549 0.1607448608
