201.4 -36.1 2788.3 3 0.9907578826 0.1006769612 0.0909010395 0.0005102065 0.6673815250 -0.7447158098 -0.1356413960 0.7378793955 0.6611621380
181.3 -169.2 2641.2 0.9907578826 0.1006769612 0.0909010395 0.0005102065 0.6673815250 -0.7447158098 -0.1356413960 0.7378793955 0.6611621380
160.5 -300.8 2493.6 0.9904065728 0.1047157198 0.0901634321 -0.0017635470 0.6620134115 -0.7494899035 -0.1381727755 0.7421407104 0.6558471322
41.9 -168.9 2660.6 0.2687773705 -0.3344927430 -0.9032570720 0.4857524633 0.8568527102 -0.1727656126 0.8317471147 -0.3923238516 0.3927833140
-29.8 -298.5 2438.7 -0.1881474257 -0.3348237276 -0.9233058095 0.3454556465 0.8574607968 -0.3813415170 0.9193807244 -0.3907096386 -0.0456622913
320.7 -169.4 2621.7 -0.0518685579 0.0610226467 0.9967877865 -0.4454012513 0.8919460773 -0.0777810812 -0.8938273787 -0.4480049014 -0.0190843958
306.6 -290.6 2378.6 -0.5111913085 0.0677969679 0.8567887545 -0.3454650342 0.8965988159 -0.2770641148 -0.7869798541 -0.4376233518 -0.4349120259
48.8 -432.2 2358.8 0.8059828281 0.3439249396 0.4817751348 0.2839697599 0.4894732535 -0.8244859576 -0.5193773508 0.8013311028 0.2968427539
-88.0 -626.8 2040.2 0.8059828281 0.3439249396 0.4817751348 0.2839697599 0.4894732535 -0.8244859576 -0.5193773508 0.8013311028 0.2968427539
231.8 -424.3 2344.1 0.9555445910 0.0052431761 0.2948000729 0.2704032362 0.3830157816 -0.8832785487 -0.1175442636 0.9237269163 0.3645708859
229.7 -577.6 1974.5 0.9539520144 -0.1505296528 0.2594540119 0.2787947655 0.7640916109 -0.5817537904 -0.1106754541 0.6272996068 0.7708736062
19.1 -388.3 2199.8 0 0 0 0 0 0 0 0 0
173.7 -380.4 2174.0 0 0 0 0 0 0 0 0 0
-219.4 -814.0 1733.8 0 0 0 0 0 0 0 0 0
287.2 -869.3 1735.0 0 0 0 0 0 0 0 0 0
201.8 -35.6 2782.5 4 0.9892404675 0.1065909192 0.1002082154 0.0025309450 0.6723850369 -0.7401972413 -0.1462768018 0.7324867249 0.6648806930
180.5 -169.8 2636.4 0.9892404675 0.1065909192 0.1002082154 0.0025309450 0.6723850369 -0.7401972413 -0.1462768018 0.7324867249 0.6648806930
158.4 -302.2 2489.8 0.9888117313 0.1113185957 0.0992951617 -0.0001026002 0.6661633253 -0.7458059192 -0.1491688639 0.7374514341 0.6587215066
41.4 -169.8 2657.4 0.2337133735 -0.3396129608 -0.9110659361 0.4771383703 0.8564932942 -0.1968711466 0.8471817970 -0.3886930943 0.3622162938
-23.6 -302.3 2422.1 -0.1751071960 -0.3368592262 -0.9251288176 0.3643083274 0.8507832885 -0.3787442446 0.9146676660 -0.4033529758 -0.0262576509
319.7 -169.8 2615.4 -0.0597792864 0.0541908480 0.9967395663 -0.4450565577 0.8923388124 -0.0752069652 -0.8935049772 -0.4481013119 -0.0292253867
303.1 -293.5 2367.0 -0.5322933197 0.0619795658 0.8442880511 -0.3405002356 0.8974128366 -0.2805526555 -0.7750634551 -0.4368166029 -0.4565828145
45.5 -434.6 2356.9 0.8043412566 0.3409179151 0.4866314232 0.2901100814 0.4894120693 -0.8223818541 -0.5185279846 0.8026523590 0.2947506011
-90.0 -629.2 2037.7 0.8043412566 0.3409179151 0.4866314232 0.2901100814 0.4894120693 -0.8223818541 -0.5185279846 0.8026523590 0.2947506011
227.6 -430.5 2334.9 0.9533208013 0.0306135211 0.3004035950 0.2689438760 0.3662400246 -0.8908072114 -0.1372905672 0.9300166965 0.3409108818
215.8 -571.8 1976.2 0.9517670870 -0.1321659684 0.2768963277 0.2782179713 0.7522552609 -0.5972493887 -0.1293606758 0.6454797983 0.7527427077
21.9 -397.0 2184.4 0 0 0 0 0 0 0 0 0
164.7 -382.0 2165.6 0 0 0 0 0 0 0 0 0
-220.3 -816.3 1730.9 0 0 0 0 0 0 0 0 0
266.3 -859.1 1729.6 0 0 0 0 0 0 0 0 0
201.2 -30.7 2779.2 5 0.9889252782 0.1065900251 0.1032733247 0.0023405552 0.6845573783 -0.7289552093 -0.1483958662 0.7211239338 0.6767266393
180.0 -167.1 2635.4 0.9889252782 0.1065900251 0.1032733247 0.0023405552 0.6845573783 -0.7289552093 -0.1483958662 0.7211239338 0.6767266393
158.2 -302.0 2491.1 0.9886604548 0.1098090261 0.1024329886 0.0006719648 0.6788790822 -0.7342497706 -0.1501668692 0.7259925008 0.6711071134
40.8 -167.2 2656.6 0.2504830360 -0.3433428109 -0.9051927924 0.4976415634 0.8476805687 -0.1838219315 0.8304283023 -0.4044172764 0.3831912577
-29.5 -306.9 2423.4 -0.2069655806 -0.3437501490 -0.9159700274 0.3497630358 0.8483694792 -0.3974104226 0.9136909246 -0.4026227593 -0.0553521812
319.1 -167.0 2614.3 -0.0639598072 0.0511422046 0.9966411591 -0.4544947743 0.8876103759 -0.0747147053 -0.8884501457 -0.4577469528 -0.0335275270
300.9 -296.5 2361.1 -0.5427781343 0.0621727183 0.8375717402 -0.3415538371 0.8947278261 -0.2877551913 -0.7672892809 -0.4422630668 -0.4644034207
45.6 -437.0 2360.6 0.8070729375 0.3400737643 0.4826832712 0.2901134193 0.4836051762 -0.8258088231 -0.5142640471 0.8065208197 0.2916446626
-89.6 -629.3 2039.9 0.8070729375 0.3400737643 0.4826832712 0.2901134193 0.4836051762 -0.8258088231 -0.5142640471 0.8065208197 0.2916446626
227.4 -434.9 2335.7 0.9521230459 0.0390484445 0.3032110333 0.2680461109 0.3703172207 -0.8893910646 -0.1470136046 0.9280842543 0.3421207666
212.6 -575.1 1984.3 0.9504740834 -0.1275721788 0.2834156156 0.2783534527 0.7550713420 -0.5936216116 -0.1382694095 0.6431116462 0.7531859279
24.3 -397.8 2186.1 0 0 0 0 0 0 0 0 0
159.8 -385.3 2161.7 0 0 0 0 0 0 0 0 0
-219.6 -814.2 1731.6 0 0 0 0 0 0 0 0 0
261.3 -863.6 1738.5 0 0 0 0 0 0 0 0 0
202.2 -31.3 2789.5 6 0.9891862273 0.1088740826 0.0982703567 -0.0006802553 0.6734312773 -0.7392495275 -0.1466634423 0.7311885953 0.6662229896
180.6 -165.1 2644.2 0.9891862273 0.1088740826 0.0982703567 -0.0006802553 0.6734312773 -0.7392495275 -0.1466634423 0.7311885953 0.6662229896
158.5 -298.6 2498.6 0.9889628291 0.1111087576 0.0980168879 -0.0020460538 0.6717231870 -0.7407994270 -0.1481495202 0.7324225903 0.6645365953
41.4 -164.8 2665.0 0.2575242221 -0.3378964663 -0.9052664042 0.4862730503 0.8549045920 -0.1807668507 0.8349968791 -0.3936548233 0.3844685853
-33.2 -305.7 2423.1 -0.2197607011 -0.3348649740 -0.9162808657 0.3489407301 0.8501220942 -0.3943764269 0.9110134840 -0.4063961804 -0.0699753985
319.8 -165.4 2623.3 -0.0646993443 0.0558083877 0.9963430166 -0.4451605082 0.8919706941 -0.0788694620 -0.8931103349 -0.4486353695 -0.0328662284
300.8 -296.1 2361.2 -0.5489145517 0.0606066659 0.8336784244 -0.3399441540 0.8949750066 -0.2888904512 -0.7636300325 -0.4419802725 -0.4706619084
45.7 -432.0 2366.6 0.8086392879 0.3357920349 0.4830591679 0.2905046046 0.4860965014 -0.8242070675 -0.5115755200 0.8068171144 0.2955276072
-87.8 -625.2 2045.8 0.8086392879 0.3357920349 0.4830591679 0.2905046046 0.4860965014 -0.8242070675 -0.5115755200 0.8068171144 0.2955276072
227.3 -431.3 2340.7 0.9534243345 0.0430680290 0.2985418141 0.2645769119 0.3558864892 -0.8962945342 -0.1448486447 0.9335362315 0.3279160261
211.2 -564.8 1990.5 0.9517480135 -0.1226419210 0.2813088894 0.2754056156 0.7457316518 -0.6066597104 -0.1353790313 0.6548612118 0.7435249090
23.9 -396.4 2186.4 0 0 0 0 0 0 0 0 0
158.1 -384.4 2162.7 0 0 0 0 0 0 0 0 0
-216.2 -811.1 1737.3 0 0 0 0 0 0 0 0 0
258.1 -849.8 1740.3 0 0 0 0 0 0 0 0 0
203.2 -27.1 2783.1 7 0.9888113141 0.1178705990 0.0914261416 -0.0159846768 0.6930866838 -0.7206770182 -0.1483128667 0.7111521363 0.6872160435
179.8 -164.8 2641.8 0.9888113141 0.1178705990 0.0914261416 -0.0159846768 0.6930866838 -0.7206770182 -0.1483128667 0.7111521363 0.6872160435
156.5 -301.0 2498.9 0.9889969230 0.1173201278 0.0901173130 -0.0148971453 0.6850473285 -0.7283462286 -0.1471842974 0.7189896703 0.6792573929
40.6 -162.7 2662.5 0.2664213181 -0.3319495618 -0.9048917890 0.5110613108 0.8446389437 -0.1593780816 0.8172123432 -0.4199934602 0.3946764171
-33.5 -304.9 2435.2 -0.2075843513 -0.3394781053 -0.9174221158 0.3338866234 0.8569414020 -0.3926464021 0.9194718599 -0.3878222108 -0.0645404235
319.0 -166.9 2621.1 -0.0571703166 0.0749588311 0.9955464602 -0.4455346167 0.8904595971 -0.0926317051 -0.8934374452 -0.4488461912 -0.0175111052
302.8 -292.7 2368.8 -0.5502309799 0.0749588311 0.8316411972 -0.3384539783 0.8904595971 -0.3041884899 -0.7633444667 -0.4488461912 -0.4645883441
42.4 -435.8 2369.4 0.8189082742 0.3302876949 0.4693604410 0.2824133635 0.4800446928 -0.8305418491 -0.4996317625 0.8126912713 0.2998349071
-88.9 -626.6 2046.3 0.8189082742 0.3302876949 0.4693604410 0.2824133635 0.4800446928 -0.8305418491 -0.4996317625 0.8126912713 0.2998349071
227.3 -429.5 2343.2 0.9566604495 0.0301587675 0.2896398604 0.2573160231 0.3781355321 -0.8892704844 -0.1363424212 0.9252588749 0.3539869785
215.7 -575.6 1985.9 0.9541327953 -0.1118497849 0.2777052522 0.2749920487 0.6941518188 -0.6652312875 -0.1183636263 0.7110857368 0.6930708289
20.4 -391.6 2196.2 0 0 0 0 0 0 0 0 0
159.8 -380.7 2170.4 0 0 0 0 0 0 0 0 0
-215.2 -810.2 1735.6 0 0 0 0 0 0 0 0 0
258.3 -840.2 1714.9 0 0 0 0 0 0 0 0 0
203.3 -28.3 2778.5 8 0.9846047759 0.1275385916 0.1195298061 -0.0025003066 0.6940329075 -0.7199389338 -0.1747776121 0.7085564733 0.6836670041
178.0 -166.1 2637.7 0.9846047759 0.1275385916 0.1195298061 -0.0025003066 0.6940329075 -0.7199389338 -0.1747776121 0.7085564733 0.6836670041
151.6 -302.6 2495.6 0.9840911627 0.1326884627 0.1181456298 -0.0052247304 0.6863197088 -0.7272812128 -0.1775874943 0.7150937319 0.6760944128
39.6 -165.4 2662.7 0.2752521932 -0.3605246842 -0.8912116289 0.4995439649 0.8456825018 -0.1878216416 0.8213964105 -0.3935010731 0.4128738940
-38.7 -307.5 2429.1 -0.2314543277 -0.3605246842 -0.9035766721 0.3275669515 0.8456825018 -0.4213324785 0.9160397053 -0.3935010731 -0.0776409060
316.4 -166.9 2612.8 -0.0551272482 0.1167209297 0.9916335940 -0.4603202343 0.8783340454 -0.1289752126 -0.8860396743 -0.4635790884 0.0053088693
301.1 -294.4 2367.2 -0.5592053533 0.1167209297 0.8207713366 -0.3276261985 0.8783340454 -0.3481241167 -0.7615447640 -0.4635790884 -0.4529282749
35.0 -438.5 2369.8 0.8122746348 0.3188256025 0.4884262085 0.3074985445 0.4774912894 -0.8230715394 -0.4956355393 0.8187504411 0.2898156643
-91.8 -628.4 2044.3 0.8122746348 0.3188256025 0.4884262085 0.3074985445 0.4774912894 -0.8230715394 -0.4956355393 0.8187504411 0.2898156643
217.2 -435.0 2337.6 0.9503965974 0.0397493504 0.3084903657 0.2741791010 0.3612701297 -0.8912405372 -0.1468745917 0.9316136241 0.3324514329
201.8 -575.4 1975.7 0.9490641952 -0.0911797434 0.3016014099 0.2847039104 0.6582432389 -0.6968927383 -0.1349845976 0.7472630739 0.6506743431
21.4 -392.6 2191.1 0 0 0 0 0 0 0 0 0
155.8 -379.6 2169.3 0 0 0 0 0 0 0 0 0
-213.6 -810.9 1731.3 0 0 0 0 0 0 0 0 0
236.5 -826.3 1690.9 0 0 0 0 0 0 0 0 0
204.1 -29.1 2779.6 9 0.9827286601 0.1326054186 0.1290742159 0.0026077358 0.6875084639 -0.7261717319 -0.1850339174 0.7139663696 0.6752884388
177.8 -165.5 2637.9 0.9827286601 0.1326054186 0.1290742159 0.0026077358 0.6875084639 -0.7261717319 -0.1850339174 0.7139663696 0.6752884388
150.4 -301.3 2495.3 0.9821379781 0.1377666593 0.1281615943 -0.0003857618 0.6825954318 -0.7307963371 -0.1881618947 0.7176933885 0.6704560518
39.7 -165.5 2664.4 0.2884599864 -0.3407733440 -0.8947985172 0.4998693764 0.8506590128 -0.1628183424 0.8166525960 -0.4003157914 0.4157232344
-42.8 -308.3 2431.1 -0.2447345257 -0.3407733440 -0.9077326655 0.3308568597 0.8506590128 -0.4085498154 0.9113938808 -0.4003157914 -0.0954384431
316.0 -165.6 2611.5 -0.0635584667 0.1167908013 0.9911206961 -0.4620976746 0.8768061996 -0.1329536438 -0.8845484853 -0.4664448798 -0.0017597025
297.9 -297.3 2359.3 -0.5734766126 0.1167908013 0.8108541965 -0.3239113092 0.8768061996 -0.3553764224 -0.7524666190 -0.4664448798 -0.4649979770
33.0 -436.9 2369.9 0.8080188036 0.3149827123 0.4978870451 0.3169530034 0.4799687564 -0.8180285692 -0.4966351092 0.8187893033 0.2879890501
-92.3 -627.8 2044.4 0.8080188036 0.3149827123 0.4978870451 0.3169530034 0.4799687564 -0.8180285692 -0.4966351092 0.8187893033 0.2879890501
214.0 -434.8 2335.6 0.9481817484 0.0405251160 0.3151334226 0.2823744714 0.3472084403 -0.8942655921 -0.1456571966 0.9369119406 0.3177734613
198.2 -570.0 1970.5 0.9472545385 -0.0836851299 0.3093633056 0.2899384201 0.6350551248 -0.7159893513 -0.1365450770 0.7679204345 0.6258223653
20.8 -394.3 2194.2 0 0 0 0 0 0 0 0 0
148.8 -381.5 2163.7 0 0 0 0 0 0 0 0 0
-212.7 -811.2 1731.4 0 0 0 0 0 0 0 0 0
230.2 -812.3 1677.5 0 0 0 0 0 0 0 0 0
204.2 -27.5 2780.2 0 0.9826152325 0.1312638074 0.1312901825 0.0045494786 0.6899406314 -0.7238516212 -0.1855979562 0.7118649483 0.6773490310
178.1 -164.8 2638.5 0.9826152325 0.1312638074 0.1312901825 0.0045494786 0.6899406314 -0.7238516212 -0.1855979562 0.7118649483 0.6773490310
150.7 -300.7 2496.0 0.9819082618 0.1376207918 0.1300639659 0.0009389010 0.6833243966 -0.7301142812 -0.1893547922 0.7170273662 0.6708326936
39.9 -165.0 2665.2 0.2825012803 -0.3593820632 -0.8894029260 0.5019304752 0.8454965353 -0.1822124422 0.8174709678 -0.3949431777 0.4192386866
-40.8 -308.2 2431.8 -0.2356686145 -0.3593820632 -0.9029422998 0.3272702694 0.8454965353 -0.4219357371 0.9150707722 -0.3949431777 -0.0816419348
316.2 -164.7 2611.9 -0.0658870339 0.1163992882 0.9910146594 -0.4620892704 0.8766980171 -0.1336939931 -0.8843824863 -0.4667459428 -0.0039761728
297.3 -297.6 2357.5 -0.5700274110 0.1163992882 0.8133387566 -0.3258680999 0.8766980171 -0.3538510501 -0.7542405128 -0.4667459428 -0.4618110955
33.3 -436.6 2370.8 0.8072535992 0.3150174618 0.4991047978 0.3182671666 0.4798147976 -0.8176085949 -0.4970388114 0.8188661337 0.2870725095
-92.0 -627.4 2045.3 0.8072535992 0.3150174618 0.4991047978 0.3182671666 0.4798147976 -0.8176085949 -0.4970388114 0.8188661337 0.2870725095
213.9 -435.3 2336.2 0.9477896690 0.0371254906 0.3167276382 0.2855098546 0.3436321318 -0.8946513534 -0.1420521587 0.9383702278 0.3150912821
199.4 -569.4 1970.0 0.9470107555 -0.0829244405 0.3103130758 0.2917606533 0.6261327267 -0.7230722308 -0.1343368143 0.7752943635 0.6171485186
20.5 -393.3 2194.0 0 0 0 0 0 0 0 0 0
149.1 -382.3 2161.5 0 0 0 0 0 0 0 0 0
-212.4 -810.8 1732.2 0 0 0 0 0 0 0 0 0
231.0 -808.6 1673.9 0 0 0 0 0 0 0 0 0
205.4 -32.9 2777.0 1 0.9802917838 0.1407002956 0.1386773884 0.0052495752 0.6831681728 -0.7302421927 -0.1974852830 0.7165784240 0.6689655781
177.4 -168.6 2634.6 0.9802917838 0.1407002956 0.1386773884 0.0052495752 0.6831681728 -0.7302421927 -0.1974852830 0.7165784240 0.6689655781
148.5 -303.7 2491.6 0.9797144532 0.1453936696 0.1379140168 0.0025001273 0.6792771220 -0.7338775992 -0.2003829926 0.7193353176 0.6651341319
39.5 -169.0 2662.8 0.2715999484 -0.3091517687 -0.9114047885 0.4847430587 0.8620516062 -0.1479568481 0.8314190507 -0.4016120732 0.3839923441
-38.5 -308.4 2423.8 -0.2381464988 -0.3091517687 -0.9207124710 0.3386704028 0.8620516062 -0.3770535886 0.9102684259 -0.4016120732 -0.1005940065
315.3 -168.3 2606.4 -0.0635720715 0.1283147186 0.9896938801 -0.4658910632 0.8731882572 -0.1431357414 -0.8825554252 -0.4701889455 0.0042702951
297.5 -298.4 2359.8 -0.5680144429 0.1283147186 0.8129544258 -0.3239336610 0.8731882572 -0.3641555905 -0.7565887570 -0.4701889455 -0.4544180632
29.7 -439.0 2367.0 0.8045722842 0.3114640713 0.5056219697 0.3261551261 0.4797584414 -0.8145272732 -0.4962723851 0.8202572465 0.2844147384
-94.1 -629.7 2040.9 0.8045722842 0.3114640713 0.5056219697 0.3261551261 0.4797584414 -0.8145272732 -0.4962723851 0.8202572465 0.2844147384
209.7 -437.9 2330.3 0.9461320043 0.0455670655 0.3205586970 0.2876606584 0.3361227214 -0.8968126178 -0.1486121863 0.9407152534 0.3049086332
191.9 -569.2 1962.9 0.9455068707 -0.0739771947 0.3170870245 0.2932028472 0.6169400811 -0.7303540707 -0.1415941566 0.7835255861 0.6050114036
23.4 -396.4 2187.1 0 0 0 0 0 0 0 0 0
149.9 -382.6 2163.2 0 0 0 0 0 0 0 0 0
-213.2 -813.1 1727.3 0 0 0 0 0 0 0 0 0
220.2 -804.9 1663.5 0 0 0 0 0 0 0 0 0
206.5 -31.3 2776.9 2 0.9810625315 0.1428334713 0.1308238506 -0.0030858025 0.6868650317 -0.7267784476 -0.1936666071 0.7126113772 0.6742983460
178.2 -167.7 2635.4 0.9810625315 0.1428334713 0.1308238506 -0.0030858025 0.6868650317 -0.7267784476 -0.1936666071 0.7126113772 0.6742983460
149.2 -303.5 2493.0 0.9807288647 0.1458319277 0.1300150454 -0.0046689599 0.6827726960 -0.7306159735 -0.1953178495 0.7159291506 0.6702957749
40.2 -167.1 2662.9 0.2715097070 -0.2927623987 -0.9168274999 0.4863614142 0.8637621403 -0.1317862123 0.8305029273 -0.4101282656 0.3769081235
-38.4 -307.8 2422.6 -0.2333550453 -0.2927623987 -0.9272732139 0.3514101207 0.8637621403 -0.3611453176 0.9066732526 -0.4101282656 -0.0986835808
316.2 -168.4 2607.9 -0.0741335303 0.1224700212 0.9896996021 -0.4611138105 0.8757572770 -0.1429100335 -0.8842388391 -0.4669585824 -0.0084503619
294.9 -300.7 2354.3 -0.5791360140 0.1224700212 0.8059792519 -0.3190293610 0.8757572770 -0.3623113036 -0.7502144575 -0.4669585824 -0.4681110382
30.2 -438.8 2368.6 0.8091841340 0.3118391931 0.4979732037 0.3183756173 0.4796104431 -0.8176862597 -0.4938197732 0.8202012777 0.2888111770
-93.8 -629.5 2042.5 0.8091841340 0.3118391931 0.4979732037 0.3183756173 0.4796104431 -0.8176862597 -0.4938197732 0.8202012777 0.2888111770
210.3 -439.4 2332.8 0.9486757517 0.0417650156 0.3134804368 0.2814517915 0.3405351937 -0.8971179724 -0.1442192644 0.9393036962 0.3113026321
193.9 -572.4 1965.8 0.9480788708 -0.0740907714 0.3092847168 0.2867433131 0.6197884679 -0.7305070758 -0.1375672668 0.7812635899 0.6088533401
22.3 -399.1 2187.0 0 0 0 0 0 0 0 0 0
144.4 -383.6 2159.2 0 0 0 0 0 0 0 0 0
-213.0 -812.9 1728.9 0 0 0 0 0 0 0 0 0
222.3 -809.3 1667.2 0 0 0 0 0 0 0 0 0
204.7 -32.0 2765.3 3 0.9802765250 0.1419966519 0.1374586374 -0.0011936076 0.6997736692 -0.7143636346 -0.1976271719 0.7001098394 0.6861411929
176.5 -171.0 2626.3 0.9802765250 0.1419966519 0.1374586374 -0.0011936076 0.6997736692 -0.7143636346 -0.1976271719 0.7001098394 0.6861411929
147.5 -307.6 2484.8 0.9800208807 0.1461259872 0.1349304616 -0.0024240988 0.6871271133 -0.7265331745 -0.1988797635 0.7116906047 0.6737531424
38.6 -170.7 2654.2 0.2816455662 -0.3839869797 -0.8793348670 0.5114151835 0.8354871869 -0.2010364830 0.8118684292 -0.3930841386 0.4316880405
-38.3 -310.3 2432.6 -0.2199498415 -0.3839869797 -0.8967586756 0.3306982517 0.8354871869 -0.4388619363 0.9177476168 -0.3930841386 -0.0567814596
314.4 -171.4 2598.3 -0.0672403499 0.1380498409 0.9881401658 -0.4679988921 0.8703074455 -0.1534339190 -0.8811672926 -0.4727654457 0.0060873930
296.0 -299.7 2356.6 -0.5783302188 0.1380498409 0.8040375710 -0.3166722953 0.8703074455 -0.3772049546 -0.7518329620 -0.4727654457 -0.4596085250
28.5 -444.0 2361.5 0.8075321317 0.3137820661 0.4994323850 0.3203171194 0.4776978791 -0.8180474639 -0.4952664077 0.8205763698 0.2852466106
-96.3 -634.0 2035.3 0.8075321317 0.3137820661 0.4994323850 0.3203171194 0.4776978791 -0.8180474639 -0.4952664077 0.8205763698 0.2852466106
208.4 -444.3 2325.1 0.9472151995 0.0435090847 0.3176324069 0.2840962410 0.3452112079 -0.8944934607 -0.1485688686 0.9375159740 0.3146285415
191.4 -579.2 1958.7 0.9466409087 -0.0732664913 0.3138518631 0.2892618179 0.6225753427 -0.7271365523 -0.1421217024 0.7791225314 0.6105484962
18.9 -396.2 2194.1 0 0 0 0 0 0 0 0 0
145.7 -382.0 2161.1 0 0 0 0 0 0 0 0 0
-216.2 -816.6 1721.5 0 0 0 0 0 0 0 0 0
219.4 -817.2 1660.8 0 0 0 0 0 0 0 0 0
203.8 -31.7 2760.1 4 0.9811727405 0.1358713508 0.1372554004 0.0026744290 0.7010540962 -0.7131030560 -0.1931137443 0.7000443935 0.6874917746
176.7 -171.2 2620.7 0.9811727405 0.1358713508 0.1372554004 0.0026744290 0.7010540962 -0.7131030560 -0.1931137443 0.7000443935 0.6874917746
148.6 -308.6 2479.8 0.9806473255 0.1414860338 0.1353238821 0.0000372232 0.6910596490 -0.7227976918 -0.1957826614 0.7088146806 0.6776805520
38.7 -171.2 2648.3 0.2833780646 -0.3688952923 -0.8852192760 0.5065745711 0.8413498402 -0.1884480566 0.8142966628 -0.3950275481 0.4252930582
-39.3 -310.7 2424.1 -0.2308598012 -0.3688952923 -0.9003443718 0.3287458420 0.8413498402 -0.4290182590 0.9157673717 -0.3950275481 -0.0729610622
314.7 -171.2 2593.2 -0.0830873325 0.1544527113 0.9845002890 -0.4753856361 0.8621209860 -0.1753736883 -0.8758453131 -0.4825886190 0.0017932679
291.6 -303.7 2349.1 -0.5797331333 0.1544527113 0.8000336885 -0.3164405525 0.8621209860 -0.3957433403 -0.7508494258 -0.4825886190 -0.4509249628
30.5 -446.0 2356.9 0.8055044413 0.3201068342 0.4986925423 0.3169679344 0.4783046246 -0.8189969659 -0.5006935000 0.8177751899 0.2838128805
-96.8 -636.2 2031.7 0.8055044413 0.3201068342 0.4986925423 0.3169679344 0.4783046246 -0.8189969659 -0.5006935000 0.8177751899 0.2838128805
210.5 -445.9 2321.0 0.9467004538 0.0390870869 0.3197350204 0.2868000567 0.3496014178 -0.8919218183 -0.1466424316 0.9360828400 0.3197576106
195.2 -582.6 1955.1 0.9460965991 -0.0778512657 0.3143889904 0.2919144332 0.6254756451 -0.7235787511 -0.1403111219 0.7763500810 0.6144862771
20.7 -396.1 2186.1 0 0 0 0 0 0 0 0 0
140.9 -385.9 2153.9 0 0 0 0 0 0 0 0 0
-219.2 -819.0 1719.1 0 0 0 0 0 0 0 0 0
225.0 -821.7 1658.3 0 0 0 0 0 0 0 0 0
204.5 -31.8 2756.9 5 0.9777399302 0.1416388452 0.1548001617 0.0101002585 0.7051470280 -0.7089892030 -0.2095772922 0.6947705150 0.6880198121
176.3 -172.0 2618.8 0.9777399302 0.1416388452 0.1548001617 0.0101002585 0.7051470280 -0.7089892030 -0.2095772922 0.6947705150 0.6880198121
147.6 -310.5 2479.1 0.9776093364 0.1443700343 0.1530922502 0.0094603654 0.6966384649 -0.7173599601 -0.2102152258 0.7027461529 0.6796745062
38.7 -173.3 2648.4 0.2855496705 -0.3835274875 -0.8782756329 0.5115489960 0.8359569311 -0.1987301111 0.8104190230 -0.3925336897 0.4349003136
-40.1 -314.6 2424.6 -0.2425885648 -0.3835274875 -0.8910990357 0.3189205527 0.8359569311 -0.4466158450 0.9162098169 -0.3925336897 -0.0804787949
313.9 -170.7 2589.2 -0.0881480798 0.1584707201 0.9834210277 -0.4803048074 0.8581517935 -0.1813362390 -0.8726609945 -0.4883263111 0.0004698197
289.2 -304.9 2345.3 -0.5861405134 0.1584707201 0.7945604324 -0.3162360191 0.8581517935 -0.4044382870 -0.7459450960 -0.4883263111 -0.4528833628
29.2 -449.9 2358.7 0.8002115488 0.3165344000 0.5093794465 0.3311289251 0.4749585390 -0.8153330684 -0.5000150800 0.8211092353 0.2752536237
-96.6 -638.7 2032.2 0.8002115488 0.3165344000 0.5093794465 0.3311289251 0.4749585390 -0.8153330684 -0.5000150800 0.8211092353 0.2752536237
208.6 -448.1 2320.1 0.9412871003 0.0488620922 0.3340524733 0.2961861789 0.3553519845 -0.8865656853 -0.1620256603 0.9334545732 0.3200159669
189.5 -587.0 1955.2 0.9407246113 -0.0732305422 0.3311714232 0.3012915850 0.6288273931 -0.7167980671 -0.1557581574 0.7740887403 0.6136171222
22.9 -397.4 2186.5 0 0 0 0 0 0 0 0 0
136.9 -387.1 2151.4 0 0 0 0 0 0 0 0 0
-217.6 -820.3 1718.3 0 0 0 0 0 0 0 0 0
217.5 -827.4 1659.3 0 0 0 0 0 0 0 0 0
205.5 -30.6 2766.3 6 0.9835000038 0.1361239254 0.1191556603 -0.0099443505 0.6983354092 -0.7157015800 -0.1806347221 0.7027075291 0.6881665587
178.4 -169.4 2626.7 0.9835000038 0.1361239254 0.1191556603 -0.0099443505 0.6983354092 -0.7157015800 -0.1806347221 0.7027075291 0.6881665587
150.3 -306.1 2485.1 0.9829979539 0.1414666921 0.1170561761 -0.0124503169 0.6873896122 -0.7261821032 -0.1831937879 0.7123781443 0.6774639487
40.2 -167.6 2652.5 0.2860450447 -0.3710749745 -0.8834486604 0.5132172108 0.8379110694 -0.1857771724 0.8091887236 -0.4002604187 0.4301223755
-40.5 -312.4 2424.3 -0.2373002619 -0.3710749745 -0.8977705240 0.3311581016 0.8379110694 -0.4338655770 0.9132485390 -0.4002604187 -0.0759520307
316.7 -171.2 2600.9 -0.0897876993 0.1089230105 0.9899868369 -0.4594298303 0.8773961663 -0.1382036358 -0.8836641908 -0.4672384858 -0.0287368968
290.4 -305.5 2342.6 -0.5922013521 0.1089230105 0.7983942628 -0.3202440739 0.8773961663 -0.3572390676 -0.7394195795 -0.4672384858 -0.4847132266
32.1 -441.6 2360.3 0.8130165935 0.3189188540 0.4871290922 0.3029736578 0.4827234745 -0.8216964006 -0.4972031415 0.8156400919 0.2958382070
-94.7 -633.5 2036.0 0.8130165935 0.3189188540 0.4871290922 0.3029736578 0.4827234745 -0.8216964006 -0.4972031415 0.8156400919 0.2958382070
212.4 -443.9 2326.7 0.9522177577 0.0312971734 0.3038122058 0.2747245133 0.3468562663 -0.8967815638 -0.1334459037 0.9373959899 0.3216845989
200.2 -579.4 1960.3 0.9516047835 -0.0796630383 0.2968200147 0.2797802091 0.6242050529 -0.7294457555 -0.1271666884 0.7771884203 0.6162846088
21.2 -398.4 2186.9 0 0 0 0 0 0 0 0 0
136.5 -388.7 2150.4 0 0 0 0 0 0 0 0 0
-216.6 -818.0 1724.2 0 0 0 0 0 0 0 0 0
230.6 -818.1 1663.2 0 0 0 0 0 0 0 0 0
206.0 -24.9 2762.6 7 0.9841814637 0.1346813440 0.1150990278 -0.0145048685 0.7087523341 -0.7053082585 -0.1765685678 0.6924818158 0.6994944215
179.1 -166.1 2624.6 0.9841814637 0.1346813440 0.1150990278 -0.0145048685 0.7087523341 -0.7053082585 -0.1765685678 0.6924818158 0.6994944215
151.2 -304.5 2484.6 0.9836265445 0.1407119781 0.1126009598 -0.0173350312 0.6957769990 -0.7180486321 -0.1793832034 0.7043397427 0.6868239641
40.8 -163.7 2649.8 0.3067880869 -0.4132673144 -0.8573746085 0.5337265134 0.8205488920 -0.2045373321 0.7880463600 -0.3948539197 0.4723063409
-44.1 -311.2 2431.9 -0.2459385246 -0.4132673144 -0.8767693043 0.3169239759 0.8205488920 -0.4756665826 0.9160095453 -0.3948539197 -0.0708302632
317.5 -168.6 2599.3 -0.0801676884 0.1254726946 0.9888527393 -0.4695813060 0.8703107834 -0.1485008597 -0.8792420030 -0.4762517512 -0.0108511774
294.9 -301.0 2351.4 -0.5783529282 0.1254726946 0.8060797453 -0.3258709013 0.8703107834 -0.3692793846 -0.7478743792 -0.4762517512 -0.4624588788
33.0 -441.2 2361.0 0.8168059587 0.3200333416 0.4800069630 0.2963876128 0.4810458720 -0.8250753284 -0.4949569702 0.8161945343 0.2980672121
-94.2 -632.4 2036.5 0.8168059587 0.3200333416 0.4800069630 0.2963876128 0.4810458720 -0.8250753284 -0.4949569702 0.8161945343 0.2980672121
213.5 -444.4 2328.1 0.9534413218 0.0288737733 0.3001931608 0.2705080211 0.3581734002 -0.8936091065 -0.1333230734 0.9332085252 0.3336867392
202.2 -584.3 1963.4 0.9528208971 -0.0807400495 0.2925977409 0.2756315768 0.6338675618 -0.7226611376 -0.1271205097 0.7692158222 0.6262167096
19.9 -393.6 2193.8 0 0 0 0 0 0 0 0 0
144.6 -385.7 2157.0 0 0 0 0 0 0 0 0 0
-216.6 -816.4 1724.4 0 0 0 0 0 0 0 0 0
233.0 -826.7 1669.3 0 0 0 0 0 0 0 0 0
205.6 -21.8 2758.7 8 0.9833079576 0.1331422925 0.1240102574 -0.0094930753 0.7181796432 -0.6957929730 -0.1817011237 0.6830015779 0.7074556947
179.1 -165.0 2622.5 0.9833079576 0.1331422925 0.1240102574 -0.0094930753 0.7181796432 -0.6957929730 -0.1817011237 0.6830015779 0.7074556947
151.3 -304.9 2484.0 0.9827188849 0.1399164945 0.1211898029 -0.0125604374 0.7036065459 -0.7104787827 -0.1846776456 0.6966786981 0.6932048202
40.8 -163.2 2648.5 0.3091457486 -0.3997376263 -0.8629245162 0.5318697691 0.8248737454 -0.1915669292 0.7883802652 -0.3997413516 0.4676145613
-45.9 -312.4 2427.4 -0.2614118755 -0.3997376263 -0.8785634041 0.3153997660 0.8248737454 -0.4691548944 0.9122427702 -0.3997413516 -0.0895546302
317.4 -166.8 2596.5 -0.0836501718 0.1481613070 0.9854191542 -0.4817174971 0.8596507311 -0.1701435745 -0.8723250031 -0.4889261723 -0.0005380441
293.9 -302.1 2351.5 -0.5733820796 0.1481613070 0.8057798743 -0.3281401992 0.8596507311 -0.3915668130 -0.7507043481 -0.4889261723 -0.4442906380
33.3 -443.6 2362.5 0.8156918287 0.3183030188 0.4830424786 0.3024112582 0.4772013128 -0.8251219988 -0.4931473434 0.8191227913 0.2929908037
-93.2 -633.3 2036.8 0.8156918287 0.3183030188 0.4830424786 0.3024112582 0.4772013128 -0.8251219988 -0.4931473434 0.8191227913 0.2929908037
213.7 -445.9 2328.6 0.9508597851 0.0315819569 0.3080068231 0.2755337358 0.3674567640 -0.8882886171 -0.1412330866 0.9295042157 0.3406979740
201.3 -589.5 1965.3 0.9502391815 -0.0807752162 0.3008669019 0.2807118297 0.6408036947 -0.7145428658 -0.1350792795 0.7634435296 0.6315913200
22.1 -394.4 2190.3 0 0 0 0 0 0 0 0 0
144.8 -387.4 2156.3 0 0 0 0 0 0 0 0 0
-214.9 -815.8 1723.6 0 0 0 0 0 0 0 0 0
232.2 -834.5 1673.4 0 0 0 0 0 0 0 0 0
205.3 -20.9 2756.7 9 0.9831089973 0.1364351660 0.1219924688 -0.0148948627 0.7239810824 -0.6896589994 -0.1824139655 0.6761928797 0.7137845159
178.2 -165.0 2622.1 0.9831089973 0.1364351660 0.1219924688 -0.0148948627 0.7239810824 -0.6896589994 -0.1824139655 0.6761928797 0.7137845159
150.1 -306.7 2485.6 0.9826983213 0.1412747204 0.1197723448 -0.0170194227 0.7128152847 -0.7011452913 -0.1844296604 0.6869758964 0.7028868198
39.9 -162.6 2648.1 0.2932088971 -0.4225077331 -0.8576221466 0.5389308929 0.8139840364 -0.2167565674 0.7896720767 -0.3986441493 0.4663698375
-41.6 -312.4 2428.5 -0.2304658294 -0.4225077331 -0.8765687346 0.3288893700 0.8139840364 -0.4788128138 0.9158151150 -0.3986441493 -0.0486372039
316.5 -167.4 2596.2 -0.0834029838 0.1261794269 0.9884951711 -0.4772148132 0.8657554388 -0.1507763267 -0.8748199344 -0.4842997491 -0.0119918976
292.9 -302.5 2348.5 -0.5760270953 0.1261794269 0.8076332808 -0.3335211575 0.8657554388 -0.3731368482 -0.7462951541 -0.4842997491 -0.4566150904
31.9 -446.8 2365.9 0.8205346465 0.3164312840 0.4760189950 0.3004002869 0.4697826505 -0.8300987482 -0.4862946868 0.8241210580 0.2904168963
-94.0 -633.6 2038.3 0.8205346465 0.3164312840 0.4760189950 0.3004002869 0.4697826505 -0.8300987482 -0.4862946868 0.8241210580 0.2904168963
213.8 -446.6 2328.8 0.9518753290 0.0159944706 0.3060679436 0.2790184617 0.3679852486 -0.8869811296 -0.1268152893 0.9296940565 0.3458133042
207.4 -591.7 1962.4 0.9490719438 -0.1233794019 0.2898964584 0.2958500683 0.6653778553 -0.6853795052 -0.1083289757 0.7362403274 0.6679932475
18.2 -397.9 2190.6 0 0 0 0 0 0 0 0 0
143.1 -389.2 2154.5 0 0 0 0 0 0 0 0 0
-214.9 -813.2 1723.2 0 0 0 0 0 0 0 0 0
254.5 -845.7 1681.3 0 0 0 0 0 0 0 0 0
203.3 -20.1 2758.8 0 0.9847269654 0.1234258264 0.1227961555 -0.0044584358 0.7229412198 -0.6908951998 -0.1740487069 0.6797956228 0.7124499679
178.7 -164.1 2623.3 0.9847269654 0.1234258264 0.1227961555 -0.0044584358 0.7229412198 -0.6908951998 -0.1740487069 0.6797956228 0.7124499679
153.5 -305.6 2485.9 0.9845154285 0.1271026731 0.1207241714 -0.0056695933 0.7114064693 -0.7027578950 -0.1752063632 0.6911915541 0.7011112571
40.2 -163.3 2647.9 0.2722823024 -0.4247759283 -0.8633815646 0.5274969935 0.8163297176 -0.2352715731 0.8047417402 -0.3913708925 0.4463401735
-35.1 -309.2 2425.4 -0.2010092437 -0.4218245745 -0.8841149807 0.3519591093 0.8111701012 -0.4670416415 0.9141772389 -0.4050520062 -0.0145876892
317.3 -164.9 2598.6 -0.0868140608 0.1407023966 0.9862383604 -0.4818317294 0.8605533838 -0.1651849002 -0.8719527125 -0.4895413220 -0.0069132550
292.4 -303.0 2348.9 -0.5727268457 0.1407023966 0.8075808287 -0.3325815201 0.8605533838 -0.3857945204 -0.7492486238 -0.4895413220 -0.4460669756
37.9 -446.4 2364.6 0.8143439293 0.3273519576 0.4792542458 0.3001874089 0.4691561460 -0.8305299282 -0.4967206717 0.8202031255 0.2837875485
-92.3 -633.0 2038.5 0.8143439293 0.3273519576 0.4792542458 0.3001874089 0.4691561460 -0.8305299282 -0.4967206717 0.8202031255 0.2837875485
219.3 -445.8 2330.8 0.9499119520 -0.0085852947 0.3123996556 0.2957518995 0.3477089405 -0.8897355199 -0.1009855196 0.9375632405 0.3328320086
222.7 -584.1 1958.1 0.9458886385 -0.1592901200 0.2827035785 0.3142189980 0.6671061516 -0.6754522920 -0.0810004175 0.7277334929 0.6810601354
17.1 -400.6 2188.0 0 0 0 0 0 0 0 0 0
143.5 -389.4 2154.1 0 0 0 0 0 0 0 0 0
-217.4 -812.3 1724.9 0 0 0 0 0 0 0 0 0
283.5 -838.7 1680.2 0 0 0 0 0 0 0 0 0
201.1 -17.8 2759.3 1 0.9862390757 0.1115103066 0.1220570058 0.0021490287 0.7295745015 -0.6838979721 -0.1653113514 0.6747491956 0.7192952633
178.8 -163.3 2624.7 0.9862390757 0.1115103066 0.1220570058 0.0021490287 0.7295745015 -0.6838979721 -0.1653113514 0.6747491956 0.7192952633
155.7 -306.1 2488.4 0.9858788848 0.1165684238 0.1202272698 -0.0001378281 0.7185115218 -0.6955150366 -0.1674597710 0.6856770515 0.7083814144
40.1 -163.3 2648.3 0.2829622030 -0.4294927418 -0.8575945497 0.5397453308 0.8104260564 -0.2277819663 0.7928476334 -0.3984289467 0.4611366391
-37.7 -311.7 2430.2 -0.2033679038 -0.4294927418 -0.8798735738 0.3430632353 0.8104260564 -0.4748865962 0.9170327783 -0.3984289467 -0.0174714718
317.6 -163.3 2601.1 -0.0850158408 0.1567039788 0.9839797616 -0.4839345217 0.8567569852 -0.1782550067 -0.8709647655 -0.4913362861 0.0029965478
293.1 -302.5 2350.6 -0.5676823854 0.1567039788 0.8081958890 -0.3289584517 0.8567569852 -0.3971823454 -0.7546675205 -0.4913362861 -0.4348167181
42.1 -448.9 2367.5 0.8136914968 0.3339233398 0.4758164585 0.2981464565 0.4629375935 -0.8347439766 -0.4990138412 0.8210870624 0.2771303356
-90.7 -633.0 2041.0 0.8136914968 0.3339233398 0.4758164585 0.2981464565 0.4629375935 -0.8347439766 -0.4990138412 0.8210870624 0.2771303356
223.3 -448.1 2336.0 0.9483603835 -0.0243141428 0.3162616193 0.3045982420 0.3480000496 -0.8866317272 -0.0885013640 0.9371791482 0.3374355137
233.1 -587.1 1961.6 0.9435362220 -0.1806236356 0.2776949108 0.3242418170 0.6752963662 -0.6624515653 -0.0678719431 0.7150873542 0.6957322955
15.1 -400.8 2192.0 0 0 0 0 0 0 0 0 0
145.6 -388.0 2154.4 0 0 0 0 0 0 0 0 0
-218.4 -809.9 1727.1 0 0 0 0 0 0 0 0 0
302.0 -845.0 1688.5 0 0 0 0 0 0 0 0 0
200.2 -11.7 2757.5 2 0.9904002547 0.1067732871 0.0877881274 -0.0204834770 0.7414445281 -0.6707015038 -0.1367030293 0.6624647379 0.7365139127
178.8 -159.9 2625.1 0.9904002547 0.1067732871 0.0877881274 -0.0204834770 0.7414445281 -0.6707015038 -0.1367030293 0.6624647379 0.7365139127
156.6 -304.1 2490.2 0.9900863767 0.1116144210 0.0852710977 -0.0225922279 0.7257273197 -0.6876114011 -0.1386309117 0.6788682342 0.7210543752
39.6 -156.7 2644.6 0.2760182619 -0.4857646823 -0.8293651938 0.5645002723 0.7803136706 -0.2691654265 0.7779160142 -0.3938823044 0.4895951152
-36.2 -311.7 2431.0 -0.1951981932 -0.4857646823 -0.8520154357 0.3423991799 0.7803136706 -0.5233291388 0.9190540910 -0.3938823044 0.0140096107
318.1 -163.0 2605.6 -0.0822918937 0.1334678084 0.9876306653 -0.4781291783 0.8642107248 -0.1566278487 -0.8744258285 -0.4851042330 -0.0073026926
294.2 -301.5 2352.4 -0.5762996674 0.1334678084 0.8062661290 -0.3305383325 0.8642107248 -0.3793207109 -0.7474109530 -0.4851042330 -0.4539281130
43.6 -446.3 2368.0 0.8292806745 0.3333688974 0.4485073090 0.2679353356 0.4671279788 -0.8426162601 -0.4904123247 0.8189362884 0.2980588675
-89.0 -632.1 2042.3 0.8292806745 0.3333688974 0.4485073090 0.2679353356 0.4671279788 -0.8426162601 -0.4904123247 0.8189362884 0.2980588675
225.3 -450.0 2342.1 0.9564581513 -0.0470770411 0.2880478203 0.2853511274 0.3582350612 -0.8889557719 -0.0613394231 0.9324437976 0.3560703397
244.2 -593.4 1968.9 0.9512391090 -0.1919997782 0.2414130270 0.3057279587 0.6907041669 -0.6553305984 -0.0409216508 0.6971828341 0.7157244682
14.5 -400.7 2192.1 0 0 0 0 0 0 0 0 0
144.4 -387.4 2158.1 0 0 0 0 0 0 0 0 0
-216.4 -810.7 1729.3 0 0 0 0 0 0 0 0 0
317.5 -857.3 1702.6 0 0 0 0 0 0 0 0 0
199.9 -7.3 2758.2 3 0.9904748797 0.0963447168 0.0983726308 -0.0060576703 0.7442301512 -0.6678957939 -0.1375601143 0.6609381437 0.7377249002
180.6 -156.2 2625.9 0.9904748797 0.0963447168 0.0983726308 -0.0060576703 0.7442301512 -0.6678957939 -0.1375601143 0.6609381437 0.7377249002
160.0 -301.2 2491.5 0.9899291992 0.1038666740 0.0961868241 -0.0100743221 0.7294269800 -0.6839844584 -0.1412044615 0.6761271954 0.7231274843
41.4 -154.8 2645.8 0.2690681815 -0.4298355877 -0.8618838191 0.5486881137 0.8038773537 -0.2296139896 0.7915451527 -0.4111235738 0.4521434903
-35.1 -310.8 2420.7 -0.2065414637 -0.4298355877 -0.8789664507 0.3557185531 0.8038773537 -0.4767027497 0.9114850163 -0.4111235738 -0.0131335035
319.9 -157.6 2606.1 -0.0834721923 0.1522409618 0.9848122001 -0.4935305715 0.8522315621 -0.1735768914 -0.8657135963 -0.5005237460 0.0039979285
295.9 -299.6 2356.9 -0.5693883300 0.1522409618 0.8078487515 -0.3383136690 0.8522315621 -0.3990553916 -0.7492268085 -0.5005237460 -0.4337455034
48.5 -445.2 2370.1 0.8220840096 0.3410625160 0.4559103847 0.2738814950 0.4651260078 -0.8418115973 -0.4991661608 0.8169052601 0.2889619172
-87.1 -630.2 2045.3 0.8220840096 0.3410625160 0.4559103847 0.2738814950 0.4651260078 -0.8418115973 -0.4991661608 0.8169052601 0.2889619172
230.2 -446.9 2344.0 0.9523596168 -0.0508028306 0.3007161617 0.2984240353 0.3585413694 -0.8845288157 -0.0628826171 0.9321304560 0.3566211164
250.6 -590.6 1970.4 0.9467409253 -0.2020860314 0.2506848276 0.3192255795 0.6909783483 -0.6485707164 -0.0421507023 0.6940534115 0.7186884880
18.5 -403.2 2183.8 0 0 0 0 0 0 0 0 0
147.9 -387.6 2162.1 0 0 0 0 0 0 0 0 0
-217.5 -808.0 1733.0 0 0 0 0 0 0 0 0 0
327.8 -854.6 1705.1 0 0 0 0 0 0 0 0 0
200.2 -7.0 2756.5 4 0.9927704930 0.0829248354 0.0867765024 -0.0048706005 0.7502065897 -0.6611855626 -0.1199290082 0.6559828520 0.7451869249
183.6 -156.9 2625.4 0.9927704930 0.0829248354 0.0867765024 -0.0048706005 0.7502065897 -0.6611855626 -0.1199290082 0.6559828520 0.7451869249
165.5 -303.8 2492.7 0.9921888709 0.0910343006 0.0852879956 -0.0098492149 0.7387332916 -0.6739258766 -0.1243554503 0.6678217649 0.7338595390
44.0 -155.5 2642.9 0.2735572159 -0.4424698055 -0.8540415168 0.5510124564 0.7998657823 -0.2379076481 0.7883855104 -0.4055061638 0.4626154006
-31.4 -307.4 2425.6 -0.1932409108 -0.4424698055 -0.8757159710 0.3565155268 0.7998657823 -0.4828161597 0.9140867591 -0.4055061638 0.0031805641
323.2 -158.3 2607.9 -0.0911018848 0.1597838998 0.9829392433 -0.4927954674 0.8504844308 -0.1839262396 -0.8653630018 -0.5011440516 0.0012600395
297.2 -299.1 2360.7 -0.5687759519 0.1634587646 0.8060863018 -0.3295886517 0.8526297212 -0.4054552019 -0.7535683513 -0.4962900579 -0.4310811162
56.4 -449.7 2371.4 0.8239544630 0.3531497717 0.4431527257 0.2607454956 0.4580490589 -0.8498252034 -0.5031012297 0.8157672882 0.2853293419
-84.0 -631.8 2047.0 0.8239544630 0.3531497717 0.4431527257 0.2607454956 0.4580490589 -0.8498252034 -0.5031012297 0.8157672882 0.2853293419
238.4 -451.4 2348.4 0.9550436139 -0.0125310877 0.2962003648 0.2772694528 0.3914233148 -0.8774448037 -0.1049443856 0.9201254249 0.3773008287
243.4 -607.4 1981.6 0.9538977742 -0.0898860320 0.2863556743 0.2851252854 0.5693139434 -0.7710934877 -0.0937157422 0.8171916008 0.5686960816
18.8 -400.1 2188.0 0 0 0 0 0 0 0 0 0
149.3 -384.7 2164.8 0 0 0 0 0 0 0 0 0
-219.0 -806.9 1735.2 0 0 0 0 0 0 0 0 0
277.1 -820.4 1675.9 0 0 0 0 0 0 0 0 0
199.8 -6.6 2756.1 5 0.9913816452 0.0935344994 0.0917261094 -0.0091410642 0.7478537560 -0.6638005972 -0.1306859702 0.6572412252 0.7422634959
181.1 -156.1 2624.7 0.9913816452 0.0935344994 0.0917261094 -0.0091410642 0.7478537560 -0.6638005972 -0.1306859702 0.6572412252 0.7422634959
161.1 -302.4 2491.6 0.9908216000 0.1008512899 0.0900090635 -0.0134164691 0.7359460592 -0.6769071817 -0.1345087886 0.6694866419 0.7305443287
41.7 -154.3 2643.6 0.2641427219 -0.4474264085 -0.8544227481 0.5553993583 0.7948229313 -0.2445160449 0.7885177135 -0.4099587202 0.4584470391
-32.2 -309.5 2423.1 -0.1904491931 -0.4479830563 -0.8735217452 0.3601641059 0.7958753705 -0.4866869450 0.9132419825 -0.4073003232 0.0097735962
320.5 -158.0 2605.8 -0.0797925442 0.1561020166 0.9845127463 -0.4959408939 0.8505287766 -0.1750527322 -0.8646824956 -0.5022280216 0.0095515214
297.9 -298.5 2360.9 -0.5616363287 0.1561020166 0.8125249743 -0.3418345451 0.8505287766 -0.3996873498 -0.7534678578 -0.5022280216 -0.4243267775
50.1 -447.5 2370.9 0.8253213763 0.3440481126 0.4477449656 0.2663131654 0.4620444477 -0.8459268212 -0.4979176223 0.8174018860 0.2897106111
-86.7 -631.2 2045.9 0.8253213763 0.3440481126 0.4477449656 0.2663131654 0.4620444477 -0.8459268212 -0.4979176223 0.8174018860 0.2897106111
231.9 -449.9 2346.2 0.9550361633 -0.0128413308 0.2962111533 0.2744944096 0.4159168601 -0.8669867516 -0.1120659560 0.9093119502 0.4007405043
237.0 -615.4 1984.2 0.9547178745 -0.0512840524 0.2930592299 0.2778459489 0.5058838725 -0.8166291714 -0.1063738838 0.8610757589 0.4972254038
17.4 -403.2 2185.8 0 0 0 0 0 0 0 0 0
151.9 -387.3 2165.0 0 0 0 0 0 0 0 0 0
-218.2 -807.8 1733.4 0 0 0 0 0 0 0 0 0
256.4 -806.1 1659.8 0 0 0 0 0 0 0 0 0
202.8 0.6 2778.5 6 0.9913566709 0.1076751873 0.0749531314 -0.0289556701 0.7368023396 -0.6754878759 -0.1279589236 0.6674790978 0.7335517406
181.1 -147.5 2644.3 0.9913566709 0.1076751873 0.0749531314 -0.0289556701 0.7368023396 -0.6754878759 -0.1279589236 0.6674790978 0.7335517406
159.3 -292.1 2509.6 0.9912100434 0.1100554839 0.0734197199 -0.0299417265 0.7271755338 -0.6857982278 -0.1288648844 0.6775717735 0.7240789533
41.7 -143.3 2662.4 0.2486331463 -0.4349308312 -0.8654575348 0.5522931814 0.7976887822 -0.2422083616 0.7957096100 -0.4177652597 0.4385412037
-33.6 -310.6 2421.5 -0.1968062818 -0.4357584119 -0.8782835007 0.3641854525 0.7992201447 -0.4781382084 0.9102945924 -0.4139586687 0.0014053286
320.6 -151.7 2626.1 -0.0784528702 0.1752659827 0.9813903570 -0.4770987034 0.8577705622 -0.1913283169 -0.8753410578 -0.4832302928 0.0163246151
