-27.3 84.8 2890.1 7 0.9946669340 -0.0341911055 0.0973069519 0.0549099632 0.9741819501 -0.2189850360 -0.0873073339 0.2231602967 0.9708639979
-20.4 -113.7 2844.6 0.9946669340 -0.0341911055 0.0973069519 0.0549099632 0.9741819501 -0.2189850360 -0.0873073339 0.2231602967 0.9708639979
-15.5 -302.8 2794.2 0.9948467612 -0.0245763231 0.0983661562 0.0489729680 0.9659757018 -0.2539538741 -0.0887780637 0.2574624717 0.9622014165
-162.1 -120.6 2857.3 -0.0581797175 -0.7419192195 -0.6679602861 0.6285167933 0.4926191270 -0.6019078493 0.7756170034 -0.4548431039 0.4376482666
-145.2 -302.3 2633.0 -0.1034114286 -0.7489343882 -0.6545252800 0.5153669119 0.5224825144 -0.6792708635 0.8507073522 -0.4075650573 0.3319453597
121.3 -106.7 2832.0 -0.0183362812 0.5136532187 0.8578019142 -0.7388000488 0.5711135268 -0.3577762544 -0.6736751795 -0.6403043866 0.3690149188
116.5 -298.8 2656.8 -0.5313841701 0.5136532187 0.6736402512 -0.3741725385 0.5711135268 -0.7306327820 -0.7600169778 -0.6403043866 -0.1112857461
-103.1 -497.0 2742.8 0.9558227062 0.2554822266 -0.1453678459 -0.1612601727 0.0422831997 -0.9860057235 -0.2457603067 0.9658886790 0.0816143528
-203.0 -513.5 2364.9 0.9558227062 0.2711801231 0.1134209484 -0.1612601727 0.8063730001 -0.5689971447 -0.2457603067 0.5255700946 0.8144801855
77.2 -490.4 2732.5 0.9977540970 -0.0620691627 -0.0251821950 -0.0319471844 -0.1105294079 -0.9933592677 0.0588736050 0.9919328094 -0.1122641116
108.6 -434.5 2231.0 0.9977540970 0.0200480521 -0.0639124364 -0.0319471844 0.9810712337 -0.1909936219 0.0588736050 0.1926064938 0.9795083404
-118.7 -434.6 2414.6 0 0 0 0 0 0 0 0 0
-19.3 -394.5 2462.5 0 0 0 0 0 0 0 0 0
-305.1 -817.1 2167.0 0 0 0 0 0 0 0 0 0
101.1 -804.0 2158.5 0 0 0 0 0 0 0 0 0
-28.7 85.5 2888.7 8 0.9960255027 -0.0219590813 0.0863194689 0.0411039665 0.9730864167 -0.2267450690 -0.0790171847 0.2293919325 0.9701214433
-24.2 -113.6 2841.7 0.9960255027 -0.0219590813 0.0863194689 0.0411039665 0.9730864167 -0.2267450690 -0.0790171847 0.2293919325 0.9701214433
-21.0 -302.6 2790.5 0.9960733652 -0.0165764783 0.0869659036 0.0386953056 0.9650328755 -0.2592569590 -0.0796273872 0.2616041005 0.9618850350
-166.1 -119.1 2853.1 -0.0758482292 -0.7303467393 -0.6788524389 0.6464521885 0.4823320806 -0.5911474824 0.7591749430 -0.4836831391 0.4355502129
-145.0 -298.9 2641.9 -0.1102055833 -0.7417306900 -0.6615816355 0.5164959431 0.5259622335 -0.6757186651 0.8491682410 -0.4161722064 0.3251369298
117.7 -108.1 2830.4 -0.0009747790 0.5018163323 0.8649736643 -0.7417398691 0.5797643065 -0.3371873796 -0.6706869602 -0.6419141293 0.3716520369
117.4 -297.7 2659.0 -0.5394636989 0.5018163323 0.6761355400 -0.3703278303 0.5797643065 -0.7257621288 -0.7561985254 -0.6419141293 -0.1269252449
-100.5 -496.4 2751.8 0.9558943510 0.2461349517 -0.1602611393 -0.1675299257 0.0087388530 -0.9858282804 -0.2412462980 0.9691962004 0.0495883897
-196.8 -499.8 2372.6 0.9558943510 0.2736533284 0.1066766381 -0.1675299257 0.8063245416 -0.5672516227 -0.2412462980 0.5243611336 0.8166061640
79.2 -487.6 2735.7 0.9976424575 -0.0605665110 -0.0322672203 -0.0384669900 -0.1041600481 -0.9938163757 0.0568310358 0.9927146435 -0.1062442958
110.1 -434.5 2229.9 0.9976424575 0.0267376676 -0.0632026345 -0.0384669900 0.9805685878 -0.1923683584 0.0568310358 0.1943460554 0.9792853594
-116.7 -431.5 2423.9 0 0 0 0 0 0 0 0 0
-20.6 -392.4 2465.5 0 0 0 0 0 0 0 0 0
-299.9 -803.4 2175.1 0 0 0 0 0 0 0 0 0
100.0 -803.8 2156.7 0 0 0 0 0 0 0 0 0
-29.9 88.6 2888.0 9 0.9990328550 -0.0388879478 0.0205209497 0.0425477624 0.9727243781 -0.2280284017 -0.0110936724 0.2286809832 0.9734382033
-22.0 -110.4 2841.2 0.9990328550 -0.0388879478 0.0205209497 0.0425477624 0.9727243781 -0.2280284017 -0.0110936724 0.2286809832 0.9734382033
-15.5 -299.3 2789.8 0.9992146492 -0.0330887958 0.0218000952 0.0376555845 0.9642103314 -0.2624509037 -0.0123356925 0.2630656660 0.9646990895
-164.0 -115.8 2842.9 -0.0685856417 -0.6978672147 -0.7129357457 0.6663344502 0.4998069704 -0.5533456206 0.7424920201 -0.5130051970 0.4307334125
-145.1 -300.0 2637.7 -0.1433557719 -0.7119521499 -0.6874396205 0.5081349611 0.5431172252 -0.6684478521 0.8492631912 -0.4451379776 0.2839088142
120.1 -105.1 2839.4 -0.0181081221 0.5288725495 0.8485080600 -0.7326678038 0.5704489946 -0.3711951673 -0.6803455353 -0.6283961535 0.3771581352
115.3 -298.5 2659.8 -0.5218855739 0.5288725495 0.6692751646 -0.3652950525 0.5704489946 -0.7356272340 -0.7708404064 -0.6283961535 -0.1045145765
-107.7 -495.1 2746.4 0.9555672407 0.2333530188 -0.1801045090 -0.1957619041 0.0455736034 -0.9795919061 -0.2203827202 0.9713235497 0.0892302766
-199.0 -512.9 2366.5 0.9555672407 0.2861572802 0.0707479790 -0.1957619041 0.7954914570 -0.5734724402 -0.2203827202 0.5341416597 0.8161642551
72.3 -488.1 2732.0 0.9962867498 -0.0763979778 -0.0396995060 -0.0478487350 -0.1079794541 -0.9930009842 0.0715765357 0.9912132621 -0.1112340465
111.1 -433.3 2228.9 0.9962867498 0.0332733542 -0.0794077218 -0.0478487350 0.9807362556 -0.1893855482 0.0715765357 0.1924818605 0.9786866307
-108.3 -430.4 2419.7 0 0 0 0 0 0 0 0 0
-18.3 -392.0 2462.6 0 0 0 0 0 0 0 0 0
-306.7 -812.4 2165.3 0 0 0 0 0 0 0 0 0
98.6 -802.7 2156.4 0 0 0 0 0 0 0 0 0
-29.1 84.0 2899.1 0 0.9989802837 -0.0330197103 0.0307920557 0.0396853872 0.9674023390 -0.2501156628 -0.0215295590 0.2510825992 0.9677262306
-22.4 -112.8 2848.1 0.9989802837 -0.0330197103 0.0307920557 0.0396853872 0.9674023390 -0.2501156628 -0.0215295590 0.2510825992 0.9677262306
-17.2 -300.7 2793.4 0.9991468191 -0.0265057925 0.0316713974 0.0342926793 0.9597990513 -0.2785853148 -0.0230140537 0.2794337273 0.9598891139
-164.6 -117.6 2851.4 -0.0675200075 -0.7019103169 -0.7090578079 0.6429960728 0.5127955079 -0.5688557029 0.7628873587 -0.4943305254 0.4167016149
-145.3 -301.4 2633.3 -0.1486958861 -0.7119116187 -0.6863464117 0.5025372505 0.5433583856 -0.6724715233 0.8516723514 -0.4449083805 0.2769669592
119.8 -107.9 2844.8 -0.0252858121 0.5870674849 0.8091430068 -0.7301360369 0.5420182347 -0.4160739779 -0.6828337908 -0.6013052464 0.4149337411
113.4 -293.5 2671.2 -0.4711216688 0.5870674849 0.6583282948 -0.3752866387 0.5420182347 -0.7519149780 -0.7982507944 -0.6013052464 -0.0350379758
-99.1 -491.5 2739.5 0.9530034661 0.2583620250 -0.1582195312 -0.1808833629 0.0662895441 -0.9812679887 -0.2430340946 0.9637711048 0.1099075601
-200.1 -517.4 2362.4 0.9530034661 0.2866013944 0.0982038677 -0.1808833629 0.7983053327 -0.5744473934 -0.2430340946 0.5296869278 0.8126291633
81.1 -484.7 2737.2 0.9977553487 -0.0578813814 -0.0336748958 -0.0393075533 -0.0991055146 -0.9943002462 0.0542141050 0.9933921099 -0.1011582315
110.7 -434.2 2230.7 0.9977553487 0.0280737933 -0.0607956834 -0.0393075533 0.9805465341 -0.1923107207 0.0542141050 0.1942687929 0.9794490933
-107.1 -430.4 2414.7 0 0 0 0 0 0 0 0 0
-7.0 -389.5 2467.1 0 0 0 0 0 0 0 0 0
-308.1 -818.1 2162.9 0 0 0 0 0 0 0 0 0
100.1 -803.5 2157.5 0 0 0 0 0 0 0 0 0
-28.4 84.6 2903.2 1 0.9983770251 -0.0193558596 0.0535594746 0.0326726660 0.9649737477 -0.2603039443 -0.0466450825 0.2616314292 0.9640400410
-24.4 -112.6 2849.7 0.9983770251 -0.0193558596 0.0535594746 0.0326726660 0.9649737477 -0.2603039443 -0.0466450825 0.2616314292 0.9640400410
-21.9 -299.6 2791.9 0.9984455705 -0.0132255210 0.0541439503 0.0286356695 0.9551456571 -0.2947487235 -0.0478171520 0.2958409786 0.9540396333
-166.6 -116.7 2856.5 -0.0678409114 -0.7095354199 -0.7013965845 0.6371752024 0.5101585388 -0.5777075887 0.7677274346 -0.4861046970 0.4174887240
-147.3 -298.1 2638.0 -0.1617470682 -0.7171891332 -0.6778478026 0.5006829500 0.5322761536 -0.6826409698 0.8503848910 -0.4498020113 0.2729902864
117.7 -108.5 2842.9 -0.0294731986 0.6214733124 0.7828807235 -0.7392661572 0.5136023164 -0.4355435967 -0.6727681160 -0.5915941000 0.4442966878
110.5 -290.2 2677.5 -0.4488320947 0.6214733124 0.6421219707 -0.3855066895 0.5136023164 -0.7665489316 -0.8061850667 -0.5915941000 0.0090609090
-102.2 -491.8 2740.8 0.9545946717 0.2547585964 -0.1544250846 -0.1746335179 0.0585706010 -0.9828899503 -0.2413548976 0.9652292728 0.1004005745
-201.9 -514.7 2363.0 0.9545946717 0.2796963155 0.1025622413 -0.1746335179 0.8042954803 -0.5679894090 -0.2413548976 0.5242888331 0.8166205287
78.2 -485.6 2736.7 0.9976785183 -0.0620717667 -0.0280119702 -0.0342338085 -0.1015549004 -0.9942407608 0.0588695258 0.9928916097 -0.1034440920
109.7 -434.0 2232.1 0.9976785183 0.0221235864 -0.0644059107 -0.0342338085 0.9805043340 -0.1934925169 0.0588695258 0.1952481866 0.9789854288
-105.8 -426.6 2419.7 0 0 0 0 0 0 0 0 0
-4.3 -388.9 2471.3 0 0 0 0 0 0 0 0 0
-307.3 -817.6 2165.5 0 0 0 0 0 0 0 0 0
101.4 -803.3 2158.6 0 0 0 0 0 0 0 0 0
-30.8 85.1 2894.7 2 0.9985217452 -0.0541293807 0.0049311295 0.0538016558 0.9714121222 -0.2312225848 0.0077257762 0.2311460823 0.9728883505
-19.7 -114.8 2847.2 0.9985217452 -0.0541293807 0.0049311295 0.0538016558 0.9714121222 -0.2312225848 0.0077257762 0.2311460823 0.9728883505
-10.2 -303.2 2795.3 0.9987663031 -0.0491888411 0.0068042236 0.0492235646 0.9626364708 -0.2662856579 0.0065482892 0.2662920952 0.9638701677
-161.7 -121.9 2846.3 -0.0529019460 -0.6968181729 -0.7152942419 0.6504378915 0.5194657445 -0.5541532636 0.7577149272 -0.4945702851 0.4257562160
-147.5 -297.0 2642.4 -0.1644367427 -0.7061000466 -0.6887548566 0.4942072928 0.5453194380 -0.6770420074 0.8536508083 -0.4517182410 0.2592892349
122.4 -107.7 2848.1 -0.0552615412 0.6270318031 0.7770310640 -0.7302985191 0.5053098798 -0.4597020745 -0.6808893085 -0.5928685069 0.4299961925
108.3 -293.4 2674.9 -0.4552744925 0.6270318031 0.6321046352 -0.3798475266 0.5053098798 -0.7748404741 -0.8052583337 -0.5928685069 0.0081217848
-109.5 -489.3 2738.3 0.9572084546 0.2456310689 -0.1530273110 -0.1797652841 0.0902719945 -0.9795587659 -0.2267959863 0.9651509523 0.1305650622
-205.6 -524.6 2360.6 0.9572084546 0.2775605917 0.0819273591 -0.1797652841 0.7921178937 -0.5832955241 -0.2267959863 0.5436077118 0.8081176877
73.7 -484.5 2731.9 0.9970511198 -0.0716408342 -0.0275078416 -0.0347474180 -0.1018534154 -0.9941923618 0.0684230030 0.9922164679 -0.1040423959
109.7 -433.2 2232.3 0.9970511198 0.0202665236 -0.0740159303 -0.0347474180 0.9791877270 -0.1999599040 0.0684230030 0.2019421011 0.9770044684
-105.2 -423.9 2423.2 0 0 0 0 0 0 0 0 0
-8.2 -390.6 2468.8 0 0 0 0 0 0 0 0 0
-310.1 -822.9 2155.9 0 0 0 0 0 0 0 0 0
102.1 -802.0 2156.3 0 0 0 0 0 0 0 0 0
-27.7 84.4 2903.0 3 0.9987425804 -0.0498122349 0.0056529166 0.0495856777 0.9649577141 -0.2576778531 0.0073806839 0.2576341629 0.9662143588
-17.5 -112.3 2850.5 0.9987425804 -0.0498122349 0.0056529166 0.0495856777 0.9649577141 -0.2576778531 0.0073806839 0.2576341629 0.9662143588
-8.4 -299.5 2794.1 0.9988719225 -0.0469346493 0.0072125541 0.0470175892 0.9562795758 -0.2886497378 0.0066504562 0.2886632383 0.9574075937
-159.8 -119.1 2849.6 -0.0520983897 -0.6956241727 -0.7165142894 0.6444513202 0.5246747136 -0.5562363863 0.7628684044 -0.4907376170 0.4209612310
-145.0 -302.1 2633.0 -0.1539007276 -0.7033603191 -0.6939731836 0.5040584803 0.5481919050 -0.6673909426 0.8498468399 -0.4525150359 0.2701675892
124.7 -105.6 2851.4 -0.0478511937 0.6100178957 0.7909414768 -0.7293052077 0.5197294950 -0.4449664354 -0.6825131178 -0.5981299281 0.4200195670
112.6 -288.8 2680.0 -0.4564031065 0.6100178957 0.6477456093 -0.3865973651 0.5197294950 -0.7618554235 -0.8013979793 -0.5981299281 -0.0013748428
-90.8 -496.0 2742.8 0.9506556988 0.2911488116 -0.1071732342 -0.1254420131 0.0447668023 -0.9910904169 -0.2837570012 0.9556297660 0.0790801123
-204.6 -513.5 2369.4 0.9506556988 0.2676670849 0.1568695754 -0.1254420131 0.7940753698 -0.5947340727 -0.2837570012 0.5457092524 0.7884690166
90.8 -487.2 2745.1 0.9991040230 -0.0368585102 -0.0207993556 -0.0245888345 -0.1055367664 -0.9941113591 0.0344463699 0.9937320948 -0.1063485146
109.8 -432.9 2233.2 0.9991040230 0.0173164159 -0.0386174172 -0.0245888345 0.9801668525 -0.1966425329 0.0344463699 0.1974159032 0.9797144532
-105.5 -431.5 2414.8 0 0 0 0 0 0 0 0 0
-4.2 -387.8 2474.8 0 0 0 0 0 0 0 0 0
-305.4 -812.6 2163.9 0 0 0 0 0 0 0 0 0
103.2 -802.0 2158.8 0 0 0 0 0 0 0 0 0
-27.8 84.2 2895.6 4 0.9983685017 -0.0417838059 0.0389154218 0.0499385111 0.9694142342 -0.2402959466 -0.0276846867 0.2418472916 0.9699193239
-19.3 -113.0 2846.5 0.9983685017 -0.0417838059 0.0389154218 0.0499385111 0.9694142342 -0.2402959466 -0.0276846867 0.2418472916 0.9699193239
-11.8 -301.1 2793.0 0.9984638095 -0.0381139591 0.0402163379 0.0476360843 0.9611936808 -0.2717306316 -0.0282989610 0.2732289433 0.9615327120
-161.5 -119.8 2850.5 -0.0569066741 -0.7122755647 -0.6995892525 0.6408627629 0.5112452507 -0.5726458430 0.7655433416 -0.4809280634 0.4273776114
-145.4 -300.5 2634.5 -0.1531415433 -0.7184875607 -0.6784713268 0.5099501610 0.5306350589 -0.6770356297 0.8464623094 -0.4496688545 0.2851305604
122.8 -106.2 2842.4 -0.0095569771 0.5605404973 0.8280718923 -0.7419349551 0.5512182117 -0.3816948533 -0.6704037189 -0.6180233359 0.4106166065
120.5 -289.2 2677.0 -0.4867519140 0.5605404973 0.6699753404 -0.3844646811 0.5512182117 -0.7405034304 -0.7843847871 -0.6180233359 -0.0527985319
-89.5 -490.9 2737.1 0.9501172900 0.2945794761 -0.1024700850 -0.1279678047 0.0685723796 -0.9894049168 -0.2844317555 0.9531635642 0.1028484926
-204.7 -517.8 2364.3 0.9501172900 0.2698602378 0.1563733965 -0.1279678047 0.7945168018 -0.5936053395 -0.2844317555 0.5439838767 0.7894175649
91.6 -482.5 2738.8 0.9991661906 -0.0336603113 -0.0231075082 -0.0263394006 -0.0989723429 -0.9947415590 0.0311963074 0.9945207238 -0.0997764096
108.6 -432.3 2234.9 0.9991661906 0.0188016612 -0.0362418406 -0.0263394006 0.9750743508 -0.2203094661 0.0311963074 0.2210803479 0.9747565389
-106.1 -431.5 2417.2 0 0 0 0 0 0 0 0 0
-4.1 -387.6 2476.3 0 0 0 0 0 0 0 0 0
-306.4 -817.0 2159.4 0 0 0 0 0 0 0 0 0
101.5 -799.5 2151.6 0 0 0 0 0 0 0 0 0
-27.5 82.2 2893.0 5 0.9978853464 -0.0269488916 0.0591485314 0.0404590219 0.9697437882 -0.2407489568 -0.0508710034 0.2426329404 0.9687834382
-22.1 -114.8 2843.7 0.9978853464 -0.0269488916 0.0591485314 0.0404590219 0.9697437882 -0.2407489568 -0.0508710034 0.2426329404 0.9687834382
-17.3 -303.0 2789.7 0.9979023337 -0.0242393296 0.0600279458 0.0398185141 0.9609284401 -0.2739178836 -0.0510429740 0.2757335305 0.9598779082
-164.2 -120.5 2850.9 -0.0680389628 -0.7181352973 -0.6925693750 0.6306213140 0.5069611073 -0.5876284838 0.7731025219 -0.4767306447 0.4183783233
-144.7 -300.9 2629.8 -0.1601891220 -0.7210490108 -0.6741125584 0.5247557759 0.5162233114 -0.6768639684 0.8360447288 -0.4621707201 0.2956812978
120.0 -109.1 2836.4 -0.0023504682 0.5258150101 0.8505957127 -0.7417853475 0.5695241094 -0.3541140556 -0.6706332564 -0.6317917705 0.3887032568
119.5 -295.4 2668.0 -0.5031465292 0.5258150101 0.6858295202 -0.3906285763 0.5695241094 -0.7232230902 -0.7708780169 -0.6317917705 -0.0811556801
-94.5 -493.6 2742.2 0.9525420070 0.2734715939 -0.1337047666 -0.1513142288 0.0442473516 -0.9874948859 -0.2641357481 0.9608618021 0.0835276097
-201.5 -510.9 2366.3 0.9525420070 0.2744461894 0.1316927075 -0.1513142288 0.8022727370 -0.5774620771 -0.2641357481 0.5301299095 0.8057261109
86.1 -485.1 2737.4 0.9985471368 -0.0463643670 -0.0274586640 -0.0321237482 -0.1030728817 -0.9941549301 0.0432631187 0.9935926199 -0.1044125259
109.7 -432.8 2233.1 0.9985471368 0.0223487150 -0.0490323119 -0.0321237482 0.9774556756 -0.2086827606 0.0432631187 0.2099546790 0.9767534733
-103.6 -435.6 2415.2 0 0 0 0 0 0 0 0 0
-9.3 -395.4 2470.7 0 0 0 0 0 0 0 0 0
-304.9 -813.0 2166.7 0 0 0 0 0 0 0 0 0
101.3 -800.8 2154.0 0 0 0 0 0 0 0 0 0
-29.3 85.0 2891.6 6 0.9970087409 -0.0326762348 0.0700417012 0.0485142320 0.9700467587 -0.2380244881 -0.0601659790 0.2407105118 0.9687303305
-22.7 -112.0 2842.7 0.9970087409 -0.0326762348 0.0700417012 0.0485142320 0.9700467587 -0.2380244881 -0.0601659790 0.2407105118 0.9687303305
-16.5 -300.2 2789.1 0.9969751835 -0.0312832892 0.0711470097 0.0495282859 0.9611917138 -0.2713990808 -0.0598956645 0.2741019130 0.9598336816
-164.7 -119.1 2851.3 -0.0620785132 -0.7276432514 -0.6831409335 0.6292902231 0.5027321577 -0.5926669836 0.7746870518 -0.4666858017 0.4266899228
-146.7 -301.3 2626.9 -0.1758322120 -0.7276448011 -0.6630354524 0.5209038854 0.5027368069 -0.6898658276 0.8353096247 -0.4666783810 0.2906356752
119.4 -104.9 2834.2 -0.0109312199 0.5342354774 0.8452650309 -0.7495144010 0.5551683307 -0.3605777323 -0.6618977785 -0.6374798417 0.3943485320
116.6 -297.3 2664.3 -0.4923019707 0.5342354774 0.6871907711 -0.4087058902 0.5551683307 -0.7243946791 -0.7685039043 -0.6374798417 -0.0549652502
-102.7 -494.7 2740.4 0.9561161995 0.2584052384 -0.1380888671 -0.1555422246 0.0482618585 -0.9866495728 -0.2482910007 0.9648302794 0.0863368735
-203.8 -513.6 2362.8 0.9561161995 0.2679571807 0.1184936985 -0.1555422246 0.8069559932 -0.5697619319 -0.2482910007 0.5263278484 0.8132223487
77.7 -487.5 2731.3 0.9975318909 -0.0642129108 -0.0284040123 -0.0351835042 -0.1070429832 -0.9936316609 0.0607635342 0.9921786785 -0.1090380251
110.2 -433.4 2229.3 0.9975318909 0.0238009263 -0.0660575628 -0.0351835042 0.9835982919 -0.1769080907 0.0607635342 0.1787955910 0.9820080996
-101.6 -435.0 2412.4 0 0 0 0 0 0 0 0 0
-9.5 -402.0 2467.5 0 0 0 0 0 0 0 0 0
-304.8 -817.5 2164.6 0 0 0 0 0 0 0 0 0
101.3 -803.6 2162.0 0 0 0 0 0 0 0 0 0
-30.0 83.9 2889.9 7 0.9960280657 -0.0304187499 0.0836827233 0.0491728149 0.9714341164 -0.2321589291 -0.0742302686 0.2353517264 0.9690714478
-23.8 -113.2 2842.2 0.9960280657 -0.0304187499 0.0836827233 0.0491728149 0.9714341164 -0.2321589291 -0.0742302686 0.2353517264 0.9690714478
-18.1 -301.8 2789.6 0.9959774613 -0.0292084608 0.0847096816 0.0508137010 0.9627786875 -0.2654716671 -0.0738026500 0.2687081993 0.9603900909
-165.7 -120.5 2852.7 -0.0643941462 -0.7349708676 -0.6750342250 0.6203733683 0.5003602505 -0.6039673090 0.7816586494 -0.4576652348 0.4237360954
-147.1 -300.3 2626.1 -0.1821519732 -0.7317724824 -0.6567569971 0.5277268887 0.4908232093 -0.6932509542 0.8296535015 -0.4728653431 0.2967715859
118.1 -106.0 2831.7 -0.0163317025 0.6176120043 0.7863133550 -0.7673586011 0.4964272082 -0.4058580995 -0.6410101652 -0.6100127101 0.4658223689
114.1 -292.5 2675.9 -0.4560824335 0.6176120043 0.6407372952 -0.4058217704 0.4964272082 -0.7673777938 -0.7920211554 -0.6100127101 0.0242286660
-100.5 -492.9 2740.8 0.9552786946 0.2631413341 -0.1349048018 -0.1548389494 0.0564497560 -0.9863256812 -0.2519277036 0.9631043673 0.0946697742
-203.5 -515.0 2363.7 0.9552786946 0.2697348297 0.1211849302 -0.1548389494 0.8054133654 -0.5721313357 -0.2519277036 0.5277807117 0.8111596704
79.8 -484.0 2730.1 0.9979979992 -0.0587500930 -0.0234186724 -0.0291152336 -0.0980614349 -0.9947543740 0.0561454445 0.9934446812 -0.0995756388
109.4 -434.5 2228.4 0.9979979992 0.0181077365 -0.0605980009 -0.0291152336 0.9821124077 -0.1860311031 0.0561454445 0.1874229908 0.9806733727
-100.3 -435.8 2413.0 0 0 0 0 0 0 0 0 0
-2.6 -396.3 2473.2 0 0 0 0 0 0 0 0 0
-305.1 -818.4 2164.9 0 0 0 0 0 0 0 0 0
102.6 -804.3 2157.9 0 0 0 0 0 0 0 0 0
-30.7 84.2 2887.6 8 0.9954078794 -0.0297806319 0.0909739733 0.0493893549 0.9738866687 -0.2215973735 -0.0819990337 0.2250729203 0.9708853364
-24.6 -113.8 2841.9 0.9954078794 -0.0297806319 0.0909739733 0.0493893549 0.9738866687 -0.2215973735 -0.0819990337 0.2250729203 0.9708853364
-19.6 -302.8 2791.1 0.9954302907 -0.0257404801 0.0919559970 0.0486055575 0.9654806256 -0.2558996677 -0.0821947530 0.2591998577 0.9623198509
-166.5 -120.7 2853.6 -0.0583799668 -0.7379892468 -0.6722824574 0.6252557635 0.4979512990 -0.6009157896 0.7782332897 -0.4554298818 0.4323616326
-149.3 -304.1 2625.3 -0.2170898169 -0.7304415107 -0.6475548148 0.5125509501 0.4792745113 -0.7124517560 0.8307608366 -0.4865708351 0.2703428566
117.2 -106.8 2830.1 0.0001839284 0.6019409299 0.7985405922 -0.7627270222 0.5165170431 -0.3891755641 -0.6467205286 -0.6089968681 0.4592116177
117.3 -297.6 2668.4 -0.4840855896 0.6019409299 0.6350812912 -0.3704976141 0.5165170431 -0.7719725370 -0.7927122116 -0.6089968681 -0.0270207897
-102.4 -494.9 2743.7 0.9555993676 0.2522124350 -0.1523767561 -0.1667163074 0.0363661684 -0.9853340387 -0.2429721504 0.9669883251 0.0767994151
-201.1 -509.2 2365.0 0.9555993676 0.2735489011 0.1095480919 -0.1667163074 0.8084472418 -0.5644631982 -0.2429721504 0.5211372375 0.8181567788
77.7 -485.7 2730.3 0.9977900982 -0.0620532967 -0.0237563476 -0.0299236961 -0.1004301235 -0.9944940209 0.0593257807 0.9930071235 -0.1020650417
109.0 -435.1 2229.6 0.9977900982 0.0179498848 -0.0639748201 -0.0299236961 0.9810463786 -0.1914487332 0.0593257807 0.1929400116 0.9794154167
-93.6 -435.6 2412.2 0 0 0 0 0 0 0 0 0
-6.5 -392.3 2465.7 0 0 0 0 0 0 0 0 0
-304.2 -813.6 2168.8 0 0 0 0 0 0 0 0 0
102.2 -804.6 2157.0 0 0 0 0 0 0 0 0 0
-28.5 84.0 2898.4 9 0.9950506687 -0.0297830012 0.0948007256 0.0527395047 0.9668563604 -0.2498144805 -0.0842184648 0.2535777986 0.9636418223
-22.5 -111.8 2847.1 0.9950506687 -0.0297830012 0.0948007256 0.0527395047 0.9668563604 -0.2498144805 -0.0842184648 0.2535777986 0.9636418223
-17.5 -299.3 2791.0 0.9950808883 -0.0254053306 0.0957529992 0.0516857207 0.9577195048 -0.2830229104 -0.0845142230 0.2865797281 0.9543214440
-164.3 -119.1 2859.1 -0.0583877414 -0.7389644384 -0.6712096930 0.6225473285 0.4986519516 -0.6031426191 0.7804009914 -0.4530759454 0.4309251904
-147.2 -302.0 2629.9 -0.2065376192 -0.7336590290 -0.6473689675 0.5078917742 0.4851254821 -0.7118281126 0.8362942934 -0.4758126438 0.2724227309
119.3 -104.4 2835.1 -0.0079886904 0.6047110558 0.7964048386 -0.7550077438 0.5185623169 -0.4013183713 -0.6556672454 -0.6044978499 0.4524188936
117.2 -298.8 2666.2 -0.4970752597 0.6047110558 0.6222866774 -0.3472952545 0.5185623169 -0.7813315988 -0.7951743007 -0.6044978499 -0.0477512144
-104.5 -496.3 2747.8 0.9565774202 0.2425517142 -0.1616426259 -0.1724897474 0.0240251441 -0.9847182631 -0.2349616289 0.9698409438 0.0648195967
-199.5 -505.7 2368.0 0.9565774202 0.2740993500 0.0991424173 -0.1724897474 0.8065119982 -0.5654959083 -0.2349616289 0.5238395929 0.8187705278
75.5 -487.5 2732.9 0.9970111251 -0.0689772666 -0.0347980671 -0.0418849252 -0.1041138694 -0.9936830401 0.0649185777 0.9921705723 -0.1066917926
110.5 -434.6 2228.5 0.9970111251 0.0291479081 -0.0715483651 -0.0418849252 0.9821166396 -0.1835554689 0.0649185777 0.1860036403 0.9804020524
-94.1 -432.4 2415.2 0 0 0 0 0 0 0 0 0
-9.9 -387.7 2462.8 0 0 0 0 0 0 0 0 0
-302.7 -809.5 2170.7 0 0 0 0 0 0 0 0 0
99.6 -804.5 2158.4 0 0 0 0 0 0 0 0 0
-27.5 83.4 2893.4 0 0.9949133992 -0.0316122584 0.0956450328 0.0535561778 0.9701684117 -0.2364424318 -0.0853173137 0.2403621376 0.9669265747
-21.1 -113.7 2844.5 0.9949133992 -0.0316122584 0.0956450328 0.0535561778 0.9701684117 -0.2364424318 -0.0853173137 0.2403621376 0.9669265747
-15.7 -302.1 2791.3 0.9949486256 -0.0272651482 0.0966120884 0.0524013788 0.9619433880 -0.2681770921 -0.0856234729 0.2718850374 0.9585129619
-162.9 -121.2 2856.7 -0.0502415299 -0.7407220602 -0.6699302793 0.6296270490 0.4972011745 -0.5969595909 0.7752712965 -0.4517984092 0.4413985312
-148.7 -299.3 2637.5 -0.2080792040 -0.7369976640 -0.6430687904 0.4942175746 0.4881390035 -0.7193533778 0.8440687060 -0.4674983919 0.2626656294
120.7 -106.3 2832.3 -0.0111441687 0.6083366275 0.7936008573 -0.7595129609 0.5110697746 -0.4024272561 -0.6503967047 -0.6072348952 0.4563441277
117.9 -295.7 2670.1 -0.4852321446 0.6083366275 0.6280734539 -0.3659605384 0.5110697746 -0.7777406573 -0.7941175103 -0.6072348952 -0.0253602900
-102.5 -491.4 2742.5 0.9557226300 0.2530558705 -0.1501897275 -0.1683378518 0.0515314080 -0.9843814969 -0.2413640171 0.9660782814 0.0918486118
-201.6 -511.6 2364.3 0.9557226300 0.2744569778 0.1061489582 -0.1683378518 0.8057852983 -0.5677784681 -0.2413640171 0.5247698426 0.8163087964
77.4 -482.1 2727.3 0.9972787499 -0.0656437874 -0.0335551426 -0.0397582427 -0.0955953002 -0.9946259856 0.0620832965 0.9932534695 -0.0979450494
110.3 -434.1 2228.6 0.9972787499 0.0279167239 -0.0682327673 -0.0397582427 0.9830656648 -0.1788888425 0.0620832965 0.1811148673 0.9815004468
-95.3 -426.1 2420.8 0 0 0 0 0 0 0 0 0
-6.2 -389.3 2466.9 0 0 0 0 0 0 0 0 0
-304.9 -815.1 2166.7 0 0 0 0 0 0 0 0 0
99.8 -804.4 2160.4 0 0 0 0 0 0 0 0 0
-29.1 81.4 2900.8 1 0.9978927374 -0.0319659263 0.0564645976 0.0455692783 0.9647561312 -0.2591699660 -0.0461899601 0.2611968815 0.9641798139
-22.6 -114.7 2847.7 0.9978927374 -0.0319659263 0.0564645976 0.0455692783 0.9647561312 -0.2591699660 -0.0461899601 0.2611968815 0.9641798139
-17.7 -301.8 2790.3 0.9980457425 -0.0246548243 0.0574185215 0.0403807312 0.9557104707 -0.2915251553 -0.0476879776 0.2932740450 0.9548382759
-164.8 -120.4 2854.6 -0.0618145615 -0.7162010074 -0.6951511502 0.6302803159 0.5120324492 -0.5835833549 0.7739028931 -0.4742140174 0.4197563231
-147.3 -298.6 2635.7 -0.1819301546 -0.7192838192 -0.6704716682 0.4984711111 0.5202836394 -0.6934201121 0.8476012945 -0.4603647888 0.2638868988
119.5 -109.0 2840.9 -0.0146865705 0.5772316456 0.8164483309 -0.7337127924 0.5485123992 -0.4009983540 -0.6793010235 -0.6049278975 0.4154664874
115.7 -298.6 2665.4 -0.4846044481 0.5772316456 0.6572382450 -0.3661451638 0.5485123992 -0.7517126203 -0.7944156528 -0.6049278975 -0.0544609576
-100.3 -495.2 2745.8 0.9550455809 0.2587291002 -0.1447312981 -0.1591042429 0.0353881605 -0.9866273403 -0.2501474023 0.9653014541 0.0749621987
-201.7 -509.0 2367.8 0.9550455809 0.2720351517 0.1178336367 -0.1591042429 0.8057084084 -0.5705434084 -0.2501474023 0.5261471272 0.8127702475
79.5 -485.7 2730.3 0.9980069399 -0.0587910786 -0.0229291916 -0.0287318435 -0.0998358354 -0.9945890307 0.0561838038 0.9932655096 -0.1013260335
109.4 -435.0 2225.8 0.9980069399 0.0188552197 -0.0602214187 -0.0287318435 0.9854337573 -0.1676149070 0.0561838038 0.1690111160 0.9840114713
-100.6 -426.6 2418.1 0 0 0 0 0 0 0 0 0
-8.4 -392.4 2462.0 0 0 0 0 0 0 0 0 0
-304.1 -812.5 2169.6 0 0 0 0 0 0 0 0 0
102.3 -806.1 2162.1 0 0 0 0 0 0 0 0 0
-29.9 81.6 2895.0 2 0.9975238442 -0.0320743918 0.0625888258 0.0470580086 0.9657756090 -0.2550746500 -0.0522653908 0.2573883533 0.9648935795
-23.3 -115.6 2842.5 0.9975238442 -0.0320743918 0.0625888258 0.0470580086 0.9657756090 -0.2550746500 -0.0522653908 0.2573883533 0.9648935795
-18.7 -303.0 2785.6 0.9977107048 -0.0231421199 0.0635439306 0.0405537784 0.9566724896 -0.2883282304 -0.0541182049 0.2902451158 0.9554208517
-165.5 -121.4 2850.2 -0.0590961240 -0.7187776566 -0.6927238703 0.6423032284 0.5038345456 -0.5775788426 0.7641689777 -0.4790714383 0.4318985343
-149.3 -296.5 2641.9 -0.1802335978 -0.7251430154 -0.6645926833 0.4887869954 0.5203042626 -0.7002648115 0.8535825014 -0.4510554969 0.2606641650
118.8 -109.9 2834.8 0.0086810868 0.5546140671 0.8320624232 -0.7446717024 0.5589246750 -0.3647838831 -0.6673744917 -0.6164466143 0.4178574979
121.0 -297.2 2666.8 -0.4921149611 0.5546140671 0.6709888577 -0.3770625293 0.5589246750 -0.7385303378 -0.7846315503 -0.6164466143 -0.0659310147
-103.0 -492.5 2737.2 0.9558721781 0.2649634182 -0.1268968135 -0.1563343853 0.0930569917 -0.9833106995 -0.2487327158 0.9597576857 0.1303734779
-206.5 -528.9 2362.0 0.9558721781 0.2732129693 0.1079957262 -0.1563343853 0.7842786312 -0.6003887057 -0.2487327158 0.5570113659 0.7923827171
77.3 -485.3 2728.6 0.9974861741 -0.0657006502 -0.0265482739 -0.0330364741 -0.0997259319 -0.9944663644 0.0626895353 0.9928434491 -0.1016457528
110.6 -434.7 2225.3 0.9974861741 0.0219309907 -0.0673826262 -0.0330364741 0.9851635098 -0.1684085727 0.0626895353 0.1702113003 0.9834114909
-103.1 -422.0 2422.7 0 0 0 0 0 0 0 0 0
-5.0 -393.8 2465.9 0 0 0 0 0 0 0 0 0
-309.4 -824.1 2152.3 0 0 0 0 0 0 0 0 0
102.4 -805.8 2161.2 0 0 0 0 0 0 0 0 0
-29.6 80.5 2891.2 3 0.9976138473 -0.0279112458 0.0631468818 0.0425475724 0.9688565135 -0.2439400852 -0.0543715954 0.2460447699 0.9677322507
-24.0 -116.7 2841.1 0.9976138473 -0.0279112458 0.0631468818 0.0425475724 0.9688565135 -0.2439400852 -0.0543715954 0.2460447699 0.9677322507
-19.7 -304.7 2786.4 0.9977157116 -0.0216023773 0.0640053377 0.0385800079 0.9599848390 -0.2773819268 -0.0554520451 0.2792176306 0.9586253762
-166.1 -122.2 2849.0 -0.0560909286 -0.7196378112 -0.6920803189 0.6307611465 0.5117830038 -0.5832825303 0.7739471793 -0.4692542553 0.4252131879
-150.4 -298.6 2632.5 -0.1687063575 -0.7213598490 -0.6716979146 0.5142530799 0.5169481635 -0.6843305826 0.8408816457 -0.4608736336 0.2837490737
118.2 -111.2 2833.2 0.0280964002 0.5164318085 0.8558672667 -0.7379934788 0.5882176757 -0.3307047486 -0.6742227077 -0.6223328114 0.3976500928
125.4 -299.7 2660.9 -0.5164831877 0.5164318085 0.6830397844 -0.3657226264 0.5882176757 -0.7212814689 -0.7742687464 -0.6223328114 -0.1149337292
-104.3 -493.9 2733.7 0.9562109709 0.2676030099 -0.1185293943 -0.1501570940 0.1009276956 -0.9834970236 -0.2512238622 0.9582287073 0.1366906613
-209.0 -533.4 2358.7 0.9562109709 0.2696804702 0.1137234420 -0.1501570940 0.7855569720 -0.6002941728 -0.2512238622 0.5569314957 0.7916526198
76.0 -486.6 2723.9 0.9974733591 -0.0668373406 -0.0240759458 -0.0309478510 -0.1037633717 -0.9941204190 0.0639461651 0.9923537374 -0.1055696681
109.6 -434.5 2224.8 0.9974733591 0.0191961899 -0.0683987439 -0.0309478510 0.9840565920 -0.1751424074 0.0639461651 0.1768166870 0.9821643233
-107.1 -430.5 2416.7 0 0 0 0 0 0 0 0 0
-6.8 -393.3 2462.7 0 0 0 0 0 0 0 0 0
-310.6 -829.2 2149.0 0 0 0 0 0 0 0 0 0
102.4 -805.1 2158.3 0 0 0 0 0 0 0 0 0
-29.5 83.1 2888.7 4 0.9972522259 -0.0246757083 0.0698502585 0.0402621180 0.9720150828 -0.2314426303 -0.0621844940 0.2336190045 0.9703376889
-24.5 -114.3 2841.3 0.9972522259 -0.0246757083 0.0698502585 0.0402621180 0.9720150828 -0.2314426303 -0.0621844940 0.2336190045 0.9703376889
-20.8 -303.0 2788.9 0.9973331690 -0.0184656326 0.0706086233 0.0366320461 0.9634243250 -0.2654649317 -0.0631240904 0.2673435211 0.9615314603
-166.6 -119.5 2850.3 -0.0561156720 -0.7223855853 -0.6892098188 0.6356997490 0.5064438581 -0.5825808644 0.7698940635 -0.4708224237 0.4308008850
-150.8 -298.6 2633.4 -0.1586953402 -0.7246424556 -0.6706035733 0.5242277384 0.5137204528 -0.6791734695 0.8366606832 -0.4593306482 0.2983526289
117.7 -109.1 2832.3 0.0341354236 0.4975116253 0.8667854071 -0.7390081882 0.5964455605 -0.3132404387 -0.6728310585 -0.6298689246 0.3880251050
126.5 -300.9 2657.6 -0.5386394262 0.4975116253 0.6799630523 -0.3567559421 0.5964455605 -0.7190117240 -0.7632776499 -0.6298689246 -0.1437788904
-105.6 -496.2 2736.7 0.9565457702 0.2596730292 -0.1326277256 -0.1540381014 0.0638239607 -0.9860014319 -0.2475731373 0.9635851979 0.1010500714
-207.2 -521.1 2359.7 0.9565457702 0.2675074637 0.1160170287 -0.1540381014 0.8014384508 -0.5779002309 -0.2475731373 0.5349169970 0.8078188896
74.7 -489.2 2726.7 0.9970752597 -0.0706337914 -0.0291849561 -0.0367552713 -0.1083692834 -0.9934309721 0.0670070425 0.9915981889 -0.1106484979
110.4 -434.4 2225.5 0.9970752597 0.0250783991 -0.0721939579 -0.0367552713 0.9855633974 -0.1652689576 0.0670070425 0.1674391031 0.9836026430
-110.1 -433.1 2418.6 0 0 0 0 0 0 0 0 0
-11.4 -392.2 2462.3 0 0 0 0 0 0 0 0 0
-307.9 -822.8 2158.4 0 0 0 0 0 0 0 0 0
101.0 -805.6 2162.5 0 0 0 0 0 0 0 0 0
-33.1 87.0 2897.5 5 0.9981872439 -0.0467009135 0.0379640199 0.0547813214 0.9662380815 -0.2517597377 -0.0249248706 0.2533830702 0.9670448899
-23.6 -110.3 2845.7 0.9981872439 -0.0467009135 0.0379640199 0.0547813214 0.9662380815 -0.2517597377 -0.0249248706 0.2533830702 0.9670448899
-15.9 -297.7 2789.6 0.9984619617 -0.0389283821 0.0394753553 0.0486108251 0.9570836425 -0.2857059240 -0.0266591497 0.2871854007 0.9575039744
-165.7 -117.2 2849.5 -0.0594286993 -0.7105526924 -0.7011298537 0.6500194669 0.5055059195 -0.5673961639 0.7575901747 -0.4894676805 0.4318315387
-149.0 -300.0 2636.5 -0.1583472490 -0.7190412879 -0.6766873598 0.5039927959 0.5304712057 -0.6816095710 0.8490685225 -0.4489765465 0.2783930004
118.6 -103.5 2842.0 0.0222457889 0.4988779128 0.8663867116 -0.7330668569 0.5973945260 -0.3251657784 -0.6797927022 -0.6278858185 0.3790003657
124.6 -301.1 2658.7 -0.5395690203 0.4988779128 0.6782227755 -0.3528597951 0.5973945260 -0.7201456428 -0.7644313574 -0.6278858185 -0.1463016272
-107.3 -495.0 2742.3 0.9589171410 0.2525365949 -0.1292409599 -0.1488996595 0.0602677017 -0.9870140553 -0.2414681017 0.9657086134 0.0953943431
-206.2 -518.5 2364.2 0.9589171410 0.2612565458 0.1105575413 -0.1488996595 0.7952359915 -0.5877317190 -0.2414681017 0.5471240282 0.8014664054
72.9 -488.4 2730.9 0.9962649941 -0.0764919370 -0.0400624685 -0.0480206348 -0.1052087992 -0.9932900667 0.0717637613 0.9915039539 -0.1084890366
111.8 -434.8 2226.6 0.9962649941 0.0350858569 -0.0788986757 -0.0480206348 0.9845224619 -0.1685511619 0.0717637613 0.1717103869 0.9825301766
-108.4 -429.4 2418.5 0 0 0 0 0 0 0 0 0
-13.5 -391.4 2463.0 0 0 0 0 0 0 0 0 0
-304.6 -818.0 2158.2 0 0 0 0 0 0 0 0 0
98.6 -805.6 2161.9 0 0 0 0 0 0 0 0 0
-33.4 83.5 2893.4 6 0.9974242449 -0.0495269187 0.0518845581 0.0607434064 0.9679256678 -0.2437828928 -0.0381465815 0.2463065982 0.9684409499
-23.3 -113.7 2843.2 0.9974242449 -0.0495269187 0.0518845581 0.0607434064 0.9679256678 -0.2437828928 -0.0381465815 0.2463065982 0.9684409499
-14.4 -301.5 2788.7 0.9975606799 -0.0448702797 0.0534729883 0.0579575114 0.9593472481 -0.2762133479 -0.0389053933 0.2786387205 0.9596076608
-165.4 -121.9 2848.7 -0.0628221780 -0.7216148973 -0.6894384027 0.6426285505 0.4992917776 -0.5811508298 0.7635980248 -0.4795619547 0.4323637187
-148.0 -299.9 2637.2 -0.1655432582 -0.7281196713 -0.6651595235 0.5027715564 0.5179263353 -0.6920788288 0.8484197855 -0.4489922822 0.2803386748
118.8 -105.5 2837.7 0.0293483753 0.5317209959 0.8464109302 -0.7485892177 0.5728244781 -0.3338956535 -0.6623842120 -0.6238148212 0.4148520827
126.2 -293.2 2671.6 -0.5093337893 0.5317209959 0.6766475439 -0.3721992970 0.5728244781 -0.7303012013 -0.7759167552 -0.6238148212 -0.0938526541
-98.4 -489.5 2735.8 0.9544497728 0.2721161544 -0.1223864034 -0.1497084498 0.0819443390 -0.9853286147 -0.2580949664 0.9587689638 0.1189498454
-204.9 -521.5 2360.5 0.9544497728 0.2713335156 0.1241118535 -0.1497084498 0.7953133583 -0.5874215364 -0.2580949664 0.5420837402 0.7997075915
82.0 -480.8 2731.0 0.9978865385 -0.0568657555 -0.0314436853 -0.0365597829 -0.0912892967 -0.9951530695 0.0537196621 0.9941994548 -0.0931753591
110.9 -434.3 2225.5 0.9978865385 0.0273801386 -0.0589300245 -0.0365597829 0.9863058329 -0.1608233452 0.0537196621 0.1626379341 0.9852223396
-105.5 -429.0 2419.4 0 0 0 0 0 0 0 0 0
-4.2 -388.4 2473.0 0 0 0 0 0 0 0 0 0
-307.0 -821.0 2156.4 0 0 0 0 0 0 0 0 0
100.6 -805.8 2164.3 0 0 0 0 0 0 0 0 0
-33.2 83.8 2900.3 7 0.9986578226 -0.0384444073 0.0347069688 0.0461527333 0.9646470547 -0.2594724596 -0.0235047098 0.2607260346 0.9651266336
-25.3 -113.4 2847.0 0.9986578226 -0.0384444073 0.0347069688 0.0461527333 0.9646470547 -0.2594724596 -0.0235047098 0.2607260346 0.9651266336
-18.3 -300.7 2790.5 0.9987152815 -0.0358608961 0.0358012989 0.0446664728 0.9566578269 -0.2877684534 -0.0239299592 0.2889978588 0.9570305943
-167.6 -119.7 2850.5 -0.0623047501 -0.7074253559 -0.7040365934 0.6423792243 0.5114503503 -0.5707604289 0.7638501525 -0.4878195524 0.4225695729
-150.0 -301.0 2634.9 -0.1994068474 -0.7103372216 -0.6750243902 0.5001004934 0.5186251402 -0.6934893727 0.8426959515 -0.4758665264 0.2518225908
117.0 -107.0 2843.6 0.0054364996 0.5714386702 0.8206267953 -0.7398139834 0.5544238091 -0.3811686337 -0.6727895141 -0.6050389409 0.4257724285
118.3 -294.4 2673.3 -0.4774014354 0.5714386702 0.6674920917 -0.3750922084 0.5544238091 -0.7429132462 -0.7946028709 -0.6050389409 -0.0503405295
-95.7 -494.6 2737.6 0.9531965852 0.2798834443 -0.1143745929 -0.1333828270 0.0497724116 -0.9898139834 -0.2713398635 0.9587429166 0.0847745389
-205.3 -514.1 2362.4 0.9531965852 0.2645756602 0.1463420987 -0.1333828270 0.8023362756 -0.5817779303 -0.2713398635 0.5350292325 0.8000740409
84.5 -484.2 2730.6 0.9981784225 -0.0524710082 -0.0297760032 -0.0347859189 -0.0973103419 -0.9946460128 0.0492925644 0.9938699603 -0.0989583358
111.3 -434.6 2224.1 0.9981784225 0.0269334614 -0.0539852343 -0.0347859189 0.9880357385 -0.1502509415 0.0492925644 0.1518551856 0.9871728420
-98.8 -429.4 2418.6 0 0 0 0 0 0 0 0 0
-3.8 -390.4 2470.0 0 0 0 0 0 0 0 0 0
-304.9 -816.2 2160.9 0 0 0 0 0 0 0 0 0
101.1 -806.7 2167.0 0 0 0 0 0 0 0 0 0
-32.7 91.4 2892.3 8 0.9960599542 -0.0557193607 0.0689923540 0.0692759305 0.9745782018 -0.2130685598 -0.0553664006 0.2170085758 0.9745982885
-21.2 -109.8 2847.5 0.9960599542 -0.0557193607 0.0689923540 0.0692759305 0.9745782018 -0.2130685598 -0.0553664006 0.2170085758 0.9745982885
-11.6 -298.9 2798.0 0.9963005781 -0.0485328585 0.0709202886 0.0647955686 0.9663433433 -0.2489620149 -0.0564505123 0.2526363134 0.9659131765
-163.1 -119.0 2855.6 -0.0431429334 -0.7347857356 -0.6769258380 0.6382781863 0.5009809732 -0.5844818354 0.7685959339 -0.4572832286 0.4473839104
-150.7 -302.2 2635.0 -0.2071045041 -0.7337180376 -0.6471209526 0.4831280410 0.4984738529 -0.7197993398 0.8507026434 -0.4617159665 0.2512435913
120.6 -100.7 2839.4 -0.0115300240 0.6163488626 0.7873888016 -0.7609389424 0.5054552555 -0.4068008065 -0.6487210393 -0.6038452387 0.4631759226
117.7 -293.2 2675.3 -0.4642979801 0.6163488626 0.6360357404 -0.3860923052 0.5054552555 -0.7716525793 -0.7970948219 -0.6038452387 0.0032856860
-101.4 -492.0 2736.0 0.9555281997 0.2688801289 -0.1211171597 -0.1458279192 0.0738414973 -0.9865503907 -0.2563203275 0.9603389502 0.1097678617
-206.7 -521.0 2360.1 0.9555281997 0.2661784589 0.1269445568 -0.1458279192 0.8006413579 -0.5811261535 -0.2563203275 0.5367703438 0.8038516641
79.1 -484.0 2731.7 0.9979543686 -0.0601072200 -0.0217767078 -0.0275469739 -0.0969052762 -0.9949123263 0.0576911345 0.9934769869 -0.0983628184
109.8 -434.5 2223.8 0.9979543686 0.0178611763 -0.0613846965 -0.0275469739 0.9866078496 -0.1607671976 0.0576911345 0.1621292979 0.9850816131
-97.6 -426.2 2416.6 0 0 0 0 0 0 0 0 0
-1.1 -392.1 2471.3 0 0 0 0 0 0 0 0 0
-306.9 -822.5 2158.0 0 0 0 0 0 0 0 0 0
103.1 -806.0 2162.8 0 0 0 0 0 0 0 0 0
-31.5 90.1 2899.8 9 0.9975852966 -0.0520154200 0.0460219048 0.0613551140 0.9705332518 -0.2330251932 -0.0325448848 0.2352861762 0.9713811278
-20.9 -108.9 2851.6 0.9975852966 -0.0520154200 0.0460219048 0.0613551140 0.9705332518 -0.2330251932 -0.0325448848 0.2352861762 0.9713811278
-11.8 -297.1 2798.8 0.9978062510 -0.0458377264 0.0477664508 0.0569917113 0.9618774652 -0.2674765885 -0.0336849503 0.2696121037 0.9623796940
-163.0 -116.9 2856.4 -0.0506430231 -0.7199133635 -0.6922138333 0.6375939846 0.5101717114 -0.5772336721 0.7687062025 -0.4705842435 0.4331758022
-148.4 -299.8 2635.9 -0.2040648013 -0.7188760042 -0.6645109653 0.4989832938 0.5076186657 -0.7023808956 0.8422429562 -0.4749110937 0.2551200092
121.2 -100.8 2846.7 0.0027572173 0.5434639454 0.8394279480 -0.7364956737 0.5689277649 -0.3659171164 -0.6764366627 -0.6172261238 0.4018274844
122.0 -292.9 2670.3 -0.4969680905 0.5434639454 0.6765128374 -0.3745180666 0.5689277649 -0.7321594357 -0.7827892303 -0.6172261238 -0.0792018846
-91.9 -493.8 2753.7 0.9529961944 0.2666088641 -0.1439374238 -0.1490213722 -0.0011752060 -0.9888332486 -0.2638008595 0.9638041258 0.0386104509
-196.0 -493.3 2377.3 0.9529961944 0.2724387050 0.1325723082 -0.1490213722 0.8024504781 -0.5778112411 -0.2638008595 0.5308958292 0.8053314686
88.0 -482.2 2743.4 0.9988086820 -0.0414132141 -0.0258092172 -0.0295742378 -0.0930397883 -0.9952230453 0.0388141014 0.9948007464 -0.0941537172
109.7 -433.6 2223.9 0.9988086820 0.0228649005 -0.0431087725 -0.0295742378 0.9863364100 -0.1620672494 0.0388141014 0.1631490886 0.9858376384
-96.1 -427.9 2419.7 0 0 0 0 0 0 0 0 0
-5.2 -388.7 2470.0 0 0 0 0 0 0 0 0 0
-298.6 -795.5 2177.4 0 0 0 0 0 0 0 0 0
101.1 -805.1 2162.4 0 0 0 0 0 0 0 0 0
-35.4 84.2 2903.5 0 0.9939868450 -0.1087199822 0.0130443852 0.1087780893 0.9667505026 -0.2314319462 0.0125506101 0.2314592451 0.9727636576
-11.2 -130.3 2852.2 0.9939868450 -0.1087199822 0.0130443852 0.1087780893 0.9667505026 -0.2314319462 0.0125506101 0.2314592451 0.9727636576
-10.9 -309.8 2777.9 0.9997657537 0.0005429565 0.0216369741 0.0077574644 0.9242793322 -0.3816379607 -0.0202058200 0.3817164302 0.9240586162
-153.5 -131.3 2855.5 -0.0200723037 -0.6850579977 -0.7282119393 0.6188460588 0.5635501146 -0.5472118258 0.7852557898 -0.4616349041 0.4126336873
-148.1 -297.5 2644.6 -0.2557423711 -0.6601467729 -0.7062591910 0.5456917286 0.5044667721 -0.6691291332 0.7980077267 -0.5565244555 0.2312231213
