37.7 4.3 3188.1 3 0.9956797361 0.0588785782 0.0717992336 -0.0052608447 0.8077800274 -0.5894606113 -0.0927045867 0.5865362287 0.8045999408
25.3 -166.0 3064.5 0.9956797361 0.0588785782 0.0717992336 -0.0052608447 0.8077800274 -0.5894606113 -0.0927045867 0.5865362287 0.8045999408
13.2 -321.0 2940.7 0.9957831502 0.0603652187 0.0690794289 -0.0038841537 0.7800720930 -0.6256775856 -0.0916561037 0.6227708459 0.7770171165
-120.0 -165.4 3077.9 0.1975165159 -0.9612089992 0.1925213337 0.7253201604 0.2754116058 0.6309192181 -0.6594678760 0.0150226383 0.7515826225
-186.7 -410.6 3300.7 0.0003456027 -0.9612089992 -0.2758208215 -0.0532625206 0.2754116058 -0.9598497748 0.9985804558 0.0150226383 -0.0511012338
170.5 -166.5 3051.1 0.5597708225 0.7232053876 0.4045127630 -0.8244000077 0.4366753101 0.3601101339 0.0837928429 -0.5350594521 0.8406486511
319.0 -385.2 3073.4 -0.6361098289 0.7232053876 0.2689577043 0.1194591373 0.4366753101 -0.8916525245 -0.7622950673 -0.5350594521 -0.3641669452
-86.8 -474.9 2825.4 0.9772533178 0.1641488671 -0.1342798918 -0.1339852661 -0.0129167801 -0.9908991456 -0.1643894315 0.9863510132 0.0093705645
-157.7 -469.3 2399.4 0.9772533178 0.1376099735 0.1613673866 -0.1339852661 0.9904274940 -0.0331860743 -0.1643894315 0.0108103491 0.9863362908
95.6 -477.0 2811.2 0.9883740544 0.0439215116 0.1455596387 0.1455418319 0.0036198797 -0.9893454909 -0.0439804569 0.9990284443 -0.0028146226
76.5 -478.6 2378.1 0.9883740544 -0.1432459205 0.0509638339 0.1455418319 0.9883460999 -0.0446047373 -0.0439804569 0.0515035354 0.9977039099
-186.8 -396.8 3043.0 0 0 0 0 0 0 0 0 0
153.9 -354.2 2875.5 0 0 0 0 0 0 0 0 0
-205.2 -811.4 2395.7 0 0 0 0 0 0 0 0 0
131.3 -856.2 2358.4 0 0 0 0 0 0 0 0 0
37.3 4.6 3187.5 4 0.9973772168 0.0646120235 0.0326181836 -0.0330963060 0.8079150319 -0.5883688927 -0.0643684268 0.5857461691 0.8079344630
23.6 -166.6 3063.4 0.9973772168 0.0646120235 0.0326181836 -0.0330963060 0.8079150319 -0.5883688927 -0.0643684268 0.5857461691 0.8079344630
10.0 -322.1 2940.5 0.9972104430 0.0683948323 0.0298914816 -0.0350914560 0.7830372453 -0.6209841371 -0.0658782497 0.6182029247 0.7832529545
-121.8 -161.5 3073.0 0.2366073579 -0.9523199201 0.1926233917 0.7133284211 0.3048689365 0.6310448050 -0.6596813798 -0.0119060986 0.7514510751
-201.8 -402.5 3295.9 -0.0268385019 -0.9523199201 -0.3039186001 -0.0448356867 0.3048689365 -0.9513383508 0.9986338019 -0.0119060986 -0.0508801416
169.1 -171.7 3053.8 0.5318023562 0.7497845292 0.3937123418 -0.8403983712 0.4098816216 0.3545809984 0.1044838950 -0.5194422007 0.8480936885
310.1 -394.6 3081.5 -0.6123546958 0.7497845292 0.2506887615 0.1324103177 0.4098816216 -0.9024769068 -0.7794159651 -0.5194422007 -0.3502721488
-90.0 -475.6 2825.4 0.9788516760 0.1574070752 -0.1306615174 -0.1296725720 -0.0165811609 -0.9914182425 -0.1582227647 0.9873945713 0.0041808831
-157.9 -468.5 2399.0 0.9788516760 0.1331798434 0.1552821547 -0.1296725720 0.9910225272 -0.0325472690 -0.1582227647 0.0117231095 0.9873338342
92.4 -476.3 2808.6 0.9902153611 0.0311729293 0.1360210925 0.1358840466 0.0064829262 -0.9907035232 -0.0317649469 0.9994930029 0.0021835896
78.9 -479.1 2375.6 0.9902153611 -0.1346589923 0.0366120897 0.1358840466 0.9901642203 -0.0333214663 -0.0317649469 0.0379704274 0.9987738729
-194.8 -390.9 3038.1 0 0 0 0 0 0 0 0 0
151.2 -360.2 2879.2 0 0 0 0 0 0 0 0 0
-204.0 -811.3 2395.0 0 0 0 0 0 0 0 0 0
130.4 -857.4 2361.1 0 0 0 0 0 0 0 0 0
37.3 5.5 3187.1 5 0.9985855222 0.0519399159 0.0113689499 -0.0357648097 0.8143891096 -0.5792160630 -0.0393431820 0.5779901743 0.8150947690
26.3 -166.0 3065.4 0.9985855222 0.0519399159 0.0113689499 -0.0357648097 0.8143891096 -0.5792160630 -0.0393431820 0.5779901743 0.8150947690
14.9 -322.5 2943.5 0.9983071685 0.0574694537 0.0089449538 -0.0398401469 0.7877449393 -0.6147118211 -0.0423734933 0.6133148670 0.7887010574
-119.3 -160.2 3071.5 0.2550630271 -0.9504186511 0.1778966933 0.7069911361 0.3088228405 0.6362326741 -0.6596259475 -0.0365080535 0.7507068515
-205.6 -399.2 3294.6 -0.0503356196 -0.9504186511 -0.3068724573 -0.0369243026 0.3088228405 -0.9504025578 0.9980495572 -0.0365080535 -0.0506383330
172.0 -171.8 3059.2 0.5255149603 0.7634741664 0.3754214942 -0.8417320848 0.4023686647 0.3599813282 0.1237785891 -0.5051798820 0.8540914059
311.5 -395.1 3092.0 -0.5935748816 0.7634741664 0.2545114458 0.1289140731 0.4023686647 -0.9063556790 -0.7943865657 -0.5051798820 -0.3372584879
-94.9 -474.5 2823.7 0.9800670743 0.1453734636 -0.1354072392 -0.1342210025 -0.0179834999 -0.9907882214 -0.1464694142 0.9892134070 0.0018871350
-156.9 -466.8 2402.2 0.9800670743 0.1381420940 0.1427771896 -0.1342210025 0.9902684093 -0.0367857963 -0.1464694142 0.0168888513 0.9890710115
87.7 -480.9 2811.6 0.9912239909 0.0175171942 0.1310271472 0.1310331821 0.0008070135 -0.9913776517 -0.0174718946 0.9998462200 -0.0014954027
80.0 -481.3 2371.2 0.9912239909 -0.1304547191 0.0213665552 0.1310331821 0.9909718037 -0.0283758156 -0.0174718946 0.0309265163 0.9993689656
-192.6 -389.7 3036.9 0 0 0 0 0 0 0 0 0
157.4 -361.7 2885.8 0 0 0 0 0 0 0 0 0
-204.8 -810.6 2396.3 0 0 0 0 0 0 0 0 0
129.8 -859.9 2359.4 0 0 0 0 0 0 0 0 0
37.2 4.3 3186.9 6 0.9981953502 0.0594135076 0.0087198587 -0.0431790426 0.8110611439 -0.5833655596 -0.0417321324 0.5819362998 0.8121628761
24.7 -166.2 3064.6 0.9981953502 0.0594135076 0.0087198587 -0.0431790426 0.8110611439 -0.5833655596 -0.0417321324 0.5819362998 0.8121628761
12.6 -322.3 2942.2 0.9981428385 0.0606034584 0.0061704246 -0.0438777469 0.7855185866 -0.6172806025 -0.0422563218 0.6158634424 0.7867189050
-121.0 -159.8 3070.8 0.2581686974 -0.9491088986 0.1803917587 0.7079750896 0.3129133582 0.6331322789 -0.6573585272 -0.0357420780 0.7527298927
-208.4 -399.3 3293.1 -0.0508104078 -0.9491088986 -0.3108223975 -0.0401310101 0.3129133582 -0.9489334822 0.9979016781 -0.0357420780 -0.0539879575
170.4 -172.6 3058.4 0.5220831633 0.7652693987 0.3765526712 -0.8442215919 0.4008793831 0.3557887077 0.1213220134 -0.5036451817 0.8553493619
309.0 -396.7 3090.6 -0.5928612947 0.7652693987 0.2507553399 0.1341498196 0.4008793831 -0.9062557817 -0.7940524817 -0.5036451817 -0.3403266072
-88.0 -475.4 2825.5 0.9776712060 0.1577555239 -0.1388242841 -0.1369317174 -0.0228569862 -0.9903167486 -0.1594010442 0.9872136116 -0.0007448821
-155.4 -465.6 2403.9 0.9776712060 0.1416601986 0.1552139670 -0.1369317174 0.9897399545 -0.0407988690 -0.1594010442 0.0186341628 0.9870380163
94.9 -482.7 2817.8 0.9899815321 0.0364935510 0.1363993138 0.1366631389 -0.0048236153 -0.9906058311 -0.0354927853 0.9993222356 -0.0097626140
78.7 -480.5 2373.8 0.9899815321 -0.1353761256 0.0401230231 0.1366631389 0.9901237488 -0.0312756188 -0.0354927853 0.0364456251 0.9987051487
-195.3 -388.9 3035.5 0 0 0 0 0 0 0 0 0
155.0 -361.8 2884.4 0 0 0 0 0 0 0 0 0
-205.5 -815.5 2397.3 0 0 0 0 0 0 0 0 0
130.4 -858.9 2359.9 0 0 0 0 0 0 0 0 0
37.6 3.3 3186.9 7 0.9986998439 0.0487865396 0.0147820320 -0.0308930036 0.8098891973 -0.5857688189 -0.0405494422 0.5845505595 0.8103433847
27.4 -165.8 3064.8 0.9986998439 0.0487865396 0.0147820320 -0.0308930036 0.8098891973 -0.5857688189 -0.0405494422 0.5845505595 0.8103433847
17.2 -321.9 2942.3 0.9986165166 0.0510071181 0.0127813155 -0.0322254971 0.7857075334 -0.6177582145 -0.0415524431 0.6164916754 0.7862641811
-118.5 -161.1 3070.9 0.2503630221 -0.9526617527 0.1724933237 0.7113788128 0.3018704355 0.6346766353 -0.6567027569 -0.0361914448 0.7532805800
-203.2 -401.8 3293.1 -0.0510808825 -0.9526617527 -0.2997103930 -0.0415739194 0.3018704355 -0.9524420500 0.9978288412 -0.0361914448 -0.0550256930
173.2 -170.5 3058.7 0.5318484306 0.7609236240 0.3716618419 -0.8381272554 0.4101807773 0.3595753014 0.1211607829 -0.5027394891 0.8559048176
314.4 -393.0 3090.9 -0.5938023329 0.7609236240 0.2615225315 0.1279293746 0.4101807773 -0.9029871821 -0.7943757772 -0.5027394891 -0.3409107924
-90.9 -474.3 2823.7 0.9780622721 0.1480918080 -0.1465025991 -0.1452943832 -0.0190036073 -0.9892059565 -0.1492773741 0.9887910485 0.0029301962
-154.2 -466.2 2401.1 0.9780622721 0.1482448131 0.1463477612 -0.1452943832 0.9889118075 -0.0307082962 -0.1492773741 0.0087711168 0.9887564778
92.1 -482.4 2816.0 0.9890874624 0.0359864347 0.1428668648 0.1431724727 -0.0060503138 -0.9896792769 -0.0347506404 0.9993339777 -0.0111365570
76.2 -479.7 2376.0 0.9890874624 -0.1417610496 0.0401219055 0.1431724727 0.9890857339 -0.0348005593 -0.0347506404 0.0401651487 0.9985885620
-190.0 -391.1 3035.4 0 0 0 0 0 0 0 0 0
160.2 -359.8 2884.5 0 0 0 0 0 0 0 0 0
-206.3 -813.7 2398.0 0 0 0 0 0 0 0 0 0
130.4 -857.7 2360.7 0 0 0 0 0 0 0 0 0
37.7 1.8 3186.8 8 0.9980931282 0.0583736151 0.0200652871 -0.0357620902 0.8118119836 -0.5828227401 -0.0503107123 0.5809938312 0.8123515248
25.5 -167.0 3066.0 0.9980931282 0.0583736151 0.0200652871 -0.0357620902 0.8118119836 -0.5828227401 -0.0503107123 0.5809938312 0.8123515248
13.7 -323.7 2944.4 0.9980815053 0.0593040138 0.0177865326 -0.0359203741 0.7886327505 -0.6138144135 -0.0504286997 0.6119979024 0.7892499566
-120.3 -161.7 3073.4 0.2468160391 -0.9519140720 0.1814977378 0.7071790695 0.3049812615 0.6378747225 -0.6625553370 -0.0290863179 0.7484480143
-203.8 -401.0 3297.6 -0.0421745442 -0.9519140720 -0.3034483492 -0.0364134237 0.3049812615 -0.9516619444 0.9984464645 -0.0290863179 -0.0475248992
171.3 -172.2 3058.7 0.5300630331 0.7577340603 0.3806209266 -0.8393324018 0.4049835503 0.3626423180 0.1206412166 -0.5116907358 0.8506575227
312.1 -395.1 3090.7 -0.6005673409 0.7577340603 0.2552606463 0.1260604858 0.4049835503 -0.9055920839 -0.7895743251 -0.5116907358 -0.3387402296
-84.5 -475.1 2823.6 0.9760258198 0.1665675193 -0.1401030868 -0.1394591033 -0.0156155163 -0.9901046753 -0.1671070755 0.9859064221 0.0079882117
-155.1 -468.5 2405.3 0.9760258198 0.1458298713 0.1615774184 -0.1394591033 0.9889568686 -0.0501540937 -0.1671070755 0.0264182445 0.9855847359
98.7 -481.0 2816.0 0.9867077470 0.0514490046 0.1541456133 0.1544160843 -0.0013002894 -0.9880050421 -0.0506314412 0.9986747503 -0.0092275599
76.0 -480.4 2375.6 0.9867077470 -0.1518955380 0.0577548034 0.1544160843 0.9871129394 -0.0419964492 -0.0506314412 0.0503564924 0.9974470735
-192.9 -391.6 3039.7 0 0 0 0 0 0 0 0 0
156.0 -362.3 2885.6 0 0 0 0 0 0 0 0 0
-205.9 -812.6 2396.1 0 0 0 0 0 0 0 0 0
134.0 -857.6 2356.4 0 0 0 0 0 0 0 0 0
37.9 3.3 3187.3 9 0.9979496002 0.0589657798 0.0248925369 -0.0331348814 0.8087041378 -0.5872815847 -0.0547602139 0.5852526426 0.8089997768
25.6 -165.1 3065.4 0.9979496002 0.0589657798 0.0248925369 -0.0331348814 0.8087041378 -0.5872815847 -0.0547602139 0.5852526426 0.8089997768
13.2 -320.7 2942.4 0.9978000522 0.0624345429 0.0222925786 -0.0350951068 0.7827352285 -0.6213645339 -0.0562437959 0.6192151904 0.7832044363
-120.1 -160.0 3073.6 0.2430112064 -0.9521331787 0.1854399592 0.7135922909 0.3049655855 0.6306996346 -0.6570628881 -0.0209385529 0.7535449266
-202.4 -401.5 3296.0 -0.0366994478 -0.9521331787 -0.3034725189 -0.0460397266 0.3049655855 -0.9512498975 0.9982652664 -0.0209385529 -0.0550280176
171.4 -170.3 3057.2 0.5309771299 0.7547794580 0.3851899207 -0.8402597904 0.4101433456 0.3546067774 0.1096668243 -0.5119476914 0.8519875407
312.4 -393.4 3086.3 -0.6049533486 0.7547794580 0.2536521554 0.1334332973 0.4101433456 -0.9022073150 -0.7850012779 -0.5119476914 -0.3488302827
-89.6 -477.1 2827.4 0.9780121446 0.1518716812 -0.1429240257 -0.1406955719 -0.0253758673 -0.9897276759 -0.1539384276 0.9880744219 -0.0034502309
-154.7 -466.2 2403.7 0.9780121446 0.1451102644 0.1497841626 -0.1406955719 0.9892559052 -0.0397185199 -0.1539384276 0.0177712254 0.9879206419
93.5 -483.7 2818.2 0.9863444567 0.0449095331 0.1584542096 0.1592603028 -0.0149561297 -0.9871233106 -0.0419613868 0.9988790751 -0.0219042022
73.7 -477.1 2377.8 0.9863444567 -0.1563982219 0.0516158603 0.1592603028 0.9855912328 -0.0569747724 -0.0419613868 0.0644171089 0.9970404506
-192.9 -389.6 3038.1 0 0 0 0 0 0 0 0 0
155.2 -358.7 2882.3 0 0 0 0 0 0 0 0 0
-206.2 -817.2 2397.4 0 0 0 0 0 0 0 0 0
133.4 -853.7 2353.2 0 0 0 0 0 0 0 0 0
38.6 4.7 3186.5 0 0.9981993437 0.0575106181 -0.0170466825 -0.0567062013 0.8120926023 -0.5807667375 -0.0195567720 0.5806876421 0.8138915300
26.6 -165.6 3064.8 0.9981993437 0.0575106181 -0.0170466825 -0.0567062013 0.8120926023 -0.5807667375 -0.0195567720 0.5806876421 0.8138915300
14.7 -322.1 2943.0 0.9980431199 0.0594454519 -0.0193964783 -0.0588438995 0.7879556417 -0.6129137278 -0.0211513713 0.6128557324 0.7899116874
-119.1 -157.0 3067.9 0.2823286355 -0.9433958530 0.1740538478 0.7005217671 0.3266997039 0.6344576478 -0.6554080844 -0.0571970604 0.7531060576
-214.6 -393.9 3289.5 -0.0720846951 -0.9433958530 -0.3237406313 -0.0336351395 0.3266997039 -0.9445294738 0.9968312383 -0.0571970604 -0.0552813001
172.2 -174.1 3061.7 0.5067179799 0.7814418674 0.3641229868 -0.8512358665 0.3866313994 0.3548431993 0.1365079433 -0.4897599816 0.8611043692
306.7 -400.0 3097.9 -0.5741719604 0.7814418674 0.2442850620 0.1382655501 0.3866313994 -0.9118107557 -0.8069753051 -0.4897599816 -0.3300393820
-90.7 -473.0 2824.5 0.9785717130 0.1497032940 -0.1413729340 -0.1399391145 -0.0201230049 -0.9899556041 -0.1510444582 0.9885261655 0.0012575414
-154.6 -464.4 2402.5 0.9785717130 0.1437670588 0.1474056095 -0.1399391145 0.9895027876 -0.0360735841 -0.1510444582 0.0146727785 0.9884180427
92.3 -479.4 2814.2 0.9862257838 0.0424572602 0.1598626822 0.1599880457 0.0004507275 -0.9871188402 -0.0419824161 0.9990981817 -0.0063481345
73.9 -479.6 2381.5 0.9862257838 -0.1565752774 0.0533186495 0.1599880457 0.9848265648 -0.0672341660 -0.0419824161 0.0748384148 0.9963115454
-196.0 -385.2 3032.2 0 0 0 0 0 0 0 0 0
157.6 -364.1 2888.4 0 0 0 0 0 0 0 0 0
-205.7 -816.2 2397.2 0 0 0 0 0 0 0 0 0
133.7 -855.9 2352.9 0 0 0 0 0 0 0 0 0
38.3 1.8 3186.6 1 0.9971281886 0.0594732501 0.0468857884 -0.0210357327 0.8122444749 -0.5829377770 -0.0727519244 0.5802773833 0.8111629486
25.9 -167.8 3065.5 0.9971281886 0.0594732501 0.0468857884 -0.0210357327 0.8122444749 -0.5829377770 -0.0727519244 0.5802773833 0.8111629486
12.9 -324.9 2944.6 0.9968395829 0.0657076761 0.0446474180 -0.0247320049 0.7907792926 -0.6116015315 -0.0754931718 0.6085643768 0.7899051309
-119.3 -164.2 3076.5 0.2219697982 -0.9558791518 0.1924174130 0.7086800337 0.2936983109 0.6414934993 -0.6697029471 -0.0060298084 0.7426046133
-194.3 -403.4 3302.6 -0.0165466722 -0.9558791518 -0.2932938039 -0.0333368890 0.2936983109 -0.9553166628 0.9993072152 -0.0060298084 -0.0367257632
171.2 -171.4 3054.5 0.5419314504 0.7399070263 0.3985573351 -0.8334364891 0.4121291041 0.3681483865 0.1081384867 -0.5316833854 0.8400111794
314.9 -392.4 3083.2 -0.6215604544 0.7399070263 0.2572940290 0.1165382639 0.4121291041 -0.9036417603 -0.7746492028 -0.5316833854 -0.3423906267
-88.6 -473.3 2823.2 0.9778980017 0.1558484435 -0.1393800676 -0.1380713880 -0.0192452148 -0.9902352691 -0.1570090353 0.9875934720 0.0026983533
-155.2 -465.1 2401.1 0.9778980017 0.1416230500 0.1538130492 -0.1380713880 0.9898526073 -0.0335876346 -0.1570090353 0.0116080986 0.9875289202
94.3 -484.1 2819.3 0.9872704744 0.0424370430 0.1532844305 0.1539464891 -0.0127796559 -0.9879965186 -0.0399687290 0.9990174174 -0.0191500094
75.7 -478.5 2382.2 0.9872704744 -0.1516304761 0.0480126776 0.1539464891 0.9868687987 -0.0488917939 -0.0399687290 0.0556608066 0.9976494312
-190.0 -394.8 3045.0 0 0 0 0 0 0 0 0 0
153.7 -362.2 2882.3 0 0 0 0 0 0 0 0 0
-205.3 -815.5 2397.0 0 0 0 0 0 0 0 0 0
133.7 -855.5 2361.0 0 0 0 0 0 0 0 0 0
37.1 2.3 3189.2 2 0.9989823103 0.0356164686 -0.0276731402 -0.0450579189 0.8156651258 -0.5767670274 0.0020296113 0.5774269104 0.8164398670
29.7 -168.2 3068.5 0.9989823103 0.0356164686 -0.0276731402 -0.0450579189 0.8156651258 -0.5767670274 0.0020296113 0.5774269104 0.8164398670
21.5 -326.2 2948.4 0.9987419248 0.0409138128 -0.0289942883 -0.0501175374 0.7949725986 -0.6045716405 -0.0016856660 0.6052641273 0.7960229516
-115.6 -160.9 3068.7 0.2885352969 -0.9451451302 0.1531276554 0.6968886852 0.3169761300 0.6433290839 -0.6565771699 -0.0789102316 0.7501197457
-212.9 -396.0 3290.2 -0.0907052308 -0.9451451302 -0.3138045073 -0.0226039365 0.3169761300 -0.9481641054 0.9956212044 -0.0789102316 -0.0501153953
174.9 -175.5 3068.3 0.5104182363 0.7873406410 0.3457859457 -0.8459845185 0.3876430392 0.3661189377 0.1542188078 -0.4794033468 0.8639380932
310.2 -399.6 3109.1 -0.5598403215 0.7873406410 0.2582121789 0.1238624901 0.3876430392 -0.9134500027 -0.8192905188 -0.4794033468 -0.3145401776
-91.3 -479.8 2830.6 0.9794652462 0.1478819102 -0.1370355934 -0.1347951740 -0.0251154564 -0.9905551076 -0.1499269009 0.9886860847 -0.0046659498
-155.2 -469.0 2403.9 0.9794652462 0.1394115537 0.1456442028 -0.1347951740 0.9900187850 -0.0411473550 -0.1499269009 0.0206702705 0.9884809852
91.0 -484.4 2816.8 0.9887934923 0.0351542048 0.1450918913 0.1455786973 -0.0116945393 -0.9892775416 -0.0330804810 0.9993134737 -0.0166811869
75.7 -479.3 2381.5 0.9887934923 -0.1434609145 0.0413090810 0.1455786973 0.9878790975 -0.0538676083 -0.0330804810 0.0592776611 0.9976932406
-189.6 -390.1 3033.9 0 0 0 0 0 0 0 0 0
165.3 -367.5 2897.1 0 0 0 0 0 0 0 0 0
-203.9 -815.3 2396.6 0 0 0 0 0 0 0 0 0
130.5 -856.7 2358.8 0 0 0 0 0 0 0 0 0
38.4 0.9 3189.0 3 0.9985913634 0.0530574508 -0.0004675417 -0.0435040705 0.8136795163 -0.5796836019 -0.0303761046 0.5788873434 0.8148415089
27.3 -169.3 3067.9 0.9985913634 0.0530574508 -0.0004675417 -0.0435040705 0.8136795163 -0.5796836019 -0.0303761046 0.5788873434 0.8148415089
16.7 -326.6 2947.0 0.9985795021 0.0532252751 -0.0024512373 -0.0436827354 0.7914718390 -0.6096426845 -0.0305083133 0.6088837385 0.7926725745
-118.2 -162.9 3072.3 0.2652199566 -0.9489097595 0.1709639877 0.7023807764 0.3116170764 0.6399656534 -0.6605449319 -0.0496498346 0.7491430640
-207.7 -400.2 3295.4 -0.0620381720 -0.9489097595 -0.3093890250 -0.0299622864 0.3116170764 -0.9497352839 0.9976239204 -0.0496498346 -0.0477636606
172.8 -175.6 3063.4 0.5204123259 0.7707877755 0.3675013483 -0.8432173729 0.3959559798 0.3635977507 0.1347423643 -0.4991042614 0.8560020328
310.9 -399.2 3099.2 -0.5839166045 0.7707877755 0.2548089623 0.1257346272 0.3959559798 -0.9096206427 -0.8020175695 -0.4991042614 -0.3281199634
-77.9 -479.7 2828.5 0.9738262296 0.1764029711 -0.1433333308 -0.1410938352 -0.0252402108 -0.9896744490 -0.1781992763 0.9839943647 0.0003097935
-153.1 -469.0 2409.0 0.9738262296 0.1502354592 0.1705630571 -0.1410938352 0.9878876805 -0.0645795092 -0.1781992763 0.0388238244 0.9832282066
104.5 -488.8 2828.2 0.9891852736 0.0597582385 0.1339455098 0.1360239685 -0.0321682245 -0.9901831746 -0.0548628122 0.9976944327 -0.0399488844
77.7 -474.4 2379.4 0.9891852736 -0.1326664239 0.0625465214 0.1360239685 0.9892938137 -0.0528700128 -0.0548628122 0.0608060658 0.9966406822
-191.8 -392.4 3038.3 0 0 0 0 0 0 0 0 0
159.5 -366.6 2891.3 0 0 0 0 0 0 0 0 0
-205.6 -814.1 2395.4 0 0 0 0 0 0 0 0 0
128.4 -852.4 2356.2 0 0 0 0 0 0 0 0 0
37.8 3.2 3190.9 4 0.9986577034 0.0505268499 -0.0113931606 -0.0476945117 0.8112848401 -0.5827024579 -0.0201990213 0.5824636817 0.8126057386
27.2 -166.6 3069.0 0.9986577034 0.0505268499 -0.0113931606 -0.0476945117 0.8112848401 -0.5827024579 -0.0201990213 0.5824636817 0.8126057386
16.7 -323.1 2947.1 0.9985196590 0.0527088381 -0.0134264547 -0.0498326719 0.7875807881 -0.6141931415 -0.0217989888 0.6139529943 0.7890415192
-118.5 -159.3 3072.2 0.2755880654 -0.9463950396 0.1684863716 0.7041569352 0.3180657625 0.6348205805 -0.6543807983 -0.0563081317 0.7540657520
-211.7 -397.4 3293.4 -0.0713049397 -0.9463950396 -0.3150429130 -0.0356964394 0.3180657625 -0.9473963976 0.9968156219 -0.0563081317 -0.0564625934
172.9 -173.9 3065.8 0.5142608881 0.7776991129 0.3615519404 -0.8469668627 0.3942475617 0.3566734493 0.1348436475 -0.4896457195 0.8614315391
309.3 -398.6 3101.6 -0.5758538246 0.7776991129 0.2521437109 0.1343656033 0.3942475617 -0.9091285467 -0.8064355254 -0.4896457195 -0.3315249681
-85.2 -479.9 2829.0 0.9767276645 0.1645384878 -0.1375869960 -0.1350274682 -0.0266953427 -0.9904821515 -0.1666453630 0.9860093594 -0.0038568648
-155.6 -468.5 2407.4 0.9767276645 0.1426633447 0.1601570100 -0.1350274682 0.9891635776 -0.0576454103 -0.1666453630 0.0346782692 0.9854068756
97.5 -487.9 2823.4 0.9899640083 0.0442993827 0.1341969669 0.1354434788 -0.0264372192 -0.9904323220 -0.0403277427 0.9986684322 -0.0321719572
78.0 -476.3 2383.5 0.9899640083 -0.1327308863 0.0485156998 0.1354434788 0.9891031981 -0.0577054247 -0.0403277427 0.0636974275 0.9971541166
-193.3 -388.2 3036.2 0 0 0 0 0 0 0 0 0
159.9 -363.7 2892.3 0 0 0 0 0 0 0 0 0
-205.6 -815.5 2395.2 0 0 0 0 0 0 0 0 0
128.7 -854.2 2359.1 0 0 0 0 0 0 0 0 0
39.4 6.4 3188.8 5 0.9984729886 0.0391762443 0.0389468670 -0.0089633968 0.8105792403 -0.5855603814 -0.0545095764 0.5843171477 0.8096926212
31.2 -163.6 3066.2 0.9984729886 0.0391762443 0.0389468670 -0.0089633968 0.8105792403 -0.5855603814 -0.0545095764 0.5843171477 0.8096926212
22.1 -319.7 2943.6 0.9982621074 0.0457137600 0.0371893197 -0.0129293427 0.7855939865 -0.6186072230 -0.0574945696 0.6170513034 0.7848197818
-114.4 -161.8 3074.6 0.2261171192 -0.9587944746 0.1720006317 0.7172940969 0.2833556831 0.6365522146 -0.6590601206 -0.0205603205 0.7518091798
-190.7 -404.1 3297.2 -0.0342207327 -0.9587944746 -0.2820321023 -0.0433437675 0.2833556831 -0.9580348730 0.9984739423 -0.0205603205 -0.0512544028
176.7 -165.5 3057.8 0.5494015217 0.7447605133 0.3788003325 -0.8282150626 0.4254231751 0.3647944033 0.1105340198 -0.5141467452 0.8505500555
322.4 -385.1 3087.2 -0.6086439490 0.7447605133 0.2736499310 0.1170937195 0.4254231751 -0.8973874450 -0.7847557664 -0.5141467452 -0.3461380303
-85.2 -475.1 2827.1 0.9778456092 0.1638997644 -0.1302108318 -0.1306837052 -0.0079410188 -0.9913923144 -0.1635229737 0.9864450097 0.0136539377
-155.1 -471.7 2406.7 0.9778456092 0.1390274763 0.1564907432 -0.1306837052 0.9894552231 -0.0624508783 -0.1635229737 0.0406165272 0.9857030511
97.7 -484.2 2823.1 0.9890018702 0.0467748158 0.1403118670 0.1410023421 -0.0117881764 -0.9899390936 -0.0446501970 0.9988359213 -0.0182538871
76.8 -478.9 2376.8 0.9890018702 -0.1383488625 0.0522962250 0.1410023421 0.9886951447 -0.0509930067 -0.0446501970 0.0578060672 0.9973288178
-181.9 -392.9 3039.7 0 0 0 0 0 0 0 0 0
164.5 -354.8 2883.5 0 0 0 0 0 0 0 0 0
-203.0 -812.7 2392.7 0 0 0 0 0 0 0 0 0
129.6 -856.7 2354.7 0 0 0 0 0 0 0 0 0
39.8 5.6 3187.8 6 0.9984522462 0.0402488820 -0.0383808278 -0.0550467484 0.8136199713 -0.5787853003 0.0079319458 0.5800022483 0.8145762682
31.4 -164.3 3066.7 0.9984522462 0.0402488820 -0.0383808278 -0.0550467484 0.8136199713 -0.5787853003 0.0079319458 0.5800022483 0.8145762682
22.5 -321.2 2945.0 0.9982124567 0.0443414822 -0.0400716700 -0.0595918074 0.7895162106 -0.6108297706 0.0045521362 0.6121258140 0.7907472849
-113.8 -155.7 3066.0 0.2995932400 -0.9414436221 0.1546862870 0.6989420652 0.3269347847 0.6360767484 -0.6494027376 -0.0824475586 0.7559619546
-214.9 -391.3 3284.9 -0.0973863676 -0.9414436221 -0.3228000104 -0.0295603778 0.3269347847 -0.9445844889 0.9948075414 -0.0824475586 -0.0596684217
176.6 -172.9 3067.3 0.5017914176 0.7940586209 0.3430397809 -0.8517853022 0.3845850825 0.3557472825 0.1505561918 -0.4707071781 0.8693489432
309.5 -398.5 3107.2 -0.5529459119 0.7940586209 0.2524317503 0.1354339123 0.3845850825 -0.9131001830 -0.8221365213 -0.4707071781 -0.3201971948
-78.4 -474.6 2826.3 0.9748747349 0.1739320308 -0.1391648203 -0.1396437287 -0.0095422603 -0.9901558161 -0.1735477597 0.9847114086 0.0149860084
-152.9 -470.6 2404.3 0.9748747349 0.1477032602 0.1667421460 -0.1396437287 0.9884346128 -0.0591323525 -0.1735477597 0.0343621410 0.9842258096
104.4 -477.0 2815.7 0.9866786003 0.0661503971 0.1486252248 0.1488863975 0.0009914315 -0.9888538122 -0.0655604228 0.9978091717 -0.0088706706
75.2 -477.4 2375.6 0.9866786003 -0.1455660611 0.0726350620 0.1488863975 0.9879370332 -0.0425816812 -0.0655604228 0.0528288074 0.9964491725
-189.8 -383.7 3028.6 0 0 0 0 0 0 0 0 0
166.3 -363.4 2894.3 0 0 0 0 0 0 0 0 0
-204.2 -813.6 2392.3 0 0 0 0 0 0 0 0 0
130.8 -854.9 2355.4 0 0 0 0 0 0 0 0 0
39.0 4.8 3187.3 7 0.9983601570 0.0377612561 -0.0430237800 -0.0556889698 0.8146947026 -0.5772099495 0.0132550718 0.5786593556 0.8154616356
31.1 -164.4 3067.1 0.9983601570 0.0377612561 -0.0430237800 -0.0556889698 0.8146947026 -0.5772099495 0.0132550718 0.5786593556 0.8154616356
23.4 -321.2 2945.4 0.9982611537 0.0385008231 -0.0446354225 -0.0577714927 0.7894346714 -0.6111099720 0.0117085129 0.6126260161 0.7902862430
-114.4 -156.0 3065.4 0.3029288650 -0.9413921237 0.1483745277 0.6994183660 0.3253623247 0.6363594532 -0.6473392248 -0.0889957771 0.7569885254
-216.8 -392.2 3284.1 -0.1046548635 -0.9413921237 -0.3206684291 -0.0309100263 0.3253623247 -0.9450840950 0.9940281510 -0.0889957771 -0.0631492063
176.7 -172.8 3068.8 0.5026554465 0.7967073917 0.3355515599 -0.8505425453 0.3863382638 0.3568194509 0.1546442807 -0.4647581279 0.8718285561
310.0 -398.3 3109.8 -0.5474108458 0.7967073917 0.2561224699 0.1354038864 0.3863382638 -0.9123642445 -0.8258372545 -0.4647581279 -0.3193630278
-77.5 -472.6 2823.0 0.9741575718 0.1803414673 -0.1359924376 -0.1368562877 -0.0077031753 -0.9905609488 -0.1796867847 0.9835739136 0.0171767566
-154.7 -469.3 2402.0 0.9741575718 0.1429422945 0.1748842150 -0.1368562877 0.9895015955 -0.0464423522 -0.1796867847 0.0213081650 0.9834930897
104.8 -483.5 2823.8 0.9848777652 0.0670836791 0.1597360224 0.1606370211 -0.0082238885 -0.9869793057 -0.0648965538 0.9977134466 -0.0188756473
75.0 -479.8 2379.2 0.9848777652 -0.1563358754 0.0746653154 0.1606370211 0.9854498506 -0.0555366278 -0.0648965538 0.0666908026 0.9956609607
-189.8 -384.3 3027.6 0 0 0 0 0 0 0 0 0
167.9 -363.2 2895.6 0 0 0 0 0 0 0 0 0
-204.7 -815.5 2394.5 0 0 0 0 0 0 0 0 0
134.7 -856.4 2353.8 0 0 0 0 0 0 0 0 0
39.1 6.3 3187.0 8 0.9980534911 0.0264049470 -0.0564979203 -0.0540802926 0.8176110983 -0.5732254386 0.0310573410 0.5751650929 0.8174476027
33.6 -165.2 3066.4 0.9980534911 0.0264049470 -0.0564979203 -0.0540802926 0.8176110983 -0.5732254386 0.0310573410 0.5751650929 0.8174476027
27.2 -323.1 2945.9 0.9978158474 0.0322987065 -0.0576226860 -0.0606073141 0.7945889235 -0.6041152477 0.0262742061 0.6062880754 0.7948109508
-112.0 -156.4 3062.5 0.3141670823 -0.9390158057 0.1398153156 0.6927943826 0.3274544179 0.6425025463 -0.6491031647 -0.1049898788 0.7534202933
-218.2 -390.6 3282.0 -0.1188092530 -0.9390158057 -0.3226974308 -0.0224279091 0.3274544179 -0.9446007609 0.9926637411 -0.1049898788 -0.0599647760
179.2 -174.0 3070.2 0.4979805052 0.8043413758 0.3241147697 -0.8504880667 0.3799992502 0.3636902571 0.1693677604 -0.4567663968 0.8733149767
311.3 -399.7 3115.2 -0.5354029536 0.8043413758 0.2576405704 0.1301963925 0.3799992502 -0.9157781005 -0.8345013857 -0.4567663968 -0.3081750572
-75.6 -472.8 2822.6 0.9730497599 0.1890443414 -0.1320471317 -0.1331688017 -0.0068136449 -0.9910699725 -0.1882558912 0.9819449186 0.0185447931
-156.6 -469.9 2402.1 0.9730497599 0.1392588168 0.1837965995 -0.1331688017 0.9900651574 -0.0451338105 -0.1882558912 0.0194414705 0.9819275737
107.1 -483.4 2824.7 0.9857832193 0.0716275573 0.1519899815 0.1534847915 -0.0158167556 -0.9880244136 -0.0683657899 0.9973060489 -0.0265856348
75.5 -476.4 2383.6 0.9857832193 -0.1483784169 0.0788372308 0.1534847915 0.9861277342 -0.0632018819 -0.0683657899 0.0744036734 0.9948819876
-187.6 -384.8 3025.8 0 0 0 0 0 0 0 0 0
172.3 -365.9 2898.5 0 0 0 0 0 0 0 0 0
-205.1 -815.1 2395.4 0 0 0 0 0 0 0 0 0
132.1 -853.2 2355.2 0 0 0 0 0 0 0 0 0
40.6 4.4 3186.9 9 0.9985998869 0.0528077781 -0.0031005878 -0.0449765846 0.8167353272 -0.5752569437 -0.0278456826 0.5745909810 0.8179668784
29.6 -165.8 3067.2 0.9985998869 0.0528077781 -0.0031005878 -0.0449765846 0.8167353272 -0.5752569437 -0.0278456826 0.5745909810 0.8179668784
18.5 -323.0 2946.2 0.9984518886 0.0553569123 -0.0054273894 -0.0471766219 0.7911157012 -0.6098444462 -0.0294654146 0.6091564298 0.7925025225
-116.0 -158.9 3071.4 0.2683694065 -0.9477407932 0.1725262105 0.7015429139 0.3150173426 0.6392195225 -0.6601631641 -0.0505124144 0.7494218349
-206.7 -396.0 3294.5 -0.0632128268 -0.9477407932 -0.3127164245 -0.0302240439 0.3150173426 -0.9486045241 0.9975423217 -0.0505124144 -0.0485576950
175.1 -172.6 3062.9 0.5173999667 0.7727177143 0.3677017689 -0.8449852467 0.3934066892 0.3622582853 0.1352670491 -0.4981350005 0.8564836979
312.4 -396.8 3098.7 -0.5826243758 0.7727177143 0.2519050539 0.1281451136 0.3934066892 -0.9103900194 -0.8025756478 -0.4981350005 -0.3282283247
-70.7 -475.5 2823.0 0.9698780775 0.1928625405 -0.1487970948 -0.1490575671 -0.0132424003 -0.9887398481 -0.1926613003 0.9811364412 0.0159041062
-153.8 -469.7 2400.3 0.9698780775 0.1521498412 0.1902287006 -0.1490575671 0.9883566499 -0.0305455644 -0.1926613003 0.0012704458 0.9812644720
112.1 -486.5 2827.9 0.9860168099 0.0796328560 0.1463879943 0.1491190344 -0.0294717923 -0.9883799553 -0.0743931979 0.9963884950 -0.0409344584
76.7 -473.4 2385.2 0.9860168099 -0.1437817812 0.0842474699 0.1491190344 0.9869430065 -0.0608856715 -0.0743931979 0.0725971982 0.9945829511
-190.4 -388.2 3037.3 0 0 0 0 0 0 0 0 0
161.3 -363.5 2890.6 0 0 0 0 0 0 0 0 0
-207.0 -815.5 2399.9 0 0 0 0 0 0 0 0 0
131.7 -850.6 2357.4 0 0 0 0 0 0 0 0 0
39.4 1.2 3187.8 0 0.9987403750 0.0499193966 -0.0050693834 -0.0436924696 0.8155607581 -0.5770196319 -0.0246700812 0.5765143037 0.8167145252
29.0 -168.0 3068.3 0.9987403750 0.0499193966 -0.0050693834 -0.0436924696 0.8155607581 -0.5770196319 -0.0246700812 0.5765143037 0.8167145252
19.1 -325.3 2947.3 0.9987272024 0.0499381647 -0.0070847729 -0.0439049415 0.7916029096 -0.6094564199 -0.0248268098 0.6089917421 0.7927879095
-116.7 -161.6 3071.9 0.2691227198 -0.9484812617 0.1672012061 0.7017823458 0.3120203912 0.6404254436 -0.6596017480 -0.0550141819 0.7495992184
-207.8 -398.9 3294.9 -0.0677791089 -0.9484812617 -0.3094984293 -0.0302054044 0.3120203912 -0.9495951533 0.9972429872 -0.0550141819 -0.0497977212
174.7 -174.4 3064.6 0.5198932886 0.7736771107 0.3621252477 -0.8429449797 0.3959637284 0.3642203510 0.1384004802 -0.4946073592 0.8580261469
312.7 -398.1 3101.4 -0.5793238878 0.7736771107 0.2565298080 0.1260344535 0.3959637284 -0.9095757604 -0.8052944541 -0.4946073592 -0.3269012272
-83.9 -476.0 2828.0 0.9753768444 0.1688752919 -0.1418491304 -0.1416643262 -0.0132046444 -0.9898266792 -0.1690303385 0.9855489731 0.0110441018
-157.2 -470.2 2400.2 0.9753768444 0.1449242085 0.1662438363 -0.1416643262 0.9894176722 -0.0313663706 -0.1690303385 0.0070432108 0.9855856895
98.9 -484.6 2822.6 0.9893981814 0.0453358665 0.1379705518 0.1393276006 -0.0282625407 -0.9898429513 -0.0409759879 0.9985719323 -0.0342794470
79.0 -472.2 2384.9 0.9893981814 -0.1357329488 0.0516505614 0.1393276006 0.9874863029 -0.0738821030 -0.0409759879 0.0802951679 0.9959285259
-190.3 -391.1 3037.6 0 0 0 0 0 0 0 0 0
162.3 -365.4 2892.3 0 0 0 0 0 0 0 0 0
-207.5 -813.7 2397.8 0 0 0 0 0 0 0 0 0
130.9 -849.5 2354.2 0 0 0 0 0 0 0 0 0
38.4 2.6 3188.3 1 0.9993896484 0.0326005146 -0.0125522753 -0.0338135287 0.8124870062 -0.5819978714 -0.0087748691 0.5820670724 0.8130934238
31.6 -165.3 3068.0 0.9993896484 0.0326005146 -0.0125522753 -0.0338135287 0.8124870062 -0.5819978714 -0.0087748691 0.5820670724 0.8130934238
25.0 -322.4 2946.4 0.9993488789 0.0333476067 -0.0137761422 -0.0348044299 0.7902911305 -0.6117422581 -0.0095129777 0.6118233800 0.7909371853
-114.3 -160.3 3069.3 0.2728372216 -0.9503099918 0.1499024481 0.7059352994 0.3036147952 0.6399011016 -0.6536170244 -0.0687674135 0.7536947727
-206.6 -399.1 3290.5 -0.0828874931 -0.9503099918 -0.3000676036 -0.0338507183 0.3036147952 -0.9521933794 0.9959838390 -0.0687674135 -0.0573345423
177.5 -170.4 3066.6 0.5254630446 0.7776009440 0.3452902436 -0.8384825587 0.4044316709 0.3652150035 0.1443452090 -0.4814268649 0.8645187616
317.0 -393.0 3104.9 -0.5679376721 0.7776009440 0.2697843909 0.1232549921 0.4044316709 -0.9062247276 -0.8137905598 -0.4814268649 -0.3255351782
-82.4 -478.6 2828.6 0.9750102162 0.1659185141 -0.1477368325 -0.1465200484 -0.0196187962 -0.9890131354 -0.1669940203 0.9859442711 0.0051818620
-153.4 -470.2 2406.7 0.9750102162 0.1531583816 0.1609274298 -0.1465200484 0.9878183603 -0.0524094366 -0.1669940203 0.0275206417 0.9855737686
100.6 -486.6 2824.1 0.9901208282 0.0475074500 0.1319233328 0.1332281381 -0.0254207198 -0.9907593131 -0.0437148623 0.9985473752 -0.0314989127
79.7 -475.4 2384.1 0.9901208282 -0.1297892183 0.0530611351 0.1332281381 0.9887890220 -0.0674278215 -0.0437148623 0.0738309249 0.9963122010
-185.2 -390.3 3033.3 0 0 0 0 0 0 0 0 0
169.5 -361.0 2893.6 0 0 0 0 0 0 0 0 0
-206.8 -814.9 2397.1 0 0 0 0 0 0 0 0 0
129.3 -853.2 2355.9 0 0 0 0 0 0 0 0 0
38.1 1.3 3187.5 2 0.9972019792 0.0495451838 0.0559779145 -0.0064729680 0.8032381535 -0.5956228375 -0.0744738430 0.5935939550 0.8013113737
27.8 -165.3 3064.4 0.9972019792 0.0495451838 0.0559779145 -0.0064729680 0.8032381535 -0.5956228375 -0.0744738430 0.5935939550 0.8013113737
18.2 -320.4 2940.6 0.9973892570 0.0477798171 0.0541454665 -0.0034253569 0.7802668810 -0.6254373193 -0.0721311942 0.6236190200 0.7783934474
-117.5 -164.9 3074.8 0.2102364898 -0.9614304304 0.1773475260 0.7257978320 0.2750213444 0.6305400729 -0.6549947858 -0.0038440872 0.7556236386
-188.5 -410.0 3296.0 -0.0190919247 -0.9614304304 -0.2743847966 -0.0527869239 0.2750213444 -0.9599879384 0.9984232783 -0.0038440872 -0.0560016446
173.1 -165.8 3053.9 0.5578033328 0.7333858609 0.3885879815 -0.8245477080 0.4362214506 0.3603220284 0.0947446600 -0.5213981271 0.8480374217
321.0 -384.3 3079.0 -0.6212393641 0.7333858609 0.2760558128 0.1186014116 0.4362214506 -0.8919891119 -0.7745936513 -0.5213981271 -0.3579785526
-73.2 -476.2 2825.8 0.9712101221 0.1924596429 -0.1403928548 -0.1402224898 -0.0145755149 -0.9900127053 -0.1925837994 0.9811966419 0.0128312837
-155.9 -470.0 2404.5 0.9712101221 0.1460476071 0.1882045865 -0.1402224898 0.9891429543 -0.0439757891 -0.1925837994 0.0163192134 0.9811448455
110.0 -482.6 2824.1 0.9888561368 0.0690475032 0.1318938583 0.1329107434 -0.0103262505 -0.9910742044 -0.0670692325 0.9975599051 -0.0193883311
79.4 -478.0 2382.1 0.9888561368 -0.1287243664 0.0747902840 0.1329107434 0.9896574020 -0.0539720953 -0.0670692325 0.0633110702 0.9957376122
-183.6 -396.4 3038.7 0 0 0 0 0 0 0 0 0
159.9 -353.6 2878.2 0 0 0 0 0 0 0 0 0
-207.2 -817.4 2398.8 0 0 0 0 0 0 0 0 0
128.5 -856.2 2357.9 0 0 0 0 0 0 0 0 0
37.7 2.5 3188.1 3 0.9984188676 0.0262064375 -0.0497291647 -0.0506891087 0.8021439910 -0.5949752927 0.0242977701 0.5965552926 0.8022041321
32.2 -164.4 3064.0 0.9984188676 0.0262064375 -0.0497291647 -0.0506891087 0.8021439910 -0.5949752927 0.0242977701 0.5965552926 0.8022041321
26.0 -319.8 2940.4 0.9982305765 0.0310802758 -0.0506919585 -0.0558929220 0.7813475132 -0.6215883493 0.0202888977 0.6233218312 0.7817021608
-112.6 -156.4 3061.0 0.3074899316 -0.9414119124 0.1385409087 0.7097470760 0.3238851130 0.6255857348 -0.6338052154 -0.0940323174 0.7677557468
-216.0 -395.1 3274.2 -0.1137488410 -0.9414119124 -0.3174977899 -0.0424465649 0.3238851130 -0.9451437593 0.9926024079 -0.0940323174 -0.0768012553
177.0 -172.5 3067.0 0.5015934110 0.8003230691 0.3284615874 -0.8526356816 0.3931180239 0.3441955745 0.1463434994 -0.4527043104 0.8795694113
309.7 -398.0 3105.7 -0.5398291945 0.8003230691 0.2608972788 0.1439080983 0.3931180239 -0.9081567526 -0.8293822408 -0.4527043104 -0.3273895681
-82.6 -475.2 2823.4 0.9749449492 0.1785944253 -0.1326136738 -0.1323221624 -0.0135972397 -0.9911134839 -0.1788105369 0.9838288426 0.0103754401
-159.0 -469.4 2402.6 0.9749449492 0.1360344142 0.1760028452 -0.1323221624 0.9906667471 -0.0327150673 -0.1788105369 0.0086063147 0.9838458896
99.8 -475.8 2810.2 0.9893956780 0.0510120951 0.1359924227 0.1358487010 0.0062902616 -0.9907096028 -0.0513936020 0.9986782074 -0.0007063688
77.8 -478.5 2377.7 0.9893956780 -0.1331391633 0.0580528714 0.1358487010 0.9896833301 -0.0455189832 -0.0513936020 0.0529226921 0.9972752333
-186.8 -384.2 3019.3 0 0 0 0 0 0 0 0 0
170.3 -360.8 2891.5 0 0 0 0 0 0 0 0 0
-206.8 -817.6 2399.6 0 0 0 0 0 0 0 0 0
128.6 -856.6 2357.5 0 0 0 0 0 0 0 0 0
39.7 0.8 3188.5 4 0.9993075728 0.0278149769 -0.0247114096 -0.0370877720 0.7977064252 -0.6019044518 0.0029704908 0.6024041772 0.7981857061
33.9 -165.5 3062.8 0.9993075728 0.0278149769 -0.0247114096 -0.0370877720 0.7977064252 -0.6019044518 0.0029704908 0.6024041772 0.7981857061
26.9 -320.1 2938.2 0.9990524054 0.0351060964 -0.0257268101 -0.0434767678 0.7775427103 -0.6273253560 -0.0020192503 0.6278494000 0.7783322334
-111.5 -159.2 3063.1 0.2844917774 -0.9471105933 0.1484787613 0.7170909047 0.3130247593 0.6227327585 -0.6362743378 -0.0706895739 0.7682173848
-207.5 -401.1 3277.7 -0.0913074389 -0.9471105933 -0.3076434135 -0.0516854934 0.3130247593 -0.9483375549 0.9944805503 -0.0706895739 -0.0775333643
179.3 -171.8 3062.5 0.5161436200 0.7850639820 0.3424474895 -0.8465037942 0.4066585004 0.3435988724 0.1304879338 -0.4672294557 0.8744538426
316.0 -396.1 3097.1 -0.5599580407 0.7850639820 0.2648046315 0.1434646547 0.4066585004 -0.9022454023 -0.8160054684 -0.4672294557 -0.3403406441
-71.2 -470.1 2814.9 0.9697678089 0.2124342471 -0.1200921685 -0.1220008954 -0.0041494807 -0.9925213456 -0.2113438398 0.9771665335 0.0218931362
-160.8 -468.4 2402.9 0.9697678089 0.1291719079 0.2070387751 -0.1220008954 0.9914121628 -0.0470929146 -0.2113438398 0.0204102732 0.9771986604
110.6 -480.2 2818.6 0.9879517555 0.0743328407 0.1357420534 0.1361679882 -0.0006689330 -0.9906855226 -0.0735496655 0.9972332716 -0.0107826274
77.6 -479.9 2376.0 0.9879517555 -0.1331777871 0.0788349658 0.1361679882 0.9901079535 -0.0338304266 -0.0735496655 0.0441576280 0.9963134527
-184.0 -387.8 3021.6 0 0 0 0 0 0 0 0 0
171.0 -358.9 2885.8 0 0 0 0 0 0 0 0 0
-205.8 -814.3 2395.8 0 0 0 0 0 0 0 0 0
128.5 -858.3 2359.1 0 0 0 0 0 0 0 0 0
40.0 -0.7 3188.1 5 0.9993259311 0.0339060314 -0.0140749738 -0.0356087275 0.8019814491 -0.5962866545 -0.0089298468 0.5963858962 0.8026481867
33.0 -167.4 3064.1 0.9993259311 0.0339060314 -0.0140749738 -0.0356087275 0.8019814491 -0.5962866545 -0.0089298468 0.5963858962 0.8026481867
25.7 -322.4 2940.1 0.9992212057 0.0363572724 -0.0153332530 -0.0379659347 0.7800077796 -0.6246170402 -0.0107493168 0.6247127652 0.7807806730
-112.7 -161.9 3065.7 0.2748282552 -0.9493678808 0.1522172242 0.7159149647 0.3077310324 0.6267115474 -0.6418217421 -0.0632634312 0.7642398477
-205.6 -403.8 3282.5 -0.0822970420 -0.9493678808 -0.3031960726 -0.0492585786 0.3077310324 -0.9501974583 0.9953897595 -0.0632634312 -0.0720898658
178.7 -172.9 3062.6 0.5224824548 0.7785841823 0.3475899696 -0.8427476287 0.4096072316 0.3492826819 0.1295705885 -0.4754247069 0.8701625466
317.3 -396.5 3096.9 -0.5680201054 0.7785841823 0.2667580843 0.1379509419 0.4096072316 -0.9017713070 -0.8113708496 -0.4754247069 -0.3400715590
-71.4 -470.7 2813.7 0.9696901441 0.2126109451 -0.1204062402 -0.1215297729 -0.0078256875 -0.9925569296 -0.2119707316 0.9771056175 0.0182500686
-160.3 -467.4 2405.3 0.9696901441 0.1301165670 0.2068109214 -0.1215297729 0.9911313057 -0.0537514128 -0.2119707316 0.0269885305 0.9769032598
111.1 -478.6 2813.4 0.9855528474 0.0813720077 0.1485401690 0.1492915004 -0.0031941812 -0.9887880683 -0.0799852088 0.9966787100 -0.0152961835
75.6 -477.2 2377.8 0.9855528474 -0.1454528570 0.0867701024 0.1492915004 0.9880043268 -0.0394906774 -0.0799852088 0.0518741906 0.9954453707
-184.3 -391.1 3025.8 0 0 0 0 0 0 0 0 0
169.9 -360.7 2886.5 0 0 0 0 0 0 0 0 0
-205.9 -814.5 2395.8 0 0 0 0 0 0 0 0 0
131.1 -854.7 2358.0 0 0 0 0 0 0 0 0 0
40.4 -2.1 3187.4 6 0.9990825653 0.0386542045 -0.0184366889 -0.0419989750 0.8001571298 -0.5983182192 -0.0083752675 0.5985435843 0.8010464311
32.4 -167.7 3063.6 0.9990825653 0.0386542045 -0.0184366889 -0.0419989750 0.8001571298 -0.5983182192 -0.0083752675 0.5985435843 0.8010464311
24.7 -321.9 2938.6 0.9990407825 0.0389770307 -0.0199575592 -0.0428469926 0.7760632038 -0.6291978955 -0.0090359375 0.6294494867 0.7769888639
-113.4 -161.4 3064.9 0.2796493769 -0.9476700425 0.1540054679 0.7181609869 0.3129303753 0.6215459704 -0.6372135282 -0.0632142425 0.7680904269
-207.9 -404.3 3280.4 -0.0845859945 -0.9476700425 -0.3078419566 -0.0551835075 0.3129303753 -0.9481715560 0.9948869348 -0.0632142425 -0.0787652880
178.2 -173.9 3062.3 0.5183061361 0.7815327644 0.3472251296 -0.8458813429 0.4087437689 0.3426562548 0.1258709729 -0.4713121057 0.8729383945
