59.3 346.6 2247.2 75 0.5278298259 0.4808551669 -0.7001242638 -0.2789944410 0.8767248988 0.3918106258 0.8022205234 -0.0114785424 0.5969174504
-36.1 172.7 2249.4 0.5278298259 0.4808551669 -0.7001242638 -0.2789944410 0.8767248988 0.3918106258 0.8022205234 -0.0114785424 0.5969174504
-124.9 0.2 2252.6 0.5370980501 0.4574542344 -0.7087039351 -0.2615525424 0.8890818357 0.3756644428 0.8019450903 -0.0164053254 0.5971724391
-109.4 208.5 2139.9 0.1261770874 0.2295887172 -0.9650743008 0.9398346543 0.2836769819 0.1903632134 0.3174746037 -0.9310297370 -0.1799819022
-143.4 -44.7 2054.4 -0.7745563984 0.2295887172 -0.5893652439 0.6325024962 0.2836769819 -0.7207412720 0.0017152883 -0.9310297370 -0.3649392724
37.3 137.0 2358.9 0.2206017226 0.9598314762 -0.1733735651 -0.9538994431 0.1752256304 -0.2436633408 -0.2034962475 0.2191334963 0.9542378187
97.6 -123.7 2303.3 0.2731362283 0.9598314762 0.0641880929 -0.4048627913 0.1752256304 -0.8974308372 -0.8726297617 0.2191334963 0.4364605248
-264.1 -142.8 2189.8 0.5166254640 -0.2147414833 -0.8288451433 0.0603335053 0.9747618437 -0.2149400115 0.8540831208 0.0610363483 0.5165428519
-180.7 -521.2 2166.1 0.5123015046 0.1887546480 -0.8378059864 0.0373924561 0.9697201848 0.2413391620 0.8579912782 -0.1549660414 0.4897310734
-167.7 -189.1 2333.3 0.1379521489 -0.0954172015 -0.9858320355 0.1081762463 0.9908455610 -0.0807648376 0.9845136404 -0.0955019295 0.1470111609
-130.7 -573.7 2370.4 0.1081483141 0.2524479032 -0.9615477324 -0.0091620013 0.9674326777 0.2529624701 0.9940925241 -0.0185477640 0.1069391444
63.2 -213.4 2053.9 0 0 0 0 0 0 0 0 0
166.7 -226.2 2082.4 0 0 0 0 0 0 0 0 0
-251.2 -883.0 2223.9 0 0 0 0 0 0 0 0 0
-224.8 -934.6 2377.3 0 0 0 0 0 0 0 0 0
56.1 343.6 2250.1 76 0.5334330201 0.4728605747 -0.7013216615 -0.2833404839 0.8811312914 0.3785838783 0.7969738841 -0.0032363054 0.6040050983
-37.4 169.4 2250.7 0.5334330201 0.4728605747 -0.7013216615 -0.2833404839 0.8811312914 0.3785838783 0.7969738841 -0.0032363054 0.6040050983
-124.5 -4.0 2252.0 0.5424515605 0.4484397769 -0.7103858590 -0.2659659386 0.8937860131 0.3611214161 0.7968741655 -0.0069524362 0.6041052938
-111.5 205.7 2141.9 0.1078822911 0.2423430979 -0.9641738534 0.9399230480 0.2911024392 0.1783368438 0.3238920569 -0.9254886508 -0.1963790655
-140.5 -46.7 2054.9 -0.7755144835 0.2423430979 -0.5829640627 0.6313137412 0.2911024392 -0.7188200951 -0.0044988175 -0.9254886508 -0.3787486851
36.7 133.1 2359.5 0.2175291330 0.9630492926 -0.1587990820 -0.9530114532 0.1744210422 -0.2476821840 -0.2108322531 0.2052154392 0.9557386637
97.7 -134.3 2300.4 0.2571142316 0.9630492926 0.0801770017 -0.3685817719 0.1744210422 -0.9130853415 -0.8933306932 0.2052154392 0.3998085260
-261.7 -148.9 2184.0 0.5149748325 -0.2057047635 -0.8321577311 0.0729414225 0.9777746201 -0.1965611875 0.8540962934 0.0405253023 0.5185337663
-181.9 -528.4 2168.3 0.5082283020 0.1915802807 -0.8396433592 0.0370731987 0.9691732526 0.2435749918 0.8604241014 -0.1549199671 0.4854587615
-165.5 -195.7 2327.6 0.1376231909 -0.0865146965 -0.9866991043 0.1244208217 0.9897972345 -0.0694323331 0.9826389551 -0.1132104099 0.1469832808
-131.9 -579.9 2371.5 0.1084368229 0.2545587122 -0.9609585404 0.0108486721 0.9662979841 0.2571973503 0.9940441251 -0.0383147858 0.1020206586
67.5 -216.1 2056.1 0 0 0 0 0 0 0 0 0
162.7 -227.5 2074.5 0 0 0 0 0 0 0 0 0
-253.4 -890.1 2226.1 0 0 0 0 0 0 0 0 0
-226.9 -940.4 2385.8 0 0 0 0 0 0 0 0 0
55.8 345.3 2250.5 77 0.5457183123 0.4642119110 -0.6976380348 -0.2852148414 0.8857237101 0.3662594855 0.7879365683 -0.0008977648 0.6157557368
-36.4 169.5 2250.7 0.5457183123 0.4642119110 -0.6976380348 -0.2852148414 0.8857237101 0.3662594855 0.7879365683 -0.0008977648 0.6157557368
-122.0 -4.7 2251.4 0.5539358258 0.4412286282 -0.7060257792 -0.2690317929 0.8973867297 0.3497412801 0.7878940105 -0.0037908489 0.6157991886
-112.0 206.2 2143.1 0.1049674600 0.2579351962 -0.9604432583 0.9391046762 0.2920553088 0.1810692847 0.3272066712 -0.9209631681 -0.2115718424
-140.8 -50.7 2053.5 -0.7848424315 0.2579351962 -0.5634641051 0.6192521453 0.2920553088 -0.7288556099 -0.0234348215 -0.9209631681 -0.3889442980
39.3 132.7 2358.3 0.1869036406 0.9480553865 -0.2574062347 -0.9642277956 0.1269055009 -0.2327225655 -0.1879676282 0.2916949391 0.9378604293
90.6 -132.1 2306.7 0.3180085421 0.9480553865 -0.0078419736 -0.4007094800 0.1269055009 -0.9073736072 -0.8592453003 0.2916949391 0.4202518165
-260.1 -153.7 2182.0 0.5226901174 -0.1928519458 -0.8304234743 0.0775950551 0.9807965755 -0.1789332330 0.8489841223 0.0290898755 0.5276170373
-185.2 -534.3 2170.7 0.5133998394 0.1783506721 -0.8394114971 0.0223208908 0.9750583172 0.2208235711 0.8578591943 -0.1321071982 0.4966138303
-162.9 -201.3 2324.8 0.1453641206 -0.0759682804 -0.9864573479 0.1496175677 0.9872691631 -0.0539831892 0.9779999256 -0.1397441328 0.1548797041
-133.4 -584.4 2379.0 0.0995929614 0.2547065318 -0.9618762136 -0.0313438997 0.9670056105 0.2528194487 0.9945344925 0.0049699121 0.1042904556
71.4 -218.2 2059.9 0 0 0 0 0 0 0 0 0
171.0 -233.3 2089.6 0 0 0 0 0 0 0 0 0
-251.8 -898.2 2220.0 0 0 0 0 0 0 0 0 0
-228.4 -944.9 2377.1 0 0 0 0 0 0 0 0 0
56.5 345.0 2252.7 78 0.5468603969 0.4635681212 -0.6971716285 -0.2923499048 0.8860332966 0.3598285019 0.7845222950 0.0070421104 0.6200606227
-35.3 169.4 2251.3 0.5468603969 0.4635681212 -0.6971716285 -0.2923499048 0.8860332966 0.3598285019 0.7845222950 0.0070421104 0.6200606227
-120.7 -5.0 2250.8 0.5558275580 0.4397067130 -0.7054883242 -0.2746377587 0.8981367946 0.3434011936 0.7846208215 0.0028818930 0.6199692488
-111.3 206.9 2144.2 0.1072756574 0.2663877308 -0.9578775764 0.9391805530 0.2889837325 0.1855486780 0.3262389302 -0.9195248485 -0.2191852629
-141.0 -53.2 2053.8 -0.7905012965 0.2663877308 -0.5514936447 0.6113491058 0.2889837325 -0.7367093563 -0.0368776508 -0.9195248485 -0.3912979066
40.6 131.9 2358.5 0.1789206415 0.9566241503 -0.2299078256 -0.9645854235 0.1245261505 -0.2325258106 -0.1938102692 0.2633694112 0.9450259805
90.3 -136.0 2304.7 0.2911164761 0.9566241503 0.0110184923 -0.3744215965 0.1245261505 -0.9188589454 -0.8803747296 0.2633694112 0.3944323361
-257.3 -154.8 2181.6 0.5232226253 -0.1900965869 -0.8307234049 0.0759355500 0.9813254476 -0.1767320186 0.8488061428 0.0293887500 0.5278867483
-183.5 -535.7 2170.2 0.5147429109 0.1968669444 -0.8344358206 0.0316037796 0.9682608843 0.2479356527 0.8567618728 -0.1539944559 0.4921837151
-158.0 -203.0 2322.7 0.1480094492 -0.0473657027 -0.9878510237 0.1241530851 0.9918405414 -0.0289551672 0.9811621904 -0.1183591187 0.1526823640
-139.7 -587.7 2368.6 0.1271262169 0.2254022956 -0.9659361839 0.0317125767 0.9724158645 0.2310880125 0.9913794398 -0.0600096695 0.1164714694
74.3 -219.7 2063.9 0 0 0 0 0 0 0 0 0
164.7 -231.7 2079.7 0 0 0 0 0 0 0 0 0
-256.9 -896.9 2227.6 0 0 0 0 0 0 0 0 0
-223.5 -949.5 2390.9 0 0 0 0 0 0 0 0 0
55.3 347.8 2259.4 79 0.5366256237 0.4583871961 -0.7084589601 -0.3025481403 0.8882825375 0.3455701470 0.7877166867 0.0289011672 0.6153593659
-35.7 171.3 2253.6 0.5366256237 0.4583871961 -0.7084589601 -0.3025481403 0.8882825375 0.3455701470 0.7877166867 0.0289011672 0.6153593659
-120.5 -3.2 2249.1 0.5452829003 0.4366117418 -0.7155674696 -0.2852565348 0.8993449211 0.3313720524 0.7882228494 0.0234287828 0.6149437428
-110.2 210.3 2146.0 0.1185734645 0.2849654555 -0.9511755705 0.9364248514 0.2864891589 0.2025647610 0.3302254677 -0.9147232771 -0.2328787297
-143.1 -48.8 2054.6 -0.7811970115 0.2849654555 -0.5554510951 0.6224030256 0.2864891589 -0.7283806801 -0.0484326035 -0.9147232771 -0.4011678398
38.8 132.4 2361.3 0.1804511100 0.9644089341 -0.1932685971 -0.9687893987 0.1403194815 -0.2043465227 -0.1699542701 0.2241111398 0.9596300125
90.0 -142.7 2313.0 0.2596523166 0.9644089341 0.0499602593 -0.3424268365 0.1403194815 -0.9290071726 -0.9029532075 0.2241111398 0.3666737974
-255.8 -154.7 2179.9 0.5071900487 -0.1829306483 -0.8421962857 0.0818029642 0.9830201268 -0.1642549038 0.8579431772 0.0144142918 0.5135422945
-184.8 -536.3 2174.3 0.4978547394 0.1810655594 -0.8481485248 0.0274383463 0.9741848111 0.2240782529 0.8668262959 -0.1348302066 0.4800343812
-156.3 -203.9 2320.5 0.1338270605 -0.0430703983 -0.9900683165 0.0981599987 0.9947182536 -0.0300044417 0.9861313105 -0.0931696966 0.1373479962
-139.5 -589.8 2356.6 0.1309040934 0.2303963602 -0.9642518759 0.0858629271 0.9663317800 0.2425498515 0.9876698256 -0.1145442575 0.1067142859
70.1 -218.7 2067.8 0 0 0 0 0 0 0 0 0
157.2 -231.4 2079.2 0 0 0 0 0 0 0 0 0
-252.4 -899.7 2224.6 0 0 0 0 0 0 0 0 0
-225.3 -949.4 2399.3 0 0 0 0 0 0 0 0 0
54.8 347.0 2262.7 80 0.5308650136 0.4575227797 -0.7133408785 -0.3095289767 0.8882686496 0.3393679559 0.7889069319 0.0406411067 0.6131672859
-35.8 171.1 2254.6 0.5308650136 0.4575227797 -0.7133408785 -0.3095289767 0.8882686496 0.3393679559 0.7889069319 0.0406411067 0.6131672859
-120.2 -3.6 2248.3 0.5406904817 0.4347518086 -0.7201699018 -0.2898375094 0.8999586105 0.3256818652 0.7897138596 0.0326391645 0.6126064658
-109.7 210.7 2146.7 0.1312683821 0.2732125223 -0.9529551268 0.9364885092 0.2811636329 0.2096098214 0.3252043724 -0.9199466705 -0.2189524919
-145.5 -44.9 2058.0 -0.7751427889 0.2732125223 -0.5696565509 0.6306749582 0.2811636329 -0.7233229876 -0.0374541879 -0.9199466705 -0.3902502358
38.1 131.5 2362.5 0.1654987782 0.9648492336 -0.2041472942 -0.9749693274 0.1289042532 -0.1811587512 -0.1484754235 0.2290189117 0.9620319009
84.8 -143.8 2320.6 0.2596011162 0.9648492336 0.0409051031 -0.3318475485 0.1289042532 -0.9344843030 -0.9069092870 0.2290189117 0.3536465466
-254.0 -152.2 2173.9 0.5001773834 -0.1788145602 -0.8472591043 0.0835434198 0.9838469028 -0.1583218426 0.8618834615 0.0084060766 0.5070367455
-184.6 -534.1 2170.7 0.4957284331 0.1718736887 -0.8513005972 0.0573982112 0.9715947509 0.2295845896 0.8665787578 -0.1626747400 0.4717819095
-156.3 -203.3 2315.1 0.1248294488 -0.0495077521 -0.9909422994 0.1422776878 0.9893252850 -0.0315041840 0.9819239378 -0.1370563209 0.1305407733
-137.1 -586.9 2368.3 0.0977905616 0.2434252650 -0.9649772644 0.0324068666 0.9683315754 0.2475555241 0.9946792722 -0.0554804839 0.0868050456
66.5 -217.4 2068.2 0 0 0 0 0 0 0 0 0
153.4 -231.4 2081.0 0 0 0 0 0 0 0 0 0
-248.7 -896.6 2231.3 0 0 0 0 0 0 0 0 0
-227.7 -947.2 2388.9 0 0 0 0 0 0 0 0 0
54.7 347.4 2270.8 81 0.5204694867 0.4554233551 -0.7222887874 -0.3212737143 0.8881779313 0.3285165727 0.7911350727 0.0610695407 0.6085850596
-35.4 171.6 2258.7 0.5204694867 0.4554233551 -0.7222887874 -0.3212737143 0.8881779313 0.3285165727 0.7911350727 0.0610695407 0.6085850596
-119.3 -3.1 2248.9 0.5311219692 0.4325115681 -0.7285898328 -0.2998186648 0.9002016187 0.3158256114 0.7924759984 0.0507029332 0.6077919006
-108.0 212.6 2150.5 0.1407839060 0.2856799066 -0.9479276538 0.9312030077 0.2869429886 0.2247769088 0.3362154365 -0.9143580794 -0.2256290317
-146.4 -41.9 2058.6 -0.7689962387 0.2856799066 -0.5718669295 0.6379976273 0.2869429886 -0.7145786881 -0.0400475748 -0.9143580794 -0.4029211700
37.2 130.7 2367.0 0.1445292234 0.9506729841 -0.2744671404 -0.9779703617 0.0950187519 -0.1858638972 -0.1506162584 0.2952834964 0.9434629679
76.2 -133.8 2326.2 0.3087451458 0.9506729841 -0.0299558789 -0.3817773759 0.0950187519 -0.9193571210 -0.8711615801 0.2952834964 0.3922820091
-253.0 -152.3 2171.2 0.4860228300 -0.1748178452 -0.8562829494 0.0886337981 0.9845972061 -0.1507061571 0.8694399595 -0.0026489764 0.4940315187
-185.1 -534.5 2172.2 0.4807907641 0.1650532186 -0.8611606359 0.0562046021 0.9743026495 0.2181177735 0.8750321865 -0.1532701999 0.4591589570
-156.1 -204.2 2312.7 0.1106534749 -0.0499827713 -0.9926013947 0.1551537216 0.9873581529 -0.0324224792 0.9816736579 -0.1504181474 0.1170096174
-136.7 -587.3 2371.0 0.0833484828 0.2471572757 -0.9653840065 0.0465753116 0.9667299986 0.2515230477 0.9954314232 -0.0659271255 0.0690640509
64.3 -216.8 2069.6 0 0 0 0 0 0 0 0 0
158.4 -235.4 2094.6 0 0 0 0 0 0 0 0 0
-246.7 -898.1 2229.4 0 0 0 0 0 0 0 0 0
-228.8 -947.5 2395.6 0 0 0 0 0 0 0 0 0
56.4 348.0 2269.4 82 0.5305651426 0.4684773982 -0.7064202428 -0.3173733354 0.8825634718 0.3469235301 0.7859865427 0.0401334316 0.6169396043
-36.1 173.7 2261.5 0.5305651426 0.4684773982 -0.7064202428 -0.3173733354 0.8825634718 0.3469235301 0.7859865427 0.0401334316 0.6169396043
-121.5 -0.4 2254.6 0.5412485003 0.4400880635 -0.7165002227 -0.2964451909 0.8972597718 0.3271775544 0.7868737578 0.0353186615 0.6161025167
-110.0 214.2 2154.0 0.1327375621 0.3213050067 -0.9376267195 0.9266739488 0.2953971028 0.2324133962 0.3516477942 -0.8997241855 -0.2585346997
-146.5 -40.3 2057.4 -0.7637690902 0.3213050067 -0.5598391294 0.6425243020 0.2953971028 -0.7070382237 -0.0618000850 -0.8997241855 -0.4320614636
37.8 133.2 2369.0 0.1364652365 0.9328062534 -0.3335412145 -0.9776635170 0.0724863559 -0.1972810179 -0.1598477811 0.3530130684 0.9218624830
74.3 -128.0 2326.2 0.3499690592 0.9328062534 -0.0859892741 -0.4159367979 0.0724863559 -0.9065000415 -0.8393558264 0.3530130684 0.4133564234
-250.8 -150.9 2168.1 0.4988348484 -0.1711470187 -0.8496307731 0.1017137915 0.9850949645 -0.1387163401 0.8607078791 -0.0172226205 0.5088077188
-184.4 -533.3 2174.7 0.4864107668 0.1673181206 -0.8575600386 0.0188372452 0.9792565703 0.2017468065 0.8735271692 -0.1142858863 0.4731691182
-155.7 -204.7 2310.0 0.1270467043 -0.0479904339 -0.9907351136 0.1685864478 0.9853409529 -0.0261105001 0.9774649739 -0.1637072712 0.1332748532
-137.1 -587.0 2373.6 0.0967029631 0.2349286824 -0.9671902657 0.0401136167 0.9700351357 0.2396303862 0.9945046306 -0.0619704686 0.0843814388
63.4 -216.9 2074.4 0 0 0 0 0 0 0 0 0
167.8 -239.1 2102.0 0 0 0 0 0 0 0 0 0
-246.8 -898.5 2217.4 0 0 0 0 0 0 0 0 0
-224.7 -948.8 2396.7 0 0 0 0 0 0 0 0 0
58.4 346.9 2274.2 83 0.4933227599 0.4759694338 -0.7280699015 -0.3180888891 0.8777505159 0.3582924306 0.8095999360 0.0548371412 0.5844148993
-35.5 173.6 2263.4 0.4933227599 0.4759694338 -0.7280699015 -0.3180888891 0.8777505159 0.3582924306 0.8095999360 0.0548371412 0.5844148993
-121.7 -0.1 2254.6 0.5066683888 0.4441764057 -0.7389143705 -0.2923800647 0.8948038816 0.3374017775 0.8110493422 0.0450930186 0.5832371712
-104.7 213.6 2152.7 0.1393213272 0.3081811666 -0.9410706162 0.9295082688 0.2870118022 0.2316000015 0.3414731324 -0.9069997668 -0.2464700788
-143.2 -43.2 2058.3 -0.7707394361 0.3081811666 -0.5576604009 0.6342050433 0.2870118022 -0.7179193497 -0.0611940995 -0.9069997668 -0.4166613519
33.6 133.7 2374.1 0.1458089054 0.9132692218 -0.3803669810 -0.9722025990 0.0610769279 -0.2260346562 -0.1831988543 0.4027516544 0.8967882991
72.2 -123.2 2325.6 0.3855836391 0.9132692218 -0.1313945502 -0.4485201240 0.0610769279 -0.8916833997 -0.8063218594 0.4027516544 0.4331699014
-255.4 -148.0 2177.3 0.4678890705 -0.1856776029 -0.8640623093 0.0842166543 0.9825995564 -0.1655467153 0.8797655106 0.0046890657 0.4753847420
-183.3 -529.3 2175.5 0.4566652477 0.1809754819 -0.8710365891 0.0179871544 0.9770119786 0.2124242783 0.8894567490 -0.1126742512 0.4429121614
-158.4 -201.1 2318.3 0.0900943205 -0.0476164669 -0.9947943091 0.1290317178 0.9909958839 -0.0357487947 0.9875392914 -0.1251392514 0.0954271406
-139.9 -585.5 2366.8 0.0838140622 0.2160004973 -0.9727892876 0.1007288173 0.9693873525 0.2239237726 0.9913772941 -0.1167558730 0.0594908223
70.1 -218.7 2075.3 0 0 0 0 0 0 0 0 0
175.4 -243.4 2109.7 0 0 0 0 0 0 0 0 0
-250.8 -893.8 2217.5 0 0 0 0 0 0 0 0 0
-220.4 -946.6 2410.3 0 0 0 0 0 0 0 0 0
56.8 344.2 2271.1 84 0.4729793966 0.4795530438 -0.7391341925 -0.3033825159 0.8762441874 0.3743729889 0.8271937966 0.0471696705 0.5599334836
-37.7 171.4 2261.8 0.4729793966 0.4795530438 -0.7391341925 -0.3033825159 0.8762441874 0.3743729889 0.8271937966 0.0471696705 0.5599334836
-124.9 -1.8 2253.2 0.4831939638 0.4490380287 -0.7515906096 -0.2839269936 0.8924303055 0.3506474495 0.8281962872 0.0439661369 0.5587109327
-103.7 210.1 2148.7 0.1394304782 0.2998569310 -0.9437398911 0.9362565875 0.2704350948 0.2242509276 0.3224636018 -0.9148500562 -0.2430361211
-141.8 -45.7 2060.6 -0.7748253942 0.2998569310 -0.5565351844 0.6284883022 0.2704350948 -0.7292923331 -0.0681767166 -0.9148500562 -0.3979965448
28.2 132.6 2374.8 0.1715053022 0.9042240381 -0.3911071718 -0.9642366767 0.0726374015 -0.2548949122 -0.2020730823 0.4208357036 0.8843436837
73.0 -119.2 2322.0 0.4012066722 0.9042240381 -0.1463287324 -0.4821380675 0.0726374015 -0.8730788827 -0.7788299322 0.4208357036 0.4651034474
-253.2 -147.6 2173.2 0.4453627169 -0.1829016209 -0.8764696717 0.0932037756 0.9830648899 -0.1577860415 0.8904858828 -0.0114182578 0.4548676014
-182.2 -529.1 2177.7 0.4291264415 0.1987309307 -0.8811109662 0.0049157618 0.9749673009 0.2222939581 0.9032310247 -0.0997235477 0.4174073339
-162.5 -199.9 2318.4 0.0659519956 -0.0430007353 -0.9968957901 0.1209917367 0.9920437932 -0.0347869508 0.9904601574 -0.1183218881 0.0706299990
-145.8 -584.9 2364.3 0.0648354068 0.1814883202 -0.9812534451 0.1149861664 0.9754137397 0.1880058497 0.9912489653 -0.1250200123 0.0423726998
74.0 -220.8 2079.6 0 0 0 0 0 0 0 0 0
180.7 -248.6 2113.1 0 0 0 0 0 0 0 0 0
-256.4 -892.9 2214.9 0 0 0 0 0 0 0 0 0
-213.4 -948.4 2410.9 0 0 0 0 0 0 0 0 0
55.6 346.1 2268.0 85 0.4627919197 0.4739092886 -0.7491552830 -0.2693773210 0.8803209066 0.3904752731 0.8445469141 0.0210966393 0.5350658298
-38.0 172.3 2263.9 0.4627919197 0.4739092886 -0.7491552830 -0.2693773210 0.8803209066 0.3904752731 0.8445469141 0.0210966393 0.5350658298
-124.8 -1.2 2261.4 0.4735333323 0.4469663203 -0.7589382529 -0.2486757189 0.8944598436 0.3716207445 0.8449417353 0.0127547178 0.5347062349
-102.6 206.2 2148.6 0.1415267736 0.3052946925 -0.9416821599 0.9358249307 0.2689300776 0.2278339714 0.3228031397 -0.9134942889 -0.2476415783
-140.9 -46.8 2061.3 -0.7761393785 0.3052946925 -0.5517271757 0.6260762215 0.2689300776 -0.7319188118 -0.0750749037 -0.9134942889 -0.3998649418
26.7 138.4 2379.1 0.1831162721 0.9028180838 -0.3890860975 -0.9541934729 0.0679660812 -0.2913682759 -0.2366078794 0.4246176779 0.8739087582
75.1 -113.8 2316.6 0.3970774114 0.9028180838 -0.1650729775 -0.5108057857 0.0679660812 -0.8570052981 -0.7625004649 0.4246176779 0.4881524742
-255.2 -149.7 2170.5 0.4397434592 -0.1788387150 -0.8801377416 0.1012199149 0.9835991859 -0.1492889374 0.8924013972 -0.0234386344 0.4506333470
-185.8 -531.4 2179.6 0.4240323901 0.1775020212 -0.8880819678 0.0025680922 0.9803653359 0.1971729994 0.9056434035 -0.0858884156 0.4152508080
-168.7 -200.5 2318.8 0.0569529645 -0.0540044010 -0.9969151616 0.0946176872 0.9943335652 -0.0484591164 0.9938831925 -0.0915659219 0.0617400147
-147.8 -586.3 2354.3 0.0775744841 0.1691544354 -0.9825319052 0.2100953311 0.9605978727 0.1819660217 0.9745984674 -0.2205412984 0.0389793292
76.2 -222.0 2082.3 0 0 0 0 0 0 0 0 0
181.8 -251.0 2111.7 0 0 0 0 0 0 0 0 0
-252.1 -897.2 2211.7 0 0 0 0 0 0 0 0 0
-210.6 -942.9 2436.2 0 0 0 0 0 0 0 0 0
58.7 346.7 2267.0 86 0.4965406954 0.4763261676 -0.7256450653 -0.2830539644 0.8791402578 0.3833964169 0.8205655217 0.0150247961 0.5713549256
-35.7 172.4 2264.0 0.4965406954 0.4763261676 -0.7256450653 -0.2830539644 0.8791402578 0.3833964169 0.8205655217 0.0150247961 0.5713549256
-122.3 -1.3 2263.0 0.5092887282 0.4462997019 -0.7358270884 -0.2585422099 0.8948698640 0.3638184667 0.8208415508 0.0049537104 0.5711344481
-105.2 207.6 2152.1 0.1285130531 0.3170763552 -0.9396525621 0.9334456921 0.2813069224 0.2225883603 0.3349082768 -0.9057201743 -0.2598219514
-140.3 -47.4 2060.5 -0.7768365741 0.3170763552 -0.5440473557 0.6248677969 0.2813069224 -0.7282902598 -0.0778793395 -0.9057201743 -0.4166603088
33.8 137.1 2376.0 0.1636148393 0.8954665661 -0.4139683247 -0.9569462538 0.0420777574 -0.2871991992 -0.2397584319 0.4431354702 0.8637979031
75.3 -105.6 2315.2 0.3960526586 0.8954665661 -0.2031794190 -0.5297223330 0.0420777574 -0.8471267223 -0.7500243187 0.4431354702 0.4910136759
-254.0 -152.4 2183.3 0.4787199795 -0.1684049666 -0.8616652489 0.0823027641 0.9857177138 -0.1469245553 0.8741015196 -0.0005817092 0.4857429564
-188.6 -535.0 2183.5 0.4627585411 0.1681195498 -0.8703966737 -0.0284744315 0.9841645360 0.1749553084 0.8860269189 -0.0561780110 0.4602176547
-169.2 -196.9 2334.5 0.0971318558 -0.0726476610 -0.9926165938 0.1122767776 0.9917658567 -0.0615986250 0.9889182448 -0.1054646075 0.1044887006
-141.0 -581.7 2375.4 0.0881285369 0.2086383849 -0.9740140438 0.0699170977 0.9741113782 0.2149852961 0.9936523438 -0.0870465785 0.0712596104
77.4 -222.6 2082.4 0 0 0 0 0 0 0 0 0
181.8 -248.0 2113.4 0 0 0 0 0 0 0 0 0
-251.3 -902.1 2204.5 0 0 0 0 0 0 0 0 0
-217.9 -940.8 2407.5 0 0 0 0 0 0 0 0 0
60.5 344.5 2273.5 87 0.4915458858 0.4778079689 -0.7280674577 -0.3014853895 0.8777092099 0.3724689782 0.8170000911 0.0364161059 0.5754864812
-34.0 171.0 2266.3 0.4915458858 0.4778079689 -0.7280674577 -0.3014853895 0.8777092099 0.3724689782 0.8170000911 0.0364161059 0.5754864812
-121.7 -2.0 2261.3 0.5034292936 0.4521890879 -0.7362635136 -0.2788780034 0.8915527463 0.3568763733 0.8177933693 0.0256657042 0.5749393702
-102.7 209.1 2154.7 0.1381493211 0.2982496619 -0.9444373250 0.9337614775 0.2786580622 0.2245868146 0.3301580250 -0.9129056931 -0.2399976254
-140.7 -48.0 2063.8 -0.7794411182 0.2982496619 -0.5509252548 0.6231532097 0.2786580622 -0.7307734489 -0.0644331723 -0.9129056931 -0.4030527771
34.8 132.9 2377.9 0.1671852916 0.8823580742 -0.4398787320 -0.9423332810 0.0118082063 -0.3344676495 -0.2899260521 0.4704304338 0.8334495425
76.9 -104.7 2304.8 0.3996692002 0.8823580742 -0.2484124601 -0.5465257168 0.0118082063 -0.8373590708 -0.7359172702 0.4704304338 0.4869507551
-254.5 -151.8 2188.7 0.4738031328 -0.1681795418 -0.8644225001 0.0672601387 0.9856384397 -0.1548966616 0.8780584931 0.0152493445 0.4783103466
-189.2 -534.4 2182.7 0.4597480893 0.1690831184 -0.8718042374 -0.0268962812 0.9839077592 0.1766413599 0.8876419663 -0.0577622354 0.4568974078
-163.4 -198.1 2335.5 0.0917645767 -0.0654239282 -0.9936292171 0.1083525568 0.9925705791 -0.0553475544 0.9898681641 -0.1025833189 0.0981716663
-138.0 -583.3 2375.3 0.0822793916 0.2262157798 -0.9705959558 0.0674086586 0.9704046249 0.2318855524 0.9943270087 -0.0845059752 0.0645954013
77.9 -222.8 2081.8 0 0 0 0 0 0 0 0 0
184.5 -251.8 2106.7 0 0 0 0 0 0 0 0 0
-252.3 -901.5 2204.3 0 0 0 0 0 0 0 0 0
-221.9 -943.3 2406.7 0 0 0 0 0 0 0 0 0
69.3 345.3 2269.2 88 0.4923167825 0.5098696351 -0.7054482102 -0.3177347183 0.8598163128 0.3997006416 0.8103510737 0.0273660421 0.5853052735
-31.7 174.9 2263.8 0.4923167825 0.5098696351 -0.7054482102 -0.3177347183 0.8598163128 0.3997006416 0.8103510737 0.0273660421 0.5853052735
-126.1 5.5 2259.7 0.5026236176 0.4866875708 -0.7144961357 -0.2998099029 0.8733182549 0.3839651644 0.8108536005 0.0212230645 0.5848641396
-100.3 215.8 2153.1 0.1421685517 0.2727386653 -0.9515259862 0.9395375252 0.2653719485 0.2164416611 0.3115403056 -0.9247655869 -0.2185206562
-140.3 -48.3 2065.5 -0.7807328105 0.2727386653 -0.5622009635 0.6227342486 0.2653719485 -0.7360569239 -0.0515588112 -0.9247655869 -0.3770282865
36.8 133.9 2374.5 0.1632678211 0.8728035092 -0.4599539936 -0.9402265549 -0.0035744379 -0.3405308723 -0.2988606095 0.4880586863 0.8200494051
78.2 -104.1 2298.8 0.4049542248 0.8728035092 -0.2724446952 -0.5528877974 -0.0035744379 -0.8332480788 -0.7282356620 0.4880586863 0.4811148942
-254.5 -150.0 2183.1 0.4806177318 -0.1693080068 -0.8604309559 0.0906391144 0.9855210185 -0.1432931274 0.8722334504 -0.0091194836 0.4890047908
-188.8 -532.5 2186.7 0.4612733126 0.1689847559 -0.8710172772 -0.0499696955 0.9850851297 0.1646519452 0.8858498335 -0.0324250832 0.4628376067
-164.4 -199.9 2329.5 0.1075633094 -0.0642085746 -0.9921226501 0.1228352189 0.9911246896 -0.0508265197 0.9865807891 -0.1164005399 0.1144957319
-139.5 -584.6 2374.7 0.0872338712 0.2265408337 -0.9700873494 0.0341371633 0.9725478888 0.2301851809 0.9956027865 -0.0531959757 0.0771056637
78.4 -222.7 2079.9 0 0 0 0 0 0 0 0 0
187.2 -253.0 2102.8 0 0 0 0 0 0 0 0 0
-251.9 -900.0 2198.8 0 0 0 0 0 0 0 0 0
-223.7 -946.4 2394.5 0 0 0 0 0 0 0 0 0
70.8 345.0 2275.1 89 0.4798723161 0.5157415867 -0.7097416520 -0.3310287595 0.8556140065 0.3979253471 0.8124915361 0.0439915583 0.5813107491
-31.1 175.9 2266.4 0.4798723161 0.5157415867 -0.7097416520 -0.3310287595 0.8556140065 0.3979253471 0.8124915361 0.0439915583 0.5813107491
-127.2 7.6 2259.1 0.4894911349 0.4953311086 -0.7176667452 -0.3146322370 0.8678887486 0.3844160140 0.8132680655 0.0376328640 0.5806709528
-97.9 218.9 2155.3 0.1490568072 0.2778098583 -0.9490014315 0.9359885454 0.2698895037 0.2260201275 0.3189161718 -0.9219443202 -0.2197979838
-140.3 -47.3 2064.6 -0.7792419195 0.2778098583 -0.5617862344 0.6245644093 0.2698895037 -0.7328566909 -0.0519746169 -0.9219443202 -0.3838193715
35.7 133.0 2377.5 0.1763807684 0.8791832924 -0.4426359534 -0.9265941978 -0.0034333575 -0.3760470450 -0.3321340084 0.4764713645 0.8140405416
80.6 -102.5 2293.1 0.3926587701 0.8791832924 -0.2699182332 -0.5612441301 -0.0034333575 -0.8276431561 -0.7285767794 0.4764713645 0.4920883477
-265.5 -137.0 2183.0 0.4660233557 -0.2049004734 -0.8607195020 0.1007540599 0.9787763357 -0.1784530133 0.8790169954 -0.0035577072 0.4767771959
-186.0 -516.7 2184.4 0.4466576576 0.1723968387 -0.8779386282 -0.0339825340 0.9838213921 0.1758996844 0.8940593600 -0.0487323627 0.4452898204
-175.5 -190.7 2328.3 0.0946263447 -0.1003207788 -0.9904451370 0.1362777799 0.9868487120 -0.0869366303 0.9861410856 -0.1267491728 0.1070533767
-136.6 -573.5 2377.4 0.0638378933 0.2288686037 -0.9713618755 0.0028054139 0.9733022451 0.2295101583 0.9979563355 -0.0173765160 0.0614914931
78.5 -222.7 2079.2 0 0 0 0 0 0 0 0 0
186.3 -253.6 2096.9 0 0 0 0 0 0 0 0 0
-250.3 -883.8 2202.6 0 0 0 0 0 0 0 0 0
-221.9 -936.0 2383.9 0 0 0 0 0 0 0 0 0
72.9 345.8 2284.0 90 0.4846748710 0.5140742064 -0.7076849341 -0.3574552536 0.8548307419 0.3761516809 0.7983207107 0.0706544295 0.5980735421
-28.7 176.8 2270.1 0.4846748710 0.5140742064 -0.7076849341 -0.3574552536 0.8548307419 0.3761516809 0.7983207107 0.0706544295 0.5980735421
-124.2 8.4 2257.9 0.4956113696 0.4920541942 -0.7157178521 -0.3387250900 0.8682947159 0.3623942435 0.7997716665 0.0628248975 0.5970078111
-96.4 223.0 2160.9 0.1491858214 0.2887052298 -0.9457234740 0.9305045605 0.2825767100 0.2330485284 0.3345217407 -0.9147675633 -0.2264851034
-139.7 -47.1 2063.8 -0.7787212133 0.2887052298 -0.5569942594 0.6251566410 0.2825767100 -0.7275503874 -0.0526539981 -0.9147675633 -0.4005344808
38.9 130.6 2379.3 0.1690668166 0.8815722466 -0.4407344162 -0.9199171662 -0.0193734281 -0.3916338980 -0.3537921011 0.4716514349 0.8076980114
81.6 -101.3 2290.1 0.3815739453 0.8815722466 -0.2779059708 -0.5589803457 -0.0193734281 -0.8289545178 -0.7361673117 0.4716514349 0.4853891432
-267.1 -132.6 2179.0 0.4625245929 -0.2121580243 -0.8608484268 0.1129480302 0.9771363139 -0.1801316738 0.8793826103 -0.0139157986 0.4759123921
-184.7 -511.8 2184.4 0.4404990077 0.1758514047 -0.8803617954 -0.0408515781 0.9835385084 0.1760203093 0.8968231678 -0.0415726006 0.4404315650
-179.4 -189.0 2324.7 0.0950892791 -0.1095926389 -0.9894177318 0.1496589333 0.9841986895 -0.0946313888 0.9841545820 -0.1390767694 0.1099882647
-136.9 -570.9 2378.6 0.0594230928 0.2272194177 -0.9720289111 -0.0065800091 0.9738176465 0.2272353023 0.9982112050 -0.0071070651 0.0593623631
78.9 -222.6 2078.5 0 0 0 0 0 0 0 0 0
184.3 -251.9 2091.8 0 0 0 0 0 0 0 0 0
-250.4 -878.9 2199.9 0 0 0 0 0 0 0 0 0
-221.6 -934.0 2381.3 0 0 0 0 0 0 0 0 0
72.3 347.1 2281.5 91 0.4984160364 0.5166741610 -0.6961531639 -0.3538257182 0.8543123007 0.3807333112 0.7914472818 0.0565532967 0.6086155772
-30.0 177.9 2270.3 0.4984160364 0.5166741610 -0.6961531639 -0.3538257182 0.8543123007 0.3807333112 0.7914472818 0.0565532967 0.6086155772
-125.9 9.5 2260.2 0.5084614754 0.4937823713 -0.7054402232 -0.3367030323 0.8680303097 0.3649033904 0.7925263047 0.0519845188 0.6076179743
-99.5 223.9 2162.1 0.1463606358 0.2761448622 -0.9499065876 0.9293394685 0.2906638980 0.2276898175 0.3389789462 -0.9161105156 -0.2140905559
-142.3 -47.8 2063.0 -0.7843326926 0.2761448622 -0.5554873943 0.6190487742 0.2906638980 -0.7295842171 -0.0400107875 -0.9161105156 -0.3989243507
39.4 131.9 2378.5 0.1697045416 0.8892063498 -0.4248675704 -0.9175415039 -0.0147514343 -0.3973662555 -0.3596080244 0.4572684765 0.8133803606
82.8 -102.6 2286.6 0.3742640018 0.8892063498 -0.2631321549 -0.5513910055 -0.0147514343 -0.8341165185 -0.7455832362 0.4572684765 0.4847794771
-264.1 -129.7 2174.1 0.4740882814 -0.2073846161 -0.8557054996 0.1292479783 0.9777291417 -0.1653501540 0.8709393144 -0.0322076455 0.4903339744
-183.7 -509.2 2186.6 0.4479840398 0.1844354272 -0.8748107553 -0.0505326875 0.9821493626 0.1811880916 0.8926123381 -0.0369628370 0.4493072629
-175.4 -190.4 2317.3 0.1137734205 -0.0958210826 -0.9888750911 0.1306267530 0.9881400466 -0.0807208121 0.9848818779 -0.1199896634 0.1249408722
-138.2 -573.8 2363.9 0.1034565121 0.2146410346 -0.9711982012 0.0834940225 0.9711172581 0.2235173136 0.9911233783 -0.1042135730 0.0825471580
78.8 -222.2 2074.3 0 0 0 0 0 0 0 0 0
183.6 -251.1 2085.8 0 0 0 0 0 0 0 0 0
-252.5 -875.7 2200.4 0 0 0 0 0 0 0 0 0
-217.9 -934.3 2402.5 0 0 0 0 0 0 0 0 0
66.7 350.4 2274.2 92 0.5199631453 0.5015153289 -0.6914626956 -0.3366715610 0.8642923236 0.3736991584 0.7850417495 0.0384860411 0.6182460785
-32.1 180.2 2266.7 0.5199631453 0.5015153289 -0.6914626956 -0.3366715610 0.8642923236 0.3736991584 0.7850417495 0.0384860411 0.6182460785
-125.2 10.1 2259.8 0.5286694765 0.4803395569 -0.6998445988 -0.3212366104 0.8763796687 0.3588393927 0.7856943607 0.0351082794 0.6176178455
-104.2 224.0 2159.4 0.1391666830 0.2194112986 -0.9656559229 0.9360833168 0.2889981568 0.2005694509 0.3230799735 -0.9318469763 -0.1651683450
-145.5 -53.3 2063.7 -0.8072652817 0.2194112986 -0.5478882194 0.5901466608 0.2889981568 -0.7537950873 -0.0070524774 -0.9318469763 -0.3627830148
40.1 136.3 2373.9 0.1981263608 0.9358816147 -0.2913272679 -0.9233049750 0.0784280598 -0.3759746850 -0.3290195465 0.3434744179 0.8796427846
91.5 -103.2 2288.6 0.3290320039 0.9358816147 -0.1259507090 -0.5430915952 0.0784280598 -0.8360027075 -0.7725214958 0.3434744179 0.5340747833
-267.2 -128.8 2179.2 0.4948101342 -0.2142447084 -0.8421770334 0.1149954870 0.9767525196 -0.1809158027 0.8613588214 -0.0073275850 0.5079442263
-184.1 -507.8 2182.0 0.4755504131 0.1715332717 -0.8628025055 -0.0221437514 0.9828280210 0.1831905097 0.8794097304 -0.0680106357 0.4711826444
-176.2 -189.1 2321.1 0.1319707185 -0.1061193720 -0.9855569005 0.1239052787 0.9882210493 -0.0898147300 0.9834791422 -0.1102627888 0.1435649991
-135.0 -572.7 2363.9 0.1193699688 0.2309165746 -0.9656233191 0.0704148039 0.9681593180 0.2402276695 0.9903497100 -0.0966701433 0.0993091986
81.6 -219.3 2065.6 0 0 0 0 0 0 0 0 0
180.0 -249.3 2080.8 0 0 0 0 0 0 0 0 0
-248.1 -874.5 2207.4 0 0 0 0 0 0 0 0 0
-220.9 -933.0 2399.9 0 0 0 0 0 0 0 0 0
63.5 351.1 2270.6 93 0.5189852118 0.5028376579 -0.6912370324 -0.3303522170 0.8638265133 0.3803566396 0.7883664966 0.0309522040 0.6144267321
-35.8 180.6 2264.5 0.5189852118 0.5028376579 -0.6912370324 -0.3303522170 0.8638265133 0.3803566396 0.7883664966 0.0309522040 0.6144267321
-129.8 10.8 2259.1 0.5268274546 0.4841425121 -0.6986120939 -0.3165396154 0.8745537996 0.3673668206 0.7888317108 0.0275994800 0.6139892340
-107.8 223.8 2156.7 0.1287825406 0.1861870736 -0.9740377069 0.9416586757 0.2850318253 0.1789853126 0.3109565079 -0.9402612448 -0.1386175603
-146.2 -57.0 2064.0 -0.8225700855 0.1861870736 -0.5373200774 0.5685847402 0.2850318253 -0.7716658711 0.0094791101 -0.9402612448 -0.3403217793
36.1 137.3 2372.2 0.2227324843 0.9430876970 -0.2469328791 -0.9212272763 0.1207396016 -0.3698138297 -0.3189522922 0.3098508716 0.8956907392
93.8 -101.0 2289.7 0.3235320151 0.9430876970 -0.0768936947 -0.5485843420 0.1207396016 -0.8273313642 -0.7709618807 0.3098508716 0.5564262867
-265.8 -131.2 2182.6 0.4974270463 -0.2118212879 -0.8412479162 0.1084625199 0.9773081541 -0.1819469184 0.8606987000 -0.0007385542 0.5091141462
-183.6 -510.5 2182.9 0.4754343629 0.1815874428 -0.8608067036 -0.0404972248 0.9819461703 0.1847747266 0.8788186312 -0.0529879741 0.4742047489
-171.1 -188.7 2323.3 0.1350835860 -0.1005593240 -0.9857181311 0.1015883163 0.9909995198 -0.0871763751 0.9856126308 -0.0883613527 0.1440834254
-132.1 -573.3 2357.6 0.1359843761 0.2434362620 -0.9603369236 0.1051388532 0.9603210688 0.2583199739 0.9851162434 -0.1360962093 0.1049940586
85.4 -217.1 2061.3 0 0 0 0 0 0 0 0 0
180.8 -248.7 2082.2 0 0 0 0 0 0 0 0 0
-251.3 -876.9 2202.7 0 0 0 0 0 0 0 0 0
-222.7 -931.0 2408.3 0 0 0 0 0 0 0 0 0
66.8 349.7 2262.3 94 0.5357159972 0.5213889480 -0.6642001867 -0.3292405605 0.8533165455 0.4042913616 0.7775660753 0.0020963030 0.6287977099
-36.1 181.3 2261.9 0.5357159972 0.5213889480 -0.6642001867 -0.3292405605 0.8533165455 0.4042913616 0.7775660753 0.0020963030 0.6287977099
-133.2 13.3 2260.5 0.5413021445 0.5009774566 -0.6752877831 -0.3198494315 0.8654300570 0.3856515586 0.7776170969 0.0072363783 0.6286965013
-110.0 225.0 2155.7 0.1092633903 0.1768081337 -0.9781617522 0.9458182454 0.2842040360 0.1570219845 0.3057602942 -0.9423199892 -0.1361752599
-143.2 -62.4 2062.7 -0.8312737346 0.1768081337 -0.5269941092 0.5557413697 0.2842040360 -0.7812679410 0.0116393408 -0.9423199892 -0.3345109522
37.9 137.6 2368.1 0.2354771495 0.9457966089 -0.2236500233 -0.9278451800 0.1502909511 -0.3413443267 -0.2892297208 0.2878913879 0.9129428864
97.1 -95.7 2295.4 0.3217279017 0.9457966089 -0.0442716144 -0.5544512868 0.1502909511 -0.8185330629 -0.7675121427 0.2878913879 0.5727509260
-270.9 -130.5 2183.1 0.5162439942 -0.2259663939 -0.8260940313 0.1318951249 0.9740350246 -0.1840094626 0.8462244272 -0.0139639936 0.5326435566
-183.2 -508.6 2188.5 0.4866080880 0.1960098743 -0.8513475657 -0.0682441071 0.9800559282 0.1866364628 0.8709508181 -0.0327193551 0.4902796447
-176.6 -187.2 2324.4 0.1636509448 -0.1095484048 -0.9804170132 0.0979433432 0.9907094240 -0.0943497717 0.9816442728 -0.0805848911 0.1728600860
-134.0 -571.8 2355.7 0.1649153680 0.2334436327 -0.9582833648 0.1031464189 0.9621770382 0.2521431148 0.9808994532 -0.1404257715 0.1345989108
92.4 -220.0 2059.4 0 0 0 0 0 0 0 0 0
183.7 -245.0 2088.7 0 0 0 0 0 0 0 0 0
-256.4 -874.2 2200.7 0 0 0 0 0 0 0 0 0
-221.1 -930.5 2408.0 0 0 0 0 0 0 0 0 0
63.8 348.3 2263.6 95 0.5372263193 0.5119650364 -0.6702833176 -0.3295680881 0.8589438796 0.3919187486 0.7763844132 0.0103549128 0.6301745772
-37.2 179.0 2261.6 0.5372263193 0.5119650364 -0.6702833176 -0.3295680881 0.8589438796 0.3919187486 0.7763844132 0.0103549128 0.6301745772
-133.3 10.4 2259.9 0.5439388752 0.4953897297 -0.6772884130 -0.3180563748 0.8686265349 0.3799053133 0.7765118480 0.0087706223 0.6300415993
-111.5 222.4 2155.5 0.0915650725 0.1729617566 -0.9806630611 0.9465252161 0.2908294797 0.1396718472 0.3093636036 -0.9410113692 -0.1370828450
-139.4 -66.3 2061.2 -0.8406177163 0.1729617566 -0.5132699609 0.5414766669 0.2908294797 -0.7888100147 0.0128400661 -0.9410113692 -0.3381311595
37.1 135.5 2367.7 0.2325009853 0.9380825162 -0.2567965984 -0.9289869666 0.1360199898 -0.3442117870 -0.2879695892 0.3185902834 0.9030911922
95.2 -96.7 2295.7 0.3389926255 0.9380825162 -0.0713106915 -0.5497750044 0.1360199898 -0.8241637945 -0.7634339929 0.3185902834 0.5618441105
-278.9 -125.9 2189.5 0.5193738937 -0.2484184504 -0.8176423311 0.1198161840 0.9685313702 -0.2181536555 0.8461056948 0.0153365256 0.5327944756
-182.5 -501.6 2183.5 0.4954027534 0.1823428124 -0.8493098617 -0.0497504883 0.9820712805 0.1818265915 0.8672375679 -0.0478238128 0.4955924451
-181.9 -183.3 2328.8 0.1559852213 -0.1365766823 -0.9782716632 0.1574769169 0.9811655879 -0.1118710414 0.9751254320 -0.1366049796 0.1745550036
-129.0 -563.4 2381.7 0.1143571585 0.2480475903 -0.9619744420 -0.0121499123 0.9686037302 0.2483126074 0.9933654070 -0.0167084206 0.1137805283
99.3 -220.0 2057.5 0 0 0 0 0 0 0 0 0
186.5 -244.7 2090.1 0 0 0 0 0 0 0 0 0
-250.6 -868.1 2201.4 0 0 0 0 0 0 0 0 0
-220.8 -921.9 2387.9 0 0 0 0 0 0 0 0 0
60.9 346.1 2265.3 96 0.5403022170 0.5009309649 -0.6761225462 -0.3297228217 0.8652803898 0.3775879741 0.7741810679 0.0189214107 0.6326813102
-37.6 175.9 2261.6 0.5403022170 0.5009309649 -0.6761225462 -0.3297228217 0.8652803898 0.3775879741 0.7741810679 0.0189214107 0.6326813102
-131.2 5.9 2258.1 0.5473852158 0.4821421206 -0.6840383410 -0.3171776831 0.8759090900 0.3635677695 0.7744467258 0.0179500859 0.6323844194
-112.4 219.3 2155.8 0.0844423026 0.1564064622 -0.9840764999 0.9488099813 0.2890336812 0.1273543686 0.3043502867 -0.9444556832 -0.1239933521
-138.1 -69.1 2063.3 -0.8476921916 0.1564064622 -0.5069072247 0.5300391316 0.2890336812 -0.7971938252 0.0218269862 -0.9444556832 -0.3279131353
37.2 132.6 2367.4 0.2349640429 0.9293971658 -0.2846275270 -0.9265571833 0.1256680191 -0.3545409739 -0.2937407792 0.3470280766 0.8906670809
96.1 -99.8 2293.7 0.3559735119 0.9293971658 -0.0974873975 -0.5535637140 0.1256680191 -0.8232707381 -0.7528944612 0.3470280766 0.5592150092
-278.1 -129.7 2188.6 0.5166726708 -0.2478017360 -0.8195386529 0.1172841415 0.9686614871 -0.2189505994 0.8481118679 0.0170069002 0.5295441151
-182.0 -505.6 2182.0 0.4926020801 0.1907299757 -0.8490967155 -0.0390596241 0.9795500636 0.1973729134 0.8693776727 -0.0640609190 0.4899782538
-180.7 -186.7 2327.8 0.1531832963 -0.1338506341 -0.9790908694 0.1418563724 0.9835011959 -0.1122594774 0.9779630303 -0.1216939986 0.1696435213
-128.8 -568.1 2375.0 0.1221744493 0.2520756423 -0.9599642158 0.0193405598 0.9664216042 0.2562327385 0.9923201799 -0.0498713404 0.1131967455
103.6 -220.2 2057.1 0 0 0 0 0 0 0 0 0
191.9 -248.8 2091.0 0 0 0 0 0 0 0 0 0
-253.1 -871.1 2206.0 0 0 0 0 0 0 0 0 0
-222.4 -927.1 2393.5 0 0 0 0 0 0 0 0 0
59.6 345.3 2265.6 97 0.5246345997 0.5006264448 -0.6885722280 -0.3108661771 0.8656252027 0.3924987316 0.7925406694 0.0081353923 0.6097647548
-39.1 174.8 2264.0 0.5246345997 0.5006264448 -0.6885722280 -0.3108661771 0.8656252027 0.3924987316 0.7925406694 0.0081353923 0.6097647548
-132.5 4.6 2263.0 0.5323793292 0.4810546339 -0.6965333223 -0.2971207201 0.8766732216 0.3783692718 0.7926484346 0.0055184970 0.6096540093
-111.8 215.3 2155.8 0.0833334252 0.1674010605 -0.9823606610 0.9481017590 0.2902293503 0.1298843473 0.3068526685 -0.9422015548 -0.1345274299
-136.9 -71.0 2063.1 -0.8520032167 0.1674010605 -0.4960517883 0.5234436393 0.2902293503 -0.8011078238 0.0098625002 -0.9422015548 -0.3349013627
33.6 134.2 2372.3 0.2530148625 0.9420479536 -0.2202933431 -0.9157848358 0.1597844809 -0.3685200810 -0.3119641244 0.2949823737 0.9031410813
99.6 -104.4 2291.0 0.3335230052 0.9420479536 -0.0361673310 -0.5408662558 0.1597844809 -0.8257921338 -0.7721567750 0.2949823737 0.5628137589
-273.8 -135.6 2185.2 0.5048805475 -0.2326275408 -0.8312520981 0.1189766154 0.9725638032 -0.1999106407 0.8549504280 0.0020314297 0.5187057853
-183.5 -513.1 2184.4 0.4805464149 0.1892857999 -0.8562978506 -0.0405034423 0.9801770449 0.1939393133 0.8760334849 -0.0585138313 0.4786872864
-175.7 -192.5 2324.0 0.1363451183 -0.1082763299 -0.9847264886 0.1466825306 0.9852592349 -0.0880252644 0.9797419310 -0.1324403584 0.1502175331
-133.7 -574.6 2375.4 0.1005507037 0.2399118841 -0.9655733109 -0.0030255329 0.9705610871 0.2408361137 0.9949273467 -0.0212948676 0.0983164608
106.4 -220.5 2060.3 0 0 0 0 0 0 0 0 0
189.3 -249.9 2083.2 0 0 0 0 0 0 0 0 0
-254.2 -878.9 2206.3 0 0 0 0 0 0 0 0 0
-223.0 -935.9 2383.3 0 0 0 0 0 0 0 0 0
57.0 343.1 2266.8 98 0.5300157666 0.4897840917 -0.6922389865 -0.3100498021 0.8717385530 0.3793955743 0.7892733216 0.0135429362 0.6138926744
-39.4 171.5 2264.1 0.5300157666 0.4897840917 -0.6922389865 -0.3100498021 0.8717385530 0.3793955743 0.7892733216 0.0135429362 0.6138926744
-130.5 0.2 2262.5 0.5387103558 0.4697692394 -0.6993625760 -0.2941522598 0.8827497363 0.3663704693 0.7894717455 0.0083515150 0.6137301326
-112.9 211.7 2156.3 0.0781128779 0.1635515541 -0.9834374785 0.9485545158 0.2914048731 0.1238045618 0.3068269193 -0.9425147772 -0.1323750913
-136.4 -72.9 2064.2 -0.8523030877 0.1635515541 -0.4968202412 0.5228671432 0.2914048731 -0.8010575175 0.0137616405 -0.9425147772 -0.3338810205
34.2 131.4 2372.0 0.2468168736 0.9422173500 -0.2265125215 -0.9187378883 0.1531715840 -0.3639493883 -0.3082241416 0.2979345024 0.9034560919
97.6 -104.6 2292.8 0.3322970569 0.9422173500 -0.0424871072 -0.5401201248 0.1531715840 -0.8275316954 -0.7732068896 0.2979345024 0.5598090291
