250.2 350.8 2453.3 4 0.5762194395 0.7197099328 -0.3872838616 -0.4382476509 0.6720628738 0.5968839526 0.6898624301 -0.1742098927 0.7026668787
106.2 216.3 2488.2 0.5762194395 0.7197099328 -0.3872838616 -0.4382476509 0.6720628738 0.5968839526 0.6898624301 -0.1742098927 0.7026668787
-32.9 78.6 2522.2 0.5895440578 0.6997967362 -0.4033885002 -0.4254289865 0.6935378909 0.5813909173 0.6866206527 -0.1711423993 0.7065849900
23.4 276.0 2391.8 0.2079449296 0.2616109252 -0.9425065517 0.9461927414 0.1904544681 0.2616225183 0.2479479015 -0.9461959600 -0.2079303265
-28.2 41.2 2330.3 -0.6375828981 0.2616109252 -0.7246018052 0.7700878978 0.1904544681 -0.6088445783 -0.0212767497 -0.9461959600 -0.3228939176
189.1 156.6 2584.5 0.1514294297 0.9884114265 0.0105846561 -0.8051820993 0.1171323285 0.5813448429 0.5733680725 -0.0965552926 0.8135884404
241.2 -120.6 2781.9 -0.1098381728 0.9884114265 0.1047782600 0.1128160805 0.1171323285 -0.9866876602 -0.9875262380 -0.0965552926 -0.1243743002
-224.1 -15.0 2483.6 0.6883450747 -0.0443250798 -0.7240278721 0.0223421231 0.9989532828 -0.0399150252 0.7250392437 0.0112989917 0.6886148453
-206.5 -412.2 2479.1 0.6862660646 0.0535100177 -0.7253795862 -0.0588355735 0.9981060028 0.0179655068 0.7249670625 0.0303490069 0.6881145835
-114.9 -101.8 2602.5 0.3662764132 -0.2070031315 -0.9071886539 0.1274451613 0.9769135714 -0.1714571863 0.9217371345 -0.0528160855 0.3842019737
-32.6 -490.1 2623.5 0.3616683185 0.0580939166 -0.9304950833 -0.0436300598 0.9980178475 0.0453512929 0.9312853813 0.0241954308 0.3634860814
143.0 -165.6 2336.0 0 0 0 0 0 0 0 0 0
211.8 -90.4 2517.0 0 0 0 0 0 0 0 0 0
-225.0 -757.0 2468.6 0 0 0 0 0 0 0 0 0
-46.5 -728.2 2617.7 0 0 0 0 0 0 0 0 0
244.8 350.4 2458.0 5 0.5642589927 0.7118686438 -0.4181564748 -0.4189487100 0.6833218336 0.5979575515 0.7114027143 -0.1622168273 0.6838068962
102.3 213.6 2490.5 0.5642589927 0.7118686438 -0.4181564748 -0.4189487100 0.6833218336 0.5979575515 0.7114027143 -0.1622168273 0.6838068962
-34.5 73.0 2522.5 0.5800636411 0.6879168749 -0.4362298846 -0.4032416940 0.7078142166 0.5799958110 0.7077586651 -0.1605284363 0.6879740953
20.8 270.2 2391.1 0.1787421554 0.2680337727 -0.9466832280 0.9523648620 0.1945011914 0.2348838747 0.2470878214 -0.9435715079 -0.2205003798
-23.7 33.4 2329.6 -0.6455898881 0.2680337727 -0.7151024938 0.7632395625 0.1945011914 -0.6161450148 -0.0260593779 -0.9435715079 -0.3301419616
183.8 156.9 2589.9 0.1541343480 0.9877174497 -0.0256301071 -0.7945238948 0.1393229216 0.5910337567 0.5873452425 -0.0707348734 0.8062395453
236.9 -116.9 2792.4 -0.0849342793 0.9877174497 0.1311505437 0.0987549052 0.1393229216 -0.9853103757 -0.9914805293 -0.0707348734 -0.1093752310
-226.1 -20.1 2493.4 0.6694841981 -0.0451131687 -0.7414551377 0.0086384602 0.9985594749 -0.0529564992 0.7427760959 0.0290485099 0.6689094901
-208.2 -417.1 2481.8 0.6677691340 0.0480717942 -0.7428146005 -0.0569521673 0.9982869029 0.0134064965 0.7421865463 0.0333524570 0.6693629622
-118.1 -97.9 2619.0 0.3511493206 -0.2137395591 -0.9115972519 0.0870029628 0.9768325686 -0.1955213547 0.9322685599 -0.0106544681 0.3616100550
-33.2 -485.9 2623.2 0.3470554352 0.0542965233 -0.9362715483 -0.0409760140 0.9982472062 0.0427017212 0.9369490147 0.0235448107 0.3486720026
149.7 -171.5 2336.6 0 0 0 0 0 0 0 0 0
214.1 -90.4 2526.2 0 0 0 0 0 0 0 0 0
-224.6 -757.6 2470.4 0 0 0 0 0 0 0 0 0
-46.3 -727.3 2617.5 0 0 0 0 0 0 0 0 0
242.4 354.4 2460.4 6 0.5539057255 0.7046372294 -0.4434803128 -0.3978285193 0.6919149160 0.6024833918 0.7313828468 -0.1572898775 0.6635804176
101.5 216.0 2491.9 0.5539057255 0.7046372294 -0.4434803128 -0.3978285193 0.6919149160 0.6024833918 0.7313828468 -0.1572898775 0.6635804176
-33.9 73.9 2523.5 0.5701816082 0.6807845235 -0.4598101079 -0.3812992573 0.7150753736 0.5858993530 0.7276701331 -0.1587437987 0.6673054695
21.3 269.6 2389.6 0.1664999425 0.2435671091 -0.9554856420 0.9585283995 0.1873278320 0.2147827297 0.2313030660 -0.9516214132 -0.2022759169
-20.6 28.3 2331.3 -0.6504049897 0.2435671091 -0.7194778323 0.7593977451 0.1873278320 -0.6230757236 -0.0169825405 -0.9516214132 -0.3068032563
181.6 162.4 2594.1 0.1528170556 0.9868782163 -0.0521373078 -0.7811591625 0.1529404968 0.6053094864 0.6053406596 -0.0517740697 0.7942808867
234.3 -106.9 2802.9 -0.0644520968 0.9868782163 0.1480448395 0.0791330785 0.1529404968 -0.9850620031 -0.9947783351 -0.0517740697 -0.0879520476
-224.3 -30.6 2489.6 0.6536480188 -0.0345172994 -0.7560111284 0.0130854752 0.9993254542 -0.0343126170 0.7566855550 0.0125356102 0.6536588073
-210.6 -427.9 2484.6 0.6522697806 0.0428986847 -0.7567719817 -0.0622685701 0.9980552197 0.0029062277 0.7554249167 0.0452274643 0.6536724567
-118.0 -104.5 2619.3 0.3359834850 -0.2211891413 -0.9155274034 0.0798949227 0.9752233624 -0.2062914073 0.9384731650 -0.0038354846 0.3453308344
-30.2 -492.0 2620.8 0.3309393525 0.0640031323 -0.9414790273 -0.0305019654 0.9979014397 0.0571170636 0.9431589246 0.0098146759 0.3321970701
154.1 -175.7 2335.9 0 0 0 0 0 0 0 0 0
217.0 -85.7 2535.7 0 0 0 0 0 0 0 0 0
-224.8 -757.3 2469.7 0 0 0 0 0 0 0 0 0
-45.4 -729.9 2618.4 0 0 0 0 0 0 0 0 0
241.1 354.6 2461.1 7 0.5432096720 0.7001841068 -0.4633200467 -0.3772673309 0.6965454221 0.6103227735 0.7500617504 -0.1567377150 0.6425268054
100.8 215.1 2492.5 0.5432096720 0.7001841068 -0.4633200467 -0.3772673309 0.6965454221 0.6103227735 0.7500617504 -0.1567377150 0.6425268054
-33.4 71.9 2524.4 0.5604144931 0.6750724912 -0.4798048735 -0.3595435917 0.7201910615 0.5933407545 0.7460991740 -0.1600059718 0.6463235021
22.1 265.6 2387.6 0.1636090726 0.2320791036 -0.9588385224 0.9624105096 0.1760362685 0.2068267167 0.2167905271 -0.9566349983 -0.1945542246
-18.6 26.3 2333.7 -0.6509525776 0.2320791036 -0.7227724195 0.7588984370 0.1760362685 -0.6269643903 -0.0182711650 -0.9566349983 -0.2907157540
179.6 164.5 2597.4 0.1504072547 0.9857794642 -0.0749436095 -0.7669501901 0.1641807556 0.6203483939 0.6238309741 -0.0358268768 0.7807376981
231.5 -100.0 2812.5 -0.0459642634 0.9857794642 0.1616359204 0.0583671406 0.1641807556 -0.9847019911 -0.9972364902 -0.0358268768 -0.0650835708
-221.4 -33.2 2488.4 0.6399739981 -0.0262193326 -0.7679491043 -0.0031651321 0.9993192554 -0.0367564522 0.7683900595 0.0259538349 0.6394553185
-211.0 -430.5 2478.1 0.6386209130 0.0457024425 -0.7681631446 -0.0449990220 0.9987445474 0.0220106207 0.7682046890 0.0205101483 0.6398757100
-116.9 -103.1 2621.8 0.3260498643 -0.2239858806 -0.9184344411 0.0625022575 0.9745076895 -0.2154722214 0.9432841539 0.0128504597 0.3317376971
-27.9 -490.4 2616.7 0.3209998310 0.0721066147 -0.9443303347 -0.0242247283 0.9973963499 0.0679240525 0.9467694163 0.0010725386 0.3219107985
156.2 -177.5 2338.6 0 0 0 0 0 0 0 0 0
219.1 -84.3 2544.6 0 0 0 0 0 0 0 0 0
-226.1 -760.9 2471.3 0 0 0 0 0 0 0 0 0
-45.3 -730.5 2616.4 0 0 0 0 0 0 0 0 0
240.7 361.2 2461.4 8 0.5404141545 0.6922784448 -0.4782291055 -0.3578573167 0.7035141587 0.6140081286 0.7615055442 -0.1606808901 0.6279259324
101.7 219.9 2493.7 0.5404141545 0.6922784448 -0.4782291055 -0.3578573167 0.7035141587 0.6140081286 0.7615055442 -0.1606808901 0.6279259324
-31.2 75.6 2525.9 0.5552972555 0.6684120893 -0.4948436916 -0.3422219455 0.7259529829 0.5965537429 0.7579770088 -0.1619182825 0.6318649650
23.6 268.1 2387.1 0.1565832943 0.2252967507 -0.9616252184 0.9652429819 0.1713752747 0.1973234564 0.2092551142 -0.9590995312 -0.1906315982
-16.4 21.3 2333.6 -0.6581253409 0.2252967507 -0.7184095979 0.7526397109 0.1713752747 -0.6357389688 -0.0201122761 -0.9590995312 -0.2823536992
179.8 171.8 2600.3 0.1518345028 0.9841089249 -0.0920643955 -0.7561941147 0.1756388098 0.6303343773 0.6364877820 -0.0260879528 0.7708454728
232.1 -89.1 2819.9 -0.0342662893 0.9841089249 0.1742279828 0.0436922610 0.1756388098 -0.9834846258 -0.9984571934 -0.0260879528 -0.0490164347
-218.9 -38.2 2487.8 0.6309099793 -0.0203982648 -0.7755877972 -0.0042375675 0.9995487928 -0.0297356211 0.7758444548 0.0220471062 0.6305388808
-210.8 -435.6 2479.1 0.6294285655 0.0473123081 -0.7756166458 -0.0487001054 0.9985843301 0.0213921312 0.7755307555 0.0243077949 0.6308416128
-116.2 -104.2 2624.6 0.3200097680 -0.2230365127 -0.9207868576 0.0520560779 0.9745658636 -0.2179715186 0.9459830523 0.0218204632 0.3234809935
-27.5 -491.6 2615.9 0.3151038885 0.0756851956 -0.9460344911 -0.0250628386 0.9971310496 0.0714251548 0.9487261772 0.0012039669 0.3160967529
160.3 -180.8 2339.0 0 0 0 0 0 0 0 0 0
222.9 -77.3 2551.5 0 0 0 0 0 0 0 0 0
-226.1 -758.9 2471.2 0 0 0 0 0 0 0 0 0
-45.5 -727.8 2615.6 0 0 0 0 0 0 0 0 0
237.5 361.8 2470.1 9 0.5300354362 0.6874965429 -0.4963979423 -0.3586651087 0.7122099400 0.6034204960 0.7683891058 -0.1417936385 0.6240775585
100.3 219.8 2498.4 0.5300354362 0.6874965429 -0.4963979423 -0.3586651087 0.7122099400 0.6034204960 0.7683891058 -0.1417936385 0.6240775585
-32.2 74.5 2527.5 0.5444231629 0.6665979624 -0.5091665387 -0.3433313668 0.7309206724 0.5898122787 0.7653280497 -0.1462946236 0.6267940998
23.7 268.1 2390.7 0.1593493372 0.2194181234 -0.9625297189 0.9632081985 0.1791830212 0.2003081888 0.2164202332 -0.9590355158 -0.1827926338
-16.9 22.2 2335.5 -0.6572087407 0.2194181234 -0.7210633755 0.7536481023 0.1791830212 -0.6323828101 -0.0095539317 -0.9590355158 -0.2831246853
176.9 171.4 2606.1 0.1458415687 0.9832840562 -0.1090077534 -0.7590213418 0.1818827689 0.6251442432 0.6345209479 -0.0084328018 0.7728596330
227.2 -90.4 2825.0 -0.0176911894 0.9832840562 0.1812166572 0.0493408851 0.1818827689 -0.9820815325 -0.9986252785 -0.0084328018 -0.0517338254
-215.0 -37.3 2488.7 0.6177487373 -0.0161300395 -0.7862101197 -0.0098430049 0.9995526671 -0.0282409601 0.7863139510 0.0251844861 0.6173136234
-208.5 -434.7 2478.6 0.6161222458 0.0527792089 -0.7858802676 -0.0501180775 0.9983575344 0.0277569741 0.7860544324 0.0222851187 0.6177554727
-113.2 -100.0 2627.7 0.3039070070 -0.2186968774 -0.9272605777 0.0468806662 0.9755496383 -0.2147209644 0.9515475631 0.0217846129 0.3067290187
-26.2 -487.9 2619.0 0.2979654372 0.0819559544 -0.9510519505 -0.0389162488 0.9965221882 0.0736818165 0.9537830353 0.0150567405 0.3001185954
159.6 -180.2 2338.1 0 0 0 0 0 0 0 0 0
222.5 -77.2 2556.6 0 0 0 0 0 0 0 0 0
-225.8 -760.4 2471.4 0 0 0 0 0 0 0 0 0
-45.9 -727.1 2615.4 0 0 0 0 0 0 0 0 0
237.0 364.5 2464.9 0 0.5429334044 0.6912648082 -0.4768399298 -0.3657341599 0.7057786584 0.6067248583 0.7559509277 -0.1550145298 0.6360099316
98.6 223.2 2496.0 0.5429334044 0.6912648082 -0.4768399298 -0.3657341599 0.7057786584 0.6067248583 0.7559509277 -0.1550145298 0.6360099316
-33.7 78.0 2526.6 0.5579077005 0.6655524969 -0.4957609475 -0.3498848975 0.7303189039 0.5866982341 0.7525420785 -0.1538641900 0.6403173208
20.1 272.4 2390.1 0.1480876803 0.2039745301 -0.9677109122 0.9665911794 0.1771489829 0.1852558553 0.2092164904 -0.9628149271 -0.1709263921
-18.2 22.4 2336.0 -0.6635414362 0.2039745301 -0.7197965980 0.7481338382 0.1771489829 -0.6394638419 -0.0029230900 -0.9628149271 -0.2701459229
177.1 174.0 2601.8 0.1558950990 0.9834092855 -0.0927518457 -0.7637472749 0.1795533150 0.6200408936 0.6264078617 -0.0258223694 0.7790676355
230.9 -89.6 2818.0 -0.0364611000 0.9834092855 0.1776985526 0.0562052093 0.1795533150 -0.9821413159 -0.9977532625 -0.0258223694 -0.0618194342
-214.6 -39.3 2486.4 0.6322213411 -0.0134146987 -0.7746716738 0.0008003338 0.9998608828 -0.0166610517 0.7747873664 0.0099134762 0.6321441531
-209.2 -436.8 2482.5 0.6300562620 0.0542212427 -0.7746542096 -0.0622417778 0.9978759885 0.0192218088 0.7740510702 0.0361050330 0.6320928335
-114.7 -102.3 2626.8 0.3174004853 -0.2129382938 -0.9240747690 0.0602447800 0.9770221710 -0.2044463307 0.9463759661 0.0092206839 0.3229357302
-30.1 -490.7 2623.1 0.3113921583 0.0708079934 -0.9476397634 -0.0527931973 0.9969689846 0.0571461730 0.9488139153 0.0322340615 0.3141865134
160.0 -178.5 2336.8 0 0 0 0 0 0 0 0 0
221.1 -74.5 2549.8 0 0 0 0 0 0 0 0 0
-226.6 -757.0 2470.9 0 0 0 0 0 0 0 0 0
-46.8 -725.9 2615.5 0 0 0 0 0 0 0 0 0
237.1 366.4 2463.9 1 0.5565561652 0.6895142198 -0.4634817541 -0.3782593608 0.7069930434 0.5975622535 0.7397060990 -0.1572606266 0.6542965770
98.8 224.6 2495.4 0.5565561652 0.6895142198 -0.4634817541 -0.3782593608 0.7069930434 0.5975622535 0.7397060990 -0.1572606266 0.6542965770
-32.9 78.8 2526.1 0.5720540285 0.6622172594 -0.4839653671 -0.3617466390 0.7332570553 0.5757372975 0.7361342311 -0.1542799920 0.6590175033
18.3 275.5 2391.9 0.1479888409 0.2268448621 -0.9626218081 0.9645185471 0.1820753217 0.1911870688 0.2186394781 -0.9567601681 -0.1918509752
-20.3 23.7 2334.8 -0.6633771658 0.2268448621 -0.7130723000 0.7481365800 0.1820753217 -0.6380754113 -0.0149112670 -0.9567601681 -0.2904955447
179.3 173.7 2599.0 0.1679144800 0.9826826453 -0.0783550218 -0.7738130093 0.1806327701 0.6071121693 0.6107521057 -0.0413107835 0.7907435298
237.2 -93.3 2809.7 -0.0551862791 0.9826826453 0.1768876910 0.0724762082 0.1806327701 -0.9808766246 -0.9958422184 -0.0413107835 -0.0811895654
-217.2 -35.1 2488.2 0.6464887261 -0.0149341254 -0.7627773881 -0.0030911977 0.9997488856 -0.0221936312 0.7629172802 0.0167058278 0.6462802291
-211.2 -432.5 2481.5 0.6446995139 0.0518164113 -0.7626779079 -0.0533181131 0.9983182549 0.0227554888 0.7625744343 0.0259940941 0.6463780403
-114.8 -99.3 2626.2 0.3318212926 -0.2093038857 -0.9198296070 0.0597849824 0.9777808785 -0.2009235322 0.9414458871 0.0116787078 0.3369617462
-31.6 -488.0 2621.6 0.3275060952 0.0580646470 -0.9430632591 -0.0464907177 0.9978912473 0.0452951714 0.9437046051 0.0290092416 0.3295149207
157.8 -177.3 2338.8 0 0 0 0 0 0 0 0 0
222.4 -73.8 2542.0 0 0 0 0 0 0 0 0 0
-228.1 -757.1 2473.1 0 0 0 0 0 0 0 0 0
-45.5 -727.1 2614.6 0 0 0 0 0 0 0 0 0
234.6 362.7 2456.8 2 0.5668369532 0.6912692189 -0.4481548369 -0.3650763631 0.6984317303 0.6155586243 0.7385222912 -0.1853106171 0.6482629180
96.0 222.6 2494.0 0.5668369532 0.6912692189 -0.4481548369 -0.3650763631 0.6984317303 0.6155586243 0.7385222912 -0.1853106171 0.6482629180
-36.4 79.0 2530.3 0.5811846852 0.6663583517 -0.4671090245 -0.3500553370 0.7229003310 0.5957150459 0.7346329689 -0.1827064455 0.6534008980
14.2 271.9 2390.6 0.1494423747 0.2354584336 -0.9603261352 0.9610942602 0.1935920119 0.1970279366 0.2323033661 -0.9524082541 -0.1973668933
-23.9 26.5 2331.3 -0.6672254801 0.2354584336 -0.7066608071 0.7447320819 0.1935920119 -0.6386675239 -0.0135757718 -0.9524082541 -0.3045229912
177.8 173.4 2597.3 0.1713932455 0.9834275842 -0.0591150671 -0.7608875632 0.1702474058 0.6261516809 0.6258389950 -0.0623382479 0.7774570584
236.9 -89.1 2813.2 -0.0717656985 0.9834275842 0.1664929986 0.0497885384 0.1702474058 -0.9841427207 -0.9961780906 -0.0623382479 -0.0611813441
-217.0 -33.8 2489.2 0.6595650315 -0.0221906956 -0.7513198256 0.0000264159 0.9995647669 -0.0294995736 0.7516474724 0.0194370411 0.6592785716
-208.1 -431.2 2481.5 0.6572110057 0.0582051538 -0.7514557838 -0.0625201166 0.9977876544 0.0226060860 0.7511091232 0.0321241356 0.6593960524
-112.0 -100.2 2624.3 0.3505634069 -0.2051608264 -0.9137911797 0.0685542971 0.9787146449 -0.1934372634 0.9340265393 0.0051677176 0.3571662009
-30.5 -489.3 2622.2 0.3458084762 0.0604640208 -0.9363549352 -0.0514315814 0.9976428151 0.0454272330 0.9368944764 0.0324490927 0.3481031060
155.3 -173.5 2335.0 0 0 0 0 0 0 0 0 0
217.6 -75.8 2545.5 0 0 0 0 0 0 0 0 0
-227.0 -755.4 2471.1 0 0 0 0 0 0 0 0 0
-45.0 -728.7 2614.4 0 0 0 0 0 0 0 0 0
232.3 361.6 2467.3 3 0.5475928187 0.6956107020 -0.4650460482 -0.3711321354 0.7000335455 0.6100934148 0.7499353290 -0.1614892483 0.6414968371
93.3 221.8 2499.6 0.5475928187 0.6956107020 -0.4650460482 -0.3711321354 0.7000335455 0.6100934148 0.7499353290 -0.1614892483 0.6414968371
-40.1 78.2 2532.0 0.5632287264 0.6717100143 -0.4812266529 -0.3548639715 0.7225758433 0.5932585597 0.7462204695 -0.1633702517 0.6453411579
14.1 271.7 2394.6 0.1630429626 0.2340703607 -0.9584508538 0.9539047480 0.2106853575 0.2137226611 0.2519577146 -0.9491168261 -0.1889300793
-27.8 26.6 2329.8 -0.6980626583 0.2340703607 -0.6766975522 0.7159143090 0.2106853575 -0.6656413078 -0.0132366382 -0.9491168261 -0.3146459162
172.6 171.8 2604.5 0.1553251594 0.9849196076 -0.0762066767 -0.7644419670 0.1686991304 0.6222290993 0.6257016659 -0.0383922495 0.7791171074
226.2 -91.9 2820.4 -0.0482821241 0.9849196076 0.1661390960 0.0549175516 0.1686991304 -0.9841365218 -0.9973228574 -0.0383922495 -0.0622345284
-222.1 -32.5 2499.2 0.6419234276 -0.0278101880 -0.7662642598 -0.0100799724 0.9989496469 -0.0446993932 0.7667024732 0.0364175104 0.6409687996
-211.1 -429.7 2484.7 0.6401339173 0.0499859490 -0.7666354775 -0.0656932816 0.9977877140 0.0102041559 0.7654495239 0.0438307747 0.6420014501
-115.5 -96.8 2634.0 0.3323074877 -0.2118452042 -0.9190719724 0.0463407710 0.9769392014 -0.2084281892 0.9420319796 0.0266717430 0.3344613016
-31.3 -485.1 2623.4 0.3284779489 0.0573367923 -0.9427697062 -0.0437399596 0.9980082512 0.0454564691 0.9434983134 0.0263052620 0.3303316236
158.2 -164.2 2333.4 0 0 0 0 0 0 0 0 0
213.2 -77.2 2552.3 0 0 0 0 0 0 0 0 0
-227.4 -756.6 2470.4 0 0 0 0 0 0 0 0 0
-45.4 -730.7 2616.9 0 0 0 0 0 0 0 0 0
233.6 360.7 2472.0 4 0.5326681137 0.7042208314 -0.4694014788 -0.3771069050 0.6940276623 0.6132829189 0.7576642036 -0.1496617198 0.6352529526
92.8 222.0 2502.0 0.5326681137 0.7042208314 -0.4694014788 -0.3771069050 0.6940276623 0.6132829189 0.7576642036 -0.1496617198 0.6352529526
-41.7 79.0 2532.8 0.5523955226 0.6768637896 -0.4865332246 -0.3569159508 0.7195099592 0.5957486033 0.7533061504 -0.1554373950 0.6390375495
15.1 272.2 2396.0 0.1764567494 0.2275859565 -0.9576364756 0.9511675835 0.2109049410 0.2253871262 0.2532652020 -0.9506438375 -0.1792567819
-31.0 23.8 2329.8 -0.7265696526 0.2275859565 -0.6483063698 0.6867537498 0.2109049410 -0.6956208348 -0.0215825178 -0.9506438375 -0.3095326424
170.6 171.8 2607.9 0.1441533864 0.9860626459 -0.0830679238 -0.7647281289 0.1642839909 0.6230582595 0.6280212402 -0.0262915827 0.7777519226
220.3 -92.1 2824.7 -0.0356867686 0.9860626459 0.1625020951 0.0545010976 0.1642839909 -0.9849063158 -0.9978758097 -0.0262915827 -0.0596042611
-225.3 -32.9 2496.0 0.6320379376 -0.0321692638 -0.7742694616 -0.0011783816 0.9990969300 -0.0424722917 0.7749365568 0.0277564842 0.6314292550
-212.5 -430.1 2485.0 0.6305242777 0.0438278429 -0.7749311328 -0.0655687824 0.9978432655 0.0030849294 0.7733950019 0.0488661639 0.6320381761
-121.9 -98.0 2632.9 0.3206515312 -0.2127290815 -0.9229999781 0.0463355444 0.9768100381 -0.2090339512 0.9460632205 0.0242593475 0.3230725229
-37.4 -486.4 2623.3 0.3184792101 0.0398101956 -0.9470935464 -0.0342737697 0.9989480376 0.0304646082 0.9473100305 0.0227581207 0.3195086420
162.0 -158.5 2335.6 0 0 0 0 0 0 0 0 0
210.7 -77.5 2556.4 0 0 0 0 0 0 0 0 0
-226.8 -756.6 2469.0 0 0 0 0 0 0 0 0 0
-47.0 -729.1 2617.7 0 0 0 0 0 0 0 0 0
236.8 362.7 2476.4 5 0.5523868799 0.6971350312 -0.4570245445 -0.4026521146 0.7032039762 0.5859825015 0.7298904061 -0.1396671385 0.6691435575
97.3 222.0 2504.4 0.5523868799 0.6971350312 -0.4570245445 -0.4026521146 0.7032039762 0.5859825015 0.7298904061 -0.1396671385 0.6691435575
-36.8 78.0 2532.1 0.5671303272 0.6744591594 -0.4727240801 -0.3873009980 0.7249226570 0.5696358681 0.7268845439 -0.1399712563 0.6723443270
17.5 276.5 2402.2 0.1954159588 0.2142424881 -0.9570333362 0.9420468807 0.2303297967 0.2439177632 0.2726908326 -0.9492356777 -0.1568163484
-35.8 19.5 2327.8 -0.7570313215 0.2142424881 -0.6172550321 0.6532618999 0.2303297967 -0.7212468982 -0.0123495143 -0.9492356777 -0.3143233359
177.1 167.6 2606.5 0.1556943357 0.9855769277 -0.0663131177 -0.7895737886 0.1645088047 0.5911937356 0.5935760140 -0.0396864153 0.8037987947
230.7 -104.6 2811.2 -0.0558484644 0.9855769277 0.1597470045 0.0948128328 0.1645088047 -0.9818082452 -0.9939273000 -0.0396864153 -0.1026329026
-226.9 -31.3 2494.6 0.6463873982 -0.0338579491 -0.7622578144 0.0060383296 0.9992107153 -0.0392624699 0.7629854679 0.0207760036 0.6460816264
-213.4 -428.6 2486.4 0.6449158788 0.0435910858 -0.7630093694 -0.0614973269 0.9980944991 0.0050424295 0.7617752552 0.0436710939 0.6463677287
-125.5 -96.8 2632.8 0.3306832910 -0.2189998627 -0.9179801941 0.0494902395 0.9753884077 -0.2148677558 0.9424432516 0.0256221164 0.3333830237
-38.4 -484.6 2622.6 0.3289685249 0.0347964391 -0.9436995983 -0.0288606156 0.9992245436 0.0267831236 0.9438997507 0.0184249468 0.3297176659
166.2 -154.8 2331.1 0 0 0 0 0 0 0 0 0
215.7 -79.1 2544.2 0 0 0 0 0 0 0 0 0
-227.8 -757.8 2472.0 0 0 0 0 0 0 0 0 0
-47.0 -729.7 2618.1 0 0 0 0 0 0 0 0 0
241.9 361.2 2478.6 6 0.5635716915 0.7094448209 -0.4231725037 -0.4408973753 0.6915364861 0.5721772313 0.6985673904 -0.1358872652 0.7025227547
99.1 222.0 2505.9 0.5635716915 0.7094448209 -0.4231725037 -0.4408973753 0.6915364861 0.5721772313 0.6985673904 -0.1358872652 0.7025227547
-37.5 80.0 2531.9 0.5767747760 0.6871001720 -0.4418418407 -0.4276017845 0.7147940397 0.5533770919 0.6960514188 -0.1302415878 0.7060804367
18.1 282.1 2408.2 0.1989435405 0.2206625342 -0.9548453093 0.9371308088 0.2422187477 0.2512288988 0.2867182493 -0.9447952509 -0.1586018056
-37.7 19.0 2327.7 -0.7783461213 0.2206625342 -0.5877800584 0.6274868846 0.2422187477 -0.7399933934 -0.0209174752 -0.9447952509 -0.3269928694
180.2 161.9 2603.7 0.1523543745 0.9878088832 -0.0319644660 -0.8152641058 0.1438930035 0.5609271526 0.5586882830 -0.0594002232 0.8272478580
232.7 -119.0 2796.3 -0.0790310353 0.9878088832 0.1341181546 0.1348017007 0.1438930035 -0.9803689718 -0.9877158403 -0.0594002232 -0.1445303261
-222.9 -30.6 2493.3 0.6653779149 -0.0238814875 -0.7461245656 -0.0027505551 0.9994029403 -0.0344411470 0.7465016246 0.0249686353 0.6649149656
-213.4 -427.9 2483.4 0.6641133428 0.0416180603 -0.7464725971 -0.0545890070 0.9984836578 0.0071022869 0.7456362844 0.0360324755 0.6653782129
-118.9 -101.5 2626.6 0.3455367684 -0.2071167231 -0.9152633548 0.0570390634 0.9781712890 -0.1998185068 0.9366701245 0.0168388765 0.3498078883
-36.6 -490.4 2619.9 0.3433579504 0.0417653807 -0.9382755160 -0.0188006163 0.9991162419 0.0375935733 0.9390164018 0.0047321059 0.3438397348
170.2 -148.6 2333.3 0 0 0 0 0 0 0 0 0
211.5 -82.8 2531.1 0 0 0 0 0 0 0 0 0
-227.1 -756.2 2471.5 0 0 0 0 0 0 0 0 0
-46.6 -731.7 2618.7 0 0 0 0 0 0 0 0 0
244.4 364.1 2487.7 7 0.5488386750 0.7151798010 -0.4327746630 -0.4826421142 0.6938173771 0.5344848633 0.6825193763 -0.0844707042 0.7259697318
101.4 225.5 2504.6 0.5488386750 0.7151798010 -0.4327746630 -0.4826421142 0.6938173771 0.5344848633 0.6825193763 -0.0844707042 0.7259697318
-36.7 83.8 2520.1 0.5604451299 0.6952505708 -0.4500310719 -0.4710527956 0.7145331502 0.5172539353 0.6811832190 -0.0779040381 0.7279563546
22.6 291.6 2409.0 0.2316728830 0.2298534065 -0.9452486634 0.9259774685 0.2457042783 0.2866968811 0.2981499135 -0.9416989088 -0.1559160501
-44.4 23.8 2322.7 -0.8012990952 0.2298534065 -0.5523469448 0.5969363451 0.2457042783 -0.7637383938 -0.0398338586 -0.9416989088 -0.3340904713
180.2 159.3 2600.2 0.1362315416 0.9897488356 -0.0428740606 -0.8464931846 0.1387787163 0.5139939785 0.5146749020 -0.0337295905 0.8567216992
227.2 -132.2 2777.4 -0.0600679442 0.9897488356 0.1295726001 0.1902350932 0.1387787163 -0.9718801975 -0.9798992276 -0.0337295905 -0.1966211200
-226.9 -22.8 2494.1 0.6503880620 -0.0322369188 -0.7589177489 0.0007326249 0.9991251826 -0.0418124720 0.7596017718 0.0266383309 0.6498427391
-214.1 -420.1 2483.5 0.6492890716 0.0378174633 -0.7596008778 -0.0553209744 0.9984656572 0.0024225039 0.7585270405 0.0404489562 0.6503849626
-121.2 -101.2 2621.6 0.3166786730 -0.2056919634 -0.9259619117 0.0605047494 0.9785967469 -0.1966916025 0.9466011524 0.0062629455 0.3223460615
-39.5 -490.2 2619.1 0.3152097464 0.0314561687 -0.9485005736 -0.0141780637 0.9994950891 0.0284356419 0.9489161372 0.0044847098 0.3154965639
170.0 -135.8 2333.4 0 0 0 0 0 0 0 0 0
211.0 -81.2 2514.5 0 0 0 0 0 0 0 0 0
-226.8 -755.4 2469.9 0 0 0 0 0 0 0 0 0
-47.0 -729.3 2618.0 0 0 0 0 0 0 0 0 0
242.0 359.0 2492.2 8 0.5366537571 0.7168341279 -0.4451421797 -0.4788459539 0.6930882931 0.5388275981 0.6947728395 -0.0760093108 0.7152015567
98.7 220.5 2507.4 0.5366537571 0.7168341279 -0.4451421797 -0.4788459539 0.6930882931 0.5388275981 0.6947728395 -0.0760093108 0.7152015567
-39.7 78.8 2521.9 0.5497067571 0.6965584159 -0.4611169696 -0.4658529162 0.7138131857 0.5229261518 0.6934000254 -0.0726433620 0.7168816924
21.4 286.0 2410.0 0.2421138585 0.2417674512 -0.9396432042 0.9147487879 0.2659670115 0.3041319549 0.3234432936 -0.9331720471 -0.1567621827
-46.5 29.5 2319.3 -0.8096526265 0.2417674512 -0.5348000526 0.5853366852 0.2659670115 -0.7659259439 -0.0429367982 -0.9331720471 -0.3568562567
176.1 155.0 2604.9 0.1278970540 0.9902203679 -0.0557310209 -0.8424898982 0.1381221414 0.5207043886 0.5233097672 -0.0196437333 0.8519160748
220.1 -135.4 2785.3 -0.0449518561 0.9902203679 0.1320717037 0.1825841367 0.1381221414 -0.9734399319 -0.9821620584 -0.0196437333 -0.1870073825
-226.2 -14.8 2473.3 0.6376339197 -0.0268507805 -0.7698714733 0.0373011529 0.9992962480 -0.0039583305 0.7694359422 -0.0261931252 0.6381866932
-215.5 -411.6 2483.7 0.6375402808 0.0307265054 -0.7698040605 -0.0558250360 0.9984201789 -0.0063818106 0.7683918476 0.0470429994 0.6382483840
-123.4 -101.1 2597.9 0.2923927903 -0.2124633789 -0.9323978424 0.1126825213 0.9758695364 -0.1870328039 0.9496362805 -0.0503778979 0.3092781305
-39.1 -488.5 2617.9 0.2907249629 0.0313293785 -0.9562935829 -0.0046295286 0.9994981289 0.0313373804 0.9567954540 -0.0046833707 0.2907240987
170.5 -127.4 2330.8 0 0 0 0 0 0 0 0 0
208.1 -86.3 2521.5 0 0 0 0 0 0 0 0 0
-226.2 -758.5 2467.3 0 0 0 0 0 0 0 0 0
-46.7 -730.4 2619.0 0 0 0 0 0 0 0 0 0
243.9 353.9 2484.0 9 0.5755054951 0.7146321535 -0.3976107538 -0.5013538599 0.6924233437 0.5188392997 0.6460942030 -0.0992511585 0.7567770481
101.2 215.6 2503.8 0.5755054951 0.7146321535 -0.3976107538 -0.5013538599 0.6924233437 0.5188392997 0.6460942030 -0.0992511585 0.7567770481
-36.9 74.0 2523.0 0.5890610218 0.6951913238 -0.4119661748 -0.4878468513 0.7123550177 0.5045352578 0.6442146897 -0.0962256417 0.7587674856
18.5 284.1 2413.4 0.1923585087 0.2495867014 -0.9490545988 0.9159716964 0.3013637066 0.2649071217 0.3521279097 -0.9202643037 -0.1706444770
-35.5 27.2 2314.7 -0.8385055661 0.2495867014 -0.4843706489 0.5426201224 0.3013637066 -0.7840557098 -0.0497181453 -0.9202643037 -0.3881258965
183.8 147.1 2594.2 0.1541082114 0.9880523682 0.0017901615 -0.8580013514 0.1329250038 0.4961497784 0.4899839759 -0.0779967085 0.8682351112
236.9 -148.6 2763.0 -0.1050991789 0.9880523682 0.1127240285 0.2109792233 0.1329250038 -0.9684104323 -0.9718240499 -0.0779967085 -0.2224288285
-228.5 -20.3 2472.8 0.6835792065 -0.0390493497 -0.7288309932 0.0522090755 0.9986258745 -0.0045369281 0.7280066609 -0.0349502414 0.6846786141
-213.0 -417.0 2486.7 0.6843143106 0.0368462652 -0.7282556295 -0.0724719688 0.9972143769 -0.0176448785 0.7255768180 0.0648527592 0.6850783825
-127.7 -105.6 2599.9 0.3444521725 -0.2238526046 -0.9117251039 0.1184263751 0.9737589359 -0.1943417490 0.9313043952 -0.0410308614 0.3619234562
-38.8 -492.5 2616.1 0.3431747258 0.0315509886 -0.9387415051 -0.0043103206 0.9994780421 0.0320166163 0.9392616749 -0.0069410163 0.3431315720
189.1 -118.2 2328.0 0 0 0 0 0 0 0 0 0
208.7 -92.0 2502.5 0 0 0 0 0 0 0 0 0
-225.7 -761.1 2464.3 0 0 0 0 0 0 0 0 0
-46.3 -731.7 2617.8 0 0 0 0 0 0 0 0 0
250.2 354.5 2481.9 0 0.5666352510 0.7233867645 -0.3945074677 -0.4845516086 0.6797944903 0.5505353808 0.6664339900 -0.1207935065 0.7357137203
104.2 217.3 2506.3 0.5666352510 0.7233867645 -0.3945074677 -0.4845516086 0.6797944903 0.5505353808 0.6664339900 -0.1207935065 0.7357137203
-35.2 77.5 2529.4 0.5815597177 0.7013097405 -0.4122534692 -0.4700629711 0.7032949924 0.5333076119 0.6639496088 -0.1163651422 0.7386677861
22.4 283.3 2413.0 0.2063433379 0.2359889001 -0.9495955110 0.8997206688 0.3357061744 0.2789337933 0.3846103549 -0.9119268656 -0.1430533677
-35.5 30.6 2305.0 -0.8596792817 0.2359889001 -0.4530571103 0.5096437335 0.3357061744 -0.7921897769 -0.0348539278 -0.9119268656 -0.4088699222
185.9 151.2 2599.5 0.1451129019 0.9894148707 0.0007019246 -0.8416242003 0.1230640784 0.5258554220 0.5202027559 -0.0768991634 0.8505737185
235.9 -138.8 2778.8 -0.0982500464 0.9894148707 0.1067950204 0.1781068444 0.1230640784 -0.9762853980 -0.9790939093 -0.0768991634 -0.1883126050
-228.8 -22.9 2483.2 0.6812067628 -0.0443938226 -0.7307438254 0.0359471887 0.9989840388 -0.0271795001 0.7312080264 -0.0077533270 0.6821104884
-211.2 -419.8 2486.2 0.6806535125 0.0421793535 -0.7313902974 -0.0728427097 0.9972904921 -0.0102757355 0.7289751768 0.0602706634 0.6818817258
-121.0 -112.3 2601.0 0.3487522006 -0.2043248564 -0.9146711230 0.1074198782 0.9782288074 -0.1775649637 0.9310386181 -0.0363276824 0.3631080091
-39.8 -501.0 2615.4 0.3478351533 0.0270115510 -0.9371665120 0.0028564383 0.9995497465 0.0298697799 0.9375513792 -0.0130667174 0.3476013541
195.3 -106.3 2314.3 0 0 0 0 0 0 0 0 0
209.5 -91.0 2516.0 0 0 0 0 0 0 0 0 0
-225.7 -763.8 2465.4 0 0 0 0 0 0 0 0 0
-46.1 -730.6 2618.4 0 0 0 0 0 0 0 0 0
247.3 350.7 2490.3 1 0.5459672213 0.7220687270 -0.4248959422 -0.4586848915 0.6820094585 0.5696237683 0.7010905743 -0.1161025465 0.7035568357
102.7 214.1 2513.6 0.5459672213 0.7220687270 -0.4248959422 -0.4586848915 0.6820094585 0.5696237683 0.7010905743 -0.1161025465 0.7035568357
-36.1 73.6 2536.1 0.5619468093 0.6982485652 -0.4434690475 -0.4430596232 0.7068148851 0.5514624715 0.6985083818 -0.1134093478 0.7065581083
23.8 276.3 2415.5 0.1479642093 0.2080254704 -0.9668670893 0.9033285975 0.3695677817 0.2177546620 0.4026214480 -0.9056186080 -0.1332325637
-18.0 21.3 2301.8 -0.8815426230 0.2080254704 -0.4238017797 0.4720010161 0.3695677817 -0.8003965616 -0.0098793954 -0.9056186080 -0.4239780009
181.6 151.8 2611.7 0.1341342926 0.9903532267 -0.0347626135 -0.8235524297 0.1309159398 0.5519260764 0.5511527658 -0.0454033837 0.8331681490
227.8 -132.0 2801.7 -0.0646547377 0.9903532267 0.1225569844 0.1467767656 0.1309159398 -0.9804680347 -0.9870544076 -0.0454033837 -0.1538251787
-227.8 -19.1 2491.7 0.6561993957 -0.0408993177 -0.7534783483 0.0251795575 0.9991607666 -0.0323064141 0.7541673183 0.0022271995 0.6566785574
-211.5 -416.3 2490.8 0.6552700400 0.0442517959 -0.7540974021 -0.0835547745 0.9964029193 -0.0141338808 0.7507594228 0.0722699463 0.6566104889
-121.2 -105.3 2613.3 0.3281996846 -0.2043299228 -0.9222441316 0.0743592009 0.9788832068 -0.1904164553 0.9416770339 -0.0060827131 0.3364629745
-40.1 -494.2 2615.7 0.3270600736 0.0281204470 -0.9445850849 0.0089044310 0.9994210601 0.0328360572 0.9449616075 -0.0191503558 0.3266203403
220.9 -106.6 2304.5 0 0 0 0 0 0 0 0 0
210.5 -92.6 2536.8 0 0 0 0 0 0 0 0 0
-226.8 -760.0 2465.9 0 0 0 0 0 0 0 0 0
-46.7 -731.4 2620.2 0 0 0 0 0 0 0 0 0
248.0 353.0 2493.6 2 0.5338050723 0.7237418294 -0.4373212457 -0.4483381212 0.6807273626 0.5793126822 0.7169693708 -0.1131722629 0.6878567934
102.3 215.9 2516.3 0.5338050723 0.7237418294 -0.4373212457 -0.4483381212 0.6807273626 0.5793126822 0.7169693708 -0.1131722629 0.6878567934
-36.7 75.6 2538.9 0.5511892438 0.6992930770 -0.4551698565 -0.4314000905 0.7057885528 0.5619220734 0.7142019272 -0.1133650765 0.6906981468
24.8 276.6 2416.0 0.1089278981 0.1883846372 -0.9760358334 0.9071060419 0.3827472329 0.1751091927 0.4065628946 -0.9044422507 -0.1291929781
-6.7 14.5 2298.5 -0.9060556889 0.1883846372 -0.3789119720 0.4230473936 0.3827472329 -0.8213010430 -0.0096929828 -0.9044422507 -0.4264859557
179.8 155.3 2616.7 0.1264014691 0.9907850027 -0.0486589037 -0.8145588636 0.1316641420 0.5649410486 0.5661417246 -0.0317738391 0.8236953020
223.3 -125.6 2812.0 -0.0491743349 0.9907850027 0.1262018532 0.1310936958 0.1316641420 -0.9825879335 -0.9901496768 -0.0317738391 -0.1363601685
-226.3 -26.3 2494.7 0.6452052593 -0.0394437760 -0.7629904151 0.0106339604 0.9990333319 -0.0426539555 0.7639352679 0.0194069482 0.6450009942
-210.6 -423.4 2487.0 0.6437961459 0.0445515029 -0.7638990283 -0.0784880444 0.9968829155 -0.0080084745 0.7611610889 0.0651127622 0.6452860832
-123.4 -107.5 2622.7 0.3204704523 -0.2156473547 -0.9223854542 0.0553104691 0.9763406515 -0.2090448290 0.9456423521 0.0159751177 0.3248158693
-37.7 -495.4 2616.3 0.3187119961 0.0390186869 -0.9470481873 -0.0042250999 0.9992008805 0.0397455133 0.9478421807 -0.0086659985 0.3186221719
241.1 -101.2 2301.1 0 0 0 0 0 0 0 0 0
210.1 -90.4 2546.0 0 0 0 0 0 0 0 0 0
-225.8 -762.3 2464.9 0 0 0 0 0 0 0 0 0
-46.9 -731.0 2618.4 0 0 0 0 0 0 0 0 0
247.4 352.7 2486.2 3 0.5462884307 0.7221568823 -0.4243329167 -0.4547629058 0.6811573505 0.5737729073 0.7033915520 -0.1204746291 0.7005184889
101.3 214.9 2510.5 0.5462884307 0.7221568823 -0.4243329167 -0.4547629058 0.6811573505 0.5737729073 0.7033915520 -0.1204746291 0.7005184889
-37.3 74.5 2534.6 0.5643463135 0.6974645257 -0.4416519105 -0.4371141791 0.7062954903 0.5568463802 0.7003173828 -0.1212019026 0.7034668922
22.0 276.4 2412.1 0.0719806775 0.1748163253 -0.9819664359 0.9152960181 0.3796004951 0.1346726120 0.3962979019 -0.9084837437 -0.1326847821
1.3 13.6 2298.3 -0.9132741690 0.1748163253 -0.3679260612 0.4073076546 0.3796004951 -0.8306647539 -0.0055488455 -0.9084837437 -0.4178833365
180.7 153.4 2609.0 0.1367650330 0.9900622964 -0.0327418856 -0.8188975453 0.1315955669 0.5586495996 0.5574066043 -0.0495914854 0.8287572265
227.9 -129.1 2801.3 -0.0679164603 0.9900622964 0.1231424436 0.1386413723 0.1315955669 -0.9815605879 -0.9880111217 -0.0495914854 -0.1462010890
-226.2 -25.1 2496.0 0.6594350338 -0.0331105441 -0.7510320544 0.0081316372 0.9992853403 -0.0369153246 0.7517176270 0.0182361379 0.6592329741
-213.1 -422.4 2488.7 0.6585391760 0.0381728597 -0.7515776753 -0.0749003589 0.9970784187 -0.0149864564 0.7488097548 0.0661626011 0.6594743729
-125.2 -104.2 2626.9 0.3360316455 -0.2208224237 -0.9155982733 0.0583534166 0.9751403928 -0.2137665302 0.9400413036 0.0184040312 0.3405637741
-37.4 -491.8 2619.6 0.3341272473 0.0373194478 -0.9417888522 -0.0206927396 0.9992654324 0.0322556645 0.9423007965 0.0087106945 0.3346540630
252.7 -98.5 2299.8 0 0 0 0 0 0 0 0 0
209.6 -91.8 2535.8 0 0 0 0 0 0 0 0 0
-226.1 -762.5 2466.1 0 0 0 0 0 0 0 0 0
-46.4 -731.1 2617.5 0 0 0 0 0 0 0 0 0
248.5 353.1 2491.0 4 0.5670779943 0.7211652398 -0.3979236484 -0.5019567609 0.6856184006 0.5272256136 0.6530405283 -0.0992375538 0.7507928610
103.9 215.6 2510.9 0.5670779943 0.7211652398 -0.3979236484 -0.5019567609 0.6856184006 0.5272256136 0.6530405283 -0.0992375538 0.7507928610
-35.3 75.1 2531.0 0.5843465328 0.6997547150 -0.4109530747 -0.4850301445 0.7071652412 0.5144541860 0.6506034732 -0.1012948900 0.7526317239
21.8 283.6 2419.6 0.0531399809 0.2065839022 -0.9769847393 0.9020690918 0.4097042978 0.1356973499 0.4283077419 -0.8885186911 -0.1645812690
5.9 13.7 2291.5 -0.9153897166 0.2065839022 -0.3455209434 0.4016186893 0.4097042978 -0.8190511465 -0.0276413728 -0.8885186911 -0.4580070674
185.9 147.6 2602.1 0.1475040615 0.9890584946 0.0024161483 -0.8537876606 0.1260963976 0.5051200986 0.4992886484 -0.0765701458 0.8630456924
236.7 -146.3 2774.0 -0.1011401415 0.9890584946 0.1073962674 0.2017396539 0.1260963976 -0.9712882042 -0.9742031693 -0.0765701458 -0.2122857273
-227.7 -25.9 2494.5 0.6837961674 -0.0395571105 -0.7286000848 0.0141569627 0.9990606904 -0.0409545340 0.7295357585 0.0176897887 0.6837138534
-211.9 -423.1 2487.5 0.6828210950 0.0404034369 -0.7294675708 -0.0702041462 0.9974777102 -0.0104670096 0.7272047400 0.0583587401 0.6839353442
-124.2 -106.0 2622.9 0.3532728255 -0.2232525349 -0.9084913731 0.0693096742 0.9746851921 -0.2125674635 0.9329493642 0.0121270660 0.3598033488
-35.4 -493.5 2618.1 0.3504495919 0.0482049026 -0.9353402257 -0.0153259542 0.9988360405 0.0457350351 0.9364562035 -0.0016928429 0.3507804573
258.7 -97.1 2299.1 0 0 0 0 0 0 0 0 0
209.6 -92.2 2512.8 0 0 0 0 0 0 0 0 0
-225.7 -762.9 2467.6 0 0 0 0 0 0 0 0 0
-47.0 -732.2 2618.5 0 0 0 0 0 0 0 0 0
252.1 354.6 2493.4 5 0.5699670911 0.7261045575 -0.3845902979 -0.5265755653 0.6820976734 0.5074061155 0.6307580471 -0.0866889507 0.7711221576
106.0 217.4 2510.8 0.5699670911 0.7261045575 -0.3845902979 -0.5265755653 0.6820976734 0.5074061155 0.6307580471 -0.0866889507 0.7711221576
-33.7 77.1 2527.8 0.5880647302 0.7027400136 -0.4004201293 -0.5089904070 0.7062865496 0.4920245111 0.6285766959 -0.0855322853 0.7730301619
23.4 288.9 2422.6 0.1206748560 0.2235289961 -0.9671981931 0.8905138969 0.4061649442 0.2049758434 0.4386600256 -0.8860388398 -0.1500417739
-12.6 23.8 2292.0 -0.9006222486 0.2235289961 -0.3727121055 0.4336731434 0.4061649442 -0.8043367863 -0.0284100007 -0.8860388398 -0.4627397060
188.7 146.0 2599.1 0.1480152607 0.9888893366 0.0137589024 -0.8702079654 0.1236155480 0.4769248068 0.4699250460 -0.0825652555 0.8788363934
239.7 -153.8 2761.0 -0.1098717749 0.9888893366 0.1001300141 0.2336744368 0.1236155480 -0.9644249082 -0.9660871625 -0.0825652555 -0.2446600199
-228.0 -21.0 2491.7 0.6894258261 -0.0487061590 -0.7227169275 0.0288582593 0.9987915158 -0.0397827551 0.7237811685 0.0065709087 0.6899982691
-208.6 -418.0 2489.0 0.6879508495 0.0508308671 -0.7239750624 -0.0788779110 0.9968719482 -0.0049618557 0.7214581966 0.0605191477 0.6898083091
-121.0 -109.7 2610.7 0.3512981832 -0.2095789909 -0.9125054479 0.0907291323 0.9776578546 -0.1896137297 0.9318571687 -0.0161798690 0.3624643385
-37.7 -498.2 2617.1 0.3489087522 0.0420529470 -0.9362127185 -0.0012125635 0.9990121126 0.0444218814 0.9371559024 -0.0143639669 0.3486150801
237.3 -96.5 2299.8 0 0 0 0 0 0 0 0 0
210.2 -91.1 2501.7 0 0 0 0 0 0 0 0 0
-226.0 -759.1 2468.3 0 0 0 0 0 0 0 0 0
-47.5 -729.9 2620.4 0 0 0 0 0 0 0 0 0
251.0 351.7 2494.6 6 0.5350437164 0.7365630269 -0.4137669802 -0.5000163913 0.6708625555 0.5476559401 0.6809638739 -0.0861295834 0.7272344232
103.4 217.3 2511.8 0.5350437164 0.7365630269 -0.4137669802 -0.5000163913 0.6708625555 0.5476559401 0.6809638739 -0.0861295834 0.7272344232
-38.3 78.9 2528.5 0.5524891615 0.7128791809 -0.4319247603 -0.4835624099 0.6962077618 0.5305300355 0.6789132357 -0.0842495114 0.7293688059
25.9 285.0 2416.6 0.1602351367 0.2785752416 -0.9469532967 0.8883594871 0.3774945736 0.2613719702 0.4302814901 -0.8831158876 -0.1869870573
-20.6 27.2 2291.7 -0.8810815215 0.2785752416 -0.3822187781 0.4663925767 0.3774945736 -0.7999848723 -0.0785704628 -0.8831158876 -0.4625289142
181.0 149.5 2607.1 0.1164846346 0.9929320812 -0.0227422751 -0.8486803770 0.1114042923 0.5170403123 0.5159195065 -0.0409263335 0.8556588292
221.1 -142.7 2784.7 -0.0616021343 0.9929320812 0.1014448553 0.1890170127 0.1114042923 -0.9756339788 -0.9800396562 -0.0409263335 -0.1945438087
-227.4 -16.6 2487.3 0.6552497745 -0.0501751937 -0.7537440658 0.0395782702 0.9987015128 -0.0320750624 0.7543747425 -0.0088147093 0.6563848257
-207.4 -413.6 2490.8 0.6536028385 0.0530481227 -0.7549763322 -0.0804516897 0.9967584610 0.0003877086 0.7525495887 0.0604857132 0.6557519436
-119.6 -109.8 2602.4 0.3139079809 -0.2055744231 -0.9269309044 0.1000977233 0.9780032635 -0.1830028296 0.9441621900 -0.0353376307 0.3275805712
-37.9 -498.4 2616.4 0.3114840388 0.0394334085 -0.9494328499 -0.0056641176 0.9991979003 0.0396420844 0.9502344728 -0.0069701774 0.3114575744
225.6 -103.1 2313.7 0 0 0 0 0 0 0 0 0
204.6 -92.0 2522.0 0 0 0 0 0 0 0 0 0
-225.7 -757.3 2469.9 0 0 0 0 0 0 0 0 0
-47.0 -728.9 2618.0 0 0 0 0 0 0 0 0 0
248.8 352.4 2496.2 7 0.5557801723 0.7227748632 -0.4107369483 -0.5064610839 0.6861792207 0.5221639872 0.6592462063 -0.0821861178 0.7474221587
103.7 214.6 2512.7 0.5557801723 0.7227748632 -0.4107369483 -0.5064610839 0.6861792207 0.5221639872 0.6592462063 -0.0821861178 0.7474221587
-35.2 73.4 2529.0 0.5743245482 0.6987187862 -0.4265481830 -0.4882391691 0.7105989456 0.5066276789 0.6570950150 -0.0827111751 0.7492563128
23.0 283.1 2420.4 0.1663139015 0.3177661300 -0.9334689975 0.8854782581 0.3684250712 0.2831806242 0.4338985682 -0.8736633658 -0.2201007754
-24.8 28.5 2295.6 -0.8539757133 0.3177661300 -0.4120074511 0.5115913749 0.3684250712 -0.7762327194 -0.0948665887 -0.8736633658 -0.4771924913
184.4 146.1 2605.0 0.1421697885 0.9897299409 -0.0149127059 -0.8573542237 0.1306562722 0.4978680909 0.4947033823 -0.0579963252 0.8671245575
233.4 -149.2 2775.4 -0.0846891180 0.9897299409 0.1151624545 0.2090825289 0.1306562722 -0.9691302180 -0.9742239118 -0.0579963252 -0.2180004120
-230.6 -15.3 2483.1 0.6685564518 -0.0533563644 -0.7417448163 0.0482005998 0.9984345436 -0.0283763558 0.7420976758 -0.0167813487 0.6700816751
