84.0 293.8 2289.8 30 0.3789832890 0.6191682220 -0.6877517104 -0.3613531888 0.7832040787 0.5059794784 0.8519363403 0.0567634962 0.5205596685
-38.0 139.5 2278.6 0.3789832890 0.6191682220 -0.6877517104 -0.3613531888 0.7832040787 0.5059794784 0.8519363403 0.0567634962 0.5205596685
-153.7 -16.1 2270.0 0.3948009610 0.5956460834 -0.6995269656 -0.3407127261 0.8020054698 0.4906139672 0.8532567024 0.0446428545 0.5195767283
-92.0 186.0 2162.2 0.2264596671 0.4676052034 -0.8544362783 0.9022538066 0.2297784835 0.3648834825 0.3669524789 -0.8535497785 -0.3698630035
-153.0 -57.4 2063.2 -0.7389733195 0.4676052034 -0.4850399792 0.6314815879 0.2297784835 -0.7405624986 -0.2348391414 -0.8535497785 -0.4650842547
15.9 93.0 2395.1 -0.0004269797 0.9926936626 -0.1206612289 -0.7486230731 0.0796805844 0.6581903696 0.6629957557 0.0906108096 0.7431192994
15.8 -134.8 2596.8 0.0986596048 0.9926936626 0.0694665089 -0.1036725342 0.0796805844 -0.9914146662 -0.9897061586 0.0906108096 0.1107763201
-301.1 -143.9 2185.4 0.0460193716 -0.2690180540 -0.9620350599 0.0268483646 0.9630405903 -0.2680149078 0.9985796809 -0.0134951910 0.0515412167
-196.7 -517.6 2190.6 0.0443969890 0.1439803094 -0.9885841012 0.0156819895 0.9893375039 0.1447943002 0.9988908768 -0.0219313968 0.0416657068
-228.6 -204.0 2338.0 -0.6510971785 -0.2007908970 -0.7319532037 -0.0312631465 0.9706488252 -0.2384607345 0.7583501935 -0.1323779523 -0.6382640600
-151.2 -578.3 2389.0 -0.6331559420 0.1869154871 -0.7511165738 0.0879317224 0.9814919829 0.1701221317 0.7690133452 0.0416668653 -0.6378732920
53.3 -233.7 2128.8 0 0 0 0 0 0 0 0 0
40.7 -161.0 2347.1 0 0 0 0 0 0 0 0 0
-250.5 -886.9 2198.8 0 0 0 0 0 0 0 0 0
-220.7 -943.3 2373.5 0 0 0 0 0 0 0 0 0
80.6 296.8 2284.9 31 0.4099470675 0.6088482141 -0.6791518927 -0.3586603701 0.7922167778 0.4937157929 0.8386334777 0.0411875285 0.5431366563
-39.6 140.4 2276.8 0.4099470675 0.6088482141 -0.6791518927 -0.3586603701 0.7922167778 0.4937157929 0.8386334777 0.0411875285 0.5431366563
-152.9 -17.0 2271.3 0.4266047478 0.5840888619 -0.6905422211 -0.3362708688 0.8112025261 0.4784061015 0.8396012783 0.0281189065 0.5424749255
-97.9 186.3 2162.2 0.1778883636 0.4827957451 -0.8574753404 0.9131652713 0.2437419593 0.3266788423 0.3667218685 -0.8411290646 -0.3975134492
-145.5 -58.5 2063.9 -0.7373381257 0.4827957451 -0.4724835753 0.6313503981 0.2437419593 -0.7361973524 -0.2402688712 -0.8411290646 -0.4845335186
18.6 94.5 2391.4 0.0323879756 0.9936681390 -0.1075855568 -0.7497370839 0.0953366160 0.6548321843 0.6609427333 0.0594521947 0.7480776310
28.5 -133.7 2592.5 0.0689421669 0.9936681390 0.0887164623 -0.0995518789 0.0953366160 -0.9904546142 -0.9926411510 0.0594521947 0.1054942459
-304.7 -141.3 2184.9 0.0736207962 -0.2768421471 -0.9580910206 0.0363541208 0.9608045220 -0.2748327255 0.9966234565 -0.0145971505 0.0807995498
-197.2 -514.2 2190.6 0.0715804100 0.1324906349 -0.9885962009 0.0210353043 0.9907177091 0.1342980415 0.9972130060 -0.0304085296 0.0681289956
-233.8 -201.9 2338.0 -0.6258367300 -0.2301790863 -0.7452153563 -0.0459104255 0.9646756649 -0.2594092190 0.7786017060 -0.1281346679 -0.6142970920
-144.8 -575.0 2387.5 -0.5992865562 0.2228530049 -0.7688902020 0.1005711481 0.9738200903 0.2038623989 0.7941920757 0.0448438302 -0.6060099006
60.3 -234.8 2131.0 0 0 0 0 0 0 0 0 0
45.9 -158.8 2341.9 0 0 0 0 0 0 0 0 0
-246.6 -884.0 2201.9 0 0 0 0 0 0 0 0 0
-227.7 -937.6 2370.8 0 0 0 0 0 0 0 0 0
77.8 301.5 2288.9 32 0.4038395286 0.5987626910 -0.6916624308 -0.3466203809 0.7998322248 0.4900232255 0.8466215134 0.0418535359 0.5305472016
-40.3 143.8 2280.7 0.4038395286 0.5987626910 -0.6916624308 -0.3466203809 0.7998322248 0.4900232255 0.8466215134 0.0418535359 0.5305472016
-152.1 -14.7 2275.2 0.4195742905 0.5761807561 -0.7014079690 -0.3249699771 0.8168438673 0.4766137302 0.8475564718 0.0279616714 0.5299681425
-97.6 188.2 2165.0 0.1569341123 0.4687761366 -0.8692644238 0.9183975458 0.2544231415 0.3030095398 0.3632046282 -0.8458828330 -0.3905951679
-140.0 -60.4 2066.7 -0.7392513752 0.4687761366 -0.4834835529 0.6371545196 0.2544231415 -0.7275321484 -0.2180402875 -0.8458828330 -0.4867654741
17.0 99.4 2396.4 0.0314345136 0.9919451475 -0.1227058470 -0.7433851361 0.1052665263 0.6605281830 0.6681245565 0.0704543218 0.7407062650
26.6 -127.0 2599.9 0.0817316920 0.9919451475 0.0967718065 -0.1069700718 0.1052665263 -0.9886740446 -0.9908972383 0.0704543218 0.1147120595
-304.4 -144.3 2190.6 0.0726238862 -0.2813321352 -0.9568583965 0.0073692887 0.9595169425 -0.2815544903 0.9973321557 0.0133962156 0.0717570707
-195.3 -516.7 2185.4 0.0776264817 0.1467103213 -0.9861289263 0.0407771096 0.9878186584 0.1501716226 0.9961482882 -0.0518687814 0.0706984699
-228.0 -204.4 2341.1 -0.6345139742 -0.1964691579 -0.7475238442 -0.0458302237 0.9750153422 -0.2173583359 0.7715514302 -0.1036577225 -0.6276651025
-151.9 -581.8 2381.2 -0.6152291894 0.1745075136 -0.7687913775 0.1038983315 0.9846345782 0.1403564662 0.7814717889 0.0064752591 -0.6239069700
66.3 -238.2 2127.5 0 0 0 0 0 0 0 0 0
47.2 -154.0 2349.6 0 0 0 0 0 0 0 0 0
-250.0 -885.3 2204.8 0 0 0 0 0 0 0 0 0
-216.9 -948.2 2378.8 0 0 0 0 0 0 0 0 0
74.9 304.7 2291.0 33 0.4091336727 0.5898767710 -0.6961717010 -0.3453439474 0.8062969446 0.4802320600 0.8445988297 0.0439395942 0.5335935950
-41.3 145.9 2282.3 0.4091336727 0.5898767710 -0.6961717010 -0.3453439474 0.8062969446 0.4802320600 0.8445988297 0.0439395942 0.5335935950
-151.8 -13.5 2276.5 0.4238875806 0.5693403482 -0.7043939829 -0.3246254921 0.8215546012 0.4686857760 0.8455398083 0.0299941730 0.5330691934
-99.2 190.2 2166.8 0.1367735416 0.4607082307 -0.8769497871 0.9247759581 0.2579407096 0.2797426879 0.3550808132 -0.8492435217 -0.3907724321
-136.4 -61.7 2070.1 -0.7463006377 0.4607082307 -0.4803991318 0.6304844022 0.2579407096 -0.7320901752 -0.2133654654 -0.8492435217 -0.4829706550
16.6 101.6 2397.8 0.0390582383 0.9911473989 -0.1268906891 -0.7454735041 0.1134639978 0.6568068266 0.6653898954 0.0689399317 0.7433058619
28.5 -125.6 2600.5 0.0806758255 0.9911473989 0.1054428965 -0.1023181379 0.1134639978 -0.9882595539 -0.9914748669 0.0689399317 0.1105661616
-301.5 -144.2 2193.9 0.0769681260 -0.2733624279 -0.9588268399 -0.0044200313 0.9615765810 -0.2745012045 0.9970237613 0.0253658872 0.0728024766
-195.4 -517.4 2184.1 0.0839799568 0.1499050260 -0.9851273298 0.0412127636 0.9872512817 0.1537415087 0.9956148267 -0.0535110272 0.0767313167
-226.3 -202.3 2345.8 -0.6337577701 -0.2017284930 -0.7467641830 -0.0487925597 0.9738986492 -0.2216770053 0.7719911933 -0.1040529907 -0.6270586848
-148.1 -579.9 2386.1 -0.6119552255 0.1959247887 -0.7662403584 0.0929836854 0.9799340963 0.1763043702 0.7854074240 0.0366425328 -0.6178935766
71.9 -237.7 2129.7 0 0 0 0 0 0 0 0 0
48.9 -151.4 2350.0 0 0 0 0 0 0 0 0 0
-251.3 -885.9 2204.0 0 0 0 0 0 0 0 0 0
-221.1 -944.8 2372.5 0 0 0 0 0 0 0 0 0
75.9 313.3 2292.5 34 0.4381736815 0.5851024985 -0.6823920608 -0.3620154858 0.8097278476 0.4618285298 0.8227688670 0.0446753912 0.5666176081
-39.8 153.3 2283.6 0.4381736815 0.5851024985 -0.6823920608 -0.3620154858 0.8097278476 0.4618285298 0.8227688670 0.0446753912 0.5666176081
-149.4 -6.8 2277.2 0.4518005848 0.5648652911 -0.6905095577 -0.3426499963 0.8245165944 0.4502925575 0.8236911893 0.0331606604 0.5660681725
-101.4 200.0 2171.2 0.1210105121 0.4356309772 -0.8919541240 0.9309077859 0.2621558607 0.2543324232 0.3446260989 -0.8611038923 -0.3738086522
-135.4 -61.6 2074.4 -0.7605131865 0.4356309772 -0.4815031886 0.6189354062 0.2621558607 -0.7404007316 -0.1963126212 -0.8611038923 -0.4690004289
21.9 106.5 2396.1 0.0640481561 0.9921206832 -0.1076772809 -0.7616543174 0.1183149666 0.6370905042 0.6448104978 0.0412083939 0.7632308602
41.4 -125.5 2592.4 0.0505389012 0.9921206832 0.1146402285 -0.0769757181 0.1183149666 -0.9899880290 -0.9957512617 0.0412083939 0.0823487118
-300.2 -143.9 2194.9 0.0983849093 -0.2740977108 -0.9566560984 0.0037285555 0.9614147544 -0.2750777006 0.9951414466 0.0234965477 0.0956106931
-193.8 -517.1 2185.8 0.1035732403 0.1613568515 -0.9814461470 0.0351153947 0.9855446815 0.1657364517 0.9940017462 -0.0516297296 0.0964099467
-219.6 -197.6 2344.1 -0.6110034585 -0.2067513019 -0.7641522884 -0.0645698160 0.9750918746 -0.2121948004 0.7889901996 -0.0803105757 -0.6091343760
-139.6 -575.0 2375.2 -0.5883693099 0.2066817731 -0.7817315459 0.0687516183 0.9760670066 0.2063162476 0.8056641817 0.0676448494 -0.5884975791
76.8 -234.3 2129.2 0 0 0 0 0 0 0 0 0
54.2 -144.9 2341.0 0 0 0 0 0 0 0 0 0
-254.1 -885.0 2205.1 0 0 0 0 0 0 0 0 0
-216.6 -938.8 2350.0 0 0 0 0 0 0 0 0 0
71.7 319.1 2300.2 35 0.4467910826 0.5703789592 -0.6892355084 -0.3726595640 0.8190423250 0.4362275898 0.8133280873 0.0619476102 0.5784980059
-40.4 158.2 2288.0 0.4467910826 0.5703789592 -0.6892355084 -0.3726595640 0.8190423250 0.4362275898 0.8133280873 0.0619476102 0.5784980059
-148.6 -2.7 2278.2 0.4573654234 0.5571570992 -0.6931037903 -0.3572050929 0.8288609385 0.4305740595 0.8143840432 0.0506505035 0.5781117082
-102.9 206.9 2176.9 0.1216159761 0.4173325300 -0.9005793333 0.9285674095 0.2727143168 0.2517726123 0.3506737947 -0.8668681979 -0.3543549776
-137.3 -55.8 2077.6 -0.7699658871 0.4173325300 -0.4826863706 0.6127835512 0.2727143168 -0.7417029142 -0.1779012680 -0.8668681979 -0.4657152295
22.1 109.4 2399.2 0.0732721314 0.9910476804 -0.1116049215 -0.7755256891 0.1269792467 0.6184142828 0.6270495653 0.0412399471 0.7778869867
44.4 -126.8 2590.2 0.0483524799 0.9910476804 0.1244447678 -0.0534490831 0.1269792467 -0.9904642701 -0.9973992109 0.0412399471 0.0591103509
-299.5 -136.1 2197.0 0.0963143036 -0.2717041969 -0.9575491548 -0.0013578923 0.9619848728 -0.2730994225 0.9953500628 0.0276036300 0.0922839567
-194.0 -509.6 2186.3 0.0993900523 0.1516266465 -0.9834281802 0.0185532793 0.9878675938 0.1541862041 0.9948755503 -0.0335703939 0.0953710377
-216.3 -195.2 2343.3 -0.6178472638 -0.1747673601 -0.7666297555 -0.0397925526 0.9806864858 -0.1914956570 0.7852905989 -0.0878089145 -0.6128688455
-148.5 -575.2 2377.3 -0.6020849943 0.1664670259 -0.7808856368 0.0805353597 0.9856978059 0.1480332613 0.7943599820 0.0262396969 -0.6068803072
77.6 -226.9 2127.3 0 0 0 0 0 0 0 0 0
56.6 -140.3 2338.3 0 0 0 0 0 0 0 0 0
-250.6 -878.3 2198.8 0 0 0 0 0 0 0 0 0
-210.5 -942.2 2367.6 0 0 0 0 0 0 0 0 0
63.1 320.0 2297.1 36 0.4345141053 0.5502958298 -0.7130020857 -0.3291817904 0.8339017630 0.4429979920 0.8383536339 0.0422184467 0.5434894562
-45.5 155.5 2288.8 0.4345141053 0.5502958298 -0.7130020857 -0.3291817904 0.8339017630 0.4429979920 0.8383536339 0.0422184467 0.5434894562
-148.6 -8.7 2283.1 0.4468222857 0.5311834812 -0.7198569179 -0.3100548089 0.8467250466 0.4323455691 0.8391757011 0.0300134663 0.5430315733
-106.4 197.8 2174.3 0.1394173950 0.4134698212 -0.8997808099 0.9257113338 0.2682121098 0.2666848004 0.3515982330 -0.8701177835 -0.3453602791
-143.6 -49.1 2080.5 -0.7716994882 0.4134698212 -0.4832418263 0.6104111671 0.2682121098 -0.7452921867 -0.1785445362 -0.8701177835 -0.4593657255
15.4 113.2 2403.2 0.0792905539 0.9855352044 -0.1497775912 -0.7469483018 0.1582378596 0.6457778215 0.6601372957 0.0606720336 0.7486906648
39.5 -114.2 2604.2 0.0758446380 0.9855352044 0.1515516639 -0.0916753858 0.1582378596 -0.9831359982 -0.9928963780 0.0606720336 0.1023508161
-297.7 -131.5 2195.4 0.0834502876 -0.2685545087 -0.9596428871 -0.0001359750 0.9629988670 -0.2695055008 0.9965119362 0.0226207990 0.0803260133
-193.4 -505.4 2186.6 0.0864015371 0.1511973292 -0.9847203493 0.0190458782 0.9879853129 0.1533697695 0.9960783124 -0.0320062451 0.0824837610
-214.6 -194.3 2340.7 -0.6372919679 -0.1662003249 -0.7524868250 -0.0206685811 0.9798013568 -0.1989023238 0.7703452110 -0.1112060174 -0.6278546453
-150.1 -574.2 2383.8 -0.6241746545 0.1679838151 -0.7630120516 0.0730590820 0.9848821759 0.1570651978 0.7778614163 0.0422911644 -0.6270112395
71.9 -219.5 2130.4 0 0 0 0 0 0 0 0 0
58.7 -137.3 2353.6 0 0 0 0 0 0 0 0 0
-249.9 -874.2 2198.6 0 0 0 0 0 0 0 0 0
-212.8 -941.4 2368.0 0 0 0 0 0 0 0 0 0
59.6 326.7 2302.5 37 0.4344351888 0.5332621932 -0.7258771062 -0.3192259967 0.8447461724 0.4295330346 0.8422356248 0.0451145694 0.5372186303
-45.6 159.9 2293.6 0.4344351888 0.5332621932 -0.7258771062 -0.3192259967 0.8447461724 0.4295330346 0.8422356248 0.0451145694 0.5372186303
-145.0 -6.6 2287.5 0.4473910630 0.5117619038 -0.7334446311 -0.2981092930 0.8585313559 0.4171987474 0.8431916237 0.0319956839 0.5366601944
-106.7 200.6 2178.5 0.1524557322 0.4014477134 -0.9031040668 0.9220688939 0.2711327672 0.2761811316 0.3557333946 -0.8748295307 -0.3288266957
-147.7 -47.7 2082.7 -0.7780786753 0.4014477134 -0.4831494093 0.6048400402 0.2711327672 -0.7487693429 -0.1695941240 -0.8748295307 -0.4537742734
15.4 119.2 2408.7 0.0914943069 0.9812170267 -0.1698292494 -0.7434496880 0.1807695627 0.6438981891 0.6625038385 0.0673464835 0.7460249066
43.3 -107.2 2610.5 0.0850733593 0.9812170267 0.1731349379 -0.0921659246 0.1807695627 -0.9791975617 -0.9921028018 0.0673464835 0.1058134437
-291.7 -145.2 2202.3 0.0823375955 -0.2446129471 -0.9661185145 -0.0190265011 0.9688476920 -0.2469254881 0.9964228868 0.0387131087 0.0751184598
-196.7 -521.1 2187.3 0.0886689872 0.1423525512 -0.9858365059 0.0243968647 0.9891275764 0.1450220942 0.9957623482 -0.0369102806 0.0842319801
-211.2 -200.1 2352.1 -0.6402705908 -0.1494437158 -0.7534720898 -0.0458339304 0.9865773916 -0.1567299962 0.7667807937 -0.0658150166 -0.6385260820
-153.3 -582.4 2377.6 -0.6230930686 0.1634187698 -0.7648851871 0.0991952568 0.9865435362 0.1299696416 0.7758319974 0.0051102056 -0.6309188604
69.5 -216.6 2130.1 0 0 0 0 0 0 0 0 0
64.7 -130.5 2360.0 0 0 0 0 0 0 0 0 0
-249.9 -890.3 2201.0 0 0 0 0 0 0 0 0 0
-214.2 -950.2 2375.7 0 0 0 0 0 0 0 0 0
53.0 333.0 2291.2 38 0.5028878450 0.5207915306 -0.6898405552 -0.3325981200 0.8532429338 0.4016900957 0.7977983952 0.0274346154 0.6022998095
-49.6 165.0 2285.8 0.5028878450 0.5207915306 -0.6898405552 -0.3325981200 0.8532429338 0.4016900957 0.7977983952 0.0274346154 0.6022998095
-145.7 -3.5 2281.3 0.5137305260 0.4955427647 -0.7003701329 -0.3142321706 0.8682821393 0.3838545382 0.7983351946 0.0228810217 0.6017785072
-119.5 207.7 2177.2 0.1235248744 0.4007607996 -0.9078173637 0.9283297658 0.2765774727 0.2484125346 0.3506358266 -0.8734390140 -0.3378739655
-152.8 -43.0 2082.5 -0.7839420438 0.4007607996 -0.4741578102 0.5969104767 0.2765774727 -0.7531286478 -0.1706830710 -0.8734390140 -0.4560390413
20.4 122.3 2394.5 0.1540255100 0.9799965024 -0.1260279119 -0.7623954415 0.1990109235 0.6157498360 0.6285135746 0.0012419211 0.7777976394
67.2 -109.4 2585.5 0.0135104498 0.9799965024 0.1985556781 -0.0603014417 0.1990109235 -0.9781402946 -0.9980887771 0.0012419211 0.0617839284
-284.3 -146.4 2205.9 0.1441962570 -0.2277896255 -0.9629741907 -0.0039065466 0.9730058312 -0.2307475507 0.9895414114 0.0370348357 0.1394139230
-195.9 -524.1 2191.5 0.1456929594 0.1522416919 -0.9775459170 0.0057609961 0.9879416823 0.1547193378 0.9893130660 -0.0281731542 0.1430590749
-204.0 -199.5 2356.7 -0.5850891471 -0.1266323775 -0.8010211587 -0.0597211793 0.9917795062 -0.1131670251 0.8087670207 -0.0183748696 -0.5878421068
-154.9 -583.7 2363.8 -0.5653247237 0.1533583552 -0.8104869723 0.1561024934 0.9847005606 0.0774391890 0.8099629283 -0.0827407539 -0.5806151628
66.0 -209.6 2130.1 0 0 0 0 0 0 0 0 0
70.6 -124.6 2334.1 0 0 0 0 0 0 0 0 0
-252.7 -892.8 2202.0 0 0 0 0 0 0 0 0 0
-211.9 -949.6 2394.6 0 0 0 0 0 0 0 0 0
53.6 336.4 2291.6 39 0.4939479828 0.5293240547 -0.6898053885 -0.3327605128 0.8480271101 0.4124565721 0.8032968640 0.0258079115 0.5950194001
-51.0 168.8 2286.5 0.4939479828 0.5293240547 -0.6898053885 -0.3327605128 0.8480271101 0.4124565721 0.8032968640 0.0258079115 0.5950194001
-148.8 1.3 2282.4 0.5049763918 0.5042551160 -0.7005180717 -0.3145004809 0.8632996082 0.3947192132 0.8037961721 0.0209894031 0.5945343971
-119.9 211.7 2176.9 0.1361317635 0.3872676790 -0.9118617773 0.9285415411 0.2709974349 0.2537145019 0.3453676105 -0.8812401295 -0.3227027357
-157.0 -41.6 2082.7 -0.7882073522 0.3872676790 -0.4782812595 0.5931620598 0.2709974349 -0.7581023574 -0.1639755368 -0.8812401295 -0.4433146417
17.9 126.0 2396.1 0.1423077583 0.9818067551 -0.1257141232 -0.7595930696 0.1897553056 0.6221023202 0.6346392035 0.0069615901 0.7727771997
61.2 -105.2 2589.3 0.0198892076 0.9818067551 0.1888384372 -0.0663089156 0.1897553056 -0.9795897603 -0.9976009130 0.0069615901 0.0688766241
-287.6 -143.9 2205.5 0.1371183097 -0.2371484637 -0.9617480040 0.0017078806 0.9709737897 -0.2391798645 0.9905532002 0.0311533883 0.1335432976
-195.6 -520.8 2193.4 0.1365452558 0.1561875641 -0.9782437682 -0.0019212110 0.9875326753 0.1574024856 0.9906319976 -0.0196131486 0.1351429671
-195.8 -199.8 2347.9 -0.5934982300 -0.1057649180 -0.7978556156 -0.0283428729 0.9934595227 -0.1106111333 0.8043360710 -0.0430339910 -0.5926141739
-154.8 -584.9 2364.6 -0.5732167959 0.1633039862 -0.8029659390 0.1557049751 0.9837927222 0.0889260173 0.8044740558 -0.0740519166 -0.5893537402
63.1 -207.2 2128.5 0 0 0 0 0 0 0 0 0
66.2 -121.9 2337.6 0 0 0 0 0 0 0 0 0
-253.9 -889.4 2200.7 0 0 0 0 0 0 0 0 0
-215.6 -951.2 2392.2 0 0 0 0 0 0 0 0 0
48.4 337.6 2285.8 40 0.4912661016 0.5124402046 -0.7043171525 -0.2990045846 0.8587010503 0.4162075520 0.8180794120 0.0061254110 0.5750727057
-53.1 167.4 2284.6 0.4912661016 0.5124402046 -0.7043171525 -0.2990045846 0.8587010503 0.4162075520 0.8180794120 0.0061254110 0.5750727057
-147.3 -2.2 2284.0 0.5015410185 0.4852666557 -0.7162212729 -0.2811565697 0.8743610978 0.3955295980 0.8181733489 0.0029959925 0.5749638677
-121.5 205.7 2173.0 0.1484200060 0.3809838593 -0.9125912786 0.9292176366 0.2620661259 0.2605300546 0.3384169936 -0.8866637945 -0.3151210546
-160.9 -40.6 2083.2 -0.7854603529 0.3809838593 -0.4877533019 0.5976429582 0.2620661259 -0.7577230334 -0.1608566195 -0.8866637945 -0.4335348904
15.3 129.1 2396.2 0.1506059915 0.9772561193 -0.1492926478 -0.7383079529 0.2116145492 0.6404066086 0.6574338078 0.0137748783 0.7533863783
61.1 -95.7 2596.3 0.0341524482 0.9772561193 0.2092942297 -0.0929449797 0.2116145492 -0.9729236960 -0.9950853586 0.0137748783 0.0980582088
-291.8 -138.2 2206.4 0.1353827715 -0.2551619709 -0.9573734403 -0.0083793262 0.9659401178 -0.2586300969 0.9907579422 0.0430362038 0.1286335588
-192.8 -513.0 2189.6 0.1389073133 0.1634434313 -0.9767246246 0.0126927253 0.9859114289 0.1667858660 0.9902240634 -0.0355650745 0.1348757595
-201.4 -194.3 2350.1 -0.6007033587 -0.1239373907 -0.7898069024 -0.0353865623 0.9910643697 -0.1286049783 0.7986884713 -0.0493048914 -0.5997214317
-153.4 -578.7 2369.2 -0.5813884735 0.1609062850 -0.7975566983 0.1415011585 0.9853076935 0.0956359133 0.8012270927 -0.0572535768 -0.5956149101
58.4 -207.5 2128.1 0 0 0 0 0 0 0 0 0
69.7 -119.2 2345.2 0 0 0 0 0 0 0 0 0
-253.8 -881.0 2202.9 0 0 0 0 0 0 0 0 0
-213.4 -946.0 2390.5 0 0 0 0 0 0 0 0 0
42.2 342.0 2281.9 41 0.4886533618 0.4971879125 -0.7169533372 -0.2782669067 0.8676409721 0.4120275676 0.8269131780 -0.0018342672 0.5623266101
-56.3 170.1 2282.2 0.4886533618 0.4971879125 -0.7169533372 -0.2782669067 0.8676409721 0.4120275676 0.8269131780 -0.0018342672 0.5623266101
-148.1 -0.8 2283.6 0.4983534515 0.4727225304 -0.7267580628 -0.2607768774 0.8811835051 0.3943489194 0.8268247843 -0.0070034531 0.5624159575
-124.3 205.7 2169.4 0.1333668381 0.3579802513 -0.9241555333 0.9362445474 0.2603311539 0.2359531224 0.3250530362 -0.8967038393 -0.3004375100
-160.2 -46.2 2081.9 -0.8043097258 0.3579802513 -0.4742741883 0.5737681985 0.2603311539 -0.7765421867 -0.1545184255 -0.8967038393 -0.4147845507
11.7 134.5 2395.1 0.1555121988 0.9739379883 -0.1651082486 -0.7253358364 0.2260470837 0.6502235532 0.6705996394 0.0186412316 0.7415851951
59.0 -86.4 2599.3 0.0441384912 0.9739379883 0.2224782556 -0.1082729548 0.2260470837 -0.9680804014 -0.9931408763 0.0186412316 0.1154285222
-286.4 -146.7 2210.3 0.1344475150 -0.2380106598 -0.9619120359 -0.0194716360 0.9699035287 -0.2427096069 0.9907293916 0.0513617024 0.1257666647
-194.0 -523.1 2190.3 0.1402557641 0.1699606180 -0.9754187465 0.0137266647 0.9847282171 0.1735565066 0.9900201559 -0.0377315469 0.1357808262
-196.6 -197.0 2356.6 -0.6046949029 -0.1076368392 -0.7891504169 -0.0504012704 0.9940114617 -0.0969585255 0.7948608994 -0.0188561417 -0.6064986587
-154.9 -582.4 2363.9 -0.5858542323 0.1515625268 -0.7961178422 0.1630798876 0.9843092561 0.0673811734 0.7938386202 -0.0903552622 -0.6013785601
64.3 -206.3 2125.1 0 0 0 0 0 0 0 0 0
70.2 -113.7 2348.5 0 0 0 0 0 0 0 0 0
-257.4 -890.7 2204.4 0 0 0 0 0 0 0 0 0
-211.4 -949.4 2397.6 0 0 0 0 0 0 0 0 0
37.8 347.0 2281.4 42 0.5380535126 0.4883381724 -0.6870402098 -0.3079613447 0.8726211786 0.3790673912 0.7846388817 0.0076232743 0.6199061871
-59.2 173.6 2279.9 0.5380535126 0.4883381724 -0.6870402098 -0.3079613447 0.8726211786 0.3790673912 0.7846388817 0.0076232743 0.6199061871
-149.2 1.7 2279.4 0.5484859943 0.4634056985 -0.6960016489 -0.2886828184 0.8861437440 0.3625071645 0.7847453952 0.0020936325 0.6198146939
-133.9 212.9 2173.0 0.0342023112 0.3573251963 -0.9333536029 0.9502478838 0.2776882946 0.1411316246 0.3096112609 -0.8917443156 -0.3300499320
-144.0 -66.5 2082.0 -0.8280176520 0.3573251963 -0.4320943356 0.5359024405 0.2776882946 -0.7973065972 -0.1649101824 -0.8917443156 -0.4214222729
15.6 134.4 2386.8 0.2008331567 0.9714888334 -0.1259980053 -0.7508944869 0.2352650911 0.6170963049 0.6291450858 -0.0293221977 0.7767345905
76.6 -93.9 2578.1 -0.0138004581 0.9714888334 0.2366833389 -0.0673530549 0.2352650911 -0.9695947170 -0.9976337552 -0.0293221977 0.0621859729
-284.4 -148.5 2211.0 0.1762616783 -0.2346554250 -0.9559648037 0.0078407032 0.9714739323 -0.2370167077 0.9843121171 0.0342815258 0.1730734855
-193.3 -525.5 2197.7 0.1703628749 0.1728651077 -0.9701000452 -0.0263701957 0.9849391580 0.1708783656 0.9850285053 -0.0035295992 0.1723555475
-195.2 -195.1 2359.0 -0.5626379251 -0.1263753325 -0.8169870377 -0.0393491983 0.9912205338 -0.1262277961 0.8257664442 -0.0388727598 -0.5626710653
-146.2 -579.6 2374.1 -0.5396242738 0.1901625693 -0.8201487064 0.1147686020 0.9816786647 0.1521024257 0.8340466619 -0.0120491581 -0.5515623093
90.8 -218.5 2128.7 0 0 0 0 0 0 0 0 0
73.1 -110.9 2326.7 0 0 0 0 0 0 0 0 0
-257.8 -893.0 2199.0 0 0 0 0 0 0 0 0 0
-216.9 -944.4 2378.6 0 0 0 0 0 0 0 0 0
34.8 349.2 2287.2 43 0.5256955028 0.4769551754 -0.7043848038 -0.3180816770 0.8781797886 0.3572454453 0.7889665961 0.0362495817 0.6133658886
-59.9 175.0 2280.0 0.5256955028 0.4769551754 -0.7043848038 -0.3180816770 0.8781797886 0.3572454453 0.7889665961 0.0362495817 0.6133658886
-148.3 2.4 2274.0 0.5344983339 0.4559080601 -0.7116596103 -0.3014014065 0.8894897699 0.3434605598 0.7896003723 0.0309161134 0.6128420830
-132.8 216.1 2172.3 0.0584819354 0.3556769788 -0.9327774644 0.9448490143 0.2818911970 0.1667265892 0.3222425580 -0.8910843134 -0.3195754886
-149.7 -57.9 2078.9 -0.8188505173 0.3556769788 -0.4505304694 0.5535933375 0.2818911970 -0.7836273313 -0.1517176181 -0.8910843134 -0.4277271330
13.1 133.9 2387.7 0.1945951730 0.9696838856 -0.1478036344 -0.7625615001 0.2443324476 0.5990005136 0.6169543862 -0.0038532515 0.7869894505
72.3 -98.2 2575.5 0.0074718441 0.9696838856 0.2442485690 -0.0454073772 0.2443324476 -0.9686278105 -0.9989405870 -0.0038532515 0.0458564162
-288.2 -144.5 2208.9 0.1519529223 -0.2477499396 -0.9568334818 0.0028752864 0.9681817293 -0.2502316833 0.9883835316 0.0352722667 0.1478303820
-192.0 -520.3 2195.2 0.1506079286 0.1781626642 -0.9724069834 -0.0045751226 0.9837417006 0.1795307845 0.9885829687 -0.0225898810 0.1489744186
-190.2 -196.0 2349.1 -0.5853946209 -0.1138714552 -0.8027119637 -0.0126530975 0.9912500381 -0.1313896328 0.8106497526 -0.0667579919 -0.5817132592
-146.0 -580.4 2375.0 -0.5649554133 0.1883435249 -0.8033381104 0.1226964965 0.9819516540 0.1439321637 0.8159478903 -0.0172515102 -0.5778680444
80.6 -213.6 2121.6 0 0 0 0 0 0 0 0 0
74.2 -109.7 2323.5 0 0 0 0 0 0 0 0 0
-258.5 -887.3 2203.6 0 0 0 0 0 0 0 0 0
-216.1 -946.2 2381.4 0 0 0 0 0 0 0 0 0
27.5 352.0 2290.1 44 0.5211126804 0.4641915858 -0.7162176967 -0.3087952435 0.8848583698 0.3488139212 0.7956677079 0.0393932499 0.6044510603
-64.0 177.6 2282.3 0.5211126804 0.4641915858 -0.7162176967 -0.3087952435 0.8848583698 0.3488139212 0.7956677079 0.0393932499 0.6044510603
-149.2 3.4 2275.1 0.5296536684 0.4389914870 -0.7257778049 -0.2919381559 0.8977239132 0.3299453557 0.7963913083 0.0371254534 0.6036411524
-136.3 217.4 2173.6 0.0778641701 0.3636392653 -0.9282799363 0.9383376241 0.2878564596 0.1914710999 0.3368377984 -0.8859487176 -0.3188026845
-158.6 -50.2 2077.5 -0.8159859776 0.3636392653 -0.4493699670 0.5572153330 0.2878564596 -0.7788771987 -0.1538762897 -0.8859487176 -0.4375122190
8.3 137.7 2391.0 0.2006504834 0.9649184942 -0.1693270653 -0.7589867711 0.2623969316 0.5958917141 0.6194178462 0.0089510493 0.7850104570
69.4 -93.5 2579.7 0.0213751439 0.9649184942 0.2616779804 -0.0445323437 0.2623969316 -0.9639319181 -0.9987792373 0.0089510493 0.0485788547
-284.6 -143.2 2197.4 0.1313035637 -0.2399680763 -0.9618600011 0.0345928036 0.9707785249 -0.2374708354 0.9907384515 -0.0020926686 0.1357678473
-191.5 -519.7 2198.2 0.1217548773 0.1773630530 -0.9765849113 -0.0194375310 0.9841423631 0.1763122380 0.9923698306 -0.0024844760 0.1232716292
-188.9 -197.1 2338.6 -0.5994681716 -0.0988658443 -0.7942691445 0.0098186508 0.9913589954 -0.1308089495 0.8003383875 -0.0862144530 -0.5933174491
-150.6 -581.7 2372.0 -0.5828958154 0.1734248996 -0.7938238382 0.1286101043 0.9843338132 0.1206082478 0.8023040891 -0.0317917131 -0.5960682631
70.1 -206.4 2120.7 0 0 0 0 0 0 0 0 0
74.8 -104.7 2327.5 0 0 0 0 0 0 0 0 0
-257.7 -887.0 2199.1 0 0 0 0 0 0 0 0 0
-215.3 -948.6 2383.9 0 0 0 0 0 0 0 0 0
21.9 351.4 2285.0 45 0.5193601251 0.4532207847 -0.7244694829 -0.2845122814 0.8911137581 0.3535096347 0.8058025837 0.0225216653 0.5917558074
-67.6 175.5 2280.6 0.5193601251 0.4532207847 -0.7244694829 -0.2845122814 0.8911137581 0.3535096347 0.8058025837 0.0225216653 0.5917558074
-150.3 -0.0 2276.0 0.5268491507 0.4258362055 -0.7355905771 -0.2692147791 0.9044884443 0.3307931423 0.8061968684 0.0237537473 0.5911703706
-139.5 212.2 2170.5 0.0433593541 0.3128171861 -0.9488231540 0.9477821589 0.2874726653 0.1380885392 0.3159571886 -0.9052650928 -0.2840178907
-152.1 -63.1 2078.7 -0.8396181464 0.3128171861 -0.4440571368 0.5292863846 0.2874726653 -0.7982577682 -0.1220544353 -0.9052650928 -0.4069371223
4.3 138.7 2390.6 0.2060191035 0.9609431028 -0.1847823113 -0.7441322803 0.2764763236 0.6081348658 0.6354709268 0.0122150825 0.7720281482
67.1 -88.0 2584.2 0.0308143068 0.9609431028 0.2750251889 -0.0630282238 0.2764763236 -0.9589516521 -0.9975359440 0.0122150825 0.0690859631
-281.8 -144.6 2196.6 0.1264818162 -0.2347343415 -0.9637957215 0.0382709652 0.9720300436 -0.2317174226 0.9912303686 -0.0075773522 0.1319276392
-190.7 -521.9 2199.6 0.1142761782 0.1812145412 -0.9767815471 -0.0295077711 0.9834079742 0.1789916903 0.9930106997 0.0083681596 0.1177273467
-187.0 -196.9 2339.2 -0.6053809524 -0.0877363160 -0.7910854816 0.0057502459 0.9933980107 -0.1145744398 0.7959150672 -0.0739101246 -0.6008797884
-152.9 -582.4 2367.9 -0.5885446072 0.1581192017 -0.7928515077 0.1519807577 0.9848423600 0.0835907087 0.7940510511 -0.0713013187 -0.6036547422
86.0 -213.2 2113.3 0 0 0 0 0 0 0 0 0
74.9 -103.9 2332.3 0 0 0 0 0 0 0 0 0
-258.3 -888.9 2196.5 0 0 0 0 0 0 0 0 0
-211.9 -949.5 2394.5 0 0 0 0 0 0 0 0 0
17.1 351.2 2288.5 46 0.5071154237 0.4438590705 -0.7387984395 -0.2772690058 0.8956437111 0.3477703631 0.8160611987 0.0284862015 0.5772630572
-70.5 174.4 2282.9 0.5071154237 0.4438590705 -0.7387984395 -0.2772690058 0.8956437111 0.3477703631 0.8160611987 0.0284862015 0.5772630572
-151.9 -1.7 2277.4 0.5139127374 0.4192738235 -0.7484003901 -0.2630695403 0.9074134231 0.3277121782 0.8165097237 0.0284658801 0.5766295195
-140.7 210.3 2171.4 0.0576550849 0.3413128853 -0.9381798506 0.9453908801 0.2833050787 0.1611655504 0.3207989931 -0.8962386847 -0.3063400984
-157.2 -60.7 2079.4 -0.8365677595 0.3413128853 -0.4285555780 0.5262905359 0.2833050787 -0.8017209768 -0.1522257328 -0.8962386847 -0.4166336358
-0.3 138.4 2394.4 0.1994580179 0.9586890936 -0.2028097063 -0.7407007813 0.2830058038 0.6093193293 0.6415441036 0.0286876746 0.7665495276
60.4 -87.3 2589.9 0.0493083373 0.9586890936 0.2801498771 -0.0660100505 0.2830058038 -0.9568439722 -0.9965999126 0.0286876746 0.0772376582
-280.1 -151.4 2199.2 0.1136339754 -0.2278585285 -0.9670407772 0.0197832007 0.9736713767 -0.2270962000 0.9933257103 0.0066746823 0.1151499227
-191.6 -529.3 2196.6 0.1088366583 0.1876537204 -0.9761868119 -0.0055152248 0.9821192026 0.1881792098 0.9940443635 -0.0150969075 0.1079255268
-185.7 -199.6 2343.6 -0.6198107004 -0.0937035978 -0.7791368961 0.0047701183 0.9923773408 -0.1231438220 0.7847368717 -0.0800424367 -0.6146391630
-149.4 -584.8 2374.7 -0.6021623015 0.1779597849 -0.7782871127 0.1299925894 0.9836864471 0.1243499741 0.7877197862 -0.0262926873 -0.6154723763
78.1 -208.7 2122.2 0 0 0 0 0 0 0 0 0
72.9 -103.9 2338.1 0 0 0 0 0 0 0 0 0
-261.6 -895.8 2202.3 0 0 0 0 0 0 0 0 0
-215.7 -951.3 2384.5 0 0 0 0 0 0 0 0 0
13.8 351.5 2284.2 47 0.5350977778 0.4347349703 -0.7243451476 -0.2738718092 0.9003888965 0.3380741179 0.7991649508 0.0174749903 0.6008577347
-71.8 174.2 2280.8 0.5350977778 0.4347349703 -0.7243451476 -0.2738718092 0.9003888965 0.3380741179 0.7991649508 0.0174749903 0.6008577347
-150.7 -3.0 2276.5 0.5413593650 0.4068484902 -0.7358018160 -0.2603780627 0.9132323265 0.3133847713 0.7994581461 0.0219328534 0.6003212929
-145.7 209.7 2171.6 0.0585061386 0.3493789136 -0.9351531267 0.9452107549 0.2819925845 0.1644895226 0.3211753964 -0.8935404420 -0.3137384057
-162.4 -59.5 2080.2 -0.8409585953 0.3493789136 -0.4131864309 0.5149040222 0.2819925845 -0.8095394373 -0.1663205028 -0.8935404420 -0.4170406759
2.1 138.7 2389.9 0.2288396209 0.9549887180 -0.1887563616 -0.7415720820 0.2966333628 0.6017304063 0.6306372285 0.0022766881 0.7760744095
71.8 -87.2 2582.0 0.0209174976 0.9549887180 0.2959036827 -0.0596825778 0.2966333628 -0.9531246424 -0.9979982376 0.0022766881 0.0632010177
-279.3 -154.3 2198.8 0.1402716488 -0.2156048417 -0.9663531780 0.0247014407 0.9764611125 -0.2142744958 0.9898048639 0.0061863218 0.1422955692
-195.6 -533.3 2196.4 0.1349283606 0.1568651348 -0.9783596992 -0.0094510186 0.9875478148 0.1570349038 0.9908102751 -0.0119419647 0.1347307414
-187.2 -201.4 2345.0 -0.5986686349 -0.1045728400 -0.7941412926 0.0107688075 0.9903008938 -0.1385213584 0.8009243608 -0.0914803520 -0.5917359591
-146.6 -585.8 2380.5 -0.5819721222 0.1959157288 -0.7892562747 0.1095361933 0.9805864692 0.1626408249 0.8057978749 0.0082003018 -0.5921338797
73.3 -203.7 2126.8 0 0 0 0 0 0 0 0 0
77.1 -102.3 2330.0 0 0 0 0 0 0 0 0 0
-254.1 -901.7 2200.8 0 0 0 0 0 0 0 0 0
-219.6 -951.2 2377.4 0 0 0 0 0 0 0 0 0
14.3 359.8 2288.6 48 0.5227482319 0.4354557693 -0.7328796387 -0.2742635608 0.8998966217 0.3390657306 0.8071640134 0.0237561669 0.5898489952
-71.8 182.0 2283.9 0.5227482319 0.4354557693 -0.7328796387 -0.2742635608 0.8998966217 0.3390657306 0.8071640134 0.0237561669 0.5898489952
-151.3 5.0 2278.9 0.5291697383 0.4096772969 -0.7430638671 -0.2604973614 0.9118685126 0.3172332048 0.8075397611 0.0256959684 0.5892530680
-144.0 217.5 2173.6 0.0920955539 0.3365179598 -0.9371627569 0.9438264966 0.2704499960 0.1898640245 0.3173483312 -0.9020047188 -0.2927073240
-170.7 -55.9 2081.7 -0.8434771895 0.3365179598 -0.4186907411 0.5124601722 0.2704499960 -0.8150100708 -0.1610306054 -0.9020047188 -0.4005704522
0.5 146.4 2394.2 0.2174185514 0.9558632970 -0.1976223290 -0.7409313321 0.2934243679 0.6040884852 0.6354132295 0.0150845237 0.7720249295
66.7 -79.4 2587.8 0.0347358584 0.9558632970 0.2917513251 -0.0618770458 0.2934243679 -0.9539776444 -0.9974791408 0.0150845237 0.0693383440
-278.1 -157.0 2200.7 0.1292762309 -0.2075060904 -0.9696540236 0.0131849106 0.9781328440 -0.2075627297 0.9915209413 0.0140481284 0.1291852891
-197.6 -536.7 2195.2 0.1270215362 0.1512171030 -0.9803055525 -0.0016453161 0.9883416295 0.1522435248 0.9918985963 -0.0177252926 0.1257894635
-181.2 -203.6 2343.8 -0.6101406217 -0.0847556368 -0.7877467275 0.0180768352 0.9925137162 -0.1207882464 0.7920868993 -0.0879377797 -0.6040408015
-148.3 -588.8 2377.9 -0.5934819579 0.1860510707 -0.7830479741 0.1252088398 0.9824124575 0.1385224164 0.7950483561 -0.0158339739 -0.6063393354
65.2 -199.3 2126.7 0 0 0 0 0 0 0 0 0
75.5 -95.0 2335.8 0 0 0 0 0 0 0 0 0
-254.0 -905.5 2201.8 0 0 0 0 0 0 0 0 0
-217.7 -955.1 2383.8 0 0 0 0 0 0 0 0 0
13.7 362.8 2291.3 49 0.5095164180 0.4307129085 -0.7449023128 -0.2681558132 0.9020715356 0.3381706178 0.8176096082 0.0274464116 0.5751184225
-71.7 184.1 2285.8 0.5095164180 0.4307129085 -0.7449023128 -0.2681558132 0.9020715356 0.3381706178 0.8176096082 0.0274464116 0.5751184225
-151.4 7.2 2281.4 0.5163862705 0.4107658565 -0.7514097691 -0.2533501387 0.9114511013 0.3241459727 0.8180213571 0.0229852572 0.5747284293
-142.2 218.7 2174.1 0.1200261563 0.3411560357 -0.9323123097 0.9380372763 0.2685383558 0.2190279812 0.3250843287 -0.9008327723 -0.2877854705
-176.4 -49.0 2081.3 -0.8367878795 0.3411560357 -0.4282506704 0.5233552456 0.2685383558 -0.8086942434 -0.1608892232 -0.9008327723 -0.4032554328
-1.1 149.5 2397.6 0.2064748406 0.9560118318 -0.2083493918 -0.7349582911 0.2921038270 0.6119735837 0.6459136605 0.0267709531 0.7629409432
61.8 -74.5 2594.4 0.0498022065 0.9560118318 0.2890693247 -0.0716962442 0.2921038270 -0.9536954761 -0.9961823821 0.0267709531 0.0830898732
-278.2 -148.7 2201.6 0.1157014444 -0.2051679939 -0.9718638062 0.0155876465 0.9786894917 -0.2047532201 0.9931617379 0.0085411752 0.1164338812
-198.5 -528.6 2198.3 0.1118278429 0.1385835260 -0.9840168357 -0.0124183772 0.9903455377 0.1380635500 0.9936500192 -0.0032194562 0.1124691814
-183.4 -195.4 2346.2 -0.6203243732 -0.0907976180 -0.7790721655 0.0065025943 0.9926474690 -0.1208665222 0.7843183875 -0.0800424442 -0.6151729822
-148.2 -580.7 2377.3 -0.6026703119 0.1846421063 -0.7763348222 0.1240082458 0.9827140570 0.1374591142 0.7882959247 -0.0134293865 -0.6151497364
57.4 -195.3 2126.3 0 0 0 0 0 0 0 0 0
74.4 -92.6 2342.7 0 0 0 0 0 0 0 0 0
-250.2 -898.2 2199.5 0 0 0 0 0 0 0 0 0
-217.0 -947.3 2382.3 0 0 0 0 0 0 0 0 0
7.6 363.4 2292.6 50 0.5163350701 0.4177613854 -0.7475784421 -0.2655094862 0.9080217481 0.3240389824 0.8141884804 0.0311764814 0.5797630548
-75.2 183.5 2286.4 0.5163350701 0.4177613854 -0.7475784421 -0.2655094862 0.9080217481 0.3240389824 0.8141884804 0.0311764814 0.5797630548
-152.5 5.5 2281.6 0.5235260129 0.3982453346 -0.7532072663 -0.2494271398 0.9169431329 0.3114504516 0.8146818876 0.0248179082 0.5793768167
-146.7 217.6 2175.2 0.1272567958 0.3352715373 -0.9334873557 0.9363903403 0.2697381079 0.2245317400 0.3270762265 -0.9026817679 -0.2796190381
-182.2 -43.6 2083.9 -0.8368926644 0.3352715373 -0.4326704144 0.5252953768 0.2697381079 -0.8070353866 -0.1538683176 -0.9026817679 -0.4018584192
-3.7 149.4 2397.7 0.2195712328 0.9519771338 -0.2133729011 -0.7345108986 0.3052542806 0.6060639620 0.6420920491 0.0236505084 0.7662626505
63.2 -74.4 2593.4 0.0462573618 0.9519771338 0.3026545644 -0.0670392588 0.3052542806 -0.9499081969 -0.9966774583 0.0236505084 0.0779400989
-277.4 -147.1 2203.6 0.1186373830 -0.2153412104 -0.9693055749 0.0192138050 0.9765149355 -0.2145911902 0.9927517176 0.0068344888 0.1199887022
-193.8 -526.1 2201.0 0.1133777052 0.1698374897 -0.9789283276 -0.0116321258 0.9854408503 0.1696201563 0.9934838414 -0.0078441259 0.1137025952
-184.9 -192.4 2350.2 -0.6162949800 -0.0875697359 -0.7826315165 -0.0104317330 0.9946188927 -0.1030746847 0.7874463201 -0.0553602017 -0.6138921380
-150.9 -578.4 2371.6 -0.5973031521 0.1718859822 -0.7833799720 0.1383541077 0.9842036963 0.1104591489 0.7899918556 -0.0424062312 -0.6116490960
51.5 -190.3 2126.9 0 0 0 0 0 0 0 0 0
74.9 -91.3 2341.5 0 0 0 0 0 0 0 0 0
-257.1 -893.8 2203.9 0 0 0 0 0 0 0 0 0
-215.0 -945.5 2387.5 0 0 0 0 0 0 0 0 0
4.6 362.2 2287.3 51 0.5218254328 0.4172472060 -0.7440450191 -0.2604971528 0.9084941745 0.3267713785 0.8123050332 0.0233039875 0.5827671289
-78.0 182.3 2282.7 0.5218254328 0.4172472060 -0.7440450191 -0.2604971528 0.9084941745 0.3267713785 0.8123050332 0.0233039875 0.5827671289
-155.0 4.1 2279.2 0.5290067196 0.3965431452 -0.7502702475 -0.2443807721 0.9178419709 0.3128004670 0.8126683831 0.0178780723 0.5824520588
-150.3 215.7 2171.7 0.1247189045 0.3188944757 -0.9395485520 0.9420437813 0.2591832578 0.2130201459 0.3114461899 -0.9116635323 -0.2680875063
-184.5 -42.8 2086.2 -0.8434060812 0.3188944757 -0.4324031472 0.5164334774 0.2591832578 -0.8161620498 -0.1481979042 -0.9116635323 -0.3832845092
-5.7 148.9 2393.7 0.2250037938 0.9514700770 -0.2099474669 -0.7309066653 0.3073070645 0.6093749404 0.6443203688 0.0163403191 0.7645810843
62.8 -73.9 2590.1 0.0403128304 0.9514700770 0.3050893545 -0.0718227923 0.3073070645 -0.9488961101 -0.9966024160 0.0163403191 0.0807256624
-276.7 -150.1 2203.8 0.1276873946 -0.2168060541 -0.9678280354 0.0107864300 0.9760614038 -0.2172273695 0.9917557836 0.0172977876 0.1269693077
-192.6 -529.0 2197.1 0.1268519908 0.1830440313 -0.9748863578 0.0062945699 0.9826576710 0.1853222102 0.9919016957 -0.0296449829 0.1234998927
-182.9 -194.8 2349.8 -0.6135520339 -0.0917649120 -0.7843042016 0.0153193912 0.9916546345 -0.1280094534 0.7895056605 -0.0905555189 -0.6070259809
-147.3 -579.5 2384.9 -0.5993177295 0.1907908469 -0.7774426937 0.1004272848 0.9814295769 0.1634331644 0.7941867709 0.0198719334 -0.6073487401
51.0 -187.0 2127.6 0 0 0 0 0 0 0 0 0
73.0 -92.0 2338.2 0 0 0 0 0 0 0 0 0
-260.8 -895.6 2208.2 0 0 0 0 0 0 0 0 0
-218.4 -944.9 2377.5 0 0 0 0 0 0 0 0 0
1.1 361.2 2283.1 52 0.5399011970 0.4061480761 -0.7372587323 -0.2462477684 0.9137794971 0.3230620325 0.8049029112 0.0071267397 0.5933637023
-79.3 180.3 2281.7 0.5399011970 0.4061480761 -0.7372587323 -0.2462477684 0.9137794971 0.3230620325 0.8049029112 0.0071267397 0.5933637023
-154.0 1.2 2281.3 0.5468898416 0.3849183321 -0.7434712052 -0.2300213128 0.9229479432 0.3086377382 0.8049855232 0.0022233850 0.5932902694
-154.0 211.7 2171.8 0.1090570837 0.3188622892 -0.9415059090 0.9430506825 0.2662543654 0.1994090825 0.3142640889 -0.9096347690 -0.2716663778
-183.5 -43.4 2086.8 -0.8425602913 0.3188622892 -0.4340725243 0.5191646814 0.2662543654 -0.8121432662 -0.1433881521 -0.9096347690 -0.3898774087
-4.6 148.9 2391.7 0.2461998761 0.9475467801 -0.2038152665 -0.7219719887 0.3195927143 0.6136912704 0.6466390491 -0.0039417995 0.7627859116
70.4 -71.1 2588.7 0.0230767187 0.9475467801 0.3187828660 -0.0807094648 0.3195927143 -0.9441114664 -0.9964705110 -0.0039417995 0.0838511512
-279.3 -152.1 2202.9 0.1466336399 -0.2234424204 -0.9636244178 0.0174400900 0.9745867252 -0.2233304977 0.9890370965 0.0159420669 0.1468040496
-192.6 -530.5 2196.7 0.1440894008 0.1846944839 -0.9721760154 0.0038351361 0.9823163748 0.1871893704 0.9895572662 -0.0307004303 0.1408330351
-184.6 -195.9 2348.5 -0.5994905829 -0.1040163413 -0.7935941219 0.0179835949 0.9895186424 -0.1432811767 0.8001797795 -0.1001673937 -0.5913364887
-144.2 -579.9 2387.4 -0.5865660310 0.2054397315 -0.7834122777 0.0865274295 0.9776532650 0.1915910393 0.8052659631 0.0445941463 -0.5912343860
51.8 -188.4 2126.8 0 0 0 0 0 0 0 0 0
76.3 -91.5 2336.9 0 0 0 0 0 0 0 0 0
-261.5 -897.1 2208.2 0 0 0 0 0 0 0 0 0
-220.8 -944.2 2370.8 0 0 0 0 0 0 0 0 0
16.9 374.4 2274.1 53 0.5597588420 0.4381907582 -0.7033199072 -0.2441777736 0.8982849121 0.3653237522 0.7918631434 -0.0327581093 0.6098193526
-70.6 195.1 2280.6 0.5597588420 0.4381907582 -0.7033199072 -0.2441777736 0.8982849121 0.3653237522 0.7918631434 -0.0327581093 0.6098193526
-150.2 18.3 2285.5 0.5651072264 0.4107493162 -0.7154990435 -0.2327767015 0.9113993645 0.3393615484 0.7914978266 -0.0252241474 0.6106511950
-147.7 226.9 2172.5 0.1192729697 0.3006509840 -0.9462467432 0.9483683705 0.2476069033 0.1982125491 0.2938900292 -0.9210318923 -0.2555950880
-181.9 -44.9 2088.3 -0.8470098972 0.3006509840 -0.4383870661 0.5132124424 0.2476069033 -0.8217687011 -0.1385179162 -0.9210318923 -0.3640233278
6.6 163.2 2388.7 0.2459243238 0.9555892944 -0.1623892933 -0.7182772756 0.2921565473 0.6314446330 0.6508448124 -0.0386470556 0.7582265139
81.5 -55.7 2587.0 -0.0106691178 0.9555892944 0.2945084274 -0.0967570990 0.2921565473 -0.9514634013 -0.9952508211 -0.0386470556 0.0893429965
