-186.8 414.7 2798.4 6 0.5067487955 0.4578044713 -0.7304934859 -0.3916707337 0.8771083355 0.2779839039 0.7679841518 0.1452449113 0.6237821579
-278.9 238.4 2769.2 0.5067487955 0.4578044713 -0.7304934859 -0.3916707337 0.8771083355 0.2779839039 0.7679841518 0.1452449113 0.6237821579
-363.7 60.9 2741.3 0.5182273388 0.4269948006 -0.7410234809 -0.3687025905 0.8933385015 0.2569137812 0.7716857195 0.1400775313 0.6203865409
-354.6 292.3 2656.5 0.0871411040 0.3587581217 -0.9293541312 0.9562247396 0.2314858437 0.1790210009 0.2793575525 -0.9042714834 -0.3228814602
-379.1 22.4 2577.6 -0.8668563962 0.3587581217 -0.3461973667 0.4419256747 0.2314858437 -0.8666694760 -0.2307849228 -0.9042714834 -0.3592093885
-203.2 184.6 2881.9 -0.3318882585 0.6468720436 -0.6865906715 -0.9028683901 -0.0069770194 0.4298604429 0.2732743323 0.7625666857 0.5863558650
-269.5 4.0 2936.5 0.5723714828 0.6468720436 -0.5039320588 -0.6563394070 -0.0069770194 -0.7544334531 -0.4915378392 0.7625666857 0.4205741584
-496.5 -83.2 2644.3 -0.9614256620 0.0123995552 0.2747852206 0.0065048751 0.9997289777 -0.0223528780 -0.2749879062 -0.0197031870 -0.9612457752
-501.5 -480.3 2652.1 -0.9621815681 -0.0534727387 0.2671091855 0.0187525842 0.9652166963 0.2607778907 -0.2717627287 0.2559246719 -0.9277109504
-401.7 -150.2 2786.1 -0.6210184693 0.1268986613 0.7734550834 0.0579302534 0.9915390015 -0.1161660403 -0.7816522121 -0.0273348056 -0.6231153011
-452.1 -544.1 2796.9 -0.6201295853 -0.0459976569 0.7831497192 -0.0672182888 0.9977238178 0.0053743306 -0.7816143632 -0.0493092053 -0.6218099594
-139.9 -99.5 2641.3 0 0 0 0 0 0 0 0 0
-121.0 -166.3 2809.0 0 0 0 0 0 0 0 0 0
-482.2 -827.5 2560.0 0 0 0 0 0 0 0 0 0
-434.5 -925.0 2815.7 0 0 0 0 0 0 0 0 0
-188.2 414.9 2800.1 7 0.5129590034 0.4514792562 -0.7300955653 -0.4047519267 0.8772460222 0.2580994070 0.7569999695 0.1631131768 0.6327283382
-278.8 239.0 2767.3 0.5129590034 0.4514792562 -0.7300955653 -0.4047519267 0.8772460222 0.2580994070 0.7569999695 0.1631131768 0.6327283382
-364.0 62.0 2737.1 0.5241582394 0.4283278883 -0.7360661030 -0.3822475076 0.8906854987 0.2461018711 0.7610157132 0.1523631215 0.6305874586
-355.4 294.8 2656.2 0.1084365919 0.3522621989 -0.9295982122 0.9527932405 0.2299389243 0.1982753873 0.2835957408 -0.9072152376 -0.3106992245
-385.7 28.6 2577.0 -0.8926978111 0.3522621989 -0.2810728848 0.3736691475 0.2299389243 -0.8986097574 -0.2519166470 -0.9072152376 -0.3368954957
-202.3 183.1 2878.5 -0.3798416555 0.6559242606 -0.6522911191 -0.8645059466 -0.0007920533 0.5026219487 0.3291652799 0.7548263073 0.5673512816
-276.8 13.4 2943.1 0.5574681163 0.6559242606 -0.5089132190 -0.6737033129 -0.0007920533 -0.7390015125 -0.4851320982 0.7548263073 0.4414567947
-496.1 -82.8 2642.7 -0.9635832310 0.0153800519 0.2669658661 0.0090719992 0.9996501207 -0.0248460397 -0.2672545910 -0.0215193126 -0.9633856416
-502.2 -480.0 2651.3 -0.9638429880 -0.0567861162 0.2603497207 0.0133295571 0.9655316472 0.2599441707 -0.2661371231 0.2540157139 -0.9298639894
-401.1 -150.4 2784.2 -0.6328272820 0.1391296983 0.7616905570 0.0291913953 0.9873116016 -0.1560886502 -0.7737424970 -0.0765423477 -0.6288591623
-456.3 -542.2 2814.6 -0.6317877173 -0.0848826244 0.7704798579 0.0164282676 0.9922965765 0.1227909029 -0.7749673724 0.0902354270 -0.6255263090
-138.5 -74.9 2646.7 0 0 0 0 0 0 0 0 0
-132.1 -161.5 2817.2 0 0 0 0 0 0 0 0 0
-481.7 -828.2 2559.7 0 0 0 0 0 0 0 0 0
-424.2 -917.2 2780.5 0 0 0 0 0 0 0 0 0
-187.6 412.3 2800.4 8 0.5037873387 0.4594157338 -0.7315295339 -0.4213219881 0.8699696064 0.2562043369 0.7541127801 0.1791369915 0.6318416595
-279.8 237.8 2764.5 0.5037873387 0.4594157338 -0.7315295339 -0.4213219881 0.8699696064 0.2562043369 0.7541127801 0.1791369915 0.6318416595
-366.3 62.0 2731.8 0.5169202685 0.4355654716 -0.7369369864 -0.3955698013 0.8849885464 0.2456009090 0.7591561079 0.1645539254 0.6297650933
-355.3 295.5 2653.6 0.0998287275 0.3340108395 -0.9372678399 0.9602249265 0.2145340145 0.1787266284 0.2607724667 -0.9178299904 -0.2993088961
-383.0 29.1 2581.3 -0.9229191542 0.3340108395 -0.1914600581 0.2722322047 0.2145340145 -0.9380110502 -0.2722311616 -0.9178299904 -0.2889260650
-204.2 180.0 2875.4 -0.3989750147 0.6872301102 -0.6070697904 -0.8360871077 -0.0007883155 0.5485960841 0.3765332103 0.7264393568 0.5748987794
-282.1 16.9 2948.8 0.5505655408 0.6872301102 -0.4739117622 -0.6518102288 -0.0007883155 -0.7583816648 -0.5215563178 0.7264393568 0.4475096166
-497.1 -79.9 2637.0 -0.9624912143 0.0025789854 0.2713006139 -0.0061129644 0.9994948506 -0.0311881229 -0.2712439895 -0.0316767432 -0.9619892240
-498.2 -477.1 2649.6 -0.9643655419 -0.0430071652 0.2610546649 0.0249164421 0.9675514698 0.2514423728 -0.2633976638 0.2489869148 -0.9320017099
-401.0 -150.0 2776.6 -0.6337298751 0.1389261484 0.7609770298 0.0091424333 0.9850171804 -0.1722138822 -0.7735004425 -0.1021798998 -0.6255049109
-456.2 -541.1 2817.1 -0.6351529360 -0.0825756863 0.7679596543 0.0252295285 0.9915201068 0.1274807304 -0.7719742656 0.1003450230 -0.6276835203
-125.7 -46.8 2657.1 0 0 0 0 0 0 0 0 0
-139.2 -152.3 2813.5 0 0 0 0 0 0 0 0 0
-482.6 -827.9 2559.3 0 0 0 0 0 0 0 0 0
-424.8 -917.9 2779.0 0 0 0 0 0 0 0 0 0
-187.8 410.3 2799.1 9 0.5122333169 0.4689498544 -0.7195158601 -0.4328619242 0.8645486832 0.2553156912 0.7417867184 0.1806698143 0.6458411813
-281.9 236.9 2762.8 0.5122333169 0.4689498544 -0.7195158601 -0.4328619242 0.8645486832 0.2553156912 0.7417867184 0.1806698143 0.6458411813
-370.8 62.5 2728.7 0.5229274631 0.4473482966 -0.7255524397 -0.4125280678 0.8777037263 0.2438376546 0.7459004521 0.1718013585 0.6435191035
-358.2 297.1 2653.9 0.0344256163 0.3164084256 -0.9479982257 0.9742399454 0.2009073794 0.1024343669 0.2228709310 -0.9271040559 -0.3013413548
-367.9 22.8 2591.2 -0.9464612007 0.3164084256 -0.0640070811 0.1328019947 0.2009073794 -0.9705667496 -0.2942360044 -0.9271040559 -0.2321707010
-205.5 176.6 2871.8 -0.3957967162 0.6904094219 -0.6055409312 -0.8330870867 0.0075115198 0.5530908704 0.3864076436 0.7233798504 0.5721981525
-280.9 17.9 2945.4 0.5415287018 0.6904094219 -0.4796681702 -0.6683878899 0.0075115198 -0.7437750101 -0.5099062324 0.7233798504 0.4655289650
-500.3 -77.6 2629.5 -0.9660564065 -0.0162842125 0.2578173578 -0.0294167139 0.9984540343 -0.0471619442 -0.2566508055 -0.0531452373 -0.9650419354
-493.8 -474.2 2650.6 -0.9697899222 -0.0308511704 0.2419828027 0.0302453842 0.9691095948 0.2447687685 -0.2420592755 0.2446931601 -0.9388996363
-405.5 -150.1 2768.7 -0.6499235630 0.1077855453 0.7523174882 -0.0171919223 0.9875536561 -0.1563401669 -0.7598050833 -0.1145429388 -0.6399813294
-448.2 -542.2 2814.2 -0.6522513032 -0.0397327915 0.7569607496 0.0259315781 0.9968710542 0.0746701509 -0.7575591207 0.0683328882 -0.6491801143
-100.4 -14.8 2674.3 0 0 0 0 0 0 0 0 0
-140.4 -155.7 2813.0 0 0 0 0 0 0 0 0 0
-482.5 -827.9 2561.3 0 0 0 0 0 0 0 0 0
-433.1 -921.6 2788.2 0 0 0 0 0 0 0 0 0
-191.5 406.8 2799.4 0 0.5260519981 0.4588437676 -0.7160528302 -0.4416687489 0.8669184446 0.2310435623 0.7267723083 0.1947172433 0.6587011218
-283.3 233.2 2760.4 0.5260519981 0.4588437676 -0.7160528302 -0.4416687489 0.8669184446 0.2310435623 0.7267723083 0.1947172433 0.6587011218
-370.0 58.4 2723.1 0.5363373160 0.4359985292 -0.7226669788 -0.4215878546 0.8801607490 0.2181301713 0.7311675549 0.1876762956 0.6558747292
-361.7 294.7 2653.7 0.0186457988 0.3338375092 -0.9424462318 0.9752880931 0.2014774829 0.0906638131 0.2201486677 -0.9208470583 -0.3218310475
-367.0 16.4 2590.8 -0.9423128366 0.3338375092 -0.0244752951 0.0966950879 0.2014774829 -0.9747086167 -0.3204630911 -0.9208470583 -0.2221352607
-205.0 171.7 2867.2 -0.4039720893 0.7033842802 -0.5848565102 -0.8181281090 0.0082149385 0.5749772787 0.4092345536 0.7107623219 0.5721398592
-280.5 18.7 2943.7 0.5320149064 0.7033842802 -0.4713923335 -0.6692165136 0.0082149385 -0.7430220842 -0.5187575817 0.7107623219 0.4750868380
-507.6 -74.1 2626.2 -0.9678177238 -0.0293094926 0.2499395311 -0.0443912521 0.9975035787 -0.0549185462 -0.2477059364 -0.0642462745 -0.9667027593
-496.0 -470.3 2651.8 -0.9725910425 -0.0356464200 0.2297738940 0.0224909503 0.9691237211 0.2455469966 -0.2314321995 0.2439846396 -0.9417593479
-411.7 -149.7 2763.0 -0.6622691751 0.1005545631 0.7424879074 -0.0625243708 0.9800806642 -0.1885007769 -0.7466526628 -0.1712618470 -0.6427901387
-451.6 -538.4 2830.9 -0.6765211821 -0.0399025902 0.7353413701 0.0907171518 0.9864100814 0.1369872540 -0.7308142781 0.1593828499 -0.6637074351
-96.9 -11.3 2682.7 0 0 0 0 0 0 0 0 0
-142.3 -155.1 2809.0 0 0 0 0 0 0 0 0 0
-482.9 -826.7 2562.0 0 0 0 0 0 0 0 0 0
-436.5 -913.0 2770.4 0 0 0 0 0 0 0 0 0
-190.6 408.3 2799.1 1 0.5141442418 0.4649894834 -0.7207221985 -0.4362179041 0.8652614951 0.2470557541 0.7384914756 0.1873695999 0.6477059722
-283.9 234.7 2761.5 0.5141442418 0.4649894834 -0.7207221985 -0.4362179041 0.8652614951 0.2470557541 0.7384914756 0.1873695999 0.6477059722
-371.7 60.1 2725.7 0.5246189833 0.4420940280 -0.7275491953 -0.4160788953 0.8787235618 0.2339299768 0.7427336574 0.1799937487 0.6449410319
-360.5 295.4 2653.0 0.0472684577 0.3970088959 -0.9165967703 0.9716801643 0.1944139898 0.1343163252 0.2315240204 -0.8969877958 -0.3765760064
-374.1 15.8 2586.4 -0.9154430628 0.3970088959 -0.0659388676 0.1540912539 0.1944139898 -0.9687409997 -0.3717793524 -0.8969877958 -0.2391505390
-207.2 174.0 2870.0 -0.3948952854 0.7005673051 -0.5943594575 -0.8288382292 0.0074276538 0.5594390035 0.3963393867 0.7135476470 0.5777238607
-279.1 23.2 2942.1 0.5323955417 0.7005673051 -0.4751424789 -0.6712559462 0.0074276538 -0.7411884069 -0.5157232285 0.7135476470 0.4742144346
-505.8 -77.8 2618.8 -0.9652708173 -0.0327064358 0.2591960430 -0.0478492342 0.9974828959 -0.0523285642 -0.2568321526 -0.0629135668 -0.9644061327
-492.8 -474.2 2643.8 -0.9703938961 -0.0262666456 0.2400953025 0.0293242615 0.9739022255 0.2250657529 -0.2397410721 0.2254430503 -0.9442985058
-407.5 -155.1 2752.9 -0.6559679508 0.1122932881 0.7463888526 -0.0768096969 0.9738063812 -0.2140126079 -0.7508704066 -0.1977153122 -0.6301605105
-452.0 -541.5 2831.3 -0.6731762290 -0.0342453979 0.7386887074 0.1024702713 0.9849701524 0.1390453726 -0.7323479652 0.1692956686 -0.6595494151
-112.6 -28.2 2692.6 0 0 0 0 0 0 0 0 0
-140.7 -151.2 2808.1 0 0 0 0 0 0 0 0 0
-483.3 -828.0 2561.9 0 0 0 0 0 0 0 0 0
-439.0 -916.7 2766.8 0 0 0 0 0 0 0 0 0
-188.7 408.2 2798.9 2 0.5418238044 0.4686697721 -0.6976930499 -0.4488394856 0.8631693125 0.2312613726 0.7106124759 0.1878492534 0.6780431867
-283.0 234.6 2761.2 0.5418238044 0.4686697721 -0.6976930499 -0.4488394856 0.8631693125 0.2312613726 0.7106124759 0.1878492534 0.6780431867
-371.9 60.6 2725.2 0.5520170331 0.4473651052 -0.7036630511 -0.4294881225 0.8758834600 0.2199276090 0.7147147059 0.1808111221 0.6756405830
-363.5 297.3 2656.9 0.0917894319 0.4310715795 -0.8976368904 0.9591815472 0.2038646042 0.1959845573 0.2674797475 -0.8789860606 -0.3947632909
-389.2 29.1 2582.1 -0.8812429905 0.4310715795 -0.1938763857 0.3044281304 0.2038646042 -0.9304637313 -0.3615719378 -0.8789860606 -0.3108845651
-202.4 171.9 2865.5 -0.4641779959 0.6770411730 -0.5710989833 -0.7796427011 -0.0063140830 0.6261928082 0.4203523099 0.7359181046 0.5307810307
-281.6 38.9 2937.2 0.5261124372 0.6770411730 -0.5146076083 -0.6950688958 -0.0063140830 -0.7189154029 -0.4899845719 0.7359181046 0.4672683477
-507.7 -76.3 2621.9 -0.9738738537 -0.0355796330 0.2242851406 -0.0478900746 0.9976160526 -0.0496870913 -0.2219826132 -0.0591299906 -0.9732560515
-493.6 -472.7 2645.4 -0.9782167673 -0.0351856947 0.2045822293 0.0151203545 0.9708352089 0.2392705232 -0.2070345283 0.2371518016 -0.9491552711
-411.5 -152.6 2758.0 -0.6852203012 0.0934557468 0.7223151326 -0.0854259282 0.9745759964 -0.2071329951 -0.7233087420 -0.2036361694 -0.6598156691
-448.6 -539.5 2838.9 -0.7087494731 -0.0302514974 0.7048113346 0.1299539506 0.9763838649 0.1725878567 -0.6933874488 0.2139145732 -0.6880802512
-140.2 -56.9 2684.2 0 0 0 0 0 0 0 0 0
-145.0 -141.6 2810.0 0 0 0 0 0 0 0 0 0
-480.7 -827.9 2558.6 0 0 0 0 0 0 0 0 0
-437.1 -911.7 2757.4 0 0 0 0 0 0 0 0 0
-192.7 409.1 2808.8 3 0.5042172670 0.4423449337 -0.7416844964 -0.4209109545 0.8758121729 0.2361927629 0.7540549636 0.1930906624 0.6277874708
-281.7 233.0 2770.0 0.5042172670 0.4423449337 -0.7416844964 -0.4209109545 0.8758121729 0.2361927629 0.7540549636 0.1930906624 0.6277874708
-365.7 56.7 2734.0 0.5141731501 0.4229106307 -0.7461719513 -0.4006198943 0.8876674175 0.2270468771 0.7583730817 0.1821899265 0.6258411407
-356.5 291.5 2659.5 0.1623706967 0.4821627438 -0.8609035015 0.9415323734 0.1853268296 0.2813729346 0.2952160537 -0.8562552333 -0.4238801897
-399.7 40.8 2580.9 -0.8121840358 0.4821627438 -0.3284450769 0.4609757960 0.1853268296 -0.8678451777 -0.3575729430 -0.8562552333 -0.3727848232
-206.8 174.6 2880.5 -0.4350129068 0.6674433947 -0.6043865085 -0.8319250941 -0.0411331244 0.5533612967 0.3444770575 0.7435235977 0.5731563568
-281.3 32.0 2939.6 0.5336340666 0.6674433947 -0.5193784237 -0.6699852347 -0.0411331244 -0.7412340045 -0.5160954595 0.7435235977 0.4252271950
-511.4 -74.1 2623.9 -0.9589928985 -0.0343520157 0.2813406587 -0.0440041535 0.9986371994 -0.0280601792 -0.2799933255 -0.0392896719 -0.9591975808
-497.7 -470.9 2639.5 -0.9634797573 -0.0513212979 0.2628172338 0.0114134373 0.9727002978 0.2317841202 -0.2675378621 0.2263189554 -0.9365912676
-410.2 -152.8 2754.8 -0.6365333200 0.1045947596 0.7641238570 -0.0906745121 0.9737410545 -0.2088215947 -0.7659004331 -0.2022084594 -0.6103345752
-451.8 -539.6 2835.1 -0.6535612345 -0.0362024121 0.7560073137 0.0876341611 0.9885179400 0.1230954006 -0.7517831922 0.1467024535 -0.6428844929
-172.2 -88.3 2681.1 0 0 0 0 0 0 0 0 0
-142.8 -141.9 2805.6 0 0 0 0 0 0 0 0 0
-478.8 -829.6 2556.0 0 0 0 0 0 0 0 0 0
-438.0 -916.0 2779.3 0 0 0 0 0 0 0 0 0
-195.8 407.8 2804.3 4 0.5087664127 0.4379183948 -0.7412045598 -0.3801991642 0.8867433667 0.2629350424 0.7724022865 0.1480328143 0.6176414490
-283.9 229.5 2774.5 0.5087664127 0.4379183948 -0.7412045598 -0.3801991642 0.8867433667 0.2629350424 0.7724022865 0.1480328143 0.6176414490
-366.0 50.9 2747.3 0.5195521116 0.4133335352 -0.7478107810 -0.3575596809 0.9000644684 0.2490682751 0.7760262489 0.1379830390 0.6154217720
-359.6 281.6 2661.5 0.1606319398 0.5360460877 -0.8287653327 0.9384553432 0.1771814674 0.2964932323 0.3057758808 -0.8253855705 -0.4745942950
-400.8 40.7 2583.0 -0.7603947520 0.5360460877 -0.3666802943 0.5260233283 0.1771814674 -0.8318089843 -0.3809189796 -0.8253855705 -0.4167005718
-208.1 177.3 2887.6 -0.4010519981 0.6484619975 -0.6470350623 -0.8780081272 -0.0706586838 0.4734016061 0.2612642944 0.7579606771 0.5976927280
-277.9 24.6 2933.1 0.5311493278 0.6484619975 -0.5453232527 -0.6712659001 -0.0706586838 -0.7378410697 -0.5169937015 0.7579606771 0.3977601230
-496.7 -83.0 2628.6 -0.9600296617 0.0100687603 0.2797171474 0.0004604422 0.9994082451 -0.0343946144 -0.2798979282 -0.0328910574 -0.9594661593
-500.7 -479.7 2641.7 -0.9604164362 -0.0634596869 0.2712436616 0.0061149043 0.9686691165 0.2482796907 -0.2785010934 0.2401105165 -0.9299376607
-402.7 -156.4 2767.4 -0.6270377040 0.1177755594 0.7700341940 -0.0478024445 0.9808242321 -0.1889410466 -0.7775208354 -0.1552826762 -0.6093838215
-449.4 -545.6 2829.0 -0.6380536556 -0.0211410020 0.7697016001 0.1067867354 0.9875335693 0.1156462654 -0.7625510693 0.1559824347 -0.6278418303
-186.5 -107.6 2690.4 0 0 0 0 0 0 0 0 0
-140.0 -149.8 2798.8 0 0 0 0 0 0 0 0 0
-477.7 -830.5 2554.7 0 0 0 0 0 0 0 0 0
-441.4 -922.3 2769.5 0 0 0 0 0 0 0 0 0
-199.1 406.9 2811.0 5 0.4331419170 0.4277924597 -0.7933357954 -0.3493861258 0.8910583854 0.2897313833 0.8308534026 0.1516857147 0.5354194641
-285.3 227.2 2780.4 0.4331419170 0.4277924597 -0.7933357954 -0.3493861258 0.8910583854 0.2897313833 0.8308534026 0.1516857147 0.5354194641
-367.6 48.3 2754.7 0.4448074102 0.4135009646 -0.7944579124 -0.3245348036 0.9011727571 0.2873409688 0.8347595930 0.1300178319 0.5350437760
-349.9 274.3 2659.3 0.1389794052 0.5532991886 -0.8213067055 0.9512244463 0.1560732573 0.2661074102 0.2754210532 -0.8182305098 -0.5046207309
-387.2 19.5 2585.5 -0.7553834915 0.5532991886 -0.3510780036 0.5080189109 0.1560732573 -0.8470879197 -0.4138991535 -0.8182305098 -0.3989816308
-220.8 180.1 2901.6 -0.2739131749 0.6300253272 -0.7266633511 -0.9508974552 -0.0642011389 0.3027743101 0.1441028714 0.7739161849 0.6166750193
-271.1 5.2 2928.1 0.5655416846 0.6300253272 -0.5321941972 -0.6450324655 -0.0642011389 -0.7614534497 -0.5139024258 0.7739161849 0.3700783849
-495.6 -95.0 2649.0 -0.9311678410 0.0265740454 0.3636209965 0.0287634842 0.9995860457 0.0006066427 -0.3634543419 0.0110238930 -0.9315468073
-506.2 -491.6 2644.6 -0.9305671453 -0.0792575404 0.3574395180 0.0211076625 0.9630495310 0.2684958875 -0.3655122817 0.2573981583 -0.8945093155
-400.5 -160.5 2791.0 -0.5431716442 0.1251174659 0.8302470446 0.0276887156 0.9909661412 -0.1312229186 -0.8391649723 -0.0482880995 -0.5417290926
-450.0 -551.8 2810.0 -0.5427961946 -0.0275414940 0.8394127488 0.0114772925 0.9991255999 0.0402033962 -0.8397859931 0.0314564370 -0.5420054793
-171.1 -125.9 2703.9 0 0 0 0 0 0 0 0 0
-124.4 -162.2 2794.8 0 0 0 0 0 0 0 0 0
-478.4 -829.7 2554.3 0 0 0 0 0 0 0 0 0
-439.5 -930.2 2798.1 0 0 0 0 0 0 0 0 0
-197.6 407.8 2815.9 6 0.4174113870 0.4259972572 -0.8026793003 -0.3528345823 0.8899850249 0.2888501287 0.8374219537 0.1626436859 0.5217964649
-283.1 229.2 2783.3 0.4174113870 0.4259972572 -0.8026793003 -0.3528345823 0.8899850249 0.2888501287 0.8374219537 0.1626436859 0.5217964649
-364.3 50.2 2755.2 0.4294501841 0.4087634385 -0.8052856326 -0.3269969225 0.9015757442 0.2832564116 0.8418108821 0.1416814178 0.5208462477
-345.6 276.9 2660.7 0.0629401132 0.5363205671 -0.8416643143 0.9742590785 0.1498987526 0.1683732569 0.2164664716 -0.8305965662 -0.5130805373
-363.9 -6.5 2597.7 -0.7596355081 0.5363205671 -0.3678507209 0.5146349669 0.1498987526 -0.8442044854 -0.3976238668 -0.8305965662 -0.3898777366
-220.5 181.6 2905.8 -0.1787559092 0.5896451473 -0.7876324654 -0.9831202626 -0.0753131583 0.1667408496 0.0389988348 0.8041433692 0.5931547284
-257.0 -18.7 2913.8 0.5985158086 0.5896451473 -0.5423074961 -0.6277822852 -0.0753131583 -0.7747369409 -0.4976627827 0.8041433692 0.3250926435
-490.3 -101.0 2652.8 -0.9232284427 0.0492541604 0.3810816407 0.0511819087 0.9986764193 -0.0050812541 -0.3808275163 0.0148133282 -0.9245274067
-509.9 -497.5 2647.0 -0.9208766818 -0.0915667787 0.3789481223 0.0221576188 0.9581614137 0.2853693962 -0.3892238438 0.2711865902 -0.8803195953
-409.2 -160.2 2805.0 -0.5274089575 0.0985109657 0.8438811302 0.0262871124 0.9946717620 -0.0996846780 -0.8492047787 -0.0303913970 -0.5271884203
-448.3 -554.0 2817.0 -0.5296066999 -0.0499277227 0.8467726707 0.0629030168 0.9932059646 0.0979039222 -0.8459078074 0.1051151231 -0.5228678584
-145.9 -154.2 2711.8 0 0 0 0 0 0 0 0 0
-101.7 -181.6 2784.6 0 0 0 0 0 0 0 0 0
-477.9 -832.5 2552.2 0 0 0 0 0 0 0 0 0
-429.3 -930.8 2777.2 0 0 0 0 0 0 0 0 0
-197.6 405.6 2819.3 7 0.4356628060 0.4232878983 -0.7943710089 -0.3639566600 0.8900048137 0.2746397853 0.8232457042 0.1694662571 0.5418004394
-282.5 227.0 2785.3 0.4356628060 0.4232878983 -0.7943710089 -0.3639566600 0.8900048137 0.2746397853 0.8232457042 0.1694662571 0.5418004394
-363.1 47.8 2755.9 0.4480516016 0.4053894877 -0.7968118191 -0.3371647298 0.9020889401 0.2693611979 0.8279913664 0.1479691267 0.5408654213
-347.9 276.2 2664.6 -0.0034162465 0.5360610485 -0.8441722989 0.9840080738 0.1521432996 0.0926309526 0.1780910045 -0.8303559422 -0.5280081630
-346.8 -23.5 2610.4 -0.7672811747 0.5360610485 -0.3520201147 0.4979803264 0.1521432996 -0.8537376523 -0.4040980041 -0.8303559422 -0.3836845458
-217.2 177.9 2906.1 -0.1325806677 0.5907258391 -0.7959053516 -0.9910159111 -0.0932629183 0.0958615690 -0.0176005512 0.8014642596 0.5977836251
-245.7 -35.1 2902.3 0.6034572721 0.5907258391 -0.5356139541 -0.6082997322 -0.0932629183 -0.7882090211 -0.5155683756 0.8014642596 0.3030582070
-484.8 -99.0 2650.1 -0.9305234551 0.0615900569 0.3610163331 0.0566583090 0.9980993271 -0.0242402069 -0.3618231118 -0.0021015063 -0.9322444201
-509.3 -495.4 2650.9 -0.9276700020 -0.0915982872 0.3619918823 0.0196091719 0.9561569095 0.2921976447 -0.3728858531 0.2781613469 -0.8852019310
-406.3 -158.8 2804.0 -0.5437257886 0.1104915962 0.8319578767 0.0397382043 0.9935734272 -0.1059847251 -0.8383216262 -0.0245661139 -0.5446221828
-450.1 -552.9 2813.7 -0.5434409976 -0.0376842581 0.8386010528 0.0317398086 0.9973551035 0.0653866306 -0.8388471007 0.0621508136 -0.5408075452
-127.5 -165.9 2725.9 0 0 0 0 0 0 0 0 0
-89.1 -193.0 2768.4 0 0 0 0 0 0 0 0 0
-476.8 -834.3 2552.3 0 0 0 0 0 0 0 0 0
-435.8 -932.3 2790.1 0 0 0 0 0 0 0 0 0
-197.0 403.2 2807.5 8 0.4915920496 0.4396969378 -0.7516673803 -0.3810852468 0.8847493529 0.2683143020 0.7830142379 0.1545481682 0.6024978161
-285.4 225.4 2776.5 0.4915920496 0.4396969378 -0.7516673803 -0.3810852468 0.8847493529 0.2683143020 0.7830142379 0.1545481682 0.6024978161
-367.4 46.6 2748.6 0.5041017532 0.4133555293 -0.7582998276 -0.3549183607 0.8996070027 0.2544409931 0.7873464227 0.1408704072 0.6002009511
-358.7 277.1 2661.9 -0.0573566034 0.5815789700 -0.8114653826 0.9844825864 0.1679689586 0.0507977717 0.1658439040 -0.7959600091 -0.5821885467
-340.9 -29.4 2610.3 -0.7522087693 0.5815789700 -0.3097544611 0.4836050868 0.1679689586 -0.8590183854 -0.4475578964 -0.7959600091 -0.4076022804
-212.0 173.7 2891.1 -0.1167646497 0.6366888881 -0.7622291446 -0.9917268753 -0.1159562916 0.0550629124 -0.0533273146 0.7623525262 0.6449611187
-237.8 -45.3 2879.3 0.5724080205 0.6366888881 -0.5166974664 -0.5913719535 -0.1159562916 -0.7980183959 -0.5680037737 0.7623525262 0.3101456463
-484.7 -100.5 2650.8 -0.9531416893 0.0645605549 0.2955550849 0.0627924353 0.9979065657 -0.0154804178 -0.2959357798 0.0038035896 -0.9552002549
-510.4 -497.0 2649.3 -0.9487985373 -0.0955551639 0.3010821939 -0.0035610097 0.9563234448 0.2922888398 -0.3158616722 0.2762510777 -0.9076985717
-402.7 -162.2 2802.3 -0.6010870934 0.1192907691 0.7902303934 0.0467728525 0.9923532605 -0.1142249480 -0.7978136539 -0.0316978134 -0.6020702720
-450.0 -556.2 2814.9 -0.6005518436 -0.0262666438 0.7991542816 0.0144909229 0.9989386201 0.0437228680 -0.7994545102 0.0378383324 -0.5995337963
-126.0 -167.6 2738.1 0 0 0 0 0 0 0 0 0
-89.4 -198.6 2732.1 0 0 0 0 0 0 0 0 0
-476.6 -835.2 2551.6 0 0 0 0 0 0 0 0 0
-440.0 -936.9 2800.5 0 0 0 0 0 0 0 0 0
-192.7 402.3 2802.7 9 0.5319538116 0.4495879710 -0.7175624371 -0.4074702263 0.8787549138 0.2485112101 0.7422891259 0.1601888388 0.6506507397
-283.2 225.5 2770.4 0.5319538116 0.4495879710 -0.7175624371 -0.4074702263 0.8787549138 0.2485112101 0.7422891259 0.1601888388 0.6506507397
-366.0 47.4 2740.3 0.5453946590 0.4165150821 -0.7273649573 -0.3799223602 0.8963721991 0.2284202874 0.7471302748 0.1517630219 0.6471200585
-362.6 280.8 2661.7 -0.1090797335 0.6594932079 -0.7437542081 0.9828271270 0.1835844964 0.0186435394 0.1488370299 -0.7289481759 -0.6681931615
-327.3 -37.0 2613.6 -0.7194795012 0.6594932079 -0.2177566588 0.4350668490 0.1835844964 -0.8814837337 -0.5413557887 -0.7289481759 -0.4190089107
-203.8 170.2 2879.2 -0.1079181433 0.6723603606 -0.7323150039 -0.9897809625 -0.1417249888 0.0157378446 -0.0932058319 0.7265298367 0.6807841659
-227.9 -51.3 2858.3 0.5474411249 0.6723603606 -0.4982366562 -0.5654318929 -0.1417249888 -0.8125274181 -0.6169238091 0.7265298367 0.3025878966
-495.6 -99.6 2648.7 -0.9686685801 0.0458601452 0.2440860569 0.0433752351 0.9989378452 -0.0155486418 -0.2445398569 -0.0044741910 -0.9696289301
-513.8 -496.5 2650.5 -0.9633193612 -0.1068305746 0.2461768836 -0.0296933297 0.9541457295 0.2978661954 -0.2667098343 0.2796304822 -0.9223191738
-403.5 -164.6 2792.6 -0.6456968784 0.1172139719 0.7545438409 0.0363369212 0.9917453527 -0.1229667068 -0.7627287507 -0.0519814156 -0.6446260214
-450.0 -558.5 2813.2 -0.6461684108 -0.0277800374 0.7626891136 0.0507996157 0.9955555201 0.0793005675 -0.7615023255 0.0899858326 -0.6418853402
-121.3 -161.6 2768.5 0 0 0 0 0 0 0 0 0
-86.1 -197.8 2698.5 0 0 0 0 0 0 0 0 0
-475.9 -835.5 2551.1 0 0 0 0 0 0 0 0 0
-439.4 -937.9 2778.9 0 0 0 0 0 0 0 0 0
-194.8 397.8 2789.2 0 0.5286974907 0.4521688819 -0.7183468938 -0.3837873638 0.8821938634 0.2728391886 0.7570906281 0.1314430535 0.6399503946
-285.6 220.5 2762.8 0.5286974907 0.4521688819 -0.7183468938 -0.3837873638 0.8821938634 0.2728391886 0.7570906281 0.1314430535 0.6399503946
-368.9 41.9 2737.7 0.5408062339 0.4187923670 -0.7294803262 -0.3590210974 0.8992052078 0.2500676215 0.7606789470 0.1266607046 0.6366510987
-364.5 272.8 2651.9 -0.0992331803 0.6619898677 -0.7429146767 0.9859682918 0.1661313772 0.0163363647 0.1342359483 -0.7308691740 -0.6691867709
-334.0 -29.8 2610.7 -0.6939369440 0.6619898677 -0.2832330167 0.5043414235 0.1661313772 -0.8473724723 -0.5138980746 -0.7308691740 -0.4491536021
-206.8 168.2 2873.7 -0.1058375090 0.6677080989 -0.7368611097 -0.9920703769 -0.1214165464 0.0324721187 -0.0677852333 0.7344548106 0.6752638221
-230.6 -55.4 2858.4 0.5501264334 0.6677080989 -0.5015245080 -0.5842075348 -0.1214165464 -0.8024709225 -0.5967097282 0.7344548106 0.3232856691
-498.6 -95.9 2642.0 -0.9679914117 0.0276192669 0.2494590729 0.0242595971 0.9995689988 -0.0165328942 -0.2498081774 -0.0099519230 -0.9682441950
-509.6 -493.0 2645.9 -0.9645884633 -0.0940481201 0.2464224398 -0.0218323935 0.9595327377 0.2807494998 -0.2628543675 0.2654277384 -0.9276075363
-398.9 -165.4 2778.5 -0.6375038624 0.1300726831 0.7593878508 0.0522950664 0.9906778336 -0.1257879138 -0.7686703205 -0.0404780395 -0.6383631229
-450.6 -558.9 2794.6 -0.6356071830 -0.0504999422 0.7703592181 -0.0451711975 0.9985814095 0.0281909611 -0.7706900239 -0.0168796703 -0.6369866133
-136.2 -173.7 2757.3 0 0 0 0 0 0 0 0 0
-87.9 -206.9 2703.6 0 0 0 0 0 0 0 0 0
-476.0 -836.0 2551.1 0 0 0 0 0 0 0 0 0
-431.5 -937.7 2801.0 0 0 0 0 0 0 0 0 0
-197.1 398.5 2794.0 1 0.4600568414 0.4430259168 -0.7694645524 -0.3458946943 0.8875829577 0.3042258620 0.8177435994 0.1261925250 0.5615789294
-286.2 220.0 2768.6 0.4600568414 0.4430259168 -0.7694645524 -0.3458946943 0.8875829577 0.3042258620 0.8177435994 0.1261925250 0.5615789294
-369.1 40.8 2746.4 0.4725449085 0.4163285196 -0.7767701745 -0.3198842704 0.9023011923 0.2890096307 0.8212035894 0.1119065210 0.5595548153
-354.9 266.4 2649.4 -0.0258206930 0.6065983176 -0.7945890427 0.9874085784 0.1395693868 0.0744623691 0.1560690552 -0.7826613784 -0.6025642157
-347.6 -10.7 2605.6 -0.6993175149 0.6065983176 -0.3781447709 0.5619362593 0.1395693868 -0.8153208494 -0.4417948127 -0.7826613784 -0.4384728968
-217.6 173.6 2887.9 -0.0494422168 0.7891284823 -0.6122350097 -0.9987127781 -0.0321097337 0.0392657518 0.0113270190 0.6133882999 0.7897002697
-228.9 -54.0 2890.4 0.4948406816 0.7891284823 -0.3638803959 -0.5583742857 -0.0321097337 -0.8289675117 -0.6658459306 0.6133882999 0.4247398674
-501.7 -103.8 2642.9 -0.9439447522 0.0167793278 0.3296766877 0.0120078800 0.9997916818 -0.0165042225 -0.3298849463 -0.0116203558 -0.9439496398
-508.3 -501.1 2647.5 -0.9435792565 -0.0878780410 0.3192736208 0.0079306457 0.9578718543 0.2870863676 -0.3310517967 0.2734207809 -0.9031311274
-402.6 -169.5 2782.1 -0.5692183375 0.1296140850 0.8119055629 0.0300013814 0.9901124835 -0.1370297074 -0.8216388226 -0.0536415391 -0.5674788356
-454.1 -562.9 2803.4 -0.5631137490 -0.1074208692 0.8193678260 -0.0391747579 0.9938706160 0.1033755466 -0.8254503608 0.0261136536 -0.5638703704
-151.6 -168.2 2729.4 0 0 0 0 0 0 0 0 0
-100.9 -198.4 2718.3 0 0 0 0 0 0 0 0 0
-477.9 -833.3 2552.7 0 0 0 0 0 0 0 0 0
-419.2 -886.5 2794.9 0 0 0 0 0 0 0 0 0
-192.0 398.5 2793.4 2 0.4518062174 0.4577298164 -0.7657378912 -0.3397122025 0.8819450140 0.3267546892 0.8249040842 0.1125007123 0.5539646149
-284.4 220.6 2770.7 0.4518062174 0.4577298164 -0.7657378912 -0.3397122025 0.8819450140 0.3267546892 0.8249040842 0.1125007123 0.5539646149
-369.4 42.2 2750.6 0.4644130170 0.4278225601 -0.7754278779 -0.3143700063 0.8981943130 0.3072758615 0.8279444575 0.1010683700 0.5516276956
-352.0 266.4 2650.1 -0.0187439919 0.5677468181 -0.8229897618 0.9885425568 0.1338294148 0.0698088855 0.1497740149 -0.8122519255 -0.5637503862
-346.7 -12.0 2607.9 -0.7068015933 0.5677468181 -0.4220131040 0.5850759149 0.1338294148 -0.7998598814 -0.3976401389 -0.8122519255 -0.4267658591
-216.7 174.9 2891.3 -0.0832187906 0.7530799508 -0.6526448131 -0.9959517121 -0.0405191220 0.0802392960 0.0339820087 0.6566801667 0.7534031868
-235.5 -50.6 2899.0 0.5277667046 0.7530799508 -0.3928523064 -0.5587673187 -0.0405191220 -0.8283340335 -0.6397197843 0.6566801667 0.3994118273
-495.1 -109.2 2649.4 -0.9414417744 0.0418358594 0.3345701694 0.0397409312 0.9991240501 -0.0131076854 -0.3348254561 0.0009560079 -0.9422796965
-511.7 -506.1 2649.0 -0.9384205341 -0.0991204157 0.3309712708 0.0044865813 0.9543853998 0.2985436618 -0.3454659581 0.2816444635 -0.8951702118
-408.9 -167.5 2799.1 -0.5635127425 0.1285177618 0.8160493374 0.0362724140 0.9907213449 -0.1309790015 -0.8253106475 -0.0442082547 -0.5629457831
-459.9 -561.2 2816.7 -0.5564272404 -0.1478360593 0.8176388144 -0.0162668936 0.9857938886 0.1671698242 -0.8307371140 0.0797173977 -0.5509274006
-149.1 -175.6 2719.1 0 0 0 0 0 0 0 0 0
-98.9 -195.3 2733.3 0 0 0 0 0 0 0 0 0
-477.7 -833.9 2552.3 0 0 0 0 0 0 0 0 0
-415.0 -861.2 2792.4 0 0 0 0 0 0 0 0 0
-186.9 401.2 2795.6 3 0.4829893410 0.4688907862 -0.7395016551 -0.3626962304 0.8758143783 0.3184345663 0.7969772220 0.1144139692 0.5930739641
-282.0 223.6 2772.4 0.4829893410 0.4688907862 -0.7395016551 -0.3626962304 0.8758143783 0.3184345663 0.7969772220 0.1144139692 0.5930739641
-369.5 46.5 2751.4 0.4950000048 0.4402847886 -0.7490823269 -0.3393478096 0.8916036487 0.2998099625 0.7998862863 0.1057935134 0.5907534957
-354.1 273.1 2655.8 -0.0212933850 0.5372757912 -0.8431377411 0.9861187339 0.1501898021 0.0708016455 0.1646707058 -0.8299263120 -0.5330157876
-347.9 -12.8 2608.1 -0.7230027318 0.5372757912 -0.4342830777 0.5887024403 0.1501898021 -0.7942748070 -0.3615197539 -0.8299263120 -0.4248832166
-209.9 174.2 2888.9 -0.2368573695 0.6654011607 -0.7079123855 -0.9594675303 -0.0456733555 0.2780935466 0.1527110189 0.7450874448 0.6492488384
-258.2 -21.8 2920.1 0.5683416128 0.6654011607 -0.4839722514 -0.6161228418 -0.0456733555 -0.7863247395 -0.5453259945 0.7450874448 0.3840107620
-497.0 -107.5 2654.8 -0.9545795918 0.0425272845 0.2949055433 0.0437279753 0.9990403056 -0.0025250148 -0.2947299182 0.0104852952 -0.9555230737
-513.9 -504.4 2650.7 -0.9500586987 -0.1053863615 0.2937382162 -0.0116912732 0.9526126981 0.3039610982 -0.3118521273 0.2853467166 -0.9062700868
-412.1 -164.9 2806.2 -0.5972706676 0.1274499148 0.7918486595 0.0570450947 0.9915436506 -0.1165636778 -0.8000085354 -0.0244489852 -0.5994902849
-462.7 -558.9 2816.0 -0.5849221349 -0.1774877906 0.7914317250 -0.0215114206 0.9788152575 0.2036123276 -0.8108041286 0.1020725295 -0.5763487220
-145.9 -177.3 2709.1 0 0 0 0 0 0 0 0 0
-111.8 -180.5 2779.6 0 0 0 0 0 0 0 0 0
-477.3 -835.3 2551.6 0 0 0 0 0 0 0 0 0
-411.0 -844.2 2786.2 0 0 0 0 0 0 0 0 0
-183.5 401.7 2796.7 4 0.4627910852 0.4772400856 -0.7470383644 -0.3630072773 0.8708430529 0.3314484358 0.8087336421 0.1177889779 0.5762600303
-280.4 224.9 2772.8 0.4627910852 0.4772400856 -0.7470383644 -0.3630072773 0.8708430529 0.3314484358 0.8087336421 0.1177889779 0.5762600303
-370.0 48.9 2751.1 0.4742123187 0.4508340955 -0.7562217116 -0.3413881660 0.8858990073 0.3140653074 0.8115274310 0.1092315167 0.5740136504
-349.6 274.7 2654.4 -0.0054630651 0.5181304812 -0.8552841544 0.9880009294 0.1348149776 0.0753600299 0.1543514431 -0.8446097970 -0.5126498938
-348.0 -13.2 2609.4 -0.7271806598 0.5181304812 -0.4502767026 0.5893081427 0.1348149776 -0.7965807319 -0.3520287275 -0.8446097970 -0.4033733606
-211.2 175.1 2891.1 -0.2977303565 0.6389917135 -0.7092574835 -0.9323681593 -0.0350531563 0.3598067462 0.2050518245 0.7684144974 0.6062119603
-268.8 -5.1 2930.7 0.5712147951 0.6389917135 -0.5151729584 -0.6474204659 -0.0350531563 -0.7613264918 -0.5045397878 0.7684144974 0.3936734200
-502.3 -99.5 2657.3 -0.9488543272 0.0347406827 0.3137970567 0.0335986614 0.9993944168 -0.0090485541 -0.3139213920 0.0019574016 -0.9494469762
-516.1 -496.7 2656.5 -0.9453120828 -0.1064303368 0.3083142936 -0.0049782656 0.9498621225 0.3126294613 -0.3261293173 0.2939975262 -0.8984459639
-411.8 -161.6 2803.6 -0.5813665986 0.1388917565 0.8016994596 0.0544148535 0.9897534847 -0.1320115924 -0.8118201494 -0.0331227705 -0.5829673409
-467.0 -554.9 2816.8 -0.5671864748 -0.1997177899 0.7990070581 -0.0236876998 0.9737067223 0.2265702337 -0.8232486844 0.1095809340 -0.5570041537
-143.9 -178.6 2708.2 0 0 0 0 0 0 0 0 0
-121.2 -172.4 2800.4 0 0 0 0 0 0 0 0 0
-478.1 -836.4 2551.4 0 0 0 0 0 0 0 0 0
-409.1 -837.3 2785.0 0 0 0 0 0 0 0 0 0
-185.0 401.1 2797.7 5 0.4946481884 0.4654803276 -0.7339286208 -0.3841870427 0.8745986819 0.2957659066 0.7795662284 0.1356658190 0.6114501357
-279.3 223.8 2770.2 0.4946481884 0.4654803276 -0.7339286208 -0.3841870427 0.8745986819 0.2957659066 0.7795662284 0.1356658190 0.6114501357
-367.5 47.5 2746.3 0.5072472692 0.4438511431 -0.7387126088 -0.3597660959 0.8879696727 0.2864930034 0.7831146717 0.1204409674 0.6101027727
-353.3 276.3 2656.0 0.0690894425 0.5908759832 -0.8037986159 0.9707224369 0.1459854394 0.1907517165 0.2300534993 -0.7934442759 -0.5634905100
-370.1 40.3 2600.1 -0.6457425952 0.5908759832 -0.4836134911 0.6751343012 0.1459854394 -0.7231057286 -0.3566653132 -0.7934442759 -0.4931896627
-205.3 171.4 2884.4 -0.3703539670 0.6283978224 -0.6840717196 -0.8866461515 -0.0195878278 0.4620334208 0.2769412994 0.7776454687 0.5644209385
-274.5 5.7 2936.2 0.5572555065 0.6283978224 -0.5427545309 -0.6861680150 -0.0195878278 -0.7271793485 -0.4675892889 0.7776454687 0.4202710390
-503.0 -95.9 2655.1 -0.9601299167 0.0221072678 0.2786787748 0.0205956418 0.9997529984 -0.0083512459 -0.2787945569 -0.0022787121 -0.9603480697
-511.8 -493.1 2656.0 -0.9579673409 -0.0925902873 0.2715246379 -0.0052802418 0.9520140290 0.3060089052 -0.2868287265 0.2917128205 -0.9124872088
-416.2 -158.4 2803.7 -0.6144648790 0.1324495822 0.7777467966 0.0442015082 0.9900382161 -0.1336808801 -0.7877050042 -0.0477646217 -0.6141981483
-468.8 -551.8 2822.7 -0.5997051597 -0.2057811022 0.7733097076 -0.0350470357 0.9721970558 0.2315267622 -0.7994531989 0.1117455736 -0.5902435780
-202.1 -135.3 2692.9 0 0 0 0 0 0 0 0 0
-130.3 -171.8 2815.2 0 0 0 0 0 0 0 0 0
-478.5 -835.8 2550.9 0 0 0 0 0 0 0 0 0
-408.1 -838.4 2789.7 0 0 0 0 0 0 0 0 0
-185.3 399.9 2798.2 6 0.4702158272 0.4837355316 -0.7381713986 -0.3899499476 0.8642096519 0.3179319501 0.7917298079 0.1383532733 0.5949977040
-283.7 224.1 2770.1 0.4702158272 0.4837355316 -0.7381713986 -0.3899499476 0.8642096519 0.3179319501 0.7917298079 0.1383532733 0.5949977040
-372.1 47.9 2745.1 0.4874287546 0.4448465407 -0.7513486147 -0.3574930429 0.8867356181 0.2930848300 0.7966253161 0.1257439405 0.5912500024
-354.8 276.2 2653.9 0.0550130047 0.6509363651 -0.7571363449 0.9732229710 0.1345360577 0.1863790303 0.2231830209 -0.7471157312 -0.6261049509
-368.1 41.4 2600.0 -0.5813562870 0.6509363651 -0.4881666899 0.7212250829 0.1345360577 -0.6795104146 -0.3766420186 -0.7471157312 -0.5476850271
-212.6 172.0 2886.3 -0.3466238081 0.7150138021 -0.6071302891 -0.8972545266 -0.0640379861 0.4368448555 0.2734706998 0.6961712837 0.6637464762
-276.9 5.3 2937.1 0.5038912296 0.7150138021 -0.4846121073 -0.6430637836 -0.0640379861 -0.7631304264 -0.5766823888 0.6961712837 0.4275313020
-502.2 -96.0 2650.6 -0.9533656836 0.0225478224 0.3009742796 0.0216977838 0.9997455478 -0.0061671818 -0.3010367453 0.0006508954 -0.9536123276
-511.2 -493.3 2650.4 -0.9509301782 -0.0971740633 0.2937499881 -0.0062461812 0.9552365541 0.2957771719 -0.3093425930 0.2794286013 -0.9089701772
-409.3 -161.8 2794.0 -0.5973161459 0.1429072767 0.7891710401 0.0323774107 0.9874911904 -0.1543139964 -0.8013520241 -0.0666229352 -0.5944714546
-466.1 -554.2 2820.5 -0.5870682001 -0.1995755881 0.7845511436 -0.0220886022 0.9727232456 0.2309145927 -0.8092360497 0.1182329804 -0.5754632950
-217.4 -145.5 2697.6 0 0 0 0 0 0 0 0 0
-147.3 -160.0 2788.8 0 0 0 0 0 0 0 0 0
-476.4 -835.3 2550.3 0 0 0 0 0 0 0 0 0
-408.3 -836.0 2786.2 0 0 0 0 0 0 0 0 0
-186.2 401.2 2798.5 7 0.4799905121 0.4765372574 -0.7365605235 -0.3875162303 0.8684205413 0.3093169332 0.7870453000 0.1369599700 0.6014994979
-283.0 224.7 2770.7 0.4799905121 0.4765372574 -0.7365605235 -0.3875162303 0.8684205413 0.3093169332 0.7870453000 0.1369599700 0.6014994979
-371.6 48.6 2745.9 0.4944842458 0.4459615946 -0.7460587025 -0.3599463999 0.8863477707 0.2912495136 0.7911535501 0.1245228499 0.5988072753
-355.2 277.3 2655.2 0.0458759852 0.6831784248 -0.7288090587 0.9741415977 0.1309803724 0.1840985119 0.2212318033 -0.7184089422 -0.6595036387
-366.4 39.4 2601.1 -0.5490539670 0.6831784248 -0.4814634025 0.7407516241 0.1309803724 -0.6588863134 -0.3870746493 -0.7184089422 -0.5779808164
-210.8 172.2 2886.2 -0.2608234584 0.7796893120 -0.5692588687 -0.9498983622 -0.1020711064 0.2954227328 0.1722330749 0.6177912951 0.7672481537
-262.5 -16.3 2920.3 0.4576889873 0.7796893120 -0.4273234606 -0.5804158449 -0.1020711064 -0.8078978658 -0.6735267043 0.6177912951 0.4058272243
-505.2 -95.5 2647.1 -0.9561349750 0.0180740487 0.2923684120 0.0161443427 0.9998290539 -0.0090118796 -0.2924813032 -0.0038964776 -0.9562633038
-512.3 -492.9 2648.7 -0.9533804655 -0.1015186757 0.2841824889 -0.0143740913 0.9559237957 0.2932627499 -0.3014284670 0.2755060792 -0.9128183126
-415.8 -161.0 2793.1 -0.6063464284 0.1262703240 0.7851113677 0.0206268150 0.9894775748 -0.1432085484 -0.7949330211 -0.0706396475 -0.6025707126
-466.0 -554.1 2821.1 -0.5980296731 -0.1921013445 0.7781115770 -0.0249140840 0.9748372436 0.2215211540 -0.8010866642 0.1130902842 -0.5877676010
-224.0 -152.7 2701.5 0 0 0 0 0 0 0 0 0
-145.1 -165.2 2747.6 0 0 0 0 0 0 0 0 0
-475.9 -835.6 2549.9 0 0 0 0 0 0 0 0 0
-410.8 -834.6 2788.6 0 0 0 0 0 0 0 0 0
-180.6 408.1 2808.6 8 0.4583741724 0.4839559495 -0.7454392910 -0.4040901959 0.8605187535 0.3101911843 0.7915833592 0.1590410918 0.5900014043
-279.7 231.9 2776.1 0.4583741724 0.4839559495 -0.7454392910 -0.4040901959 0.8605187535 0.3101911843 0.7915833592 0.1590410918 0.5900014043
-369.2 56.8 2747.6 0.4751490057 0.4508406520 -0.7556295991 -0.3728384972 0.8810166121 0.2912065089 0.7970099449 0.1433613300 0.5867049098
-349.1 286.3 2659.7 0.1018266007 0.6664286256 -0.7385826111 0.9609457254 0.1261516958 0.2463108897 0.2573220730 -0.7348188162 -0.6275561452
-373.7 53.5 2597.4 -0.5640519857 0.6664286256 -0.4875636101 0.7298275232 0.1261516958 -0.6718909740 -0.3862603903 -0.7348188162 -0.5575340986
-210.3 177.4 2892.4 -0.1709980816 0.8492032290 -0.4996134341 -0.9797232747 -0.0928156823 0.1775601208 0.1044126600 0.5198453069 0.8478554487
-245.8 -25.9 2914.1 0.3876769245 0.8492032290 -0.3585533500 -0.5588439703 -0.0928156823 -0.8240622878 -0.7330757380 0.5198453069 0.4385896027
-505.6 -94.5 2648.7 -0.9501097798 0.0153963398 0.3115354180 0.0125127053 0.9998583794 -0.0112530254 -0.3116645515 -0.0067934594 -0.9501678944
-511.7 -491.9 2651.4 -0.9480750561 -0.1027329117 0.3009977639 -0.0085310666 0.9542686939 0.2988284826 -0.3179322779 0.2807440162 -0.9055947661
-414.9 -160.5 2793.7 -0.5928466320 0.1361975968 0.7937147617 0.0123839434 0.9870201945 -0.1601179689 -0.8052201867 -0.0850960761 -0.5868382454
-469.0 -552.7 2827.5 -0.5900242329 -0.2082198560 0.7800742984 -0.0009766817 0.9663565755 0.2572041750 -0.8073849678 0.1509948075 -0.5703771710
-230.1 -132.3 2695.7 0 0 0 0 0 0 0 0 0
-146.1 -169.5 2725.7 0 0 0 0 0 0 0 0 0
-474.6 -836.8 2549.9 0 0 0 0 0 0 0 0 0
-409.1 -830.7 2784.0 0 0 0 0 0 0 0 0 0
-183.5 405.6 2803.7 9 0.3922022283 0.4814700782 -0.7838137746 -0.3499305546 0.8661131263 0.3569266498 0.8507208824 0.1342929602 0.5081725717
-280.7 230.9 2776.6 0.3922022283 0.4814700782 -0.7838137746 -0.3499305546 0.8661131263 0.3569266498 0.8507208824 0.1342929602 0.5081725717
-369.9 55.0 2753.0 0.4075597823 0.4479666352 -0.7957518101 -0.3209781647 0.8860788345 0.3344208002 0.8549082279 0.1191224903 0.5049176216
-339.9 277.5 2652.4 0.1168864444 0.6176803112 -0.7776944041 0.9635382295 0.1192463487 0.2395294160 0.2406898141 -0.7773360610 -0.5812203288
