-99.5 375.4 2789.9 90 0.4336446524 0.6143934727 -0.6591456532 -0.4400598109 0.7827357054 0.4400819838 0.7863203287 0.0992243066 0.6097990274
-224.2 216.6 2769.8 0.4336446524 0.6143934727 -0.6591456532 -0.4400598109 0.7827357054 0.4400819838 0.7863203287 0.0992243066 0.6097990274
-339.8 55.7 2754.6 0.4596743584 0.5819832087 -0.6708166599 -0.4054159522 0.8095656037 0.4245485663 0.7901502252 0.0768056810 0.6080818176
-291.3 275.8 2654.5 0.0830767825 0.5783375502 -0.8115564585 0.9709033370 0.1365694553 0.1967118531 0.2245996743 -0.8042850494 -0.5501641035
-314.6 3.1 2591.5 -0.6245675683 0.5783375502 -0.5248246789 0.7083709240 0.1365694553 -0.6925022602 -0.3288250566 -0.8042850494 -0.4949744046
-157.1 157.4 2885.0 -0.0508436188 0.8874120712 0.4581645131 -0.9870133996 0.0253471173 -0.1586257070 -0.1523795128 -0.4602796137 0.8745988607
-171.1 -113.7 2843.2 -0.4608216882 0.8874120712 -0.0119658364 0.0746967718 0.0253471173 -0.9968841076 -0.8843436837 -0.4602796137 -0.0779673159
-492.5 -80.9 2672.9 -0.9989835620 0.0338809788 0.0297304038 0.0354602225 0.9978945255 0.0543059073 -0.0278278701 0.0553049557 -0.9980816245
-506.0 -477.2 2650.9 -0.9952613711 -0.0900880769 0.0365910046 -0.0764880925 0.9576966166 0.2774289250 -0.0600361228 0.2733155191 -0.9600490928
-408.5 -150.5 2820.0 -0.5288272500 0.1811189353 0.8291789293 0.1012595445 0.9834508300 -0.1502362788 -0.8426673412 0.0045132474 -0.5384156108
-480.4 -540.9 2818.2 -0.4927246869 -0.2985991836 0.8173499107 -0.0276991054 0.9441885948 0.3282387555 -0.8697443008 0.1390914768 -0.4734959602
-136.1 -199.3 2685.4 0 0 0 0 0 0 0 0 0
-282.8 -95.6 2628.7 0 0 0 0 0 0 0 0 0
-472.4 -834.3 2549.0 0 0 0 0 0 0 0 0 0
-394.3 -812.9 2778.2 0 0 0 0 0 0 0 0 0
-103.3 372.9 2784.8 91 0.4374575019 0.6135788560 -0.6573826671 -0.4275352061 0.7850483060 0.4482329488 0.7911033630 0.0849713683 0.6057518721
-227.4 214.2 2767.7 0.4374575019 0.6135788560 -0.6573826671 -0.4275352061 0.7850483060 0.4482329488 0.7911033630 0.0849713683 0.6057518721
-342.5 52.8 2754.2 0.4612767398 0.5792030692 -0.6721217036 -0.3956365883 0.8123202324 0.4284944236 0.7941633463 0.0682614297 0.6038583517
-294.7 272.0 2651.8 0.0385687165 0.6005182266 -0.7986803651 0.9742382169 0.1551320404 0.1636884362 0.2221987993 -0.7844182253 -0.5790645480
-305.9 -9.5 2587.6 -0.6492269635 0.6005182266 -0.4667785764 0.6672601104 0.1551320404 -0.7284902334 -0.3650593460 -0.7844182253 -0.5014177561
-160.1 156.4 2883.5 -0.0474732406 0.8871999979 0.4589362741 -0.9887055755 0.0236501209 -0.1479931921 -0.1421534568 -0.4607785642 0.8760567904
-173.1 -115.1 2844.5 -0.4613060057 0.8871999979 -0.0085423216 0.0639593303 0.0236501209 -0.9976722002 -0.8849327564 -0.4607785642 -0.0676546618
-497.5 -67.9 2667.0 -0.9994128346 0.0185831133 0.0287861004 0.0192706212 0.9995311499 0.0237929374 -0.0283304565 0.0243336931 -0.9993023872
-504.9 -464.8 2657.3 -0.9957461357 -0.0861688927 0.0326275490 -0.0734917819 0.9563481808 0.2828376591 -0.0555751063 0.2792366445 -0.9586126804
-413.3 -142.2 2811.7 -0.5300279856 0.1465277821 0.8352244496 0.0868469924 0.9891583323 -0.1184206530 -0.8435211182 0.0097704688 -0.5370070934
-471.4 -534.8 2807.9 -0.4966817796 -0.2703545690 0.8247518539 -0.0495713912 0.9575337768 0.2840277851 -0.8665159345 0.1001873314 -0.4889914393
-118.4 -202.2 2693.0 0 0 0 0 0 0 0 0 0
-285.0 -99.6 2629.9 0 0 0 0 0 0 0 0 0
-471.8 -832.3 2550.0 0 0 0 0 0 0 0 0 0
-392.9 -812.9 2778.8 0 0 0 0 0 0 0 0 0
-110.8 373.3 2791.8 92 0.4137468040 0.5835567713 -0.6987668276 -0.4278521836 0.8021398187 0.4165504277 0.8035895228 0.1266224980 0.5815588236
-229.1 210.8 2766.1 0.4137468040 0.5835567713 -0.6987668276 -0.4278521836 0.8021398187 0.4165504277 0.8035895228 0.1266224980 0.5815588236
-341.5 48.0 2748.6 0.4394938350 0.5662587285 -0.6972777247 -0.3915420175 0.8194062710 0.4186504781 0.8084182143 0.0890192240 0.5818380713
-293.2 268.0 2648.2 0.0716865808 0.5764535069 -0.8139793277 0.9715341330 0.1443851739 0.1878147274 0.2257930189 -0.8042724729 -0.5496937633
-313.2 -2.8 2585.3 -0.6554009914 0.5764535069 -0.4880070686 0.6695217490 0.1443851739 -0.7286244035 -0.3495571315 -0.8042724729 -0.4805783629
-164.9 153.6 2884.1 -0.0301659629 0.9017124176 0.4312826395 -0.9889091253 0.0358529761 -0.1441293061 -0.1454259604 -0.4308471680 0.8906301260
-173.2 -118.0 2844.2 -0.4322894514 0.9017124176 0.0063675204 0.0600920580 0.0358529761 -0.9975487590 -0.8997303843 -0.4308471680 -0.0696846172
-499.8 -72.3 2667.9 -0.9980813265 0.0023452572 0.0618721992 0.0049130898 0.9991312623 0.0413827822 -0.0617213957 0.0416073650 -0.9972258210
-500.7 -469.1 2651.3 -0.9952133298 -0.0765659437 0.0607298762 -0.0573111810 0.9606130123 0.2719154656 -0.0791573748 0.2671333849 -0.9604029655
-415.2 -144.8 2813.4 -0.5073940158 0.1555634886 0.8475560546 0.0494936891 0.9872072339 -0.1515659094 -0.8602916002 -0.0349549614 -0.5086025000
-477.0 -536.5 2827.3 -0.4930485189 -0.2839870453 0.8223469257 -0.0005624358 0.9453282356 0.3261198401 -0.8700016141 0.1603303999 -0.4662524462
-125.0 -195.1 2685.7 0 0 0 0 0 0 0 0 0
-278.0 -103.4 2625.9 0 0 0 0 0 0 0 0 0
-471.9 -830.9 2550.7 0 0 0 0 0 0 0 0 0
-393.3 -814.9 2780.1 0 0 0 0 0 0 0 0 0
-113.5 376.4 2784.3 93 0.4301467836 0.5595538616 -0.7084301114 -0.4051250219 0.8209301233 0.4024269581 0.8067511916 0.1139001101 0.5798097253
-226.5 210.5 2761.3 0.4301467836 0.5595538616 -0.7084301114 -0.4051250219 0.8209301233 0.4024269581 0.8067511916 0.1139001101 0.5798097253
-336.2 46.0 2742.5 0.4418173432 0.5524680018 -0.7068072557 -0.3878189027 0.8280739188 0.4048334658 0.8089461923 0.0952507854 0.5801149607
-291.0 267.2 2643.2 0.0819698796 0.5767031908 -0.8128311038 0.9725798965 0.1318180561 0.1916045696 0.2176447660 -0.8062489629 -0.5500848293
-314.4 -10.8 2581.0 -0.6863759160 0.5767031908 -0.4430592954 0.6134043932 0.1318180561 -0.7786905766 -0.3906701505 -0.8062489629 -0.4442290068
-162.0 153.9 2879.3 -0.0134301158 0.9031110406 0.4291970134 -0.9886395931 0.0522709750 -0.1409237087 -0.1497043073 -0.4262138009 0.8921493292
-165.7 -117.6 2838.2 -0.4287977815 0.9031110406 0.0228674207 0.0569206774 0.0522709750 -0.9970093966 -0.9016054869 -0.4262138009 -0.0738193691
-494.2 -78.9 2656.8 -0.9977647066 -0.0092502274 0.0661814809 -0.0067871152 0.9992793202 0.0373460427 -0.0664792433 0.0368133821 -0.9971084595
-490.6 -475.9 2642.2 -0.9968820214 -0.0479758680 0.0626460612 -0.0307678860 0.9674273133 0.2512722015 -0.0726605132 0.2485612482 -0.9658870101
-413.7 -150.7 2805.0 -0.5078151226 0.1403769404 0.8499518633 0.0173865613 0.9881032705 -0.1528060138 -0.8612906337 -0.0628194585 -0.5042144060
-469.4 -542.9 2829.9 -0.5071182251 -0.2623001635 0.8209931850 0.0148566859 0.9497628212 0.3126177490 -0.8617484570 0.1707313806 -0.4777451158
-116.2 -188.0 2693.8 0 0 0 0 0 0 0 0 0
-269.7 -103.8 2619.5 0 0 0 0 0 0 0 0 0
-473.0 -830.5 2551.1 0 0 0 0 0 0 0 0 0
-395.2 -811.7 2781.6 0 0 0 0 0 0 0 0 0
-117.1 378.5 2781.0 94 0.4803736806 0.5722292066 -0.6646765471 -0.4341220856 0.8136273026 0.3867151439 0.7620886564 0.1027829722 0.6392624974
-233.0 213.8 2760.2 0.4803736806 0.5722292066 -0.6646765471 -0.4341220856 0.8136273026 0.3867151439 0.7620886564 0.1027829722 0.6392624974
-343.8 49.9 2742.0 0.4920448661 0.5574407578 -0.6686940193 -0.4171910286 0.8251525164 0.3808871210 0.7640964985 0.0915595964 0.6385713220
-304.7 274.7 2648.8 0.0041557304 0.6109291911 -0.7916743755 0.9767166972 0.1673317701 0.1342557371 0.2144930214 -0.7737994790 -0.5960093141
-306.0 -26.3 2582.7 -0.7054813504 0.6109291911 -0.3592515290 0.5585955977 0.1673317701 -0.8123860359 -0.4361961186 -0.7737994790 -0.4593117833
-161.2 152.9 2871.6 -0.0229341853 0.8743651509 0.4847263098 -0.9822784662 0.0705078468 -0.1736595780 -0.1860188842 -0.4801189601 0.8572530150
-167.5 -116.8 2820.5 -0.4849313498 0.8743651509 0.0180872548 0.0900768265 0.0705078468 -0.9934358597 -0.8699010015 -0.4801189601 -0.1129515097
-486.4 -82.9 2649.4 -0.9997005463 0.0243478287 0.0024464380 0.0243710689 0.9996532798 0.0099668615 -0.0022029183 0.0100234989 -0.9999473095
-496.1 -479.8 2645.4 -0.9979401827 -0.0635936260 0.0084422128 -0.0592435859 0.9640597105 0.2589962482 -0.0246093087 0.2579626143 -0.9658414125
-405.4 -154.1 2797.7 -0.5487348437 0.1640845984 0.8197355270 0.0129177263 0.9820961952 -0.1879367679 -0.8358966708 -0.0925383270 -0.5410299897
-470.5 -543.8 2834.5 -0.5487348437 -0.2695951760 0.7913333774 0.0129177263 0.9437276721 0.3304711282 -0.8358966708 0.1915632486 -0.5143736601
-101.6 -188.1 2709.1 0 0 0 0 0 0 0 0 0
-285.2 -94.9 2609.5 0 0 0 0 0 0 0 0 0
-473.2 -826.9 2552.5 0 0 0 0 0 0 0 0 0
-394.1 -811.4 2780.1 0 0 0 0 0 0 0 0 0
-121.8 379.5 2778.9 95 0.4962102771 0.5679056644 -0.6567027569 -0.4448307753 0.8158704638 0.3694332242 0.7455876470 0.1088050380 0.6574652195
-236.1 215.2 2757.0 0.4962102771 0.5679056644 -0.6567027569 -0.4448307753 0.8158704638 0.3694332242 0.7455876470 0.1088050380 0.6574652195
-345.2 50.2 2738.7 0.5119529963 0.5491781235 -0.6605358124 -0.4216276705 0.8305970430 0.3637837768 0.7484211922 0.0922599882 0.6567753553
-310.8 276.7 2647.9 0.0136956042 0.5880932212 -0.8086771965 0.9747948647 0.1722590923 0.1417806894 0.2226822525 -0.7902361751 -0.5709110498
-314.9 -13.2 2581.6 -0.7133929133 0.5880932212 -0.3810734451 0.5708322525 0.1722590923 -0.8027934432 -0.4064740241 -0.7902361751 -0.4585909843
-161.4 153.6 2866.1 -0.0147830192 0.8638442755 0.5035420060 -0.9798228741 0.0878727660 -0.1795145720 -0.1993202567 -0.4960357249 0.8451153636
-165.5 -115.4 2811.4 -0.5029913783 0.8638442755 0.0277984515 0.0961183012 0.0878727660 -0.9914835691 -0.8589301109 -0.4960357249 -0.1272304952
-499.5 -75.9 2654.0 -0.9998372197 -0.0048097032 -0.0173912942 -0.0049829395 0.9999382496 0.0099315140 0.0173424520 0.0100165568 -0.9997994304
-497.6 -472.9 2650.0 -0.9973767400 -0.0701004788 -0.0180427972 -0.0723755062 0.9616822004 0.2644412518 -0.0011860221 0.2650533915 -0.9642329812
-409.5 -152.2 2793.8 -0.5665826797 0.1528598666 0.8097023368 0.0086255493 0.9836890697 -0.1796703190 -0.8239597678 -0.0948139653 -0.5586596727
-470.2 -542.9 2831.4 -0.5634135604 -0.2696850598 0.7809194326 -0.0026288771 0.9458031654 0.3247298598 -0.8261708617 0.1809042543 -0.5335872769
-109.7 -177.4 2698.5 0 0 0 0 0 0 0 0 0
-287.5 -92.1 2603.1 0 0 0 0 0 0 0 0 0
-471.7 -828.0 2552.1 0 0 0 0 0 0 0 0 0
-393.7 -811.1 2780.1 0 0 0 0 0 0 0 0 0
-125.0 380.6 2778.3 96 0.5361085534 0.5680845380 -0.6243937612 -0.4631184936 0.8163520694 0.3450950384 0.7057682872 0.1041599214 0.7007437944
-239.2 216.6 2757.4 0.5361085534 0.5680845380 -0.6243937612 -0.4631184936 0.8163520694 0.3450950384 0.7057682872 0.1041599214 0.7007437944
-348.3 51.5 2739.3 0.5508511662 0.5489080548 -0.6286994219 -0.4413769245 0.8309260011 0.3387452960 0.7083427310 0.0908951983 0.6999918818
-319.5 281.0 2654.2 -0.0332122445 0.6223627329 -0.7820240259 0.9742499590 0.1947527528 0.1136152074 0.2230112106 -0.7581134439 -0.6128050089
-309.1 -23.8 2584.4 -0.7048438191 0.6223627329 -0.3403819203 0.5606330037 0.1947527528 -0.8048366308 -0.4346099794 -0.7581134439 -0.4861873388
-158.9 152.2 2860.6 -0.0197880864 0.8375096321 0.5460641384 -0.9732044935 0.1090109125 -0.2024589181 -0.2290882319 -0.5354383588 0.8129110336
-164.3 -115.1 2797.7 -0.5457842946 0.8375096321 0.0264026430 0.1195396408 0.1090109125 -0.9868266582 -0.8293550611 -0.5354383588 -0.1596120447
-501.2 -76.3 2651.8 -0.9976778030 -0.0119153820 -0.0670602769 -0.0125127248 0.9998856187 0.0084945709 0.0669513866 0.0093139512 -0.9977127910
-496.5 -473.4 2648.1 -0.9953765869 -0.0679257661 -0.0679080784 -0.0833115801 0.9624142647 0.2584916055 0.0477974601 0.2629540265 -0.9636236429
-407.5 -153.5 2788.9 -0.6091721654 0.1618350893 0.7763496041 0.0172332507 0.9814265966 -0.1910624355 -0.7928507328 -0.1030108929 -0.6006466746
-471.7 -543.3 2829.8 -0.5976835489 -0.2730630040 0.7537977099 -0.0246177129 0.9460186958 0.3231756985 -0.8013541102 0.1746000201 -0.5721420050
-105.3 -185.9 2710.1 0 0 0 0 0 0 0 0 0
-296.7 -86.1 2596.6 0 0 0 0 0 0 0 0 0
-471.4 -828.0 2551.2 0 0 0 0 0 0 0 0 0
-394.0 -812.8 2780.1 0 0 0 0 0 0 0 0 0
-124.9 382.3 2777.5 97 0.5440979004 0.5573615432 -0.6271408200 -0.4638003707 0.8226823211 0.3287597895 0.6991757154 0.1119906306 0.7061242461
-236.6 217.6 2755.1 0.5440979004 0.5573615432 -0.6271408200 -0.4638003707 0.8226823211 0.3287597895 0.6991757154 0.1119906306 0.7061242461
-343.5 51.5 2733.9 0.5550537109 0.5381802320 -0.6342534423 -0.4472130537 0.8359917402 0.3179911077 0.7013671398 0.1071442589 0.7047015429
-317.6 282.8 2652.8 -0.0341399796 0.6268079281 -0.7784255147 0.9762107134 0.1877850592 0.1083948910 0.2141194642 -0.7562067509 -0.6183075905
-306.7 -28.0 2584.7 -0.6995086074 0.6268079281 -0.3432193696 0.5631261468 0.1877850592 -0.8047519326 -0.4399734139 -0.7562067509 -0.4843292236
-155.6 152.3 2857.4 -0.0070430683 0.8370719552 0.5470474958 -0.9690457582 0.1292941123 -0.2103172839 -0.2467807084 -0.5315952897 0.8102504015
-157.5 -113.8 2789.6 -0.5456876755 0.8370719552 0.0391851775 0.1277211756 0.1292941123 -0.9833465219 -0.8281981945 -0.5315952897 -0.1774660200
-507.7 -73.2 2656.5 -0.9974085093 -0.0301168654 -0.0653397366 -0.0319999978 0.9990965128 0.0279679187 0.0644383952 0.0299863108 -0.9974710345
-495.7 -470.0 2644.6 -0.9954093695 -0.0649087876 -0.0703352392 -0.0803256631 0.9661400318 0.2451962680 0.0520383008 0.2497203946 -0.9669187069
-406.9 -154.0 2786.1 -0.6095739603 0.1473268121 0.7789187431 0.0125087015 0.9842438698 -0.1763733774 -0.7926304936 -0.0977693647 -0.6018123031
-465.5 -545.0 2824.9 -0.6011587381 -0.2514961362 0.7585234642 -0.0208087731 0.9537916183 0.2997475266 -0.7988586426 0.1644119173 -0.5786135197
-103.4 -191.7 2712.5 0 0 0 0 0 0 0 0 0
-289.9 -82.8 2588.8 0 0 0 0 0 0 0 0 0
-471.6 -829.8 2551.6 0 0 0 0 0 0 0 0 0
-395.5 -810.2 2779.2 0 0 0 0 0 0 0 0 0
-131.1 386.6 2777.7 98 0.5739887357 0.5342715979 -0.6205568314 -0.4739242792 0.8347535133 0.2803255022 0.6677819490 0.1331932694 0.7323433757
-238.4 219.0 2750.9 0.5739887357 0.5342715979 -0.6205568314 -0.4739242792 0.8347535133 0.2803255022 0.6677819490 0.1331932694 0.7323433757
-341.2 51.0 2725.8 0.5844497085 0.5174327493 -0.6250455379 -0.4572026134 0.8463773727 0.2731503844 0.6703613400 0.1261297762 0.7312365770
-323.7 285.6 2653.2 -0.0623167008 0.6097435355 -0.7901452184 0.9760740995 0.2024751604 0.0792666897 0.2083171308 -0.7663006186 -0.6077724099
-303.4 -31.6 2585.5 -0.7133427858 0.6097435355 -0.3454777598 0.5616052747 0.2024751604 -0.8022488952 -0.4192154109 -0.7663006186 -0.4868693650
-153.1 152.4 2848.6 0.0135308551 0.8197031021 0.5726287961 -0.9589189887 0.1729257405 -0.2248800099 -0.2833571136 -0.5460618138 0.7883687019
-149.4 -111.0 2770.8 -0.5694399476 0.8197031021 0.0618461594 0.1430871785 0.1729257405 -0.9744858742 -0.8094838858 -0.5460618138 -0.2157598287
-501.3 -73.6 2648.3 -0.9959296584 -0.0147131775 -0.0889251456 -0.0155584710 0.9998400807 0.0088199787 0.0887811482 0.0101676174 -0.9959992766
-495.4 -470.8 2644.3 -0.9938221574 -0.0651142895 -0.0898754895 -0.0855035409 0.9654957652 0.2459818721 0.0707574710 0.2521469295 -0.9650986195
-399.6 -155.5 2776.8 -0.5819203854 0.1779720038 0.7935330272 -0.0052817208 0.9749127626 -0.2225247324 -0.8132286072 -0.1336828917 -0.5663816333
-470.2 -542.5 2829.9 -0.5819203854 -0.2637230158 0.7692975998 -0.0052817208 0.9471652508 0.3207025826 -0.8132286072 0.1825601608 -0.5525676608
-96.4 -194.6 2707.2 0 0 0 0 0 0 0 0 0
-287.5 -76.3 2574.5 0 0 0 0 0 0 0 0 0
-471.3 -828.3 2550.9 0 0 0 0 0 0 0 0 0
-395.0 -812.5 2777.8 0 0 0 0 0 0 0 0 0
-132.1 387.6 2776.7 99 0.5749017596 0.5441968441 -0.6110137105 -0.4870159924 0.8276592493 0.2789187133 0.6574978232 0.1372225881 0.7408552766
-241.5 221.2 2749.1 0.5749017596 0.5441968441 -0.6110137105 -0.4870159924 0.8276592493 0.2789187133 0.6574978232 0.1372225881 0.7408552766
-345.5 54.2 2722.3 0.5854455829 0.5237948895 -0.6187829971 -0.4705412090 0.8410825133 0.2667792439 0.6601851583 0.1349781603 0.7388751507
-326.9 289.8 2652.8 -0.0656135604 0.5508484840 -0.8320221305 0.9754536748 0.2110575438 0.0628081113 0.2102022916 -0.8074779510 -0.5511754155
-305.4 -29.4 2584.1 -0.7370086908 0.5508484840 -0.3916428387 0.5770137310 0.2110575438 -0.7889929414 -0.3519563973 -0.8074779510 -0.4733983874
-156.1 152.6 2845.4 0.0054488708 0.8175148964 0.5758816600 -0.9548464417 0.1753241420 -0.2398535460 -0.2970498204 -0.5485716462 0.7815564871
-154.6 -109.7 2763.8 -0.5733638406 0.8175148964 0.0540677905 0.1583511680 0.1753241420 -0.9716925025 -0.8038524985 -0.5485716462 -0.2299789637
-497.6 -75.3 2639.3 -0.9954638481 -0.0094718160 -0.0946679041 -0.0093635311 0.9999548793 -0.0015879958 0.0946786776 -0.0006943665 -0.9955076575
-493.8 -472.5 2639.6 -0.9935644269 -0.0628291741 -0.0942455605 -0.0833887681 0.9688400626 0.2332278788 0.0766553655 0.2395859510 -0.9678442478
-390.5 -158.9 2762.1 -0.5492247343 0.1848068833 0.8149837852 -0.0194143914 0.9721555710 -0.2335308939 -0.8354491591 -0.1440833658 -0.5303439498
-463.9 -545.0 2819.3 -0.5492247343 -0.2489016354 0.7977468967 -0.0194143914 0.9581569433 0.2855842710 -0.8354491591 0.1413621753 -0.5310757756
-92.9 -195.8 2685.6 0 0 0 0 0 0 0 0 0
-293.6 -71.2 2568.9 0 0 0 0 0 0 0 0 0
-470.7 -829.4 2551.3 0 0 0 0 0 0 0 0 0
-394.9 -810.3 2780.2 0 0 0 0 0 0 0 0 0
-133.4 391.7 2765.7 00 0.6317325830 0.5495025516 -0.5467731357 -0.5086184740 0.8261110783 0.2425855696 0.5849967003 0.1248497069 0.8013684750
-243.3 226.5 2740.8 0.6317325830 0.5495025516 -0.5467731357 -0.5086184740 0.8261110783 0.2425855696 0.5849967003 0.1248497069 0.8013684750
-348.1 59.8 2714.2 0.6407902837 0.5263364911 -0.5588896871 -0.4945927858 0.8398101926 0.2238232642 0.5871675611 0.1329990178 0.7984644771
-336.6 298.5 2655.3 -0.0883848444 0.5441320539 -0.8343311548 0.9710844755 0.2335586846 0.0494499281 0.2217725813 -0.8058353662 -0.5490412116
-306.8 -29.5 2580.4 -0.7438341379 0.5441320539 -0.3881122470 0.5785968304 0.2335586846 -0.7814576626 -0.3345691562 -0.8058353662 -0.4885619879
-150.0 154.4 2826.2 -0.0111021856 0.7688962221 0.6392772198 -0.9394282699 0.2110011280 -0.2700982988 -0.3425657749 -0.6035537720 0.7199802399
-153.1 -103.5 2732.2 -0.6379306912 0.7688962221 0.0429301932 0.1897900552 0.2110011280 -0.9588838816 -0.7463405132 -0.6035537720 -0.2805329561
-503.3 -69.8 2635.0 -0.9845790267 -0.0232215989 -0.1733924001 -0.0165955164 0.9990791082 -0.0395670012 0.1741515398 -0.0360793024 -0.9840576649
-494.1 -466.5 2649.3 -0.9830584526 -0.0609759055 -0.1728525311 -0.1029756963 0.9638785720 0.2456299812 0.1516313404 0.2592682540 -0.9538280368
-396.0 -156.0 2756.0 -0.5847224593 0.1775699854 0.7915608287 -0.0289800558 0.9705547690 -0.2391309440 -0.8107156157 -0.1627647132 -0.5623591542
-466.5 -541.5 2820.6 -0.5847224593 -0.2501468360 0.7717034817 -0.0289800558 0.9571055770 0.2882864177 -0.8107156157 0.1462035328 -0.5668904185
-90.8 -197.5 2677.5 0 0 0 0 0 0 0 0 0
-307.8 -57.5 2551.1 0 0 0 0 0 0 0 0 0
-471.2 -827.9 2552.1 0 0 0 0 0 0 0 0 0
-396.3 -810.2 2779.6 0 0 0 0 0 0 0 0 0
-136.7 396.9 2771.8 01 0.6318808794 0.5395429134 -0.5564351082 -0.5151538253 0.8287543654 0.2185927480 0.5790881515 0.1485250741 0.8016216159
-245.0 230.4 2741.9 0.6318808794 0.5395429134 -0.5564351082 -0.5151538253 0.8287543654 0.2185927480 0.5790881515 0.1485250741 0.8016216159
-348.8 63.7 2711.8 0.6397689581 0.5219003558 -0.5641947389 -0.5027567744 0.8394258022 0.2063975483 0.5813186169 0.1516059935 0.7994275093
-338.3 303.7 2657.2 -0.0888117403 0.5625934601 -0.8219495416 0.9676506519 0.2443757355 0.0627112091 0.2361454368 -0.7897905111 -0.5660973787
-307.9 -28.1 2576.2 -0.7389093041 0.5625934601 -0.3708120883 0.5771160126 0.2443757355 -0.7792416811 -0.3477787971 -0.7897905111 -0.5052531958
-151.8 157.1 2826.6 -0.0051024542 0.7712220550 0.6365457773 -0.9328759909 0.2255941927 -0.2808017731 -0.3601615429 -0.5952510238 0.7183034420
-153.2 -99.1 2727.7 -0.6347023249 0.7712220550 0.0486777946 0.2010086775 0.2255941927 -0.9532590508 -0.7461557984 -0.5952510238 -0.2982074916
-511.1 -61.9 2634.2 -0.9852551222 -0.0364937857 -0.1671541184 -0.0294601228 0.9985808134 -0.0443677641 0.1685360372 -0.0387891866 -0.9849320054
-496.6 -458.6 2649.6 -0.9830222726 -0.0675816387 -0.1705869436 -0.1087091044 0.9634740353 0.2447451055 0.1478158087 0.2591342628 -0.9544631839
-394.2 -152.2 2741.4 -0.6859266162 0.1786101758 0.7054098845 -0.0360415690 0.9598791599 -0.2780880630 -0.7267776132 -0.2161720842 -0.6519693136
-465.0 -533.0 2827.2 -0.6859266162 -0.2357344627 0.6884285808 -0.0360415690 0.9559165239 0.2914181948 -0.7267776132 0.1750794500 -0.6641848683
-90.7 -197.7 2678.4 0 0 0 0 0 0 0 0 0
-307.1 -50.3 2546.8 0 0 0 0 0 0 0 0 0
-470.6 -829.1 2550.0 0 0 0 0 0 0 0 0 0
-396.2 -812.1 2776.0 0 0 0 0 0 0 0 0 0
-140.0 400.9 2774.3 02 0.6246677041 0.5435838699 -0.5606307387 -0.5200250149 0.8251602054 0.2206459492 0.5825497508 0.1537116170 0.7981281281
-248.7 235.9 2743.5 0.6246677041 0.5435838699 -0.5606307387 -0.5200250149 0.8251602054 0.2206459492 0.5825497508 0.1537116170 0.7981281281
-353.0 69.8 2711.5 0.6316255927 0.5245982409 -0.5708290339 -0.5092051625 0.8359260559 0.2047870010 0.5846017599 0.1613203883 0.7951204181
-340.9 310.2 2658.3 -0.1064186618 0.6044508815 -0.7895025015 0.9650706053 0.2539634705 0.0643530861 0.2394030690 -0.7550772429 -0.6103641987
-303.6 -28.2 2574.3 -0.7198098898 0.6044508815 -0.3413397968 0.5802270770 0.2539634705 -0.7738469243 -0.3810646236 -0.7550772429 -0.5335242152
-156.6 161.5 2828.8 -0.0062889759 0.7780336738 0.6281910539 -0.9308190346 0.2250118852 -0.2880026996 -0.3654262722 -0.5865434408 0.7227934599
-158.3 -94.1 2728.4 -0.6264777184 0.7780336738 0.0467898808 0.2083576024 0.2250118852 -0.9518176317 -0.7510744333 -0.5865434408 -0.3030741513
-511.0 -57.1 2628.5 -0.9864972830 -0.0459989049 -0.1571851820 -0.0375857577 0.9977182746 -0.0560848229 0.1594063640 -0.0494196042 -0.9859753251
-492.7 -453.4 2648.1 -0.9849388003 -0.0554612540 -0.1637668759 -0.0939278603 0.9668412209 0.2374776155 0.1451657712 0.2492831945 -0.9574887753
-393.9 -149.0 2734.8 -0.6885613203 0.1770312786 0.7032377124 -0.0424838439 0.9582316875 -0.2828200459 -0.7239326239 -0.2246151716 -0.6522802711
-464.2 -529.5 2824.0 -0.6885613203 -0.2276816070 0.6885088682 -0.0424838439 0.9604684114 0.2751282752 -0.7239326239 0.1601921767 -0.6710141897
-92.0 -198.8 2686.3 0 0 0 0 0 0 0 0 0
-310.3 -43.5 2546.2 0 0 0 0 0 0 0 0 0
-471.1 -830.0 2551.0 0 0 0 0 0 0 0 0 0
-397.2 -812.2 2776.9 0 0 0 0 0 0 0 0 0
-146.1 400.6 2775.5 03 0.6271742582 0.5417981744 -0.5595598221 -0.5241112709 0.8250023723 0.2113727033 0.5761595368 0.1607041061 0.8013827801
-254.0 236.4 2743.5 0.6271742582 0.5417981744 -0.5595598221 -0.5241112709 0.8250023723 0.2113727033 0.5761595368 0.1607041061 0.8013827801
-357.7 70.3 2710.2 0.6346186399 0.5222302675 -0.5696794391 -0.5124892592 0.8361252546 0.1955742836 0.5784581900 0.1678395271 0.7982581258
-346.6 311.2 2659.1 -0.1356150955 0.6245253682 -0.7691401839 0.9633658528 0.2644158006 0.0448389128 0.2313758433 -0.7348825336 -0.6375051737
-299.3 -24.3 2578.6 -0.7150056362 0.6245253682 -0.3142213225 0.5721410513 0.2644158006 -0.7763626575 -0.4017730951 -0.7348825336 -0.5463753343
-161.4 161.6 2827.9 -0.0040807221 0.7759537697 0.6307765841 -0.9274285436 0.2329639047 -0.2925818563 -0.3739781678 -0.5861941576 0.7186909914
-162.5 -93.1 2725.2 -0.6288674474 0.7759537697 0.0492086150 0.2132067829 0.2329639047 -0.9488259554 -0.7477088571 -0.5861941576 -0.3119420111
-515.0 -49.6 2625.9 -0.9853394032 -0.0638903081 -0.1581908166 -0.0539802723 0.9963469505 -0.0661733896 0.1618407667 -0.0566640608 -0.9851886630
-489.7 -445.5 2648.4 -0.9841794372 -0.0498707071 -0.1700111777 -0.0890874714 0.9687345624 0.2315528542 0.1531480104 0.2430354208 -0.9578514695
-399.3 -142.9 2733.0 -0.7092970014 0.1822468787 0.6809433699 -0.0529332310 0.9495028257 -0.3092611432 -0.7029195428 -0.2554025054 -0.6638326049
-471.7 -519.9 2834.4 -0.7092970014 -0.2470527440 0.6601989865 -0.0529332310 0.9525952339 0.2996003926 -0.7029195428 0.1775591969 -0.6887502074
-89.9 -192.0 2696.3 0 0 0 0 0 0 0 0 0
-315.0 -41.4 2543.8 0 0 0 0 0 0 0 0 0
-470.0 -827.6 2552.6 0 0 0 0 0 0 0 0 0
-395.1 -815.1 2779.4 0 0 0 0 0 0 0 0 0
-150.7 401.8 2776.1 04 0.6282417774 0.5287029147 -0.5707762241 -0.5200457573 0.8310236335 0.1973630488 0.5786749721 0.1728380471 0.7970334291
-256.3 235.8 2741.6 0.6282417774 0.5287029147 -0.5707762241 -0.5200457573 0.8310236335 0.1973630488 0.5786749721 0.1728380471 0.7970334291
-357.0 68.3 2706.3 0.6368219852 0.5072825551 -0.5806221962 -0.5061801076 0.8431232572 0.1814520806 0.5815835595 0.1783467233 0.7936958075
-349.2 309.7 2656.8 -0.1915374547 0.6710638404 -0.7162309289 0.9557738900 0.2934645712 0.0193610229 0.2231808752 -0.6808464527 -0.6975947618
-283.2 -20.0 2579.8 -0.6910620332 0.6710638404 -0.2685267031 0.5801967978 0.2934645712 -0.7597698569 -0.4310510159 -0.6808464527 -0.5921512842
-163.4 161.9 2826.5 0.0142715042 0.7779894471 0.6281151772 -0.9249471426 0.2488960028 -0.2872690856 -0.3798276782 -0.5768736005 0.7231512666
-159.4 -92.1 2722.1 -0.6246655583 0.7779894471 0.0672704875 0.2081225663 0.2488960028 -0.9459047318 -0.7526472807 -0.5768736005 -0.3173939288
-519.6 -48.9 2623.9 -0.9863769412 -0.0742212906 -0.1468049139 -0.0646853223 0.9955378771 -0.0687033758 0.1512490958 -0.0582713000 -0.9867766500
-490.1 -444.5 2647.0 -0.9856488109 -0.0472617894 -0.1620578617 -0.0834263265 0.9709563851 0.2242404222 0.1467531025 0.2345421910 -0.9609648585
-403.3 -142.9 2729.9 -0.7003256083 0.1447579861 0.6989915371 -0.0533932336 0.9658555984 -0.2535194755 -0.7118238807 -0.2148675919 -0.6686843038
-460.7 -525.9 2815.1 -0.6972936392 -0.2236762643 0.6809923053 -0.0667857528 0.9662052989 0.2489718646 -0.7136674523 0.1281259060 -0.6886671782
-82.3 -188.6 2705.1 0 0 0 0 0 0 0 0 0
-310.9 -41.7 2539.6 0 0 0 0 0 0 0 0 0
-471.6 -825.7 2554.9 0 0 0 0 0 0 0 0 0
-394.6 -811.3 2777.3 0 0 0 0 0 0 0 0 0
-150.8 402.5 2776.5 05 0.6348910928 0.5425029993 -0.5500943065 -0.5389357805 0.8211449981 0.1878006458 0.5535896420 0.1772325635 0.8137119412
-258.7 239.1 2741.2 0.6348910928 0.5425029993 -0.5500943065 -0.5389357805 0.8211449981 0.1878006458 0.5535896420 0.1772325635 0.8137119412
-362.3 73.7 2704.3 0.6424621940 0.5218737721 -0.5611506701 -0.5271735191 0.8324515820 0.1706236899 0.5561748147 0.1862044930 0.8099367023
-352.4 316.1 2660.0 -0.2266689241 0.6979321241 -0.6793466806 0.9471212626 0.3205978870 0.0133549022 0.2271179259 -0.6403965354 -0.7336959243
-273.5 -13.9 2580.9 -0.6722376347 0.6979321241 -0.2469560206 0.6016226411 0.3205978870 -0.7316195369 -0.4314472079 -0.6403965354 -0.6354097724
-165.0 162.2 2822.3 -0.0058434666 0.7686688304 0.6396203041 -0.9161899686 0.2521902323 -0.3114418089 -0.4007016122 -0.5878335834 0.7027729750
-166.6 -89.4 2712.3 -0.6378284097 0.7686688304 0.0481990986 0.2329485416 0.2521902323 -0.9392204285 -0.7341048121 -0.5878335834 -0.3399143815
-516.2 -52.8 2617.5 -0.9834441543 -0.0693212599 -0.1674282104 -0.0593657307 0.9961981177 -0.0637576208 0.1712114215 -0.0527625568 -0.9838204980
-488.6 -448.7 2638.5 -0.9828841090 -0.0397744253 -0.1798800081 -0.0770867243 0.9756196141 0.2054847777 0.1673214287 0.2158340961 -0.9619870782
-399.4 -145.7 2724.2 -0.7008541822 0.1542485207 0.6964271665 -0.0559200980 0.9614529014 -0.2692234516 -0.7111092210 -0.2276306599 -0.6652126908
-460.7 -527.3 2814.5 -0.7008541822 -0.2183840275 0.6790521741 -0.0559200980 0.9658723474 0.2529102564 -0.7111092210 0.1392805427 -0.6891477108
-78.4 -188.4 2706.1 0 0 0 0 0 0 0 0 0
-321.3 -32.9 2534.3 0 0 0 0 0 0 0 0 0
-473.2 -828.5 2554.5 0 0 0 0 0 0 0 0 0
-396.0 -813.1 2773.3 0 0 0 0 0 0 0 0 0
-156.5 403.2 2777.1 06 0.5842139721 0.5221835971 -0.6213037372 -0.5080316067 0.8322896361 0.2218058407 0.6329280138 0.1860598773 0.7515210509
-260.8 237.1 2740.0 0.5842139721 0.5221835971 -0.6213037372 -0.5080316067 0.8322896361 0.2218058407 0.6329280138 0.1860598773 0.7515210509
-361.1 69.9 2701.7 0.5900534987 0.5042988062 -0.6304915547 -0.4985076487 0.8418522477 0.2068209797 0.6350802779 0.1922693998 0.7481346726
-346.6 309.8 2647.4 -0.2554147840 0.7126665711 -0.6533526182 0.9507176876 0.3079948425 -0.0357077084 0.1757815480 -0.6302741766 -0.7562111616
-261.0 -8.9 2588.5 -0.6488937140 0.7126665711 -0.2665395439 0.6308059692 0.3079948425 -0.7121959329 -0.4254654348 -0.6302741766 -0.6494102478
-174.9 164.4 2832.5 0.0286055598 0.8180126548 0.5744884610 -0.9340279102 0.2265896350 -0.2761322558 -0.3560528159 -0.5286893249 0.7705283761
-167.0 -92.1 2734.7 -0.5700197816 0.8180126548 0.0770240724 0.1962585598 0.2265896350 -0.9540124536 -0.7978470922 -0.5286893249 -0.2897025645
-524.9 -43.3 2616.4 -0.9923813939 -0.0907192305 -0.0833619311 -0.0855956897 0.9943289757 -0.0631126538 0.0886147171 -0.0554963984 -0.9945187569
-488.9 -438.4 2638.4 -0.9938844442 -0.0356208868 -0.1045223400 -0.0564950034 0.9773108959 0.2041364759 0.0948792994 0.2087930590 -0.9733464718
-407.2 -140.0 2718.3 -0.6360365152 0.1401506662 0.7588249445 -0.0966432169 0.9611579776 -0.2585254312 -0.7655832171 -0.2377669066 -0.5977869630
-462.8 -521.7 2812.8 -0.6464442611 -0.2240079194 0.7293355465 -0.0544320084 0.9670323133 0.2487684041 -0.7610170841 0.1211156994 -0.6373256445
-74.8 -190.0 2710.6 0 0 0 0 0 0 0 0 0
-305.3 -44.5 2541.2 0 0 0 0 0 0 0 0 0
-474.8 -824.8 2555.9 0 0 0 0 0 0 0 0 0
-395.3 -813.2 2776.3 0 0 0 0 0 0 0 0 0
-159.9 404.0 2776.4 07 0.6228564978 0.5058505535 -0.5967956185 -0.5038197041 0.8429517150 0.1886746585 0.5985110998 0.1831601411 0.7798954248
-260.8 235.9 2739.9 0.6228564978 0.5058505535 -0.5967956185 -0.5038197041 0.8429517150 0.1886746585 0.5985110998 0.1831601411 0.7798954248
-357.9 66.9 2701.4 0.6270913482 0.4884041846 -0.6068095565 -0.4966053367 0.8508415818 0.1716151386 0.6001163721 0.1937264800 0.7760995030
-352.1 308.2 2652.5 -0.3386001289 0.8097000718 -0.4793075323 0.9215081930 0.3883264959 0.0050181006 0.1901909709 -0.4399866760 -0.8776326776
-235.9 -8.1 2587.2 -0.5790085196 0.8097000718 -0.0955766141 0.6507497430 0.3883264959 -0.6524778605 -0.4911964536 -0.4399866760 -0.7517564297
-169.4 163.5 2827.3 0.0401479155 0.7908259630 0.6107228398 -0.9242804646 0.2615960538 -0.2779804468 -0.3795968592 -0.5533188581 0.7414475083
-158.4 -90.3 2723.1 -0.6051498652 0.7908259630 0.0915855020 0.1989234090 0.2615960538 -0.9444559216 -0.7708587050 -0.5533188581 -0.3156186342
-515.1 -51.8 2605.8 -0.9906595945 -0.0736205354 -0.1147761121 -0.0632951781 0.9938235879 -0.0911501199 0.1207777336 -0.0830339715 -0.9892007113
-485.8 -446.5 2638.8 -0.9907205701 -0.0335675105 -0.1317041218 -0.0615701564 0.9747331142 0.2147195935 0.1211687699 0.2208361626 -0.9677549005
-407.5 -142.9 2721.7 -0.6608763337 0.1215713173 0.7405827641 -0.0870274380 0.9677216411 -0.2365185618 -0.7454318404 -0.2207605541 -0.6289643049
-455.8 -527.2 2809.4 -0.6688368320 -0.2057647109 0.7143655419 -0.0515849218 0.9714612961 0.2315209061 -0.7416173220 0.1179992259 -0.6603634953
-71.9 -192.4 2726.4 0 0 0 0 0 0 0 0 0
-305.1 -42.1 2536.1 0 0 0 0 0 0 0 0 0
-472.8 -825.7 2552.9 0 0 0 0 0 0 0 0 0
-395.1 -813.8 2774.6 0 0 0 0 0 0 0 0 0
-169.2 402.6 2777.6 08 0.6356139183 0.4864521325 -0.5994657874 -0.4963792264 0.8522315621 0.1652543396 0.5912719965 0.1925244033 0.7831550241
-266.1 232.8 2739.3 0.6356139183 0.4864521325 -0.5994657874 -0.4963792264 0.8522315621 0.1652543396 0.5912719965 0.1925244033 0.7831550241
-360.1 62.4 2699.8 0.6394621730 0.4730714858 -0.6060457826 -0.4895186722 0.8583716750 0.1535238177 0.5928402543 0.1984980404 0.7804735303
-359.3 304.2 2652.8 -0.3786098659 0.8196246624 -0.4299651086 0.9106711149 0.4128642082 -0.0148741882 0.1653259546 -0.3971883357 -0.9027229548
-230.3 -6.1 2596.5 -0.5689275265 0.8196246624 -0.0673564821 0.6680816412 0.4128642082 -0.6190396547 -0.4795711040 -0.3971883357 -0.7824659944
-172.8 161.4 2825.7 0.0558395274 0.7828944921 0.6196435690 -0.9201512933 0.2812524140 -0.2724310458 -0.3875610232 -0.5549533963 0.7360863686
-157.5 -91.2 2719.2 -0.6127133965 0.7828944921 0.1079744846 0.1937426031 0.2812524140 -0.9398728013 -0.7661893368 -0.5549533963 -0.3240071535
-512.2 -56.7 2608.1 -0.9917644262 -0.0514249057 -0.1172979474 -0.0403557904 0.9946718216 -0.0948649645 0.1215513796 -0.0893500447 -0.9885554314
-491.8 -451.8 2643.6 -0.9904727936 -0.0519004948 -0.1275539696 -0.0799375325 0.9709193110 0.2256672829 0.1121323630 0.2337136418 -0.9658179283
-397.6 -147.5 2717.7 -0.6594942808 0.1516934633 0.7362447977 -0.0678167716 0.9634267688 -0.2592484355 -0.7486442327 -0.2209026068 -0.6250870824
-457.9 -530.0 2805.5 -0.6623214483 -0.2124733031 0.7184604406 -0.0551695563 0.9701724648 0.2360544205 -0.7471858263 0.1167067587 -0.6542881131
-71.5 -192.6 2730.4 0 0 0 0 0 0 0 0 0
-306.1 -44.2 2533.4 0 0 0 0 0 0 0 0 0
-471.8 -825.1 2553.7 0 0 0 0 0 0 0 0 0
-395.3 -815.6 2771.1 0 0 0 0 0 0 0 0 0
-177.0 399.8 2777.7 09 0.6259047985 0.4838016331 -0.6117018461 -0.4944687784 0.8527124524 0.1684697866 0.6031117439 0.1970214099 0.7729416490
-274.4 228.2 2738.0 0.6259047985 0.4838016331 -0.6117018461 -0.4944687784 0.8527124524 0.1684697866 0.6031117439 0.1970214099 0.7729416490
-367.6 57.2 2699.0 0.6320676208 0.4694986045 -0.6164913774 -0.4833922088 0.8606836200 0.1598614305 0.6056587100 0.1969638765 0.7709621787
-366.6 298.8 2649.7 -0.3873904943 0.8370274305 -0.3864113390 0.9066087008 0.4219417572 0.0050858320 0.1673000604 -0.3483536541 -0.9223125577
-239.9 2.3 2595.0 -0.5469404459 0.8370274305 -0.0155338729 0.6632859707 0.4219417572 -0.6180751324 -0.5107914209 -0.3483536541 -0.7859655619
-182.2 157.6 2826.3 0.0619348809 0.7898805141 0.6101252437 -0.9235502481 0.2771418393 -0.2650422454 -0.3784429431 -0.5470659733 0.7466591001
-165.2 -96.0 2722.4 -0.6027143002 0.7898805141 0.1132441536 0.1860931069 0.2771418393 -0.9426355362 -0.7759541273 -0.5470659733 -0.3140286803
-512.6 -63.4 2606.1 -0.9934982061 -0.0443461947 -0.1048557386 -0.0351384804 0.9954929352 -0.0880858302 0.1082894206 -0.0838286430 -0.9905787110
-495.0 -458.9 2639.4 -0.9917407036 -0.0599163957 -0.1134037077 -0.0840251148 0.9715303779 0.2215141803 0.0969028175 0.2292134017 -0.9685406685
-395.5 -152.9 2714.7 -0.7352504730 0.1511328369 0.6607310772 -0.0530419610 0.9590044618 -0.2783828378 -0.6757168770 -0.2397275865 -0.6970921159
-455.6 -533.9 2809.9 -0.7352504730 -0.2044457346 0.6462264657 -0.0530419610 0.9678555131 0.2458500415 -0.6757168770 0.1464842409 -0.7224604487
-88.4 -181.5 2736.5 0 0 0 0 0 0 0 0 0
-311.3 -50.8 2534.2 0 0 0 0 0 0 0 0 0
-472.1 -828.7 2552.2 0 0 0 0 0 0 0 0 0
-396.4 -813.8 2767.5 0 0 0 0 0 0 0 0 0
-182.9 399.1 2779.2 10 0.6138696671 0.4796745479 -0.6269580126 -0.4867231250 0.8552723527 0.1777914912 0.6215018630 0.1960141510 0.7584944963
-279.3 227.4 2739.9 0.6138696671 0.4796745479 -0.6269580126 -0.4867231250 0.8552723527 0.1777914912 0.6215018630 0.1960141510 0.7584944963
-371.6 55.9 2701.0 0.6199780107 0.4651184678 -0.6318956017 -0.4756121337 0.8633054495 0.1688099205 0.6240355372 0.1958787888 0.7564463615
-369.7 296.9 2648.8 -0.3700312674 0.8337828517 -0.4097352624 0.9134406447 0.4069592953 0.0032071474 0.1694196463 -0.3730821013 -0.9121988416
-252.0 6.4 2595.0 -0.5515637994 0.8337828517 -0.0241555814 0.6435771585 0.4069592953 -0.6482226253 -0.5306465626 -0.3730821013 -0.7610676289
-188.8 158.0 2830.9 0.0698731095 0.8005885482 0.5951266289 -0.9280325174 0.2709859610 -0.2555821538 -0.3658871055 -0.5344385505 0.7619068623
-169.6 -96.9 2730.4 -0.5870988369 0.8005885482 0.1198872477 0.1762882471 0.2709859610 -0.9463028312 -0.7900869846 -0.5344385505 -0.3002299070
-518.8 -69.5 2604.3 -0.9949134588 -0.0536267050 -0.0852721110 -0.0456321426 0.9946117401 -0.0930868834 0.0898045823 -0.0887222439 -0.9919997454
-497.5 -464.7 2639.6 -0.9927717447 -0.0693414360 -0.0979595184 -0.0904176384 0.9688563347 0.2305256277 0.0789237246 0.2377165854 -0.9681228399
-403.0 -158.1 2715.3 -0.7218530178 0.1294531673 0.6798309088 -0.0639005080 0.9656841755 -0.2517355978 -0.6890899539 -0.2251576483 -0.6888099313
-454.4 -541.6 2804.7 -0.7201902270 -0.2119670808 0.6606027484 -0.0716147497 0.9698103666 0.2331077456 -0.6900705695 0.1205730215 -0.7136278749
-99.8 -171.3 2741.4 0 0 0 0 0 0 0 0 0
-312.0 -54.1 2538.8 0 0 0 0 0 0 0 0 0
-471.5 -828.8 2550.3 0 0 0 0 0 0 0 0 0
-395.2 -812.6 2771.0 0 0 0 0 0 0 0 0 0
-182.7 398.1 2778.0 11 0.5833658576 0.4823508561 -0.6534691453 -0.4658739269 0.8577656746 0.2172544450 0.6653162837 0.1776954234 0.7251058817
-279.4 226.3 2742.4 0.5833658576 0.4823508561 -0.6534691453 -0.4658739269 0.8577656746 0.2172544450 0.6653162837 0.1776954234 0.7251058817
-372.0 54.1 2707.5 0.5905439258 0.4658851624 -0.6589453220 -0.4528163075 0.8671718836 0.2072927654 0.6679934859 0.1759656966 0.7230634689
-365.5 292.3 2645.0 -0.3489629924 0.8175368905 -0.4581029415 0.9248479009 0.3793390989 -0.0275353082 0.1512652189 -0.4332843423 -0.8884725571
-258.4 8.5 2598.6 -0.5705605149 0.8175368905 -0.0780650973 0.6355472207 0.3793390989 -0.6724445224 -0.5201350451 -0.4332843423 -0.7360191941
-193.3 160.3 2839.8 0.0746011883 0.8233559132 0.5626007915 -0.9438163042 0.2404342592 -0.2267205268 -0.3219401836 -0.5140781999 0.7950333953
-172.8 -98.9 2751.4 -0.5542898774 0.8233559132 0.1218513399 0.1461966634 0.2404342592 -0.9595925808 -0.8193834424 -0.5140781999 -0.2536421716
-520.9 -72.1 2604.9 -0.9968184829 -0.0621145852 -0.0499472730 -0.0572336949 0.9939415455 -0.0938322321 0.0554730184 -0.0906750336 -0.9943343401
-496.2 -467.0 2641.0 -0.9954816103 -0.0667151883 -0.0675680265 -0.0809995979 0.9679777026 0.2376093417 0.0495521910 0.2420087159 -0.9690079093
-407.3 -159.2 2719.3 -0.7572938204 0.1240682304 0.6411810517 -0.0668459907 0.9619066119 -0.2650797367 -0.6496442556 -0.2436036170 -0.7201524973
-456.5 -541.3 2816.1 -0.7572938204 -0.2142961472 0.6169142723 -0.0668459907 0.9651045203 0.2531893551 -0.6496442556 0.1505004913 -0.7451925278
-101.1 -166.7 2741.9 0 0 0 0 0 0 0 0 0
-307.2 -63.5 2552.6 0 0 0 0 0 0 0 0 0
-471.1 -831.1 2549.9 0 0 0 0 0 0 0 0 0
-396.4 -812.2 2773.8 0 0 0 0 0 0 0 0 0
-181.7 396.3 2777.4 12 0.5807334185 0.4856506884 -0.6533697844 -0.4580763876 0.8584005833 0.2308991849 0.6729893684 0.1652024090 0.7209670544
-278.8 224.7 2744.4 0.5807334185 0.4856506884 -0.6533697844 -0.4580763876 0.8584005833 0.2308991849 0.6729893684 0.1652024090 0.7209670544
-371.8 52.2 2712.2 0.5886919498 0.4682597518 -0.6589192748 -0.4436683953 0.8685519695 0.2208524495 0.6757219434 0.1623276025 0.7190616131
-364.7 289.5 2645.8 -0.3344801664 0.7846191525 -0.5220112801 0.9304311872 0.3629516959 -0.0506347530 0.1497358978 -0.5026319027 -0.8514342904
-263.2 7.2 2600.4 -0.6040303707 0.7846191525 -0.1397142112 0.6302213073 0.3629516959 -0.6863579154 -0.4878200591 -0.5026319027 -0.7137175798
-192.9 160.0 2842.9 0.0721184686 0.8244616985 0.5613036752 -0.9491066337 0.2297159284 -0.2154695839 -0.3065868318 -0.5171977282 0.7990688682
-173.1 -100.6 2758.7 -0.5532070398 0.8244616985 0.1192679331 0.1345391124 0.2297159284 -0.9639137983 -0.8221077919 -0.5171977282 -0.2380028218
-518.7 -76.7 2611.4 -0.9967830181 -0.0609120578 -0.0520897955 -0.0574488714 0.9961921573 -0.0655801743 0.0558860712 -0.0623767041 -0.9964867830
-494.5 -472.5 2636.1 -0.9956451654 -0.0642559528 -0.0675415322 -0.0780340061 0.9708305597 0.2267128676 0.0510037281 0.2309961021 -0.9716169238
-410.6 -159.6 2733.7 -0.7658532858 0.1185164824 0.6319988966 -0.0548151135 0.9672564864 -0.2478108406 -0.6406746507 -0.2244298458 -0.7342800498
-457.7 -543.8 2822.8 -0.7658532858 -0.2173395157 0.6051712632 -0.0548151135 0.9597869515 0.2753258348 -0.6406746507 0.1776866764 -0.7469694614
-97.0 -166.2 2734.6 0 0 0 0 0 0 0 0 0
-307.3 -68.0 2559.3 0 0 0 0 0 0 0 0 0
-470.8 -831.6 2550.7 0 0 0 0 0 0 0 0 0
-397.2 -810.6 2773.4 0 0 0 0 0 0 0 0 0
-183.8 395.9 2779.1 13 0.5640650392 0.4752932191 -0.6752236485 -0.4364245534 0.8657837510 0.2448512018 0.7009738088 0.1565721929 0.6957879663
-278.6 223.1 2747.8 0.5640650392 0.4752932191 -0.6752236485 -0.4364245534 0.8657837510 0.2448512018 0.7009738088 0.1565721929 0.6957879663
-369.3 48.9 2718.1 0.5734835267 0.4563966990 -0.6803078055 -0.4188061655 0.8770496845 0.2353407592 0.7040724754 0.1499530375 0.6941152811
-362.2 284.2 2645.1 -0.3226136565 0.7551160455 -0.5707190633 0.9354193807 0.3464680612 -0.0703594759 0.1446063519 -0.5565605760 -0.8181254864
