243.0 344.7 2467.3 2 0.4939997792 0.7218306661 -0.4846903682 -0.3637713492 0.6779126525 0.6388308406 0.7897053957 -0.1392658204 0.5974699855
99.9 210.3 2494.9 0.4939997792 0.7218306661 -0.4846903682 -0.3637713492 0.6779126525 0.6388308406 0.7897053957 -0.1392658204 0.5974699855
-38.9 71.1 2523.8 0.5113472939 0.6988140941 -0.5001828074 -0.3469412029 0.7003604174 0.6238005161 0.7862287760 -0.1454446912 0.6005748510
28.0 259.1 2384.4 0.3785267174 0.2497379184 -0.8912622929 0.8649759889 0.2472853661 0.4366537631 0.3294451237 -0.9362056255 -0.1224131808
-58.3 62.0 2309.3 -0.6992574930 0.2497379184 -0.6698282361 0.7148662210 0.2472853661 -0.6540766358 0.0022909818 -0.9362056255 -0.3514453471
171.8 161.4 2605.5 0.1573409885 0.9392917156 0.3049177527 -0.9575391412 0.2206390947 -0.1855724156 -0.2415834218 -0.2627725601 0.9341242313
210.0 -71.0 2546.8 -0.1813636869 0.9392917156 0.2912700474 -0.3308486342 0.2206390947 -0.9175279737 -0.9260920286 -0.2627725601 0.2707474530
-226.4 -29.2 2487.5 0.5819846392 -0.0549957976 -0.8113379478 0.0096701914 0.9981080294 -0.0607192628 0.8131422400 0.0274918862 0.5814154148
-204.6 -425.9 2476.6 0.5786905885 0.0669965595 -0.8127906919 -0.0612111166 0.9973769784 0.0386305228 0.8132468462 0.0273967050 0.5812736154
-128.9 -93.9 2628.7 0.2914154828 -0.2454601526 -0.9245681763 0.0831429958 0.9693599939 -0.2311458439 0.9529765248 -0.0095118927 0.3028948009
-31.4 -479.2 2632.5 0.2857854366 0.0575115643 -0.9565663338 -0.0890256986 0.9954741001 0.0332533382 0.9541494250 0.0756556690 0.2896119952
123.2 -123.5 2308.7 0 0 0 0 0 0 0 0 0
162.9 -157.0 2306.2 0 0 0 0 0 0 0 0 0
-226.5 -752.5 2467.6 0 0 0 0 0 0 0 0 0
-45.7 -727.1 2613.7 0 0 0 0 0 0 0 0 0
191.9 381.4 2437.8 3 0.5924522281 0.5820068121 -0.5570174456 -0.2347532362 0.7861434817 0.5717248917 0.7706434131 -0.2079580426 0.6023804545
78.4 228.1 2478.4 0.5924522281 0.5820068121 -0.5570174456 -0.2347532362 0.7861434817 0.5717248917 0.7706434131 -0.2079580426 0.6023804545
-33.0 72.5 2519.6 0.5988121033 0.5686761737 -0.5639428496 -0.2260113657 0.7955147028 0.5622057319 0.7683377862 -0.2091981024 0.6048910618
-4.3 259.1 2370.9 0.2014521956 0.2154980451 -0.9554986358 0.9452254176 0.2130189389 0.2473293990 0.2568382919 -0.9529866576 -0.1607811004
-50.3 43.5 2312.3 -0.7327479124 0.2154980451 -0.6454774141 0.6803639531 0.2130189389 -0.7012330294 -0.0136154341 -0.9529866576 -0.3027062714
161.1 197.1 2585.8 0.2938109040 0.8658004403 0.4050491154 -0.9262552261 0.3625358045 -0.1030486375 -0.2360643595 -0.3449020386 0.9084691405
231.8 -25.8 2529.0 -0.1859785914 0.8658004403 0.4645445049 -0.4067528844 0.3625358045 -0.8385224342 -0.8944070935 -0.3449020386 0.2847429216
-216.4 -43.8 2485.1 0.6293283701 -0.0261965301 -0.7766978741 -0.0024162468 0.9993609190 -0.0356643200 0.7771357298 0.0243212599 0.6288628578
-206.1 -433.2 2475.6 0.6269606948 0.0607719384 -0.7766769528 -0.0564116314 0.9978771210 0.0325425528 0.7770057917 0.0234107133 0.6290579438
-114.0 -100.1 2628.1 0.3503446579 -0.2109013647 -0.9125673771 0.0791006833 0.9775004387 -0.1955402792 0.9332747459 -0.0036782145 0.3591445088
-31.0 -484.7 2629.5 0.3457014263 0.0569924749 -0.9366121888 -0.0725554153 0.9967889786 0.0338741690 0.9355352521 0.0562459379 0.3487264812
139.4 -132.5 2315.9 0 0 0 0 0 0 0 0 0
183.6 -131.1 2297.3 0 0 0 0 0 0 0 0 0
-225.7 -754.8 2468.0 0 0 0 0 0 0 0 0 0
-45.0 -729.8 2615.7 0 0 0 0 0 0 0 0 0
154.8 388.7 2409.3 4 0.6567177773 0.4828968942 -0.5792515278 -0.1253180653 0.8272988200 0.5476056933 0.7436512113 -0.2870317400 0.6038175821
60.5 227.1 2465.4 0.6567177773 0.4828968942 -0.5792515278 -0.1253180653 0.8272988200 0.5476056933 0.7436512113 -0.2870317400 0.6038175821
-32.7 64.5 2521.7 0.6586752534 0.4765869081 -0.5822471976 -0.1219345257 0.8312065601 0.5424275398 0.7424815893 -0.2862875462 0.6056075692
-30.6 243.6 2361.9 0.0595972762 0.1785553694 -0.9821232557 0.9760731459 0.1956856102 0.0948068574 0.2091156691 -0.9642744064 -0.1626207680
-43.6 31.0 2316.3 -0.7522983551 0.1785553694 -0.6341649890 0.6587986946 0.1956856102 -0.7264236808 -0.0056098932 -0.9642744064 -0.2648459971
151.5 210.6 2568.9 0.3688161373 0.7974379063 0.4775640965 -0.9057808518 0.4236722589 -0.0079271868 -0.2086521089 -0.4296447337 0.8785611391
240.5 -7.8 2518.6 -0.2034773678 0.7974379063 0.5680578947 -0.4815195203 0.4236722589 -0.7672292590 -0.8524881005 -0.4296447337 0.2977741957
-194.1 -66.8 2492.9 0.6745301485 0.0406732000 -0.7371259928 -0.0622524396 0.9980586171 -0.0018950793 0.7356178761 0.0471661799 0.6757526994
-210.1 -458.7 2474.4 0.6750642061 0.0511874072 -0.7359811068 -0.0524714217 0.9983950257 0.0213098899 0.7358906865 0.0242324304 0.6766666174
-81.9 -103.5 2632.4 0.4149751365 -0.1258927882 -0.9010807872 0.0600425303 0.9920110703 -0.1109455228 0.9078493714 -0.0080635389 0.4192188680
-32.3 -494.4 2635.6 0.4111759365 0.0571403503 -0.9097633362 -0.1048687547 0.9943720698 0.0150580453 0.9055036902 0.0892142430 0.4148541093
150.2 -138.8 2317.8 0 0 0 0 0 0 0 0 0
187.9 -132.3 2298.2 0 0 0 0 0 0 0 0 0
-225.3 -754.4 2467.2 0 0 0 0 0 0 0 0 0
-45.8 -728.0 2614.6 0 0 0 0 0 0 0 0 0
132.1 396.8 2400.6 5 0.6645769477 0.4225217998 -0.6162895560 -0.0699695125 0.8563417792 0.5116474032 0.7439366579 -0.2969076037 0.5986686349
49.0 228.4 2459.0 0.6645769477 0.4225217998 -0.6162895560 -0.0699695125 0.8563417792 0.5116474032 0.7439366579 -0.2969076037 0.5986686349
-33.6 59.5 2517.5 0.6649872661 0.4198213518 -0.6176908612 -0.0691344291 0.8581070900 0.5087952614 0.7436480522 -0.2956386507 0.5996543765
-43.6 237.8 2354.9 0.0088152960 0.1229772642 -0.9923703074 0.9856227636 0.1663879603 0.0293746125 0.1687308848 -0.9783617258 -0.1197424307
-45.5 25.8 2318.6 -0.7632575035 0.1229772642 -0.6342827678 0.6459445357 0.1663879603 -0.7450306416 0.0139151802 -0.9783617258 -0.2064333558
141.5 219.0 2563.1 0.3039000332 0.9050689936 0.2974808514 -0.9476606250 0.3192630410 -0.0032303722 -0.0978983492 -0.2809291780 0.9547223449
220.9 -28.7 2537.6 -0.1167268082 0.9050689936 0.4089314640 -0.4487251341 0.3192630410 -0.8346956968 -0.8860138655 -0.2809291780 0.3688606620
-183.3 -89.3 2511.7 0.6742436290 0.0735827163 -0.7348340750 -0.1167708337 0.9931290746 -0.0076954160 0.7292188406 0.0909957662 0.6782032847
-212.3 -481.2 2475.8 0.6786362529 0.0451131649 -0.7330877781 -0.0516938120 0.9985704422 0.0135964295 0.7326531410 0.0286690723 0.6799981594
-62.3 -109.0 2646.4 0.4239021540 -0.0704361200 -0.9029649496 -0.0103500700 0.9965295792 -0.0825935677 0.9056488276 0.0443573408 0.4217020273
-34.5 -502.3 2628.8 0.4215901494 0.0475015529 -0.9055414796 -0.0815052539 0.9965698719 0.0143304383 0.9031160474 0.0677648112 0.4240156710
148.5 -138.4 2315.1 0 0 0 0 0 0 0 0 0
190.3 -146.4 2305.1 0 0 0 0 0 0 0 0 0
-224.6 -754.1 2467.9 0 0 0 0 0 0 0 0 0
-45.3 -728.7 2613.5 0 0 0 0 0 0 0 0 0
118.7 399.6 2399.4 6 0.6672101021 0.3842870295 -0.6380863190 -0.0438340306 0.8754138350 0.4813826382 0.7435786724 -0.2932134569 0.6009297967
42.7 226.5 2457.4 0.6672101021 0.3842870295 -0.6380863190 -0.0438340306 0.8754138350 0.4813826382 0.7435786724 -0.2932134569 0.6009297967
-32.9 53.3 2515.4 0.6672655344 0.3831752837 -0.6386966705 -0.0437076204 0.8761847019 0.4799895585 0.7435364127 -0.2923645675 0.6013955474
-50.6 232.5 2353.0 -0.0222775396 0.0994164795 -0.9947965145 0.9863879085 0.1643375903 -0.0056659132 0.1629191786 -0.9813814163 -0.1017242521
-45.9 24.2 2318.6 -0.7663915753 0.0994164795 -0.6346340179 0.6416813731 0.1643375903 -0.7491583228 0.0298155397 -0.9813814163 -0.1897406578
136.1 220.6 2561.8 0.2790772319 0.9349050522 0.2192451358 -0.9589458108 0.2833116651 0.0125449449 -0.0503863767 -0.2137452215 0.9755891562
212.0 -40.5 2548.1 -0.0772321820 0.9349050522 0.3463924229 -0.4254243970 0.2833116651 -0.8595048785 -0.9016924500 -0.2137452215 0.3758506179
-175.4 -104.3 2508.7 0.6771475673 0.1040435433 -0.7284545898 -0.1111196801 0.9930593371 0.0385432206 0.7274088264 0.0548461936 0.6840090156
-216.5 -497.2 2487.0 0.6786152124 0.0302854311 -0.7338693142 -0.0764340758 0.9966366887 -0.0295498837 0.7305061221 0.0761456192 0.6786476374
-53.6 -115.6 2644.3 0.4259406924 -0.0428989679 -0.9037334919 -0.0219222661 0.9980926514 -0.0577103011 0.9044854641 0.0443930514 0.4241878390
-36.7 -510.8 2626.8 0.4246067703 0.0420429856 -0.9044011831 -0.0615727156 0.9979494810 0.0174840372 0.9032817483 0.0482625961 0.4263247848
146.4 -136.8 2311.1 0 0 0 0 0 0 0 0 0
191.5 -153.5 2308.5 0 0 0 0 0 0 0 0 0
-224.4 -755.2 2467.3 0 0 0 0 0 0 0 0 0
-45.9 -729.9 2616.2 0 0 0 0 0 0 0 0 0
112.9 400.8 2399.3 7 0.6703768969 0.3715195954 -0.6423146129 -0.0386573114 0.8819397092 0.4697743356 0.7410131097 -0.2900956869 0.6055939198
39.2 225.9 2456.9 0.6703768969 0.3715195954 -0.6423146129 -0.0386573114 0.8819397092 0.4697743356 0.7410131097 -0.2900956869 0.6055939198
-34.3 51.0 2514.4 0.6703985333 0.3710000217 -0.6425922513 -0.0386058874 0.8822931051 0.4691146016 0.7409962416 -0.2896858752 0.6058107615
-54.8 231.3 2352.7 -0.0449149087 0.0535208508 -0.9975560904 0.9877667427 0.1516456306 -0.0363380574 0.1493301839 -0.9869848490 -0.0596772656
-45.4 23.0 2321.2 -0.7590387464 0.0535208508 -0.6488418579 0.6484149694 0.1516456306 -0.7460305691 0.0584658347 -0.9869848490 -0.1498086303
133.3 220.6 2561.0 0.2634126544 0.9533019662 0.1477469802 -0.9645696878 0.2626239955 0.0251774881 -0.0148001555 -0.1491443366 0.9887046814
205.0 -42.2 2557.0 0.0040175570 0.9533019662 0.3019921482 -0.5048078895 0.2626239955 -0.8223123550 -0.8632223606 -0.1491443366 0.4822894633
-168.8 -116.4 2505.6 0.6799306273 0.1258747727 -0.7223917842 -0.1162756979 0.9911995530 0.0632726103 0.7239988446 0.0409756266 0.6885830760
-218.8 -509.4 2489.4 0.6811552048 0.0212921463 -0.7318294048 -0.0801240504 0.9957410693 -0.0456055030 0.7277415395 0.0897015557 0.6799601912
-46.6 -123.8 2641.6 0.4297792315 -0.0170126446 -0.9027737379 -0.0313659795 0.9989377260 -0.0337570943 0.9023890495 0.0428244807 0.4287890792
-39.9 -520.0 2624.7 0.4293915927 0.0299937967 -0.9026201963 -0.0457645357 0.9988869429 0.0114217531 0.9019581079 0.0364035890 0.4302863181
143.6 -138.4 2306.7 0 0 0 0 0 0 0 0 0
206.1 -176.3 2327.6 0 0 0 0 0 0 0 0 0
-224.2 -762.2 2466.6 0 0 0 0 0 0 0 0 0
-46.2 -731.3 2617.0 0 0 0 0 0 0 0 0 0
105.6 400.9 2389.4 8 0.6791929007 0.3518124819 -0.6441466808 -0.0045257886 0.8796229362 0.4756501019 0.7339458466 -0.3201428950 0.5990259051
35.8 226.3 2452.9 0.6791929007 0.3518124819 -0.6441466808 -0.0045257886 0.8796229362 0.4756501019 0.7339458466 -0.3201428950 0.5990259051
-33.9 51.7 2516.5 0.6791883707 0.3515025675 -0.6443206668 -0.0045372476 0.8798580766 0.4752148390 0.7339500189 -0.3198369443 0.5991842151
-59.6 226.9 2349.8 -0.0863935053 0.0299695805 -0.9958102107 0.9866214395 0.1412843168 -0.0813442618 0.1382545084 -0.9895153046 -0.0417746753
-41.4 19.0 2320.7 -0.7672410011 0.0299695805 -0.6406583190 0.6377627254 0.1412843168 -0.7571640611 0.0678230822 -0.9895153046 -0.1275126040
131.2 225.7 2556.1 0.2291011959 0.9730025530 0.0279045179 -0.9629967213 0.2223784178 0.1522666365 0.1419504583 -0.0617564283 0.9879454374
195.5 -44.9 2596.0 0.0553205051 0.9730025530 0.2240661979 -0.4845019281 0.2223784178 -0.8460530043 -0.8730392456 -0.0617564283 0.4837237000
-168.8 -120.6 2504.1 0.6874396801 0.1369059980 -0.7132204771 -0.1028645560 0.9905250072 0.0909895822 0.7189196944 0.0108152535 0.6950089931
-223.1 -513.7 2499.8 0.6874667406 0.0031207101 -0.7262091637 -0.0974893570 0.9913358688 -0.0880283788 0.7196425200 0.1313142478 0.6818146706
-45.9 -127.3 2639.9 0.4411445260 -0.0084792646 -0.8973960280 -0.0364620425 0.9989603758 -0.0273630358 0.8966950774 0.0447919443 0.4403767288
-42.5 -524.1 2622.1 0.4412683249 0.0137791699 -0.8972694278 -0.0284986291 0.9995929599 0.0013351830 0.8969225883 0.0249817744 0.4414813817
150.0 -140.1 2303.7 0 0 0 0 0 0 0 0 0
210.3 -174.3 2362.7 0 0 0 0 0 0 0 0 0
-223.9 -762.6 2466.9 0 0 0 0 0 0 0 0 0
-45.4 -732.5 2616.9 0 0 0 0 0 0 0 0 0
108.5 400.2 2388.3 9 0.6874711514 0.3499017954 -0.6363584995 -0.0014923058 0.8769502044 0.4805789888 0.7262101173 -0.3294345438 0.6034001112
38.9 225.9 2453.8 0.6874711514 0.3499017954 -0.6363584995 -0.0014923058 0.8769502044 0.4805789888 0.7262101173 -0.3294345438 0.6034001112
-30.5 51.7 2519.2 0.6874575019 0.3497886956 -0.6364354491 -0.0015265726 0.8770557642 0.4803861380 0.7262229919 -0.3292734921 0.6034725308
-57.7 226.1 2351.7 -0.1123674884 0.1022144780 -0.9883955121 0.9799246788 0.1762544066 -0.0931771994 0.1646850109 -0.9790232778 -0.1199677587
-33.6 15.9 2316.3 -0.7615993619 0.1022144780 -0.6399363875 0.6469930410 0.1762544066 -0.7418452501 0.0369642787 -0.9790232778 -0.2003673017
135.6 225.7 2555.9 0.2102367282 0.9776418209 -0.0041243052 -0.9549626708 0.2062595934 0.2133149803 0.2093963176 -0.0409080870 0.9769747853
193.9 -39.3 2614.1 0.0683983713 0.9776418209 0.1988420337 -0.4958928525 0.2062595934 -0.8435326219 -0.8656858206 -0.0409080870 0.4989134073
-165.7 -122.5 2512.8 0.6906796694 0.1551981270 -0.7063109279 -0.1311445683 0.9873856902 0.0887166187 0.7111699581 0.0313540772 0.7023205757
-227.3 -514.6 2500.3 0.6907805800 -0.0142549146 -0.7229239345 -0.0842389911 0.9914107323 -0.1000425220 0.7181406617 0.1300058067 0.6836464405
-41.2 -123.2 2647.3 0.4512195587 0.0049076863 -0.8923994899 -0.0652589872 0.9974890351 -0.0275109652 0.8900237083 0.0706505775 0.4504068494
-43.1 -519.4 2619.2 0.4527092278 0.0130552892 -0.8915626407 -0.0080339462 0.9999119639 0.0105624637 0.8916220069 0.0023810412 0.4527742267
155.2 -144.5 2307.2 0 0 0 0 0 0 0 0 0
212.3 -172.4 2381.8 0 0 0 0 0 0 0 0 0
-223.7 -767.6 2467.2 0 0 0 0 0 0 0 0 0
-46.0 -735.7 2618.7 0 0 0 0 0 0 0 0 0
112.4 401.7 2392.7 0 0.6868121028 0.3498295546 -0.6371093988 -0.0041597048 0.8784304857 0.4778520167 0.7268230915 -0.3255443573 0.6047719121
42.9 227.0 2457.5 0.6868121028 0.3498295546 -0.6371093988 -0.0041597048 0.8784304857 0.4778520167 0.7268230915 -0.3255443573 0.6047719121
-26.6 52.5 2522.1 0.6868061423 0.3497720063 -0.6371474266 -0.0041746809 0.8784824014 0.4777565300 0.7268286347 -0.3254662156 0.6048072577
-53.7 227.6 2355.2 -0.1127484217 0.1646283269 -0.9798904657 0.9758995175 0.2037843019 -0.0780520439 0.1868367195 -0.9650748372 -0.1836370528
-29.0 13.8 2314.3 -0.7588731050 0.1646283269 -0.6300866008 0.6511887908 0.2037843019 -0.7310438752 0.0080512427 -0.9650748372 -0.2618505359
139.5 226.5 2559.7 0.1957177520 0.9784234166 -0.0661984384 -0.9707536697 0.2028694898 0.1283793598 0.1390390098 0.0391362607 0.9895132780
191.3 -30.7 2596.6 0.1611636579 0.9784234166 0.1292824447 -0.6308636665 0.2028694898 -0.7489024997 -0.7589712143 0.0391362607 0.6499469876
-162.9 -122.4 2518.1 0.6882722378 0.1659691036 -0.7062121630 -0.1448957771 0.9853135347 0.0903465971 0.7108350992 0.0401441008 0.7022121549
-228.9 -513.8 2502.1 0.6882579327 -0.0207987763 -0.7251678705 -0.0859430134 0.9902123809 -0.1099692583 0.7203574181 0.1380103230 0.6797340512
-36.8 -122.6 2651.3 0.4503753483 0.0083701275 -0.8928000927 -0.0792912021 0.9963799715 -0.0306574497 0.8893114924 0.0845985487 0.4494086504
-40.1 -518.5 2617.6 0.4530116022 0.0258570351 -0.8911295533 -0.0143878050 0.9996611476 0.0216920543 0.8913885355 0.0029946461 0.4532301128
159.0 -147.5 2312.3 0 0 0 0 0 0 0 0 0
233.8 -197.2 2396.3 0 0 0 0 0 0 0 0 0
-223.5 -768.6 2466.6 0 0 0 0 0 0 0 0 0
-45.7 -732.7 2617.0 0 0 0 0 0 0 0 0 0
183.2 381.1 2418.8 1 0.5210369825 0.6580103040 -0.5436385274 -0.2692205310 0.7311105132 0.6268953085 0.8099634051 -0.1802769899 0.5580855012
44.7 227.2 2456.7 0.5210369825 0.6580103040 -0.5436385274 -0.2692205310 0.7311105132 0.6268953085 0.8099634051 -0.1802769899 0.5580855012
-28.0 53.8 2521.3 0.6835284233 0.3654229939 -0.6318662763 -0.0146379098 0.8723487258 0.4886649251 0.7297771573 -0.3247671425 0.6016241908
-51.5 229.2 2354.0 -0.1109377220 0.1784921438 -0.9776673317 0.9752933383 0.2086522430 -0.0725748241 0.1910384446 -0.9615637064 -0.1972296089
-27.0 13.4 2311.7 -0.7566586733 0.1784921438 -0.6289739609 0.6538085938 0.2086522430 -0.7273228765 0.0014154126 -0.9615637064 -0.2745782137
140.8 225.1 2559.4 0.1973548979 0.9784295559 -0.0610459186 -0.9753183126 0.2022543401 0.0885852724 0.0990212560 0.0420564637 0.9941961765
191.5 -25.3 2584.8 0.1825754046 0.9784295559 0.0966529027 -0.7513729930 0.2022543401 -0.6281176805 -0.6341174245 0.0420564637 0.7720922232
-159.1 -121.7 2520.2 0.6819338202 0.1755489409 -0.7100343704 -0.1599844992 0.9830629230 0.0893996209 0.7137024999 0.0526298732 0.6984689236
-228.8 -512.4 2499.3 0.6826510429 -0.0186632629 -0.7305061221 -0.0803007185 0.9917037487 -0.1003767028 0.7263190150 0.1271824390 0.6754889488
-33.1 -122.4 2653.5 0.4453539252 0.0207185075 -0.8951148391 -0.0794415325 0.9967036843 -0.0164553002 0.8918233514 0.0784377307 0.4455318153
-41.3 -518.6 2622.3 0.4471092224 0.0179627333 -0.8942989707 -0.0223915298 0.9997097850 0.0088852383 0.8941990733 0.0160520505 0.4473816752
160.9 -148.9 2311.4 0 0 0 0 0 0 0 0 0
239.4 -222.6 2418.3 0 0 0 0 0 0 0 0 0
-224.0 -769.4 2466.3 0 0 0 0 0 0 0 0 0
-45.1 -733.1 2618.9 0 0 0 0 0 0 0 0 0
220.7 365.4 2440.3 2 0.5350909829 0.6768267155 -0.5055524111 -0.3150613308 0.7151392102 0.6239489317 0.7838456631 -0.1745893955 0.5959064364
80.2 217.0 2476.5 0.5350909829 0.6768267155 -0.5055524111 -0.3150613308 0.7151392102 0.6239489317 0.7838456631 -0.1745893955 0.5959064364
-22.0 58.0 2526.0 0.6396957040 0.5222094655 -0.5639917254 -0.1815146357 0.8156453371 0.5493406653 0.7468881011 -0.2490380853 0.6165534854
-7.8 241.9 2372.3 0.0734093338 0.2101554722 -0.9749080539 0.9632039070 0.2384901494 0.1239380091 0.2585522234 -0.9481334686 -0.1849151701
-25.2 12.5 2310.7 -0.7550047040 0.2101554722 -0.6211301088 0.6557149291 0.2384901494 -0.7163521051 -0.0024119085 -0.9481334686 -0.3178632557
168.3 192.2 2580.6 0.1060435772 0.9772922993 -0.1834517121 -0.9943606257 0.1044695601 -0.0182514656 0.0013281017 0.1843526065 0.9828592539
191.5 -25.5 2580.9 0.1948599368 0.9772922993 -0.0832428634 -0.7848750949 0.1044695601 -0.6107841134 -0.5882182717 0.1843526065 0.7874093056
-168.6 -107.8 2515.4 0.6607323289 0.1377130300 -0.7378806472 -0.1344341636 0.9888424277 0.0641722903 0.7384850979 0.0567956604 0.6718735099
-224.6 -509.9 2492.3 0.6618829370 -0.0020427771 -0.7496044636 -0.0727804378 0.9950966239 -0.0669751763 0.7460656762 0.0988862664 0.6584888101
-41.0 -120.5 2651.7 0.4010361731 0.0022660850 -0.9160594344 -0.0726508424 0.9969258308 -0.0293392502 0.9131767750 0.0783185884 0.3999679387
-41.9 -517.1 2620.5 0.4025031328 0.0187495537 -0.9152265787 -0.0220268723 0.9996991158 0.0107929856 0.9151535630 0.0158153679 0.4027950168
162.5 -150.6 2311.3 0 0 0 0 0 0 0 0 0
243.2 -234.0 2424.7 0 0 0 0 0 0 0 0 0
-224.1 -773.4 2466.1 0 0 0 0 0 0 0 0 0
-46.0 -734.0 2617.1 0 0 0 0 0 0 0 0 0
238.7 358.8 2444.0 3 0.5453318954 0.7004354000 -0.4604382813 -0.3577121794 0.6912411451 0.6278755069 0.7580600977 -0.1776961684 0.6275101304
95.7 217.6 2480.3 0.5453318954 0.7004354000 -0.4604382813 -0.3577121794 0.6912411451 0.6278755069 0.7580600977 -0.1776961684 0.6275101304
-25.5 69.9 2523.0 0.6087514162 0.6174322963 -0.4981958270 -0.2880136669 0.7571043372 0.5863797069 0.7392359376 -0.2134722918 0.6387172937
11.9 257.4 2377.1 0.1505296081 0.1979945749 -0.9685757756 0.9512111545 0.2379065156 0.1964633465 0.2693291605 -0.9508935809 -0.1525226682
-26.0 18.2 2309.3 -0.7402405739 0.1979945749 -0.6425278783 0.6721953750 0.2379065156 -0.7011090517 0.0140457777 -0.9508935809 -0.3091990948
179.5 177.7 2583.6 0.0864154920 0.9783378243 -0.1881156564 -0.9924743772 0.0680952743 -0.1017724052 -0.0867580026 0.1954946965 0.9768596888
198.9 -45.0 2564.1 0.1490701288 0.9809854627 -0.1242804751 -0.8253338337 0.0542132966 -0.5620365143 -0.5446119905 0.1863557398 0.8177220225
-184.4 -79.6 2505.8 0.6639811993 0.1014336199 -0.7408375144 -0.0858696699 0.9945454597 0.0592093319 0.7428023815 0.0243015904 0.6690695286
-225.1 -479.0 2496.0 0.6639819741 -0.0032084964 -0.7477416992 -0.0760246292 0.9945192337 -0.0717759803 0.7438737750 0.1045047417 0.6600989103
-68.5 -117.0 2642.8 0.3869813383 -0.0749950260 -0.9190327525 -0.0194681268 0.9958003759 -0.0894569680 0.9218819737 0.0525100231 0.3838961720
-38.8 -511.7 2622.0 0.3864695728 0.0308139417 -0.9217872620 -0.0382914543 0.9991160631 0.0173448063 0.9215069413 0.0285933353 0.3873078823
160.9 -151.4 2305.8 0 0 0 0 0 0 0 0 0
238.7 -265.2 2418.8 0 0 0 0 0 0 0 0 0
-224.2 -769.8 2465.5 0 0 0 0 0 0 0 0 0
-45.6 -732.5 2615.7 0 0 0 0 0 0 0 0 0
245.1 352.2 2453.4 4 0.5576871634 0.7109724879 -0.4283727407 -0.4271272719 0.6883140802 0.5863327384 0.7117213607 -0.1440205425 0.6875396371
102.1 213.7 2482.4 0.5576871634 0.7109724879 -0.4283727407 -0.4271272719 0.6883140802 0.5863327384 0.7117213607 -0.1440205425 0.6875396371
-28.5 70.3 2515.3 0.5989772677 0.6614803076 -0.4512982368 -0.3843996823 0.7319207191 0.5626090765 0.7024693489 -0.1635111272 0.6926766634
19.2 267.2 2384.4 0.1772282571 0.1813671440 -0.9673138857 0.9436527491 0.2477969527 0.2193539888 0.2794810236 -0.9516841173 -0.1272309721
-26.6 23.3 2312.2 -0.7272610068 0.1813671440 -0.6619648337 0.6852052808 0.2477969527 -0.6849017143 0.0398141965 -0.9516841173 -0.3044867814
185.0 160.3 2580.3 0.0709230676 0.9811621904 -0.1796960533 -0.9791845083 0.0341360532 -0.2000810057 -0.1901777983 0.1901459545 0.9631598592
201.1 -61.8 2537.2 0.1158550754 0.9841011763 -0.1346195787 -0.8107942343 0.0154098924 -0.5851284266 -0.5737510920 0.1769388765 0.7996888757
-202.7 -49.3 2497.5 0.6822120547 0.0399841107 -0.7300602198 -0.0400716402 0.9990475178 0.0172707289 0.7300554514 0.0174724124 0.6831645370
-218.6 -447.7 2490.5 0.6820871234 0.0140085360 -0.7311367393 -0.0679767877 0.9967020154 -0.0443196930 0.7281045914 0.0799302161 0.6807898879
-92.9 -103.7 2632.7 0.3866009712 -0.1355313510 -0.9122340083 0.0254357401 0.9903334379 -0.1363550872 0.9218962789 0.0295116641 0.3863112330
-39.2 -496.1 2621.0 0.3856467009 0.0276560728 -0.9222319722 -0.0324729495 0.9993382096 0.0163892452 0.9220749140 0.0236271340 0.3862895668
158.9 -151.5 2302.0 0 0 0 0 0 0 0 0 0
232.1 -279.0 2383.5 0 0 0 0 0 0 0 0 0
-223.1 -769.9 2464.7 0 0 0 0 0 0 0 0 0
-45.7 -731.7 2615.4 0 0 0 0 0 0 0 0 0
241.5 343.4 2451.1 5 0.5353304744 0.7055458426 -0.4643558860 -0.3601446748 0.6879539490 0.6300913692 0.7640138268 -0.1700717956 0.6223812699
100.3 205.7 2485.1 0.5353304744 0.7055458426 -0.4643558860 -0.3601446748 0.6879539490 0.6300913692 0.7640138268 -0.1700717956 0.6223812699
-32.0 63.3 2521.2 0.5635433197 0.6673940420 -0.4868306816 -0.3311627507 0.7224108577 0.6070039272 0.7568025589 -0.1808528453 0.6281258464
21.9 251.8 2379.5 0.2040406317 0.1630308628 -0.9652918577 0.9386482835 0.2474694252 0.2402046025 0.2780409753 -0.9550810456 -0.1025348306
-27.0 26.6 2312.8 -0.7186166644 0.1630308628 -0.6760258675 0.6930734515 0.2474694252 -0.6770583987 0.0569143295 -0.9550810456 -0.2908280194
178.8 159.7 2590.8 0.1066311002 0.9681556225 -0.2265049070 -0.9865241051 0.0745837688 -0.1456279606 -0.1240969375 0.2389810234 0.9630618095
203.1 -65.9 2562.4 0.1573282331 0.9729723930 -0.1690342724 -0.8590539098 0.0504103713 -0.5093969107 -0.4871080518 0.2253520638 0.8437666893
-213.9 -37.0 2483.9 0.6443297863 -0.0029679020 -0.7647420168 0.0002218431 0.9999931455 -0.0036939799 0.7647477388 0.0022104885 0.6443260312
-212.7 -434.8 2483.0 0.6435345411 0.0325321406 -0.7647254467 -0.0593215674 0.9982110858 -0.0074556610 0.7631148696 0.0501626879 0.6443131566
-105.5 -108.0 2611.9 0.3428416550 -0.1650514305 -0.9247797728 0.0702375397 0.9861920476 -0.1499730647 0.9367637634 -0.0135372439 0.3497005105
-40.1 -498.8 2617.3 0.3416999578 0.0279570948 -0.9393931627 -0.0105797537 0.9996085167 0.0259008165 0.9397495389 0.0010882408 0.3418619633
157.5 -151.4 2298.1 0 0 0 0 0 0 0 0 0
245.2 -295.4 2432.3 0 0 0 0 0 0 0 0 0
-223.5 -766.8 2466.3 0 0 0 0 0 0 0 0 0
-46.7 -734.5 2617.0 0 0 0 0 0 0 0 0 0
242.4 341.6 2456.9 6 0.5174380541 0.7018435597 -0.4895645976 -0.3319792747 0.6919438839 0.6410954595 0.7886999846 -0.1692018807 0.5910356045
103.0 204.2 2490.5 0.5174380541 0.7018435597 -0.4895645976 -0.3319792747 0.6919438839 0.6410954595 0.7886999846 -0.1692018807 0.5910356045
-30.9 62.5 2526.4 0.5389931202 0.6742109656 -0.5049019456 -0.3099228442 0.7161151171 0.6254014373 0.7832204103 -0.1806064546 0.5949345231
27.6 247.5 2380.8 0.2298829257 0.1578821540 -0.9603265524 0.9330326319 0.2448701411 0.2636071146 0.2767741680 -0.9566147923 -0.0910177454
-27.5 23.9 2314.5 -0.7232718468 0.1578821540 -0.6722730398 0.6882236600 0.2448701411 -0.6829251647 0.0567978956 -0.9566147923 -0.2857659161
178.4 161.0 2600.2 0.1212270707 0.9590903521 -0.2558313310 -0.9879092574 0.0914828703 -0.1251645088 -0.0966398939 0.2679114640 0.9585844874
206.2 -66.3 2578.0 0.1769347787 0.9648460150 -0.1943354160 -0.8773508668 0.0651349947 -0.4754081070 -0.4460375905 0.2546165586 0.8580331206
-215.8 -48.5 2488.1 0.6204828024 -0.0150883077 -0.7840749025 -0.0158299711 0.9993702173 -0.0317584835 0.7840602398 0.0321174785 0.6198531985
-209.8 -445.8 2475.4 0.6193535328 0.0439370871 -0.7838818431 -0.0495289713 0.9986307025 0.0168405268 0.7835484147 0.0283946209 0.6206816435
-113.4 -109.2 2626.1 0.3236794472 -0.1890484840 -0.9270880818 0.0405005664 0.9817060232 -0.1860457808 0.9452995658 0.0226716083 0.3254146278
-38.4 -498.6 2617.1 0.3222643435 0.0352031067 -0.9459949732 -0.0126110520 0.9993792772 0.0328935832 0.9465656877 0.0013295630 0.3225082457
156.9 -151.6 2300.0 0 0 0 0 0 0 0 0 0
253.7 -301.5 2458.5 0 0 0 0 0 0 0 0 0
-223.6 -760.5 2466.4 0 0 0 0 0 0 0 0 0
-46.7 -733.5 2616.7 0 0 0 0 0 0 0 0 0
248.5 344.2 2459.4 7 0.4998463094 0.7121569514 -0.4929362833 -0.3263776004 0.6820555925 0.6544293761 0.8022663593 -0.1662307382 0.5733550191
106.5 208.2 2492.5 0.4998463094 0.7121569514 -0.4929362833 -0.3263776004 0.6820555925 0.6544293761 0.8022663593 -0.1662307382 0.5733550191
-30.3 68.7 2527.4 0.5182770491 0.6888042688 -0.5068901181 -0.3081521094 0.7033023834 0.6406309605 0.7977663279 -0.1758251041 0.5767619610
33.9 251.4 2380.5 0.2531526983 0.1564096659 -0.9546987414 0.9302322268 0.2316493243 0.2846164703 0.2656720877 -0.9601430297 -0.0868546665
-28.1 23.8 2315.5 -0.7244701385 0.1564096659 -0.6713263392 0.6876408458 0.2316493243 -0.6881051064 0.0478859991 -0.9601430297 -0.2753767073
179.2 165.1 2604.5 0.1142534539 0.9542168379 -0.2764352262 -0.9898594022 0.0857027322 -0.1132846624 -0.0844068751 0.2865751684 0.9543322921
205.6 -63.4 2585.0 0.1753498912 0.9600838423 -0.2179253101 -0.8875162601 0.0583484285 -0.4570671320 -0.4261071682 0.2735589147 0.8623213768
-214.0 -50.8 2490.7 0.6043509841 -0.0040204190 -0.7967080474 -0.0305846874 0.9991331100 -0.0282422379 0.7961309552 0.0414352901 0.6037040949
-212.4 -448.0 2474.3 0.6040298939 0.0408932604 -0.7959117889 -0.0389462151 0.9990041256 0.0217710789 0.7960094810 0.0178473685 0.6050209999
-115.7 -107.6 2633.9 0.3093383610 -0.1885939986 -0.9320633411 0.0254740752 0.9814287424 -0.1901281327 0.9506107569 0.0350704752 0.3083978295
-40.8 -497.3 2619.9 0.3084679842 0.0260286480 -0.9508785605 -0.0204947889 0.9995753765 0.0207130667 0.9510139227 0.0130987372 0.3088704348
156.8 -151.7 2303.3 0 0 0 0 0 0 0 0 0
252.7 -301.9 2470.5 0 0 0 0 0 0 0 0 0
-225.1 -756.9 2468.7 0 0 0 0 0 0 0 0 0
-46.9 -729.6 2616.9 0 0 0 0 0 0 0 0 0
244.1 340.8 2452.1 8 0.5161654949 0.7162684798 -0.4696090519 -0.3408510983 0.6747924089 0.6545805931 0.7857440710 -0.1778051406 0.5924454331
101.3 206.2 2487.5 0.5161654949 0.7162684798 -0.4696090519 -0.3408510983 0.6747924089 0.6545805931 0.7857440710 -0.1778051406 0.5924454331
-35.1 66.3 2523.1 0.5347377062 0.6866762042 -0.4924747050 -0.3225913346 0.7045458555 0.6320996881 0.7810187936 -0.1791394651 0.5982630253
26.2 251.5 2377.8 0.2278938591 0.1529848427 -0.9615924358 0.9381119013 0.2300110310 0.2589227259 0.2607881129 -0.9610882401 -0.0910988003
-29.0 24.2 2314.6 -0.7255823016 0.1529848427 -0.6709142923 0.6864045858 0.2300110310 -0.6898866892 0.0487754792 -0.9610882401 -0.2719014287
176.4 161.0 2597.2 0.1129051372 0.9601681828 -0.2555963099 -0.9880693555 0.0813796520 -0.1307528764 -0.1047444120 0.2673095465 0.9579009414
202.5 -67.5 2573.0 0.1655042171 0.9657574892 -0.1998019069 -0.8816422224 0.0540994108 -0.4688072801 -0.4419449568 0.2537433803 0.8604062796
-214.6 -42.5 2489.3 0.6214712262 -0.0018881443 -0.7834346890 -0.0248548221 0.9994462132 -0.0221252069 0.7830426097 0.0332223102 0.6210801601
-213.8 -439.8 2476.1 0.6209755540 0.0348260738 -0.7830559015 -0.0415739864 0.9990696311 0.0114643741 0.7827266455 0.0254356600 0.6218456626
-119.8 -98.9 2635.3 0.3239370286 -0.2175270915 -0.9207316637 0.0387406200 0.9754419923 -0.2168227136 0.9452851415 0.0345671922 0.3244089186
-33.4 -486.4 2621.6 0.3208370507 0.0526846424 -0.9456679821 -0.0380953401 0.9983615875 0.0426956676 0.9463679790 0.0223271921 0.3223184347
156.8 -151.6 2302.1 0 0 0 0 0 0 0 0 0
247.1 -304.7 2454.1 0 0 0 0 0 0 0 0 0
-224.9 -756.7 2468.0 0 0 0 0 0 0 0 0 0
-46.3 -731.6 2616.1 0 0 0 0 0 0 0 0 0
243.3 340.3 2448.9 9 0.5266872048 0.7080714703 -0.4703566432 -0.3263928294 0.6793592572 0.6572204232 0.7849001884 -0.1926285774 0.5889192820
102.6 205.3 2487.2 0.5266872048 0.7080714703 -0.4703566432 -0.3263928294 0.6793592572 0.6572204232 0.7849001884 -0.1926285774 0.5889192820
-32.6 64.7 2524.6 0.5409672856 0.6806052923 -0.4940959811 -0.3121264279 0.7079901695 0.6335037947 0.7809811234 -0.1884844005 0.5954344273
26.6 249.2 2377.4 0.2136177570 0.1603139341 -0.9636736512 0.9423534274 0.2262574285 0.2465312183 0.2575607300 -0.9607845545 -0.1027397811
-25.4 20.0 2314.7 -0.7036565542 0.1603139341 -0.6922187805 0.7088132501 0.2262574285 -0.6681252718 0.0495098531 -0.9607845545 -0.2728401721
178.7 161.5 2597.0 0.1214196607 0.9606760740 -0.2497173995 -0.9877768159 0.0921692327 -0.1257051229 -0.0977456421 0.2619281411 0.9601247311
206.8 -67.1 2574.4 0.1708498150 0.9664581418 -0.1917522997 -0.8844947219 0.0646875128 -0.4620439112 -0.4341421127 0.2485440224 0.8658789992
-220.6 -44.0 2487.1 0.6255035400 -0.0126965009 -0.7801179886 -0.0112785771 0.9996159673 -0.0253120884 0.7801398039 0.0246314220 0.6251201630
-215.5 -441.4 2477.3 0.6248174906 0.0320715010 -0.7801118493 -0.0416590571 0.9991021752 0.0077083795 0.7796586156 0.0276823938 0.6255925894
-122.6 -103.1 2630.2 0.3247474432 -0.2269317508 -0.9181726575 0.0645820424 0.9738433957 -0.2178491354 0.9435932636 0.0114484802 0.3309088647
-32.5 -490.0 2625.7 0.3206845224 0.0530254282 -0.9457006454 -0.0567800552 0.9977123737 0.0366877653 0.9454826713 0.0419317372 0.3229617178
156.1 -162.9 2301.9 0 0 0 0 0 0 0 0 0
252.8 -305.3 2457.5 0 0 0 0 0 0 0 0 0
-225.8 -760.2 2468.5 0 0 0 0 0 0 0 0 0
-45.3 -730.5 2615.6 0 0 0 0 0 0 0 0 0
244.2 343.2 2449.4 0 0.5336514711 0.7063798308 -0.4650200307 -0.3362611532 0.6817566752 0.6497201920 0.7759797573 -0.1903559566 0.6013485193
103.3 207.2 2487.3 0.5336514711 0.7063798308 -0.4650200307 -0.3362611532 0.6817566752 0.6497201920 0.7759797573 -0.1903559566 0.6013485193
-32.3 66.8 2524.9 0.5477963686 0.6819518209 -0.4846244454 -0.3221166432 0.7065368295 0.6301163435 0.7721139789 -0.1890698373 0.6067063212
26.2 252.5 2378.7 0.2032707334 0.1672318131 -0.9647354484 0.9464289546 0.2189304978 0.2373639792 0.2509048283 -0.9613027573 -0.1137708649
-24.7 15.5 2315.9 -0.7020053267 0.1672318131 -0.6922586560 0.7110578418 0.2189304978 -0.6681812406 0.0398153663 -0.9613027573 -0.2726018727
180.3 161.9 2595.9 0.1164231300 0.9637778401 -0.2399541289 -0.9872293472 0.0858445615 -0.1341975182 -0.1087378263 0.2525134385 0.9614639878
207.3 -66.7 2570.8 0.1624013633 0.9693121314 -0.1845529079 -0.8813443184 0.0583955497 -0.4688519835 -0.4436868727 0.2387968451 0.8637812138
-217.5 -47.4 2490.5 0.6337953806 -0.0056608231 -0.7734800577 -0.0257297400 0.9992655516 -0.0283964090 0.7730726600 0.0378989540 0.6331842542
-215.3 -444.6 2475.4 0.6334293485 0.0307838917 -0.7731879354 -0.0395912044 0.9991889596 0.0073471060 0.7727870345 0.0259575676 0.6341344118
-118.4 -104.6 2633.7 0.3372548819 -0.2152917534 -0.9164652824 0.0446555242 0.9760619402 -0.2128589153 0.9403536916 0.0308624692 0.3387956321
-32.8 -492.4 2621.4 0.3337236047 0.0535328574 -0.9411497116 -0.0483292118 0.9980449080 0.0396319479 0.9414312840 0.0322589092 0.3356583118
157.1 -168.6 2305.6 0 0 0 0 0 0 0 0 0
251.0 -304.1 2451.2 0 0 0 0 0 0 0 0 0
-225.0 -760.8 2467.2 0 0 0 0 0 0 0 0 0
-45.5 -729.1 2613.8 0 0 0 0 0 0 0 0 0
247.5 345.9 2455.6 1 0.5764226913 0.7043356299 -0.4143044353 -0.4289104939 0.6923384070 0.5802614093 0.6955376863 -0.1567763537 0.7011765242
106.6 207.4 2486.9 0.5764226913 0.7043356299 -0.4143044353 -0.4289104939 0.6923384070 0.5802614093 0.6955376863 -0.1567763537 0.7011765242
-28.7 65.4 2518.6 0.5946835279 0.6797132492 -0.4293499589 -0.4103310108 0.7158604264 0.5649533868 0.6913609505 -0.1597928703 0.7046178579
23.5 264.5 2390.5 0.1969457120 0.1934381723 -0.9611420631 0.9411316514 0.2374218404 0.2406286299 0.2747428715 -0.9519519806 -0.1352915615
-28.7 15.3 2317.7 -0.7293394804 0.1934381723 -0.6562359333 0.6837872267 0.2374218404 -0.6899752617 0.0223371908 -0.9519519806 -0.3054316640
189.8 150.3 2583.3 0.0877933055 0.9807541966 -0.1743946970 -0.9709318876 0.0451154001 -0.2350656539 -0.2226737440 0.1899625659 0.9562063813
210.0 -73.0 2532.1 0.1129338965 0.9846480489 -0.1330945492 -0.8300249577 0.0198595915 -0.5573725104 -0.5461725593 0.1734180450 0.8195253015
-218.1 -44.1 2491.7 0.6863242388 -0.0063600251 -0.7272679210 -0.0210532192 0.9993689656 -0.0286075398 0.7269909382 0.0349453799 0.6857572198
-215.5 -441.4 2477.8 0.6858386397 0.0296567958 -0.7271491289 -0.0429844968 0.9990757108 0.0002048501 0.7264831066 0.0311156455 0.6864795089
-117.6 -103.2 2633.3 0.3776985705 -0.2200981677 -0.8993890285 0.0572600476 0.9750303030 -0.2145627141 0.9241564274 0.0295409765 0.3808704019
-30.1 -490.7 2621.6 0.3728080094 0.0642944574 -0.9256783724 -0.0564038791 0.9973220825 0.0465544686 0.9261926413 0.0348559693 0.3754361272
159.9 -161.5 2312.0 0 0 0 0 0 0 0 0 0
240.2 -294.9 2386.1 0 0 0 0 0 0 0 0 0
-225.1 -761.7 2467.8 0 0 0 0 0 0 0 0 0
-45.5 -729.0 2613.2 0 0 0 0 0 0 0 0 0
251.3 347.8 2451.2 2 0.5550855398 0.7119254470 -0.4301653206 -0.3974060118 0.6812975407 0.6147374511 0.7307177782 -0.1702815592 0.6611018777
108.0 210.6 2485.4 0.5550855398 0.7119254470 -0.4301653206 -0.3974060118 0.6812975407 0.6147374511 0.7307177782 -0.1702815592 0.6611018777
-28.9 70.8 2519.8 0.5723792315 0.6880708337 -0.4460275173 -0.3802857697 0.7046563625 0.5990343690 0.7264741659 -0.1732568890 0.6649942398
27.8 263.7 2383.8 0.2246588171 0.1846011877 -0.9567919374 0.9415611029 0.2117759883 0.2619421184 0.2509803772 -0.9597256780 -0.1262359470
-31.3 15.8 2317.7 -0.7468953133 0.1846011877 -0.6388034225 0.6649345756 0.2117759883 -0.7162492275 0.0030627700 -0.9597256780 -0.2809222043
188.3 157.5 2587.1 0.0898279548 0.9750745296 -0.2028806955 -0.9804751277 0.0507993996 -0.1899681836 -0.1749269217 0.2159839422 0.9605995417
209.0 -68.5 2546.8 0.1245008186 0.9793705940 -0.1591627747 -0.8549890518 0.0244951341 -0.5180672407 -0.5034811497 0.2005822361 0.8404008150
-218.3 -39.3 2487.4 0.6653653979 -0.0104957251 -0.7464440465 -0.0191658847 0.9993314147 -0.0311356559 0.7462717295 0.0350228474 0.6647194028
-214.1 -436.6 2473.5 0.6649202108 0.0335880890 -0.7461587787 -0.0348519310 0.9992954731 0.0139255477 0.7461008430 0.0167456977 0.6656223536
-109.8 -113.8 2613.1 0.3528771698 -0.2018775344 -0.9136318564 0.0922293663 0.9791965485 -0.1807425469 0.9311130047 -0.0204837713 0.3641551435
-29.7 -502.5 2621.2 0.3459447026 0.0721474141 -0.9354768991 -0.0592105724 0.9967305660 0.0549751110 0.9363847375 0.0363717750 0.3490855694
162.1 -156.5 2316.9 0 0 0 0 0 0 0 0 0
242.4 -297.7 2411.8 0 0 0 0 0 0 0 0 0
-225.0 -762.6 2468.0 0 0 0 0 0 0 0 0 0
-46.0 -728.2 2613.0 0 0 0 0 0 0 0 0 0
253.5 346.9 2448.5 3 0.5589813590 0.7198185325 -0.4115836918 -0.4163035452 0.6729098558 0.6114602685 0.7170991302 -0.1704511642 0.6758070588
108.5 211.3 2482.8 0.5589813590 0.7198185325 -0.4115836918 -0.4163035452 0.6729098558 0.6114602685 0.7170991302 -0.1704511642 0.6758070588
-29.6 72.5 2516.8 0.5769417286 0.6945115328 -0.4298744202 -0.3988838196 0.6988477111 0.5937200785 0.7127621770 -0.1710719466 0.6802238226
27.5 267.3 2382.8 0.2402114570 0.1855672449 -0.9528185725 0.9367067218 0.2132463008 0.2776805758 0.2547134459 -0.9592136741 -0.1225978807
-36.8 16.6 2314.7 -0.7649146318 0.1855672449 -0.6168228388 0.6441139579 0.2132463008 -0.7346041799 -0.0047832755 -0.9592136741 -0.2826416492
189.5 155.4 2582.8 0.0764213130 0.9782680273 -0.1927471906 -0.9784255624 0.0363629274 -0.2033745497 -0.1919459701 0.2041309327 0.9599413276
207.2 -70.7 2538.4 0.1080908924 0.9820912480 -0.1543148905 -0.8480183482 0.0100765144 -0.5298711061 -0.5188268423 0.1881360859 0.8339205980
-218.1 -34.5 2487.8 0.6744688749 -0.0168754738 -0.7381104231 -0.0106785269 0.9994111657 -0.0326074138 0.7382260561 0.0298746154 0.6738914847
-211.4 -431.8 2475.9 0.6733509302 0.0439623259 -0.7380148172 -0.0452645347 0.9988092780 0.0181989055 0.7379360795 0.0211516470 0.6745390892
-113.5 -103.7 2620.4 0.3677586913 -0.1880682558 -0.9107051492 0.0639122650 0.9821317792 -0.1770095676 0.9277223349 0.0068915845 0.3732073605
-38.8 -493.7 2617.6 0.3661808968 0.0340317339 -0.9299211502 -0.0276124999 0.9992883205 0.0256971717 0.9301339388 0.0162676331 0.3668600023
162.7 -151.3 2315.9 0 0 0 0 0 0 0 0 0
236.2 -298.5 2399.0 0 0 0 0 0 0 0 0 0
-225.9 -761.7 2469.0 0 0 0 0 0 0 0 0 0
-46.8 -727.8 2613.8 0 0 0 0 0 0 0 0 0
254.7 347.9 2455.6 4 0.5441388488 0.7274308801 -0.4180397093 -0.4360852242 0.6708872914 0.5997832417 0.7167583704 -0.1440644264 0.6822776794
108.7 213.3 2484.5 0.5441388488 0.7274308801 -0.4180397093 -0.4360852242 0.6708872914 0.5997832417 0.7167583704 -0.1440644264 0.6822776794
-31.6 75.5 2512.8 0.5588631630 0.7058637142 -0.4352336824 -0.4220647216 0.6938968301 0.5834111571 0.7138160467 -0.1423502266 0.6857135892
30.2 272.6 2384.3 0.2521452010 0.1524591148 -0.9556040168 0.9362163544 0.2113698721 0.2807520032 0.2447891086 -0.9654423594 -0.0894388258
-39.2 15.0 2316.9 -0.7779563069 0.1524591148 -0.6095409989 0.6281470656 0.2113698721 -0.7488351464 0.0146718603 -0.9654423594 -0.2602032721
187.3 154.0 2584.8 0.0691421181 0.9746386409 -0.2128354609 -0.9745723009 0.0204090904 -0.2231418639 -0.2131389081 0.2228520513 0.9512669444
203.3 -71.4 2535.5 0.1082224622 0.9784765244 -0.1757031977 -0.8371508121 -0.0056221690 -0.5469432473 -0.5361589789 0.2062816173 0.8185239434
-220.6 -29.8 2485.5 0.6599002481 -0.0336896256 -0.7505975366 -0.0031232559 0.9988626242 -0.0475785546 0.7513467073 0.0337414071 0.6590444446
-207.2 -426.9 2472.1 0.6581934094 0.0543352626 -0.7508856058 -0.0453073047 0.9984431863 0.0325345248 0.7514843345 0.0126065928 0.6596304774
-115.0 -102.7 2615.9 0.3449948728 -0.1952109188 -0.9180802107 0.0716049075 0.9807564616 -0.1816301495 0.9358692765 -0.0030775785 0.3523340225
-37.4 -492.4 2617.2 0.3433193862 0.0340125561 -0.9386026263 -0.0215421245 0.9993663430 0.0283348598 0.9389716387 0.0104915882 0.3438345492
165.3 -150.1 2313.1 0 0 0 0 0 0 0 0 0
232.4 -296.7 2391.2 0 0 0 0 0 0 0 0 0
-225.3 -759.1 2467.9 0 0 0 0 0 0 0 0 0
-45.6 -732.2 2614.6 0 0 0 0 0 0 0 0 0
255.8 347.6 2451.2 5 0.5621483326 0.7359807491 -0.3772553504 -0.4699080884 0.6596067548 0.5866048932 0.6805700660 -0.1524836123 0.7166401744
107.9 215.0 2481.9 0.5621483326 0.7359807491 -0.3772553504 -0.4699080884 0.6596067548 0.5866048932 0.6805700660 -0.1524836123 0.7166401744
-33.4 77.9 2509.3 0.5756317377 0.7106001377 -0.4045930803 -0.4573291540 0.6899389625 0.5611009002 0.6778629422 -0.1379552782 0.7221289277
27.0 279.2 2386.7 0.2453950197 0.1281154603 -0.9609202147 0.9372707605 0.2218125761 0.2689288557 0.2475981414 -0.9666362405 -0.0656471774
-41.8 16.2 2317.2 -0.7927168608 0.1281154603 -0.5959751606 0.6086077690 0.2218125761 -0.7618371248 0.0345916674 -0.9666362405 -0.2538066208
188.7 150.8 2577.0 0.0481524467 0.9815341830 -0.1851270944 -0.9661614895 -0.0012507967 -0.2579348981 -0.2534034848 0.1912828684 0.9482602477
199.9 -72.7 2518.4 0.0788028315 0.9844539165 -0.1569731832 -0.8164985776 -0.0266029723 -0.5767341852 -0.5719441772 0.1736166775 0.8017088771
-223.1 -23.7 2475.7 0.6819350719 -0.0407578684 -0.7302761674 0.0185494535 0.9990887642 -0.0384391621 0.7311774492 0.0126667907 0.6820697188
