-159.1 399.7 2693.2 5 0.5281515718 0.5581039190 -0.6399812102 -0.3480374515 0.8297351003 0.4363594949 0.7745488286 -0.0077265375 0.6324669719
-271.6 232.5 2694.8 0.5281515718 0.5581039190 -0.6399812102 -0.3480374515 0.8297351003 0.4363594949 0.7745488286 -0.0077265375 0.6324669719
-378.3 64.9 2697.0 0.5384861827 0.5369097590 -0.6494309306 -0.3322450221 0.8435623050 0.4219193161 0.7743680477 -0.0114275320 0.6326322556
-350.3 281.0 2581.7 0.1818677932 0.1644659340 -0.9694715142 0.9745290875 0.1014133543 0.2000208348 0.1312139779 -0.9811555743 -0.1418330222
-403.0 -1.7 2543.6 -0.7790714502 0.1644659340 -0.6049782634 0.6234352589 0.1014133543 -0.7752701640 -0.0661526546 -0.9811555743 -0.1815421134
-192.9 183.9 2807.8 -0.0279219393 0.7773161530 -0.6284902096 -0.9852154255 -0.1277161092 -0.1141889989 -0.1690292805 0.6160098910 0.7693899274
-199.9 -63.7 2765.4 0.4904941618 0.7773161530 -0.3939481080 -0.4901256263 -0.1277161092 -0.8622444272 -0.7205500603 0.6160098910 0.3183385730
-530.6 -77.9 2634.8 -0.9913105965 -0.0477649607 0.1225634590 -0.0493816622 0.9987280369 -0.0101854047 -0.1219210550 -0.0161492862 -0.9924083948
-511.7 -474.7 2641.2 -0.9903892279 -0.0898489505 0.1051491722 -0.0599022172 0.9639018774 0.2594319582 -0.1246631742 0.2506399453 -0.9600201845
-431.5 -136.1 2777.6 -0.6773172617 0.0662304312 0.7327038050 0.0118492460 0.9967924356 -0.0791483447 -0.7355955839 -0.0449265540 -0.6759294868
-457.8 -532.0 2795.4 -0.6556560397 -0.2302830666 0.7190861106 -0.0973925814 0.9701939821 0.2218972147 -0.7487521768 0.0754546002 -0.6585413814
-185.1 -176.0 2562.1 0 0 0 0 0 0 0 0 0
-74.1 -189.4 2580.5 0 0 0 0 0 0 0 0 0
-478.6 -829.8 2548.8 0 0 0 0 0 0 0 0 0
-391.0 -813.1 2773.6 0 0 0 0 0 0 0 0 0
-160.3 398.5 2696.5 6 0.4814942181 0.5616141558 -0.6728691459 -0.3574103713 0.8268048167 0.4343404174 0.8002631664 0.0313580222 0.5988284349
-273.3 232.0 2690.2 0.4814942181 0.5616141558 -0.6728691459 -0.3574103713 0.8268048167 0.4343404174 0.8002631664 0.0313580222 0.5988284349
-380.6 65.0 2686.2 0.4949435890 0.5407676697 -0.6801478863 -0.3370634019 0.8409405947 0.4233286977 0.8008864522 0.0197291616 0.5984911323
-345.5 281.2 2573.4 0.1876793355 0.2078173459 -0.9599939585 0.9696695209 0.1166034266 0.2148129642 0.1565804482 -0.9711928964 -0.1796300858
-396.0 20.7 2531.3 -0.7204996943 0.2078173459 -0.6615830660 0.6897740364 0.1166034266 -0.7145735621 -0.0713579282 -0.9711928964 -0.2273597419
-201.1 182.8 2807.0 0.0021222020 0.9581100345 -0.2863925397 -0.9804464579 -0.0543615036 -0.1891285479 -0.1967746764 0.2811939120 0.9392601848
-200.6 -56.6 2758.9 0.2394368351 0.9581100345 -0.1571470499 -0.3866848052 -0.0543615036 -0.9206083417 -0.8905867934 0.2811939120 0.3574704230
-534.3 -72.2 2628.3 -0.9827070236 -0.0633013621 0.1740110964 -0.0619451106 0.9979919791 0.0132196285 -0.1744984984 0.0022118853 -0.9846549630
-509.2 -468.7 2627.4 -0.9841277003 -0.0831298158 0.1567868590 -0.0467206500 0.9736971855 0.2230045348 -0.1712012440 0.2121397555 -0.9621261954
-435.5 -133.1 2770.3 -0.6390043497 0.0654342100 0.7664149404 -0.0091796406 0.9956555367 -0.0926596820 -0.7691483498 -0.0662453547 -0.6356275082
-461.5 -528.6 2796.6 -0.6227778196 -0.2346930653 0.7463691831 -0.0840246901 0.9684952497 0.2344287634 -0.7778738141 0.0832835957 -0.6228773594
-195.0 -171.6 2551.2 0 0 0 0 0 0 0 0 0
-141.9 -151.4 2540.6 0 0 0 0 0 0 0 0 0
-478.4 -829.0 2548.9 0 0 0 0 0 0 0 0 0
-392.8 -812.1 2772.2 0 0 0 0 0 0 0 0 0
-159.6 398.3 2695.6 7 0.4600480795 0.5581333637 -0.6905381680 -0.3643822968 0.8278959394 0.4263963699 0.8096797466 0.0554570556 0.5842458606
-272.8 230.3 2684.4 0.4600480795 0.5581333637 -0.6905381680 -0.3643822968 0.8278959394 0.4263963699 0.8096797466 0.0554570556 0.5842458606
-379.6 63.1 2675.9 0.4737049341 0.5380320549 -0.6972267628 -0.3435792327 0.8418576717 0.4162078500 0.8108988404 0.0423929244 0.5836487412
-341.9 280.5 2566.1 0.2499021888 0.2820569873 -0.9262789488 0.9497091174 0.1150144860 0.2912459970 0.1886834800 -0.9524786472 -0.2391297370
-401.0 56.0 2521.4 -0.6727753282 0.2820569873 -0.6839716434 0.7314879894 0.1150144860 -0.6720840931 -0.1108993664 -0.9524786472 -0.2837002277
-203.7 180.1 2802.7 -0.0379507765 0.9828754067 -0.1803210527 -0.9888485074 -0.0629432648 -0.1349693388 -0.1440080404 0.1731880158 0.9743036628
-212.7 -55.9 2768.3 0.1474110633 0.9828754067 -0.1105708927 -0.2953801751 -0.0629432648 -0.9533041120 -0.9439388514 0.1731880158 0.2810433805
-533.2 -71.2 2609.0 -0.9777937531 -0.0549041145 0.2022496462 -0.0563520193 0.9984099865 -0.0014033997 -0.2018510103 -0.0127694113 -0.9793329835
-511.4 -467.9 2614.0 -0.9780020714 -0.0903962776 0.1879907250 -0.0541207381 0.9803230762 0.1898357868 -0.2014520913 0.1754855812 -0.9636502862
-442.6 -133.0 2755.6 -0.6190896630 0.0385613963 0.7843729854 -0.0289500188 0.9969941974 -0.0718639567 -0.7847865224 -0.0671978444 -0.6161124706
-457.9 -529.0 2782.3 -0.6039482355 -0.2299562097 0.7631295323 -0.0999766886 0.9717692137 0.2137037069 -0.7907282710 0.0527708158 -0.6098885536
-221.7 -139.0 2551.0 0 0 0 0 0 0 0 0 0
-176.5 -128.5 2536.3 0 0 0 0 0 0 0 0 0
-478.2 -828.2 2549.5 0 0 0 0 0 0 0 0 0
-391.7 -808.5 2767.1 0 0 0 0 0 0 0 0 0
-163.8 393.4 2695.7 8 0.4186719358 0.5625408888 -0.7129246593 -0.3463473916 0.8246142268 0.4472749233 0.8394982219 0.0596581362 0.5400773883
-277.6 226.6 2683.6 0.4186719358 0.5625408888 -0.7129246593 -0.3463473916 0.8246142268 0.4472749233 0.8394982219 0.0596581362 0.5400773883
-385.2 59.9 2674.9 0.4334784746 0.5423290133 -0.7197052240 -0.3240526617 0.8390256166 0.4370651245 0.8408842087 0.0437640622 0.5394427180
-340.8 273.9 2561.0 0.2944338918 0.2917234600 -0.9100583196 0.9314655662 0.1253685802 0.3415473402 0.2137300968 -0.9482510686 -0.2348175943
-402.9 77.2 2515.9 -0.6406913400 0.2917234600 -0.7102197409 0.7617232203 0.1253685802 -0.6356574893 -0.0963969603 -0.9482510686 -0.3025350869
-214.4 179.3 2806.2 -0.0490826294 0.9286507368 -0.3676937521 -0.9879484177 -0.0992461070 -0.1187778115 -0.1467952728 0.3574325442 0.9223302603
-225.4 -43.0 2773.2 0.2858886421 0.9286507368 -0.2363799512 -0.4225121439 -0.0992461070 -0.9009071589 -0.8600878716 0.3574325442 0.3639928699
-529.7 -72.7 2593.2 -0.9682499170 -0.0429463312 0.2462674826 -0.0498368442 0.9985191226 -0.0218128245 -0.2449660152 -0.0333934613 -0.9689564109
-512.7 -469.3 2606.5 -0.9684283733 -0.0890125632 0.2328588217 -0.0478871278 0.9831086993 0.1766468287 -0.2446493208 0.1599188596 -0.9563329220
-442.9 -135.7 2741.8 -0.5841300488 0.0476307310 0.8102613091 -0.0715502575 0.9913685322 -0.1098587215 -0.8085002303 -0.1221461892 -0.5756801963
-461.8 -529.0 2790.3 -0.5826254487 -0.2378851473 0.7771474719 -0.0777233467 0.9681315422 0.2380764484 -0.8090158701 0.0783069059 -0.5825473070
-240.8 -115.5 2540.3 0 0 0 0 0 0 0 0 0
-154.6 -147.7 2560.1 0 0 0 0 0 0 0 0 0
-480.2 -827.9 2548.2 0 0 0 0 0 0 0 0 0
-392.5 -810.9 2767.5 0 0 0 0 0 0 0 0 0
-166.2 387.7 2697.2 9 0.3983051479 0.5591338873 -0.7271329165 -0.3450439572 0.8258361816 0.4460260570 0.8498809934 0.0732383281 0.5218605995
-278.4 222.0 2682.5 0.3983051479 0.5591338873 -0.7271329165 -0.3450439572 0.8258361816 0.4460260570 0.8498809934 0.0732383281 0.5218605995
-385.9 55.2 2672.5 0.4155169427 0.5411486626 -0.7310976982 -0.3189943135 0.8394165635 0.4400254786 0.8518146873 0.0503779575 0.5214151740
-339.0 268.6 2558.2 0.2817725539 0.3555951118 -0.8911545277 0.9303476810 0.1258797050 0.3443944454 0.2346432358 -0.9261243939 -0.2953576148
-396.4 79.0 2510.4 -0.6038046479 0.3555951118 -0.7134227753 0.7872980833 0.1258797050 -0.6035860181 -0.1248267815 -0.9261243939 -0.3559660912
-217.8 175.4 2806.8 -0.0114108669 0.8784541488 -0.4776903689 -0.9716066718 -0.1226462573 -0.2023323923 -0.2363266647 0.4618183672 0.8549113870
-220.5 -55.5 2750.7 0.3485672176 0.8784541488 -0.3268320858 -0.4965994060 -0.1226462573 -0.8592711687 -0.7949150205 0.4618183672 0.3934893608
-532.6 -77.1 2589.2 -0.9621223211 -0.0577843562 0.2664238214 -0.0651406795 0.9976980686 -0.0188495163 -0.2647213042 -0.0354905687 -0.9636716247
-509.7 -473.5 2603.3 -0.9644919038 -0.0826972350 0.2508316636 -0.0405264124 0.9848078489 0.1688522696 -0.2609845996 0.1526913345 -0.9531906247
-453.3 -136.5 2743.1 -0.5662788749 0.0137494402 0.8240990043 -0.0613127239 0.9963877797 -0.0587549210 -0.8219300508 -0.0837994292 -0.5633903146
-458.7 -531.6 2776.4 -0.5559424162 -0.2298702002 0.7988039255 -0.1078608558 0.9728258252 0.2048803717 -0.8241930008 0.0277420022 -0.5656291246
-244.9 -118.7 2541.8 0 0 0 0 0 0 0 0 0
-132.6 -180.7 2550.2 0 0 0 0 0 0 0 0 0
-479.9 -827.7 2548.4 0 0 0 0 0 0 0 0 0
-392.6 -811.1 2768.4 0 0 0 0 0 0 0 0 0
-168.2 384.0 2696.5 0 0.3610908985 0.5603396893 -0.7454078197 -0.3274821639 0.8246240020 0.4612491131 0.8731372952 0.0775549114 0.4812654853
-280.0 219.4 2681.0 0.3610908985 0.5603396893 -0.7454078197 -0.3274821639 0.8246240020 0.4612491131 0.8731372952 0.0775549114 0.4812654853
-387.0 52.3 2670.0 0.3789043128 0.5383774042 -0.7527159452 -0.3004797101 0.8408674002 0.4501710534 0.8752962351 0.0556041263 0.4803797603
-335.3 263.2 2553.4 0.1965238154 0.3719060123 -0.9072289467 0.9544309378 0.1393782943 0.2638849318 0.2245884091 -0.9177470207 -0.3275674284
-378.0 55.7 2504.5 -0.5828136802 0.3719060123 -0.7225054502 0.8045712709 0.1393782943 -0.5772683620 -0.1139879748 -0.9177470207 -0.3804564774
-224.8 175.5 2808.7 -0.0769488886 0.7759875059 -0.6260369420 -0.9764466286 -0.1855946928 -0.1100297496 -0.2015708536 0.6028249860 0.7719917297
-244.0 -68.1 2758.4 0.4785752296 0.7759875059 -0.4108638763 -0.4493100047 -0.1855946928 -0.8738850951 -0.7543780804 0.6028249860 0.2598379552
-531.4 -82.4 2584.5 -0.9507626891 -0.0457787551 0.3065201342 -0.0561007522 0.9981134534 -0.0249448903 -0.3047999442 -0.0409126803 -0.9515372515
-513.2 -479.0 2600.7 -0.9521211386 -0.0929903388 0.2912354767 -0.0426729806 0.9837164283 0.1745882034 -0.3027281463 0.1538012326 -0.9405853748
-455.3 -140.8 2740.5 -0.5305609703 0.0157258864 0.8475009203 -0.0683268234 0.9957809448 -0.0612519532 -0.8448884487 -0.0904049426 -0.5272479653
-461.6 -536.1 2776.4 -0.5228371620 -0.2451183349 0.8164302111 -0.1000086814 0.9687892199 0.2268163860 -0.8465456367 0.0369379260 -0.5310329795
-229.2 -149.7 2533.6 0 0 0 0 0 0 0 0 0
-122.7 -182.0 2567.2 0 0 0 0 0 0 0 0 0
-480.3 -827.2 2546.3 0 0 0 0 0 0 0 0 0
-391.5 -813.1 2765.8 0 0 0 0 0 0 0 0 0
-156.0 388.8 2696.1 1 0.3471306264 0.5861366391 -0.7320820689 -0.3292203248 0.8071051240 0.4900972545 0.8781311512 0.0708885267 0.4731389880
-273.2 227.4 2682.0 0.3471306264 0.5861366391 -0.7320820689 -0.3292203248 0.8071051240 0.4900972545 0.8781311512 0.0708885267 0.4731389880
-385.0 63.7 2671.0 0.3629444242 0.5630820394 -0.7424351573 -0.3067679107 0.8245545626 0.4753979445 0.8798663616 0.0552122518 0.4720029831
-326.1 272.2 2553.5 0.1605786234 0.3924338818 -0.9056545496 0.9611032605 0.1467286497 0.2339898050 0.2247110009 -0.9080013037 -0.3536079824
-365.9 34.0 2497.8 -0.6075149179 0.3924338818 -0.6905948520 0.7825601697 0.1467286497 -0.6050373912 -0.1361071169 -0.9080013037 -0.3962429762
-220.2 182.7 2810.4 -0.1516029537 0.6616106629 -0.7343622446 -0.9699925780 -0.2424533069 -0.0181871317 -0.1900813431 0.7095686793 0.6785140634
-256.8 -51.7 2764.5 0.5415139794 0.6616106629 -0.5186848640 -0.5000760555 -0.2424533069 -0.8313484788 -0.6757858992 0.7095686793 0.1995638162
-528.6 -87.3 2578.8 -0.9491645098 -0.0369616225 0.3126028776 -0.0481315814 0.9984459877 -0.0280886870 -0.3110788763 -0.0417068563 -0.9494684935
-513.9 -484.1 2595.4 -0.9493598938 -0.0935193524 0.2999497950 -0.0460933521 0.9858009219 0.1614679694 -0.3107911646 0.1394655257 -0.9401904941
-459.2 -142.3 2739.1 -0.5268537402 0.0225397944 0.8496570587 -0.0846652314 0.9932847619 -0.0788490251 -0.8457286358 -0.1134783104 -0.5214074850
-468.2 -536.8 2784.1 -0.5241144300 -0.2640094161 0.8096932173 -0.0947664529 0.9629120231 0.2526257634 -0.8463588953 0.0556730628 -0.5296953321
-210.0 -166.9 2532.8 0 0 0 0 0 0 0 0 0
-118.7 -179.3 2592.1 0 0 0 0 0 0 0 0 0
-481.2 -828.7 2546.6 0 0 0 0 0 0 0 0 0
-392.3 -813.6 2768.1 0 0 0 0 0 0 0 0 0
-159.2 383.5 2696.4 2 0.3228155077 0.5784328580 -0.7491365671 -0.3316120505 0.8104640245 0.4828886688 0.8864669204 0.0925387517 0.4534456730
-274.3 222.3 2678.0 0.3228155077 0.5784328580 -0.7491365671 -0.3316120505 0.8104640245 0.4828886688 0.8864669204 0.0925387517 0.4534456730
-385.9 58.6 2663.8 0.3389213681 0.5623522997 -0.7542494535 -0.3085391521 0.8237975836 0.4755640626 0.8887833953 0.0715366453 0.4527103007
-323.7 267.3 2548.3 0.1429563165 0.3536756933 -0.9243792295 0.9713444114 0.1290448904 0.1995932460 0.1898777038 -0.9264237285 -0.3250931203
-361.3 11.9 2498.4 -0.6468708515 0.3536756933 -0.6756268144 0.7491482496 0.1290448904 -0.6497108936 -0.1426007599 -0.9264237285 -0.3484309018
-224.8 177.2 2807.8 -0.2237197459 0.5268643498 -0.8199777007 -0.9581916332 -0.2728639841 0.0861048847 -0.1783767939 0.8049591184 0.5658820271
-274.0 -33.5 2768.5 0.6031047702 0.5268643498 -0.5988978148 -0.5473102331 -0.2728639841 -0.7911995649 -0.5802724957 0.8049591184 0.1237926707
-530.0 -72.0 2579.3 -0.9409338832 -0.0248019509 0.3376806974 -0.0338694714 0.9992058873 -0.0209863242 -0.3368920386 -0.0311838109 -0.9410267472
-520.2 -469.1 2591.7 -0.9385714531 -0.1068693250 0.3281197548 -0.0583565421 0.9862971306 0.1543129385 -0.3401148915 0.1256857961 -0.9319468737
-463.6 -128.2 2740.6 -0.5038524866 0.0192695074 0.8635747433 -0.0704908073 0.9954993725 -0.0633410737 -0.8609086275 -0.0927886441 -0.5002264977
-471.2 -523.6 2777.5 -0.4966507256 -0.2589560449 0.8284200430 -0.0981276333 0.9650884271 0.2428482175 -0.8623856306 0.0393198468 -0.5047226548
-192.8 -183.3 2535.5 0 0 0 0 0 0 0 0 0
-119.9 -173.4 2620.2 0 0 0 0 0 0 0 0 0
-481.3 -827.6 2546.1 0 0 0 0 0 0 0 0 0
-394.4 -809.9 2765.8 0 0 0 0 0 0 0 0 0
-151.3 379.0 2685.6 3 0.3671961725 0.5841109753 -0.7238655686 -0.3556881547 0.8072602153 0.4709744453 0.8594492078 0.0845303908 0.5041841865
-267.9 218.0 2668.7 0.3671961725 0.5841109753 -0.7238655686 -0.3556881547 0.8072602153 0.4709744453 0.8594492078 0.0845303908 0.5041841865
-380.3 54.7 2655.4 0.3824945092 0.5662579536 -0.7301026583 -0.3340279758 0.8214916587 0.4621436298 0.8614657521 0.0671073049 0.5033620596
-323.6 266.7 2543.2 0.1154788136 0.3892231286 -0.9138763547 0.9798025489 0.1065753847 0.1692001671 0.1632533371 -0.9149574041 -0.3690546155
-354.8 2.0 2499.0 -0.6828293204 0.3892231286 -0.6182633042 0.7000656128 0.1065753847 -0.7060806155 -0.2089312524 -0.9149574041 -0.3452545106
-212.1 169.2 2794.3 -0.2628803253 0.4906193316 -0.8307747245 -0.9547754526 -0.2562586665 0.1507824361 -0.1389164478 0.8328410387 0.5357966423
-268.8 -36.6 2764.4 0.6166034341 0.4906193316 -0.6157051921 -0.5732463598 -0.2562586665 -0.7782801986 -0.5396190882 0.8328410387 0.1232357770
-528.7 -76.8 2568.1 -0.9557432532 -0.0358484462 0.2920098305 -0.0532146543 0.9972415566 -0.0517447814 -0.2893493772 -0.0649939254 -0.9550145268
-514.4 -472.8 2593.9 -0.9561465979 -0.0914996043 0.2782291472 -0.0489618368 0.9865158796 0.1561702490 -0.2887670100 0.1356990486 -0.9477338195
-466.6 -133.3 2731.0 -0.5463736057 -0.0110791791 0.8374683261 -0.0746607259 0.9965760112 -0.0355254114 -0.8342072368 -0.0819361359 -0.5453299880
-462.2 -529.1 2763.6 -0.5327619910 -0.2290039808 0.8146912456 -0.1374749392 0.9733228683 0.1836933643 -0.8350241184 -0.0141347861 -0.5500317216
-176.2 -181.2 2553.7 0 0 0 0 0 0 0 0 0
-110.1 -184.1 2625.5 0 0 0 0 0 0 0 0 0
-481.6 -827.0 2545.2 0 0 0 0 0 0 0 0 0
-396.2 -809.3 2767.6 0 0 0 0 0 0 0 0 0
-149.9 374.7 2680.2 4 0.3577672541 0.5966755152 -0.7183181643 -0.3555876911 0.7983294129 0.4860324860 0.8634581566 0.0815385729 0.4977865517
-267.9 216.8 2664.1 0.3577672541 0.5966755152 -0.7183181643 -0.3555876911 0.7983294129 0.4860324860 0.8634581566 0.0815385729 0.4977865517
-382.6 55.1 2650.6 0.3719581962 0.5774570107 -0.7267671824 -0.3361053765 0.8136008978 0.4744330645 0.8652631044 0.0678010732 0.4967119098
-322.2 265.8 2537.8 0.1225605384 0.3966397345 -0.9097559452 0.9810649753 0.0900958925 0.1714475900 0.1499681920 -0.9135423899 -0.3780871332
-355.3 0.8 2497.3 -0.6355592012 0.3966397345 -0.6623755693 0.7450308204 0.0900958925 -0.6609174013 -0.2024687827 -0.9135423899 -0.3527700901
-213.6 167.7 2790.3 -0.2932895720 0.4772062600 -0.8284053802 -0.9495807290 -0.2458411455 0.1945728362 -0.1108047515 0.8437039256 0.5252484679
-275.9 -33.8 2766.8 0.6426694989 0.4772062600 -0.5993747711 -0.5571840405 -0.2458411455 -0.7931633592 -0.5258535147 0.8437039256 0.1078971028
-527.8 -77.9 2563.3 -0.9544479251 -0.0233694911 0.2974609137 -0.0412962213 0.9976798892 -0.0541241653 -0.2955059409 -0.0639427081 -0.9531986117
-518.5 -474.3 2588.7 -0.9523922205 -0.1021078154 0.2872682214 -0.0635355711 0.9880330563 0.1405484974 -0.2981816232 0.1156055480 -0.9474825263
-457.8 -139.1 2721.0 -0.5420683026 0.0220047310 0.8400462866 -0.0888339728 0.9925552011 -0.0833227783 -0.8356258273 -0.1197912842 -0.5360779166
-466.5 -532.9 2768.5 -0.5303339362 -0.2415130883 0.8126606345 -0.1389929950 0.9703635573 0.1976751387 -0.8363174200 -0.0081202965 -0.5481853485
-188.3 -194.9 2550.5 0 0 0 0 0 0 0 0 0
-109.8 -177.9 2630.9 0 0 0 0 0 0 0 0 0
-482.1 -826.9 2547.4 0 0 0 0 0 0 0 0 0
-396.0 -816.1 2770.9 0 0 0 0 0 0 0 0 0
-161.0 370.1 2678.5 5 0.3378626704 0.5665414333 -0.7515847087 -0.3375167251 0.8183615804 0.4651524425 0.8785961866 0.0965147689 0.4677110314
-274.1 206.7 2659.2 0.3378626704 0.5665414333 -0.7515847087 -0.3375167251 0.8183615804 0.4651524425 0.8785961866 0.0965147689 0.4677110314
-386.7 43.8 2643.9 0.3477823734 0.5668745637 -0.7467935681 -0.3231760859 0.8201821446 0.4720788598 0.8801162839 0.0771651193 0.4684452116
-324.8 253.9 2530.8 0.1109802946 0.3898926079 -0.9141483307 0.9857202768 0.0740315765 0.1512444764 0.1266449541 -0.9178796411 -0.3761090040
-353.8 -3.0 2497.8 -0.6076222658 0.3898926079 -0.6919385791 0.7696550488 0.0740315765 -0.6341533661 -0.1960263997 -0.9178796411 -0.3450660408
-223.4 159.5 2787.7 -0.3194152117 0.4644266367 -0.8260034919 -0.9435074925 -0.2369367629 0.2316344827 -0.0881333724 0.8533281088 0.5138712525
-285.7 -24.5 2770.5 0.6490291357 0.4644266367 -0.6025521159 -0.5645176768 -0.2369367629 -0.7906837463 -0.5099813342 0.8533281088 0.1083981767
-531.4 -75.8 2557.8 -0.9442373514 -0.0292317402 0.3279654384 -0.0523050614 0.9967200756 -0.0617520213 -0.3250846267 -0.0754628181 -0.9426692724
-519.8 -471.8 2587.8 -0.9433667660 -0.1034656465 0.3152047396 -0.0609668829 0.9880093336 0.1418471485 -0.3261015415 0.1145968288 -0.9383631349
-463.2 -137.4 2716.4 -0.5144972205 0.0064494638 0.8574677706 -0.1036307737 0.9921746254 -0.0696431324 -0.8512069583 -0.1246912479 -0.5098027587
-465.8 -531.3 2765.9 -0.5094826221 -0.2395753115 0.8264569640 -0.1244547740 0.9708766937 0.2047179192 -0.8514332175 0.0014436948 -0.5244610906
-193.6 -205.9 2549.4 0 0 0 0 0 0 0 0 0
-117.5 -170.8 2638.3 0 0 0 0 0 0 0 0 0
-482.7 -826.2 2546.7 0 0 0 0 0 0 0 0 0
-395.3 -817.1 2765.5 0 0 0 0 0 0 0 0 0
-165.5 366.9 2676.6 6 0.3533899486 0.5633015037 -0.7468647361 -0.3592054248 0.8188857436 0.4476579726 0.8637632728 0.1100800410 0.4917269349
-278.1 203.2 2654.6 0.3533899486 0.5633015037 -0.7468647361 -0.3592054248 0.8188857436 0.4476579726 0.8637632728 0.1100800410 0.4917269349
-388.8 39.1 2636.9 0.3662858307 0.5568396449 -0.7454960346 -0.3402701318 0.8258421421 0.4496676922 0.8660548329 0.0889631212 0.4919701517
-331.6 252.8 2528.2 0.0785294995 0.4239925146 -0.9022546411 0.9896695614 0.0757376254 0.1217288747 0.1199467629 -0.9024932981 -0.4136648774
-353.0 -16.1 2495.6 -0.6074674129 0.4239925146 -0.6717244387 0.7628758550 0.0757376254 -0.6420936584 -0.2213681042 -0.9024932981 -0.3694618046
-224.7 153.5 2781.0 -0.2283385843 0.4771516919 -0.8486387730 -0.9666425586 -0.2149976194 0.1392056495 -0.1160330996 0.8521163464 0.5103273988
-270.1 -38.9 2757.9 0.6530405879 0.4771516919 -0.5881022215 -0.5621178746 -0.2149976194 -0.7986235023 -0.5075051188 0.8521163464 0.1278133243
-531.1 -89.6 2548.0 -0.9488490224 -0.0286695845 0.3144258857 -0.0492990240 0.9971070886 -0.0578536503 -0.3118576407 -0.0703952685 -0.9475174546
-519.7 -485.8 2576.0 -0.9463174343 -0.1069784239 0.3050228357 -0.0759342164 0.9908119440 0.1119182631 -0.3141931295 0.0827485323 -0.9457459450
-467.4 -148.8 2709.3 -0.5264369845 -0.0089941351 0.8501665592 -0.1177042499 0.9910863042 -0.0623994246 -0.8420271873 -0.1329175830 -0.5228031278
-463.9 -542.5 2762.1 -0.5224096775 -0.2489063740 0.8155573606 -0.1336687207 0.9685273170 0.2099702656 -0.8421524763 0.0006759934 -0.5392390490
-192.5 -217.6 2554.1 0 0 0 0 0 0 0 0 0
-100.7 -184.8 2626.2 0 0 0 0 0 0 0 0 0
-482.9 -827.1 2547.5 0 0 0 0 0 0 0 0 0
-394.1 -814.0 2761.9 0 0 0 0 0 0 0 0 0
-170.6 366.2 2678.2 7 0.3549109995 0.5573413968 -0.7506055832 -0.3746028244 0.8203813434 0.4320268631 0.8565692902 0.1278478950 0.4999440014
-281.9 202.3 2652.6 0.3549109995 0.5573413968 -0.7506055832 -0.3746028244 0.8203813434 0.4320268631 0.8565692902 0.1278478950 0.4999440014
-391.1 37.6 2631.6 0.3687833846 0.5490872264 -0.7500013709 -0.3539223969 0.8290432096 0.4329276383 0.8594985604 0.1057857648 0.5000715852
-335.8 254.0 2527.2 0.0590481907 0.4406012893 -0.8957588077 0.9902850389 0.0873097107 0.1082247943 0.1258924305 -0.8934469819 -0.4311653674
-352.1 -18.9 2492.5 -0.5946238637 0.4406012893 -0.6725273132 0.7739977241 0.0873097107 -0.6271399260 -0.2176004946 -0.8934469819 -0.3929408491
-228.1 150.6 2778.1 -0.0866352394 0.5254644752 -0.8463931680 -0.9796367288 -0.1993961483 -0.0235168841 -0.1811248213 0.8271204829 0.5320390463
-246.8 -60.6 2739.1 0.6416651607 0.5254644752 -0.5587064028 -0.5455086231 -0.1993961483 -0.8140402436 -0.5391531587 0.8271204829 0.1586998552
-533.0 -93.8 2539.9 -0.9481900334 -0.0187492035 0.3171499670 -0.0493981428 0.9948170781 -0.0888753086 -0.3138398528 -0.0999373049 -0.9442018270
-525.5 -489.0 2579.6 -0.9440709949 -0.1239886507 0.3055434823 -0.0880072564 0.9877448678 0.1288983822 -0.3177809417 0.0947991759 -0.9434131384
-465.9 -156.1 2698.6 -0.5244023204 -0.0137706026 0.8513592482 -0.1242089123 0.9904106855 -0.0604878440 -0.8423623443 -0.1374663711 -0.5210840702
-460.4 -549.6 2753.2 -0.5162571669 -0.2473966032 0.8199228048 -0.1573640853 0.9684706330 0.1931352466 -0.8418521881 -0.0293189455 -0.5389112234
-194.8 -223.6 2550.0 0 0 0 0 0 0 0 0 0
-80.3 -202.1 2599.2 0 0 0 0 0 0 0 0 0
-483.2 -826.2 2547.2 0 0 0 0 0 0 0 0 0
-393.6 -811.2 2761.1 0 0 0 0 0 0 0 0 0
-175.9 368.2 2687.0 8 0.3470272124 0.5504224896 -0.7593465447 -0.3813636899 0.8225195408 0.4219281375 0.8568161130 0.1431666613 0.4953478277
-285.6 204.2 2658.4 0.3470272124 0.5504224896 -0.7593465447 -0.3813636899 0.8225195408 0.4219281375 0.8568161130 0.1431666613 0.4953478277
-394.2 39.7 2633.6 0.3575156331 0.5466482043 -0.7572042942 -0.3655840456 0.8280065656 0.4251511395 0.8593782187 0.1248236224 0.4958711267
-337.8 257.6 2533.0 0.0573387519 0.4336992502 -0.8992314935 0.9874757528 0.1079700440 0.1150395200 0.1469826102 -0.8945655227 -0.4220766127
-353.9 -18.7 2491.8 -0.6108819246 0.4336992502 -0.6623656154 0.7650340199 0.1079700440 -0.6348743439 -0.2038288713 -0.8945655227 -0.3977516294
-233.4 150.8 2783.9 0.0127183069 0.5145806074 -0.8573476672 -0.9712011218 -0.1976573020 -0.1330413073 -0.2379215062 0.8343490958 0.4972473979
-230.5 -71.2 2729.5 0.6584876180 0.5145806074 -0.5491819978 -0.5321418643 -0.1976573020 -0.8232597709 -0.5321833491 0.8343490958 0.1436750144
-534.0 -94.6 2531.8 -0.9435054064 -0.0230049882 0.3305575252 -0.0597544499 0.9930449128 -0.1014457643 -0.3259246945 -0.1154669151 -0.9383178949
-524.8 -489.1 2577.7 -0.9397367239 -0.1298992932 0.3162610233 -0.0923160389 0.9870599508 0.1311120242 -0.3291999698 0.0940148160 -0.9395682812
-466.3 -159.5 2689.4 -0.5124397278 -0.0135777565 0.8586158156 -0.1397748590 0.9878594279 -0.0677989796 -0.8472712040 -0.1547558010 -0.5081162453
-460.9 -552.0 2750.9 -0.5045502782 -0.2435438186 0.8283208609 -0.1723759025 0.9684903026 0.1797582656 -0.8459997177 -0.0520854630 -0.5306331515
-192.2 -221.2 2545.8 0 0 0 0 0 0 0 0 0
-59.5 -209.4 2591.4 0 0 0 0 0 0 0 0 0
-480.2 -828.6 2545.3 0 0 0 0 0 0 0 0 0
-395.8 -810.8 2764.8 0 0 0 0 0 0 0 0 0
-175.9 368.9 2680.9 9 0.3686459363 0.5565276146 -0.7445650697 -0.3927209973 0.8192287683 0.4178928733 0.8425380588 0.1383518428 0.5205654502
-287.2 205.1 2653.2 0.3686459363 0.5565276146 -0.7445650697 -0.3927209973 0.8192287683 0.4178928733 0.8425380588 0.1383518428 0.5205654502
-395.2 40.1 2628.4 0.3798722327 0.5435000062 -0.7485351562 -0.3758891821 0.8300676942 0.4119404852 0.8452244997 0.1248815283 0.5196154118
-342.7 259.9 2529.8 0.0090126740 0.4465730786 -0.8947017789 0.9884051085 0.1316445619 0.0756644234 0.1515723169 -0.8850097060 -0.4402086437
-345.3 -31.1 2485.2 -0.6416080594 0.4465730786 -0.6236277223 0.7365180254 0.1316445619 -0.6634839177 -0.2141968608 -0.8850097060 -0.4133733511
-231.7 150.2 2776.6 0.0279656164 0.5293062925 -0.8479697704 -0.9758833051 -0.1692673862 -0.1378415525 -0.2164940387 0.8313744068 0.5118075013
-225.3 -74.8 2726.7 0.6692494154 0.5293062925 -0.5214787126 -0.5189844966 -0.1692673862 -0.8378565907 -0.5317521095 0.8313744068 0.1614196748
-535.6 -91.3 2530.0 -0.9501696825 -0.0293806978 0.3103455305 -0.0672967806 0.9914062619 -0.1121818945 -0.3043825030 -0.1274770945 -0.9439814091
-523.9 -485.2 2580.7 -0.9477128983 -0.1251196265 0.2935733795 -0.0884005874 0.9868638515 0.1352222562 -0.3066359162 0.1021998152 -0.9463242888
-470.0 -158.3 2687.6 -0.5304985046 -0.0199573413 0.8474509120 -0.1480935067 0.9865301847 -0.0694728941 -0.8346493840 -0.1623572409 -0.5263083577
-462.1 -550.3 2752.1 -0.5223807096 -0.2481086552 0.8158189058 -0.1810156107 0.9671941400 0.1782383025 -0.8332777023 -0.0545677058 -0.5501551032
-173.7 -228.1 2542.5 0 0 0 0 0 0 0 0 0
-51.5 -209.5 2588.6 0 0 0 0 0 0 0 0 0
-480.3 -828.8 2545.1 0 0 0 0 0 0 0 0 0
-394.3 -814.5 2767.0 0 0 0 0 0 0 0 0 0
-174.0 372.3 2679.8 0 0.3581188619 0.5572648048 -0.7491373420 -0.3916245699 0.8180140257 0.4212876260 0.8475736380 0.1425095499 0.5111848116
-285.7 208.4 2651.3 0.3581188619 0.5572648048 -0.7491373420 -0.3916245699 0.8180140257 0.4212876260 0.8475736380 0.1425095499 0.5111848116
-393.8 43.5 2626.5 0.3716439307 0.5438913703 -0.7523715496 -0.3713845015 0.8298462629 0.4164477289 0.8508550525 0.1246488765 0.5104001760
-340.0 262.6 2527.0 -0.0039688959 0.4246959388 -0.9053273797 0.9899495840 0.1296524554 0.0564810783 0.1413652003 -0.8960042596 -0.4209421277
-338.8 -40.6 2483.7 -0.6709468961 0.4246959388 -0.6078351736 0.7095454931 0.1296524554 -0.6926293373 -0.2153495550 -0.8960042596 -0.3883309960
-231.4 154.1 2775.5 0.0476784110 0.5089136958 -0.8594961762 -0.9755784273 -0.1609826982 -0.1494367570 -0.2144144177 0.8456308246 0.4888097942
-220.1 -76.3 2724.9 0.6785303354 0.5089136958 -0.5297201872 -0.5294933319 -0.1609826982 -0.8328993917 -0.5091496706 0.8456308246 0.1602347642
-538.0 -90.3 2526.1 -0.9471611977 -0.0339312889 0.3189582229 -0.0800567865 0.9879265428 -0.1326351315 -0.3106068075 -0.1511616111 -0.9384421110
-524.5 -482.8 2586.1 -0.9464720488 -0.1271561831 0.2966849506 -0.0855091214 0.9850718379 0.1494042277 -0.3112536669 0.1160376519 -0.9432160258
-468.4 -159.2 2681.0 -0.5231158733 -0.0169678014 0.8520926237 -0.1642419100 0.9830677509 -0.0812553167 -0.8362860680 -0.1824552715 -0.5170451999
-461.6 -549.8 2753.5 -0.5233542323 -0.2499637455 0.8146278262 -0.1633201987 0.9677077532 0.1920110434 -0.8363174200 -0.0325553827 -0.5472780466
-156.8 -233.0 2542.1 0 0 0 0 0 0 0 0 0
-43.9 -213.8 2592.6 0 0 0 0 0 0 0 0 0
-479.9 -828.6 2545.4 0 0 0 0 0 0 0 0 0
-394.3 -810.6 2762.3 0 0 0 0 0 0 0 0 0
-174.7 375.5 2677.8 1 0.3561722636 0.5472036004 -0.7574361563 -0.3898533881 0.8236964345 0.4117504954 0.8492088318 0.1486349255 0.5067070127
-284.5 210.3 2648.0 0.3561722636 0.5472036004 -0.7574361563 -0.3898533881 0.8236964345 0.4117504954 0.8492088318 0.1486349255 0.5067070127
-390.9 44.5 2622.2 0.3694069088 0.5352458358 -0.7596383691 -0.3695775270 0.8346502185 0.4083766341 0.8526142240 0.1298881173 0.5061403513
-338.5 264.3 2523.4 -0.0022132855 0.3291455209 -0.9442766309 0.9941058755 0.1030760184 0.0335990191 0.1083912402 -0.9386365414 -0.3274336159
-337.8 -44.6 2489.8 -0.6975737214 0.3291455209 -0.6364386678 0.6965086460 0.1030760184 -0.7101063132 -0.1681267470 -0.9386365414 -0.3011558354
-230.5 156.3 2772.5 0.0533466563 0.5277504921 -0.8477225900 -0.9846582413 -0.1134411469 -0.1325868219 -0.1661393791 0.8417900801 0.5136021376
-217.9 -76.6 2733.2 0.7041237950 0.5277504921 -0.4750674963 -0.4958591759 -0.1134411469 -0.8609615564 -0.5082650781 0.8417900801 0.1818133146
-535.9 -87.4 2523.7 -0.9445692897 -0.0296794586 0.3269678056 -0.0800836310 0.9866518378 -0.1417914778 -0.3183950782 -0.1601166427 -0.9343378544
-524.1 -479.4 2587.3 -0.9444990754 -0.1248962581 0.3038461208 -0.0806387514 0.9847558737 0.1541210860 -0.3184633851 0.1210654527 -0.9401724339
-467.8 -155.5 2679.7 -0.5160038471 -0.0084431749 0.8565446138 -0.1641543508 0.9823927283 -0.0892069787 -0.8407100439 -0.1866366714 -0.5083044171
-464.4 -545.8 2753.9 -0.5158911943 -0.2649166286 0.8146627545 -0.1645643860 0.9639174938 0.2092404962 -0.8406990170 -0.0261191390 -0.5408724546
-146.5 -235.6 2535.9 0 0 0 0 0 0 0 0 0
-35.2 -205.3 2601.3 0 0 0 0 0 0 0 0 0
-479.8 -829.0 2544.3 0 0 0 0 0 0 0 0 0
-391.6 -810.8 2761.1 0 0 0 0 0 0 0 0 0
-179.0 375.4 2668.8 2 0.3921788037 0.5278809071 -0.7533508539 -0.3786592484 0.8389963508 0.3907714486 0.8383393884 0.1320109963 0.5289235711
-285.2 206.5 2642.2 0.3921788037 0.5278809071 -0.7533508539 -0.3786592484 0.8389963508 0.3907714486 0.8383393884 0.1320109963 0.5289235711
-388.0 38.1 2618.9 0.4025535583 0.5176556110 -0.7549723983 -0.3619237840 0.8475530744 0.3881558180 0.8408102393 0.1169889495 0.5285373926
-344.0 259.3 2519.5 -0.0099787833 0.3891306221 -0.9211285114 0.9926136136 0.1152373627 0.0379288085 0.1209076792 -0.9139462113 -0.3874062896
-341.1 -33.7 2483.8 -0.6762592196 0.3891306221 -0.6255005002 0.7094213367 0.1152373627 -0.6952997446 -0.1984813958 -0.9139462113 -0.3539879024
-226.5 153.7 2765.0 0.0413097963 0.5337463617 -0.8446350098 -0.9930589199 -0.0712411031 -0.0935880467 -0.1101250127 0.8426384330 0.5270986557
-217.1 -71.9 2740.0 0.7001976371 0.5337463617 -0.4741709232 -0.5214964747 -0.0712411031 -0.8502741456 -0.4876112044 0.8426384330 0.2284640074
-531.1 -87.5 2518.2 -0.9515885711 -0.0433187038 0.3043068647 -0.0900716856 0.9858576655 -0.1413215399 -0.2938813865 -0.1618893892 -0.9420326948
-513.9 -479.2 2582.5 -0.9549716115 -0.0945603326 0.2812250555 -0.0594798923 0.9896259308 0.1307769269 -0.2906739116 0.1081610173 -0.9506891370
-463.3 -155.3 2674.5 -0.5357340574 -0.0021710650 0.8443840146 -0.1567461640 0.9828715920 -0.0969231725 -0.8297106028 -0.1842789948 -0.5268980861
-462.5 -545.9 2747.8 -0.5302664042 -0.2512541413 0.8097462058 -0.1783352643 0.9667664170 0.1831918061 -0.8288630843 -0.0472658277 -0.5574512482
-154.4 -229.5 2538.5 0 0 0 0 0 0 0 0 0
-35.3 -207.2 2613.4 0 0 0 0 0 0 0 0 0
-480.5 -828.6 2544.3 0 0 0 0 0 0 0 0 0
-394.0 -809.3 2760.6 0 0 0 0 0 0 0 0 0
-180.3 380.7 2663.3 3 0.4491734803 0.5308508873 -0.7186379433 -0.4041581154 0.8380703926 0.3664617240 0.7968057394 0.1258384734 0.5909866691
-286.4 213.2 2638.1 0.4491734803 0.5308508873 -0.7186379433 -0.4041581154 0.8380703926 0.3664617240 0.7968057394 0.1258384734 0.5909866691
-390.1 45.2 2615.3 0.4572801888 0.5220366120 -0.7199809551 -0.3911983371 0.8451263905 0.3643147349 0.7986605763 0.1150614470 0.5906794071
-353.0 270.2 2521.8 -0.0412382521 0.4492667019 -0.8924454451 0.9892565608 0.1437402368 0.0266486760 0.1402526796 -0.8817585707 -0.4503676593
-340.4 -30.6 2479.2 -0.6870905161 0.4492667019 -0.5710219145 0.6864220500 0.1437402368 -0.7128558755 -0.2381836027 -0.8817585707 -0.4071491361
-219.8 156.2 2754.4 0.0504121147 0.6029089093 -0.7962157130 -0.9976434708 -0.0067520370 -0.0682782009 -0.0465416163 0.7977814674 0.6011477709
-208.1 -74.6 2743.7 0.6916871071 0.6029089093 -0.3975799680 -0.4938974977 -0.0067520370 -0.8694939017 -0.5269101262 0.7977814674 0.2931048870
-527.7 -97.1 2518.5 -0.9688710570 -0.0394633450 0.2444002926 -0.0750875473 0.9875527620 -0.1382077634 -0.2359040529 -0.1522569209 -0.9597744942
-512.0 -489.5 2579.0 -0.9697977304 -0.0912981033 0.2261790782 -0.0655250251 0.9907346368 0.1189595908 -0.2349442244 0.1005463526 -0.9667944908
-453.9 -163.4 2672.7 -0.5881546736 0.0167216379 0.8085755706 -0.1404951960 0.9824721813 -0.1225135252 -0.7964516282 -0.1856578737 -0.5754962564
-460.6 -553.8 2746.4 -0.5743802190 -0.2516433001 0.7789499760 -0.1975142360 0.9660655856 0.1664493084 -0.7944025993 -0.0582485236 -0.6045920849
-150.3 -220.6 2545.1 0 0 0 0 0 0 0 0 0
-28.7 -202.7 2607.0 0 0 0 0 0 0 0 0 0
-480.9 -827.0 2544.8 0 0 0 0 0 0 0 0 0
-393.2 -812.7 2762.1 0 0 0 0 0 0 0 0 0
-183.0 387.4 2669.0 4 0.4171124995 0.5227060914 -0.7435021996 -0.3924747705 0.8414496779 0.3713839054 0.8197442889 0.1368969828 0.5561281443
-288.0 218.3 2641.5 0.4171124995 0.5227060914 -0.7435021996 -0.3924747705 0.8414496779 0.3713839054 0.8197442889 0.1368969828 0.5561281443
-391.2 50.4 2616.6 0.4233404100 0.5199540257 -0.7419101596 -0.3824018240 0.8449400067 0.3739587963 0.8213109970 0.1253959388 0.5565286279
-349.6 274.1 2521.8 -0.0100233369 0.4436935782 -0.8961225152 0.9862878323 0.1520196199 0.0642370209 0.1647297591 -0.8831908107 -0.4391333163
-346.7 -15.0 2473.5 -0.6916821003 0.4436935782 -0.5698350072 0.6847247481 0.1520196199 -0.7127707005 -0.2296256870 -0.8831908107 -0.4089572132
-226.3 162.6 2761.2 0.0884341300 0.6590636373 -0.7468698025 -0.9954006672 0.0307435710 -0.0907325745 -0.0368371010 0.7514585257 0.6587511897
-205.5 -71.7 2752.5 0.6599571109 0.6590636373 -0.3606822491 -0.5028149486 0.0307435710 -0.8638471961 -0.5582416058 0.7514585257 0.3516764939
-535.6 -86.9 2519.4 -0.9582315087 -0.0464123338 0.2822026014 -0.0907863975 0.9850715399 -0.1462598741 -0.2712014616 -0.1657709628 -0.9481401443
-517.1 -478.3 2585.3 -0.9609535336 -0.1012833491 0.2575072646 -0.0669774562 0.9880688787 0.1386862099 -0.2684815228 0.1160238236 -0.9562720060
-452.0 -158.5 2665.4 -0.5567059517 0.0332797877 0.8300427198 -0.1691295207 0.9737281799 -0.1524751186 -0.8133103251 -0.2252685279 -0.5364516377
-465.2 -545.0 2754.9 -0.5563495755 -0.2605563700 0.7890409231 -0.1704517007 0.9651592374 0.1985291988 -0.8132781982 -0.0240417309 -0.5813782215
-154.8 -205.0 2537.3 0 0 0 0 0 0 0 0 0
-33.2 -203.0 2606.8 0 0 0 0 0 0 0 0 0
-481.6 -825.3 2544.5 0 0 0 0 0 0 0 0 0
-392.7 -813.6 2761.5 0 0 0 0 0 0 0 0 0
-191.0 389.2 2663.4 5 0.3962443471 0.5065116286 -0.7657913566 -0.3559549749 0.8535786867 0.3803938925 0.8463370800 0.1218582988 0.5185210705
-293.2 217.0 2638.8 0.3962443471 0.5065116286 -0.7657913566 -0.3559549749 0.8535786867 0.3803938925 0.8463370800 0.1218582988 0.5185210705
-393.7 46.9 2617.8 0.4034856260 0.5056611896 -0.7625654936 -0.3437232673 0.8561422229 0.3858429492 0.8479703069 0.1064294204 0.5192486048
-351.9 267.1 2515.2 0.0137133822 0.4267600775 -0.9042608738 0.9850460887 0.1495649666 0.0855247304 0.1717442870 -0.8919115067 -0.4183273315
-355.8 -9.2 2467.1 -0.7069768310 0.4267600775 -0.5639677048 0.6701927781 0.1495649666 -0.7269607782 -0.2258880287 -0.8919115067 -0.3917504847
-234.4 166.9 2762.4 0.0889432952 0.6882757545 -0.7199760675 -0.9960258603 0.0648338050 -0.0610663146 0.0046483274 0.7225462198 0.6913069487
-213.5 -66.7 2763.5 0.6520055532 0.6882757545 -0.3180648386 -0.4919683039 0.0648338050 -0.8681957126 -0.5769367218 0.7225462198 0.3808818460
-533.2 -82.5 2516.6 -0.9494117498 -0.0515752397 0.3097696900 -0.0992722362 0.9851283431 -0.1402396560 -0.2979300320 -0.1638967097 -0.9404124618
-512.7 -474.0 2581.7 -0.9544684887 -0.0898004845 0.2844746113 -0.0544138551 0.9900258780 0.1299535632 -0.2933070958 0.1085572243 -0.9498348832
-455.8 -152.5 2666.9 -0.5296269655 0.0260430910 0.8478307724 -0.1851840019 0.9718675613 -0.1455347836 -0.8277693987 -0.2340838313 -0.5099045038
-466.1 -538.5 2759.8 -0.5379798412 -0.2575498819 0.8026492000 -0.1549205929 0.9661717415 0.2061837912 -0.8285995722 -0.0134241609 -0.5596807599
-161.8 -193.1 2529.0 0 0 0 0 0 0 0 0 0
-42.7 -195.6 2612.3 0 0 0 0 0 0 0 0 0
-480.7 -827.3 2543.0 0 0 0 0 0 0 0 0 0
-393.5 -810.8 2763.6 0 0 0 0 0 0 0 0 0
-197.4 392.9 2669.1 6 0.3764537573 0.4960893393 -0.7824180126 -0.3431798816 0.8591387868 0.3796157837 0.8605290055 0.1256023347 0.4936739206
-297.0 220.6 2643.9 0.3764537573 0.4960893393 -0.7824180126 -0.3431798816 0.8591387868 0.3796157837 0.8605290055 0.1256023347 0.4936739206
-395.9 49.5 2623.1 0.3853414655 0.4976468980 -0.7770839930 -0.3277953267 0.8610149622 0.3888489604 0.8625903726 0.1048848629 0.4949110746
-353.1 268.4 2518.1 -0.0062932745 0.3980833888 -0.9173276424 0.9865081906 0.1525441110 0.0594301373 0.1635910720 -0.9045771956 -0.3936725259
-351.3 -18.3 2470.5 -0.7535748482 0.3980833888 -0.5231200457 0.6166906953 0.1525441110 -0.7722842097 -0.2276346385 -0.9045771956 -0.3604477346
-240.8 172.7 2769.7 0.0516222194 0.7045118213 -0.7078123093 -0.9977645874 0.0665019751 -0.0065771653 0.0424372219 0.7065696120 0.7063699365
-228.7 -61.3 2779.6 0.6489529014 0.7045118213 -0.2872685492 -0.4633644819 0.0665019751 -0.8836689591 -0.6034513116 0.7065696120 0.3696024120
-531.0 -91.6 2519.1 -0.9423180223 -0.0496086515 0.3310221732 -0.0931033716 0.9887754917 -0.1168536991 -0.3215096593 -0.1409326345 -0.9363597035
-511.3 -484.5 2575.1 -0.9466186166 -0.0868072882 0.3104476333 -0.0529125892 0.9918392301 0.1159964874 -0.3179835081 0.0933778435 -0.9434866309
-457.3 -154.6 2674.3 -0.5083082318 0.0073525608 0.8611438274 -0.1824363768 0.9763481021 -0.1160230935 -0.8416292071 -0.2160794586 -0.4949443638
-460.2 -542.3 2760.1 -0.5206313133 -0.2416595370 0.8188673258 -0.1355708241 0.9703372717 0.2001653165 -0.8429493308 -0.0068021757 -0.5379499793
-145.0 -187.1 2532.9 0 0 0 0 0 0 0 0 0
-58.3 -182.9 2621.3 0 0 0 0 0 0 0 0 0
-481.4 -826.8 2542.9 0 0 0 0 0 0 0 0 0
-393.4 -810.7 2762.0 0 0 0 0 0 0 0 0 0
-193.3 398.7 2663.4 7 0.4191085100 0.5099817514 -0.7511768341 -0.3489717841 0.8542742133 0.3852717280 0.8381925225 0.1006688699 0.5360028148
-294.7 228.8 2643.4 0.4191085100 0.5099817514 -0.7511768341 -0.3489717841 0.8542742133 0.3852717280 0.8381925225 0.1006688699 0.5360028148
-392.7 56.8 2626.9 0.4318737090 0.4938023984 -0.7547478676 -0.3271001279 0.8655912876 0.3791532815 0.8405299783 0.0831317976 0.5353489518
-357.6 276.5 2520.9 -0.0307365078 0.4225605130 -0.9058133960 0.9851701260 0.1658579558 0.0439431965 0.1688050181 -0.8910295963 -0.4213918746
-348.6 -11.5 2471.5 -0.7617107034 0.4225605130 -0.4911612868 0.5977578759 0.1658579558 -0.7843319774 -0.2499647141 -0.8910295963 -0.3789246380
-231.7 181.1 2765.9 -0.0696034431 0.6604859233 -0.7476053238 -0.9938170314 0.0190759767 0.1093792394 0.0865047500 0.7505960464 0.6550744176
-247.8 -48.0 2785.9 0.6745113134 0.6604859233 -0.3298375010 -0.4542250931 0.0190759767 -0.8906826973 -0.5819914341 0.7505960464 0.3128762543
-530.0 -91.5 2523.4 -0.9572520852 -0.0554903336 0.2838825881 -0.0886352733 0.9904859066 -0.1052685305 -0.2753403187 -0.1259305179 -0.9530630708
-508.0 -485.1 2573.4 -0.9609074593 -0.0775495544 0.2657873631 -0.0508098006 0.9930613041 0.1060545146 -0.2721676230 0.0884039700 -0.9581803083
-459.5 -151.6 2681.3 -0.5486066341 0.0054155490 0.8360630274 -0.1755911559 0.9769309163 -0.1215471625 -0.8174340725 -0.2134868503 -0.5349999070
-461.6 -539.7 2766.1 -0.5595032573 -0.2431389987 0.7923632860 -0.1342806965 0.9699656367 0.2028185725 -0.8178782463 0.0070785573 -0.5753477812
-139.9 -175.3 2540.0 0 0 0 0 0 0 0 0 0
-70.6 -167.3 2633.0 0 0 0 0 0 0 0 0 0
-481.4 -825.2 2543.1 0 0 0 0 0 0 0 0 0
-392.9 -814.0 2764.1 0 0 0 0 0 0 0 0 0
-199.1 403.1 2669.6 8 0.3967198431 0.4878735840 -0.7775555849 -0.3416637182 0.8646845818 0.3682206273 0.8519854546 0.1195821166 0.5097262859
-295.8 231.6 2645.9 0.3967198431 0.4878735840 -0.7775555849 -0.3416637182 0.8646845818 0.3682206273 0.8519854546 0.1195821166 0.5097262859
-390.6 58.2 2626.5 0.4090473354 0.4774618149 -0.7776313424 -0.3194708526 0.8731851578 0.3680842817 0.8547623158 0.0978666469 0.5097091794
