-179.5 408.6 2745.2 8 0.5523254275 0.5273140669 -0.6456597447 -0.4485362470 0.8408313990 0.3030144572 0.7026748061 0.1222392321 0.7009320259
-287.2 236.7 2720.2 0.5523254275 0.5273140669 -0.6456597447 -0.4485362470 0.8408313990 0.3030144572 0.7026748061 0.1222392321 0.7009320259
-388.6 67.3 2698.9 0.5655701756 0.5101071000 -0.6480132341 -0.4269063473 0.8533743024 0.2991710007 0.7056070566 0.1074387804 0.7004110217
-369.8 299.0 2617.3 -0.0696070418 0.5362157226 -0.8412060142 0.9183542132 0.3637650013 0.1558864117 0.3895900548 -0.7616742849 -0.5177565217
-350.2 40.3 2507.6 -0.7798962593 0.5362157226 -0.3228537738 0.5586645603 0.3637650013 -0.7453649640 -0.2822335064 -0.7616742849 -0.5832636356
-204.7 174.5 2823.1 -0.2668215930 0.5970541835 -0.7565266490 -0.9576807022 -0.2521890998 0.1387384534 -0.1079534069 0.7615293264 0.6390767694
-272.7 -69.8 2795.6 0.6087364554 0.5970541835 -0.5224617124 -0.4758346975 -0.2521890998 -0.8426042795 -0.6348395944 0.7615293264 0.1305823922
-543.5 -66.2 2616.6 -0.9913222194 -0.0721876025 0.1098599359 -0.0776824951 0.9958893061 -0.0465822332 -0.1060456783 -0.0547121949 -0.9928548932
-514.8 -461.8 2638.3 -0.9923624992 -0.0902713016 0.0840702951 -0.0671709031 0.9670637250 0.2455114573 -0.1034639627 0.2379892766 -0.9657413363
-442.7 -139.0 2751.2 -0.6859688163 -0.0113551831 0.7275423408 -0.0555749200 0.9977751374 -0.0368263684 -0.7255054712 -0.0656948462 -0.6850736737
-438.2 -535.1 2777.3 -0.6786059737 -0.1686309427 0.7148828506 -0.1033692583 0.9855279326 0.1343485862 -0.7271923423 0.0172728393 -0.6862164140
-126.7 -119.8 2588.5 0 0 0 0 0 0 0 0 0
-113.0 -194.6 2629.1 0 0 0 0 0 0 0 0 0
-480.8 -826.1 2548.7 0 0 0 0 0 0 0 0 0
-390.5 -813.8 2772.4 0 0 0 0 0 0 0 0 0
-179.3 407.9 2740.5 9 0.5569410920 0.5281313062 -0.6410101056 -0.4551382959 0.8396576047 0.2963514626 0.6947415471 0.1266979575 0.7080125809
-287.4 236.1 2714.6 0.5569410920 0.5281313062 -0.6410101056 -0.4551382959 0.8396576047 0.2963514626 0.6947415471 0.1266979575 0.7080125809
-387.4 66.1 2691.0 0.5708688498 0.5031499863 -0.6488056779 -0.4322375655 0.8560253382 0.2835335732 0.6980540156 0.1185777113 0.7061585188
-370.7 299.2 2612.7 -0.0378078632 0.5348338485 -0.8441109657 0.9225749373 0.3432516754 0.1761640906 0.3839610219 -0.7720952034 -0.5064019561
-360.3 44.2 2506.5 -0.7705920935 0.5348338485 -0.3466129899 0.5729869008 0.3432516754 -0.7442206144 -0.2790589035 -0.7720952034 -0.5709598064
-204.0 173.1 2816.4 -0.2450224161 0.6089036465 -0.7544537187 -0.9610044360 -0.2554309368 0.1059505716 -0.1281971186 0.7509936094 0.6477453709
-266.9 -73.6 2783.5 0.5830641389 0.6089036465 -0.5378406644 -0.4977927506 -0.2554309368 -0.8288289309 -0.6420580745 0.7509936094 0.1541751921
-541.9 -63.0 2612.9 -0.9916154742 -0.0675177276 0.1101820841 -0.0747535527 0.9952153563 -0.0629149750 -0.1054070294 -0.0706239641 -0.9919181466
-515.0 -458.4 2640.9 -0.9926086068 -0.0872008577 0.0844047368 -0.0643685982 0.9678941369 0.2429765761 -0.1028826162 0.2357476354 -0.9663530588
-438.2 -141.2 2742.1 -0.6871883273 0.0120978439 0.7263785601 -0.0643203035 0.9949215651 -0.0774204656 -0.7236263156 -0.0999233276 -0.6829203963
-443.0 -536.0 2781.8 -0.6803836823 -0.1826844364 0.7097213864 -0.1039772630 0.9826987982 0.1532704830 -0.7254424691 0.0304878447 -0.6876072288
-139.1 -120.3 2586.6 0 0 0 0 0 0 0 0 0
-113.7 -204.3 2614.9 0 0 0 0 0 0 0 0 0
-481.8 -827.0 2551.2 0 0 0 0 0 0 0 0 0
-391.4 -813.8 2773.1 0 0 0 0 0 0 0 0 0
-180.4 403.6 2737.6 0 0.5653893352 0.5314102769 -0.6308233142 -0.4596771300 0.8380236030 0.2939615548 0.6848590374 0.1237723157 0.7180867195
-288.1 233.7 2712.5 0.5653893352 0.5314102769 -0.6308233142 -0.4596771300 0.8380236030 0.2939615548 0.6848590374 0.1237723157 0.7180867195
-389.7 64.5 2689.8 0.5780652165 0.5109319091 -0.6362304688 -0.4391253293 0.8519582748 0.2851947844 0.6877568960 0.1145237386 0.7168505788
-372.5 297.9 2612.1 -0.0252710599 0.5458768606 -0.8374842405 0.9235225320 0.3334670067 0.1894883811 0.3827106953 -0.7686470151 -0.5125566125
-365.7 46.4 2507.9 -0.7619495988 0.5458768606 -0.3484986126 0.5791465640 0.3334670067 -0.7439012527 -0.2898656428 -0.7686470151 -0.5702277422
-203.7 169.6 2813.0 -0.2484880835 0.5674489737 -0.7850192785 -0.9596039653 -0.2546228468 0.1196972877 -0.1319617331 0.7830509543 0.6077970266
-267.4 -76.3 2779.1 0.6016919613 0.5674489737 -0.5621106625 -0.5209803581 -0.2546228468 -0.8147065043 -0.6054306030 0.7830509543 0.1424252838
-539.7 -64.3 2603.4 -0.9922091365 -0.0798515230 0.0956284031 -0.0865679011 0.9939038754 -0.0682717413 -0.0895938426 -0.0760181919 -0.9930731058
-508.0 -459.2 2633.6 -0.9954318404 -0.0659204721 0.0690648034 -0.0495627709 0.9750631452 0.2163223624 -0.0816026181 0.2119111270 -0.9738761187
-435.0 -143.5 2731.4 -0.6985547543 0.0315288641 0.7148616314 -0.0675061569 0.9916692972 -0.1097036898 -0.7123651505 -0.1248915941 -0.6906069517
-447.5 -537.1 2780.9 -0.6890550852 -0.1991628259 0.6968050003 -0.1190592572 0.9795421958 0.1622405201 -0.7148621678 0.0288315732 -0.6986707449
-146.8 -120.0 2591.2 0 0 0 0 0 0 0 0 0
-109.4 -213.2 2620.1 0 0 0 0 0 0 0 0 0
-483.0 -829.4 2553.2 0 0 0 0 0 0 0 0 0
-391.2 -814.2 2772.8 0 0 0 0 0 0 0 0 0
-184.2 402.8 2746.2 1 0.5426004529 0.5173098445 -0.6617969871 -0.4505560100 0.8441743255 0.2904633880 0.7089316249 0.1405710429 0.6911264062
-289.2 231.3 2717.6 0.5426004529 0.5173098445 -0.6617969871 -0.4505560100 0.8441743255 0.2904633880 0.7089316249 0.1405710429 0.6911264062
-389.0 61.4 2692.5 0.5542497635 0.5023438334 -0.6636700034 -0.4311397970 0.8553088903 0.2873416245 0.7119871378 0.1268755198 0.6906351447
-370.1 294.3 2613.7 -0.0102025103 0.5513520837 -0.8342102766 0.9194855690 0.3330443501 0.2088725716 0.3929913640 -0.7649132609 -0.5103581548
-367.5 54.6 2511.3 -0.7565836310 0.5513520837 -0.3515566885 0.5859647393 0.3330443501 -0.7387332320 -0.2902181149 -0.7649132609 -0.5750488043
-208.3 168.4 2821.6 -0.2729462981 0.5074698925 -0.8172971606 -0.9466088414 -0.2931713164 0.1340978146 -0.1715574861 0.8102622032 0.5603955388
-279.6 -78.8 2776.8 0.6387468576 0.5074698925 -0.5783396363 -0.5031511188 -0.2931713164 -0.8129510880 -0.5821008086 0.8102622032 0.0680717900
-544.2 -64.5 2604.0 -0.9869142175 -0.0914537534 0.1328027248 -0.1022425145 0.9917889237 -0.0768189728 -0.1246868819 -0.0893918201 -0.9881610870
-507.9 -458.6 2639.5 -0.9930136204 -0.0654847026 0.0981616005 -0.0410958417 0.9717235565 0.2325175852 -0.1106122807 0.2268590927 -0.9676259160
-438.2 -145.0 2730.1 -0.6714396477 0.0231777951 0.7406966686 -0.0787480995 0.9916198850 -0.1024146080 -0.7368633151 -0.1270936877 -0.6639876962
-447.4 -538.8 2780.6 -0.6652650237 -0.1953841150 0.7205883265 -0.1116672382 0.9803331494 0.1627187431 -0.7382092476 0.0277849752 -0.6739993095
-150.6 -113.4 2594.4 0 0 0 0 0 0 0 0 0
-111.8 -211.0 2623.9 0 0 0 0 0 0 0 0 0
-483.1 -825.9 2553.7 0 0 0 0 0 0 0 0 0
-392.6 -813.9 2772.8 0 0 0 0 0 0 0 0 0
-186.7 401.8 2751.0 2 0.4925181866 0.5184996724 -0.6989877820 -0.4301371276 0.8432271481 0.3224128783 0.7565764189 0.1418663859 0.6383306384
-292.0 230.6 2722.2 0.4925181866 0.5184996724 -0.6989877820 -0.4301371276 0.8432271481 0.3224128783 0.7565764189 0.1418663859 0.6383306384
-391.7 60.5 2697.4 0.5060377121 0.5019569993 -0.7014021873 -0.4076269567 0.8558424115 0.3183928728 0.7601092458 0.1247916147 0.6376997232
-365.7 289.9 2611.5 0.0103096673 0.5449714661 -0.8383911848 0.9184749722 0.3263278008 0.2234142274 0.3953447342 -0.7723446488 -0.4971783161
-368.3 55.0 2510.3 -0.7533922791 0.5449714661 -0.3679758012 0.5948553085 0.3263278008 -0.7346137166 -0.2802627683 -0.7723446488 -0.5700320601
-218.3 171.2 2832.9 -0.2668878138 0.5175815821 -0.8129453659 -0.9457665086 -0.3027622402 0.1177316457 -0.1851934195 0.8002776504 0.5703148842
-289.0 -79.3 2783.8 0.6524736285 0.5175815821 -0.5535227656 -0.4654039741 -0.3027622402 -0.8317055702 -0.5980612636 0.8002776504 0.0433401652
-539.6 -69.0 2602.1 -0.9775887132 -0.0955918133 0.1875700057 -0.1103542298 0.9914323688 -0.0698845163 -0.1792825907 -0.0890174583 -0.9797620177
-501.6 -463.0 2637.4 -0.9874103069 -0.0496537946 0.1501844525 -0.0137521438 0.9728060961 0.2312123775 -0.1575809270 0.2262361348 -0.9612416029
-438.0 -148.1 2732.5 -0.6248608828 0.0385024026 0.7797861099 -0.0631862581 0.9930129647 -0.0996632352 -0.7781749964 -0.1115474254 -0.6180621386
-453.3 -542.5 2776.8 -0.6120404601 -0.2199036479 0.7596372962 -0.1258775145 0.9754043221 0.1809453666 -0.7807440758 0.0151246330 -0.6246678829
-153.0 -115.0 2590.4 0 0 0 0 0 0 0 0 0
-117.6 -201.5 2626.7 0 0 0 0 0 0 0 0 0
-483.0 -827.0 2552.8 0 0 0 0 0 0 0 0 0
-391.6 -816.2 2772.6 0 0 0 0 0 0 0 0 0
-185.2 400.7 2755.9 3 0.4430738986 0.5330979228 -0.7207580209 -0.4294617772 0.8319433928 0.3513300419 0.7869231701 0.1538728625 0.5975575447
-293.4 231.8 2724.6 0.4430738986 0.5330979228 -0.7207580209 -0.4294617772 0.8319433928 0.3513300419 0.7869231701 0.1538728625 0.5975575447
-393.4 62.3 2697.9 0.4624802172 0.5035579205 -0.7297543883 -0.3979119062 0.8534027934 0.3367042243 0.7923245430 0.1346589327 0.5950536132
-360.8 289.8 2609.2 0.0259906035 0.5449416041 -0.8380711079 0.9187685251 0.3173513710 0.2348456085 0.3939401507 -0.7760971189 -0.4924270511
-367.4 53.7 2508.0 -0.7505746484 0.5449416041 -0.3737329841 0.5972018242 0.3173513710 -0.7366397381 -0.2828209698 -0.7760971189 -0.5636360049
-226.1 173.9 2840.0 -0.1819963902 0.4896598458 -0.8527077436 -0.9476010799 -0.3188825548 0.0191343334 -0.2625443339 0.8115091920 0.5220376849
-276.2 -87.0 2767.8 0.6748136282 0.4896598458 -0.5521411300 -0.4507820606 -0.3188825548 -0.8337322474 -0.5843133926 0.8115091920 0.0055435868
-537.7 -72.3 2603.1 -0.9690855742 -0.0793148950 0.2336286604 -0.0942751914 0.9941043258 -0.0535612889 -0.2280030549 -0.0739308596 -0.9708495140
-506.2 -467.2 2632.5 -0.9773147106 -0.0618077405 0.2025729418 -0.0153061599 0.9745807648 0.2235130817 -0.2112385184 0.2153420001 -0.9534181356
-445.2 -146.8 2742.1 -0.5858101249 0.0345223807 0.8097127080 -0.0906762555 0.9900274277 -0.1078125238 -0.8053597212 -0.1365793794 -0.5768377185
-458.9 -540.1 2796.4 -0.5904648304 -0.2409056574 0.7702699304 -0.0724395439 0.9663782120 0.2467095852 -0.8038058281 0.0898753330 -0.5880634785
-153.9 -116.2 2588.4 0 0 0 0 0 0 0 0 0
-98.8 -205.5 2614.2 0 0 0 0 0 0 0 0 0
-483.5 -825.9 2553.2 0 0 0 0 0 0 0 0 0
-390.3 -815.5 2770.8 0 0 0 0 0 0 0 0 0
-180.4 402.2 2745.3 4 0.4954479933 0.5320882797 -0.6865954399 -0.4461115301 0.8340867758 0.3244745433 0.7453293204 0.1455378830 0.6506173611
-288.9 232.2 2715.6 0.4954479933 0.5320882797 -0.6865954399 -0.4461115301 0.8340867758 0.3244745433 0.7453293204 0.1455378830 0.6506173611
-389.0 62.6 2689.2 0.5119162798 0.5040564537 -0.6956067681 -0.4192916155 0.8533576131 0.3097988963 0.7497574687 0.1330709904 0.6481943130
-363.4 293.2 2606.5 0.0064387675 0.5508101583 -0.8346056938 0.9247075915 0.3144042492 0.2146295458 0.3806237280 -0.7731481791 -0.5073139668
-365.0 53.1 2507.7 -0.7382562160 0.5508101583 -0.3893404007 0.6156500578 0.3144042492 -0.7225821614 -0.2755953372 -0.7731481791 -0.5712172389
-214.4 171.1 2824.7 -0.3950835168 0.5038107038 -0.7681691051 -0.9153632522 -0.2865206301 0.2828710079 -0.0775828660 0.8149114847 0.5743693709
-320.9 -75.7 2803.8 0.7010093331 0.5038107038 -0.5047382712 -0.4156195223 -0.2865206301 -0.8632301688 -0.5795225501 0.8149114847 0.0085399272
-535.7 -70.9 2598.7 -0.9813052416 -0.0718742982 0.1785331517 -0.0824592561 0.9952062368 -0.0525837801 -0.1738978773 -0.0663224533 -0.9825277925
-507.1 -466.4 2625.0 -0.9862005711 -0.0610090010 0.1539037228 -0.0283101685 0.9780768752 0.2063107491 -0.1631164849 0.1991067380 -0.9663071632
-451.2 -143.7 2743.6 -0.6322435141 0.0193638988 0.7745277286 -0.0817580223 0.9924384952 -0.0915505812 -0.7704438567 -0.1212061197 -0.6258796453
-458.8 -538.0 2791.7 -0.6280414462 -0.2349542528 0.7418628335 -0.0995543599 0.9697560668 0.2228498906 -0.7717855573 0.0661032796 -0.6324377060
-156.6 -120.8 2585.5 0 0 0 0 0 0 0 0 0
-136.7 -184.9 2651.5 0 0 0 0 0 0 0 0 0
-484.7 -825.9 2551.8 0 0 0 0 0 0 0 0 0
-392.5 -811.7 2773.1 0 0 0 0 0 0 0 0 0
-177.5 404.1 2740.5 5 0.4918217361 0.5378140211 -0.6847389340 -0.4351470172 0.8329955339 0.3417096734 0.7541607618 0.1299018711 0.6437134743
-287.6 233.6 2713.9 0.4918217361 0.5378140211 -0.6847389340 -0.4351470172 0.8329955339 0.3417096734 0.7541607618 0.1299018711 0.6437134743
-389.5 64.7 2690.1 0.5061323643 0.5129822493 -0.6933103204 -0.4122266471 0.8499984741 0.3279814124 0.7575613856 0.1197989956 0.6416766644
-361.4 293.7 2603.5 0.0018419111 0.5663639307 -0.8241531849 0.9288036227 0.3044367135 0.2112868875 0.3705677688 -0.7658656240 -0.5254801512
-361.8 57.4 2509.2 -0.7175973058 0.5663639307 -0.4053220749 0.6391805410 0.3044367135 -0.7062340379 -0.2765905857 -0.7658656240 -0.5804718137
-213.8 173.5 2824.4 -0.2785099745 0.5036063790 -0.8178097606 -0.9514451027 -0.2608922422 0.1633630991 -0.1310895085 0.8235993385 0.5518149137
-292.5 -95.6 2787.3 0.7105940580 0.5036063790 -0.4913620949 -0.4171097875 -0.2608922422 -0.8706058860 -0.5666352510 0.8235993385 0.0246706884
-535.9 -68.7 2594.3 -0.9818792939 -0.0631418228 0.1786790788 -0.0742657259 0.9956501722 -0.0562618375 -0.1743493676 -0.0685120672 -0.9822974801
-510.8 -464.4 2621.5 -0.9850397110 -0.0717827529 0.1566651762 -0.0396129936 0.9790882468 0.1995419711 -0.1677127033 0.1903507859 -0.9672843814
-442.4 -145.3 2731.3 -0.6317797899 0.0319054723 0.7744910121 -0.0869376957 0.9899319410 -0.1116988137 -0.7702571750 -0.1379015148 -0.6226451993
-455.0 -538.6 2786.0 -0.6309558749 -0.2202414423 0.7439007759 -0.0905986503 0.9732155204 0.2112897933 -0.7705105543 0.0659181401 -0.6340096593
-160.0 -122.4 2587.0 0 0 0 0 0 0 0 0 0
-105.6 -205.3 2638.3 0 0 0 0 0 0 0 0 0
-484.3 -825.6 2551.3 0 0 0 0 0 0 0 0 0
-393.4 -810.9 2767.6 0 0 0 0 0 0 0 0 0
-176.6 402.2 2738.7 6 0.4667337239 0.5378551483 -0.7020480633 -0.4232557118 0.8328483701 0.3566765189 0.7765399218 0.1306729019 0.6163687110
-286.2 232.4 2712.0 0.4667337239 0.5378551483 -0.7020480633 -0.4232557118 0.8328483701 0.3566765189 0.7765399218 0.1306729019 0.6163687110
-388.9 63.8 2688.8 0.4812152684 0.5164764524 -0.7082964778 -0.4001643062 0.8483269215 0.3467131555 0.7799361348 0.1165913194 0.6149032712
-356.4 290.7 2598.2 0.0203958433 0.5409015417 -0.8408386111 0.9316635132 0.2948581278 0.2122776955 0.3627494276 -0.7877082229 -0.4979243279
-361.6 56.1 2506.9 -0.7237871885 0.5409015417 -0.4284362793 0.6402356029 0.2948581278 -0.7093356252 -0.2573527992 -0.7877082229 -0.5597189665
-216.0 174.0 2825.8 -0.2234758139 0.5479263663 -0.8061236143 -0.9628118873 -0.2529181540 0.0950035974 -0.1518283039 0.7973763943 0.5840710998
-281.0 -105.6 2781.7 0.6993024945 0.5479263663 -0.4590781331 -0.3846203685 -0.2529181540 -0.8877497315 -0.6025307178 0.7973763943 0.0338773578
-537.7 -66.5 2597.0 -0.9767427444 -0.0641752481 0.2045853138 -0.0777655840 0.9952191114 -0.0590879694 -0.1998152286 -0.0736234412 -0.9770637155
-512.2 -462.0 2626.2 -0.9809135795 -0.0738103315 0.1798906326 -0.0350311361 0.9770970941 0.2098905444 -0.1912627071 0.1995827109 -0.9610334635
-445.1 -141.9 2735.7 -0.6096358895 0.0461221226 0.7913386226 -0.0768353119 0.9901666045 -0.1169033647 -0.7889489532 -0.1320712417 -0.6000972986
-463.4 -535.3 2788.1 -0.6076011658 -0.2451085746 0.7554751039 -0.0849398524 0.9657877684 0.2450290024 -0.7896873355 0.0847099647 -0.6076332331
-158.8 -123.2 2579.0 0 0 0 0 0 0 0 0 0
-97.2 -206.7 2623.3 0 0 0 0 0 0 0 0 0
-484.9 -824.0 2552.3 0 0 0 0 0 0 0 0 0
-393.1 -812.3 2763.8 0 0 0 0 0 0 0 0 0
-182.9 390.8 2748.2 7 0.3708541393 0.5272908211 -0.7644813061 -0.4058865011 0.8324261308 0.3772570491 0.8352983594 0.1703853011 0.5227288604
-290.0 221.9 2713.6 0.3708541393 0.5272908211 -0.7644813061 -0.4058865011 0.8324261308 0.3772570491 0.8352983594 0.1703853011 0.5227288604
-392.4 54.3 2684.1 0.3846156597 0.5172359347 -0.7645506859 -0.3838144839 0.8428804874 0.3771457076 0.8394982219 0.1483894885 0.5227077007
-345.7 277.6 2591.9 0.1444370300 0.5518840551 -0.8213171959 0.9036258459 0.2646750510 0.3367602527 0.4032347798 -0.7908040881 -0.4604678452
-378.9 70.2 2499.4 -0.6472299695 0.5518840551 -0.5258491635 0.7339184880 0.2646750510 -0.6255483627 -0.2060510516 -0.7908040881 -0.5763435364
-234.2 166.1 2835.3 -0.0375654697 0.7493306398 -0.6611297131 -0.9654178619 -0.1980177462 -0.1695800126 -0.2579869032 0.6318960190 0.7308557630
-245.1 -111.6 2761.1 0.5156719089 0.7493306398 -0.4154348671 -0.4241603911 -0.1980177462 -0.8836724162 -0.7444262505 0.6318960190 0.2157241702
-535.6 -68.1 2594.2 -0.9502013922 -0.0530224442 0.3070926964 -0.0684174448 0.9968714714 -0.0395769514 -0.3040334582 -0.0586165711 -0.9508563280
-514.5 -464.2 2617.5 -0.9548106790 -0.0826250240 0.2854989171 -0.0249598473 0.9794794917 0.1999922991 -0.2961646914 0.1838287860 -0.9372798204
-447.4 -141.4 2737.1 -0.5193631053 0.0462907888 0.8532989621 -0.0703193918 0.9928302765 -0.0966603681 -0.8516555429 -0.1102053002 -0.5123842955
-465.8 -535.8 2780.8 -0.5154526830 -0.2551973760 0.8180359602 -0.0853554234 0.9651684761 0.2473140359 -0.8526564240 0.0576548725 -0.5192811489
-202.5 -129.7 2555.5 0 0 0 0 0 0 0 0 0
-113.2 -220.0 2570.7 0 0 0 0 0 0 0 0 0
-483.8 -827.7 2549.3 0 0 0 0 0 0 0 0 0
-393.0 -811.4 2764.4 0 0 0 0 0 0 0 0 0
-186.9 384.2 2751.5 8 0.3310383558 0.5021358132 -0.7989200354 -0.3902923763 0.8437025547 0.3685619533 0.8591189981 0.1898042411 0.4752776921
-288.6 213.4 2713.1 0.3310383558 0.5021358132 -0.7989200354 -0.3902923763 0.8437025547 0.3685619533 0.8591189981 0.1898042411 0.4752776921
-387.7 44.3 2681.0 0.3448736370 0.5000317097 -0.7943742275 -0.3668994904 0.8507773876 0.3762480319 0.8639715910 0.1616974920 0.4768720865
-338.6 266.9 2587.5 0.1511749476 0.5770547986 -0.8025919795 0.9054425955 0.2449472100 0.3466620445 0.3966356814 -0.7791075706 -0.4854601026
-373.4 58.7 2496.3 -0.5834246278 0.5770547986 -0.5715098381 0.7911954522 0.2449472100 -0.5603664517 -0.1833724082 -0.7791075706 -0.5994713306
-238.5 159.9 2838.6 -0.0635077208 0.5439987779 -0.8366792202 -0.9603711367 -0.2613016069 -0.0969986916 -0.2713927925 0.7973623872 0.5390354395
-255.8 -100.7 2765.0 0.6501903534 0.5439987779 -0.5303940177 -0.4694069028 -0.2613016069 -0.8434326649 -0.5974191427 0.7973623872 0.0854609981
-529.8 -78.3 2578.2 -0.9335294962 -0.0393289141 0.3563368022 -0.0632983819 0.9964305162 -0.0558527000 -0.3528682590 -0.0746956840 -0.9326867461
-514.2 -474.2 2607.9 -0.9378803372 -0.0850777552 0.3363661766 -0.0224551465 0.9823216200 0.1858494729 -0.3462314010 0.1667514145 -0.9232105613
-459.8 -148.3 2731.0 -0.4750919938 0.0301944148 0.8794178963 -0.1178483739 0.9882240295 -0.0975959972 -0.8720088005 -0.1500050575 -0.4659389853
-471.8 -540.6 2790.6 -0.4905656874 -0.2795794904 0.8253366351 -0.0673548058 0.9564661384 0.2839645743 -0.8687972426 0.0837128833 -0.4880405068
-215.9 -154.9 2545.8 0 0 0 0 0 0 0 0 0
-90.5 -220.1 2613.1 0 0 0 0 0 0 0 0 0
-483.4 -829.2 2547.6 0 0 0 0 0 0 0 0 0
-392.2 -813.1 2766.7 0 0 0 0 0 0 0 0 0
-170.8 384.6 2733.6 9 0.3568685949 0.5332978964 -0.7669668198 -0.3901498020 0.8310810924 0.3963425159 0.8487802744 0.1577897668 0.5046527982
-278.7 216.4 2701.7 0.3568685949 0.5332978964 -0.7669668198 -0.3901498020 0.8310810924 0.3963425159 0.8487802744 0.1577897668 0.5046527982
-380.2 48.2 2672.6 0.3688119054 0.5117461681 -0.7759469748 -0.3709779382 0.8464673162 0.3819272816 0.8522635698 0.1469998658 0.5020337701
-332.4 270.5 2577.6 0.1334500462 0.5670585036 -0.8127950430 0.9305937290 0.2103752196 0.2995623946 0.3408613205 -0.7963585854 -0.4996264577
-365.5 39.4 2492.9 -0.5713587999 0.5670585036 -0.5932906270 0.7968702316 0.2103752196 -0.5663392544 -0.1963338256 -0.7963585854 -0.5720717311
-225.0 162.2 2825.8 -0.1086163372 0.4998160005 -0.8592941761 -0.9671087265 -0.2531324625 -0.0249924269 -0.2300068736 0.8283163309 0.5108707547
-253.5 -90.9 2765.6 0.6660017371 0.4998160005 -0.5537378788 -0.4990880191 -0.2531324625 -0.8287551403 -0.5543941259 0.8283163309 0.0808655173
-518.2 -91.3 2570.2 -0.9450237751 -0.0047764396 0.3269667327 -0.0342648886 0.9958352447 -0.0844874531 -0.3252014518 -0.0910461321 -0.9412516356
-516.3 -486.7 2606.3 -0.9449034333 -0.0945724547 0.3133904636 -0.0355218425 0.9813275933 0.1890352666 -0.3254162371 0.1674878597 -0.9306191802
-455.4 -158.4 2727.8 -0.5031393766 0.0317844152 0.8636205792 -0.1124122813 0.9884262085 -0.1018683314 -0.8568630219 -0.1483355314 -0.4937431514
-468.0 -551.0 2786.8 -0.5120812058 -0.2764081359 0.8132474422 -0.0823310390 0.9582427144 0.2738476396 -0.8549821377 0.0732767135 -0.5134550333
-211.7 -175.2 2545.7 0 0 0 0 0 0 0 0 0
-81.4 -219.8 2622.4 0 0 0 0 0 0 0 0 0
-483.3 -829.0 2547.9 0 0 0 0 0 0 0 0 0
-393.2 -810.4 2766.9 0 0 0 0 0 0 0 0 0
-161.0 385.9 2725.2 0 0.3691108227 0.5527458191 -0.7471474409 -0.3870582283 0.8223059773 0.4171316326 0.8449515700 0.1352217644 0.5174668431
-272.4 220.0 2697.9 0.3691108227 0.5527458191 -0.7471474409 -0.3870582283 0.8223059773 0.4171316326 0.8449515700 0.1352217644 0.5174668431
-377.0 53.0 2673.4 0.3833502531 0.5271423459 -0.7583953738 -0.3651293218 0.8407334685 0.3998096585 0.8483650088 0.1236452460 0.5147705078
-328.3 273.4 2574.2 0.1167731136 0.5873990059 -0.8008285761 0.9454327822 0.1812114418 0.2707752287 0.3041724265 -0.7887488604 -0.5341857076
-358.4 30.1 2495.9 -0.5913764834 0.5873990059 -0.5524818897 0.7614446282 0.1812114418 -0.6223860979 -0.2654729486 -0.7887488604 -0.5544360280
-216.5 166.7 2821.7 -0.1434216648 0.4832936823 -0.8636304140 -0.9706176519 -0.2390609831 0.0274086334 -0.1932139099 0.8421859145 0.5033798814
-253.4 -82.8 2772.0 0.6636450291 0.4832936823 -0.5709663033 -0.5273618102 -0.2390609831 -0.8153154850 -0.5305325985 0.8421859145 0.0962189883
-515.4 -86.1 2565.5 -0.9527617097 0.0149773303 0.3033492565 -0.0222780574 0.9926465154 -0.1189812496 -0.3029006124 -0.1201188117 -0.9454219341
-521.4 -480.2 2613.2 -0.9504204392 -0.1072673127 0.2918812931 -0.0462091081 0.9769183397 0.2085550874 -0.3075153530 0.1847274452 -0.9334399104
-448.0 -154.1 2721.4 -0.5233529210 0.0612838753 0.8499094248 -0.0912489071 0.9876445532 -0.1274042428 -0.8472162485 -0.1442306936 -0.5112946033
-472.4 -546.3 2778.6 -0.5146962404 -0.2807717919 0.8100956678 -0.1217716113 0.9592191577 0.2550887465 -0.8486810327 0.0326465666 -0.5278965235
-199.8 -174.0 2567.1 0 0 0 0 0 0 0 0 0
-80.4 -220.3 2633.7 0 0 0 0 0 0 0 0 0
-482.9 -830.4 2547.0 0 0 0 0 0 0 0 0 0
-395.2 -810.0 2769.7 0 0 0 0 0 0 0 0 0
-153.6 383.2 2722.0 1 0.3660002947 0.5760334134 -0.7309098840 -0.3976458013 0.8068975210 0.4368000031 0.8413807750 0.1307743192 0.5243819952
-269.6 220.6 2695.6 0.3660002947 0.5760334134 -0.7309098840 -0.3976458013 0.8068975210 0.4368000031 0.8413807750 0.1307743192 0.5243819952
-379.3 56.7 2672.9 0.3826627433 0.5527837276 -0.7402697802 -0.3735513091 0.8254125714 0.4232652485 0.8450021744 0.1145609245 0.5223477483
-325.5 275.2 2572.3 0.1262577623 0.5719332099 -0.8105253577 0.9484488964 0.1698347032 0.2675834298 0.2906951904 -0.8025263548 -0.5210064650
-357.9 31.1 2497.5 -0.5877169371 0.5719332099 -0.5722597241 0.7673453689 0.1698347032 -0.6183342338 -0.2564563453 -0.8025263548 -0.5386850834
-213.8 166.0 2819.0 -0.1822315753 0.4708999395 -0.8631598353 -0.9671409130 -0.2441257536 0.0710005239 -0.1772854030 0.8477357030 0.4999140203
-260.2 -80.5 2773.8 0.6498836279 0.4708999395 -0.5965773463 -0.5538429618 -0.2441257536 -0.7960280180 -0.5204894543 0.8477357030 0.1021512821
-516.7 -80.5 2571.3 -0.9572840929 0.0049718260 0.2891063094 -0.0262956303 0.9942120910 -0.1041673496 -0.2879509032 -0.1073199809 -0.9516127110
-518.7 -475.4 2613.9 -0.9558144808 -0.0981409326 0.2771047354 -0.0422168709 0.9786817431 0.2009970844 -0.2909233868 0.1804174334 -0.9395813346
-446.5 -147.5 2726.6 -0.5360563397 0.0638131648 0.8417668939 -0.0813253820 0.9885973334 -0.1267340332 -0.8402557969 -0.1363935918 -0.5247542262
-471.9 -540.2 2780.8 -0.5271869302 -0.2710897326 0.8053473234 -0.1139269024 0.9617391229 0.2491556555 -0.8420775533 0.0396008790 -0.5379006863
-200.2 -174.8 2566.3 0 0 0 0 0 0 0 0 0
-90.1 -225.5 2637.5 0 0 0 0 0 0 0 0 0
-483.0 -831.7 2548.2 0 0 0 0 0 0 0 0 0
-395.6 -810.8 2769.6 0 0 0 0 0 0 0 0 0
-153.2 382.8 2718.9 2 0.3684137762 0.5737909079 -0.7314610481 -0.3969504535 0.8085644841 0.4343429506 0.8406554461 0.1303358525 0.5256528854
-268.3 220.6 2692.7 0.3684137762 0.5737909079 -0.7314610481 -0.3969504535 0.8085644841 0.4343429506 0.8406554461 0.1303358525 0.5256528854
-377.2 55.9 2671.3 0.3888227046 0.5485348105 -0.7402205467 -0.3671696186 0.8291397691 0.4215610623 0.8449872136 0.1078739613 0.5237936974
-325.0 274.2 2569.3 0.1137984246 0.5598039031 -0.8207737207 0.9560213089 0.1630807966 0.2437784821 0.2703205645 -0.8124187589 -0.5166260600
-354.2 29.5 2500.1 -0.5808376074 0.5598039031 -0.5909714699 0.7764748931 0.1630807966 -0.6086800694 -0.2443653494 -0.8124187589 -0.5293971300
-211.5 166.9 2816.1 -0.1819583923 0.4685315192 -0.8645052910 -0.9691579342 -0.2340582311 0.0771340206 -0.1662048548 0.8518773317 0.4966698885
-257.7 -79.2 2773.9 0.6549051404 0.4685315192 -0.5929396749 -0.5551629663 -0.2340582311 -0.7981296182 -0.5127312541 0.8518773317 0.1068253890
-524.1 -73.0 2572.8 -0.9584290385 -0.0125969350 0.2850528061 -0.0392694063 0.9953417778 -0.0880492479 -0.2826158106 -0.0955828130 -0.9544591308
-519.1 -468.4 2610.8 -0.9578401446 -0.0969467014 0.2704506516 -0.0454170182 0.9806048870 0.1906601489 -0.2836891115 0.1703388840 -0.9436658025
-454.0 -141.5 2727.7 -0.5383804440 0.0376851410 0.8418588638 -0.0640345961 0.9942817688 -0.0854592472 -0.8402654529 -0.0999176800 -0.5328887105
-469.0 -536.2 2767.3 -0.5189655423 -0.2603057623 0.8141963482 -0.1428698748 0.9655203223 0.2176206708 -0.8427709937 -0.0033865019 -0.5382615924
-198.3 -179.0 2565.7 0 0 0 0 0 0 0 0 0
-85.8 -224.9 2639.3 0 0 0 0 0 0 0 0 0
-483.4 -829.9 2547.9 0 0 0 0 0 0 0 0 0
-394.9 -811.1 2768.3 0 0 0 0 0 0 0 0 0
-155.3 380.2 2717.8 3 0.3519711792 0.5637931824 -0.7471636534 -0.3753950894 0.8162584305 0.4390907884 0.8574350476 0.1259342730 0.4989446402
-268.7 215.9 2692.5 0.3519711792 0.5637931824 -0.7471636534 -0.3753950894 0.8162584305 0.4390907884 0.8574350476 0.1259342730 0.4989446402
-377.3 50.8 2672.0 0.3693420291 0.5462989807 -0.7517605424 -0.3496153057 0.8312117457 0.4322686195 0.8610200882 0.1031720266 0.4979959130
-322.7 266.9 2566.8 0.1044472083 0.5444990396 -0.8322328925 0.9583618641 0.1685169488 0.2305310667 0.2657693028 -0.8216586113 -0.5042259693
-348.8 27.0 2500.2 -0.6050941348 0.5444990396 -0.5808458328 0.7573035359 0.1685169488 -0.6309464574 -0.2456673533 -0.8216586113 -0.5143196583
-214.8 164.8 2818.2 -0.1811683476 0.4448505342 -0.8770895004 -0.9723169804 -0.2148481905 0.0918694362 -0.1475729197 0.8694528341 0.4714594185
-260.8 -81.6 2780.8 0.6681605577 0.4448505342 -0.5963802934 -0.5668374896 -0.2148481905 -0.7953210473 -0.4819302261 0.8694528341 0.1086048782
-521.8 -75.2 2572.4 -0.9518848062 -0.0042531546 0.3064266145 -0.0290168133 0.9966622591 -0.0763044208 -0.3050793111 -0.0815245360 -0.9488310814
-520.1 -471.1 2604.8 -0.9502229095 -0.0990134925 0.2954196036 -0.0471212752 0.9829246402 0.1778727174 -0.3079870045 0.1550981849 -0.9386631846
-450.5 -142.5 2727.4 -0.5186631083 0.0397138223 0.8540558815 -0.0691946372 0.9936940074 -0.0882285312 -0.8521741033 -0.1048569679 -0.5126444697
-466.3 -537.2 2769.0 -0.5048905611 -0.2594136298 0.8232800961 -0.1236248761 0.9656709433 0.2284655869 -0.8542847633 0.0135722095 -0.5196281075
-186.4 -176.2 2566.2 0 0 0 0 0 0 0 0 0
-85.2 -230.6 2654.1 0 0 0 0 0 0 0 0 0
-483.9 -830.1 2548.2 0 0 0 0 0 0 0 0 0
-392.3 -812.5 2765.2 0 0 0 0 0 0 0 0 0
-165.7 376.6 2716.8 4 0.3308692873 0.5494634509 -0.7672127485 -0.3541180491 0.8258844614 0.4387655854 0.8747147322 0.1265098155 0.4678347409
-276.2 210.5 2691.3 0.3308692873 0.5494634509 -0.7672127485 -0.3541180491 0.8258844614 0.4387655854 0.8747147322 0.1265098155 0.4678347409
-384.9 45.5 2670.6 0.3427885771 0.5469336510 -0.7637797594 -0.3361096084 0.8306242228 0.4439523518 0.8772264719 0.1045319214 0.4685581625
-326.3 259.6 2563.3 0.0463992916 0.5370625854 -0.8422653079 0.9664774537 0.1890153736 0.1737658530 0.2525242269 -0.8220930099 -0.5102887154
-338.0 16.1 2499.7 -0.6563797593 0.5370625854 -0.5298390388 0.7057808638 0.1890153736 -0.6827492714 -0.2665313780 -0.8220930099 -0.5031144023
-226.2 161.5 2819.4 -0.1826258600 0.4166344106 -0.8905411363 -0.9739211798 -0.2006911039 0.1058327034 -0.1346301436 0.8866447210 0.4424204826
-272.5 -85.2 2785.3 0.6799627542 0.4166344106 -0.6033791304 -0.5785562396 -0.2006911039 -0.7905667424 -0.4504701495 0.8866447210 0.1045839563
-519.7 -82.3 2572.6 -0.9428119063 -0.0100986194 0.3331722915 -0.0360963419 0.9967560768 -0.0719333515 -0.3313650787 -0.0798459202 -0.9401179552
-515.6 -478.4 2604.3 -0.9431676269 -0.0893730596 0.3200739622 -0.0322620831 0.9832329750 0.1794772297 -0.3307476938 0.1589508504 -0.9302368760
-452.0 -146.4 2730.4 -0.4954414070 0.0507169813 0.8671594858 -0.1062430590 0.9872608185 -0.1184419915 -0.8621196151 -0.1508107483 -0.4837415516
-472.1 -538.2 2790.3 -0.5040540695 -0.2777034938 0.8178082108 -0.0773712322 0.9576085210 0.2774879932 -0.8601995111 0.0765941143 -0.5041727424
-163.8 -171.2 2570.4 0 0 0 0 0 0 0 0 0
-93.8 -237.3 2666.9 0 0 0 0 0 0 0 0 0
-483.7 -830.3 2547.4 0 0 0 0 0 0 0 0 0
-392.0 -814.4 2768.2 0 0 0 0 0 0 0 0 0
-175.2 377.1 2725.8 5 0.2926365733 0.5269512534 -0.7979261875 -0.3499257267 0.8355886936 0.4234896600 0.8898965120 0.1552863270 0.4289176166
-281.7 208.2 2694.4 0.2926365733 0.5269512534 -0.7979261875 -0.3499257267 0.8355886936 0.4234896600 0.8898965120 0.1552863270 0.4289176166
-388.7 42.7 2669.4 0.3040917516 0.5391048789 -0.7854260802 -0.3319987357 0.8327556252 0.4430518746 0.8929194212 0.1260320544 0.4322162271
-326.0 256.7 2564.1 -0.0229292661 0.5526842475 -0.8330752850 0.9684325457 0.2191728354 0.1187502742 0.2482188791 -0.8040543795 -0.5402628779
-320.1 3.8 2499.3 -0.6961529255 0.5526842475 -0.4581607580 0.6518176198 0.2191728354 -0.7260144949 -0.3008403778 -0.8040543795 -0.5128270984
-237.3 159.7 2824.6 -0.1737640351 0.3760894537 -0.9101443887 -0.9750175476 -0.1955614537 0.1053397506 -0.1383719891 0.9057109952 0.4006753862
-281.3 -87.1 2789.6 0.7015317678 0.3760894537 -0.6053180099 -0.5784667730 -0.1955614537 -0.7919166088 -0.4162083864 0.9057109952 0.0803626776
-525.0 -88.8 2569.4 -0.9265606999 -0.0262088608 0.3752310276 -0.0571476258 0.9957977533 -0.0715612993 -0.3717786670 -0.0877494514 -0.9241648316
-514.6 -484.4 2604.3 -0.9298650026 -0.0908166990 0.3565156758 -0.0263425689 0.9830015898 0.1816972792 -0.3669566214 0.1595624089 -0.9164511561
-462.2 -150.4 2730.2 -0.4556266665 0.0157522503 0.8900315762 -0.1032482386 0.9921600223 -0.0704148114 -0.8841629624 -0.1239770576 -0.4504281878
-468.4 -544.0 2779.4 -0.4599314928 -0.2736240327 0.8447442651 -0.0883390456 0.9607177973 0.2630921602 -0.8835492134 0.0463804640 -0.4660360813
-135.2 -169.4 2579.2 0 0 0 0 0 0 0 0 0
-97.0 -239.1 2680.2 0 0 0 0 0 0 0 0 0
-482.7 -830.0 2548.2 0 0 0 0 0 0 0 0 0
-392.7 -810.0 2766.5 0 0 0 0 0 0 0 0 0
-177.1 375.1 2720.8 6 0.3232703507 0.5343056321 -0.7810337543 -0.3542664051 0.8336621523 0.4236776531 0.8774916530 0.1397315860 0.4587847888
-285.1 206.7 2692.5 0.3232703507 0.5343056321 -0.7810337543 -0.3542664051 0.8336621523 0.4236776531 0.8774916530 0.1397315860 0.4587847888
-390.9 40.1 2670.0 0.3365432620 0.5332529545 -0.7761313915 -0.3334791362 0.8382863998 0.4313555062 0.8806419969 0.1136538386 0.4599483907
-334.2 255.4 2564.1 -0.1142078713 0.5632433295 -0.8183602691 0.9696905613 0.2423048317 0.0314412676 0.2160017192 -0.7899653912 -0.5738449097
-304.2 0.6 2507.3 -0.7148725390 0.5632433295 -0.4143840969 0.6223480701 0.2423048317 -0.7442924380 -0.3188104928 -0.7899653912 -0.5237504840
-236.0 158.1 2821.0 -0.1671285927 0.4069206715 -0.8980443478 -0.9761638641 -0.1962141097 0.0927585885 -0.1384635717 0.8921410441 0.4300142229
-278.3 -89.0 2786.0 0.6945138574 0.4069206715 -0.5933516026 -0.5679433942 -0.1962141097 -0.7993373871 -0.4416908622 0.8921410441 0.0948345065
-523.6 -92.3 2562.6 -0.9376833439 -0.0192019120 0.3469599187 -0.0547884740 0.9941528440 -0.0930499509 -0.3431444764 -0.1062607914 -0.9332526326
-516.0 -487.3 2604.8 -0.9398956895 -0.0940872580 0.3282433152 -0.0339168198 0.9822592139 0.1844357401 -0.3397730589 0.1622173935 -0.9264123440
-467.9 -153.2 2726.2 -0.4829746187 0.0123085445 0.8755478263 -0.1483504474 0.9842962623 -0.0956712440 -0.8629760742 -0.1760946959 -0.4735641479
-472.8 -543.5 2796.0 -0.5117064714 -0.2871994376 0.8097363710 -0.0606114119 0.9521931410 0.2994234860 -0.8570196629 0.1041376814 -0.5046510100
-113.8 -165.1 2592.2 0 0 0 0 0 0 0 0 0
-95.7 -238.4 2669.8 0 0 0 0 0 0 0 0 0
-483.2 -829.3 2548.3 0 0 0 0 0 0 0 0 0
-391.9 -811.8 2766.6 0 0 0 0 0 0 0 0 0
-181.2 377.8 2727.8 7 0.2893713713 0.5234703422 -0.8014006615 -0.3439938426 0.8381588459 0.4232706130 0.8932706714 0.1531944871 0.4226097465
-286.4 209.4 2697.0 0.2893713713 0.5234703422 -0.8014006615 -0.3439938426 0.8381588459 0.4232706130 0.8932706714 0.1531944871 0.4226097465
-391.7 42.7 2672.5 0.3025679588 0.5303370953 -0.7919565439 -0.3229937851 0.8387900591 0.4382992089 0.8967316151 0.1231817454 0.4250865877
-330.5 256.6 2566.2 -0.1197016090 0.5532431006 -0.8243746758 0.9691488147 0.2453139722 0.0239085257 0.2154578567 -0.7960798740 -0.5655393600
-299.3 4.2 2510.1 -0.7344825268 0.5532431006 -0.3930108547 0.5945202112 0.2453139722 -0.7657458782 -0.3272325695 -0.7960798740 -0.5090930462
-242.2 162.3 2827.8 -0.1640825868 0.3724795580 -0.9134199023 -0.9775378704 -0.1855628192 0.0999305919 -0.1322746724 0.9092994332 0.3945605159
-283.8 -85.2 2794.3 0.7095441818 0.3724795580 -0.5981689095 -0.5745915174 -0.1855628192 -0.7971267104 -0.4079113305 0.9092994332 0.0823585913
-527.6 -95.9 2566.7 -0.9240456223 -0.0351123996 0.3806662560 -0.0662133545 0.9954230189 -0.0689119920 -0.3765042722 -0.0888830200 -0.9221411943
-513.7 -491.3 2602.0 -0.9283736944 -0.0894309357 0.3607275486 -0.0268058535 0.9842010736 0.1750134528 -0.3706800640 0.1528082639 -0.9161036611
-466.0 -157.0 2728.0 -0.4502744377 -0.0007757321 0.8928898573 -0.1312876195 0.9891881943 -0.0653474927 -0.8831854463 -0.1466497034 -0.4455080032
-465.7 -549.5 2786.2 -0.4691422284 -0.2710494399 0.8404985070 -0.0682158098 0.9600135684 0.2715153098 -0.8804840446 0.0700440109 -0.4688727856
-103.5 -154.3 2597.3 0 0 0 0 0 0 0 0 0
-97.2 -236.2 2687.1 0 0 0 0 0 0 0 0 0
-482.8 -831.5 2549.2 0 0 0 0 0 0 0 0 0
-393.2 -806.1 2767.5 0 0 0 0 0 0 0 0 0
-186.3 379.2 2731.3 8 0.2501670122 0.5163695216 -0.8190109730 -0.3280656934 0.8410764337 0.4300736189 0.9109277725 0.1610991806 0.3798126876
-290.0 210.3 2698.9 0.2501670122 0.5163695216 -0.8190109730 -0.3280656934 0.8410764337 0.4300736189 0.9109277725 0.1610991806 0.3798126876
-393.2 42.6 2672.3 0.2629252374 0.5196046233 -0.8129460812 -0.3073160052 0.8438079953 0.4399374127 0.9145639539 0.1341606975 0.3815412521
-328.3 255.2 2565.6 -0.1461282521 0.5752499700 -0.8048192263 0.9654690623 0.2602958679 0.0107513526 0.2156758457 -0.7754569650 -0.5934225917
-290.8 7.5 2510.2 -0.7321422100 0.5752499700 -0.3647673428 0.5866031647 0.2602958679 -0.7669046521 -0.3462144434 -0.7754569650 -0.5280170441
-251.7 165.4 2832.3 -0.1527796686 0.3313724399 -0.9310481548 -0.9804491401 -0.1690399647 0.1007224992 -0.1240076870 0.9282336831 0.3507196903
-290.4 -82.7 2800.9 0.7306141853 0.3313724399 -0.5969884396 -0.5765263438 -0.1690399647 -0.7994015813 -0.3658145666 0.9282336831 0.0675419345
-524.7 -94.4 2565.9 -0.9059401155 -0.0308028702 0.4222839177 -0.0635351166 0.9959473610 -0.0636561736 -0.4186117649 -0.0844985396 -0.9042257667
-512.4 -490.1 2599.5 -0.9108500481 -0.0885494202 0.4031268060 -0.0192216262 0.9847557545 0.1728774607 -0.4122896492 0.1497166753 -0.8986668587
-469.3 -153.6 2730.2 -0.4087462425 -0.0079931747 0.9126130939 -0.1199317425 0.9917604327 -0.0450293086 -0.9047335982 -0.1278568357 -0.4063369930
-466.1 -547.3 2780.9 -0.4227662683 -0.2717584670 0.8645322323 -0.0722856596 0.9610511661 0.2667498291 -0.9033512473 0.0502795540 -0.4259442687
-95.4 -149.0 2602.6 0 0 0 0 0 0 0 0 0
-98.4 -234.2 2704.8 0 0 0 0 0 0 0 0 0
-481.9 -829.5 2547.9 0 0 0 0 0 0 0 0 0
-392.7 -807.0 2767.4 0 0 0 0 0 0 0 0 0
-189.3 380.8 2733.5 9 0.2081722319 0.5139834285 -0.8321570158 -0.3110652864 0.8414133191 0.4418845773 0.9273093939 0.1668670624 0.3350412846
-292.6 211.6 2700.0 0.2081722319 0.5139834285 -0.8321570158 -0.3110652864 0.8414133191 0.4418845773 0.9273093939 0.1668670624 0.3350412846
-394.7 43.1 2673.4 0.2248073667 0.5136124492 -0.8280482292 -0.2837247550 0.8474813104 0.4486375451 0.9321812391 0.1340807825 0.3362446129
-325.4 253.0 2564.1 -0.1814753860 0.6162954569 -0.7663201690 0.9644230008 0.2638684213 -0.0161787756 0.1922367811 -0.7419928312 -0.6422551870
-279.6 9.6 2515.5 -0.7024934292 0.6162954569 -0.3559253812 0.6100394726 0.2638684213 -0.7471447587 -0.3665444851 -0.7419928312 -0.5613303781
-259.9 170.2 2835.9 -0.1478391290 0.2925042510 -0.9447671175 -0.9833945036 -0.1451400816 0.1089475900 -0.1052559465 0.9451854825 0.3091044426
-297.3 -78.7 2809.2 0.7452409267 0.2925042510 -0.5992138386 -0.5847611427 -0.1451400816 -0.7981157303 -0.3204222023 0.9451854825 0.0628807843
-520.4 -96.9 2562.0 -0.8879941702 -0.0161310621 0.4595717192 -0.0671707988 0.9932155013 -0.0949267745 -0.4549224675 -0.1151642203 -0.8830530643
-514.0 -491.4 2607.7 -0.8957627416 -0.0947566703 0.4343158603 -0.0053625880 0.9792495370 0.2025871575 -0.4445001185 0.1791409701 -0.8776834011
-472.3 -153.3 2729.4 -0.3709464967 -0.0115176607 0.9285828471 -0.1390945762 0.9893322587 -0.0432937704 -0.9181783199 -0.1452205032 -0.3685913682
-467.7 -546.2 2787.1 -0.4025484920 -0.2800971568 0.8714931607 -0.0389847122 0.9564186335 0.2893848419 -0.9145681262 0.0825165212 -0.3959243894
-92.1 -153.2 2613.4 0 0 0 0 0 0 0 0 0
-101.5 -232.3 2725.0 0 0 0 0 0 0 0 0 0
-481.5 -827.1 2546.3 0 0 0 0 0 0 0 0 0
-391.0 -808.1 2764.5 0 0 0 0 0 0 0 0 0
-187.7 382.6 2724.6 0 0.2165374458 0.5264030695 -0.8221991062 -0.2851068079 0.8395645618 0.4624342918 0.9337160587 0.1342802048 0.3318782449
-293.1 214.4 2697.7 0.2165374458 0.5264030695 -0.8221991062 -0.2851068079 0.8395645618 0.4624342918 0.9337160587 0.1342802048 0.3318782449
-395.8 45.7 2676.9 0.2332417816 0.5168276429 -0.8237034678 -0.2580597997 0.8495920300 0.4599984288 0.9375517964 0.1052739099 0.3315328062
-327.2 252.1 2561.0 -0.2084295899 0.6787154078 -0.7042034864 0.9655122757 0.2576505244 -0.0374464877 0.1560228914 -0.6877220273 -0.7090100646
-274.5 8.0 2521.5 -0.6512269974 0.6787154078 -0.3394832015 0.6440233588 0.2576505244 -0.7203125358 -0.4014191628 -0.6877220273 -0.6048975587
-259.1 176.7 2834.5 -0.1507717967 0.3012213111 -0.9415591359 -0.9856200218 -0.1193113998 0.1196574643 -0.0762953609 0.9460605383 0.3148785532
-297.2 -72.6 2815.2 0.7409694195 0.3012213111 -0.6001917124 -0.5951921940 -0.1193113998 -0.7946766615 -0.3109832406 0.9460605383 0.0908784717
-517.2 -99.3 2561.5 -0.8927817941 -0.0131339347 0.4502978921 -0.0605953559 0.9939921498 -0.0911472142 -0.4463954568 -0.1086605340 -0.8882139325
-512.0 -494.2 2604.6 -0.8991019130 -0.0898906440 0.4284102917 -0.0065247044 0.9813314676 0.1922132820 -0.4376906753 0.1700240821 -0.8829035759
-476.1 -151.3 2732.1 -0.3806930184 -0.0242036879 0.9243846536 -0.1359900087 0.9902535677 -0.0300769340 -0.9146472216 -0.1371571571 -0.3802740574
-466.5 -544.7 2786.6 -0.4095955491 -0.2704227567 0.8712651730 -0.0408330821 0.9595322013 0.2786227465 -0.9113529325 0.0785461962 -0.4040623307
-101.0 -163.5 2628.5 0 0 0 0 0 0 0 0 0
-102.4 -229.1 2733.4 0 0 0 0 0 0 0 0 0
-481.4 -828.4 2546.7 0 0 0 0 0 0 0 0 0
-392.4 -807.5 2765.1 0 0 0 0 0 0 0 0 0
-191.2 381.4 2729.7 1 0.2510212660 0.5048469901 -0.8259042501 -0.3197495639 0.8485750556 0.4215217829 0.9136457443 0.1582715958 0.3744349778
-292.7 210.8 2697.9 0.2510212660 0.5048469901 -0.8259042501 -0.3197495639 0.8485750556 0.4215217829 0.9136457443 0.1582715958 0.3744349778
-391.9 40.6 2672.9 0.2682006955 0.4991060495 -0.8239912391 -0.2905571759 0.8574059010 0.4247725308 0.9185014367 0.1254922599 0.3749757111
-331.9 253.2 2564.0 -0.1976276040 0.6989951730 -0.6872765422 0.9669719338 0.2541287243 -0.0195926838 0.1609615237 -0.6684491634 -0.7261316180
