-14.9 349.4 2211.4 0 0.4741352201 0.4240405858 -0.7716121674 -0.2602932453 0.9047170877 0.3372452855 0.8410964608 0.0409455672 0.5393331647
-98.7 170.6 2203.3 0.4741352201 0.4240405858 -0.7716121674 -0.2602932453 0.9047170877 0.3372452855 0.8410964608 0.0409455672 0.5393331647
-176.3 -7.2 2198.3 0.4853546321 0.3996436596 -0.7776347399 -0.2354891300 0.9163045287 0.3239304125 0.8420069814 0.0259034093 0.5388443470
-165.0 202.8 2088.3 0.0446478389 0.4347502589 -0.8994436264 0.9502335191 0.2593912482 0.1725469828 0.3083226383 -0.8623852730 -0.4015330076
-177.4 -60.7 2002.8 -0.7840577364 0.4347502589 -0.4429962039 0.5800942779 0.2593912482 -0.7721443176 -0.2207805812 -0.8623852730 -0.4555738270
-32.4 138.5 2318.3 0.1581705511 0.9056973457 -0.3933120966 -0.9734240770 0.0762166828 -0.2159551531 -0.1656130701 0.4170172215 0.8936828375
4.5 -88.6 2279.7 0.3814462721 0.9056973457 -0.1849623621 -0.5757169724 0.0762166828 -0.8140890598 -0.7232210636 0.4170172215 0.5504978895
-293.5 -168.0 2118.1 0.2534945309 -0.1697950959 -0.9523183107 0.1553030014 0.9788475633 -0.1331855804 0.9547887444 -0.1141360775 0.2745021880
-227.6 -548.0 2162.5 0.2503227293 0.0520209894 -0.9667638540 0.0817286223 0.9938557148 0.0746406615 0.9647066593 -0.0976965353 0.2445330769
-206.3 -208.3 2269.4 -0.9343253970 -0.0955485180 -0.3433752060 -0.0174257085 0.9744910002 -0.2237490714 0.3559949398 -0.2030708939 -0.9121567011
-169.2 -586.6 2348.2 -0.9230239987 0.1514291167 -0.3536890745 0.1904713660 0.9785809517 -0.0781024843 0.3342863917 -0.1394581050 -0.9320966005
43.0 -223.7 2064.8 0 0 0 0 0 0 0 0 0
101.8 -235.5 2095.2 0 0 0 0 0 0 0 0 0
-247.0 -918.7 2198.9 0 0 0 0 0 0 0 0 0
-225.7 -951.5 2400.2 0 0 0 0 0 0 0 0 0
-9.4 348.6 2212.7 1 0.4756032526 0.4357538819 -0.7641466260 -0.2638441324 0.8993535638 0.3486394286 0.8391590118 0.0358015560 0.5427066088
-95.8 170.4 2205.6 0.4756032526 0.4357538819 -0.7641466260 -0.2638441324 0.8993535638 0.3486394286 0.8391590118 0.0358015560 0.5427066088
-174.4 -7.0 2200.7 0.4872436821 0.4047673941 -0.7737938762 -0.2387298197 0.9140779376 0.3278254867 0.8400009871 0.0249967668 0.5420087576
-162.3 203.0 2090.8 0.0684260353 0.4459767044 -0.8924251199 0.9434701204 0.2618640661 0.2032026947 0.3243177533 -0.8558807969 -0.4028473794
-181.1 -55.9 2001.8 -0.7723478675 0.4459767044 -0.4523091316 0.5958291292 0.2618640661 -0.7592198849 -0.2201509029 -0.8558807969 -0.4679760635
-29.2 137.8 2320.3 0.1467900425 0.9032908082 -0.4031357169 -0.9727571607 0.0578934774 -0.2244812697 -0.1794329435 0.4251047671 0.8871808052
5.0 -88.8 2278.6 0.3780283928 0.9032908082 -0.2028799355 -0.5759577751 0.0578934774 -0.8154268861 -0.7248221636 0.4251047671 0.5421427488
-297.3 -164.0 2117.8 0.2569748163 -0.1805243045 -0.9494076967 0.1588544846 0.9769262075 -0.1427598894 0.9532728791 -0.1141319722 0.2797225118
-227.2 -543.2 2162.1 0.2530286908 0.0604367293 -0.9655691981 0.0815649554 0.9931609035 0.0835379437 0.9640143514 -0.0998941064 0.2463686764
-210.4 -206.2 2268.7 -0.9313892126 -0.1027595997 -0.3492200375 -0.0292787030 0.9773686528 -0.2095072865 0.3628455997 -0.1849081069 -0.9133192301
-170.5 -585.5 2340.4 -0.9225296378 0.1456963569 -0.3573676050 0.1987087727 0.9731439352 -0.1162142530 0.3308381140 -0.1782231778 -0.9267052412
35.2 -222.8 2063.5 0 0 0 0 0 0 0 0 0
101.4 -235.7 2093.6 0 0 0 0 0 0 0 0 0
-249.8 -913.8 2199.4 0 0 0 0 0 0 0 0 0
-224.8 -948.3 2406.9 0 0 0 0 0 0 0 0 0
-6.0 347.8 2205.8 2 0.4845767021 0.4399773479 -0.7560458779 -0.2571928799 0.8977594376 0.3576028347 0.8360844851 0.0211636089 0.5481923819
-93.3 169.6 2201.6 0.4845767021 0.4399773479 -0.7560458779 -0.2571928799 0.8977594376 0.3576028347 0.8360844851 0.0211636089 0.5481923819
-173.7 -7.0 2199.7 0.4952739775 0.4139237106 -0.7637872100 -0.2345429361 0.9102550149 0.3412117064 0.8364767432 0.0101476228 0.5479084849
-161.0 201.7 2087.3 0.1098594889 0.4464797378 -0.8880240917 0.9369785190 0.2516050041 0.2424174249 0.3316657841 -0.8586913347 -0.3907006979
-190.1 -46.7 1999.4 -0.7564675212 0.4464797378 -0.4779254198 0.6187044382 0.2516050041 -0.7442443967 -0.2120416015 -0.8586913347 -0.4665700197
-25.7 137.6 2315.9 0.1331554353 0.9144108295 -0.3822597265 -0.9798250198 0.0634557903 -0.1895160675 -0.1490389407 0.3997827470 0.9044120312
5.2 -89.6 2281.3 0.3617990911 0.9144108295 -0.1815331429 -0.5710433125 0.0634557903 -0.8184637427 -0.7368927598 0.3997827470 0.5451264381
-296.6 -163.1 2120.6 0.2708682120 -0.1789519787 -0.9458364844 0.1633630544 0.9768612981 -0.1380380243 0.9486532211 -0.1171246246 0.2938348055
-227.1 -542.3 2166.1 0.2667812407 0.0541618057 -0.9622340202 0.0638690442 0.9952311516 0.0737269521 0.9616384506 -0.0811259374 0.2620497346
-209.3 -205.8 2271.1 -0.9258791208 -0.1083932891 -0.3619375229 -0.0275102407 0.9747614264 -0.2215477377 0.3768169880 -0.1951694340 -0.9054931402
-167.2 -584.2 2346.9 -0.9128145576 0.1658259332 -0.3731907606 0.2131590545 0.9729503989 -0.0890544206 0.3483285606 -0.1608391553 -0.9234706163
21.5 -219.8 2058.8 0 0 0 0 0 0 0 0 0
97.5 -235.3 2093.3 0 0 0 0 0 0 0 0 0
-247.3 -913.7 2196.4 0 0 0 0 0 0 0 0 0
-229.0 -947.1 2406.9 0 0 0 0 0 0 0 0 0
-3.9 344.1 2209.4 3 0.4585124850 0.4453766942 -0.7690292001 -0.2434688658 0.8951988816 0.3732852042 0.8546866179 0.0160787366 0.5188952088
-91.9 167.3 2206.2 0.4585124850 0.4453766942 -0.7690292001 -0.2434688658 0.8951988816 0.3732852042 0.8546866179 0.0160787366 0.5188952088
-173.6 -8.7 2206.2 0.4705053866 0.4208665490 -0.7755617499 -0.2185162008 0.9071225524 0.3596934676 0.8549124599 0.0002350863 0.5187721848
-156.1 197.1 2089.5 0.1540572047 0.4616946280 -0.8735585213 0.9209308624 0.2532267869 0.2962474525 0.3579842448 -0.8501260281 -0.3861774206
-195.7 -39.5 1997.5 -0.7416172028 0.4616946280 -0.4866641164 0.6360023618 0.2532267869 -0.7289562821 -0.2133187950 -0.8501260281 -0.4814361930
-27.6 137.5 2322.9 0.1503771693 0.9243355393 -0.3506999910 -0.9719808102 0.0734048188 -0.2233049273 -0.1806656122 0.3744536042 0.9094747901
7.5 -89.7 2280.7 0.3456255794 0.9243355393 -0.1616994888 -0.5769073963 0.0734048188 -0.8135045171 -0.7400816083 0.3744536042 0.5586265922
-298.4 -162.7 2122.8 0.2512905598 -0.1932565570 -0.9484223723 0.1570423096 0.9750218391 -0.1570672840 0.9550867677 -0.1094729081 0.2753632367
-223.3 -541.2 2165.3 0.2461209446 0.0643274784 -0.9671021104 0.0585713126 0.9949845076 0.0810880959 0.9674677849 -0.0766019151 0.2411187738
-209.6 -204.7 2272.6 -0.9324687123 -0.1101356894 -0.3440526724 -0.0447452292 0.9802710414 -0.1925266385 0.3584689200 -0.1641303450 -0.9190001488
-166.9 -585.1 2336.3 -0.9224098921 0.1680883467 -0.3477158546 0.2343260795 0.9592482448 -0.1579054743 0.3070037365 -0.2271324694 -0.9242075086
12.0 -217.6 2057.2 0 0 0 0 0 0 0 0 0
95.7 -236.9 2091.9 0 0 0 0 0 0 0 0 0
-247.3 -912.5 2193.8 0 0 0 0 0 0 0 0 0
-229.5 -942.2 2420.9 0 0 0 0 0 0 0 0 0
-0.1 347.2 2217.2 4 0.4508628547 0.4410042465 -0.7760398984 -0.2567298114 0.8967535496 0.3604481816 0.8548757434 0.0367198735 0.5175318122
-87.3 169.9 2209.9 0.4508628547 0.4410042465 -0.7760398984 -0.2567298114 0.8967535496 0.3604481816 0.8548757434 0.0367198735 0.5175318122
-168.4 -6.4 2205.9 0.4623965025 0.4179677367 -0.7819797993 -0.2324939072 0.9082212448 0.3479665518 0.8556494713 0.0209070221 0.5171332955
-150.5 201.6 2093.1 0.1866445690 0.4633380771 -0.8663034439 0.9094775915 0.2519603372 0.3307061493 0.3715028465 -0.8496080637 -0.3743685484
-199.1 -35.5 1996.2 -0.7347800732 0.4633380771 -0.4953948259 0.6451804638 0.2519603372 -0.7212892175 -0.2093808949 -0.8496080637 -0.4840721190
-24.1 138.1 2326.8 0.1411200017 0.9224619865 -0.3593731523 -0.9694890976 0.0552741550 -0.2388213873 -0.2004396021 0.3821108043 0.9021171331
8.9 -88.8 2279.9 0.3398501277 0.9224619865 -0.1832097322 -0.5858883262 0.0552741550 -0.8085045815 -0.7356879711 0.3821108043 0.5592446327
-297.4 -165.2 2129.5 0.2415888160 -0.1926350147 -0.9510660172 0.1374616176 0.9770079851 -0.1629716009 0.9605931044 -0.0913629532 0.2625141144
-222.7 -544.5 2165.0 0.2372696251 0.0753257349 -0.9685190320 0.0743338689 0.9926584363 0.0954136029 0.9685956836 -0.0946325213 0.2299284339
-213.2 -204.3 2282.6 -0.9358670115 -0.1128351986 -0.3337981105 -0.0547266491 0.9823904634 -0.1786449552 0.3480775356 -0.1489202678 -0.9255619049
-169.4 -585.6 2340.4 -0.9286611080 0.1542541236 -0.3373339176 0.2135470957 0.9659333229 -0.1461865604 0.3032921851 -0.2077944428 -0.9299651980
6.7 -216.3 2054.8 0 0 0 0 0 0 0 0 0
95.6 -238.3 2092.2 0 0 0 0 0 0 0 0 0
-250.8 -914.9 2200.3 0 0 0 0 0 0 0 0 0
-226.9 -945.6 2417.9 0 0 0 0 0 0 0 0 0
6.3 350.6 2220.1 5 0.4374862909 0.4544973075 -0.7759110332 -0.2651365995 0.8897035122 0.3716588318 0.8592486978 0.0431267545 0.5097369552
-83.5 174.8 2211.5 0.4374862909 0.4544973075 -0.7759110332 -0.2651365995 0.8897035122 0.3716588318 0.8592486978 0.0431267545 0.5097369552
-167.7 -0.0 2206.0 0.4485034049 0.4336432815 -0.7815358043 -0.2429279089 0.9006416202 0.3603202701 0.8601341248 0.0282519776 0.5092849135
-144.8 207.9 2094.1 0.2131701112 0.4511727989 -0.8666034937 0.9044933319 0.2442230582 0.3496382833 0.3693918288 -0.8583694696 -0.3560217321
-201.4 -32.4 1995.9 -0.7313210368 0.4511727989 -0.5114808083 0.6524275541 0.2442230582 -0.7174212933 -0.1987655908 -0.8583694696 -0.4729630649
-22.3 141.6 2329.0 0.1506368220 0.9364650846 -0.3167675436 -0.9673311114 0.0735343620 -0.2426174134 -0.2039094418 0.3429662287 0.9169487953
13.6 -88.4 2280.5 0.3192606866 0.9364650846 -0.1452782005 -0.5836684704 0.0735343620 -0.8086555600 -0.7465947866 0.3429662287 0.5700618029
-291.0 -161.8 2125.2 0.2307134271 -0.1736697853 -0.9573975801 0.1438778788 0.9792153835 -0.1429558396 0.9623255730 -0.1047664955 0.2509053648
-223.6 -541.8 2165.8 0.2274025083 0.0687986687 -0.9713675380 0.0917291045 0.9915525317 0.0917025954 0.9694709182 -0.1099560708 0.2191706896
-208.1 -203.4 2278.4 -0.9405110478 -0.1040015742 -0.3234542608 -0.0397191979 0.9791269898 -0.1993308216 0.3374335170 -0.1746254861 -0.9250105619
-167.8 -583.4 2346.2 -0.9303296208 0.1589298397 -0.3304967880 0.2095453590 0.9699794054 -0.1234129444 0.3009610772 -0.1840687841 -0.9357035160
3.7 -215.3 2051.7 0 0 0 0 0 0 0 0 0
95.0 -237.3 2090.1 0 0 0 0 0 0 0 0 0
-249.2 -911.9 2206.9 0 0 0 0 0 0 0 0 0
-227.0 -945.1 2414.8 0 0 0 0 0 0 0 0 0
8.5 350.3 2223.5 6 0.4339720309 0.4618124664 -0.7735615969 -0.2873292565 0.8847371340 0.3669905365 0.8538794518 0.0630032569 0.5166434050
-82.4 176.1 2211.1 0.4339720309 0.4618124664 -0.7735615969 -0.2873292565 0.8847371340 0.3669905365 0.8538794518 0.0630032569 0.5166434050
-168.2 2.4 2201.5 0.4444552362 0.4420311451 -0.7791457176 -0.2666797638 0.8956295252 0.3559910953 0.8551850319 0.0495602861 0.5159479976
-143.1 212.6 2094.3 0.2183294892 0.4444521070 -0.8687891364 0.9056261778 0.2393858731 0.3500509560 0.3635567129 -0.8632246256 -0.3502424657
-201.9 -31.4 1996.4 -0.7326548100 0.4444521070 -0.5154408216 0.6516099572 0.2393858731 -0.7197908759 -0.1965233237 -0.8632246256 -0.4649966061
-21.7 139.7 2327.9 0.1591520011 0.9423318505 -0.2944169343 -0.9670338631 0.0887518004 -0.2386809886 -0.1987866759 0.3226976991 0.9253918529
15.6 -86.5 2281.4 0.3106358945 0.9423318505 -0.1245633438 -0.5908000469 0.0887518004 -0.8019217253 -0.7446211576 0.3226976991 0.5842992067
-292.0 -153.1 2123.5 0.2237287164 -0.1767352819 -0.9584936500 0.1563841254 0.9771898985 -0.1436799467 0.9620236158 -0.1177478656 0.2462640405
-223.4 -532.3 2169.2 0.2189431041 0.0640587360 -0.9736325741 0.0692008659 0.9943104982 0.0809805691 0.9732806087 -0.0851063505 0.2132645100
-211.6 -196.6 2277.6 -0.9404609203 -0.1113940999 -0.3211301863 -0.0486601964 0.9791653752 -0.1971481740 0.3364006877 -0.1697839051 -0.9262872338
-168.4 -576.6 2343.5 -0.9351951480 0.1378658712 -0.3261948228 0.1948901117 0.9694393277 -0.1490142941 0.2956821024 -0.2029295713 -0.9334836602
3.8 -214.4 2051.6 0 0 0 0 0 0 0 0 0
94.8 -237.3 2091.4 0 0 0 0 0 0 0 0 0
-247.3 -903.3 2201.0 0 0 0 0 0 0 0 0 0
-219.8 -938.1 2419.2 0 0 0 0 0 0 0 0 0
11.5 346.8 2211.7 7 0.4502134323 0.4799917042 -0.7529381514 -0.2809221745 0.8765518069 0.3908191919 0.8475792408 0.0355649702 0.5294756889
-82.9 174.6 2204.8 0.4502134323 0.4799917042 -0.7529381514 -0.2809221745 0.8765518069 0.3908191919 0.8475792408 0.0355649702 0.5294756889
-171.2 1.9 2199.3 0.4600861669 0.4552519321 -0.7622771263 -0.2622747421 0.8899149895 0.3731799722 0.8482527137 0.0282310732 0.5288386345
-145.7 210.4 2088.9 0.2086216658 0.4456751347 -0.8705462217 0.9140834212 0.2276493013 0.3355999291 0.3477477729 -0.8657652736 -0.3598916829
-201.0 -31.9 1996.7 -0.7313627601 0.4456751347 -0.5162191987 0.6502920985 0.2276493013 -0.7247730494 -0.2054964006 -0.8657652736 -0.4563132226
-20.0 138.7 2320.6 0.1641013920 0.9490056634 -0.2691820860 -0.9713467956 0.1078990549 -0.2117620409 -0.1719188839 0.2962196171 0.9395200014
18.1 -87.0 2280.6 0.3008223176 0.9490056634 -0.0943090022 -0.5910096765 0.1078990549 -0.7994156480 -0.7484741211 0.2962196171 0.5933299661
-293.8 -147.5 2115.3 0.2421227843 -0.1895928681 -0.9515414238 0.1954102218 0.9701546431 -0.1435787529 0.9503638148 -0.1511772275 0.2719449103
-220.2 -523.9 2173.9 0.2336762398 0.0721309483 -0.9696352482 0.0389978886 0.9957467914 0.0834716335 0.9715321064 -0.0573190637 0.2298694104
-214.2 -195.3 2268.5 -0.9314227700 -0.1228708252 -0.3425702751 -0.0463782325 0.9736835361 -0.2231353968 0.3609718680 -0.1919455975 -0.9126095772
-166.5 -573.1 2342.9 -0.9249729514 0.1465998441 -0.3506187797 0.2105066031 0.9657768011 -0.1515326053 0.3164048493 -0.2139711380 -0.9241776466
4.3 -214.5 2054.4 0 0 0 0 0 0 0 0 0
94.9 -237.8 2089.7 0 0 0 0 0 0 0 0 0
-247.1 -895.4 2195.3 0 0 0 0 0 0 0 0 0
-221.2 -933.5 2422.8 0 0 0 0 0 0 0 0 0
13.7 348.8 2217.9 8 0.4403045475 0.4774543047 -0.7603744268 -0.2903271914 0.8770996928 0.3826307356 0.8496128917 0.0522833206 0.5248089433
-80.4 175.8 2207.5 0.4403045475 0.4774543047 -0.7603744268 -0.2903271914 0.8770996928 0.3826307356 0.8496128917 0.0522833206 0.5248089433
-169.1 3.4 2199.5 0.4502898455 0.4571102262 -0.7670001984 -0.2714633942 0.8884388208 0.3701136708 0.8506154418 0.0415540412 0.5241436958
-141.9 212.9 2091.4 0.2171915174 0.4520079792 -0.8651685715 0.9109499454 0.2245882154 0.3460207283 0.3507108092 -0.8632780313 -0.3629779816
-200.4 -32.4 1996.9 -0.7303035259 0.4520079792 -0.5121967793 0.6488786340 0.2245882154 -0.7269915342 -0.2135726064 -0.8632780313 -0.4573158920
-18.9 138.7 2323.7 0.1707052290 0.9544705749 -0.2446338087 -0.9683823586 0.1166774780 -0.2205039561 -0.1819212884 0.2745402455 0.9442098737
21.1 -88.0 2281.1 0.2892475426 0.9544705749 -0.0729509220 -0.5870596766 0.1166774780 -0.8010913134 -0.7561063170 0.2745402455 0.5940798521
-300.7 -147.3 2117.9 0.2296569794 -0.2108086944 -0.9501670003 0.1990443766 0.9657999873 -0.1661677510 0.9527009130 -0.1509638131 0.2637629807
-218.9 -522.0 2176.4 0.2201485485 0.0763455853 -0.9724741578 0.0370573737 0.9955583215 0.0865468830 0.9747622013 -0.0550905094 0.2163415551
-218.3 -194.3 2269.8 -0.9338266253 -0.1341076493 -0.3316367865 -0.0592516251 0.9722496867 -0.2263179719 0.3527847230 -0.1916917264 -0.9158587456
-166.2 -571.6 2344.2 -0.9280372858 0.1431510299 -0.3438816369 0.1956575364 0.9729264379 -0.1230134591 0.3169620037 -0.1814441085 -0.9309206009
4.7 -214.6 2056.9 0 0 0 0 0 0 0 0 0
94.8 -237.8 2088.2 0 0 0 0 0 0 0 0 0
-247.4 -893.5 2197.0 0 0 0 0 0 0 0 0 0
-219.6 -934.5 2411.9 0 0 0 0 0 0 0 0 0
16.9 343.0 2221.9 9 0.4455140233 0.4784037769 -0.7567344904 -0.2987323403 0.8762476444 0.3780860305 0.8439645767 0.0576184317 0.5332952738
-77.5 170.2 2210.5 0.4455140233 0.4784037769 -0.7567344904 -0.2987323403 0.8762476444 0.3780860305 0.8439645767 0.0576184317 0.5332952738
-166.1 -2.2 2202.4 0.4578958452 0.4567055702 -0.7627263069 -0.2753636539 0.8886221051 0.3667773902 0.8452847004 0.0420812517 0.5326564908
-140.0 207.9 2095.1 0.2305669188 0.4550470114 -0.8600994945 0.9008010626 0.2344362587 0.3655093908 0.3679624796 -0.8590528965 -0.3558535874
-201.3 -31.4 1997.4 -0.7283899188 0.4550470114 -0.5122307539 0.6529405713 0.2344362587 -0.7202140689 -0.2076458037 -0.8590528965 -0.4678796530
-14.9 132.6 2326.0 0.1766682267 0.9612008333 -0.2118521631 -0.9639608860 0.1254689544 -0.2345994413 -0.1989163011 0.2456634641 0.9487264156
25.8 -89.6 2280.2 0.2714877129 0.9612008333 -0.0488613099 -0.5880316496 0.1254689544 -0.7990471721 -0.7619141936 0.2456634641 0.5992797613
-298.1 -144.7 2115.2 0.2357465178 -0.2071731985 -0.9494750500 0.2036978602 0.9658433199 -0.1601682752 0.9502266645 -0.1556469202 0.2698949277
-217.7 -519.6 2175.7 0.2266422957 0.0732812956 -0.9712173343 0.0365110189 0.9958254099 0.0836582258 0.9732934833 -0.0544206277 0.2230205834
-217.5 -193.4 2267.6 -0.9317752123 -0.1357103884 -0.3367160559 -0.0540116169 0.9690002203 -0.2410835773 0.3589954674 -0.2064491212 -0.9102203250
-164.8 -569.5 2347.7 -0.9255884886 0.1422540098 -0.3507845104 0.1953549385 0.9732671976 -0.1207781807 0.3242259026 -0.1803183854 -0.9286349416
3.2 -214.7 2055.7 0 0 0 0 0 0 0 0 0
95.1 -239.6 2085.8 0 0 0 0 0 0 0 0 0
-245.1 -891.3 2196.0 0 0 0 0 0 0 0 0 0
-217.9 -932.7 2415.0 0 0 0 0 0 0 0 0 0
19.8 344.5 2223.4 0 0.4520747364 0.4720784128 -0.7568159699 -0.2983531058 0.8796253204 0.3704655468 0.8406032920 0.0583202764 0.5385024548
-73.8 170.1 2211.9 0.4520747364 0.4720784128 -0.7568159699 -0.2983531058 0.8796253204 0.3704655468 0.8406032920 0.0583202764 0.5385024548
-161.4 -3.0 2203.7 0.4642210007 0.4513911307 -0.7620661855 -0.2750600278 0.8913225532 0.3603971004 0.8419268727 0.0423100442 0.5379303098
-137.2 207.6 2096.9 0.2410598248 0.4554222822 -0.8570184708 0.8968622088 0.2328961492 0.3760286868 0.3708481491 -0.8592728972 -0.3523091376
-201.4 -31.2 1998.1 -0.7253705859 0.4554222822 -0.5161666870 0.6566635370 0.2328961492 -0.7173230648 -0.2064716816 -0.8592728972 -0.4679952264
-10.4 132.5 2326.9 0.1663396806 0.9618303180 -0.2172867209 -0.9626633525 0.1106742397 -0.2470435351 -0.2135659307 0.2502670884 0.9443283081
28.9 -94.9 2276.5 0.2669326961 0.9618303180 -0.0602440760 -0.5808046460 0.1106742397 -0.8064844608 -0.7690337300 0.2502670884 0.5881780982
-295.8 -150.0 2118.5 0.2417722493 -0.2057480812 -0.9482688904 0.1926198155 0.9679894447 -0.1609162092 0.9510225058 -0.1437503099 0.2736641467
-215.9 -525.8 2174.3 0.2322086692 0.0847607553 -0.9689658284 0.0543680191 0.9935073256 0.0999366045 0.9711453319 -0.0758868977 0.2260927260
-213.7 -199.4 2269.9 -0.9329710007 -0.1153601110 -0.3409649730 -0.0343927145 0.9714882374 -0.2345800400 0.3583046496 -0.2071296573 -0.9103379250
-169.0 -576.4 2350.3 -0.9259398580 0.1361832023 -0.3522633314 0.1880772263 0.9751129150 -0.1173957288 0.3275092244 -0.1749541014 -0.9285088778
2.2 -215.5 2056.1 0 0 0 0 0 0 0 0 0
97.0 -243.1 2080.2 0 0 0 0 0 0 0 0 0
-247.5 -896.5 2202.6 0 0 0 0 0 0 0 0 0
-219.8 -940.4 2415.6 0 0 0 0 0 0 0 0 0
21.1 344.9 2225.2 1 0.4425692856 0.4771033227 -0.7592791915 -0.3000464737 0.8766986728 0.3759940863 0.8450470567 0.0614156015 0.5311530828
-73.4 171.3 2213.0 0.4425692856 0.4771033227 -0.7592791915 -0.3000464737 0.8766986728 0.3759940863 0.8450470567 0.0614156015 0.5311530828
-162.3 -1.0 2204.4 0.4546485245 0.4581136405 -0.7638236880 -0.2772566676 0.8877676129 0.3674200177 0.8464180231 0.0447282344 0.5306372643
-135.5 209.2 2097.4 0.2438466400 0.4599661529 -0.8537973762 0.8978349566 0.2257656753 0.3780505955 0.3666486144 -0.8587555289 -0.3579214811
-200.9 -31.7 1999.0 -0.7220304608 0.4599661529 -0.5168201923 0.6580170393 0.2257656753 -0.7183616161 -0.2137417644 -0.8587555289 -0.4656752646
-11.3 133.5 2328.7 0.1734057069 0.9686136246 -0.1780958474 -0.9607234001 0.1265864670 -0.2469543517 -0.2166588306 0.2139241397 0.9525205493
30.2 -96.2 2276.9 0.2470287681 0.9686136246 -0.0276488848 -0.5859388113 0.1265864670 -0.8004071712 -0.7717852592 0.2139241397 0.5988187790
-290.6 -151.3 2120.0 0.2359295487 -0.1853946745 -0.9539214373 0.1876613796 0.9718471766 -0.1424650252 0.9534780979 -0.1454024911 0.2640788853
-218.7 -528.5 2176.5 0.2283748090 0.0684486628 -0.9711641073 0.0424803086 0.9958748221 0.0801797882 0.9726460576 -0.0595663935 0.2245250046
-207.4 -200.6 2270.9 -0.9350038767 -0.1101820841 -0.3370870650 -0.0380514115 0.9761934876 -0.2135377675 0.3525902033 -0.1868319958 -0.9169372916
-164.7 -579.5 2343.4 -0.9256895185 0.1601780057 -0.3426979780 0.2251500636 0.9612854719 -0.1588636637 0.3039841354 -0.2242168933 -0.9259160161
1.9 -216.5 2059.1 0 0 0 0 0 0 0 0 0
93.2 -245.7 2080.0 0 0 0 0 0 0 0 0 0
-244.2 -900.1 2198.7 0 0 0 0 0 0 0 0 0
-224.4 -937.7 2426.9 0 0 0 0 0 0 0 0 0
23.3 340.6 2225.1 2 0.4402513504 0.4861197174 -0.7548949122 -0.3033870757 0.8718472123 0.3844979703 0.8450651169 0.0597496144 0.5313143730
-72.7 168.4 2213.3 0.4402513504 0.4861197174 -0.7548949122 -0.3033870757 0.8718472123 0.3844979703 0.8450651169 0.0597496144 0.5313143730
-163.2 -3.1 2205.1 0.4532081783 0.4660522640 -0.7598668337 -0.2794975638 0.8837465048 0.3753308654 0.8464534879 0.0422779061 0.5307816267
-134.6 206.6 2097.6 0.2694980800 0.4663921297 -0.8425254822 0.8875499964 0.2191839665 0.4052324891 0.3736653328 -0.8569928408 -0.3548766673
-204.0 -21.9 2001.5 -0.6872017980 0.4663921297 -0.5569847822 0.6998042464 0.2191839665 -0.6798768044 -0.1950070411 -0.8569928408 -0.4770067930
-10.8 130.2 2328.9 0.1758165658 0.9668570161 -0.1851378828 -0.9583374262 0.1250964254 -0.2567882836 -0.2251174599 0.2225722075 0.9485692978
30.6 -95.5 2275.9 0.2529523969 0.9668570161 -0.0346782878 -0.5877369642 0.1250964254 -0.7993223071 -0.7684922218 0.2225722075 0.5999010801
-291.9 -148.5 2119.8 0.2363306433 -0.1872541457 -0.9534587860 0.2005799860 0.9695222974 -0.1406918317 0.9507446885 -0.1579949558 0.2666872740
-219.3 -524.8 2181.2 0.2293483019 0.0601962768 -0.9714812040 0.0271215662 0.9973030090 0.0681991652 0.9729664922 -0.0419894569 0.2270971388
-210.5 -198.1 2271.5 -0.9315047264 -0.1292372495 -0.3399951458 -0.0574128255 0.9752724767 -0.2134183645 0.3591695130 -0.1792801321 -0.9158907533
-160.3 -576.6 2341.1 -0.9225037694 0.1718846112 -0.3456045389 0.2410781980 0.9558334351 -0.1681184024 0.3014433980 -0.2384075820 -0.9231975675
-11.9 -217.6 2056.0 0 0 0 0 0 0 0 0 0
95.2 -245.4 2079.8 0 0 0 0 0 0 0 0 0
-241.7 -896.9 2196.8 0 0 0 0 0 0 0 0 0
-224.4 -933.1 2430.0 0 0 0 0 0 0 0 0 0
23.7 339.4 2225.5 3 0.4264622927 0.4812940657 -0.7658237219 -0.2834455669 0.8751416802 0.3921550810 0.8589462042 0.0498299710 0.5096355677
-71.4 166.4 2215.7 0.4264622927 0.4812940657 -0.7658237219 -0.2834455669 0.8751416802 0.3921550810 0.8589462042 0.0498299710 0.5096355677
-160.8 -5.8 2209.9 0.4404296279 0.4603344500 -0.7707878351 -0.2573037148 0.8872485161 0.3828639686 0.8601258993 0.0297019482 0.5092163086
-131.6 201.5 2098.2 0.2812959552 0.4718125463 -0.8356228471 0.8825694919 0.2146775723 0.4183116853 0.3767541647 -0.8551645875 -0.3560194075
-201.9 -19.1 2004.0 -0.6564620137 0.4718125463 -0.5886004567 0.7330163717 0.2146775723 -0.6454460025 -0.1781702042 -0.8551645875 -0.4867739677
-11.3 131.2 2333.1 0.1774010807 0.9730136991 -0.1475573033 -0.9537917376 0.1330405921 -0.2694096267 -0.2425081730 0.1885324866 0.9516539574
31.3 -97.7 2274.9 0.2306251228 0.9730136991 -0.0075066555 -0.5872881413 0.1330405921 -0.7983688712 -0.7758252025 0.1885324866 0.6021218896
-294.2 -149.7 2121.0 0.2272120267 -0.1989840120 -0.9532995820 0.1836344600 0.9700957537 -0.1587219685 0.9563749433 -0.1389951110 0.2569577396
-217.0 -526.1 2175.0 0.2208267897 0.0669070110 -0.9730154276 0.0659615993 0.9943354726 0.0833430812 0.9730799794 -0.0825860351 0.2151626199
-213.0 -199.7 2272.7 -0.9364213347 -0.1413156986 -0.3211618960 -0.0594696030 0.9659891129 -0.2516513467 0.3458012044 -0.2165523022 -0.9129768014
-158.2 -574.4 2356.7 -0.9243592620 0.1711540520 -0.3409782946 0.2093287557 0.9747123718 -0.0782132149 0.3189692497 -0.1436736733 -0.9368118644
-18.7 -223.7 2053.7 0 0 0 0 0 0 0 0 0
90.2 -247.5 2077.0 0 0 0 0 0 0 0 0 0
-242.0 -897.0 2205.8 0 0 0 0 0 0 0 0 0
-221.8 -936.4 2410.0 0 0 0 0 0 0 0 0 0
23.4 337.4 2219.2 4 0.4660832882 0.4816102982 -0.7421710491 -0.2751926780 0.8761619329 0.3957388401 0.8408539295 0.0197927877 0.5409000516
-71.4 165.1 2215.4 0.4660832882 0.4816102982 -0.7421710491 -0.2751926780 0.8761619329 0.3957388401 0.8408539295 0.0197927877 0.5409000516
-159.5 -7.8 2214.7 0.4802658558 0.4548287690 -0.7499836683 -0.2484350950 0.8905726671 0.3809991777 0.8412043452 0.0033413600 0.5407070518
-136.9 199.0 2100.6 0.2314998657 0.5080568790 -0.8296300769 0.8925624490 0.2282916754 0.3888639808 0.3869626522 -0.8305186033 -0.4006229937
-194.5 -23.0 2004.3 -0.6284675598 0.5080568790 -0.5889879465 0.7576153278 0.2282916754 -0.6114751697 -0.1762031317 -0.8305186033 -0.5283855796
-5.8 131.1 2330.1 0.1623475701 0.9805375338 -0.1104055494 -0.9626560211 0.1328247935 -0.2359044999 -0.2166486233 0.1445810944 0.9654841423
32.4 -95.3 2279.2 0.1952589005 0.9805375338 0.0204958748 -0.5828639865 0.1328247935 -0.8016402721 -0.7887607813 0.1445810944 0.5974552631
-289.6 -155.0 2127.1 0.2732106149 -0.1958851963 -0.9417988062 0.1688040793 0.9736182094 -0.1535342038 0.9470275044 -0.1170323044 0.2990690470
-213.6 -532.8 2172.6 0.2652573586 0.0888898373 -0.9600714445 0.0636019334 0.9919592738 0.1094147563 0.9620776176 -0.0900854692 0.2574709356
-210.7 -201.1 2281.2 -0.9202754498 -0.1385395378 -0.3659233451 -0.0590112433 0.9736632109 -0.2202216834 0.3867955208 -0.1810710132 -0.9042137265
-157.0 -578.6 2351.4 -0.9076368809 0.1786688715 -0.3798325658 0.2332667559 0.9669906497 -0.1025462151 0.3489727080 -0.1816770434 -0.9193538427
-19.1 -234.4 2053.5 0 0 0 0 0 0 0 0 0
82.2 -243.9 2078.1 0 0 0 0 0 0 0 0 0
-246.7 -902.8 2206.2 0 0 0 0 0 0 0 0 0
-223.5 -938.4 2419.0 0 0 0 0 0 0 0 0 0
27.6 338.6 2222.1 5 0.4502252042 0.4882442057 -0.7476060987 -0.2858081162 0.8720143437 0.3973722458 0.8459379077 0.0347648934 0.5321469903
-68.9 166.3 2215.2 0.4502252042 0.4882442057 -0.7476060987 -0.2858081162 0.8720143437 0.3973722458 0.8459379077 0.0347648934 0.5321469903
-158.2 -6.0 2211.5 0.4645539522 0.4603199065 -0.7565019727 -0.2592286766 0.8875460625 0.3808706999 0.8467527032 0.0191720147 0.5316411853
-132.3 201.7 2099.6 0.2192528397 0.4987688363 -0.8385450840 0.9026387334 0.2225585580 0.3683897257 0.3703666925 -0.8376737833 -0.4014114738
-188.3 -28.7 2005.1 -0.6261575818 0.4987688363 -0.5992965698 0.7607817054 0.2225585580 -0.6096547246 -0.1706981957 -0.8376737833 -0.5188109279
-5.5 130.9 2330.8 0.1628423780 0.9812261462 -0.1033324674 -0.9646691680 0.1363541484 -0.2254351228 -0.2071130276 0.1363920271 0.9687628150
32.8 -96.2 2282.1 0.1908713132 0.9812261462 0.0276294127 -0.5852644444 0.1363541484 -0.7992953658 -0.7880568504 0.1363920271 0.6003028750
-290.7 -158.4 2138.8 0.2630116045 -0.2033497840 -0.9431191683 0.1353171915 0.9756481051 -0.1726270169 0.9552560449 -0.0822173283 0.2841234803
-211.8 -536.9 2170.6 0.2567948699 0.0963793471 -0.9616482854 0.0648393556 0.9910553694 0.1166410670 0.9642884731 -0.0923054814 0.2482487410
-204.7 -202.9 2289.3 -0.9278091788 -0.1162788197 -0.3544705510 -0.0499108918 0.9803312421 -0.1909438521 0.3697012961 -0.1594675183 -0.9153639078
-159.6 -583.1 2351.1 -0.9166627526 0.1670347154 -0.3630823195 0.2190293968 0.9698557854 -0.1067980975 0.3342985213 -0.1774235368 -0.9256162047
-13.5 -241.0 2052.8 0 0 0 0 0 0 0 0 0
81.5 -245.5 2081.1 0 0 0 0 0 0 0 0 0
-247.8 -906.7 2205.1 0 0 0 0 0 0 0 0 0
-221.9 -944.5 2417.3 0 0 0 0 0 0 0 0 0
28.3 338.2 2223.5 6 0.4309822023 0.4913393855 -0.7568619251 -0.2848206460 0.8699515462 0.4025686085 0.8562310338 0.0420700088 0.5148772597
-68.8 166.1 2215.2 0.4309822023 0.4913393855 -0.7568619251 -0.2848206460 0.8699515462 0.4025686085 0.8562310338 0.0420700088 0.5148772597
-159.3 -5.5 2210.4 0.4452112913 0.4662021101 -0.7644883990 -0.2587519884 0.8843303919 0.3885963559 0.8572247624 0.0248054247 0.5143445730
-129.6 201.5 2098.2 0.2204273641 0.4997309148 -0.8376638889 0.9042930603 0.2171939909 0.3675334454 0.3656033874 -0.8385080695 -0.4040277004
-185.8 -28.9 2005.1 -0.6263976693 0.4997309148 -0.5982432365 0.7592211366 0.2171939909 -0.6135226488 -0.1766614020 -0.8385080695 -0.5154560804
-8.0 130.8 2332.3 0.1743760854 0.9751636386 -0.1365608275 -0.9631806612 0.1400989741 -0.2294673324 -0.2046361566 0.1715463698 0.9636886716
33.1 -96.5 2284.0 0.2213676125 0.9751636386 0.0072290841 -0.5912235975 0.1400989741 -0.7942461371 -0.7755327821 0.1715463698 0.6075531244
-289.0 -155.0 2132.0 0.2424314767 -0.2073798478 -0.9477450252 0.1468998641 0.9734700918 -0.1754321307 0.9589824677 -0.0966933370 0.2664638460
-208.6 -532.8 2169.5 0.2328080982 0.1008048803 -0.9672842026 0.0386076532 0.9928715229 0.1127636209 0.9717560410 -0.0635968596 0.2272566855
-209.3 -201.0 2285.2 -0.9359094501 -0.1080440134 -0.3352610171 -0.0382215790 0.9773258567 -0.2082624286 0.3501607776 -0.1821005642 -0.9188181758
-166.9 -584.3 2356.6 -0.9239627123 0.1673743725 -0.3439168334 0.2185795009 0.9689382911 -0.1156787649 0.3138725162 -0.1820560396 -0.9318474531
-10.9 -240.8 2054.4 0 0 0 0 0 0 0 0 0
89.6 -247.3 2086.2 0 0 0 0 0 0 0 0 0
-246.2 -903.2 2193.2 0 0 0 0 0 0 0 0 0
-229.3 -945.7 2424.5 0 0 0 0 0 0 0 0 0
29.2 337.5 2224.3 7 0.4646642506 0.4870630801 -0.7394976020 -0.2993042171 0.8723689318 0.3865093291 0.8333691359 0.0417376831 0.5511386991
-67.2 164.9 2216.0 0.4646642506 0.4870630801 -0.7394976020 -0.2993042171 0.8723689318 0.3865093291 0.8333691359 0.0417376831 0.5511386991
-156.7 -7.3 2211.4 0.4795734882 0.4614717066 -0.7463599443 -0.2716526091 0.8868437409 0.3737820089 0.8343944550 0.0234946739 0.5506667495
-132.6 201.9 2102.1 0.1999509186 0.5230914950 -0.8284895420 0.9022034407 0.2315100431 0.3639120758 0.3821629584 -0.8202306628 -0.4256443381
-183.7 -28.7 2004.5 -0.6147577167 0.5230914950 -0.5902950168 0.7690595388 0.2315100431 -0.5957772136 -0.1749867797 -0.8202306628 -0.5446110964
-1.7 127.8 2329.9 0.1598138660 0.9737721682 -0.1619483083 -0.9686133862 0.1230475157 -0.2159800678 -0.1903880388 0.1913819164 0.9628735185
34.9 -94.5 2286.2 0.2266636342 0.9737721682 -0.0197819099 -0.5977622271 0.1230475157 -0.7921739817 -0.7689628601 0.1913819164 0.6099746823
-289.6 -154.0 2128.8 0.2733578384 -0.2189090699 -0.9366719127 0.1533275545 0.9712260962 -0.1822376698 0.9496136904 -0.0938015133 0.2990570366
-204.6 -530.9 2165.2 0.2611780465 0.1205327883 -0.9577357769 0.0391732566 0.9900326729 0.1352801025 0.9644954801 -0.0728498250 0.2538531423
-211.6 -200.1 2283.1 -0.9198491573 -0.1311402768 -0.3697022200 -0.0632967576 0.9797333479 -0.1900422126 0.3871318102 -0.1514092237 -0.9095076919
-160.4 -582.1 2342.1 -0.9130470157 0.1553268731 -0.3771189749 0.2178418636 0.9674268961 -0.1289578974 0.3448044062 -0.1998969316 -0.9171429276
-12.1 -243.4 2053.3 0 0 0 0 0 0 0 0 0
92.8 -246.9 2090.0 0 0 0 0 0 0 0 0 0
-249.6 -900.3 2192.4 0 0 0 0 0 0 0 0 0
-218.4 -943.0 2416.7 0 0 0 0 0 0 0 0 0
30.0 335.8 2211.6 8 0.4130459726 0.4863687754 -0.7699600458 -0.2373622209 0.8737223744 0.4245802164 0.8792338967 0.0073882784 0.4763330817
-66.0 163.3 2210.2 0.4130459726 0.4863687754 -0.7699600458 -0.2373622209 0.8737223744 0.4245802164 0.8792338967 0.0073882784 0.4763330817
-155.5 -8.8 2211.4 0.4254730046 0.4601831734 -0.7792330384 -0.2142356038 0.8878011703 0.4073231816 0.8792473078 -0.0063655484 0.4763230681
-123.9 192.4 2090.6 0.2327601612 0.4951137602 -0.8370693326 0.9046980143 0.2055892646 0.3731682897 0.3568532169 -0.8441536427 -0.4000754356
-180.7 -28.4 2003.5 -0.6013608575 0.4951137602 -0.6270785332 0.7823455334 0.2055892646 -0.5879358053 -0.1621744931 -0.8441536427 -0.5109834075
-8.1 134.3 2329.7 0.1839579940 0.9733955264 -0.1366037577 -0.9643074870 0.1517934799 -0.2169558555 -0.1904482991 0.1716387868 0.9665762186
36.1 -97.4 2284.0 0.2287663072 0.9733955264 0.0129269212 -0.6015608907 0.1517934799 -0.7842724323 -0.7653695345 0.1716387868 0.6202818751
-289.2 -155.1 2132.1 0.2328508198 -0.2297985107 -0.9449725747 0.1295216531 0.9703533649 -0.2040551752 0.9638488889 -0.0748799890 0.2557114661
-200.0 -531.7 2161.2 0.2225893289 0.1451169848 -0.9640513659 0.0557421707 0.9853474498 0.1611929387 0.9733174443 -0.0896181464 0.2112386972
-204.2 -203.6 2281.9 -0.9394897819 -0.1232287958 -0.3196460009 -0.0648982227 0.9801885486 -0.1871327460 0.3363734782 -0.1550648510 -0.9288744926
-156.3 -585.0 2342.2 -0.9326004982 0.1559014320 -0.3255012929 0.2096647471 0.9681245685 -0.1370238066 0.2937635779 -0.1960346103 -0.9355604649
-12.9 -246.7 2048.8 0 0 0 0 0 0 0 0 0
94.4 -250.9 2088.7 0 0 0 0 0 0 0 0 0
-254.1 -899.3 2194.6 0 0 0 0 0 0 0 0 0
-214.4 -946.3 2415.4 0 0 0 0 0 0 0 0 0
28.6 332.7 2211.8 9 0.4003683925 0.4821929336 -0.7792272568 -0.2183921039 0.8760629296 0.4299054146 0.8899494410 -0.0019434596 0.4560550153
-66.6 159.8 2212.2 0.4003683925 0.4821929336 -0.7792272568 -0.2183921039 0.8760629296 0.4299054146 0.8899494410 -0.0019434596 0.4560550153
-156.1 -12.3 2215.9 0.4128235579 0.4608752728 -0.7856020927 -0.1951038390 0.8872554302 0.4179859459 0.8896691799 -0.0192804635 0.4561984837
-122.8 186.3 2090.9 0.1949466467 0.5034437180 -0.8417482972 0.9151313305 0.2154149413 0.3407801092 0.3528887928 -0.8367441893 -0.4187226892
-171.3 -41.3 2003.2 -0.6073081493 0.5034437180 -0.6145902872 0.7770696282 0.2154149413 -0.5914044380 -0.1653469056 -0.8367441893 -0.5220341086
-10.3 133.2 2333.4 0.1969078928 0.9734231234 -0.1169389561 -0.9618123174 0.1686625332 -0.2155690938 -0.1901167184 0.1549205780 0.9694613218
35.7 -91.5 2289.0 0.2261757851 0.9734231234 0.0359436944 -0.6018430591 0.1686625332 -0.7806009650 -0.7659174204 0.1549205780 0.6239953041
-283.0 -161.9 2134.2 0.2291262597 -0.2185439020 -0.9485461116 0.1076406837 0.9741824269 -0.1984493136 0.9674268365 -0.0566321984 0.2467349917
-198.2 -539.9 2156.2 0.2252567858 0.1556651890 -0.9617836475 0.0828388035 0.9805194736 0.1780990511 0.9707714319 -0.1197910234 0.2079735398
-207.5 -199.9 2291.2 -0.9393903017 -0.1590210944 -0.3037402630 -0.0906729028 0.9696159363 -0.2272077650 0.3306422234 -0.1858957559 -0.9252666831
-145.7 -576.4 2363.4 -0.9234430790 0.1929998249 -0.3316684663 0.2059356123 0.9785575867 -0.0039448198 0.3237953484 -0.0719451681 -0.9433877468
-1.8 -258.2 2049.4 0 0 0 0 0 0 0 0 0
93.4 -245.0 2093.6 0 0 0 0 0 0 0 0 0
-256.2 -905.7 2200.9 0 0 0 0 0 0 0 0 0
-217.2 -938.5 2390.0 0 0 0 0 0 0 0 0 0
31.3 334.4 2205.4 0 0.4184280038 0.4903979301 -0.7644788027 -0.2145126313 0.8712518811 0.4414798915 0.8825544119 -0.0207371973 0.4697527587
-65.2 162.9 2209.5 0.4184280038 0.4903979301 -0.7644788027 -0.2145126313 0.8712518811 0.4414798915 0.8825544119 -0.0207371973 0.4697527587
-155.7 -8.6 2216.4 0.4308265448 0.4664231837 -0.7725528479 -0.1917700619 0.8838422894 0.4266696870 0.8818235397 -0.0356681123 0.4702287018
-124.0 189.1 2089.2 0.1468750238 0.5243855715 -0.8387177587 0.9296308756 0.2165210694 0.2981695533 0.3379558921 -0.8234915733 -0.4556834996
-161.9 -50.6 2002.0 -0.6058919430 0.5243855715 -0.5982597470 0.7743997574 0.2165210694 -0.5944944024 -0.1822084635 -0.8234915733 -0.5372724533
-6.4 136.8 2329.7 0.1791487634 0.9754710197 -0.1279140860 -0.9683197737 0.1518392563 -0.1982463449 -0.1739611775 0.1593773216 0.9717696905
35.7 -90.8 2288.9 0.2191257924 0.9754710197 0.0209804326 -0.6007881761 0.1518392563 -0.7848556638 -0.7687895894 0.1593773216 0.6193233728
-282.6 -167.1 2140.1 0.2538176775 -0.2173538655 -0.9425146580 0.0998228863 0.9751082659 -0.1979881525 0.9620873332 -0.0438316390 0.2691965997
-198.2 -545.5 2157.2 0.2475219816 0.1507439464 -0.9570836425 0.0572728924 0.9838185906 0.1697667688 0.9671880007 -0.0968359560 0.2348831892
-209.0 -201.8 2299.2 -0.9295906425 -0.1660370678 -0.3290789425 -0.0995115712 0.9726949334 -0.2096712440 0.3549066186 -0.1621612608 -0.9207307100
-144.6 -579.3 2362.2 -0.9148293138 0.1876017600 -0.3576211929 0.1970069110 0.9803478718 0.0103106415 0.3525274694 -0.0610213652 -0.9338098168
7.3 -266.8 2052.9 0 0 0 0 0 0 0 0 0
91.6 -244.1 2092.7 0 0 0 0 0 0 0 0 0
-254.5 -912.5 2193.3 0 0 0 0 0 0 0 0 0
-214.3 -943.7 2384.8 0 0 0 0 0 0 0 0 0
28.5 335.1 2209.7 1 0.4187071025 0.4762765169 -0.7732043862 -0.2295501232 0.8792912364 0.4173172116 0.8786302209 0.0027554829 0.4774948359
-65.4 161.8 2209.1 0.4187071025 0.4762765169 -0.7732043862 -0.2295501232 0.8792912364 0.4173172116 0.8786302209 0.0027554829 0.4774948359
-154.0 -10.9 2212.6 0.4322547913 0.4563763142 -0.7777380347 -0.2038552165 0.8896022439 0.4087185860 0.8784070015 -0.0181246102 0.4775695503
-124.4 189.6 2089.2 0.1319607347 0.5294101238 -0.8380401731 0.9309410453 0.2242139727 0.2882305980 0.3404925168 -0.8182010651 -0.4632621706
-158.7 -52.0 2000.9 -0.6145923138 0.5294101238 -0.5848087072 0.7661870718 0.2242139727 -0.6022337079 -0.1877063215 -0.8182010651 -0.5434273481
-6.4 133.9 2329.0 0.1821305156 0.9730566740 -0.1413831264 -0.9686227441 0.1528224945 -0.1959980428 -0.1691106707 0.1726441383 0.9703584909
35.6 -89.3 2290.1 0.2303180248 0.9730566740 0.0106920926 -0.6095385551 0.1528224945 -0.7778869271 -0.7585620284 0.1726441383 0.6283133030
-284.9 -162.9 2144.4 0.2526519597 -0.2272801548 -0.9404842854 0.0807968453 0.9735802412 -0.2135729194 0.9641777873 -0.0220285486 0.2643404603
-196.7 -540.7 2153.0 0.2520839572 0.1553682238 -0.9551514983 0.0772014633 0.9806523323 0.1798913181 0.9646209478 -0.1190868095 0.2352120578
-207.9 -197.2 2302.2 -0.9293358326 -0.1663042456 -0.3296632171 -0.1132164672 0.9781642556 -0.1742892265 0.3514497876 -0.1246499196 -0.9278714657
-143.3 -576.6 2350.6 -0.9185358882 0.1880934685 -0.3477249742 0.2191183418 0.9743235111 -0.0517770648 0.3290576935 -0.1237520128 -0.9361658096
12.9 -265.9 2053.3 0 0 0 0 0 0 0 0 0
94.4 -244.8 2096.5 0 0 0 0 0 0 0 0 0
-254.6 -906.6 2197.4 0 0 0 0 0 0 0 0 0
-213.3 -938.8 2396.6 0 0 0 0 0 0 0 0 0
28.0 334.2 2218.3 2 0.3851853311 0.4753873348 -0.7909735441 -0.2251788676 0.8796178102 0.4190071523 0.8949450850 0.0167151187 0.4458630681
-65.6 160.9 2215.0 0.3851853311 0.4753873348 -0.7909735441 -0.2251788676 0.8796178102 0.4190071523 0.8949450850 0.0167151187 0.4458630681
-154.4 -11.7 2216.8 0.4003711939 0.4571395516 -0.7941828370 -0.1963719428 0.8893456459 0.4129193127 0.8950647712 -0.0093657728 0.4458377659
-120.3 187.7 2092.9 0.1375887692 0.5127531886 -0.8474393487 0.9265049696 0.2358964086 0.2931576371 0.3502254188 -0.8254920244 -0.4426116943
-156.2 -54.1 2001.5 -0.6411422491 0.5127531886 -0.5709822774 0.7446798086 0.2358964086 -0.6243435144 -0.1854414791 -0.8254920244 -0.5330801010
-11.0 134.1 2337.2 0.2015428543 0.9705113769 -0.1322426200 -0.9575732350 0.1668364704 -0.2349873930 -0.2059950531 0.1739920229 0.9629604220
36.3 -90.5 2288.9 0.2400689572 0.9705113769 0.0217836984 -0.6037241817 0.1668364704 -0.7795400620 -0.7601868510 0.1739920229 0.6259734631
-281.3 -165.2 2137.5 0.2189525515 -0.2226592600 -0.9499908686 0.0846240297 0.9742798805 -0.2088480890 0.9720589519 -0.0346642323 0.2321633846
-194.9 -543.4 2151.0 0.2199794352 0.1603640467 -0.9622330666 0.0908659026 0.9787382483 0.1838879436 0.9712632895 -0.1278857440 0.2007306814
-203.9 -201.7 2294.8 -0.9417163730 -0.1572588980 -0.2973885536 -0.1080974191 0.9785855412 -0.1751720905 0.3185675144 -0.1328154951 -0.9385492802
-142.9 -581.4 2346.3 -0.9288222790 0.2004166842 -0.3116445541 0.2346931994 0.9690725207 -0.0762726814 0.2867198586 -0.1439846307 -0.9471325874
22.7 -261.9 2053.2 0 0 0 0 0 0 0 0 0
97.5 -244.6 2094.9 0 0 0 0 0 0 0 0 0
-254.7 -908.6 2198.7 0 0 0 0 0 0 0 0 0
-217.6 -942.3 2400.0 0 0 0 0 0 0 0 0 0
29.7 335.9 2207.6 3 0.4209075272 0.4803996682 -0.7694498301 -0.2175549716 0.8769538403 0.4285111129 0.8806285858 -0.0129659250 0.4736298025
-65.0 163.1 2210.2 0.4209075272 0.4803996682 -0.7694498301 -0.2175549716 0.8769538403 0.4285111129 0.8806285858 -0.0129659250 0.4736298025
-153.7 -9.4 2215.7 0.4329766333 0.4574929178 -0.7766797543 -0.1948331743 0.8887622356 0.4148997068 0.8800973296 -0.0283188801 0.4739480615
-124.1 189.7 2090.1 0.1219119579 0.4937367141 -0.8610235453 0.9339154363 0.2366622686 0.2679419219 0.3360645473 -0.8367885351 -0.4322564006
-155.8 -53.6 2002.5 -0.6558393836 0.4937367141 -0.5710505247 0.7332253456 0.2366622686 -0.6374728084 -0.1795976162 -0.8367885351 -0.5172327161
-5.9 136.5 2330.3 0.1813702881 0.9718254209 -0.1505329907 -0.9690889120 0.1505893767 -0.1954213232 -0.1672467440 0.1813234687 0.9690976739
