-141.2 447.7 2494.3 04 0.5304677486 0.3567121923 -0.7689995766 0.0158628672 0.9028187394 0.4297286868 0.8475567102 -0.2401557416 0.4732577205
-212.7 266.8 2542.4 0.5304677486 0.3567121923 -0.7689995766 0.0158628672 0.9028187394 0.4297286868 0.8475567102 -0.2401557416 0.4732577205
-279.1 88.4 2588.5 0.5322303772 0.3391255140 -0.7757091522 0.0204570368 0.9108453393 0.4122405350 0.8463523984 -0.2352756262 0.4778420329
-288.5 263.9 2421.8 -0.0565828085 0.2859968543 -0.9565585256 0.9983907938 0.0198232792 -0.0531304255 0.0037669919 -0.9580255151 -0.2866582870
-274.9 23.1 2420.9 -0.6331616044 0.2859968543 -0.7192441821 0.7543449402 0.0198232792 -0.6561788917 -0.1734073162 -0.9580255151 -0.2282916158
-136.9 269.7 2663.0 0.2015931904 0.9477186799 -0.2473649830 -0.8168820143 0.3020258546 0.4914103746 0.5404294133 0.1030030176 0.8350607157
-98.0 111.8 2767.4 0.2956412137 0.9477186799 0.1201062948 -0.7095379829 0.3020258546 -0.6366602182 -0.6396500468 0.1030030176 0.7617337108
-391.2 -88.3 2561.3 -0.2078828216 -0.0599404201 -0.9763154387 -0.1386427134 0.9898492694 -0.0312507004 0.9682783484 0.1288625449 -0.2140829563
-367.8 -475.6 2510.9 -0.2168955058 0.2130095214 -0.9526716471 -0.1781965047 0.9508668780 0.2531761229 0.9597928524 0.2246755213 -0.1682811975
-294.4 -83.8 2713.8 0.0612107404 -0.2769488990 -0.9589330554 -0.1064224914 0.9534470439 -0.2821576595 0.9924351573 0.1193231195 0.0288876090
-186.4 -455.8 2667.2 0.0612107404 0.3683529198 -0.9276687503 -0.1064224914 0.9265220761 0.3608754873 0.9924351573 0.0766353682 0.0959141403
-112.8 -170.1 2465.3 0 0 0 0 0 0 0 0 0
-24.2 -65.2 2607.8 0 0 0 0 0 0 0 0 0
-434.8 -774.7 2440.2 0 0 0 0 0 0 0 0 0
-324.5 -803.1 2638.5 0 0 0 0 0 0 0 0 0
-142.0 447.0 2486.3 05 0.5984563828 0.3484732807 -0.7213988900 -0.0173473153 0.9058734179 0.4231931567 0.8009675741 -0.2407483011 0.5481708050
-212.1 264.7 2534.7 0.5984563828 0.3484732807 -0.7213988900 -0.0173473153 0.9058734179 0.4231931567 0.8009675741 -0.2407483011 0.5481708050
-278.1 86.3 2581.4 0.6002141237 0.3368379176 -0.7254537940 -0.0126874996 0.9108948112 0.4124434888 0.7997387052 -0.2383502126 0.5510055423
-297.3 266.5 2421.2 -0.0941923708 0.3222677708 -0.9419507980 0.9955136776 0.0390050188 -0.0862037912 0.0089601027 -0.9458446503 -0.3244959712
-274.1 21.4 2419.0 -0.6348338127 0.3222677708 -0.7022318244 0.7500831485 0.0390050188 -0.6601923108 -0.1853681505 -0.9458446503 -0.2664893270
-127.0 262.9 2648.2 0.1501058489 0.9517569542 -0.2676320970 -0.7751588821 0.2813202739 0.5656744838 0.6136749387 0.1225463450 0.7799906731
-97.3 109.9 2769.3 0.2916148603 0.9517569542 0.0954959765 -0.7049456239 0.2813202739 -0.6510841846 -0.6465388536 0.1225463450 0.7529740334
-393.6 -91.8 2558.1 -0.1331728250 -0.0690629929 -0.9886836410 -0.1067473814 0.9927654862 -0.0549695604 0.9853273630 0.0982189327 -0.1395816803
-366.6 -480.2 2519.7 -0.1614437699 0.2190052867 -0.9622746706 -0.2246693969 0.9413058758 0.2519264221 0.9609680176 0.2568656206 -0.1027641743
-297.4 -88.1 2711.1 -0.1463042200 -0.2772291601 -0.9495994449 -0.1134385541 0.9582979679 -0.2622912228 0.9827139974 0.0693468675 -0.1716515124
-189.2 -462.3 2684.0 -0.1463042200 0.3623124063 -0.9205024838 -0.1134385541 0.9182322025 0.3794487119 0.9827139974 0.1599354148 -0.0932410508
-111.6 -170.7 2466.5 0 0 0 0 0 0 0 0 0
-25.3 -64.1 2609.6 0 0 0 0 0 0 0 0 0
-435.1 -774.9 2439.3 0 0 0 0 0 0 0 0 0
-324.9 -806.1 2624.1 0 0 0 0 0 0 0 0 0
-131.6 454.5 2481.8 06 0.6307886839 0.3745140135 -0.6795917153 -0.0495142527 0.8934559226 0.4464132786 0.7743732929 -0.2479429692 0.5821256638
-207.1 274.4 2531.8 0.6307886839 0.3745140135 -0.6795917153 -0.0495142527 0.8934559226 0.4464132786 0.7743732929 -0.2479429692 0.5821256638
-275.4 97.0 2578.9 0.6347105503 0.3487654626 -0.6895688176 -0.0397574604 0.9059135318 0.4215922356 0.7717265487 -0.2401735485 0.5888589025
-297.3 280.1 2422.1 -0.0795379952 0.3109982014 -0.9470764399 0.9965719581 0.0465016551 -0.0684246793 0.0227606725 -0.9492722154 -0.3136307299
-276.5 19.8 2416.2 -0.6645226479 0.3109982014 -0.6794775724 0.7247136831 0.0465016551 -0.6874791980 -0.1822079569 -0.9492722154 -0.2562860548
-117.0 268.7 2641.4 0.0912186280 0.9525982141 -0.2902341187 -0.7648016810 0.2536721826 0.5922235847 0.6377754211 0.1679497212 0.7516883612
-98.4 112.5 2771.7 0.3015304208 0.9525982141 0.0404484868 -0.7138416171 0.2536721826 -0.6527484655 -0.6320676804 0.1679497212 0.7564941049
-398.1 -91.0 2556.1 -0.0924278349 -0.0723945126 -0.9930841327 -0.1079649851 0.9922018647 -0.0622817352 0.9898487926 0.1014617458 -0.0995231420
-369.7 -479.4 2516.4 -0.1196992174 0.2124833614 -0.9698055983 -0.2269093394 0.9451185465 0.2350809723 0.9665320516 0.2481969595 -0.0649154931
-290.0 -93.3 2700.1 -0.3389282227 -0.2674413621 -0.9019993544 -0.0946966782 0.9635739326 -0.2501156330 0.9360343218 0.0006450927 -0.3519081771
-185.7 -469.2 2699.8 -0.3389282227 0.3878113031 -0.8571639657 -0.0946966782 0.8923999667 0.4411970079 0.9360343218 0.2307046950 -0.2657350898
-105.9 -166.3 2463.0 0 0 0 0 0 0 0 0 0
-23.8 -64.0 2615.4 0 0 0 0 0 0 0 0 0
-435.8 -773.3 2439.2 0 0 0 0 0 0 0 0 0
-330.8 -803.3 2613.5 0 0 0 0 0 0 0 0 0
-135.0 454.7 2480.0 07 0.6353651285 0.3640193045 -0.6810294390 -0.0439265445 0.8975297809 0.4387604594 0.7709614635 -0.2488578260 0.5862492323
-208.2 274.3 2530.1 0.6353651285 0.3640193045 -0.6810294390 -0.0439265445 0.8975297809 0.4387604594 0.7709614635 -0.2488578260 0.5862492323
-274.7 96.4 2577.9 0.6397133470 0.3396839201 -0.6894792914 -0.0327683948 0.9082803130 0.4170768261 0.7679147720 -0.2442164868 0.5921699405
-299.2 279.0 2420.8 -0.0826431364 0.3290048540 -0.9407050014 0.9963356256 0.0481443666 -0.0706922710 0.0220315494 -0.9431001544 -0.3317780495
-278.2 26.4 2415.2 -0.6432416439 0.3290048540 -0.6913725734 0.7426050305 0.0481443666 -0.6679968834 -0.1864885241 -0.9431001544 -0.2752891183
-117.2 269.6 2639.3 0.0865474716 0.9542759061 -0.2861242294 -0.7520525455 0.2509443164 0.6094620228 0.6533961296 0.1624330580 0.7393841743
-99.8 118.7 2770.5 0.2963365912 0.9542759061 0.0392703712 -0.7227699757 0.2509443164 -0.6439180970 -0.6243301630 0.1624330580 0.7640859485
-400.9 -76.8 2556.4 -0.0857719705 -0.0867681056 -0.9925293326 -0.1031732857 0.9916182160 -0.0777724758 0.9909583330 0.0957318172 -0.0940051973
-366.9 -465.1 2518.9 -0.1134415865 0.2107642889 -0.9709322453 -0.2251161188 0.9463728666 0.2317351550 0.9677053690 0.2448609024 -0.0599115938
-286.5 -84.0 2695.5 -0.3797485232 -0.2473414689 -0.8914108276 -0.0799360275 0.9687631726 -0.2347511500 0.9216297269 -0.0178905595 -0.3876578808
-189.9 -462.6 2702.5 -0.3797485232 0.3609155416 -0.8517810702 -0.0799360275 0.9045092463 0.4188952446 0.9216297269 0.2271628380 -0.3146359026
-112.8 -164.6 2463.2 0 0 0 0 0 0 0 0 0
-25.6 -62.3 2614.1 0 0 0 0 0 0 0 0 0
-435.5 -773.0 2439.2 0 0 0 0 0 0 0 0 0
-325.3 -802.1 2617.2 0 0 0 0 0 0 0 0 0
-139.5 453.0 2482.2 08 0.6160898805 0.3496983945 -0.7057933807 -0.0280951355 0.9052312970 0.4239892960 0.7871746421 -0.2413861603 0.5675286651
-210.0 270.6 2530.8 0.6160898805 0.3496983945 -0.7057933807 -0.0280951355 0.9052312970 0.4239892960 0.7871746421 -0.2413861603 0.5675286651
-274.8 91.8 2577.4 0.6190794110 0.3309450448 -0.7121910453 -0.0201080721 0.9132529497 0.4068965018 0.7850709558 -0.2375804484 0.5720307231
-298.1 273.5 2419.0 -0.0865490437 0.3394923508 -0.9366185069 0.9960811734 0.0466731638 -0.0751263052 0.0182101410 -0.9394501448 -0.3422014415
-276.3 22.9 2414.4 -0.6400723457 0.3394923508 -0.6892403960 0.7433204651 0.0466731638 -0.6673052311 -0.1943759918 -0.9394501448 -0.2822258174
-121.9 267.7 2642.5 0.1075030938 0.9506374002 -0.2910869122 -0.7787576914 0.2625250816 0.5697517991 0.6180449724 0.1654360890 0.7685384154
-101.0 116.6 2762.5 0.3068095744 0.9506374002 0.0464370362 -0.7154220343 0.2625250816 -0.6474966407 -0.6277254224 0.1654360890 0.7606521249
-398.9 -78.5 2556.5 -0.1090398207 -0.0803143382 -0.9907875061 -0.1221002936 0.9902649522 -0.0668343902 0.9865099192 0.1136878431 -0.1177847236
-367.5 -466.2 2511.9 -0.1263071299 0.2117308080 -0.9691318870 -0.1985485405 0.9517914653 0.2338192463 0.9719182253 0.2219527513 -0.0781792104
-283.5 -84.4 2695.1 -0.3790521324 -0.2016289085 -0.9031418562 -0.0765218735 0.9794606566 -0.1865507513 0.9222059846 -0.0016023540 -0.3866956830
-204.7 -467.2 2695.7 -0.3790521324 0.3121089637 -0.8711529374 -0.0765218735 0.9276088476 0.3656313121 0.9222059846 0.2052555829 -0.3277289569
-111.5 -168.5 2464.5 0 0 0 0 0 0 0 0 0
-24.3 -62.3 2605.5 0 0 0 0 0 0 0 0 0
-435.9 -773.6 2440.3 0 0 0 0 0 0 0 0 0
-321.8 -815.4 2618.6 0 0 0 0 0 0 0 0 0
-141.0 452.3 2481.7 09 0.6016787887 0.3511970639 -0.7173864245 -0.0170721021 0.9035989642 0.4280390441 0.7985556722 -0.2452947348 0.5496720076
-211.8 270.1 2531.2 0.6016787887 0.3511970639 -0.7173864245 -0.0170721021 0.9035989642 0.4280390441 0.7985556722 -0.2452947348 0.5496720076
-277.9 91.9 2578.5 0.6036065817 0.3372227848 -0.7224540710 -0.0119937360 0.9098839164 0.4146895111 0.7971920967 -0.2416443974 0.5532565117
-297.8 271.8 2417.6 -0.0772685185 0.2878477275 -0.9545539618 0.9969136119 0.0356410854 -0.0699497759 0.0138864554 -0.9570127726 -0.2897132635
-278.1 18.8 2414.1 -0.6729734540 0.2878477275 -0.6813592315 0.7185064554 0.0356410854 -0.6946065426 -0.1756565273 -0.9570127726 -0.2308059484
-125.9 268.4 2644.7 0.1268046796 0.9482457042 -0.2911195755 -0.7868661284 0.2748571634 0.5525352955 0.6039555073 0.1590080559 0.7809956074
-101.3 116.2 2761.5 0.3123396039 0.9482457042 0.0572189651 -0.7171222568 0.2748571634 -0.6404601336 -0.6230406165 0.1590080559 0.7658569217
-395.4 -85.2 2553.0 -0.1279838085 -0.0697643608 -0.9893195033 -0.1171577051 0.9916019440 -0.0547691509 0.9848320484 0.1088968366 -0.1350824237
-368.1 -473.6 2510.4 -0.1453223825 0.2130925357 -0.9661640525 -0.1931556463 0.9516295195 0.2389397323 0.9703465104 0.2213433236 -0.0971330330
-283.7 -88.9 2694.8 -0.4415439367 -0.2401293218 -0.8645095825 -0.0770944506 0.9701117277 -0.2300861478 0.8939213753 -0.0349442549 -0.4468595982
-189.8 -468.0 2708.5 -0.4415439367 0.3742669821 -0.8154527545 -0.0770944506 0.8896592259 0.4500698447 0.8939213753 0.2615925074 -0.3639697433
-106.1 -164.9 2459.0 0 0 0 0 0 0 0 0 0
-23.3 -62.9 2605.8 0 0 0 0 0 0 0 0 0
-435.4 -773.9 2440.5 0 0 0 0 0 0 0 0 0
-330.0 -801.1 2610.5 0 0 0 0 0 0 0 0 0
-140.9 452.2 2479.0 10 0.6130828857 0.3393125236 -0.7134398222 -0.0259928070 0.9112418294 0.4110507667 0.7895908952 -0.2334638983 0.5674864054
-209.4 268.2 2526.1 0.6130828857 0.3393125236 -0.7134398222 -0.0259928070 0.9112418294 0.4110507667 0.7895908952 -0.2334638983 0.5674864054
-271.9 88.0 2570.2 0.6151813865 0.3189303577 -0.7209960222 -0.0201528780 0.9205847383 0.3900226057 0.7881280184 -0.2254044861 0.5727539659
-297.1 271.1 2413.9 -0.0728709921 0.2532750070 -0.9646458626 0.9973307252 0.0229762979 -0.0693074614 0.0046101422 -0.9671214223 -0.2542732358
-278.6 18.2 2412.7 -0.6867178082 0.2532750070 -0.6813739538 0.7084108591 0.0229762979 -0.7054262161 -0.1630113721 -0.9671214223 -0.1952009946
-121.8 265.4 2638.4 0.0993530825 0.9484450817 -0.3009665608 -0.7711816430 0.2645325661 0.5790521502 0.6288146377 0.1745692641 0.7577055693
-102.2 113.4 2762.3 0.3144124150 0.9484450817 0.0399591327 -0.7158524990 0.2645325661 -0.6462025642 -0.6234581470 0.1745692641 0.7621191144
-398.4 -85.2 2553.8 -0.1148727909 -0.0831752196 -0.9898919463 -0.1055550501 0.9918689728 -0.0710921213 0.9877562523 0.0963215530 -0.1227183267
-365.8 -473.6 2516.1 -0.1398902088 0.2211799026 -0.9651477337 -0.2102167159 0.9458777905 0.2472330332 0.9675948024 0.2374756634 -0.0858233199
-289.4 -87.4 2697.8 -0.2710273862 -0.2485632896 -0.9299249649 -0.0863075778 0.9684678912 -0.2337111682 0.9586945176 0.0169174485 -0.2839342058
-192.3 -465.7 2691.2 -0.2710273862 0.3625029922 -0.8917038441 -0.0863075778 0.9134934545 0.3975937068 0.9586945176 0.1847195774 -0.2162949741
-102.8 -163.2 2454.4 0 0 0 0 0 0 0 0 0
-24.8 -63.0 2608.8 0 0 0 0 0 0 0 0 0
-436.2 -774.5 2440.6 0 0 0 0 0 0 0 0 0
-328.0 -807.7 2622.1 0 0 0 0 0 0 0 0 0
-142.2 451.7 2479.6 11 0.5957839489 0.3478890359 -0.7238886356 -0.0139954835 0.9056779742 0.4237352610 0.8030228019 -0.2423234880 0.5444572568
-212.4 268.9 2528.6 0.5957839489 0.3478890359 -0.7238886356 -0.0139954835 0.9056779742 0.4237352610 0.8030228019 -0.2423234880 0.5444572568
-277.2 89.9 2574.4 0.5971074700 0.3309612870 -0.7307032943 -0.0104475729 0.9140495658 0.4054678679 0.8020932078 -0.2344738245 0.5492435694
-297.5 270.4 2414.3 -0.0783955231 0.2993985116 -0.9509020448 0.9968470335 0.0352663249 -0.0710795224 0.0122537166 -0.9534761906 -0.3012192249
-278.1 24.0 2411.3 -0.6559749842 0.2993985116 -0.6928617358 0.7332845926 0.0352663249 -0.6790066361 -0.1788588762 -0.9534761906 -0.2426781356
-127.3 267.5 2642.8 0.1136936918 0.9459667206 -0.3036786020 -0.7702112794 0.2769977152 0.5744970441 0.6275733709 0.1685799956 0.7600871325
-105.6 120.4 2762.6 0.3214619756 0.9459667206 0.0425341018 -0.7329027057 0.2769977152 -0.6213902831 -0.5995963812 0.1685799956 0.7823458314
-390.0 -90.4 2543.1 -0.1381118596 -0.0578693785 -0.9887245297 -0.0836805850 0.9954037666 -0.0465712287 0.9868752360 0.0763050094 -0.1423196048
-367.3 -480.1 2513.3 -0.1658158898 0.2205002606 -0.9611892104 -0.1989622414 0.9471583962 0.2516047657 0.9658773541 0.2329604179 -0.1131826937
-278.8 -94.0 2685.5 -0.2720012367 -0.2285318822 -0.9347665310 -0.0632833689 0.9735362530 -0.2195959240 0.9602137804 -0.0005751827 -0.2792653143
-189.4 -474.8 2685.8 -0.2720012367 0.3925233483 -0.8786016107 -0.0632833689 0.9037526250 0.4233513474 0.9602137804 0.1707529575 -0.2209816277
-110.2 -163.7 2457.1 0 0 0 0 0 0 0 0 0
-25.6 -62.1 2613.4 0 0 0 0 0 0 0 0 0
-435.5 -773.0 2441.2 0 0 0 0 0 0 0 0 0
-336.7 -813.9 2621.7 0 0 0 0 0 0 0 0 0
-142.6 452.5 2478.5 12 0.5741077662 0.3436761498 -0.7431601286 0.0062330221 0.9057827592 0.4236964881 0.8187560439 -0.2478795797 0.5178747773
-212.3 268.9 2528.7 0.5741077662 0.3436761498 -0.7431601286 0.0062330221 0.9057827592 0.4236964881 0.8187560439 -0.2478795797 0.5178747773
-276.0 89.7 2575.6 0.5753877759 0.3250088096 -0.7505319118 0.0097182179 0.9148728848 0.4036250412 0.8178229928 -0.2395347506 0.5232481956
-294.3 267.5 2412.3 -0.0672663376 0.3302532434 -0.9414924383 0.9977039695 0.0297104642 -0.0608607270 0.0078727258 -0.9434246421 -0.3314934969
-277.9 25.4 2410.3 -0.6412743926 0.3302532434 -0.6926037073 0.7404729128 0.0297104642 -0.6714291573 -0.2011640817 -0.9434246421 -0.2635961473
-130.4 270.3 2645.2 0.1044115871 0.9403619170 -0.3237555921 -0.7863740325 0.2773563266 0.5519866943 0.6088629365 0.1969591826 0.7684354186
-111.0 124.1 2758.3 0.3397548795 0.9403619170 0.0169137288 -0.7369717956 0.2773563266 -0.6163976789 -0.5843279958 0.1969591826 0.7872533798
-396.0 -88.1 2547.8 -0.1621084958 -0.0743090510 -0.9839710593 -0.0896089375 0.9941490889 -0.0603146851 0.9826958179 0.0783950761 -0.1678187549
-366.9 -477.4 2517.1 -0.1897006631 0.2175657749 -0.9574334621 -0.2049339116 0.9448883533 0.2553195357 0.9602165222 0.2446448654 -0.1346593499
-288.1 -89.9 2692.7 -0.5031207204 -0.2472952455 -0.8280788660 -0.0732275471 0.9669377804 -0.2442724258 0.8611081839 -0.0622603409 -0.5045952797
-191.5 -467.6 2717.1 -0.5031207204 0.3657186627 -0.7830194235 -0.0732275471 0.8847468495 0.4602832794 0.8611081839 0.2889166474 -0.4183538258
-113.7 -164.2 2461.9 0 0 0 0 0 0 0 0 0
-25.2 -61.9 2610.8 0 0 0 0 0 0 0 0 0
-435.2 -773.8 2440.4 0 0 0 0 0 0 0 0 0
-328.0 -797.7 2609.2 0 0 0 0 0 0 0 0 0
-142.5 449.8 2472.4 13 0.5659961104 0.3546598852 -0.7442209125 0.0254429281 0.8947891593 0.4457633495 0.8240152001 -0.2712354958 0.4974236190
-214.4 268.4 2527.3 0.5659961104 0.3546598852 -0.7442209125 0.0254429281 0.8947891593 0.4457633495 0.8240152001 -0.2712354958 0.4974236190
-280.6 91.4 2578.3 0.5660527945 0.3377983868 -0.7519817352 0.0255901739 0.9045508504 0.4255970716 0.8239717484 -0.2601537406 0.5033792257
-295.0 264.8 2410.0 -0.0732975006 0.2966388762 -0.9521726966 0.9972675443 0.0129778739 -0.0727257580 -0.0092161093 -0.9549015164 -0.2967795730
-277.3 23.6 2412.2 -0.6424558759 0.2966388762 -0.7065804005 0.7425262928 0.0129778739 -0.6696912050 -0.1894865334 -0.9549015164 -0.2285998762
-133.7 272.1 2644.7 0.1146927103 0.9391412139 -0.3238199949 -0.7886903286 0.2842779458 0.5451179743 0.6039976478 0.1928726435 0.7732961774
-112.8 128.6 2754.6 0.3431866169 0.9391412139 0.0153865544 -0.7512285113 0.2842779458 -0.5956859589 -0.5638073087 0.1928726435 0.8030700088
-391.7 -90.3 2548.7 -0.1721270829 -0.0568917133 -0.9834305048 -0.0976307541 0.9944007993 -0.0404383093 0.9802247286 0.0890525430 -0.1767176986
-369.4 -479.7 2513.8 -0.1953841746 0.2150779516 -0.9568523765 -0.1965129673 0.9472836256 0.2530540228 0.9608369470 0.2374766469 -0.1428186297
-287.7 -88.5 2696.4 -0.4133993089 -0.2372737080 -0.8790916800 -0.0837607533 0.9712674618 -0.2227635682 0.9066891074 -0.0184569247 -0.4213955402
-195.0 -468.1 2703.6 -0.4133993089 0.3683796525 -0.8327049017 -0.0837607533 0.8952451944 0.4376301467 0.9066891074 0.2506639957 -0.3392379880
-112.7 -166.7 2460.8 0 0 0 0 0 0 0 0 0
-25.6 -62.4 2611.3 0 0 0 0 0 0 0 0 0
-436.1 -773.7 2440.1 0 0 0 0 0 0 0 0 0
-333.0 -803.4 2609.7 0 0 0 0 0 0 0 0 0
-140.1 450.8 2467.3 14 0.5771932602 0.3646185398 -0.7306854725 0.0283417162 0.8852980137 0.4641596377 0.8161156178 -0.2886186838 0.5006541610
-214.0 271.4 2525.8 0.5771932602 0.3646185398 -0.7306854725 0.0283417162 0.8852980137 0.4641596377 0.8161156178 -0.2886186838 0.5006541610
-281.8 95.9 2580.0 0.5772983432 0.3465771675 -0.7393313646 0.0286050253 0.8963117003 0.4425009191 0.8160320520 -0.2766036689 0.5075254440
-296.2 267.4 2409.6 -0.0742575154 0.3025176227 -0.9502467513 0.9972389340 0.0219734255 -0.0709343478 -0.0005787141 -0.9528904557 -0.3033140600
-277.7 19.3 2409.7 -0.6689418554 0.3025176227 -0.6789697409 0.7170529366 0.0219734255 -0.6966722608 -0.1958363503 -0.9528904557 -0.2316201031
-131.7 275.5 2642.1 0.0865252912 0.9354338646 -0.3427490592 -0.7927756906 0.2730045617 0.5449542999 0.6033407450 0.2245707959 0.7652110457
-115.8 129.6 2753.1 0.3529946506 0.9354338646 -0.0189291891 -0.7554036379 0.2730045617 -0.5956793427 -0.5520508289 0.2245707959 0.8029992580
-397.9 -88.0 2554.7 -0.1586841643 -0.0750295147 -0.9844744205 -0.1104359478 0.9922000766 -0.0578175075 0.9811336398 0.0995466411 -0.1657323986
-368.5 -476.5 2515.8 -0.1805319488 0.2146704793 -0.9598566294 -0.2039310336 0.9465151429 0.2500424683 0.9621955752 0.2408852130 -0.1270982474
-295.6 -83.4 2703.6 -0.3068927824 -0.2499707639 -0.9183307886 -0.1041862816 0.9679173827 -0.2286507487 0.9460243583 0.0255062040 -0.3230903745
-197.9 -461.7 2693.6 -0.3068927824 0.3493132293 -0.8853231668 -0.1041862816 0.9122907519 0.3960691988 0.9460243583 0.2137893140 -0.2435818017
-106.6 -164.2 2459.8 0 0 0 0 0 0 0 0 0
-25.7 -63.1 2612.2 0 0 0 0 0 0 0 0 0
-436.0 -774.3 2440.0 0 0 0 0 0 0 0 0 0
-329.0 -804.0 2613.4 0 0 0 0 0 0 0 0 0
-140.9 452.9 2472.3 15 0.5805354118 0.3526428342 -0.7339084744 0.0170891788 0.8958717585 0.4439840019 0.8140556812 -0.2702903152 0.5140588880
-212.2 271.6 2527.0 0.5805354118 0.3526428342 -0.7339084744 0.0170891788 0.8958717585 0.4439840019 0.8140556812 -0.2702903152 0.5140588880
-277.7 94.3 2578.0 0.5814367533 0.3343567550 -0.7417120934 0.0194528960 0.9056777358 0.4235202372 0.8133590221 -0.2606786788 0.5200901628
-295.1 268.8 2411.1 -0.0674441978 0.3187616467 -0.9454323649 0.9977073669 0.0268630367 -0.0621162057 0.0055969208 -0.9474541545 -0.3198425770
-278.3 20.9 2409.7 -0.6571395993 0.3187616467 -0.6830509305 0.7266172767 0.0268630367 -0.6865170598 -0.2004864812 -0.9474541545 -0.2492704839
-129.4 274.4 2642.9 0.0552164167 0.9374876022 -0.3436104357 -0.7908188701 0.2511515319 0.5581473112 0.6095544696 0.2409147322 0.7552505732
-119.5 133.1 2751.8 0.3441139460 0.9374876022 -0.0519863926 -0.7723640203 0.2511515319 -0.5834181309 -0.5338907838 0.2409147322 0.8105064631
-401.9 -82.1 2560.4 -0.1523142755 -0.0939446315 -0.9838570952 -0.1272292733 0.9890531301 -0.0747439787 0.9801086783 0.1137908474 -0.1625994146
-365.1 -469.4 2515.8 -0.1699443310 0.2190676630 -0.9607956409 -0.2017811984 0.9465848804 0.2515183091 0.9645741582 0.2366146147 -0.1166629866
-297.5 -76.9 2707.8 -0.3126354516 -0.2529359758 -0.9155776501 -0.1091432795 0.9670761228 -0.2298945040 0.9435818791 0.0280559715 -0.3299485743
-198.5 -455.3 2696.9 -0.3126354516 0.3424239457 -0.8860050440 -0.1091432795 0.9136334658 0.3916140795 0.9435818791 0.2191339433 -0.2482609600
-110.1 -165.1 2461.1 0 0 0 0 0 0 0 0 0
-31.6 -64.3 2615.4 0 0 0 0 0 0 0 0 0
-435.7 -774.5 2439.6 0 0 0 0 0 0 0 0 0
-327.3 -798.8 2614.5 0 0 0 0 0 0 0 0 0
-130.2 454.2 2468.8 16 0.6327822804 0.3807627559 -0.6742449999 -0.0273361392 0.8811886311 0.4719738066 0.7738471031 -0.2802253962 0.5680091381
-207.3 275.8 2525.5 0.6327822804 0.3807627559 -0.6742449999 -0.0273361392 0.8811886311 0.4719738066 0.7738471031 -0.2802253962 0.5680091381
-277.3 100.5 2577.7 0.6339738369 0.3579559922 -0.6855251193 -0.0244705770 0.8952718973 0.4448476434 0.7729672194 -0.2652465999 0.5763383508
-297.3 279.3 2415.7 -0.0738516897 0.3459382653 -0.9353462458 0.9970771074 0.0440222360 -0.0624440946 0.0195742324 -0.9372239709 -0.3481782377
-278.4 23.6 2410.7 -0.6448460817 0.3459382653 -0.6815425158 0.7367473245 0.0440222360 -0.6747335792 -0.2034131438 -0.9372239709 -0.2832566500
-117.3 272.2 2635.4 -0.0201478619 0.9415767193 -0.3361953199 -0.7614722252 0.2034525722 0.6154406071 0.6478843689 0.2684032023 0.7128853798
-120.9 135.5 2751.7 0.3241770267 0.9415767193 -0.0913372412 -0.7635908127 0.2034525722 -0.6128100157 -0.5584248900 0.2684032023 0.7849339843
-395.7 -84.8 2555.5 -0.0945717841 -0.0788981766 -0.9923866391 -0.1190535426 0.9905968308 -0.0674103945 0.9883736372 0.1117720231 -0.1030756161
-364.8 -472.7 2511.8 -0.1148357540 0.2233259529 -0.9679557085 -0.2039845884 0.9483361840 0.2429995388 0.9722155333 0.2253530771 -0.0633478463
-290.6 -81.2 2702.5 -0.1980155259 -0.2219938487 -0.9547295570 -0.0914629176 0.9739512205 -0.2074934244 0.9759223461 0.0462354384 -0.2131616771
-203.8 -462.3 2684.5 -0.1980155259 0.3203667998 -0.9263665676 -0.0914629176 0.9349178672 0.3428747654 0.9759223461 0.1526227146 -0.1558265686
-113.3 -165.0 2462.8 0 0 0 0 0 0 0 0 0
-38.0 -59.8 2608.9 0 0 0 0 0 0 0 0 0
-435.9 -774.2 2440.1 0 0 0 0 0 0 0 0 0
-324.0 -813.2 2627.2 0 0 0 0 0 0 0 0 0
-130.2 453.2 2465.0 17 0.6125511527 0.3821146190 -0.6919317245 -0.0077006826 0.8782287836 0.4781787097 0.7903934121 -0.2875805795 0.5409026146
-207.7 275.1 2523.4 0.6125511527 0.3821146190 -0.6919317245 -0.0077006826 0.8782287836 0.4781787097 0.7903934121 -0.2875805795 0.5409026146
-278.2 100.7 2577.6 0.6144624949 0.3600095510 -0.7020177841 -0.0031442258 0.8909276128 0.4541344345 0.7889397740 -0.2768412828 0.5485735536
-295.1 275.6 2411.1 -0.0649592280 0.3152000904 -0.9467994571 0.9978342652 0.0303546526 -0.0583552867 0.0103461780 -0.9485396743 -0.3164892495
-278.7 23.1 2408.5 -0.6635346413 0.3152000904 -0.6785061955 0.7216337323 0.0303546526 -0.6916092634 -0.1973994821 -0.9485396743 -0.2476003617
-120.4 274.6 2635.6 -0.0059315083 0.9523723722 -0.3048797548 -0.7570089102 0.1949321181 0.6236497164 0.6533775926 0.2344958782 0.7197981477
-121.4 140.8 2751.1 0.2951701880 0.9523723722 -0.0765598044 -0.7823762894 0.1949321181 -0.5915139914 -0.5484176278 0.2344958782 0.8026517034
-404.4 -72.4 2560.1 -0.1165263876 -0.1145537198 -0.9865592122 -0.1190315932 0.9877772331 -0.1006358638 0.9860289693 0.1057049781 -0.1287376285
-359.6 -459.0 2518.7 -0.1380608827 0.2303946912 -0.9632536173 -0.2058326751 0.9446581602 0.2554484904 0.9687992930 0.2335365117 -0.0829975829
-290.3 -76.9 2699.4 -0.2058541477 -0.2104685903 -0.9556814432 -0.0843522400 0.9767789841 -0.1969453692 0.9749404192 0.0400718488 -0.2188275009
-207.9 -459.3 2683.7 -0.2058541477 0.3009593189 -0.9311538935 -0.0843522400 0.9425343871 0.3232857287 0.9749404192 0.1450946182 -0.1686380059
-107.5 -163.1 2459.5 0 0 0 0 0 0 0 0 0
-45.9 -59.3 2610.8 0 0 0 0 0 0 0 0 0
-436.3 -773.6 2440.9 0 0 0 0 0 0 0 0 0
-321.0 -813.6 2629.2 0 0 0 0 0 0 0 0 0
-132.5 449.9 2463.7 18 0.5901546478 0.3854925632 -0.7093045712 0.0071709431 0.8760861158 0.4821013212 0.8072583675 -0.2896007299 0.5142619610
-210.3 273.3 2522.1 0.5901546478 0.3854925632 -0.7093045712 0.0071709431 0.8760861158 0.4821013212 0.8072583675 -0.2896007299 0.5142619610
-281.7 99.4 2577.0 0.5920188427 0.3645640016 -0.7187536359 0.0115550915 0.8879064918 0.4598788321 0.8058412671 -0.2805621922 0.5214447975
-294.5 271.6 2407.4 -0.0599663854 0.2575942576 -0.9643905759 0.9980906248 0.0011468540 -0.0617555417 -0.0148018580 -0.9662525058 -0.2571712136
-279.5 21.2 2411.1 -0.6801890731 0.2575942576 -0.6862856746 0.7104691863 0.0011468540 -0.7037273645 -0.1804890633 -0.9662525058 -0.1837928742
-126.0 274.9 2636.7 0.0239791255 0.9540696740 -0.2986236215 -0.7489439845 0.2150061429 0.6267816424 0.6621992588 0.2086227089 0.7197003961
-121.9 145.8 2750.9 0.2956739366 0.9540696740 -0.0482492484 -0.7879319191 0.2150061429 -0.5770058036 -0.5401298404 0.2086227089 0.8153136373
-404.2 -73.4 2560.8 -0.1405808032 -0.1019830480 -0.9848027825 -0.1328404397 0.9876297116 -0.0833128020 0.9811169505 0.1191094443 -0.1523892432
-364.2 -460.1 2514.1 -0.1540996581 0.2149740010 -0.9643855691 -0.1917160004 0.9509887099 0.2426220775 0.9692772031 0.2222761214 -0.1053330824
-293.3 -74.0 2703.1 -0.2233356982 -0.2143617123 -0.9508786798 -0.1135210767 0.9746004343 -0.1930464208 0.9681085348 0.0648306161 -0.2419976443
-209.4 -455.5 2677.7 -0.2036599964 0.2875762582 -0.9358538985 -0.0468448289 0.9519305229 0.3027107716 0.9779203534 0.1054899842 -0.1803987026
-103.6 -162.5 2457.8 0 0 0 0 0 0 0 0 0
-46.2 -55.9 2612.7 0 0 0 0 0 0 0 0 0
-434.7 -771.6 2441.3 0 0 0 0 0 0 0 0 0
-317.5 -813.4 2638.1 0 0 0 0 0 0 0 0 0
-122.6 451.5 2467.0 19 0.6239050627 0.3972818255 -0.6729856133 -0.0289899148 0.8723185062 0.4880778193 0.7809622884 -0.2850044370 0.5557610989
-203.0 274.9 2524.7 0.6239050627 0.3972818255 -0.6729856133 -0.0289899148 0.8723185062 0.4880778193 0.7809622884 -0.2850044370 0.5557610989
-274.9 100.9 2578.9 0.6288744211 0.3667356074 -0.6855814457 -0.0175387524 0.8882358670 0.4590527415 0.7773090005 -0.2766622901 0.5650209188
-292.4 277.4 2414.1 -0.0552865267 0.3150899112 -0.9474501014 0.9983801842 0.0302119851 -0.0482109562 0.0134335635 -0.9485808015 -0.3162498176
-278.4 23.4 2410.7 -0.6560209394 0.3150899112 -0.6858242154 0.7292009592 0.0302119851 -0.6836323142 -0.1946855336 -0.9485808015 -0.2495835572
-113.6 272.4 2635.2 -0.0393414982 0.9372826219 -0.3463430107 -0.7605296373 0.1967290938 0.6187829375 0.6481102109 0.2877479792 0.7050916553
-120.2 144.1 2744.5 0.3257063925 0.9372826219 -0.1241635308 -0.7883463502 0.1967290938 -0.5829302669 -0.5219438672 0.2877479792 0.8029792905
-406.5 -75.5 2559.3 -0.0998242572 -0.1049630046 -0.9894533157 -0.1261875033 0.9877265096 -0.0920489803 0.9869710207 0.1156679243 -0.1118440852
-365.4 -462.3 2514.0 -0.1166321188 0.2102571428 -0.9706641436 -0.2012918293 0.9520463943 0.2304109484 0.9725628495 0.2222600728 -0.0687161461
-299.7 -73.4 2704.7 -0.1629650146 -0.2438069433 -0.9560337663 -0.1008220017 0.9680299163 -0.2296801358 0.9814669490 0.0589594133 -0.1823361069
-204.2 -452.3 2681.6 -0.1629650146 0.3094757795 -0.9368389249 -0.1008220017 0.9393381476 0.3278395832 0.9814669490 0.1478803605 -0.1218772829
-108.6 -165.3 2461.1 0 0 0 0 0 0 0 0 0
-36.9 -57.7 2611.0 0 0 0 0 0 0 0 0 0
-433.9 -772.6 2441.5 0 0 0 0 0 0 0 0 0
-320.5 -805.3 2626.1 0 0 0 0 0 0 0 0 0
-117.1 452.0 2464.6 20 0.6438814402 0.4165002704 -0.6418288350 -0.0551962480 0.8619540930 0.5039727688 0.7631317973 -0.2890721560 0.5779854655
-201.5 277.3 2523.2 0.6438814402 0.4165002704 -0.6418288350 -0.0551962480 0.8619540930 0.5039727688 0.7631317973 -0.2890721560 0.5779854655
-277.9 105.7 2578.3 0.6486233473 0.3901423812 -0.6535109878 -0.0449748822 0.8767758012 0.4787916839 0.7597795725 -0.2811639011 0.5862438679
-293.7 283.8 2415.1 -0.0540297665 0.3360776007 -0.9402832389 0.9981945753 0.0429207794 -0.0420165993 0.0262368526 -0.9408558011 -0.3377898633
-280.2 33.4 2408.5 -0.6304999590 0.3360776007 -0.6996582150 0.7523487210 0.0429207794 -0.6573653817 -0.1908959150 -0.9408558011 -0.2799091041
-109.3 270.9 2631.3 -0.0735519975 0.9206592441 -0.3833752871 -0.7672262192 0.1933580488 0.6115362644 0.6371452212 0.3391152918 0.6921320558
-122.3 135.3 2743.9 0.3579012752 0.9206592441 -0.1558627635 -0.7649489641 0.1933580488 -0.6143823862 -0.5354995131 0.3391152918 0.7734604478
-403.4 -71.4 2563.0 -0.0762046501 -0.1029884815 -0.9917591810 -0.1448059827 0.9852494001 -0.0911858976 0.9865211844 0.1366638690 -0.0899939388
-363.1 -457.2 2509.5 -0.0873323828 0.2200268805 -0.9715766907 -0.1927773952 0.9531341195 0.2331785560 0.9773484468 0.2076620609 -0.0408232622
-290.0 -74.6 2703.2 -0.2435355783 -0.2257653177 -0.9432499409 -0.1021809503 0.9730910063 -0.2065258622 0.9644944072 0.0460857786 -0.2600511909
-201.6 -455.5 2685.1 -0.2435355783 0.3274864256 -0.9129310250 -0.1021809503 0.9273693562 0.3599237502 0.9644944072 0.1809383929 -0.1923845559
-117.0 -161.4 2457.9 0 0 0 0 0 0 0 0 0
-30.7 -60.3 2606.9 0 0 0 0 0 0 0 0 0
-436.0 -773.1 2440.6 0 0 0 0 0 0 0 0 0
-324.7 -804.2 2617.1 0 0 0 0 0 0 0 0 0
-115.9 448.4 2464.9 21 0.6324059367 0.4251677394 -0.6475300193 -0.0599134341 0.8602562547 0.5063295364 0.7723167539 -0.2814100385 0.5695043802
-202.3 273.5 2522.2 0.6324059367 0.4251677394 -0.6475300193 -0.0599134341 0.8602562547 0.5063295364 0.7723167539 -0.2814100385 0.5695043802
-281.1 102.5 2576.0 0.6366081834 0.4022127688 -0.6579930782 -0.0511084609 0.8733489513 0.4844063520 0.7694920301 -0.2747480273 0.5765375495
-292.9 280.8 2412.6 -0.0424970537 0.3379501998 -0.9402040243 0.9989495873 0.0305139553 -0.0341843031 0.0171367526 -0.9406691790 -0.3388919830
-282.7 40.2 2408.5 -0.6154559255 0.3379501998 -0.7120419145 0.7633218169 0.0305139553 -0.6452973485 -0.1963511556 -0.9406691790 -0.2767447829
-111.7 266.2 2631.7 -0.0090114847 0.9378347993 -0.3469649255 -0.7746340632 0.2128723562 0.5955060124 0.6323454976 0.2741372585 0.7245604992
-113.3 126.9 2745.5 0.3382464349 0.9378347993 -0.0778153241 -0.7376304269 0.2128723562 -0.6407703757 -0.5843720436 0.2741372585 0.7637788057
-412.7 -61.8 2564.9 -0.0913205370 -0.1314785630 -0.9871038198 -0.1541778892 0.9811599255 -0.1164232939 0.9838138819 0.1415577531 -0.1098711342
-361.3 -445.9 2509.5 -0.0988724902 0.2206432223 -0.9703302383 -0.1866807044 0.9536828995 0.2358797342 0.9774326086 0.2044639587 -0.0531031713
-295.7 -70.0 2702.1 -0.3846400082 -0.2823144197 -0.8788348436 -0.1023563445 0.9592549205 -0.2633500099 0.9173741341 -0.0113406200 -0.3978644907
-185.6 -444.4 2706.5 -0.3846400082 0.3647633791 -0.8479385376 -0.1023563445 0.8960907459 0.4319079816 0.9173741341 0.2529209852 -0.3073365092
-123.3 -157.5 2459.3 0 0 0 0 0 0 0 0 0
-26.9 -61.6 2596.2 0 0 0 0 0 0 0 0 0
-436.8 -772.5 2439.5 0 0 0 0 0 0 0 0 0
-322.3 -780.3 2611.7 0 0 0 0 0 0 0 0 0
-123.3 445.3 2463.1 22 0.6101751924 0.4045011103 -0.6812232733 -0.0242143907 0.8689607978 0.4942881465 0.7918964028 -0.2851069570 0.5400130749
-205.1 269.7 2520.7 0.6101751924 0.4045011103 -0.6812232733 -0.0242143907 0.8689607978 0.4942881465 0.7918964028 -0.2851069570 0.5400130749
-280.3 97.2 2574.9 0.6122988462 0.3843187094 -0.6909336448 -0.0195032079 0.8809826970 0.4727463424 0.7903858423 -0.2759866118 0.5469201207
-292.2 272.5 2408.2 -0.0440030955 0.3092868626 -0.9499502182 0.9990179539 0.0185554978 -0.0402346477 0.0051827501 -0.9507877231 -0.3097996414
-281.6 32.7 2407.0 -0.6457019448 0.3092868626 -0.6981480122 0.7381018400 0.0185554978 -0.6744341254 -0.1956391186 -0.9507877231 -0.2402665317
-118.0 266.8 2633.2 0.0234557372 0.9292207360 -0.3687799573 -0.7654393911 0.2539780438 0.5912678242 0.6430803537 0.2684100866 0.7172194123
-113.7 127.2 2750.6 0.3661311567 0.9292207360 -0.0499681309 -0.7310169935 0.2539780438 -0.6333319545 -0.5758143663 0.2684100866 0.7722653747
-417.3 -63.8 2560.3 -0.1152026579 -0.1350696385 -0.9841161370 -0.1650830954 0.9795385599 -0.1151164100 0.9795284271 0.1491992176 -0.1351431608
-364.4 -447.4 2501.9 -0.1140050739 0.2115495503 -0.9706954360 -0.1596401185 0.9604681730 0.2280698866 0.9805701971 0.1809630543 -0.0757264495
-302.3 -73.1 2699.3 -0.2321982533 -0.2714897394 -0.9340113997 -0.0942599550 0.9620177150 -0.2561970353 0.9680904150 0.0285513625 -0.2489694506
-196.3 -448.9 2688.2 -0.2321982533 0.3289679289 -0.9153491259 -0.0942599550 0.9290302396 0.3577958643 0.9680904150 0.1693603396 -0.1847106963
-114.3 -158.5 2457.7 0 0 0 0 0 0 0 0 0
-20.1 -59.8 2603.4 0 0 0 0 0 0 0 0 0
-435.9 -772.2 2440.7 0 0 0 0 0 0 0 0 0
-319.3 -796.4 2624.8 0 0 0 0 0 0 0 0 0
-118.3 446.3 2453.7 23 0.6609593034 0.4098573029 -0.6286094189 -0.0524675287 0.8608647585 0.5061215758 0.7485852838 -0.3015441895 0.5905007720
-201.6 271.4 2515.0 0.6609593034 0.4098573029 -0.6286094189 -0.0524675287 0.8608647585 0.5061215758 0.7485852838 -0.3015441895 0.5905007720
-276.8 99.7 2571.7 0.6644119024 0.3843871951 -0.6409394145 -0.0449148081 0.8765835762 0.4791491330 0.7460157275 -0.2895647287 0.5996772051
-296.0 277.8 2409.0 -0.0640404224 0.3232483566 -0.9441447854 0.9978829026 0.0314880684 -0.0569048077 0.0113349073 -0.9457901716 -0.3245805204
-279.8 25.7 2406.1 -0.6653780937 0.3232483566 -0.6728911400 0.7182343006 0.0314880684 -0.6950884461 -0.2034981698 -0.9457901716 -0.2531195283
-107.3 264.9 2621.0 -0.0272610653 0.9195078015 -0.3921252191 -0.7115817070 0.2576554418 0.6536551714 0.7020742893 0.2968484759 0.6472809911
-112.6 126.1 2757.9 0.3875938654 0.9195078015 -0.0653937981 -0.7199706435 0.2576554418 -0.6444035769 -0.5756850243 0.2968484759 0.7618843317
-410.8 -73.5 2557.7 -0.0532139651 -0.1136185080 -0.9920983315 -0.1623342633 0.9812745452 -0.1036716774 0.9852998853 0.1555347741 -0.0706616864
-366.3 -457.7 2496.8 -0.0539340340 0.2090655714 -0.9764131904 -0.1656485498 0.9624145031 0.2152181566 0.9847089052 0.1733490080 -0.0172754899
-300.3 -77.1 2700.4 -0.2882790267 -0.2599707246 -0.9215803742 -0.1011454016 0.9653223157 -0.2406707555 0.9521895051 0.0238332823 -0.3045770228
-198.6 -454.7 2691.0 -0.2882790267 0.3335200548 -0.8975853920 -0.1011454016 0.9215301275 0.3749023676 0.9521895051 0.1988631338 -0.2319238037
-107.6 -160.2 2458.8 0 0 0 0 0 0 0 0 0
-13.5 -58.1 2610.7 0 0 0 0 0 0 0 0 0
-434.7 -772.8 2440.0 0 0 0 0 0 0 0 0 0
-323.7 -800.4 2616.4 0 0 0 0 0 0 0 0 0
-121.5 444.0 2459.0 24 0.5954253078 0.4101835191 -0.6908097863 -0.0007197051 0.8601184487 0.5100938678 0.8034103513 -0.3032256365 0.5124315023
-204.2 270.5 2520.1 0.5954253078 0.4101835191 -0.6908097863 -0.0007197051 0.8601184487 0.5100938678 0.8034103513 -0.3032256365 0.5124315023
-280.2 99.3 2577.1 0.5967935324 0.3881076574 -0.7022890449 0.0022532849 0.8744271994 0.4851515591 0.8023916483 -0.2911177874 0.5209779739
-288.7 270.2 2406.5 -0.0403998755 0.3117984235 -0.9492889643 0.9991642833 0.0185109731 -0.0364424549 0.0062095635 -0.9499679208 -0.3122857213
-278.7 22.3 2405.0 -0.6757684946 0.3117984235 -0.6679211259 0.7071520686 0.0185109731 -0.7068191171 -0.2080212235 -0.9499679208 -0.2329980433
-119.8 270.9 2633.8 0.0667893365 0.9234099984 -0.3779591620 -0.7425661683 0.2990157902 0.5993205309 0.6664343476 0.2406314611 0.7056640983
-106.6 124.5 2765.1 0.3838041127 0.9234099984 0.0028902353 -0.7146524787 0.2990157902 -0.6323459744 -0.5847788453 0.2406314611 0.7746807337
-411.8 -67.9 2561.3 -0.1321304142 -0.1273059100 -0.9830232859 -0.1540255696 0.9823093414 -0.1065105274 0.9791923761 0.1373374313 -0.1494013071
-362.0 -452.5 2507.5 -0.1364338994 0.2211250663 -0.9656549692 -0.1725252271 0.9545702934 0.2429622412 0.9755105376 0.1997481287 -0.0920860842
-292.1 -76.0 2695.7 -0.2890168428 -0.2300812602 -0.9292641878 -0.0929160193 0.9728481770 -0.2119740099 0.9528042078 0.0250794683 -0.3025477529
-202.1 -456.7 2685.9 -0.2890168428 0.3203362226 -0.9021385312 -0.0929160193 0.9285188913 0.3594708741 0.9528042078 0.1877162606 -0.2385932207
-103.5 -161.0 2458.9 0 0 0 0 0 0 0 0 0
-8.4 -58.4 2615.4 0 0 0 0 0 0 0 0 0
-436.3 -773.2 2440.4 0 0 0 0 0 0 0 0 0
-322.5 -805.7 2615.3 0 0 0 0 0 0 0 0 0
-126.8 441.4 2460.1 25 0.5647203922 0.4013607800 -0.7211105227 0.0277594067 0.8640420437 0.5026537180 0.8248153329 -0.3038764000 0.4768006206
-207.6 267.5 2521.3 0.5647203922 0.4013607800 -0.7211105227 0.0277594067 0.8640420437 0.5026537180 0.8248153329 -0.3038764000 0.4768006206
-282.2 95.8 2578.8 0.5657465458 0.3808296919 -0.7313683033 0.0300432760 0.8768506050 0.4798233509 0.8240317106 -0.2934311032 0.4846338034
-287.8 263.2 2404.4 -0.0457972623 0.3269926608 -0.9439164996 0.9989426136 0.0111706946 -0.0445972718 -0.0040387772 -0.9449608326 -0.3271584809
-276.8 22.4 2405.3 -0.6534489989 0.3269926608 -0.6827006936 0.7250362039 0.0111706946 -0.6886201501 -0.2175474912 -0.9449608326 -0.2443809956
-127.3 271.7 2638.3 0.1648624688 0.9307181239 -0.3264722526 -0.7271503210 0.3383270502 0.5973166823 0.6663878560 0.1389192939 0.7325494289
-93.8 123.6 2774.0 0.3514615297 0.9307181239 0.1011858210 -0.7222736478 0.3383270502 -0.6032044291 -0.5956472158 0.1389192939 0.7911421061
-409.8 -72.2 2562.1 -0.1620282084 -0.1191885322 -0.9795616269 -0.1670195013 0.9816688895 -0.0918184295 0.9725489020 0.1487287134 -0.1789648682
-363.1 -456.6 2503.8 -0.1602364033 0.2192748338 -0.9624150991 -0.1591852605 0.9565106034 0.2444329560 0.9741582870 0.1923693568 -0.1183625013
-302.6 -71.8 2706.2 -0.1689253598 -0.2607397735 -0.9505150914 -0.1079565212 0.9634667635 -0.2451065779 0.9796987176 0.0612095930 -0.1909025162
-200.6 -448.5 2682.3 -0.1689253598 0.3104658127 -0.9354545474 -0.1079565212 0.9375556707 0.3306580484 0.9796987176 0.1568449438 -0.1248601153
-107.3 -165.6 2461.8 0 0 0 0 0 0 0 0 0
-5.1 -58.5 2623.7 0 0 0 0 0 0 0 0 0
-435.4 -772.2 2440.4 0 0 0 0 0 0 0 0 0
-317.4 -801.1 2623.3 0 0 0 0 0 0 0 0 0
-131.8 441.0 2461.7 26 0.5351914167 0.3835461736 -0.7526370287 0.0498308949 0.8750922680 0.4813838899 0.8432597518 -0.2951371074 0.4492293894
-208.7 265.7 2520.8 0.5351914167 0.3835461736 -0.7526370287 0.0498308949 0.8750922680 0.4813838899 0.8432597518 -0.2951371074 0.4492293894
-280.2 92.3 2576.9 0.5357289314 0.3653653562 -0.7612507343 0.0510947481 0.8858602643 0.4611300528 0.8428426981 -0.2859366238 0.4559127092
-284.7 258.5 2401.0 -0.0318453349 0.3005521595 -0.9532335997 0.9993558526 -0.0062135095 -0.0353452750 -0.0165460240 -0.9537451267 -0.3001606762
-277.1 19.4 2405.0 -0.6722685695 0.3005521595 -0.6765525937 0.7079538703 -0.0062135095 -0.7062313557 -0.2164631188 -0.9537451267 -0.2085999250
-132.6 272.9 2640.6 0.2271316499 0.9200295806 -0.3193067312 -0.7257465124 0.3785396516 0.5744559765 0.6493867636 0.1012586132 0.7536866069
-84.9 120.5 2777.1 0.3730916679 0.9200295806 0.1197839379 -0.7672419548 0.3785396516 -0.5177330375 -0.5216726661 0.1012586132 0.8471152782
-407.6 -78.7 2562.1 -0.1896783412 -0.1150632948 -0.9750807881 -0.1742364913 0.9812917709 -0.0819027349 0.9662628174 0.1543594748 -0.2061780244
-362.6 -463.0 2501.7 -0.1842077971 0.2241026312 -0.9569981694 -0.1507138163 0.9557052255 0.2528100014 0.9712635279 0.1908024251 -0.1422729939
-305.8 -73.3 2710.5 -0.2076877207 -0.3242329359 -0.9228969812 -0.1146237254 0.9450360537 -0.3062160611 0.9714562297 0.0421885699 -0.2334371656
-179.2 -442.3 2694.0 -0.2076877207 0.3780830801 -0.9021745920 -0.1146237254 0.9065247178 0.4062934220 0.9714562297 0.1877927631 -0.1449367702
-103.6 -163.4 2460.9 0 0 0 0 0 0 0 0 0
8.7 -72.0 2646.2 0 0 0 0 0 0 0 0 0
-435.3 -773.4 2439.7 0 0 0 0 0 0 0 0 0
-321.1 -782.3 2623.6 0 0 0 0 0 0 0 0 0
-135.1 439.6 2462.0 27 0.5652860403 0.3706996441 -0.7369080782 0.0445389301 0.8783163428 0.4760007560 0.8236916661 -0.3018976748 0.4799893796
-209.3 263.9 2522.4 0.5652860403 0.3706996441 -0.7369080782 0.0445389301 0.8783163428 0.4760007560 0.8236916661 -0.3018976748 0.4799893796
-279.5 90.4 2580.1 0.5654137135 0.3585231900 -0.7428111434 0.0448479429 0.8858915567 0.4617193937 0.8235872388 -0.2943760455 0.4848162234
-289.7 257.5 2405.3 -0.0511860214 0.2943494320 -0.9543261528 0.9986882806 0.0138292192 -0.0492999777 -0.0013138341 -0.9555978179 -0.2946711779
