-371.0 510.6 2568.3 5 0.6565590501 0.0694491491 -0.7510705590 -0.0127835469 0.9966337085 0.0809806883 0.7541663051 -0.0435672589 0.6552366614
-385.2 307.4 2577.2 0.6565590501 0.0694491491 -0.7510705590 -0.0127835469 0.9966337085 0.0809806883 0.7541663051 -0.0435672589 0.6552366614
-397.4 112.2 2586.0 0.6570103168 0.0615503155 -0.7513647676 -0.0059157726 0.9970517755 0.0765036196 0.7538583875 -0.0458187647 0.6554374099
-478.5 308.1 2470.1 -0.3425394297 0.3297512233 -0.8797333837 0.8837941289 0.4307457805 -0.1826637238 0.3187078536 -0.8400727510 -0.4389795959
-378.3 49.5 2376.9 -0.7895551324 0.3297512233 -0.5175585151 0.6136614084 0.4307457805 -0.6617233157 0.0047320598 -0.8400727510 -0.5424531698
-291.9 306.7 2684.2 0.6903400421 0.7201730013 -0.0691478625 -0.6634427905 0.6682724357 0.3365347385 0.2885728478 -0.1864477694 0.9391288161
-126.5 147.7 2753.3 0.4472836554 0.7201730013 0.5303660631 -0.6526436806 0.6682724357 -0.3570268750 -0.6115501523 -0.1864477694 0.7689236999
-469.7 -79.7 2540.2 -0.6565905809 0.2306507975 0.7181149125 0.0720780492 0.9669253826 -0.2446632683 -0.7507953048 -0.1088832766 -0.6514989138
-560.1 -458.4 2582.8 -0.6453477144 -0.1947138608 0.7386561036 0.0096945008 0.9648023844 0.2627971768 -0.7638274431 0.1767564565 -0.6207453609
-362.7 -77.6 2685.8 -0.8653541207 0.0022196802 -0.5011560321 0.0281084217 0.9986310601 -0.0441122055 0.5003720522 -0.0522593819 -0.8642318845
-363.5 -468.7 2706.2 -0.8643431664 0.1265081614 -0.4867304564 0.0361751392 0.9809759259 0.1907292008 0.5015996695 0.1472479552 -0.8524762988
-156.2 -123.1 2375.6 0 0 0 0 0 0 0 0 0
-3.2 -32.1 2584.8 0 0 0 0 0 0 0 0 0
-496.7 -772.5 2525.3 0 0 0 0 0 0 0 0 0
-411.1 -837.4 2650.9 0 0 0 0 0 0 0 0 0
-370.3 509.7 2566.3 6 0.6850364804 0.0774394572 -0.7243812680 -0.0115387160 0.9953628778 0.0954965726 0.7284173965 -0.0570602007 0.6827533841
-386.0 307.2 2577.9 0.6850364804 0.0774394572 -0.7243812680 -0.0115387160 0.9953628778 0.0954965726 0.7284173965 -0.0570602007 0.6827533841
-400.6 112.3 2590.1 0.6854814887 0.0744385272 -0.7242748141 -0.0057057925 0.9952785969 0.0968912020 0.7280676961 -0.0622845627 0.6826698184
-483.5 308.0 2474.4 -0.3558925390 0.3475444317 -0.8674983382 0.8764237761 0.4463343918 -0.1807399988 0.3243791461 -0.8246201873 -0.4634433091
-378.8 50.2 2379.0 -0.7853180766 0.3475444317 -0.5123361945 0.6190789342 0.4463343918 -0.6461632252 0.0041028350 -0.8246201873 -0.5656719208
-288.6 306.4 2681.4 0.7387914658 0.6706774831 0.0661729202 -0.6481923461 0.6802604795 0.3421875834 0.1844826937 -0.2956980467 0.9372986555
-108.4 148.3 2726.4 0.4366850853 0.6706774831 0.5995813608 -0.6843546629 0.6802604795 -0.2624964118 -0.5839219689 -0.2956980467 0.7560408711
-468.9 -82.6 2527.0 -0.6882576346 0.2225565612 0.6904853582 0.0540409051 0.9648652077 -0.2571278512 -0.7234507799 -0.1396557689 -0.6761029959
-556.0 -460.3 2581.7 -0.6805096269 -0.1797148436 0.7103585005 0.0082261758 0.9675213695 0.2526554465 -0.7326929569 0.1777779907 -0.6569292545
-350.5 -83.5 2662.8 -0.8438119292 0.0331555195 -0.5356137753 0.0919506401 0.9922617078 -0.0834371597 0.5287026763 -0.1196553037 -0.8403309584
-363.4 -471.0 2709.5 -0.8541159034 0.1373083740 -0.5016297698 0.0307335462 0.9761591554 0.2148692459 0.5191738605 0.1681063771 -0.8379729986
-158.2 -123.7 2377.9 0 0 0 0 0 0 0 0 0
11.0 -38.8 2566.7 0 0 0 0 0 0 0 0 0
-497.8 -773.3 2524.2 0 0 0 0 0 0 0 0 0
-415.1 -838.2 2646.3 0 0 0 0 0 0 0 0 0
-371.0 509.4 2565.8 7 0.6714873314 0.0769744813 -0.7370072603 -0.0039777267 0.9949502349 0.1002904475 0.7410053611 -0.0644121543 0.6684026718
-386.7 306.4 2578.9 0.6714873314 0.0769744813 -0.7370072603 -0.0039777267 0.9949502349 0.1002904475 0.7410053611 -0.0644121543 0.6684026718
-402.0 111.7 2592.4 0.6717069149 0.0778846219 -0.7367114425 -0.0011564532 0.9945671558 0.1040905342 0.7408160567 -0.0690663606 0.6681477427
-482.3 306.6 2473.5 -0.3522002101 0.3470782042 -0.8691902757 0.8774159551 0.4456536472 -0.1775784045 0.3257242143 -0.8251845837 -0.4614912570
-379.7 50.9 2378.6 -0.7834395170 0.3470782042 -0.5155184865 0.6214381456 0.4456536472 -0.6443659067 0.0060973056 -0.8251845837 -0.5648303032
-291.1 306.3 2684.3 0.7657092214 0.5809248686 0.2760718763 -0.6409710050 0.6536051631 0.4024381936 0.0533443578 -0.4851046801 0.8728274703
-91.4 139.1 2698.3 0.3925093710 0.5809248686 0.7130656838 -0.7470579743 0.6536051631 -0.1212626696 -0.5365079045 -0.4851046801 0.6905307174
-477.1 -82.0 2536.6 -0.6734372973 0.2017162889 0.7111910582 0.0541385226 0.9729256630 -0.2246879339 -0.7372592688 -0.1128104031 -0.6661250591
-556.0 -462.8 2580.8 -0.6664735079 -0.1780436784 0.7239568233 0.0130100176 0.9681395888 0.2500728667 -0.7454152107 0.1760856360 -0.6429230571
-353.4 -83.0 2667.9 -0.8538354635 0.0243266765 -0.5199741721 0.0827383697 0.9925509095 -0.0894265324 0.5139253736 -0.1193773672 -0.8494879007
-362.9 -471.3 2714.6 -0.8623694777 0.1423322558 -0.4858604670 0.0323521905 0.9731996655 0.2276747525 0.5052446723 0.1806211174 -0.8438624144
-159.4 -123.8 2376.9 0 0 0 0 0 0 0 0 0
15.8 -64.9 2551.8 0 0 0 0 0 0 0 0 0
-498.5 -775.2 2524.0 0 0 0 0 0 0 0 0 0
-416.5 -837.5 2646.6 0 0 0 0 0 0 0 0 0
-368.9 508.3 2556.5 8 0.6656912565 0.0914140120 -0.7406069040 0.0087960111 0.9914381504 0.1302806735 0.7461754084 -0.0932410955 0.6591876149
-387.5 307.1 2575.5 0.6656912565 0.0914140120 -0.7406069040 0.0087960111 0.9914381504 0.1302806735 0.7461754084 -0.0932410955 0.6591876149
-404.8 113.0 2594.0 0.6659759283 0.0883428007 -0.7407237291 0.0119361980 0.9915737510 0.1289922595 0.7458777428 -0.0947471708 0.6593098044
-482.3 305.4 2469.3 -0.3530238271 0.3071239293 -0.8837698102 0.8841104507 0.4185822606 -0.2076959759 0.3061419427 -0.8546717167 -0.4193010032
-380.9 51.3 2381.3 -0.7834303379 0.3071239293 -0.5402886868 0.6210668087 0.4185822606 -0.6626197100 0.0226488654 -0.8546717167 -0.5186744928
-292.6 308.8 2681.6 0.7760095000 0.4315607846 0.4599615037 -0.6286833882 0.5878315568 0.5091278553 -0.0506602675 -0.6842582226 0.7274779677
-80.6 137.1 2667.8 0.3607110679 0.4315607846 0.8268269300 -0.8077000380 0.5878315568 0.0455491506 -0.4663777649 -0.6842582226 0.5606089830
-477.9 -83.0 2539.1 -0.6655504704 0.2007825077 0.7188386321 0.0489037819 0.9727970362 -0.2264384329 -0.7447489500 -0.1155522764 -0.6572645307
-556.5 -463.9 2584.3 -0.6609897017 -0.1798669845 0.7285193801 0.0231694132 0.9654930830 0.2593960762 -0.7500371933 0.1883375049 -0.6340135932
-356.6 -83.2 2672.8 -0.8579291105 0.0194584765 -0.5133994222 0.0663055107 0.9951191545 -0.0730852485 0.5094714761 -0.0967431813 -0.8550319076
-364.3 -472.6 2710.7 -0.8629315495 0.1364663541 -0.4865449965 0.0339337438 0.9763198495 0.2136540562 0.5041801333 0.1678585410 -0.8471280336
-160.1 -123.7 2374.9 0 0 0 0 0 0 0 0 0
16.6 -80.5 2542.2 0 0 0 0 0 0 0 0 0
-498.6 -775.1 2523.6 0 0 0 0 0 0 0 0 0
-415.6 -840.2 2647.5 0 0 0 0 0 0 0 0 0
-370.0 507.6 2559.9 9 0.6507639885 0.0877120495 -0.7541968226 0.0102356961 0.9922014475 0.1242235973 0.7592110634 -0.0885599777 0.6447911859
-387.7 306.5 2577.9 0.6507639885 0.0877120495 -0.7541968226 0.0102356961 0.9922014475 0.1242235973 0.7592110634 -0.0885599777 0.6447911859
-404.7 112.2 2595.6 0.6509708762 0.0863293931 -0.7541778088 0.0125942109 0.9921472073 0.1244400591 0.7589982152 -0.0905051231 0.6447716355
-480.5 304.7 2469.8 -0.3453921676 0.2988667786 -0.8895970583 0.8871015906 0.4132622480 -0.2055847496 0.3061944246 -0.8601703048 -0.4078627229
-381.9 51.5 2382.4 -0.7838267684 0.2988667786 -0.5443292260 0.6204455495 0.4132622480 -0.6665295362 0.0257471893 -0.8601703048 -0.5093565583
-295.0 308.3 2686.0 0.7964892983 0.3173035681 0.5147069693 -0.5984441638 0.5353538394 0.5960376263 -0.0864254609 -0.7827609777 0.6162920594
-68.5 138.1 2661.4 0.3137494922 0.3173035681 0.8949187994 -0.8381947875 0.5353538394 0.1040468812 -0.4460837543 -0.7827609777 0.4339292049
-482.3 -82.2 2545.2 -0.6488885880 0.1900323182 0.7367708683 0.0578566492 0.9778293371 -0.2012520730 -0.7586805820 -0.0879630744 -0.6454969049
-556.7 -465.0 2579.6 -0.6416602731 -0.1815339923 0.7451962829 0.0161403362 0.9681755900 0.2497508377 -0.7668191195 0.1722829044 -0.6183097959
-362.0 -80.0 2679.9 -0.8681644797 0.0058883820 -0.4962416589 0.0593055896 0.9939951301 -0.0919591933 0.4927203059 -0.1092656106 -0.8633005023
-364.3 -469.1 2722.7 -0.8748612404 0.1375467777 -0.4644337893 0.0178748667 0.9673485160 0.2528188825 0.4840437472 0.2128797472 -0.8487542868
-160.6 -123.6 2375.1 0 0 0 0 0 0 0 0 0
16.4 -88.7 2540.7 0 0 0 0 0 0 0 0 0
-498.7 -774.1 2524.6 0 0 0 0 0 0 0 0 0
-416.0 -833.0 2642.6 0 0 0 0 0 0 0 0 0
-374.1 509.4 2571.6 0 0.6583216786 0.0784291625 -0.7486397028 -0.0075410125 0.9951944351 0.0976275429 0.7526989579 -0.0586248264 0.6557494998
-390.0 307.7 2583.5 0.6583216786 0.0784291625 -0.7486397028 -0.0075410125 0.9951944351 0.0976275429 0.7526989579 -0.0586248264 0.6557494998
-405.2 113.0 2595.7 0.6586275697 0.0771259516 -0.7485060692 -0.0036275398 0.9950471520 0.0993375629 0.7524603605 -0.0627112165 0.6556452513
-483.9 308.2 2476.3 -0.3523716927 0.3513627052 -0.8673974872 0.8747133017 0.4531790316 -0.1717713028 0.3327323496 -0.8192514777 -0.4670290947
-380.3 51.2 2378.5 -0.7821198106 0.3513627052 -0.5146191120 0.6230599284 0.4531790316 -0.6375147700 0.0092156781 -0.8192514777 -0.5733603239
-296.2 307.2 2690.6 0.8064614534 0.2245190442 0.5470019579 -0.5783510208 0.4919720590 0.6507484913 -0.1230042353 -0.8411626816 0.5266073346
-61.7 139.1 2654.9 0.2875728607 0.2245190442 0.9310709238 -0.8582078218 0.4919720590 0.1464337260 -0.4251837134 -0.8411626816 0.3341618180
-480.4 -83.2 2544.7 -0.6606001854 0.2023789585 0.7229455113 0.0563511550 0.9736301303 -0.2210632265 -0.7486200333 -0.1052955911 -0.6545845270
-559.6 -464.4 2586.0 -0.6536848545 -0.1910733283 0.7322479486 0.0190309249 0.9631438851 0.2683125734 -0.7565275431 0.1893272251 -0.6259562969
-362.8 -80.9 2681.9 -0.8634953499 0.0073653357 -0.5043029785 0.0434142575 0.9972675443 -0.0597712137 0.5024847984 -0.0735061094 -0.8614556789
-365.6 -471.2 2710.6 -0.8648888469 0.1332474649 -0.4839549363 0.0335206203 0.9773033857 0.2091756463 0.5008429289 0.1646912098 -0.8497253656
-160.9 -123.7 2375.9 0 0 0 0 0 0 0 0 0
16.3 -93.7 2539.6 0 0 0 0 0 0 0 0 0
-498.3 -773.5 2525.2 0 0 0 0 0 0 0 0 0
-415.7 -838.6 2648.7 0 0 0 0 0 0 0 0 0
-377.4 510.0 2576.9 1 0.6557190418 0.0718967915 -0.7515739799 -0.0128939161 0.9963768125 0.0840655863 0.7548949122 -0.0454326756 0.6542702317
-391.9 308.3 2586.1 0.6557190418 0.0718967915 -0.7515739799 -0.0128939161 0.9963768125 0.0840655863 0.7548949122 -0.0454326756 0.6542702317
-406.1 113.2 2595.8 0.6559025645 0.0726245493 -0.7513437867 -0.0103633609 0.9961335063 0.0872388855 0.7547743917 -0.0494337641 0.6541191936
-485.4 309.7 2478.6 -0.3556793332 0.3558103442 -0.8642286658 0.8727645278 0.4572300315 -0.1709468067 0.3343266547 -0.8150703907 -0.4731659293
-380.2 51.6 2379.7 -0.7808494568 0.3558103442 -0.5134911537 0.6246464849 0.4572300315 -0.6330540776 0.0095363660 -0.8150703907 -0.5792834759
-298.4 306.8 2693.7 0.8134979010 0.1176148951 0.5695506334 -0.5601158142 0.4219868183 0.7128796577 -0.1564975977 -0.8989403844 0.4091633558
-61.0 143.3 2648.0 0.2585566938 0.1176148951 0.9588092566 -0.8870153427 0.4219868183 0.1874323040 -0.3825600445 -0.8989403844 0.2134337425
-479.8 -81.5 2540.0 -0.6611463428 0.1991968453 0.7233299017 0.0482713804 0.9734060168 -0.2239433974 -0.7487024665 -0.1131432280 -0.6531793475
-557.8 -462.7 2584.3 -0.6558693051 -0.1853845119 0.7317568660 0.0192690548 0.9649481177 0.2617323101 -0.7546285391 0.1857624501 -0.6293076277
-360.8 -82.1 2676.0 -0.8654125929 0.0085951947 -0.5009862185 0.0496207513 0.9964080453 -0.0686208457 0.4985968769 -0.0842446536 -0.8627305627
-364.1 -472.3 2709.0 -0.8671780825 0.1384715438 -0.4783595204 0.0376399085 0.9760419130 0.2143022716 0.4965736866 0.1678328216 -0.8516141772
-161.0 -123.8 2377.0 0 0 0 0 0 0 0 0 0
8.2 -94.0 2545.6 0 0 0 0 0 0 0 0 0
-498.5 -771.8 2524.8 0 0 0 0 0 0 0 0 0
-416.3 -839.5 2645.8 0 0 0 0 0 0 0 0 0
-377.6 510.7 2579.6 2 0.6432421207 0.0767506510 -0.7618063688 -0.0163931269 0.9961156845 0.0865151286 0.7654873133 -0.0431617834 0.6420016885
-393.1 309.2 2588.3 0.6432421207 0.0767506510 -0.7618063688 -0.0163931269 0.9961156845 0.0865151286 0.7654873133 -0.0431617834 0.6420016885
-408.0 114.2 2597.3 0.6434506774 0.0758271962 -0.7617226839 -0.0136696156 0.9960612655 0.0876077488 0.7653654814 -0.0459588133 0.6419528127
-484.8 311.2 2479.3 -0.3516736925 0.3340855539 -0.8744783998 0.8760710955 0.4466460049 -0.1816776395 0.3298864067 -0.8299965262 -0.4497563541
-380.8 52.2 2381.8 -0.7808274627 0.3340855539 -0.5279160142 0.6243698001 0.4466460049 -0.6408351660 0.0216978062 -0.8299965262 -0.5573464036
-301.4 307.3 2697.4 0.8711550832 0.3730757236 0.3192229569 -0.4904813766 0.6311071515 0.6009423733 0.0227331277 -0.6800869107 0.7327789664
-82.3 183.9 2703.1 0.2969935536 0.3730757236 0.8789820075 -0.7756741047 0.6311071515 -0.0057800445 -0.5568882227 -0.6800869107 0.4768199623
-479.7 -80.9 2537.3 -0.6514448524 0.2000526041 0.7318459749 0.0383486040 0.9720596671 -0.2315802276 -0.7577261925 -0.1227964759 -0.6409149766
-558.0 -461.6 2585.4 -0.6483752728 -0.1837607324 0.7388108373 0.0217171405 0.9655737877 0.2592211664 -0.7610110641 0.1841174662 -0.6220634580
-361.1 -82.7 2673.7 -0.8731612563 0.0090668751 -0.4873471260 0.0657729357 0.9928742647 -0.0993708819 0.4829734564 -0.1188210547 -0.8675357103
-364.6 -471.3 2720.2 -0.8803839087 0.1372486353 -0.4539679885 0.0214033257 0.9677327871 0.2510680556 0.4737784564 0.2113198489 -0.8549139500
-160.8 -123.7 2375.6 0 0 0 0 0 0 0 0 0
-7.0 -12.9 2561.8 0 0 0 0 0 0 0 0 0
-498.8 -772.6 2526.1 0 0 0 0 0 0 0 0 0
-416.3 -835.3 2640.7 0 0 0 0 0 0 0 0 0
-376.0 509.4 2571.9 3 0.6385111213 0.0818288624 -0.7652500272 -0.0059509682 0.9948266745 0.1014123112 0.7695896029 -0.0601989068 0.6356948614
-392.5 308.5 2584.1 0.6385111213 0.0818288624 -0.7652500272 -0.0059509682 0.9948266745 0.1014123112 0.7695896029 -0.0601989068 0.6356948614
-408.0 113.6 2596.0 0.6387049556 0.0789609179 -0.7653895617 -0.0035520329 0.9950126410 0.0996857211 0.7694435716 -0.0609510727 0.6357999444
-483.5 309.0 2474.5 -0.3542206585 0.3380425572 -0.8719260097 0.8802650571 0.4352795482 -0.1888521016 0.3156915009 -0.8344213367 -0.4517520666
-380.2 52.4 2382.4 -0.7790335417 0.3380425572 -0.5280473232 0.6268784404 0.4352795482 -0.6461851001 0.0114101442 -0.8344213367 -0.5510089397
-301.5 308.0 2693.7 0.8841644526 0.4291922748 0.1845190227 -0.4548098147 0.7005040050 0.5499473810 0.1067768559 -0.5701649785 0.8145616055
-90.7 199.6 2719.2 0.3312471807 0.4291922748 0.8402792811 -0.7093550563 0.7005040050 -0.0781633407 -0.6221661568 -0.5701649785 0.5364896655
-481.0 -79.6 2537.2 -0.6613086462 0.2067998201 0.7210441828 0.0310952552 0.9679777622 -0.2491027117 -0.7494691014 -0.1423127353 -0.6465625763
-561.9 -458.7 2592.9 -0.6613086462 -0.1934269816 0.7247460485 0.0310952552 0.9582818151 0.2841286659 -0.7494691014 0.2104329020 -0.6277053952
-364.6 -82.1 2675.5 -0.8759900331 -0.0015810730 -0.4823266566 0.0619862527 0.9913333058 -0.1158275306 0.4783295989 -0.1313613802 -0.8683000207
-364.0 -470.2 2726.9 -0.8857041597 0.1358904690 -0.4439165294 0.0046469290 0.9587484598 0.2842178047 0.4642267823 0.2496700436 -0.8497990370
-161.2 -123.9 2379.2 0 0 0 0 0 0 0 0 0
-8.9 24.4 2565.6 0 0 0 0 0 0 0 0 0
-498.4 -773.5 2523.8 0 0 0 0 0 0 0 0 0
-415.1 -830.8 2633.0 0 0 0 0 0 0 0 0 0
-375.9 509.4 2567.6 4 0.6272832751 0.0879917592 -0.7738043070 0.0045622098 0.9931644797 0.1166342497 0.7787778378 -0.0766929686 0.6225939989
-393.6 308.5 2583.1 0.6272832751 0.0879917592 -0.7738043070 0.0045622098 0.9931644797 0.1166342497 0.7787778378 -0.0766929686 0.6225939989
-410.7 114.0 2598.0 0.6273027062 0.0869321823 -0.7739083171 0.0047829477 0.9933013916 0.1154532209 0.7787608504 -0.0761256814 0.6226848960
-483.0 307.8 2472.2 -0.3550998569 0.3384722173 -0.8714015484 0.8802038431 0.4350296855 -0.1897113770 0.3148735166 -0.8343774676 -0.4524035156
-379.7 51.6 2380.5 -0.7798247933 0.3384722173 -0.5266021490 0.6259179711 0.4350296855 -0.6472834945 0.0100001004 -0.8343774676 -0.5511027575
-304.2 309.2 2694.1 0.8877940774 0.4352292120 0.1496571004 -0.4420456588 0.7158290744 0.5405407548 0.1281302273 -0.5460441709 0.8278999925
-94.2 204.7 2724.4 0.3328543901 0.4352292120 0.8365306258 -0.6914634705 0.7158290744 -0.0972983837 -0.6411600709 -0.5460441709 0.5392119884
-481.2 -80.9 2538.4 -0.6465554237 0.1878668368 0.7393727899 0.0398017950 0.9761900306 -0.2132343352 -0.7618280053 -0.1084394604 -0.6386383772
-554.7 -462.9 2580.9 -0.6436344981 -0.1758185178 0.7448640466 0.0231965128 0.9683261514 0.2486087829 -0.7649813890 0.1772914380 -0.6191697717
-365.7 -81.5 2677.5 -0.8824416995 -0.0080456054 -0.4703530073 0.0449328795 0.9938406944 -0.1012998596 0.4682709873 -0.1105255336 -0.8766449690
-362.5 -470.6 2720.8 -0.8857562542 0.1403356344 -0.4424270988 0.0236182064 0.9655897021 0.2589955926 0.4635493755 0.2189576328 -0.8585916162
-161.0 -123.9 2377.7 0 0 0 0 0 0 0 0 0
-11.2 32.2 2564.5 0 0 0 0 0 0 0 0 0
-498.5 -772.1 2524.2 0 0 0 0 0 0 0 0 0
-415.3 -833.9 2638.4 0 0 0 0 0 0 0 0 0
-374.9 505.5 2556.9 5 0.6131622195 0.0867630094 -0.7851778865 0.0239031054 0.9914571643 0.1282235384 0.7895953059 -0.0973900184 0.6058501601
-392.4 304.9 2576.6 0.6131622195 0.0867630094 -0.7851778865 0.0239031054 0.9914571643 0.1282235384 0.7895953059 -0.0973900184 0.6058501601
-408.8 110.6 2595.2 0.6131635904 0.0834485963 -0.7855359316 0.0239194147 0.9919875264 0.1240509525 0.7895936966 -0.0948530883 0.6062545776
-479.8 301.4 2464.2 -0.3542566001 0.2971611321 -0.8866778016 0.8897182941 0.3990416229 -0.2217365950 0.2879298329 -0.8674451113 -0.4057528377
-380.1 51.0 2383.1 -0.7813416719 0.2971611321 -0.5488172770 0.6238050461 0.3990416229 -0.6720364690 0.0192978028 -0.8674451113 -0.4971584678
-305.1 308.3 2689.1 0.8925619721 0.4248864353 0.1510119140 -0.4322819412 0.7109518051 0.5546889901 0.1283176392 -0.5603740215 0.8182392716
-96.2 207.1 2719.1 0.3553632796 0.4248864353 0.8325793743 -0.7003316283 0.7109518051 -0.0638997853 -0.6190739870 -0.5603740215 0.5502075553
-484.4 -80.9 2542.5 -0.6296842098 0.1835905761 0.7548459172 0.0381170623 0.9778048992 -0.2060209364 -0.7759155035 -0.1009556204 -0.6227062345
-556.3 -463.7 2582.1 -0.6270650029 -0.1825014502 0.7572863698 0.0238785073 0.9672072530 0.2528634965 -0.7786008716 0.1766447276 -0.6021439433
-371.0 -80.0 2683.3 -0.8905622363 -0.0224308185 -0.4543079734 0.0279446729 0.9941986203 -0.1038660184 0.4540021718 -0.1051946431 -0.8847689629
-362.3 -469.3 2724.5 -0.8911275268 0.1396496147 -0.4317287803 0.0240893140 0.9646804929 0.2623188794 0.4531130791 0.2233595252 -0.8630174398
-161.1 -123.8 2377.7 0 0 0 0 0 0 0 0 0
-8.0 33.3 2565.5 0 0 0 0 0 0 0 0 0
-497.8 -774.2 2525.4 0 0 0 0 0 0 0 0 0
-414.8 -832.4 2640.4 0 0 0 0 0 0 0 0 0
-375.6 505.2 2560.1 6 0.6172899008 0.0856420249 -0.7820605040 0.0309467781 0.9906448126 0.1329103857 0.7861269116 -0.1062464863 0.6088646650
-392.9 305.6 2581.5 0.6172899008 0.0856420249 -0.7820605040 0.0309467781 0.9906448126 0.1329103857 0.7861269116 -0.1062464863 0.6088646650
-409.1 111.5 2602.0 0.6173086166 0.0830431134 -0.7823259234 0.0311670359 0.9910512567 0.1297920197 0.7861034870 -0.1045045182 0.6091963053
-480.8 301.1 2469.5 -0.3654024303 0.2741795182 -0.8895542026 0.8799077272 0.4135419130 -0.2339775264 0.3037160933 -0.8682215810 -0.3923618793
-374.7 45.6 2381.3 -0.7792050242 0.2741795182 -0.5636178851 0.6246531010 0.4135419130 -0.6624134779 0.0514594130 -0.8682215810 -0.4935010076
-304.9 310.0 2693.5 0.8939310312 0.4101266563 0.1807857156 -0.4380796254 0.7142573595 0.5458229780 0.0947290286 -0.5671266317 0.8181648850
-95.5 207.4 2715.7 0.3564355373 0.4101266563 0.8394938111 -0.6979018450 0.7142573595 -0.0526257008 -0.6211978197 -0.5671266317 0.5408148170
-480.6 -85.8 2542.5 -0.6318961382 0.2057786584 0.7472364902 0.0402888767 0.9715276957 -0.2334753126 -0.7740051746 -0.1174268350 -0.6221951842
-561.2 -466.1 2588.4 -0.6293808818 -0.2000927031 0.7508945465 0.0279773325 0.9598207474 0.2792156637 -0.7765931487 0.1967410296 -0.5984947681
-369.8 -81.4 2685.1 -0.8879674673 -0.0192551315 -0.4595030546 0.0231828168 0.9959790111 -0.0865354314 0.4593216479 -0.0874932185 -0.8839505315
-362.3 -471.4 2719.4 -0.8869816661 0.1429132521 -0.4391347468 0.0300010629 0.9667337537 0.2540192306 0.4608291090 0.2121358961 -0.8617626429
-155.5 -130.1 2366.8 0 0 0 0 0 0 0 0 0
-5.7 31.7 2559.3 0 0 0 0 0 0 0 0 0
-497.2 -773.0 2525.5 0 0 0 0 0 0 0 0 0
-416.1 -835.4 2639.5 0 0 0 0 0 0 0 0 0
-376.0 505.3 2562.2 7 0.6052178741 0.0828222483 -0.7917397618 0.0391858518 0.9902678728 0.1335441172 0.7950948477 -0.1118482798 0.5960823298
-392.8 305.4 2584.8 0.6052178741 0.0828222483 -0.7917397618 0.0391858518 0.9902678728 0.1335441172 0.7950948477 -0.1118482798 0.5960823298
-408.9 111.5 2606.9 0.6053166986 0.0824021921 -0.7917079926 0.0403709859 0.9901688695 0.1339247823 0.7949602604 -0.1130289435 0.5960391164
-479.0 299.7 2471.5 -0.3583348095 0.2890031934 -0.8877349496 0.8789558411 0.4249561727 -0.2164461017 0.3146948218 -0.8578400016 -0.4062976241
-376.0 47.0 2381.1 -0.7822372913 0.2890031934 -0.5518894792 0.6214036942 0.4249561727 -0.6582322717 0.0442976132 -0.8578400016 -0.5120041966
-306.5 311.2 2698.0 0.8953921199 0.3952758908 0.2050121427 -0.4402610958 0.7169647217 0.5404921770 0.0666570440 -0.5742112994 0.8159891367
-95.5 207.4 2713.7 0.3445214331 0.3952758908 0.8515056968 -0.6952015758 0.7169647217 -0.0515404977 -0.6308722496 -0.5742112994 0.5218061209
-481.2 -85.4 2551.4 -0.6159695387 0.2085995078 0.7596497536 0.0512358807 0.9728707075 -0.2256047577 -0.7861020565 -0.1000443324 -0.6099464893
-562.9 -466.3 2590.6 -0.6130222678 -0.2053525001 0.7629115582 0.0371962227 0.9570583701 0.2874991596 -0.7891895771 0.2046208084 -0.5790597200
-369.6 -79.7 2693.5 -0.8945218325 -0.0166955236 -0.4467124045 0.0083575705 0.9985030293 -0.0540539287 0.4469461441 -0.0520858504 -0.8930432200
-363.1 -470.6 2713.9 -0.8918641806 0.1282072067 -0.4337524176 0.0302633420 0.9737516642 0.2255922705 0.4512896836 0.1880708635 -0.8723341823
-156.3 -127.5 2368.6 0 0 0 0 0 0 0 0 0
-8.1 31.0 2553.7 0 0 0 0 0 0 0 0 0
-497.7 -770.1 2525.6 0 0 0 0 0 0 0 0 0
-411.4 -837.1 2643.1 0 0 0 0 0 0 0 0 0
-376.7 508.4 2563.2 8 0.6039574146 0.0786515474 -0.7931263447 0.0450907461 0.9901533723 0.1325261593 0.7957400680 -0.1158028096 0.5944640040
-392.6 308.0 2586.7 0.6039574146 0.0786515474 -0.7931263447 0.0450907461 0.9901533723 0.1325261593 0.7957400680 -0.1158028096 0.5944640040
-408.3 114.1 2609.5 0.6039464474 0.0796819106 -0.7930318117 0.0449539833 0.9900006056 0.1337083131 0.7957561016 -0.1164025962 0.5943253636
-478.7 301.6 2473.3 -0.3509515226 0.2852610648 -0.8918851614 0.8811762929 0.4228456318 -0.2114944756 0.3167985976 -0.8601323962 -0.3997636139
-377.8 48.3 2382.2 -0.7833883166 0.2852610648 -0.5522036552 0.6199057698 0.4228456318 -0.6609980464 0.0449399054 -0.8601323962 -0.5080872774
-306.6 314.4 2700.1 0.8913655281 0.3920735121 0.2274772078 -0.4512787461 0.7204160690 0.5266385674 0.0426027887 -0.5720830560 0.8190885186
-96.3 207.9 2710.1 0.3439423442 0.3920735121 0.8532186151 -0.6915697455 0.7204160690 -0.0522678681 -0.6351652741 -0.5720830560 0.5189278126
-479.8 -86.0 2557.2 -0.5872720480 0.2153578252 0.7802131176 0.0518011674 0.9719768763 -0.2292981595 -0.8077302575 -0.0942444503 -0.5819706321
-564.1 -466.7 2594.1 -0.5872720480 -0.2107340693 0.7814747095 0.0518011674 0.9537459016 0.2961172462 -0.8077302575 0.2143826783 -0.5491920114
-370.4 -78.7 2700.9 -0.8951345086 -0.0196522009 -0.4453627467 0.0017634402 0.9988639355 -0.0476204865 0.4457926452 -0.0434121117 -0.8940829635
-362.7 -469.8 2717.9 -0.8910817504 0.1369246989 -0.4326949120 0.0339973904 0.9708627462 0.2372124493 0.4525676072 0.1966651976 -0.8697731495
-158.1 -125.6 2369.6 0 0 0 0 0 0 0 0 0
-8.9 32.2 2548.7 0 0 0 0 0 0 0 0 0
-497.3 -769.3 2526.1 0 0 0 0 0 0 0 0 0
-414.2 -835.4 2643.8 0 0 0 0 0 0 0 0 0
-378.3 509.0 2565.3 9 0.6037471890 0.0743434355 -0.7937017083 0.0470305942 0.9905859232 0.1285598278 0.7957873344 -0.1149458960 0.5945670605
-393.4 308.9 2588.5 0.6037471890 0.0743434355 -0.7937017083 0.0470305942 0.9905859232 0.1285598278 0.7957873344 -0.1149458960 0.5945670605
-408.1 115.0 2611.8 0.6039439440 0.0752954260 -0.7934622169 0.0496349446 0.9900422692 0.1317294985 0.7954797745 -0.1189406887 0.5941927433
-479.4 301.8 2475.1 -0.3516622782 0.2621523142 -0.8986711502 0.8808207512 0.4177405238 -0.2228176445 0.3169991970 -0.8699247241 -0.3778127730
-378.5 49.0 2384.1 -0.7832546830 0.2621523142 -0.5637271404 0.6186947823 0.4177405238 -0.6653643250 0.0610648878 -0.8699247241 -0.4893894792
-307.3 315.9 2701.8 0.8886814117 0.3830744326 0.2519906759 -0.4583799243 0.7283812761 0.5092627406 0.0115402378 -0.5680798292 0.8228925467
-95.8 206.9 2704.6 0.3378842175 0.3830744326 0.8597024083 -0.6828652024 0.7283812761 -0.0561762825 -0.6477108598 -0.5680798292 0.5076967478
-478.5 -83.9 2560.4 -0.5832653642 0.2115513533 0.7842496634 0.0675907061 0.9747816920 -0.2126785368 -0.8094646931 -0.0710400268 -0.5828552842
-561.3 -465.6 2588.2 -0.5785668492 -0.1993247271 0.7909045815 0.0441277176 0.9606098533 0.2743746042 -0.8144403696 0.1936448812 -0.5469813347
-369.3 -75.7 2704.2 -0.8951624036 -0.0177192166 -0.4453878701 0.0057233865 0.9986702800 -0.0512340292 0.4457034469 -0.0484119020 -0.8938706517
-362.4 -466.9 2723.2 -0.8928366899 0.1381025165 -0.4286844730 0.0229665469 0.9645495415 0.2629004717 0.4497946501 0.2248817980 -0.8643569946
-159.1 -124.3 2367.0 0 0 0 0 0 0 0 0 0
-10.0 33.5 2540.2 0 0 0 0 0 0 0 0 0
-498.3 -769.0 2527.0 0 0 0 0 0 0 0 0 0
-414.3 -829.9 2638.5 0 0 0 0 0 0 0 0 0
-378.0 509.5 2564.8 0 0.6034345031 0.0747735277 -0.7938990593 0.0496191904 0.9901435971 0.1309718937 0.7958672643 -0.1184255853 0.5937765837
-393.1 309.5 2588.7 0.6034345031 0.0747735277 -0.7938990593 0.0496191904 0.9901435971 0.1309718937 0.7958672643 -0.1184255853 0.5937765837
-408.0 115.6 2612.6 0.6035900712 0.0760421678 -0.7936602235 0.0516617484 0.9896193147 0.1341069043 0.7956193089 -0.1219474748 0.5933959484
-479.2 302.1 2475.3 -0.3487446904 0.2932463884 -0.8901593685 0.8789126873 0.4321021438 -0.2019905150 0.3254067898 -0.8528155088 -0.4084313214
-379.0 49.7 2381.9 -0.7829238176 0.2932463884 -0.5486682653 0.6204758286 0.4321021438 -0.6544443965 0.0451672748 -0.8528155088 -0.5202553868
-307.1 316.8 2702.1 0.8754107952 0.3857447207 0.2913021445 -0.4823678434 0.7361017466 0.4748425484 -0.0312600136 -0.5561971068 0.8304622769
-95.9 200.5 2694.5 0.3421277404 0.3857447207 0.8568252921 -0.6740006208 0.7361017466 -0.0622683056 -0.6547303200 -0.5561971068 0.5118330121
-477.5 -83.4 2563.2 -0.5808164477 0.2049918473 0.7878011465 0.0748912916 0.9771254063 -0.1990409046 -0.8105822206 -0.0566067882 -0.5828825831
-557.7 -466.1 2585.3 -0.5752024651 -0.1886781007 0.7959539890 0.0447855107 0.9643124938 0.2609515190 -0.8167842031 0.1857471466 -0.5462248325
-368.3 -74.4 2707.0 -0.8955119848 -0.0130503271 -0.4448460639 0.0167769343 0.9978694916 -0.0630475804 0.4447211027 -0.0639230162 -0.8933851123
-363.2 -465.2 2732.0 -0.8977652788 0.1269921213 -0.4217706621 0.0007293861 0.9579650760 0.2868838906 0.4404735565 0.2572467625 -0.8601204157
-160.0 -123.9 2369.2 0 0 0 0 0 0 0 0 0
-9.5 30.1 2529.1 0 0 0 0 0 0 0 0 0
-498.0 -771.3 2526.5 0 0 0 0 0 0 0 0 0
-411.0 -825.7 2635.2 0 0 0 0 0 0 0 0 0
-378.5 508.1 2564.5 1 0.6045052409 0.0789908543 -0.7926751375 0.0495301001 0.9894191623 0.1363689452 0.7950598598 -0.1216970161 0.5941966176
-394.4 308.6 2589.1 0.6045052409 0.0789908543 -0.7926751375 0.0495301001 0.9894191623 0.1363689452 0.7950598598 -0.1216970161 0.5941966176
-410.0 114.9 2613.6 0.6046930552 0.0796308890 -0.7924678326 0.0518725738 0.9889392257 0.1389546543 0.7947676182 -0.1251322627 0.5938740373
-480.6 301.2 2475.8 -0.3545820117 0.2912126780 -0.8885194063 0.8776986003 0.4312782586 -0.2089120597 0.3223612905 -0.8539286852 -0.4085204601
-379.0 49.6 2383.4 -0.7828284502 0.2912126780 -0.5498861074 0.6205035448 0.4312782586 -0.6549613476 0.0464208983 -0.8539286852 -0.5183154345
-308.3 316.0 2702.3 0.8665031791 0.3693344593 0.3358038962 -0.4943699241 0.7280376554 0.4749311507 -0.0690694451 -0.5775406957 0.8134347796
-97.6 195.8 2685.5 0.3543494046 0.3693344593 0.8590859175 -0.6848579049 0.7280376554 -0.0305096414 -0.6367151141 -0.5775406957 0.5109212995
-477.5 -82.9 2564.5 -0.5824827552 0.2100026011 0.7852469683 0.0697775334 0.9754022360 -0.2090970129 -0.8098425269 -0.0670028031 -0.5828084350
-559.7 -464.9 2590.8 -0.5799149871 -0.1922832578 0.7916601300 0.0566956103 0.9598658085 0.2746693194 -0.8127018213 0.2041685134 -0.5457389355
-368.4 -73.5 2708.4 -0.8947759867 -0.0159538202 -0.4462301731 0.0092861243 0.9984804988 -0.0543185547 0.4464187324 -0.0527466871 -0.8932682276
-362.1 -464.6 2729.0 -0.8945134282 0.1330162138 -0.4267931283 0.0111958738 0.9610732198 0.2760669291 0.4469008148 0.2421672642 -0.8611821532
-160.4 -123.7 2370.4 0 0 0 0 0 0 0 0 0
-9.2 24.9 2526.7 0 0 0 0 0 0 0 0 0
-498.2 -772.0 2525.4 0 0 0 0 0 0 0 0 0
-412.2 -826.4 2637.9 0 0 0 0 0 0 0 0 0
-377.2 508.6 2564.4 2 0.6057906151 0.0789616480 -0.7916961312 0.0510753691 0.9891510606 0.1377371550 0.7939830422 -0.1238760501 0.5951853991
-393.1 309.3 2589.4 0.6057906151 0.0789616480 -0.7916961312 0.0510753691 0.9891510606 0.1377371550 0.7939830422 -0.1238760501 0.5951853991
-408.9 115.7 2614.6 0.6060400009 0.0802757740 -0.7913730741 0.0541722327 0.9884191751 0.1417493969 0.7935873866 -0.1287762374 0.5946727991
-479.5 301.5 2476.3 -0.3503426015 0.2622570097 -0.8991559148 0.8800427318 0.4207739532 -0.2201682180 0.3206007183 -0.8684299588 -0.3782124221
-379.1 49.3 2384.4 -0.7832816839 0.2622570097 -0.5636408925 0.6184549928 0.4207739532 -0.6636736393 0.0631123409 -0.8684299588 -0.4917787015
-306.8 317.0 2702.5 0.8529080749 0.3910471797 0.3458755612 -0.5156174302 0.7347521186 0.4407697916 -0.0817710087 -0.5542755723 0.8283067942
-99.7 191.8 2682.6 0.3545930386 0.3910471797 0.8493208289 -0.6760152578 0.7347521186 -0.0560594425 -0.6459621787 -0.5542755723 0.5248918533
-480.3 -83.5 2566.2 -0.5821490884 0.2040212303 0.7870690823 0.0749391839 0.9773499966 -0.1979170144 -0.8096212149 -0.0562349036 -0.5842525959
-560.2 -466.3 2588.3 -0.5769765973 -0.1961386353 0.7928603888 0.0485525094 0.9607845545 0.2730123103 -0.8153162599 0.1960170716 -0.5448272228
-371.0 -74.1 2709.9 -0.8935219049 -0.0212949719 -0.4485143125 -0.0164244678 0.9997563362 -0.0147468233 0.4487190843 -0.0058100005 -0.8936539888
-362.6 -465.3 2712.2 -0.8868004680 0.1359373927 -0.4417079389 0.0441850834 0.9763227105 0.2117584795 0.4600353837 0.1682706326 -0.8718098402
-160.5 -123.3 2366.7 0 0 0 0 0 0 0 0 0
-12.3 25.3 2523.5 0 0 0 0 0 0 0 0 0
-497.7 -772.3 2525.8 0 0 0 0 0 0 0 0 0
-413.7 -831.9 2649.0 0 0 0 0 0 0 0 0 0
-376.1 511.8 2564.3 3 0.6114609838 0.0778398439 -0.7874366045 0.0542711839 0.9886806011 0.1398759782 0.7894111872 -0.1282638162 0.6003152132
-391.8 311.9 2590.3 0.6114609838 0.0778398439 -0.7874366045 0.0542711839 0.9886806011 0.1398759782 0.7894111872 -0.1282638162 0.6003152132
-407.8 118.4 2616.5 0.6116311550 0.0813904479 -0.7869452834 0.0563832633 0.9876803756 0.1459739506 0.7891312838 -0.1336527616 0.5995070338
-479.0 303.8 2477.8 -0.3469131589 0.2806045115 -0.8949370980 0.8812559247 0.4240983129 -0.2086351961 0.3209973276 -0.8610469103 -0.3944096565
-378.5 48.5 2384.8 -0.7887100577 0.2806045115 -0.5469895005 0.6131195426 0.4240983129 -0.6665021181 0.0449538305 -0.8610469103 -0.5065346956
-304.7 319.9 2702.7 0.8474482298 0.3907858729 0.3593298495 -0.5246703625 0.7197293043 0.4546545148 -0.0809476599 -0.5738258958 0.8149670362
-101.9 194.4 2683.4 0.3445352912 0.3907858729 0.8535700440 -0.6924513578 0.7197293043 -0.0500089154 -0.6338821650 -0.5738258958 0.5185723305
-479.4 -82.8 2568.1 -0.5884672999 0.2170330137 0.7788471580 0.0685581341 0.9732236862 -0.2193979323 -0.8056091070 -0.0757122040 -0.5875896811
-564.3 -463.9 2597.7 -0.5865214467 -0.2066344321 0.7831314206 0.0594601817 0.9533135891 0.2960704565 -0.8077481389 0.2202168107 -0.5468523502
-369.8 -73.0 2711.5 -0.8902978301 -0.0221095886 -0.4548416436 -0.0187108070 0.9997532368 -0.0119732721 0.4549941421 -0.0021493237 -0.8904918432
-361.1 -464.4 2712.4 -0.8831957579 0.1404382288 -0.4474844635 0.0428574905 0.9742901325 0.2211831510 0.4670422673 0.1761699617 -0.8665077686
-158.1 -122.8 2372.2 0 0 0 0 0 0 0 0 0
-16.9 23.5 2526.9 0 0 0 0 0 0 0 0 0
-497.4 -772.9 2526.4 0 0 0 0 0 0 0 0 0
-413.9 -830.8 2646.1 0 0 0 0 0 0 0 0 0
-376.5 509.0 2556.8 4 0.6171830297 0.0810413882 -0.7826349139 0.0602962375 0.9868850112 0.1497407705 0.7845058441 -0.1396073997 0.6042022109
-392.8 309.8 2585.0 0.6171830297 0.0810413882 -0.7826349139 0.0602962375 0.9868850112 0.1497407705 0.7845058441 -0.1396073997 0.6042022109
-409.0 116.6 2612.5 0.6171687841 0.0826291293 -0.7824801207 0.0601240024 0.9866105914 0.1516069472 0.7845303416 -0.1406129152 0.6039372087
-480.8 301.3 2473.2 -0.3573653996 0.2739296854 -0.8928899765 0.8842371106 0.4070251882 -0.2290309668 0.3006903231 -0.8713741899 -0.3876755238
-378.3 47.8 2387.0 -0.7920258641 0.2739296854 -0.5455799699 0.6094433665 0.4070251882 -0.6803743839 0.0356900655 -0.8713741899 -0.4893191159
-304.9 318.4 2696.8 0.8475778103 0.4259644747 0.3164903224 -0.5288142562 0.7278096676 0.4366331697 -0.0443545207 -0.5374451876 0.8421314359
-102.4 192.1 2686.2 0.3235050738 0.4259644747 0.8449252844 -0.6772848368 0.7278096676 -0.1076023802 -0.6607795954 -0.5374451876 0.5239494443
-479.0 -80.1 2571.3 -0.5903426409 0.2120934725 0.7787887454 0.0804963484 0.9755192399 -0.2046522200 -0.8031288385 -0.0581252798 -0.5929633379
-562.1 -462.1 2594.1 -0.5855617523 -0.2001052350 0.7855414152 0.0567998141 0.9565430880 0.2860053778 -0.8086354136 0.2120924145 -0.5487490892
-368.4 -69.9 2714.0 -0.8870962858 -0.0190553740 -0.4611908793 -0.0183087662 0.9998137951 -0.0060933270 0.4612211287 0.0030384688 -0.8872800469
-361.0 -461.5 2712.8 -0.8796695471 0.1446497589 -0.4530539513 0.0437627733 0.9732019305 0.2257493734 0.4735675752 0.1787579656 -0.8624264002
-156.4 -123.0 2377.0 0 0 0 0 0 0 0 0 0
-22.7 25.1 2523.3 0 0 0 0 0 0 0 0 0
-497.5 -770.5 2525.7 0 0 0 0 0 0 0 0 0
-415.4 -827.7 2645.5 0 0 0 0 0 0 0 0 0
-372.1 514.7 2552.5 5 0.6179132462 0.0953524858 -0.7804428935 0.0630951822 0.9834039211 0.1701051444 0.7837105393 -0.1543524116 0.6016420126
-391.5 314.5 2584.0 0.6179132462 0.0953524858 -0.7804428935 0.0630951822 0.9834039211 0.1701051444 0.7837105393 -0.1543524116 0.6016420126
-409.9 121.9 2614.1 0.6179924011 0.0935220420 -0.7806016803 0.0639198720 0.9836352468 0.1684515625 0.7835812569 -0.1539977491 0.6019012332
-479.6 305.4 2472.3 -0.3507220745 0.2594509125 -0.8998217583 0.8899644017 0.3914024532 -0.2340245992 0.2914745510 -0.8828869462 -0.3681755662
-378.0 47.5 2387.8 -0.7933729887 0.2594509125 -0.5506764650 0.6076561213 0.3914024532 -0.6910558343 0.0362410322 -0.8828869462 -0.4681850672
-303.5 323.6 2695.6 0.8270220160 0.4674426913 0.3123009503 -0.5602357388 0.7313394547 0.3889454007 -0.0465883203 -0.4966285825 0.8667119145
-100.5 186.1 2684.2 0.3203566968 0.4674426913 0.8239350319 -0.6637343168 0.7313394547 -0.1568419039 -0.6758908033 -0.4966285825 0.5445472598
-481.0 -82.1 2569.1 -0.5889133215 0.1931858659 0.7847676873 0.0794186518 0.9801447392 -0.1816835850 -0.8042846322 -0.0446706861 -0.5925628543
-556.6 -465.8 2586.6 -0.5830207467 -0.1877752393 0.7904601693 0.0475763045 0.9633650184 0.2639400065 -0.8110630512 0.1914896816 -0.5527281165
-369.4 -71.2 2711.0 -0.8870406151 -0.0205607675 -0.4612333179 -0.0084672170 0.9995643497 -0.0282742921 0.4616137147 -0.0211750828 -0.8868283033
-361.3 -462.6 2719.3 -0.8820596933 0.1431546658 -0.4488623440 0.0299165566 0.9678159952 0.2498743534 0.4701868594 0.2069756836 -0.8579542041
-155.5 -123.0 2377.6 0 0 0 0 0 0 0 0 0
-21.2 21.8 2516.9 0 0 0 0 0 0 0 0 0
-497.3 -770.2 2526.1 0 0 0 0 0 0 0 0 0
-415.2 -826.8 2641.4 0 0 0 0 0 0 0 0 0
-372.4 514.2 2549.4 6 0.6247305274 0.0944874585 -0.7751024961 0.0677317306 0.9823526740 0.1743434966 0.7778972983 -0.1614167392 0.6073058844
-391.7 314.1 2582.3 0.6247305274 0.0944874585 -0.7751024961 0.0677317306 0.9823526740 0.1743434966 0.7778972983 -0.1614167392 0.6073058844
-409.3 121.6 2613.8 0.6249468327 0.0898459330 -0.7754799128 0.0700382814 0.9828966856 0.1703196466 0.7775191665 -0.1607540101 0.6079655290
-480.7 304.1 2471.5 -0.3516219556 0.2718895972 -0.8957890868 0.8895952702 0.3950254321 -0.2292927355 0.2915171683 -0.8775140643 -0.3807713091
-380.0 49.4 2388.0 -0.7887666225 0.2718895972 -0.5512923598 0.6138620973 0.3950254321 -0.6834678054 0.0319467373 -0.8775140643 -0.4784855843
-302.6 324.1 2693.1 0.8160730004 0.4781277776 0.3246824741 -0.5762253404 0.7164639235 0.3932476938 -0.0446006507 -0.5080090761 0.8601962328
-88.4 172.8 2681.4 0.2364065349 0.4781277776 0.8458757401 -0.6620435715 0.7164639235 -0.2199494392 -0.7112033963 -0.5080090761 0.4859181643
-484.0 -76.5 2573.5 -0.5934720635 0.1953805536 0.7807799578 0.0880526081 0.9800265431 -0.1783106327 -0.8000235558 -0.0370726548 -0.5988221169
-560.5 -460.3 2588.0 -0.5845106244 -0.1971048862 0.7870813012 0.0409504957 0.9616428614 0.2712305784 -0.8103520274 0.1907685101 -0.5540189147
-372.3 -65.0 2715.1 -0.8824143410 -0.0310412124 -0.4694480002 -0.0212705638 0.9994329214 -0.0261033382 0.4699920714 -0.0130485361 -0.8825742006
-360.1 -456.4 2720.2 -0.8761492968 0.1444505602 -0.4598873854 0.0285013206 0.9678990841 0.2497179806 0.4811964631 0.2056828439 -0.8521411419
-157.7 -123.6 2379.0 0 0 0 0 0 0 0 0 0
-27.8 3.2 2499.1 0 0 0 0 0 0 0 0 0
-496.5 -772.6 2526.0 0 0 0 0 0 0 0 0 0
-414.5 -820.8 2642.8 0 0 0 0 0 0 0 0 0
-373.5 511.0 2556.3 7 0.6215892434 0.0878237262 -0.7784046531 0.0606742576 0.9853123426 0.1596191078 0.7809900641 -0.1464466453 0.6071308851
-391.2 311.7 2586.0 0.6215892434 0.0878237262 -0.7784046531 0.0606742576 0.9853123426 0.1596191078 0.7809900641 -0.1464466453 0.6071308851
-407.6 118.7 2615.0 0.6219131351 0.0837962851 -0.7785899043 0.0643939525 0.9854184985 0.1574922204 0.7804341316 -0.1480829716 0.6074487567
-479.9 302.5 2474.7 -0.3499450982 0.3085528314 -0.8844962120 0.8844532967 0.4199506342 -0.2034300864 0.3086758256 -0.8534849882 -0.4198602736
-379.9 49.9 2386.6 -0.7851325274 0.3085528314 -0.5369935036 0.6189810038 0.4199506342 -0.6637047529 0.0207227916 -0.8534849882 -0.5207052827
-302.6 320.9 2697.2 0.8036741018 0.3694309592 0.4665068984 -0.5837050080 0.6418890357 0.4972594082 -0.1157426387 -0.6719369292 0.7315083146
-80.5 159.5 2665.2 0.1894892901 0.3694309592 0.9097332358 -0.7599326968 0.6418890357 -0.1023757011 -0.6217685342 -0.6719369292 0.4023737609
-483.3 -77.2 2575.0 -0.5910496712 0.1856841445 0.7849724293 0.0961299092 0.9824235439 -0.1600093544 -0.8008865714 -0.0191141441 -0.5985109210
-556.1 -461.9 2582.4 -0.5804115534 -0.1868898869 0.7925872803 0.0351923220 0.9666417837 0.2537027895 -0.8135624528 0.1751450300 -0.5544729829
-370.4 -64.5 2715.5 -0.8844210505 -0.0256474447 -0.4659845531 -0.0130642131 0.9994580746 -0.0302140508 0.4665069580 -0.0206342209 -0.8842768073
-360.3 -456.0 2723.6 -0.8789656758 0.1446318179 -0.4544238150 0.0290056448 0.9673498869 0.2517795265 0.4760021269 0.2081246972 -0.8544624448
-159.5 -123.9 2380.8 0 0 0 0 0 0 0 0 0
-31.3 -37.5 2504.0 0 0 0 0 0 0 0 0 0
-495.9 -773.1 2526.1 0 0 0 0 0 0 0 0 0
-414.8 -820.3 2645.2 0 0 0 0 0 0 0 0 0
-376.9 512.7 2560.3 8 0.6259462237 0.0777151585 -0.7759842873 0.0603258684 0.9872158766 0.1475318372 0.7775294781 -0.1391589195 0.6132557988
-392.7 312.2 2588.6 0.6259462237 0.0777151585 -0.7759842873 0.0603258684 0.9872158766 0.1475318372 0.7775294781 -0.1391589195 0.6132557988
-408.1 118.9 2616.0 0.6259598136 0.0788194686 -0.7758619785 0.0604968667 0.9869735837 0.1490746439 0.7775052786 -0.1402519494 0.6130374670
-481.9 303.5 2477.8 -0.3535680175 0.3420461416 -0.8706285954 0.8789151907 0.4400360882 -0.1840551347 0.3201526403 -0.8302847147 -0.4562122226
-379.9 50.1 2385.5 -0.7833053470 0.3420461416 -0.5190733671 0.6216005683 0.4400360882 -0.6480593681 0.0067448271 -0.8302847147 -0.5572987199
