-58.7 381.6 2452.6 9 0.3578030169 0.3120581508 -0.8801117539 -0.1994082332 0.9463017583 0.2544589341 0.9122572541 0.0844553560 0.4008165896
-120.2 195.1 2436.0 0.3578030169 0.3120581508 -0.8801117539 -0.1994082332 0.9463017583 0.2544589341 0.9122572541 0.0844553560 0.4008165896
-176.5 9.7 2425.0 0.3683997989 0.2900684476 -0.8832564354 -0.1659414470 0.9553375244 0.2445274740 0.9147377014 0.0564849786 0.4000805318
-170.5 217.8 2311.0 -0.3126023710 0.5276350379 -0.7898613811 0.7175650001 0.6760252714 0.1676017046 0.6223987937 -0.5143842101 -0.5899395347
-88.1 28.6 2146.9 -0.8154999018 0.5276350379 -0.2378257960 0.5726407766 0.6760252714 -0.4637590349 -0.0839192793 -0.5143842101 -0.8534438610
-69.9 172.5 2560.9 -0.2057243586 0.8742502928 -0.4397315979 -0.9303328991 -0.0353279859 0.3650104702 0.3035756946 0.4841883183 0.8206116557
-119.7 -52.5 2634.3 0.1802739799 0.8742502928 -0.4507634342 -0.9024133086 -0.0353279859 -0.4294206798 -0.3913457394 0.4841883183 0.7825664282
-266.0 -154.9 2331.3 0.4331185520 0.0030863518 -0.9013316631 0.0121480804 0.9998832941 0.0092613529 0.9012550712 -0.0149607137 0.4330305159
-267.2 -543.0 2337.1 0.4361656904 0.1134219915 -0.8926897049 0.0374801494 0.9888741374 0.1439555287 0.8990855217 -0.0962466076 0.4270618856
-201.5 -186.4 2495.3 0.4488057494 -0.0456519499 -0.8924624920 -0.0458909869 0.9961991310 -0.0740362406 0.8924502134 0.0741838738 0.4450048506
-183.8 -573.2 2466.5 0.4407933950 -0.0979581922 -0.8922473788 0.0621518828 0.9949723482 -0.0785315260 0.8954542279 -0.0208386760 0.4446655214
139.4 -131.1 2170.3 0 0 0 0 0 0 0 0 0
-72.0 -291.2 2530.8 0 0 0 0 0 0 0 0 0
-309.5 -912.0 2373.0 0 0 0 0 0 0 0 0 0
-156.5 -850.2 2472.3 0 0 0 0 0 0 0 0 0
-54.3 382.5 2457.8 0 0.3289650679 0.3143329322 -0.8904924393 -0.2097811550 0.9437396526 0.2556313276 0.9207463861 0.1027147472 0.3763985038
-116.6 195.6 2437.4 0.3289650679 0.3143329322 -0.8904924393 -0.2097811550 0.9437396526 0.2556313276 0.9207463861 0.1027147472 0.3763985038
-173.4 10.6 2423.5 0.3404001594 0.2930001616 -0.8934643865 -0.1740606427 0.9534231424 0.2463476658 0.9240295291 0.0716602057 0.3755452037
-163.1 219.4 2311.3 -0.2999826372 0.5253491402 -0.7962529063 0.7171090245 0.6746459603 0.1749499887 0.6290986538 -0.5185181499 -0.5791146755
-83.5 29.2 2144.4 -0.8094754815 0.5253491402 -0.2622168660 0.5840573311 0.6746459603 -0.4513644874 -0.0602203943 -0.5185181499 -0.8529433608
-70.1 171.9 2563.6 -0.2190717757 0.8593835831 -0.4620253742 -0.9313614964 -0.0430463217 0.3615422845 0.2908149958 0.5095163584 0.8098269701
-123.1 -53.4 2633.9 0.1873278022 0.8593835831 -0.4757816494 -0.9006683826 -0.0430463217 -0.4323696196 -0.3920519948 0.5095163584 0.7659558058
-265.8 -160.9 2332.1 0.4063398540 0.0014430495 -0.9137208462 -0.0022490891 0.9999973178 0.0005791169 0.9137192369 0.0018197213 0.4063419998
-266.4 -549.0 2331.4 0.4165987670 0.1261181682 -0.9002997875 0.0693239272 0.9830394387 0.1697872132 0.9064434171 -0.1331454664 0.4007900059
-199.8 -190.6 2495.9 0.4219555557 -0.0429301709 -0.9055995345 -0.0527213737 0.9960260391 -0.0717818886 0.9050822854 0.0780332163 0.4180153608
-183.1 -577.3 2465.6 0.4127547145 -0.1019493043 -0.9051187038 0.0661223531 0.9944481850 -0.0818577483 0.9084389806 -0.0260614119 0.4172042906
142.4 -133.8 2161.2 0 0 0 0 0 0 0 0 0
-73.5 -291.6 2530.2 0 0 0 0 0 0 0 0 0
-313.4 -915.6 2381.0 0 0 0 0 0 0 0 0 0
-155.2 -850.3 2472.8 0 0 0 0 0 0 0 0 0
-53.3 381.2 2459.4 1 0.3233891428 0.3178760707 -0.8912767768 -0.2113475949 0.9423581958 0.2594094276 0.9223620296 0.1044790074 0.3719307482
-116.2 194.8 2438.7 0.3233891428 0.3178760707 -0.8912767768 -0.2113475949 0.9423581958 0.2594094276 0.9223620296 0.1044790074 0.3719307482
-173.5 9.9 2424.4 0.3349693120 0.2953453064 -0.8947439194 -0.1755640656 0.9525375366 0.2486956269 0.9257282615 0.0737794787 0.3709228635
-162.0 218.8 2312.3 -0.2991729677 0.5303190947 -0.7932572961 0.7020532489 0.6853571534 0.1934084445 0.6462327838 -0.4990462959 -0.5773525834
-81.5 30.1 2138.6 -0.8059045672 0.5303190947 -0.2632099986 0.5902741551 0.6853571534 -0.4264527559 -0.0457631759 -0.4990462959 -0.8653661013
-70.5 170.9 2565.1 -0.2233673930 0.8565370440 -0.4652432203 -0.9308443666 -0.0458303764 0.3625305295 0.2891985476 0.5140464902 0.8075397015
-124.5 -54.3 2635.1 0.1868344396 0.8565370440 -0.4810791314 -0.9009497762 -0.0458303764 -0.4314962924 -0.3916406035 0.5140464902 0.7631341815
-260.7 -158.9 2326.9 0.4015216231 0.0043575396 -0.9158391953 0.0114143100 0.9998872280 0.0097616930 0.9157783985 -0.0143732028 0.4014265835
-262.4 -547.0 2332.5 0.4083810747 0.1430806518 -0.9015280604 0.0556994602 0.9818923473 0.1810663491 0.9111105800 -0.1241587028 0.3930167556
-199.7 -190.1 2492.3 0.4167775214 -0.0482072644 -0.9077293277 -0.0500822179 0.9958582520 -0.0758824721 0.9076278210 0.0770872086 0.4126370251
-181.0 -576.7 2462.4 0.4088847339 -0.0902790427 -0.9081095457 0.0701996163 0.9952577949 -0.0673347935 0.9098820090 -0.0362167731 0.4132832587
143.4 -134.7 2151.3 0 0 0 0 0 0 0 0 0
-75.1 -292.6 2531.5 0 0 0 0 0 0 0 0 0
-315.8 -913.3 2378.8 0 0 0 0 0 0 0 0 0
-156.0 -852.7 2472.5 0 0 0 0 0 0 0 0 0
-52.0 379.6 2468.7 2 0.2983796000 0.3244464695 -0.8976101875 -0.2271696329 0.9375650883 0.2633736730 0.9270186424 0.1253244430 0.3534546793
-116.2 194.2 2443.9 0.2983796000 0.3244464695 -0.8976101875 -0.2271696329 0.9375650883 0.2633736730 0.9270186424 0.1253244430 0.3534546793
-175.1 10.1 2426.1 0.3109456301 0.3034682870 -0.9006774426 -0.1894265264 0.9484301805 0.2541610301 0.9313594699 0.0915819332 0.3523951471
-158.7 220.0 2316.7 -0.2877001464 0.5373585820 -0.7927637696 0.6796584725 0.6977480650 0.2263008207 0.6747540236 -0.4737018049 -0.5659625530
-80.0 34.1 2132.1 -0.7957582474 0.5373585820 -0.2793108523 0.6055184007 0.6977480650 -0.3827468157 -0.0107836807 -0.4737018049 -0.8806192875
-73.8 168.3 2571.1 -0.2398605049 0.8434955478 -0.4806060493 -0.9315862656 -0.0606912188 0.3584182262 0.2731556296 0.5336963534 0.8003463149
-131.8 -57.0 2637.1 0.1867544502 0.8434955478 -0.5036248565 -0.8984699845 -0.0606912188 -0.4348197579 -0.3973341286 0.5336963534 0.7465211153
-260.8 -159.2 2327.1 0.3797886968 0.0075099110 -0.9250428081 0.0072096898 0.9999126196 0.0110777719 0.9250451922 -0.0108764842 0.3797013760
-263.7 -547.4 2331.4 0.3874265552 0.1388885677 -0.9113784432 0.0577303022 0.9829912186 0.1743430495 0.9200912118 -0.1201592833 0.3728188276
-200.8 -190.7 2493.0 0.3935818672 -0.0350829586 -0.9186198711 -0.0408648662 0.9976160526 -0.0556084141 0.9183808565 0.0594257414 0.3912099302
-187.2 -577.9 2469.9 0.3847887218 -0.1109533086 -0.9163116217 0.0536893010 0.9937582612 -0.0977852196 0.9214418530 -0.0115694813 0.3883439898
142.7 -135.4 2135.1 0 0 0 0 0 0 0 0 0
-82.4 -294.7 2532.0 0 0 0 0 0 0 0 0 0
-315.6 -914.2 2376.2 0 0 0 0 0 0 0 0 0
-156.4 -853.4 2473.1 0 0 0 0 0 0 0 0 0
-49.8 381.2 2465.3 3 0.3422014415 0.3329429924 -0.8786621094 -0.2381238192 0.9353204370 0.2616728842 0.9089528322 0.1196855381 0.3993496597
-115.7 196.0 2441.6 0.3422014415 0.3329429924 -0.8786621094 -0.2381238192 0.9353204370 0.2616728842 0.9089528322 0.1196855381 0.3993496597
-175.1 12.1 2423.7 0.3539667726 0.3059740365 -0.8837915063 -0.2034521252 0.9475319982 0.2465569079 0.9128607512 0.0925363079 0.3976458907
-164.0 223.8 2317.1 -0.2949692905 0.5596387982 -0.7744659781 0.6691138744 0.6995989680 0.2506949306 0.6821141839 -0.4442585707 -0.5808222890
-81.5 36.8 2126.4 -0.7780547142 0.5596387982 -0.2853686810 0.6281316876 0.6995989680 -0.3406051993 0.0090277456 -0.4442585707 -0.8958531022
-67.4 168.3 2566.2 -0.2257881463 0.8673474789 -0.4435403943 -0.9363403320 -0.0675633401 0.3445315361 0.2688614726 0.4930959046 0.8273873925
-122.0 -58.1 2631.2 0.1690231115 0.8673474789 -0.4681234658 -0.8918747902 -0.0675633401 -0.4472075403 -0.4195123017 0.4930959046 0.7621455789
-261.8 -157.0 2324.9 0.4223043621 0.0067287418 -0.9064291120 0.0181514062 0.9997091889 0.0158779137 0.9062723517 -0.0231582765 0.4220593870
-264.4 -545.1 2333.9 0.4260104001 0.1362678707 -0.8943971395 0.0438859463 0.9843155742 0.1708709151 0.9036532044 -0.1120442525 0.4133484364
-206.1 -191.0 2491.7 0.4347380996 -0.0624128357 -0.8983916044 -0.0347179547 0.9956923723 -0.0859727636 0.8998874426 0.0685659498 0.4306985736
-181.9 -577.3 2465.1 0.4280016124 -0.0947803780 -0.8987943530 0.0540773869 0.9953896403 -0.0792152286 0.9021586776 -0.0147002051 0.4311538637
136.9 -139.6 2123.9 0 0 0 0 0 0 0 0 0
-77.3 -294.0 2520.2 0 0 0 0 0 0 0 0 0
-315.2 -912.5 2375.7 0 0 0 0 0 0 0 0 0
-155.7 -852.5 2469.1 0 0 0 0 0 0 0 0 0
-48.7 383.4 2471.1 4 0.3261457682 0.3344928920 -0.8841626048 -0.2410191894 0.9338184595 0.2643724680 0.9140780568 0.1268761903 0.3851801455
-114.9 198.5 2446.0 0.3261457682 0.3344928920 -0.8841626048 -0.2410191894 0.9338184595 0.2643724680 0.9140780568 0.1268761903 0.3851801455
-175.1 14.9 2427.1 0.3383497894 0.3098824918 -0.8885337710 -0.2054209411 0.9457740784 0.2516220510 0.9183254838 0.0973871797 0.3836588264
-161.1 226.5 2320.7 -0.2707107663 0.5645871162 -0.7797160149 0.6580759287 0.6996875405 0.2781606615 0.7026035190 -0.4378112853 -0.5609541535
-84.0 39.2 2120.7 -0.7694471478 0.5645871162 -0.2986510992 0.6381160021 0.6996875405 -0.3213180006 0.0275504533 -0.4378112853 -0.8986446857
-68.7 170.4 2571.4 -0.2353140563 0.8590750694 -0.4545517862 -0.9349860549 -0.0723874643 0.3472191691 0.2653834820 0.5067051053 0.8202570081
-125.6 -55.7 2635.6 0.1707096994 0.8590750694 -0.4825434983 -0.8927494884 -0.0723874643 -0.4447003603 -0.4169610739 0.5067051053 0.7545815706
-266.1 -153.6 2324.0 0.4081164896 -0.0023036683 -0.9129269719 0.0289416630 0.9995268583 0.0104159387 0.9124709964 -0.0306725409 0.4079900682
-265.2 -541.6 2335.9 0.4083108008 0.1319787055 -0.9032518864 0.0303914007 0.9869791865 0.1579508185 0.9123369455 -0.0919441134 0.3989832401
-202.8 -190.0 2487.4 0.4199747443 -0.0467582978 -0.9063304663 -0.0313664824 0.9973273277 -0.0659874752 0.9069935679 0.0561414734 0.4173856676
-184.6 -577.0 2465.6 0.4122121036 -0.1009707376 -0.9054756165 0.0639745593 0.9945946932 -0.0817845017 0.9088390470 -0.0242148433 0.4164435267
132.5 -140.4 2112.9 0 0 0 0 0 0 0 0 0
-80.5 -291.8 2525.3 0 0 0 0 0 0 0 0 0
-314.5 -909.9 2370.3 0 0 0 0 0 0 0 0 0
-156.6 -853.2 2472.3 0 0 0 0 0 0 0 0 0
-46.7 380.9 2474.1 5 0.3286595047 0.3426877558 -0.8800840974 -0.2517623007 0.9299202561 0.2680746317 0.9102739692 0.1334667206 0.3919030130
-114.4 197.2 2447.7 0.3286595047 0.3426877558 -0.8800840974 -0.2517623007 0.9299202561 0.2680746317 0.9102739692 0.1334667206 0.3919030130
-175.9 14.3 2426.9 0.3402915895 0.3171696961 -0.8852146864 -0.2187590003 0.9422702193 0.2535178363 0.9145196080 0.1073786765 0.3900303841
-160.8 227.1 2322.8 -0.2422593832 0.5700341463 -0.7850933075 0.6508279443 0.6956052184 0.3042308092 0.7195369601 -0.4372578561 -0.5395110250
-92.1 42.3 2118.5 -0.7630797625 0.5700341463 -0.3045822382 0.6455066204 0.6956052184 -0.3153641224 0.0321006775 -0.4372578561 -0.8987631202
-67.9 167.4 2572.6 -0.2411978245 0.8604175448 -0.4488933384 -0.9362763762 -0.0845970660 0.3409251273 0.2553628981 0.5025185943 0.8259932399
-126.2 -59.1 2634.3 0.1627122611 0.8604175448 -0.4829144180 -0.8888956308 -0.0845970660 -0.4502309263 -0.4282397330 0.5025185943 0.7510564327
-265.5 -150.3 2326.0 0.4117502570 -0.0074106841 -0.9112665653 0.0160181373 0.9998713136 -0.0008935457 0.9111559391 -0.0142288748 0.4118159711
-262.6 -538.4 2331.5 0.4159295261 0.1413246542 -0.8983484507 0.0439556949 0.9835720062 0.1750828922 0.9083338976 -0.1123096719 0.4028846323
-204.9 -187.1 2490.4 0.4225463569 -0.0514606535 -0.9048792124 -0.0319855474 0.9969182014 -0.0716310441 0.9057767391 0.0592104942 0.4195981622
-184.9 -574.0 2467.4 0.4153142273 -0.0976570994 -0.9044209123 0.0599611290 0.9949975610 -0.0799029171 0.9076997042 -0.0210452788 0.4190922678
123.0 -139.6 2109.5 0 0 0 0 0 0 0 0 0
-83.2 -294.2 2521.1 0 0 0 0 0 0 0 0 0
-315.3 -905.4 2373.4 0 0 0 0 0 0 0 0 0
-157.5 -853.3 2473.3 0 0 0 0 0 0 0 0 0
-45.7 377.8 2477.0 6 0.3270721734 0.3447887897 -0.8798547983 -0.2615083158 0.9277273417 0.2663370073 0.9080953598 0.1429779232 0.3935989439
-113.5 195.4 2448.9 0.3270721734 0.3447887897 -0.8798547983 -0.2615083158 0.9277273417 0.2663370073 0.9080953598 0.1429779232 0.3935989439
-175.9 13.0 2426.4 0.3388927579 0.3216658235 -0.8841282725 -0.2283856571 0.9397552013 0.2543622851 0.9126837850 0.1157206818 0.3919400871
-159.8 226.6 2324.2 -0.1892084330 0.5019952059 -0.8439199924 0.6448316574 0.7116776109 0.2787600160 0.7405351400 -0.4914425910 -0.4583578110
-108.1 50.4 2121.9 -0.7877948880 0.5019952059 -0.3569033742 0.6107535362 0.7116776109 -0.3471240997 0.0797455087 -0.4914425910 -0.8672513366
-67.2 164.2 2573.6 -0.2457928360 0.8598179817 -0.4475477338 -0.9372851253 -0.0930965841 0.3359012604 0.2471487671 0.5020419359 0.8287770152
-126.6 -62.5 2633.3 0.1586542726 0.8598179817 -0.4853265882 -0.8858575225 -0.0930965841 -0.4545211196 -0.4359876812 0.5020419359 0.7469060421
-268.0 -149.0 2324.1 0.4113998711 -0.0087740943 -0.9114127159 0.0206975825 0.9997857213 -0.0002822340 0.9112199545 -0.0187479295 0.4114933312
-264.5 -537.1 2331.4 0.4163833559 0.1230403259 -0.9008251429 0.0582269728 0.9851579070 0.1614729464 0.9073227048 -0.1196869686 0.4030390978
-207.0 -188.2 2487.9 0.4215354025 -0.0580888130 -0.9049494863 -0.0321582817 0.9963608384 -0.0789361969 0.9062415361 0.0623760223 0.4181333184
-184.5 -574.9 2463.7 0.4139648378 -0.0933322832 -0.9054955244 0.0739115253 0.9948917627 -0.0687565431 0.9072872996 -0.0384637676 0.4187485576
112.5 -120.6 2099.6 0 0 0 0 0 0 0 0 0
-84.7 -296.8 2518.0 0 0 0 0 0 0 0 0 0
-310.5 -904.7 2376.1 0 0 0 0 0 0 0 0 0
-158.0 -856.5 2474.6 0 0 0 0 0 0 0 0 0
-45.2 374.5 2478.5 7 0.3390649557 0.3476338089 -0.8741771579 -0.2665503919 0.9266427159 0.2651115656 0.9022116661 0.1431222111 0.4068540037
-113.4 192.7 2450.4 0.3390649557 0.3476338089 -0.8741771579 -0.2665503919 0.9266427159 0.2651115656 0.9022116661 0.1431222111 0.4068540037
-176.6 10.6 2427.1 0.3497167230 0.3250712156 -0.8786506057 -0.2370242774 0.9380599856 0.2527113259 0.9063761234 0.1198841557 0.4051050246
-161.2 225.1 2326.6 -0.1480660886 0.5048408508 -0.8504188061 0.6326540709 0.7092851400 0.3109073937 0.7601481676 -0.4919860959 -0.4244107008
-120.5 50.9 2117.4 -0.7917079329 0.5048408508 -0.3439975381 0.6075855494 0.7092851400 -0.3574274778 0.0635483414 -0.4919860959 -0.8682806492
-65.7 160.3 2574.2 -0.2447123379 0.8657908440 -0.4364883304 -0.9389003515 -0.0992197618 0.3295779526 0.2420372963 0.4904708266 0.8371716142
-124.9 -66.8 2632.8 0.1513210386 0.8657908440 -0.4769781232 -0.8823457360 -0.0992197618 -0.4600232542 -0.4456095994 0.4904708266 0.7489128709
-268.7 -149.0 2322.2 0.4226208925 -0.0161701329 -0.9061623216 0.0212315079 0.9997430444 -0.0079379808 0.9060578346 -0.0158844348 0.4228556454
-262.4 -537.1 2328.4 0.4272506833 0.1359947473 -0.8938468695 0.0531082451 0.9831411242 0.1749657243 0.9025720954 -0.1222248673 0.4128252864
-208.0 -189.9 2485.7 0.4313555360 -0.0630522892 -0.8999760151 -0.0184433609 0.9967300296 -0.0786707178 0.9019934535 0.0505336337 0.4287821352
-183.5 -576.8 2466.1 0.4255828857 -0.0880287737 -0.9006276131 0.0631831810 0.9957188964 -0.0674665421 0.9027109742 -0.0281919148 0.4293228686
100.3 -118.5 2099.7 0 0 0 0 0 0 0 0 0
-84.8 -300.2 2514.9 0 0 0 0 0 0 0 0 0
-313.2 -904.0 2374.0 0 0 0 0 0 0 0 0 0
-158.9 -855.1 2474.0 0 0 0 0 0 0 0 0 0
-42.9 375.3 2486.7 8 0.2977657020 0.3481183648 -0.8889033794 -0.2576032877 0.9258998632 0.2763149738 0.9192258120 0.1467072964 0.3653776646
-111.4 193.2 2457.9 0.2977657020 0.3481183648 -0.8889033794 -0.2576032877 0.9258998632 0.2763149738 0.9192258120 0.1467072964 0.3653776646
-175.1 11.4 2433.7 0.3076348007 0.3281984031 -0.8931106329 -0.2304280251 0.9363871813 0.2647299170 0.9231812954 0.1243575960 0.3636914194
-153.4 224.6 2331.9 -0.1095395014 0.5461013317 -0.8305265903 0.6291722059 0.6849529147 0.3673987687 0.7695085406 -0.4822995961 -0.4186211824
-122.5 47.4 2115.1 -0.7606462836 0.5461013317 -0.3509851396 0.6466510892 0.6849529147 -0.3356812000 0.0570923425 -0.4822995961 -0.8741438985
-69.4 161.7 2583.9 -0.2636820078 0.8426123261 -0.4695490003 -0.9341865778 -0.1017805412 0.3419592977 0.2403481752 0.5288149118 0.8139948249
-133.2 -64.2 2642.0 0.1621285975 0.8426123261 -0.5135355592 -0.8884720206 -0.1017805412 -0.4475021362 -0.4293387532 0.5288149118 0.7321359515
-271.0 -150.3 2322.7 0.3827682734 -0.0224934574 -0.9235705137 0.0342540927 0.9993616939 -0.0101429382 0.9232091308 -0.0277536754 0.3832944632
-262.2 -538.2 2333.5 0.3843860924 0.1354316622 -0.9131843448 0.0458325110 0.9851612449 0.1653985977 0.9220340252 -0.1054304466 0.3724750876
-208.3 -192.7 2485.1 0.3920558989 -0.0601090156 -0.9179755449 -0.0237950906 0.9968665838 -0.0754373893 0.9196336269 0.0514189862 0.3893971443
-185.0 -579.7 2465.1 0.3854119182 -0.0934703201 -0.9179983139 0.0625819787 0.9952134490 -0.0750579610 0.9206199646 -0.0285219196 0.3894166648
90.3 -133.6 2099.1 0 0 0 0 0 0 0 0 0
-90.3 -299.2 2528.4 0 0 0 0 0 0 0 0 0
-312.8 -905.9 2372.8 0 0 0 0 0 0 0 0 0
-159.2 -854.1 2473.0 0 0 0 0 0 0 0 0 0
-38.9 375.3 2491.3 9 0.2823915482 0.3524580896 -0.8922041655 -0.2528648376 0.9245146513 0.2851878107 0.9253725410 0.1450724453 0.3501993716
-108.5 192.9 2462.7 0.2823915482 0.3524580896 -0.8922041655 -0.2528648376 0.9245146513 0.2851878107 0.9253725410 0.1450724453 0.3501993716
-173.7 11.7 2437.8 0.2901087999 0.3362048268 -0.8959928751 -0.2320488989 0.9330303073 0.2749685645 0.9284342527 0.1281433553 0.3486962616
-148.1 224.5 2336.0 -0.0864573643 0.5822729468 -0.8083831668 0.6277369857 0.6619219184 0.4096408486 0.7736093402 -0.4720355272 -0.4227422774
-123.1 43.1 2112.4 -0.7309933305 0.5822729468 -0.3558187187 0.6803727746 0.6619219184 -0.3145667315 0.0523605160 -0.4720355272 -0.8800231814
-68.9 161.2 2589.5 -0.2775827348 0.8327897191 -0.4789667726 -0.9308378100 -0.1098026261 0.3485460877 0.2376737893 0.5425907373 0.8056714535
-136.0 -63.9 2647.0 0.1596464962 0.8327897191 -0.5300701261 -0.8908551931 -0.1098026261 -0.4408178926 -0.4253116846 0.5425907373 0.7243654132
-266.3 -149.8 2327.0 0.3683170676 -0.0092651015 -0.9296540618 0.0086231874 0.9999413490 -0.0065492005 0.9296602607 -0.0056043984 0.3683753610
-262.7 -537.8 2329.1 0.3787531257 0.1379151344 -0.9151641726 0.0765825957 0.9807730913 0.1794971377 0.9223237634 -0.1380707473 0.3609089851
-211.3 -191.0 2492.2 0.3772214651 -0.0641488358 -0.9238987565 -0.0337341391 0.9959844947 -0.0829273611 0.9255084991 0.0624489076 0.3735426962
-186.4 -577.6 2467.9 0.3693347871 -0.0996864960 -0.9239342213 0.0623932108 0.9946464300 -0.0823747292 0.9271994829 -0.0272233691 0.3735772967
81.9 -147.6 2097.7 0 0 0 0 0 0 0 0 0
-93.8 -299.6 2534.4 0 0 0 0 0 0 0 0 0
-314.2 -903.7 2380.6 0 0 0 0 0 0 0 0 0
-158.4 -856.2 2475.6 0 0 0 0 0 0 0 0 0
-37.1 378.2 2494.2 0 0.2929956317 0.3555904031 -0.8875297308 -0.2669622302 0.9217749238 0.2811799347 0.9180875421 0.1545524299 0.3650052249
-107.7 195.3 2463.5 0.2929956317 0.3555904031 -0.8875297308 -0.2669622302 0.9217749238 0.2811799347 0.9180875421 0.1545524299 0.3650052249
-173.2 14.5 2437.4 0.3022069335 0.3378633559 -0.8913581371 -0.2423436046 0.9315882921 0.2709479332 0.9219222069 0.1341326088 0.3634114563
-148.9 228.4 2337.6 -0.0819446295 0.6013907194 -0.7947416306 0.6367703676 0.6450297236 0.4224454165 0.7666867375 -0.4714508057 -0.4358045161
-124.6 39.1 2109.6 -0.7147246599 0.6013907194 -0.3570683599 0.6980606914 0.6450297236 -0.3108825386 0.0433578454 -0.4714508057 -0.8808258772
-66.4 162.2 2589.4 -0.2745178044 0.8397951126 -0.4683846235 -0.9334207177 -0.1157076433 0.3396138251 0.2310103476 0.5304299593 0.8156459332
-132.8 -63.5 2645.3 0.1541187018 0.8397951126 -0.5205685496 -0.8860202432 -0.1157076433 -0.4489764273 -0.4372819662 0.5304299593 0.7262427807
-264.9 -148.6 2329.8 0.3803690076 -0.0087146265 -0.9247937799 0.0048541413 0.9999606609 -0.0074264333 0.9248220921 -0.0016642945 0.3803963363
-261.6 -536.8 2330.5 0.3894925117 0.1438760608 -0.9097226262 0.0626023486 0.9813037515 0.1819997281 0.9188995957 -0.1278382987 0.3732034862
-213.0 -190.1 2496.0 0.3895675540 -0.0649279729 -0.9187064171 -0.0485086180 0.9946809411 -0.0908669010 0.9197195172 0.0799639747 0.3843458295
-187.8 -576.2 2465.0 0.3799884617 -0.1038189009 -0.9191465378 0.0689898953 0.9940946698 -0.0837629661 0.9224148393 -0.0315828659 0.3849069476
76.9 -157.7 2097.4 0 0 0 0 0 0 0 0 0
-92.0 -297.9 2529.6 0 0 0 0 0 0 0 0 0
-315.2 -902.9 2378.2 0 0 0 0 0 0 0 0 0
-158.7 -855.1 2473.9 0 0 0 0 0 0 0 0 0
-38.1 377.1 2494.1 1 0.3128694296 0.3504768610 -0.8827676177 -0.2757286131 0.9229178429 0.2686939240 0.9088929892 0.1593381763 0.3853892684
-107.4 194.5 2462.5 0.3128694296 0.3504768610 -0.8827676177 -0.2757286131 0.9229178429 0.2686939240 0.9088929892 0.1593381763 0.3853892684
-171.7 13.4 2435.4 0.3219302595 0.3313968480 -0.8868692517 -0.2510657609 0.9330832958 0.2575297356 0.9128674269 0.1397558749 0.3835901618
-151.4 228.8 2337.9 -0.0531457700 0.6316235065 -0.7734515071 0.6386067867 0.6169549227 0.4599434733 0.7676958442 -0.4694873393 -0.4361476004
-135.8 41.7 2113.0 -0.7071962953 0.6316235065 -0.3176871538 0.7066490650 0.6169549227 -0.3464300036 -0.0228146929 -0.4694873393 -0.8826444149
-63.4 160.2 2587.2 -0.2611741722 0.8507703543 -0.4560459256 -0.9389345050 -0.1142555773 0.3245729804 0.2240312845 0.5129673481 0.8286582232
-126.6 -66.8 2641.4 0.1542326659 0.8507703543 -0.5023964047 -0.8788183928 -0.1142555773 -0.4632751644 -0.4515423775 0.5129673481 0.7300506830
-265.9 -144.7 2328.8 0.3976182938 -0.0061853556 -0.9175300598 0.0083569838 0.9999602437 -0.0031194834 0.9175128341 -0.0064274203 0.3976541758
-263.5 -532.9 2331.3 0.4037620127 0.1308234483 -0.9054620266 0.0517181642 0.9848763943 0.1653595120 0.9134010673 -0.1135947257 0.3908897340
-211.8 -188.1 2494.0 0.4066564739 -0.0577600114 -0.9117534161 -0.0454977863 0.9954805970 -0.0833569020 0.9124475121 0.0753803849 0.4021906555
-189.3 -574.5 2464.7 0.3956332803 -0.1155617237 -0.9111090899 0.0743960142 0.9928244352 -0.0936210230 0.9153903723 -0.0307432935 0.4013917148
64.2 -158.1 2119.5 0 0 0 0 0 0 0 0 0
-85.8 -299.3 2521.9 0 0 0 0 0 0 0 0 0
-312.3 -900.4 2373.7 0 0 0 0 0 0 0 0 0
-156.9 -852.9 2473.3 0 0 0 0 0 0 0 0 0
-40.1 372.2 2494.0 2 0.2968415618 0.3509704471 -0.8880905509 -0.2747703493 0.9220702052 0.2725579441 0.9145416021 0.1631144136 0.3701450527
-109.3 190.4 2461.9 0.2968415618 0.3509704471 -0.8880905509 -0.2747703493 0.9220702052 0.2725579441 0.9145416021 0.1631144136 0.3701450527
-173.4 9.2 2434.6 0.3071076572 0.3303499818 -0.8924986124 -0.2468125969 0.9333785176 0.2605533898 0.9191128612 0.1402619481 0.3681822419
-151.3 224.1 2336.3 -0.0264673252 0.6319007874 -0.7745972276 0.6355249882 0.6087551713 0.4748948514 0.7716265321 -0.4797067046 -0.4177008569
-143.7 43.0 2116.4 -0.7195078731 0.6319007874 -0.2881141603 0.6908348799 0.6087551713 -0.3900824487 -0.0711024180 -0.4797067046 -0.8745432496
-67.4 156.7 2587.4 -0.2658660114 0.8423926234 -0.4687109292 -0.9374590516 -0.1126009971 0.3293805122 0.2246903926 0.5269683599 0.8196454048
-131.7 -70.0 2641.7 0.1602973640 0.8423926234 -0.5144700408 -0.8812909126 -0.1126009971 -0.4589633048 -0.4445571303 0.5269683599 0.7243433595
-264.9 -145.3 2326.5 0.3830639124 -0.0086350562 -0.9236814976 0.0102413176 0.9999345541 -0.0051006884 0.9236650467 -0.0075058257 0.3831272721
-261.6 -533.5 2329.4 0.3905196786 0.1411701888 -0.9097061753 0.0588716194 0.9823201895 0.1777110696 0.9187102318 -0.1229555458 0.3753044605
-207.3 -190.2 2490.0 0.3918821812 -0.0449451208 -0.9189169407 -0.0371989012 0.9972151518 -0.0646386445 0.9192630649 0.0595134310 0.3891189396
-189.8 -577.3 2466.9 0.3815940320 -0.1222058013 -0.9162160158 0.0621156432 0.9923713207 -0.1064929813 0.9222405553 -0.0162742604 0.3862738609
60.6 -153.2 2136.6 0 0 0 0 0 0 0 0 0
-89.3 -303.1 2524.1 0 0 0 0 0 0 0 0 0
-314.2 -900.1 2375.3 0 0 0 0 0 0 0 0 0
-156.1 -851.1 2471.4 0 0 0 0 0 0 0 0 0
-39.6 372.4 2494.0 3 0.3020022511 0.3481449187 -0.8874625564 -0.2728706002 0.9235484600 0.2694436908 0.9134200811 0.1607898325 0.3739122450
-108.4 189.8 2462.2 0.3020022511 0.3481449187 -0.8874625564 -0.2728706002 0.9235484600 0.2694436908 0.9134200811 0.1607898325 0.3739122450
-171.8 8.2 2436.0 0.3132207990 0.3265696764 -0.8917651176 -0.2419605553 0.9354693890 0.2575889826 0.9183397293 0.1350897551 0.3720254600
-151.2 222.9 2336.8 -0.0099246893 0.6271589398 -0.7788280249 0.6394743323 0.6027625203 0.4772315621 0.7687484026 -0.4933041632 -0.4070342779
-148.4 44.1 2121.9 -0.7260157466 0.6271589398 -0.2820864618 0.6817669272 0.6027625203 -0.4145735800 -0.0899723992 -0.4933041632 -0.8651912808
-65.6 156.8 2587.6 -0.2600761950 0.8457457423 -0.4659125209 -0.9378961325 -0.1065355763 0.3301530480 0.2295892686 0.5228425264 0.8209290504
-128.5 -70.1 2643.2 0.1622751802 0.8457457423 -0.5083118081 -0.8820977807 -0.1065355763 -0.4588612616 -0.4422332346 0.5228425264 0.7287423611
-265.1 -149.8 2325.1 0.3879707754 -0.0053317961 -0.9216562510 0.0136657795 0.9999065995 -0.0000318726 0.9215703607 -0.0125827854 0.3880074024
-263.0 -538.0 2330.0 0.3965172172 0.1389005780 -0.9074583650 0.0696063712 0.9810930490 0.1805862486 0.9153846502 -0.1347704381 0.3793519139
-210.1 -194.0 2489.7 0.3974269629 -0.0564823896 -0.9158938527 -0.0403860845 0.9960601330 -0.0789506063 0.9167446494 0.0683664680 0.3935800493
-188.2 -580.7 2463.2 0.3869968057 -0.1117331237 -0.9152864218 0.0765640810 0.9930971265 -0.0888593942 0.9188968539 -0.0356897637 0.3928801715
57.4 -149.2 2147.4 0 0 0 0 0 0 0 0 0
-85.6 -303.4 2526.2 0 0 0 0 0 0 0 0 0
-314.9 -904.2 2380.3 0 0 0 0 0 0 0 0 0
-157.3 -854.7 2473.0 0 0 0 0 0 0 0 0 0
-38.0 373.6 2494.0 4 0.3255441785 0.3481994867 -0.8790779710 -0.2737725675 0.9246097207 0.2648497522 0.9050246477 0.1544471532 0.3963287771
-107.2 189.8 2463.3 0.3255441785 0.3481994867 -0.8790779710 -0.2737725675 0.9246097207 0.2648497522 0.9050246477 0.1544471532 0.3963287771
-171.0 8.2 2438.3 0.3366041780 0.3284955025 -0.8824898601 -0.2433676422 0.9356853962 0.2554702163 0.9096536636 0.1287771314 0.3949007988
-153.2 223.1 2339.1 -0.0048832232 0.5931674242 -0.8050643206 0.6524313092 0.6120080352 0.4469670951 0.7578321695 -0.5230665207 -0.3899895549
-151.8 42.6 2129.4 -0.7552919388 0.5931674242 -0.2787230611 0.6479636431 0.6120080352 -0.4534195364 -0.0983729511 -0.5230665207 -0.8465956450
-61.2 156.6 2587.5 -0.2527751923 0.8588058352 -0.4455976486 -0.9387861490 -0.1062898785 0.3276935220 0.2340625972 0.5011537075 0.8331024647
-122.4 -70.5 2644.1 0.1523548216 0.8588058352 -0.4891222417 -0.8809900880 -0.1062898785 -0.4610411227 -0.4479335248 0.5011537075 0.7404056787
-263.2 -151.7 2327.5 0.4110397100 0.0001927611 -0.9116173983 0.0114892498 0.9999194741 0.0053918269 0.9115450382 -0.0126900552 0.4110043943
-263.3 -539.9 2332.4 0.4185487032 0.1462730467 -0.8963376284 0.0586544015 0.9805306792 0.1874013990 0.9062983394 -0.1310107559 0.4018202722
-207.1 -195.0 2492.0 0.4201202393 -0.0422334522 -0.9064851403 -0.0350331813 0.9974169731 -0.0627065003 0.9067919850 0.0581013300 0.4175554514
-190.7 -582.2 2469.5 0.4101777077 -0.1177945361 -0.9043664336 0.0674709156 0.9928258061 -0.0987148359 0.9095064402 -0.0205278061 0.4151827097
60.9 -139.9 2157.1 0 0 0 0 0 0 0 0 0
-82.1 -303.5 2525.6 0 0 0 0 0 0 0 0 0
-317.9 -905.9 2381.3 0 0 0 0 0 0 0 0 0
-158.5 -853.4 2475.1 0 0 0 0 0 0 0 0 0
-14.8 394.7 2511.0 5 0.2333671749 0.5110757351 -0.8272492886 -0.4518031180 0.8103222847 0.3731644750 0.8610538244 0.2866694629 0.4200082421
-135.9 202.6 2443.0 0.2333671749 0.5110757351 -0.8272492886 -0.4518031180 0.8103222847 0.3731644750 0.8610538244 0.2866694629 0.4200082421
-178.2 15.3 2433.0 0.3644083738 0.2198295742 -0.9049206972 -0.1318760514 0.9741269946 0.1835356206 0.9218542576 0.0524554476 0.3839702904
-184.8 220.4 2317.7 -0.1284505427 0.5966327786 -0.7921677828 0.6916934848 0.6263185740 0.3595624864 0.7106761336 -0.5017512441 -0.4931379855
-151.6 41.6 2134.0 -0.7691662312 0.5966327786 -0.2289380878 0.6246512532 0.6263185740 -0.4664074183 -0.1348857880 -0.5017512441 -0.8544304967
-87.0 184.8 2568.3 -0.1448333561 0.8661919832 -0.4782622457 -0.9393843412 0.0314418636 0.3414212167 0.3107737601 0.4987212420 0.8091333508
-121.7 -40.5 2642.8 0.2529975474 0.8661919832 -0.4309335351 -0.8882492185 0.0314418636 -0.4582845569 -0.3834130466 0.4987212420 0.7773490548
-264.9 -151.7 2331.8 0.4171820581 -0.0011708909 -0.9088221788 -0.0076188515 0.9999595284 -0.0047856355 0.9087910056 0.0089206630 0.4171562493
-264.4 -539.8 2328.4 0.4284750521 0.1380238384 -0.8929493427 0.0646012053 0.9810550809 0.1826408058 0.9012412429 -0.1359426379 0.4114411175
-204.6 -195.3 2494.8 0.4344024360 -0.0335190073 -0.9000949860 -0.0297979210 0.9982255697 -0.0515543558 0.9002258778 0.0492162965 0.4326328039
-191.6 -582.7 2475.7 0.4256239533 -0.1240274087 -0.8963600993 0.0522108786 0.9922782183 -0.1125077903 0.9033926725 0.0010862636 0.4288129508
64.3 -133.8 2171.9 0 0 0 0 0 0 0 0 0
-55.3 -273.8 2542.1 0 0 0 0 0 0 0 0 0
-315.9 -906.0 2379.1 0 0 0 0 0 0 0 0 0
-157.5 -855.0 2475.4 0 0 0 0 0 0 0 0 0
-8.1 396.1 2511.0 6 0.1472943723 0.4835186601 -0.8628522754 -0.3420506716 0.8434432149 0.4142521322 0.9280655384 0.2341222018 0.2896223366
-116.2 207.6 2458.7 0.1472943723 0.4835186601 -0.8628522754 -0.3420506716 0.8434432149 0.4142521322 0.9280655384 0.2341222018 0.2896223366
-179.1 27.0 2443.3 0.2321715206 0.3292186260 -0.9152657986 -0.1556501240 0.9414270520 0.2991456687 0.9601402879 0.0730081350 0.2698154747
-147.1 227.6 2328.9 -0.0061629661 0.5872364640 -0.8093919754 0.7061344385 0.5756682158 0.4122866094 0.7080509663 -0.5689986348 -0.4182156920
-145.4 37.1 2137.8 -0.7667047977 0.5872364640 -0.2594554722 0.6209491491 0.5756682158 -0.5320039392 -0.1630518436 -0.5689986348 -0.8060115576
-85.3 187.6 2588.4 -0.2941438854 0.7992354631 -0.5241202712 -0.9107820392 -0.0681479797 0.4072246253 0.2897506058 0.5971419811 0.7479746342
-155.3 -29.1 2657.4 0.1819230318 0.7992354631 -0.5728234649 -0.9195110798 -0.0681479797 -0.3871114552 -0.3484299481 0.5971419811 0.7225081325
-254.8 -157.0 2340.4 0.3012194932 0.0270199012 -0.9531719089 -0.0347059593 0.9992468357 0.0173582919 0.9529230595 0.0278520919 0.3019303679
-265.3 -547.8 2329.5 0.3212501407 0.1370029151 -0.9370317459 0.0907164067 0.9804772139 0.1744560897 0.9426392913 -0.1410481930 0.3025500476
-205.7 -179.0 2506.2 0.3164087534 -0.0340196453 -0.9480127692 -0.0544343963 0.9970589280 -0.0539477021 0.9470598698 0.0686740279 0.3136263192
-192.4 -570.6 2479.3 0.3088584244 -0.1118121445 -0.9445128441 0.0205304474 0.9936181903 -0.1109117493 0.9508864284 0.0148647567 0.3091828823
69.8 -137.2 2183.6 0 0 0 0 0 0 0 0 0
-107.5 -270.7 2565.9 0 0 0 0 0 0 0 0 0
-316.5 -913.8 2382.2 0 0 0 0 0 0 0 0 0
-160.3 -855.8 2475.0 0 0 0 0 0 0 0 0 0
-8.6 401.2 2517.5 7 0.1823987663 0.4514298737 -0.8734653592 -0.3232807219 0.8665106297 0.3803273737 0.9285581708 0.2130032629 0.3039890528
-106.4 213.5 2471.3 0.1823987663 0.4514298737 -0.8734653592 -0.3232807219 0.8665106297 0.3803273737 0.9285581708 0.2130032629 0.3039890528
-176.3 35.4 2448.4 0.2337108701 0.3631070554 -0.9019603729 -0.2104520053 0.9245514274 0.3176705241 0.9492571950 0.1155763119 0.2924943268
-137.7 241.6 2342.5 0.0640985444 0.5309372544 -0.8449833989 0.6915676594 0.5868088007 0.4211764932 0.7194619775 -0.6113600135 -0.3295654655
-155.5 49.6 2142.8 -0.8001032472 0.5309372544 -0.2791780829 0.5848128796 0.5868088007 -0.5600440502 -0.1335241199 -0.6113600135 -0.7800065875
-75.0 185.4 2600.1 -0.3244919479 0.7997329235 -0.5051060915 -0.9121195674 -0.1231464371 0.3909895420 0.2504852116 0.5875901580 0.7694121003
-152.7 -33.2 2660.2 0.1476958990 0.7997329235 -0.5819047689 -0.9082992673 -0.1231464371 -0.3997842371 -0.3913801014 0.5875901580 0.7082086205
-263.4 -138.8 2342.6 0.3094515800 0.0064476607 -0.9508933425 -0.0203337502 0.9997932315 0.0001619698 0.9506977797 0.0192851070 0.3095187247
-265.9 -528.4 2335.1 0.3201932907 0.1224052832 -0.9394111037 0.0583124943 0.9871907234 0.1485064626 0.9455558658 -0.1023301780 0.3089540899
-230.4 -164.4 2513.5 0.3190594316 -0.0911460295 -0.9433416724 -0.0595800504 0.9914668202 -0.1159472167 0.9458600879 0.0931983963 0.3109063506
-194.9 -550.8 2477.2 0.3102493882 -0.1191437319 -0.9431596398 0.0228083488 0.9927626848 -0.1179070547 0.9503815770 0.0150686791 0.3107214868
68.1 -113.8 2180.1 0 0 0 0 0 0 0 0 0
-113.9 -272.2 2557.2 0 0 0 0 0 0 0 0 0
-311.6 -896.6 2373.3 0 0 0 0 0 0 0 0 0
-158.8 -851.8 2472.6 0 0 0 0 0 0 0 0 0
-10.3 397.6 2513.7 8 0.2399671674 0.4327897131 -0.8689699769 -0.3109647334 0.8822273612 0.3535192311 0.9196285605 0.1853860170 0.3462879360
-99.7 215.3 2475.4 0.2399671674 0.4327897131 -0.8689699769 -0.3109647334 0.8822273612 0.3535192311 0.9196285605 0.1853860170 0.3462879360
-173.4 38.4 2450.0 0.2699826658 0.3807286620 -0.8843953013 -0.2446364462 0.9154867530 0.3194323182 0.9312692285 0.1301141381 0.3403056562
-136.2 248.4 2348.8 0.0517341681 0.5258217454 -0.8490200639 0.6922215223 0.5939078331 0.4100034535 0.7198283672 -0.6089211702 -0.3332597911
-150.9 51.5 2144.1 -0.8108858466 0.5258217454 -0.2568572164 0.5661790371 0.5939078331 -0.5715897083 -0.1480047703 -0.6089211702 -0.7793006897
-63.2 182.2 2602.0 -0.3264059424 0.8214673996 -0.4676007628 -0.9154765606 -0.1515975446 0.3727208078 0.2352908701 0.5497358441 0.8015165329
-141.7 -38.2 2658.7 0.1183810979 0.8214673996 -0.5578325987 -0.8976817131 -0.1515975446 -0.4137459695 -0.4244448841 0.5497358441 0.7194699645
-267.4 -123.5 2340.9 0.3485238850 -0.0160780251 -0.9371619821 -0.0161509756 0.9996014237 -0.0231556725 0.9371607304 0.0232063867 0.3481252789
-261.2 -512.1 2331.9 0.3594403863 0.1330998391 -0.9236271381 0.0573827848 0.9847500920 0.1642391831 0.9314020872 -0.1120344922 0.3463212848
-230.0 -160.0 2510.2 0.3541027009 -0.0988072008 -0.9299722910 -0.0585414432 0.9901110530 -0.1274874508 0.9333724976 0.0995855704 0.3448166847
-191.6 -545.1 2471.5 0.3452114761 -0.1049695387 -0.9326362610 0.0428986996 0.9944518209 -0.0960481912 0.9375439882 -0.0068519474 0.3477992415
75.7 -106.7 2185.4 0 0 0 0 0 0 0 0 0
-110.5 -274.8 2546.8 0 0 0 0 0 0 0 0 0
-310.8 -879.5 2373.7 0 0 0 0 0 0 0 0 0
-158.8 -856.3 2473.6 0 0 0 0 0 0 0 0 0
-8.6 396.8 2503.8 9 0.2866821587 0.4329540730 -0.8546134233 -0.3105252087 0.8858906627 0.3446329236 0.9063042998 0.1665788889 0.3884122074
-96.6 216.7 2470.0 0.2866821587 0.4329540730 -0.8546134233 -0.3105252087 0.8858906627 0.3446329236 0.9063042998 0.1665788889 0.3884122074
-173.4 40.5 2445.5 0.3092706203 0.3963359594 -0.8644474745 -0.2616246045 0.9093961716 0.3233436346 0.9142779708 0.1261600405 0.3849407732
-138.6 252.2 2345.5 -0.0301641971 0.5723326802 -0.8194665909 0.7193650007 0.5816392899 0.3797495961 0.6939770579 -0.5780407190 -0.4292607605
-129.9 44.2 2144.8 -0.7867091894 0.5723326802 -0.2313524187 0.5883386135 0.5816392899 -0.5617414117 -0.1869393140 -0.5780407190 -0.7943063974
-54.6 181.1 2594.4 -0.3248704970 0.8439306617 -0.4268960059 -0.9156104326 -0.1675917655 0.3654730618 0.2368896604 0.5096018314 0.8271573186
-133.0 -39.9 2651.6 0.0893002227 0.8439306617 -0.5289673805 -0.8928055763 -0.1675917655 -0.4181043208 -0.4415016472 0.5096018314 0.7384999990
-271.3 -116.5 2341.5 0.3902704418 -0.0291414578 -0.9202389717 -0.0191348176 0.9990263581 -0.0397514552 0.9205014110 0.0331224240 0.3893328607
-260.0 -504.6 2328.7 0.4031844735 0.1371218711 -0.9047871828 0.0634211972 0.9821460247 0.1771070063 0.9129183888 -0.1287894845 0.3872895837
-225.3 -159.7 2507.8 0.3933451474 -0.0891476721 -0.9150586128 -0.0522726886 0.9915094376 -0.1190655604 0.9179036617 0.0946664363 0.3853454292
-190.6 -545.0 2471.0 0.3846526444 -0.1034590676 -0.9172450900 0.0517361090 0.9945532680 -0.0904830322 0.9216104150 -0.0126501545 0.3879100978
90.1 -120.3 2197.1 0 0 0 0 0 0 0 0 0
-109.4 -275.5 2535.1 0 0 0 0 0 0 0 0 0
-311.1 -871.1 2376.7 0 0 0 0 0 0 0 0 0
-158.4 -854.9 2474.9 0 0 0 0 0 0 0 0 0
2.6 394.2 2506.9 0 0.3155549467 0.4452779293 -0.8379454613 -0.3161284626 0.8819488287 0.3496127427 0.8946998715 0.1545763910 0.4190683365
-87.7 215.4 2475.6 0.3155549467 0.4452779293 -0.8379454613 -0.3161284626 0.8819488287 0.3496127427 0.8946998715 0.1545763910 0.4190683365
-168.5 41.0 2450.5 0.3314523399 0.4167293012 -0.8464490771 -0.2832702994 0.8997274637 0.3320367634 0.8999429345 0.1297195256 0.4162637889
-132.8 254.0 2352.9 -0.0770596489 0.6286786795 -0.7738378048 0.7130418420 0.5772389174 0.3979529738 0.6968738437 -0.5211125612 -0.4927560091
-109.7 40.1 2143.9 -0.7514659762 0.6286786795 -0.2001549155 0.6233988404 0.5772389174 -0.5274174213 -0.2160388678 -0.5211125612 -0.8256929517
-42.6 176.8 2598.2 -0.3344408274 0.8554983735 -0.3953124285 -0.9135849476 -0.1913449913 0.3588169217 0.2313262373 0.4811545312 0.8455640078
-123.4 -44.0 2654.1 0.0597967915 0.8554983735 -0.5143412352 -0.8864943981 -0.1913449913 -0.4213250279 -0.4588595033 0.4811545312 0.7469526529
-277.9 -112.1 2339.4 0.4158891737 -0.0443628579 -0.9083325863 0.0019789774 0.9988512397 -0.0478776805 0.9094131589 0.0181142390 0.4154992104
-260.7 -499.9 2332.3 0.4212731421 0.1353477091 -0.8967775106 0.0390298218 0.9851799011 0.1670247614 0.9060935974 -0.1053641140 0.4097472429
-223.8 -158.7 2502.7 0.4171326756 -0.0826874524 -0.9050763249 -0.0447794497 0.9927732944 -0.1113374308 0.9077417850 0.0869712979 0.4104154706
-191.7 -544.3 2468.9 0.4085586965 -0.1034373343 -0.9068520069 0.0594957247 0.9944627285 -0.0866261348 0.9107909203 -0.0185619574 0.4124504924
101.4 -135.0 2204.6 0 0 0 0 0 0 0 0 0
-107.6 -278.1 2532.9 0 0 0 0 0 0 0 0 0
-311.2 -867.5 2371.6 0 0 0 0 0 0 0 0 0
-159.6 -852.7 2474.7 0 0 0 0 0 0 0 0 0
7.0 397.6 2507.9 1 0.3428578079 0.4385429919 -0.8307397962 -0.3209946156 0.8858040571 0.3351322114 0.8828425407 0.1517602950 0.4444747865
-81.3 219.1 2477.4 0.3428578079 0.4385429919 -0.8307397962 -0.3209946156 0.8858040571 0.3351322114 0.8828425407 0.1517602950 0.4444747865
-162.8 44.9 2451.6 0.3544988036 0.4196505845 -0.8355979919 -0.2967992425 0.8979213238 0.3250345886 0.8867022395 0.1327804625 0.4428640008
-129.6 259.6 2356.4 -0.1002919748 0.6382096410 -0.7633020282 0.7216263413 0.5748174191 0.3857983947 0.6849795580 -0.5121263266 -0.5181984305
-98.8 37.9 2146.0 -0.7409439087 0.6382096410 -0.2090228498 0.6392301917 0.5748174191 -0.5108519197 -0.2058806419 -0.5121263266 -0.8338703513
-33.0 178.6 2598.3 -0.3280298412 0.8675851822 -0.3737543821 -0.9172989130 -0.1979902983 0.3454888463 0.2257412672 0.4561751485 0.8607816696
-112.3 -43.2 2652.9 0.0484106317 0.8675851822 -0.4949266016 -0.8793414235 -0.1979902983 -0.4330802262 -0.4737246633 0.4561751485 0.7533187866
-279.0 -108.0 2344.9 0.4390540421 -0.0448686555 -0.8973395824 -0.0114038559 0.9983934760 -0.0555012636 0.8983882666 0.0346011855 0.4378370345
-261.6 -495.6 2331.5 0.4472393095 0.1332841665 -0.8844276667 0.0439114720 0.9843699336 0.1705508083 0.8933357596 -0.1151135489 0.4343962371
-220.3 -158.6 2505.8 0.4392910898 -0.0709240735 -0.8955406547 -0.0454509743 0.9938471913 -0.1010047868 0.8971942663 0.0850737020 0.4333646595
-192.8 -544.5 2472.8 0.4309948087 -0.1080091596 -0.8958668709 0.0489862226 0.9941470623 -0.0962912962 0.9010237455 -0.0023840882 0.4337631762
110.2 -142.5 2204.1 0 0 0 0 0 0 0 0 0
-99.5 -275.5 2527.7 0 0 0 0 0 0 0 0 0
-311.3 -863.0 2374.4 0 0 0 0 0 0 0 0 0
-159.4 -851.3 2473.5 0 0 0 0 0 0 0 0 0
3.3 397.9 2501.0 2 0.3416715264 0.4368378520 -0.8321257830 -0.3176893294 0.8869738579 0.3351877630 0.8844965100 0.1498333663 0.4418324232
-83.4 221.8 2471.2 0.3416715264 0.4368378520 -0.8321257830 -0.3176893294 0.8869738579 0.3351877630 0.8844965100 0.1498333663 0.4418324232
-164.9 47.5 2446.3 0.3538234830 0.4200377464 -0.8356896639 -0.2923699319 0.8983829021 0.3277620971 0.8884417415 0.1283605993 0.4406753778
-131.7 261.7 2349.9 -0.1447018683 0.6335710883 -0.7600322962 0.7339468598 0.5838810802 0.3469940722 0.6636138558 -0.5076126456 -0.5494961739
-87.0 35.4 2145.3 -0.7419381738 0.6335710883 -0.2193523347 0.6445360184 0.5838810802 -0.4936154485 -0.1846647710 -0.5076126456 -0.8415630460
-35.1 181.9 2592.5 -0.3285134137 0.8672211766 -0.3741742373 -0.9159670472 -0.1958843023 0.3501909971 0.2303981781 0.4577737153 0.8586966395
