-331.9 510.6 2555.7  0.6549870372 0.1647731662 -0.7374562621 -0.0106228087 0.9778472781 0.2090499401 0.7555654049 -0.1290911436 0.6422276497
-365.8 309.6 2582.2 0.6549870372 0.1647731662 -0.7374562621 -0.0106228087 0.9778472781 0.2090499401 0.7555654049 -0.1290911436 0.6422276497
-396.1 117.6 2606.8 0.6556265950 0.1547465771 -0.7390583754 -0.0067043602 0.9799291492 0.1992333978 0.7550555468 -0.1256677955 0.6435050368
-459.2 310.5 2474.6 -0.2710131109 0.2071147412 -0.9400294423 0.9173856378 0.3512865007 -0.1870865971 0.2914712429 -0.9130724669 -0.2852073312
-382.7 51.3 2392.3 -0.7634115219 0.2071147412 -0.6118058562 0.6416926384 0.3512865007 -0.6817831993 0.0737117752 -0.9130724669 -0.4010801613
-272.4 308.6 2689.8 0.7976706028 0.5794664025 0.1671534181 -0.5952489972 0.7118952274 0.3726711571 0.0969547033 -0.3967667520 0.9127846956
-69.2 156.9 2714.5 0.3682097197 0.5794664025 0.7270765305 -0.6629946232 0.7118952274 -0.2316101342 -0.6518126130 -0.3967667520 0.6463098526
-484.6 -74.6 2564.6 0.6017610431 0.1283166558 -0.7883010507 -0.0385098569 0.9905231595 0.1318365484 0.7977472544 -0.0489767343 0.6009997129
-534.9 -462.3 2583.8 0.6070688367 -0.0220158175 -0.7943441868 -0.1381064355 0.9814807177 -0.1327487677 0.7825561166 0.1902916878 0.5927858353
-368.5 -76.2 2703.1 -0.8742551208 -0.0167121124 -0.4851790071 0.0114917960 0.9984148145 -0.0550979786 0.4853307307 -0.0537452698 -0.8726772070
-362.0 -467.1 2724.1 -0.8743083477 0.1309734881 -0.4673658609 0.0110989483 0.9680476785 0.2505204082 0.4852439761 0.2138448060 -0.8478258252
-171.1 -126.5 2371.8 0 0 0 0 0 0 0 0 0
28.1 -18.2 2542.3 0 0 0 0 0 0 0 0 0
-528.3 -755.1 2527.0 0 0 0 0 0 0 0 0 0
-411.3 -831.6 2643.6 0 0 0 0 0 0 0 0 0
-334.1 509.1 2559.5  0.6489164233 0.1622578055 -0.7433571815 -0.0150575303 0.9795436859 0.2006673813 0.7607106566 -0.1190232411 0.6380851865
-367.3 308.6 2583.8 0.6489164233 0.1622578055 -0.7433571815 -0.0150575303 0.9795436859 0.2006673813 0.7607106566 -0.1190232411 0.6380851865
-397.5 116.4 2606.7 0.6494771242 0.1543107778 -0.7445586920 -0.0115851294 0.9810859561 0.1932256818 0.7602928877 -0.1168698445 0.6389805675
-459.8 310.2 2475.5 -0.2586084306 0.2059052736 -0.9437821507 0.9222189784 0.3433717787 -0.1777863055 0.2874610126 -0.9163508415 -0.2786885798
-388.5 55.9 2396.2 -0.7551938891 0.2059052736 -0.6223224401 0.6512714028 0.3433717787 -0.6767137051 0.0743490458 -0.9163508415 -0.3934124708
-274.7 306.9 2692.2 0.8104643822 0.5472123623 0.2090600878 -0.5823804140 0.7142512798 0.3881728053 0.0630915314 -0.4363527298 0.8975610137
-67.2 157.8 2708.3 0.3762803078 0.5472123623 0.7476441264 -0.6756103635 0.7142512798 -0.1827450693 -0.6340061426 -0.4363527298 0.6384610534
-485.7 -73.6 2563.2 0.5960137248 0.1266112477 -0.7929295301 -0.0383278951 0.9908508062 0.1294048131 0.8020589948 -0.0467357300 0.5954134464
-535.2 -461.7 2581.5 0.6007561088 -0.0254080426 -0.7990285158 -0.1275928468 0.9836349487 -0.1272100061 0.7891845107 0.1783725172 0.5876827836
-367.1 -74.9 2699.6 -0.8784167767 -0.0090846410 -0.4778090119 0.0236043129 0.9977741838 -0.0623655990 0.4773120880 -0.0660613403 -0.8762471676
-363.5 -465.6 2725.5 -0.8823296428 0.1193832606 -0.4552384913 -0.0049092374 0.9649046063 0.2625547349 0.4706063569 0.2338947058 -0.8507778645
-178.2 -125.5 2375.5 0 0 0 0 0 0 0 0 0
28.8 -14.6 2546.6 0 0 0 0 0 0 0 0 0
-527.7 -754.6 2528.4 0 0 0 0 0 0 0 0 0
-408.5 -828.9 2637.4 0 0 0 0 0 0 0 0 0
-334.0 507.5 2552.4  0.6527379155 0.1698652357 -0.7382947206 -0.0085636424 0.9761307240 0.2170147896 0.7575353980 -0.1353312880 0.6386122108
-368.7 307.8 2580.1 0.6527379155 0.1698652357 -0.7382947206 -0.0085636424 0.9761307240 0.2170147896 0.7575353980 -0.1353312880 0.6386122108
-400.7 116.3 2605.7 0.6529308558 0.1632187217 -0.7396221757 -0.0074315979 0.9778387547 0.2092274725 0.7573810816 -0.1311144978 0.6396740675
-461.8 308.9 2472.1 -0.2613899112 0.2107358575 -0.9419478178 0.9187242985 0.3535906672 -0.1758388579 0.2960084081 -0.9113528728 -0.2860331833
-390.8 59.3 2391.7 -0.7584469318 0.2107358575 -0.6167241335 0.6473154426 0.3535906672 -0.6752454042 0.0757694766 -0.9113528728 -0.4045923352
-275.7 306.8 2688.0 0.8259544373 0.5231013298 0.2101530135 -0.5581545234 0.7064958811 0.4351173639 0.0791382417 -0.4766849577 0.8755047321
-61.3 161.9 2708.5 0.3532132506 0.5231013298 0.7756322622 -0.6887293458 0.7064958811 -0.1628356874 -0.6331605315 -0.4766849577 0.6098189354
-486.4 -74.7 2560.9 0.5995203257 0.1242247820 -0.7906602025 -0.0322394818 0.9908277988 0.1312284768 0.7997099161 -0.0531836711 0.5980263352
-535.0 -462.7 2581.7 0.6046231389 -0.0219810735 -0.7962083220 -0.1297193468 0.9835560918 -0.1256592572 0.7858776450 0.1792601198 0.5918294191
-369.0 -76.8 2698.3 -0.8758403659 -0.0114506427 -0.4824650884 0.0323641449 0.9960743189 -0.0823925287 0.4815145135 -0.0877772719 -0.8720315099
-364.5 -466.8 2732.7 -0.8848154545 0.1111334935 -0.4524941146 -0.0291586705 0.9560286999 0.2918200493 0.4650283158 0.2714010179 -0.8426684737
-179.1 -121.4 2370.6 0 0 0 0 0 0 0 0 0
28.1 -12.4 2548.3 0 0 0 0 0 0 0 0 0
-528.5 -755.5 2528.4 0 0 0 0 0 0 0 0 0
-406.3 -826.5 2630.6 0 0 0 0 0 0 0 0 0
-336.6 507.6 2558.3  0.6438534856 0.1659643948 -0.7469327450 -0.0199509952 0.9795023203 0.2004424036 0.7648886442 -0.1141534820 0.6339671612
-370.5 308.1 2581.6 0.6438534856 0.1659643948 -0.7469327450 -0.0199509952 0.9795023203 0.2004424036 0.7648886442 -0.1141534820 0.6339671612
-401.6 115.9 2603.0 0.6439815164 0.1591890603 -0.7482958436 -0.0191791095 0.9811638594 0.1922228485 0.7648006082 -0.1094363034 0.6349045038
-462.2 310.8 2472.6 -0.2439466566 0.2011651695 -0.9486951828 0.9239359498 0.3454539478 -0.1643286496 0.2946732938 -0.9166210294 -0.2701360583
-396.0 59.9 2392.6 -0.7586635351 0.2011651695 -0.6196469069 0.6468809843 0.3454539478 -0.6798577309 0.0772957653 -0.9166210294 -0.3922132254
-278.7 305.3 2690.6 0.8400413394 0.4979006648 0.2154657543 -0.5369658470 0.7063567638 0.4612242579 0.0774481595 -0.5031451583 0.8607245088
-59.1 165.0 2710.8 0.3407444060 0.4979006648 0.7974886894 -0.6928524971 0.7063567638 -0.1449674219 -0.6354908943 -0.5031451583 0.5856588483
-491.6 -74.5 2563.0 0.5938944221 0.1147776470 -0.7963137031 -0.0139574688 0.9910923839 0.1324427575 0.8044219017 -0.0675424859 0.5902062058
-536.6 -462.6 2589.4 0.6030747890 -0.0286988616 -0.7971681952 -0.1454614550 0.9786396623 -0.1452767253 0.7843097448 0.2035699785 0.5860183835
-373.6 -75.8 2699.9 -0.8814804554 -0.0273932815 -0.4714253247 0.0109782694 0.9968574047 -0.0784521401 0.4720928967 -0.0743294582 -0.8784095645
-362.9 -466.2 2729.0 -0.8845651150 0.1239628270 -0.4496417940 -0.0110599902 0.9581887126 0.2859232724 0.4662855566 0.2578907907 -0.8462092876
-182.1 -122.5 2370.8 0 0 0 0 0 0 0 0 0
27.6 -11.3 2549.1 0 0 0 0 0 0 0 0 0
-528.0 -755.4 2528.5 0 0 0 0 0 0 0 0 0
-409.5 -826.8 2631.9 0 0 0 0 0 0 0 0 0
-338.4 507.8 2560.8  0.6394012570 0.1597060561 -0.7521037459 -0.0199945755 0.9813125134 0.1913791895 0.7686132193 -0.1073300987 0.6306456923
-370.7 309.1 2582.5 0.6394012570 0.1597060561 -0.7521037459 -0.0199945755 0.9813125134 0.1913791895 0.7686132193 -0.1073300987 0.6306456923
-401.2 116.8 2602.9 0.6394062638 0.1555531621 -0.7529693246 -0.0199633706 0.9823492765 0.1859874278 0.7686098218 -0.1038897187 0.6312256455
-461.8 312.0 2473.0 -0.2315019518 0.2009256482 -0.9518591166 0.9271807075 0.3417876959 -0.1533527672 0.2945212126 -0.9180468917 -0.2654189169
-399.2 61.3 2393.4 -0.7576359510 0.2009256482 -0.6209803820 0.6482911706 0.3417876959 -0.6803673506 0.0755401850 -0.9180468917 -0.3892089725
-279.6 306.3 2692.1 0.8439694047 0.4846781790 0.2297883332 -0.5321716070 0.7029739022 0.4718273580 0.0671492219 -0.5204946995 0.8512204885
-58.5 166.9 2709.7 0.3377539515 0.4846781790 0.8068515062 -0.6993193030 0.7029739022 -0.1295384467 -0.6299800277 -0.5204946995 0.5763770342
-491.0 -74.4 2555.3 0.5899654627 0.1049688235 -0.8005762100 -0.0067963069 0.9921239614 0.1250755340 0.8073998690 -0.0683492795 0.5860322714
-532.1 -463.0 2582.1 0.5971990228 -0.0162348449 -0.8019287586 -0.1363510191 0.9831883907 -0.1214454472 0.7904187441 0.1818709075 0.5849454999
-374.5 -77.9 2693.6 -0.8843384981 -0.0323685110 -0.4657228291 0.0039839870 0.9970338941 -0.0768605098 0.4668292999 -0.0698261410 -0.8815864921
-361.8 -468.4 2720.9 -0.8832587004 0.1337244213 -0.4494127631 0.0119926604 0.9645985365 0.2634499371 0.4687325954 0.2273047864 -0.8535937667
-183.8 -123.1 2371.9 0 0 0 0 0 0 0 0 0
27.8 -11.9 2548.5 0 0 0 0 0 0 0 0 0
-527.2 -758.1 2527.5 0 0 0 0 0 0 0 0 0
-412.2 -831.4 2635.4 0 0 0 0 0 0 0 0 0
-339.8 505.1 2562.0  0.6412163377 0.1562048942 -0.7512933016 -0.0221808627 0.9824260473 0.1853297800 0.7670394778 -0.1021721587 0.6334124207
-371.4 306.2 2582.7 0.6412163377 0.1562048942 -0.7512933016 -0.0221808627 0.9824260473 0.1853297800 0.7670394778 -0.1021721587 0.6334124207
-400.8 113.5 2602.0 0.6413871050 0.1498194188 -0.7524471879 -0.0210838523 0.9838197827 0.1779160202 0.7669276595 -0.0982485563 0.6341680884
-462.8 309.2 2473.4 -0.2220579386 0.1861788481 -0.9570933580 0.9296818972 0.3363162577 -0.1502761096 0.2939078212 -0.9231624007 -0.2477688044
-403.4 60.3 2394.7 -0.7636860013 0.1861788481 -0.6181594133 0.6406875849 0.3363162577 -0.6902251840 0.0793917403 -0.9231624007 -0.3761225045
-280.0 303.2 2692.0 0.8528657556 0.4658291340 0.2358458191 -0.5180802941 0.6988483667 0.4931569695 0.0649064109 -0.5427837372 0.8373607397
-57.3 167.9 2709.0 0.3247126341 0.4658291340 0.8231433034 -0.7056127191 0.6988483667 -0.1171394512 -0.6298193336 -0.5427837372 0.5556198359
-489.4 -73.8 2553.8 0.5917555094 0.1125111356 -0.7982271910 -0.0104286857 0.9911975861 0.1319793910 0.8060500622 -0.0697750673 0.5877199769
-533.5 -462.0 2581.1 0.5985915065 -0.0214223787 -0.8007678986 -0.1288042665 0.9840611219 -0.1226098910 0.7906311750 0.1765355617 0.5862913728
-373.8 -77.4 2692.7 -0.8831010461 -0.0336164348 -0.4679769874 -0.0066087954 0.9982222319 -0.0592346154 0.4691362977 -0.0492173880 -0.8817532659
-360.6 -468.3 2712.0 -0.8782941103 0.1406627446 -0.4569611251 0.0311689749 0.9705559015 0.2388508022 0.4771037400 0.1955382377 -0.8568178415
-184.4 -123.4 2372.0 0 0 0 0 0 0 0 0 0
26.4 -13.8 2546.8 0 0 0 0 0 0 0 0 0
-527.1 -755.2 2528.5 0 0 0 0 0 0 0 0 0
-413.6 -833.5 2638.4 0 0 0 0 0 0 0 0 0
-341.7 503.2 2563.2  0.6379177570 0.1562599540 -0.7540847063 -0.0236762036 0.9827145338 0.1836072803 0.7697404623 -0.0992724821 0.6305906773
-373.3 304.4 2583.2 0.6379177570 0.1562599540 -0.7540847063 -0.0236762036 0.9827145338 0.1836072803 0.7697404623 -0.0992724821 0.6305906773
-403.0 111.8 2602.2 0.6380814910 0.1519089937 -0.7548348308 -0.0226312354 0.9836212993 0.1788210422 0.7696361542 -0.0970195532 0.6310684681
-464.2 307.7 2473.5 -0.2423741668 0.2096002698 -0.9472710490 0.9213106036 0.3557107151 -0.1570245475 0.3040420711 -0.9107895494 -0.2793220282
-397.6 54.4 2390.0 -0.7780098915 0.2096002698 -0.5922569633 0.6248799562 0.3557107151 -0.6949783564 0.0650044903 -0.9107895494 -0.4077214599
-282.4 301.2 2692.9 0.8687904477 0.4692896605 0.1580202729 -0.4778814018 0.7109919786 0.5158679485 0.1297403723 -0.5236961246 0.8419678211
-66.0 182.2 2725.2 0.2990024686 0.4692896605 0.8308818936 -0.6859677434 0.7109919786 -0.1547213346 -0.6633594632 -0.5236961246 0.5345059037
-488.1 -77.2 2551.9 0.5888615251 0.1195831746 -0.7993384600 -0.0071809376 0.9897289872 0.1427760124 0.8082020283 -0.0783353001 0.5836720467
-534.9 -464.9 2582.6 0.5963347554 -0.0226089116 -0.8024173975 -0.1308366358 0.9834991097 -0.1249452904 0.7920016646 0.1794948131 0.5835366249
-372.1 -81.0 2690.5 -0.8851874471 -0.0285695922 -0.4643564820 -0.0024540056 0.9983855486 -0.0567478053 0.4652280807 -0.0490929149 -0.8838284612
-360.9 -472.1 2709.8 -0.8794497252 0.1440356672 -0.4536760449 0.0427634045 0.9731716514 0.2260713577 0.4740670025 0.1794176549 -0.8620149493
-174.0 -125.2 2371.3 0 0 0 0 0 0 0 0 0
10.9 5.7 2554.5 0 0 0 0 0 0 0 0 0
-528.2 -755.5 2529.5 0 0 0 0 0 0 0 0 0
-415.1 -838.4 2642.2 0 0 0 0 0 0 0 0 0
-340.4 501.8 2554.7 0 0.6441561580 0.1584519744 -0.7483019233 -0.0142867900 0.9806298018 0.1953486800 0.7647605538 -0.1151442230 0.6339424849
-372.4 303.8 2578.0 0.6441561580 0.1584519744 -0.7483019233 -0.0142867900 0.9806298018 0.1953486800 0.7647605538 -0.1151442230 0.6339424849
-402.0 111.4 2599.3 0.6441082358 0.1514685899 -0.7497878671 -0.0145903435 0.9824534059 0.1859366745 0.7647951841 -0.1088236868 0.6350163221
-464.2 305.9 2469.0 -0.2478092611 0.1700561941 -0.9537670016 0.9280273318 0.3242936730 -0.1833001226 0.2781292796 -0.9305452704 -0.2381797731
-394.2 43.9 2390.5 -0.7979913354 0.1700561941 -0.5781787634 0.5993623137 0.3242936730 -0.7318459153 0.0630447865 -0.9305452704 -0.3607088029
-280.6 301.7 2687.0 0.8636470437 0.4977862537 0.0795151964 -0.4583627582 0.7098115683 0.5348561406 0.2098032385 -0.4983737171 0.8411933184
-77.3 193.9 2736.3 0.3251447380 0.4977862537 0.8040458560 -0.6854481697 0.7098115683 -0.1622601300 -0.6514919400 -0.4983737171 0.5719981790
-490.5 -78.8 2551.7 0.5939463973 0.1135238260 -0.7964546680 -0.0093490956 0.9909009933 0.1342675388 0.8044502735 -0.0723015964 0.5896034241
-534.9 -466.9 2580.0 0.6003451347 -0.0197261702 -0.7994977236 -0.1251027882 0.9850723147 -0.1182449386 0.7898955345 0.1710071713 0.5889155865
-375.1 -82.9 2690.8 -0.8811827302 -0.0281009711 -0.4719400108 -0.0082784444 0.9989960790 -0.0440266505 0.4727033973 -0.0348885916 -0.8805306554
-364.1 -474.2 2704.5 -0.8754643202 0.1309892088 -0.4651924670 0.0438035466 0.9801130295 0.1935452223 0.4812935293 0.1490648538 -0.8637917638
-166.9 -126.8 2372.5 0 0 0 0 0 0 0 0 0
6.8 16.7 2568.0 0 0 0 0 0 0 0 0 0
-529.2 -755.9 2529.8 0 0 0 0 0 0 0 0 0
-413.4 -843.0 2648.4 0 0 0 0 0 0 0 0 0
-341.1 499.0 2551.0 1 0.6394781470 0.1607465297 -0.7518166304 -0.0049069179 0.9787309170 0.2050895393 0.7687935829 -0.1274611801 0.6266658306
-373.5 301.7 2576.7 0.6394781470 0.1607465297 -0.7518166304 -0.0049069179 0.9787309170 0.2050895393 0.7687935829 -0.1274611801 0.6266658306
-404.0 109.8 2601.2 0.6396862268 0.1557858437 -0.7526834011 -0.0036194453 0.9798450470 0.1997262985 0.7686276436 -0.1250378639 0.6273572445
-464.6 302.2 2467.2 -0.2598866820 0.1897952855 -0.9468033910 0.9240260720 0.3336118162 -0.1867590845 0.2804188132 -0.9234071970 -0.2620770633
-392.0 44.0 2388.8 -0.8022495508 0.1897952855 -0.5660154223 0.5948887467 0.3336118162 -0.7313073874 0.0500307344 -0.9234071970 -0.3805469871
-282.3 301.2 2686.2 0.8667907715 0.4976567626 0.0318040960 -0.4297514856 0.7131205797 0.5538706183 0.2529573143 -0.4937578142 0.8319950700
-81.2 201.5 2744.9 0.3400472403 0.4976567626 0.7979383469 -0.6840909123 0.7131205797 -0.1532274336 -0.6452809572 -0.4937578142 0.5829371810
-489.9 -79.7 2551.5 0.5874045491 0.1116713360 -0.8015518785 -0.0140444497 0.9916915894 0.1278691441 0.8091716170 -0.0638535544 0.5840924978
-533.6 -468.1 2576.5 0.5924612284 -0.0173023026 -0.8054131269 -0.1179068536 0.9871409535 -0.1079384536 0.7969238758 0.1589130759 0.5828027129
-373.4 -82.3 2689.7 -0.8838338852 -0.0261001904 -0.4670722485 0.0012304460 0.9983091950 -0.0581142828 0.4677993059 -0.0519380793 -0.8823073506
-363.2 -473.3 2710.1 -0.8797813654 0.1339889169 -0.4561049640 0.0344490223 0.9749035239 0.2199464440 0.4741286933 0.1777924001 -0.8623176813
-163.4 -125.5 2374.5 0 0 0 0 0 0 0 0 0
7.4 23.3 2576.7 0 0 0 0 0 0 0 0 0
-528.6 -755.8 2530.1 0 0 0 0 0 0 0 0 0
-413.6 -840.2 2643.1 0 0 0 0 0 0 0 0 0
-344.2 498.3 2551.1 2 0.6406013966 0.1497640908 -0.7531272173 0.0047155824 0.9800100327 0.1988921911 0.7678591609 -0.1309620440 0.6270895600
-374.5 300.4 2577.6 0.6406013966 0.1497640908 -0.7531272173 0.0047155824 0.9800100327 0.1988921911 0.7678591609 -0.1309620440 0.6270895600
-402.7 108.3 2603.0 0.6410437226 0.1438593864 -0.7539014816 0.0076700700 0.9810266495 0.1937212497 0.7674660087 -0.1299662739 0.6277775764
-465.8 299.3 2468.2 -0.2705399096 0.2265134603 -0.9356814623 0.9162918925 0.3587388694 -0.1780887544 0.2953258157 -0.9055374265 -0.3046056330
-390.4 43.6 2385.8 -0.8043112755 0.2265134603 -0.5493406057 0.5932445526 0.3587388694 -0.7206714749 0.0338280462 -0.9055374265 -0.4229155779
-283.1 301.5 2687.0 0.8626452088 0.5057567358 -0.0073032966 -0.4109755754 0.7092523575 0.5727653503 0.2948598266 -0.4910917878 0.8196868300
-86.6 207.9 2754.1 0.3426992297 0.5057567358 0.7916863561 -0.6876016259 0.7092523575 -0.1554512531 -0.6401259899 -0.4910917878 0.5908194184
-492.3 -81.7 2556.2 0.5878577828 0.1037468240 -0.8022841215 -0.0139608411 0.9928957224 0.1181660965 0.8088438511 -0.0582643002 0.5851298571
-533.0 -470.6 2579.0 0.5938766599 -0.0188533515 -0.8043351769 -0.1270541251 0.9849833846 -0.1168974340 0.7944606543 0.1716167629 0.5825632215
-376.7 -82.4 2695.1 -0.8830414414 -0.0331179500 -0.4681250453 -0.0046874844 0.9980795383 -0.0617679097 0.4692716599 -0.0523492955 -0.8815007806
-363.7 -473.3 2715.6 -0.8805606365 0.1247840375 -0.4572109878 0.0162295792 0.9720891714 0.2340496778 0.4736555219 0.1986745894 -0.8580086827
-162.1 -124.8 2376.2 0 0 0 0 0 0 0 0 0
3.4 27.2 2586.0 0 0 0 0 0 0 0 0 0
-527.5 -755.6 2529.4 0 0 0 0 0 0 0 0 0
-410.7 -839.2 2640.8 0 0 0 0 0 0 0 0 0
-344.7 496.9 2548.7 3 0.6267835498 0.1465333700 -0.7652910352 0.0166628826 0.9794127345 0.2011792362 0.7790152431 -0.1388477832 0.6114380956
-374.3 299.4 2576.7 0.6267835498 0.1465333700 -0.7652910352 0.0166628826 0.9794127345 0.2011792362 0.7790152431 -0.1388477832 0.6114380956
-401.6 107.3 2603.3 0.6270409822 0.1398387402 -0.7663320303 0.0184249058 0.9808178544 0.1940536350 0.7787683606 -0.1357991695 0.6124364734
-463.6 296.8 2465.7 -0.2753701806 0.1909344196 -0.9421864748 0.9223713875 0.3286850750 -0.2029707432 0.2709285319 -0.9249379039 -0.2666225135
-388.6 45.5 2391.9 -0.7996433973 0.1909344196 -0.5693104863 0.5985822082 0.3286850750 -0.7305241227 0.0476416759 -0.9249379039 -0.3771208227
-284.9 302.0 2687.7 0.8781406283 0.4767368436 0.0398882106 -0.3911314309 0.6674380302 0.6336739659 0.2754728198 -0.5720563531 0.7725712061
-84.7 212.9 2750.5 0.3337182701 0.4767368436 0.8132368326 -0.7394688725 0.6674380302 -0.0878194571 -0.5846519470 -0.5720563531 0.5752683282
-488.8 -84.5 2559.1 0.5709775686 0.1176432073 -0.8124929070 -0.0241628140 0.9916589260 0.1266048104 0.8206099868 -0.0526563972 0.5690575838
-534.9 -472.9 2579.7 0.5767607093 -0.0226337481 -0.8165995479 -0.1308086365 0.9841589332 -0.1196675748 0.8063722253 0.1758378297 0.5646635294
-372.9 -83.1 2697.9 -0.8913422823 -0.0214759186 -0.4528219700 -0.0054414966 0.9993121624 -0.0366830938 0.4532983005 -0.0302331615 -0.8908460140
-364.5 -474.4 2709.7 -0.8880800605 0.1138863117 -0.4453579187 0.0267694443 0.9799932837 0.1972220689 0.4589086473 0.1632270217 -0.8733612299
-161.5 -124.4 2378.4 0 0 0 0 0 0 0 0 0
3.1 18.4 2596.7 0 0 0 0 0 0 0 0 0
-528.4 -754.8 2529.4 0 0 0 0 0 0 0 0 0
-407.3 -843.2 2648.3 0 0 0 0 0 0 0 0 0
-345.0 498.7 2547.5 4 0.6225073934 0.1443104446 -0.7691937685 0.0235555172 0.9789519310 0.2027271688 0.7822593451 -0.1443179101 0.6060054898
-374.2 300.4 2576.7 0.6225073934 0.1443104446 -0.7691937685 0.0235555172 0.9789519310 0.2027271688 0.7822593451 -0.1443179101 0.6060054898
-401.2 108.3 2604.0 0.6225188375 0.1380127817 -0.7703393698 0.0236349795 0.9805629849 0.1947757602 0.7822478414 -0.1394585371 0.6071569920
-462.9 297.0 2465.3 -0.2697367072 0.2048795819 -0.9408860207 0.9198238254 0.3439104259 -0.1888114214 0.2848969102 -0.9163787365 -0.2812183797
-389.2 45.6 2387.4 -0.8013313413 0.2048795819 -0.5620430708 0.5965467691 0.3439104259 -0.7251604199 0.0447219238 -0.9163787365 -0.3978064656
-285.5 303.7 2688.2 0.8776557446 0.4536510110 0.1546646059 -0.4358325005 0.6211135387 0.6513586044 0.1994251907 -0.6390764713 0.7428396940
-78.6 201.0 2735.2 0.3145787716 0.4536510110 0.8338111043 -0.7825571895 0.6211135387 -0.0426869988 -0.5372563601 -0.6390764713 0.5503969789
-485.7 -86.4 2559.5 0.5652312636 0.1257948428 -0.8152847886 -0.0279447846 0.9906574488 0.1334801465 0.8244590163 -0.0526642017 0.5634658933
-535.0 -474.4 2580.2 0.5709978342 -0.0250910092 -0.8205680251 -0.1316857487 0.9837906361 -0.1217163801 0.8103211522 0.1775569022 0.5584381819
-372.4 -83.1 2700.3 -0.8936803937 -0.0246243011 -0.4480279088 -0.0150794089 0.9995772243 -0.0248594303 0.4484506547 -0.0154603887 -0.8936738968
-362.7 -474.5 2706.3 -0.8880441189 0.1254932284 -0.4422997534 0.0398589484 0.9794192910 0.1978612542 0.4580271840 0.1580799222 -0.8747695684
-161.4 -124.0 2374.7 0 0 0 0 0 0 0 0 0
2.8 -1.6 2596.1 0 0 0 0 0 0 0 0 0
-527.8 -754.9 2529.5 0 0 0 0 0 0 0 0 0
-410.0 -843.2 2646.8 0 0 0 0 0 0 0 0 0
-347.1 498.6 2548.9 5 0.6126046181 0.1372698247 -0.7783781886 0.0261543449 0.9807433486 0.1935418248 0.7899566889 -0.1389225870 0.5972176790
-374.8 300.2 2577.0 0.6126046181 0.1372698247 -0.7783781886 0.0261543449 0.9807433486 0.1935418248 0.7899566889 -0.1389225870 0.5972176790
-400.4 107.9 2603.9 0.6129869819 0.1305367649 -0.7792349458 0.0289565641 0.9818829298 0.1872629225 0.7895621657 -0.1373537034 0.5981015563
-462.2 296.1 2464.5 -0.2676677704 0.2154819816 -0.9391067624 0.9184907675 0.3515182137 -0.1811344028 0.2910819352 -0.9110447168 -0.2920083106
-389.0 44.9 2384.9 -0.8030432463 0.2154819816 -0.5555979609 0.5946110487 0.3515182137 -0.7230993509 0.0394879170 -0.9110447168 -0.4104122818
-287.5 304.3 2689.5 0.8799858093 0.4446564615 0.1670497954 -0.4388009012 0.6263344288 0.6443282962 0.1818757206 -0.6403013468 0.7462810278
-74.7 198.3 2733.5 0.3009728491 0.4446564615 0.8436207175 -0.7777746916 0.6263344288 -0.0526475720 -0.5517987609 -0.6403013468 0.5343521833
-484.5 -85.8 2560.7 0.5551812053 0.1260760874 -0.8221184015 -0.0272936281 0.9906737804 0.1334933937 0.8312814832 -0.0516744256 0.5534445047
-533.9 -473.9 2580.9 0.5613703728 -0.0234748423 -0.8272316456 -0.1385630816 0.9828202128 -0.1219208166 0.8158820868 0.1830665022 0.5484734178
-372.0 -81.6 2702.1 -0.8989970684 -0.0247461554 -0.4372549355 -0.0147676272 0.9995474815 -0.0262064580 0.4377055764 -0.0171023104 -0.8989557028
-362.3 -473.1 2708.8 -0.8914505839 0.1356149763 -0.4323475659 0.0572937392 0.9802387357 0.1893396080 0.4494810998 0.1440161020 -0.8816042542
-161.1 -123.8 2373.7 0 0 0 0 0 0 0 0 0
2.8 -2.1 2591.4 0 0 0 0 0 0 0 0 0
-527.2 -754.9 2528.6 0 0 0 0 0 0 0 0 0
-413.4 -842.1 2654.5 0 0 0 0 0 0 0 0 0
-348.2 500.5 2556.1 6 0.6156415939 0.1335754246 -0.7766228318 0.0167670809 0.9830855727 0.1823775768 0.7878478765 -0.1253009140 0.6029887199
-375.2 301.8 2581.4 0.6156415939 0.1335754246 -0.7766228318 0.0167670809 0.9830855727 0.1823775768 0.7878478765 -0.1253009140 0.6029887199
-400.2 109.1 2606.1 0.6161625385 0.1279878467 -0.7771504521 0.0206842218 0.9837387800 0.1784100533 0.7873473763 -0.1260043383 0.6034956574
-463.0 298.8 2469.2 -0.2668246329 0.2474905849 -0.9314252734 0.9112610221 0.3793748021 -0.1602438688 0.3137004375 -0.8915285468 -0.3267550766
-388.5 44.6 2381.7 -0.8037431240 0.2474905849 -0.5410594940 0.5942324996 0.3793748021 -0.7091984749 0.0297443960 -0.8915285468 -0.4519868493
-287.3 304.7 2693.6 0.8799512386 0.4008105397 0.2550229430 -0.4604072273 0.5871930718 0.6657547951 0.1170938537 -0.7032461762 0.7012373805
-67.5 189.7 2722.9 0.2754914463 0.4008105397 0.8737593293 -0.8093226552 0.5871930718 -0.0141820600 -0.5187497735 -0.7032461762 0.4861517251
-481.4 -87.0 2559.4 0.5586792827 0.1299872398 -0.8191341758 -0.0358956344 0.9905060530 0.1326998621 0.8286066055 -0.0447333306 0.5580412149
-532.3 -475.0 2577.0 0.5628450513 -0.0170407835 -0.8263867497 -0.1301237792 0.9854938388 -0.1089479104 0.8162556291 0.1688533574 0.5524629354
-370.6 -81.8 2702.2 -0.8974853754 -0.0257264301 -0.4402932525 -0.0095969941 0.9992001057 -0.0388211459 0.4409397840 -0.0306159183 -0.8970143795
-360.5 -473.1 2714.2 -0.8920154572 0.1399501413 -0.4297933877 0.0347966366 0.9692999721 0.2434065640 0.4506635070 0.2021670640 -0.8695003390
-160.9 -123.7 2373.2 0 0 0 0 0 0 0 0 0
2.1 -14.7 2591.9 0 0 0 0 0 0 0 0 0
-527.4 -756.8 2528.7 0 0 0 0 0 0 0 0 0
-413.1 -837.5 2638.2 0 0 0 0 0 0 0 0 0
-347.1 499.8 2550.7 7 0.6256204247 0.1311186105 -0.7690299153 0.0212850980 0.9825385809 0.1848374009 0.7798371911 -0.1320069283 0.6119053364
-373.7 300.3 2577.5 0.6256204247 0.1311186105 -0.7690299153 0.0212850980 0.9825385809 0.1848374009 0.7798371911 -0.1320069283 0.6119053364
-398.2 107.7 2603.0 0.6259212494 0.1252686232 -0.7697599530 0.0235917903 0.9835225940 0.1792391539 0.7795293927 -0.1303496063 0.6126523614
-462.9 297.0 2466.4 -0.2859843969 0.2213215828 -0.9323248863 0.9094340205 0.3692276478 -0.1913130134 0.3018984199 -0.9026005268 -0.3068707287
-384.1 46.5 2383.2 -0.7951979041 0.2213215828 -0.5645148754 0.6041044593 0.3692276478 -0.7062072754 0.0521355942 -0.9026005268 -0.4273104072
-284.5 303.7 2688.6 0.8613203168 0.3755222857 0.3422138989 -0.5015115142 0.5206006765 0.6909856200 0.0813237056 -0.7667841315 0.6367326975
-61.7 173.9 2709.6 0.2077054232 0.3755222857 0.9032394290 -0.8535622954 0.5206006765 -0.0201581568 -0.4777969122 -0.7667841315 0.4286632240
-481.0 -85.4 2559.6 0.5678010583 0.1341614872 -0.8121592999 -0.0421582684 0.9900736809 0.1340774745 0.8220855594 -0.0418900959 0.5678209066
-533.6 -473.2 2576.0 0.5705669522 -0.0019767839 -0.8212487102 -0.1363913566 0.9858817458 -0.0971316844 0.8098461628 0.1674313545 0.5622419119
-369.6 -81.7 2701.9 -0.8919462562 -0.0232509859 -0.4515432119 -0.0074522984 0.9992972612 -0.0367353484 0.4520800114 -0.0294009205 -0.8914927244
-360.5 -473.1 2713.4 -0.8849802017 0.1479318291 -0.4415045381 0.0477589443 0.9720276594 0.2299593985 0.4631729424 0.1824237108 -0.8672902584
-160.4 -123.5 2368.6 0 0 0 0 0 0 0 0 0
-8.9 -43.2 2588.0 0 0 0 0 0 0 0 0 0
-533.0 -751.4 2528.8 0 0 0 0 0 0 0 0 0
-416.2 -838.8 2644.8 0 0 0 0 0 0 0 0 0
-346.9 498.2 2548.0 8 0.6251689792 0.1285037845 -0.7698379755 0.0256281011 0.9824411273 0.1848042160 0.7800685167 -0.1352633536 0.6108984351
-373.0 298.7 2575.4 0.6251689792 0.1285037845 -0.7698379755 0.0256281011 0.9824411273 0.1848042160 0.7800685167 -0.1352633536 0.6108984351
-397.3 106.2 2601.7 0.6253940463 0.1241045445 -0.7703768015 0.0273791719 0.9831733108 0.1806116849 0.7798286080 -0.1340457499 0.6114728451
-462.2 294.8 2464.3 -0.2912970185 0.2318125814 -0.9281212091 0.9095851779 0.3676293194 -0.1936582774 0.2963121235 -0.9006173611 -0.3179426193
-383.1 47.9 2383.9 -0.7908931375 0.2318125814 -0.5663488507 0.6102578640 0.3676293194 -0.7017364502 0.0455351025 -0.9006173611 -0.4322209358
-283.9 302.6 2686.6 0.8572716117 0.4445830286 0.2596754730 -0.4912882447 0.5554791093 0.6708791256 0.1540171802 -0.7027011514 0.6946148872
-74.7 182.7 2724.2 0.2325441986 0.4445830286 0.8650255203 -0.8291719556 0.5554791093 -0.0625848174 -0.5083277225 -0.7027011514 0.4978092313
-479.3 -87.1 2558.1 0.5678097010 0.1368108392 -0.8117111325 -0.0347620025 0.9891973138 0.1424086839 0.8224255443 -0.0526443273 0.5664316416
-532.9 -474.5 2578.7 0.5717138052 -0.0064324960 -0.8204278946 -0.1399323791 0.9845533967 -0.1052309498 0.8084319830 0.1749664098 0.5619826317
-366.2 -82.8 2699.0 -0.8925037384 -0.0115257502 -0.4508927464 0.0086686397 0.9990504980 -0.0426966287 0.4509567320 -0.0420155264 -0.8915563822
-361.7 -474.1 2715.5 -0.8886490464 0.1454165280 -0.4349216819 0.0368469954 0.9679682851 0.2483540028 0.4571051598 0.2046739906 -0.8655422926
-160.7 -123.7 2371.1 0 0 0 0 0 0 0 0 0
-15.2 -29.6 2594.0 0 0 0 0 0 0 0 0 0
-531.1 -750.5 2529.7 0 0 0 0 0 0 0 0 0
-416.4 -838.4 2638.4 0 0 0 0 0 0 0 0 0
-346.1 499.0 2547.1 9 0.6366758943 0.1212575138 -0.7615382075 0.0285571739 0.9831745028 0.1804229319 0.7706025839 -0.1366183013 0.6225007176
-370.8 299.0 2574.9 0.6366758943 0.1212575138 -0.7615382075 0.0285571739 0.9831745028 0.1804229319 0.7706025839 -0.1366183013 0.6225007176
-393.7 106.3 2601.5 0.6368923187 0.1171339676 -0.7620024681 0.0303431340 0.9838163257 0.1765920967 0.7703554034 -0.1355916858 0.6230308414
-461.5 294.7 2465.1 -0.2868246734 0.2025706023 -0.9363208413 0.9158200026 0.3447535038 -0.2059580684 0.2810788453 -0.9165752530 -0.2844020128
-384.6 48.9 2389.7 -0.7903442383 0.2025706023 -0.5782051086 0.6102033257 0.3447535038 -0.7133000493 0.0548446327 -0.9165752530 -0.3960831761
-280.0 303.3 2684.7 0.8368176222 0.4540502131 0.3058997393 -0.5288160443 0.5256943107 0.6663326025 0.1417387128 -0.7193635702 0.6800192595
-68.3 169.5 2720.6 0.1793746650 0.4540502131 0.8727331161 -0.8447911143 0.5256943107 -0.0998672545 -0.5041355491 -0.7193635702 0.4778738320
-478.2 -88.9 2557.5 0.5789973140 0.1364843547 -0.8038247228 -0.0414948091 0.9895445704 0.1381295770 0.8142728806 -0.0466220975 0.5786070228
-531.6 -476.5 2575.7 0.5819099545 -0.0052811396 -0.8132360578 -0.1320779175 0.9860893488 -0.1009118110 0.8024563789 0.1661321074 0.5731176734
-365.1 -83.9 2698.4 -0.8856917620 -0.0084063644 -0.4641976357 0.0064640022 0.9995158911 -0.0304340366 0.4642287493 -0.0299557503 -0.8852086067
-361.8 -475.4 2710.2 -0.8801322579 0.1457714140 -0.4517941177 0.0493770950 0.9746370912 0.2182760984 0.4721537232 0.1698035598 -0.8650072813
-160.9 -123.7 2374.2 0 0 0 0 0 0 0 0 0
-22.7 -45.4 2592.3 0 0 0 0 0 0 0 0 0
-530.2 -752.7 2529.2 0 0 0 0 0 0 0 0 0
-416.7 -842.1 2646.3 0 0 0 0 0 0 0 0 0
-347.0 499.6 2546.2 0 0.6415894032 0.1155804843 -0.7582902908 0.0319593847 0.9836957455 0.1769781709 0.7663821578 -0.1377818137 0.6274348497
-370.5 299.1 2574.3 0.6415894032 0.1155804843 -0.7582902908 0.0319593847 0.9836957455 0.1769781709 0.7663821578 -0.1377818137 0.6274348497
-392.3 106.4 2601.5 0.6419979334 0.1113447249 -0.7585783005 0.0355018675 0.9840202928 0.1744811237 0.7658839822 -0.1389474720 0.6277860403
-462.0 294.0 2465.1 -0.2942583859 0.2636802197 -0.9186319709 0.9078057408 0.3776540458 -0.1823902875 0.2988323867 -0.8876092434 -0.3504982889
-383.0 50.3 2384.9 -0.7863710523 0.2636802197 -0.5586531162 0.6170760393 0.3776540458 -0.6903583407 0.0289437789 -0.8876092434 -0.4596869349
-279.0 304.2 2683.4 0.8035820723 0.4709002972 0.3640174866 -0.5860977769 0.5195391774 0.6217462420 0.1036591530 -0.7129740119 0.6934860349
-69.7 151.5 2710.4 0.1639829576 0.4709002972 0.8668116927 -0.8456541896 0.5195391774 -0.1222621799 -0.5079159737 -0.7129740119 0.4834143817
-474.2 -89.1 2558.4 0.5846565366 0.1624174118 -0.7948567867 -0.0372027978 0.9840920568 0.1737203747 0.8104274869 -0.0719958544 0.5813981891
-537.8 -474.4 2586.6 0.5914616585 -0.0277154557 -0.8058566451 -0.1475436240 0.9788155556 -0.1419541687 0.7927193642 0.2028594762 0.5748426318
-359.1 -83.6 2697.6 -0.8825610876 0.0067777801 -0.4701489210 0.0179978702 0.9996502995 -0.0193743091 0.4698531926 -0.0255606901 -0.8823744059
-361.7 -475.2 2707.7 -0.8786640763 0.1438078880 -0.4552677870 0.0470888987 0.9750126600 0.2171012163 0.4751127362 0.1693209857 -0.8634803295
-161.2 -123.7 2376.7 0 0 0 0 0 0 0 0 0
-28.1 -62.9 2581.6 0 0 0 0 0 0 0 0 0
-529.9 -752.8 2528.9 0 0 0 0 0 0 0 0 0
-415.9 -842.2 2643.9 0 0 0 0 0 0 0 0 0
-359.3 463.2 2543.3 1 0.6041195393 0.0662880465 -0.7941318750 0.0423810780 0.9924514294 0.1150827706 0.7957659364 -0.1031799167 0.5967499018
-372.5 264.7 2564.0 0.6041195393 0.0662880465 -0.7941318750 0.0423810780 0.9924514294 0.1150827706 0.7957659364 -0.1031799167 0.5967499018
-384.9 70.6 2584.1 0.6041386724 0.0641963780 -0.7942891717 0.0426726006 0.9927133918 0.1126904190 0.7957358360 -0.1019750237 0.5969971418
-458.5 258.8 2450.7 -0.3311867416 0.2955333889 -0.8960888982 0.8977783322 0.3909409344 -0.2028773874 0.2903608084 -0.8716795444 -0.3947979212
-381.6 50.2 2383.2 -0.7845187187 0.2955333889 -0.5451517701 0.6199875474 0.3909409344 -0.6802797914 0.0120767327 -0.8716795444 -0.4899275005
-286.6 270.5 2677.3 0.8521280885 0.4173452258 0.3157540858 -0.5114786625 0.5364651084 0.6712635756 0.1107575893 -0.7335039973 0.6706001759
-68.6 139.7 2705.6 0.1541992575 0.4173452258 0.8955699801 -0.8372593522 0.5364651084 -0.1058391556 -0.5246134996 -0.7335039973 0.4321487248
-462.4 -108.4 2545.6 0.5487047434 0.1974739581 -0.8123589754 -0.0354469381 0.9763240218 0.2133892328 0.8352643847 -0.0882920474 0.5427134633
-536.6 -475.2 2578.8 0.5540155768 -0.0274277683 -0.8320543766 -0.1319717765 0.9839257598 -0.1203062087 0.8219794631 0.1764592081 0.5414904952
-350.9 -99.3 2688.3 -0.9031814933 0.0292108338 -0.4282638431 0.0440034606 0.9987264872 -0.0246798322 0.4269975424 -0.0411354601 -0.9033166766
-361.9 -474.7 2703.8 -0.8997812271 0.1463930607 -0.4110508263 0.0686411336 0.9777991772 0.1979828477 0.4309084713 0.1499262601 -0.8898539543
-161.3 -123.9 2379.8 0 0 0 0 0 0 0 0 0
-29.6 -72.1 2572.9 0 0 0 0 0 0 0 0 0
-528.8 -758.0 2528.1 0 0 0 0 0 0 0 0 0
-417.0 -842.8 2647.4 0 0 0 0 0 0 0 0 0
-366.1 441.8 2544.7 2 0.5684824586 0.0365600176 -0.8218826652 0.0364615433 0.9969108105 0.0695656762 0.8218870163 -0.0695139766 0.5653932691
-373.4 244.1 2558.5 0.5684824586 0.0365600176 -0.8218826652 0.0364615433 0.9969108105 0.0695656762 0.8218870163 -0.0695139766 0.5653932691
-380.2 49.2 2572.0 0.5684489608 0.0360126719 -0.8219299912 0.0355417840 0.9970338941 0.0682656020 0.8219504952 -0.0680183694 0.5654829144
-454.3 239.3 2441.5 -0.3543177843 0.2946990728 -0.8874747157 0.8932622075 0.3874417543 -0.2279726416 0.2766614258 -0.8735224009 -0.4005210400
-376.8 44.1 2381.1 -0.7889230847 0.2946990728 -0.5392150283 0.6144588590 0.3874417543 -0.6872621179 0.0063789128 -0.8735224009 -0.4867421985
-292.5 248.9 2675.4 0.8824796677 0.3672035336 0.2939237058 -0.4595307410 0.5398408771 0.7052682638 0.1003049463 -0.7574518919 0.6451399326
-73.1 134.7 2700.4 0.1649687588 0.3672035336 0.9153943658 -0.8392296433 0.5398408771 -0.0653104484 -0.5181495547 -0.7574518919 0.3972249627
-447.0 -136.6 2525.5 0.5222957730 0.2338262945 -0.8200807571 -0.0053362129 0.9625505805 0.2710496187 0.8527477384 -0.1371919364 0.5039838552
-536.5 -505.2 2578.1 0.5316234231 -0.0246860664 -0.8466210365 -0.1504258364 0.9809323549 -0.1230600923 0.8335158229 0.1927753091 0.5177731514
-340.2 -127.8 2671.4 -0.9181383252 0.0722190812 -0.3896234930 0.0907521769 0.9954410791 -0.0293442514 0.3857280314 -0.0623012632 -0.9205065966
-367.9 -509.4 2695.3 -0.9199572802 0.1286378354 -0.3703118861 0.0774630234 0.9856537580 0.1499538422 0.3842890263 0.1092656553 -0.9167240262
-161.1 -123.9 2379.3 0 0 0 0 0 0 0 0 0
-31.1 -79.0 2568.4 0 0 0 0 0 0 0 0 0
-530.2 -757.2 2528.5 0 0 0 0 0 0 0 0 0
-416.2 -880.2 2654.2 0 0 0 0 0 0 0 0 0
-358.2 477.2 2545.0 3 0.5442615151 0.0693178996 -0.8360469341 0.0034448206 0.9963874221 0.0848545283 0.8389085531 -0.0490630865 0.5420565605
-375.1 234.3 2556.9 0.5442615151 0.0693178996 -0.8360469341 0.0034448206 0.9963874221 0.0848545283 0.8389085531 -0.0490630865 0.5420565605
-383.5 39.1 2567.4 0.5452403426 0.0436537266 -0.8371423483 0.0207218565 0.9976361394 0.0655192360 0.8380236030 -0.0530708767 0.5430468917
-452.7 231.5 2437.7 -0.3705999851 0.2882870138 -0.8829191923 0.8900667429 0.3818674684 -0.2489144057 0.2653993070 -0.8781046867 -0.3981147408
-370.6 34.2 2378.8 -0.7982971072 0.2882870138 -0.5287837982 0.6022638083 0.3818674684 -0.7010388970 -0.0001750771 -0.8781046867 -0.4784685075
-297.5 237.1 2676.2 0.8836290836 0.3892450035 0.2601690292 -0.4543224275 0.5786473751 0.6773170233 0.1130961478 -0.7166976929 0.6881523728
-76.8 123.7 2704.5 0.1780022979 0.3892450035 0.9037718177 -0.8106459379 0.5786473751 -0.0895566344 -0.5578246713 -0.7166976929 0.4185404480
-435.8 -153.5 2507.9 -0.8071998954 0.2778266668 0.5208077431 0.1061815768 0.9362590313 -0.3348797858 -0.5806494951 -0.2150147408 -0.7852482796
-543.0 -514.6 2590.8 -0.8071998954 -0.0526637435 0.5879241824 0.1061815768 0.9668102264 0.2323864251 -0.5806494951 0.2500090003 -0.7748171687
-334.4 -146.7 2657.3 -0.9257072806 0.0852173045 -0.3685160279 0.1200391129 0.9901126027 -0.0725785270 0.3586874306 -0.1114228070 -0.9267838597
-367.3 -529.9 2700.5 -0.9326008558 0.1520773172 -0.3273043036 0.0809002742 0.9718975425 0.2210661769 0.3517253995 0.1796875000 -0.9186956286
-160.9 -123.9 2378.9 0 0 0 0 0 0 0 0 0
-31.6 -82.3 2562.8 0 0 0 0 0 0 0 0 0
-529.8 -757.7 2528.0 0 0 0 0 0 0 0 0 0
-424.4 -894.7 2633.0 0 0 0 0 0 0 0 0 0
-351.5 490.1 2555.1 4 0.5871241689 0.0889618099 -0.8045936823 0.0010171819 0.9938610196 0.1106308550 0.8094962239 -0.0657724738 0.5834293962
-371.4 267.5 2569.9 0.5871241689 0.0889618099 -0.8045936823 0.0010171819 0.9938610196 0.1106308550 0.8094962239 -0.0657724738 0.5834293962
-386.7 72.9 2583.6 0.5878208280 0.0790884495 -0.8051159382 0.0092596598 0.9944868684 0.1044513509 0.8089381456 -0.0688537806 0.5838477612
-455.0 266.3 2454.8 -0.3385615647 0.3294500709 -0.8813845515 0.8917062879 0.4113752842 -0.1887596697 0.3003929555 -0.8498429060 -0.4330485761
-364.4 27.8 2374.4 -0.8015190363 0.3294500709 -0.4990289807 0.5975844264 0.4113752842 -0.6882319450 -0.0214498714 -0.8498429060 -0.5265993476
-287.8 268.6 2684.9 0.7992799282 0.5115402341 0.3154015839 -0.5915317535 0.5770840645 0.5630844831 0.1060271636 -0.6366322041 0.7638440132
-86.2 119.4 2711.7 0.2151497453 0.5115402341 0.8318877220 -0.8033289313 0.5770840645 -0.1470940113 -0.5553136468 -0.6366322041 0.5350945592
-446.1 -140.3 2513.7 -0.7497137189 0.2603686750 0.6083892584 0.0742807910 0.9466469884 -0.3135951161 -0.6575801373 -0.1899149269 -0.7290546298
-551.0 -521.7 2590.2 -0.7497137189 -0.1288425773 0.6490985155 0.0742807910 0.9582806230 0.2760084569 -0.6575801373 0.2551428676 -0.7088655829
-343.2 -139.4 2660.9 -0.9058282971 0.0652827770 -0.4185848534 0.1063147038 0.9914667606 -0.0754379109 0.4100881517 -0.1128355116 -0.9050391316
-369.7 -540.7 2706.6 -0.9151068926 0.1553085148 -0.3721003532 0.0564772040 0.9631156921 0.2630940676 0.3992364407 0.2197439969 -0.8901252151
-160.9 -124.0 2379.9 0 0 0 0 0 0 0 0 0
-31.6 -84.6 2570.7 0 0 0 0 0 0 0 0 0
-518.2 -766.0 2525.2 0 0 0 0 0 0 0 0 0
-428.0 -902.5 2624.0 0 0 0 0 0 0 0 0 0
-349.4 501.1 2550.2 5 0.6419207454 0.1061912999 -0.7593820691 0.0053656949 0.9897172451 0.1429368854 0.7667522430 -0.0958287641 0.6347502470
-372.2 288.0 2570.8 0.6419207454 0.1061912999 -0.7593820691 0.0053656949 0.9897172451 0.1429368854 0.7667522430 -0.0958287641 0.6347502470
-392.2 94.4 2590.1 0.6422013640 0.1033930704 -0.7595309615 0.0080164084 0.9899013638 0.1415308863 0.7664940357 -0.0969800428 0.6348871589
-463.5 287.2 2462.0 -0.3436042368 0.3389173448 -0.8758260012 0.8886523843 0.4189352095 -0.1865214258 0.3036989868 -0.8423944116 -0.4451276362
-364.4 30.9 2374.4 -0.7959934473 0.3389173448 -0.5015271306 0.6049950123 0.4189352095 -0.6771073341 -0.0193760581 -0.8423944116 -0.5385130048
-281.0 288.9 2679.7 0.7335534096 0.6223152280 0.2731723189 -0.6658129692 0.5773906708 0.4725601077 0.1363542080 -0.5285297632 0.8378924727
-92.9 118.1 2714.7 0.2439414263 0.6223152280 0.7437851429 -0.7846364379 0.5773906708 -0.2257556617 -0.5699458122 -0.5285297632 0.6291407347
-457.6 -113.5 2530.0 -0.6827163100 0.2630802989 0.6816797256 0.0593968108 0.9498284459 -0.3070796728 -0.7282654047 -0.1691586971 -0.6640895009
-562.1 -490.8 2597.2 -0.6827163100 -0.1821720600 0.7076099515 0.0593968108 0.9513803720 0.3022372723 -0.7282654047 0.2483720779 -0.6387024522
-349.3 -113.4 2673.9 -0.8770888448 0.0446117446 -0.4782519639 0.0640897304 0.9976439476 -0.0244761258 0.4760332406 -0.0521187782 -0.8778815269
-367.1 -509.9 2694.6 -0.8770089149 0.1410305202 -0.4593100846 0.0646472648 0.9818952680 0.1780517697 0.4761051238 0.1264598519 -0.8702481389
-160.6 -124.0 2379.3 0 0 0 0 0 0 0 0 0
-30.3 -83.0 2568.6 0 0 0 0 0 0 0 0 0
-509.0 -768.1 2524.8 0 0 0 0 0 0 0 0 0
-419.9 -877.6 2647.3 0 0 0 0 0 0 0 0 0
-350.8 502.8 2556.7 6 0.6488291621 0.1123178974 -0.7525991201 -0.0003398229 0.9890890121 0.1473186761 0.7609340549 -0.0953289047 0.6417879462
-374.3 296.2 2576.7 0.6488291621 0.1123178974 -0.7525991201 -0.0003398229 0.9890890121 0.1473186761 0.7609340549 -0.0953289047 0.6417879462
-395.5 102.6 2595.9 0.6492567062 0.1090425327 -0.7527120709 0.0034810463 0.9892328382 0.1463089883 0.7605614066 -0.0976123139 0.6418864131
-466.6 295.8 2468.4 -0.3398420811 0.3329976499 -0.8795566559 0.8870342970 0.4242745638 -0.1821021438 0.3125339448 -0.8420829177 -0.4395667017
-365.8 32.7 2375.7 -0.7947738767 0.3329976499 -0.5073924065 0.6068456173 0.4242745638 -0.6721082330 -0.0085367486 -0.8420829177 -0.5392805338
-281.9 296.5 2684.9 0.7026266456 0.6636527777 0.2566725314 -0.7013466954 0.5850237608 0.4072591662 0.1201191396 -0.4661675692 0.8765039444
