147.4 465.3 2595.5 1 0.4243589044 0.3402127028 -0.8391512632 0.0227983296 0.9224248528 0.3855030239 0.9052070379 -0.1827228814 0.3836829364
80.1 282.9 2631.6 0.4243589044 0.3402127028 -0.8391512632 0.0227983296 0.9224248528 0.3855030239 0.9052070379 -0.1827228814 0.3836829364
14.8 99.4 2670.8 0.4304036796 0.3288742304 -0.8405917287 0.0394751988 0.9235135913 0.3815290034 0.9017729163 -0.1973940134 0.3845012784
19.6 277.4 2504.8 -0.3904228806 0.0163886994 -0.9204897285 0.8895370960 0.2643909752 -0.3725871146 0.2372629493 -0.9642763138 -0.1178026423
120.1 48.3 2443.7 -0.9481946826 0.0163886994 -0.3172668517 0.3101247549 0.2643909752 -0.9131922126 0.0689164549 -0.9642763138 -0.2557766438
140.6 288.4 2758.4 -0.0027650925 0.9337500930 -0.3579149246 -0.8425956368 0.1905773282 0.5036991835 0.5385396481 0.3029703200 0.7862467766
139.6 -15.1 2952.4 0.3238319457 0.9337500930 0.1524585038 -0.0892666578 0.1905773282 -0.9776051044 -0.9418939948 0.3029703200 0.1450677812
-93.7 -86.6 2631.6 0.7295521498 0.0298105441 -0.6832751632 -0.0835299045 0.9954541922 -0.0457566604 0.6788051128 0.0904557779 0.7287258506
-105.6 -482.4 2595.6 0.7359511256 0.0679634437 -0.6736148000 -0.0151907746 0.9963558912 0.0839294419 0.6768642068 -0.0515352376 0.7343016863
-13.0 -77.6 2795.9 0.7819893956 -0.1800047606 -0.5967334509 0.0555305593 0.9737034440 -0.2209477872 0.6208131313 0.1396418959 0.7714215517
58.5 -464.6 2740.4 0.7755001783 0.1541979611 -0.6122274995 0.0092853541 0.9668252468 0.2552699447 0.6312790513 -0.2036466300 0.7483413219
363.9 -31.5 2426.0 0 0 0 0 0 0 0 0 0
230.7 -40.2 2687.7 0 0 0 0 0 0 0 0 0
-124.3 -757.0 2609.8 0 0 0 0 0 0 0 0 0
14.9 -738.4 2798.1 0 0 0 0 0 0 0 0 0
144.2 459.0 2598.6 2 0.4553126693 0.3317827284 -0.8262025118 0.0005394899 0.9278687239 0.3729066849 0.8903314471 -0.1702348590 0.4222913682
78.9 276.2 2632.2 0.4553126693 0.3317827284 -0.8262025118 0.0005394899 0.9278687239 0.3729066849 0.8903314471 -0.1702348590 0.4222913682
14.9 91.6 2668.5 0.4605584741 0.3218560219 -0.8272209764 0.0154410945 0.9288980365 0.3700135350 0.8874950409 -0.1831860691 0.4228420556
14.1 274.0 2507.4 -0.3895104527 0.0369337089 -0.9202812314 0.8953022361 0.2496662736 -0.3689181805 0.2161376625 -0.9676273465 -0.1303144544
113.5 45.4 2452.3 -0.9509457946 0.0369337089 -0.3071448207 0.3063884377 0.2496662736 -0.9185819626 0.0427570641 -0.9676273465 -0.2487351596
143.6 278.3 2756.9 0.0150782606 0.9434714913 -0.3311105072 -0.8569991589 0.1827872396 0.4818104208 0.5150972009 0.2764965594 0.8113104105
149.1 -30.3 2942.4 0.2919282913 0.9434714913 0.1569693834 -0.0631965697 0.1827872396 -0.9811192751 -0.9543500543 0.2764965594 0.1129849255
-90.0 -87.8 2627.4 0.7528173327 0.0459802970 -0.6566215754 -0.0815171972 0.9963904023 -0.0236867480 0.6531623602 0.0713577494 0.7538481355
-108.2 -483.8 2599.0 0.7577319145 0.0550651550 -0.6502385736 -0.0192684587 0.9978868961 0.0620517954 0.6522814631 -0.0344895311 0.7571917772
-11.0 -80.6 2792.7 0.8005267382 -0.1696147472 -0.5747936964 0.0504482575 0.9747811556 -0.2173859626 0.5971699357 0.1450259238 0.7888951302
56.4 -468.1 2735.1 0.7968456149 0.1440155357 -0.5867679119 0.0238027237 0.9629389048 0.2686671615 0.6037139297 -0.2280529141 0.7638857365
358.0 -33.4 2441.3 0 0 0 0 0 0 0 0 0
231.1 -48.0 2674.3 0 0 0 0 0 0 0 0 0
-123.4 -758.2 2608.5 0 0 0 0 0 0 0 0 0
16.1 -737.2 2798.8 0 0 0 0 0 0 0 0 0
147.3 463.9 2607.7 3 0.4248749018 0.3332891464 -0.8416648507 -0.0149636604 0.9322161078 0.3615926504 0.9051284194 -0.1410372555 0.4010624290
81.6 280.0 2635.5 0.4248749018 0.3332891464 -0.8416648507 -0.0149636604 0.9322161078 0.3615926504 0.9051284194 -0.1410372555 0.4010624290
17.7 94.5 2667.6 0.4326138496 0.3214860559 -0.8423134685 0.0070820958 0.9330238104 0.3597448766 0.9015514851 -0.1615959704 0.4013622403
20.7 279.0 2508.8 -0.3308680058 0.0924182832 -0.9391406775 0.9215025306 0.2461141646 -0.3004345000 0.2033701837 -0.9648246765 -0.1665949821
106.1 41.2 2456.3 -0.9543126822 0.0924182832 -0.2841586769 0.2984184027 0.2461141646 -0.9221574068 -0.0152887227 -0.9648246765 -0.2624491751
142.4 281.0 2762.3 0.0048075924 0.9331876636 -0.3593572676 -0.8632585406 0.1852588654 0.4695357978 0.5047391653 0.3079608679 0.8064728975
144.1 -30.0 2944.1 0.3218563795 0.9331876636 0.1599037647 -0.0495417304 0.1852588654 -0.9814401269 -0.9454914331 0.3079608679 0.1058584824
-91.3 -94.5 2623.6 0.7329896092 0.0448243655 -0.6787613630 -0.0765474588 0.9969239235 -0.0168277286 0.6759191751 0.0642920062 0.7341660857
-109.2 -490.8 2598.0 0.7375099659 0.0548714101 -0.6731033921 -0.0177195370 0.9979228377 0.0619356520 0.6751037836 -0.0337510780 0.7369503379
-6.9 -91.6 2786.2 0.7823678851 -0.1522075236 -0.6039316058 0.0410181358 0.9801650643 -0.1938915402 0.6214644313 0.1269223541 0.7730929255
53.6 -481.2 2735.8 0.7817009687 0.1434782296 -0.6069247127 0.0364935622 0.9609853029 0.2741814852 0.6225848198 -0.2364767641 0.7459670901
351.6 -35.6 2460.2 0 0 0 0 0 0 0 0 0
234.6 -43.9 2678.5 0 0 0 0 0 0 0 0 0
-123.9 -757.8 2607.1 0 0 0 0 0 0 0 0 0
15.5 -736.4 2798.6 0 0 0 0 0 0 0 0 0
146.3 467.0 2594.7 4 0.4413178861 0.3279125392 -0.8352915049 0.0112639712 0.9287439585 0.3705506325 0.8972801566 -0.1729393154 0.4061777294
81.7 284.1 2628.8 0.4413178861 0.3279125392 -0.8352915049 0.0112639712 0.9287439585 0.3705506325 0.8972801566 -0.1729393154 0.4061777294
19.1 99.1 2665.5 0.4465824962 0.3150751889 -0.8374316096 0.0264901016 0.9308809042 0.3643610775 0.8943502307 -0.1849009246 0.4073687494
18.9 280.3 2503.0 -0.2748037577 0.0532054082 -0.9600270987 0.9485604763 0.1782592833 -0.2616422176 0.1572129726 -0.9825440645 -0.0994548723
89.1 37.9 2462.9 -0.9686894417 0.0532054082 -0.2425075322 0.2481642514 0.1782592833 -0.9521754980 -0.0074316659 -0.9825440645 -0.1858815700
144.5 287.8 2754.6 0.0163383931 0.9370666146 -0.3487681746 -0.8530666828 0.1950113177 0.4839915633 0.5215460658 0.2896148562 0.8025664687
150.4 -19.5 2942.4 0.3073305190 0.9370666146 0.1656928807 -0.0670517981 0.1950113177 -0.9785063267 -0.9492375851 0.2896148562 0.1227649376
-85.8 -91.5 2617.1 0.7426279187 0.0622560792 -0.6668042541 -0.0818911418 0.9966395497 0.0018479523 0.6646785736 0.0532330237 0.7452306151
-110.5 -487.7 2596.0 0.7484570146 0.0514478423 -0.6611847281 -0.0083700977 0.9976397753 0.0681530461 0.6631305218 -0.0454754457 0.7471210957
-6.5 -90.2 2782.4 0.7927623391 -0.1516134143 -0.5903738141 0.0499634817 0.9814751148 -0.1849601269 0.6074796915 0.1171322912 0.7856516242
53.8 -480.4 2735.8 0.7899979353 0.1477969587 -0.5950288177 0.0310205109 0.9596316218 0.2795440555 0.6123242378 -0.2392973304 0.7535222769
339.0 -26.1 2464.8 0 0 0 0 0 0 0 0 0
236.8 -38.3 2675.6 0 0 0 0 0 0 0 0 0
-124.5 -759.1 2608.3 0 0 0 0 0 0 0 0 0
14.0 -738.5 2800.2 0 0 0 0 0 0 0 0 0
148.1 468.1 2587.3 5 0.4899532497 0.3356001675 -0.8045609593 -0.0082553215 0.9246724248 0.3806740642 0.8717095852 -0.1798705906 0.4558167458
81.8 285.5 2622.8 0.4899532497 0.3356001675 -0.8045609593 -0.0082553215 0.9246724248 0.3806740642 0.8717095852 -0.1798705906 0.4558167458
17.5 101.2 2660.3 0.4943831563 0.3235224187 -0.8067952394 0.0041912785 0.9272592664 0.3743964136 0.8692340255 -0.1884767860 0.4570653737
12.4 284.9 2500.7 -0.2353196442 0.0623327792 -0.9699171782 0.9626905918 0.1521356106 -0.2237891853 0.1336095333 -0.9863920808 -0.0958076715
72.4 39.3 2466.6 -0.9651436806 0.0623327792 -0.2541894615 0.2608966529 0.1521356106 -0.9533035755 -0.0207507908 -0.9863920808 -0.1630951315
151.2 286.0 2744.9 0.0264871884 0.9550773501 -0.2951706350 -0.8611409068 0.1717560440 0.4784727395 0.5076758265 0.2415101230 0.8270055056
160.8 -24.2 2927.7 0.2545361519 0.9550773501 0.1517848074 -0.0580300465 0.1717560440 -0.9834288955 -0.9653205872 0.2415101230 0.0991413072
-84.4 -88.3 2620.3 0.7760754228 0.0649972036 -0.6272817254 -0.0977023244 0.9950569868 -0.0177726280 0.6230258942 0.0750797763 0.7785896063
-110.2 -483.8 2590.4 0.7846061587 0.0480565354 -0.6181291938 0.0003544179 0.9969565272 0.0779583901 0.6199944019 -0.0613857061 0.7822012305
-2.5 -83.5 2784.3 0.8216723800 -0.1421326548 -0.5519536138 0.0502620898 0.9827041030 -0.1782312095 0.5677396059 0.1187053174 0.8146046996
54.0 -474.2 2737.1 0.8173128366 0.1418182850 -0.5584686995 0.0174537487 0.9626986384 0.2700123191 0.5759297609 -0.2304319143 0.7843506932
319.6 -27.5 2471.9 0 0 0 0 0 0 0 0 0
232.2 -40.5 2656.8 0 0 0 0 0 0 0 0 0
-123.5 -759.7 2607.4 0 0 0 0 0 0 0 0 0
14.5 -742.2 2801.2 0 0 0 0 0 0 0 0 0
145.5 469.0 2585.5 6 0.5410475135 0.3201205432 -0.7776827216 -0.0349499844 0.9324806333 0.3595252633 0.8402655125 -0.1673402339 0.5157045126
82.1 284.3 2618.7 0.5410475135 0.3201205432 -0.7776827216 -0.0349499844 0.9324806333 0.3595252633 0.8402655125 -0.1673402339 0.5157045126
21.1 98.3 2653.2 0.5452924967 0.3062413037 -0.7803027034 -0.0222878288 0.9358435273 0.3517103493 0.8379494548 -0.1743937731 0.5171339512
5.5 287.3 2501.1 -0.1943157762 0.0910499319 -0.9767042994 0.9709011912 0.1599279195 -0.1782525033 0.1399724036 -0.9829206467 -0.1194770038
55.8 36.2 2464.9 -0.9672991633 0.0910499319 -0.2367323637 0.2488372624 0.1599279195 -0.9552502632 -0.0491153523 -0.9829206467 -0.1773547530
158.6 281.2 2736.2 0.0611044057 0.9669459462 -0.2475515753 -0.8784803748 0.1698423922 0.4465711415 0.4738549292 0.1901817322 0.8598211408
180.6 -34.9 2906.7 0.1967286170 0.9669459462 0.1622139961 -0.0224298649 0.1698423922 -0.9852159619 -0.9802013636 0.1901817322 0.0551013239
-92.0 -83.5 2618.2 0.8144134879 0.0402081572 -0.5788903236 -0.0746452734 0.9965674877 -0.0357960276 0.5754640102 0.0723641887 0.8146193027
-108.0 -479.5 2589.5 0.8199896216 0.0555032007 -0.5696809888 -0.0077781780 0.9962759614 0.0858699605 0.5723255277 -0.0659813955 0.8173676729
-1.4 -82.8 2777.4 0.8491412997 -0.1446610540 -0.5079687238 0.0685838461 0.9838175178 -0.1655273288 0.5236939192 0.1057176441 0.8453215361
56.1 -473.9 2735.4 0.8410524130 0.1467941403 -0.5206556916 0.0026398904 0.9613521695 0.2753089368 0.5409471989 -0.2329237163 0.8081600666
304.8 -27.8 2477.6 0 0 0 0 0 0 0 0 0
235.7 -41.2 2631.9 0 0 0 0 0 0 0 0 0
-123.7 -761.8 2608.1 0 0 0 0 0 0 0 0 0
15.2 -741.7 2800.2 0 0 0 0 0 0 0 0 0
147.7 470.1 2593.6 7 0.5442174673 0.3278020322 -0.7722520232 -0.0677504390 0.9346704483 0.3489999771 0.8362040520 -0.1376114786 0.5308727622
82.6 284.4 2621.0 0.5442174673 0.3278020322 -0.7722520232 -0.0677504390 0.9346704483 0.3489999771 0.8362040520 -0.1376114786 0.5308727622
20.4 98.0 2650.3 0.5495625734 0.3128402233 -0.7746689320 -0.0521237664 0.9382773042 0.3419339657 0.8338249326 -0.1475354433 0.5319485068
5.4 291.7 2503.9 -0.1403473765 0.1181050837 -0.9830329418 0.9784770012 0.1682452410 -0.1194833368 0.1512790322 -0.9786443114 -0.1391758919
42.2 34.8 2464.2 -0.9535543323 0.1181050837 -0.2771016061 0.2942358851 0.1682452410 -0.9408075213 -0.0644931197 -0.9786443114 -0.1951817423
159.8 277.1 2738.1 0.0569902919 0.9691434503 -0.2398187965 -0.8927279115 0.1570105404 0.4223559797 0.4469776154 0.1900227517 0.8741294742
180.4 -44.2 2898.9 0.1914915144 0.9691434503 0.1552158296 0.0058605503 0.1570105404 -0.9875795245 -0.9814767838 0.1900227517 0.0243864693
-89.7 -85.7 2611.2 0.8183164597 0.0401895680 -0.5733610988 -0.0656362474 0.9975608587 -0.0237541124 0.5710079074 0.0570716523 0.8189583421
-105.7 -482.2 2588.5 0.8228182197 0.0651719496 -0.5645553470 -0.0138969254 0.9954130650 0.0946556702 0.5681346655 -0.0700388327 0.8199497461
10.1 -89.7 2764.4 0.8509975672 -0.1082782596 -0.5138860941 0.0576180927 0.9918574691 -0.1135733128 0.5219992995 0.0670414791 0.8503071070
53.1 -483.4 2737.8 0.8448730707 0.1372143924 -0.5170702338 0.0061206492 0.9640039206 0.2658176124 0.5349317789 -0.2277469635 0.8136211038
286.5 -40.5 2480.7 0 0 0 0 0 0 0 0 0
234.1 -42.5 2623.5 0 0 0 0 0 0 0 0 0
-124.0 -761.2 2608.1 0 0 0 0 0 0 0 0 0
16.6 -739.5 2798.3 0 0 0 0 0 0 0 0 0
149.4 473.7 2596.7 8 0.5719944239 0.3325888515 -0.7498046756 -0.0987460390 0.9353811145 0.3395753205 0.8142920732 -0.1201949492 0.5678746104
83.3 287.9 2620.6 0.5719944239 0.3325888515 -0.7498046756 -0.0987460390 0.9353811145 0.3395753205 0.8142920732 -0.1201949492 0.5678746104
20.5 101.1 2646.5 0.5778886080 0.3158299029 -0.7525265813 -0.0817001089 0.9398392439 0.3317036033 0.8120158911 -0.1302062273 0.5689257383
2.1 299.3 2506.6 -0.0742293373 0.0858342052 -0.9935404062 0.9821202755 0.1791293621 -0.0579007305 0.1730023921 -0.9800740480 -0.0975961611
22.3 33.2 2459.7 -0.9564722180 0.0858342052 -0.2789146602 0.2902012467 0.1791293621 -0.9400510192 -0.0307267252 -0.9800740480 -0.1962414533
164.6 276.4 2734.6 0.0644379184 0.9765580297 -0.2053828835 -0.9062659740 0.1434267759 0.3976314366 0.4177675843 0.1605089754 0.8942634463
187.7 -49.8 2885.0 0.1571833491 0.9765580297 0.1470638067 0.0342993960 0.1434267759 -0.9890663624 -0.9869736433 0.1605089754 -0.0109510468
-92.2 -83.6 2603.2 0.8388614655 0.0334446765 -0.5433165431 -0.0491904467 0.9986845255 -0.0144727575 0.5421177745 0.0388666242 0.8394031525
-105.5 -480.6 2587.7 0.8417208791 0.0679527819 -0.5356196761 -0.0147440815 0.9945711493 0.1030086800 0.5397115946 -0.0788073316 0.8381531835
8.5 -93.1 2755.9 0.8646465540 -0.1091318950 -0.4903840721 0.0789318830 0.9935078621 -0.0819260180 0.4961411953 0.0321301147 0.8676471710
51.8 -487.6 2743.1 0.8561402559 0.1328326166 -0.4993789196 -0.0088590868 0.9700272083 0.2428348958 0.5166675448 -0.2034766823 0.8316560984
268.4 -41.5 2467.6 0 0 0 0 0 0 0 0 0
231.9 -40.1 2607.9 0 0 0 0 0 0 0 0 0
-124.7 -761.0 2610.0 0 0 0 0 0 0 0 0 0
17.6 -737.3 2795.5 0 0 0 0 0 0 0 0 0
151.6 471.9 2589.2 9 0.6136690378 0.3516363800 -0.7069385648 -0.1194418818 0.9263935685 0.3571114838 0.7804767489 -0.1347101927 0.6104991436
81.4 287.0 2616.1 0.6136690378 0.3516363800 -0.7069385648 -0.1194418818 0.9263935685 0.3571114838 0.7804767489 -0.1347101927 0.6104991436
16.0 101.5 2644.0 0.6199516654 0.3293355107 -0.7121784091 -0.1022796482 0.9338246584 0.3427978158 0.7779452801 -0.1396767050 0.6126104593
-5.6 301.4 2506.9 -0.0586306527 0.0487337448 -0.9970895052 0.9748308063 0.2180071771 -0.0466664843 0.2150984406 -0.9747296572 -0.0602890588
10.4 35.4 2448.2 -0.9625971317 0.0487337448 -0.2665179372 0.2706526816 0.2180071771 -0.9376673102 0.0124067878 -0.9747296572 -0.2230429947
168.4 272.6 2725.3 0.0669978932 0.9869383574 -0.1465057433 -0.9114109278 0.1202872843 0.3935239911 0.4060066938 0.1071616560 0.9075654149
192.6 -55.6 2871.5 0.1029377207 0.9869383574 0.1239212528 0.0408142321 0.1202872843 -0.9918997884 -0.9938501120 0.1071616560 -0.0278990306
-95.3 -78.1 2598.0 0.8678728342 0.0225874651 -0.4962726831 -0.0329250060 0.9993846416 -0.0120924450 0.4956941903 0.0268344861 0.8680824637
-104.3 -475.4 2587.3 0.8686509132 0.0670542642 -0.4908658564 -0.0221369900 0.9950619936 0.0967552215 0.4949297905 -0.0731802210 0.8658459187
10.5 -93.0 2746.7 0.8896158338 -0.1006501541 -0.4454808533 0.0843423977 0.9948427677 -0.0563407913 0.4488540888 0.0125487363 0.8935169578
50.5 -488.3 2741.7 0.8807018995 0.1315829307 -0.4550275505 -0.0166106783 0.9686293006 0.2479542643 0.4733795822 -0.2108154744 0.8552593589
258.3 -34.3 2445.0 0 0 0 0 0 0 0 0 0
221.4 -44.1 2592.7 0 0 0 0 0 0 0 0 0
-123.4 -759.1 2608.2 0 0 0 0 0 0 0 0 0
16.0 -742.6 2797.0 0 0 0 0 0 0 0 0 0
153.4 465.5 2594.5 0 0.5983534455 0.3650879562 -0.7132208347 -0.1366976649 0.9236198068 0.3581064343 0.7894852161 -0.1167785898 0.6025577188
80.9 282.1 2617.7 0.5983534455 0.3650879562 -0.7132208347 -0.1366976649 0.9236198068 0.3581064343 0.7894852161 -0.1167785898 0.6025577188
12.6 97.2 2642.7 0.6057273746 0.3439478874 -0.7174916267 -0.1174147800 0.9305092692 0.3469383717 0.7869613171 -0.1259059459 0.6040195227
-4.2 298.6 2507.1 -0.0270799734 0.0490035675 -0.9984314442 0.9641352892 0.2650859356 -0.0131392106 0.2640262842 -0.9629787803 -0.0544245876
3.2 38.1 2435.8 -0.9599029422 0.0490035675 -0.2760162354 0.2789368927 0.2650859356 -0.9229971170 0.0279378779 -0.9629787803 -0.2681256831
166.1 265.6 2728.3 0.0486773588 0.9865220189 -0.1562204510 -0.9157181382 0.1065367907 0.3874406219 0.3988619447 0.1241943166 0.9085620046
183.6 -64.2 2871.9 0.1197019219 0.9865220189 0.1115605906 0.0475983247 0.1065367907 -0.9931688309 -0.9916682243 0.1241943166 -0.0342041366
-106.2 -74.7 2600.6 0.8596869111 -0.0074486388 -0.5107670426 -0.0093104532 0.9994990826 -0.0302466303 0.5107364655 0.0307581034 0.8591869473
-103.2 -471.9 2588.4 0.8585730791 0.0705546588 -0.5078132749 -0.0269231480 0.9953235984 0.0927687958 0.5119838119 -0.0659768581 0.8564575911
7.3 -93.5 2743.0 0.8807725310 -0.1068091914 -0.4613367021 0.0932407156 0.9942751527 -0.0521828458 0.4642692208 0.0029458529 0.8856891990
49.7 -488.6 2741.8 0.8726658821 0.1255865842 -0.4718922079 -0.0015341124 0.9670632482 0.2545314729 0.4883153737 -0.2213969827 0.8441157937
251.0 -34.0 2428.5 0 0 0 0 0 0 0 0 0
217.2 -50.9 2593.4 0 0 0 0 0 0 0 0 0
-123.5 -757.7 2607.3 0 0 0 0 0 0 0 0 0
16.6 -743.4 2800.1 0 0 0 0 0 0 0 0 0
155.9 465.4 2597.6 1 0.5809317231 0.3700426519 -0.7249736190 -0.1386376023 0.9226524830 0.3598500490 0.8020585775 -0.1085397080 0.5872999430
82.3 281.8 2619.2 0.5809317231 0.3700426519 -0.7249736190 -0.1386376023 0.9226524830 0.3598500490 0.8020585775 -0.1085397080 0.5872999430
12.4 97.3 2642.9 0.5881977081 0.3515338004 -0.7283182144 -0.1199967042 0.9285529256 0.3512694538 0.7997651100 -0.1192201078 0.5883556008
-0.4 298.7 2506.8 0.0001374350 -0.0049244533 -0.9999878407 0.9561566710 0.2928526998 -0.0013107460 0.2928555906 -0.9561448693 0.0047487970
-0.5 39.4 2427.4 -0.9537170529 -0.0049244533 -0.3006652296 0.2861110568 0.2928526998 -0.9123473763 0.0925434381 -0.9561448693 -0.2778896689
164.9 265.0 2731.7 0.0354306847 0.9842081070 -0.1734330505 -0.9156259894 0.1015105695 0.3890047073 0.4004668593 0.1450171024 0.9047631621
177.7 -64.9 2876.0 0.1409793347 0.9842081070 0.1070475802 0.0459187254 0.1015105695 -0.9937741756 -0.9889470935 0.1450171024 -0.0308826901
-111.2 -77.0 2595.7 0.8482218385 -0.0243143421 -0.5290827155 0.0112301242 0.9995467663 -0.0279307663 0.5295220017 0.0177498218 0.8481104970
-101.6 -474.2 2588.6 0.8456106186 0.0796803236 -0.5278198123 -0.0308083780 0.9944332838 0.1007633209 0.5329104662 -0.0689452589 0.8433581591
-0.2 -98.5 2739.9 0.8685754538 -0.1257274747 -0.4793425202 0.1116546020 0.9920595288 -0.0578890666 0.4828145504 -0.0032397739 0.8757166266
49.7 -492.8 2741.2 0.8597980142 0.1270737499 -0.4945701957 0.0048558107 0.9664623737 0.2567623556 0.5106112361 -0.2231653035 0.8303453326
245.3 -34.3 2403.5 0 0 0 0 0 0 0 0 0
217.3 -52.0 2598.0 0 0 0 0 0 0 0 0 0
-124.5 -760.0 2608.5 0 0 0 0 0 0 0 0 0
17.2 -739.8 2798.2 0 0 0 0 0 0 0 0 0
161.0 464.9 2598.2 2 0.6050882339 0.3785285652 -0.7004172802 -0.1614989787 0.9198127985 0.3575786948 0.7796065211 -0.1032499745 0.6176998615
85.4 281.2 2618.8 0.6050882339 0.3785285652 -0.7004172802 -0.1614989787 0.9198127985 0.3575786948 0.7796065211 -0.1032499745 0.6176998615
14.0 97.1 2642.0 0.6135300398 0.3592114151 -0.7032411098 -0.1403778940 0.9259774685 0.3505136669 0.7770938873 -0.1163311601 0.6185403466
-0.8 300.9 2509.6 0.0050165644 -0.0773271322 -0.9969931245 0.9479837418 0.3176980019 -0.0198708028 0.3182792664 -0.9450336099 0.0748986155
-2.2 40.1 2422.0 -0.9547092319 -0.0773271322 -0.2873166502 0.2495620996 0.3176980019 -0.9147604704 0.1620157212 -0.9450336099 -0.2840112746
171.7 261.4 2728.1 0.0370472446 0.9898160100 -0.1374474317 -0.9224296808 0.0867771432 0.3762887716 0.3843839467 0.1128451303 0.9162504673
185.0 -70.9 2866.5 0.1078139767 0.9898160100 0.0929539725 0.0606432594 0.0867771432 -0.9943802953 -0.9923197627 0.1128451303 -0.0506698787
-111.4 -76.3 2593.3 0.8654217124 -0.0224265065 -0.5005419850 0.0183570776 0.9997462630 -0.0130542535 0.5007077456 0.0021089469 0.8656138182
-102.5 -473.7 2592.5 0.8626813889 0.0732381865 -0.5004168749 -0.0371869132 0.9959665537 0.0816565678 0.5043787956 -0.0518346429 0.8619252443
-3.5 -98.3 2739.9 0.8815463185 -0.1344452947 -0.4525490105 0.1279040426 0.9907566309 -0.0451867804 0.4544410706 -0.0180486105 0.8905939460
49.9 -492.1 2747.1 0.8717778325 0.1309026331 -0.4720888436 -0.0198333059 0.9722809792 0.2329728901 0.4894997776 -0.1937375218 0.8502092361
243.6 -24.1 2380.3 0 0 0 0 0 0 0 0 0
215.3 -53.8 2587.7 0 0 0 0 0 0 0 0 0
-123.3 -757.4 2607.2 0 0 0 0 0 0 0 0 0
17.3 -734.6 2795.4 0 0 0 0 0 0 0 0 0
157.5 467.5 2589.5 3 0.5760763884 0.3674680591 -0.7301391959 -0.1168891340 0.9211046696 0.3713531196 0.8089950085 -0.1285824180 0.5735796690
84.2 283.6 2615.2 0.5760763884 0.3674680591 -0.7301391959 -0.1168891340 0.9211046696 0.3713531196 0.8089950085 -0.1285824180 0.5735796690
14.9 99.4 2642.8 0.5832864642 0.3478894234 -0.7339957952 -0.0982598513 0.9272235036 0.3613884449 0.8063013554 -0.1386706680 0.5750204921
2.3 297.4 2502.0 0.0037909651 -0.0974525064 -0.9952329397 0.9436827302 0.3296063840 -0.0286802202 0.3308300972 -0.9390754104 0.0932137743
1.2 43.6 2413.0 -0.9453722239 -0.0974525064 -0.3110857010 0.2642765045 0.3296063840 -0.9063760638 0.1908644587 -0.9390754104 -0.2858463228
166.1 269.8 2728.4 0.0361789763 0.9826994538 -0.1816392243 -0.9057466388 0.1090460494 0.4095509052 0.4222725034 0.1497019976 0.8940219283
179.1 -56.3 2880.4 0.1479662806 0.9826994538 0.1113898754 0.0238849092 0.1090460494 -0.9937496781 -0.9887039661 0.1497019976 -0.0073365490
-113.6 -74.1 2593.9 0.8448323607 -0.0256231111 -0.5344172120 0.0168256965 0.9996309280 -0.0213293303 0.5347664952 0.0090277670 0.8449516892
-103.4 -471.4 2590.3 0.8423679471 0.0729353875 -0.5339444280 -0.0290293060 0.9955018163 0.0901853293 0.5381203294 -0.0604691990 0.8406960964
-1.2 -99.8 2736.4 0.8645564914 -0.1284799278 -0.4858343005 0.1281128675 0.9911718965 -0.0341369174 0.4859312177 -0.0327283330 0.8733840585
49.9 -493.8 2749.4 0.8551896811 0.1269258559 -0.5025340915 -0.0137378266 0.9747630358 0.2228190899 0.5181331038 -0.1836488545 0.8353509307
246.0 -24.8 2363.6 0 0 0 0 0 0 0 0 0
220.6 -49.6 2602.9 0 0 0 0 0 0 0 0 0
-124.8 -763.2 2608.1 0 0 0 0 0 0 0 0 0
18.8 -732.8 2794.4 0 0 0 0 0 0 0 0 0
159.6 467.2 2596.6 4 0.5112169385 0.3718953133 -0.7748233080 -0.1109666079 0.9225472212 0.3695848882 0.8522579670 -0.1029585376 0.5128897429
85.1 282.3 2617.3 0.5112169385 0.3718953133 -0.7748233080 -0.1109666079 0.9225472212 0.3695848882 0.8522579670 -0.1029585376 0.5128897429
14.8 98.0 2641.4 0.5204791427 0.3538686335 -0.7770961523 -0.0873578861 0.9273749590 0.3637914956 0.8493939638 -0.1214603856 0.5135925412
12.2 294.6 2498.2 0.0000690463 -0.1259752363 -0.9920333624 0.9399935603 0.3384822011 -0.0429173782 0.3411921859 -0.9325020313 0.1184392795
12.1 43.3 2407.0 -0.9425179362 -0.1259752363 -0.3094998002 0.2524258196 0.3384822011 -0.9064827561 0.2189545631 -0.9325020313 -0.2872261703
158.0 270.0 2736.3 0.0075101666 0.9680506587 -0.2506422102 -0.9016254544 0.1149523333 0.4169621766 0.4324524105 0.2228539437 0.8736824393
160.7 -54.5 2892.0 0.2226834744 0.9680506587 0.1152822152 0.0144876195 0.1149523333 -0.9932653308 -0.9747831225 0.2228539437 0.0115732355
-107.7 -75.9 2596.6 0.8021540642 -0.0083131799 -0.5970592499 -0.0066676177 0.9997160435 -0.0228775870 0.5970799327 0.0223323125 0.8018708229
-104.4 -473.2 2587.7 0.8017636538 0.0733293146 -0.5931254625 -0.0121246083 0.9942355752 0.1065298095 0.5975182056 -0.0782203153 0.7980310321
-0.9 -93.9 2744.2 0.8281430602 -0.1278575659 -0.5457394123 0.1088685021 0.9917852879 -0.0671539381 0.5498424768 -0.0038007642 0.8352597356
49.9 -488.0 2745.7 0.8198679090 0.1235233620 -0.5590693951 0.0108584575 0.9729203582 0.2308852971 0.5724497437 -0.1953660846 0.7963249683
256.5 -22.1 2350.2 0 0 0 0 0 0 0 0 0
223.1 -50.5 2618.9 0 0 0 0 0 0 0 0 0
-125.7 -761.9 2610.5 0 0 0 0 0 0 0 0 0
18.8 -732.5 2794.8 0 0 0 0 0 0 0 0 0
157.0 466.0 2581.2 5 0.5431915522 0.3661136031 -0.7555817366 -0.0853037909 0.9193292856 0.3841314018 0.8352641463 -0.1442029327 0.5306027532
84.1 282.9 2609.9 0.5431915522 0.3661136031 -0.7555817366 -0.0853037909 0.9193292856 0.3841314018 0.8352641463 -0.1442029327 0.5306027532
14.4 99.5 2640.8 0.5494689941 0.3515474498 -0.7579566240 -0.0691869557 0.9232027531 0.3780341446 0.8326445818 -0.1552773267 0.5315937996
7.0 292.7 2493.1 -0.0678801164 -0.1229142025 -0.9900931120 0.9316763282 0.3471820951 -0.1069757044 0.3568914533 -0.9297078252 0.0909494907
24.9 46.8 2398.9 -0.9308344126 -0.1229142025 -0.3441503346 0.2845359445 0.3471820951 -0.8935904503 0.2293177843 -0.9297078252 -0.2881955504
161.3 273.1 2726.8 0.0213580634 0.9754177332 -0.2193265259 -0.8911923170 0.1180018857 0.4380089641 0.4531226456 0.1861070842 0.8718050122
169.0 -47.7 2889.9 0.1884888560 0.9754177332 0.1141588688 -0.0092566190 0.1180018857 -0.9929702282 -0.9820317030 0.1861070842 0.0312711112
-103.0 -78.4 2587.9 0.8223816156 0.0075017670 -0.5688868165 -0.0051226704 0.9999701977 0.0057810326 0.5689132214 -0.0018399950 0.8223955035
-106.0 -475.7 2588.7 0.8214842081 0.0681575909 -0.5661433339 -0.0194812845 0.9956060052 0.0915926024 0.5698984265 -0.0642126724 0.8192023635
-7.9 -94.3 2743.2 0.8454629779 -0.1476069242 -0.5132295489 0.1301261932 0.9890174270 -0.0700835288 0.5179377794 -0.0075315777 0.8553851247
50.8 -487.4 2746.2 0.8351771235 0.1324631721 -0.5337908268 -0.0038407273 0.9719433188 0.2351838946 0.5499676466 -0.1943700612 0.8122535944
266.6 -27.1 2339.4 0 0 0 0 0 0 0 0 0
221.8 -50.3 2614.5 0 0 0 0 0 0 0 0 0
-125.2 -757.2 2606.8 0 0 0 0 0 0 0 0 0
18.0 -728.1 2794.3 0 0 0 0 0 0 0 0 0
154.8 468.7 2583.0 6 0.5654848814 0.3587472439 -0.7426488400 -0.0915117264 0.9221757054 0.3757893145 0.8196660876 -0.1445420831 0.5543059707
83.5 285.3 2611.7 0.5654848814 0.3587472439 -0.7426488400 -0.0915117264 0.9221757054 0.3757893145 0.8196660876 -0.1445420831 0.5543059707
15.3 101.1 2642.0 0.5708684921 0.3433798552 -0.7457877994 -0.0773345754 0.9267933965 0.3675232232 0.8173912764 -0.1521322429 0.5556322932
3.2 296.2 2496.9 -0.1344219744 -0.1562442034 -0.9785287380 0.9204868078 0.3459664285 -0.1816900223 0.3669261038 -0.9251459241 0.0973152369
40.0 44.7 2396.7 -0.9258016944 -0.1562442034 -0.3442078233 0.2751141787 0.3459664285 -0.8970057964 0.2592363060 -0.9251459241 -0.2773112953
163.7 274.4 2726.6 0.0368010998 0.9793582559 -0.1987539530 -0.8967760205 0.1201247126 0.4258671701 0.4409517944 0.1625653803 0.8826856613
176.9 -48.5 2885.4 0.1632461399 0.9793582559 0.1191979349 0.0042181937 0.1201247126 -0.9927498698 -0.9865763783 0.1625653803 0.0154787740
-105.6 -77.6 2595.4 0.8366393447 0.0063437410 -0.5477174520 -0.0143367313 0.9998439550 -0.0103190476 0.5475665331 0.0164857991 0.8365997672
-108.1 -475.0 2588.9 0.8365951180 0.0619610809 -0.5443063974 -0.0150507847 0.9958077073 0.0902247503 0.5476148725 -0.0672893450 0.8340204358
-5.0 -90.3 2747.8 0.8598510623 -0.1411706507 -0.4906393886 0.1138671786 0.9898317456 -0.0852487236 0.4976850748 0.0174334850 0.8671826124
51.1 -483.7 2740.9 0.8502219319 0.1314443797 -0.5097499490 -0.0024532978 0.9693039656 0.2458533049 0.5264186859 -0.2077793032 0.8244459629
280.5 -26.7 2329.3 0 0 0 0 0 0 0 0 0
222.8 -47.3 2608.4 0 0 0 0 0 0 0 0 0
-125.6 -755.9 2607.9 0 0 0 0 0 0 0 0 0
17.9 -728.0 2793.2 0 0 0 0 0 0 0 0 0
153.6 468.3 2582.9 7 0.5309317708 0.3580588698 -0.7680529356 -0.0593882129 0.9198418260 0.3877680898 0.8453309536 -0.1602651179 0.5096377134
82.5 285.6 2614.7 0.5309317708 0.3580588698 -0.7680529356 -0.0593882129 0.9198418260 0.3877680898 0.8453309536 -0.1602651179 0.5096377134
14.0 102.1 2648.1 0.5359089375 0.3443000913 -0.7708820105 -0.0463243313 0.9236848354 0.3803424537 0.8430039287 -0.1681183428 0.5109604597
7.2 292.1 2496.4 -0.1866725683 -0.1344567984 -0.9731776118 0.9022911787 0.3683843613 -0.2239722610 0.3886179924 -0.9198991060 0.0525519289
57.5 48.9 2391.6 -0.9146412611 -0.1344567984 -0.3812515140 0.3110321462 0.3683843613 -0.8761004210 0.2582447529 -0.9198991060 -0.2951191366
157.8 279.2 2733.1 0.0224264860 0.9708546400 -0.2386174500 -0.8814939857 0.1318058223 0.4534265399 0.4716624320 0.2001710683 0.8587584496
165.8 -38.2 2902.9 0.2053682357 0.9708546400 0.1235520989 -0.0269535668 0.1318058223 -0.9909090400 -0.9783135653 0.2001710683 0.0532367229
-105.2 -76.0 2597.3 0.8124383092 0.0114846220 -0.5829340219 -0.0163323823 0.9998618960 -0.0030638422 0.5828183293 0.0120098842 0.8125137091
-109.8 -473.5 2592.5 0.8127824664 0.0525920540 -0.5801885724 -0.0101088732 0.9970400333 0.0762167200 0.5824795961 -0.0560825579 0.8109083176
-0.6 -90.2 2747.0 0.8411683440 -0.1325874776 -0.5242674351 0.1080668271 0.9911361933 -0.0772694424 0.5298653841 0.0083406912 0.8480407596
52.1 -484.1 2743.7 0.8307640553 0.1381982714 -0.5391960144 -0.0040695267 0.9701706767 0.2423888147 0.5566098690 -0.1991736442 0.8065453172
294.5 -31.7 2324.7 0 0 0 0 0 0 0 0 0
223.5 -45.7 2628.3 0 0 0 0 0 0 0 0 0
-124.7 -755.8 2608.4 0 0 0 0 0 0 0 0 0
17.2 -728.9 2794.0 0 0 0 0 0 0 0 0 0
150.6 465.5 2573.3 8 0.4965943396 0.3580372930 -0.7906980515 -0.0008920279 0.9111705422 0.4120284319 0.8679823279 -0.2039056569 0.4528015256
79.5 284.7 2613.8 0.4965943396 0.3580372930 -0.7906980515 -0.0008920279 0.9111705422 0.4120284319 0.8679823279 -0.2039056569 0.4528015256
11.3 103.0 2655.7 0.5015796423 0.3421314657 -0.7945840955 0.0121149858 0.9156080484 0.4018894434 0.8650266528 -0.2112059593 0.4551054537
9.1 282.9 2492.5 -0.2424895465 -0.1421438754 -0.9596843123 0.8942884803 0.3507305086 -0.2779141068 0.3760943413 -0.9256258607 0.0420691557
73.2 46.5 2393.1 -0.9206002355 -0.1421438754 -0.3637174070 0.2967665792 0.3507305086 -0.8882104158 0.2538204491 -0.9256258607 -0.2806990147
149.9 286.5 2735.0 0.0106597142 0.9605507851 -0.2779002190 -0.8503766656 0.1549187601 0.5028516054 0.5260664821 0.2309595942 0.8184813857
153.8 -19.2 2924.1 0.2458071709 0.9605507851 0.1300807148 -0.0844884515 0.1549187601 -0.9843078256 -0.9656296372 0.2309595942 0.1192355826
-103.5 -77.3 2604.3 0.7877714634 0.0141379647 -0.6158053875 -0.0215501823 0.9997571111 -0.0046152347 0.6155905724 0.0169064682 0.7878847718
-109.2 -474.7 2597.6 0.7878564000 0.0553692468 -0.6133649945 -0.0200359989 0.9977275133 0.0643302649 0.6155329943 -0.0383936279 0.7871753573
-5.4 -85.7 2758.7 0.8251724839 -0.1460903585 -0.5456628799 0.1003807783 0.9885274768 -0.1128588319 0.5558903217 0.0383539423 0.8303703666
52.7 -478.5 2743.4 0.8149514198 0.1402723342 -0.5622969866 -0.0015121180 0.9707763195 0.2399812937 0.5795273185 -0.1947228312 0.7913476229
311.7 -30.4 2327.4 0 0 0 0 0 0 0 0 0
222.7 -42.8 2653.5 0 0 0 0 0 0 0 0 0
-124.8 -755.8 2608.4 0 0 0 0 0 0 0 0 0
15.8 -733.2 2794.5 0 0 0 0 0 0 0 0 0
151.4 459.5 2579.6 9 0.4640362859 0.3631349504 -0.8079624772 0.0122548863 0.9093917012 0.4157601893 0.8857313991 -0.2028293014 0.4175405800
79.9 280.3 2619.5 0.4640362859 0.3631349504 -0.8079624772 0.0122548863 0.9093917012 0.4157601893 0.8857313991 -0.2028293014 0.4175405800
10.5 98.8 2661.1 0.4684314430 0.3484310806 -0.8118914366 0.0235157311 0.9137065411 0.4056937397 0.8831868172 -0.2091319263 0.4198152721
14.1 276.9 2495.6 -0.2892871201 -0.1056003273 -0.9513998032 0.8801870942 0.3613396585 -0.3077406287 0.3762759864 -0.9264352322 -0.0115828542
88.6 50.2 2398.7 -0.9250194430 -0.1056003273 -0.3649487793 0.3062196970 0.3613396585 -0.8807173967 0.2248745114 -0.9264352322 -0.3019092977
145.7 283.6 2743.5 -0.0073505268 0.9509110451 -0.3093769550 -0.8439865112 0.1600326449 0.5119339228 0.5363140702 0.2648729682 0.8013797998
143.0 -20.1 2936.5 0.2820296586 0.9509110451 0.1273867935 -0.0958258212 0.1600326449 -0.9824494720 -0.9546081424 0.2648729682 0.1362557858
-102.8 -79.9 2618.6 0.7632783055 0.0199583042 -0.6457614899 -0.0527926385 0.9981068969 -0.0315518305 0.6439092755 0.0581742786 0.7628870010
-110.7 -476.4 2595.5 0.7662983537 0.0474354215 -0.6407313943 -0.0065778317 0.9977977276 0.0660032779 0.6424512267 -0.0463635810 0.7649227977
-11.0 -77.6 2776.7 0.8084135652 -0.1647095829 -0.5651002526 0.0770060271 0.9813942909 -0.1758844256 0.5835559964 0.0986712277 0.8060560822
54.3 -466.9 2737.5 0.8020030856 0.1398333758 -0.5807216763 0.0247109532 0.9636127353 0.2661575675 0.5968085527 -0.2278093845 0.7693649530
327.6 -28.9 2340.6 0 0 0 0 0 0 0 0 0
222.1 -46.9 2668.7 0 0 0 0 0 0 0 0 0
-124.2 -759.2 2608.6 0 0 0 0 0 0 0 0 0
14.5 -741.1 2802.4 0 0 0 0 0 0 0 0 0
151.1 456.3 2580.7 0 0.4537055194 0.3648038507 -0.8130617738 0.0141808325 0.9093009233 0.4158975482 0.8910388350 -0.2002249062 0.4073816240
79.0 276.6 2620.2 0.4537055194 0.3648038507 -0.8130617738 0.0141808325 0.9093009233 0.4158975482 0.8910388350 -0.2002249062 0.4073816240
9.2 95.3 2662.0 0.4592197835 0.3509261906 -0.8160686493 0.0282162372 0.9124365449 0.4082442522 0.8878744245 -0.2105002254 0.4091071188
14.5 272.6 2495.4 -0.3578768373 -0.0701258406 -0.9311318398 0.8630478978 0.3558374345 -0.3585080504 0.3564722538 -0.9319131374 -0.0668240190
107.0 49.6 2403.3 -0.9345550537 -0.0701258406 -0.3488397896 0.3032593727 0.3558374345 -0.8839759231 0.1861198097 -0.9319131374 -0.3112833798
143.6 280.6 2745.0 -0.0127632506 0.9481722713 -0.3175003231 -0.8408955336 0.1616325974 0.5164974332 0.5410469174 0.2735767961 0.7952508926
139.0 -22.2 2939.8 0.2916983366 0.9481722713 0.1260216236 -0.1012959853 0.1616325974 -0.9816384315 -0.9511315227 0.2735767961 0.1431940049
-101.8 -84.9 2621.8 0.7560185790 0.0274807215 -0.6539729834 -0.0704228431 0.9967337847 -0.0395276546 0.6507506967 0.0759382844 0.7554845214
-112.7 -481.0 2591.6 0.7614695430 0.0428149216 -0.6467851400 0.0053403624 0.9973679185 0.0723095685 0.6481786370 -0.0585156046 0.7592366934
-16.0 -80.6 2783.4 0.8030878305 -0.1784297973 -0.5685179830 0.0755954683 0.9769123793 -0.1998186260 0.5910458565 0.1174945235 0.7980349660
54.9 -468.4 2736.7 0.7970063686 0.1414228678 -0.5871800780 0.0274252798 0.9627221823 0.2690981328 0.6033478975 -0.2305765003 0.7634171844
347.4 -28.4 2355.5 0 0 0 0 0 0 0 0 0
221.0 -50.6 2672.7 0 0 0 0 0 0 0 0 0
-124.6 -757.7 2607.8 0 0 0 0 0 0 0 0 0
15.2 -738.8 2801.5 0 0 0 0 0 0 0 0 0
152.3 456.5 2583.2 1 0.4405498505 0.3669280410 -0.8193165660 0.0222658906 0.9079086781 0.4185761809 0.8974519968 -0.2026464790 0.3918090463
79.6 276.8 2623.3 0.4405498505 0.3669280410 -0.8193165660 0.0222658906 0.9079086781 0.4185761809 0.8974519968 -0.2026464790 0.3918090463
9.4 95.8 2666.0 0.4466018975 0.3532684147 -0.8220390081 0.0375469550 0.9105446935 0.4117021263 0.8939446211 -0.2147320062 0.3933868110
16.8 271.5 2497.6 -0.3927220404 -0.0718695596 -0.9168446660 0.8617787957 0.3193275630 -0.3941664994 0.3211023510 -0.9449151754 -0.0634713247
119.2 46.9 2413.9 -0.9426409006 -0.0718695596 -0.3259799182 0.2878767848 0.3193275630 -0.9028604031 0.1689825505 -0.9449151754 -0.2803216577
142.5 282.1 2749.0 -0.0196569301 0.9441132545 -0.3290345669 -0.8353420496 0.1653259844 0.5242814422 0.5493790507 0.2851621807 0.7854076624
135.4 -18.8 2946.9 0.3050806522 0.9441132545 0.1248036250 -0.1107194498 0.1653259844 -0.9800043702 -0.9458683729 0.2851621807 0.1549694538
-102.7 -88.6 2622.5 0.7463715672 0.0281209443 -0.6649351120 -0.0786648765 0.9958307147 -0.0461842455 0.6608640552 0.0867776424 0.7454718947
-113.8 -484.5 2588.0 0.7551546097 0.0463137589 -0.6539086699 0.0239068791 0.9948920608 0.0980726928 0.6551106572 -0.0896929577 0.7501901388
-18.5 -83.4 2785.2 0.7959561944 -0.1808555424 -0.5777066946 0.0748774186 0.9764136076 -0.2025087774 0.6007055044 0.1179309264 0.7907244563
53.4 -471.4 2738.4 0.7906996012 0.1379912347 -0.5964499712 0.0329845846 0.9632486105 0.2665785253 0.6113151312 -0.2304571867 0.7570886612
361.2 -27.0 2370.5 0 0 0 0 0 0 0 0 0
221.1 -49.9 2681.1 0 0 0 0 0 0 0 0 0
-126.9 -765.6 2613.4 0 0 0 0 0 0 0 0 0
14.8 -740.7 2802.8 0 0 0 0 0 0 0 0 0
150.8 457.5 2583.5 2 0.4333929121 0.3607618511 -0.8258458972 0.0289874300 0.9103249907 0.4128778279 0.9007387757 -0.2028774768 0.3840708435
79.5 277.5 2623.6 0.4333929121 0.3607618511 -0.8258458972 0.0289874300 0.9103249907 0.4128778279 0.9007387757 -0.2028774768 0.3840708435
10.3 96.0 2665.9 0.4384315610 0.3481024802 -0.8286147714 0.0419478454 0.9130184054 0.4057557881 0.8977851272 -0.2126547396 0.3856939375
17.8 271.6 2497.3 -0.4310570061 -0.0443345830 -0.9012348652 0.8587344885 0.2865294814 -0.4248245358 0.2770647705 -0.9570450783 -0.0854388997
130.3 47.4 2425.0 -0.9452015758 -0.0443345830 -0.3234631419 0.2981477976 0.2865294814 -0.9104991555 0.1330483258 -0.9570450783 -0.2576098442
141.2 283.4 2749.9 -0.0178726315 0.9402692318 -0.3399621844 -0.8348281980 0.1730800420 0.5225946307 0.5502203703 0.2931501567 0.7818698883
134.7 -17.4 2948.1 0.3141503632 0.9402692318 0.1311612278 -0.1093715131 0.1730800420 -0.9788162112 -0.9430521727 0.2931501567 0.1572118253
-101.8 -88.6 2626.7 0.7406752706 0.0308604091 -0.6711540818 -0.0898852572 0.9945158958 -0.0534670353 0.6658234000 0.0999285653 0.7393872142
-114.1 -483.9 2587.0 0.7515987754 0.0485678688 -0.6578300595 0.0271919202 0.9941565394 0.1044669151 0.6590598226 -0.0964048728 0.7458862066
-19.9 -81.7 2790.6 0.7913932204 -0.1846036911 -0.5827677250 0.0746542588 0.9753637910 -0.2075867802 0.6067318320 0.1207766756 0.7856777310
53.4 -469.4 2742.6 0.7845104337 0.1366332471 -0.6048758626 0.0153614273 0.9708429575 0.2392236888 0.6199253798 -0.1969652325 0.7595375180
373.5 -29.3 2390.8 0 0 0 0 0 0 0 0 0
223.1 -48.1 2683.0 0 0 0 0 0 0 0 0 0
-127.8 -763.8 2614.1 0 0 0 0 0 0 0 0 0
16.3 -733.1 2796.1 0 0 0 0 0 0 0 0 0
151.2 458.2 2582.6 3 0.4135663807 0.3611318171 -0.8357910514 0.0476893932 0.9081214070 0.4159822762 0.9092241526 -0.2118946612 0.3583463430
79.8 278.5 2624.6 0.4135663807 0.3611318171 -0.8357910514 0.0476893932 0.9081214070 0.4159822762 0.9092241526 -0.2118946612 0.3583463430
10.2 97.6 2668.9 0.4188391864 0.3496102393 -0.8380610943 0.0611771531 0.9099524617 0.4101754129 0.9059972763 -0.2230677307 0.3597355783
20.9 269.9 2497.1 -0.4550936818 -0.0158981662 -0.8903016448 0.8569098115 0.2639847100 -0.4427388310 0.2420647442 -0.9643958211 -0.1065144762
139.1 47.2 2434.2 -0.9435910583 -0.0158981662 -0.3307312429 0.3150753379 0.2639847100 -0.9116137624 0.1018009707 -0.9643958211 -0.2440844774
138.7 287.1 2752.0 -0.0271013286 0.9331621528 -0.3584325314 -0.8239566088 0.1821703911 0.5365719199 0.5660043955 0.3098746836 0.7639480829
128.9 -9.7 2955.9 0.3347916603 0.9331621528 0.1308545619 -0.1266499460 0.1821703911 -0.9750762582 -0.9337421060 0.3098746836 0.1791740656
-99.1 -89.4 2625.8 0.7256902456 0.0400778390 -0.6868532896 -0.0969307646 0.9943005443 -0.0443941839 0.6811593771 0.0987936407 0.7254389524
-115.1 -484.7 2586.5 0.7379975319 0.0411775783 -0.6735458970 0.0375605710 0.9940823913 0.1019284874 0.6737572551 -0.1005217358 0.7320836782
-18.7 -81.7 2790.5 0.7810887694 -0.1849086285 -0.5964135528 0.0727941170 0.9756003618 -0.2071352154 0.6201623678 0.1183755919 0.7754907012
54.8 -469.5 2743.4 0.7736189961 0.1423637867 -0.6174513698 0.0112402169 0.9711979032 0.2380091101 0.6335512996 -0.1910686642 0.7497369647
382.6 -34.1 2408.0 0 0 0 0 0 0 0 0 0
223.0 -45.3 2693.4 0 0 0 0 0 0 0 0 0
-126.6 -761.8 2614.6 0 0 0 0 0 0 0 0 0
16.4 -731.5 2795.0 0 0 0 0 0 0 0 0 0
152.0 459.1 2582.7 4 0.3958494663 0.3607176244 -0.8445034027 0.0551213026 0.9086309671 0.4139461517 0.9166595936 -0.2104104906 0.3397978544
80.8 279.7 2624.2 0.3958494663 0.3607176244 -0.8445034027 0.0551213026 0.9086309671 0.4139461517 0.9166595936 -0.2104104906 0.3397978544
11.0 98.9 2668.4 0.4009479284 0.3512410820 -0.8460912704 0.0681418478 0.9095856547 0.4098909795 0.9135630727 -0.2219991535 0.3407622576
24.4 270.1 2495.7 -0.4629118145 -0.0038516410 -0.8863959908 0.8647216558 0.2178639024 -0.4525392950 0.1948567033 -0.9759715796 -0.0975211710
144.2 46.4 2445.3 -0.9493123293 -0.0038516410 -0.3143107593 0.3059663177 0.2178639024 -0.9267793298 0.0720465928 -0.9759715796 -0.2056424171
137.2 289.3 2752.8 -0.0356330872 0.9264289737 -0.3747794330 -0.8204640150 0.1869967878 0.5402508974 0.5705866218 0.3267438412 0.7534383535
124.4 -6.3 2958.3 0.3532291651 0.9264289737 0.1302247643 -0.1315395683 0.1869967878 -0.9735140204 -0.9262431860 0.3267438412 0.1879147887
-97.7 -88.9 2630.2 0.7119793296 0.0446235724 -0.7007811069 -0.1052632630 0.9934844971 -0.0436833166 0.6942658424 0.1048681214 0.7120376229
-115.4 -483.9 2588.5 0.7241513729 0.0418095738 -0.6883725524 0.0286650993 0.9954732060 0.0906168967 0.6890450716 -0.0853526220 0.7196748257
