-42.9 385.7 2469.2 5 0.3259106874 0.3329510987 -0.8848309517 -0.2323373705 0.9354366064 0.2664163411 0.9164068699 0.1187513620 0.3822257817
-108.7 200.7 2445.7 0.3259106874 0.3329510987 -0.8848309517 -0.2323373705 0.9354366064 0.2664163411 0.9164068699 0.1187513620 0.3822257817
-169.2 17.0 2429.6 0.3394880891 0.3119509518 -0.8873750567 -0.1927170604 0.9464581609 0.2589924037 0.9206562638 0.0830874741 0.3814295530
-155.0 227.0 2320.1 -0.1859043390 0.5360586047 -0.8234565854 0.6508349776 0.6950320601 0.3055229485 0.7361069322 -0.4791363180 -0.4780951738
-101.9 40.9 2109.6 -0.7896166444 0.5360586047 -0.2985745370 0.6135649085 0.6950320601 -0.3747912943 0.0066087758 -0.4791363180 -0.8777156472
-62.4 174.4 2571.3 -0.2366420180 0.8598003983 -0.4524863362 -0.9306297898 -0.0667749941 0.3598184884 0.2791572809 0.5062454343 0.8159576058
-119.6 -50.6 2638.8 0.1680270880 0.8598003983 -0.4821931422 -0.8992027044 -0.0667749941 -0.4324067533 -0.4039819539 0.5062454343 0.7619147897
-264.2 -152.3 2331.6 0.3862808049 0.0001555230 -0.9223812222 0.0241034273 0.9996567965 0.0102627426 0.9220662713 -0.0261968486 0.3861444890
-264.3 -540.3 2341.8 0.3858769238 0.1295012534 -0.9134157896 0.0210058540 0.9886086583 0.1490358859 0.9223110676 -0.0766965896 0.3787609935
-194.5 -187.8 2492.8 0.4063796699 -0.0330762938 -0.9131054282 -0.0308133569 0.9982800484 -0.0498752110 0.9131845832 0.0484041162 0.4046615064
-181.6 -575.3 2474.0 0.4011356831 -0.0946591496 -0.9111145735 0.0330844223 0.9954945445 -0.0888596475 0.9154210091 0.0055010752 0.4024601281
120.5 -131.9 2107.8 0 0 0 0 0 0 0 0 0
-75.2 -288.4 2532.0 0 0 0 0 0 0 0 0 0
-312.6 -909.3 2370.4 0 0 0 0 0 0 0 0 0
-155.3 -852.2 2472.5 0 0 0 0 0 0 0 0 0
-41.9 387.6 2465.1 6 0.3602426946 0.3285874128 -0.8730724454 -0.2275201678 0.9385958314 0.2593694031 0.9046876431 0.1052056551 0.4128825366
-107.1 201.4 2444.2 0.3602426946 0.3285874128 -0.8730724454 -0.2275201678 0.9385958314 0.2593694031 0.9046876431 0.1052056551 0.4128825366
-166.4 17.1 2429.7 0.3724167943 0.3054964542 -0.8763433099 -0.1912741959 0.9492620826 0.2496310174 0.9081408978 0.0746550784 0.4119547307
-157.9 227.5 2320.3 -0.1693699807 0.5502156019 -0.8176653385 0.6511083841 0.6852810979 0.3262632489 0.7398457527 -0.4771295488 -0.4743160307
-108.8 38.6 2105.7 -0.7804014087 0.5502156019 -0.2970461845 0.6252760291 0.6852810979 -0.3733895123 -0.0018846045 -0.4771295488 -0.8788309693
-56.3 175.3 2568.1 -0.2180475146 0.8771311641 -0.4278974533 -0.9334468246 -0.0594740361 0.3537511826 0.2848373950 0.4765540659 0.8317234516
-109.0 -50.4 2637.0 0.1628755033 0.8771311641 -0.4517881274 -0.8966526985 -0.0594740361 -0.4387217760 -0.4116862118 0.4765540659 0.7767951488
-260.1 -149.5 2331.1 0.4171506763 0.0098864725 -0.9087835550 0.0106322616 0.9998193383 0.0157572627 0.9087751508 -0.0162355769 0.4169701934
-263.9 -537.6 2337.4 0.4200662374 0.1323713958 -0.8977873921 0.0316585004 0.9865648150 0.1602736115 0.9069410563 -0.0957481340 0.4102318883
-199.4 -184.0 2495.8 0.4381047487 -0.0448853448 -0.8978025913 -0.0437175073 0.9965069294 -0.0711530596 0.8978602290 0.0704221874 0.4346121252
-181.9 -570.7 2468.5 0.4314192533 -0.0892668292 -0.8977242708 0.0544390008 0.9958550930 -0.0728629008 0.9005075693 -0.0174367540 0.4344906509
110.8 -137.3 2106.2 0 0 0 0 0 0 0 0 0
-65.9 -287.6 2528.1 0 0 0 0 0 0 0 0 0
-313.3 -905.7 2373.1 0 0 0 0 0 0 0 0 0
-156.6 -853.3 2473.4 0 0 0 0 0 0 0 0 0
-40.2 392.8 2471.5 7 0.3369095325 0.3305835426 -0.8815931678 -0.2228799760 0.9377237558 0.2664558589 0.9147767425 0.1067179516 0.3896085024
-106.4 205.2 2450.2 0.3369095325 0.3305835426 -0.8815931678 -0.2228799760 0.9377237558 0.2664558589 0.9147767425 0.1067179516 0.3896085024
-166.1 21.0 2435.9 0.3497959971 0.3077813983 -0.8848239183 -0.1848012954 0.9486021996 0.2569091618 0.9184178114 0.0736508146 0.3886956573
-154.1 230.4 2324.8 -0.1144070923 0.5415748358 -0.8328311443 0.6525524855 0.6730800271 0.3480496109 0.7490569353 -0.5036466718 -0.4304111302
-120.4 38.2 2104.3 -0.7765656710 0.5415748358 -0.3219354451 0.6299985647 0.6730800271 -0.3873822987 0.0068918183 -0.5036466718 -0.8638822436
-58.6 179.9 2575.5 -0.2289807498 0.8652174473 -0.4460566938 -0.9299131036 -0.0589477941 0.3630245328 0.2878011167 0.4979195893 0.8180749416
-114.0 -44.9 2645.1 0.1687656194 0.8652174473 -0.4721407890 -0.9008821249 -0.0589477941 -0.4300424755 -0.3999119103 0.4979195893 0.7695105672
-258.9 -150.0 2333.9 0.3952227533 0.0121154357 -0.9185054302 0.0047432659 0.9998727441 0.0152296769 0.9185730815 -0.0103758303 0.3951149881
-263.6 -538.2 2338.0 0.4009017348 0.1324850172 -0.9064907432 0.0445889384 0.9854934812 0.1637511402 0.9150353074 -0.1060675755 0.3891786635
-192.3 -184.2 2496.4 0.4167726338 -0.0303975958 -0.9085023999 -0.0490617976 0.9972317219 -0.0558733381 0.9076858163 0.0678592399 0.4141275287
-180.5 -571.3 2470.1 0.4106634855 -0.0821307302 -0.9080803990 0.0497265235 0.9964700341 -0.0676371157 0.9104300141 -0.0173795894 0.4132979214
98.7 -139.5 2102.3 0 0 0 0 0 0 0 0 0
-69.4 -283.2 2539.3 0 0 0 0 0 0 0 0 0
-313.1 -906.0 2377.6 0 0 0 0 0 0 0 0 0
-157.3 -852.8 2475.0 0 0 0 0 0 0 0 0 0
-44.0 389.3 2467.2 8 0.3986468911 0.3165674210 -0.8607355952 -0.2261650413 0.9434842467 0.2422536910 0.8887800574 0.0980946198 0.4477135539
-106.8 202.0 2447.8 0.3986468911 0.3165674210 -0.8607355952 -0.2261650413 0.9434842467 0.2422536910 0.8887800574 0.0980946198 0.4477135539
-163.2 16.8 2433.9 0.4098348320 0.2906810343 -0.8646039367 -0.1912024468 0.9541832805 0.2301649898 0.8918951750 0.0709847659 0.4466364682
-162.7 227.9 2326.2 -0.1137040630 0.5633496046 -0.8183572292 0.6377707124 0.6729671955 0.3746514022 0.7617872953 -0.4793248773 -0.4358069897
-129.2 40.3 2102.0 -0.7690944076 0.5633496046 -0.3018790781 0.6391008496 0.6729671955 -0.3723778129 -0.0066241887 -0.4793248773 -0.8776125312
-51.0 176.0 2569.3 -0.1902990341 0.8954515457 -0.4024336338 -0.9396395683 -0.0473960824 0.3388673067 0.2843654752 0.4426286817 0.8504211307
-97.0 -51.1 2638.0 0.1629522890 0.8954515457 -0.4142621160 -0.8904048800 -0.0473960824 -0.4526950419 -0.4250008762 0.4426286817 0.7895910740
-257.1 -146.6 2339.3 0.4509442747 0.0168242138 -0.8923935294 -0.0123752905 0.9998440742 0.0125964880 0.8924663067 0.0053633144 0.4510821700
-263.7 -534.7 2337.3 0.4571341574 0.1324451566 -0.8794808984 0.0305143669 0.9859321713 0.1643368304 0.8888741732 -0.1019607782 0.4466618001
-194.5 -179.7 2503.7 0.4732844532 -0.0334729701 -0.8802734613 -0.0606845692 0.9956650138 -0.0704882368 0.8788169622 0.0867800042 0.4692014754
-181.5 -566.1 2470.1 0.4673206210 -0.0806459934 -0.8804019690 0.0468130372 0.9966909885 -0.0664496943 0.8828476667 -0.0101609789 0.4695495665
88.9 -141.0 2103.9 0 0 0 0 0 0 0 0 0
-53.9 -286.6 2525.6 0 0 0 0 0 0 0 0 0
-313.1 -902.7 2375.3 0 0 0 0 0 0 0 0 0
-158.4 -851.9 2473.0 0 0 0 0 0 0 0 0 0
-43.8 390.4 2465.1 9 0.4424059987 0.3138368130 -0.8401091695 -0.2327767611 0.9448485970 0.2303825021 0.8660784960 0.0936352983 0.4910605848
-106.5 201.7 2446.4 0.4424059987 0.3138368130 -0.8401091695 -0.2327767611 0.9448485970 0.2303825021 0.8660784960 0.0936352983 0.4910605848
-162.7 16.4 2433.3 0.4531618357 0.2900217175 -0.8429304361 -0.1989431828 0.9546496272 0.2215078026 0.8689453006 0.0673163906 0.4903086126
-168.2 228.8 2328.0 -0.1120426133 0.5847769976 -0.8034191132 0.6353012919 0.6638457775 0.3945897222 0.7640933990 -0.4662023485 -0.4458886087
-135.1 40.6 2101.7 -0.7541611791 0.5847769976 -0.2987921238 0.6565968990 0.6638457775 -0.3580353260 -0.0110189356 -0.4662023485 -0.8846095204
-44.7 174.6 2564.8 -0.1725816429 0.9159508348 -0.3622839451 -0.9434272051 -0.0479906090 0.3280884326 0.2831266522 0.3984105885 0.8724151850
-86.4 -53.4 2633.3 0.1458404064 0.9159508348 -0.3738511205 -0.8851264715 -0.0479906090 -0.4628693759 -0.4419069290 0.3984105885 0.8037333488
-256.3 -151.4 2340.3 0.4935812354 0.0188914742 -0.8694944978 -0.0179210640 0.9997727275 0.0115488693 0.8695150614 0.0098819612 0.4938076138
-263.6 -539.5 2336.4 0.5004929304 0.1372858584 -0.8547862172 0.0277955290 0.9842895865 0.1743599772 0.8652943373 -0.1110251695 0.4888140261
-183.0 -185.5 2499.7 0.5154773593 -0.0073081465 -0.8568720222 -0.0721451864 0.9960430861 -0.0518962443 0.8538607359 0.0885705277 0.5129104257
-180.2 -572.0 2465.3 0.5093317032 -0.0797088146 -0.8568708897 0.0683474317 0.9963027239 -0.0520528816 0.8578518629 -0.0320527367 0.5128964782
79.7 -146.4 2104.8 0 0 0 0 0 0 0 0 0
-47.8 -287.5 2516.4 0 0 0 0 0 0 0 0 0
-314.8 -906.9 2377.9 0 0 0 0 0 0 0 0 0
-157.7 -852.8 2474.3 0 0 0 0 0 0 0 0 0
-41.8 388.5 2464.5 0 0.4688147604 0.3129710555 -0.8259914517 -0.2379460335 0.9453024268 0.2231254280 0.8506435156 0.0919369012 0.5176419616
-104.1 200.3 2446.2 0.4688147604 0.3129710555 -0.8259914517 -0.2379460335 0.9453024268 0.2231254280 0.8506435156 0.0919369012 0.5176419616
-160.5 15.0 2433.0 0.4787478745 0.2904963791 -0.8285000324 -0.2066760510 0.9544432163 0.2152282149 0.8532792330 0.0681910589 0.5169762969
-169.4 228.4 2329.9 -0.0789006203 0.5747369528 -0.8145257235 0.6308233142 0.6614599228 0.4056263566 0.7719045877 -0.4818176329 -0.4147470593
-146.2 42.8 2102.8 -0.7591032386 0.5747369528 -0.3056790233 0.6508601904 0.6614599228 -0.3726282418 -0.0119688027 -0.4818176329 -0.8761897683
-38.8 172.1 2562.6 -0.1628143489 0.9273031354 -0.3370465934 -0.9463538527 -0.0501326509 0.3192194402 0.2791161537 0.3709388673 0.8857192397
-78.2 -56.7 2630.1 0.1343341917 0.9273031354 -0.3493755162 -0.8804007769 -0.0501326509 -0.4715730846 -0.4548063278 0.3709388673 0.8096638322
-259.5 -151.1 2342.5 0.5191102028 0.0099715022 -0.8546491265 -0.0108443163 0.9999282956 0.0050797355 0.8546385169 0.0066311429 0.5191811323
-263.4 -539.3 2339.9 0.5224584937 0.1349725276 -0.8419142365 0.0125468951 0.9860680103 0.1658688188 0.8525723815 -0.0972229838 0.5134860873
-178.5 -186.7 2497.8 0.5403940678 0.0043396470 -0.8414008617 -0.0605727397 0.9975927472 -0.0337579250 0.8392289281 0.0692085400 0.5393560529
-180.2 -573.8 2470.9 0.5344977379 -0.0821849853 -0.8411645889 0.0539556630 0.9965487719 -0.0630817935 0.8434458971 -0.0116685191 0.5370873809
69.1 -141.8 2106.2 0 0 0 0 0 0 0 0 0
-42.6 -289.6 2509.8 0 0 0 0 0 0 0 0 0
-313.7 -907.4 2376.2 0 0 0 0 0 0 0 0 0
-157.4 -849.6 2474.2 0 0 0 0 0 0 0 0 0
-44.1 388.1 2464.3 1 0.4883591235 0.3085819483 -0.8162613511 -0.2397280484 0.9468427300 0.2145210057 0.8390684128 0.0909174457 0.5363750458
-105.3 200.2 2446.2 0.4883591235 0.3085819483 -0.8162613511 -0.2397280484 0.9468427300 0.2145210057 0.8390684128 0.0909174457 0.5363750458
-161.0 14.8 2432.6 0.4974026084 0.2866547406 -0.8187916279 -0.2108259201 0.9554774761 0.2064344436 0.8415123820 0.0699414611 0.5356912613
-173.2 229.0 2331.4 -0.0652830079 0.5657078028 -0.8220175505 0.6261454821 0.6646385193 0.4076732099 0.7769684196 -0.4880884588 -0.3976049721
-154.0 44.7 2102.7 -0.7725569606 0.5657078028 -0.2883234322 0.6341441274 0.6646385193 -0.3951162696 -0.0318895020 -0.4880884588 -0.8722113967
-37.4 171.5 2561.1 -0.1518308073 0.9350279570 -0.3204218149 -0.9494003654 -0.0477908030 0.3104110658 0.2749298215 0.3513385355 0.8949719667
-74.1 -58.1 2627.5 0.1298704594 0.9350279570 -0.3299339414 -0.8758571148 -0.0477908030 -0.4801982641 -0.4647665918 0.3513385355 0.8127442598
-259.7 -151.8 2343.4 0.5367058516 0.0116274366 -0.8436893225 -0.0165203903 0.9998582006 0.0032703960 0.8436076641 0.0121828355 0.5368217826
-264.2 -540.0 2338.7 0.5415077209 0.1282345504 -0.8308581710 0.0178903770 0.9863167405 0.1638879776 0.8405053616 -0.1036109701 0.5318039656
-174.0 -188.8 2496.0 0.5579252243 0.0179976039 -0.8296960592 -0.0670169592 0.9974767566 -0.0234281700 0.8271808624 0.0686748698 0.5577235818
-181.0 -575.9 2469.4 0.5507824421 -0.0912786648 -0.8296426535 0.0604322143 0.9957543612 -0.0694348663 0.8324581981 -0.0118936403 0.5539602041
64.7 -134.8 2111.7 0 0 0 0 0 0 0 0 0
-39.8 -289.8 2504.6 0 0 0 0 0 0 0 0 0
-312.0 -908.1 2377.3 0 0 0 0 0 0 0 0 0
-156.0 -848.6 2472.6 0 0 0 0 0 0 0 0 0
-47.1 384.1 2463.1 2 0.5047456622 0.3026811182 -0.8084651828 -0.2415697128 0.9486254454 0.2043374926 0.8287797570 0.0921622515 0.5519331694
-106.9 196.6 2444.9 0.5047456622 0.3026811182 -0.8084651828 -0.2415697128 0.9486254454 0.2043374926 0.8287797570 0.0921622515 0.5519331694
-161.8 10.9 2431.3 0.5137310028 0.2826052904 -0.8100708127 -0.2123190612 0.9567003846 0.1991106421 0.8312647343 0.0697041675 0.5514891148
-177.1 225.6 2331.4 -0.0641354620 0.5692146420 -0.8196836710 0.6241432428 0.6637815237 0.4121156037 0.7786731124 -0.4851688147 -0.3978433907
-158.5 44.3 2105.2 -0.7744950056 0.5692146420 -0.2759569883 0.6309463382 0.6637815237 -0.4016227126 -0.0454343706 -0.4851688147 -0.8732393384
-36.8 167.6 2558.4 -0.1415430158 0.9414891601 -0.3058818877 -0.9515936375 -0.0442437939 0.3041578829 0.2728279829 0.3341266811 0.9021775126
-71.0 -62.5 2624.4 0.1263805181 0.9414891601 -0.3124517798 -0.8726734519 -0.0442437939 -0.4862957597 -0.4716662467 0.3341266811 0.8160210252
-261.1 -151.9 2343.7 0.5519559979 0.0074815415 -0.8338396549 -0.0233451836 0.9997064471 -0.0064834636 0.8335464001 0.0230447277 0.5519686341
-264.0 -539.9 2334.8 0.5593255162 0.1298452467 -0.8187155724 0.0270095877 0.9842769504 0.1745549291 0.8285079598 -0.1197461933 0.5470241308
-172.1 -189.6 2494.3 0.5731765032 0.0269127637 -0.8189898729 -0.0687805563 0.9975135922 -0.0153573956 0.8165401816 0.0651330724 0.5736024380
-182.5 -576.8 2469.0 0.5648406744 -0.0999004245 -0.8191305995 0.0670351908 0.9949191213 -0.0751145706 0.8224726915 -0.0124828080 0.5686676502
59.9 -133.6 2118.0 0 0 0 0 0 0 0 0 0
-37.6 -293.3 2499.6 0 0 0 0 0 0 0 0 0
-312.5 -907.3 2379.5 0 0 0 0 0 0 0 0 0
-155.0 -850.5 2472.5 0 0 0 0 0 0 0 0 0
-45.1 380.8 2462.0 3 0.5088726878 0.3077391982 -0.8039559722 -0.2495434880 0.9465519190 0.2043709755 0.8238790035 0.0966231674 0.5584686995
-105.8 194.0 2443.0 0.5088726878 0.3077391982 -0.8039559722 -0.2495434880 0.9465519190 0.2043709755 0.8238790035 0.0966231674 0.5584686995
-161.3 8.5 2429.0 0.5188748240 0.2860193849 -0.8055816293 -0.2175020128 0.9555244446 0.1991631538 0.8267174363 0.0718748793 0.5580073595
-176.7 223.7 2330.1 -0.0597841367 0.6032238603 -0.7953281403 0.6276291013 0.6422744393 0.4399605393 0.7762135863 -0.4728684127 -0.4169986546
-159.4 42.6 2106.1 -0.7555690408 0.6032238603 -0.2554141879 0.6500514746 0.6422744393 -0.4060992897 -0.0809227601 -0.4728684127 -0.8774092197
-35.0 164.3 2555.9 -0.1425218582 0.9436537027 -0.2986723185 -0.9523015618 -0.0484694466 0.3012847304 0.2698319554 0.3273657560 0.9055508375
-69.4 -66.0 2621.1 0.1205261797 0.9436537027 -0.3082062304 -0.8709418774 -0.0484694466 -0.4889897108 -0.4763755500 0.3273657560 0.8160257339
-262.7 -155.8 2343.4 0.5577493310 0.0053845020 -0.8299919367 -0.0218383390 0.9997279644 -0.0081895757 0.8297221065 0.0226933751 0.5577152371
-264.7 -543.9 2334.6 0.5661719441 0.1331962049 -0.8134544492 0.0336710811 0.9822972417 0.1842781603 0.8235991597 -0.1317230165 0.5516642332
-170.7 -193.8 2492.2 0.5791014433 0.0321444646 -0.8146215081 -0.0598805211 0.9982004762 -0.0031797278 0.8130534291 0.0506213494 0.5799841881
-183.1 -581.3 2472.6 0.5712634325 -0.1012965292 -0.8144919276 0.0542911142 0.9948451519 -0.0856482834 0.8189691901 0.0047080559 0.5738181472
53.1 -140.3 2128.8 0 0 0 0 0 0 0 0 0
-37.5 -296.4 2495.1 0 0 0 0 0 0 0 0 0
-314.5 -910.6 2383.7 0 0 0 0 0 0 0 0 0
-155.9 -849.1 2471.3 0 0 0 0 0 0 0 0 0
-42.8 380.9 2461.0 4 0.5181148648 0.3104723394 -0.7969716787 -0.2477960438 0.9463173151 0.2075588554 0.8186293840 0.0899471045 0.5672348738
-104.2 193.7 2443.2 0.5181148648 0.3104723394 -0.7969716787 -0.2477960438 0.9463173151 0.2075588554 0.8186293840 0.0899471045 0.5672348738
-160.4 8.3 2430.0 0.5273818970 0.2891529500 -0.7989110947 -0.2184142768 0.9548451304 0.2014098614 0.8210746646 0.0682736710 0.5667231679
-176.3 223.5 2331.1 -0.0661963597 0.6385459304 -0.7667314410 0.6325224042 0.6211510897 0.4626950324 0.7717081308 -0.4543460906 -0.4450125694
-157.1 40.2 2107.5 -0.7367027998 0.6385459304 -0.2225490510 0.6640933156 0.6211510897 -0.4161145687 -0.1274716705 -0.4543460906 -0.8816578388
-32.2 163.8 2555.4 -0.1418649703 0.9470685124 -0.2879853249 -0.9518098235 -0.0505947806 0.3024867773 0.2719051540 0.3170195222 0.9086067677
-66.5 -66.4 2621.1 0.1132037267 0.9470685124 -0.3004099429 -0.8714380860 -0.0505947806 -0.4878891706 -0.4772636592 0.3170195222 0.8195840716
-263.3 -157.5 2341.0 0.5668439865 0.0036601850 -0.8238170147 -0.0103885587 0.9999423623 -0.0027053554 0.8237596750 0.0100917863 0.5668493509
-264.8 -545.7 2337.1 0.5703712106 0.1228472739 -0.8121485114 0.0162800755 0.9868675470 0.1607091129 0.8212257028 -0.1048856974 0.5608808398
-170.4 -196.4 2489.1 0.5879979730 0.0282119606 -0.8083702326 -0.0561082847 0.9984068274 -0.0059682326 0.8069140315 0.0488655753 0.5886441469
-181.3 -584.0 2470.1 0.5813105702 -0.0903426185 -0.8086508512 0.0662951395 0.9957716465 -0.0635905489 0.8109765649 -0.0166437645 0.5848419070
49.7 -146.2 2143.3 0 0 0 0 0 0 0 0 0
-36.6 -296.9 2494.9 0 0 0 0 0 0 0 0 0
-310.6 -913.9 2376.2 0 0 0 0 0 0 0 0 0
-156.7 -856.1 2474.7 0 0 0 0 0 0 0 0 0
-43.0 380.4 2461.0 5 0.5207476616 0.3147379458 -0.7935754061 -0.2521805465 0.9447900653 0.2092288435 0.8156144023 0.0911688432 0.5713679790
-105.1 193.9 2443.0 0.5207476616 0.3147379458 -0.7935754061 -0.2521805465 0.9447900653 0.2092288435 0.8156144023 0.0911688432 0.5713679790
-162.0 8.9 2429.4 0.5300077200 0.2933113873 -0.7956508398 -0.2232721746 0.9534369707 0.2027496696 0.8180717230 0.0701878071 0.5708172321
-177.5 224.4 2331.2 -0.0819341540 0.6662039757 -0.7412550449 0.6451819539 0.6023350954 0.4700347483 0.7596229911 -0.4397324622 -0.4791746140
-153.8 37.6 2111.3 -0.7200565934 0.6662039757 -0.1941409260 0.6730163097 0.6023350954 -0.4292335212 -0.1690192074 -0.4397324622 -0.8820815682
-32.7 163.4 2554.7 -0.1445541680 0.9482031465 -0.2828689814 -0.9521153569 -0.0554550886 0.3006676733 0.2694075406 0.3127866685 0.9108150601
-67.7 -66.9 2619.9 0.1076575518 0.9482031465 -0.2988655567 -0.8702762127 -0.0554550886 -0.4894324243 -0.4806549847 0.3127866685 0.8192284703
-263.7 -157.5 2343.2 0.5703337193 0.0049474700 -0.8213981986 -0.0138781313 0.9998971820 -0.0036136005 0.8212958574 0.0134604303 0.5703437328
-265.6 -545.7 2337.9 0.5738510489 0.1283016205 -0.8088471293 0.0116826864 0.9862689376 0.1647332609 0.8188763857 -0.1039818600 0.5644725561
-169.2 -196.6 2490.2 0.5912833810 0.0347040519 -0.8057168126 -0.0592831820 0.9982410669 -0.0005090493 0.8042819500 0.0480664521 0.5923007131
-182.7 -584.1 2471.6 0.5841820240 -0.0936673805 -0.8061995506 0.0644255430 0.9955354929 -0.0689816177 0.8090615869 -0.0116420230 0.5876085162
48.3 -151.3 2158.7 0 0 0 0 0 0 0 0 0
-39.2 -297.1 2492.8 0 0 0 0 0 0 0 0 0
-313.5 -913.8 2376.7 0 0 0 0 0 0 0 0 0
-157.4 -853.7 2474.7 0 0 0 0 0 0 0 0 0
-42.8 379.7 2461.0 6 0.5132141113 0.3216668963 -0.7957019806 -0.2513368130 0.9427934289 0.2190214694 0.8206345439 0.0875842869 0.5647016168
-106.2 193.7 2443.7 0.5132141113 0.3216668963 -0.7957019806 -0.2513368130 0.9427934289 0.2190214694 0.8206345439 0.0875842869 0.5647016168
-164.2 8.9 2430.6 0.5227431655 0.2987274528 -0.7984369397 -0.2222340554 0.9519615173 0.2106687427 0.8230137229 0.0673142299 0.5640187860
-177.6 224.1 2331.3 -0.0959775746 0.6769147515 -0.7297771573 0.6553987265 0.5947792530 0.4654999673 0.7491601110 -0.4336174726 -0.5007345080
-150.1 36.1 2116.4 -0.7138510942 0.6769147515 -0.1794520319 0.6741043329 0.5947792530 -0.4379737973 -0.1897365749 -0.4336174726 -0.8808949590
-34.8 163.3 2556.1 -0.1524036229 0.9455807805 -0.2874892950 -0.9497726560 -0.0596806742 0.3071971536 0.2733221948 0.3198674321 0.9071823359
-71.7 -66.4 2622.2 0.1056707501 0.9455807805 -0.3077509403 -0.8734308481 -0.0596806742 -0.4832771122 -0.4753443301 0.3198674321 0.8195929527
-266.4 -156.2 2342.5 0.5643665791 -0.0032681518 -0.8255178332 -0.0080369757 0.9999229908 -0.0094530974 0.8254851699 0.0119696790 0.5642968416
-265.2 -544.4 2337.8 0.5674329996 0.1259970069 -0.8137226701 0.0147870183 0.9865049720 0.1630620956 0.8232867718 -0.1045593470 0.5579123497
-171.5 -196.2 2489.0 0.5855705142 0.0298654977 -0.8100711107 -0.0463481173 0.9989198446 0.0033245815 0.8092953563 0.0355984904 0.5863222480
-183.1 -584.0 2475.2 0.5792227983 -0.0916446894 -0.8100013733 0.0561705083 0.9957855940 -0.0724976808 0.8132317066 -0.0035058788 0.5819294453
50.1 -153.0 2169.6 0 0 0 0 0 0 0 0 0
-43.7 -297.5 2496.5 0 0 0 0 0 0 0 0 0
-312.2 -912.6 2376.8 0 0 0 0 0 0 0 0 0
-158.2 -853.9 2476.2 0 0 0 0 0 0 0 0 0
-44.3 379.1 2461.5 7 0.5019273162 0.3167791069 -0.8048105240 -0.2493199408 0.9440074563 0.2160774022 0.8281959295 0.0922001526 0.5528025031
-106.8 192.9 2443.3 0.5019273162 0.3167791069 -0.8048105240 -0.2493199408 0.9440074563 0.2160774022 0.8281959295 0.0922001526 0.5528025031
-163.8 7.9 2429.5 0.5114794970 0.2937509716 -0.8075265288 -0.2196363211 0.9532296062 0.2076373249 0.8307518363 0.0711599216 0.5520757437
-176.7 222.9 2329.8 -0.1039700657 0.6783046126 -0.7273878455 0.6697522998 0.5884203911 0.4529826641 0.7352700830 -0.4400730431 -0.5154742002
-147.4 34.5 2123.0 -0.7159429193 0.6783046126 -0.1653135717 0.6640141010 0.5884203911 -0.4613531232 -0.2156640738 -0.4400730431 -0.8716792464
-36.9 162.9 2556.8 -0.1524485052 0.9410052299 -0.3021068871 -0.9502556324 -0.0555536635 0.3064768314 0.2716131508 0.3338007033 0.9026646018
-73.8 -67.0 2622.5 0.1162990928 0.9410052299 -0.3177792132 -0.8732513785 -0.0555536635 -0.4840928018 -0.4731876850 0.3338007033 0.8152732849
-269.0 -156.0 2343.8 0.5521113276 -0.0099506890 -0.8337110281 0.0017505772 0.9999403954 -0.0107754162 0.8337685466 0.0044897539 0.5520958900
-265.2 -544.2 2342.1 0.5498930812 0.1263872981 -0.8256172538 -0.0163461026 0.9899240732 0.1406526119 0.8350750804 -0.0638482720 0.5464183688
-175.4 -195.8 2491.3 0.5737434626 0.0183914341 -0.8188285232 -0.0447992571 0.9989559054 -0.0089530954 0.8178089261 0.0418196917 0.5739683509
-182.5 -583.6 2475.1 0.5681064725 -0.0866857395 -0.8183768392 0.0491861477 0.9962356687 -0.0713808835 0.8214839101 0.0002991364 0.5702316761
53.1 -151.5 2183.4 0 0 0 0 0 0 0 0 0
-43.0 -298.0 2497.3 0 0 0 0 0 0 0 0 0
-312.3 -913.4 2365.9 0 0 0 0 0 0 0 0 0
-159.0 -853.8 2475.0 0 0 0 0 0 0 0 0 0
-44.9 379.6 2461.7 8 0.4925605953 0.3161557019 -0.8108203411 -0.2444659024 0.9444305301 0.2197439075 0.8352367878 0.0899807289 0.5424785614
-107.3 193.3 2444.0 0.4925605953 0.3161557019 -0.8108203411 -0.2444659024 0.9444305301 0.2197439075 0.8352367878 0.0899807289 0.5424785614
-164.2 8.3 2430.5 0.5018206835 0.2933718264 -0.8137007952 -0.2156327814 0.9534549713 0.2107750624 0.8376625180 0.0696892813 0.5417240262
-175.8 222.8 2329.5 -0.0773878098 0.6021740437 -0.7946052551 0.6641898155 0.6255248785 0.4093537629 0.7435476184 -0.4960897267 -0.4483658671
-155.2 45.4 2131.0 -0.7767039537 0.6021740437 -0.1847088635 0.6027693748 0.6255248785 -0.4953661859 -0.1827566773 -0.4960897267 -0.8488197327
-38.7 163.9 2558.4 -0.1560261101 0.9370872974 -0.3122871816 -0.9488009214 -0.0542758591 0.3111767173 0.2746500671 0.3448500633 0.8975777030
-76.5 -65.6 2624.8 0.1212838665 0.9370872974 -0.3273494542 -0.8756878376 -0.0542758591 -0.4798175991 -0.4673981369 0.3448500633 0.8140131235
-266.7 -157.5 2341.2 0.5425418019 -0.0018586344 -0.8400267363 0.0021124901 0.9999974370 -0.0008482056 0.8400261402 -0.0013143611 0.5425443649
-265.9 -545.7 2341.8 0.5411981940 0.1250498295 -0.8315449953 -0.0087813819 0.9896673560 0.1431134343 0.8408492208 -0.0701506212 0.5367042422
-175.0 -196.9 2490.1 0.5643622279 0.0263552163 -0.8251064420 -0.0386658460 0.9992372394 0.0054702871 0.8246212602 0.0288162138 0.5649508238
-185.3 -584.7 2478.9 0.5583288670 -0.0972365960 -0.8239016533 0.0419212431 0.9951456189 -0.0890382156 0.8285598755 0.0151736299 0.5596948266
61.1 -122.4 2181.9 0 0 0 0 0 0 0 0 0
-44.4 -297.3 2501.2 0 0 0 0 0 0 0 0 0
-312.6 -915.0 2367.9 0 0 0 0 0 0 0 0 0
-159.1 -852.8 2474.8 0 0 0 0 0 0 0 0 0
-43.1 380.2 2461.8 9 0.4858829975 0.3194413781 -0.8135569692 -0.2493301928 0.9427988529 0.2212797552 0.8377065063 0.0953282341 0.5377363563
-106.2 194.0 2443.0 0.4858829975 0.3194413781 -0.8135569692 -0.2493301928 0.9427988529 0.2212797552 0.8377065063 0.0953282341 0.5377363563
-163.6 9.1 2429.2 0.4963733554 0.2958361208 -0.8161461353 -0.2170144171 0.9525787234 0.2133037448 0.8405463696 0.0712371841 0.5370354056
-174.0 223.7 2328.2 -0.0513154306 0.5572351813 -0.8287675977 0.6789881587 0.6280201674 0.3802179992 0.7323536277 -0.5432123542 -0.4105831981
-160.5 45.6 2136.1 -0.8105773330 0.5572351813 -0.1801481992 0.5533434749 0.6280201674 -0.5471760631 -0.1917690337 -0.5432123542 -0.8174013495
-38.4 164.4 2557.8 -0.1604376882 0.9349339008 -0.3164780438 -0.9482858181 -0.0570305064 0.3122524023 0.2738864422 0.3502086997 0.8957343698
-77.2 -65.0 2624.1 0.1213387921 0.9349339008 -0.3334299028 -0.8761041760 -0.0570305064 -0.4787368476 -0.4666029811 0.3502086997 0.8121795058
-266.1 -157.5 2341.9 0.5377308726 -0.0006618371 -0.8431162834 -0.0172416009 0.9997819662 -0.0117813330 0.8429402709 0.0208718609 0.5376021862
-265.9 -545.6 2333.8 0.5464558005 0.1311541498 -0.8271545768 0.0409950390 0.9822884798 0.1828354597 0.8364840150 -0.1338207275 0.5314005613
-176.2 -196.1 2492.0 0.5593329072 0.0177805051 -0.8287523985 -0.0482208170 0.9987748265 -0.0111164311 0.8275393844 0.0461809039 0.5595050454
-183.1 -583.8 2474.0 0.5522612333 -0.0993013233 -0.8277359009 0.0494975075 0.9950347543 -0.0863472447 0.8322004080 0.0067153703 0.5544342995
64.2 -107.8 2189.3 0 0 0 0 0 0 0 0 0
-45.1 -296.8 2500.7 0 0 0 0 0 0 0 0 0
-314.7 -911.4 2383.6 0 0 0 0 0 0 0 0 0
-156.4 -851.2 2472.2 0 0 0 0 0 0 0 0 0
-42.0 381.5 2461.4 0 0.4503692091 0.3305055499 -0.8294176459 -0.2521440685 0.9382307529 0.2369524390 0.8564992547 0.1024166718 0.5058852434
-107.3 196.1 2441.2 0.4503692091 0.3305055499 -0.8294176459 -0.2521440685 0.9382307529 0.2369524390 0.8564992547 0.1024166718 0.5058852434
-166.6 11.9 2426.7 0.4624511600 0.3056470454 -0.8322973251 -0.2162969559 0.9492340088 0.2284085006 0.8598572612 0.0743955970 0.5050848722
-170.4 225.6 2323.8 -0.0653934553 0.5708247423 -0.8184636831 0.7017961740 0.6093963981 0.3689419925 0.7093700171 -0.5502682924 -0.4404531419
-153.4 42.3 2138.5 -0.8034210205 0.5708247423 -0.1693335325 0.5527711511 0.6093963981 -0.5684013963 -0.2212663144 -0.5502682924 -0.8051372766
-44.2 166.6 2558.6 -0.1829215735 0.9206997156 -0.3447487354 -0.9438646436 -0.0663546175 0.3235995173 0.2750623226 0.3845894635 0.8811535835
-88.4 -61.6 2625.1 0.1264275014 0.9206997156 -0.3692263067 -0.8815901875 -0.0663546175 -0.4673283398 -0.4547689557 0.3845894635 0.8032908440
-265.5 -156.4 2340.1 0.5063897371 0.0005960396 -0.8623045087 -0.0089869555 0.9999490976 -0.0045864228 0.8622578979 0.0100720096 0.5063693523
-265.7 -544.5 2336.1 0.5117246509 0.1239858568 -0.8501560688 0.0302569550 0.9863176346 0.1620557308 0.8586165309 -0.1086510494 0.5009716153
-176.6 -195.3 2490.7 0.5282988548 0.0300650261 -0.8485260010 -0.0409675986 0.9991114736 0.0098938365 0.8480695486 0.0295351706 0.5290611386
-188.2 -583.0 2479.2 0.5204960108 -0.1191288009 -0.8455129862 0.0377909765 0.9924632907 -0.1165693626 0.8530274034 0.0287211221 0.5210751891
70.2 -111.5 2200.0 0 0 0 0 0 0 0 0 0
-55.0 -294.8 2504.8 0 0 0 0 0 0 0 0 0
-312.0 -912.2 2376.6 0 0 0 0 0 0 0 0 0
-156.3 -848.7 2471.5 0 0 0 0 0 0 0 0 0
-42.9 383.7 2461.7 1 0.4188987613 0.3341672122 -0.8443080783 -0.2543101907 0.9357849956 0.2441981137 0.8716938496 0.1124218553 0.4769813120
-109.0 198.8 2439.5 0.4188987613 0.3341672122 -0.8443080783 -0.2543101907 0.9357849956 0.2441981137 0.8716938496 0.1124218553 0.4769813120
-169.0 14.9 2423.1 0.4310566485 0.3094241321 -0.8476124406 -0.2187396586 0.9471791983 0.2345304489 0.8754102588 0.0843105465 0.4759712219
-167.8 228.6 2320.0 -0.1054880247 0.6079150438 -0.7869635224 0.7320453525 0.5830902457 0.3523001075 0.6730392575 -0.5389295220 -0.5065304041
-139.7 33.3 2140.4 -0.7763834596 0.6079150438 -0.1663371474 0.5787204504 0.5830902457 -0.5701652169 -0.2496224642 -0.5389295220 -0.8045144677
-50.1 168.9 2559.0 -0.1986863613 0.9064176083 -0.3727342486 -0.9423906207 -0.0722614527 0.3266163766 0.2691165209 0.4161554575 0.8685567975
-98.2 -59.0 2624.0 0.1359950453 0.9064176083 -0.3998905122 -0.8828633428 -0.0722614527 -0.4640372396 -0.4495082200 0.4161554575 0.7904157043
-267.3 -153.0 2335.2 0.4763123691 -0.0068911039 -0.8792491555 -0.0023709519 0.9999555945 -0.0091215465 0.8792729378 0.0064293626 0.4762748778
-264.7 -541.2 2332.7 0.4832837880 0.1306883246 -0.8656542897 0.0458018221 0.9836665988 0.1740752906 0.8742648363 -0.1237763092 0.4694043696
-184.5 -191.7 2489.2 0.4987034202 0.0064071496 -0.8667489886 -0.0331179351 0.9993833303 -0.0116675394 0.8661397696 0.0345235802 0.4986080825
-187.0 -579.6 2475.8 0.4917283654 -0.1122894809 -0.8634780049 0.0406968817 0.9935302138 -0.1060260683 0.8697971106 0.0169951618 0.4931167960
77.9 -128.9 2210.4 0 0 0 0 0 0 0 0 0
-62.2 -292.5 2505.1 0 0 0 0 0 0 0 0 0
-313.4 -908.1 2378.9 0 0 0 0 0 0 0 0 0
-156.2 -852.1 2471.1 0 0 0 0 0 0 0 0 0
-42.6 381.1 2462.3 2 0.4143235385 0.3404509127 -0.8440551758 -0.2697722912 0.9316635132 0.2433640361 0.8692288995 0.1268712580 0.4778543115
-109.7 197.4 2437.3 0.4143235385 0.3404509127 -0.8440551758 -0.2697722912 0.9316635132 0.2433640361 0.8692288995 0.1268712580 0.4778543115
-170.9 14.2 2418.1 0.4267968833 0.3154692650 -0.8475397229 -0.2341078073 0.9437783360 0.2334009558 0.8735204339 0.0988008529 0.4766554534
-168.0 229.3 2318.0 -0.1198282018 0.5577160716 -0.8213367462 0.7328234911 0.6078206897 0.3058166206 0.6697842479 -0.5652493834 -0.4815414548
-136.9 38.8 2143.9 -0.8116499782 0.5577160716 -0.1737155765 0.5418875217 0.6078206897 -0.5804411769 -0.2181334347 -0.5652493834 -0.7955570221
-51.5 165.4 2556.6 -0.2058709413 0.9045608640 -0.3733454049 -0.9447135329 -0.0842139199 0.3168981075 0.2552127540 0.4179445505 0.8718881011
-101.2 -63.0 2618.3 0.1316896230 0.9045608640 -0.4054965675 -0.8771730065 -0.0842139199 -0.4727319777 -0.4617633224 0.4179445505 0.7823662758
-267.6 -149.4 2328.3 0.4734862447 0.0003896125 -0.8808011413 0.0210226849 0.9997100234 0.0117432317 0.8805503249 -0.0240770634 0.4733407497
-267.8 -537.3 2337.7 0.4754721224 0.1202124581 -0.8714787364 0.0368323699 0.9870309830 0.1562472731 0.8789594173 -0.1063898504 0.4648779929
-190.4 -188.5 2485.0 0.4957696795 -0.0095347986 -0.8684017062 -0.0142627666 0.9997154474 -0.0191191845 0.8683369160 0.0218645222 0.4954926074
-186.7 -576.5 2476.5 0.4908924997 -0.1078436375 -0.8645197153 0.0366706550 0.9939873815 -0.1031715870 0.8704480529 0.0189436525 0.4918956161
89.8 -112.5 2204.8 0 0 0 0 0 0 0 0 0
-66.4 -295.1 2496.2 0 0 0 0 0 0 0 0 0
-312.6 -905.5 2377.4 0 0 0 0 0 0 0 0 0
-156.9 -851.4 2471.3 0 0 0 0 0 0 0 0 0
-42.7 379.2 2461.6 3 0.4122990966 0.3424376547 -0.8442428112 -0.2765335441 0.9299910665 0.2421689928 0.8680660725 0.1336153895 0.4781299531
-110.2 195.9 2435.3 0.4122990966 0.3424376547 -0.8442428112 -0.2765335441 0.9299910665 0.2421689928 0.8680660725 0.1336153895 0.4781299531
-172.1 13.0 2415.4 0.4255028963 0.3187602758 -0.8469587564 -0.2391458601 0.9422468543 0.2344784886 0.8727866411 0.1027754173 0.4771589637
-168.3 228.5 2316.1 -0.1563095748 0.5976568460 -0.7863673568 0.7332848907 0.6035980582 0.3129899204 0.6617103815 -0.5277079344 -0.5326008797
-127.4 36.6 2142.9 -0.7896268964 0.5976568460 -0.1389086694 0.5571768284 0.6035980582 -0.5702835917 -0.2569888830 -0.5277079344 -0.8096178174
-52.1 163.2 2554.5 -0.2093646377 0.9040477276 -0.3726448417 -0.9449698925 -0.0890843570 0.3147950768 0.2513929307 0.4180451035 0.8729489446
-102.7 -65.3 2615.3 0.1288563609 0.9040477276 -0.4075460434 -0.8757359982 -0.0890843570 -0.4745001793 -0.4652767777 0.4180451035 0.7802280784
-270.4 -148.0 2320.7 0.4729336500 -0.0161319301 -0.8809503317 0.0418503582 0.9991151690 0.0041713896 0.8801035881 -0.0388408788 0.4731903076
-264.1 -535.7 2335.8 0.4730565250 0.1351381093 -0.8706062436 0.0427432992 0.9834824204 0.1758842766 0.8799946308 -0.1204157919 0.4594665468
-193.9 -190.0 2477.1 0.4949927926 -0.0208802987 -0.8686461449 0.0001369823 0.9997130632 -0.0239527933 0.8688970804 0.0117374714 0.4948536456
-185.8 -578.0 2472.6 0.4903018177 -0.1048084050 -0.8652278781 0.0507196710 0.9944918156 -0.0917251408 0.8700756431 0.0010889311 0.4929170310
92.8 -118.8 2214.6 0 0 0 0 0 0 0 0 0
-68.6 -297.0 2492.2 0 0 0 0 0 0 0 0 0
-314.5 -902.7 2380.7 0 0 0 0 0 0 0 0 0
-157.1 -851.1 2472.3 0 0 0 0 0 0 0 0 0
-42.1 384.2 2460.8 4 0.3907336295 0.3395865262 -0.8555747867 -0.2629436255 0.9319119453 0.2498014569 0.8821495771 0.1273621172 0.4534214735
-109.3 199.6 2435.6 0.3907336295 0.3395865262 -0.8555747867 -0.2629436255 0.9319119453 0.2498014569 0.8821495771 0.1273621172 0.4534214735
-170.6 16.4 2417.0 0.4040347636 0.3157325983 -0.8585271239 -0.2248674035 0.9440258741 0.2413499504 0.8866738677 0.0955410078 0.4524172246
-164.5 230.3 2314.5 -0.2023340464 0.6399668455 -0.7412849665 0.7458895445 0.5912013650 0.3068057001 0.6345941424 -0.4908394516 -0.5969647169
-110.0 29.5 2143.6 -0.7597323656 0.6399668455 -0.1151048392 0.5825160742 0.5912013650 -0.5578135252 -0.2889320552 -0.4908394516 -0.8219457865
-54.2 168.9 2556.7 -0.2152123302 0.8935183883 -0.3940920532 -0.9409956932 -0.0818134025 0.3283803761 0.2611719072 0.4415104091 0.8584042192
-106.2 -58.6 2619.8 0.1404606104 0.8935183883 -0.4264923334 -0.8829905987 -0.0818134025 -0.4622057080 -0.4478820860 0.4415104091 0.7774767876
-272.0 -148.5 2317.2 0.4513720572 -0.0223383494 -0.8920562267 0.0445715412 0.9990031719 -0.0024636714 0.8912220001 -0.0386482850 0.4519177675
-263.4 -536.2 2332.2 0.4533352852 0.1358307749 -0.8809297085 0.0584392361 0.9816647172 0.1814365536 0.8894222975 -0.1337324530 0.4370854199
-195.8 -191.3 2473.6 0.4733799100 -0.0288473647 -0.8803858757 0.0189837217 0.9995656013 -0.0225450229 0.8806537986 -0.0060406397 0.4737218916
-184.6 -579.3 2475.9 0.4717026353 -0.0991733819 -0.8761628270 0.0365546606 0.9950000048 -0.0929445922 0.8809996247 0.0118143763 0.4729694128
103.3 -134.1 2224.7 0 0 0 0 0 0 0 0 0
-69.1 -292.2 2501.4 0 0 0 0 0 0 0 0 0
-314.1 -902.6 2382.1 0 0 0 0 0 0 0 0 0
-157.4 -852.8 2472.7 0 0 0 0 0 0 0 0 0
-39.9 388.5 2461.4 5 0.3799497485 0.3425688744 -0.8592349887 -0.2562202811 0.9315257072 0.2580910921 0.8888134360 0.1220917776 0.4417060316
-107.9 203.6 2437.1 0.3799497485 0.3425688744 -0.8592349887 -0.2562202811 0.9315257072 0.2580910921 0.8888134360 0.1220917776 0.4417060316
-169.8 20.4 2419.5 0.3931026161 0.3185988665 -0.8625341058 -0.2189195007 0.9435068369 0.2487349510 0.8930535316 0.0910471901 0.4406425059
-161.6 233.5 2315.2 -0.2279532850 0.6506439447 -0.7243615985 0.7562282681 0.5869213939 0.2892093360 0.6133156419 -0.4818565249 -0.6258260012
-98.2 23.1 2144.6 -0.7496623993 0.6506439447 -0.1211143881 0.5976433754 0.5869213939 -0.5462102294 -0.2843037844 -0.4818565249 -0.8288459778
-54.2 173.7 2559.1 -0.2220492065 0.8881676197 -0.4023088515 -0.9378327727 -0.0816606805 0.3373444378 0.2667655945 0.4522054791 0.8510853648
-107.9 -53.2 2623.6 0.1418186128 0.8881676197 -0.4370877743 -0.8873326778 -0.0816606805 -0.4538416862 -0.4387803972 0.4522054791 0.7765191197
-268.1 -146.7 2319.1 0.4417144358 -0.0089877583 -0.8971107006 0.0355200320 0.9993410110 0.0074772001 0.8964523077 -0.0351681896 0.4417425692
-264.6 -534.6 2332.8 0.4447835684 0.1294884235 -0.8862281442 0.0579617731 0.9832578301 0.1727556884 0.8937606215 -0.1282062531 0.4298315346
-195.8 -187.0 2477.9 0.4638603032 -0.0167962853 -0.8857491016 0.0088087404 0.9998582602 -0.0143470420 0.8858645558 -0.0011473111 0.4639425278
-189.2 -575.1 2478.3 0.4609487057 -0.1084909663 -0.8807700872 0.0372240543 0.9939891696 -0.1029558852 0.8866457343 0.0146715473 0.4622164965
112.4 -144.8 2224.5 0 0 0 0 0 0 0 0 0
-70.4 -287.9 2507.6 0 0 0 0 0 0 0 0 0
-313.0 -901.6 2380.6 0 0 0 0 0 0 0 0 0
-158.7 -854.5 2474.2 0 0 0 0 0 0 0 0 0
-41.5 386.9 2453.2 6 0.3777762651 0.3398911953 -0.8612543344 -0.2304779738 0.9354251027 0.2680667341 0.8967524767 0.0972309038 0.4317188263
-108.7 201.9 2433.9 0.3777762651 0.3398911953 -0.8612543344 -0.2304779738 0.9354251027 0.2680667341 0.8967524767 0.0972309038 0.4317188263
-170.3 18.3 2421.0 0.3904599845 0.3171462417 -0.8642680645 -0.1941573471 0.9460420012 0.2594368458 0.8999133110 0.0665042922 0.4309678078
-162.0 228.4 2311.1 -0.2812239826 0.6681597829 -0.6888218522 0.7532761097 0.5984068513 0.2729182839 0.5945487618 -0.4421218932 -0.6715951562
-83.8 18.8 2145.7 -0.7354044914 0.6681597829 -0.1128837541 0.6213321090 0.5984068513 -0.5058217645 -0.2704193592 -0.4421218932 -0.8552201986
-55.4 175.4 2556.8 -0.2218364775 0.8867272735 -0.4055900276 -0.9305294752 -0.0682185069 0.3598070741 0.2913820148 0.4572318196 0.8402592540
-109.0 -49.6 2627.3 0.1444267333 0.8867272735 -0.4391532838 -0.8986668587 -0.0682185069 -0.4332945347 -0.4141724706 0.4572318196 0.7870198488
-266.9 -143.1 2321.8 0.4391101897 -0.0107302973 -0.8983691335 0.0257151760 0.9996691346 0.0006289723 0.8980651498 -0.0233779084 0.4392408431
-262.7 -531.2 2330.9 0.4441297352 0.1321732551 -0.8861597180 0.0609411150 0.9823120236 0.1770574152 0.8938875794 -0.1326400191 0.4282191694
-196.4 -182.3 2481.8 0.4617008269 -0.0179600902 -0.8868538737 -0.0076655708 0.9996768832 -0.0242356583 0.8870025873 0.0179878641 0.4614139795
-189.5 -570.3 2474.8 0.4560905695 -0.1180061996 -0.8820747733 0.0449923277 0.9929595590 -0.1095766574 0.8887953162 0.0102902809 0.4581888616
123.8 -156.6 2222.0 0 0 0 0 0 0 0 0 0
-70.8 -287.3 2517.8 0 0 0 0 0 0 0 0 0
-312.0 -897.8 2380.4 0 0 0 0 0 0 0 0 0
-155.8 -853.6 2471.9 0 0 0 0 0 0 0 0 0
-39.9 389.1 2457.6 7 0.3261734545 0.3444329202 -0.8803277016 -0.2291765213 0.9322886467 0.2798499167 0.9171090126 0.1104708165 0.3830237687
-108.2 204.3 2435.7 0.3261734545 0.3444329202 -0.8803277016 -0.2291765213 0.9322886467 0.2798499167 0.9171090126 0.1104708165 0.3830237687
-170.9 21.2 2420.9 0.3399714530 0.3232144117 -0.8831488490 -0.1904146820 0.9432917237 0.2719246149 0.9209569097 0.0757178962 0.3822370172
-154.6 230.2 2310.1 -0.2920978367 0.6707718372 -0.6817213297 0.7616297603 0.5942690969 0.2583879530 0.5784453154 -0.4437447190 -0.6844645143
-72.4 15.9 2147.3 -0.7297190428 0.6707718372 -0.1325716972 0.6357571483 0.5942690969 -0.4926023483 -0.2516404986 -0.4437447190 -0.8600974679
-61.8 178.3 2561.3 -0.2467439771 0.8604249358 -0.4458545744 -0.9259010553 -0.0735119432 0.3705445826 0.2860501707 0.5042468309 0.8148069978
-121.5 -45.5 2630.4 0.1562853009 0.8604249358 -0.4850193560 -0.9037825465 -0.0735119432 -0.4216314852 -0.3984369636 0.5042468309 0.7661482096
-266.8 -147.9 2327.6 0.3910361230 -0.0081692208 -0.9203390479 0.0154402358 0.9998781085 -0.0023149452 0.9202458262 -0.0133050252 0.3911145926
-263.6 -536.0 2332.7 0.3972413838 0.1354765147 -0.9076592922 0.0578587390 0.9833787680 0.1721004844 0.9158884287 -0.1208814606 0.3828002214
-196.9 -182.7 2488.7 0.4141226411 -0.0197735112 -0.9100062847 -0.0292778667 0.9989573359 -0.0350299999 0.9097501040 0.0411497578 0.4131118953
-189.2 -570.3 2472.8 0.4067145288 -0.1162074953 -0.9061341286 0.0434590876 0.9932147861 -0.1078687534 0.9125210047 0.0044920254 0.4090051651
133.3 -163.3 2218.3 0 0 0 0 0 0 0 0 0
-80.2 -284.5 2525.1 0 0 0 0 0 0 0 0 0
-314.2 -903.1 2377.8 0 0 0 0 0 0 0 0 0
-156.3 -851.3 2471.5 0 0 0 0 0 0 0 0 0
-40.8 389.2 2459.3 8 0.3094340563 0.3390500247 -0.8884231448 -0.2239650041 0.9339789748 0.2784294784 0.9241700172 0.1128201112 0.3649402559
-107.7 205.0 2437.0 0.3094340563 0.3390500247 -0.8884231448 -0.2239650041 0.9339789748 0.2784294784 0.9241700172 0.1128201112 0.3649402559
-169.4 21.5 2422.1 0.3233078122 0.3179007769 -0.8912974596 -0.1842839569 0.9450009465 0.2702084482 0.9281764030 0.0768913254 0.3641102016
-151.8 230.1 2310.3 -0.2968962193 0.6563158035 -0.6936152577 0.7531360984 0.6074969172 0.2524549067 0.5870593190 -0.4474338293 -0.6746587157
-67.1 15.1 2142.8 -0.7440152764 0.6563158035 -0.1252628565 0.6195755005 0.6074969172 -0.4970650971 -0.2501348853 -0.4474338293 -0.8586242199
-63.6 179.8 2563.7 -0.2483541071 0.8510704637 -0.4626006484 -0.9253466725 -0.0672216788 0.3731150329 0.2864503860 0.5207306147 0.8042299747
