114.6 497.5 2635.6 1 0.2413038611 0.2997357845 -0.9230010509 0.0581600890 0.9449303746 0.3220621347 0.9687052369 -0.1313966662 0.2105826885
54.5 308.2 2661.9 0.2413038611 0.2997357845 -0.9230010509 0.0581600890 0.9449303746 0.3220621347 0.9687052369 -0.1313966662 0.2105826885
-4.0 120.5 2691.2 0.2462453842 0.2947098911 -0.9233142734 0.0738638788 0.9441717863 0.3210666180 0.9663888216 -0.1472607553 0.2107295394
19.9 297.8 2526.0 -0.2616844177 0.2252659947 -0.9384969473 0.9445599914 0.2595708072 -0.2010706365 0.1983120292 -0.9390836954 -0.2807028890
89.3 47.4 2473.4 -0.9303407073 0.2252659947 -0.2893465161 0.3435534835 0.2595708072 -0.9025486112 -0.1282076091 -0.9390836954 -0.3188802004
89.2 318.6 2797.9 -0.0465293527 0.8428840637 -0.5360797048 -0.8385402560 0.2586838901 0.4795131385 0.5428491831 0.4718358815 0.6947558522
72.4 16.5 2993.5 0.5033419132 0.8428840637 0.1902456284 -0.0690190420 0.2586838901 -0.9634931087 -0.8613264561 0.4718358815 0.1883814931
-91.5 -81.5 2639.7 0.5545888543 0.0628654882 -0.8297464252 -0.1209157258 0.9926469326 -0.0056104828 0.8232925534 0.1034409031 0.5581123233
-116.5 -476.1 2598.6 0.5646914840 0.0417835005 -0.8242436647 0.0078948447 0.9983983636 0.0560207255 0.8252643347 -0.0381417051 0.5634571910
-44.7 -66.1 2816.4 0.7882938981 -0.2668716908 -0.5544115901 0.0562990531 0.9285484552 -0.3669171333 0.6127178073 0.2580256760 0.7469937205
61.4 -435.2 2713.8 0.7882938981 0.1427260637 -0.5985164642 0.0562990531 0.9519134760 0.3011496961 0.6127178073 -0.2710903883 0.7423522472
327.5 -40.6 2506.2 0 0 0 0 0 0 0 0 0
213.9 -3.0 2751.3 0 0 0 0 0 0 0 0 0
-128.6 -764.8 2609.6 0 0 0 0 0 0 0 0 0
15.7 -740.3 2800.7 0 0 0 0 0 0 0 0 0
118.8 497.6 2636.2 2 0.3662951589 0.3076424301 -0.8781708479 -0.0003000560 0.9438025951 0.3305095136 0.9304986596 -0.1208005324 0.3458026350
57.2 308.6 2660.4 0.3662951589 0.3076424301 -0.8781708479 -0.0003000560 0.9438025951 0.3305095136 0.9304986596 -0.1208005324 0.3458026350
-2.2 120.8 2686.8 0.3707579076 0.2978365719 -0.8796771765 0.0136241121 0.9453372359 0.3258095980 0.9286296368 -0.1327813119 0.3464335203
5.6 306.7 2531.1 -0.2416245192 0.2413805872 -0.9398686290 0.9496213198 0.2580405176 -0.1778608412 0.1995920092 -0.9354947805 -0.2915690541
71.6 47.3 2476.5 -0.9471572638 0.2413805872 -0.2112546265 0.2724992633 0.2580405176 -0.9269084334 -0.1692254543 -0.9354947805 -0.3101809621
108.8 310.6 2789.7 -0.0015019287 0.9034811258 -0.4286252856 -0.8686572313 0.2111675292 0.4481549561 0.4954112768 0.3730015457 0.7844982743
108.3 -1.6 2967.8 0.3867422938 0.9034811258 0.1848033816 -0.0264150146 0.2111675292 -0.9770928621 -0.9218094349 0.3730015457 0.1055328846
-85.2 -73.9 2631.9 0.6581237912 0.0744687170 -0.7492179275 -0.1192406043 0.9928469062 -0.0060583786 0.7434075475 0.0933243558 0.6622958779
-114.8 -468.6 2594.8 0.6696462631 0.0459779426 -0.7412556410 0.0094835153 0.9974710941 0.0704376027 0.7426196337 -0.0541979857 0.6675167680
-40.0 -60.4 2809.2 0.7810170054 -0.2652116418 -0.5653982759 0.0562042631 0.9315234423 -0.3593119979 0.6219754815 0.2488509715 0.7424417138
65.4 -430.7 2710.2 0.7810170054 0.1547959596 -0.6050212383 0.0562042631 0.9474399686 0.3149581552 0.6219754815 -0.2799924314 0.7312664986
313.4 -22.3 2519.7 0 0 0 0 0 0 0 0 0
216.0 -9.0 2711.0 0 0 0 0 0 0 0 0 0
-128.5 -766.5 2611.0 0 0 0 0 0 0 0 0 0
15.3 -737.8 2801.0 0 0 0 0 0 0 0 0 0
117.0 491.8 2637.5 3 0.4494826794 0.2968972027 -0.8425065875 -0.0399058685 0.9488833547 0.3130940795 0.8923972249 -0.1071094126 0.4383545816
57.7 302.4 2658.9 0.4494826794 0.2968972027 -0.8425065875 -0.0399058685 0.9488833547 0.3130940795 0.8923972249 -0.1071094126 0.4383545816
-0.4 113.9 2683.2 0.4543033838 0.2915997803 -0.8417707682 -0.0243624076 0.9486238956 0.3154666424 0.8905138373 -0.1228100061 0.4380671084
-5.6 305.8 2534.9 -0.2067499012 0.2504346967 -0.9457996488 0.9550275207 0.2616620064 -0.1394826025 0.2125485539 -0.9321026802 -0.2932706177
50.3 47.3 2477.3 -0.9510392547 0.2504346967 -0.1811264306 0.2466165125 0.2616620064 -0.9331201911 -0.1862917691 -0.9321026802 -0.3106121719
121.1 299.1 2782.9 0.0375176221 0.9356448054 -0.3509432673 -0.8876469135 0.1925109923 0.4183568358 0.4589938521 0.2958179712 0.8377448320
134.6 -19.9 2947.8 0.2999523580 0.9356448054 0.1860035807 0.0079892259 0.1925109923 -0.9812622666 -0.9539207220 0.2958179712 0.0502690524
-95.2 -68.3 2629.0 0.7262044549 0.0446808152 -0.6860253215 -0.0964048058 0.9946441650 -0.0372698903 0.6806858778 0.0932016969 0.7266224623
-113.0 -463.6 2591.9 0.7351559997 0.0508789197 -0.6759859324 0.0047180150 0.9967713356 0.0801542178 0.6778815389 -0.0621151701 0.7325423956
-27.9 -65.8 2797.6 0.7864887714 -0.2286475301 -0.5737209320 0.0529758222 0.9504973292 -0.3061836362 0.6153283715 0.2104166597 0.7596682310
62.9 -443.1 2714.1 0.7864887714 0.1552813053 -0.5977651477 0.0529758222 0.9473479390 0.3157934546 0.6153283715 -0.2800350785 0.7368523479
295.3 -16.2 2525.3 0 0 0 0 0 0 0 0 0
218.2 -17.7 2682.1 0 0 0 0 0 0 0 0 0
-128.3 -762.7 2610.6 0 0 0 0 0 0 0 0 0
15.1 -734.2 2800.1 0 0 0 0 0 0 0 0 0
120.0 487.0 2637.1 4 0.5021162033 0.3104595542 -0.8071519136 -0.0793784708 0.9459446669 0.3144641817 0.8611494303 -0.0938270763 0.4996179640
58.0 298.1 2655.9 0.5021162033 0.3104595542 -0.8071519136 -0.0793784708 0.9459446669 0.3144641817 0.8611494303 -0.0938270763 0.4996179640
-1.7 109.7 2677.6 0.5078503489 0.2993516922 -0.8077602386 -0.0615703575 0.9478955269 0.3125749528 0.8592421412 -0.1090072244 0.4998202920
-13.0 306.7 2535.9 -0.1695027649 0.2394263446 -0.9560040832 0.9632987976 0.2451240122 -0.1094060689 0.2081448734 -0.9394621849 -0.2721883059
32.9 45.7 2479.5 -0.9586223960 0.2394263446 -0.1540068686 0.2131639868 0.2451240122 -0.9457670450 -0.1886907667 -0.9394621849 -0.2860184312
129.0 289.5 2775.8 0.0516235456 0.9550550580 -0.2918987274 -0.9029237628 0.1695189625 0.3949582875 0.4266892672 0.2431731522 0.8710930347
147.5 -35.2 2929.3 0.2405625433 0.9550550580 0.1732037067 0.0360923558 0.1695189625 -0.9848657846 -0.9699623585 0.2431731522 0.0063097281
-99.9 -72.4 2626.8 0.7673056126 0.0277038664 -0.6406829357 -0.0832028240 0.9949225187 -0.0566251948 0.6358611584 0.0967554599 0.7657147050
-110.9 -467.9 2588.3 0.7754158378 0.0592356250 -0.6286664009 0.0035202790 0.9951692224 0.0981111005 0.6314411163 -0.0782899857 0.7714614868
-17.3 -76.8 2788.5 0.7905225158 -0.1989045739 -0.5792332292 0.0500301085 0.9636029005 -0.2626146078 0.6103860736 0.1786236614 0.7717010379
61.7 -459.2 2717.6 0.7905225158 0.1581881195 -0.5916507840 0.0500301085 0.9461570978 0.3198182881 0.6103860736 -0.2824239135 0.7400443554
280.1 -9.3 2528.2 0 0 0 0 0 0 0 0 0
214.7 -25.1 2658.4 0 0 0 0 0 0 0 0 0
-128.3 -759.7 2611.3 0 0 0 0 0 0 0 0 0
15.4 -735.9 2800.2 0 0 0 0 0 0 0 0 0
126.8 480.9 2638.0 5 0.5469158292 0.3288433254 -0.7698994279 -0.1181737036 0.9407420158 0.3178670406 0.8288052082 -0.0828646496 0.5533673167
61.2 293.2 2654.5 0.5469158292 0.3288433254 -0.7698994279 -0.1181737036 0.9407420158 0.3178670406 0.8288052082 -0.0828646496 0.5533673167
-1.9 105.7 2672.9 0.5516007543 0.3168529272 -0.7715833187 -0.1044986844 0.9440026879 0.3129518926 0.8275364637 -0.0919950679 0.5538233519
-16.0 307.9 2538.8 -0.1059442535 0.2391804904 -0.9651779532 0.9647890329 0.2597240210 -0.0415394194 0.2407445014 -0.9355939627 -0.2582750022
12.3 50.0 2474.4 -0.9506400228 0.2391804904 -0.1976770312 0.2588056624 0.2597240210 -0.9303564429 -0.1711816341 -0.9355939627 -0.3088053167
138.4 278.6 2770.2 0.0521275625 0.9705812335 -0.2350633144 -0.9184364676 0.1390178949 0.3703355491 0.3921187520 0.1965860426 0.8986638784
157.2 -51.8 2911.2 0.1890498996 0.9705812335 0.1491045952 0.0656130984 0.1390178949 -0.9881138206 -0.9797729850 0.1965860426 -0.0374015197
-107.7 -73.0 2621.1 0.8003665209 0.0088040251 -0.5994463563 -0.0548680872 0.9967714548 -0.0586190484 0.5969949365 0.0798071995 0.7982655168
-111.2 -469.2 2589.4 0.8041918278 0.0562296435 -0.5917041302 -0.0049862238 0.9961181879 0.0878842771 0.5943489671 -0.0677254498 0.8013504744
-15.1 -84.3 2777.5 0.7879072428 -0.1819263697 -0.5883068442 0.0595399253 0.9733935595 -0.2212689072 0.6129087806 0.1393116266 0.7777757645
57.1 -470.6 2722.2 0.7879072428 0.1467785835 -0.5980453491 0.0595399253 0.9484691620 0.3112253845 0.6129087806 -0.2808243334 0.7385665178
258.9 -17.1 2518.8 0 0 0 0 0 0 0 0 0
210.1 -33.4 2637.1 0 0 0 0 0 0 0 0 0
-127.4 -756.5 2608.9 0 0 0 0 0 0 0 0 0
15.7 -738.1 2801.4 0 0 0 0 0 0 0 0 0
128.6 480.1 2637.9 6 0.5738542676 0.3368655145 -0.7464669347 -0.1427403390 0.9386744499 0.3138717711 0.8064219952 -0.0735657215 0.5867466331
61.2 292.5 2652.6 0.5738542676 0.3368655145 -0.7464669347 -0.1427403390 0.9386744499 0.3138717711 0.8064219952 -0.0735657215 0.5867466331
-3.1 105.2 2669.2 0.5792657137 0.3229632974 -0.7484290004 -0.1273103803 0.9427391887 0.3082772493 0.8051356077 -0.0832916722 0.5872130394
-20.0 310.4 2539.7 -0.0773792490 0.2324176729 -0.9695331454 0.9629827738 0.2692819238 -0.0123038627 0.2582181096 -0.9345957637 -0.2446510494
1.1 47.3 2469.2 -0.9438429475 0.2324176729 -0.2348244041 0.2944422960 0.2692819238 -0.9169465303 -0.1498806030 -0.9345957637 -0.3225934505
142.5 274.6 2765.4 0.0574753769 0.9781659245 -0.1997197568 -0.9268862605 0.1266074032 0.3533446789 0.3709157407 0.1648088694 0.9139253497
163.2 -59.0 2898.9 0.1549689025 0.9781659245 0.1384775639 0.0840562955 0.1266074032 -0.9883850813 -0.9843369126 0.1648088694 -0.0626007989
-115.4 -72.2 2615.9 0.8206115365 -0.0024861638 -0.5714809895 -0.0389171429 0.9974260926 -0.0602218173 0.5701597333 0.0716591254 0.8184025884
-114.4 -468.7 2587.4 0.8234471679 0.0429769494 -0.5657629967 0.0067599961 0.9963133931 0.0855216905 0.5673527122 -0.0742471516 0.8201208711
-14.8 -91.4 2766.8 0.8025113940 -0.1735991985 -0.5708228946 0.0792469084 0.9792717099 -0.1864049882 0.5913504958 0.1043561772 0.7996339202
54.1 -480.1 2725.3 0.7995691299 0.1398495436 -0.5840644836 0.0579009056 0.9500299692 0.3067418635 0.5977764726 -0.2790791690 0.7515171766
246.8 -29.3 2508.2 0 0 0 0 0 0 0 0 0
206.6 -35.4 2623.0 0 0 0 0 0 0 0 0 0
-126.9 -758.5 2609.0 0 0 0 0 0 0 0 0 0
16.2 -737.7 2801.0 0 0 0 0 0 0 0 0 0
130.2 484.8 2637.3 7 0.5271220207 0.3483523130 -0.7751083970 -0.1341536045 0.9347925782 0.3288854063 0.8391335607 -0.0693791583 0.5394824743
60.5 297.6 2651.2 0.5271220207 0.3483523130 -0.7751083970 -0.1341536045 0.9347925782 0.3288854063 0.8391335607 -0.0693791583 0.5394824743
-5.8 110.9 2667.1 0.5330664515 0.3334043026 -0.7776128650 -0.1178121865 0.9393805861 0.3220005929 0.8378307819 -0.0800354481 0.5400313735
-14.3 314.1 2533.7 -0.0291078333 0.1891860217 -0.9815097451 0.9685102701 0.2482379824 0.0191255584 0.2472662777 -0.9500455260 -0.1904542744
-6.2 45.3 2465.1 -0.9427956939 0.1891860217 -0.2744902372 0.3163785040 0.2482379824 -0.9155777097 -0.1050756052 -0.9500455260 -0.2938920856
135.2 281.1 2768.7 0.0310476609 0.9683952928 -0.2474803925 -0.9212548733 0.1237708181 0.3687414229 0.3877183199 0.2165439576 0.8959817290
146.4 -50.5 2908.3 0.2096051276 0.9683952928 0.1351894587 0.0667312443 0.1237708181 -0.9900645018 -0.9755063653 0.2165439576 -0.0386792272
-120.4 -70.5 2612.3 0.7875341773 -0.0133409863 -0.6161265969 -0.0237744339 0.9983637333 -0.0520060919 0.6158122420 0.0556046329 0.7859283686
-115.1 -467.3 2590.2 0.7893279791 0.0381350331 -0.6127862930 0.0107568931 0.9970570207 0.0759049580 0.6138775349 -0.0665055886 0.7865948081
-14.4 -93.8 2759.4 0.7686597705 -0.1740611047 -0.6155200601 0.0868140832 0.9817486405 -0.1692126393 0.6337392926 0.0766311362 0.7697416544
54.7 -483.7 2729.0 0.7659004927 0.1416809559 -0.6271546483 0.0671840459 0.9524441361 0.2972145379 0.6394394040 -0.2697715461 0.7199587226
239.9 -37.3 2492.5 0 0 0 0 0 0 0 0 0
205.2 -31.8 2634.8 0 0 0 0 0 0 0 0 0
-126.2 -759.3 2609.7 0 0 0 0 0 0 0 0 0
16.5 -740.6 2801.8 0 0 0 0 0 0 0 0 0
141.9 485.8 2640.1 8 0.5536895394 0.3718205094 -0.7451022863 -0.1644694507 0.9259815216 0.3398646414 0.8163196445 -0.0656329244 0.5738593936
67.3 299.9 2653.2 0.5536895394 0.3718205094 -0.7451022863 -0.1644694507 0.9259815216 0.3398646414 0.8163196445 -0.0656329244 0.5738593936
-3.0 114.5 2666.9 0.5585516691 0.3533680439 -0.7504339218 -0.1520056427 0.9330003262 0.3261972964 0.8154227734 -0.0681278482 0.5748428106
-11.1 321.3 2538.8 0.0022061942 0.1439286172 -0.9895856380 0.9574252963 0.2853636742 0.0436387397 0.2886726558 -0.9475505948 -0.1371713430
-11.7 44.9 2455.5 -0.9442829490 0.1439286172 -0.2959969938 0.3260091245 0.2853636742 -0.9012688994 -0.0452515967 -0.9475505948 -0.3163861036
145.6 278.5 2767.7 0.0219274722 0.9779543877 -0.2076642364 -0.9312332273 0.0955560282 0.3516726792 0.3637634218 0.1856725514 0.9127989411
153.5 -56.7 2898.6 0.1775862277 0.9779543877 0.1098562032 0.0871901810 0.0955560282 -0.9915981889 -0.9802351594 0.1856725514 -0.0682985857
-120.9 -65.0 2606.4 0.8072278500 -0.0220742673 -0.5898270607 -0.0088069756 0.9987387061 -0.0494308621 0.5901742578 0.0450965613 0.8060152531
-112.1 -462.0 2588.5 0.8077114820 0.0491232611 -0.5875279307 0.0003172141 0.9964865446 0.0837524161 0.5895778537 -0.0678341612 0.8048580289
-23.4 -86.5 2759.6 0.7809503675 -0.2038034350 -0.5904072523 0.1134415492 0.9758272767 -0.1867943406 0.6142048240 0.0789003894 0.7851924300
57.5 -474.1 2728.3 0.7724736929 0.1493900865 -0.6172252297 0.0475200750 0.9556138515 0.2907646000 0.6332663298 -0.2539385855 0.7310875058
235.2 -40.4 2467.3 0 0 0 0 0 0 0 0 0
203.4 -32.3 2623.6 0 0 0 0 0 0 0 0 0
-126.8 -760.2 2608.8 0 0 0 0 0 0 0 0 0
16.3 -737.7 2798.3 0 0 0 0 0 0 0 0 0
140.9 482.0 2638.9 9 0.6191146970 0.3677426279 -0.6938748956 -0.1903920323 0.9275071025 0.3216853440 0.7618712783 -0.0670518875 0.6442485452
67.2 296.1 2652.4 0.6191146970 0.3677426279 -0.6938748956 -0.1903920323 0.9275071025 0.3216853440 0.7618712783 -0.0670518875 0.6442485452
-3.0 110.6 2666.4 0.6236952543 0.3530285060 -0.6974059343 -0.1785686016 0.9329591393 0.3125708401 0.7609976530 -0.0704141483 0.6449220181
-20.1 321.1 2545.8 -0.0145051498 0.1178433225 -0.9929262400 0.9337398410 0.3567994833 0.0287054535 0.3576583266 -0.9267184734 -0.1152104363
-15.9 50.1 2442.1 -0.9386629462 0.1178433225 -0.3240752816 0.3445791602 0.3567994833 -0.8683083057 0.0133055560 -0.9267184734 -0.3755208254
154.5 271.0 2758.9 0.0449816957 0.9907954931 -0.1276751459 -0.9419645071 0.0846280381 0.3248707354 0.3326853514 0.1056522131 0.9371008873
170.7 -68.0 2878.6 0.0955543667 0.9907954931 0.0958835632 0.1155932620 0.0846280381 -0.9896849394 -0.9886898398 0.1056522131 -0.1064427048
-124.4 -56.9 2605.9 0.8529540896 -0.0343603455 -0.5208538771 0.0014956801 0.9979878664 -0.0633871853 0.5219838619 0.0532873310 0.8512892127
-110.8 -453.7 2584.7 0.8526828885 0.0534325205 -0.5196892023 -0.0037788404 0.9953607321 0.0961391553 0.5224151611 -0.0800123960 0.8489289880
-22.2 -84.8 2755.1 0.8233078122 -0.2018718421 -0.5304828286 0.1268105209 0.9764112234 -0.1747574806 0.5532480478 0.0766083822 0.8294864297
58.0 -472.8 2724.6 0.8119675517 0.1523938030 -0.5634579062 0.0292826891 0.9534664154 0.3000738025 0.5829675794 -0.2601497471 0.7697212696
230.9 -40.5 2438.6 0 0 0 0 0 0 0 0 0
197.4 -35.6 2601.9 0 0 0 0 0 0 0 0 0
-127.2 -759.7 2609.3 0 0 0 0 0 0 0 0 0
15.9 -736.4 2796.5 0 0 0 0 0 0 0 0 0
135.8 481.2 2647.8 0 0.5344242454 0.3657192588 -0.7619974613 -0.1489356458 0.9281815886 0.3410235643 0.8319908977 -0.0687626824 0.5505114198
62.5 295.2 2661.6 0.5344242454 0.3657192588 -0.7619974613 -0.1489356458 0.9281815886 0.3410235643 0.8319908977 -0.0687626824 0.5505114198
-7.1 109.6 2676.6 0.5396632552 0.3500838876 -0.7656401396 -0.1353085190 0.9336847067 0.3315486312 0.8309363127 -0.0753269792 0.5512446761
-12.7 314.1 2545.8 -0.0097232340 0.0736165717 -0.9972392321 0.9135185480 0.4062503576 0.0210826062 0.4066807926 -0.9107915759 -0.0712001696
-9.9 53.0 2429.5 -0.9310474396 0.0736165717 -0.3573950827 0.3552824557 0.4062503576 -0.8418640494 0.0832167342 -0.9107915759 -0.4043930173
137.7 276.3 2777.5 0.0157545377 0.9728612304 -0.2308523953 -0.9256104827 0.1015087068 0.3646109998 0.3781494200 0.2079351246 0.9020897746
143.4 -56.5 2913.4 0.2011698782 0.9728612304 0.1143316031 0.0729767084 0.1015087068 -0.9921544194 -0.9768342376 0.2079351246 -0.0505757183
-130.1 -58.5 2611.0 0.7937688828 -0.0464981310 -0.6064395308 -0.0063107177 0.9963901639 -0.0846573040 0.6081867814 0.0710254014 0.7906100750
-111.6 -454.5 2582.8 0.7948818207 0.0513621122 -0.6045865417 0.0124963187 0.9948137403 0.1009430885 0.6066356301 -0.0877929330 0.7901175022
-16.5 -91.0 2750.2 0.7694853544 -0.1811348200 -0.6124397516 0.1054154113 0.9818070531 -0.1579319984 0.6299046278 0.0569657758 0.7745805383
55.5 -481.3 2727.5 0.7628218532 0.1524829865 -0.6283723116 0.0579538308 0.9517627954 0.3013119698 0.6440063715 -0.2662639320 0.7171884775
236.1 -40.9 2407.6 0 0 0 0 0 0 0 0 0
199.4 -36.1 2641.1 0 0 0 0 0 0 0 0 0
-127.3 -758.4 2609.6 0 0 0 0 0 0 0 0 0
14.8 -735.3 2798.6 0 0 0 0 0 0 0 0 0
132.1 473.3 2651.8 1 0.5396773815 0.3589672446 -0.7615056634 -0.1549384892 0.9314381480 0.3292674124 0.8274916410 -0.0597116314 0.5582939386
60.4 287.5 2663.7 0.5396773815 0.3589672446 -0.7615056634 -0.1549384892 0.9314381480 0.3292674124 0.8274916410 -0.0597116314 0.5582939386
-7.3 101.1 2678.1 0.5471915603 0.3403461576 -0.7646867633 -0.1348564476 0.9375090003 0.3207657039 0.8260720968 -0.0723973513 0.5588948727
-16.2 306.3 2548.0 -0.0609044321 0.0403136387 -0.9973291755 0.8864151239 0.4615297914 -0.0354754142 0.4588669837 -0.8862082362 -0.0638438314
1.0 55.7 2418.2 -0.9220543504 0.0403136387 -0.3849552274 0.3588894606 0.4615297914 -0.8112882376 0.1449623257 -0.8862082362 -0.4400236905
137.1 268.6 2779.4 0.0293887295 0.9732655287 -0.2277948856 -0.9271928668 0.1116823554 0.3575478196 0.3734296262 0.2007019222 0.9056870341
147.6 -65.1 2913.8 0.1925468445 0.9732655287 0.1252194792 0.0796638951 0.1116823554 -0.9905456901 -0.9780487418 0.2007019222 -0.0560300350
-125.8 -63.7 2616.1 0.7995159030 -0.0343858600 -0.5996598601 -0.0280290227 0.9951364994 -0.0944339857 0.5999906063 0.0923093483 0.7946636081
-112.2 -459.2 2579.5 0.8028866053 0.0537036508 -0.5937078595 0.0182316005 0.9932559729 0.1144997030 0.5958529711 -0.1027545184 0.7964928150
-27.9 -88.2 2767.3 0.7363831401 -0.2100583762 -0.6431293488 0.0796113536 0.9708796740 -0.2259529084 0.6718645096 0.1151875108 0.7316624522
55.4 -473.3 2721.7 0.7363831401 0.1467396766 -0.6604599357 0.0796113536 0.9506208301 0.2999701202 0.6718645096 -0.2734730542 0.6883389950
243.7 -38.8 2380.1 0 0 0 0 0 0 0 0 0
201.6 -42.8 2640.0 0 0 0 0 0 0 0 0 0
-128.3 -758.1 2610.4 0 0 0 0 0 0 0 0 0
15.2 -734.0 2796.7 0 0 0 0 0 0 0 0 0
129.7 467.3 2654.8 2 0.4496075511 0.3640065193 -0.8156912923 -0.1219290495 0.9296596050 0.3476583958 0.8848651648 -0.0568533652 0.4623649418
57.2 282.0 2666.1 0.4496075511 0.3640065193 -0.8156912923 -0.1219290495 0.9296596050 0.3476583958 0.8848651648 -0.0568533652 0.4623649418
-11.7 96.1 2681.2 0.4586802721 0.3462370038 -0.8183717728 -0.0981088430 0.9350679517 0.3406209052 0.8831687570 -0.0759465769 0.4628661275
-6.8 295.6 2542.9 -0.0968733355 0.0047887806 -0.9952852130 0.8676340580 0.4903798997 -0.0820893198 0.4876747429 -0.8714956045 -0.0516596474
19.6 58.8 2409.8 -0.9065524936 0.0047887806 -0.4220658541 0.3699659109 0.4903798997 -0.7890834808 0.2031938732 -0.8714956045 -0.4463268220
121.2 268.4 2789.4 -0.0108997291 0.9473551512 -0.3199991286 -0.9112229943 0.1223711222 0.3933166564 0.4117692113 0.2958776057 0.8619179726
117.2 -59.2 2937.4 0.2931672335 0.9473551512 0.1287292540 0.0400079638 0.1223711222 -0.9916777015 -0.9552236795 0.2958776057 -0.0020265444
-124.9 -72.9 2617.1 0.7345609665 -0.0248322710 -0.6780881882 -0.0428338088 0.9956400394 -0.0828624442 0.6771894097 0.0899126157 0.7302946448
-115.0 -468.7 2581.4 0.7403342724 0.0467864387 -0.6706088185 0.0335243680 0.9937642813 0.1063420624 0.6714025140 -0.1012104079 0.7341492772
-25.0 -97.5 2768.1 0.6742053032 -0.1987152845 -0.7113082409 0.0578777045 0.9743765593 -0.2173488885 0.7362726331 0.1053688824 0.6684310436
53.9 -484.4 2726.2 0.6815351248 0.1512278169 -0.7159888744 0.0998590365 0.9500418901 0.2957171500 0.7249400616 -0.2730395794 0.6323854327
257.4 -38.2 2356.5 0 0 0 0 0 0 0 0 0
199.0 -48.1 2671.0 0 0 0 0 0 0 0 0 0
-128.5 -755.4 2610.6 0 0 0 0 0 0 0 0 0
14.3 -732.7 2797.6 0 0 0 0 0 0 0 0 0
127.5 464.8 2654.8 3 0.4004557133 0.3593483269 -0.8429139853 -0.0937808007 0.9311367869 0.3524053097 0.9115044475 -0.0620735623 0.4065789878
56.2 280.2 2667.1 0.4004557133 0.3593483269 -0.8429139853 -0.0937808007 0.9311367869 0.3524053097 0.9115044475 -0.0620735623 0.4065789878
-12.5 94.4 2683.6 0.4093354642 0.3453932703 -0.8444808722 -0.0702704340 0.9347616434 0.3482567966 0.9096738696 -0.0832118168 0.4069020152
-1.0 290.0 2539.8 -0.1478238404 0.0212919544 -0.9887844920 0.8452519178 0.5218183994 -0.1151290759 0.5135146379 -0.8527908325 -0.0951342657
38.2 65.8 2403.7 -0.8909367323 0.0212919544 -0.4536280334 0.3969285488 0.5218183994 -0.7550849319 0.2206342220 -0.8527908325 -0.4733585715
113.4 270.4 2794.3 -0.0288158879 0.9287160635 -0.3696703017 -0.8989453316 0.1376442760 0.4158742428 0.4371120930 0.3442971408 0.8308985829
103.1 -53.0 2951.6 0.3456607759 0.9287160635 0.1341831237 0.0146356644 0.1376442760 -0.9903736115 -0.9382454157 0.3442971408 0.0339858457
-122.3 -80.9 2615.8 0.6966931224 -0.0148577625 -0.7172154188 -0.0481481366 0.9965626001 -0.0674151257 0.7157517076 0.0815002397 0.6935828924
-116.4 -477.0 2583.4 0.7037358284 0.0450439714 -0.7090324163 0.0426554084 0.9935089946 0.1054531932 0.7091801167 -0.1044552550 0.6972464919
-38.9 -98.6 2776.6 0.7219381928 -0.2302980572 -0.6525090337 0.0838779956 0.9651621580 -0.2478436828 0.6868549585 0.1241966709 0.7161043882
52.6 -481.9 2727.3 0.7219381928 0.1400997937 -0.6776261926 0.0838779956 0.9543488026 0.2866754532 0.6868549585 -0.2637998760 0.6772295833
270.0 -37.5 2346.3 0 0 0 0 0 0 0 0 0
199.7 -48.9 2689.3 0 0 0 0 0 0 0 0 0
-129.1 -757.2 2612.9 0 0 0 0 0 0 0 0 0
16.4 -728.2 2795.4 0 0 0 0 0 0 0 0 0
131.6 468.8 2655.3 4 0.3432812393 0.3746070564 -0.8612940907 -0.0692166388 0.9246153831 0.3745604157 0.9366787076 -0.0689636767 0.3433321714
57.2 285.0 2669.0 0.3432812393 0.3746070564 -0.8612940907 -0.0692166388 0.9246153831 0.3745604157 0.9366787076 -0.0689636767 0.3433321714
-14.8 100.7 2687.4 0.3533166349 0.3616933525 -0.8627544641 -0.0439714380 0.9276365638 0.3708866835 0.9344698191 -0.0931038782 0.3436535895
7.7 291.1 2538.2 -0.1804310530 -0.0700362772 -0.9810910225 0.8494601846 0.4917433262 -0.1913266629 0.4958447516 -0.8679190278 -0.0292327330
55.9 64.5 2405.9 -0.8876109719 -0.0700362772 -0.4552381039 0.3663375378 0.4917433262 -0.7899274230 0.2791838646 -0.8679190278 -0.4108198285
106.6 279.0 2799.8 -0.0661863014 0.9082794189 -0.4130954146 -0.8833255768 0.1392107904 0.4476117194 0.4640638828 0.3945235014 0.7930926085
82.8 -38.7 2966.7 0.4010600150 0.9082794189 0.1190769523 -0.0213239193 0.1392107904 -0.9900331497 -0.9158035517 0.3945235014 0.0751999617
-118.5 -85.0 2617.2 0.6520176530 0.0059173009 -0.7581807375 -0.0511819050 0.9980320930 -0.0362259895 0.7564743161 0.0624251179 0.6510373950
-120.9 -481.7 2592.4 0.6571052670 0.0308986474 -0.7531653047 0.0346297435 0.9968671799 0.0711095333 0.7530029416 -0.0728083700 0.6539766788
-43.9 -97.8 2783.1 0.7330667973 -0.2451186180 -0.6344524622 0.0840716362 0.9583052397 -0.2730990052 0.6749407649 0.1468603611 0.7231093049
53.4 -478.4 2724.8 0.7330667973 0.1400275826 -0.6655864716 0.0840716362 0.9524191022 0.2929673195 0.6749407649 -0.2707215548 0.6864144802
284.8 -30.0 2333.9 0 0 0 0 0 0 0 0 0
195.0 -44.6 2710.5 0 0 0 0 0 0 0 0 0
-129.4 -756.7 2612.4 0 0 0 0 0 0 0 0 0
17.1 -725.6 2795.0 0 0 0 0 0 0 0 0 0
129.8 474.5 2655.5 5 0.3194764256 0.3624342680 -0.8755433559 -0.0547472499 0.9294807911 0.3647851646 0.9460113645 -0.0686066672 0.3167894781
57.7 289.6 2669.2 0.3194764256 0.3624342680 -0.8755433559 -0.0547472499 0.9294807911 0.3647851646 0.9460113645 -0.0686066672 0.3167894781
-12.6 104.6 2687.6 0.3287249804 0.3535255790 -0.8757622838 -0.0307166390 0.9308076501 0.3642164171 0.9439260364 -0.0928265601 0.3168388307
11.6 293.8 2536.7 -0.2468327433 -0.0920724720 -0.9646741748 0.8441923857 0.4683701098 -0.2607080340 0.4758285880 -0.8787218332 -0.0378822014
78.0 66.8 2408.8 -0.8920776844 -0.0920724720 -0.4424025416 0.3532736599 0.4683701098 -0.8098315597 0.2817713320 -0.8787218332 -0.3852957785
103.8 285.3 2801.6 -0.0677874163 0.8957387805 -0.4393823743 -0.8790550828 0.1546687186 0.4509321451 0.4718761146 0.4168088436 0.7769191265
79.4 -31.1 2971.5 0.4253905118 0.8957387805 0.1292088479 -0.0256986488 0.1546687186 -0.9876320958 -0.9046449661 0.4168088436 0.0888138786
-119.0 -79.7 2620.4 0.6320654154 0.0145663591 -0.7747780681 -0.0540809892 0.9982146621 -0.0253522545 0.7730255723 0.0579250529 0.6317247748
-124.8 -476.5 2597.4 0.6356697083 0.0177842751 -0.7717562914 0.0279686507 0.9985476732 0.0460472703 0.7714543343 -0.0508558340 0.6342490911
-54.6 -87.6 2791.0 0.7363395691 -0.2852847874 -0.6135280132 0.0886376649 0.9396222234 -0.3305350244 0.6707811952 0.1890043318 0.7171680331
58.6 -460.3 2716.1 0.7363395691 0.1498423815 -0.6598115563 0.0886376649 0.9454030991 0.3136181235 0.6707811952 -0.2894136012 0.6828560233
308.0 -24.3 2336.1 0 0 0 0 0 0 0 0 0
198.7 -38.3 2717.8 0 0 0 0 0 0 0 0 0
-129.9 -759.0 2611.8 0 0 0 0 0 0 0 0 0
16.8 -724.0 2796.8 0 0 0 0 0 0 0 0 0
127.3 469.8 2646.7 6 0.3367620707 0.3618367314 -0.8692902327 -0.0210578386 0.9258787036 0.3772335649 0.9413542747 -0.1087325737 0.3194203377
55.9 286.9 2668.1 0.3367620707 0.3618367314 -0.8692902327 -0.0210578386 0.9258787036 0.3772335649 0.9413542747 -0.1087325737 0.3194203377
-13.4 102.4 2693.4 0.3446071744 0.3483618796 -0.8717166185 -0.0005717350 0.9286736846 0.3708974421 0.9387468100 -0.1273155361 0.3202267885
7.4 287.0 2536.3 -0.3369529843 -0.0286337305 -0.9410859346 0.8035210967 0.5122236013 -0.3032833636 0.4907305837 -0.8583746552 -0.1495874673
96.0 75.7 2407.3 -0.8875912428 -0.0286337305 -0.4597410858 0.3819250464 0.5122236013 -0.7692595124 0.2575170100 -0.8583746552 -0.4437092543
104.3 286.8 2800.0 -0.0557979345 0.9019074440 -0.4283100665 -0.8641726375 0.1712385267 0.4731627405 0.5000922084 0.3965353370 0.7698490024
84.2 -24.2 2980.0 0.4102605581 0.9019074440 0.1350895613 -0.0524937771 0.1712385267 -0.9838301539 -0.9104562998 0.3965353370 0.1175969467
-113.0 -77.7 2619.7 0.6439968348 0.0408669114 -0.7639358640 -0.0711779520 0.9974415302 -0.0066445633 0.7617097497 0.0586544648 0.6452580094
-129.3 -474.1 2596.3 0.6486580968 0.0034232726 -0.7610722780 0.0434418805 0.9981930256 0.0415151305 0.7598391175 -0.0599915348 0.6473372579
-52.9 -83.2 2792.4 0.7383710146 -0.2817750573 -0.6127079725 0.0837458149 0.9398079515 -0.3312817514 0.6691747904 0.1932971179 0.7175244689
59.0 -456.5 2715.6 0.7383710146 0.1567640156 -0.6559216976 0.0837458149 0.9437662959 0.3198309839 0.6691747904 -0.2910846174 0.6837213635
323.2 -22.0 2341.4 0 0 0 0 0 0 0 0 0
199.3 -39.0 2724.4 0 0 0 0 0 0 0 0 0
-130.3 -761.3 2613.6 0 0 0 0 0 0 0 0 0
15.4 -718.7 2796.5 0 0 0 0 0 0 0 0 0
127.5 469.7 2642.2 7 0.3394007683 0.3630769849 -0.8677454591 0.0020711105 0.9222128987 0.3866769969 0.9406395555 -0.1330356747 0.3122478127
55.7 287.4 2668.5 0.3394007683 0.3630769849 -0.8677454591 0.0020711105 0.9222128987 0.3866769969 0.9406395555 -0.1330356747 0.3122478127
-14.6 104.0 2698.8 0.3470492065 0.3539181352 -0.8685037494 0.0217522308 0.9227746129 0.3847257495 0.9375946522 -0.1524106562 0.3125496805
6.9 284.3 2536.7 -0.3921779990 0.0165054202 -0.9197412729 0.7899380922 0.5183857679 -0.3275270760 0.4713748097 -0.8549875617 -0.2163377404
109.8 77.2 2413.1 -0.8856145740 0.0165054202 -0.4641275406 0.4045109749 0.5183857679 -0.7534235716 0.2281615287 -0.8549875617 -0.4657666087
104.5 290.4 2800.3 -0.0597516596 0.9040313363 -0.4232694805 -0.8502992392 0.1760237217 0.4959907830 0.5228967071 0.3895419836 0.7581794858
83.0 -15.7 2988.6 0.4074108303 0.9040313363 0.1293975860 -0.0789476186 0.1760237217 -0.9812150002 -0.9098261595 0.3895419836 0.1430850923
-114.1 -82.1 2632.7 0.6440992951 0.0344943814 -0.7641637325 -0.0900021121 0.9954612851 -0.0309259258 0.7596286535 0.0886957198 0.6442804933
-127.9 -477.6 2597.5 0.6512984037 0.0114657441 -0.7587351203 0.0419390984 0.9978136420 0.0510791466 0.7576618791 -0.0650884286 0.6493935585
-51.0 -82.1 2804.6 0.7579608560 -0.2804543078 -0.5889318585 0.0688762590 0.9322170019 -0.3552851975 0.6486535072 0.2287288457 0.7259006500
60.3 -452.3 2713.8 0.7579608560 0.1619727463 -0.6318703890 0.0688762590 0.9433923960 0.3244484663 0.6486535072 -0.2894400954 0.7038984299
337.5 -26.8 2354.5 0 0 0 0 0 0 0 0 0
197.5 -37.9 2733.0 0 0 0 0 0 0 0 0 0
-131.1 -763.5 2616.1 0 0 0 0 0 0 0 0 0
15.2 -715.3 2794.5 0 0 0 0 0 0 0 0 0
124.6 472.0 2641.0 8 0.3281237483 0.3523735106 -0.8764517903 0.0186922178 0.9252171516 0.3789773285 0.9444497824 -0.1407342851 0.2969990671
55.2 290.0 2668.7 0.3281237483 0.3523735106 -0.8764517903 0.0186922178 0.9252171516 0.3789773285 0.9444497824 -0.1407342851 0.2969990671
-13.3 106.1 2700.2 0.3348525465 0.3446722925 -0.8769690990 0.0365553200 0.9252453446 0.3776040375 0.9415612221 -0.1584995538 0.2972211540
8.1 284.9 2536.3 -0.4360415936 0.0208086148 -0.8996859193 0.7842779160 0.4990669489 -0.3685651720 0.4413341582 -0.8663135767 -0.2339336723
121.7 80.5 2421.3 -0.8990484476 0.0208086148 -0.4373543859 0.3883907497 0.4990669489 -0.7746514082 0.2021496892 -0.8663135767 -0.4567672312
102.3 295.1 2801.1 -0.0561514422 0.8968602419 -0.4387353361 -0.8449308872 0.1914249212 0.4994480014 0.5319199562 0.3987457752 0.7470361590
82.1 -9.2 2992.7 0.4197553694 0.8968602419 0.1394528598 -0.0841229483 0.1914249212 -0.9778956175 -0.9037304521 0.3987457752 0.1557981670
-116.8 -81.3 2643.1 0.6350281239 0.0258724391 -0.7720556259 -0.0917531773 0.9948902130 -0.0421285853 0.7670205832 0.0975913927 0.6341571808
-127.0 -476.7 2604.3 0.6410412788 0.0182545222 -0.7672892809 0.0195413809 0.9990048409 0.0400933400 0.7672575712 -0.0406953767 0.6400466561
-53.1 -77.3 2815.0 0.7734487653 -0.2879314125 -0.5646879673 0.0617922805 0.9208808541 -0.3849158585 0.6308397055 0.2628193498 0.7300460935
61.2 -443.0 2710.6 0.7734487653 0.1605658233 -0.6131848097 0.0617922805 0.9436761141 0.3250493109 0.6308397055 -0.2892990708 0.7199634314
352.2 -19.1 2369.5 0 0 0 0 0 0 0 0 0
200.1 -32.8 2738.7 0 0 0 0 0 0 0 0 0
-132.2 -761.2 2615.9 0 0 0 0 0 0 0 0 0
15.1 -714.2 2793.7 0 0 0 0 0 0 0 0 0
126.1 470.9 2640.4 9 0.3153288960 0.3740937114 -0.8721362352 0.0335207358 0.9140582085 0.4041954279 0.9483902454 -0.1566891372 0.2756890655
52.4 290.9 2671.2 0.3153288960 0.3740937114 -0.8721362352 0.0335207358 0.9140582085 0.4041954279 0.9483902454 -0.1566891372 0.2756890655
-19.7 108.9 2705.4 0.3219402730 0.3625156879 -0.8746066689 0.0499462746 0.9159996510 0.3980577588 0.9454416037 -0.1718341708 0.2767908573
7.1 283.9 2538.3 -0.4581759870 0.0602736771 -0.8868155479 0.7863386869 0.4926521480 -0.3727805018 0.4144227505 -0.8681364655 -0.2731169164
128.3 76.0 2428.7 -0.9141058922 0.0602736771 -0.4009707272 0.3766089082 0.4926521480 -0.7845123410 0.1502536535 -0.8681364655 -0.4730358422
97.7 298.0 2804.2 -0.0780130401 0.8942818046 -0.4406518340 -0.8329916596 0.1843785048 0.5216602683 0.5477580428 0.4077556133 0.7305453420
69.6 -2.0 3001.5 0.4309635460 0.8942818046 0.1205424815 -0.1093984097 0.1843785048 -0.9767479300 -0.8957133293 0.4077556133 0.1772934198
-112.5 -81.1 2645.4 0.6208788157 0.0489261411 -0.7823782563 -0.1195355803 0.9922876954 -0.0328080468 0.7747391462 0.1138918623 0.6219388247
-132.0 -475.4 2600.1 0.6301677227 0.0036088312 -0.7764506936 0.0462914370 0.9980358481 0.0422088765 0.7750779390 -0.0625416860 0.6287629008
-51.1 -74.4 2818.0 0.7453135848 -0.2781611085 -0.6059159040 0.0522353984 0.9303780794 -0.3628610075 0.6646646857 0.2387949824 0.7079532743
59.4 -443.9 2723.2 0.7453135848 0.1569350362 -0.6479807496 0.0522353984 0.9551694989 0.2914150059 0.6646646857 -0.2510430813 0.7037032247
364.2 -21.2 2389.9 0 0 0 0 0 0 0 0 0
190.7 -32.7 2749.7 0 0 0 0 0 0 0 0 0
-133.0 -762.3 2618.1 0 0 0 0 0 0 0 0 0
15.0 -714.0 2794.2 0 0 0 0 0 0 0 0 0
123.9 473.6 2640.6 0 0.2910397053 0.3657828271 -0.8840242028 0.0505263209 0.9168581367 0.3960028589 0.9553758502 -0.1599190384 0.2483604550
51.8 292.9 2672.1 0.2910397053 0.3657828271 -0.8840242028 0.0505263209 0.9168581367 0.3960028589 0.9553758502 -0.1599190384 0.2483604550
-19.1 110.5 2707.0 0.2973183990 0.3565384150 -0.8857099414 0.0664728284 0.9176794887 0.3917214572 0.9524616003 -0.1753416359 0.2491428852
10.0 283.5 2538.2 -0.4625358582 0.0862941295 -0.8823910356 0.8018508554 0.4653534889 -0.3748083413 0.3782799840 -0.8809083104 -0.2844376862
132.0 71.9 2438.3 -0.9248257875 0.0862941295 -0.3704734743 0.3662187457 0.4653534889 -0.8058100939 0.1028644368 -0.8809083104 -0.4619734287
93.6 302.2 2806.1 -0.0826907828 0.8815264702 -0.4648368657 -0.8263183236 0.2000950128 0.5264598727 0.5570998788 0.4276366234 0.7118754983
63.8 4.6 3006.7 0.4547626972 0.8815264702 0.1268935055 -0.1164179444 0.2000950128 -0.9728354812 -0.8829709888 0.4276366234 0.1936212480
-121.3 -77.7 2652.8 0.6021007895 0.0273324568 -0.7979521155 -0.1098490283 0.9927455187 -0.0488826483 0.7908273339 0.1170865446 0.6007353067
-132.1 -472.2 2606.3 0.6081525087 -0.0000091524 -0.7938202024 0.0310902856 0.9992330074 0.0238070153 0.7932111621 -0.0391583927 0.6076863408
-62.2 -68.5 2826.2 0.7048317194 -0.3070508838 -0.6394779086 0.0483662933 0.9201706052 -0.3885186911 0.7077237964 0.2429111153 0.6634163260
59.8 -434.0 2729.7 0.7048317194 0.1542927474 -0.6923915148 0.0483662933 0.9633352160 0.2639052272 0.7077237964 -0.2194971889 0.6715266705
370.8 -22.6 2411.8 0 0 0 0 0 0 0 0 0
191.6 -28.1 2758.6 0 0 0 0 0 0 0 0 0
-132.1 -763.0 2617.6 0 0 0 0 0 0 0 0 0
14.5 -716.5 2794.0 0 0 0 0 0 0 0 0 0
125.7 474.5 2639.7 1 0.2831498384 0.3650586605 -0.8868812323 0.0506130382 0.9177487493 0.3939233124 0.9577392340 -0.1564270854 0.2413836718
53.6 293.1 2670.6 0.2831498384 0.3650586605 -0.8868812323 0.0506130382 0.9177487493 0.3939233124 0.9577392340 -0.1564270854 0.2413836718
-17.2 110.5 2704.6 0.2891149521 0.3558554947 -0.8886953592 0.0658089966 0.9187563062 0.3893019855 0.9550296664 -0.1710371822 0.2422077060
12.9 283.8 2536.2 -0.4363883734 0.1481438577 -0.8874787688 0.8341469765 0.4363616705 -0.3373238146 0.3372892737 -0.8874918818 -0.3139969110
128.3 63.3 2447.1 -0.9208968878 0.1481438577 -0.3605583310 0.3880394697 0.4363616705 -0.8117966652 0.0370711386 -0.8874918818 -0.4593297839
94.2 302.3 2805.0 -0.0853335038 0.8774192333 -0.4720738530 -0.8272860646 0.2016514987 0.5243419409 0.5552620888 0.4352840483 0.7086690664
63.5 4.3 3005.0 0.4624420404 0.8774192333 0.1276044399 -0.1141806766 0.2016514987 -0.9727792144 -0.8792667985 0.4352840483 0.1934364587
-117.2 -78.0 2654.5 0.5955684185 0.0320485756 -0.8026650548 -0.1128968969 0.9926260114 -0.0441349447 0.7953317165 0.1169037744 0.5947948694
-130.0 -472.5 2608.0 0.6009297371 0.0009830409 -0.7993012667 0.0188980456 0.9997022152 0.0154374167 0.7990784049 -0.0243820343 0.6007322073
-62.7 -65.8 2829.1 0.6869964600 -0.3071152270 -0.6585712433 0.0423587039 0.9216822386 -0.3856262565 0.7254251242 0.2370276451 0.6462014318
59.3 -432.1 2734.9 0.6869964600 0.1477356851 -0.7114843726 0.0423587039 0.9693081975 0.2421721369 0.7254251242 -0.1965089589 0.6596534252
366.1 -36.9 2437.5 0 0 0 0 0 0 0 0 0
193.5 -27.8 2757.8 0 0 0 0 0 0 0 0 0
-130.3 -761.9 2615.1 0 0 0 0 0 0 0 0 0
15.5 -719.6 2793.2 0 0 0 0 0 0 0 0 0
129.7 473.7 2639.7 2 0.2913309336 0.3717544079 -0.8814334869 0.0360514559 0.9164805412 0.3984516263 0.9559427500 -0.1478582472 0.2535968423
56.1 292.3 2669.0 0.2913309336 0.3717544079 -0.8814334869 0.0360514559 0.9164805412 0.3984516263 0.9559427500 -0.1478582472 0.2535968423
-15.7 109.9 2702.1 0.2990162671 0.3612529337 -0.8832245469 0.0552796647 0.9174592495 0.3939704299 0.9526454806 -0.1666279286 0.2543652952
14.0 284.5 2535.0 -0.3941785991 0.1171356961 -0.9115385413 0.8686062098 0.3715142310 -0.3278725147 0.3002439439 -0.9210083485 -0.2481877506
118.7 53.9 2455.2 -0.9372090101 0.1171356961 -0.3285095394 0.3481215835 0.3715142310 -0.8606907129 0.0212283581 -0.9210083485 -0.3889639378
98.2 300.1 2803.0 -0.0862531438 0.8831973672 -0.4610019326 -0.8313902020 0.1911569983 0.5217752457 0.5489542484 0.4282772243 0.7177937627
67.1 0.5 3000.8 0.4528564215 0.8831973672 0.1219976991 -0.1100489274 0.1911569983 -0.9753708243 -0.8847656846 0.4282772243 0.1837615967
-114.4 -78.2 2651.0 0.6033189893 0.0247920919 -0.7971145511 -0.0992522761 0.9940800071 -0.0442037582 0.7912997007 0.1057844013 0.6022080183
-124.3 -473.4 2609.0 0.6085256934 0.0243278984 -0.7931611538 -0.0025759470 0.9995852113 0.0286830459 0.7935299873 -0.0154112279 0.6083359718
-61.4 -66.1 2826.2 0.6914634705 -0.2954855263 -0.6592165828 0.0492212772 0.9296721816 -0.3650847971 0.7207326293 0.2199953198 0.6573785543
56.0 -435.6 2738.8 0.6914634705 0.1331061423 -0.7100429535 0.0492212772 0.9719142318 0.2301304191 0.7207326293 -0.1940760016 0.6654915810
360.3 -35.9 2449.8 0 0 0 0 0 0 0 0 0
194.4 -30.4 2752.0 0 0 0 0 0 0 0 0 0
-131.3 -762.4 2613.4 0 0 0 0 0 0 0 0 0
16.6 -723.3 2796.2 0 0 0 0 0 0 0 0 0
130.4 473.0 2639.3 3 0.3177919388 0.3707685173 -0.8726620078 0.0233531743 0.9170337915 0.3981251717 0.9478728175 -0.1469004005 0.2827673256
57.1 291.8 2668.3 0.3177919388 0.3707685173 -0.8726620078 0.0233531743 0.9170337915 0.3981251717 0.9478728175 -0.1469004005 0.2827673256
-14.7 109.2 2700.4 0.3240213394 0.3608907163 -0.8745101690 0.0389810689 0.9185026884 0.3934885859 0.9452463388 -0.1615880430 0.2835465670
11.5 286.3 2535.3 -0.3413822353 0.1012826636 -0.9344516993 0.8951603770 0.3381888270 -0.2903726101 0.2866114378 -0.9356121421 -0.2061158866
100.8 52.3 2460.4 -0.9499337077 0.1012826636 -0.2955803871 0.3122898936 0.3381888270 -0.8877518177 0.0100481212 -0.9356121421 -0.3528865278
102.7 297.2 2801.2 -0.0757472813 0.8949251175 -0.4397401214 -0.8396731615 0.1806014180 0.5121836662 0.5377837420 0.4080344737 0.7377645373
75.4 -5.3 2995.0 0.4291420579 0.8949251175 0.1222543120 -0.0978157595 0.1806014180 -0.9786803126 -0.8979249001 0.4080344737 0.1650414467
-115.0 -77.5 2647.9 0.6239670515 0.0204821937 -0.7811822295 -0.0894820541 0.9949538112 -0.0453863554 0.7763105631 0.0982213765 0.6226511598
-123.1 -473.1 2608.8 0.6278727651 0.0275554173 -0.7778280377 -0.0136090824 0.9996089935 0.0244268253 0.7781969905 -0.0047514131 0.6280022860
-60.1 -67.4 2822.7 0.6843810081 -0.2900245488 -0.6689606905 0.0504653566 0.9341263175 -0.3533571064 0.7273760438 0.2080715597 0.6539345384
55.2 -438.7 2740.0 0.6843810081 0.1309345812 -0.7172717452 0.0504653566 0.9728782773 0.2257456034 0.7273760438 -0.1906933784 0.6592117548
344.2 -27.8 2457.8 0 0 0 0 0 0 0 0 0
196.0 -32.8 2742.6 0 0 0 0 0 0 0 0 0
-131.1 -764.6 2610.2 0 0 0 0 0 0 0 0 0
16.6 -725.6 2796.2 0 0 0 0 0 0 0 0 0
134.7 471.5 2640.0 4 0.3577754200 0.3706527352 -0.8570958376 -0.0013734883 0.9180583954 0.3964428008 0.9338066578 -0.1406602710 0.3289678097
61.3 289.7 2667.9 0.3577754200 0.3706527352 -0.8570958376 -0.0013734883 0.9180583954 0.3964428008 0.9338066578 -0.1406602710 0.3289678097
-10.0 106.6 2698.2 0.3634803593 0.3584777117 -0.8598695993 0.0130155440 0.9209570289 0.3894467652 0.9315109253 -0.1527479291 0.3300839961
10.2 287.8 2537.0 -0.2744510174 0.0697070062 -0.9590712190 0.9205858111 0.3072273433 -0.2411080748 0.2778459787 -0.9490796924 -0.1484901309
82.3 45.8 2463.9 -0.9680052400 0.0697070062 -0.2410534471 0.2507279515 0.3072273433 -0.9180124402 0.0100663155 -0.9490796924 -0.3148751855
112.4 291.5 2798.8 -0.0577962548 0.9121332765 -0.4057985544 -0.8532416224 0.1658998132 0.4944249094 0.5183033347 0.3748201430 0.7686817050
91.5 -15.8 2985.5 0.3907708228 0.9121332765 0.1237378120 -0.0759054050 0.1658998132 -0.9832170010 -0.9173530340 0.3748201430 0.1340646595
-116.2 -77.0 2645.9 0.6561312675 0.0157869384 -0.7544816732 -0.0818750858 0.9953687191 -0.0503749549 0.7501921654 0.0948258340 0.6543850303
-122.4 -472.7 2608.2 0.6599217057 0.0285832509 -0.7507904768 -0.0096768364 0.9995165467 0.0295468289 0.7512720823 -0.0122333169 0.6598792672
