-141.3 432.4 2736.9 1 0.4986144304 0.3220804930 -0.8047657013 -0.3548533916 0.9228919744 0.1494975239 0.7908620238 0.2110322118 0.5744585991
-206.3 246.3 2694.3 0.4986144304 0.3220804930 -0.8047657013 -0.3548533916 0.9228919744 0.1494975239 0.7908620238 0.2110322118 0.5744585991
-262.7 59.3 2658.0 0.5131121278 0.2838215232 -0.8100378513 -0.3102487624 0.9412666559 0.1332768947 0.8002884984 0.1829272509 0.5710306168
-281.2 291.6 2577.4 0.1998555958 0.5295062065 -0.8244276047 0.7052313685 0.5063920021 0.4962014258 0.6802253127 -0.6805808544 -0.2722191215
-335.6 99.6 2392.2 -0.8219766021 0.5295062065 -0.2097083628 0.5046063662 0.5063920021 -0.6992421150 -0.2640584111 -0.6805808544 -0.6834346056
-131.3 201.0 2811.2 0.2599276006 0.9408776760 0.2172253430 -0.8206307292 0.3337966204 -0.4638372362 -0.5089231730 -0.0576976985 0.8588761091
-44.9 -72.0 2641.9 -0.0541733056 0.9408776760 0.3343867064 -0.0198657308 0.3337966204 -0.9424357414 -0.9983339310 -0.0576976985 0.0006083552
-362.7 -102.1 2559.0 0.6333164573 0.0503173061 -0.7722554207 0.0273528639 0.9958052039 0.0873147026 0.7734093666 -0.0764212385 0.6292834878
-382.7 -497.4 2589.3 0.6394414306 -0.0014043556 -0.7688385248 -0.1081951410 0.9898826480 -0.0917937830 0.7611888647 0.1418813318 0.6328200102
-267.9 -155.7 2706.4 -0.4531466663 0.2425024956 0.8578173518 -0.0611940399 0.9515549541 -0.3013279140 -0.8893331289 -0.1890390515 -0.4163542390
-364.0 -533.1 2781.4 -0.4531466663 -0.3031713963 0.8382989764 -0.0611940399 0.9487526417 0.3100382984 -0.8893331289 0.0891939178 -0.4484763741
-122.9 -30.9 2460.6 0 0 0 0 0 0 0 0 0
-59.0 -77.1 2381.8 0 0 0 0 0 0 0 0 0
-382.3 -819.3 2543.2 0 0 0 0 0 0 0 0 0
-267.2 -835.9 2752.9 0 0 0 0 0 0 0 0 0
-139.6 432.1 2735.8 2 0.4977809191 0.3318246901 -0.8013154864 -0.3610376120 0.9193392396 0.1564200521 0.7885848284 0.2114421278 0.5774307251
-206.8 246.0 2693.0 0.4977809191 0.3318246901 -0.8013154864 -0.3610376120 0.9193392396 0.1564200521 0.7885848284 0.2114421278 0.5774307251
-264.6 59.5 2656.1 0.5125484467 0.2910416126 -0.8078297377 -0.3169904947 0.9384832382 0.1369901299 0.7980044484 0.1858602464 0.5732755661
-281.7 292.3 2576.5 0.2620444596 0.5134018064 -0.8171604872 0.6916648149 0.4905858338 0.5300238729 0.6730026007 -0.7040910125 -0.2265466750
-348.2 116.7 2405.6 -0.8151641488 0.5134018064 -0.2681902051 0.5352170467 0.4905858338 -0.6876541376 -0.2214725763 -0.7040910125 -0.6746894121
-131.9 199.7 2809.6 0.2561507821 0.9371004701 0.2371274829 -0.8167313933 0.3410292566 -0.4654555321 -0.5170460343 -0.0744426697 0.8527143002
-46.5 -72.7 2637.1 -0.0791725293 0.9371004701 0.3399623036 -0.0000480021 0.3410292566 -0.9400526881 -0.9968609214 -0.0744426697 -0.0269551668
-366.1 -99.2 2548.3 0.6367278695 0.0507478714 -0.7694168687 0.0489442647 0.9931598902 0.1060087606 0.7695336938 -0.1051572710 0.6298887730
-386.2 -493.5 2590.0 0.6467994452 -0.0119733298 -0.7625661492 -0.1090355739 0.9881536961 -0.1079980209 0.7548256516 0.1529998928 0.6378316879
-272.0 -156.1 2695.0 -0.4816620946 0.2146200836 0.8496704102 -0.0756018758 0.9557576180 -0.2842741311 -0.8730899096 -0.2011607587 -0.4441265166
-357.2 -535.4 2774.8 -0.4816620946 -0.2867852449 0.8281037807 -0.0756018758 0.9550138712 0.2867627740 -0.8730899096 0.0755165592 -0.4816754758
-146.9 -15.5 2460.3 0 0 0 0 0 0 0 0 0
-63.7 -72.7 2420.9 0 0 0 0 0 0 0 0 0
-382.3 -819.7 2539.5 0 0 0 0 0 0 0 0 0
-266.2 -838.2 2750.9 0 0 0 0 0 0 0 0 0
-139.7 432.5 2735.8 3 0.4808815122 0.3262746930 -0.8138168454 -0.3524338603 0.9218266010 0.1613259315 0.8028345704 0.2092379481 0.5582796335
-205.7 246.0 2693.5 0.4808815122 0.3262746930 -0.8138168454 -0.3524338603 0.9218266010 0.1613259315 0.8028345704 0.2092379481 0.5582796335
-263.4 59.4 2656.8 0.4942428768 0.2902608216 -0.8194343448 -0.3121062815 0.9390136600 0.1443710327 0.8113653064 0.1843962520 0.5546930432
-277.9 291.6 2575.0 0.2643533051 0.5082749724 -0.8196181059 0.7073399425 0.4755159318 0.5230246782 0.6555818319 -0.7180119157 -0.2338189781
-343.8 115.3 2411.5 -0.8014752865 0.5082749724 -0.3151093721 0.5662502050 0.4755159318 -0.6732349992 -0.1923489720 -0.7180119157 -0.6689250469
-133.5 200.4 2812.0 0.2127512097 0.9691626430 0.1243410930 -0.8829988837 0.2451869398 -0.4002452791 -0.4183895886 -0.0246403776 0.9079333544
-69.1 -66.8 2685.3 -0.0326691642 0.9691626430 0.2442468256 0.0287318993 0.2451869398 -0.9690499902 -0.9990531802 -0.0246403776 -0.0358559377
-369.5 -97.9 2546.0 0.6204134226 0.0442824550 -0.7830237746 0.0558778420 0.9933715463 0.1004519835 0.7822818160 -0.1060754433 0.6138266325
-387.1 -492.5 2588.1 0.6302501559 -0.0123728001 -0.7762935758 -0.1015050113 0.9899777770 -0.0981875211 0.7697281837 0.1406803876 0.6226776838
-275.5 -156.0 2692.4 -0.5073555112 0.2304437011 0.8303530216 -0.0784513876 0.9472275376 -0.3108140230 -0.8581583500 -0.2228355557 -0.4625024796
-366.9 -532.0 2780.8 -0.5073555112 -0.3074459732 0.8050263524 -0.0784513876 0.9467901587 0.3121438920 -0.8581583500 0.0952124894 -0.5044787526
-140.9 -28.1 2460.2 0 0 0 0 0 0 0 0 0
-76.9 -60.0 2448.6 0 0 0 0 0 0 0 0 0
-382.9 -821.8 2541.3 0 0 0 0 0 0 0 0 0
-266.8 -840.5 2749.8 0 0 0 0 0 0 0 0 0
-137.3 433.4 2736.8 4 0.4631306231 0.3348332644 -0.8206075430 -0.3571633697 0.9178897142 0.1729532033 0.8111376762 0.2129910290 0.5446929932
-205.4 246.6 2693.4 0.4631306231 0.3348332644 -0.8206075430 -0.3571633697 0.9178897142 0.1729532033 0.8111376762 0.2129910290 0.5446929932
-264.9 60.6 2657.0 0.4780483842 0.2991421521 -0.8258230686 -0.3135311902 0.9363916516 0.1576985866 0.8204681277 0.1835337281 0.5414308906
-275.2 292.4 2573.6 0.1114868596 0.5103977323 -0.8526809812 0.7998389006 0.4631288946 0.3817974925 0.5897697806 -0.7245728374 -0.3566031754
-304.4 83.5 2419.6 -0.8068898320 0.5103977323 -0.2973599732 0.5492829084 0.4631288946 -0.6955572367 -0.2172948122 -0.7245728374 -0.6540467739
-135.6 200.9 2813.3 0.1993255466 0.9798514843 0.0126655120 -0.9551926851 0.1971628517 -0.2207571566 -0.2188063860 0.0319045372 0.9752465487
-73.5 -96.7 2745.1 0.0044989758 0.9798514843 0.1996768564 0.1379114836 0.1971628517 -0.9706220627 -0.9904343486 0.0319045372 -0.1342457384
-366.4 -98.5 2545.8 0.6089019775 0.0480597019 -0.7917882800 0.0467127152 0.9942582846 0.0962722301 0.7918688655 -0.0956069306 0.6031608582
-385.4 -493.6 2583.8 0.6164561510 -0.0078640478 -0.7873499990 -0.0970518738 0.9915663004 -0.0858905837 0.7813851833 0.1293615699 0.6104938984
-275.7 -155.8 2694.6 -0.5045616031 0.1345849335 0.8528214693 -0.1234872043 0.9663704038 -0.2255639732 -0.8544989824 -0.2191234529 -0.4709738791
-328.9 -537.8 2781.2 -0.5288239121 -0.2034793347 0.8239790201 -0.0214622337 0.9737313986 0.2266859561 -0.8484601378 0.1021925285 -0.5192995667
-96.8 -57.8 2475.5 0 0 0 0 0 0 0 0 0
-72.4 -62.6 2500.6 0 0 0 0 0 0 0 0 0
-382.9 -821.2 2541.0 0 0 0 0 0 0 0 0 0
-265.7 -840.2 2749.5 0 0 0 0 0 0 0 0 0
-139.0 434.5 2738.3 5 0.4699541330 0.3329434991 -0.8174911141 -0.3877868056 0.9098498225 0.1476304233 0.7929466963 0.2476327419 0.5566987991
-206.6 249.7 2688.0 0.4699541330 0.3329434991 -0.8174911141 -0.3877868056 0.9098498225 0.1476304233 0.7929466963 0.2476327419 0.5566987991
-266.7 65.7 2643.8 0.4829857945 0.3021940589 -0.8218293786 -0.3501002491 0.9269207120 0.1350845993 0.8025923967 0.2224787176 0.5534877181
-277.2 300.8 2570.9 0.0094329519 0.5338266492 -0.8455412984 0.8380566835 0.4570647478 0.2979141176 0.5455016494 -0.7114217877 -0.4430655241
-279.8 70.1 2420.7 -0.8084561229 0.5338266492 -0.2478463203 0.5224698782 0.4570647478 -0.7198034525 -0.2709684670 -0.7114217877 -0.6484251618
-136.1 198.6 2805.1 0.0968909189 0.9874031544 -0.1250887811 -0.9933022857 0.1038792208 0.0505936518 0.0629504547 0.1193489060 0.9908547401
-108.9 -79.6 2822.7 0.1131247208 0.9874031544 0.1106248200 0.0638973489 0.1038792208 -0.9925352335 -0.9915240407 0.1193489060 -0.0513411388
-368.1 -96.7 2545.2 0.6166153550 0.0558523685 -0.7852808237 0.0538524427 0.9921513796 0.1128516644 0.7854205370 -0.1118753627 0.6087680459
-390.3 -490.9 2589.7 0.6263988018 -0.0158148129 -0.7793423533 -0.0986995026 0.9901381731 -0.0994224176 0.7732289433 0.1391987801 0.6186604500
-280.5 -154.2 2695.7 -0.5145944357 0.1504521966 0.8441307545 -0.1122507602 0.9641913176 -0.2402807027 -0.8500543237 -0.2184014320 -0.4792791605
-340.1 -536.3 2782.3 -0.5329339504 -0.2257581055 0.8154843450 -0.0399982445 0.9693948030 0.2422269732 -0.8452109694 0.0964730382 -0.5256533027
-69.4 -65.8 2491.2 0 0 0 0 0 0 0 0 0
-80.5 -63.6 2573.5 0 0 0 0 0 0 0 0 0
-385.1 -820.5 2543.4 0 0 0 0 0 0 0 0 0
-268.2 -845.0 2751.5 0 0 0 0 0 0 0 0 0
-137.2 433.1 2737.5 6 0.5007408857 0.3324540257 -0.7992076278 -0.3847112954 0.9125758410 0.1385732889 0.7754068375 0.2380748838 0.5848628879
-204.6 248.1 2689.2 0.5007408857 0.3324540257 -0.7992076278 -0.3847112954 0.9125758410 0.1385732889 0.7754068375 0.2380748838 0.5848628879
-265.2 63.9 2646.3 0.5123252273 0.3050123453 -0.8028015494 -0.3512734473 0.9274544716 0.1281995773 0.7836643457 0.2163230032 0.5823010802
-279.4 299.3 2574.9 -0.1094187424 0.5990648866 -0.7931890488 0.8457462788 0.4753688276 0.2423587143 0.5222459435 -0.6443180442 -0.5586711168
-248.3 58.5 2426.2 -0.7768111229 0.5990648866 -0.1941282600 0.5401444435 0.4753688276 -0.6944555044 -0.3237413764 -0.6443180442 -0.6928533316
-129.9 196.8 2803.6 0.0225637369 0.9334054589 -0.3581133485 -0.9876212478 0.0764278769 0.1369783431 0.1552261710 0.3505896032 0.9235755205
-123.9 -62.3 2844.3 0.3545614779 0.9334054589 -0.0551402047 -0.3465931714 0.0764278769 -0.9348967671 -0.8684234619 0.3505896032 0.3506103456
-371.1 -86.2 2526.1 0.6451935768 0.0504717268 -0.7623502016 0.0935307518 0.9850926995 0.1443756074 0.7582725286 -0.1644534022 0.6308548450
-391.1 -477.1 2591.4 0.6611537933 -0.0224620346 -0.7499140501 -0.0937689841 0.9892400503 -0.1123009548 0.7443675399 0.1445668787 0.6519336104
-282.5 -150.4 2673.2 -0.6261889338 0.1946883500 0.7549727559 -0.1049013659 0.9384793043 -0.3290172517 -0.7725821137 -0.2852246165 -0.5672422647
-359.5 -521.5 2786.0 -0.6261889338 -0.2843159139 0.7259833813 -0.1049013659 0.9533968568 0.2828960121 -0.7725821137 0.1009897068 -0.6268316507
-42.5 -84.6 2511.9 0 0 0 0 0 0 0 0 0
-43.9 -140.5 2648.3 0 0 0 0 0 0 0 0 0
-383.3 -820.1 2541.2 0 0 0 0 0 0 0 0 0
-261.7 -849.3 2751.2 0 0 0 0 0 0 0 0 0
-134.4 438.0 2736.1 7 0.5327446461 0.3193652034 -0.7837020755 -0.3636038005 0.9226065874 0.1287995279 0.7641828060 0.2163397968 0.6076361537
-199.1 251.2 2692.3 0.5327446461 0.3193652034 -0.7837020755 -0.3636038005 0.9226065874 0.1287995279 0.7641828060 0.2163397968 0.6076361537
-258.2 65.5 2654.0 0.5432465076 0.2978648841 -0.7849584222 -0.3319983184 0.9349585176 0.1250185817 0.7711422443 0.1926889569 0.6068035960
-278.4 299.6 2579.8 -0.2198840231 0.6668274403 -0.7120338678 0.8365442753 0.5043718815 0.2140155286 0.5018412471 -0.5485892296 -0.6687340140
-212.9 50.7 2430.5 -0.7279779315 0.6668274403 -0.1593402922 0.5982853174 0.5043718815 -0.6226264238 -0.3348176181 -0.5485892296 -0.7661246657
-119.8 202.7 2804.8 -0.0189824216 0.9479624033 -0.3178159297 -0.9670825601 0.0632674992 0.2464721799 0.2537537813 0.3120328784 0.9155569673
-124.7 -49.4 2871.0 0.3036533892 0.9479624033 -0.0957179219 -0.4743030369 0.0632674992 -0.8780853152 -0.8263360262 0.3120328784 0.4688328207
-372.8 -88.2 2531.5 0.6673523188 0.0344865173 -0.7439432740 0.0814993903 0.9895461202 0.1189805865 0.7402693629 -0.1400328875 0.6575652361
-386.5 -481.0 2587.1 0.6801648736 -0.0140164606 -0.7329251766 -0.0921958461 0.9902426004 -0.1044964418 0.7272384167 0.1386474669 0.6722359657
-278.9 -152.5 2675.1 -0.5657927394 0.2005773485 0.7997795343 -0.1048206389 0.9445955157 -0.3110497296 -0.8178576827 -0.2598230839 -0.5134206414
-358.4 -526.9 2778.1 -0.5657927394 -0.2897649407 0.7719551921 -0.1048206389 0.9538975954 0.2812330425 -0.8178576827 0.0782027766 -0.5700816512
-14.5 -112.3 2521.8 0 0 0 0 0 0 0 0 0
-51.7 -163.5 2672.1 0 0 0 0 0 0 0 0 0
-381.7 -821.7 2539.4 0 0 0 0 0 0 0 0 0
-261.8 -844.7 2752.0 0 0 0 0 0 0 0 0 0
-134.3 440.1 2736.0 8 0.5325106978 0.3177965283 -0.7844983935 -0.3539253175 0.9255252481 0.1346843988 0.7688753009 0.2059329599 0.6053283215
-199.2 251.3 2693.9 0.5325106978 0.3177965283 -0.7844983935 -0.3539253175 0.9255252481 0.1346843988 0.7688753009 0.2059329599 0.6053283215
-256.9 64.6 2658.3 0.5447023511 0.2907274365 -0.7866237164 -0.3165522218 0.9398761988 0.1281693429 0.7765913010 0.1791933477 0.6039832234
-278.7 297.5 2580.6 -0.2182779759 0.6392048001 -0.7374089360 0.8274477720 0.5218347311 0.2074095458 0.5173828006 -0.5648944378 -0.6428136230
-214.5 54.1 2428.4 -0.7514563203 0.6392048001 -0.1634951234 0.5799843073 0.5218347311 -0.6255451441 -0.3145340085 -0.5648944378 -0.7628647685
-119.7 205.1 2807.3 -0.0365311094 0.9317110181 -0.3613586724 -0.9522627592 0.0772141814 0.2953534424 0.3030860424 0.3548979759 0.8844129443
-129.0 -37.8 2884.6 0.3368085623 0.9317110181 -0.1359212846 -0.5493602157 0.0772141814 -0.8320103884 -0.7646982074 0.3548979759 0.5378513932
-367.0 -89.8 2545.1 0.6640400887 0.0490326844 -0.7460874915 0.0517849363 0.9924352765 0.1113127396 0.7459015250 -0.1125522181 0.6564776897
-386.5 -483.8 2589.8 0.6740760803 -0.0145664169 -0.7385182977 -0.0995927528 0.9888840318 -0.1104069948 0.7319171429 0.1479737759 0.6651323438
-267.5 -150.7 2686.4 -0.4851749837 0.2290123403 0.8438948989 -0.0835437179 0.9485388994 -0.3054414093 -0.8704169393 -0.2186946422 -0.4410747886
-358.3 -526.6 2773.1 -0.4851749837 -0.2858954370 0.8263589144 -0.0835437179 0.9558724761 0.2816527486 -0.8704169393 0.0676137805 -0.4876501858
-7.3 -105.8 2515.1 0 0 0 0 0 0 0 0 0
-45.1 -174.6 2694.2 0 0 0 0 0 0 0 0 0
-381.6 -819.4 2539.6 0 0 0 0 0 0 0 0 0
-263.4 -843.7 2750.6 0 0 0 0 0 0 0 0 0
-140.6 441.2 2735.4 9 0.4945071638 0.3034403622 -0.8144854903 -0.3405639827 0.9297955632 0.1396294683 0.7996742129 0.2083366364 0.5631314516
-201.8 253.7 2693.3 0.4945071638 0.3034403622 -0.8144854903 -0.3405639827 0.9297955632 0.1396294683 0.7996742129 0.2083366364 0.5631314516
-257.4 66.1 2659.2 0.5078505874 0.2799997032 -0.8146704435 -0.2976987660 0.9444811344 0.1390352994 0.8083707094 0.1719172448 0.5630108714
-275.8 297.1 2575.4 -0.2264684886 0.6664226055 -0.7103470564 0.8086532950 0.5351740718 0.2442715913 0.5429474115 -0.5191046596 -0.6601048708
-209.7 61.0 2416.9 -0.7329573631 0.6664226055 -0.1365811527 0.5978091359 0.5351740718 -0.5968357921 -0.3246501684 -0.5191046596 -0.7906532884
-127.7 210.3 2811.2 -0.0746295601 0.9127568007 -0.4016284347 -0.9135054946 0.0989446416 0.3946107626 0.3999226391 0.3963394165 0.8264241815
-145.7 -10.4 2907.8 0.3710913360 0.9127568007 -0.1707811654 -0.6064507365 0.0989446416 -0.7889407277 -0.7032131553 0.3963394165 0.5902595520
-364.6 -93.1 2551.6 0.6262309551 0.0623173267 -0.7771430612 0.0436317585 0.9924368858 0.1147402301 0.7784157395 -0.1057620049 0.6187757254
-389.3 -487.3 2593.6 0.6370543242 -0.0218289401 -0.7705097198 -0.1085306928 0.9871009588 -0.1176978275 0.7631401420 0.1586038619 0.6264678836
-264.7 -151.1 2693.9 -0.4082407057 0.2317176163 0.8829759359 -0.0802091807 0.9544022083 -0.2875463068 -0.9093437195 -0.1882108748 -0.3710399568
-356.6 -529.8 2768.6 -0.4082407057 -0.2906535864 0.8653669953 -0.0802091807 0.9557129741 0.2831593454 -0.9093437195 0.0461867861 -0.4134740233
-5.3 -105.7 2507.4 0 0 0 0 0 0 0 0 0
-51.7 -164.1 2729.6 0 0 0 0 0 0 0 0 0
-382.0 -818.2 2540.4 0 0 0 0 0 0 0 0 0
-259.3 -849.7 2753.1 0 0 0 0 0 0 0 0 0
-148.3 441.5 2735.1 0 0.4421311617 0.2899056971 -0.8488078117 -0.3187006712 0.9353505373 0.1534575373 0.8384211063 0.2026672512 0.5059407353
-207.0 252.1 2694.0 0.4421311617 0.2899056971 -0.8488078117 -0.3187006712 0.9353505373 0.1534575373 0.8384211063 0.2026672512 0.5059407353
-259.9 63.4 2661.1 0.4548387229 0.2658913732 -0.8499550223 -0.2756045759 0.9495640397 0.1495670229 0.8468552828 0.1662226170 0.5051793456
-273.3 292.3 2570.7 -0.2123963833 0.6479505897 -0.7314696312 0.7875751257 0.5566226244 0.2643798590 0.5784575939 -0.5199339390 -0.6285343766
-213.1 69.3 2406.9 -0.7478982210 0.6479505897 -0.1442505866 0.5942165852 0.5566226244 -0.5805841088 -0.2958967090 -0.5199339390 -0.8013200760
-140.8 211.9 2817.3 -0.0720427930 0.8963442445 -0.4374663532 -0.8909522891 0.1393258870 0.4321947396 0.4483456612 0.4208981693 0.7885625362
-157.4 6.8 2920.5 0.4047178924 0.8963442445 -0.1810259819 -0.6447485685 0.1393258870 -0.7515900135 -0.6484618187 0.4208981693 0.6343043447
-359.6 -94.3 2551.1 0.5721336603 0.0701882616 -0.8171515465 0.0371179506 0.9930946827 0.1112890393 0.8193200231 -0.0940032005 0.5655776262
-387.5 -488.8 2588.5 0.5806154609 -0.0132936435 -0.8140693903 -0.1117037684 0.9891108871 -0.0958220884 0.8064787388 0.1465703994 0.5728081465
-266.6 -148.8 2699.1 -0.3819392920 0.2379335910 0.8930341601 -0.0771733671 0.9547052979 -0.2873708904 -0.9209596515 -0.1786766797 -0.3462773263
-361.1 -527.9 2770.1 -0.3819392920 -0.3047569692 0.8724938631 -0.0771733671 0.9512858391 0.2984954417 -0.9209596515 0.0466738455 -0.3868525624
-3.6 -97.2 2489.8 0 0 0 0 0 0 0 0 0
-53.8 -158.2 2754.5 0 0 0 0 0 0 0 0 0
-383.0 -821.0 2539.2 0 0 0 0 0 0 0 0 0
-258.1 -849.2 2754.3 0 0 0 0 0 0 0 0 0
-148.8 444.2 2733.4 1 0.4316757917 0.2875032723 -0.8549841642 -0.3006941080 0.9394962192 0.1641034633 0.8504346609 0.1862491965 0.4920082986
-207.1 253.5 2695.6 0.4316757917 0.2875032723 -0.8549841642 -0.3006941080 0.9394962192 0.1641034633 0.8504346609 0.1862491965 0.4920082986
-258.6 63.9 2666.0 0.4448295832 0.2588974535 -0.8573790193 -0.2551042140 0.9542783499 0.1558031142 0.8585152626 0.1494151652 0.4905371070
-272.0 290.7 2570.4 -0.2362708598 0.6870452166 -0.6871280670 0.7655413747 0.5671291351 0.3038272560 0.5984333754 -0.4542393982 -0.6599575877
-204.9 73.2 2400.4 -0.7124176621 0.6870452166 -0.1429334730 0.6487405300 0.5671291351 -0.5074448586 -0.2675758302 -0.4542393982 -0.8497468829
-142.3 216.3 2820.8 -0.0439197756 0.9070811272 -0.4186584949 -0.9190213084 0.1276444793 0.3729701340 0.3917536139 0.4011368454 0.8280207515
-152.6 1.0 2912.5 0.3812716007 0.9070811272 -0.1784260571 -0.6530239582 0.1276444793 -0.7465029359 -0.6543635726 0.4011368454 0.6410129070
-354.4 -100.0 2550.8 0.5597078800 0.0843755454 -0.8243833184 0.0416535139 0.9906811118 0.1296763867 0.8276425004 -0.1069193557 0.5509774685
-387.9 -493.6 2593.3 0.5702322721 -0.0194700900 -0.8212527633 -0.1184100136 0.9873309731 -0.1056247726 0.8129047751 0.1574752033 0.5607025623
-271.3 -150.5 2705.6 -0.3574684560 0.2210412472 0.9073902369 -0.0676473603 0.9629073143 -0.2612150908 -0.9314720035 -0.1547587067 -0.3292561471
-359.0 -532.8 2767.1 -0.3574684560 -0.2953852415 0.8859818578 -0.0676473603 0.9543622136 0.2908893824 -0.9314720035 0.0440494418 -0.3611364067
-3.2 -110.4 2476.2 0 0 0 0 0 0 0 0 0
-54.3 -167.4 2743.8 0 0 0 0 0 0 0 0 0
-381.4 -821.1 2541.0 0 0 0 0 0 0 0 0 0
-263.4 -841.6 2752.8 0 0 0 0 0 0 0 0 0
-145.5 451.8 2735.1 2 0.4195667803 0.2920759916 -0.8594505787 -0.2915478647 0.9400138259 0.1771267205 0.8596298695 0.1762544960 0.4795527160
-205.3 259.5 2699.0 0.4195667803 0.2920759916 -0.8594505787 -0.2915478647 0.9400138259 0.1771267205 0.8596298695 0.1762544960 0.4795527160
-256.8 69.6 2671.7 0.4338056743 0.2590875626 -0.8629520535 -0.2425661534 0.9559862614 0.1650816500 0.8677409291 0.1377096027 0.4775581360
-268.6 294.9 2572.4 -0.2374189645 0.7129174471 -0.6598340273 0.7592715621 0.5598801374 0.3317241073 0.6059198976 -0.4222356379 -0.6742241383
-199.7 74.7 2396.7 -0.6842290759 0.7129174471 -0.1535554379 0.6872320175 0.5598801374 -0.4628675282 -0.2440136820 -0.4222356379 -0.8730260134
-142.0 224.1 2825.7 -0.0365086645 0.8807429671 -0.4721852839 -0.9390720129 0.1313610822 0.3176287413 0.3417760432 0.4550121725 0.8222852349
-150.8 -2.6 2908.2 0.4139725566 0.8807429671 -0.2300403118 -0.6802113652 0.1313610822 -0.7211496234 -0.6049290895 0.4550121725 0.6534712315
-350.8 -102.3 2557.8 0.5467540026 0.0985509381 -0.8314732313 0.0223467667 0.9909777045 0.1321509331 0.8369950056 -0.0908347890 0.5396187305
-390.0 -496.0 2593.9 0.5562838912 -0.0256316755 -0.8305969238 -0.1213330552 0.9863071442 -0.1116983742 0.8220866919 0.1629148722 0.5455567837
-269.4 -149.0 2715.0 -0.3848309815 0.2292192876 0.8940714002 -0.0503794923 0.9620110393 -0.2683220506 -0.9216111302 -0.1483014971 -0.3586636782
-360.5 -531.2 2773.9 -0.3848309815 -0.2942750752 0.8748184443 -0.0503794923 0.9530963898 0.2984446883 -0.9216111302 0.0707778484 -0.3816064298
-3.6 -122.3 2466.6 0 0 0 0 0 0 0 0 0
-43.9 -178.3 2751.9 0 0 0 0 0 0 0 0 0
-381.5 -821.8 2540.1 0 0 0 0 0 0 0 0 0
-265.0 -840.5 2750.9 0 0 0 0 0 0 0 0 0
-144.7 455.2 2743.9 3 0.3945778310 0.2922288775 -0.8711547852 -0.2855532169 0.9401340485 0.1860304922 0.8733657598 0.1753575206 0.4544029236
-204.4 263.3 2708.1 0.3945778310 0.2922288775 -0.8711547852 -0.2855532169 0.9401340485 0.1860304922 0.8733657598 0.1753575206 0.4544029236
-255.9 73.3 2680.7 0.4083579779 0.2592190206 -0.8752424121 -0.2381736934 0.9558752179 0.1719762683 0.8812020421 0.1382318288 0.4520784318
-263.9 298.0 2579.5 -0.2111666650 0.7660713792 -0.6070776582 0.7429723740 0.5293734670 0.4095800221 0.6351383328 -0.3645522892 -0.6809558868
-201.0 76.6 2390.3 -0.6291566491 0.7660713792 -0.1315163374 0.7336383462 0.5293734670 -0.4260732830 -0.2567812800 -0.3645522892 -0.8950782418
-144.8 228.5 2836.7 -0.0503679067 0.8965099454 -0.4401511252 -0.9281533360 0.1207116023 0.3520797193 0.3687743247 0.4262612462 0.8260186911
-156.3 15.9 2921.2 0.3829391897 0.8965099454 -0.2227723449 -0.6949641109 0.1207116023 -0.7088395953 -0.6085905433 0.4262612462 0.6692674756
-348.1 -98.1 2564.9 0.5219236016 0.0942899436 -0.8477647901 0.0128629245 0.9928886294 0.1183498949 0.8528952599 -0.0726743340 0.5169991851
-385.5 -492.6 2593.8 0.5296607614 -0.0145237707 -0.8480852246 -0.1319073737 0.9862786531 -0.0992714390 0.8378902078 0.1644488722 0.5204772949
-268.6 -142.6 2723.9 -0.3316495419 0.2386755794 0.9127116203 -0.0400479212 0.9630337954 -0.2663870156 -0.9425522685 -0.1248993352 -0.3098312616
-363.4 -525.1 2773.5 -0.3316495419 -0.3041896820 0.8930158019 -0.0400479212 0.9502764940 0.3088214695 -0.9425522685 0.0666570663 -0.3273409307
-18.9 -135.7 2464.6 0 0 0 0 0 0 0 0 0
-57.1 -164.0 2763.6 0 0 0 0 0 0 0 0 0
-380.7 -821.4 2538.9 0 0 0 0 0 0 0 0 0
-261.9 -842.3 2751.2 0 0 0 0 0 0 0 0 0
-141.1 457.1 2740.8 4 0.4358721077 0.2984210253 -0.8490938544 -0.2820533216 0.9411955476 0.1860022694 0.8546703458 0.1584165543 0.4944115281
-201.8 265.7 2708.6 0.4358721077 0.2984210253 -0.8490938544 -0.2820533216 0.9411955476 0.1860022694 0.8546703458 0.1584165543 0.4944115281
-254.0 75.6 2683.8 0.4493783712 0.2633062601 -0.8536561728 -0.2364234030 0.9565581083 0.1705887914 0.8614888787 0.1251654029 0.4921082854
-267.3 300.2 2583.0 -0.2184429914 0.8015105724 -0.5566538572 0.7288962007 0.5132902861 0.4530379474 0.6488397121 -0.3067798913 -0.6963426471
-200.9 78.5 2385.6 -0.5880023241 0.8015105724 -0.1087845266 0.7698442340 0.5132902861 -0.3793058991 -0.2481796443 -0.3067798913 -0.9188541770
-136.2 231.2 2834.3 -0.1027673706 0.9117061496 -0.3977822959 -0.9048808217 0.0803805962 0.4180067778 0.4130733311 0.4029030204 0.8167248964
-159.7 24.0 2928.9 0.3417833745 0.9117061496 -0.2279825062 -0.6925801635 0.0803805962 -0.7168484330 -0.6352297664 0.4029030204 0.6589023471
-344.8 -94.8 2572.5 0.5581485033 0.1053506210 -0.8230258226 -0.0140120834 0.9929621220 0.1176006272 0.8296227455 -0.0541063063 0.5556964874
-386.7 -489.3 2594.0 0.5630735755 -0.0155982831 -0.8262595534 -0.1206806153 0.9875518680 -0.1008837670 0.8175477386 0.1565185040 0.5541819334
-270.0 -138.4 2734.0 -0.3762615025 0.1243617684 0.9181293249 -0.0485997424 0.9869374037 -0.1535987258 -0.9252380133 -0.1024141312 -0.3653026223
-319.1 -527.8 2774.4 -0.3833563924 -0.1917324215 0.9034802318 -0.0136209549 0.9792826772 0.2020393461 -0.9235000610 0.0651468113 -0.3780258596
-29.9 -145.4 2457.8 0 0 0 0 0 0 0 0 0
-71.2 -155.5 2764.3 0 0 0 0 0 0 0 0 0
-381.4 -821.7 2541.3 0 0 0 0 0 0 0 0 0
-256.5 -847.2 2753.1 0 0 0 0 0 0 0 0 0
-138.3 457.4 2738.3 5 0.4483270645 0.3025993705 -0.8410924077 -0.2820026577 0.9407838583 0.1881495714 0.8482201099 0.1528377682 0.5071126819
-199.8 266.2 2707.2 0.4483270645 0.3025993705 -0.8410924077 -0.2820026577 0.9407838583 0.1881495714 0.8482201099 0.1528377682 0.5071126819
-252.7 76.1 2683.4 0.4621199369 0.2663211823 -0.8458830714 -0.2360081077 0.9563766122 0.1721742451 0.8548364639 0.1200701147 0.5048146248
-267.2 300.6 2582.5 -0.1814191788 0.8183118701 -0.5453923345 0.7286636233 0.4842956364 0.4842593074 0.6604062319 -0.3095535934 -0.6841346025
-212.1 79.4 2382.0 -0.5619044900 0.8183118701 -0.1209503934 0.7873884439 0.4842956364 -0.3814147413 -0.2535404563 -0.3095535934 -0.9164571762
-132.3 231.7 2832.0 -0.1343944818 0.9148604870 -0.3807471395 -0.8909542561 0.0566268936 0.4505484700 0.4337495267 0.3997794986 0.8074885011
-163.1 27.3 2931.5 0.3246571720 0.9148604870 -0.2400582731 -0.6918315291 0.0566268936 -0.7198350430 -0.6449549198 0.3997794986 0.6513136625
-347.5 -92.8 2580.1 0.5690616965 0.0990989506 -0.8163015246 -0.0292744711 0.9945237041 0.1003272384 0.8217735291 -0.0331955962 0.5688464642
-386.8 -487.8 2593.3 0.5730084777 -0.0170893930 -0.8193712234 -0.1198189855 0.9872929454 -0.1043843478 0.8107432723 0.1579893529 0.5636795759
-265.2 -136.1 2737.8 -0.3812415302 0.1988474727 0.9028369784 0.0060545728 0.9771098495 -0.2126492113 -0.9244556427 -0.0756044239 -0.3737187982
-343.6 -521.8 2767.7 -0.3655555844 -0.2544992566 0.8953207731 -0.0565164499 0.9661880136 0.2515681982 -0.9290721416 0.0413618051 -0.3675788045
-49.0 -149.2 2455.6 0 0 0 0 0 0 0 0 0
-78.9 -152.2 2764.2 0 0 0 0 0 0 0 0 0
-381.0 -822.0 2539.8 0 0 0 0 0 0 0 0 0
-256.0 -854.6 2753.4 0 0 0 0 0 0 0 0 0
-144.4 451.5 2746.0 6 0.4317764640 0.2789627612 -0.8577580452 -0.2811038494 0.9452275038 0.1659083813 0.8570587635 0.1694837511 0.4865445197
-201.0 259.6 2711.6 0.4317764640 0.2789627612 -0.8577580452 -0.2811038494 0.9452275038 0.1659083813 0.8570587635 0.1694837511 0.4865445197
-251.1 69.4 2684.1 0.4427413344 0.2523142993 -0.8604171276 -0.2418313324 0.9576333165 0.1563844383 0.8634220958 0.1388379633 0.4850013256
-265.6 295.0 2585.6 -0.0684698075 0.7835570574 -0.6175356507 0.6811171174 0.4889968634 0.5449417830 0.7289659381 -0.3833020329 -0.5671756268
-245.5 94.1 2370.6 -0.6052931547 0.7835570574 -0.1402091384 0.7399904132 0.4889968634 -0.4618400633 -0.2933162153 -0.3833020329 -0.8758111596
-136.4 224.3 2837.7 -0.1542691290 0.9016700983 -0.4039704204 -0.8912947774 0.0494400710 0.4507208765 0.4263738394 0.4295890629 0.7960267663
-171.8 19.5 2935.6 0.3458070457 0.9016700983 -0.2596316040 -0.6789121032 0.0494400710 -0.7325531244 -0.6476849914 0.4295890629 0.6292514205
-347.9 -92.3 2581.2 0.5470767021 0.0959557965 -0.8315645456 -0.0450609177 0.9953435659 0.0852095112 0.8358687758 -0.0091450801 0.5488531590
-386.0 -487.7 2584.9 0.5487956405 -0.0165365506 -0.8357929587 -0.0992857069 0.9914382696 -0.0848087221 0.8300395608 0.1295249462 0.5424551368
-263.2 -135.6 2737.9 -0.2360485047 0.2332255244 0.9433382154 -0.0221433528 0.9692279100 -0.2451671958 -0.9714889526 -0.0787600204 -0.2236203998
-355.5 -519.2 2769.1 -0.2360485047 -0.2793247104 0.9307302833 -0.0221433528 0.9590938091 0.2822210789 -0.9714889526 0.0460083745 -0.2325778455
-70.7 -119.5 2455.3 0 0 0 0 0 0 0 0 0
-82.0 -156.7 2767.5 0 0 0 0 0 0 0 0 0
-380.4 -822.6 2541.1 0 0 0 0 0 0 0 0 0
-259.1 -850.2 2753.2 0 0 0 0 0 0 0 0 0
-139.6 450.3 2750.4 7 0.4343022108 0.2887583673 -0.8532292843 -0.2923153639 0.9411414266 0.1697190106 0.8520172238 0.1757026911 0.4931483269
-198.6 258.0 2714.5 0.4343022108 0.2887583673 -0.8532292843 -0.2923153639 0.9411414266 0.1697190106 0.8520172238 0.1757026911 0.4931483269
-250.5 68.4 2685.5 0.4456611872 0.2611688673 -0.8562574983 -0.2531658709 0.9542202353 0.1592819840 0.8586577773 0.1457893848 0.4913779795
-263.7 294.9 2589.1 0.0074943160 0.7589452267 -0.6511113048 0.6732284427 0.4776271284 0.5644783378 0.7393965721 -0.4425770640 -0.5073640347
-265.9 93.9 2368.2 -0.6329115033 0.7589452267 -0.1530526727 0.7008537650 0.4776271284 -0.5297889113 -0.3289786577 -0.4425770640 -0.8342053890
-133.5 221.0 2839.9 -0.1686104238 0.9035958052 -0.3938084841 -0.8899732828 0.0321772769 0.4548760056 0.4236957431 0.4271758795 0.7987506986
-172.3 16.3 2937.3 0.3347042501 0.9035958052 -0.2673717737 -0.6754033566 0.0321772769 -0.7367461324 -0.6571174264 0.4271758795 0.6210615635
-341.7 -98.7 2577.4 0.5524430871 0.1127724051 -0.8258867860 -0.0483081415 0.9934720993 0.1033419371 0.8321496248 -0.0171934813 0.5542846322
-386.5 -493.4 2584.2 0.5540091991 -0.0191566832 -0.8322901130 -0.0961877704 0.9915669560 -0.0868495777 0.8269351721 0.1281715930 0.5474945903
-260.6 -143.1 2735.7 -0.1970506459 0.2511131167 0.9476883411 -0.0249123666 0.9650463462 -0.2608925104 -0.9800767303 -0.0750181973 -0.1839071959
-360.2 -525.8 2765.4 -0.1970506459 -0.3051994741 0.9316782355 -0.0249123666 0.9515625834 0.3064441979 -0.9800767303 0.0371747203 -0.1951092631
-84.2 -107.4 2462.7 0 0 0 0 0 0 0 0 0
-85.4 -159.1 2766.7 0 0 0 0 0 0 0 0 0
-380.2 -819.7 2542.1 0 0 0 0 0 0 0 0 0
-255.7 -851.6 2752.7 0 0 0 0 0 0 0 0 0
-136.6 447.8 2743.1 8 0.4870105088 0.3067318499 -0.8177630305 -0.3001019061 0.9380639791 0.1731324494 0.8202192187 0.1610949188 0.5488978028
-198.8 257.3 2710.4 0.4870105088 0.3067318499 -0.8177630305 -0.3001019061 0.9380639791 0.1731324494 0.8202192187 0.1610949188 0.5488978028
-253.0 68.2 2682.8 0.4982773066 0.2726382911 -0.8230358958 -0.2633461952 0.9520159364 0.1559306979 0.8260560036 0.1390466541 0.5461662412
-271.5 295.8 2590.0 0.0136560341 0.7651020288 -0.6437642574 0.6772019267 0.4666098058 0.5689225197 0.7356704473 -0.4437276423 -0.5117565393
-275.6 91.2 2367.7 -0.6292487383 0.7651020288 -0.1366196871 0.6880204678 0.4666098058 -0.5557905436 -0.3614883721 -0.4437276423 -0.8200194836
-126.2 218.9 2830.8 -0.1484796405 0.9285229445 -0.3402923644 -0.8924511671 0.0224230047 0.4505863786 0.4260101914 0.3705972433 0.8253320456
-160.4 13.6 2928.8 0.2892343402 0.9285229445 -0.2327844352 -0.6695283651 0.0224230047 -0.7424479723 -0.6841602325 0.3705972433 0.6281579733
-343.2 -98.0 2577.9 0.6041004062 0.1099895611 -0.7892813087 -0.0555122718 0.9938315749 0.0960064605 0.7949724197 -0.0141827418 0.6064798236
-386.9 -492.9 2583.5 0.6049064994 -0.0168393869 -0.7961184382 -0.0861355215 0.9925263524 -0.0864412487 0.7916241884 0.1208629459 0.5989351869
-261.5 -144.5 2735.3 -0.2488790303 0.2584933937 0.9334025979 -0.0271159671 0.9614892006 -0.2735017240 -0.9681549072 -0.0933789611 -0.2322852165
-364.1 -526.1 2772.4 -0.2488790303 -0.3160992265 0.9155001640 -0.0271159671 0.9471461773 0.3196543157 -0.9681549072 0.0547305867 -0.2442961484
-94.0 -107.4 2472.0 0 0 0 0 0 0 0 0 0
-85.3 -160.1 2751.3 0 0 0 0 0 0 0 0 0
-381.4 -819.8 2543.7 0 0 0 0 0 0 0 0 0
-256.0 -849.9 2753.7 0 0 0 0 0 0 0 0 0
-143.4 444.6 2750.4 9 0.4710032642 0.2910114229 -0.8327474594 -0.3025107384 0.9400579333 0.1574115157 0.8286393285 0.1777737141 0.5308043957
-202.2 254.5 2714.5 0.4710032642 0.2910114229 -0.8327474594 -0.3025107384 0.9400579333 0.1574115157 0.8286393285 0.1777737141 0.5308043957
-253.8 65.1 2683.8 0.4814329445 0.2598548830 -0.8370769024 -0.2666654289 0.9531916380 0.1425316781 0.8349322677 0.1546000242 0.5281921625
-272.5 293.4 2592.7 0.0303322747 0.7680613995 -0.6396574378 0.6845992208 0.4503201842 0.5731802583 0.7282882929 -0.4552948475 -0.5121549964
-281.7 85.7 2371.7 -0.6272575855 0.7680613995 -0.1289557368 0.6722190380 0.4503201842 -0.5876506567 -0.3932804167 -0.4552948475 -0.7987722754
-132.0 215.5 2836.3 -0.1517636776 0.9190794230 -0.3636767566 -0.8970618248 0.0264196154 0.4411145747 0.4150275290 0.3931857049 0.8204615712
-166.9 9.1 2931.8 0.3116248548 0.9190794230 -0.2412114143 -0.6594480872 0.0264196154 -0.7512857318 -0.6841185093 0.3931857049 0.6143181920
-352.7 -96.9 2579.7 0.5892043710 0.0822110921 -0.8037907481 -0.0213382021 0.9960464239 0.0862332731 0.8077022433 -0.0336575732 0.5886291862
-385.3 -492.5 2593.1 0.5931772590 -0.0111268945 -0.8049950004 -0.1190946624 0.9876905084 -0.1014095470 0.7962142825 0.1560244411 0.5845504403
-261.5 -145.2 2730.9 -0.2288610339 0.1528294832 0.9613873959 -0.0341821611 0.9857285023 -0.1648360789 -0.9728587866 -0.0705868602 -0.2203707993
-321.8 -534.3 2758.7 -0.2301602513 -0.1991699934 0.9525532126 -0.0278153997 0.9797786474 0.1981417090 -0.9727551341 0.0191086959 -0.2310460955
-99.3 -109.7 2486.0 0 0 0 0 0 0 0 0 0
-86.0 -162.1 2754.2 0 0 0 0 0 0 0 0 0
-381.7 -815.9 2542.0 0 0 0 0 0 0 0 0 0
-258.8 -844.0 2752.7 0 0 0 0 0 0 0 0 0
-141.5 445.3 2753.1 0 0.4578355551 0.2992358804 -0.8371645808 -0.3167502880 0.9347631931 0.1608944535 0.8306959867 0.1915089041 0.5227508545
-202.5 254.8 2714.1 0.4578355551 0.2992358804 -0.8371645808 -0.3167502880 0.9347631931 0.1608944535 0.8306959867 0.1915089041 0.5227508545
-255.1 65.9 2681.8 0.4705050886 0.2647946775 -0.8417295814 -0.2744021118 0.9505228996 0.1456356347 0.8386467695 0.1624500751 0.5198860765
-271.2 294.8 2591.6 -0.0016748611 0.7748225331 -0.6321765780 0.7461861372 0.4218317568 0.5150380731 0.6657352448 -0.4708587825 -0.5788683295
-270.7 71.6 2392.4 -0.6120478511 0.7748225331 -0.1582639813 0.6870126128 0.4218317568 -0.5916684866 -0.3916773200 -0.4708587825 -0.7904940844
-133.8 214.7 2836.5 -0.1637128145 0.9147993326 -0.3692428768 -0.8976191878 0.0171371456 0.4404385686 0.4092406929 0.4035449326 0.8183358312
-171.5 8.1 2930.7 0.3142946661 0.9147993326 -0.2536948025 -0.6577358246 0.0171371456 -0.7530537248 -0.6845453978 0.4035449326 0.6070824265
-349.5 -99.8 2576.7 0.5806100368 0.0878216922 -0.8094314933 -0.0258741397 0.9956536889 0.0894667506 0.8137705326 -0.0310019515 0.5803588629
-384.3 -495.4 2589.0 0.5832031965 -0.0045060650 -0.8123137951 -0.1122409031 0.9899460077 -0.0860751271 0.8045346737 0.1413741261 0.5768339038
-261.3 -148.8 2729.6 -0.2227068394 0.2164209187 0.9505596757 -0.0490328707 0.9713268280 -0.2326370627 -0.9736515880 -0.0984185338 -0.2057093829
-346.8 -532.5 2768.5 -0.2330188453 -0.2647932172 0.9357279539 -0.0121633066 0.9629338980 0.2694630325 -0.9723961353 0.0514084212 -0.2276025116
-94.1 -126.6 2505.4 0 0 0 0 0 0 0 0 0
-89.8 -162.7 2752.9 0 0 0 0 0 0 0 0 0
-382.9 -819.0 2542.8 0 0 0 0 0 0 0 0 0
-259.4 -850.5 2751.6 0 0 0 0 0 0 0 0 0
-142.8 442.7 2754.4 1 0.4497598112 0.2980490923 -0.8419517875 -0.3371179402 0.9295982718 0.1489916891 0.8270838261 0.2168265730 0.5185736418
-203.8 252.2 2710.0 0.4497598112 0.2980490923 -0.8419517875 -0.3371179402 0.9295982718 0.1489916891 0.8270838261 0.2168265730 0.5185736418
-255.7 63.9 2673.7 0.4640093148 0.2613228858 -0.8464075327 -0.2892926037 0.9478100538 0.1340370774 0.8372604847 0.1826649904 0.5153914690
-271.6 294.5 2587.8 -0.0179073308 0.7535609007 -0.6571341157 0.7930351496 0.4109704792 0.4496648908 0.6089125872 -0.5130781531 -0.6049596667
-266.3 59.4 2407.3 -0.6278472543 0.7535609007 -0.1948172152 0.6812404394 0.4109704792 -0.6058173776 -0.3764562011 -0.5130781531 -0.7713828683
-136.1 210.0 2832.3 -0.1657668501 0.9112352133 -0.3770566881 -0.9052911401 0.0110281855 0.4246484339 0.3911128342 0.4117387235 0.8231050968
-174.2 1.7 2922.3 0.3215215504 0.9112352133 -0.2574379444 -0.6438430548 0.0110281855 -0.7650781274 -0.6943269968 0.4117387235 0.5902382731
-350.7 -97.8 2572.7 0.5764259696 0.0837386400 -0.8128474355 -0.0089737531 0.9953241348 0.0961735025 0.8171001077 -0.0481426157 0.5744821429
-384.0 -493.2 2591.8 0.5810182691 -0.0080498978 -0.8138507009 -0.1208679974 0.9880096316 -0.0960617140 0.8048655987 0.1541821212 0.5730786920
-264.5 -148.1 2726.4 -0.2284814119 0.2357453257 0.9445741773 -0.0368409529 0.9674500227 -0.2503660321 -0.9728509784 -0.0920030028 -0.2123592645
-357.9 -531.4 2762.9 -0.2284814119 -0.2931450903 0.9283653498 -0.0368409529 0.9555098414 0.2926493883 -0.9728509784 0.0326630846 -0.2291159779
-84.3 -138.0 2516.4 0 0 0 0 0 0 0 0 0
-90.7 -165.6 2741.9 0 0 0 0 0 0 0 0 0
-381.4 -818.5 2541.1 0 0 0 0 0 0 0 0 0
-261.9 -844.3 2752.2 0 0 0 0 0 0 0 0 0
-138.5 447.6 2754.6 2 0.4395672083 0.3146057129 -0.8413107991 -0.3445499837 0.9240592122 0.1655291170 0.8294973969 0.2171124667 0.5145835280
-203.5 256.7 2709.7 0.4395672083 0.3146057129 -0.8413107991 -0.3445499837 0.9240592122 0.1655291170 0.8294973969 0.2171124667 0.5145835280
-258.7 69.3 2673.5 0.4549241066 0.2776508033 -0.8461406827 -0.2961317003 0.9432473779 0.1503011733 0.8398512006 0.1821934581 0.5113271475
-270.0 299.9 2587.1 0.0139734978 0.7029668093 -0.7110853791 0.8030230999 0.4158464968 0.4268788695 0.5957840085 -0.5769829750 -0.5586877465
-274.2 57.1 2406.9 -0.6853821278 0.7029668093 -0.1899711490 0.6127762794 0.4158464968 -0.6719947457 -0.3933911622 -0.5769829750 -0.7157751322
-137.1 213.4 2832.4 -0.1842518896 0.9094365835 -0.3727953732 -0.9012646675 -0.0050029396 0.4332400262 0.3921392560 0.4158125818 0.8205648661
-179.5 6.0 2922.6 0.3127778769 0.9094365835 -0.2740349472 -0.6507098079 -0.0050029396 -0.7593100667 -0.6919152737 0.4158125818 0.5902144313
-350.1 -97.8 2560.7 0.5747957230 0.0916086361 -0.8131529689 0.0056601497 0.9932449460 0.1158985496 0.8182773590 -0.0712205544 0.5703943968
-386.5 -492.4 2589.0 0.5797078013 -0.0105083976 -0.8147566915 -0.1070775166 0.9902629852 -0.0889587700 0.8077581525 0.1388122141 0.5729379654
-265.1 -150.9 2714.2 -0.2684732080 0.2370060533 0.9336756468 -0.0572983474 0.9636147022 -0.2610816658 -0.9615815282 -0.1235915050 -0.2451246828
-359.1 -533.1 2763.2 -0.2684732080 -0.3044542372 0.9139090776 -0.0572983474 0.9521073699 0.3003472090 -0.9615815282 0.0282697063 -0.2730600536
-77.8 -118.4 2519.6 0 0 0 0 0 0 0 0 0
-98.2 -163.0 2742.9 0 0 0 0 0 0 0 0 0
-383.1 -820.3 2543.0 0 0 0 0 0 0 0 0 0
-258.8 -846.7 2753.9 0 0 0 0 0 0 0 0 0
-137.7 450.7 2745.7 3 0.4869715273 0.3161557019 -0.8141893744 -0.3278514743 0.9301893711 0.1651094556 0.8095505834 0.1865295768 0.5566278696
-202.5 259.9 2707.4 0.4869715273 0.3161557019 -0.8141893744 -0.3278514743 0.9301893711 0.1651094556 0.8095505834 0.1865295768 0.5566278696
-258.0 71.8 2675.7 0.5003999472 0.2798816264 -0.8193083405 -0.2855660319 0.9467069507 0.1489899158 0.8173444867 0.1594120860 0.5536567569
-275.5 301.6 2588.2 -0.0290058125 0.6876692772 -0.7254444361 0.8258936405 0.4253142774 0.3701452613 0.5630794168 -0.5884035826 -0.5802782178
-266.8 52.9 2418.7 -0.7022569776 0.6876692772 -0.1842447817 0.5953267813 0.4253142774 -0.6816845536 -0.3904115558 -0.5884035826 -0.7080678344
-129.5 218.2 2826.6 -0.1566987783 0.9299317002 -0.3326747417 -0.8992378116 0.0049606874 0.4374319613 0.4084321558 0.3676987588 0.8354524374
-165.6 11.3 2920.6 0.2808247209 0.9299317002 -0.2374120206 -0.6551323533 0.0049606874 -0.7554978132 -0.7013836503 0.3676987588 0.6106214523
-355.5 -90.9 2560.3 0.6174368262 0.0837061554 -0.7821540833 0.0249830913 0.9917337298 0.1258571595 0.7862235904 -0.0972494781 0.6102417111
-388.8 -484.9 2599.0 0.6261957884 -0.0151270349 -0.7795190811 -0.1187919527 0.9862874746 -0.1145663112 0.7705629468 0.1643415391 0.6158121228
-272.1 -145.2 2714.3 -0.3474049866 0.2320506573 0.9085495472 -0.0609382689 0.9612621665 -0.2688150406 -0.9357330203 -0.1487531215 -0.3198065162
-364.2 -526.8 2773.4 -0.3474049866 -0.3130840659 0.8839050531 -0.0609382689 0.9481610060 0.3118930459 -0.9357330203 0.0544895455 -0.3484746516
-63.5 -119.4 2531.7 0 0 0 0 0 0 0 0 0
-92.7 -158.8 2738.4 0 0 0 0 0 0 0 0 0
-383.6 -820.9 2543.0 0 0 0 0 0 0 0 0 0
-259.2 -844.9 2755.1 0 0 0 0 0 0 0 0 0
-138.5 456.1 2742.7 4 0.4827350676 0.3014105558 -0.8222642541 -0.3243172765 0.9336805940 0.1518512517 0.8135017753 0.1933705956 0.5484730601
-200.1 265.2 2703.2 0.4827350676 0.3014105558 -0.8222642541 -0.3243172765 0.9336805940 0.1518512517 0.8135017753 0.1933705956 0.5484730601
-253.3 76.6 2670.4 0.4953703582 0.2679046690 -0.8263384700 -0.2825284302 0.9492257833 0.1383765042 0.8214535117 0.1649165004 0.5459089875
-272.4 306.5 2583.3 -0.1309002489 0.7508255243 -0.6473995447 0.8529928923 0.4180915356 0.3124141991 0.5052407980 -0.5113320947 -0.6951771379
-231.9 42.3 2426.8 -0.6464186311 0.7508255243 -0.1356612891 0.6241394281 0.4180915356 -0.6600375175 -0.4388541579 -0.5113320947 -0.7388819456
