-27.2 372.0 2475.4 7 0.3260343075 0.3598144948 -0.8742054701 -0.2401366234 0.9259250164 0.2915429771 0.9143500328 0.1148757264 0.3882879615
-98.2 189.2 2452.7 0.3260343075 0.3598144948 -0.8742054701 -0.2401366234 0.9259250164 0.2915429771 0.9143500328 0.1148757264 0.3882879615
-163.6 7.3 2435.0 0.3370203972 0.3368426263 -0.8791782260 -0.2107572258 0.9371026158 0.2782446444 0.9176048636 0.0915190428 0.3868147135
-144.3 218.0 2327.4 -0.0739587173 0.5793020129 -0.8117507100 0.5693336129 0.6928220987 0.4425571263 0.8187730908 -0.4294260144 -0.3810563684
-122.7 52.3 2089.1 -0.7708168030 0.5793020129 -0.2650482953 0.6369395852 0.6928220987 -0.3380910754 -0.0122255236 -0.4294260144 -0.9030193090
-52.2 160.4 2578.1 -0.2601871192 0.8592494726 -0.4404463172 -0.9267392755 -0.0941894501 0.3637069166 0.2710295916 0.5028107166 0.8208070993
-115.1 -63.7 2643.6 0.1436181813 0.8592494726 -0.4909828007 -0.8989561200 -0.0941894501 -0.4277923107 -0.4138257504 0.5028107166 0.7589002848
-261.8 -154.0 2332.2 0.4077292085 0.0086013088 -0.9130623937 0.0032879773 0.9999353290 0.0108879274 0.9130969644 -0.0074414546 0.4076745510
-265.1 -542.1 2335.1 0.4117988348 0.1196719334 -0.9033827186 0.0351561308 0.9885152578 0.1469751149 0.9105963707 -0.0922836214 0.4028622210
-203.2 -191.4 2497.3 0.4250761569 -0.0516119823 -0.9036849141 -0.0454560220 0.9958961606 -0.0782600716 0.9040154815 0.0743444115 0.4209856093
-183.2 -578.0 2468.5 0.4194035232 -0.0767076090 -0.9045532942 0.0575790629 0.9966650605 -0.0578218363 0.9059720635 -0.0278326496 0.4224216044
94.6 -127.3 2092.5 0 0 0 0 0 0 0 0 0
-77.1 -301.6 2534.2 0 0 0 0 0 0 0 0 0
-309.8 -910.9 2369.6 0 0 0 0 0 0 0 0 0
-161.7 -857.8 2476.3 0 0 0 0 0 0 0 0 0
-28.9 370.8 2476.2 8 0.3610576689 0.3561962545 -0.8618361950 -0.2484421730 0.9275183082 0.2792602777 0.8988403082 0.1132873893 0.4233817458
-99.4 187.3 2453.8 0.3610576689 0.3561962545 -0.8618361950 -0.2484421730 0.9275183082 0.2792602777 0.8988403082 0.1132873893 0.4233817458
-164.2 5.2 2436.1 0.3716723323 0.3340010047 -0.8662003279 -0.2197492719 0.9381756783 0.2674634159 0.9019811153 0.0909381360 0.4220904410
-150.1 217.3 2330.7 -0.0504422821 0.5822984576 -0.8114086986 0.5658038855 0.6861506104 0.4572344124 0.8229954839 -0.4360342622 -0.3640777171
-135.4 52.0 2090.2 -0.7694633007 0.5822984576 -0.2624018490 0.6382701993 0.6861506104 -0.3490107656 -0.0231812466 -0.4360342622 -0.8996314406
-48.6 157.3 2576.9 -0.2442739457 0.8776218891 -0.4124439359 -0.9318132997 -0.0947010890 0.3503650725 0.2684291899 0.4699058235 0.8409127593
-107.7 -68.0 2641.8 0.1338451654 0.8776218891 -0.4602882266 -0.8928897381 -0.0947010890 -0.4402040243 -0.4299224913 0.4699058235 0.7709443569
-259.2 -155.7 2335.0 0.4408474863 0.0107883466 -0.8975172043 0.0010938535 0.9999205470 0.0125565417 0.8975813389 -0.0065172724 0.4408006668
-263.4 -543.9 2337.5 0.4442189932 0.1270578355 -0.8868628740 0.0261944626 0.9876275659 0.1546145529 0.8955352306 -0.0919136107 0.4353947043
-198.8 -193.5 2499.4 0.4580512047 -0.0341102034 -0.8882710934 -0.0521592125 0.9965105057 -0.0651633963 0.8873942494 0.0761796981 0.4546736777
-185.5 -580.3 2469.8 0.4501030147 -0.0965512991 -0.8877415657 0.0589400344 0.9951818585 -0.0783527717 0.8910293579 -0.0170566980 0.4536250830
81.7 -128.1 2096.7 0 0 0 0 0 0 0 0 0
-72.3 -304.2 2528.1 0 0 0 0 0 0 0 0 0
-310.8 -912.5 2371.8 0 0 0 0 0 0 0 0 0
-159.2 -852.4 2474.5 0 0 0 0 0 0 0 0 0
-29.7 369.9 2476.6 9 0.3909883797 0.3533033133 -0.8498852253 -0.2575373948 0.9285017252 0.2675051093 0.8836303353 0.1142858416 0.4540222287
-99.5 186.5 2454.0 0.3909883797 0.3533033133 -0.8498852253 -0.2575373948 0.9285017252 0.2675051093 0.8836303353 0.1142858416 0.4540222287
-164.3 4.5 2435.5 0.4002573192 0.3337245882 -0.8534764051 -0.2323577255 0.9378566742 0.2577493191 0.8864558339 0.0951457918 0.4529275000
-154.1 218.3 2333.0 -0.0339543819 0.5852782130 -0.8101212978 0.5682747364 0.6781065464 0.4660851955 0.8221380115 -0.4445458353 -0.3556234837
-144.2 51.8 2092.3 -0.7642236352 0.5852782130 -0.2709458470 0.6445418000 0.6781065464 -0.3531818092 -0.0229794830 -0.4445458353 -0.8954613209
-44.8 154.8 2575.0 -0.2329597473 0.8921020031 -0.3871482015 -0.9367277026 -0.0988839492 0.3358023465 0.2612872124 0.4408808649 0.8586926460
-101.2 -71.7 2638.2 0.1230934560 0.8921020031 -0.4347435832 -0.8856623173 -0.0988839492 -0.4536784887 -0.4477166831 0.4408808649 0.7779291868
-262.3 -157.3 2337.7 0.4686093628 0.0061986335 -0.8833837509 -0.0052655460 0.9999772310 0.0042235414 0.8833898306 0.0026723070 0.4686313272
-264.7 -545.5 2336.7 0.4734161198 0.1218929961 -0.8723641634 0.0310967602 0.9874486327 0.1548490673 0.8802897930 -0.1004357412 0.4636836052
-195.7 -196.6 2499.2 0.4851938486 -0.0331262536 -0.8737788796 -0.0519414581 0.9964256883 -0.0666181371 0.8728625178 0.0777080655 0.4817389846
-182.9 -583.4 2469.0 0.4786398113 -0.0857355073 -0.8738154173 0.0588420518 0.9961158633 -0.0655039400 0.8760374188 -0.0200642981 0.4818255603
71.4 -130.0 2098.8 0 0 0 0 0 0 0 0 0
-68.6 -305.9 2519.8 0 0 0 0 0 0 0 0 0
-310.2 -914.0 2374.2 0 0 0 0 0 0 0 0 0
-159.4 -856.3 2474.5 0 0 0 0 0 0 0 0 0
-29.6 371.0 2476.3 0 0.4207246900 0.3492829502 -0.8372527361 -0.2692404687 0.9294021726 0.2524305880 0.8663142323 0.1192185357 0.4850635231
-98.6 187.4 2452.7 0.4207246900 0.3492829502 -0.8372527361 -0.2692404687 0.9294021726 0.2524305880 0.8663142323 0.1192185357 0.4850635231
-162.3 5.0 2433.8 0.4311104119 0.3282829225 -0.8404606581 -0.2405929714 0.9395652413 0.2435819954 0.8696314692 0.0971981958 0.4840389192
-157.4 220.2 2334.0 -0.0252565220 0.5859548450 -0.8099500537 0.5716117620 0.6731575131 0.4691683948 0.8201354146 -0.4511274099 -0.3519403040
-150.0 51.9 2092.5 -0.7640644908 0.5859548450 -0.2699302733 0.6444011331 0.6731575131 -0.3627757132 -0.0308645852 -0.4511274099 -0.8919256926
-39.7 154.6 2571.4 -0.2159363925 0.9069075584 -0.3617874682 -0.9423477054 -0.0965587720 0.3204015791 0.2556408644 0.4101159573 0.8754727840
-92.0 -73.3 2633.2 0.1161950454 0.9069075584 -0.4049906433 -0.8783183694 -0.0965587720 -0.4682234824 -0.4637407959 0.4101159573 0.7853339314
-264.9 -156.8 2337.7 0.4972876310 -0.0014434180 -0.8675845265 -0.0079496969 0.9999490380 -0.0062202937 0.8675493002 0.0099903094 0.4972508252
-264.3 -544.9 2333.8 0.5025091767 0.1275954545 -0.8551046252 0.0296039730 0.9859304428 0.1645137966 0.8640648723 -0.1079841852 0.4916617274
-193.2 -198.3 2496.4 0.5132210255 -0.0295659378 -0.8577470779 -0.0383396484 0.9976189733 -0.0573272184 0.8573997021 0.0623072535 0.5108655095
-181.8 -585.6 2472.2 0.5080201030 -0.0817212015 -0.8574597239 0.0490198992 0.9966186881 -0.0659410283 0.8599491715 -0.0085332179 0.5103083253
66.3 -130.5 2101.3 0 0 0 0 0 0 0 0 0
-61.2 -305.6 2510.6 0 0 0 0 0 0 0 0 0
-312.0 -913.0 2374.1 0 0 0 0 0 0 0 0 0
-159.6 -855.8 2474.5 0 0 0 0 0 0 0 0 0
-29.3 370.2 2477.1 1 0.4415676296 0.3480994105 -0.8269491196 -0.2721647322 0.9302111864 0.2462386489 0.8549528718 0.1163353622 0.5054915547
-98.1 186.6 2454.2 0.4415676296 0.3480994105 -0.8269491196 -0.2721647322 0.9302111864 0.2462386489 0.8549528718 0.1163353622 0.5054915547
-161.9 4.2 2435.1 0.4505751431 0.3285397589 -0.8300865293 -0.2472766936 0.9393693805 0.2375697643 0.8578090072 0.0982180238 0.5044966936
-159.6 220.3 2337.1 -0.0157368835 0.5988433957 -0.8007115126 0.5721372366 0.6621447802 0.4839662611 0.8200069070 -0.4505007267 -0.3530406952
-154.9 50.5 2093.7 -0.7579575777 0.5988433957 -0.2586250901 0.6502426267 0.6621447802 -0.3724901080 -0.0518160015 -0.4505007267 -0.8912711143
-36.6 152.8 2571.3 -0.2084033191 0.9158892632 -0.3430960178 -0.9449764490 -0.0981160700 0.3120781183 0.2521657944 0.3892557621 0.8859415054
-87.0 -75.7 2632.2 0.1077891439 0.9158892632 -0.3866889179 -0.8739520311 -0.0981160700 -0.4760053754 -0.4739086032 0.3892557621 0.7898674607
-264.7 -155.9 2337.1 0.5162019134 -0.0046143658 -0.8564544916 -0.0033640168 0.9999668598 -0.0074151340 0.8564602733 0.0067088339 0.5161693096
-262.9 -544.1 2334.5 0.5176658630 0.1317178011 -0.8453830481 0.0073801423 0.9873542786 0.1583573073 0.8555510640 -0.0882152170 0.5101475120
-187.5 -198.9 2492.8 0.5318975449 -0.0145655330 -0.8466834426 -0.0397402123 0.9983210564 -0.0421394818 0.8458757401 0.0560612679 0.5304256678
-181.8 -586.4 2471.0 0.5256468654 -0.0907534286 -0.8458482027 0.0552743077 0.9958358407 -0.0724961683 0.8489052653 -0.0086462926 0.5284743309
60.5 -134.3 2108.4 0 0 0 0 0 0 0 0 0
-58.4 -306.9 2506.9 0 0 0 0 0 0 0 0 0
-312.0 -912.6 2367.4 0 0 0 0 0 0 0 0 0
-157.6 -852.1 2473.3 0 0 0 0 0 0 0 0 0
-29.3 369.6 2477.0 2 0.4551317990 0.3465372026 -0.8202237487 -0.2713774443 0.9313207865 0.2428907752 0.8480620980 0.1120429114 0.5179160833
-97.5 186.2 2455.0 0.4551317990 0.3465372026 -0.8202237487 -0.2713774443 0.9313207865 0.2428907752 0.8480620980 0.1120429114 0.5179160833
-161.2 3.8 2436.1 0.4630047679 0.3280798495 -0.8234015703 -0.2495427281 0.9396468401 0.2340774238 0.8505027890 0.0970949158 0.5169309378
-160.8 220.3 2338.8 0.0170673877 0.5380018950 -0.8427708149 0.5672044754 0.6889300942 0.4512808919 0.8234001398 -0.4857255518 -0.2933988273
-165.8 54.1 2097.6 -0.8064655662 0.5380018950 -0.2452901602 0.5883531570 0.6889300942 -0.4233389795 -0.0587693900 -0.4857255518 -0.8721334934
-34.3 152.2 2571.1 -0.2029752135 0.9214388728 -0.3312875330 -0.9462899566 -0.0976320580 0.3082260191 0.2516671419 0.3760563135 0.8917652965
-83.4 -76.7 2632.0 0.1029624343 0.9214388728 -0.3746319711 -0.8719422817 -0.0976320580 -0.4797756076 -0.4786599874 0.3760563135 0.7933890820
-266.0 -156.0 2339.2 0.5281028748 -0.0035447937 -0.8491730094 0.0016398284 0.9999936819 -0.0031545672 0.8491788507 0.0002734379 0.5281053185
-264.6 -544.2 2339.1 0.5267344117 0.1145064384 -0.8422821164 -0.0105572920 0.9916900992 0.1282159686 0.8499643207 -0.0586435460 0.5235661864
-185.3 -200.3 2492.8 0.5437630415 -0.0106669860 -0.8391709924 -0.0424739793 0.9982880354 -0.0402117148 0.8381633162 0.0575085767 0.5423790812
-181.2 -587.8 2470.5 0.5368497968 -0.0979294926 -0.8379749656 0.0531263053 0.9951933026 -0.0822672844 0.8420034647 -0.0003533381 0.5394719839
61.2 -111.5 2114.1 0 0 0 0 0 0 0 0 0
-56.2 -307.4 2505.4 0 0 0 0 0 0 0 0 0
-307.3 -914.2 2361.0 0 0 0 0 0 0 0 0 0
-154.9 -854.8 2470.6 0 0 0 0 0 0 0 0 0
-28.7 369.6 2477.5 3 0.4680131078 0.3434891701 -0.8142352104 -0.2734474242 0.9324405789 0.2361802310 0.8403512836 0.1121150851 0.5303206444
-96.3 186.2 2455.5 0.4680131078 0.3434891701 -0.8142352104 -0.2734474242 0.9324405789 0.2361802310 0.8403512836 0.1121150851 0.5303206444
-159.3 3.5 2436.7 0.4761674404 0.3244818747 -0.8172980547 -0.2505775988 0.9409642220 0.2275900841 0.8428970575 0.0964255854 0.5293644071
-161.3 220.4 2340.3 0.0401761904 0.4914747477 -0.8699645996 0.5591066480 0.7105436325 0.4272323549 0.8281217217 -0.5035675764 -0.2462398559
-172.9 59.1 2101.5 -0.8431200981 0.4914747477 -0.2181766778 0.5330541134 0.7105436325 -0.4593267441 -0.0707234368 -0.5035675764 -0.8610562682
-31.2 152.0 2570.6 -0.1944434792 0.9271162152 -0.3203860223 -0.9483723640 -0.0942514613 0.3028308153 0.2505625188 0.3627287447 0.8975780010
-78.3 -77.4 2631.2 0.1008764580 0.9271162152 -0.3609423935 -0.8693814874 -0.0942514613 -0.4850696027 -0.4837352633 0.3627287447 0.7965099216
-266.4 -156.2 2341.1 0.5399824381 -0.0028973357 -0.8416712880 -0.0090014152 0.9999170303 -0.0092170201 0.8416281343 0.0125532616 0.5399115086
-265.3 -544.4 2336.2 0.5437002778 0.1190571338 -0.8307920098 0.0199203435 0.9877777696 0.1545906514 0.8390430212 -0.1006006524 0.5346834064
-183.5 -200.9 2493.4 0.5556356907 -0.0069568176 -0.8313967586 -0.0408734567 0.9985273480 -0.0356716849 0.8304206133 0.0538025238 0.5545330644
-180.8 -588.6 2472.6 0.5486744642 -0.0997913107 -0.8300590515 0.0531057902 0.9950057268 -0.0845182464 0.8343477249 0.0022920670 0.5512337685
62.3 -89.6 2121.2 0 0 0 0 0 0 0 0 0
-51.6 -307.4 2503.2 0 0 0 0 0 0 0 0 0
-309.7 -912.7 2373.8 0 0 0 0 0 0 0 0 0
-154.0 -855.6 2471.9 0 0 0 0 0 0 0 0 0
-28.6 370.1 2477.2 4 0.4828324020 0.3400710523 -0.8069848418 -0.2776542604 0.9334215522 0.2272275239 0.8305305243 0.1143499762 0.5451083779
-95.6 186.2 2454.7 0.4828324020 0.3400710523 -0.8069848418 -0.2776542604 0.9334215522 0.2272275239 0.8305305243 0.1143499762 0.5451083779
-158.4 3.6 2435.8 0.4907723367 0.3237955272 -0.8088874817 -0.2552350163 0.9410820007 0.2218551636 0.8330652118 0.0975760221 0.5445009470
-162.6 221.1 2340.9 0.0396782160 0.4846089780 -0.8738304973 0.5608481765 0.7129675150 0.4208641350 0.8269672990 -0.5067853928 -0.2435027957
-174.0 60.4 2104.0 -0.8536968827 0.4846089780 -0.1906719506 0.5117805004 0.7129675150 -0.4793308079 -0.0963451043 -0.5067853928 -0.8566715717
-28.5 151.4 2568.5 -0.1879696995 0.9332633615 -0.3060831726 -0.9505695105 -0.0944410861 0.2958014905 0.2471538633 0.3465550244 0.9048837423
-74.0 -78.5 2628.3 0.0948714539 0.9332633615 -0.3464374542 -0.8657436967 -0.0944410861 -0.4914964139 -0.4914135039 0.3465550244 0.7990071177
-264.9 -156.7 2342.5 0.5539935231 -0.0007583859 -0.8325206041 -0.0183575656 0.9997453094 -0.0131266005 0.8323185444 0.0225551035 0.5538385510
-264.6 -544.8 2333.8 0.5590559840 0.1265828013 -0.8194102645 0.0181171931 0.9861763716 0.1647056490 0.8289319277 -0.1069250926 0.5490344763
-179.6 -201.6 2493.5 0.5695366263 0.0032152748 -0.8219596744 -0.0517846495 0.9981461763 -0.0319771618 0.8203331232 0.0607770607 0.5686472654
-180.9 -589.1 2469.9 0.5635180473 -0.0858445093 -0.8216313720 0.0579553545 0.9962437749 -0.0643392801 0.8240683079 -0.0113615971 0.5663764477
63.2 -81.8 2130.8 0 0 0 0 0 0 0 0 0
-48.9 -307.5 2498.3 0 0 0 0 0 0 0 0 0
-311.8 -912.7 2373.6 0 0 0 0 0 0 0 0 0
-157.7 -857.5 2473.0 0 0 0 0 0 0 0 0 0
-28.4 369.3 2469.1 5 0.4960245490 0.3508025408 -0.7942904234 -0.2872330844 0.9295479059 0.2311662287 0.8194246888 0.1134823486 0.5618406534
-97.4 186.6 2446.8 0.4960245490 0.3508025408 -0.7942904234 -0.2872330844 0.9295479059 0.2311662287 0.8194246888 0.1134823486 0.5618406534
-161.1 4.1 2428.6 0.5063353181 0.3284716308 -0.7973273993 -0.2588570714 0.9398667216 0.2228082269 0.8225677013 0.0935781598 0.5609149337
-166.5 221.9 2334.4 0.0185921099 0.4856651723 -0.8739472032 0.5801938176 0.7066310644 0.4050280452 0.8142662048 -0.5145890713 -0.2686421573
-171.7 59.2 2106.0 -0.8573516607 0.4856651723 -0.1705210656 0.4998884797 0.7066310644 -0.5007835031 -0.1227176040 -0.5145890713 -0.8486097455
-28.2 151.2 2559.1 -0.1858629584 0.9396319389 -0.2873095572 -0.9506527185 -0.0980367661 0.2943606973 0.2484238148 0.3278423548 0.9114850760
-73.2 -78.7 2619.2 0.0826085731 0.9396319389 -0.3320657313 -0.8647524118 -0.0980367661 -0.4925363660 -0.4953575432 0.3278423548 0.8044503331
-265.3 -156.3 2342.2 0.5702371001 -0.0039417716 -0.8214706779 -0.0204183199 0.9996115565 -0.0189702734 0.8212263584 0.0275906045 0.5699350834
-263.7 -544.3 2331.5 0.5768988132 0.1316070408 -0.8061435223 0.0248379856 0.9836515784 0.1783609092 0.8164379001 -0.1229191795 0.5641986132
-177.3 -202.0 2491.4 0.5854747891 0.0086607821 -0.8106443286 -0.0515073501 0.9983200431 -0.0265344754 0.8090527058 0.0572894104 0.5849373341
-180.7 -589.5 2469.2 0.5796011686 -0.0846115425 -0.8104957938 0.0628400370 0.9962741137 -0.0590677150 0.8124737740 -0.0166958682 0.5827586055
66.7 -79.8 2140.1 0 0 0 0 0 0 0 0 0
-51.3 -307.5 2488.2 0 0 0 0 0 0 0 0 0
-312.8 -911.4 2377.4 0 0 0 0 0 0 0 0 0
-158.1 -855.7 2473.6 0 0 0 0 0 0 0 0 0
-26.8 372.4 2473.5 6 0.4117977321 0.3647398949 -0.8350972533 -0.2804106474 0.9226586223 0.2647092044 0.8670597076 0.1251635402 0.4822256565
-98.8 190.3 2448.8 0.4117977321 0.3647398949 -0.8350972533 -0.2804106474 0.9226586223 0.2647092044 0.8670597076 0.1251635402 0.4822256565
-164.9 8.9 2429.3 0.4241694808 0.3411475718 -0.8388674259 -0.2478577495 0.9346919656 0.2547890246 0.8710033298 0.0998460725 0.4810238779
-156.5 224.0 2330.4 0.0445604809 0.4857625067 -0.8729542494 0.6072733998 0.6806709170 0.4097635150 0.7932423353 -0.5483811498 -0.2646596134
-168.7 56.9 2112.2 -0.8558724523 0.4857625067 -0.1775306016 0.4978096485 0.6806709170 -0.5374687314 -0.1402422488 -0.5483811498 -0.8243847489
-41.1 156.7 2567.3 -0.2303450853 0.9037557244 -0.3607863486 -0.9399244785 -0.1106364876 0.3229574561 0.2519584894 0.4135035872 0.8749467134
-96.7 -70.4 2628.2 0.1045420542 0.9037557244 -0.4150862396 -0.8797167540 -0.1106364876 -0.4624478519 -0.4638635814 0.4135035872 0.7834828496
-270.2 -155.1 2336.8 0.4936786592 -0.0117145171 -0.8695654869 0.0089392820 0.9999247789 -0.0083955759 0.8695984483 -0.0036285748 0.4937462509
-265.7 -543.2 2338.2 0.4946386516 0.1241519228 -0.8601853848 0.0164671019 0.9882276654 0.1521016657 0.8689426780 -0.0894001275 0.4867711961
-179.5 -201.5 2484.1 0.5094171166 0.0090171508 -0.8604725003 -0.0275258236 0.9996041656 -0.0058206911 0.8600793481 0.0266503729 0.5094636679
-183.0 -589.4 2473.8 0.5043257475 -0.0877046213 -0.8590479493 0.0459962226 0.9961448312 -0.0746982992 0.8622875810 -0.0018406844 0.5064156055
69.2 -81.5 2151.1 0 0 0 0 0 0 0 0 0
-69.1 -303.0 2505.6 0 0 0 0 0 0 0 0 0
-312.0 -911.8 2371.6 0 0 0 0 0 0 0 0 0
-159.8 -852.9 2474.3 0 0 0 0 0 0 0 0 0
-24.6 373.3 2467.3 7 0.3755382597 0.3777093589 -0.8463490009 -0.2704469264 0.9181038141 0.2897306383 0.8864702582 0.1200875565 0.4469334483
-99.2 192.1 2443.5 0.3755382597 0.3777093589 -0.8463490009 -0.2704469264 0.9181038141 0.2897306383 0.8864702582 0.1200875565 0.4469334483
-167.5 11.3 2425.3 0.3889225721 0.3520138562 -0.8513668180 -0.2365258336 0.9312996268 0.2770135403 0.8903902173 0.0936334208 0.4454638362
-152.1 224.2 2322.3 0.0317282230 0.5105125904 -0.8592846990 0.6450675130 0.6462371349 0.4077566564 0.7634665966 -0.5672340393 -0.3088111579
-160.6 51.4 2117.7 -0.8424194455 0.5105125904 -0.1723551601 0.5081173182 0.6462371349 -0.5693807006 -0.1792937219 -0.5672340393 -0.8038030267
-46.2 159.9 2564.8 -0.2540492117 0.8865772486 -0.3865744770 -0.9308857322 -0.1156525090 0.3465202749 0.2625086606 0.4478898644 0.8546835184
-107.6 -65.1 2628.3 0.1075533703 0.8865772486 -0.4499034286 -0.8901695013 -0.1156525090 -0.4407070577 -0.4427533150 0.4478898644 0.7767652273
-268.9 -150.5 2332.2 0.4624758661 -0.0104645314 -0.8865700960 0.0150218504 0.9998793006 -0.0039658737 0.8865045905 -0.0114838025 0.4625772536
-264.8 -538.6 2336.6 0.4644773006 0.1285808980 -0.8762007356 0.0299725179 0.9865540266 0.1606635898 0.8850776553 -0.1008865312 0.4543780684
-193.2 -194.6 2487.5 0.4779542685 -0.0218376927 -0.8781132102 -0.0193311088 0.9991872907 -0.0353705324 0.8781719804 0.0338803977 0.4771436751
-184.8 -582.3 2474.4 0.4728995860 -0.0967491642 -0.8757885695 0.0419554263 0.9952984452 -0.0872968584 0.8801168799 0.0045385663 0.4747353792
73.8 -90.1 2167.6 0 0 0 0 0 0 0 0 0
-79.2 -300.4 2511.2 0 0 0 0 0 0 0 0 0
-312.8 -906.7 2374.3 0 0 0 0 0 0 0 0 0
-158.7 -850.8 2473.1 0 0 0 0 0 0 0 0 0
-24.4 372.0 2464.6 8 0.3705706596 0.3852158487 -0.8451545238 -0.2687727809 0.9154818058 0.2994231284 0.8890661001 0.1161971241 0.4427862465
-100.3 191.6 2441.7 0.3705706596 0.3852158487 -0.8451545238 -0.2687727809 0.9154818058 0.2994231284 0.8890661001 0.1161971241 0.4427862465
-170.3 11.4 2424.0 0.3835742772 0.3605552316 -0.8502180576 -0.2366241515 0.9282751679 0.2869046628 0.8926812410 0.0911328718 0.4413785338
-152.6 223.8 2319.9 -0.0255774911 0.5545305610 -0.8317701817 0.6776139736 0.6213459373 0.3934063315 0.7349728346 -0.5535567403 -0.3916501105
-145.8 42.6 2123.4 -0.8132775426 0.5545305610 -0.1762824953 0.5455649495 0.6213459373 -0.5623949766 -0.2023327947 -0.5535567403 -0.8078591228
-48.0 159.3 2563.5 -0.2636604011 0.8839429617 -0.3861709833 -0.9272079468 -0.1218347326 0.3541775048 0.2660236657 0.4514434040 0.8517219424
-111.7 -64.8 2627.8 0.1011798829 0.8839429617 -0.4565166831 -0.8927485943 -0.1218347326 -0.4337697923 -0.4390473366 0.4514434040 0.7768115997
-270.5 -148.4 2327.5 0.4594300985 -0.0097583123 -0.8881603479 0.0341588408 0.9993940592 0.0066893338 0.8875568509 -0.0334118083 0.4594850242
-266.7 -536.2 2340.4 0.4573717713 0.1161264479 -0.8816607594 0.0159506816 0.9902062416 0.1386979371 0.8891324997 -0.0774996132 0.4510400891
-201.1 -190.5 2486.5 0.4743293822 -0.0449288711 -0.8792002201 -0.0069014048 0.9984763861 -0.0547474362 0.8803204298 0.0320360325 0.4732966125
-183.6 -577.9 2474.1 0.4706203341 -0.0882400498 -0.8779124022 0.0412022583 0.9960991144 -0.0780319422 0.8813732862 0.0005514459 0.4724201858
80.8 -109.4 2179.8 0 0 0 0 0 0 0 0 0
-85.0 -300.9 2511.7 0 0 0 0 0 0 0 0 0
-310.1 -905.7 2369.3 0 0 0 0 0 0 0 0 0
-159.2 -853.4 2473.9 0 0 0 0 0 0 0 0 0
-24.8 376.7 2470.3 9 0.3285661042 0.3812673688 -0.8641061783 -0.2569850683 0.9164716005 0.3066568971 0.9088470936 0.1213053167 0.3991015255
-100.4 195.0 2446.2 0.3285661042 0.3812673688 -0.8641061783 -0.2569850683 0.9164716005 0.3066568971 0.9088470936 0.1213053167 0.3991015255
-170.4 14.8 2428.2 0.3417887092 0.3604289591 -0.8679121137 -0.2241001129 0.9281467199 0.2971914709 0.9126662016 0.0929225162 0.3980022371
-147.0 225.6 2321.8 -0.0822212100 0.6218342781 -0.7788207531 0.6986612678 0.5932492614 0.3999096751 0.7107124329 -0.5112508535 -0.4832291901
-124.5 34.4 2127.3 -0.7655702233 0.6218342781 -0.1649979502 0.5980157852 0.5932492614 -0.5389178395 -0.2372326851 -0.5112508535 -0.8260406852
-53.8 164.5 2570.7 -0.2797597349 0.8620607853 -0.4225940406 -0.9218557477 -0.1182506904 0.3690511882 0.2681725025 0.4928164184 0.8277774453
-121.4 -58.4 2635.5 0.1166085228 0.8620607853 -0.4932075441 -0.9000298977 -0.1182506904 -0.4194794595 -0.4199389219 0.4928164184 0.7620913982
-274.6 -147.6 2326.4 0.4192915857 -0.0229355898 -0.9075618386 0.0294439886 0.9994984865 -0.0116559230 0.9073740244 -0.0218350105 0.4197566211
-265.7 -535.5 2334.8 0.4217673242 0.1160310730 -0.8992491961 0.0497616194 0.9873210788 0.1507343650 0.9053375721 -0.1083229184 0.4106458724
-206.0 -189.9 2486.1 0.4345872104 -0.0530227013 -0.8990675807 -0.0055295541 0.9980896115 -0.0615353957 0.9006127715 0.0317139402 0.4334637821
-185.4 -577.3 2473.8 0.4301183522 -0.1026700363 -0.8969153166 0.0427099764 0.9947137237 -0.0933833420 0.9017616510 0.0018586586 0.4322296679
89.5 -132.8 2193.7 0 0 0 0 0 0 0 0 0
-90.6 -296.4 2524.5 0 0 0 0 0 0 0 0 0
-309.0 -903.8 2375.2 0 0 0 0 0 0 0 0 0
-157.0 -852.0 2473.3 0 0 0 0 0 0 0 0 0
-24.1 376.0 2473.6 0 0.3269265592 0.3845288754 -0.8632824421 -0.2611784041 0.9146635532 0.3085066974 0.9082427621 0.1246116981 0.3994584382
-100.4 194.5 2448.9 0.3269265592 0.3845288754 -0.8632824421 -0.2611784041 0.9146635532 0.3085066974 0.9082427621 0.1246116981 0.3994584382
-171.0 14.6 2430.0 0.3400070965 0.3634164333 -0.8673659563 -0.2289780974 0.9265494943 0.2984543741 0.9121206999 0.0971311927 0.3982478082
-146.9 225.7 2324.4 -0.0918864906 0.5678372979 -0.8179960847 0.6958589554 0.6242169142 0.3551528156 0.7122760415 -0.5365761518 -0.4524917901
-122.4 40.6 2134.8 -0.8038399220 0.5678372979 -0.1772066355 0.5608483553 0.6242169142 -0.5438771248 -0.1982183456 -0.5365761518 -0.8202410936
-54.0 163.2 2573.4 -0.2830565870 0.8611413836 -0.4222730398 -0.9219291210 -0.1229055822 0.3673430085 0.2644345462 0.4932846725 0.8287005424
-122.5 -59.7 2637.3 0.1144503430 0.8611413836 -0.4953147173 -0.8985522389 -0.1229055822 -0.4213052392 -0.4236803055 0.4932846725 0.7597138882
-270.9 -145.3 2328.5 0.4184899628 -0.0168092512 -0.9080658555 0.0172329396 0.9997956753 -0.0105653172 0.9080579281 -0.0112271653 0.4186941385
-264.3 -533.4 2332.9 0.4233654141 0.1258203089 -0.8971794248 0.0532325357 0.9851432443 0.1632759720 0.9043937325 -0.1168845370 0.4103778601
-209.7 -185.3 2491.7 0.4340441227 -0.0618086867 -0.8987688422 -0.0195539817 0.9967622757 -0.0779909790 0.9006793499 0.0514260344 0.4314302206
-185.8 -572.2 2471.8 0.4279051125 -0.1068597734 -0.8974843621 0.0464142449 0.9942740202 -0.0962546021 0.9026311040 -0.0004682257 0.4304147363
101.7 -115.8 2190.1 0 0 0 0 0 0 0 0 0
-92.2 -297.4 2525.3 0 0 0 0 0 0 0 0 0
-311.3 -901.0 2376.5 0 0 0 0 0 0 0 0 0
-155.5 -853.6 2471.9 0 0 0 0 0 0 0 0 0
-24.3 374.4 2475.3 1 0.3369864821 0.3857262731 -0.8588686585 -0.2758249640 0.9126469493 0.3016557097 0.9002003670 0.1352435201 0.4139426351
-100.7 193.8 2448.5 0.3369864821 0.3857262731 -0.8588686585 -0.2758249640 0.9126469493 0.3016557097 0.9002003670 0.1352435201 0.4139426351
-171.3 14.1 2428.0 0.3509840965 0.3636473119 -0.8628851771 -0.2414902151 0.9254907370 0.2918035984 0.9047058225 0.1059598923 0.4126498103
-148.6 226.7 2325.0 -0.1211424097 0.5685496926 -0.8136803508 0.7020123601 0.6286057830 0.3347139657 0.7017856836 -0.5306656361 -0.4752797484
-115.7 36.3 2134.6 -0.8058875799 0.5685496926 -0.1652162075 0.5551429391 0.6286057830 -0.5446752310 -0.2058190703 -0.5306656361 -0.8222119808
-52.8 160.8 2572.1 -0.2790513337 0.8670291901 -0.4127841890 -0.9258540273 -0.1288621128 0.3552306592 0.2548031211 0.4813054800 0.8387016058
-120.2 -63.1 2633.7 0.1104037166 0.8670291901 -0.4858718216 -0.8922795057 -0.1288621128 -0.4327029586 -0.4377765656 0.4813054800 0.7594054937
-272.0 -144.7 2329.5 0.4289878905 -0.0255441833 -0.9029489756 0.0135233216 0.9996696711 -0.0218555033 0.9032090306 -0.0028351238 0.4291916192
-262.0 -532.8 2330.6 0.4345040917 0.1377587616 -0.8900722861 0.0507039241 0.9829251766 0.1768818200 0.8992415071 -0.1219860390 0.4201001227
-211.1 -185.7 2492.8 0.4444165230 -0.0713034570 -0.8929780126 -0.0279210042 0.9952403903 -0.0933647081 0.8953850269 0.0664256662 0.4403103888
-183.4 -572.0 2467.0 0.4377160072 -0.0965220556 -0.8939173222 0.0582431518 0.9951767921 -0.0789363235 0.8972248435 -0.0175128710 0.4412265420
108.8 -118.4 2191.9 0 0 0 0 0 0 0 0 0
-91.0 -299.1 2517.9 0 0 0 0 0 0 0 0 0
-313.4 -899.6 2376.1 0 0 0 0 0 0 0 0 0
-156.2 -852.2 2471.9 0 0 0 0 0 0 0 0 0
-25.4 372.9 2468.1 2 0.3505418599 0.3818697035 -0.8551584482 -0.2733761072 0.9150524139 0.2965544164 0.8957599401 0.1298251450 0.4251582325
-100.8 192.2 2442.5 0.3505418599 0.3818697035 -0.8551584482 -0.2733761072 0.9150524139 0.2965544164 0.8957599401 0.1298251450 0.4251582325
-171.0 12.3 2423.1 0.3643046916 0.3617150784 -0.8581632972 -0.2392836958 0.9269078970 0.2891108990 0.9000141025 0.1000200287 0.4242294133
-150.6 224.9 2319.6 -0.1848558038 0.6259880066 -0.7576063275 0.7060555816 0.6208198667 0.3406879008 0.6836035848 -0.4719340205 -0.5567444563
-100.6 33.9 2134.7 -0.7702797651 0.6259880066 -0.1216887161 0.5866743922 0.6208198667 -0.5199959874 -0.2499644756 -0.4719340205 -0.8454561234
-51.0 159.5 2565.4 -0.2720652223 0.8740709424 -0.4024680555 -0.9265977740 -0.1251261681 0.3546265960 0.2596095204 0.4694075584 0.8439546227
-116.8 -64.6 2628.2 0.1077097580 0.8740709424 -0.4737073183 -0.8922951221 -0.1251261681 -0.4337658286 -0.4384152889 0.4694075584 0.7664519548
-273.3 -143.9 2326.4 0.4410004318 -0.0286080819 -0.8970508575 0.0282651689 0.9994387627 -0.0179778840 0.8970617056 -0.0174270384 0.4415615201
-262.2 -531.8 2333.1 0.4420288503 0.1403330415 -0.8859555125 0.0353972577 0.9841880798 0.1735535413 0.8963021636 -0.1080760658 0.4300721288
-210.5 -187.1 2488.4 0.4565527439 -0.0680109784 -0.8870930672 -0.0215795357 0.9959341288 -0.0874616802 0.8894346356 0.0590739250 0.4532288015
-184.1 -573.7 2465.5 0.4502226114 -0.0925884172 -0.8881030083 0.0649268031 0.9953711629 -0.0708570182 0.8905526996 -0.0257602632 0.4541500807
114.2 -129.6 2204.4 0 0 0 0 0 0 0 0 0
-88.4 -300.6 2512.2 0 0 0 0 0 0 0 0 0
-314.6 -899.1 2373.5 0 0 0 0 0 0 0 0 0
-158.2 -851.9 2472.7 0 0 0 0 0 0 0 0 0
-23.6 373.6 2464.6 3 0.3629946113 0.3781802058 -0.8515953422 -0.2654196620 0.9180373549 0.2945502698 0.8931894302 0.1191099808 0.4336190522
-98.3 192.2 2441.0 0.3629946113 0.3781802058 -0.8515953422 -0.2654196620 0.9180373549 0.2945502698 0.8931894302 0.1191099808 0.4336190522
-167.1 11.5 2423.9 0.3774911761 0.3544840217 -0.8554773331 -0.2288367003 0.9308861494 0.2847537994 0.8972926736 0.0882725716 0.4325202405
-149.8 223.5 2318.5 -0.2419051975 0.6503421068 -0.7200950980 0.7067367435 0.6265959740 0.3284822702 0.6648345590 -0.4294561446 -0.6111975312
-82.9 28.0 2134.6 -0.7528294325 0.6503421068 -0.1015037224 0.6071702838 0.6265959740 -0.4885915518 -0.2541498542 -0.4294561446 -0.8665882945
-46.7 161.0 2563.6 -0.2603777349 0.8808729649 -0.3953052759 -0.9269152880 -0.1134606302 0.3577076197 0.2702433765 0.4595536292 0.8460372090
-109.7 -63.2 2628.9 0.1105269790 0.8808729649 -0.4602679908 -0.8947100043 -0.1134606302 -0.4319961369 -0.4327560067 0.4595536292 0.7755854130
-273.8 -146.2 2323.1 0.4521030188 -0.0289483257 -0.8914958835 0.0276676305 0.9994474053 -0.0184226427 0.8915365338 -0.0163366459 0.4526540935
-262.6 -534.2 2329.4 0.4572247863 0.1408993751 -0.8781189322 0.0614427701 0.9800065756 0.1892402917 0.8872261643 -0.1404794157 0.4394260645
-208.6 -189.1 2484.3 0.4676234424 -0.0664508790 -0.8814264536 -0.0104316846 0.9966859221 -0.0806746259 0.8838662505 0.0469201095 0.4653804898
-182.8 -575.9 2466.1 0.4623732865 -0.0885841101 -0.8822492957 0.0627408326 0.9957715869 -0.0671010464 0.8844628334 -0.0243273228 0.4659760296
128.3 -142.3 2205.9 0 0 0 0 0 0 0 0 0
-80.5 -299.9 2514.4 0 0 0 0 0 0 0 0 0
-315.2 -899.8 2381.8 0 0 0 0 0 0 0 0 0
-158.0 -854.8 2472.9 0 0 0 0 0 0 0 0 0
-22.9 370.4 2464.3 4 0.3642259836 0.3833450973 -0.8487555385 -0.2704826593 0.9156148434 0.2974703908 0.8911669850 0.1212272123 0.4371789098
-98.5 189.9 2440.4 0.3642259836 0.3833450973 -0.8487555385 -0.2704826593 0.9156148434 0.2974703908 0.8911669850 0.1212272123 0.4371789098
-168.2 9.5 2422.9 0.3792448044 0.3589212596 -0.8528475165 -0.2331586331 0.9290291071 0.2873011827 0.8954386711 0.0898912773 0.4360150397
-150.3 221.7 2318.0 -0.2752717435 0.6627787352 -0.6963833570 0.7015727162 0.6337404251 0.3258356452 0.6572831869 -0.3988702297 -0.6394382715
-73.1 25.0 2133.8 -0.7432267666 0.6627787352 -0.0913145989 0.6216957569 0.6337404251 -0.4602906406 -0.2472011000 -0.3988702297 -0.8830595613
-46.7 158.0 2562.7 -0.2636988461 0.8817858100 -0.3910456896 -0.9265112877 -0.1187370047 0.3570410609 0.2684021294 0.4564595520 0.8482953310
-110.5 -66.1 2627.6 0.1051829532 0.8817858100 -0.4597720802 -0.8939142823 -0.1187370047 -0.4322253466 -0.4357221425 0.4564595520 0.7757518291
-269.7 -148.7 2326.4 0.4549408555 -0.0213680062 -0.8902652264 0.0250068232 0.9996243715 -0.0112139098 0.8901704550 -0.0171610396 0.4553043246
-261.4 -536.7 2333.0 0.4572281241 0.1506379992 -0.8764990568 0.0395801850 0.9811276197 0.1892669201 0.8884682655 -0.1212301552 0.4426368773
-202.1 -189.7 2487.1 0.4708743393 -0.0554117970 -0.8804583549 -0.0246790219 0.9968075156 -0.0759327337 0.8818550110 0.0574836284 0.4680035412
-180.5 -576.6 2464.8 0.4660477340 -0.0760430396 -0.8814856410 0.0616425127 0.9966693521 -0.0533887446 0.8826096058 -0.0294552874 0.4691829979
135.7 -149.7 2203.2 0 0 0 0 0 0 0 0 0
-82.7 -302.6 2512.3 0 0 0 0 0 0 0 0 0
-317.6 -902.8 2378.3 0 0 0 0 0 0 0 0 0
-159.4 -853.8 2473.0 0 0 0 0 0 0 0 0 0
-23.7 369.7 2462.1 5 0.3568545580 0.3819594085 -0.8525032997 -0.2625107765 0.9168173075 0.3008889556 0.8965170979 0.1164176986 0.4274388850
-98.9 189.1 2439.2 0.3568545580 0.3819594085 -0.8525032997 -0.2625107765 0.9168173075 0.3008889556 0.8965170979 0.1164176986 0.4274388850
-168.3 8.6 2422.7 0.3718647063 0.3574544787 -0.8567047119 -0.2250187546 0.9300739169 0.2903947532 0.9006015658 0.0847870633 0.4262956381
-149.7 219.9 2316.2 -0.2887468636 0.6476289034 -0.7051255703 0.7016336918 0.6442459822 0.3043965697 0.6514103413 -0.4068462849 -0.6404222846
-68.5 22.5 2132.9 -0.7546415925 0.6476289034 -0.1053228155 0.6161304712 0.6442459822 -0.4531339109 -0.2256088257 -0.4068462849 -0.8851987123
-48.1 158.4 2562.2 -0.2652886510 0.8779929876 -0.3984348178 -0.9243357182 -0.1140442193 0.3641392589 0.2742725015 0.4648895264 0.8418148756
-112.3 -65.2 2628.6 0.1094945967 0.8779929876 -0.4659820795 -0.8976038098 -0.1140442193 -0.4257948995 -0.4269874990 0.4648895264 0.7756026387
-271.8 -149.9 2325.2 0.4476290643 -0.0239675865 -0.8938980699 0.0235683322 0.9996097088 -0.0149998777 0.8939086795 -0.0143533060 0.4480192065
-262.5 -538.0 2330.8 0.4495278597 0.1384113282 -0.8824777603 0.0367855355 0.9842159152 0.1731066257 0.8925085664 -0.1102786660 0.4373409152
-203.9 -191.7 2485.7 0.4633940160 -0.0564733595 -0.8843510151 -0.0156208817 0.9972916245 -0.0718708187 0.8860146403 0.0471188501 0.4612568021
-181.9 -578.8 2467.4 0.4587364495 -0.0784734711 -0.8851004243 0.0607602745 0.9965314269 -0.0568617173 0.8864925504 -0.0276944023 0.4619133770
143.9 -150.9 2196.4 0 0 0 0 0 0 0 0 0
-83.3 -302.6 2515.6 0 0 0 0 0 0 0 0 0
-314.2 -905.3 2372.0 0 0 0 0 0 0 0 0 0
-160.4 -852.7 2475.0 0 0 0 0 0 0 0 0 0
-24.1 373.2 2462.0 6 0.3305475116 0.3749798834 -0.8660995364 -0.2532156706 0.9192730784 0.3013615608 0.9091865420 0.1196956635 0.3988142014
-97.6 193.1 2438.6 0.3305475116 0.3749798834 -0.8660995364 -0.2532156706 0.9192730784 0.3013615608 0.9091865420 0.1196956635 0.3988142014
-165.6 12.0 2422.5 0.3467777371 0.3503685296 -0.8700500727 -0.2117717564 0.9329052567 0.2912739515 0.9137275219 0.0832447037 0.3977089226
-144.9 222.0 2313.8 -0.2723268569 0.6226654053 -0.7335706353 0.7060121298 0.6472913027 0.2873340845 0.6537469029 -0.4396609664 -0.6158841252
-68.0 22.7 2129.2 -0.7711824775 0.6226654053 -0.1325344741 0.6028082967 0.6472913027 -0.4665148556 -0.2046942562 -0.4396609664 -0.8745275736
-50.2 164.2 2563.4 -0.2686931491 0.8647236824 -0.4243312478 -0.9221823215 -0.1037120894 0.3725904226 0.2781794667 0.4914232492 0.8252995610
-115.2 -58.9 2630.7 0.1259528100 0.8647236824 -0.4861983955 -0.9024013877 -0.1037120894 -0.4182290137 -0.4120771885 0.4914232492 0.7672650218
-271.0 -151.8 2325.6 0.4218531847 -0.0178352650 -0.9064887166 0.0220135022 0.9997132421 -0.0094250310 0.9063968658 -0.0159790106 0.4221248329
-264.1 -539.9 2331.8 0.4271964729 0.1371994019 -0.8936886787 0.0582297184 0.9821933508 0.1786213219 0.9022818208 -0.1283456385 0.4116004407
-204.4 -192.1 2487.0 0.4387705624 -0.0580474511 -0.8967223167 -0.0201345105 0.9970257878 -0.0743923038 0.8983735442 0.0506962165 0.4362968206
-181.8 -579.1 2467.3 0.4332666695 -0.0879179835 -0.8969673514 0.0570979938 0.9959090352 -0.0700356141 0.8994553089 -0.0208709408 0.4365141392
149.2 -147.1 2186.9 0 0 0 0 0 0 0 0 0
-81.9 -297.6 2521.7 0 0 0 0 0 0 0 0 0
-315.3 -906.4 2379.7 0 0 0 0 0 0 0 0 0
-157.8 -851.6 2473.0 0 0 0 0 0 0 0 0 0
-23.9 372.1 2461.5 7 0.3407955468 0.3653819561 -0.8662300110 -0.2435851395 0.9242398143 0.2940186858 0.9080334306 0.1108004972 0.4039784372
-95.8 190.4 2439.7 0.3407955468 0.3653819561 -0.8662300110 -0.2435851395 0.9242398143 0.2940186858 0.9080334306 0.1108004972 0.4039784372
-162.1 8.6 2424.6 0.3553105295 0.3419153094 -0.8699703217 -0.2053992599 0.9365113974 0.2841787338 0.9119021893 0.0777195618 0.4029815197
-144.3 218.4 2315.2 -0.2732432485 0.6139031053 -0.7405816317 0.6805078983 0.6675007939 0.3022443652 0.6798875928 -0.4213854074 -0.6001560092
-67.4 27.0 2123.9 -0.7782980204 0.6139031053 -0.1318149418 0.6009672284 0.6675007939 -0.4396374524 -0.1819082052 -0.4213854074 -0.8884502053
-47.2 162.3 2564.3 -0.2577275634 0.8691828847 -0.4220161140 -0.9238145351 -0.0936986953 0.3711971343 0.2830958366 0.4855323434 0.8271124959
-109.6 -61.1 2632.7 0.1318370998 0.8691828847 -0.4765921533 -0.9024330378 -0.0936986953 -0.4205177724 -0.4101628959 0.4855323434 0.7720264196
-264.7 -150.1 2324.5 0.4281202257 -0.0031757890 -0.9037162066 0.0256619360 0.9996333122 0.0086440518 0.9033573866 -0.0268918015 0.4280447364
-263.4 -538.1 2334.9 0.4300522804 0.1336126477 -0.8928620815 0.0395955741 0.9852446318 0.1665087044 0.9019352794 -0.1069608331 0.4184162319
-202.6 -188.0 2488.1 0.4459851682 -0.0388911590 -0.8941950202 -0.0251592472 0.9981160164 -0.0559593141 0.8946866989 0.0474542975 0.4441664517
-187.5 -575.5 2469.7 0.4393332303 -0.1021216512 -0.8925006986 0.0529594533 0.9947337508 -0.0877500772 0.8967617154 -0.0087148249 0.4424278736
151.5 -142.1 2175.1 0 0 0 0 0 0 0 0 0
-74.7 -299.8 2524.3 0 0 0 0 0 0 0 0 0
-313.3 -905.8 2374.9 0 0 0 0 0 0 0 0 0
-158.8 -854.4 2472.2 0 0 0 0 0 0 0 0 0
-25.1 372.9 2460.7 8 0.3393578529 0.3702118695 -0.8647423983 -0.2366655618 0.9233274460 0.3024165928 0.9103986025 0.1020272970 0.4009548128
-98.1 190.8 2440.6 0.3393578529 0.3702118695 -0.8647423983 -0.2366655618 0.9233274460 0.3024165928 0.9103986025 0.1020272970 0.4009548128
-165.3 9.2 2426.4 0.3526539207 0.3459694088 -0.8694483042 -0.2021584511 0.9353683591 0.2902034223 0.9136559367 0.0734249502 0.3998019397
-146.3 218.4 2315.8 -0.2496688068 0.6113079786 -0.7509780526 0.6545110941 0.6780901551 0.3343784511 0.7136390209 -0.4080396295 -0.5694057941
-74.4 29.8 2110.2 -0.7697545290 0.6113079786 -0.1837949753 0.6292098165 0.6780901551 -0.3798536062 -0.1075779572 -0.4080396295 -0.9066039324
-50.0 163.2 2565.4 -0.2623980045 0.8678377271 -0.4219062924 -0.9211352468 -0.0950023606 0.3774710596 0.2875015438 0.4876804054 0.8243243694
-113.4 -59.6 2635.0 0.1285947561 0.8678377271 -0.4799177349 -0.9051544070 -0.0950023606 -0.4143308997 -0.4051653147 0.4876804054 0.7733103633
-260.3 -154.8 2327.9 0.4264157116 0.0098169846 -0.9044740200 0.0104873748 0.9998202324 0.0157961436 0.9044665098 -0.0162212811 0.4262360930
-264.1 -542.9 2334.2 0.4314683676 0.1292647719 -0.8928189278 0.0467958115 0.9851415157 0.1652462780 0.9009135365 -0.1130787283 0.4190083444
-196.7 -191.6 2491.2 0.4442699552 -0.0272450615 -0.8954786062 -0.0256688707 0.9987400174 -0.0431217924 0.8955251575 0.0421436429 0.4430108368
-186.1 -579.3 2474.9 0.4383804202 -0.1066113412 -0.8924441934 0.0375977792 0.9942461848 -0.1003040746 0.8980028033 0.0104174241 0.4398664236
141.4 -146.6 2140.4 0 0 0 0 0 0 0 0 0
-79.4 -299.1 2527.8 0 0 0 0 0 0 0 0 0
-312.4 -910.5 2376.4 0 0 0 0 0 0 0 0 0
-156.7 -853.3 2472.0 0 0 0 0 0 0 0 0 0
-23.4 374.5 2461.9 9 0.3315152526 0.3773311675 -0.8647073507 -0.2391375303 0.9202137589 0.3098708093 0.9126394987 0.1040570810 0.3952989280
-98.0 192.5 2441.3 0.3315152526 0.3773311675 -0.8647073507 -0.2391375303 0.9202137589 0.3098708093 0.9126394987 0.1040570810 0.3952989280
-167.0 11.7 2426.7 0.3449141681 0.3554064631 -0.8687465191 -0.2052732408 0.9317002296 0.2996623814 0.9159132838 0.0749725997 0.3943120539
-145.1 220.6 2316.2 -0.2205672115 0.6010943651 -0.7681377530 0.6420142055 0.6823439002 0.3496063054 0.7342805266 -0.4160436690 -0.5364138484
-80.6 32.8 2101.3 -0.7684668899 0.6010943651 -0.2194178849 0.6364266276 0.6823439002 -0.3596775532 -0.0664817020 -0.4160436690 -0.9069111347
-50.9 164.5 2566.4 -0.2738809586 0.8638044596 -0.4228842854 -0.9181156754 -0.1038636491 0.3824604154 0.2864487171 0.4930053353 0.8215186596
-117.2 -57.5 2635.7 0.1214815304 0.8638044596 -0.4889623225 -0.9067137837 -0.1038636491 -0.4087571800 -0.4038716853 0.4930053353 0.7706058621
-264.0 -154.2 2330.3 0.4210531414 -0.0007555730 -0.9070356488 0.0140203685 0.9998856187 0.0056754476 0.9069275856 -0.0151066389 0.4210155606
-263.7 -542.4 2336.1 0.4235742688 0.1273933053 -0.8968588710 0.0329602398 0.9872388840 0.1557979137 0.9052615762 -0.0955526680 0.4139700830
-200.9 -190.4 2494.0 0.4385096729 -0.0394344367 -0.8978608847 -0.0299802851 0.9978390336 -0.0584677048 0.8982262611 0.0525567792 0.4363798201
-185.5 -577.8 2473.6 0.4322115481 -0.1071073040 -0.8953888416 0.0379092321 0.9942016006 -0.1006282866 0.9009750485 0.0095492015 0.4337657690
135.0 -145.8 2120.0 0 0 0 0 0 0 0 0 0
-85.0 -297.4 2528.8 0 0 0 0 0 0 0 0 0
-311.3 -910.8 2371.8 0 0 0 0 0 0 0 0 0
-155.8 -853.6 2470.9 0 0 0 0 0 0 0 0 0
-25.2 373.1 2462.4 0 0.3480318785 0.3684434295 -0.8620459437 -0.2342572212 0.9245411754 0.3005781174 0.9077430367 0.0973297358 0.4080803096
-97.9 190.6 2443.2 0.3480318785 0.3684434295 -0.8620459437 -0.2342572212 0.9245411754 0.3005781174 0.9077430367 0.0973297358 0.4080803096
-165.3 9.1 2429.2 0.3597747386 0.3473040462 -0.8659919500 -0.2037490159 0.9349849820 0.2903264165 0.9105209708 0.0719928890 0.4071468413
-147.1 218.4 2318.8 -0.1614658386 0.5178654194 -0.8400858045 0.6203121543 0.7153311372 0.3217361867 0.7675555944 -0.4691660702 -0.4367397726
-101.6 43.8 2102.8 -0.8074789643 0.5178654194 -0.2824768126 0.5898417234 0.7153311372 -0.3746840060 0.0080285678 -0.4691660702 -0.8830734491
-48.8 162.7 2567.6 -0.2608207762 0.8716420531 -0.4149850905 -0.9213582873 -0.0964152068 0.3765673339 0.2882210612 0.4805665612 0.8282417655
