-32.2 370.0 2462.4 5 0.3739126921 0.3710642457 -0.8500003815 -0.2716268301 0.9201049805 0.2821802795 0.8867965937 0.1253721118 0.4448299110
-105.5 188.2 2437.6 0.3739126921 0.3710642457 -0.8500003815 -0.2716268301 0.9201049805 0.2821802795 0.8867965937 0.1253721118 0.4448299110
-173.0 7.1 2419.3 0.3882716000 0.3475297689 -0.8535035253 -0.2345996201 0.9329275489 0.2731467783 0.8911836147 0.0941764638 0.4437596202
-158.5 220.3 2315.9 -0.1287829727 0.4746492803 -0.8707025647 0.7359669209 0.6342235804 0.2368820012 0.6646559834 -0.6103019714 -0.4310033917
-124.0 22.9 2137.6 -0.8439025879 0.4746492803 -0.2500730157 0.5249245167 0.6342235804 -0.5676395893 -0.1108275130 -0.6103019714 -0.7843779325
-52.5 156.1 2559.3 -0.2499195784 0.8863188624 -0.3898449838 -0.9317280054 -0.1105746627 0.3459135592 0.2634827197 0.4496800601 0.8534428477
-112.9 -69.2 2623.0 0.1136613712 0.8863188624 -0.4489097893 -0.8894209862 -0.1105746627 -0.4435127378 -0.4427317381 0.4496800601 0.7757425308
-276.9 -149.2 2326.2 0.4577144682 -0.0400334224 -0.8881974816 0.0463007726 0.9987035394 -0.0211540647 0.8878928423 -0.0314417072 0.4589746296
-261.3 -536.9 2338.4 0.4554177225 0.1350832134 -0.8799700141 0.0290367268 0.9856421351 0.1663324237 0.8898042440 -0.1013021767 0.4449565113
-205.4 -191.6 2484.9 0.4712029099 -0.0345938802 -0.8813461661 -0.0081567848 0.9990169406 -0.0435735397 0.8819870949 0.0277209301 0.4704574943
-192.0 -579.3 2474.1 0.4639722109 -0.1203177199 -0.8776408434 0.0608772375 0.9927217364 -0.1039111540 0.8837555051 -0.0052164630 0.4679199159
112.4 -124.2 2168.7 0 0 0 0 0 0 0 0 0
-82.9 -304.5 2505.9 0 0 0 0 0 0 0 0 0
-311.7 -904.6 2376.2 0 0 0 0 0 0 0 0 0
-157.7 -862.0 2475.6 0 0 0 0 0 0 0 0 0
-32.1 370.5 2461.7 6 0.3586210907 0.3733192086 -0.8555838466 -0.2673865855 0.9192259312 0.2890122533 0.8943686485 0.1251257658 0.4294743538
-106.0 188.6 2436.9 0.3586210907 0.3733192086 -0.8555838466 -0.2673865855 0.9192259312 0.2890122533 0.8943686485 0.1251257658 0.4294743538
-173.9 7.6 2419.1 0.3737746179 0.3496618271 -0.8590862155 -0.2285773754 0.9323779345 0.2800423801 0.8989132047 0.0916949436 0.4284240007
-157.1 219.8 2314.1 -0.1332826167 0.4497678578 -0.8831447363 0.7408315539 0.6371329427 0.2126740217 0.6583345532 -0.6259157062 -0.4181209803
-121.6 22.6 2138.9 -0.8483872414 0.4497678578 -0.2791916728 0.5238326192 0.6371329427 -0.5653856993 -0.0764101148 -0.6259157062 -0.7761385441
-54.9 157.4 2559.7 -0.2575325370 0.8789423108 -0.4014192522 -0.9285478592 -0.1101701185 0.3544875085 0.2673496604 0.4640290439 0.8445124030
-117.2 -67.2 2624.3 0.1169073954 0.8789423108 -0.4623776376 -0.8935011625 -0.1101701185 -0.4353369474 -0.4335762560 0.4640290439 0.7724562287
-275.2 -153.0 2321.2 0.4444826841 -0.0311625712 -0.8952452540 0.0479013547 0.9987916946 -0.0109842457 0.8945057988 -0.0380011536 0.4454383254
-263.1 -540.7 2336.0 0.4427841604 0.1351090074 -0.8863902688 0.0352527611 0.9851940870 0.1677793115 0.8959349394 -0.1055377275 0.4314653575
-205.6 -195.0 2480.9 0.4574074447 -0.0361542553 -0.8885219693 0.0064751818 0.9992821217 -0.0373277254 0.8892336488 0.0113206375 0.4573131502
-191.6 -582.9 2476.5 0.4528348446 -0.1188535020 -0.8836370707 0.0480228327 0.9928878546 -0.1089381501 0.8903002143 0.0068962327 0.4553218782
116.4 -124.3 2160.3 0 0 0 0 0 0 0 0 0
-86.3 -303.6 2509.6 0 0 0 0 0 0 0 0 0
-313.5 -908.4 2375.4 0 0 0 0 0 0 0 0 0
-158.6 -858.8 2474.5 0 0 0 0 0 0 0 0 0
-34.2 369.4 2461.8 7 0.3549180925 0.3697476387 -0.8586732745 -0.2592210174 0.9213764071 0.2896031737 0.8982414007 0.1198007539 0.4228594899
-107.3 187.2 2438.1 0.3549180925 0.3697476387 -0.8586732745 -0.2592210174 0.9213764071 0.2896031737 0.8982414007 0.1198007539 0.4228594899
-174.4 5.8 2421.4 0.3700796366 0.3453451991 -0.8624255061 -0.2198718637 0.9345223308 0.2798649669 0.9026058912 0.0860507861 0.4217793643
-157.9 217.3 2314.8 -0.1602380723 0.4402149618 -0.8834786415 0.7316923738 0.6537321806 0.1930298209 0.6625330448 -0.6155038476 -0.4268547297
-114.9 20.8 2136.9 -0.8491449356 0.4402149618 -0.2918280661 0.5259053111 0.6537321806 -0.5441119671 -0.0487488247 -0.6155038476 -0.7866247892
-56.8 157.2 2561.4 -0.2550910413 0.8769827485 -0.4072220027 -0.9274393320 -0.1028053313 0.3595654368 0.2734681070 0.4693956375 0.8395730853
-118.5 -67.1 2627.6 0.1228620484 0.8769827485 -0.4645493925 -0.8964024186 -0.1028053313 -0.4311540425 -0.4258728325 0.4693956375 0.7734985948
-275.2 -152.9 2320.8 0.4402544200 -0.0341375731 -0.8972238898 0.0400204286 0.9990299344 -0.0183736607 0.8969807029 -0.0278181992 0.4411935210
-262.0 -540.7 2331.6 0.4435387850 0.1437274665 -0.8846557140 0.0616874546 0.9798215032 0.1901169419 0.8941297531 -0.1388964057 0.4257226586
-208.3 -193.9 2481.8 0.4529826045 -0.0510466993 -0.8900567293 0.0112995114 0.9986079335 -0.0515216142 0.8914477229 0.0132811880 0.4529288411
-188.5 -581.5 2476.7 0.4500975609 -0.1068857685 -0.8865594268 0.0398802981 0.9942260981 -0.0996194854 0.8920884132 0.0094822329 0.4517613649
124.3 -127.4 2150.6 0 0 0 0 0 0 0 0 0
-86.0 -304.3 2514.9 0 0 0 0 0 0 0 0 0
-315.6 -906.3 2383.4 0 0 0 0 0 0 0 0 0
-158.8 -857.8 2474.0 0 0 0 0 0 0 0 0 0
-33.5 373.0 2461.9 8 0.3490348160 0.3665818274 -0.8624340296 -0.2557477951 0.9226393104 0.2886689305 0.9015363455 0.1198101044 0.4157857299
-106.3 190.0 2438.1 0.3490348160 0.3665818274 -0.8624340296 -0.2557477951 0.9226393104 0.2886689305 0.9015363455 0.1198101044 0.4157857299
-172.7 8.3 2421.8 0.3646194935 0.3420680761 -0.8660496473 -0.2148749083 0.9358865619 0.2791864574 0.9060250521 0.0842955112 0.4147443473
-156.1 219.3 2314.4 -0.1851323247 0.4501286447 -0.8735617995 0.7178862691 0.6689938903 0.1925786585 0.6710926890 -0.5914654732 -0.4469935596
-105.1 21.7 2129.6 -0.8435318470 0.4501286447 -0.2929816842 0.5358822942 0.6689938903 -0.5150508285 -0.0358361900 -0.5914654732 -0.8055335879
-56.5 160.6 2561.9 -0.2542497814 0.8740958571 -0.4139003158 -0.9269773960 -0.0982013494 0.3620350063 0.2758077383 0.4757235646 0.8352348208
-117.9 -63.6 2628.6 0.1283282787 0.8740958571 -0.4684957564 -0.8978738785 -0.0982013494 -0.4291607738 -0.4211345613 0.4757235646 0.7722258568
-274.6 -155.9 2323.9 0.4342999756 -0.0316414014 -0.9002124071 0.0388556086 0.9991106987 -0.0163719952 0.8999298811 -0.0278679449 0.4351432025
-262.3 -543.7 2334.7 0.4356308281 0.1459685117 -0.8882111311 0.0476890467 0.9816350937 0.1847113073 0.8988612294 -0.1228238791 0.4206694365
-208.3 -195.3 2485.6 0.4483526647 -0.0544937626 -0.8921940923 -0.0096797841 0.9977853894 -0.0658074692 0.8938043118 0.0381412022 0.4468322694
-187.1 -582.5 2470.8 0.4424922168 -0.0997034386 -0.8912125826 0.0596227981 0.9948722124 -0.0816971809 0.8947880864 -0.0169862211 0.4461678267
132.2 -129.0 2139.7 0 0 0 0 0 0 0 0 0
-84.0 -301.1 2517.2 0 0 0 0 0 0 0 0 0
-316.7 -910.0 2380.5 0 0 0 0 0 0 0 0 0
-159.3 -859.7 2475.5 0 0 0 0 0 0 0 0 0
-32.5 372.2 2461.9 9 0.3442899585 0.3655111790 -0.8647924662 -0.2555387020 0.9228128195 0.2882992327 0.9034181833 0.1217294112 0.4111174345
-104.8 189.8 2437.9 0.3442899585 0.3655111790 -0.8647924662 -0.2555387020 0.9228128195 0.2882992327 0.9034181833 0.1217294112 0.4111174345
-171.2 8.2 2420.9 0.3592731059 0.3424384892 -0.8681352139 -0.2162095308 0.9354780912 0.2795249224 0.9078415632 0.0872733146 0.4101305902
-153.8 219.3 2313.8 -0.1950599700 0.4611943960 -0.8655930758 0.7030270100 0.6811305285 0.2044854015 0.6838893890 -0.5686483383 -0.4570934176
-99.1 22.1 2122.0 -0.8380153179 0.4611943960 -0.2915991247 0.5449844599 0.6811305285 -0.4889306426 -0.0268750191 -0.5686483383 -0.8221415877
-55.7 160.2 2561.9 -0.2566384077 0.8712953925 -0.4183073342 -0.9270518422 -0.0995126218 0.3614859581 0.2733342052 0.4805637598 0.8332747817
-117.7 -64.0 2628.0 0.1299192905 0.8712953925 -0.4732497036 -0.8975176811 -0.0995126218 -0.4296035469 -0.4214059114 0.4805637598 0.7690744400
-271.7 -154.1 2324.2 0.4291962981 -0.0237896889 -0.9028978944 0.0382890180 0.9992336631 -0.0081271129 0.9023993015 -0.0310829468 0.4297782481
-262.5 -542.0 2336.3 0.4276660681 0.1408998817 -0.8928880095 0.0274075046 0.9853016734 0.1686103344 0.9035211802 -0.0965807512 0.4175183773
-206.4 -192.6 2486.6 0.4436917901 -0.0397595353 -0.8952970505 -0.0202547107 0.9983152747 -0.0543723479 0.8959505558 0.0422585458 0.4421389699
-191.0 -580.1 2470.2 0.4357312024 -0.1091585606 -0.8934330940 0.0681002289 0.9937717319 -0.0882050321 0.8974968791 -0.0224093162 0.4404510558
136.4 -131.1 2129.5 0 0 0 0 0 0 0 0 0
-83.4 -301.5 2516.5 0 0 0 0 0 0 0 0 0
-315.1 -909.6 2372.3 0 0 0 0 0 0 0 0 0
-160.1 -861.1 2476.5 0 0 0 0 0 0 0 0 0
-32.9 373.7 2461.4 0 0.3494819403 0.3627384603 -0.8638768196 -0.2583120167 0.9235857129 0.2833096683 0.9006316066 0.1241381392 0.4164762199
-104.4 191.4 2437.0 0.3494819403 0.3627384603 -0.8638768196 -0.2583120167 0.9235857129 0.2833096683 0.9006316066 0.1241381392 0.4164762199
-170.0 9.6 2419.7 0.3648058772 0.3378487825 -0.8676260114 -0.2176159769 0.9369746447 0.2733529806 0.9052954912 0.0890884995 0.4153351486
-154.3 221.2 2313.3 -0.2044055611 0.4845492542 -0.8505471349 0.6954089403 0.6833975315 0.2222031951 0.6889301538 -0.5460584760 -0.4766501188
-95.7 21.9 2115.8 -0.8250654340 0.4845492542 -0.2906528413 0.5644519329 0.6833975315 -0.4629922807 -0.0257111341 -0.5460584760 -0.8373523951
-54.6 161.7 2560.6 -0.2503546774 0.8741317391 -0.4161925018 -0.9294160604 -0.0966117159 0.3561628163 0.2711241543 0.4759830236 0.8366193175
-115.1 -63.1 2626.2 0.1326754242 0.8741317391 -0.4672161043 -0.8952437043 -0.0966117159 -0.4349768758 -0.4253656566 0.4759830236 0.7697429657
-269.9 -154.0 2322.7 0.4333080053 -0.0203219838 -0.9010167718 0.0385623984 0.9992482066 -0.0039925012 0.9004205465 -0.0330153815 0.4337659180
-262.0 -542.0 2335.5 0.4323159456 0.1452890486 -0.8899404407 0.0317754522 0.9838666320 0.1760590672 0.9011621475 -0.1043914035 0.4207246006
-205.5 -192.8 2485.3 0.4477508962 -0.0444816574 -0.8930512071 -0.0129906256 0.9983328581 -0.0562387258 0.8940639496 0.0367822349 0.4464266002
-188.2 -580.3 2471.0 0.4415377676 -0.1025325507 -0.8913649321 0.0584457591 0.9946259260 -0.0854594186 0.8953371048 -0.0143629424 0.4451575279
136.2 -136.8 2123.0 0 0 0 0 0 0 0 0 0
-80.0 -299.9 2513.7 0 0 0 0 0 0 0 0 0
-316.2 -909.2 2374.4 0 0 0 0 0 0 0 0 0
-159.6 -857.9 2475.1 0 0 0 0 0 0 0 0 0
-33.2 375.4 2461.2 1 0.3511787951 0.3614366949 -0.8637343049 -0.2552812397 0.9245007634 0.2830721438 0.9008356929 0.1210862249 0.4169330597
-104.6 192.8 2437.3 0.3511787951 0.3614366949 -0.8637343049 -0.2552812397 0.9245007634 0.2830721438 0.9008356929 0.1210862249 0.4169330597
-170.3 10.8 2420.8 0.3665006757 0.3383081853 -0.8667322993 -0.2145171762 0.9371790290 0.2750960588 0.9053505659 0.0851060748 0.4160496593
-154.7 222.1 2313.6 -0.1812712699 0.4088755250 -0.8944056630 0.6899629235 0.7009521723 0.1806023270 0.7007794976 -0.5843687654 -0.4091714323
-104.2 29.9 2118.4 -0.8370661139 0.4088755250 -0.3635121584 0.5431302190 0.7009521723 -0.4622505903 0.0658017024 -0.5843687654 -0.8088160157
-54.6 163.4 2561.0 -0.2501040399 0.8750260472 -0.4144603908 -0.9283690453 -0.0951833501 0.3592645526 0.2749161124 0.4746257067 0.8361528516
-115.1 -61.1 2627.5 0.1315884590 0.8750260472 -0.4658475220 -0.8967865705 -0.0951833501 -0.4321042001 -0.4224433303 0.4746257067 0.7721865177
-268.3 -152.8 2321.3 0.4350184798 -0.0174390301 -0.9002526402 0.0444464535 0.9990094900 0.0021252611 0.8993238807 -0.0409375653 0.4353626966
-261.5 -540.7 2337.2 0.4322749078 0.1417243034 -0.8905349970 0.0247776229 0.9853323102 0.1688381433 0.9014014006 -0.0950498357 0.4224228263
-202.9 -191.8 2483.5 0.4498184919 -0.0379991420 -0.8923112750 -0.0180394892 0.9985041022 -0.0516151674 0.8929377794 0.0393142961 0.4484601319
-188.2 -579.4 2468.2 0.4426773190 -0.1015498787 -0.8909121156 0.0685001388 0.9944928885 -0.0793200284 0.8940606713 -0.0259144288 0.4471956193
129.2 -121.5 2100.1 0 0 0 0 0 0 0 0 0
-80.2 -298.4 2515.7 0 0 0 0 0 0 0 0 0
-314.4 -908.4 2372.6 0 0 0 0 0 0 0 0 0
-159.8 -857.2 2475.4 0 0 0 0 0 0 0 0 0
-31.4 376.3 2461.6 2 0.3636336029 0.3640900254 -0.8574433327 -0.2581301332 0.9237946272 0.2827937603 0.8950639367 0.1184986383 0.4299053848
-103.5 193.4 2438.1 0.3636336029 0.3640900254 -0.8574433327 -0.2581301332 0.9237946272 0.2827937603 0.8950639367 0.1184986383 0.4299053848
-169.4 11.5 2421.7 0.3786518872 0.3393383920 -0.8610877991 -0.2184051275 0.9368491173 0.2731537223 0.8994008899 0.0846358165 0.4288529456
-155.2 223.2 2315.3 -0.1557405144 0.3676193357 -0.9168428779 0.6815862060 0.7118050456 0.1696285307 0.7149721384 -0.5984894633 -0.3614211679
-112.4 36.0 2118.9 -0.8376004100 0.3676193357 -0.4040811956 0.5330551863 0.7118050456 -0.4573683143 0.1194895878 -0.5984894633 -0.7921695709
-51.8 163.6 2561.0 -0.2463105917 0.8813309669 -0.4032206237 -0.9295994639 -0.0971356258 0.3555412292 0.2741824090 0.4624072313 0.8432102799
-111.3 -61.3 2627.3 0.1259499788 0.8813309669 -0.4554035068 -0.8949353099 -0.0971356258 -0.4354944825 -0.4280506670 0.4624072313 0.7764999866
-268.8 -151.9 2323.1 0.4472199678 -0.0161335506 -0.8942784667 0.0312266555 0.9995093942 -0.0024158601 0.8938787580 -0.0268449057 0.4475043416
-262.6 -539.9 2333.6 0.4480958581 0.1263884753 -0.8850062490 0.0379812792 0.9863706231 0.1600950658 0.8931783438 -0.1053516045 0.4371881783
-203.1 -190.3 2485.4 0.4617186487 -0.0370968133 -0.8862503767 -0.0202743597 0.9984227419 -0.0523546748 0.8867946863 0.0421412885 0.4602382779
-188.7 -577.9 2469.0 0.4543221295 -0.1033329517 -0.8848240972 0.0685402825 0.9943602085 -0.0809322521 0.8881968260 -0.0238767806 0.4588423073
120.9 -112.5 2085.6 0 0 0 0 0 0 0 0 0
-78.0 -298.0 2514.1 0 0 0 0 0 0 0 0 0
-309.7 -908.0 2372.9 0 0 0 0 0 0 0 0 0
-159.7 -857.4 2475.7 0 0 0 0 0 0 0 0 0
-33.2 375.2 2461.8 3 0.3696490228 0.3611099124 -0.8561303616 -0.2687766552 0.9235563874 0.2735008001 0.8894485235 0.1290085465 0.4384496510
-104.7 192.5 2436.3 0.3696490228 0.3611099124 -0.8561303616 -0.2687766552 0.9235563874 0.2735008001 0.8894485235 0.1290085465 0.4384496510
-169.9 10.6 2417.9 0.3848336041 0.3361189663 -0.8596087098 -0.2282551825 0.9370635748 0.2642185688 0.8943168521 0.0945299491 0.4373344481
-157.3 223.7 2314.1 -0.1375554353 0.3746045232 -0.9169241786 0.6738425493 0.7138782144 0.1905624419 0.7259577513 -0.5916496515 -0.3506223261
-118.8 35.4 2111.3 -0.8436007500 0.3746045232 -0.3847196400 0.5271975398 0.7138782144 -0.4609128237 0.1019829512 -0.5916496515 -0.7997187972
-52.1 161.3 2558.4 -0.2410338670 0.8844228983 -0.3996232748 -0.9339789152 -0.0994629860 0.3432062566 0.2637917697 0.4559640288 0.8500062823
-110.4 -64.6 2622.2 0.1269405335 0.8844228983 -0.4490903914 -0.8889160752 -0.0994629860 -0.4471412301 -0.4401298165 0.4559640288 0.7735518813
-269.2 -150.8 2324.7 0.4522038996 -0.0141532561 -0.8918023109 0.0318266489 0.9994933605 0.0002759006 0.8913465738 -0.0285078418 0.4524252415
-263.7 -538.8 2335.8 0.4526883960 0.1341784745 -0.8815153837 0.0353626460 0.9851336479 0.1681105047 0.8909673095 -0.1072743833 0.4412136674
-201.3 -189.9 2485.8 0.4661880434 -0.0409663655 -0.8837366700 -0.0088818297 0.9986602068 -0.0509790815 0.8846410513 0.0316150375 0.4651995897
-185.4 -577.6 2473.6 0.4615294933 -0.0922013894 -0.8823204637 0.0503011011 0.9957040548 -0.0777380317 0.8856976628 -0.0085032983 0.4641846418
116.7 -111.8 2082.8 0 0 0 0 0 0 0 0 0
-76.8 -299.7 2505.8 0 0 0 0 0 0 0 0 0
-313.8 -906.5 2375.8 0 0 0 0 0 0 0 0 0
-159.5 -856.9 2476.0 0 0 0 0 0 0 0 0 0
-32.0 376.7 2468.9 4 0.3359033465 0.3626008928 -0.8693040609 -0.2661638260 0.9218550324 0.2816737592 0.9035074711 0.1367621571 0.4061654210
-104.2 193.3 2441.7 0.3359033465 0.3626008928 -0.8693040609 -0.2661638260 0.9218550324 0.2816737592 0.9035074711 0.1367621571 0.4061654210
-169.4 11.5 2422.1 0.3517527282 0.3361066580 -0.8736717701 -0.2240108699 0.9364230037 0.2700574696 0.9088944793 0.1007185057 0.4046809077
-152.2 223.9 2317.6 -0.0980795175 0.3754508495 -0.9216382504 0.6635952592 0.7148313522 0.2205843180 0.7416344881 -0.5899599791 -0.3192577362
-124.5 36.3 2108.0 -0.8431587219 0.3754508495 -0.3848636150 0.5277358890 0.7148313522 -0.4588147104 0.1028502062 -0.5899599791 -0.8008552194
-56.1 162.7 2565.8 -0.2538152039 0.8671759367 -0.4284667671 -0.9314979911 -0.0998158380 0.3497831523 0.2605557740 0.4878962338 0.8331074119
-117.5 -62.6 2628.8 0.1390410662 0.8671759367 -0.4781982005 -0.8922205567 -0.0998158380 -0.4404307604 -0.4296626747 0.4878962338 0.7598336935
-269.7 -150.8 2319.4 0.4200156331 -0.0175361931 -0.9073474407 0.0480463170 0.9988408089 0.0029364054 0.9062440991 -0.0448280387 0.4203712940
-262.9 -538.6 2336.8 0.4181661606 0.1321234554 -0.8987104297 0.0339217223 0.9864040017 0.1607993096 0.9077369571 -0.0977266356 0.4079989195
-200.7 -191.7 2479.7 0.4343228638 -0.0474100746 -0.8995087147 -0.0069483523 0.9984078407 -0.0559776872 0.9007304907 0.0305624940 0.4333019257
-182.3 -579.3 2467.8 0.4299227595 -0.0817150772 -0.8991602063 0.0578953698 0.9963413477 -0.0628648549 0.9010075331 -0.0250301789 0.4330807626
111.6 -111.4 2079.2 0 0 0 0 0 0 0 0 0
-80.7 -298.6 2515.1 0 0 0 0 0 0 0 0 0
-312.2 -906.8 2373.3 0 0 0 0 0 0 0 0 0
-159.6 -856.2 2474.8 0 0 0 0 0 0 0 0 0
-31.4 373.0 2465.9 5 0.3674137890 0.3678619564 -0.8542158604 -0.2846839130 0.9188524485 0.2732494771 0.8854163885 0.1427858770 0.4423234463
-104.3 191.0 2437.6 0.3674137890 0.3678619564 -0.8542158604 -0.2846839130 0.9188524485 0.2732494771 0.8854163885 0.1427858770 0.4423234463
-170.4 9.8 2416.3 0.3828239441 0.3406150341 -0.8587358594 -0.2443873137 0.9337714911 0.2614299655 0.8909100294 0.1097824872 0.4407120943
-156.5 224.4 2316.1 -0.0949601606 0.4161984622 -0.9043015838 0.6649084687 0.7025785446 0.2535352111 0.7408639193 -0.5772020221 -0.3434508443
-129.3 34.0 2104.0 -0.8271375895 0.4161984622 -0.3776535392 0.5561916232 0.7025785446 -0.4438853860 0.0805868506 -0.5772020221 -0.8126152754
-52.0 157.7 2559.2 -0.2460624278 0.8834174871 -0.3987816870 -0.9368873835 -0.1113468707 0.3314270079 0.2483853102 0.4551652670 0.8550609946
-111.5 -68.9 2619.3 0.1226161942 0.8834174871 -0.4522596598 -0.8825820088 -0.1113468707 -0.4567832053 -0.4538879693 0.4551652670 0.7660354376
-266.1 -150.2 2321.2 0.4512754083 -0.0062919683 -0.8923625350 0.0301498529 0.9995117784 0.0081995726 0.8918752670 -0.0306048635 0.4512448013
-263.7 -538.1 2333.1 0.4526819587 0.1298313886 -0.8821694255 0.0406322405 0.9853116274 0.1658614129 0.8907458186 -0.1109269932 0.4407574534
-203.1 -190.3 2483.9 0.4645679593 -0.0456903055 -0.8843579888 -0.0102180457 0.9983249903 -0.0569461137 0.8854784966 0.0354917496 0.4633229375
-185.4 -577.9 2470.2 0.4594981372 -0.0905894488 -0.8835468292 0.0571753755 0.9957385659 -0.0723577142 0.8863365054 -0.0172688849 0.4627195299
103.2 -122.4 2081.3 0 0 0 0 0 0 0 0 0
-79.1 -302.3 2499.3 0 0 0 0 0 0 0 0 0
-312.1 -905.9 2374.5 0 0 0 0 0 0 0 0 0
-160.1 -855.6 2475.0 0 0 0 0 0 0 0 0 0
-28.6 376.8 2472.9 6 0.3226539493 0.3696297109 -0.8713600636 -0.2674217522 0.9186885953 0.2906834185 0.9079537392 0.1392304748 0.3952655196
-102.3 193.7 2445.2 0.3226539493 0.3696297109 -0.8713600636 -0.2674217522 0.9186885953 0.2906834185 0.9079537392 0.1392304748 0.3952655196
-169.5 12.7 2424.7 0.3376530111 0.3462794125 -0.8752605319 -0.2286437303 0.9321942329 0.2805992067 0.9130785465 0.1053776667 0.3939328194
-148.3 224.8 2320.7 -0.0448035076 0.4176566601 -0.9074996114 0.6531220078 0.6996285915 0.2897437811 0.7559260726 -0.5797264576 -0.3041265905
-135.2 33.8 2099.6 -0.8228710294 0.4176566601 -0.3852870762 0.5618079305 0.6996285915 -0.4414654374 0.0851768851 -0.5797264576 -0.8103469014
-56.2 162.5 2569.7 -0.2687934935 0.8596662879 -0.4344236255 -0.9284341335 -0.1111650243 0.3544748127 0.2564373314 0.4986142516 0.8280239701
-121.2 -62.0 2631.7 0.1327931732 0.8596662879 -0.4932948649 -0.8938577771 -0.1111650243 -0.4343508482 -0.4282339215 0.4986142516 0.7536574602
-270.8 -149.6 2315.3 0.4092471600 -0.0178736802 -0.9122484922 0.0503907837 0.9987249374 0.0030379824 0.9110310078 -0.0472122021 0.4096260369
-263.9 -537.2 2333.7 0.4083805084 0.1315391511 -0.9032844305 0.0438301861 0.9855955243 0.1633414477 0.9117588997 -0.1062965915 0.3967325985
-202.3 -193.4 2474.8 0.4224040508 -0.0406897776 -0.9054938555 0.0034848999 0.9990574121 -0.0432685278 0.9064009190 0.0151212458 0.4221476912
-186.5 -581.1 2468.9 0.4175306261 -0.1009859741 -0.9030337930 0.0576597601 0.9947468042 -0.0845823884 0.9068315625 -0.0167529713 0.4211600721
95.3 -123.5 2075.8 0 0 0 0 0 0 0 0 0
-86.1 -298.3 2518.5 0 0 0 0 0 0 0 0 0
-313.0 -905.1 2373.3 0 0 0 0 0 0 0 0 0
-158.5 -857.0 2473.6 0 0 0 0 0 0 0 0 0
-27.1 374.7 2467.5 7 0.3424471021 0.3731467128 -0.8622595668 -0.2588195801 0.9197062254 0.2952166200 0.9031845927 0.1220735908 0.4115284085
-101.1 192.1 2443.2 0.3424471021 0.3731467128 -0.8622595668 -0.2588195801 0.9197062254 0.2952166200 0.9031845927 0.1220735908 0.4115284085
-169.1 11.2 2425.4 0.3563701212 0.3501572907 -0.8662506342 -0.2231721729 0.9321857691 0.2849980593 0.9073006511 0.0917582512 0.4103485048
-149.8 222.6 2319.4 -0.0264542419 0.4343794882 -0.9003413916 0.6462603807 0.6945651770 0.3161118031 0.7626582980 -0.5734924674 -0.2990964651
-142.1 35.9 2099.2 -0.8121520281 0.4343794882 -0.3895170689 0.5773536563 0.6945651770 -0.4292341769 0.0840944797 -0.5734924674 -0.8148831129
-52.5 161.7 2567.0 -0.2647756636 0.8698282838 -0.4162842333 -0.9261392355 -0.1091239527 0.3610514104 0.2686261535 0.4811347723 0.8344754577
-116.5 -62.3 2632.0 0.1225356609 0.8698282838 -0.4778951108 -0.8968863487 -0.1091239527 -0.4285870790 -0.4249469638 0.4811347723 0.7667655349
-267.0 -147.8 2322.6 0.4287470877 -0.0084286360 -0.9033852220 0.0304097794 0.9995244741 0.0051068757 0.9029126167 -0.0296613052 0.4287995100
-263.7 -535.7 2334.1 0.4298484325 0.1313014925 -0.8933029771 0.0385694019 0.9857964516 0.1634557843 0.9020769000 -0.1047153771 0.4186788201
-206.6 -188.6 2485.9 0.4421972334 -0.0533620976 -0.8953290582 -0.0087210191 0.9979256392 -0.0637841672 0.8968754411 0.0360133611 0.4408145547
-185.9 -575.9 2471.9 0.4374431074 -0.0915141404 -0.8945773840 0.0519046560 0.9957191944 -0.0764797479 0.8977468610 -0.0129771912 0.4403205216
85.2 -125.6 2075.6 0 0 0 0 0 0 0 0 0
-84.1 -299.5 2519.6 0 0 0 0 0 0 0 0 0
-312.7 -903.7 2373.2 0 0 0 0 0 0 0 0 0
-160.1 -856.0 2475.6 0 0 0 0 0 0 0 0 0
-25.9 376.0 2464.2 8 0.3606908917 0.3750986159 -0.8539339304 -0.2538241148 0.9204852581 0.2971198559 0.8974828124 0.1095805839 0.4272197187
-100.4 193.1 2442.4 0.3606908917 0.3750986159 -0.8539339304 -0.2538241148 0.9204852581 0.2971198559 0.8974828124 0.1095805839 0.4272197187
-167.9 11.8 2426.8 0.3749448359 0.3478598595 -0.8593078256 -0.2172591239 0.9340878129 0.2833344042 0.9012296200 0.0804576874 0.4258071184
-151.6 222.8 2319.4 0.0138400747 0.4208185673 -0.9070392251 0.6520826817 0.6838884354 0.3272381127 0.7580215335 -0.5959935784 -0.2649434209
-155.6 35.4 2101.6 -0.8200299740 0.4208185673 -0.3878950179 0.5677179694 0.6838884354 -0.4582498074 0.0724369064 -0.5959935784 -0.7997152805
-49.2 163.5 2565.5 -0.2553874850 0.8795237541 -0.4015161395 -0.9259264469 -0.1029644385 0.3633985221 0.2782757580 0.4645818770 0.8406701684
-111.0 -60.4 2632.8 0.1183017567 0.8795237541 -0.4609150589 -0.8983448744 -0.1029644385 -0.4270536304 -0.4230616689 0.4645818770 0.7779347897
-268.9 -149.8 2326.4 0.4463119805 -0.0127769541 -0.8947862387 0.0226054769 0.9997399449 -0.0030001991 0.8945918679 -0.0188880451 0.4464847445
-264.0 -537.8 2333.7 0.4495302737 0.1306160688 -0.8836639524 0.0459275544 0.9845635891 0.1688941270 0.8920836449 -0.1165075451 0.4365922511
-205.1 -189.7 2488.8 0.4610508084 -0.0630744472 -0.8851292729 -0.0261426866 0.9960721731 -0.0845976025 0.8869885802 0.0621434487 0.4575909376
-180.7 -576.2 2464.7 0.4555542469 -0.0778261200 -0.8867995143 0.0737513378 0.9960460663 -0.0495271683 0.8871477246 -0.0428403430 0.4594928026
73.5 -123.1 2081.4 0 0 0 0 0 0 0 0 0
-79.7 -298.1 2520.9 0 0 0 0 0 0 0 0 0
-312.7 -905.3 2377.2 0 0 0 0 0 0 0 0 0
-158.8 -856.6 2476.7 0 0 0 0 0 0 0 0 0
-29.0 374.2 2462.6 9 0.3774335384 0.3658709228 -0.8506952524 -0.2536094487 0.9243587255 0.2850318849 0.8906324506 0.1081637591 0.4416723251
-101.2 191.7 2441.2 0.3774335384 0.3658709228 -0.8506952524 -0.2536094487 0.9243587255 0.2850318849 0.8906324506 0.1081637591 0.4416723251
-166.4 9.6 2425.6 0.3912375271 0.3360061944 -0.8567572832 -0.2169741541 0.9383984208 0.2689434588 0.8943463564 0.0806734264 0.4400413334
-154.6 221.3 2319.1 0.0370821580 0.4275093675 -0.9032500386 0.6510697603 0.6753715873 0.3463833034 0.7581115365 -0.6009234190 -0.2532941997
-165.2 35.6 2102.8 -0.8187757730 0.4275093675 -0.3831996024 0.5710431337 0.6753715873 -0.4666722715 0.0592953488 -0.6009234190 -0.7971041799
-47.8 162.1 2563.4 -0.2383815795 0.8876809478 -0.3939502537 -0.9309111238 -0.0932699889 0.3531361520 0.2767284811 0.4509138465 0.8485859036
-105.4 -63.0 2630.3 0.1244944036 0.8876809478 -0.4433099627 -0.8941840529 -0.0932699889 -0.4378762245 -0.4300419092 0.4509138465 0.7821385264
-269.0 -150.0 2330.5 0.4594272971 -0.0129915085 -0.8881203532 0.0105149476 0.9999024868 -0.0091872551 0.8881531358 -0.0051176636 0.4595190883
-263.9 -538.2 2332.5 0.4631844461 0.1327406019 -0.8762648702 0.0371512324 0.9849428535 0.1688413918 0.8854829073 -0.1107590273 0.4512787461
-201.8 -188.9 2491.9 0.4750682414 -0.0596237518 -0.8779266477 -0.0335223936 0.9957512617 -0.0857655406 0.8793101907 0.0701746866 0.4710510671
-178.7 -575.4 2464.6 0.4706248641 -0.0672727823 -0.8797650933 0.0704716891 0.9967697263 -0.0385213494 0.8795146346 -0.0438694283 0.4738454521
62.8 -123.5 2086.3 0 0 0 0 0 0 0 0 0
-72.5 -299.5 2516.5 0 0 0 0 0 0 0 0 0
-313.5 -905.8 2373.9 0 0 0 0 0 0 0 0 0
-159.8 -854.9 2476.9 0 0 0 0 0 0 0 0 0
-31.1 372.5 2462.3 0 0.3855654895 0.3552599847 -0.8515453935 -0.2520067096 0.9283604026 0.2732023597 0.8875989318 0.1092577577 0.4474716485
-101.2 189.4 2440.7 0.3855654895 0.3552599847 -0.8515453935 -0.2520067096 0.9283604026 0.2732023597 0.8875989318 0.1092577577 0.4474716485
-164.7 6.7 2424.8 0.3987050653 0.3271808028 -0.8567304015 -0.2160064727 0.9414149523 0.2589963078 0.8912774324 0.0817961767 0.4460200965
-155.6 218.9 2319.0 0.0638930723 0.4105848968 -0.9095810652 0.6514603496 0.6732903719 0.3496848047 0.7559874654 -0.6148984432 -0.2244611979
-173.7 34.5 2105.0 -0.8278241754 0.4105848968 -0.3822658062 0.5579619408 0.6732903719 -0.4851376116 0.0581857115 -0.6148984432 -0.7864568233
-46.7 159.9 2562.5 -0.2275043130 0.8912444115 -0.3923330307 -0.9341005087 -0.0859025791 0.3465211987 0.2751326561 0.4453135729 0.8520550728
-101.7 -66.0 2629.0 0.1308205575 0.8912444115 -0.4342457950 -0.8914665580 -0.0859025791 -0.4448686540 -0.4337895215 0.4453135729 0.7832767367
-266.7 -153.1 2329.8 0.4646769166 -0.0060899081 -0.8854593635 0.0070220903 0.9999702573 -0.0031923812 0.8854524493 -0.0047343499 0.4647058547
-264.3 -541.3 2331.6 0.4692828953 0.1338973492 -0.8728373647 0.0390755162 0.9843201637 0.1720083803 0.8821828961 -0.1148271561 0.4566925168
-196.6 -192.0 2490.0 0.4807232916 -0.0391626880 -0.8759973645 -0.0334928073 0.9974530935 -0.0629724711 0.8762324452 0.0596119463 0.4781872928
-181.4 -579.1 2466.8 0.4751852155 -0.0777303278 -0.8764456511 0.0716184974 0.9962019920 -0.0495216735 0.8769662380 -0.0392377563 0.4789473712
56.6 -120.7 2088.8 0 0 0 0 0 0 0 0 0
-67.1 -301.8 2514.3 0 0 0 0 0 0 0 0 0
-314.3 -908.8 2374.5 0 0 0 0 0 0 0 0 0
-160.0 -853.0 2477.6 0 0 0 0 0 0 0 0 0
-28.2 370.2 2461.6 1 0.4028658271 0.3561648726 -0.8431167006 -0.2588452101 0.9279084206 0.2683003545 0.8778942227 0.1101476625 0.4660141468
-98.5 187.0 2439.9 0.4028658271 0.3561648726 -0.8431167006 -0.2588452101 0.9279084206 0.2683003545 0.8778942227 0.1101476625 0.4660141468
-162.5 4.5 2423.4 0.4152584970 0.3297655582 -0.8478296399 -0.2250932455 0.9402504563 0.2554644644 0.8814155459 0.0847569332 0.4646749794
-155.2 217.8 2319.5 0.0805657208 0.4316286445 -0.8984463811 0.6524823308 0.6585724950 0.3748987913 0.7535091043 -0.6164243817 -0.2285716832
-178.0 33.8 2107.0 -0.8257623315 0.4316286445 -0.3630609810 0.5635143518 0.6585724950 -0.4987322390 0.0238348581 -0.6164243817 -0.7870532870
-41.8 156.3 2560.3 -0.2233896106 0.8993968368 -0.3757425249 -0.9365031123 -0.0911457762 0.3386064768 0.2702942193 0.4275252223 0.8626489639
-95.8 -70.2 2625.6 0.1215074137 0.8993968368 -0.4199063182 -0.8873511553 -0.0911457762 -0.4519959688 -0.4447964430 0.4275252223 0.7870059013
-263.9 -156.7 2329.1 0.4813587964 0.0009845111 -0.8765230775 0.0022599499 0.9999946356 0.0023642876 0.8765207529 -0.0031189690 0.4813539982
-264.3 -544.9 2330.3 0.4881563187 0.1347739846 -0.8622872829 0.0480072498 0.9823623896 0.1807192564 0.8714348674 -0.1296152920 0.4730762541
-192.5 -195.4 2488.8 0.4969145954 -0.0191295203 -0.8675885797 -0.0327307843 0.9986324906 -0.0407655947 0.8671819568 0.0486538708 0.4956089556
-185.0 -582.9 2469.9 0.4899471998 -0.0941961482 -0.8666480184 0.0672147721 0.9952675104 -0.0701768994 0.8691570163 -0.0238685701 0.4939599037
51.5 -122.8 2100.4 0 0 0 0 0 0 0 0 0
-63.7 -304.9 2508.0 0 0 0 0 0 0 0 0 0
-314.6 -911.6 2378.7 0 0 0 0 0 0 0 0 0
-159.4 -853.8 2476.4 0 0 0 0 0 0 0 0 0
-27.3 371.7 2461.8 2 0.4143184125 0.3642284274 -0.8340730667 -0.2665388882 0.9248089194 0.2714506984 0.8702282906 0.1098458841 0.4802464247
-99.5 188.2 2440.0 0.4143184125 0.3642284274 -0.8340730667 -0.2665388882 0.9248089194 0.2714506984 0.8702282906 0.1098458841 0.4802464247
-164.7 6.1 2423.4 0.4270342290 0.3357435465 -0.8395939469 -0.2326979786 0.9380443096 0.2567578256 0.8737810850 0.0857274458 0.4787038565
-157.9 220.0 2320.7 0.0950802937 0.4302285612 -0.8976988196 0.6589812040 0.6487041116 0.3806924522 0.7461256981 -0.6277629733 -0.2218335420
-184.5 35.4 2111.7 -0.8295727968 0.4302285612 -0.3559667766 0.5583350062 0.6487041116 -0.5171508193 0.0084240781 -0.6277629733 -0.7783589959
-41.2 156.4 2559.3 -0.2241305113 0.9051140547 -0.3612949252 -0.9370447397 -0.0982772782 0.3350951076 0.2677922249 0.4136545360 0.8701593280
-95.4 -70.3 2624.1 0.1104761288 0.9051140547 -0.4105648994 -0.8851372600 -0.0982772782 -0.4548335671 -0.4520254731 0.4136545360 0.7902929187
-263.7 -157.8 2328.0 0.4942683578 0.0021611180 -0.8693066835 0.0090897186 0.9999293685 0.0076540601 0.8692618608 -0.0116849132 0.4942138195
-264.6 -546.0 2332.6 0.4973078072 0.1245964915 -0.8585805893 0.0320893079 0.9863148332 0.1617199630 0.8669804931 -0.1079758629 0.4865038395
-189.4 -198.1 2485.9 0.5093078613 -0.0037364319 -0.8605762720 -0.0243753679 0.9995267391 -0.0187656004 0.8602390885 0.0305343308 0.5089757442
-187.9 -586.0 2474.1 0.5018725991 -0.1120248064 -0.8576563001 0.0564460978 0.9937053919 -0.0967647582 0.8630977869 0.0001522243 0.5050368309
45.9 -119.7 2109.4 0 0 0 0 0 0 0 0 0
-66.2 -304.4 2504.5 0 0 0 0 0 0 0 0 0
-311.1 -914.1 2372.9 0 0 0 0 0 0 0 0 0
-157.9 -852.2 2474.0 0 0 0 0 0 0 0 0 0
-26.0 368.6 2461.4 3 0.4362563789 0.3642902970 -0.8227836490 -0.2704857886 0.9251856804 0.2662121654 0.8582061529 0.1064145416 0.5021535158
-98.0 185.7 2440.4 0.4362563789 0.3642902970 -0.8227836490 -0.2704857886 0.9251856804 0.2662121654 0.8582061529 0.1064145416 0.5021535158
-163.4 3.7 2424.0 0.4483065307 0.3371506333 -0.8278591037 -0.2384832352 0.9376842976 0.2527329326 0.8614795208 0.0841286853 0.5007748008
-159.2 218.3 2322.7 0.0937219337 0.4498254061 -0.8881853819 0.6690146923 0.6322223544 0.3907866776 0.7373164296 -0.6308344007 -0.2416867167
-185.3 31.5 2116.8 -0.8290519714 0.4498254061 -0.3321595490 0.5582743287 0.6322223544 -0.5372380018 -0.0316646360 -0.6308344007 -0.7752711177
-36.7 153.2 2558.0 -0.2169680148 0.9149665833 -0.3402366638 -0.9390944839 -0.1004821062 0.3286409378 0.2665078044 0.3908189535 0.8810415268
-89.2 -74.0 2622.5 0.0999483317 0.9149665833 -0.3909558058 -0.8818923235 -0.1004821062 -0.4606184065 -0.4607345164 0.3908189535 0.7968589664
-268.1 -155.2 2328.5 0.5152325034 -0.0056341477 -0.8570319414 0.0166854989 0.9998548031 0.0034579595 0.8568879962 -0.0160816573 0.5152516961
-266.0 -543.3 2334.7 0.5162956119 0.1067284867 -0.8497340083 0.0263188817 0.9897581935 0.1403070986 0.8560059071 -0.0948039889 0.5081988573
-191.7 -196.8 2485.0 0.5300410390 -0.0108987940 -0.8479019403 -0.0221808366 0.9993970394 -0.0267117880 0.8476818204 0.0329655185 0.5294797421
-187.4 -584.7 2472.2 0.5225872397 -0.1064580977 -0.8459132910 0.0674617290 0.9942260981 -0.0834468305 0.8499126434 -0.0134585276 0.5267516971
45.2 -123.8 2125.6 0 0 0 0 0 0 0 0 0
-62.8 -307.3 2500.6 0 0 0 0 0 0 0 0 0
-305.8 -912.7 2370.1 0 0 0 0 0 0 0 0 0
-158.1 -858.7 2475.9 0 0 0 0 0 0 0 0 0
-25.2 368.4 2461.2 4 0.4420097470 0.3614279926 -0.8209733367 -0.2711192667 0.9262562990 0.2618082762 0.8550565839 0.1068598777 0.5074043870
-96.4 185.8 2440.1 0.4420097470 0.3614279926 -0.8209733367 -0.2711192667 0.9262562990 0.2618082762 0.8550565839 0.1068598777 0.5074043870
-161.4 3.6 2423.7 0.4539675117 0.3347084224 -0.8257625699 -0.2390871197 0.9385343790 0.2489790469 0.8583419323 0.0844007805 0.5060885549
-158.4 218.5 2322.9 0.0971312821 0.4458820224 -0.8898060322 0.6855710149 0.6181326509 0.3845834136 0.7214969993 -0.6473802924 -0.2456437647
-185.3 28.8 2123.2 -0.8334329724 0.4458820224 -0.3264639378 0.5504970551 0.6181326509 -0.5611283183 -0.0483989865 -0.6473802924 -0.7606288791
-34.4 153.2 2557.4 -0.2124978602 0.9175003767 -0.3362108469 -0.9403776526 -0.0984982103 0.3255578876 0.2655833066 0.3853455484 0.8837274909
-85.8 -74.3 2621.6 0.1001181751 0.9175003767 -0.3849278390 -0.8804577589 -0.0984982103 -0.4637803733 -0.4634333551 0.3853455484 0.7979588509
-269.0 -157.0 2330.6 0.5200546384 -0.0123509839 -0.8540436625 0.0179521684 0.9998326302 -0.0035276974 0.8539443016 -0.0134973405 0.5201893449
-264.2 -545.1 2335.8 0.5188158751 0.1269707233 -0.8454043269 0.0081118615 0.9881331921 0.1533852369 0.8548474908 -0.0864365026 0.5116292238
-188.7 -199.7 2484.9 0.5349630713 -0.0006178231 -0.8448752165 -0.0244978573 0.9995679259 -0.0162426401 0.8445202112 0.0293868463 0.5347167850
-188.5 -587.7 2473.4 0.5265474319 -0.1197338551 -0.8416718841 0.0620474219 0.9928045869 -0.1024168730 0.8478784561 0.0017037684 0.5301878452
47.1 -124.7 2136.7 0 0 0 0 0 0 0 0 0
-59.3 -307.2 2499.0 0 0 0 0 0 0 0 0 0
-311.6 -913.8 2368.0 0 0 0 0 0 0 0 0 0
-156.1 -855.8 2473.0 0 0 0 0 0 0 0 0 0
-24.2 369.5 2461.1 5 0.4418780506 0.3635759354 -0.8200953007 -0.2640515566 0.9264024496 0.2684310675 0.8573334217 0.0979336500 0.5053597093
-96.0 186.5 2441.7 0.4418780506 0.3635759354 -0.8200953007 -0.2640515566 0.9264024496 0.2684310675 0.8573334217 0.0979336500 0.5053597093
-161.3 4.3 2426.4 0.4529311955 0.3362219334 -0.8257167339 -0.2345963120 0.9384707212 0.2534506917 0.8601266742 0.0789143816 0.5039390922
-157.9 218.5 2324.2 0.0825488865 0.4399257302 -0.8942320943 0.6915435195 0.6208199263 0.3692562580 0.7176024318 -0.6488820910 -0.2529797852
-180.6 28.2 2126.7 -0.8431639671 0.4399257302 -0.3090952337 0.5342409611 0.6208199263 -0.5737327337 -0.0605073161 -0.6488820910 -0.7584792972
-34.1 154.4 2559.2 -0.2142649740 0.9170488715 -0.3363210857 -0.9383721352 -0.0976558775 0.3315435052 0.2711978555 0.3866324723 0.8814573288
-85.9 -72.6 2624.8 0.0990211666 0.9170488715 -0.3862850666 -0.8834190965 -0.0976558775 -0.4582946897 -0.4580016434 0.3866324723 0.8004685044
-267.0 -157.1 2330.5 0.5195208788 -0.0071064555 -0.8544281721 0.0146834813 0.9998919964 0.0006117392 0.8543315530 -0.0128637915 0.5195691586
-264.2 -545.3 2335.5 0.5205941200 0.1246887669 -0.8446505070 0.0230308808 0.9868680835 0.1598780751 0.8534936309 -0.1026846319 0.5108860135
-185.7 -200.0 2484.2 0.5342639685 0.0042531919 -0.8453069925 -0.0327920541 0.9993389249 -0.0156975333 0.8446813822 0.0361059792 0.5340502858
-187.3 -587.9 2470.2 0.5249603391 -0.1211764440 -0.8424564600 0.0641535744 0.9926309586 -0.1028010473 0.8487054706 -0.0000801178 0.5288658142
54.4 -120.7 2143.6 0 0 0 0 0 0 0 0 0
-59.8 -306.3 2503.7 0 0 0 0 0 0 0 0 0
-310.8 -913.6 2373.8 0 0 0 0 0 0 0 0 0
-154.8 -854.1 2470.2 0 0 0 0 0 0 0 0 0
-22.6 373.5 2461.5 6 0.4191958606 0.3727065325 -0.8278675675 -0.2611019909 0.9228209853 0.2832440138 0.8695404530 0.0974231437 0.4841571450
-96.5 190.6 2442.2 0.4191958606 0.3727065325 -0.8278675675 -0.2611019909 0.9228209853 0.2832440138 0.8695404530 0.0974231437 0.4841571450
-163.2 8.8 2427.8 0.4321186244 0.3431554437 -0.8339771032 -0.2275402844 0.9363412857 0.2673768997 0.8726390600 0.0742248595 0.4826922119
-155.6 221.6 2323.0 0.0781639516 0.4293682277 -0.8997406960 0.7090864182 0.6104484200 0.3529151976 0.7007758617 -0.6655791998 -0.2567441463
-177.0 27.3 2131.0 -0.8533873558 0.4293682277 -0.2955891490 0.5154423714 0.6104484200 -0.6013916135 -0.0777765363 -0.6655791998 -0.7422635555
-37.5 159.5 2561.4 -0.2288401276 0.9075652957 -0.3520758450 -0.9328411222 -0.1010558084 0.3458252847 0.2782797217 0.4075695574 0.8697398901
-92.9 -66.1 2628.7 0.1004947200 0.9075652957 -0.4077082574 -0.8901314735 -0.1010558084 -0.4443575740 -0.4444848001 0.4075695574 0.7976968884
-267.1 -156.9 2334.0 0.5011509657 -0.0059894156 -0.8653391600 0.0102810916 0.9999466538 -0.0009669245 0.8652988076 -0.0084120557 0.5011857748
-264.8 -545.1 2337.3 0.5017158389 0.1289198995 -0.8553717732 0.0145714423 0.9874321222 0.1573705971 0.8649097681 -0.0914193168 0.4935317636
-186.0 -198.9 2488.1 0.5154610276 0.0061227879 -0.8568911552 -0.0453534722 0.9987678528 -0.0201457348 0.8557119966 0.0492473282 0.5151035786
-188.3 -586.6 2469.0 0.5057750344 -0.1157087311 -0.8548702598 0.0647560284 0.9932603240 -0.0961279348 0.8602315187 -0.0067388960 0.5098590851
60.7 -116.2 2152.7 0 0 0 0 0 0 0 0 0
-66.3 -301.6 2511.1 0 0 0 0 0 0 0 0 0
-312.9 -913.6 2371.4 0 0 0 0 0 0 0 0 0
-157.1 -854.5 2470.8 0 0 0 0 0 0 0 0 0
-23.9 370.0 2461.7 7 0.3864425719 0.3825834990 -0.8392210603 -0.2657955289 0.9175017476 0.2958771288 0.8831844926 0.1087216735 0.4562507272
-99.4 188.9 2440.3 0.3864425719 0.3825834990 -0.8392210603 -0.2657955289 0.9175017476 0.2958771288 0.8831844926 0.1087216735 0.4562507272
-168.2 8.1 2423.9 0.3998277783 0.3546060920 -0.8452172875 -0.2322278917 0.9312353730 0.2808397114 0.8866837025 0.0839955136 0.4546831846
-154.0 220.6 2319.2 0.0490181334 0.4466056526 -0.8933871388 0.7245569229 0.5997557640 0.3395736516 0.6874696612 -0.6639550924 -0.2941923141
-167.1 26.5 2135.2 -0.8451625705 0.4466056526 -0.2936726213 0.5263498425 0.5997557640 -0.6027013063 -0.0930379406 -0.6639550924 -0.7419619560
-44.9 157.2 2561.3 -0.2517523170 0.8921098709 -0.3751809895 -0.9288266897 -0.1138276756 0.3525964320 0.2718487680 0.4372450709 0.8572718501
-105.7 -67.4 2627.1 0.1015777066 0.8921098709 -0.4402521551 -0.8924424648 -0.1138276756 -0.4365658164 -0.4395775497 0.4372450709 0.7845943570
-268.5 -152.6 2335.2 0.4726068974 -0.0152161773 -0.8811419606 0.0151689518 0.9998432398 -0.0091300169 0.8811427951 -0.0090510910 0.4727636278
-262.6 -540.7 2338.7 0.4705497324 0.1398596913 -0.8712188005 0.0002682101 0.9873356223 0.1586451828 0.8823734522 -0.0748841166 0.4645529985
-191.1 -193.3 2491.5 0.4864352047 -0.0124483965 -0.8736279607 -0.0456150621 0.9981730580 -0.0396214724 0.8725250959 0.0591238700 0.4849786758
-186.2 -580.7 2468.6 0.4779094160 -0.1036325321 -0.8722745776 0.0646914989 0.9944720268 -0.0827067345 0.8760237694 -0.0169024207 0.4819716811
68.8 -120.4 2161.1 0 0 0 0 0 0 0 0 0
-78.9 -303.5 2510.8 0 0 0 0 0 0 0 0 0
-314.8 -909.2 2366.7 0 0 0 0 0 0 0 0 0
-157.5 -856.2 2473.2 0 0 0 0 0 0 0 0 0
-24.7 370.9 2461.4 8 0.3760386705 0.3863301873 -0.8422255516 -0.2721760273 0.9148944020 0.2981417179 0.8857285976 0.1171207875 0.4491854906
-101.0 190.1 2438.2 0.3760386705 0.3863301873 -0.8422255516 -0.2721760273 0.9148944020 0.2981417179 0.8857285976 0.1171207875 0.4491854906
-170.8 9.9 2420.4 0.3896105886 0.3597479165 -0.8478119373 -0.2386419773 0.9285480380 0.2843387425 0.8895243406 0.0915421173 0.4476231039
-154.2 222.7 2316.7 0.0087385671 0.4727628529 -0.8811463714 0.7430952191 0.5865750909 0.3220855594 0.6691285968 -0.6575902700 -0.3461819887
-156.6 24.0 2137.9 -0.8349381685 0.4727628529 -0.2817330658 0.5367738605 0.5865750909 -0.6064680219 -0.1214579493 -0.6575902700 -0.7435206771
-47.8 157.5 2559.7 -0.2603706419 0.8870252967 -0.3813047409 -0.9282973409 -0.1214026958 0.3514619172 0.2654641867 0.4454745352 0.8550328612
