-80.6 430.8 2556.5 0.9943899512 0.0085291378 -0.1054320931 -0.0135071762 0.9988226891 -0.0465921052 0.1049105749 0.0477548130 0.9933344126
-82.3 233.0 2547.0 0.9943899512 0.0085291378 -0.1054320931 -0.0135071762 0.9988226891 -0.0465921052 0.1049105749 0.0477548130 0.9933344126
-83.7 39.2 2537.4 0.9943982959 0.0072712312 -0.1054472625 -0.0124470824 0.9987451434 -0.0485100411 0.1049622074 0.0495508127 0.9932410121
-218.2 234.7 2532.7 0.4760080278 -0.6955994964 -0.5381056666 0.8586716652 0.4998015761 0.1134961098 0.1899982244 -0.5160811543 0.8352011442
-331.6 30.1 2487.4 -0.6854659915 -0.6955994964 -0.2151226103 -0.2466176301 0.4998015761 -0.8302879930 0.6850665212 -0.5160811543 -0.5141440630
53.5 231.3 2561.4 0.0656862035 0.7441327572 0.6647945642 -0.8951926231 0.3382654786 -0.2901838124 -0.4408123195 -0.5760580897 0.6883615255
69.3 17.0 2455.8 -0.6565272212 0.7441327572 0.1234442145 0.2109643817 0.3382654786 -0.9170989394 -0.7242002487 -0.5760580897 -0.3790659904
-171.8 -155.6 2519.3 0.9602190852 0.0059791864 0.2791838050 -0.0143290013 0.9995086789 0.0278767273 -0.2788799703 -0.0307681914 0.9598329663
-174.1 -543.6 2531.2 0.9601119757 0.0171795469 0.2790876031 -0.0223676953 0.9996309280 0.0154155400 -0.2787197530 -0.0210431907 0.9601418972
6.4 -156.0 2537.5 0.9193257093 0.0844563097 0.3843271434 -0.1077648178 0.9933922291 0.0394786708 -0.3784533739 -0.0777107030 0.9223524928
-26.3 -541.6 2567.6 0.9222131968 -0.0872917846 0.3767001629 0.1091294810 0.9933394194 -0.0369797349 -0.3709630966 0.0752122924 0.9255968332
-163.4 90.7 2319.3 0 0 0 0 0 0 0 0 0
-94.3 69.6 2275.3 0 0 0 0 0 0 0 0 0
-179.0 -830.1 2537.2 0 0 0 0 0 0 0 0 0
0.2 -844.1 2544.7 0 0 0 0 0 0 0 0 0
-76.8 424.7 2542.2 0.9887351990 0.0243562572 -0.1476805210 -0.0257992297 0.9996362329 -0.0078629786 0.1474352926 0.0115844477 0.9890038371
-81.6 225.9 2539.9 0.9887351990 0.0243562572 -0.1476805210 -0.0257992297 0.9996362329 -0.0078629786 0.1474352926 0.0115844477 0.9890038371
-85.4 32.0 2536.4 0.9888356328 0.0186671820 -0.1478362978 -0.0211293250 0.9996626973 -0.0151014756 0.1475045234 0.0180565584 0.9888965487
-216.6 228.7 2519.8 0.5273430347 -0.6736221910 -0.5178247690 0.8363687992 0.5188992620 0.1767223626 0.1496547759 -0.5262857676 0.8370344639
-340.1 32.9 2484.7 -0.7070903182 -0.6736221910 -0.2150731832 -0.2452576011 0.5188992620 -0.8188970089 0.6632284522 -0.5262857676 -0.5321195722
53.3 223.1 2560.1 0.0875798985 0.7235437036 0.6847001314 -0.8796353340 0.3787541687 -0.2877271473 -0.4675161839 -0.5770873427 0.6696258783
73.4 21.2 2452.8 -0.6790385246 0.7235437036 0.1240613163 0.2402869761 0.3787541687 -0.8937602639 -0.6936633587 -0.5770873427 -0.4310468137
-174.2 -153.5 2518.4 0.9711182714 -0.0030950743 0.2385786176 -0.0027083959 0.9997084737 0.0239935368 -0.2385833114 -0.0239467267 0.9708267450
-173.0 -541.6 2527.7 0.9709656239 0.0175896883 0.2385713905 -0.0245285127 0.9993571043 0.0261471532 -0.2379581034 -0.0312397890 0.9707729220
4.0 -155.8 2537.2 0.9354113936 0.0851665959 0.3431503475 -0.1044794098 0.9937948585 0.0381555930 -0.3377714753 -0.0715433210 0.9385051727
-29.1 -541.6 2565.0 0.9363771081 -0.0976885706 0.3371272981 0.1123845726 0.9933674932 -0.0243044551 -0.3325170279 0.0606460422 0.9411453009
-166.2 93.2 2321.6 0 0 0 0 0 0 0 0 0
-97.5 81.7 2278.1 0 0 0 0 0 0 0 0 0
-178.0 -827.3 2536.6 0 0 0 0 0 0 0 0 0
0.5 -842.5 2546.6 0 0 0 0 0 0 0 0 0
-77.3 420.4 2544.6 0.9917541146 0.0237489752 -0.1259355098 -0.0257600285 0.9995649457 -0.0143642640 0.1255395859 0.0174899194 0.9919344187
-82.0 221.9 2541.1 0.9917541146 0.0237489752 -0.1259355098 -0.0257600285 0.9995649457 -0.0143642640 0.1255395859 0.0174899194 0.9919344187
-85.8 27.9 2537.4 0.9918388128 0.0196035933 -0.1259818375 -0.0218534078 0.9996250272 -0.0165009256 0.1256111264 0.0191193931 0.9918953180
-217.4 224.8 2524.0 0.5632449985 -0.6392170787 -0.5235996842 0.8062899113 0.5637548566 0.1791006625 0.1806976497 -0.5230506659 0.8329263926
-347.1 39.2 2482.4 -0.7356359363 -0.6392170787 -0.2241457850 -0.2500084937 0.5637548566 -0.7871951461 0.6295518279 -0.5230506659 -0.5745280385
53.4 219.0 2558.3 0.1037485525 0.6985932589 0.7079574466 -0.8575731516 0.4233743250 -0.2921001613 -0.5037901998 -0.5768203139 0.6430192590
77.1 23.5 2443.5 -0.7036335468 0.6985932589 0.1298740953 0.2601672709 0.4233743250 -0.8677944541 -0.6612206697 -0.5768203139 -0.4796514809
-177.6 -160.1 2519.6 0.9654908180 -0.0159408916 0.2599487007 0.0101123303 0.9996669292 0.0237439964 -0.2602406144 -0.0202959236 0.9653304815
-171.4 -548.2 2527.5 0.9653093219 0.0248766001 0.2599212229 -0.0325992629 0.9991446137 0.0254425183 -0.2590659857 -0.0330331400 0.9652945995
-0.6 -163.8 2546.0 0.9290962219 0.0770065635 0.3617322445 -0.0868549347 0.9961600304 0.0110184532 -0.3594947159 -0.0416554362 0.9322169423
-30.5 -550.3 2562.2 0.9267416000 -0.1097320393 0.3593172431 0.1245262548 0.9920491576 -0.0182125531 -0.3544618487 0.0616227612 0.9330377579
-166.8 100.5 2328.1 0 0 0 0 0 0 0 0 0
-99.8 89.0 2277.3 0 0 0 0 0 0 0 0 0
-178.4 -827.4 2536.7 0 0 0 0 0 0 0 0 0
1.7 -841.3 2544.1 0 0 0 0 0 0 0 0 0
-77.4 418.1 2544.8 0.9933624864 0.0221769381 -0.1128679067 -0.0233053789 0.9996906519 -0.0086881258 0.1126403138 0.0112608867 0.9935719967
-81.8 219.8 2542.5 0.9933624864 0.0221769381 -0.1128679067 -0.0233053789 0.9996906519 -0.0086881258 0.1126403138 0.0112608867 0.9935719967
-85.9 25.8 2539.4 0.9933814406 0.0207110886 -0.1129795089 -0.0224216562 0.9996520877 -0.0138907721 0.1126525104 0.0163320228 0.9935002327
-217.5 222.8 2527.2 0.5923414826 -0.6061466932 -0.5307708979 0.7741743326 0.6106518507 0.1666086018 0.2231269628 -0.5095983744 0.8309776187
-353.8 44.7 2475.8 -0.7596395016 -0.6061466932 -0.2356566489 -0.2546470165 0.6106518507 -0.7498394847 0.5984168649 -0.5095983744 -0.6182286739
53.9 216.7 2557.9 0.1148196906 0.6680606008 0.7351948619 -0.8275687099 0.4737121165 -0.3012089133 -0.5494965315 -0.5738395452 0.6072575450
79.0 35.3 2437.5 -0.7249980569 0.6680606008 0.1675494164 0.2407327145 0.4737121165 -0.8471390605 -0.6453104019 -0.5738395452 -0.5042644143
-178.5 -164.1 2522.4 0.9620369077 -0.0129208043 0.2726133168 0.0062620067 0.9996607304 0.0252817422 -0.2728474736 -0.0226148628 0.9617914557
-173.5 -552.2 2531.2 0.9618567228 0.0217319671 0.2726891339 -0.0279671494 0.9994282722 0.0189991053 -0.2721203268 -0.0259007551 0.9619145989
-0.9 -168.0 2544.9 0.9245850444 0.0715592951 0.3741948009 -0.0838067681 0.9963447452 0.0165388528 -0.3716435134 -0.0466516316 0.9272026420
-28.7 -554.7 2563.0 0.9229995608 -0.0994071662 0.3717391193 0.1130562723 0.9934746623 -0.0150438566 -0.3678179383 0.0559129119 0.9282153249
-166.7 107.4 2328.4 0 0 0 0 0 0 0 0 0
-102.0 95.4 2276.3 0 0 0 0 0 0 0 0 0
-179.5 -827.4 2538.3 0 0 0 0 0 0 0 0 0
0.3 -844.7 2546.7 0 0 0 0 0 0 0 0 0
-77.6 424.0 2572.4 0.9949861765 0.0208199974 -0.0978212506 -0.0289680902 0.9961593151 -0.0826284215 0.0957252309 0.0850478336 0.9917678833
-81.7 227.3 2555.6 0.9949861765 0.0208199974 -0.0978212506 -0.0289680902 0.9961593151 -0.0826284215 0.0957252309 0.0850478336 0.9917678833
-85.6 34.3 2540.3 0.9950256944 0.0194505583 -0.0977013782 -0.0270138457 0.9966884851 -0.0766961798 0.0958860517 0.0789539590 0.9922561049
-217.6 231.0 2542.5 0.5914106369 -0.5811571479 -0.5590078831 0.7598028779 0.6337916255 0.1449405849 0.2700612545 -0.5104551911 0.8163959980
-359.6 48.5 2477.7 -0.7747994661 -0.5811571479 -0.2488817424 -0.2390930653 0.6337916255 -0.7356240153 0.5852523446 -0.5104551911 -0.6300120950
54.2 223.7 2568.7 0.1138588861 0.6207012534 0.7757358551 -0.7883410454 0.5316242576 -0.3096675873 -0.6046110988 -0.5762860179 0.5498544574
80.5 41.3 2428.8 -0.7636339664 0.6207012534 0.1777445078 0.2432810962 0.5316242576 -0.8112890720 -0.5980614424 -0.5762860179 -0.5569712520
-178.9 -166.3 2526.1 0.9579997063 -0.0101541327 0.2865894437 0.0039199740 0.9997432232 0.0223183092 -0.2867424786 -0.0202575102 0.9577934742
-174.9 -554.4 2534.0 0.9578789473 0.0162214860 0.2867137194 -0.0189032629 0.9997996092 0.0065877638 -0.2865493894 -0.0117301047 0.9579936862
-0.9 -170.3 2546.3 0.9177063704 0.0651675835 0.3918778300 -0.0756457821 0.9970702529 0.0113401543 -0.3899907470 -0.0400508381 0.9199473858
-26.2 -557.3 2561.8 0.9160565734 -0.0918379277 0.3903923631 0.1039734036 0.9945296645 -0.0100155007 -0.3873369694 0.0497651882 0.9205940962
-183.5 102.9 2344.6 0 0 0 0 0 0 0 0 0
-109.5 101.8 2279.9 0 0 0 0 0 0 0 0 0
-179.4 -831.8 2537.2 0 0 0 0 0 0 0 0 0
0.4 -846.3 2547.4 0 0 0 0 0 0 0 0 0
-81.5 429.9 2558.7 0.9942233562 0.0243273601 -0.1045373678 -0.0284658223 0.9988614917 -0.0382803008 0.1034870967 0.0410349108 0.9937839508
-86.8 213.1 2549.8 0.9942233562 0.0243273601 -0.1045373678 -0.0284658223 0.9988614917 -0.0382803008 0.1034870967 0.0410349108 0.9937839508
-84.7 19.6 2541.3 0.9944546819 -0.0110734394 -0.1045815572 0.0063975384 0.9989691973 -0.0449406467 0.1049714014 0.0440223739 0.9935004115
-222.6 212.2 2535.5 0.6467217207 -0.6768531203 -0.3515976071 0.7626686692 0.5682114959 0.3089858294 -0.0093562230 -0.4679802954 0.8836893439
-352.3 59.2 2537.4 -0.6642200947 -0.6768531203 -0.3173035681 -0.1973986328 0.5682114959 -0.7988551259 0.7210031152 -0.4679802954 -0.5110273361
49.0 214.0 2564.0 0.1521475762 0.5819703937 0.7988501787 -0.7623156905 0.5835384727 -0.2799243331 -0.6290674806 -0.5663862228 0.5324290991
82.6 45.4 2424.8 -0.7911616564 0.5819703937 0.1880789399 0.2452022731 0.5835384727 -0.7741826177 -0.5603026152 -0.5663862228 -0.6043736935
-178.2 -158.0 2517.2 0.9606830478 -0.0078618145 0.2775360346 -0.0025151556 0.9993115664 0.0370138213 -0.2776359618 -0.0362566002 0.9600019455
-175.1 -544.3 2531.2 0.9606316090 0.0101419250 0.2776401937 -0.0151453707 0.9997591376 0.0158825666 -0.2774122655 -0.0194622595 0.9605538249
-0.4 -161.2 2533.6 0.9215646982 0.0673960373 0.3823300302 -0.0919095501 0.9946952462 0.0461958982 -0.3771884441 -0.0777122900 0.9228703380
-26.5 -547.1 2563.7 0.9219757318 -0.0859907866 0.3775796294 0.0984435752 0.9950473905 -0.0137657775 -0.3745259047 0.0498620011 0.9258747697
-197.2 105.3 2369.0 0 0 0 0 0 0 0 0 0
-115.0 106.6 2284.9 0 0 0 0 0 0 0 0 0
-178.1 -833.7 2536.8 0 0 0 0 0 0 0 0 0
-0.6 -846.8 2548.7 0 0 0 0 0 0 0 0 0
-79.9 426.1 2561.3 0.9942792058 0.0208030231 -0.1047666818 -0.0255327746 0.9987048507 -0.0440085232 0.1037154794 0.0464317426 0.9935226440
-84.3 218.5 2551.7 0.9942792058 0.0208030231 -0.1047666818 -0.0255327746 0.9987048507 -0.0440085232 0.1037154794 0.0464317426 0.9935226440
-84.0 24.8 2542.7 0.9944933653 -0.0016690175 -0.1047863960 -0.0031774191 0.9989333153 -0.0460666604 0.1047515124 0.0461459383 0.9934272170
-220.1 218.9 2537.4 0.6375088096 -0.7389427423 -0.2180508822 0.7490131855 0.5281488895 0.4000475109 -0.1804488748 -0.4183568060 0.8901773691
-346.1 70.8 2573.1 -0.5609533191 -0.7389427423 -0.3732225001 -0.1383019835 0.5281488895 -0.8378134370 0.8162131906 -0.4183568060 -0.3984640837
51.6 218.1 2565.9 0.1440230459 0.5690849423 0.8095675707 -0.7599735856 0.5875771046 -0.2778367102 -0.6337960958 -0.5752351284 0.5171142220
84.3 45.6 2422.1 -0.8054572940 0.5690849423 0.1654715389 0.2575564981 0.5875771046 -0.7670839429 -0.5337632298 -0.5752351284 -0.6198397875
-171.5 -175.3 2523.8 0.9605293274 0.0120774303 0.2779164314 -0.0150741590 0.9998489618 0.0086485213 -0.2777700126 -0.0124965152 0.9605663419
-176.2 -562.5 2528.6 0.9605457783 0.0005479663 0.2781214416 -0.0097709717 0.9994472265 0.0317767709 -0.2779503167 -0.0332405604 0.9600201249
6.4 -173.3 2542.1 0.9210813046 0.0822394788 0.3805861771 -0.0934782550 0.9955593944 0.0111059956 -0.3779827952 -0.0458060578 0.9246787429
-25.5 -559.4 2559.9 0.9211345315 -0.0865174681 0.3795074224 0.0941585228 0.9955559373 -0.0015801715 -0.3776841462 0.0371894091 0.9251873493
-212.1 103.9 2378.1 0 0 0 0 0 0 0 0 0
-116.8 109.9 2288.9 0 0 0 0 0 0 0 0 0
-176.3 -831.8 2537.6 0 0 0 0 0 0 0 0 0
-0.3 -849.8 2549.0 0 0 0 0 0 0 0 0 0
-79.5 422.0 2562.6 0.9944462180 0.0143002765 -0.1042701975 -0.0197812673 0.9984655976 -0.0517220907 0.1033705696 0.0534974337 0.9932031631
-82.3 219.9 2551.8 0.9944462180 0.0143002765 -0.1042701975 -0.0197812673 0.9984655976 -0.0517220907 0.1033705696 0.0534974337 0.9932031631
-82.6 26.2 2541.2 0.9945462942 0.0011526024 -0.1042897105 -0.0068452801 0.9985042810 -0.0542437918 0.1040711999 0.0546618551 0.9930666089
-218.2 220.8 2537.6 0.6011162996 -0.7909996510 -0.1139242649 0.7381367087 0.4949078858 0.4584979713 -0.3062897027 -0.3597022891 0.8813630939
-334.2 78.4 2596.7 -0.4654262364 -0.7909996510 -0.3971120417 -0.1051487178 0.4949078858 -0.8625600934 0.8788186312 -0.3597022891 -0.3135157228
53.5 219.0 2566.0 0.1347759366 0.5686456561 0.8114662766 -0.7624361515 0.5825690627 -0.2816103697 -0.6328716874 -0.5807369351 0.5120723248
83.8 47.6 2423.8 -0.8058294058 0.5686456561 0.1651697755 0.2527647018 0.5825690627 -0.7724786997 -0.5354894400 -0.5807369351 -0.6131848097
-172.6 -169.0 2524.6 0.9602310061 0.0127947740 0.2789134085 -0.0209839754 0.9994313121 0.0263951700 -0.2784170806 -0.0311981719 0.9599534273
-177.6 -556.5 2536.7 0.9604199529 -0.0041261883 0.2785254717 0.0036073111 0.9999907017 0.0023754246 -0.2785326838 -0.0012766771 0.9604259133
5.4 -169.1 2543.1 0.9199945331 0.0832288712 0.3829922080 -0.0997297093 0.9947395325 0.0233940501 -0.3790304065 -0.0597180985 0.9234552979
-26.9 -555.1 2566.3 0.9208142757 -0.0936539322 0.3785895407 0.1109379977 0.9935362935 -0.0240490194 -0.3738901913 0.0641446486 0.9252521992
-221.4 103.9 2383.8 0 0 0 0 0 0 0 0 0
-117.2 110.7 2290.2 0 0 0 0 0 0 0 0 0
-176.5 -829.7 2537.1 0 0 0 0 0 0 0 0 0
0.2 -843.0 2547.7 0 0 0 0 0 0 0 0 0
-73.8 423.1 2554.3 0.9928136468 0.0243735425 -0.1171622276 -0.0276911892 0.9992579222 -0.0267725810 0.1164227426 0.0298245437 0.9927518368
-78.7 222.2 2548.3 0.9928136468 0.0243735425 -0.1171622276 -0.0276911892 0.9992579222 -0.0267725810 0.1164227426 0.0298245437 0.9927518368
-81.5 28.4 2541.4 0.9930008054 0.0138301598 -0.1172951236 -0.0179011021 0.9992708564 -0.0337246172 0.1167431772 0.0355882831 0.9925243258
-214.4 224.7 2532.4 0.7173795700 -0.5532395244 -0.4234294891 0.6961715817 0.5925301313 0.4052816033 0.0266769119 -0.5855203271 0.8102186918
-343.1 99.7 2527.6 -0.6924346089 -0.5532395244 -0.4630985558 0.0636463687 0.5925301313 -0.8030300140 0.7186678052 -0.5855203271 -0.3750766814
56.9 219.8 2564.3 0.1181827709 0.5751544237 0.8094629049 -0.7765031457 0.5616276264 -0.2856873274 -0.6189310551 -0.5947872400 0.5129839182
83.1 47.6 2427.0 -0.8043907285 0.5751544237 0.1488387734 0.2559916973 0.5616276264 -0.7867926359 -0.5361192226 -0.5947872400 -0.5990027785
-171.9 -167.2 2521.4 0.9635770321 0.0119876359 0.2671621442 -0.0214063451 0.9992467165 0.0323700681 -0.2665728629 -0.0369100198 0.9631077647
-176.5 -554.8 2535.7 0.9637588263 0.0019095825 0.2667681575 -0.0038642886 0.9999694228 0.0068026045 -0.2667469978 -0.0075869393 0.9637367129
6.2 -168.2 2539.9 0.9247865081 0.0832917094 0.3712578714 -0.1016488969 0.9943643212 0.0301171429 -0.3666570783 -0.0655898824 0.9280412197
-26.1 -554.1 2565.4 0.9268491268 -0.0842320994 0.3658628464 0.1010503843 0.9945141077 -0.0270277485 -0.3615791798 0.0620212257 0.9302762151
-180.0 84.7 2358.3 0 0 0 0 0 0 0 0 0
-117.6 111.5 2293.2 0 0 0 0 0 0 0 0 0
-177.0 -829.5 2537.8 0 0 0 0 0 0 0 0 0
-1.2 -847.8 2547.1 0 0 0 0 0 0 0 0 0
-71.6 417.6 2561.1  0.9927418828 0.0300212204 -0.1164573953 -0.0356859043 0.9982635975 -0.0468652174 0.1148482189 0.0506809503 0.9920893908
-77.6 219.3 2551.1 0.9927418828 0.0300212204 -0.1164573953 -0.0356859043 0.9982635975 -0.0468652174 0.1148482189 0.0506809503 0.9920893908
-81.7 25.6 2540.6 0.9929599166 0.0210072529 -0.1165730208 -0.0271535069 0.9983094931 -0.0513892844 0.1152964011 0.0541928671 0.9918517470
-213.3 223.0 2535.3 0.7312127948 -0.5358303189 -0.4221536815 0.6794914007 0.6267101765 0.3814783990 0.0601603203 -0.5657916665 0.8223506212
-350.8 95.2 2524.0 -0.7177414298 -0.5358303189 -0.4446719289 0.0148224365 0.6267101765 -0.7791114450 0.6961519718 -0.5657916665 -0.4418735504
58.0 215.6 2566.8 0.1047876850 0.5753062367 0.8111980557 -0.7692486048 0.5638625026 -0.3005256653 -0.6302984357 -0.5925215483 0.5016393661
80.9 48.0 2429.5 -0.8047682047 0.5753062367 0.1461877972 0.2607418597 0.5638625026 -0.7836279273 -0.5332558751 -0.5925215483 -0.6037850380
-173.1 -164.0 2524.1 0.9632278085 0.0093500847 0.2685232162 -0.0172026232 0.9994899631 0.0269054193 -0.2681347132 -0.0305353533 0.9628973603
-176.7 -551.9 2535.9 0.9633672833 -0.0031065643 0.2681676149 0.0033379679 0.9999943376 -0.0004069920 -0.2681648433 0.0012872177 0.9633721709
4.8 -167.1 2544.9 0.9243509769 0.0820460543 0.3726173043 -0.0936501399 0.9955187440 0.0131159080 -0.3698714077 -0.0470193662 0.9278923869
-27.1 -553.5 2563.2 0.9248095751 -0.0871037617 0.3703244925 0.0989755467 0.9950031638 -0.0131371785 -0.3673297167 0.0488024577 0.9288095832
-189.0 91.9 2367.1 0 0 0 0 0 0 0 0 0
-119.0 112.7 2297.0 0 0 0 0 0 0 0 0 0
-175.9 -824.3 2535.6 0 0 0 0 0 0 0 0 0
-1.3 -847.5 2548.8 0 0 0 0 0 0 0 0 0
-73.4 420.5 2561.6  0.9940763116 0.0232613701 -0.1061660424 -0.0285346899 0.9984191656 -0.0484247170 0.1048717871 0.0511672758 0.9931685925
-78.1 222.3 2551.4 0.9940763116 0.0232613701 -0.1061660424 -0.0285346899 0.9984191656 -0.0484247170 0.1048717871 0.0511672758 0.9931685925
-81.8 28.6 2540.9 0.9941562414 0.0191557966 -0.1062374339 -0.0247704852 0.9983509779 -0.0517851710 0.1050702557 0.0541141033 0.9929913878
-213.9 225.7 2537.1 0.6957793832 -0.3954810500 -0.5995713472 0.6641609073 0.6720709801 0.3274307251 0.2734618783 -0.6260313988 0.7302761674
-356.6 89.4 2480.9 -0.8597598672 -0.3954810500 -0.3231217861 -0.0310959332 0.6720709801 -0.7398334742 0.5097509027 -0.6260313988 -0.5901175141
57.8 219.0 2565.7 0.0764288753 0.6089821458 0.7894930840 -0.7895698547 0.5204986930 -0.3250547349 -0.6088826656 -0.5985164046 0.5206150413
74.5 46.2 2432.5 -0.7856753469 0.6089821458 0.1088806689 0.2922590971 0.5204986930 -0.8022878170 -0.5452511907 -0.5985164046 -0.5869235396
-174.7 -165.7 2519.7 0.9604587555 0.0063589211 0.2783496976 -0.0145320902 0.9995213747 0.0273095183 -0.2780428231 -0.0302746687 0.9600914717
-177.2 -553.7 2531.5 0.9605066776 0.0017781821 0.2782512009 -0.0062235901 0.9998667240 0.0150937513 -0.2781872749 -0.0162293706 0.9603897333
3.2 -170.5 2540.4 0.9204260707 0.0779527724 0.3830656111 -0.0950972140 0.9951285720 0.0259927195 -0.3791733384 -0.0603528470 0.9233553410
-27.1 -556.8 2563.8 0.9212559462 -0.0878879428 0.3788973689 0.1037660688 0.9943661094 -0.0216478538 -0.3748601377 0.0592599064 0.9251854420
-155.8 96.7 2361.9 0 0 0 0 0 0 0 0 0
-118.9 118.1 2298.3 0 0 0 0 0 0 0 0 0
-177.7 -826.4 2535.9 0 0 0 0 0 0 0 0 0
-1.6 -845.1 2546.6 0 0 0 0 0 0 0 0 0
-75.4 420.4 2553.3  0.9951410890 0.0189374313 -0.0966209322 -0.0216218214 0.9994066358 -0.0268116705 0.0960558578 0.0287705157 0.9949600697
-79.2 222.4 2547.6 0.9951410890 0.0189374313 -0.0966209322 -0.0216218214 0.9994066358 -0.0268116705 0.0960558578 0.0287705157 0.9949600697
-82.2 28.5 2540.8 0.9951888323 0.0155923143 -0.0967270210 -0.0188591871 0.9992789626 -0.0329523161 0.0961434767 0.0346179716 0.9947653413
-215.1 225.0 2534.4 0.6393976808 -0.4364536107 -0.6329920292 0.6898971200 0.6891143918 0.2217281610 0.3394298255 -0.5784718394 0.7417262197
-354.0 75.2 2460.7 -0.8693767786 -0.4364536107 -0.2317159325 -0.1574267298 0.6891143918 -0.7073459029 0.4684024453 -0.5784718394 -0.6678094864
56.8 219.8 2560.7 0.0750982016 0.6625127196 0.7452765703 -0.8302831650 0.4554639459 -0.3212201893 -0.5522590876 -0.5946675539 0.5842776895
72.8 43.1 2443.2 -0.7450462580 0.6625127196 0.0773494542 0.3187102973 0.4554639459 -0.8312498331 -0.5859434605 -0.5946675539 -0.5504913330
-174.6 -163.0 2521.0 0.9578868747 0.0061142696 0.2870807648 -0.0109424349 0.9998243451 0.0152166905 -0.2869372964 -0.0177172311 0.9577854872
-176.9 -551.1 2527.9 0.9578789473 -0.0048287446 0.2871317565 -0.0029325536 0.9996420145 0.0265942272 -0.2871573865 -0.0263160784 0.9575218558
3.5 -167.4 2539.8 0.9170787334 0.0824602246 0.3900858462 -0.1006032750 0.9945797324 0.0262707714 -0.3858051598 -0.0633362755 0.9204036593
-28.5 -553.5 2564.4 0.9173226357 -0.0996836200 0.3854638934 0.1177972332 0.9927572012 -0.0235986672 -0.3803196549 0.0670541748 0.9224210978
-143.8 113.2 2347.5 0 0 0 0 0 0 0 0 0
-113.3 122.7 2296.8 0 0 0 0 0 0 0 0 0
-175.6 -827.8 2535.1 0 0 0 0 0 0 0 0 0
0.8 -845.1 2544.7 0 0 0 0 0 0 0 0 0
-73.6 418.9 2543.6  0.9954666495 0.0267931242 -0.0912592560 -0.0271011237 0.9996303916 -0.0021372384 0.0911682695 0.0046007778 0.9958248734
-78.9 220.8 2542.7 0.9954666495 0.0267931242 -0.0912592560 -0.0271011237 0.9996303916 -0.0021372384 0.0911682695 0.0046007778 0.9958248734
-83.3 26.8 2540.6 0.9955579042 0.0225140285 -0.0914200768 -0.0234025121 0.9996886253 -0.0086582517 0.0911966860 0.0107592503 0.9957747459
-214.9 224.0 2530.2 0.6157630682 -0.4698534906 -0.6325137019 0.7040219903 0.6885601282 0.1738908142 0.3538205028 -0.5523790717 0.7547770739
-351.9 67.4 2451.5 -0.8610991240 -0.4698534906 -0.1942833960 -0.2197875679 0.6885601282 -0.6910704374 0.4584776759 -0.5523790717 -0.6961864829
57.1 217.6 2555.2 0.0537899993 0.7086156607 0.7035413980 -0.8640469313 0.3861948252 -0.3229186237 -0.5005292296 -0.5905230045 0.6330506206
68.4 35.1 2449.5 -0.7050800920 0.7086156607 0.0269433651 0.3556075394 0.3861948252 -0.8511150479 -0.6135188341 -0.5905230045 -0.5242873430
-174.4 -163.8 2525.5 0.9563229680 0.0066105644 0.2922374010 -0.0098716626 0.9999043345 0.0096858395 -0.2921454310 -0.0121476604 0.9562967420
-176.9 -552.0 2530.2 0.9563342929 -0.0018283552 0.2922694087 -0.0027335165 0.9998807311 0.0151993064 -0.2922623456 -0.0153345410 0.9562152028
3.9 -167.2 2542.7 0.9156779647 0.0834987238 0.3931435645 -0.0992538333 0.9948635697 0.0198774897 -0.3894644678 -0.0572223850 0.9192622304
-28.5 -553.4 2564.9 0.9153742790 -0.1045209542 0.3887997568 0.1246168166 0.9918441176 -0.0267555099 -0.3828322589 0.0729422942 0.9209337234
-139.0 121.7 2338.1 0 0 0 0 0 0 0 0 0
-109.5 124.8 2294.6 0 0 0 0 0 0 0 0 0
-176.4 -825.4 2534.4 0 0 0 0 0 0 0 0 0
2.2 -844.5 2543.5 0 0 0 0 0 0 0 0 0
-72.7 414.1 2545.8  0.9962472320 0.0315757133 -0.0805882737 -0.0330587961 0.9993065000 -0.0171354450 0.0799913257 0.0197352916 0.9966001511
-79.0 215.8 2541.9 0.9962472320 0.0315757133 -0.0805882737 -0.0330587961 0.9993065000 -0.0171354450 0.0799913257 0.0197352916 0.9966001511
-83.9 21.9 2537.5 0.9964175224 0.0253334437 -0.0806866363 -0.0270771347 0.9994212985 -0.0205901340 0.0801183283 0.0227011330 0.9965268373
-215.1 219.5 2530.9 0.6138521433 -0.5037370920 -0.6078112125 0.6939763427 0.7113373876 0.1113369390 0.3762743175 -0.4901510477 0.7862375975
-353.0 63.6 2446.4 -0.8339061141 -0.5037370920 -0.2254983634 -0.2523056865 0.7113373876 -0.6560037732 0.4908588529 -0.4901510477 -0.7202843428
57.1 212.1 2552.8 0.0245955288 0.7428520322 0.6690036654 -0.8777056336 0.3364040852 -0.3412698805 -0.4785685837 -0.5787945986 0.6602794528
62.2 33.0 2455.2 -0.6694338918 0.7428520322 0.0053969831 0.3663039207 0.3364040852 -0.8675562143 -0.6462814212 -0.5787945986 -0.4973098934
-176.8 -165.0 2530.4 0.9531126618 -0.0028356630 0.3026024103 0.0006555228 0.9999731183 0.0073059550 -0.3026149869 -0.0067650354 0.9530888796
-175.7 -553.2 2533.0 0.9530759454 0.0085486947 0.3026106358 -0.0101480195 0.9999415874 0.0037131452 -0.3025612235 -0.0066098082 0.9531070590
1.5 -169.3 2546.7 0.9118361473 0.0774395242 0.4031848311 -0.0884338543 0.9960441589 0.0086908033 -0.4009168744 -0.0435797796 0.9150772691
-28.5 -555.9 2563.6 0.9103968740 -0.1043152437 0.4003696144 0.1244845837 0.9919159412 -0.0246233027 -0.3945644498 0.0722568259 0.9160228372
-151.1 124.7 2327.6 0 0 0 0 0 0 0 0 0
-107.6 125.9 2291.3 0 0 0 0 0 0 0 0 0
-178.0 -823.2 2534.8 0 0 0 0 0 0 0 0 0
2.1 -847.1 2542.4 0 0 0 0 0 0 0 0 0
-73.8 414.5 2545.4  0.9948537946 0.0266003143 -0.0977670699 -0.0279649645 0.9995293021 -0.0126142371 0.0973855108 0.0152833741 0.9951294065
-79.1 216.6 2542.4 0.9948537946 0.0266003143 -0.0977670699 -0.0279649645 0.9995293021 -0.0126142371 0.0973855108 0.0152833741 0.9951294065
-83.5 22.6 2538.4 0.9949370027 0.0226892438 -0.0979061648 -0.0245904345 0.9995309114 -0.0182555635 0.0974460319 0.0205706898 0.9950281978
-215.0 219.9 2529.0 0.6122159958 -0.5228949189 -0.5931041241 0.6989057064 0.7086516023 0.0966625437 0.3697598577 -0.4737022221 0.7993021011
-354.2 61.0 2444.9 -0.8216817379 -0.5228949189 -0.2267598659 -0.2712124288 0.7086516023 -0.6513499022 0.5012812614 -0.4737022221 -0.7241017222
56.9 213.2 2555.7 -0.0099413022 0.7699149251 0.6380691528 -0.8751050830 0.3020493388 -0.3780969083 -0.4838308096 -0.5621362925 0.6707537174
54.8 33.2 2456.1 -0.6381346583 0.7699149251 -0.0038971067 0.3697910011 0.3020493388 -0.8786471486 -0.6753064394 -0.5621362925 -0.4774557650
-178.1 -169.7 2525.9 0.9582121968 -0.0059473533 0.2859964967 0.0021021159 0.9999032617 0.0137501853 -0.2860506177 -0.0125743970 0.9581320286
-175.8 -557.8 2530.8 0.9582177401 0.0054038642 0.2859887779 -0.0101186633 0.9998361468 0.0150107425 -0.2858608067 -0.0172773842 0.9581153989
0.4 -174.5 2540.2 0.9187032580 0.0716350749 0.3883976340 -0.0892938748 0.9956233501 0.0275826231 -0.3847218752 -0.0600217767 0.9210789800
-27.4 -561.0 2563.5 0.9179311395 -0.1002706662 0.3838595748 0.1198352650 0.9924175739 -0.0273280777 -0.3782087862 0.0710852072 0.9229869843
-160.5 124.9 2326.8 0 0 0 0 0 0 0 0 0
-105.7 126.2 2286.2 0 0 0 0 0 0 0 0 0
-177.2 -828.5 2535.5 0 0 0 0 0 0 0 0 0
1.7 -848.2 2543.0 0 0 0 0 0 0 0 0 0
-73.2 418.5 2545.2  0.9903098345 0.0206741691 -0.1373282820 -0.0220014248 0.9997246861 -0.0081538195 0.1371219009 0.0110962251 0.9904920459
-77.3 220.7 2543.0 0.9903098345 0.0206741691 -0.1373282820 -0.0220014248 0.9997246861 -0.0081538195 0.1371219009 0.0110962251 0.9904920459
-80.5 26.7 2539.5 0.9903681874 0.0165153835 -0.1374702603 -0.0188623425 0.9996974468 -0.0157872587 0.1371679455 0.0182282105 0.9903800488
-212.5 223.3 2524.3 0.6584621668 -0.4878051579 -0.5731262565 0.6660287976 0.7323020697 0.1419129819 0.3504756689 -0.4751629531 0.8070854545
-362.2 71.8 2444.6 -0.8331034780 -0.4878051579 -0.2607387900 -0.2279500067 0.7323020697 -0.6416950226 0.5039616823 -0.4751629531 -0.7212786078
57.9 218.1 2561.7 -0.0388478301 0.7901864648 0.6116340160 -0.8674646616 0.2771477699 -0.4131515622 -0.4959797859 -0.5466209054 0.6746922135
49.7 34.7 2456.8 -0.6128520966 0.7901864648 -0.0042024204 0.3634420633 0.2771477699 -0.8894374371 -0.7016567588 -0.5466209054 -0.4570375979
-177.0 -169.2 2525.7 0.9689182639 -0.0016857866 0.2473753840 -0.0048767920 0.9996522665 0.0259137079 -0.2473330498 -0.0263146628 0.9685731530
-176.3 -557.3 2535.9 0.9689266682 0.0018882555 0.2473408729 -0.0022199242 0.9999969602 0.0010620733 -0.2473381162 -0.0015781492 0.9689279199
1.2 -173.6 2543.1 0.9337021708 0.0697264075 0.3511957824 -0.0868331864 0.9956702590 0.0331775770 -0.3473618329 -0.0614734255 0.9357140660
-25.8 -560.1 2567.0 0.9340648651 -0.0913801268 0.3452136517 0.1116038039 0.9929823279 -0.0391245931 -0.3392158449 0.0750720650 0.9377082586
-167.7 125.0 2326.9 0 0 0 0 0 0 0 0 0
-104.0 125.8 2280.8 0 0 0 0 0 0 0 0 0
-176.9 -829.3 2536.3 0 0 0 0 0 0 0 0 0
0.5 -846.6 2545.3 0 0 0 0 0 0 0 0 0
-72.3 417.3 2545.1  0.9899880886 0.0188589338 -0.1398853958 -0.0193342473 0.9998109937 -0.0020395678 0.1398205012 0.0047237268 0.9901655912
-76.0 220.0 2544.1 0.9899880886 0.0188589338 -0.1398853958 -0.0193342473 0.9998109937 -0.0020395678 0.1398205012 0.0047237268 0.9901655912
-78.5 25.9 2541.8 0.9900623560 0.0130827306 -0.1400191486 -0.0146844229 0.9998379946 -0.0104120271 0.1398602426 0.0123646567 0.9900940657
-211.2 222.0 2525.0 0.6673670411 -0.4416755736 -0.5996198058 0.6348343492 0.7583475709 0.1479670107 0.3893668056 -0.4794075489 0.7864870429
-363.2 77.4 2436.3 -0.8603481054 -0.4416755736 -0.2544088066 -0.2064826638 0.7583475709 -0.6182829738 0.4660108089 -0.4794075489 -0.7436412573
59.2 218.0 2563.2 -0.0449091904 0.7924149036 0.6083270311 -0.8550147414 0.2844420671 -0.4336386919 -0.5166555643 -0.5396029353 0.6647523642
49.7 35.8 2453.2 -0.6099668145 0.7924149036 0.0043712943 0.3631635606 0.2844420671 -0.8872457147 -0.7043100595 -0.5396029353 -0.4612764418
-172.4 -165.7 2523.7 0.9695559740 0.0085781878 0.2447195351 -0.0142792463 0.9996662140 0.0215316005 -0.2444531471 -0.0243705027 0.9693548083
-175.7 -553.8 2533.1 0.9695941806 0.0062599378 0.2446383685 -0.0097577889 0.9998667240 0.0130886761 -0.2445238382 -0.0150778340 0.9695260525
4.9 -169.1 2548.2 0.9348846674 0.0758551136 0.3467516303 -0.0859300047 0.9962062836 0.0137484651 -0.3443932533 -0.0426495969 0.9378561974
-24.5 -555.7 2564.8 0.9355197549 -0.0838814080 0.3431715071 0.0998422056 0.9945784211 -0.0290750246 -0.3388721049 0.0614632592 0.9388226271
-153.9 127.6 2322.9 0 0 0 0 0 0 0 0 0
-102.8 126.6 2277.2 0 0 0 0 0 0 0 0 0
-177.4 -829.1 2537.3 0 0 0 0 0 0 0 0 0
0.2 -848.9 2546.7 0 0 0 0 0 0 0 0 0
-72.5 418.5 2544.5  0.9890156388 0.0174055230 -0.1467827410 -0.0172068793 0.9998484850 0.0026230281 0.1468061507 -0.0000685429 0.9891653061
-76.0 220.9 2544.5 0.9890156388 0.0174055230 -0.1467827410 -0.0172068793 0.9998484850 0.0026230281 0.1468061507 -0.0000685429 0.9891653061
-78.4 26.8 2542.6 0.9890640974 0.0126040326 -0.1469465792 -0.0139740948 0.9998679757 -0.0082948981 0.1468226314 0.0102576315 0.9891096354
-211.1 222.8 2524.5 0.6561394930 -0.4454738498 -0.6091256142 0.6265920997 0.7714340091 0.1107787266 0.4205511808 -0.4543595910 0.7852987051
-361.7 78.9 2427.9 -0.8533405662 -0.4454738498 -0.2708559036 -0.2123223543 0.7714340091 -0.5998406410 0.4761607647 -0.4543595910 -0.7528799772
59.1 219.0 2564.6 -0.0423995964 0.7944311500 0.6058724523 -0.8490943909 0.2909366488 -0.4409020245 -0.5265367627 -0.5331369638 0.6622114182
49.9 33.8 2449.8 -0.6073022485 0.7944311500 0.0079460116 0.3690339327 0.2909366488 -0.8827059865 -0.7035608888 -0.5331369638 -0.4698585272
-169.7 -166.9 2526.8 0.9711959362 0.0166730359 0.2376983315 -0.0187357776 0.9998038411 0.0064213560 -0.2375446409 -0.0106898574 0.9713178277
-176.2 -555.0 2531.0 0.9712859392 -0.0020668153 0.2379062921 -0.0028339538 0.9997907877 0.0202557165 -0.2378983796 -0.0203483067 0.9710769057
7.6 -169.5 2551.9 0.9369887710 0.0865513384 0.3384685516 -0.0902182832 0.9959098697 -0.0049157096 -0.3375096321 -0.0259300880 0.9409648776
-26.0 -556.0 2562.0 0.9369376898 -0.0925637633 0.3370159566 0.1058119237 0.9941619635 -0.0211141389 -0.3330940604 0.0554429404 0.9412621260
-149.6 131.7 2309.6 0 0 0 0 0 0 0 0 0
-101.8 126.0 2274.0 0 0 0 0 0 0 0 0 0
-175.7 -828.1 2536.6 0 0 0 0 0 0 0 0 0
1.0 -846.6 2545.8 0 0 0 0 0 0 0 0 0
-71.4 414.9 2536.7  0.9836519957 0.0191070549 -0.1790634394 -0.0164544433 0.9997319579 0.0162874553 0.1793266535 -0.0130747976 0.9837027192
-75.1 217.3 2539.3 0.9836519957 0.0191070549 -0.1790634394 -0.0164544433 0.9997319579 0.0162874553 0.1793266535 -0.0130747976 0.9837027192
-78.1 23.2 2540.3 0.9836946726 0.0151542928 -0.1792070270 -0.0139629366 0.9998712540 0.0079074772 0.1793037802 -0.0052762865 0.9837796092
-209.4 219.2 2514.8 0.6441515684 -0.4505944848 -0.6180884838 0.6167455316 0.7839307785 0.0712563470 0.4524308443 -0.4271031916 0.7828723788
-351.3 83.3 2415.2 -0.8415645957 -0.4505944848 -0.2978819311 -0.2133641243 0.7839307785 -0.5830336809 0.4962305725 -0.4271031916 -0.7558690906
59.2 215.4 2563.8 -0.0128369927 0.8051904440 0.5928773880 -0.8564521670 0.2971608043 -0.4221198559 -0.5160667896 -0.5131898522 0.6857924461
56.4 32.2 2453.4 -0.5917324424 0.8051904440 0.0390010886 0.3456935287 0.2971608043 -0.8900513649 -0.7282504439 -0.5131898522 -0.4541888237
-169.4 -166.1 2527.4 0.9785503149 0.0150102358 0.2054604888 -0.0150953336 0.9998853803 -0.0011533687 -0.2054542452 -0.0019728653 0.9786647558
-175.3 -554.2 2528.2 0.9785503149 0.0081608780 0.2058463544 -0.0150955124 0.9993693829 0.0321404114 -0.2054542452 -0.0345583670 0.9780563712
7.7 -168.6 2553.7 0.9478319883 0.0866563320 0.3067657351 -0.0912918523 0.9958238602 0.0007657140 -0.3054182827 -0.0287309811 0.9517847300
-25.9 -555.1 2564.9 0.9486144781 -0.0902882293 0.3032797575 0.1063357443 0.9936495423 -0.0367870517 -0.2980323434 0.0671462119 0.9521912336
-141.8 136.4 2291.7 0 0 0 0 0 0 0 0 0
-93.5 119.8 2268.9 0 0 0 0 0 0 0 0 0
-177.5 -831.2 2537.8 0 0 0 0 0 0 0 0 0
0.8 -848.9 2545.0 0 0 0 0 0 0 0 0 0
-71.6 414.2 2532.4  0.9840645790 0.0172507521 -0.1769725382 -0.0118697360 0.9994357824 0.0314197466 0.1774147153 -0.0288184416 0.9837141633
-75.0 216.8 2538.1 0.9840645790 0.0172507521 -0.1769725382 -0.0118697360 0.9994357824 0.0314197466 0.1774147153 -0.0288184416 0.9837141633
-77.8 22.7 2541.7 0.9840870500 0.0139757348 -0.1771365106 -0.0104317293 0.9997266531 0.0209227651 0.1773805022 -0.0187419821 0.9839638472
-209.4 218.2 2513.8 0.6061932445 -0.4419286847 -0.6612328291 0.6040694714 0.7966454625 0.0213575847 0.5173295736 -0.4123773575 0.7498766780
-341.4 86.7 2401.2 -0.8476414084 -0.4419286847 -0.2936035395 -0.2203874737 0.7966454625 -0.5628369451 0.4826317132 -0.4123773575 -0.7726652026
59.4 215.4 2562.3 0.0177504141 0.8075010777 0.5895989537 -0.8731147647 0.2998568118 -0.3843910396 -0.4871914387 -0.5079644322 0.7103637457
63.2 28.8 2458.2 -0.5862701535 0.8075010777 0.0650331005 0.3130459785 0.2998568118 -0.9011592865 -0.7471877337 -0.5079644322 -0.4285820723
-169.2 -169.6 2525.3 0.9781312346 0.0153184505 0.2074237019 -0.0167116933 0.9998480082 0.0049662017 -0.2073161006 -0.0083239982 0.9782385826
-175.1 -557.8 2528.5 0.9781274199 0.0104281157 0.2077450603 -0.0170859769 0.9993954301 0.0302796680 -0.2073037028 -0.0331669003 0.9777142406
7.0 -172.1 2557.4 0.9479091763 0.0859246925 0.3067330718 -0.0871155411 0.9961496592 -0.0098334299 -0.3063969910 -0.0174000189 0.9517447948
-26.4 -558.8 2564.2 0.9481441975 -0.0927454382 0.3040079772 0.1099119261 0.9931437373 -0.0398108289 -0.2982313335 0.0711605102 0.9518373013
-129.5 141.8 2280.5 0 0 0 0 0 0 0 0 0
-87.4 109.2 2266.3 0 0 0 0 0 0 0 0 0
-178.0 -831.1 2537.6 0 0 0 0 0 0 0 0 0
0.6 -847.8 2543.5 0 0 0 0 0 0 0 0 0
-73.1 416.4 2539.2  0.9883834720 0.0184312128 -0.1508589685 -0.0168324951 0.9997878671 0.0118676666 0.1510456949 -0.0091904718 0.9884840846
-76.7 218.5 2541.0 0.9883834720 0.0184312128 -0.1508589685 -0.0168324951 0.9997878671 0.0118676666 0.1510456949 -0.0091904718 0.9884840846
-79.8 24.4 2541.4 0.9884089828 0.0158138778 -0.1509886831 -0.0153415240 0.9998731017 0.0042928448 0.1510374099 -0.0019266898 0.9885261655
-211.7 220.5 2520.4 0.5472047329 -0.4357830584 -0.7146048546 0.6003783345 0.7992377281 -0.0276578218 0.5831919909 -0.4138987660 0.6989813447
-332.7 87.7 2391.3 -0.8500948548 -0.4357830584 -0.2956887484 -0.2144172639 0.7992377281 -0.5614662170 0.4810030758 -0.4138987660 -0.7728672624
58.3 216.4 2561.6 0.0523977913 0.8070936203 0.5880938768 -0.8818100095 0.3137839437 -0.3520664275 -0.4686849713 -0.5001395345 0.7281447649
69.6 25.8 2460.3 -0.5827376246 0.8070936203 0.0949568748 0.2871152759 0.3137839437 -0.9050439000 -0.7602511048 -0.5001395345 -0.4145825803
-168.6 -170.4 2529.4 0.9722892046 0.0141810505 0.2333508134 -0.0132109355 0.9998963475 -0.0057198498 -0.2334077507 0.0024785658 0.9723758101
-174.1 -558.5 2528.5 0.9721162915 0.0197508987 0.2336660028 -0.0259685181 0.9993850589 0.0235621184 -0.2330569327 -0.0289730784 0.9720314145
7.6 -172.2 2561.2 0.9391648173 0.0872360766 0.3322036862 -0.0847285986 0.9961599112 -0.0220556296 -0.3328520656 -0.0074332841 0.9429497719
-26.2 -558.9 2564.1 0.9387813807 -0.0960652381 0.3308489323 0.1146557704 0.9927126169 -0.0370910466 -0.3248747587 0.0727541223 0.9429545403
-119.0 141.6 2270.4 0 0 0 0 0 0 0 0 0
-81.0 100.0 2263.8 0 0 0 0 0 0 0 0 0
-179.5 -831.7 2536.4 0 0 0 0 0 0 0 0 0
1.5 -845.5 2543.1 0 0 0 0 0 0 0 0 0
-75.1 418.1 2542.6  0.9883725047 0.0141266016 -0.1513944417 -0.0134348962 0.9998941422 0.0055908537 0.1514573842 -0.0034918773 0.9884576201
-77.9 220.1 2543.3 0.9883725047 0.0141266016 -0.1513944417 -0.0134348962 0.9998941422 0.0055908537 0.1514573842 -0.0034918773 0.9884576201
-80.0 26.0 2542.6 0.9884002805 0.0108432304 -0.1514836699 -0.0112083098 0.9999359846 -0.0015563437 0.1514571011 0.0032361664 0.9884585142
-212.9 221.6 2522.6 0.5207399726 -0.4215514660 -0.7423774600 0.5900881290 0.8061473370 -0.0438457802 0.6169488430 -0.4152358770 0.6685456634
-329.1 89.9 2384.9 -0.8586477637 -0.4215514660 -0.2915790975 -0.2076171339 0.8061473370 -0.5540953279 0.4686354101 -0.4152358770 -0.7797179222
57.1 218.6 2563.9 0.0837868825 0.7930677533 0.6033434272 -0.8708554506 0.3525689840 -0.3424994946 -0.4843454659 -0.4967279732 0.7201880217
76.0 22.4 2454.8 -0.5963544250 0.7930677533 0.1241168082 0.2832417190 0.3525689840 -0.8918908238 -0.7510895729 -0.4967279732 -0.4348859191
-171.5 -168.3 2528.2 0.9724268913 0.0091125127 0.2330298424 -0.0102477921 0.9999408126 0.0036615729 -0.2329826802 -0.0059486534 0.9724627137
-175.0 -556.5 2530.5 0.9723046422 0.0160387624 0.2331660986 -0.0221940633 0.9994703531 0.0237990152 -0.2326609045 -0.0283147972 0.9721456766
5.6 -171.0 2555.3 0.9392231107 0.0827231109 0.3331918716 -0.0845189467 0.9963800311 -0.0091284038 -0.3327408731 -0.0195874181 0.9428148270
-26.6 -557.8 2562.9 0.9390684962 -0.0921610817 0.3311444819 0.1090222746 0.9935024381 -0.0326658711 -0.3259823322 0.0667776167 0.9430144429
-113.6 142.1 2267.2 0 0 0 0 0 0 0 0 0
-77.4 95.3 2261.6 0 0 0 0 0 0 0 0 0
-179.4 -829.0 2538.2 0 0 0 0 0 0 0 0 0
0.2 -846.6 2543.4 0 0 0 0 0 0 0 0 0
-72.2 420.0 2546.8  0.9886497855 0.0212100707 -0.1487337649 -0.0222179852 0.9997400641 -0.0051182029 0.1485865563 0.0083646756 0.9888640046
-76.4 222.3 2545.1 0.9886497855 0.0212100707 -0.1487337649 -0.0222179852 0.9997400641 -0.0051182029 0.1485865563 0.0083646756 0.9888640046
-79.5 28.2 2542.9 0.9887325168 0.0162569527 -0.1488075703 -0.0178020168 0.9998005033 -0.0090568168 0.1486306489 0.0116038444 0.9888247252
-211.4 224.7 2524.8 0.5440472960 -0.3940674961 -0.7407586575 0.5721018910 0.8200253844 -0.0160576608 0.6137686968 -0.4150532782 0.6715793014
-335.9 93.8 2384.4 -0.8691139221 -0.3940674961 -0.2989177704 -0.1856058836 0.8200253844 -0.5413953066 0.4584664404 -0.4150532782 -0.7858366966
58.7 219.9 2565.4 0.1826278418 0.7653874755 0.6171134710 -0.8832801580 0.4033985734 -0.2389263660 -0.4318139553 -0.5014494658 0.7497233748
100.5 17.6 2466.5 -0.6229670048 0.7653874755 0.1615365893 0.2688250840 0.4033985734 -0.8746443391 -0.7346054316 -0.5014494658 -0.4570593536
-170.7 -167.0 2528.4 0.9717544913 0.0126245562 0.2356562763 -0.0110992789 0.9999079704 -0.0077978894 -0.2357330322 0.0049620196 0.9718051553
-175.6 -555.2 2526.5 0.9717045426 0.0099872546 0.2359884083 -0.0196687505 0.9990569949 0.0387068912 -0.2353792936 -0.0422532596 0.9709846973
6.4 -169.0 2555.6 0.9377187490 0.0869498625 0.3363380432 -0.0882230923 0.9960340858 -0.0115258237 -0.3360063136 -0.0188648030 0.9416707754
-27.4 -555.7 2562.9 0.9371949434 -0.0955105871 0.3354748785 0.1088816524 0.9938279986 -0.0212303158 -0.3313766122 0.0564240031 0.9418098927
-116.6 140.7 2268.7 0 0 0 0 0 0 0 0 0
-59.3 86.6 2278.0 0 0 0 0 0 0 0 0 0
-178.3 -826.2 2538.0 0 0 0 0 0 0 0 0 0
0.9 -849.6 2546.2 0 0 0 0 0 0 0 0 0
-73.4 420.2 2547.9  0.9896997809 0.0210560542 -0.1416015625 -0.0219705496 0.9997466207 -0.0048977486 0.1414625645 0.0079583647 0.9899116158
-77.5 222.8 2546.3 0.9896997809 0.0210560542 -0.1416015625 -0.0219705496 0.9997466207 -0.0048977486 0.1414625645 0.0079583647 0.9899116158
-81.0 28.7 2543.9 0.9897483587 0.0179216210 -0.1416932195 -0.0194772817 0.9997642040 -0.0095997034 0.1414877772 0.0122610899 0.9898640513
-212.7 225.4 2527.0 0.5530274510 -0.3681398034 -0.7474179864 0.5604983568 0.8281273842 0.0068293014 0.6164431572 -0.4227033556 0.6643189788
-340.8 95.7 2384.2 -0.8773270845 -0.3681398034 -0.3078478277 -0.1588707268 0.8281273842 -0.5375548005 0.4528325200 -0.4227033556 -0.7850251794
57.7 220.1 2565.6 0.2587465644 0.7414989471 0.6190553308 -0.8849836588 0.4388142228 -0.1557111442 -0.3871099353 -0.5075641274 0.7697561383
117.8 14.7 2475.8 -0.6417645216 0.7414989471 0.1957487762 0.2431530654 0.4388142228 -0.8650541306 -0.7273340821 -0.5075641274 -0.4619131386
-171.3 -164.2 2527.3 0.9699884057 0.0130963344 0.2427981496 -0.0141684199 0.9998960495 0.0026698303 -0.2427379340 -0.0060297707 0.9700731635
