-67.7 422.9 2562.7 8 0.9591478109 0.0481616408 -0.2787757814 -0.0611367561 0.9974045157 -0.0380325317 0.2762205303 0.0535222664 0.9596028328
-77.1 227.5 2552.2 0.9591478109 0.0481616408 -0.2787757814 -0.0611367561 0.9974045157 -0.0380325317 0.2762205303 0.0535222664 0.9596028328
-85.6 33.8 2542.7 0.9593967795 0.0439988449 -0.2786070108 -0.0557459965 0.9978529215 -0.0343787298 0.2764962018 0.0485140681 0.9597896934
-208.1 235.1 2514.4 0.3685424626 -0.2989394665 -0.8802338243 0.4034034610 0.9045125246 -0.1382850558 0.8375213742 -0.3041254580 0.4539445043
-288.4 147.2 2332.0 -0.8278720379 -0.2989394665 -0.4746188819 -0.0873108804 0.9045125246 -0.4174133539 0.5540800691 -0.3041254580 -0.7749212980
53.9 219.8 2589.9 -0.0960021913 0.8938736320 0.4379194677 -0.7238841653 0.2392767817 -0.6470999718 -0.6832095385 -0.3791259825 0.6240898967
31.5 50.7 2430.3 -0.4325303733 0.8938736320 0.1179294437 0.2378272265 0.2392767817 -0.9413738847 -0.8696871400 -0.3791259825 -0.3160819709
-181.8 -155.5 2507.8 0.9931342602 -0.0195304137 0.1153380945 0.0136387236 0.9985719919 0.0516519770 -0.1161821783 -0.0497242846 0.9919824600
-174.2 -543.1 2527.1 0.9930937290 0.0198667943 0.1156291515 -0.0241828859 0.9990575314 0.0360445566 -0.1148040816 -0.0385918729 0.9926382303
-9.8 -166.5 2556.4 0.9782502055 0.0407995768 0.2033762187 -0.0359147154 0.9989721775 -0.0276535042 -0.2042954266 0.0197478477 0.9787100554
-25.6 -554.3 2548.8 0.9756484032 -0.0761637837 0.2056922913 0.0692098662 0.9967672825 0.0408040285 -0.2081351280 -0.0255744476 0.9777656794
-85.7 168.6 2196.4 0 0 0 0 0 0 0 0 0
-74.8 109.1 2216.5 0 0 0 0 0 0 0 0 0
-179.8 -824.5 2538.0 0 0 0 0 0 0 0 0 0
-5.1 -823.3 2555.7 0 0 0 0 0 0 0 0 0
-65.8 422.7 2561.8 9 0.9578358531 0.0520888939 -0.2825548947 -0.0644071102 0.9973279238 -0.0344772860 0.2800040245 0.0512221232 0.9586313367
-76.0 227.4 2551.8 0.9578358531 0.0520888939 -0.2825548947 -0.0644071102 0.9973279238 -0.0344772860 0.2800040245 0.0512221232 0.9586313367
-85.2 33.7 2543.0 0.9581518173 0.0472318009 -0.2823370993 -0.0580593646 0.9978591800 -0.0301023126 0.2803108990 0.0452349000 0.9588428736
-206.9 235.4 2513.5 0.3914298117 -0.2814455330 -0.8761113286 0.4002889693 0.9093598127 -0.1132849231 0.8285840154 -0.3063546419 0.4686101079
-292.3 148.0 2332.7 -0.8345245123 -0.2814455330 -0.4736636579 -0.0743658170 0.9093598127 -0.4093097448 0.5459290743 -0.3063546419 -0.7798129916
54.8 219.5 2590.1 -0.0952904075 0.8911579847 0.4435731471 -0.7293373942 0.2407661676 -0.6403894424 -0.6774855852 -0.3845374584 0.6270121336
32.5 48.7 2431.5 -0.4392210841 0.8911579847 0.1136760637 0.2454698533 0.2407661676 -0.9390293956 -0.8641929030 -0.3845374584 -0.3245019913
-180.1 -154.9 2508.6 0.9935989976 -0.0153246541 0.1119205281 0.0102852210 0.9989129305 0.0454662703 -0.1124956161 -0.0440241136 0.9926764965
-174.1 -542.7 2525.7 0.9935320020 0.0183322020 0.1120626405 -0.0224802103 0.9991037846 0.0358641930 -0.1113047376 -0.0381514169 0.9930537343
-8.2 -164.9 2558.1 0.9789431095 0.0427760817 0.1996010989 -0.0386063904 0.9989482760 -0.0247375034 -0.2004493326 0.0165107325 0.9795649052
-24.8 -552.7 2551.7 0.9772951007 -0.0649717301 0.2016752958 0.0599349439 0.9977211952 0.0309881307 -0.2032290697 -0.0181971509 0.9789621234
-86.8 166.3 2198.2 0 0 0 0 0 0 0 0 0
-75.7 109.2 2218.5 0 0 0 0 0 0 0 0 0
-179.3 -825.1 2536.4 0 0 0 0 0 0 0 0 0
-6.9 -827.4 2556.7 0 0 0 0 0 0 0 0 0
-64.4 425.7 2561.4 0 0.9590848088 0.0528243035 -0.2781473100 -0.0638785958 0.9974815249 -0.0308244079 0.2758185267 0.0473308824 0.9600437284
-74.8 229.8 2552.1 0.9590848088 0.0528243035 -0.2781473100 -0.0638785958 0.9974815249 -0.0308244079 0.2758185267 0.0473308824 0.9600437284
-84.0 36.0 2544.1 0.9594337344 0.0473310165 -0.2779328823 -0.0569265261 0.9980252385 -0.0265520271 0.2761272788 0.0412966646 0.9602334499
-205.9 237.5 2514.4 0.4152427912 -0.2550528347 -0.8732247353 0.3919765651 0.9163792133 -0.0812616423 0.8209310770 -0.3085403442 0.4804946184
-296.9 151.6 2334.3 -0.8431107998 -0.2550528347 -0.4734049439 -0.0545395687 0.9163792133 -0.3965785205 0.5349669456 -0.3085403442 -0.7865197062
56.3 222.0 2589.8 -0.0775716752 0.8721674681 0.4830181897 -0.7280511856 0.2814300358 -0.6250908375 -0.6811197400 -0.4001513124 0.6131515503
38.0 50.3 2429.2 -0.4688199759 0.8721674681 0.1397560686 0.2471554428 0.2814300358 -0.9272062182 -0.8480105996 -0.4001513124 -0.3475009501
-180.2 -154.8 2509.1 0.9930698276 -0.0157771558 0.1164619401 0.0100570489 0.9987214804 0.0495409295 -0.1170946509 -0.0480263382 0.9919587970
-174.1 -542.5 2527.7 0.9929865599 0.0183941405 0.1167876050 -0.0216937326 0.9993988276 0.0270448383 -0.1162199229 -0.0293887202 0.9927886128
-8.5 -165.2 2559.3 0.9781250954 0.0417549387 0.2037838846 -0.0367224738 0.9989213943 -0.0284160320 -0.2047505975 0.0203109849 0.9786034226
-24.7 -553.0 2551.4 0.9765783548 -0.0621066168 0.2060037404 0.0562080815 0.9978273511 0.0343687311 -0.2076907009 -0.0219846833 0.9779474735
-87.6 165.1 2201.5 0 0 0 0 0 0 0 0 0
-75.6 110.1 2223.7 0 0 0 0 0 0 0 0 0
-179.2 -820.6 2535.9 0 0 0 0 0 0 0 0 0
-7.4 -831.6 2557.6 0 0 0 0 0 0 0 0 0
-63.4 422.6 2562.2 1 0.9631060362 0.0537415482 -0.2637018561 -0.0659930333 0.9971032143 -0.0378170162 0.2609056234 0.0538242832 0.9638626575
-74.0 226.8 2551.6 0.9631060362 0.0537415482 -0.2637018561 -0.0659930333 0.9971032143 -0.0378170162 0.2609056234 0.0538242832 0.9638626575
-83.5 33.1 2542.6 0.9634445906 0.0489266738 -0.2634021342 -0.0594142899 0.9977205992 -0.0319937728 0.2612363994 0.0464740768 0.9641554356
-205.6 234.9 2515.9 0.4341363907 -0.2223493010 -0.8729755878 0.3638180792 0.9297916889 -0.0558914319 0.8241128325 -0.2933398187 0.4845511019
-301.9 154.2 2333.1 -0.8554961085 -0.2223493010 -0.4676400125 -0.0417506993 0.9297916889 -0.3657107353 0.5161232948 -0.2933398187 -0.8047164083
57.7 218.7 2587.3 -0.0646502301 0.8572917581 0.5107555389 -0.7286559343 0.3091512620 -0.6111350060 -0.6818217039 -0.4116750956 0.6046840549
42.6 49.3 2428.9 -0.4905497432 0.8572917581 0.1562428325 0.2478411049 0.3091512620 -0.9181504846 -0.8354254961 -0.4116750956 -0.3641262054
-179.1 -152.6 2511.3 0.9912540913 -0.0112092225 0.1314901561 0.0054042777 0.9989982843 0.0444214344 -0.1318563670 -0.0433223210 0.9903216958
-174.8 -540.5 2528.1 0.9911879897 0.0142680956 0.1316920221 -0.0175728984 0.9995582700 0.0239669271 -0.1312918812 -0.0260699410 0.9910008907
-7.2 -162.8 2560.8 0.9749309421 0.0432248898 0.2182688713 -0.0351908505 0.9985570312 -0.0405640639 -0.2197072953 0.0318660960 0.9750452638
-24.0 -550.5 2548.4 0.9735020995 -0.0573540814 0.2213689089 0.0465715714 0.9974743128 0.0536285900 -0.2238856256 -0.0418980457 0.9737144113
-88.9 164.6 2204.6 0 0 0 0 0 0 0 0 0
-76.2 109.4 2226.4 0 0 0 0 0 0 0 0 0
-178.8 -822.5 2535.5 0 0 0 0 0 0 0 0 0
-7.7 -834.8 2560.4 0 0 0 0 0 0 0 0 0
-64.0 424.2 2562.1 2 0.9641135335 0.0482159071 -0.2610752285 -0.0601629019 0.9974665642 -0.0379588455 0.2585836053 0.0523036830 0.9645718336
-73.5 228.0 2551.8 0.9641135335 0.0482159071 -0.2610752285 -0.0601629019 0.9974665642 -0.0379588455 0.2585836053 0.0523036830 0.9645718336
-82.2 34.3 2542.8 0.9643529058 0.0444447324 -0.2608604729 -0.0550091490 0.9979292750 -0.0333340392 0.2588387728 0.0464954898 0.9648008347
-205.3 235.5 2516.4 0.4354903698 -0.1775473654 -0.8825106621 0.3322145641 0.9428522587 -0.0257500503 0.8366490602 -0.2819690108 0.4695869088
-303.5 160.6 2327.7 -0.8656932116 -0.1775473654 -0.4680301547 -0.0133692976 0.9428522587 -0.3329427242 0.5003964305 -0.2819690108 -0.8185944557
58.2 220.5 2587.1 -0.0256243441 0.8288588524 0.5588706136 -0.7362042665 0.3625515699 -0.5714539886 -0.6762741208 -0.4260860682 0.6009193063
52.0 41.7 2422.9 -0.5336154103 0.8288588524 0.1680700183 0.2835249901 0.3625515699 -0.8877893686 -0.7967861295 -0.4260860682 -0.4284653068
-179.3 -155.2 2510.2 0.9909471869 -0.0118090622 0.1337318867 0.0057739443 0.9989509583 0.0454267152 -0.1341280490 -0.0442433171 0.9899758697
-174.7 -543.1 2527.3 0.9908348918 0.0178534817 0.1338936090 -0.0221238993 0.9992906451 0.0304742921 -0.1332545727 -0.0331572406 0.9905270338
-6.7 -165.9 2557.0 0.9742615819 0.0435395725 0.2211757898 -0.0373095647 0.9987825751 -0.0322697721 -0.2223115414 0.0231872238 0.9746999145
-23.6 -553.6 2548.0 0.9733477235 -0.0488950424 0.2240612954 0.0381265692 0.9979116917 0.0521398596 -0.2261427790 -0.0422075279 0.9731793404
-89.0 163.9 2203.7 0 0 0 0 0 0 0 0 0
-76.6 110.0 2230.9 0 0 0 0 0 0 0 0 0
-179.7 -824.2 2536.7 0 0 0 0 0 0 0 0 0
-9.9 -833.3 2559.8 0 0 0 0 0 0 0 0 0
-61.2 420.3 2562.5 3 0.9629853368 0.0560235344 -0.2636675239 -0.0688832998 0.9968314767 -0.0397757925 0.2606037259 0.0564657934 0.9637932181
-72.2 224.7 2551.4 0.9629853368 0.0560235344 -0.2636675239 -0.0688832998 0.9968314767 -0.0397757925 0.2606037259 0.0564657934 0.9637932181
-82.2 31.1 2542.0 0.9633294344 0.0516044647 -0.2633122802 -0.0625073612 0.9974923730 -0.0331929773 0.2609390914 0.0484347269 0.9641394615
-203.8 233.3 2515.8 0.4438843131 -0.1515871286 -0.8831692934 0.3034362495 0.9527879357 -0.0110282265 0.8431447744 -0.2630903423 0.4689246416
-305.3 163.9 2323.0 -0.8786320686 -0.1515871286 -0.4527991116 -0.0079569407 0.9527879357 -0.3035323024 0.4774331152 -0.2630903423 -0.8383561969
59.4 216.2 2587.1 0.0138047924 0.7946492434 0.6069118381 -0.7263771296 0.4250934720 -0.5400664210 -0.6871576905 -0.4333913922 0.5830833912
62.7 43.3 2423.6 -0.5689018965 0.7946492434 0.2118565887 0.2723188102 0.4250934720 -0.8632137775 -0.7760110497 -0.4333913922 -0.4582344294
-177.2 -154.5 2510.5 0.9912702441 -0.0046035950 0.1317654401 -0.0015850749 0.9989019036 0.0468239412 -0.1318363100 -0.0466240384 0.9901744127
-175.4 -542.3 2528.6 0.9911847115 0.0132558560 0.1318225414 -0.0174502730 0.9993758798 0.0307144746 -0.1313331127 -0.0327440575 0.9907974005
-4.4 -164.3 2556.9 0.9744048715 0.0519315749 0.2187194526 -0.0453106537 0.9983531833 -0.0351826511 -0.2201863676 0.0243718252 0.9751533270
-24.6 -551.9 2547.5 0.9732979536 -0.0558391735 0.2226500511 0.0436317213 0.9972814918 0.0593788698 -0.2253604531 -0.0480787307 0.9730884433
-86.8 165.9 2204.3 0 0 0 0 0 0 0 0 0
-77.0 110.2 2233.0 0 0 0 0 0 0 0 0 0
-179.2 -827.4 2538.0 0 0 0 0 0 0 0 0 0
-9.0 -830.2 2560.9 0 0 0 0 0 0 0 0 0
-60.8 414.8 2553.7 4 0.9686725140 0.0579772703 -0.2414792776 -0.0632869750 0.9978931546 -0.0142837418 0.2401423752 0.0291187596 0.9703008533
-72.2 219.1 2548.0 0.9686725140 0.0579772703 -0.2414792776 -0.0632869750 0.9978931546 -0.0142837418 0.2401423752 0.0291187596 0.9703008533
-83.1 25.4 2542.7 0.9687750936 0.0565324277 -0.2414102107 -0.0614985041 0.9980214834 -0.0130799804 0.2401931286 0.0275179259 0.9703350067
-204.5 227.5 2515.2 0.4600925446 -0.1118022874 -0.8808036447 0.2468369007 0.9690388441 0.0059344126 0.8528695107 -0.2201452255 0.4734444916
-309.1 171.4 2321.3 -0.8873577118 -0.1118022874 -0.4473215640 0.0023683005 0.9690388441 -0.2468968630 0.4610756338 -0.2201452255 -0.8596193194
60.1 210.6 2580.8 0.0508386604 0.7532483339 0.6557685137 -0.7096514106 0.4892593026 -0.5069716573 -0.7027164102 -0.4395932853 0.5594170094
71.9 46.6 2418.4 -0.6070209742 0.7532483339 0.2532636225 0.2597557604 0.4892593026 -0.8325576782 -0.7510342598 -0.4395932853 -0.4926512539
-178.6 -156.9 2509.3 0.9879436493 -0.0088726692 0.1545594633 0.0015043264 0.9988594055 0.0477250554 -0.1548066139 -0.0469171591 0.9868301153
-175.1 -544.7 2527.5 0.9878488779 0.0148707610 0.1547042280 -0.0194368418 0.9994177222 0.0280442275 -0.1541970968 -0.0307104215 0.9875627160
-6.0 -168.1 2556.0 0.9696995020 0.0460956134 0.2399126887 -0.0393134654 0.9986824989 -0.0329813138 -0.2411168814 0.0225501638 0.9702340364
-23.8 -555.8 2547.3 0.9684821367 -0.0547844581 0.2429835796 0.0431756899 0.9976686239 0.0528506860 -0.2453124821 -0.0406939611 0.9685896039
-86.1 170.8 2205.4 0 0 0 0 0 0 0 0 0
-77.0 110.4 2234.2 0 0 0 0 0 0 0 0 0
-179.3 -826.2 2536.1 0 0 0 0 0 0 0 0 0
-9.0 -825.5 2558.3 0 0 0 0 0 0 0 0 0
-62.8 414.9 2549.9 5 0.9691749811 0.0578988604 -0.2394736260 -0.0600066110 0.9981968403 -0.0015135093 0.2389541864 0.0158368554 0.9709016681
-74.1 219.2 2546.8 0.9691749811 0.0578988604 -0.2394736260 -0.0600066110 0.9981968403 -0.0015135093 0.2389541864 0.0158368554 0.9709016681
-85.1 25.4 2543.6 0.9692421556 0.0566460453 -0.2395012826 -0.0588353910 0.9982656837 -0.0019955551 0.2389728725 0.0160253290 0.9708939791
-206.5 227.2 2514.1 0.4658437669 -0.0967817456 -0.8795583248 0.2292206734 0.9732692838 0.0143098254 0.8546621799 -0.2082791030 0.4755758047
-312.0 175.3 2320.6 -0.8957617879 -0.0967817456 -0.4338710904 0.0060469122 0.9732692838 -0.2295873016 0.4444932640 -0.2082791030 -0.8712322116
58.3 211.1 2579.4 0.0830298662 0.7288641334 0.6796051264 -0.6955466270 0.5307636857 -0.4842569530 -0.7136672139 -0.4324892461 0.5510282516
77.7 48.2 2412.2 -0.6234419942 0.7288641334 0.2829790711 0.2534276843 0.5307636857 -0.8087424040 -0.7396583557 -0.4324892461 -0.5156147480
-180.8 -162.8 2515.9 0.9875786304 -0.0113942996 0.1567119509 0.0054244376 0.9992450476 0.0384695567 -0.1570319682 -0.0371416360 0.9868948460
-176.4 -550.7 2530.3 0.9876179099 0.0033101300 0.1568434834 -0.0074528730 0.9996384978 0.0258324891 -0.1567012817 -0.0266815629 0.9872855544
-7.3 -173.8 2558.9 0.9694776535 0.0442920998 0.2411456704 -0.0364701822 0.9986567497 -0.0368058681 -0.2424519509 0.0268878434 0.9697907567
-24.5 -561.5 2548.4 0.9671957493 -0.0706291571 0.2440161556 0.0608727932 0.9970239401 0.0473044738 -0.2466310412 -0.0308987405 0.9686167240
-85.0 173.8 2208.0 0 0 0 0 0 0 0 0 0
-75.7 110.5 2230.2 0 0 0 0 0 0 0 0 0
-177.3 -822.5 2537.5 0 0 0 0 0 0 0 0 0
-5.8 -824.7 2556.6 0 0 0 0 0 0 0 0 0
-63.7 416.0 2547.4 6 0.9681885242 0.0587052628 -0.2432379425 -0.0584147871 0.9982569218 0.0084132068 0.2433078736 0.0060631223 0.9699301720
-75.2 220.0 2546.2 0.9681885242 0.0587052628 -0.2432379425 -0.0584147871 0.9982569218 0.0084132068 0.2433078736 0.0060631223 0.9699301720
-86.1 26.3 2545.0 0.9683324099 0.0560191274 -0.2432986796 -0.0559107959 0.9984086752 0.0073561803 0.2433235943 0.0064797951 0.9699234962
-207.5 227.7 2513.0 0.4656059444 -0.0896620527 -0.8804384470 0.2213054746 0.9750432372 0.0177374873 0.8568751216 -0.2031045258 0.4738286138
-313.5 177.3 2317.9 -0.9007659554 -0.0896620527 -0.4249487221 0.0076213777 0.9750432372 -0.2218843102 0.4342379868 -0.2031045258 -0.8776023984
57.0 212.4 2579.5 0.0841809884 0.7329988480 0.6750009656 -0.6890607476 0.5321534276 -0.4919430614 -0.7197977901 -0.4237044156 0.5498779416
76.8 50.5 2410.3 -0.6099281907 0.7329988480 0.3011649549 0.2383951396 0.5321534276 -0.8123918176 -0.7557482123 -0.4237044156 -0.4993187487
-182.9 -163.1 2519.1 0.9880821109 -0.0164694656 0.1530440152 0.0115761794 0.9993945956 0.0328093767 -0.1534917057 -0.0306466930 0.9876745939
-176.5 -551.0 2531.0 0.9881089926 0.0128686083 0.1532157511 -0.0164028760 0.9996272326 0.0218255427 -0.1528777629 -0.0240791943 0.9879516959
-9.3 -173.6 2561.9 0.9707953334 0.0372576565 0.2369984388 -0.0294712726 0.9989057779 -0.0363138057 -0.2380920798 0.0282686278 0.9708310962
-23.7 -561.4 2551.0 0.9685031772 -0.0693610832 0.2391456068 0.0616059117 0.9973082542 0.0397617891 -0.2412598133 -0.0237766374 0.9701692462
-84.4 175.4 2207.5 0 0 0 0 0 0 0 0 0
-74.2 109.5 2223.1 0 0 0 0 0 0 0 0 0
-180.0 -824.8 2537.6 0 0 0 0 0 0 0 0 0
-5.2 -827.3 2557.3 0 0 0 0 0 0 0 0 0
-64.6 416.5 2539.7 7 0.9729619622 0.0561444908 -0.2240374088 -0.0521303751 0.9983566999 0.0237967167 0.2250053138 -0.0114741456 0.9742899537
-75.6 220.6 2541.9 0.9729619622 0.0561444908 -0.2240374088 -0.0521303751 0.9983566999 0.0237967167 0.2250053138 -0.0114741456 0.9742899537
-86.1 26.8 2543.7 0.9730244279 0.0543992147 -0.2241966426 -0.0510019809 0.9984794259 0.0209205542 0.2249937952 -0.0089217378 0.9743193388
-208.5 227.6 2511.2 0.5185189247 -0.1244908497 -0.8459551930 0.2385663539 0.9711205363 0.0033164287 0.8211115599 -0.2035360634 0.5332437158
-325.8 173.6 2325.4 -0.8909355998 -0.1244908497 -0.4367330372 -0.0191155430 0.9711205363 -0.2378224134 0.4537271261 -0.2035360634 -0.8675855994
57.3 213.6 2572.7 0.1323446929 0.7317620516 0.6685874462 -0.7108592391 0.5401443243 -0.4504700899 -0.6907706261 -0.4156542420 0.5916650295
87.3 52.6 2416.2 -0.6009475589 0.7317620516 0.3215374649 0.2236274481 0.5401443243 -0.8113167882 -0.7673674226 -0.4156542420 -0.4882404804
-183.7 -162.5 2521.9 0.9847399592 -0.0196200106 0.1729227155 0.0166441556 0.9996876717 0.0186425336 -0.1732344776 -0.0154798962 0.9847589731
-176.1 -550.6 2527.9 0.9848259091 0.0175828207 0.1726520509 -0.0233941525 0.9992241859 0.0316821486 -0.1719610393 -0.0352404490 0.9844732285
-10.2 -172.5 2565.5 0.9662663937 0.0342466533 0.2552576065 -0.0232463405 0.9986714125 -0.0459888279 -0.2564934194 0.0385036543 0.9657787681
-23.5 -560.2 2550.6 0.9643616080 -0.0619329028 0.2572371662 0.0538230054 0.9978097081 0.0384563729 -0.2590554357 -0.0232405737 0.9655827880
-98.9 178.5 2209.9 0 0 0 0 0 0 0 0 0
-63.4 108.7 2223.8 0 0 0 0 0 0 0 0 0
-181.0 -829.4 2537.8 0 0 0 0 0 0 0 0 0
-7.1 -824.8 2556.7 0 0 0 0 0 0 0 0 0
-62.3 417.7 2533.8 8 0.9737588167 0.0610536151 -0.2192400396 -0.0538022779 0.9977936149 0.0389001220 0.2211313099 -0.0260837227 0.9748951793
-74.3 221.3 2539.0 0.9737588167 0.0610536151 -0.2192400396 -0.0538022779 0.9977936149 0.0389001220 0.2211313099 -0.0260837227 0.9748951793
-85.7 27.5 2543.2 0.9738448858 0.0586595573 -0.2195111811 -0.0523672998 0.9980359077 0.0343796350 0.2210967392 -0.0219852235 0.9750040174
-207.4 228.4 2508.8 0.5761038065 -0.1659072191 -0.8003619313 0.2596694529 0.9656066895 -0.0132497018 0.7750329971 -0.2001963258 0.5993707180
-335.8 170.5 2336.0 -0.8709849715 -0.1659072191 -0.4624499977 -0.0482809134 0.9656066895 -0.2554852962 0.4889316559 -0.2001963258 -0.8490390182
58.7 214.1 2569.2 0.0971929058 0.7716994286 0.6285169721 -0.7039496303 0.4997240901 -0.5047085285 -0.7035683393 -0.3933902085 0.5918071866
81.2 51.5 2406.7 -0.5667597055 0.7716994286 0.2885540426 0.2597138584 0.4997240901 -0.8263319731 -0.7818772793 -0.3933902085 -0.4836445451
-183.8 -162.4 2525.3 0.9839383364 -0.0154719641 0.1778369248 0.0125208348 0.9997648597 0.0177049693 -0.1780690402 -0.0151939308 0.9839006662
-177.8 -550.5 2531.2 0.9840258956 0.0097723790 0.1777570248 -0.0140322279 0.9996433258 0.0227230527 -0.1774715632 -0.0248543993 0.9838120341
-9.5 -171.5 2565.6 0.9652194381 0.0360837802 0.2589390278 -0.0232387949 0.9983506203 -0.0524977930 -0.2604062557 0.0446544588 0.9644659758
-23.5 -559.1 2548.2 0.9633821249 -0.0604770854 0.2612228394 0.0504218824 0.9977123141 0.0450312495 -0.2633486092 -0.0302109532 0.9642275572
-114.0 182.8 2211.5 0 0 0 0 0 0 0 0 0
-61.6 117.0 2209.7 0 0 0 0 0 0 0 0 0
-180.5 -825.8 2538.0 0 0 0 0 0 0 0 0 0
-7.4 -823.9 2556.2 0 0 0 0 0 0 0 0 0
-66.9 416.4 2539.4 9 0.9752581120 0.0514973626 -0.2149874568 -0.0486210398 0.9986431599 0.0186495762 0.2156561464 -0.0077352370 0.9764387012
-77.0 220.6 2540.9 0.9752581120 0.0514973626 -0.2149874568 -0.0486210398 0.9986431599 0.0186495762 0.2156561464 -0.0077352370 0.9764387012
-86.7 26.8 2542.7 0.9753455520 0.0500282720 -0.2149378210 -0.0469015725 0.9987066984 0.0196258277 0.2156416923 -0.0090610404 0.9764305353
-210.2 227.0 2511.5 0.5187564492 -0.2713583112 -0.8107135296 0.3108358979 0.9432564378 -0.1168259308 0.7964124680 -0.1913946718 0.5736682415
-324.6 158.5 2335.9 -0.8405386806 -0.2713583112 -0.4688916802 -0.1353692710 0.9432564378 -0.3032200933 0.5245664120 -0.1913946718 -0.8295770884
56.3 214.2 2570.4 0.0826857686 0.8112812638 0.5787795186 -0.6957696676 0.4627905488 -0.5492990613 -0.7134897113 -0.3572780490 0.6027311087
75.6 51.6 2403.7 -0.5250728726 0.8112812638 0.2571403980 0.3079658449 0.4627905488 -0.8312532306 -0.7933823466 -0.3572780490 -0.4928456843
-184.3 -161.5 2527.7 0.9829983711 -0.0207955781 0.1824327409 0.0187921561 0.9997426867 0.0127036814 -0.1826499850 -0.0090593938 0.9831362367
-176.2 -549.6 2531.2 0.9831136465 0.0172770936 0.1821787506 -0.0220712665 0.9994605184 0.0243211109 -0.1816602796 -0.0279313326 0.9829645753
-9.8 -170.9 2567.3 0.9637926817 0.0359162278 0.2642228007 -0.0203033406 0.9978952408 -0.0615859963 -0.2658786178 0.0539915264 0.9624933600
-23.8 -558.3 2546.3 0.9617820978 -0.0625055581 0.2665862441 0.0506550036 0.9974077344 0.0511070788 -0.2690896690 -0.0356499441 0.9624550939
-111.3 192.8 2202.8 0 0 0 0 0 0 0 0 0
-56.9 129.3 2203.4 0 0 0 0 0 0 0 0 0
-181.0 -827.0 2539.0 0 0 0 0 0 0 0 0 0
-7.1 -823.8 2555.8 0 0 0 0 0 0 0 0 0
-67.6 418.2 2542.2 0 0.9751052856 0.0485878065 -0.2163535953 -0.0477615409 0.9988178015 0.0090492200 0.2165375054 0.0015094393 0.9762731194
-77.2 222.1 2541.9 0.9751052856 0.0485878065 -0.2163535953 -0.0477615409 0.9988178015 0.0090492200 0.2165375054 0.0015094393 0.9762731194
-86.3 28.2 2542.2 0.9752065539 0.0470813364 -0.2162301838 -0.0456468388 0.9988899827 0.0116263935 0.2165375501 -0.0014679112 0.9762731791
-210.4 228.4 2512.3 0.5363386273 -0.3610530794 -0.7628771663 0.3887753487 0.9079622626 -0.1563912630 0.7491292357 -0.2127091736 0.6273437738
-324.7 145.5 2352.7 -0.7932316065 -0.3610530794 -0.4903308451 -0.1790870130 0.9079622626 -0.3788566291 0.5819892287 -0.2127091736 -0.7848842740
56.1 215.9 2571.5 0.0793400332 0.8339241743 0.5461461544 -0.7085841298 0.4325365126 -0.5575129390 -0.7011516690 -0.3427574039 0.6252229214
74.8 49.0 2406.3 -0.4954184890 0.8339241743 0.2431686372 0.3130668402 0.4325365126 -0.8455183506 -0.8102775216 -0.3427574039 -0.4753605723
-183.8 -162.9 2525.1 0.9832451344 -0.0222247336 0.1809284091 0.0197478030 0.9996851683 0.0154801840 -0.1812154800 -0.0116478773 0.9833744168
-175.1 -551.0 2529.6 0.9833637476 0.0189750027 0.1806534082 -0.0242950134 0.9993324876 0.0272815172 -0.1800151616 -0.0312166326 0.9831683636
-9.0 -171.3 2563.7 0.9637143016 0.0387603156 0.2641068101 -0.0285437331 0.9986923337 -0.0424132422 -0.2654053867 0.0333356522 0.9635604620
-24.1 -558.9 2550.8 0.9615766406 -0.0663427711 0.2664000094 0.0577762015 0.9975329041 0.0398755446 -0.2683882415 -0.0229518097 0.9630373716
-123.6 190.9 2205.1 0 0 0 0 0 0 0 0 0
-50.6 128.2 2201.4 0 0 0 0 0 0 0 0 0
-180.4 -827.0 2538.2 0 0 0 0 0 0 0 0 0
-6.2 -827.8 2557.0 0 0 0 0 0 0 0 0 0
-68.6 413.5 2537.1 1 0.9823849201 0.0473736525 -0.1807640344 -0.0449294671 0.9988352060 0.0175944492 0.1813869923 -0.0091628898 0.9833691120
-77.9 217.7 2538.9 0.9823849201 0.0473736525 -0.1807640344 -0.0449294671 0.9988352060 0.0175944492 0.1813869923 -0.0091628898 0.9833691120
-87.4 23.9 2540.5 0.9822894335 0.0492691584 -0.1807761043 -0.0469026268 0.9987488389 0.0173449889 0.1814045012 -0.0085589262 0.9833713174
-212.0 224.1 2514.1 0.4334786534 -0.3973060846 -0.8088535666 0.3821935654 0.8938974142 -0.2342551798 0.8161031604 -0.2075939924 0.5393332839
-302.4 144.5 2344.0 -0.7680531740 -0.3973060846 -0.5022372007 -0.2000994682 0.8938974142 -0.4011329114 0.6083210707 -0.2075939924 -0.7660614848
56.2 211.3 2563.6 0.0801499262 0.8412041664 0.5347443819 -0.7165439725 0.4215553105 -0.5557480454 -0.6929218769 -0.3386246860 0.6365473866
74.2 50.6 2408.3 -0.4809437394 0.8412041664 0.2471207231 0.2971118689 0.4215553105 -0.8567471504 -0.8248743415 -0.3386246860 -0.4526761472
-182.8 -161.5 2523.1 0.9761524200 -0.0188841652 0.2162633240 0.0134488959 0.9995563030 0.0265769288 -0.2166692466 -0.0230346303 0.9759733081
-175.5 -549.6 2532.0 0.9761805534 0.0153982043 0.2164126337 -0.0198204573 0.9996364713 0.0182786826 -0.2160525024 -0.0221326910 0.9761308432
-8.1 -169.7 2561.9 0.9533816576 0.0431256853 0.2986697257 -0.0333355665 0.9987291694 -0.0377988108 -0.2999202609 0.0260803662 0.9536076784
-24.8 -557.4 2551.7 0.9507889748 -0.0735437945 0.3009845316 0.0665273070 0.9972217083 0.0335101709 -0.3026127815 -0.0118374107 0.9530400634
-107.1 195.3 2189.3 0 0 0 0 0 0 0 0 0
-47.6 125.9 2199.3 0 0 0 0 0 0 0 0 0
-179.7 -824.4 2538.1 0 0 0 0 0 0 0 0 0
-5.1 -824.3 2554.9 0 0 0 0 0 0 0 0 0
-70.6 416.2 2550.5 2 0.9800161719 0.0420491733 -0.1944227964 -0.0463652648 0.9987677336 -0.0177003555 0.1934389323 0.0263610985 0.9807581306
-78.8 220.7 2545.4 0.9800161719 0.0420491733 -0.1944227964 -0.0463652648 0.9987677336 -0.0177003555 0.1934389323 0.0263610985 0.9807581306
-87.3 27.0 2541.3 0.9799787998 0.0439528786 -0.1941898316 -0.0472326204 0.9988083243 -0.0122893443 0.1934182644 0.0212153923 0.9808869958
-212.6 227.2 2518.9 0.3226429522 -0.4268561304 -0.8448049426 0.3912447393 0.8728633523 -0.2916113436 0.8618753552 -0.2364391237 0.4486284256
-279.8 145.8 2339.6 -0.7386482954 -0.4268561304 -0.5217207074 -0.1856893450 0.8728633523 -0.4512527883 0.6480109096 -0.2364391237 -0.7240016460
55.0 214.3 2571.8 0.0428222902 0.8593019843 0.5096727610 -0.6976586580 0.3908808529 -0.6004036069 -0.7151493430 -0.3298669457 0.6162379384
65.3 47.7 2401.0 -0.4545843303 0.8593019843 0.2344208807 0.2880741656 0.3908808529 -0.8741998672 -0.8428323269 -0.3298669457 -0.4252310097
-184.9 -165.8 2526.0 0.9789292216 -0.0259958226 0.2025382966 0.0240807366 0.9996390343 0.0119142896 -0.2027748972 -0.0067859753 0.9792018533
-174.8 -553.8 2528.6 0.9792104959 0.0182585716 0.2020232230 -0.0249012876 0.9992279410 0.0303882267 -0.2013124079 -0.0347871073 0.9789091945
-9.0 -174.2 2558.5 0.9570795298 0.0388753861 0.2872063518 -0.0315432400 0.9990486503 -0.0301142875 -0.2881037891 0.0197623502 0.9573952556
-24.1 -562.1 2550.8 0.9550269842 -0.0658491701 0.2891147435 0.0583965406 0.9977027178 0.0343380086 -0.2907117009 -0.0159104224 0.9566783905
-91.9 193.1 2174.7 0 0 0 0 0 0 0 0 0
-50.0 120.7 2187.4 0 0 0 0 0 0 0 0 0
-179.8 -823.2 2538.0 0 0 0 0 0 0 0 0 0
-6.7 -826.0 2555.0 0 0 0 0 0 0 0 0 0
-72.5 416.9 2548.2 3 0.9847323298 0.0378175192 -0.1699178368 -0.0411046222 0.9990288615 -0.0158680212 0.1691527218 0.0226101615 0.9853304625
-79.9 221.3 2543.8 0.9847323298 0.0378175192 -0.1699178368 -0.0411046222 0.9990288615 -0.0158680212 0.1691527218 0.0226101615 0.9853304625
-87.6 27.5 2540.5 0.9846901298 0.0398771502 -0.1696914136 -0.0421901047 0.9990590811 -0.0100449985 0.1691311747 0.0170505084 0.9854460359
-214.4 227.1 2520.7 0.2193715125 -0.4584999382 -0.8611932993 0.3956618607 0.8486593366 -0.3510400057 0.8918115497 -0.2637331784 0.3675826192
-259.8 145.2 2336.1 -0.7046252489 -0.4584999382 -0.5415543318 -0.1663139313 0.8486593366 -0.5021125674 0.6898137331 -0.2637331784 -0.6742417216
54.6 215.6 2566.9 0.0111873150 0.8745043278 0.4848887026 -0.7023474574 0.3520331383 -0.6186927557 -0.7117463350 -0.3336388469 0.6181442142
57.2 50.9 2400.1 -0.4301608205 0.8745043278 0.2240622193 0.2451561987 0.3520331383 -0.9033111930 -0.8688268661 -0.3336388469 -0.3658210337
-183.5 -162.6 2519.8 0.9737653136 -0.0209581945 0.2265873849 0.0162795335 0.9996143579 0.0224975757 -0.2269715220 -0.0182186216 0.9737309813
-175.4 -550.6 2526.9 0.9738897681 0.0150532806 0.2265217006 -0.0213978067 0.9994437695 0.0255789980 -0.2260106653 -0.0297581926 0.9736701846
-8.0 -171.1 2554.5 0.9495843053 0.0376497358 0.3112429082 -0.0329267420 0.9992492199 -0.0204173271 -0.3117779493 0.0091397567 0.9501110315
-22.6 -559.0 2550.9 0.9479802847 -0.0594321713 0.3127317727 0.0528884083 0.9981682897 0.0293738618 -0.3139047027 -0.0113059571 0.9493871927
-80.5 187.6 2160.6 0 0 0 0 0 0 0 0 0
-51.7 113.0 2180.0 0 0 0 0 0 0 0 0 0
-179.5 -820.2 2534.9 0 0 0 0 0 0 0 0 0
-6.9 -823.6 2553.9 0 0 0 0 0 0 0 0 0
-74.1 418.6 2555.6 4 0.9821895361 0.0348665603 -0.1846295297 -0.0416638218 0.9985844493 -0.0330638550 0.1832153499 0.0401673466 0.9822518826
-80.9 223.4 2547.8 0.9821895361 0.0348665603 -0.1846295297 -0.0416638218 0.9985844493 -0.0330638550 0.1832153499 0.0401673466 0.9822518826
-87.8 29.5 2541.5 0.9822019935 0.0360157937 -0.1843423396 -0.0413123071 0.9988341928 -0.0249710679 0.1832280755 0.0321422406 0.9825448394
-215.0 229.0 2522.7 0.1103045791 -0.5320432186 -0.8395015597 0.4046396911 0.7955251932 -0.4510059357 0.9077993035 -0.2899476588 0.3030358851
-238.4 143.1 2330.0 -0.6584056616 -0.5320432186 -0.5323833227 -0.1733912677 0.7955251932 -0.5805817246 0.7324188948 -0.2899476588 -0.6160299182
53.3 217.7 2572.8 -0.0300654657 0.8912869692 0.4524418712 -0.6771709323 0.3147788048 -0.6650968790 -0.7352113128 -0.3263769150 0.5940896273
45.9 51.0 2391.8 -0.4059339166 0.8912869692 0.2020525634 0.2331762612 0.3147788048 -0.9200778008 -0.8836551905 -0.3263769150 -0.3356063366
-183.5 -162.6 2522.0 0.9770889282 -0.0209484529 0.2117979079 0.0180342011 0.9997143745 0.0156821702 -0.2120659202 -0.0115032680 0.9771876335
-175.3 -550.7 2526.5 0.9772674441 0.0150315780 0.2114768028 -0.0218563415 0.9993117452 0.0299714059 -0.2108807415 -0.0339121893 0.9769233465
-7.1 -170.2 2552.3 0.9537333846 0.0421240889 0.2976880670 -0.0385893770 0.9990975857 -0.0177437365 -0.2981668711 0.0054351976 0.9544982910
-23.5 -558.1 2550.2 0.9523965120 -0.0575042814 0.2993895411 0.0505113229 0.9982406497 0.0310508721 -0.3006483614 -0.0144501822 0.9536255598
-71.0 187.2 2143.7 0 0 0 0 0 0 0 0 0
-57.0 110.1 2167.9 0 0 0 0 0 0 0 0 0
-179.5 -823.9 2535.8 0 0 0 0 0 0 0 0 0
-8.2 -822.5 2554.1 0 0 0 0 0 0 0 0 0
-74.2 419.2 2559.8 5 0.9806236625 0.0349165015 -0.1927643567 -0.0441947952 0.9980515838 -0.0440433621 0.1908509284 0.0517091453 0.9802561402
-81.0 224.3 2549.7 0.9806236625 0.0349165015 -0.1927643567 -0.0441947952 0.9980515838 -0.0440433621 0.1908509284 0.0517091453 0.9802561402
-87.9 30.5 2541.7 0.9806707501 0.0355960131 -0.1924002022 -0.0428616107 0.9985113740 -0.0337323099 0.1909130514 0.0413268693 0.9807366133
-215.0 230.2 2523.6 0.0302742496 -0.6068560481 -0.7942349911 0.4111356139 0.7318289280 -0.5435015559 0.9110713601 -0.3100841939 0.2716557086
-221.5 141.5 2327.1 -0.6121276021 -0.6068560481 -0.5069769025 -0.1814860106 0.7318289280 -0.6568784118 0.7696509957 -0.3100841939 -0.5581085682
52.9 218.4 2575.8 -0.0445997715 0.8980283737 0.4376710057 -0.6681252718 0.2988979220 -0.6813726425 -0.7427108884 -0.3228081167 0.5866646767
41.9 52.5 2391.4 -0.3934397697 0.8980283737 0.1968507320 0.2173221111 0.2988979220 -0.9292099476 -0.8932951689 -0.3228081167 -0.3127597570
-182.7 -160.6 2518.9 0.9788172245 -0.0211867113 0.2036368549 0.0189260393 0.9997358322 0.0130427238 -0.2038593888 -0.0089124031 0.9789596200
-174.5 -548.7 2522.3 0.9790558815 0.0165261384 0.2029198259 -0.0256991629 0.9987593293 0.0426537022 -0.2019631714 -0.0469752289 0.9782659411
-6.8 -168.1 2551.7 0.9559361935 0.0456643999 0.2900012732 -0.0408584103 0.9989091158 -0.0226086956 -0.2907173336 0.0097634792 0.9567591548
-24.5 -555.9 2547.9 0.9541677237 -0.0622170083 0.2927336991 0.0473003462 0.9972088337 0.0577688403 -0.2955108285 -0.0412747599 0.9544473290
-65.8 187.7 2131.4 0 0 0 0 0 0 0 0 0
-57.9 107.6 2164.8 0 0 0 0 0 0 0 0 0
-179.1 -823.4 2535.2 0 0 0 0 0 0 0 0 0
-7.7 -825.5 2559.1 0 0 0 0 0 0 0 0 0
-74.2 418.5 2561.9 6 0.9811480045 0.0322285779 -0.1905516833 -0.0434321910 0.9975460768 -0.0549137890 0.1883142889 0.0621546321 0.9801400304
-80.5 224.1 2549.8 0.9811480045 0.0322285779 -0.1905516833 -0.0434321910 0.9975460768 -0.0549137890 0.1883142889 0.0621546321 0.9801400304
-86.9 30.4 2540.1 0.9812027812 0.0328666829 -0.1901601553 -0.0417523161 0.9982061386 -0.0429099500 0.1884087175 0.0500429869 0.9808148742
-214.5 229.9 2524.0 -0.0009068442 -0.6661910415 -0.7457805872 0.4297078848 0.6731566191 -0.6018399596 0.9029675126 -0.3210135996 0.2856571078
-214.4 136.9 2328.7 -0.5785951614 -0.6661910415 -0.4705498517 -0.1949310750 0.6731566191 -0.7133457065 0.7919782400 -0.3210135996 -0.5193464756
53.5 218.4 2575.5 -0.0571235679 0.9063050151 0.4187459052 -0.6707838774 0.2758141458 -0.6884588003 -0.7394496799 -0.3202152252 0.5921792984
39.5 53.5 2393.7 -0.3811776042 0.9063050151 0.1825235933 0.2062400728 0.2758141458 -0.9388245940 -0.9012039900 -0.3202152252 -0.2920506001
-182.6 -159.5 2516.5 0.9784764647 -0.0212599766 0.2052603215 0.0162402671 0.9995271564 0.0261093099 -0.2057183534 -0.0222138632 0.9783591032
-174.4 -547.5 2525.2 0.9785242081 0.0209072269 0.2050689459 -0.0286260042 0.9989861250 0.0347454175 -0.2041346133 -0.0398695357 0.9781305790
-6.9 -167.2 2550.8 0.9552451968 0.0464507565 0.2921453416 -0.0392673239 0.9987659454 -0.0304078478 -0.2931972742 0.0175751857 0.9558904171
-25.0 -554.9 2543.9 0.9531533122 -0.0654943436 0.2953122258 0.0471521541 0.9965143204 0.0688180849 -0.2987900376 -0.0516695753 0.9529190660
-67.0 186.5 2127.0 0 0 0 0 0 0 0 0 0
-57.2 105.8 2165.0 0 0 0 0 0 0 0 0 0
-180.1 -820.4 2536.1 0 0 0 0 0 0 0 0 0
-7.4 -822.1 2557.8 0 0 0 0 0 0 0 0 0
-74.9 418.4 2562.4 7 0.9810056686 0.0310631599 -0.1914758384 -0.0429214798 0.9973878264 -0.0580971204 0.1891709864 0.0652120337 0.9797763824
-80.9 223.9 2549.7 0.9810056686 0.0310631599 -0.1914758384 -0.0429214798 0.9973878264 -0.0580971204 0.1891709864 0.0652120337 0.9797763824
-86.9 30.1 2539.6 0.9810897112 0.0308648627 -0.1910768151 -0.0402128510 0.9981665015 -0.0452390835 0.1893301755 0.0520673431 0.9805320501
-215.0 229.4 2523.8 -0.0062802238 -0.6667892337 -0.7452198863 0.4375642538 0.6682698131 -0.6016252637 0.8991652131 -0.3298599422 0.2875662446
-213.7 137.9 2335.8 -0.5677027702 -0.6667892337 -0.4828101993 -0.1687201560 0.6682698131 -0.7245336175 0.8057587147 -0.3298599422 -0.4918794334
53.1 218.4 2575.6 -0.1412800401 0.9465368986 0.2900136113 -0.6395937800 0.1363300830 -0.7565275431 -0.7556188107 -0.2923731208 0.5861383677
18.4 61.4 2390.1 -0.3136635721 0.9465368986 0.0753863454 0.1771406531 0.1363300830 -0.9746975303 -0.9328646064 -0.2923731208 -0.2104319483
-181.1 -159.6 2513.5 0.9789018631 -0.0140727023 0.2038458735 0.0051777018 0.9990135431 0.0441037044 -0.2042654455 -0.0421177447 0.9780090451
-175.7 -547.4 2529.8 0.9788091779 0.0169821326 0.2040692419 -0.0227219164 0.9994084239 0.0258164052 -0.2035101056 -0.0299061779 0.9786159992
-5.3 -167.1 2547.2 0.9551916718 0.0504004993 0.2916653156 -0.0458103865 0.9986956120 -0.0225500073 -0.2924214005 0.0081782788 0.9562546015
-24.9 -554.8 2544.0 0.9529645443 -0.0692046434 0.2950750589 0.0507217757 0.9962673187 0.0698475540 -0.2988074124 -0.0515955128 0.9529176354
-71.8 180.0 2134.5 0 0 0 0 0 0 0 0 0
-60.2 105.8 2156.3 0 0 0 0 0 0 0 0 0
-180.4 -823.4 2538.1 0 0 0 0 0 0 0 0 0
-6.3 -823.1 2557.9 0 0 0 0 0 0 0 0 0
-73.7 416.8 2563.7 8 0.9804158807 0.0348782353 -0.1938253045 -0.0473484397 0.9970699549 -0.0600804985 0.1911618859 0.0680812001 0.9791945815
-80.5 222.6 2550.4 0.9804158807 0.0348782353 -0.1938253045 -0.0473484397 0.9970699549 -0.0600804985 0.1911618859 0.0680812001 0.9791945815
-87.2 28.9 2539.4 0.9804908633 0.0348808169 -0.1934450418 -0.0452035405 0.9977651834 -0.0492067151 0.1912963539 0.0569911338 0.9798763990
-214.4 228.8 2524.3 -0.0065734070 -0.6632840633 -0.7483388782 0.4364788532 0.6713992953 -0.5989233255 0.8996905088 -0.3305710554 0.2850960791
-213.0 134.5 2329.9 -0.5795261264 -0.6632840633 -0.4735015333 -0.1813281327 0.6713992953 -0.7185701728 0.7945247293 -0.3305710554 -0.5093654990
53.5 216.4 2576.6 -0.1095215529 0.9276750684 0.3569650352 -0.6471126676 0.2060500383 -0.7340222001 -0.7544867396 -0.3113878369 0.5777433515
26.6 57.7 2391.5 -0.3483504057 0.9276750684 0.1344284117 0.1773569733 0.2060500383 -0.9623345733 -0.9204327464 -0.3113878369 -0.2363072485
-180.8 -160.0 2512.5 0.9793240428 -0.0133379856 0.2018577904 0.0058328845 0.9992709756 0.0377294272 -0.2022138536 -0.0357719213 0.9786878824
-175.6 -547.9 2526.4 0.9793201089 0.0135544064 0.2018624246 -0.0215329602 0.9990690351 0.0373812653 -0.2011678070 -0.0409549214 0.9787002802
-5.0 -167.2 2546.5 0.9559334517 0.0478784814 0.2896530628 -0.0426795073 0.9987946749 -0.0242428109 -0.2904646397 0.0108122639 0.9568246603
-23.6 -555.0 2542.3 0.9540637136 -0.0624807701 0.2930163145 0.0415167287 0.9961482882 0.0772329196 -0.2967132926 -0.0615200438 0.9529829621
-67.1 180.1 2129.9 0 0 0 0 0 0 0 0 0
-61.2 102.4 2159.4 0 0 0 0 0 0 0 0 0
-179.4 -824.3 2537.7 0 0 0 0 0 0 0 0 0
-6.7 -823.8 2558.9 0 0 0 0 0 0 0 0 0
-73.0 416.2 2562.8 9 0.9797272682 0.0386972278 -0.1965631247 -0.0506634936 0.9971323013 -0.0562167913 0.1938240081 0.0650356933 0.9788782597
-80.5 222.5 2550.2 0.9797272682 0.0386972278 -0.1965631247 -0.0506634936 0.9971323013 -0.0562167913 0.1938240081 0.0650356933 0.9788782597
-87.9 28.8 2539.8 0.9798321724 0.0382635258 -0.1961244941 -0.0479434356 0.9978427887 -0.0448467098 0.1939854175 0.0533451326 0.9795529246
-214.4 229.0 2523.7 0.0219225530 -0.6408116221 -0.7673850656 0.4435235858 0.6941371560 -0.5669748187 0.8959945440 -0.3279238343 0.2994323373
-219.2 131.5 2326.7 -0.5965750217 -0.6408116221 -0.4831756353 -0.1814143062 0.6941371560 -0.6966078281 0.7817845941 -0.3279238343 -0.5303573012
53.4 215.9 2576.7 -0.1762718558 0.9540413022 0.2423499078 -0.6286600828 0.0803395510 -0.7735192776 -0.7574396133 -0.2887053788 0.5856060386
10.2 62.1 2391.3 -0.2983789146 0.9540413022 0.0278437342 0.1651494354 0.0803395510 -0.9829909801 -0.9400509000 -0.2887053788 -0.1815310121
-181.8 -160.7 2511.2 0.9797628522 -0.0163850524 0.1994901448 0.0085032927 0.9991513491 0.0403024219 -0.1999811977 -0.0377904922 0.9790706635
-175.5 -548.6 2525.8 0.9798582792 0.0089786844 0.1994922161 -0.0173338838 0.9990422726 0.0401753224 -0.1989404410 -0.0428240970 0.9790754914
-6.1 -168.8 2545.4 0.9567498565 0.0464849025 0.2871738374 -0.0423795357 0.9988912940 -0.0204989016 -0.2878083289 0.0074420287 0.9576591253
-24.2 -556.6 2542.6 0.9544700384 -0.0685640797 0.2903203368 0.0484129786 0.9959287047 0.0760408118 -0.2943520248 -0.0585234053 0.9539034963
-71.0 176.6 2132.4 0 0 0 0 0 0 0 0 0
-63.9 103.1 2157.7 0 0 0 0 0 0 0 0 0
-177.9 -822.4 2537.6 0 0 0 0 0 0 0 0 0
-5.8 -823.7 2558.3 0 0 0 0 0 0 0 0 0
-72.6 411.7 2554.9 0 0.9848778248 0.0405402556 -0.1684403718 -0.0477497913 0.9980987310 -0.0389724411 0.1665401608 0.0464260839 0.9849411249
-80.5 218.2 2545.9 0.9848778248 0.0405402556 -0.1684403718 -0.0477497913 0.9980987310 -0.0389724411 0.1665401608 0.0464260839 0.9849411249
-88.5 24.4 2538.5 0.9848991632 0.0413868763 -0.1681093127 -0.0472294837 0.9984058738 -0.0309047811 0.1665622741 0.0383778103 0.9852837920
-215.0 224.7 2523.2 0.0748169199 -0.6052027941 -0.7925478220 0.4463586509 0.7310343981 -0.5160936117 0.8917210102 -0.3151480258 0.3248312473
-231.3 127.3 2328.5 -0.6279413700 -0.6052027941 -0.4893048704 -0.1950562149 0.7310343981 -0.6538667679 0.7534207106 -0.3151480258 -0.5770953298
54.0 211.7 2568.6 -0.2162938565 0.9601677060 0.1769036502 -0.6301362514 0.0011125394 -0.7764837742 -0.7457515001 -0.2794220746 0.6047958136
3.0 63.0 2392.7 -0.2756433189 0.9601677060 -0.0458115041 0.1677195281 0.0011125394 -0.9858341217 -0.9465151429 -0.2794220746 -0.1613455415
-183.1 -160.6 2512.1 0.9735690355 -0.0191142187 0.2275917381 0.0087865880 0.9988887310 0.0463049673 -0.2282238901 -0.0430813283 0.9726550579
-175.7 -548.4 2528.8 0.9736160040 0.0085964194 0.2280305922 -0.0132472264 0.9997341037 0.0188728087 -0.2278077304 -0.0213956423 0.9734710455
-7.6 -169.2 2546.9 0.9485949278 0.0412487313 0.3137932122 -0.0363438167 0.9991087317 -0.0214676578 -0.3143990338 0.0089596687 0.9492486119
-23.6 -557.1 2543.4 0.9466936588 -0.0615201071 0.3162062764 0.0425431393 0.9968737960 0.0665782616 -0.3193136454 -0.0495768078 0.9463513494
-74.6 175.9 2140.5 0 0 0 0 0 0 0 0 0
-65.1 104.5 2158.9 0 0 0 0 0 0 0 0 0
-178.1 -819.0 2534.6 0 0 0 0 0 0 0 0 0
-7.3 -821.7 2556.5 0 0 0 0 0 0 0 0 0
-71.8 415.3 2550.4 1 0.9819744825 0.0420915484 -0.1842672378 -0.0474056862 0.9985745549 -0.0245275684 0.1829721779 0.0328207612 0.9825701118
-80.0 221.0 2544.0 0.9819744825 0.0420915484 -0.1842672378 -0.0474056862 0.9985745549 -0.0245275684 0.1829721779 0.0328207612 0.9825701118
-88.2 27.2 2539.0 0.9820122123 0.0424937531 -0.1839736849 -0.0465150401 0.9987626076 -0.0175958090 0.1829983294 0.0258368421 0.9827736616
-214.1 227.4 2519.1 0.1250869334 -0.5455718637 -0.8286764026 0.4483073950 0.7761873007 -0.4433438182 0.8850840330 -0.3160452545 0.3416748047
-241.5 129.0 2324.9 -0.6661254168 -0.5455718637 -0.5085551143 -0.1727838814 0.7761873007 -0.6063653827 0.7255499363 -0.3160452545 -0.6113041043
54.2 214.7 2569.0 -0.2212266177 0.9610385299 0.1657217890 -0.6423639655 -0.0157388728 -0.7662380934 -0.7337760329 -0.2759659588 0.6208183765
1.4 61.5 2394.1 -0.2690561414 0.9610385299 -0.0633539259 0.1755629480 -0.0157388728 -0.9843423963 -0.9469881058 -0.2759659588 -0.1644881219
