-54.2 414.0 2531.6 2 0.9355715513 0.1018887162 -0.3381192088 -0.1118884310 0.9936687946 -0.0101620704 0.3349431157 0.0473389700 0.9410484433
-74.2 219.2 2522.3 0.9355715513 0.1018887162 -0.3381192088 -0.1118884310 0.9936687946 -0.0101620704 0.3349431157 0.0473389700 0.9410484433
-93.5 26.2 2515.7 0.9362195730 0.0998760387 -0.3369238675 -0.1055030003 0.9944176674 0.0016161518 0.3352044523 0.0340334065 0.9415305257
-202.0 233.6 2476.6 0.4221867621 -0.3503653705 -0.8360636830 0.4659314156 0.8750090003 -0.1314047873 0.7776029110 -0.3340709805 0.5326634049
-294.4 131.6 2306.4 -0.8573160172 -0.3503653705 -0.3771648705 -0.1559770703 0.8750090003 -0.4582907856 0.4905918539 -0.3340709805 -0.8048081994
53.6 204.7 2568.1 0.0808043554 0.9139525294 0.3976952136 -0.7036347389 0.3349049687 -0.6266871691 -0.7059524059 -0.2291931212 0.6701505184
72.5 40.5 2403.3 -0.3415309489 0.9139525294 0.2191972286 0.3297073245 0.3349049687 -0.8826844096 -0.8801418543 -0.2291931212 -0.4157172441
-194.1 -158.8 2478.8 0.9981945157 -0.0181249175 0.0572642609 0.0137960175 0.9970801473 0.0751059428 -0.0584583469 -0.0741803199 0.9955299497
-187.1 -545.8 2507.6 0.9981867075 -0.0187691394 0.0571923964 0.0142141310 0.9967705607 0.0790344328 -0.0584911034 -0.0780781806 0.9952298999
-27.0 -177.5 2539.9 0.9913099408 -0.0018776907 0.1315336525 0.0053129741 0.9996537566 -0.0257710721 -0.1314397156 0.0262459554 0.9909766912
-26.3 -565.5 2529.7 0.9888534546 -0.0725785047 0.1300047934 0.0579483174 0.9919053912 0.1129852012 -0.1371527612 -0.1041922420 0.9850548506
-79.0 170.8 2183.2 0 0 0 0 0 0 0 0 0
-12.7 122.7 2183.8 0 0 0 0 0 0 0 0 0
-181.8 -829.8 2529.8 0 0 0 0 0 0 0 0 0
-7.2 -826.9 2557.2 0 0 0 0 0 0 0 0 0
-56.7 415.6 2538.8 3 0.9301052690 0.1055689529 -0.3517944813 -0.1225236505 0.9921192527 -0.0262167230 0.3462544084 0.0674874559 0.9357100725
-77.4 221.3 2525.6 0.9301052690 0.1055689529 -0.3517944813 -0.1225236505 0.9921192527 -0.0262167230 0.3462544084 0.0674874559 0.9357100725
-97.0 28.5 2516.2 0.9312248826 0.1012900099 -0.3500864804 -0.1117757186 0.9936849475 -0.0098203579 0.3468809724 0.0482761301 0.9366658926
-204.5 236.6 2478.2 0.4029836059 -0.4445076883 -0.8000106812 0.5414674282 0.8205279708 -0.1831581742 0.7378463745 -0.3593699932 0.5713457465
-289.8 122.1 2322.1 -0.8169142008 -0.4445076883 -0.3675106764 -0.2067285180 0.8205279708 -0.5329138637 0.5384370685 -0.3593699932 -0.7621933222
49.8 206.1 2572.9 0.0752463564 0.9115788341 0.4041806757 -0.6552135348 0.3507463038 -0.6690831184 -0.7516869307 -0.2144785821 0.6236711740
68.0 47.8 2391.4 -0.3334745467 0.9115788341 0.2404552996 0.3256949782 0.3507463038 -0.8780090213 -0.8847132325 -0.2144785821 -0.4138616025
-196.7 -157.4 2479.1 0.9986326694 -0.0293076523 0.0432880521 0.0262671523 0.9972561598 0.0692107826 -0.0451976843 -0.0679790974 0.9966624379
-185.3 -544.5 2505.5 0.9989345074 -0.0171862412 0.0428310186 0.0135148810 0.9963251352 0.0845789760 -0.0441272147 -0.0839100033 0.9954957962
-29.0 -176.3 2539.1 0.9930417538 -0.0077383937 0.1175082773 0.0103241242 0.9997174144 -0.0214119349 -0.1173093766 0.0224761162 0.9928410649
-26.0 -564.4 2530.4 0.9904344678 -0.0751763284 0.1157069802 0.0637116283 0.9929674864 0.0997818261 -0.1223945022 -0.0914554819 0.9882588387
-84.2 174.1 2186.6 0 0 0 0 0 0 0 0 0
-15.9 129.8 2168.8 0 0 0 0 0 0 0 0 0
-180.4 -827.0 2529.3 0 0 0 0 0 0 0 0 0
-6.1 -828.3 2554.7 0 0 0 0 0 0 0 0 0
-55.5 417.5 2541.9 4 0.9343152642 0.1111594513 -0.3386717439 -0.1299413592 0.9909650087 -0.0332211852 0.3319190145 0.0750465319 0.9403179288
-77.3 223.4 2527.2 0.9343152642 0.1111594513 -0.3386717439 -0.1299413592 0.9909650087 -0.0332211852 0.3319190145 0.0750465319 0.9403179288
-97.7 30.7 2516.6 0.9356722236 0.1053771153 -0.3367686272 -0.1175087169 0.9929463863 -0.0157847796 0.3327298462 0.0543426313 0.9414551258
-205.1 239.5 2481.7 0.3425353169 -0.5022221804 -0.7940040231 0.5705342889 0.7826463580 -0.2489083260 0.7464316487 -0.3677466214 0.5546189547
-276.1 121.1 2326.8 -0.7822824121 -0.5022221804 -0.3685201108 -0.2299678922 0.7826463580 -0.5784284472 0.5789204836 -0.3677466214 -0.7277454734
50.5 207.4 2572.6 0.0593180098 0.9133444428 0.4028439522 -0.6580212116 0.3392423987 -0.6722519398 -0.7506593466 -0.2252032161 0.6211231947
64.8 49.6 2392.7 -0.3356560469 0.9133444428 0.2305144221 0.3141629696 0.3392423987 -0.8866883516 -0.8880521655 -0.2252032161 -0.4008077681
-200.0 -154.4 2475.8 0.9973636866 -0.0448470339 0.0570471808 0.0402515791 0.9960377812 0.0793005973 -0.0603775419 -0.0767953023 0.9952170849
-182.6 -541.0 2505.6 0.9983418584 -0.0085158926 0.0569300316 0.0038311274 0.9966333508 0.0818978623 -0.0574358031 -0.0815439522 0.9950134158
-33.2 -174.4 2537.9 0.9911699295 -0.0177326333 0.1314067096 0.0202130675 0.9996413589 -0.0175661575 -0.1310480982 0.0200671796 0.9911729097
-26.3 -562.5 2530.1 0.9887625575 -0.0765644163 0.1283998787 0.0638461262 0.9928961396 0.1004039049 -0.1351751089 -0.0910777897 0.9866268635
-78.7 179.1 2180.8 0 0 0 0 0 0 0 0 0
-20.1 129.0 2168.2 0 0 0 0 0 0 0 0 0
-180.1 -830.3 2529.3 0 0 0 0 0 0 0 0 0
-6.0 -825.5 2554.2 0 0 0 0 0 0 0 0 0
-56.1 417.5 2543.4 5 0.9368832707 0.1133800596 -0.3307487071 -0.1335115135 0.9902907014 -0.0387166739 0.3231476545 0.0804317668 0.9429243207
-78.2 223.9 2527.7 0.9368832707 0.1133800596 -0.3307487071 -0.1335115135 0.9902907014 -0.0387166739 0.3231476545 0.0804317668 0.9429243207
-99.2 31.3 2516.3 0.9382484555 0.1080842167 -0.3286451101 -0.1212892234 0.9924180508 -0.0198837686 0.3240042031 0.0585170239 0.9442441463
-206.4 240.5 2483.4 0.2980596125 -0.5400486588 -0.7870882750 0.5987414718 0.7479608655 -0.2864667177 0.7434171438 -0.3858782649 0.5462864637
-266.4 119.9 2333.7 -0.7490574121 -0.5400486588 -0.3837452531 -0.2181016356 0.7479608655 -0.6268861294 0.6255754232 -0.3858782649 -0.6780511141
49.9 207.3 2572.0 0.0133024538 0.9298213720 0.3677706420 -0.6436727047 0.2894254327 -0.7084619403 -0.7651852369 -0.2272996604 0.6023507118
53.2 50.0 2384.9 -0.3094455004 0.9298213720 0.1991875917 0.2805892825 0.2894254327 -0.9151516557 -0.9085775614 -0.2272996604 -0.3504593074
-201.9 -151.5 2476.3 0.9963879585 -0.0540080294 0.0655302852 0.0486840233 0.9955821633 0.0802873746 -0.0695769489 -0.0768070966 0.9946153760
-181.0 -538.0 2506.1 0.9978520274 -0.0048426893 0.0653287992 -0.0006629931 0.9964661598 0.0839927420 -0.0655046850 -0.0838556439 0.9943225384
-34.3 -172.6 2535.9 0.9899439812 -0.0222782921 0.1396947056 0.0239125658 0.9996637106 -0.0100311562 -0.1394242495 0.0132707413 0.9901438355
-25.7 -560.7 2530.7 0.9883510470 -0.0671076253 0.1365969628 0.0544158854 0.9940252304 0.0946190581 -0.1421304941 -0.0860837996 0.9860976338
-77.2 175.0 2175.6 0 0 0 0 0 0 0 0 0
-25.1 121.0 2155.0 0 0 0 0 0 0 0 0 0
-179.6 -829.0 2530.6 0 0 0 0 0 0 0 0 0
-7.7 -826.7 2553.8 0 0 0 0 0 0 0 0 0
-60.0 414.8 2544.7 6 0.9361400604 0.0993392691 -0.3373032212 -0.1225420982 0.9912945032 -0.0481528230 0.3295833468 0.0864116326 0.9401637316
-79.4 221.5 2527.8 0.9361400604 0.0993392691 -0.3373032212 -0.1225420982 0.9912945032 -0.0481528230 0.3295833468 0.0864116326 0.9401637316
-97.8 28.6 2516.0 0.9373794794 0.0948627889 -0.3351428509 -0.1098743379 0.9936034679 -0.0260723215 0.3305258155 0.0612632595 0.9418064952
-207.5 236.5 2482.7 0.2107952982 -0.5918853283 -0.7779698372 0.6062887907 0.7034478188 -0.3709110916 0.7667980194 -0.3934881091 0.5071369410
-248.8 117.5 2332.2 -0.7102278471 -0.5918853283 -0.3811143637 -0.2243391871 0.7034478188 -0.6744131446 0.6672692895 -0.3934881091 -0.6323913336
48.6 206.5 2573.0 -0.1013006642 0.9755454063 0.1950623840 -0.5762503743 0.1022925898 -0.8108462691 -0.8109707832 -0.1945440471 0.5517961383
24.0 66.2 2375.6 -0.2141246051 0.9755454063 0.0496166907 0.2424924225 0.1022925898 -0.9647454023 -0.9462283254 -0.1945440471 -0.2584657371
-204.2 -150.5 2476.0 0.9962536097 -0.0653881952 0.0565967038 0.0601208359 0.9941040874 0.0902362242 -0.0621633977 -0.0864955261 0.9943109155
-178.9 -536.4 2509.6 0.9983345866 -0.0023360772 0.0576417074 -0.0019521250 0.9972395301 0.0742258132 -0.0576559864 -0.0742147192 0.9955741763
-36.1 -172.2 2534.0 0.9907242656 -0.0304343011 0.1324354559 0.0310484041 0.9995145798 -0.0025739467 -0.1322928220 0.0066619809 0.9911882877
-24.3 -560.3 2531.4 0.9899451733 -0.0586670525 0.1287117153 0.0462039374 0.9941362739 0.0977663770 -0.1336926520 -0.0908363685 0.9868510962
-69.2 174.2 2163.5 0 0 0 0 0 0 0 0 0
-29.1 126.3 2140.9 0 0 0 0 0 0 0 0 0
-178.2 -826.3 2531.1 0 0 0 0 0 0 0 0 0
-8.4 -831.1 2556.2 0 0 0 0 0 0 0 0 0
-61.1 415.3 2544.3 7 0.9364723563 0.0959746987 -0.3373550177 -0.1202292815 0.9913988709 -0.0517027788 0.3294912279 0.0889781713 0.9399566054
-79.8 222.6 2527.0 0.9364723563 0.0959746987 -0.3373550177 -0.1202292815 0.9913988709 -0.0517027788 0.3294912279 0.0889781713 0.9399566054
-97.9 29.7 2515.0 0.9375507236 0.0935520977 -0.3350322843 -0.1089343727 0.9936719537 -0.0273746923 0.3303512037 0.0621616915 0.9418088794
-207.8 237.5 2481.9 0.1194901839 -0.6733099818 -0.7296408415 0.6197031140 0.6247504950 -0.4750314355 0.7756868601 -0.3953991234 0.4919038713
-231.5 114.8 2328.3 -0.6449832916 -0.6733099818 -0.3614556193 -0.2348717302 0.6247504950 -0.7446624041 0.7272082567 -0.3953991234 -0.5610951185
48.3 207.7 2572.2 -0.1724898517 0.9837498069 0.0498358794 -0.5559016466 -0.0554548539 -0.8293962479 -0.8131547570 -0.1707662791 0.5564334989
6.7 73.6 2376.0 -0.1580477655 0.9837498069 -0.0851895884 0.1838116199 -0.0554548539 -0.9813959599 -0.9701722264 -0.1707662791 -0.1720601171
-200.2 -154.4 2474.5 0.9967544079 -0.0570980236 0.0567493476 0.0520777293 0.9949056506 0.0863171369 -0.0613887832 -0.0830816105 0.9946501255
-178.0 -540.6 2506.7 0.9983623624 0.0068340385 0.0567968749 -0.0116831725 0.9962706566 0.0854886472 -0.0560008250 -0.0860122144 0.9947189689
-32.3 -174.1 2533.7 0.9907726645 -0.0286015738 0.1324820518 0.0291358884 0.9995732903 -0.0020959296 -0.1323655695 0.0059365719 0.9911831617
-21.2 -562.1 2531.4 0.9907890558 -0.0411558114 0.1290086806 0.0287412200 0.9949027300 0.0966566205 -0.1323290616 -0.0920584574 0.9869216084
-72.9 172.6 2149.5 0 0 0 0 0 0 0 0 0
-32.6 119.3 2135.0 0 0 0 0 0 0 0 0 0
-180.0 -829.6 2531.7 0 0 0 0 0 0 0 0 0
-10.0 -832.7 2556.4 0 0 0 0 0 0 0 0 0
-61.3 411.9 2536.2 8 0.9406832457 0.0931230709 -0.3262561560 -0.1114258021 0.9930526614 -0.0378238857 0.3204672635 0.0719336495 0.9445243478
-79.4 218.9 2522.2 0.9406832457 0.0931230709 -0.3262561560 -0.1114258021 0.9930526614 -0.0378238857 0.3204672635 0.0719336495 0.9445243478
-96.9 25.9 2512.9 0.9416784048 0.0899869353 -0.3242593408 -0.1006225795 0.9947936535 -0.0161465779 0.3211181462 0.0478326976 0.9458304048
-208.0 232.7 2478.3 0.0573471263 -0.6486279964 -0.7589420676 0.5935851336 0.6333845854 -0.4964681864 0.8027253747 -0.4220256805 0.4213387072
-219.6 113.6 2317.2 -0.6524883509 -0.6486279964 -0.3918427527 -0.1772793829 0.6333845854 -0.7532569170 0.7367706895 -0.4220256805 -0.5282644629
49.2 205.2 2566.0 -0.1444052607 0.9795507789 0.1400976032 -0.5843743682 0.0298334807 -0.8109356165 -0.7985322475 -0.1989728212 0.5681162477
14.4 64.0 2373.2 -0.2011181861 0.9795507789 -0.0056300443 0.1728642881 0.0298334807 -0.9844937325 -0.9641936421 -0.1989728212 -0.1753294170
-200.1 -153.4 2473.3 0.9966124296 -0.0460885465 0.0681138188 0.0398343503 0.9951007366 0.0904859230 -0.0719504729 -0.0874661282 0.9935656786
-182.2 -539.7 2507.3 0.9976132512 -0.0094364611 0.0684012398 0.0036487884 0.9964380264 0.0842494816 -0.0689526126 -0.0837988183 0.9940941930
-32.1 -172.9 2532.5 0.9892036915 -0.0288730320 0.1436746418 0.0274947118 0.9995549917 0.0115699898 -0.1439447552 -0.0074947844 0.9895573258
-20.9 -560.9 2535.4 0.9890242815 -0.0429823436 0.1413630992 0.0318756476 0.9962918162 0.0799159706 -0.1442738622 -0.0745327920 0.9867268801
-56.8 157.8 2133.4 0 0 0 0 0 0 0 0 0
-36.1 107.4 2131.3 0 0 0 0 0 0 0 0 0
-179.4 -828.5 2531.6 0 0 0 0 0 0 0 0 0
-9.4 -825.9 2555.2 0 0 0 0 0 0 0 0 0
-59.4 408.4 2533.1 9 0.9454450011 0.0925067961 -0.3123719990 -0.1072266921 0.9937745929 -0.0302396826 0.3076300025 0.0620845705 0.9494784474
-77.4 215.2 2521.0 0.9454450011 0.0925067961 -0.3123719990 -0.1072266921 0.9937745929 -0.0302396826 0.3076300025 0.0620845705 0.9494784474
-94.2 22.0 2512.7 0.9464736581 0.0867800117 -0.3108968735 -0.0958143696 0.9953024983 -0.0138740866 0.3082324564 0.0429198481 0.9503423572
-206.7 228.3 2478.9 0.1143052429 -0.5858690739 -0.8023040295 0.5833895206 0.6932661533 -0.4231297374 0.8041087985 -0.4196898043 0.4210337996
-229.4 112.3 2319.0 -0.6790754199 -0.5858690739 -0.4422827661 -0.1373320669 0.6932661533 -0.7074757814 0.7211078405 -0.4196898043 -0.5512385964
51.9 202.1 2563.1 -0.1768130362 0.9792971611 0.0985608175 -0.6308113337 -0.0358834751 -0.7751060724 -0.7555224299 -0.1992221326 0.6240964532
10.8 55.5 2387.5 -0.1912714690 0.9792971611 -0.0662745163 0.1581849903 -0.0358834751 -0.9867572784 -0.9687067270 -0.1992221326 -0.1480466276
-198.7 -158.2 2474.8 0.9956766367 -0.0446054079 0.0814764053 0.0364594162 0.9944325686 0.0988664404 -0.0854327679 -0.0954684168 0.9917595387
-181.3 -544.3 2511.9 0.9965379834 -0.0086404439 0.0826886520 0.0027492670 0.9974657297 0.0710955858 -0.0830933973 -0.0706221163 0.9940361977
-29.9 -176.3 2532.4 0.9873194695 -0.0196498241 0.1575251669 0.0175712779 0.9997393489 0.0145769659 -0.1577705443 -0.0116242040 0.9874073863
-22.3 -564.4 2536.9 0.9862182140 -0.0544334501 0.1562388539 0.0441783555 0.9966808558 0.0683778524 -0.1594423205 -0.0605331101 0.9853496552
-61.7 146.2 2141.0 0 0 0 0 0 0 0 0 0
-37.4 95.4 2143.3 0 0 0 0 0 0 0 0 0
-178.9 -827.2 2531.9 0 0 0 0 0 0 0 0 0
-8.0 -826.3 2552.8 0 0 0 0 0 0 0 0 0
-57.9 409.2 2532.5 0 0.9390276074 0.1000301316 -0.3289697170 -0.1134755909 0.9932999015 -0.0218767822 0.3245772421 0.0578729361 0.9440870285
-77.4 215.5 2521.2 0.9390276074 0.1000301316 -0.3289697170 -0.1134755909 0.9932999015 -0.0218767822 0.3245772421 0.0578729361 0.9440870285
-95.3 22.3 2513.4 0.9402981400 0.0922695249 -0.3276061416 -0.1003397703 0.9949228168 -0.0077783735 0.3252251148 0.0401859134 0.9447823763
-205.8 229.2 2476.8 0.1797610372 -0.4935160279 -0.8509570360 0.5833223462 0.7500281930 -0.3117575645 0.7920991182 -0.4403403699 0.4227047563
-242.3 110.7 2315.9 -0.7393590808 -0.4935160279 -0.4580284655 -0.0951639935 0.7500281930 -0.6545239091 0.6665523052 -0.4403403699 -0.6015051007
51.1 201.8 2565.7 -0.1681726426 0.9753924012 0.1425750107 -0.6807548404 -0.0103106089 -0.7324387431 -0.7129451632 -0.2202347964 0.6657370925
12.3 44.8 2401.3 -0.2154834867 0.9753924012 -0.0466533639 0.1667898595 -0.0103106089 -0.9859385490 -0.9621580243 -0.2202347964 -0.1604637951
-195.8 -162.6 2476.7 0.9971455336 -0.0383661464 0.0650290549 0.0321913734 0.9951009154 0.0934767202 -0.0682968125 -0.0911165252 0.9934955239
-180.9 -548.9 2512.1 0.9978495836 0.0012816211 0.0655327514 -0.0065509058 0.9967527986 0.0802554339 -0.0652171001 -0.0805121511 0.9946177602
-26.2 -179.8 2531.9 0.9900102615 -0.0131761990 0.1403784007 0.0120084165 0.9998859167 0.0091626691 -0.1404831111 -0.0073854146 0.9900555015
-21.1 -568.0 2534.8 0.9893439412 -0.0440287776 0.1387806237 0.0312549956 0.9951834083 0.0929147527 -0.1422030926 -0.0875870585 0.9859547615
-58.0 134.4 2149.7 0 0 0 0 0 0 0 0 0
-41.5 86.4 2161.2 0 0 0 0 0 0 0 0 0
-181.3 -828.5 2534.7 0 0 0 0 0 0 0 0 0
-9.2 -837.1 2558.5 0 0 0 0 0 0 0 0 0
-58.7 407.8 2538.7 1 0.9312279224 0.0964480117 -0.3514431715 -0.1181999370 0.9921463728 -0.0409185290 0.3447365761 0.0796450377 0.9353145957
-77.4 215.3 2523.3 0.9312279224 0.0964480117 -0.3514431715 -0.1181999370 0.9921463728 -0.0409185290 0.3447365761 0.0796450377 0.9353145957
-95.1 22.3 2512.5 0.9324628711 0.0914571509 -0.3494976461 -0.1051452756 0.9942485690 -0.0203518514 0.3456262350 0.0557253733 0.9367161989
-204.7 229.7 2476.1 0.2979997098 -0.4012837410 -0.8661221266 0.5824191570 0.7953194380 -0.1680918038 0.7562962770 -0.4543548226 0.4707203209
-265.4 111.2 2322.2 -0.7998316288 -0.4012837410 -0.4463638663 -0.0625262260 0.7953194380 -0.6029572487 0.5969588161 -0.4543548226 -0.6612124443
50.0 200.9 2570.5 -0.0799143389 0.9290410280 0.3612430096 -0.7084048986 0.2020236105 -0.6762757897 -0.7012676001 -0.3099504411 0.6419926286
31.2 35.0 2406.2 -0.3451547921 0.9290410280 0.1332328022 0.1715768278 0.2020236105 -0.9642343521 -0.9227294326 -0.3099504411 -0.2291313261
-197.4 -161.8 2476.5 0.9983885288 -0.0387149826 0.0414910838 0.0347981229 0.9952161312 0.0912901685 -0.0448268913 -0.0896992460 0.9949595928
-182.4 -548.2 2511.3 0.9991027713 -0.0056939670 0.0419663563 0.0023636019 0.9968730807 0.0789842382 -0.0422848649 -0.0788141787 0.9959921241
-29.0 -179.8 2534.7 0.9928218126 -0.0242060293 0.1171277836 0.0237169527 0.9997032285 0.0055677532 -0.1172277927 -0.0027498731 0.9931012392
-19.6 -567.9 2535.8 0.9927650690 -0.0344566070 0.1150230989 0.0253997929 0.9965274334 0.0792964771 -0.1173559651 -0.0758012086 0.9901927710
-66.0 126.8 2173.4 0 0 0 0 0 0 0 0 0
-54.8 77.8 2176.0 0 0 0 0 0 0 0 0 0
-180.8 -825.8 2533.2 0 0 0 0 0 0 0 0 0
-10.4 -834.4 2556.1 0 0 0 0 0 0 0 0 0
-51.4 404.5 2535.4 2 0.9275681973 0.1154833063 -0.3553600907 -0.1320489347 0.9909847975 -0.0226310939 0.3495429456 0.0679168031 0.9344554543
-73.8 211.7 2522.1 0.9275681973 0.1154833063 -0.3553600907 -0.1320489347 0.9909847975 -0.0226310939 0.3495429456 0.0679168031 0.9344554543
-94.1 18.9 2512.6 0.9294492006 0.1044119820 -0.3538676500 -0.1150752231 0.9933145046 -0.0091634346 0.3505451083 0.0492383465 0.9352506399
-200.8 227.5 2474.3 0.4260925055 -0.3263717890 -0.8437574506 0.5655670166 0.8240364194 -0.0331355408 0.7061013579 -0.4630825818 0.5357008576
-287.7 112.1 2330.2 -0.8448653221 -0.3263717890 -0.4238915145 -0.0346097723 0.8240364194 -0.5654787421 0.5338583589 -0.4630825818 -0.7074954510
53.1 196.0 2570.0 -0.0488846749 0.8893562555 0.4545940757 -0.7342180014 0.2765692174 -0.6200269461 -0.6771515608 -0.3640809655 0.6394613981
42.0 29.2 2416.2 -0.4202139676 0.8893562555 0.1801823974 0.1806230992 0.2765692174 -0.9438669086 -0.8892668486 -0.3640809655 -0.2768565118
-196.3 -161.2 2470.7 0.9986140132 -0.0363692529 0.0380438380 0.0321459658 0.9938173890 0.1062717512 -0.0416736491 -0.1049015000 0.9936090708
-182.2 -547.0 2511.4 0.9992208481 -0.0037390303 0.0392906331 0.0009207674 0.9974399209 0.0715032518 -0.0394573994 -0.0714113638 0.9966661930
-29.3 -180.1 2532.6 0.9932438135 -0.0269488152 0.1128738970 0.0262742154 0.9996269345 0.0074601844 -0.1130328327 -0.0044441088 0.9935812950
-18.8 -568.2 2534.3 0.9935056567 -0.0273445379 0.1104480177 0.0179868918 0.9962314367 0.0848490596 -0.1123519465 -0.0823114067 0.9902534485
-75.7 120.8 2196.3 0 0 0 0 0 0 0 0 0
-63.4 74.5 2193.2 0 0 0 0 0 0 0 0 0
-181.2 -823.9 2531.2 0 0 0 0 0 0 0 0 0
-11.5 -834.2 2556.3 0 0 0 0 0 0 0 0 0
-47.8 406.4 2539.7 3 0.9257915020 0.1154108047 -0.3599867821 -0.1354404092 0.9903057814 -0.0308277532 0.3529391289 0.0772968307 0.9324479699
-70.3 213.1 2524.6 0.9257915020 0.1154108047 -0.3599867821 -0.1354404092 0.9903057814 -0.0308277532 0.3529391289 0.0772968307 0.9324479699
-90.7 20.5 2513.2 0.9276145101 0.1051073223 -0.3584463894 -0.1190466508 0.9927435517 -0.0169754270 0.3540610969 0.0584184937 0.9333959818
-197.0 229.4 2476.2 0.4964595735 -0.2816594243 -0.8210943341 0.5563337207 0.8293371797 0.0518899895 0.6663487554 -0.4825637639 0.5684289932
-301.7 112.1 2335.7 -0.8791559339 -0.2816594243 -0.3843862414 -0.0215840209 0.8293371797 -0.5583313704 0.4760451019 -0.4825637639 -0.7351960540
56.4 196.9 2572.9 -0.0230498295 0.8549084067 0.5182666779 -0.7630013824 0.3199275434 -0.5616718531 -0.6459857821 -0.4083846211 0.6449220181
51.2 24.2 2426.7 -0.4818643928 0.8549084067 0.1921934783 0.1980639398 0.3199275434 -0.9265080094 -0.8535674214 -0.4083846211 -0.3234882057
-197.6 -163.5 2471.6 0.9989120960 -0.0327157825 0.0332318246 0.0292797089 0.9946479201 0.0990867093 -0.0362956636 -0.0980058908 0.9945237637
-184.9 -549.7 2509.7 0.9993244410 -0.0136757754 0.0341115668 0.0111934915 0.9973470569 0.0719276369 -0.0350047350 -0.0714972243 0.9968263507
-31.1 -184.2 2534.4 0.9935782552 -0.0333845913 0.1081100181 0.0340550803 0.9994104505 -0.0043610991 -0.1079006866 0.0080147889 0.9941293597
-18.1 -572.1 2531.3 0.9942172170 -0.0250275154 0.1044306681 0.0155035034 0.9957271218 0.0910338536 -0.1062628031 -0.0888883844 0.9903570414
-79.3 117.6 2215.3 0 0 0 0 0 0 0 0 0
-70.0 74.0 2211.9 0 0 0 0 0 0 0 0 0
-181.1 -825.0 2529.4 0 0 0 0 0 0 0 0 0
-11.5 -836.5 2554.9 0 0 0 0 0 0 0 0 0
-41.8 409.8 2540.3 4 0.9172187448 0.1298916787 -0.3766137064 -0.1455288976 0.9892655015 -0.0132349925 0.3708518445 0.0669475570 0.9262758493
-67.2 216.1 2527.2 0.9172187448 0.1298916787 -0.3766137064 -0.1455288976 0.9892655015 -0.0132349925 0.3708518445 0.0669475570 0.9262758493
-89.9 23.6 2516.8 0.9193604589 0.1168897972 -0.3756503463 -0.1283371598 0.9917153120 -0.0055016493 0.3718951046 0.0532678925 0.9267451167
-192.8 233.6 2476.4 0.5380009413 -0.2441388518 -0.8068155050 0.5519646406 0.8254349828 0.1182881892 0.6370949745 -0.5089727640 0.5788407922
-312.0 111.3 2335.2 -0.9119495749 -0.2441388518 -0.3297637999 -0.0169460047 0.8254349828 -0.5642427802 0.4099521637 -0.5089727640 -0.7568922639
58.4 198.6 2578.0 0.0027379049 0.8300299048 0.5577121377 -0.7862054110 0.3464325964 -0.5117279291 -0.6179591417 -0.4370752573 0.6535225511
59.0 20.5 2438.0 -0.5230395198 0.8300299048 0.1935975850 0.2114866525 0.3464325964 -0.9139243960 -0.8256531358 -0.4370752573 -0.3567381799
-194.2 -161.6 2470.2 0.9998272657 -0.0085896049 0.0164826848 0.0070108743 0.9955893159 0.0935561061 -0.0172135942 -0.0934243798 0.9954775572
-190.8 -548.0 2506.4 0.9990846515 -0.0394210108 0.0166099798 0.0380002186 0.9961836934 0.0785752758 -0.0196441077 -0.0778721645 0.9967697859
-28.0 -182.9 2533.6 0.9956869483 -0.0220055338 0.0901292041 0.0231750589 0.9996600151 -0.0119500896 -0.0898355916 0.0139872972 0.9958583713
-19.4 -571.0 2528.2 0.9954147935 -0.0392377079 0.0872342810 0.0308223981 0.9949228764 0.0958043039 -0.0905505270 -0.0926762521 0.9915703535
-81.8 115.6 2231.8 0 0 0 0 0 0 0 0 0
-73.0 73.9 2229.6 0 0 0 0 0 0 0 0 0
-179.7 -829.1 2528.4 0 0 0 0 0 0 0 0 0
-9.3 -828.2 2552.1 0 0 0 0 0 0 0 0 0
-44.6 401.1 2534.6 5 0.9154639244 0.1149694324 -0.3856265545 -0.1238235310 0.9923024774 0.0018890827 0.3828753531 0.0460202545 0.9226530194
-67.1 206.9 2525.6 0.9154639244 0.1149694324 -0.3856265545 -0.1238235310 0.9923024774 0.0018890827 0.3828753531 0.0460202545 0.9226530194
-87.0 14.0 2519.3 0.9173033237 0.1023663878 -0.3848060966 -0.1070107892 0.9942135215 0.0093883518 0.3835404813 0.0325664356 0.9229496717
-192.4 221.5 2473.3 0.6446062922 -0.1940187216 -0.7394859195 0.4915634692 0.8459969759 0.2065294981 0.5855323076 -0.4966344833 0.6407075524
-339.2 109.6 2339.9 -0.9359631538 -0.1940187216 -0.2938192487 -0.0080090137 0.8459969759 -0.5331274867 0.3520069122 -0.4966344833 -0.7933759093
58.2 192.3 2578.0 0.0458488539 0.7987957001 0.5998527408 -0.8077855706 0.3829170763 -0.4481707811 -0.5876907110 -0.4640042484 0.6628119349
68.2 15.4 2449.3 -0.5662828088 0.7987957001 0.2030990124 0.2181983590 0.3829170763 -0.8976435661 -0.7948039174 -0.4640042484 -0.3911352754
-194.9 -157.4 2473.2 0.9999192357 -0.0112095866 0.0059842039 0.0107831908 0.9976899028 0.0670718029 -0.0067222267 -0.0670018569 0.9977301955
-190.6 -544.5 2499.2 0.9991586804 -0.0406255648 0.0056104301 0.0398618579 0.9941874743 0.1000112295 -0.0096408324 -0.0997034460 0.9949705005
-30.2 -180.4 2539.8 0.9963397384 -0.0250417758 0.0817316547 0.0280214865 0.9989761710 -0.0355160199 -0.0807585940 0.0376762636 0.9960213304
-20.5 -568.1 2525.2 0.9956792593 -0.0510657169 0.0775571316 0.0431151278 0.9939581752 0.1009365246 -0.0822429433 -0.0971565172 0.9918652773
-102.8 111.6 2251.0 0 0 0 0 0 0 0 0 0
-74.9 70.5 2248.4 0 0 0 0 0 0 0 0 0
-179.0 -827.4 2527.5 0 0 0 0 0 0 0 0 0
-7.1 -829.2 2550.7 0 0 0 0 0 0 0 0 0
-45.4 394.2 2531.3 6 0.9129003882 0.1120739654 -0.3924950063 -0.1169973239 0.9930663705 0.0114395926 0.3910556436 0.0354776569 0.9196829796
-67.3 200.7 2524.4 0.9129003882 0.1120739654 -0.3924950063 -0.1169973239 0.9930663705 0.0114395926 0.3910556436 0.0354776569 0.9196829796
-87.1 7.7 2520.0 0.9144262671 0.1020912826 -0.3916656375 -0.1028361917 0.9945142269 0.0191365033 0.3914707303 0.0227784831 0.9199085832
-192.2 214.8 2470.9 0.6793260574 -0.1047004983 -0.7263290286 0.4040104747 0.8796252608 0.2510675490 0.6126104593 -0.4640012681 0.6398524642
-347.1 122.6 2331.2 -0.9534096718 -0.1047004983 -0.2829272151 0.0439540558 0.8796252608 -0.4736321568 0.2984594405 -0.4640012681 -0.8340412378
57.6 186.7 2577.9 0.0569205470 0.7919571996 0.6079176664 -0.8205236197 0.3839984834 -0.4234220088 -0.5687715411 -0.4747093618 0.6716769338
69.8 11.3 2456.2 -0.5819636583 0.7919571996 0.1847218275 0.2395146787 0.3839984834 -0.8917274475 -0.7771428823 -0.4747093618 -0.4131585360
-189.0 -169.3 2478.7 0.9999938011 0.0032813314 -0.0012631329 -0.0032431891 0.9995712638 0.0290988125 0.0013580743 -0.0290945359 0.9995757341
-190.3 -557.0 2490.0 0.9991973639 -0.0400470831 -0.0008973993 0.0397875048 0.9896275997 0.1380367428 -0.0046398775 -0.1379616559 0.9904267192
-24.7 -188.5 2547.3 0.9970842004 -0.0140157314 0.0750113726 0.0185568221 0.9980145097 -0.0601883419 -0.0740188584 0.0614048168 0.9953646064
-19.3 -575.8 2523.5 0.9965937734 -0.0408846363 0.0716191009 0.0330570713 0.9936813712 0.1072594970 -0.0755518302 -0.1045266315 0.9916481972
-108.3 111.6 2256.5 0 0 0 0 0 0 0 0 0
-77.0 71.7 2260.3 0 0 0 0 0 0 0 0 0
-179.5 -825.4 2527.4 0 0 0 0 0 0 0 0 0
-9.0 -826.0 2549.8 0 0 0 0 0 0 0 0 0
-43.7 393.6 2539.1 7 0.9075542688 0.1132160947 -0.4043850899 -0.1249238178 0.9921629429 -0.0025874546 0.4009229839 0.0528655872 0.9145851731
-65.7 200.5 2528.8 0.9075542688 0.1132160947 -0.4043850899 -0.1249238178 0.9921629429 -0.0025874546 0.4009229839 0.0528655872 0.9145851731
-85.5 7.5 2521.9 0.9094159603 0.1018858403 -0.4032145143 -0.1077329889 0.9941458702 0.0082221422 0.4016917646 0.0359621570 0.9150685668
-189.9 215.2 2474.0 0.6974695921 -0.0114084519 -0.7165235877 0.3507396281 0.8773611188 0.3274433613 0.6249143481 -0.4796949923 0.6159340739
-357.8 130.8 2323.5 -0.9628160000 -0.0114084519 -0.2699169219 0.1198562458 0.8773611188 -0.4646202028 0.2421152145 -0.4796949923 -0.8433699608
58.5 185.7 2583.7 0.1522616446 0.7476926446 0.6463528872 -0.8390380740 0.4434113801 -0.3152799904 -0.5223327875 -0.4943096340 0.6948571205
91.2 5.9 2471.7 -0.6262579560 0.7476926446 0.2208091468 0.2233299613 0.4434113801 -0.8680495620 -0.7469435930 -0.4943096340 -0.4446720779
-188.9 -176.1 2480.5 0.9998735189 0.0079749608 -0.0137614990 -0.0075396597 0.9994785190 0.0313988999 0.0140047269 -0.0312911719 0.9994121790
-192.0 -563.9 2492.6 0.9989158511 -0.0447275713 -0.0129041327 0.0460291728 0.9904162884 0.1302186400 0.0069560995 -0.1306714416 0.9914013147
-25.0 -194.5 2550.6 0.9978783727 -0.0183327720 0.0624717548 0.0228460804 0.9971201420 -0.0723147914 -0.0609661192 0.0735886022 0.9954234362
-17.9 -581.5 2522.1 0.9980082512 -0.0253967699 0.0577456430 0.0181983951 0.9923719168 0.1219294220 -0.0604017712 -0.1206356883 0.9908575416
-116.1 100.7 2262.8 0 0 0 0 0 0 0 0 0
-67.1 62.3 2283.0 0 0 0 0 0 0 0 0 0
-180.3 -821.6 2526.6 0 0 0 0 0 0 0 0 0
-11.4 -834.9 2552.9 0 0 0 0 0 0 0 0 0
-46.7 389.0 2542.6 8 0.9129152894 0.0971651375 -0.3964147270 -0.1104553714 0.9938226938 -0.0107752839 0.3929189742 0.0536230579 0.9180083275
-65.5 196.6 2532.2 0.9129152894 0.0971651375 -0.3964147270 -0.1104553714 0.9938226938 -0.0107752839 0.3929189742 0.0536230579 0.9180083275
-82.7 3.4 2525.8 0.9144479036 0.0883470029 -0.3949428499 -0.0940199718 0.9955577254 0.0050087674 0.3936309218 0.0325522572 0.9186920524
-190.4 209.5 2478.4 0.6835563779 0.0223994870 -0.7295539379 0.3184028268 0.8902607560 0.3256615400 0.6567878723 -0.4549000561 0.6014113426
-358.6 131.1 2316.9 -0.9662242532 0.0223994870 -0.2567273378 0.1361214221 0.8902607560 -0.4346340597 0.2188186795 -0.4549000561 -0.8632405996
59.4 183.8 2585.9 0.3236539960 0.6913273931 0.6459988356 -0.8459138870 0.5172896981 -0.1297728866 -0.4238841236 -0.5044578910 0.7522263527
127.8 5.0 2496.3 -0.6683723330 0.6913273931 0.2744901776 0.1926043481 0.5172896981 -0.8338554502 -0.7184580564 -0.5044578910 -0.4788947999
-186.7 -175.8 2478.9 0.9998424053 0.0170155428 -0.0050663529 -0.0168003440 0.9990642071 0.0398558304 0.0057397806 -0.0397644341 0.9991925955
-193.3 -563.5 2494.3 0.9987155795 -0.0505353808 -0.0036609131 0.0506061837 0.9913310409 0.1212509051 -0.0024982840 -0.1212804317 0.9926151633
-23.8 -195.1 2550.9 0.9972882271 -0.0121402675 0.0725865364 0.0173294991 0.9973047972 -0.0712936372 -0.0715253800 0.0723581985 0.9948107600
-19.1 -582.2 2522.8 0.9970463514 -0.0339109898 0.0689099208 0.0253634583 0.9922879934 0.1213312000 -0.0724929497 -0.1192250401 0.9902172089
-114.8 96.8 2261.6 0 0 0 0 0 0 0 0 0
-41.2 53.6 2314.7 0 0 0 0 0 0 0 0 0
-180.0 -825.4 2526.4 0 0 0 0 0 0 0 0 0
-10.6 -831.1 2552.7 0 0 0 0 0 0 0 0 0
-48.7 389.7 2545.8 9 0.9121258855 0.0912734196 -0.3996191919 -0.1046512499 0.9944397807 -0.0117341615 0.3963261843 0.0525236763 0.9166061282
-66.4 196.8 2535.6 0.9121258855 0.0912734196 -0.3996191919 -0.1046512499 0.9944397807 -0.0117341615 0.3963261843 0.0525236763 0.9166061282
-82.9 3.5 2529.2 0.9133653045 0.0846561044 -0.3982426524 -0.0906300321 0.9958772063 0.0038387822 0.3969257474 0.0325865336 0.9172720909
-191.2 209.1 2481.3 0.6817209125 0.0647525936 -0.7287411690 0.2883408070 0.8916737437 0.3489663303 0.6723958254 -0.4480234683 0.5892018080
-363.2 136.4 2311.7 -0.9676837325 0.0647525936 -0.2437114269 0.1657557487 0.8916737437 -0.4212397933 0.1900347173 -0.4480234683 -0.8735913038
58.4 184.4 2589.8 0.4151924849 0.6363828778 0.6501015425 -0.8122490048 0.5811520219 -0.0501391105 -0.4097155035 -0.5072269440 0.7581912875
147.6 9.7 2501.7 -0.6952645183 0.6363828778 0.3341018856 0.1473366618 0.5811520219 -0.8003463149 -0.7034906745 -0.5072269440 -0.4978168905
-181.7 -181.4 2484.3 0.9994046092 0.0334223695 -0.0085640475 -0.0329592712 0.9982318282 0.0494658165 0.0102021694 -0.0491541028 0.9987391233
-194.7 -568.8 2503.3 0.9987784028 -0.0489033237 -0.0070813810 0.0493515171 0.9943999052 0.0934517384 0.0024716242 -0.0936870575 0.9955986142
-17.9 -198.2 2554.8 0.9975863099 0.0037283793 0.0693372414 0.0018149170 0.9968162179 -0.0797125027 -0.0694136918 0.0796459466 0.9944034815
-19.4 -585.2 2523.9 0.9965931773 -0.0455909260 0.0687280372 0.0373527110 0.9924623966 0.1167183220 -0.0735312924 -0.1137534976 0.9907841682
-118.5 94.5 2263.6 0 0 0 0 0 0 0 0 0
-28.2 47.0 2323.7 0 0 0 0 0 0 0 0 0
-182.1 -824.3 2527.4 0 0 0 0 0 0 0 0 0
-8.3 -826.7 2551.5 0 0 0 0 0 0 0 0 0
-49.9 390.4 2545.4 0 0.9186585546 0.0881221965 -0.3850986362 -0.0972513631 0.9952507615 -0.0042511532 0.3828951120 0.0413567275 0.9228656292
-67.0 197.2 2537.3 0.9186585546 0.0881221965 -0.3850986362 -0.0972513631 0.9952507615 -0.0042511532 0.3828951120 0.0413567275 0.9228656292
-83.2 3.8 2533.2 0.9196844697 0.0835171342 -0.3836735189 -0.0853474960 0.9962754846 0.0122846775 0.3832705021 0.0214475468 0.9233871102
-192.6 208.9 2485.0 0.6439987421 0.0475636497 -0.7635465264 0.3006556332 0.9020240903 0.3097721040 0.7034712434 -0.4290574193 0.5666021109
-352.7 134.2 2310.1 -0.9654012918 0.0475636497 -0.2563942373 0.1517703533 0.9020240903 -0.4041266441 0.2120520324 -0.4290574193 -0.8780339956
58.7 185.6 2589.7 0.4488041103 0.6331958771 0.6305853128 -0.7977061868 0.6019301414 -0.0366736799 -0.4027899206 -0.4865624905 0.7752529979
157.2 10.5 2501.3 -0.6889254451 0.6331958771 0.3527672291 0.1517929435 0.6019301414 -0.7839891315 -0.7087599039 -0.4865624905 -0.5107996464
-181.1 -181.7 2487.4 0.9992216825 0.0387835018 0.0072021256 -0.0391474254 0.9974182248 0.0602024756 -0.0048486688 -0.0604375638 0.9981601834
-196.2 -568.9 2510.8 0.9982529283 -0.0586240701 0.0073709590 0.0580284484 0.9962261319 0.0645456538 -0.0111270705 -0.0640051588 0.9978875518
-17.5 -198.0 2558.5 0.9963627458 0.0021115267 0.0851871595 0.0044576670 0.9970326424 -0.0768509507 -0.0850966498 0.0769511610 0.9933967590
-18.3 -585.0 2528.6 0.9958173633 -0.0355328731 0.0841735676 0.0266814660 0.9942151308 0.1040404141 -0.0873834863 -0.1013593748 0.9910047650
-108.2 95.7 2256.4 0 0 0 0 0 0 0 0 0
-17.4 48.9 2321.7 0 0 0 0 0 0 0 0 0
-181.1 -825.5 2527.3 0 0 0 0 0 0 0 0 0
-9.5 -830.6 2553.6 0 0 0 0 0 0 0 0 0
-45.7 391.2 2539.7 1 0.9240317941 0.1065188497 -0.3671770096 -0.1080588996 0.9940087795 0.0164247993 0.3667267263 0.0244997069 0.9300060868
-66.4 198.1 2534.9 0.9240317941 0.1065188497 -0.3671770096 -0.1080588996 0.9940087795 0.0164247993 0.3667267263 0.0244997069 0.9300060868
-86.1 5.0 2533.7 0.9252345562 0.1013440043 -0.3656097054 -0.0965511799 0.9948319197 0.0314208344 0.3669045269 0.0062284078 0.9302377701
-192.8 211.3 2484.8 0.6299492717 0.0104422653 -0.7765660882 0.3252453208 0.9044551849 0.2760004997 0.7052512765 -0.4264408052 0.5663645864
-347.6 131.4 2311.5 -0.9642598629 0.0104422653 -0.2647525668 0.1220216155 0.9044551849 -0.4087438583 0.2351886183 -0.4264408052 -0.8734040260
59.9 184.8 2585.0 0.4535504580 0.6382735372 0.6220119596 -0.7826384306 0.6191128492 -0.0646247193 -0.4263438582 -0.4574998915 0.7803363204
159.1 13.8 2491.8 -0.6711728573 0.6382735372 0.3770064414 0.1564992368 0.6191128492 -0.7695500255 -0.7245929837 -0.4574998915 -0.5154210925
-181.7 -181.9 2494.7 0.9989829063 0.0370555148 0.0256922152 -0.0379741900 0.9986212850 0.0362421274 -0.0243138224 -0.0371809043 0.9990127087
-196.1 -569.4 2509.1 0.9981601238 -0.0541397855 0.0272982381 0.0517997481 0.9954352379 0.0801591873 -0.0315134302 -0.0785976648 0.9964082241
-17.0 -197.2 2563.3 0.9947229624 0.0051377253 0.1024686173 0.0047550332 0.9953635335 -0.0960669294 -0.1024870872 0.0960472226 0.9900865555
-19.0 -583.5 2526.1 0.9942281246 -0.0360181108 0.1010602191 0.0230304282 0.9916538596 0.1268550605 -0.1047858372 -0.1237954125 0.9867596626
-103.3 100.4 2251.9 0 0 0 0 0 0 0 0 0
-11.1 53.4 2308.1 0 0 0 0 0 0 0 0 0
-181.9 -830.4 2529.7 0 0 0 0 0 0 0 0 0
-9.9 -833.8 2557.3 0 0 0 0 0 0 0 0 0
-46.3 393.7 2533.8 2 0.9318791032 0.1092749834 -0.3459194601 -0.1053602472 0.9939765930 0.0301623885 0.3471318483 0.0083384607 0.9377792478
-67.6 200.1 2532.2 0.9318791032 0.1092749834 -0.3459194601 -0.1053602472 0.9939765930 0.0301623885 0.3471318483 0.0083384607 0.9377792478
-87.5 7.0 2533.5 0.9330343604 0.1032104045 -0.3446657956 -0.0945486799 0.9946383238 0.0418952331 0.3471418321 -0.0065019960 0.9377900958
-195.0 213.0 2484.8 0.6115832925 -0.0679700226 -0.7882549763 0.3693589568 0.9055978656 0.2084861845 0.6996712089 -0.4186557233 0.5789538622
-344.3 122.9 2314.0 -0.9556035399 -0.0679700226 -0.2867088318 0.0614956543 0.9055978656 -0.4196555912 0.2881669104 -0.4186557233 -0.8612126708
59.9 187.1 2579.6 0.4403007030 0.6768032908 0.5899767876 -0.7825689912 0.6114037633 -0.1173509955 -0.4401375651 -0.4100278318 0.7988467216
158.5 11.9 2481.1 -0.6349413991 0.6768032908 0.3725410104 0.2029507458 0.6114037633 -0.7648506165 -0.7454263568 -0.4100278318 -0.5255632401
-188.6 -179.4 2499.7 0.9987649322 0.0142605975 0.0475943387 -0.0156023009 0.9994878769 0.0279389769 -0.0471715368 -0.0286470503 0.9984759092
-194.1 -567.2 2510.8 0.9980176091 -0.0403531864 0.0482955016 0.0363066681 0.9959776998 0.0819161385 -0.0514068194 -0.0800003037 0.9954683781
-22.8 -196.7 2565.4 0.9922143221 -0.0057340809 0.1244100109 0.0163900908 0.9962632656 -0.0847988725 -0.1234588847 0.0861777514 0.9886006713
-20.6 -583.4 2532.0 0.9914244413 -0.0489822552 0.1211541519 0.0365716666 0.9940482378 0.1026187018 -0.1254595667 -0.0973078758 0.9873150587
-102.7 107.3 2241.1 0 0 0 0 0 0 0 0 0
-2.3 63.3 2292.3 0 0 0 0 0 0 0 0 0
-183.5 -830.1 2531.9 0 0 0 0 0 0 0 0 0
-8.8 -824.0 2555.5 0 0 0 0 0 0 0 0 0
-49.1 398.2 2548.9 3 0.9290911555 0.1019887105 -0.3555108011 -0.1104539335 0.9938749671 -0.0035378521 0.3529724479 0.0425545536 0.9346655011
-68.9 205.0 2540.6 0.9290911555 0.1019887105 -0.3555108011 -0.1104539335 0.9938749671 -0.0035378521 0.3529724479 0.0425545536 0.9346655011
-87.9 12.0 2536.3 0.9301488996 0.0983516052 -0.3537654579 -0.0999537855 0.9948965311 0.0137881478 0.3533161283 0.0225351658 0.9352325201
-195.9 218.7 2492.4 0.5951251984 -0.1518629640 -0.7891537547 0.4153205156 0.8987995982 0.1402430683 0.6879933476 -0.4112139046 0.5979701281
-343.7 115.6 2321.6 -0.9359221458 -0.1518629640 -0.3177850544 0.0029986899 0.8987995982 -0.4383494556 0.3521941304 -0.4112139046 -0.8407511115
58.2 191.3 2588.9 0.3647700548 0.7218780518 0.5880773067 -0.7630536556 0.5937007070 -0.2554772496 -0.5335653424 -0.3555440605 0.7673959136
143.7 12.5 2463.8 -0.5807576776 0.7218780518 0.3763144910 0.2403557152 0.5937007070 -0.7679508924 -0.7777850628 -0.3555440605 -0.5183037519
-191.1 -177.5 2503.7 0.9992266893 0.0088355383 0.0383141898 -0.0102888756 0.9992284775 0.0379023217 -0.0379497409 -0.0382672213 0.9985466599
-194.5 -565.3 2518.5 0.9982757568 -0.0443574302 0.0384445898 0.0422845781 0.9976908565 0.0531501807 -0.0407134220 -0.0514329225 0.9978462458
-24.0 -194.5 2565.8 0.9933493137 -0.0035769010 0.1150841340 0.0113317603 0.9977020025 -0.0668008253 -0.1145807281 0.0676606596 0.9911071062
-22.6 -581.7 2539.6 0.9918925166 -0.0573143736 0.1134207025 0.0489728935 0.9959792495 0.0750134736 -0.1172640175 -0.0688507706 0.9907112122
-107.5 114.9 2232.7 0 0 0 0 0 0 0 0 0
-3.2 73.2 2267.1 0 0 0 0 0 0 0 0 0
-183.0 -824.2 2531.9 0 0 0 0 0 0 0 0 0
-8.7 -823.3 2556.3 0 0 0 0 0 0 0 0 0
-50.4 401.8 2556.4 4 0.9312192798 0.0987759456 -0.3508189619 -0.1136101186 0.9932839870 -0.0219012219 0.3462995589 0.0602514222 0.9361871481
-69.6 208.7 2544.7 0.9312192798 0.0987759456 -0.3508189619 -0.1136101186 0.9932839870 -0.0219012219 0.3462995589 0.0602514222 0.9361871481
-88.2 15.6 2537.9 0.9323272705 0.0959984511 -0.3486404419 -0.1023010686 0.9947534204 0.0003347739 0.3468434215 0.0353541709 0.9372565150
-197.0 222.6 2497.3 0.5399383307 -0.2297866642 -0.8097312450 0.4494288266 0.8921039104 0.0465219468 0.7116743326 -0.3890355527 0.5849538445
-328.2 113.4 2324.3 -0.8960721493 -0.2297866642 -0.3798063099 -0.0379338600 0.8921039104 -0.4502350390 0.4422847033 -0.3890355527 -0.8081061840
57.8 194.7 2592.1 0.3154816926 0.7546041608 0.5753641129 -0.7504243851 0.5695053935 -0.3354502022 -0.5808051229 -0.3259388506 0.7459418774
133.1 15.4 2453.3 -0.5413302779 0.7546041608 0.3708558679 0.2595636547 0.5695053935 -0.7799296975 -0.7997425795 -0.3259388506 -0.5041583180
-190.3 -172.1 2500.3 0.9988679290 0.0178217422 0.0441043861 -0.0203079153 0.9981915355 0.0565797240 -0.0430162773 -0.0574113429 0.9974234700
-197.2 -559.5 2522.5 0.9972869754 -0.0591501035 0.0438175201 0.0573706292 0.9975183606 0.0408132523 -0.0461228900 -0.0381886885 0.9982055426
-23.6 -190.0 2563.5 0.9926786423 0.0045767147 0.1206987500 0.0028693487 0.9981063008 -0.0614454485 -0.1207514033 0.0613419116 0.9907856584
-25.4 -577.4 2539.7 0.9901399016 -0.0720629394 0.1201247945 0.0625752583 0.9947503805 0.0809689462 -0.1253290474 -0.0726537406 0.9894514084
-102.7 122.9 2213.0 0 0 0 0 0 0 0 0 0
-3.8 81.1 2251.0 0 0 0 0 0 0 0 0 0
-181.6 -822.6 2532.6 0 0 0 0 0 0 0 0 0
-7.5 -825.0 2557.8 0 0 0 0 0 0 0 0 0
-49.0 406.1 2551.2 5 0.9367004633 0.1114061624 -0.3319351077 -0.1203987747 0.9927037954 -0.0065803938 0.3287801445 0.0461284369 0.9432792664
-70.7 212.6 2542.2 0.9367004633 0.1114061624 -0.3319351077 -0.1203987747 0.9927037954 -0.0065803938 0.3287801445 0.0461284369 0.9432792664
-91.5 19.7 2537.2 0.9378530383 0.1073217988 -0.3300208449 -0.1099308357 0.9938805103 0.0108056255 0.3291609585 0.0261453800 0.9439117908
-198.8 227.6 2497.2 0.4275538623 -0.3042310178 -0.8512585759 0.4923771918 0.8681026101 -0.0629490912 0.7581308484 -0.3922261894 0.5209570527
-299.6 111.6 2318.5 -0.8636755943 -0.3042310178 -0.4018805027 -0.0776598230 0.8681026101 -0.4902721941 0.4980295002 -0.3922261894 -0.7733855844
57.4 197.6 2587.2 0.2070385814 0.8159664273 0.5397534966 -0.7254542112 0.4982012510 -0.4748806655 -0.6563925743 -0.2932478189 0.6950931549
105.7 28.2 2433.9 -0.4534832835 0.8159664273 0.3585410714 0.2370044291 0.4982012510 -0.8340409994 -0.8591750860 -0.2932478189 -0.4193136096
