161.4 30.6 2636.9 96 0.3008924723 0.1884115636 -0.9348608255 -0.1302205324 0.9792246819 0.1554401070 0.9447255135 0.0749673247 0.3191763759
124.1 -163.1 2622.0 0.3008924723 0.1884115636 -0.9348608255 -0.1302205324 0.9792246819 0.1554401070 0.9447255135 0.0749673247 0.3191763759
89.7 -353.7 2608.9 0.3028966784 0.1771312058 -0.9364176989 -0.1194681376 0.9818821549 0.1470876336 0.9455056787 0.0673197210 0.3185703754
82.8 -146.9 2493.2 -0.6747973561 0.2220712602 -0.7037988901 0.7046315074 0.4774001241 -0.5249605179 0.2194150388 -0.8501608372 -0.4786267281
237.4 -308.2 2443.0 -0.9180183411 0.2220712602 0.3285219073 -0.1914105862 0.4774001241 -0.8575844765 -0.3472812474 -0.8501608372 -0.3957552910
165.4 -179.4 2750.9 0.6996750832 0.4455082417 -0.5585492253 -0.5531128645 0.8326097131 -0.0287615657 0.4522399902 0.3290644884 0.8289725780
347.6 -323.4 2868.6 0.3059880733 0.4455082417 0.8413642049 0.2038140744 0.8326097131 -0.5149959922 -0.9299629927 0.3290644884 0.1639677882
33.5 -535.6 2513.3 0.7906296253 -0.6108802557 0.0415941402 0.0493402928 -0.0041468400 -0.9987733960 0.6103034616 0.7917121053 0.0268623959
249.4 -534.1 2233.4 0.7906296253 -0.0929808170 -0.6051936150 0.0493402928 0.9948631525 -0.0883903727 0.6103034616 0.0400236174 0.7911559939
80.2 -554.3 2684.6 0.3984729946 -0.8769179583 -0.2687641084 -0.0572985709 0.2686598599 -0.9615293741 0.9153885245 0.3985432982 0.0568075515
420.2 -658.5 2530.1 0.3984729946 -0.5406727195 -0.7408726811 -0.0572985709 0.7915198207 -0.6084515452 0.9153885245 0.2849024534 0.2844195068
474.9 -258.7 2532.8 0 0 0 0 0 0 0 0 0
425.1 -271.8 2633.2 0 0 0 0 0 0 0 0 0
273.5 -792.1 2223.0 0 0 0 0 0 0 0 0 0
587.0 -902.7 2442.2 0 0 0 0 0 0 0 0 0
162.1 30.1 2636.9 97 0.3325410187 0.1839828640 -0.9249685407 -0.1350278556 0.9799697995 0.1463783383 0.9333723783 0.0762197077 0.3507229686
125.7 -163.9 2621.8 0.3325410187 0.1839828640 -0.9249685407 -0.1350278556 0.9799697995 0.1463783383 0.9333723783 0.0762197077 0.3507229686
92.8 -354.8 2608.4 0.3346863687 0.1694562882 -0.9269679785 -0.1231119707 0.9831300378 0.1352729350 0.9342529178 0.0688468441 0.3499023318
80.0 -147.2 2494.4 -0.7073517442 0.2131630033 -0.6739547849 0.6823369861 0.4548794329 -0.5722770095 0.1845798790 -0.8646653891 -0.4672087729
244.8 -306.1 2451.4 -0.9347166419 0.2131630033 0.2843700945 -0.1626418084 0.4548794329 -0.8755754232 -0.3159944117 -0.8646653891 -0.3905141354
171.3 -180.7 2749.2 0.7196450233 0.4475619495 -0.5308477283 -0.5489450693 0.8348873854 -0.0402785018 0.4251709580 0.3203924894 0.8465094566
358.9 -323.7 2860.0 0.2734526396 0.4475619495 0.8514176011 0.2133436799 0.8348873854 -0.5073928833 -0.9379275441 0.3203924894 0.1328176409
28.2 -533.6 2511.4 0.7803223133 -0.6247119308 0.0288461503 0.0418919139 0.0061931298 -0.9991029501 0.6239728928 0.7808307409 0.0310030151
254.1 -535.8 2229.0 0.7803223133 -0.0723710358 -0.6211758852 0.0418919139 0.9970993996 -0.0635438710 0.6239728928 0.0235624518 0.7810906768
82.4 -554.9 2680.3 0.3838065267 -0.8799415827 -0.2799916267 -0.0743290037 0.2727901936 -0.9591979384 0.9204171300 0.3889579475 0.0392934792
423.7 -660.8 2529.4 0.3838065267 -0.5347564816 -0.7528134584 -0.0743290037 0.7947142124 -0.6024155617 0.9204171300 0.2871668935 0.2652685940
487.5 -263.9 2533.5 0 0 0 0 0 0 0 0 0
428.2 -269.7 2622.4 0 0 0 0 0 0 0 0 0
272.7 -792.2 2222.9 0 0 0 0 0 0 0 0 0
586.0 -901.9 2442.3 0 0 0 0 0 0 0 0 0
161.3 27.1 2637.4 98 0.3610680103 0.1643280387 -0.9179467559 -0.1365273893 0.9830601811 0.1222823411 0.9224913120 0.0811726227 0.3773868382
128.9 -166.8 2621.4 0.3610680103 0.1643280387 -0.9179467559 -0.1365273893 0.9830601811 0.1222823411 0.9224913120 0.0811726227 0.3773868382
98.2 -357.9 2606.3 0.3619977534 0.1577818841 -0.9187287688 -0.1308484524 0.9844141006 0.1175056994 0.9229497910 0.0776774436 0.3770011961
79.5 -149.0 2495.5 -0.6947534680 0.1971148401 -0.6917104721 0.6915442944 0.4474106729 -0.5670892000 0.1976969689 -0.8723356128 -0.4471537769
238.8 -307.6 2450.2 -0.9312315583 0.1971148401 0.3065183461 -0.1927494854 0.4474106729 -0.8733105659 -0.3092820346 -0.8723356128 -0.3786491752
178.3 -184.6 2747.4 0.7386968732 0.4445524514 -0.5066557527 -0.5441393256 0.8369166851 -0.0590156913 0.3977930844 0.3192860484 0.8601261973
370.8 -326.5 2851.0 0.2444760352 0.4445524514 0.8617450595 0.2295503616 0.8369166851 -0.4968672991 -0.9420924187 0.3192860484 0.1025588959
29.9 -534.6 2511.5 0.7838214636 -0.6203852892 0.0273136348 0.0397521630 0.0062333592 -0.9991901517 0.6197125912 0.7842724323 0.0295474976
250.9 -536.8 2232.1 0.7838214636 -0.0814526230 -0.6156211495 0.0397521630 0.9959084392 -0.0811550394 0.6197125912 0.0391387902 0.7838523388
89.8 -556.6 2678.6 0.3867540061 -0.8746941090 -0.2921156287 -0.0742248669 0.2862115204 -0.9552872181 0.9191909432 0.3911433816 0.0457694009
429.2 -667.7 2526.8 0.3867540061 -0.5335181355 -0.7521833181 -0.0742248669 0.7949994802 -0.6020519137 0.9191909432 0.2886766791 0.2678689063
480.5 -257.6 2530.4 0 0 0 0 0 0 0 0 0
432.8 -268.3 2612.3 0 0 0 0 0 0 0 0 0
271.4 -787.4 2222.3 0 0 0 0 0 0 0 0 0
585.9 -901.2 2442.0 0 0 0 0 0 0 0 0 0
160.2 27.4 2636.7 99 0.3818182051 0.1627020985 -0.9098037481 -0.1406692415 0.9831448793 0.1167830452 0.9134697914 0.0833915025 0.3982698023
128.1 -166.7 2620.2 0.3818182051 0.1627020985 -0.9098037481 -0.1406692415 0.9831448793 0.1167830452 0.9134697914 0.0833915025 0.3982698023
97.5 -357.7 2604.1 0.3822278380 0.1572521180 -0.9105897546 -0.1381507814 0.9840637445 0.1119505540 0.9136828184 0.0830080733 0.3978610337
75.9 -147.8 2495.5 -0.7039580345 0.2156527340 -0.6767104268 0.6821369529 0.4706608355 -0.5596137643 0.1978188604 -0.8555537462 -0.4784301817
239.8 -306.7 2449.5 -0.9161037803 0.2156527340 0.3380055726 -0.2057674825 0.4706608355 -0.8579849005 -0.3441127837 -0.8555537462 -0.3867998719
180.3 -185.5 2745.0 0.7483813763 0.4494330287 -0.4877861142 -0.5458029509 0.8351578116 -0.0679011866 0.3768613338 0.3170510828 0.8703184128
375.4 -327.8 2843.2 0.2235059887 0.4494330287 0.8649017215 0.2385003120 0.8351578116 -0.4956097901 -0.9450728297 0.3170510828 0.0794728547
35.2 -537.3 2508.6 0.7847811580 -0.6191840172 0.0270130951 0.0340578593 -0.0004351781 -0.9994197488 0.6188365221 0.7852457762 0.0207465626
252.7 -537.1 2232.8 0.7847811580 -0.0760396123 -0.6150906682 0.0340578593 0.9962365627 -0.0797044709 0.6188365221 0.0416018963 0.7844173908
100.0 -560.6 2673.7 0.3774308860 -0.8666979671 -0.3261603415 -0.0870812461 0.3174319565 -0.9442742467 0.9219342470 0.3848007023 0.0443354957
436.2 -683.8 2524.5 0.3774308860 -0.5402824283 -0.7520909905 -0.0870812461 0.7878538966 -0.6096745729 0.9219342470 0.2956030369 0.2503119409
477.7 -253.3 2538.8 0 0 0 0 0 0 0 0 0
432.1 -267.3 2603.6 0 0 0 0 0 0 0 0 0
271.9 -789.4 2222.2 0 0 0 0 0 0 0 0 0
585.0 -900.7 2443.1 0 0 0 0 0 0 0 0 0
161.8 27.6 2629.8 00 0.2577540874 0.1791641712 -0.9494540691 -0.1090656742 0.9817721248 0.1556539387 0.9600351453 0.0634324104 0.2725964487
126.6 -165.6 2617.4 0.2577540874 0.1791641712 -0.9494540691 -0.1090656742 0.9817721248 0.1556539387 0.9600351453 0.0634324104 0.2725964487
92.4 -356.3 2606.3 0.2592915595 0.1743519008 -0.9499312043 -0.1005203053 0.9831002355 0.1530019492 0.9605537653 0.0558152571 0.2724355161
91.4 -152.2 2487.4 -0.6759535670 0.2250164896 -0.7017509341 0.7159922123 0.4259757102 -0.5530821681 0.1744762510 -0.8763060570 -0.4490498602
238.1 -307.6 2449.6 -0.9214445353 0.2250164896 0.3167137206 -0.1993076950 0.4259757102 -0.8825084567 -0.3334912956 -0.8763060570 -0.3476654589
161.7 -179.0 2747.3 0.6775304079 0.4306651950 -0.5962214470 -0.5444514155 0.8386933208 -0.0128918290 0.4944948852 0.3333482146 0.8027164936
336.9 -319.7 2875.1 0.3486710787 0.4306651950 0.8324397802 0.1860633641 0.8386933208 -0.5118339062 -0.9185907245 0.3333482146 0.2122970819
32.7 -536.3 2506.2 0.7808612585 -0.6241198778 0.0270198844 0.0331060626 -0.0018486597 -0.9994501472 0.6238266230 0.7813264132 0.0192186050
252.5 -535.7 2231.1 0.7808612585 -0.0741786808 -0.6202847958 0.0331060626 0.9964436293 -0.0774863958 0.6238266230 0.0399709344 0.7805399895
101.2 -561.0 2669.7 0.3733176887 -0.8637158275 -0.3385688365 -0.0873092189 0.3306230605 -0.9397156239 0.9235859513 0.3803726733 0.0480170846
436.4 -689.3 2522.1 0.3733176887 -0.5521885157 -0.7454674840 -0.0873092189 0.7790829539 -0.6208114624 0.9235859513 0.2968460917 0.2426343113
477.2 -255.9 2536.1 0 0 0 0 0 0 0 0 0
424.5 -272.9 2644.3 0 0 0 0 0 0 0 0 0
271.2 -787.3 2221.0 0 0 0 0 0 0 0 0 0
586.5 -901.2 2441.4 0 0 0 0 0 0 0 0 0
159.2 27.4 2634.9 01 0.3583793938 0.1538757235 -0.9208074808 -0.1357981414 0.9844248295 0.1116539761 0.9236466289 0.0850294679 0.3736936152
129.0 -166.2 2618.2 0.3583793938 0.1538757235 -0.9208074808 -0.1357981414 0.9844248295 0.1116539761 0.9236466289 0.0850294679 0.3736936152
97.9 -357.0 2602.7 0.3591545522 0.1579120755 -0.9198216200 -0.1309033632 0.9843620658 0.1178795099 0.9240521193 0.0780707821 0.3742093742
80.3 -148.7 2493.3 -0.6921675205 0.2242251635 -0.6860226989 0.6958853006 0.4594545960 -0.5519466400 0.1914359629 -0.8594326973 -0.4740545452
240.0 -309.3 2449.2 -0.9167782068 0.2242251635 0.3305159807 -0.1996461600 0.4594545960 -0.8654726148 -0.3459178209 -0.8594326973 -0.3764522672
177.6 -183.6 2743.0 0.7367849946 0.4447185099 -0.5092870593 -0.5456687212 0.8358854055 -0.0595083758 0.3992411196 0.3217468858 0.8585367799
367.8 -324.4 2846.1 0.2473755330 0.4447185099 0.8608314395 0.2306234837 0.8358854055 -0.4981048405 -0.9410728812 0.3217468858 0.1042150632
35.2 -538.2 2510.0 0.7886759639 -0.6137035489 0.0368538201 0.0383149274 -0.0107650682 -0.9992077351 0.6136140823 0.7894631624 0.0150238555
254.4 -534.3 2227.9 0.7886759639 -0.0683036670 -0.6110031605 0.0383149274 0.9973382354 -0.0620353594 0.6136140823 0.0255152564 0.7891937494
87.7 -557.2 2676.5 0.3465303481 -0.8784515858 -0.3289977014 -0.1285631508 0.3029427826 -0.9442971945 0.9291868806 0.3695246279 -0.0079576429
421.9 -672.4 2535.9 0.3465303481 -0.5557559133 -0.7556799054 -0.1285631508 0.7698550224 -0.6251357794 0.9291868806 0.3137811124 0.1953283995
477.5 -257.5 2538.8 0 0 0 0 0 0 0 0 0
429.9 -266.6 2609.9 0 0 0 0 0 0 0 0 0
271.8 -787.4 2221.4 0 0 0 0 0 0 0 0 0
588.2 -902.7 2442.1 0 0 0 0 0 0 0 0 0
158.3 29.8 2636.9 02 0.3009052575 0.1551945359 -0.9409413934 -0.1329219937 0.9838636518 0.1197665855 0.9443451762 0.0890334174 0.3166784942
127.7 -164.2 2619.4 0.3009052575 0.1551945359 -0.9409413934 -0.1329219937 0.9838636518 0.1197665855 0.9443451762 0.0890334174 0.3166784942
96.9 -355.1 2604.3 0.3025549054 0.1579160839 -0.9399590492 -0.1225518063 0.9844387770 0.1259417385 0.9452204108 0.0770893991 0.3171996772
86.7 -147.7 2491.2 -0.6547257304 0.2344588339 -0.7185842395 0.7238987684 0.4680494368 -0.5068533421 0.2174966931 -0.8520321250 -0.4761684537
230.5 -306.7 2443.4 -0.9248574972 0.2344588339 0.2994455397 -0.1625822186 0.4680494368 -0.8686177135 -0.3438104093 -0.8520321250 -0.3947601914
168.8 -180.6 2747.6 0.7085984945 0.4286841154 -0.5604624152 -0.5443732142 0.8374868035 -0.0476834066 0.4489387274 0.3388890922 0.8268060088
352.5 -321.7 2863.9 0.3048314154 0.4286841154 0.8504750133 0.2190276980 0.8374868035 -0.5006423593 -0.9268789887 0.3388890922 0.1613985896
34.9 -536.5 2505.4 0.7856740355 -0.6173452139 0.0400148481 0.0458140783 -0.0064422120 -0.9989292026 0.6169419289 0.7866660357 0.0232216213
249.1 -534.2 2232.5 0.7856740355 -0.0853992403 -0.6127179265 0.0458140783 0.9957384467 -0.0800374374 0.6169419289 0.0348122343 0.7862383723
102.0 -560.1 2667.2 0.3592075109 -0.8678016663 -0.3433515131 -0.1085342169 0.3265655339 -0.9389224052 0.9269251823 0.3745333552 0.0231186207
435.4 -685.5 2523.3 0.3592075109 -0.5503254533 -0.7537319660 -0.1085342169 0.7775216103 -0.6194194555 0.9269251823 0.3043058217 0.2195624560
469.9 -264.6 2532.4 0 0 0 0 0 0 0 0 0
429.3 -266.5 2630.4 0 0 0 0 0 0 0 0 0
270.8 -787.3 2223.7 0 0 0 0 0 0 0 0 0
589.3 -903.0 2438.2 0 0 0 0 0 0 0 0 0
157.2 32.7 2636.5 03 0.3557496965 0.1532050371 -0.9219383597 -0.1368721873 0.9843764305 0.1107657477 0.9245042801 0.0867828429 0.3711611032
126.9 -162.3 2619.3 0.3557496965 0.1532050371 -0.9219383597 -0.1368721873 0.9843764305 0.1107657477 0.9245042801 0.0867828429 0.3711611032
96.3 -353.4 2604.2 0.3569034040 0.1568874866 -0.9208725691 -0.1295465827 0.9845829606 0.1175332293 0.9251149297 0.0773478895 0.3717252612
78.3 -144.8 2493.6 -0.6532068253 0.2156568617 -0.7258188128 0.7210724950 0.4696550369 -0.5093904138 0.2310309410 -0.8561052680 -0.4622861147
228.1 -310.1 2440.6 -0.9367927909 0.2156568617 0.2755201459 -0.1478688717 0.4696550369 -0.8703786135 -0.3171025515 -0.8561052680 -0.4080805182
175.4 -179.9 2745.0 0.7362406850 0.4430175722 -0.5115516186 -0.5442355275 0.8368895054 -0.0585114062 0.4021905959 0.3214830458 0.8572580218
366.6 -321.2 2849.4 0.2496782690 0.4430175722 0.8610436916 0.2292309552 0.8368895054 -0.4970604479 -0.9408049583 0.3214830458 0.1073997840
39.1 -535.3 2505.1 0.7887098789 -0.6136621833 0.0368160680 0.0456202514 -0.0012980467 -0.9989579916 0.6130705476 0.7895675898 0.0269716419
252.2 -534.9 2231.0 0.7887098789 -0.0788887665 -0.6096829176 0.0456202514 0.9965085387 -0.0699251741 0.6130705476 0.0273367893 0.7895550728
94.6 -557.3 2672.3 0.3560612202 -0.8692803383 -0.3428879082 -0.1169369668 0.3226027191 -0.9392833710 0.9271171093 0.3745386600 0.0132153127
430.3 -681.9 2527.6 0.3560612202 -0.5559797287 -0.7510704994 -0.1169369668 0.7709178329 -0.6261081696 0.9271171093 0.3107607663 0.2094793618
469.8 -271.9 2522.4 0 0 0 0 0 0 0 0 0
429.7 -263.3 2611.9 0 0 0 0 0 0 0 0 0
272.3 -789.5 2224.0 0 0 0 0 0 0 0 0 0
588.5 -901.3 2439.2 0 0 0 0 0 0 0 0 0
157.1 27.6 2637.7 04 0.3694096506 0.1571845710 -0.9158763885 -0.1401051283 0.9837450385 0.1123223156 0.9186441302 0.0868260264 0.3854272664
126.0 -166.8 2620.6 0.3694096506 0.1571845710 -0.9158763885 -0.1401051283 0.9837450385 0.1123223156 0.9186441302 0.0868260264 0.3854272664
95.3 -357.9 2605.6 0.3708211482 0.1581221372 -0.9151442647 -0.1312943548 0.9844277501 0.1168920621 0.9193766713 0.0768072307 0.3858071864
75.4 -148.9 2495.3 -0.6850710511 0.1699685156 -0.7083702087 0.6916808486 0.4569042623 -0.5592996478 0.2285940200 -0.8731260896 -0.4305758476
232.9 -307.9 2442.8 -0.9585466981 0.1699685156 0.2286895066 -0.1289602518 0.4569042623 -0.8801180124 -0.2540815771 -0.8731260896 -0.4160448909
176.5 -184.6 2745.8 0.7424628735 0.4474966526 -0.4984933734 -0.5444959998 0.8366183043 -0.0599490032 0.3902217150 0.3159375787 0.8648181558
369.9 -326.4 2847.4 0.2354300916 0.4474966526 0.8627395034 0.2306112200 0.8366183043 -0.4968785048 -0.9441351295 0.3159375787 0.0937673822
33.9 -533.0 2506.6 0.7812106013 -0.6237436533 0.0255693700 0.0345382802 0.0022887981 -0.9994007349 0.6233114004 0.7816256285 0.0233310666
256.1 -533.8 2228.2 0.7812106013 -0.0614869706 -0.6212320924 0.0345382802 0.9978704453 -0.0553325526 0.6233114004 0.0217700899 0.7816706300
98.4 -556.2 2671.0 0.3702053726 -0.8664441705 -0.3349962234 -0.0892173797 0.3257885873 -0.9412236810 0.9246557355 0.3783335686 0.0433068164
433.9 -682.3 2524.5 0.3702053726 -0.5501667857 -0.7485081553 -0.0892173797 0.7809752822 -0.6181568503 0.9246557355 0.2956249118 0.2400368154
480.4 -274.6 2508.4 0 0 0 0 0 0 0 0 0
429.5 -268.0 2608.4 0 0 0 0 0 0 0 0 0
271.9 -790.5 2222.6 0 0 0 0 0 0 0 0 0
589.1 -902.7 2441.1 0 0 0 0 0 0 0 0 0
157.5 27.3 2637.3 05 0.3733949959 0.1685151458 -0.9122383595 -0.1364920586 0.9826400876 0.1256516874 0.9175761938 0.0775955766 0.3899138868
124.3 -166.4 2622.0 0.3733949959 0.1685151458 -0.9122383595 -0.1364920586 0.9826400876 0.1256516874 0.9175761938 0.0775955766 0.3899138868
92.2 -357.4 2608.3 0.3746586442 0.1650026888 -0.9123623371 -0.1290418059 0.9837393165 0.1249207631 0.9181389213 0.0709302425 0.3898586631
73.2 -148.8 2496.8 -0.6785262823 0.1784921885 -0.7125605941 0.6951983571 0.4693686962 -0.5444192290 0.2372790575 -0.8647736907 -0.4425664544
230.4 -310.0 2441.8 -0.9554091692 0.1784921885 0.2352314740 -0.1274392605 0.4693686962 -0.8737575412 -0.2663691938 -0.8647736907 -0.4256922305
175.4 -184.0 2747.3 0.7409884930 0.4543903768 -0.4944344461 -0.5470950603 0.8354460001 -0.0521252640 0.3893880546 0.3091268539 0.8676505685
368.6 -326.6 2848.8 0.2320929915 0.4543903768 0.8600361943 0.2240036279 0.8354460001 -0.5018489957 -0.9465491176 0.3091268539 0.0921160653
31.4 -537.2 2508.5 0.7831479907 -0.6208208203 0.0355069600 0.0408617519 -0.0055989577 -0.9991491437 0.6204913855 0.7839325070 0.0209830124
252.7 -535.2 2229.1 0.7831479907 -0.0715617016 -0.6177039146 0.0408617519 0.9971314073 -0.0637127608 0.6204913855 0.0246560574 0.7838255763
98.1 -560.7 2672.6 0.3723909259 -0.8666056395 -0.3321440220 -0.0959799960 0.3200043142 -0.9425418377 0.9230995774 0.3828732073 0.0359898880
434.1 -684.8 2524.1 0.3723909259 -0.5511469841 -0.7467007637 -0.0959799960 0.7773836851 -0.6216610074 0.9230995774 0.3031692505 0.2365915477
477.9 -277.0 2510.8 0 0 0 0 0 0 0 0 0
427.4 -269.9 2608.9 0 0 0 0 0 0 0 0 0
270.9 -789.0 2222.8 0 0 0 0 0 0 0 0 0
587.6 -901.3 2439.7 0 0 0 0 0 0 0 0 0
157.7 28.7 2637.2 06 0.3667414486 0.1623987406 -0.9160389304 -0.1327896863 0.9837021232 0.1212312058 0.9207972884 0.0771800205 0.3823292255
125.7 -164.7 2622.0 0.3667414486 0.1623987406 -0.9160389304 -0.1327896863 0.9837021232 0.1212312058 0.9207972884 0.0771800205 0.3823292255
94.6 -355.9 2608.8 0.3682617545 0.1601130515 -0.9158313870 -0.1235106215 0.9847534299 0.1224981472 0.9214816689 0.0680035204 0.3824226856
75.5 -147.9 2496.2 -0.6814165711 0.1593222171 -0.7143443823 0.6938774586 0.4511065781 -0.5612815619 0.2328208238 -0.8781339526 -0.4179416001
233.8 -309.1 2442.1 -0.9635565281 0.1593222171 0.2148842663 -0.1225560308 0.4511065781 -0.8840152025 -0.2377789766 -0.8781339526 -0.4151407778
176.0 -181.6 2747.8 0.7404960990 0.4482095838 -0.5007731318 -0.5419999361 0.8388503194 -0.0506578349 0.3973683417 0.3089309037 0.8640949726
369.2 -323.0 2851.4 0.2382999957 0.4482095838 0.8615806699 0.2209621966 0.8388503194 -0.4974995852 -0.9457213283 0.3089309037 0.1008606628
26.7 -536.8 2512.3 0.7791038156 -0.6260199547 0.0331106335 0.0365580134 -0.0073561841 -0.9993044734 0.6258280873 0.7797723413 0.0171548147
251.8 -534.1 2231.9 0.7791038156 -0.0767572299 -0.6221781373 0.0365580134 0.9963498116 -0.0771395937 0.6258280873 0.0373541526 0.7790660262
93.9 -559.9 2676.5 0.3627352417 -0.8687644005 -0.3371522129 -0.1175969541 0.3162275851 -0.9413666129 0.9244425893 0.3811149299 0.0125428447
431.0 -682.6 2528.6 0.3627352417 -0.5523151755 -0.7505804896 -0.1175969541 0.7718687654 -0.6248116493 0.9244425893 0.3149071932 0.2150334269
484.7 -277.2 2504.0 0 0 0 0 0 0 0 0 0
429.6 -266.9 2611.5 0 0 0 0 0 0 0 0 0
271.6 -790.3 2222.3 0 0 0 0 0 0 0 0 0
587.6 -901.5 2439.3 0 0 0 0 0 0 0 0 0
155.1 29.5 2637.6 07 0.4069245756 0.1572475582 -0.8998253345 -0.1454551816 0.9836572409 0.1061188430 0.9018065929 0.0877018869 0.4231467843
124.2 -164.2 2620.3 0.4069245756 0.1572475582 -0.8998253345 -0.1454551816 0.9836572409 0.1061188430 0.9018065929 0.0877018869 0.4231467843
93.3 -355.3 2605.0 0.4081054926 0.1584711820 -0.8990755081 -0.1380945593 0.9842026830 0.1107922718 0.9024299383 0.0789425001 0.4235425293
68.5 -145.4 2497.2 -0.7112232447 0.2050510794 -0.6723954082 0.6707207561 0.4843176603 -0.5617562532 0.2104642540 -0.8505236506 -0.4819899797
237.7 -305.0 2447.1 -0.9430152178 0.2050510794 0.2620617449 -0.1349114776 0.4843176603 -0.8644277453 -0.3041729927 -0.8505236506 -0.4290551841
179.8 -183.1 2743.4 0.7592799664 0.4573226273 -0.4629793763 -0.5452182293 0.8354578614 -0.0689004660 0.3552900255 0.3047395349 0.8836870790
377.8 -325.2 2836.0 0.1964723766 0.4573226273 0.8673261404 0.2392870784 0.8354578614 -0.4947240353 -0.9508629441 0.3047395349 0.0547129884
30.6 -536.0 2513.1 0.7863023877 -0.6168586612 0.0348418020 0.0384913385 -0.0073747924 -0.9992316961 0.6166417003 0.7870393991 0.0179449003
251.8 -533.3 2230.9 0.7863023877 -0.0786588788 -0.6128143072 0.0384913385 0.9961725473 -0.0784772560 0.6166417003 0.0381188095 0.7863205075
96.6 -558.1 2678.0 0.3892436028 -0.8643778563 -0.3183399439 -0.0813607648 0.3119824827 -0.9465977550 0.9175346494 0.3943575025 0.0511107333
432.1 -679.2 2525.0 0.3892436028 -0.5457053185 -0.7420883775 -0.0813607648 0.7821072936 -0.6178095341 0.9175346494 0.3008552790 0.2600312531
483.4 -269.8 2526.4 0 0 0 0 0 0 0 0 0
427.6 -264.5 2595.0 0 0 0 0 0 0 0 0 0
271.8 -787.1 2221.1 0 0 0 0 0 0 0 0 0
587.2 -901.5 2439.5 0 0 0 0 0 0 0 0 0
155.4 32.3 2637.3 08 0.4232283533 0.1548702568 -0.8926886320 -0.1438779235 0.9842681289 0.1025448665 0.8945260644 0.0850382894 0.4388525784
124.9 -161.5 2620.5 0.4232283533 0.1548702568 -0.8926886320 -0.1438779235 0.9842681289 0.1025448665 0.8945260644 0.0850382894 0.4388525784
95.4 -352.8 2605.4 0.4244180322 0.1518966854 -0.8926346898 -0.1362395883 0.9853183627 0.1028909609 0.8951581120 0.0779434144 0.4388812184
66.9 -142.9 2498.3 -0.6838827729 0.2243922651 -0.6942279339 0.6886751652 0.5127131343 -0.5126907229 0.2408959568 -0.8287178874 -0.5051690936
225.5 -302.7 2442.5 -0.9331302643 0.2243922651 0.2809199393 -0.1320992559 0.5127131343 -0.8483366370 -0.3343915343 -0.8287178874 -0.4487860799
182.8 -180.1 2742.7 0.7695885301 0.4556959569 -0.4472971559 -0.5395743251 0.8386867046 -0.0739197209 0.3414572477 0.2982378304 0.8913254738
383.5 -320.8 2831.8 0.1783805341 0.4556959569 0.8720788956 0.2422092259 0.8386867046 -0.4877902269 -0.9536849856 0.2982378304 0.0392316133
26.0 -534.0 2508.9 0.7748153806 -0.6316457391 0.0261681527 0.0337922983 0.0000468386 -0.9994288683 0.6312837601 0.7752571702 0.0213810522
254.8 -534.0 2228.1 0.7748153806 -0.0675639138 -0.6285668015 0.0337922983 0.9972774982 -0.0655414462 0.6312837601 0.0295418072 0.7749890685
99.1 -558.7 2670.3 0.3752633631 -0.8631371856 -0.3378928602 -0.0880930051 0.3296731412 -0.9399762154 0.9227226377 0.3825046122 0.0476779044
434.1 -686.6 2521.9 0.3752633631 -0.5565727949 -0.7412180305 -0.0880930051 0.7746239305 -0.6262566447 0.9227226377 0.3003073037 0.2416578084
469.3 -268.2 2529.8 0 0 0 0 0 0 0 0 0
428.8 -259.4 2589.9 0 0 0 0 0 0 0 0 0
272.0 -788.0 2220.6 0 0 0 0 0 0 0 0 0
587.8 -900.6 2438.9 0 0 0 0 0 0 0 0 0
157.3 34.8 2637.6 09 0.4336413145 0.1318789124 -0.8913826942 -0.1379244179 0.9872894883 0.0789705068 0.8904673457 0.0886985585 0.4463188350
131.2 -159.9 2620.1 0.4336413145 0.1318789124 -0.8913826942 -0.1379244179 0.9872894883 0.0789705068 0.8904673457 0.0886985585 0.4463188350
106.2 -351.8 2605.3 0.4353207350 0.1287823170 -0.8910168409 -0.1251928508 0.9887591004 0.0817444175 0.8915282488 0.0759638995 0.4465499818
71.8 -142.9 2498.4 -0.5696644187 0.2206408978 -0.7917070389 0.7558376789 0.5189704895 -0.3992230296 0.3227876723 -0.8258251548 -0.4624077082
195.7 -307.3 2428.2 -0.9078856707 0.2206408978 0.3564564884 -0.2001563907 0.5189704895 -0.8310276866 -0.3683491051 -0.8258251548 -0.4270031750
190.7 -177.0 2741.9 0.7853335738 0.4379039705 -0.4375971556 -0.5204818845 0.8497576118 -0.0837292671 0.3351861238 0.2935168147 0.8952642679
395.5 -312.8 2829.3 0.1641821414 0.4379039705 0.8839029074 0.2454050183 0.8497576118 -0.4665708840 -0.9554164410 0.2935168147 0.0320511870
27.8 -531.8 2510.1 0.7791844606 -0.6265906096 0.0159935448 0.0306703225 0.0126288105 -0.9994497895 0.6260438561 0.7792462707 0.0290579088
250.5 -536.3 2233.2 0.7791844606 -0.0804997161 -0.6216039062 0.0306703225 0.9954271913 -0.0904655978 0.6260438561 0.0514245927 0.7780903578
103.9 -556.2 2670.3 0.3844552636 -0.8542982936 -0.3498121798 -0.0748118684 0.3488565981 -0.9341853261 0.9201072454 0.3853225708 0.0702080950
435.4 -691.6 2520.8 0.3844552636 -0.5591967106 -0.7345020175 -0.0748118684 0.7741628885 -0.6285499334 0.9201072454 0.2965987921 0.2557964325
426.7 -256.3 2521.9 0 0 0 0 0 0 0 0 0
437.2 -250.5 2586.9 0 0 0 0 0 0 0 0 0
270.5 -784.6 2220.4 0 0 0 0 0 0 0 0 0
586.8 -901.2 2440.5 0 0 0 0 0 0 0 0 0
159.2 32.1 2636.8 10 0.4253300726 0.1396110505 -0.8942052722 -0.1476634741 0.9854957461 0.0836277455 0.8929108381 0.0964720622 0.4397764504
131.5 -163.4 2617.7 0.4253300726 0.1396110505 -0.8942052722 -0.1476634741 0.9854957461 0.0836277455 0.8929108381 0.0964720622 0.4397764504
105.8 -355.0 2600.6 0.4268409908 0.1325203776 -0.8945642114 -0.1367104352 0.9872918129 0.0810256675 0.8939334750 0.0877111927 0.4395335019
73.2 -144.8 2495.6 -0.5710458755 0.2067652494 -0.7944524884 0.7600181103 0.4989515841 -0.4164369702 0.3102886081 -0.8416029215 -0.4420695901
197.4 -310.0 2428.1 -0.9031084776 0.2067652494 0.3763551414 -0.2335565984 0.4989515841 -0.8345649242 -0.3603420258 -0.8416029215 -0.4023160040
189.8 -182.1 2739.7 0.7800242901 0.4390535653 -0.4458632469 -0.5276088715 0.8445586562 -0.0913761109 0.3364386559 0.3065169752 0.8904248476
393.3 -319.8 2827.5 0.1737726033 0.4390535653 0.8814958930 0.2548925877 0.8445586562 -0.4709038734 -0.9512270093 0.3065169752 0.0348496549
42.3 -532.5 2510.7 0.7989044189 -0.6010174751 0.0230165031 0.0333316773 0.0060323197 -0.9994261265 0.6005337238 0.7992131114 0.0248521678
248.8 -534.6 2236.1 0.7989044189 -0.0889991224 -0.5948368907 0.0333316773 0.9940229654 -0.1039584950 0.6005337238 0.0632259846 0.7970957756
120.2 -554.9 2670.4 0.3905820549 -0.8369713426 -0.3833075166 -0.0926905945 0.3785096109 -0.9209445715 0.9158897996 0.3952334225 0.0702596903
444.9 -701.7 2517.1 0.3805709779 -0.5511465073 -0.7425653338 -0.0784299970 0.7808588147 -0.6197646856 0.9214197993 0.2941038311 0.2539457679
424.4 -251.3 2518.6 0 0 0 0 0 0 0 0 0
437.4 -255.1 2586.2 0 0 0 0 0 0 0 0 0
271.5 -788.0 2220.0 0 0 0 0 0 0 0 0 0
587.0 -903.1 2441.3 0 0 0 0 0 0 0 0 0
159.4 33.5 2638.4 11 0.4057393074 0.1546297669 -0.9008136392 -0.1569713950 0.9827299118 0.0979890153 0.9004085660 0.1016439795 0.4230046272
128.7 -161.1 2618.3 0.4057393074 0.1546297669 -0.9008136392 -0.1569713950 0.9827299118 0.0979890153 0.9004085660 0.1016439795 0.4230046272
100.1 -352.2 2600.3 0.4074671566 0.1478996873 -0.9011638165 -0.1457348019 0.9846829772 0.0957119539 0.9015164375 0.0923314467 0.4227801263
73.1 -141.2 2495.1 -0.6136021018 0.2094175071 -0.7613388300 0.7405475378 0.4872144461 -0.4628297985 0.2740105987 -0.8478009105 -0.4540394247
212.8 -309.7 2432.8 -0.9022440314 0.2094175071 0.3769616187 -0.2379675806 0.4872144461 -0.8402342200 -0.3596208990 -0.8478009105 -0.3897517323
184.4 -181.0 2741.4 0.7642875314 0.4478099346 -0.4640374780 -0.5416957736 0.8362464309 -0.0851911455 0.3499002457 0.3164776862 0.8817095160
383.8 -322.3 2832.7 0.1960739940 0.4478099346 0.8723652959 0.2534922063 0.8362464309 -0.4862443507 -0.9472574592 0.3164776862 0.0504498482
41.9 -534.4 2503.5 0.7918531299 -0.6100380421 0.0286740623 0.0367639661 0.0007491237 -0.9993237257 0.6096040010 0.7923717499 0.0230206139
249.6 -534.7 2233.7 0.7918531299 -0.0861561596 -0.6046037674 0.0367639661 0.9949283004 -0.0936274976 0.6096040010 0.0519115925 0.7910045385
118.3 -558.9 2663.6 0.3723871112 -0.8413388133 -0.3917611539 -0.1015118957 0.3826640546 -0.9182938337 0.9225091934 0.3817291856 0.0570932589
444.8 -707.4 2515.5 0.3619257808 -0.5659685135 -0.7407357097 -0.0871986821 0.7705664635 -0.6313665509 0.9281196594 0.2930990160 0.2295361459
440.9 -249.6 2523.7 0 0 0 0 0 0 0 0 0
433.6 -258.0 2592.3 0 0 0 0 0 0 0 0 0
271.5 -787.9 2220.5 0 0 0 0 0 0 0 0 0
587.5 -901.8 2441.6 0 0 0 0 0 0 0 0 0
155.3 32.0 2636.7 12 0.3884938657 0.1451181769 -0.9099523425 -0.1473176181 0.9846001863 0.0941273421 0.9095988274 0.0974841118 0.4038895965
126.6 -162.8 2617.4 0.3884938657 0.1451181769 -0.9099523425 -0.1473176181 0.9846001863 0.0941273421 0.9095988274 0.0974841118 0.4038895965
98.5 -354.1 2600.4 0.3898586631 0.1447456181 -0.9094278216 -0.1380411237 0.9855966568 0.0976925120 0.9104695916 0.0874521583 0.4042242467
73.4 -143.9 2493.0 -0.6659641862 0.2289506793 -0.7099812031 0.7010149956 0.5175157785 -0.4906682968 0.2550876439 -0.8244749904 -0.5051448345
226.7 -305.4 2434.3 -0.9056198001 0.2289506793 0.3569794893 -0.1973632127 0.5175157785 -0.8326014280 -0.3753671944 -0.8244749904 -0.4234861135
179.8 -181.6 2741.7 0.7579554915 0.4403153956 -0.4812752008 -0.5378009081 0.8393571377 -0.0790551305 0.3691526055 0.3187505305 0.8729974031
377.6 -322.0 2838.1 0.2143454403 0.4403153956 0.8718820810 0.2464820296 0.8393571377 -0.4844854474 -0.9451468587 0.3187505305 0.0713825524
34.9 -530.2 2501.6 0.7771077156 -0.6291347742 0.0171169415 0.0351926014 0.0162832756 -0.9992479086 0.6283828616 0.7771256566 0.0347947516
255.8 -536.0 2228.7 0.7771077156 -0.0626794547 -0.6262386441 0.0351926014 0.9977992177 -0.0561975315 0.6283828616 0.0216325670 0.7776033282
107.9 -556.3 2663.1 0.3653431535 -0.8524312377 -0.3740125597 -0.0985583439 0.3641065657 -0.9261277914 0.9256406426 0.3752165139 0.0490096323
438.6 -697.6 2517.5 0.3594058454 -0.5623767972 -0.7446876764 -0.0903717205 0.7732831836 -0.6275874972 0.9287950993 0.2928573191 0.2270995378
458.2 -254.9 2530.2 0 0 0 0 0 0 0 0 0
432.0 -259.4 2598.2 0 0 0 0 0 0 0 0 0
271.9 -791.8 2223.2 0 0 0 0 0 0 0 0 0
587.8 -902.7 2439.8 0 0 0 0 0 0 0 0 0
157.5 33.0 2636.3 13 0.3653874993 0.1696497947 -0.9152655005 -0.1406490803 0.9820251465 0.1258748919 0.9201683402 0.0827381387 0.3826808035
124.0 -160.9 2620.0 0.3653874993 0.1696497947 -0.9152655005 -0.1406490803 0.9820251465 0.1258748919 0.9201683402 0.0827381387 0.3826808035
92.1 -351.8 2605.4 0.3669661582 0.1643331647 -0.9156038761 -0.1313582808 0.9835639000 0.1238833964 0.9209130406 0.0748111308 0.3825211823
73.9 -143.0 2494.2 -0.6719201207 0.2292186469 -0.7042599916 0.6982499361 0.5130851865 -0.4991899133 0.2469217479 -0.8271653056 -0.5048041940
230.9 -306.2 2436.5 -0.9248639345 0.2292186469 0.3034560382 -0.1501239538 0.5130851865 -0.8451073170 -0.3494131565 -0.8271653056 -0.4401227534
174.1 -178.8 2745.7 0.7379137278 0.4514983594 -0.5016298890 -0.5476657748 0.8349443078 -0.0541317612 0.3943926096 0.3146700859 0.8633870482
366.6 -321.6 2848.6 0.2399519086 0.4514983594 0.8594022989 0.2260532081 0.8349443078 -0.5017648935 -0.9440990686 0.3146700859 0.0982838199
35.5 -533.0 2501.9 0.7789092064 -0.6267471910 0.0221005008 0.0309283361 0.0031919570 -0.9995164871 0.6263735890 0.7792161107 0.0218704920
257.3 -534.2 2226.1 0.7789092064 -0.0531842522 -0.6248775125 0.0309283361 0.9984427691 -0.0464268066 0.6263735890 0.0168358460 0.7793411613
105.3 -557.7 2665.0 0.3871046305 -0.8566406965 -0.3410523236 -0.0573171563 0.3468180299 -0.9361794591 0.9202525616 0.3819475770 0.0851546600
437.8 -692.3 2516.7 0.3871046305 -0.5566492677 -0.7350453138 -0.0573171563 0.7811286449 -0.6217336655 0.9202525616 0.2828066945 0.2704729736
468.8 -267.5 2526.4 0 0 0 0 0 0 0 0 0
427.4 -264.3 2609.1 0 0 0 0 0 0 0 0 0
270.8 -787.7 2221.8 0 0 0 0 0 0 0 0 0
588.0 -903.2 2440.4 0 0 0 0 0 0 0 0 0
155.9 36.2 2636.1 14 0.3159523308 0.1566513330 -0.9357534051 -0.1304402500 0.9840818048 0.1206993386 0.9397656322 0.0839246809 0.3313565850
124.9 -158.0 2619.6 0.3159523308 0.1566513330 -0.9357534051 -0.1304402500 0.9840818048 0.1206993386 0.9397656322 0.0839246809 0.3313565850
94.3 -349.2 2605.7 0.3177218735 0.1575143337 -0.9350091219 -0.1193498820 0.9849057794 0.1253642440 0.9406425357 0.0717622638 0.3317254186
81.6 -141.7 2491.3 -0.6456994414 0.2164903432 -0.7322596312 0.7254448533 0.4732329845 -0.4997802973 0.2383317947 -0.8539218307 -0.4626180828
229.2 -307.6 2436.8 -0.9405484200 0.2164903432 0.2617262602 -0.1333857626 0.4732329845 -0.8707805872 -0.3123731017 -0.8539218307 -0.4162217975
168.3 -174.3 2747.9 0.7169841528 0.4320890307 -0.5470218062 -0.5410708189 0.8397239447 -0.0458915643 0.4395180643 0.3288810551 0.8358595371
355.1 -315.3 2862.4 0.2894364893 0.4320890307 0.8541226983 0.2162635326 0.8397239447 -0.4980900884 -0.9324465394 0.3288810551 0.1496016532
27.3 -530.9 2508.4 0.7772710919 -0.6288208961 0.0208316185 0.0371949673 0.0128734540 -0.9992250800 0.6280654669 0.7774435878 0.0333951376
252.4 -535.5 2230.0 0.7772710919 -0.0708930567 -0.6251590252 0.0371949673 0.9970713258 -0.0668227747 0.6280654669 0.0286866389 0.7776315808
93.0 -554.3 2673.3 0.4204767644 -0.8582268357 -0.2943569720 -0.0101719657 0.3199511766 -0.9473794103 0.9072462916 0.4013452232 0.1258021742
425.9 -678.5 2517.6 0.4204767644 -0.5654436946 -0.7095581293 -0.0101719657 0.7790647149 -0.6268609762 0.9072462916 0.2707980871 0.3218269348
471.8 -273.2 2517.4 0 0 0 0 0 0 0 0 0
428.5 -260.5 2626.1 0 0 0 0 0 0 0 0 0
270.4 -787.6 2222.7 0 0 0 0 0 0 0 0 0
588.5 -902.4 2439.8 0 0 0 0 0 0 0 0 0
157.6 38.4 2638.6 15 0.3170760274 0.1590378582 -0.9349704385 -0.1256195605 0.9841962457 0.1248098388 0.9400438666 0.0778763741 0.3320432901
126.3 -155.5 2623.2 0.3170760274 0.1590378582 -0.9349704385 -0.1256195605 0.9841962457 0.1248098388 0.9400438666 0.0778763741 0.3320432901
95.3 -346.7 2609.7 0.3183159530 0.1594452411 -0.9344796538 -0.1179540679 0.9847551584 0.1278442591 0.9406177998 0.0695308074 0.3322704732
82.8 -139.4 2494.8 -0.6496375203 0.2227767110 -0.7268711329 0.7229355574 0.4768602848 -0.4999684691 0.2352346480 -0.8502792716 -0.4708395302
231.5 -304.8 2441.0 -0.9395691156 0.2227767110 0.2599622607 -0.1275575310 0.4768602848 -0.8696742654 -0.3177088499 -0.8502792716 -0.4196263552
169.7 -171.6 2751.6 0.7164885998 0.4338531494 -0.5462742448 -0.5412909985 0.8397334218 -0.0430331267 0.4400546551 0.3265260756 0.8365002275
356.6 -312.8 2866.4 0.2890129983 0.4338531494 0.8533715010 0.2135509402 0.8397334218 -0.4992432594 -0.9332028031 0.3265260756 0.1500441283
35.3 -529.6 2507.6 0.7859439254 -0.6179836988 0.0197059680 0.0393238179 0.0181539450 -0.9990615845 0.6170459986 0.7859812975 0.0385694616
253.4 -536.0 2230.3 0.7859439254 -0.0723509341 -0.6140500903 0.0393238179 0.9969685674 -0.0671366900 0.6170459986 0.0286188778 0.7864065170
92.1 -551.0 2675.9 0.3851642311 -0.8641863465 -0.3237752616 -0.0760536566 0.3199256957 -0.9443851709 0.9197088480 0.3883676827 0.0574994050
427.5 -675.1 2525.2 0.3851642311 -0.5553048849 -0.7370786667 -0.0760536566 0.7768828869 -0.6250350475 0.9197088480 0.2967986763 0.2569945455
474.3 -271.9 2523.1 0 0 0 0 0 0 0 0 0
429.9 -258.7 2629.7 0 0 0 0 0 0 0 0 0
271.6 -787.8 2223.1 0 0 0 0 0 0 0 0 0
589.7 -902.0 2438.5 0 0 0 0 0 0 0 0 0
157.5 37.0 2638.3 16 0.2893631160 0.1659100652 -0.9427315593 -0.1219241172 0.9832310677 0.1356139928 0.9494227171 0.0757000297 0.3047392368
124.8 -156.8 2623.3 0.2893631160 0.1659100652 -0.9427315593 -0.1219241172 0.9832310677 0.1356139928 0.9494227171 0.0757000297 0.3047392368
92.4 -347.7 2610.4 0.2907293737 0.1669478118 -0.9421278238 -0.1138505265 0.9837003946 0.1391816735 0.9500076175 0.0667975470 0.3049977124
85.1 -141.3 2493.7 -0.6495754719 0.2285226882 -0.7251407504 0.7203736901 0.4899900556 -0.4908884764 0.2431325912 -0.8412414193 -0.4829072356
229.2 -301.1 2439.7 -0.9379881620 0.2285226882 0.2606829107 -0.1205632538 0.4899900556 -0.8633505702 -0.3250272274 -0.8412414193 -0.4320534468
164.5 -172.3 2753.0 0.6986716390 0.4326722622 -0.5697830319 -0.5446728468 0.8380571008 -0.0314916149 0.4638851583 0.3323476315 0.8211915493
346.7 -314.4 2874.0 0.3170514703 0.4326722622 0.8439627290 0.2036490291 0.8380571008 -0.5061495304 -0.9262858033 0.3323476315 0.1775939614
35.9 -527.3 2512.0 0.7905009389 -0.6123189926 0.0131821642 0.0380252376 0.0275859069 -0.9988959432 0.6112793088 0.7901294231 0.0450902618
254.8 -537.1 2229.6 0.7905009389 -0.0681039691 -0.6086626053 0.0380252376 0.9973385930 -0.0622080788 0.6112793088 0.0260310024 0.7909867167
92.9 -548.4 2680.4 0.4069152176 -0.8599029779 -0.3081994355 -0.0496384799 0.3160816133 -0.9474325776 0.9121162295 0.4008232653 0.0859341398
426.6 -671.1 2524.9 0.4069152176 -0.5489126444 -0.7301471829 -0.0496384799 0.7848467231 -0.6176986694 0.9121162295 0.2875943780 0.2921189070
471.8 -269.9 2523.8 0 0 0 0 0 0 0 0 0
427.1 -262.7 2639.1 0 0 0 0 0 0 0 0 0
271.9 -788.7 2223.0 0 0 0 0 0 0 0 0 0
588.7 -902.9 2439.9 0 0 0 0 0 0 0 0 0
160.0 37.5 2638.6 17 0.3423978090 0.1689027995 -0.9242486358 -0.1345576942 0.9823837280 0.1296784133 0.9298698902 0.0799631700 0.3590931892
126.7 -156.0 2622.9 0.3423978090 0.1689027995 -0.9242486358 -0.1345576942 0.9823837280 0.1296784133 0.9298698902 0.0799631700 0.3590931892
96.6 -347.1 2608.0 0.3437843323 0.1546252370 -0.9262307286 -0.1261262000 0.9850159883 0.1176252440 0.9305399060 0.0763842463 0.3581353426
79.8 -138.8 2496.0 -0.6683673859 0.1900642067 -0.7191388607 0.7084608674 0.4572461843 -0.5375957489 0.2266457975 -0.8687931299 -0.4402614832
235.8 -304.1 2443.1 -0.9479922056 0.1900642067 0.2553162873 -0.1446563303 0.4572461843 -0.8774967194 -0.2835231125 -0.8687931299 -0.4059718251
173.6 -173.1 2749.7 0.7314409018 0.4368401468 -0.5236075521 -0.5412070155 0.8390198946 -0.0560407490 0.4148363173 0.3243705630 0.8501144648
364.1 -314.1 2857.8 0.2628598511 0.4368401468 0.8602763414 0.2257936001 0.8390198946 -0.4950382113 -0.9380415678 0.3243705630 0.1219089404
33.9 -528.5 2512.3 0.7854672670 -0.6188316941 0.0094042607 0.0318319574 0.0252192281 -0.9991750121 0.6180840135 0.7851186395 0.0395075046
255.3 -537.5 2231.4 0.7854672670 -0.0667911023 -0.6152886152 0.0318319574 0.9972037077 -0.0676127821 0.6180840135 0.0335217901 0.7853969932
86.0 -548.9 2682.4 0.4042239189 -0.8654348254 -0.2960162461 -0.0555641130 0.2998031378 -0.9523816109 0.9129707813 0.4014233053 0.0731004924
421.9 -665.2 2526.6 0.4042239189 -0.5491807461 -0.7314393520 -0.0555641130 0.7834635377 -0.6189486980 0.9129707813 0.2908356488 0.2861799896
481.1 -266.7 2516.5 0 0 0 0 0 0 0 0 0
430.7 -256.9 2620.2 0 0 0 0 0 0 0 0 0
272.3 -790.0 2222.9 0 0 0 0 0 0 0 0 0
587.4 -901.4 2438.9 0 0 0 0 0 0 0 0 0
159.9 37.9 2637.8 18 0.3477059603 0.1713891327 -0.9218060374 -0.1427650154 0.9813649654 0.1286117136 0.9266707897 0.0868825838 0.3656948209
126.0 -155.9 2620.6 0.3477059603 0.1713891327 -0.9218060374 -0.1427650154 0.9813649654 0.1286117136 0.9266707897 0.0868825838 0.3656948209
95.8 -347.0 2604.4 0.3492180109 0.1555561572 -0.9240395427 -0.1336742491 0.9843088984 0.1151832268 0.9274578094 0.0832962319 0.3645322621
78.3 -137.7 2494.1 -0.6814524531 0.2179689705 -0.6986501813 0.7024267316 0.4628057778 -0.5407472253 0.2054732144 -0.8592440486 -0.4684873521
239.9 -304.2 2445.3 -0.9359890819 0.2179689705 0.2764307559 -0.1502393633 0.4628057778 -0.8736354709 -0.3183591664 -0.8592440486 -0.4004336298
173.7 -174.1 2747.2 0.7337035537 0.4390021265 -0.5186098814 -0.5446545482 0.8363204002 -0.0626069009 0.4062394500 0.3283981383 0.8527157307
365.0 -316.1 2853.1 0.2574274540 0.4390021265 0.8608183265 0.2331015766 0.8363204002 -0.4962175488 -0.9377604723 0.3283981383 0.1129597574
35.8 -527.1 2509.9 0.7869320512 -0.6168850660 0.0138121406 0.0405633077 0.0293827225 -0.9987448454 0.6157048941 0.7865046263 0.0481451042
255.2 -537.5 2230.1 0.7869320512 -0.0712999627 -0.6129063964 0.0405633077 0.9971305132 -0.0639164522 0.6157048941 0.0254363958 0.7875661254
97.3 -549.5 2676.3 0.3645579517 -0.8631807566 -0.3493085504 -0.1157386675 0.3302126229 -0.9367839694 0.9239599705 0.3819405437 0.0204782486
432.2 -677.6 2528.1 0.3645579517 -0.5433261991 -0.7562367916 -0.1157386675 0.7793906927 -0.6157553792 0.9239599705 0.3120043576 0.2212492377
483.4 -265.1 2528.2 0 0 0 0 0 0 0 0 0
430.3 -257.0 2615.4 0 0 0 0 0 0 0 0 0
273.4 -791.3 2223.6 0 0 0 0 0 0 0 0 0
588.1 -901.3 2438.6 0 0 0 0 0 0 0 0 0
159.2 31.5 2636.9 19 0.3769736886 0.1697622091 -0.9105337262 -0.1542959064 0.9808335900 0.1189884320 0.9132817984 0.0956361145 0.3959420621
125.5 -162.8 2617.9 0.3769736886 0.1697622091 -0.9105337262 -0.1542959064 0.9808335900 0.1189884320 0.9132817984 0.0956361145 0.3959420621
95.3 -353.7 2599.7 0.3781913221 0.1556083560 -0.9125553966 -0.1469453126 0.9833637476 0.1067838520 0.9139903784 0.0937110186 0.3947655559
73.9 -142.8 2493.2 -0.7118278742 0.2448732406 -0.6582842469 0.6794914007 0.4772860706 -0.5572158098 0.1777426600 -0.8439402580 -0.5061348081
243.0 -304.2 2451.0 -0.9197267890 0.2448732406 0.3068220317 -0.1611072272 0.4772860706 -0.8638532758 -0.3579764068 -0.8439402580 -0.3995219171
177.1 -182.9 2742.7 0.7473281622 0.4468315840 -0.4917744994 -0.5486687422 0.8324477077 -0.0774169117 0.3747842312 0.3276771307 0.8672741652
372.0 -325.9 2840.4 0.2276284248 0.4468315840 0.8651744723 0.2484293431 0.8324477077 -0.4952914715 -0.9415243864 0.3276771307 0.0784826875
