157.4 31.5 2639.2 2 0.4219023585 0.1474157423 -0.8945764303 -0.1557030082 0.9838145375 0.0886880904 0.8931713104 0.1018705294 0.4380267262
128.4 -162.4 2619.2 0.4219023585 0.1474157423 -0.8945764303 -0.1557030082 0.9838145375 0.0886880904 0.8931713104 0.1018705294 0.4380267262
100.2 -353.5 2600.8 0.4230318069 0.1451255083 -0.8944175243 -0.1481020600 0.9848905206 0.0897577032 0.8939294219 0.0944947079 0.4381334186
70.6 -142.2 2497.1 -0.6545329690 0.2025868744 -0.7283853292 0.7067252398 0.5061855912 -0.4942829311 0.2685629129 -0.8382927179 -0.4744884074
224.7 -308.5 2433.9 -0.9306340814 0.2025868744 0.3047602177 -0.1668945551 0.5061855912 -0.8461219668 -0.3256784081 -0.8382927179 -0.4372628927
186.2 -182.6 2741.2 0.9006335139 0.3897247016 -0.1922858953 -0.4310598075 0.7449364066 -0.5091730356 -0.0551965572 0.5414650440 0.8389093876
405.1 -287.4 2727.8 0.5911715031 0.3897247016 0.7061380148 0.2484570593 0.7449364066 -0.6191436648 -0.7673234940 0.5414650440 0.3435553014
35.1 -528.1 2498.4 0.7760592103 -0.6304060817 0.0178965069 0.0392331406 0.0199364647 -0.9990311861 0.6294385791 0.7760094404 0.0402046852
255.6 -535.1 2227.0 0.7760592103 -0.0652105659 -0.6272796392 0.0392331406 0.9977052808 -0.0551806353 0.6294385791 0.0182132889 0.7768367529
108.3 -556.3 2659.3 0.3740087748 -0.8555215001 -0.3580508232 -0.0567401834 0.3642386496 -0.9295755625 0.9256878495 0.3679852784 0.0876859948
440.4 -697.7 2516.4 0.3794408739 -0.5599637628 -0.7365223765 -0.0642675087 0.7781799436 -0.6247444749 0.9229812026 0.2843880653 0.2592857778
460.6 -266.2 2516.5 0 0 0 0 0 0 0 0 0
516.1 -240.8 2583.7 0 0 0 0 0 0 0 0 0
272.3 -791.5 2222.3 0 0 0 0 0 0 0 0 0
588.5 -903.4 2441.2 0 0 0 0 0 0 0 0 0
160.8 33.1 2628.6 3 0.4198342860 0.1655073166 -0.8923825026 -0.1461507976 0.9827291369 0.1135048643 0.8957561851 0.0827691704 0.4367724061
128.1 -161.1 2612.3 0.4198342860 0.1655073166 -0.8923825026 -0.1461507976 0.9827291369 0.1135048643 0.8957561851 0.0827691704 0.4367724061
98.7 -352.3 2597.1 0.4215064049 0.1515009552 -0.8940804005 -0.1357695907 0.9853756428 0.1029634327 0.8966041207 0.0779891908 0.4359113574
70.5 -142.5 2489.8 -0.6604022980 0.2184004635 -0.7184497714 0.7092159390 0.4957951307 -0.5011985302 0.2467418909 -0.8405286670 -0.4823173285
224.9 -308.3 2432.1 -0.9260796905 0.2184004635 0.3076972663 -0.1662821621 0.4957951307 -0.8523716331 -0.3387131691 -0.8405286670 -0.4228297174
185.7 -179.6 2734.7 0.8978453279 0.3942150176 -0.1961334944 -0.4377753735 0.7514848113 -0.4935820997 -0.0471861213 0.5290227532 0.8472947478
404.0 -286.0 2723.2 0.5932308435 0.3942150176 0.7019057870 0.2315685451 0.7514848113 -0.6177754998 -0.7710078955 0.5290227532 0.3545161784
34.1 -531.4 2502.4 0.7803729177 -0.6249068379 0.0225739107 0.0405890532 0.0145968907 -0.9990692735 0.6239957213 0.7805628777 0.0367553979
252.4 -536.5 2229.8 0.7803729177 -0.0765320063 -0.6206133962 0.0405890532 0.9965886474 -0.0718584657 0.6239957213 0.0308862869 0.7808170915
109.9 -557.9 2662.5 0.3900498152 -0.8503209949 -0.3532921672 -0.0509376191 0.3631688058 -0.9303299189 0.9193837643 0.3808708787 0.0983406082
440.0 -698.9 2514.7 0.3895299435 -0.5616283417 -0.7299589515 -0.0502168424 0.7784302235 -0.6257193089 0.9196437597 0.2803926468 0.2750186920
459.7 -266.1 2518.0 0 0 0 0 0 0 0 0 0
515.4 -242.6 2578.5 0 0 0 0 0 0 0 0 0
271.6 -786.7 2222.1 0 0 0 0 0 0 0 0 0
587.3 -903.0 2441.1 0 0 0 0 0 0 0 0 0
161.2 30.2 2632.3 4 0.4216462076 0.1477997750 -0.8946338296 -0.1545787305 0.9839006662 0.0896934196 0.8934875131 0.1004724726 0.4377046824
131.9 -164.6 2612.4 0.4216462076 0.1477997750 -0.8946338296 -0.1545787305 0.9839006662 0.0896934196 0.8934875131 0.1004724726 0.4377046824
103.7 -355.8 2594.7 0.4230629504 0.1452926248 -0.8943756223 -0.1450605392 0.9851894975 0.0914280564 0.8944132924 0.0910587907 0.4378733933
74.1 -144.8 2490.2 -0.6412153840 0.2218345702 -0.7345966697 0.7229719758 0.4955143929 -0.4814322591 0.2572048903 -0.8397945762 -0.4781116247
220.4 -309.7 2431.6 -0.9159761667 0.2218345702 0.3343308270 -0.1894037426 0.4955143929 -0.8476979136 -0.3537144363 -0.8397945762 -0.4118630886
189.7 -184.4 2734.6 0.9005723596 0.3898441195 -0.1923303157 -0.4313841760 0.7468683124 -0.5060586929 -0.0536385924 0.5387107134 0.8407815695
408.7 -289.3 2721.5 0.5911131501 0.3898441195 0.7061209083 0.2456129640 0.7468683124 -0.6179498434 -0.7682834864 0.5387107134 0.3457329273
31.5 -531.4 2501.7 0.7770280242 -0.6289303899 0.0259617437 0.0470563583 0.0169094075 -0.9987490773 0.6277046800 0.7772777081 0.0427342579
253.2 -537.3 2227.8 0.7770280242 -0.0773481280 -0.6246957183 0.0470563583 0.9967824817 -0.0648878217 0.6277046800 0.0210237484 0.7781676054
107.0 -555.7 2662.3 0.3736355007 -0.8555441499 -0.3583863378 -0.0534015819 0.3658878207 -0.9291256070 0.9260371327 0.3662927151 0.0910212770
439.1 -697.7 2520.1 0.3865845203 -0.5590453744 -0.7334989309 -0.0712267235 0.7748593092 -0.6281081438 0.9194993973 0.2950615883 0.2597296238
450.8 -262.1 2520.6 0 0 0 0 0 0 0 0 0
519.7 -243.2 2577.3 0 0 0 0 0 0 0 0 0
272.7 -789.0 2222.5 0 0 0 0 0 0 0 0 0
588.0 -904.1 2441.5 0 0 0 0 0 0 0 0 0
160.7 32.7 2634.6 5 0.4166362286 0.1436510533 -0.8976517320 -0.1625025719 0.9833004475 0.0819334313 0.8944311738 0.1117342860 0.4330222607
132.2 -162.4 2612.5 0.4166362286 0.1436510533 -0.8976517320 -0.1625025719 0.9833004475 0.0819334313 0.8944311738 0.1117342860 0.4330222607
103.7 -353.4 2593.0 0.4179320037 0.1466849148 -0.8965580463 -0.1537221670 0.9840666056 0.0893442482 0.8953782916 0.1004810333 0.4338216484
75.1 -141.4 2490.2 -0.6267145276 0.2411722988 -0.7409890890 0.7319455147 0.5084511638 -0.4535782337 0.2673662603 -0.8266277313 -0.4951786697
219.5 -309.9 2428.6 -0.9018921256 0.2411722988 0.3583664000 -0.1971061677 0.5084511638 -0.8382282257 -0.3843692243 -0.8266277313 -0.4110315442
189.3 -183.4 2734.8 0.8999997973 0.3884046078 -0.1978440434 -0.4327063560 0.7413361669 -0.5130164623 -0.0525890179 0.5473230481 0.8352675438
408.2 -288.6 2722.0 0.5957198143 0.3884046078 0.7030360699 0.2511444390 0.7413361669 -0.6223722100 -0.7629182935 0.5473230481 0.3440829813
37.6 -534.0 2496.9 0.7785227895 -0.6271331906 0.0246213693 0.0382835343 0.0082951002 -0.9992324710 0.6264476180 0.7788679004 0.0304667987
256.7 -536.9 2224.8 0.7785227895 -0.0593447611 -0.6248043180 0.0382835343 0.9981560707 -0.0471039154 0.6264476180 0.0127517553 0.7793592215
113.4 -560.0 2657.2 0.3637297153 -0.8561501503 -0.3670254350 -0.0601933226 0.3715874255 -0.9264445901 0.9295576811 0.3590678871 0.0836228654
445.8 -704.3 2517.8 0.3856000602 -0.5562802553 -0.7361147404 -0.0901815221 0.7712701559 -0.6300870180 0.9182482958 0.3093455434 0.2472356260
446.2 -260.4 2525.2 0 0 0 0 0 0 0 0 0
520.0 -241.4 2578.7 0 0 0 0 0 0 0 0 0
271.6 -786.5 2221.6 0 0 0 0 0 0 0 0 0
588.9 -902.8 2438.1 0 0 0 0 0 0 0 0 0
157.1 28.1 2635.3 6 0.4266616702 0.1296562105 -0.8950693011 -0.1551843733 0.9854882360 0.0687806457 0.8909981251 0.1095547080 0.4405906796
131.6 -166.1 2613.7 0.4266616702 0.1296562105 -0.8950693011 -0.1551843733 0.9854882360 0.0687806457 0.8909981251 0.1095547080 0.4405906796
105.1 -357.3 2593.3 0.4267991483 0.1366638094 -0.8939605951 -0.1541672796 0.9850410223 0.0769843757 0.8911088109 0.1049626097 0.4414837658
73.3 -145.0 2492.0 -0.6269716024 0.2264934629 -0.7453907132 0.7252357602 0.5191078782 -0.4522832036 0.2844989896 -0.8241527081 -0.4897270799
215.8 -309.9 2427.3 -0.9035890698 0.2264934629 0.3636310697 -0.2039088458 0.5191078782 -0.8300290108 -0.3767598867 -0.8241527081 -0.4228761792
189.9 -187.1 2735.5 0.9042435884 0.3846481442 -0.1854435503 -0.4224515259 0.7424814701 -0.5198615193 -0.0622753687 0.5484223366 0.8338792920
409.8 -289.8 2720.3 0.5867190361 0.3846481442 0.7126054764 0.2620109022 0.7424814701 -0.6164994240 -0.7662317157 0.5484223366 0.3348459899
37.8 -530.6 2493.2 0.7736639380 -0.6334376335 0.0141725419 0.0376224183 0.0235990863 -0.9990133047 0.6324781775 0.7734338045 0.0420892164
253.6 -538.6 2229.8 0.7736639380 -0.0724224374 -0.6294435263 0.0376224183 0.9969439507 -0.0684636533 0.6324781775 0.0292866714 0.7740243077
112.7 -558.1 2653.7 0.3477889001 -0.8576468229 -0.3787939250 -0.0509682372 0.3861232996 -0.9210380316 0.9361864924 0.3396332562 0.0905766487
445.6 -708.0 2521.8 0.3856579959 -0.5606826544 -0.7327365875 -0.1016132087 0.7635303736 -0.6377273202 0.9170292616 0.3204003572 0.2374888211
442.3 -258.7 2521.8 0 0 0 0 0 0 0 0 0
520.0 -240.6 2576.4 0 0 0 0 0 0 0 0 0
271.6 -786.6 2222.5 0 0 0 0 0 0 0 0 0
588.7 -902.8 2440.1 0 0 0 0 0 0 0 0 0
157.5 28.0 2636.6 7 0.4482694864 0.1293016374 -0.8844973445 -0.1591856927 0.9852141142 0.0633486509 0.8796103597 0.1124020591 0.4622243941
132.0 -166.6 2614.4 0.4482694864 0.1293016374 -0.8844973445 -0.1591856927 0.9852141142 0.0633486509 0.8796103597 0.1124020591 0.4622243941
107.3 -358.0 2594.5 0.4495632350 0.1270962209 -0.8841603398 -0.1492363065 0.9866003990 0.0659405589 0.8806937337 0.1023043767 0.4625066221
70.6 -146.2 2494.2 -0.6415098906 0.2162250280 -0.7360107303 0.7116576433 0.5259218812 -0.4657784700 0.2863711715 -0.8225891590 -0.4912622571
218.2 -310.0 2428.2 -0.9104781151 0.2162250280 0.3525284827 -0.1955934763 0.5259218812 -0.8277375102 -0.3643800020 -0.8225891590 -0.4365481436
193.4 -186.9 2734.7 0.9075436592 0.3885376453 -0.1593831033 -0.4114868343 0.7468650341 -0.5223707557 -0.0839230195 0.5396583080 0.8376907706
414.0 -287.0 2714.3 0.5652204156 0.3885376453 0.7277117372 0.2693600655 0.7468650341 -0.6079784036 -0.7797249556 0.5396583080 0.3174868822
40.3 -534.6 2493.1 0.7727656364 -0.6345630884 0.0127645200 0.0311064236 0.0177786108 -0.9993579388 0.6339287758 0.7726665139 0.0334776901
256.2 -540.7 2230.2 0.7727656364 -0.0641882345 -0.6314373612 0.0311064236 0.9975076318 -0.0633321404 0.6339287758 0.0292991418 0.7728362679
116.8 -562.2 2652.8 0.3532769084 -0.8563299775 -0.3766887188 -0.0393768586 0.3886843026 -0.9205291867 0.9346897602 0.3400345147 0.1035936028
449.2 -713.1 2520.8 0.3997095525 -0.5625962615 -0.7236834168 -0.1005109176 0.7578334808 -0.6446595788 0.9111146331 0.3304146826 0.2463662177
447.0 -260.9 2519.8 0 0 0 0 0 0 0 0 0
520.1 -236.4 2567.9 0 0 0 0 0 0 0 0 0
272.2 -789.1 2222.9 0 0 0 0 0 0 0 0 0
589.9 -902.8 2438.1 0 0 0 0 0 0 0 0 0
160.6 29.8 2637.8 8 0.4392000735 0.1494065970 -0.8858786225 -0.1762945801 0.9812353849 0.0780856907 0.8809219599 0.1218803599 0.4572982192
131.0 -164.4 2613.7 0.4392000735 0.1494065970 -0.8858786225 -0.1762945801 0.9812353849 0.0780856907 0.8809219599 0.1218803599 0.4572982192
106.0 -355.7 2592.3 0.4419828653 0.1288702935 -0.8877182007 -0.1566269398 0.9855110645 0.0650844648 0.8832435608 0.1102743596 0.4557635784
70.7 -143.0 2493.0 -0.6522392631 0.2280308455 -0.7229009867 0.7133265138 0.5072486401 -0.4835948944 0.2564160228 -0.8310840726 -0.4935079515
222.5 -309.1 2433.3 -0.9147860408 0.2280308455 0.3334193826 -0.1806829125 0.5072486401 -0.8426461220 -0.3612758517 -0.8310840726 -0.4228227139
191.4 -185.8 2734.3 0.9071167111 0.3860786557 -0.1675784886 -0.4133170247 0.7420223355 -0.5277991295 -0.0794249848 0.5480384231 0.8326737285
412.0 -286.3 2715.0 0.5722701550 0.3860786557 0.7234985232 0.2732986212 0.7420223355 -0.6121361852 -0.7731847763 0.5480384231 0.3191224635
42.4 -536.2 2495.8 0.7796144485 -0.6258646250 0.0222439189 0.0350674577 0.0081640640 -0.9993516207 0.6252772212 0.7798889875 0.0283123031
256.0 -539.0 2229.6 0.7796144485 -0.0640412569 -0.6229767799 0.0350674577 0.9976611137 -0.0586737394 0.6252772212 0.0238966867 0.7800367475
122.9 -562.9 2653.5 0.3584500551 -0.8466091156 -0.3934038579 -0.0528738275 0.4023193419 -0.9139713049 0.9320504069 0.3484138250 0.0994479284
451.5 -719.1 2518.3 0.3983824253 -0.5681809187 -0.7200429440 -0.1047099158 0.7517231107 -0.6511130333 0.9112229347 0.3347876072 0.2399791032
452.4 -263.7 2524.1 0 0 0 0 0 0 0 0 0
519.4 -235.0 2569.8 0 0 0 0 0 0 0 0 0
272.0 -788.5 2223.6 0 0 0 0 0 0 0 0 0
590.8 -903.4 2436.2 0 0 0 0 0 0 0 0 0
159.3 28.4 2628.4 9 0.4088424444 0.1621515155 -0.8980839252 -0.1445690840 0.9831697345 0.1117005721 0.9010813832 0.0841672271 0.4254036248
127.4 -164.6 2611.9 0.4088424444 0.1621515155 -0.8980839252 -0.1445690840 0.9831697345 0.1117005721 0.9010813832 0.0841672271 0.4254036248
97.8 -355.7 2597.3 0.4108756185 0.1519834101 -0.8989339471 -0.1318268478 0.9855487943 0.1063733548 0.9021102786 0.0747974142 0.4249734581
71.3 -146.7 2488.8 -0.6687766314 0.2356020808 -0.7051450014 0.7038314342 0.5061709881 -0.4984096885 0.2394975871 -0.8296279907 -0.5043395162
224.6 -308.1 2433.8 -0.9143136144 0.2356020808 0.3294271529 -0.1739195585 0.5061709881 -0.8447147012 -0.3657630086 -0.8296279907 -0.4218232334
183.6 -182.5 2735.0 0.8978798389 0.3887208998 -0.2066588253 -0.4389028251 0.7538269162 -0.4889879823 -0.0342948660 0.5297555923 0.8474566936
401.6 -289.1 2726.6 0.6025725007 0.3887208998 0.6969952583 0.2269610465 0.7538269162 -0.6166308522 -0.7651111484 0.5297555923 0.3660109043
41.4 -532.9 2491.7 0.7728601098 -0.6344421506 0.0130549232 0.0300408285 0.0160298366 -0.9994201064 0.6338649988 0.7728040814 0.0314479880
257.1 -538.4 2229.0 0.7728601098 -0.0569493845 -0.6320158839 0.0300408285 0.9981316924 -0.0532037728 0.6338649988 0.0221327916 0.7731269598
120.6 -561.0 2649.9 0.3589474261 -0.8473265767 -0.3914005756 -0.0391061082 0.4053255022 -0.9133356214 0.9325381517 0.3431456387 0.1123549044
449.5 -718.3 2516.7 0.3964687288 -0.5747902393 -0.7158412337 -0.0873520449 0.7525858879 -0.6526745558 0.9138830304 0.3212952614 0.2481676638
454.8 -264.3 2525.9 0 0 0 0 0 0 0 0 0
514.6 -246.6 2583.2 0 0 0 0 0 0 0 0 0
271.3 -788.0 2223.5 0 0 0 0 0 0 0 0 0
591.7 -904.4 2437.3 0 0 0 0 0 0 0 0 0
158.7 26.9 2632.2 0 0.4198695123 0.1464212984 -0.8956955075 -0.1505380720 0.9844654799 0.0903659388 0.8950127959 0.0968943685 0.4353890419
130.0 -166.1 2613.2 0.4198695123 0.1464212984 -0.8956955075 -0.1505380720 0.9844654799 0.0903659388 0.8950127959 0.0968943685 0.4353890419
101.4 -357.2 2595.9 0.4208819866 0.1469983011 -0.8951256275 -0.1437418014 0.9851225019 0.0941912383 0.8956543207 0.0890235603 0.4357501268
72.5 -146.6 2490.9 -0.6639931798 0.2316006571 -0.7109670639 0.7029045224 0.5176209807 -0.4878460169 0.2550260127 -0.8236684203 -0.5064899325
225.6 -308.6 2432.1 -0.9143906832 0.2316006571 0.3320404291 -0.1731609851 0.5176209807 -0.8379043937 -0.3659303188 -0.8236684203 -0.4332035780
187.5 -185.7 2735.5 0.8999548554 0.3899086416 -0.1950706542 -0.4330386519 0.7474996448 -0.5037080646 -0.0505848899 0.5377876163 0.8415614367
406.2 -290.9 2723.2 0.5932841897 0.3899086416 0.7042620778 0.2427286059 0.7474996448 -0.6183260679 -0.7675263286 0.5377876163 0.3488377631
31.4 -535.1 2501.9 0.7687092423 -0.6394653320 0.0130445277 0.0228265692 0.0070468085 -0.9997146130 0.6391909122 0.7687876225 0.0200137477
256.3 -537.6 2231.5 0.7687092423 -0.0580477677 -0.6369588375 0.0228265692 0.9977285266 -0.0633775964 0.6391909122 0.0341793597 0.7682881951
105.0 -558.6 2663.4 0.3797728419 -0.8543242812 -0.3548275530 -0.0567411631 0.3613297939 -0.9307100773 0.9233379960 0.3735917509 0.0887478963
436.2 -698.7 2518.6 0.3857586980 -0.5693374872 -0.7259786725 -0.0647930354 0.7682226896 -0.6368953586 0.9203217030 0.2927263081 0.2594594955
456.5 -264.9 2524.5 0 0 0 0 0 0 0 0 0
517.5 -245.4 2579.2 0 0 0 0 0 0 0 0 0
270.8 -787.1 2223.0 0 0 0 0 0 0 0 0 0
590.0 -906.2 2439.5 0 0 0 0 0 0 0 0 0
157.6 24.1 2634.6 1 0.4120073318 0.1396451443 -0.9004161358 -0.1535446942 0.9846952558 0.0824578330 0.8981503248 0.1042808816 0.4271434546
130.1 -169.6 2614.1 0.4120073318 0.1396451443 -0.9004161358 -0.1535446942 0.9846952558 0.0824578330 0.8981503248 0.1042808816 0.4271434546
102.0 -360.7 2595.1 0.4125677347 0.1445127279 -0.8993908763 -0.1496608555 0.9846725464 0.0895633623 0.8985485435 0.0976526514 0.4278720319
73.7 -149.2 2491.3 -0.6634811163 0.2289402038 -0.7123055458 0.7020879984 0.5195415616 -0.4869794548 0.2585831881 -0.8232028484 -0.5054422021
225.1 -309.3 2432.4 -0.9142519832 0.2289402038 0.3342599571 -0.1756241173 0.5195415616 -0.8362013698 -0.3651020527 -0.8232028484 -0.4347844720
186.5 -190.0 2736.8 0.9010301828 0.3837037385 -0.2022771537 -0.4313900173 0.7440634370 -0.5101688504 -0.0452466495 0.5469378829 0.8359495997
405.5 -294.9 2725.8 0.6001068950 0.3837037385 0.7018854022 0.2492546290 0.7440634370 -0.6198723316 -0.7600946426 0.5469378829 0.3508776724
35.1 -535.5 2498.3 0.7703093290 -0.6374597549 0.0163892936 0.0225634146 0.0015619928 -0.9997441769 0.6372711062 0.7704820633 0.0155864870
255.4 -536.1 2232.1 0.7703093290 -0.0586668886 -0.6349659562 0.0225634146 0.9976429343 -0.0648031607 0.6372711062 0.0355914757 0.7698174119
110.5 -561.2 2658.7 0.3504812121 -0.8589228392 -0.3733824790 -0.1029491872 0.3609229326 -0.9268959761 0.9308943748 0.3632990420 0.0380713008
443.7 -701.2 2517.8 0.3504812121 -0.5513224602 -0.7571040392 -0.1029491872 0.7808027267 -0.6162374020 0.9308943748 0.2939228714 0.2168984860
456.1 -264.9 2524.6 0 0 0 0 0 0 0 0 0
518.1 -248.1 2583.1 0 0 0 0 0 0 0 0 0
270.3 -788.1 2223.1 0 0 0 0 0 0 0 0 0
588.1 -905.7 2440.8 0 0 0 0 0 0 0 0 0
158.0 28.1 2626.3 2 0.4244718254 0.1409588456 -0.8944016099 -0.1317723393 0.9869077802 0.0930004269 0.8958011866 0.0783813298 0.4374890029
130.1 -167.0 2610.8 0.4244718254 0.1409588456 -0.8944016099 -0.1317723393 0.9869077802 0.0930004269 0.8958011866 0.0783813298 0.4374890029
103.4 -358.7 2596.4 0.4252498150 0.1376980096 -0.8945400119 -0.1262592822 0.9877200723 0.0920197591 0.8962261081 0.0738125965 0.4374134243
72.0 -149.8 2488.4 -0.6742110252 0.2320606560 -0.7011328936 0.6955361962 0.5187303424 -0.4971400797 0.2483322471 -0.8228406310 -0.5111402869
226.1 -308.7 2431.6 -0.9138598442 0.2320606560 0.3331786692 -0.1734880358 0.5187303424 -0.8371503353 -0.3670995533 -0.8228406310 -0.4337870777
188.2 -184.2 2733.2 0.9038277864 0.3847232759 -0.1873055249 -0.4252567291 0.7590747476 -0.4929119945 -0.0474558175 0.5251604915 0.8496789932
408.0 -287.6 2721.6 0.5883314610 0.3847232759 0.7112342119 0.2367398292 0.7590747476 -0.6064320207 -0.7731884122 0.5251604915 0.3555082083
37.0 -538.4 2495.6 0.7724356055 -0.6344273090 0.0290729757 0.0291425567 -0.0103216423 -0.9995219707 0.6344240904 0.7729136348 0.0105160298
254.9 -534.8 2230.1 0.7724356055 -0.0612342656 -0.6321341991 0.0291425567 0.9977099895 -0.0610365532 0.6344240904 0.0287248008 0.7724512219
110.9 -565.1 2656.6 0.3599785268 -0.8591303825 -0.3637450635 -0.0869706124 0.3572831750 -0.9299380779 0.9288980365 0.3663928807 0.0538951792
444.3 -703.8 2514.4 0.3599785268 -0.5598599911 -0.7463057041 -0.0869706124 0.7763121128 -0.6243200898 0.9288980365 0.2896485031 0.2307643294
456.3 -265.0 2524.1 0 0 0 0 0 0 0 0 0
518.4 -243.2 2576.5 0 0 0 0 0 0 0 0 0
270.5 -789.0 2222.8 0 0 0 0 0 0 0 0 0
587.8 -902.8 2440.1 0 0 0 0 0 0 0 0 0
158.1 28.4 2631.1 3 0.4358737767 0.1486376524 -0.8876490593 -0.1453407705 0.9849478602 0.0935618728 0.8881948590 0.0882304311 0.4509160519
128.8 -165.8 2613.7 0.4358737767 0.1486376524 -0.8876490593 -0.1453407705 0.9849478602 0.0935618728 0.8881948590 0.0882304311 0.4509160519
100.3 -357.1 2598.5 0.4373422265 0.1466144472 -0.8872631788 -0.1355375499 0.9860968590 0.0961380526 0.8890227079 0.0782122388 0.4511335790
69.0 -147.2 2492.3 -0.6638685465 0.2371380180 -0.7092560530 0.6993357539 0.5328749418 -0.4764176607 0.2649680078 -0.8122867942 -0.5195980072
223.1 -309.6 2430.8 -0.9003291726 0.2371380180 0.3649286330 -0.1935403198 0.5328749418 -0.8237636089 -0.3898069859 -0.8122867942 -0.4338670969
188.5 -184.3 2735.1 0.8996173739 0.3984053731 -0.1787782907 -0.4320349097 0.7524904013 -0.4970955849 -0.0635166019 0.5244342685 0.8490784764
407.2 -289.3 2719.7 0.5787032843 0.3984053731 0.7116007805 0.2373721153 0.7524904013 -0.6143392324 -0.7802287936 0.5244342685 0.3408983350
38.6 -539.0 2501.8 0.7820277810 -0.6223824620 0.0327507630 0.0335720442 -0.0104055926 -0.9993821383 0.6223387122 0.7826440930 0.0127571896
256.5 -535.4 2227.9 0.7820277810 -0.0543463975 -0.6208695769 0.0335720442 0.9984178543 -0.0451079309 0.6223387122 0.0144317960 0.7826150060
114.8 -561.6 2662.3 0.3666208088 -0.8500367403 -0.3781887293 -0.0932631046 0.3708672523 -0.9239910841 0.9256841540 0.3740254045 0.0566905960
444.7 -705.5 2517.2 0.3691267669 -0.5618062615 -0.7403506637 -0.0966894999 0.7690707445 -0.6318079829 0.9243357182 0.3048013747 0.2295638323
449.3 -260.9 2528.7 0 0 0 0 0 0 0 0 0
515.9 -244.7 2573.2 0 0 0 0 0 0 0 0 0
270.3 -790.3 2224.2 0 0 0 0 0 0 0 0 0
588.9 -902.9 2439.0 0 0 0 0 0 0 0 0 0
163.0 32.5 2635.0 4 0.4054572582 0.1772456616 -0.8967655301 -0.1615603417 0.9794727564 0.1205459908 0.8997236490 0.0960054994 0.4257702231
127.8 -161.7 2616.0 0.4054572582 0.1772456616 -0.8967655301 -0.1615603417 0.9794727564 0.1205459908 0.8997236490 0.0960054994 0.4257702231
95.1 -352.3 2599.6 0.4079411328 0.1690573841 -0.8972199559 -0.1474916339 0.9820024371 0.1179720312 0.9010162354 0.0842067897 0.4255337417
72.2 -141.6 2493.0 -0.6423040032 0.2291423380 -0.7313954830 0.7187272310 0.5115345716 -0.4709177613 0.2662268877 -0.8281462193 -0.4932515621
222.4 -309.7 2430.7 -0.9098136425 0.2291423380 0.3460243940 -0.1898858845 0.5115345716 -0.8380188942 -0.3690290749 -0.8281462193 -0.4218902588
183.5 -181.8 2739.0 0.8898225427 0.4021737278 -0.2155739814 -0.4546788633 0.7415920496 -0.4932629466 -0.0385094397 0.5369334221 0.8427452445
399.8 -292.3 2729.7 0.6067087650 0.4021737278 0.6856827140 0.2233395278 0.7415920496 -0.6325825453 -0.7629049420 0.5369334221 0.3601091206
32.7 -536.4 2503.8 0.7783766985 -0.6273089647 0.0247632414 0.0345649906 0.0034373559 -0.9993965626 0.6268453002 0.7787628770 0.0243584868
252.7 -537.6 2230.7 0.7783766985 -0.0699858963 -0.6238843799 0.0345649906 0.9970369339 -0.0687209740 0.6268453002 0.0319262445 0.7784893513
111.0 -560.6 2663.0 0.3609825969 -0.8524446487 -0.3781926632 -0.1139814183 0.3621672094 -0.9251179099 0.9255807996 0.3770583868 0.0335732028
441.9 -701.2 2516.6 0.3481841683 -0.5610071421 -0.7510251403 -0.0961869285 0.7755475044 -0.6239184141 0.9324783683 0.2894773185 0.2160717994
451.6 -261.8 2523.7 0 0 0 0 0 0 0 0 0
513.6 -250.4 2586.5 0 0 0 0 0 0 0 0 0
270.1 -785.7 2222.7 0 0 0 0 0 0 0 0 0
589.5 -905.2 2440.5 0 0 0 0 0 0 0 0 0
165.0 37.6 2637.5 5 0.3739750087 0.1622061729 -0.9131439328 -0.1445808858 0.9827457070 0.1153572574 0.9160999060 0.0888824314 0.3909742534
132.9 -156.7 2619.9 0.3739750087 0.1622061729 -0.9131439328 -0.1445808858 0.9827457070 0.1153572574 0.9160999060 0.0888824314 0.3909742534
103.0 -347.8 2604.8 0.3760664761 0.1542604268 -0.9136617184 -0.1315768957 0.9849429727 0.1121378466 0.9172031283 0.0780454800 0.3907011449
81.6 -138.7 2494.8 -0.6131002903 0.2354440242 -0.7541048527 0.7389706373 0.5084409714 -0.4420522153 0.2793392539 -0.8282836676 -0.4857115448
222.9 -309.0 2430.4 -0.9104555249 0.2354440242 0.3400541544 -0.1828048229 0.5084409714 -0.8414690495 -0.3710163236 -0.8282836676 -0.4198726118
184.2 -174.7 2745.1 0.8959247470 0.3731229305 -0.2410354316 -0.4442057908 0.7527145743 -0.4859032333 0.0001292559 0.5424020886 0.8401190042
401.9 -282.6 2745.1 0.6317919493 0.3731229305 0.6794248819 0.2219843119 0.7527145743 -0.6197932959 -0.7426721454 0.5424020886 0.3927315772
25.8 -529.6 2502.5 0.7650883794 -0.6438911557 0.0066303303 0.0258100536 0.0203764699 -0.9994591475 0.6434078217 0.7648457289 0.0322086662
253.7 -536.8 2231.7 0.7650883794 -0.0670349002 -0.6404265165 0.0258100536 0.9969596863 -0.0735199451 0.6434078217 0.0397198163 0.7644924521
98.8 -556.0 2663.9 0.3735492826 -0.8630380034 -0.3400387466 -0.0694899410 0.3395092785 -0.9380323291 0.9250038266 0.3740305603 0.0668509901
433.7 -687.7 2518.7 0.3735492826 -0.5568895936 -0.7418456078 -0.0694899410 0.7806912661 -0.6210412979 0.9250038266 0.2835403383 0.2529284358
453.0 -262.8 2524.2 0 0 0 0 0 0 0 0 0
520.4 -240.9 2605.8 0 0 0 0 0 0 0 0 0
270.6 -787.0 2221.7 0 0 0 0 0 0 0 0 0
587.7 -903.5 2440.3 0 0 0 0 0 0 0 0 0
162.9 38.4 2638.7 6 0.4044105709 0.1449807137 -0.9030131102 -0.1460158229 0.9849257469 0.0927394032 0.9028463364 0.0943494141 0.4194838703
134.3 -156.1 2620.1 0.4044105709 0.1449807137 -0.9030131102 -0.1460158229 0.9849257469 0.0927394032 0.9028463364 0.0943494141 0.4194838703
106.4 -347.5 2604.2 0.4061541557 0.1437866986 -0.9024212956 -0.1341139227 0.9862287641 0.0967792571 0.9039094448 0.0817199573 0.4198447168
78.9 -137.8 2496.7 -0.6022560000 0.2292267531 -0.7646847963 0.7450189590 0.5054820180 -0.4352409542 0.2867655158 -0.8318311572 -0.4752078354
219.0 -311.1 2430.0 -0.9068303108 0.2292267531 0.3537144661 -0.1996466964 0.5054820180 -0.8394219279 -0.3712142706 -0.8318311572 -0.4126220345
189.7 -174.3 2743.5 0.9011996984 0.3800506890 -0.2083281130 -0.4322528243 0.7531471848 -0.4959101081 -0.0315692388 0.5369644165 0.8430140018
408.6 -279.3 2735.8 0.6054090261 0.3800506890 0.6993149519 0.2363577187 0.7531471848 -0.6139253974 -0.7600098252 0.5369644165 0.3661341667
39.4 -527.2 2507.6 0.7891896367 -0.6140623093 0.0103523182 0.0348665044 0.0279683545 -0.9990005493 0.6131590605 0.7887617946 0.0434825420
255.5 -537.0 2230.1 0.7891896367 -0.0649945214 -0.6107007861 0.0348665044 0.9975221753 -0.0611055270 0.6131590605 0.0269308463 0.7895002961
106.7 -550.7 2671.8 0.3877543807 -0.8519008160 -0.3520107567 -0.0719369873 0.3527560234 -0.9329460263 0.9189513326 0.3870764971 0.0754995197
437.3 -687.6 2521.6 0.3877543807 -0.5483271480 -0.7409344316 -0.0719369873 0.7833701968 -0.6173785329 0.9189513326 0.2926918268 0.2643102109
447.1 -260.9 2523.4 0 0 0 0 0 0 0 0 0
522.2 -235.0 2593.2 0 0 0 0 0 0 0 0 0
271.8 -787.9 2223.3 0 0 0 0 0 0 0 0 0
587.8 -902.7 2441.2 0 0 0 0 0 0 0 0 0
162.2 39.7 2637.9 7 0.4327953458 0.1407623887 -0.8904348016 -0.1548493207 0.9846616387 0.0803935900 0.8880934119 0.1030892581 0.4479539394
134.4 -154.5 2617.5 0.4327953458 0.1407623887 -0.8904348016 -0.1548493207 0.9846616387 0.0803935900 0.8880934119 0.1030892581 0.4479539394
107.6 -345.9 2599.9 0.4345699847 0.1379359812 -0.8900126815 -0.1422989219 0.9863057137 0.0833788142 0.8893255591 0.0904139131 0.4482470155
75.1 -135.1 2496.1 -0.6063099504 0.2141554207 -0.7658497095 0.7452271581 0.4891180694 -0.4532107711 0.2775333524 -0.8455181718 -0.4561515749
218.1 -310.9 2430.7 -0.9182216525 0.2141554207 0.3331763446 -0.1944430918 0.4891180694 -0.8502678275 -0.3450520337 -0.8455181718 -0.4074777365
193.7 -173.9 2738.9 0.9034453630 0.3898133337 -0.1784155220 -0.4238103926 0.7494150400 -0.5086863637 -0.0645854399 0.5351846814 0.8422625065
413.2 -276.9 2723.2 0.5800429583 0.3898133337 0.7152592540 0.2515745759 0.7494150400 -0.6124436855 -0.7747647762 0.5351846814 0.3366257846
42.1 -526.9 2507.4 0.7943738699 -0.6073054075 0.0122613600 0.0353987627 0.0261324309 -0.9990315437 0.6063967943 0.7940385938 0.0422567800
254.2 -536.0 2230.1 0.7943738699 -0.0694836080 -0.6034419537 0.0353987627 0.9970430732 -0.0682058930 0.6063967943 0.0328198783 0.7944845557
114.8 -550.8 2669.2 0.4096463621 -0.8420531154 -0.3509079218 -0.0391310789 0.3680904210 -0.9289662242 0.9114047289 0.3942790329 0.1178364530
441.6 -693.7 2516.2 0.4096463621 -0.5497664213 -0.7279744148 -0.0391310789 0.7866793871 -0.6161203384 0.9114047289 0.2808778882 0.3007473946
449.2 -262.0 2517.5 0 0 0 0 0 0 0 0 0
522.0 -229.7 2577.8 0 0 0 0 0 0 0 0 0
271.7 -787.7 2221.9 0 0 0 0 0 0 0 0 0
587.9 -903.2 2441.4 0 0 0 0 0 0 0 0 0
162.7 40.1 2637.4 8 0.4355791807 0.1561385393 -0.8865052462 -0.1628018916 0.9822648168 0.0930127352 0.8853057623 0.1038103253 0.4532737434
131.8 -154.6 2616.8 0.4355791807 0.1561385393 -0.8865052462 -0.1628018916 0.9822648168 0.0930127352 0.8853057623 0.1038103253 0.4532737434
102.8 -345.7 2599.2 0.4378582835 0.1492350698 -0.8865714669 -0.1481222361 0.9846256375 0.0925860181 0.8867580891 0.0907813981 0.4532315433
72.0 -134.3 2495.8 -0.6177380085 0.2014891952 -0.7601327896 0.7405162454 0.4743427038 -0.4760616422 0.2646421790 -0.8569720387 -0.4422255456
218.4 -309.9 2433.0 -0.9278693795 0.2014891952 0.3137842119 -0.1878495365 0.4743427038 -0.8600648642 -0.3221350312 -0.8569720387 -0.4022784233
191.6 -174.8 2737.9 0.8984000683 0.4009130299 -0.1792930663 -0.4335626662 0.7445632815 -0.5075913072 -0.0700049400 0.5337548256 0.8427366614
409.9 -280.1 2720.9 0.5784716010 0.4009130299 0.7103797197 0.2460378408 0.7445632815 -0.6205568910 -0.7777120471 0.5337548256 0.3320689499
41.9 -524.6 2502.8 0.7877458930 -0.6159283519 0.0094175870 0.0341836549 0.0284444857 -0.9990106821 0.6150511503 0.7872884870 0.0434617102
254.5 -534.5 2231.1 0.7877458930 -0.0710927770 -0.6118841767 0.0341836549 0.9968323708 -0.0718102381 0.6150511503 0.0356517807 0.7876808047
119.7 -550.1 2662.0 0.3984372318 -0.8376763463 -0.3735587299 -0.0374769121 0.3920746744 -0.9191697240 0.9164296389 0.3802312613 0.1248236224
444.7 -702.2 2514.4 0.4062118828 -0.5583370328 -0.7233613729 -0.0482523628 0.7774043679 -0.6271476150 0.9125040174 0.2896587253 0.2888498306
451.6 -262.7 2514.0 0 0 0 0 0 0 0 0 0
518.5 -234.0 2574.9 0 0 0 0 0 0 0 0 0
272.6 -789.5 2222.0 0 0 0 0 0 0 0 0 0
588.2 -901.9 2440.0 0 0 0 0 0 0 0 0 0
159.3 33.1 2628.2 9 0.4263527393 0.1327610761 -0.8947613239 -0.1407677233 0.9868576527 0.0793502927 0.8935366869 0.0921223015 0.4394379258
132.9 -162.6 2609.9 0.4263527393 0.1327610761 -0.8947613239 -0.1407677233 0.9868576527 0.0793502927 0.8935366869 0.0921223015 0.4394379258
107.5 -354.4 2593.8 0.4275407493 0.1310151964 -0.8944517374 -0.1318736225 0.9878966212 0.0816680416 0.8943255544 0.0830381736 0.4396435022
74.5 -144.6 2487.8 -0.6387724280 0.2056137919 -0.7414126992 0.7341201901 0.4513166249 -0.5073271990 0.2302984148 -0.8683525920 -0.4392338395
220.8 -312.7 2435.1 -0.9270207882 0.2056137919 0.3136167228 -0.1945293397 0.4513166249 -0.8709027767 -0.3206100762 -0.8683525920 -0.3783819675
191.3 -180.7 2732.1 0.9066427946 0.3803294301 -0.1826152503 -0.4185686707 0.7565814853 -0.5023790598 -0.0529062413 0.5319154263 0.8451431394
411.6 -282.4 2719.2 0.5852662921 0.3803294301 0.7161095738 0.2484355271 0.7565814853 -0.6048671603 -0.7718439698 0.5319154263 0.3483142853
34.6 -523.5 2502.2 0.7780150771 -0.6281388402 0.0115815671 0.0388684087 0.0297267325 -0.9988020658 0.6270420551 0.7775332332 0.0475426018
255.5 -534.0 2228.8 0.7780150771 -0.0665339977 -0.6247125268 0.0388684087 0.9975690842 -0.0578378811 0.6270420551 0.0207171645 0.7787098885
113.0 -550.0 2661.0 0.3794678748 -0.8461545110 -0.3742013574 -0.0187317170 0.3973432183 -0.9174788594 0.9250152707 0.3551632166 0.1349290609
441.3 -704.2 2523.2 0.4210841656 -0.5664693713 -0.7083788514 -0.0731086507 0.7572560906 -0.6490133405 0.9040703773 0.3250778615 0.2774547637
453.7 -263.8 2515.6 0 0 0 0 0 0 0 0 0
521.5 -235.7 2574.3 0 0 0 0 0 0 0 0 0
272.6 -791.5 2223.5 0 0 0 0 0 0 0 0 0
588.6 -901.1 2438.7 0 0 0 0 0 0 0 0 0
159.6 30.2 2622.6 0 0.4196808934 0.1399197280 -0.8968223929 -0.1288058609 0.9872286320 0.0937481076 0.8984859586 0.0761716887 0.4323434532
131.7 -166.3 2607.4 0.4196808934 0.1399197280 -0.8968223929 -0.1288058609 0.9872286320 0.0937481076 0.8984859586 0.0761716887 0.4323434532
105.6 -358.2 2593.9 0.4208234847 0.1344509125 -0.8971234560 -0.1205781698 0.9884705544 0.0915800855 0.8990931511 0.0696344599 0.4321834743
74.2 -149.9 2484.6 -0.6517984867 0.2223808467 -0.7250555158 0.7248542905 0.4638358355 -0.5093550682 0.2230359167 -0.8575564623 -0.4635212123
224.3 -316.7 2433.3 -0.9133818150 0.2223808467 0.3409990966 -0.2085244954 0.4638358355 -0.8610306978 -0.3496443331 -0.8575564623 -0.3772873878
189.2 -182.8 2730.2 0.9053049088 0.3796639144 -0.1904687583 -0.4228286147 0.7627630234 -0.4892939031 -0.0404847190 0.5234957933 0.8510658741
409.3 -285.6 2720.4 0.5916412473 0.3796639144 0.7112073898 0.2348277420 0.7627630234 -0.6025350690 -0.7712435126 0.5234957933 0.3621264398
43.7 -534.3 2497.6 0.7884173989 -0.6142597795 0.0329086371 0.0423040651 0.0007718140 -0.9991044998 0.6136842966 0.7891035080 0.0265941955
252.6 -534.5 2229.3 0.7884173989 -0.0736403242 -0.6107168794 0.0423040651 0.9969488978 -0.0655989498 0.6136842966 0.0258835442 0.7891271710
120.3 -557.9 2657.8 0.3873085976 -0.8454694748 -0.3676593900 -0.0135711590 0.3935129941 -0.9192188978 0.9218502641 0.3610109389 0.1409369707
448.4 -710.6 2517.7 0.4208036959 -0.5611945987 -0.7127305865 -0.0584831983 0.7672623396 -0.6386612654 0.9052646160 0.3104337752 0.2900463641
454.7 -264.1 2521.5 0 0 0 0 0 0 0 0 0
520.4 -241.5 2575.6 0 0 0 0 0 0 0 0 0
271.3 -787.6 2222.7 0 0 0 0 0 0 0 0 0
590.1 -904.3 2439.4 0 0 0 0 0 0 0 0 0
161.6 31.1 2630.3 1 0.3854147196 0.1453275830 -0.9112274051 -0.1461764872 0.9846659303 0.0952128395 0.9110916257 0.0965035856 0.4007482231
132.7 -164.5 2611.1 0.3854147196 0.1453275830 -0.9112274051 -0.1461764872 0.9846659303 0.0952128395 0.9110916257 0.0965035856 0.4007482231
103.9 -355.7 2594.4 0.3866555989 0.1490363330 -0.9101019502 -0.1378729939 0.9851064682 0.1027437449 0.9118598700 0.0857520401 0.4014450312
80.0 -145.7 2486.6 -0.6470282674 0.2378820777 -0.7244077325 0.7310834527 0.4633293748 -0.5008421540 0.2164980024 -0.8536615372 -0.4736988544
231.3 -316.8 2436.0 -0.9077245593 0.2378820777 0.3456129134 -0.2066849768 0.4633293748 -0.8617466092 -0.3651266992 -0.8536615372 -0.3714087903
185.5 -183.3 2735.6 0.8985286355 0.3745189607 -0.2288708538 -0.4386985004 0.7499482036 -0.4950972795 -0.0137820253 0.5452643633 0.8381508589
403.9 -290.0 2732.2 0.6225115657 0.3745189607 0.6871789694 0.2324545979 0.7499482036 -0.6193081141 -0.7472912669 0.5452643633 0.3797927797
41.8 -539.2 2499.9 0.7870339155 -0.6153154969 0.0443226323 0.0424243249 -0.0176923890 -0.9989430308 0.6154493093 0.7880823612 0.0121798357
253.1 -533.1 2229.2 0.7870339155 -0.0718834698 -0.6127074361 0.0424243249 0.9971434474 -0.0624910742 0.6154493093 0.0231888928 0.7878353000
117.2 -560.8 2660.9 0.3785943091 -0.8464840055 -0.3743409216 -0.0419301167 0.3883458078 -0.9205592871 0.9246124625 0.3642146885 0.1115323380
445.8 -711.6 2519.6 0.4048948288 -0.5700503588 -0.7149145007 -0.0764272884 0.7580361366 -0.6477191448 0.9111635685 0.3168970942 0.2633575201
458.5 -265.1 2527.4 0 0 0 0 0 0 0 0 0
520.7 -246.3 2592.0 0 0 0 0 0 0 0 0 0
271.5 -788.4 2223.3 0 0 0 0 0 0 0 0 0
589.4 -902.6 2439.7 0 0 0 0 0 0 0 0 0
162.5 29.3 2624.6 2 0.3994457722 0.1630635113 -0.9021382332 -0.1403706372 0.9833289981 0.1155860946 0.9059465528 0.0804633349 0.4156759381
130.2 -165.3 2608.7 0.3994457722 0.1630635113 -0.9021382332 -0.1403706372 0.9833289981 0.1155860946 0.9059465528 0.0804633349 0.4156759381
99.6 -356.4 2594.2 0.4006367326 0.1582051963 -0.9024751186 -0.1330754608 0.9845829606 0.1135224923 0.9065214396 0.0746160150 0.4155133069
75.5 -147.1 2484.9 -0.6637586951 0.2384801954 -0.7089087367 0.7174836397 0.4707608521 -0.5134213567 0.2112856507 -0.8494182825 -0.4835772514
233.9 -318.3 2434.5 -0.9030027390 0.2384801954 0.3573698997 -0.2143708766 0.4707608521 -0.8558208942 -0.3723320961 -0.8494182825 -0.3739751279
184.9 -183.5 2732.5 0.8947252631 0.3892864585 -0.2189126760 -0.4459382296 0.7516750693 -0.4859256446 -0.0246130712 0.5323914886 0.8461403847
402.4 -291.9 2726.5 0.6117918491 0.3892864585 0.6885976791 0.2210873365 0.7516750693 -0.6213734746 -0.7594939470 0.5323914886 0.3738023639
40.4 -534.5 2496.1 0.7813456059 -0.6229285598 0.0381977521 0.0481716990 -0.0008261778 -0.9988387227 0.6222367287 0.7822782993 0.0293619987
255.5 -534.3 2225.9 0.7813456059 -0.0676096380 -0.6204257011 0.0481716990 0.9976824522 -0.0480544306 0.6222367287 0.0076601589 0.7827916145
109.6 -559.2 2659.3 0.3816504180 -0.8566517234 -0.3471177816 -0.0316167139 0.3632250428 -0.9311648607 0.9237658381 0.3663541675 0.1115404740
442.0 -700.2 2517.2 0.4050107002 -0.5579143763 -0.7243603468 -0.0635653213 0.7731477618 -0.6310324669 0.9120996594 0.3016191125 0.2776691318
459.9 -264.7 2527.6 0 0 0 0 0 0 0 0 0
517.3 -250.4 2583.9 0 0 0 0 0 0 0 0 0
272.8 -789.0 2223.9 0 0 0 0 0 0 0 0 0
589.6 -904.6 2437.4 0 0 0 0 0 0 0 0 0
166.0 29.9 2631.8 3 0.4277006388 0.1689054817 -0.8879994750 -0.1652809232 0.9804379344 0.1068813652 0.8886812329 0.1010561511 0.4472507834
132.7 -163.6 2611.9 0.4277006388 0.1689054817 -0.8879994750 -0.1652809232 0.9804379344 0.1068813652 0.8886812329 0.1010561511 0.4472507834
101.3 -354.2 2593.6 0.4293048084 0.1615353972 -0.8885964751 -0.1557521373 0.9823762178 0.1033353135 0.8896283507 0.0940384492 0.4468983412
74.1 -142.3 2490.4 -0.6487133503 0.2226258218 -0.7277421951 0.7283096313 0.4590025246 -0.5088043213 0.2207625210 -0.8600897789 -0.4599016011
232.3 -320.0 2436.6 -0.9072460532 0.2226258218 0.3568505645 -0.2253865004 0.4590025246 -0.8593704700 -0.3551133573 -0.8600897789 -0.3662513793
191.3 -184.8 2733.3 0.8931419253 0.4066214263 -0.1922407150 -0.4451487660 0.7379999757 -0.5071475506 -0.0643434227 0.5385304689 0.8401457667
408.3 -293.0 2717.6 0.5875330567 0.4066214263 0.6996169686 0.2401630282 0.7379999757 -0.6306169629 -0.7727397084 0.5385304689 0.3359439373
33.0 -535.5 2498.5 0.7751445174 -0.6308562756 0.0342239141 0.0462759845 0.0026685135 -0.9989251494 0.6300868988 0.7758951187 0.0312619805
252.7 -536.5 2228.3 0.7751445174 -0.0781215653 -0.6269353628 0.0462759845 0.9966806173 -0.0669792742 0.6300868988 0.0229065679 0.7761867046
104.8 -559.4 2660.9 0.3546982408 -0.8611046672 -0.3642634451 -0.1001307890 0.3523693383 -0.9304889441 0.9296036363 0.3665167987 0.0387617014
439.0 -696.1 2518.6 0.3546982408 -0.5568724275 -0.7510541081 -0.1001307890 0.7760387063 -0.6226859093 0.9296036363 0.2960692346 0.2194994986
459.3 -263.6 2525.4 0 0 0 0 0 0 0 0 0
518.5 -247.9 2572.6 0 0 0 0 0 0 0 0 0
272.4 -788.0 2222.5 0 0 0 0 0 0 0 0 0
587.9 -903.6 2439.5 0 0 0 0 0 0 0 0 0
160.5 28.1 2633.9 4 0.4263353646 0.1512068659 -0.8918377757 -0.1709733605 0.9816284180 0.0846980885 0.8882602453 0.1163707152 0.4443552792
130.7 -165.4 2610.9 0.4263353646 0.1512068659 -0.8918377757 -0.1709733605 0.9816284180 0.0846980885 0.8882602453 0.1163707152 0.4443552792
100.3 -355.9 2590.0 0.4271513224 0.1567791849 -0.8904841542 -0.1657719165 0.9817380905 0.0933272168 0.8888540268 0.1077524200 0.4453403056
72.4 -142.7 2489.6 -0.6519252062 0.2048194557 -0.7300975919 0.7256568670 0.4479045570 -0.5223060846 0.2200355977 -0.8703048229 -0.4406289160
229.6 -317.7 2436.5 -0.9192471504 0.2048194557 0.3362048566 -0.2173890620 0.4479045570 -0.8672505617 -0.3282174766 -0.8703048229 -0.3672094643
189.0 -188.0 2732.3 0.8953561783 0.4015543759 -0.1925914139 -0.4402290285 0.7326241136 -0.5190956593 -0.0673480183 0.5495598316 0.8327354193
406.7 -295.0 2715.9 0.5888764858 0.4015543759 0.7014118433 0.2530266643 0.7326241136 -0.6318539381 -0.7675949335 0.5495598316 0.3298211396
31.5 -530.9 2495.8 0.7657119036 -0.6428226829 0.0215476286 0.0399484523 0.0140952095 -0.9991022944 0.6419419050 0.7658853531 0.0364726409
252.4 -535.7 2232.5 0.7657119036 -0.0805920660 -0.6381145716 0.0399484523 0.9961623549 -0.0778759494 0.6419419050 0.0341388509 0.7659928799
108.3 -558.8 2655.0 0.3278367221 -0.8621403575 -0.3863120973 -0.1009057537 0.3746171892 -0.9216724038 0.9393301606 0.3411391675 0.0358183421
442.8 -704.1 2522.6 0.3489615023 -0.5600291491 -0.7513942122 -0.1295311600 0.7652773857 -0.6305332780 0.9281419516 0.3173608184 0.1945111305
458.7 -263.6 2518.3 0 0 0 0 0 0 0 0 0
517.2 -247.5 2571.8 0 0 0 0 0 0 0 0 0
272.9 -789.8 2223.8 0 0 0 0 0 0 0 0 0
588.2 -902.8 2440.2 0 0 0 0 0 0 0 0 0
159.7 31.2 2634.9 5 0.4225479662 0.1408472061 -0.8953297138 -0.1526501179 0.9847989678 0.0828791782 0.8933930397 0.1016517580 0.4376251400
132.0 -162.8 2614.9 0.4225479662 0.1408472061 -0.8953297138 -0.1526501179 0.9847989678 0.0828791782 0.8933930397 0.1016517580 0.4376251400
104.7 -354.0 2596.5 0.4234157503 0.1405565441 -0.8949653506 -0.1465740800 0.9855037928 0.0854303837 0.8939995170 0.0950061455 0.4378797710
74.1 -142.8 2492.8 -0.6337528825 0.1854462326 -0.7509773374 0.7304319739 0.4630212784 -0.5020761490 0.2546103597 -0.8667300344 -0.4288969338
225.5 -317.2 2432.0 -0.9239537716 0.1854462326 0.3345430791 -0.2181241065 0.4630212784 -0.8590885997 -0.3142153025 -0.8667300344 -0.3873599768
189.8 -182.8 2737.0 0.9026376605 0.3861124814 -0.1901641935 -0.4268588424 0.7465201020 -0.5103912950 -0.0551070459 0.5418716669 0.8386526704
409.2 -286.6 2723.6 0.5902070403 0.3861124814 0.7089236975 0.2515214980 0.7465201020 -0.6159908175 -0.7670675516 0.5418716669 0.3434858322
