-275.6 113.9 2695.5 2 0.4220684767 0.0988370404 -0.9011600614 -0.2397549450 0.9708160162 -0.0058151977 0.8742858768 0.2185119987 0.4334475100
-295.7 -83.4 2651.1 0.4220684767 0.0988370404 -0.9011600614 -0.2397549450 0.9708160162 -0.0058151977 0.8742858768 0.2185119987 0.4334475100
-311.9 -277.4 2611.5 0.4243673086 0.0812390894 -0.9018384814 -0.2148949951 0.9765486121 -0.0131514566 0.8796206713 0.1993816197 0.4318731725
-357.7 -52.0 2522.7 -0.6484816074 0.5022161603 -0.5720581412 0.7075607777 0.6748409867 -0.2096362412 0.2807655632 -0.5407111645 -0.7929704785
-173.7 -252.8 2443.0 -0.4723879695 0.5022161603 0.7243124247 -0.3096422553 0.6748409867 -0.6698591709 -0.8252098560 -0.5407111645 -0.1632793993
-233.7 -114.8 2779.6 0.2897269130 0.5676819086 -0.7705813050 -0.1606333554 0.8225339055 0.5455592871 0.9435333610 -0.0342821553 0.3294988573
-135.6 -169.2 3099.0 -0.1060756445 0.5669725537 0.8168782592 0.0234964248 0.8227130175 -0.5679711699 -0.9940804243 -0.0410541855 -0.1005916446
-366.5 -452.2 2490.4 0.7520222664 -0.5938678384 -0.2859781086 -0.1551797837 0.2621560693 -0.9524670243 0.6406104565 0.7606544495 0.1049909294
-141.5 -551.5 2202.2 0.7520222664 0.4586799443 -0.4733658433 -0.1551797837 0.8211765885 0.5491705537 0.6406104565 -0.3395316601 0.6887209415
-286.6 -492.2 2650.5 0.4426050484 -0.8809893727 -0.1672078520 -0.1819164902 0.0943730772 -0.9787747860 0.8780701160 0.4636285305 -0.1184965000
61.6 -529.5 2467.3 0.4426050484 0.5818396807 -0.6823220253 -0.1819164902 0.8033503890 0.5670401454 0.8780701160 -0.1268492043 0.4614131749
-37.0 -163.2 2681.8 0 0 0 0 0 0 0 0 0
-161.5 -163.4 2856.8 0 0 0 0 0 0 0 0 0
-316.7 -865.2 2331.9 0 0 0 0 0 0 0 0 0
-160.5 -836.3 2515.7 0 0 0 0 0 0 0 0 0
-277.2 113.4 2695.6 3 0.4081909955 0.0907793567 -0.9083717465 -0.2212769836 0.9752089977 -0.0019754299 0.8856729865 0.2018081099 0.4181589186
-295.6 -84.7 2654.7 0.4081909955 0.0907793567 -0.9083717465 -0.2212769836 0.9752089977 -0.0019754299 0.8856729865 0.2018081099 0.4181589186
-310.5 -279.3 2617.9 0.4100562036 0.0747662485 -0.9089906216 -0.1992486268 0.9799050093 -0.0092842737 0.8900302649 0.1849222034 0.4167131782
-355.5 -55.6 2524.7 -0.6794064045 0.4933919907 -0.5431125760 0.6826834679 0.6963714361 -0.2213822007 0.2689798772 -0.5211824775 -0.8099498153
-163.1 -248.9 2448.5 -0.4239131510 0.4933919907 0.7595143318 -0.3306998610 0.6963714361 -0.6369493008 -0.8431697488 -0.5211824775 -0.1320363432
-235.7 -113.8 2784.6 0.2741534412 0.5655972362 -0.7777786255 -0.1444541365 0.8238091469 0.5481528640 0.9507749081 -0.0379246473 0.3075529635
-142.9 -162.7 3106.5 -0.0892332643 0.5650033951 0.8202490807 0.0071569281 0.8238768578 -0.5667236447 -0.9959850311 -0.0447001383 -0.0775609091
-367.0 -451.8 2491.3 0.7529416680 -0.5929800272 -0.2854006886 -0.1508955210 0.2665630281 -0.9519320726 0.6405540109 0.7598149776 0.1112283692
-138.6 -554.4 2198.7 0.7529416680 0.4666082561 -0.4640642405 -0.1508955210 0.8087952733 0.5684019327 0.6405540109 -0.3579482734 0.6793847084
-289.1 -491.2 2652.6 0.4322640598 -0.8818240762 -0.1885048449 -0.2277760059 0.0954902172 -0.9690199494 0.8725055456 0.4618093669 -0.1595813781
63.6 -529.4 2467.8 0.4322640598 0.5937638879 -0.6786694527 -0.2277760059 0.8001060486 0.5549309850 0.8725055456 -0.0852921009 0.4811022580
-38.8 -151.9 2695.9 0 0 0 0 0 0 0 0 0
-164.7 -160.9 2863.8 0 0 0 0 0 0 0 0 0
-316.9 -863.4 2335.4 0 0 0 0 0 0 0 0 0
-163.0 -834.7 2500.4 0 0 0 0 0 0 0 0 0
-278.5 112.2 2695.7 4 0.3911105394 0.0936392248 -0.9155676961 -0.2139658332 0.9768041372 0.0085006189 0.8951263428 0.1925755292 0.4020740092
-297.5 -85.8 2656.7 0.3911105394 0.0936392248 -0.9155676961 -0.2139658332 0.9768041372 0.0085006189 0.8951263428 0.1925755292 0.4020740092
-312.9 -280.7 2621.2 0.3928054571 0.0776260644 -0.9163395166 -0.1945918351 0.9808842540 -0.0003214384 0.8987980485 0.1784384400 0.4004020691
-354.8 -57.4 2525.4 -0.7018536925 0.4854332507 -0.5213021636 0.6680436730 0.7025645971 -0.2451950461 0.2472226173 -0.5203436613 -0.8173881769
-155.9 -246.7 2455.4 -0.3987891674 0.4854332507 0.7780242562 -0.3517133296 0.7025645971 -0.6186280847 -0.8469149470 -0.5203436613 -0.1094418094
-240.1 -114.2 2787.9 0.2561989725 0.5713587403 -0.7796866298 -0.1384266466 0.8199806809 0.5554005504 0.9566609263 -0.0343636423 0.2891694903
-153.4 -161.0 3111.8 -0.0713803023 0.5708851814 0.8179211020 -0.0003811570 0.8199971318 -0.5723674893 -0.9974491000 -0.0411675200 -0.0583140478
-363.0 -455.8 2499.6 0.7633396387 -0.5768029690 -0.2908795178 -0.1656735986 0.2604215741 -0.9511744380 0.6243915558 0.7742602229 0.1032290831
-141.4 -555.8 2202.2 0.7633396387 0.4589776099 -0.4545900822 -0.1656735986 0.8192586303 0.5489695668 0.6243915558 -0.3437366486 0.7014130354
-287.8 -492.3 2662.8 0.4447307587 -0.8742402792 -0.1947267801 -0.2452971786 0.0902122334 -0.9652414322 0.8614196777 0.4770384729 -0.1743285060
64.9 -528.7 2470.3 0.4447307587 0.5939319730 -0.6704173088 -0.2452971786 0.8006628752 0.5465969443 0.8614196777 -0.0786369964 0.5017692447
-39.5 -144.0 2702.7 0 0 0 0 0 0 0 0 0
-170.8 -161.1 2868.8 0 0 0 0 0 0 0 0 0
-316.7 -868.8 2333.5 0 0 0 0 0 0 0 0 0
-161.9 -834.5 2500.4 0 0 0 0 0 0 0 0 0
-278.7 113.0 2695.2 5 0.3601709902 0.0970507115 -0.9278243184 -0.2025965154 0.9789741039 0.0237553027 0.9106214643 0.1794179976 0.3722602129
-298.3 -84.5 2659.0 0.3601709902 0.0970507115 -0.9278243184 -0.2025965154 0.9789741039 0.0237553027 0.9106214643 0.1794179976 0.3722602129
-314.1 -279.8 2626.1 0.3618822396 0.0793127269 -0.9288437963 -0.1835604310 0.9829300046 0.0124150077 0.9139730930 0.1660061926 0.3702635765
-351.1 -57.7 2525.6 -0.6960601211 0.4843870997 -0.5299711823 0.6707621217 0.7019830346 -0.2393700033 0.2560830414 -0.5221005082 -0.8135309219
-155.8 -245.8 2453.8 -0.3829219937 0.4843870997 0.7866002321 -0.3664621413 0.7019830346 -0.6106761098 -0.8479836583 -0.5221005082 -0.0912952125
-245.4 -111.2 2792.5 0.2239325494 0.5784322023 -0.7843917608 -0.1254512519 0.8152428269 0.5653681159 0.9664968848 -0.0282014050 0.2551244497
-169.6 -153.7 3119.5 -0.0389734171 0.5781786442 0.8149788380 -0.0153176980 0.8151569963 -0.5790375471 -0.9991228580 -0.0350506715 -0.0229130872
-364.4 -457.7 2503.4 0.7640999556 -0.5788662434 -0.2847194374 -0.1679596454 0.2476183772 -0.9541879892 0.6228489280 0.7769163847 0.0919790268
-139.8 -553.8 2201.9 0.7640999556 0.4621527791 -0.4500733912 -0.1679596454 0.8161443472 0.5528996587 0.6228489280 -0.3468764126 0.7012388706
-292.4 -493.4 2668.2 0.4596522152 -0.8683073521 -0.1864461154 -0.2385898530 0.0814858302 -0.9676957130 0.8554500341 0.4892876148 -0.1697141826
66.9 -527.1 2465.7 0.4596522152 0.6018647552 -0.6530533433 -0.2385898530 0.7919922471 0.5619814396 0.8554500341 -0.1025040969 0.5076398253
-43.9 -138.7 2701.6 0 0 0 0 0 0 0 0 0
-179.1 -157.4 2876.2 0 0 0 0 0 0 0 0 0
-316.4 -865.6 2334.4 0 0 0 0 0 0 0 0 0
-163.0 -829.5 2504.9 0 0 0 0 0 0 0 0 0
-280.4 111.3 2695.5 6 0.3694798946 0.0916097760 -0.9247120023 -0.2019206583 0.9792656302 0.0163344741 0.9070351124 0.1806831956 0.3803168833
-298.9 -86.9 2658.9 0.3694798946 0.0916097760 -0.9247120023 -0.2019206583 0.9792656302 0.0163344741 0.9070351124 0.1806831956 0.3803168833
-314.5 -282.2 2625.7 0.3709956408 0.0784647912 -0.9253137112 -0.1844341159 0.9828000069 0.0093924273 0.9101353288 0.1671748757 0.3790861070
-353.1 -60.0 2526.0 -0.7238742113 0.4706681967 -0.5044577122 0.6418216228 0.7276403904 -0.2420835495 0.2531227767 -0.4990099072 -0.8288051486
-152.3 -238.0 2455.8 -0.3559429348 0.4706681967 0.8073264956 -0.3609144390 0.7276403904 -0.5833353996 -0.8620008230 -0.4990099072 -0.0891274959
-244.7 -113.9 2791.8 0.2333909273 0.5761434436 -0.7833182216 -0.1268328279 0.8167207837 0.5629215240 0.9640758038 -0.0320303142 0.2636891007
-165.7 -156.8 3118.2 -0.0483947694 0.5758259892 0.8161386847 -0.0134014916 0.8166481853 -0.5769801736 -0.9987383485 -0.0388602987 -0.0318045728
-363.1 -458.2 2509.3 0.7702094316 -0.5719754100 -0.2821730375 -0.1712486148 0.2407135665 -0.9553695321 0.6143707037 0.7841563225 0.0874498636
-140.3 -552.0 2203.9 0.7702094316 0.4576786458 -0.4441933334 -0.1712486148 0.8192832470 0.5472192168 0.6143707037 -0.3454059064 0.7093964815
-296.7 -491.9 2676.8 0.4828624427 -0.8594453931 -0.1679210216 -0.1967556477 0.0803757012 -0.9771524668 0.8533059955 0.5048696399 -0.1302903295
65.2 -525.7 2464.2 0.4828624427 0.5805421472 -0.6556025147 -0.1967556477 0.8014466763 0.5647746325 0.8533059955 -0.1437149644 0.5012134314
-48.8 -133.1 2706.4 0 0 0 0 0 0 0 0 0
-177.5 -160.1 2874.9 0 0 0 0 0 0 0 0 0
-315.2 -865.0 2335.9 0 0 0 0 0 0 0 0 0
-156.3 -831.5 2519.1 0 0 0 0 0 0 0 0 0
-280.8 110.2 2695.1 7 0.3773199916 0.0882119983 -0.9218721390 -0.2099465132 0.9776831865 0.0076218536 0.9019712210 0.1906679720 0.3874191940
-298.6 -87.8 2656.5 0.3773199916 0.0882119983 -0.9218721390 -0.2099465132 0.9776831865 0.0076218536 0.9019712210 0.1906679720 0.3874191940
-313.3 -282.9 2621.9 0.3790441751 0.0738277957 -0.9224288464 -0.1890950203 0.9819583893 0.0008894499 0.9058524370 0.1740895659 0.3861660659
-354.0 -60.2 2524.2 -0.7392506003 0.4727179110 -0.4796314836 0.6319813728 0.7329919338 -0.2516393960 0.2326115519 -0.4891427457 -0.8406136036
-147.4 -236.8 2459.2 -0.3434800804 0.4727179110 0.8115165830 -0.3579119444 0.7329919338 -0.5784651041 -0.8682859540 -0.4891427457 -0.0825767443
-243.3 -115.4 2788.8 0.2415200919 0.5709604025 -0.7846478224 -0.1327547580 0.8204237223 0.5561304092 0.9612721801 -0.0301509388 0.2739465237
-161.5 -160.3 3114.3 -0.0559520796 0.5705918670 0.8193255067 -0.0060714632 0.8204014301 -0.5717557669 -0.9984149933 -0.0369654298 -0.0424388386
-364.2 -460.6 2509.1 0.7655949593 -0.5742214322 -0.2900588512 -0.1818019599 0.2393812090 -0.9537529349 0.6171000004 0.7829217315 0.0788744688
-142.8 -552.9 2207.2 0.7655949593 0.4608304203 -0.4488871992 -0.1818019599 0.8243032098 0.5361644030 0.6171000004 -0.3288761973 0.7148622274
-296.1 -494.4 2675.9 0.4810516238 -0.8621568680 -0.1589806527 -0.1976490170 0.0700185522 -0.9777690172 0.8541218638 0.5017797351 -0.1367219239
65.0 -523.7 2465.7 0.4810516238 0.5725061297 -0.6639473438 -0.1976490170 0.8086574078 0.5540830493 0.8541218638 -0.1353140175 0.5021612644
-48.2 -133.5 2709.9 0 0 0 0 0 0 0 0 0
-175.1 -161.8 2871.0 0 0 0 0 0 0 0 0 0
-318.9 -867.8 2332.9 0 0 0 0 0 0 0 0 0
-153.6 -832.5 2517.4 0 0 0 0 0 0 0 0 0
-281.9 109.9 2694.9 8 0.3776267171 0.0840281919 -0.9221373796 -0.2122840583 0.9772056937 0.0021132403 0.9012954831 0.1949570477 0.3868568242
-298.8 -87.5 2655.6 0.3776267171 0.0840281919 -0.9221373796 -0.2122840583 0.9772056937 0.0021132403 0.9012954831 0.1949570477 0.3868568242
-313.8 -282.5 2620.6 0.3793432415 0.0751235560 -0.9222012758 -0.1911579520 0.9815583825 0.0013269153 0.9052940607 0.1757827550 0.3867079914
-354.3 -59.5 2523.3 -0.7390789986 0.4794759154 -0.4731438458 0.6353414059 0.7295758128 -0.2531015575 0.2238382250 -0.4876699150 -0.8438450694
-145.9 -238.7 2460.2 -0.3269192874 0.4794759154 0.8143872619 -0.3672122657 0.7295758128 -0.5769525766 -0.8707921505 -0.4876699150 -0.0624429882
-243.4 -115.4 2787.8 0.2419013083 0.5719491839 -0.7838098407 -0.1347821653 0.8197763562 0.5565972924 0.9608941078 -0.0289980173 0.2753935158
-161.5 -161.0 3113.2 -0.0565192029 0.5715771317 0.8185995221 -0.0042001065 0.8197667599 -0.5726821423 -0.9983927011 -0.0358057432 -0.0439318791
-362.8 -460.7 2504.3 0.7624979019 -0.5781857371 -0.2903415263 -0.1800103784 0.2414513081 -0.9535709620 0.6214444041 0.7793603539 0.0800266936
-143.2 -552.4 2208.2 0.7624979019 0.4527250528 -0.4622087777 -0.1800103784 0.8346382380 0.5205528736 0.6214444041 -0.3137180805 0.7179051638
-293.3 -495.3 2670.4 0.4798530340 -0.8631451726 -0.1572306007 -0.2043098509 0.0643488690 -0.9767889977 0.8532283306 0.5008389354 -0.1454710662
64.9 -522.0 2462.6 0.4798530340 0.5737698078 -0.6637237668 -0.2043098509 0.8087908626 0.5514660478 0.8532283306 -0.1290173382 0.5053275824
-51.1 -132.3 2712.5 0 0 0 0 0 0 0 0 0
-175.3 -162.0 2869.9 0 0 0 0 0 0 0 0 0
-316.1 -871.3 2328.1 0 0 0 0 0 0 0 0 0
-154.3 -831.0 2511.8 0 0 0 0 0 0 0 0 0
-281.0 111.2 2695.9 9 0.3685947955 0.0967321545 -0.9245435596 -0.2106266022 0.9773954749 0.0182897840 0.9054138660 0.1879919469 0.3806372583
-300.5 -86.0 2657.9 0.3685947955 0.0967321545 -0.9245435596 -0.2106266022 0.9773954749 0.0182897840 0.9054138660 0.1879919469 0.3806372583
-317.1 -281.2 2624.6 0.3707844615 0.0833543092 -0.9249708056 -0.1867986470 0.9823035002 0.0136406356 0.9097390771 0.1677255630 0.3797933459
-354.7 -58.8 2525.0 -0.7278919816 0.4781659245 -0.4914576709 0.6448997855 0.7209191322 -0.2537317872 0.2329753488 -0.5016303062 -0.8331203461
-155.7 -235.0 2461.4 -0.3698969781 0.4781659245 0.7965761423 -0.3527239859 0.7209191322 -0.5965411663 -0.8595126867 -0.5016303062 -0.0980052203
-246.3 -113.3 2790.8 0.2335139513 0.5800726414 -0.7803761363 -0.1285803467 0.8139377236 0.5665443540 0.9638144970 -0.0319549739 0.2646517456
-167.2 -156.9 3117.2 -0.0492258407 0.5797506571 0.8133056164 -0.0124997701 0.8138714433 -0.5809105635 -0.9987094402 -0.0387619436 -0.0328167528
-363.5 -460.0 2502.7 0.7598518729 -0.5808538795 -0.2919485569 -0.1816282719 0.2415208966 -0.9532464743 0.6242085695 0.7773522139 0.0780206174
-141.3 -552.4 2205.4 0.7598518729 0.4615505040 -0.4578168690 -0.1816282719 0.8269078732 0.5321978331 0.6242085695 -0.3212390244 0.7121580839
-293.9 -495.1 2668.7 0.4718506932 -0.8651347160 -0.1699966341 -0.2158755809 0.0735784620 -0.9736446738 0.8548418880 0.4961130321 -0.1520434171
63.0 -525.4 2464.1 0.4718506932 0.5746399164 -0.6686897278 -0.2158755809 0.8106409907 0.5442966819 0.8548418880 -0.1124729961 0.5065522194
-49.9 -134.1 2707.3 0 0 0 0 0 0 0 0 0
-179.2 -159.9 2873.8 0 0 0 0 0 0 0 0 0
-317.7 -868.3 2328.1 0 0 0 0 0 0 0 0 0
-156.6 -835.1 2507.0 0 0 0 0 0 0 0 0 0
-281.6 109.1 2696.3 0 0.3734129369 0.0849063322 -0.9237714410 -0.2059978694 0.9785296917 0.0066695036 0.9045041203 0.1878044754 0.3828861713
-298.7 -88.3 2658.4 0.3734129369 0.0849063322 -0.9237714410 -0.2059978694 0.9785296917 0.0066695036 0.9045041203 0.1878044754 0.3828861713
-313.7 -283.5 2624.7 0.3750614822 0.0756567121 -0.9239074588 -0.1858626306 0.9825629592 0.0050086938 0.9081761837 0.1698413044 0.3825832903
-353.5 -61.1 2525.8 -0.7159429193 0.4632274806 -0.5223466158 0.6486229300 0.7181184292 -0.2521789670 0.2582904994 -0.5193517804 -0.8145917654
-165.1 -231.8 2457.8 -0.4149937928 0.4632274806 0.7830711603 -0.3420344591 0.7181184292 -0.6060679555 -0.8430851698 -0.5193517804 -0.1395749301
-243.9 -115.4 2791.1 0.2374548912 0.5731662512 -0.7842803001 -0.1289368868 0.8188256025 0.5593746305 0.9628034234 -0.0317035727 0.2683364153
-163.5 -159.1 3117.2 -0.0521020964 0.5728245378 0.8180204034 -0.0105142351 0.8187729716 -0.5740211606 -0.9985864162 -0.0385085680 -0.0366369747
-367.6 -459.3 2507.8 0.7592940331 -0.5815069079 -0.2920998037 -0.1810411066 0.2423845083 -0.9531389475 0.6250573397 0.7765947580 0.0787644535
-140.3 -554.1 2204.2 0.7592940331 0.4685324430 -0.4516081810 -0.1810411066 0.8186765909 0.5449703932 0.6250573397 -0.3320331275 0.7064398527
-299.6 -493.5 2674.7 0.4729844332 -0.8650560975 -0.1672234386 -0.2117058635 0.0726511329 -0.9746294022 0.8552580476 0.4963867366 -0.1487745941
62.4 -523.9 2466.9 0.4729844332 0.5598918200 -0.6802991033 -0.2117058635 0.8217274547 0.5290979743 0.8552580476 -0.1062317938 0.5071966648
-47.7 -135.0 2696.3 0 0 0 0 0 0 0 0 0
-176.2 -161.6 2873.8 0 0 0 0 0 0 0 0 0
-319.3 -866.8 2331.0 0 0 0 0 0 0 0 0 0
-151.5 -837.9 2507.5 0 0 0 0 0 0 0 0 0
-280.9 111.1 2695.5 1 0.3979076147 0.0871284530 -0.9132788181 -0.2054069638 0.9786689878 0.0038727769 0.8941350579 0.1860528141 0.4073166251
-298.5 -86.7 2657.9 0.3979076147 0.0871284530 -0.9132788181 -0.2054069638 0.9786689878 0.0038727769 0.8941350579 0.1860528141 0.4073166251
-314.2 -281.9 2624.2 0.3994409740 0.0792174712 -0.9133298993 -0.1873310208 0.9822914004 0.0032703991 0.8974151611 0.1697887033 0.4072073102
-356.8 -59.4 2526.9 -0.6900701523 0.4746788740 -0.5463361144 0.6605163813 0.7216221094 -0.2073153853 0.2958399951 -0.5039260983 -0.8115030527
-176.7 -231.8 2449.7 -0.4370746911 0.4746788740 0.7639670968 -0.3036969602 0.7216221094 -0.6221171021 -0.8466013670 -0.5039260983 -0.1712442189
-240.2 -114.1 2789.0 0.2632786632 0.5713214874 -0.7773519754 -0.1307099909 0.8194749951 0.5580104589 0.9558238387 -0.0453045852 0.2904277146
-151.0 -158.3 3112.6 -0.0788126141 0.5707949400 0.8173015118 -0.0085248509 0.8194357753 -0.5731076002 -0.9968529940 -0.0521354824 -0.0597159378
-363.2 -461.7 2507.6 0.7651110888 -0.5756397247 -0.2885201871 -0.1839581430 0.2339919060 -0.9546765089 0.6170610785 0.7835092545 0.0731361955
-139.6 -552.6 2203.4 0.7651110888 0.4650476575 -0.4453488886 -0.1839581430 0.8206900954 0.5409502387 0.6170610785 -0.3319614828 0.7134684324
-294.4 -495.8 2674.2 0.4680818915 -0.8652233481 -0.1796884090 -0.2532331049 0.0634784624 -0.9653204083 0.8466240764 0.4973520339 -0.1893900782
63.7 -522.0 2468.4 0.4680818915 0.5728482604 -0.6728627086 -0.2532331049 0.8164479136 0.5189275146 0.8466240764 -0.0725094602 0.5272286534
-51.8 -145.0 2691.5 0 0 0 0 0 0 0 0 0
-170.2 -160.4 2869.7 0 0 0 0 0 0 0 0 0
-317.3 -866.1 2330.2 0 0 0 0 0 0 0 0 0
-155.0 -833.8 2496.1 0 0 0 0 0 0 0 0 0
-280.3 110.8 2696.2 2 0.3976742029 0.0877313614 -0.9133227468 -0.2100146115 0.9776951075 0.0024713436 0.8931680322 0.1908283383 0.4072289765
-298.0 -86.5 2657.6 0.3976742029 0.0877313614 -0.9133227468 -0.2100146115 0.9776951075 0.0024713436 0.8931680322 0.1908283383 0.4072289765
-313.6 -281.7 2623.5 0.3994505405 0.0784566775 -0.9133913517 -0.1890680939 0.9819625616 0.0016621203 0.8970465660 0.1720292419 0.4070791602
-356.3 -58.9 2526.6 -0.6736351252 0.4879968464 -0.5550448895 0.6668965220 0.7250459790 -0.1719226241 0.3185353279 -0.4859706163 -0.8138598204
-184.6 -229.0 2445.4 -0.4606037438 0.4879968464 0.7414197922 -0.2590207756 0.7250459790 -0.6381352544 -0.8489714265 -0.4859706163 -0.2075575441
-239.6 -114.2 2788.7 0.2632338107 0.5707142353 -0.7778130770 -0.1326808482 0.8200032115 0.5567679405 0.9555646181 -0.0433592461 0.2915754020
-150.5 -159.1 3112.2 -0.0786522254 0.5701902509 0.8177388906 -0.0063015632 0.8199792504 -0.5723584890 -0.9968822002 -0.0501703061 -0.0609001070
-366.6 -459.9 2508.2 0.7618111968 -0.5801823735 -0.2881529033 -0.1813812256 0.2359864563 -0.9546785951 0.6218878627 0.7795503736 0.0745429397
-140.7 -551.8 2204.7 0.7618111968 0.4599241912 -0.4561945200 -0.1813812256 0.8274957538 0.5313677192 0.6218878627 -0.3220567703 0.7138171196
-293.4 -494.3 2672.7 0.4731757939 -0.8643639088 -0.1702342480 -0.2336976379 0.0631571189 -0.9702559710 0.8494057059 0.4988849461 -0.1721153855
64.5 -520.4 2466.2 0.4731757939 0.5610055327 -0.6792477369 -0.2336976379 0.8233334422 0.5172112584 0.8494057059 -0.0859932452 0.5206871033
-51.4 -154.1 2690.8 0 0 0 0 0 0 0 0 0
-169.7 -160.6 2869.3 0 0 0 0 0 0 0 0 0
-316.5 -868.0 2327.8 0 0 0 0 0 0 0 0 0
-149.8 -834.9 2499.0 0 0 0 0 0 0 0 0 0
-280.1 110.8 2695.5 3 0.3903612494 0.0901835933 -0.9162341356 -0.2091767788 0.9778518677 0.0071288371 0.8965841532 0.1888720840 0.4005798101
-298.4 -87.3 2657.2 0.3903612494 0.0901835933 -0.9162341356 -0.2091767788 0.9778518677 0.0071288371 0.8965841532 0.1888720840 0.4005798101
-314.0 -282.4 2623.1 0.3921167254 0.0785632208 -0.9165545702 -0.1887885481 0.9820118546 0.0034071843 0.9003351331 0.1716990024 0.3998951018
-355.7 -59.7 2525.7 -0.5410047770 0.4324813187 -0.7213000655 0.7267209888 0.6720734835 -0.1421049684 0.4233088791 -0.6010633707 -0.6778882146
-224.5 -235.9 2423.0 -0.6384215951 0.4324813187 0.6366928816 -0.2424838394 0.6720734835 -0.6996562481 -0.7304926515 -0.6010633707 -0.3241964579
-241.1 -114.8 2788.7 0.2555252612 0.5722546577 -0.7792505622 -0.1321398616 0.8191162348 0.5582004189 0.9577295780 -0.0396642350 0.2849225402
-154.6 -159.6 3113.0 -0.0708298534 0.5717845559 0.8173405528 -0.0071488693 0.8190864921 -0.5736255050 -0.9974628091 -0.0464728698 -0.0539281629
-365.8 -459.5 2507.0 0.7629748583 -0.5795566440 -0.2863274515 -0.1783954501 0.2369595766 -0.9550001025 0.6213247180 0.7797206044 0.0774039403
-141.4 -551.2 2205.1 0.7629748583 0.4566663206 -0.4575207233 -0.1783954501 0.8290303349 0.5299847126 0.6213247180 -0.3227454126 0.7139965296
-292.5 -494.1 2671.5 0.4732829630 -0.8626961708 -0.1782091558 -0.2365427017 0.0704128146 -0.9690663218 0.8485580683 0.5007966757 -0.1707393080
66.8 -523.5 2462.9 0.4732829630 0.5754771829 -0.6669552326 -0.2365427017 0.8123366237 0.5330635905 0.8485580683 -0.0945265219 0.5205900073
-48.1 -168.9 2624.9 0 0 0 0 0 0 0 0 0
-171.9 -161.3 2869.9 0 0 0 0 0 0 0 0 0
-315.9 -868.0 2328.5 0 0 0 0 0 0 0 0 0
-153.0 -833.7 2499.0 0 0 0 0 0 0 0 0 0
-281.4 110.1 2695.6 4 0.3905347586 0.0834996700 -0.9167935252 -0.2096293271 0.9777808785 -0.0002434115 0.8964028955 0.1922818720 0.3993614018
-298.3 -87.1 2656.8 0.3905347586 0.0834996700 -0.9167935252 -0.2096293271 0.9777808785 -0.0002434115 0.8964028955 0.1922818720 0.3993614018
-312.2 -282.1 2621.4 0.3919507861 0.0701548755 -0.9173073769 -0.1915733963 0.9814547896 -0.0067954394 0.8998189569 0.1783951670 0.3981217742
-355.5 -59.1 2525.4 -0.4264261127 0.3850519359 -0.8184716105 0.7528761625 0.6526211500 -0.0852235109 0.5013364553 -0.6525493264 -0.5681911111
-254.0 -238.3 2406.1 -0.7431836724 0.3850519359 0.5471864939 -0.1999557018 0.6526211500 -0.7308237553 -0.6385105848 -0.6525493264 -0.4080240726
-241.0 -115.1 2788.3 0.2548085749 0.5655674338 -0.7843507528 -0.1364376396 0.8240377903 0.5498604774 0.9573177695 -0.0330942050 0.2871365845
-154.7 -161.3 3112.5 -0.0689028427 0.5651108623 0.8221326470 -0.0010477141 0.8240497708 -0.5665163994 -0.9976228476 -0.0398959517 -0.0561872981
-365.6 -460.2 2506.4 0.7634677291 -0.5796709061 -0.2847783864 -0.1767433137 0.2365819812 -0.9554008245 0.6211915016 0.7797503471 0.0781697631
-140.7 -552.0 2203.9 0.7634677291 0.4581054449 -0.4552542865 -0.1767433137 0.8261849284 0.5349581838 0.6211915016 -0.3279601336 0.7117325664
-293.7 -494.9 2671.5 0.4677771926 -0.8656031489 -0.1786496192 -0.2387030870 0.0708899871 -0.9685016274 0.8510025740 0.4956871867 -0.1734614223
63.4 -524.1 2467.0 0.4677771926 0.5587247610 -0.6848438978 -0.2387030870 0.8259137869 0.5107712746 0.8510025740 -0.0754527971 0.5197129250
-51.1 -183.7 2580.4 0 0 0 0 0 0 0 0 0
-171.5 -161.6 2869.3 0 0 0 0 0 0 0 0 0
-315.8 -867.7 2329.3 0 0 0 0 0 0 0 0 0
-149.9 -839.5 2495.8 0 0 0 0 0 0 0 0 0
-282.4 108.5 2695.7 5 0.3887704909 0.0765902475 -0.9181456566 -0.2032367885 0.9791198373 -0.0043799519 0.8986391425 0.1883037686 0.3962188363
-297.9 -89.3 2657.6 0.3887704909 0.0765902475 -0.9181456566 -0.2032367885 0.9791198373 -0.0043799519 0.8986391425 0.1883037686 0.3962188363
-310.9 -284.6 2623.5 0.3901695609 0.0654309765 -0.9184151888 -0.1839082688 0.9829099774 -0.0081037963 0.9021892548 0.1720660031 0.3955348730
-354.9 -62.5 2525.8 -0.4163333178 0.3241351247 -0.8494721651 0.7499442697 0.6506578922 -0.1192807555 0.5140526891 -0.6867173314 -0.5139738321
-256.1 -240.4 2403.9 -0.7906566262 0.3241351247 0.5194213390 -0.2122444659 0.6506578922 -0.7291066647 -0.5742946863 -0.6867173314 -0.4456510842
-240.9 -116.2 2789.4 0.2526055276 0.5621258616 -0.7875309587 -0.1289854497 0.8262262344 0.5483729839 0.9589333534 -0.0369420052 0.2812153697
-155.3 -159.9 3114.2 -0.0659900010 0.5616894364 0.8247122765 -0.0079596722 0.8261911869 -0.5633335710 -0.9977885485 -0.0437388234 -0.0500494912
-362.1 -459.6 2503.4 0.7675114870 -0.5726518035 -0.2880902886 -0.1737068743 0.2468067259 -0.9533689618 0.6170510650 0.7817648649 0.0899534449
-143.2 -554.0 2204.5 0.7675114870 0.4525905550 -0.4539690614 -0.1737068743 0.8285245895 0.5323278308 0.6170510650 -0.3297102153 0.7145202160
-290.2 -494.7 2668.5 0.4580278099 -0.8695293665 -0.1847407520 -0.2614106834 0.0668809414 -0.9629077911 0.8496322632 0.4893317521 -0.1966709346
62.5 -521.9 2470.0 0.4580278099 0.5584362149 -0.6916353703 -0.2614106834 0.8282592297 0.4956319928 0.8496322632 -0.0462123677 0.5253469944
-39.7 -182.3 2561.0 0 0 0 0 0 0 0 0 0
-171.4 -161.8 2871.0 0 0 0 0 0 0 0 0 0
-316.1 -870.6 2330.5 0 0 0 0 0 0 0 0 0
-150.8 -838.1 2487.6 0 0 0 0 0 0 0 0 0
-280.8 109.8 2695.2 6 0.3815920353 0.0842504427 -0.9204832315 -0.1970287710 0.9803646207 0.0080517987 0.9030876160 0.1782891899 0.3906990886
-297.8 -88.9 2659.1 0.3815920353 0.0842504427 -0.9204832315 -0.1970287710 0.9803646207 0.0080517987 0.9030876160 0.1782891899 0.3906990886
-311.2 -284.5 2626.7 0.3832032382 0.0673140213 -0.9212079644 -0.1761425436 0.9843637347 -0.0013427052 0.9067133665 0.1627784371 0.3890682459
-353.8 -63.1 2526.6 -0.3732392490 0.3061127663 -0.8757781982 0.7516711354 0.6530793905 -0.0920749530 0.5437673330 -0.6926631927 -0.4738509953
-265.3 -241.5 2397.6 -0.8031402826 0.3061127663 0.5111366510 -0.2134900987 0.6530793905 -0.7265737057 -0.5562263131 -0.6926631927 -0.4591622949
-241.9 -114.6 2791.5 0.2454353422 0.5649697185 -0.7877631187 -0.1202148870 0.8240842223 0.5535644293 0.9619302750 -0.0411634110 0.2701771557
-158.7 -155.3 3117.3 -0.0589809380 0.5645812750 0.8232674003 -0.0176808871 0.8239829540 -0.5663386583 -0.9981025457 -0.0479592830 -0.0386169888
-359.7 -463.1 2506.5 0.7717817426 -0.5676229596 -0.2866306305 -0.1816047579 0.2352304161 -0.9548226595 0.6094035506 0.7889682055 0.0784635097
-141.7 -553.4 2203.5 0.7717817426 0.4518469572 -0.4474229515 -0.1816047579 0.8309365511 0.5258936882 0.6094035506 -0.3246210217 0.7233591676
-288.1 -496.8 2672.0 0.4725252986 -0.8619171381 -0.1838987172 -0.2636423111 0.0608658567 -0.9626983404 0.8409593105 0.5033828020 -0.1984771490
62.9 -521.6 2467.0 0.4725252986 0.5717863441 -0.6706565619 -0.2636423111 0.8178324699 0.5115103126 0.8409593105 -0.0648881271 0.5371935964
-44.0 -182.7 2550.9 0 0 0 0 0 0 0 0 0
-173.1 -159.6 2874.0 0 0 0 0 0 0 0 0 0
-314.3 -871.0 2327.5 0 0 0 0 0 0 0 0 0
-155.4 -833.9 2491.8 0 0 0 0 0 0 0 0 0
-279.7 109.3 2696.0 7 0.4042806923 0.0886405781 -0.9103295803 -0.2137239277 0.9768940806 0.0002065152 0.8893138766 0.1944757253 0.4138840437
-297.6 -88.7 2656.6 0.4042806923 0.0886405781 -0.9103295803 -0.2137239277 0.9768940806 0.0002065152 0.8893138766 0.1944757253 0.4138840437
-311.2 -283.8 2621.4 0.4062315524 0.0682843626 -0.9112151861 -0.1893733591 0.9818452001 -0.0108478889 0.8939315677 0.1769666374 0.4117877483
-357.0 -61.1 2526.0 -0.3880349398 0.2887993753 -0.8752278686 0.7532136440 0.6466313004 -0.1205703095 0.5311291218 -0.7060190439 -0.4684431553
-263.4 -242.6 2398.1 -0.8180553317 0.2887993753 0.4973735213 -0.2164380699 0.6466313004 -0.7314523458 -0.5328602195 -0.7060190439 -0.4664729834
-238.3 -116.3 2787.1 0.2697318196 0.5611854792 -0.7825059891 -0.1347827166 0.8266286254 0.5463687181 0.9534560442 -0.0419047363 0.2986061275
-147.0 -162.0 3109.9 -0.0838148743 0.5606269240 0.8238158226 -0.0018639350 0.8266351223 -0.5627351999 -0.9964795709 -0.0487011187 -0.0682393461
-359.8 -463.9 2511.3 0.7779319286 -0.5636188984 -0.2777691483 -0.1757548451 0.2292381674 -0.9573714733 0.6032679081 0.7935890555 0.0792729408
-142.3 -552.4 2205.0 0.7779319286 0.4465140998 -0.4420939684 -0.1757548451 0.8301233053 0.5291554928 0.6032679081 -0.3339467943 0.7242563963
-289.5 -496.2 2677.6 0.4849169552 -0.8527469635 -0.1941087097 -0.2606381774 0.0709530413 -0.9628257155 0.8348193169 0.5174826980 -0.1878520846
60.5 -525.3 2465.2 0.4849169552 0.5741685629 -0.6596862674 -0.2606381774 0.8149078488 0.5176803470 0.8348193169 -0.0790925398 0.5448129177
-36.2 -182.4 2546.1 0 0 0 0 0 0 0 0 0
-167.4 -162.4 2867.1 0 0 0 0 0 0 0 0 0
-312.9 -869.6 2332.6 0 0 0 0 0 0 0 0 0
-158.8 -836.6 2495.4 0 0 0 0 0 0 0 0 0
-277.6 113.2 2695.4 8 0.4277099371 0.0896195173 -0.8994623423 -0.2260252237 0.9740656614 -0.0104261655 0.8752009869 0.2077605575 0.4368738234
-295.9 -85.1 2653.1 0.4277099371 0.0896195173 -0.8994623423 -0.2260252237 0.9740656614 -0.0104261655 0.8752009869 0.2077605575 0.4368738234
-310.2 -279.5 2614.5 0.4293681383 0.0716870427 -0.9002799392 -0.2059549689 0.9783504605 -0.0203219615 0.8793324232 0.1941427290 0.4348368049
-358.5 -55.1 2524.7 -0.3498256505 0.2750870883 -0.8955160975 0.7643218040 0.6365494132 -0.1030387431 0.5416956544 -0.7205080986 -0.4329363704
-273.5 -240.9 2393.0 -0.8306388259 0.2750870883 0.4841138422 -0.2200061828 0.6365494132 -0.7391901612 -0.5115040541 -0.7205080986 -0.4682218134
-233.2 -115.2 2781.4 0.2943990231 0.5589559078 -0.7751758099 -0.1527462602 0.8282159567 0.5391910076 0.9433969259 -0.0403320976 0.3292043805
-133.5 -166.9 3100.7 -0.1094934940 0.5582225323 0.8224346638 0.0172686093 0.8283528686 -0.5599404573 -0.9938374758 -0.0471075363 -0.1003389806
-362.1 -461.5 2504.3 0.7668849826 -0.5758648515 -0.2833144367 -0.1745016575 0.2377173305 -0.9555310607 0.6176055074 0.7822213173 0.0818124861
-141.9 -552.4 2205.2 0.7668849826 0.4517785609 -0.4558328092 -0.1745016575 0.8302829266 0.5293197632 0.6176055074 -0.3263838291 0.7155676484
-287.6 -496.2 2668.2 0.4639223218 -0.8646720052 -0.1926613748 -0.2645858526 0.0723106638 -0.9616472721 0.8454409242 0.4971051216 -0.1952334642
63.1 -525.5 2466.6 0.4639223218 0.5873945355 -0.6631317735 -0.2645858526 0.8062679768 0.5290805697 0.8454409242 -0.0699969903 0.5294619799
-40.3 -179.1 2536.7 0 0 0 0 0 0 0 0 0
-160.2 -162.7 2858.6 0 0 0 0 0 0 0 0 0
-314.5 -869.7 2329.9 0 0 0 0 0 0 0 0 0
-161.3 -833.5 2493.3 0 0 0 0 0 0 0 0 0
-275.2 116.3 2695.1 9 0.4454559088 0.0848336145 -0.8912756443 -0.2303677499 0.9728425741 -0.0225395206 0.8651587963 0.2153615355 0.4529013932
-292.5 -82.7 2651.0 0.4454559088 0.0848336145 -0.8912756443 -0.2303677499 0.9728425741 -0.0225395206 0.8651587963 0.2153615355 0.4529013932
-305.7 -276.8 2610.6 0.4469370246 0.0660367608 -0.8921246529 -0.2112270147 0.9768623710 -0.0335114039 0.8692700863 0.2034183294 0.4505447149
-357.8 -51.9 2524.1 -0.3201517463 0.2859288156 -0.9031874537 0.7722710371 0.6309692264 -0.0739953071 0.5487260818 -0.7211952209 -0.4228204489
-280.2 -239.2 2391.0 -0.8298572302 0.2859288156 0.4791468382 -0.2132786065 0.6309692264 -0.7459155917 -0.5156056881 -0.7211952209 -0.4626318812
-227.3 -113.5 2777.9 0.3126626909 0.5503911376 -0.7741522193 -0.1599357128 0.8338822126 0.5282622576 0.9363026023 -0.0413533188 0.3487510681
-121.4 -167.7 3094.8 -0.1274459362 0.5495341420 0.8256934881 0.0267654881 0.8340842724 -0.5509873033 -0.9914842844 -0.0481210016 -0.1210092008
-363.8 -455.0 2495.4 0.7547687888 -0.5883172154 -0.2901843786 -0.1641814262 0.2588657737 -0.9518576264 0.6351130009 0.7660753131 0.0987930596
-141.9 -552.7 2206.4 0.7547687888 0.4512717128 -0.4761070609 -0.1641814262 0.8326351047 0.5289265513 0.6351130009 -0.3210493028 0.7025374174
-285.1 -492.7 2656.5 0.4361081123 -0.8788895607 -0.1932947040 -0.2515675426 0.0871638879 -0.9639067650 0.8640159369 0.4689942300 -0.1830872148
66.2 -527.6 2469.1 0.4361081123 0.5980905890 -0.6723818779 -0.2515675426 0.7984166145 0.5470326543 0.8640159369 -0.0694159046 0.4986561239
-43.6 -178.4 2538.0 0 0 0 0 0 0 0 0 0
-152.5 -161.2 2853.3 0 0 0 0 0 0 0 0 0
-314.3 -870.8 2329.1 0 0 0 0 0 0 0 0 0
-162.3 -832.6 2495.6 0 0 0 0 0 0 0 0 0
-271.7 115.8 2685.4 0 0.4656907320 0.0945664793 -0.8798803091 -0.2174039930 0.9760288000 -0.0101643559 0.8578272462 0.1960229278 0.4750867188
-291.0 -83.6 2645.4 0.4656907320 0.0945664793 -0.8798803091 -0.2174039930 0.9760288000 -0.0101643559 0.8578272462 0.1960229278 0.4750867188
-305.9 -278.0 2607.0 0.4667244554 0.0751175061 -0.8812069297 -0.2054980695 0.9783266783 -0.0254440960 0.8601969481 0.1929617077 0.4720455110
-359.2 -53.6 2519.8 -0.2946549058 0.2871447504 -0.9114419222 0.7769935727 0.6272236705 -0.0535864942 0.5562908649 -0.7239740491 -0.4079241157
-289.1 -238.4 2387.4 -0.8397100568 0.2871447504 0.4609065950 -0.1988444179 0.6272236705 -0.7530281544 -0.5053195953 -0.7239740491 -0.4695889056
-222.9 -113.6 2771.0 0.3343172967 0.5528924465 -0.7632443309 -0.1531802714 0.8309507966 0.5348426104 0.9299288988 -0.0618931651 0.3624934256
-109.7 -165.4 3085.7 -0.1510438919 0.5518705249 0.8201369643 0.0186380241 0.8310979605 -0.5558136106 -0.9883513451 -0.0686665177 -0.1358180493
-359.9 -451.5 2490.5 0.7397788763 -0.6130949259 -0.2772036791 -0.1742897928 0.2233144194 -0.9590379000 0.6498848200 0.7577897310 0.0583470985
-129.7 -535.4 2206.0 0.7397788763 0.4617453218 -0.4894062579 -0.1742897928 0.8340414166 0.5234481692 0.6498848200 -0.3019373715 0.6974837184
-277.9 -490.2 2649.8 0.4266333282 -0.8830440640 -0.1954921335 -0.2477084249 0.0937995166 -0.9642832279 0.8698416948 0.4598204195 -0.1787194610
65.9 -526.8 2470.8 0.4266333282 0.5935077071 -0.6824460030 -0.2477084249 0.8023901582 0.5429646373 0.8698416948 -0.0625991821 0.4893432558
-47.7 -181.2 2532.7 0 0 0 0 0 0 0 0 0
-146.5 -160.9 2845.0 0 0 0 0 0 0 0 0 0
-306.1 -854.0 2321.4 0 0 0 0 0 0 0 0 0
-160.8 -833.3 2494.7 0 0 0 0 0 0 0 0 0
-270.0 117.3 2690.1 1 0.4866422713 0.1042562500 -0.8673580289 -0.2249949723 0.9743171930 -0.0091235749 0.8441306353 0.1995911151 0.4976010621
-291.3 -82.2 2649.2 0.4866422713 0.1042562500 -0.8673580289 -0.2249949723 0.9743171930 -0.0091235749 0.8441306353 0.1995911151 0.4976010621
-307.7 -276.5 2610.9 0.4882209897 0.0826716647 -0.8687955141 -0.2085087150 0.9777226448 -0.0241349898 0.8474457860 0.1929346472 0.4945825040
-362.6 -51.8 2525.5 -0.2813933492 0.2657254040 -0.9220671058 0.7718616724 0.6335803866 -0.0529661290 0.5701292157 -0.7266126275 -0.3833885789
-294.1 -239.8 2386.6 -0.8498314023 0.2657254040 0.4551665783 -0.2019103914 0.6335803866 -0.7468655109 -0.4868457615 -0.7266126275 -0.4847837985
-220.0 -112.7 2773.0 0.3577574492 0.5533377528 -0.7522146702 -0.1560348719 0.8296265602 0.5360717177 0.9206860065 -0.0744119436 0.3831450641
-98.9 -165.5 3084.6 -0.1764179766 0.5521398783 0.8148731589 0.0211264919 0.8297911286 -0.5576741099 -0.9840885997 -0.0811683238 -0.1580548435
-363.7 -453.5 2489.9 0.7409702539 -0.6079106331 -0.2853204608 -0.1694840491 0.2418331355 -0.9554014206 0.6497986317 0.7562813163 0.0761600137
-134.4 -544.7 2204.6 0.7409702539 0.4691626430 -0.4804680049 -0.1694840491 0.8229634166 0.5422235131 0.6497986317 -0.3203398585 0.6893070340
-278.1 -491.2 2647.6 0.4386588335 -0.8785132170 -0.1891903579 -0.2184057087 0.0999934301 -0.9707215428 0.8717094660 0.4671358168 -0.1480093002
63.2 -530.0 2466.1 0.4386588335 0.5857585073 -0.6815170050 -0.2184057087 0.8051276803 0.5514239669 0.8717094660 -0.0930397809 0.4811093807
-50.3 -181.9 2526.3 0 0 0 0 0 0 0 0 0
-141.9 -160.3 2844.9 0 0 0 0 0 0 0 0 0
-313.6 -859.1 2327.0 0 0 0 0 0 0 0 0 0
-160.5 -837.5 2501.6 0 0 0 0 0 0 0 0 0
-270.0 116.9 2692.4 2 0.4829878509 0.1088318378 -0.8688373566 -0.2330826372 0.9724259377 -0.0077634514 0.8440350890 0.2062605619 0.4950367212
-292.2 -81.7 2650.3 0.4829878509 0.1088318378 -0.8688373566 -0.2330826372 0.9724259377 -0.0077634514 0.8440350890 0.2062605619 0.4950367212
-309.7 -275.8 2611.4 0.4849555790 0.0877792761 -0.8701223135 -0.2135750502 0.9767115116 -0.0205021594 0.8480588198 0.1957790554 0.4924091697
-363.1 -50.5 2526.5 -0.2496915013 0.2477397174 -0.9360978603 0.7765375972 0.6287530661 -0.0407304987 0.5784838200 -0.7370852232 -0.3493734896
-302.2 -239.7 2385.5 -0.8696138263 0.2477397174 0.4270794392 -0.1910632253 0.6287530661 -0.7537668347 -0.4552654922 -0.7370852232 -0.4994384050
-221.4 -112.9 2774.2 0.3545919657 0.5582318902 -0.7500944734 -0.1604989022 0.8266539574 0.5393360257 0.9211431146 -0.0708549023 0.3827204704
-101.4 -167.2 3086.0 -0.1738645434 0.5570560694 0.8120712042 0.0247566681 0.8268425465 -0.5618883371 -0.9844583273 -0.0775882825 -0.1575494558
-368.9 -451.6 2494.9 0.7415198088 -0.6006844044 -0.2988755405 -0.1712498218 0.2612581253 -0.9499566555 0.6487078071 0.7555940747 0.0908609852
-139.2 -551.6 2206.0 0.7415198088 0.4680491388 -0.4807060957 -0.1712498218 0.8247793913 0.5388992429 0.6487078071 -0.3172836602 0.6917436123
-279.4 -489.9 2650.3 0.4425307214 -0.8757158518 -0.1931017786 -0.2153536230 0.1052530482 -0.9708473682 0.8705109954 0.4712149501 -0.1420108825
64.9 -531.3 2465.0 0.4425307214 0.5946751833 -0.6712138653 -0.2153536230 0.7970636487 0.5641918182 0.8705109954 -0.1051238701 0.4807905853
-54.0 -185.1 2515.5 0 0 0 0 0 0 0 0 0
-143.7 -161.2 2846.1 0 0 0 0 0 0 0 0 0
-318.0 -866.7 2327.2 0 0 0 0 0 0 0 0 0
-162.3 -835.7 2505.2 0 0 0 0 0 0 0 0 0
-267.2 119.2 2693.6 3 0.5051043034 0.1152131036 -0.8553336263 -0.2386987358 0.9710404873 -0.0101611465 0.8293928504 0.2092994750 0.5179779530
-290.7 -79.0 2650.9 0.5051043034 0.1152131036 -0.8553336263 -0.2386987358 0.9710404873 -0.0101611465 0.8293928504 0.2092994750 0.5179779530
-309.0 -272.8 2611.0 0.5071669817 0.0919713452 -0.8569264412 -0.2193214297 0.9753291011 -0.0251249783 0.8334745169 0.2006848902 0.5148259997
-364.8 -46.9 2529.2 -0.3031730354 0.3005347252 -0.9043036103 0.7798012495 0.6236799359 -0.0541601889 0.5477190018 -0.7215970159 -0.4234403074
-288.7 -242.7 2391.7 -0.8565095663 0.3005347252 0.4196072817 -0.1563687623 0.6236799359 -0.7658799887 -0.4918741584 -0.7215970159 -0.4871935844
-216.7 -111.0 2772.6 0.3787093163 0.5554231405 -0.7403272390 -0.1669206768 0.8277801871 0.5356467366 0.9103388190 -0.0792784914 0.4061996639
-88.5 -167.5 3080.7 -0.1995811462 0.5540682673 0.8081928492 0.0318390504 0.8280178905 -0.5597969890 -0.9793639183 -0.0859928355 -0.1828977615
-371.6 -450.3 2494.8 0.7416159511 -0.6007574201 -0.2984901667 -0.1650807709 0.2678372264 -0.9492163062 0.6501954794 0.7532289028 0.0994588658
-139.6 -553.7 2204.0 0.7416159511 0.4703538716 -0.4783022702 -0.1650807709 0.8190422058 0.5494708419 0.6501954794 -0.3285378218 0.6850610971
-282.7 -489.5 2650.3 0.4484754801 -0.8775436878 -0.1696668416 -0.1847213060 0.0947276875 -0.9782150388 0.8744986057 0.4700465500 -0.1196179688
65.7 -527.1 2463.7 0.4484754801 0.5876513720 -0.6734505296 -0.1847213060 0.7981455326 0.5734472275 0.8744986057 -0.1327763498 0.4665004313
-44.0 -198.0 2532.2 0 0 0 0 0 0 0 0 0
-137.1 -159.7 2842.1 0 0 0 0 0 0 0 0 0
-319.4 -866.6 2329.5 0 0 0 0 0 0 0 0 0
-158.7 -831.9 2514.4 0 0 0 0 0 0 0 0 0
-263.5 119.5 2684.2 4 0.5374643803 0.1176122725 -0.8350445628 -0.2373700738 0.9712879062 -0.0159782823 0.8091894388 0.2068023384 0.5499502420
-287.6 -79.9 2641.7 0.5374643803 0.1176122725 -0.8350445628 -0.2373700738 0.9712879062 -0.0159782823 0.8091894388 0.2068023384 0.5499502420
-305.2 -273.7 2601.4 0.5395105481 0.0885034651 -0.8373144865 -0.2180463523 0.9752209783 -0.0374146998 0.8132553101 0.2027589828 0.5454398394
-366.4 -48.1 2523.0 -0.4331259131 0.3675994277 -0.8229657412 0.7815319896 0.6080151200 -0.1397333294 0.4490097165 -0.7036961913 -0.5506377816
-256.4 -246.7 2409.0 -0.8170611858 0.3675994277 0.4441640079 -0.1502403021 0.6080151200 -0.7795802951 -0.5566316843 -0.7036961913 -0.4415573180
-208.9 -111.8 2760.4 0.4133813083 0.5430127382 -0.7309261560 -0.1673608273 0.8343583941 0.5252013206 0.8950453997 -0.0947799906 0.4357872307
-69.0 -168.4 3063.2 -0.2354124188 0.5413988829 0.8071358204 0.0345938765 0.8346173763 -0.5497427583 -0.9712796807 -0.1014943123 -0.2152083814
-373.8 -446.5 2494.8 0.7458536625 -0.6016049981 -0.2859612107 -0.1450704336 0.2722880840 -0.9512169957 0.6501206756 0.7509531975 0.1158119515
-138.8 -552.8 2201.5 0.7458536625 0.4636371136 -0.4782708287 -0.1450704336 0.8138336539 0.5626983047 0.6501206756 -0.3503076136 0.6742607951
-280.8 -486.7 2647.6 0.4481879473 -0.8773076534 -0.1716356874 -0.1737505794 0.1028463170 -0.9794046283 0.8768912554 0.4687791467 -0.1063382328
67.1 -527.5 2461.7 0.4481879473 0.5882316828 -0.6731352210 -0.1737505794 0.7959601879 0.5798776746 0.8768912554 -0.1429365575 0.4589453638
-22.9 -203.7 2568.0 0 0 0 0 0 0 0 0 0
-126.4 -160.0 2826.7 0 0 0 0 0 0 0 0 0
-315.9 -863.7 2335.3 0 0 0 0 0 0 0 0 0
-157.6 -831.6 2516.3 0 0 0 0 0 0 0 0 0
-263.8 118.7 2689.5 5 0.5374678373 0.1067004651 -0.8365066051 -0.2371746302 0.9710481167 -0.0285263192 0.8092443943 0.2137301266 0.5472137928
-285.6 -79.7 2645.8 0.5374678373 0.1067004651 -0.8365066051 -0.2371746302 0.9710481167 -0.0285263192 0.8092443943 0.2137301266 0.5472137928
-301.7 -273.3 2604.1 0.5391356349 0.0811400786 -0.8383013010 -0.2199015915 0.9743837118 -0.0471133888 0.8130043149 0.2097443044 0.5431678295
-364.3 -47.6 2527.1 -0.5408002138 0.4208781719 -0.7282834053 0.7521084547 0.6296489835 -0.1946150362 0.3766536713 -0.6529960036 -0.6570603251
