-21.9 21.5 2810.1 5 0.2386731803 0.3960372508 -0.8866733313 -0.1390581280 0.9175893068 0.3724146187 0.9610920548 0.0344137475 0.2740761638
-100.3 -160.1 2803.2 0.2386731803 0.3960372508 -0.8866733313 -0.1390581280 0.9175893068 0.3724146187 0.9610920548 0.0344137475 0.2740761638
-180.2 -341.9 2798.0 0.2410415709 0.4019724429 -0.8833556175 -0.1336184591 0.9152702689 0.3800347745 0.9612726569 0.0264284331 0.2743291259
-134.2 -141.3 2668.1 -0.6602088809 0.2047355473 -0.7226393223 0.6032882929 0.7176696062 -0.3478413224 0.4474007785 -0.6656077504 -0.5973263979
36.3 -297.1 2552.6 -0.8925969601 0.2047355473 0.4016889632 -0.1421753168 0.7176696062 -0.6817158461 -0.4278514385 -0.6656077504 -0.6114813685
-66.4 -178.9 2938.4 0.7445523739 0.2086389363 -0.6341226697 -0.6549669504 0.4119740725 -0.6334789991 0.1290737242 0.8869876862 0.4433878958
109.3 -333.4 2968.9 0.9771926999 0.2086389363 0.0395509116 -0.0511383452 0.4119740725 -0.9097594619 -0.2061051875 0.8869876862 0.4132474959
-278.4 -517.1 2710.6 0.8759596348 -0.4714929163 -0.1019272581 -0.1095712781 0.0112981284 -0.9939147234 0.4697753489 0.8817974925 -0.0417653769
-89.0 -521.6 2356.3 0.8759596348 0.1818008870 -0.4468144774 -0.1095712781 0.9770383239 0.1827300042 0.4697753489 -0.1111060828 0.8757662773
-228.3 -537.2 2886.9 0.3648487329 -0.9303440452 -0.0366789326 0.0562618189 0.0613522269 -0.9965292215 0.9293653965 0.3615188003 0.0747271329
124.3 -560.5 2749.9 0.3648487329 -0.2193524539 -0.9048590660 0.0562618189 0.9752700329 -0.2137358338 0.9293653965 0.0270722341 0.3681671917
276.6 -258.8 2667.8 0 0 0 0 0 0 0 0 0
363.2 -346.7 2915.3 0 0 0 0 0 0 0 0 0
-158.4 -894.9 2398.7 0 0 0 0 0 0 0 0 0
206.6 -926.1 2739.7 0 0 0 0 0 0 0 0 0
-21.5 20.1 2803.9 6 0.2237402499 0.4058890343 -0.8861119747 -0.1263393760 0.9135676622 0.3865650296 0.9664257169 0.0254606698 0.2556816339
-101.7 -160.5 2798.9 0.2237402499 0.4058890343 -0.8861119747 -0.1263393760 0.9135676622 0.3865650296 0.9664257169 0.0254606698 0.2556816339
-184.1 -341.3 2795.2 0.2256927192 0.4141662121 -0.8817761540 -0.1219976097 0.9100202322 0.3962067664 0.9665295482 0.0181535985 0.2559122145
-133.5 -143.4 2662.9 -0.6517338753 0.1904078424 -0.7341579199 0.6196706891 0.6918157935 -0.3706739545 0.4373227656 -0.6965168715 -0.5688699484
27.6 -296.5 2554.9 -0.9110866785 0.1904078424 0.3656035364 -0.1396989971 0.6918157935 -0.7084314823 -0.3878211975 -0.6965168715 -0.6037043333
-69.9 -177.6 2934.8 0.7334920764 0.2018068284 -0.6490480304 -0.6630012393 0.4227825999 -0.6178059578 0.1497287452 0.8834754825 0.4439058602
103.1 -334.1 2970.2 0.9791968465 0.2018068284 0.0211539399 -0.0676099807 0.4227825999 -0.9037055969 -0.1913174689 0.8834754825 0.4276315570
-282.2 -511.5 2704.6 0.8698547482 -0.4822732806 -0.1037554964 -0.1047156453 0.0250169653 -0.9941874743 0.4820657074 0.8756635189 -0.0287404303
-89.9 -521.5 2355.5 0.8698547482 0.1815485060 -0.4586859941 -0.1047156453 0.9765807390 0.1879485548 0.4820657074 -0.1154563352 0.8684943914
-240.8 -533.9 2883.3 0.3464931846 -0.9287393093 -0.1318549216 0.0821882486 0.1700787395 -0.9819971323 0.9344450831 0.3294183910 0.1352625787
124.0 -600.7 2753.9 0.3464931846 -0.2965240479 -0.8899527788 0.0821882486 0.9546718597 -0.2860887647 0.9344450831 0.0259841513 0.3551580906
272.4 -259.0 2659.1 0 0 0 0 0 0 0 0 0
357.6 -351.6 2920.4 0 0 0 0 0 0 0 0 0
-159.3 -894.7 2399.6 0 0 0 0 0 0 0 0 0
235.9 -961.1 2744.1 0 0 0 0 0 0 0 0 0
-17.5 19.9 2801.3 7 0.1870951504 0.4141741991 -0.8907609582 -0.1114095077 0.9098687768 0.3996582627 0.9760037661 0.0244651139 0.2163749784
-99.4 -159.9 2796.5 0.1870951504 0.4141741991 -0.8907609582 -0.1114095077 0.9098687768 0.3996582627 0.9760037661 0.0244651139 0.2163749784
-183.0 -340.2 2792.8 0.1888280362 0.4204268157 -0.8874599934 -0.1076368690 0.9071337581 0.4068448246 0.9760933518 0.0186997131 0.2165457010
-125.9 -144.8 2659.3 -0.6557676196 0.2041668147 -0.7268319726 0.6265943050 0.6842148900 -0.3731347919 0.4211274981 -0.7001184821 -0.5766157508
32.1 -295.8 2557.8 -0.9064514637 0.2041668147 0.3696777523 -0.1379424334 0.6842148900 -0.7161158323 -0.3991461098 -0.7001184821 -0.5920442939
-72.8 -175.0 2933.7 0.7219682932 0.1722845733 -0.6701341271 -0.6660169959 0.4355821013 -0.6055490375 0.1875716895 0.8835079074 0.4292209446
97.4 -332.0 2978.0 0.9850456119 0.1722845733 -0.0017837530 -0.0778072774 0.4355821013 -0.8967799544 -0.1537243724 0.8835079074 0.4424732327
-287.1 -511.0 2703.0 0.8645680547 -0.4922413528 -0.1010963768 -0.1017707810 0.0254969783 -0.9944810867 0.4921023846 0.8700852394 -0.0280519128
-90.1 -521.2 2354.8 0.8645680547 0.1848933995 -0.4672648907 -0.1017707810 0.9750060439 0.1974991560 0.4921023846 -0.1231975481 0.8617758751
-246.8 -530.6 2880.0 0.3108529449 -0.9328414798 -0.1821462661 0.1041107625 0.2239062935 -0.9690340161 0.9447388053 0.2822636962 0.1667207628
127.3 -620.4 2766.8 0.3108529449 -0.3335792720 -0.8899973631 0.1041107625 0.9427037835 -0.3169709146 0.9447388053 0.0058730347 0.3277714252
275.6 -258.7 2665.0 0 0 0 0 0 0 0 0 0
353.3 -352.3 2938.0 0 0 0 0 0 0 0 0 0
-160.8 -893.9 2401.9 0 0 0 0 0 0 0 0 0
253.9 -978.2 2764.5 0 0 0 0 0 0 0 0 0
-18.6 18.9 2801.1 8 0.2374089956 0.4124174714 -0.8795162439 -0.1197986379 0.9109206796 0.3948060572 0.9639944434 0.0116343349 0.2656677961
-100.1 -161.2 2798.8 0.2374089956 0.4124174714 -0.8795162439 -0.1197986379 0.9109206796 0.3948060572 0.9639944434 0.0116343349 0.2656677961
-185.4 -340.8 2797.1 0.2365915477 0.4291554391 -0.8716937900 -0.1215607226 0.9031900167 0.4116682708 0.9639748335 0.0085664894 0.2658555806
-133.3 -144.1 2663.3 -0.6750926971 0.2057495564 -0.7084609866 0.6000017524 0.7118802071 -0.3649992645 0.4292409420 -0.6714861393 -0.6040351987
37.7 -296.1 2554.6 -0.8961047530 0.2057495564 0.3932727277 -0.1386970580 0.7118802071 -0.6884691119 -0.4216153026 -0.6714861393 -0.6093823910
-66.9 -178.3 2934.2 0.7239596248 0.2204904407 -0.6536561847 -0.6748671532 0.4227332473 -0.6048561335 0.1429572254 0.8790224791 0.4548435509
103.8 -337.4 2967.9 0.9753118753 0.2204904407 0.0122776050 -0.0842091143 0.4227332473 -0.9023333192 -0.2041460127 0.8790224791 0.4308640659
-283.9 -510.6 2699.5 0.8646060824 -0.4914512038 -0.1045563668 -0.1026558280 0.0309224334 -0.9942361712 0.4918517172 0.8703559637 -0.0237146057
-88.3 -522.9 2353.2 0.8646060824 0.1952475160 -0.4629629850 -0.1026558280 0.9706181884 0.2176284939 0.4918517172 -0.1406370699 0.8592456579
-247.7 -531.6 2884.5 0.3597396016 -0.9113319516 -0.2001536936 0.0921098888 0.2481534034 -0.9643316865 0.9284951091 0.3284721673 0.1732132882
121.9 -632.2 2751.2 0.3597396016 -0.3448382318 -0.8669913411 0.0921098888 0.9377847910 -0.3347766697 0.9284951091 0.0405739471 0.3691213429
276.7 -259.2 2667.0 0 0 0 0 0 0 0 0 0
356.9 -359.2 2914.9 0 0 0 0 0 0 0 0 0
-162.9 -893.9 2406.9 0 0 0 0 0 0 0 0 0
253.1 -989.2 2735.8 0 0 0 0 0 0 0 0 0
-21.1 20.5 2810.9 9 0.2286005318 0.4125469327 -0.8817861676 -0.1356434673 0.9104331136 0.3907843232 0.9640241861 0.0302750282 0.2640847862
-102.5 -159.3 2804.9 0.2286005318 0.4125469327 -0.8817861676 -0.1356434673 0.9104331136 0.3907843232 0.9640241861 0.0302750282 0.2640847862
-189.2 -338.1 2799.9 0.2276559323 0.4363479912 -0.8705016971 -0.1376573741 0.8994197249 0.4148429036 0.9639622569 0.0253895316 0.2648247480
-134.5 -139.9 2669.4 -0.6692411304 0.2094060481 -0.7129273415 0.5926321149 0.7292004228 -0.3421314061 0.4482225180 -0.6514720917 -0.6121116877
39.4 -294.0 2552.9 -0.8922785521 0.2094060481 0.3999851346 -0.1300311089 0.7292004228 -0.6718323231 -0.4323550761 -0.6514720917 -0.6234205961
-70.5 -178.7 2940.5 0.7175408602 0.2167962044 -0.6619173288 -0.6825532317 0.4081961215 -0.6062153578 0.1387668997 0.8867780566 0.4408723414
98.7 -339.7 2973.2 0.9762160182 0.2167962044 0.0012940225 -0.0894471556 0.4081961215 -0.9085015655 -0.1974879056 0.8867780566 0.4178794026
-292.3 -509.1 2707.1 0.8620921969 -0.4966595769 -0.1006295532 -0.0960862786 0.0347674564 -0.9947656393 0.4975585043 0.8672487736 -0.0177494176
-89.8 -523.3 2353.6 0.8620921969 0.1878936738 -0.4706304371 -0.0960862786 0.9724816084 0.2122427523 0.4975585043 -0.1377516985 0.8564227819
-254.5 -529.6 2883.6 0.3531175852 -0.9098984003 -0.2176990807 0.0780778751 0.2605376542 -0.9623013735 0.9323152900 0.3228080571 0.1630433649
117.1 -636.0 2751.8 0.3531175852 -0.3487650454 -0.8681422472 0.0780778751 0.9356683493 -0.3441345692 0.9323152900 0.0537372679 0.3576317728
276.9 -259.4 2668.0 0 0 0 0 0 0 0 0 0
352.3 -362.9 2921.9 0 0 0 0 0 0 0 0 0
-161.6 -895.1 2406.2 0 0 0 0 0 0 0 0 0
250.1 -992.9 2731.3 0 0 0 0 0 0 0 0 0
-21.6 20.9 2804.4 0 0.2294285148 0.4228459299 -0.8766777515 -0.1244092360 0.9060554504 0.4044574499 0.9653418660 0.0162727386 0.2604809105
-105.2 -158.3 2801.1 0.2294285148 0.4228459299 -0.8766777515 -0.1244092360 0.9060554504 0.4044574499 0.9653418660 0.0162727386 0.2604809105
-192.1 -337.0 2797.9 0.2276482284 0.4373092055 -0.8700212240 -0.1281455308 0.8991646767 0.4184275568 0.9652745724 0.0162350386 0.2607324719
-137.2 -140.3 2665.4 -0.6824942231 0.2102068961 -0.7000104785 0.5927190185 0.7195690274 -0.3618073463 0.4276514649 -0.6618409753 -0.6156952977
40.2 -294.4 2554.2 -0.8945041895 0.2102068961 0.3945571482 -0.1316500604 0.7195690274 -0.6818274260 -0.4272359312 -0.6618409753 -0.6159837246
-73.2 -176.3 2936.9 0.7169549465 0.2173577547 -0.6623678803 -0.6817442775 0.4170645773 -0.6010673046 0.1456035525 0.8825036883 0.4471988976
96.0 -337.2 2971.3 0.9760919213 0.2173577547 0.0003508200 -0.0925476626 0.4170645773 -0.9041526914 -0.1966709048 0.8825036883 0.4272093177
-296.8 -504.2 2706.5 0.8564419150 -0.5059709549 -0.1024725363 -0.0919278413 0.0458515249 -0.9947094321 0.5079926252 0.8613309860 -0.0072436528
-90.4 -522.9 2355.2 0.8564419150 0.1858089864 -0.4816453457 -0.0919278413 0.9729611874 0.2118863463 0.5079926252 -0.1371917278 0.8503657579
-257.9 -527.6 2883.4 0.3532065451 -0.9086104631 -0.2228725106 0.0881890804 0.2695029676 -0.9589529634 0.9313795567 0.3190535307 0.1753197312
114.5 -638.0 2752.6 0.3532065451 -0.3532484174 -0.8662913442 0.0881890804 0.9344231486 -0.3450739384 0.9313795567 0.0454849303 0.3611970246
278.1 -259.4 2667.7 0 0 0 0 0 0 0 0 0
349.6 -361.3 2920.2 0 0 0 0 0 0 0 0 0
-161.5 -894.9 2407.6 0 0 0 0 0 0 0 0 0
249.4 -994.8 2735.3 0 0 0 0 0 0 0 0 0
-20.5 21.7 2801.1 1 0.2838545144 0.4045828283 -0.8693327308 -0.1512176841 0.9141675234 0.3760730922 0.9468684196 0.0247084349 0.3206706345
-100.6 -159.1 2796.2 0.2838545144 0.4045828283 -0.8693327308 -0.1512176841 0.9141675234 0.3760730922 0.9468684196 0.0247084349 0.3206706345
-182.9 -340.0 2792.8 0.2857359946 0.4141645432 -0.8641890287 -0.1470256001 0.9100555778 0.3875335753 0.9469627142 0.0163256247 0.3209284246
-140.7 -138.6 2663.2 -0.6894710660 0.2169857770 -0.6910476685 0.5890788436 0.7231156230 -0.3606798649 0.4214449525 -0.6557598710 -0.6263889670
40.0 -293.0 2552.7 -0.8921239972 0.2169857770 0.3962725997 -0.1258034408 0.7231156230 -0.6791740060 -0.4339219928 -0.6557598710 -0.6178112030
-60.4 -179.7 2929.2 0.7412168384 0.2563239932 -0.6203995347 -0.6657645702 0.3987961113 -0.6306498647 0.0857622325 0.8804883361 0.4662458301
114.2 -336.5 2949.3 0.9653900862 0.2563239932 0.0481664054 -0.0602304600 0.3987961113 -0.9150595069 -0.2537603080 0.8804883361 0.4004323184
-299.9 -504.0 2706.2 0.8526493907 -0.5114209056 -0.1069470644 -0.0969534293 0.0462650023 -0.9942130446 0.5134092569 0.8580840230 -0.0101361843
-89.4 -523.1 2352.9 0.8526493907 0.1945378333 -0.4849165380 -0.0969534293 0.9708908796 0.2190227062 0.5134092569 -0.1397352666 0.8466905951
-238.8 -534.3 2876.2 0.4033754468 -0.8950810432 -0.1900478750 0.0728482902 0.2384489924 -0.9684188962 0.9121301174 0.3767917454 0.1613895893
127.8 -631.9 2721.8 0.4033754468 -0.3757264912 -0.8343367577 0.0728482902 0.9221011996 -0.3800295591 0.9121301174 0.0925145820 0.3993240297
277.8 -259.5 2668.4 0 0 0 0 0 0 0 0 0
364.5 -352.1 2883.5 0 0 0 0 0 0 0 0 0
-163.7 -894.2 2406.3 0 0 0 0 0 0 0 0 0
271.2 -983.8 2686.5 0 0 0 0 0 0 0 0 0
-21.0 18.8 2810.4 2 0.3051410913 0.3846201003 -0.8711809516 -0.1764147580 0.9218072891 0.3451799452 0.9358240962 0.0483605936 0.3491339386
-97.0 -163.1 2800.9 0.3051410913 0.3846201003 -0.8711809516 -0.1764147580 0.9218072891 0.3451799452 0.9358240962 0.0483605936 0.3491339386
-176.6 -345.1 2794.3 0.3086622357 0.4007160068 -0.8626437783 -0.1681764275 0.9156304002 0.3651542366 0.9361860752 0.0323670208 0.3500115275
-140.4 -139.6 2669.3 -0.6735616922 0.2006112337 -0.7113857865 0.5947753191 0.7185124755 -0.3605303764 0.4388131201 -0.6659541726 -0.6032811403
38.2 -297.2 2553.0 -0.8951843977 0.2006112337 0.3979949355 -0.1417163610 0.7185124755 -0.6809231043 -0.4225651622 -0.6659541726 -0.6147713065
-53.5 -186.7 2932.4 0.7530931830 0.2695046961 -0.6001815200 -0.6558884382 0.3790700436 -0.6527757645 0.0515846945 0.8852531314 0.4622400999
123.9 -341.2 2944.6 0.9603943229 0.2695046961 0.0707812533 -0.0382326134 0.3790700436 -0.9245778322 -0.2760091424 0.8852531314 0.3743605912
-291.3 -507.4 2702.7 0.8588100672 -0.5015130639 -0.1045461968 -0.0966267288 0.0418354496 -0.9944410920 0.5030989051 0.8641380072 -0.0125308596
-88.6 -524.4 2353.4 0.8588100672 0.1921324730 -0.4749003649 -0.0966267288 0.9711198211 0.2181502879 0.5030989051 -0.1414616108 0.8525726199
-227.9 -542.4 2873.6 0.4220948517 -0.8899682760 -0.1726046503 0.0549652763 0.2151705921 -0.9750284553 0.9048838615 0.4020672143 0.1397397518
137.2 -630.6 2708.6 0.4220948517 -0.3890511394 -0.8188254833 0.0549652763 0.9125521183 -0.4052498341 0.9048838615 0.1260468960 0.4065678716
277.9 -259.3 2666.2 0 0 0 0 0 0 0 0 0
373.2 -351.2 2872.9 0 0 0 0 0 0 0 0 0
-162.1 -895.6 2407.5 0 0 0 0 0 0 0 0 0
285.6 -978.9 2660.5 0 0 0 0 0 0 0 0 0
-21.1 19.6 2804.6 3 0.2770762444 0.3974976838 -0.8747709990 -0.1575208455 0.9168896675 0.3667431176 0.9478480816 0.0361788757 0.3166625202
-99.5 -161.1 2797.5 0.2770762444 0.3974976838 -0.8747709990 -0.1575208455 0.9168896675 0.3667431176 0.9478480816 0.0361788757 0.3166625202
-180.0 -342.7 2792.4 0.2803370357 0.4050716162 -0.8702459931 -0.1500822753 0.9139457345 0.3770656288 0.9480962157 0.0249030385 0.3170069158
-138.9 -140.0 2664.2 -0.6761825681 0.2189227343 -0.7034557462 0.6041333675 0.7112541199 -0.3593612313 0.4216634631 -0.6679748893 -0.6131961346
34.7 -295.1 2556.0 -0.8797612190 0.2189227343 0.4220106900 -0.1521996856 0.7112541199 -0.6862600446 -0.4503947496 -0.6679748893 -0.5924137831
-60.0 -182.1 2930.7 0.7473416328 0.2459740937 -0.6172335148 -0.6586808562 0.3963096440 -0.6395921707 0.0872924849 0.8845537901 0.4581971467
116.1 -337.4 2951.3 0.9677488804 0.2459740937 0.0543953106 -0.0491991378 0.3963096440 -0.9167977571 -0.2470658869 0.8845537901 0.3956299126
-284.6 -511.6 2702.0 0.8642445207 -0.4912996292 -0.1081947833 -0.1080651805 0.0287430901 -0.9937282205 0.4913281500 0.8705162406 -0.0282513238
-89.1 -523.1 2355.5 0.8642445207 0.1945371032 -0.4639361501 -0.1080651805 0.9724681377 0.2064646184 0.4913281500 -0.1283005774 0.8614729643
-234.8 -538.1 2874.3 0.3959207237 -0.8999044895 -0.1828076988 0.0721347630 0.2289385945 -0.9707645178 0.9154470563 0.3711589873 0.1555559337
134.6 -632.0 2721.9 0.3959207237 -0.3878050745 -0.8323785067 0.0721347630 0.9167826772 -0.3928180933 0.9154470563 0.0954813957 0.3909474909
270.8 -254.3 2676.8 0 0 0 0 0 0 0 0 0
367.4 -350.1 2887.1 0 0 0 0 0 0 0 0 0
-163.4 -894.8 2404.5 0 0 0 0 0 0 0 0 0
282.6 -982.1 2685.5 0 0 0 0 0 0 0 0 0
-20.2 19.8 2812.2 4 0.2716057003 0.3917634487 -0.8790630102 -0.1756463647 0.9182361960 0.3549516201 0.9462445378 0.0579973273 0.3182100058
-97.8 -162.3 2800.7 0.2716057003 0.3917634487 -0.8790630102 -0.1756463647 0.9182361960 0.3549516201 0.9462445378 0.0579973273 0.3182100058
-177.6 -344.1 2792.0 0.2758302391 0.4013280272 -0.8734148741 -0.1658818126 0.9149067402 0.3680066764 0.9467844963 0.0433762744 0.3189319670
-136.7 -139.0 2667.6 -0.7171245217 0.2533555031 -0.6492637396 0.5610967278 0.7624619603 -0.3222146034 0.4134040773 -0.5953677297 -0.6889371276
56.2 -289.9 2556.4 -0.8184824586 0.2533555031 0.5156524181 -0.1591062099 0.7624619603 -0.6271658540 -0.5520612597 -0.5953677297 -0.5837513208
-59.0 -185.6 2933.8 0.7495342493 0.2398152202 -0.6169984341 -0.6571565270 0.3817131817 -0.6499541402 0.0796475559 0.8926274180 0.4437032342
117.8 -340.6 2952.6 0.9692174196 0.2398152202 0.0557341948 -0.0413510613 0.3817131817 -0.9233553410 -0.2427091449 0.8926274180 0.3798796833
-286.3 -510.6 2700.6 0.8624479771 -0.4955699146 -0.1029267684 -0.1012186185 0.0303783864 -0.9944003224 0.4959216118 0.8680366278 -0.0239611249
-89.0 -522.7 2355.1 0.8624479771 0.1919317693 -0.4683435261 -0.1012186185 0.9720241427 0.2119523585 0.4959216118 -0.1353928000 0.8577473760
-232.1 -541.1 2870.2 0.3907796741 -0.9027032852 -0.1800501049 0.0577493310 0.2192614824 -0.9739555717 0.9186709523 0.3702042401 0.1378134340
138.8 -631.2 2718.1 0.3907796741 -0.3926311433 -0.8325455189 0.0577493310 0.9131405354 -0.4035336673 0.9186709523 0.1096138060 0.3795109391
279.3 -246.6 2706.8 0 0 0 0 0 0 0 0 0
369.6 -351.4 2889.6 0 0 0 0 0 0 0 0 0
-162.4 -894.3 2406.8 0 0 0 0 0 0 0 0 0
288.8 -980.1 2676.2 0 0 0 0 0 0 0 0 0
-20.5 18.1 2815.5 5 0.2792025805 0.3870652914 -0.8787640929 -0.1839274168 0.9197701812 0.3466893137 0.9424524307 0.0648322701 0.3279941380
-97.3 -164.5 2802.6 0.2792025805 0.3870652914 -0.8787640929 -0.1839274168 0.9197701812 0.3466893137 0.9424524307 0.0648322701 0.3279941380
-176.1 -346.7 2792.0 0.2823160291 0.3959718645 -0.8737871051 -0.1766252667 0.9167224765 0.3583621085 0.9429216385 0.0531615168 0.3287441134
-137.1 -139.7 2670.0 -0.7498415112 0.2656076550 -0.6059622765 0.5259386301 0.7949608564 -0.3023668826 0.4014053643 -0.5454262495 -0.7357879877
71.3 -285.8 2558.4 -0.7720311284 0.2656076550 0.5774257779 -0.1634624451 0.7949608564 -0.5842236280 -0.6142051816 -0.5454262495 -0.5703176260
-57.6 -189.4 2935.3 0.7540127635 0.2427119315 -0.6103733778 -0.6534648538 0.3715231717 -0.6595106125 0.0666967779 0.8961369395 0.4387369156
120.3 -343.6 2951.0 0.9680135846 0.2427119315 0.0635658130 -0.0322233699 0.3715231717 -0.9278643131 -0.2488199174 0.8961369395 0.3674604893
-282.7 -510.8 2696.6 0.8614035845 -0.4962825775 -0.1081084162 -0.1079431176 0.0291125812 -0.9937307239 0.4963185489 0.8676728010 -0.0284926035
-87.7 -522.2 2355.6 0.8614035845 0.1930443048 -0.4698060453 -0.1079431176 0.9734068513 0.2020579726 0.4963185489 -0.1233411357 0.8593339324
-228.9 -545.1 2867.9 0.3957862556 -0.9018255472 -0.1733896136 0.0482133850 0.2089519352 -0.9767366648 0.9170761704 0.3782192469 0.1261803657
141.8 -631.0 2712.4 0.3957862556 -0.3978363872 -0.8276952505 0.0482133850 0.9090511203 -0.4138859212 0.9170761704 0.1239043698 0.3789709806
287.8 -240.0 2730.7 0 0 0 0 0 0 0 0 0
371.9 -351.9 2886.3 0 0 0 0 0 0 0 0 0
-161.5 -894.3 2402.7 0 0 0 0 0 0 0 0 0
293.8 -978.4 2665.1 0 0 0 0 0 0 0 0 0
-19.7 17.6 2817.6 6 0.2816511095 0.3870877624 -0.8779724836 -0.1849800646 0.9197553396 0.3461682498 0.9415174127 0.0649087355 0.3306536376
-96.4 -164.5 2804.8 0.2816511095 0.3870877624 -0.8779724836 -0.1849800646 0.9197553396 0.3461682498 0.9415174127 0.0649087355 0.3306536376
-174.8 -346.9 2794.6 0.2858425677 0.3944069147 -0.8733482957 -0.1751260757 0.9175257683 0.3570397198 0.9421384931 0.0508889072 0.3313388526
-136.6 -139.9 2672.2 -0.7603656054 0.2706967890 -0.5903959870 0.5181708932 0.8008828759 -0.3001424670 0.3915904164 -0.5341440439 -0.7492309809
76.9 -285.4 2562.3 -0.7524310350 0.2706967890 0.6004754901 -0.1700788587 0.8008828759 -0.5741600394 -0.6363338232 -0.5341440439 -0.5565693378
-56.2 -189.2 2937.3 0.7554577589 0.2451320142 -0.6076132655 -0.6519855857 0.3729690015 -0.6601582766 0.0647949949 0.8948767781 0.4415848553
122.2 -343.1 2952.6 0.9672027230 0.2451320142 0.0665522516 -0.0307178572 0.3729690015 -0.9273352027 -0.2521414757 0.8948767781 0.3682665825
-280.7 -512.7 2695.0 0.8631398678 -0.4934678972 -0.1071402207 -0.1086532027 0.0257106423 -0.9937471747 0.4931369722 0.8693839312 -0.0314249881
-87.9 -522.8 2355.2 0.8631398678 0.1976691633 -0.4646681547 -0.1086532027 0.9713456631 0.2113813460 0.4931369722 -0.1319639832 0.8598845601
-227.0 -545.4 2870.9 0.3988701999 -0.9008897543 -0.1711732000 0.0500046909 0.2077554911 -0.9769018292 0.9156429768 0.3810975552 0.1279161870
143.4 -630.8 2714.2 0.3988701999 -0.3992793858 -0.8255171180 0.0500046909 0.9083606005 -0.4151873589 0.9156429768 0.1243261322 0.3822838068
293.5 -236.5 2745.4 0 0 0 0 0 0 0 0 0
373.6 -351.1 2887.1 0 0 0 0 0 0 0 0 0
-163.4 -894.1 2405.7 0 0 0 0 0 0 0 0 0
296.1 -978.0 2666.7 0 0 0 0 0 0 0 0 0
-19.8 17.8 2818.2 7 0.2722836733 0.3844766319 -0.8820653558 -0.1818184406 0.9207450151 0.3452110887 0.9448828697 0.0663803965 0.3206087947
-95.9 -164.4 2805.1 0.2722836733 0.3844766319 -0.8820653558 -0.1818184406 0.9207450151 0.3452110887 0.9448828697 0.0663803965 0.3206087947
-174.2 -346.8 2794.3 0.2754921913 0.3941252530 -0.8767949343 -0.1742435098 0.9174544811 0.3576540649 0.9453799725 0.0542449243 0.3214253187
-134.6 -139.9 2672.0 -0.7644124627 0.2764415741 -0.5824548006 0.5202875733 0.7980237603 -0.3040705919 0.3807550073 -0.5354793668 -0.7538484335
85.5 -289.7 2562.4 -0.7271422148 0.2764415741 0.6283662915 -0.1906327158 0.7980237603 -0.5716793537 -0.6594871879 -0.5354793668 -0.5275779366
-57.1 -188.9 2938.1 0.7544694543 0.2355202138 -0.6126223207 -0.6521842480 0.3738326430 -0.6594731808 0.0736989528 0.8970949650 0.4356478751
121.0 -342.8 2955.5 0.9698757529 0.2355202138 0.0622196868 -0.0313127935 0.3738326430 -0.9269674420 -0.2415793240 0.8970949650 0.3699460030
-279.4 -513.3 2698.1 0.8671643734 -0.4873940945 -0.1023373604 -0.1033506319 0.0248986594 -0.9943332672 0.4871802330 0.8728270531 -0.0287812557
-87.0 -523.1 2353.6 0.8671643734 0.1955351382 -0.4580304921 -0.1033506319 0.9703326225 0.2185709029 0.4871802330 -0.1421991587 0.8616465926
-227.3 -545.1 2870.2 0.3889083266 -0.9049036503 -0.1729153246 0.0508731902 0.2084986418 -0.9766986370 0.9198707938 0.3710494936 0.1271221936
144.8 -630.9 2717.6 0.3889083266 -0.4003643394 -0.8297341466 0.0508731902 0.9085938931 -0.4145708680 0.9198707938 0.1190188453 0.3737275600
296.3 -234.5 2753.5 0 0 0 0 0 0 0 0 0
373.1 -351.0 2892.7 0 0 0 0 0 0 0 0 0
-161.8 -894.0 2407.9 0 0 0 0 0 0 0 0 0
297.9 -978.2 2672.1 0 0 0 0 0 0 0 0 0
-23.5 18.0 2807.5 8 0.2918755710 0.3690019250 -0.8824093342 -0.1540388018 0.9286739230 0.3373970389 0.9439706802 0.0374473222 0.3278978467
-96.5 -165.8 2800.1 0.2918755710 0.3690019250 -0.8824093342 -0.1540388018 0.9286739230 0.3373970389 0.9439706802 0.0374473222 0.3278978467
-172.0 -349.5 2793.7 0.2923626602 0.3800459206 -0.8775472641 -0.1528338343 0.9244152904 0.3494254649 0.9440158606 0.0319599509 0.3283483684
-137.6 -144.3 2667.3 -0.7884297371 0.2734223306 -0.5510160923 0.4937211573 0.8155937791 -0.3017387092 0.3669031858 -0.5099480748 -0.7780327797
88.1 -285.6 2562.3 -0.7189435363 0.2734223306 0.6390308142 -0.1789232939 0.8155937791 -0.5502665639 -0.6716447473 -0.5099480748 -0.5374442339
-55.4 -187.3 2932.9 0.7659218907 0.2430340350 -0.5952295065 -0.6387119293 0.3935440481 -0.6611884236 0.0735577270 0.8865988851 0.4566527307
125.4 -338.0 2950.3 0.9664974213 0.2430340350 0.0825659633 -0.0204449594 0.3935440481 -0.9190784097 -0.2558606863 0.8865988851 0.3853281140
-277.9 -513.2 2696.8 0.8686887622 -0.4843696356 -0.1037590951 -0.1056231484 0.0235278271 -0.9941278696 0.4839665592 0.8745470047 -0.0307222866
-88.4 -522.4 2354.8 0.8686887622 0.1881978959 -0.4582154751 -0.1056231484 0.9741173983 0.1998474896 0.4839665592 -0.1252070963 0.8660829067
-220.7 -547.2 2873.9 0.4018488824 -0.9024305344 -0.1553595364 0.0735269338 0.2009119242 -0.9768460393 0.9127492905 0.3811213672 0.1470891833
150.4 -629.8 2717.2 0.4018488824 -0.4132837355 -0.8171377182 0.0735269338 0.9040396214 -0.4210773408 0.9127492905 0.1091278270 0.3936747909
298.1 -233.3 2758.5 0 0 0 0 0 0 0 0 0
376.6 -343.3 2883.8 0 0 0 0 0 0 0 0 0
-160.4 -894.7 2402.6 0 0 0 0 0 0 0 0 0
308.4 -975.4 2675.5 0 0 0 0 0 0 0 0 0
-25.3 18.7 2814.6 9 0.2595858574 0.3832948804 -0.8863973022 -0.1521919221 0.9226288795 0.3543919027 0.9536523223 0.0429073870 0.2978357673
-101.0 -163.5 2806.2 0.2595858574 0.3832948804 -0.8863973022 -0.1521919221 0.9226288795 0.3543919027 0.9536523223 0.0429073870 0.2978357673
-179.3 -346.1 2799.1 0.2611663342 0.3939962387 -0.8812259436 -0.1484484375 0.9184430242 0.3666407764 0.9538108706 0.0350623876 0.2983545065
-137.8 -142.7 2672.0 -0.7714560032 0.2626099586 -0.5795615911 0.5068029165 0.8043382168 -0.3101463914 0.3847160339 -0.5329878330 -0.7536030412
83.4 -288.0 2561.7 -0.7342672944 0.2626099586 0.6260092258 -0.1917842478 0.8043382168 -0.5623689294 -0.6512067914 -0.5329878330 -0.5402348042
-64.3 -184.4 2940.3 0.7526813149 0.2224310786 -0.6196734905 -0.6503413320 0.3978561163 -0.6471217871 0.1026008949 0.8900758028 0.4441150129
113.3 -337.8 2964.5 0.9733473659 0.2224310786 0.0558509864 -0.0383212827 0.3978561163 -0.9166471362 -0.2261114717 0.8900758028 0.3957760632
-274.3 -519.2 2700.8 0.8766621351 -0.4717937112 -0.0942028910 -0.1010313928 0.0109048579 -0.9948234558 0.4703787267 0.8816415071 -0.0381060988
-87.9 -523.5 2352.4 0.8766621351 0.1907361597 -0.4416822195 -0.1010313928 0.9705699682 0.2186014801 0.4703787267 -0.1470158696 0.8701322675
-233.7 -542.2 2879.6 0.3751844466 -0.9101233482 -0.1758183539 0.0755565763 0.2190693468 -0.9727794528 0.9238656759 0.3516874909 0.1509572268
140.4 -632.2 2735.0 0.3751844466 -0.4012518227 -0.8356037140 0.0755565763 0.9116931558 -0.4038647711 0.9238656759 0.0883884206 0.3723703325
297.3 -232.1 2751.3 0 0 0 0 0 0 0 0 0
366.1 -347.7 2905.8 0 0 0 0 0 0 0 0 0
-160.8 -894.4 2408.6 0 0 0 0 0 0 0 0 0
293.7 -980.6 2701.2 0 0 0 0 0 0 0 0 0
-22.8 20.2 2817.7 0 0.2741064131 0.3845655322 -0.8814618587 -0.1795709878 0.9209136367 0.3459368050 0.9447856545 0.0634614825 0.3214851618
-98.9 -162.0 2805.2 0.2741064131 0.3845655322 -0.8814618587 -0.1795709878 0.9209136367 0.3459368050 0.9447856545 0.0634614825 0.3214851618
-176.4 -344.7 2795.1 0.2781436145 0.3899429440 -0.8778272271 -0.1699779183 0.9194483161 0.3545733392 0.9453801513 0.0505889319 0.3220203817
-138.0 -138.1 2672.2 -0.7696374655 0.2738682926 -0.5767619610 0.5086069703 0.8090597987 -0.2945186496 0.3859755993 -0.5200177431 -0.7619740367
84.7 -285.3 2560.5 -0.7274549007 0.2738682926 0.6291307807 -0.1794307232 0.8090597987 -0.5596667528 -0.6622793674 -0.5200177431 -0.5394141078
-59.7 -185.9 2938.1 0.7576823831 0.2354162037 -0.6086843610 -0.6483941078 0.3775525391 -0.6610894203 0.0741791725 0.8955631256 0.4387073517
119.0 -338.8 2955.6 0.9695598483 0.2354162037 0.0673272759 -0.0273990501 0.3775525391 -0.9255827069 -0.2433167398 0.8955631256 0.3725099564
-281.5 -515.0 2704.7 0.8694748282 -0.4832354784 -0.1024548113 -0.1072844639 0.0177266467 -0.9940703511 0.4821862280 0.8753109574 -0.0364307873
-86.8 -522.1 2352.0 0.8694748282 0.1967363656 -0.4531096220 -0.1072844639 0.9705815315 0.2155494690 0.4821862280 -0.1388032138 0.8650029302
-228.4 -543.0 2871.6 0.3903709352 -0.9051723480 -0.1681475639 0.0553445630 0.2053803504 -0.9771161079 0.9189926386 0.3721316755 0.1302708834
143.6 -627.4 2718.7 0.3903709352 -0.4042660594 -0.8271514177 0.0553445630 0.9071149826 -0.4172281921 0.9189926386 0.1170954257 0.3764852583
297.9 -232.7 2754.6 0 0 0 0 0 0 0 0 0
370.9 -346.0 2892.4 0 0 0 0 0 0 0 0 0
-162.0 -893.1 2405.0 0 0 0 0 0 0 0 0 0
298.1 -974.0 2674.0 0 0 0 0 0 0 0 0 0
-21.1 20.2 2807.7 1 0.2668815851 0.3919460773 -0.8804274201 -0.1391412765 0.9196619987 0.3672348857 0.9536319375 0.0244955700 0.2999767363
-98.3 -160.8 2802.9 0.2668815851 0.3919460773 -0.8804274201 -0.1391412765 0.9196619987 0.3672348857 0.9536319375 0.0244955700 0.2999767363
-177.6 -342.9 2798.9 0.2676275373 0.3988822997 -0.8770794868 -0.1374090165 0.9167805910 0.3750094771 0.9536740780 0.0201557614 0.3001657724
-136.0 -141.5 2668.8 -0.8027043343 0.2835349441 -0.5246653557 0.4775257707 0.8325918913 -0.2806419134 0.3572603166 -0.4758136868 -0.8037203550
96.1 -279.5 2565.6 -0.7011194229 0.2835349441 0.6542472839 -0.1585320383 0.8325918913 -0.5307149291 -0.6951972246 -0.4758136868 -0.5387969613
-60.6 -180.0 2937.0 0.7504783869 0.2307169586 -0.6193156242 -0.6523970366 0.4084121883 -0.6384180188 0.1056421846 0.8831586242 0.4570235610
116.4 -333.9 2961.9 0.9715011120 0.2307169586 0.0543621145 -0.0459793583 0.4084121883 -0.9116388559 -0.2325326949 0.8831586242 0.4073811173
-279.4 -511.9 2698.3 0.8678626418 -0.4854929745 -0.1054088771 -0.1061189026 0.0261196103 -0.9940103292 0.4853382707 0.8738502860 -0.0288517475
-87.5 -522.2 2352.8 0.8678626418 0.1934340447 -0.4575999677 -0.1061189026 0.9720070958 0.2096211463 0.4853382707 -0.1333623528 0.8640956283
-232.4 -537.5 2882.2 0.3821222186 -0.9065592885 -0.1792564392 0.0857169181 0.2279116511 -0.9699015021 0.9201278090 0.3552555740 0.1647975743
140.2 -631.2 2736.2 0.3821222186 -0.3961805701 -0.8348793983 0.0857169181 0.9147403836 -0.3948450983 0.9201278090 0.0793157965 0.3835019767
300.6 -233.3 2768.4 0 0 0 0 0 0 0 0 0
368.9 -345.9 2901.5 0 0 0 0 0 0 0 0 0
-161.4 -893.8 2403.8 0 0 0 0 0 0 0 0 0
291.5 -980.6 2705.9 0 0 0 0 0 0 0 0 0
-20.9 19.6 2802.3 2 0.2879347503 0.3938498497 -0.8729122877 -0.1376028955 0.9190714359 0.3692873716 0.9477125406 0.0137846004 0.3188274801
-98.5 -161.5 2799.5 0.2879347503 0.3938498497 -0.8729122877 -0.1376028955 0.9190714359 0.3692873716 0.9477125406 0.0137846004 0.3188274801
-178.9 -343.3 2797.7 0.2882692516 0.4042504430 -0.8680336475 -0.1368343234 0.9146031737 0.3804962933 0.9477221370 0.0090914117 0.3189673126
-139.1 -142.3 2666.3 -0.8121755719 0.2799910605 -0.5118357539 0.4646384716 0.8409814239 -0.2772387564 0.3528200090 -0.4629851282 -0.8131191730
98.0 -278.0 2563.3 -0.6931567788 0.2799910605 0.6641826630 -0.1565648466 0.8409814239 -0.5179166794 -0.7035773396 -0.4629851282 -0.5390952229
-58.0 -180.8 2932.8 0.7488707900 0.2529934347 -0.6125249863 -0.6565460563 0.4090488553 -0.6337398887 0.0902206004 0.8767402172 0.4724265933
118.7 -335.7 2954.1 0.9656999111 0.2529934347 0.0584635958 -0.0520085283 0.4090488553 -0.9110291600 -0.2543988526 0.8767402172 0.4081762433
-281.5 -512.4 2707.4 0.8710429072 -0.4802527428 -0.1031576693 -0.1052453369 0.0226649493 -0.9941879511 0.4797995687 0.8768372536 -0.0308022201
-87.5 -521.6 2353.2 0.8710429072 0.1891680062 -0.4533207119 -0.1052453369 0.9733116031 0.2039311379 0.4797995687 -0.1299228817 0.8677052855
-232.8 -537.6 2882.8 0.4034078717 -0.8969614506 -0.1808929145 0.0857390016 0.2338770181 -0.9684783816 0.9109944701 0.3751822114 0.1712524146
135.9 -633.7 2728.6 0.4034078717 -0.3892160058 -0.8281141520 0.0857390016 0.9171196222 -0.3892818987 0.9109944701 0.0860377029 0.4033442736
301.1 -232.1 2769.3 0 0 0 0 0 0 0 0 0
369.7 -349.2 2888.0 0 0 0 0 0 0 0 0 0
-159.8 -893.6 2402.9 0 0 0 0 0 0 0 0 0
284.6 -984.1 2695.7 0 0 0 0 0 0 0 0 0
-22.3 20.3 2811.0 3 0.2970117033 0.3682784438 -0.8809965849 -0.1733399183 0.9280968904 0.3295291662 0.9390087128 0.0548378602 0.3394930065
-95.0 -162.8 2800.2 0.2970117033 0.3682784438 -0.8809965849 -0.1733399183 0.9280968904 0.3295291662 0.9390087128 0.0548378602 0.3394930065
-171.3 -346.0 2791.6 0.2990534902 0.3839865029 -0.8735681772 -0.1683175266 0.9223357439 0.3478017151 0.9392743111 0.0430255085 0.3404593766
-137.1 -139.2 2668.1 -0.8205816150 0.2920612395 -0.4912697971 0.4629356265 0.8437404037 -0.2716482878 0.3351662159 -0.4503358603 -0.8275634050
103.2 -274.8 2570.0 -0.6844985485 0.2920612395 0.6679535508 -0.1444480568 0.8437404037 -0.5169496536 -0.7145603299 -0.4503358603 -0.5353513956
-52.8 -186.5 2932.3 0.7641829252 0.2506985664 -0.5942850113 -0.6423538923 0.3791713715 -0.6660409570 0.0583603606 0.8907184005 0.4507935047
127.4 -338.0 2946.0 0.9645919204 0.2506985664 0.0819310024 -0.0199695416 0.3791713715 -0.9251109362 -0.2629898787 0.8907184005 0.3707519770
-285.7 -512.5 2709.0 0.8669590354 -0.4877091944 -0.1025755256 -0.1056331322 0.0213212688 -0.9941765666 0.4870561063 0.8727457523 -0.0330335833
-87.1 -521.2 2353.7 0.8669590354 0.1935372353 -0.4592660964 -0.1056331322 0.9719400406 0.2101766020 0.4870561063 -0.1337008029 0.8630761504
-220.2 -544.5 2869.1 0.4085670412 -0.8989563584 -0.1579572111 0.0580050088 0.1982838213 -0.9784267545 0.9108833075 0.3905906081 0.1331561953
149.2 -626.0 2708.6 0.4085670412 -0.4088422656 -0.8160398006 0.0580050088 0.9038897753 -0.4238143861 0.9108833075 0.1258221865 0.3930144608
303.0 -232.6 2778.5 0 0 0 0 0 0 0 0 0
378.0 -343.2 2877.7 0 0 0 0 0 0 0 0 0
-161.1 -892.8 2404.8 0 0 0 0 0 0 0 0 0
305.3 -971.1 2660.6 0 0 0 0 0 0 0 0 0
-20.9 18.4 2804.9 4 0.3474033773 0.3710269034 -0.8611909747 -0.1867960840 0.9273680449 0.3241846859 0.9189222455 0.0482442528 0.3914771676
-94.3 -165.2 2795.4 0.3474033773 0.3710269034 -0.8611909747 -0.1867960840 0.9273680449 0.3241846859 0.9189222455 0.0482442528 0.3914771676
-170.0 -348.8 2787.7 0.3494081199 0.3808124661 -0.8560933471 -0.1818597764 0.9238699079 0.3367365003 0.9191523194 0.0380304717 0.3920621276
-143.4 -139.7 2666.3 -0.8255289197 0.2855052948 -0.4868149161 0.4591314197 0.8413624167 -0.2851450145 0.3281773627 -0.4589074552 -0.8256534338
101.1 -275.6 2569.1 -0.6924745440 0.2855052948 0.6625448465 -0.1499260664 0.8413624167 -0.5192605257 -0.7056919932 -0.4589074552 -0.5398173928
-45.2 -190.7 2924.4 0.7691173553 0.2958379686 -0.5665141940 -0.6390715241 0.3654083312 -0.6768044829 0.0067845620 0.8825852275 0.4701035321
136.1 -341.3 2926.0 0.9492762685 0.2958379686 0.1065575927 -0.0093943784 0.3654083312 -0.9307999015 -0.3143029809 0.8825852275 0.3496526778
-275.1 -513.7 2696.9 0.8697234988 -0.4813125730 -0.1091753542 -0.1157711297 0.0160772298 -0.9931458235 0.4797687829 0.8764016032 -0.0417393558
-86.6 -520.0 2353.6 0.8697234988 0.1963184923 -0.4528135359 -0.1157711297 0.9730350375 0.1994991153 0.4797687829 -0.1210863367 0.8689994216
-213.6 -549.0 2864.3 0.4562768340 -0.8778449297 -0.1456013173 0.0452462956 0.1863030940 -0.9814499021 0.8886867762 0.4412249327 0.1247250214
146.6 -625.4 2683.2 0.4562768340 -0.4056311250 -0.7920068502 0.0452462956 0.8994820714 -0.4346087277 0.8886867762 0.1624665111 0.4287661314
303.3 -231.8 2775.2 0 0 0 0 0 0 0 0 0
382.4 -343.7 2844.5 0 0 0 0 0 0 0 0 0
-161.6 -892.0 2399.9 0 0 0 0 0 0 0 0 0
301.5 -968.9 2621.2 0 0 0 0 0 0 0 0 0
-21.1 20.0 2801.3 5 0.2802330852 0.3722521961 -0.8848150969 -0.1471273899 0.9275127649 0.3436183333 0.9485899806 0.0338872969 0.3146882653
-94.4 -162.7 2794.7 0.2802330852 0.3722521961 -0.8848150969 -0.1471273899 0.9275127649 0.3436183333 0.9485899806 0.0338872969 0.3146882653
-171.4 -345.9 2789.6 0.2816160023 0.3866809011 -0.8781630397 -0.1437574625 0.9218770862 0.3598282635 0.9486970901 0.0249090977 0.3152036071
-133.9 -142.6 2661.7 -0.8151339293 0.2881171703 -0.5025386810 0.4689087868 0.8375583887 -0.2803933918 0.3401193619 -0.4642029703 -0.8178229928
98.1 -276.1 2564.9 -0.6934155226 0.2881171703 0.6604266763 -0.1518454105 0.8375583887 -0.5248227119 -0.7043563724 -0.4642029703 -0.5370267034
-54.9 -182.8 2927.6 0.7598579526 0.2358110249 -0.6058127284 -0.6439435482 0.4008563757 -0.6516523957 0.0891770646 0.8852724433 0.4564428926
123.7 -334.2 2948.6 0.9690838456 0.2358110249 0.0725928023 -0.0289493259 0.4008563757 -0.9156833887 -0.2450275272 0.8852724433 0.3952899873
-277.7 -515.7 2696.0 0.8673191071 -0.4861751795 -0.1067296863 -0.1145402864 0.0137278754 -0.9933237433 0.4843945205 0.8737535477 -0.0437801927
-86.8 -521.1 2352.9 0.8673191071 0.1981297582 -0.4566203356 -0.1145402864 0.9721891880 0.2042761147 0.4843945205 -0.1248711571 0.8658921123
-222.6 -542.1 2871.3 0.3923189044 -0.9051086307 -0.1639033258 0.0802173689 0.2111761421 -0.9741508365 0.9163247347 0.3690298796 0.1554538310
148.1 -628.6 2720.1 0.3923189044 -0.4056340456 -0.8255585432 0.0802173689 0.9091811776 -0.4086009860 0.9163247347 0.0940777510 0.3892278373
302.5 -231.4 2772.5 0 0 0 0 0 0 0 0 0
374.7 -341.7 2885.1 0 0 0 0 0 0 0 0 0
-162.5 -892.7 2400.6 0 0 0 0 0 0 0 0 0
302.7 -975.2 2684.3 0 0 0 0 0 0 0 0 0
-20.4 18.2 2800.1 6 0.2399280667 0.3745508492 -0.8956261277 -0.1264849752 0.9267706275 0.3536915779 0.9625154734 0.0284227207 0.2697333395
-94.5 -165.0 2794.4 0.2399280667 0.3745508492 -0.8956261277 -0.1264849752 0.9267706275 0.3536915779 0.9625154734 0.0284227207 0.2697333395
-171.4 -348.3 2791.1 0.2429235578 0.3866357803 -0.8896633983 -0.1192092001 0.9220827818 0.3681746125 0.9626927376 0.0166177712 0.2700861692
-128.6 -148.3 2659.4 -0.8342682719 0.2918407917 -0.4677877724 0.4568085372 0.8409542441 -0.2900377512 0.3087432683 -0.4556587636 -0.8348968029
104.3 -275.8 2573.2 -0.6818661690 0.2918407917 0.6707364917 -0.1511540860 0.8409542441 -0.5195655823 -0.7156891227 -0.4556587636 -0.5293053389
-60.4 -181.7 2929.5 0.7548553944 0.2006836832 -0.6244352460 -0.6415327787 0.4240235388 -0.6392493844 0.1364883184 0.8831365108 0.4488216043
117.2 -332.7 2961.6 0.9781010747 0.2006836832 0.0551752262 -0.0359517895 0.4240235388 -0.9049373269 -0.2050017565 0.8831365108 0.4219528139
-274.1 -516.0 2697.9 0.8716410995 -0.4758172333 -0.1176422834 -0.1263643801 0.0137524335 -0.9918885827 0.4735755324 0.8794366717 -0.0481391661
-87.7 -521.4 2353.5 0.8716410995 0.2035008967 -0.4459026158 -0.1263643801 0.9722833633 0.1967159212 0.4735755324 -0.1151194796 0.8731973767
-226.1 -542.4 2875.8 0.3552901149 -0.9189143181 -0.1713633686 0.1042153090 0.2211209983 -0.9696621299 0.9289284945 0.3266526759 0.1743270457
150.6 -633.0 2741.9 0.3552901149 -0.4082800448 -0.8408783078 0.1042153090 0.9112627506 -0.3984211683 0.9289284945 0.0539227054 0.3663116693
302.2 -232.0 2781.0 0 0 0 0 0 0 0 0 0
370.8 -342.0 2908.4 0 0 0 0 0 0 0 0 0
-165.5 -893.0 2397.5 0 0 0 0 0 0 0 0 0
306.3 -980.6 2721.3 0 0 0 0 0 0 0 0 0
-19.5 16.6 2798.9 7 0.2579689026 0.3908319473 -0.8835736513 -0.1214906871 0.9203905463 0.3716466725 0.9584842324 0.0114726825 0.2849145830
-96.8 -165.4 2796.7 0.2579689026 0.3908319473 -0.8835736513 -0.1214906871 0.9203905463 0.3716466725 0.9584842324 0.0114726825 0.2849145830
-177.2 -347.1 2795.7 0.2588265538 0.4046739340 -0.8770677447 -0.1195125505 0.9144487381 0.3866526186 0.9585017562 0.0047446368 0.2850472331
-133.1 -148.6 2662.0 -0.8305172324 0.2789781690 -0.4820915759 0.4477037191 0.8492727280 -0.2798163891 0.3313645422 -0.4482265115 -0.8302352428
102.4 -275.6 2568.0 -0.6853834391 0.2789781690 0.6726222634 -0.1508399397 0.8492727280 -0.5059477687 -0.7123881578 -0.4482265115 -0.5399964452
-60.4 -182.2 2931.3 0.7448050380 0.2260734141 -0.6278186440 -0.6553893685 0.4246816933 -0.6245880723 0.1254203171 0.8766620159 0.4644711614
115.1 -336.7 2960.9 0.9730560780 0.2260734141 0.0453062877 -0.0565966815 0.4246816933 -0.9035719633 -0.2235143483 0.8766620159 0.4260340929
-270.6 -520.6 2699.7 0.8779104948 -0.4663507938 -0.1085820124 -0.1214307100 0.0025149544 -0.9925967455 0.4631713331 0.8845962882 -0.0544214025
-88.2 -521.6 2353.8 0.8779104948 0.1960774213 -0.4368372262 -0.1214307100 0.9736570120 0.1929937750 0.4631713331 -0.1163858101 0.8785935640
-234.0 -539.8 2882.6 0.3751939237 -0.9079112411 -0.1868868917 0.1021164432 0.2408726960 -0.9651697278 0.9213044047 0.3430415690 0.1830866486
138.7 -638.7 2741.8 0.3751939237 -0.3901081681 -0.8408597708 0.1021164432 0.9190025926 -0.3807970881 0.9213044047 0.0570071451 0.3846406639
302.9 -231.5 2776.4 0 0 0 0 0 0 0 0 0
367.6 -351.3 2902.9 0 0 0 0 0 0 0 0 0
-163.2 -893.8 2398.3 0 0 0 0 0 0 0 0 0
287.7 -989.6 2720.0 0 0 0 0 0 0 0 0 0
-19.5 17.0 2809.3 8 0.2967409790 0.3863428533 -0.8733177781 -0.1849280149 0.9204459786 0.3443557322 0.9368812442 0.0593164749 0.3445796371
-96.2 -165.7 2797.6 0.2967409790 0.3863428533 -0.8733177781 -0.1849280149 0.9204459786 0.3443557322 0.9368812442 0.0593164749 0.3445796371
-175.8 -347.4 2788.6 0.3001017869 0.3996932209 -0.8661317825 -0.1770779788 0.9155440331 0.3611405790 0.9373272061 0.0449939296 0.3455332816
-138.4 -140.9 2666.2 -0.8140814900 0.2845891714 -0.5062413812 0.4689698815 0.8363056779 -0.2840071321 0.3425471783 -0.4686169028 -0.8142847419
98.0 -277.1 2566.7 -0.6968845725 0.2845891714 0.6583015323 -0.1552000195 0.8363056779 -0.5258381367 -0.7001891732 -0.4686169028 -0.5386402607
-54.0 -190.4 2929.0 0.7535175085 0.2602661550 -0.6037158966 -0.6553375721 0.3705272973 -0.6582113504 0.0523830764 0.8916114569 0.4497610033
