-243.3 156.6 2613.3 4 0.4456407428 0.2490324378 -0.8598762751 0.0687286332 0.9481756687 0.3102246225 0.8925697207 -0.1973468512 0.4054300487
-293.0 -32.7 2652.7 0.4456407428 0.2490324378 -0.8598762751 0.0687286332 0.9481756687 0.3102246225 0.8925697207 -0.1973468512 0.4054300487
-338.8 -218.7 2693.3 0.4495204687 0.2337624878 -0.8621405959 0.0839808434 0.9498167038 0.3013227880 0.8893135190 -0.2078540623 0.4073304832
-357.0 -44.7 2526.0 -0.4066572785 0.0737256631 -0.9106011391 0.6507143974 0.7229928374 -0.2320605814 0.6412492394 -0.6869103909 -0.3419846296
-262.5 -195.9 2377.0 -0.9477898479 0.0737256631 0.3102563322 -0.1634867638 0.7229928374 -0.6712327600 -0.2738001645 -0.6869103909 -0.6731920838
-228.9 -20.7 2779.3 0.7442018390 0.6612192392 -0.0946189463 -0.5472840667 0.6848189831 0.4811477661 0.3829410076 -0.3062876165 0.8715182543
-109.3 -108.7 2840.9 -0.4043709040 0.6612192392 0.6318807602 -0.0185359735 0.6848189831 -0.7284774780 -0.9144072533 -0.3062876165 -0.2646645010
-428.5 -409.7 2661.0 0.9614135027 -0.2746597826 -0.0156875923 -0.0018570808 0.0505428612 -0.9987201691 0.2751011550 0.9602121711 0.0480825230
-311.9 -431.1 2253.4 0.9614135027 -0.0383198895 -0.2724255621 -0.0018570808 0.9893249869 -0.1457141042 0.2751011550 0.1405974180 0.9510792494
-343.9 -397.1 2814.3 0.5911152363 -0.7949529886 0.1365008354 -0.1354326308 -0.2646514475 -0.9547866583 0.7951356769 0.5459023118 -0.2641021013
-45.8 -297.8 2609.6 0.5911152363 -0.2950212061 -0.7506965399 -0.1354326308 0.8811904192 -0.4529475570 0.7951356769 0.3694130182 0.4809295833
-12.6 -152.8 2449.2 0 0 0 0 0 0 0 0 0
-121.0 -109.2 2814.5 0 0 0 0 0 0 0 0 0
-297.5 -803.8 2200.5 0 0 0 0 0 0 0 0 0
108.1 -757.4 2416.9 0 0 0 0 0 0 0 0 0
-246.0 158.5 2615.3 5 0.4444346428 0.2318713963 -0.8652823567 0.0598606132 0.9560742378 0.2869472802 0.8938090205 -0.1793256402 0.4110325575
-292.5 -33.2 2651.2 0.4444346428 0.2318713963 -0.8652823567 0.0598606132 0.9560742378 0.2869472802 0.8938090205 -0.1793256402 0.4110325575
-335.6 -220.3 2689.4 0.4488410354 0.2198696733 -0.8661403060 0.0785095990 0.9558076262 0.2833160460 0.8901561499 -0.1951641887 0.4117438197
-356.5 -44.4 2524.4 -0.4031813443 0.0712751597 -0.9123402238 0.6623359323 0.7106737494 -0.2371791750 0.6314712763 -0.6999018788 -0.3337384760
-263.8 -196.5 2379.3 -0.9497036934 0.0712751597 0.3049306571 -0.1661599576 0.7106737494 -0.6836180687 -0.2654311955 -0.6999018788 -0.6630864143
-228.5 -22.0 2778.0 0.7521868944 0.6525533199 -0.0915919170 -0.5414888263 0.6913139224 0.4784087539 0.3755059838 -0.3102567792 0.8733475804
-107.7 -109.0 2838.4 -0.4181057513 0.6525533199 0.6319507360 -0.0129777417 0.6913139224 -0.7224379778 -0.9083056450 -0.3102567792 -0.2805736661
-425.2 -412.3 2653.7 0.9624551535 -0.2712627649 -0.0098280581 0.0024522415 0.0448948108 -0.9989886880 0.2714296877 0.9614577293 0.0438744426
-312.1 -431.0 2252.9 0.9624551535 -0.0406788923 -0.2683753371 0.0024522415 0.9899694920 -0.1412599683 0.2714296877 0.1352982670 0.9529010057
-338.1 -400.3 2808.1 0.5935904980 -0.7906545401 0.1500523835 -0.1375118643 -0.2833613455 -0.9491031766 0.7929317951 0.5427446365 -0.2769249678
-41.5 -294.0 2604.5 0.5935904980 -0.3075599074 -0.7436781526 -0.1375118643 0.8717377782 -0.4702804685 0.7929317951 0.3814185858 0.4751621485
-12.5 -152.6 2449.6 0 0 0 0 0 0 0 0 0
-119.6 -109.4 2812.4 0 0 0 0 0 0 0 0 0
-296.8 -803.8 2201.9 0 0 0 0 0 0 0 0 0
118.9 -748.8 2405.5 0 0 0 0 0 0 0 0 0
-248.3 159.2 2616.8 6 0.4640550017 0.2245404124 -0.8568748832 0.0592896566 0.9572960734 0.2829646766 0.8838199377 -0.1821149886 0.4309251010
-293.2 -32.0 2653.2 0.4640550017 0.2245404124 -0.8568748832 0.0592896566 0.9572960734 0.2829646766 0.8838199377 -0.1821149886 0.4309251010
-335.3 -219.2 2692.3 0.4684779644 0.2152448148 -0.8568536043 0.0785306320 0.9558826089 0.2830572724 0.8799780607 -0.1998953521 0.4309066236
-359.9 -43.2 2527.8 -0.4249349833 0.0875829309 -0.9009769559 0.6430088282 0.7297695875 -0.2323273271 0.6371576786 -0.6780601144 -0.3664212227
-260.2 -194.1 2378.3 -0.9460788965 0.0875829309 0.3118716478 -0.1521659940 0.7297695875 -0.6665446758 -0.2859723866 -0.6780601144 -0.6770924926
-226.4 -20.8 2778.5 0.7603590488 0.6459749937 -0.0676048920 -0.5414602757 0.6879187822 0.4833099842 0.3587128520 -0.3308837712 0.8728350401
-104.2 -107.9 2836.2 -0.4447509050 0.6459749937 0.6204134822 -0.0131231612 0.6879187822 -0.7256690264 -0.8955581784 -0.3308837712 -0.2974752784
-419.2 -414.5 2647.2 0.9651833773 -0.2614316940 -0.0086342385 0.0026666606 0.0428413935 -0.9990783334 0.2615606487 0.9642707705 0.0420469493
-312.1 -432.1 2252.2 0.9651833773 -0.0388618186 -0.2586712837 0.0026666606 0.9903125167 -0.1388307512 0.2615606487 0.1333073527 0.9559367895
-335.1 -399.3 2810.9 0.6111399531 -0.7782866955 0.1441449970 -0.1373657733 -0.2836351097 -0.9490425587 0.7795118093 0.5601972342 -0.2802506983
-43.2 -292.9 2600.8 0.6111399531 -0.2992152274 -0.7327879667 -0.1373657733 0.8716534376 -0.4704794586 0.7795118093 0.3881887794 0.4916002750
-9.8 -153.9 2453.9 0 0 0 0 0 0 0 0 0
-116.9 -108.2 2810.7 0 0 0 0 0 0 0 0 0
-297.5 -805.1 2202.0 0 0 0 0 0 0 0 0 0
112.9 -747.7 2398.3 0 0 0 0 0 0 0 0 0
-250.3 160.0 2617.0 7 0.4520564973 0.2203204185 -0.8643516898 0.0675893798 0.9577691555 0.2794815004 0.8894248605 -0.1847624183 0.4180744588
-294.3 -31.5 2654.0 0.4520564973 0.2203204185 -0.8643516898 0.0675893798 0.9577691555 0.2794815004 0.8894248605 -0.1847624183 0.4180744588
-335.6 -218.9 2693.0 0.4558129311 0.2105680555 -0.8648096323 0.0842823759 0.9570370317 0.2774465084 0.8860762119 -0.1993519068 0.4184826612
-359.3 -43.5 2527.7 -0.4214414656 0.0757095516 -0.9036897421 0.6403322816 0.7304821610 -0.2374244928 0.6421539187 -0.6787222028 -0.3563347459
-262.7 -190.2 2380.6 -0.9509863853 0.0757095516 0.2998215258 -0.1517716646 0.7304821610 -0.6658536792 -0.2694257498 -0.6787222028 -0.6831880212
-229.4 -19.5 2780.2 0.7595092654 0.6454467177 -0.0808962435 -0.5346890092 0.6902751327 0.4874708652 0.3704771399 -0.3269843161 0.8693836331
-107.3 -105.4 2839.8 -0.4357810318 0.6454467177 0.6272905469 -0.0187832098 0.6902751327 -0.7233031392 -0.8998566866 -0.3269843161 -0.2886852622
-419.8 -413.5 2651.9 0.9654818773 -0.2602939606 -0.0095821125 0.0021891063 0.0448952802 -0.9989892840 0.2604610622 0.9644851089 0.0439153910
-311.7 -432.1 2251.4 0.9654818773 -0.0398785956 -0.2573994100 0.0021891063 0.9894177914 -0.1450782269 0.2604610622 0.1395069212 0.9553521872
-335.6 -398.7 2812.1 0.6015312672 -0.7836102247 0.1552905589 -0.1306919158 -0.2883070707 -0.9485771656 0.7880861163 0.5503035784 -0.2758372426
-41.6 -290.5 2605.7 0.6015312672 -0.3112337887 -0.7357266545 -0.1306919158 0.8702333570 -0.4749879837 0.7880861163 0.3818736374 0.4827968180
-10.8 -150.0 2452.0 0 0 0 0 0 0 0 0 0
-119.7 -105.9 2814.2 0 0 0 0 0 0 0 0 0
-296.7 -804.8 2198.9 0 0 0 0 0 0 0 0 0
120.8 -744.6 2406.4 0 0 0 0 0 0 0 0 0
-247.4 160.3 2608.7 8 0.4552768469 0.2372892350 -0.8581473231 0.0816345289 0.9486464858 0.3056234121 0.8865996003 -0.2091977149 0.4125257730
-294.8 -29.4 2650.5 0.4552768469 0.2372892350 -0.8581473231 0.0816345289 0.9486464858 0.3056234121 0.8865996003 -0.2091977149 0.4125257730
-338.8 -215.2 2693.6 0.4588982165 0.2245051265 -0.8596568704 0.0965175480 0.9492272139 0.2994195819 0.8832308650 -0.2203750908 0.4139299691
-360.2 -43.1 2524.6 -0.3958726823 0.0639233366 -0.9160778522 0.6513101459 0.7227894664 -0.2310205102 0.6473638415 -0.6881054640 -0.3277665377
-272.6 -187.4 2381.3 -0.9719474316 0.0639233366 0.2263448834 -0.1112969443 0.7227894664 -0.6820471883 -0.2071984410 -0.6881054640 -0.6953989267
-229.4 -15.6 2776.3 0.7522338629 0.6550979018 -0.0706463531 -0.5377945900 0.6723851562 0.5086011887 0.3806851506 -0.3445938528 0.8580989838
-108.5 -102.1 2837.5 -0.4397399724 0.6550979018 0.6143903136 -0.0315659083 0.6723851562 -0.7395280600 -0.8975702524 -0.3445938528 -0.2749958634
-418.0 -413.9 2652.0 0.9658396244 -0.2584708929 -0.0186184440 -0.0071744695 0.0451485738 -0.9989545345 0.2590412796 0.9649634361 0.0417518876
-310.4 -432.7 2250.2 0.9658396244 -0.0281281732 -0.2576095164 -0.0071744695 0.9908081293 -0.1350843459 0.2590412796 0.1323180199 0.9567599297
-341.2 -392.4 2816.6 0.6010810733 -0.7867619395 0.1403822005 -0.1227237731 -0.2644398212 -0.9565618038 0.7897090912 0.5577429533 -0.2555041611
-46.1 -293.2 2607.4 0.6010810733 -0.2973755002 -0.7418014407 -0.1227237731 0.8828393221 -0.4533581436 0.7897090912 0.3635416627 0.4941629469
-15.7 -157.9 2436.1 0 0 0 0 0 0 0 0 0
-121.0 -103.0 2812.0 0 0 0 0 0 0 0 0 0
-299.8 -805.9 2200.4 0 0 0 0 0 0 0 0 0
109.0 -753.7 2417.7 0 0 0 0 0 0 0 0 0
-249.1 158.9 2613.0 9 0.4511808753 0.2394283563 -0.8597149849 0.0805309713 0.9484858513 0.3064136803 0.8887916207 -0.2074816823 0.4086572826
-296.9 -30.3 2654.4 0.4511808753 0.2394283563 -0.8597149849 0.0805309713 0.9484858513 0.3064136803 0.8887916207 -0.2074816823 0.4086572826
-341.6 -216.2 2696.9 0.4544190466 0.2282498628 -0.8610489964 0.0936690718 0.9490122795 0.3010013700 0.8858495355 -0.2174344212 0.4098692834
-361.6 -43.7 2528.1 -0.3935238123 0.0544781089 -0.9176988602 0.6530205607 0.7191925049 -0.2373315543 0.6470727921 -0.6926718354 -0.3185946941
-273.5 -189.9 2383.2 -0.9732787013 0.0544781089 0.2230710983 -0.1167281941 0.7191925049 -0.6849355102 -0.1977450550 -0.6926718354 -0.6936156154
-232.1 -17.0 2780.6 0.7487080693 0.6588441133 -0.0732160881 -0.5405731201 0.6707393527 0.5078281164 0.3836885095 -0.3406363726 0.8583413959
-111.8 -103.9 2842.3 -0.4357925057 0.6588441133 0.6131959558 -0.0287929270 0.6707393527 -0.7411340475 -0.8995864987 -0.3406363726 -0.2733331323
-424.2 -409.8 2657.0 0.9622830749 -0.2704155147 -0.0297777019 -0.0148444735 0.0571019091 -0.9982579947 0.2716448307 0.9610487819 0.0509340242
-309.9 -433.9 2250.6 0.9622830749 -0.0230066925 -0.2710755765 -0.0148444735 0.9904928207 -0.1367609501 0.2716448307 0.1356267184 0.9527930021
-345.2 -393.5 2819.6 0.5965483189 -0.7904261947 0.1391276568 -0.1257903576 -0.2632919550 -0.9564800858 0.7926580906 0.5530856848 -0.2564943731
-48.6 -294.7 2612.1 0.5965483189 -0.2969344556 -0.7456272840 -0.1257903576 0.8829668760 -0.4522679448 0.7926580906 0.3635924160 0.4893808961
-15.8 -159.0 2435.5 0 0 0 0 0 0 0 0 0
-124.1 -104.7 2816.7 0 0 0 0 0 0 0 0 0
-301.2 -807.0 2199.6 0 0 0 0 0 0 0 0 0
106.3 -755.5 2422.3 0 0 0 0 0 0 0 0 0
-251.4 157.4 2615.6 0 0.4445311427 0.2298480272 -0.8657724857 0.0816548318 0.9520973563 0.2946915329 0.8920339346 -0.2016940713 0.4044687152
-297.2 -32.0 2655.7 0.4445311427 0.2298480272 -0.8657724857 0.0816548318 0.9520973563 0.2946915329 0.8920339346 -0.2016940713 0.4044687152
-340.3 -218.4 2697.5 0.4477734864 0.2203828692 -0.8665623665 0.0953661352 0.9518507123 0.2913512290 0.8890467882 -0.2131000608 0.4051964283
-361.0 -45.6 2529.0 -0.4030188620 0.0679508001 -0.9126656055 0.6387669444 0.7350454926 -0.2273430675 0.6554026008 -0.6746041775 -0.3396419287
-270.7 -188.7 2382.2 -0.9647517800 0.0679508001 0.2542375028 -0.1238953620 0.7350454926 -0.6666018367 -0.2321722656 -0.6746041775 -0.7007176876
-233.3 -18.4 2782.4 0.7514303923 0.6545208097 -0.0833956972 -0.5344633460 0.6779112220 0.5047626495 0.3869125545 -0.3347220421 0.8592204452
-112.6 -104.3 2844.6 -0.4300805926 0.6545208097 0.6217983365 -0.0302655101 0.6779112220 -0.7345204949 -0.9022830129 -0.3347220421 -0.2717470527
-427.3 -410.5 2659.4 0.9606613517 -0.2761791945 -0.0292364024 -0.0141640138 0.0564129539 -0.9983070493 0.2773609459 0.9594491124 0.0502819419
-309.9 -434.4 2251.5 0.9606613517 -0.0259849094 -0.2765040696 -0.0141640138 0.9897334576 -0.1422219723 0.2773609459 0.1405435652 0.9504306316
-343.0 -396.2 2819.6 0.5926688910 -0.7913361788 0.1501021087 -0.1223855615 -0.2726720273 -0.9542912245 0.7960938215 0.5472083688 -0.2584523559
-46.1 -293.9 2614.3 0.5926688910 -0.3078685105 -0.7442852855 -0.1223855615 0.8789141774 -0.4610115588 0.7960938215 0.3643169701 0.4832264185
-14.9 -155.9 2443.7 0 0 0 0 0 0 0 0 0
-124.8 -105.2 2819.0 0 0 0 0 0 0 0 0 0
-300.1 -807.2 2198.6 0 0 0 0 0 0 0 0 0
114.6 -752.5 2424.2 0 0 0 0 0 0 0 0 0
-251.6 159.7 2616.9 1 0.4336187840 0.2249644399 -0.8725627661 0.0824001655 0.9543780088 0.2870067060 0.8973209858 -0.1963508129 0.3952991068
-296.7 -31.3 2656.2 0.4336187840 0.2249644399 -0.8725627661 0.0824001655 0.9543780088 0.2870067060 0.8973209858 -0.1963508129 0.3952991068
-338.9 -218.0 2697.6 0.4374886751 0.2157528400 -0.8729572892 0.0991512090 0.9532961249 0.2852990329 0.8937408328 -0.2113698721 0.3956640959
-359.0 -45.4 2528.9 -0.4151672721 0.0828154907 -0.9059678316 0.6228265762 0.7517509460 -0.2166970968 0.6631162763 -0.6542263627 -0.3636820614
-265.7 -185.4 2379.8 -0.9605804682 0.0828154907 0.2653805017 -0.1146024242 0.7517509460 -0.6494126916 -0.2532814741 -0.6542263627 -0.7126263976
-234.3 -17.2 2783.6 0.7510632873 0.6531959176 -0.0961202011 -0.5287930369 0.6823064089 0.5048127174 0.3953250349 -0.3283185959 0.8578607440
-113.6 -102.2 2847.2 -0.4203186035 0.6531959176 0.6298153996 -0.0339288935 0.6823064089 -0.7302786112 -0.9067420363 -0.3283185959 -0.2646238506
-423.9 -413.4 2658.9 0.9626840353 -0.2694445550 -0.0252794791 -0.0134384502 0.0457006842 -0.9988647699 0.2702939510 0.9619309306 0.0403744020
-309.9 -432.7 2251.7 0.9626840353 -0.0256640594 -0.2694081962 -0.0134384502 0.9897319674 -0.1423027217 0.2702939510 0.1406129897 0.9524542689
-341.6 -395.7 2819.8 0.5849674940 -0.7951560616 0.1598120183 -0.1175787896 -0.2781003118 -0.9533286095 0.8024888039 0.5388757586 -0.2561731339
-43.3 -291.4 2617.6 0.5849674940 -0.3181226254 -0.7460637093 -0.1175787896 0.8768864870 -0.4660958350 0.8024888039 0.3603721857 0.4755456150
-11.8 -155.1 2446.8 0 0 0 0 0 0 0 0 0
-125.5 -103.1 2821.4 0 0 0 0 0 0 0 0 0
-300.2 -805.5 2198.7 0 0 0 0 0 0 0 0 0
122.7 -749.0 2429.6 0 0 0 0 0 0 0 0 0
-252.3 157.8 2619.6 2 0.4378556609 0.2148752064 -0.8729897141 0.0786423981 0.9581425786 0.2752782702 0.8955991268 -0.1891861558 0.4026298523
-295.1 -33.1 2657.3 0.4378556609 0.2148752064 -0.8729897141 0.0786423981 0.9581425786 0.2752782702 0.8955991268 -0.1891861558 0.4026298523
-336.1 -220.3 2697.8 0.4417359233 0.2093195021 -0.8723844886 0.0961495191 0.9557542801 0.2780089676 0.8919779658 -0.2066859007 0.4020650387
-358.1 -46.8 2530.2 -0.4203727543 0.0843489468 -0.9034223557 0.6109871268 0.7624148726 -0.2131156772 0.6708065271 -0.6415674686 -0.3720345497
-263.4 -184.4 2379.1 -0.9562309384 0.0843489468 0.2801920772 -0.1191154495 0.7624148726 -0.6360307336 -0.2672711313 -0.6415674686 -0.7189974189
-232.2 -19.4 2784.4 0.7561253309 0.6476099491 -0.0942116827 -0.5269646049 0.6878762841 0.4991337657 0.3880499601 -0.3277614713 0.8613882065
-110.6 -104.1 2846.8 -0.4251129627 0.6476099491 0.6323609352 -0.0308061987 0.6878762841 -0.7251738906 -0.9046158791 -0.3277614713 -0.2724747360
-420.7 -413.7 2658.3 0.9641261101 -0.2641228139 -0.0264564361 -0.0147226611 0.0463068001 -0.9988187551 0.2650359273 0.9633767605 0.0407570079
-309.6 -433.1 2253.1 0.9641261101 -0.0238693133 -0.2643691897 -0.0147226611 0.9896072149 -0.1430414319 0.2650359273 0.1418022066 0.9537547231
-337.2 -398.8 2818.9 0.5899100900 -0.7907044888 0.1636841148 -0.1192415431 -0.2857953608 -0.9508430362 0.7986159921 0.5413939953 -0.2628783882
-40.5 -291.6 2615.8 0.5899100900 -0.3210240006 -0.7409113646 -0.1192415431 0.8728787899 -0.4731427431 0.7986159921 0.3674590886 0.4766406417
-12.3 -153.1 2449.3 0 0 0 0 0 0 0 0 0
-122.7 -105.0 2821.1 0 0 0 0 0 0 0 0 0
-300.6 -805.9 2199.6 0 0 0 0 0 0 0 0 0
127.0 -747.1 2424.0 0 0 0 0 0 0 0 0 0
-253.4 158.7 2618.9 3 0.4354704320 0.2101371884 -0.8753330112 0.0823118985 0.9590045810 0.2711732686 0.8964319825 -0.1901382655 0.4003213346
-295.4 -32.6 2656.9 0.4354704320 0.2101371884 -0.8753330112 0.0823118985 0.9590045810 0.2711732686 0.8964319825 -0.1901382655 0.4003213346
-335.5 -219.9 2697.8 0.4394963086 0.2048863173 -0.8745653629 0.1008902341 0.9562177658 0.2747156918 0.8925604820 -0.2089716345 0.3995831311
-358.0 -47.0 2529.7 -0.3665428162 0.0824652761 -0.9267393351 0.6332623363 0.7518530488 -0.1835640222 0.6816341877 -0.6541532278 -0.3278084993
-277.3 -186.3 2379.7 -0.9662280679 0.0824652761 0.2441369444 -0.1004784331 0.7518530488 -0.6516295671 -0.2372919321 -0.6541532278 -0.7181755304
-232.7 -18.2 2784.1 0.7580236793 0.6447635293 -0.0983876511 -0.5220395327 0.6902055740 0.5010898113 0.3909921348 -0.3284757137 0.8597841859
-110.9 -102.1 2846.9 -0.4232191443 0.6447635293 0.6365261674 -0.0355012640 0.6902055740 -0.7227419615 -0.9053315520 -0.3284757137 -0.2692182958
-417.1 -416.2 2657.6 0.9664639831 -0.2558969855 -0.0215442795 -0.0115304003 0.0405686498 -0.9991102219 0.2565433085 0.9658524394 0.0362575427
-309.6 -433.2 2252.2 0.9664639831 -0.0242570397 -0.2556540966 -0.0115304003 0.9904259443 -0.1375629008 0.2565433085 0.1358973831 0.9569312334
-335.9 -398.0 2819.4 0.5889465213 -0.7903054953 0.1689947248 -0.1140068173 -0.2882607877 -0.9507408738 0.8000903130 0.5406689644 -0.2598704100
-39.3 -289.9 2616.5 0.5889465213 -0.3261668086 -0.7394303679 -0.1140068173 0.8722619414 -0.4755644500 0.8000903130 0.3643821180 0.4765303731
-24.5 -160.0 2441.7 0 0 0 0 0 0 0 0 0
-122.9 -103.1 2821.2 0 0 0 0 0 0 0 0 0
-300.5 -806.2 2201.1 0 0 0 0 0 0 0 0 0
130.9 -745.1 2426.4 0 0 0 0 0 0 0 0 0
-254.8 159.2 2618.6 4 0.4340252578 0.2065668404 -0.8768991828 0.0863769427 0.9593325257 0.2687379122 0.8967503309 -0.1923829168 0.3985319436
-296.0 -32.0 2657.0 0.4340252578 0.2065668404 -0.8768991828 0.0863769427 0.9593325257 0.2687379122 0.8967503309 -0.1923829168 0.3985319436
-335.6 -219.3 2698.4 0.4379443526 0.2021102309 -0.8759886622 0.1047473177 0.9562927485 0.2730058730 0.8928788900 -0.2113188356 0.3976325095
-358.4 -47.0 2529.7 -0.4295786321 0.0946414545 -0.8980563283 0.6110334992 0.7627151608 -0.2119048089 0.6649062037 -0.6397722960 -0.3854752481
-261.4 -184.9 2379.6 -0.9628503323 0.0946414545 0.2529076338 -0.0931346565 0.7627151608 -0.6399933696 -0.2534663975 -0.6397722960 -0.7255661488
-233.6 -17.1 2784.2 0.7591570020 0.6430000663 -0.1011513844 -0.5185327530 0.6913549900 0.5031422377 0.3934519887 -0.3295136094 0.8582635522
-111.5 -100.5 2847.5 -0.4218831062 0.6430000663 0.6391913295 -0.0393449068 0.6913549900 -0.7214431763 -0.9057961106 -0.3295136094 -0.2663722038
-415.3 -416.3 2658.1 0.9683208466 -0.2494296283 -0.0118153282 -0.0019395780 0.0398020446 -0.9992057085 0.2497017682 0.9675746560 0.0380573645
-310.5 -433.0 2251.2 0.9683208466 -0.0314477272 -0.2477211654 -0.0019395780 0.9910610914 -0.1333949417 0.2497017682 0.1296495795 0.9596040845
-335.6 -397.2 2820.5 0.5882079601 -0.7901224494 0.1723888516 -0.1099228933 -0.2893008590 -0.9509058595 0.8012043238 0.5403808951 -0.2570216060
-39.1 -288.6 2617.7 0.5882079601 -0.3294642270 -0.7385558486 -0.1099228933 0.8722046614 -0.4766298532 0.8012043238 0.3615416586 0.4768220484
-10.9 -160.6 2445.6 0 0 0 0 0 0 0 0 0
-123.5 -101.6 2821.7 0 0 0 0 0 0 0 0 0
-298.6 -806.3 2202.4 0 0 0 0 0 0 0 0 0
132.9 -743.8 2429.0 0 0 0 0 0 0 0 0 0
-255.2 158.5 2618.4 5 0.4364981055 0.2045524567 -0.8761436343 0.0839820728 0.9602967501 0.2660397887 0.8957769871 -0.1897062212 0.4019889534
-295.9 -32.4 2656.2 0.4364981055 0.2045524567 -0.8761436343 0.0839820728 0.9602967501 0.2660397887 0.8957769871 -0.1897062212 0.4019889534
-334.3 -220.2 2696.3 0.4399777353 0.1959146261 -0.8763772249 0.1006587297 0.9590020776 0.2649203241 0.8923493624 -0.2047740668 0.4022190571
-358.6 -46.8 2529.0 -0.4695543349 0.0938385054 -0.8779026270 0.5993672609 0.7639886141 -0.2389148325 0.6482881904 -0.6383696198 -0.4149778783
-250.8 -184.3 2380.2 -0.9610091448 0.0938385054 0.2601072192 -0.0980113596 0.7639886141 -0.6377422810 -0.2585637271 -0.6383696198 -0.7250027657
-233.2 -18.1 2783.3 0.7633360028 0.6379749775 -0.1015187278 -0.5169831514 0.6975239515 0.4961740673 0.3873583972 -0.3262640536 0.8622674942
-110.5 -101.2 2845.6 -0.4243669212 0.6379749775 0.6425734758 -0.0350836031 0.6975239515 -0.7157020569 -0.9048104286 -0.3262640536 -0.2736236453
-414.8 -416.1 2659.0 0.9692311287 -0.2460031062 -0.0085713929 0.0014602483 0.0405671559 -0.9991757274 0.2461480498 0.9684197307 0.0396781787
-310.9 -433.2 2250.4 0.9692311287 -0.0333942585 -0.2438766509 0.0014602483 0.9915173650 -0.1299659908 0.2461480498 0.1256109625 0.9610582590
-332.9 -399.0 2817.0 0.5912025571 -0.7868280411 0.1771472991 -0.1124607623 -0.2979210317 -0.9479428530 0.7986438870 0.5405041575 -0.2646189630
-37.6 -287.2 2614.2 0.5912025571 -0.3334503770 -0.7343639135 -0.1124607623 0.8675525188 -0.4844638705 0.7986438870 0.3690034151 0.4753991961
-2.7 -159.0 2446.9 0 0 0 0 0 0 0 0 0
-122.6 -102.2 2819.9 0 0 0 0 0 0 0 0 0
-298.4 -806.7 2203.0 0 0 0 0 0 0 0 0 0
136.4 -739.9 2421.6 0 0 0 0 0 0 0 0 0
-252.9 159.1 2617.9 6 0.4256367683 0.2240645289 -0.8767145872 0.0866814554 0.9543074965 0.2859782279 0.9007328749 -0.1977177411 0.3867661059
-297.6 -31.3 2657.3 0.4256367683 0.2240645289 -0.8767145872 0.0866814554 0.9543074965 0.2859782279 0.9007328749 -0.1977177411 0.3867661059
-339.8 -217.8 2699.1 0.4295700192 0.2156555355 -0.8769049644 0.1037407741 0.9528514743 0.2851524651 0.8970548511 -0.2134637535 0.3869441450
-358.8 -46.1 2529.5 -0.4979638755 0.1068532392 -0.8605895638 0.5854396224 0.7735324502 -0.2427095920 0.6397596598 -0.6246838570 -0.4477473497
-241.6 -183.8 2379.0 -0.9539757371 0.1068532392 0.2802010477 -0.0972976312 0.7735324502 -0.6262432933 -0.2836607397 -0.6246838570 -0.7275346518
-236.3 -16.5 2785.1 0.7487467527 0.6545911431 -0.1043490395 -0.5255073905 0.6821475029 0.5084454417 0.4040053487 -0.3258606791 0.8547481894
-116.0 -100.9 2850.1 -0.4126634896 0.6545911431 0.6334186792 -0.0387404226 0.6821475029 -0.7301875949 -0.9100593328 -0.3258606791 -0.2561382353
-412.4 -417.2 2655.7 0.9697362185 -0.2438139319 -0.0129021555 -0.0032638996 0.0398939215 -0.9991986156 0.2441332638 0.9690011740 0.0378907956
-311.1 -433.7 2252.9 0.9697362185 -0.0320914611 -0.2420368493 -0.0032638996 0.9895317554 -0.1442782134 0.2441332638 0.1407017857 0.9594800472
-343.2 -395.0 2821.9 0.5782417655 -0.7992529273 0.1638023555 -0.1132751033 -0.2774753571 -0.9540315270 0.8079636097 0.5331061482 -0.2509832978
-43.4 -290.9 2621.9 0.5782417655 -0.3228557408 -0.7492667437 -0.1132751033 0.8777059317 -0.4656189382 0.8079636097 0.3541135788 0.4709547162
2.4 -158.9 2451.5 0 0 0 0 0 0 0 0 0
-127.7 -102.0 2824.2 0 0 0 0 0 0 0 0 0
-299.0 -806.4 2199.9 0 0 0 0 0 0 0 0 0
125.1 -748.9 2437.2 0 0 0 0 0 0 0 0 0
-256.1 158.8 2617.6 7 0.4381840527 0.2045600414 -0.8752999306 0.0887351185 0.9591614008 0.2685804069 0.8944947124 -0.1953575015 0.4021375775
-296.9 -32.6 2656.6 0.4381840527 0.2045600414 -0.8752999306 0.0887351185 0.9591614008 0.2685804069 0.8944947124 -0.1953575015 0.4021375775
-335.6 -220.0 2697.7 0.4415671825 0.1974835694 -0.8752248883 0.1048629656 0.9574320912 0.2689379156 0.8910791874 -0.2105328441 0.4020618796
-359.8 -47.5 2529.6 -0.5231006145 0.0983181223 -0.8465809822 0.5697957277 0.7790361643 -0.2616018057 0.6337969899 -0.6192222238 -0.4635355175
-235.1 -183.4 2378.5 -0.9562844038 0.0983181223 0.2754155397 -0.0982480943 0.7790361643 -0.6192333698 -0.2754405141 -0.6192222238 -0.7353205681
-234.0 -17.6 2783.5 0.7629345655 0.6388285756 -0.0991408899 -0.5162277222 0.6943308115 0.5014116764 0.3891526759 -0.3313650191 0.8595100045
-111.4 -100.6 2846.1 -0.4258536100 0.6388285756 0.6407392621 -0.0395805463 0.6943308115 -0.7185667157 -0.9039259553 -0.3313650191 -0.2703981102
-420.9 -413.8 2659.8 0.9655102491 -0.2597759664 -0.0175038502 -0.0057325098 0.0460020788 -0.9989249110 0.2603018880 0.9645726085 0.0429263115
-311.2 -433.2 2252.6 0.9655102491 -0.0321988352 -0.2583663464 -0.0057325098 0.9894541502 -0.1447327435 0.2603018880 0.1412220448 0.9551435709
-334.4 -398.0 2819.5 0.5922480226 -0.7865741253 0.1747666001 -0.1092733741 -0.2933002114 -0.9497548938 0.7983117104 0.5433931351 -0.2596580982
-39.3 -288.0 2615.6 0.5922480226 -0.3310128450 -0.7346242070 -0.1092733741 0.8703022003 -0.4802430272 0.7983117104 0.3646978438 0.4792639017
9.2 -158.3 2448.8 0 0 0 0 0 0 0 0 0
-123.5 -101.7 2820.4 0 0 0 0 0 0 0 0 0
-299.1 -805.9 2199.4 0 0 0 0 0 0 0 0 0
133.4 -742.1 2425.3 0 0 0 0 0 0 0 0 0
-258.1 157.7 2617.9 8 0.4399108291 0.1982449889 -0.8758866191 0.0931310728 0.9600000978 0.2640576661 0.8931993246 -0.1977340877 0.4038516581
-297.4 -33.0 2657.2 0.4399108291 0.1982449889 -0.8758866191 0.0931310728 0.9600000978 0.2640576661 0.8931993246 -0.1977340877 0.4038516581
-335.3 -220.6 2698.8 0.4429870248 0.1931975484 -0.8754640222 0.1082026064 0.9578454494 0.2661283016 0.8899745345 -0.2126188576 0.4034086168
-360.6 -48.5 2530.4 -0.5776416063 0.0925029516 -0.8110322952 0.5532503724 0.7749108672 -0.3056585193 0.6002033949 -0.6252650023 -0.4987980723
-219.7 -183.4 2384.0 -0.9613937736 0.0925029516 0.2591625750 -0.0939348787 0.7749108672 -0.6250514984 -0.2586469948 -0.6252650023 -0.7363052368
-234.3 -17.6 2784.1 0.7657978535 0.6353540421 -0.0993925408 -0.5125115514 0.6963351369 0.5024433732 0.3884399235 -0.3338302076 0.8588782549
-111.2 -100.0 2846.5 -0.4275547266 0.6353540421 0.6430569291 -0.0427842773 0.6963351369 -0.7164404392 -0.9029764533 -0.3338302076 -0.2705382109
-414.2 -417.0 2658.4 0.9693893790 -0.2453234643 -0.0100331530 -0.0007368551 0.0379565023 -0.9992791414 0.2455274463 0.9686979651 0.0366138592
-311.2 -432.9 2251.8 0.9693893790 -0.0348443612 -0.2430434972 -0.0007368551 0.9894614220 -0.1447948664 0.2455274463 0.1405417025 0.9591476917
-333.1 -398.4 2820.9 0.5943303108 -0.7842549682 0.1780890375 -0.1053893194 -0.2954837978 -0.9495169520 0.7972857952 0.5455579758 -0.2582670450
-38.8 -287.5 2616.2 0.5943303108 -0.3338345289 -0.7316597700 -0.1053893194 0.8695989847 -0.4823802412 0.7972857952 0.3638023138 0.4816464186
25.6 -159.5 2450.0 0 0 0 0 0 0 0 0 0
-123.4 -101.2 2820.8 0 0 0 0 0 0 0 0 0
-298.1 -805.6 2198.9 0 0 0 0 0 0 0 0 0
135.4 -741.3 2426.4 0 0 0 0 0 0 0 0 0
-258.5 156.3 2618.1 9 0.4491930902 0.1902221441 -0.8729496598 0.0873725861 0.9630353451 0.2548117042 0.8891521692 -0.1907315254 0.4159685969
-296.3 -35.0 2656.0 0.4491930902 0.1902221441 -0.8729496598 0.0873725861 0.9630353451 0.2548117042 0.8891521692 -0.1907315254 0.4159685969
-332.9 -223.1 2696.4 0.4521861374 0.1866600662 -0.8721730113 0.1026483402 0.9604678154 0.2587756515 0.8859971762 -0.2065418810 0.4151498973
-360.7 -49.6 2529.7 -0.5472905040 0.0503412262 -0.8354273438 0.5669561028 0.7565705180 -0.3258248568 0.6156572700 -0.6519715190 -0.4426051080
-232.1 -182.8 2385.1 -0.9788430929 0.0503412262 0.1983229369 -0.0922538117 0.7565705180 -0.6473718286 -0.1826347709 -0.6519715190 -0.7359196544
-231.8 -20.3 2782.3 0.7722343206 0.6286104918 -0.0922116414 -0.5123458505 0.7019746304 0.4947053492 0.3757072091 -0.3347841799 0.8641548753
-107.7 -102.7 2842.6 -0.4372051656 0.6286104918 0.6431955099 -0.0370452255 0.7019746304 -0.7112378478 -0.8985984921 -0.3347841799 -0.2836199105
-413.2 -418.0 2660.0 0.9687187076 -0.2474076450 -0.0193265416 -0.0104022138 0.0373278931 -0.9992489219 0.2479432374 0.9681921601 0.0335866399
-308.7 -433.7 2251.3 0.9687187076 -0.0258002914 -0.2468165308 -0.0104022138 0.9894850850 -0.1442602873 0.2479432374 0.1423150748 0.9582643509
-328.5 -401.9 2816.9 0.6034264565 -0.7769613266 0.1794646680 -0.1094622537 -0.3036343157 -0.9464799166 0.7898699045 0.5514864326 -0.2682689428
-37.0 -287.9 2610.0 0.6034264565 -0.3336566389 -0.7242580652 -0.1094622537 0.8649963140 -0.4896931052 0.7898699045 0.3747726977 0.4854388833
17.3 -159.3 2431.6 0 0 0 0 0 0 0 0 0
-120.1 -103.7 2817.1 0 0 0 0 0 0 0 0 0
-299.0 -806.4 2197.7 0 0 0 0 0 0 0 0 0
137.1 -739.3 2414.4 0 0 0 0 0 0 0 0 0
-258.3 156.3 2618.2 0 0.4465655684 0.1999542564 -0.8721224070 0.0788331702 0.9621264935 0.2609558702 0.8912712932 -0.1852860898 0.4138895273
-298.0 -34.8 2655.0 0.4465655684 0.1999542564 -0.8721224070 0.0788331702 0.9621264935 0.2609558702 0.8912712932 -0.1852860898 0.4138895273
-336.9 -222.4 2695.2 0.4503197372 0.1989551783 -0.8704188466 0.0969055220 0.9582087398 0.2691566944 0.8875930905 -0.2055549622 0.4122204483
-362.1 -48.6 2528.5 -0.5050396323 0.0209022127 -0.8628430367 0.5888413787 0.7392554283 -0.3267525434 0.6310315728 -0.6731006503 -0.3856613934
-246.0 -183.9 2383.4 -0.9809395671 0.0209022127 0.1931855679 -0.1149259955 0.7392554283 -0.6635460854 -0.1566830724 -0.6731006503 -0.7227627039
-233.8 -20.9 2781.5 0.7646754980 0.6382036209 -0.0892611891 -0.5217607021 0.6944561005 0.4954759777 0.3782025576 -0.3323053420 0.8640231490
-110.9 -104.8 2842.3 -0.4344656467 0.6382036209 0.6355593801 -0.0314540714 0.6944561005 -0.7188472152 -0.9001390338 -0.3323053420 -0.2816432118
-410.3 -420.4 2656.8 0.9707839489 -0.2396902591 -0.0112742502 -0.0042878897 0.0296489932 -0.9995511770 0.2399169505 0.9703965783 0.0277550016
-310.1 -432.8 2251.1 0.9707839489 -0.0292691533 -0.2381634861 -0.0042878897 0.9902583957 -0.1391759813 0.2399169505 0.1361310333 0.9612014294
-335.2 -401.3 2815.7 0.5993505716 -0.7824583054 0.1689316481 -0.1169583425 -0.2943697572 -0.9485079050 0.7918962240 0.5487307906 -0.2679457068
-41.6 -290.8 2609.8 0.5993505716 -0.3245214522 -0.7317545414 -0.1169583425 0.8688254356 -0.4811060727 0.7918962240 0.3739360273 0.4827755690
3.0 -154.8 2423.2 0 0 0 0 0 0 0 0 0
-123.2 -105.7 2816.7 0 0 0 0 0 0 0 0 0
-299.1 -805.8 2199.8 0 0 0 0 0 0 0 0 0
127.7 -744.2 2414.7 0 0 0 0 0 0 0 0 0
-258.0 155.8 2618.2 1 0.4469509423 0.2024282664 -0.8713539243 0.0705293342 0.9630540013 0.2599087358 0.8917737603 -0.1776224673 0.4161607921
-298.3 -36.2 2653.6 0.4469509423 0.2024282664 -0.8713539243 0.0705293342 0.9630540013 0.2599087358 0.8917737603 -0.1776224673 0.4161607921
-337.4 -224.1 2692.4 0.4508816600 0.1995383948 -0.8699943423 0.0893314555 0.9597105980 0.2664121091 0.8881022334 -0.1978382021 0.4148908556
-362.6 -48.9 2527.1 -0.4612309337 0.0113117257 -0.8872080445 0.6097383499 0.7304506302 -0.3076702952 0.6445813775 -0.6828718185 -0.3438036144
-260.6 -183.7 2384.5 -0.9855155349 0.0113117257 0.1692073345 -0.1074176878 0.7304506302 -0.6744651794 -0.1312269717 -0.6828718185 -0.7186554074
-234.1 -23.4 2780.2 0.7645138502 0.6385142803 -0.0884202495 -0.5253844857 0.6966992617 0.4884478450 0.3734832406 -0.3269705176 0.8681017160
-111.2 -107.9 2840.2 -0.4350055754 0.6385142803 0.6348776817 -0.0237599630 0.6966992617 -0.7169697881 -0.9001142383 -0.3269705176 -0.2878969610
-416.6 -418.8 2655.2 0.9675393701 -0.2527049482 -0.0027933046 0.0058893138 0.0335957892 -0.9994181395 0.2526517510 0.9669599533 0.0339935049
-311.1 -432.8 2251.7 0.9675393701 -0.0531653315 -0.2470648587 0.0058893138 0.9820991755 -0.1882723719 0.2526517510 0.1807058901 0.9505327344
-335.7 -404.0 2811.4 0.5996817350 -0.7823807597 0.1681134999 -0.1238205135 -0.2982670367 -0.9464170933 0.7906012535 0.5467331409 -0.2757400870
-42.1 -292.1 2606.2 0.5996817350 -0.3237170279 -0.7318395376 -0.1238205135 0.8659775853 -0.4845114052 0.7906012535 0.3811693788 0.4792281389
-9.4 -156.4 2418.0 0 0 0 0 0 0 0 0 0
-123.5 -108.6 2814.7 0 0 0 0 0 0 0 0 0
-292.2 -781.6 2187.5 0 0 0 0 0 0 0 0 0
126.8 -744.0 2407.3 0 0 0 0 0 0 0 0 0
-257.0 157.1 2617.8 2 0.4378646612 0.2093287855 -0.8743317723 0.0734823048 0.9609293938 0.2668614984 0.8960328698 -0.1810971349 0.4053750634
-298.8 -34.9 2653.9 0.4378646612 0.2093287855 -0.8743317723 0.0734823048 0.9609293938 0.2668614984 0.8960328698 -0.1810971349 0.4053750634
-339.4 -222.3 2693.8 0.4423197508 0.2074568868 -0.8725336194 0.0939812958 0.9568009973 0.2751352489 0.8919196725 -0.2036995888 0.4037149251
-361.8 -48.3 2526.8 -0.4452649653 0.0072147674 -0.8953697681 0.6186562777 0.7253788114 -0.3018110991 0.6473047733 -0.6883120537 -0.3274492621
-264.5 -183.6 2385.3 -0.9847379923 0.0072147674 0.1738937646 -0.1145455688 0.7253788114 -0.6787524223 -0.1310358942 -0.6883120537 -0.7134816647
-235.7 -21.5 2781.0 0.7574080229 0.6461020708 -0.0942610726 -0.5268816948 0.6900438070 0.4962210059 0.3856536746 -0.3261773288 0.8630640507
-114.0 -106.2 2843.0 -0.4259369969 0.6461020708 0.6333480477 -0.0286404956 0.6900438070 -0.7232007384 -0.9042993784 -0.3261773288 -0.2754105031
-417.2 -420.2 2650.8 0.9673713446 -0.2533610463 0.0009138469 0.0066215610 0.0216761660 -0.9997431040 0.2532761693 0.9671289325 0.0226465482
-313.6 -429.0 2255.0 0.9673713446 -0.0532398708 -0.2477058321 0.0066215610 0.9826514125 -0.1853437424 0.2532761693 0.1776560247 0.9509413838
-340.1 -401.2 2814.3 0.5907801390 -0.7897592783 0.1651031971 -0.1209043488 -0.2889761627 -0.9496709704 0.7977223396 0.5410850644 -0.2662067115
-43.7 -292.8 2611.3 0.5907801390 -0.3222194612 -0.7396982312 -0.1209043488 0.8710857034 -0.4760166407 0.7977223396 0.3706538975 0.4756624103
-12.9 -154.3 2418.8 0 0 0 0 0 0 0 0 0
-126.1 -107.0 2817.4 0 0 0 0 0 0 0 0 0
-294.1 -788.6 2190.0 0 0 0 0 0 0 0 0 0
124.4 -747.3 2417.9 0 0 0 0 0 0 0 0 0
-259.5 154.6 2617.5 3 0.4310085773 0.2062142938 -0.8784686923 0.0709270835 0.9627822638 0.2608057261 0.8995559812 -0.1747167259 0.4003412426
-300.5 -36.8 2652.3 0.4310085773 0.2062142938 -0.8784686923 0.0709270835 0.9627822638 0.2608057261 0.8995559812 -0.1747167259 0.4003412426
-340.4 -224.8 2690.5 0.4350649714 0.2033562064 -0.8771343827 0.0899650380 0.9594690800 0.2670681179 0.8958932757 -0.1951034069 0.3991364241
-362.5 -49.7 2524.6 -0.4288791120 -0.0063517587 -0.9033395648 0.6278701425 0.7168600559 -0.3031348586 0.6494935155 -0.6971881390 -0.3034582436
-271.0 -183.7 2386.0 -0.9879762530 -0.0063517587 0.1544752270 -0.1122014001 0.7168600559 -0.6881297231 -0.1063662916 -0.6971881390 -0.7089533806
-238.5 -24.0 2779.9 0.7575607300 0.6444829702 -0.1036505401 -0.5253229737 0.6961790919 0.4892549515 0.3874758482 -0.3161903322 0.8659596443
-116.8 -108.5 2842.2 -0.4189796448 0.6444829702 0.6396074891 -0.0243769251 0.6961790919 -0.7174541354 -0.9076683521 -0.3161903322 -0.2759743333
-420.0 -418.2 2653.1 0.9662520885 -0.2575797737 -0.0030976764 0.0045125186 0.0289486125 -0.9995707273 0.2575588524 0.9658232927 0.0291339904
-313.3 -430.2 2253.0 0.9662520885 -0.0457855463 -0.2534967661 0.0045125186 0.9869349599 -0.1610558033 0.2575588524 0.1544765830 0.9538345933
-340.9 -404.5 2809.7 0.5854853988 -0.7920761108 0.1726911068 -0.1232878789 -0.2975379229 -0.9467160702 0.8012533188 0.5329977274 -0.2718575001
-43.7 -292.9 2609.7 0.5854853988 -0.3301418126 -0.7404142022 -0.1232878789 0.8664375544 -0.4838244617 0.8012533188 0.3745562732 0.4665840566
-18.3 -155.0 2413.2 0 0 0 0 0 0 0 0 0
-128.7 -109.2 2816.4 0 0 0 0 0 0 0 0 0
-296.3 -796.5 2195.7 0 0 0 0 0 0 0 0 0
128.6 -745.0 2414.2 0 0 0 0 0 0 0 0 0
-260.9 151.5 2619.9 4 0.4259177148 0.1951580793 -0.8834633231 0.0717608854 0.9660965204 0.2480077893 0.9019115567 -0.1690290123 0.3974729180
-299.6 -40.2 2653.4 0.4259177148 0.1951580793 -0.8834633231 0.0717608854 0.9660965204 0.2480077893 0.9019115567 -0.1690290123 0.3974729180
-337.5 -228.7 2690.7 0.4298014343 0.1934246868 -0.8819623590 0.0910367146 0.9625247121 0.2554573417 0.8983223438 -0.1900868863 0.3960857689
-360.9 -53.2 2525.4 -0.4275161922 -0.0150592793 -0.9038822651 0.6183978915 0.7244503498 -0.3045582473 0.6594042778 -0.6891624331 -0.3004016280
-269.4 -185.5 2384.4 -0.9900342226 -0.0150592793 0.1400196850 -0.1073216274 0.7244503498 -0.6809212565 -0.0911831334 -0.6891624331 -0.7188467979
-238.4 -27.3 2781.5 0.7615966797 0.6380735636 -0.1132814065 -0.5184010863 0.7047465444 0.4843476117 0.3888840675 -0.3101523221 0.8675106764
-116.0 -110.6 2844.0 -0.4143851101 0.6380735636 0.6489585042 -0.0251917224 0.7047465444 -0.7090117931 -0.9097529054 -0.3101523221 -0.2759623230
-419.5 -420.8 2647.7 0.9661853909 -0.2578017116 -0.0049062017 0.0016072083 0.0250483882 -0.9996849298 0.2578433752 0.9658731222 0.0246157292
-313.7 -431.1 2251.2 0.9661853909 -0.0406174324 -0.2546291649 0.0016072083 0.9884445667 -0.1515742242 0.2578433752 0.1460395604 0.9550859928
-336.5 -409.0 2809.1 0.5830885768 -0.7911454439 0.1846527755 -0.1200798973 -0.3087230325 -0.9435417056 0.8034852147 0.5279952884 -0.2750135362
-39.7 -293.2 2611.0 0.5830885768 -0.3416711390 -0.7370675206 -0.1200798973 0.8610506058 -0.4941383600 0.8034852147 0.3766334355 0.4610409141
-16.1 -158.0 2407.7 0 0 0 0 0 0 0 0 0
-127.7 -111.3 2818.1 0 0 0 0 0 0 0 0 0
-298.5 -800.7 2196.6 0 0 0 0 0 0 0 0 0
138.6 -742.5 2414.5 0 0 0 0 0 0 0 0 0
-264.5 148.9 2620.6 5 0.4256400168 0.1834397465 -0.8861040473 0.0768981725 0.9683619142 0.2374066412 0.9016192555 -0.1691895574 0.3980673850
-300.9 -43.4 2654.2 0.4256400168 0.1834397465 -0.8861040473 0.0768981725 0.9683619142 0.2374066412 0.9016192555 -0.1691895574 0.3980673850
-336.7 -232.3 2691.4 0.4291750193 0.1826872677 -0.8845530748 0.0955616534 0.9646506906 0.2455952913 0.8981518745 -0.1899327189 0.3965460956
-362.0 -57.0 2526.2 -0.4745726287 0.0117229251 -0.8801382780 0.5826289058 0.7536954880 -0.3041161001 0.6597911716 -0.6571192145 -0.3645133674
-257.8 -185.1 2381.2 -0.9842689633 0.0117229251 0.1762873679 -0.1071600169 0.7536954880 -0.6484287381 -0.1404684782 -0.6571192145 -0.7405828238
-239.7 -29.8 2782.2 0.7674590349 0.6300990582 -0.1182446778 -0.5100433230 0.7118418813 0.4828425646 0.3884101808 -0.3102519810 0.8676872849
-116.4 -111.8 2844.6 -0.4144677818 0.6300990582 0.6566518545 -0.0295632966 0.7118418813 -0.7017172575 -0.9095836878 -0.3102519810 -0.2764077187
-414.2 -425.5 2646.7 0.9691113234 -0.2465969622 -0.0036251724 -0.0001174514 0.0142377317 -0.9998986125 0.2466235757 0.9690135121 0.0137689840
-313.5 -431.3 2251.0 0.9691113234 -0.0366235562 -0.2438891530 -0.0001174514 0.9888437986 -0.1489561945 0.2466235757 0.1443837732 0.9582954049
-333.6 -412.6 2809.8 0.5847616196 -0.7874383926 0.1949221790 -0.1138400137 -0.3175672293 -0.9413774610 0.8031776547 0.5282914639 -0.2753431201
-38.2 -293.5 2611.6 0.5847616196 -0.3509953320 -0.7313385606 -0.1138400137 0.8571172357 -0.5023848414 0.8031776547 0.3770309687 0.4612519443
-7.0 -157.8 2417.0 0 0 0 0 0 0 0 0 0
-128.1 -112.6 2818.8 0 0 0 0 0 0 0 0 0
-299.8 -802.4 2196.8 0 0 0 0 0 0 0 0 0
145.0 -740.7 2414.8 0 0 0 0 0 0 0 0 0
-264.3 149.9 2619.4 6 0.4222930968 0.1828716695 -0.8878211975 0.0825881064 0.9676026702 0.2385880202 0.9026891589 -0.1740775406 0.3935089111
-300.7 -42.7 2654.1 0.4222930968 0.1828716695 -0.8878211975 0.0825881064 0.9676026702 0.2385880202 0.9026891589 -0.1740775406 0.3935089111
-336.3 -231.6 2691.9 0.4255526662 0.1814221591 -0.8865612745 0.0998740867 0.9642966390 0.2452695221 0.8994054198 -0.1929195970 0.3922396302
-361.4 -56.9 2525.9 -0.4762223065 0.0438409038 -0.8782313466 0.5826703310 0.7637452483 -0.2778280675 0.6585648060 -0.6440272927 -0.3892573118
-256.4 -185.4 2380.7 -0.9701802731 0.0438409038 0.2383866012 -0.1212757453 0.7637452483 -0.6340231299 -0.2098627836 -0.6440272927 -0.7356537580
-240.1 -28.5 2782.3 0.7670307159 0.6298031211 -0.1225232705 -0.5069703460 0.7119607925 0.4858938754 0.3932492435 -0.3105798662 0.8653873205
-116.8 -110.0 2845.5 -0.4109453857 0.6298031211 0.6591448784 -0.0338962190 0.7119607925 -0.7014006376 -0.9110295773 -0.3105798662 -0.2712290585
-411.2 -429.9 2647.4 0.9703214765 -0.2418058217 -0.0024875803 -0.0007460940 0.0072932993 -0.9999731183 0.2418174595 0.9702972770 0.0068964353
-311.9 -432.9 2248.7 0.9703214765 -0.0330705419 -0.2395466119 -0.0007460940 0.9901903868 -0.1397226453 0.2418174595 0.1357546002 0.9607783556
-333.3 -411.4 2810.9 0.5819169879 -0.7887976170 0.1979164332 -0.1095664725 -0.3171893358 -0.9420117140 0.8058336377 0.5264875889 -0.2710036337
-37.3 -292.4 2613.4 0.5819169879 -0.3541937172 -0.7320652008 -0.1095664725 0.8578217626 -0.5021324158 0.8058336377 0.3724091947 0.4603732824
-9.4 -154.6 2434.1 0 0 0 0 0 0 0 0 0
-128.5 -110.9 2819.6 0 0 0 0 0 0 0 0 0
-299.4 -805.2 2197.6 0 0 0 0 0 0 0 0 0
147.5 -740.0 2419.0 0 0 0 0 0 0 0 0 0
-261.2 152.8 2618.4 7 0.4085096717 0.2002690136 -0.8905122876 0.0769994110 0.9645932913 0.2522515953 0.9095003605 -0.1716161370 0.3786250949
-301.3 -40.0 2652.7 0.4085096717 0.2002690136 -0.8905122876 0.0769994110 0.9645932913 0.2522515953 0.9095003605 -0.1716161370 0.3786250949
-339.2 -228.4 2690.1 0.4125526845 0.1938517839 -0.8900684118 0.0967653543 0.9622400999 0.2544217408 0.9057796597 -0.1910901517 0.3782165945
-360.0 -53.8 2523.6 -0.4773581922 0.0741295815 -0.8755763769 0.5965145826 0.7589941621 -0.2609563470 0.6452127695 -0.6468637586 -0.4065314531
