150.1 24.6 2638.7 04 0.4220819473 0.1500120908 -0.8940599561 -0.1477577984 0.9844102263 0.0954158977 0.8944352865 0.0918310061 0.4376672208
120.7 -168.7 2620.7 0.4220819473 0.1500120908 -0.8940599561 -0.1477577984 0.9844102263 0.0954158977 0.8944352865 0.0918310061 0.4376672208
92.1 -360.0 2603.9 0.4230387807 0.1469265670 -0.8941200972 -0.1414104104 0.9853805900 0.0950168818 0.8950091004 0.0862420648 0.4376311302
62.9 -149.4 2498.5 -0.7177250385 0.2261052579 -0.6585948467 0.6632926464 0.5098574758 -0.5478031039 0.2119283527 -0.8300130963 -0.5159114003
234.0 -307.5 2448.0 -0.9303475618 0.2261052579 0.2886690199 -0.1394778788 0.5098574758 -0.8488764763 -0.3391155005 -0.8300130963 -0.4428079724
178.4 -188.0 2742.9 0.7713976502 0.4509243965 -0.4490131438 -0.5385934711 0.8384392262 -0.0832872242 0.3389140069 0.3060831428 0.8896349669
379.7 -328.5 2831.3 0.1793540269 0.4509243965 0.8743565083 0.2508160472 0.8384392262 -0.4838501811 -0.9512746334 0.3060831428 0.0372783653
29.3 -541.7 2507.4 0.7795938253 -0.6243834496 0.0487731099 0.0504740924 -0.0149846533 -0.9986129403 0.6242482066 0.7809742689 0.0198332444
248.6 -536.4 2233.1 0.7795938253 -0.0924522206 -0.6194239855 0.0504740924 0.9951018095 -0.0849984586 0.6242482066 0.0349994116 0.7804416418
100.7 -565.5 2669.8 0.3595255017 -0.8658130169 -0.3480075896 -0.1063310206 0.3325029016 -0.9370888472 0.9270572662 0.3739113212 0.0274804942
436.7 -694.6 2524.7 0.3595255017 -0.5607088804 -0.7458866835 -0.1063310206 0.7695102692 -0.6297202706 0.9270572662 0.3057113886 0.2170378119
483.6 -270.1 2538.9 0 0 0 0 0 0 0 0 0
425.1 -264.9 2590.0 0 0 0 0 0 0 0 0 0
272.3 -791.2 2224.2 0 0 0 0 0 0 0 0 0
588.1 -902.3 2442.2 0 0 0 0 0 0 0 0 0
150.4 30.1 2637.3 05 0.3889749050 0.1551416665 -0.9080911875 -0.1323910505 0.9848999977 0.1115551293 0.9116858840 0.0768310055 0.4036407471
119.9 -163.7 2622.2 0.3889749050 0.1551416665 -0.9080911875 -0.1323910505 0.9848999977 0.1115551293 0.9116858840 0.0768310055 0.4036407471
90.3 -354.9 2608.0 0.3896399140 0.1525255293 -0.9082492590 -0.1281320006 0.9855772257 0.1105427295 0.9120103717 0.0733039379 0.4035636187
66.7 -146.2 2497.8 -0.6815249324 0.2096326500 -0.7011262178 0.6964157820 0.4800913036 -0.5334017277 0.2247861773 -0.8518019319 -0.4731856585
225.7 -308.7 2445.3 -0.9442224503 0.2096326500 0.2539648414 -0.1268741190 0.4800913036 -0.8679949641 -0.3038863838 -0.8518019319 -0.4267160296
173.1 -181.1 2746.7 0.7540460229 0.4471271336 -0.4811361134 -0.5384516716 0.8403004408 -0.0629680157 0.3761442006 0.3065493107 0.8743815422
369.7 -321.5 2844.8 0.2153769284 0.4471271336 0.8681532741 0.2314902842 0.8403004408 -0.4902115762 -0.9486964941 0.3065493107 0.0774757415
25.7 -538.6 2507.1 0.7744599581 -0.6314133406 0.0391016603 0.0438224487 -0.0081152488 -0.9990063906 0.6311032772 0.7754039764 0.0213851463
250.1 -535.7 2231.6 0.7744599581 -0.0847207308 -0.6269243956 0.0438224487 0.9957961440 -0.0804336965 0.6311032772 0.0348193161 0.7749169469
101.5 -563.9 2667.3 0.3583187759 -0.8683269620 -0.3429518044 -0.1008913070 0.3291772008 -0.9388628006 0.9281317592 0.3710130155 0.0303437281
438.5 -691.7 2523.3 0.3583187759 -0.5520734191 -0.7528762221 -0.1008913070 0.7788024545 -0.6191022992 0.9281317592 0.2977946401 0.2233601362
477.8 -274.8 2526.5 0 0 0 0 0 0 0 0 0
424.3 -262.8 2604.2 0 0 0 0 0 0 0 0 0
271.6 -788.3 2222.7 0 0 0 0 0 0 0 0 0
588.6 -903.4 2442.4 0 0 0 0 0 0 0 0 0
151.5 33.1 2637.2 06 0.3767180443 0.1693266034 -0.9107205868 -0.1327409893 0.9828725457 0.1278334409 0.9167678952 0.0727327913 0.3927423954
118.3 -159.9 2622.9 0.3767180443 0.1693266034 -0.9107205868 -0.1327409893 0.9828725457 0.1278334409 0.9167678952 0.0727327913 0.3927423954
85.4 -350.7 2609.7 0.3775306344 0.1691111773 -0.9104241133 -0.1280201972 0.9832731485 0.1295560300 0.9171048999 0.0676412955 0.3928653896
66.7 -142.4 2497.7 -0.6583763957 0.2004527003 -0.7255061865 0.7151333690 0.4672529697 -0.5198643804 0.2347867042 -0.8611000776 -0.4509787560
222.2 -311.3 2442.2 -0.9477574229 0.2004527003 0.2481423020 -0.1301354021 0.4672529697 -0.8744938374 -0.2912398875 -0.8611000776 -0.4167564809
169.8 -177.3 2748.1 0.7403903604 0.4585793018 -0.4914541245 -0.5486482978 0.8346914649 -0.0476985797 0.3883389831 0.3049510419 0.8695963025
363.0 -320.4 2849.4 0.2294919938 0.4585793018 0.8585094213 0.2202850133 0.8346914649 -0.5047421455 -0.9480547905 0.3049510419 0.0905368626
25.7 -534.8 2512.1 0.7764908671 -0.6294512153 0.0292076338 0.0406251699 0.0037520891 -0.9991673827 0.6288175583 0.7770309448 0.0284850262
253.7 -536.1 2230.7 0.7764908671 -0.0754268020 -0.6255978942 0.0406251699 0.9967369437 -0.0697502419 0.6288175583 0.0287454017 0.7770213485
95.5 -557.7 2675.3 0.3754419386 -0.8675875068 -0.3260908425 -0.0897798836 0.3161316514 -0.9444577098 0.9224873781 0.3838654160 0.0407971740
432.2 -680.4 2526.4 0.3754419386 -0.5478610992 -0.7475904822 -0.0897798836 0.7813062668 -0.6176569462 0.9224873781 0.2990128994 0.2441482246
473.8 -276.7 2519.5 0 0 0 0 0 0 0 0 0
421.2 -264.5 2608.9 0 0 0 0 0 0 0 0 0
273.0 -791.0 2223.3 0 0 0 0 0 0 0 0 0
587.8 -902.2 2441.4 0 0 0 0 0 0 0 0 0
149.9 33.6 2638.1 07 0.3244505227 0.1326225847 -0.9365592003 -0.1121335328 0.9885330200 0.1011361852 0.9392326474 0.0722059980 0.3356014788
123.8 -161.0 2623.9 0.3244505227 0.1326225847 -0.9365592003 -0.1121335328 0.9885330200 0.1011361852 0.9392326474 0.0722059980 0.3356014788
97.0 -352.7 2611.7 0.3253211975 0.1380150020 -0.9354774356 -0.1057734713 0.9883939624 0.1090382710 0.9396691322 0.0634762347 0.3361438215
79.5 -146.5 2495.7 -0.6446422338 0.2150544226 -0.7336130142 0.7264086008 0.4713834524 -0.5001282096 0.2382582426 -0.8553065062 -0.4600910544
219.9 -304.7 2443.9 -0.9406303763 0.2150544226 0.2626138628 -0.1355287284 0.4713834524 -0.8714525700 -0.3112015724 -0.8553065062 -0.4142515659
168.1 -175.5 2752.0 0.7298271656 0.4168058634 -0.5418719053 -0.5234586596 0.8505354524 -0.0507983640 0.4397082031 0.3207215667 0.8389245272
358.2 -311.9 2866.5 0.2798075378 0.4168058634 0.8648587465 0.2156488448 0.8505354524 -0.4796717763 -0.9355230331 0.3207215667 0.1481025219
20.5 -530.5 2514.4 0.7738279104 -0.6329631805 0.0234103687 0.0400231741 0.0119771855 -0.9991269708 0.6321301460 0.7740892768 0.0346014760
256.4 -535.0 2225.9 0.7738279104 -0.0641776547 -0.6301361918 0.0400231741 0.9978198409 -0.0524754599 0.6321301460 0.0153869241 0.7747094035
86.4 -552.9 2678.7 0.3498660028 -0.8761718869 -0.3315366805 -0.1338191181 0.3035311997 -0.9433775544 0.9271926284 0.3744216859 -0.0110533005
426.5 -670.8 2533.3 0.3498660028 -0.5455006957 -0.7615922689 -0.1338191181 0.7755331993 -0.6169608831 0.9271926284 0.3177692592 0.1983342767
468.9 -268.8 2526.2 0 0 0 0 0 0 0 0 0
429.1 -257.2 2629.4 0 0 0 0 0 0 0 0 0
272.7 -787.7 2222.0 0 0 0 0 0 0 0 0 0
587.9 -900.3 2439.3 0 0 0 0 0 0 0 0 0
152.1 27.4 2637.5 08 0.3212720752 0.1470235735 -0.9355043173 -0.1244553775 0.9858613610 0.1121970490 0.9387732148 0.0803827643 0.3350276053
123.1 -167.0 2621.7 0.3212720752 0.1470235735 -0.9355043173 -0.1244553775 0.9858613610 0.1121970490 0.9387732148 0.0803827643 0.3350276053
94.5 -358.3 2607.4 0.3221262097 0.1472742260 -0.9351711273 -0.1187314540 0.9863106012 0.1144299954 0.9392217994 0.0741733238 0.3352025747
79.2 -150.7 2493.5 -0.6556758881 0.2187494487 -0.7226602435 0.7165176272 0.4820906818 -0.5041736960 0.2381000370 -0.8483732939 -0.4728330672
220.9 -305.5 2442.0 -0.9293549061 0.2187494487 0.2974023819 -0.1620557755 0.4820906818 -0.8610032201 -0.3317188919 -0.8483732939 -0.4125837088
167.1 -183.2 2749.8 0.7241351008 0.4240845740 -0.5438572168 -0.5346491337 0.8433297276 -0.0542699322 0.4356358945 0.3300715685 0.8374211192
355.9 -322.6 2863.4 0.2840253413 0.4240845740 0.8599313498 0.2222259939 0.8433297276 -0.4892959893 -0.9327085614 0.3300715685 0.1452844143
42.0 -535.2 2515.5 0.8055645227 -0.5914697051 0.0350624882 0.0423793159 -0.0015075547 -0.9991004467 0.5909904838 0.8063257933 0.0238516498
249.1 -534.7 2233.2 0.8055645227 -0.0859207585 -0.5862451792 0.0423793159 0.9952511191 -0.0876313522 0.5909904838 0.0457480364 0.8053802252
99.2 -554.0 2683.6 0.3628056645 -0.8636035323 -0.3500871062 -0.1389859319 0.3213343620 -0.9367108345 0.9214417934 0.3885011673 -0.0034468044
434.3 -678.7 2532.8 0.3628056645 -0.5383713841 -0.7606104612 -0.1389859319 0.7758321762 -0.6154407859 0.9214417934 0.3289995790 0.2066502571
466.4 -262.7 2529.7 0 0 0 0 0 0 0 0 0
427.9 -266.3 2626.9 0 0 0 0 0 0 0 0 0
270.7 -785.4 2221.7 0 0 0 0 0 0 0 0 0
588.2 -900.4 2438.8 0 0 0 0 0 0 0 0 0
149.6 27.7 2637.7 09 0.3632499278 0.1211929396 -0.9237757921 -0.1282895952 0.9885655046 0.0792464688 0.9228170514 0.0897245556 0.3746441305
125.7 -167.8 2620.0 0.3632499278 0.1211929396 -0.9237757921 -0.1282895952 0.9885655046 0.0792464688 0.9228170514 0.0897245556 0.3746441305
101.2 -359.6 2604.1 0.3639457524 0.1257779598 -0.9228886366 -0.1227188557 0.9886778593 0.0863493904 0.9233003855 0.0818293393 0.3752604127
76.0 -151.1 2494.0 -0.6706537604 0.2325095683 -0.7043882608 0.7025277615 0.5038728118 -0.5025603771 0.2380720228 -0.8318963051 -0.5012686253
220.7 -302.6 2442.7 -0.9239038229 0.2325095683 0.3038767278 -0.1528150290 0.5038728118 -0.8501527905 -0.3507838845 -0.8318963051 -0.4299990535
175.3 -184.4 2746.0 0.7548894286 0.4166089594 -0.5065361857 -0.5215895176 0.8495701551 -0.0785805807 0.3976006508 0.3235236406 0.8586304188
372.0 -320.4 2849.6 0.2390712351 0.4166089594 0.8770871758 0.2409644276 0.8495701551 -0.4692192376 -0.9406280518 0.3235236406 0.1027198583
37.6 -539.2 2509.0 0.7905867100 -0.6109369993 0.0415772274 0.0450735688 -0.0096547911 -0.9989370108 0.6106889844 0.7916203737 0.0199041609
251.5 -535.8 2231.8 0.7905867100 -0.0826678425 -0.6067443490 0.0450735688 0.9960137010 -0.0769743398 0.6106889844 0.0335067548 0.7911613584
94.7 -560.4 2677.1 0.3420567513 -0.8717827201 -0.3507021964 -0.1542346179 0.3160662055 -0.9361163378 0.9269351959 0.3742953241 -0.0263464954
433.1 -683.1 2531.8 0.3420567513 -0.5457907915 -0.7649245858 -0.1542346179 0.7703775764 -0.6186518073 0.9269351959 0.3295918703 0.1793330312
464.7 -262.3 2535.3 0 0 0 0 0 0 0 0 0
432.6 -259.3 2611.2 0 0 0 0 0 0 0 0 0
272.7 -791.2 2223.2 0 0 0 0 0 0 0 0 0
587.5 -901.1 2438.6 0 0 0 0 0 0 0 0 0
151.0 24.0 2636.9 10 0.4078825712 0.1268364787 -0.9041815400 -0.1449304670 0.9867423773 0.0730387717 0.9014582634 0.1012522131 0.4208574891
125.9 -171.0 2616.8 0.4078825712 0.1268364787 -0.9041815400 -0.1449304670 0.9867423773 0.0730387717 0.9014582634 0.1012522131 0.4208574891
101.1 -362.5 2598.2 0.4084459245 0.1276460588 -0.9038132429 -0.1405607909 0.9871588349 0.0758956075 0.9018949866 0.0960414484 0.4211430252
70.2 -151.8 2493.9 -0.6989867091 0.2071027905 -0.6844896078 0.6777726412 0.4971792996 -0.5416982770 0.2281268388 -0.8425682187 -0.4878903329
224.2 -301.1 2443.6 -0.9314203262 0.2071027905 0.2992734909 -0.1632548273 0.4971792996 -0.8521505594 -0.3252753615 -0.8425682187 -0.4292723835
181.6 -190.1 2739.8 0.7742446661 0.4300369918 -0.4643418789 -0.5274909735 0.8438899517 -0.0979949757 0.3497119844 0.3208082318 0.8802179098
383.3 -327.5 2830.9 0.1929165572 0.4300369918 0.8819588423 0.2612413168 0.8438899517 -0.4686178565 -0.9457992315 0.3208082318 0.0504569225
44.4 -540.5 2505.5 0.7949608564 -0.6053634882 0.0396521017 0.0387178995 -0.0146010211 -0.9991434813 0.6054239273 0.7958152294 0.0118311597
252.3 -535.5 2232.3 0.7949608564 -0.0772493556 -0.6017223001 0.0387178995 0.9962980747 -0.0767532960 0.6054239273 0.0377184451 0.7950088978
109.3 -562.3 2670.7 0.3709658086 -0.8574641347 -0.3565664589 -0.1052737013 0.3426583111 -0.9335430861 0.9226601720 0.3838496506 0.0368460938
442.0 -695.3 2521.8 0.3709658086 -0.5502376556 -0.7480794787 -0.1052737013 0.7754485607 -0.6225728393 0.9226601720 0.3097063303 0.2297393531
470.1 -258.0 2529.5 0 0 0 0 0 0 0 0 0
432.2 -261.3 2591.3 0 0 0 0 0 0 0 0 0
271.9 -789.2 2222.7 0 0 0 0 0 0 0 0 0
588.6 -901.9 2439.3 0 0 0 0 0 0 0 0 0
150.4 24.4 2635.9 11 0.4160383940 0.1138703004 -0.9021893144 -0.1352105439 0.9888464808 0.0624563694 0.8992386460 0.0960012600 0.4267945588
127.9 -170.8 2617.0 0.4160383940 0.1138703004 -0.9021893144 -0.1352105439 0.9888464808 0.0624563694 0.8992386460 0.0960012600 0.4267945588
105.0 -362.7 2599.4 0.4164073467 0.1177260652 -0.9015240073 -0.1320598125 0.9888970256 0.0681382641 0.8995360732 0.0906818137 0.4273308814
71.1 -152.8 2494.2 -0.7050362825 0.2019012272 -0.6798233390 0.6732630730 0.4917312860 -0.5521931052 0.2228019238 -0.8470160961 -0.4826210439
229.5 -304.0 2444.2 -0.9354438186 0.2019012272 0.2901391983 -0.1593775004 0.4917312860 -0.8560369015 -0.3155054152 -0.8470160961 -0.4278084934
184.7 -188.8 2739.7 0.7824585438 0.4231891930 -0.4568035901 -0.5174162388 0.8500086069 -0.0988221318 0.3464665413 0.3136818111 0.8840614557
388.8 -323.7 2830.1 0.1832732111 0.4231891930 0.8873115778 0.2587460876 0.8500086069 -0.4588418305 -0.9483993649 0.3136818111 0.0462852679
39.8 -541.6 2498.9 0.7821451426 -0.6214680672 0.0450156890 0.0420502573 -0.0194345564 -0.9989264607 0.6216757894 0.7831984162 0.0109322490
252.6 -534.9 2230.7 0.7821451426 -0.0767149478 -0.6183556914 0.0420502573 0.9966281652 -0.0704560056 0.6216757894 0.0291048046 0.7827337980
112.7 -566.6 2660.2 0.3636482358 -0.8580912352 -0.3625457287 -0.0910320729 0.3545935750 -0.9305785894 0.9270777106 0.3714065552 0.0508334972
445.7 -704.2 2516.0 0.3670564592 -0.5603793859 -0.7424584031 -0.0957148895 0.7711819410 -0.6293783188 0.9252611399 0.3020817041 0.2294306755
476.9 -261.9 2527.6 0 0 0 0 0 0 0 0 0
435.2 -258.1 2589.6 0 0 0 0 0 0 0 0 0
272.3 -790.6 2223.2 0 0 0 0 0 0 0 0 0
589.2 -901.6 2438.7 0 0 0 0 0 0 0 0 0
152.6 27.4 2635.9 12 0.4313425422 0.1203520671 -0.8941246867 -0.1376360953 0.9882397652 0.0666220188 0.8916276693 0.0943269208 0.4428346455
128.9 -167.3 2617.4 0.4313425422 0.1203520671 -0.8941246867 -0.1376360953 0.9882397652 0.0666220188 0.8916276693 0.0943269208 0.4428346455
105.4 -359.3 2600.5 0.4321536124 0.1207041144 -0.8936855197 -0.1309838146 0.9888942242 0.0702243373 0.8922367692 0.0867106318 0.4431644976
69.9 -149.5 2495.5 -0.6941294670 0.2066572458 -0.6895484924 0.6877201796 0.4733687341 -0.5504207015 0.2126622647 -0.8562796116 -0.4707015455
230.0 -308.1 2446.5 -0.9421123862 0.2066572458 0.2640399337 -0.1399047375 0.4733687341 -0.8696830869 -0.3047145605 -0.8562796116 -0.4170542061
187.9 -185.2 2739.2 0.7877741456 0.4298973978 -0.4411350489 -0.5178842545 0.8499910831 -0.0964938998 0.3334783912 0.3044722974 0.8922380805
393.4 -320.3 2826.2 0.1667074263 0.4298973978 0.8873538375 0.2566993237 0.8499910831 -0.4600223899 -0.9520053267 0.3044722974 0.0313454457
44.9 -542.8 2501.2 0.7928353548 -0.6078398228 0.0440783240 0.0415351205 -0.0182653628 -0.9989700913 0.6080188751 0.7938495874 0.0107652750
251.7 -536.6 2231.1 0.7928353548 -0.0812680200 -0.6039930582 0.0415351205 0.9959701300 -0.0794876814 0.6080188751 0.0379337147 0.7930158377
119.4 -566.4 2662.2 0.3668428659 -0.8508087397 -0.3762322962 -0.0842148960 0.3723954558 -0.9242453575 0.9264632463 0.3707371950 0.0649598539
449.6 -710.9 2518.4 0.3786858916 -0.5585942864 -0.7379494309 -0.1004009545 0.7678316832 -0.6327354908 0.9200633764 0.3136988282 0.2346836179
478.1 -271.3 2526.7 0 0 0 0 0 0 0 0 0
435.7 -255.2 2584.7 0 0 0 0 0 0 0 0 0
272.0 -785.2 2221.7 0 0 0 0 0 0 0 0 0
589.4 -903.2 2439.8 0 0 0 0 0 0 0 0 0
150.7 28.4 2638.0 13 0.4277499020 0.1175755039 -0.8962176442 -0.1437695324 0.9877316952 0.0609624796 0.8923902512 0.1027720869 0.4394059181
127.6 -166.2 2617.7 0.4277499020 0.1175755039 -0.8962176442 -0.1437695324 0.9877316952 0.0609624796 0.8923902512 0.1027720869 0.4394059181
104.0 -357.9 2599.1 0.4282779694 0.1216141060 -0.8954261541 -0.1394076943 0.9879317880 0.0674999207 0.8928288817 0.0959205702 0.4400633872
69.1 -147.1 2495.8 -0.6987328529 0.2252647281 -0.6789906025 0.6862028837 0.4793581367 -0.5471209884 0.2022325993 -0.8482167125 -0.4895205498
233.3 -308.4 2448.3 -0.9403763413 0.2252647281 0.2548492253 -0.1207505986 0.4793581367 -0.8692727089 -0.3179805279 -0.8482167125 -0.4235761762
186.1 -185.2 2739.6 0.7857609391 0.4296683967 -0.4449323714 -0.5217710733 0.8467523456 -0.1037563682 0.3321667016 0.3136805296 0.8895334601
391.1 -321.4 2826.3 0.1709966958 0.4296683967 0.8866482973 0.2647973597 0.8467523456 -0.4614030421 -0.9490218759 0.3136805296 0.0310167912
43.3 -539.5 2503.8 0.7920116782 -0.6092191935 0.0396166183 0.0426704809 -0.0094928565 -0.9990441203 0.6090129018 0.7929450870 0.0184772220
252.3 -536.2 2231.7 0.7920116782 -0.0802975297 -0.6052022576 0.0426704809 0.9961692095 -0.0763288736 0.6090129018 0.0346290916 0.7924039960
120.7 -562.9 2663.6 0.3642622828 -0.8447438478 -0.3920724094 -0.0934690014 0.3857094049 -0.9178735018 0.9265940785 0.3709933162 0.0615420230
448.5 -712.6 2519.6 0.3695071042 -0.5643221140 -0.7382445931 -0.1005665511 0.7655183077 -0.6355061531 0.9237698913 0.3090667427 0.2261125296
480.4 -276.6 2531.8 0 0 0 0 0 0 0 0 0
434.5 -254.2 2585.5 0 0 0 0 0 0 0 0 0
272.8 -789.5 2222.9 0 0 0 0 0 0 0 0 0
589.5 -903.9 2442.4 0 0 0 0 0 0 0 0 0
154.1 32.2 2637.0 14 0.4336487651 0.1363331527 -0.8907086849 -0.1475981623 0.9858840108 0.0790414512 0.8889114261 0.0971907377 0.4476498961
127.1 -163.1 2617.7 0.4336487651 0.1363331527 -0.8907086849 -0.1475981623 0.9858840108 0.0790414512 0.8889114261 0.0971907377 0.4476498961
101.4 -354.6 2599.6 0.4343319237 0.1322950870 -0.8909847140 -0.1425814331 0.9867823124 0.0770145357 0.8893966079 0.0935880095 0.4474538863
67.8 -143.6 2496.2 -0.6918584704 0.2150288224 -0.6892709136 0.6946774721 0.4585154951 -0.5542442799 0.1968629062 -0.8622796535 -0.4666035175
232.8 -309.3 2449.3 -0.9470325708 0.2150288224 0.2385202944 -0.1177435815 0.4585154951 -0.8808518648 -0.2987737954 -0.8622796535 -0.4089108407
186.4 -182.6 2739.2 0.7832475305 0.4407153428 -0.4385125637 -0.5291863084 0.8428084254 -0.0981620252 0.3263205886 0.3089400232 0.8933481574
390.8 -320.7 2824.4 0.1656517535 0.4407153428 0.8822298646 0.2618944049 0.8428084254 -0.4701970518 -0.9507737756 0.3089400232 0.0241918173
42.0 -537.2 2500.5 0.7866063118 -0.6165769696 0.0329150669 0.0367786363 -0.0064254897 -0.9993028045 0.6163585782 0.7872684598 0.0176225286
253.2 -535.0 2230.8 0.7866063118 -0.0738108233 -0.6130273342 0.0367786363 0.9966674447 -0.0728100315 0.6163585782 0.0347265191 0.7866995931
118.7 -562.2 2660.4 0.3663086891 -0.8451868296 -0.3892006576 -0.0937652960 0.3826157153 -0.9191372395 0.9257569909 0.3731814921 0.0609062687
446.8 -710.7 2515.6 0.3615558147 -0.5669430494 -0.7401708961 -0.0872975141 0.7698033452 -0.6322831511 0.9282545447 0.2932207286 0.2288341671
480.6 -278.5 2527.4 0 0 0 0 0 0 0 0 0
432.9 -254.2 2583.1 0 0 0 0 0 0 0 0 0
272.0 -788.0 2222.0 0 0 0 0 0 0 0 0 0
589.5 -904.5 2441.8 0 0 0 0 0 0 0 0 0
154.0 27.7 2637.5 15 0.3659854531 0.1413038671 -0.9198303223 -0.1299499273 0.9864813089 0.0998378173 0.9215029478 0.0829926953 0.3794002533
126.1 -167.0 2621.1 0.3659854531 0.1413038671 -0.9198303223 -0.1299499273 0.9864813089 0.0998378173 0.9215029478 0.0829926953 0.3794002533
99.2 -358.6 2605.5 0.3665469587 0.1382337660 -0.9200732112 -0.1259855628 0.9871674180 0.0981228873 0.9218302369 0.0799492970 0.3792586625
76.2 -149.9 2495.5 -0.7036634088 0.2175936103 -0.6763954759 0.6820130348 0.4738419950 -0.5570744872 0.1992887408 -0.8533034325 -0.4818269610
234.8 -303.7 2450.6 -0.9427716136 0.2175936103 0.2526554167 -0.1242711321 0.4738419950 -0.8717972636 -0.3094162643 -0.8533034325 -0.4196841717
176.0 -184.1 2746.6 0.7500646114 0.4285425842 -0.5037403703 -0.5306182504 0.8445830345 -0.0715808347 0.3947751224 0.3209840655 0.8608843088
371.3 -322.2 2849.4 0.2379791737 0.4285425842 0.8716175556 0.2372033000 0.8445830345 -0.4800147116 -0.9418601394 0.3209840655 0.0993414447
36.8 -533.4 2501.7 0.7842543125 -0.6196770072 0.0307510383 0.0460925885 0.0087644653 -0.9988987446 0.6187250018 0.7848080397 0.0354360864
250.0 -536.4 2231.7 0.7842543125 -0.0863639414 -0.6143992543 0.0460925885 0.9956381321 -0.0811181366 0.6187250018 0.0352979973 0.7848142385
114.6 -558.9 2661.1 0.3505232036 -0.8500291705 -0.3931716084 -0.1001402810 0.3833831549 -0.9181444645 0.9311849475 0.3612032831 0.0492625386
444.6 -707.8 2520.8 0.3584535718 -0.5619232059 -0.7454886436 -0.1109311506 0.7672583461 -0.6316714883 0.9269332886 0.3091228306 0.2126917094
481.0 -271.3 2531.4 0 0 0 0 0 0 0 0 0
431.5 -262.2 2611.0 0 0 0 0 0 0 0 0 0
271.8 -787.7 2222.8 0 0 0 0 0 0 0 0 0
588.3 -903.9 2441.8 0 0 0 0 0 0 0 0 0
152.8 28.6 2636.7 16 0.4292475879 0.1402646303 -0.8922288418 -0.1433376968 0.9859271049 0.0860354751 0.8917403221 0.0909595117 0.4433120191
125.2 -165.8 2618.8 0.4292475879 0.1402646303 -0.8922288418 -0.1433376968 0.9859271049 0.0860354751 0.8917403221 0.0909595117 0.4433120191
97.9 -357.3 2602.5 0.4301900864 0.1398900449 -0.8918336630 -0.1367014796 0.9866225123 0.0888181850 0.8923279643 0.0837062746 0.4435584247
66.6 -147.2 2497.4 -0.7147027254 0.2047065794 -0.6688013673 0.6740369201 0.4568904340 -0.5804526806 0.1867464483 -0.8656479120 -0.4645206332
236.3 -307.3 2453.0 -0.9497554898 0.2047065794 0.2367693931 -0.1212089881 0.4568904340 -0.8812261224 -0.2885704637 -0.8656479120 -0.4091219008
183.7 -184.4 2740.2 0.7773874402 0.4471258819 -0.4424332976 -0.5328933597 0.8418459296 -0.0855574235 0.3342057467 0.3022810221 0.8927108645
385.9 -323.0 2827.1 0.1709918231 0.4471258819 0.8779750466 0.2512653470 0.8418459296 -0.4776621461 -0.9526948929 0.3022810221 0.0316015370
39.5 -539.0 2507.6 0.7922114134 -0.6089954376 0.0390592217 0.0419956595 -0.0094476482 -0.9990731478 0.6087999940 0.7931174636 0.0180906318
253.7 -535.6 2228.6 0.7922114134 -0.0707600564 -0.6061304212 0.0419956595 0.9972214699 -0.0615280196 0.6087999940 0.0232883543 0.7929818630
105.0 -561.4 2672.3 0.3742215633 -0.8556407690 -0.3575431108 -0.0936011374 0.3487372696 -0.9325348139 0.9226034284 0.3824410737 0.0504160561
436.9 -696.7 2524.0 0.3733735383 -0.5645113587 -0.7361515760 -0.0924485251 0.7669470310 -0.6350161433 0.9230630994 0.3051543534 0.2341694981
482.1 -275.9 2527.7 0 0 0 0 0 0 0 0 0
429.2 -259.4 2586.2 0 0 0 0 0 0 0 0 0
271.7 -789.5 2222.7 0 0 0 0 0 0 0 0 0
589.5 -904.0 2441.5 0 0 0 0 0 0 0 0 0
156.7 23.9 2638.3 17 0.3949448466 0.1689292789 -0.9030401111 -0.1590994298 0.9806737900 0.1138698086 0.9048237205 0.0987008736 0.4141885936
123.3 -170.0 2618.8 0.3949448466 0.1689292789 -0.9030401111 -0.1590994298 0.9806737900 0.1138698086 0.9048237205 0.0987008736 0.4141885936
91.9 -360.7 2600.9 0.3964710832 0.1615551263 -0.9037204385 -0.1500327885 0.9825618863 0.1098284870 0.9057046175 0.0920438766 0.4137959480
69.3 -149.6 2495.4 -0.7093284130 0.2297536135 -0.6663830876 0.6752979755 0.4924979210 -0.5490158796 0.2020539045 -0.8394397497 -0.5044949055
231.6 -304.2 2449.2 -0.9344225526 0.2297536135 0.2721538842 -0.1295631230 0.4924979210 -0.8606156111 -0.3317647576 -0.8394397497 -0.4304335713
177.3 -190.4 2742.2 0.7523992658 0.4575763643 -0.4738345444 -0.5528827310 0.8297248483 -0.0766640827 0.3580726385 0.3196569383 0.8772704601
373.2 -334.4 2835.5 0.2091076821 0.4575763643 0.8642325401 0.2490028292 0.8297248483 -0.4995540679 -0.9456593394 0.3196569383 0.0595640317
32.3 -536.6 2506.7 0.7816172838 -0.6228954196 0.0327976048 0.0387219451 -0.0040247543 -0.9992419481 0.6225552559 0.7822947502 0.0209739041
256.8 -535.2 2224.7 0.7816172838 -0.0574602485 -0.6211060286 0.0387219451 0.9982972145 -0.0436264724 0.6225552559 0.0100487722 0.7825113535
109.1 -561.0 2665.9 0.3559566736 -0.8552743793 -0.3765642345 -0.1121668071 0.3609410822 -0.9258186221 0.9277464151 0.3717893362 0.0325459950
441.0 -701.0 2521.6 0.3543180525 -0.5663478374 -0.7441161275 -0.1099519283 0.7649887800 -0.6345886588 0.9286383986 0.3066632450 0.2087783068
472.2 -270.8 2534.6 0 0 0 0 0 0 0 0 0
426.1 -271.3 2596.1 0 0 0 0 0 0 0 0 0
271.2 -785.0 2222.2 0 0 0 0 0 0 0 0 0
590.2 -902.6 2440.8 0 0 0 0 0 0 0 0 0
154.2 27.8 2638.2 18 0.3850277364 0.1643299609 -0.9081571102 -0.1575440168 0.9812799096 0.1107681468 0.9093588591 0.1004259065 0.4037092030
121.7 -166.0 2618.3 0.3850277364 0.1643299609 -0.9081571102 -0.1575440168 0.9812799096 0.1107681468 0.9093588591 0.1004259065 0.4037092030
89.6 -356.5 2600.3 0.3861474097 0.1655001640 -0.9074689150 -0.1508798897 0.9818561673 0.1148639619 0.9100139737 0.0925643891 0.4041118622
69.1 -145.4 2494.2 -0.7236031890 0.2260405272 -0.6521534324 0.6634238362 0.4884731770 -0.5668004751 0.1904395819 -0.8427927494 -0.5034214258
236.7 -299.1 2450.0 -0.9271517992 0.2260405272 0.2988231182 -0.1575233042 0.4884731770 -0.8582426310 -0.3399646878 -0.8427927494 -0.4172821343
174.4 -186.5 2742.5 0.7459672689 0.4580131769 -0.4834840000 -0.5558680892 0.8280384541 -0.0732327551 0.3668017685 0.3233825564 0.8722844720
368.9 -331.4 2838.1 0.2202730328 0.4580131769 0.8612222075 0.2467214018 0.8280384541 -0.5034688711 -0.9437204599 0.3233825564 0.0693928897
25.1 -538.0 2502.0 0.7681140900 -0.6393623352 0.0348789394 0.0418366864 -0.0042428859 -0.9991154671 0.6389448047 0.7688938975 0.0234897807
252.9 -536.5 2228.1 0.7681140900 -0.0723104551 -0.6362169385 0.0418366864 0.9971474409 -0.0628226548 0.6389448047 0.0216377620 0.7689481974
96.0 -564.7 2663.9 0.3417485058 -0.8755810261 -0.3414174020 -0.1166112721 0.3209755123 -0.9398811460 0.9325286746 0.3610160947 0.0075902883
435.5 -689.2 2523.9 0.3417485058 -0.5558459759 -0.7577883601 -0.1166112721 0.7750247121 -0.6210785508 0.9325286746 0.3006193340 0.2000456303
473.6 -258.9 2536.9 0 0 0 0 0 0 0 0 0
424.7 -268.9 2598.9 0 0 0 0 0 0 0 0 0
270.8 -783.7 2222.8 0 0 0 0 0 0 0 0 0
589.5 -903.9 2440.6 0 0 0 0 0 0 0 0 0
153.9 30.7 2637.6 19 0.3365175724 0.1705039740 -0.9261124730 -0.1434316188 0.9812768698 0.1285419911 0.9306896925 0.0895771757 0.3546725810
120.3 -162.6 2619.9 0.3365175724 0.1705039740 -0.9261124730 -0.1434316188 0.9812768698 0.1285419911 0.9306896925 0.0895771757 0.3546725810
86.5 -353.1 2603.8 0.3374458551 0.1739261895 -0.9251378179 -0.1381423175 0.9812925458 0.1340956092 0.9311535954 0.0825506672 0.3551596701
74.3 -143.8 2493.0 -0.7073335052 0.2154769897 -0.6732376814 0.6818382144 0.4592330754 -0.5693870783 0.1864832044 -0.8617857099 -0.4717513919
238.3 -301.9 2449.7 -0.9228594303 0.2154769897 0.3192180395 -0.1927250624 0.4592330754 -0.8671574593 -0.3334479630 -0.8617857099 -0.3822797537
166.3 -181.4 2746.9 0.7187509537 0.4522270858 -0.5280982256 -0.5580902100 0.8282536268 -0.0503109694 0.4146473110 0.3308875263 0.8476915956
353.5 -326.8 2854.9 0.2711945772 0.4522270858 0.8496729732 0.2257322371 0.8282536268 -0.5128750801 -0.9356807470 0.3308875263 0.1225356683
23.0 -533.6 2500.9 0.7610988617 -0.6483178139 0.0203101449 0.0366537720 0.0117258001 -0.9992592335 0.6475993991 0.7612795234 0.0326877870
253.8 -537.8 2229.8 0.7610988617 -0.0702181011 -0.6448239684 0.0366537720 0.9971905947 -0.0653258637 0.6475993991 0.0260842107 0.7615343928
92.0 -560.6 2663.7 0.3413650095 -0.8775566816 -0.3366959989 -0.1181895062 0.3152946830 -0.9416052699 0.9324704409 0.3612250388 0.0039125867
432.5 -682.9 2523.6 0.3413650095 -0.5515162349 -0.7611174583 -0.1181895062 0.7781455517 -0.6168636084 0.9324704409 0.3005317450 0.2004482448
473.1 -252.9 2534.6 0 0 0 0 0 0 0 0 0
422.2 -269.6 2617.9 0 0 0 0 0 0 0 0 0
271.4 -787.6 2223.2 0 0 0 0 0 0 0 0 0
587.7 -901.9 2439.0 0 0 0 0 0 0 0 0 0
154.4 33.9 2637.3 20 0.3402239978 0.1534443945 -0.9277405143 -0.1188558564 0.9857010245 0.1194436252 0.9328027368 0.0696298033 0.3535968959
124.1 -160.7 2623.5 0.3402239978 0.1534443945 -0.9277405143 -0.1188558564 0.9857010245 0.1194436252 0.9328027368 0.0696298033 0.3535968959
94.5 -352.1 2611.7 0.3415209353 0.1526148915 -0.9274007678 -0.1104990095 0.9864053130 0.1216328740 0.9333559871 0.0609366894 0.3537418544
77.6 -145.7 2496.2 -0.7209241986 0.2380970269 -0.6508287787 0.6691862345 0.4833128750 -0.5644452572 0.1801611930 -0.8424479365 -0.5077632070
246.1 -302.2 2454.0 -0.9182887077 0.2380970269 0.3163157403 -0.1704711616 0.4833128750 -0.8586898446 -0.3573309779 -0.8424479365 -0.4032320678
170.7 -175.8 2750.9 0.7314335108 0.4342829585 -0.5257406831 -0.5329461098 0.8450341225 -0.0434258170 0.4254097342 0.3119545579 0.8495357037
361.3 -314.7 2861.7 0.2651972473 0.4342829585 0.8608534932 0.2110234201 0.8450341225 -0.4913109541 -0.9408185482 0.3119545579 0.1324568391
22.5 -531.2 2504.5 0.7659401894 -0.6425786018 0.0206973460 0.0360902399 0.0108318580 -0.9992898107 0.6418980360 0.7661432028 0.0314873718
254.6 -535.1 2227.8 0.7659401894 -0.0626015216 -0.6398567557 0.0360902399 0.9978653789 -0.0544261299 0.6418980360 0.0185945760 0.7665644884
82.8 -555.8 2671.0 0.3510299623 -0.8827245235 -0.3123706281 -0.1117239967 0.2917318642 -0.9499527812 0.9296750426 0.3683611751 0.0037851208
425.3 -669.0 2528.1 0.3510299623 -0.5473228693 -0.7597470880 -0.1117239967 0.7811017036 -0.6143271923 0.9296750426 0.3005292416 0.2130410075
479.3 -258.9 2544.8 0 0 0 0 0 0 0 0 0
428.6 -261.2 2623.2 0 0 0 0 0 0 0 0 0
270.4 -786.8 2223.1 0 0 0 0 0 0 0 0 0
587.5 -900.5 2439.0 0 0 0 0 0 0 0 0 0
152.2 35.0 2638.1 21 0.3734555542 0.1504425406 -0.9153676629 -0.1289473325 0.9856009483 0.1093770489 0.9186422229 0.0771867484 0.3874773085
122.5 -159.3 2622.9 0.3734555542 0.1504425406 -0.9153676629 -0.1289473325 0.9856009483 0.1093770489 0.9186422229 0.0771867484 0.3874773085
93.0 -350.7 2609.5 0.3744902313 0.1520748138 -0.9146749973 -0.1222040951 0.9859487414 0.1138915271 0.9191426635 0.0691257641 0.3878123462
71.4 -142.7 2497.5 -0.7090440989 0.2252547294 -0.6682190895 0.6794951558 0.4715955555 -0.5620355606 0.1885280013 -0.8525596261 -0.4874415398
242.1 -306.3 2452.1 -0.9191952944 0.2252547294 0.3230175078 -0.1872472465 0.4715955555 -0.8617053628 -0.3464368284 -0.8525596261 -0.3913100958
173.6 -176.0 2748.3 0.7473303676 0.4427648485 -0.4954358041 -0.5364805460 0.8420019746 -0.0567567311 0.3920280337 0.3082076907 0.8667883277
368.4 -315.8 2850.5 0.2312295735 0.4427648485 0.8663095236 0.2248855382 0.8420019746 -0.4903663695 -0.9465513229 0.3082076907 0.0951243490
34.3 -533.6 2516.3 0.7952705026 -0.6055367589 0.0294977482 0.0429025404 0.0076781563 -0.9990497828 0.6047348380 0.7957803011 0.0320852734
250.8 -536.4 2231.8 0.7952705026 -0.0785683095 -0.6011421680 0.0429025404 0.9963743687 -0.0734673664 0.6047348380 0.0326359011 0.7957579494
95.4 -553.3 2683.3 0.3914462626 -0.8626939058 -0.3202015162 -0.0887844935 0.3109377623 -0.9462742805 0.9159078002 0.3988444805 0.0451215804
429.9 -673.9 2528.6 0.3914462626 -0.5409328938 -0.7444202304 -0.0887844935 0.7829996943 -0.6156531572 0.9159078002 0.3070881069 0.2584758699
474.6 -258.9 2539.7 0 0 0 0 0 0 0 0 0
427.0 -258.8 2610.5 0 0 0 0 0 0 0 0 0
270.6 -787.4 2223.6 0 0 0 0 0 0 0 0 0
586.8 -901.0 2439.6 0 0 0 0 0 0 0 0 0
150.6 35.3 2637.5 22 0.3902111650 0.1346432716 -0.9108273387 -0.1342720538 0.9869955182 0.0883788392 0.9108821154 0.0878122449 0.4032154977
124.0 -159.7 2620.2 0.3902111650 0.1346432716 -0.9108273387 -0.1342720538 0.9869955182 0.0883788392 0.9108821154 0.0878122449 0.4032154977
98.3 -351.4 2604.8 0.3913834393 0.1322538108 -0.9106744528 -0.1255972236 0.9880350232 0.0895102918 0.9116163254 0.0793453306 0.4033112526
70.5 -142.6 2495.8 -0.7089484334 0.2050380260 -0.6747974157 0.6829060316 0.4385650158 -0.5842089057 0.1761574745 -0.8749971986 -0.4509416819
240.6 -306.4 2453.5 -0.9293169379 0.2050380260 0.3071309030 -0.1932985634 0.4385650158 -0.8776653409 -0.3146516383 -0.8749971986 -0.3679323494
177.4 -176.8 2744.6 0.7646532059 0.4295485914 -0.4804096818 -0.5250315666 0.8475108743 -0.0778918341 0.3736940920 0.3117904961 0.8735784888
376.8 -313.7 2842.1 0.2113319039 0.4295485914 0.8779674768 0.2413366288 0.8475108743 -0.4727387428 -0.9471512437 0.3117904961 0.0754402727
29.9 -531.1 2513.8 0.7852148414 -0.6186761856 0.0260272864 0.0415402688 0.0106917052 -0.9990796447 0.6178284883 0.7855733633 0.0340952575
251.1 -534.9 2233.0 0.7852148414 -0.0831084922 -0.6136208773 0.0415402688 0.9957898855 -0.0817126036 0.6178284883 0.0386719704 0.7853613496
96.9 -552.9 2678.3 0.3679502904 -0.8626964092 -0.3469401300 -0.1141046807 0.3284041286 -0.9376198053 0.9228178263 0.3845849633 0.0223986916
431.6 -680.3 2529.1 0.3679502904 -0.5447676182 -0.7535521388 -0.1141046807 0.7778273821 -0.6180329323 0.9228178263 0.3133892119 0.2240412682
475.8 -257.5 2533.1 0 0 0 0 0 0 0 0 0
430.4 -252.5 2601.9 0 0 0 0 0 0 0 0 0
272.4 -790.2 2223.1 0 0 0 0 0 0 0 0 0
586.5 -901.5 2440.0 0 0 0 0 0 0 0 0 0
157.5 31.6 2639.3 23 0.4120261669 0.1611678302 -0.8968051076 -0.1634947807 0.9813354611 0.1012433693 0.8963837624 0.1049080342 0.4306859672
125.9 -160.7 2618.7 0.4120261669 0.1611678302 -0.8968051076 -0.1634947807 0.9813354611 0.1012433693 0.8963837624 0.1049080342 0.4306859672
96.7 -351.6 2599.9 0.4139088392 0.1502458751 -0.8978338838 -0.1516139060 0.9838879108 0.0947511271 0.8976038694 0.0969057679 0.4300192595
69.4 -140.1 2496.2 -0.7470231056 0.2300834060 -0.6237131953 0.6428740025 0.4889694154 -0.5895946622 0.1693207324 -0.8414098620 -0.5131860971
254.5 -299.3 2454.2 -0.9254844785 0.2300834060 0.3008987606 -0.1573906988 0.4889694154 -0.8579843044 -0.3445382416 -0.8414098620 -0.4163206518
182.4 -181.4 2741.2 0.7659200430 0.4513085783 -0.4579159617 -0.5449524522 0.8336341381 -0.0898937806 0.3411645591 0.3183938861 0.8844388723
382.1 -323.5 2830.1 0.1896376014 0.4513085783 0.8719851971 0.2590515912 0.8336341381 -0.4877974689 -0.9470638037 0.3183938861 0.0411761738
37.5 -531.9 2507.7 0.7893018723 -0.6132530570 0.0303855985 0.0412979610 0.0036478948 -0.9991402030 0.6126149297 0.7898780704 0.0282053892
251.6 -533.2 2232.0 0.7893018723 -0.0785936490 -0.6089544892 0.0412979610 0.9963234663 -0.0750600174 0.6126149297 0.0340964347 0.7896457314
107.6 -554.3 2670.9 0.3778988719 -0.8539779782 -0.3576506972 -0.0864191949 0.3520739973 -0.9319740534 0.9218048453 0.3830998242 0.0592482761
438.9 -690.9 2522.3 0.3778988719 -0.5498636961 -0.7448773980 -0.0864191949 0.7800748944 -0.6196893454 0.9218048453 0.2985515893 0.2472706437
491.2 -259.1 2542.4 0 0 0 0 0 0 0 0 0
430.2 -257.8 2589.9 0 0 0 0 0 0 0 0 0
271.8 -789.7 2223.3 0 0 0 0 0 0 0 0 0
587.9 -902.2 2441.4 0 0 0 0 0 0 0 0 0
154.2 30.8 2638.6 24 0.4236087501 0.1490621716 -0.8934965730 -0.1506240219 0.9842270613 0.0927875564 0.8932346106 0.0952764153 0.4393795431
124.8 -162.8 2619.9 0.4236087501 0.1490621716 -0.8934965730 -0.1506240219 0.9842270613 0.0927875564 0.8932346106 0.0952764153 0.4393795431
96.8 -354.0 2602.2 0.4244452417 0.1442339122 -0.8938919306 -0.1450067461 0.9853168130 0.0901324525 0.8937668800 0.0913640633 0.4391279221
66.9 -143.0 2497.8 -0.7613077164 0.2256964445 -0.6078417897 0.6231729984 0.5135989189 -0.5898063779 0.1790696979 -0.8278147578 -0.5316547751
255.1 -297.0 2453.6 -0.9322879314 0.2256964445 0.2826665640 -0.1326859742 0.5135989189 -0.8477090001 -0.3365021348 -0.8278147578 -0.4488753378
182.8 -182.6 2741.9 0.7733784318 0.4487698674 -0.4477626383 -0.5380971432 0.8381294012 -0.0893900320 0.3351674974 0.3100721240 0.8896729946
384.5 -322.9 2829.3 0.1776725948 0.4487698674 0.8758071065 0.2563666701 0.8381294012 -0.4814719558 -0.9501097798 0.3100721240 0.0338629819
30.4 -529.0 2500.8 0.7730383873 -0.6341371536 0.0167829432 0.0407105833 0.0231910925 -0.9989017844 0.6330515742 0.7728726864 0.0437436998
249.8 -537.0 2233.5 0.7730383873 -0.0836754143 -0.6288163662 0.0407105833 0.9957628250 -0.0824565366 0.6330515742 0.0381425880 0.7731693983
104.5 -556.1 2661.5 0.3217941225 -0.8641335368 -0.3869390190 -0.1439598650 0.3592695594 -0.9220634103 0.9358013272 0.3524182737 -0.0087897154
439.7 -695.4 2524.8 0.3217941225 -0.5537393689 -0.7679982185 -0.1439598650 0.7730967999 -0.6177352667 0.9358013272 0.3093445003 0.1690617651
496.0 -262.7 2540.5 0 0 0 0 0 0 0 0 0
429.6 -257.9 2588.3 0 0 0 0 0 0 0 0 0
271.1 -790.9 2223.8 0 0 0 0 0 0 0 0 0
587.9 -902.3 2442.0 0 0 0 0 0 0 0 0 0
154.1 32.1 2638.8 25 0.3902331889 0.1410654783 -0.9098453522 -0.1528763622 0.9844033718 0.0870564431 0.9079355001 0.1051215306 0.4057124257
126.3 -161.8 2618.1 0.3902331889 0.1410654783 -0.9098453522 -0.1528763622 0.9844033718 0.0870564431 0.9079355001 0.1051215306 0.4057124257
100.6 -353.3 2598.9 0.3914850950 0.1322607547 -0.9106297493 -0.1438501477 0.9862458706 0.0814012960 0.9088710546 0.0991268307 0.4051263034
72.9 -142.2 2494.0 -0.7563074231 0.2429053038 -0.6074504852 0.6330475807 0.5060124993 -0.5858345032 0.1650752425 -0.8276160359 -0.5364716649
257.6 -296.8 2453.7 -0.9311569929 0.2429053038 0.2719258666 -0.1175336391 0.5060124993 -0.8544806242 -0.3451557755 -0.8276160359 -0.4426275492
179.7 -181.5 2742.1 0.7644736767 0.4297393858 -0.4805248082 -0.5327509642 0.8408582807 -0.0955708250 0.3629827201 0.3290614188 0.8717580438
379.1 -320.5 2836.8 0.2112735063 0.4297393858 0.8778881431 0.2606760561 0.8408582807 -0.4743472934 -0.9420252442 0.3290614188 0.0656283051
30.8 -532.2 2504.4 0.7772436738 -0.6287729144 0.0231717825 0.0401603878 0.0128237493 -0.9991109371 0.6279167533 0.7774832249 0.0352189429
251.2 -536.7 2231.9 0.7772436738 -0.0766188726 -0.6245172620 0.0401603878 0.9965752959 -0.0722831413 0.6279167533 0.0311007556 0.7776588798
106.8 -558.2 2664.5 0.3410220444 -0.8596633077 -0.3803721964 -0.1268257052 0.3588543534 -0.9247371554 0.9314607978 0.3635967374 0.0133498535
440.4 -697.4 2523.4 0.3410220444 -0.5524403453 -0.7606008053 -0.1268257052 0.7746673226 -0.6195206046 0.9314607978 0.3077339232 0.1941150129
501.1 -266.0 2544.0 0 0 0 0 0 0 0 0 0
432.7 -254.4 2597.9 0 0 0 0 0 0 0 0 0
270.7 -789.9 2224.0 0 0 0 0 0 0 0 0 0
587.2 -903.4 2441.6 0 0 0 0 0 0 0 0 0
152.7 32.5 2637.9 26 0.3848936856 0.1345462799 -0.9131013751 -0.1455747932 0.9857839346 0.0838929266 0.9114081860 0.1006346866 0.3990085423
126.1 -162.3 2618.0 0.3848936856 0.1345462799 -0.9131013751 -0.1455747932 0.9857839346 0.0838929266 0.9114081860 0.1006346866 0.3990085423
101.8 -353.9 2598.6 0.3854674995 0.1252588034 -0.9141799808 -0.1412173808 0.9870799184 0.0757025331 0.9118511081 0.0999172255 0.3981759548
73.4 -143.0 2493.5 -0.7583658695 0.2442307621 -0.6043447852 0.6297619343 0.5137313008 -0.5826491714 0.1681699455 -0.8224545717 -0.5434035063
258.7 -296.8 2452.4 -0.9206417203 0.2442307621 0.3045819402 -0.1435557306 0.5137313008 -0.8458557129 -0.3630572557 -0.8224545717 -0.4379017055
178.7 -181.6 2742.5 0.7651444674 0.4218004048 -0.4864548743 -0.5276855826 0.8437193632 -0.0984151959 0.3689198196 0.3319970667 0.8681452274
378.4 -319.3 2838.8 0.2167721242 0.4218004048 0.8803943992 0.2617045641 0.8437193632 -0.4686665833 -0.9404895306 0.3319970667 0.0725077465
39.9 -531.8 2498.3 0.7831494808 -0.6213567853 0.0243429951 0.0388605669 0.0098336479 -0.9991962314 0.6206179857 0.7834660411 0.0318474919
255.8 -535.2 2226.2 0.7831494808 -0.0593205392 -0.6189975142 0.0388605669 0.9981625080 -0.0464911461 0.6206179857 0.0123549253 0.7840157151
110.0 -557.6 2661.0 0.3460717797 -0.8539983034 -0.3884857893 -0.1292626858 0.3667224348 -0.9213065505 0.9292607307 0.3690549135 0.0165221654
441.5 -699.9 2517.8 0.3352986872 -0.5587046146 -0.7585670352 -0.1142506301 0.7751206756 -0.6213974357 0.9351586103 0.2950205207 0.1960645914
501.0 -259.0 2547.9 0 0 0 0 0 0 0 0 0
433.4 -252.9 2600.1 0 0 0 0 0 0 0 0 0
270.9 -789.7 2223.0 0 0 0 0 0 0 0 0 0
587.6 -902.7 2440.6 0 0 0 0 0 0 0 0 0
153.7 35.6 2637.4 27 0.3558752537 0.1554974318 -0.9215060472 -0.1329120547 0.9844579101 0.1147909611 0.9250336289 0.0816279948 0.3710117042
123.2 -157.7 2621.4 0.3558752537 0.1554974318 -0.9215060472 -0.1329120547 0.9844579101 0.1147909611 0.9250336289 0.0816279948 0.3710117042
94.2 -348.9 2606.3 0.3568162620 0.1489231288 -0.9222277999 -0.1268218160 0.9857940078 0.1101197079 0.9255260229 0.0776660964 0.3706340492
74.4 -140.4 2495.1 -0.7591324449 0.2631256282 -0.5953846574 0.6286623478 0.5335832834 -0.5657494664 0.1688241065 -0.8037747145 -0.5704775453
262.2 -296.0 2453.3 -0.8943222761 0.2631256282 0.3618737459 -0.1775986999 0.5335832834 -0.8268902898 -0.4106658101 -0.8037747145 -0.4304646552
171.9 -175.0 2747.7 0.7406798601 0.4349468350 -0.5120689869 -0.5370575786 0.8412433267 -0.0622799322 0.4036861658 0.3211400211 0.8566834927
365.1 -315.0 2853.0 0.2488179356 0.4349468350 0.8653963804 0.2304723710 0.8412433267 -0.4890727401 -0.9407295585 0.3211400211 0.1090732068
