-36.8 17.1 2818.5 86 0.2569324076 0.3576437235 -0.8978177309 -0.1624934673 0.9317661524 0.3246655464 0.9526707530 0.0624724217 0.2975156903
-107.3 -166.4 2806.2 0.2569324076 0.3576437235 -0.8978177309 -0.1624934673 0.9317661524 0.3246655464 0.9526707530 0.0624724217 0.2975156903
-180.6 -350.7 2795.2 0.2582658827 0.3690222502 -0.8928164840 -0.1590810567 0.9277991652 0.3374638855 0.9528861046 0.0548747852 0.2983233333
-143.6 -144.0 2672.2 -0.6295816898 0.1200619191 -0.7676014304 0.6310259104 0.6553913355 -0.4150524139 0.4532473683 -0.7456858158 -0.4883845747
8.0 -295.9 2563.1 -0.9571832418 0.1200619191 0.2634111047 -0.1228747442 0.6553913355 -0.7452274561 -0.2621107996 -0.7456858158 -0.6125770211
-70.9 -188.7 2940.2 0.7692305446 0.2051392794 -0.6051464677 -0.6316335201 0.3872379065 -0.6716293097 0.0965581015 0.8988685608 0.4274480939
110.6 -337.7 2962.9 0.9756422639 0.2051392794 0.0777177289 -0.0079806037 0.3872379065 -0.9219452739 -0.2192224562 0.8988685608 0.3794428110
-279.9 -519.0 2701.4 0.8699142337 -0.4816093147 -0.1063093916 -0.1134462655 0.0143757490 -0.9934401512 0.4799782932 0.8762680888 -0.0421311110
-88.7 -524.7 2353.4 0.8699142337 0.1919749379 -0.4543069899 -0.1134462655 0.9743226171 0.1944874525 0.4799782932 -0.1176479682 0.8693559766
-230.3 -549.7 2871.7 0.3243368268 -0.9374794960 0.1262450367 0.0087806704 -0.1304701865 -0.9914133549 0.9459009171 0.3226603568 -0.0340845883
135.7 -498.7 2745.7 0.3243368268 -0.0213677455 -0.9457002878 0.0087806704 0.9997697473 -0.0195780117 0.9459009171 -0.0019540123 0.3244497776
256.8 -264.0 2631.2 0 0 0 0 0 0 0 0 0
364.1 -339.8 2906.0 0 0 0 0 0 0 0 0 0
-162.1 -897.2 2398.4 0 0 0 0 0 0 0 0 0
143.9 -880.7 2746.5 0 0 0 0 0 0 0 0 0
-35.4 17.0 2819.1 87 0.2103880197 0.3860226274 -0.8981778622 -0.1474342793 0.9207616448 0.3611939847 0.9664367437 0.0564313233 0.2506301701
-111.3 -164.2 2808.0 0.2103880197 0.3860226274 -0.8981778622 -0.1474342793 0.9207616448 0.3611939847 0.9664367437 0.0564313233 0.2506301701
-190.9 -346.0 2798.3 0.2120885551 0.4004683495 -0.8914278150 -0.1434648782 0.9150555730 0.3769497871 0.9666624665 0.0479418449 0.2515259683
-141.2 -144.2 2672.2 -0.6246347427 0.1116565987 -0.7728934288 0.6348356605 0.6489737034 -0.4193051457 0.4547693431 -0.7525728941 -0.4762551188
8.7 -296.6 2563.0 -0.9586650133 0.1116565987 0.2617140412 -0.1291014552 0.6489737034 -0.7497772574 -0.2535631061 -0.7525728941 -0.6077333689
-81.5 -184.3 2943.8 0.7405174375 0.1811983138 -0.6471484303 -0.6562688947 0.4023535550 -0.6382967830 0.1447241753 0.8973732591 0.4168646336
93.0 -338.9 2977.9 0.9830588102 0.1811983138 0.0276144464 -0.0484820120 0.4023535550 -0.9141997099 -0.1767622232 0.8973732591 0.4043220580
-277.7 -520.5 2697.0 0.8701049089 -0.4817128181 -0.1042604819 -0.1116443649 0.0134041235 -0.9936578274 0.4800552428 0.8762266040 -0.0421175286
-88.4 -525.8 2352.6 0.8701049089 0.1925783455 -0.4536860883 -0.1116443649 0.9735893607 0.1991463453 0.4800552428 -0.1226267070 0.8686251640
-251.1 -540.8 2877.2 0.2843618095 -0.9544069767 0.0908055156 0.0208569840 -0.0885347351 -0.9958546758 0.9584901333 0.2850769758 -0.0052698469
121.0 -506.3 2766.0 0.2843618095 0.0161456354 -0.9585810900 0.0208569840 0.9995173812 0.0230223332 0.9584901333 -0.0265397821 0.2838878036
257.9 -263.0 2629.0 0 0 0 0 0 0 0 0 0
348.0 -351.5 2932.1 0 0 0 0 0 0 0 0 0
-162.0 -898.0 2399.4 0 0 0 0 0 0 0 0 0
114.9 -887.9 2776.2 0 0 0 0 0 0 0 0 0
-37.1 16.5 2820.0 88 0.1995305121 0.3891852796 -0.8992899060 -0.1385120153 0.9197313190 0.3672992587 0.9700525999 0.0512750559 0.2374213040
-113.9 -165.1 2809.8 0.1995305121 0.3891852796 -0.8992899060 -0.1385120153 0.9197313190 0.3672992587 0.9700525999 0.0512750559 0.2374213040
-193.8 -346.8 2801.0 0.2011182606 0.4019111097 -0.8933190107 -0.1348304152 0.9146309495 0.3811443150 0.9702433944 0.0437914990 0.2381388247
-142.2 -146.2 2673.4 -0.6289106011 0.1024740115 -0.7706947923 0.6282398105 0.6509572268 -0.4261096418 0.4580242038 -0.7521660328 -0.4737721682
8.2 -296.4 2563.8 -0.9578454494 0.1024740115 0.2683862746 -0.1394410729 0.6509572268 -0.7461975813 -0.2511738539 -0.7521660328 -0.6092273593
-85.6 -184.0 2946.3 0.7374544144 0.1724106520 -0.6530203223 -0.6563987136 0.4106673896 -0.6328451633 0.1590649039 0.8953361511 0.4160186350
88.3 -338.7 2983.8 0.9847984910 0.1724106520 0.0211305283 -0.0523647554 0.4106673896 -0.9102802873 -0.1656196415 0.8953361511 0.4134528637
-290.0 -514.7 2700.1 0.8594146371 -0.5002880692 -0.1054433882 -0.1045850068 0.0298547652 -0.9940677285 0.5004682541 0.8653441668 -0.0266650096
-89.1 -526.7 2352.5 0.8594146371 0.1905733943 -0.4744346738 -0.1045850068 0.9738419056 0.2017273754 0.5004682541 -0.1237487122 0.8568651080
-255.3 -540.9 2881.2 0.2739981711 -0.9576368332 0.0886378214 0.0297110174 -0.0836922899 -0.9960486293 0.9612711668 0.2755490243 0.0055208323
118.4 -508.2 2773.7 0.2739981711 0.0183610190 -0.9615549445 0.0297110174 0.9991788864 0.0275457036 0.9612711668 -0.0361162461 0.2732276618
257.2 -260.2 2629.1 0 0 0 0 0 0 0 0 0
344.0 -352.3 2940.8 0 0 0 0 0 0 0 0 0
-161.9 -899.0 2399.8 0 0 0 0 0 0 0 0 0
111.4 -890.0 2787.5 0 0 0 0 0 0 0 0 0
-37.6 16.7 2819.9 89 0.2087448537 0.3949440420 -0.8946757913 -0.1321517229 0.9178299308 0.3743316531 0.9690002799 0.0400931425 0.2437848151
-115.8 -164.8 2811.9 0.2087448537 0.3949440420 -0.8946757913 -0.1321517229 0.9178299308 0.3743316531 0.9690002799 0.0400931425 0.2437848151
-196.6 -346.3 2805.3 0.2102548927 0.4064747691 -0.8891406655 -0.1287019402 0.9130632877 0.3869769871 0.9691381454 0.0330703296 0.2442901284
-145.4 -146.7 2675.6 -0.6299507618 0.1060812250 -0.7693560719 0.6214018464 0.6630637646 -0.4173801243 0.4658559859 -0.7410082221 -0.4836166203
7.2 -297.2 2562.8 -0.9561637640 0.1060812250 0.2729424536 -0.1365338117 0.6630637646 -0.7360060811 -0.2590546906 -0.7410082221 -0.6195139289
-86.2 -182.9 2948.3 0.7360271811 0.1834255010 -0.6516280174 -0.6586182714 0.4165376127 -0.6266724467 0.1564798802 0.8904221058 0.4273903966
87.5 -338.3 2985.2 0.9828074574 0.1834255010 0.0210849158 -0.0582762733 0.4165376127 -0.9072487354 -0.1751952171 0.8904221058 0.4200656414
-292.2 -516.2 2703.3 0.8564692140 -0.5046875477 -0.1084021032 -0.1131450310 0.0213516224 -0.9933490157 0.5036454201 0.8630380034 -0.0388158783
-88.4 -524.9 2354.9 0.8564692140 0.1972583234 -0.4770216942 -0.1131450310 0.9733718038 0.1993629634 0.5036454201 -0.1167756021 0.8559817076
-258.1 -539.5 2887.6 0.2838881910 -0.9551624060 0.0840968862 0.0357094370 -0.0771127418 -0.9963827133 0.9581922293 0.2858643234 0.0122169154
114.8 -509.4 2776.0 0.2838881910 0.0223021191 -0.9585980177 0.0357094370 0.9987900257 0.0338125303 0.9581922293 -0.0438299738 0.2827483118
255.7 -261.7 2630.1 0 0 0 0 0 0 0 0 0
342.9 -353.4 2939.7 0 0 0 0 0 0 0 0 0
-163.8 -897.0 2399.5 0 0 0 0 0 0 0 0 0
106.3 -891.2 2792.7 0 0 0 0 0 0 0 0 0
-39.5 15.7 2830.8 90 0.2685146630 0.3847226799 -0.8831128478 -0.1849240363 0.9203166366 0.3447032571 0.9453586340 0.0707509071 0.3182629943
-115.5 -166.0 2816.9 0.2685146630 0.3847226799 -0.8831128478 -0.1849240363 0.9203166366 0.3447032571 0.9453586340 0.0707509071 0.3182629943
-194.7 -347.8 2804.6 0.2703589499 0.3979195952 -0.8766790032 -0.1805981994 0.9153865576 0.3597940803 0.9456692338 0.0610530972 0.3193465173
-153.4 -140.8 2684.3 -0.6217079759 0.0696480721 -0.7801463604 0.6202424765 0.6520304680 -0.4360682070 0.4783079326 -0.7549870014 -0.4485712349
2.9 -296.7 2564.0 -0.9756609797 0.0696480721 0.2079296708 -0.1132260785 0.6520304680 -0.7496906519 -0.1877910048 -0.7549870014 -0.6282747388
-77.5 -191.2 2949.5 0.7513508201 0.2319311351 -0.6178025007 -0.6557853222 0.3668456972 -0.6598256230 0.0736040846 0.9009063244 0.4277268648
99.2 -345.5 2966.8 0.9710398912 0.2319311351 0.0573539697 -0.0327077955 0.3668456972 -0.9297066331 -0.2366679758 0.9009063244 0.3638077676
-296.6 -516.0 2709.8 0.8560034037 -0.5066535473 -0.1027636975 -0.1083776876 0.0184920356 -0.9939377904 0.5054824352 0.8619514108 -0.0390806943
-86.6 -523.6 2352.6 0.8560034037 0.2010571808 -0.4762711823 -0.1083776876 0.9705936313 0.2149472088 0.5054824352 -0.1323783696 0.8526215553
-249.2 -546.0 2878.9 0.3407865167 -0.9351721406 0.0965276584 -0.0156350676 -0.1082969531 -0.9939956069 0.9400106668 0.3372310698 -0.0515276194
115.2 -503.8 2747.4 0.3407865167 0.0105303125 -0.9400817156 -0.0156350676 0.9998624325 0.0055321185 0.9400106668 0.0128129702 0.3409042656
255.8 -267.4 2612.7 0 0 0 0 0 0 0 0 0
351.0 -353.9 2905.4 0 0 0 0 0 0 0 0 0
-163.5 -894.7 2403.2 0 0 0 0 0 0 0 0 0
111.2 -885.4 2742.6 0 0 0 0 0 0 0 0 0
-38.7 13.0 2835.3 91 0.3132886589 0.3761455715 -0.8719889522 -0.2181038707 0.9221684933 0.3194307685 0.9242731929 0.0901101306 0.3709437251
-113.0 -169.3 2817.5 0.3132886589 0.3761455715 -0.8719889522 -0.2181038707 0.9221684933 0.3194307685 0.9242731929 0.0901101306 0.3709437251
-190.1 -351.7 2801.3 0.3148646355 0.3868246675 -0.8667334914 -0.2143017054 0.9185736775 0.3321101069 0.9246270061 0.0811727345 0.3721235693
-157.3 -139.3 2687.8 -0.6207285523 0.0813438743 -0.7797943354 0.6113696694 0.6728906631 -0.4164675772 0.4908392727 -0.7352559566 -0.4674136341
-2.4 -291.9 2565.4 -0.9812495112 0.0813438743 0.1747355908 -0.0752641782 0.6728906631 -0.7359031439 -0.1774391681 -0.7352559566 -0.6541513801
-68.8 -199.2 2947.1 0.7634125352 0.2664957941 -0.5883716941 -0.6457736492 0.3337046504 -0.6867442131 0.0133279264 0.9042240977 0.4268502891
110.8 -351.1 2950.3 0.9598939419 0.2664957941 0.0870839134 -0.0071270103 0.3337046504 -0.9426507354 -0.2802727818 0.9042240977 0.3222203851
-298.8 -513.1 2706.0 0.8525232077 -0.5129747987 -0.1003048643 -0.1006138474 0.0272582155 -0.9945520759 0.5129143000 0.8579707742 -0.0283741038
-88.1 -524.3 2353.7 0.8525232077 0.1890873015 -0.4872885942 -0.1006138474 0.9742030501 0.2020030767 0.5129143000 -0.1231843308 0.8495554924
-238.3 -553.7 2869.6 0.3825729787 -0.9175204635 0.1086007655 -0.0482731499 -0.1372323334 -0.9893618822 0.9226633310 0.3732606471 -0.0967929885
119.2 -500.2 2724.1 0.3825729787 -0.0035399999 -0.9239184856 -0.0482731499 0.9985502362 -0.0238147322 0.9226633310 0.0537113287 0.3818474710
252.1 -272.3 2611.4 0 0 0 0 0 0 0 0 0
359.7 -353.0 2877.6 0 0 0 0 0 0 0 0 0
-160.4 -896.7 2400.8 0 0 0 0 0 0 0 0 0
120.6 -881.2 2703.6 0 0 0 0 0 0 0 0 0
-33.3 11.2 2828.0 92 0.3419186473 0.3936495483 -0.8533062935 -0.2226910442 0.9161109924 0.3333907723 0.9129623771 0.0760311484 0.4008976519
-111.0 -169.7 2813.0 0.3419186473 0.3936495483 -0.8533062935 -0.2226910442 0.9161109924 0.3333907723 0.9129623771 0.0760311484 0.4008976519
-190.9 -351.1 2799.2 0.3429540396 0.4015297294 -0.8492093086 -0.2203091085 0.9132037163 0.3428160250 0.9131519198 0.0695184097 0.4016475677
-159.2 -138.7 2684.8 -0.6288694739 0.1081568003 -0.7699514627 0.6098700166 0.6828582287 -0.4021979272 0.4822672606 -0.7225003242 -0.4953902960
-3.2 -290.0 2565.2 -0.9781780243 0.1081568003 0.1773972958 -0.0565874726 0.6828582287 -0.7283560038 -0.1999138594 -0.7225003242 -0.6618366241
-62.8 -200.6 2941.2 0.7545081973 0.3018088043 -0.5827768445 -0.6561561823 0.3289330304 -0.6791628003 -0.0132827628 0.8948265314 0.4462163746
114.9 -355.1 2938.1 0.9495702982 0.3018088043 0.0850156322 -0.0200176165 0.3289330304 -0.9441410899 -0.3129145503 0.8948265314 0.3183865547
-296.0 -514.6 2700.5 0.8507912755 -0.5154148340 -0.1024781093 -0.1056362316 0.0232868697 -0.9941321611 0.5147768259 0.8566243649 -0.0346342139
-87.0 -524.0 2353.1 0.8507912755 0.1957232952 -0.4876951873 -0.1056362316 0.9728068113 0.2061258405 0.5147768259 -0.1238517836 0.8483310342
-239.3 -552.7 2869.0 0.4132116139 -0.9059941173 0.0918195248 -0.0543881282 -0.1252037138 -0.9906391501 0.9090093970 0.4043497145 -0.1010109559
114.0 -503.9 2711.3 0.4132116139 0.0106710326 -0.9105725288 -0.0543881282 0.9984354973 -0.0129802609 0.9090093970 0.0548879281 0.4131455123
250.7 -275.3 2617.1 0 0 0 0 0 0 0 0 0
361.3 -360.3 2856.9 0 0 0 0 0 0 0 0 0
-161.8 -895.9 2400.5 0 0 0 0 0 0 0 0 0
109.9 -885.2 2690.3 0 0 0 0 0 0 0 0 0
-33.8 15.0 2812.9 93 0.3615279198 0.3935864568 -0.8452143073 -0.1887287349 0.9186570048 0.3470602036 0.9130602479 0.0340442844 0.4064012170
-111.6 -166.7 2806.2 0.3615279198 0.3935864568 -0.8452143073 -0.1887287349 0.9186570048 0.3470602036 0.9130602479 0.0340442844 0.4064012170
-191.7 -348.3 2800.1 0.3611758053 0.4032280445 -0.8408086300 -0.1895388067 0.9145959020 0.3571964800 0.9130318165 0.0303551443 0.4067572951
-162.4 -140.0 2677.9 -0.6463672519 0.1035540849 -0.7559668422 0.6139975190 0.6587947607 -0.4347373247 0.4530081749 -0.7451617718 -0.4894053042
-3.1 -291.4 2566.3 -0.9807673097 0.1035540849 0.1654448658 -0.0569854528 0.6587947607 -0.7501614094 -0.1866764873 -0.7451617718 -0.6402232647
-60.8 -193.3 2934.4 0.7539706230 0.3200747073 -0.5736553669 -0.6568794250 0.3591855764 -0.6629443169 -0.0061429725 0.8766629100 0.4810658693
117.0 -348.2 2933.0 0.9430648088 0.3200747073 0.0904485509 -0.0324523747 0.3591855764 -0.9327017665 -0.3310220540 0.8766629100 0.3491224647
-302.2 -512.4 2701.8 0.8452490568 -0.5245704651 -0.1018814296 -0.1035287678 0.0262900069 -0.9942789674 0.5242478251 0.8509610295 -0.0320865326
-86.0 -523.2 2351.1 0.8452490568 0.2033495009 -0.4941689968 -0.1035287678 0.9695596695 0.2218914479 0.5242478251 -0.1363928318 0.8405719399
-238.7 -547.3 2877.7 0.4313262403 -0.8978178501 0.0887736827 -0.0235568210 -0.1095712930 -0.9936997294 0.9018884301 0.4265175462 -0.0684107095
111.5 -504.6 2711.3 0.4313262403 0.0113789905 -0.9021242857 -0.0235568210 0.9997215867 0.0013469850 0.9018884301 0.0206701905 0.4314742088
251.6 -276.6 2614.8 0 0 0 0 0 0 0 0 0
361.8 -356.6 2847.0 0 0 0 0 0 0 0 0 0
-163.7 -893.8 2403.2 0 0 0 0 0 0 0 0 0
107.2 -886.4 2703.4 0 0 0 0 0 0 0 0 0
-35.9 14.3 2816.3 94 0.3203468919 0.3924408853 -0.8621879220 -0.1809351891 0.9187445641 0.3509570360 0.9298603535 0.0435721241 0.3653233349
-113.6 -167.6 2807.7 0.3203468919 0.3924408853 -0.8621879220 -0.1809351891 0.9187445641 0.3509570360 0.9298603535 0.0435721241 0.3653233349
-193.9 -349.2 2800.9 0.3218503594 0.4042624831 -0.8561449647 -0.1774766594 0.9139915109 0.3648582399 0.9300077558 0.0345160030 0.3659156263
-158.9 -142.6 2677.1 -0.6450191140 0.1086539179 -0.7564024925 0.6095949411 0.6700558662 -0.4235789776 0.4608083963 -0.7343156338 -0.4984337091
-1.7 -291.1 2564.8 -0.9755324721 0.1086539179 0.1911300123 -0.0701551288 0.6700558662 -0.7389881015 -0.2083617300 -0.7343156338 -0.6460386515
-68.4 -192.5 2938.4 0.7513949871 0.2839671373 -0.5956242681 -0.6589338183 0.3705330193 -0.6546078920 0.0348113142 0.8843460679 0.4655321836
108.8 -347.9 2946.6 0.9560472369 0.2839671373 0.0730504319 -0.0391495824 0.3705330193 -0.9279938340 -0.2905873656 0.8843460679 0.3653642535
-305.0 -512.6 2710.5 0.8471211195 -0.5204532146 -0.1073047519 -0.1085257754 0.0282320660 -0.9936926365 0.5201999545 0.8534233570 -0.0325666070
-87.2 -524.4 2353.4 0.8471211195 0.2040802687 -0.4906496406 -0.1085257754 0.9702963233 0.2162110209 0.5201999545 -0.1299087852 0.8441064358
-244.8 -547.1 2879.2 0.3929977715 -0.9152374268 0.0888438001 -0.0119579080 -0.1016962677 -0.9947436452 0.9194616675 0.3898696303 -0.0509107299
112.2 -507.4 2727.1 0.3929977715 0.0136377038 -0.9194383025 -0.0119579080 0.9998812675 0.0097196875 0.9194616675 0.0071747429 0.3931141794
251.7 -272.9 2618.9 0 0 0 0 0 0 0 0 0
356.9 -358.0 2871.1 0 0 0 0 0 0 0 0 0
-165.2 -895.3 2403.1 0 0 0 0 0 0 0 0 0
107.0 -889.4 2724.3 0 0 0 0 0 0 0 0 0
-34.4 15.0 2828.1 95 0.3089603782 0.3686757684 -0.8767107129 -0.2057082951 0.9258944392 0.3168652058 0.9285621047 0.0824478716 0.3619043529
-107.3 -168.1 2811.8 0.3089603782 0.3686757684 -0.8767107129 -0.2057082951 0.9258944392 0.3168652058 0.9285621047 0.0824478716 0.3619043529
-182.8 -351.2 2797.7 0.3114173412 0.3805070221 -0.8707661033 -0.1996477991 0.9220789671 0.3315284252 0.9290640354 0.0706028268 0.3631187975
-151.1 -140.0 2681.2 -0.6227937341 0.1194663495 -0.7732113004 0.6189563870 0.6797291040 -0.3935242593 0.4785613418 -0.7236685157 -0.4972755015
2.8 -292.9 2562.9 -0.9683380723 0.1194663495 0.2192012370 -0.0811536163 0.6797291040 -0.7289597988 -0.2360836416 -0.7236685157 -0.6485124230
-63.4 -196.2 2942.3 0.7673161030 0.2602545321 -0.5860832930 -0.6407181621 0.3490181863 -0.6838614941 0.0265756752 0.9002521038 0.4345570803
117.5 -347.3 2948.6 0.9613009095 0.2602545321 0.0903777331 -0.0063883411 0.3490181863 -0.9370941520 -0.2754264772 0.9002521038 0.3371740878
-303.8 -514.6 2708.8 0.8500205874 -0.5173400044 -0.0991178155 -0.1022255048 0.0225758441 -0.9945050478 0.5167348981 0.8554821014 -0.0336954072
-87.9 -524.0 2352.0 0.8500205874 0.2031288594 -0.4860078990 -0.1022255048 0.9687271118 0.2260923088 0.5167348981 -0.1425007135 0.8442029357
-229.8 -552.6 2868.8 0.3783042729 -0.9185703397 0.1145179942 -0.0318122506 -0.1365400851 -0.9901236296 0.9251344800 0.3709249198 -0.0808754861
128.5 -499.3 2724.2 0.3783042729 -0.0121119190 -0.9256020784 -0.0318122506 0.9991536140 -0.0260764100 0.9251344800 0.0393103026 0.3775987923
254.3 -271.8 2624.3 0 0 0 0 0 0 0 0 0
367.1 -349.0 2877.1 0 0 0 0 0 0 0 0 0
-165.6 -894.3 2406.4 0 0 0 0 0 0 0 0 0
133.1 -880.9 2709.2 0 0 0 0 0 0 0 0 0
-35.0 12.8 2823.9 96 0.2801671326 0.3848770857 -0.8794180155 -0.1935222149 0.9199431539 0.3409601152 0.9402422905 0.0746610984 0.3322201073
-110.9 -168.7 2809.2 0.2801671326 0.3848770857 -0.8794180155 -0.1935222149 0.9199431539 0.3409601152 0.9402422905 0.0746610984 0.3322201073
-188.4 -351.2 2796.2 0.2829165459 0.3900609016 -0.8762481213 -0.1869996488 0.9184730053 0.3484801948 0.9407387376 0.0652672648 0.3327924609
-150.7 -142.4 2677.0 -0.6319023967 0.1108188555 -0.7670844197 0.6203810573 0.6655722857 -0.4148986638 0.4645715356 -0.7380601168 -0.4893266261
3.5 -293.8 2563.6 -0.9708475471 0.1108188555 0.2125421911 -0.0863212794 0.6655722857 -0.7413246036 -0.2236149311 -0.7380601168 -0.6366031766
-71.1 -195.0 2941.4 0.7580573559 0.2396145314 -0.6065756083 -0.6495213509 0.3613908291 -0.6689683795 0.0589163043 0.9011001587 0.4295897186
107.7 -348.1 2955.3 0.9683972597 0.2396145314 0.0692214966 -0.0227909144 0.3613908291 -0.9321358800 -0.2483693063 0.9011001587 0.3554309309
-286.9 -516.0 2698.6 0.8602269292 -0.4986220002 -0.1067038402 -0.1119263768 0.0195154417 -0.9935248494 0.4974757135 0.8665997982 -0.0390212461
-87.5 -523.8 2352.0 0.8602269292 0.2032007575 -0.4676741064 -0.1119263768 0.9700453281 0.2156028301 0.4974757135 -0.1331222951 0.8572026491
-240.0 -550.8 2869.4 0.3521248996 -0.9301370978 0.1041779593 -0.0204177629 -0.1189141870 -0.9926945567 0.9357302785 0.3474254012 -0.0608639643
122.9 -504.4 2733.8 0.3521248996 -0.0002376976 -0.9359529614 -0.0204177629 0.9997600317 -0.0079354877 0.9357302785 0.0219043493 0.3520355523
255.7 -271.3 2621.7 0 0 0 0 0 0 0 0 0
359.1 -354.1 2890.8 0 0 0 0 0 0 0 0 0
-165.2 -894.6 2402.9 0 0 0 0 0 0 0 0 0
123.0 -886.3 2725.5 0 0 0 0 0 0 0 0 0
-36.2 13.9 2811.9 97 0.2666868269 0.3942032158 -0.8794782162 -0.1613105386 0.9179115295 0.3625152707 0.9501879215 0.0451910645 0.3083840311
-113.9 -167.2 2802.9 0.2666868269 0.3942032158 -0.8794782162 -0.1613105386 0.9179115295 0.3625152707 0.9501879215 0.0451910645 0.3083840311
-192.7 -349.4 2794.4 0.2673890293 0.3959653378 -0.8784728646 -0.1596796215 0.9172713161 0.3648502827 0.9502660036 0.0427172557 0.3084958792
-151.6 -144.7 2669.4 -0.6518985629 0.1060662270 -0.7508516312 0.6197223663 0.6451430917 -0.4469167888 0.4370039701 -0.7566639781 -0.4862994552
6.1 -294.6 2563.7 -0.9676839709 0.1060662270 0.2287742347 -0.1081048250 0.6451430917 -0.7563753724 -0.2278179973 -0.7566639781 -0.6128283739
-76.3 -189.6 2936.5 0.7523351908 0.2287611961 -0.6177864075 -0.6525401473 0.3875437081 -0.6511538029 0.0904605165 0.8930163383 0.4408386350
101.1 -343.5 2957.9 0.9718143344 0.2287611961 0.0569669940 -0.0372321233 0.3875437081 -0.9210991263 -0.2327889353 0.8930163383 0.3851377666
-291.9 -516.5 2697.0 0.8553403020 -0.5085289478 -0.0989507660 -0.1035784706 0.0192815103 -0.9944343567 0.5076066256 0.8608289957 -0.0361803994
-88.0 -524.2 2351.8 0.8553403020 0.1911649704 -0.4815069139 -0.1035784706 0.9737673998 0.2026043236 0.5076066256 -0.1234218925 0.8527030945
-246.9 -546.2 2873.0 0.3378674686 -0.9361190200 0.0976050869 0.0061216415 -0.1015156284 -0.9948151112 0.9411737919 0.3367131650 -0.0285682455
118.5 -506.6 2741.6 0.3378674686 0.0071177399 -0.9411667585 0.0061216415 0.9999336600 0.0097597698 0.9411737919 -0.0090589942 0.3378014863
257.5 -266.5 2622.9 0 0 0 0 0 0 0 0 0
353.6 -353.1 2897.4 0 0 0 0 0 0 0 0 0
-161.1 -896.5 2399.0 0 0 0 0 0 0 0 0 0
115.8 -888.5 2745.0 0 0 0 0 0 0 0 0 0
-36.1 16.5 2815.3 98 0.2416068465 0.3939826190 -0.8867941499 -0.1438587308 0.9183124304 0.3687912226 0.9596514106 0.0384705998 0.2785484195
-114.0 -165.2 2807.7 0.2416068465 0.3939826190 -0.8867941499 -0.1438587308 0.9183124304 0.3687912226 0.9596514106 0.0384705998 0.2785484195
-193.4 -347.2 2801.4 0.2436619401 0.3991794586 -0.8839030266 -0.1391051561 0.9163327217 0.3754784763 0.9598326087 0.0314656459 0.2788033485
-148.3 -145.6 2672.8 -0.6449604034 0.1015921459 -0.7574332356 0.6186279655 0.6513226032 -0.4394067228 0.4486931562 -0.7519693375 -0.4829250276
7.8 -295.4 2564.1 -0.9653682709 0.1015921459 0.2402980775 -0.1180373356 0.6513226032 -0.7495638728 -0.2326613814 -0.7519693375 -0.6167744994
-79.7 -184.7 2942.6 0.7467890382 0.2090771049 -0.6313421726 -0.6535223126 0.4067622721 -0.6383205056 0.1233479753 0.8892869353 0.4404021502
96.4 -338.8 2971.7 0.9769356847 0.2090771049 0.0433982015 -0.0465234183 0.4067622721 -0.9123486280 -0.2084039599 0.8892869353 0.4071075618
-296.0 -517.0 2698.8 0.8511188030 -0.5150303245 -0.1016882434 -0.1110602170 0.0126701519 -0.9937329292 0.5130910277 0.8570783138 -0.0464155748
-88.2 -522.1 2353.1 0.8511188030 0.1961722672 -0.4869427085 -0.1110602170 0.9738474488 0.1982089877 0.5130910277 -0.1146194413 0.8506467938
-250.4 -542.1 2883.1 0.3152059317 -0.9443948865 0.0936135426 0.0261080768 -0.0899754837 -0.9956017137 0.9486641288 0.3162636459 -0.0037044720
118.2 -506.9 2759.7 0.3152059317 0.0121937282 -0.9489449263 0.0261080768 0.9994275570 0.0215145983 0.9486641288 -0.0315566547 0.3147071600
258.7 -264.7 2624.6 0 0 0 0 0 0 0 0 0
350.2 -350.9 2917.6 0 0 0 0 0 0 0 0 0
-163.2 -894.4 2396.9 0 0 0 0 0 0 0 0 0
113.6 -888.8 2771.7 0 0 0 0 0 0 0 0 0
-35.1 15.3 2817.5 99 0.2351086736 0.3948698938 -0.8881450891 -0.1429980695 0.9178676605 0.3702303171 0.9613924623 0.0399586819 0.2722642720
-113.2 -166.3 2809.6 0.2351086736 0.3948698938 -0.8881450891 -0.1429980695 0.9178676605 0.3702303171 0.9613924623 0.0399586819 0.2722642720
-193.1 -348.3 2803.2 0.2372782826 0.4015894234 -0.8845478892 -0.1380045265 0.9152514935 0.3785095811 0.9615892172 0.0322595052 0.2725904584
-146.6 -146.9 2674.4 -0.6472647190 0.1074526310 -0.7546537519 0.6115984917 0.6641098857 -0.4300061762 0.4549677372 -0.7398729324 -0.4955727756
10.2 -295.2 2564.1 -0.9657354355 0.1074526310 0.2362393737 -0.1071085706 0.6641098857 -0.7399228215 -0.2363955528 -0.7398729324 -0.6298453808
-79.9 -185.7 2944.9 0.7440980077 0.2048986554 -0.6358731985 -0.6554663181 0.4079247713 -0.6355794668 0.1291590333 0.8897268772 0.4378401637
95.7 -340.4 2975.4 0.9780389071 0.2048986554 0.0381637104 -0.0498867929 0.4079247713 -0.9116516113 -0.2023641020 0.8897268772 0.4091880322
-295.1 -516.6 2707.2 0.8560676575 -0.5058196783 -0.1062760353 -0.1166778877 0.0111883348 -0.9931067824 0.5035219789 0.8625667095 -0.0494400002
-88.2 -521.2 2354.3 0.8560676575 0.2006126642 -0.4763430357 -0.1166778877 0.9728206992 0.2000154704 0.5035219789 -0.1156480834 0.8562074304
-252.2 -540.0 2888.2 0.3326226473 -0.9401280880 0.0743054301 -0.0309228208 -0.0896222219 -0.9954956770 0.9425528646 0.3288266659 -0.0588817932
118.2 -504.7 2758.6 0.3326226473 -0.1285822839 -0.9342530370 -0.0309228208 0.9886415005 -0.1470772922 0.9425528646 0.0778109804 0.3248684406
261.3 -267.3 2625.6 0 0 0 0 0 0 0 0 0
349.9 -353.4 2922.8 0 0 0 0 0 0 0 0 0
-164.9 -893.1 2398.5 0 0 0 0 0 0 0 0 0
165.8 -871.1 2729.8 0 0 0 0 0 0 0 0 0
-34.4 14.6 2818.2 00 0.2332240790 0.3869646490 -0.8921126127 -0.1459997147 0.9209472537 0.3613034785 0.9614003301 0.0459835082 0.2712838054
-110.9 -167.5 2809.1 0.2332240790 0.3869646490 -0.8921126127 -0.1459997147 0.9209472537 0.3613034785 0.9614003301 0.0459835082 0.2712838054
-189.0 -350.1 2801.6 0.2356808782 0.3926383853 -0.8889823556 -0.1402016431 0.9189181328 0.3686908782 0.9616641998 0.0377434008 0.2716199756
-144.1 -147.8 2673.8 -0.6388180256 0.1087040678 -0.7616396546 0.6155723333 0.6660510898 -0.4212441742 0.4614999592 -0.7379426360 -0.4924006760
9.6 -295.9 2562.7 -0.9681446552 0.1087040678 0.2255644351 -0.0975097865 0.6660510898 -0.7395051122 -0.2306246459 -0.7379426360 -0.6342341304
-77.8 -187.2 2944.4 0.7499803305 0.1983454823 -0.6310218573 -0.6488764882 0.4058068693 -0.6436458826 0.1284087449 0.8921770453 0.4330488741
99.3 -340.4 2974.7 0.9790674448 0.1983454823 0.0456723794 -0.0396157764 0.4058068693 -0.9130998850 -0.1996434033 0.8921770453 0.4051699042
-294.7 -517.5 2708.6 0.8576765656 -0.5028936863 -0.1071860790 -0.1172040850 0.0117652444 -0.9930381775 0.5006536841 0.8642681837 -0.0488504209
-89.2 -522.3 2355.4 0.8576765656 0.1935127527 -0.4763861001 -0.1172040850 0.9756650925 0.1853128076 0.5006536841 -0.1031040475 0.8594855666
-252.1 -541.8 2887.5 0.3259503245 -0.9413290620 0.0874983370 -0.0156621728 -0.0979170650 -0.9950713515 0.9452571273 0.3229734004 -0.0466593578
120.5 -503.0 2759.7 0.3259503245 -0.0634744242 -0.9432536364 -0.0156621728 0.9972440004 -0.0725198165 0.9452571273 0.0384112597 0.3240578473
261.3 -270.6 2622.7 0 0 0 0 0 0 0 0 0
353.7 -350.7 2922.8 0 0 0 0 0 0 0 0 0
-163.2 -895.3 2394.8 0 0 0 0 0 0 0 0 0
144.3 -877.4 2745.3 0 0 0 0 0 0 0 0 0
-34.4 15.1 2818.5 01 0.2106938958 0.3887087405 -0.8969468474 -0.1355424374 0.9202973843 0.3669890761 0.9681096673 0.0442520082 0.2465875745
-111.4 -167.1 2809.7 0.2106938958 0.3887087405 -0.8969468474 -0.1355424374 0.9202973843 0.3669890761 0.9681096673 0.0442520082 0.2465875745
-190.3 -349.4 2802.7 0.2133302540 0.3972342908 -0.8925777674 -0.1293792576 0.9170491099 0.3772028089 0.9683755636 0.0350122787 0.2470282018
-141.4 -148.9 2673.5 -0.6334004998 0.1104421318 -0.7659022808 0.6222739816 0.6610313654 -0.4193001390 0.4599770606 -0.7421860099 -0.4874228835
9.4 -297.0 2564.0 -0.9659735560 0.1104421318 0.2338751405 -0.1043298244 0.6610313654 -0.7430698276 -0.2366650254 -0.7421860099 -0.6270164251
-81.3 -185.3 2945.9 0.7429618239 0.1808252484 -0.6444454789 -0.6515585780 0.4158014655 -0.6344923973 0.1532291174 0.8912975788 0.4267428517
94.0 -339.0 2982.1 0.9830216169 0.1808252484 0.0311561972 -0.0477011167 0.4158014655 -0.9082036018 -0.1771809310 0.8912975788 0.4173673987
-288.7 -519.9 2705.8 0.8607299328 -0.4974405766 -0.1081518680 -0.1237339899 0.0016465562 -0.9923140407 0.4937953353 0.8674964905 -0.0601330660
-88.0 -520.6 2355.9 0.8607299328 0.1950384676 -0.4702169001 -0.1237339899 0.9761478901 0.1783960611 0.4937953353 -0.0953690186 0.8643326163
-253.1 -541.6 2887.2 0.2995533645 -0.9496370554 0.0919635221 0.0019368270 -0.0957843140 -0.9954002500 0.9540776014 0.2983536124 -0.0268532317
117.2 -504.2 2770.9 0.2995533645 -0.0202906244 -0.9538637400 0.0019368270 0.9997847080 -0.0206592120 0.9540776014 0.0043410673 0.2995281816
260.5 -269.9 2625.5 0 0 0 0 0 0 0 0 0
349.4 -351.4 2936.1 0 0 0 0 0 0 0 0 0
-162.6 -893.8 2392.4 0 0 0 0 0 0 0 0 0
124.9 -882.5 2769.2 0 0 0 0 0 0 0 0 0
-35.2 13.4 2819.1 02 0.2600052059 0.3951297700 -0.8810617328 -0.1553191543 0.9176757336 0.3657146692 0.9530336857 0.0417580456 0.2999716997
-113.2 -167.8 2810.9 0.2600052059 0.3951297700 -0.8810617328 -0.1553191543 0.9176757336 0.3657146692 0.9530336857 0.0417580456 0.2999716997
-193.6 -349.4 2803.7 0.2609474659 0.4045823514 -0.8764813542 -0.1531612575 0.9137898088 0.3762044907 0.9531254172 0.0360733718 0.3004174829
-149.9 -146.2 2677.0 -0.6484901905 0.1001709104 -0.7546033859 0.6134243011 0.6557508111 -0.4401152730 0.4507450461 -0.7483025193 -0.4866952300
10.2 -297.6 2565.7 -0.9636618495 0.1001709104 0.2476319373 -0.1232400164 0.6557508111 -0.7448508143 -0.2369972318 -0.7483025193 -0.6195769906
-76.5 -189.3 2944.8 0.7451047897 0.2281249315 -0.6267198920 -0.6593385339 0.3934872150 -0.6406563520 0.1004565731 0.8905766606 0.4436007738
99.1 -344.7 2968.5 0.9725232720 0.2281249315 0.0464489982 -0.0484529547 0.3934872150 -0.9180523753 -0.2277077138 0.8905766606 0.3937287927
-288.9 -519.8 2706.9 0.8616845012 -0.4957262874 -0.1084215343 -0.1207206249 0.0072673592 -0.9926599264 0.4928755462 0.8684484363 -0.0535822138
-87.9 -522.8 2354.8 0.8616845012 0.2019048780 -0.4655472040 -0.1207206249 0.9726594687 0.1983936429 0.4928755462 -0.1147515848 0.8624997139
-251.9 -544.2 2885.2 0.3436769545 -0.9347921610 0.0897202864 -0.0163727682 -0.1014898047 -0.9947018623 0.9389451742 0.3403871357 -0.0501848422
109.7 -504.9 2753.6 0.3436769545 0.0042001950 -0.9390785694 -0.0163727682 0.9998648167 -0.0015199113 0.9389451742 0.0158976745 0.3436992764
260.6 -265.6 2627.3 0 0 0 0 0 0 0 0 0
351.5 -357.3 2909.4 0 0 0 0 0 0 0 0 0
-165.1 -894.5 2398.6 0 0 0 0 0 0 0 0 0
108.1 -885.0 2747.5 0 0 0 0 0 0 0 0 0
-34.7 15.6 2819.5 03 0.2628048360 0.3927407563 -0.8812991977 -0.1588081568 0.9185561538 0.3619870245 0.9516898394 0.0448255725 0.3037714362
-112.0 -165.4 2810.6 0.2628048360 0.3927407563 -0.8812991977 -0.1588081568 0.9185561538 0.3619870245 0.9516898394 0.0448255725 0.3037714362
-192.0 -347.2 2803.2 0.2644985318 0.4019562304 -0.8766251802 -0.1549005955 0.9149032235 0.3727705777 0.9518646598 0.0371924974 0.3042538166
-149.2 -143.6 2676.8 -0.6280958056 0.0991328508 -0.7717955112 0.6258847117 0.6536915302 -0.4253889024 0.4623461962 -0.7502400279 -0.4726266563
3.7 -296.0 2564.2 -0.9727500677 0.0991328508 0.2095947713 -0.0951449573 0.6536915302 -0.7507561445 -0.2114349306 -0.7502400279 -0.6264464855
-74.8 -187.2 2944.5 0.7475557923 0.2299533337 -0.6231226325 -0.6571852565 0.3920573294 -0.6437380314 0.0962700993 0.8907370567 0.4442066550
101.5 -342.2 2967.2 0.9719026089 0.2299533337 0.0502675734 -0.0452387407 0.3920573294 -0.9188277721 -0.2309952825 0.8907370567 0.3914443254
-298.0 -517.0 2709.3 0.8544189930 -0.5086619258 -0.1059773117 -0.1136894599 0.0159990322 -0.9933875203 0.5069939494 0.8608176708 -0.0441596210
-88.0 -523.6 2353.9 0.8544189930 0.1986510009 -0.4801103175 -0.1136894599 0.9731135964 0.2003113627 0.5069939494 -0.1165663525 0.8540312648
-251.2 -545.4 2884.2 0.3418453038 -0.9370580912 0.0711610764 -0.0743614808 -0.1024575159 -0.9919540286 0.9368095398 0.3338031769 -0.1047056466
116.2 -505.3 2753.3 0.3418453038 -0.1087938026 -0.9334375858 -0.0743614808 0.9870302677 -0.1422729343 0.9368095398 0.1180471331 0.3293215930
256.4 -271.3 2619.1 0 0 0 0 0 0 0 0 0
354.0 -353.9 2907.2 0 0 0 0 0 0 0 0 0
-163.9 -895.6 2398.5 0 0 0 0 0 0 0 0 0
156.5 -870.7 2709.6 0 0 0 0 0 0 0 0 0
-33.2 17.2 2819.1 04 0.2868196964 0.3889131248 -0.8754890561 -0.1645745337 0.9203032851 0.3549042940 0.9437423944 0.0422896594 0.3279663026
-110.0 -164.5 2810.8 0.2868196964 0.3889131248 -0.8754890561 -0.1645745337 0.9203032851 0.3549042940 0.9437423944 0.0422896594 0.3279663026
-190.0 -346.3 2804.3 0.2884944677 0.4025455713 -0.8687508106 -0.1606913060 0.9148154855 0.3705278635 0.9439010620 0.0327054746 0.3286047876
-150.5 -141.9 2678.0 -0.6324632764 0.0941610709 -0.7688458562 0.6241636276 0.6497510672 -0.4338701963 0.4587047100 -0.7542925477 -0.4697155952
4.8 -295.1 2565.4 -0.9714831710 0.0941610709 0.2176101357 -0.1056417972 0.6497510672 -0.7527704835 -0.2122740895 -0.7542925477 -0.6212748885
-69.4 -187.1 2943.5 0.7498941422 0.2523335814 -0.6115444303 -0.6574898362 0.3866245449 -0.6467059255 0.0732524693 0.8870452046 0.4558342397
107.5 -342.2 2960.8 0.9657608867 0.2523335814 0.0602794997 -0.0435183197 0.3866245449 -0.9212098718 -0.2557577193 0.8870452046 0.3843680322
-296.1 -514.9 2708.6 0.8535190821 -0.5089249611 -0.1118061766 -0.1165841669 0.0226126816 -0.9929233789 0.5078517199 0.8605138659 -0.0400322340
-87.6 -524.2 2356.0 0.8535190821 0.2045833319 -0.4792190194 -0.1165841669 0.9713612199 0.2070399970 0.5078517199 -0.1208432317 0.8529264927
-248.1 -543.5 2883.3 0.3412865102 -0.9361955523 0.0840322897 -0.0365124345 -0.1025365293 -0.9940589070 0.9392498732 0.3361906707 -0.0691771135
121.5 -503.0 2750.5 0.3412865102 -0.0536957048 -0.9384243488 -0.0365124345 0.9968561530 -0.0703179687 0.9392498732 0.0582627319 0.3382529914
257.2 -267.7 2620.5 0 0 0 0 0 0 0 0 0
358.4 -353.5 2894.4 0 0 0 0 0 0 0 0 0
-165.8 -895.5 2402.2 0 0 0 0 0 0 0 0 0
141.7 -876.9 2728.7 0 0 0 0 0 0 0 0 0
-34.1 15.8 2818.9 05 0.2747584581 0.3856602311 -0.8807803392 -0.1654575914 0.9213350415 0.3518033028 0.9471703172 0.0490708500 0.3169550002
-110.0 -165.5 2809.3 0.2747584581 0.3856602311 -0.8807803392 -0.1654575914 0.9213350415 0.3518033028 0.9471703172 0.0490708500 0.3169550002
-189.3 -347.7 2801.7 0.2769712508 0.3992647231 -0.8739991784 -0.1602778286 0.9160375595 0.3676767051 0.9474164844 0.0382468067 0.3177093565
-148.9 -143.0 2676.0 -0.6264114976 0.1045983359 -0.7724427581 0.6256616116 0.6585210562 -0.4182075858 0.4649260044 -0.7452577949 -0.4779483378
2.9 -294.7 2563.3 -0.9707680941 0.1045983359 0.2160290480 -0.0951718912 0.6585210562 -0.7465201616 -0.2203444541 -0.7452577949 -0.6293163896
-71.0 -188.1 2942.6 0.7509879470 0.2398737520 -0.6152054071 -0.6551429033 0.3870681524 -0.6488189697 0.0824917927 0.8903026581 0.4478351176
106.2 -342.7 2962.0 0.9690598249 0.2398737520 0.0581686497 -0.0405184850 0.3870681524 -0.9211603999 -0.2434774339 0.8903026581 0.3848115504
-296.4 -513.5 2711.2 0.8528496027 -0.5077235103 -0.1219196245 -0.1272498518 0.0243578423 -0.9915715456 0.5064138770 0.8611756563 -0.0438341647
-88.3 -523.5 2358.2 0.8528496027 0.2061268687 -0.4797491729 -0.1272498518 0.9731301665 0.1918988079 0.5064138770 -0.1026128158 0.8561633229
-243.8 -543.0 2884.4 0.3493835330 -0.9334785938 0.0809250250 -0.0557127483 -0.1069118306 -0.9927063584 0.9353219867 0.3423267305 -0.0893598944
126.1 -500.7 2748.8 0.3493835330 -0.1577242315 -0.9236093163 -0.0557127483 0.9804891944 -0.1885126382 0.9353219867 0.1173200235 0.3337795436
255.2 -269.9 2620.6 0 0 0 0 0 0 0 0 0
358.1 -353.2 2898.8 0 0 0 0 0 0 0 0 0
-167.1 -895.4 2397.4 0 0 0 0 0 0 0 0 0
185.0 -867.1 2704.9 0 0 0 0 0 0 0 0 0
-37.2 13.9 2829.4 06 0.2246234417 0.3827247322 -0.8961395621 -0.1775261015 0.9203227758 0.3485548198 0.9581381679 0.0807945728 0.2746697068
-112.7 -167.5 2813.4 0.2246234417 0.3827247322 -0.8961395621 -0.1775261015 0.9203227758 0.3485548198 0.9581381679 0.0807945728 0.2746697068
-191.8 -349.3 2800.4 0.2284394354 0.3984596729 -0.8882822394 -0.1685616821 0.9148160219 0.3670130372 0.9588547349 0.0658900961 0.2761451006
-144.8 -143.7 2678.7 -0.6168913841 0.0880080909 -0.7821122408 0.6267938614 0.6559318900 -0.4205744267 0.4759984314 -0.7496718764 -0.4598016739
4.5 -295.5 2563.5 -0.9757982492 0.0880080909 0.2001809031 -0.0944715142 0.6559318900 -0.7488848567 -0.1972129643 -0.7496718764 -0.6317428946
-80.6 -191.2 2948.2 0.7443281412 0.1953832060 -0.6385929585 -0.6578661203 0.3789615035 -0.6508458257 0.1148377955 0.9045515656 0.4106077254
95.0 -346.4 2975.3 0.9800426364 0.1953832060 0.0366310589 -0.0409953110 0.3789615035 -0.9245039821 -0.1945143193 0.9045515656 0.3794082105
-294.1 -515.1 2707.2 0.8549539447 -0.5069161654 -0.1099537015 -0.1174513251 0.0172822885 -0.9929282665 0.5052316189 0.8618221283 -0.0447624102
-88.2 -522.1 2357.1 0.8549539447 0.1970098317 -0.4798342586 -0.1174513251 0.9745644927 0.1908644885 0.5052316189 -0.1068231761 0.8563467860
-243.4 -544.5 2881.0 0.3238270581 -0.9442647099 0.0591626763 -0.1051032245 -0.0980483592 -0.9896159768 0.9402602315 0.3142462671 -0.1309959739
131.2 -505.6 2756.4 0.3238270581 -0.2068802863 -0.9232207537 -0.1051032245 0.9618946314 -0.2524123192 0.9402602315 0.1787714213 0.2897437215
258.1 -270.9 2614.7 0 0 0 0 0 0 0 0 0
349.4 -357.0 2924.8 0 0 0 0 0 0 0 0 0
-163.5 -894.6 2397.9 0 0 0 0 0 0 0 0 0
209.9 -871.4 2688.4 0 0 0 0 0 0 0 0 0
-35.9 17.4 2834.1 07 0.2696908414 0.3696516752 -0.8891706467 -0.2061641365 0.9241387844 0.3216580153 0.9406185150 0.0965668783 0.3254406750
-108.9 -165.2 2815.0 0.2696908414 0.3696516752 -0.8891706467 -0.2061641365 0.9241387844 0.3216580153 0.9406185150 0.0965668783 0.3254406750
-185.2 -348.0 2798.7 0.2732198238 0.3837566078 -0.8820894361 -0.1975269914 0.9198203087 0.3389892280 0.9414531589 0.0816179067 0.3271154165
-147.3 -137.5 2682.8 -0.6209475398 0.1059813648 -0.7766544223 0.6273242831 0.6612720490 -0.4113192856 0.4699876904 -0.7426218987 -0.4770999253
8.7 -295.2 2564.7 -0.9696548581 0.1059813648 0.2203119546 -0.0967392102 0.6612720490 -0.7438822389 -0.2245237976 -0.7426218987 -0.6309530735
-70.5 -192.9 2947.2 0.7610630393 0.2270050049 -0.6076608896 -0.6459891200 0.3504341841 -0.6781548262 0.0590005927 0.9086608887 0.4133452773
108.8 -345.1 2961.1 0.9713051319 0.2270050049 0.0709583908 -0.0134854307 0.3504341841 -0.9364902973 -0.2374542207 0.9086608887 0.3434397578
-291.8 -515.7 2699.4 0.8537404537 -0.5096263289 -0.1068093479 -0.1137692407 0.0176007375 -0.9933512807 0.5081179142 0.8602157831 -0.0429533385
-89.0 -522.7 2357.1 0.8537404537 0.1925135106 -0.4838034809 -0.1137692407 0.9756596684 0.1874692440 0.5081179142 -0.1050081253 0.8548622727
-250.0 -546.7 2875.1 0.2941218317 -0.9543641210 0.0517826602 -0.1335271597 -0.0946782082 -0.9865123034 0.9463946819 0.2832404077 -0.1552804559
128.9 -509.1 2762.7 0.2941218317 -0.2426676899 -0.9244483709 -0.1335271597 0.9473124146 -0.2911524177 0.9463946819 0.2090732455 0.2462225407
260.7 -270.0 2623.0 0 0 0 0 0 0 0 0 0
360.8 -348.6 2899.5 0 0 0 0 0 0 0 0 0
-162.6 -895.7 2397.3 0 0 0 0 0 0 0 0 0
222.1 -872.9 2682.4 0 0 0 0 0 0 0 0 0
-35.9 17.5 2826.4 08 0.2940201163 0.3700100780 -0.8812744617 -0.2115768641 0.9243507385 0.3175074458 0.9320876598 0.0931037143 0.3500632644
-108.7 -164.5 2808.1 0.2940201163 0.3700100780 -0.8812744617 -0.2115768641 0.9243507385 0.3175074458 0.9320876598 0.0931037143 0.3500632644
-184.1 -347.6 2791.1 0.2954824269 0.3790411353 -0.8769366741 -0.2079735100 0.9214304686 0.3281964660 0.9324361682 0.0854033232 0.3510970175
-150.3 -135.3 2677.1 -0.5665029287 0.1185264513 -0.8154911995 0.6781382561 0.6292973757 -0.3796226382 0.4681911469 -0.7680730820 -0.4368761480
-19.8 -291.5 2569.2 -0.9743292928 0.1185264513 0.1913999766 -0.0753947124 0.6292973757 -0.7734988332 -0.2121275812 -0.7680730820 -0.6042066216
-67.2 -193.7 2939.1 0.7667685747 0.2448896319 -0.5933759212 -0.6410511732 0.3402966261 -0.6879328489 0.0334562026 0.9078696370 0.4179155529
113.6 -344.8 2947.0 0.9658070803 0.2448896319 0.0851222202 -0.0034102814 0.3402966261 -0.9403119683 -0.2592394650 0.9078696370 0.3294960260
-286.5 -512.7 2696.2 0.8566323519 -0.5026980639 -0.1160849780 -0.1189302802 0.0265375562 -0.9925479293 0.5020325184 0.8640546203 -0.0370530896
-88.1 -523.2 2355.1 0.8566323519 0.2008162141 -0.4752408862 -0.1189302802 0.9731926322 0.1968545616 0.5020325184 -0.1121114567 0.8575513959
-236.5 -548.8 2868.6 0.2741610706 -0.9595682621 0.0637532845 -0.1684793979 -0.1131933182 -0.9791843295 0.9468106627 0.2577131391 -0.1927006841
144.5 -503.9 2766.3 0.2741610706 -0.2144036889 -0.9374789596 -0.1684793979 0.9490460157 -0.2663200796 0.9468106627 0.2309604734 0.2240688801
221.3 -272.8 2621.7 0 0 0 0 0 0 0 0 0
364.4 -345.7 2879.7 0 0 0 0 0 0 0 0 0
-164.8 -895.2 2397.9 0 0 0 0 0 0 0 0 0
228.0 -873.1 2676.4 0 0 0 0 0 0 0 0 0
-36.2 17.8 2822.6 09 0.3127252758 0.3638088107 -0.8774087429 -0.1963262260 0.9285504818 0.3150397837 0.9293324947 0.0737374350 0.3618064225
-108.0 -165.3 2808.1 0.3127252758 0.3638088107 -0.8774087429 -0.1963262260 0.9285504818 0.3150397837 0.9293324947 0.0737374350 0.3618064225
-182.0 -349.3 2794.5 0.3134612143 0.3724727929 -0.8735021949 -0.1944730282 0.9255458117 0.3248771131 0.9294742346 0.0680362359 0.3625586331
-152.1 -138.0 2677.4 -0.5863006115 0.1058852151 -0.8031437397 0.6614518166 0.6349468231 -0.3991540968 0.4676890671 -0.7652652264 -0.4423076808
-16.3 -291.1 2569.1 -0.9803690314 0.1058852151 0.1663277447 -0.0620690808 0.6349468231 -0.7700583935 -0.1871470809 -0.7652652264 -0.6159099936
