-154.7 84.1 2697.5 2 0.4575115740 0.3027544618 -0.8360759020 -0.3399918675 0.9283681512 0.1501267701 0.8216378093 0.2155742794 0.5276732445
-216.5 -105.6 2653.5 0.4575115740 0.3027544618 -0.8360759020 -0.3399918675 0.9283681512 0.1501267701 0.8216378093 0.2155742794 0.5276732445
-271.9 -292.0 2612.6 0.4639880657 0.2787753344 -0.8408325911 -0.3192057014 0.9380407333 0.1348603368 0.8263309002 0.2058249712 0.5242263675
-284.3 -59.0 2532.8 0.1377761066 0.3333184123 -0.9326931834 0.7474298477 0.5828948617 0.3187195659 0.6498971581 -0.7410346866 -0.1688231528
-316.8 -235.4 2379.4 -0.9334547520 0.3333184123 0.1325180233 0.0935540721 0.5828948617 -0.8071438670 -0.3462799788 -0.7410346866 -0.5752893090
-148.8 -152.2 2774.1 0.8669357300 0.4958550930 0.0504990742 -0.4938924909 0.8682653904 -0.0467483625 -0.0670270100 0.0155867133 0.9976294041
-11.5 -230.4 2763.5 -0.1138978228 0.4958550930 0.8609036207 0.0828182250 0.8682653904 -0.4891383648 -0.9900345802 0.0155867133 -0.1399593800
-367.9 -446.4 2497.4 0.7405431867 -0.5906430483 -0.3205254078 -0.1832187772 0.2814382911 -0.9419253469 0.6465498209 0.7562626600 0.1002003178
-139.0 -555.5 2204.4 0.7405431867 0.4824185669 -0.4678333998 -0.1832187772 0.8147393465 0.5501188040 0.6465498209 -0.3216708899 0.6917378306
-277.8 -505.4 2645.9 0.4367190003 -0.8902224898 -0.1295392066 -0.1649059802 0.0623357855 -0.9843374491 0.8843542933 0.4512406588 -0.1195797846
64.7 -529.3 2472.3 0.4367190003 0.5535935760 -0.7090914845 -0.1649059802 0.8241392374 0.5418491364 0.8843542933 -0.1197024062 0.4512081444
-74.7 -259.7 2469.2 0 0 0 0 0 0 0 0 0
-41.0 -208.9 2507.2 0 0 0 0 0 0 0 0 0
-323.3 -866.8 2327.3 0 0 0 0 0 0 0 0 0
-146.7 -844.1 2518.0 0 0 0 0 0 0 0 0 0
-154.9 84.4 2706.6 3 0.4929606616 0.2912930250 -0.8198403120 -0.3536357284 0.9280251265 0.1170944348 0.7949412465 0.2322018892 0.5604915023
-214.1 -104.2 2659.5 0.4929606616 0.2912930250 -0.8198403120 -0.3536357284 0.9280251265 0.1170944348 0.7949412465 0.2322018892 0.5604915023
-269.6 -290.0 2615.9 0.4983796179 0.2785698175 -0.8209851384 -0.3359193802 0.9350452423 0.1133516207 0.7992345691 0.2192926854 0.5595844984
-286.9 -55.2 2542.9 0.1216154620 0.3341639340 -0.9346358180 0.7372054458 0.6001064777 0.3104840517 0.6646336317 -0.7267782688 -0.1733652353
-316.6 -235.5 2380.3 -0.9315611124 0.3341639340 0.1432772279 0.0930717662 0.6001064777 -0.7944871783 -0.3514705598 -0.7267782688 -0.5901371241
-141.4 -153.2 2776.1 0.8560901284 0.5101261139 0.0829521045 -0.5061458349 0.8599902987 -0.0650620013 -0.1045278311 0.0137130776 0.9944274426
-11.4 -230.1 2760.2 -0.1127764881 0.5101261139 0.8526739478 0.0826853067 0.8599902987 -0.5035670996 -0.9901740551 0.0137130776 -0.1391666234
-369.8 -449.1 2495.9 0.7375295758 -0.5977157950 -0.3143023849 -0.1800537705 0.2745226622 -0.9445728660 0.6508692503 0.7532417774 0.0948475823
-137.1 -556.0 2202.6 0.7375295758 0.4852449298 -0.4696674347 -0.1800537705 0.8115997314 0.5557755828 0.6508692503 -0.3253355026 0.6859489679
-284.8 -507.6 2647.4 0.4337706566 -0.8932978511 -0.1177367792 -0.1564581543 0.0540087037 -0.9862068295 0.8873352408 0.4462084472 -0.1163363457
65.5 -528.8 2472.5 0.4337706566 0.5593708754 -0.7063620090 -0.1564581543 0.8188069463 0.5523368716 0.8873352408 -0.1290714443 0.4426925480
-74.8 -259.6 2471.6 0 0 0 0 0 0 0 0 0
-40.6 -208.7 2503.7 0 0 0 0 0 0 0 0 0
-322.5 -866.1 2326.9 0 0 0 0 0 0 0 0 0
-148.2 -841.6 2521.8 0 0 0 0 0 0 0 0 0
-156.9 84.9 2701.7 4 0.4896251559 0.2979193926 -0.8194578886 -0.3446857333 0.9293995500 0.1319400966 0.8009113073 0.2178542614 0.5577459335
-217.9 -105.4 2657.1 0.4896251559 0.2979193926 -0.8194578886 -0.3446857333 0.9293995500 0.1319400966 0.8009113073 0.2178542614 0.5577459335
-273.2 -291.9 2616.4 0.4963417351 0.2781186104 -0.8223715425 -0.3229064345 0.9384706020 0.1224923357 0.8058388829 0.2047509849 0.5556083918
-290.3 -58.3 2539.5 0.1096426696 0.3354280591 -0.9356636405 0.7406075001 0.6002600789 0.3019741774 0.6629321575 -0.7260687947 -0.1826064140
-316.6 -235.5 2380.8 -0.9309107661 0.3354280591 0.1445445120 0.0929411054 0.6002600789 -0.7943864465 -0.3532238007 -0.7260687947 -0.5899636149
-145.4 -152.5 2774.7 0.8625463247 0.5016842484 0.0657775924 -0.4993934333 0.8650017381 -0.0487668402 -0.0813632831 0.0092147626 0.9966419339
-11.2 -230.2 2762.1 -0.1240861863 0.5016842484 0.8561048508 0.0825015381 0.8650017381 -0.4949399233 -0.9888357520 0.0092147626 -0.1487244815
-370.6 -445.0 2499.1 0.7419125438 -0.5912079811 -0.3162891567 -0.1733015776 0.2866106033 -0.9422425032 0.6477131248 0.7538749576 0.1101827174
-137.5 -558.0 2201.9 0.7419125438 0.4879549146 -0.4598540664 -0.1733015776 0.8020898700 0.5715053678 0.6477131248 -0.3443135917 0.6796439290
-279.3 -506.5 2645.5 0.4326983392 -0.8920700550 -0.1303193867 -0.1819316149 0.0551762767 -0.9817619324 0.8829909563 0.4485159814 -0.1384210587
66.5 -527.9 2471.6 0.4326983392 0.5598301291 -0.7066557407 -0.1819316149 0.8219293952 0.5397526622 0.8829909563 -0.1049870700 0.4574983120
-74.8 -259.6 2472.6 0 0 0 0 0 0 0 0 0
-43.3 -208.9 2505.9 0 0 0 0 0 0 0 0 0
-324.0 -864.4 2333.4 0 0 0 0 0 0 0 0 0
-147.3 -841.8 2511.7 0 0 0 0 0 0 0 0 0
-158.3 85.1 2708.2 5 0.4555467665 0.2934704721 -0.8404476047 -0.3561223447 0.9253403544 0.1300850809 0.8158762455 0.2400423437 0.5260471702
-218.2 -103.9 2659.2 0.4555467665 0.2934704721 -0.8404476047 -0.3561223447 0.9253403544 0.1300850809 0.8158762455 0.2400423437 0.5260471702
-273.2 -289.6 2615.1 0.4628993273 0.2767799795 -0.8420909047 -0.3321366310 0.9349486828 0.1247243881 0.8218330145 0.2219543904 0.5247159004
-285.8 -55.4 2539.3 0.1363598406 0.3177371025 -0.9383224845 0.7467051148 0.5894829035 0.3081255853 0.6510279775 -0.7426661849 -0.1568741500
-318.5 -234.3 2383.3 -0.9368013144 0.3177371025 0.1464461237 0.0741931647 0.5894829035 -0.8043664098 -0.3419045210 -0.7426661849 -0.5758022666
-150.7 -152.4 2779.1 0.8686656356 0.4880416989 0.0850607157 -0.4851451218 0.8728056550 -0.0533342659 -0.1002708152 0.0050628493 0.9949473143
-11.1 -230.3 2763.0 -0.1369873732 0.4880416989 0.8620033264 0.0823245421 0.8728056550 -0.4810748398 -0.9871459603 0.0050628493 -0.1597411633
-373.9 -448.7 2501.9 0.7402181029 -0.5957946777 -0.3116180599 -0.1780901700 0.2731776834 -0.9453347921 0.6483525634 0.7552500367 0.0961058885
-136.0 -557.8 2200.2 0.7402181029 0.4930033982 -0.4571923018 -0.1780901700 0.7994481921 0.5737303495 0.6483525634 -0.3432641327 0.6795650721
-283.0 -507.9 2649.6 0.4346993864 -0.8898980618 -0.1382673681 -0.1988636553 0.0548907258 -0.9784887433 0.8783448339 0.4528448284 -0.1531074196
67.4 -529.5 2471.3 0.4346993864 0.5741798878 -0.6937966943 -0.1988636553 0.8125753999 0.5478817821 0.8783448339 -0.1001929268 0.4674095511
-81.8 -253.1 2469.7 0 0 0 0 0 0 0 0 0
-46.6 -209.0 2507.1 0 0 0 0 0 0 0 0 0
-324.4 -863.3 2331.4 0 0 0 0 0 0 0 0 0
-151.9 -839.9 2509.6 0 0 0 0 0 0 0 0 0
-159.7 83.3 2702.0 6 0.4929217994 0.2933500111 -0.8191299438 -0.3538614810 0.9276610613 0.1192769632 0.7948648334 0.2310643345 0.5610696077
-219.6 -106.1 2654.8 0.4929217994 0.2933500111 -0.8191299438 -0.3538614810 0.9276610613 0.1192769632 0.7948648334 0.2310643345 0.5610696077
-274.0 -292.1 2610.7 0.4984603524 0.2741684914 -0.8224165440 -0.3356764019 0.9357094169 0.1084859744 0.7992863059 0.2219898552 0.5584459305
-292.3 -57.2 2538.2 0.1208447143 0.3111608028 -0.9426428080 0.7462956905 0.5976752639 0.2929624915 0.6545527577 -0.7388932705 -0.1599920839
-320.5 -231.4 2385.4 -0.9392458200 0.3111608028 0.1449007988 0.0748558715 0.5976752639 -0.7982361317 -0.3349834085 -0.7388932705 -0.5846561790
-146.9 -155.1 2771.4 0.8736104965 0.4846755564 0.0435235798 -0.4839470983 0.8746911883 -0.0266563538 -0.0509893745 0.0022241611 0.9986967444
-11.0 -230.4 2763.5 -0.1438664794 0.4846755564 0.8627815843 0.0822255686 0.8746911883 -0.4776549935 -0.9861751199 0.0022241611 -0.1656914651
-370.6 -444.9 2495.7 0.7379115820 -0.5950135589 -0.3185048997 -0.1765675843 0.2852910161 -0.9420365691 0.6513911486 0.7513773441 0.1054594219
-138.9 -556.0 2203.2 0.7379115820 0.4812132120 -0.4732022583 -0.1765675843 0.8143767118 0.5528240204 0.6513911486 -0.3243830800 0.6859046817
-285.7 -505.8 2646.3 0.4303126633 -0.8943323493 -0.1224770024 -0.1582821012 0.0588231646 -0.9856402278 0.8886944056 0.4435193837 -0.1162444577
62.3 -528.7 2473.7 0.4303126633 0.5342808366 -0.7275816202 -0.1582821012 0.8381959200 0.5218950510 0.8886944056 -0.1094148904 0.4452534020
-87.6 -249.9 2468.5 0 0 0 0 0 0 0 0 0
-48.4 -209.0 2507.5 0 0 0 0 0 0 0 0 0
-322.7 -867.1 2327.1 0 0 0 0 0 0 0 0 0
-141.6 -848.6 2515.5 0 0 0 0 0 0 0 0 0
-160.9 83.5 2698.9 7 0.4620616734 0.2830203772 -0.8404751420 -0.3456925452 0.9302257299 0.1231940761 0.8166980147 0.2336227149 0.5276597142
-218.4 -105.7 2651.4 0.4620616734 0.2830203772 -0.8404751420 -0.3456925452 0.9302257299 0.1231940761 0.8166980147 0.2336227149 0.5276597142
-272.3 -291.9 2607.6 0.4672704935 0.2711428106 -0.8415104747 -0.3281415999 0.9370131493 0.1197055951 0.8209636807 0.2201996893 0.5268118382
-286.6 -57.8 2531.6 0.1384259909 0.3222764134 -0.9364700317 0.7570704818 0.5751838088 0.3098512590 0.6385002136 -0.7518653274 -0.1643655747
-318.7 -233.4 2383.5 -0.9374392033 0.3222764134 0.1317028701 0.0834119171 0.5751838088 -0.8137603998 -0.3380091488 -0.7518653274 -0.5660815835
-150.3 -153.6 2771.1 0.8746415973 0.4830898941 0.0403261669 -0.4825368524 0.8755704165 -0.0231219344 -0.0464783721 0.0007645442 0.9989190102
-11.0 -230.4 2763.7 -0.1473748535 0.4830898941 0.8630786538 0.0821737200 0.8755704165 -0.4760503173 -0.9856612682 0.0007645442 -0.1687343568
-374.2 -447.2 2493.4 0.7329698801 -0.6063199639 -0.3084335327 -0.1652095169 0.2811684906 -0.9453306794 0.6598947048 0.7438550591 0.1059181988
-137.3 -557.1 2202.7 0.7329698801 0.4831319451 -0.4788931906 -0.1652095169 0.8093335032 0.5636356473 0.6598947048 -0.3340102136 0.6730350852
-282.8 -508.7 2639.8 0.4128532112 -0.9016691446 -0.1286274344 -0.1804461926 0.0574514456 -0.9819055200 0.8927437663 0.4285931885 -0.1389837414
63.5 -530.8 2475.1 0.4128532112 0.5473196507 -0.7280064821 -0.1804461926 0.8326146603 0.5236334801 0.8927437663 -0.0848177820 0.4425093830
-80.7 -254.6 2469.3 0 0 0 0 0 0 0 0 0
-49.3 -209.0 2507.7 0 0 0 0 0 0 0 0 0
-321.8 -866.3 2330.4 0 0 0 0 0 0 0 0 0
-145.4 -848.6 2507.5 0 0 0 0 0 0 0 0 0
-164.1 80.2 2698.8 8 0.4466309845 0.2824277282 -0.8489730954 -0.3416287899 0.9308107495 0.1299272925 0.8269283772 0.2320041060 0.5122143626
-221.5 -109.1 2651.6 0.4466309845 0.2824277282 -0.8489730954 -0.3416287899 0.9308107495 0.1299272925 0.8269283772 0.2320041060 0.5122143626
-275.1 -295.4 2608.2 0.4518453479 0.2698696256 -0.8502976894 -0.3239877522 0.9377074242 0.1254459321 0.8311845064 0.2188038826 0.5111331940
-287.4 -61.8 2530.3 0.1312531084 0.3281701803 -0.9354555011 0.7529709935 0.5807832479 0.3093953133 0.6448311806 -0.7449799776 -0.1708730459
-317.6 -234.5 2382.4 -0.9349821806 0.3281701803 0.1345831603 0.0873489901 0.5807832479 -0.8093583584 -0.3437709212 -0.7449799776 -0.5716873407
-155.6 -156.4 2773.0 0.8887020350 0.4560110569 0.0475670435 -0.4550408423 0.8899590969 -0.0301773213 -0.0560939126 0.0051736990 0.9984120727
-11.0 -230.4 2763.8 -0.1491401494 0.4560110569 0.8773888350 0.0821472704 0.8899590969 -0.4485807419 -0.9853979349 0.0051736990 -0.1701886803
-369.0 -448.0 2488.7 0.7313665748 -0.6070050597 -0.3108822703 -0.1678719819 0.2815887928 -0.9447363615 0.6610006690 0.7431370020 0.1040454954
-136.7 -555.8 2204.3 0.7313665748 0.4840271771 -0.4804379344 -0.1678719819 0.8105661869 0.5610716939 0.6610006690 -0.3296970129 0.6740756631
-283.4 -508.1 2639.1 0.4101552963 -0.9045314789 -0.1165994778 -0.1623347998 0.0533997975 -0.9852897525 0.8974519968 0.4230499566 -0.1249347255
63.9 -528.6 2476.6 0.4101552963 0.5451607108 -0.7311446071 -0.1623347998 0.8325175643 0.5296810269 0.8974519968 -0.0985612497 0.4299600124
-77.4 -257.0 2470.7 0 0 0 0 0 0 0 0 0
-49.7 -209.1 2507.8 0 0 0 0 0 0 0 0 0
-321.6 -865.5 2330.3 0 0 0 0 0 0 0 0 0
-144.3 -846.6 2514.3 0 0 0 0 0 0 0 0 0
-163.8 79.3 2697.3 9 0.4302217960 0.2930130363 -0.8538457751 -0.3424189091 0.9281381965 0.1459754556 0.8352595568 0.2295711040 0.4996384680
-223.5 -109.7 2650.6 0.4302217960 0.2930130363 -0.8538457751 -0.3424189091 0.9281381965 0.1459754556 0.8352595568 0.2295711040 0.4996384680
-277.0 -296.3 2608.3 0.4381869435 0.2692235112 -0.8576193452 -0.3159624636 0.9393407702 0.1334414780 0.8415223956 0.2125032097 0.4966714084
-287.4 -63.6 2527.7 0.1310201585 0.3302960396 -0.9347396493 0.7551119924 0.5776879787 0.3099718094 0.6423703432 -0.7464456558 -0.1737217307
-317.1 -234.6 2382.2 -0.9349780083 0.3302960396 0.1293082833 0.0919062793 0.5776879787 -0.8110671043 -0.3425920904 -0.7464456558 -0.5704818368
-159.5 -155.8 2773.4 0.8921756148 0.4490927160 0.0483570620 -0.4480546415 0.8934643269 -0.0311208591 -0.0571814626 0.0060986658 0.9983451962
-11.0 -230.4 2763.9 -0.1500245333 0.4490927160 0.8807998300 0.0821339190 0.8934643269 -0.4415602684 -0.9852647781 0.0060986658 -0.1709273160
-370.2 -452.1 2488.5 0.7326430678 -0.6092597842 -0.3033754230 -0.1688894033 0.2690563500 -0.9482009411 0.6593258381 0.7459297180 0.0942247435
-139.1 -554.1 2205.6 0.7326430678 0.4758284390 -0.4866430461 -0.1688894033 0.8197436333 0.5472629666 0.6593258381 -0.3187595308 0.6809418797
-287.4 -511.4 2640.9 0.4141299725 -0.9030437469 -0.1140542924 -0.1642433405 0.0491092578 -0.9851966500 0.8952767849 0.4267321229 -0.1279813051
65.9 -530.7 2473.9 0.4141299725 0.5612509847 -0.7165847421 -0.1642433405 0.8204222918 0.5476598740 0.8952767849 -0.1091080979 0.4319432080
-75.5 -258.4 2470.7 0 0 0 0 0 0 0 0 0
-50.0 -209.1 2507.9 0 0 0 0 0 0 0 0 0
-320.9 -867.3 2327.4 0 0 0 0 0 0 0 0 0
-148.4 -844.0 2515.6 0 0 0 0 0 0 0 0 0
-165.6 79.0 2697.5 0 0.4729157984 0.2774996459 -0.8362682462 -0.3365046382 0.9340494275 0.1196506321 0.8143188953 0.2248234600 0.5351066589
-221.9 -110.3 2651.9 0.4729157984 0.2774996459 -0.8362682462 -0.3365046382 0.9340494275 0.1196506321 0.8143188953 0.2248234600 0.5351066589
-273.0 -297.6 2609.6 0.4788110852 0.2571558654 -0.8394109607 -0.3158121705 0.9425839186 0.1086197272 0.8191474676 0.2130878866 0.5325325727
-291.7 -64.3 2532.4 0.1091049835 0.3278994262 -0.9383912086 0.7417089939 0.6016433239 0.2964676619 0.6617884040 -0.7283592820 -0.1775636524
-316.9 -235.2 2380.0 -0.9339376092 0.3278994262 0.1422761828 0.0903296992 0.6016433239 -0.7936408520 -0.3458338976 -0.7283592820 -0.5915164351
-152.0 -156.4 2771.5 0.8844718337 0.4649806321 0.0387637727 -0.4641944468 0.8852961063 -0.0278265066 -0.0472562015 0.0066178334 0.9988608956
-11.0 -230.4 2763.9 -0.1425132155 0.4649806321 0.8737751245 0.0822250620 0.8852961063 -0.4577005804 -0.9863716364 0.0066178334 -0.1643994600
-370.6 -454.0 2489.0 0.7343078256 -0.6109050512 -0.2959510088 -0.1640231907 0.2633812726 -0.9506453872 0.6587020159 0.7466092110 0.0932003334
-138.0 -554.3 2204.7 0.7343078256 0.4778273702 -0.4821545482 -0.1640231907 0.8141360879 0.5570267439 0.6587020159 -0.3299446106 0.6762012839
-290.3 -512.0 2643.2 0.4159563482 -0.9023123384 -0.1131934375 -0.1736503690 0.0433714539 -0.9838518500 0.8926510215 0.4288955033 -0.1386462450
66.1 -529.1 2473.8 0.4159563482 0.5608768463 -0.7158194184 -0.1736503690 0.8216515183 0.5428943634 0.8926510215 -0.1015180498 0.4391676486
-74.9 -258.6 2469.6 0 0 0 0 0 0 0 0 0
-47.9 -209.1 2508.0 0 0 0 0 0 0 0 0 0
-320.6 -865.4 2330.8 0 0 0 0 0 0 0 0 0
-148.2 -843.0 2512.6 0 0 0 0 0 0 0 0 0
-167.1 80.2 2697.1 1 0.4830966592 0.2741599679 -0.8315371275 -0.3362713158 0.9349733591 0.1129002050 0.8084177375 0.2250803709 0.5438746214
-222.9 -110.1 2651.3 0.4830966592 0.2741599679 -0.8315371275 -0.3362713158 0.9349733591 0.1129002050 0.8084177375 0.2250803709 0.5438746214
-272.3 -298.1 2610.1 0.4910402000 0.2483980805 -0.8349717855 -0.3076755404 0.9461650848 0.1005357578 0.8149940372 0.2075333148 0.5410311222
-294.6 -65.2 2532.4 0.1018883362 0.3305034637 -0.9382889867 0.7388898730 0.6063874364 0.2938299477 0.6660784483 -0.7232300639 -0.1824218631
-317.9 -234.1 2380.1 -0.9293724895 0.3305034637 0.1644208878 0.0756026134 0.6063874364 -0.7915671468 -0.3613184392 -0.7232300639 -0.5885466933
-151.3 -155.0 2770.3 0.8800381422 0.4743902385 0.0220636185 -0.4740650356 0.8802953959 -0.0185034126 -0.0282003395 0.0058241175 0.9995853305
-11.0 -230.6 2765.8 -0.1405096203 0.4743902385 0.8690287471 0.0822483003 0.8802953959 -0.4672421515 -0.9866571426 0.0058241175 -0.1627077609
-367.9 -456.0 2492.1 0.7378879189 -0.6026795506 -0.3038070798 -0.1772554964 0.2612859309 -0.9488467574 0.6512310505 0.7539940476 0.0859714746
-139.7 -555.0 2206.5 0.7378879189 0.4793536365 -0.4751226008 -0.1772554964 0.8168913722 0.5488797426 0.6512310505 -0.3207936287 0.6877423525
-280.2 -513.8 2642.2 0.4180325270 -0.8995599747 -0.1266517788 -0.2040328234 0.0428833775 -0.9780243635 0.8852227926 0.4346871078 -0.1656131148
67.3 -530.4 2474.3 0.4180325270 0.5721624494 -0.7056053877 -0.2040328234 0.8160194159 0.5408168435 0.8852227926 -0.0821123794 0.4578625858
-82.7 -253.3 2471.6 0 0 0 0 0 0 0 0 0
-47.5 -209.2 2510.0 0 0 0 0 0 0 0 0 0
-322.8 -867.1 2329.1 0 0 0 0 0 0 0 0 0
-151.2 -842.1 2505.6 0 0 0 0 0 0 0 0 0
-168.0 81.6 2696.5 2 0.4968214333 0.2790312767 -0.8217724562 -0.3455151618 0.9322189093 0.1076440141 0.7961078882 0.2304549962 0.5595558286
-224.7 -107.8 2649.6 0.4968214333 0.2790312767 -0.8217724562 -0.3455151618 0.9322189093 0.1076440141 0.7961078882 0.2304549962 0.5595558286
-274.6 -295.5 2607.3 0.5053162575 0.2512399852 -0.8255507350 -0.3154546916 0.9442461133 0.0942740515 0.8032084703 0.2127856314 0.5563977361
-298.5 -61.8 2532.4 0.0822814107 0.3263590336 -0.9416579008 0.7439248562 0.6086308956 0.2759424448 0.6631783843 -0.7232276201 -0.1927075982
-317.6 -234.4 2378.5 -0.9329683781 0.3263590336 0.1518546790 0.0844912305 0.6086308956 -0.7889420986 -0.3499018252 -0.7232276201 -0.5954078436
-150.9 -153.9 2766.9 0.8761106133 0.4802234471 0.0426100716 -0.4796557724 0.8771461844 -0.0233430285 -0.0485851318 0.0000129076 0.9988190532
-11.9 -230.0 2759.2 -0.1499914080 0.4802234471 0.8642268181 0.0821323842 0.8771461844 -0.4731477797 -0.9852699637 0.0000129076 -0.1710062921
-366.7 -457.9 2494.1 0.7415284514 -0.5976590514 -0.3048593700 -0.1833113432 0.2566206157 -0.9489693642 0.6453933120 0.7595719695 0.0807337984
-138.8 -555.8 2204.5 0.7415284514 0.4826093316 -0.4660727382 -0.1833113432 0.8139805794 0.5512101650 0.6453933120 -0.3233015835 0.6920574903
-276.7 -514.3 2643.5 0.4259011149 -0.8959064484 -0.1263324171 -0.2091499418 0.0383590460 -0.9771309495 0.8802639246 0.4425835609 -0.1710416228
67.6 -529.0 2473.4 0.4259011149 0.5687030554 -0.7036938667 -0.2091499418 0.8185781240 0.5349637270 0.8802639246 -0.0806640983 0.4675775468
-78.3 -256.1 2468.2 0 0 0 0 0 0 0 0 0
-50.7 -208.7 2503.9 0 0 0 0 0 0 0 0 0
-323.2 -866.8 2328.0 0 0 0 0 0 0 0 0 0
-149.7 -841.8 2504.2 0 0 0 0 0 0 0 0 0
-168.3 83.0 2696.1 3 0.4850159585 0.2821460068 -0.8277397752 -0.3477612138 0.9306918383 0.1134671271 0.8023849726 0.2328224331 0.5495198369
-225.7 -106.4 2648.7 0.4850159585 0.2821460068 -0.8277397752 -0.3477612138 0.9306918383 0.1134671271 0.8023849726 0.2328224331 0.5495198369
-276.3 -293.7 2605.7 0.4932840466 0.2546215951 -0.8317683935 -0.3189066350 0.9425585866 0.0994077399 0.8093017936 0.2162202150 0.5461496115
-297.8 -59.9 2530.5 0.0909262225 0.3128150403 -0.9454518557 0.7474294305 0.6059423089 0.2723658681 0.6580893993 -0.7314237356 -0.1787111312
-318.8 -233.2 2377.9 -0.9367710352 0.3128150403 0.1568656266 0.0696424469 0.6059423089 -0.7924543023 -0.3429431617 -0.7314237356 -0.5894143581
-153.7 -153.0 2766.9 0.8778612614 0.4783750176 0.0227353536 -0.4781651497 0.8781540990 -0.0142645501 -0.0267889481 0.0016510421 0.9996397495
-11.8 -230.3 2762.6 -0.1474272907 0.4783750176 0.8656919599 0.0821642727 0.8781540990 -0.4712689519 -0.9856542349 0.0016510421 -0.1687692255
-370.9 -454.2 2491.4 0.7353336811 -0.6055138707 -0.3043638468 -0.1742984802 0.2650277019 -0.9483566880 0.6549079418 0.7504087687 0.0893436521
-138.6 -555.8 2203.6 0.7353336811 0.4824656248 -0.4759320021 -0.1742984802 0.8132827878 0.5551496148 0.6549079418 -0.3252660036 0.6821272969
-278.3 -512.0 2638.7 0.4260324240 -0.8975830078 -0.1133184806 -0.1779879928 0.0396507829 -0.9832335114 0.8870268464 0.4390586615 -0.1428664923
67.9 -527.3 2469.3 0.4260324240 0.5635195374 -0.7077726126 -0.1779879928 0.8192391396 0.5451307297 0.8870268464 -0.1062683165 0.4493221343
-83.0 -250.7 2464.3 0 0 0 0 0 0 0 0 0
-50.0 -209.0 2507.2 0 0 0 0 0 0 0 0 0
-323.0 -866.6 2327.9 0 0 0 0 0 0 0 0 0
-147.4 -840.2 2509.9 0 0 0 0 0 0 0 0 0
-170.4 80.8 2696.9 4 0.4646550715 0.2814356685 -0.8395770788 -0.3471008539 0.9301574826 0.1196999252 0.8146266937 0.2357987463 0.5298889279
-227.6 -108.3 2649.0 0.4646550715 0.2814356685 -0.8395770788 -0.3471008539 0.9301574826 0.1196999252 0.8146266937 0.2357987463 0.5298889279
-278.4 -295.4 2605.3 0.4724769592 0.2554947436 -0.8434974551 -0.3198345900 0.9415214658 0.1060338914 0.8212620616 0.2196810842 0.5265632272
-296.6 -61.6 2529.1 0.1031089723 0.3095841408 -0.9452651739 0.7500665188 0.5999540687 0.2783080041 0.6532754302 -0.7377077937 -0.1703480333
-320.2 -233.4 2379.5 -0.9376430511 0.3095841408 0.1580606550 0.0636523366 0.5999540687 -0.7974982858 -0.3417219520 -0.7377077937 -0.5822485089
-158.6 -155.0 2768.9 0.8888849616 0.4581190050 -0.0032436009 -0.4581211805 0.8887996078 -0.0126602286 -0.0029169803 0.0127394488 0.9999145865
-11.7 -230.8 2768.4 -0.1322809458 0.4581190050 0.8789930344 0.0823405758 0.8887996078 -0.4508384764 -0.9877862930 0.0127394488 -0.1552930325
-372.1 -451.8 2488.6 0.7326802611 -0.6043142080 -0.3130240142 -0.1739157438 0.2784187794 -0.9445825815 0.6579764485 0.7465168238 0.0988921747
-143.6 -557.1 2206.3 0.7326802611 0.4694657028 -0.4927287698 -0.1739157438 0.8291068077 0.5313522816 0.6579764485 -0.3036180139 0.6891176105
-281.7 -510.2 2637.0 0.4239790738 -0.8988121152 -0.1112585738 -0.1635441333 0.0448456742 -0.9855161905 0.8907833695 0.4360339344 -0.1279818267
64.2 -527.5 2469.2 0.4239790738 0.5507254004 -0.7189877033 -0.1635441333 0.8273770809 0.5373085737 0.8907833695 -0.1102213785 0.4408584833
-88.3 -249.1 2464.0 0 0 0 0 0 0 0 0 0
-46.0 -209.4 2512.5 0 0 0 0 0 0 0 0 0
-322.9 -873.8 2322.2 0 0 0 0 0 0 0 0 0
-146.2 -843.6 2511.3 0 0 0 0 0 0 0 0 0
-167.7 84.7 2695.9 5 0.4913550317 0.2881741822 -0.8219038248 -0.3484639227 0.9299005866 0.1177191809 0.7982124686 0.2285619080 0.5573296547
-226.5 -105.1 2649.2 0.4913550317 0.2881741822 -0.8219038248 -0.3484639227 0.9299005866 0.1177191809 0.7982124686 0.2285619080 0.5573296547
-278.6 -292.0 2606.8 0.4991371632 0.2626755834 -0.8257503510 -0.3220337927 0.9409258366 0.1046553701 0.8044602871 0.2136821449 0.5542414784
-299.3 -58.0 2531.8 0.0833848938 0.3152579069 -0.9453356266 0.7582800984 0.5954362750 0.2654560804 0.6465742588 -0.7389642000 -0.1894033998
-318.6 -233.3 2382.3 -0.9400107861 0.3152579069 0.1303539872 0.0889707059 0.5954362750 -0.7984609008 -0.3293386102 -0.7389642000 -0.5877652764
-153.6 -152.1 2766.6 0.8745307922 0.4843506217 -0.0245029721 -0.4845991433 0.8747214675 -0.0051003331 0.0189629272 0.0163345169 0.9996867180
-11.4 -230.9 2769.7 -0.1156340614 0.4843506217 0.8671984673 0.0825134590 0.8747214675 -0.4775498807 -0.9898587465 0.0163345169 -0.1411130428
-372.5 -453.2 2486.4 0.7312756777 -0.6100854874 -0.3050106764 -0.1663490832 0.2741517425 -0.9471899271 0.6614860892 0.7433952689 0.0989933386
-142.7 -556.5 2206.4 0.7312756777 0.4650423527 -0.4989704192 -0.1663490832 0.8310472965 0.5307431817 0.6614860892 -0.3051163256 0.6850841045
-285.8 -511.8 2637.0 0.4214780033 -0.9012072682 -0.1009044945 -0.1524262577 0.0392831750 -0.9875338078 0.8939365149 0.4316042960 -0.1208106577
65.0 -527.1 2468.9 0.4214780033 0.5062623024 -0.7523661256 -0.1524262577 0.8574045300 0.4915522933 0.8939365149 -0.0924981311 0.4385448396
-80.3 -255.9 2465.8 0 0 0 0 0 0 0 0 0
-41.4 -209.5 2513.3 0 0 0 0 0 0 0 0 0
-320.4 -874.0 2323.0 0 0 0 0 0 0 0 0 0
-98.3 -803.8 2498.8 0 0 0 0 0 0 0 0 0
-164.9 86.4 2686.3 6 0.5298539400 0.2965278327 -0.7945602536 -0.3395305276 0.9326936007 0.1216623038 0.7771575451 0.2053142190 0.5948716402
-225.3 -103.4 2644.5 0.5298539400 0.2965278327 -0.7945602536 -0.3395305276 0.9326936007 0.1216623038 0.7771575451 0.2053142190 0.5948716402
-278.9 -290.8 2605.7 0.5369381309 0.2702752650 -0.7991549969 -0.3160903752 0.9427371025 0.1064593717 0.7821664214 0.1954431236 0.5916229486
-303.6 -57.3 2530.4 0.0601187758 0.3273589909 -0.9429855943 0.7674041986 0.5889702439 0.2533867955 0.6383388638 -0.7388843894 -0.2158084810
-317.5 -235.0 2382.6 -0.9339108467 0.3273589909 0.1436892897 0.0827616900 0.5889702439 -0.8039058447 -0.3477945030 -0.7388843894 -0.5771384835
-146.9 -149.6 2758.6 0.8517159224 0.5177339315 -0.0808178112 -0.5163873434 0.8554940224 0.0383939706 0.0890170187 0.0090325428 0.9959891438
-12.5 -231.1 2772.7 -0.1190272346 0.5177339315 0.8472213745 0.0824807286 0.8554940224 -0.5112014413 -0.9894591570 0.0090325428 -0.1445301622
-376.6 -449.5 2490.6 0.7315422893 -0.6138827801 -0.2966375053 -0.1628196687 0.2651960850 -0.9503477216 0.6620692015 0.7435179949 0.0940499604
-140.5 -551.4 2204.7 0.7315422893 0.4669137895 -0.4968273342 -0.1628196687 0.8272590041 0.5377102494 0.6620692015 -0.3124645352 0.6811977029
-285.1 -508.5 2638.0 0.4191419184 -0.9029378295 -0.0949913710 -0.1663224548 0.0264932439 -0.9857154489 0.8925563693 0.4289538562 -0.1390744001
60.1 -518.7 2474.1 0.4191419184 0.4787095785 -0.7714643478 -0.1663224548 0.8758097887 0.4530939162 0.8925563693 -0.0615988150 0.4467087388
-77.9 -256.3 2471.8 0 0 0 0 0 0 0 0 0
-43.3 -209.8 2516.3 0 0 0 0 0 0 0 0 0
-319.0 -867.5 2324.1 0 0 0 0 0 0 0 0 0
-108.5 -827.0 2495.8 0 0 0 0 0 0 0 0 0
-165.4 87.9 2692.5 7 0.4992907643 0.2926994562 -0.8154972196 -0.3365844190 0.9328124523 0.1287315339 0.7983856797 0.2102092057 0.5642627478
-225.2 -102.7 2649.6 0.4992907643 0.2926994562 -0.8154972196 -0.3365844190 0.9328124523 0.1287315339 0.7983856797 0.2102092057 0.5642627478
-277.9 -290.2 2610.0 0.5065283775 0.2653537393 -0.8203757405 -0.3122519553 0.9433348775 0.1123301759 0.8036962748 0.1992655098 0.5606830716
-299.1 -57.1 2532.3 0.0771649629 0.3420385420 -0.9365122318 0.7558711767 0.5924578905 0.2786618173 0.6501571536 -0.7293855548 -0.2128200978
-317.2 -234.7 2379.6 -0.9235578179 0.3420385420 0.1733511090 0.0687570274 0.5924578905 -0.8026618958 -0.3772445321 -0.7293855548 -0.5706866384
-151.3 -148.3 2766.8 0.8728309870 0.4817799330 -0.0778084546 -0.4800274968 0.8762909770 0.0410820581 0.0879753605 0.0014925041 0.9961215258
0.7 -231.9 2782.1 -0.1464110166 0.4817799330 0.8639744520 0.0821750015 0.8762909770 -0.4747224450 -0.9858047962 0.0014925041 -0.1678889245
-381.7 -449.1 2495.3 0.7350628972 -0.6149787307 -0.2854534984 -0.1490121335 0.2641917765 -0.9528893232 0.6614211798 0.7429696321 0.1025582626
-142.0 -552.1 2205.8 0.7350628972 0.4575331211 -0.5003458858 -0.1490121335 0.8289512992 0.5391058326 0.6614211798 -0.3217190802 0.6775093079
-283.3 -507.1 2638.6 0.4171483517 -0.9016560912 -0.1140328944 -0.1868162304 0.0377223976 -0.9816703796 0.8894307017 0.4308053553 -0.1527081579
62.3 -521.5 2473.4 0.4171483517 0.5201405287 -0.7452791929 -0.1868162304 0.8515976071 0.4897766709 0.8894307017 -0.0650792718 0.4524132311
-83.0 -252.1 2475.3 0 0 0 0 0 0 0 0 0
-37.2 -210.7 2527.2 0 0 0 0 0 0 0 0 0
-316.8 -868.8 2328.7 0 0 0 0 0 0 0 0 0
-128.4 -833.9 2497.3 0 0 0 0 0 0 0 0 0
-167.4 88.3 2694.2 8 0.5055204630 0.2892310917 -0.8128926158 -0.3397781551 0.9327446818 0.1205742732 0.7930951118 0.2152504027 0.5697959065
-226.6 -102.6 2650.1 0.5055204630 0.2892310917 -0.8128926158 -0.3397781551 0.9327446818 0.1205742732 0.7930951118 0.2152504027 0.5697959065
-278.6 -290.0 2609.4 0.5125406981 0.2617357671 -0.8177997470 -0.3158767521 0.9430977702 0.1038673744 0.7984509468 0.2050876766 0.5660522580
-301.5 -56.5 2533.5 0.0768308640 0.3320963085 -0.9401112199 0.7596119046 0.5912534595 0.2709410787 0.6458225250 -0.7349362969 -0.2068378031
-319.4 -233.6 2383.0 -0.9282605052 0.3320963085 0.1674647033 0.0665281937 0.5912534595 -0.8037371039 -0.3659322262 -0.7349362969 -0.5709310174
-151.8 -148.8 2766.7 0.8864573836 0.4599454701 -0.0514144152 -0.4589269757 0.8879393339 0.0308180340 0.0598274954 -0.0037234141 0.9982017875
9.8 -232.4 2777.6 -0.1844175756 0.4599454701 0.8685852289 0.0914233029 0.8879393339 -0.4507831931 -0.9785867333 -0.0037234141 -0.2058013529
-376.9 -449.0 2496.9 0.7446201444 -0.6077240705 -0.2760657370 -0.1473150849 0.2537664771 -0.9559816122 0.6510292888 0.7525117993 0.0994326994
-140.9 -547.6 2204.6 0.7446201444 0.4492085576 -0.4937129915 -0.1473150849 0.8320157528 0.5348346233 0.6510292888 -0.3255172670 0.6857108474
-284.2 -506.3 2644.1 0.4370263219 -0.8937146068 -0.1014010459 -0.1368223429 0.0453691371 -0.9895561337 0.8889812231 0.4463359714 -0.1024526209
65.5 -524.0 2469.4 0.4370263219 0.5420431495 -0.7177724242 -0.1368223429 0.8287898898 0.5425743461 0.8889812231 -0.1389119625 0.4363666177
-88.2 -250.1 2474.1 0 0 0 0 0 0 0 0 0
-37.8 -208.8 2524.8 0 0 0 0 0 0 0 0 0
-312.6 -865.5 2329.0 0 0 0 0 0 0 0 0 0
-136.9 -833.4 2521.3 0 0 0 0 0 0 0 0 0
-170.2 88.3 2696.0 9 0.4677800536 0.2775170505 -0.8391460776 -0.3358951211 0.9340110421 0.1216462478 0.8175306320 0.2249613702 0.5301283598
-227.1 -102.9 2649.9 0.4677800536 0.2775170505 -0.8391460776 -0.3358951211 0.9340110421 0.1216462478 0.8175306320 0.2249613702 0.5301283598
-277.7 -290.4 2608.0 0.4744987488 0.2551983297 -0.8424516320 -0.3122140765 0.9436224699 0.1099952683 0.8230268955 0.2108326405 0.5274242163
-296.3 -57.3 2529.8 0.0940254107 0.3434274495 -0.9344606996 0.7614739537 0.5798443556 0.2897204459 0.6413397193 -0.7388085723 -0.2069909573
-318.2 -234.5 2380.6 -0.9264698029 0.3434274495 0.1539848447 0.0801838189 0.5798443556 -0.8107718825 -0.3677285910 -0.7388085723 -0.5647456050
-157.8 -148.5 2770.0 0.8980387449 0.4395820796 -0.0171454884 -0.4390443265 0.8980304599 0.0279536620 0.0276851002 -0.0175758433 0.9994621873
14.3 -232.7 2775.3 -0.2205199003 0.4395820796 0.8707115054 0.0889333263 0.8980304599 -0.4308505356 -0.9713196158 -0.0175758433 -0.2371270806
-377.6 -448.5 2495.4 0.7411957979 -0.6105852723 -0.2789522707 -0.1513758898 0.2528183162 -0.9555983543 0.6539985538 0.7505121231 0.0949599892
-140.3 -546.7 2203.8 0.7411957979 0.4546623826 -0.4938733578 -0.1513758898 0.8299630284 0.5368861556 0.6539985538 -0.3231772482 0.6839900017
-283.6 -506.4 2641.8 0.4275415838 -0.8971701264 -0.1108778566 -0.1526588351 0.0492372252 -0.9870516658 0.8910126090 0.4389321208 -0.1159099862
68.7 -525.7 2469.4 0.4275415838 0.5634894967 -0.7068859339 -0.1526588351 0.8157311082 0.5579229593 0.8910126090 -0.1306228936 0.4347806275
-82.5 -254.9 2474.2 0 0 0 0 0 0 0 0 0
-45.4 -208.6 2511.9 0 0 0 0 0 0 0 0 0
-314.0 -863.9 2327.2 0 0 0 0 0 0 0 0 0
-144.1 -833.8 2518.7 0 0 0 0 0 0 0 0 0
-172.6 87.1 2695.9 0 0.4611262083 0.2793477476 -0.8422157764 -0.3364446163 0.9333223104 0.1253574789 0.8210771084 0.2255533487 0.5243644118
-229.8 -104.0 2649.7 0.4611262083 0.2793477476 -0.8422157764 -0.3364446163 0.9333223104 0.1253574789 0.8210771084 0.2255533487 0.5243644118
-280.0 -291.6 2607.8 0.4685592651 0.2528605461 -0.8464713693 -0.3102217615 0.9442386031 0.1103444323 0.8271726966 0.2108909339 0.5208746195
-298.2 -58.7 2528.9 0.0963268727 0.3158182204 -0.9439173341 0.7702872157 0.5769463778 0.2716440558 0.6303798556 -0.7532540560 -0.1876952946
-320.1 -234.0 2385.4 -0.9375504255 0.3158182204 0.1458012313 0.0677648187 0.5769463778 -0.8139660954 -0.3411848247 -0.7532540560 -0.5623177290
-161.4 -149.3 2770.4 0.9051550627 0.4250227511 -0.0070716827 -0.4246664345 0.9048809409 0.0291351601 0.0187821370 -0.0233687311 0.9995504618
16.6 -232.8 2774.1 -0.2400035560 0.4250227511 0.8727851510 0.0877619907 0.9048809409 -0.4165192246 -0.9667968154 -0.0233687311 -0.2544754744
-371.9 -449.3 2490.8 0.7408723831 -0.6050882936 -0.2915068269 -0.1538186520 0.2696246505 -0.9506010413 0.6537950039 0.7491132617 0.1066835895
-142.0 -551.8 2206.2 0.7408723831 0.4585627913 -0.4907425940 -0.1538186520 0.8270808458 0.5406265855 0.6537950039 -0.3250499666 0.6832968593
-285.0 -506.6 2641.6 0.4260806739 -0.8961456418 -0.1240089610 -0.1728578061 0.0539061800 -0.9834705591 0.8880177140 0.4404737055 -0.1319373995
66.2 -527.7 2469.0 0.4260806739 0.5611266494 -0.7096422315 -0.1728578061 0.8204512596 0.5449586511 0.8880177140 -0.1095291525 0.4465735257
-86.2 -250.9 2470.5 0 0 0 0 0 0 0 0 0
-49.2 -208.7 2508.9 0 0 0 0 0 0 0 0 0
-317.2 -867.8 2330.5 0 0 0 0 0 0 0 0 0
-146.9 -839.3 2510.6 0 0 0 0 0 0 0 0 0
-172.1 87.4 2695.3 1 0.4525870085 0.2821508348 -0.8459053636 -0.3297690153 0.9343293905 0.1352073848 0.8285031319 0.2177602798 0.5159099102
-230.0 -104.1 2650.7 0.4525870085 0.2821508348 -0.8459053636 -0.3297690153 0.9343293905 0.1352073848 0.8285031319 0.2177602798 0.5159099102
-280.8 -291.8 2609.6 0.4592025280 0.2556417286 -0.8507528305 -0.3066577315 0.9444429874 0.1182729527 0.8337230086 0.2065786719 0.5120851398
-297.0 -59.3 2528.9 0.0969566703 0.3268930614 -0.9400746226 0.7662420869 0.5782811046 0.2801143229 0.6351948380 -0.7474837303 -0.1944110096
-319.2 -234.8 2383.5 -0.9336788654 0.3268930614 0.1462350190 0.0752296746 0.5782811046 -0.8123616576 -0.3501203358 -0.7474837303 -0.5645208955
-162.9 -148.9 2772.4 0.8956932425 0.4439315796 0.0256587788 -0.4437681437 0.8960604668 -0.0120593235 -0.0283453334 -0.0005850943 0.9995980263
3.7 -231.4 2767.1 -0.1735899150 0.4439315796 0.8790854812 0.0853603110 0.8960604668 -0.4356480539 -0.9811117053 -0.0005850943 -0.1934412122
-373.2 -450.8 2490.1 0.7357065082 -0.6095383763 -0.2952945232 -0.1562711746 0.2714596987 -0.9496783614 0.6590259671 0.7448305488 0.1044613793
-141.1 -554.2 2206.5 0.7357065082 0.4678747058 -0.4897235632 -0.1562711746 0.8208033442 0.5494189262 0.6590259671 -0.3276814222 0.6769856811
-287.3 -507.7 2641.7 0.4174227417 -0.9003065825 -0.1233138666 -0.1891041249 0.0466682427 -0.9808474183 0.8888182640 0.4327471852 -0.1507713050
65.1 -526.0 2472.3 0.4174227417 0.5577877164 -0.7173779607 -0.1891041249 0.8254817128 0.5318078399 0.8888182640 -0.0863295496 0.4500547945
-81.5 -253.9 2472.6 0 0 0 0 0 0 0 0 0
-44.0 -208.0 2497.2 0 0 0 0 0 0 0 0 0
-319.9 -867.8 2331.7 0 0 0 0 0 0 0 0 0
-147.4 -840.4 2505.2 0 0 0 0 0 0 0 0 0
-173.9 89.3 2695.5 2 0.4558839500 0.2797783315 -0.8449224234 -0.3291244507 0.9350110888 0.1320278496 0.8269503713 0.2178952545 0.5183384418
-231.3 -102.6 2650.8 0.4558839500 0.2797783315 -0.8449224234 -0.3291244507 0.9350110888 0.1320278496 0.8269503713 0.2178952545 0.5183384418
-282.1 -290.3 2610.0 0.4623876512 0.2557174563 -0.8490030766 -0.3062958419 0.9446314573 0.1177043021 0.8320940733 0.2056211084 0.5151110888
-298.8 -57.9 2529.3 0.0925853476 0.3058463931 -0.9475684166 0.7654848099 0.5867251754 0.2641713917 0.6367581487 -0.7498076558 -0.1797986180
-320.1 -234.1 2382.7 -0.9400447607 0.3058463931 0.1509100497 0.0612664223 0.5867251754 -0.8074651361 -0.3355030417 -0.7498076558 -0.5702860355
-163.8 -147.4 2772.3 0.8837211728 0.4679334462 -0.0086702043 -0.4679866731 0.8837176561 -0.0056150979 0.0050345212 0.0090197213 0.9999466538
-4.8 -231.6 2773.3 -0.1396670491 0.4679334462 0.8726576567 0.0840245560 0.8837176561 -0.4604160488 -0.9866271019 0.0090197213 -0.1627441496
-373.6 -451.3 2492.2 0.7345043421 -0.6092694998 -0.2988210320 -0.1624987423 0.2696212232 -0.9491567612 0.6588607430 0.7457178235 0.0990324318
-137.8 -555.7 2203.5 0.7345043421 0.4787637293 -0.4809247553 -0.1624987423 0.8121673465 0.5603376627 0.6588607430 -0.3334208131 0.6743389964
-289.4 -507.6 2645.0 0.4346049726 -0.8943611979 -0.1060028598 -0.1651273668 0.0365742482 -0.9855938554 0.8853538632 0.4458479881 -0.1317881495
64.5 -522.0 2468.6 0.4346049726 0.5416373014 -0.7195467353 -0.1651273668 0.8333235979 0.5275459290 0.8853538632 -0.1104572341 0.4516057372
-84.4 -249.5 2466.8 0 0 0 0 0 0 0 0 0
-43.3 -208.4 2501.4 0 0 0 0 0 0 0 0 0
-320.7 -866.0 2330.9 0 0 0 0 0 0 0 0 0
-142.1 -839.8 2510.7 0 0 0 0 0 0 0 0 0
-174.9 88.6 2697.7 3 0.4596047103 0.2770873606 -0.8437926769 -0.3302741051 0.9352707863 0.1272305250 0.8244286180 0.2202071100 0.5213696361
-231.5 -102.6 2652.6 0.4596047103 0.2770873606 -0.8437926769 -0.3302741051 0.9352707863 0.1272305250 0.8244286180 0.2202071100 0.5213696361
-281.9 -290.3 2611.4 0.4660395384 0.2537352741 -0.8475998640 -0.3074840009 0.9447302818 0.1137466878 0.8296148181 0.2076129466 0.5183011889
-299.6 -57.7 2531.4 0.0786880702 0.3385799527 -0.9376416206 0.7628700137 0.5850253105 0.2752721310 0.6417456865 -0.7369592786 -0.2122579813
-318.0 -236.3 2381.2 -0.9236834049 0.3385799527 0.1793670803 0.0573493093 0.5850253105 -0.8089848161 -0.3788403273 -0.7369592786 -0.5597954988
-163.4 -147.5 2773.8 0.8778058887 0.4789869189 0.0053295619 -0.4788871706 0.8777730465 -0.0134754833 -0.0111327264 0.0092765996 0.9998949766
-9.9 -231.3 2771.9 -0.1333667636 0.4789869189 0.8676317334 0.0832130834 0.8777730465 -0.4717945457 -0.9875671268 0.0092765996 -0.1569237262
-375.3 -450.0 2492.8 0.7362345457 -0.6080741882 -0.2969924510 -0.1566976607 0.2737565637 -0.9489484429 0.6583346725 0.7451866269 0.1062652245
-140.7 -555.6 2205.2 0.7362345457 0.4687147141 -0.4881241918 -0.1566976607 0.8197746277 0.5508315563 0.6583346725 -0.3290533125 0.6769928932
-290.5 -506.1 2645.4 0.4349867404 -0.8954464793 -0.0946688950 -0.1320960522 0.0405392870 -0.9904075861 0.8906947970 0.4433195591 -0.1006508917
63.4 -522.2 2470.2 0.4349867404 0.5338305831 -0.7251285315 -0.1320960522 0.8344269395 0.5350535512 0.8906947970 -0.1369545758 0.4334815741
-82.4 -250.9 2477.8 0 0 0 0 0 0 0 0 0
-46.7 -208.3 2499.7 0 0 0 0 0 0 0 0 0
-319.8 -868.8 2331.0 0 0 0 0 0 0 0 0 0
-140.3 -840.6 2522.4 0 0 0 0 0 0 0 0 0
-174.4 89.7 2696.2 4 0.4902495146 0.2732683420 -0.8276350498 -0.3271868825 0.9378319979 0.1158440486 0.8078392148 0.2139988393 0.5491815209
-230.1 -101.6 2652.5 0.4902495146 0.2732683420 -0.8276350498 -0.3271868825 0.9378319979 0.1158440486 0.8078392148 0.2139988393 0.5491815209
-280.1 -289.5 2611.5 0.4953300357 0.2515624762 -0.8314833045 -0.3089548349 0.9455876350 0.1020342186 0.8119083047 0.2063501626 0.5460993648
-302.4 -56.5 2534.0 0.0655153990 0.3492034376 -0.9347538352 0.7578319311 0.5920006633 0.2742736340 0.6491521597 -0.7263554335 -0.2258523554
-318.0 -236.7 2379.7 -0.9189678431 0.3492034376 0.1831805110 0.0648281723 0.5920006633 -0.8033259511 -0.3889671564 -0.7263554335 -0.5666677356
-157.8 -146.7 2771.1 0.8647535443 0.5011933446 -0.0317251384 -0.5012927055 0.8652614355 0.0053152228 0.0301144943 0.0113072237 0.9994825125
-11.5 -231.5 2776.2 -0.1208029315 0.5011933446 0.8568616509 0.0829007626 0.8652614355 -0.4944189489 -0.9892088175 0.0113072237 -0.1460754275
-375.1 -449.9 2494.0 0.7341708541 -0.6062146425 -0.3057728112 -0.1652459204 0.2772735655 -0.9464740753 0.6585491300 0.7454013824 0.1033916548
-141.6 -556.6 2207.0 0.7341708541 0.4721466303 -0.4879249632 -0.1652459204 0.8212763071 0.5460759997 0.6585491300 -0.3202854395 0.6809774041
-289.6 -506.3 2646.2 0.4301533997 -0.8969817758 -0.1019399986 -0.1406901330 0.0449326187 -0.9890335202 0.8917254806 0.4397780895 -0.1068685725
62.5 -523.9 2473.6 0.4301533997 0.5378984809 -0.7250057459 -0.1406901330 0.8332336545 0.5347223282 0.8917254806 -0.1280114800 0.4340952933
-81.4 -253.3 2479.8 0 0 0 0 0 0 0 0 0
-44.7 -208.7 2504.0 0 0 0 0 0 0 0 0 0
-322.1 -870.5 2329.4 0 0 0 0 0 0 0 0 0
-142.9 -842.1 2522.5 0 0 0 0 0 0 0 0 0
-177.0 93.4 2695.0 5 0.4893751740 0.2744990289 -0.8277452588 -0.3231635988 0.9386750460 0.1202267632 0.8099859357 0.2086611390 0.5480723381
-233.1 -98.6 2652.3 0.4893751740 0.2744990289 -0.8277452588 -0.3231635988 0.9386750460 0.1202267632 0.8099859357 0.2086611390 0.5480723381
-283.4 -286.7 2613.1 0.4952385426 0.2530722022 -0.8310795426 -0.3022057414 0.9470696449 0.1083086357 0.8145001531 0.1975183934 0.5455052853
-305.5 -54.4 2533.4 0.0488380715 0.3437176347 -0.9378022552 0.7575697899 0.5991506577 0.2590491772 0.6509246230 -0.7231020927 -0.2311287373
-317.1 -235.4 2377.9 -0.9254446030 0.3437176347 0.1594066322 0.0854077786 0.5991506577 -0.7960678339 -0.3691311479 -0.7231020927 -0.5838369131
