-16.9 24.1 2815.7 3 0.2449965179 0.4404460490 -0.8637036681 -0.1575245261 0.8970996141 0.4127932489 0.9566413760 0.0349216051 0.2891673446
-104.4 -154.2 2808.8 0.2449965179 0.4404460490 -0.8637036681 -0.1575245261 0.8970996141 0.4127932489 0.9566413760 0.0349216051 0.2891673446
-194.5 -331.4 2804.5 0.2488846928 0.4532480240 -0.8559337854 -0.1497445405 0.8911235929 0.4283402264 0.9568871260 0.0215640850 0.2896584272
-139.4 -133.2 2674.2 -0.6510469317 0.0248435121 -0.7586308122 0.6341004372 0.5671484470 -0.5256037116 0.4171984196 -0.8232408166 -0.3849935234
18.9 -287.4 2572.7 -0.9769069552 0.0248435121 0.2122160345 -0.1610397249 0.5671484470 -0.8077183366 -0.1404245496 -0.8232408166 -0.5500504375
-69.4 -175.3 2943.4 0.7082360387 0.2462670058 -0.6616299748 -0.6964752674 0.3969635069 -0.5977810621 0.1154292077 0.8841789961 0.4526627362
97.8 -339.7 2970.6 0.9691879749 0.2462670058 -0.0052237865 -0.1057809666 0.3969635069 -0.9117183685 -0.2224524915 0.8841789961 0.4107826054
-304.1 -497.7 2719.2 0.8511276841 -0.5108602047 -0.1208452880 -0.1074977145 0.0557137951 -0.9926430583 0.5138345361 0.8578565717 -0.0074967504
-87.1 -521.4 2354.7 0.8511276841 0.2001808584 -0.4852930307 -0.1074977145 0.9713116884 0.2121269405 0.5138345361 -0.1283792108 0.8482292295
-260.1 -521.0 2888.3 0.3534809649 -0.9354410172 -0.0011542595 -0.0916983336 -0.0334225968 -0.9952257872 0.9309363961 0.3518992364 -0.0975926369
114.4 -507.6 2747.5 0.3534809649 -0.2883975506 -0.8898752928 -0.0916983336 0.9360244274 -0.3397788107 0.9309363961 0.2017054409 0.3044212759
275.4 -245.1 2609.6 0 0 0 0 0 0 0 0 0
349.6 -367.2 2912.8 0 0 0 0 0 0 0 0 0
-163.6 -892.6 2403.8 0 0 0 0 0 0 0 0 0
228.2 -877.0 2667.9 0 0 0 0 0 0 0 0 0
-17.4 24.4 2806.8 4 0.2675033212 0.4383496642 -0.8580743074 -0.1499643028 0.8986164331 0.4123095870 0.9518154860 0.0183863360 0.3061196804
-104.6 -154.2 2803.1 0.2675033212 0.4383496642 -0.8580743074 -0.1499643028 0.8986164331 0.4123095870 0.9518154860 0.0183863360 0.3061196804
-193.6 -331.9 2800.9 0.2691134512 0.4482652545 -0.8524296284 -0.1467091292 0.8938325644 0.4237214029 0.9518688917 0.0110300845 0.3063069582
-142.4 -133.5 2669.2 -0.6657004356 0.0298532005 -0.7456216812 0.6281643510 0.5617820621 -0.5383404493 0.4028056860 -0.8267464638 -0.3927312791
20.3 -287.1 2570.7 -0.9761650562 0.0298532005 0.2149665654 -0.1614955217 0.5617820621 -0.8113692999 -0.1449863315 -0.8267464638 -0.5435708165
-66.7 -174.8 2937.0 0.7145658731 0.2617363930 -0.6487600803 -0.6920759082 0.3998454809 -0.6009613276 0.1021103263 0.8784177303 0.4668573737
102.0 -338.2 2961.1 0.9651014209 0.2617363930 0.0085627260 -0.1003550962 0.3998454809 -0.9110721350 -0.2418844998 0.8784177303 0.4121580124
-307.3 -494.8 2712.4 0.8445429206 -0.5228222609 -0.1157762781 -0.0995751247 0.0591060966 -0.9932730198 0.5261483192 0.8503901362 -0.0021424538
-85.8 -519.8 2352.1 0.8445429206 0.2020627707 -0.4959010780 -0.0995751247 0.9691812992 0.2253272086 0.5261483192 -0.1409190893 0.8386356831
-257.2 -522.4 2886.2 0.3749326468 -0.9270310402 0.0062458599 -0.0888273939 -0.0426304601 -0.9951343536 0.9227866530 0.3725535274 -0.0983293056
115.3 -505.2 2736.5 0.3749326468 -0.2886245847 -0.8809775114 -0.0888273939 0.9347428083 -0.3440429270 0.9227866530 0.2072478533 0.3248278201
276.7 -244.7 2608.8 0 0 0 0 0 0 0 0 0
352.8 -364.2 2898.2 0 0 0 0 0 0 0 0 0
-163.0 -890.3 2405.9 0 0 0 0 0 0 0 0 0
229.3 -874.4 2654.6 0 0 0 0 0 0 0 0 0
-18.1 22.9 2801.8 5 0.2931234241 0.4248859584 -0.8564756513 -0.1532686055 0.9051221013 0.3965635896 0.9437093735 0.0150287542 0.3304341733
-102.4 -156.6 2798.8 0.2931234241 0.4248859584 -0.8564756513 -0.1532686055 0.9051221013 0.3965635896 0.9437093735 0.0150287542 0.3304341733
-189.8 -335.1 2797.1 0.2934060693 0.4399732947 -0.8487263322 -0.1526793092 0.8979707360 0.4127197266 0.9437170625 0.0084884735 0.3306448758
-143.7 -135.1 2666.0 -0.6776319146 0.0389845371 -0.7343672514 0.6242484450 0.5583763719 -0.5463786721 0.3887529969 -0.8286712170 -0.4027096927
21.9 -287.7 2571.0 -0.9719384313 0.0389845371 0.2319824994 -0.1713404208 0.5583763719 -0.8117008209 -0.1611773372 -0.8286712170 -0.5360278487
-61.1 -178.1 2931.5 0.7232913971 0.2790348232 -0.6316558719 -0.6860676408 0.3943458796 -0.6113939285 0.0784906968 0.8755745888 0.4766637385
109.6 -340.0 2950.1 0.9598970413 0.2790348232 0.0271516815 -0.0887611136 0.3943458796 -0.9146654010 -0.2659306526 0.8755745888 0.4032989144
-307.4 -496.1 2711.4 0.8444987535 -0.5236669183 -0.1122268662 -0.0954324231 0.0590553284 -0.9936826229 0.5269863009 0.8498737812 -0.0001026500
-87.1 -520.9 2354.0 0.8444987535 0.1967418194 -0.4981109798 -0.0954324231 0.9704753757 0.2215179503 0.5269863009 -0.1395356953 0.8383407593
-250.0 -527.3 2882.0 0.3989108205 -0.9168675542 0.0149691161 -0.0940037444 -0.0571264513 -0.9939315319 0.9121586680 0.3950828910 -0.1089773402
119.1 -504.3 2723.0 0.3989108205 -0.2915807962 -0.8693968058 -0.0940037444 0.9301005602 -0.3550721407 0.9121586680 0.2233686745 0.3436174989
277.1 -242.7 2613.4 0 0 0 0 0 0 0 0 0
359.0 -363.0 2881.0 0 0 0 0 0 0 0 0 0
-162.3 -891.9 2407.3 0 0 0 0 0 0 0 0 0
234.2 -871.7 2634.7 0 0 0 0 0 0 0 0 0
-13.1 20.4 2800.3 6 0.3259127438 0.4245298207 -0.8447220325 -0.1669054925 0.9053103924 0.3905836940 0.9305500984 0.0136925429 0.3659085631
-97.3 -159.2 2797.6 0.3259127438 0.4245298207 -0.8447220325 -0.1669054925 0.9053103924 0.3905836940 0.9305500984 0.0136925429 0.3659085631
-184.0 -338.1 2796.1 0.3265224397 0.4361995459 -0.8385183811 -0.1656268686 0.8998219371 0.4035940766 0.9305648208 0.0070986440 0.3660584092
-143.3 -135.9 2666.7 -0.6755610108 0.0416580029 -0.7361263037 0.6179936528 0.5765150785 -0.5345223546 0.4021207988 -0.8160238862 -0.4152155221
25.6 -290.4 2566.2 -0.9629872441 0.0416580029 0.2663084269 -0.1945240647 0.5765150785 -0.7935935259 -0.1865903586 -0.8160238862 -0.5470731854
-51.4 -182.5 2928.4 0.7283899784 0.3073907495 -0.6123389602 -0.6838166118 0.3821375668 -0.6215832233 0.0429288074 0.8714825511 0.4885440767
120.4 -343.8 2938.5 0.9505160451 0.3073907495 0.0450573079 -0.0799396634 0.3821375668 -0.9206413627 -0.3002147377 0.8714825511 0.3878006041
-304.2 -499.6 2708.8 0.8468931317 -0.5211843252 -0.1055410430 -0.0943155512 0.0481070578 -0.9943793416 0.5233322382 0.8520871997 -0.0084142489
-85.2 -519.8 2350.8 0.8468931317 0.2041801363 -0.4910015166 -0.0943155512 0.9663821459 0.2391863316 0.5233322382 -0.1562561840 0.8376798034
-240.6 -532.0 2880.0 0.4310717583 -0.9021689296 0.0163815655 -0.1062183231 -0.0687649623 -0.9919621944 0.8960439563 0.4258668721 -0.1254695058
122.7 -504.3 2708.5 0.4310717583 -0.2870721519 -0.8554336429 -0.1062183231 0.9253045321 -0.3640456200 0.8960439563 0.2477925122 0.3683803380
276.9 -239.6 2614.9 0 0 0 0 0 0 0 0 0
367.3 -364.5 2860.5 0 0 0 0 0 0 0 0 0
-163.2 -889.2 2410.5 0 0 0 0 0 0 0 0 0
236.1 -869.7 2610.6 0 0 0 0 0 0 0 0 0
-15.3 23.3 2810.0 7 0.2704758942 0.4284711480 -0.8621225357 -0.1584868878 0.9031000733 0.3991142809 0.9495918751 0.0286843199 0.3121738434
-100.2 -155.7 2804.3 0.2704758942 0.4284711480 -0.8621225357 -0.1584868878 0.9031000733 0.3991142809 0.9495918751 0.0286843199 0.3121738434
-187.5 -334.3 2800.5 0.2727113664 0.4393157363 -0.8559381962 -0.1538468003 0.8981245160 0.4119508564 0.9497155547 0.0193396732 0.3125160933
-138.5 -134.1 2671.0 -0.6505595446 0.0402956307 -0.7583854795 0.6364251971 0.5738241673 -0.5154501200 0.4144095182 -0.8179866076 -0.3989519477
21.9 -291.0 2568.8 -0.9662010670 0.0402956307 0.2546208203 -0.1862377375 0.5738241673 -0.7975220084 -0.1782442331 -0.8179866076 -0.5469249487
-61.9 -177.3 2937.7 0.7212077379 0.2594392300 -0.6423010826 -0.6863937974 0.3926561773 -0.6121149063 0.0933968648 0.8823335171 0.4612641633
108.0 -339.1 2959.7 0.9655774832 0.2594392300 0.0187461190 -0.0877283365 0.3926561773 -0.9154915810 -0.2448752224 0.8823335171 0.4019001424
-300.7 -501.8 2709.4 0.8511275053 -0.5133640766 -0.1097236276 -0.0993408263 0.0477312021 -0.9939079881 0.5154739022 0.8568425179 -0.0103726704
-86.7 -521.7 2352.3 0.8511275053 0.1933264583 -0.4880643487 -0.0993408263 0.9722354412 0.2118718922 0.5154739022 -0.1318452805 0.8467015028
-235.9 -534.3 2879.0 0.3945769072 -0.9179403782 0.0411646627 -0.0601705723 -0.0705158412 -0.9956942201 0.9168906808 0.3904010355 -0.0830569193
131.2 -506.1 2722.9 0.3945769072 -0.1486651599 -0.9067566991 -0.0601705723 0.9805262685 -0.1869432032 0.9168906808 0.1283235401 0.3779477477
273.5 -242.5 2615.2 0 0 0 0 0 0 0 0 0
358.5 -361.8 2896.2 0 0 0 0 0 0 0 0 0
-160.6 -893.2 2402.7 0 0 0 0 0 0 0 0 0
187.8 -880.0 2674.0 0 0 0 0 0 0 0 0 0
-17.0 26.7 2804.9 8 0.2647096515 0.4300456941 -0.8631277680 -0.1339426339 0.9027766585 0.4087220132 0.9549807310 0.0074169408 0.2965751588
-102.2 -152.2 2803.4 0.2647096515 0.4300456941 -0.8631277680 -0.1339426339 0.9027766585 0.4087220132 0.9549807310 0.0074169408 0.2965751588
-190.2 -330.5 2803.4 0.2660017908 0.4425983429 -0.8563584089 -0.1312780827 0.8967199922 0.4226811528 0.9549916983 -0.0000128478 0.2966325879
-139.6 -133.8 2669.2 -0.6557994485 0.0316047668 -0.7542732954 0.6336523294 0.5661637187 -0.5272033215 0.4103800356 -0.8236867189 -0.3913162947
23.7 -291.6 2567.0 -0.9635045528 0.0316047668 0.2658198178 -0.2019134909 0.5661637187 -0.7991805673 -0.1757554412 -0.8236867189 -0.5391198397
-64.8 -170.7 2937.7 0.7183725834 0.2551881969 -0.6471628547 -0.6860638261 0.4138598144 -0.5983614922 0.1151399165 0.8738415241 0.4723809361
104.6 -332.5 2964.8 0.9668080211 0.2551881969 0.0126990499 -0.0973491818 0.4138598144 -0.9051205516 -0.2362317145 0.8738415241 0.4249653518
-299.7 -498.8 2709.6 0.8528292179 -0.5105283856 -0.1097411215 -0.0959738865 0.0533335507 -0.9939540029 0.5132946372 0.8582052588 -0.0035129855
-87.0 -521.0 2352.0 0.8528292179 0.1975468695 -0.4833814204 -0.0959738865 0.9692088962 0.2267667651 0.5132946372 -0.1470013261 0.8455289602
-246.8 -524.4 2888.6 0.3927268088 -0.9190679193 0.0328598320 -0.0142992418 -0.0418286882 -0.9990224838 0.9195440412 0.3918730319 -0.0295692198
132.5 -507.2 2726.9 0.3927268088 -0.0728449598 -0.9167656302 -0.0142992418 0.9962538481 -0.0852865353 0.9195440412 0.0466033593 0.3902139664
274.0 -239.1 2612.7 0 0 0 0 0 0 0 0 0
355.7 -357.7 2903.5 0 0 0 0 0 0 0 0 0
-162.5 -891.4 2408.2 0 0 0 0 0 0 0 0 0
160.1 -885.1 2709.3 0 0 0 0 0 0 0 0 0
-18.7 26.1 2811.8 9 0.2711585760 0.4237993360 -0.8642147779 -0.1579696238 0.9052728415 0.3943686485 0.9494833350 0.0295832455 0.3124199212
-102.7 -153.5 2806.0 0.2711585760 0.4237993360 -0.8642147779 -0.1579696238 0.9052728415 0.3943686485 0.9494833350 0.0295832455 0.3124199212
-189.5 -332.2 2802.1 0.2735699713 0.4363685846 -0.8571708798 -0.1529099047 0.8995644450 0.4091483951 0.9496199489 0.0191392004 0.3128188848
-141.2 -132.0 2672.5 -0.6482800841 0.0434826687 -0.7601593137 0.6361684203 0.5794926882 -0.5093898177 0.4183571339 -0.8138166070 -0.4033358693
20.8 -291.0 2567.9 -0.9650546908 0.0434826687 0.2584158480 -0.1863380969 0.5794926882 -0.7933891416 -0.1842487752 -0.8138166070 -0.5511396527
-64.2 -175.0 2939.5 0.7240949273 0.2583694160 -0.6394777298 -0.6833614707 0.3941771984 -0.6145253778 0.0932929590 0.8819691539 0.4619814157
106.6 -336.2 2961.5 0.9657965899 0.2583694160 0.0219582841 -0.0846437886 0.3941771984 -0.9151282907 -0.2450966239 0.8819691539 0.4025643468
-302.5 -496.7 2715.9 0.8530818224 -0.5096540451 -0.1118222475 -0.0941979662 0.0603579506 -0.9937221408 0.5132038593 0.8582596779 0.0034818985
-86.0 -522.3 2351.3 0.8530818224 0.2025745064 -0.4808482230 -0.0941979662 0.9662088752 0.2399316728 0.5132038593 -0.1593864262 0.8433372974
-247.7 -526.9 2884.2 0.4019673765 -0.9148467183 0.0384407379 -0.0216833837 -0.0514804572 -0.9984385967 0.9153972268 0.4005062282 -0.0405304395
135.8 -505.3 2716.4 0.4019673765 -0.0433321483 -0.9146280885 -0.0216833837 0.9981490374 -0.0568186715 0.9153972268 0.0426714867 0.4002837539
271.5 -242.5 2615.8 0 0 0 0 0 0 0 0 0
357.5 -358.2 2897.8 0 0 0 0 0 0 0 0 0
-163.4 -891.6 2412.2 0 0 0 0 0 0 0 0 0
152.3 -885.3 2700.1 0 0 0 0 0 0 0 0 0
-19.1 26.5 2814.3 0 0.2939439416 0.4027287066 -0.8668370843 -0.1790921539 0.9140458107 0.3639316261 0.9388945699 0.0482682176 0.3408037722
-98.7 -154.2 2804.8 0.2939439416 0.4027287066 -0.8668370843 -0.1790921539 0.9140458107 0.3639316261 0.9388945699 0.0482682176 0.3408037722
-180.8 -334.9 2797.2 0.2964526415 0.4130206108 -0.8611212373 -0.1734828055 0.9099405408 0.3767120540 0.9391589761 0.0377124473 0.3414062262
-140.4 -129.8 2672.7 -0.6501706243 0.0509912707 -0.7580751777 0.6346984506 0.5849109888 -0.5050118566 0.4176553190 -0.8094930649 -0.4126560390
24.0 -290.3 2567.1 -0.9602171779 0.0509912707 0.2745593786 -0.1941198260 0.5849109888 -0.7875256538 -0.2007497251 -0.8094930649 -0.5517431498
-56.9 -178.5 2936.8 0.7435414195 0.2653689086 -0.6137797236 -0.6660909057 0.3747750223 -0.6448771954 0.0588989481 0.8883259892 0.4554205537
118.4 -335.6 2950.7 0.9626367092 0.2653689086 0.0539435335 -0.0514407791 0.3747750223 -0.9256876111 -0.2658654153 0.8883259892 0.3744229674
-301.3 -497.0 2711.3 0.8529242277 -0.5100281835 -0.1113173142 -0.0941326842 0.0594810396 -0.9937812090 0.5134776831 0.8580986261 0.0027224957
-86.0 -522.1 2349.0 0.8529242277 0.2034176588 -0.4807718098 -0.0941326842 0.9657908678 0.2416341156 0.5134776831 -0.1608392447 0.8428946733
-234.0 -532.5 2875.1 0.4217160344 -0.9045119286 0.0633540377 -0.0318822674 -0.0846199468 -0.9959030747 0.9061672688 0.4179684520 -0.0645234808
147.9 -496.8 2698.7 0.4217160344 -0.0507849939 -0.9053046107 -0.0318822674 0.9969823360 -0.0707794949 0.9061672688 0.0587120131 0.4188243151
273.9 -239.8 2619.4 0 0 0 0 0 0 0 0 0
368.4 -348.9 2881.7 0 0 0 0 0 0 0 0 0
-163.8 -891.3 2410.5 0 0 0 0 0 0 0 0 0
167.3 -877.1 2676.3 0 0 0 0 0 0 0 0 0
-20.1 26.2 2816.5 1 0.2999616861 0.3911208212 -0.8700847626 -0.1880546957 0.9184314013 0.3480218053 0.9352317452 0.0592303164 0.3490463495
-97.3 -155.0 2804.9 0.2999616861 0.3911208212 -0.8700847626 -0.1880546957 0.9184314013 0.3480218053 0.9352317452 0.0592303164 0.3490463495
-177.0 -336.7 2795.2 0.3025221229 0.4010114372 -0.8646792173 -0.1821291149 0.9147927761 0.3605317175 0.9355797172 0.0484144464 0.3497809172
-139.9 -129.4 2673.3 -0.6444834471 0.0670497641 -0.7616727352 0.6358162761 0.6003090739 -0.4851460159 0.4247101545 -0.7969525456 -0.4295206070
21.7 -288.8 2566.8 -0.9617223144 0.0670497641 0.2656962872 -0.1738188863 0.6003090739 -0.7806509733 -0.2118423730 -0.7969525456 -0.5656761527
-54.7 -180.6 2936.5 0.7525537014 0.2641049922 -0.6032507420 -0.6568511128 0.3664314151 -0.6589952111 0.0470060930 0.8921751976 0.4492369592
122.8 -335.5 2947.5 0.9621114135 0.2641049922 0.0677511990 -0.0351128839 0.3664314151 -0.9297822714 -0.2703863084 0.8921751976 0.3618213236
-290.1 -499.8 2703.5 0.8604512811 -0.4969070554 -0.1127249375 -0.0963038951 0.0586452857 -0.9936228395 0.5003489852 0.8658198714 0.0026073249
-88.7 -523.6 2352.6 0.8604512811 0.1911485642 -0.4723195732 -0.0963038951 0.9712682366 0.2176317126 0.5003489852 -0.1417752802 0.8541373610
-227.1 -535.3 2870.6 0.3585754037 -0.9312149286 0.0652870163 -0.0183000881 -0.0769365877 -0.9968680143 0.9333213568 0.3562575877 -0.0446288846
153.7 -503.8 2724.9 0.3585754037 -0.0253825635 -0.9331555963 -0.0183000881 0.9992470145 -0.0342123136 0.9333213568 0.0293445233 0.3578408957
272.3 -243.5 2622.0 0 0 0 0 0 0 0 0 0
372.8 -344.6 2877.3 0 0 0 0 0 0 0 0 0
-161.8 -894.8 2406.8 0 0 0 0 0 0 0 0 0
163.4 -885.1 2713.7 0 0 0 0 0 0 0 0 0
-18.0 23.6 2807.2 2 0.2791051865 0.4162920117 -0.8653330207 -0.1616109461 0.9086538553 0.3850065768 0.9465633631 0.0323899575 0.3208873570
-100.0 -155.5 2800.8 0.2791051865 0.4162920117 -0.8653330207 -0.1616109461 0.9086538553 0.3850065768 0.9465633631 0.0323899575 0.3208873570
-184.6 -335.1 2795.2 0.2797732651 0.4255644977 -0.8605938554 -0.1601720452 0.9045170546 0.3952136934 0.9466106892 0.0272728577 0.3212232292
-139.4 -133.0 2667.7 -0.6727609634 0.0806073695 -0.7354556918 0.6114368439 0.6202730536 -0.4913311303 0.4165784717 -0.7802331448 -0.4665818512
31.4 -288.3 2561.9 -0.9572303295 0.0806073695 0.2778713703 -0.1700491905 0.6202730536 -0.7657313943 -0.2340797186 -0.7802331448 -0.5800369978
-60.6 -177.9 2933.9 0.7328912020 0.2573182285 -0.6298077703 -0.6753122807 0.3875400126 -0.6275078654 0.0826064944 0.8852118850 0.4577948153
112.2 -337.1 2953.4 0.9656980634 0.2573182285 0.0348502845 -0.0700915381 0.3875400126 -0.9191843867 -0.2500287592 0.8852118850 0.3922824562
-284.5 -501.8 2699.7 0.8608713150 -0.4942998588 -0.1206989735 -0.1076479927 0.0549127273 -0.9926713705 0.4973052442 0.8675553203 -0.0059375959
-88.6 -523.6 2355.8 0.8608713150 0.1963041872 -0.4694307745 -0.1076479927 0.9719641805 0.2090394944 0.4973052442 -0.1294228286 0.8578678370
-224.7 -537.0 2868.7 0.3411890864 -0.9374444485 0.0691951215 -0.0094555924 -0.0770312995 -0.9969838262 0.9399471283 0.3395057321 -0.0351463333
153.3 -506.0 2731.8 0.3411890864 -0.0126816137 -0.9399091601 -0.0094555924 0.9998121262 -0.0169222485 0.9399471283 0.0146610839 0.3410050571
283.5 -243.5 2623.6 0 0 0 0 0 0 0 0 0
363.0 -355.3 2888.4 0 0 0 0 0 0 0 0 0
-163.6 -895.1 2405.3 0 0 0 0 0 0 0 0 0
158.1 -887.8 2726.3 0 0 0 0 0 0 0 0 0
-15.8 23.4 2814.0 3 0.2472344339 0.4213913083 -0.8725276589 -0.1562373042 0.9060363770 0.3933039904 0.9562766552 0.0390830785 0.2898404300
-98.8 -155.2 2806.3 0.2472344339 0.4213913083 -0.8725276589 -0.1562373042 0.9060363770 0.3933039904 0.9562766552 0.0390830785 0.2898404300
-185.5 -334.0 2800.8 0.2501124740 0.4357981086 -0.8645945787 -0.1501747370 0.8996306062 0.4100150168 0.9564995170 0.0272903964 0.2904546857
-134.0 -134.2 2671.8 -0.6678000689 0.0627012700 -0.7416951060 0.6122520566 0.6129529476 -0.4994357526 0.4233089387 -0.7876275778 -0.4477190077
35.5 -289.6 2564.3 -0.9618359804 0.0627012700 0.2663457692 -0.1734971851 0.6129529476 -0.7708355188 -0.2115897834 -0.7876275778 -0.5786817074
-63.6 -176.3 2940.8 0.7215473056 0.2364516705 -0.6507381201 -0.6830623150 0.3966611624 -0.6132583618 0.1131165624 0.8869895935 0.4477210045
106.5 -337.3 2967.4 0.9715692997 0.2364516705 0.0119878259 -0.0852583051 0.3966611624 -0.9139972329 -0.2208712846 0.8869895935 0.4055432677
-294.9 -500.1 2702.9 0.8521081805 -0.5108484030 -0.1137783900 -0.0978672877 0.0580328591 -0.9935060143 0.5141338110 0.8577098250 -0.0005450700
-88.1 -523.6 2355.7 0.8521081805 0.1961070448 -0.4852356315 -0.0978672877 0.9704959989 0.2203621864 0.5141338110 -0.1402837336 0.8461600542
-241.4 -530.3 2875.2 0.3337497115 -0.9415922165 0.0448914580 -0.0047916123 -0.0493159518 -0.9987717271 0.9426495433 0.3331246674 -0.0209709294
135.5 -510.6 2741.9 0.3337497115 -0.0063374974 -0.9426404238 -0.0047916123 0.9999530911 -0.0084193284 0.9426495433 0.0073267161 0.3337036967
291.2 -243.4 2620.6 0 0 0 0 0 0 0 0 0
358.8 -359.5 2910.1 0 0 0 0 0 0 0 0 0
-163.1 -894.6 2409.3 0 0 0 0 0 0 0 0 0
137.9 -892.7 2739.1 0 0 0 0 0 0 0 0 0
-17.8 22.6 2817.4 4 0.2549346685 0.4053277075 -0.8779053092 -0.1641445607 0.9128676057 0.3738038540 0.9529243708 0.0488078184 0.2992539406
-98.0 -158.0 2807.7 0.2549346685 0.4053277075 -0.8779053092 -0.1641445607 0.9128676057 0.3738038540 0.9529243708 0.0488078184 0.2992539406
-182.5 -337.8 2801.0 0.2583478689 0.4251847863 -0.8674527407 -0.1566756815 0.9044890404 0.3966765702 0.9532623291 0.0334282070 0.3002889454
-134.4 -136.0 2673.6 -0.6767411828 0.0816492736 -0.7316793799 0.5966721773 0.6430172324 -0.4801157117 0.4312813878 -0.7614868283 -0.4838741124
40.5 -290.2 2562.2 -0.9546383619 0.0816492736 0.2863546014 -0.1690620035 0.6430172324 -0.7469583750 -0.2451195568 -0.7614868283 -0.6000451446
-61.6 -180.0 2941.8 0.7304314971 0.2378387302 -0.6402363777 -0.6754117012 0.3907598555 -0.6254004836 0.1014342085 0.8892353177 0.4460623562
110.7 -339.4 2965.7 0.9709658623 0.2378387302 0.0256532021 -0.0714706257 0.3907598555 -0.9177138209 -0.2282921374 0.8892353177 0.3964129686
-295.0 -499.0 2707.6 0.8558464646 -0.5050069690 -0.1117799133 -0.0961316749 0.0570396632 -0.9937329292 0.5082179308 0.8612284660 0.0002700308
-89.3 -522.2 2356.6 0.8558464646 0.1839254349 -0.4834234416 -0.0961316749 0.9749182463 0.2007315010 0.5082179308 -0.1253230423 0.8520613909
-239.5 -533.8 2877.9 0.3599613011 -0.9316277504 0.0499762110 -0.0119105885 -0.0581513830 -0.9982367158 0.9328911901 0.3587313294 -0.0320284814
131.7 -510.6 2734.9 0.3599613011 -0.0210088324 -0.9327306747 -0.0119105885 0.9995614886 -0.0271106884 0.9328911901 0.0208681691 0.3595532179
297.7 -244.6 2628.2 0 0 0 0 0 0 0 0 0
362.9 -357.9 2906.4 0 0 0 0 0 0 0 0 0
-159.6 -894.9 2404.5 0 0 0 0 0 0 0 0 0
139.8 -892.6 2727.0 0 0 0 0 0 0 0 0 0
-19.7 23.1 2818.6 5 0.2813057899 0.3888533115 -0.8773027658 -0.1761161387 0.9196125269 0.3511351943 0.9433187246 0.0557308123 0.3271756768
-96.5 -158.5 2807.6 0.2813057899 0.3888533115 -0.8773027658 -0.1761161387 0.9196125269 0.3511351943 0.9433187246 0.0557308123 0.3271756768
-177.4 -339.9 2799.7 0.2849785089 0.4069297612 -0.8678683043 -0.1676599681 0.9126157761 0.3728572726 0.9437570572 0.0392504670 0.3283017278
-136.6 -135.0 2674.8 -0.6522405148 0.0253828559 -0.7575870156 0.6156085730 0.6008793712 -0.5098725557 0.4422763884 -0.7989366055 -0.4075437784
28.9 -291.2 2562.6 -0.9640248418 0.0253828559 0.2645974159 -0.1968200356 0.6008793712 -0.7747295499 -0.1786559820 -0.7989366055 -0.5742667913
-56.3 -182.1 2940.3 0.7466143966 0.2514640391 -0.6158999801 -0.6614004970 0.3801236451 -0.6465720534 0.0715285316 0.8900965452 0.4501242340
119.7 -338.0 2957.2 0.9663276076 0.2514640391 0.0545596071 -0.0467624404 0.3801236451 -0.9237528443 -0.2530300021 0.8900965452 0.3790830672
-290.8 -503.2 2706.9 0.8625395298 -0.4962752461 -0.0986736566 -0.0868378952 0.0469309390 -0.9951164126 0.4984824955 0.8668957949 -0.0026157084
-88.7 -522.3 2353.9 0.8625395298 0.1870633960 -0.4701413512 -0.0868378952 0.9700923562 0.2266715318 0.4984824955 -0.1546870768 0.8529871702
-230.2 -537.5 2876.4 0.3927482367 -0.9172316194 0.0665957332 -0.0212573167 -0.0814495906 -0.9964507222 0.9194003344 0.3899386227 -0.0514870659
134.3 -505.2 2721.4 0.3927482367 -0.0424494334 -0.9186658263 -0.0212573167 0.9982482195 -0.0552146845 0.9194003344 0.0412138402 0.3911578655
287.8 -238.3 2610.6 0 0 0 0 0 0 0 0 0
370.7 -350.2 2891.5 0 0 0 0 0 0 0 0 0
-160.2 -893.0 2413.0 0 0 0 0 0 0 0 0 0
150.5 -886.6 2705.7 0 0 0 0 0 0 0 0 0
-19.6 24.8 2819.2 6 0.2981966436 0.3797779679 -0.8756982684 -0.1729255617 0.9237509370 0.3417323530 0.9387094975 0.0495271757 0.3411327600
-94.8 -158.1 2809.4 0.2981966436 0.3797779679 -0.8756982684 -0.1729255617 0.9237509370 0.3417323530 0.9387094975 0.0495271757 0.3411327600
-173.6 -340.4 2802.5 0.3013281524 0.3967227340 -0.8670711517 -0.1655009538 0.9172950387 0.3621867597 0.9390478134 0.0343640447 0.3420647979
-137.2 -134.8 2677.3 -0.6467653513 0.0321782306 -0.7620099783 0.6179128885 0.6077713966 -0.4987961352 0.4470774829 -0.7934598327 -0.4129688144
25.5 -290.3 2564.8 -0.9620594978 0.0321782306 0.2709355056 -0.1963647455 0.6077713966 -0.7694509625 -0.1894264221 -0.7934598327 -0.5783935785
-52.4 -181.3 2941.5 0.7553191185 0.2607197762 -0.6012638211 -0.6526877284 0.3819870949 -0.6542817354 0.0590908453 0.8866290450 0.4586907327
125.8 -335.3 2955.4 0.9627877474 0.2607197762 0.0711684078 -0.0351767056 0.3819870949 -0.9234979749 -0.2679595649 0.8866290450 0.3769437373
-284.4 -505.9 2705.3 0.8708598614 -0.4818311334 -0.0971693620 -0.0861929581 0.0449270979 -0.9952649474 0.4839151800 0.8751115799 -0.0024052435
-90.4 -524.0 2352.9 0.8708598614 0.1810499579 -0.4569726884 -0.0861929581 0.9715353847 0.2206575274 0.4839151800 -0.1527739465 0.8616763949
-223.9 -538.3 2880.8 0.4119235277 -0.9080655575 0.0757358521 -0.0178697780 -0.0911491662 -0.9956769347 0.9110431671 0.4087893665 -0.0537734143
136.7 -502.1 2718.4 0.4119235277 -0.0543418862 -0.9095966220 -0.0178697780 0.9975464344 -0.0676888376 0.9110431671 0.0441369154 0.4099417627
282.8 -237.8 2615.4 0 0 0 0 0 0 0 0 0
376.0 -344.4 2885.8 0 0 0 0 0 0 0 0 0
-159.6 -895.3 2411.3 0 0 0 0 0 0 0 0 0
157.5 -883.4 2701.6 0 0 0 0 0 0 0 0 0
-17.8 22.5 2820.0 7 0.3058878779 0.3799043596 -0.8729864359 -0.1957122535 0.9224458337 0.3328518867 0.9317345619 0.0690387860 0.3565169275
-92.8 -159.5 2806.4 0.3058878779 0.3799043596 -0.8729864359 -0.1957122535 0.9224458337 0.3328518867 0.9317345619 0.0690387860 0.3565169275
-170.9 -341.9 2795.4 0.3091056645 0.3928188086 -0.8661103249 -0.1880482882 0.9179744124 0.3492289484 0.9322507977 0.0549219139 0.3576200008
-136.3 -133.0 2675.2 -0.6455045938 0.0602729693 -0.7613744140 0.6187592149 0.6256607771 -0.4750638604 0.4477285743 -0.7777633071 -0.4411613643
26.6 -289.1 2562.3 -0.9547320008 0.0602729693 0.2912970185 -0.1912515610 0.6256607771 -0.7562879324 -0.2278368324 -0.7777633071 -0.5858110785
-49.3 -185.9 2937.5 0.7588038445 0.2655346096 -0.5947336555 -0.6502772570 0.3604903221 -0.6687198281 0.0368274599 0.8941689730 0.4462125599
129.8 -339.3 2946.2 0.9609241486 0.2655346096 0.0782058537 -0.0237258468 0.3604903221 -0.9324611425 -0.2757931650 0.8941689730 0.3527038693
-280.2 -507.5 2709.5 0.8753239512 -0.4712978601 -0.1081034690 -0.1010253578 0.0403818004 -0.9940639734 0.4728656411 0.8810491562 -0.0122658778
-88.5 -524.0 2351.1 0.8753239512 0.1941724420 -0.4428375363 -0.1010253578 0.9690570235 0.2252163440 0.4728656411 -0.1523994356 0.8678551316
-220.8 -538.7 2882.9 0.3921884298 -0.9169629812 0.0732606426 -0.0096530048 -0.0837391466 -0.9964409471 0.9198342562 0.3900854290 -0.0416929722
143.5 -505.5 2728.0 0.3921884298 -0.0271819066 -0.9194831848 -0.0096530048 0.9993866682 -0.0336613357 0.9198342562 0.0220773611 0.3916855156
281.0 -238.2 2623.0 0 0 0 0 0 0 0 0 0
379.5 -345.5 2874.5 0 0 0 0 0 0 0 0 0
-162.7 -894.4 2409.4 0 0 0 0 0 0 0 0 0
153.9 -887.2 2719.5 0 0 0 0 0 0 0 0 0
-19.0 20.5 2820.4 8 0.2878512442 0.3962548375 -0.8718507886 -0.1884342730 0.9160208106 0.3541163802 0.9389537573 0.0623537190 0.3383457065
-97.1 -160.2 2808.1 0.2878512442 0.3962548375 -0.8718507886 -0.1884342730 0.9160208106 0.3541163802 0.9389537573 0.0623537190 0.3383457065
-178.3 -341.3 2798.2 0.2909250855 0.4084437490 -0.8651798964 -0.1814535707 0.9114369750 0.3692657948 0.9393813014 0.0495613068 0.3392734826
-138.1 -134.7 2675.9 -0.6498395801 0.0754961744 -0.7563126683 0.6061748266 0.6517822742 -0.4557762444 0.4585418105 -0.7546391487 -0.4693177938
26.7 -288.4 2559.7 -0.9468623400 0.0754961744 0.3126532435 -0.1904334724 0.6517822742 -0.7341082692 -0.2592042089 -0.7546391487 -0.6027710438
-56.2 -185.7 2940.2 0.7461920381 0.2579078674 -0.6137434244 -0.6632689238 0.3672205508 -0.6520915627 0.0571996383 0.8936624527 0.4450793266
119.9 -342.2 2953.7 0.9645603299 0.2579078674 0.0557397641 -0.0445000716 0.3672205508 -0.9290688038 -0.2600829601 0.8936624527 0.3656832874
-277.3 -507.1 2699.0 0.8696658611 -0.4793741703 -0.1178207174 -0.1100799739 0.0443396978 -0.9929332137 0.4812106788 0.8764898181 -0.0142087741
-86.1 -524.8 2349.3 0.8696658611 0.2073321491 -0.4479896128 -0.1100799739 0.9661219716 0.2334325165 0.4812106788 -0.1536936015 0.8630263805
-232.9 -537.7 2880.9 0.3352308571 -0.9400776029 0.0622446835 0.0109261358 -0.0621839315 -0.9980049133 0.9420726299 0.3352421224 -0.0105745569
135.3 -513.3 2749.6 0.3352308571 0.0073610661 -0.9421072602 0.0109261358 0.9998718500 0.0117002605 0.9420726299 -0.0142158801 0.3351074755
278.4 -237.8 2628.6 0 0 0 0 0 0 0 0 0
370.5 -353.7 2886.1 0 0 0 0 0 0 0 0 0
-165.4 -894.1 2408.0 0 0 0 0 0 0 0 0 0
132.5 -894.9 2755.0 0 0 0 0 0 0 0 0 0
-20.1 25.0 2820.6 9 0.2885621190 0.3829543293 -0.8775408268 -0.1849295497 0.9215627909 0.3413548470 0.9394322634 0.0637811571 0.3367476761
-95.7 -157.1 2808.0 0.2885621190 0.3829543293 -0.8775408268 -0.1849295497 0.9215627909 0.3413548470 0.9394322634 0.0637811571 0.3367476761
-174.0 -339.5 2797.6 0.2913309336 0.3940108716 -0.8717119694 -0.1783752739 0.9176322222 0.3551526666 0.9398449659 0.0520249009 0.3376164436
-136.7 -132.0 2675.7 -0.6423516870 0.0873917192 -0.7614111900 0.6196298599 0.6438981891 -0.4488362372 0.4510467052 -0.7601038218 -0.4677596092
26.3 -289.3 2561.3 -0.9429064989 0.0873917192 0.3213877380 -0.1927011162 0.6438981891 -0.7404467463 -0.2716498971 -0.7601038218 -0.5902952552
-54.7 -182.2 2940.2 0.7563053370 0.2499530464 -0.6045872569 -0.6516320109 0.3699133992 -0.6622233391 0.0581201836 0.8948114514 0.4426448941
123.8 -335.9 2953.9 0.9657710791 0.2499530464 0.0693519562 -0.0290544368 0.3699133992 -0.9286118150 -0.2577635646 0.8948114514 0.3645139039
-286.2 -505.8 2702.1 0.8585461378 -0.4987970591 -0.1187435091 -0.1113288999 0.0447172411 -0.9927770495 0.5005041361 0.8655644655 -0.0171387140
-83.7 -524.0 2350.7 0.8585461378 0.2137409598 -0.4660615325 -0.1113288999 0.9649931788 0.2374741882 0.5005041361 -0.1519964337 0.8522867560
-225.7 -537.5 2876.7 0.3105348051 -0.9471663237 0.0802747682 0.0234784689 -0.0767813623 -0.9967714548 0.9502720237 0.3114169836 -0.0016052682
143.3 -507.6 2755.4 0.3105348051 -0.0002628995 -0.9505620003 0.0234784689 0.9996970296 0.0073935864 0.9502720237 -0.0246137064 0.3104468882
276.3 -238.2 2633.3 0 0 0 0 0 0 0 0 0
374.7 -343.5 2887.0 0 0 0 0 0 0 0 0 0
-165.4 -892.9 2408.8 0 0 0 0 0 0 0 0 0
143.4 -889.4 2764.8 0 0 0 0 0 0 0 0 0
-19.1 24.8 2820.7 0 0.3040099144 0.3802882731 -0.8734751344 -0.2028088123 0.9216892123 0.3306925297 0.9308311343 0.0766146407 0.3573284745
-94.8 -158.7 2805.4 0.3040099144 0.3802882731 -0.8734751344 -0.2028088123 0.9216892123 0.3306925297 0.9308311343 0.0766146407 0.3573284745
-172.7 -341.1 2793.0 0.3074176311 0.3918219805 -0.8671619892 -0.1946897358 0.9179127812 0.3457339704 0.9314453006 0.0625428185 0.3584662974
-138.0 -131.3 2674.4 -0.6506421566 0.1081315428 -0.7516463995 0.6115900278 0.6613399982 -0.4342660904 0.4501359761 -0.7422512770 -0.4964278638
28.8 -288.1 2559.0 -0.9374409914 0.1081315428 0.3309259415 -0.1807050705 0.6613399982 -0.7279938459 -0.2975736558 -0.7422512770 -0.6004272699
-51.5 -186.0 2936.5 0.7593014240 0.2634525001 -0.5950245261 -0.6498745084 0.3541149497 -0.6725070477 0.0335333981 0.8973267674 0.4400910437
127.6 -339.4 2944.4 0.9614759088 0.2634525001 0.0784653127 -0.0207281187 0.3541149497 -0.9349721670 -0.2741065025 0.8973267674 0.3459338844
-279.1 -505.5 2701.0 0.8682733178 -0.4819078147 -0.1177553311 -0.1072319001 0.0494387671 -0.9930040836 0.4843581021 0.8748260736 -0.0087495288
-86.8 -525.2 2352.0 0.8682733178 0.2015619725 -0.4532926679 -0.1072319001 0.9683921337 0.2252064496 0.4843581021 -0.1469333172 0.8624429107
-222.4 -541.0 2867.6 0.3148355484 -0.9453711510 0.0845691338 0.0115084900 -0.0852914304 -0.9962895513 0.9490764737 0.3146406412 -0.0159729794
145.0 -507.9 2745.3 0.3148355484 -0.0000136545 -0.9491462111 0.0115084900 0.9999265671 0.0038030264 0.9490764737 -0.0121205682 0.3148125708
277.6 -240.1 2638.0 0 0 0 0 0 0 0 0 0
377.5 -344.8 2873.2 0 0 0 0 0 0 0 0 0
-163.9 -895.4 2408.1 0 0 0 0 0 0 0 0 0
145.0 -890.0 2749.9 0 0 0 0 0 0 0 0 0
-21.9 21.6 2821.2 1 0.3134134114 0.3712879419 -0.8740236163 -0.1963850707 0.9258412123 0.3228791356 0.9290882349 0.0704505444 0.3630864620
-95.5 -162.0 2807.3 0.3134134114 0.3712879419 -0.8740236163 -0.1963850707 0.9258412123 0.3228791356 0.9290882349 0.0704505444 0.3630864620
-172.4 -344.9 2796.0 0.3161221147 0.3864625394 -0.8664372563 -0.1897847503 0.9205714464 0.3413648605 0.9295421243 0.0565236062 0.3643576801
-140.0 -135.3 2676.5 -0.6617769003 0.1226252466 -0.7396041751 0.5937138200 0.6881049275 -0.4171516001 0.4577719867 -0.7151745558 -0.5281762481
30.8 -288.5 2558.3 -0.9279317856 0.1226252466 0.3520022631 -0.1760929823 0.6881049275 -0.7039196491 -0.3285328150 -0.7151745558 -0.6169210076
-51.0 -188.6 2938.1 0.7636384964 0.2684828341 -0.5871739388 -0.6449738145 0.3586477637 -0.6748188734 0.0294113308 0.8940294981 0.4470416605
129.2 -340.9 2945.0 0.9593364596 0.2684828341 0.0871237144 -0.0156092402 0.3586477637 -0.9333424568 -0.2818331718 0.8940294981 0.3482546806
-278.8 -505.7 2695.1 0.8647534847 -0.4878855348 -0.1190340146 -0.1086769029 0.0496076010 -0.9928385615 0.4902965724 0.8714968562 -0.0101235434
-86.5 -525.2 2351.6 0.8647534847 0.2028182894 -0.4594193399 -0.1086769029 0.9687191844 0.2230973691 0.4902965724 -0.1429959536 0.8597449660
-220.2 -545.2 2870.8 0.3167822063 -0.9440854192 0.0913881063 0.0187758114 -0.0900898054 -0.9957566261 0.9483124614 0.3171538711 -0.0108128767
146.3 -510.2 2747.7 0.3167822063 -0.0046301479 -0.9484869838 0.0187758114 0.9998227358 0.0013901247 0.9483124614 -0.0182489790 0.3168129921
277.7 -241.6 2645.7 0 0 0 0 0 0 0 0 0
378.5 -344.9 2871.7 0 0 0 0 0 0 0 0 0
-164.0 -895.6 2406.2 0 0 0 0 0 0 0 0 0
148.1 -892.3 2754.7 0 0 0 0 0 0 0 0 0
-21.6 23.2 2822.0 2 0.3166540861 0.3755063117 -0.8710483313 -0.1974777728 0.9242795706 0.3266646266 0.9277568460 0.0685730055 0.3668310642
-96.0 -160.1 2808.4 0.3166540861 0.3755063117 -0.8710483313 -0.1974777728 0.9242795706 0.3266646266 0.9277568460 0.0685730055 0.3668310642
-173.4 -342.9 2797.1 0.3188762963 0.3891864419 -0.8642058969 -0.1921199709 0.9194181561 0.3431619704 0.9281206131 0.0566049889 0.3679511249
-140.9 -133.1 2677.8 -0.6476423740 0.1137896478 -0.7533997893 0.6091214418 0.6713424921 -0.4222207367 0.4577449560 -0.7323600054 -0.5041015744
25.3 -289.4 2560.3 -0.9326761961 0.1137896478 0.3422966599 -0.1817893833 0.6713424921 -0.7185066938 -0.3115569353 -0.7323600054 -0.6054593921
-51.2 -187.2 2939.0 0.7619556785 0.2726440132 -0.5874425769 -0.6471186280 0.3565314412 -0.6738863587 0.0257106908 0.8936165571 0.4480941892
128.7 -339.9 2945.1 0.9582836032 0.2726440132 0.0857772976 -0.0178240053 0.3565314412 -0.9341132641 -0.2852627039 0.8936165571 0.3465178609
-278.2 -510.5 2699.5 0.8643505573 -0.4887415767 -0.1184475422 -0.1163963601 0.0347081646 -0.9925962090 0.4892341495 0.8717378974 -0.0268877205
-84.7 -524.3 2354.3 0.8643505573 0.2096430510 -0.4571082592 -0.1163963601 0.9676803350 0.2237111181 0.4892341495 -0.1401590854 0.8608167171
-221.5 -543.2 2871.4 0.3173789978 -0.9441210032 0.0889161900 0.0175636895 -0.0878954530 -0.9959748387 0.9481360912 0.3176631927 -0.0113139208
144.8 -509.1 2748.2 0.3173789978 -0.0009962934 -0.9482982755 0.0175636895 0.9998341203 0.0048278249 0.9481360912 -0.0181878656 0.3173438311
273.9 -241.0 2643.4 0 0 0 0 0 0 0 0 0
377.8 -344.6 2870.9 0 0 0 0 0 0 0 0 0
-164.8 -894.2 2407.9 0 0 0 0 0 0 0 0 0
145.1 -891.3 2755.1 0 0 0 0 0 0 0 0 0
-18.3 22.2 2822.9 3 0.3259995580 0.3943802714 -0.8591789603 -0.2024754882 0.9168664217 0.3440344036 0.9234327078 0.0618076138 0.3787503839
-96.4 -159.5 2810.6 0.3259995580 0.3943802714 -0.8591789603 -0.2024754882 0.9168664217 0.3440344036 0.9234327078 0.0618076138 0.3787503839
-176.9 -340.9 2800.4 0.3280577958 0.4050439000 -0.8534151912 -0.1977646053 0.9128409028 0.3572263718 0.9237246513 0.0515844226 0.3795679212
-142.6 -131.6 2680.7 -0.6344078183 0.1148285046 -0.7644220591 0.6231091619 0.6611891985 -0.4178083837 0.4574512839 -0.7413793206 -0.4910142720
18.8 -290.2 2564.3 -0.9381192327 0.1148285046 0.3267212510 -0.1732840538 0.6611891985 -0.7299325466 -0.2998416126 -0.7413793206 -0.6003763080
-50.3 -187.3 2940.6 0.7514044046 0.2904656231 -0.5924703479 -0.6596613526 0.3516895771 -0.6641997695 0.0154384384 0.8899124265 0.4558700323
127.1 -343.0 2944.3 0.9539397359 0.2904656231 0.0750248879 -0.0335101858 0.3516895771 -0.9355167150 -0.2981209159 0.8899124265 0.3452242017
-280.1 -508.1 2700.7 0.8663522005 -0.4868566394 -0.1113752201 -0.1054529250 0.0396559201 -0.9936332703 0.4881736338 0.8725812435 -0.0169844627
-86.3 -523.9 2353.6 0.8663522005 0.2031815350 -0.4562357962 -0.1054529250 0.9673299789 0.2305479497 0.4881736338 -0.1516243368 0.8594745994
-227.4 -540.5 2875.1 0.3289447725 -0.9415602684 0.0725226849 0.0126149626 -0.0724084303 -0.9972952604 0.9442648888 0.3289699554 -0.0119406274
137.8 -512.4 2747.5 0.3289447725 0.0157355890 -0.9442180395 0.0126149626 0.9996987581 0.0210549608 0.9442648888 -0.0188371949 0.3286471665
269.1 -243.9 2644.3 0 0 0 0 0 0 0 0 0
375.0 -351.7 2866.8 0 0 0 0 0 0 0 0 0
-164.0 -893.6 2411.5 0 0 0 0 0 0 0 0 0
131.8 -894.5 2754.7 0 0 0 0 0 0 0 0 0
-19.7 21.4 2821.8 4 0.3257319033 0.3942977190 -0.8593183756 -0.1997344494 0.9170720577 0.3450869322 0.9241238236 0.0592296571 0.3774744570
-97.6 -159.9 2810.1 0.3257319033 0.3942977190 -0.8593183756 -0.1997344494 0.9170720577 0.3450869322 0.9241238236 0.0592296571 0.3774744570
-178.5 -341.2 2800.4 0.3275602162 0.4068366289 -0.8527533412 -0.1955597699 0.9121956229 0.3600771129 0.9243704081 0.0488173105 0.3783598840
-143.7 -132.3 2680.0 -0.6311120391 0.1067527831 -0.7683107853 0.6231924891 0.6595506072 -0.4202666879 0.4618752301 -0.7440408468 -0.4827778637
14.0 -288.0 2564.6 -0.9448860884 0.1067527831 0.3095062077 -0.1656446308 0.6595506072 -0.7331812978 -0.2824041545 -0.7440408468 -0.6055172086
-51.5 -187.4 2940.2 0.7501169443 0.2910493314 -0.5938138366 -0.6610727310 0.3538284004 -0.6616557240 0.0175337289 0.8888732791 0.4578174651
125.6 -343.4 2944.4 0.9539111257 0.2910493314 0.0731013566 -0.0363353305 0.3538284004 -0.9346042871 -0.2978813052 0.8888732791 0.3480962515
-287.5 -504.2 2705.4 0.8619441390 -0.4938321710 -0.1148131415 -0.1054122373 0.0469525456 -0.9933195710 0.4959239364 0.8682886958 -0.0115854815
-87.3 -523.3 2353.3 0.8619441390 0.1977286041 -0.4668572545 -0.1054122373 0.9705854058 0.2164538205 0.4959239364 -0.1373586357 0.8574334383
-229.3 -540.4 2875.7 0.3281447589 -0.9419853687 0.0706014633 0.0151240481 -0.0694913268 -0.9974678755 0.9445063472 0.3283816576 -0.0085565830
136.0 -513.5 2748.3 0.3281447589 0.0179469641 -0.9444569349 0.0151240481 0.9995915294 0.0242493972 0.9445063472 -0.0222413242 0.3277392983
266.1 -243.8 2640.0 0 0 0 0 0 0 0 0 0
373.5 -352.9 2866.9 0 0 0 0 0 0 0 0 0
-162.9 -894.3 2405.8 0 0 0 0 0 0 0 0 0
129.1 -895.6 2756.8 0 0 0 0 0 0 0 0 0
-21.9 17.7 2821.3 5 0.3200575709 0.3916731775 -0.8626443744 -0.1981949210 0.9180738926 0.3433061540 0.9264350533 0.0610939972 0.3714641333
-99.0 -163.1 2809.3 0.3200575709 0.3916731775 -0.8626443744 -0.1981949210 0.9180738926 0.3433061540 0.9264350533 0.0610939972 0.3714641333
-179.6 -344.6 2799.4 0.3221877813 0.4052526653 -0.8555496931 -0.1933007687 0.9128626585 0.3596060872 0.9267307520 0.0495177321 0.3724488616
-144.4 -135.9 2678.8 -0.6369118094 0.1124290302 -0.7626945972 0.6161293983 0.6688768268 -0.4159186482 0.4633874297 -0.7348220944 -0.4952863753
12.3 -287.5 2564.9 -0.9467071295 0.1124290302 0.3018366098 -0.1525307596 0.6688768268 -0.7275562882 -0.2836899757 -0.7348220944 -0.6160815954
-53.7 -190.4 2939.7 0.7509233952 0.2851229608 -0.5956667662 -0.6599752307 0.3559440672 -0.6616165638 0.0233819690 0.8899487257 0.4554608464
123.6 -346.2 2945.2 0.9557623863 0.2851229608 0.0722715631 -0.0355721079 0.3559440672 -0.9338299632 -0.2919810116 0.8899487257 0.3503403664
-289.4 -504.6 2705.9 0.8609710336 -0.4968983233 -0.1087240949 -0.0999544412 0.0443036892 -0.9940052032 0.4987363815 0.8666771054 -0.0115230000
-86.9 -522.6 2352.7 0.8609710336 0.1949841380 -0.4697978795 -0.0999544412 0.9704568982 0.2195961922 0.4987363815 -0.1421075761 0.8550248146
-230.6 -543.8 2874.7 0.3219998181 -0.9439920187 0.0720777363 0.0175451413 -0.0701694638 -0.9973807931 0.9465771317 0.3224210441 -0.0060320836
135.5 -516.6 2749.7 0.3219998181 0.0168080926 -0.9465904832 0.0175451413 0.9995647669 0.0237170234 0.9465771317 -0.0242449418 0.3215647638
265.0 -246.8 2640.6 0 0 0 0 0 0 0 0 0
372.0 -355.4 2869.3 0 0 0 0 0 0 0 0 0
-161.5 -893.6 2407.0 0 0 0 0 0 0 0 0 0
129.0 -898.8 2758.9 0 0 0 0 0 0 0 0 0
-22.0 19.1 2831.5 6 0.2656597495 0.3994570673 -0.8774160743 -0.2027921528 0.9129108787 0.3542161882 0.9424968362 0.0838321075 0.3235304356
-100.6 -160.6 2815.0 0.2656597495 0.3994570673 -0.8774160743 -0.2027921528 0.9129108787 0.3542161882 0.9424968362 0.0838321075 0.3235304356
-182.6 -341.1 2801.3 0.2695118189 0.4131850898 -0.8698514104 -0.1941605210 0.9080401063 0.3711669147 0.9432206154 0.0688569322 0.3249517679
-138.5 -133.3 2682.5 -0.6195381284 0.1141331270 -0.7766248584 0.6237646341 0.6722126603 -0.3988080323 0.4765398204 -0.7315078974 -0.4876535833
14.2 -287.1 2565.0 -0.9469633698 0.1141331270 0.3003897965 -0.1490260959 0.6722126603 -0.7252043486 -0.2846956551 -0.7315078974 -0.6195519567
-62.7 -187.9 2947.6 0.7399733067 0.2412934303 -0.6278670430 -0.6694670916 0.3547029197 -0.6526864767 0.0652173087 0.9033069015 0.4240086973
