-311.0 141.1 2648.9 2 0.3574387133 0.0212031342 -0.9336958528 -0.0724274442 0.9973607659 -0.0050778831 0.9311239719 0.0694402382 0.3580310345
-315.4 -64.3 2634.6 0.3574387133 0.0212031342 -0.9336958528 -0.0724274442 0.9973607659 -0.0050778831 0.9311239719 0.0694402382 0.3580310345
-317.4 -262.7 2624.4 0.3577658832 0.0098591587 -0.9337592721 -0.0514050312 0.9986359477 -0.0091514559 0.9323953390 0.0512740053 0.3577846885
-367.7 -56.8 2498.5 -0.5698983669 0.3555183113 -0.7408255935 0.7273401618 0.6377533078 -0.2534699440 0.3823507726 -0.6832843423 -0.6220372915
-221.4 -243.5 2400.3 -0.8150234222 0.3555183113 0.4575407803 -0.1463333219 0.6377533078 -0.7562124729 -0.5606455207 -0.6832843423 -0.4677596688
-263.2 -71.8 2770.7 0.2153079957 0.5224205852 -0.8250570893 0.0027081529 0.8445498943 0.5354700089 0.9765424132 -0.1175253615 0.1804235578
-190.3 -70.9 3101.3 -0.0207158700 0.5222908258 0.8525157571 -0.1331923306 0.8436564207 -0.5200996995 -0.9908736944 -0.1243228763 0.0520880520
-350.8 -457.9 2522.8 0.7854961753 -0.5354722738 -0.3102663457 -0.2168723643 0.2313820273 -0.9483821392 0.5796223879 0.8122387528 0.0656205639
-141.6 -548.3 2205.5 0.7854961753 0.4565274417 -0.4178258777 -0.2168723643 0.8353925347 0.5050601363 0.5796223879 -0.3061079085 0.7552058101
-280.1 -467.2 2691.8 0.5348685384 -0.8202079535 -0.2029152364 -0.1511720568 0.1433840245 -0.9780532122 0.8313018084 0.5538049936 -0.0473009199
60.5 -526.7 2461.8 0.5348685384 0.5422998071 -0.6479402184 -0.1511720568 0.8158984780 0.5580829978 0.8313018084 -0.2005505860 0.5183790326
-0.0 -203.8 2552.6 0 0 0 0 0 0 0 0 0
-195.3 -103.3 2859.9 0 0 0 0 0 0 0 0 0
-316.0 -867.4 2322.5 0 0 0 0 0 0 0 0 0
-146.4 -838.0 2538.3 0 0 0 0 0 0 0 0 0
-311.8 142.3 2654.3 3 0.3090007305 0.0076851724 -0.9510307312 -0.0888079330 0.9958314300 -0.0208075065 0.9469063878 0.0908886120 0.3083951175
-313.4 -62.8 2635.6 0.3090007305 0.0076851724 -0.9510307312 -0.0888079330 0.9958314300 -0.0208075065 0.9469063878 0.0908886120 0.3083951175
-314.6 -261.0 2621.8 0.3091464937 0.0064012213 -0.9509928823 -0.0681788698 0.9975534678 -0.0154487984 0.9485673904 0.0696135610 0.3088265955
-358.5 -52.8 2497.3 -0.4982920885 0.3846079111 -0.7770339847 0.7557133436 0.6319619417 -0.1718179882 0.4249733388 -0.6728304625 -0.6055549383
-236.0 -238.5 2392.9 -0.7983583212 0.3846079111 0.4633581638 -0.1381500661 0.6319619417 -0.7625868320 -0.5861216187 -0.6728304625 -0.4513984621
-268.3 -72.8 2773.9 0.1645665318 0.5271476507 -0.8336865306 -0.0150315640 0.8464522958 0.5322523713 0.9862514138 -0.0750593171 0.1472215652
-212.6 -77.8 3107.4 0.0307038594 0.5273758173 0.8490771651 -0.1154414266 0.8456639647 -0.5210812688 -0.9928396344 -0.0820194781 0.0868461654
-352.2 -456.5 2528.7 0.7888702154 -0.5324506164 -0.3068878055 -0.2201520205 0.2213832885 -0.9500118494 0.5737742186 0.8169980645 0.0574226081
-141.6 -544.0 2205.6 0.7888702154 0.4562437236 -0.4117346704 -0.2201520205 0.8352999091 0.5037927628 0.5737742186 -0.3067829013 0.7593861818
-286.6 -465.9 2699.6 0.5280330181 -0.8192244768 -0.2237238139 -0.1929422617 0.1408252865 -0.9710517526 0.8270153403 0.5559131503 -0.0837026238
61.4 -525.7 2463.5 0.5280330181 0.5447842479 -0.6514531374 -0.1929422617 0.8240153790 0.5327025056 0.8270153403 -0.1555916816 0.5402192473
-19.2 -201.0 2552.1 0 0 0 0 0 0 0 0 0
-205.2 -105.9 2865.8 0 0 0 0 0 0 0 0 0
-315.9 -863.2 2322.8 0 0 0 0 0 0 0 0 0
-146.4 -840.0 2522.9 0 0 0 0 0 0 0 0 0
-312.3 139.7 2646.0 4 0.2941941321 0.0140140830 -0.9556429386 -0.0751623064 0.9971349239 -0.0085161282 0.9527856112 0.0743337199 0.2944045663
-315.2 -65.7 2630.7 0.2941941321 0.0140140830 -0.9556429386 -0.0751623064 0.9971349239 -0.0085161282 0.9527856112 0.0743337199 0.2944045663
-318.1 -264.0 2620.1 0.2944746017 0.0146269817 -0.9555473924 -0.0556209907 0.9984502196 -0.0018572129 0.9540393353 0.0536953919 0.2948317826
-358.2 -57.6 2491.5 -0.4555321336 0.3647122979 -0.8120809197 0.7624629736 0.6307024956 -0.1444454938 0.4595004320 -0.6849812269 -0.5653848648
-253.0 -233.6 2385.4 -0.8083975315 0.3647122979 0.4620372057 -0.1505622566 0.6307024956 -0.7612787485 -0.5690557361 -0.6849812269 -0.4549464583
-272.2 -73.8 2770.0 0.1499085724 0.5360076427 -0.8307967782 -0.0004503713 0.8403291106 0.5420763493 0.9886997342 -0.0808877274 0.1262139380
-221.5 -73.9 3104.4 0.0441746563 0.5363252759 0.8428545594 -0.1317144185 0.8394399881 -0.5272492766 -0.9903029203 -0.0877250358 0.1077237427
-344.1 -452.9 2521.1 0.7906293273 -0.5239033103 -0.3169077933 -0.2200953811 0.2398073822 -0.9455423951 0.5713696480 0.8173235059 0.0742900521
-141.4 -545.7 2205.0 0.7906293273 0.4597035348 -0.4044476748 -0.2200953811 0.8297667503 0.5128793120 0.5713696480 -0.3164803386 0.7572165728
-287.4 -465.4 2694.8 0.5083278418 -0.8271636963 -0.2395892590 -0.2214230150 0.1433205605 -0.9645885229 0.8322107196 0.5433777571 -0.1102992445
63.1 -526.2 2464.6 0.5083278418 0.5624208450 -0.6521392465 -0.2214230150 0.8171770573 0.5321592689 0.8322107196 -0.1261127293 0.5399267673
-34.2 -192.8 2539.5 0 0 0 0 0 0 0 0 0
-210.8 -106.0 2863.3 0 0 0 0 0 0 0 0 0
-317.1 -862.7 2325.9 0 0 0 0 0 0 0 0 0
-151.5 -838.0 2512.7 0 0 0 0 0 0 0 0 0
-312.6 141.1 2651.4 5 0.3071304560 0.0115929311 -0.9515967965 -0.0875649601 0.9960282445 -0.0161276050 0.9476303458 0.0882798135 0.3069257438
-315.0 -63.5 2633.3 0.3071304560 0.0115929311 -0.9515967965 -0.0875649601 0.9960282445 -0.0161276050 0.9476303458 0.0882798135 0.3069257438
-317.2 -261.7 2619.2 0.3073247969 0.0113294795 -0.9515372515 -0.0706624985 0.9974402189 -0.0109463502 0.9489774704 0.0706020817 0.3073386848
-359.8 -53.2 2494.7 -0.4776220620 0.3424503207 -0.8090766072 0.7515769005 0.6361701488 -0.1744124740 0.4549827874 -0.6913865209 -0.5612266064
-247.5 -230.0 2387.7 -0.8131988645 0.3424503207 0.4705692232 -0.1678710431 0.6361701488 -0.7530649900 -0.5572494268 -0.6913865209 -0.4598453343
-270.1 -73.8 2771.8 0.1630297005 0.5315086842 -0.8312159181 -0.0167108346 0.8438541293 0.5363124013 0.9864796400 -0.0735445395 0.1464552432
-214.9 -79.5 3105.6 0.0315337628 0.5317368507 0.8463223577 -0.1145066321 0.8430903554 -0.5254397392 -0.9929218888 -0.0803404301 0.0874732137
-348.0 -457.3 2522.0 0.7880700231 -0.5308082700 -0.3117502928 -0.2177390605 0.2333308756 -0.9477058649 0.5757910609 0.8147388101 0.0683033764
-141.3 -548.2 2204.7 0.7880700231 0.4600099921 -0.4090677798 -0.2177390605 0.8298614025 0.5137312412 0.5757910609 -0.3157861531 0.7541510463
-294.0 -467.5 2696.8 0.5092474818 -0.8294994831 -0.2293417156 -0.2061235160 0.1411709189 -0.9682891369 0.8355717063 0.5403715372 -0.0990884155
66.7 -528.9 2461.8 0.5092474818 0.5806503892 -0.6352260709 -0.2061235160 0.7989103794 0.5650268197 0.8355717063 -0.1568034440 0.5265287757
-27.5 -184.5 2538.5 0 0 0 0 0 0 0 0 0
-207.2 -107.4 2863.8 0 0 0 0 0 0 0 0 0
-317.1 -865.3 2325.3 0 0 0 0 0 0 0 0 0
-154.9 -833.7 2521.7 0 0 0 0 0 0 0 0 0
-312.6 139.9 2645.1 6 0.2859143317 0.0120941428 -0.9581788778 -0.0710563511 0.9974350929 -0.0086131161 0.9556170702 0.0705473050 0.2860403657
-315.0 -65.5 2630.6 0.2859143317 0.0120941428 -0.9581788778 -0.0710563511 0.9974350929 -0.0086131161 0.9556170702 0.0705473050 0.2860403657
-318.1 -263.8 2618.7 0.2860482931 0.0154435737 -0.9580907226 -0.0613491945 0.9981138706 -0.0022277499 0.9562492371 0.0594153367 0.2864561975
-356.8 -56.6 2491.0 -0.5436099768 0.3423379958 -0.7663503885 0.7256926298 0.6504653692 -0.2241986394 0.4217326939 -0.6780114174 -0.6020315886
-230.8 -224.8 2393.2 -0.8103508353 0.3423379958 0.4755377769 -0.1608191878 0.6504653692 -0.7423152924 -0.5634436011 -0.6780114174 -0.4720506668
-273.3 -74.4 2770.2 0.1412510723 0.5377727747 -0.8311730027 -0.0061412076 0.8400507569 0.5424730778 0.9899547696 -0.0715204924 0.1219606400
-225.5 -76.5 3105.2 0.0526352003 0.5381453037 0.8412069678 -0.1261740327 0.8392075896 -0.5289713740 -0.9906107187 -0.0782959536 0.1120718196
-347.7 -453.3 2518.2 0.7858471870 -0.5278133750 -0.3222689331 -0.2142482400 0.2564802468 -0.9425049424 0.5801223516 0.8097103834 0.0884711891
-144.8 -551.9 2207.0 0.7858471870 0.4595087171 -0.4138791859 -0.2142482400 0.8300984502 0.5148147345 0.5801223516 -0.3158928156 0.7507794499
-291.3 -466.3 2692.2 0.5010481477 -0.8323718905 -0.2368709445 -0.2182541639 0.1433230489 -0.9653100967 0.8374460340 0.5353649259 -0.1098568738
63.7 -527.4 2463.8 0.5010481477 0.5643103719 -0.6561284661 -0.2182541639 0.8160520792 0.5351860523 0.8374460340 -0.1249511987 0.5320444703
-10.1 -181.0 2546.6 0 0 0 0 0 0 0 0 0
-212.6 -107.3 2863.9 0 0 0 0 0 0 0 0 0
-320.4 -869.1 2327.7 0 0 0 0 0 0 0 0 0
-151.6 -838.8 2511.5 0 0 0 0 0 0 0 0 0
-312.3 140.1 2642.4 7 0.3051363528 0.0059149545 -0.9522902966 -0.0635443926 0.9978784919 -0.0141630108 0.9501862526 0.0648343563 0.3048648834
-313.5 -64.3 2629.1 0.3051363528 0.0059149545 -0.9522902966 -0.0635443926 0.9978784919 -0.0141630108 0.9501862526 0.0648343563 0.3048648834
-316.4 -262.8 2618.9 0.3052398562 0.0146651054 -0.9521625638 -0.0535048731 0.9985660315 -0.0017725369 0.9507712126 0.0514863878 0.3055867851
-358.1 -56.5 2490.3 -0.5787474513 0.3178558052 -0.7510120273 0.7081228495 0.6526458859 -0.2694723904 0.4044915438 -0.6877652407 -0.6027981043
-221.8 -223.3 2395.1 -0.8270541430 0.3178558052 0.4636260271 -0.1638498604 0.6526458859 -0.7397341132 -0.5377123952 -0.6877652407 -0.4876928627
-269.0 -72.1 2768.0 0.1610020399 0.5345904827 -0.8296332955 0.0016468093 0.8404529691 0.5418819785 0.9869527221 -0.0886103511 0.1344342828
-214.5 -71.6 3102.0 0.0331044979 0.5348297954 0.8443110585 -0.1336358339 0.8395571709 -0.5265787840 -0.9904774427 -0.0953980833 0.0992655456
-347.5 -456.5 2519.3 0.7863476872 -0.5297028422 -0.3179184794 -0.2139788270 0.2492255867 -0.9445102811 0.5795432329 0.8107413054 0.0826327652
-142.5 -552.9 2205.6 0.7863476872 0.4590474963 -0.4134400487 -0.2139788270 0.8301859498 0.5147857070 0.5795432329 -0.3163331449 0.7510412931
-295.0 -467.7 2694.6 0.4959710240 -0.8382303119 -0.2266774923 -0.2099993378 0.1375115365 -0.9679828882 0.8425633311 0.5276935697 -0.1078260764
63.9 -526.6 2468.6 0.4959710240 0.5597906709 -0.6638125777 -0.2099993378 0.8190954328 0.5338379741 0.8425633311 -0.1253679544 0.5238032937
3.6 -178.6 2541.6 0 0 0 0 0 0 0 0 0
-206.4 -104.1 2860.7 0 0 0 0 0 0 0 0 0
-317.9 -870.2 2326.5 0 0 0 0 0 0 0 0 0
-149.8 -839.4 2516.5 0 0 0 0 0 0 0 0 0
-313.3 142.0 2650.1 8 0.3142465651 -0.0050546168 -0.9493279457 -0.0710277036 0.9970579147 -0.0288203433 0.9466806054 0.0764852762 0.3129630089
-312.2 -62.7 2634.4 0.3142465651 -0.0050546168 -0.9493279457 -0.0710277036 0.9970579147 -0.0288203433 0.9466806054 0.0764852762 0.3129630089
-314.3 -261.0 2622.0 0.3142682612 0.0101855453 -0.9492795467 -0.0625881031 0.9979892373 -0.0100122159 0.9472687840 0.0625601336 0.3142738342
-358.1 -53.6 2496.1 -0.5364311337 0.3553071618 -0.7655053139 0.7271223664 0.6550273299 -0.2055050284 0.4284094870 -0.6668553352 -0.6097288728
-231.6 -225.1 2395.0 -0.7901043296 0.3553071618 0.4994916618 -0.1707603782 0.6550273299 -0.7360571623 -0.5887070894 -0.6668553352 -0.4568675160
-266.3 -71.9 2772.7 0.1701140106 0.5295726061 -0.8310319781 -0.0085819084 0.8440880775 0.5361358523 0.9853870273 -0.0840723813 0.1481359601
-208.7 -74.8 3106.3 0.0245960206 0.5297527909 0.8477953672 -0.1223407462 0.8432726860 -0.5233774185 -0.9921833277 -0.0908469185 0.0855515078
-347.3 -456.3 2521.5 0.7905579209 -0.5268296003 -0.3121998608 -0.2083454877 0.2480107993 -0.9460881352 0.5758562088 0.8129829168 0.0863043293
-143.1 -552.4 2206.3 0.7905579209 0.4539918303 -0.4109861553 -0.2083454877 0.8304811120 0.5166171193 0.5758562088 -0.3227886260 0.7511305809
-291.4 -466.1 2695.8 0.5083716512 -0.8321050406 -0.2217191905 -0.1898709685 0.1428248286 -0.9713650346 0.8399447799 0.5359125137 -0.0853845030
65.0 -527.2 2466.3 0.5083716512 0.5585114956 -0.6554564238 -0.1898709685 0.8151181340 0.5472946763 0.8399447799 -0.1537769586 0.5204280615
-16.2 -178.5 2555.5 0 0 0 0 0 0 0 0 0
-202.7 -104.6 2864.6 0 0 0 0 0 0 0 0 0
-316.6 -869.8 2329.6 0 0 0 0 0 0 0 0 0
-148.2 -838.5 2525.0 0 0 0 0 0 0 0 0 0
-314.5 141.0 2653.9 9 0.3153275549 -0.0080613513 -0.9489486814 -0.0761318654 0.9965259433 -0.0337634906 0.9459241629 0.0828917921 0.3136183619
-312.8 -63.0 2637.0 0.3153275549 -0.0080613513 -0.9489486814 -0.0761318654 0.9965259433 -0.0337634906 0.9459241629 0.0828917921 0.3136183619
-314.3 -261.2 2623.5 0.3153237104 0.0072438661 -0.9489565492 -0.0667917356 0.9976604581 -0.0145782214 0.9466307759 0.0679793134 0.3150698245
-358.9 -53.2 2498.7 -0.4895277321 0.3503514528 -0.7985088825 0.7388010025 0.6530603766 -0.1663888246 0.4631799459 -0.6713911295 -0.5785311460
-244.4 -226.0 2390.4 -0.7918018103 0.3503514528 0.5003036261 -0.1763852686 0.6530603766 -0.7364783883 -0.5847547054 -0.6713911295 -0.4552975595
-266.8 -72.7 2775.2 0.1710232049 0.5269625783 -0.8325031400 -0.0134584131 0.8461224437 0.5328186154 0.9851750731 -0.0799201727 0.1517986655
-208.9 -77.3 3108.8 0.0240690876 0.5271388888 0.8494381905 -0.1168273911 0.8453456759 -0.5212888718 -0.9928605556 -0.0866907015 0.0819309577
-345.1 -453.6 2522.7 0.7877162695 -0.5218145847 -0.3274334073 -0.2242491096 0.2521631122 -0.9413427114 0.5737729669 0.8149375916 0.0816165134
-142.5 -551.5 2206.3 0.7877162695 0.4630953372 -0.4062583148 -0.2242491096 0.8297780752 0.5110583305 0.5737729669 -0.3114659190 0.7574784160
-287.5 -465.1 2696.4 0.5171955228 -0.8253070712 -0.2266650051 -0.1915683001 0.1464872360 -0.9704859853 0.8341525197 0.5453528166 -0.0823401287
61.1 -526.9 2466.0 0.5171955228 0.5422703028 -0.6621568203 -0.1915683001 0.8273852468 0.5279538035 0.8341525197 -0.1462070793 0.5318017602
-27.5 -177.7 2550.6 0 0 0 0 0 0 0 0 0
-203.0 -105.8 2866.9 0 0 0 0 0 0 0 0 0
-319.5 -868.5 2325.3 0 0 0 0 0 0 0 0 0
-146.0 -842.9 2521.9 0 0 0 0 0 0 0 0 0
-314.2 142.7 2656.3 0 0.2961785793 -0.0004747056 -0.9551324844 -0.0799512193 0.9964779615 -0.0252874587 0.9517804384 0.0838536099 0.2950974703
-314.1 -61.0 2639.2 0.2961785793 -0.0004747056 -0.9551324844 -0.0799512193 0.9964779615 -0.0252874587 0.9517804384 0.0838536099 0.2950974703
-315.8 -259.2 2625.7 0.2962279320 0.0082665673 -0.9550815225 -0.0673180744 0.9976564050 -0.0122442953 0.9527419806 0.0679213479 0.2960902154
-357.4 -51.1 2500.1 -0.4205845892 0.3446384668 -0.8392454386 0.7610656023 0.6375555396 -0.1195911467 0.4938498735 -0.6890190840 -0.5304385424
-260.0 -227.5 2385.7 -0.8087444901 0.3446384668 0.4766095579 -0.1710015833 0.6375555396 -0.7511866689 -0.5627529025 -0.6890190840 -0.4566858113
-270.8 -70.8 2778.4 0.1512936503 0.5304688811 -0.8340941072 -0.0136271836 0.8448464274 0.5348353386 0.9883949161 -0.0695508346 0.1350487024
-219.6 -75.4 3113.0 0.0435976014 0.5307793021 0.8463879824 -0.1171444282 0.8440653086 -0.5232886076 -0.9921574593 -0.0763355047 0.0989770666
-344.6 -453.3 2523.1 0.7891445160 -0.5181704164 -0.3297732174 -0.2248768508 0.2558791041 -0.9401894808 0.5715605021 0.8161036968 0.0854010433
-142.1 -553.3 2204.2 0.7891445160 0.4727362692 -0.3921369612 -0.2248768508 0.8164907098 0.5317643285 0.5715605021 -0.3314563930 0.7506365776
-286.8 -465.6 2696.7 0.5181146860 -0.8226187825 -0.2342124432 -0.1973475218 0.1514680982 -0.9685614705 0.8322325945 0.5480471849 -0.0838639438
64.1 -530.2 2463.0 0.5181146860 0.5679181218 -0.6395515800 -0.1973475218 0.8069424629 0.5566846728 0.8322325945 -0.1622125953 0.5301659703
-38.9 -180.7 2539.5 0 0 0 0 0 0 0 0 0
-209.0 -104.0 2871.2 0 0 0 0 0 0 0 0 0
-322.7 -865.2 2330.8 0 0 0 0 0 0 0 0 0
-152.7 -838.3 2524.9 0 0 0 0 0 0 0 0 0
-314.0 140.6 2657.6 1 0.2726841271 -0.0050414419 -0.9620904326 -0.0780004337 0.9965786338 -0.0273297317 0.9589365721 0.0824958533 0.2713579237
-313.0 -63.0 2640.7 0.2726841271 -0.0050414419 -0.9620904326 -0.0780004337 0.9965786338 -0.0273297317 0.9589365721 0.0824958533 0.2713579237
-314.7 -261.3 2627.9 0.2727098167 0.0087592322 -0.9620564580 -0.0642053112 0.9978950620 -0.0091144592 0.9599515796 0.0642547384 0.2726981938
-352.8 -53.7 2500.5 -0.4337132871 0.3428396881 -0.8332788944 0.7598837018 0.6361443400 -0.1337801218 0.4842205346 -0.6912173033 -0.5364225507
-252.3 -229.8 2388.3 -0.8059778810 0.3428396881 0.4825563431 -0.1787853688 0.6361443400 -0.7505705357 -0.5643008351 -0.6912173033 -0.4514235556
-273.2 -72.4 2780.9 0.1270556152 0.5338332653 -0.8359897733 -0.0100656645 0.8434708714 0.5370806456 0.9918445349 -0.0598243177 0.1125410944
-230.1 -75.8 3116.6 0.0675795674 0.5343089104 0.8425835371 -0.1211359501 0.8426605463 -0.5246420503 -0.9903328419 -0.0666120723 0.1216706559
-344.6 -451.3 2524.8 0.7910689116 -0.5160123110 -0.3285441995 -0.2195792496 0.2617593110 -0.9398228526 0.5709596276 0.8156061172 0.0937640667
-142.3 -553.9 2205.1 0.7910689116 0.4648074806 -0.3976983428 -0.2195792496 0.8225538135 0.5245857239 0.5709596276 -0.3276571631 0.7527588606
-290.2 -463.6 2699.6 0.5247680545 -0.8232128024 -0.2166544199 -0.1680525541 0.1493177116 -0.9744036794 0.8344919682 0.5477452874 -0.0599858463
65.5 -528.2 2462.8 0.5247680545 0.5630040765 -0.6384707093 -0.1680525541 0.8038012385 0.5706679821 0.8344919682 -0.1921716928 0.5164235234
-31.5 -180.8 2542.9 0 0 0 0 0 0 0 0 0
-213.7 -105.3 2875.3 0 0 0 0 0 0 0 0 0
-319.8 -868.2 2330.3 0 0 0 0 0 0 0 0 0
-149.4 -835.0 2536.2 0 0 0 0 0 0 0 0 0
-314.1 139.9 2656.7 2 0.2490156144 -0.0103850896 -0.9684438109 -0.0741529465 0.9968028665 -0.0297561195 0.9656565189 0.0792227015 0.2474493980
-311.9 -62.8 2640.6 0.2490156144 -0.0103850896 -0.9684438109 -0.0741529465 0.9968028665 -0.0297561195 0.9656565189 0.0792227015 0.2474493980
-312.8 -261.1 2628.7 0.2489661723 0.0039849589 -0.9685039520 -0.0587418079 0.9982126951 -0.0109931268 0.9667291641 0.0596285909 0.2487552762
-348.3 -54.2 2499.4 -0.4218029678 0.3879747391 -0.8194863200 0.7722138166 0.6273719668 -0.1004502401 0.4751505852 -0.6751888990 -0.5642268062
-249.1 -235.9 2387.6 -0.7774714231 0.3879747391 0.4949886799 -0.1706592292 0.6273719668 -0.7597893476 -0.6053211093 -0.6751888990 -0.4215522707
-275.6 -71.3 2781.7 0.1023753211 0.5324756503 -0.8402314782 -0.0049904226 0.8449338078 0.5348475575 0.9947333336 -0.0505620837 0.0891576484
-240.9 -73.0 3118.4 0.0925749391 0.5331231356 0.8409575820 -0.1255667657 0.8440924287 -0.5212877393 -0.9877564907 -0.0573381335 0.1450843513
-341.5 -453.8 2527.1 0.7976422310 -0.5072841048 -0.3262355924 -0.2218862921 0.2561571300 -0.9408240914 0.5608326793 0.8228282332 0.0917623416
-142.5 -554.2 2204.4 0.7976422310 0.4606176615 -0.3893561661 -0.2218862921 0.8243920207 0.5207151175 0.5608326793 -0.3289515972 0.7597746253
-291.5 -465.5 2703.2 0.5320008397 -0.8217220306 -0.2043234706 -0.1564114988 0.1417845041 -0.9774623513 0.8321722150 0.5519692898 -0.0530973002
62.8 -526.6 2465.2 0.5320008397 0.5459874868 -0.6472038627 -0.1564114988 0.8145571947 0.5585982800 0.8321722150 -0.1959446222 0.5187438130
-35.8 -189.0 2553.7 0 0 0 0 0 0 0 0 0
-218.4 -103.6 2877.8 0 0 0 0 0 0 0 0 0
-318.5 -869.2 2330.1 0 0 0 0 0 0 0 0 0
-145.8 -837.7 2540.0 0 0 0 0 0 0 0 0 0
-314.7 141.5 2657.2 3 0.2937979996 -0.0100736655 -0.9558144212 -0.0673501119 0.9972410798 -0.0312123355 0.9534918666 0.0735443309 0.2923089564
-312.7 -62.0 2642.2 0.2937979996 -0.0100736655 -0.9558144212 -0.0673501119 0.9972410798 -0.0312123355 0.9534918666 0.0735443309 0.2923089564
-313.0 -260.3 2630.7 0.2937471271 0.0014707868 -0.9558820128 -0.0555493832 0.9983350635 -0.0155344829 0.9542677402 0.0576618686 0.2933397591
-355.5 -53.9 2503.0 -0.3595101535 0.3706793487 -0.8563581705 0.7757903337 0.6287148595 -0.0535440333 0.5185574293 -0.6836040020 -0.5135988593
-270.2 -238.0 2379.9 -0.8132892251 0.3706793487 0.4485058188 -0.1357088089 0.6287148595 -0.7657027841 -0.5658124685 -0.6836040020 -0.4610225856
-269.8 -70.1 2781.4 0.1483382434 0.5250816941 -0.8380244374 -0.0023881600 0.8475872278 0.5306507349 0.9889338017 -0.0767144561 0.1269835830
-219.6 -70.9 3115.9 0.0474177003 0.5254243016 0.8495180011 -0.1272549182 0.8467223048 -0.5165922046 -0.9907359481 -0.0836097300 0.1070124581
-336.4 -454.1 2528.3 0.7980525494 -0.5005851984 -0.3354498744 -0.2394312769 0.2474311888 -0.9388559461 0.5529781580 0.8295735717 0.0776073262
-141.0 -550.7 2204.4 0.7980525494 0.4670412540 -0.3807684779 -0.2394312769 0.8256354928 0.5108802915 0.5529781580 -0.3165414333 0.7707247734
-290.7 -464.9 2705.5 0.5391722918 -0.8190127611 -0.1962431073 -0.1473131776 0.1377077848 -0.9794566631 0.8292117119 0.5570051074 -0.0464031473
62.3 -524.2 2465.4 0.5391722918 0.5323209167 -0.6526313424 -0.1473131776 0.8225798011 0.5492370129 0.8292117119 -0.1999921799 0.5219301581
-47.1 -200.7 2535.1 0 0 0 0 0 0 0 0 0
-208.1 -101.8 2874.7 0 0 0 0 0 0 0 0 0
-319.4 -866.1 2325.3 0 0 0 0 0 0 0 0 0
-141.0 -838.4 2541.8 0 0 0 0 0 0 0 0 0
-314.7 140.2 2657.5 4 0.3024406731 0.0001667465 -0.9531682134 -0.0659791157 0.9976050258 -0.0207606796 0.9508818984 0.0691680685 0.3017273247
-314.7 -62.6 2643.4 0.3024406731 0.0001667465 -0.9531682134 -0.0659791157 0.9976050258 -0.0207606796 0.9508818984 0.0691680685 0.3017273247
-316.1 -261.0 2632.7 0.3024853170 0.0070748809 -0.9531278014 -0.0536675639 0.9985125065 -0.0096202139 0.9516419768 0.0540620200 0.3024150729
-358.9 -54.8 2504.5 -0.3832368255 0.3746059537 -0.8442747593 0.7608250380 0.6463068724 -0.0585896522 0.5237125754 -0.6647990942 -0.5326981544
-267.5 -236.1 2379.6 -0.8231830001 0.3746059537 0.4266616106 -0.0981109664 0.6463068724 -0.7567441463 -0.5592352152 -0.6647990942 -0.4952758551
-270.5 -70.4 2782.4 0.1576945186 0.5286286473 -0.8340768218 0.0002791537 0.8446211815 0.5353643298 0.9874879122 -0.0846568570 0.1330445707
-217.2 -70.3 3116.6 0.0373785980 0.5288987756 0.8478614092 -0.1308511049 0.8437395692 -0.5205588937 -0.9906971455 -0.0914858356 0.1007447913
-340.2 -453.6 2531.9 0.7971596122 -0.5043622255 -0.3318964541 -0.2378115058 0.2429822385 -0.9404282570 0.5549614429 0.8286002278 0.0737524927
-139.9 -550.1 2202.8 0.7971596122 0.4705144465 -0.3783552349 -0.2378115058 0.8206852674 0.5195395947 0.5549614429 -0.3241787851 0.7661108971
-286.3 -463.8 2706.7 0.5402551293 -0.8106765747 -0.2256720662 -0.1861295253 0.1464151293 -0.9715546370 0.8206583858 0.5668916106 -0.0717893168
59.6 -526.3 2464.7 0.5402551293 0.5319337249 -0.6520513296 -0.1861295253 0.8312116861 0.5238730311 0.8206583858 -0.1616590768 0.5480749607
-41.4 -209.2 2533.3 0 0 0 0 0 0 0 0 0
-208.1 -102.2 2875.2 0 0 0 0 0 0 0 0 0
-319.7 -863.7 2326.7 0 0 0 0 0 0 0 0 0
-143.5 -843.6 2526.5 0 0 0 0 0 0 0 0 0
-314.9 140.4 2657.1 5 0.2946581244 0.0014960044 -0.9556015730 -0.0724879801 0.9971525669 -0.0207904931 0.9528494477 0.0753957108 0.2939275503
-315.2 -62.6 2641.8 0.2946581244 0.0014960044 -0.9556015730 -0.0724879801 0.9971525669 -0.0207904931 0.9528494477 0.0753957108 0.2939275503
-315.7 -260.9 2629.6 0.2946847081 0.0025021415 -0.9555912614 -0.0592177734 0.9981224537 -0.0156480391 0.9537579417 0.0611992255 0.2942796052
-358.3 -54.0 2502.5 -0.4491814375 0.3712612987 -0.8126506209 0.7518466711 0.6484501958 -0.1193269193 0.4826620221 -0.6645880938 -0.5704033971
-249.9 -235.3 2386.1 -0.8267739415 0.3712612987 0.4226226211 -0.0949107185 0.6484501958 -0.7553173304 -0.5544698238 -0.6645880938 -0.5008850694
-272.2 -71.3 2781.1 0.1493821442 0.5258393884 -0.8373636603 -0.0061551067 0.8473440409 0.5310086608 0.9887603521 -0.0741691515 0.1298146546
-221.6 -73.3 3115.8 0.0462548658 0.5261688232 0.8491212130 -0.1235610619 0.8465168476 -0.5178241730 -0.9912583828 -0.0809664354 0.1041695029
-345.2 -454.5 2534.7 0.7968943715 -0.5093756914 -0.3248011470 -0.2295134962 0.2420611531 -0.9427247643 0.5588228106 0.8257982731 0.0759885833
-143.1 -550.6 2207.0 0.7968943715 0.4584440887 -0.3934315443 -0.2295134962 0.8321667314 0.5047990680 0.5588228106 -0.3119736910 0.7683680654
-289.8 -464.4 2709.2 0.5381304026 -0.8080666065 -0.2396748364 -0.2130873352 0.1446903497 -0.9662600756 0.8154811263 0.5710455775 -0.0943264812
63.5 -527.6 2459.5 0.5381304026 0.5648918152 -0.6255500913 -0.2130873352 0.8092442155 0.5474647284 0.8154811263 -0.1613106132 0.5558502078
-22.4 -209.2 2538.6 0 0 0 0 0 0 0 0 0
-210.4 -103.5 2874.3 0 0 0 0 0 0 0 0 0
-318.2 -868.5 2326.2 0 0 0 0 0 0 0 0 0
-152.1 -836.5 2521.0 0 0 0 0 0 0 0 0 0
-314.2 141.4 2656.9 6 0.2859396338 0.0075737727 -0.9582176805 -0.0705316290 0.9974226952 -0.0131635386 0.9556483626 0.0713486299 0.2857368886
-315.8 -61.6 2642.4 0.2859396338 0.0075737727 -0.9582176805 -0.0705316290 0.9974226952 -0.0131635386 0.9556483626 0.0713486299 0.2857368886
-317.1 -260.0 2631.7 0.2860607207 0.0068667829 -0.9581868649 -0.0537962765 0.9985122085 -0.0089047709 0.9567001462 0.0540941916 0.2860045433
-357.5 -53.8 2502.7 -0.4239647090 0.3756298721 -0.8241093159 0.7519269586 0.6531972289 -0.0891024023 0.5048363805 -0.6574462652 -0.5593788028
-256.5 -232.9 2382.4 -0.8202903271 0.3756298721 0.4313073456 -0.0958137959 0.6531972289 -0.7511012554 -0.5638648272 -0.6574462652 -0.4998207986
-274.0 -69.5 2782.2 0.1407268643 0.5306142569 -0.8358495831 0.0002515021 0.8442319632 0.5359779000 0.9900484085 -0.0756367072 0.1186726615
-226.3 -69.4 3117.4 0.0542801991 0.5309975147 0.8456330895 -0.1308980882 0.8433572054 -0.5211662650 -0.9899087548 -0.0824027434 0.1152841598
-343.2 -453.9 2530.0 0.7942242622 -0.5091940761 -0.3315557241 -0.2328501791 0.2489489019 -0.9401091337 0.5612384677 0.8238603473 0.0791553333
-144.3 -551.1 2208.1 0.7942242622 0.4582287669 -0.3990415931 -0.2328501791 0.8361148834 0.4966816604 0.5612384677 -0.3015597165 0.7707614303
-289.2 -464.7 2704.9 0.5375909805 -0.8112955093 -0.2297727913 -0.1972834021 0.1439164132 -0.9697253704 0.8198019266 0.5666459799 -0.0826869607
62.1 -527.0 2459.6 0.5375909805 0.5537930131 -0.6358531117 -0.1972834021 0.8157679439 0.5436928868 0.8198019266 -0.1668411195 0.5478036404
-30.6 -206.6 2537.7 0 0 0 0 0 0 0 0 0
-213.1 -101.3 2876.1 0 0 0 0 0 0 0 0 0
-319.4 -870.6 2323.3 0 0 0 0 0 0 0 0 0
-149.4 -838.5 2523.3 0 0 0 0 0 0 0 0 0
-315.5 139.5 2656.4 7 0.2902954221 -0.0006422258 -0.9569368362 -0.0721881092 0.9971356988 -0.0225681178 0.9542104006 0.0756308809 0.2894175649
-315.3 -62.5 2641.0 0.2902954221 -0.0006422258 -0.9569368362 -0.0721881092 0.9971356988 -0.0225681178 0.9542104006 0.0756308809 0.2894175649
-315.5 -260.9 2630.3 0.2902959585 0.0006941713 -0.9569366574 -0.0518153980 0.9985440969 -0.0149943456 0.9555330873 0.0539368503 0.2899092734
-357.8 -54.9 2501.5 -0.4642154574 0.3843923509 -0.7979639769 0.7358074188 0.6688668728 -0.1058517173 0.4930430651 -0.6362857819 -0.5933371186
-248.5 -228.1 2385.4 -0.7972158790 0.3843923509 0.4654989839 -0.1070356816 0.6688668728 -0.7356361151 -0.5941297412 -0.6362857819 -0.4920876026
-272.9 -70.1 2780.6 0.1447399259 0.5248866081 -0.8387755156 0.0013078615 0.8475998044 0.5306343436 0.9894688725 -0.0779009759 0.1219950542
-223.9 -69.6 3115.7 0.0510940626 0.5252474546 0.8494142294 -0.1306889504 0.8467278481 -0.5157250762 -0.9901059270 -0.0846585631 0.1119068041
-344.7 -453.5 2533.2 0.7915991545 -0.5085529089 -0.3387399018 -0.2437335998 0.2455596030 -0.9382400513 0.5603255033 0.8252723217 0.0704333559
-142.3 -551.3 2204.6 0.7915991545 0.4702111185 -0.3902207911 -0.2437335998 0.8285942674 0.5040093660 0.5603255033 -0.3038634658 0.7705208063
-292.3 -463.4 2708.6 0.5329783559 -0.8170059919 -0.2200801969 -0.1854073554 0.1410124153 -0.9724914432 0.8255653381 0.5591214299 -0.0763223544
62.6 -524.6 2465.8 0.5329783559 0.5492050648 -0.6436675191 -0.1854073554 0.8180376291 0.5444616675 0.8255653381 -0.1708455980 0.5378230214
-28.3 -198.6 2549.5 0 0 0 0 0 0 0 0 0
-211.5 -101.5 2874.4 0 0 0 0 0 0 0 0 0
-321.9 -867.9 2320.7 0 0 0 0 0 0 0 0 0
-147.2 -837.1 2531.0 0 0 0 0 0 0 0 0 0
-315.4 140.8 2657.6 8 0.2994378209 0.0043095057 -0.9541060925 -0.0691093206 0.9974610806 -0.0171840228 0.9516096115 0.0710831732 0.2989754081
-316.3 -61.2 2643.2 0.2994378209 0.0043095057 -0.9541060925 -0.0691093206 0.9974610806 -0.0171840228 0.9516096115 0.0710831732 0.2989754081
-316.9 -259.7 2633.2 0.2995139360 0.0031515562 -0.9540867209 -0.0487452932 0.9987391233 -0.0120034283 0.9528458714 0.0501024313 0.2992899120
-360.0 -54.1 2504.0 -0.5036902428 0.3725230098 -0.7794374228 0.7184750438 0.6816194057 -0.1385229230 0.4796767235 -0.6297789812 -0.6109735370
-240.3 -224.9 2389.9 -0.7845028639 0.3725230098 0.4957638979 -0.1312332749 0.6816194057 -0.7198421955 -0.6060801148 -0.6297789812 -0.4858449697
-272.5 -68.3 2782.4 0.1543987989 0.5257416964 -0.8365145922 0.0047698594 0.8462607861 0.5327475071 0.9879971147 -0.0862456262 0.1281539351
-220.2 -66.7 3116.9 0.0411742479 0.5260348916 0.8494656682 -0.1345428526 0.8453624249 -0.5169725418 -0.9900519848 -0.0930035859 0.1055813953
-342.2 -454.6 2532.0 0.8001447916 -0.5029622316 -0.3267986178 -0.2325519025 0.2420865446 -0.9419733286 0.5528905392 0.8297126293 0.0767394602
-144.8 -549.6 2206.3 0.8001447916 0.4538877904 -0.3921150863 -0.2325519025 0.8373554349 0.4947277308 0.5528905392 -0.3046666980 0.7755579948
-289.0 -464.1 2707.2 0.5273605585 -0.8181800842 -0.2290679514 -0.2020620704 0.1410971880 -0.9691555500 0.8252646327 0.5573803782 -0.0909140781
62.5 -524.7 2467.7 0.5273605585 0.5562456846 -0.6422472596 -0.2020620704 0.8163246512 0.5410960913 0.8252646327 -0.1555789262 0.5428935885
-22.5 -188.4 2558.2 0 0 0 0 0 0 0 0 0
-210.2 -99.5 2875.6 0 0 0 0 0 0 0 0 0
-318.3 -869.5 2322.7 0 0 0 0 0 0 0 0 0
-150.0 -836.6 2527.2 0 0 0 0 0 0 0 0 0
-315.6 141.0 2656.7 9 0.3558268547 -0.0064210370 -0.9345298409 -0.0599038862 0.9977632761 -0.0296642072 0.9326300025 0.0665372908 0.3546463251
-314.3 -62.9 2643.1 0.3558268547 -0.0064210370 -0.9345298409 -0.0599038862 0.9977632761 -0.0296642072 0.9326300025 0.0665372908 0.3546463251
-313.6 -261.3 2632.8 0.3557616770 -0.0034474744 -0.9345703721 -0.0467172414 0.9986774325 -0.0214677453 0.9334083200 0.0512979478 0.3551301062
-366.2 -56.1 2507.0 -0.5628901720 0.3522461653 -0.7477146983 0.6737011671 0.7196166515 -0.1681624502 0.4788333774 -0.5983932614 -0.6423738003
-229.1 -220.1 2390.4 -0.7569716573 0.3522461653 0.5503785014 -0.1569361389 0.7196166515 -0.6764043570 -0.6343224049 -0.5983932614 -0.4894492924
-262.4 -69.7 2779.2 0.2124664485 0.5115522146 -0.8325697184 0.0056596380 0.8513642550 0.5245444179 0.9771519899 -0.1161601320 0.1779911518
-190.6 -67.7 3109.5 -0.0161377713 0.5114516616 0.8591604829 -0.1337332428 0.8504477739 -0.5087769628 -0.9908859730 -0.1231088489 0.0546737611
-345.0 -453.7 2535.9 0.8000188470 -0.5057291389 -0.3228124976 -0.2269920260 0.2429190874 -0.9431144595 0.5553777814 0.8277851939 0.0795433596
-143.9 -550.2 2206.7 0.8000188470 0.4545372725 -0.3916193843 -0.2269920260 0.8335134387 0.5037161708 0.5553777814 -0.3140879571 0.7700027823
-290.1 -462.6 2710.6 0.5415490866 -0.8084234595 -0.2305995077 -0.1983756423 0.1436686963 -0.9695392847 0.8169282079 0.5707984567 -0.0825678706
63.6 -525.4 2460.9 0.5415490866 0.5599996448 -0.6269968152 -0.1983756423 0.8098943233 0.5520129800 0.8169282079 -0.1745612174 0.5496878028
-17.7 -176.3 2567.5 0 0 0 0 0 0 0 0 0
-194.5 -100.3 2868.4 0 0 0 0 0 0 0 0 0
-317.6 -868.7 2326.7 0 0 0 0 0 0 0 0 0
-150.3 -834.8 2527.6 0 0 0 0 0 0 0 0 0
-314.9 140.5 2647.2 0 0.3319922090 0.0085607795 -0.9432432652 -0.0512013473 0.9986481667 -0.0089576486 0.9418914914 0.0512691960 0.3319817483
-316.7 -64.9 2636.7 0.3319922090 0.0085607795 -0.9432432652 -0.0512013473 0.9986481667 -0.0089576486 0.9418914914 0.0512691960 0.3319817483
-316.8 -263.4 2627.5 0.3320267797 0.0005203866 -0.9432697892 -0.0435989983 0.9989395738 -0.0147955548 0.9422618151 0.0460381396 0.3316973746
-365.1 -58.6 2499.2 -0.6083047390 0.3752505779 -0.6993942857 0.6617897153 0.7262677550 -0.1859286726 0.4381776750 -0.5759532452 -0.6901291013
-218.3 -218.3 2393.4 -0.7219272256 0.3752505779 0.5813846588 -0.1607354432 0.7262677550 -0.6683556437 -0.6730417609 -0.5759532452 -0.4639964104
-268.2 -71.3 2774.2 0.1879453361 0.5187817216 -0.8339916468 0.0096780788 0.8481040597 0.5297412872 0.9821317792 -0.1076338440 0.1543763876
-204.6 -68.0 3106.4 0.0079865158 0.5188496709 0.8548281789 -0.1387476176 0.8471615911 -0.5128999949 -0.9902955890 -0.1145090982 0.0787550211
-345.5 -455.5 2537.2 0.7986801267 -0.5047866702 -0.3275675774 -0.2338633239 0.2411856055 -0.9418797493 0.5544528961 0.8288666606 0.0745790526
-144.7 -551.5 2207.4 0.7986801267 0.4536795616 -0.3953289092 -0.2338633239 0.8393315673 0.4907447994 0.5544528961 -0.2994951606 0.7764564157
-280.4 -464.0 2708.1 0.5628308654 -0.7930417657 -0.2330367118 -0.1965914816 0.1454081535 -0.9696433544 0.8028531671 0.5915582776 -0.0740650594
69.0 -528.1 2447.5 0.5628308654 0.5880381465 -0.5808894634 -0.1965914816 0.7778357863 0.5969282389 0.8028531671 -0.2217717320 0.5533933043
-14.9 -173.0 2583.0 0 0 0 0 0 0 0 0 0
-202.7 -101.8 2865.3 0 0 0 0 0 0 0 0 0
-318.0 -872.1 2321.8 0 0 0 0 0 0 0 0 0
-155.2 -824.7 2532.0 0 0 0 0 0 0 0 0 0
-315.6 141.4 2642.5 1 0.3472351730 0.0052916398 -0.9377631545 -0.0450402126 0.9989241362 -0.0110407397 0.9366958737 0.0460707843 0.3470999300
-316.6 -63.2 2633.1 0.3472351730 0.0052916398 -0.9377631545 -0.0450402126 0.9989241362 -0.0110407397 0.9366958737 0.0460707843 0.3470999300
-316.2 -261.8 2625.6 0.3472526371 -0.0019723231 -0.9377695322 -0.0345243104 0.9992929697 -0.0148859462 0.9371358752 0.0375450328 0.3469390273
-367.3 -58.2 2496.3 -0.6032032967 0.3179675043 -0.7314659357 0.6715229154 0.6973012090 -0.2506551445 0.4303519130 -0.6423921585 -0.6341368556
-222.9 -219.0 2393.2 -0.7572640181 0.3179675043 0.5704804063 -0.2209066302 0.6973012090 -0.6818879843 -0.6146149039 -0.6423921585 -0.4577999711
-266.0 -68.3 2769.9 0.2036648840 0.5142560005 -0.8331034780 0.0185482856 0.8487591147 0.5284543037 0.9788649678 -0.1230802312 0.1633238494
-197.0 -62.0 3101.1 -0.0074488772 0.5142168999 0.8576278090 -0.1470388025 0.8477658033 -0.5095809102 -0.9891026616 -0.1299003810 0.0692949370
-347.3 -457.9 2532.0 0.7947107553 -0.5179364085 -0.3165070713 -0.2278167456 0.2288049459 -0.9464395642 0.5626138449 0.8242512941 0.0638391599
-142.7 -548.3 2206.3 0.7947107553 0.4544756711 -0.4023514390 -0.2278167456 0.8377345800 0.4962864518 0.5626138449 -0.3027417958 0.7692938447
-286.5 -465.9 2704.6 0.5496920943 -0.8072357178 -0.2149631679 -0.1696040779 0.1441229731 -0.9749169350 0.8179689050 0.5723627210 -0.0576872118
64.2 -528.5 2456.0 0.5496920943 0.5613245964 -0.6186706424 -0.1696040779 0.8001644015 0.5753011703 0.8179689050 -0.2113094181 0.5350469351
-11.3 -157.3 2564.9 0 0 0 0 0 0 0 0 0
-198.8 -97.8 2860.2 0 0 0 0 0 0 0 0 0
-316.3 -868.4 2322.0 0 0 0 0 0 0 0 0 0
-149.9 -833.8 2536.6 0 0 0 0 0 0 0 0 0
-318.4 144.3 2649.1 2 0.3245227933 -0.0047663306 -0.9458658695 -0.0555562191 0.9981648922 -0.0240909867 0.9442449212 0.0603668056 0.3236624300
-317.4 -61.1 2636.7 0.3245227933 -0.0047663306 -0.9458658695 -0.0555562191 0.9981648922 -0.0240909867 0.9442449212 0.0603668056 0.3236624300
-316.8 -259.5 2627.4 0.3244740069 -0.0031127832 -0.9458894730 -0.0431940369 0.9989026785 -0.0181043446 0.9449079037 0.0467311777 0.3239834905
-364.8 -54.8 2498.8 -0.5728246570 0.2918283045 -0.7659687996 0.6832692623 0.6862015128 -0.2495407611 0.4527858794 -0.6663060188 -0.5924704671
-227.7 -218.2 2390.4 -0.7697032094 0.2918283045 0.5677968264 -0.2450613827 0.6862015128 -0.6848886013 -0.5894929171 -0.6663060188 -0.4566556513
-270.0 -67.4 2774.7 0.1799045205 0.5169012547 -0.8369274139 0.0093995379 0.8498669267 0.5269134641 0.9836391807 -0.1026608422 0.1480362713
-209.1 -64.2 3107.5 0.0165507291 0.5170275569 0.8558087349 -0.1378014386 0.8489375710 -0.5102114677 -0.9903215766 -0.1094872952 0.0852976739
-347.7 -457.2 2532.2 0.7973844409 -0.5148478746 -0.3148168921 -0.2209604681 0.2363642305 -0.9462074041 0.5615643263 0.8240531683 0.0747121274
-144.0 -550.7 2206.2 0.7973844409 0.4519550204 -0.3998933733 -0.2209604681 0.8352947831 0.5034472346 0.5615643263 -0.3130803704 0.7659152746
-284.0 -463.5 2704.0 0.5467777848 -0.8092796206 -0.2147104889 -0.1624587923 0.1490204185 -0.9753974080 0.8213654757 0.5682072043 -0.0499935262
64.2 -527.6 2459.5 0.5467777848 0.5513621569 -0.6301062107 -0.1624587923 0.8081266880 0.5661610961 0.8213654757 -0.2071980238 0.5314393640
-14.4 -150.3 2553.8 0 0 0 0 0 0 0 0 0
-205.1 -97.8 2866.3 0 0 0 0 0 0 0 0 0
-316.7 -869.9 2325.8 0 0 0 0 0 0 0 0 0
-146.3 -836.2 2538.6 0 0 0 0 0 0 0 0 0
-318.4 144.3 2653.4 3 0.3216209412 -0.0005840083 -0.9468683004 -0.0725059882 0.9970484972 -0.0252429284 0.9440883398 0.0767722800 0.3206293285
-318.3 -60.4 2637.7 0.3216209412 -0.0005840083 -0.9468683004 -0.0725059882 0.9970484972 -0.0252429284 0.9440883398 0.0767722800 0.3206293285
-317.6 -258.7 2625.0 0.3215966523 -0.0031130796 -0.9468716383 -0.0593983158 0.9979587793 -0.0234551597 0.9450118542 0.0637856796 0.3207553029
-365.2 -51.7 2499.7 -0.5392843485 0.3237316310 -0.7774124742 0.6983732581 0.6877883673 -0.1980453283 0.4705817699 -0.6497268081 -0.5969990492
-236.9 -217.9 2387.7 -0.7585647702 0.3237316310 0.5654885769 -0.2217520326 0.6877883673 -0.6912113428 -0.6127034426 -0.6497268081 -0.4499439001
-271.3 -69.1 2775.7 0.1769420505 0.5173337460 -0.8372916579 -0.0074790106 0.8513970375 0.5244684815 0.9841928482 -0.0865384117 0.1545170844
-211.4 -71.6 3108.8 0.0195328556 0.5174794793 0.8554726839 -0.1207811981 0.8505908251 -0.5117686391 -0.9924869537 -0.0933287069 0.0791162550
-345.8 -454.1 2531.5 0.7997680902 -0.5134006143 -0.3111121356 -0.2218037099 0.2288605273 -0.9478533268 0.5578297973 0.8270686865 0.0691611841
-141.9 -545.0 2203.0 0.7997680902 0.4489247501 -0.3985442817 -0.2218037099 0.8379013538 0.4987227619 0.5578297973 -0.3104639649 0.7696999907
-286.4 -462.0 2704.7 0.5257811546 -0.8144233227 -0.2454971522 -0.2122894526 0.1538415700 -0.9650211930 0.8237034082 0.5595064759 -0.0920064673
64.2 -528.2 2463.9 0.5257811546 0.5595998168 -0.6406264305 -0.2122894526 0.8156231046 0.5382305384 0.8237034082 -0.1469932646 0.5476363897
-28.3 -156.9 2556.3 0 0 0 0 0 0 0 0 0
-206.7 -101.0 2867.0 0 0 0 0 0 0 0 0 0
-313.5 -865.2 2321.6 0 0 0 0 0 0 0 0 0
-149.1 -839.2 2519.9 0 0 0 0 0 0 0 0 0
-320.6 142.9 2654.6 4 0.3048788309 -0.0078004273 -0.9523591995 -0.0710830241 0.9969909787 -0.0309218038 0.9497347474 0.0771239698 0.3034069538
-319.0 -61.4 2638.8 0.3048788309 -0.0078004273 -0.9523591995 -0.0710830241 0.9969909787 -0.0309218038 0.9497347474 0.0771239698 0.3034069538
-317.2 -259.7 2626.4 0.3047589064 -0.0089090010 -0.9523878694 -0.0567653328 0.9980087280 -0.0275003519 0.9507364035 0.0624435917 0.3036463261
-363.5 -53.1 2500.0 -0.4847679436 0.2897683978 -0.8252480030 0.7135975957 0.6766076088 -0.1816056520 0.5057455301 -0.6769316196 -0.5347757339
-252.2 -217.0 2383.9 -0.7828657627 0.2897683978 0.5505955815 -0.2393221110 0.6766076088 -0.6963670254 -0.5743223429 -0.6769316196 -0.4603449702
-274.5 -69.7 2777.6 0.1591609269 0.5148509741 -0.8423753381 -0.0055225152 0.8537030220 0.5207309127 0.9872372150 -0.0782279819 0.1387194395
-220.6 -71.6 3111.9 0.0380013585 0.5151230097 0.8562734127 -0.1218159050 0.8528895974 -0.5076811910 -0.9918249846 -0.0850151479 0.0951611400
-346.5 -451.5 2525.7 0.7942895293 -0.5188121796 -0.3161297441 -0.2138074189 0.2483515590 -0.9447792768 0.5686743259 0.8180192113 0.0863371566
-144.7 -548.1 2207.6 0.7942895293 0.4446613491 -0.4139811695 -0.2138074189 0.8424047828 0.4946115017 0.5686743259 -0.3043524921 0.7641852498
-287.5 -462.4 2699.0 0.5224876404 -0.8224539161 -0.2248916477 -0.1766693145 0.1536067128 -0.9722103477 0.8341430426 0.5476993322 -0.0650447607
64.2 -528.1 2464.7 0.5224876404 0.5468282700 -0.6542059779 -0.1766693145 0.8200443983 0.5443483591 0.8341430426 -0.1688371450 0.5250708461
-38.8 -151.7 2540.5 0 0 0 0 0 0 0 0 0
-211.4 -101.3 2870.2 0 0 0 0 0 0 0 0 0
-314.6 -870.0 2323.9 0 0 0 0 0 0 0 0 0
-144.5 -841.0 2529.2 0 0 0 0 0 0 0 0 0
-321.0 141.6 2655.2 5 0.2821352780 0.0099918805 -0.9593225718 -0.0764675289 0.9969986081 -0.0121046826 0.9563223124 0.0767721832 0.2820525169
-323.0 -61.8 2639.5 0.2821352780 0.0099918805 -0.9593225718 -0.0764675289 0.9969986081 -0.0121046826 0.9563223124 0.0767721832 0.2820525169
-321.7 -260.1 2627.3 0.2821668088 -0.0067230589 -0.9593418241 -0.0572213121 0.9980772138 -0.0238247588 0.9576573372 0.0616173558 0.2812395692
-364.2 -53.4 2499.7 -0.4497789741 0.2798814774 -0.8481540084 0.7226939201 0.6720396280 -0.1614813805 0.5247974396 -0.6855866909 -0.5045379400
