-244.9 108.9 2697.7 82 0.4486435056 0.1750678271 -0.8763961792 -0.2573198080 0.9644039869 0.0609213710 0.8558653593 0.1981821209 0.4777220190
-280.8 -88.6 2657.1 0.4486435056 0.1750678271 -0.8763961792 -0.2573198080 0.9644039869 0.0609213710 0.8558653593 0.1981821209 0.4777220190
-311.0 -281.7 2621.4 0.4532015622 0.1520112008 -0.8783512712 -0.2303368151 0.9718589187 0.0493474975 0.8611348867 0.1799522638 0.4754617512
-347.0 -55.0 2531.3 -0.3109931052 0.3258407414 -0.8928107619 0.7969661355 0.6012147665 -0.0581878126 0.5178110600 -0.7296359539 -0.4466576874
-271.4 -248.7 2405.5 -0.8659259677 0.3258407414 0.3794733286 -0.1199808866 0.6012147665 -0.7900287509 -0.4855685234 -0.7296359539 -0.4815128148
-214.5 -122.2 2782.9 0.4186576009 0.4010149539 -0.8148084283 -0.3438690901 0.9004170299 0.2664642036 0.8405235410 0.1686301678 0.5148630738
-64.3 -245.7 3084.6 0.0588233657 0.4010149539 0.9141809344 0.1583896130 0.9004170299 -0.4051689208 -0.9856229424 0.1686301678 -0.0105510419
-380.5 -453.2 2502.2 0.7518275976 -0.6074433923 -0.2564523220 -0.1356235743 0.2381577343 -0.9617105126 0.6452608109 0.7578215003 0.0966699198
-142.1 -546.7 2204.7 0.7518275976 0.4400281012 -0.4910503924 -0.1356235743 0.8320159316 0.5379179716 0.6452608109 -0.3378235698 0.6852107048
-299.9 -496.6 2661.2 0.4599243104 -0.8764690161 -0.1423788667 -0.1778934747 0.0661443621 -0.9818242192 0.8699560761 0.4768930972 -0.1254967153
67.6 -524.3 2461.2 0.4599243104 0.5713256001 -0.6797475219 -0.1778934747 0.8092827797 0.5598350167 0.8699560761 -0.1365590990 0.4738439322
-23.7 -214.4 2544.4 0 0 0 0 0 0 0 0 0
-40.7 -182.3 2690.2 0 0 0 0 0 0 0 0 0
-310.2 -864.6 2333.8 0 0 0 0 0 0 0 0 0
-150.6 -833.4 2513.4 0 0 0 0 0 0 0 0 0
-244.2 108.7 2696.7 83 0.4234335423 0.1821251065 -0.8874313831 -0.2514802516 0.9647148252 0.0779932141 0.8703227639 0.1901465207 0.4542935193
-281.4 -88.6 2657.8 0.4234335423 0.1821251065 -0.8874313831 -0.2514802516 0.9647148252 0.0779932141 0.8703227639 0.1901465207 0.4542935193
-312.9 -281.9 2624.1 0.4285378754 0.1582716554 -0.8895534873 -0.2224280834 0.9727183580 0.0659149587 0.8757174611 0.1696146131 0.4520507157
-344.0 -56.2 2530.0 -0.3029743731 0.3041312099 -0.9031670690 0.8017319441 0.5936839581 -0.0690308809 0.5152013302 -0.7450124621 -0.4237027466
-270.7 -250.1 2405.3 -0.8780151606 0.3041312099 0.3695857525 -0.1287195086 0.5936839581 -0.7943366170 -0.4609996974 -0.7450124621 -0.4821158946
-218.8 -121.1 2785.7 0.3932586312 0.4066661596 -0.8246031404 -0.3358727396 0.8984220028 0.2828911841 0.8558838367 0.1657122970 0.4899002612
-77.7 -241.7 3093.0 0.0856492296 0.4066661596 0.9095531106 0.1430964321 0.8984220028 -0.4151642323 -0.9859957695 0.1657122970 0.0187566765
-382.7 -453.7 2506.6 0.7466368079 -0.6079069972 -0.2701529562 -0.1535759717 0.2376176268 -0.9591414332 0.6472618580 0.7576192617 0.0840541497
-144.0 -547.0 2209.1 0.7466368079 0.4439227581 -0.4954453409 -0.1535759717 0.8396776319 0.5209183097 0.6472618580 -0.3128482699 0.6951100826
-299.6 -495.9 2664.6 0.4552855790 -0.8738572598 -0.1705535501 -0.2298341841 0.0697152764 -0.9707296491 0.8601693511 0.4811582267 -0.1691019088
63.5 -524.9 2464.6 0.4552855790 0.5741012692 -0.6805312037 -0.2298341841 0.8142221570 0.5331214666 0.8601693511 -0.0863131806 0.5026516914
-18.7 -213.2 2537.6 0 0 0 0 0 0 0 0 0
-43.4 -184.4 2698.4 0 0 0 0 0 0 0 0 0
-313.6 -867.7 2328.6 0 0 0 0 0 0 0 0 0
-155.5 -835.6 2497.6 0 0 0 0 0 0 0 0 0
-245.4 109.1 2696.7 84 0.4176991582 0.1649139524 -0.8934935927 -0.2480016053 0.9667417407 0.0624952838 0.8740838766 0.1954836100 0.4447061419
-279.1 -88.5 2656.8 0.4176991582 0.1649139524 -0.8934935927 -0.2480016053 0.9667417407 0.0624952838 0.8740838766 0.1954836100 0.4447061419
-308.6 -281.7 2621.2 0.4212504923 0.1483061612 -0.8947364688 -0.2260132879 0.9725815654 0.0548000857 0.8783313632 0.1791377664 0.4432196319
-340.7 -55.5 2528.5 -0.2663375139 0.3534425795 -0.8967400193 0.8113073111 0.5845242143 -0.0105781453 0.5204274654 -0.7303491235 -0.4424312711
-275.2 -254.9 2400.6 -0.8436130881 0.3534425795 0.4042218626 -0.1382004321 0.5845242143 -0.7995199561 -0.5188618302 -0.7303491235 -0.4442663193
-217.6 -121.5 2785.1 0.3871355355 0.3973442018 -0.8320118189 -0.3395816684 0.9003911614 0.2719926238 0.8572108150 0.1772379577 0.4835042357
-78.6 -243.4 3092.8 0.0947065726 0.3973442018 0.9127695560 0.1518727243 0.9003911614 -0.4077135921 -0.9838522673 0.1772379577 0.0249272157
-383.7 -454.8 2510.1 0.7489886284 -0.6043750644 -0.2715637088 -0.1549544930 0.2387167960 -0.9586466551 0.6442089677 0.7600954175 0.0851455331
-142.6 -550.0 2207.0 0.7489886284 0.4465792477 -0.4894722104 -0.1549544930 0.8363065124 0.5259092450 0.6442089677 -0.3180541098 0.6955835223
-305.1 -495.5 2670.7 0.4813975096 -0.8654567599 -0.1387121826 -0.1596464962 0.0690322742 -0.9847576022 0.8618407249 0.4962047637 -0.1049351692
65.1 -525.1 2458.4 0.4813975096 0.5719928741 -0.6641389728 -0.1596464962 0.8022602797 0.5752316117 0.8618407249 -0.1708876044 0.4775227606
-34.1 -215.4 2548.9 0 0 0 0 0 0 0 0 0
-40.7 -182.6 2699.1 0 0 0 0 0 0 0 0 0
-313.2 -869.5 2328.5 0 0 0 0 0 0 0 0 0
-152.5 -830.3 2523.4 0 0 0 0 0 0 0 0 0
-244.5 110.2 2696.3 85 0.4709128439 0.1662966460 -0.8663639426 -0.2634178400 0.9637752175 0.0418135375 0.8419335485 0.2085251957 0.4976596236
-278.7 -87.8 2653.4 0.4709128439 0.1662966460 -0.8663639426 -0.2634178400 0.9637752175 0.0418135375 0.8419335485 0.2085251957 0.4976596236
-307.7 -280.6 2615.1 0.4748586118 0.1453346163 -0.8679787517 -0.2389264703 0.9705171585 0.0317904688 0.8470085263 0.1922871172 0.4955826998
-348.0 -53.0 2529.8 -0.2702322304 0.3642760515 -0.8912224770 0.8011230826 0.5984971523 0.0017155124 0.5340190530 -0.7135152817 -0.4535631835
-279.0 -257.3 2393.7 -0.8285592794 0.3642760515 0.4251970053 -0.1415233016 0.5984971523 -0.7885254025 -0.5417200923 -0.7135152817 -0.4443368316
-209.4 -122.6 2777.0 0.4411090314 0.3947910368 -0.8059546351 -0.3524986506 0.9020897746 0.2489552349 0.8253287673 0.1742815226 0.5370832682
-51.1 -249.2 3073.3 0.0350101702 0.3947910368 0.9181036353 0.1747815311 0.9020897746 -0.3945699334 -0.9839845896 0.1742815226 -0.0374198593
-376.7 -454.3 2505.1 0.7494670153 -0.5989935398 -0.2819678783 -0.1636218429 0.2451050878 -0.9555895329 0.6415037513 0.7623189688 0.0856897533
-141.6 -550.5 2205.9 0.7494670153 0.4523590505 -0.4833947122 -0.1636218429 0.8340694308 0.5268359184 0.6415037513 -0.3157522082 0.6991233826
-299.4 -495.7 2666.1 0.4665555656 -0.8704395294 -0.1570380032 -0.1939001232 0.0725728869 -0.9783332348 0.8629766107 0.4868965149 -0.1349190474
63.3 -526.0 2463.2 0.4665555656 0.5678179860 -0.6781656742 -0.1939001232 0.8137387037 0.5479343534 0.8629766107 -0.1241454184 0.4897542894
-42.3 -216.8 2548.4 0 0 0 0 0 0 0 0 0
-37.1 -179.2 2679.5 0 0 0 0 0 0 0 0 0
-314.4 -869.2 2326.5 0 0 0 0 0 0 0 0 0
-152.9 -835.9 2510.5 0 0 0 0 0 0 0 0 0
-243.0 110.5 2695.5 86 0.4904232323 0.1658480465 -0.8555579782 -0.2633019984 0.9640434980 0.0359476544 0.8307569623 0.2076405734 0.5164574385
-277.2 -88.1 2652.7 0.4904232323 0.1658480465 -0.8555579782 -0.2633019984 0.9640434980 0.0359476544 0.8307569623 0.2076405734 0.5164574385
-305.6 -280.8 2613.5 0.4938059449 0.1426653564 -0.8577891588 -0.2420960814 0.9700037241 0.0219604466 0.8351916671 0.1968232095 0.5135323405
-349.2 -52.8 2530.8 -0.2615825534 0.3698796332 -0.8914951682 0.7989043593 0.6012697220 0.0150510920 0.5415961742 -0.7082822919 -0.4527801275
-282.0 -258.0 2391.7 -0.8233470321 0.3698796332 0.4304517210 -0.1410711408 0.6012697220 -0.7864945531 -0.5497258902 -0.7082822919 -0.4428743124
-205.1 -123.4 2774.6 0.4603895843 0.3921573758 -0.7964006662 -0.3557308912 0.9034522176 0.2392271310 0.8133246303 0.1731666327 0.5554425120
-39.8 -251.1 3066.6 0.0135591337 0.3921573758 0.9197981954 0.1825480014 0.9034522176 -0.3878792524 -0.9831034541 0.1731666327 -0.0593375154
-380.1 -451.5 2499.3 0.7367834449 -0.6131879091 -0.2848697007 -0.1584938616 0.2529508770 -0.9544084668 0.6572897434 0.7483425140 0.0891834944
-138.6 -551.2 2204.6 0.7367834449 0.4692474902 -0.4867822230 -0.1584938616 0.8197605610 0.5503383875 0.6572897434 -0.3283282220 0.6783588529
-293.2 -495.2 2654.4 0.4471299052 -0.8803187609 -0.1584731340 -0.2031615227 0.0725891963 -0.9764508009 0.8710914254 0.4687960148 -0.1463900954
63.0 -524.6 2464.7 0.4471299052 0.5736979842 -0.6862546802 -0.2031615227 0.8123052716 0.5467042327 0.8710914254 -0.1050272733 0.4797593355
-46.8 -217.7 2548.8 0 0 0 0 0 0 0 0 0
-34.4 -178.1 2673.2 0 0 0 0 0 0 0 0 0
-317.9 -864.3 2330.0 0 0 0 0 0 0 0 0 0
-155.8 -834.4 2504.8 0 0 0 0 0 0 0 0 0
-245.5 109.6 2696.6 87 0.4587576687 0.1689983904 -0.8723422289 -0.2647604644 0.9631507397 0.0473553240 0.8482000232 0.2092370987 0.4865968823
-280.3 -88.8 2653.5 0.4587576687 0.1689983904 -0.8723422289 -0.2647604644 0.9631507397 0.0473553240 0.8482000232 0.2092370987 0.4865968823
-309.5 -281.5 2615.1 0.4628066421 0.1465272456 -0.8742652535 -0.2399515659 0.9701328874 0.0355724059 0.8533658385 0.1933181733 0.4841433764
-347.9 -53.7 2529.0 -0.3081881702 0.3346523345 -0.8905211091 0.8070027232 0.5876480341 -0.0584499426 0.5037525892 -0.7366665602 -0.4511715174
-270.8 -255.7 2402.9 -0.8541027904 0.3346523345 0.3981409967 -0.1411374956 0.5876480341 -0.7967119813 -0.5005882978 -0.7366665602 -0.4546798468
-212.8 -123.8 2778.1 0.4289082885 0.3959336281 -0.8119570613 -0.3534139693 0.9007350802 0.2525369227 0.8313460350 0.1786417812 0.5262612104
-58.8 -250.6 3076.6 0.0485621393 0.3959336281 0.9169941545 0.1737290621 0.9007350802 -0.3981137276 -0.9835954309 0.1786417812 -0.0250435565
-379.2 -451.4 2497.9 0.7367631793 -0.6153185368 -0.2802911699 -0.1541919112 0.2507184744 -0.9557013512 0.6583349109 0.7473441958 0.0898429900
-138.8 -549.4 2205.9 0.7367631793 0.4624641836 -0.4932615161 -0.1541919112 0.8252078891 0.5433753729 0.6583349109 -0.3242820203 0.6792910099
-288.8 -495.7 2650.9 0.4460629523 -0.8812263012 -0.1564226449 -0.1816620827 0.0819898546 -0.9799370170 0.8763713241 0.4655296504 -0.1235127747
60.9 -528.3 2466.2 0.4460629523 0.5698884130 -0.6901123524 -0.1816620827 0.8126737475 0.5536788106 0.8763713241 -0.1216083542 0.4660307467
-26.9 -215.4 2545.9 0 0 0 0 0 0 0 0 0
-39.4 -181.1 2682.9 0 0 0 0 0 0 0 0 0
-315.5 -864.6 2329.8 0 0 0 0 0 0 0 0 0
-156.6 -838.5 2512.6 0 0 0 0 0 0 0 0 0
-248.3 108.4 2696.7 88 0.4818428159 0.1701155752 -0.8595860600 -0.2677013278 0.9626523852 0.0404522792 0.8343641162 0.2106206864 0.5093873143
-283.4 -89.7 2653.3 0.4818428159 0.1701155752 -0.8595860600 -0.2677013278 0.9626523852 0.0404522792 0.8343641162 0.2106206864 0.5093873143
-312.1 -282.6 2615.3 0.4866386354 0.1446688324 -0.8615415096 -0.2382447422 0.9707885981 0.0284417570 0.8404893279 0.1914168745 0.5068898201
-354.4 -54.9 2530.7 -0.3701149821 0.2919362187 -0.8819229603 0.7973752022 0.5869382620 -0.1403432935 0.4766630828 -0.7551666498 -0.4500173628
-261.5 -255.1 2411.0 -0.8793346882 0.2919362187 0.3762229979 -0.1458704174 0.5869382620 -0.7963826060 -0.4533126056 -0.7551666498 -0.4735303521
-212.3 -124.5 2776.0 0.4529792070 0.3940907121 -0.7996888757 -0.3519043028 0.9031958580 0.2457653135 0.8191295266 0.1700873822 0.5478111506
-49.7 -250.8 3070.1 0.0216067713 0.3940907121 0.9188175201 0.1759084165 0.9031958580 -0.3915270567 -0.9841693640 0.1700873822 -0.0498087332
-381.1 -452.3 2498.5 0.7394378185 -0.6130026579 -0.2783153951 -0.1495921910 0.2534641325 -0.9557081461 0.6563946009 0.7483205795 0.0957205594
-142.8 -550.8 2207.6 0.7394378185 0.4570516944 -0.4943030179 -0.1495921910 0.8274226785 0.5412890911 0.6563946009 -0.3263057470 0.6801989675
-296.3 -496.2 2654.8 0.4425138533 -0.8821990490 -0.1609544158 -0.1986179501 0.0786084458 -0.9769194722 0.8744897842 0.4642688334 -0.1404352486
61.2 -528.1 2466.7 0.4425138533 0.5745533109 -0.6885274053 -0.1986179501 0.8115187287 0.5495345592 0.8744897842 -0.1064227596 0.4732248783
-10.4 -213.4 2540.4 0 0 0 0 0 0 0 0 0
-41.0 -180.4 2676.3 0 0 0 0 0 0 0 0 0
-317.4 -867.0 2332.2 0 0 0 0 0 0 0 0 0
-158.3 -838.0 2507.3 0 0 0 0 0 0 0 0 0
-251.0 108.6 2695.2 89 0.4812309146 0.1662784666 -0.8606789708 -0.2637422085 0.9638150334 0.0387377627 0.8359766006 0.2083555758 0.5076722503
-285.2 -89.5 2652.4 0.4812309146 0.1662784666 -0.8606789708 -0.2637422085 0.9638150334 0.0387377627 0.8359766006 0.2083555758 0.5076722503
-312.9 -282.7 2615.0 0.4861499071 0.1394740194 -0.8626733422 -0.2325949818 0.9722231627 0.0261093620 0.8423525691 0.1879604310 0.5050871372
-356.2 -55.6 2529.4 -0.4113677740 0.2658712268 -0.8718308806 0.7938798070 0.5744500160 -0.1994042993 0.4478073716 -0.7741574049 -0.4473800361
-253.0 -254.7 2417.1 -0.8960061073 0.2658712268 0.3556480408 -0.1490142345 0.5744500160 -0.8048614264 -0.4182915390 -0.7741574049 -0.4750921130
-214.2 -123.5 2775.4 0.4530968070 0.3892697394 -0.8019802570 -0.3465014994 0.9057885408 0.2438929826 0.8213647008 0.1673802137 0.5452924967
-51.5 -247.9 3070.3 0.0226817187 0.3892697394 0.9208444953 0.1722321659 0.9057885408 -0.3871474564 -0.9847952127 0.1673802137 -0.0464999340
-385.5 -453.7 2500.2 0.7219815850 -0.6434452534 -0.2544028461 -0.1601982862 0.2022390813 -0.9661448598 0.6731114984 0.7382937074 0.0429340675
-129.5 -534.1 2206.4 0.7219815850 0.4670332968 -0.5105119944 -0.1601982862 0.8306105733 0.5333127975 0.6731114984 -0.3032588661 0.6745035052
-296.3 -497.3 2654.2 0.4500104487 -0.8825352192 -0.1364630312 -0.1576609612 0.0718947276 -0.9848726392 0.8789957762 0.4647178948 -0.1067879722
63.0 -526.6 2465.0 0.4500104487 0.5643684268 -0.6920830011 -0.1576609612 0.8130245805 0.5604766011 0.8789957762 -0.1431058496 0.4548484385
2.1 -212.3 2536.2 0 0 0 0 0 0 0 0 0
-42.4 -179.0 2676.2 0 0 0 0 0 0 0 0 0
-307.9 -851.4 2322.3 0 0 0 0 0 0 0 0 0
-152.5 -836.9 2519.7 0 0 0 0 0 0 0 0 0
-250.5 109.8 2695.0 90 0.4965723753 0.1629345268 -0.8525656462 -0.2609686852 0.9648039341 0.0323846340 0.8278352618 0.2064116299 0.5216158032
-284.0 -88.9 2652.5 0.4965723753 0.1629345268 -0.8525656462 -0.2609686852 0.9648039341 0.0323846340 0.8278352618 0.2064116299 0.5216158032
-311.0 -282.4 2616.0 0.5017613769 0.1358586401 -0.8542703986 -0.2273054421 0.9735900164 0.0213252325 0.8346063495 0.1834801286 0.5193912983
-357.3 -55.7 2530.6 -0.4343004525 0.2519526184 -0.8648138642 0.7863345742 0.5743665099 -0.2275545448 0.4393871129 -0.7788600922 -0.4475666881
-247.2 -255.0 2419.2 -0.9018698931 0.2519526184 0.3509281278 -0.1524916738 0.5743665099 -0.8042694926 -0.4041991830 -0.7788600922 -0.4795831740
-210.7 -122.1 2774.4 0.4691519141 0.3857296407 -0.7944237590 -0.3414848447 0.9088308215 0.2396135628 0.8144228458 0.1588685215 0.5581005216
-42.3 -244.7 3066.7 0.0050241114 0.3857296407 0.9225981832 0.1701226383 0.9088308215 -0.3809000552 -0.9854100943 0.1588685215 -0.0610552765
-385.2 -454.6 2500.5 0.7247983813 -0.6362623572 -0.2642678320 -0.1588095576 0.2189540714 -0.9627245665 0.6704079509 0.7397494912 0.0576530173
-136.7 -540.1 2211.6 0.7247983813 0.4578426778 -0.5148274899 -0.1588095576 0.8381542563 0.5218017101 0.6704079509 -0.2964415252 0.6802026629
-296.1 -497.2 2654.9 0.4481617510 -0.8797818422 -0.1585400105 -0.2045018673 0.0717474595 -0.9762331843 0.8702471256 0.4699321091 -0.1477625668
60.3 -526.3 2464.5 0.4481617510 0.5601904988 -0.6966617703 -0.2045018673 0.8228848577 0.5301315188 0.8702471256 -0.0951160342 0.4833455384
9.0 -211.7 2534.1 0 0 0 0 0 0 0 0 0
-40.3 -176.6 2672.4 0 0 0 0 0 0 0 0 0
-311.7 -860.3 2324.8 0 0 0 0 0 0 0 0 0
-153.4 -840.2 2500.8 0 0 0 0 0 0 0 0 0
-252.0 107.1 2695.9 91 0.4944148660 0.1525463909 -0.8557356596 -0.2662827969 0.9637278318 0.0179483276 0.8274342418 0.2189937681 0.5171018243
-283.5 -91.4 2650.8 0.4944148660 0.1525463909 -0.8557356596 -0.2662827969 0.9637278318 0.0179483276 0.8274342418 0.2189937681 0.5171018243
-308.7 -284.7 2611.9 0.4992136657 0.1269927770 -0.8571222425 -0.2330451757 0.9724301100 0.0083445199 0.8345511556 0.1955825090 0.5150454640
-356.4 -57.4 2528.9 -0.4449773431 0.2370069474 -0.8636103868 0.7887800932 0.5603570342 -0.2526379228 0.4240532219 -0.7936168313 -0.4362925589
-245.6 -253.8 2423.3 -0.9131249785 0.2370069474 0.3317084312 -0.1504285485 0.5603570342 -0.8144760132 -0.3789116442 -0.7936168313 -0.4760234058
-210.5 -125.5 2772.6 0.4676377177 0.3775063753 -0.7992520928 -0.3472384810 0.9099783897 0.2266379297 0.8128594160 0.1715466380 0.5566249490
-42.7 -250.1 3064.5 0.0088015199 0.3775063753 0.9259651303 0.1817197800 0.9099783897 -0.3727160394 -0.9833109379 0.1715466380 -0.0605911799
-384.0 -455.0 2503.0 0.7300034761 -0.6260221004 -0.2742100954 -0.1602048427 0.2332978696 -0.9591175914 0.6644014716 0.7440889478 0.0700164884
-139.4 -546.2 2212.2 0.7300034761 0.4599466026 -0.5055136085 -0.1602048427 0.8342090249 0.5276643634 0.6644014716 -0.3042111099 0.6826611757
-292.0 -496.7 2656.1 0.4594453573 -0.8753374815 -0.1506462693 -0.1820583642 0.0731966421 -0.9805595279 0.8693472743 0.4779399633 -0.1257326454
59.4 -526.0 2464.2 0.4594453573 0.5030478835 -0.7320196629 -0.1820583642 0.8599932194 0.4767247140 0.8693472743 -0.0857586637 0.4867039621
12.9 -211.2 2530.6 0 0 0 0 0 0 0 0 0
-39.1 -177.4 2671.0 0 0 0 0 0 0 0 0 0
-315.1 -864.9 2328.5 0 0 0 0 0 0 0 0 0
-102.2 -802.2 2491.7 0 0 0 0 0 0 0 0 0
-253.6 106.0 2695.8 92 0.4614548981 0.1443113387 -0.8753477335 -0.2641361058 0.9642835855 0.0197294932 0.8469306231 0.2221066654 0.4830912352
-283.2 -91.8 2650.3 0.4614548981 0.1443113387 -0.8753477335 -0.2641361058 0.9642835855 0.0197294932 0.8469306231 0.2221066654 0.4830912352
-307.4 -285.0 2610.7 0.4657260776 0.1215599552 -0.8765400052 -0.2330233753 0.9724084139 0.0110443980 0.8536974192 0.1991106421 0.4812022746
-351.2 -57.8 2525.6 -0.4363431036 0.2298189104 -0.8699356318 0.8022521734 0.5371564031 -0.2604888380 0.4074262083 -0.8115702271 -0.4187572300
-244.5 -254.0 2425.9 -0.9195755720 0.2298189104 0.3186910748 -0.1532119364 0.5371564031 -0.8294510841 -0.3618105054 -0.8115702271 -0.4587449133
-215.2 -125.8 2774.9 0.4347511232 0.3726724982 -0.8198211193 -0.3471739292 0.9093455076 0.2292619497 0.8309402466 0.1849486381 0.5247211456
-59.1 -250.5 3073.2 0.0475831106 0.3726724982 0.9267421961 0.1803177446 0.9093455076 -0.3749350607 -0.9824568033 0.1849486381 -0.0239299778
-379.7 -456.5 2496.5 0.7275518775 -0.6259444356 -0.2808235288 -0.1620854139 0.2409144193 -0.9569161534 0.6666307449 0.7417235374 0.0738212839
-141.0 -548.4 2213.7 0.7275518775 0.4636446834 -0.5056697130 -0.1620854139 0.8323708773 0.5299877524 0.6666307449 -0.3036319017 0.6807430387
-288.2 -499.3 2649.6 0.4596759081 -0.8801212907 -0.1186784953 -0.1560555845 0.0515042916 -0.9864045382 0.8742681146 0.4719468355 -0.1136725619
51.6 -519.1 2467.4 0.4596759081 0.4752159417 -0.7502452135 -0.1560555845 0.8748659492 0.4585371017 0.8742681146 -0.0936984941 0.4763148725
14.7 -210.8 2527.9 0 0 0 0 0 0 0 0 0
-40.1 -178.3 2680.1 0 0 0 0 0 0 0 0 0
-318.2 -866.4 2329.7 0 0 0 0 0 0 0 0 0
-115.5 -826.7 2500.3 0 0 0 0 0 0 0 0 0
-256.6 102.8 2695.8 93 0.4661948979 0.1434713602 -0.8729709387 -0.2559136748 0.9664454460 0.0221675076 0.8468592167 0.2130708247 0.4872682095
-285.9 -95.1 2652.2 0.4661948979 0.1434713602 -0.8729709387 -0.2559136748 0.9664454460 0.0221675076 0.8468592167 0.2130708247 0.4872682095
-310.0 -288.6 2614.0 0.4701440334 0.1212237924 -0.8742250204 -0.2269657701 0.9738162756 0.0129750334 0.8529074788 0.1923190206 0.4853475690
-354.6 -61.9 2527.6 -0.4577729702 0.2154204398 -0.8625763059 0.7839294672 0.5554763079 -0.2773097157 0.4194025099 -0.8031439185 -0.4231564701
-242.4 -254.0 2424.8 -0.9221494794 0.2154204398 0.3213010430 -0.1548936963 0.5554763079 -0.8169785738 -0.3544690013 -0.8031439185 -0.4788649082
-217.2 -128.2 2776.7 0.4392116964 0.3723488748 -0.8175875545 -0.3412993848 0.9109907746 0.2315393835 0.8310281634 0.1773473173 0.5272002816
-59.6 -250.7 3075.1 0.0426084399 0.3723488748 0.9271142483 0.1741070151 0.9109907746 -0.3738749921 -0.9838044643 0.1773473173 -0.0260126553
-374.2 -456.9 2492.9 0.7350608706 -0.6179226637 -0.2790288329 -0.1519719362 0.2509126365 -0.9560059309 0.6607496142 0.7451271415 0.0905291438
-140.6 -551.8 2211.2 0.7350608706 0.4623293579 -0.4959204197 -0.1519719362 0.8251845837 0.5440357327 0.6607496142 -0.3245334029 0.6768220067
-288.9 -499.6 2649.4 0.4485582411 -0.8822183013 -0.1431307197 -0.1913644820 0.0616289787 -0.9795823097 0.8730264306 0.4667898417 -0.1411810666
55.1 -523.6 2467.3 0.4485582411 0.5179708600 -0.7283554673 -0.1913644820 0.8517013192 0.4878365099 0.8730264306 -0.0794417113 0.4811588824
16.8 -210.5 2524.5 0 0 0 0 0 0 0 0 0
-42.5 -181.1 2681.4 0 0 0 0 0 0 0 0 0
-317.2 -867.0 2335.1 0 0 0 0 0 0 0 0 0
-134.6 -835.7 2496.5 0 0 0 0 0 0 0 0 0
-258.8 101.3 2695.8 94 0.4622400403 0.1359626502 -0.8762695193 -0.2532514930 0.9672599435 0.0164883435 0.8498222232 0.2142949998 0.4815390408
-286.7 -97.4 2651.8 0.4622400403 0.1359626502 -0.8762695193 -0.2532514930 0.9672599435 0.0164883435 0.8498222232 0.2142949998 0.4815390408
-309.2 -291.1 2613.2 0.4659210145 0.1133050397 -0.8775417805 -0.2245783061 0.9744338393 0.0065780436 0.8558517098 0.1940120012 0.4794550538
-354.8 -64.6 2526.8 -0.4652495086 0.2152482420 -0.8586099744 0.7812772989 0.5558313727 -0.2840022147 0.4161113799 -0.8029443622 -0.4267688394
-241.8 -254.4 2425.7 -0.9214574695 0.2152482420 0.3233949542 -0.1566828042 0.5558313727 -0.8163957000 -0.3554808199 -0.8029443622 -0.4784492850
-218.7 -130.2 2776.8 0.4359144568 0.3649464250 -0.8226740956 -0.3390984833 0.9133291245 0.2254820615 0.8336610794 0.1806766540 0.5218861103
-62.2 -252.0 3076.0 0.0480487570 0.3649464250 0.9297878146 0.1753265560 0.9133291245 -0.3675466478 -0.9833371043 0.1806766540 -0.0201004688
-377.2 -461.3 2497.6 0.7396004796 -0.6165298820 -0.2699666619 -0.1525724232 0.2370884717 -0.9594324827 0.6555247903 0.7507861853 0.0812852904
-141.5 -551.9 2210.6 0.7396004796 0.4560332000 -0.4949998260 -0.1525724232 0.8299161792 0.5366197824 0.6555247903 -0.3213609457 0.6833845377
-291.0 -502.9 2653.9 0.4551207721 -0.8790125847 -0.1421335936 -0.2026834339 0.0531650893 -0.9778000116 0.8670550585 0.4738252461 -0.1539647579
57.6 -524.0 2466.0 0.4551207721 0.5443680882 -0.7046477199 -0.2026834339 0.8339172602 0.5133239031 0.8670550585 -0.0908039510 0.4898674786
16.1 -210.5 2525.2 0 0 0 0 0 0 0 0 0
-42.9 -181.8 2682.5 0 0 0 0 0 0 0 0 0
-315.8 -869.0 2333.4 0 0 0 0 0 0 0 0 0
-146.0 -835.9 2500.0 0 0 0 0 0 0 0 0 0
-258.9 99.6 2695.8 95 0.4732716382 0.1368611306 -0.8702200651 -0.2603987455 0.9654470682 0.0102190655 0.8415500522 0.2217678279 0.4925571978
-287.0 -98.7 2650.2 0.4732716382 0.1368611306 -0.8702200651 -0.2603987455 0.9654470682 0.0102190655 0.8415500522 0.2217678279 0.4925571978
-309.8 -291.9 2609.8 0.4767563045 0.1149898842 -0.8714818954 -0.2335871160 0.9723357558 0.0005102119 0.8474317193 0.2033237070 0.4904273450
-356.6 -64.6 2526.5 -0.4650375843 0.1912050694 -0.8643960953 0.7889971733 0.5323622823 -0.3067146838 0.4015264809 -0.8246399760 -0.3984287381
-244.1 -255.5 2429.3 -0.9324672222 0.1912050694 0.3065053523 -0.1638298929 0.5323622823 -0.8305119872 -0.3219699860 -0.8246399760 -0.4650852382
-217.3 -132.8 2774.0 0.4465606809 0.3664906919 -0.8162524700 -0.3478823006 0.9116056561 0.2189817876 0.8243551850 0.1861711293 0.5345828533
-57.0 -257.7 3069.9 0.0356158465 0.3664906919 0.9297397733 0.1862013489 0.9116056561 -0.3664753139 -0.9818658829 0.1861711293 -0.0357734486
-374.5 -464.1 2496.2 0.7417448163 -0.6160874963 -0.2650486827 -0.1539068818 0.2282879949 -0.9613518119 0.6527842879 0.7538705468 0.0745113343
-141.0 -550.6 2210.5 0.7417448163 0.4594920576 -0.4885505736 -0.1539068818 0.8256147504 0.5428379178 0.6527842879 -0.3274559081 0.6831144094
-289.0 -505.3 2653.1 0.4549134672 -0.8770342469 -0.1544818878 -0.2277125716 0.0531446449 -0.9722770452 0.8609301448 0.4774793983 -0.1755355000
57.5 -526.3 2464.5 0.4549134672 0.5606829524 -0.6918730736 -0.2277125716 0.8243265748 0.5182978511 0.8609301448 -0.0782324895 0.5026718378
15.0 -210.0 2518.8 0 0 0 0 0 0 0 0 0
-42.8 -183.2 2677.0 0 0 0 0 0 0 0 0 0
-316.6 -866.1 2335.6 0 0 0 0 0 0 0 0 0
-154.4 -837.9 2494.1 0 0 0 0 0 0 0 0 0
-258.4 99.0 2695.3 96 0.4731499553 0.1455806494 -0.8688701987 -0.2677655220 0.9633578062 0.0155984368 0.8393037319 0.2252730727 0.4947942197
-288.4 -99.5 2648.9 0.4731499553 0.1455806494 -0.8688701987 -0.2677655220 0.9633578062 0.0155984368 0.8393037319 0.2252730727 0.4947942197
-311.9 -292.4 2607.5 0.4770032167 0.1180677414 -0.8709350824 -0.2394961119 0.9708971977 0.0004492000 0.8456414938 0.2083712965 0.4913978875
-358.1 -64.5 2525.3 -0.4714388847 0.1837709248 -0.8625390530 0.7876764536 0.5276098251 -0.3181096017 0.3966247737 -0.8293709159 -0.3934878111
-243.8 -255.4 2429.2 -0.9352632761 0.1837709248 0.3025076389 -0.1658081561 0.5276098251 -0.8331479430 -0.3127143681 -0.8293709159 -0.4629833698
-218.8 -134.5 2772.4 0.4464468062 0.3693701029 -0.8150159121 -0.3535777330 0.9095229506 0.2185195982 0.8219903111 0.1906141043 0.5366546512
-58.5 -261.4 3067.5 0.0350790098 0.3693701029 0.9286200404 0.1913267970 0.9095229506 -0.3690014482 -0.9808993340 0.1906141043 -0.0387652367
-376.4 -463.7 2491.7 0.7341764569 -0.6238957644 -0.2678412795 -0.1540870965 0.2310891151 -0.9606534243 0.6612428427 0.7465600371 0.0735258982
-140.9 -550.9 2209.9 0.7341764569 0.4603178799 -0.4990915358 -0.1540870965 0.8288668990 0.5378074050 0.6612428427 -0.3179419935 0.6794636250
-289.0 -506.5 2647.1 0.4547438323 -0.8785564303 -0.1461049020 -0.2214091420 0.0473800190 -0.9740293026 0.8626621962 0.4752827883 -0.1729746461
60.5 -525.4 2458.1 0.4547438323 0.5742143393 -0.6807979941 -0.2214091420 0.8132962584 0.5380772948 0.8626621962 -0.0939524248 0.4969777763
14.0 -209.7 2515.4 0 0 0 0 0 0 0 0 0
-44.4 -184.8 2674.9 0 0 0 0 0 0 0 0 0
-316.8 -867.7 2331.4 0 0 0 0 0 0 0 0 0
-157.7 -834.4 2493.8 0 0 0 0 0 0 0 0 0
-257.8 100.3 2695.0 97 0.4622506201 0.1455777884 -0.8747179508 -0.2678073347 0.9632891417 0.0187939424 0.8453422785 0.2255683541 0.4842678308
-287.8 -98.5 2648.5 0.4622506201 0.1455777884 -0.8747179508 -0.2678073347 0.9632891417 0.0187939424 0.8453422785 0.2255683541 0.4842678308
-310.8 -291.3 2606.1 0.4656743109 0.1152844504 -0.8774149418 -0.2424318343 0.9701676965 -0.0011955872 0.8511018157 0.2132700682 0.4797307849
-355.9 -63.1 2524.2 -0.4795077741 0.1963679940 -0.8552846909 0.7908385992 0.5191083550 -0.3241926134 0.3803243935 -0.8318449855 -0.4042118788
-239.3 -255.4 2431.7 -0.9317352772 0.1963679940 0.3054651916 -0.1655039638 0.5191083550 -0.8385314345 -0.3232302666 -0.8318449855 -0.4511719048
-219.8 -133.9 2772.8 0.4354352653 0.3668009043 -0.8221029043 -0.3564296961 0.9088413715 0.2167146951 0.8266522884 0.1986566782 0.5264803171
-63.5 -261.8 3069.5 0.0481668860 0.3668009043 0.9290516973 0.1947008371 0.9088413715 -0.3689159453 -0.9796792865 0.1986566782 -0.0276403874
-379.1 -463.4 2488.5 0.7331330180 -0.6301654577 -0.2557489276 -0.1352517754 0.2334430218 -0.9629181027 0.6665005088 0.7405375838 0.0859137848
-140.3 -551.9 2207.8 0.7331330180 0.4616827369 -0.4993646443 -0.1352517754 0.8185794950 0.5582423806 0.6665005088 -0.3417259455 0.6625710726
-291.6 -507.3 2643.6 0.4431499541 -0.8858395815 -0.1375004798 -0.2022528350 0.0506303832 -0.9780237079 0.8733338118 0.4612210095 -0.1567267179
58.5 -527.3 2461.3 0.4431499541 0.5654325485 -0.6956322193 -0.2022528350 0.8190430999 0.5369005203 0.8733338118 -0.0972338319 0.4773192406
15.4 -210.1 2520.0 0 0 0 0 0 0 0 0 0
-44.2 -183.9 2677.5 0 0 0 0 0 0 0 0 0
-316.6 -864.6 2338.4 0 0 0 0 0 0 0 0 0
-157.0 -839.4 2498.4 0 0 0 0 0 0 0 0 0
-258.3 99.6 2695.4 98 0.5026599169 0.1343403906 -0.8539822698 -0.2622267008 0.9650029540 -0.0025433397 0.8237537146 0.2252153903 0.5202959180
-285.9 -98.7 2649.1 0.5026599169 0.1343403906 -0.8539822698 -0.2622267008 0.9650029540 -0.0025433397 0.8237537146 0.2252153903 0.5202959180
-307.0 -291.7 2606.6 0.5056996942 0.1060785875 -0.8561630249 -0.2377466559 0.9711191058 -0.0201053731 0.8293035030 0.2137171775 0.5163145065
-359.7 -64.0 2528.1 -0.4247809947 0.2354721427 -0.8741361499 0.7836622000 0.5790738463 -0.2248266041 0.4532489777 -0.7805295587 -0.4305101931
-257.7 -252.3 2419.2 -0.9243913293 0.2354721427 0.3000892699 -0.1145329997 0.5790738463 -0.8071900010 -0.3638446033 -0.7805295587 -0.5083215237
-212.1 -133.4 2770.2 0.4765860736 0.3578523695 -0.8029990196 -0.3521744907 0.9146251678 0.1985797286 0.8055053353 0.1881554425 0.5619240999
-41.0 -259.8 3059.3 0.0030442141 0.3578523695 0.9337732196 0.2003552914 0.9146251678 -0.3511674106 -0.9797185659 0.1881554425 -0.0689133033
-376.4 -461.8 2485.7 0.7314735651 -0.6277711391 -0.2661761642 -0.1412188411 0.2424257249 -0.9598369598 0.6670859456 0.7396844625 0.0886749104
-140.6 -552.9 2207.9 0.7314735651 0.4616763592 -0.5017980933 -0.1412188411 0.8225305676 0.5509089828 0.6670859456 -0.3321120441 0.6668567657
-291.0 -506.3 2641.8 0.4362946451 -0.8883441687 -0.1431489140 -0.2078957409 0.0552643947 -0.9765885472 0.8754578233 0.4558404088 -0.1605714113
59.8 -528.1 2461.8 0.4362946451 0.5717600584 -0.6947931051 -0.2078957409 0.8153218031 0.5403977633 0.8754578233 -0.0913281292 0.4745869935
-6.7 -221.2 2518.0 0 0 0 0 0 0 0 0 0
-39.8 -179.7 2667.3 0 0 0 0 0 0 0 0 0
-317.0 -867.1 2334.8 0 0 0 0 0 0 0 0 0
-158.4 -839.2 2496.6 0 0 0 0 0 0 0 0 0
-258.3 99.1 2695.1 99 0.5137729049 0.1390300989 -0.8465861082 -0.2670327723 0.9636799693 -0.0037960459 0.8153102994 0.2280165553 0.5322382450
-286.9 -99.3 2648.1 0.5137729049 0.1390300989 -0.8465861082 -0.2670327723 0.9636799693 -0.0037960459 0.8153102994 0.2280165553 0.5322382450
-309.0 -292.1 2605.2 0.5169996023 0.1111368611 -0.8487402201 -0.2420912683 0.9700379968 -0.0204468984 0.8210378885 0.2160436362 0.5284145474
-362.4 -64.0 2528.3 -0.3366015255 0.2426634580 -0.9098427892 0.7974827886 0.5872516632 -0.1384078711 0.5007201433 -0.7721722126 -0.3911897242
-282.4 -253.6 2409.2 -0.9261940718 0.2426634580 0.2885809839 -0.0965317041 0.5872516632 -0.8036274910 -0.3644806743 -0.7721722126 -0.5204842687
-211.4 -134.7 2768.0 0.4873114526 0.3624019623 -0.7944761515 -0.3563637137 0.9131387472 0.1979457289 0.7972028852 0.1866612583 0.5741298795
-36.4 -262.6 3054.2 -0.0105349310 0.3624019623 0.9319623709 0.2042761743 0.9131387472 -0.3527731001 -0.9788566232 0.1866612583 -0.0836499408
-374.4 -462.8 2488.1 0.7353801131 -0.6232929230 -0.2659360766 -0.1421583444 0.2418111712 -0.9598532915 0.6625761390 0.7436620593 0.0892168358
-140.0 -553.8 2208.4 0.7353801131 0.4633908272 -0.4944542646 -0.1421583444 0.8189100027 0.5560371876 0.6625761390 -0.3386079073 0.6680850387
-281.8 -506.4 2640.0 0.4442258179 -0.8860409856 -0.1326455772 -0.1998399496 0.0463302433 -0.9787325859 0.8733426929 0.4612861872 -0.1564852893
61.6 -524.3 2461.3 0.4442258179 0.5691121221 -0.6919355392 -0.1998399496 0.8158079982 0.5426981449 0.8733426929 -0.1028041616 0.4761343002
-31.2 -227.4 2508.0 0 0 0 0 0 0 0 0 0
-40.7 -180.9 2662.5 0 0 0 0 0 0 0 0 0
-317.1 -866.7 2337.8 0 0 0 0 0 0 0 0 0
-155.7 -835.8 2500.5 0 0 0 0 0 0 0 0 0
-251.7 106.5 2684.9 00 0.5691863298 0.1651602387 -0.8054496050 -0.2569037676 0.9662944674 0.0165961049 0.7810425162 0.1974767447 0.5924318433
-285.6 -91.8 2644.4 0.5691863298 0.1651602387 -0.8054496050 -0.2569037676 0.9662944674 0.0165961049 0.7810425162 0.1974767447 0.5924318433
-311.3 -285.0 2605.8 0.5728734136 0.1292877793 -0.8093829155 -0.2326254994 0.9725219011 -0.0093031041 0.7859398127 0.1936126053 0.5872076154
-369.3 -57.8 2529.7 -0.2886408865 0.2695728242 -0.9187039137 0.8038688898 0.5894563794 -0.0795991048 0.5200781226 -0.7614930868 -0.3868423998
-298.7 -254.5 2402.5 -0.9141083360 0.2695728242 0.3028802872 -0.0920795053 0.5894563794 -0.8025351167 -0.3948763609 -0.7614930868 -0.5140048265
-202.0 -125.7 2759.1 0.5412026048 0.3776641190 -0.7513118982 -0.3470964730 0.9141342640 0.2094818205 0.7659136653 0.1474055946 0.6258177161
-7.7 -250.4 3034.0 -0.0789397806 0.3776641190 0.9225715995 0.1904021353 0.9141342640 -0.3579184413 -0.9785272479 0.1474055946 -0.1440696120
-378.5 -462.7 2487.0 0.7287437320 -0.6330792904 -0.2610425651 -0.1401738822 0.2352229655 -0.9617803693 0.6702864170 0.7374827266 0.0826760828
-138.9 -551.7 2207.9 0.7287437320 0.4655054212 -0.5022323132 -0.1401738822 0.8192889094 0.5559828877 0.6702864170 -0.3347692192 0.6623033285
-283.7 -507.0 2637.5 0.4317578673 -0.8912838101 -0.1385581791 -0.2044342905 0.0529207587 -0.9774487019 0.8785167933 0.4503472149 -0.1593600065
60.8 -527.5 2463.4 0.4317578673 0.5734894872 -0.6962003708 -0.2044342905 0.8139817119 0.5437282324 0.8785167933 -0.0924317166 0.4686838984
-51.0 -229.5 2509.4 0 0 0 0 0 0 0 0 0
-39.3 -174.2 2642.5 0 0 0 0 0 0 0 0 0
-316.7 -864.7 2335.8 0 0 0 0 0 0 0 0 0
-158.3 -838.4 2498.7 0 0 0 0 0 0 0 0 0
-251.7 104.9 2681.3 01 0.5376153588 0.1512700766 -0.8295101523 -0.2401728928 0.9704959393 0.0213214569 0.8082615137 0.1877631098 0.5580844879
-282.8 -94.6 2642.7 0.5376153588 0.1512700766 -0.8295101523 -0.2401728928 0.9704959393 0.0213214569 0.8082615137 0.1877631098 0.5580844879
-307.4 -288.4 2606.3 0.5403696299 0.1235231236 -0.8323116899 -0.2206695527 0.9753475189 0.0014836327 0.8119763732 0.1828641444 0.5543059707
-361.6 -62.4 2524.2 -0.2083666027 0.2580441833 -0.9433962703 0.8147871494 0.5793617964 -0.0214899033 0.5410224199 -0.7731449604 -0.3309707344
-314.3 -247.5 2401.4 -0.9366630912 0.2580441833 0.2368025035 -0.0461217426 0.5793617964 -0.8137645125 -0.3471814990 -0.7731449604 -0.5307653546
-203.9 -126.8 2761.2 0.5092797279 0.3734263182 -0.7753624320 -0.3354031742 0.9158389568 0.2207797617 0.7925521135 0.1476203799 0.5916665792
-21.1 -247.2 3045.8 -0.0391986892 0.3734263182 0.9268313050 0.1745681167 0.9158389568 -0.3616144061 -0.9838645458 0.1476203799 -0.1010880172
-389.3 -456.9 2495.6 0.7267447114 -0.6331834197 -0.2663096786 -0.1337370276 0.2498480082 -0.9590048790 0.6737629771 0.7325671911 0.0968956426
-142.0 -554.5 2209.5 0.7267447114 0.4589034021 -0.5111260414 -0.1337370276 0.8243855238 0.5500026345 0.6737629771 -0.3313550055 0.6604902148
-284.5 -499.6 2639.4 0.4200720191 -0.8915177584 -0.1695158035 -0.2249754816 0.0786581933 -0.9711843133 0.8791618347 0.4461042285 -0.1675275266
61.4 -530.1 2466.3 0.4200720191 0.5821593404 -0.6961537004 -0.2249754816 0.8099784851 0.5415910482 0.8791618347 -0.0708897263 0.4712208807
-65.9 -235.2 2493.4 0 0 0 0 0 0 0 0 0
-36.7 -177.4 2652.1 0 0 0 0 0 0 0 0 0
-317.3 -869.5 2336.1 0 0 0 0 0 0 0 0 0
-161.0 -839.5 2493.4 0 0 0 0 0 0 0 0 0
-252.3 103.0 2678.6 02 0.5787572861 0.1455341727 -0.8024087548 -0.2453377098 0.9694370031 -0.0011275592 0.7777206898 0.1975137144 0.5967737436
-282.2 -96.0 2638.0 0.5787572861 0.1455341727 -0.8024087548 -0.2453377098 0.9694370031 -0.0011275592 0.7777206898 0.1975137144 0.5967737436
-305.5 -289.8 2600.7 0.5822045803 0.1167815104 -0.8046116829 -0.2197791189 0.9753934145 -0.0174599662 0.7827739120 0.1870021224 0.5935446024
-367.2 -63.9 2523.8 -0.2008208483 0.2383966148 -0.9501779079 0.8164646029 0.5767228603 -0.0278624985 0.5413470268 -0.7813819647 -0.3104603589
-322.4 -246.0 2403.1 -0.9505303502 0.2383966148 0.1991459429 -0.0264235195 0.5767228603 -0.8165124059 -0.3095058203 -0.7813819647 -0.5418933034
-197.2 -128.0 2752.2 0.5520292521 0.3656077981 -0.7493961453 -0.3348076940 0.9203017354 0.2023573965 0.7636540532 0.1391963959 0.6304417849
0.9 -248.2 3026.4 -0.0892152041 0.3656077981 0.9264834523 0.1835111082 0.9203017354 -0.3454972804 -0.9789608121 0.1391963959 -0.1491979957
-381.3 -462.0 2495.8 0.7168647051 -0.6507816315 -0.2501766086 -0.1682222188 0.1867775917 -0.9678922296 0.6766138673 0.7359330058 0.0244183354
-129.9 -534.1 2211.4 0.7168647051 0.4736304879 -0.5116436481 -0.1682222188 0.8296591640 0.5323222876 0.6766138673 -0.2955332100 0.6744285226
-282.4 -502.4 2644.4 0.4338559210 -0.8842719793 -0.1727197468 -0.2376049161 0.0726219192 -0.9686433673 0.8690873981 0.4612907171 -0.1785999238
62.4 -530.8 2464.5 0.4338559210 0.5951420665 -0.6764428616 -0.2376049161 0.7997828722 0.5512633324 0.8690873981 -0.0784427002 0.4883992076
-77.9 -239.2 2482.7 0 0 0 0 0 0 0 0 0
-34.8 -174.8 2634.6 0 0 0 0 0 0 0 0 0
-310.7 -850.9 2324.3 0 0 0 0 0 0 0 0 0
-165.0 -836.3 2494.5 0 0 0 0 0 0 0 0 0
-251.6 102.5 2676.7 03 0.5899249911 0.1446071416 -0.7944037318 -0.2469157726 0.9690119028 -0.0069684209 0.7687789798 0.2002616525 0.6073501110
-281.4 -97.3 2635.4 0.5899249911 0.1446071416 -0.7944037318 -0.2469157726 0.9690119028 -0.0069684209 0.7687789798 0.2002616525 0.6073501110
-305.0 -291.0 2598.1 0.5934545398 0.1182950735 -0.7961269021 -0.2208152264 0.9751164913 -0.0197108276 0.7739847302 0.1874944121 0.6048086286
-368.0 -65.1 2522.4 -0.1912045330 0.2420929670 -0.9512264729 0.8118141890 0.5837328434 -0.0146179097 0.5517232418 -0.7750141621 -0.3081468642
-325.8 -244.5 2400.5 -0.9518429637 0.2420929670 0.1881117076 -0.0119791580 0.5837328434 -0.8118574023 -0.3063519597 -0.7750141621 -0.5527219176
-194.8 -129.5 2748.3 0.5631438494 0.3664841652 -0.7406472564 -0.3358368576 0.9204226136 0.2000896186 0.7550381422 0.1360574216 0.6414092183
7.4 -250.1 3019.4 -0.1032443717 0.3664841652 0.9246783257 0.1855581999 0.9204226136 -0.3440790772 -0.9771943092 0.1360574216 -0.1630325913
-382.0 -463.5 2492.0 0.7190016508 -0.6500208974 -0.2459867448 -0.1542997509 0.1958067715 -0.9684272408 0.6776638031 0.7342564464 0.0404873341
-134.8 -537.9 2212.8 0.7190016508 0.4651866853 -0.5163699985 -0.1542997509 0.8312700391 0.5340240598 0.6776638031 -0.3042884171 0.6694627404
-275.4 -503.7 2635.2 0.4331388175 -0.8874998689 -0.1572727114 -0.1990146786 0.0760128424 -0.9770441055 0.8790813088 0.4544953108 -0.1437013894
59.9 -532.4 2463.5 0.4331388175 0.5801609159 -0.6897855401 -0.1990146786 0.8079707623 0.5545957088 0.8790813088 -0.1029394940 0.4654240608
-85.3 -241.4 2477.9 0 0 0 0 0 0 0 0 0
-33.9 -175.8 2628.4 0 0 0 0 0 0 0 0 0
-312.5 -855.4 2329.0 0 0 0 0 0 0 0 0 0
-161.6 -841.0 2502.8 0 0 0 0 0 0 0 0 0
-253.1 100.2 2676.2 04 0.5906000137 0.1409807354 -0.7945539951 -0.2423764616 0.9701490998 -0.0080236373 0.7697046995 0.1973199546 0.6071404815
-282.2 -99.7 2635.5 0.5906000137 0.1409807354 -0.7945539951 -0.2423764616 0.9701490998 -0.0080236373 0.7697046995 0.1973199546 0.6071404815
-305.1 -293.5 2598.3 0.5937055349 0.1152849421 -0.7963812947 -0.2187980413 0.9755244255 -0.0218969584 0.7743650079 0.1872470081 0.6043983698
-368.9 -67.7 2522.5 -0.1910235435 0.2678517699 -0.9443333149 0.8037564754 0.5949265361 0.0061585484 0.5634585619 -0.7578375936 -0.3289325535
-327.0 -244.1 2398.9 -0.9419912100 0.2678517699 0.2022572458 -0.0034148372 0.5949265361 -0.8037728071 -0.3356201649 -0.7578375936 -0.5595009327
-195.5 -131.6 2748.6 0.5637483001 0.3636631370 -0.7415773273 -0.3339156508 0.9215556383 0.1980797052 0.7554390430 0.1359571815 0.6409582496
6.9 -251.5 3019.8 -0.1032858938 0.3636631370 0.9257867932 0.1849407256 0.9215556383 -0.3413680494 -0.9773069620 0.1359571815 -0.1624398232
-382.8 -464.6 2489.9 0.7215347290 -0.6451226473 -0.2514048815 -0.1471023858 0.2119794190 -0.9661395550 0.6765711904 0.7340855002 0.0580514222
-139.0 -544.7 2212.5 0.7215347290 0.4597688615 -0.5176873803 -0.1471023858 0.8324202895 0.5342634320 0.6765711904 -0.3093365431 0.6682531834
-274.1 -505.0 2631.7 0.4294264615 -0.8882617354 -0.1630459577 -0.2304163724 0.0668018907 -0.9707964659 0.8732131720 0.4544541538 -0.1759835482
63.5 -530.4 2459.0 0.4294264615 0.5976125598 -0.6770909429 -0.2304163724 0.7974280119 0.5576888919 0.8732131720 -0.0834735185 0.4801363945
-89.6 -243.2 2483.5 0 0 0 0 0 0 0 0 0
-34.4 -177.5 2628.7 0 0 0 0 0 0 0 0 0
-314.7 -862.7 2330.6 0 0 0 0 0 0 0 0 0
-164.7 -834.9 2490.9 0 0 0 0 0 0 0 0 0
-250.2 103.2 2685.5 05 0.5775905252 0.1514855921 -0.8021479249 -0.2507222593 0.9680563807 0.0022835981 0.7768703699 0.1997973621 0.5971210003
-281.4 -96.5 2644.3 0.5775905252 0.1514855921 -0.8021479249 -0.2507222593 0.9680563807 0.0022835981 0.7768703699 0.1997973621 0.5971210003
-306.2 -289.9 2606.1 0.5807738304 0.1244739369 -0.8044923544 -0.2283256948 0.9734810591 -0.0142109143 0.7813892365 0.1919396073 0.5937929153
-366.2 -63.1 2530.2 -0.1666832715 0.2597509027 -0.9511814713 0.8041351438 0.5940642953 0.0213133674 0.5705991387 -0.7613258362 -0.3078954220
-328.8 -243.9 2401.9 -0.9508056641 0.2597509027 0.1688137352 0.0195118450 0.5940642953 -0.8041808605 -0.3091729283 -0.7613258362 -0.5699079037
