-238.3 137.4 2556.0 6 0.3177033663 0.2632732689 -0.9109070897 0.2567522228 0.9009031653 0.3499311507 0.9127665758 -0.3450517356 0.2186239809
-291.1 -43.2 2625.2 0.3177033663 0.2632732689 -0.9109070897 0.2567522228 0.9009031653 0.3499311507 0.9127665758 -0.3450517356 0.2186239809
-340.6 -219.3 2695.2 0.3216311634 0.2526554763 -0.9125341773 0.2704555690 0.8990787268 0.3442546129 0.9074178338 -0.3575229645 0.2208396643
-336.9 -81.7 2495.9 -0.5771789551 0.0251179654 -0.8162313104 0.5476499200 0.7533451319 -0.3640750945 0.6057590842 -0.6571455002 -0.4485707879
-225.8 -187.2 2379.2 -0.9458813667 0.0251179654 0.3235391378 -0.1948367655 0.7533451319 -0.6281000972 -0.2595132291 -0.6571455002 -0.7076811790
-245.3 -4.7 2754.4 0.8388463855 0.5125182867 -0.1834714264 -0.5143167973 0.8566015959 0.0413753614 0.1783675402 0.0596548617 0.9821538925
-69.6 -112.4 2791.8 -0.7229818702 0.6793287992 0.1257363707 0.6841827631 0.7292847037 -0.0061427648 -0.0958705768 0.0815855563 -0.9920446873
-417.1 -417.4 2677.8 0.9730426669 -0.2302461565 0.0132186450 0.0213649403 0.0329236276 -0.9992294908 0.2296335399 0.9725753069 0.0369552895
-316.4 -431.8 2252.3 0.9730426669 -0.0570752844 -0.2234511971 0.0213649403 0.9870347381 -0.1590785384 0.2296335399 0.1500161886 0.9616462588
-361.0 -370.9 2847.2 0.4767036438 -0.8606086969 0.1791823357 0.0422025062 -0.1811927110 -0.9825416803 0.8780504465 0.4759431481 -0.0500553846
-38.1 -302.9 2668.6 0.4767036438 -0.3504753411 -0.8061765432 0.0422025062 0.9251520038 -0.3772435188 0.8780504465 0.1458106935 0.4558143020
10.3 -138.6 2444.0 0 0 0 0 0 0 0 0 0
-254.4 62.5 2767.3 0 0 0 0 0 0 0 0 0
-295.1 -801.0 2196.2 0 0 0 0 0 0 0 0 0
144.8 -785.6 2592.5 0 0 0 0 0 0 0 0 0
-241.2 132.6 2560.1 7 0.3211073875 0.2510926425 -0.9131497741 0.2289305627 0.9150360227 0.3321142793 0.9189563990 -0.3156922460 0.2363420427
-291.3 -50.1 2623.2 0.3211073875 0.2510926425 -0.9131497741 0.2289305627 0.9150360227 0.3321142793 0.9189563990 -0.3156922460 0.2363420427
-338.9 -228.7 2687.6 0.3250410259 0.2430836260 -0.9139248729 0.2434762269 0.9123129845 0.3292481899 0.9138203859 -0.3295381367 0.2373540550
-337.6 -84.8 2493.0 -0.5987079740 0.0368659198 -0.8001185656 0.5389629006 0.7575011849 -0.3683896661 0.5925096869 -0.6517920494 -0.4733913243
-224.3 -186.8 2380.8 -0.9410080910 0.0368659198 0.3363697827 -0.1932271868 0.7575011849 -0.6235826015 -0.2777894437 -0.6517920494 -0.7056912780
-245.0 -15.4 2753.3 0.8714005947 0.4549243748 -0.1835887283 -0.4609037638 0.8873792887 0.0112133548 0.1680140644 0.0748454109 0.9829391837
-64.0 -111.1 2788.2 -0.7386711836 0.6623695493 0.1250256747 0.6693141460 0.7427217364 0.0195705108 -0.0798963755 0.0981376320 -0.9919604659
-419.1 -419.7 2683.2 0.9729856849 -0.2303340733 0.0156561229 0.0226493422 0.0277484283 -0.9993582964 0.2297518402 0.9727159142 0.0322157368
-317.0 -432.0 2252.1 0.9729856849 -0.0594039299 -0.2230920792 0.0226493422 0.9862291217 -0.1638265401 0.2297518402 0.1543479860 0.9609322548
-357.1 -385.2 2834.7 0.4815847278 -0.8562435508 0.1868773997 0.0175080933 -0.2037910670 -0.9788578153 0.8762246370 0.4746748507 -0.0831514746
-35.9 -308.8 2656.6 0.4815847278 -0.3571524620 -0.8003238440 0.0175080933 0.9169336557 -0.3986554742 0.8762246370 0.1779742390 0.4478342831
10.0 -138.7 2450.0 0 0 0 0 0 0 0 0 0
-252.9 60.1 2767.8 0 0 0 0 0 0 0 0 0
-294.7 -802.2 2194.1 0 0 0 0 0 0 0 0 0
150.3 -787.0 2563.8 0 0 0 0 0 0 0 0 0
-243.1 132.2 2571.2 8 0.3140942156 0.2455767691 -0.9170806408 0.2038237453 0.9259999394 0.3177735209 0.9272543788 -0.2867336273 0.2407968491
-292.2 -52.8 2628.5 0.3140942156 0.2455767691 -0.9170806408 0.2038237453 0.9259999394 0.3177735209 0.9272543788 -0.2867336273 0.2407968491
-339.2 -233.1 2688.3 0.3190187514 0.2399992496 -0.9168573618 0.2225591540 0.9213830829 0.3186229467 0.9212461710 -0.3057017028 0.2405244559
-337.7 -84.5 2497.3 -0.6103990674 0.0568557195 -0.7900509238 0.5249956846 0.7759093046 -0.3497774303 0.5931209922 -0.6282771230 -0.5034633279
-218.9 -186.6 2381.9 -0.9404225945 0.0568557195 0.3352204263 -0.1696731597 0.7759093046 -0.6075983644 -0.2946460843 -0.6282771230 -0.7200357914
-246.7 -21.1 2759.7 0.8920503855 0.4189582467 -0.1694699526 -0.4286645055 0.9031543732 -0.0236404985 0.1431531459 0.0937342718 0.9852517843
-61.3 -110.2 2789.5 -0.7491471171 0.6424806714 0.1612363160 0.6541658640 0.7558476329 0.0275926106 -0.1041423753 0.1261462122 -0.9865300059
-415.9 -429.2 2669.6 0.9726703763 -0.2310455739 0.0230276436 0.0256837532 0.0084944740 -0.9996340275 0.2307654172 0.9729058743 0.0141964406
-317.2 -432.8 2254.1 0.9726703763 -0.0645433813 -0.2230391949 0.0256837532 0.9846011400 -0.1729187518 0.2307654172 0.1624644697 0.9593501091
-357.3 -393.4 2831.4 0.4769470394 -0.8576153517 0.1923991740 -0.0015510460 -0.2197219878 -0.9755613208 0.8789306879 0.4649926424 -0.1061259508
-35.6 -310.9 2656.9 0.4769470394 -0.3629573882 -0.8004895449 -0.0015510460 0.9104034901 -0.4137186408 0.8789306879 0.1985634714 0.4336512685
14.5 -144.5 2455.0 0 0 0 0 0 0 0 0 0
-252.9 57.2 2762.8 0 0 0 0 0 0 0 0 0
-293.0 -803.0 2193.0 0 0 0 0 0 0 0 0 0
153.7 -785.8 2553.4 0 0 0 0 0 0 0 0 0
-238.3 138.4 2567.7 9 0.3225393295 0.2535119951 -0.9119759202 0.2075618058 0.9210758209 0.3294501603 0.9235185385 -0.2955520153 0.2444637865
-289.3 -46.9 2627.2 0.3225393295 0.2535119951 -0.9119759202 0.2075618058 0.9210758209 0.3294501603 0.9235185385 -0.2955520153 0.2444637865
-337.3 -226.7 2688.1 0.3268689215 0.2455454618 -0.9126139283 0.2235182375 0.9181753397 0.3270988464 0.9182572365 -0.3109042943 0.2452390790
-335.9 -78.8 2496.4 -0.6371025443 0.0946435630 -0.7649463415 0.5321755409 0.7719296217 -0.3477266431 0.5575746894 -0.6286233068 -0.5421653390
-207.2 -186.2 2383.7 -0.9398947358 0.0946435630 0.3280861676 -0.1388190687 0.7719296217 -0.6203659177 -0.3119730651 -0.6286233068 -0.7123942375
-242.7 -15.1 2758.0 0.8747262359 0.4460827410 -0.1893786043 -0.4551873505 0.8903806210 -0.0051796106 0.1663085073 0.0907334909 0.9818904996
-58.5 -110.9 2793.0 -0.7512322068 0.6251771450 0.2116689831 0.6385828853 0.7695260048 -0.0064536585 -0.1669194698 0.1303199828 -0.9773201346
-415.0 -433.6 2664.9 0.9727022052 -0.2306898832 0.0251518078 0.0244538244 -0.0058847941 -0.9996836185 0.2307649255 0.9730095267 -0.0000829018
-317.1 -431.1 2251.7 0.9727022052 -0.0592924692 -0.2243542820 0.0244538244 0.9876139760 -0.1549860537 0.2307649255 0.1452689469 0.9621042013
-355.9 -386.3 2831.9 0.4828158617 -0.8562350273 0.1837129593 -0.0020263256 -0.2108763605 -0.9775106311 0.8757195473 0.4715853631 -0.1035494581
-34.6 -307.1 2655.0 0.4828158617 -0.3540755808 -0.8009490371 -0.0020263256 0.9141615629 -0.4053449333 0.8757195473 0.1973299384 0.4406542182
26.1 -151.8 2461.2 0 0 0 0 0 0 0 0 0
-250.4 52.2 2750.4 0 0 0 0 0 0 0 0 0
-294.8 -802.7 2197.1 0 0 0 0 0 0 0 0 0
150.1 -784.1 2552.0 0 0 0 0 0 0 0 0 0
-236.0 139.2 2567.0 0 0.3058829606 0.2646825016 -0.9145374894 0.2174073011 0.9157803655 0.3377578557 0.9269140363 -0.3021414876 0.2225777060
-289.1 -44.7 2627.7 0.3058829606 0.2646825016 -0.9145374894 0.2174073011 0.9157803655 0.3377578557 0.9269140363 -0.3021414876 0.2225777060
-339.1 -223.3 2690.4 0.3111734092 0.2553699911 -0.9154000878 0.2360040545 0.9122833014 0.3347257078 0.9205830693 -0.3201958835 0.2236099541
-333.5 -78.3 2496.5 -0.6547298431 0.1082200930 -0.7480757236 0.5307015181 0.7705455422 -0.3530091941 0.5382236838 -0.6281305552 -0.5619317293
-200.3 -186.3 2387.1 -0.9409076571 0.1082200930 0.3209068179 -0.1245693937 0.7705455422 -0.6250936389 -0.3149209917 -0.6281305552 -0.7115312815
-244.8 -11.1 2758.8 0.8664497137 0.4636052549 -0.1852973402 -0.4719703197 0.8816136718 -0.0011755334 0.1628156900 0.0884733871 0.9826818109
-57.4 -113.1 2794.0 -0.7466841936 0.6247500777 0.2283639461 0.6375048757 0.7701202631 -0.0224111751 -0.1898690909 0.1288490593 -0.9733178616
-415.0 -426.7 2666.0 0.9724819660 -0.2326810062 0.0117637161 0.0149275670 0.0118411426 -0.9998184443 0.2324994653 0.9724810123 0.0149886580
-315.8 -431.7 2251.6 0.9724819660 -0.0510108620 -0.2273251563 0.0149275670 0.9873736501 -0.1577035934 0.2324994653 0.1499704868 0.9609645605
-361.0 -380.6 2836.2 0.4668397307 -0.8655964136 0.1811173111 0.0090492163 -0.2001181096 -0.9797300100 0.8842956424 0.4590158463 -0.0855901167
-36.3 -305.5 2664.0 0.4668397307 -0.3532260656 -0.8107354641 0.0090492163 0.9186270237 -0.3950221837 0.8842956424 0.1770755202 0.4320480227
33.4 -155.3 2465.3 0 0 0 0 0 0 0 0 0
-248.4 49.9 2745.5 0 0 0 0 0 0 0 0 0
-296.6 -803.4 2195.1 0 0 0 0 0 0 0 0 0
148.0 -784.8 2571.6 0 0 0 0 0 0 0 0 0
-240.8 132.7 2574.6 1 0.2985483408 0.2537773550 -0.9200358391 0.2097166479 0.9229943752 0.3226457238 0.9310681224 -0.2892721891 0.2223371267
-291.4 -51.4 2632.4 0.2985483408 0.2537773550 -0.9200358391 0.2097166479 0.9229943752 0.3226457238 0.9310681224 -0.2892721891 0.2223371267
-340.1 -231.1 2693.0 0.3039794862 0.2488172054 -0.9196121097 0.2296075672 0.9177016616 0.3241975009 0.9245954752 -0.3096992970 0.2218321711
-334.7 -84.2 2500.6 -0.6513247490 0.0985637531 -0.7523704171 0.5095824003 0.7914854884 -0.3374558985 0.5622293949 -0.6031880975 -0.5657404661
-203.8 -186.6 2387.5 -0.9353708029 0.0985637531 0.3396565914 -0.1332008988 0.7914854884 -0.5964966416 -0.3276262283 -0.6031880975 -0.7272036672
-248.1 -18.7 2764.1 0.8818707466 0.4299241900 -0.1935694218 -0.4401601851 0.8978501558 -0.0111427689 0.1690057963 0.0950280353 0.9810233116
-59.2 -113.0 2800.3 -0.7459587455 0.6088811159 0.2698320448 0.6261475682 0.7792253494 -0.0273330733 -0.2269025594 0.1485653371 -0.9625194073
-417.3 -423.3 2669.9 0.9717851281 -0.2357041836 0.0087875286 0.0142481951 0.0214742664 -0.9996678829 0.2354371846 0.9715875387 0.0242267326
-315.4 -432.6 2249.7 0.9717851281 -0.0485235378 -0.2308227569 0.0142481951 0.9888996482 -0.1479001641 0.2354371846 0.1404383779 0.9616893530
-361.4 -390.1 2837.2 0.4619340897 -0.8662232161 0.1904579401 0.0045164838 -0.2124419808 -0.9771632552 0.8869027495 0.4522452354 -0.0942219123
-36.4 -310.4 2667.5 0.4619340897 -0.3625845909 -0.8094129562 0.0045164838 0.9135667086 -0.4066637754 0.8869027495 0.1841961592 0.4236452281
28.6 -153.6 2468.9 0 0 0 0 0 0 0 0 0
-250.0 47.1 2742.3 0 0 0 0 0 0 0 0 0
-297.1 -804.9 2196.8 0 0 0 0 0 0 0 0 0
152.8 -787.1 2571.4 0 0 0 0 0 0 0 0 0
-237.2 137.9 2577.5 2 0.3099677563 0.2617619634 -0.9140025377 0.1962768435 0.9230245352 0.3309095800 0.9302663207 -0.2819688320 0.2347300351
-289.6 -46.9 2633.9 0.3099677563 0.2617619634 -0.9140025377 0.1962768435 0.9230245352 0.3309095800 0.9302663207 -0.2819688320 0.2347300351
-338.7 -227.1 2692.8 0.3154978454 0.2504379153 -0.9152824283 0.2161777169 0.9202136397 0.3263036311 0.9239742160 -0.3008117378 0.2361863106
-334.6 -77.7 2502.3 -0.6283735037 0.1039288417 -0.7709380984 0.5337569714 0.7785491943 -0.3300978839 0.5659065247 -0.6189183593 -0.5446924567
-206.3 -186.7 2386.7 -0.9326184392 0.1039288417 0.3455743492 -0.1399321109 0.7785491943 -0.6117843986 -0.3326286674 -0.6189183593 -0.7115463614
-244.6 -16.1 2765.6 0.8689883947 0.4556317627 -0.1930255145 -0.4672900736 0.8839367628 -0.0171996839 0.1627856195 0.1051452309 0.9810429811
-62.7 -114.0 2799.6 -0.7374216914 0.6184783578 0.2714659572 0.6368767023 0.7705443501 -0.0254850611 -0.2249385267 0.1540971100 -0.9621105790
-416.4 -431.6 2670.1 0.9715523124 -0.2367543280 0.0057844701 0.0066731418 0.0029523864 -0.9999733567 0.2367309481 0.9715650678 0.0044482932
-314.3 -432.9 2251.3 0.9715523124 -0.0442342162 -0.2326572686 0.0066731418 0.9871249199 -0.1598118693 0.2367309481 0.1537130326 0.9593387246
-359.2 -387.8 2835.2 0.4718153179 -0.8622803092 0.1840189844 -0.0092689404 -0.2135491520 -0.9768883586 0.8816486597 0.4592052400 -0.1087481901
-35.7 -307.7 2662.9 0.4718153179 -0.3554235399 -0.8068856001 -0.0092689404 0.9131002426 -0.4076297283 0.8816486597 0.1998049170 0.4275203049
25.0 -152.0 2469.2 0 0 0 0 0 0 0 0 0
-251.4 49.0 2742.1 0 0 0 0 0 0 0 0 0
-297.6 -804.6 2193.4 0 0 0 0 0 0 0 0 0
149.8 -784.1 2558.7 0 0 0 0 0 0 0 0 0
-239.4 137.8 2579.9 3 0.3246755004 0.2466920912 -0.9130875468 0.1812745780 0.9312604070 0.3160595000 0.9282916188 -0.2681363523 0.2576384246
-288.9 -49.2 2633.7 0.3246755004 0.2466920912 -0.9130875468 0.1812745780 0.9312604070 0.3160595000 0.9282916188 -0.2681363523 0.2576384246
-334.5 -231.3 2689.1 0.3291569054 0.2325736284 -0.9151858687 0.1986825913 0.9304394722 0.3079084158 0.9231364727 -0.2831816971 0.2600522637
-335.9 -77.5 2502.2 -0.6221393347 0.1018393040 -0.7762547135 0.5334353447 0.7808762789 -0.3250829875 0.5730527043 -0.6163286567 -0.5401385427
-208.3 -186.9 2384.7 -0.9338896871 0.1018393040 0.3427517414 -0.1384167224 0.7808762789 -0.6091576815 -0.3296829164 -0.6163286567 -0.7151560783
-242.0 -20.8 2765.2 0.8472970724 0.4634403884 -0.2594429851 -0.4791944623 0.8777040839 0.0028655615 0.2290421873 0.1218956709 0.9657541513
-78.0 -113.6 2809.6 -0.6675464511 0.6465844512 0.3692022562 0.6750797629 0.7347682118 -0.0662038848 -0.3140845001 0.2050468028 -0.9269880056
-416.2 -426.9 2668.2 0.9721081257 -0.2343316376 0.0097190915 0.0126021132 0.0108088888 -0.9998621941 0.2341942936 0.9720966220 0.0134604825
-316.2 -431.5 2253.1 0.9721081257 -0.0501879640 -0.2291003019 0.0126021132 0.9866020679 -0.1626577228 0.2341942936 0.1552337408 0.9597163796
-350.3 -395.5 2827.9 0.4875885844 -0.8509837985 0.1951511353 -0.0237205420 -0.2363516092 -0.9713780284 0.8727512360 0.4690037370 -0.1354281455
-31.1 -306.9 2652.0 0.4875885844 -0.3638923168 -0.7936244607 -0.0237205420 0.9031437635 -0.4286825061 0.8727512360 0.2278459072 0.4317308664
24.3 -152.4 2466.8 0 0 0 0 0 0 0 0 0
-247.7 58.0 2729.7 0 0 0 0 0 0 0 0 0
-297.3 -803.0 2194.6 0 0 0 0 0 0 0 0 0
158.7 -777.9 2533.2 0 0 0 0 0 0 0 0 0
-235.7 136.1 2574.1 4 0.3695462942 0.2488667220 -0.8952658176 0.1724986285 0.9283468723 0.3292663097 0.9130606651 -0.2761112750 0.3001379669
-286.0 -51.3 2629.8 0.3695462942 0.2488667220 -0.8952658176 0.1724986285 0.9283468723 0.3292663097 0.9130606651 -0.2761112750 0.3001379669
-331.7 -233.0 2686.7 0.3741183281 0.2335796803 -0.8974831700 0.1900898665 0.9278981090 0.3207349777 0.9076901078 -0.2905952930 0.3027425706
-339.2 -78.3 2500.6 -0.6495350599 0.0841775835 -0.7556575537 0.5134821534 0.7815374136 -0.3543096185 0.5607497692 -0.6181532145 -0.5508596301
-208.7 -181.6 2387.9 -0.9384052157 0.0841775835 0.3351264894 -0.1464615762 0.7815374136 -0.6064224839 -0.3129610717 -0.6181532145 -0.7210700512
-232.7 -24.2 2759.0 0.8171929121 0.4894352555 -0.3043828011 -0.4974955618 0.8656401038 0.0562612638 0.2910222113 0.1054527834 0.9508868456
-89.1 -111.7 2810.1 -0.6279132366 0.6780334711 0.3820936978 0.6997601390 0.7067410350 -0.1041771621 -0.3406769037 0.2019597143 -0.9182327986
-409.8 -431.5 2661.1 0.9747697711 -0.2228659689 0.0124366870 0.0133125512 0.0024280248 -0.9999084473 0.2228153646 0.9748460650 0.0053336797
-316.7 -432.5 2253.6 0.9747697711 -0.0487669557 -0.2178203166 0.0133125512 0.9868062735 -0.1613571495 0.2228153646 0.1543863267 0.9625581503
-343.6 -397.5 2825.5 0.5268071294 -0.8319201469 0.1743074059 -0.0341017805 -0.2255926281 -0.9736247063 0.8493004441 0.5069682598 -0.1472137719
-31.8 -313.0 2635.5 0.5268071294 -0.3389733136 -0.7794685960 -0.0341017805 0.9078710079 -0.4178604484 0.8493004441 0.2467131317 0.4667133391
28.3 -144.6 2466.9 0 0 0 0 0 0 0 0 0
-249.0 66.6 2723.3 0 0 0 0 0 0 0 0 0
-298.3 -804.1 2195.4 0 0 0 0 0 0 0 0 0
145.0 -786.4 2506.8 0 0 0 0 0 0 0 0 0
-240.5 133.5 2578.7 5 0.3422549665 0.2368210256 -0.9092729688 0.1683560908 0.9365991354 0.3073082268 0.9244012833 -0.2582594156 0.2806854248
-288.1 -54.9 2630.6 0.3422549665 0.2368210256 -0.9092729688 0.1683560908 0.9365991354 0.3073082268 0.9244012833 -0.2582594156 0.2806854248
-332.0 -237.9 2685.0 0.3474646211 0.2242362797 -0.9104869366 0.1894944310 0.9341609478 0.3023825884 0.9183464646 -0.2775994539 0.2820963264
-337.6 -81.9 2499.9 -0.6405062079 0.0790918991 -0.7638692856 0.5117117763 0.7856451869 -0.3477249444 0.5726280212 -0.6136009097 -0.5436828732
-209.4 -184.3 2385.3 -0.9403554797 0.0790918991 0.3308717012 -0.1455013901 0.7856451869 -0.6013243198 -0.3075076342 -0.6136009097 -0.7272777557
-238.6 -28.0 2761.4 0.8327291608 0.4609861970 -0.3066820800 -0.4755958617 0.8791486025 0.0301055443 0.2834973633 0.1207869649 0.9513357878
-92.2 -111.6 2811.2 -0.6279991269 0.6699129343 0.3960223794 0.7024585605 0.7069848180 -0.0820026249 -0.3349164426 0.2266917527 -0.9145719409
-411.2 -431.9 2661.6 0.9742668271 -0.2247940153 0.0164864659 0.0176191702 0.0030336308 -0.9998401403 0.2247080803 0.9744015932 0.0069162501
-316.6 -433.1 2251.5 0.9742668271 -0.0509672165 -0.2195597738 0.0176191702 0.9883394241 -0.1512441486 0.2247080803 0.1434836984 0.9638043046
-344.5 -403.7 2822.3 0.5055927038 -0.8403652310 0.1953516603 -0.0313207321 -0.2441515028 -0.9692311883 0.8622035980 0.4839176238 -0.1497620791
-29.4 -312.2 2640.9 0.5055927038 -0.3615450859 -0.7833653092 -0.0313207321 0.8996731043 -0.4354391694 0.8622035980 0.2446904480 0.4435442984
26.4 -147.8 2462.4 0 0 0 0 0 0 0 0 0
-252.6 67.8 2725.7 0 0 0 0 0 0 0 0 0
-297.4 -805.4 2197.5 0 0 0 0 0 0 0 0 0
159.1 -781.4 2513.3 0 0 0 0 0 0 0 0 0
-243.6 132.1 2580.0 6 0.2985275686 0.2382819057 -0.9241769314 0.1844586879 0.9356693029 0.3008288443 0.9364060163 -0.2602781653 0.2353699058
-291.4 -55.4 2632.1 0.2985275686 0.2382819057 -0.9241769314 0.1844586879 0.9356693029 0.3008288443 0.9364060163 -0.2602781653 0.2353699058
-335.6 -238.2 2686.9 0.3036607504 0.2257995456 -0.9256374836 0.2051305026 0.9332350492 0.2949471474 0.9304362535 -0.2794403434 0.2370684743
-334.6 -84.6 2499.7 -0.6615155935 0.0727932975 -0.7463901043 0.4960499108 0.7889117002 -0.3627021015 0.5624336004 -0.6101799011 -0.5579864979
-205.1 -181.7 2389.6 -0.9451957345 0.0727932975 0.3182862699 -0.1406770945 0.7889117002 -0.5981875062 -0.2946438193 -0.6101799011 -0.7354356050
-248.2 -26.2 2764.5 0.8613158464 0.4373694360 -0.2585401535 -0.4553902745 0.8902223110 -0.0111349970 0.2252880931 0.1273274124 0.9659363627
-84.7 -112.7 2807.3 -0.6725471020 0.6551907659 0.3441008925 0.6881728172 0.7247090340 -0.0348561779 -0.2722104788 0.2133584619 -0.9382854700
-407.2 -437.9 2656.5 0.9749562144 -0.2214995772 0.0199583862 0.0176064689 -0.0125877196 -0.9997657537 0.2216989100 0.9750792384 -0.0083726496
-315.3 -432.6 2251.7 0.9749562144 -0.0482817665 -0.2170927674 0.0176064689 0.9898427129 -0.1410724819 0.2216989100 0.1337172538 0.9659033418
-352.4 -402.4 2825.6 0.4666765928 -0.8583412766 0.2132211626 -0.0145069929 -0.2484802008 -0.9685283303 0.8843090534 0.4488962889 -0.1284118444
-30.7 -309.3 2657.3 0.4666765928 -0.3821239173 -0.7976178527 -0.0145069929 0.8984173536 -0.4389029443 0.8843090534 0.2163967639 0.4137268662
34.5 -146.1 2464.3 0 0 0 0 0 0 0 0 0
-256.2 62.8 2737.9 0 0 0 0 0 0 0 0 0
-297.1 -805.4 2201.4 0 0 0 0 0 0 0 0 0
168.6 -777.8 2544.5 0 0 0 0 0 0 0 0 0
-236.3 137.9 2573.6 7 0.3120201230 0.2651756704 -0.9123186469 0.1987613440 0.9207907915 0.3356161416 0.9290518761 -0.2860526741 0.2345985919
-289.7 -47.5 2631.2 0.3120201230 0.2651756704 -0.9123186469 0.1987613440 0.9207907915 0.3356161416 0.9290518761 -0.2860526741 0.2345985919
-338.6 -227.4 2690.6 0.3174824417 0.2501762807 -0.9146675467 0.2182658017 0.9193918109 0.3272288442 0.9228027463 -0.3035300672 0.2372858375
-334.9 -78.5 2499.8 -0.6651212573 0.0948655903 -0.7406849861 0.5113672614 0.7806870341 -0.3592092395 0.5441665649 -0.6176797152 -0.5677627325
-198.7 -183.2 2388.4 -0.9441403747 0.0948655903 0.3155938685 -0.1261478364 0.7806870341 -0.6120575666 -0.3044432402 -0.6176797152 -0.7251110673
-244.5 -16.4 2762.6 0.8500104547 0.4760904610 -0.2254332155 -0.4876168370 0.8730424047 0.0051800720 0.1992789358 0.1055219173 0.9742448330
-80.2 -110.6 2801.1 -0.6960487366 0.6557703614 0.2923719883 0.6752229929 0.7363017201 -0.0439739898 -0.2441108376 0.1668082476 -0.9552931190
-407.2 -439.5 2657.6 0.9745430946 -0.2234391123 0.0184591599 0.0149381794 -0.0174382776 -0.9997363687 0.2237020880 0.9745618701 -0.0136565790
-314.4 -432.2 2252.9 0.9745430946 -0.0468467958 -0.2192513496 0.0149381794 0.9893207550 -0.1449870616 0.2237020880 0.1380209178 0.9648355246
-358.9 -387.7 2833.4 0.4735706747 -0.8613727689 0.1837601364 -0.0070400392 -0.2123344988 -0.9771716595 0.8807277083 0.4614661932 -0.1066194922
-36.1 -308.1 2660.5 0.4735706747 -0.3545286357 -0.8062507510 -0.0070400392 0.9138548374 -0.4059799910 0.8807277083 0.1979362518 0.4302789867
38.7 -151.5 2464.9 0 0 0 0 0 0 0 0 0
-258.0 61.8 2738.8 0 0 0 0 0 0 0 0 0
-296.7 -804.8 2200.9 0 0 0 0 0 0 0 0 0
148.8 -784.5 2557.3 0 0 0 0 0 0 0 0 0
-237.5 142.3 2568.5 8 0.3320095539 0.2551532090 -0.9081115127 0.2022268623 0.9210826159 0.3327327669 0.9213435650 -0.2941150069 0.2542093992
-289.0 -43.6 2627.8 0.3320095539 0.2551532090 -0.9081115127 0.2022268623 0.9210826159 0.3327327669 0.9213435650 -0.2941150069 0.2542093992
-336.4 -223.9 2687.8 0.3359025121 0.2422521412 -0.9102106094 0.2166406959 0.9205799103 0.3249606192 0.9166440368 -0.3063437641 0.2567434311
-336.9 -74.5 2497.3 -0.5881808996 0.0541648492 -0.8069134951 0.5662311912 0.7399747968 -0.3630696237 0.5774300098 -0.6704502106 -0.4659088850
-221.6 -185.5 2384.1 -0.9568424821 0.0541648492 0.2855146527 -0.1535229236 0.7399747968 -0.6548801661 -0.2467451245 -0.6704502106 -0.6997237802
-241.2 -12.8 2758.4 0.8410341144 0.4935530126 -0.2215107381 -0.5037779808 0.8637526035 0.0117972838 0.1971530616 0.1016703099 0.9750865698
-75.4 -112.1 2797.2 -0.7064734697 0.6575630903 0.2617366612 0.6736863256 0.7381384373 -0.0360326692 -0.2168916464 0.1508722901 -0.9644664526
-416.2 -427.0 2666.8 0.9705391526 -0.2409028560 0.0044259997 0.0073133539 0.0110927997 -0.9999117255 0.2408324927 0.9704858661 0.0125278039
-313.1 -431.8 2251.4 0.9705391526 -0.0392801389 -0.2377201021 0.0073133539 0.9909696579 -0.1338865608 0.2408324927 0.1282036155 0.9620621204
-353.5 -384.6 2830.6 0.4915677011 -0.8513668180 0.1831277758 -0.0084491204 -0.2149415910 -0.9765903354 0.8707984090 0.4785130024 -0.1128516421
-34.3 -304.0 2651.2 0.4915677011 -0.3520470858 -0.7965074182 -0.0084491204 0.9126722217 -0.4086049795 0.8707984090 0.2075867951 0.4456656873
17.8 -147.0 2445.9 0 0 0 0 0 0 0 0 0
-256.0 60.1 2741.8 0 0 0 0 0 0 0 0 0
-298.3 -805.0 2203.1 0 0 0 0 0 0 0 0 0
149.3 -780.0 2542.9 0 0 0 0 0 0 0 0 0
-242.9 139.1 2574.9 9 0.3215488493 0.2411326915 -0.9156753421 0.1953999698 0.9293197989 0.3133425117 0.9265123606 -0.2796778679 0.2517043948
-291.4 -47.8 2631.1 0.3215488493 0.2411326915 -0.9156753421 0.1953999698 0.9293197989 0.3133425117 0.9265123606 -0.2796778679 0.2517043948
-336.4 -229.5 2688.7 0.3256324530 0.2298326641 -0.9171370864 0.2115018517 0.9277188182 0.3075788319 0.9215370417 -0.2941338420 0.2534853220
-337.8 -77.9 2499.8 -0.5729052424 0.0223625209 -0.8193165064 0.5533314943 0.7479987144 -0.3664998710 0.6046518087 -0.6633233428 -0.4409062862
-230.5 -181.6 2386.6 -0.9798668623 0.0223625209 0.1983958036 -0.1152678356 0.7479987144 -0.6536139846 -0.1630162597 -0.6633233428 -0.7303614616
-245.0 -17.7 2762.4 0.8484641314 0.4776875079 -0.2278666794 -0.4912778139 0.8709964156 -0.0033682191 0.1968621016 0.1148036569 0.9736865163
-82.9 -111.6 2800.0 -0.6547231078 0.6893512011 0.3100526035 0.7141978145 0.6985040903 -0.0448725633 -0.2475059777 0.1920597851 -0.9496598244
-414.2 -423.7 2665.0 0.9707058668 -0.2402281910 -0.0045276401 0.0002018691 0.0196593106 -0.9998067021 0.2402707636 0.9705173373 0.0191319026
-311.4 -432.1 2249.7 0.9707058668 -0.0283343270 -0.2385943234 0.0002018691 0.9931181669 -0.1171166971 0.2402707636 0.1136377007 0.9640313387
-351.9 -392.0 2829.6 0.4851928353 -0.8513702154 0.1993908584 -0.0105482275 -0.2337119877 -0.9722486734 0.8743435740 0.4696248472 -0.1223758236
-32.6 -304.4 2653.5 0.4851928353 -0.3681659102 -0.7931215167 -0.0105482275 0.9045087695 -0.4263245761 0.8743435740 0.2152156532 0.4349776506
16.5 -152.5 2427.7 0 0 0 0 0 0 0 0 0
-250.0 70.7 2736.8 0 0 0 0 0 0 0 0 0
-300.7 -806.1 2206.9 0 0 0 0 0 0 0 0 0
159.4 -776.2 2541.2 0 0 0 0 0 0 0 0 0
-245.9 137.4 2579.1 0 0.3187845945 0.2358291447 -0.9180201292 0.1785445213 0.9362717867 0.3025177717 0.9308588505 -0.2603454590 0.2563630044
-293.3 -50.8 2631.4 0.3187845945 0.2358291447 -0.9180201292 0.1785445213 0.9362717867 0.3025177717 0.9308588505 -0.2603454590 0.2563630044
-337.3 -233.9 2685.0 0.3225308061 0.2246454507 -0.9195152521 0.1937698871 0.9351875186 0.2964414060 0.9265134335 -0.2737858593 0.2580972612
-339.3 -78.4 2499.4 -0.5563642383 0.0389879532 -0.8300233483 0.5582956076 0.7573786974 -0.3386495709 0.6154387593 -0.6518108845 -0.4431452155
-233.4 -184.6 2382.3 -0.9741832614 0.0389879532 0.2223665565 -0.1163514927 0.7573786974 -0.6425261497 -0.1934664696 -0.6518108845 -0.7332893610
-247.3 -23.2 2763.4 0.8702896237 0.4453932941 -0.2102874368 -0.4622207582 0.8860206604 -0.0363229215 0.1701410264 0.1288106740 0.9769645929
-79.0 -112.6 2796.3 -0.6831118464 0.6667250395 0.2980535626 0.6959518194 0.7180032134 -0.0110643022 -0.2213802636 0.1998727620 -0.9544849992
-410.8 -430.2 2663.0 0.9717949629 -0.2358273268 0.0000725140 0.0009150503 0.0034632445 -0.9999935627 0.2358255684 0.9717888236 0.0035813574
-310.8 -431.7 2250.9 0.9717949629 -0.0301018357 -0.2338982970 0.0009150503 0.9922939539 -0.1239026934 0.2358255684 0.1201939806 0.9643338323
-352.1 -399.5 2822.3 0.4834686518 -0.8508839011 0.2055592984 -0.0262892470 -0.2488356531 -0.9681888819 0.8749668002 0.4626849890 -0.1426733434
-32.9 -306.1 2648.8 0.4834686518 -0.3742826879 -0.7913093567 -0.0262892470 0.8973639011 -0.4405075908 0.8749668002 0.2337745428 0.4240077138
11.7 -155.3 2431.0 0 0 0 0 0 0 0 0 0
-253.5 65.2 2739.8 0 0 0 0 0 0 0 0 0
-299.4 -805.4 2205.6 0 0 0 0 0 0 0 0 0
162.3 -774.2 2526.8 0 0 0 0 0 0 0 0 0
-248.3 136.0 2581.7 1 0.2861422598 0.2315229774 -0.9297955036 0.2038566470 0.9334443808 0.2951679230 0.9362505674 -0.2740050256 0.2199003845
-294.6 -50.8 2636.5 0.2861422598 0.2315229774 -0.9297955036 0.2038566470 0.9334443808 0.2951679230 0.9362505674 -0.2740050256 0.2199003845
-338.4 -233.0 2693.4 0.2903194726 0.2234438807 -0.9304769635 0.2209694982 0.9304239154 0.2923761606 0.9310677052 -0.2904895246 0.2207459062
-336.0 -82.3 2504.0 -0.5319825411 0.0320951119 -0.8461468816 0.5453103185 0.7774615288 -0.3133532405 0.6477894783 -0.6281110644 -0.4310977161
-235.0 -185.7 2381.1 -0.9729455113 0.0320951119 0.2287945002 -0.1195538789 0.7774615288 -0.6174629331 -0.1976964623 -0.6281110644 -0.7525905967
-253.3 -19.4 2769.1 0.8772761822 0.4502415955 -0.1663401723 -0.4638988972 0.8843004107 -0.0530155487 0.1232248768 0.1236743033 0.9846422076
-75.7 -113.2 2794.0 -0.7051620483 0.6605985165 0.2575967312 0.6844390631 0.7290592194 0.0039792149 -0.1851746142 0.1791152656 -0.9662443399
-410.4 -434.5 2654.9 0.9710278511 -0.2389660031 -0.0003433177 -0.0011930164 -0.0034110991 -0.9999934435 0.2389632612 0.9710219502 -0.0035973627
-310.8 -433.0 2250.1 0.9710278511 -0.0289673172 -0.2372040451 -0.0011930164 0.9920257330 -0.1260297894 0.2389632612 0.1226614341 0.9632501006
-356.0 -395.2 2834.3 0.4552030861 -0.8626130223 0.2206557095 0.0014642803 -0.2470942438 -0.9689903259 0.8903864622 0.4414105117 -0.1112149581
-32.5 -302.5 2668.8 0.4552030861 -0.3908613920 -0.8000109196 0.0014642803 0.8988247514 -0.4383057058 0.8903864622 0.1983466744 0.4097201526
8.2 -155.9 2430.5 0 0 0 0 0 0 0 0 0
-255.9 61.7 2746.7 0 0 0 0 0 0 0 0 0
-299.9 -806.7 2203.9 0 0 0 0 0 0 0 0 0
171.3 -771.1 2565.4 0 0 0 0 0 0 0 0 0
-242.1 139.2 2582.0 2 0.2999891639 0.2458458692 -0.9217191935 0.1949027181 0.9300432205 0.3115004897 0.9338198304 -0.2730923593 0.2310868651
-291.5 -47.6 2636.8 0.2999891639 0.2458458692 -0.9217191935 0.1949027181 0.9300432205 0.3115004897 0.9338198304 -0.2730923593 0.2310868651
-337.2 -229.3 2693.8 0.3050291538 0.2328293920 -0.9234433770 0.2144656479 0.9279528856 0.3048080504 0.9278802276 -0.2910222411 0.2331187874
-335.0 -78.1 2504.7 -0.5143532753 0.0553316809 -0.8557915092 0.5654762387 0.7721197605 -0.2899442911 0.6447304487 -0.6330635548 -0.4284310937
-236.4 -186.5 2381.1 -0.9677755237 0.0553316809 0.2456602901 -0.1145232245 0.7721197605 -0.6250723600 -0.2242654711 -0.6330635548 -0.7409018278
-248.1 -17.1 2769.0 0.8670539260 0.4683009088 -0.1700346172 -0.4815312922 0.8752830625 -0.0448010266 0.1278480589 0.1207218915 0.9844191670
-74.8 -113.3 2794.6 -0.7062237859 0.6529878974 0.2735961080 0.6759535074 0.7368162870 -0.0137343379 -0.2105584145 0.1752387285 -0.9617466331
-408.4 -435.1 2666.2 0.9737828374 -0.2270385176 0.0141589101 0.0137279024 -0.0034773585 -0.9998997450 0.2270649821 0.9738795757 -0.0002694293
-311.3 -433.6 2249.4 0.9737828374 -0.0527207926 -0.2212859690 0.0137279024 0.9846194983 -0.1741724610 0.2270649821 0.1665683687 0.9595292807
-355.2 -391.6 2834.7 0.4663905799 -0.8603788018 0.2054949403 -0.0071633607 -0.2359741330 -0.9717329144 0.8845499158 0.4517350495 -0.1162193194
-32.5 -303.1 2665.2 0.4663905799 -0.3757803142 -0.8007926941 -0.0071633607 0.9036471248 -0.4282178581 0.8845499158 0.2054531425 0.4187606871
5.6 -157.9 2437.2 0 0 0 0 0 0 0 0 0
-255.4 59.6 2740.7 0 0 0 0 0 0 0 0 0
-292.6 -782.0 2190.4 0 0 0 0 0 0 0 0 0
163.5 -774.4 2558.1 0 0 0 0 0 0 0 0 0
-244.8 137.8 2582.1 3 0.2870751619 0.2487718910 -0.9250407815 0.2066893131 0.9268538356 0.3134030104 0.9353434443 -0.2811662555 0.2146582305
-294.7 -47.9 2638.5 0.2870751619 0.2487718910 -0.9250407815 0.2066893131 0.9268538356 0.3134030104 0.9353434443 -0.2811662555 0.2146582305
-341.4 -228.9 2696.6 0.2915294766 0.2386076599 -0.9263244271 0.2236100286 0.9245592356 0.3085267246 0.9300586581 -0.2970800698 0.2161812186
-336.2 -79.7 2506.0 -0.5272976756 0.0744587034 -0.8464118838 0.5491797328 0.7899826765 -0.2726333737 0.6483507752 -0.6085911989 -0.4574472308
-234.0 -186.2 2380.3 -0.9579843879 0.0744587034 0.2769871354 -0.1128478870 0.7899826765 -0.6026546955 -0.2636879086 -0.6085911989 -0.7483885288
-253.1 -16.0 2770.9 0.8603445888 0.4749636352 -0.1849776059 -0.4886527956 0.8718062043 -0.0342394151 0.1450021565 0.1198475212 0.9821460843
-84.3 -111.9 2799.4 -0.6849092245 0.6562334895 0.3166338503 0.6809633970 0.7310985327 -0.0422355458 -0.2592069209 0.1866885424 -0.9476071000
-410.3 -430.4 2667.0 0.9736825228 -0.2272660583 0.0171029847 0.0175723974 0.0000421999 -0.9998455644 0.2272302508 0.9738327265 0.0040346985
-314.0 -430.4 2254.2 0.9736825228 -0.0559028499 -0.2209462523 0.0175723974 0.9849793315 -0.1717758030 0.2272302508 0.1633725315 0.9600394964
-361.8 -389.8 2838.8 0.4531370699 -0.8674139977 0.2055716813 0.0012365262 -0.2299942523 -0.9731912017 0.8914399743 0.4412432313 -0.1031463444
-36.4 -303.5 2673.3 0.4531370699 -0.3773663640 -0.8076270223 0.0012365262 0.9062445760 -0.4227519631 0.8914399743 0.1905659437 0.4111196399
5.7 -158.0 2446.3 0 0 0 0 0 0 0 0 0
-259.3 62.1 2733.2 0 0 0 0 0 0 0 0 0
-293.6 -790.2 2194.5 0 0 0 0 0 0 0 0 0
160.5 -776.3 2573.9 0 0 0 0 0 0 0 0 0
-248.5 135.2 2583.7 4 0.3017231226 0.2305739969 -0.9250939488 0.1898400635 0.9363546371 0.2952977717 0.9343039393 -0.2647180557 0.2387476563
-294.5 -51.8 2636.6 0.3017231226 0.2305739969 -0.9250939488 0.1898400635 0.9363546371 0.2952977717 0.9343039393 -0.2647180557 0.2387476563
-337.8 -234.7 2691.5 0.3058228195 0.2207958996 -0.9261326194 0.2068289667 0.9341009259 0.2909936011 0.9293515086 -0.2805435359 0.2400023788
-338.1 -81.3 2504.2 -0.5518718362 0.0776366591 -0.8303071856 0.5437387824 0.7884078622 -0.2876823843 0.6322860122 -0.6102340221 -0.4773141444
-231.3 -186.6 2381.8 -0.9569382071 0.0776366591 0.2797173560 -0.1127993837 0.7884078622 -0.6047224998 -0.2674800158 -0.6102340221 -0.7457002401
-250.9 -22.3 2769.0 0.8368008137 0.4956828654 -0.2325143814 -0.5136474371 0.8577693105 -0.0199516285 0.1895540357 0.1361259669 0.9723882675
-83.9 -124.9 2806.8 -0.6283879876 0.6821573973 0.3738847375 0.7145220041 0.6961740851 -0.0692815110 -0.3075497746 0.2236132175 -0.9248839021
-414.5 -430.2 2670.8 0.9723697901 -0.2329163402 0.0157139674 0.0167642180 0.0025301357 -0.9998562932 0.2328431010 0.9724934697 0.0063648880
-314.2 -431.3 2252.0 0.9723697901 -0.0509023778 -0.2278286666 0.0167642180 0.9886441827 -0.1493373066 0.2328431010 0.1413917243 0.9621810913
-353.4 -398.9 2830.3 0.4694921076 -0.8560066223 0.2164018601 -0.0126164444 -0.2515723109 -0.9677562714 0.8828465343 0.4516237080 -0.1289109737
-32.4 -304.5 2660.9 0.4694921076 -0.3856195211 -0.7942762375 -0.0126164444 0.8965627551 -0.4427369535 0.8828465343 0.2178824544 0.4160640240
8.1 -158.3 2448.7 0 0 0 0 0 0 0 0 0
-244.2 57.3 2728.4 0 0 0 0 0 0 0 0 0
-295.3 -797.9 2199.6 0 0 0 0 0 0 0 0 0
168.8 -772.1 2547.3 0 0 0 0 0 0 0 0 0
-251.2 134.0 2591.5 5 0.2913458347 0.2188288420 -0.9312526584 0.1719400436 0.9456521869 0.2760045826 0.9410389066 -0.2405324131 0.2378863990
-294.8 -54.5 2639.4 0.2913458347 0.2188288420 -0.9312526584 0.1719400436 0.9456521869 0.2760045826 0.9410389066 -0.2405324131 0.2378863990
-335.8 -239.1 2690.0 0.2956014872 0.2096274644 -0.9320279360 0.1906994581 0.9430429339 0.2725870311 0.9360841513 -0.2583143711 0.2387890518
-336.9 -81.7 2506.1 -0.5507910848 0.0855340362 -0.8302488327 0.5370775461 0.7977527380 -0.2741136253 0.6388872266 -0.5968873501 -0.4853335023
-229.6 -186.4 2381.6 -0.9520051479 0.0855340362 0.2938879430 -0.1112719849 0.7977527380 -0.5926290154 -0.2851398587 -0.5968873501 -0.7499471903
-252.6 -27.4 2772.8 0.8443147540 0.4920245111 -0.2122367024 -0.5139867067 0.8556140065 -0.0611746684 0.1514932513 0.1607375145 0.9753016233
-83.7 -130.2 2803.1 -0.6320735812 0.6903064847 0.3520795107 0.7304468751 0.6824472547 -0.0267030261 -0.2587089539 0.2402971089 -0.9355890751
-408.7 -436.3 2662.4 0.9741182923 -0.2251719981 0.0197763965 0.0174492169 -0.0123207280 -0.9997718334 0.2253642827 0.9742411375 -0.0080727711
-313.4 -431.1 2249.7 0.9741182923 -0.0476621911 -0.2209566683 0.0174492169 0.9904557467 -0.1367222369 0.2253642827 0.1293281168 0.9656527042
-350.1 -406.5 2825.1 0.4626802802 -0.8558657169 0.2311293930 -0.0251555145 -0.2732835710 -0.9616045356 0.8861682415 0.4391012788 -0.1479726583
-29.1 -304.0 2660.4 0.4626802802 -0.4002667069 -0.7910205722 -0.0251555145 0.8859838843 -0.4630332291 0.8861682415 0.2341348678 0.3998583555
8.2 -158.6 2452.8 0 0 0 0 0 0 0 0 0
-245.1 56.2 2737.1 0 0 0 0 0 0 0 0 0
-295.6 -801.2 2201.4 0 0 0 0 0 0 0 0 0
179.6 -766.1 2538.3 0 0 0 0 0 0 0 0 0
-252.2 133.4 2586.4 6 0.2766358554 0.2296776474 -0.9331241846 0.2003263235 0.9359027147 0.2897506952 0.9398627281 -0.2670847774 0.2128937840
-298.2 -53.7 2639.8 0.2766358554 0.2296776474 -0.9331241846 0.2003263235 0.9359027147 0.2897506952 0.9398627281 -0.2670847774 0.2128937840
-340.3 -236.8 2694.7 0.2803801894 0.2151358724 -0.9354696870 0.2160785049 0.9354011416 0.2798834443 0.9352523685 -0.2806086838 0.2157817185
-338.1 -84.5 2506.6 -0.5651867986 0.0954295620 -0.8194248676 0.5192889571 0.8129632473 -0.2634952068 0.6410170794 -0.5744422674 -0.5090315938
-227.7 -186.0 2381.3 -0.9449281096 0.0954295620 0.3130560219 -0.1075034142 0.8129632473 -0.5723056793 -0.3091179132 -0.5744422674 -0.7579328418
-258.2 -22.9 2773.0 0.8298573494 0.5045139194 -0.2383326888 -0.5251381397 0.8505564332 -0.0279952250 0.1885914207 0.1483896226 0.9707800150
-84.1 -133.1 2812.5 -0.6205695271 0.6909808517 0.3707275689 0.7270151973 0.6841512918 -0.0581882074 -0.2938406765 0.2334147543 -0.9269170165
-403.6 -441.0 2656.0 0.9761382937 -0.2157184631 0.0248924643 0.0201002397 -0.0243809521 -0.9995006323 0.2162176371 0.9761511683 -0.0194631871
-314.1 -430.9 2251.0 0.9761382937 -0.0511637293 -0.2110363990 0.0201002397 0.9889631867 -0.1467918754 0.2162176371 0.1390472800 0.9663931727
-357.1 -400.4 2834.1 0.4479193389 -0.8633732200 0.2322819829 -0.0013073666 -0.2604339719 -0.9654907584 0.8940730095 0.4321583211 -0.1177821532
-33.3 -302.7 2672.0 0.4479193389 -0.4028170109 -0.7981896400 -0.0013073666 0.8924596906 -0.4511252642 0.8940730095 0.2031112611 0.3992233276
8.8 -159.1 2458.6 0 0 0 0 0 0 0 0 0
-242.7 52.7 2737.5 0 0 0 0 0 0 0 0 0
-294.9 -801.9 2198.8 0 0 0 0 0 0 0 0 0
176.8 -768.1 2566.1 0 0 0 0 0 0 0 0 0
-249.1 138.5 2584.3 7 0.2863546610 0.2301861346 -0.9300619960 0.2078499943 0.9326713085 0.2948263884 0.9353070855 -0.2777383029 0.2192306072
-295.1 -47.9 2639.8 0.2863546610 0.2301861346 -0.9300619960 0.2078499943 0.9326713085 0.2948263884 0.9353070855 -0.2777383029 0.2192306072
-337.7 -230.3 2696.7 0.2898759842 0.2172450125 -0.9320818186 0.2225243449 0.9319080710 0.2864092290 0.9308355451 -0.2904340625 0.2217954695
-336.4 -79.6 2507.2 -0.5469822884 0.1009237766 -0.8310383558 0.5380753279 0.8028723598 -0.2566533387 0.6413152814 -0.5875461102 -0.4934615493
-228.5 -185.7 2380.7 -0.9447546601 0.1009237766 0.3118541837 -0.1077740043 0.8028723598 -0.5863282084 -0.3095535636 -0.5875461102 -0.7476404309
-253.8 -16.2 2772.4 0.8087222576 0.5445750356 -0.2222753316 -0.5628408790 0.8262292743 -0.0235658512 0.1708170027 0.1441638619 0.9746990800
-85.5 -133.3 2808.0 -0.6344657540 0.6967917681 0.3345659971 0.7246007323 0.6868587136 -0.0563809946 -0.2690854073 0.2066549808 -0.9406841993
-407.8 -439.4 2665.1 0.9747719765 -0.2222503424 0.0206012931 0.0161283873 -0.0219219588 -0.9996295571 0.2226196378 0.9747431278 -0.0177843701
-314.1 -430.2 2253.8 0.9747719765 -0.0497468933 -0.2175887674 0.0161283873 0.9879967570 -0.1536304802 0.2226196378 0.1462453306 0.9638738632
-354.0 -392.7 2837.7 0.4560600221 -0.8606828451 0.2263499498 0.0040504970 -0.2523302734 -0.9676327109 0.8899397850 0.4422154129 -0.1115915626
-31.1 -298.0 2671.7 0.4560600221 -0.3965720236 -0.7967056632 0.0040504970 0.8961418271 -0.4437492490 0.8899397850 0.1991492361 0.4103007913
7.9 -158.7 2458.2 0 0 0 0 0 0 0 0 0
-247.8 52.0 2739.2 0 0 0 0 0 0 0 0 0
-295.4 -801.6 2198.9 0 0 0 0 0 0 0 0 0
175.8 -765.5 2567.9 0 0 0 0 0 0 0 0 0
-251.4 138.2 2583.3 8 0.3076048493 0.2193575352 -0.9258841872 0.1925037056 0.9385951161 0.2863241434 0.9318377376 -0.2663108408 0.2464892864
-295.2 -49.3 2636.5 0.3076048493 0.2193575352 -0.9258841872 0.1925037056 0.9385951161 0.2863241434 0.9318377376 -0.2663108408 0.2464892864
-336.0 -232.9 2691.0 0.3108168542 0.2083595842 -0.9273506403 0.2065927237 0.9375393391 0.2798917592 0.9277458191 -0.2785789669 0.2483574450
-339.5 -78.7 2504.3 -0.5631048083 0.0998575613 -0.8203300834 0.5472323895 0.7888949513 -0.2796095014 0.6192331314 -0.6063606739 -0.4988758266
-228.5 -186.6 2382.3 -0.9469752908 0.0998575613 0.3053953648 -0.1116934940 0.7888949513 -0.6042924523 -0.3012680113 -0.6063606739 -0.7359105349
-250.9 -19.8 2768.6 0.8243296146 0.5205557346 -0.2224913687 -0.5388063192 0.8420213461 -0.0262254011 0.1736907065 0.1414981335 0.9745818973
-80.0 -131.5 2804.6 -0.6549200416 0.6922621131 0.3030725121 0.7201654315 0.6932654977 -0.0272894744 -0.2290011793 0.2003899217 -0.9525766969
-406.4 -432.9 2669.4 0.9754349589 -0.2202104181 0.0058324467 0.0047990307 -0.0052275341 -0.9999748468 0.2202353626 0.9754383564 -0.0040423232
-312.7 -430.7 2254.5 0.9754349589 -0.0398902595 -0.2166458368 0.0047990307 0.9870825410 -0.1601407826 0.2202353626 0.1551672369 0.9630262256
-348.8 -397.8 2829.3 0.4765115082 -0.8496289849 0.2259808183 -0.0107831443 -0.2626681328 -0.9648259878 0.8791021109 0.4573139250 -0.1343260705
-30.0 -299.2 2657.8 0.4765115082 -0.3937267959 -0.7860763073 -0.0107831443 0.8914290071 -0.4530320764 0.8791021109 0.2243513763 0.4205305874
8.2 -158.7 2457.6 0 0 0 0 0 0 0 0 0
-247.4 52.6 2746.1 0 0 0 0 0 0 0 0 0
-297.7 -802.1 2196.1 0 0 0 0 0 0 0 0 0
175.3 -764.2 2540.8 0 0 0 0 0 0 0 0 0
-252.1 136.0 2585.8 9 0.3143508136 0.2155030668 -0.9245225787 0.1907842457 0.9396802783 0.2839056253 0.9299381375 -0.2656303048 0.2542746365
-295.1 -51.4 2638.8 0.3143508136 0.2155030668 -0.9245225787 0.1907842457 0.9396802783 0.2839056253 0.9299381375 -0.2656303048 0.2542746365
-335.9 -234.9 2693.8 0.3179958761 0.2083699107 -0.9249111414 0.2069207728 0.9367791414 0.2821855247 0.9252364039 -0.2811171710 0.2547758520
-340.4 -80.9 2506.9 -0.5741996765 0.1083691195 -0.8115114570 0.5330642462 0.8018009663 -0.2701068819 0.6213994622 -0.5876830220 -0.5181615353
-226.2 -186.9 2383.4 -0.9391248226 0.1083691195 0.3260378242 -0.1113131344 0.8018009663 -0.5871325135 -0.3250444829 -0.5876830220 -0.7409282923
