-159.4 516.8 2386.3 82 -0.8359306455 -0.0359907411 0.5476537943 0.0586858243 0.9862651229 0.1543926001 -0.5456885099 0.1612010151 -0.8223370910
-152.2 320.2 2354.2 -0.8359306455 -0.0359907411 0.5476537943 0.0586858243 0.9862651229 0.1543926001 -0.5456885099 0.1612010151 -0.8223370910
-147.0 123.3 2327.9 -0.8356874585 -0.0261350777 0.5485830903 0.0509479940 0.9908707142 0.1248180792 -0.5468370318 0.1322581172 -0.8267267346
-34.6 313.1 2431.2 -0.4876832664 0.3164442182 0.8136510849 0.8435379863 0.4109617770 0.3457659781 -0.2249638438 0.8549698591 -0.4673518836
109.2 64.3 2497.5 -0.1894956976 0.3355177045 0.9227780104 0.9427937269 0.3247044683 0.0755449831 -0.2742834389 0.8843047619 -0.3778540790
-269.8 327.4 2277.3 -0.1378490180 -0.9904186726 -0.0082780859 -0.9743576050 0.1341034919 0.1806750149 -0.1778337806 0.0329716913 -0.9835079908
-310.5 40.0 2224.8 -0.2570259273 -0.9643487930 -0.0630007386 -0.9374200106 0.2646329999 -0.2263031900 0.2349072844 0.0008923653 -0.9720173478
-65.1 -78.4 2351.8 -0.9850484729 0.1105584428 0.1321226209 0.0572548471 0.9334146976 -0.3542017937 -0.1624851972 -0.3413412869 -0.9257887006
-109.5 -453.4 2488.9 -0.9847682714 0.0577928312 0.1639861763 0.0623114035 0.9978021979 0.0225413945 -0.1623230278 0.0324162580 -0.9862050414
-217.4 -70.9 2242.3 -0.8652765751 -0.0340979882 0.5001338124 -0.0391537361 0.9992331266 0.0003859501 -0.4997634292 -0.0192481540 -0.8659480810
-203.8 -468.0 2250.0 -0.8305276632 -0.2723876536 0.4858279228 -0.2097468972 0.9610000253 0.1802365333 -0.5159748197 0.0477905199 -0.8552695513
158.9 -182.9 2569.4 0 0 0 0 0 0 0 0 0
-384.3 -229.0 2292.2 0 0 0 0 0 0 0 0 0
-131.6 -834.7 2476.5 0 0 0 0 0 0 0 0 0
-124.5 -747.9 2236.1 0 0 0 0 0 0 0 0 0
-161.8 519.3 2400.6 83 -0.8288720846 -0.0396200866 0.5580334067 0.0683848113 0.9828330278 0.1713556647 -0.5552427769 0.1801929325 -0.8119334579
-153.9 323.6 2364.7 -0.8288720846 -0.0396200866 0.5580334067 0.0683848113 0.9828330278 0.1713556647 -0.5552427769 0.1801929325 -0.8119334579
-148.1 127.2 2334.7 -0.8285889626 -0.0292938426 0.5590905547 0.0602865964 0.9881550074 0.1411214471 -0.5566020608 0.1506373286 -0.8170082569
-37.3 315.1 2443.0 -0.4860461652 0.3046960235 0.8190967441 0.8470045924 0.3951081634 0.3556300700 -0.2152727246 0.8666313291 -0.4501197338
106.0 65.3 2506.5 -0.1874089241 0.3235222697 0.9274757504 0.9475675225 0.3083413541 0.0839130506 -0.2588313818 0.8945719600 -0.3643451035
-270.5 332.1 2286.4 -0.1404901296 -0.9900796413 0.0021882411 -0.9729722738 0.1384710670 0.1847990751 -0.1832688153 0.0238333475 -0.9827739000
-312.0 45.3 2232.3 -0.2474909127 -0.9675118923 -0.0516622178 -0.9463990927 0.2528240383 -0.2010193169 0.2075500339 -0.0008573793 -0.9782240391
-66.2 -74.8 2355.8 -0.9829352498 0.1136501357 0.1446440220 0.0591499396 0.9398280978 -0.3364883661 -0.1741824597 -0.3221906126 -0.9305126071
-111.8 -452.3 2485.3 -0.9826558232 0.0562523939 0.1767010093 0.0643406436 0.9971107841 0.0403780229 -0.1739191264 0.0510467552 -0.9834359884
-218.5 -69.1 2251.5 -0.8585765362 -0.0340296738 0.5115547776 -0.0330038816 0.9993937016 0.0110891014 -0.5116220117 -0.0073624495 -0.8591790795
-205.0 -466.3 2254.4 -0.8238898516 -0.2721718848 0.4971196651 -0.2024255842 0.9606017470 0.1904418916 -0.5293669701 0.0562734120 -0.8465245962
155.1 -183.1 2574.3 0 0 0 0 0 0 0 0 0
-383.0 -226.2 2291.9 0 0 0 0 0 0 0 0 0
-133.3 -833.4 2465.8 0 0 0 0 0 0 0 0 0
-125.1 -748.2 2237.9 0 0 0 0 0 0 0 0 0
-165.5 523.3 2406.7 84 -0.8260178566 -0.0397447124 0.5622409582 0.0552265234 0.9870040417 0.1509073377 -0.5609318614 0.1557027549 -0.8130879998
-157.5 326.5 2375.6 -0.8260178566 -0.0397447124 0.5622409582 0.0552265234 0.9870040417 0.1509073377 -0.5609318614 0.1557027549 -0.8130879998
-150.6 129.6 2349.3 -0.8256778717 -0.0347712785 0.5630692840 0.0462042540 0.9905773997 0.1289245933 -0.5622465611 0.1324663758 -0.8162912726
-41.3 320.0 2454.7 -0.4887494147 0.2978996933 0.8199876547 0.8406265378 0.4122468233 0.3512827456 -0.2333903015 0.8609926701 -0.4519077837
102.8 72.1 2523.5 -0.1902606934 0.3169662356 0.9291573167 0.9418134093 0.3260771036 0.0816165805 -0.2771072388 0.8906211853 -0.3605627120
-273.7 333.0 2296.5 -0.1406751722 -0.9899761081 0.0125635993 -0.9682956934 0.1402181238 0.2067422271 -0.2064315081 0.0169182196 -0.9783147573
-314.6 52.0 2236.6 -0.2383677065 -0.9702472687 -0.0424384959 -0.9532045126 0.2421008945 -0.1810753495 0.1859622747 -0.0027099494 -0.9825531244
-67.9 -71.5 2374.5 -0.9821723104 0.1112834439 0.1515041292 0.0514516570 0.9343119860 -0.3527234793 -0.1808044016 -0.3386400938 -0.9233810902
-112.6 -446.8 2510.6 -0.9819138646 0.0516344234 0.1821512431 0.0567127205 0.9981306791 0.0227783341 -0.1806345880 0.0326966532 -0.9830066562
-218.3 -63.7 2253.8 -0.8559468985 -0.0295373965 0.5162193775 -0.0328511707 0.9994565845 0.0027168430 -0.5160191059 -0.0146329366 -0.8564521074
-206.5 -461.0 2259.6 -0.8223336935 -0.2709093690 0.5003752708 -0.1953672916 0.9603543878 0.1988745183 -0.5344145298 0.0657842606 -0.8426585793
152.7 -174.8 2596.2 0 0 0 0 0 0 0 0 0
-383.2 -222.6 2290.2 0 0 0 0 0 0 0 0 0
-132.4 -828.3 2498.1 0 0 0 0 0 0 0 0 0
-125.3 -748.9 2239.9 0 0 0 0 0 0 0 0 0
-159.4 515.5 2419.2 85 -0.8042298555 -0.0312326401 0.5934971571 0.0661420599 0.9877110720 0.1416051239 -0.5906264782 0.1531381905 -0.7922809124
-153.2 318.8 2388.7 -0.8042298555 -0.0312326401 0.5934971571 0.0661420599 0.9877110720 0.1416051239 -0.5906264782 0.1531381905 -0.7922809124
-146.7 121.8 2362.9 -0.8037437797 -0.0326186903 0.5940808058 0.0510792881 0.9910266399 0.1235196516 -0.5927789211 0.1296233833 -0.7948653698
-40.2 311.6 2472.1 -0.4734113812 0.2686130702 0.8388853669 0.8438658118 0.4113445878 0.3445084989 -0.2525314689 0.8710009456 -0.4214085937
99.4 62.8 2546.5 -0.1728986502 0.2859320939 0.9425226450 0.9427628517 0.3250753582 0.0743249580 -0.2851389945 0.9014260173 -0.3257712424
-266.2 325.9 2305.4 -0.1779219657 -0.9825853109 0.0535709001 -0.9570026398 0.1854506582 0.2230560780 -0.2291063964 -0.0115809152 -0.9733324647
-317.0 52.8 2240.0 -0.2468717694 -0.9688105583 -0.0214570761 -0.9531180859 0.2467523217 -0.1751548499 0.1749864668 -0.0227896608 -0.9843070507
-66.6 -79.9 2391.5 -0.9743338823 0.1305112690 0.1834130287 0.0581305809 0.9330176115 -0.3551041484 -0.2174726725 -0.3353280723 -0.9166573286
-119.0 -454.7 2526.2 -0.9740409255 0.0576227680 0.2189152092 0.0634426475 0.9977921247 0.0196431633 -0.2172999829 0.0330218039 -0.9755461216
-219.5 -63.0 2271.4 -0.8364799023 -0.0300635491 0.5471723080 -0.0200857949 0.9995051026 0.0242104828 -0.5476293564 0.0092611928 -0.8366698027
-207.5 -460.3 2267.7 -0.8024662137 -0.2730262578 0.5305701494 -0.1804649532 0.9585853815 0.2203327268 -0.5687533617 0.0810602605 -0.8185040355
144.7 -184.3 2621.3 0 0 0 0 0 0 0 0 0
-388.5 -223.2 2290.6 0 0 0 0 0 0 0 0 0
-141.0 -836.1 2513.6 0 0 0 0 0 0 0 0 0
-124.4 -752.1 2243.1 0 0 0 0 0 0 0 0 0
-159.2 519.2 2425.0 86 -0.8065800667 -0.0098682977 0.5910425186 0.0750157610 0.9900680780 0.1189026162 -0.5863456726 0.1402419806 -0.7978288531
-157.3 322.1 2397.1 -0.8065800667 -0.0098682977 0.5910425186 0.0750157610 0.9900680780 0.1189026162 -0.5863456726 0.1402419806 -0.7978288531
-154.9 124.9 2373.0 -0.8064428568 -0.0117358100 0.5911955833 0.0624260865 0.9925260544 0.1048572958 -0.5880075693 0.1214674488 -0.7996829152
-43.8 313.4 2479.8 -0.4580319226 0.2824817598 0.8428587317 0.8510290384 0.4132762551 0.3239634931 -0.2568196952 0.8656828403 -0.4296939075
91.2 62.5 2555.5 -0.1557909846 0.2982610166 0.9416844249 0.9435794950 0.3269499838 0.0525491908 -0.2922103107 0.8967407942 -0.3323688507
-270.7 330.9 2314.4 -0.1696537286 -0.9840649962 0.0532328710 -0.9587647915 0.1773069054 0.2221089303 -0.2280081809 -0.0133561920 -0.9735676050
-320.7 48.5 2247.2 -0.2536714077 -0.9671812057 -0.0145355873 -0.9550063610 0.2528088987 -0.1550821513 0.1536672711 -0.0254583284 -0.9877946377
-78.6 -78.1 2402.8 -0.9743859768 0.1470867842 0.1701100171 0.0759768710 0.9272778034 -0.3665833771 -0.2116588205 -0.3442693055 -0.9147017002
-137.7 -450.6 2541.0 -0.9739804268 0.0780200586 0.2127792090 0.0813388303 0.9966627955 0.0068744440 -0.2115327716 0.0240027849 -0.9770761132
-214.0 -70.5 2282.8 -0.8404342532 -0.0149801094 0.5417064428 0.0022384401 0.9995133877 0.0311129410 -0.5419089198 0.0273609571 -0.8399916887
-208.0 -467.8 2272.0 -0.8015763760 -0.2812265158 0.5276238918 -0.1828431338 0.9554963708 0.2315061390 -0.5692483783 0.0890974328 -0.8173236251
132.1 -184.9 2632.1 0 0 0 0 0 0 0 0 0
-394.2 -228.3 2291.8 0 0 0 0 0 0 0 0 0
-167.5 -831.5 2531.9 0 0 0 0 0 0 0 0 0
-124.2 -752.5 2245.4 0 0 0 0 0 0 0 0 0
-158.9 521.3 2443.9 87 -0.8044360876 -0.0083129089 0.5939810276 0.0865512788 0.9875918627 0.1310390830 -0.5877001286 0.1568223834 -0.7937350273
-157.3 324.0 2412.6 -0.8044360876 -0.0083129089 0.5939810276 0.0865512788 0.9875918627 0.1310390830 -0.5877001286 0.1568223834 -0.7937350273
-157.0 126.9 2386.7 -0.8043859005 -0.0012698350 0.5941058397 0.0761859268 0.9915209413 0.1052707285 -0.5892020464 0.1299407929 -0.7974687219
-44.1 313.3 2495.5 -0.3678185046 0.3957644105 0.8414749503 0.9298906922 0.1600301713 0.3312003016 -0.0035840864 0.9043013453 -0.4268796742
66.8 33.0 2496.5 -0.0824563280 0.3870895505 0.9183477759 0.9269476533 0.3682214022 -0.0719792172 -0.3660176992 0.8453251719 -0.3891739249
-270.4 334.7 2329.7 -0.1706479788 -0.9833872318 0.0618771911 -0.9507340789 0.1808259636 0.2518067956 -0.2588125765 -0.0158584360 -0.9657973647
-321.9 47.7 2251.5 -0.2599039674 -0.9655711055 -0.0110642472 -0.9547286034 0.2586689591 -0.1469137520 0.1447176337 -0.0276201144 -0.9890874028
-83.0 -77.1 2415.0 -0.9730170369 0.1579492837 0.1681960225 0.0883860588 0.9285115004 -0.3606303632 -0.2131332606 -0.3360333145 -0.9174180031
-146.4 -450.1 2549.9 -0.9725553989 0.0887805298 0.2150674313 0.0937200189 0.9955155253 0.0128588267 -0.2129613459 0.0326620452 -0.9765145183
-226.6 -66.6 2294.9 -0.8383001685 -0.0471432731 0.5431669950 -0.0163243487 0.9979782701 0.0614235774 -0.5449645519 0.0426245481 -0.8373749256
-207.8 -463.1 2278.0 -0.8047069907 -0.2751744092 0.5260472894 -0.1710244417 0.9559771419 0.2384498119 -0.5685044527 0.1019152850 -0.8163430691
88.2 -207.6 2591.6 0 0 0 0 0 0 0 0 0
-397.7 -230.6 2293.7 0 0 0 0 0 0 0 0 0
-180.3 -830.6 2537.5 0 0 0 0 0 0 0 0 0
-124.2 -753.8 2247.0 0 0 0 0 0 0 0 0 0
-163.1 516.1 2452.8 88 -0.8043316603 0.0114772310 0.5940697193 0.1027405486 0.9874400496 0.1200269833 -0.5852307081 0.1575765461 -0.7954084873
-165.4 319.0 2421.4 -0.8043316603 0.0114772310 0.5940697193 0.1027405486 0.9874400496 0.1200269833 -0.5852307081 0.1575765461 -0.7954084873
-169.1 122.0 2395.2 -0.8044783473 0.0187156256 0.5936870575 0.0931281820 0.9911164045 0.0949494243 -0.5866359472 0.1316737533 -0.7990746498
-52.2 305.9 2503.9 -0.3182854652 0.4309394658 0.8443847299 0.9444983006 0.0677214637 0.3214603961 0.0813470036 0.8998360634 -0.4285763502
41.4 27.9 2480.0 -0.0668498203 0.4289770126 0.9008383751 0.9374033809 0.3362631798 -0.0905644447 -0.3417688608 0.8383947611 -0.4246036410
-278.6 332.1 2338.8 -0.1602271348 -0.9850754738 0.0628777072 -0.9539779425 0.1708976924 0.2464144230 -0.2534824610 -0.0205016714 -0.9671227336
-326.5 46.8 2263.0 -0.2526713908 -0.9675494432 -0.0022837231 -0.9589994550 0.2507503331 -0.1320769936 0.1283636540 -0.0311819874 -0.9912368059
-99.1 -83.5 2422.9 -0.9717115760 0.1752838045 0.1582788974 0.1079815477 0.9257788062 -0.3623169363 -0.2100395411 -0.3349763751 -0.9185174108
-169.5 -455.4 2557.4 -0.9711427093 0.1085639521 0.2123574466 0.1133170128 0.9935054779 0.0103039155 -0.2098596543 0.0340702869 -0.9771377444
-230.5 -63.2 2306.9 -0.8390848637 -0.0534438640 0.5413689613 -0.0234393571 0.9977901578 0.0621722974 -0.5434953570 0.0394784920 -0.8384833336
-209.3 -459.7 2291.2 -0.8099591136 -0.2736966908 0.5187064409 -0.1509118974 0.9519109130 0.2666294277 -0.5667378902 0.1376799494 -0.8123130202
59.1 -220.2 2570.5 0 0 0 0 0 0 0 0 0
-400.2 -232.7 2300.5 0 0 0 0 0 0 0 0 0
-211.0 -835.1 2544.4 0 0 0 0 0 0 0 0 0
-124.5 -754.5 2248.5 0 0 0 0 0 0 0 0 0
-162.1 512.9 2459.8 89 -0.8132283688 0.0293200947 0.5812056065 0.1010478362 0.9906732440 0.0914105698 -0.5731046200 0.1330672354 -0.8086063266
-168.0 315.5 2433.3 -0.8132283688 0.0293200947 0.5812056065 0.1010478362 0.9906732440 0.0914105698 -0.5731046200 0.1330672354 -0.8086063266
-174.5 118.1 2411.3 -0.8135429025 0.0328303427 0.5805774331 0.0910082534 0.9932902455 0.0713583753 -0.5743391514 0.1108904332 -0.8110720515
-53.5 302.7 2514.1 -0.2860906422 0.4642335176 0.8382358551 0.9505432248 0.0271105915 0.3094067872 0.1209119335 0.8852978349 -0.4490301311
27.2 34.5 2480.0 -0.0610942058 0.4680076241 0.8816100955 0.9375063181 0.3300446570 -0.1102383062 -0.3425630629 0.8197801113 -0.4589239061
-282.4 328.3 2352.5 -0.1629327536 -0.9852702618 0.0519174151 -0.9546630979 0.1707216650 0.2438698709 -0.2491411567 -0.0098292502 -0.9684172869
-331.0 43.6 2278.2 -0.2453326434 -0.9693951011 -0.0092205191 -0.9632564187 0.2448294908 -0.1104336232 0.1093112752 -0.0182112493 -0.9938407540
-106.3 -87.6 2442.0 -0.9739481807 0.1801603585 0.1377215683 0.1154087111 0.9165706635 -0.3828564882 -0.1952071041 -0.3569881022 -0.9134843349
-178.7 -455.8 2585.3 -0.9733130336 0.1208102554 0.1951067299 0.1207443252 0.9926077127 -0.0122762024 -0.1951475441 0.0116094435 -0.9807052016
-246.6 -66.4 2315.2 -0.8465488553 -0.0923783630 0.5242339969 -0.0574206971 0.9949274063 0.0825973526 -0.5292049646 0.0398208126 -0.8475590944
-209.9 -461.7 2299.4 -0.8237200975 -0.2770384252 0.4947068691 -0.1492705345 0.9476829171 0.2821619213 -0.5469949841 0.1585772783 -0.8219791651
43.5 -216.2 2571.6 0 0 0 0 0 0 0 0 0
-402.0 -234.9 2309.8 0 0 0 0 0 0 0 0 0
-224.9 -835.1 2580.9 0 0 0 0 0 0 0 0 0
-124.7 -753.1 2250.6 0 0 0 0 0 0 0 0 0
-163.1 507.8 2468.8 90 -0.8205338120 0.0407523401 0.5701434016 0.1018911302 0.9919080734 0.0757397935 -0.5624432564 0.1202396154 -0.8180464506
-171.2 310.4 2444.9 -0.8205338120 0.0407523401 0.5701434016 0.1018911302 0.9919080734 0.0757397935 -0.5624432564 0.1202396154 -0.8180464506
-180.5 112.9 2425.2 -0.8208384514 0.0469907708 0.5692240596 0.0949960798 0.9939607978 0.0549334697 -0.5632050633 0.0991655588 -0.8203452229
-55.7 297.0 2524.1 -0.2605104148 0.9066143036 0.3319410086 0.9575344920 0.1986248195 0.2089877725 0.1235395893 0.3722884655 -0.9198582768
16.7 31.1 2489.8 -0.0561970361 0.9066143036 0.4182013869 0.9312598705 0.1986248195 -0.3054558337 -0.3599958122 0.3722884655 -0.8554556370
-286.7 323.8 2365.6 -0.1700761318 -0.9844832420 0.0432072096 -0.9529095888 0.1754763722 0.2473284453 -0.2510725558 0.0008921013 -0.9679678679
-337.2 40.6 2291.0 -0.2334876806 -0.9721841812 -0.0184760075 -0.9671850801 0.2341608852 -0.0985985696 0.1001823321 -0.0051518315 -0.9949557781
-114.5 -93.4 2457.2 -0.9752331972 0.1863115430 0.1191982850 0.1256378293 0.9101727009 -0.3947161436 -0.1820311993 -0.3699644804 -0.9110383987
-189.3 -459.0 2605.8 -0.9745290279 0.1334630549 0.1802241951 0.1309733093 0.9910527468 -0.0256992672 -0.1820415854 -0.0014401235 -0.9832897782
-255.6 -70.9 2336.6 -0.8535777926 -0.1169377267 0.5076716542 -0.0672163442 0.9910578132 0.1152667478 -0.5166109800 0.0642653033 -0.8538050652
-209.1 -464.5 2311.1 -0.8351305723 -0.2762169540 0.4756691456 -0.1386705786 0.9425655007 0.3038761914 -0.5322850943 0.1878149807 -0.8254684210
31.8 -219.1 2586.5 0 0 0 0 0 0 0 0 0
-404.1 -236.7 2319.7 0 0 0 0 0 0 0 0 0
-240.3 -837.7 2606.3 0 0 0 0 0 0 0 0 0
-124.4 -753.6 2253.5 0 0 0 0 0 0 0 0 0
-163.0 505.4 2492.8 91 -0.7897577286 0.0467745364 0.6116329432 0.1293412149 0.9873695374 0.0915001109 -0.5996278524 0.1513722688 -0.7858326435
-172.3 308.8 2462.6 -0.7897577286 0.0467745364 0.6116329432 0.1293412149 0.9873695374 0.0915001109 -0.5996278524 0.1513722688 -0.7858326435
-184.1 111.9 2439.0 -0.7902743816 0.0598187931 0.6098262668 0.1197519824 0.9911101460 0.0579671860 -0.6009374857 0.1188378856 -0.7904123664
-61.3 292.0 2547.1 -0.2422852665 0.9417259097 0.2333455235 0.9568198323 0.1921154410 0.2181454450 0.1606039405 0.2761230469 -0.9476087689
7.3 21.4 2501.7 -0.0760492682 0.9417259097 0.3276717663 0.9212060571 0.1921154410 -0.3383356333 -0.3815702498 0.2761230469 -0.8821339011
-283.4 325.7 2378.2 -0.1922585517 -0.9773310423 0.0886607245 -0.9510803819 0.2078313828 0.2285874486 -0.2418320775 -0.0403755829 -0.9694777131
-341.7 37.0 2304.8 -0.2281510830 -0.9734345675 0.0192942452 -0.9689391255 0.2250662148 -0.1024801359 0.0954152197 -0.0420759022 -0.9945479035
-123.5 -96.0 2470.4 -0.9627303481 0.2202310860 0.1569984555 0.1467028856 0.9128807783 -0.3809553385 -0.2272190750 -0.3437251449 -0.9111665487
-211.9 -462.5 2608.3 -0.9619566798 0.1505956799 0.2279481143 0.1518688500 0.9883272052 -0.0120490184 -0.2271018624 0.0230275858 -0.9735987186
-265.1 -75.9 2353.8 -0.8242164254 -0.1435188204 0.5477860570 -0.0743585005 0.9864040017 0.1465536207 -0.5613715649 0.0800593570 -0.8236822486
-208.1 -467.7 2322.0 -0.8157699108 -0.2728765905 0.5099586844 -0.1048972160 0.9368880391 0.3335227370 -0.5687847137 0.2185845524 -0.7929090261
27.7 -226.7 2604.4 0 0 0 0 0 0 0 0 0
-406.6 -238.4 2331.9 0 0 0 0 0 0 0 0 0
-269.4 -840.1 2599.5 0 0 0 0 0 0 0 0 0
-124.7 -754.0 2255.3 0 0 0 0 0 0 0 0 0
-164.1 504.1 2510.8 92 -0.7887095213 0.0548160262 0.6123172641 0.1406444013 0.9856902361 0.0929190814 -0.5984616876 0.1594051570 -0.7851328254
-175.0 308.2 2479.1 -0.7887095213 0.0548160262 0.6123172641 0.1406444013 0.9856902361 0.0929190814 -0.5984616876 0.1594051570 -0.7851328254
-189.4 111.5 2454.3 -0.7891804576 0.0724037886 0.6098785996 0.1333327442 0.9895409346 0.0550553650 -0.5995135903 0.1247654036 -0.7905801535
-64.1 289.4 2563.4 -0.2254730016 0.9599937797 0.1660539061 0.9598627687 0.1897099912 0.2065758258 0.1668094099 0.2059662342 -0.9642367363
0.2 15.8 2515.8 -0.0958382636 0.9599937797 0.2631102502 0.9137116075 0.1897099912 -0.3593622148 -0.3949001431 0.2059662342 -0.8953389525
-286.0 327.0 2394.8 -0.1902851611 -0.9772487879 0.0936821625 -0.9463517666 0.2079772651 0.2473130375 -0.2611701190 -0.0415962785 -0.9643961191
-343.8 39.6 2315.5 -0.2175073475 -0.9757916331 0.0228317436 -0.9723765850 0.2145975977 -0.0918242708 0.0847017169 -0.0421735048 -0.9955134392
-131.4 -97.4 2484.4 -0.9609299302 0.2317314446 0.1513743699 0.1604120433 0.9119213820 -0.3777133822 -0.2255695909 -0.3386738300 -0.9134650230
-224.4 -463.6 2620.4 -0.9600795507 0.1633900255 0.2270484567 0.1656279862 0.9861444831 -0.0092937890 -0.2254211009 0.0286828019 -0.9738391042
-268.3 -74.0 2360.3 -0.8231558204 -0.1451872736 0.5489400029 -0.0775785223 0.9864486456 0.1445705891 -0.5624909401 0.0764181688 -0.8232643604
-210.6 -466.1 2329.9 -0.8177132010 -0.2757479548 0.5052803159 -0.0965474173 0.9310590029 0.3518631458 -0.5674713850 0.2389396280 -0.7879620194
26.1 -230.6 2622.3 0 0 0 0 0 0 0 0 0
-405.2 -234.8 2339.4 0 0 0 0 0 0 0 0 0
-286.9 -840.4 2609.5 0 0 0 0 0 0 0 0 0
-125.6 -752.9 2256.3 0 0 0 0 0 0 0 0 0
-168.3 505.8 2528.3 93 -0.8074042201 0.0599383041 0.5869461894 0.1493778974 0.9831804037 0.1050831974 -0.5707755089 0.1725214124 -0.8027774692
-180.2 310.7 2494.0 -0.8074042201 0.0599383041 0.5869461894 0.1493778974 0.9831804037 0.1050831974 -0.5707755089 0.1725214124 -0.8027774692
-195.6 114.5 2466.2 -0.8077588677 0.0773814544 0.5844122767 0.1442890465 0.9871461391 0.0687253848 -0.5715822577 0.1398378313 -0.8085413575
-66.6 290.4 2574.4 -0.2207403481 0.9561588764 0.1924418062 0.9626502991 0.1818717718 0.2005668432 0.1567740440 0.2295273542 -0.9605931044
-4.4 19.0 2530.2 -0.0777323246 0.9561588764 0.2823434770 0.9132804871 0.1818717718 -0.3644741774 -0.3998455405 0.2295273542 -0.8873785734
-293.7 330.9 2413.7 -0.1796895564 -0.9818760157 0.0602594949 -0.9496151805 0.1891240329 0.2499261796 -0.2567930222 -0.0123142079 -0.9663879871
-348.5 41.4 2335.4 -0.2072806060 -0.9782757759 -0.0033550640 -0.9749045372 0.2068485916 -0.0823090076 0.0812148973 -0.0137901930 -0.9966012239
-136.9 -95.0 2490.8 -0.9674015641 0.2220497280 0.1217708737 0.1651069224 0.9176064730 -0.3615771830 -0.1920258552 -0.3296850920 -0.9243558645
-226.1 -463.5 2623.3 -0.9665302634 0.1656100154 0.1959402114 0.1703755260 0.9853498936 0.0076007089 -0.1918109208 0.0407297313 -0.9805864096
-276.1 -72.9 2374.5 -0.8380303383 -0.1558817774 0.5228824615 -0.0852713734 0.9839624763 0.1566735208 -0.5389192700 0.0867102519 -0.8378826380
-214.1 -464.0 2340.0 -0.8346503377 -0.2762804627 0.4764744341 -0.0968150795 0.9252142310 0.3668861687 -0.5422044396 0.2600917518 -0.7989785075
16.6 -227.4 2638.1 0 0 0 0 0 0 0 0 0
-406.9 -233.0 2358.3 0 0 0 0 0 0 0 0 0
-289.4 -840.1 2607.7 0 0 0 0 0 0 0 0 0
-127.8 -753.1 2258.8 0 0 0 0 0 0 0 0 0
-161.0 510.4 2537.5 94 -0.8363234997 0.0789327994 0.5425242782 0.1476551443 0.9854446650 0.0842424408 -0.5279781818 0.1505604386 -0.8358053565
-176.7 314.7 2507.6 -0.8363234997 0.0789327994 0.5425242782 0.1476551443 0.9854446650 0.0842424408 -0.5279781818 0.1505604386 -0.8358053565
-194.2 118.3 2482.4 -0.8367294669 0.0882480517 0.5404591560 0.1428634226 0.9879302382 0.0598659962 -0.5286528468 0.1273034960 -0.8392377496
-59.1 294.5 2581.9 -0.1866794080 0.9658207297 0.1798363626 0.9729621410 0.1564175487 0.1699360311 0.1359981745 0.2066975236 -0.9689069390
-7.2 23.7 2544.0 -0.0565199628 0.9658207297 0.2529739141 0.9053035378 0.1564175487 -0.3949165344 -0.4209881425 0.2066975236 -0.8832015991
-294.2 334.8 2433.4 -0.1879345179 -0.9820929766 0.0131920008 -0.9473805428 0.1848028749 0.2613770366 -0.2591344714 0.0366239250 -0.9651466012
-352.1 43.1 2353.6 -0.1983493268 -0.9790037274 -0.0470030122 -0.9782662988 0.2007011622 -0.0520969853 0.0604366995 0.0356480628 -0.9975352883
-135.0 -91.2 2505.5 -0.9758164287 0.2068033367 0.0708146319 0.1669469923 0.9142009616 -0.3692767024 -0.1411064565 -0.3485239744 -0.9266175032
-218.1 -458.3 2645.5 -0.9749259353 0.1705667526 0.1429207921 0.1721710861 0.9850663543 -0.0011580035 -0.1409839839 0.0234778617 -0.9897334576
-285.0 -68.5 2386.1 -0.8634190559 -0.1631567478 0.4773755074 -0.1027531922 0.9832980037 0.1502226889 -0.4939122200 0.0806532800 -0.8657631278
-220.1 -459.4 2354.0 -0.8610183597 -0.2841458917 0.4217919707 -0.1105819494 0.9141191244 0.3900741041 -0.4964060783 0.2892183959 -0.8184947968
8.1 -220.5 2657.6 0 0 0 0 0 0 0 0 0
-408.0 -232.6 2370.6 0 0 0 0 0 0 0 0 0
-283.3 -834.8 2636.5 0 0 0 0 0 0 0 0 0
-128.1 -755.4 2260.4 0 0 0 0 0 0 0 0 0
-159.0 509.9 2543.2 95 -0.8560376167 0.1012761667 0.5068951845 0.1500594318 0.9870781898 0.0562030002 -0.4946531355 0.1241762862 -0.8601735234
-179.2 313.4 2518.4 -0.8560376167 0.1012761667 0.5068951845 0.1500594318 0.9870781898 0.0562030002 -0.4946531355 0.1241762862 -0.8601735234
-200.9 117.0 2498.0 -0.8563489318 0.1100144312 0.5045426488 0.1471485198 0.9885227680 0.0342066400 -0.4949886799 0.1035355255 -0.8627088666
-58.9 292.6 2588.0 -0.1792722940 0.9682165384 0.1744079590 0.9773383737 0.1549896449 0.1441801041 0.1125661358 0.1963030845 -0.9740605354
-10.1 26.9 2557.4 -0.0531651862 0.9682165384 0.2443975359 0.8944550157 0.1549896449 -0.4194382429 -0.4439861476 0.1963030845 -0.8742662072
-299.5 334.2 2448.9 -0.1766289622 -0.9841271639 -0.0172025412 -0.9466888905 0.1650739163 0.2766419947 -0.2694112062 0.0651484430 -0.9608190656
-352.8 48.8 2367.7 -0.2172738463 -0.9730469584 -0.0772769228 -0.9725322127 0.2225706279 -0.0681426898 0.0835056081 0.0603486747 -0.9946782589
-144.2 -93.0 2522.8 -0.9781974554 0.2062311321 0.0244644601 0.1807706803 0.9035245776 -0.3885425627 -0.1022338122 -0.3756488860 -0.9211059213
-227.0 -455.8 2673.7 -0.9772115946 0.1873908788 0.0997102633 0.1860137731 0.9822775126 -0.0230169501 -0.1022563204 -0.0039449492 -0.9947502613
-288.3 -64.9 2408.7 -0.8856423497 -0.1639951468 0.4344459176 -0.0967931971 0.9802084565 0.1726918668 -0.4541682005 0.1108918190 -0.8839877248
-223.1 -454.5 2364.7 -0.8792803884 -0.2814017236 0.3842903972 -0.1181937382 0.9104889035 0.3962829113 -0.4614068270 0.3030230701 -0.8338349462
4.2 -214.5 2677.2 0 0 0 0 0 0 0 0 0
-414.1 -225.6 2391.2 0 0 0 0 0 0 0 0 0
-298.6 -831.1 2675.2 0 0 0 0 0 0 0 0 0
-129.7 -756.8 2264.0 0 0 0 0 0 0 0 0 0
-158.3 507.3 2571.5 96 -0.8590065241 0.1071200222 0.5006326437 0.1756334305 0.9801819921 0.0916303471 -0.4808956981 0.1666388959 -0.8607966304
-179.5 312.7 2538.4 -0.8590065241 0.1071200222 0.5006326437 0.1756334305 0.9801819921 0.0916303471 -0.4808956981 0.1666388959 -0.8607966304
-203.2 117.3 2511.8 -0.8596861959 0.1191452742 0.4967334270 0.1697342247 0.9837942719 0.0577849597 -0.4817987084 0.1339895874 -0.8659773469
-58.7 288.8 2606.1 -0.1754834503 0.9715165496 0.1592519134 0.9757357836 0.1501188129 0.1593862772 0.1309396923 0.1833574474 -0.9742868543
-12.3 30.8 2571.5 -0.0492153764 0.9715165496 0.2318047881 0.8846995831 0.1501188129 -0.4413286448 -0.4635563195 0.1833574474 -0.8668884635
-300.4 336.6 2470.7 -0.1810664386 -0.9830431342 -0.0290030930 -0.9452150464 0.1658022851 0.2812083960 -0.2716312110 0.0783315599 -0.9592083693
-355.0 51.8 2388.9 -0.2300921381 -0.9688338637 -0.0917524770 -0.9685882926 0.2371258736 -0.0748866424 0.0943095982 0.0716395453 -0.9929619431
-148.0 -93.7 2529.4 -0.9774415493 0.2108292282 0.0126130320 0.1923418045 0.9132207036 -0.3592110276 -0.0872506648 -0.3486817479 -0.9331711531
-232.7 -460.4 2669.4 -0.9764099717 0.1960524023 0.0904824212 0.1975719184 0.9802551866 0.0080656447 -0.0871145725 0.0257521607 -0.9958654046
-301.1 -65.9 2432.2 -0.8858693242 -0.1816129386 0.4269101322 -0.1026634499 0.9741204977 0.2013690174 -0.4524331093 0.1345585734 -0.8815884590
-228.9 -452.9 2378.7 -0.8807584047 -0.2913645506 0.3733246326 -0.1188965812 0.8991276622 0.4212279618 -0.4583974183 0.3266130686 -0.8265565634
1.0 -208.0 2696.6 0 0 0 0 0 0 0 0 0
-419.7 -220.8 2415.4 0 0 0 0 0 0 0 0 0
-307.6 -834.8 2659.6 0 0 0 0 0 0 0 0 0
-130.4 -757.0 2268.2 0 0 0 0 0 0 0 0 0
-159.1 514.6 2595.1 97 -0.8560848832 0.1021003202 0.5066499710 0.1834502071 0.9764903784 0.1131924763 -0.4831818342 0.1898474097 -0.8546890020
-179.5 320.3 2557.4 -0.8560848832 0.1021003202 0.5066499710 0.1834502071 0.9764903784 0.1131924763 -0.4831818342 0.1898474097 -0.8546890020
-203.5 125.5 2526.5 -0.8562053442 0.1211028397 0.5022414327 0.1823940277 0.9803957939 0.0745418742 -0.4833681881 0.1554289907 -0.8615085483
-59.0 294.6 2625.3 -0.1706411242 0.9679960608 0.1840250492 0.9744492173 0.1381041259 0.1771327704 0.1460492164 0.2095491886 -0.9668292403
-12.8 30.9 2585.8 -0.0350644849 0.9679960608 0.2485037148 0.9012078047 0.1381041259 -0.4107941091 -0.4319664538 0.2095491886 -0.8772081137
-299.9 346.0 2489.4 -0.1905822158 -0.9812821150 -0.0276372842 -0.9454175234 0.1758907735 0.2743140459 -0.2643183172 0.0784081519 -0.9612429142
-358.6 54.7 2408.0 -0.2348082662 -0.9670658112 -0.0982283056 -0.9636455774 0.2448417842 -0.1069566384 0.1274845004 0.0695429668 -0.9893995523
-149.0 -86.0 2540.0 -0.9763187170 0.2156398147 0.0173559431 0.1970993727 0.9197049737 -0.3395505250 -0.0891829580 -0.3280886710 -0.9404276609
-235.6 -455.3 2671.7 -0.9752739072 0.1987142265 0.0967133790 0.2023173422 0.9788935781 0.0288971290 -0.0889298320 0.0477494076 -0.9948927164
-305.6 -62.5 2441.2 -0.8814266324 -0.1687650383 0.4411410689 -0.1012082025 0.9797772169 0.1726081222 -0.4613501728 0.1074942946 -0.8806821108
-238.6 -451.8 2398.5 -0.8764546514 -0.3068026006 0.3710786998 -0.1158723012 0.8824480772 0.4559155405 -0.4673337638 0.3565915525 -0.8089756370
-3.4 -212.3 2702.3 0 0 0 0 0 0 0 0 0
-425.7 -220.5 2444.4 0 0 0 0 0 0 0 0 0
-311.5 -829.3 2653.5 0 0 0 0 0 0 0 0 0
-133.2 -754.8 2276.0 0 0 0 0 0 0 0 0 0
-148.5 514.2 2598.5 98 -0.8321841359 0.1513257325 0.5334511399 0.2135563344 0.9752965569 0.0564826205 -0.5117257833 0.1609258056 -0.8439428806
-178.6 320.4 2566.5 -0.8321841359 0.1513257325 0.5334511399 0.2135563344 0.9752965569 0.0564826205 -0.5117257833 0.1609258056 -0.8439428806
-209.9 126.3 2538.7 -0.8331752419 0.1573738009 0.5301437974 0.2072860897 0.9776338935 0.0355595686 -0.5126904249 0.1395187974 -0.8471617699
-61.5 291.4 2638.6 -0.1849089116 0.9315509796 0.3130837977 0.9720614552 0.1264970452 0.1977246255 0.1445863992 0.3408977389 -0.9289152622
-12.2 32.3 2600.1 0.0002461749 0.9315509796 0.3636106551 0.9373152256 0.1264970452 -0.3247132301 -0.3484826088 0.3408977389 -0.8731257915
-295.7 349.5 2494.4 -0.2245096713 -0.9744648337 0.0036958393 -0.9507353306 0.2198714167 0.2185380012 -0.2137702107 0.0455501303 -0.9758214355
-365.3 54.6 2428.1 -0.2297218144 -0.9697889090 -0.0820815638 -0.9574145079 0.2403322011 -0.1599933207 0.1748865843 0.0418321230 -0.9836995006
-164.8 -86.8 2557.8 -0.9641003609 0.2637212873 0.0310084317 0.2354475260 0.9029958844 -0.3593924344 -0.1227799281 -0.3391895294 -0.9326711893
-270.6 -449.0 2693.9 -0.9628041387 0.2382669151 0.1274245530 0.2407905906 0.9705663919 0.0045542461 -0.1225888580 0.0350674801 -0.9918377995
-306.1 -52.5 2451.4 -0.8695998788 -0.1337195188 0.4753053486 -0.0840733573 0.9886727333 0.1243298873 -0.4865467548 0.0681567416 -0.8709918857
-253.0 -444.9 2424.3 -0.8633528948 -0.3273497522 0.3840103447 -0.1008935124 0.8576379418 0.5042595267 -0.4944110811 0.3966097832 -0.7734716535
-12.3 -219.6 2693.7 0 0 0 0 0 0 0 0 0
-431.8 -222.3 2478.7 0 0 0 0 0 0 0 0 0
-361.6 -819.6 2680.5 0 0 0 0 0 0 0 0 0
-135.4 -753.0 2281.8 0 0 0 0 0 0 0 0 0
-153.3 508.6 2610.6 99 -0.8482900858 0.1458995491 0.5090356469 0.2158524692 0.9730764627 0.0808078870 -0.4835407734 0.1784251332 -0.8569438457
-182.3 315.5 2575.2 -0.8482900858 0.1458995491 0.5090356469 0.2158524692 0.9730764627 0.0808078870 -0.4835407734 0.1784251332 -0.8569438457
-213.6 121.7 2544.7 -0.8487191796 0.1574591696 0.5048587322 0.2130960077 0.9755390882 0.0539776720 -0.4840101600 0.1533952653 -0.8615126610
-63.0 285.6 2643.3 -0.1912938952 0.9361310005 0.2950683832 0.9753841162 0.1477063149 0.1637334675 0.1096925214 0.3191262484 -0.9413426518
-12.7 29.1 2614.4 0.0466654636 0.9371517897 0.3457872570 0.9745686650 0.0332403332 -0.2216100842 -0.2191763669 0.3473349512 -0.9117676020
-301.6 345.4 2507.2 -0.2307738364 -0.9724265337 -0.0336171500 -0.9539242387 0.2193036377 0.2047789693 -0.1917601377 0.0793258473 -0.9782307744
-371.8 55.3 2448.8 -0.2158980370 -0.9683750868 -0.1250510961 -0.9497671127 0.2379932702 -0.2032279819 0.2265622169 0.0748929009 -0.9711130857
-167.2 -91.6 2558.5 -0.9682144523 0.2500710487 0.0050199102 0.2333710343 0.9104132056 -0.3415930271 -0.0899927244 -0.3295638263 -0.9398345351
-267.6 -457.0 2690.8 -0.9669424891 0.2353452295 0.0981572419 0.2386811972 0.9708114862 0.0235859323 -0.0897413418 0.0462345257 -0.9948914051
-317.5 -48.9 2463.8 -0.9411917329 -0.1564965248 0.2994443178 -0.1669619232 0.9859173894 -0.0095193991 -0.2937376201 -0.0589553788 -0.9540662766
-255.9 -437.3 2487.0 -0.9411917329 -0.3006048203 0.1542556733 -0.1669619232 0.8107064962 0.5611404777 -0.2937376201 0.5023859739 -0.8132198453
-25.1 -230.7 2672.9 0 0 0 0 0 0 0 0 0
-434.8 -221.7 2514.9 0 0 0 0 0 0 0 0 0
-357.5 -827.9 2673.1 0 0 0 0 0 0 0 0 0
-140.0 -749.6 2293.5 0 0 0 0 0 0 0 0 0
-146.6 508.9 2614.2 00 -0.8479042053 0.1772936583 0.4996252656 0.2232488543 0.9741967916 0.0331743397 -0.4808517396 0.1396694332 -0.8656061888
-181.9 315.3 2586.4 -0.8479042053 0.1772936583 0.4996252656 0.2232488543 0.9741967916 0.0331743397 -0.4808517396 0.1396694332 -0.8656061888
-218.1 121.5 2562.5 -0.8488432765 0.1823372245 0.4962038696 0.2181571722 0.9758040905 0.0146226790 -0.4815315008 0.1206627935 -0.8680828810
-62.5 284.6 2654.2 -0.1810151935 0.9406148791 0.2871884108 0.9800490141 0.1481500715 0.1324970275 0.0820816830 0.3054427207 -0.9486660957
-14.1 22.7 2632.2 0.0680380166 0.9426409602 0.3268009722 0.9882628918 -0.0187714472 -0.1516051590 -0.1367747039 0.3332801759 -0.9328542352
-301.3 345.9 2518.7 -0.2493337393 -0.9674699903 -0.0428312458 -0.9570931196 0.2394329458 0.1632317454 -0.1476666033 0.0816926733 -0.9856575727
-378.1 50.8 2473.2 -0.2085802406 -0.9673671722 -0.1438577324 -0.9366976023 0.2398952395 -0.2550447881 0.2812327445 0.0815538913 -0.9561679363
-176.5 -92.2 2582.6 -0.9634261727 0.2676160038 -0.0138450880 0.2534539402 0.8932305574 -0.3713493049 -0.0870121643 -0.3612767458 -0.9283900261
-283.9 -450.7 2727.6 -0.9620075226 0.2587051988 0.0872534215 0.2588095665 0.9658733010 -0.0103113232 -0.0869433433 0.0126624489 -0.9961327910
-322.8 -52.6 2469.8 -0.9497423768 -0.1493711323 0.2750957608 -0.1828988492 0.9779903889 -0.1004132479 -0.2540421784 -0.1456814259 -0.9561586976
-263.9 -438.2 2527.2 -0.9497423768 -0.2974184752 0.0976302400 -0.1828988492 0.7803476453 0.5980013609 -0.2540421784 0.5500907302 -0.7955266833
-32.3 -241.6 2668.8 0 0 0 0 0 0 0 0 0
-439.3 -223.8 2555.6 0 0 0 0 0 0 0 0 0
-382.7 -819.5 2722.8 0 0 0 0 0 0 0 0 0
-148.3 -741.4 2313.5 0 0 0 0 0 0 0 0 0
-148.1 507.9 2626.5 01 -0.8629962206 0.1713434458 0.4752672613 0.2206836492 0.9740864038 0.0495423265 -0.4544626176 0.1476385593 -0.8784455657
-182.1 314.4 2597.1 -0.8629962206 0.1713434458 0.4752672613 0.2206836492 0.9740864038 0.0495423265 -0.4544626176 0.1476385593 -0.8784455657
-217.5 120.5 2571.5 -0.8635210395 0.1780449748 0.4718382955 0.2177549452 0.9755296707 0.0304083489 -0.4548781812 0.1290033758 -0.8811605573
-60.7 283.8 2661.1 -0.1752622277 0.9476557970 0.2668926120 0.9825035334 0.1510044336 0.1090158746 0.0630075634 0.2813292742 -0.9575405121
-13.9 21.6 2644.3 0.1037833393 0.9493156075 0.2966966927 0.9926335812 -0.0801135004 -0.0908868834 -0.0625109226 0.3039436340 -0.9506369829
-303.6 344.9 2533.2 -0.2550902665 -0.9637641907 -0.0780225769 -0.9586050510 0.2415148318 0.1508210301 -0.1265123039 0.1132658124 -0.9854772687
-382.3 49.1 2494.1 -0.2081098855 -0.9593731761 -0.1905082911 -0.9084198475 0.2617826760 -0.3259497881 0.3625792563 0.1052281410 -0.9259931445
-173.8 -93.2 2587.6 -0.9673761129 0.2506814897 -0.0366374031 0.2468641996 0.9002223611 -0.3586889207 -0.0569348671 -0.3560315669 -0.9327378869
-274.4 -454.6 2730.5 -0.9660130143 0.2514933348 0.0597494282 0.2521685064 0.9676753879 0.0039189905 -0.0568324514 0.0188527200 -0.9982057214
-332.2 -52.3 2494.3 -0.9678895473 -0.1640505791 0.1904657185 -0.2178778499 0.9253870249 -0.3101420701 -0.1253755242 -0.3416815400 -0.9314154387
-268.6 -411.2 2626.8 -0.9678895473 -0.2461567521 -0.0509571694 -0.2178778499 0.7203882337 0.6584603786 -0.1253755242 0.6484193206 -0.7508883476
-41.7 -244.3 2661.1 0 0 0 0 0 0 0 0 0
-443.2 -216.7 2600.2 0 0 0 0 0 0 0 0 0
-370.5 -824.4 2723.3 0 0 0 0 0 0 0 0 0
-157.1 -737.4 2333.1 0 0 0 0 0 0 0 0 0
-150.0 505.5 2641.1 02 -0.8459810615 0.1677666456 0.5061328411 0.2222512513 0.9737718701 0.0487103313 -0.4846859574 0.1536966711 -0.8610789180
-183.2 312.6 2610.7 -0.8459810615 0.1677666456 0.5061328411 0.2222512513 0.9737718701 0.0487103313 -0.4846859574 0.1536966711 -0.8610789180
-218.4 118.7 2584.8 -0.8466526270 0.1771093309 0.5018083453 0.2184553444 0.9755451679 0.0242675133 -0.4852387309 0.1301688701 -0.8646383286
-64.1 281.8 2678.9 -0.1849456578 0.9375202656 0.2947047353 0.9796028137 0.1518937498 0.1315547973 0.0785714835 0.3130240738 -0.9464895725
-14.7 20.1 2657.9 0.1008657962 0.9396216273 0.3270126283 0.9938041568 -0.0797332898 -0.0774334669 -0.0466843657 0.3327968717 -0.9418422580
-302.2 343.3 2542.4 -0.2697331011 -0.9617421627 -0.0479178429 -0.9562608600 0.2616829276 0.1307179630 -0.1131776944 0.0810809210 -0.9902608991
-384.2 52.8 2508.1 -0.1947915405 -0.9655272365 -0.1726654619 -0.9044661522 0.2449234873 -0.3492183089 0.3794696033 0.0881453007 -0.9209957719
-176.0 -95.2 2603.4 -0.9639670253 0.2659540474 -0.0060048504 0.2498968989 0.8975659609 -0.3632173836 -0.0912093818 -0.3516301811 -0.9316850901
-282.8 -455.7 2744.6 -0.9626086354 0.2541247010 0.0938363597 0.2551224530 0.9669077396 -0.0014073356 -0.0910887420 0.0225850493 -0.9955866337
-332.1 -53.3 2504.1 -0.9705458879 -0.1592573673 0.1807698160 -0.2057177871 0.9383513331 -0.2778073847 -0.1253827363 -0.3068123758 -0.9434751272
-269.6 -421.6 2624.5 -0.9705458879 -0.2378569394 -0.0382716022 -0.2057177871 0.7355462909 0.6454857588 -0.1253827363 0.6343467236 -0.7628128529
-41.9 -247.2 2670.5 0 0 0 0 0 0 0 0 0
-441.6 -214.1 2620.0 0 0 0 0 0 0 0 0 0
-379.9 -825.2 2736.0 0 0 0 0 0 0 0 0 0
-171.0 -726.5 2361.6 0 0 0 0 0 0 0 0 0
-151.9 501.1 2658.0 03 -0.8473231196 0.1603106707 0.5063042641 0.2269276381 0.9712276459 0.0722547546 -0.4801534712 0.1761175543 -0.8593225479
-183.5 309.4 2623.2 -0.8473231196 0.1603106707 0.5063042641 0.2269276381 0.9712276459 0.0722547546 -0.4801534712 0.1761175543 -0.8593225479
-217.7 115.8 2594.1 -0.8481719494 0.1719350964 0.5010415912 0.2219575346 0.9741753340 0.0414401293 -0.4809773564 0.1463583112 -0.8644304872
-64.2 278.2 2690.9 -0.1960467696 0.9302179217 0.3102583885 0.9805940390 0.1856476068 0.0630105436 0.0010148083 0.3165905178 -0.9485617876
-10.8 10.9 2690.6 0.1294947565 0.9389640093 0.3187125623 0.9895444512 -0.1429567933 0.0191096105 0.0635053590 0.3129056394 -0.9476587772
-302.8 340.6 2555.5 -0.2755676508 -0.9598584175 -0.0522908382 -0.9541151524 0.2664783597 0.1365780532 -0.1171612218 0.0875279754 -0.9892482758
-385.6 54.0 2520.3 -0.1905407161 -0.9652200937 -0.1790096164 -0.9079298377 0.2426144928 -0.3417625427 0.3733063936 0.0974084884 -0.9225800037
-174.1 -98.2 2609.1 -0.9653595090 0.2608798444 -0.0047685388 0.2461985648 0.9046760798 -0.3477750719 -0.0864135250 -0.3369019926 -0.9375658631
-278.9 -461.6 2744.4 -0.9640293717 0.2489513308 0.0931162015 0.2514275312 0.9677489400 0.0156914480 -0.0862066969 0.0385389924 -0.9955316186
-331.2 -55.2 2514.4 -0.9771791101 -0.2000093311 0.0715351999 -0.2123933285 0.9149596691 -0.3431294560 0.0031772691 -0.3504925370 -0.9365601540
-248.7 -432.6 2659.0 -0.9771791101 -0.1549787074 -0.1452674121 -0.2123933285 0.7230956554 0.6572836041 0.0031772691 0.6731376648 -0.7395103574
-45.4 -254.1 2673.6 0 0 0 0 0 0 0 0 0
-440.6 -207.8 2628.0 0 0 0 0 0 0 0 0 0
-374.0 -831.4 2729.7 0 0 0 0 0 0 0 0 0
-187.3 -719.3 2392.1 0 0 0 0 0 0 0 0 0
-156.9 505.5 2676.4 04 -0.8436387777 0.1430485845 0.5175043344 0.2259061337 0.9689579010 0.1004341468 -0.4870729744 0.2016375512 -0.8497659564
-185.1 314.3 2636.6 -0.8436387777 0.1430485845 0.5175043344 0.2259061337 0.9689579010 0.1004341468 -0.4870729744 0.2016375512 -0.8497659564
-216.4 121.0 2602.8 -0.8442796469 0.1573906541 0.5122695565 0.2217639983 0.9728232622 0.0666007623 -0.4878653586 0.1698326021 -0.8562384248
-66.3 283.0 2705.2 -0.2683574855 0.9138184786 0.3048278987 0.9603566527 0.2289860398 0.1589985639 0.0754944831 0.3354119658 -0.9390417337
10.4 8.6 2683.6 0.2059688121 0.9112004638 0.3567779958 0.9783952832 -0.1984189004 -0.0580740012 0.0178744420 0.3610313535 -0.9323823452
-303.9 345.5 2567.9 -0.2808358371 -0.9584286213 -0.0504562594 -0.9541574717 0.2731415629 0.1223814711 -0.1035122052 0.0825123191 -0.9911997318
-387.9 60.0 2537.0 -0.1937145591 -0.9651219845 -0.1761085987 -0.9086379409 0.2441892773 -0.3387457728 0.3699348271 0.0943989679 -0.9242494702
-170.2 -92.7 2613.8 -0.9901516438 0.1325781643 0.0449755676 0.1233003214 0.9779806137 -0.1683772504 -0.0663083792 -0.1611735076 -0.9846960306
-221.5 -471.1 2676.2 -0.9899032712 0.1233441308 0.0698411092 0.1253141314 0.9918133616 0.0245486237 -0.0662414134 0.0330528393 -0.9972560406
-325.9 -50.9 2521.1 -0.9329474568 -0.0743924752 0.3522424698 -0.1546396762 0.9663656950 -0.2054844797 -0.3251085579 -0.2461768836 -0.9130724669
-296.1 -437.4 2619.6 -0.9329474568 -0.3165318370 0.1715126932 -0.1546396762 0.7825576067 0.6030672789 -0.3251085579 0.5361074209 -0.7790335417
-44.8 -253.5 2678.9 0 0 0 0 0 0 0 0 0
-441.1 -189.4 2638.5 0 0 0 0 0 0 0 0 0
-268.0 -845.1 2663.7 0 0 0 0 0 0 0 0 0
-175.9 -734.5 2416.0 0 0 0 0 0 0 0 0 0
-167.6 503.0 2686.6 05 -0.8385667205 0.1084183007 0.5339019895 0.2029628605 0.9716221690 0.1214760020 -0.5055807829 0.2102279961 -0.8367749453
-188.9 312.0 2645.3 -0.8385667205 0.1084183007 0.5339019895 0.2029628605 0.9716221690 0.1214760020 -0.5055807829 0.2102279961 -0.8367749453
-212.5 118.3 2608.5 -0.8390513062 0.1191072613 0.5308544040 0.1988162249 0.9753827453 0.0953968763 -0.5064237714 0.1855853498 -0.8420766592
-70.9 284.0 2716.5 -0.2483717501 0.9110943675 0.3289657831 0.9655837417 0.2058022171 0.1590392590 0.0771978945 0.3571448624 -0.9308533669
-1.9 15.7 2695.1 0.1244559437 0.9149962068 0.3837871850 0.9901646972 -0.0896165296 -0.1074373946 -0.0639111400 0.3933837414 -0.9171502590
