581.3 321.8 2579.6 05 0.9197996259 -0.0586538538 0.3879798055 0.0761932284 0.9966427088 -0.0299643558 -0.3849197328 0.0571226366 0.9211806655
592.9 124.7 2568.3 0.9197996259 -0.0586538538 0.3879798055 0.0761932284 0.9966427088 -0.0299643558 -0.3849197328 0.0571226366 0.9211806655
603.1 -68.7 2556.7 0.9200359583 -0.0531463884 0.3882130086 0.0719801337 0.9968221784 -0.0341225229 -0.3851658404 0.0593375713 0.9209377170
467.4 114.9 2620.8 0.6871795058 -0.5897865295 -0.4241887927 0.5890074968 0.7940992713 -0.1499217749 0.4252698421 -0.1468272060 0.8930774331
288.1 -38.9 2509.8 -0.4232423306 -0.5897865295 -0.6877628565 -0.1491107345 0.7940992713 -0.5892133713 0.8936620951 -0.1468272060 -0.4240399003
718.4 134.6 2515.8 -0.2414616942 -0.2575263083 0.9356155396 -0.8318558931 0.5514148474 -0.0629077703 -0.4997119308 -0.7934871316 -0.3473703563
639.0 -139.1 2351.3 -0.9611438513 -0.2575263083 -0.0994118527 -0.0616957434 0.5514148474 -0.8319466710 0.2690653503 -0.7934871316 -0.5458772779
524.7 -267.3 2581.8 0.8742073178 0.0388484709 -0.4839961827 -0.0679007620 0.9967806339 -0.0426365808 0.4807816446 0.0701369271 0.8740307689
509.6 -654.2 2554.6 0.8825523257 0.0251515880 -0.4695410728 0.0430572890 0.9900503755 0.1339641064 0.4682387114 -0.1384474933 0.8726882935
691.5 -257.0 2518.1 0.6059808135 0.1257015020 0.7854848504 -0.0638511628 0.9919360280 -0.1094804928 -0.7929125428 0.0161889531 0.6091203690
642.7 -641.8 2511.8 0.5898703933 -0.1863961518 0.7856904268 0.0374934040 0.9782664180 0.2039338350 -0.8066270351 -0.0908363238 0.5840390325
395.3 -1.1 2283.3 0 0 0 0 0 0 0 0 0
375.3 -156.1 2425.1 0 0 0 0 0 0 0 0 0
500.2 -1023.6 2606.3 0 0 0 0 0 0 0 0 0
712.3 -1006.9 2545.7 0 0 0 0 0 0 0 0 0
578.3 316.4 2571.8 06 0.9154665470 -0.0717495903 0.3959457278 0.0826838911 0.9965195060 -0.0105935493 -0.3938075602 0.0424363762 0.9182128310
592.4 119.5 2563.4 0.9154665470 -0.0717495903 0.3959457278 0.0826838911 0.9965195060 -0.0105935493 -0.3938075602 0.0424363762 0.9182128310
604.7 -74.0 2554.2 0.9158701897 -0.0633359924 0.3964471817 0.0767274871 0.9968897104 -0.0179933477 -0.3940744996 0.0468979664 0.9178811908
467.4 109.0 2617.2 0.6846185923 -0.5992426276 -0.4149766862 0.6015051603 0.7860211730 -0.1426965296 0.4116902947 -0.1519179195 0.8985722065
288.7 -48.0 2509.7 -0.4139979780 -0.5992426276 -0.6852108836 -0.1418368667 0.7860211730 -0.6017084718 0.8991596103 -0.1519179195 -0.4104058743
717.5 130.0 2509.6 -0.2569535375 -0.2032160163 0.9448164701 -0.8286061287 0.5494795442 -0.1071639210 -0.4973798990 -0.8104168773 -0.3095767498
633.7 -140.2 2347.4 -0.9778022766 -0.2032160163 -0.0510485470 -0.0707349032 0.5494795442 -0.8325075507 0.1972289979 -0.8104168773 -0.5516568422
531.0 -268.6 2579.6 0.8780452013 0.0534874611 -0.4755793214 -0.0750249848 0.9968320131 -0.0264042504 0.4726603925 0.0588644557 0.8792764544
510.3 -655.5 2556.7 0.8863978386 0.0294207782 -0.4619884193 0.0321862064 0.9916464686 0.1249052882 0.4618039727 -0.1255854368 0.8780463338
695.7 -255.7 2510.7 0.5976085067 0.1436996758 0.7888057232 -0.0845482647 0.9896174669 -0.1162275448 -0.7973178029 0.0027664111 0.6035533547
639.9 -639.6 2509.6 0.5774424076 -0.2027790248 0.7908482552 0.0325594582 0.9736136794 0.2258678824 -0.8157819510 -0.1046760976 0.5688081980
393.7 -12.1 2281.7 0 0 0 0 0 0 0 0 0
491.6 -150.5 2376.1 0 0 0 0 0 0 0 0 0
499.3 -1025.6 2603.6 0 0 0 0 0 0 0 0 0
715.6 -1003.0 2548.7 0 0 0 0 0 0 0 0 0
576.7 316.1 2568.4 07 0.9145760536 -0.0852780417 0.3953204453 0.0932498053 0.9956423044 -0.0009552069 -0.3935162723 0.0377371609 0.9185428023
593.6 118.2 2560.9 0.9145760536 -0.0852780417 0.3953204453 0.0932498053 0.9956423044 -0.0009552069 -0.3935162723 0.0377371609 0.9185428023
608.3 -75.1 2551.9 0.9150087833 -0.0758718699 0.3962352276 0.0879016519 0.9960536957 -0.0122612203 -0.3937412798 0.0460488535 0.9180671573
468.7 106.1 2614.6 0.6769146919 -0.6088988781 -0.4135560989 0.6102527380 0.7784077525 -0.1472171843 0.4115556777 -0.1527202874 0.8984978795
292.0 -53.1 2507.2 -0.4125484526 -0.6088988781 -0.6775292754 -0.1463090181 0.7784077525 -0.6104711294 0.8991092443 -0.1527202874 -0.4102183282
718.6 130.2 2507.1 -0.2674005330 -0.1809763014 0.9464378357 -0.8275280595 0.5463232994 -0.1293374747 -0.4936539829 -0.8177887797 -0.2958500981
631.0 -140.8 2345.5 -0.9833784103 -0.1809763014 -0.0146451602 -0.0881382525 0.5463232994 -0.8329240680 0.1587405056 -0.8177887797 -0.5531934500
535.0 -274.3 2580.4 0.8775441647 0.0659987628 -0.4749320149 -0.0853155553 0.9961688519 -0.0192074981 0.4718447924 0.0573745184 0.8798128366
509.3 -661.0 2558.1 0.8859590888 0.0275386367 -0.4629449844 0.0242586713 0.9941169024 0.1055607349 0.4631284475 -0.1047529280 0.8800789118
698.9 -260.6 2509.8 0.5979269147 0.1485936344 0.7876568437 -0.0851146728 0.9888809323 -0.1219427660 -0.7970187664 0.0058717034 0.6039260030
641.3 -644.4 2507.5 0.5770120025 -0.2043752819 0.7907514572 0.0360820778 0.9736188650 0.2253095359 -0.8159382343 -0.1014743522 0.5691640973
396.6 -16.0 2279.1 0 0 0 0 0 0 0 0 0
540.4 -148.9 2360.1 0 0 0 0 0 0 0 0 0
499.1 -1032.0 2597.2 0 0 0 0 0 0 0 0 0
717.5 -1007.8 2545.4 0 0 0 0 0 0 0 0 0
579.1 315.7 2568.2 08 0.8932951689 -0.0791952163 0.4424385726 0.0896579772 0.9959688187 -0.0027462989 -0.4404375255 0.0421214029 0.8967946172
594.8 118.0 2559.8 0.8932951689 -0.0791952163 0.4424385726 0.0896579772 0.9959688187 -0.0027462989 -0.4404375255 0.0421214029 0.8967946172
608.3 -75.3 2550.1 0.8936849236 -0.0693241283 0.4433073401 0.0844291970 0.9963254333 -0.0144002000 -0.4406800866 0.0502973236 0.8962540030
472.9 106.5 2619.9 0.6995867491 -0.6132963896 -0.3666686714 0.6077122092 0.7805937529 -0.1461481303 0.3758513927 -0.1205857471 0.9188007712
290.4 -52.0 2521.9 -0.3658845127 -0.6132963896 -0.6999971867 -0.1454670429 0.7805937529 -0.6078755856 0.9192213416 -0.1205857471 -0.3748215735
716.7 129.6 2499.7 -0.2687193751 -0.1173043251 0.9560489655 -0.8355666995 0.5221688151 -0.1707865596 -0.4791849256 -0.8447362781 -0.2383324653
629.7 -141.0 2344.5 -0.9923440218 -0.1173043251 0.0386394858 -0.0947273672 0.5221688151 -0.8475649953 0.0792467073 -0.8447362781 -0.5292830467
541.1 -276.3 2578.2 0.8990219235 0.0881790742 -0.4289335608 -0.1074094996 0.9939976335 -0.0207810793 0.4245265126 0.0647541881 0.9030969739
506.9 -662.1 2553.1 0.9124122262 0.0036737109 -0.4092558920 0.0582766123 0.9886044860 0.1387985945 0.4051021039 -0.1504915804 0.9018007517
705.0 -260.6 2507.7 0.5563795567 0.1583332121 0.8157036304 -0.0808059573 0.9873346090 -0.1365312934 -0.8269898295 0.0100495052 0.5621270537
643.5 -643.8 2503.8 0.5437295437 -0.1868590564 0.8181942701 -0.0066660307 0.9739067554 0.2268505394 -0.8392339945 -0.1287994534 0.5282962918
383.2 -15.1 2288.9 0 0 0 0 0 0 0 0 0
557.9 -147.9 2350.2 0 0 0 0 0 0 0 0 0
505.5 -1030.6 2609.2 0 0 0 0 0 0 0 0 0
713.2 -1007.2 2551.8 0 0 0 0 0 0 0 0 0
578.1 316.8 2567.6 09 0.8735425472 -0.0918422118 0.4780046344 0.0978628770 0.9951232076 0.0123574715 -0.4768084288 0.0359841324 0.8782703876
596.3 119.1 2560.4 0.8735425472 -0.0918422118 0.4780046344 0.0978628770 0.9951232076 0.0123574715 -0.4768084288 0.0359841324 0.8782703876
611.6 -74.2 2552.3 0.8743132353 -0.0785375237 0.4789657593 0.0888560638 0.9960438609 0.0011248869 -0.4771592617 0.0415755101 0.8778328300
477.1 107.0 2625.5 0.7070745826 -0.6263703108 -0.3281855285 0.6197222471 0.7724100947 -0.1390216798 0.3405728638 -0.1050851718 0.9343271255
292.7 -54.6 2536.7 -0.3271520734 -0.6263703108 -0.7075533867 -0.1381160319 0.7724100947 -0.6199246645 0.9348237514 -0.1050851718 -0.3392073512
715.6 131.2 2495.3 -0.2676514983 -0.0915559679 0.9591559768 -0.8422609568 0.5056840777 -0.1867621243 -0.4679307342 -0.8578467965 -0.2124611288
629.0 -141.2 2344.0 -0.9956860542 -0.0915559679 0.0150587410 -0.0595156513 0.5056840777 -0.8606634140 0.0711839050 -0.8578467965 -0.5089516044
541.7 -276.3 2579.8 0.9154123664 0.0873325169 -0.3929290771 -0.1050026491 0.9941905141 -0.0236571096 0.3885803223 0.0629146025 0.9192644358
507.8 -662.2 2555.3 0.9282670617 0.0086480547 -0.3718138337 0.0505687706 0.9875103831 0.1492181271 0.3684604764 -0.1573164463 0.9162359834
701.6 -261.2 2500.9 0.5245102644 0.1448044777 0.8389998078 -0.0791968182 0.9894561768 -0.1212612242 -0.8477126956 -0.0028433553 0.5304479599
645.4 -645.2 2502.0 0.5143327713 -0.1794258654 0.8386108279 -0.0184809044 0.9753223658 0.2200107425 -0.8573915362 -0.1286570281 0.4983243048
375.6 -19.6 2299.8 0 0 0 0 0 0 0 0 0
559.2 -145.3 2349.0 0 0 0 0 0 0 0 0 0
504.6 -1030.6 2614.0 0 0 0 0 0 0 0 0 0
712.4 -1009.2 2550.0 0 0 0 0 0 0 0 0 0
579.1 314.4 2574.3 10 0.8590681553 -0.0912134051 0.5036686063 0.1045495868 0.9945181012 0.0017832455 -0.5010701418 0.0511264130 0.8638951182
597.2 117.0 2564.1 0.8590681553 -0.0912134051 0.5036686063 0.1045495868 0.9945181012 0.0017832455 -0.5010701418 0.0511264130 0.8638951182
612.9 -76.3 2554.2 0.8598592877 -0.0808089003 0.5040951371 0.0953973755 0.9954342842 -0.0031509351 -0.5015389323 0.0507987142 0.8636423945
479.9 103.9 2632.6 0.7145362496 -0.6317617893 -0.3005245030 0.6198677421 0.7708705664 -0.1467056125 0.3243485093 -0.0814589858 0.9424237013
293.4 -57.8 2547.9 -0.2995385230 -0.6317617893 -0.7149501443 -0.1458503604 0.7708705664 -0.6200695634 0.9428702593 -0.0814589858 -0.3230481148
714.5 130.0 2495.7 -0.1307562441 0.0781112760 0.9883326292 -0.8748994470 0.4598042071 -0.1520889252 -0.4663193822 -0.8845782876 0.0082172444
677.1 -120.8 2362.0 -0.9733084440 0.0781112760 0.2157991529 -0.1568912566 0.4598042071 -0.8740510345 -0.1674986035 -0.8845782876 -0.4352763593
548.7 -275.5 2586.9 0.9250020385 0.0944576040 -0.3680339158 -0.1220020354 0.9911535382 -0.0522510149 0.3598426282 0.0932331830 0.9283430576
512.0 -660.1 2550.7 0.9418020844 0.0212573316 -0.3354951143 0.0427766666 0.9823077917 0.1823227555 0.3334351480 -0.1860633194 0.9242302179
705.1 -259.6 2501.5 0.4990709126 0.1485244930 0.8537380695 -0.0784284770 0.9889007211 -0.1261916459 -0.8630047441 -0.0039788028 0.5051801205
647.4 -643.5 2503.1 0.4911392927 -0.1702269614 0.8542862535 -0.0293875188 0.9769232869 0.2115591317 -0.8705852032 -0.1290103495 0.4748028815
369.4 -20.8 2308.9 0 0 0 0 0 0 0 0 0
551.9 -141.0 2340.5 0 0 0 0 0 0 0 0 0
504.1 -1026.4 2620.1 0 0 0 0 0 0 0 0 0
710.9 -1008.1 2551.2 0 0 0 0 0 0 0 0 0
579.6 313.2 2578.6 11 0.8383538723 -0.0903163105 0.5375925303 0.1108031422 0.9938252568 -0.0058289776 -0.5337466002 0.0644536838 0.8431845903
597.5 116.2 2565.8 0.8383538723 -0.0903163105 0.5375925303 0.1108031422 0.9938252568 -0.0058289776 -0.5337466002 0.0644536838 0.8431845903
613.3 -76.9 2553.8 0.8390857577 -0.0819965303 0.5377839804 0.1023569778 0.9947152734 -0.0080386978 -0.5342828035 0.0617910996 0.8430443406
483.0 102.2 2638.7 0.7246965766 -0.6370927095 -0.2625409663 0.6199771166 0.7691392303 -0.1550909281 0.3007378578 -0.0503755324 0.9523754716
293.9 -59.6 2560.3 -0.2616287768 -0.6370927095 -0.7250263691 -0.1543105990 0.7691392303 -0.6201717854 0.9527531862 -0.0503755324 -0.2995391190
712.0 130.2 2492.9 0.0308910608 0.0605098046 0.9976894855 -0.8959562778 0.4441415668 0.0008039769 -0.4430667460 -0.8939109445 0.0679341406
720.1 -106.2 2376.0 -0.9742632508 0.0605098046 0.2171396613 -0.1685373634 0.4441415668 -0.8799621463 -0.1496870965 -0.8939109445 -0.4225126803
551.6 -278.0 2589.2 0.9388924837 0.0960424915 -0.3305400908 -0.1212726682 0.9910086393 -0.0565228164 0.3221395016 0.0931543261 0.9420979023
514.3 -662.6 2553.1 0.9529639482 0.0376188904 -0.3007398844 0.0135404533 0.9859920740 0.1662416309 0.3027809858 -0.1624944508 0.9391055703
705.5 -260.9 2499.5 0.4651477933 0.1615597755 0.8703654408 -0.0682751983 0.9868236184 -0.1466889083 -0.8825961947 0.0088076489 0.4700493515
642.8 -644.0 2496.1 0.4640480280 -0.1989664286 0.8631753922 -0.0629096851 0.9645844698 0.2561623454 -0.8835732937 -0.1731737256 0.4350965917
360.2 -20.4 2318.8 0 0 0 0 0 0 0 0 0
533.8 -138.4 2347.4 0 0 0 0 0 0 0 0 0
500.3 -1030.4 2613.7 0 0 0 0 0 0 0 0 0
716.9 -1003.5 2560.6 0 0 0 0 0 0 0 0 0
581.8 312.0 2580.8 12 0.8238438964 -0.0872304291 0.5600643158 0.1098694429 0.9939227104 -0.0068116640 -0.5560664535 0.0671457052 0.8284211159
599.0 115.7 2567.5 0.8238438964 -0.0872304291 0.5600643158 0.1098694429 0.9939227104 -0.0068116640 -0.5560664535 0.0671457052 0.8284211159
613.8 -77.4 2555.4 0.8247862458 -0.0764852539 0.5602478385 0.0984207466 0.9951038361 -0.0090411883 -0.5568132401 0.0625970587 0.8282756805
486.4 102.3 2643.5 0.7350207567 -0.6351366639 -0.2373729944 0.6174088120 0.7716429830 -0.1528837830 0.2802692950 -0.0341834128 0.9593125582
294.7 -58.8 2570.4 -0.2364561558 -0.6351366639 -0.7353162169 -0.1521136910 0.7716429830 -0.6175989509 0.9596613646 -0.0341834128 -0.2790727019
711.6 129.2 2491.5 0.1266244650 0.0709024966 0.9894134998 -0.9005635381 0.4263937473 0.0846976414 -0.4158744514 -0.9017544985 0.1178440824
743.1 -95.1 2388.0 -0.9748816490 0.0709024966 0.2111364752 -0.1617333442 0.4263937473 -0.8899610639 -0.1531277299 -0.9017544985 -0.4042161405
554.1 -279.1 2589.6 0.9463346004 0.1061325446 -0.3052650392 -0.1284573078 0.9902470112 -0.0539405569 0.2965629697 0.0902593434 0.9507384896
512.9 -663.5 2554.6 0.9603586793 0.0268324483 -0.2774730325 0.0150026139 0.9889395237 0.1475586891 0.2783634067 -0.1458720863 0.9493340850
704.3 -260.8 2494.0 0.4421376288 0.1454812884 0.8850703239 -0.0636992753 0.9893599153 -0.1308026016 -0.8946824670 0.0014544145 0.4467003047
647.8 -644.8 2493.5 0.4456420541 -0.1726722568 0.8784005046 -0.0828928798 0.9690466523 0.2325454354 -0.8913651705 -0.1764451712 0.4175346494
354.6 -20.3 2327.0 0 0 0 0 0 0 0 0 0
527.1 -131.0 2354.0 0 0 0 0 0 0 0 0 0
502.9 -1032.5 2609.0 0 0 0 0 0 0 0 0 0
712.2 -1006.1 2559.3 0 0 0 0 0 0 0 0 0
581.2 309.5 2572.4 13 0.8018637300 -0.0978062823 0.5894476175 0.1084836870 0.9939468503 0.0173469372 -0.5875762701 0.0500355698 0.8076203465
600.5 113.3 2562.5 0.8018637300 -0.0978062823 0.5894476175 0.1084836870 0.9939468503 0.0173469372 -0.5875762701 0.0500355698 0.8076203465
616.7 -79.9 2553.8 0.8032127619 -0.0833215714 0.5898362398 0.0936662108 0.9955177307 0.0130785601 -0.5882821679 0.0447428599 0.8074169755
490.9 100.5 2642.8 0.7389647365 -0.6429408789 -0.2013904750 0.6292873621 0.7654299736 -0.1345896274 0.2406834811 -0.0272754896 0.9702203274
298.1 -63.6 2580.0 -0.2003349364 -0.6429408789 -0.7392516136 -0.1336907893 0.7654299736 -0.6294789314 0.9705630541 -0.0272754896 -0.2392976433
710.1 126.0 2482.2 0.1848672926 0.0721470341 0.9801116586 -0.9065721631 0.3975407183 0.1417329907 -0.3794086874 -0.9147437811 0.1388987750
753.9 -88.8 2392.3 -0.9785340428 0.0721470341 0.1930438727 -0.1492970884 0.3975407183 -0.9053572416 -0.1420616359 -0.9147437811 -0.3782357872
554.8 -279.4 2593.1 0.9564415216 0.1017008871 -0.2736358047 -0.1252177209 0.9896674156 -0.0698497146 0.2637046576 0.1010712162 0.9592937231
515.4 -663.6 2553.8 0.9693328738 0.0339832343 -0.2433903962 0.0047275363 0.9876309037 0.1567253619 0.2457059175 -0.1530696899 0.9571824670
702.5 -261.8 2493.4 0.4139717817 0.1354377419 0.9001577497 -0.0506992266 0.9907650352 -0.1257545501 -0.9088767767 0.0064215306 0.4170153737
649.9 -646.3 2490.9 0.4260026217 -0.1677617133 0.8890319467 -0.1147670522 0.9646986723 0.2370337397 -0.8974131346 -0.2030085772 0.3917106390
348.9 -29.7 2334.0 0 0 0 0 0 0 0 0 0
521.7 -124.2 2358.6 0 0 0 0 0 0 0 0 0
502.7 -1032.1 2611.0 0 0 0 0 0 0 0 0 0
712.5 -1006.1 2566.6 0 0 0 0 0 0 0 0 0
585.3 306.6 2578.2 14 0.7671599388 -0.0833403468 0.6360188723 0.1073508710 0.9942209125 0.0007915304 -0.6324092150 0.0676699504 0.7716730833
601.8 110.4 2564.8 0.7671599388 -0.0833403468 0.6360188723 0.1073508710 0.9942209125 0.0007915304 -0.6324092150 0.0676699504 0.7716730833
615.7 -82.9 2553.5 0.7683060765 -0.0719551593 0.6360253692 0.0926649421 0.9956970811 0.0007083194 -0.6333395839 0.0583930463 0.7716678381
497.0 97.7 2651.2 0.7568497062 -0.6372908354 -0.1450477242 0.6214811802 0.7704260349 -0.1421436816 0.2023354173 0.0174369756 0.9791610241
299.7 -64.4 2598.4 -0.1445239782 -0.6372908354 -0.7569499016 -0.1417136043 0.7704260349 -0.6215794086 0.9793007970 0.0174369756 -0.2016578317
706.5 123.0 2478.5 0.2030674368 0.0418566391 0.9782696962 -0.9057947993 0.3874825239 0.1714442372 -0.3718863428 -0.9209263325 0.1165986061
754.4 -90.8 2390.7 -0.9892174602 0.0418566391 0.1403453648 -0.1134025827 0.3874825239 -0.9148755074 -0.0926749855 -0.9209263325 -0.3785578310
561.0 -281.5 2597.7 0.9688658118 0.1171739176 -0.2181037962 -0.1372397542 0.9873666763 -0.0791975632 0.2060685456 0.1066643223 0.9727067947
515.6 -664.7 2556.3 0.9819287658 0.0215987395 -0.1880143285 0.0038014865 0.9910145998 0.1336996853 0.1892126799 -0.1319983006 0.9730236530
704.8 -264.8 2492.4 0.3588269353 0.1293279082 0.9244011641 -0.0525047854 0.9915832877 -0.1183460951 -0.9319261909 -0.0060697207 0.3625971377
654.6 -649.7 2494.8 0.3658325672 -0.1452394724 0.9192779660 -0.0971425772 0.9763935804 0.1929218471 -0.9255970120 -0.1598781347 0.3430876434
336.3 -28.5 2350.4 0 0 0 0 0 0 0 0 0
512.8 -118.5 2368.1 0 0 0 0 0 0 0 0 0
507.5 -1034.5 2605.6 0 0 0 0 0 0 0 0 0
708.7 -1013.5 2554.4 0 0 0 0 0 0 0 0 0
583.3 308.4 2571.6 15 0.7462955117 -0.0931570604 0.6590635777 0.1013404652 0.9945167303 0.0258189365 -0.6578549147 0.0475212522 0.7516439557
601.8 110.9 2562.1 0.7462955117 -0.0931570604 0.6590635777 0.1013404652 0.9945167303 0.0258189365 -0.6578549147 0.0475212522 0.7516439557
616.8 -82.4 2553.8 0.7475882173 -0.0771427676 0.6596671939 0.0862300843 0.9960985780 0.0187627953 -0.6585409641 0.0428563133 0.7513235807
499.8 99.2 2652.0 0.7585799694 -0.6415539980 -0.1138633043 0.6296250224 0.7667211294 -0.1253437251 0.1677161604 0.0233920477 0.9855577350
302.0 -65.0 2608.2 -0.1130176634 -0.6415539980 -0.7587064505 -0.1246418133 0.7667211294 -0.6297643781 0.9857441187 0.0233920477 -0.1666174829
703.8 122.7 2472.3 0.2062016279 0.0338449702 0.9779240489 -0.9132431746 0.3655386269 0.1799123138 -0.3513799012 -0.9301806688 0.1062833518
752.6 -93.4 2389.2 -0.9937437773 0.0338449702 0.1064322293 -0.0868063867 0.3655386269 -0.9267395139 -0.0702705681 -0.9301806688 -0.3603137732
560.9 -284.4 2598.9 0.9740020037 0.1222855151 -0.1906996071 -0.1417984515 0.9855893850 -0.0922323614 0.1766728312 0.1168754101 0.9773058891
513.4 -667.0 2553.5 0.9877407551 0.0047825435 -0.1560300440 0.0181946363 0.9891908765 0.1455003917 0.1550393552 -0.1465555727 0.9769771099
698.3 -267.8 2485.6 0.3294002712 0.0987615287 0.9390109777 -0.0729713514 0.9942027926 -0.0789684132 -0.9413663745 -0.0425086804 0.3346974254
660.0 -653.3 2502.1 0.3304013610 -0.1296521574 0.9348931909 -0.0804908350 0.9830412865 0.1647757292 -0.9404021502 -0.1296924651 0.3143623769
330.7 -33.4 2358.5 0 0 0 0 0 0 0 0 0
505.4 -115.0 2371.7 0 0 0 0 0 0 0 0 0
511.7 -1036.1 2608.2 0 0 0 0 0 0 0 0 0
708.3 -1019.8 2550.5 0 0 0 0 0 0 0 0 0
582.0 306.8 2559.8 16 0.7399223447 -0.1129298583 0.6631453633 0.0974743441 0.9934028387 0.0604111925 -0.6655927300 0.0199400708 0.7460487485
604.4 110.1 2555.8 0.7399223447 -0.1129298583 0.6631453633 0.0974743441 0.9934028387 0.0604111925 -0.6655927300 0.0199400708 0.7460487485
622.6 -83.0 2553.0 0.7417756915 -0.0938159227 0.6640537381 0.0796449780 0.9954831004 0.0516727120 -0.6659020185 0.0145589849 0.7458971739
503.1 99.3 2646.7 0.7491303682 -0.6539590955 -0.1055516154 0.6465476155 0.7565104961 -0.0983261690 0.1441522092 0.0054149735 0.9895406961
307.7 -69.3 2609.1 -0.1047998592 -0.6539590955 -0.7492359281 -0.0976773500 0.7565104961 -0.6466459632 0.9896848798 0.0054149735 -0.1431591958
705.7 121.0 2464.9 0.1909345686 0.0114859380 0.9815355539 -0.9211322069 0.3476344347 0.1751164943 -0.3392041922 -0.9375597835 0.0769554973
750.4 -94.7 2385.5 -0.9964152575 0.0114859380 0.0838137120 -0.0746116191 0.3476344347 -0.9346568584 -0.0398719460 -0.9375597835 -0.3455312848
564.9 -283.4 2604.4 0.9706810117 0.1482550651 -0.1892058700 -0.1720727384 0.9781944156 -0.1163043380 0.1678374112 0.1454515904 0.9750253558
507.4 -662.8 2548.0 0.9895458221 -0.0057035261 -0.1441060901 0.0264204256 0.9894764423 0.1422612965 0.1417781860 -0.1445814073 0.9792829752
698.7 -268.0 2486.6 0.3261664510 0.0947829112 0.9405485988 -0.0765479580 0.9943414330 -0.0736582875 -0.9422079921 -0.0479722172 0.3315762281
661.9 -653.8 2505.2 0.3237160742 -0.1169602796 0.9388973117 -0.0552177019 0.9883033633 0.1421530247 -0.9445416331 -0.0978609771 0.3134714067
334.3 -44.6 2358.2 0 0 0 0 0 0 0 0 0
500.7 -113.4 2375.5 0 0 0 0 0 0 0 0 0
509.5 -1032.1 2602.0 0 0 0 0 0 0 0 0 0
705.5 -1022.2 2541.7 0 0 0 0 0 0 0 0 0
582.0 304.4 2552.4 17 0.7112943530 -0.1373237669 0.6893493533 0.1043946147 0.9904919863 0.0895957723 -0.6950986385 0.0082353903 0.7188672423
609.2 108.2 2550.7 0.7112943530 -0.1373237669 0.6893493533 0.1043946147 0.9904919863 0.0895957723 -0.6950986385 0.0082353903 0.7188672423
632.3 -84.4 2550.2 0.7135488391 -0.1186836883 0.6904796958 0.0869278088 0.9929293394 0.0808384046 -0.6951917410 0.0023397342 0.7188205123
511.9 96.5 2645.6 0.7370689511 -0.6726235747 -0.0656266138 0.6675854325 0.7397603393 -0.0841685012 0.1051616818 0.0182266217 0.9942880869
319.7 -77.6 2618.2 -0.0644453913 -0.6726235747 -0.7371731997 -0.0830985978 0.7397603393 -0.6677194834 0.9944553375 0.0182266217 -0.1035682186
706.6 120.0 2455.9 0.1699441373 -0.0084614931 0.9854173660 -0.9314984679 0.3249606788 0.1634356678 -0.3216047883 -0.9456896782 0.0473432951
746.7 -99.9 2380.0 -0.9954832792 -0.0084614931 0.0945594981 -0.0921677724 0.3249606788 -0.9412255883 -0.0227639433 -0.9456896782 -0.3242727816
574.5 -283.2 2609.8 0.9686952233 0.1925584823 -0.1566870809 -0.2163200527 0.9643866420 -0.1521974057 0.1218000352 0.1813274473 0.9758509398
499.9 -656.8 2539.5 0.9958888888 -0.0199993588 -0.0883478522 0.0338444076 0.9868405461 0.1581146717 0.0840230510 -0.1604547203 0.9834604263
707.3 -269.0 2490.6 0.2937252820 0.1133116707 0.9491500854 -0.0635375753 0.9930676222 -0.0988922194 -0.9537758827 -0.0312595516 0.2988885939
663.3 -654.3 2502.7 0.2930520475 -0.1282051206 0.9474618435 -0.0583254062 0.9867260456 0.1515582949 -0.9543157816 -0.0996755660 0.2816844583
336.1 -56.5 2366.1 0 0 0 0 0 0 0 0 0
495.0 -123.2 2374.2 0 0 0 0 0 0 0 0 0
507.3 -1025.1 2599.4 0 0 0 0 0 0 0 0 0
711.1 -1022.4 2539.9 0 0 0 0 0 0 0 0 0
586.5 301.1 2558.2 18 0.6879639030 -0.1362775117 0.7128353119 0.1127751023 0.9903548360 0.0804924965 -0.7169291973 0.0250141397 0.6966970563
613.4 105.3 2553.2 0.6879639030 -0.1362775117 0.7128353119 0.1127751023 0.9903548360 0.0804924965 -0.7169291973 0.0250141397 0.6966970563
637.3 -87.2 2550.2 0.6900783181 -0.1229261979 0.7132188082 0.0966015458 0.9922966957 0.0775591284 -0.7172586918 0.0153761609 0.6966373324
519.3 92.2 2651.1 0.7371169329 -0.6749809980 -0.0325464942 0.6701136827 0.7363198400 -0.0937057212 0.0872142091 0.0472622216 0.9950678349
327.0 -82.6 2628.4 -0.0314011164 -0.6749809980 -0.7371665835 -0.0926643834 0.7363198400 -0.6702584624 0.9952021241 0.0472622216 -0.0856679678
707.6 118.5 2455.3 0.1466688514 -0.0286710151 0.9887700677 -0.9333782792 0.3269870579 0.1479338557 -0.3275564015 -0.9445937872 0.0211979132
742.7 -104.7 2377.0 -0.9923437238 -0.0286710151 0.1201327145 -0.1228809059 0.3269870579 -0.9370057583 -0.0124169383 -0.9445937872 -0.3280066848
591.6 -284.7 2611.8 0.8277156353 0.2523230016 0.5012184978 -0.0877897441 0.9404310584 -0.3284544945 -0.5542380810 0.2278650552 0.8005608320
494.0 -648.3 2523.7 0.8277156353 -0.0386420116 0.5598157644 -0.0877897441 0.9764245749 0.1972005069 -0.5542380810 -0.2123720199 0.8048094511
719.2 -269.3 2487.4 0.2599984705 0.1350563765 0.9561174512 -0.0755794793 0.9899789691 -0.1192870364 -0.9626466036 -0.0412484072 0.2676005065
666.8 -653.4 2503.4 0.2577831149 -0.1220894381 0.9584581852 -0.0572985783 0.9883068800 0.1413024068 -0.9645023346 -0.0913436636 0.2477732599
334.9 -59.1 2376.1 0 0 0 0 0 0 0 0 0
489.4 -136.1 2373.8 0 0 0 0 0 0 0 0 0
508.4 -1012.1 2602.9 0 0 0 0 0 0 0 0 0
712.4 -1022.2 2537.5 0 0 0 0 0 0 0 0 0
587.5 297.0 2562.1 19 0.6581515074 -0.1449947208 0.7387916446 0.1296963990 0.9884453416 0.0784517080 -0.7416302562 0.0441855118 0.6693521142
616.0 102.6 2553.4 0.6581515074 -0.1449947208 0.7387916446 0.1296963990 0.9884453416 0.0784517080 -0.7416302562 0.0441855118 0.6693521142
642.0 -89.6 2547.2 0.6605299115 -0.1339596361 0.7387523651 0.1128240451 0.9904909134 0.0787302256 -0.7422742248 0.0313453637 0.6693627238
525.9 87.2 2654.6 0.7318710089 -0.6814054251 0.0071710306 0.6782060266 0.7273294926 -0.1050159112 0.0663427114 0.0817215443 0.9944446683
335.0 -89.8 2637.3 0.0084735313 -0.6814054251 -0.7318571210 -0.1038087457 0.7273294926 -0.6783918738 0.9945611954 0.0817215443 -0.0645727962
706.1 118.0 2452.1 0.1534487158 -0.0658525899 0.9859598875 -0.9303489327 0.3266373277 0.1666099876 -0.3330230117 -0.9428528547 -0.0111438083
743.3 -107.6 2371.4 -0.9823435545 -0.0658525899 0.1751129776 -0.1870470345 0.3266373277 -0.9264563918 0.0038111154 -0.9428528547 -0.3331876099
599.4 -288.4 2611.3 0.8160046935 0.2799445391 0.5057345033 -0.0952291638 0.9280548692 -0.3600633144 -0.5701470971 0.2456526905 0.7839559913
491.0 -647.7 2516.2 0.8160046935 -0.0420026034 0.5765172243 -0.0952291638 0.9739608765 0.2057463974 -0.5701470971 -0.2227912843 0.7907568216
722.9 -271.1 2482.9 0.2191914171 0.1306037754 0.9669011235 -0.0943346173 0.9891943336 -0.1122298613 -0.9711107612 -0.0666124225 0.2291433662
672.2 -654.9 2508.8 0.2140376568 -0.1009183303 0.9715983868 -0.0405962430 0.9928706288 0.1120709702 -0.9759814739 -0.0634306520 0.2084147930
332.8 -63.4 2385.3 0 0 0 0 0 0 0 0 0
490.2 -155.8 2372.4 0 0 0 0 0 0 0 0 0
506.6 -1011.0 2599.3 0 0 0 0 0 0 0 0 0
709.8 -1025.3 2532.4 0 0 0 0 0 0 0 0 0
586.7 293.4 2554.5 20 0.6581485868 -0.1577035934 0.7361860871 0.1291076541 0.9869723320 0.0960043445 -0.7417355776 0.0318621360 0.6699352264
617.7 99.1 2548.2 0.6581485868 -0.1577035934 0.7361860871 0.1291076541 0.9869723320 0.0960043445 -0.7417355776 0.0318621360 0.6699352264
646.0 -92.8 2544.1 0.6606189609 -0.1455731392 0.7364720106 0.1130112410 0.9891237617 0.0941413790 -0.7421664596 0.0210380331 0.6698853374
527.5 83.7 2649.6 0.7240015268 -0.6897671223 0.0065672719 0.6871257424 0.7203264832 -0.0948047861 0.0606626421 0.0731513500 0.9954742193
338.6 -95.6 2633.7 0.0076722489 -0.6897671223 -0.7239906788 -0.0937559679 0.7203264832 -0.6872696280 0.9955656528 0.0731513500 -0.0591432601
707.9 114.6 2446.9 0.1409620941 -0.1106143072 0.9838161469 -0.9348017573 0.3123538196 0.1690584421 -0.3259989917 -0.9435038567 -0.0593723990
741.9 -110.7 2368.4 -0.9609079957 -0.1106143072 0.2538116276 -0.2760500014 0.3123538196 -0.9089727402 0.0212663654 -0.9435038567 -0.3306783438
608.8 -291.9 2607.5 0.7331250310 0.3249528110 0.5974389911 -0.0814296082 0.9140873551 -0.3972575665 -0.6752013564 0.2425902635 0.6966010928
483.0 -645.9 2513.5 0.7331250310 -0.0869395882 0.6745139956 -0.0814296082 0.9734393954 0.2139740735 -0.6752013564 -0.2117951661 0.7065733671
727.0 -271.7 2474.7 0.2181565166 0.1304123998 0.9671609998 -0.1334274560 0.9857107997 -0.1028172523 -0.9667496085 -0.1066155806 0.2324398160
676.4 -654.0 2516.0 0.2097205371 -0.0804953501 0.9744423032 -0.0085939094 0.9964151978 0.0841600448 -0.9777235985 -0.0260243583 0.2082769573
336.6 -71.8 2381.2 0 0 0 0 0 0 0 0 0
491.8 -182.5 2373.9 0 0 0 0 0 0 0 0 0
515.4 -1008.8 2592.5 0 0 0 0 0 0 0 0 0
706.4 -1025.5 2525.7 0 0 0 0 0 0 0 0 0
585.3 291.8 2550.7 21 0.6452045441 -0.1712573469 0.7445683479 0.1333270371 0.9848379493 0.1109871566 -0.7522864938 0.0276616719 0.6582551599
618.9 98.3 2545.3 0.6452045441 -0.1712573469 0.7445683479 0.1333270371 0.9848379493 0.1109871566 -0.7522864938 0.0276616719 0.6582551599
649.9 -93.3 2541.8 0.6476879120 -0.1595557332 0.7450116277 0.1185246110 0.9870224595 0.1083447933 -0.7526302338 0.0181286037 0.6581937671
530.5 82.1 2648.1 0.7148591280 -0.6988950372 0.0228508916 0.6977403760 0.7107566595 -0.0893496200 0.0462045819 0.0798163787 0.9957381487
343.9 -100.0 2636.0 0.0239839274 -0.6988950372 -0.7148219943 -0.0882435739 0.7107566595 -0.6978811026 0.9958101511 0.0798163787 -0.0446262620
707.3 114.4 2442.5 0.1451342404 -0.1400075257 0.9794559479 -0.9369542003 0.2986084223 0.1815207452 -0.3178880811 -0.9440502524 -0.0878423378
743.1 -116.4 2364.2 -0.9270355701 -0.1400075257 0.3478547633 -0.3744901419 0.2986084223 -0.8778326511 0.0190308169 -0.9440502524 -0.3292520940
615.0 -294.9 2606.5 0.6875313520 0.3560675383 0.6328637600 -0.0694473833 0.8997746706 -0.4307930470 -0.7228261828 0.2522329986 0.6433512568
477.0 -643.6 2508.7 0.6875313520 -0.1260622293 0.7151286006 -0.0694473833 0.9688866735 0.2375618517 -0.7228261828 -0.2129950374 0.6573852897
733.3 -274.7 2473.6 0.2053678632 0.1421199590 0.9683108926 -0.1366228163 0.9838752747 -0.1154281944 -0.9691017866 -0.1085881218 0.2214731872
678.2 -656.4 2515.7 0.1988389492 -0.0686201528 0.9776269197 -0.0230675340 0.9969416261 0.0746675581 -0.9797606468 -0.0373982601 0.1966479272
337.8 -77.6 2383.4 0 0 0 0 0 0 0 0 0
500.2 -214.5 2369.2 0 0 0 0 0 0 0 0 0
524.0 -1004.7 2588.1 0 0 0 0 0 0 0 0 0
703.8 -1028.3 2529.6 0 0 0 0 0 0 0 0 0
582.9 294.6 2549.4 22 0.6253824830 -0.1734333336 0.7608006597 0.1262125522 0.9846315384 0.1207107529 -0.7700436115 0.0205321983 0.6376608014
617.0 100.9 2545.3 0.6253824830 -0.1734333336 0.7608006597 0.1262125522 0.9846315384 0.1207107529 -0.7700436115 0.0205321983 0.6376608014
648.3 -90.7 2543.0 0.6278480291 -0.1612136364 0.7614572048 0.1116876006 0.9868503213 0.1168429330 -0.7702809572 0.0116857253 0.6375975609
531.3 85.6 2650.5 0.7142454982 -0.6981955767 0.0487468243 0.6996009350 0.7101918459 -0.0786511377 0.0202942789 0.0902795494 0.9957096577
344.9 -96.9 2645.2 0.0498264693 -0.6981955767 -0.7141709924 -0.0775934830 0.7101918459 -0.6997190714 0.9957392216 0.0902795494 -0.0187890753
702.7 116.1 2440.1 0.1395950168 -0.2339202166 0.9621821642 -0.9376938939 0.2810108662 0.2043599635 -0.3181875944 -0.9307600260 -0.1801178455
738.2 -122.2 2359.3 -0.8571097255 -0.2339202166 0.4589599669 -0.5115122199 0.2810108662 -0.8120272160 0.0609768331 -0.9307600260 -0.3605102003
622.8 -295.4 2605.6 0.5892384648 0.3983165324 0.7029523253 -0.0444241539 0.8846903443 -0.4640575945 -0.8067370057 0.2422125190 0.5389884114
468.5 -638.2 2511.7 0.5892384648 -0.1696845293 0.7899399996 -0.0444241539 0.9694147706 0.2413741648 -0.8067370057 -0.1773193479 0.5636783838
738.8 -274.2 2470.8 0.1807777435 0.1537892371 0.9714258909 -0.1458903402 0.9809656143 -0.1281500012 -0.9726434946 -0.1185549945 0.1997731179
679.1 -654.9 2516.8 0.1745190322 -0.0568834245 0.9830093384 -0.0057644299 0.9982537627 0.0587889589 -0.9846369028 -0.0159262810 0.1738863885
332.2 -77.2 2392.6 0 0 0 0 0 0 0 0 0
513.8 -256.1 2375.2 0 0 0 0 0 0 0 0 0
531.7 -999.3 2577.8 0 0 0 0 0 0 0 0 0
700.3 -1027.3 2522.7 0 0 0 0 0 0 0 0 0
578.0 297.3 2549.2 23 0.6071714759 -0.1865833998 0.7723531723 0.1282978207 0.9823048115 0.1364440322 -0.7841444016 0.0162462946 0.6203657389
614.9 103.3 2546.0 0.6071714759 -0.1865833998 0.7723531723 0.1282978207 0.9823048115 0.1364440322 -0.7841444016 0.0162462946 0.6203657389
647.4 -88.0 2543.0 0.6094427705 -0.1674648672 0.7749419212 0.1156722978 0.9857600331 0.1220536903 -0.7843464613 0.0152545720 0.6201353669
531.7 87.5 2653.1 0.7098446488 -0.7006845474 0.0718453303 0.7043467164 0.7055462003 -0.0781040937 0.0040361304 0.1060457975 0.9943530560
346.4 -96.3 2652.0 0.0729494914 -0.7006845474 -0.7097319961 -0.0770083070 0.7055462003 -0.7044673562 0.9943581223 0.1060457975 -0.0024892893
698.1 119.1 2438.8 0.1339808851 -0.3278291225 0.9351882935 -0.9392336607 0.2589635253 0.2253398001 -0.3160526156 -0.9085515738 -0.2732119858
733.6 -129.6 2355.2 -0.7675151825 -0.3278291225 0.5508615971 -0.6337559819 0.2589635253 -0.7288972735 0.0963006988 -0.9085515738 -0.4065220952
623.4 -292.2 2609.7 0.5535834432 0.4125571251 0.7234237790 -0.0288034957 0.8776363134 -0.4784609079 -0.8322954774 0.2440308928 0.4977280200
463.4 -632.6 2515.1 0.5535834432 -0.1813986450 0.8127976060 -0.0288034957 0.9712346792 0.2363759279 -0.8322954774 -0.1542652100 0.5324345231
735.8 -272.2 2471.8 0.1623325646 0.1566778868 0.9742177129 -0.1272051781 0.9823977351 -0.1367973983 -0.9785023928 -0.1017188579 0.1794053912
675.0 -653.5 2511.2 0.1551554054 -0.0860815868 0.9841324687 -0.0369869247 0.9949917197 0.0928626880 -0.9871974587 -0.0508081801 0.1511944532
327.9 -76.8 2399.7 0 0 0 0 0 0 0 0 0
531.3 -296.6 2380.6 0 0 0 0 0 0 0 0 0
531.0 -994.6 2572.6 0 0 0 0 0 0 0 0 0
707.1 -1024.4 2530.2 0 0 0 0 0 0 0 0 0
575.8 295.1 2548.6 24 0.5966760516 -0.1897296607 0.7797309756 0.1292942464 0.9816835523 0.1399299502 -0.7919979095 0.0173218790 0.6102780104
613.3 101.3 2545.1 0.5966760516 -0.1897296607 0.7797309756 0.1292942464 0.9816835523 0.1399299502 -0.7919979095 0.0173218790 0.6102780104
646.5 -89.9 2541.3 0.5984309912 -0.1712591201 0.7826561332 0.1197328940 0.9850328565 0.1239931285 -0.7921769619 0.0195083525 0.6099795699
531.6 84.9 2653.3 0.7070167661 -0.7020133734 0.0854666084 0.7071853876 0.7025097609 -0.0798048750 -0.0040170383 0.1168641225 0.9931398034
347.0 -99.7 2654.4 0.0865520164 -0.7020133734 -0.7068846822 -0.0787190124 0.7025097609 -0.7073071003 0.9931324720 0.1168641225 0.0055418368
695.0 117.6 2437.0 0.1344661266 -0.3565633893 0.9245439172 -0.9472391605 0.2277050018 0.2255845815 -0.2909584641 -0.9060976505 -0.3071322143
730.1 -129.2 2361.1 -0.6450368166 -0.3565633893 0.6758624315 -0.7615961432 0.2277050018 -0.6067303419 0.0624405853 -0.9060976505 -0.4184354246
625.3 -289.7 2610.2 0.4888875186 0.4255536199 0.7615071535 -0.0200008452 0.8781793714 -0.4779131114 -0.8721175194 0.2184149623 0.4378423691
460.3 -630.4 2525.5 0.4888875186 -0.1862785965 0.8522260785 -0.0200008452 0.9742845297 0.2244316787 -0.8721175194 -0.1267670840 0.4725898206
734.5 -269.0 2469.7 0.1497703046 0.1634891927 0.9751103520 -0.1245173737 0.9815008640 -0.1454356164 -0.9808487296 -0.0996362418 0.1673569232
671.0 -650.0 2508.4 0.1427319795 -0.1042550206 0.9842553139 -0.0542514995 0.9921178818 0.1129551381 -0.9882734418 -0.0695196390 0.1359509677
325.0 -79.7 2402.4 0 0 0 0 0 0 0 0 0
560.2 -329.8 2377.6 0 0 0 0 0 0 0 0 0
529.7 -993.7 2572.8 0 0 0 0 0 0 0 0 0
709.9 -1020.0 2534.3 0 0 0 0 0 0 0 0 0
571.5 293.5 2546.8 25 0.5909160376 -0.2002496272 0.7814846635 0.1323518753 0.9796414971 0.1509485692 -0.7958022356 0.0142330313 0.6053892970
611.1 99.7 2544.0 0.5909160376 -0.2002496272 0.7814846635 0.1323518753 0.9796414971 0.1509485692 -0.7958022356 0.0142330313 0.6053892970
646.8 -91.1 2540.7 0.5924331546 -0.1841170937 0.7842983007 0.1246061996 0.9827605486 0.1365834475 -0.7959247828 0.0168118738 0.6051620841
530.2 82.7 2652.7 0.6976579428 -0.7105041742 0.0919631869 0.7163528800 0.6937065721 -0.0748979673 -0.0105801485 0.1181312576 0.9929416180
348.1 -104.3 2655.4 0.0930143520 -0.7105041742 -0.6975185871 -0.0738184527 0.6937065721 -0.7164649367 0.9929245710 0.1181312576 0.0120763471
692.0 116.7 2435.2 0.1329336315 -0.4059237838 0.9041872025 -0.9516013265 0.2027829736 0.2309413999 -0.2770983875 -0.8911256790 -0.3593209684
726.4 -129.2 2363.6 -0.5190654993 -0.4059237838 0.7521947026 -0.8536931276 0.2027829736 -0.4796739519 0.0421787910 -0.8911256790 -0.4517920017
626.2 -291.8 2608.5 0.3964190483 0.4305258989 0.8108633757 -0.0037263797 0.8839736581 -0.4675218761 -0.9180620909 0.1823129952 0.3520283103
459.2 -634.6 2537.8 0.3964190483 -0.1917030811 0.8978317380 -0.0037263797 0.9776119590 0.2103828788 -0.9180620909 -0.0867454484 0.3868296444
733.4 -270.4 2466.6 0.1437977850 0.1635853946 0.9759928584 -0.1400185525 0.9796842337 -0.1435744762 -0.9796514511 -0.1160114110 0.1637814194
669.9 -650.7 2511.6 0.1346117854 -0.1139757782 0.9843217134 -0.0561381951 0.9908902049 0.1224135906 -0.9893069267 -0.0717363581 0.1269871145
324.4 -85.6 2403.4 0 0 0 0 0 0 0 0 0
589.2 -354.8 2374.8 0 0 0 0 0 0 0 0 0
530.7 -999.1 2570.1 0 0 0 0 0 0 0 0 0
712.4 -1020.4 2538.4 0 0 0 0 0 0 0 0 0
567.9 294.1 2546.9 26 0.5672596693 -0.2028992325 0.7981531024 0.1319393963 0.9790464640 0.1551129520 -0.8129012585 0.0173185077 0.5821439624
607.9 100.9 2543.5 0.5672596693 -0.2028992325 0.7981531024 0.1319393963 0.9790464640 0.1551129520 -0.8129012585 0.0173185077 0.5821439624
645.0 -89.6 2540.5 0.5690279603 -0.1907120049 0.7998975515 0.1231314689 0.9815287590 0.1464238316 -0.8130472302 0.0151733095 0.5819999576
530.2 84.1 2654.5 0.6917644739 -0.7120481730 0.1202050820 0.7212731242 0.6893845201 -0.0671867654 -0.0350273103 0.1331781149 0.9904729724
349.7 -104.1 2663.6 0.1212721020 -0.7120481730 -0.6915782690 -0.0660740063 0.6893845201 -0.7213759422 0.9904177189 0.1331781149 0.0365552306
685.6 117.7 2432.4 0.1521364152 -0.4073200226 0.9005247951 -0.9549674988 0.1742537618 0.2401515096 -0.2547383606 -0.8965076804 -0.3624670208
724.8 -128.1 2366.8 -0.4104565382 -0.4073200226 0.8158528209 -0.9118332267 0.1742537618 -0.3717470169 0.0092545683 -0.8965076804 -0.4429315031
629.5 -293.0 2608.7 0.3143220544 0.4501923025 0.8357802033 0.0025719218 0.8799950480 -0.4749758840 -0.9493129253 0.1514449567 0.2754440010
454.9 -634.2 2550.0 0.3143220544 -0.1929137409 0.9295084476 0.0025719218 0.9793039560 0.2023787796 -0.9493129253 -0.0612214915 0.3083130121
735.6 -270.7 2466.1 0.1181553602 0.1671267003 0.9788299203 -0.1411326975 0.9785543084 -0.1500433981 -0.9829145074 -0.1204164773 0.1392084807
670.8 -650.5 2512.8 0.1109152064 -0.0931981578 0.9894503355 -0.0602344163 0.9931325912 0.1002971455 -0.9920028448 -0.0707234442 0.1045397669
318.9 -87.3 2412.3 0 0 0 0 0 0 0 0 0
615.7 -370.6 2369.3 0 0 0 0 0 0 0 0 0
526.9 -999.4 2572.8 0 0 0 0 0 0 0 0 0
705.5 -1021.1 2539.2 0 0 0 0 0 0 0 0 0
563.7 293.9 2555.9 27 0.5145596266 -0.2035948783 0.8329330683 0.1336321086 0.9785736203 0.1566402912 -0.8469774723 0.0307058319 0.5307412744
603.8 101.4 2549.9 0.5145596266 -0.2035948783 0.8329330683 0.1336321086 0.9785736203 0.1566402912 -0.8469774723 0.0307058319 0.5307412744
641.2 -89.0 2545.4 0.5169557333 -0.1932208687 0.8339199424 0.1218002737 0.9808829427 0.1517672241 -0.8473024368 0.0231147446 0.5306074023
533.3 84.8 2665.4 0.6848311424 -0.7056503296 0.1818350255 0.7242214680 0.6867184043 -0.0626190454 -0.0806823075 0.1745722890 0.9813331962
354.7 -104.0 2686.4 0.1828308851 -0.7056503296 -0.6845659018 -0.0615656301 0.6867184043 -0.7243117690 0.9812148213 0.1745722890 0.0821095333
674.2 118.0 2434.4 0.1758190542 -0.4599319696 0.8703736067 -0.9503790140 0.1511999518 0.2718791366 -0.2566463649 -0.8749863505 -0.4105258584
719.9 -128.9 2367.7 -0.2789075375 -0.4553271830 0.8455103636 -0.9595524073 0.1672851592 -0.2264394909 -0.0383372866 -0.8744671941 -0.4835673869
631.0 -291.1 2610.3 0.2509968281 0.4628758430 0.8501450419 0.0112501103 0.8768057227 -0.4807131886 -0.9679225087 0.1302217096 0.2148680538
451.5 -631.2 2559.8 0.2509968281 -0.1950419247 0.9481346011 0.0112501103 0.9800117612 0.1986211985 -0.9679225087 -0.0391866751 0.2481740862
732.9 -269.1 2464.7 0.0607288182 0.1744179726 0.9827972054 -0.1252858490 0.9781595469 -0.1658532768 -0.9902603030 -0.1130585074 0.0812545791
665.2 -648.8 2508.6 0.0561812930 -0.1183772385 0.9913780689 -0.0870213956 0.9885870218 0.1229754612 -0.9946209788 -0.0931800231 0.0452387445
308.4 -88.5 2437.9 0 0 0 0 0 0 0 0 0
645.8 -384.0 2357.5 0 0 0 0 0 0 0 0 0
524.2 -996.8 2574.4 0 0 0 0 0 0 0 0 0
709.4 -1017.6 2543.3 0 0 0 0 0 0 0 0 0
564.1 296.5 2567.9 28 0.4925639033 -0.1815482676 0.8511292934 0.1346750557 0.9821187854 0.1315498054 -0.8597926497 0.0498291999 0.5082062483
599.8 103.3 2558.1 0.4925639033 -0.1815482676 0.8511292934 0.1346750557 0.9821187854 0.1315498054 -0.8597926497 0.0498291999 0.5082062483
634.3 -87.5 2550.2 0.4942669272 -0.1780425608 0.8508825302 0.1253673881 0.9831688404 0.1328984201 -0.8602227569 0.0409856290 0.5082685947
532.4 86.1 2675.5 0.6930658817 -0.6898863316 0.2090850621 0.7150378227 0.6947366595 -0.0778581724 -0.0915457681 0.2034645677 0.9747930765
351.5 -100.4 2699.4 0.2097900212 -0.6898863316 -0.6928527951 -0.0771307126 0.6947366595 -0.7151166201 0.9746994376 0.2034645677 0.0925373957
667.2 120.4 2440.8 0.1777540296 -0.4785303175 0.8598908186 -0.9493846893 0.1465729773 0.2778219879 -0.2589829862 -0.8657512069 -0.4282554090
714.7 -133.0 2371.7 -0.1452187449 -0.4766682982 0.8670057058 -0.9841803312 0.1594832689 -0.0771630555 -0.1014917195 -0.8644954562 -0.4922875464
