143.8 483.0 2777.1 01 0.9746190310 0.0236334372 0.2226189673 -0.0485582724 0.9930549860 0.1071629897 -0.2185402364 -0.1152530834 0.9689978957
139.0 281.1 2800.5 0.9746190310 0.0236334372 0.2226189673 -0.0485582724 0.9930549860 0.1071629897 -0.2185402364 -0.1152530834 0.9689978957
134.5 86.5 2822.1 0.9746537805 0.0232417285 0.2225079834 -0.0470850281 0.9936221838 0.1024597138 -0.2187075317 -0.1103395447 0.9695319533
0.2 287.8 2831.7 0.3274127543 -0.9432039857 0.0562767759 0.9374222159 0.3167823851 -0.1445285082 0.1184923723 0.1000755802 0.9878990054
-94.2 17.6 2797.5 0.1433957964 -0.9432039857 -0.2996729016 0.1164790541 0.3167823851 -0.9413190484 0.9827870131 0.1000755802 0.1552887708
277.8 274.3 2769.4 0.1611420512 0.9825182557 -0.0932262018 -0.9829962254 0.1682086587 0.0736492798 0.0880432129 0.0797730088 0.9929172397
327.3 -27.4 2796.4 0.1234884113 0.9907613993 -0.0560577065 -0.9833151102 0.1145653874 -0.1413017809 -0.1335740834 0.0725715235 0.9883781075
42.7 -105.6 2863.1 0.9817656875 0.1895565093 0.0142979957 -0.1563005596 0.8477540016 -0.5068365932 -0.1081953570 0.4953599870 0.8619235754
-32.1 -440.1 2667.7 0.9941551089 0.1000927389 0.0404608399 -0.0769848600 0.9199897051 -0.3843074739 -0.0756899416 0.3789463639 0.9223181009
218.9 -114.1 2824.5 0.9715876579 0.2025450617 -0.1224454045 -0.2197346836 0.9641636610 -0.1486779153 0.0879434347 0.1713591367 0.9812756777
139.5 -491.7 2757.4 0.9785057306 0.1838172227 -0.0934762284 -0.1859788746 0.9824409485 -0.0148896379 0.0890979022 0.0319541991 0.9955101609
-130.0 -11.5 2551.9 0 0 0 0 0 0 0 0 0
360.1 -288.4 2761.0 0 0 0 0 0 0 0 0 0
-66.7 -757.9 2536.8 0 0 0 0 0 0 0 0 0
79.5 -812.4 2746.9 0 0 0 0 0 0 0 0 0
143.6 481.5 2776.7 02 0.9797253609 0.0248763934 0.1987947673 -0.0463397428 0.9934913516 0.1040557697 -0.1949123442 -0.1111581698 0.9745014310
138.5 280.2 2799.2 0.9797253609 0.0248763934 0.1987947673 -0.0463397428 0.9934913516 0.1040557697 -0.1949123442 -0.1111581698 0.9745014310
133.7 85.5 2820.1 0.9797512889 0.0247203559 0.1986864805 -0.0453012139 0.9939841628 0.0997162983 -0.1950261891 -0.1066979095 0.9749770761
-1.0 286.6 2827.0 0.2883800566 -0.9552730322 -0.0655006245 0.9509667754 0.2937238514 -0.0968942940 0.1117996052 -0.0343465358 0.9931370020
-83.4 14.8 2795.0 0.0065554744 -0.9552730322 -0.2956525385 0.1371475458 0.2937238514 -0.9460004568 0.9905289412 -0.0343465358 0.1329388469
278.1 273.7 2771.4 0.1594537944 0.9813966155 -0.1069351435 -0.9869482517 0.1609464288 0.0054204850 0.0225304756 0.1046751365 0.9942512512
326.2 -23.9 2778.2 0.1247866154 0.9906097651 -0.0558627024 -0.9536662102 0.1042166948 -0.2822403610 -0.2737682164 0.0884941891 0.9577158689
41.9 -103.9 2863.5 0.9840500951 0.1778697520 0.0027954255 -0.1560600549 0.8707190752 -0.4663620591 -0.0853857324 0.4584873617 0.8845894933
-27.9 -445.8 2683.5 0.9921916127 0.1243285462 -0.0099076685 -0.1108250692 0.8424064517 -0.5273225904 -0.0572149679 0.5243030787 0.8496074080
218.0 -112.4 2824.0 0.9712787271 0.1849371791 -0.1497193575 -0.2095327526 0.9629335403 -0.1698677838 0.1127549261 0.1963600665 0.9740272164
145.6 -489.4 2747.1 0.9736926556 0.1989953518 -0.1110109463 -0.1979917884 0.9799974561 0.0201042686 0.1127911061 0.0024038765 0.9936158061
-85.1 -19.0 2550.8 0 0 0 0 0 0 0 0 0
359.4 -278.1 2705.3 0 0 0 0 0 0 0 0 0
-75.7 -769.6 2482.0 0 0 0 0 0 0 0 0 0
80.3 -810.9 2746.3 0 0 0 0 0 0 0 0 0
141.9 478.3 2765.5 03 0.9826583862 0.0218018983 0.1841389686 -0.0468066931 0.9900690913 0.1325607747 -0.1794202179 -0.1388808936 0.9739201665
137.5 278.3 2793.5 0.9826583862 0.0218018983 0.1841389686 -0.0468066931 0.9900690913 0.1325607747 -0.1794202179 -0.1388808936 0.9739201665
133.2 84.3 2819.7 0.9826852679 0.0215833448 0.1840212345 -0.0455794558 0.9908311367 0.1271853596 -0.1795888841 -0.1333707720 0.9746589661
-2.5 284.8 2819.1 0.2681936026 -0.9501887560 -0.1587876827 0.9624713659 0.2713779211 0.0016904550 0.0414852202 -0.1532819718 0.9873113036
-75.2 23.9 2807.9 -0.1050404906 -0.9501887560 -0.2934413552 0.1842006892 0.2713779211 -0.9446820021 0.9772597551 -0.1532819718 0.1465197504
277.5 271.8 2768.0 0.1582170576 0.9815127254 -0.1077040806 -0.9868009090 0.1533639729 -0.0519946814 -0.0345155150 0.1145089343 0.9928224087
324.5 -21.6 2757.7 0.1285303533 0.9907401204 -0.0437483862 -0.9098368287 0.1002536640 -0.4026736915 -0.3945590556 0.0915596858 0.9142975211
40.4 -105.1 2858.6 0.9891206622 0.1466376930 -0.0117330402 -0.1353003681 0.8755342960 -0.4638249278 -0.0577415340 0.4603663087 0.8858491778
-17.1 -448.3 2678.1 0.9813300371 0.1898023188 -0.0310866795 -0.1727907211 0.7990521789 -0.5758984089 -0.0844669715 0.5705178976 0.8169299960
217.4 -113.3 2823.4 0.9691167474 0.1800522506 -0.1685049534 -0.2089745998 0.9624049664 -0.1735118181 0.1309287995 0.2033664733 0.9703090787
146.9 -490.2 2743.7 0.9703114033 0.2067632377 -0.1254778951 -0.2033998221 0.9783110619 0.0391908325 0.1308596283 -0.0125051308 0.9913220406
-49.4 -21.5 2567.4 0 0 0 0 0 0 0 0 0
359.2 -267.0 2651.3 0 0 0 0 0 0 0 0 0
-94.8 -775.5 2444.5 0 0 0 0 0 0 0 0 0
79.8 -807.8 2747.8 0 0 0 0 0 0 0 0 0
141.8 479.7 2770.4 04 0.9910143614 0.0210425761 0.1320897043 -0.0341309234 0.9946384430 0.0976191387 -0.1293273419 -0.1012503132 0.9864192009
137.5 278.2 2790.9 0.9910143614 0.0210425761 0.1320897043 -0.0341309234 0.9946384430 0.0976191387 -0.1293273419 -0.1012503132 0.9864192009
132.8 83.6 2810.6 0.9909301996 0.0247977134 0.1320697218 -0.0377842635 0.9945911169 0.0967518017 -0.1289561391 -0.1008644402 0.9865072966
-3.5 283.7 2809.2 0.2793157697 -0.9356611967 -0.2156867981 0.9576638341 0.2551459670 0.1333434880 -0.0697327182 -0.2438003868 0.9673151970
-72.3 48.0 2826.4 -0.1599995643 -0.9356611967 -0.3145444989 0.3090567589 0.2551459670 -0.9161792397 0.9374881387 -0.2438003868 0.2483491898
278.5 272.8 2772.6 0.1464083046 0.9777284861 -0.1503716856 -0.9819648862 0.1252630800 -0.1416126490 -0.1196226999 0.1683929861 0.9784345627
322.8 -24.2 2736.4 0.1267090589 0.9897825718 -0.0653856471 -0.8115363121 0.0655346960 -0.5806151628 -0.5703977346 0.1266320199 0.8115483522
40.2 -105.6 2862.0 0.9882116318 0.1422717720 -0.0565381534 -0.1515774727 0.8574012518 -0.4918204546 -0.0214962829 0.4945925772 0.8688590527
-15.6 -441.3 2668.3 0.9730725288 0.2206221670 -0.0667507127 -0.2201302350 0.8035995960 -0.5529651046 -0.0683555230 0.5527690053 0.8305262923
217.7 -113.8 2829.5 0.9606591463 0.1798651963 -0.2116187662 -0.2166264653 0.9620967507 -0.1656586081 0.1738015115 0.2049836814 0.9632106423
147.3 -490.6 2749.3 0.9619880319 0.2136773467 -0.1700619608 -0.2106378525 0.9769034982 0.0359342732 0.1738124639 0.0012531477 0.9847779870
-33.2 -27.4 2597.6 0 0 0 0 0 0 0 0 0
356.9 -243.0 2582.6 0 0 0 0 0 0 0 0 0
-109.9 -784.8 2432.1 0 0 0 0 0 0 0 0 0
78.9 -803.4 2748.9 0 0 0 0 0 0 0 0 0
142.3 478.1 2762.8 05 0.9916427135 0.0226422809 0.1270121187 -0.0378308296 0.9922357202 0.1184783578 -0.1233433411 -0.1222931743 0.9847998619
137.7 277.1 2787.6 0.9916427135 0.0226422809 0.1270121187 -0.0378308296 0.9922357202 0.1184783578 -0.1233433411 -0.1222931743 0.9847998619
133.3 82.8 2810.8 0.9916453958 0.0230061058 0.1269257218 -0.0377139561 0.9926815033 0.1147217155 -0.1233575195 -0.1185501367 0.9852557182
-3.5 282.5 2805.2 0.2942444682 -0.9291036129 -0.2240237296 0.9458323121 0.2494371533 0.2078037113 -0.1371913403 -0.2730339766 0.9521717429
-73.8 56.7 2837.9 -0.1652984321 -0.9291036129 -0.3308215141 0.3803353012 0.2494371533 -0.8905763030 0.9099568725 -0.2730339766 0.3121393323
279.0 271.7 2770.0 0.1341193616 0.9909464717 -0.0060918611 -0.9801977277 0.1317557991 -0.1478268206 -0.1456858367 0.0257976670 0.9889944792
318.5 -17.5 2727.1 0.1090749726 0.9909464717 0.0782800242 -0.6780378222 0.1317557991 -0.7231217623 -0.7268888354 0.0257976670 0.6862704754
38.7 -107.6 2842.0 0.9845439196 0.1644338369 -0.0602891706 -0.1730481088 0.8603221774 -0.4794789255 -0.0269744489 0.4825010002 0.8754799366
-25.7 -444.5 2653.1 0.9763463140 0.2060014158 -0.0656606555 -0.2104275078 0.8355656862 -0.5074940920 -0.0496807098 0.5093067884 0.8591498137
217.5 -114.6 2818.7 0.9594139457 0.1893144250 -0.2090095282 -0.2157470733 0.9700381160 -0.1117103472 0.1815988272 0.1522696614 0.9715121388
143.5 -494.0 2759.2 0.9604539871 0.2082744986 -0.1847967654 -0.2109232098 0.9774875641 0.0054313438 0.1817677468 0.0337613709 0.9827617407
-33.7 -35.6 2617.1 0 0 0 0 0 0 0 0 0
347.8 -199.6 2531.9 0 0 0 0 0 0 0 0 0
-111.9 -794.1 2439.9 0 0 0 0 0 0 0 0 0
77.4 -804.1 2748.5 0 0 0 0 0 0 0 0 0
142.6 478.4 2759.1 06 0.9896519780 0.0406325385 0.1376152784 -0.0573827475 0.9911108017 0.1200273708 -0.1315149814 -0.1266820729 0.9831863642
134.4 278.9 2784.6 0.9896519780 0.0406325385 0.1376152784 -0.0573827475 0.9911108017 0.1200273708 -0.1315149814 -0.1266820729 0.9831863642
126.0 84.8 2808.4 0.9895875454 0.0428784490 0.1373971105 -0.0589128695 0.9916347265 0.1148472726 -0.1313232630 -0.1217458844 0.9838353992
-6.6 287.3 2803.3 0.2997608781 -0.9223716855 -0.2436675429 0.9435304403 0.2488722801 0.2186617255 -0.1410452873 -0.2954539657 0.9448879361
-76.3 67.8 2836.1 -0.1362271607 -0.9223716855 -0.3614866734 0.5061389804 0.2488722801 -0.8257638216 0.8516252041 -0.2954539657 0.4329451025
275.3 270.5 2765.9 0.1352494657 0.9907513261 0.0109268865 -0.9747314453 0.1350251734 -0.1779516190 -0.1777812093 0.0134170819 0.9839785695
315.1 -15.9 2713.6 0.0784293786 0.9907513261 0.1107278168 -0.4891615808 0.1350251734 -0.8616781235 -0.8686597347 0.0134170819 0.4952274263
39.3 -108.1 2845.1 0.9766120315 0.2019157112 -0.0738848001 -0.2103824466 0.8265001774 -0.5221462250 -0.0443637259 0.5254783630 0.8496495485
-39.6 -431.1 2639.8 0.9860997200 0.1569687128 -0.0544810779 -0.1647845805 0.8818804026 -0.4417386651 -0.0212933533 0.4445759952 0.8954880238
218.4 -115.0 2822.9 0.9575884342 0.2021517158 -0.2053266913 -0.2285279632 0.9668525457 -0.1138908640 0.1754973978 0.1559834629 0.9720441699
139.3 -493.4 2761.8 0.9643675089 0.1921664774 -0.1818442345 -0.1966617703 0.9804474711 -0.0068469527 0.1769729704 0.0423647873 0.9833034873
-43.0 -55.8 2628.1 0 0 0 0 0 0 0 0 0
336.0 -146.2 2482.2 0 0 0 0 0 0 0 0 0
-104.5 -795.7 2456.0 0 0 0 0 0 0 0 0 0
77.7 -807.9 2748.2 0 0 0 0 0 0 0 0 0
142.6 475.3 2747.7 07 0.9926759601 0.0475957505 0.1110363901 -0.0633547828 0.9876892567 0.1430247873 -0.1028620824 -0.1490119547 0.9834707975
132.9 275.7 2777.8 0.9926759601 0.0475957505 0.1110363901 -0.0633547828 0.9876892567 0.1430247873 -0.1028620824 -0.1490119547 0.9834707975
123.7 82.1 2805.7 0.9927405119 0.0469449796 0.1107356921 -0.0620048195 0.9886647463 0.1367386878 -0.1030612737 -0.1426121891 0.9843983650
-8.5 284.5 2792.5 0.3300374150 -0.9070997834 -0.2612379193 0.9363071322 0.2793878317 0.2127706558 -0.1200175285 -0.3148212135 0.9415324926
-86.0 64.4 2820.7 -0.0944506228 -0.9070997834 -0.4101817012 0.5937634110 0.2793878317 -0.7545776963 0.7990770340 -0.3148212135 0.5122143030
274.3 266.9 2763.1 0.1395787746 0.9898837209 0.0254555326 -0.9670372009 0.1417962015 -0.2115014941 -0.2129713744 0.0049046711 0.9770461321
315.1 -15.9 2700.8 0.0498710871 0.9898837209 0.1328272969 -0.3153725863 0.1417962015 -0.9383144379 -0.9476565719 0.0049046711 0.3192537129
28.3 -104.0 2844.1 0.9737685323 0.2026652247 -0.1034486145 -0.2264157087 0.8178694844 -0.5289852619 -0.0225994475 0.5385316014 0.8423022032
-51.0 -424.0 2633.4 0.9914475679 0.1105511561 -0.0693554878 -0.1289441437 0.9117693901 -0.3899358511 0.0201283507 0.3955439329 0.9182264805
207.1 -114.7 2820.4 0.9555996656 0.1808344424 -0.2326546609 -0.2077929080 0.9733589888 -0.0969248116 0.2089291513 0.1409653127 0.9677176476
136.3 -495.7 2765.2 0.9587106109 0.1843395531 -0.2165476978 -0.1919266880 0.9813042283 -0.0143569708 0.2098526210 0.0553254634 0.9761664867
-62.7 -82.5 2623.0 0 0 0 0 0 0 0 0 0
328.5 -100.2 2447.7 0 0 0 0 0 0 0 0 0
-95.4 -790.5 2474.5 0 0 0 0 0 0 0 0 0
77.3 -809.8 2747.5 0 0 0 0 0 0 0 0 0
139.6 470.3 2735.0 08 0.9938105941 0.0464317612 0.1009186432 -0.0628158003 0.9841593504 0.1657845676 -0.0916223601 -0.1710977554 0.9809846878
130.2 271.6 2769.5 0.9938105941 0.0464317612 0.1009186432 -0.0628158003 0.9841593504 0.1657845676 -0.0916223601 -0.1710977554 0.9809846878
121.2 78.6 2801.6 0.9938913584 0.0454358384 0.1005762666 -0.0610847995 0.9854766130 0.1584439427 -0.0919165239 -0.1636197418 0.9822320938
-11.4 280.2 2782.6 0.3351037204 -0.9125170708 -0.2345594317 0.9391755462 0.3036479056 0.1604595482 -0.0751985908 -0.2740630507 0.9587672353
-93.4 50.5 2801.0 -0.0005554287 -0.9125170708 -0.4090382755 0.6690970659 0.3036479056 -0.6783119440 0.7431747913 -0.2740630507 0.6103938222
271.8 262.9 2756.4 0.1344794929 0.9903720021 0.0328417234 -0.9681468606 0.1383812577 -0.2086677551 -0.2112033814 -0.0037340769 0.9774349928
309.5 -8.9 2697.1 0.0214163270 0.9903720021 0.1367649585 -0.1798110306 0.1383812577 -0.9739192128 -0.9834679961 -0.0037340769 0.1810434312
24.8 -105.9 2842.9 0.9682919979 0.2200412303 -0.1182896718 -0.2486179620 0.8023446202 -0.5426161289 -0.0244888365 0.5548197627 0.8316100836
-61.3 -419.8 2625.8 0.9957396388 0.0695757940 -0.0605131201 -0.0856880397 0.9406013489 -0.3285219967 0.0340615436 0.3323076069 0.9425557852
204.2 -117.0 2824.3 0.9523665905 0.1796239763 -0.2464409769 -0.2096245289 0.9725263119 -0.1012426987 0.2214847356 0.1480802298 0.9638551474
133.8 -497.8 2766.3 0.9568436742 0.1791440994 -0.2288177907 -0.1865757555 0.9823780060 -0.0110856360 0.2227996439 0.0532990731 0.9734061360
-93.3 -118.9 2612.9 0 0 0 0 0 0 0 0 0
315.3 -57.4 2432.0 0 0 0 0 0 0 0 0 0
-89.0 -794.3 2493.5 0 0 0 0 0 0 0 0 0
76.7 -811.1 2749.3 0 0 0 0 0 0 0 0 0
136.6 472.0 2727.6 09 0.9980372190 0.0394138284 0.0486652292 -0.0476155393 0.9823462367 0.1809105724 -0.0406757258 -0.1828726977 0.9822947979
128.6 272.9 2764.7 0.9980372190 0.0394138284 0.0486652292 -0.0476155393 0.9823462367 0.1809105724 -0.0406757258 -0.1828726977 0.9822947979
120.5 80.2 2798.9 0.9979910851 0.0409736149 0.0483213663 -0.0487433188 0.9838027358 0.1725001931 -0.0404707342 -0.1745090038 0.9838235378
-13.4 279.7 2770.5 0.3069912493 -0.9418783784 -0.1364607215 0.9511729479 0.2988203168 0.0773071423 -0.0320366882 -0.1535303742 0.9876244664
-95.8 24.5 2779.1 0.1107165292 -0.9418783784 -0.3171860576 0.7075622678 0.2988203168 -0.6403608918 0.6979236603 -0.1535303742 0.6995219588
270.6 266.0 2758.9 0.1190618500 0.9912934303 0.0562277623 -0.9567188025 0.1296862811 -0.2605197728 -0.2655435205 -0.0227761921 0.9638298154
303.3 3.3 2686.0 -0.0122598680 0.9912934303 0.1310991347 -0.0813186839 0.1296862811 -0.9882149100 -0.9966127276 -0.0227761921 0.0790207461
22.5 -108.8 2841.9 0.9582841992 0.2345474064 -0.1633367836 -0.2857009172 0.7697777748 -0.5708039999 -0.0081475694 0.5936579108 0.8046762943
-69.2 -409.8 2609.8 0.9978846312 0.0228337701 -0.0608682111 -0.0363851748 0.9720714092 -0.2318476290 0.0538742915 0.2335718870 0.9708458781
202.1 -119.8 2825.3 0.9383082986 0.1821677238 -0.2939259112 -0.2175081074 0.9717015028 -0.0921218693 0.2688266039 0.1503699869 0.9513785243
130.8 -500.4 2766.4 0.9453552365 0.1725121886 -0.2766640186 -0.1811665595 0.9834351540 -0.0058273207 0.2710758448 0.0556311607 0.9609490633
-123.9 -155.4 2601.6 0 0 0 0 0 0 0 0 0
300.0 -18.6 2416.8 0 0 0 0 0 0 0 0 0
-78.5 -805.0 2514.8 0 0 0 0 0 0 0 0 0
76.5 -809.6 2748.9 0 0 0 0 0 0 0 0 0
136.6 476.3 2722.0 10 0.9982134104 0.0481856838 0.0353284627 -0.0540553518 0.9802187085 0.1903923750 -0.0254554339 -0.1919619143 0.9810721874
126.8 277.3 2760.9 0.9982134104 0.0481856838 0.0353284627 -0.0540553518 0.9802187085 0.1903923750 -0.0254554339 -0.1919619143 0.9810721874
117.3 85.0 2796.9 0.9982100725 0.0485422164 0.0349329151 -0.0541233756 0.9817392826 0.1823694110 -0.0254424009 -0.1839336753 0.9826093316
-15.3 284.9 2764.5 0.3060510457 -0.9520094395 0.0032829090 0.9514877200 0.3059944808 0.0322252698 -0.0316833146 -0.0067389305 0.9994752407
-106.9 0.3 2774.0 0.2367072105 -0.9520094395 -0.1940302253 0.7500439882 0.3059944808 -0.5863457918 0.6175789237 -0.0067389305 0.7864800692
269.0 269.6 2757.3 0.0950727463 0.9909592271 0.0946624875 -0.9546415210 0.1177149042 -0.2735009491 -0.2821714580 -0.0643662512 0.9572023153
294.2 15.9 2682.3 -0.0594751239 0.9909592271 0.1202602312 -0.0446053185 0.1177149042 -0.9920451641 -0.9972327352 -0.0643662512 0.0372009464
22.3 -108.0 2836.7 0.8967012763 0.2374390513 0.3735632598 0.0667221695 0.7618014216 -0.6443654299 -0.4375785291 0.6027282476 0.6672658324
-70.6 -406.1 2600.9 0.8967012763 -0.0075968341 0.4425710142 0.0667221695 0.9907479286 -0.1181805879 -0.4375785291 0.1355019808 0.8889118433
202.5 -116.8 2829.4 0.9316470623 0.1821305454 -0.3144235909 -0.2275182456 0.9670826197 -0.1139590815 0.2833181322 0.1777067482 0.9424177408
131.2 -495.4 2759.9 0.9422852993 0.1723669767 -0.2870332599 -0.1748072207 0.9844505191 0.0173097942 0.2855536640 0.0338647217 0.9577642083
-168.3 -194.5 2613.6 0 0 0 0 0 0 0 0 0
278.1 3.8 2410.8 0 0 0 0 0 0 0 0 0
-67.5 -814.2 2545.1 0 0 0 0 0 0 0 0 0
76.4 -808.0 2749.1 0 0 0 0 0 0 0 0 0
131.9 479.2 2728.1 11 0.9990673065 0.0431234576 0.0022044308 -0.0429259986 0.9863738418 0.1588205248 0.0046744975 -0.1587670296 0.9873049855
123.1 278.2 2760.5 0.9990673065 0.0431234576 0.0022044308 -0.0429259986 0.9863738418 0.1588205248 0.0046744975 -0.1587670296 0.9873049855
114.4 85.0 2790.8 0.9989840984 0.0450186357 0.0020226978 -0.0447891019 0.9869375825 0.1547519267 0.0049704439 -0.1546853036 0.9879512787
-19.1 284.6 2759.7 0.2955636978 -0.9228934050 0.2467992604 0.9549799562 0.2923508584 -0.0504408106 -0.0256004836 0.2505968213 0.9677529931
-106.9 1.0 2767.3 0.3797909319 -0.9228934050 0.0634558052 0.7983710170 0.2923508584 -0.5264358521 0.4672927856 0.2505968213 0.8478435278
265.3 271.8 2761.2 0.0335675888 0.9943171740 0.1010273397 -0.9580113292 0.0608123131 -0.2802073061 -0.2847586274 -0.0873794556 0.9546085000
274.2 18.4 2685.9 -0.0856762603 0.9943171740 0.0631892830 -0.0300778598 0.0608123131 -0.9976959229 -0.9958689213 -0.0873794556 0.0246967617
17.6 -102.3 2835.3 0.8983441591 0.2374742329 0.3695723712 0.0585199706 0.7690992951 -0.6364445686 -0.4353770316 0.5933736563 0.6770188808
-75.4 -403.4 2603.0 0.8983441591 -0.0387629643 0.4375787675 0.0585199706 0.9977811575 -0.0317522697 -0.4353770316 0.0541315638 0.8986192942
197.9 -112.1 2830.7 0.9244097471 0.1732371002 -0.3397874236 -0.2268895507 0.9658892155 -0.1248164922 0.3065741360 0.1924757957 0.9321830869
130.0 -490.3 2755.3 0.9380626678 0.1616477817 -0.3064448535 -0.1580484658 0.9867491126 0.0366997272 0.3083166182 0.0140064983 0.9511806965
-205.7 -206.6 2645.9 0 0 0 0 0 0 0 0 0
250.7 10.1 2413.0 0 0 0 0 0 0 0 0 0
-59.4 -816.3 2580.6 0 0 0 0 0 0 0 0 0
78.0 -808.0 2750.8 0 0 0 0 0 0 0 0 0
124.6 479.5 2722.7 12 0.9986843467 0.0472356752 -0.0199587233 -0.0434546098 0.9862123132 0.1596778482 0.0272260308 -0.1586004645 0.9869673848
115.1 280.1 2754.8 0.9986843467 0.0472356752 -0.0199587233 -0.0434546098 0.9862123132 0.1596778482 0.0272260308 -0.1586004645 0.9869673848
105.5 86.9 2785.5 0.9985996485 0.0489637889 -0.0200312696 -0.0451911353 0.9863739610 0.1581902653 0.0275039189 -0.1570635140 0.9872054458
-27.2 286.5 2750.8 0.2845925987 -0.9301751256 0.2319079936 0.9576524496 0.2868778706 -0.0245535057 -0.0436902083 0.2290749997 0.9724277854
-113.1 -2.5 2764.0 0.4476620257 -0.8836618066 0.1368960440 0.8670957088 0.3915652037 -0.3079313934 0.2185034901 0.2565511763 0.9415082335
257.3 273.6 2758.7 0.0351570584 0.9883967042 0.1477699578 -0.9563906193 0.0761763230 -0.2819824815 -0.2899671197 -0.1314121336 0.9479714632
266.5 22.0 2682.4 -0.1278583556 0.9883967042 0.0820013434 -0.0498095714 0.0761763230 -0.9958494902 -0.9905408621 -0.1314121336 0.0394918397
15.4 -104.1 2820.6 0.9078593254 0.2295478880 0.3508549333 0.0283610858 0.8012754917 -0.5976229906 -0.4183145463 0.5525082350 0.7209352255
-74.4 -417.5 2604.5 0.9078593254 -0.0386570916 0.4174889922 0.0283610858 0.9991219044 0.0308397841 -0.4183145463 -0.0161577445 0.9081584811
195.8 -112.3 2821.5 0.9173149467 0.1677927822 -0.3610801101 -0.2255346477 0.9663220644 -0.1239182949 0.3281270862 0.1951081753 0.9242647886
130.1 -490.7 2745.1 0.9339738488 0.1583372802 -0.3203469515 -0.1428807676 0.9871644974 0.0713539794 0.3275331259 -0.0208713319 0.9446091652
-229.6 -228.3 2707.1 0 0 0 0 0 0 0 0 0
231.7 8.4 2412.2 0 0 0 0 0 0 0 0 0
-59.0 -813.8 2610.9 0 0 0 0 0 0 0 0 0
79.5 -806.3 2751.8 0 0 0 0 0 0 0 0 0
119.6 483.4 2719.0 13 0.9976421595 0.0584842302 -0.0359133594 -0.0519362986 0.9854234457 0.1619978696 0.0448641852 -0.1597507000 0.9861373901
107.8 284.9 2751.2 0.9976421595 0.0584842302 -0.0359133594 -0.0519362986 0.9854234457 0.1619978696 0.0448641852 -0.1597507000 0.9861373901
96.1 91.9 2782.2 0.9975612164 0.0598160662 -0.0359673984 -0.0532843620 0.9854990244 0.1610975713 0.0450820588 -0.1587881893 0.9862828851
-34.3 292.5 2744.7 0.2724682987 -0.9383255839 0.2128524035 0.9616997838 0.2724657953 -0.0299318656 -0.0299091656 0.2128555924 0.9766258001
-116.7 1.7 2753.8 0.4250853062 -0.8852307796 0.1888621300 0.9049008489 0.4106856585 -0.1117665172 0.0213761963 0.2184118032 0.9756225348
249.9 277.3 2757.6 0.0534749776 0.9690141082 0.2411473244 -0.9453626275 0.1269039661 -0.3003080785 -0.3216053247 -0.2119126916 0.9228559136
264.7 15.6 2668.6 -0.1981307119 0.9690141082 0.1474985778 -0.1129677817 0.1269039661 -0.9854611158 -0.9736439586 -0.2119126916 0.0843238086
5.7 -102.1 2813.8 0.9186869264 0.2097716033 0.3346793056 0.0175230615 0.8248389363 -0.5650961995 -0.3945976496 0.5250110626 0.7540928721
-76.3 -424.7 2608.5 0.9186869264 -0.0367414318 0.3932739794 0.0175230615 0.9984751344 0.0523482338 -0.3945976496 -0.0412002727 0.9179298878
186.2 -110.3 2818.8 0.9131401777 0.1502104998 -0.3789614737 -0.2106174380 0.9697865844 -0.1231025159 0.3490204513 0.1922257543 0.9171881080
127.3 -490.1 2743.5 0.9290340543 0.1468980014 -0.3395830691 -0.1268462539 0.9886389375 0.0806417689 0.3475711644 -0.0318441093 0.9371126890
-230.7 -241.1 2748.0 0 0 0 0 0 0 0 0 0
210.8 -15.1 2403.5 0 0 0 0 0 0 0 0 0
-62.0 -814.2 2624.5 0 0 0 0 0 0 0 0 0
80.7 -803.8 2753.6 0 0 0 0 0 0 0 0 0
113.7 478.4 2708.6 14 0.9918758869 0.0569669269 -0.1137409061 -0.0370569341 0.9847384095 0.1700500399 0.1216922700 -0.1644536406 0.9788492918
102.2 279.5 2741.8 0.9918758869 0.0569669269 -0.1137409061 -0.0370569341 0.9847384095 0.1700500399 0.1216922700 -0.1644536406 0.9788492918
91.3 86.6 2773.7 0.9919421077 0.0555673167 -0.1138556004 -0.0358975045 0.9851259589 0.1680422872 0.1214997694 -0.1626010984 0.9791826606
-38.7 284.6 2724.6 0.2747146189 -0.9484884739 0.1578019559 0.9568414688 0.2858496606 0.0523871332 -0.0947962254 0.1365999430 0.9860801697
-118.9 5.5 2752.2 0.3822039962 -0.9114189148 0.1524324715 0.9196422100 0.3913019001 0.0337789506 -0.0904338881 0.1272728741 0.9877364635
243.1 274.4 2759.1 0.0755692571 0.9207268357 0.3828202486 -0.9382135272 0.1956773996 -0.2854220271 -0.3377049863 -0.3375980258 0.8786255717
264.9 4.0 2661.7 -0.3006960452 0.9207268357 0.2486844510 -0.1955861151 0.1956773996 -0.9609664083 -0.9334495068 -0.3375980258 0.1212419719
-5.7 -96.3 2809.2 0.9393441081 0.1742679775 0.2954035699 -0.0027360206 0.8650749922 -0.5016350746 -0.3429651856 0.4703997672 0.8130798936
-73.7 -433.9 2625.7 0.9393674135 0.0111180320 0.3427321017 -0.0008029731 0.9995428324 -0.0302237887 -0.3429114521 0.0281160362 0.9389468431
174.5 -105.9 2817.4 0.8879871964 0.1168983430 -0.4447623491 -0.1853462309 0.9760964513 -0.1135011241 0.4208628535 0.1832225621 0.8884277940
128.8 -488.0 2745.7 0.8973709941 0.1595346481 -0.4114292264 -0.1348096579 0.9868986011 0.0886428058 0.4201805294 -0.0240808520 0.9071209431
-224.6 -249.0 2777.3 0 0 0 0 0 0 0 0 0
182.8 -49.5 2406.8 0 0 0 0 0 0 0 0 0
-77.8 -801.1 2615.3 0 0 0 0 0 0 0 0 0
77.5 -805.2 2753.4 0 0 0 0 0 0 0 0 0
107.2 475.9 2712.5 15 0.9886007905 0.0494244769 -0.1422170550 -0.0299598165 0.9902713299 0.1358862668 0.1475495845 -0.1300764680 0.9804638028
97.3 275.8 2738.7 0.9886007905 0.0494244769 -0.1422170550 -0.0299598165 0.9902713299 0.1358862668 0.1475495845 -0.1300764680 0.9804638028
87.9 81.9 2764.0 0.9886564612 0.0481065474 -0.1422820389 -0.0288294405 0.9904850721 0.1345665604 0.1474017799 -0.1289381981 0.9806363583
-43.4 279.9 2717.8 0.2685081363 -0.9520378709 0.1467217207 0.9560581446 0.2819992006 0.0801824406 -0.1177121326 0.1187448725 0.9859226942
-118.6 12.0 2750.7 0.3486974537 -0.9250772595 0.1504730731 0.9265055656 0.3644580543 0.0935831144 -0.1414127350 0.1067819521 0.9841747880
237.9 271.6 2759.7 0.0697720647 0.8854612708 0.4594455063 -0.9438105822 0.2077386528 -0.2570335865 -0.3230378926 -0.4156957567 0.8502020836
258.0 -0.0 2666.8 -0.3360411227 0.8854612708 0.3209901452 -0.3316441774 0.2077386528 -0.9202482104 -0.8815262318 -0.4156957567 0.2238493413
-9.0 -103.1 2794.6 0.9408619404 0.1668655425 0.2948468626 -0.0215936638 0.8980602026 -0.4393421710 -0.3381012976 0.4069935083 0.8485539556
-74.1 -453.3 2635.9 0.9416119456 0.0361271016 0.3347562850 -0.0046748407 0.9955338836 -0.0942890942 -0.3366676271 0.0872188061 0.9375754595
169.7 -109.5 2816.5 0.8794410825 0.1041117758 -0.4644826353 -0.1797405481 0.9761806130 -0.1215100884 0.4407683313 0.1903473288 0.8772064447
129.0 -491.8 2742.0 0.8868525624 0.1726297140 -0.4285924435 -0.1414333880 0.9844828248 0.1038759053 0.4398739636 -0.0315053314 0.8975067139
-216.2 -247.4 2790.3 0 0 0 0 0 0 0 0 0
167.2 -89.6 2428.8 0 0 0 0 0 0 0 0 0
-86.7 -801.0 2605.4 0 0 0 0 0 0 0 0 0
73.6 -807.3 2752.1 0 0 0 0 0 0 0 0 0
99.6 477.9 2704.4 16 0.9877220988 0.0398810133 -0.1510447264 -0.0188455731 0.9902226925 0.1382166445 0.1550801396 -0.1336731017 0.9788164496
91.5 277.9 2731.4 0.9877220988 0.0398810133 -0.1510447264 -0.0188455731 0.9902226925 0.1382166445 0.1550801396 -0.1336731017 0.9788164496
84.2 83.9 2756.8 0.9877812862 0.0377062596 -0.1512163579 -0.0173351951 0.9908520579 0.1338343620 0.1548794359 -0.1295777112 0.9793987870
-49.1 280.4 2709.3 0.2739269435 -0.9506837130 0.1454802006 0.9507117271 0.2905196249 0.1083771735 -0.1452972740 0.1086223051 0.9834073186
-123.8 21.1 2748.9 0.3410436809 -0.9269712567 0.1562483162 0.9202015996 0.3631730974 0.1460628659 -0.1921412647 0.0939661264 0.9768582582
232.2 275.4 2753.4 0.0594648905 0.8891409039 0.4537536800 -0.9651121497 0.1673246622 -0.2013976127 -0.2549950182 -0.4259470999 0.8680706024
248.9 4.1 2681.7 -0.2917636931 0.8891409039 0.3525654972 -0.5098019838 0.1673246622 -0.8438627720 -0.8093057871 -0.4259470999 0.4044665396
-10.6 -109.3 2776.0 0.9387616515 0.1642616540 0.3028939068 -0.0387243219 0.9237821102 -0.3809554279 -0.3423843384 0.3458969891 0.8735721111
-74.7 -469.6 2641.1 0.9413365126 0.0390501544 0.3352023363 0.0042406325 0.9918352962 -0.1274549067 -0.3374426663 0.1213994250 0.9334852099
167.8 -114.6 2802.6 0.8785042167 0.1005823761 -0.4670262635 -0.1650311947 0.9812976718 -0.0990936607 0.4483247101 0.1641280949 0.8786733747
128.4 -498.8 2738.3 0.8820544481 0.1813476682 -0.4348482192 -0.1466550231 0.9827834368 0.1123789027 0.4477412999 -0.0353516303 0.8934640288
-219.1 -236.1 2802.6 0 0 0 0 0 0 0 0 0
171.2 -131.7 2466.2 0 0 0 0 0 0 0 0 0
-87.8 -802.5 2600.3 0 0 0 0 0 0 0 0 0
71.9 -804.9 2749.4 0 0 0 0 0 0 0 0 0
92.3 480.1 2699.8 17 0.9917594790 0.0544549040 -0.1159646586 -0.0400212072 0.9915564656 0.1233453304 0.1217022687 -0.1176878586 0.9855648875
81.3 280.3 2723.5 0.9917594790 0.0544549040 -0.1159646586 -0.0400212072 0.9915564656 0.1233453304 0.1217022687 -0.1176878586 0.9855648875
70.8 86.1 2746.0 0.9917843342 0.0535932258 -0.1161535904 -0.0395653993 0.9920000434 0.1198769659 0.1216489598 -0.1142964289 0.9859704971
-59.9 285.9 2706.2 0.2520863712 -0.9495510459 0.1865618527 0.9547916651 0.2754461169 0.1118137315 -0.1575605869 0.1499409974 0.9760596156
-127.8 28.6 2748.7 0.3308145404 -0.9240762591 0.1914283782 0.9245775342 0.3579986095 0.1303584427 -0.1889922321 0.1338659227 0.9728113413
222.5 274.7 2740.8 0.0270367526 0.9424412251 0.3332769871 -0.9820705056 0.0872653350 -0.1670995951 -0.1865650862 -0.3227836490 0.9279031157
230.0 1.6 2689.0 -0.1841548681 0.9424412251 0.2790905237 -0.6702815294 0.0872653350 -0.7369582057 -0.7188947201 -0.3227836490 0.6156306267
-12.4 -108.5 2768.2 0.9287582040 0.1624870151 0.3331758380 -0.0371230021 0.9350610375 -0.3525375426 -0.3688225150 0.3150536716 0.8744776249
-75.8 -473.8 2645.1 0.9318305850 0.0435083844 0.3602759838 0.0093711009 0.9895707965 -0.1437423229 -0.3627725542 0.1373196691 0.9217045903
166.0 -111.7 2796.1 0.8929016590 0.1088715866 -0.4368908703 -0.1595087200 0.9838827848 -0.0808181763 0.4210506380 0.1418505907 0.8958765268
123.4 -496.9 2740.6 0.8963347077 0.1669691056 -0.4107376635 -0.1402805448 0.9855894446 0.0945242643 0.4206013381 -0.0271068756 0.9068405032
-219.9 -228.7 2801.3 0 0 0 0 0 0 0 0 0
181.0 -176.6 2497.8 0 0 0 0 0 0 0 0 0
-90.4 -804.9 2599.1 0 0 0 0 0 0 0 0 0
71.2 -804.8 2749.1 0 0 0 0 0 0 0 0 0
80.6 483.9 2697.0 18 0.9929683805 0.0437536612 -0.1099971905 -0.0315672792 0.9934096932 0.1101846322 0.1140932590 -0.1059375405 0.9878056049
71.8 283.8 2718.4 0.9929683805 0.0437536612 -0.1099971905 -0.0315672792 0.9934096932 0.1101846322 0.1140932590 -0.1059375405 0.9878056049
63.9 89.2 2738.8 0.9931126237 0.0401170440 -0.1100815311 -0.0281501543 0.9937319756 0.1081863120 0.1137316525 -0.1043423861 0.9880170822
-69.7 287.8 2702.2 0.2322158366 -0.9522809386 0.1980828941 0.9573855400 0.2597323954 0.1263013482 -0.1717229187 0.1603125185 0.9720139503
-132.2 30.1 2748.4 0.2933672667 -0.9381492734 0.1838793904 0.9482199550 0.3100351393 0.0689719468 -0.1217150465 0.1541240066 0.9805260301
213.2 279.8 2734.6 0.0177818108 0.9396813512 0.3415885866 -0.9876269102 0.0697476193 -0.1404576749 -0.1558104455 -0.3348644972 0.9292948246
218.1 6.5 2691.5 -0.0783529803 0.9462524652 0.3137946427 -0.8160468936 0.1199277118 -0.5654067397 -0.5726501942 -0.3003724515 0.7627897263
-29.3 -104.5 2757.5 0.9270336628 0.1300550699 0.3517020047 -0.0165009815 0.9511668682 -0.3082357347 -0.3746148944 0.2799414694 0.8839097619
-80.1 -476.1 2648.1 0.9289431572 0.0390354358 0.3681586981 0.0177518614 0.9885856509 -0.1496103257 -0.3697965145 0.1455149949 0.9176469445
149.8 -111.7 2779.4 0.9003099799 0.0925846696 -0.4252882004 -0.1291243285 0.9899401069 -0.0578399375 0.4156547487 0.1069889292 0.9032078981
113.5 -499.0 2737.5 0.9028892517 0.1376976669 -0.4072227478 -0.1116165742 0.9899134636 0.0872529298 0.4151298106 -0.0333269201 0.9091515541
-213.4 -232.4 2782.1 0 0 0 0 0 0 0 0 0
197.4 -209.4 2540.0 0 0 0 0 0 0 0 0 0
-93.4 -812.2 2598.6 0 0 0 0 0 0 0 0 0
70.7 -806.7 2747.9 0 0 0 0 0 0 0 0 0
68.3 487.7 2695.7 19 0.9955292940 0.0278213825 -0.0902631953 -0.0190471634 0.9951360226 0.0966512635 0.0925131366 -0.0944999009 0.9912169576
62.7 287.8 2714.6 0.9955292940 0.0278213825 -0.0902631953 -0.0190471634 0.9951360226 0.0966512635 0.0925131366 -0.0944999009 0.9912169576
57.1 92.9 2733.0 0.9955072403 0.0285479538 -0.0902790651 -0.0198242646 0.9951751232 0.0960910842 0.0925866812 -0.0938696563 0.9912700057
-79.1 290.6 2701.5 0.2269036025 -0.9490036368 0.2188763171 0.9582049251 0.2577383220 0.1241543815 -0.1742357761 0.1815572828 0.9678217173
-138.8 38.4 2747.3 0.2454971075 -0.9499187469 0.1933534145 0.9669346213 0.2541613877 0.0209616236 -0.0690548122 0.1818141043 0.9809052348
204.5 285.0 2727.8 0.0284256674 0.9320652485 0.3611736298 -0.9923458099 0.0697517246 -0.1019040868 -0.1201737374 -0.3555124402 0.9269137979
212.2 13.9 2695.0 -0.0014163738 0.9348326325 0.3550859094 -0.9182727933 0.1393792033 -0.3706056476 -0.3959458470 -0.3265906274 0.8582339287
-33.7 -102.8 2749.0 0.9180616736 0.1284255087 0.3750594854 -0.0107994415 0.9538251758 -0.3001681864 -0.3962904513 0.2715224922 0.8770572543
-83.9 -475.9 2642.8 0.9195872545 0.0390796438 0.3909374475 0.0179950241 0.9898069501 -0.1412740052 -0.3924735487 0.1369487047 0.9095106125
145.7 -107.9 2769.6 0.9094511271 0.1010451093 -0.4033466876 -0.1312429458 0.9901942015 -0.0478614606 0.3945553899 0.0964640677 0.9137946963
106.2 -495.5 2731.8 0.9157220125 0.1122017205 -0.3858289421 -0.0847791955 0.9925566912 0.0874283537 0.3927667141 -0.0473498031 0.9184183478
-206.6 -228.7 2766.4 0 0 0 0 0 0 0 0 0
211.9 -229.2 2590.2 0 0 0 0 0 0 0 0 0
-97.3 -814.3 2596.0 0 0 0 0 0 0 0 0 0
70.8 -808.1 2746.7 0 0 0 0 0 0 0 0 0
52.8 489.8 2685.5 20 0.9981307387 0.0121287080 -0.0598993488 -0.0059981090 0.9948188663 0.1014864221 0.0608199015 -0.1009374335 0.9930320382
50.3 288.5 2705.9 0.9981307387 0.0121287080 -0.0598993488 -0.0059981090 0.9948188663 0.1014864221 0.0608199015 -0.1009374335 0.9930320382
47.5 93.7 2724.7 0.9980998039 0.0142036648 -0.0599584244 -0.0083347177 0.9952473640 0.0970218852 0.0610515289 -0.0963377878 0.9934746027
-91.8 289.7 2697.2 0.2049933076 -0.9471453428 0.2467658669 0.9628368020 0.2404404283 0.1230191588 -0.1758495122 0.2123771459 0.9612351060
-144.5 42.2 2742.4 0.2243456692 -0.9519435763 0.2085005939 0.9744897485 0.2205135077 -0.0417559296 -0.0062279114 0.2125494480 0.9771304727
192.4 287.4 2714.6 0.0686745942 0.9192790985 0.3875690401 -0.9962504506 0.0836826786 -0.0219590347 -0.0526192971 -0.3846078217 0.9215791225
210.8 20.9 2700.5 0.0324510112 0.9188130498 0.3933567405 -0.9640922546 0.1325653344 -0.2301142365 -0.2635774314 -0.3717647195 0.8901224136
-38.5 -100.2 2743.0 0.9041705132 0.1278865337 0.4075790942 -0.0083615277 0.9592497945 -0.2824356854 -0.4270898700 0.2519620359 0.8683947325
-88.5 -475.6 2644.4 0.9059157372 0.0352793001 0.4219857752 0.0256462302 0.9901232123 -0.1378344446 -0.4226806164 0.1356887370 0.8960634470
141.4 -103.7 2759.8 0.9212917089 0.1067254469 -0.3739401698 -0.1362847090 0.9892274737 -0.0534369610 0.3642088175 0.1001933590 0.9259120822
99.6 -491.1 2720.5 0.9323791265 0.0858454555 -0.3511405289 -0.0496241711 0.9925920367 0.1108985394 0.3580594361 -0.0859744251 0.9297321439
-206.5 -226.9 2744.1 0 0 0 0 0 0 0 0 0
219.5 -237.9 2629.8 0 0 0 0 0 0 0 0 0
-100.6 -814.6 2597.9 0 0 0 0 0 0 0 0 0
72.0 -810.3 2748.2 0 0 0 0 0 0 0 0 0
38.4 494.6 2680.4 21 0.9965975881 -0.0138158733 -0.0812547356 0.0216901638 0.9950636029 0.0968398005 0.0795157030 -0.0982727408 0.9919776917
41.2 293.6 2700.2 0.9965975881 -0.0138158733 -0.0812547356 0.0216901638 0.9950636029 0.0968398005 0.0795157030 -0.0982727408 0.9919776917
43.8 98.7 2718.8 0.9966069460 -0.0134351579 -0.0812043175 0.0210097991 0.9954297543 0.0931570530 0.0795816109 -0.0945470482 0.9923344254
-100.7 290.6 2688.9 0.1936974674 -0.9547538161 0.2256689519 0.9651207924 0.2267379463 0.1308884919 -0.1761339903 0.1924450248 0.9653713107
-151.2 38.9 2734.8 0.2214729041 -0.9606801271 0.1674617231 0.9713569880 0.2021661699 -0.1248777211 0.0861124471 0.1903221458 0.9779376984
183.1 296.6 2711.6 0.0904583782 0.9252133369 0.3685071468 -0.9956516623 0.0922839865 0.0127071096 -0.0222505201 -0.3680542111 0.9295380712
209.0 10.8 2705.2 0.1283352524 0.9192824364 0.3720885217 -0.9881654978 0.1503178775 -0.0305521619 -0.0840176195 -0.3637641072 0.9276943207
-45.4 -100.5 2738.0 0.9083745480 0.1243262589 0.3992476463 -0.0107084997 0.9613813758 -0.2750113010 -0.4180203676 0.2455379218 0.8746256828
-94.1 -476.9 2641.9 0.9103386402 0.0166234411 0.4135302007 0.0388169549 0.9913589358 -0.1253025085 -0.4120398164 0.1301196963 0.9018270969
134.9 -102.0 2749.0 0.9147669673 0.1136201024 -0.3876750171 -0.1437014788 0.9883871078 -0.0494040474 0.3775596917 0.1009026617 0.9204712510
90.4 -489.1 2709.5 0.9313805103 0.0538635589 -0.3600403965 -0.0055534588 0.9909808040 0.1338887811 0.3640048504 -0.1227019280 0.9232793450
-212.3 -228.8 2711.1 0 0 0 0 0 0 0 0 0
243.5 -254.6 2682.6 0 0 0 0 0 0 0 0 0
-99.8 -814.7 2597.5 0 0 0 0 0 0 0 0 0
72.8 -812.3 2749.5 0 0 0 0 0 0 0 0 0
24.9 497.0 2677.8 22 0.9941514730 -0.0407631248 -0.1000058278 0.0495395288 0.9949839711 0.0869063213 0.0959616229 -0.0913522914 0.9911841750
33.1 296.4 2696.2 0.9941514730 -0.0407631248 -0.1000058278 0.0495395288 0.9949839711 0.0869063213 0.0959616229 -0.0913522914 0.9911841750
40.1 101.6 2713.8 0.9943440557 -0.0359027050 -0.0999541730 0.0445398092 0.9953365326 0.0855654478 0.0964160115 -0.0895334333 0.9913060665
-108.5 290.1 2682.5 0.1914408058 -0.9598475695 0.2050440013 0.9676981568 0.2194993645 0.1240173653 -0.1640447974 0.1746787280 0.9708638787
-157.8 41.0 2724.7 0.2223666906 -0.9647983909 0.1404176801 0.9663324952 0.1989793926 -0.1631217003 0.1294393390 0.1719630063 0.9765624404
174.7 302.8 2710.0 0.1506715566 0.9262852073 0.3453894258 -0.9884182811 0.1347582936 0.0697818547 0.0180938095 -0.3519033492 0.9358614683
219.8 6.7 2715.4 0.1786780953 0.9261351824 0.3321862817 -0.9795185328 0.1355822831 0.1488652229 0.0928307474 -0.3519815505 0.9313921928
-43.6 -98.0 2730.1 0.9075843692 0.1533730328 0.3908545673 -0.0450602546 0.9610981345 -0.2725068629 -0.4174447954 0.2297109663 0.8791886568
-103.6 -474.2 2640.2 0.9117994905 -0.0019492878 0.4106310606 0.0526322126 0.9922955036 -0.1121584773 -0.4072487354 0.1238784641 0.9048771262
136.4 -94.2 2744.5 0.9059652090 0.1376385689 -0.4003532529 -0.1726596802 0.9835778475 -0.0525671095 0.3865433037 0.1167488322 0.9148519039
82.6 -479.3 2698.8 0.9310387373 0.0307163186 -0.3636253476 0.0260657333 0.9883082509 0.1502243876 0.3639882803 -0.1493428946 0.9193525910
-219.2 -225.8 2689.0 0 0 0 0 0 0 0 0 0
268.1 -257.9 2740.5 0 0 0 0 0 0 0 0 0
-102.9 -813.7 2597.8 0 0 0 0 0 0 0 0 0
72.2 -812.6 2749.1 0 0 0 0 0 0 0 0 0
2.7 495.6 2676.6 23 0.9889929891 -0.0441992544 -0.1412064433 0.0510501750 0.9976696968 0.0452671312 0.1388766021 -0.0519774891 0.9889447093
11.6 295.0 2687.0 0.9889929891 -0.0441992544 -0.1412064433 0.0510501750 0.9976696968 0.0452671312 0.1388766021 -0.0519774891 0.9889447093
19.5 99.7 2697.1 0.9891870618 -0.0396162048 -0.1412075013 0.0464304909 0.9978941679 0.0452926457 0.1391158253 -0.0513592325 0.9889433980
-129.2 288.5 2667.2 0.1778793037 -0.9703006744 0.1639375836 0.9773373604 0.1936254352 0.0855618641 -0.1147632226 0.1450026482 0.9827530980
-174.3 40.7 2696.3 0.2590020001 -0.9614848495 0.0920046046 0.9385735393 0.2280478030 -0.2589862645 0.2280299217 0.1534310579 0.9614890814
152.4 301.4 2706.8 0.2820565701 0.9199355245 0.2723283470 -0.9537181258 0.2380129993 0.1837702841 0.1042391285 -0.3115580976 0.9444923401
235.1 21.6 2737.4 0.2373594046 0.9379425645 0.2528325617 -0.9531081915 0.1745584011 0.2472127974 0.1877373457 -0.2996550798 0.9353938103
-46.7 -97.8 2717.7 0.9167041779 0.1636105627 0.3645339608 -0.0713584870 0.9646926522 -0.2535272241 -0.3931429684 0.2063968778 0.8960127831
-110.4 -473.3 2637.4 0.9227202535 -0.0213673543 0.3848775625 0.0674510971 0.9920076132 -0.1066362858 -0.3795229197 0.1243558750 0.9167867899
134.9 -89.7 2738.3 0.8828628659 0.1771647483 -0.4349319637 -0.2324775755 0.9695515633 -0.0769671500 0.4080531001 0.1690633595 0.8971679211
65.9 -467.3 2672.5 0.9275658131 -0.0139242401 -0.3734002411 0.0869615227 0.9799104333 0.1794804037 0.3633996844 -0.1989513487 0.9101423025
-245.5 -217.4 2633.6 0 0 0 0 0 0 0 0 0
301.2 -243.8 2789.7 0 0 0 0 0 0 0 0 0
-103.0 -813.8 2594.7 0 0 0 0 0 0 0 0 0
70.9 -819.0 2743.9 0 0 0 0 0 0 0 0 0
-10.1 492.5 2665.9 24 0.9796971679 -0.0438168086 -0.1956363320 0.0538902432 0.9974651933 0.0464656875 0.1931044459 -0.0560651906 0.9795750976
-1.3 291.7 2677.2 0.9796971679 -0.0438168086 -0.1956363320 0.0538902432 0.9974651933 0.0464656875 0.1931044459 -0.0560651906 0.9795750976
6.5 96.4 2687.9 0.9798736572 -0.0397814363 -0.1956145167 0.0496776141 0.9977079630 0.0459451005 0.1933384091 -0.0547380559 0.9796040058
-140.7 284.6 2649.7 0.1791760623 -0.9779384732 0.1073882505 0.9791865945 0.1878450811 0.0768625066 -0.0953391567 0.0913812071 0.9912416339
-189.3 18.8 2675.6 0.3511505127 -0.9362780452 0.0087606125 0.8592935205 0.3185330033 -0.4001891017 0.3718977273 0.1480545402 0.9163907170
138.0 298.7 2704.7 0.3264484107 0.9254913330 0.1920866519 -0.9242163301 0.2699376643 0.2701071799 0.1981304139 -0.2657056749 0.9434748888
231.6 33.7 2761.5 0.3210979700 0.9194859266 0.2268077731 -0.9429402351 0.2881259024 0.1668747216 0.0880897567 -0.2674493194 0.9595369101
-63.9 -99.9 2692.1 0.9368719459 0.1311273575 0.3241551816 -0.0711018145 0.9790960550 -0.1905660778 -0.3423675001 0.1554879993 0.9266110063
-115.0 -481.5 2631.5 0.9417968392 -0.0403460041 0.3337528110 0.0815013871 0.9905578494 -0.1102393642 -0.3261537552 0.1310244054 0.9361924529
