-67.0 525.3 2285.7 42 0.9974235892 -0.0613744184 -0.0371393338 0.0648793280 0.9926676750 0.1019883081 0.0306075420 -0.1041351184 0.9940920472
-54.7 326.6 2306.5 0.9974235892 -0.0613744184 -0.0371393338 0.0648793280 0.9926676750 0.1019883081 0.0306075420 -0.1041351184 0.9940920472
-43.0 129.1 2326.5 0.9975914955 -0.0587220788 -0.0369179659 0.0621032529 0.9932143688 0.0983278230 0.0308934413 -0.1003837213 0.9944690466
-195.1 317.8 2302.2 0.1463133842 -0.9740747809 -0.1725418270 0.9825163484 0.1227930263 0.1399411410 -0.1151262075 -0.1900004297 0.9750106335
-238.3 27.4 2336.2 0.1246728897 -0.9683443308 -0.2162544429 0.9490129948 0.1799817532 -0.2588067651 0.2895359099 -0.1729620844 0.9414101839
85.7 335.3 2310.9 0.2043788731 0.9550208449 0.2148591876 -0.9750846028 0.2179591805 -0.0412775315 -0.0862514377 -0.2010696381 0.9757723808
142.8 62.8 2286.7 0.0798774734 0.9623787403 0.2597050965 -0.9449996352 0.1560098380 -0.2874659300 -0.3171676397 -0.2224591672 0.9219092131
-120.0 -76.9 2347.4 0.9472710490 -0.0033425421 0.3204159141 -0.0005542958 0.9999269843 0.0120698325 -0.3204328418 -0.0116110090 0.9472000599
-118.6 -474.4 2352.0 0.9320557117 -0.1697558016 0.3200861216 0.1629376113 0.9854595065 0.0481762066 -0.3236100972 0.0072511630 0.9461627603
63.0 -64.7 2354.3 0.9959586859 0.0404329672 0.0801968202 -0.0089560803 0.9331927896 -0.3592644930 -0.0893652216 0.3570943475 0.9297835827
46.9 -435.8 2212.2 0.9956594706 -0.0345121846 0.0864359587 0.0492529459 0.9833893180 -0.1746986955 -0.0789709687 0.1781976223 0.9808206558
-273.9 -243.2 2253.6 0 0 0 0 0 0 0 0 0
164.1 -188.8 2202.3 0 0 0 0 0 0 0 0 0
-69.8 -758.0 2349.9 0 0 0 0 0 0 0 0 0
59.8 -803.9 2145.6 0 0 0 0 0 0 0 0 0
-68.1 524.1 2283.2 43 0.9978519678 -0.0606859289 -0.0246707965 0.0627037585 0.9938277006 0.0915134996 0.0189649388 -0.0928638801 0.9954981804
-56.0 325.4 2301.8 0.9978519678 -0.0606859289 -0.0246707965 0.0627037585 0.9938277006 0.0915134996 0.0189649388 -0.0928638801 0.9954981804
-44.6 127.8 2319.9 0.9980436563 -0.0574878119 -0.0245778039 0.0594796985 0.9941686392 0.0899491012 0.0192635041 -0.0912350118 0.9956430793
-196.5 317.1 2299.1 0.1465546191 -0.9759742618 -0.1612325609 0.9838796854 0.1269306093 0.1259739250 -0.1024819613 -0.1770954877 0.9788435102
-239.7 26.9 2329.3 0.1196435094 -0.9713248014 -0.2054594308 0.9484424591 0.1729998589 -0.2655710280 0.2935001850 -0.1630925983 0.9419439435
84.4 333.8 2304.5 0.2153440267 0.9516025782 0.2192702889 -0.9744315743 0.2241335809 -0.0157252382 -0.0641100109 -0.2102775425 0.9755374193
143.6 66.0 2286.9 0.0809353814 0.9614000320 0.2629817724 -0.9597264528 0.1463851929 -0.2397843599 -0.2690253258 -0.2329835296 0.9345287681
-122.9 -74.0 2343.6 0.9433031678 -0.0016889343 0.3319281638 -0.0026487799 0.9999169111 0.0126153687 -0.3319219053 -0.0127793215 0.9432203174
-122.2 -471.5 2348.7 0.9258372188 -0.1817337871 0.3313581944 0.1692872494 0.9833334684 0.0663103834 -0.3378864527 -0.0052979090 0.9411719441
60.2 -62.6 2349.3 0.9951342344 0.0362718925 0.0916087478 -0.0024506412 0.9385958314 -0.3450099528 -0.0984977484 0.3431067169 0.9341177344
45.8 -435.8 2212.8 0.9951046705 -0.0268499684 0.0951095074 0.0488464646 0.9702412486 -0.2371623814 -0.0859113634 0.2406471521 0.9668030739
-273.9 -244.0 2245.5 0 0 0 0 0 0 0 0 0
165.2 -189.4 2215.3 0 0 0 0 0 0 0 0 0
-69.4 -757.1 2350.2 0 0 0 0 0 0 0 0 0
55.9 -802.1 2122.0 0 0 0 0 0 0 0 0 0
-67.9 524.9 2276.0 44 0.9980204105 -0.0586201213 -0.0227810629 0.0605054311 0.9937781096 0.0935102478 0.0171577409 -0.0947035104 0.9953576326
-56.2 326.1 2294.9 0.9980204105 -0.0586201213 -0.0227810629 0.0605054311 0.9937781096 0.0935102478 0.0171577409 -0.0947035104 0.9953576326
-45.2 128.5 2313.3 0.9982145429 -0.0552743003 -0.0226379540 0.0571165979 0.9942104816 0.0910123065 0.0174762495 -0.0921428129 0.9955924153
-196.7 318.1 2292.5 0.1581690907 -0.9743003249 -0.1603789777 0.9828784466 0.1398054957 0.1200184748 -0.0945121795 -0.1766162515 0.9797316790
-243.5 27.0 2320.5 0.0946872607 -0.9730865359 -0.2100877911 0.9474017024 0.1528912336 -0.2811659575 0.3057194054 -0.1724146903 0.9363806844
84.3 334.2 2297.4 0.2196806967 0.9514152408 0.2157531381 -0.9747298956 0.2232422680 0.0080335066 -0.0405220203 -0.2120658457 0.9764149189
145.1 64.3 2286.2 0.0909578130 0.9623897672 0.2559933960 -0.9712308645 0.1425379813 -0.1907707602 -0.2200846076 -0.2312766165 0.9476675987
-124.7 -75.3 2336.3 0.9427037835 0.0033076692 0.3336145580 -0.0121857878 0.9996250272 0.0245227870 -0.3334083557 -0.0271830801 0.9423905611
-126.1 -472.7 2347.1 0.9219535589 -0.1973270178 0.3332621753 0.1803862751 0.9802244306 0.0813683793 -0.3427278996 -0.0149019472 0.9393165112
58.4 -64.4 2339.8 0.9952564836 0.0299939625 0.0925467312 0.0033163896 0.9402737617 -0.3404031098 -0.0972292945 0.3390953243 0.9357140660
46.5 -438.2 2205.0 0.9954475164 -0.0103789186 0.0947444662 0.0348060429 0.9649853110 -0.2599844337 -0.0887286589 0.2620985210 0.9609534740
-270.7 -244.8 2232.8 0 0 0 0 0 0 0 0 0
169.3 -194.0 2227.6 0 0 0 0 0 0 0 0 0
-69.0 -756.2 2351.4 0 0 0 0 0 0 0 0 0
50.4 -804.7 2105.5 0 0 0 0 0 0 0 0 0
-66.8 520.4 2257.9 45 0.9976883531 -0.0567050725 -0.0374496318 0.0609550029 0.9903703332 0.1243022680 0.0300404374 -0.1262976676 0.9915374517
-55.4 321.3 2283.3 0.9976883531 -0.0567050725 -0.0374496318 0.0609550029 0.9903703332 0.1243022680 0.0300404374 -0.1262976676 0.9915374517
-44.6 124.2 2306.8 0.9978238940 -0.0545738228 -0.0370024070 0.0585411713 0.9914830327 0.1163372621 0.0303382892 -0.1182502583 0.9925202727
-195.8 313.0 2279.0 0.1773185283 -0.9686390758 -0.1740590036 0.9772548676 0.1523955166 0.1474738270 -0.1163230985 -0.1962498426 0.9736297727
-248.3 23.9 2313.4 0.0774051845 -0.9690919518 -0.2342418879 0.9436047673 0.1470655948 -0.2966172397 0.3218983114 -0.1980720460 0.9258233905
85.0 329.5 2287.6 0.2103756517 0.9564214349 0.2024848610 -0.9775201678 0.2087614685 0.0295454618 -0.0140131237 -0.2041486949 0.9788395762
144.6 52.6 2283.6 0.0979264677 0.9664164186 0.2375914007 -0.9792737365 0.1361050755 -0.1499943435 -0.1772943884 -0.2179786116 0.9597145319
-125.8 -74.4 2330.0 0.9473625422 0.0122074150 0.3199299872 -0.0254007000 0.9989888072 0.0370974950 -0.3191536069 -0.0432712212 0.9467146397
-130.6 -471.5 2347.2 0.9236189723 -0.2107698917 0.3201625943 0.1966177374 0.9775067568 0.0763022304 -0.3290432990 -0.0075245420 0.9442848563
57.4 -63.9 2333.2 0.9963339567 0.0336076692 0.0786710754 -0.0051540290 0.9415141344 -0.3369340301 -0.0853934959 0.3352933526 0.9382357597
44.0 -438.3 2199.9 0.9965578914 -0.0195207074 0.0805688873 0.0413541906 0.9593810439 -0.2790661156 -0.0718486980 0.2814373970 0.9568859935
-270.5 -247.0 2221.0 0 0 0 0 0 0 0 0 0
170.7 -208.2 2236.4 0 0 0 0 0 0 0 0 0
-69.4 -755.6 2349.4 0 0 0 0 0 0 0 0 0
51.5 -803.8 2092.7 0 0 0 0 0 0 0 0 0
-64.6 518.9 2249.8 46 0.9984447360 -0.0517412387 -0.0207594968 0.0539728552 0.9903765917 0.1274406463 0.0139657836 -0.1283628792 0.9916289449
-54.2 319.9 2275.6 0.9984447360 -0.0517412387 -0.0207594968 0.0539728552 0.9903765917 0.1274406463 0.0139657836 -0.1283628792 0.9916289449
-44.1 122.8 2299.7 0.9985083938 -0.0506470986 -0.0203924160 0.0527406596 0.9913312793 0.1203358397 0.0141209783 -0.1212318540 0.9925237894
-194.7 312.4 2273.6 0.1842022389 -0.9698272347 -0.1597018987 0.9766526818 0.1623278558 0.1407098323 -0.1105401516 -0.1818923354 0.9770854712
-249.1 23.8 2306.3 0.0720545053 -0.9714829326 -0.2258961648 0.9372642040 0.1434042305 -0.3177594841 0.3410923779 -0.1888283789 0.9208690524
86.3 327.3 2277.6 0.2126984596 0.9538656473 0.2118955255 -0.9769844413 0.2040244490 0.0622531734 0.0161492974 -0.2202597857 0.9753075838
146.0 53.3 2282.1 0.1143355072 0.9624207616 0.2463202327 -0.9829539061 0.1455297470 -0.1123510152 -0.1439758688 -0.2292757332 0.9626544714
-125.3 -78.2 2327.5 0.9417873025 0.0251669865 0.3352660835 -0.0401261263 0.9984806776 0.0377655961 -0.3338062763 -0.0490200855 0.9413662553
-135.3 -475.1 2347.0 0.9133121967 -0.2299812585 0.3361092806 0.2126109302 0.9731530547 0.0881463215 -0.3473577797 -0.0090445969 0.9376890659
57.8 -67.4 2333.1 0.9951975346 0.0359353684 0.0910522789 -0.0018281192 0.9368382096 -0.3497582376 -0.0978699476 0.3479120731 0.9324047565
43.5 -439.9 2194.8 0.9955261946 -0.0133963050 0.0935316533 0.0389584638 0.9600335360 -0.2771604061 -0.0860805959 0.2795642912 0.9562603831
-269.7 -243.9 2208.9 0 0 0 0 0 0 0 0 0
176.4 -208.7 2243.8 0 0 0 0 0 0 0 0 0
-68.8 -756.7 2349.6 0 0 0 0 0 0 0 0 0
48.6 -806.3 2088.1 0 0 0 0 0 0 0 0 0
-62.6 517.8 2238.3 47 0.9987493157 -0.0493825264 -0.0078197010 0.0499929152 0.9885513783 0.1423618346 0.0006999886 -0.1425747275 0.9897838235
-52.7 318.7 2267.0 0.9987493157 -0.0493825264 -0.0078197010 0.0499929152 0.9885513783 0.1423618346 0.0006999886 -0.1425747275 0.9897838235
-43.5 121.9 2293.2 0.9989106655 -0.0460888632 -0.0073005240 0.0466489717 0.9902045131 0.1316013038 0.0011636579 -0.1317985058 0.9912758470
-193.3 312.1 2266.9 0.1922348887 -0.9698615670 -0.1497141570 0.9754812121 0.1721905470 0.1370648146 -0.1071545333 -0.1723919958 0.9791827798
-250.2 23.0 2298.6 0.0563350208 -0.9733321667 -0.2223754078 0.9326052070 0.1308235526 -0.3363521397 0.3564743102 -0.1884400547 0.9151045680
87.9 325.3 2267.2 0.2159632146 0.9511041641 0.2208183408 -0.9755942225 0.2009992748 0.0884039104 0.0396970026 -0.2345210910 0.9713001847
148.2 52.9 2278.3 0.1202960163 0.9605501890 0.2507432401 -0.9884966612 0.1392212063 -0.0590913109 -0.0916689485 -0.2407504022 0.9662484527
-125.7 -79.1 2322.5 0.9374427795 0.0265334174 0.3471268415 -0.0446559787 0.9980192184 0.0443110764 -0.3452635407 -0.0570403859 0.9367707968
-136.2 -475.9 2345.2 0.9077017307 -0.2344289571 0.3480239511 0.2147573978 0.9720689058 0.0946642607 -0.3604952991 -0.0111861965 0.9326939583
57.5 -69.4 2325.1 0.9944140315 0.0341553688 0.0998708457 0.0035196748 0.9349392653 -0.3547903001 -0.1054911688 0.3531599641 0.9295964837
43.9 -441.1 2184.7 0.9946317077 -0.0075596031 0.1032016799 0.0324866697 0.9697157741 -0.2420658618 -0.0982463807 0.2441190630 0.9647556543
-266.3 -242.4 2197.2 0 0 0 0 0 0 0 0 0
180.2 -210.5 2253.9 0 0 0 0 0 0 0 0 0
-68.1 -758.4 2348.5 0 0 0 0 0 0 0 0 0
46.8 -811.3 2091.5 0 0 0 0 0 0 0 0 0
-60.0 520.3 2232.0 48 0.9987695217 -0.0489175096 -0.0081523340 0.0495743938 0.9892302155 0.1377171129 0.0013277560 -0.1379518062 0.9904380441
-50.1 321.6 2259.8 0.9987695217 -0.0489175096 -0.0081523340 0.0495743938 0.9892302155 0.1377171129 0.0013277560 -0.1379518062 0.9904380441
-40.6 124.7 2285.5 0.9988248944 -0.0478442311 -0.0077283382 0.0484417714 0.9904551506 0.1290424317 0.0014806365 -0.1292651743 0.9916089773
-190.7 314.7 2259.5 0.1998240948 -0.9683978558 -0.1492513418 0.9739080667 0.1795741171 0.1387666762 -0.1075796634 -0.1730860174 0.9790137410
-250.7 22.3 2291.8 0.0474224724 -0.9726096988 -0.2275554687 0.9272434115 0.1275788248 -0.3520558178 0.3714441657 -0.1943039447 0.9078960419
90.4 328.4 2260.0 0.2044029385 0.9541504979 0.2186692953 -0.9776470065 0.1877458841 0.0946456715 0.0492519513 -0.2331272364 0.9711982012
149.9 43.9 2274.3 0.1140653118 0.9627196193 0.2452754974 -0.9907226562 0.1285871863 -0.0439763479 -0.0738761798 -0.2379838228 0.9684554935
-126.0 -79.2 2319.3 0.9379553795 0.0110365637 0.3465802372 -0.0215817969 0.9994136691 0.0265816394 -0.3460836411 -0.0324122161 0.9376436472
-130.4 -476.4 2332.2 0.9129319787 -0.2165427804 0.3459255397 0.1830029339 0.9748398662 0.1272681653 -0.3647809923 -0.0528817885 0.9295904040
57.3 -70.7 2319.6 0.9944319129 0.0318180807 0.1004626304 0.0057396446 0.9355602264 -0.3531205356 -0.1052244604 0.3517309427 0.9301683307
44.6 -442.7 2179.7 0.9945978522 -0.0015779812 0.1037911028 0.0251430422 0.9737718105 -0.2261332721 -0.1007120162 0.2275213003 0.9685510397
-264.2 -241.2 2186.3 0 0 0 0 0 0 0 0 0
180.2 -218.7 2254.7 0 0 0 0 0 0 0 0 0
-67.3 -760.2 2347.6 0 0 0 0 0 0 0 0 0
45.2 -814.6 2092.8 0 0 0 0 0 0 0 0 0
-57.6 521.5 2229.4 49 0.9988853335 -0.0465520918 0.0078089894 0.0453066900 0.9919699430 0.1180801168 -0.0132431593 -0.1175946966 0.9929733872
-48.3 322.5 2253.0 0.9988853335 -0.0465520918 0.0078089894 0.0453066900 0.9919699430 0.1180801168 -0.0132431593 -0.1175946966 0.9929733872
-39.2 125.2 2275.1 0.9989193678 -0.0457639396 0.0081055770 0.0445744991 0.9927413464 0.1117037535 -0.0131587451 -0.1112217456 0.9937084913
-188.8 316.3 2254.9 0.1946548671 -0.9716819525 -0.1339539886 0.9764688015 0.1790402532 0.1202219650 -0.0928343534 -0.1542036682 0.9836681485
-247.2 23.2 2282.7 0.0516014732 -0.9764289856 -0.2095800042 0.9278318286 0.1245018914 -0.3516068459 0.3694122136 -0.1763115674 0.9123863578
92.3 328.8 2251.1 0.2008151859 0.9529104233 0.2272332162 -0.9775495529 0.1798171997 0.1098302901 0.0637979880 -0.2441873103 0.9676271677
149.5 50.6 2269.3 0.1216546521 0.9601992369 0.2514310777 -0.9912943840 0.1303863227 -0.0183003321 -0.0503551364 -0.2470158935 0.9677021503
-122.7 -76.7 2311.0 0.9324956536 -0.0031550706 0.3611674607 -0.0035648295 0.9998327494 0.0179383010 -0.3611636460 -0.0180148873 0.9323284030
-121.5 -474.0 2318.2 0.9151154160 -0.1867587417 0.3573302329 0.1391917020 0.9781011939 0.1547377110 -0.3784037530 -0.0918654576 0.9210707545
60.5 -67.8 2311.3 0.9925937057 0.0397984646 0.1147774234 0.0011919051 0.9415773749 -0.3367945552 -0.1214757338 0.3344369531 0.9345563650
44.7 -442.1 2178.3 0.9929211736 0.0039101816 0.1187109947 0.0226858594 0.9748150706 -0.2218579203 -0.1165887713 0.2229804844 0.9678257704
-262.0 -242.6 2176.9 0 0 0 0 0 0 0 0 0
181.6 -211.6 2256.0 0 0 0 0 0 0 0 0 0
-67.5 -757.0 2344.8 0 0 0 0 0 0 0 0 0
43.2 -814.6 2093.1 0 0 0 0 0 0 0 0 0
-53.3 522.2 2221.1 50 0.9991436601 -0.0405286252 0.0083306786 0.0392778330 0.9923558831 0.1169917583 -0.0130085126 -0.1165643632 0.9930979609
-45.2 323.0 2244.5 0.9991436601 -0.0405286252 0.0083306786 0.0392778330 0.9923558831 0.1169917583 -0.0130085126 -0.1165643632 0.9930979609
-37.2 125.5 2266.1 0.9991490841 -0.0403255709 0.0086601106 0.0391448550 0.9932814837 0.1089014784 -0.0129934419 -0.1084698141 0.9940147996
-185.8 317.5 2246.3 0.1852940172 -0.9731473923 -0.1365660280 0.9797674417 0.1722539365 0.1019036248 -0.0756432116 -0.1526850909 0.9853757620
-241.6 22.5 2269.1 0.0573439151 -0.9769693613 -0.2055300474 0.9273114800 0.1283929348 -0.3515801728 0.3698716760 -0.1704293936 0.9133174419
95.4 328.5 2242.7 0.1913889796 0.9551859498 0.2258099020 -0.9788289070 0.1687390208 0.1158493310 0.0725547075 -0.2432015538 0.9672583938
149.5 52.1 2263.2 0.1249800399 0.9603207111 0.2493272722 -0.9909809828 0.1330694258 -0.0157884415 -0.0483398028 -0.2451053262 0.9682905674
-121.8 -76.2 2298.4 0.9322901368 -0.0193711445 0.3611922562 0.0149117224 0.9997743368 0.0151296752 -0.3614038229 -0.0087192487 0.9323686361
-114.1 -473.6 2301.9 0.9218830466 -0.1618660688 0.3520384431 0.0980865061 0.9764586687 0.1921132356 -0.3748475909 -0.1425757110 0.9160575271
61.5 -68.0 2296.0 0.9925903678 0.0417533703 0.1141095012 -0.0039426289 0.9496795535 -0.3131983280 -0.1214445457 0.3104277551 0.9428074360
44.9 -445.5 2172.6 0.9929641485 0.0084981760 0.1181102544 0.0158173833 0.9789646268 -0.2034159303 -0.1173544303 0.2038529217 0.9719423652
-258.0 -244.0 2162.8 0 0 0 0 0 0 0 0 0
182.5 -209.7 2250.4 0 0 0 0 0 0 0 0 0
-67.4 -755.3 2343.0 0 0 0 0 0 0 0 0 0
41.7 -819.6 2094.7 0 0 0 0 0 0 0 0 0
-48.8 518.7 2212.4 51 0.9992296100 -0.0376484804 -0.0110807903 0.0386681296 0.9927206039 0.1140638962 0.0067057963 -0.1144044921 0.9934116006
-41.3 319.4 2235.4 0.9992296100 -0.0376484804 -0.0110807903 0.0386681296 0.9927206039 0.1140638962 0.0067057963 -0.1144044921 0.9934116006
-33.8 121.9 2256.8 0.9992290735 -0.0377373248 -0.0108260000 0.0386828408 0.9934684038 0.1073509529 0.0067041512 -0.1076869667 0.9941622615
-181.9 313.9 2234.5 0.1833487004 -0.9711312056 -0.1526022404 0.9790232778 0.1663521081 0.1176452339 -0.0888632536 -0.1709712446 0.9812604785
-236.5 22.1 2261.0 0.0657711402 -0.9730349183 -0.2210818082 0.9224051833 0.1437935829 -0.3584579825 0.3805823028 -0.1803508103 0.9069899321
99.3 324.8 2236.3 0.1854985654 0.9602926970 0.2083944231 -0.9803522229 0.1663787812 0.1059606448 0.0670808256 -0.2239554822 0.9722880721
150.8 53.0 2254.9 0.1141779497 0.9667645097 0.2287569791 -0.9927688837 0.1196217015 -0.0100267883 -0.0370578431 -0.2259579748 0.9734319448
-120.8 -75.5 2288.8 0.9389433265 -0.0269818641 0.3430121839 0.0270684455 0.9996232986 0.0045361742 -0.3430053592 0.0050255964 0.9393200278
-110.1 -472.9 2286.8 0.9330080152 -0.1471054852 0.3284143209 0.0732911453 0.9711796045 0.2268007696 -0.3523129225 -0.1875370741 0.9168999195
62.5 -68.3 2286.4 0.9945408106 0.0419539772 0.0955428928 -0.0101369824 0.9501288533 -0.3116928935 -0.1038548127 0.3090227842 0.9453671575
45.8 -446.0 2163.6 0.9948694706 0.0093662934 0.1007326394 0.0075713312 0.9860193729 -0.1664587855 -0.1008834317 0.1663674414 0.9808896184
-255.5 -244.2 2151.1 0 0 0 0 0 0 0 0 0
180.9 -209.1 2245.2 0 0 0 0 0 0 0 0 0
-67.5 -754.0 2341.1 0 0 0 0 0 0 0 0 0
42.3 -822.7 2100.0 0 0 0 0 0 0 0 0 0
-44.1 519.7 2200.1 52 0.9992823005 -0.0326034985 -0.0192841981 0.0346550271 0.9924193025 0.1179109365 0.0152937016 -0.1184946075 0.9928368926
-37.5 320.5 2223.9 0.9992823005 -0.0326034985 -0.0192841981 0.0346550271 0.9924193025 0.1179109365 0.0152937016 -0.1184946075 0.9928368926
-31.1 123.0 2245.9 0.9992933869 -0.0324161984 -0.0190243106 0.0343167894 0.9933419228 0.1099737063 0.0153327147 -0.1105488539 0.9937524199
-178.2 315.7 2221.7 0.1659571230 -0.9733062387 -0.1585346013 0.9804356098 0.1455959976 0.1324681491 -0.1058500707 -0.1774170101 0.9784267545
-227.4 24.6 2253.2 0.0834696069 -0.9720758200 -0.2193203866 0.9181469679 0.1605695039 -0.3622479737 0.3873486519 -0.1711316556 0.9059111476
103.1 325.3 2226.0 0.1835879833 0.9624102712 0.2001548111 -0.9803825021 0.1644043624 0.1087258682 0.0717325732 -0.2161890417 0.9737128615
154.9 48.7 2246.3 0.0947077200 0.9703013897 0.2225886434 -0.9945589304 0.1019684225 -0.0213294569 -0.0433930159 -0.2193574607 0.9746791124
-117.9 -79.2 2277.6 0.9422685504 -0.0174386241 0.3344038129 0.0091504101 0.9996110201 0.0263444930 -0.3347331285 -0.0217636544 0.9420616031
-111.0 -476.4 2286.2 0.9331946373 -0.1556519866 0.3239138722 0.0824586451 0.9700290561 0.2285699695 -0.3497832417 -0.1865907758 0.9180607796
65.4 -72.1 2278.8 0.9952042699 0.0465050824 0.0860562772 -0.0179458801 0.9516285062 -0.3067265451 -0.0961579457 0.3037112057 0.9478993416
46.9 -450.4 2158.1 0.9956709743 0.0097846948 0.0924311578 0.0041332953 0.9887987971 -0.1491974741 -0.0928556696 0.1489336491 0.9844778180
-251.5 -240.0 2141.5 0 0 0 0 0 0 0 0 0
179.9 -213.9 2234.8 0 0 0 0 0 0 0 0 0
-67.3 -748.7 2338.6 0 0 0 0 0 0 0 0 0
43.2 -828.2 2101.2 0 0 0 0 0 0 0 0 0
-39.8 521.5 2200.4 53 0.9997242689 -0.0220854916 -0.0079727825 0.0227166228 0.9956421256 0.0904470906 0.0059404699 -0.0906032622 0.9958693385
-35.4 322.3 2218.6 0.9997242689 -0.0220854916 -0.0079727825 0.0227166228 0.9956421256 0.0904470906 0.0059404699 -0.0906032622 0.9958693385
-31.3 124.4 2235.9 0.9997551441 -0.0206688382 -0.0079026734 0.0212796181 0.9959651828 0.0871812403 0.0060688527 -0.0873280615 0.9961611032
-176.1 319.3 2217.7 0.1565254033 -0.9764997959 -0.1481483877 0.9841759801 0.1415935755 0.1065313965 -0.0830510333 -0.1624789536 0.9832106233
-222.7 26.5 2242.4 0.0917373523 -0.9745892882 -0.2043527067 0.9150224328 0.1634609699 -0.3688014150 0.3928335905 -0.1531544477 0.9067664742
105.3 325.3 2219.4 0.1840854287 0.9607558250 0.2075109035 -0.9807804823 0.1656559408 0.1030908525 0.0646697283 -0.2225001752 0.9727854133
157.0 49.6 2237.6 0.0911721438 0.9684381485 0.2319809794 -0.9938600659 0.1031524166 -0.0400221795 -0.0626884028 -0.2269077152 0.9718966484
-116.3 -77.6 2266.4 0.9389809966 -0.0198689085 0.3433946371 0.0061684442 0.9991424084 0.0409436151 -0.3439136744 -0.0363270640 0.9382983446
-108.4 -474.7 2280.9 0.9308150411 -0.1526272744 0.3320967555 0.0714648739 0.9670979381 0.2441605777 -0.3584356308 -0.2035350800 0.9110968113
67.0 -71.3 2269.2 0.9947916269 0.0388800204 0.0942227915 -0.0115241576 0.9613673091 -0.2750273943 -0.1012757793 0.2725090981 0.9568082094
51.6 -453.3 2161.0 0.9948917031 0.0245863590 0.0979081169 -0.0077974531 0.9857060909 -0.1682935208 -0.1006463543 0.1666703969 0.9808624983
-249.0 -236.1 2129.7 0 0 0 0 0 0 0 0 0
181.1 -212.6 2221.0 0 0 0 0 0 0 0 0 0
-65.1 -749.0 2338.6 0 0 0 0 0 0 0 0 0
42.2 -830.0 2097.3 0 0 0 0 0 0 0 0 0
-34.5 522.3 2193.6 54 0.9999020696 -0.0127186682 -0.0058391201 0.0131668644 0.9963347316 0.0845202953 0.0047427327 -0.0845889002 0.9964046478
-31.9 323.1 2210.5 0.9999020696 -0.0127186682 -0.0058391201 0.0131668644 0.9963347316 0.0845202953 0.0047427327 -0.0845889002 0.9964046478
-29.7 125.0 2226.7 0.9999187589 -0.0113518434 -0.0057969200 0.0117843878 0.9966422915 0.0810262263 0.0048576589 -0.0810879543 0.9966951013
-172.7 321.4 2209.9 0.1613016725 -0.9759467244 -0.1466620862 0.9842042923 0.1480872631 0.0970156789 -0.0729633495 -0.1599942446 0.9844176769
-220.5 29.4 2231.5 0.0865318105 -0.9749361873 -0.2049674392 0.9139016271 0.1595856547 -0.3732508421 0.3966056108 -0.1550220102 0.9048050642
108.8 324.7 2211.2 0.1793056130 0.9612082243 0.2095907927 -0.9820783138 0.1623093635 0.0958012640 0.0580664091 -0.2230122834 0.9730846882
158.8 50.9 2227.4 0.0881491452 0.9670717120 0.2387509495 -0.9901825190 0.1111736670 -0.0847291797 -0.1084820181 -0.2289382070 0.9673773646
-119.0 -75.5 2252.8 0.9382387400 -0.0361546725 0.3440943956 0.0129701924 0.9975015521 0.0694437549 -0.3457454145 -0.0606918484 0.9363635182
-104.6 -471.9 2276.9 0.9333310723 -0.1368602067 0.3319072425 0.0534706376 0.9671687484 0.2484462559 -0.3550126851 -0.2141353190 0.9100066423
64.5 -71.6 2253.8 0.9953882694 0.0169543922 0.0944177583 0.0057690316 0.9718958139 -0.2353405803 -0.0957542807 0.2347999662 0.9673159122
57.7 -457.6 2160.6 0.9942181706 0.0498022623 0.0951310918 -0.0312110279 0.9817199707 -0.1877546310 -0.1027426943 0.1836999208 0.9775981903
-245.3 -232.3 2117.9 0 0 0 0 0 0 0 0 0
182.0 -210.2 2198.8 0 0 0 0 0 0 0 0 0
-65.4 -748.9 2338.2 0 0 0 0 0 0 0 0 0
38.7 -832.6 2090.4 0 0 0 0 0 0 0 0 0
-28.6 525.3 2190.7 55 0.9997602105 -0.0067766276 -0.0208219215 0.0081633395 0.9977025986 0.0672523528 0.0203183405 -0.0674062073 0.9975187182
-27.2 325.7 2204.2 0.9997602105 -0.0067766276 -0.0208219215 0.0081633395 0.9977025986 0.0672523528 0.0203183405 -0.0674062073 0.9975187182
-26.0 127.4 2217.4 0.9997637868 -0.0062511642 -0.0208171234 0.0076236422 0.9977561235 0.0665175393 0.0203546006 -0.0666605234 0.9975680709
-167.9 324.7 2201.3 0.1644216031 -0.9731110334 -0.1613084078 0.9847397804 0.1524806470 0.0838882774 -0.0570361987 -0.1726398468 0.9833322763
-216.6 33.1 2218.2 0.0959231406 -0.9714283943 -0.2170844227 0.9186010361 0.1703884751 -0.3565668762 0.3833678663 -0.1652109623 0.9086992741
113.5 326.8 2207.0 0.1594673097 0.9670937657 0.1982418448 -0.9867581725 0.1501194388 0.0614204556 0.0296393875 -0.2054113150 0.9782268405
158.2 49.7 2215.4 0.0940014794 0.9702417850 0.2231471092 -0.9861806631 0.1214596033 -0.1126734018 -0.1364237964 -0.2094718963 0.9682510495
-119.2 -74.2 2242.3 0.9423455596 -0.0620672815 0.3288349807 0.0386042371 0.9962514639 0.0774129555 -0.3324071467 -0.0602553338 0.9412091970
-94.5 -470.1 2266.3 0.9442936778 -0.1064997166 0.3113957345 0.0221996680 0.9646499157 0.2625980973 -0.3283544779 -0.2410568446 0.9132770300
64.3 -72.0 2243.2 0.9968835711 -0.0013151343 0.0788756162 0.0185042676 0.9758629799 -0.2175984234 -0.0766856223 0.2183798254 0.9728460908
64.8 -459.7 2156.5 0.9940127134 0.0756867826 0.0788050815 -0.0596092120 0.9800852537 -0.1894190609 -0.0915722176 0.1835874468 0.9787288308
-244.1 -230.2 2108.3 0 0 0 0 0 0 0 0 0
183.0 -210.4 2179.4 0 0 0 0 0 0 0 0 0
-63.7 -749.3 2336.1 0 0 0 0 0 0 0 0 0
35.9 -834.1 2086.3 0 0 0 0 0 0 0 0 0
-24.1 523.3 2176.2 56 0.9996131659 -0.0018756991 -0.0277496986 0.0041427566 0.9966347218 0.0818663612 0.0275027566 -0.0819496512 0.9962569475
-23.7 323.7 2192.6 0.9996131659 -0.0018756991 -0.0277496986 0.0041427566 0.9966347218 0.0818663612 0.0275027566 -0.0819496512 0.9962569475
-24.1 125.5 2207.9 0.9996133447 0.0017613751 -0.0277494062 0.0003737847 0.9970501661 0.0767518952 0.0278027393 -0.0767325908 0.9966639876
-164.4 323.7 2188.7 0.1698277742 -0.9708623290 -0.1690706164 0.9836587906 0.1565940082 0.0888466090 -0.0597823784 -0.1813964099 0.9815912843
-214.2 35.3 2206.3 0.1012867913 -0.9687585235 -0.2263800204 0.9192615151 0.1781412512 -0.3510327935 0.3803936243 -0.1725474447 0.9085857272
116.9 323.8 2196.6 0.1695687026 0.9660824537 0.1947592050 -0.9853917360 0.1630348861 0.0492220521 0.0158000179 -0.2002606243 0.9796152711
163.2 54.7 2200.9 0.0675093159 0.9719133377 0.2254484743 -0.9825268984 0.1040439829 -0.1543235779 -0.1734456867 -0.2110909075 0.9619548917
-116.4 -71.6 2228.8 0.9441873431 -0.0653470755 0.3228622973 0.0427802987 0.9961504340 0.0765122026 -0.3266192675 -0.0584297068 0.9433481693
-90.4 -467.6 2252.0 0.9497923255 -0.0864470750 0.3007015288 -0.0057073203 0.9561264515 0.2928987443 -0.3128288984 -0.2799091935 0.9076281786
67.0 -70.2 2232.5 0.9974529147 -0.0138060739 0.0699791908 0.0281100161 0.9777749181 -0.2077644169 -0.0655554906 0.2092023343 0.9756725430
72.5 -458.8 2149.4 0.9920911193 0.1046560332 0.0692991540 -0.0921287537 0.9821052551 -0.1642606407 -0.0852499232 0.1565770656 0.9839797020
-243.3 -229.0 2096.9 0 0 0 0 0 0 0 0 0
181.0 -204.2 2155.2 0 0 0 0 0 0 0 0 0
-65.0 -748.9 2334.4 0 0 0 0 0 0 0 0 0
32.5 -833.8 2089.6 0 0 0 0 0 0 0 0 0
-19.4 522.2 2169.0 57 0.9993411899 -0.0037049393 -0.0361032188 0.0065546185 0.9968422651 0.0791358873 0.0356960222 -0.0793203935 0.9962098598
-18.6 322.8 2184.9 0.9993411899 -0.0037049393 -0.0361032188 0.0065546185 0.9968422651 0.0791358873 0.0356960222 -0.0793203935 0.9962098598
-18.2 124.5 2200.0 0.9993463159 -0.0020565183 -0.0360936262 0.0047901599 0.9971103668 0.0758154020 0.0358334109 -0.0759387389 0.9964684248
-159.3 322.1 2179.8 0.1857172698 -0.9668011665 -0.1755124480 0.9804952741 0.1706448495 0.0975159407 -0.0643282309 -0.1901995093 0.9796356559
-213.9 33.5 2198.8 0.1021555141 -0.9653533697 -0.2401190549 0.9175539017 0.1846821457 -0.3521184027 0.3842643797 -0.1843513399 0.9046300054
122.0 323.4 2189.9 0.1740234047 0.9660064578 0.1911736280 -0.9846901298 0.1726867855 0.0237615835 -0.0100593148 -0.1923818588 0.9812685847
170.0 51.8 2187.2 0.0360716991 0.9739601612 0.2238311470 -0.9792934656 0.0790964440 -0.1863548011 -0.1992064118 -0.2124742419 0.9566459656
-116.1 -72.7 2220.6 0.9478080869 -0.0603425950 0.3130792975 0.0283949040 0.9940009713 0.1056207865 -0.3175745606 -0.0912183747 0.9438355565
-92.2 -467.6 2256.8 0.9500691891 -0.0915526226 0.2983062863 0.0070854872 0.9620726109 0.2727014720 -0.3119588494 -0.2569716275 0.9146842360
67.3 -72.6 2225.7 0.9976185560 -0.0274102017 0.0632919744 0.0406015217 0.9751843810 -0.2176394910 -0.0557557978 0.2196909487 0.9739749432
78.2 -460.2 2138.4 0.9905441403 0.1231338382 0.0605008304 -0.1147206128 0.9852501154 -0.1269700974 -0.0752427652 0.1188287959 0.9900597334
-243.4 -231.3 2087.9 0 0 0 0 0 0 0 0 0
179.5 -206.3 2134.7 0 0 0 0 0 0 0 0 0
-65.4 -748.8 2331.9 0 0 0 0 0 0 0 0 0
31.2 -836.3 2093.0 0 0 0 0 0 0 0 0 0
-14.3 521.7 2159.4 58 0.9987664819 -0.0027097173 -0.0495803580 0.0068916320 0.9964106083 0.0843709037 0.0491737723 -0.0846085176 0.9952001572
-13.7 322.2 2176.3 0.9987664819 -0.0027097173 -0.0495803580 0.0068916320 0.9964106083 0.0843709037 0.0491737723 -0.0846085176 0.9952001572
-13.1 124.0 2192.2 0.9987660050 -0.0030992811 -0.0495664254 0.0070430213 0.9968028665 0.0795893297 0.0491612814 -0.0798402131 0.9955946803
-154.3 321.2 2169.4 0.1958719492 -0.9621332288 -0.1895620525 0.9788445830 0.1801698506 0.0969645083 -0.0591394082 -0.2045444250 0.9770691395
-212.1 32.3 2186.9 0.1061405614 -0.9605951905 -0.2568872869 0.9169450998 0.1944895089 -0.3484042585 0.3846373260 -0.1985716969 0.9014562368
126.8 323.2 2183.3 0.1718212813 0.9678522944 0.1836827993 -0.9844569564 0.1755748242 -0.0042456482 -0.0363592394 -0.1800983250 0.9829763770
174.3 51.0 2173.2 0.0137082255 0.9762390852 0.2162622809 -0.9746153951 0.0613815151 -0.2153070122 -0.2234656215 -0.2078210860 0.9522990584
-109.5 -74.1 2211.8 0.9517700672 -0.0587223880 0.3011401296 0.0314555317 0.9950171709 0.0946116000 -0.3051954210 -0.0805759653 0.9488747120
-86.2 -469.6 2243.8 0.9568158984 -0.0677807555 0.2826819122 -0.0200463943 0.9547364116 0.2967769206 -0.2900024951 -0.2896276116 0.9121482372
73.9 -73.2 2218.4 0.9984612465 -0.0229256246 0.0504934564 0.0328670070 0.9780297279 -0.2058581710 -0.0446646735 0.2072009742 0.9772782922
83.0 -462.0 2136.0 0.9898053408 0.1339017302 0.0485362485 -0.1267654002 0.9835894108 -0.1283836812 -0.0649305359 0.1209221408 0.9905361533
-242.7 -232.1 2076.0 0 0 0 0 0 0 0 0 0
177.9 -206.0 2114.3 0 0 0 0 0 0 0 0 0
-66.1 -752.2 2329.5 0 0 0 0 0 0 0 0 0
31.8 -837.7 2089.8 0 0 0 0 0 0 0 0 0
-8.9 522.5 2150.1 59 0.9980465174 -0.0019762947 -0.0624439977 0.0075292443 0.9960194826 0.0888173133 0.0620199069 -0.0891139656 0.9940886497
-8.5 322.5 2168.0 0.9980465174 -0.0019762947 -0.0624439977 0.0075292443 0.9960194826 0.0888173133 0.0620199069 -0.0891139656 0.9940886497
-7.9 124.4 2184.2 0.9980449677 -0.0030634210 -0.0624249838 0.0081442194 0.9966564178 0.0812994763 0.0619672053 -0.0816489384 0.9947329164
-148.9 321.4 2159.3 0.2080347687 -0.9566621780 -0.2037620395 0.9769629240 0.1930936128 0.0908750519 -0.0475915782 -0.2179731280 0.9747936726
-210.7 31.3 2173.4 0.1047700644 -0.9555325508 -0.2756461501 0.9108458161 0.2034649551 -0.3591126502 0.3992281556 -0.2134468853 0.8916598558
132.0 323.7 2176.7 0.1594288647 0.9718453884 0.1734904200 -0.9861882925 0.1647763848 -0.0167750232 -0.0448898561 -0.1684198081 0.9846926928
176.4 49.0 2164.2 0.0082124444 0.9781534672 0.2077218145 -0.9630217552 0.0636794493 -0.2617900670 -0.2692984641 -0.1978906989 0.9425060153
-104.1 -74.8 2203.6 0.9569030404 -0.0347520486 0.2883208394 0.0036871757 0.9941880107 0.1075947210 -0.2903842330 -0.1018946245 0.9514696598
-90.3 -469.8 2244.1 0.9578602314 -0.0769200921 0.2767435908 -0.0074147261 0.9565331340 0.2915293872 -0.2871388793 -0.2812963724 0.9156547189
79.1 -73.5 2212.6 0.9991803765 -0.0134054283 0.0381950624 0.0210187417 0.9782162309 -0.2065216154 -0.0345945209 0.2071551532 0.9776962399
84.4 -462.4 2130.2 0.9898403883 0.1374124736 0.0365219265 -0.1332163364 0.9860740900 -0.0995556042 -0.0496935062 0.0936788395 0.9943615198
-240.9 -231.3 2058.3 0 0 0 0 0 0 0 0 0
178.6 -204.8 2093.2 0 0 0 0 0 0 0 0 0
-67.5 -754.2 2327.7 0 0 0 0 0 0 0 0 0
32.0 -839.1 2094.5 0 0 0 0 0 0 0 0 0
-2.8 522.9 2143.9 60 0.9973769784 -0.0050378973 -0.0722061172 0.0109926658 0.9965460896 0.0823106915 0.0715420544 -0.0828885287 0.9939875603
-1.8 322.9 2160.6 0.9973769784 -0.0050378973 -0.0722061172 0.0109926658 0.9965460896 0.0823106915 0.0715420544 -0.0828885287 0.9939875603
-0.6 124.7 2176.1 0.9973734021 -0.0060217618 -0.0721804425 0.0116408868 0.9969102144 0.0776824802 0.0714896321 -0.0783186853 0.9943618178
-142.2 321.2 2150.5 0.2250303477 -0.9504999518 -0.2142690122 0.9737873077 0.2119103372 0.0826574862 -0.0331601128 -0.2272529006 0.9732710719
-208.7 33.1 2160.3 0.0855528489 -0.9528672099 -0.2910752892 0.9168645144 0.1896282434 -0.3512842357 0.3899233341 -0.2368232459 0.8898733258
138.6 324.5 2170.6 0.1520408839 0.9743590355 0.1658555120 -0.9868128896 0.1590766162 -0.0299165789 -0.0555332229 -0.1591198146 0.9856961966
180.6 51.4 2155.3 -0.0005937621 0.9794889092 0.2014971375 -0.9512376189 0.0616002977 -0.3022455871 -0.3084584773 -0.1918511242 0.9316901565
-98.8 -74.5 2194.8 0.9599992633 -0.0228530206 0.2790684104 -0.0049588345 0.9951198101 0.0985492170 -0.2799586356 -0.0959910303 0.9552009702
-89.7 -470.0 2232.9 0.9609425068 -0.0717850551 0.2672758698 -0.0164944511 0.9492004514 0.3142394722 -0.2762560546 -0.3063746393 0.9109430313
84.3 -73.0 2206.1 0.9995471835 -0.0053758537 0.0296068378 0.0113148317 0.9788509011 -0.2042618990 -0.0278825965 0.2045043856 0.9784684777
86.5 -462.2 2124.8 0.9907575846 0.1325734258 0.0287010316 -0.1299209595 0.9882815480 -0.0801258758 -0.0389872603 0.0756564513 0.9963714480
-233.3 -229.6 2048.6 0 0 0 0 0 0 0 0 0
180.5 -199.3 2074.0 0 0 0 0 0 0 0 0 0
-67.9 -758.3 2325.9 0 0 0 0 0 0 0 0 0
35.8 -839.8 2095.9 0 0 0 0 0 0 0 0 0
1.5 522.1 2140.9 61 0.9966329336 -0.0052425978 -0.0818248391 0.0108012250 0.9976513982 0.0676392615 0.0812780559 -0.0682953298 0.9943488240
2.6 322.1 2154.5 0.9966329336 -0.0052425978 -0.0818248391 0.0108012250 0.9976513982 0.0676392615 0.0812780559 -0.0682953298 0.9943488240
3.7 123.8 2167.7 0.9966334701 -0.0053323498 -0.0818126202 0.0107017988 0.9978060722 0.0653336868 0.0812847465 -0.0659892783 0.9945039749
-137.7 320.6 2143.1 0.2242164165 -0.9486599565 -0.2230948359 0.9742939472 0.2130701244 0.0731599331 -0.0218690541 -0.2337636054 0.9720475078
-203.9 32.9 2149.6 0.0798510462 -0.9511928558 -0.2980872691 0.9156945944 0.1881553680 -0.3551069498 0.3938619196 -0.2446012348 0.8860265613
142.8 323.6 2166.0 0.1631296873 0.9736316800 0.1594679505 -0.9826605916 0.1747792512 -0.0618902408 -0.0881299898 -0.1466067284 0.9852611423
187.8 53.1 2141.7 -0.0092195868 0.9803546071 0.1970273852 -0.9456775784 0.0554862656 -0.3203360438 -0.3249752522 -0.1892777532 0.9265878201
-90.9 -74.6 2185.2 0.9629194140 0.0016470717 0.2697841525 -0.0263532549 0.9957734942 0.0879812688 -0.2684989870 -0.0918285623 0.9588930011
-91.6 -470.3 2221.7 0.9621886611 -0.0763033703 0.2614780664 -0.0167139955 0.9416131377 0.3362816274 -0.2718706131 -0.3279367089 0.9047341347
92.1 -72.5 2198.3 0.9997546077 -0.0094908029 0.0200159568 0.0133346347 0.9793649912 -0.2016592622 -0.0176890176 0.2018766850 0.9792512059
95.9 -461.8 2118.0 0.9864252806 0.1631833166 0.0183402915 -0.1620908082 0.9854872227 -0.0504133999 -0.0263007488 0.0467562601 0.9985600114
-226.7 -228.4 2037.2 0 0 0 0 0 0 0 0 0
185.3 -196.3 2056.0 0 0 0 0 0 0 0 0 0
-68.1 -760.3 2322.6 0 0 0 0 0 0 0 0 0
33.6 -838.2 2100.2 0 0 0 0 0 0 0 0 0
7.3 529.1 2133.3 62 0.9978530407 -0.0048496644 -0.0653129742 0.0093349284 0.9976043701 0.0685444251 0.0648240894 -0.0690069571 0.9955078363
8.3 328.5 2147.2 0.9978530407 -0.0048496644 -0.0653129742 0.0093349284 0.9976043701 0.0685444251 0.0648240894 -0.0690069571 0.9955078363
9.2 130.1 2159.8 0.9978560209 -0.0045920666 -0.0652858838 0.0087026786 0.9979869723 0.0628190488 0.0648659915 -0.0632525235 0.9958872795
-132.1 327.2 2138.1 0.2298510373 -0.9506169558 -0.2085567117 0.9731164575 0.2212732285 0.0638950318 -0.0145916892 -0.2176363021 0.9759208560
-201.3 34.3 2142.5 0.0713590831 -0.9545422792 -0.2894078791 0.9073395133 0.1826348007 -0.3786549270 0.4142980874 -0.2355707437 0.8791265488
148.7 329.7 2156.3 0.1436711103 0.9738865495 0.1757940799 -0.9853258729 0.1573126763 -0.0662242994 -0.0921495929 -0.1636999398 0.9821969271
189.3 51.4 2130.3 0.0289190393 0.9771780372 0.2104441226 -0.9290997982 0.1039324701 -0.3549248576 -0.3686967492 -0.1852595061 0.9109015465
-86.7 -75.6 2173.3 0.9582539797 0.0123306643 0.2856522501 -0.0354543217 0.9964833260 0.0759207979 -0.2837115526 -0.0828790143 0.9553213120
-91.6 -471.6 2206.3 0.9583730102 -0.0731864497 0.2759799957 -0.0369451568 0.9266766310 0.3740394413 -0.2831188440 -0.3686654270 0.8853979707
96.2 -73.6 2188.2 0.9992667437 -0.0137716699 0.0357252993 0.0205688942 0.9800832272 -0.1975190789 -0.0322935991 0.1981090903 0.9796478748
101.7 -463.3 2109.5 0.9824480414 0.1836781651 0.0325288810 -0.1834052801 0.9829734564 -0.0112085463 -0.0340337902 0.0050458461 0.9994079471
-221.6 -224.1 2024.5 0 0 0 0 0 0 0 0 0
196.9 -193.2 2033.2 0 0 0 0 0 0 0 0 0
-68.8 -759.9 2321.0 0 0 0 0 0 0 0 0 0
31.5 -838.5 2107.6 0 0 0 0 0 0 0 0 0
13.7 530.2 2129.5 63 0.9967886806 -0.0098818215 -0.0794646889 0.0146664251 0.9980993867 0.0598541014 0.0787221938 -0.0608273521 0.9950391054
15.7 329.4 2141.8 0.9967886806 -0.0098818215 -0.0794646889 0.0146664251 0.9980993867 0.0598541014 0.0787221938 -0.0608273521 0.9950391054
17.6 131.0 2152.9 0.9967951179 -0.0096107991 -0.0794173852 0.0140088247 0.9983876348 0.0550084338 0.0787606537 -0.0559446812 0.9953225255
-124.6 327.5 2130.7 0.2377961129 -0.9465956092 -0.2177378386 0.9710732102 0.2266838700 0.0750419796 -0.0216767490 -0.2292840630 0.9731181264
-195.5 38.1 2137.2 0.0614712797 -0.9504101276 -0.3048637509 0.8984826803 0.1857131273 -0.3977932930 0.4346839786 -0.2494619489 0.8653430343
155.9 331.4 2152.9 0.1441967487 0.9756649137 0.1651826054 -0.9829418659 0.1604820043 -0.0898377299 -0.1141603515 -0.1494105905 0.9821628928
196.1 57.4 2121.0 0.0431163013 0.9786002040 0.2012028098 -0.9154069424 0.1193703860 -0.3844226599 -0.4002137780 -0.1676075757 0.9009642601
-81.4 -69.1 2166.4 0.9618108273 0.0342602246 0.2715624869 -0.0500095338 0.9974310994 0.0512865260 -0.2691077590 -0.0629086494 0.9610533118
-95.0 -465.5 2191.4 0.9610376358 -0.0738919377 0.2663581371 -0.0396585986 0.9167795181 0.3974198699 -0.2735578120 -0.3924988210 0.8781291246
101.7 -67.5 2178.3 0.9996950030 -0.0082259094 0.0232863668 0.0127394479 0.9795306921 -0.2008914351 -0.0211571958 0.2011268139 0.9793366790
105.0 -457.0 2098.3 0.9823532701 0.1858947277 0.0206201002 -0.1866075695 0.9815824032 0.0409100242 -0.0126353689 -0.0440359637 0.9989500642
-213.1 -220.3 2012.2 0 0 0 0 0 0 0 0 0
207.5 -183.8 2015.6 0 0 0 0 0 0 0 0 0
-71.2 -761.6 2318.2 0 0 0 0 0 0 0 0 0
34.0 -831.5 2115.1 0 0 0 0 0 0 0 0 0
20.7 531.6 2121.2 64 0.9973391294 -0.0052285874 -0.0727136433 0.0102483751 0.9975754619 0.0688343272 0.0721774399 -0.0693963617 0.9949746728
21.8 330.7 2135.1 0.9973391294 -0.0052285874 -0.0727136433 0.0102483751 0.9975754619 0.0688343272 0.0721774399 -0.0693963617 0.9949746728
23.3 132.3 2147.6 0.9973275661 -0.0075266012 -0.0726710781 0.0120620243 0.9979923964 0.0621746406 0.0720572174 -0.0628850460 0.9954161048
-118.6 329.1 2125.0 0.2253255099 -0.9504881501 -0.2140110135 0.9740642905 0.2151132077 0.0701785386 -0.0206672717 -0.2242735028 0.9743070602
-185.6 39.4 2131.1 0.0634815171 -0.9528748989 -0.2966471612 0.8911085129 0.1879524440 -0.4130369723 0.4493281245 -0.2381245792 0.8610464334
162.1 332.4 2145.3 0.1304441690 0.9762708545 0.1728571206 -0.9845579863 0.1480826288 -0.0933655053 -0.1167471558 -0.1580088735 0.9805117249
199.7 48.6 2111.6 0.0635448173 0.9761690497 0.2074993998 -0.8899228573 0.1495259106 -0.4309052527 -0.4516629279 -0.1572766602 0.8782167435
-71.9 -68.8 2156.8 0.9588043690 0.0676923767 0.2758840024 -0.0748672411 0.9970723391 0.0155458115 -0.2740239799 -0.0355600677 0.9610652328
-98.8 -464.8 2170.9 0.9572957754 -0.0752226561 0.2791529894 -0.0535798147 0.9026716948 0.4269812405 -0.2841021717 -0.4237042964 0.8600933552
111.0 -66.2 2171.3 0.9995505810 0.0063635688 0.0292945076 -0.0005545357 0.9809674025 -0.1941717863 -0.0299725812 0.1940682828 0.9805300236
108.4 -456.2 2094.1 0.9808781147 0.1923031211 0.0299603622 -0.1936679780 0.9796618819 0.0524905622 -0.0192569252 -0.0572892055 0.9981718659
-203.9 -217.1 2001.8 0 0 0 0 0 0 0 0 0
216.5 -186.1 1992.5 0 0 0 0 0 0 0 0 0
-74.1 -761.1 2310.0 0 0 0 0 0 0 0 0 0
35.0 -830.4 2116.0 0 0 0 0 0 0 0 0 0
26.8 530.7 2117.0 65 0.9983463883 -0.0052163005 -0.0572470389 0.0089399358 0.9978463054 0.0649830401 0.0567847788 -0.0653873682 0.9962429404
27.8 330.3 2130.1 0.9983463883 -0.0052163005 -0.0572470389 0.0089399358 0.9978463054 0.0649830401 0.0567847788 -0.0653873682 0.9962429404
28.9 131.9 2142.4 0.9983462691 -0.0054404284 -0.0572283305 0.0089630913 0.9980680943 0.0614791848 0.0567832999 -0.0618904568 0.9964663982
-112.7 329.1 2122.1 0.2280586511 -0.9527108073 -0.2008267939 0.9735411406 0.2200828195 0.0614917763 -0.0143853519 -0.2095368654 0.9776949286
-180.8 38.4 2126.4 0.0550072119 -0.9562729597 -0.2872564793 0.8861326575 0.1793375760 -0.4273253679 0.4601555467 -0.2310413718 0.8572494984
168.3 331.6 2138.1 0.1155432984 0.9752691388 0.1884140819 -0.9854185581 0.1363965273 -0.1017164662 -0.1248999611 -0.1739140749 0.9768080115
202.6 39.4 2101.1 0.0854092017 0.9724918008 0.2167139053 -0.8830642104 0.1746156961 -0.4355536103 -0.4614139795 -0.1541720033 0.8736864924
-66.7 -67.2 2153.5 0.9501088858 0.0945144817 0.2972543240 -0.0805443376 0.9950075746 -0.0589284375 -0.3013398945 0.0320462808 0.9529781342
