-183.2 483.5 2708.9 1 0.9785034060 0.0154697439 0.2056495398 0.0022891406 0.9963064790 -0.0858379677 -0.2062178552 0.0844635069 0.9748538733
-186.3 284.2 2692.0 0.9785034060 0.0154697439 0.2056495398 0.0022891406 0.9963064790 -0.0858379677 -0.2062178552 0.0844635069 0.9748538733
-190.2 88.9 2678.5 0.9783642292 0.0201382115 0.2059074491 -0.0055044671 0.9974328279 -0.0713968277 -0.2068166584 0.0687186867 0.9759634137
-325.7 285.0 2721.5 -0.0074372962 -0.3657890558 -0.9306680560 0.5146582723 0.7965644598 -0.3171938658 0.8573631048 -0.4813351035 0.1823320836
-323.8 155.9 2506.4 -0.2965165675 -0.2770992517 -0.9139441848 0.7071294785 0.5795196295 -0.4051232934 0.6419079304 -0.7664026618 0.0241078641
-46.9 283.4 2662.5 0.1357659400 -0.0387227200 0.9899839163 -0.7631965280 0.6330717206 0.1294267029 -0.6317425966 -0.7731240392 0.0563965365
-14.4 101.0 2511.5 -0.7427051067 -0.0387227200 0.6684980989 -0.5358422399 0.6330717206 -0.5586530566 -0.4015746713 -0.7731240392 -0.4909348786
-280.8 -109.6 2685.8 0.8379218578 0.3536660969 0.4157009721 -0.3042988181 0.9350076914 -0.1821065992 -0.4530885220 0.0260937791 0.8910835385
-419.3 -475.8 2675.6 0.8910578489 0.3031513393 0.3378094137 -0.1738823503 0.9154669642 -0.3628845215 -0.4192622900 0.2646120191 0.8684466481
-104.6 -110.4 2645.8 0.9741360545 0.1291846484 -0.1853922158 -0.1233670190 0.9914450645 0.0426297486 0.1893132925 -0.0186558906 0.9817395210
-155.1 -498.5 2653.1 0.9758830070 0.1010129005 -0.1935167760 -0.1074280143 0.9939486384 -0.0229206905 0.1900304407 0.0431570336 0.9808291793
-246.5 -28.4 2339.1 0 0 0 0 0 0 0 0 0
-198.3 -31.7 2412.1 0 0 0 0 0 0 0 0 0
-525.3 -795.9 2583.1 0 0 0 0 0 0 0 0 0
-186.7 -809.1 2639.6 0 0 0 0 0 0 0 0 0
-183.6 486.3 2712.6 2 0.9815517068 0.0086448677 0.1910014749 0.0089977533 0.9957819581 -0.0913090482 -0.1909851730 0.0913431346 0.9773336649
-185.3 286.5 2694.3 0.9815517068 0.0086448677 0.1910014749 0.0089977533 0.9957819581 -0.0913090482 -0.1909851730 0.0913431346 0.9773336649
-188.0 91.2 2679.6 0.9814589620 0.0138638988 0.1911704391 0.0007869742 0.9970808029 -0.0763497204 -0.1916708797 0.0750845596 0.9785829186
-325.2 286.3 2721.6 -0.0077806483 -0.3623127639 -0.9320241213 0.5234627724 0.7926689982 -0.3125101328 0.8520129919 -0.4903114438 0.1834897548
-323.3 157.6 2511.9 -0.2886789441 -0.2803858519 -0.9154497385 0.7025581002 0.5875455737 -0.4015001059 0.6504433751 -0.7590612769 0.0273753181
-45.5 286.6 2667.0 0.1437456161 0.0021837773 0.9896122813 -0.7688600421 0.6298335195 0.1102905124 -0.6230500937 -0.7767270803 0.0922148302
-11.9 106.9 2521.4 -0.7568359971 0.0021837773 0.6536011696 -0.5066311955 0.6298335195 -0.5887567997 -0.4129456282 -0.7767270803 -0.4755743146
-282.6 -105.9 2683.8 0.8466171026 0.3414409459 0.4082371593 -0.2966153920 0.9396103621 -0.1707384586 -0.4418809712 0.0234606732 0.8967668414
-416.3 -473.9 2674.6 0.8915261030 0.3105216324 0.3297840059 -0.1856481582 0.9145767689 -0.3592827022 -0.4131778181 0.2590861320 0.8730168939
-105.8 -106.9 2646.4 0.9723370075 0.1230094060 -0.1985684186 -0.1146238148 0.9919817448 0.0532315634 0.2035242319 -0.0289983507 0.9786403775
-153.9 -495.3 2657.7 0.9722862840 0.1046560258 -0.2090610266 -0.1151061431 0.9926096797 -0.0384267643 0.2034944147 0.0614260249 0.9771473408
-245.7 -31.1 2337.3 0 0 0 0 0 0 0 0 0
-195.3 -15.9 2421.3 0 0 0 0 0 0 0 0 0
-525.7 -796.0 2583.3 0 0 0 0 0 0 0 0 0
-186.8 -807.3 2638.4 0 0 0 0 0 0 0 0 0
-182.8 485.5 2714.4 3 0.9822797775 0.0079904720 0.1872500181 0.0090960618 0.9958809018 -0.0902132690 -0.1871995777 0.0903179049 0.9781610370
-184.4 286.0 2696.3 0.9822797775 0.0079904720 0.1872500181 0.0090960618 0.9958809018 -0.0902132690 -0.1871995777 0.0903179049 0.9781610370
-186.2 90.7 2682.2 0.9822448492 0.0087542543 0.1873992234 0.0049340539 0.9973596334 -0.0724527538 -0.1875386834 0.0720909759 0.9796081781
-324.4 285.3 2723.1 -0.0532976091 -0.3632750511 -0.9301562309 0.5330635905 0.7773060799 -0.3341233730 0.8443948030 -0.5136404037 0.1522201449
-311.5 156.5 2519.0 -0.2451880872 -0.3072834015 -0.9194888473 0.6915515661 0.6092619300 -0.3880158961 0.6794403791 -0.7310107946 0.0631185323
-44.5 286.7 2669.6 0.1299396157 -0.0262117200 0.9911754131 -0.7610988021 0.6380604506 0.1166509464 -0.6354874372 -0.7695399523 0.0629596263
-14.1 109.1 2521.3 -0.6849202514 -0.0262117200 0.7281464338 -0.5721859932 0.6380604506 -0.5152494907 -0.4510958791 -0.7695399523 -0.4520184994
-279.4 -104.1 2682.2 0.8479117155 0.3471703827 0.4006475508 -0.2993131876 0.9372690916 -0.1787129343 -0.4375583827 0.0316136926 0.8986340761
-415.4 -471.2 2669.8 0.8899886608 0.3125469387 0.3320159018 -0.1944524646 0.9187508821 -0.3436350226 -0.4124419689 0.2412699610 0.8784534335
-102.0 -104.0 2647.5 0.9705944657 0.1288623214 -0.2033247054 -0.1206617355 0.9913160801 0.0522793904 0.2082958966 -0.0262085740 0.9777146578
-152.5 -492.2 2657.8 0.9707537889 0.1088712439 -0.2139722556 -0.1192189157 0.9922141433 -0.0360262878 0.2083840817 0.0604821965 0.9761751890
-244.5 -32.7 2333.1 0 0 0 0 0 0 0 0 0
-184.0 -32.8 2409.4 0 0 0 0 0 0 0 0 0
-526.1 -796.5 2584.4 0 0 0 0 0 0 0 0 0
-187.1 -807.3 2638.6 0 0 0 0 0 0 0 0 0
-181.4 484.4 2715.4 4 0.9868167043 0.0043510138 0.1617835015 0.0119746253 0.9949356318 -0.0997984260 -0.1613983959 0.1004200503 0.9817669392
-182.2 285.2 2695.3 0.9868167043 0.0043510138 0.1617835015 0.0119746253 0.9949356318 -0.0997984260 -0.1613983959 0.1004200503 0.9817669392
-183.6 90.1 2679.2 0.9867829680 0.0071992800 0.1618873775 0.0061628120 0.9966226220 -0.0818860829 -0.1619301587 0.0818014741 0.9834058881
-322.8 284.4 2718.3 -0.0781865343 -0.3486976922 -0.9339683056 0.5342234969 0.7763205171 -0.3345619440 0.8417197466 -0.5251060724 0.1255846918
-304.4 158.3 2519.6 -0.2187707126 -0.3022231162 -0.9277933836 0.6978525519 0.6161140800 -0.3652468622 0.6820126176 -0.7273682952 0.0761194453
-41.7 286.1 2672.2 0.1061026007 -0.0264304485 0.9940038323 -0.7590569258 0.6435851455 0.0981365964 -0.6423199177 -0.7649180293 0.0482238419
-16.0 102.9 2517.2 -0.6737303734 -0.0264304485 0.7385044694 -0.5767586231 0.6435851455 -0.5031378269 -0.4619923234 -0.7649180293 -0.4488468170
-276.7 -105.1 2685.1 0.8534865379 0.3560518920 0.3805099130 -0.3099912703 0.9338331819 -0.1784965396 -0.4188868105 0.0343896449 0.9073870182
-416.1 -470.8 2671.6 0.8984390497 0.3112052381 0.3097717762 -0.1989713460 0.9174251556 -0.3445888460 -0.3914302588 0.2479563802 0.8861715198
-99.1 -104.2 2651.2 0.9637978077 0.1352117956 -0.2298076898 -0.1308552325 0.9908125997 0.0341657922 0.2323159724 -0.0028573747 0.9726361632
-152.0 -492.1 2652.3 0.9653100371 0.1109894216 -0.2363427430 -0.1180557460 0.9928794503 -0.0159145128 0.2328935117 0.0432640575 0.9715394378
-244.3 -33.3 2332.4 0 0 0 0 0 0 0 0 0
-185.8 -42.4 2400.7 0 0 0 0 0 0 0 0 0
-526.1 -795.1 2584.0 0 0 0 0 0 0 0 0 0
-187.3 -807.2 2638.6 0 0 0 0 0 0 0 0 0
-181.6 483.7 2714.3 5 0.9920332432 -0.0043434007 0.1259016693 0.0164456628 0.9953179359 -0.0952455848 -0.1248985082 0.0965573192 0.9874598980
-180.7 284.1 2694.9 0.9920332432 -0.0043434007 0.1259016693 0.0164456628 0.9953179359 -0.0952455848 -0.1248985082 0.0965573192 0.9874598980
-180.8 88.9 2679.3 0.9920467734 0.0002565948 0.1258695126 0.0098378304 0.9967808127 -0.0795693621 -0.1254847348 0.0801748112 0.9888506532
-322.0 282.7 2712.8 -0.0885280147 -0.3319775760 -0.9391238689 0.5450739861 0.7729871273 -0.3246309757 0.8337008953 -0.5406309366 0.1125213206
-301.5 156.8 2520.2 -0.2096680403 -0.2908312380 -0.9335183501 0.6950981617 0.6271275282 -0.3514961898 0.6876611114 -0.7225844264 0.0706676543
-39.5 285.5 2677.1 0.0942878127 -0.0231954679 0.9952747226 -0.7548620701 0.6501327753 0.0866639316 -0.6490709186 -0.7594664693 0.0437902175
-16.1 98.4 2516.2 -0.6882286072 -0.0231954679 0.7251229882 -0.5613872409 0.6501327753 -0.5120270848 -0.4595495164 -0.7594664693 -0.4604616165
-274.2 -105.7 2677.9 0.8596386313 0.3633271754 0.3591862321 -0.3331997991 0.9316486120 -0.1449438334 -0.3872973919 0.0049185483 0.9219416976
-416.4 -470.4 2675.9 0.9109981656 0.3112863302 0.2705238163 -0.2096495777 0.9144302011 -0.3462144434 -0.3551469743 0.2586855292 0.8983052969
-95.8 -104.6 2648.6 0.9538016319 0.1449136436 -0.2631776631 -0.1358592063 0.9893422723 0.0523845963 0.2679640353 -0.0142094055 0.9633241296
-152.6 -492.0 2654.2 0.9556428194 0.1127086505 -0.2721095085 -0.1206483841 0.9926156998 -0.0125698922 0.2686834335 0.0448418967 0.9621841908
-244.5 -32.5 2333.0 0 0 0 0 0 0 0 0 0
-190.9 -44.2 2399.5 0 0 0 0 0 0 0 0 0
-527.3 -796.3 2583.8 0 0 0 0 0 0 0 0 0
-188.3 -806.6 2639.9 0 0 0 0 0 0 0 0 0
-180.8 484.5 2714.8 6 0.9974910021 -0.0022962529 0.0707561448 0.0090271626 0.9954405427 -0.0949561372 -0.0702154934 0.0953566134 0.9929636717
-180.4 283.5 2695.5 0.9974910021 -0.0022962529 0.0707561448 0.0090271626 0.9954405427 -0.0949561372 -0.0702154934 0.0953566134 0.9929636717
-181.2 88.3 2679.7 0.9974834323 0.0042895586 0.0707703382 0.0014444378 0.9967314601 -0.0807731152 -0.0708855018 0.0806720704 0.9942169189
-322.3 283.3 2705.6 -0.0967570841 -0.2944273353 -0.9507631660 0.5628017783 0.7716818452 -0.2962454557 0.8209093809 -0.5637550354 0.0910385326
-300.1 154.2 2517.3 -0.2068294138 -0.2568144202 -0.9440698624 0.6952787042 0.6402990818 -0.3265035152 0.6883379221 -0.7239222527 0.0461249091
-38.5 283.7 2685.5 0.0897335336 -0.1006770507 0.9908642769 -0.7236107588 0.6770125031 0.1343188733 -0.6843503118 -0.7290529609 -0.0121002756
-15.8 100.9 2512.5 -0.6747617126 -0.1006770507 0.7311366200 -0.5849578977 0.6770125031 -0.4466300011 -0.4500232339 -0.7290529609 -0.5157139301
-270.4 -107.2 2674.9 0.8760098815 0.3674297035 0.3124133646 -0.3422524631 0.9299916029 -0.1340851337 -0.3398086727 0.0105356481 0.9404355884
-414.3 -471.4 2670.8 0.9199713469 0.3180920780 0.2290636301 -0.2358231992 0.9159174562 -0.3247809112 -0.3131136298 0.2447706163 0.9176313281
-91.2 -105.5 2652.3 0.9353038669 0.1567959636 -0.3172092438 -0.1515018791 0.9875873327 0.0414534248 0.3197715580 0.0092862472 0.9474491477
-152.6 -492.1 2648.6 0.9396545291 0.1155181155 -0.3220325708 -0.1186206862 0.9928888679 0.0100430436 0.3209027052 0.0287627317 0.9466753006
-244.3 -33.2 2331.7 0 0 0 0 0 0 0 0 0
-187.9 -48.3 2397.8 0 0 0 0 0 0 0 0 0
-527.4 -797.1 2583.8 0 0 0 0 0 0 0 0 0
-189.2 -806.6 2639.5 0 0 0 0 0 0 0 0 0
-179.6 485.4 2715.0 7 0.9993243217 0.0009242047 0.0367425978 0.0027917407 0.9948871136 -0.1009545922 -0.0366480388 0.1009889543 0.9942123294
-179.8 285.6 2694.7 0.9993243217 0.0009242047 0.0367425978 0.0027917407 0.9948871136 -0.1009545922 -0.0366480388 0.1009889543 0.9942123294
-181.3 90.4 2678.1 0.9992923141 0.0077332342 0.0368109271 -0.0045705382 0.9963501096 -0.0852384120 -0.0373357385 0.0850098506 0.9956803322
-322.0 286.2 2700.1 -0.1048475206 -0.2645011842 -0.9586689472 0.6096522212 0.7445076108 -0.2720893919 0.7857042551 -0.6129825115 0.0831939504
-297.7 144.9 2517.9 -0.1996222138 -0.2429404855 -0.9492791295 0.6722211242 0.6709045768 -0.3130587637 0.7129303813 -0.7006189823 0.0293822773
-37.6 284.9 2689.4 0.0794273019 -0.1267453581 0.9887501597 -0.7157560587 0.6831175089 0.1450645030 -0.6938188076 -0.7192260027 -0.0364605784
-17.8 106.6 2516.5 -0.6263141036 -0.1267453581 0.7691984177 -0.6173727512 0.6831175089 -0.3901298940 -0.4760057926 -0.7192260027 -0.5060952902
-272.0 -107.0 2670.3 0.8842411041 0.3691009283 0.2861506641 -0.3478167355 0.9293348193 -0.1239365339 -0.3116748631 0.0100617893 0.9501355290
-416.6 -471.0 2666.4 0.9265669584 0.3138338029 0.2073210627 -0.2433876246 0.9205058217 -0.3056656718 -0.2867684662 0.2327603251 0.9292935133
-92.1 -106.8 2657.5 0.9235389829 0.1593222469 -0.3488440812 -0.1558411419 0.9870424867 0.0382189564 0.3504130840 0.0190675650 0.9364011288
-154.4 -493.3 2650.1 0.9287737012 0.1098743230 -0.3539873064 -0.1155549288 0.9932879210 0.0051201191 0.3521738648 0.0361495428 0.9352362156
-244.8 -33.2 2329.0 0 0 0 0 0 0 0 0 0
-177.6 -50.9 2395.2 0 0 0 0 0 0 0 0 0
-527.5 -796.2 2584.2 0 0 0 0 0 0 0 0 0
-189.0 -805.3 2638.7 0 0 0 0 0 0 0 0 0
-179.6 483.4 2715.7 8 0.9999722242 -0.0011340771 0.0073683583 0.0018668134 0.9949644208 -0.1002116352 -0.0072176065 0.1002226099 0.9949388504
-179.4 283.7 2695.5 0.9999722242 -0.0011340771 0.0073683583 0.0018668134 0.9949644208 -0.1002116352 -0.0072176065 0.1002226099 0.9949388504
-180.7 88.5 2679.3 0.9999500513 0.0066987765 0.0074172029 -0.0060623605 0.9965534806 -0.0827308819 -0.0079458356 0.0826817825 0.9965443015
-321.7 284.5 2696.7 -0.1051266119 -0.2460092455 -0.9635496140 0.6127219200 0.7471354008 -0.2576054037 0.7832753062 -0.6174691319 0.0721914470
-297.3 142.1 2514.6 -0.2033535540 -0.2261838615 -0.9526217580 0.6652413011 0.6819685102 -0.3039290905 0.7184019089 -0.6955283880 0.0117861340
-37.0 282.8 2694.4 0.0736396760 -0.1553590745 0.9851095080 -0.7005950212 0.6949338913 0.1619676501 -0.7097491026 -0.7020900846 -0.0576690920
-19.0 110.8 2520.2 -0.5895591974 -0.1553590745 0.7926433682 -0.6354970336 0.6949338913 -0.3364675939 -0.4985614419 -0.7020900846 -0.5084348917
-273.0 -104.3 2664.8 0.8922028542 0.3626161218 0.2692278028 -0.3506143689 0.9318708181 -0.0932006910 -0.2846815884 -0.0112412162 0.9585562348
-415.0 -469.2 2669.2 0.9313493967 0.3176306486 0.1780423671 -0.2543154657 0.9173554182 -0.3062396348 -0.2605992258 0.2399371564 0.9351567626
-92.6 -105.1 2658.1 0.9139569998 0.1527170688 -0.3759789169 -0.1477590948 0.9881236553 0.0421775654 0.3779548705 0.0170058236 0.9256678224
-152.4 -492.1 2651.4 0.9169363976 0.1187270358 -0.3809613585 -0.1249298826 0.9921291471 0.0085042538 0.3789725602 0.0397955999 0.9245518446
-244.2 -31.5 2327.1 0 0 0 0 0 0 0 0 0
-169.5 -51.4 2392.9 0 0 0 0 0 0 0 0 0
-528.1 -795.8 2583.8 0 0 0 0 0 0 0 0 0
-189.9 -805.4 2638.8 0 0 0 0 0 0 0 0 0
-180.5 484.4 2716.0 9 0.9974641204 -0.0255074296 -0.0664430857 0.0189463533 0.9950483441 -0.0975694880 0.0686028302 0.0960632116 0.9930083156
-175.4 284.4 2696.7 0.9974641204 -0.0255074296 -0.0664430857 0.0189463533 0.9950483441 -0.0975694880 0.0686028302 0.0960632116 0.9930083156
-172.1 89.3 2681.2 0.9976187348 -0.0171722807 -0.0667981207 0.0117318751 0.9966449738 -0.0810011998 0.0679649860 0.0800246447 0.9944731593
-317.1 282.8 2687.0 -0.0955243781 -0.2119363844 -0.9726037383 0.6302939653 0.7433726192 -0.2238898873 0.7704573870 -0.6344132423 0.0625720173
-295.2 138.5 2510.6 -0.2025514394 -0.1973320395 -0.9591835141 0.6601836681 0.6959199905 -0.2825824916 0.7232775688 -0.6904748082 -0.0106842015
-33.7 286.1 2706.3 0.0563531443 -0.1912925243 0.9799140096 -0.6836499572 0.7078943253 0.1775060892 -0.7276311517 -0.6799212098 -0.0908850506
-19.6 114.2 2523.4 -0.5628201962 -0.1912925243 0.8041396737 -0.6466277838 0.7078943253 -0.2841798365 -0.5148844123 -0.6799212098 -0.5221122503
-272.3 -106.2 2663.9 0.9099514484 0.3601667583 0.2055923492 -0.3545511961 0.9327846766 -0.0648548231 -0.2151319534 -0.0138782775 0.9764863849
-413.4 -471.5 2669.3 0.9387126565 0.3261134923 0.1116626635 -0.2830736637 0.9141638875 -0.2901269197 -0.1966922730 0.2407370657 0.9504513741
-91.7 -107.3 2662.4 0.8820507526 0.1581645161 -0.4438134730 -0.1514721513 0.9871574044 0.0507581495 0.4461419284 0.0224541184 0.8946805000
-153.7 -493.9 2653.6 0.8854304552 0.1156543493 -0.4501521587 -0.1251979619 0.9920942187 0.0086324699 0.4475917518 0.0487146787 0.8929101229
-243.3 -30.6 2325.4 0 0 0 0 0 0 0 0 0
-163.4 -51.1 2391.8 0 0 0 0 0 0 0 0 0
-529.3 -796.4 2583.7 0 0 0 0 0 0 0 0 0
-190.0 -805.6 2638.3 0 0 0 0 0 0 0 0 0
-179.2 486.6 2716.6 0 0.9972054958 -0.0249575637 -0.0704151914 0.0181919523 0.9952979684 -0.0951370895 0.0724584907 0.0935902372 0.9929705858
-174.2 287.0 2697.9 0.9972054958 -0.0249575637 -0.0704151914 0.0181919523 0.9952979684 -0.0951370895 0.0724584907 0.0935902372 0.9929705858
-171.0 91.7 2683.1 0.9973593950 -0.0161836352 -0.0707979277 0.0107401880 0.9970038533 -0.0766028017 0.0718255192 0.0756401345 0.9945449829
-316.1 285.4 2687.6 -0.0861590207 -0.2077382654 -0.9743825793 0.6426630616 0.7357456684 -0.2136878818 0.7612888813 -0.6446108818 0.0701145902
-295.9 135.0 2509.4 -0.2109709680 -0.1962789744 -0.9575833082 0.6532839537 0.7004053593 -0.2874933183 0.7271254063 -0.6862265468 -0.0195393078
-32.3 288.5 2708.1 0.0412166826 -0.2263782322 0.9731670618 -0.6787078977 0.7084463239 0.1935442835 -0.7332507968 -0.6684734225 -0.1244448945
-22.5 126.5 2533.0 -0.5000811219 -0.2263782322 0.8358658552 -0.6734688878 0.7084463239 -0.2110532969 -0.5443882346 -0.6684734225 -0.5067393184
-258.6 -107.0 2659.5 0.8983204365 0.3899025321 0.2024757117 -0.3862513304 0.9205093384 -0.0589278862 -0.2093569189 -0.0252703931 0.9775127172
-411.2 -467.3 2669.4 0.9384834170 0.3305969238 0.0997725278 -0.2914336920 0.9132360816 -0.2847214043 -0.1852438897 0.2381292433 0.9534040093
-78.9 -104.8 2671.8 0.8744832873 0.1851338595 -0.4483352304 -0.1827657521 0.9819351435 0.0489898100 0.4493058026 0.0390995555 0.8925219774
-151.4 -489.3 2656.5 0.8811047673 0.1268032640 -0.4556043148 -0.1382044405 0.9903684258 0.0083610937 0.4522763491 0.0555995405 0.8901431561
-242.8 -29.6 2326.2 0 0 0 0 0 0 0 0 0
-150.1 -45.4 2394.1 0 0 0 0 0 0 0 0 0
-530.5 -796.8 2583.5 0 0 0 0 0 0 0 0 0
-192.0 -806.6 2638.7 0 0 0 0 0 0 0 0 0
-179.1 485.0 2705.9 1 0.9987849593 -0.0337217115 -0.0359360278 0.0304169841 0.9955810905 -0.0888431892 0.0387731753 0.0876421779 0.9953971505
-172.2 281.6 2688.0 0.9987849593 -0.0337217115 -0.0359360278 0.0304169841 0.9955810905 -0.0888431892 0.0387731753 0.0876421779 0.9953971505
-166.9 86.4 2672.5 0.9989697337 -0.0273642261 -0.0362030864 0.0243920814 0.9964855909 -0.0801341981 0.0382686630 0.0791685656 0.9961264133
-314.4 278.1 2682.6 -0.0892031640 -0.2406509519 -0.9665039778 0.6225032210 0.7440304160 -0.2427107394 0.7775169015 -0.6233024001 0.0834361240
-294.0 135.7 2504.7 -0.2060504109 -0.2225354910 -0.9529014826 0.6616852880 0.6857326031 -0.3032216728 0.7209131718 -0.6929998398 0.0059529780
-30.1 285.1 2693.5 0.0292495657 -0.2576081455 0.9658066630 -0.6998226643 0.6846257448 0.2038033903 -0.7137175202 -0.6818545461 -0.1602550000
-23.6 129.6 2534.9 -0.4354610145 -0.2600096166 0.8618403077 -0.7157060504 0.6806955338 -0.1562640816 -0.5460206866 -0.6848711967 -0.4825068414
-257.9 -104.5 2661.9 0.8921982646 0.3907034397 0.2265679985 -0.3823593259 0.9204115272 -0.0815102980 -0.2403821498 -0.0139070414 0.9705786705
-410.9 -464.9 2667.4 0.9349666834 0.3283810914 0.1341760010 -0.2812390029 0.9167089462 -0.2838122249 -0.2161989063 0.2276194394 0.9494458437
-77.9 -102.6 2674.9 0.8888661861 0.1853435934 -0.4190043807 -0.1865219027 0.9816937447 0.0385619625 0.4184811711 0.0438770689 0.9071649909
-150.5 -487.0 2657.7 0.8955958486 0.1292853355 -0.4256681800 -0.1420961171 0.9898514748 0.0016740357 0.4215646982 0.0589865409 0.9048777819
-242.4 -30.1 2324.1 0 0 0 0 0 0 0 0 0
-134.6 -52.9 2395.7 0 0 0 0 0 0 0 0 0
-530.1 -797.9 2584.7 0 0 0 0 0 0 0 0 0
-192.3 -807.5 2638.6 0 0 0 0 0 0 0 0 0
-180.2 487.4 2711.1 2 0.9987891912 -0.0330933966 0.0364010185 0.0361095071 0.9956761003 -0.0855876729 -0.0334112346 0.0867984667 0.9956654906
-173.5 285.9 2693.5 0.9987891912 -0.0330933966 0.0364010185 0.0361095071 0.9956761003 -0.0855876729 -0.0334112346 0.0867984667 0.9956654906
-168.3 90.7 2678.6 0.9989975095 -0.0264768917 0.0360966735 0.0291414373 0.9967268109 -0.0754084736 -0.0339819379 0.0763847828 0.9964991808
-315.4 281.7 2698.4 -0.0869833305 -0.2890222371 -0.9533624649 0.6062816381 0.7439998984 -0.2808679044 0.7904786468 -0.6024369597 0.1105132848
-293.9 131.8 2502.9 -0.2083491534 -0.2673618495 -0.9408019185 0.6566118598 0.6746799350 -0.3371466398 0.7248803377 -0.6879858971 0.0349839665
-31.6 290.0 2688.7 0.0490948968 -0.1618387997 0.9855952263 -0.7259891629 0.6719217300 0.1464956105 -0.6859514713 -0.7227236032 -0.0845052823
-21.5 141.4 2548.3 -0.4962207079 -0.1618387997 0.8529790044 -0.6884605885 0.6719217300 -0.2730259597 -0.5289489627 -0.7227236032 -0.4448411167
-251.7 -110.9 2653.6 0.8640441298 0.4117316902 0.2896631658 -0.4033326805 0.9105075598 -0.0910974592 -0.3012481928 -0.0381183885 0.9527835846
-412.9 -467.3 2668.5 0.9274767041 0.3252598941 0.1843716949 -0.2610940635 0.9164290428 -0.3032947183 -0.2676131725 0.2331604362 0.9348900318
-71.4 -106.5 2660.5 0.9147276878 0.2051318437 -0.3481295705 -0.1950484514 0.9786912203 0.0641844496 0.3538776040 0.0091908406 0.9352465868
-151.7 -489.5 2656.9 0.9236357212 0.1248207390 -0.3623766303 -0.1372058839 0.9905058146 -0.0085341725 0.3578709066 0.0576026700 0.9319926500
-242.4 -30.3 2323.9 0 0 0 0 0 0 0 0 0
-142.5 -26.4 2419.4 0 0 0 0 0 0 0 0 0
-530.0 -797.3 2584.6 0 0 0 0 0 0 0 0 0
-191.7 -807.1 2638.4 0 0 0 0 0 0 0 0 0
-179.7 485.2 2713.2 3 0.9988725185 -0.0434772968 0.0190643761 0.0450496413 0.9947618842 -0.0917569548 -0.0149751706 0.0925123394 0.9955989122
-170.9 285.0 2694.6 0.9988725185 -0.0434772968 0.0190643761 0.0450496413 0.9947618842 -0.0917569548 -0.0149751706 0.0925123394 0.9955989122
-163.6 90.0 2678.2 0.9991268516 -0.0373504683 0.0187217928 0.0387861617 0.9957677126 -0.0833202079 -0.0155305080 0.0839736015 0.9963469505
-313.1 279.5 2696.8 -0.0751746818 -0.2879394293 -0.9546934962 0.5822949409 0.7645354867 -0.2764382064 0.8094944954 -0.5766943693 0.1101919562
-294.9 139.1 2501.5 -0.2100042254 -0.2559165061 -0.9436126947 0.6762547493 0.6590042114 -0.3292308450 0.7061003447 -0.7072624564 0.0346711017
-28.8 290.6 2692.4 0.0271900371 -0.1884374768 0.9817087054 -0.7189830542 0.6786102057 0.1501716077 -0.6944955587 -0.7099151015 -0.1170319170
-22.7 127.7 2535.1 -0.5392876267 -0.1884374768 0.8207680583 -0.6756280661 0.6786102057 -0.2881231010 -0.5026884079 -0.7099151015 -0.4932797253
-253.1 -107.2 2666.7 0.8754445910 0.4042874277 0.2648554742 -0.3875581622 0.9146300554 -0.1151108369 -0.2887826264 -0.0018737351 0.9573928714
-411.3 -465.1 2667.4 0.9284322262 0.3262023330 0.1777797490 -0.2652939558 0.9171558619 -0.2973957062 -0.2600629032 0.2289478481 0.9380565882
-73.1 -101.9 2660.6 0.9096583128 0.1977238357 -0.3652766049 -0.1909462810 0.9800592065 0.0549862497 0.3688647747 0.0197295099 0.9292736650
-150.5 -485.6 2652.9 0.9190701246 0.1233854815 -0.3742808700 -0.1297564656 0.9915117025 0.0082367510 0.3721201420 0.0409952104 0.9272788167
-242.3 -30.5 2324.5 0 0 0 0 0 0 0 0 0
-157.3 -40.9 2409.6 0 0 0 0 0 0 0 0 0
-529.7 -798.0 2584.3 0 0 0 0 0 0 0 0 0
-190.6 -807.7 2639.5 0 0 0 0 0 0 0 0 0
-179.9 484.7 2713.7 4 0.9989147186 -0.0365599170 -0.0288565885 0.0337855779 0.9952422976 -0.0913852528 0.0320603363 0.0903111398 0.9953974485
-172.6 284.8 2695.6 0.9989147186 -0.0365599170 -0.0288565885 0.0337855779 0.9952422976 -0.0913852528 0.0320603363 0.0903111398 0.9953974485
-166.9 89.7 2679.9 0.9991503954 -0.0290705338 -0.0292122699 0.0266339891 0.9963912964 -0.0805916786 0.0314496942 0.0797451660 0.9963190556
-314.7 281.0 2691.1 -0.0882013440 -0.2496797591 -0.9643031359 0.6024538875 0.7575744390 -0.2512573600 0.7932652831 -0.6031094193 0.0836014524
-294.0 139.8 2505.2 -0.2045915276 -0.2244507670 -0.9527665973 0.6736176610 0.6739292741 -0.3034115732 0.7101982236 -0.7038758397 0.0133137843
-30.5 288.6 2700.1 0.0426590629 -0.2017292678 0.9785118699 -0.6977856159 0.6949303150 0.1736868620 -0.7150352597 -0.6902008057 -0.1111186966
-20.4 123.1 2530.5 -0.5417160392 -0.2017292678 0.8159957528 -0.6662560105 0.6949303150 -0.2705084682 -0.5124906898 -0.6902008057 -0.5108581781
-246.4 -108.5 2663.1 0.8760359883 0.4238960147 0.2299415767 -0.4146098793 0.9055575132 -0.0898012668 -0.2462917119 -0.0166669022 0.9690524340
-412.3 -462.9 2669.7 0.9375010729 0.3218673766 0.1322617978 -0.2751370072 0.9183247685 -0.2845685780 -0.2130526304 0.2303932309 0.9494880438
-66.1 -101.5 2660.3 0.8887891769 0.2080878913 -0.4083542824 -0.2013075054 0.9776852727 0.0600569807 0.4117391109 0.0288267899 0.9108456969
-147.6 -484.3 2649.0 0.9002124667 0.1304166019 -0.4154623747 -0.1318293959 0.9909464121 0.0254208278 0.4150162339 0.0318860039 0.9092550874
-242.6 -29.6 2326.6 0 0 0 0 0 0 0 0 0
-157.3 -45.3 2400.9 0 0 0 0 0 0 0 0 0
-529.6 -797.3 2585.7 0 0 0 0 0 0 0 0 0
-190.0 -806.3 2638.7 0 0 0 0 0 0 0 0 0
-181.1 486.3 2714.0 5 0.9989301562 -0.0432135575 -0.0164648220 0.0415780172 0.9951385856 -0.0892777666 0.0202427898 0.0884976760 0.9958706498
-172.4 286.8 2696.3 0.9989301562 -0.0432135575 -0.0164648220 0.0415780172 0.9951385856 -0.0892777666 0.0202427898 0.0884976760 0.9958706498
-165.8 91.6 2681.5 0.9992855191 -0.0337625705 -0.0169874690 0.0323840566 0.9966005087 -0.0757544115 0.0194873828 0.0751501620 0.9969817996
-314.7 282.2 2693.5 -0.0896455646 -0.2610568404 -0.9611518979 0.6040211320 0.7530624270 -0.2608743906 0.7919104695 -0.6039422750 0.0901751369
-293.5 139.0 2505.8 -0.2035893351 -0.2371015251 -0.9499127865 0.6704280972 0.6733047366 -0.3117481768 0.7134967446 -0.7003167868 0.0218818560
-30.2 291.4 2699.0 0.0397219881 -0.1962195039 0.9797551036 -0.7035845518 0.6907426715 0.1668630838 -0.7095004916 -0.6959686875 -0.1106193364
-20.7 123.4 2529.6 -0.5511352420 -0.1962195039 0.8110165596 -0.6647351384 0.6907426715 -0.2846080065 -0.5043581128 -0.6959686875 -0.5111266375
-251.4 -107.9 2661.5 0.8791111708 0.4111420214 0.2410928607 -0.4027875364 0.9113041759 -0.0853630379 -0.2548052669 -0.0220655967 0.9667406082
-412.3 -464.7 2670.1 0.9355916381 0.3241892755 0.1398914158 -0.2736304998 0.9161182642 -0.2930080295 -0.2231471390 0.2358573079 0.9458206296
-71.1 -103.0 2667.1 0.8945819736 0.1929184049 -0.4031198025 -0.1949158460 0.9801401496 0.0365124047 0.4021577835 0.0459110923 0.9144185185
-146.6 -486.8 2649.2 0.9038179517 0.1373631209 -0.4052708149 -0.1390426755 0.9899592996 0.0254512019 0.4046976566 0.0333466828 0.9138423204
-242.4 -29.1 2326.9 0 0 0 0 0 0 0 0 0
-160.9 -45.8 2401.3 0 0 0 0 0 0 0 0 0
-530.1 -797.4 2584.4 0 0 0 0 0 0 0 0 0
-190.9 -805.7 2638.4 0 0 0 0 0 0 0 0 0
-181.6 485.2 2714.6 6 0.9989116192 -0.0352497734 0.0305460300 0.0377913155 0.9954853654 -0.0870669335 -0.0273390375 0.0881265402 0.9957340360
-174.6 285.4 2697.0 0.9989116192 -0.0352497734 0.0305460300 0.0377913155 0.9954853654 -0.0870669335 -0.0273390375 0.0881265402 0.9957340360
-169.3 90.2 2682.5 0.9991903901 -0.0266802479 0.0301128943 0.0288232472 0.9969056845 -0.0731322020 -0.0280685294 0.0739409402 0.9968675375
-316.7 281.3 2701.0 -0.0993511081 -0.2867798209 -0.9528309107 0.5926244855 0.7521639466 -0.2881763577 0.7993282080 -0.5933015347 0.0952244103
-293.2 141.1 2511.8 -0.1999644786 -0.2632259429 -0.9437829852 0.6635655165 0.6723282337 -0.3281090856 0.7208987474 -0.6918720007 0.0402258895
-32.4 289.5 2693.0 0.0464807563 -0.1761727780 0.9832612276 -0.7123952508 0.6841609478 0.1562587768 -0.7002375126 -0.7077336907 -0.0937043279
-21.5 122.1 2528.4 -0.5588564277 -0.1761727780 0.8103348613 -0.6613879204 0.6841609478 -0.3073919117 -0.5002453923 -0.7077336907 -0.4988663197
-249.4 -106.5 2665.0 0.8685252666 0.4160883129 0.2693219781 -0.3980197906 0.9093223214 -0.1212977394 -0.2953710556 -0.0018453161 0.9553808570
-412.4 -462.5 2665.7 0.9282948375 0.3227200508 0.1847173572 -0.2614013553 0.9196615815 -0.2930732369 -0.2644580603 0.2237730026 0.9380764961
-69.0 -100.6 2668.5 0.9108806252 0.2044241875 -0.3584790230 -0.2024846673 0.9783238173 0.0433879755 0.3595781028 0.0330652371 0.9325289726
-149.0 -483.7 2655.6 0.9212051630 0.1268252134 -0.3678266406 -0.1376992613 0.9904684424 -0.0033518418 0.3638955653 0.0537371933 0.9298883677
-242.4 -27.6 2328.5 0 0 0 0 0 0 0 0 0
-164.1 -46.7 2400.7 0 0 0 0 0 0 0 0 0
-529.8 -797.3 2584.3 0 0 0 0 0 0 0 0 0
-190.3 -806.1 2638.1 0 0 0 0 0 0 0 0 0
-181.6 485.8 2715.0 7 0.9974820614 -0.0203290563 0.0679427683 0.0260767695 0.9960558414 -0.0848101303 -0.0659506768 0.0863683149 0.9940779805
-177.5 285.6 2697.6 0.9974820614 -0.0203290563 0.0679427683 0.0260767695 0.9960558414 -0.0848101303 -0.0659506768 0.0863683149 0.9940779805
-175.2 90.3 2683.8 0.9976410866 -0.0113010267 0.0677095875 0.0160570368 0.9974097013 -0.0701142102 -0.0667418391 0.0710360333 0.9952383637
-319.4 283.3 2707.1 -0.1097361445 -0.2996600568 -0.9477140307 0.5854806900 0.7510186434 -0.3052594662 0.8032249808 -0.5883662701 0.0930312797
-293.1 143.0 2514.6 -0.1959777027 -0.2769069672 -0.9406993389 0.6599822044 0.6722650528 -0.3353852332 0.7252697945 -0.6865728498 0.0510047190
-35.5 287.9 2688.1 0.0503142886 -0.1383624524 0.9891027808 -0.7215331197 0.6797220111 0.1317875385 -0.6905493736 -0.7203012109 -0.0656333640
-23.6 117.3 2524.8 -0.5699711442 -0.1383624524 0.8099313378 -0.6494320035 0.6797220111 -0.3409048319 -0.5033596754 -0.7203012109 -0.4772789180
-254.3 -107.6 2670.6 0.8646653295 0.4054986835 0.2965210378 -0.3810330331 0.9140679240 -0.1389017850 -0.3273648322 0.0071192542 0.9448711872
-413.1 -465.6 2667.8 0.9226456881 0.3207271099 0.2141473144 -0.2472060919 0.9180673361 -0.3099056184 -0.2959967852 0.2329945713 0.9263365865
-73.9 -102.5 2665.5 0.9259306192 0.1963506788 -0.3226436377 -0.1918205470 0.9803459644 0.0461161472 0.3253573477 0.0191893298 0.9453964233
-150.8 -486.4 2658.0 0.9346420765 0.1202900037 -0.3346259296 -0.1336689293 0.9908775687 -0.0171533078 0.3295099437 0.0607612915 0.9421949387
-242.6 -27.3 2327.5 0 0 0 0 0 0 0 0 0
-169.4 -48.7 2396.1 0 0 0 0 0 0 0 0 0
-528.4 -795.6 2584.0 0 0 0 0 0 0 0 0 0
-189.7 -806.9 2638.3 0 0 0 0 0 0 0 0 0
-182.9 488.3 2724.6 8 0.9973617196 -0.0377634875 -0.0619957112 0.0308820382 0.9936243296 -0.1084293872 0.0656951219 0.1062287688 0.9921691418
-175.2 285.7 2703.0 0.9973617196 -0.0377634875 -0.0619957112 0.0308820382 0.9936243296 -0.1084293872 0.0656951219 0.1062287688 0.9921691418
-169.3 90.8 2685.6 0.9976261258 -0.0287934933 -0.0625540987 0.0229801927 0.9955176711 -0.0917412564 0.0649152622 0.0900859684 0.9938161373
-316.0 282.6 2693.8 -0.0997426212 -0.2291459739 -0.9682683349 0.5866069794 0.7724810839 -0.2432390302 0.8037062287 -0.5922542214 0.0573693365
-293.3 148.7 2510.3 -0.1847563982 -0.2037214786 -0.9614378214 0.6820242405 0.6777859330 -0.2746801674 0.7076072097 -0.7064728141 0.0137177026
-34.4 288.8 2712.1 0.0381598100 -0.1934084892 0.9803759456 -0.6777099967 0.7159685493 0.1676251739 -0.7343384624 -0.6708071232 -0.1037536487
-24.5 113.4 2522.1 -0.5952588320 -0.1934084892 0.7799103260 -0.6291313171 0.7159685493 -0.3026265204 -0.4998607337 -0.6708071232 -0.5478659272
-263.0 -106.5 2675.9 0.9002806544 0.3880046606 0.1973501891 -0.3758606017 0.9215605259 -0.0972369686 -0.2195985466 0.0133643998 0.9754987955
-415.0 -467.4 2670.7 0.9426919818 0.3146623969 0.1109927744 -0.2722001076 0.9176293612 -0.2895918190 -0.1929738820 0.2427836359 0.9506930113
-83.0 -103.6 2663.9 0.8812028170 0.1770100296 -0.4383480847 -0.1707293391 0.9838333130 0.0540693216 0.4408322871 0.0271928441 0.8971775174
-152.3 -488.9 2653.2 0.8874168992 0.1176819056 -0.4456929564 -0.1260973364 0.9919585586 0.0108475303 0.4433854818 0.0465744101 0.8951202035
-245.4 -27.9 2327.0 0 0 0 0 0 0 0 0 0
-176.7 -47.5 2394.3 0 0 0 0 0 0 0 0 0
-527.7 -795.9 2583.8 0 0 0 0 0 0 0 0 0
-190.0 -807.0 2638.3 0 0 0 0 0 0 0 0 0
-184.5 490.7 2730.9 9 0.9894822836 -0.0567067899 -0.1330757886 0.0401214100 0.9914508462 -0.1241591051 0.1389787644 0.1175140440 0.9832981825
-173.0 290.4 2707.2 0.9894822836 -0.0567067899 -0.1330757886 0.0401214100 0.9914508462 -0.1241591051 0.1389787644 0.1175140440 0.9832981825
-163.4 96.0 2686.6 0.9898508191 -0.0481800064 -0.1336939782 0.0331485868 0.9931029081 -0.1124624312 0.1381903142 0.1068892628 0.9846208096
-313.0 285.9 2687.6 -0.0834361613 -0.1911595315 -0.9780063629 0.6156948209 0.7618049979 -0.2014276087 0.7835549116 -0.6189597845 0.0541338436
-294.1 145.9 2509.4 -0.1818419397 -0.1719256043 -0.9681813121 0.6789290309 0.6902955174 -0.2500949204 0.7113289833 -0.7028041482 -0.0087993992
-33.0 294.9 2726.8 0.0279929210 -0.2841216922 0.9583795071 -0.6539279819 0.7199352384 0.2325326949 -0.7560387850 -0.6332204342 -0.1656420231
-25.9 128.8 2534.8 -0.5180497169 -0.2841216922 0.8067833185 -0.6710053682 0.7199352384 -0.1773275733 -0.5304491520 -0.6332204342 -0.5636094213
-252.8 -106.1 2662.4 0.8986069560 0.4091840982 0.1583473980 -0.4080999196 0.9120240808 -0.0408237018 -0.1611210406 -0.0279370956 0.9865391850
-412.9 -462.9 2673.3 0.9466835260 0.3186541200 0.0474321060 -0.2943479121 0.9153642058 -0.2747137249 -0.1309563071 0.2461054176 0.9603554606
-74.1 -102.2 2674.1 0.8437888622 0.1954524070 -0.4998187125 -0.1971552670 0.9790945649 0.0500361063 0.4991494715 0.0563219823 0.8646835685
-150.6 -485.4 2652.0 0.8539468646 0.1289737970 -0.5041235089 -0.1332072914 0.9906978011 0.0278148353 0.5030214190 0.0434005298 0.8631835580
-247.4 -28.5 2326.7 0 0 0 0 0 0 0 0 0
-157.9 -42.2 2399.6 0 0 0 0 0 0 0 0 0
-528.8 -795.8 2583.8 0 0 0 0 0 0 0 0 0
-192.3 -805.7 2638.0 0 0 0 0 0 0 0 0 0
-184.6 489.0 2733.1 0 0.9994143248 -0.0323195867 0.0112431422 0.0333973616 0.9928373694 -0.1147108153 -0.0074552060 0.1150191203 0.9933353066
-178.1 288.0 2709.8 0.9994143248 -0.0323195867 0.0112431422 0.0333973616 0.9928373694 -0.1147108153 -0.0074552060 0.1150191203 0.9933353066
-171.9 93.3 2690.5 0.9994751215 -0.0305442270 0.0107964743 0.0314766392 0.9944298863 -0.1005906239 -0.0076638735 0.1008776650 0.9948692918
-318.5 283.7 2710.9 -0.0985077918 -0.2786736488 -0.9553204775 0.5743805766 0.7680163383 -0.2832629383 0.8126396537 -0.5766211152 0.0844091326
-293.9 140.3 2508.0 -0.1775794178 -0.2563534677 -0.9501307607 0.6634272337 0.6819175482 -0.3079817891 0.7268630266 -0.6850338578 0.0489773601
-37.7 292.2 2708.7 0.0528950803 -0.2689162791 0.9617100358 -0.6712577939 0.7034450769 0.2336193472 -0.7393341660 -0.6579126716 -0.1433033794
-26.5 149.7 2551.7 -0.5067540407 -0.2689162791 0.8190753460 -0.6842217445 0.7034450769 -0.1923685074 -0.5244434476 -0.6579126716 -0.5404719710
-245.0 -102.1 2656.7 0.8654575348 0.4193781912 0.2740531564 -0.4118065238 0.9070543647 -0.0875659958 -0.2853043973 -0.0370722301 0.9577197433
-408.3 -455.4 2671.1 0.9299388528 0.3270207644 0.1681401730 -0.2683525383 0.9161682129 -0.2976956069 -0.2513973415 0.2317178845 0.9397373199
-64.9 -95.6 2678.4 0.9038997889 0.2040417045 -0.3759416342 -0.2095956653 0.9774275422 0.0265532993 0.3728736639 0.0547942147 0.9262627959
-144.8 -478.3 2656.9 0.9130367041 0.1456136405 -0.3809994757 -0.1567858309 0.9876310825 0.0017357909 0.3765396774 0.0581504814 0.9245736003
-248.7 -28.5 2323.1 0 0 0 0 0 0 0 0 0
-152.2 -20.1 2421.6 0 0 0 0 0 0 0 0 0
-530.6 -797.8 2584.5 0 0 0 0 0 0 0 0 0
-193.1 -805.9 2637.6 0 0 0 0 0 0 0 0 0
-184.6 486.8 2724.2 1 0.9992244840 -0.0366569236 -0.0143785635 0.0351689681 0.9950637817 -0.0927967206 0.0177092291 0.0922190771 0.9955812693
-177.2 286.7 2705.6 0.9992244840 -0.0366569236 -0.0143785635 0.0351689681 0.9950637817 -0.0927967206 0.0177092291 0.0922190771 0.9955812693
-170.7 91.6 2691.2 0.9993390441 -0.0331169628 -0.0149924178 0.0318986475 0.9966525435 -0.0752740577 0.0174350794 0.0747460723 0.9970501661
-318.6 282.2 2703.2 -0.1061300114 -0.2690204382 -0.9572692513 0.5582121015 0.7805746198 -0.2812516689 0.8228825331 -0.5642085075 0.0673280582
-293.0 148.0 2505.4 -0.1829418093 -0.2388636470 -0.9536647201 0.6866077185 0.6632249951 -0.2978295982 0.7036349773 -0.7092790604 0.0426740497
-35.8 291.1 2708.1 0.0244115274 -0.2116358876 0.9770436883 -0.6877300143 0.7057674527 0.1700581610 -0.7255560160 -0.6760936379 -0.1283194870
-30.2 131.6 2539.8 -0.5030198693 -0.2116358876 0.8379625678 -0.6717631817 0.7057674527 -0.2250035107 -0.5437878370 -0.6760936379 -0.4971842468
-256.0 -104.5 2673.4 0.8910905123 0.3921242952 0.2284650803 -0.3767007589 0.9198402166 -0.1095012203 -0.2530894578 0.0115125226 0.9673743844
-408.9 -463.3 2668.9 0.9334128499 0.3280906379 0.1452481002 -0.2764876187 0.9157040715 -0.2916172445 -0.2286811769 0.2320399731 0.9454429746
-76.6 -98.8 2670.4 0.8967773914 0.1841349751 -0.4023489356 -0.1850338131 0.9820348024 0.0370147079 0.4019363821 0.0412542075 0.9147378206
-148.7 -483.3 2654.2 0.9039242268 0.1285413206 -0.4079192579 -0.1380257308 0.9904090166 0.0062357332 0.4048084617 0.0506667271 0.9129967093
-246.4 -27.1 2326.0 0 0 0 0 0 0 0 0 0
-156.9 -37.7 2402.7 0 0 0 0 0 0 0 0 0
-528.8 -797.8 2584.2 0 0 0 0 0 0 0 0 0
-190.7 -806.8 2637.7 0 0 0 0 0 0 0 0 0
-186.3 490.1 2729.2 2 0.9974419475 -0.0470960364 -0.0537731424 0.0410610884 0.9932709932 -0.1082897335 0.0585113242 0.1058047339 0.9926639795
-176.8 291.2 2708.0 0.9974419475 -0.0470960364 -0.0537731424 0.0410610884 0.9932709932 -0.1082897335 0.0585113242 0.1058047339 0.9926639795
-168.6 96.4 2690.3 0.9976405501 -0.0418440066 -0.0544276349 0.0366206542 0.9949306250 -0.0936589539 0.0580707863 0.0914447978 0.9941155314
-318.4 286.0 2699.8 -0.1052785441 -0.2471945137 -0.9632295966 0.5774718523 0.7733684778 -0.2615864575 0.8095941544 -0.5837774277 0.0613287650
-293.0 147.1 2505.0 -0.1732238531 -0.2242843062 -0.9590047002 0.6750010252 0.6820330620 -0.2814330161 0.7171939611 -0.6960800290 0.0332477354
-35.3 296.3 2716.3 0.0232910961 -0.2209285796 0.9750118256 -0.6841446161 0.7076221704 0.1766834259 -0.7289744020 -0.6711642742 -0.1346658021
-29.5 127.1 2536.1 -0.5129898787 -0.2209285796 0.8294768929 -0.6695955992 0.7076221704 -0.2256383300 -0.5371062756 -0.6711642742 -0.5109357834
-254.4 -106.6 2676.0 0.8965057731 0.3950674534 0.2004971206 -0.3819885254 0.9185336232 -0.1018858850 -0.2244151384 0.0147536853 0.9743819237
-408.8 -465.6 2670.3 0.9362111688 0.3318372965 0.1157264337 -0.2883062065 0.9135018587 -0.2870433331 -0.2009679973 0.2353685498 0.9509014487
-74.5 -100.7 2678.3 0.8786892891 0.1903851628 -0.4377883971 -0.2004026920 0.9794268608 0.0237024426 0.4332942963 0.0669068918 0.8987655640
-149.0 -484.2 2652.2 0.8892873526 0.1281423718 -0.4390302002 -0.1342461556 0.9907975793 0.0172647629 0.4372024238 0.0435847826 0.8983064294
-249.1 -24.3 2322.8 0 0 0 0 0 0 0 0 0
-159.9 -43.0 2399.6 0 0 0 0 0 0 0 0 0
-528.8 -795.8 2585.2 0 0 0 0 0 0 0 0 0
-190.7 -806.3 2638.0 0 0 0 0 0 0 0 0 0
-183.8 484.2 2721.8 3 0.9995347857 -0.0288701225 -0.0098371813 0.0276378915 0.9937438965 -0.1082093418 0.0128996558 0.1078871265 0.9940794706
-177.9 283.5 2700.0 0.9995347857 -0.0288701225 -0.0098371813 0.0276378915 0.9937438965 -0.1082093418 0.0128996558 0.1078871265 0.9940794706
-173.9 88.7 2680.8 0.9997344613 -0.0207269844 -0.0100686541 0.0196304359 0.9949009418 -0.0989282280 0.0120677976 0.0987043083 0.9950436354
-319.9 280.7 2698.3 -0.1177088097 -0.2608839273 -0.9581671357 0.5563468337 0.7819095254 -0.2812395990 0.8225708604 -0.5661776066 0.0531043038
-292.1 149.1 2503.6 -0.1829840839 -0.2306415588 -0.9556784630 0.6876873374 0.6646618843 -0.2920799255 0.7025687695 -0.7106539607 0.0369867496
-35.9 286.3 2701.7 0.0218492411 -0.2396563292 0.9706118703 -0.6943741441 0.6948398352 0.1871956289 -0.7192824483 -0.6780578494 -0.1512294263
-31.1 132.5 2542.4 -0.4690126777 -0.2308759540 0.8524807096 -0.6821405888 0.7077947259 -0.1836050898 -0.5609914064 -0.6676248312 -0.4894545674
-250.4 -101.8 2667.7 0.8775807619 0.4075312316 0.2525278926 -0.3977344632 0.9129621983 -0.0911443830 -0.2676926255 -0.0204524975 0.9632872939
-409.7 -458.8 2675.7 0.9352678657 0.3209368587 0.1492431164 -0.2654570043 0.9149473906 -0.3039800525 -0.2341080010 0.2446851432 0.9409158230
-70.5 -95.2 2677.7 0.8970600367 0.1982738525 -0.3949314058 -0.2041606456 0.9785499573 0.0275402591 0.3919206262 0.0559241846 0.9182977080
-148.1 -478.3 2655.8 0.9072829485 0.1301412135 -0.3998760879 -0.1409118176 0.9900190234 0.0024892392 0.3962088823 0.0540888235 0.9165658355
-245.6 -25.7 2325.0 0 0 0 0 0 0 0 0 0
-150.6 -41.2 2399.5 0 0 0 0 0 0 0 0 0
-528.3 -796.8 2585.3 0 0 0 0 0 0 0 0 0
-191.2 -805.5 2638.0 0 0 0 0 0 0 0 0 0
-184.4 482.6 2718.5 4 0.9994710088 -0.0219500475 0.0239975993 0.0242770724 0.9945473075 -0.1014214456 -0.0216405410 0.1019503921 0.9945541024
-179.9 280.9 2697.8 0.9994710088 -0.0219500475 0.0239975993 0.0242770724 0.9945473075 -0.1014214456 -0.0216405410 0.1019503921 0.9945541024
-177.4 85.9 2680.3 0.9996334314 -0.0129116420 0.0237970203 0.0150043312 0.9958314896 -0.0899697021 -0.0225361660 0.0902937800 0.9956601858
-322.1 278.8 2701.1 -0.1178990901 -0.2779383957 -0.9533362985 0.5451716781 0.7842993736 -0.2960782647 0.8299925923 -0.5546392798 0.0590559468
-294.0 149.2 2503.8 -0.1977071911 -0.2424681485 -0.9498005509 0.6867561936 0.6571348906 -0.3107083142 0.6994839311 -0.7137106657 0.0365962125
