593.5 164.0 2265.1 7 0.5666452050 0.5367916822 0.6251143217 -0.7010615468 0.7127143145 0.0234741531 -0.4329271913 -0.4515451193 0.7801801562
487.1 22.7 2354.6 0.5666452050 0.5367916822 0.6251143217 -0.7010615468 0.7127143145 0.0234741531 -0.4329271913 -0.4515451193 0.7801801562
380.6 -120.7 2438.1 0.5754359365 0.5374047756 0.6164978147 -0.6893010139 0.7243765593 0.0119467629 -0.4401563108 -0.4318271875 0.7872659564
403.4 123.9 2416.5 -0.5337964892 0.6024760604 0.5933665633 -0.8245071173 -0.5266185999 -0.2070287317 0.1877480000 -0.5997461677 0.7778529525
624.4 465.3 2338.8 -0.4547801316 0.6040903926 0.6544079781 -0.8455454707 -0.5236275196 -0.1042452678 0.2796924412 -0.6007404327 0.7489212751
570.8 -78.4 2292.6 -0.3965505958 0.7172182202 -0.5730144978 -0.7856240273 0.0577755384 0.6160007119 0.4749131501 0.6944494247 0.5405529737
482.8 -252.6 2397.9 0.3114821315 0.7172182202 -0.6233593822 -0.9180405140 0.0577755384 -0.3922545314 -0.2453171760 0.6944494247 0.6764314175
222.6 -202.6 2564.4 0.6332411766 -0.0943578333 0.7681811452 0.1038178876 0.9939261675 0.0365056582 -0.7669599056 0.0566340610 0.6391909719
260.1 -597.6 2541.9 0.6362763643 -0.0956826434 0.7655045390 0.0750499666 0.9952493310 0.0620186552 -0.7678020000 0.0179900881 0.6404345632
327.8 -328.4 2482.5 0.3306224942 -0.2845343649 0.8998494148 0.3550437391 0.9209255576 0.1607485712 -0.8744328022 0.2663388252 0.4055008292
440.9 -694.2 2376.7 0.3355002105 -0.2815298736 0.8989886045 0.3392055929 0.9263911247 0.1635206938 -0.8788510561 0.2500807345 0.4063009322
768.4 733.1 2250.2 0 0 0 0 0 0 0 0 0
552.2 -457.2 2343.2 0 0 0 0 0 0 0 0 0
296.7 -977.8 2535.0 0 0 0 0 0 0 0 0 0
548.1 -1047.1 2281.4 0 0 0 0 0 0 0 0 0
596.7 164.1 2273.9 8 0.5519770384 0.5541393757 0.6230978370 -0.7032375932 0.7108947039 -0.0092500942 -0.4480827749 -0.4330799878 0.7820892334
487.0 23.4 2359.6 0.5519770384 0.5541393757 0.6230978370 -0.7032375932 0.7108947039 -0.0092500942 -0.4480827749 -0.4330799878 0.7820892334
377.4 -119.4 2440.0 0.5607175827 0.5533705354 0.6159357429 -0.6919313073 0.7217258811 -0.0185145978 -0.4547822177 -0.4158037603 0.7875788212
405.4 125.0 2423.8 -0.5441522002 0.5787242055 0.6074345112 -0.8120382428 -0.5453196168 -0.2078952640 0.2109319121 -0.6063867211 0.7666830420
631.9 462.9 2336.0 -0.4692448676 0.5794667602 0.6663539410 -0.8315089345 -0.5440057516 -0.1124748588 0.2973249257 -0.6068574786 0.7371037006
568.5 -78.2 2295.5 -0.4139158726 0.7177067399 -0.5599738359 -0.7869375944 0.0271173641 0.6164364219 0.4576056004 0.6958172917 0.5535660982
476.7 -252.6 2397.0 0.2916942239 0.7177067399 -0.6323065162 -0.9190545678 0.0271173641 -0.3931963146 -0.2650531530 0.6958172917 0.6675216556
221.1 -201.5 2564.2 0.6367539763 -0.0942506939 0.7652850151 0.0977097079 0.9943632483 0.0411642529 -0.7648510933 0.0485642701 0.6423739791
258.6 -596.6 2544.9 0.6364476681 -0.0982891172 0.7650317550 0.1008397117 0.9939377308 0.0438074172 -0.7646997571 0.0492644534 0.6425008178
326.6 -327.8 2483.5 0.3473144472 -0.2962380648 0.8897278905 0.3393080831 0.9242036343 0.1752644777 -0.8742097616 0.2410199791 0.4215052426
444.3 -694.9 2387.8 0.3330285549 -0.2451329380 0.9104954004 0.3955336809 0.9128702283 0.1010994092 -0.8559468985 0.3264625967 0.4009701610
780.4 726.0 2241.9 0 0 0 0 0 0 0 0 0
541.7 -457.4 2337.9 0 0 0 0 0 0 0 0 0
296.1 -976.2 2526.1 0 0 0 0 0 0 0 0 0
537.4 -1042.0 2263.7 0 0 0 0 0 0 0 0 0
601.7 163.4 2270.8 9 0.5514791608 0.5592234731 0.6189829111 -0.7104780674 0.7037138939 -0.0027779588 -0.4371403456 -0.4382417798 0.7853995562
490.3 23.2 2358.1 0.5514791608 0.5592234731 0.6189829111 -0.7104780674 0.7037138939 -0.0027779588 -0.4371403456 -0.4382417798 0.7853995562
379.5 -118.1 2439.6 0.5596860647 0.5591776967 0.6116141081 -0.7000749707 0.7139664888 -0.0121186059 -0.4434484243 -0.4213931262 0.7910634279
408.9 125.9 2420.6 -0.5542692542 0.5780724883 0.5988470912 -0.8043268323 -0.5570741296 -0.2067044824 0.2141120583 -0.5962386727 0.7737282515
638.6 459.3 2331.9 -0.4894166291 0.5589528680 0.6693602204 -0.8021757007 -0.5896159410 -0.0941654816 0.3420313895 -0.5830306411 0.7369462252
571.7 -79.5 2295.7 -0.4202754498 0.7141007185 -0.5598470569 -0.7793586254 0.0319106169 0.6257649660 0.4647242725 0.6993153095 0.5431293249
478.5 -252.3 2398.7 0.2885228097 0.7141007185 -0.6378203630 -0.9235849380 0.0319106169 -0.3820635974 -0.2524786294 0.6993153095 0.6687395573
216.0 -199.3 2564.3 0.6391978860 -0.1025907546 0.7621687651 0.1073302999 0.9932633042 0.0436836779 -0.7615157962 0.0538812876 0.6459028721
256.8 -594.1 2542.9 0.6402047276 -0.1030724347 0.7612581253 0.0979043245 0.9938245416 0.0522255227 -0.7619400620 0.0410954393 0.6463423967
318.8 -326.2 2480.9 0.3411431611 -0.3093000650 0.8876681924 0.3654365242 0.9136743546 0.1779193729 -0.8660701513 0.2636903822 0.4247232974
441.7 -689.1 2376.2 0.3474453688 -0.2458840162 0.9048882723 0.3420813084 0.9317387938 0.1218328327 -0.8730762005 0.2672151029 0.4078406692
793.7 713.5 2223.5 0 0 0 0 0 0 0 0 0
542.8 -458.1 2342.4 0 0 0 0 0 0 0 0 0
296.1 -973.7 2527.2 0 0 0 0 0 0 0 0 0
535.2 -1043.5 2274.5 0 0 0 0 0 0 0 0 0
608.3 164.0 2275.8 0 0.5389583111 0.5845718980 0.6064648628 -0.7210336328 0.6923885345 -0.0266195610 -0.4354703724 -0.4229347408 0.7946645617
491.7 25.9 2360.1 0.5389583111 0.5845718980 0.6064648628 -0.7210336328 0.6923885345 -0.0266195610 -0.4354703724 -0.4229347408 0.7946645617
376.4 -113.0 2439.4 0.5469180346 0.5822110176 0.6015903950 -0.7115218043 0.7019146085 -0.0324445330 -0.4411546588 -0.4103001952 0.7981455326
412.2 130.3 2422.3 -0.5616951585 0.5675349832 0.6019988656 -0.7946355939 -0.5726453066 -0.2015729845 0.2303320765 -0.5915922523 0.7726355791
643.1 456.9 2327.6 -0.5099854469 0.5408041477 0.6689138412 -0.7818086147 -0.6157286167 -0.0982524455 0.3587340713 -0.5730699301 0.7368179560
571.2 -78.5 2298.0 -0.4455505610 0.7062578201 -0.5501677990 -0.7710936666 0.0094917323 0.6366509199 0.4548617601 0.7078911066 0.5403618813
472.4 -249.4 2398.8 0.2678752244 0.7062578201 -0.6553187966 -0.9291504025 0.0094917323 -0.3695800304 -0.2547986805 0.7078911066 0.6587623358
217.1 -195.8 2564.0 0.6503658891 -0.0991000682 0.7531290650 0.1003307700 0.9939740896 0.0441507176 -0.7529661059 0.0468478985 0.6563895941
256.5 -590.8 2545.3 0.6491444111 -0.1064471677 0.7531802654 0.1121595129 0.9927316308 0.0436359644 -0.7523508668 0.0561502948 0.6563652754
319.7 -324.1 2482.6 0.3539234698 -0.3016533256 0.8852928877 0.3827057183 0.9103965163 0.1572085321 -0.8533900380 0.2831668556 0.4376551211
439.6 -685.8 2370.2 0.3716401160 -0.2519046664 0.8935477734 0.3205597401 0.9381063581 0.1311407238 -0.8712778091 0.2376983017 0.4293884635
805.0 705.2 2213.7 0 0 0 0 0 0 0 0 0
532.1 -456.4 2342.1 0 0 0 0 0 0 0 0 0
297.2 -970.1 2523.9 0 0 0 0 0 0 0 0 0
535.6 -1043.3 2279.6 0 0 0 0 0 0 0 0 0
613.5 164.6 2277.8 1 0.5315325260 0.5963345766 0.6015465856 -0.7262348533 0.6863564253 -0.0387013033 -0.4359543025 -0.4162930846 0.7978997231
494.2 27.4 2361.0 0.5315325260 0.5963345766 0.6015465856 -0.7262348533 0.6863564253 -0.0387013033 -0.4359543025 -0.4162930846 0.7978997231
376.8 -110.3 2439.3 0.5393308997 0.5930836797 0.5978075862 -0.7171743512 0.6955631375 -0.0430453978 -0.4413424730 -0.4055165648 0.8004830480
415.9 132.6 2423.2 -0.5732833743 0.5539414287 0.6037342548 -0.7820862532 -0.5896536112 -0.2016176730 0.2443096936 -0.5877563357 0.7712686062
650.0 452.0 2323.4 -0.5464185476 0.5225118399 0.6545289755 -0.7611673474 -0.6358268261 -0.1278612763 0.3493580520 -0.5680718422 0.7451465130
572.6 -77.9 2298.8 -0.4575302899 0.7033897042 -0.5439751744 -0.7666850090 -0.0021877554 0.6420196891 0.4503999650 0.7108010650 0.5402792692
471.1 -247.8 2398.7 0.2566819489 0.7033897042 -0.6628403664 -0.9317352176 -0.0021877554 -0.3631318510 -0.2568733394 0.7108010650 0.6548113823
210.6 -187.2 2561.3 0.6554085016 -0.1156697646 0.7463646531 0.0876645371 0.9931744337 0.0769384876 -0.7501696944 0.0150035713 0.6610751152
256.6 -581.6 2555.4 0.6505856514 -0.1023990735 0.7524976730 0.1449687183 0.9893925190 0.0093001183 -0.7454679012 0.1030380949 0.6585292220
310.9 -317.6 2480.4 0.3616849184 -0.3158180714 0.8771789670 0.3831781447 0.9080911279 0.1689527780 -0.8499167562 0.2750081420 0.4494574368
436.4 -678.4 2371.1 0.3786439896 -0.2538540065 0.8900488019 0.3240761757 0.9371371865 0.1294160038 -0.8669506311 0.2394410074 0.4371094108
823.0 693.0 2212.8 0 0 0 0 0 0 0 0 0
528.3 -455.4 2341.5 0 0 0 0 0 0 0 0 0
295.6 -959.2 2516.0 0 0 0 0 0 0 0 0 0
533.3 -1036.0 2279.8 0 0 0 0 0 0 0 0 0
613.6 161.9 2278.8 2 0.5272647142 0.6040732861 0.5975678563 -0.7320017219 0.6800342798 -0.0415548719 -0.4314688444 -0.4155102968 0.8007407784
493.4 26.6 2361.4 0.5272647142 0.6040732861 0.5975678563 -0.7320017219 0.6800342798 -0.0415548719 -0.4314688444 -0.4155102968 0.8007407784
374.4 -109.8 2439.6 0.5348698497 0.6013224125 0.5935702324 -0.7233646512 0.6889258623 -0.0460949801 -0.4366438389 -0.4047129154 0.8034610152
415.7 132.7 2422.9 -0.5854139328 0.5471705198 0.5982432365 -0.7718435526 -0.6019489765 -0.2047314495 0.2480888963 -0.5816028118 0.7747193575
654.5 447.4 2321.8 -0.5523213148 0.5086407661 0.6604738832 -0.7445178628 -0.6573874950 -0.1163391992 0.3750123978 -0.5559912324 0.7417812943
571.1 -79.6 2299.9 -0.4666380882 0.6999462843 -0.5406700373 -0.7611439228 -0.0064672818 0.6485508084 0.4504540563 0.7141662240 0.5357777476
467.7 -248.3 2399.8 0.2494018823 0.6999462843 -0.6692337990 -0.9347939491 -0.0064672818 -0.3551316559 -0.2529011965 0.7141662240 0.6526925564
209.5 -182.7 2560.4 0.6582552791 -0.1128507406 0.7442880273 0.0929611772 0.9933179617 0.0683935210 -0.7470329404 0.0241694953 0.6643475294
254.4 -577.3 2550.8 0.6543112397 -0.1100630462 0.7481730580 0.1334692538 0.9906284213 0.0290055145 -0.7443538904 0.0808794722 0.6628693342
308.4 -314.2 2479.4 0.3686150014 -0.3161776662 0.8741593957 0.3790588975 0.9097692966 0.1692162305 -0.8487858176 0.2689822614 0.4552045763
434.1 -675.7 2372.5 0.3841799498 -0.2679476142 0.8835212588 0.3273871243 0.9343117476 0.1409938037 -0.8632632494 0.2350865006 0.4466664493
829.7 683.7 2202.8 0 0 0 0 0 0 0 0 0
523.2 -456.6 2343.5 0 0 0 0 0 0 0 0 0
296.4 -955.5 2519.9 0 0 0 0 0 0 0 0 0
536.4 -1032.5 2282.7 0 0 0 0 0 0 0 0 0
609.6 159.8 2279.3 3 0.5221579075 0.6010706425 0.6050331593 -0.7327625155 0.6791667938 -0.0423273854 -0.4363601804 -0.4212440550 0.7950743437
490.6 25.3 2362.7 0.5221579075 0.6010706425 0.6050331593 -0.7327625155 0.6791667938 -0.0423273854 -0.4363601804 -0.4212440550 0.7950743437
372.1 -110.9 2442.0 0.5295066833 0.5983577371 0.6013241410 -0.7243871689 0.6878196597 -0.0465545803 -0.4414588511 -0.4109405279 0.7976477742
413.6 131.6 2424.9 -0.5973901153 0.5315030813 0.6005243659 -0.7597481608 -0.6148117781 -0.2116344869 0.2567250729 -0.5826756358 0.7710909843
658.3 442.8 2319.7 -0.5568757653 0.4866283238 0.6731138825 -0.7266562581 -0.6779692173 -0.1110335812 0.4023183882 -0.5509542823 0.7311561108
567.5 -81.0 2300.5 -0.4633399248 0.7068810463 -0.5344485641 -0.7602136135 -0.0071317623 0.6496340632 0.4554024637 0.7072964907 0.5406850576
464.8 -249.6 2401.4 0.2455352247 0.7068810463 -0.6633487940 -0.9352958798 -0.0071317623 -0.3537948728 -0.2548217475 0.7072964907 0.6593918204
205.9 -180.3 2560.0 0.6510632038 -0.1173034310 0.7499043941 0.0915722921 0.9929083586 0.0758126006 -0.7534794211 0.0193116721 0.6571878195
252.5 -574.9 2552.3 0.6461614370 -0.1209802404 0.7535510659 0.1374679506 0.9896569252 0.0410090983 -0.7507182956 0.0770906210 0.6561090350
304.0 -313.0 2479.9 0.3587340415 -0.3256900609 0.8747776151 0.3841291070 0.9056324363 0.1796516925 -0.8507377505 0.2715803683 0.4499882162
433.4 -672.9 2372.0 0.3737713099 -0.2591483891 0.8905824423 0.3325606585 0.9337779880 0.1321443170 -0.8658512831 0.2467809469 0.4352019727
834.6 672.9 2192.3 0 0 0 0 0 0 0 0 0
519.5 -457.9 2344.7 0 0 0 0 0 0 0 0 0
298.7 -952.9 2522.9 0 0 0 0 0 0 0 0 0
532.4 -1029.5 2277.7 0 0 0 0 0 0 0 0 0
606.9 157.1 2280.5 4 0.5284937620 0.6024221778 0.5981487036 -0.7335327268 0.6787281632 -0.0354650728 -0.4273453355 -0.4200185835 0.8005999923
488.0 23.1 2363.4 0.5284937620 0.6024221778 0.5981487036 -0.7335327268 0.6787281632 -0.0354650728 -0.4273453355 -0.4200185835 0.8005999923
369.4 -113.2 2442.5 0.5365697742 0.5989165306 0.5944677591 -0.7243429422 0.6882985234 -0.0396537036 -0.4329205453 -0.4093215466 0.8031411171
410.0 129.4 2424.4 -0.6141174436 0.5238050818 0.5903286934 -0.7435266972 -0.6348031759 -0.2102211416 0.2646276355 -0.5680256486 0.7793067694
662.8 435.4 2315.4 -0.5750058889 0.4736117721 0.6671282649 -0.7042366266 -0.7015581131 -0.1089356318 0.4164360464 -0.5324547887 0.7369348407
565.9 -83.2 2302.5 -0.4639778137 0.7006421685 -0.5420563817 -0.7598534822 -0.0002388755 0.6500943303 0.4553540349 0.7135127783 0.5324962139
463.0 -251.7 2403.4 0.2518973351 0.7006421685 -0.6675689220 -0.9355260134 -0.0002388755 -0.3532577157 -0.2476667166 0.7135127783 0.6554087996
204.6 -181.1 2564.2 0.6561084986 -0.1205220744 0.7449805737 0.1000058576 0.9923445582 0.0724646151 -0.7480109930 0.0269577689 0.6631386280
252.5 -575.5 2553.5 0.6505347490 -0.1238246933 0.7493143678 0.1517490894 0.9879167080 0.0315093845 -0.7441617846 0.0932098180 0.6614643931
301.8 -314.0 2483.2 0.3592103124 -0.3333524168 0.8716903925 0.3956371844 0.9003396630 0.1812724322 -0.8452450037 0.2797582150 0.4552979171
434.2 -671.7 2372.0 0.3810067475 -0.2586782873 0.8876482248 0.3220795989 0.9370619655 0.1348316669 -0.8666594625 0.2345216125 0.4403419495
845.0 658.6 2183.5 0 0 0 0 0 0 0 0 0
519.2 -460.1 2348.3 0 0 0 0 0 0 0 0 0
299.8 -952.8 2517.9 0 0 0 0 0 0 0 0 0
533.0 -1029.7 2282.4 0 0 0 0 0 0 0 0 0
609.6 156.0 2281.1 5 0.5278568268 0.6084408164 0.5925933719 -0.7359776497 0.6759151816 -0.0384134203 -0.4239151478 -0.4158586860 0.8045852780
488.7 21.7 2363.7 0.5278568268 0.6084408164 0.5925933719 -0.7359776497 0.6759151816 -0.0384134203 -0.4239151478 -0.4158586860 0.8045852780
369.0 -114.0 2442.2 0.5356673598 0.6046635509 0.5894425511 -0.7272146940 0.6851270795 -0.0419485010 -0.4292077720 -0.4061808288 0.8067204356
410.9 128.4 2424.2 -0.6245158315 0.5104086399 0.5911539197 -0.7283089757 -0.6539280415 -0.2048027366 0.2820390761 -0.5584452748 0.7801235914
666.7 426.7 2308.6 -0.5937934518 0.4639583528 0.6573826671 -0.6914007068 -0.7121064663 -0.1219403818 0.4115511775 -0.5269222260 0.7436252832
566.5 -85.0 2303.3 -0.4703489840 0.6963409185 -0.5421080589 -0.7572973371 -0.0031068407 0.6530628204 0.4530701339 0.7177044153 0.5287984610
462.2 -252.9 2403.8 0.2488767356 0.6963409185 -0.6731787920 -0.9368981719 -0.0031068407 -0.3495885134 -0.2455242574 0.7177044153 0.6516273618
201.2 -183.5 2563.5 0.6587938070 -0.1288296431 0.7412109375 0.1146700606 0.9909123182 0.0703105628 -0.7435331345 0.0386745408 0.6675797701
252.4 -577.3 2548.1 0.6572140455 -0.1161536872 0.7446999550 0.1287212968 0.9908351898 0.0409449562 -0.7426307797 0.0689491406 0.6661422849
299.6 -316.4 2484.1 0.3605570197 -0.3363054693 0.8699984550 0.4084482789 0.8954793811 0.1768804491 -0.8385515213 0.2915738821 0.4602347612
433.2 -672.2 2368.2 0.3827935755 -0.2515719235 0.8889210820 0.3318392634 0.9354349375 0.1218367144 -0.8621785045 0.2483406067 0.4415599108
854.3 645.1 2178.7 0 0 0 0 0 0 0 0 0
517.7 -461.7 2349.1 0 0 0 0 0 0 0 0 0
296.7 -955.7 2521.8 0 0 0 0 0 0 0 0 0
529.3 -1029.6 2273.3 0 0 0 0 0 0 0 0 0
611.4 155.5 2280.5 6 0.5251839161 0.6145227551 0.5886796117 -0.7386111617 0.6727378964 -0.0433275960 -0.4226528704 -0.4120503664 0.8072044849
488.8 21.3 2362.6 0.5251839161 0.6145227551 0.5886796117 -0.7386111617 0.6727378964 -0.0433275960 -0.4226528704 -0.4120503664 0.8072044849
368.2 -114.0 2440.1 0.5344109535 0.6094640493 0.5856266022 -0.7283865809 0.6835722923 -0.0467106067 -0.4287865758 -0.4015999138 0.8092339635
411.2 128.2 2423.0 -0.6298633218 0.4975416660 0.5964264274 -0.7163121700 -0.6689785719 -0.1984051168 0.3002816737 -0.5521956086 0.7777602077
668.1 420.4 2300.5 -0.6280850172 0.4335040748 0.6462069750 -0.6553017497 -0.7425011396 -0.1388222873 0.4196293950 -0.5106527805 0.7504298091
566.4 -85.6 2302.3 -0.4756774306 0.6930919886 -0.5416221023 -0.7564561367 -0.0080961445 0.6539942622 0.4488931298 0.7208036780 0.5281448364
460.9 -253.3 2401.8 0.2458866239 0.6930919886 -0.6776158810 -0.9373099208 -0.0080961445 -0.3484028876 -0.2469613254 0.7208036780 0.6476512551
199.8 -183.4 2562.2 0.6637873650 -0.1333309561 0.7359409928 0.1048218310 0.9908545017 0.0849689916 -0.7405394912 0.0207413379 0.6716927290
252.7 -577.1 2554.0 0.6599375606 -0.1158488393 0.7423351407 0.1416968554 0.9895011187 0.0284527447 -0.7378376722 0.0864095241 0.6694243550
298.0 -316.8 2483.5 0.3648107052 -0.3422859609 0.8658830523 0.4125380516 0.8931307197 0.1792480052 -0.8347008228 0.2918181121 0.4670296311
434.0 -671.7 2367.5 0.3934340179 -0.2478628010 0.8853099346 0.3141167462 0.9412604570 0.1239331439 -0.8640256524 0.2293311507 0.4481817484
866.0 626.8 2168.3 0 0 0 0 0 0 0 0 0
515.7 -462.1 2346.8 0 0 0 0 0 0 0 0 0
297.0 -955.1 2521.0 0 0 0 0 0 0 0 0 0
528.7 -1031.3 2279.9 0 0 0 0 0 0 0 0 0
613.1 156.0 2280.6 7 0.5254151821 0.6178578734 0.5849705935 -0.7398740649 0.6712743044 -0.0444655493 -0.4201490879 -0.4094416797 0.8098347187
489.8 22.0 2362.3 0.5254151821 0.6178578734 0.5849705935 -0.7398740649 0.6712743044 -0.0444655493 -0.4201490879 -0.4094416797 0.8098347187
368.4 -113.1 2439.1 0.5350676179 0.6131694317 0.5811418891 -0.7292591333 0.6825040579 -0.0486760214 -0.4264783263 -0.3977580369 0.8123452067
412.1 129.0 2422.3 -0.6387028098 0.4790487289 0.6021386981 -0.6969335675 -0.6918216944 -0.1888553351 0.3261017501 -0.5402731299 0.7757335901
672.9 413.6 2289.2 -0.6443324089 0.4051275551 0.6486196518 -0.6216694713 -0.7714310288 -0.1357248425 0.4453794360 -0.4906789362 0.7489134073
567.4 -85.0 2302.3 -0.4798054695 0.6891702414 -0.5429835320 -0.7557284236 -0.0102358172 0.6548051834 0.4457143545 0.7245271802 0.5257366896
461.1 -252.6 2401.1 0.2450935841 0.6891702414 -0.6818896532 -0.9376705289 -0.0102358172 -0.3473747373 -0.2463800311 0.7245271802 0.6437058449
198.1 -183.0 2559.3 0.6678270698 -0.1375021785 0.7315053940 0.1052582413 0.9903581142 0.0900637284 -0.7368362546 0.0168499742 0.6758612394
252.7 -576.6 2552.6 0.6662051082 -0.1089538932 0.7377667427 0.1207815856 0.9919732213 0.0374292210 -0.7359229326 0.0641731024 0.6740172505
296.1 -316.6 2480.6 0.3680521548 -0.3405175507 0.8652083278 0.4181041121 0.8917527795 0.1731067002 -0.8304978013 0.2980348468 0.4705833197
431.4 -671.0 2362.2 0.4075653255 -0.2637306452 0.8742634654 0.2927588820 0.9445897937 0.1484666020 -0.8649755716 0.1954385638 0.4621915221
876.2 609.8 2148.7 0 0 0 0 0 0 0 0 0
515.7 -461.5 2346.2 0 0 0 0 0 0 0 0 0
294.3 -955.5 2528.1 0 0 0 0 0 0 0 0 0
532.1 -1031.7 2287.6 0 0 0 0 0 0 0 0 0
612.1 157.6 2281.2 8 0.5237991214 0.6211566925 0.5829226375 -0.7397050261 0.6710429192 -0.0503771268 -0.4224582314 -0.4048033357 0.8109644055
488.3 23.9 2361.8 0.5237991214 0.6211566925 0.5829226375 -0.7397050261 0.6710429192 -0.0503771268 -0.4224582314 -0.4048033357 0.8109644055
366.6 -111.2 2438.2 0.5333183408 0.6148712635 0.5809517503 -0.7292831540 0.6821921468 -0.0525349565 -0.4286229610 -0.3956604600 0.8122408390
410.9 130.9 2422.2 -0.6508595943 0.4520637095 0.6099345684 -0.6711137295 -0.7181991935 -0.1838377714 0.3549481332 -0.5289880633 0.7708329558
675.4 403.7 2277.9 -0.6658034921 0.3762469292 0.6443166733 -0.5907464623 -0.7933180332 -0.1471909732 0.4557678699 -0.4786280394 0.7504604459
565.7 -83.2 2301.5 -0.4816909134 0.6890813112 -0.5414248109 -0.7558861971 -0.0140958559 0.6545512676 0.4434072077 0.7245469689 0.5276568532
458.9 -250.7 2399.8 0.2428199202 0.6890813112 -0.6827924252 -0.9375239015 -0.0140958559 -0.3476352096 -0.2491734624 0.7245469689 0.6426074505
197.5 -181.9 2557.2 0.6687695980 -0.1368942261 0.7307579517 0.1012880653 0.9905139804 0.0928587466 -0.7365378141 0.0119159566 0.6762914062
251.9 -575.5 2552.5 0.6670679450 -0.1154237986 0.7360011935 0.1166081727 0.9919250607 0.0498724580 -0.7358144522 0.0525554344 0.6751407385
295.6 -315.6 2479.0 0.3724507987 -0.3364222348 0.8649280071 0.4109366536 0.8954206109 0.1713272333 -0.8321126699 0.2916196585 0.4717483521
429.3 -671.5 2363.1 0.4123130143 -0.2763216794 0.8681268692 0.2895656824 0.9432289600 0.1626984775 -0.8637995720 0.1842970550 0.4689188600
884.9 589.6 2134.5 0 0 0 0 0 0 0 0 0
513.0 -459.6 2344.3 0 0 0 0 0 0 0 0 0
296.0 -954.5 2532.4 0 0 0 0 0 0 0 0 0
534.9 -1031.7 2292.7 0 0 0 0 0 0 0 0 0
611.4 155.6 2281.5 9 0.5158591270 0.6278854609 0.5827943087 -0.7441067100 0.6655073762 -0.0583536737 -0.4244933724 -0.4035588801 0.8105218410
486.5 23.3 2361.7 0.5158591270 0.6278854609 0.5827943087 -0.7441067100 0.6655073762 -0.0583536737 -0.4244933724 -0.4035588801 0.8105218410
363.6 -110.7 2437.9 0.5253946185 0.6212890148 0.5813437104 -0.7338613868 0.6766520143 -0.0599122941 -0.4305902421 -0.3951480985 0.8114493489
410.3 131.0 2422.3 -0.6585571170 0.4278101921 0.6190968752 -0.6498935819 -0.7380893230 -0.1812800765 0.3793953061 -0.5217303634 0.7641050816
680.8 398.0 2266.5 -0.6936406493 0.3434010446 0.6331969500 -0.5557730794 -0.8143507242 -0.1671801358 0.4582345486 -0.4678767622 0.7557198405
562.8 -84.4 2301.1 -0.4888064563 0.6897541881 -0.5341417789 -0.7517794967 -0.0224098526 0.6590336561 0.4426011741 0.7236967683 0.5294971466
454.4 -251.1 2399.2 0.2330114841 0.6897541881 -0.6855252385 -0.9394769669 -0.0224098526 -0.3418783247 -0.2511745393 0.7236967683 0.6427864432
195.5 -179.8 2556.1 0.6673544645 -0.1500189304 0.7294740081 0.1068843305 0.9886543751 0.1055378839 -0.7370303869 0.0075381664 0.6758176088
255.1 -572.7 2553.1 0.6662403941 -0.1057592034 0.7381996512 0.1177173257 0.9923967719 0.0359347947 -0.7363873720 0.0629576743 0.6736245155
293.3 -313.6 2477.5 0.3759604990 -0.3418183625 0.8612861633 0.4077527523 0.8956778646 0.1774790138 -0.8321005702 0.2844667137 0.4761168957
429.2 -669.6 2364.4 0.4140304029 -0.2738612592 0.8680891991 0.2904466093 0.9435643554 0.1591449082 -0.8626816273 0.1862427443 0.4702064097
898.4 572.3 2122.7 0 0 0 0 0 0 0 0 0
506.3 -460.4 2343.3 0 0 0 0 0 0 0 0 0
295.5 -951.9 2529.1 0 0 0 0 0 0 0 0 0
533.8 -1030.1 2293.3 0 0 0 0 0 0 0 0 0
612.7 155.1 2280.6 0 0.5131915808 0.6329998374 0.5796081424 -0.7480165362 0.6609997749 -0.0595867336 -0.4208392203 -0.4029770494 0.8127138615
486.4 23.3 2361.0 0.5131915808 0.6329998374 0.5796081424 -0.7480165362 0.6609997749 -0.0595867336 -0.4208392203 -0.4029770494 0.8127138615
362.5 -109.9 2437.1 0.5230833292 0.6262131333 0.5781357288 -0.7375410199 0.6725283861 -0.0611460581 -0.4271031618 -0.3944143057 0.8136462569
410.5 131.5 2421.1 -0.6667268872 0.4123997688 0.6208072901 -0.6319966912 -0.7543367147 -0.1776410937 0.3950385749 -0.5107862353 0.7635718584
678.9 385.9 2262.1 -0.7128961086 0.2895315289 0.6387100816 -0.4913705289 -0.8560553789 -0.1603874862 0.5003340244 -0.4281829298 0.7525458336
562.4 -85.0 2300.9 -0.4942940772 0.6870516539 -0.5325724483 -0.7482402325 -0.0244034734 0.6629788876 0.4425041378 0.7261986732 0.5261421800
452.8 -250.9 2399.0 0.2289950848 0.6870516539 -0.6895805001 -0.9412322640 -0.0244034734 -0.3368772864 -0.2482802570 0.7261986732 0.6410868764
191.9 -177.8 2556.0 0.6690035462 -0.1497697681 0.7280132174 0.1119421273 0.9886181951 0.1005138829 -0.7347810864 0.0142512061 0.6781545877
251.5 -570.7 2550.3 0.6681720614 -0.1201390028 0.7342429757 0.1189443171 0.9914324880 0.0539800115 -0.7344374657 0.0512660965 0.6767373085
288.3 -312.4 2477.0 0.3756680787 -0.3540309072 0.8564669490 0.4178158343 0.8896079659 0.1844655573 -0.8272263408 0.2885476351 0.4821170270
429.0 -665.9 2362.3 0.4156552553 -0.2642711401 0.8702824116 0.2914718688 0.9450954795 0.1477792114 -0.8615537286 0.1922376454 0.4698615074
902.0 539.6 2105.6 0 0 0 0 0 0 0 0 0
503.8 -460.6 2343.7 0 0 0 0 0 0 0 0 0
297.4 -949.5 2530.7 0 0 0 0 0 0 0 0 0
530.0 -1027.0 2288.9 0 0 0 0 0 0 0 0 0
614.3 155.4 2274.2 1 0.5223981142 0.6290736198 0.5756444931 -0.7517422438 0.6584010720 -0.0373042189 -0.4024720490 -0.4132486582 0.8168486953
488.9 24.1 2356.6 0.5223981142 0.6290736198 0.5756444931 -0.7517422438 0.6584010720 -0.0373042189 -0.4024720490 -0.4132486582 0.8168486953
365.7 -108.5 2434.8 0.5321702957 0.6221508980 0.5742151141 -0.7413675189 0.6699754000 -0.0388217457 -0.4088630080 -0.4050446749 0.8177835345
411.6 132.8 2414.0 -0.6768541336 0.4099287391 0.6114138365 -0.6142669916 -0.7722356915 -0.1622592658 0.4056408703 -0.4853971899 0.7744966149
679.8 376.2 2253.3 -0.7345570326 0.2626060247 0.6256708503 -0.4430761337 -0.8839883208 -0.1491583437 0.5139158368 -0.3867851198 0.7656943202
566.1 -84.6 2299.1 -0.4898062646 0.6832652688 -0.5415149331 -0.7434394360 -0.0028944928 0.6687970161 0.4553983510 0.7301645279 0.5093840361
457.5 -249.4 2400.1 0.2389937192 0.6832652688 -0.6899496913 -0.9440222383 -0.0028944928 -0.3298690915 -0.2273851484 0.7301645279 0.6443257928
190.1 -175.9 2554.7 0.6704561114 -0.1538778096 0.7258169651 0.1123131514 0.9880326390 0.1057225987 -0.7333992124 0.0106364256 0.6797150373
251.3 -568.5 2550.4 0.6687213778 -0.1162586585 0.7343674898 0.1278110147 0.9909714460 0.0404961370 -0.7324452400 0.0667796284 0.6775429249
286.1 -311.2 2476.3 0.3701057434 -0.3533543646 0.8591638207 0.4194470346 0.8887621760 0.1848404408 -0.8289064765 0.2919631898 0.4771494269
426.5 -664.4 2360.3 0.4184472561 -0.2733616829 0.8661265969 0.2734907269 0.9472931623 0.1668488383 -0.8660858274 0.1670601517 0.4711541235
910.6 515.4 2091.8 0 0 0 0 0 0 0 0 0
510.7 -459.7 2349.4 0 0 0 0 0 0 0 0 0
295.7 -947.1 2524.9 0 0 0 0 0 0 0 0 0
530.9 -1026.2 2296.5 0 0 0 0 0 0 0 0 0
610.1 151.5 2263.5 2 0.5077626109 0.6164888144 0.6017629504 -0.7547395229 0.6551265121 -0.0343152545 -0.4153858423 -0.4367502928 0.7979372144
487.4 21.1 2350.4 0.5077626109 0.6164888144 0.6017629504 -0.7547395229 0.6551265121 -0.0343152545 -0.4153858423 -0.4367502928 0.7979372144
365.9 -110.7 2432.6 0.5163396001 0.6136568189 0.5973430276 -0.7455329299 0.6653232574 -0.0390596427 -0.4213954508 -0.4251708686 0.8010340929
412.4 130.4 2409.7 -0.6844198108 0.3827398121 0.6205479503 -0.5958837271 -0.7840793729 -0.1736147106 0.4201095998 -0.4885997772 0.7647079229
682.2 365.3 2244.1 -0.7495371103 0.2278237492 0.6215226650 -0.4147980511 -0.8933614492 -0.1727653444 0.5158843398 -0.3873004317 0.7641084194
562.4 -88.3 2291.2 -0.4802955687 0.7040055990 -0.5231561065 -0.7393094897 -0.0040026223 0.6733539104 0.4719509184 0.7101831436 0.5224004388
455.9 -252.2 2395.8 0.2274769396 0.7040055990 -0.6727781296 -0.9460294247 -0.0040026223 -0.3240559399 -0.2308300734 0.7101831436 0.6650995016
193.3 -173.7 2552.7 0.6505763531 -0.1392973363 0.7465565205 0.0996244252 0.9901932478 0.0979403108 -0.7528780699 0.0106576066 0.6580737829
248.7 -567.2 2548.5 0.6479922533 -0.1183747277 0.7523918748 0.1227704957 0.9911643267 0.0502058677 -0.7516871095 0.0598385073 0.6567997336
290.9 -309.6 2477.8 0.3528940380 -0.3372860551 0.8727564812 0.4023237228 0.8968340755 0.1839138120 -0.8447493315 0.2862285674 0.4521856010
424.9 -666.0 2364.0 0.3905239403 -0.2855985761 0.8751711249 0.2901155651 0.9404000640 0.1774279624 -0.8736841679 0.1846109033 0.4501053393
916.1 494.8 2083.1 0 0 0 0 0 0 0 0 0
506.5 -462.9 2344.4 0 0 0 0 0 0 0 0 0
293.9 -945.9 2525.6 0 0 0 0 0 0 0 0 0
534.0 -1025.2 2293.5 0 0 0 0 0 0 0 0 0
608.3 149.3 2259.1 3 0.5067473054 0.6139891148 0.6051648855 -0.7583957314 0.6512864828 -0.0257249307 -0.4099305272 -0.4459184110 0.7956844568
485.7 19.3 2348.1 0.5067473054 0.6139891148 0.6051648855 -0.7583957314 0.6512864828 -0.0257249307 -0.4099305272 -0.4459184110 0.7956844568
364.6 -111.7 2432.0 0.5151033401 0.6119362116 0.6001688838 -0.7494488358 0.6613326073 -0.0310742408 -0.4159266949 -0.4337894022 0.7992694974
410.9 129.2 2406.5 -0.6901135445 0.3695114255 0.6222577095 -0.5781075954 -0.7987193465 -0.1668503881 0.4353561103 -0.4748775959 0.7648243904
681.5 355.9 2235.8 -0.7575376034 0.1990740597 0.6216963530 -0.3767407238 -0.9110819697 -0.1673204154 0.5331071615 -0.3609698117 0.7651781440
560.6 -90.6 2289.7 -0.4783866405 0.7064995766 -0.5215405822 -0.7348195910 0.0031278252 0.6782553792 0.4808184206 0.7077065110 0.5176534653
454.5 -253.5 2396.3 0.2269793600 0.7064995766 -0.6703273058 -0.9481655359 0.0031278252 -0.3177614808 -0.2224016935 0.7077065110 0.6705884933
196.7 -174.5 2555.7 0.6467387676 -0.1277622879 0.7519346476 0.1010263264 0.9915333390 0.0815801322 -0.7559911609 0.0232041627 0.6541703939
247.4 -568.5 2546.5 0.6441575885 -0.1224014834 0.7550356388 0.1232609749 0.9908230305 0.0554658733 -0.7548958063 0.0573376715 0.6533334851
291.3 -311.2 2478.5 0.3412839770 -0.3292238414 0.8804185987 0.4170655608 0.8924433589 0.1720498055 -0.8423666358 0.3084744215 0.4418845773
422.1 -665.8 2355.9 0.3943047225 -0.2991640270 0.8689215183 0.2697053850 0.9415633678 0.2017855197 -0.8785116673 0.1547878236 0.4519490600
915.2 472.1 2071.4 0 0 0 0 0 0 0 0 0
505.1 -464.7 2346.7 0 0 0 0 0 0 0 0 0
294.2 -947.1 2524.6 0 0 0 0 0 0 0 0 0
536.4 -1025.3 2296.8 0 0 0 0 0 0 0 0 0
608.2 146.3 2255.9 4 0.5008342266 0.6200971007 0.6038581133 -0.7640540004 0.6445369124 -0.0281707067 -0.4066774547 -0.4472713768 0.7965938449
484.3 17.5 2345.3 0.5008342266 0.6200971007 0.6038581133 -0.7640540004 0.6445369124 -0.0281707067 -0.4066774547 -0.4472713768 0.7965938449
362.3 -112.4 2429.6 0.5102018714 0.6164631844 0.5997225642 -0.7542029619 0.6558356285 -0.0325196683 -0.4133666158 -0.4357209504 0.7995469570
410.2 128.1 2403.4 -0.6979856491 0.3589862883 0.6196328402 -0.5656292439 -0.8070319295 -0.1695967615 0.4391805530 -0.4688585699 0.7663498521
681.0 347.5 2233.0 -0.7557532787 0.1747586578 0.6311072111 -0.3474284112 -0.9239196181 -0.1602060795 0.5550949574 -0.3403408527 0.7589714527
558.4 -93.1 2287.3 -0.4834208488 0.7063052654 -0.5171432495 -0.7300619483 0.0006775400 0.6833806634 0.4830257297 0.7079070807 0.5153190494
451.2 -255.0 2394.3 0.2207021564 0.7063052654 -0.6726242900 -0.9503689408 0.0006775400 -0.3111245334 -0.2192931622 0.7079070807 0.6714000702
195.8 -174.3 2556.3 0.6471809745 -0.1253470629 0.7519606948 0.0977515131 0.9918918014 0.0812114328 -0.7560432553 0.0209467970 0.6541863680
245.6 -568.5 2548.0 0.6433856487 -0.1372834444 0.7531322241 0.1272049099 0.9892843366 0.0716614574 -0.7548998594 0.0496961698 0.6539545059
290.3 -311.8 2480.0 0.3359983563 -0.3272769749 0.8831731677 0.4348024130 0.8856894970 0.1627912819 -0.8354950547 0.3293082416 0.4398910403
420.3 -663.6 2349.2 0.4101882875 -0.3086222410 0.8581945300 0.2413835526 0.9441826940 0.2241718769 -0.8794768453 0.1152013689 0.4617890120
914.1 454.7 2061.8 0 0 0 0 0 0 0 0 0
500.4 -466.7 2345.5 0 0 0 0 0 0 0 0 0
298.1 -946.5 2529.0 0 0 0 0 0 0 0 0 0
538.1 -1024.0 2305.2 0 0 0 0 0 0 0 0 0
604.9 143.9 2255.4 5 0.4978852868 0.6175965071 0.6088389158 -0.7624886036 0.6462111473 -0.0319721363 -0.4131844044 -0.4483143091 0.7926493287
482.4 15.8 2344.3 0.4978852868 0.6175965071 0.6088389158 -0.7624886036 0.6462111473 -0.0319721363 -0.4131844044 -0.4483143091 0.7926493287
360.5 -114.2 2428.6 0.5063846707 0.6157531142 0.6036743522 -0.7535121441 0.6563677788 -0.0374266282 -0.4192779362 -0.4359236658 0.7963520288
408.9 126.3 2403.2 -0.6984158158 0.3438811004 0.6276631951 -0.5544775724 -0.8144955635 -0.1707385033 0.4525151551 -0.4672716558 0.7595309615
683.6 344.4 2225.2 -0.7674239874 0.1509600729 0.6231142879 -0.3244350851 -0.9297036529 -0.1743358076 0.5529938936 -0.3359496295 0.7624536753
556.0 -94.7 2285.3 -0.4826436043 0.7098687291 -0.5129732490 -0.7311042547 -0.0040639974 0.6822536588 0.4822258055 0.7043222785 0.5209494829
448.9 -256.8 2392.3 0.2174207121 0.7098687291 -0.6699362993 -0.9498825669 -0.0040639974 -0.3125805259 -0.2246137559 0.7043222785 0.6734083295
193.0 -173.6 2554.1 0.6438519955 -0.1293882132 0.7541308403 0.0974956155 0.9914378524 0.0868650824 -0.7589131594 0.0175961908 0.6509540677
244.4 -567.6 2547.1 0.6397979259 -0.1423017830 0.7552541494 0.1278044730 0.9887255430 0.0780245662 -0.7578421235 0.0466049016 0.6507713199
286.6 -311.9 2478.3 0.3337056339 -0.3323400915 0.8821511269 0.4352230728 0.8844047189 0.1685501933 -0.8361946344 0.3276863694 0.4397729039
418.6 -663.3 2348.1 0.4190302491 -0.3193698227 0.8499509096 0.2228060216 0.9436442256 0.2447306365 -0.8802108169 0.0868246406 0.4665729702
921.5 445.0 2053.8 0 0 0 0 0 0 0 0 0
497.4 -468.4 2342.2 0 0 0 0 0 0 0 0 0
298.8 -945.4 2529.3 0 0 0 0 0 0 0 0 0
540.5 -1023.6 2314.9 0 0 0 0 0 0 0 0 0
607.5 142.7 2254.1 6 0.4924731553 0.6255228519 0.6051374674 -0.7649124265 0.6427687407 -0.0419205651 -0.4151857197 -0.4422324300 0.7950165272
482.8 14.6 2342.2 0.4924731553 0.6255228519 0.6051374674 -0.7649124265 0.6427687407 -0.0419205651 -0.4151857197 -0.4422324300 0.7950165272
359.7 -114.7 2426.0 0.5006488562 0.6216796041 0.6023828983 -0.7564212680 0.6525499821 -0.0447813980 -0.4209246337 -0.4332354963 0.7969501019
410.1 125.5 2401.4 -0.6872686744 0.3588245213 0.6315906644 -0.5761351585 -0.7988157272 -0.1730946600 0.4424139559 -0.4828441143 0.7557324171
638.9 317.3 2254.1 -0.7623215914 0.1561212391 0.6280859709 -0.3346222043 -0.9257665277 -0.1760235578 0.5539799333 -0.3443580866 0.7579734325
555.5 -96.4 2283.0 -0.4892480075 0.7089602351 -0.5079485774 -0.7285211682 -0.0120240254 0.6849177480 0.4794718623 0.7051458955 0.5223752856
447.0 -257.9 2389.3 0.2098379433 0.7089602351 -0.6733077765 -0.9509748816 -0.0120240254 -0.3090342581 -0.2271888852 0.7051458955 0.6716803312
191.7 -175.6 2553.7 0.6436072588 -0.1325240433 0.7537950873 0.1096183285 0.9907021523 0.0805798471 -0.7574651837 0.0307679828 0.6521501541
244.4 -569.3 2541.4 0.6433456540 -0.1431013644 0.7520827055 0.1114347577 0.9894165397 0.0929362997 -0.7574223876 0.0240179859 0.6524833441
284.6 -313.8 2476.8 0.3402003050 -0.3343601227 0.8789010644 0.4298243821 0.8865892291 0.1709108353 -0.8363699913 0.3196291924 0.4453340769
417.4 -666.1 2349.7 0.4217934608 -0.3262796104 0.8459503055 0.2295217365 0.9410418272 0.2485157698 -0.8771602511 0.0893416554 0.4718135297
866.0 416.9 2089.1 0 0 0 0 0 0 0 0 0
493.8 -469.7 2338.7 0 0 0 0 0 0 0 0 0
299.0 -947.3 2532.2 0 0 0 0 0 0 0 0 0
542.1 -1025.5 2315.6 0 0 0 0 0 0 0 0 0
607.1 138.9 2246.9 7 0.5108662844 0.6226288080 0.5927470326 -0.7709839344 0.6368389130 -0.0044615180 -0.3802622557 -0.4547192156 0.8053763509
482.8 11.6 2337.7 0.5108662844 0.6226288080 0.5927470326 -0.7709839344 0.6368389130 -0.0044615180 -0.3802622557 -0.4547192156 0.8053763509
360.2 -116.5 2424.0 0.5190767646 0.6187940240 0.5896212459 -0.7624932528 0.6469504237 -0.0076939743 -0.3862167001 -0.4455884397 0.8076432347
407.4 123.3 2391.8 -0.6919711828 0.3930726945 0.6055325866 -0.5844399929 -0.7974063754 -0.1502429545 0.4237991273 -0.4578612745 0.7815096378
630.4 311.6 2255.3 -0.7553601265 0.1948638111 0.6256669760 -0.3493932486 -0.9274958968 -0.1329499036 0.5543963909 -0.3190288842 0.7686775327
558.1 -100.0 2283.7 -0.4860087335 0.6972028613 -0.5269760489 -0.7191748023 0.0235549957 0.6944298148 0.4965713322 0.7164868116 0.4899627864
450.3 -259.5 2393.7 0.2280762792 0.6972028613 -0.6796244979 -0.9548156261 0.0235549957 -0.2962638736 -0.1905474663 0.7164868116 0.6710724831
190.3 -175.0 2550.7 0.6527438164 -0.1327145696 0.7458634973 0.1052594408 0.9908744097 0.0841923729 -0.7502306104 0.0235531256 0.6607565880
243.0 -568.8 2541.3 0.6509935856 -0.1445534527 0.7451923490 0.1175894886 0.9890540838 0.0891329348 -0.7499200702 0.0296018235 0.6608658433
282.1 -313.7 2473.5 0.3368961513 -0.3495130837 0.8742663264 0.4327947497 0.8821215034 0.1858771443 -0.8361756206 0.3157565892 0.4484508038
421.0 -664.2 2348.0 0.4335516989 -0.2961410582 0.8510777950 0.1806804538 0.9538460374 0.2398589849 -0.8828292489 0.0497818589 0.4670484662
852.7 414.4 2092.2 0 0 0 0 0 0 0 0 0
501.2 -472.2 2351.3 0 0 0 0 0 0 0 0 0
298.2 -946.7 2530.0 0 0 0 0 0 0 0 0 0
534.0 -1028.2 2329.0 0 0 0 0 0 0 0 0 0
606.1 137.3 2240.3 8 0.5064435005 0.6220039129 0.5971817374 -0.7751342058 0.6317962408 -0.0007000352 -0.3777326047 -0.4625414908 0.8021056056
482.5 11.7 2332.3 0.5064435005 0.6220039129 0.5971817374 -0.7751342058 0.6317962408 -0.0007000352 -0.3777326047 -0.4625414908 0.8021056056
360.2 -115.6 2420.1 0.5152172446 0.6174760461 0.5943689942 -0.7661126256 0.6426963210 -0.0035922567 -0.3842169046 -0.4535028040 0.8041844368
407.7 123.9 2386.1 -0.6996245384 0.3720491529 0.6100040674 -0.5608345270 -0.8149167299 -0.1462031752 0.4427077472 -0.4443986714 0.7787937522
644.5 313.7 2236.2 -0.7701491117 0.1724823713 0.6141011715 -0.3234424591 -0.9353942275 -0.1429079026 0.5497775674 -0.3086867630 0.7761811018
557.3 -100.5 2278.5 -0.4845402241 0.7014737129 -0.5226427317 -0.7148600221 0.0268286280 0.6987527013 0.5041784048 0.7121902108 0.4884559512
449.8 -259.0 2390.2 0.2249843478 0.7014737129 -0.6762519479 -0.9565287828 0.0268286280 -0.2904012799 -0.1855659485 0.7121902108 0.6770157814
189.7 -175.1 2547.9 0.6471130848 -0.1487423331 0.7477435470 0.1088496298 0.9887611270 0.1024851575 -0.7545835972 0.0150721259 0.6560307741
248.8 -568.0 2541.9 0.6475073695 -0.1243629977 0.7518430948 0.1057311669 0.9917129874 0.0729815587 -0.7546887398 0.0322371498 0.6552905440
284.8 -314.9 2477.1 0.3287955225 -0.3418853581 0.8803453445 0.4369297922 0.8814770579 0.1791382730 -0.8372489810 0.3257492185 0.4392056167
420.7 -665.1 2347.7 0.4184439778 -0.3053578734 0.8553719521 0.2061437964 0.9491400123 0.2379873991 -0.8845390677 0.0767452270 0.4601095319
874.2 410.2 2072.2 0 0 0 0 0 0 0 0 0
500.0 -472.1 2348.9 0 0 0 0 0 0 0 0 0
296.3 -946.9 2529.6 0 0 0 0 0 0 0 0 0
537.2 -1027.4 2318.4 0 0 0 0 0 0 0 0 0
603.6 134.0 2233.6 9 0.5044891834 0.6159449816 0.6050639749 -0.7764306068 0.6301754713 0.0058628903 -0.3776852787 -0.4727479815 0.7961552739
481.2 8.8 2327.5 0.5044891834 0.6159449816 0.6050639749 -0.7764306068 0.6301754713 0.0058628903 -0.3776852787 -0.4727479815 0.7961552739
359.8 -118.1 2417.2 0.5125043988 0.6129171848 0.6013914943 -0.7681441903 0.6402735710 0.0020661301 -0.3837887347 -0.4630143046 0.7989518046
406.7 121.3 2381.3 -0.7023662925 0.3631049395 0.6122388244 -0.5508454442 -0.8220180273 -0.1444149464 0.4508335888 -0.4386811554 0.7773724794
652.4 314.0 2223.6 -0.7746332884 0.1535649151 0.6134827137 -0.3005258739 -0.9429261088 -0.1434384137 0.5564417839 -0.2954796255 0.7765721679
555.6 -103.7 2273.8 -0.4794794917 0.7076597810 -0.5189576745 -0.7120009065 0.0319827646 0.7014498115 0.5129855275 0.7058290839 0.4885193110
449.3 -261.6 2387.5 0.2241892815 0.7076597810 -0.6700423956 -0.9575172067 0.0319827646 -0.2865970731 -0.1813834012 0.7058290839 0.6847666502
190.3 -173.1 2545.4 0.6407575011 -0.1480278075 0.7533376217 0.1020470858 0.9889510274 0.1075279042 -0.7609311342 0.0079765925 0.6487836242
249.1 -566.1 2542.2 0.6402536631 -0.1250766069 0.7579123378 0.1060846895 0.9915978312 0.0740251541 -0.7608030438 0.0330080204 0.6481428742
284.8 -313.5 2474.9 0.3216054440 -0.3447716534 0.8818743825 0.4304199517 0.8827980757 0.1881655157 -0.8433911204 0.3190612793 0.4323092699
421.8 -664.4 2348.1 0.4086227417 -0.2950674295 0.8636913300 0.1979823261 0.9524241090 0.2317138463 -0.8909716606 0.0763120651 0.4476002753
884.2 403.9 2057.1 0 0 0 0 0 0 0 0 0
499.2 -474.9 2347.1 0 0 0 0 0 0 0 0 0
296.9 -945.0 2529.6 0 0 0 0 0 0 0 0 0
534.4 -1028.1 2319.0 0 0 0 0 0 0 0 0 0
607.3 133.3 2236.7 0 0.4972451031 0.6316494346 0.5947825313 -0.7774311900 0.6287176013 -0.0177464150 -0.3851597905 -0.4535781741 0.8036907315
481.4 8.0 2327.1 0.4972451031 0.6316494346 0.5947825313 -0.7774311900 0.6287176013 -0.0177464150 -0.3851597905 -0.4535781741 0.8036907315
357.6 -118.5 2413.8 0.5052447319 0.6254855394 0.5945549607 -0.7693670392 0.6385539770 -0.0179758612 -0.3908990622 -0.4483487904 0.8038540483
408.0 120.7 2381.9 -0.6968065500 0.3469948173 0.6277382374 -0.5429923534 -0.8270215988 -0.1455836147 0.4686363041 -0.4423006475 0.7646895647
659.9 316.9 2212.5 -0.7835991979 0.1198706180 0.6095927358 -0.2693764269 -0.9497325420 -0.1595132947 0.5598290563 -0.2892044187 0.7764999866
554.7 -104.7 2272.3 -0.4934656918 0.7020077705 -0.5134945512 -0.7128362656 0.0118485186 0.7012304068 0.4983533323 0.7120707035 0.4945697784
445.3 -262.8 2382.8 0.2126699835 0.7020077705 -0.6796738505 -0.9577268958 0.0118485186 -0.2874349356 -0.1937284321 0.7120707035 0.6748515368
