696.4 295.1 2537.4 3 0.9965473413 -0.0057997569 -0.0828236565 0.0024344951 0.9991694689 -0.0406749770 0.0829907730 0.0403329059 0.9957337976
697.6 96.6 2529.4 0.9965473413 -0.0057997569 -0.0828236565 0.0024344951 0.9991694689 -0.0406749770 0.0829907730 0.0403329059 0.9957337976
698.2 -97.2 2519.5 0.9965628982 -0.0031750607 -0.0827783868 -0.0010338336 0.9987106919 -0.0507529527 0.0828328058 0.0506640896 0.9952747822
561.5 96.8 2518.1 0.4734212756 -0.4666949213 -0.7470395565 0.8606308699 0.4256903529 0.2794677317 0.1875813752 -0.7752313018 0.6031829715
460.7 -86.4 2478.1 -0.8810877204 -0.4666949213 -0.0766829178 -0.1477846354 0.4256903529 -0.8927190900 0.4492706656 -0.7752313018 -0.4440408945
833.7 96.5 2540.7 0.5538592935 0.5565816760 0.6192387938 -0.7089675665 0.7052410841 0.0002325177 -0.4365832210 -0.4391489923 0.7852026820
945.9 -47.2 2452.2 -0.6308122873 0.5565816760 0.5406410098 0.0147594009 0.7052410841 -0.7088139057 -0.7757951021 -0.4391489923 -0.4530895352
609.0 -291.9 2503.8 0.9984238148 0.0324692614 -0.0457779281 -0.0423214249 0.9712845683 -0.2341265231 0.0368614756 0.2356948853 0.9711277485
596.4 -668.9 2412.3 0.9874060154 0.1540653855 -0.0359610617 -0.1533516347 0.9879302382 0.0218436681 0.0388923697 -0.0160538815 0.9991144538
787.3 -290.7 2519.8 0.3225001097 0.2161456496 0.9215610623 0.0539731346 0.9677969813 -0.2458778471 -0.9450294375 0.1290351599 0.3004485667
703.4 -666.4 2469.7 0.3252853155 0.0160465669 0.9454797506 -0.1346724331 0.9904502630 0.0295232516 -0.9359769225 -0.1369335353 0.3243399560
691.9 -47.6 2360.2 0 0 0 0 0 0 0 0 0
790.3 -43.5 2260.8 0 0 0 0 0 0 0 0 0
539.1 -1036.5 2418.3 0 0 0 0 0 0 0 0 0
697.5 -1035.9 2520.8 0 0 0 0 0 0 0 0 0
700.8 297.0 2542.2 4 0.9950810075 -0.0085904505 -0.0986911133 0.0041726511 0.9989835024 -0.0448834002 0.0989763662 0.0442508161 0.9941053987
702.5 98.7 2533.4 0.9950810075 -0.0085904505 -0.0986911133 0.0041726511 0.9989835024 -0.0448834002 0.0989763662 0.0442508161 0.9941053987
704.0 -95.1 2522.9 0.9950952530 -0.0078360094 -0.0986106321 0.0024451728 0.9985014796 -0.0546704419 0.0988912582 0.0541611761 0.9936231971
566.6 98.4 2519.9 0.4876515269 -0.4565819502 -0.7441296577 0.8509387970 0.4391399622 0.2882000804 0.1951901168 -0.7737499475 0.6026705503
460.8 -86.3 2477.5 -0.8865056634 -0.4565819502 -0.0751041621 -0.1511441022 0.4391399622 -0.8856136799 0.4373364449 -0.7737499475 -0.4583097398
838.4 99.0 2546.9 0.5192123652 0.5991959572 0.6094117761 -0.7378267646 0.6741230488 -0.0342018567 -0.4313121438 -0.4318822920 0.7921158671
946.1 -54.0 2457.4 -0.6189668775 0.5991959572 0.5077835917 0.0479241572 0.6741230488 -0.7370626926 -0.7839536071 -0.4318822920 -0.4459758103
609.5 -291.0 2502.3 0.9976493120 0.0324937552 -0.0603325553 -0.0456488542 0.9717708826 -0.2314681262 0.0511081554 0.2336781323 0.9709698558
596.9 -668.2 2411.6 0.9893701077 0.1367793977 -0.0493780784 -0.1349724531 0.9901105762 0.0382560715 0.0541223995 -0.0311847311 0.9980472326
788.0 -291.1 2517.1 0.3341924548 0.2179677188 0.9169544578 0.0437656157 0.9682526588 -0.2461125106 -0.9414881468 0.1223800182 0.3140432537
703.4 -667.0 2469.6 0.3385275304 0.0088327909 0.9409150481 -0.1439322382 0.9886743426 0.0425035954 -0.9298831224 -0.1498166323 0.3359648287
693.4 -46.6 2362.8 0 0 0 0 0 0 0 0 0
791.8 -42.0 2262.0 0 0 0 0 0 0 0 0 0
545.9 -1037.1 2423.2 0 0 0 0 0 0 0 0 0
700.1 -1035.9 2525.5 0 0 0 0 0 0 0 0 0
703.6 296.6 2544.6 5 0.9947263598 -0.0121398419 -0.1018434390 0.0073450780 0.9988526106 -0.0473233275 0.1023010835 0.0463257134 0.9936742187
706.0 98.3 2535.4 0.9947263598 -0.0121398419 -0.1018434390 0.0073450780 0.9988526106 -0.0473233275 0.1023010835 0.0463257134 0.9936742187
708.3 -95.5 2524.1 0.9947445989 -0.0117966216 -0.1017054841 0.0058228942 0.9982508421 -0.0588335432 0.1022216231 0.0579321310 0.9930733442
570.1 97.5 2521.4 0.5001134872 -0.4751399159 -0.7239672542 0.8485502005 0.4356856346 0.3002342880 0.1727688313 -0.7644737363 0.6210723519
460.9 -87.8 2483.7 -0.8763148189 -0.4751399159 -0.0794631541 -0.1558425575 0.4356856346 -0.8865050077 0.4558348656 -0.7644737363 -0.4558447897
841.9 99.1 2549.3 0.4808537364 0.6404169798 0.5988703966 -0.7660470605 0.6391358972 -0.0683902875 -0.4265578985 -0.4258771837 0.7979204059
936.6 -51.8 2465.3 -0.5727494359 0.6404169798 0.5116875768 0.0280030128 0.6391358972 -0.7685838342 -0.8192520142 -0.4258771837 -0.3839983344
616.4 -289.1 2503.5 0.9970785975 0.0437526964 -0.0626093075 -0.0572507456 0.9706939459 -0.2334000170 0.0505625978 0.2363025993 0.9703630805
599.4 -665.9 2411.8 0.9813978672 0.1856205761 -0.0490226597 -0.1844211072 0.9824486375 0.0279912595 0.0533579998 -0.0184297487 0.9984053373
794.7 -288.7 2521.2 0.3357894421 0.2399238199 0.9108688235 0.0428207517 0.9621286392 -0.2692114711 -0.9409632683 0.1294024587 0.3127989173
701.6 -662.1 2471.0 0.3409846425 -0.0014847376 0.9400677085 -0.1271103472 0.9907423854 0.0476706810 -0.9314357042 -0.1357472986 0.3376392126
690.8 -46.9 2364.1 0 0 0 0 0 0 0 0 0
793.4 -44.8 2260.6 0 0 0 0 0 0 0 0 0
530.3 -1031.9 2418.7 0 0 0 0 0 0 0 0 0
702.1 -1031.8 2521.7 0 0 0 0 0 0 0 0 0
706.1 300.4 2544.8 6 0.9939475656 -0.0076413541 -0.1095894054 0.0031153935 0.9991373420 -0.0414111614 0.1098112985 0.0408191085 0.9931139350
707.7 101.9 2536.7 0.9939475656 -0.0076413541 -0.1095894054 0.0031153935 0.9991373420 -0.0414111614 0.1098112985 0.0408191085 0.9931139350
709.3 -92.0 2526.2 0.9939515591 -0.0086015686 -0.1094822139 0.0026275662 0.9985051751 -0.0545936860 0.1097881496 0.0539758094 0.9924883842
571.9 101.5 2521.7 0.4946046770 -0.4796671271 -0.7247659564 0.8527880907 0.4287371337 0.2982230186 0.1676862985 -0.7655742168 0.6211097836
462.1 -87.8 2484.4 -0.8738573790 -0.4796671271 -0.0793270767 -0.1545343101 0.4287371337 -0.8901143670 0.4609690607 -0.7655742168 -0.4487801194
843.4 102.2 2551.7 0.4325607717 0.6880205870 0.5826824903 -0.7974566221 0.5934894681 -0.1087805256 -0.4206591547 -0.4176098108 0.8053868413
928.4 -54.4 2469.0 -0.5373536944 0.6880205870 0.4877280891 0.0298867282 0.5934894681 -0.8042866588 -0.8428272605 -0.4176098108 -0.3394764364
621.4 -289.7 2503.7 0.9963222742 0.0482209474 -0.0708284006 -0.0632888004 0.9713822603 -0.2289345562 0.0577620082 0.2325752378 0.9708616138
602.7 -666.8 2413.5 0.9848507047 0.1651005298 -0.0530183241 -0.1609888673 0.9841609001 0.0742288530 0.0644337833 -0.0645689815 0.9958308935
799.7 -288.7 2522.1 0.3463230133 0.2513508201 0.9038158655 0.0504533313 0.9570531249 -0.2854886949 -0.9367576241 0.1444718242 0.3187680244
702.1 -660.1 2466.0 0.3538669646 -0.0028246243 0.9352915287 -0.1476623416 0.9872854352 0.0588495992 -0.9235659242 -0.1589322537 0.3489505947
691.4 -47.3 2363.5 0 0 0 0 0 0 0 0 0
796.8 -47.1 2262.5 0 0 0 0 0 0 0 0 0
541.2 -1033.4 2437.5 0 0 0 0 0 0 0 0 0
703.2 -1028.5 2525.3 0 0 0 0 0 0 0 0 0
706.2 298.9 2536.9 7 0.9962293506 -0.0066865836 -0.0865007639 0.0050200457 0.9997978806 -0.0194693711 0.0866134614 0.0189617202 0.9960615039
707.6 99.9 2533.1 0.9962293506 -0.0066865836 -0.0865007639 0.0050200457 0.9997978806 -0.0194693711 0.0866134614 0.0189617202 0.9960615039
709.1 -94.1 2525.7 0.9962345362 -0.0076393061 -0.0863618925 0.0042947177 0.9992359281 -0.0388472639 0.0865926743 0.0383300856 0.9955061674
571.5 99.3 2521.3 0.4977186918 -0.4924600422 -0.7139742374 0.8545690179 0.4191690683 0.3066090345 0.1482832134 -0.7627453208 0.6294693947
461.8 -89.0 2488.6 -0.8666039705 -0.4924600422 -0.0805023760 -0.1550992578 0.4191690683 -0.8945621848 0.4742802382 -0.7627453208 -0.4396337867
843.6 100.4 2544.9 0.4239452779 0.7463084459 0.5131219625 -0.8438859582 0.5312010646 -0.0753785372 -0.3288265467 -0.4010600150 0.8549993634
921.7 -55.1 2484.3 -0.4890020788 0.7463084459 0.4515536427 0.0288015921 0.5312010646 -0.8467561007 -0.8718069792 -0.4010600150 -0.2812532783
621.9 -286.0 2505.9 0.9968116283 0.0619826801 -0.0502471142 -0.0725865960 0.9659146070 -0.2484756708 0.0331332311 0.2513307035 0.9673339725
597.9 -660.9 2408.3 0.9944137335 0.1028465033 -0.0237477478 -0.0990579873 0.9870025516 0.1265443414 0.0364537314 -0.1234850287 0.9916766286
800.0 -285.5 2525.5 0.3301423788 0.2452327013 0.9115190506 0.0574808978 0.9586474895 -0.2787309885 -0.9421793818 0.1444158405 0.3023939431
704.8 -657.7 2469.5 0.3348104358 0.0092845727 0.9422397614 -0.1390470862 0.9894913435 0.0396580733 -0.9319698811 -0.1442936361 0.3325830102
689.2 -48.3 2364.2 0 0 0 0 0 0 0 0 0
800.6 -47.9 2268.4 0 0 0 0 0 0 0 0 0
559.7 -1027.6 2454.2 0 0 0 0 0 0 0 0 0
701.4 -1026.9 2523.3 0 0 0 0 0 0 0 0 0
708.4 298.9 2541.4 8 0.9949278235 -0.0006269623 -0.1005891562 -0.0025286202 0.9995086789 -0.0312404335 0.1005593240 0.0313363299 0.9944374561
708.5 100.0 2535.2 0.9949278235 -0.0006269623 -0.1005891562 -0.0025286202 0.9995086789 -0.0312404335 0.1005593240 0.0313363299 0.9944374561
709.2 -93.9 2525.9 0.9949253798 -0.0035000846 -0.1005544364 -0.0013426299 0.9988439083 -0.0480521284 0.1006063744 0.0479432903 0.9937704802
572.6 100.2 2521.4 0.4983229339 -0.5197042823 -0.6939609051 0.8589324355 0.4048175216 0.3136204779 0.1179376245 -0.7523498535 0.6481207013
462.5 -89.5 2495.4 -0.8488042951 -0.5197042823 -0.0971533135 -0.1445152164 0.4048175216 -0.9029054046 0.5085731149 -0.7523498535 -0.4187160134
844.4 99.8 2548.9 0.4099917710 0.7584289908 0.5066480637 -0.8487654924 0.5206163526 -0.0924974009 -0.3339219391 -0.3921022117 0.8571767807
926.4 -69.9 2482.1 -0.4898200929 0.7584289908 0.4299555421 0.0584275983 0.5206163526 -0.8517892361 -0.8698635101 -0.3921022117 -0.2993215322
621.4 -288.4 2510.5 0.9954442382 0.0687642694 -0.0660469979 -0.0842861682 0.9584765434 -0.2724309266 0.0445709825 0.2767566442 0.9599058032
594.7 -660.3 2403.1 0.9971381426 0.0694295913 -0.0299172886 -0.0634671450 0.9837860465 0.1677408218 0.0410783887 -0.1653620005 0.9853770733
799.8 -287.7 2526.0 0.3435548246 0.2451545000 0.9065700769 0.0646473840 0.9568636417 -0.2832537293 -0.9369049072 0.1559205651 0.3128865361
704.7 -659.1 2465.4 0.3501185477 0.0124858720 0.9366222024 -0.1670290381 0.9847181439 0.0493100621 -0.9216931462 -0.1737074703 0.3468535841
685.1 -51.6 2362.0 0 0 0 0 0 0 0 0 0
804.9 -55.4 2266.4 0 0 0 0 0 0 0 0 0
568.9 -1026.2 2464.6 0 0 0 0 0 0 0 0 0
700.0 -1026.5 2530.3 0 0 0 0 0 0 0 0 0
711.3 298.6 2543.2 9 0.9945592284 0.0001956498 -0.1041726694 -0.0038479709 0.9993847609 -0.0348604433 0.1041017547 0.0350716300 0.9939481020
711.3 99.7 2536.2 0.9945592284 0.0001956498 -0.1041726694 -0.0038479709 0.9993847609 -0.0348604433 0.1041017547 0.0350716300 0.9939481020
712.3 -94.2 2526.0 0.9945520759 -0.0047677625 -0.1041316688 -0.0007386402 0.9986060858 -0.0527767688 0.1042381376 0.0525661632 0.9931622148
575.4 99.8 2522.0 0.5361391902 -0.5214049816 -0.6638460159 0.8381295204 0.4224099517 0.3451213539 0.1004671827 -0.7414220572 0.6634754539
452.0 -93.2 2498.8 -0.8462338448 -0.5214049816 -0.1096591279 -0.1443087012 0.4224099517 -0.8948434591 0.5128969550 -0.7414220572 -0.4327008724
847.2 99.6 2550.5 0.3864431679 0.7758499384 0.4987169504 -0.8559725285 0.5030606389 -0.1193358675 -0.3434715867 -0.3807714880 0.8585105538
927.0 -77.2 2479.5 -0.4716769159 0.7758499384 0.4190200567 0.0616605356 0.5030606389 -0.8620486856 -0.8796129227 -0.3807714880 -0.2851214111
620.8 -287.6 2507.6 0.9957134724 0.0625582486 -0.0681263730 -0.0782662481 0.9623793960 -0.2601926923 0.0492862165 0.2644093633 0.9631503224
596.5 -661.1 2404.9 0.9945486188 0.0966184288 -0.0392158888 -0.0910320431 0.9879261851 0.1253594756 0.0508544408 -0.1211061999 0.9913360476
799.0 -287.9 2525.6 0.3440732062 0.2414769232 0.9073601961 0.0581884086 0.9590223432 -0.2772910297 -0.9371380806 0.1482062489 0.3159227371
705.3 -660.2 2468.0 0.3482639790 0.0177806616 0.9372278452 -0.1553830057 0.9870836735 0.0390121825 -0.9244286418 -0.1592158228 0.3465285003
674.0 -55.3 2364.3 0 0 0 0 0 0 0 0 0
810.3 -61.9 2262.0 0 0 0 0 0 0 0 0 0
560.6 -1028.7 2450.0 0 0 0 0 0 0 0 0 0
698.6 -1028.5 2527.5 0 0 0 0 0 0 0 0 0
715.9 299.4 2554.1 0 0.9945760965 0.0096415132 -0.1035638601 -0.0161774661 0.9979165196 -0.0624570623 0.1027459055 0.0637937039 0.9926598668
714.0 101.5 2541.4 0.9945760965 0.0096415132 -0.1035638601 -0.0161774661 0.9979165196 -0.0624570623 0.1027459055 0.0637937039 0.9926598668
712.6 -91.9 2526.5 0.9945864677 0.0070320861 -0.1036740094 -0.0149335209 0.9970236421 -0.0756363347 0.1028335616 0.0767750889 0.9917312264
578.1 103.6 2527.4 0.4794690609 -0.5408871174 -0.6910503507 0.8633497953 0.4318701923 0.2609889209 0.1572785079 -0.7217543125 0.6740431786
471.4 -88.6 2492.4 -0.8288221359 -0.5408871174 -0.1431607008 -0.1276151687 0.4318701923 -0.8928619623 0.5447643399 -0.7217543125 -0.4269689918
849.8 99.5 2555.5 0.3762420416 0.7966709137 0.4730300009 -0.8618722558 0.4883048534 -0.1368743926 -0.3400266767 -0.3561935127 0.8703493476
928.6 -80.9 2484.3 -0.4296897948 0.7966709137 0.4250672162 0.0431161374 0.4883048534 -0.8716073632 -0.9019466043 -0.3561935127 -0.2441689819
624.1 -287.9 2506.5 0.9953960180 0.0683605894 -0.0671829581 -0.0827646628 0.9665473104 -0.2427680790 0.0483397357 0.2472107559 0.9677551985
597.6 -663.1 2410.5 0.9961269498 0.0800055787 -0.0364720970 -0.0742082000 0.9874615669 0.1393296272 0.0471619442 -0.1360834688 0.9895741940
802.3 -288.1 2525.1 0.3399399221 0.2507544756 0.9064011574 0.0625419021 0.9556367397 -0.2878313661 -0.9383652806 0.1545334160 0.3091764152
704.9 -659.0 2465.2 0.3450560570 0.0179913435 0.9384096265 -0.1685248762 0.9847552180 0.0430872142 -0.9233285785 -0.1730128676 0.3428277373
689.4 -55.1 2349.1 0 0 0 0 0 0 0 0 0
821.4 -70.1 2259.4 0 0 0 0 0 0 0 0 0
567.8 -1031.0 2461.2 0 0 0 0 0 0 0 0 0
698.2 -1026.6 2529.7 0 0 0 0 0 0 0 0 0
719.9 300.7 2559.0 1 0.9912941456 0.0202776324 -0.1300948858 -0.0300094262 0.9968593121 -0.0732866898 0.1282002181 0.0765527412 0.9887893796
715.9 103.0 2543.8 0.9912941456 0.0202776324 -0.1300948858 -0.0300094262 0.9968593121 -0.0732866898 0.1282002181 0.0765527412 0.9887893796
712.7 -90.3 2527.1 0.9913392067 0.0165148936 -0.1302837580 -0.0275707468 0.9961247444 -0.0835182071 0.1283995956 0.0863868967 0.9879528284
580.5 106.8 2526.3 0.4964694083 -0.5601271987 -0.6631557941 0.8598220944 0.4222801924 0.2870286703 0.1192649975 -0.7126969695 0.6912589073
467.4 -89.1 2499.2 -0.8108191490 -0.5601271987 -0.1697935611 -0.1031277701 0.4222801924 -0.9005798697 0.5761397481 -0.7126969695 -0.4001575410
851.3 99.2 2561.4 0.4063708484 0.7914112210 0.4566519856 -0.8531298041 0.5075916052 -0.1205001846 -0.3271579146 -0.3406156301 0.8814468980
938.7 -84.1 2491.0 -0.4121640921 0.7914112210 0.4514299929 0.0315998085 0.5075916052 -0.8610181212 -0.9105615020 -0.3406156301 -0.2342194915
622.2 -284.1 2502.4 0.9935539961 0.0623203181 -0.0946922302 -0.0839270651 0.9659084082 -0.2449023277 0.0762016326 0.2512709200 0.9649125338
598.0 -659.0 2404.9 0.9896244407 0.1289392114 -0.0633892566 -0.1186165512 0.9821536541 0.1459599584 0.0810779557 -0.1369265169 0.9872575402
800.4 -286.7 2520.8 0.3583872318 0.2433176935 0.9013074040 0.0422465429 0.9602227211 -0.2760210335 -0.9326166511 0.1369995326 0.3338522315
705.9 -659.5 2467.7 0.3623821735 0.0172041729 0.9318708181 -0.1602444649 0.9860912561 0.0441100299 -0.9181507826 -0.1653118283 0.3600987494
681.0 -61.9 2347.4 0 0 0 0 0 0 0 0 0
835.3 -76.2 2262.8 0 0 0 0 0 0 0 0 0
549.9 -1024.9 2455.9 0 0 0 0 0 0 0 0 0
699.5 -1027.5 2529.4 0 0 0 0 0 0 0 0 0
722.6 305.7 2561.0 2 0.9907716513 0.0206365660 -0.1339613944 -0.0304298997 0.9969781041 -0.0714749023 0.1320815831 0.0748917386 0.9884056449
718.5 107.7 2546.1 0.9907716513 0.0206365660 -0.1339613944 -0.0304298997 0.9969781041 -0.0714749023 0.1320815831 0.0748917386 0.9884056449
715.3 -85.7 2529.1 0.9908086061 0.0169065483 -0.1342106014 -0.0284687597 0.9959993958 -0.0847040489 0.1322416216 0.0877463073 0.9873260856
583.2 111.6 2528.1 0.4688690603 -0.5913272500 -0.6561203003 0.8734201789 0.4210111201 0.2447178364 0.1315256208 -0.6878093481 0.7138762474
477.1 -86.0 2498.3 -0.7737526298 -0.5913272500 -0.2272421271 -0.0558646731 0.4210111201 -0.9053335190 0.6310198307 -0.6878093481 -0.3587927520
853.9 103.8 2564.2 0.3987919688 0.8042612076 0.4406006336 -0.8576325774 0.4972084165 -0.1313399225 -0.3247019351 -0.3254961371 0.8880432844
945.2 -92.5 2489.8 -0.3873882890 0.8042612076 0.4506598115 0.0232835170 0.4972084165 -0.8673186898 -0.9216225743 -0.3254961371 -0.2113387436
620.8 -281.1 2498.8 0.9934435487 0.0602501892 -0.0971585810 -0.0806852728 0.9715878963 -0.2225013226 0.0809923559 0.2288817763 0.9700790644
597.4 -658.2 2410.0 0.9933377504 0.0898593813 -0.0721483901 -0.0818598047 0.9908757210 0.1070716232 0.0811114758 -0.1004522368 0.9916301370
798.3 -286.1 2521.8 0.3636190593 0.2397229373 0.9001744986 0.0493651479 0.9600049257 -0.2755969167 -0.9302388430 0.1446495354 0.3372421265
705.3 -658.7 2465.6 0.3667621613 0.0169216935 0.9301608205 -0.1350352317 0.9902142882 0.0352301598 -0.9204623699 -0.1385255754 0.3654581606
681.8 -71.2 2331.4 0 0 0 0 0 0 0 0 0
847.9 -86.7 2258.4 0 0 0 0 0 0 0 0 0
564.0 -1027.2 2447.4 0 0 0 0 0 0 0 0 0
699.0 -1028.2 2517.3 0 0 0 0 0 0 0 0 0
725.9 304.5 2562.0 3 0.9866687655 0.0190474428 -0.1616230160 -0.0306623559 0.9970982671 -0.0696770623 0.1598268449 0.0737039223 0.9843897223
722.2 106.5 2547.3 0.9866687655 0.0190474428 -0.1616230160 -0.0306623559 0.9970982671 -0.0696770623 0.1598268449 0.0737039223 0.9843897223
719.4 -86.9 2530.4 0.9867142439 0.0140217133 -0.1618590802 -0.0279186144 0.9960824847 -0.0839057788 0.1600484997 0.0873099044 0.9832403064
587.4 110.3 2525.5 0.4804427624 -0.5930010080 -0.6461613774 0.8681318760 0.4262183011 0.2543324232 0.1245864257 -0.6831454635 0.7195765972
479.9 -84.0 2497.6 -0.7521702647 -0.5930010080 -0.2873841524 0.0095870076 0.4262183011 -0.9045695066 0.6588990688 -0.6831454635 -0.3149036467
856.9 102.7 2569.2 0.4078849256 0.7973377109 0.4448398054 -0.8526919484 0.5068392158 -0.1266114265 -0.3264143169 -0.3276684284 0.8866155148
952.2 -96.6 2492.9 -0.3764275014 0.7973377109 0.4717572629 -0.0067462255 0.5068392158 -0.8620142341 -0.9264215231 -0.3276684284 -0.1854091883
623.2 -276.4 2500.2 0.9900298715 0.0649008304 -0.1250151396 -0.0929634944 0.9678410292 -0.2337552905 0.1058238670 0.2430465668 0.9642249346
598.1 -652.1 2405.9 0.9919545650 0.0831243023 -0.0954802632 -0.0725393668 0.9913434386 0.1094359607 0.1037505269 -0.1016294211 0.9893974662
800.7 -281.5 2523.9 0.3873965442 0.2423205376 0.8894968629 0.0399067365 0.9595259428 -0.2787784636 -0.9210490584 0.1434947401 0.3620468080
706.7 -654.0 2468.2 0.3889573812 0.0236374438 0.9209524393 -0.1285431832 0.9912842512 0.0288466513 -0.9122438431 -0.1296022832 0.3886057734
680.0 -86.6 2322.3 0 0 0 0 0 0 0 0 0
858.0 -98.3 2261.0 0 0 0 0 0 0 0 0 0
567.1 -1021.7 2443.8 0 0 0 0 0 0 0 0 0
697.8 -1024.0 2516.5 0 0 0 0 0 0 0 0 0
730.0 302.8 2563.5 4 0.9834846854 0.0276627596 -0.1788649261 -0.0402868502 0.9969166517 -0.0673359111 0.1764507294 0.0734297410 0.9815667272
724.5 105.1 2548.9 0.9834846854 0.0276627596 -0.1788649261 -0.0402868502 0.9969166517 -0.0673359111 0.1764507294 0.0734297410 0.9815667272
720.1 -88.3 2532.0 0.9835423231 0.0229074508 -0.1792199016 -0.0380155928 0.9959624410 -0.0813245699 0.1766333431 0.0867993087 0.9804419875
590.2 110.3 2524.8 0.4859303832 -0.6036061645 -0.6320848465 0.8674080968 0.4217062294 0.2641345561 0.1071208864 -0.6766265035 0.7284927368
481.0 -84.7 2500.7 -0.7251570821 -0.6036061645 -0.3313710690 0.0623442493 0.4217062294 -0.9045866728 0.6857553124 -0.6766265035 -0.2681719065
858.8 99.9 2573.0 0.4256448448 0.7945980430 0.4329438806 -0.8542855978 0.5106204152 -0.0972775221 -0.2983665168 -0.3284520507 0.8961566091
959.9 -103.1 2502.1 -0.3603756130 0.7945980430 0.4886137247 -0.0387074873 0.5106204152 -0.8589345217 -0.9320038557 -0.3284520507 -0.1532582343
628.4 -277.7 2499.1 0.9879278541 0.0598996505 -0.1428657919 -0.0907516181 0.9711871147 -0.2203626186 0.1255497783 0.2306676656 0.9648987651
605.1 -654.7 2409.6 0.9841464162 0.1338004619 -0.1164185852 -0.1224497333 0.9874492884 0.0997495577 0.1283039749 -0.0839127377 0.9881784916
805.1 -282.7 2527.8 0.4071286023 0.2595553994 0.8757153153 0.0497179478 0.9510538578 -0.3049995303 -0.9120166898 0.1677128077 0.3742966354
704.4 -651.8 2462.7 0.4159017205 0.0003051526 0.9094095230 -0.1556007862 0.9852773547 0.0708305463 -0.8959989548 -0.1709633917 0.4098260105
675.3 -101.4 2317.0 0 0 0 0 0 0 0 0 0
869.0 -112.8 2267.1 0 0 0 0 0 0 0 0 0
555.3 -1022.6 2440.9 0 0 0 0 0 0 0 0 0
704.2 -1019.1 2526.4 0 0 0 0 0 0 0 0 0
730.9 303.4 2564.2 5 0.9837432504 0.0294831973 -0.1771439910 -0.0416990332 0.9969719052 -0.0656371340 0.1746723950 0.0719568208 0.9819937944
725.0 105.8 2550.0 0.9837432504 0.0294831973 -0.1771439910 -0.0416990332 0.9969719052 -0.0656371340 0.1746723950 0.0719568208 0.9819937944
720.3 -87.6 2533.3 0.9838120341 0.0244133305 -0.1775325686 -0.0391538143 0.9960250854 -0.0800061896 0.1748736799 0.0856621340 0.9808573723
590.6 111.1 2526.1 0.4749084711 -0.6256319880 -0.6189075112 0.8724799752 0.4266781211 0.2381690443 0.1150681302 -0.6530929208 0.7484844327
483.7 -85.3 2500.2 -0.6704953313 -0.6256319880 -0.3987738490 0.1338384300 0.4266781211 -0.8944456577 0.7297419310 -0.6530929208 -0.2023520917
859.4 100.4 2573.8 0.4404308498 0.7868207693 0.4323583245 -0.8548060656 0.5147372484 -0.0659707934 -0.2744581401 -0.3405269384 0.8992853761
968.3 -110.9 2506.0 -0.3582258224 0.7868207693 0.5025806427 -0.0684109926 0.5147372484 -0.8546142578 -0.9311252236 -0.3405269384 -0.1305649877
627.5 -278.2 2499.4 0.9882228374 0.0563612469 -0.1422638744 -0.0888249427 0.9683172107 -0.2333921641 0.1246022880 0.2432800531 0.9619194865
605.7 -654.0 2404.9 0.9851366282 0.1300617009 -0.1122042611 -0.1148157716 0.9844369292 0.1330459565 0.1277621984 -0.1181856245 0.9847380519
803.7 -285.0 2531.0 0.4075872898 0.2575294673 0.8761000037 0.0557325631 0.9506050348 -0.3053586483 -0.9114639163 0.1732876003 0.3731017709
703.7 -654.0 2463.7 0.4204139113 -0.0162643269 0.9071866274 -0.1546871960 0.9839170575 0.0893260539 -0.8940492272 -0.1778840721 0.4111365378
663.2 -121.1 2304.9 0 0 0 0 0 0 0 0 0
877.5 -128.2 2270.1 0 0 0 0 0 0 0 0 0
557.2 -1020.9 2449.0 0 0 0 0 0 0 0 0 0
709.8 -1021.0 2530.1 0 0 0 0 0 0 0 0 0
730.7 302.2 2565.1 6 0.9841243625 0.0291432310 -0.1750712693 -0.0411822796 0.9970003366 -0.0655314401 0.1726363152 0.0717009157 0.9823724627
725.0 104.5 2550.9 0.9841243625 0.0291432310 -0.1750712693 -0.0411822796 0.9970003366 -0.0655314401 0.1726363152 0.0717009157 0.9823724627
720.3 -88.9 2534.6 0.9841976166 0.0242212825 -0.1754091829 -0.0384454988 0.9961997867 -0.0781528801 0.1728496403 0.0836615711 0.9813886881
590.5 109.7 2527.3 0.4570391178 -0.6480998993 -0.6091648340 0.8798774481 0.4296334982 0.2030534446 0.1301186830 -0.6287937760 0.7666078210
485.2 -93.0 2497.3 -0.6197283268 -0.6480998993 -0.4426096976 0.1823375970 0.4296334982 -0.8844026327 0.7633411884 -0.6287937760 -0.1480830610
859.4 99.2 2574.5 0.4255824089 0.8148075938 0.3936600387 -0.8723891377 0.4850193560 -0.0607731976 -0.2404512018 -0.3175607622 0.9172449708
969.2 -125.8 2512.5 -0.3163805008 0.8148075938 0.4857900739 -0.0869862959 0.4850193560 -0.8701664209 -0.9446358085 -0.3175607622 -0.0825735703
627.4 -277.4 2501.0 0.9887980819 0.0502191186 -0.1405574828 -0.0831656754 0.9673429728 -0.2394390106 0.1239428744 0.2484463900 0.9606834054
607.9 -652.9 2404.6 0.9783576131 0.1725540012 -0.1141992211 -0.1597501785 0.9806505442 0.1131563187 0.1315151006 -0.0924640074 0.9869924784
803.7 -284.4 2532.3 0.4086440504 0.2574035823 0.8756445646 0.0652550384 0.9487114549 -0.3093353212 -0.9103580713 0.1835482568 0.3708884120
703.8 -652.7 2461.1 0.4214524329 -0.0093686366 0.9068021178 -0.1591333300 0.9836665988 0.0841228142 -0.8927790523 -0.1797562093 0.4130778313
650.0 -141.5 2294.3 0 0 0 0 0 0 0 0 0
889.3 -147.8 2273.9 0 0 0 0 0 0 0 0 0
543.6 -1018.3 2439.0 0 0 0 0 0 0 0 0 0
707.2 -1019.8 2528.2 0 0 0 0 0 0 0 0 0
732.1 300.4 2565.0 7 0.9828704596 0.0334931165 -0.1812288761 -0.0454469919 0.9970275760 -0.0622138418 0.1786064506 0.0693844557 0.9814711213
725.5 102.8 2551.3 0.9828704596 0.0334931165 -0.1812288761 -0.0454469919 0.9970275760 -0.0622138418 0.1786064506 0.0693844557 0.9814711213
720.2 -90.6 2535.5 0.9829880595 0.0273556504 -0.1816208363 -0.0415937789 0.9963116050 -0.0750543624 0.1788977832 0.0813318416 0.9805002213
591.2 108.5 2526.8 0.4571697712 -0.6673181653 -0.5879475474 0.8801069856 0.4346574843 0.1910093427 0.1280917972 -0.6047804356 0.7860236168
484.1 -97.7 2496.8 -0.5535845160 -0.6673181653 -0.4982275367 0.2537440360 0.4346574843 -0.8641104102 0.7931948900 -0.6047804356 -0.0712916404
859.8 97.2 2575.7 0.4110449553 0.8205953836 0.3970709145 -0.8777174950 0.4739185572 -0.0708035380 -0.2462803274 -0.3194126487 0.9150527716
967.0 -131.8 2511.5 -0.2765940428 0.8205953836 0.5001189709 -0.1597503722 0.4739185572 -0.8659567237 -0.9476157427 -0.3194126487 0.0000073593
627.4 -278.8 2502.9 0.9881325960 0.0439154766 -0.1471916139 -0.0781548098 0.9686883092 -0.2356581688 0.1322337538 0.2443652451 0.9606246948
610.3 -654.9 2408.0 0.9721317887 0.1989275515 -0.1240466386 -0.1869668067 0.9770894051 0.1016844735 0.1414324939 -0.0756581053 0.9870525599
803.7 -285.7 2533.9 0.4156915545 0.2494644374 0.8746244907 0.0664010346 0.9507577419 -0.3027385771 -0.9070785046 0.1839218438 0.3786572516
706.9 -654.8 2462.5 0.4231901169 0.0135992346 0.9059388638 -0.1558721811 0.9860723615 0.0580102503 -0.8925323486 -0.1657600403 0.4194158018
629.5 -164.3 2288.5 0 0 0 0 0 0 0 0 0
898.4 -171.5 2276.2 0 0 0 0 0 0 0 0 0
536.2 -1019.1 2436.2 0 0 0 0 0 0 0 0 0
701.8 -1022.7 2524.3 0 0 0 0 0 0 0 0 0
732.0 297.3 2565.5 8 0.9838030338 0.0295760334 -0.1767961234 -0.0407606550 0.9973676801 -0.0599689297 0.1745570898 0.0662039369 0.9824188948
726.1 99.9 2552.4 0.9838030338 0.0295760334 -0.1767961234 -0.0407606550 0.9973676801 -0.0599689297 0.1745570898 0.0662039369 0.9824188948
721.5 -93.6 2537.6 0.9839044809 0.0239392202 -0.1770844758 -0.0369804464 0.9968109131 -0.0707139894 0.1748269051 0.0761244744 0.9816519618
591.7 105.0 2528.5 0.4615958929 -0.6764594316 -0.5738744736 0.8751491904 0.4530441463 0.1698965728 0.1450623125 -0.5806493163 0.8011262417
482.5 -102.0 2494.2 -0.4787821770 -0.6764594316 -0.5596162081 0.3285572529 0.4530441463 -0.8287346363 0.8141362071 -0.5806493163 0.0053461925
860.6 94.9 2576.3 0.3976272643 0.8364951015 0.3770523369 -0.8900333047 0.4515103102 -0.0630805567 -0.2230096012 -0.3105066121 0.9240413308
962.5 -133.2 2519.1 -0.2084854096 0.8364951015 0.5067639947 -0.2617975771 0.4515103102 -0.8529949784 -0.9423353076 -0.3105066121 0.1248590797
626.8 -280.2 2503.7 0.9888527989 0.0447461791 -0.1420136839 -0.0767406598 0.9704998136 -0.2285628915 0.1275969446 0.2369132936 0.9631153345
609.5 -657.0 2411.7 0.9737517238 0.1927679181 -0.1210292727 -0.1833303422 0.9793789387 0.0848935246 0.1348982602 -0.0604768842 0.9890121222
803.0 -287.7 2535.7 0.4133066833 0.2424810678 0.8777132034 0.0703449771 0.9525102973 -0.2962696254 -0.9078706503 0.1841929406 0.3766215444
708.8 -657.5 2464.2 0.4181124270 0.0290736873 0.9079298973 -0.1648084521 0.9853282571 0.0443441048 -0.8933197260 -0.1681753397 0.4167695940
606.1 -186.8 2284.0 0 0 0 0 0 0 0 0 0
910.6 -198.5 2284.4 0 0 0 0 0 0 0 0 0
537.6 -1022.3 2434.3 0 0 0 0 0 0 0 0 0
698.0 -1025.2 2527.0 0 0 0 0 0 0 0 0 0
730.9 298.9 2564.7 9 0.9882302880 0.0233667791 -0.1511784792 -0.0322213545 0.9978888631 -0.0563881099 0.1495417058 0.0605956130 0.9868968725
726.3 101.4 2552.7 0.9882302880 0.0233667791 -0.1511784792 -0.0322213545 0.9978888631 -0.0563881099 0.1495417058 0.0605956130 0.9868968725
722.7 -92.3 2539.2 0.9883001447 0.0186100323 -0.1513819396 -0.0288999081 0.9973970652 -0.0660593435 0.1497585475 0.0696613789 0.9862655401
591.3 105.3 2532.3 0.4445311725 -0.6725438833 -0.5916728377 0.8755533695 0.4657429457 0.1284125447 0.1892043799 -0.5751245618 0.7958853245
482.2 -109.5 2485.9 -0.4087178707 -0.6725438833 -0.6169557571 0.4141117036 0.4657429457 -0.7820454240 0.8133026361 -0.5751245618 0.0881508440
861.2 97.4 2573.2 0.3529750109 0.8589487672 0.3709659278 -0.9127839804 0.4032191932 -0.0651129782 -0.2055092901 -0.3156284988 0.9263609648
953.0 -139.8 2519.8 -0.1725319028 0.8589487672 0.4821200967 -0.3524517715 0.4032191932 -0.8445069790 -0.9197883010 -0.3156284988 0.2331698239
628.7 -283.7 2507.2 0.9916266799 0.0553792715 -0.1166603193 -0.0826247483 0.9663531184 -0.2435873151 0.0992453769 0.2511866987 0.9628372788
607.2 -658.8 2409.7 0.9816165566 0.1671686172 -0.0921064094 -0.1593974084 0.9834486842 0.0861461759 0.1049828604 -0.0698809922 0.9920157194
805.0 -290.4 2538.5 0.3940557241 0.2466800064 0.8853638172 0.0859894529 0.9491878152 -0.3027346432 -0.9150551558 0.1954262704 0.3528210223
709.2 -658.8 2462.6 0.4019362330 0.0286508296 0.9152193069 -0.1939733773 0.9794903994 0.0545243248 -0.8948863745 -0.1994434744 0.3992501795
585.1 -213.8 2281.1 0 0 0 0 0 0 0 0 0
909.8 -227.9 2289.7 0 0 0 0 0 0 0 0 0
544.8 -1025.7 2435.7 0 0 0 0 0 0 0 0 0
698.5 -1024.2 2537.0 0 0 0 0 0 0 0 0 0
736.2 299.7 2573.9 0 0.9888930321 0.0292331260 -0.1457257867 -0.0405349769 0.9963442683 -0.0751994476 0.1429947466 0.0802711993 0.9864628911
730.4 102.3 2558.0 0.9888930321 0.0292331260 -0.1457257867 -0.0405349769 0.9963442683 -0.0751994476 0.1429947466 0.0802711993 0.9864628911
725.5 -91.0 2541.3 0.9889739752 0.0254275650 -0.1458899528 -0.0375838019 0.9959903359 -0.0811830759 0.1432406902 0.0857710466 0.9859642386
595.4 107.5 2538.4 0.4533665776 -0.6383262873 -0.6220918894 0.8660076857 0.4806213975 0.1379629821 0.2109252959 -0.6012841463 0.7706931233
477.0 -118.5 2483.4 -0.3605636954 -0.6383262873 -0.6800980568 0.5034493804 0.4806213975 -0.7180123925 0.7851958275 -0.6012841463 0.1480703354
865.5 97.2 2577.5 0.2983617187 0.9018012881 0.3126255572 -0.9297393560 0.3486570716 -0.1184188202 -0.2157893628 -0.2553286254 0.9424660206
945.7 -152.5 2519.5 -0.0843907669 0.9018012881 0.4238309264 -0.4373768568 0.3486570716 -0.8289389014 -0.8953098059 -0.2553286254 0.3650035560
630.6 -283.3 2512.3 0.9913365841 0.0681296736 -0.1122950166 -0.0951357037 0.9619151950 -0.2562583983 0.0905594826 0.2647215724 0.9600632787
604.1 -656.6 2409.5 0.9842939973 0.1549963653 -0.0845074132 -0.1496975124 0.9865376949 0.0658331811 0.0935736522 -0.0521486551 0.9942457080
807.6 -288.5 2539.1 0.3843161166 0.2495444864 0.8888355494 0.0803813860 0.9500741363 -0.3014928997 -0.9196955562 0.1873144209 0.3450700641
710.7 -657.3 2466.4 0.3886603415 0.0330459513 0.9207882881 -0.1751171350 0.9837902784 0.0386090912 -0.9045867324 -0.1762516350 0.3881471753
567.8 -245.3 2285.7 0 0 0 0 0 0 0 0 0
924.5 -262.3 2294.8 0 0 0 0 0 0 0 0 0
546.3 -1024.7 2429.0 0 0 0 0 0 0 0 0 0
698.4 -1024.3 2532.1 0 0 0 0 0 0 0 0 0
736.3 301.0 2568.9 1 0.9907832742 0.0258603599 -0.1329653263 -0.0338048153 0.9977532625 -0.0578420311 0.1311707795 0.0618037842 0.9894314408
731.2 103.6 2556.7 0.9907832742 0.0258603599 -0.1329653263 -0.0338048153 0.9977532625 -0.0578420311 0.1311707795 0.0618037842 0.9894314408
726.6 -90.0 2543.2 0.9908084869 0.0238226485 -0.1331580728 -0.0327926613 0.9973081946 -0.0655816346 0.1312373132 0.0693454444 0.9889226556
595.8 108.1 2538.8 0.4333996177 -0.6629761457 -0.6104321480 0.8716289401 0.4804684520 0.0970206335 0.2289710194 -0.5741190314 0.7861040831
478.8 -127.4 2476.9 -0.2459267974 -0.6629761457 -0.7070944905 0.5845512152 0.4804684520 -0.6537965536 0.7731881142 -0.5741190314 0.2693834603
866.5 99.1 2574.6 0.2774613202 0.9217316508 0.2709723413 -0.9462173581 0.3110232651 -0.0890912339 -0.1663969159 -0.2316793650 0.9584553838
942.8 -161.1 2528.8 -0.0412269011 0.9217316508 0.3856308460 -0.5154136419 0.3110232651 -0.7985069156 -0.8559492230 -0.2316793650 0.4622505605
632.0 -280.9 2511.8 0.9930208921 0.0611713044 -0.1008345634 -0.0858107954 0.9612691402 -0.2619124055 0.0809076354 0.2687371969 0.9598094821
608.2 -654.1 2407.5 0.9856616855 0.1530779004 -0.0709802881 -0.1445289403 0.9830241203 0.1130262688 0.0870771632 -0.1011469588 0.9910534024
809.2 -287.6 2537.5 0.3748300672 0.2512743175 0.8923920989 0.0756682828 0.9510663152 -0.2995782793 -0.9240003824 0.1798167229 0.3374747634
711.6 -656.9 2467.7 0.3788821995 0.0351994112 0.9247752428 -0.1886026412 0.9812417030 0.0399221890 -0.9060227871 -0.1895408630 0.3784137070
540.2 -273.4 2283.8 0 0 0 0 0 0 0 0 0
932.5 -289.9 2315.0 0 0 0 0 0 0 0 0 0
551.2 -1020.5 2445.2 0 0 0 0 0 0 0 0 0
698.5 -1023.0 2538.4 0 0 0 0 0 0 0 0 0
735.8 300.4 2566.9 2 0.9923183918 0.0268854070 -0.1207532361 -0.0331088379 0.9982087016 -0.0498310700 0.1191972047 0.0534462892 0.9914310575
730.5 103.1 2556.4 0.9923183918 0.0268854070 -0.1207532361 -0.0331088379 0.9982087016 -0.0498310700 0.1191972047 0.0534462892 0.9914310575
725.5 -90.6 2545.1 0.9923282862 0.0259439182 -0.1208778173 -0.0327350087 0.9979749322 -0.0545385145 0.1192180887 0.0580770485 0.9911680222
595.0 107.6 2540.1 0.4226480424 -0.6783280969 -0.6010321379 0.8773851395 0.4724085927 0.0838176236 0.2270768881 -0.5627620220 0.7948175669
477.8 -135.6 2477.1 -0.1503341943 -0.6783280969 -0.7192152739 0.6604776978 0.4724085927 -0.5836088657 0.7356417775 -0.5627620220 0.3770014346
866.1 98.6 2572.7 0.2636066675 0.9294654727 0.2580802739 -0.9566830993 0.2861764431 -0.0534836911 -0.1235677376 -0.2328023762 0.9646419287
939.4 -167.3 2538.3 -0.0156952236 0.9294654727 0.3685750365 -0.5998090506 0.2861764431 -0.7472162843 -0.7999892235 -0.2328023762 0.5530102253
633.2 -280.6 2518.0 0.9936507344 0.0659807920 -0.0911302716 -0.0891378596 0.9559037089 -0.2798259854 0.0686486214 0.2861724496 0.9557157755
607.6 -651.6 2406.9 0.9859554768 0.1560859829 -0.0594047941 -0.1495101750 0.9834319949 0.1025095806 0.0744208843 -0.0921882614 0.9929566383
810.7 -286.5 2541.5 0.3684248924 0.2570795715 0.8934053779 0.0838289708 0.9479030967 -0.3073310256 -0.9258702993 0.1881216615 0.3276804090
710.9 -654.5 2468.5 0.3768380582 0.0182048790 0.9261002541 -0.1800251901 0.9821816087 0.0539464802 -0.9086165428 -0.1870504618 0.3734007478
515.3 -300.6 2293.4 0 0 0 0 0 0 0 0 0
935.4 -316.9 2338.9 0 0 0 0 0 0 0 0 0
549.4 -1018.5 2441.3 0 0 0 0 0 0 0 0 0
704.1 -1021.0 2538.3 0 0 0 0 0 0 0 0 0
731.3 299.2 2556.0 3 0.9939721227 0.0172182247 -0.1082724407 -0.0189614687 0.9997063279 -0.0150915980 0.1079807952 0.0170536321 0.9940066934
727.9 100.8 2552.6 0.9939721227 0.0172182247 -0.1082724407 -0.0189614687 0.9997063279 -0.0150915980 0.1079807952 0.0170536321 0.9940066934
724.3 -93.1 2547.3 0.9939301610 0.0184689537 -0.1084514335 -0.0213124510 0.9994572401 -0.0251186937 0.1079286635 0.0272775944 0.9937843680
592.1 103.8 2537.9 0.4061194658 -0.7083318233 -0.5773499608 0.8905782700 0.4483753443 0.0763534233 0.2047859281 -0.5451839566 0.8129189014
478.5 -145.3 2480.6 -0.0682916939 -0.7083318233 -0.7025683522 0.7251942158 0.4483753443 -0.5225446224 0.6851493120 -0.5451839566 0.4830578566
863.6 97.9 2567.3 0.2651061118 0.9307108521 0.2519842088 -0.9628295302 0.2695502937 0.0173765179 -0.0517499074 -0.2472244650 0.9675753117
937.5 -170.5 2552.9 0.0023233290 0.9307108521 0.3657484055 -0.6802709699 0.2695502937 -0.6815966368 -0.7329570055 -0.2472244650 0.6337618828
631.6 -281.3 2523.2 0.9949514866 0.0610826612 -0.0796269402 -0.0816080049 0.9542374015 -0.2876997292 0.0584095381 0.2927454412 0.9544047713
607.9 -651.7 2409.5 0.9881057143 0.1450636387 -0.0510263592 -0.1401249915 0.9860532284 0.0898000225 0.0633414239 -0.0815818459 0.9946518540
809.4 -287.2 2544.5 0.3610485196 0.2563081086 0.8966326714 0.0753169060 0.9503323436 -0.3019864559 -0.9295005798 0.1765633672 0.3238117397
709.9 -656.1 2476.0 0.3673650026 0.0078421198 0.9300438166 -0.1322801858 0.9902397394 0.0439006537 -0.9206220508 -0.1391539276 0.3648167551
495.6 -326.5 2309.4 0 0 0 0 0 0 0 0 0
938.1 -341.8 2368.3 0 0 0 0 0 0 0 0 0
553.8 -1019.7 2440.0 0 0 0 0 0 0 0 0 0
707.0 -1025.3 2527.8 0 0 0 0 0 0 0 0 0
730.3 301.5 2560.0 4 0.9937344193 0.0129657155 -0.1110126823 -0.0157405045 0.9995843172 -0.0241554007 0.1106533408 0.0257514473 0.9935253859
727.7 103.6 2554.9 0.9937344193 0.0129657155 -0.1110126823 -0.0157405045 0.9995843172 -0.0241554007 0.1106533408 0.0257514473 0.9935253859
724.9 -90.3 2549.0 0.9937032461 0.0147335753 -0.1110712215 -0.0179907419 0.9994353056 -0.0283800140 0.1105903536 0.0301995650 0.9934071302
592.0 106.1 2539.8 0.3883993626 -0.7316277027 -0.5602382421 0.9028682709 0.4237516820 0.0725495145 0.1843226552 -0.5339995027 0.8251482844
481.0 -151.8 2487.1 -0.0031685184 -0.7316277027 -0.6816970706 0.7812076807 0.4237516820 -0.4584202170 0.6242632270 -0.5339995027 0.5702104568
863.5 101.2 2570.0 0.2663148642 0.9072267413 0.3256010115 -0.9630944133 0.2641425729 0.0517478473 -0.0390580595 -0.3273657262 0.9440901279
941.1 -179.4 2558.6 -0.0107716052 0.9072267413 0.4205039740 -0.7634090781 0.2641425729 -0.5894364119 -0.6458255053 -0.3273657262 0.6897398829
631.8 -285.0 2532.3 0.9945228100 0.0633689687 -0.0831189901 -0.0869427696 0.9429507256 -0.3213796914 0.0580116101 0.3268460035 0.9432954788
607.2 -650.9 2405.5 0.9887455106 0.1424335837 -0.0457716323 -0.1350423992 0.9813652039 0.1366962045 0.0643888190 -0.1289766431 0.9895550013
809.8 -288.9 2551.6 0.3643090427 0.2582314909 0.8947599530 0.0830444619 0.9479514360 -0.3073950410 -0.9275680780 0.1862916499 0.3239025772
709.6 -656.9 2479.3 0.3717660606 0.0031103615 0.9283212423 -0.1254630387 0.9909879565 0.0469240248 -0.9198092222 -0.1339147538 0.3688059449
481.8 -347.7 2330.6 0 0 0 0 0 0 0 0 0
938.3 -373.4 2394.4 0 0 0 0 0 0 0 0 0
554.1 -1016.7 2453.6 0 0 0 0 0 0 0 0 0
708.4 -1026.6 2529.3 0 0 0 0 0 0 0 0 0
728.9 300.6 2553.5 5 0.9958174229 0.0080363713 -0.0910110921 -0.0083133737 0.9999619126 -0.0026649144 0.0909862146 0.0034103775 0.9958463311
727.4 102.5 2552.8 0.9958174229 0.0080363713 -0.0910110921 -0.0083133737 0.9999619126 -0.0026649144 0.0909862146 0.0034103775 0.9958463311
725.1 -91.5 2551.1 0.9957771897 0.0116788028 -0.0910573676 -0.0123999882 0.9998960495 -0.0073583997 0.0909619629 0.0084564369 0.9958184361
591.3 104.2 2540.4 0.3755853474 -0.7499285936 -0.5445573926 0.9145729542 0.3949883580 0.0868359357 0.1499730796 -0.5306517482 0.8342162967
484.7 -155.5 2497.8 0.0794866756 -0.7477310300 -0.6592269540 0.8232840300 0.4221082628 -0.3795101941 0.5620366931 -0.5125650167 0.6491470337
863.4 100.8 2565.2 0.2640607655 0.8875176311 0.3776033819 -0.9645033479 0.2439102083 0.1011984572 -0.0022859052 -0.3909222782 0.9204208851
941.3 -183.8 2564.5 -0.0207092073 0.8875176311 0.4603081048 -0.8264315128 0.2439102083 -0.5074630380 -0.5626562834 -0.3909222782 0.7284213901
633.0 -282.6 2533.2 0.9950444698 0.0762753561 -0.0637852699 -0.0924500972 0.9458544850 -0.3111466765 0.0365987569 0.3155017197 0.9482189417
603.4 -649.7 2410.8 0.9890578389 0.1449770033 -0.0273186807 -0.1416111887 0.9848867059 0.0997218639 0.0413631797 -0.0947620571 0.9946402311
811.1 -285.9 2553.0 0.3493414819 0.2560946941 0.9013190269 0.0789664537 0.9504558444 -0.3006626368 -0.9336620569 0.1762079000 0.3118107617
711.7 -654.9 2484.6 0.3522246480 0.0222746730 0.9356504083 -0.1263983697 0.9916898012 0.0239737537 -0.9273409843 -0.1267088205 0.3521130681
464.6 -363.1 2356.1 0 0 0 0 0 0 0 0 0
935.9 -398.1 2418.6 0 0 0 0 0 0 0 0 0
549.4 -1016.9 2446.1 0 0 0 0 0 0 0 0 0
703.3 -1024.9 2531.9 0 0 0 0 0 0 0 0 0
729.6 302.7 2549.7 6 0.9972859025 0.0128704496 -0.0724925995 -0.0119707929 0.9998460412 0.0128311701 0.0726465806 -0.0119285509 0.9972864389
727.0 104.4 2552.1 0.9972859025 0.0128704496 -0.0724925995 -0.0119707929 0.9998460412 0.0128311701 0.0726465806 -0.0119285509 0.9972864389
724.3 -89.6 2553.4 0.9972606301 0.0143452417 -0.0725632980 -0.0138272019 0.9998752475 0.0076364772 0.0726637915 -0.0066122105 0.9973345995
590.8 106.4 2542.2 0.3779667616 -0.7618373632 -0.5260655880 0.9181340337 0.3815006614 0.1071780622 0.1190421209 -0.5235084891 0.8436633348
483.7 -153.7 2508.4 0.1438664794 -0.7601919174 -0.6335697770 0.8793194890 0.3919086158 -0.2705639601 0.4539819956 -0.5181851983 0.7248340845
863.2 102.5 2562.0 0.2496760786 0.9051009417 0.3441716433 -0.9674733877 0.2182249427 0.1279575378 0.0407076553 -0.3649248481 0.9301466346
937.1 -183.9 2574.1 0.0143585494 0.9051009417 0.4249542356 -0.8734466434 0.2182249427 -0.4352802038 -0.4867081344 -0.3649248481 0.7936907411
