696.9 511.4 2607.1 6 -0.4486900568 0.1661573350 -0.8781053424 -0.0082860766 0.9817485809 0.1900029480 0.8936490417 0.0925284848 -0.4391240180
663.7 315.5 2588.6 -0.4486900568 0.1661573350 -0.8781053424 -0.0082860766 0.9817485809 0.1900029480 0.8936490417 0.0925284848 -0.4391240180
628.0 120.8 2574.6 -0.4454048872 0.1762842089 -0.8778031468 0.0105470177 0.9813899994 0.1917353123 0.8952671289 0.0761416405 -0.4389751852
725.7 314.4 2463.8 0.4157491028 0.9021948576 0.1148788258 0.8419896960 -0.4295648932 0.3263853490 0.3438110948 -0.0389676318 -0.9382299781
627.2 115.0 2382.4 0.4069634080 0.9021948576 -0.1429169327 0.8776842952 -0.4295648932 -0.2124719471 -0.2530831993 -0.0389676318 -0.9666594267
601.7 316.6 2713.4 -0.7340273261 -0.4176020026 -0.5355486870 -0.6759390831 0.3730162680 0.6355825663 -0.0656521842 0.8285332918 -0.5560776591
396.2 127.3 2695.0 -0.1972404867 -0.4176020026 -0.8869637847 -0.9273203611 0.3730162680 0.0305906124 0.3180772364 0.8285332918 -0.4608247578
635.5 -76.2 2486.7 -0.5610857606 -0.0153701985 -0.8276149631 0.0415875651 0.9980415106 -0.0467298068 0.8267123103 -0.0606379211 -0.5593476892
641.6 -472.9 2510.8 -0.5568409562 0.2381259650 -0.7957538366 0.0592095852 0.9669673443 0.2479280829 0.8285061121 0.0909402594 -0.5525463820
552.1 -73.3 2641.6 -0.5761349797 0.0705452859 0.8143045306 -0.1377642304 0.9736338258 -0.1818190366 -0.8056609035 -0.2169343382 -0.5512258410
518.5 -536.5 2744.8 -0.6290745735 -0.1396442801 0.7646991014 0.0992915183 0.9612392187 0.2572166324 -0.7709775567 0.2377365679 -0.5908256173
521.5 -112.9 2448.1 0 0 0 0 0 0 0 0 0
341.2 -131.4 2783.8 0 0 0 0 0 0 0 0 0
585.2 -702.2 2489.3 0 0 0 0 0 0 0 0 0
571.9 -903.9 2654.0 0 0 0 0 0 0 0 0 0
697.6 518.6 2594.9 7 -0.4142425656 0.1603227854 -0.8959351182 0.0022773321 0.9845434427 0.1751258224 0.9101636410 0.0705042332 -0.4082049131
665.5 321.6 2580.8 -0.4142425656 0.1603227854 -0.8959351182 0.0022773321 0.9845434427 0.1751258224 0.9101636410 0.0705042332 -0.4082049131
630.2 126.6 2570.0 -0.4117382169 0.1740569025 -0.8945254683 0.0170125011 0.9828874469 0.1834197491 0.9111433625 0.0603028089 -0.4076534808
722.8 319.6 2453.8 0.4240413904 0.9022649527 0.0781463459 0.8471735716 -0.4256872535 0.3179423213 0.3201341331 -0.0686171874 -0.9448840022
622.4 119.0 2378.0 0.3928109705 0.9022649527 -0.1778131425 0.8771230578 -0.4256872535 -0.2223634869 -0.2763235569 -0.0686171874 -0.9586120248
608.2 323.6 2707.8 -0.7325517535 -0.3882707953 -0.5591186881 -0.6799659133 0.3789539933 0.6277262568 -0.0318475217 0.8400236368 -0.5416142941
403.1 133.2 2698.9 -0.1805616617 -0.3882707953 -0.9036831856 -0.9251531959 0.3789539933 0.0220325477 0.3338997364 0.8400236368 -0.4276345372
633.8 -75.2 2477.4 -0.5299285650 -0.0177911241 -0.8478556275 0.0407966301 0.9980875254 -0.0464423373 0.8470604420 -0.0592007749 -0.5281893015
640.8 -472.0 2500.9 -0.5200942159 0.2301279753 -0.8225224018 0.0846556872 0.9721655250 0.2184664458 0.8499031663 0.0439919345 -0.5250992775
557.9 -67.2 2641.5 -0.6050922275 0.0572900176 0.7940914631 -0.1481354088 0.9718891978 -0.1829954684 -0.7822526693 -0.2283622026 -0.5795959234
530.7 -529.6 2750.2 -0.6578877568 -0.1357161850 0.7407866120 0.0888020247 0.9627878070 0.2552525103 -0.7478622198 0.2337108552 -0.6213544011
520.3 -108.8 2449.8 0 0 0 0 0 0 0 0 0
352.7 -124.9 2792.0 0 0 0 0 0 0 0 0 0
585.6 -705.1 2490.4 0 0 0 0 0 0 0 0 0
582.5 -897.6 2660.8 0 0 0 0 0 0 0 0 0
695.9 516.8 2579.4 8 -0.4486110210 0.1515878737 -0.8807776570 0.0308613889 0.9875504375 0.1542454213 0.8931941390 0.0420141742 -0.4477042258
665.4 318.6 2570.9 -0.4486110210 0.1515878737 -0.8807776570 0.0308613889 0.9875504375 0.1542454213 0.8931941390 0.0420141742 -0.4477042258
631.8 123.1 2564.7 -0.4468764365 0.1654563099 -0.8791618943 0.0416563749 0.9855303168 0.1643007398 0.8936253190 0.0367994308 -0.4473025799
727.6 313.2 2446.3 0.4060128331 0.9068836570 0.1127634123 0.8596374989 -0.4208743274 0.2896345854 0.3101240993 -0.0206597019 -0.9504715800
631.5 109.6 2372.9 0.3977609575 0.9068836570 -0.1390979290 0.8712039590 -0.4208743274 -0.2527220547 -0.2877322435 -0.0206597019 -0.9574880600
603.3 324.0 2695.5 -0.7265120149 -0.4229238927 -0.5415862799 -0.6860334873 0.4014320076 0.6068034172 -0.0392216183 0.8123962879 -0.5817851424
399.8 131.9 2684.5 -0.1876100302 -0.4229238927 -0.8865313530 -0.9158859253 0.4014320076 0.0023171187 0.3549020886 0.8123962879 -0.4626626968
633.4 -70.3 2474.5 -0.5621186495 -0.0166460667 -0.8268890977 0.0356237069 0.9983822703 -0.0443153605 0.8262890577 -0.0543673411 -0.5606162548
640.0 -467.2 2496.1 -0.5485904813 0.2175646871 -0.8072881103 0.1022312418 0.9757600427 0.1934970170 0.8298175931 0.0236205645 -0.5575346351
560.9 -64.1 2641.5 -0.5740851760 -0.0002411254 0.8187955618 -0.2000528574 0.9697344899 -0.1399782300 -0.7939805388 -0.2441618294 -0.5567584038
561.0 -486.7 2747.9 -0.6200239658 -0.0561674386 0.7825698256 0.1017455459 0.9832555056 0.1511834711 -0.7779576778 0.1733603626 -0.6039271951
528.2 -116.7 2447.6 0 0 0 0 0 0 0 0 0
347.5 -123.6 2783.5 0 0 0 0 0 0 0 0 0
586.1 -709.0 2490.3 0 0 0 0 0 0 0 0 0
582.3 -860.6 2682.0 0 0 0 0 0 0 0 0 0
701.3 506.5 2571.1 9 -0.4723680615 0.1749705374 -0.8638597727 0.0488987826 0.9837908745 0.1725235879 0.8800439239 0.0392529443 -0.4732672572
666.2 309.0 2563.2 -0.4723680615 0.1749705374 -0.8638597727 0.0488987826 0.9837908745 0.1725235879 0.8800439239 0.0392529443 -0.4732672572
630.0 113.9 2558.2 -0.4707566202 0.1779385358 -0.8641331196 0.0578821041 0.9835693836 0.1709997058 0.8803623319 0.0304814000 -0.4733212590
731.7 301.3 2440.4 0.4091016650 0.9012243152 0.1429356635 0.8575815558 -0.4332558513 0.2772061229 0.3117526174 0.0091734957 -0.9501190186
634.8 98.2 2366.6 0.4175156951 0.9012243152 -0.1160836741 0.8624231815 -0.4332558513 -0.2617548406 -0.2861937284 0.0091734957 -0.9581278563
600.7 316.6 2685.9 -0.7345344424 -0.4396170378 -0.5169100761 -0.6765924692 0.4163505435 0.6073506474 -0.0517859124 0.7958574295 -0.6032654047
395.0 127.2 2671.4 -0.2099344283 -0.4396170378 -0.8733065724 -0.9091599584 0.4163505435 0.0089649959 0.3596605062 0.7958574295 -0.4870885313
639.8 -76.5 2475.6 -0.5842007995 0.0054749507 -0.8115906715 0.0368194692 0.9991264939 -0.0197634026 0.8107735515 -0.0414281338 -0.5838920474
637.7 -473.6 2492.1 -0.5690268874 0.2089961916 -0.7953169346 0.1171127632 0.9779015183 0.1731855273 0.8139367104 0.0054054600 -0.5809283853
559.4 -67.4 2639.3 -0.5545871258 -0.0142785227 0.8320031762 -0.1788810194 0.9785228372 -0.1024434194 -0.8126713634 -0.2056433707 -0.5452303290
565.3 -474.7 2724.9 -0.5738794208 -0.0796246380 0.8150597215 -0.0246359166 0.9964901209 0.0800028816 -0.8185691833 0.0258322638 -0.5738268495
526.3 -125.8 2441.0 0 0 0 0 0 0 0 0 0
336.4 -126.4 2771.8 0 0 0 0 0 0 0 0 0
586.4 -713.5 2490.7 0 0 0 0 0 0 0 0 0
595.3 -850.5 2715.2 0 0 0 0 0 0 0 0 0
701.1 507.1 2558.9 0 -0.5242464542 0.1638557017 -0.8356536031 0.0506507605 0.9855758548 0.1614768803 0.8500589132 0.0423271917 -0.5249840617
668.2 309.0 2550.4 -0.5242464542 0.1638557017 -0.8356536031 0.0506507605 0.9855758548 0.1614768803 0.8500589132 0.0423271917 -0.5249840617
632.8 113.8 2544.7 -0.5221254230 0.1740169078 -0.8349270225 0.0630158260 0.9841586947 0.1657127887 0.8505374789 0.0339092463 -0.5248200893
740.9 300.6 2431.8 0.3883641660 0.8998967409 0.1983912736 0.8606760502 -0.4311456084 0.2708323896 0.3292567134 0.0655690283 -0.9419611096
648.9 96.8 2353.9 0.4321330190 0.8998967409 -0.0587103069 0.8613270521 -0.4311456084 -0.2687547803 -0.2671642303 0.0655690283 -0.9614176750
595.5 317.4 2669.0 -0.7289399505 -0.4866988361 -0.4814257622 -0.6785961986 0.4209498465 0.6019206047 -0.0902979746 0.7654576898 -0.6371191144
391.4 127.4 2643.7 -0.2291767001 -0.4866988361 -0.8429722786 -0.9070768952 0.4209498465 0.0035648842 0.3531140089 0.7654576898 -0.5379451513
637.8 -86.9 2471.5 -0.6312474012 0.0100320717 -0.7755166292 0.0371469446 0.9991598725 -0.0173113868 0.7746914029 -0.0397358425 -0.6310897470
633.8 -484.1 2487.3 -0.6144829988 0.1972797215 -0.7638660669 0.1367100626 0.9802092910 0.1431787759 0.7769948840 -0.0164472647 -0.6292920113
552.2 -75.5 2632.8 -0.5051242113 -0.0448337905 0.8618813753 -0.1890204698 0.9801509976 -0.0597935356 -0.8420931101 -0.1931163818 -0.5035725236
570.4 -474.1 2711.4 -0.5213429332 -0.0733410493 0.8501897454 -0.0443908982 0.9972817898 0.0588090010 -0.8521918654 -0.0070810271 -0.5231814981
536.7 -126.9 2423.3 0 0 0 0 0 0 0 0 0
327.5 -125.7 2742.2 0 0 0 0 0 0 0 0 0
586.9 -716.8 2491.2 0 0 0 0 0 0 0 0 0
598.3 -852.6 2714.1 0 0 0 0 0 0 0 0 0
703.6 506.8 2552.4 1 -0.5291196108 0.1651321799 -0.8323243260 0.0474894419 0.9851069450 0.1652544141 0.8472173214 0.0479127392 -0.5290814638
670.5 309.5 2542.8 -0.5291196108 0.1651321799 -0.8323243260 0.0474894419 0.9851069450 0.1652544141 0.8472173214 0.0479127392 -0.5290814638
635.9 114.2 2536.3 -0.5272144675 0.1700733602 -0.8325382471 0.0586849377 0.9847136736 0.1639972776 0.8477033377 0.0376042835 -0.5291360617
743.9 301.7 2424.6 0.3831973672 0.9011416435 0.2027399242 0.8612283468 -0.4279113710 0.2741853297 0.3338345289 0.0695382729 -0.9400632381
653.1 97.8 2345.5 0.4303717315 0.9011416435 -0.0521907695 0.8636940122 -0.4279113710 -0.2663165629 -0.2623219788 0.0695382729 -0.9624716043
597.1 317.3 2661.0 -0.7258239388 -0.4926646948 -0.4800636172 -0.6811019182 0.4169844687 0.6018505692 -0.0963314548 0.7638098001 -0.6382122040
393.9 126.6 2634.0 -0.2277373672 -0.4926646948 -0.8398911953 -0.9089117050 0.4169844687 0.0018569473 0.3493067324 0.7638098001 -0.5427516699
646.0 -87.6 2460.2 -0.6350684166 0.0366548374 -0.7715857029 0.0665894002 0.9977529645 -0.0074085803 0.7695803642 -0.0560843870 -0.6360822320
631.4 -484.1 2482.4 -0.6217668653 0.1847927123 -0.7610898018 0.1494210362 0.9819056392 0.1163383946 0.7688168287 -0.0413874649 -0.6381282806
550.8 -75.7 2615.9 -0.4974467754 -0.0539196543 0.8658171892 -0.2296545655 0.9706424475 -0.0714980140 -0.8365437984 -0.2344053239 -0.4952258468
572.4 -465.6 2710.0 -0.5218695998 -0.0775761679 0.8494904637 -0.0399763100 0.9969861507 0.0664868504 -0.8520880342 0.0007379706 -0.5233979821
541.4 -126.5 2413.6 0 0 0 0 0 0 0 0 0
330.4 -127.0 2731.4 0 0 0 0 0 0 0 0 0
587.0 -720.0 2492.4 0 0 0 0 0 0 0 0 0
602.0 -845.4 2709.8 0 0 0 0 0 0 0 0 0
706.0 517.5 2549.1 2 -0.5482991338 0.1625026166 -0.8203419447 0.0486924425 0.9854783416 0.1626697183 0.8348634839 0.0492472127 -0.5482496023
673.3 319.3 2539.2 -0.5482991338 0.1625026166 -0.8203419447 0.0486924425 0.9854783416 0.1626697183 0.8348634839 0.0492472127 -0.5482496023
638.7 124.1 2531.4 -0.5469419956 0.1696601063 -0.8197987080 0.0567415059 0.9845101833 0.1658917069 0.8352453709 0.0442165248 -0.5480967164
749.4 311.8 2422.7 0.3757052124 0.8990358710 0.2249001265 0.8601129651 -0.4286237061 0.2765634954 0.3450380266 0.0895331725 -0.9343085885
660.5 108.1 2341.0 0.4368653595 0.8990358710 -0.0297176652 0.8641352057 -0.4286237061 -0.2637271583 -0.2498378754 0.0895331725 -0.9641394615
597.2 326.8 2655.6 -0.7237192392 -0.5102439523 -0.4646305144 -0.6804171801 0.4152423739 0.6038262844 -0.1151644513 0.7531433105 -0.6476976871
394.5 136.3 2623.4 -0.2363529652 -0.5102439523 -0.8269149661 -0.9097028971 0.4152423739 0.0037924754 0.3414350450 0.7531433105 -0.5623142123
650.4 -86.9 2451.2 -0.6513054967 0.0564570986 -0.7567124367 0.0989689454 0.9950303435 -0.0109453620 0.7523338795 -0.0820198059 -0.6536562443
628.0 -482.2 2483.8 -0.6457645893 0.1702906489 -0.7443044782 0.1333670020 0.9849827886 0.1096455380 0.7517987490 -0.0284604561 -0.6587781310
553.9 -76.0 2606.6 -0.4767857790 -0.0440433398 0.8779154420 -0.2482526004 0.9648327827 -0.0864193141 -0.8432354331 -0.2591482997 -0.4709524214
571.5 -461.5 2710.1 -0.5019607544 -0.0739069805 0.8617268205 -0.0483866222 0.9971815348 0.0573389195 -0.8635358214 -0.0129141631 -0.5041221380
547.0 -116.3 2405.9 0 0 0 0 0 0 0 0 0
328.6 -117.5 2718.6 0 0 0 0 0 0 0 0 0
586.6 -721.4 2490.7 0 0 0 0 0 0 0 0 0
599.7 -842.0 2715.0 0 0 0 0 0 0 0 0 0
709.5 519.1 2539.9 3 -0.5281335711 0.1595820189 -0.8340314627 0.0588657744 0.9867001176 0.1515177935 0.8471184969 0.0309257265 -0.5305033922
677.4 320.7 2533.7 -0.5281335711 0.1595820189 -0.8340314627 0.0588657744 0.9867001176 0.1515177935 0.8471184969 0.0309257265 -0.5305033922
642.2 125.5 2528.3 -0.5271571279 0.1730821580 -0.8319543004 0.0646513551 0.9843685627 0.1638253629 0.8473048806 0.0325747430 -0.5301069021
750.7 312.1 2415.6 0.3857834637 0.8998169303 0.2037169337 0.8617544174 -0.4303051233 0.2687318921 0.3294699490 0.0718816593 -0.9414258003
659.4 108.1 2337.6 0.4330529273 0.8998169303 -0.0528642423 0.8610139489 -0.4303051233 -0.2710950375 -0.2666836679 0.0718816593 -0.9610998034
604.0 329.4 2651.9 -0.7278918624 -0.4914980531 -0.4781245291 -0.6793625951 0.4224078655 0.6000316739 -0.0929508433 0.7615781426 -0.6413726807
400.2 139.1 2625.8 -0.2305707783 -0.4914980531 -0.8398016095 -0.9064043760 0.4224078655 0.0016405185 0.3539324999 0.7615781426 -0.5428909063
655.2 -76.9 2446.1 -0.6329395771 0.0687663332 -0.7711411715 0.1125660911 0.9936370254 -0.0037849802 0.7659741640 -0.0892000124 -0.6366529465
627.8 -471.7 2481.5 -0.6303065419 0.1633181423 -0.7589735389 0.1290094405 0.9860638976 0.1050453410 0.7655522227 -0.0317039862 -0.6425921321
555.0 -66.4 2599.2 -0.4957235157 -0.0210821349 0.8682244420 -0.2875402570 0.9473072290 -0.1411722600 -0.8194991350 -0.3196319044 -0.4756644368
563.4 -443.1 2726.3 -0.5451019406 -0.0900696367 0.8335174918 0.0001346241 0.9942027926 0.1075212806 -0.8383697867 0.0587222688 -0.5419297218
546.9 -115.6 2406.8 0 0 0 0 0 0 0 0 0
335.9 -113.7 2724.6 0 0 0 0 0 0 0 0 0
586.5 -721.1 2489.5 0 0 0 0 0 0 0 0 0
597.7 -821.8 2703.9 0 0 0 0 0 0 0 0 0
707.3 517.4 2534.9 4 -0.5558030605 0.1555290073 -0.8166356087 0.0724018663 0.9876667261 0.1388252527 0.8281551600 0.0180335604 -0.5602087379
676.0 319.0 2531.2 -0.5558030605 0.1555290073 -0.8166356087 0.0724018663 0.9876667261 0.1388252527 0.8281551600 0.0180335604 -0.5602087379
641.1 123.7 2527.9 -0.5548672080 0.1712695211 -0.8141186237 0.0780508816 0.9849804044 0.1540184021 0.8282695413 0.0219170880 -0.5599010587
753.2 308.5 2415.7 0.3741397858 0.8972366452 0.2344904691 0.8675588965 -0.4279736280 0.2533380389 0.3276599050 0.1086504534 -0.9385275841
664.7 103.1 2338.1 0.4410527050 0.8972366452 -0.0209488999 0.8569957018 -0.4279736280 -0.2870486081 -0.2665161192 0.1086504534 -0.9576869011
598.8 329.5 2646.7 -0.7239845395 -0.5166330934 -0.4570958614 -0.6816835403 0.4343801737 0.5887455940 -0.1056120992 0.7378374338 -0.6666648388
396.1 138.6 2617.2 -0.2415297329 -0.5166330934 -0.8214339018 -0.9006907940 0.4343801737 -0.0083653387 0.3611364067 0.7378374338 -0.5702424049
656.1 -76.1 2444.1 -0.6579939723 0.0695480108 -0.7498046160 0.1237223297 0.9921789765 -0.0165436100 0.7427898049 -0.1036531702 -0.6614524126
628.5 -470.4 2485.3 -0.6580277085 0.1714827120 -0.7332074642 0.1235286593 0.9851151109 0.1195363253 0.7427921891 -0.0119139226 -0.6694160700
559.5 -64.2 2599.5 -0.4682903886 0.0049233153 0.8835608959 -0.2827453613 0.9465672970 -0.1551304460 -0.8371135592 -0.3224688470 -0.4418763220
557.5 -440.4 2727.7 -0.5227302909 -0.1027803794 0.8462796807 0.0135916853 0.9915746450 0.1288217157 -0.8523897529 0.0788413808 -0.5169290900
550.1 -119.5 2407.4 0 0 0 0 0 0 0 0 0
328.7 -112.7 2717.9 0 0 0 0 0 0 0 0 0
585.0 -720.1 2488.4 0 0 0 0 0 0 0 0 0
596.8 -818.7 2697.6 0 0 0 0 0 0 0 0 0
711.9 520.3 2540.3 5 -0.6164507270 0.1727164388 -0.7682171464 0.0713333488 0.9838839173 0.1639633179 0.7841556668 0.0462757982 -0.6188364029
677.3 323.2 2531.0 -0.6164507270 0.1727164388 -0.7682171464 0.0713333488 0.9838839173 0.1639633179 0.7841556668 0.0462757982 -0.6188364029
640.4 128.4 2523.6 -0.6150044799 0.1810689867 -0.7674525976 0.0793718398 0.9825500250 0.1682127267 0.7845187187 0.0425374582 -0.6186444759
763.0 312.6 2421.6 0.3587636650 0.8811686635 0.3079454303 0.8604516983 -0.4400787354 0.2568143308 0.3618170023 0.1728365272 -0.9160873294
678.0 108.8 2336.0 0.4703443050 0.8811686635 0.0481456853 0.8531432152 -0.4400787354 -0.2801381052 -0.2256610394 0.1728365272 -0.9587516189
591.7 333.9 2640.5 -0.7221347094 -0.5657072067 -0.3981166184 -0.6716845632 0.4358026683 0.5990958214 -0.1654125452 0.7000367045 -0.6946850419
389.5 145.8 2594.1 -0.2791046202 -0.5657072067 -0.7759355307 -0.9000221491 0.4358026683 0.0060103326 0.3347547054 0.7000367045 -0.6307835579
657.9 -79.3 2447.6 -0.7112682462 0.0808778182 -0.6982522607 0.1214770377 0.9925554395 -0.0087748216 0.6923444271 -0.0910628736 -0.7157979608
625.8 -473.8 2483.8 -0.7105548978 0.1599051952 -0.6852314472 0.1259261370 0.9870120883 0.0997486636 0.6922820210 -0.0154116526 -0.7214624882
556.2 -64.9 2599.5 -0.4068699479 0.0029895892 0.9134811759 -0.2672310770 0.9558586478 -0.1221545935 -0.8735241294 -0.2938116193 -0.3881112635
555.0 -444.8 2716.2 -0.4650499821 -0.1142466962 0.8778816462 0.0404466316 0.9878605008 0.1499854773 -0.8843600154 0.1052580997 -0.4547836185
555.9 -112.8 2394.6 0 0 0 0 0 0 0 0 0
311.7 -105.2 2687.5 0 0 0 0 0 0 0 0 0
585.9 -719.7 2487.7 0 0 0 0 0 0 0 0 0
598.6 -821.9 2676.0 0 0 0 0 0 0 0 0 0
714.2 515.0 2537.5 6 -0.6245004535 0.1804251969 -0.7598986030 0.0750021860 0.9823085070 0.1715943515 0.7774148583 0.0501666963 -0.6269844174
678.0 318.2 2527.5 -0.6245004535 0.1804251969 -0.7598986030 0.0750021860 0.9823085070 0.1715943515 0.7774148583 0.0501666963 -0.6269844174
640.1 123.6 2519.4 -0.6231723428 0.1861021668 -0.7596197724 0.0821180046 0.9814769626 0.1730883420 0.7777614594 0.0454854071 -0.6269116402
764.8 307.1 2419.0 0.3595730066 0.8767221570 0.3194768727 0.8580913544 -0.4451850057 0.2559093237 0.3665876985 0.1821222603 -0.9123842120
679.6 104.0 2332.2 0.4775894880 0.8767221570 0.0571532398 0.8506884575 -0.4451850057 -0.2795343101 -0.2196301669 0.1821222603 -0.9584331512
591.3 329.3 2636.0 -0.7240244746 -0.5709449649 -0.3870534301 -0.6674615741 0.4383424222 0.6019559503 -0.1740217954 0.6941741109 -0.6984544992
388.5 142.4 2587.2 -0.2878320217 -0.5709449649 -0.7688787580 -0.8987413645 0.4383424222 0.0109473020 0.3307818770 0.6941741109 -0.6393008828
660.8 -74.2 2443.3 -0.7179007530 0.0820661187 -0.6912913322 0.1280545443 0.9916496873 -0.0152607318 0.6842664480 -0.0994786844 -0.7224149704
628.2 -468.4 2482.8 -0.7178846002 0.1604800969 -0.6774125695 0.1281537712 0.9869017005 0.0979882181 0.6842647791 -0.0164687485 -0.7290476561
548.4 -59.5 2586.8 -0.9693528414 0.0176582523 0.2450371683 -0.0837311223 0.9139487743 -0.3970978856 -0.2309634835 -0.4054452181 -0.8844603300
541.4 -420.2 2746.8 -0.9693528414 -0.1328185797 0.2066742629 -0.0837311223 0.9695037603 0.2303291708 -0.2309634835 0.2059651762 -0.9509122968
555.6 -117.0 2389.3 0 0 0 0 0 0 0 0 0
308.2 -108.3 2679.5 0 0 0 0 0 0 0 0 0
587.3 -720.2 2487.0 0 0 0 0 0 0 0 0 0
591.9 -788.6 2668.5 0 0 0 0 0 0 0 0 0
710.1 515.1 2534.2 7 -0.6566784978 0.1681224406 -0.7351926565 0.0768085420 0.9846760631 0.1565679759 0.7502491474 0.0463457480 -0.6595287919
676.5 318.3 2524.9 -0.6566784978 0.1681224406 -0.7351926565 0.0768085420 0.9846760631 0.1565679759 0.7502491474 0.0463457480 -0.6595287919
640.4 123.3 2517.2 -0.6552706957 0.1767681688 -0.7344204187 0.0848416239 0.9833052158 0.1609743237 0.7506145835 0.0431723408 -0.6593284011
767.7 306.8 2420.2 0.3377791047 0.8717629313 0.3548727334 0.8644356728 -0.4364880323 0.2494578362 0.3723658025 0.2225029916 -0.9010195136
687.7 102.1 2332.0 0.4798918962 0.8717629313 0.0986567214 0.8522166610 -0.4364880323 -0.2884526551 -0.2083998471 0.2225029916 -0.9523980021
585.2 329.7 2629.6 -0.7112599015 -0.6022949815 -0.3624225855 -0.6747936606 0.4406288862 0.5920301080 -0.1968829036 0.6656477451 -0.7198265195
386.1 140.7 2574.5 -0.2945214510 -0.6022949815 -0.7419554591 -0.8976883292 0.4406288862 -0.0013479340 0.3277388811 0.6656477451 -0.6704478264
660.3 -79.1 2439.1 -0.7454168200 0.0871768370 -0.6608736515 0.1409366131 0.9896104932 -0.0284251254 0.6515294909 -0.1143298596 -0.7499586940
625.6 -472.5 2484.5 -0.7473965883 0.1553696394 -0.6459556222 0.1287245452 0.9877117276 0.0886316672 0.6517885923 -0.0169073418 -0.7582122087
546.1 -63.9 2581.6 -0.8623337746 0.0859195814 0.4989973009 -0.1278045624 0.9166540504 -0.3786968589 -0.4899453819 -0.3903372288 -0.7794808149
510.4 -445.0 2743.8 -0.8623337746 -0.2722815871 0.4268995523 -0.1278045624 0.9328544140 0.3368213773 -0.4899453819 0.2358927429 -0.8392306566
563.1 -119.2 2386.2 0 0 0 0 0 0 0 0 0
303.9 -109.7 2665.9 0 0 0 0 0 0 0 0 0
586.6 -720.2 2488.8 0 0 0 0 0 0 0 0 0
613.0 -796.7 2654.9 0 0 0 0 0 0 0 0 0
710.2 514.2 2534.0 8 -0.6619753838 0.1667868644 -0.7307329774 0.0761805400 0.9848504663 0.1557757407 0.7456440926 0.0474520773 -0.6646527052
676.9 317.5 2524.5 -0.6619753838 0.1667868644 -0.7307329774 0.0761805400 0.9848504663 0.1557757407 0.7456440926 0.0474520773 -0.6646527052
641.1 122.5 2516.6 -0.6605861187 0.1750436276 -0.7300587296 0.0841807276 0.9835764766 0.1596586257 0.7460157871 0.0440113954 -0.6644722819
768.8 306.1 2420.4 0.3339376152 0.8708273768 0.3607566059 0.8650662303 -0.4351405799 0.2496259660 0.3743609786 0.2287188470 -0.8986331820
689.8 101.3 2331.8 0.4800950289 0.8708273768 0.1056806669 0.8528304100 -0.4351405799 -0.2886744142 -0.2053996474 0.2287188470 -0.9515769482
584.9 328.8 2628.5 -0.7089008093 -0.6075360179 -0.3582730889 -0.6758977771 0.4400117397 0.5912291408 -0.2015486509 0.6612787843 -0.7225568891
386.4 139.6 2572.1 -0.2954917848 -0.6075360179 -0.7372818589 -0.8979880214 0.4400117397 -0.0026786216 0.3260400295 0.6612787843 -0.6755799055
665.3 -79.9 2439.9 -0.7498774529 0.1006626263 -0.6538737416 0.1427074373 0.9897004366 -0.0112976599 0.6460018754 -0.1017845050 -0.7565193176
625.3 -473.4 2480.4 -0.7497590184 0.1628884822 -0.6413491964 0.1434258223 0.9861911535 0.0828010589 0.6459802389 -0.0299051963 -0.7627680898
545.2 -64.4 2577.4 -0.8133802414 0.1240787879 0.5683458447 -0.1192122623 0.9207021594 -0.3716126680 -0.5693864822 -0.3700162172 -0.7340892553
489.9 -474.9 2742.4 -0.8133802414 -0.3577204347 0.4587467909 -0.1192122623 0.8743487000 0.4704283476 -0.5693864822 0.3279488683 -0.7538226247
565.1 -120.2 2385.1 0 0 0 0 0 0 0 0 0
303.9 -110.9 2663.1 0 0 0 0 0 0 0 0 0
585.1 -716.7 2487.7 0 0 0 0 0 0 0 0 0
624.4 -803.7 2619.1 0 0 0 0 0 0 0 0 0
708.8 516.4 2531.9 9 -0.6800081134 0.1585485488 -0.7158570290 0.0786321089 0.9864790440 0.1437917650 0.7289759517 0.0414902158 -0.6832807660
677.0 318.5 2523.6 -0.6800081134 0.1585485488 -0.7158570290 0.0786321089 0.9864790440 0.1437917650 0.7289759517 0.0414902158 -0.6832807660
642.8 123.2 2516.1 -0.6790893674 0.1670577824 -0.7147932053 0.0841954052 0.9850589633 0.1502330601 0.7292110920 0.0418393612 -0.6830085516
771.6 307.2 2421.8 0.3187005520 0.8680266738 0.3807357252 0.8697813153 -0.4274609983 0.2464905232 0.3767100275 0.2526001632 -0.8912253976
696.1 101.2 2332.6 0.4789840281 0.8680266738 0.1307824403 0.8549131155 -0.4274609983 -0.2939399183 -0.1992432922 0.2526001632 -0.9468343258
582.5 329.9 2625.3 -0.6990625262 -0.6264791489 -0.3447252512 -0.6821998358 0.4398513436 0.5840669274 -0.2142778933 0.6434708238 -0.7348675728
386.7 138.8 2565.3 -0.2970561981 -0.6264791489 -0.7206118703 -0.8979874849 0.4398513436 -0.0122187259 0.3246168792 0.6434708238 -0.6932309866
666.9 -80.8 2439.5 -0.7655209899 0.1095593125 -0.6340144873 0.1492289901 0.9887587428 -0.0093218731 0.6258660555 -0.1017494276 -0.7732650042
623.3 -473.9 2480.0 -0.7668341398 0.1506452411 -0.6239162087 0.1408062875 0.9878705740 0.0654622018 0.6262100339 -0.0376526788 -0.7787446380
545.7 -65.4 2576.3 -0.7905673385 0.1590170860 0.5913686752 -0.1106149852 0.9127297401 -0.3933049440 -0.6023019552 -0.3763482869 -0.7039846182
475.1 -471.1 2743.6 -0.7905673385 -0.3762851655 0.4831281304 -0.1106149852 0.8637113571 0.4916980863 -0.6023019552 0.3352792263 -0.7244447470
571.7 -120.8 2384.4 0 0 0 0 0 0 0 0 0
303.8 -111.7 2655.8 0 0 0 0 0 0 0 0 0
585.9 -719.0 2489.3 0 0 0 0 0 0 0 0 0
617.7 -798.5 2616.5 0 0 0 0 0 0 0 0 0
707.1 518.2 2538.8 0 -0.6799238324 0.1569996476 -0.7162783742 0.0685461983 0.9861416221 0.1510832757 0.7300719023 0.0536269695 -0.6812629104
675.6 320.3 2528.1 -0.6799238324 0.1569996476 -0.7162783742 0.0685461983 0.9861416221 0.1510832757 0.7300719023 0.0536269695 -0.6812629104
642.4 124.9 2519.1 -0.6788800359 0.1621418446 -0.7161228657 0.0749948546 0.9855244160 0.1520440876 0.7304092646 0.0495141670 -0.6812126637
770.2 310.2 2426.2 0.3146482110 0.8703792095 0.3787301779 0.8683604002 -0.4250771701 0.2554596364 0.3833363056 0.2484943867 -0.8895525932
695.7 104.6 2335.4 0.4745118022 0.8703792095 0.1314480603 0.8588646650 -0.4250771701 -0.2857637703 -0.1928472817 0.2484943867 -0.9492420554
581.1 330.4 2629.9 -0.6958088279 -0.6281308532 -0.3482838571 -0.6839883924 0.4315794408 0.5881317854 -0.2191115916 0.6474494338 -0.7299310565
386.3 138.8 2568.6 -0.2922627032 -0.6281308532 -0.7211338878 -0.9020155668 0.4315794408 -0.0103487819 0.3177269697 0.6474494338 -0.6927183867
671.9 -80.3 2441.0 -0.7643133402 0.1227611676 -0.6330519319 0.1527043283 0.9882451296 0.0072729611 0.6265033484 -0.0911109522 -0.7740751505
623.1 -473.2 2477.2 -0.7654955983 0.1457405239 -0.6267185807 0.1448577493 0.9880411029 0.0528301820 0.6269232035 -0.0503437743 -0.7774527669
547.3 -64.9 2574.7 -0.7504193187 0.1790009588 0.6362621188 -0.1106883883 0.9150023460 -0.3879674673 -0.6516278982 -0.3615651131 -0.6668221354
465.0 -485.8 2741.0 -0.7504193187 -0.4007078111 0.5256463289 -0.1106883883 0.8602306843 0.4977461696 -0.6516278982 0.3153353930 -0.6898874640
572.4 -118.4 2385.5 0 0 0 0 0 0 0 0 0
304.7 -112.8 2657.2 0 0 0 0 0 0 0 0 0
586.3 -722.6 2489.9 0 0 0 0 0 0 0 0 0
617.5 -813.2 2621.0 0 0 0 0 0 0 0 0 0
702.3 513.2 2534.8 1 -0.6851779222 0.1420467645 -0.7143905759 0.0753514916 0.9893605113 0.1244505271 0.7244676352 0.0314403623 -0.6885914207
673.8 314.7 2528.5 -0.6851779222 0.1420467645 -0.7143905759 0.0753514916 0.9893605113 0.1244505271 0.7244676352 0.0314403623 -0.6885914207
643.0 118.8 2522.5 -0.6847628951 0.1495597512 -0.7132542729 0.0781660005 0.9881420732 0.1321563870 0.7245618105 0.0347435661 -0.6883335114
769.1 304.2 2427.4 0.3012094796 0.8738566041 0.3816379309 0.8782496452 -0.4101235867 0.2459191084 0.3714167476 0.2611002028 -0.8909973502
697.8 96.3 2339.5 0.4651355147 0.8738566041 0.1415048540 0.8615410924 -0.4101235867 -0.2992417514 -0.2034598887 0.2611002028 -0.9436264038
578.4 325.3 2629.6 -0.6857478023 -0.6378720403 -0.3505270481 -0.6960588694 0.4339852929 0.5719780326 -0.2127251923 0.6362200975 -0.7416009307
386.4 130.3 2570.0 -0.2832278907 -0.6378720403 -0.7161712646 -0.9004052281 0.4339852929 -0.0304497126 0.3302308023 0.6362200975 -0.6972600222
672.4 -77.9 2442.3 -0.7712309361 0.1261796951 -0.6239242554 0.1465166509 0.9890275002 0.0189077500 0.6194640398 -0.0768330544 -0.7812560201
622.3 -471.1 2472.8 -0.7703723907 0.1417994797 -0.6216263175 0.1526009291 0.9876257181 0.0361716710 0.6190632582 -0.0669950917 -0.7824783325
550.2 -70.8 2581.2 -0.7370351553 0.1327863783 0.6626816988 -0.0845450610 0.9546931386 -0.2853299379 -0.6705455780 -0.2663246691 -0.6924159527
493.7 -477.2 2694.6 -0.7396023870 -0.1714009047 0.6508532763 -0.0702993572 0.9814130068 0.1785679013 -0.6693626046 0.0863146782 -0.7379047871
577.0 -127.5 2392.3 0 0 0 0 0 0 0 0 0
307.4 -120.8 2662.1 0 0 0 0 0 0 0 0 0
586.5 -720.2 2489.7 0 0 0 0 0 0 0 0 0
555.1 -829.2 2663.6 0 0 0 0 0 0 0 0 0
697.0 515.0 2541.3 2 -0.7115204334 0.1238389388 -0.6916665435 0.0478846952 0.9906042218 0.1281028241 0.7010319233 0.0580275357 -0.7107651234
672.2 316.4 2529.7 -0.7115204334 0.1238389388 -0.6916665435 0.0478846952 0.9906042218 0.1281028241 0.7010319233 0.0580275357 -0.7107651234
645.5 120.1 2519.1 -0.7109917402 0.1288206726 -0.6913002133 0.0520292670 0.9900195599 0.1309743524 0.7012729645 0.0571538359 -0.7105981112
771.2 309.6 2431.8 0.2707790434 0.8721172810 0.4075416028 0.8769695759 -0.3980757296 0.2691841424 0.3969925642 0.2845121622 -0.8726108670
707.1 101.9 2337.8 0.4549288750 0.8721172810 0.1801421046 0.8737664223 -0.3980757296 -0.2794064283 -0.1719649732 0.2845121622 -0.9431229234
573.2 323.3 2627.5 -0.6641166210 -0.6680498123 -0.3356465399 -0.7050216794 0.4102134109 0.5785061717 -0.2487842292 0.6208336353 -0.7434191108
387.2 125.9 2557.8 -0.2768196464 -0.6680498123 -0.6907100081 -0.9114464521 0.4102134109 -0.0314700939 0.3043621182 0.6208336353 -0.7224467397
676.1 -84.8 2449.1 -0.7932912111 0.1237171739 -0.5961402059 0.1357605010 0.9904291034 0.0248858891 0.5935133696 -0.0611905307 -0.8024945855
626.9 -478.5 2473.4 -0.7880430818 0.1611282229 -0.5941597223 0.1710008681 0.9844517112 0.0401691757 0.5913939476 -0.0699467883 -0.8033434153
551.6 -73.8 2584.5 -0.7124314904 0.1101815850 0.6930378079 -0.0947259739 0.9634580016 -0.2505506873 -0.6953188777 -0.2441488802 -0.6759607792
506.3 -470.1 2685.0 -0.7213231325 -0.0651287809 0.6895297170 -0.0043229130 0.9959728122 0.0895512998 -0.6925852299 0.0616146438 -0.7186997533
588.9 -125.0 2382.5 0 0 0 0 0 0 0 0 0
310.0 -128.4 2642.7 0 0 0 0 0 0 0 0 0
586.6 -724.6 2490.9 0 0 0 0 0 0 0 0 0
527.4 -793.8 2664.9 0 0 0 0 0 0 0 0 0
693.1 518.2 2555.0 3 -0.7239280343 0.1087329984 -0.6812527776 0.0184959695 0.9902051687 0.1383894831 0.6896275282 0.0875835940 -0.7188483477
671.3 320.1 2537.5 -0.7239280343 0.1087329984 -0.6812527776 0.0184959695 0.9902051687 0.1383894831 0.6896275282 0.0875835940 -0.7188483477
647.7 123.7 2521.7 -0.7232185006 0.1137237102 -0.6811915636 0.0248116981 0.9899906516 0.1389346868 0.6901734471 0.0835786164 -0.7188012600
772.0 317.0 2441.2 0.2516117096 0.8728553653 0.4181088507 0.8705421686 -0.3928816915 0.2963111401 0.4229041040 0.2894260287 -0.8587110639
712.4 110.9 2341.1 0.4452193379 0.8728553653 0.1997578591 0.8839687705 -0.3928816915 -0.2534622848 -0.1427547187 0.2894260287 -0.9464954734
570.6 323.2 2633.8 -0.6497699022 -0.6840571165 -0.3314587474 -0.7077765465 0.3854368329 0.5920226574 -0.2772209048 0.6192772388 -0.7346048355
388.7 125.0 2556.1 -0.2688160837 -0.6840571165 -0.6780883074 -0.9224439263 0.3854368329 -0.0231430735 0.2771914005 0.6192772388 -0.7346159816
685.2 -81.4 2443.6 -0.7984431982 0.1460354328 -0.5840908289 0.1598638594 0.9867369533 0.0281742811 0.5804584026 -0.0708794445 -0.8111991882
627.1 -473.6 2471.7 -0.7961953878 0.1583386958 -0.5839535594 0.1743933260 0.9842459559 0.0291000251 0.5793616176 -0.0786682889 -0.8112653494
555.4 -73.5 2573.4 -0.7031759620 0.1212512627 0.7006009221 -0.1204695329 0.9507881403 -0.2854628563 -0.7007358074 -0.2851316929 -0.6539642811
506.4 -457.7 2688.6 -0.7175201774 -0.0194925610 0.6962649226 0.0535450689 0.9951068163 0.0830385685 -0.6944766045 0.0968634039 -0.7129654288
596.8 -118.7 2378.2 0 0 0 0 0 0 0 0 0
313.7 -132.3 2633.5 0 0 0 0 0 0 0 0 0
586.9 -723.4 2491.7 0 0 0 0 0 0 0 0 0
512.3 -757.5 2659.4 0 0 0 0 0 0 0 0 0
690.6 523.5 2561.4 4 -0.7354744077 0.0953544676 -0.6708091497 0.0049163010 0.9907724857 0.1354465187 0.6775346994 0.0963195488 -0.7291565537
671.5 325.3 2542.1 -0.7354744077 0.0953544676 -0.6708091497 0.0049163010 0.9907724857 0.1354465187 0.6775346994 0.0963195488 -0.7291565537
650.0 128.8 2524.3 -0.7347705364 0.1026939675 -0.6704970002 0.0119566917 0.9902805090 0.1385694742 0.6782103777 0.0937998369 -0.7288568616
773.8 324.0 2447.5 0.2360908389 0.8717136979 0.4293906093 0.8692494631 -0.3869732022 0.3076639771 0.4343575835 0.3006108999 -0.8490974903
717.9 118.2 2344.7 0.4389119744 0.8717136979 0.2178794742 0.8893858790 -0.3869732022 -0.2434018105 -0.1278631836 0.3006108999 -0.9451370835
569.2 326.6 2636.7 -0.6381733418 -0.6979461312 -0.3249708116 -0.7115618587 0.3735357821 0.5951056480 -0.2939634323 0.6110174060 -0.7350124121
390.5 127.3 2554.4 -0.2643965483 -0.6979461312 -0.6655566692 -0.9273223877 0.3735357821 -0.0233293828 0.2648918927 0.6110174060 -0.7459825873
691.4 -75.2 2441.9 -0.8054440618 0.1569101065 -0.5715234876 0.1742234528 0.9843955040 0.0247310232 0.5664857030 -0.0796533376 -0.8202129602
629.1 -466.5 2473.6 -0.8066971302 0.1543136686 -0.5704621077 0.1663886756 0.9855630398 0.0313089788 0.5670577884 -0.0696615651 -0.8207269311
559.1 -71.5 2569.1 -0.9648786783 0.1374516934 0.2238663435 0.0492155775 0.9316834211 -0.3599219322 -0.2580444515 -0.3362632990 -0.9057262540
504.1 -444.4 2703.6 -0.9648786783 0.0047372566 0.2626531422 0.0492155775 0.9853937030 0.1630248874 -0.2580444515 0.1702258736 -0.9510185122
603.9 -112.8 2377.9 0 0 0 0 0 0 0 0 0
316.7 -131.4 2628.3 0 0 0 0 0 0 0 0 0
588.0 -728.7 2492.1 0 0 0 0 0 0 0 0 0
502.7 -735.1 2653.4 0 0 0 0 0 0 0 0 0
682.5 520.7 2554.6 5 -0.7904966474 0.0675855950 -0.6087259054 0.0124447970 0.9954600930 0.0943629816 0.6123399138 0.0670181513 -0.7877489328
669.0 322.1 2541.2 -0.7904966474 0.0675855950 -0.6087259054 0.0124447970 0.9954600930 0.0943629816 0.6123399138 0.0670181513 -0.7877489328
653.5 124.8 2527.7 -0.7904320955 0.0723257065 -0.6082648635 0.0133636668 0.9948046803 0.1009212956 0.6124039292 0.0716427788 -0.7872920632
779.1 320.6 2455.8 0.1785993874 0.8509917259 0.4938778579 0.8869665265 -0.3565229177 0.2935672998 0.4259020984 0.3856222034 -0.8184759617
736.8 110.6 2354.9 0.4285015762 0.8509917259 0.3036436737 0.8958904147 -0.3565229177 -0.2650883198 -0.1173320338 0.3856222034 -0.9151659608
559.0 323.6 2626.7 -0.5946501493 -0.7559736371 -0.2736696005 -0.7352674007 0.3736546338 0.5654768348 -0.3252276778 0.5374812484 -0.7780365348
392.5 117.7 2535.6 -0.2656145096 -0.7559736371 -0.5982915759 -0.9255445600 0.3736546338 -0.0612326488 0.2698446810 0.5374812484 -0.7989354134
697.0 -69.1 2443.5 -0.8535057902 0.1676974744 -0.4933613241 0.1788689941 0.9835582972 0.0248793624 0.4894218445 -0.0670123696 -0.8694685698
630.4 -460.0 2470.2 -0.8541046977 0.1558566988 -0.4961993992 0.1751261204 0.9845151901 0.0077937185 0.4897305369 -0.0802408233 -0.8681735992
562.4 -67.3 2568.2 -0.9384614229 0.1437121183 0.3140653074 0.0277147889 0.9377235770 -0.3462750316 -0.3442703485 -0.3162615001 -0.8840003014
505.1 -441.3 2694.3 -0.9380707145 0.0391731933 0.3442219794 0.0985570252 0.9827080965 0.1567524821 -0.3321292102 0.1809704155 -0.9257104993
625.5 -122.1 2385.4 0 0 0 0 0 0 0 0 0
318.4 -140.5 2610.9 0 0 0 0 0 0 0 0 0
588.0 -727.3 2491.9 0 0 0 0 0 0 0 0 0
491.8 -773.9 2633.1 0 0 0 0 0 0 0 0 0
683.9 523.8 2568.2 6 -0.8113283515 0.0710146651 -0.5802613497 -0.0025785565 0.9921497703 0.1250285655 0.5845850110 0.1029354483 -0.8047761321
669.7 325.4 2547.6 -0.8113283515 0.0710146651 -0.5802613497 -0.0025785565 0.9921497703 0.1250285655 0.5845850110 0.1029354483 -0.8047761321
655.1 128.2 2530.3 -0.8110224605 0.0674724579 -0.5811110139 0.0018074289 0.9936109781 0.1128450632 0.5850121975 0.0904695615 -0.8059627414
782.6 325.5 2466.0 0.1617743671 0.8380895257 0.5209942460 0.8801155686 -0.3613278270 0.3079591095 0.4463470280 0.4087152779 -0.7960692048
744.3 117.1 2360.3 0.4301595390 0.8380895257 0.3355126381 0.8984773755 -0.3613278270 -0.2493603677 -0.0877562538 0.4087152779 -0.9084330797
556.8 325.2 2629.2 -0.5813937783 -0.7748632431 -0.2481294423 -0.7308505177 0.3633503020 0.5777837634 -0.3575454652 0.5172654390 -0.7775588036
393.9 120.6 2529.1 -0.2725355029 -0.7748632431 -0.5703607202 -0.9303591251 0.3633503020 -0.0490758084 0.2452677786 0.5172654390 -0.8199269772
711.2 -73.9 2457.8 -0.8641083241 0.2075468600 -0.4585205615 0.2012212723 0.9775017500 0.0632478893 0.4613315761 -0.0376110636 -0.8864302635
628.8 -462.0 2472.7 -0.8698289394 0.1498808861 -0.4700354338 0.1671325862 0.9859212637 0.0050932006 0.4641813338 -0.0741280243 -0.8826328516
566.8 -72.0 2569.8 -0.9250167608 0.1568085551 0.3460564911 0.0386482254 0.9449639320 -0.3248838782 -0.3779554367 -0.2871485651 -0.8801678419
504.4 -448.1 2684.1 -0.9242215157 0.0399736874 0.3797588050 0.0935133696 0.9879167080 0.1235952750 -0.3702295125 0.1497419327 -0.9167919159
632.6 -116.3 2383.1 0 0 0 0 0 0 0 0 0
317.9 -138.9 2597.5 0 0 0 0 0 0 0 0 0
588.1 -729.6 2492.8 0 0 0 0 0 0 0 0 0
492.1 -750.8 2638.2 0 0 0 0 0 0 0 0 0
708.1 534.3 2583.0 7 -0.8068189025 0.1449982822 -0.5727291703 0.0275363419 0.9775906205 0.2087061852 0.5901567340 0.1526172310 -0.7927313447
679.3 339.9 2552.6 -0.8068189025 0.1449982822 -0.5727291703 0.0275363419 0.9775906205 0.2087061852 0.5901567340 0.1526172310 -0.7927313447
655.5 144.4 2529.2 -0.8077221513 0.1140920594 -0.5784184933 0.0206911974 0.9859778285 0.1655885875 0.5892001390 0.1217813939 -0.7987568378
791.7 337.2 2470.4 0.0796795711 0.9738966823 0.2125473469 0.9346070886 -0.1471372247 0.3238213360 0.3466421664 0.1728463173 -0.9219346046
768.1 60.5 2367.7 0.1782994270 0.9738966823 0.1404796392 0.9671199918 -0.1471372247 -0.2074356079 -0.1813510656 0.1728463173 -0.9681094885
566.8 342.5 2634.9 -0.6162598133 -0.7550127506 -0.2240079790 -0.6911631227 0.3821537495 0.6133938432 -0.3775146902 0.5328360796 -0.7573429942
394.3 149.0 2529.2 -0.3146452010 -0.7550127506 -0.5752861500 -0.9240906239 0.3821537495 0.0038758391 0.2169214636 0.5328360796 -0.8179430366
715.9 -69.3 2458.9 -0.8553645015 0.2199642807 -0.4690067470 0.2121723592 0.9747087955 0.0701832548 0.4725828171 -0.0394780040 -0.8804016113
628.5 -456.5 2474.6 -0.8645048738 0.1450823694 -0.4812301099 0.1588666737 0.9872242212 0.0122349048 0.4768570960 -0.0658742934 -0.8765089512
567.5 -69.2 2566.1 -0.9346377850 0.1462472975 0.3241357207 0.0339945592 0.9440862536 -0.3279412687 -0.3539726138 -0.2954874337 -0.8873503208
509.3 -444.7 2683.6 -0.9336184263 0.0474958532 0.3551066816 0.1039788201 0.9844329953 0.1417040527 -0.3428483903 0.1692210883 -0.9240233898
723.6 -181.2 2413.0 0 0 0 0 0 0 0 0 0
306.5 -108.8 2589.7 0 0 0 0 0 0 0 0 0
588.4 -729.3 2492.8 0 0 0 0 0 0 0 0 0
496.0 -719.9 2636.3 0 0 0 0 0 0 0 0 0
705.7 547.6 2566.9 8 -0.8063478470 0.1182926074 -0.5794911385 0.0520528331 0.9901862741 0.1296983212 0.5891464949 0.0744178072 -0.8045920730
682.0 348.9 2552.0 -0.8063478470 0.1182926074 -0.5794911385 0.0520528331 0.9901862741 0.1296983212 0.5891464949 0.0744178072 -0.8045920730
659.9 152.4 2537.9 -0.8074920774 0.1053016409 -0.5804033875 0.0419106744 0.9916924238 0.1216124967 0.5883876085 0.0738760382 -0.8051970601
794.4 343.3 2469.8 0.0363370776 0.9775887132 0.2073643059 0.9638115168 -0.0891190767 0.2512472272 0.2640965879 0.1907305121 -0.9454495311
783.0 41.5 2387.1 -0.0195458122 0.9839953780 0.1771186590 0.9889030457 0.0451212153 -0.1415444016 -0.1472708434 0.1723865867 -0.9739580154
569.5 354.6 2634.1 -0.6102660298 -0.7580714822 -0.2300065458 -0.7140861750 0.4006843567 0.5740496516 -0.3430106044 0.5145674944 -0.7858524323
398.6 154.6 2538.0 -0.3061827421 -0.7580714822 -0.5758296847 -0.9153071046 0.4006843567 -0.0408039726 0.2616582811 0.5145674944 -0.8165507913
706.8 -53.1 2451.1 -0.8641659617 0.1923763752 -0.4649823010 0.1920652688 0.9801791906 0.0485761724 0.4651108980 -0.0473290756 -0.8839863539
630.4 -442.5 2469.9 -0.8688000441 0.1433058232 -0.4739725590 0.1628649384 0.9866483212 -0.0002207089 0.4676125944 -0.0773852617 -0.8805395961
558.8 -49.4 2559.1 -0.9353568554 0.1195542216 0.3328878880 0.0068690334 0.9471065998 -0.3208455443 -0.3536387682 -0.2978184521 -0.8867039084
511.3 -425.9 2677.5 -0.9347358346 0.0514252372 0.3516025245 0.1020226181 0.9866522551 0.1269199401 -0.3403825462 0.1545080245 -0.9275057912
788.1 -213.9 2425.2 0 0 0 0 0 0 0 0 0
313.2 -100.7 2611.0 0 0 0 0 0 0 0 0 0
589.0 -727.2 2492.2 0 0 0 0 0 0 0 0 0
497.1 -698.6 2634.8 0 0 0 0 0 0 0 0 0
685.6 544.5 2558.8 9 -0.8212615252 0.0923973769 -0.5630206466 0.0554966144 0.9950572848 0.0823476911 0.5678464770 0.0363832526 -0.8223299980
667.0 343.9 2551.5 -0.8212615252 0.0923973769 -0.5630206466 0.0554966144 0.9950572848 0.0823476911 0.5678464770 0.0363832526 -0.8223299980
647.1 146.7 2544.1 -0.8213549852 0.0940858796 -0.5626045465 0.0544997156 0.9947350025 0.0867872611 0.5678079128 0.0406213626 -0.8221582174
781.4 336.6 2472.2 -0.0564708561 0.9722674489 0.2269515991 0.9756575227 0.0054937219 0.2192310840 0.2119044513 0.2338072062 -0.9489102960
798.7 37.2 2407.2 -0.1434425265 0.9618301988 0.2330384701 0.9792632461 0.1719848365 -0.1070733145 -0.1430654228 0.2128471434 -0.9665548801
552.6 351.2 2630.8 -0.5952627659 -0.7736511230 -0.2170858085 -0.7321565151 0.4109047353 0.5432349443 -0.3310727179 0.4823082983 -0.8110299706
