705.2 297.8 2476.9  0.9688876271 0.1147057563 -0.2193156034 -0.1224242002 0.9922364950 -0.0218865070 0.2151024342 0.0480551049 0.9754084349
682.6 102.2 2467.4 0.9688876271 0.1147057563 -0.2193156034 -0.1224242002 0.9922364950 -0.0218865070 0.2151024342 0.0480551049 0.9754084349
663.1 -90.7 2457.2 0.9702845812 0.1004785597 -0.2201177776 -0.1095325276 0.9935516119 -0.0292893108 0.2157554328 0.0525290258 0.9750334620
550.1 117.2 2437.9 0.4510596991 -0.3280058205 -0.8300345540 0.8153475523 0.5296820402 0.2337633371 0.3629786372 -0.7822078466 0.5063569546
449.1 -65.2 2356.7 -0.9330590963 -0.3280058205 0.1476918757 -0.3111054599 0.5296820402 -0.7890819907 0.1805937439 -0.7822078466 -0.5962690711
815.2 87.3 2496.9 0.5777662396 0.4639942050 0.6714875698 -0.6106259227 0.7916243076 -0.0216088034 -0.5415922403 -0.3975428641 0.7407007217
920.7 -24.3 2397.9 -0.6731993556 0.4639942050 0.5757707953 0.0234210268 0.7916243076 -0.6105591059 -0.7390900254 -0.3975428641 -0.5437881947
556.7 -275.1 2429.4 0.9848974347 -0.0437677018 -0.1675154716 0.0307283942 0.9963486791 -0.0796557814 0.1703901589 0.0733052939 0.9826461673
573.7 -661.7 2401.0 0.9781772494 0.1180986315 -0.1709443331 -0.1170227006 0.9929939508 0.0163929090 0.1716826558 0.0039691972 0.9851443172
730.5 -296.3 2466.5 0.4143868685 0.1506702453 0.8975421786 -0.0723638460 0.9885331988 -0.1325351745 -0.9072193503 -0.0100287693 0.4205382466
672.0 -680.0 2470.4 0.4126223326 -0.0821207240 0.9071929455 -0.0497573987 0.9924089909 0.1124660000 -0.9095422029 -0.0915455446 0.4054040015
691.3 15.5 2309.8 0 0 0 0 0 0 0 0 0
760.6 -18.8 2222.1 0 0 0 0 0 0 0 0 0
529.8 -1031.2 2399.5 0 0 0 0 0 0 0 0 0
702.7 -1050.2 2504.6 0 0 0 0 0 0 0 0 0
702.0 293.5 2478.9  0.9672688842 0.1065641120 -0.2302932739 -0.1173719987 0.9925156236 -0.0337123759 0.2249771506 0.0596389137 0.9725371599
681.0 97.8 2467.2 0.9672688842 0.1065641120 -0.2302932739 -0.1173719987 0.9925156236 -0.0337123759 0.2249771506 0.0596389137 0.9725371599
662.3 -95.0 2455.5 0.9682953954 0.0961568579 -0.2305600345 -0.1073154286 0.9935612082 -0.0363259278 0.2255825251 0.0599168763 0.9723798037
548.7 112.5 2436.3 0.4760243893 -0.3397421539 -0.8111572266 0.8109789491 0.5263575315 0.2554620802 0.3401674926 -0.7794376016 0.5260827541
444.4 -65.2 2361.8 -0.9334751964 -0.3397421539 0.1148883775 -0.2899445891 0.5263575315 -0.7992995977 0.2110833973 -0.7794376016 -0.5898481011
813.2 83.2 2498.0 0.5933194757 0.4731955826 0.6511973143 -0.6092392802 0.7927100062 -0.0209357850 -0.5261173248 -0.3843133748 0.7586196661
920.4 -26.9 2402.9 -0.6676062346 0.4731955826 0.5747937560 0.0380406007 0.7927100062 -0.6084108353 -0.7435420752 -0.3843133748 -0.5472187996
556.7 -273.0 2428.3 0.9832535386 -0.0375213213 -0.1783385128 0.0243842881 0.9968632460 -0.0752932578 0.1806042045 0.0696837008 0.9810842276
571.3 -659.9 2401.2 0.9791581035 0.0916923136 -0.1812235713 -0.0884042680 0.9957411885 0.0261558611 0.1828500628 -0.0095897848 0.9830940366
730.5 -293.3 2466.3 0.4246608317 0.1526670605 0.8923878074 -0.0637437850 0.9882755876 -0.1387374848 -0.9031057358 0.0020321950 0.4294134974
671.3 -677.0 2465.5 0.4261856675 -0.0861630365 0.9005230069 -0.0805336088 0.9878876805 0.1326358914 -0.9010438919 -0.1290498823 0.4140845537
686.8 10.1 2307.0 0 0 0 0 0 0 0 0 0
762.0 -17.9 2226.5 0 0 0 0 0 0 0 0 0
537.1 -1030.8 2404.8 0 0 0 0 0 0 0 0 0
703.4 -1045.4 2513.7 0 0 0 0 0 0 0 0 0
705.1 295.8 2486.9  0.9682112932 0.1058249772 -0.2266451269 -0.1216638610 0.9909301996 -0.0570546165 0.2185516953 0.0828154460 0.9723048806
684.2 99.8 2470.6 0.9682112932 0.1058249772 -0.2266451269 -0.1216638610 0.9909301996 -0.0570546165 0.2185516953 0.0828154460 0.9723048806
665.7 -92.8 2455.0 0.9693173766 0.0952694789 -0.2266000360 -0.1107557192 0.9922341108 -0.0566099472 0.2194470763 0.0799702555 0.9723413587
551.8 114.9 2440.6 0.4850373268 -0.3384978473 -0.8063237667 0.8045057058 0.5341587067 0.2597018182 0.3427963257 -0.7746571302 0.5314103365
442.6 -66.2 2363.4 -0.9373430014 -0.3384978473 0.0825062618 -0.2636000216 0.5341587067 -0.8032369018 0.2278225273 -0.7746571302 -0.5899179578
816.6 84.6 2500.5 0.5777899623 0.4924314022 0.6508994102 -0.6260666847 0.7790439129 -0.0336313769 -0.5236403942 -0.3880745769 0.7584186792
920.7 -28.1 2406.3 -0.6613720059 0.4924314022 0.5657724142 0.0450916253 0.7790439129 -0.6253457069 -0.7487013936 -0.3880745769 -0.5374423862
556.9 -277.9 2424.0 0.9841411114 -0.0260842852 -0.1754592359 0.0157876685 0.9980839491 -0.0598259382 0.1766835600 0.0561070740 0.9826672673
567.0 -665.3 2402.2 0.9817339182 0.0694543496 -0.1771288365 -0.0644804314 0.9973500967 0.0336911306 0.1789994538 -0.0216543805 0.9836108088
730.4 -297.5 2464.1 0.4184314311 0.1529614329 0.8952753544 -0.0618943423 0.9882271886 -0.1399146169 -0.9061369896 0.0031321985 0.4229727685
671.0 -681.2 2462.9 0.4211359918 -0.0931752771 0.9021989107 -0.0888733044 0.9856833816 0.1432822347 -0.9026328325 -0.1405226886 0.4068259299
686.1 2.3 2304.2 0 0 0 0 0 0 0 0 0
764.6 -17.5 2229.6 0 0 0 0 0 0 0 0 0
541.2 -1037.1 2410.3 0 0 0 0 0 0 0 0 0
705.8 -1048.9 2515.3 0 0 0 0 0 0 0 0 0
704.9 297.5 2491.5  0.9642770290 0.1086788103 -0.2415754795 -0.1279173195 0.9896269441 -0.0653884932 0.2319632620 0.0939543098 0.9681764245
683.4 101.7 2472.9 0.9642770290 0.1086788103 -0.2415754795 -0.1279173195 0.9896269441 -0.0653884932 0.2319632620 0.0939543098 0.9681764245
664.6 -90.6 2455.2 0.9655305743 0.0968741477 -0.2415907383 -0.1158379689 0.9911037683 -0.0655355230 0.2330927849 0.0912619308 0.9681627154
551.5 117.6 2441.0 0.4871981442 -0.2929790914 -0.8226792812 0.8013934493 0.5243073702 0.2878719866 0.3469963670 -0.7995405197 0.4902330935
441.8 -62.8 2363.0 -0.9541787505 -0.2929790914 0.0608786941 -0.2135804743 0.5243073702 -0.8243088722 0.2095861137 -0.7995405197 -0.5628575683
815.3 85.9 2504.7 0.5554835200 0.4789024591 0.6797724366 -0.6110889316 0.7895171046 -0.0568600185 -0.5639223456 -0.3838165700 0.7312157154
917.6 -26.7 2400.8 -0.6650553942 0.4789024591 0.5730216503 0.0409047492 0.7895171046 -0.6123638749 -0.7456729412 -0.3838165700 -0.5446619987
560.4 -275.3 2420.0 0.9808107615 -0.0352336504 -0.1917520761 0.0298280865 0.9990740418 -0.0310052335 0.1926669478 0.0246906690 0.9809535146
574.0 -662.9 2410.4 0.9743570089 0.1165699884 -0.1924574524 -0.1206872687 0.9926425219 -0.0097692162 0.1899026483 0.0327458680 0.9812566638
734.0 -295.3 2459.2 0.4250006378 0.1727903634 0.8885482550 -0.0965091959 0.9846664071 -0.1453206390 -0.9000335932 -0.0239917114 0.4351596832
667.0 -677.4 2468.5 0.4217005670 -0.1035073996 0.9008078575 -0.0626895055 0.9877576232 0.1428455859 -0.9045654535 -0.1167092696 0.4100491405
689.5 -7.3 2308.6 0 0 0 0 0 0 0 0 0
763.1 -17.2 2227.6 0 0 0 0 0 0 0 0 0
530.7 -1032.3 2398.3 0 0 0 0 0 0 0 0 0
705.6 -1045.9 2512.0 0 0 0 0 0 0 0 0 0
700.1 300.7 2492.7  0.9585011005 0.1051139012 -0.2650032043 -0.1239795238 0.9907342196 -0.0554505326 0.2567191124 0.0860043690 0.9626518488
679.3 104.7 2475.7 0.9585011005 0.1051139012 -0.2650032043 -0.1239795238 0.9907342196 -0.0554505326 0.2567191124 0.0860043690 0.9626518488
661.3 -87.8 2459.0 0.9597293139 0.0923220292 -0.2653228641 -0.1116449684 0.9920152426 -0.0586609319 0.2577886581 0.0859205797 0.9623734355
548.2 120.0 2440.5 0.4783112407 -0.2545547783 -0.8404880762 0.8018831015 0.5168102980 0.2998176813 0.3580528796 -0.8173793554 0.4513193369
441.6 -58.8 2360.7 -0.9659123421 -0.2545547783 0.0470656864 -0.1770126820 0.5168102980 -0.8375999331 0.1888910234 -0.8173793554 -0.5442528725
810.3 89.5 2510.9 0.5590009689 0.4639279544 0.6872326732 -0.6086871624 0.7924104929 -0.0398186035 -0.5630433559 -0.3960510790 0.7253452539
918.2 -28.0 2402.3 -0.6697042584 0.4639279544 0.5798853636 0.0210677776 0.7924104929 -0.6096242666 -0.7423290014 -0.3960510790 -0.5404546261
559.3 -272.5 2416.6 0.9761095047 -0.0273074303 -0.2155562937 0.0203889534 0.9992051125 -0.0342549607 0.2163203657 0.0290416256 0.9758903980
569.9 -660.3 2405.4 0.9714084268 0.0970258191 -0.2166833878 -0.0954677835 0.9952756166 0.0176719800 0.2173743397 0.0035195739 0.9760819674
732.3 -293.4 2458.3 0.4484438300 0.1680777222 0.8778656125 -0.0961046815 0.9855334163 -0.1395984441 -0.8886292577 -0.0217649322 0.4581094682
667.0 -675.9 2466.8 0.4442934096 -0.1081758589 0.8893263340 -0.0546854325 0.9875574112 0.1474444568 -0.8942107558 -0.1141417995 0.4328495860
692.3 -12.8 2311.7 0 0 0 0 0 0 0 0 0
760.4 -23.0 2227.4 0 0 0 0 0 0 0 0 0
533.7 -1031.0 2404.1 0 0 0 0 0 0 0 0 0
707.4 -1044.4 2509.4 0 0 0 0 0 0 0 0 0
695.2 299.6 2485.8 0 0.9512500763 0.0928964764 -0.2940979004 -0.1074448973 0.9936408401 -0.0336664245 0.2891001999 0.0636245087 0.9551821947
676.8 103.4 2473.3 0.9512500763 0.0928964764 -0.2940979004 -0.1074448973 0.9936408401 -0.0336664245 0.2891001999 0.0636245087 0.9551821947
661.0 -89.6 2460.9 0.9522141814 0.0812980905 -0.2944126725 -0.0964405239 0.9946411252 -0.0372592919 0.2898058593 0.0638721362 0.9549517632
546.8 116.5 2433.7 0.4831246138 -0.2156346440 -0.8485825062 0.8009378314 0.5003539324 0.3288532794 0.3536794484 -0.8385390043 0.4144432545
442.6 -56.3 2357.4 -0.9747751951 -0.2156346440 0.0575760342 -0.1609349996 0.5003539324 -0.8507325649 0.1546390206 -0.8385390043 -0.5224357843
806.8 90.3 2512.8 0.5677860379 0.4292584956 0.7023931146 -0.5909323096 0.8065771461 -0.0152435694 -0.5730776787 -0.4064117074 0.7116259933
916.7 -24.1 2401.9 -0.6826965809 0.4292584956 0.5913227201 -0.0048427065 0.8065771461 -0.5911090374 -0.7306859493 -0.4064117074 -0.5485686660
557.5 -270.3 2419.3 0.9691044688 -0.0320162624 -0.2445638776 0.0245954543 0.9991414547 -0.0333377570 0.2454212606 0.0262926091 0.9690598845
569.9 -658.2 2409.1 0.9664292336 0.0757088512 -0.2455254644 -0.0777803808 0.9969696999 0.0012634253 0.2448771000 0.0178760514 0.9693893194
729.4 -290.4 2465.5 0.4820543826 0.1589373201 0.8616046309 -0.0793853700 0.9872866273 -0.1377065778 -0.8725374341 -0.0020167464 0.4885431230
667.7 -673.5 2466.2 0.4811262488 -0.1001665816 0.8709099889 -0.0700405389 0.9858828783 0.1520832926 -0.8738488555 -0.1341702640 0.4673183858
695.7 -14.5 2317.3 0 0 0 0 0 0 0 0 0
758.7 -25.3 2232.7 0 0 0 0 0 0 0 0 0
541.7 -1029.8 2402.5 0 0 0 0 0 0 0 0 0
705.1 -1041.4 2516.3 0 0 0 0 0 0 0 0 0
693.8 298.9 2491.4 1 0.9584552646 0.0729674995 -0.2757521570 -0.0907382518 0.9945042729 -0.0522283018 0.2704257369 0.0750797614 0.9598088264
679.4 103.0 2476.6 0.9584552646 0.0729674995 -0.2757521570 -0.0907382518 0.9945042729 -0.0522283018 0.2704257369 0.0750797614 0.9598088264
666.6 -90.1 2462.4 0.9589694142 0.0657592416 -0.2757777274 -0.0833639055 0.9951303005 -0.0525946245 0.2709761560 0.0734265447 0.9597814679
548.5 114.3 2439.6 0.4895401001 -0.1910786480 -0.8507875204 0.7770820856 0.5382445455 0.3262457252 0.3955931664 -0.8208420873 0.4119760692
442.8 -53.5 2354.2 -0.9796202779 -0.1910786480 0.0619114488 -0.1573142856 0.5382445455 -0.8279764652 0.1248851269 -0.8208420873 -0.5573346615
810.4 91.6 2513.6 0.5599164963 0.4232020974 0.7123155594 -0.5975748897 0.8017856479 -0.0066337269 -0.5739318132 -0.4219475687 0.7018280029
919.8 -25.2 2401.4 -0.6907232404 0.4232020974 0.5863457918 -0.0158762243 0.8017856479 -0.5974007845 -0.7229449153 -0.4219475687 -0.5470931530
559.9 -274.0 2422.7 0.9732486010 -0.0400979817 -0.2262285501 0.0325316451 0.9987827539 -0.0370766446 0.2274398655 0.0287252069 0.9733683467
575.5 -661.7 2411.5 0.9619700909 0.1519857049 -0.2269666344 -0.1600879878 0.9869455695 -0.0176160168 0.2213263214 0.0532807112 0.9737432003
730.4 -291.2 2474.5 0.4679198563 0.1623824090 0.8687248826 -0.0548898876 0.9864172935 -0.1548162699 -0.8820647001 0.0247573890 0.4704773724
667.4 -674.0 2464.9 0.4693384469 -0.1021294296 0.8770923615 -0.0681822225 0.9861319661 0.1513108909 -0.8803820610 -0.1308181286 0.4558662176
697.3 -12.7 2321.7 0 0 0 0 0 0 0 0 0
756.4 -28.9 2230.4 0 0 0 0 0 0 0 0 0
519.0 -1028.6 2391.7 0 0 0 0 0 0 0 0 0
705.5 -1042.1 2513.7 0 0 0 0 0 0 0 0 0
692.3 300.5 2493.2 2 0.9584385157 0.0637215227 -0.2780919969 -0.0840462744 0.9945451021 -0.0617754497 0.2726385891 0.0825805664 0.9585659504
679.7 104.5 2476.9 0.9584385157 0.0637215227 -0.2780919969 -0.0840462744 0.9945451021 -0.0617754497 0.2726385891 0.0825805664 0.9585659504
668.7 -88.7 2461.4 0.9588933587 0.0567049235 -0.2780433297 -0.0765315071 0.9952011704 -0.0609715991 0.2732516527 0.0797443315 0.9586315155
548.7 114.9 2439.6 0.4926846027 -0.2230590135 -0.8411340714 0.7763295770 0.5493695140 0.3090396821 0.3931593299 -0.8052563667 0.4438332021
442.3 -52.9 2354.6 -0.9733849764 -0.2230590135 0.0525961071 -0.1700969487 0.5493695140 -0.8180832267 0.1535861343 -0.8052563667 -0.5726897120
810.7 94.0 2514.2 0.5973095894 0.4374805093 0.6721845269 -0.6104934216 0.7915499210 0.0273226872 -0.5201144814 -0.4266843498 0.7398793101
930.0 -28.0 2410.3 -0.6987644434 0.4374805093 0.5659850240 0.0005893789 0.7915499210 -0.6111042500 -0.7153515816 -0.4266843498 -0.5533648133
568.0 -275.8 2423.8 0.9732743502 -0.0220841654 -0.2285810411 0.0114647616 0.9987967610 -0.0476821475 0.2293590307 0.0437871851 0.9723564982
576.5 -663.4 2406.8 0.9657643437 0.1208199635 -0.2295686603 -0.1187752932 0.9926603436 0.0227567703 0.2306331694 0.0052894070 0.9730263948
739.7 -290.7 2472.4 0.4658348858 0.1827690601 0.8657906055 -0.0750216544 0.9830710292 -0.1671619713 -0.8816856742 0.0129168341 0.4716604054
668.8 -672.1 2467.3 0.4663195908 -0.0812864900 0.8808737397 -0.0808151215 0.9876906872 0.1339256465 -0.8809171319 -0.1336400658 0.4540103078
695.2 -8.7 2314.7 0 0 0 0 0 0 0 0 0
758.7 -27.8 2234.8 0 0 0 0 0 0 0 0 0
531.6 -1032.6 2404.9 0 0 0 0 0 0 0 0 0
699.1 -1040.7 2517.2 0 0 0 0 0 0 0 0 0
689.8 304.6 2493.6 3 0.9565127492 0.0556048565 -0.2863415182 -0.0767395198 0.9950515032 -0.0631156713 0.2814150155 0.0823446512 0.9560465217
678.9 108.0 2477.3 0.9565127492 0.0556048565 -0.2863415182 -0.0767395198 0.9950515032 -0.0631156713 0.2814150155 0.0823446512 0.9560465217
669.1 -85.2 2461.8 0.9568185210 0.0502739139 -0.2863055170 -0.0709908009 0.9955208302 -0.0624388605 0.2818840444 0.0800677165 0.9561017156
548.2 117.7 2438.8 0.4860678315 -0.2341574878 -0.8419669271 0.7783640623 0.5540468097 0.2952651680 0.3973505497 -0.7988756895 0.4515641034
441.6 -52.9 2351.7 -0.9706146717 -0.2341574878 0.0554746762 -0.1801149547 0.5540468097 -0.8127673268 0.1595799774 -0.7988756895 -0.5799412131
809.6 98.3 2515.8 0.5775073767 0.4942737222 0.6497527957 -0.6419033408 0.7666804790 -0.0126911104 -0.5044257045 -0.4097492993 0.7600396276
926.1 -31.2 2414.0 -0.6686916947 0.4942737222 0.5554682016 0.0341382138 0.7666804790 -0.6411205530 -0.7427556515 -0.4097492993 -0.5295464993
571.8 -275.0 2421.5 0.9714810252 -0.0036747728 -0.2370887548 -0.0074900240 0.9989053607 -0.0461732820 0.2369989157 0.0466322675 0.9703900814
573.2 -662.7 2403.4 0.9660838842 0.1040194109 -0.2363511473 -0.0948945805 0.9942463040 0.0496920981 0.2401601970 -0.0255782939 0.9703962207
743.5 -288.7 2470.4 0.4727230370 0.1970803887 0.8588901162 -0.0800839365 0.9802449346 -0.1808491349 -0.8775645494 0.0167082492 0.4791673422
667.0 -669.1 2463.9 0.4722043574 -0.0953308120 0.8763190508 -0.0746446028 0.9862396717 0.1475108117 -0.8783229589 -0.1350677311 0.4585907459
694.0 -6.1 2310.2 0 0 0 0 0 0 0 0 0
763.6 -22.9 2233.6 0 0 0 0 0 0 0 0 0
534.4 -1032.9 2412.9 0 0 0 0 0 0 0 0 0
702.6 -1037.2 2514.3 0 0 0 0 0 0 0 0 0
686.8 306.4 2496.8 4 0.9523490667 0.0556115098 -0.2998976707 -0.0798245221 0.9944116473 -0.0690904707 0.2943795323 0.0897374377 0.9514662027
675.8 110.2 2479.1 0.9523490667 0.0556115098 -0.2998976707 -0.0798245221 0.9944116473 -0.0690904707 0.2943795323 0.0897374377 0.9514662027
666.4 -83.0 2462.4 0.9527587295 0.0486405678 -0.2998080552 -0.0720062852 0.9951255918 -0.0673802420 0.2950692773 0.0857851803 0.9516170621
545.7 120.0 2438.8 0.4692319334 -0.2651327848 -0.8423336744 0.7905644178 0.5511487722 0.2669137716 0.3934835494 -0.7911635041 0.4682211578
442.0 -54.6 2351.8 -0.9617523551 -0.2651327848 0.0688255131 -0.2097341567 0.5511487722 -0.8076179028 0.1761928946 -0.7911635041 -0.5856760144
806.0 100.3 2519.4 0.5727056861 0.4906606376 0.6567041874 -0.6282436252 0.7773209810 -0.0328947380 -0.5266100764 -0.3937312067 0.7534305453
924.4 -29.6 2410.4 -0.6601604223 0.4906606376 0.5687181354 0.0366987884 0.7773209810 -0.6280329227 -0.7502275705 -0.3937312067 -0.5311632156
573.6 -272.1 2421.0 0.9680323005 0.0010063449 -0.2508235872 -0.0120491739 0.9990240335 -0.0424945131 0.2505360246 0.0441582762 0.9670996666
573.2 -659.9 2403.8 0.9635453820 0.0958912447 -0.2497703284 -0.0873146802 0.9951538444 0.0452210940 0.2528962195 -0.0217639599 0.9672485590
745.0 -284.8 2471.5 0.4857431054 0.1996317506 0.8509998918 -0.0725882873 0.9794206619 -0.1883245856 -0.8710824251 0.0297047459 0.4902377427
667.5 -664.9 2460.0 0.4870783389 -0.0873949379 0.8689745665 -0.0870578811 0.9851664305 0.1478783935 -0.8690084219 -0.1476794481 0.4722448289
692.0 -0.1 2306.0 0 0 0 0 0 0 0 0 0
762.9 -20.7 2226.9 0 0 0 0 0 0 0 0 0
537.5 -1030.9 2412.0 0 0 0 0 0 0 0 0 0
700.2 -1032.6 2515.1 0 0 0 0 0 0 0 0 0
685.4 306.7 2495.9 5 0.9495660067 0.0568112768 -0.3083777428 -0.0816550925 0.9943207502 -0.0682548359 0.3027487397 0.0899930894 0.9488121271
674.2 110.6 2478.1 0.9495660067 0.0568112768 -0.3083777428 -0.0816550925 0.9943207502 -0.0682548359 0.3027487397 0.0899930894 0.9488121271
664.3 -82.6 2461.9 0.9499748945 0.0509069115 -0.3081496060 -0.0741035566 0.9951921105 -0.0640414879 0.3034079075 0.0836727917 0.9491798878
544.4 120.7 2436.7 0.4616671801 -0.2938110232 -0.8369817734 0.8074386120 0.5298801064 0.2593644261 0.3672958910 -0.7955514789 0.4818626344
440.9 -60.3 2354.3 -0.9511036873 -0.2938110232 0.0952726752 -0.2450176626 0.5298801064 -0.8119072914 0.1880642027 -0.7955514789 -0.5759598017
804.0 100.4 2519.6 0.5673280358 0.4833950996 0.6666843891 -0.6155802011 0.7866968513 -0.0465729907 -0.5469916463 -0.3839755654 0.7438836694
922.8 -28.6 2404.9 -0.6601625085 0.4833950996 0.5749040246 0.0395405367 0.7866968513 -0.6160719395 -0.7500813603 -0.3839755654 -0.5384614468
571.6 -269.7 2419.3 0.9658120275 0.0027964639 -0.2592283487 -0.0137358969 0.9990892410 -0.0403982736 0.2588792741 0.0425778702 0.9649708271
570.5 -657.5 2402.8 0.9617629051 0.0908769965 -0.2583668530 -0.0857552588 0.9958323240 0.0310489330 0.2601116896 -0.0077053942 0.9655478001
742.3 -282.6 2472.2 0.4962833822 0.1853910834 0.8481349945 -0.0594935939 0.9818992615 -0.1798177063 -0.8661196828 0.0387819372 0.4983298481
670.3 -663.7 2457.2 0.4991980493 -0.0790691376 0.8628727198 -0.0924048498 0.9852910638 0.1437459141 -0.8615466356 -0.1514913142 0.4845490158
688.1 3.3 2305.5 0 0 0 0 0 0 0 0 0
760.2 -18.8 2220.2 0 0 0 0 0 0 0 0 0
536.6 -1029.0 2405.7 0 0 0 0 0 0 0 0 0
699.8 -1031.5 2513.7 0 0 0 0 0 0 0 0 0
682.3 309.6 2495.4 6 0.9502817988 0.0504900217 -0.3072706163 -0.0749761984 0.9948362708 -0.0684061944 0.3022301197 0.0880431458 0.9491603374
672.3 112.7 2478.0 0.9502817988 0.0504900217 -0.3072706163 -0.0749761984 0.9948362708 -0.0684061944 0.3022301197 0.0880431458 0.9491603374
663.4 -80.5 2461.8 0.9505768418 0.0455546640 -0.3071293831 -0.0688626915 0.9954749346 -0.0654797330 0.3027566969 0.0833932757 0.9494124055
542.4 122.1 2436.6 0.4417563081 -0.3154364526 -0.8398519158 0.8281719685 0.5033224821 0.2465719730 0.3449385166 -0.8044664860 0.4835814834
441.9 -66.3 2358.2 -0.9402369261 -0.3154364526 0.1282745004 -0.2803669870 0.5033224821 -0.8173499107 0.1932585090 -0.8044664860 -0.5616803169
802.2 103.3 2519.4 0.5481681824 0.4929005802 0.6756927371 -0.6227229834 0.7798465490 -0.0636826158 -0.5583258271 -0.3858606219 0.7344275713
917.2 -27.4 2402.1 -0.6481180191 0.4929005802 0.5805101991 0.0331973061 0.7798465490 -0.6250898838 -0.7608159781 -0.3858606219 -0.5217955709
569.3 -269.2 2418.5 0.9660472870 0.0041585006 -0.2583319545 -0.0173641890 0.9986547828 -0.0488585345 0.2577812672 0.0516853780 0.9648199081
567.7 -656.9 2398.4 0.9650567174 0.0615176074 -0.2547176778 -0.0361628421 0.9940178990 0.1030568704 0.2595337331 -0.0902444124 0.9615082741
739.5 -282.4 2472.8 0.4955615401 0.1765369475 0.8504431248 -0.0593747310 0.9837219119 -0.1696050316 -0.8665410280 0.0335549042 0.4979765713
671.0 -664.3 2459.8 0.4978147447 -0.0808477774 0.8635068536 -0.0848672763 0.9863262177 0.1412733048 -0.8631210923 -0.1436114162 0.4841464162
686.2 6.6 2308.0 0 0 0 0 0 0 0 0 0
760.1 -19.4 2217.7 0 0 0 0 0 0 0 0 0
544.8 -1026.4 2431.9 0 0 0 0 0 0 0 0 0
701.2 -1032.5 2513.4 0 0 0 0 0 0 0 0 0
684.7 307.8 2503.2 7 0.9487679005 0.0593388416 -0.3103519380 -0.0903813466 0.9921342134 -0.0866075605 0.3027715683 0.1102204993 0.9466682673
673.0 111.8 2481.4 0.9487679005 0.0593388416 -0.3103519380 -0.0903813466 0.9921342134 -0.0866075605 0.3027715683 0.1102204993 0.9466682673
662.8 -81.0 2461.4 0.9492566586 0.0525578372 -0.3100797832 -0.0817096010 0.9932954311 -0.0817787200 0.3037027121 0.1029654890 0.9471867681
543.3 123.0 2439.9 0.4406324327 -0.3078409731 -0.8432537913 0.8237515688 0.5119796395 0.2435368299 0.3567581773 -0.8019418716 0.4791793227
441.6 -67.3 2357.5 -0.9437054396 -0.3078409731 0.1210534424 -0.2715471089 0.5119796395 -0.8149472475 0.1888972521 -0.8019418716 -0.5667513013
802.7 100.6 2522.9 0.5360879302 0.5001378655 0.6800528169 -0.6175131798 0.7816172838 -0.0880446360 -0.5755755305 -0.3727419376 0.7278573513
913.1 -26.5 2404.4 -0.6319954991 0.5001378655 0.5919829607 0.0352071561 0.7816172838 -0.6227638721 -0.7741719484 -0.3727419376 -0.5115870237
569.4 -267.6 2418.5 0.9652951956 -0.0051032184 -0.2611113489 -0.0044467691 0.9993429780 -0.0359705202 0.2611233294 0.0358832702 0.9646382928
571.4 -655.5 2404.6 0.9633558989 0.0642429963 -0.2604194582 -0.0505595095 0.9969819188 0.0589137971 0.2634182870 -0.0435882732 0.9636964798
739.8 -279.9 2472.7 0.4940586388 0.1802044064 0.8505483270 -0.0640021190 0.9831682444 -0.1711254418 -0.8670696616 0.0301091075 0.4972762465
669.8 -661.6 2461.0 0.4959115088 -0.0836760625 0.8643321395 -0.0845820382 0.9859592915 0.1439798176 -0.8642439842 -0.1445082277 0.4818710685
686.9 3.3 2308.4 0 0 0 0 0 0 0 0 0
761.9 -18.1 2219.2 0 0 0 0 0 0 0 0 0
547.5 -1026.5 2420.8 0 0 0 0 0 0 0 0 0
701.0 -1029.7 2515.0 0 0 0 0 0 0 0 0 0
684.7 309.7 2507.1 8 0.9530088902 0.0617822446 -0.2965754271 -0.0944251120 0.9907928705 -0.0970227718 0.2878505290 0.1204677373 0.9500682354
672.5 113.9 2483.3 0.9530088902 0.0617822446 -0.2965754271 -0.0944251120 0.9907928705 -0.0970227718 0.2878505290 0.1204677373 0.9500682354
661.8 -78.7 2461.5 0.9535140991 0.0553535037 -0.2962209284 -0.0858728662 0.9921395183 -0.0910218880 0.2888541222 0.1122279912 0.9507724047
542.3 125.6 2443.8 0.4369880259 -0.2744821608 -0.8565635085 0.8200723529 0.5127741098 0.2540552318 0.3694899380 -0.8134631515 0.4491713643
442.0 -62.5 2359.1 -0.9578932524 -0.2744821608 0.0842621252 -0.2199350595 0.5127741098 -0.8298742771 0.1845782399 -0.8134631515 -0.5515511036
802.8 102.2 2522.7 0.5398032069 0.4785382152 0.6925414801 -0.6044276953 0.7929498553 -0.0767965391 -0.5859007239 -0.3771362305 0.7172785997
915.8 -24.3 2400.1 -0.6525400281 0.4785382152 0.5875310302 0.0337632671 0.7929498553 -0.6083506942 -0.7570016980 -0.3771362305 -0.5335885286
567.6 -266.4 2414.3 0.9682899714 -0.0344691575 -0.2474397719 0.0306966789 0.9993464351 -0.0190888643 0.2479360402 0.0108879767 0.9687151909
580.9 -654.1 2410.0 0.9562757611 0.1540301740 -0.2486188412 -0.1537073255 0.9878968000 0.0208323300 0.2488185614 0.0182930864 0.9683773518
737.7 -281.1 2468.6 0.4800436795 0.1731446236 0.8599877954 -0.0620107949 0.9845736027 -0.1636136472 -0.8750501275 0.0252131708 0.4833751619
670.4 -663.3 2458.9 0.4848600030 -0.0740442201 0.8714517951 -0.1163005233 0.9821022153 0.1481533051 -0.8668246269 -0.1731839180 0.4675706923
690.8 -5.4 2311.1 0 0 0 0 0 0 0 0 0
759.8 -16.3 2219.2 0 0 0 0 0 0 0 0 0
523.9 -1020.1 2403.3 0 0 0 0 0 0 0 0 0
698.1 -1029.8 2523.5 0 0 0 0 0 0 0 0 0
685.4 315.0 2517.0 9 0.9531512856 0.0615071729 -0.2961746752 -0.1007867828 0.9877382517 -0.1192271486 0.2852097452 0.1434920132 0.9476631284
673.3 120.2 2488.7 0.9531512856 0.0615071729 -0.2961746752 -0.1007867828 0.9877382517 -0.1192271486 0.2852097452 0.1434920132 0.9476631284
662.6 -71.7 2461.9 0.9536072016 0.0550029576 -0.2959863842 -0.0930521414 0.9888769984 -0.1160324812 0.2863119841 0.1381915808 0.9481183887
543.0 132.9 2449.6 0.4297584891 -0.2373248488 -0.8711971641 0.8100612164 0.5275637507 0.2558854520 0.3988840580 -0.8156920075 0.4189726412
440.8 -59.8 2354.8 -0.9711025357 -0.2373248488 0.0252338294 -0.1506542563 0.5275637507 -0.8360500932 0.1851030141 -0.8156920075 -0.5480725169
803.6 107.5 2527.8 0.5154945850 0.4688442051 0.7172520161 -0.6013950706 0.7942094207 -0.0869214162 -0.6104009151 -0.3865443170 0.6913712621
913.7 -21.0 2397.4 -0.6566355824 0.4688442051 0.5907747149 0.0206932034 0.7942094207 -0.6072916985 -0.7539240718 -0.3865443170 -0.5312080979
565.6 -263.5 2413.9 0.9682713151 -0.0272780787 -0.2484079748 0.0264587849 0.9996278882 -0.0066368398 0.2484965771 -0.0001463115 0.9686327577
576.2 -651.4 2413.9 0.9643821120 0.0910163224 -0.2483608872 -0.0960880890 0.9953378439 -0.0083493395 0.2464430481 0.0319164768 0.9686315656
736.4 -278.9 2465.6 0.4762035906 0.1670819223 0.8633155823 -0.0601814352 0.9856728911 -0.1575663835 -0.8772732615 0.0230781045 0.4794361889
671.6 -661.6 2456.6 0.4833024442 -0.0546369813 0.8737468719 -0.1510127187 0.9778869748 0.1446799040 -0.8623304963 -0.2018710375 0.4643642604
692.6 -20.7 2306.8 0 0 0 0 0 0 0 0 0
759.0 -16.2 2219.7 0 0 0 0 0 0 0 0 0
542.4 -1020.8 2402.1 0 0 0 0 0 0 0 0 0
691.9 -1026.3 2531.9 0 0 0 0 0 0 0 0 0
681.9 314.7 2523.0 0 0.9504334927 0.0428740941 -0.3079577088 -0.0903997123 0.9857650995 -0.1417568922 0.2974962592 0.1625697911 0.9407800436
673.4 120.8 2491.0 0.9504334927 0.0428740941 -0.3079577088 -0.0903997123 0.9857650995 -0.1417568922 0.2974962592 0.1625697911 0.9407800436
666.5 -70.7 2460.8 0.9507825375 0.0357325785 -0.3077917099 -0.0816397294 0.9871188998 -0.1375908703 0.2989105284 0.1559470296 0.9414526224
543.6 132.0 2450.2 0.4313811362 -0.2198369205 -0.8749754429 0.8050156236 0.5316118598 0.2633224130 0.4072593451 -0.8179612160 0.4062995017
440.9 -59.6 2353.3 -0.9755236506 -0.2198369205 0.0050359657 -0.1241254061 0.5316118598 -0.8378434777 0.1815117449 -0.8179612160 -0.5458872914
803.3 109.7 2531.9 0.5106870532 0.4716530740 0.7188477516 -0.6092454195 0.7884657979 -0.0845082775 -0.6066454649 -0.3947974145 0.6900117993
913.8 -22.2 2400.6 -0.6572693586 0.4716530740 0.5878267884 0.0158889908 0.7884657979 -0.6148732901 -0.7534882426 -0.3947974145 -0.5257285237
566.5 -255.2 2409.5 0.9640295506 -0.0355701968 -0.2634041309 0.0358958356 0.9993491173 -0.0035777695 0.2633599341 -0.0060060350 0.9646789432
580.3 -643.1 2411.8 0.9566140175 0.1238604933 -0.2637199461 -0.1268835068 0.9919017553 0.0056078630 0.2622788548 0.0280971490 0.9645829797
737.4 -271.9 2460.7 0.4844431579 0.1721261591 0.8577222228 -0.0707522780 0.9849496484 -0.1576969177 -0.8719569445 0.0157093927 0.4893304408
670.5 -654.3 2454.6 0.4902815521 -0.0659704134 0.8690637946 -0.1397495270 0.9782792330 0.1531004906 -0.8602871895 -0.1965136081 0.4704129100
694.2 -27.4 2306.1 0 0 0 0 0 0 0 0 0
757.2 -18.4 2221.0 0 0 0 0 0 0 0 0 0
534.2 -1012.1 2401.3 0 0 0 0 0 0 0 0 0
695.2 -1019.3 2528.0 0 0 0 0 0 0 0 0 0
679.1 313.7 2517.0 1 0.9559810758 0.0343489796 -0.2914109528 -0.0738040805 0.9893444777 -0.1255008876 0.2839950025 0.1414837986 0.9483296871
672.3 117.7 2488.9 0.9559810758 0.0343489796 -0.2914109528 -0.0738040805 0.9893444777 -0.1255008876 0.2839950025 0.1414837986 0.9483296871
666.8 -74.4 2462.0 0.9561882615 0.0282731019 -0.2913839817 -0.0672552139 0.9899189472 -0.1246484593 0.2849223316 0.1387844831 0.9484503865
541.7 126.9 2450.0 0.4290993214 -0.2065150887 -0.8793323040 0.8023390174 0.5342953205 0.2660462558 0.4148805737 -0.8196828961 0.3949608803
441.8 -59.9 2353.4 -0.9781536460 -0.2065150887 0.0238115899 -0.1331250519 0.5342953205 -0.8347491622 0.1596658826 -0.8196828961 -0.5501152873
802.9 108.4 2527.9 0.5173178911 0.5106077790 0.6867764592 -0.6330559254 0.7683299184 -0.0943889543 -0.5758666396 -0.3859388232 0.7207140923
910.6 -23.4 2407.9 -0.6291561723 0.5106077790 0.5860393643 0.0279356241 0.7683299184 -0.6394440532 -0.7767767310 -0.3859388232 -0.4976637065
574.4 -254.9 2403.8 0.9688339233 0.0039960817 -0.2476790547 -0.0052534984 0.9999764562 -0.0044161174 0.2476555705 0.0055796658 0.9688320756
572.9 -642.7 2401.6 0.9646281004 0.0926154703 -0.2468095720 -0.0789415166 0.9947738051 0.0647553578 0.2515170574 -0.0429813154 0.9668980241
744.8 -269.5 2457.3 0.4703103900 0.1877862215 0.8622902632 -0.0857814476 0.9821990132 -0.1671125740 -0.8783220649 0.0046262755 0.4780469835
671.9 -650.8 2455.5 0.4725952148 -0.0616448075 0.8791209459 -0.1182335615 0.9840971828 0.1325654835 -0.8733124137 -0.1665914059 0.4577911198
695.9 -25.3 2312.0 0 0 0 0 0 0 0 0 0
761.1 -16.7 2223.4 0 0 0 0 0 0 0 0 0
538.5 -1012.3 2417.6 0 0 0 0 0 0 0 0 0
694.9 -1017.9 2517.7 0 0 0 0 0 0 0 0 0
678.6 316.2 2523.0 2 0.9616570473 0.0306833386 -0.2725331187 -0.0725465193 0.9867848158 -0.1448888779 0.2644858658 0.1591047347 0.9511744976
672.5 120.2 2491.4 0.9616570473 0.0306833386 -0.2725331187 -0.0725465193 0.9867848158 -0.1448888779 0.2644858658 0.1591047347 0.9511744976
667.7 -71.6 2462.2 0.9618850350 0.0246530678 -0.2723405361 -0.0644073561 0.9883337617 -0.1380147636 0.2657608688 0.1502950639 0.9522513151
541.1 129.0 2455.1 0.4242734313 -0.2101473957 -0.8808122277 0.7984852195 0.5455988646 0.2544468343 0.4270988107 -0.8112705946 0.3992826939
442.2 -57.2 2355.5 -0.9770959616 -0.2101473957 0.0334888212 -0.1456298977 0.5455988646 -0.8252961636 0.1551623791 -0.8112705946 -0.5637062192
803.9 111.4 2527.7 0.5082392693 0.5496523976 0.6630045772 -0.6617646217 0.7419225574 -0.1077892184 -0.5511446595 -0.3839702904 0.7408146858
907.1 -23.0 2415.7 -0.5984166265 0.5496523976 0.5829063654 0.0289666224 0.7419225574 -0.6698595881 -0.8006612659 -0.3839702904 -0.4599003494
575.7 -260.5 2409.6 0.9733581543 0.0111733973 -0.2290176451 -0.0157464817 0.9997112751 -0.0181505438 0.2287487090 0.0212732013 0.9732530117
571.4 -648.3 2401.3 0.9685928822 0.0995198712 -0.2278675139 -0.0917362422 0.9947873354 0.0445260443 0.2311109453 -0.0222239010 0.9726735353
747.0 -272.5 2460.6 0.4538248181 0.1890759021 0.8708003759 -0.0725174621 0.9818246961 -0.1753894091 -0.8881352544 0.0164478365 0.4592877328
673.6 -653.7 2454.2 0.4581902921 -0.0574276038 0.8869970441 -0.1327901036 0.9822892547 0.1321917176 -0.8788790703 -0.1783533841 0.4424495697
696.2 -19.3 2315.2 0 0 0 0 0 0 0 0 0
764.4 -16.1 2224.8 0 0 0 0 0 0 0 0 0
534.3 -1018.7 2409.6 0 0 0 0 0 0 0 0 0
695.1 -1020.2 2520.8 0 0 0 0 0 0 0 0 0
678.0 315.4 2526.0 3 0.9652525783 0.0314344689 -0.2594210804 -0.0743898600 0.9847179651 -0.1574695408 0.2505066097 0.1712961793 0.9528399706
671.7 120.4 2492.0 0.9652525783 0.0314344689 -0.2594210804 -0.0743898600 0.9847179651 -0.1574695408 0.2505066097 0.1712961793 0.9528399706
666.5 -71.0 2460.6 0.9654462934 0.0271061789 -0.2591886520 -0.0678689480 0.9864078164 -0.1496441960 0.2516094446 0.1620642990 0.9541634321
539.9 129.7 2457.7 0.4117708802 -0.2201138288 -0.8843046427 0.8041627407 0.5442513824 0.2389827371 0.4286806285 -0.8095309138 0.4011141956
442.2 -61.0 2356.0 -0.9729235172 -0.2201138288 0.0704965964 -0.1824630946 0.5442513824 -0.8188391924 0.1418699622 -0.8095309138 -0.5696775913
803.6 111.1 2526.4 0.5137533545 0.5387717485 0.6676694751 -0.6591014862 0.7460477352 -0.0948580354 -0.5492200851 -0.3913282752 0.7383897901
908.3 -23.2 2414.5 -0.6109083891 0.5387717485 0.5800999999 0.0261294674 0.7460477352 -0.6653796434 -0.7912700176 -0.3913282752 -0.4698446095
576.8 -257.6 2409.2 0.9760603905 0.0293971971 -0.2155038863 -0.0364026800 0.9989275932 -0.0286098979 0.2144317180 0.0357699059 0.9760837555
565.4 -645.2 2395.4 0.9755305648 0.0594419949 -0.2116760015 -0.0460545905 0.9966471791 0.0676270947 0.2149861753 -0.0562236495 0.9749973416
749.1 -269.2 2456.8 0.4379356503 0.2006006986 0.8763399720 -0.0794226900 0.9796088338 -0.1845495999 -0.8954911232 0.0112195732 0.4449378848
671.2 -649.4 2452.5 0.4415027797 -0.0687390268 0.8946229815 -0.1240714490 0.9828057289 0.1367447525 -0.8886402845 -0.1713703573 0.4253829420
695.1 -13.6 2319.2 0 0 0 0 0 0 0 0 0
764.3 -17.0 2227.9 0 0 0 0 0 0 0 0 0
543.3 -1016.3 2416.3 0 0 0 0 0 0 0 0 0
696.9 -1016.2 2516.4 0 0 0 0 0 0 0 0 0
677.3 315.2 2527.0 4 0.9603240490 0.0362973623 -0.2765143812 -0.0830505565 0.9837307930 -0.1592995524 0.2662335336 0.1759438664 0.9477148652
670.1 120.8 2492.2 0.9603240490 0.0362973623 -0.2765143812 -0.0830505565 0.9837307930 -0.1592995524 0.2662335336 0.1759438664 0.9477148652
663.8 -70.5 2460.4 0.9605702758 0.0324264169 -0.2761400342 -0.0759943426 0.9859775305 -0.1485702395 0.2674502730 0.1636972278 0.9495649338
538.9 131.2 2455.7 0.4130658507 -0.2199743241 -0.8837351799 0.8033009171 0.5451781154 0.2397675067 0.4290504158 -0.8089450598 0.4019000530
441.5 -58.2 2354.5 -0.9731751680 -0.2199743241 0.0673894435 -0.1799291074 0.5451781154 -0.8187834024 0.1433720738 -0.8089450598 -0.5701336265
801.3 110.5 2528.7 0.5252363682 0.5474299788 0.6514961123 -0.6652869582 0.7415329218 -0.0867302567 -0.5305845737 -0.3878780007 0.7536780834
907.1 -23.5 2421.9 -0.5994474292 0.5474299788 0.5839377046 0.0240482949 0.7415329218 -0.6704853177 -0.8000527620 -0.3878780007 -0.4576747715
574.7 -256.4 2406.6 0.9726796150 0.0165461097 -0.2315613180 -0.0211447310 0.9996251464 -0.0173912514 0.2311867625 0.0218124166 0.9726648331
568.3 -644.3 2398.1 0.9698211551 0.0817594752 -0.2297005355 -0.0705350041 0.9958980680 0.0566727743 0.2333918661 -0.0387605280 0.9716099501
747.7 -268.6 2451.7 0.4498897195 0.1929160357 0.8719992042 -0.0924438611 0.9812053442 -0.1693817079 -0.8882867694 -0.0044078860 0.4592681229
672.8 -649.4 2453.4 0.4521004260 -0.0516690016 0.8904692531 -0.1287893355 0.9840782285 0.1224882826 -0.8826202750 -0.1700599492 0.4382477701
694.6 -11.4 2317.3 0 0 0 0 0 0 0 0 0
764.4 -17.8 2231.5 0 0 0 0 0 0 0 0 0
537.8 -1015.5 2412.6 0 0 0 0 0 0 0 0 0
692.1 -1016.7 2516.8 0 0 0 0 0 0 0 0 0
675.4 315.7 2528.0 5 0.9522521496 0.0363479704 -0.3031413853 -0.0892151445 0.9826798439 -0.1624222249 0.2919872105 0.1817117184 0.9390017986
668.2 121.2 2492.0 0.9522521496 0.0363479704 -0.3031413853 -0.0892151445 0.9826798439 -0.1624222249 0.2919872105 0.1817117184 0.9390017986
661.8 -70.1 2459.9 0.9525332451 0.0331310816 -0.3026263714 -0.0812509134 0.9856693149 -0.1478321552 0.2933916748 0.1654037088 0.9415746927
538.2 132.3 2451.9 0.4130923450 -0.2217880040 -0.8832693696 0.8081890345 0.5363116860 0.2433110476 0.4197441936 -0.8143585920 0.4007928669
441.4 -57.0 2353.6 -0.9730750918 -0.2217880040 0.0627293363 -0.1754598767 0.5363116860 -0.8255807757 0.1494614333 -0.8143585920 -0.5607864261
798.3 110.1 2532.1 0.5226575136 0.5462768674 0.6545308828 -0.6519476771 0.7508127689 -0.1060398296 -0.5493572950 -0.3712973893 0.7485618591
906.6 -25.0 2418.2 -0.5929290652 0.5462768674 0.5916221142 0.0335286818 0.7508127689 -0.6596635580 -0.8045563698 -0.3712973893 -0.4634946585
571.5 -255.1 2404.7 0.9659260511 -0.0205247700 -0.2580031157 0.0184530895 0.9997751117 -0.0104488470 0.2581595778 0.0053318581 0.9660875797
579.4 -642.9 2402.6 0.9548933506 0.1455956697 -0.2588060796 -0.1347689629 0.9891073704 0.0591939464 0.2646053731 -0.0216448791 0.9641138315
743.5 -268.7 2452.6 0.4743351042 0.1848293394 0.8607231379 -0.0892463773 0.9827706218 -0.1618547887 -0.8758089542 -0.0000430137 0.4826579392
671.8 -650.2 2452.6 0.4772312641 -0.0681339577 0.8761324286 -0.1261982471 0.9813423157 0.1450562477 -0.8696690798 -0.1797917634 0.4597288370
694.5 -11.4 2314.7 0 0 0 0 0 0 0 0 0
765.8 -17.0 2227.1 0 0 0 0 0 0 0 0 0
525.2 -1011.0 2410.7 0 0 0 0 0 0 0 0 0
697.2 -1016.4 2519.7 0 0 0 0 0 0 0 0 0
673.4 314.0 2529.0 6 0.9522742033 0.0339061506 -0.3033549786 -0.0882784650 0.9819343686 -0.1673672646 0.2921999097 0.1861592382 0.9380639195
666.7 120.4 2492.3 0.9522742033 0.0339061506 -0.3033549786 -0.0882784650 0.9819343686 -0.1673672646 0.2921999097 0.1861592382 0.9380639195
660.6 -70.8 2459.3 0.9525176883 0.0314570554 -0.3028539419 -0.0809510648 0.9850150347 -0.1522900760 0.2935250998 0.1695753485 0.9407907128
536.6 131.4 2452.2 0.4121479988 -0.2418780625 -0.8784241676 0.8080912828 0.5423836708 0.2298007160 0.4208591878 -0.8045588732 0.4190019071
439.7 -58.5 2353.2 -0.9671645164 -0.2418780625 0.0780244619 -0.2014437467 0.5423836708 -0.8156226873 0.1549620330 -0.8045588732 -0.5732990503
796.8 109.3 2532.4 0.5239343643 0.5437209010 0.6556373835 -0.6447435617 0.7561694980 -0.1118634343 -0.5565955043 -0.3641088605 0.7467437387
906.1 -25.2 2416.2 -0.5898555517 0.5437209010 0.5970243216 0.0356836393 0.7561694980 -0.6534021497 -0.8067199588 -0.3641088605 -0.4654327035
570.1 -254.2 2401.5 0.9660359621 -0.0060745613 -0.2583361864 -0.0001460255 0.9997106791 -0.0240534227 0.2584075630 0.0232741944 0.9657555819
572.4 -642.0 2392.5 0.9624209404 0.0883224010 -0.2567976713 -0.0614371113 0.9919297099 0.1109093055 0.2645210326 -0.0909645334 0.9600802660
740.7 -268.7 2454.1 0.4762375057 0.1768375188 0.8613514304 -0.0775487274 0.9841988087 -0.1591820270 -0.8758904338 0.0090117380 0.4824258983
672.0 -650.8 2450.6 0.4804397523 -0.0628904179 0.8747699261 -0.1318758428 0.9809048176 0.1429494917 -0.8670561910 -0.1840396374 0.4629719555
691.2 -6.2 2312.9 0 0 0 0 0 0 0 0 0
765.7 -16.7 2224.2 0 0 0 0 0 0 0 0 0
539.7 -1010.2 2426.3 0 0 0 0 0 0 0 0 0
695.5 -1016.9 2519.2 0 0 0 0 0 0 0 0 0
674.2 315.0 2529.0 7 0.9523888826 0.0338704512 -0.3029986620 -0.0878234357 0.9821637273 -0.1662572920 0.2919630706 0.1849519759 0.9383764267
667.5 121.5 2492.5 0.9523888826 0.0338704512 -0.3029986620 -0.0878234357 0.9821637273 -0.1662572920 0.2919630706 0.1849519759 0.9383764267
661.4 -69.8 2459.7 0.9526240826 0.0315131769 -0.3025133610 -0.0807477310 0.9851297140 -0.1516550034 0.2932357788 0.1688974649 0.9410029054
537.4 132.5 2452.5 0.4090302289 -0.2797222137 -0.8685906529 0.8191914558 0.5319094658 0.2144706100 0.4020194113 -0.7992670536 0.4467130899
439.4 -63.7 2356.2 -0.9552796483 -0.2797222137 0.0958969966 -0.2373518795 0.5319094658 -0.8128569126 0.1763656139 -0.7992670536 -0.5745149255
797.6 110.4 2532.6 0.5176896453 0.5101464987 0.6868391037 -0.6212881207 0.7760829329 -0.1081498489 -0.5882163644 -0.3707368970 0.7187180519
907.3 -21.2 2407.9 -0.6043021083 0.5101464987 0.6120209098 0.0167003870 0.7760829329 -0.6304097176 -0.7965802550 -0.3707368970 -0.4775081873
569.2 -254.8 2400.1 0.9661276340 -0.0037604175 -0.2580372095 0.0003555903 0.9999122620 -0.0132405013 0.2580643594 0.0127002588 0.9660442472
570.7 -642.8 2395.2 0.9627137184 0.0833844841 -0.2573506534 -0.0659512579 0.9949502349 0.0756602958 0.2623600066 -0.0558665991 0.9633515477
739.8 -269.3 2452.7 0.4738386869 0.1725480258 0.8635416031 -0.0898782089 0.9849708080 -0.1474937648 -0.8760130405 -0.0077253236 0.4822255671
672.9 -651.6 2455.7 0.4749145806 -0.0586113930 0.8780779243 -0.1068264768 0.9865615368 0.1236304790 -0.8735240102 -0.1525158882 0.4622712135
687.6 -2.1 2310.3 0 0 0 0 0 0 0 0 0
764.3 -17.3 2219.5 0 0 0 0 0 0 0 0 0
539.6 -1013.0 2416.0 0 0 0 0 0 0 0 0 0
694.7 -1019.7 2512.6 0 0 0 0 0 0 0 0 0
675.5 317.0 2529.0 8 0.9529471397 0.0365107767 -0.3009297252 -0.0887704715 0.9828118682 -0.1618661731 0.2898474336 0.1809635907 0.9398088455
668.3 123.1 2493.3 0.9529471397 0.0365107767 -0.3009297252 -0.0887704715 0.9828118682 -0.1618661731 0.2898474336 0.1809635907 0.9398088455
662.1 -68.2 2460.9 0.9532467127 0.0318310931 -0.3005120754 -0.0801430941 0.9854571819 -0.1498374492 0.2913722992 0.1669160277 0.9419348240
538.0 134.0 2453.5 0.4048385322 -0.2824979126 -0.8696554899 0.8189140558 0.5351369381 0.2073842883 0.4067991674 -0.7961302400 0.4479855895
440.4 -63.4 2355.4 -0.9531694651 -0.2824979126 0.1079949960 -0.2500269711 0.5351369381 -0.8069169521 0.1701602489 -0.7961302400 -0.5807082653
798.5 112.1 2533.1 0.4993846416 0.4795756042 0.7215415835 -0.6007298827 0.7917799950 -0.1104899496 -0.6242904663 -0.3782745898 0.6834981441
906.4 -17.7 2398.1 -0.6213333607 0.4795756042 0.6196386814 0.0019975132 0.7917799950 -0.6108031273 -0.7835438251 -0.3782745898 -0.4929172695
