508.4 313.9 2676.6 33 -0.9743732810 -0.0798764080 -0.2102771550 -0.0663891435 0.9953038096 -0.0704474375 0.2149167359 -0.0546819828 -0.9751003385
524.7 111.9 2687.7 -0.9743732810 -0.0798764080 -0.2102771550 -0.0663891435 0.9953038096 -0.0704474375 0.2149167359 -0.0546819828 -0.9751003385
533.6 -80.4 2693.7 -0.9754734039 -0.0574142337 -0.2124975771 -0.0504163802 0.9979971051 -0.0382093787 0.2142657340 -0.0265588760 -0.9764142632
655.4 120.1 2659.2 -0.6169787645 0.6288125515 -0.4732145369 0.3532454669 0.7586056590 0.5474807024 0.7032459378 0.1706230640 -0.6901687384
699.5 94.9 2609.0 -0.1724595875 0.6288125515 0.7581902742 0.3500386775 0.7586056590 -0.5495365262 -0.9207229018 0.1706230640 -0.3509375155
393.9 103.6 2716.2 -0.3009495735 -0.2369488031 -0.9237340689 -0.9389553666 -0.0957070962 0.3304586411 -0.1667096764 0.9667964578 -0.1936813444
332.2 -88.8 2682.0 0.3751627505 -0.2369488031 -0.8961630464 -0.9269589186 -0.0957070962 -0.3627496064 0.0001839258 0.9667964578 -0.2555475533
633.9 -269.1 2687.8 0.9866173863 0.0438063629 0.1570575684 0.0197656155 0.9239980578 -0.3818860352 -0.1618499160 0.3798797727 0.9107667208
617.0 -626.6 2540.8 0.9866173863 -0.0707834736 0.1468869448 0.0197656155 0.9461342096 0.3231707811 -0.1618499160 -0.3159425855 0.9348716140
459.6 -278.4 2727.7 0.9931667447 -0.0308475178 0.1125533432 0.0642852113 0.9495320320 -0.3070120215 -0.0974024460 0.3121496439 0.9450266361
471.6 -646.8 2606.6 0.9938390851 -0.0501765795 0.0988240018 0.0523290932 0.9984431863 -0.0193093903 -0.0977012739 0.0243617967 0.9949175715
736.0 20.9 2803.7 0 0 0 0 0 0 0 0 0
435.3 -343.4 2682.1 0 0 0 0 0 0 0 0 0
643.3 -978.1 2658.1 0 0 0 0 0 0 0 0 0
490.3 -1019.2 2597.5 0 0 0 0 0 0 0 0 0
508.5 315.6 2675.3 34 -0.9729037881 -0.0812525749 -0.2164630592 -0.0704444870 0.9958743453 -0.0571998134 0.2202176303 -0.0404012837 -0.9746137261
524.9 113.5 2683.5 -0.9729037881 -0.0812525749 -0.2164630592 -0.0704444870 0.9958743453 -0.0571998134 0.2202176303 -0.0404012837 -0.9746137261
534.7 -78.8 2687.3 -0.9738870859 -0.0616090521 -0.2185137719 -0.0567209199 0.9979809523 -0.0285789240 0.2198332995 -0.0154383434 -0.9754152894
655.5 122.6 2654.3 -0.6139388084 0.6268119812 -0.4797768593 0.3431272209 0.7593014836 0.5529240370 0.7108746767 0.1748370379 -0.6812409163
699.4 98.1 2603.5 -0.1796917915 0.6268119812 0.7581672668 0.3592088521 0.7593014836 -0.5426142812 -0.9157946706 0.1748370379 -0.3615966439
394.4 104.3 2712.7 -0.2982055247 -0.2304402441 -0.9262670875 -0.9383356571 -0.1070699543 0.3287281990 -0.1749275774 0.9671780467 -0.1843014359
333.3 -87.9 2676.8 0.3788950443 -0.2304402441 -0.8962900639 -0.9253596663 -0.1070699543 -0.3636556864 -0.0121648284 0.9671780467 -0.2538083792
632.1 -269.5 2679.6 0.9744143486 0.0451831557 0.2201706469 0.0427206382 0.9244947433 -0.3787934482 -0.2206616849 0.3785076141 0.8989107013
614.5 -627.8 2532.9 0.9744143486 -0.1014419720 0.2005645931 0.0427206382 0.9596781731 0.2778359056 -0.2206616849 -0.2621590495 0.9394578338
457.3 -278.6 2718.0 0.9921519756 -0.0393479727 0.1186850443 0.0723372474 0.9548518062 -0.2881413102 -0.1019888446 0.2944653034 0.9502044320
472.6 -649.1 2603.8 0.9935205579 -0.0499137752 0.1021056324 0.0499615222 0.9987489581 0.0020912844 -0.1020822749 0.0030236186 0.9947713614
737.3 22.1 2797.1 0 0 0 0 0 0 0 0 0
437.4 -342.1 2673.5 0 0 0 0 0 0 0 0 0
652.2 -984.5 2630.3 0 0 0 0 0 0 0 0 0
491.2 -1021.7 2602.6 0 0 0 0 0 0 0 0 0
509.3 315.0 2675.1 35 -0.9510172606 -0.0747535378 -0.2999635041 -0.0654879063 0.9970172644 -0.0408397764 0.3021217287 -0.0191953499 -0.9530760646
524.4 113.3 2679.0 -0.9510172606 -0.0747535378 -0.2999635041 -0.0654879063 0.9970172644 -0.0408397764 0.3021217287 -0.0191953499 -0.9530760646
532.9 -79.1 2679.4 -0.9518198967 -0.0546890460 -0.3017416000 -0.0531140715 0.9984981418 -0.0134283230 0.3020228148 0.0032453802 -0.9532951713
652.1 121.9 2638.8 -0.5478093624 0.6455959082 -0.5320815444 0.3373467624 0.7524658442 0.5656785965 0.7655730247 0.1303880364 -0.6299975514
691.2 97.8 2584.1 -0.2548264265 0.6455959082 0.7199093103 0.3732119501 0.7524658442 -0.5426858664 -0.8920629621 0.1303880364 -0.4326922894
396.8 104.6 2719.2 -0.3196613789 -0.1473348737 -0.9360069633 -0.9337297082 -0.1190111786 0.3376169503 -0.1611380428 0.9819005728 -0.0995276719
331.3 -86.7 2686.2 0.3690028191 -0.1473348737 -0.9176760912 -0.9276745319 -0.1190111786 -0.3539157510 -0.0570695773 0.9819005728 -0.1805942655
633.9 -267.4 2670.6 0.9417179823 0.0530933253 0.3321871459 0.0731065869 0.9315676093 -0.3561420739 -0.3283635676 0.3596704602 0.8733925223
613.3 -628.7 2531.1 0.9417179823 -0.1411570162 0.3053553700 0.0731065869 0.9718862176 0.2238138765 -0.3283635676 -0.1884460598 0.9255622625
459.4 -277.6 2710.0 0.9795541167 -0.0412385650 0.1969089955 0.0956422687 0.9565432668 -0.2754587531 -0.1769924462 0.2886595726 0.9409300089
475.4 -648.9 2598.0 0.9836426973 -0.0414487123 0.1752970964 0.0374760479 0.9989614487 0.0259138662 -0.1761891395 -0.0189205427 0.9841744900
745.1 18.9 2772.7 0 0 0 0 0 0 0 0 0
432.7 -341.5 2670.5 0 0 0 0 0 0 0 0 0
665.7 -989.4 2601.0 0 0 0 0 0 0 0 0 0
490.9 -1021.6 2605.0 0 0 0 0 0 0 0 0 0
511.3 312.1 2665.5 36 -0.9473657608 -0.0755740553 -0.3111056089 -0.0655025914 0.9969378710 -0.0427112989 0.3133808374 -0.0200849976 -0.9494150877
526.6 110.4 2669.6 -0.9473657608 -0.0755740553 -0.3111056089 -0.0655025914 0.9969378710 -0.0427112989 0.3133808374 -0.0200849976 -0.9494150877
535.1 -82.0 2670.6 -0.9482753277 -0.0542113706 -0.3127858341 -0.0515173003 0.9985294938 -0.0168775730 0.3132408559 0.0001092968 -0.9496737123
653.8 118.8 2627.9 -0.5387440324 0.6473938227 -0.5391067863 0.3404943049 0.7526416779 0.5635548830 0.7705962062 0.1200490296 -0.6259151101
692.3 94.4 2572.8 -0.2649945617 0.6473938227 0.7146041989 0.3699682355 0.7526416779 -0.5446595550 -0.8904501200 0.1200490296 -0.4389610887
399.5 102.0 2711.3 -0.3219171464 -0.1359864026 -0.9369509220 -0.9341768622 -0.1152372137 0.3376892209 -0.1538927555 0.9839858413 -0.0899385139
333.5 -89.5 2679.8 0.3679105341 -0.1359864026 -0.9198638797 -0.9280604124 -0.1152372137 -0.3541529477 -0.0578425638 0.9839858413 -0.1686005741
628.3 -268.1 2651.9 0.9040069580 0.0409702063 0.4255500734 0.1073318198 0.9417667985 -0.3186771572 -0.4138252139 0.3337614238 0.8469663262
612.5 -633.3 2522.4 0.9040069580 -0.1839753538 0.3859073818 0.1073318198 0.9714269638 0.2116826624 -0.4138252139 -0.1499424577 0.8979231119
458.4 -277.7 2705.8 0.9767267704 -0.0513362363 0.2082532197 0.1106324494 0.9523892403 -0.2841041088 -0.1837532967 0.3005316556 0.9359035492
478.4 -647.4 2589.2 0.9837407470 -0.0261586029 0.1776791364 0.0152385356 0.9979255795 0.0625485331 -0.1789467335 -0.0588239729 0.9820986986
748.3 16.2 2761.1 0 0 0 0 0 0 0 0 0
434.6 -344.4 2663.9 0 0 0 0 0 0 0 0 0
680.8 -994.4 2578.1 0 0 0 0 0 0 0 0 0
488.1 -1019.5 2611.1 0 0 0 0 0 0 0 0 0
524.4 312.1 2651.8 37 -0.8994582295 -0.0968473628 -0.4261401594 -0.0858189389 0.9952914119 -0.0450574532 0.4284973145 -0.0039564013 -0.9035344124
544.1 109.7 2652.6 -0.8994582295 -0.0968473628 -0.4261401594 -0.0858189389 0.9952914119 -0.0450574532 0.4284973145 -0.0039564013 -0.9035344124
557.0 -82.5 2651.2 -0.9003929496 -0.0764648393 -0.4283055961 -0.0750745535 0.9969739914 -0.0201651882 0.4285514653 0.0139982561 -0.9034089446
664.8 121.2 2595.4 -0.4460452497 0.6400286555 -0.6256252527 0.3244827688 0.7670990825 0.5534165502 0.8341190219 0.0438441969 -0.5498391390
696.7 98.1 2535.8 -0.3823105097 0.6400286555 0.6664848328 0.3674393594 0.7670990825 -0.5258776546 -0.8478366733 0.0438441969 -0.5284417868
423.4 98.1 2709.7 -0.3172701001 -0.0095638819 -0.9482870102 -0.9408057332 -0.1225824729 0.3160033524 -0.1192655787 0.9924122691 0.0298939962
358.4 -94.7 2685.3 0.3788318038 -0.0095638819 -0.9254161119 -0.9189224839 -0.1225824729 -0.3749066889 -0.1098542288 0.9924122691 -0.0552266017
635.9 -270.2 2634.9 0.8428536654 0.0425940529 0.5364544988 0.1336298883 0.9490741491 -0.2853091061 -0.5212876201 0.3121601939 0.7942388058
619.5 -637.2 2514.2 0.8502190709 -0.1894248426 0.4911677837 0.0986584052 0.9738217592 0.2047869861 -0.5171016455 -0.1256559640 0.8466501832
466.5 -280.6 2696.9 0.9425870180 -0.0488039777 0.3303754330 0.1530306488 0.9424113631 -0.2973927855 -0.2968356013 0.3308761418 0.8957731724
485.4 -645.2 2568.9 0.9596003294 -0.0134338764 0.2810457349 -0.0202604011 0.9929675460 0.1166404113 -0.2806362212 -0.1176222786 0.9525797963
777.5 20.4 2715.1 0 0 0 0 0 0 0 0 0
462.4 -347.1 2655.1 0 0 0 0 0 0 0 0 0
690.0 -999.8 2561.0 0 0 0 0 0 0 0 0 0
490.4 -1015.0 2612.7 0 0 0 0 0 0 0 0 0
534.1 308.2 2634.9 38 0.3890008628 -0.2314903140 -0.8916785121 0.3675608039 0.9265359044 -0.0801887885 0.8447350860 -0.2965525687 0.4455100596
583.5 110.5 2698.1 0.3890008628 -0.2314903140 -0.8916785121 0.3675608039 0.9265359044 -0.0801887885 0.8447350860 -0.2965525687 0.4455100596
570.0 -83.1 2636.1 0.4437733591 -0.0822465494 -0.8923568130 0.0318183787 0.9965976477 -0.0760307610 0.8955740333 0.0053470763 0.4448804259
554.8 109.5 2640.8 0.1660667658 -0.3939748704 -0.9039942622 0.9751372337 0.2020120770 0.0910959318 0.1467282474 -0.8966464996 0.4177270532
529.5 -39.3 2618.4 -0.0719595253 -0.3917843103 -0.9172387123 0.9917464256 -0.1259471327 -0.0240084622 -0.1061174423 -0.9113958478 0.3976137936
612.2 111.4 2755.5 -0.0236182772 0.9996758699 0.0095040640 -0.9225095510 -0.0254566744 0.3851338923 0.3852510154 0.0003286095 0.9228117466
607.4 -77.6 2834.4 -0.0240946431 0.9996758699 -0.0082218247 -0.9502001405 -0.0254566744 -0.3105988801 -0.3107075095 0.0003286095 0.9505054951
578.8 -277.5 2647.5 -0.5025154352 0.0686321333 0.8618398309 0.2809764743 0.9556970596 0.0877233744 -0.8176370859 0.2862390578 -0.4995365441
552.3 -645.7 2537.2 -0.5051496625 -0.1118055731 0.8557589650 -0.1722216755 0.9846884012 0.0269888379 -0.8456734419 -0.1337468326 -0.5166703463
573.2 -275.0 2637.2 -0.2894658744 0.0448163785 0.9561386108 0.2689494491 0.9624696374 0.0363098867 -0.9186270833 0.2676634192 -0.2906554639
556.0 -645.0 2534.3 -0.2651410699 -0.1164498478 0.9571518302 -0.1683903039 0.9830172062 0.0729508325 -0.9493918419 -0.1418328285 -0.2802472413
539.4 -175.9 2633.0 0 0 0 0 0 0 0 0 0
600.8 -338.6 2749.1 0 0 0 0 0 0 0 0 0
593.9 -1011.7 2587.0 0 0 0 0 0 0 0 0 0
599.2 -1009.5 2586.9 0 0 0 0 0 0 0 0 0
539.1 305.5 2618.4 39 0.9050018191 -0.2461983860 -0.3469265699 0.2907634676 0.9532749653 0.0819963291 0.3105290830 -0.1750804037 0.9343010783
590.0 108.2 2654.7 0.9050018191 -0.2461983860 -0.3469265699 0.2907634676 0.9532749653 0.0819963291 0.3105290830 -0.1750804037 0.9343010783
575.3 -85.5 2613.8 0.9415294528 -0.0890034214 -0.3249625266 0.0783603862 0.9958760738 -0.0457214788 0.3276917934 0.0175839309 0.9446210265
497.9 101.3 2648.3 0.2190584242 -0.9073367715 -0.3588222563 0.9750229120 0.1897474527 0.1154391766 -0.0366565995 -0.3751478493 0.9262399077
454.9 -90.0 2655.5 0.0947366953 -0.9062142372 -0.4120688438 0.9533335567 0.2017844319 -0.2245844752 0.2866707146 -0.3715626597 0.8830408454
682.2 115.1 2661.0 0.2834763527 0.7159925103 0.6379622817 -0.8996856213 -0.0317304693 0.4353836775 0.3319742978 -0.6973865032 0.6351733208
740.2 -69.3 2729.0 -0.2018150091 0.7159925103 0.6683003902 -0.9657209516 -0.0317304693 -0.2576359212 -0.1632599086 -0.6973865032 0.6978526115
550.2 -281.1 2653.8 -0.9529579282 0.0754632801 0.2935583889 0.1515584737 0.9573765397 0.2458865792 -0.2624905109 0.2788108289 -0.9237766266
521.0 -651.4 2546.0 -0.9661219716 -0.0690476596 0.2486779243 -0.0975540355 0.9897620082 -0.1041843593 -0.2389382720 -0.1249143407 -0.9629667401
626.5 -272.2 2607.4 0.8556609154 0.0900386721 0.5096443892 0.0540124811 0.9638362527 -0.2609641254 -0.5147106051 0.2508239746 0.8198538423
591.8 -644.1 2510.6 0.8556609154 -0.1784596592 0.4857946932 0.0540124811 0.9643341303 0.2591184676 -0.5147106051 -0.1954785734 0.8347820640
437.3 -267.5 2602.2 0 0 0 0 0 0 0 0 0
684.8 -334.5 2684.1 0 0 0 0 0 0 0 0 0
546.7 -1019.7 2592.5 0 0 0 0 0 0 0 0 0
658.0 -1001.7 2583.1 0 0 0 0 0 0 0 0 0
545.0 305.8 2618.2 40 0.9789270163 -0.1887440830 0.0779589936 0.1831760108 0.9803406000 0.0733404607 -0.0902689472 -0.0575147420 0.9942553043
583.0 108.2 2629.8 0.9789270163 -0.1887440830 0.0779589936 0.1831760108 0.9803406000 0.0733404607 -0.0902689472 -0.0575147420 0.9942553043
578.8 -84.5 2602.9 0.9917151332 -0.0886727422 0.0929418430 0.0921094120 0.9951900840 -0.0333548896 -0.0895371288 0.0416393653 0.9951127172
473.4 98.7 2659.9 0.2385337502 -0.9702993035 0.0402608924 0.9679722786 0.2408954352 0.0707042217 -0.0783029199 0.0221060850 0.9966844916
420.7 -115.0 2677.1 0.1636885554 -0.9839919806 -0.0704686493 0.9122371674 0.1781700104 -0.3688885570 0.3755387664 -0.0039012902 0.9267984629
692.7 117.8 2599.7 0.4082337320 0.3662658930 0.8361785412 -0.8916141391 -0.0365703739 0.4513168335 0.1958813220 -0.9297913313 0.3116385937
776.3 -64.9 2639.9 -0.2367360294 0.3662658930 0.8998918533 -0.9700101614 -0.0365703739 -0.2402976155 -0.0551034436 -0.9297913313 0.3639391661
533.3 -285.2 2638.8 -0.9907652140 0.0688389316 -0.1168141663 0.0408927277 0.9731221199 0.2266300172 0.1292754114 0.2197602838 -0.9669505358
506.7 -661.6 2553.8 -0.9897661209 -0.0500340834 -0.1336398274 -0.0320568345 0.9905392528 -0.1334329545 0.1390516907 -0.1277833432 -0.9820061326
652.1 -272.7 2577.2 0.5732961893 0.0985645354 0.8133981228 0.0958996713 0.9778427482 -0.1860829592 -0.8137165904 0.1846852750 0.5511412024
614.0 -650.3 2505.9 0.6035826802 -0.1810394526 0.7764744759 -0.0361135714 0.9666721821 0.2534575462 -0.7964820862 -0.1810238510 0.5769286156
384.9 -314.6 2595.0 0 0 0 0 0 0 0 0 0
711.3 -331.4 2624.7 0 0 0 0 0 0 0 0 0
525.3 -1030.7 2601.4 0 0 0 0 0 0 0 0 0
681.4 -1009.9 2573.3 0 0 0 0 0 0 0 0 0
552.9 313.7 2617.6 41 0.9273729920 -0.1406436861 0.3466968834 0.1329106092 0.9900547266 0.0461129993 -0.3497343957 0.0033157449 0.9368430376
581.0 116.1 2616.9 0.9273729920 -0.1406436861 0.3466968834 0.1329106092 0.9900547266 0.0461129993 -0.3497343957 0.0033157449 0.9368430376
584.6 -76.1 2597.3 0.9316000938 -0.0815973133 0.3542077243 0.0951491967 0.9952418804 -0.0209818594 -0.3508102894 0.0532492809 0.9349313378
470.0 105.6 2672.0 0.2529719770 -0.9252829552 0.2825890779 0.9649150372 0.2625289261 -0.0041860617 -0.0703145117 0.2737334073 0.9592319131
406.1 -137.8 2689.7 0.2582155168 -0.9562001824 0.1378622800 0.8810896873 0.1745583266 -0.4395570457 0.3962394893 0.2349694669 0.8875717521
692.0 126.6 2561.9 0.4520206749 0.1063439101 0.8856456876 -0.8874846101 -0.0462407954 0.4585115910 0.0897128806 -0.9932536483 0.0734767914
784.7 -55.3 2580.3 -0.2358676493 0.1063439101 0.9659489989 -0.9715797901 -0.0462407954 -0.2321518362 0.0199783146 -0.9932536483 0.1142283082
526.7 -285.4 2631.2 -0.9261524081 0.0644125715 -0.3716082573 -0.0160166174 0.9777015448 0.2093874365 0.3768091500 0.1998765916 -0.9044690132
501.7 -664.2 2553.8 -0.9275069833 -0.0358657837 -0.3720812500 0.0115538538 0.9921601415 -0.1244375631 0.3736272454 -0.1197156832 -0.9198210835
663.6 -270.2 2556.5 0.3373684883 0.0959738716 0.9364675879 0.1016165316 0.9852639437 -0.1375827789 -0.9358720779 0.1415766776 0.3226444721
626.5 -651.3 2501.7 0.3883377612 -0.1899088919 0.9017363191 -0.1115236133 0.9616568089 0.2505566478 -0.9147438407 -0.1978655010 0.3522683382
345.4 -345.1 2596.5 0 0 0 0 0 0 0 0 0
719.9 -322.1 2585.8 0 0 0 0 0 0 0 0 0
515.1 -1034.2 2598.4 0 0 0 0 0 0 0 0 0
697.2 -1009.6 2575.4 0 0 0 0 0 0 0 0 0
559.6 312.5 2609.3 42 0.8883721828 -0.1056837365 0.4467950761 0.1054470316 0.9940984845 0.0254788790 -0.4468509853 0.0244784839 0.8942734599
580.7 114.5 2604.4 0.8883721828 -0.1056837365 0.4467950761 0.1054470316 0.9940984845 0.0254788790 -0.4468509853 0.0244784839 0.8942734599
589.6 -77.4 2588.4 0.8895890713 -0.0750475600 0.4505542815 0.0920499414 0.9956273437 -0.0159075670 -0.4473903477 0.0556246936 0.8926072717
468.5 104.1 2668.1 0.2527024448 -0.9495691657 0.1856336594 0.9611396194 0.2684048116 0.0645712689 -0.1111398563 0.1621025503 0.9804951549
401.6 -150.4 2697.6 0.3120322526 -0.9495691657 0.0308910701 0.8598071933 0.2684048116 -0.4343851805 0.4041874707 0.1621025503 0.9001973271
692.9 124.9 2540.7 0.4585051835 0.0012764611 0.8886908293 -0.8874507546 -0.0521716364 0.4579403102 0.0469489954 -0.9986373186 -0.0227881689
786.8 -56.9 2550.3 -0.2329442501 0.0012764611 0.9724892378 -0.9711811543 -0.0521716364 -0.2325624377 0.0504394956 -0.9986373186 0.0133927576
529.4 -277.4 2631.7 -0.8825928569 0.0784476772 -0.4635470212 -0.0270140730 0.9758893251 0.2165879011 0.4693613946 0.2036812305 -0.8591937423
499.0 -655.9 2552.7 -0.8861886859 -0.0321616307 -0.4622069597 0.0332859829 0.9905908704 -0.1327471882 0.4621273577 -0.1330240667 -0.8767798543
670.0 -261.3 2541.8 0.2346269488 0.0911709890 0.9678006172 0.0712745711 0.9912988544 -0.1106639355 -0.9694690108 0.0949443132 0.2260872573
634.7 -645.1 2505.0 0.2696140110 -0.1876097471 0.9445161819 -0.0916835740 0.9713813663 0.2191172391 -0.9585939646 -0.1456736922 0.2446973026
324.7 -362.3 2598.0 0 0 0 0 0 0 0 0 0
722.9 -323.7 2564.1 0 0 0 0 0 0 0 0 0
511.0 -1025.4 2602.3 0 0 0 0 0 0 0 0 0
704.5 -1006.8 2559.3 0 0 0 0 0 0 0 0 0
562.5 308.5 2615.1 43 0.8130147457 -0.1009229794 0.5734296441 0.1260053664 0.9920212626 -0.0040571359 -0.5684449077 0.0755537152 0.8192448020
582.5 111.7 2600.1 0.8130147457 -0.1009229794 0.5734296441 0.1260053664 0.9920212626 -0.0040571359 -0.5684449077 0.0755537152 0.8192448020
596.7 -79.1 2579.3 0.8131256700 -0.0884324983 0.5753315091 0.1248433515 0.9918865561 -0.0239832643 -0.5685426593 0.0913277194 0.8175686598
477.7 96.6 2677.9 0.2811958194 -0.9065331221 0.3148437440 0.9539394975 0.2997899652 0.0111983968 -0.1045387164 0.2971929312 0.9490774274
403.4 -155.3 2705.5 0.3467313051 -0.9262160063 0.1479909718 0.8644511104 0.2543222308 -0.4336409271 0.3640077710 0.2782878578 0.8888499141
687.4 126.8 2522.4 0.4801889062 -0.1422154009 0.8655595779 -0.8761391640 -0.0300507024 0.4811207056 -0.0424120985 -0.9893794656 -0.1390305012
785.8 -52.7 2513.7 -0.2014176100 -0.1422154009 0.9691262841 -0.9777480364 -0.0300507024 -0.2076193243 0.0586495921 -0.9893794656 -0.1329980791
531.2 -278.7 2624.2 -0.8028011918 0.0782070160 -0.5910955667 -0.0401218049 0.9820277691 0.1844224632 0.5948953629 0.1717703938 -0.7852352858
500.8 -659.6 2557.6 -0.8075035214 -0.0115208859 -0.5897502303 0.0540672354 0.9941546917 -0.0934514776 0.5873795748 -0.1073485613 -0.8021605611
676.5 -262.7 2530.9 0.0863334984 0.0911473557 0.9920880198 0.0556894094 0.9938076138 -0.0961515456 -0.9947085977 0.0635498986 0.0807229504
641.2 -647.8 2506.3 0.1203616261 -0.1868389994 0.9749893546 -0.1138406023 0.9730526805 0.2005213946 -0.9861811996 -0.1351284534 0.0958483368
316.0 -373.1 2613.7 0 0 0 0 0 0 0 0 0
730.5 -321.2 2529.8 0 0 0 0 0 0 0 0 0
505.1 -1030.4 2597.6 0 0 0 0 0 0 0 0 0
710.8 -1010.6 2556.7 0 0 0 0 0 0 0 0 0
567.9 308.0 2618.0 44 0.7797906399 -0.0935169235 0.6190162897 0.1411737800 0.9895790815 -0.0283411015 -0.6099151969 0.1094890013 0.7848666310
586.4 112.1 2596.4 0.7797906399 -0.0935169235 0.6190162897 0.1411737800 0.9895790815 -0.0283411015 -0.6099151969 0.1094890013 0.7848666310
603.2 -78.0 2571.7 0.7795976996 -0.0914039612 0.6195746064 0.1432378292 0.9890932441 -0.0343152359 -0.6096805334 0.1154986098 0.7841873169
483.8 94.5 2678.8 0.2730429173 -0.8859354258 0.3749212325 0.9521766305 0.3044435084 0.0259580091 -0.1371394545 0.3499035835 0.9266932011
411.2 -159.0 2715.3 0.4007939398 -0.8957257867 0.1924564391 0.8491479158 0.2843188345 -0.4450961947 0.3439651430 0.3418158591 0.8745569587
688.9 129.8 2513.9 0.4842951000 -0.1961281896 0.8526382446 -0.8706817031 -0.0124040144 0.4916904569 -0.0858582184 -0.9804998040 -0.1767724305
788.2 -48.6 2496.3 -0.1898709983 -0.1961281896 0.9620201588 -0.9805154204 -0.0124040144 -0.1960501820 0.0503838770 -0.9804998040 -0.1899515390
544.6 -282.7 2615.1 -0.7627950311 0.1152964309 -0.6362785697 -0.0010971994 0.9837438464 0.1795740128 0.6466394067 0.1376762986 -0.7502684593
500.0 -663.9 2561.7 -0.7643240094 -0.0125844991 -0.6447095871 0.0476470105 0.9959742427 -0.0759281293 0.6430696249 -0.0887521803 -0.7606474161
681.7 -260.5 2507.8 0.0248961747 0.1008827388 0.9945867658 0.0099615566 0.9948207140 -0.1011558175 -0.9996404052 0.0124260252 0.0237622820
642.7 -645.8 2503.0 0.0549174808 -0.1889553964 0.9804488420 -0.1425210685 0.9703930020 0.1950003803 -0.9882670641 -0.1504435539 0.0263614133
309.3 -374.9 2627.9 0 0 0 0 0 0 0 0 0
736.0 -317.9 2510.2 0 0 0 0 0 0 0 0 0
504.7 -1035.5 2594.8 0 0 0 0 0 0 0 0 0
713.1 -1007.8 2559.1 0 0 0 0 0 0 0 0 0
569.7 304.7 2609.5 45 0.7410592437 -0.0970932171 0.6643825173 0.1374936104 0.9904651642 -0.0086147115 -0.6572113037 0.0977323651 0.7473430634
588.9 109.0 2590.2 0.7410592437 -0.0970932171 0.6643825173 0.1374936104 0.9904651642 -0.0086147115 -0.6572113037 0.0977323651 0.7473430634
607.7 -81.4 2568.0 0.7407415509 -0.0957980677 0.6649245620 0.1407552809 0.9899428487 -0.0141800614 -0.6568789482 0.1040954068 0.7467758656
490.4 91.6 2678.6 0.2681556344 -0.8806796074 0.3905073404 0.9468823671 0.3156259954 0.0615956187 -0.1775002778 0.3532473147 0.9185369015
419.6 -158.4 2725.4 0.4404646158 -0.8806796074 0.1743397564 0.8200363517 0.3156259954 -0.4774103463 0.3654193878 0.3532473147 0.8612113595
687.4 126.3 2501.8 0.4883680642 -0.2532339692 0.8350863457 -0.8669294715 -0.0315155052 0.4974334538 -0.0996488780 -0.9668915868 -0.2349271476
787.5 -51.3 2481.4 -0.1753261834 -0.2532339692 0.9513849616 -0.9814229608 -0.0315155052 -0.1892503649 0.0779079944 -0.9668915868 -0.2430041283
552.9 -282.7 2605.0 -0.7217231393 0.1349978596 -0.6788897514 0.0157838594 0.9837515354 0.1788402051 0.6920018792 0.1183576137 -0.7121270299
500.5 -664.2 2559.2 -0.7230606079 -0.0126125487 -0.6906694770 0.0614281520 0.9946982861 -0.0824735388 0.6880479455 -0.1020599157 -0.7184523940
688.1 -257.1 2493.3 -0.0343354829 0.1183161139 0.9923821688 -0.0105038909 0.9928700924 -0.1187377051 -0.9993551373 -0.0145007903 -0.0328478925
642.2 -642.0 2498.9 0.0010421755 -0.1993512660 0.9799275398 -0.1842633933 0.9631103873 0.1961260289 -0.9828763604 -0.1807691753 -0.0357294120
308.7 -365.0 2633.4 0 0 0 0 0 0 0 0 0
739.4 -320.9 2502.8 0 0 0 0 0 0 0 0 0
505.2 -1035.4 2597.2 0 0 0 0 0 0 0 0 0
716.6 -1001.2 2566.4 0 0 0 0 0 0 0 0 0
568.8 307.2 2604.2 46 0.6958702803 -0.1133044660 0.7091732025 0.1458184421 0.9891982675 0.0149608785 -0.7032080293 0.0929996967 0.7048755884
591.2 111.8 2585.9 0.6958702803 -0.1133044660 0.7091732025 0.1458184421 0.9891982675 0.0149608785 -0.7032080293 0.0929996967 0.7048755884
612.8 -78.5 2565.0 0.6958597302 -0.1084530801 0.7099416256 0.1459126323 0.9892642498 0.0081049334 -0.7031989098 0.0979495570 0.7042138577
498.1 93.7 2680.2 0.2581681013 -0.8629665971 0.4343246520 0.9400905967 0.3280137181 0.0929339156 -0.2226633132 0.3843119442 0.8959494233
428.9 -158.4 2740.0 0.4708385170 -0.8629665971 0.1833024174 0.7980109453 0.3280137181 -0.5055546761 0.3761511147 0.3843119442 0.8430982828
684.3 129.8 2491.5 0.4980764687 -0.3118247390 0.8091261983 -0.8588821888 -0.0489905328 0.5098247528 -0.1193364486 -0.9488757849 -0.2922217250
786.4 -46.2 2467.0 -0.1510230899 -0.3118247390 0.9380604029 -0.9834180474 -0.0489905328 -0.1746105850 0.1004039794 -0.9488757849 -0.2992553711
561.0 -286.0 2607.1 -0.6773625612 0.1524971873 -0.7196697593 0.0142542534 0.9808153510 0.1944173276 0.7355112433 0.1214326695 -0.6665413380
501.8 -666.5 2560.0 -0.6790896654 -0.0039096745 -0.7340449095 0.0797721446 0.9936703444 -0.0790923834 0.7297078967 -0.1122671589 -0.6744793653
691.2 -260.9 2488.4 -0.0941354781 0.1234613284 0.9878743887 -0.0093641197 0.9921270013 -0.1248851195 -0.9955153465 -0.0210066941 -0.0922382399
643.3 -645.8 2496.5 -0.0531781726 -0.2056986839 0.9771694541 -0.2099938095 0.9589759707 0.1904408783 -0.9762554169 -0.1950722486 -0.0941920429
310.1 -359.8 2645.1 0 0 0 0 0 0 0 0 0
744.9 -316.3 2494.6 0 0 0 0 0 0 0 0 0
503.3 -1037.4 2601.9 0 0 0 0 0 0 0 0 0
720.0 -1003.6 2569.3 0 0 0 0 0 0 0 0 0
570.7 307.7 2603.1 47 0.6402475238 -0.1062648669 0.7607830763 0.1407553703 0.9898462892 0.0198053848 -0.7551628947 0.0944039524 0.6487039924
591.9 110.9 2584.3 0.6402475238 -0.1062648669 0.7607830763 0.1407553703 0.9898462892 0.0198053848 -0.7551628947 0.0944039524 0.6487039924
612.9 -79.4 2563.5 0.6400101185 -0.1049668565 0.7611629367 0.1429800391 0.9895922542 0.0162458122 -0.7549461722 0.0984336138 0.6483572125
506.0 93.3 2685.5 0.2355477512 -0.8396624923 0.4893712103 0.9414159656 0.3221825659 0.0996711552 -0.2413569987 0.4372245669 0.8663610816
443.2 -157.7 2749.8 0.4919513166 -0.8396624923 0.2301104516 0.7922748923 0.3221825659 -0.5181688070 0.3609493375 0.4372245669 0.8237416148
677.7 128.6 2483.2 0.4912917316 -0.3825337291 0.7824962735 -0.8579395413 -0.0575705580 0.5105147958 -0.1502403915 -0.9221462011 -0.3564747572
778.4 -47.2 2452.4 -0.1387752146 -0.3825337291 0.9134601355 -0.9831545949 -0.0575705580 -0.1734724641 0.1189474761 -0.9221462011 -0.3681004345
572.2 -283.4 2609.0 -0.6221219897 0.1829298586 -0.7612495422 0.0041873511 0.9730841517 0.2304120809 0.7829091549 0.1401568055 -0.6061429977
501.3 -660.8 2554.6 -0.6255046725 -0.0045012292 -0.7802073956 0.1007492617 0.9911453128 -0.0864904746 0.7736881971 -0.1327055246 -0.6195125580
695.4 -257.5 2482.7 -0.1721531749 0.1217157617 0.9775216579 -0.0422515832 0.9905114174 -0.1307741851 -0.9841636419 -0.0638150275 -0.1653770059
648.2 -641.5 2507.5 -0.1491058469 -0.1860984713 0.9711512923 -0.1708049029 0.9722144008 0.1600776315 -0.9739574790 -0.1420088857 -0.1767493784
320.1 -356.0 2659.5 0 0 0 0 0 0 0 0 0
740.2 -317.3 2485.1 0 0 0 0 0 0 0 0 0
503.0 -1030.7 2604.2 0 0 0 0 0 0 0 0 0
717.5 -1003.7 2560.4 0 0 0 0 0 0 0 0 0
576.3 303.2 2610.5 48 0.5477130413 -0.0961172432 0.8311268687 0.1548283845 0.9878659248 0.0122116348 -0.8222156763 0.1219935715 0.5559486747
595.4 107.8 2586.4 0.5477130413 -0.0961172432 0.8311268687 0.1548283845 0.9878659248 0.0122116348 -0.8222156763 0.1219935715 0.5559486747
615.5 -81.9 2560.5 0.5470241308 -0.1025588065 0.8308106065 0.1616749913 0.9867246151 0.0153550887 -0.8213560581 0.1259216964 0.5563433766
522.1 87.6 2696.2 0.2298756689 -0.8158672452 0.5305824876 0.9367033243 0.3334176838 0.1068623066 -0.2640910447 0.4724333286 0.8408702016
461.8 -158.1 2765.5 0.5175399780 -0.8158672452 0.2579011321 0.7854534388 0.3334176838 -0.5214360952 0.3394338191 0.4724333286 0.8133826852
668.6 128.0 2476.6 0.4789992571 -0.4859816730 0.7310140133 -0.8498430252 -0.0481853075 0.5248284936 -0.2198328972 -0.8726396561 -0.4360888600
766.7 -46.2 2431.6 -0.1144728661 -0.4859816730 0.8664397001 -0.9863675237 -0.0481853075 -0.1573444605 0.1182161942 -0.8726396561 -0.4738406241
576.4 -284.2 2611.8 -0.5290101171 0.1910381466 -0.8268329501 -0.0226670280 0.9708030820 0.2388045937 0.8483127356 0.1450718939 -0.5092343688
502.3 -660.9 2555.5 -0.5344299674 -0.0032370624 -0.8452065587 0.1133051217 0.9906921983 -0.0754378736 0.8375837803 -0.1360825002 -0.5290888548
690.0 -258.7 2476.8 -0.2859138846 0.0918795019 0.9538403153 -0.0454702415 0.9929706454 -0.1092784777 -0.9571759105 -0.0746155903 -0.2797263265
654.4 -643.8 2505.8 -0.2685010433 -0.1533066332 0.9510017037 -0.1721829623 0.9789929390 0.1092057005 -0.9477658868 -0.1344244480 -0.2892574072
331.8 -355.4 2680.2 0 0 0 0 0 0 0 0 0
735.3 -317.1 2464.1 0 0 0 0 0 0 0 0 0
503.5 -1030.6 2606.3 0 0 0 0 0 0 0 0 0
711.5 -1008.7 2555.9 0 0 0 0 0 0 0 0 0
578.5 300.3 2613.8 49 0.4783170819 -0.1019470021 0.8722497225 0.1848827302 0.9826682806 0.0134680700 -0.8585051894 0.1548219025 0.4888752699
598.6 106.6 2583.2 0.4783170819 -0.1019470021 0.8722497225 0.1848827302 0.9826682806 0.0134680700 -0.8585051894 0.1548219025 0.4888752699
619.3 -82.0 2551.4 0.4780181944 -0.1056107581 0.8719776273 0.1877120137 0.9820930958 0.0160438064 -0.8580575585 0.1560114324 0.4892827570
534.5 82.9 2698.0 0.1999544054 -0.7836051583 0.5882017016 0.9200565815 0.3565925956 0.1622886062 -0.3369185627 0.5087285042 0.7922633290
483.2 -153.3 2784.5 0.5614263415 -0.7836051583 0.2660139501 0.7570855618 0.3565925956 -0.5474149585 0.3340985775 0.5087285042 0.7934566736
662.7 130.4 2468.4 0.4715438783 -0.5528689027 0.6870097518 -0.8374764919 -0.0367625989 0.5452353954 -0.2761874199 -0.8324568868 -0.4803498685
759.3 -41.2 2411.8 -0.0913890749 -0.5528689027 0.8282415271 -0.9903244376 -0.0367625989 -0.1338132918 0.1044295207 -0.8324568868 -0.5441598892
586.7 -287.8 2609.1 -0.4550727904 0.2169421762 -0.8636230826 -0.0264534727 0.9661462307 0.2566352487 0.8900611997 0.1396335512 -0.4339280128
502.5 -662.7 2554.9 -0.4609666765 -0.0037945746 -0.8874093294 0.1249119043 0.9897574186 -0.0691179708 0.8785822392 -0.1427090764 -0.4557712078
683.5 -258.9 2463.1 -0.3636139333 0.0651392117 0.9292694926 -0.0788504556 0.9918200374 -0.1003772393 -0.9282066226 -0.1097718850 -0.3555033207
658.2 -643.4 2505.6 -0.3513309658 -0.1378309280 0.9260503054 -0.1803625971 0.9805411100 0.0775140747 -0.9187142849 -0.1397917420 -0.3693539798
342.5 -343.0 2700.8 0 0 0 0 0 0 0 0 0
734.2 -313.2 2440.5 0 0 0 0 0 0 0 0 0
503.9 -1032.1 2608.2 0 0 0 0 0 0 0 0 0
709.7 -1009.1 2557.7 0 0 0 0 0 0 0 0 0
578.5 297.6 2625.4 50 0.4539211988 -0.1087378860 0.8843820691 0.2360431999 0.9717411399 -0.0016734095 -0.8592084646 0.2095119655 0.4667607248
599.9 106.5 2584.1 0.4539211988 -0.1087378860 0.8843820691 0.2360431999 0.9717411399 -0.0016734095 -0.8592084646 0.2095119655 0.4667607248
621.4 -80.0 2542.2 0.4540394545 -0.1093236431 0.8842491508 0.2349890321 0.9719979167 -0.0004884892 -0.8594349027 0.2080106437 0.4670152664
538.9 76.3 2699.3 0.1422628760 -0.7642984986 0.6289746165 0.9103196859 0.3505505919 0.2200734019 -0.3886891901 0.5412597060 0.7456263304
500.7 -167.9 2803.6 0.6067376137 -0.7642984986 0.2184429020 0.6752342582 0.3505505919 -0.6489784122 0.4194379449 0.5412597060 0.7287727594
661.0 136.7 2469.0 0.4708471298 -0.5740161538 0.6699316502 -0.8181488514 -0.0000138628 0.5750064850 -0.3300537467 -0.8188439608 -0.4696371853
757.4 -31.0 2401.3 -0.0807664245 -0.5740161538 0.8148510456 -0.9951227307 -0.0000138628 -0.0986443684 0.0566347577 -0.8188439608 -0.5712154508
597.0 -289.4 2597.5 -0.4126292765 0.2433860302 -0.8777814507 0.0044742799 0.9641728997 0.2652368546 0.9108880758 0.1055170521 -0.3989349604
502.6 -663.2 2556.5 -0.4159343243 -0.0011083349 -0.9093939662 0.1274176538 0.9900637865 -0.0594843365 0.9004240036 -0.1406144351 -0.4116602838
681.7 -255.8 2444.8 -0.3923296630 0.0582578853 0.9179779291 -0.1294792295 0.9845574498 -0.1178206727 -0.9106659889 -0.1650836170 -0.3787279129
659.2 -637.2 2508.8 -0.3895801306 -0.1342482269 0.9111557007 -0.1503312290 0.9853202105 0.0808988363 -0.9086406231 -0.1054585800 -0.4040428996
348.9 -336.9 2698.6 0 0 0 0 0 0 0 0 0
735.3 -304.3 2416.9 0 0 0 0 0 0 0 0 0
503.0 -1032.8 2609.0 0 0 0 0 0 0 0 0 0
709.2 -1004.6 2548.1 0 0 0 0 0 0 0 0 0
579.6 292.6 2630.7 51 0.4021062255 -0.1107241139 0.9088733196 0.2781779468 0.9605104327 -0.0060574072 -0.8723116517 0.2552642226 0.4170282483
601.3 103.9 2580.5 0.4021062255 -0.1107241139 0.9088733196 0.2781779468 0.9605104327 -0.0060574072 -0.8723116517 0.2552642226 0.4170282483
623.4 -80.3 2529.8 0.4021830559 -0.1131501496 0.9085404873 0.2775186300 0.9607149363 -0.0032010099 -0.8724862337 0.2534242868 0.4177845418
547.2 68.0 2697.5 0.0205787756 -0.6740943193 0.7383585572 0.8778899312 0.3655785024 0.3092921376 -0.4784200788 0.6418327093 0.5993037820
541.9 -160.7 2822.2 0.6804841757 -0.6740943193 0.2872945070 0.6453294158 0.3655785024 -0.6707475781 0.3471184075 0.6418327093 0.6837832928
655.4 139.8 2463.5 0.4649029374 -0.6182017326 0.6337916255 -0.7955536246 0.0224596001 0.6054667830 -0.3885353208 -0.7856985331 -0.4813711047
750.7 -23.2 2383.9 -0.0616726689 -0.6182017326 0.7835962176 -0.9978960156 0.0224596001 -0.0608200282 0.0199997891 -0.7856985331 -0.6182862520
601.8 -289.4 2578.5 -0.3445851207 0.2514941692 -0.9044400454 0.0289485119 0.9658347368 0.2575367987 0.9383086562 0.0625611544 -0.3400926590
504.4 -663.8 2554.2 -0.3465680778 -0.0013433298 -0.9380238652 0.1316575408 0.9900304079 -0.0500608124 0.9287393689 -0.1408473998 -0.3429360688
682.7 -247.4 2425.3 -0.4428316951 0.0653408170 0.8942207098 -0.1599990726 0.9755737782 -0.1505192816 -0.8822133541 -0.2097291946 -0.4215605557
657.4 -625.3 2506.5 -0.4447759986 -0.1392637342 0.8847485185 -0.1465430409 0.9858406186 0.0815067962 -0.8835719824 -0.0934014693 -0.4588863850
371.3 -322.5 2735.2 0 0 0 0 0 0 0 0 0
733.8 -297.3 2389.4 0 0 0 0 0 0 0 0 0
504.9 -1033.4 2606.8 0 0 0 0 0 0 0 0 0
709.4 -993.1 2541.4 0 0 0 0 0 0 0 0 0
581.4 290.4 2634.3 52 0.3371481001 -0.1137465090 0.9345549345 0.3082380891 0.9512981772 0.0045850412 -0.8895619512 0.2865195572 0.3557893634
603.8 103.5 2578.0 0.3371481001 -0.1137465090 0.9345549345 0.3082380891 0.9512981772 0.0045850412 -0.8895619512 0.2865195572 0.3557893634
626.1 -79.0 2521.5 0.3373981416 -0.1151192933 0.9342965484 0.3061586320 0.9519566894 0.0067336522 -0.8901850581 0.2837710381 0.3564331830
558.3 63.8 2697.5 -0.0749226362 -0.6065150499 0.7915340066 0.8549293280 0.3695235252 0.3640716970 -0.5133053660 0.7039828897 0.4908418357
577.7 -157.2 2830.2 0.7166998982 -0.6065150499 0.3442103267 0.6374322176 0.3695235252 -0.6761158109 0.2828806043 0.7039828897 0.6514496803
649.2 143.2 2458.6 0.4536976218 -0.6696195006 0.5880205631 -0.7761871815 0.0272509567 0.6299133897 -0.4378264248 -0.7422041893 -0.5073863864
742.2 -15.8 2368.9 -0.0402757078 -0.6696195006 0.7416114807 -0.9991885424 0.0272509567 -0.0296587311 -0.0003495563 -0.7422041893 -0.6701737046
609.1 -291.3 2558.5 -0.2632233202 0.2659075260 -0.9273654222 0.0709231719 0.9639970660 0.2562802434 0.9621244073 0.0016872360 -0.2726055086
506.2 -664.5 2557.8 -0.2637079954 -0.0001059186 -0.9646025300 0.1308045983 0.9907590747 -0.0358688198 0.9556925297 -0.1356333345 -0.2612572312
680.8 -241.6 2402.9 -0.4993468523 0.0593704432 0.8643655777 -0.1890082061 0.9661558270 -0.1755527407 -0.8455345035 -0.2510339022 -0.4712253809
657.8 -616.0 2500.2 -0.5049499273 -0.1325782090 0.8529059887 -0.1503363103 0.9865387082 0.0643461496 -0.8499556184 -0.0957311541 -0.5180839300
397.4 -317.6 2759.1 0 0 0 0 0 0 0 0 0
731.1 -290.2 2368.8 0 0 0 0 0 0 0 0 0
506.2 -1034.4 2608.4 0 0 0 0 0 0 0 0 0
707.3 -984.1 2535.9 0 0 0 0 0 0 0 0 0
585.1 286.6 2643.1 53 0.2499814630 -0.0935198367 0.9637236595 0.3439706266 0.9389784932 0.0018956036 -0.9050930738 0.3310187757 0.2668952942
603.5 102.2 2578.1 0.2499814630 -0.0935198367 0.9637236595 0.3439706266 0.9389784932 0.0018956036 -0.9050930738 0.3310187757 0.2668952942
622.9 -78.2 2514.1 0.2505015135 -0.1015809253 0.9627721906 0.3389600813 0.9407356977 0.0110626249 -0.9068379402 0.3235701323 0.2700875998
569.8 58.0 2699.7 -0.1569790691 -0.5303371549 0.8331266642 0.8505956531 0.3560577631 0.3869236112 -0.5018411875 0.7693928480 0.3952088654
610.3 -161.5 2829.2 0.7424150109 -0.5303371549 0.4093438983 0.6332406998 0.3560577631 -0.6871892810 0.2186919451 0.7693928480 0.6001737118
637.2 146.3 2456.6 0.4222631752 -0.7349240780 0.5306414962 -0.7547684312 0.0391402580 0.6548225880 -0.5020143986 -0.6770188808 -0.5381700397
723.7 -8.4 2353.7 -0.0266220644 -0.7349240780 0.6776266098 -0.9992285967 0.0391402580 0.0031928944 -0.0288690161 -0.6770188808 -0.7353991866
617.9 -290.9 2545.8 -0.1639866233 0.2863518298 -0.9439867735 0.0769037530 0.9577399492 0.2771642804 0.9834603071 -0.0271448921 -0.1790780723
507.0 -662.0 2556.3 -0.1640398502 0.0050556008 -0.9864407778 0.1472145021 0.9889140725 -0.0194127113 0.9754070044 -0.1484028399 -0.1629655808
678.1 -236.2 2387.1 -0.5728999376 0.0584445111 0.8175389171 -0.1948779523 0.9591372013 -0.2051301301 -0.7961207628 -0.2768393457 -0.5381001234
655.4 -608.1 2494.5 -0.5752208829 -0.1526500583 0.8036285639 -0.1803730130 0.9819214344 0.0574096553 -0.7978637218 -0.1119296774 -0.5923556685
423.1 -321.1 2774.0 0 0 0 0 0 0 0 0 0
716.4 -282.8 2345.8 0 0 0 0 0 0 0 0 0
505.1 -1031.1 2611.7 0 0 0 0 0 0 0 0 0
712.4 -974.4 2536.2 0 0 0 0 0 0 0 0 0
585.3 285.4 2648.1 54 0.1827382594 -0.1045338884 0.9775885344 0.3811284900 0.9241108298 0.0275720786 -0.9062824249 0.3675483763 0.2087112516
605.9 104.0 2575.9 0.1827382594 -0.1045338884 0.9775885344 0.3811284900 0.9241108298 0.0275720786 -0.9062824249 0.3675483763 0.2087112516
625.6 -73.5 2504.5 0.1833854318 -0.1039072499 0.9775341749 0.3753828406 0.9264451861 0.0280549042 -0.9085469246 0.3618046939 0.2089015394
581.1 55.0 2697.9 -0.2214676589 -0.4828057587 0.8472607136 0.8517158031 0.3273516297 0.4091712832 -0.4749024212 0.8122435212 0.3387154937
638.3 -164.8 2820.4 0.7452464700 -0.4828057587 0.4598981142 0.6406758428 0.3273516297 -0.6945325136 0.1847758889 0.8122435212 0.5532796383
630.6 153.0 2454.0 0.4077862501 -0.7775518298 0.4786684811 -0.7261093259 0.0416942909 0.6863139868 -0.5536024570 -0.6274350286 -0.5475852489
714.2 4.3 2340.6 -0.0036538532 -0.7775518298 0.6288082004 -0.9980821013 0.0416942909 0.0457573943 -0.0617964566 -0.6274350286 -0.7762129307
619.7 -290.9 2532.1 -0.0901060328 0.2872977257 -0.9535936713 0.0832864270 0.9563083649 0.2802457809 0.9924435616 -0.0541695729 -0.1100971550
508.4 -661.6 2553.1 -0.0894918367 0.0109820710 -0.9959270358 0.1690734923 0.9855939746 -0.0043244474 0.9815321565 -0.1687718630 -0.0900593922
664.3 -230.3 2370.8 -0.6188896298 0.0263125915 0.7850371003 -0.2346020490 0.9476273656 -0.2167124301 -0.7496249080 -0.3182923794 -0.5803037286
654.1 -597.4 2494.2 -0.6272311211 -0.1590927243 0.7624110579 -0.1878266037 0.9809203148 0.0501653068 -0.7558454275 -0.1117358506 -0.6451455355
449.9 -326.8 2773.7 0 0 0 0 0 0 0 0 0
713.2 -269.9 2323.6 0 0 0 0 0 0 0 0 0
504.3 -1029.5 2616.1 0 0 0 0 0 0 0 0 0
713.5 -963.5 2535.9 0 0 0 0 0 0 0 0 0
586.3 286.9 2651.5 55 0.1551617980 -0.0943959951 0.9833688140 0.4011518955 0.9156811237 0.0246023480 -0.9027745724 0.3906629086 0.1799458563
604.8 107.1 2574.8 0.1551617980 -0.0943959951 0.9833688140 0.4011518955 0.9156811237 0.0246023480 -0.9027745724 0.3906629086 0.1799458563
621.9 -68.5 2498.2 0.1555120051 -0.0893489346 0.9837849140 0.3976581991 0.9173056483 0.0204512756 -0.9042587876 0.3880297244 0.1781823933
583.7 55.1 2696.4 -0.2396668643 -0.4525126815 0.8589482307 0.8582544923 0.3148175180 0.4053260386 -0.4538271129 0.8343393803 0.3129197061
645.7 -166.9 2813.8 0.7565752864 -0.4525126815 0.4720446169 0.6307922006 0.3148175180 -0.7092186809 0.1723225415 0.8343393803 0.5236245990
626.0 159.2 2453.3 0.3875949085 -0.7970322967 0.4631518722 -0.7129418850 0.0593152307 0.6987099051 -0.5843663216 -0.6010168195 -0.5452474356
705.4 13.1 2333.5 -0.0088166287 -0.7970322967 0.6038722992 -0.9962019920 0.0593152307 0.0637436360 -0.0866245627 -0.6010168195 -0.7945281863
628.9 -286.6 2515.2 -0.0420745797 0.3138916492 -0.9485260844 0.1092440188 0.9451200366 0.3079186380 0.9931241274 -0.0906652585 -0.0740563124
507.3 -652.9 2550.4 -0.0425774492 -0.0073550143 -0.9990661144 0.1671686620 0.9858233929 -0.0143817915 0.9850085378 -0.1676248759 -0.0407443158
661.5 -219.6 2353.6 -0.6441951990 0.0238901731 0.7644879222 -0.2564224005 0.9349225163 -0.2452904135 -0.7205970287 -0.3540467322 -0.5961466432
652.3 -581.9 2490.8 -0.6572405100 -0.1586365998 0.7367966771 -0.1866323352 0.9814068079 0.0448219962 -0.7302076817 -0.1080512479 -0.6746270657
454.1 -326.6 2770.1 0 0 0 0 0 0 0 0 0
703.0 -260.5 2309.7 0 0 0 0 0 0 0 0 0
510.0 -1020.8 2612.9 0 0 0 0 0 0 0 0 0
711.5 -948.2 2531.1 0 0 0 0 0 0 0 0 0
586.4 288.4 2653.7 56 0.0984763503 -0.0921475887 0.9908638597 0.3968407214 0.9167433977 0.0458148345 -0.9125896692 0.3887034655 0.1268454641
604.4 109.4 2577.9 0.0984763503 -0.0921475887 0.9908638597 0.3968407214 0.9167433977 0.0458148345 -0.9125896692 0.3887034655 0.1268454641
620.7 -67.0 2502.5 0.0993053466 -0.0857948586 0.9913514256 0.3882807195 0.9206383824 0.0407803804 -0.9161749482 0.3808729649 0.1247368082
590.7 58.7 2701.1 -0.2832964659 -0.4117885828 0.8661254644 0.8448156118 0.3202893138 0.4286039174 -0.4539049268 0.8531382680 0.2571486235
664.0 -159.9 2818.5 0.7540906668 -0.4117885828 0.5116419196 0.6453998089 0.3202893138 -0.6934506893 0.1216816530 0.8531382680 0.5072954297
618.1 160.1 2454.6 0.3691751063 -0.8290547132 0.4199737906 -0.7135159373 0.0367087685 0.6996766925 -0.5954869986 -0.5579612255 -0.5779917836
