239.5 292.1 3287.0 7 -0.8127870560 0.1234847531 -0.5693230033 -0.0404107384 0.9629713297 0.2665579915 0.5811575651 0.2396616638 -0.7777005434
214.4 96.2 3238.2 -0.8127870560 0.1234847531 -0.5693230033 -0.0404107384 0.9629713297 0.2665579915 0.5811575651 0.2396616638 -0.7777005434
184.9 -89.4 3190.5 -0.8103680015 0.1508144140 -0.5661790371 -0.0234769639 0.9571719766 0.2885665298 0.5854506493 0.2471372485 -0.7721208930
324.6 99.6 3158.7 -0.2175148129 0.7928797603 -0.5692355037 0.1720103920 0.6052100658 0.7772600651 0.9607807994 0.0711511523 -0.2680257261
340.1 87.3 3090.0 -0.4264668822 0.7928797603 0.4352788925 0.6344950795 0.6052100658 -0.4807668626 -0.6446254849 0.0711511523 -0.7611803412
104.2 92.8 3317.8 -0.1248023808 0.2167681009 -0.9682127833 -0.9854249954 -0.1407709420 0.0955045596 -0.1155938730 0.9660202861 0.2311772555
74.6 -140.5 3290.4 -0.2866618037 0.2036526203 -0.9361360073 -0.9501938224 -0.1851759851 0.2506822646 -0.1222978085 0.9613716602 0.2465923429
220.0 -261.8 3081.7 -0.9630204439 -0.1548476070 -0.2204854786 -0.1584689766 0.9873631001 -0.0012787806 0.2178972512 0.0337086134 -0.9753894210
280.5 -648.1 3068.5 -0.9687722325 -0.0697748885 -0.2379323840 -0.1007855982 0.9875525832 0.1207566634 0.2265449464 0.1409658641 -0.9637458324
80.4 -272.2 3190.8 -0.7301674485 -0.1776960492 0.6597572565 0.0232506152 0.9585693479 0.2839087248 -0.6828725338 0.2226406634 -0.6957845688
149.5 -644.6 3104.3 -0.7324985266 0.0076660337 0.6807254553 0.1133923531 0.9873418212 0.1108974889 -0.6712585688 0.1584213078 -0.7240957618
430.3 -46.9 3226.3 0 0 0 0 0 0 0 0 0
-0.3 -388.7 3258.5 0 0 0 0 0 0 0 0 0
305.0 -993.9 3019.2 0 0 0 0 0 0 0 0 0
147.0 -962.3 3053.3 0 0 0 0 0 0 0 0 0
241.2 278.2 3294.0 8 -0.8466929197 0.1397569776 -0.5133995414 -0.0353921689 0.9479585886 0.3164204657 0.5309035182 0.2860812843 -0.7976835370
213.0 86.8 3236.2 -0.8466929197 0.1397569776 -0.5133995414 -0.0353921689 0.9479585886 0.3164204657 0.5309035182 0.2860812843 -0.7976835370
184.5 -97.4 3182.5 -0.8452459574 0.1464537829 -0.5139169097 -0.0257998351 0.9494056702 0.3129907846 0.5337543488 0.2778131664 -0.7987027764
328.1 90.4 3163.6 -0.2744903266 0.7940031886 -0.5424149632 0.1535371542 0.5930340290 0.7904030681 0.9492530823 0.1336771250 -0.2846910954
347.7 79.4 3095.8 -0.3783110976 0.7940031886 0.4758567810 0.6541496515 0.5930340290 -0.4694665670 -0.6549572349 0.1336771250 -0.7437482476
97.8 83.2 3308.8 -0.1271892488 0.1549691260 -0.9796976447 -0.9811217785 -0.1647262722 0.1013176516 -0.1456808299 0.9740892053 0.1729950011
67.7 -149.1 3274.3 -0.2881447375 0.1417033672 -0.9470442533 -0.9438556433 -0.2089103013 0.2559159696 -0.1615831405 0.9676138759 0.1939439327
227.0 -271.2 3090.3 -0.9758431315 -0.1477743238 -0.1609126478 -0.1546719372 0.9874747396 0.0311481394 0.1542942822 0.0552843697 -0.9864770174
284.6 -655.9 3068.7 -0.9826443791 -0.0590883791 -0.1758368015 -0.0838495493 0.9870294929 0.1369014680 0.1654668152 0.1492692977 -0.9748535156
83.1 -276.8 3195.1 -0.6849184632 -0.1799375266 0.7060518265 0.0410628803 0.9579538703 0.2839686275 -0.7274617553 0.2234878838 -0.6487315297
153.0 -648.9 3108.3 -0.6867426634 0.0172510184 0.7266958952 0.1421701014 0.9835983515 0.1110040694 -0.7128619552 0.1795456558 -0.6779315472
427.7 -58.9 3234.3 0 0 0 0 0 0 0 0 0
-7.5 -395.6 3232.1 0 0 0 0 0 0 0 0 0
304.6 -990.0 3018.2 0 0 0 0 0 0 0 0 0
147.5 -961.1 3051.3 0 0 0 0 0 0 0 0 0
240.6 282.3 3309.5 9 -0.8544643521 0.1353611648 -0.5015656352 -0.0589293465 0.9339734316 0.3524498940 0.5161570311 0.3307127953 -0.7900702357
213.3 94.1 3242.8 -0.8544643521 0.1353611648 -0.5015656352 -0.0589293465 0.9339734316 0.3524498940 0.5161570311 0.3307127953 -0.7900702357
185.6 -87.6 3180.8 -0.8527708054 0.1430340111 -0.5023178458 -0.0475508273 0.9365122318 0.3473956883 0.5201162100 0.3201345205 -0.7918288708
329.6 100.7 3172.0 -0.2878822684 0.7923629880 -0.5378519297 0.1132168323 0.5858487487 0.8024731874 0.9509499073 0.1701239049 -0.2583642900
350.1 92.6 3104.1 -0.3685742617 0.7923629880 0.4861212969 0.6819491982 0.5858487487 -0.4378659129 -0.6317422986 0.1701239049 -0.7562800646
97.0 87.5 3313.6 -0.1254900843 0.1410022676 -0.9820237160 -0.9738870859 -0.2062785774 0.0948321447 -0.1891989112 0.9682806730 0.1632061899
67.3 -142.9 3268.9 -0.2865954041 0.1277650297 -0.9494941831 -0.9356859326 -0.2502232194 0.2487571985 -0.2058030218 0.9597210288 0.1912607700
231.3 -278.4 3081.0 -0.9801845551 -0.1406561285 -0.1394779086 -0.1452219635 0.9891301990 0.0230653584 0.1347175390 0.0428635664 -0.9899564981
286.0 -663.1 3064.3 -0.9864472151 -0.0560344085 -0.1542142034 -0.0768630058 0.9881847501 0.1326009333 0.1449619085 0.1426571906 -0.9790990353
80.7 -283.6 3176.4 -0.6646187305 -0.1813846827 0.7248320580 0.0210821740 0.9651482701 0.2608531415 -0.7468851805 0.1886489242 -0.6376316547
151.1 -658.2 3103.2 -0.6677900553 0.0102179721 0.7442795038 0.1340093911 0.9852178097 0.1067115366 -0.7321870923 0.1710013449 -0.6592879891
428.1 -51.6 3237.6 0 0 0 0 0 0 0 0 0
-7.5 -387.2 3215.1 0 0 0 0 0 0 0 0 0
304.4 -989.0 3017.3 0 0 0 0 0 0 0 0 0
148.0 -961.5 3050.6 0 0 0 0 0 0 0 0 0
238.3 278.6 3304.7 0 -0.8576762080 0.1376662850 -0.4954184890 -0.0495041758 0.9369092584 0.3460496068 0.5118015409 0.3213238120 -0.7967497706
210.5 89.7 3239.9 -0.8576762080 0.1376662850 -0.4954184890 -0.0495041758 0.9369092584 0.3460496068 0.5118015409 0.3213238120 -0.7967497706
182.8 -92.3 3178.8 -0.8565216660 0.1435081214 -0.4957580864 -0.0418048576 0.9381173849 0.3437850773 0.5144152045 0.3151844442 -0.7975184917
327.4 95.4 3169.8 -0.2941958904 0.7928501964 -0.5337015390 0.1200858653 0.5846531391 0.8023465872 0.9481709599 0.1719570458 -0.2672126591
348.4 86.8 3102.1 -0.3621672392 0.7928501964 0.4901259542 0.6789667606 0.5846531391 -0.4440549910 -0.6386227608 0.1719570458 -0.7500611544
93.7 83.9 3310.1 -0.1271121800 0.1336290538 -0.9828457236 -0.9746972322 -0.2005105466 0.0987966433 -0.1838688403 0.9705353379 0.1557351947
63.6 -146.9 3266.5 -0.2880256772 0.1203116477 -0.9500349164 -0.9361076355 -0.2444863617 0.2528417408 -0.2018507719 0.9621598125 0.1830430031
234.0 -264.5 3072.3 -0.9826301932 -0.1309155822 -0.1315258294 -0.1333857328 0.9910126328 0.0101109631 0.1290200800 0.0274790078 -0.9912611842
284.9 -649.5 3061.6 -0.9877048731 -0.0571973734 -0.1454908401 -0.0753029808 0.9896509051 0.1221498922 0.1369984895 0.1316039413 -0.9817901254
81.7 -273.2 3165.3 -0.6579999924 -0.1755224317 0.7322757840 0.0110610873 0.9700968862 0.2424659580 -0.7529366612 0.1676423699 -0.6363822818
149.8 -649.7 3100.3 -0.6605610251 0.0086192712 0.7507228851 0.1125193015 0.9897769094 0.0876417980 -0.7422927618 0.1423635632 -0.6547778845
424.9 -56.7 3237.1 0 0 0 0 0 0 0 0 0
-11.7 -391.5 3213.8 0 0 0 0 0 0 0 0 0
304.4 -987.5 3016.7 0 0 0 0 0 0 0 0 0
147.1 -960.8 3055.5 0 0 0 0 0 0 0 0 0
241.3 279.9 3302.8 1 -0.8410308957 0.1476029307 -0.5204617381 -0.0540027469 0.9343482256 0.3522458673 0.5382850170 0.3243560195 -0.7778447270
211.5 91.4 3237.4 -0.8410308957 0.1476029307 -0.5204617381 -0.0540027469 0.9343482256 0.3522458673 0.5382850170 0.3243560195 -0.7778447270
183.2 -90.8 3176.8 -0.8401879668 0.1463183761 -0.5221830010 -0.0486312546 0.9387038946 0.3412769437 0.5401103497 0.3121311963 -0.7815721035
326.1 98.0 3163.7 -0.2661203146 0.7935163975 -0.5472766757 0.1167142391 0.5900978446 0.7988505960 0.9568478465 0.1487154067 -0.2496517003
345.1 89.7 3095.4 -0.3862228692 0.7935163975 0.4702803791 0.6771973968 0.5900978446 -0.4395318031 -0.6262871623 0.1487154067 -0.7652764916
96.9 84.7 3311.1 -0.1256810874 0.1644610912 -0.9783439040 -0.9753386378 -0.2008384168 0.0915337875 -0.1814353019 0.9657207131 0.1856468469
67.1 -146.3 3268.1 -0.2872913480 0.1512160450 -0.9458315969 -0.9378960133 -0.2448833734 0.2457299232 -0.1944601238 0.9576877356 0.2121778131
231.6 -270.4 3071.7 -0.9774613976 -0.1395736933 -0.1583930552 -0.1393306255 0.9901645780 -0.0126938550 0.1586069167 0.0096612489 -0.9872945547
285.7 -654.9 3067.9 -0.9826301336 -0.0506033674 -0.1785422415 -0.0770857856 0.9864741564 0.1446598768 0.1688070297 0.1559102237 -0.9732400179
78.3 -278.0 3163.7 -0.6776580215 -0.1882231534 0.7108809352 -0.0083595272 0.9685980678 0.2484912276 -0.7353296876 0.1624494344 -0.6579517126
151.4 -653.9 3100.7 -0.6822161674 0.0136941383 0.7310222983 0.1280346364 0.9866130352 0.1010044143 -0.7198529243 0.1625030190 -0.6748366952
426.8 -53.5 3227.8 0 0 0 0 0 0 0 0 0
-8.0 -391.5 3217.3 0 0 0 0 0 0 0 0 0
302.9 -988.6 3015.2 0 0 0 0 0 0 0 0 0
147.1 -963.0 3049.8 0 0 0 0 0 0 0 0 0
247.5 288.8 3301.9 2 -0.8763395548 0.1674895734 -0.4516372383 -0.0137554966 0.9285184145 0.3710314929 0.4814973772 0.3313620687 -0.8113934994
213.4 99.5 3234.4 -0.8763395548 0.1674895734 -0.4516372383 -0.0137554966 0.9285184145 0.3710314929 0.4814973772 0.3313620687 -0.8113934994
182.7 -82.2 3173.7 -0.8762459159 0.1577788889 -0.4553009570 -0.0132182874 0.9366478920 0.3500228226 0.4816828966 0.3127243817 -0.8186483383
332.8 101.3 3168.7 -0.3264397979 0.8018877506 -0.5004129410 0.1369967014 0.5639638901 0.8143565655 0.9352374077 0.1972834766 -0.2939562500
356.1 91.6 3101.9 -0.3184578121 0.8018877506 0.5055301189 0.6828209758 0.5639638901 -0.4644353986 -0.6575257778 0.1972834766 -0.7271444798
94.0 97.8 3300.0 -0.1474331617 0.0909258798 -0.9848837256 -0.9722992182 -0.1959282905 0.1274609268 -0.1813770831 0.9763936400 0.1172934920
59.1 -132.6 3257.1 -0.3059682250 0.0767575949 -0.9489424229 -0.9295454621 -0.2394852191 0.2803426683 -0.2057392597 0.9678611159 0.1446245462
230.0 -268.5 3067.9 -0.9852681756 -0.1447486579 -0.0910736024 -0.1436382383 0.9894542098 -0.0186659470 0.0928150266 -0.0053093126 -0.9956691861
286.2 -652.6 3070.0 -0.9921324253 -0.0496820137 -0.1149130315 -0.0672129840 0.9857647419 0.1541113108 0.1056206524 0.1606224775 -0.9813483953
79.7 -277.3 3164.6 -0.6278216839 -0.1811540276 0.7569829226 0.0177814048 0.9689474106 0.2466268092 -0.7781540751 0.1682978868 -0.6051050425
150.0 -653.4 3099.3 -0.6313371658 0.0048764963 0.7754931450 0.1304211915 0.9864053130 0.0999745131 -0.7644630075 0.1642583609 -0.6233903170
423.4 -52.8 3240.9 0 0 0 0 0 0 0 0 0
-20.9 -375.5 3203.3 0 0 0 0 0 0 0 0 0
303.0 -986.3 3015.6 0 0 0 0 0 0 0 0 0
148.5 -959.5 3048.3 0 0 0 0 0 0 0 0 0
241.3 288.8 3288.4 3 -0.8936192393 0.1265550405 -0.4306140244 -0.0178879388 0.9486188293 0.3159151673 0.4484692216 0.2900106609 -0.8454402089
215.5 95.7 3229.4 -0.8936192393 0.1265550405 -0.4306140244 -0.0178879388 0.9486188293 0.3159151673 0.4484692216 0.2900106609 -0.8454402089
187.9 -88.1 3174.0 -0.8914463520 0.1425653100 -0.4301145375 -0.0025777193 0.9476048350 0.3194346130 0.4531188905 0.2858675420 -0.8443713784
337.0 96.2 3167.7 -0.3575583398 0.7920458913 -0.4947881699 0.1662669629 0.5753390789 0.8008372188 0.9189708233 0.2040791065 -0.3374083340
362.6 84.3 3102.0 -0.3003564179 0.7920458913 0.5314596295 0.6583172679 0.5753390789 -0.4853898585 -0.6902205348 0.2040791065 -0.6942242980
94.1 95.3 3291.2 -0.1368996799 0.0600537099 -0.9887628555 -0.9787748456 -0.1618736386 0.1256851852 -0.1525067836 0.9849824905 0.0809395090
61.6 -136.5 3255.1 -0.2949343622 0.0463603139 -0.9543921947 -0.9377441406 -0.2057954967 0.2797929645 -0.1834383309 0.9774962664 0.1041702777
230.3 -262.8 3069.9 -0.9884619117 -0.1366160363 -0.0654152706 -0.1366492063 0.9906114936 -0.0039881528 0.0653459653 0.0049968078 -0.9978501797
283.4 -647.4 3068.0 -0.9944003820 -0.0632113367 -0.0846890286 -0.0747539997 0.9871963859 0.1409084499 0.0746976882 0.1464502513 -0.9863937497
73.9 -265.1 3156.0 -0.5997403860 -0.1933015883 0.7764959335 -0.0244134869 0.9743522406 0.2236999273 -0.7998221517 0.1152049080 -0.5890775323
148.8 -642.8 3111.3 -0.6079259515 0.0014818779 0.7939923406 0.1409100741 0.9843258262 0.1060516983 -0.7813900709 0.1763530970 -0.5986060500
426.1 -54.9 3247.9 0 0 0 0 0 0 0 0 0
-15.4 -381.6 3207.1 0 0 0 0 0 0 0 0 0
305.3 -989.9 3017.2 0 0 0 0 0 0 0 0 0
148.4 -962.3 3054.1 0 0 0 0 0 0 0 0 0
242.1 288.9 3279.7 4 -0.9020227194 0.1194374561 -0.4148369431 -0.0137498043 0.9525269270 0.3041436672 0.4314695299 0.2800484300 -0.8575587273
217.8 95.3 3222.8 -0.9020227194 0.1194374561 -0.4148369431 -0.0137498043 0.9525269270 0.3041436672 0.4314695299 0.2800484300 -0.8575587273
191.4 -89.6 3170.0 -0.8996295333 0.1364030242 -0.4148022830 0.0040706610 0.9525350332 0.3044018149 0.4366350174 0.2721603215 -0.8574838638
340.5 94.8 3163.2 -0.3745597303 0.7876232862 -0.4892387390 0.1815267205 0.5797309279 0.7943299413 0.9092596173 0.2087141126 -0.3601185381
367.3 81.8 3098.2 -0.2882165313 0.7876232862 0.5445923209 0.6460340619 0.5797309279 -0.4965400696 -0.7068035603 0.2087141126 -0.6759195328
95.2 95.8 3282.3 -0.1330683678 0.0420930833 -0.9902126193 -0.9814459682 -0.1447551548 0.1257368624 -0.1380457282 0.9885717630 0.0605744198
63.7 -136.7 3249.6 -0.2906758189 0.0285656527 -0.9563950896 -0.9411226511 -0.1888592243 0.2803932428 -0.1726144254 0.9815886021 0.0817805901
239.8 -271.6 3078.1 -0.9922170043 -0.1136635169 -0.0508529022 -0.1142587811 0.9934107661 0.0089463368 0.0495009460 0.0146870976 -0.9986661077
283.9 -657.2 3072.4 -0.9959108829 -0.0603547320 -0.0672222972 -0.0702892616 0.9851139188 0.1568758339 0.0567534193 0.1609593481 -0.9853279591
80.4 -272.2 3159.1 -0.5910809636 -0.1826424003 0.7856621742 -0.0070198542 0.9751549959 0.2214123905 -0.8065816760 0.1253574193 -0.5776776671
151.3 -650.4 3110.4 -0.5981389284 0.0048516169 0.8013777137 0.1535011530 0.9821598530 0.1086253747 -0.7865539789 0.1879854798 -0.5882127881
428.2 -54.8 3247.7 0 0 0 0 0 0 0 0 0
-12.3 -382.7 3204.5 0 0 0 0 0 0 0 0 0
304.4 -991.8 3017.7 0 0 0 0 0 0 0 0 0
149.7 -962.6 3050.7 0 0 0 0 0 0 0 0 0
235.0 267.3 3261.3 5 -0.8862221241 0.0917308554 -0.4540878832 -0.0366564132 0.9632409811 0.2661261261 0.4618080258 0.2524920702 -0.8502829671
216.6 73.6 3210.6 -0.8862221241 0.0917308554 -0.4540878832 -0.0366564132 0.9632409811 0.2661261261 0.4618080258 0.2524920702 -0.8502829671
196.5 -113.2 3162.3 -0.8849731684 0.1039034799 -0.4539014995 -0.0243582930 0.9631216526 0.2679615021 0.4650044739 0.2481950074 -0.8498058915
337.2 77.0 3147.1 -0.3535435796 0.7681958079 -0.5337435007 0.1852852851 0.6167981029 0.7650029063 0.9168840051 0.1715670675 -0.3604004085
362.5 63.8 3081.6 -0.3374311626 0.7681958079 0.5440729260 0.6178154945 0.6167981029 -0.4877131581 -0.7102423906 0.1715670675 -0.6827301979
95.9 70.2 3274.1 -0.0945481062 0.0789006054 -0.9923887253 -0.9889335632 -0.1219259873 0.0845251009 -0.1143288910 0.9893981814 0.0895553306
73.5 -163.8 3247.0 -0.2547986805 0.0670989156 -0.9646633267 -0.9561201930 -0.1666659564 0.2409493923 -0.1446090937 0.9837276936 0.1066208929
245.4 -274.7 3078.1 -0.9909002185 -0.1031208336 -0.0865034983 -0.1050505042 0.9943031073 0.0180477835 0.0841495991 0.0269707888 -0.9960880876
285.4 -660.6 3067.7 -0.9932839274 -0.0609485768 -0.0983479619 -0.0742889568 0.9876070023 0.1382518411 0.0887028798 0.1446294934 -0.9855019450
86.0 -278.0 3156.4 -0.6254231930 -0.1564836055 0.7644335628 0.0043511968 0.9789695144 0.2039601952 -0.7802736163 0.1308876425 -0.6115893722
146.0 -653.8 3106.1 -0.6316545606 -0.0053961640 0.7752311826 0.1353141367 0.9838583469 0.1171016544 -0.7633495927 0.1788675338 -0.6207284927
433.8 -66.9 3231.7 0 0 0 0 0 0 0 0 0
6.9 -413.5 3209.2 0 0 0 0 0 0 0 0 0
305.8 -991.3 3019.2 0 0 0 0 0 0 0 0 0
147.7 -959.6 3050.5 0 0 0 0 0 0 0 0 0
227.1 270.2 3266.2 6 -0.8834184408 0.0900396332 -0.4598529041 -0.0410923287 0.9626981020 0.2674392164 0.4667796791 0.2551571727 -0.8467653394
208.8 74.9 3214.4 -0.8834184408 0.0900396332 -0.4598529041 -0.0410923287 0.9626981020 0.2674392164 0.4667796791 0.2551571727 -0.8467653394
188.8 -111.7 3165.2 -0.8821731806 0.1037039384 -0.4593648016 -0.0287225395 0.9617871046 0.2722876668 0.4700484574 0.2533989847 -0.8454841375
329.1 78.9 3150.2 -0.3484511375 0.7681292295 -0.5371772051 0.1791241616 0.6171021461 0.7662242055 0.9200523496 0.1707702726 -0.3526204526
354.0 66.1 3084.5 -0.3426771760 0.7681292295 0.5408787727 0.6214971542 0.6171021461 -0.4826243520 -0.7044953108 0.1707702726 -0.6888568997
88.5 71.0 3278.6 -0.0936418548 0.0849725381 -0.9919732213 -0.9884188771 -0.1274364144 0.0823901072 -0.1194126159 0.9882001877 0.0959218368
66.3 -163.1 3250.3 -0.2541853189 0.0731931552 -0.9643819928 -0.9556718469 -0.1722110808 0.2388193458 -0.1485973150 0.9823370576 0.1137221605
255.5 -297.8 3072.5 -0.9925894737 -0.0811937749 -0.0904084519 -0.0817557722 0.9966492057 0.0025242246 0.0899005607 0.0098969312 -0.9959015846
287.0 -684.6 3068.6 -0.9929777980 -0.0604694188 -0.1016786397 -0.0757329538 0.9852144718 0.1536782384 0.0908824280 0.1602995098 -0.9828755856
98.0 -304.1 3155.8 -0.6339647770 -0.1237372383 0.7633988261 0.0354616083 0.9814277291 0.1885260642 -0.7725484371 0.1465902328 -0.6178026795
145.8 -682.7 3099.3 -0.6372480392 -0.0044896714 0.7706456780 0.1292517930 0.9851959944 0.1126181185 -0.7597426176 0.1713730097 -0.6272339225
426.5 -65.3 3233.4 0 0 0 0 0 0 0 0 0
-0.2 -412.9 3211.5 0 0 0 0 0 0 0 0 0
305.9 -992.6 3018.5 0 0 0 0 0 0 0 0 0
147.0 -960.1 3051.0 0 0 0 0 0 0 0 0 0
220.4 268.8 3251.1 7 -0.9080122709 0.1187333688 -0.4017661810 0.0219384879 0.9711586237 0.2374229729 0.4183686972 0.2067688406 -0.8844287992
192.9 43.5 3203.1 -0.9080122709 0.1187333688 -0.4017661810 0.0219384879 0.9711586237 0.2374229729 0.4183686972 0.2067688406 -0.8844287992
189.6 -144.9 3159.3 -0.9149163365 0.0150596816 -0.4033624828 -0.0784174427 0.9736328125 0.2142192274 0.3959530294 0.2276233286 -0.8896116018
317.2 54.7 3149.4 -0.4371111989 0.7063231468 -0.5568135977 0.1800306588 0.6752716899 0.7152602077 0.8812052608 0.2124047130 -0.4223286510
348.5 41.9 3086.5 -0.3235105276 0.7063231468 0.6296415925 0.5748075247 0.6752716899 -0.4621736109 -0.7516230345 0.2124047130 -0.6244573593
68.5 32.3 3256.8 -0.0158795230 0.0091136396 -0.9998323917 -0.9958860278 -0.0893640816 0.0150022777 -0.0892123803 0.9959573150 0.0104952054
64.7 -202.8 3235.7 -0.1747724265 0.0009889543 -0.9846083522 -0.9756360054 -0.1348705143 0.1730443239 -0.1326234937 0.9908627272 0.0245365053
256.8 -307.5 3076.0 -0.9974206686 -0.0705367997 -0.0132886097 -0.0710191280 0.9966636896 0.0402211621 0.0104072029 0.0410611629 -0.9991024137
283.3 -681.9 3060.6 -0.9967380166 -0.0782377273 -0.0198039040 -0.0801832378 0.9878776670 0.1329223216 0.0091642942 0.1340766698 -0.9909285903
98.6 -319.8 3154.5 -0.5844770074 -0.1145978272 0.8032770157 0.0764120296 0.9778032303 0.1950948387 -0.8078043461 0.1754084826 -0.5627468824
140.8 -679.3 3090.0 -0.5849435925 -0.0256521907 0.8106682301 0.0917460546 0.9909919500 0.0975582600 -0.8058682680 0.1314416975 -0.5773208737
416.9 -79.7 3245.4 0 0 0 0 0 0 0 0 0
19.2 -456.9 3201.2 0 0 0 0 0 0 0 0 0
307.9 -992.0 3018.5 0 0 0 0 0 0 0 0 0
148.1 -960.8 3052.7 0 0 0 0 0 0 0 0 0
181.6 224.0 3241.8 8 -0.8724887371 0.0113173425 -0.4885031283 -0.0862004608 0.9804876447 0.1766732633 0.4809707701 0.1962546259 -0.8544888496
179.2 16.1 3200.2 -0.8724887371 0.0113173425 -0.4885031283 -0.0862004608 0.9804876447 0.1766732633 0.4809707701 0.1962546259 -0.8544888496
188.1 -173.5 3161.4 -0.8715271354 -0.0474558435 -0.4880455136 -0.1383319348 0.9786734581 0.1518634260 0.4704303741 0.1998653859 -0.8595051169
297.6 35.3 3136.0 -0.3801294267 0.6627241969 -0.6452117562 0.1733553857 0.7362630367 0.6541136503 0.9085425138 0.1367969215 -0.3947620690
324.8 22.9 3071.1 -0.4276248217 0.6627241969 0.6147630811 0.5220299959 0.7362630367 -0.4305827022 -0.7379848957 0.1367969215 -0.6608062387
60.7 -3.1 3264.4 0.0608263090 0.0946643874 -0.9936492443 -0.9959602356 -0.0601241551 -0.0666957721 -0.0660560355 0.9936919808 0.0906248391
75.1 -237.9 3248.8 -0.1018359065 0.0900429711 -0.9907177687 -0.9900776148 -0.1061089337 0.0921262279 -0.0968286842 0.9902692437 0.0999552235
272.6 -331.8 3081.5 -0.9942328930 -0.0380753241 -0.1002559587 -0.0447084978 0.9968982935 0.0647685453 0.0974789038 0.0688773096 -0.9928513169
287.1 -712.3 3055.2 -0.9922602773 -0.0707750022 -0.1020313874 -0.0823823214 0.9900079370 0.1144441366 0.0929120928 0.1219639480 -0.9881761670
109.5 -349.9 3149.5 -0.6592304111 -0.0886777565 0.7466937304 0.0680423155 0.9819127917 0.1766847372 -0.7488561273 0.1672827154 -0.6412729025
143.0 -720.8 3086.3 -0.6599448323 -0.0198709443 0.7510512471 0.0931262225 0.9897777438 0.1080165803 -0.7455201745 0.1412275434 -0.6513481736
415.2 -87.5 3227.1 0 0 0 0 0 0 0 0 0
48.6 -495.4 3223.7 0 0 0 0 0 0 0 0 0
307.3 -994.2 3020.5 0 0 0 0 0 0 0 0 0
147.9 -964.1 3051.6 0 0 0 0 0 0 0 0 0
205.9 254.5 3241.9 9 -0.8479992747 0.1338216364 -0.5128244758 0.0285053160 0.9777137041 0.2079985589 0.5292302370 0.1617644131 -0.8329151273
172.0 6.7 3200.9 -0.8479992747 0.1338216364 -0.5128244758 0.0285053160 0.9777137041 0.2079985589 0.5292302370 0.1617644131 -0.8329151273
184.9 -183.7 3166.8 -0.8540047407 -0.0669168904 -0.5159438252 -0.1474164277 0.9821750522 0.1166216657 0.4989431798 0.1756540537 -0.8486467600
288.3 27.0 3132.8 -0.3585665226 0.6471879482 -0.6727390289 0.1880282611 0.7559611797 0.6270311475 0.9143716097 0.0983384401 -0.3927519917
313.9 13.6 3067.4 -0.4616401792 0.6471879482 0.6066597700 0.4912949800 0.7559611797 -0.4326106310 -0.7385916114 0.0983384401 -0.6669422388
55.7 -13.5 3269.0 0.0846842378 0.1242419407 -0.9886316657 -0.9955522418 -0.0305590481 -0.0891174152 -0.0412837602 0.9917812943 0.1211014763
75.7 -248.7 3259.3 -0.0792727992 0.1206905022 -0.9895198941 -0.9945621490 -0.0768324807 0.0703055859 -0.0675420538 0.9897123575 0.1261249334
277.1 -353.3 3081.0 -0.9910752177 -0.0194158591 -0.1318821758 -0.0304923356 0.9961249232 0.0824946761 0.1297694147 0.0857798234 -0.9878267646
284.6 -736.6 3048.0 -0.9873957038 -0.0870777145 -0.1321634650 -0.1003976539 0.9901382327 0.0977065563 0.1223520413 0.1097439378 -0.9864006639
122.3 -379.5 3163.6 -0.6891130209 -0.0505256280 0.7228903174 0.1223250180 0.9751400948 0.1847657114 -0.7142547369 0.2157520205 -0.6658012271
141.6 -752.3 3081.2 -0.6882354021 -0.0357408524 0.7246065736 0.0590548106 0.9927113652 0.1050555781 -0.7230799198 0.1150944754 -0.6811084151
411.5 -90.3 3223.6 0 0 0 0 0 0 0 0 0
55.1 -507.9 3241.7 0 0 0 0 0 0 0 0 0
307.3 -995.2 3019.3 0 0 0 0 0 0 0 0 0
149.3 -965.5 3056.4 0 0 0 0 0 0 0 0 0
220.2 264.2 3241.9 0 -0.8810158372 0.1600533575 -0.4451898932 0.0607313327 0.9715091586 0.2290888429 0.4691724777 0.1747939289 -0.8656351566
183.8 43.6 3202.3 -0.8810158372 0.1600533575 -0.4451898932 0.0607313327 0.9715091586 0.2290888429 0.4691724777 0.1747939289 -0.8656351566
178.4 -147.3 3170.6 -0.8915881515 0.0258659888 -0.4521078169 -0.0506069697 0.9864224792 0.1562356800 0.4500105083 0.1621776819 -0.8781736493
304.9 51.0 3140.6 -0.3882424533 0.7157639861 -0.5804737210 0.2381821126 0.6864178181 0.6870952249 0.8902454972 0.1285010725 -0.4369786978
332.7 34.0 3077.0 -0.3654103875 0.7157639861 0.5951110721 0.5249391198 0.6864178181 -0.5032588840 -0.7687094212 0.1285010725 -0.6265567541
62.8 36.3 3263.9 -0.0181881636 0.0639758483 -0.9977856874 -0.9994021058 -0.0305127483 0.0162612163 -0.0294048600 0.9974848628 0.0644925609
58.5 -198.9 3256.9 -0.1792743504 0.0556475818 -0.9822240472 -0.9816200733 -0.0765319541 0.1748282164 -0.0654427558 0.9955130219 0.0683449954
267.4 -350.1 3090.7 -0.9970074892 -0.0406760089 -0.0657380819 -0.0480925217 0.9921435714 0.1154910997 0.0605238974 0.1183070019 -0.9911308289
283.6 -745.8 3043.5 -0.9940041304 -0.0883166343 -0.0644664913 -0.0936581716 0.9919549227 0.0851680711 0.0564260967 0.0906952322 -0.9942788482
106.7 -360.0 3174.0 -0.6306065321 -0.0645338818 0.7734150290 0.1461088955 0.9688466191 0.1999711096 -0.7622254491 0.2391058952 -0.6015320420
133.3 -760.1 3075.2 -0.6254138947 -0.0808454677 0.7760937214 0.0130402660 0.9933962822 0.1139902920 -0.7801842093 0.0814115852 -0.6202296019
409.9 -77.0 3239.6 0 0 0 0 0 0 0 0 0
11.9 -453.9 3239.9 0 0 0 0 0 0 0 0 0
305.9 -996.1 3020.6 0 0 0 0 0 0 0 0 0
150.4 -969.8 3058.0 0 0 0 0 0 0 0 0 0
224.6 269.3 3256.5 1 -0.8879234195 0.1620205045 -0.4305129051 0.0528115481 0.9656332135 0.2544866204 0.4569496214 0.2032285631 -0.8659648895
190.0 62.9 3213.0 -0.8879234195 0.1620205045 -0.4305129051 0.0528115481 0.9656332135 0.2544866204 0.4569496214 0.2032285631 -0.8659648895
174.9 -127.0 3177.3 -0.8959803581 0.0765155926 -0.4374522865 -0.0129103474 0.9801410437 0.1978809834 0.4439059198 0.1829451472 -0.8771992922
311.9 65.0 3152.3 -0.3811051250 0.7499288321 -0.5407084227 0.2398606092 0.6450212002 0.7255442739 0.8928750157 0.1468139887 -0.4256992638
339.1 47.9 3088.5 -0.3322549164 0.7499288321 0.5720256567 0.5591772795 0.6450212002 -0.5208343267 -0.7595573664 0.1468139887 -0.6336546540
68.0 60.8 3273.7 -0.0704806522 0.0557813644 -0.9959522486 -0.9963167906 -0.0528213754 0.0675480291 -0.0488396473 0.9970448017 0.0592987947
51.4 -174.2 3262.2 -0.2304327786 0.0450652763 -0.9720441699 -0.9693408012 -0.0982139930 0.2252385765 -0.0853179023 0.9941444397 0.0663153380
249.1 -327.9 3099.7 -0.9962414503 -0.0685753003 -0.0529184081 -0.0752218366 0.9878484607 0.1360039562 0.0429488569 0.1394734085 -0.9892939925
276.1 -716.5 3044.9 -0.9929583669 -0.1075095534 -0.0497527160 -0.1117037237 0.9895619750 0.0910460502 0.0394450761 0.0959625021 -0.9946030974
86.7 -328.5 3177.1 -0.6118260622 -0.1174700633 0.7822209597 0.1194883436 0.9638368487 0.2382038683 -0.7819151878 0.2392056286 -0.5756642222
133.6 -714.0 3081.4 -0.6084590554 -0.0645677745 0.7909542322 0.0272275936 0.9943993092 0.1021209881 -0.7931180596 0.0836722180 -0.6032932401
409.4 -70.3 3249.1 0 0 0 0 0 0 0 0 0
-8.5 -426.4 3240.0 0 0 0 0 0 0 0 0 0
306.6 -997.6 3017.6 0 0 0 0 0 0 0 0 0
150.5 -972.9 3059.6 0 0 0 0 0 0 0 0 0
225.6 267.5 3263.7 2 -0.8889420629 0.1447093785 -0.4345586598 0.0245975945 0.9624912739 0.2701952457 0.4573587179 0.2294988185 -0.8591584563
195.6 67.6 3216.0 -0.8889420629 0.1447093785 -0.4345586598 0.0245975945 0.9624912739 0.2701952457 0.4573587179 0.2294988185 -0.8591584563
175.2 -120.9 3175.6 -0.8921729326 0.1047649235 -0.4393765330 -0.0004624506 0.9725182652 0.2328262478 0.4516937137 0.2079244703 -0.8676060438
317.1 67.9 3154.3 -0.3667807281 0.7684597373 -0.5243486762 0.2263057381 0.6203992367 0.7509264350 0.9023622274 0.1567622125 -0.4014573395
343.3 51.7 3089.8 -0.3233683407 0.7684597373 0.5521798134 0.5879004598 0.6203992367 -0.5191125274 -0.7414889932 0.1567622125 -0.6523953080
74.0 67.3 3277.8 -0.0981168821 0.0629487112 -0.9931820035 -0.9924765825 -0.0796319023 0.0930000544 -0.0732347444 0.9948347807 0.0702883527
50.8 -167.2 3260.5 -0.2577295303 0.0509776436 -0.9648713470 -0.9602228999 -0.1245751008 0.2499061078 -0.1074593216 0.9908997416 0.0810565799
238.2 -312.6 3102.5 -0.9928637147 -0.1060364321 -0.0545708537 -0.1120374352 0.9861607552 0.1222068891 0.0408572517 0.1274487525 -0.9910032749
279.6 -697.7 3052.7 -0.9942023158 -0.0937765241 -0.0526094846 -0.0988520086 0.9896493554 0.1040310413 0.0423092693 0.1086284518 -0.9931816459
76.5 -310.6 3180.4 -0.6028354764 -0.1700327843 0.7795372009 0.0663959458 0.9629485607 0.2613841593 -0.7950980663 0.2093297541 -0.5692100525
143.4 -689.5 3098.1 -0.6043099165 -0.0199980680 0.7964983582 0.1101709008 0.9879844189 0.1083933860 -0.7890955806 0.1532541364 -0.5948455930
411.7 -72.6 3246.6 0 0 0 0 0 0 0 0 0
-16.3 -417.5 3232.4 0 0 0 0 0 0 0 0 0
308.3 -999.7 3019.6 0 0 0 0 0 0 0 0 0
149.2 -974.0 3054.0 0 0 0 0 0 0 0 0 0
241.3 290.1 3282.3 3 -0.8519416451 0.1901933998 -0.4878748655 0.0213748775 0.9435595870 0.3305123150 0.5232002735 0.2711489499 -0.8079230785
193.0 50.5 3213.5 -0.8519416451 0.1901933998 -0.4878748655 0.0213748775 0.9435595870 0.3305123150 0.5232002735 0.2711489499 -0.8079230785
178.6 -140.2 3181.4 -0.8577578068 0.0746022910 -0.5086119175 -0.0209525339 0.9835172296 0.1795963347 0.5136268735 0.1647068709 -0.8420564532
309.9 53.5 3143.3 -0.3132354021 0.7484743595 -0.5845251679 0.2456035167 0.6584060788 0.7114635110 0.9173671603 0.0792941228 -0.3900640309
332.3 36.0 3077.8 -0.4004029930 0.7484743595 0.5286431313 0.5439847112 0.6584060788 -0.5201750398 -0.7373995185 0.0792941228 -0.6707863808
76.0 47.6 3283.7 -0.0560130514 0.1352984011 -0.9892203212 -0.9979448318 -0.0384708568 0.0512452982 -0.0311227459 0.9900577664 0.1371752173
62.8 -188.2 3276.3 -0.2188168168 0.1252649426 -0.9676920176 -0.9742208123 -0.0838351920 0.2094408870 -0.0548910461 0.9885749221 0.1403802633
234.5 -309.8 3096.1 -0.9834493995 -0.1292041987 -0.1270181239 -0.1386872679 0.9879395962 0.0688560084 0.1165897474 0.0853321999 -0.9895075560
284.5 -691.9 3063.1 -0.9883046150 -0.0725588500 -0.1341238767 -0.0894625559 0.9881613255 0.1246341169 0.1234927177 0.1351755410 -0.9830957055
78.7 -315.3 3183.0 -0.6649885774 -0.1788547635 0.7251214981 0.0402388908 0.9609116316 0.2739154994 -0.7457687259 0.2113287747 -0.6317983270
147.0 -682.4 3102.3 -0.6678645611 -0.0081832903 0.7442378402 0.1207564920 0.9854993820 0.1192006096 -0.7344214320 0.1694814116 -0.6571919322
417.0 -79.0 3233.7 0 0 0 0 0 0 0 0 0
5.8 -441.9 3262.0 0 0 0 0 0 0 0 0 0
307.0 -998.6 3021.1 0 0 0 0 0 0 0 0 0
149.3 -967.1 3053.3 0 0 0 0 0 0 0 0 0
249.6 309.9 3276.7 4 -0.8168799877 0.2019475996 -0.5403001904 0.0335731022 0.9517662525 0.3049817681 0.5758298039 0.2309939563 -0.7842587829
203.5 92.7 3223.9 -0.8168799877 0.2019475996 -0.5403001904 0.0335731022 0.9517662525 0.3049817681 0.5758298039 0.2309939563 -0.7842587829
178.5 -96.9 3192.5 -0.8204793334 0.1286100596 -0.5570216179 0.0125583299 0.9781853557 0.2073539346 0.5715382099 0.1631343514 -0.8041960001
315.3 91.3 3146.2 -0.2383544892 0.7801759839 -0.5783706307 0.2524601519 0.6248363256 0.7388122082 0.9377905130 0.0300836693 -0.3458958864
332.3 73.2 3079.2 -0.4260687232 0.7801759839 0.4580293894 0.5659742951 0.6248363256 -0.5378221273 -0.7057893276 0.0300836693 -0.7077827454
91.8 94.2 3301.7 -0.1021051481 0.2015370131 -0.9741444588 -0.9943615198 -0.0488621257 0.0941153094 -0.0286310501 0.9782613516 0.2053897232
67.6 -140.8 3295.0 -0.2647460997 0.1894355416 -0.9455282688 -0.9634420872 -0.0937473401 0.2509797513 -0.0410962775 0.9774075747 0.2073294073
231.6 -301.5 3105.3 -0.9727758169 -0.1310264319 -0.1911526620 -0.1478186548 0.9860632420 0.0763477236 0.1784850508 0.1025251448 -0.9785865545
286.1 -711.8 3062.6 -0.9781532884 -0.0633618832 -0.1979933381 -0.0902443230 0.9874192476 0.1298429817 0.1872753352 0.1448741257 -0.9715654850
81.6 -300.8 3203.1 -0.7105010152 -0.1575014442 0.6858437061 0.0615880340 0.9569725394 0.2835673988 -0.7009958625 0.2437146902 -0.6702297330
147.8 -702.7 3100.7 -0.7117467523 -0.0027655750 0.7024307251 0.1163622513 0.9857118726 0.1217864081 -0.6927311420 0.1684174985 -0.7012553811
422.4 -46.4 3228.4 0 0 0 0 0 0 0 0 0
-1.4 -391.9 3284.2 0 0 0 0 0 0 0 0 0
304.2 -994.1 3021.2 0 0 0 0 0 0 0 0 0
148.5 -963.7 3056.1 0 0 0 0 0 0 0 0 0
239.1 304.3 3275.3 5 -0.8036002517 0.1364022791 -0.5793281198 -0.0187836643 0.9670861959 0.2537548542 0.5948729515 0.2147993594 -0.7745885253
209.5 94.7 3228.8 -0.8036002517 0.1364022791 -0.5793281198 -0.0187836643 0.9670861959 0.2537548542 0.5948729515 0.2147993594 -0.7745885253
187.1 -94.7 3193.4 -0.8033164144 0.1150622740 -0.5843315721 -0.0165899228 0.9764547348 0.2150834650 0.5953213573 0.1824740916 -0.7824932337
318.9 97.1 3147.6 -0.2152068168 0.7689036727 -0.6020573974 0.2260068059 0.6389802694 0.7352721691 0.9500563145 0.0221665129 -0.3112903833
334.3 81.0 3079.7 -0.4572557807 0.7689036727 0.4468828440 0.5738002062 0.6389802694 -0.5123061538 -0.6794633865 0.0221665129 -0.7333744764
100.1 92.3 3309.9 -0.0849515498 0.2311846465 -0.9691939354 -0.9951392412 -0.0683138147 0.0709306076 -0.0498112701 0.9705085754 0.2358642817
80.0 -143.1 3298.1 -0.2485892177 0.2198408246 -0.9433310032 -0.9669389129 -0.1134899184 0.2283619195 -0.0568552911 0.9689117670 0.2407850176
222.2 -273.7 3111.0 -0.9658657312 -0.1356270313 -0.2207004279 -0.1587252617 0.9831707478 0.0904518962 0.2047184855 0.1223951206 -0.9711384177
276.7 -669.0 3061.8 -0.9711495638 -0.0848620608 -0.2228608578 -0.1107434407 0.9881468415 0.1063096672 0.2111975849 0.1279229671 -0.9690362811
80.3 -273.5 3214.4 -0.7314536572 -0.1671723872 0.6610816121 0.0612635426 0.9494509101 0.3078793883 -0.6791334748 0.2656997144 -0.6842377782
147.0 -652.4 3108.4 -0.7325239182 -0.0032064677 0.6807337403 0.1105532572 0.9861534834 0.1236092448 -0.6717042923 0.1658040583 -0.7220265865
431.0 -40.4 3223.4 0 0 0 0 0 0 0 0 0
15.1 -395.5 3283.3 0 0 0 0 0 0 0 0 0
304.5 -992.5 3019.9 0 0 0 0 0 0 0 0 0
148.0 -963.2 3056.2 0 0 0 0 0 0 0 0 0
249.1 308.2 3289.6 6 -0.8152739406 0.1604244560 -0.5564103127 -0.0161060672 0.9542060494 0.2987163365 0.5788514614 0.2524971962 -0.7753554583
215.4 108.0 3236.7 -0.8152739406 0.1604244560 -0.5564103127 -0.0161060672 0.9542060494 0.2987163365 0.5788514614 0.2524971962 -0.7753554583
186.9 -78.6 3192.5 -0.8146308064 0.1476878971 -0.5608608723 -0.0121055236 0.9624946713 0.2710303962 0.5798534751 0.2275792360 -0.7822899818
326.6 109.9 3157.6 -0.2248276323 0.7915109396 -0.5682983398 0.1923097223 0.6078022122 0.7704501748 0.9552326798 0.0639292002 -0.2888659835
342.6 96.1 3089.3 -0.4225626290 0.7915109396 0.4415328801 0.6198331118 0.6078022122 -0.4963701963 -0.6612470746 0.0639292002 -0.7474392056
104.3 106.2 3315.8 -0.1205000877 0.2098356187 -0.9702827930 -0.9880896807 -0.1195767745 0.0968515798 -0.0957003757 0.9703970551 0.2217454165
75.8 -127.4 3293.1 -0.2831288576 0.1968654096 -0.9386597276 -0.9533997774 -0.1641494483 0.2531478107 -0.1042444259 0.9665914178 0.2341668755
234.2 -275.5 3105.4 -0.9740405679 -0.1246797815 -0.1889443249 -0.1376830637 0.9888185263 0.0572825037 0.1796896756 0.0818099156 -0.9803156257
283.5 -665.9 3073.1 -0.9776281714 -0.0669569001 -0.1993989348 -0.0972146019 0.9844896793 0.1460456997 0.1865274310 0.1621628702 -0.9689740539
92.4 -278.7 3212.0 -0.7054957747 -0.1536105573 0.6918666959 0.0526775755 0.9621619582 0.2673376799 -0.7067537308 0.2250514627 -0.6707093120
152.9 -657.9 3123.3 -0.7086126804 0.0135902874 0.7054667473 0.1655993462 0.9750922322 0.1475533843 -0.6858898997 0.2213830352 -0.6932132840
432.0 -34.9 3229.1 0 0 0 0 0 0 0 0 0
2.0 -376.0 3265.9 0 0 0 0 0 0 0 0 0
305.9 -995.6 3018.8 0 0 0 0 0 0 0 0 0
148.6 -964.8 3053.6 0 0 0 0 0 0 0 0 0
251.4 280.5 3276.8 7 -0.8204134703 0.1886723936 -0.5397447944 0.0241696406 0.9545881748 0.2969465256 0.5712596178 0.2305734903 -0.7877171636
213.1 87.1 3230.1 -0.8204134703 0.1886723936 -0.5397447944 0.0241696406 0.9545881748 0.2969465256 0.5712596178 0.2305734903 -0.7877171636
177.7 -98.8 3188.0 -0.8198328614 0.1830539703 -0.5425544381 0.0271584243 0.9588875771 0.2824837267 0.5719584823 0.2168545127 -0.7910990119
324.9 83.6 3152.0 -0.2260068059 0.8140220642 -0.5350597501 0.2133081108 0.5772970319 0.7881800532 0.9504843950 0.0640014634 -0.3041105568
341.1 68.3 3084.1 -0.3918663859 0.8140220642 0.4287292361 0.6271787286 0.5772970319 -0.5228527188 -0.6731177568 0.0640014634 -0.7367606759
101.3 90.7 3308.1 -0.1584202349 0.1959556788 -0.9677315950 -0.9837491512 -0.1152054593 0.1377144456 -0.0845020339 0.9738218784 0.2110221237
63.9 -142.0 3288.2 -0.3194541633 0.1812414080 -0.9301078320 -0.9428086281 -0.1593886763 0.2927577794 -0.0951888189 0.9704363942 0.2217933387
226.4 -269.7 3097.4 -0.9717885852 -0.1573480070 -0.1756946445 -0.1663485169 0.9853484035 0.0376390964 0.1671980023 0.0658037886 -0.9837248921
286.6 -647.0 3072.2 -0.9798989296 -0.0577817447 -0.1909433305 -0.0852192789 0.9866521955 0.1387626231 0.1803767085 0.1522454023 -0.9717435837
83.4 -266.2 3200.9 -0.6918700337 -0.1715528071 0.7013455033 0.0413629338 0.9603502750 0.2757108510 -0.7208362818 0.2197657824 -0.6573416591
150.0 -638.9 3115.6 -0.6945522428 0.0013729510 0.7194409370 0.1302174330 0.9837216139 0.1238353401 -0.7075595856 0.1796938628 -0.6834248900
423.9 -64.3 3226.4 0 0 0 0 0 0 0 0 0
-19.5 -388.0 3263.3 0 0 0 0 0 0 0 0 0
306.9 -993.1 3018.8 0 0 0 0 0 0 0 0 0
149.6 -956.3 3057.7 0 0 0 0 0 0 0 0 0
249.7 286.8 3303.9 8 -0.8343226314 0.1769417226 -0.5221086144 -0.0443802439 0.9224579334 0.3835384846 0.5494871736 0.3431661427 -0.7617747784
208.7 73.3 3224.4 -0.8343226314 0.1769417226 -0.5221086144 -0.0443802439 0.9224579334 0.3835384846 0.5494871736 0.3431661427 -0.7617747784
172.4 -114.2 3190.7 -0.8152402043 0.1876385957 -0.5478823781 0.0545003191 0.9667147398 0.2499845922 0.5765527487 0.1739377230 -0.7983311415
319.9 66.0 3145.8 -0.2179076225 0.8162358999 -0.5350468755 0.2547807992 0.5767863393 0.7761470675 0.9421268702 0.0328086838 -0.3336474001
335.5 47.8 3078.5 -0.3952356279 0.8162358999 0.4213641286 0.5989319086 0.5767863393 -0.5555160642 -0.6964692473 0.0328086838 -0.7168362737
97.5 80.6 3303.1 -0.1620589942 0.2032734603 -0.9656172991 -0.9859468341 -0.0735840648 0.1499806195 -0.0405669697 0.9763530493 0.2123417854
59.2 -152.6 3293.5 -0.3231996298 0.1883734167 -0.9273928404 -0.9449122548 -0.1178767830 0.3053619266 -0.0517960154 0.9749976993 0.2160940766
213.1 -289.9 3095.1 -0.9610745907 -0.2041386366 -0.1861801147 -0.2099347115 0.9776448011 0.0117511852 0.1796191484 0.0503794327 -0.9824453592
291.7 -666.4 3075.7 -0.9759436250 -0.0402078070 -0.2142833471 -0.0748269707 0.9849207997 0.1559869200 0.2047802359 0.1682686210 -0.9642358422
67.9 -282.2 3197.4 -0.6962593794 -0.2211484015 0.6828735471 0.0071257912 0.9491787553 0.3146567345 -0.7177549005 0.2239487171 -0.6592987776
153.6 -650.2 3110.6 -0.7000526190 0.0149438176 0.7139348984 0.1335887611 0.9848711491 0.1103762090 -0.7014843822 0.1726428270 -0.6914579272
419.1 -78.8 3225.7 0 0 0 0 0 0 0 0 0
-25.2 -399.2 3280.0 0 0 0 0 0 0 0 0 0
305.0 -991.0 3020.3 0 0 0 0 0 0 0 0 0
148.9 -962.9 3055.7 0 0 0 0 0 0 0 0 0
236.8 268.4 3286.4 9 -0.8520441651 0.1287290752 -0.5073949099 -0.0485340878 0.9456894398 0.3214279711 0.5212151408 0.2984967530 -0.7995213866
209.2 65.5 3222.4 -0.8520441651 0.1287290752 -0.5073949099 -0.0485340878 0.9456894398 0.3214279711 0.5212151408 0.2984967530 -0.7995213866
183.3 -122.1 3181.5 -0.8454240561 0.1335803717 -0.5171212554 -0.0002339923 0.9681258202 0.2504643202 0.5340955853 0.2118695676 -0.8184456229
324.5 65.8 3149.8 -0.2775517106 0.7859444618 -0.5525000691 0.2148145884 0.6113052368 0.7616827488 0.9363865256 0.0927212834 -0.3385011554
344.3 50.5 3082.9 -0.3861975074 0.7859444618 0.4828486145 0.6024717093 0.6113052368 -0.5131605864 -0.6984835863 0.0927212834 -0.7095938325
93.9 65.3 3295.0 -0.1132028028 0.1561837643 -0.9812195301 -0.9905979037 -0.0940944925 0.0993074700 -0.0768171400 0.9832358956 0.1653670818
67.2 -168.8 3276.9 -0.2752411962 0.1434367448 -0.9506146312 -0.9566190243 -0.1390988082 0.2559913099 -0.0955107957 0.9798353910 0.1755000502
214.6 -306.2 3101.2 -0.9696400166 -0.1995833516 -0.1412966847 -0.2093876749 0.9761018753 0.0581540875 0.1263133734 0.0859743133 -0.9882577062
291.6 -683.0 3068.0 -0.9866338968 -0.0363172404 -0.1588539332 -0.0599545166 0.9873711467 0.1466414183 0.1515221745 0.1542054117 -0.9763512015
68.6 -298.2 3201.6 -0.6686815619 -0.2173118889 0.7110840678 0.0391818769 0.9447108507 0.3255552053 -0.7425158024 0.2455543578 -0.6231960654
151.8 -660.1 3107.5 -0.6704337001 0.0068244771 0.7419380546 0.1216655299 0.9874336720 0.1008574069 -0.7319263220 0.1578864902 -0.6628391147
425.9 -76.9 3230.5 0 0 0 0 0 0 0 0 0
-4.6 -418.2 3252.0 0 0 0 0 0 0 0 0 0
302.8 -987.9 3020.4 0 0 0 0 0 0 0 0 0
149.7 -964.3 3058.9 0 0 0 0 0 0 0 0 0
238.9 266.2 3295.2 0 -0.8414979577 0.1291794926 -0.5245892406 -0.0676721036 0.9381431937 0.3395700455 0.5360053182 0.3212475479 -0.7807037234
212.1 71.5 3228.5 -0.8414979577 0.1291794926 -0.5245892406 -0.0676721036 0.9381431937 0.3395700455 0.5360053182 0.3212475479 -0.7807037234
188.7 -114.1 3177.8 -0.8382806182 0.1205520481 -0.5317450762 -0.0432505347 0.9574759603 0.2852528095 0.5435209274 0.2621201575 -0.7974196076
326.4 77.7 3154.6 -0.2687927485 0.7770307660 -0.5691868663 0.1594803184 0.6186810732 0.7692852616 0.9499034286 0.1160041839 -0.2902180851
345.6 66.3 3086.7 -0.4050171971 0.7770307660 0.4818550348 0.6324788928 0.6186810732 -0.4660517275 -0.6602510810 0.1160041839 -0.7420319915
97.8 65.3 3302.5 -0.0989976004 0.1704030782 -0.9803888202 -0.9866365194 -0.1449402422 0.0744361654 -0.1294136494 0.9746564031 0.1824746281
74.4 -167.8 3271.9 -0.2618845999 0.1582991034 -0.9520282745 -0.9542620182 -0.1898880750 0.2309253067 -0.1442235410 0.9689602256 0.2007875890
