-652.0 493.8 2785.5 0.9747551084 0.0308675766 0.2211326361 -0.0293330308 0.9995174408 -0.0102208247 -0.2213414162 0.0034763110 0.9751901627
-658.2 292.0 2784.8 0.9747551084 0.0308675766 0.2211326361 -0.0293330308 0.9995174408 -0.0102208247 -0.2213414162 0.0034763110 0.9751901627
-664.3 96.3 2784.7 0.9747347236 0.0308943521 0.2212187201 -0.0299927145 0.9995224476 -0.0074345353 -0.2213427722 0.0006117499 0.9751958847
-797.1 296.2 2816.4 0.2046995461 -0.9028354883 0.3781350851 0.9784762263 0.1990506053 -0.0544347130 -0.0261224285 0.3811389506 0.9241486192
-849.6 45.4 2823.1 0.0635282323 -0.9485470653 0.3101976812 0.9491921663 -0.0385663398 -0.3123250008 0.3082181513 0.3142786622 0.8979033828
-519.3 287.7 2753.3 0.1439687461 0.8524590731 0.5025799274 -0.9886993170 0.1453576982 0.0366714261 -0.0417929702 -0.5021799803 0.8637526631
-481.8 29.9 2742.4 -0.0966412872 0.8474690914 0.5219737887 -0.9543275237 0.0700565502 -0.2904326022 -0.2827003300 -0.5262017250 0.8019927144
-758.0 -95.4 2803.0 0.6799862385 -0.0728188008 0.7295999527 0.0408229455 0.9972726703 0.0614873394 -0.7320875525 -0.0120261274 0.6811044216
-729.5 -486.0 2807.7 0.6701606512 -0.1227401644 0.7319969535 0.1589778215 0.9870802760 0.0199641678 -0.7249901295 0.1029920727 0.6810153723
-582.1 -98.8 2761.8 -0.6088312268 -0.0732182339 0.7899136543 -0.0431311578 0.9973139763 0.0591988377 -0.7921264172 0.0019722094 -0.6103538871
-553.4 -489.4 2761.0 -0.6088312268 -0.5054759383 0.6114071012 -0.0431311578 0.7906656861 0.6107270718 -0.7921264172 0.3454589844 -0.5031837225
-867.5 -221.9 2736.3 0 0 0 0 0 0 0 0 0
-507.2 -221.8 2667.9 0 0 0 0 0 0 0 0 0
-691.4 -792.7 2775.7 0 0 0 0 0 0 0 0 0
-349.0 -809.1 2621.3 0 0 0 0 0 0 0 0 0
-652.9 491.7 2780.9 0.9775585532 0.0330664255 0.2080526352 -0.0344404876 0.9994022846 0.0029844800 -0.2078295946 -0.0100829378 0.9781130552
-659.6 290.2 2782.9 0.9775585532 0.0330664255 0.2080526352 -0.0344404876 0.9994022846 0.0029844800 -0.2078295946 -0.0100829378 0.9781130552
-666.0 94.5 2785.1 0.9775652289 0.0326386094 0.2080888301 -0.0342374519 0.9994053841 0.0040854695 -0.2078317553 -0.0111182444 0.9781013727
-798.9 295.0 2812.5 0.1961281449 -0.9097993970 0.3657852709 0.9800562859 0.1940449178 -0.0428521223 -0.0319919363 0.3668946326 0.9297122359
-848.9 44.8 2820.7 0.0777718872 -0.9529878497 0.2928577960 0.9449932575 -0.0231448412 -0.3262698352 0.3177093267 0.3021232784 0.8987671137
-520.3 285.3 2753.3 0.1368347555 0.8578401804 0.4953649938 -0.9887503982 0.1487705410 0.0154917464 -0.0604062714 -0.4919121265 0.8685467839
-484.1 23.7 2737.4 -0.0884251073 0.8534311652 0.5136499405 -0.9578216076 0.0686977804 -0.2790310979 -0.2734204531 -0.5166583657 0.8113602400
-758.5 -96.8 2804.6 0.6888449788 -0.0779160634 0.7207091451 0.0439863540 0.9968674779 0.0657299981 -0.7235729098 -0.0135764135 0.6901144385
-727.9 -487.2 2809.9 0.6794727445 -0.1188062355 0.7240178585 0.1642422378 0.9863898158 0.0077223708 -0.7150812745 0.1136671677 0.6897380352
-582.3 -102.2 2764.6 -0.6102167368 -0.0618143417 0.7898193002 -0.0407851897 0.9980805516 0.0466029197 -0.7911840081 -0.0037750490 -0.6115665436
-558.0 -493.1 2766.1 -0.6102167368 -0.5156547427 0.6014447212 -0.0407851897 0.7786157727 0.6261741519 -0.7911840081 0.3575718999 -0.4961554408
-870.8 -221.3 2731.3 0 0 0 0 0 0 0 0 0
-507.4 -228.8 2665.3 0 0 0 0 0 0 0 0 0
-691.2 -792.3 2774.8 0 0 0 0 0 0 0 0 0
-346.9 -811.9 2619.7 0 0 0 0 0 0 0 0 0
-654.9 492.8 2788.6 0.9713664055 0.0349174365 0.2350066304 -0.0308784302 0.9993057251 -0.0208459124 -0.2355713695 0.0129923820 0.9717702270
-662.0 289.1 2785.9 0.9713664055 0.0349174365 0.2350066304 -0.0308784302 0.9993057251 -0.0208459124 -0.2355713695 0.0129923820 0.9717702270
-669.2 93.5 2784.0 0.9712924361 0.0362704992 0.2351074070 -0.0329550765 0.9992944002 -0.0180168357 -0.2355950028 0.0097516328 0.9718024135
-800.4 293.8 2819.5 0.1834714115 -0.9026427269 0.3893254995 0.9830238223 0.1678420156 -0.0741163567 0.0015554122 0.3963144720 0.9181135297
-848.1 38.2 2819.1 0.1212075204 -0.9383314848 0.3237943649 0.9397646785 0.0034444872 -0.3418048024 0.3196109235 0.3457198143 0.8822282553
-523.6 284.5 2752.4 0.1309790760 0.8468893170 0.5153862834 -0.9900818467 0.1383891702 0.0242142603 -0.0508170798 -0.5134461522 0.8566158414
-488.8 21.1 2738.9 -0.0661354512 0.8447016478 0.5311357379 -0.9591341615 0.0929477066 -0.2672496736 -0.2751140893 -0.5271051526 0.8040350676
-760.8 -98.1 2806.1 0.6687626839 -0.0834246874 0.7387806177 0.0568816774 0.9965133667 0.0610377081 -0.7412967682 0.0012033365 0.6711763144
-728.1 -488.5 2805.6 0.6601490974 -0.1204836816 0.7414087057 0.1541350931 0.9877755046 0.0232782457 -0.7351500392 0.0989099890 0.6706498861
-584.0 -104.3 2768.5 -0.6077706814 -0.0702968836 0.7909950614 -0.0390975326 0.9975150824 0.0586095564 -0.7931495309 0.0046952162 -0.6090088487
-556.5 -495.0 2766.7 -0.6077706814 -0.5113775730 0.6075423956 -0.0390975326 0.7833998203 0.6202871203 -0.7931495309 0.3532389104 -0.4961210191
-882.5 -228.4 2728.4 0 0 0 0 0 0 0 0 0
-506.2 -231.7 2666.3 0 0 0 0 0 0 0 0 0
-690.7 -794.8 2774.9 0 0 0 0 0 0 0 0 0
-351.6 -809.0 2625.1 0 0 0 0 0 0 0 0 0
-653.6 490.8 2782.4 0.9737382531 0.0396377183 0.2241934091 -0.0390681922 0.9992122054 -0.0069774590 -0.2242933512 -0.0019646124 0.9745196700
-661.7 288.3 2782.8 0.9737382531 0.0396377183 0.2241934091 -0.0390681922 0.9992122054 -0.0069774590 -0.2242933512 -0.0019646124 0.9745196700
-669.8 92.6 2784.1 0.9736261368 0.0414787307 0.2243471891 -0.0418299623 0.9991196394 -0.0031891295 -0.2242819667 -0.0062794141 0.9745040536
-800.4 294.2 2814.8 0.1939170510 -0.9030354619 0.3833054900 0.9801979065 0.1943254173 -0.0380749851 -0.0401029363 0.3830986321 0.9228364825
-849.3 46.7 2824.9 0.1005796567 -0.9504979849 0.2940021455 0.9286358953 -0.0163750146 -0.3706309199 0.3570982516 0.3102988899 0.8810195327
-522.9 282.3 2750.9 0.1236519963 0.8523340821 0.5081700087 -0.9910210371 0.1323188394 0.0192098431 -0.0508672670 -0.5059825182 0.8610424995
-490.0 17.9 2737.3 -0.0466176942 0.8513038158 0.5225979090 -0.9619092345 0.1028187573 -0.2532960474 -0.2693647742 -0.5144998431 0.8140838742
-764.1 -99.2 2803.4 0.6751314402 -0.0935883075 0.7317368388 0.0644792914 0.9956100583 0.0678460598 -0.7348741293 0.0013768667 0.6782020926
-727.4 -489.2 2802.9 0.6672664285 -0.1189502254 0.7352593541 0.1517938077 0.9881649017 0.0221085604 -0.7291873097 0.0968555138 0.6774252057
-588.6 -105.1 2760.9 -0.6100934148 -0.0939758494 0.7867366672 -0.0542980842 0.9955658317 0.0768138096 -0.7904667854 0.0041453056 -0.6124908924
-551.8 -495.0 2759.2 -0.6100934148 -0.5042674541 0.6111467481 -0.0542980842 0.7961248159 0.6026914716 -0.7904667854 0.3345139921 -0.5130912662
-877.8 -215.5 2724.0 0 0 0 0 0 0 0 0 0
-502.2 -235.6 2666.3 0 0 0 0 0 0 0 0 0
-691.0 -792.3 2773.2 0 0 0 0 0 0 0 0 0
-351.0 -811.9 2626.1 0 0 0 0 0 0 0 0 0
-652.2 493.2 2778.9 0.9771251678 0.0452581197 0.2077934146 -0.0459513962 0.9989425540 -0.0014918473 -0.2076412141 -0.0080906758 0.9781715870
-661.4 291.0 2780.5 0.9771251678 0.0452581197 0.2077934146 -0.0459513962 0.9989425540 -0.0014918473 -0.2076412141 -0.0080906758 0.9781715870
-670.6 95.4 2782.7 0.9770169258 0.0469997227 0.2079157233 -0.0482952669 0.9988324046 0.0011564430 -0.2076186091 -0.0111712096 0.9781460762
-800.6 297.8 2810.1 0.1925406307 -0.9085332155 0.3708038628 0.9796117544 0.2000444829 -0.0185219496 -0.0573494621 0.3668100536 0.9285264611
-848.9 52.3 2824.4 0.0691525564 -0.9581842422 0.2776705027 0.9294271469 -0.0392497182 -0.3669123352 0.3624680936 0.2834474146 0.8878481984
-522.2 284.1 2750.9 0.1318539381 0.8602139950 0.4925915301 -0.9904562831 0.1344478428 0.0303327367 -0.0401352271 -0.4918898940 0.8697318435
-486.9 18.6 2740.2 -0.0502447896 0.8590065837 0.5094930530 -0.9583607912 0.1021154150 -0.2666777372 -0.2811050415 -0.5016773343 0.8181074858
-766.0 -99.2 2805.6 0.6859818101 -0.0998834744 0.7207303643 0.0751799718 0.9949612617 0.0663328394 -0.7237243652 0.0086813699 0.6900345683
-726.9 -489.0 2802.1 0.6794291735 -0.1165479347 0.7244256735 0.1456602663 0.9890784621 0.0225133132 -0.7191377282 0.0902238339 0.6889851689
-590.0 -106.8 2765.0 -0.6012200117 -0.1037957147 0.7923136950 -0.0466758572 0.9943966269 0.0948508829 -0.7977191806 0.0200443268 -0.6026958823
-549.4 -496.2 2757.2 -0.6012200117 -0.5052445531 0.6190819740 -0.0466758572 0.7956217527 0.6039928794 -0.7977191806 0.3342364132 -0.5019264221
-868.4 -209.8 2722.2 0 0 0 0 0 0 0 0 0
-500.1 -234.1 2666.1 0 0 0 0 0 0 0 0 0
-690.9 -794.1 2774.3 0 0 0 0 0 0 0 0 0
-346.6 -815.5 2623.0 0 0 0 0 0 0 0 0 0
-652.0 492.5 2777.1 0.9842283130 0.0396130010 0.1724105775 -0.0410087816 0.9991484880 0.0045399279 -0.1720839292 -0.0115386732 0.9850147367
-660.0 290.6 2779.4 0.9842283130 0.0396130010 0.1724105775 -0.0410087816 0.9991484880 0.0045399279 -0.1720839292 -0.0115386732 0.9850147367
-668.0 94.9 2782.2 0.9841833711 0.0402498841 0.1725196093 -0.0421333611 0.9990855455 0.0072680060 -0.1720693111 -0.0144218821 0.9849792719
-800.2 296.6 2803.9 0.2021410763 -0.9402960539 -0.2738289237 0.9734281301 0.1621864289 0.1616576761 -0.1075947508 -0.2992304265 0.9480952024
-849.9 57.2 2830.4 0.0308660623 -0.9402960539 -0.3389551342 0.9161761999 0.1621864289 -0.3664925098 0.3995853961 -0.2992304265 0.8664829135
-519.9 284.6 2754.9 0.1270601451 0.8765493035 0.4642381668 -0.9904574156 0.1373110414 0.0118210409 -0.0533833019 -0.4613101482 0.8856315017
-486.0 20.5 2740.7 -0.0688062683 0.8740422726 0.4809529483 -0.9543808699 0.0827394351 -0.2868994772 -0.2905560732 -0.4787527919 0.8284762502
-768.2 -95.9 2803.6 0.7117602229 -0.1039764732 0.6946843266 0.0702160969 0.9945618510 0.0769184008 -0.6989042163 -0.0059694354 0.7151904106
-727.4 -485.4 2805.9 0.7037085295 -0.1203908697 0.7002145052 0.1609785855 0.9869262576 0.0079045892 -0.6920117140 0.1071570069 0.7138887644
-591.6 -104.6 2766.1 -0.6096280813 -0.1094439104 0.7850959301 -0.0510472730 0.9937874079 0.0988976359 -0.7910422087 0.0202137660 -0.6114275455
-548.7 -493.8 2758.2 -0.6096280813 -0.4996865392 0.6153592467 -0.0510472730 0.7994309068 0.5985853672 -0.7910422087 0.3335020244 -0.5128631592
-858.6 -200.6 2717.9 0 0 0 0 0 0 0 0 0
-504.1 -231.1 2664.1 0 0 0 0 0 0 0 0 0
-690.2 -791.1 2772.8 0 0 0 0 0 0 0 0 0
-348.8 -813.7 2624.7 0 0 0 0 0 0 0 0 0
-651.8 492.4 2776.2 0.9914568067 0.0297067333 0.1270076483 -0.0313831232 0.9994444847 0.0112180514 -0.1266038418 -0.0151081095 0.9918382764
-657.8 290.6 2779.2 0.9914568067 0.0297067333 0.1270076483 -0.0313831232 0.9994444847 0.0112180514 -0.1266038418 -0.0151081095 0.9918382764
-663.6 94.8 2782.6 0.9914589524 0.0294256397 0.1270561963 -0.0313100331 0.9994270205 0.0128591461 -0.1266050041 -0.0167274494 0.9918121696
-798.9 295.0 2797.2 0.2053139806 -0.9209584594 -0.3311822712 0.9697127938 0.1456844658 0.1960438490 -0.1323001236 -0.3614022136 0.9229761958
-849.2 57.2 2829.7 -0.0148825999 -0.9209584594 -0.3893764615 0.9136513472 0.1456844658 -0.3794960678 0.4062262177 -0.3614022136 0.8392667770
-516.7 286.1 2761.2 0.1284644157 0.8944520354 0.4283135235 -0.9883502126 0.1510149986 -0.0189296808 -0.0816134587 -0.4208919704 0.9034318924
-482.3 21.3 2739.3 -0.0968735740 0.8891975880 0.4471500218 -0.9494704008 0.0521913171 -0.3094867170 -0.2985321879 -0.4545367956 0.8392108679
-764.8 -97.0 2800.6 0.7418008447 -0.1047568917 0.6623877287 0.0797656924 0.9944949150 0.0679510385 -0.6658595204 0.0024296814 0.7460731864
-723.7 -486.5 2799.7 0.7368748188 -0.1066311002 0.6675667167 0.1371646971 0.9905248284 0.0068121194 -0.6619678140 0.0865469128 0.7445188165
-587.0 -104.5 2769.5 -0.5893641114 -0.0849442035 0.8033893108 -0.0315963253 0.9961195588 0.0821430460 -0.8072494268 0.0230280124 -0.5897610784
-553.7 -494.6 2760.5 -0.5893641114 -0.5103200674 0.6262773871 -0.0315963253 0.7891904712 0.6133351922 -0.8072494268 0.3416897058 -0.4812447727
-845.0 -199.8 2715.4 0 0 0 0 0 0 0 0 0
-507.8 -228.9 2660.7 0 0 0 0 0 0 0 0 0
-690.5 -795.3 2772.7 0 0 0 0 0 0 0 0 0
-346.1 -815.7 2621.5 0 0 0 0 0 0 0 0 0
-651.4 492.4 2776.2 0.9866706133 0.0326201506 0.1594272852 -0.0348416604 0.9993305802 0.0111582307 -0.1589565724 -0.0165642090 0.9871466160
-658.0 290.3 2779.6 0.9866706133 0.0326201506 0.1594272852 -0.0348416604 0.9993305802 0.0111582307 -0.1589565724 -0.0165642090 0.9871466160
-664.3 94.5 2783.0 0.9866818786 0.0321346261 0.1594560593 -0.0344933569 0.9993323088 0.0120459571 -0.1589624882 -0.0173857026 0.9871315360
-798.5 295.1 2802.2 0.2101477385 -0.8803344965 -0.4252635241 0.9707152247 0.1360901743 0.1979683489 -0.1164041832 -0.4544123709 0.8831531405
-850.1 56.5 2830.8 -0.0813453719 -0.8803344965 -0.4673264921 0.9004592896 0.1360901743 -0.4131010771 0.4272656739 -0.4544123709 0.7816351056
-517.6 285.4 2756.9 0.1375771612 0.8803965449 0.4538441002 -0.9885669947 0.1505937129 0.0075401589 -0.0617077388 -0.4496926367 0.8910492063
-480.9 21.8 2740.5 -0.1145458966 0.8731299043 0.4738390148 -0.9467701912 0.0484968983 -0.3182362020 -0.3008412719 -0.4850692749 0.8210982084
-758.9 -98.1 2797.3 0.7213908434 -0.0908472240 0.6865435839 0.0620879456 0.9958503246 0.0665370226 -0.6897393465 -0.0053731203 0.7240378261
-723.3 -488.1 2799.4 0.7157226801 -0.1035520211 0.6906648874 0.1351374537 0.9907903075 0.0085097700 -0.6851853132 0.0872440636 0.7231248617
-579.9 -103.7 2774.5 -0.5465144515 -0.0801127255 0.8336089849 -0.0010259438 0.9954770803 0.0949962065 -0.8374490142 0.0510615632 -0.5441248417
-548.5 -493.4 2754.5 -0.5465144515 -0.5020250678 0.6702930927 -0.0010259438 0.8007987738 0.5989325643 -0.8374490142 0.3266376257 -0.4381631613
-827.3 -196.4 2710.8 0 0 0 0 0 0 0 0 0
-511.1 -227.8 2661.2 0 0 0 0 0 0 0 0 0
-691.2 -794.9 2772.4 0 0 0 0 0 0 0 0 0
-348.5 -812.5 2624.3 0 0 0 0 0 0 0 0 0
-651.4 493.2 2775.8 0.9853611588 0.0343684219 0.1669796705 -0.0366112441 0.9992757440 0.0103711179 -0.1665022969 -0.0163326301 0.9859057665
-658.4 290.7 2779.1 0.9853611588 0.0343684219 0.1669796705 -0.0366112441 0.9992757440 0.0103711179 -0.1665022969 -0.0163326301 0.9859057665
-664.8 94.9 2782.6 0.9853998423 0.0329577997 0.1670358628 -0.0354634188 0.9992984533 0.0120391408 -0.1665218920 -0.0177870300 0.9858773351
-798.7 295.7 2802.8 0.2171598822 -0.8612030745 -0.4595333338 0.9677309394 0.1282956451 0.2168803066 -0.1278218478 -0.4918023348 0.8612735271
-851.8 59.0 2834.0 -0.1167051792 -0.8612030745 -0.4946809113 0.8918486238 0.1282956451 -0.4337583184 0.4370193779 -0.4918023348 0.7530899644
-518.0 285.6 2755.3 0.1397484392 0.8774756789 0.4588102102 -0.9889613390 0.1467356980 0.0205941442 -0.0492529720 -0.4566235542 0.8882955909
-480.5 20.4 2742.1 -0.1160376444 0.8703836799 0.4785054624 -0.9412713051 0.0574349649 -0.3327305019 -0.3170861304 -0.4890127182 0.8126025796
-759.7 -98.1 2800.8 0.7156933546 -0.0938545167 0.6920797229 0.0661035478 0.9955840111 0.0666544363 -0.6952793002 -0.0019552137 0.7187370062
-723.0 -488.0 2801.6 0.7102681994 -0.1021835878 0.6964750886 0.1360642463 0.9906781316 0.0065887976 -0.6906558871 0.0900855437 0.7175506949
-581.6 -104.3 2772.1 -0.5416556597 -0.0873291865 0.8360518813 -0.0059407726 0.9949617386 0.1000791341 -0.8405795097 0.0492416322 -0.5394454598
-547.4 -493.9 2752.8 -0.5416556597 -0.5050046444 0.6719965935 -0.0059407726 0.8017042875 0.5976913571 -0.8405795097 0.3197506964 -0.4372477829
-819.0 -191.7 2711.2 0 0 0 0 0 0 0 0 0
-511.1 -227.7 2658.5 0 0 0 0 0 0 0 0 0
-691.2 -796.0 2773.6 0 0 0 0 0 0 0 0 0
-345.9 -813.8 2625.3 0 0 0 0 0 0 0 0 0
-650.8 494.5 2775.5  0.9825395346 0.0337272175 0.1829713434 -0.0355706327 0.9993439913 0.0068013952 -0.1826219261 -0.0131910462 0.9830946922
-657.6 291.7 2778.2 0.9825395346 0.0337272175 0.1829713434 -0.0355706327 0.9993439913 0.0068013952 -0.1826219261 -0.0131910462 0.9830946922
-664.0 95.9 2781.1 0.9825708270 0.0325079821 0.1830240637 -0.0346268490 0.9993650913 0.0083922781 -0.1826350391 -0.0145835532 0.9830726385
-797.6 296.6 2804.2 0.2172121406 -0.8570808172 -0.4671523571 0.9693266153 0.1330115944 0.2066731006 -0.1149988845 -0.4977151453 0.8596830368
-850.9 58.4 2832.5 -0.1044976488 -0.8570808172 -0.5044726729 0.9011287689 0.1330115944 -0.4126437902 0.4207698107 -0.4977151453 0.7584407926
-517.6 286.7 2752.2 0.1387552768 0.8713611364 0.4706131816 -0.9897397161 0.1383740306 0.0356085300 -0.0340927541 -0.4707254171 0.8816208243
-480.3 20.7 2743.0 -0.1115392968 0.8653564453 0.4885869920 -0.9407815337 0.0664369613 -0.3324398100 -0.3201391399 -0.4967337251 0.8067010045
-760.3 -97.6 2801.1 0.7033536434 -0.1063323095 0.7028421760 0.0782173350 0.9943217039 0.0721557066 -0.7065236568 0.0042234580 0.7076768279
-718.7 -487.0 2799.5 0.7002533078 -0.0847542658 0.7088455558 0.1229207963 0.9924126267 -0.0027714006 -0.7032323480 0.0890725404 0.7053582668
-582.3 -104.0 2771.0 -0.5578061938 -0.0844594464 0.8256626725 -0.0143179744 0.9956399798 0.0921738967 -0.8298477530 0.0395933539 -0.5565834045
-549.2 -493.9 2755.5 -0.5578061938 -0.5101795197 0.6546518803 -0.0143179744 0.7945622802 0.6070138216 -0.8298477530 0.3292227983 -0.4505164921
-821.5 -195.1 2714.1 0 0 0 0 0 0 0 0 0
-509.7 -227.4 2658.6 0 0 0 0 0 0 0 0 0
-692.3 -795.6 2771.8 0 0 0 0 0 0 0 0 0
-342.6 -815.7 2622.2 0 0 0 0 0 0 0 0 0
-650.6 494.6 2775.4  0.9797298312 0.0300397426 0.1980582625 -0.0322087966 0.9994512200 0.0077384352 -0.1977171153 -0.0139607936 0.9801596999
-656.7 292.1 2778.2 0.9797298312 0.0300397426 0.1980582625 -0.0322087966 0.9994512200 0.0077384352 -0.1977171153 -0.0139607936 0.9801596999
-662.4 96.3 2781.2 0.9797540307 0.0289587900 0.1980994493 -0.0313881896 0.9994655252 0.0091337655 -0.1977290660 -0.0151668275 0.9801393747
-796.3 296.5 2806.4 0.2221354544 -0.8524758220 -0.4732238948 0.9697422385 0.1427555233 0.1980426162 -0.1012712047 -0.5028975010 0.8583928347
-850.5 60.1 2831.1 -0.0790147409 -0.8524758220 -0.5167607665 0.9157543182 0.1427555233 -0.3755194545 0.3938916922 -0.5028975010 0.7693786025
-517.1 287.6 2750.1 0.1442563832 0.8631741405 0.4838600457 -0.9888651371 0.1438093334 0.0382705778 -0.0365494192 -0.4839930832 0.8743081689
-478.7 24.3 2740.3 -0.1123481244 0.8563833833 0.5039696693 -0.9512190819 0.0539685413 -0.3037592471 -0.2873328626 -0.5135123730 0.8085449338
-759.1 -96.7 2800.4 0.6938951612 -0.0959704146 0.7136520147 0.0634269044 0.9953724742 0.0721845999 -0.7172771692 -0.0048238127 0.6967712641
-721.5 -486.5 2802.3 0.6887795329 -0.0942778811 0.7188146114 0.1377414614 0.9904660583 -0.0020790596 -0.7117654681 0.1004425883 0.6951987147
-581.6 -102.9 2767.4 -0.5661376715 -0.0792280212 0.8204944134 -0.0217860043 0.9964607358 0.0811873078 -0.8240227699 0.0280878991 -0.5658600330
-550.5 -493.2 2756.4 -0.5661376715 -0.5084256530 0.6488385797 -0.0217860043 0.7960824966 0.6047958732 -0.8240227699 0.3282621205 -0.4617688358
-828.3 -197.5 2720.3 0 0 0 0 0 0 0 0 0
-508.3 -226.4 2664.6 0 0 0 0 0 0 0 0 0
-692.1 -795.4 2771.0 0 0 0 0 0 0 0 0 0
-346.1 -813.2 2624.4 0 0 0 0 0 0 0 0 0
-650.8 495.9 2775.8  0.9796171784 0.0302992482 0.1985752583 -0.0325927697 0.9994343519 0.0082906988 -0.1982117146 -0.0145938275 0.9800505638
-657.0 293.4 2778.8 0.9796171784 0.0302992482 0.1985752583 -0.0325927697 0.9994343519 0.0082906988 -0.1982117146 -0.0145938275 0.9800505638
-662.7 97.6 2781.7 0.9796537161 0.0290406216 0.1985832006 -0.0313629434 0.9994714260 0.0085583963 -0.1982296854 -0.0146124177 0.9800466895
-796.6 297.8 2807.0 0.2156505287 -0.8416010141 -0.4951793551 0.9727984667 0.1412279755 0.1836241484 -0.0846050903 -0.5213083625 0.8491640687
-849.4 59.6 2827.8 -0.0756122395 -0.8416010141 -0.5347808003 0.9248936176 0.1412279755 -0.3530247808 0.3726320267 -0.5213083625 0.7677128315
-517.4 288.9 2750.5 0.1480829865 0.8621185422 0.4845854640 -0.9880964160 0.1496217251 0.0357596576 -0.0416754521 -0.4841125607 0.8740127087
-478.1 26.6 2739.5 -0.1080178693 0.8555803895 0.5062749386 -0.9543824196 0.0533488914 -0.2937823236 -0.2783635855 -0.5149136782 0.8107882738
-756.6 -96.6 2802.0 0.6931002736 -0.0890213251 0.7153231502 0.0685879812 0.9959871173 0.0574925281 -0.7175707221 0.0092144869 0.6964247227
-721.7 -486.7 2798.4 0.6887238622 -0.0930716768 0.7190250754 0.1289579123 0.9916383028 0.0048357807 -0.7134628892 0.0893934593 0.6949672699
-579.5 -102.3 2766.3 -0.5871667862 -0.0760024413 0.8058900833 -0.0300438404 0.9969425797 0.0721305907 -0.8089082241 0.0181406550 -0.5876550078
-549.8 -492.8 2759.2 -0.5871667862 -0.5052346587 0.6324343085 -0.0300438404 0.7943621278 0.6067010164 -0.8089082241 0.3372339308 -0.4816022515
-828.1 -200.7 2722.9 0 0 0 0 0 0 0 0 0
-506.5 -225.0 2666.1 0 0 0 0 0 0 0 0 0
-692.9 -794.3 2770.7 0 0 0 0 0 0 0 0 0
-344.5 -815.5 2622.2 0 0 0 0 0 0 0 0 0
-652.3 495.0 2776.1  0.9759775996 0.0309807770 0.2156570703 -0.0330155045 0.9994378090 0.0058381297 -0.2153549641 -0.0128179109 0.9764516950
-658.5 292.7 2778.7 0.9759775996 0.0309807770 0.2156570703 -0.0330155045 0.9994378090 0.0058381297 -0.2153549641 -0.0128179109 0.9764516950
-664.4 97.0 2781.1 0.9760158062 0.0297097955 0.2156629264 -0.0317565762 0.9994774461 0.0060309363 -0.2153710574 -0.0127350055 0.9764492512
-797.6 297.3 2809.3 0.2096887529 -0.8431766033 -0.4950594008 0.9749692678 0.1420244873 0.1710670739 -0.0739291981 -0.5185385346 0.8518522382
-848.7 59.9 2827.3 -0.0733539313 -0.8431766033 -0.5326090455 0.9250687361 0.1420244873 -0.3522455394 0.3726487458 -0.5185385346 0.7695782781
-519.5 288.2 2748.0 0.1618645042 0.8522278070 0.4975014329 -0.9860652685 0.1593046337 0.0479297824 -0.0384071916 -0.4983270466 0.8661379814
-476.6 27.1 2737.8 -0.1233933493 0.8434622884 0.5228244662 -0.9548617601 0.0425400734 -0.2939887941 -0.2702094615 -0.5355013609 0.8001407385
-756.9 -95.3 2802.4 0.6810379624 -0.0898911878 0.7267096043 0.0640746728 0.9959452152 0.0631468371 -0.7294393182 0.0035582872 0.6840362549
-721.7 -485.4 2801.0 0.6759790778 -0.0955012813 0.7307063341 0.1344364136 0.9909088612 0.0051414147 -0.7245544195 0.0947580487 0.6826725602
-579.8 -101.0 2766.6 -0.5654205680 -0.0810414106 0.8208116889 -0.0200287737 0.9962168336 0.0845628008 -0.8245595098 0.0313736983 -0.5649046302
-548.1 -491.2 2754.3 -0.5654205680 -0.5045216084 0.6525009871 -0.0200287737 0.7992647290 0.6006453037 -0.8245595098 0.3265483975 -0.4620256722
-828.0 -200.6 2722.4 0 0 0 0 0 0 0 0 0
-509.1 -224.6 2666.6 0 0 0 0 0 0 0 0 0
-691.9 -794.8 2771.4 0 0 0 0 0 0 0 0 0
-341.8 -817.9 2620.8 0 0 0 0 0 0 0 0 0
-652.0 493.8 2776.7  0.9891601205 0.0102228420 0.1464844495 -0.0106280800 0.9999415278 0.0019840223 -0.1464556158 -0.0035193642 0.9892109632
-654.1 289.6 2777.4 0.9891601205 0.0102228420 0.1464844495 -0.0106280800 0.9999415278 0.0019840223 -0.1464556158 -0.0035193642 0.9892109632
-655.8 93.7 2778.5 0.9891690016 0.0090619577 0.1465012133 -0.0097119855 0.9999459386 0.0037223394 -0.1464595646 -0.0051048403 0.9892035127
-794.7 290.9 2798.2 0.2089985013 -0.8727535009 -0.4411586523 0.9710798860 0.1319717616 0.1989656538 -0.1154274866 -0.4699838161 0.8750952482
-845.8 53.3 2826.4 -0.0641431287 -0.8727535009 -0.4839286804 0.9234137535 0.1319717616 -0.3604032397 0.3784081042 -0.4699838161 0.7974475026
-513.5 288.2 2756.6 0.1394824535 0.8853527308 0.4435033798 -0.9875949025 0.1569980830 -0.0028106140 -0.0721175671 -0.4376096427 0.8962683082
-476.9 29.2 2737.7 -0.1283226758 0.8760045767 0.4649186134 -0.9548116326 0.0175944995 -0.2966903150 -0.2680820823 -0.4819818139 0.8341615796
-758.4 -95.9 2803.1 0.7309665680 -0.0916398093 0.6762322783 0.0638698936 0.9957797527 0.0659038499 -0.6794177890 -0.0049826317 0.7337347269
-722.5 -486.0 2805.1 0.7256890535 -0.0963999555 0.6812359691 0.1407465041 0.9899967909 -0.0098388009 -0.6734730005 0.1030214950 0.7319977880
-582.0 -101.6 2764.2 -0.5609893203 -0.0869650915 0.8232423663 -0.0253122356 0.9958036542 0.0879452527 -0.8274359703 0.0284982454 -0.5608365536
-547.9 -491.7 2753.0 -0.5609893203 -0.5039176345 0.6567784548 -0.0253122356 0.8034510016 0.5948325992 -0.8274359703 0.3170702159 -0.4634827375
-827.8 -206.8 2719.9 0 0 0 0 0 0 0 0 0
-510.8 -222.5 2667.0 0 0 0 0 0 0 0 0 0
-692.6 -793.0 2773.1 0 0 0 0 0 0 0 0 0
-345.5 -814.3 2625.7 0 0 0 0 0 0 0 0 0
-651.8 494.2 2776.5  0.9856510758 0.0113834292 0.1684114486 -0.0128772957 0.9998868108 0.0077808206 -0.1683038175 -0.0098378574 0.9856860638
-654.1 290.5 2778.5 0.9856510758 0.0113834292 0.1684114486 -0.0128772957 0.9998868108 0.0077808206 -0.1683038175 -0.0098378574 0.9856860638
-656.2 94.7 2780.5 0.9856552482 0.0109803574 0.1684135795 -0.0125008663 0.9998900890 0.0079708174 -0.1683075428 -0.0099617932 0.9856842160
-794.3 292.3 2802.4 0.1904886216 -0.8816434741 -0.4317624569 0.9787906408 0.1367961913 0.1524982303 -0.0753856078 -0.4516542256 0.8890025020
-842.6 44.2 2821.5 -0.0371396467 -0.8818952441 -0.4699802399 0.9291333556 0.1426584572 -0.3411154151 0.3678747118 -0.4493432343 0.8141000271
-513.8 288.7 2754.5 0.1432960033 0.8747338057 0.4629330337 -0.9870728850 0.1602484882 0.0027408402 -0.0717868134 -0.4573414028 0.8863890171
-476.0 28.3 2735.6 -0.1266558170 0.8655170798 0.4846013784 -0.9579182267 0.0201404169 -0.2863338888 -0.2575869262 -0.5004743338 0.8265436292
-746.7 -101.2 2792.9 0.7177562118 -0.0676914752 0.6929963231 0.0349707231 0.9975117445 0.0612161756 -0.6954157948 -0.0197037067 0.7183374166
-720.2 -491.8 2800.6 0.7126766443 -0.0877669379 0.6959806085 0.1280386299 0.9917507768 -0.0060450174 -0.6897087097 0.0934205428 0.7180351615
-568.4 -102.9 2766.5 -0.5431916714 -0.0476609506 0.8382548690 -0.0029813878 0.9984907508 0.0548395924 -0.8396034241 0.0272892471 -0.5425139666
-549.7 -493.8 2755.8 -0.5431916714 -0.5102528930 0.6667718887 -0.0029813878 0.7953131795 0.6061913967 -0.8396034241 0.3272902369 -0.4335287809
-832.2 -217.5 2718.0 0 0 0 0 0 0 0 0 0
-509.4 -224.3 2667.7 0 0 0 0 0 0 0 0 0
-693.4 -794.7 2772.1 0 0 0 0 0 0 0 0 0
-343.8 -814.7 2623.7 0 0 0 0 0 0 0 0 0
-652.1 494.4 2775.9  0.9793419242 0.0181260835 0.2013973594 -0.0211452562 0.9996938109 0.0128497286 -0.2011027932 -0.0168428756 0.9794253111
-655.8 291.8 2779.3 0.9793419242 0.0181260835 0.2013973594 -0.0211452562 0.9996938109 0.0128497286 -0.2011027932 -0.0168428756 0.9794253111
-659.8 96.1 2782.2 0.9793033004 0.0206376817 0.2013434023 -0.0231368113 0.9996816516 0.0100665959 -0.2010715455 -0.0145166945 0.9794690013
-795.1 295.2 2807.9 0.2227189392 -0.8855760098 -0.4076167941 0.9666405916 0.1463510245 0.2102077603 -0.1264998168 -0.4408361912 0.8886288404
-850.4 55.5 2839.3 -0.0581828132 -0.8855760098 -0.4608361125 0.9066408873 0.1463510245 -0.3957065642 0.4178720713 -0.4408361912 0.7943843007
-516.4 288.5 2750.7 0.1542382687 0.8589555621 0.4882682860 -0.9866110682 0.1604047418 0.0294769127 -0.0530011915 -0.4862773716 0.8721956015
-475.5 27.2 2736.6 -0.1214359254 0.8504019976 0.5119274855 -0.9563377500 0.0378897004 -0.2897973657 -0.2658410370 -0.5247673988 0.8086703420
-747.3 -100.0 2797.7 0.6934444904 -0.0684810951 0.7172482610 0.0403655767 0.9976019263 0.0562226288 -0.7193784714 -0.0100351321 0.6945458651
-720.5 -490.7 2801.7 0.6878190041 -0.0920372009 0.7200236917 0.1348326653 0.9908660650 -0.0021442808 -0.7132496834 0.0985575914 0.6939461231
-569.4 -102.3 2767.3 -0.5564497113 -0.0497670285 0.8293895125 -0.0086345030 0.9984970689 0.0541212112 -0.8308364153 0.0229543634 -0.5560430884
-549.9 -493.2 2758.4 -0.5564497113 -0.5055395961 0.6593886614 -0.0086345030 0.7970770597 0.6038158536 -0.8308364153 0.3302996755 -0.4478983581
-834.0 -199.4 2721.8 0 0 0 0 0 0 0 0 0
-507.5 -225.0 2666.5 0 0 0 0 0 0 0 0 0
-692.1 -795.6 2771.3 0 0 0 0 0 0 0 0 0
-349.4 -809.3 2627.4 0 0 0 0 0 0 0 0 0
-652.0 495.8 2776.1  0.9754802585 0.0204007849 0.2191394717 -0.0229147505 0.9996975064 0.0089362012 -0.2188908756 -0.0137386136 0.9756526351
-656.2 293.6 2778.9 0.9754802585 0.0204007849 0.2191394717 -0.0229147505 0.9996975064 0.0089362012 -0.2188908756 -0.0137386136 0.9756526351
-660.5 97.8 2781.2 0.9754540324 0.0220834166 0.2190929949 -0.0241478495 0.9996856451 0.0067489310 -0.2188750803 -0.0118738972 0.9756806493
-795.1 297.0 2810.0 0.2281017452 -0.8898504376 -0.3951401412 0.9677208066 0.1625329256 0.1926121712 -0.1071727425 -0.4263205230 0.8982008696
-851.0 59.6 2836.3 -0.0293035302 -0.8898504376 -0.4553102851 0.9121077061 0.1625329256 -0.3763543069 0.4089019597 -0.4263205230 0.8068766594
-517.3 290.1 2747.7 0.1505301744 0.8507886529 0.5034872293 -0.9871417880 0.1570564508 0.0297381431 -0.0537750386 -0.5014897585 0.8634907603
-476.8 24.7 2733.2 -0.1155138090 0.8430312276 0.5253141522 -0.9590012431 0.0431333482 -0.2801002860 -0.2587918639 -0.5361323357 0.8034854531
-752.2 -97.6 2803.3 0.6799532175 -0.0741335303 0.7294983268 0.0470224842 0.9972367287 0.0575129427 -0.7317461967 -0.0048032869 0.6815602779
-723.1 -488.2 2805.1 0.6737186909 -0.0967637002 0.7326253653 0.1445141286 0.9895002842 -0.0022032554 -0.7247198224 0.1073590890 0.6806285381
-575.4 -101.8 2767.0 -0.5558019876 -0.0693156868 0.8284198642 -0.0140443388 0.9971584678 0.0740118101 -0.8311960697 0.0295013003 -0.5551961064
-548.2 -492.3 2755.4 -0.5558019876 -0.5016715527 0.6628799438 -0.0140443388 0.8029401302 0.5958942175 -0.8311960697 0.3218894899 -0.4533213377
-842.8 -197.0 2721.3 0 0 0 0 0 0 0 0 0
-507.3 -228.2 2665.0 0 0 0 0 0 0 0 0 0
-693.2 -794.2 2771.9 0 0 0 0 0 0 0 0 0
-349.1 -810.9 2627.7 0 0 0 0 0 0 0 0 0
-652.5 493.7 2776.2  0.9743780494 0.0203145724 0.2239971310 -0.0223691519 0.9997277260 0.0066383434 -0.2238012999 -0.0114788823 0.9745671749
-656.6 291.6 2778.5 0.9743780494 0.0203145724 0.2239971310 -0.0223691519 0.9997277260 0.0066383434 -0.2238012999 -0.0114788823 0.9745671749
-660.8 95.8 2780.8 0.9743523598 0.0214991737 0.2239984572 -0.0235990901 0.9996990561 0.0067014908 -0.2237869650 -0.0118157733 0.9745664597
-795.4 294.9 2810.4 0.2221151441 -0.9014074206 -0.3716577888 0.9716215730 0.1728298366 0.1614974141 -0.0813414231 -0.3969817460 0.9142150283
-849.2 59.7 2830.1 0.0055644596 -0.9014074206 -0.4329361320 0.9214250445 0.1728298366 -0.3480025232 0.3885163367 -0.3969817460 0.8315410614
-517.8 288.2 2746.6 0.1581328511 0.8478056192 0.5061814189 -0.9863080382 0.1599194854 0.0402762070 -0.0468018763 -0.5056198239 0.8614860177
-475.9 27.1 2734.2 -0.1265517920 0.8384735584 0.5300440788 -0.9576842189 0.0359757654 -0.2855637372 -0.2585063875 -0.5437534451 0.7984400988
-752.9 -95.8 2803.4 0.6762219667 -0.0806300417 0.7322722077 0.0476823598 0.9966986179 0.0657132566 -0.7351531982 -0.0095202792 0.6778341532
-721.3 -486.2 2807.1 0.6702386737 -0.0934553295 0.7362378836 0.1472262442 0.9890664816 -0.0084798504 -0.7273957133 0.1140770614 0.6766697168
-576.7 -100.2 2763.8 -0.5599420071 -0.0706834421 0.8255112171 -0.0216096211 0.9972612858 0.0707315952 -0.8282499313 0.0217666049 -0.5599359274
-549.0 -490.7 2755.3 -0.5599420071 -0.5040541291 0.6575669646 -0.0216096211 0.8022681475 0.5965725780 -0.8282499313 0.3198362887 -0.4601160586
-850.8 -199.5 2720.8 0 0 0 0 0 0 0 0 0
-509.3 -225.4 2666.1 0 0 0 0 0 0 0 0 0
-692.1 -795.8 2771.4 0 0 0 0 0 0 0 0 0
-345.9 -814.0 2626.4 0 0 0 0 0 0 0 0 0
-651.1 493.7 2776.2  0.9705857038 0.0302168615 0.2388521284 -0.0333180167 0.9994046688 0.0089558186 -0.2384393215 -0.0166504681 0.9710146785
-657.2 292.1 2779.6 0.9705857038 0.0302168615 0.2388521284 -0.0333180167 0.9994046688 0.0089558186 -0.2384393215 -0.0166504681 0.9710146785
-663.5 96.4 2782.9 0.9705272317 0.0321475230 0.2388377041 -0.0351922438 0.9993444681 0.0084935501 -0.2384081036 -0.0166484565 0.9710223675
-795.5 297.2 2813.5 0.2210005075 -0.9131219387 -0.3425888121 0.9729484320 0.1821809858 0.1420614123 -0.0673062280 -0.3647169173 0.9286826253
-849.8 57.8 2830.1 0.0184779465 -0.9131219387 -0.4072676003 0.9121760130 0.1821809858 -0.3670763671 0.4093818963 -0.3647169173 0.8362942338
-518.9 287.1 2745.6 0.1627263576 0.8393837810 0.5186086893 -0.9855523705 0.1633020341 0.0449322872 -0.0469744243 -0.5184277296 0.8538302779
-476.0 27.2 2733.2 -0.1381387264 0.8281779289 0.5431749225 -0.9575280547 0.0284743849 -0.2869307101 -0.2530962527 -0.5597414970 0.7890701890
-753.1 -97.9 2803.4 0.6637199521 -0.0878096074 0.7428090572 0.0590042546 0.9961370826 0.0650343448 -0.7456502914 0.0006643070 0.6663371921
-718.7 -488.1 2803.1 0.6592899561 -0.0848451257 0.7470863461 0.1315918118 0.9912976623 -0.0035476359 -0.7402839661 0.1006493717 0.6647174954
-577.0 -102.2 2762.9 -0.5716753006 -0.0712225512 0.8173828125 -0.0259946082 0.9972973466 0.0687188283 -0.8200680614 0.0180373099 -0.5719816685
-549.1 -492.8 2755.9 -0.5716753006 -0.5069577098 0.6451210976 -0.0259946082 0.7970691323 0.6033283472 -0.8200680614 0.3281382620 -0.4688429236
-855.0 -198.9 2714.9 0 0 0 0 0 0 0 0 0
-512.4 -225.3 2666.5 0 0 0 0 0 0 0 0 0
-692.1 -799.0 2771.6 0 0 0 0 0 0 0 0 0
-343.2 -816.5 2622.6 0 0 0 0 0 0 0 0 0
-652.5 495.7 2785.3  0.9679343104 0.0319862179 0.2491586357 -0.0292026140 0.9994630218 -0.0148613388 -0.2495002002 0.0071087168 0.9683486819
-659.0 294.8 2783.8 0.9679343104 0.0319862179 0.2491586357 -0.0292026140 0.9994630218 -0.0148613388 -0.2495002002 0.0071087168 0.9683486819
-665.5 99.1 2783.1 0.9678732157 0.0331072621 0.2492496073 -0.0310795456 0.9994440675 -0.0120674018 -0.2495105714 0.0039331499 0.9683640599
-796.9 299.2 2819.4 0.2153312266 -0.9175606966 -0.3342376947 0.9755992293 0.1871019304 0.1148870811 -0.0428793542 -0.3508208096 0.9354603887
-849.9 59.0 2829.9 0.0221885014 -0.9174972177 -0.3971227705 0.9017856121 0.1898555607 -0.3882493973 0.4316137135 -0.3495049179 0.8315984011
-521.1 290.4 2748.3 0.1625006497 0.8356768489 0.5246310830 -0.9855787754 0.1629051119 0.0457867570 -0.0472021513 -0.5245056152 0.8500975370
-477.4 25.6 2735.6 -0.1490938365 0.8228736520 0.5483155847 -0.9527807832 0.0287976246 -0.3022904098 -0.2645370066 -0.5674941540 0.7797246575
-757.5 -96.1 2807.7 0.6563585401 -0.0941436663 0.7485522032 0.0673006028 0.9955344796 0.0661943704 -0.7514413595 0.0069307727 0.6597635150
-720.6 -486.0 2805.0 0.6515563130 -0.0907672793 0.7531505227 0.1380167454 0.9904298782 -0.0000359143 -0.7459395528 0.1039707810 0.6578482389
-582.1 -102.5 2764.6 -0.5631192923 -0.0874161422 0.8217390776 -0.0234108362 0.9956777096 0.0898767263 -0.8260439038 0.0313737206 -0.5627318025
-547.8 -492.4 2752.3 -0.5631192923 -0.5029248595 0.6557158232 -0.0234108362 0.8028743267 0.5956884623 -0.8260439038 0.3200928271 -0.4638879299
-856.1 -194.9 2708.4 0 0 0 0 0 0 0 0 0
-516.7 -225.6 2665.8 0 0 0 0 0 0 0 0 0
-692.1 -796.7 2772.4 0 0 0 0 0 0 0 0 0
-346.3 -814.2 2624.0 0 0 0 0 0 0 0 0 0
-652.7 496.7 2790.8  0.9698932767 0.0335530490 0.2412078232 -0.0272098184 0.9991919398 -0.0295816176 -0.2420054823 0.0221277904 0.9700225592
-659.5 295.7 2786.3 0.9698932767 0.0335530490 0.2412078232 -0.0272098184 0.9991919398 -0.0295816176 -0.2420054823 0.0221277904 0.9700225592
-666.1 100.1 2782.7 0.9698643088 0.0335668176 0.2413224429 -0.0280729290 0.9992632866 -0.0261689518 -0.2420230657 0.0186057035 0.9700921178
-797.7 299.7 2820.8 0.1921609044 -0.9167811871 -0.3501234651 0.9813375473 0.1821020991 0.0617694221 0.0071291742 -0.3554589748 0.9346646667
-847.4 46.0 2819.0 0.0600141436 -0.9150418043 -0.3988693953 0.9014509916 0.2212962955 -0.3720404804 0.4287008941 -0.3372335136 0.8381462097
-521.3 291.7 2751.8 0.1687563956 0.8390310407 0.5172505975 -0.9837766886 0.1757840365 0.0358247012 -0.0608663596 -0.5149047375 0.8550838828
-476.2 29.1 2735.6 -0.1531314403 0.8251230717 0.5438038707 -0.9532908201 0.0216418523 -0.3012777269 -0.2603601217 -0.5645383000 0.7832682133
-759.4 -93.8 2804.9 0.6637779474 -0.0974980295 0.7415477037 0.0645179972 0.9952355027 0.0731009915 -0.7451417446 -0.0006796535 0.6669057608
-721.2 -483.7 2805.1 0.6586097479 -0.0933749527 0.7466688156 0.1396356523 0.9902027249 0.0006625888 -0.7394153476 0.1038251966 0.6651956439
-584.5 -99.4 2759.8 -0.5758603215 -0.0873983353 0.8128631115 -0.0375134684 0.9960469604 0.0805182606 -0.8166869879 0.0158739574 -0.5768625140
-550.3 -489.5 2753.5 -0.5758603215 -0.5043681264 0.6434265375 -0.0375134684 0.8024922013 0.5954821110 -0.8166869879 0.3187773526 -0.4810440242
-864.5 -211.4 2696.5 0 0 0 0 0 0 0 0 0
-516.6 -222.2 2666.9 0 0 0 0 0 0 0 0 0
-691.7 -797.4 2772.2 0 0 0 0 0 0 0 0 0
-345.2 -815.8 2623.9 0 0 0 0 0 0 0 0 0
-651.9 497.0 2793.5  0.9742050171 0.0394600220 0.2221880406 -0.0319220573 0.9987897277 -0.0374171175 -0.2233956158 0.0293592457 0.9742856026
-659.8 296.1 2787.6 0.9742050171 0.0394600220 0.2221880406 -0.0319220573 0.9987897277 -0.0374171175 -0.2233956158 0.0293592457 0.9742856026
-667.6 100.5 2782.6 0.9741634727 0.0397079289 0.2223257869 -0.0329691991 0.9988798499 -0.0339414701 -0.2234244943 0.0257346369 0.9743814468
-798.6 300.8 2819.5 0.1890038550 -0.9112052917 -0.3660361469 0.9819685817 0.1768617034 0.0667653680 0.0039008183 -0.3720549047 0.9282025099
-846.7 50.6 2818.5 0.0353197977 -0.9105718732 -0.4118390381 0.9067440033 0.2024692446 -0.3698939979 0.4201998115 -0.3603679836 0.8328067064
-521.0 291.4 2755.8 0.1710643470 0.8478176594 0.5019384027 -0.9823153615 0.1861180514 0.0204107761 -0.0761151835 -0.4965533912 0.8646624684
-475.6 30.9 2735.6 -0.1515410244 0.8341643214 0.5302878618 -0.9545537233 0.0157888364 -0.2976204753 -0.2566370070 -0.5512899160 0.7938619852
-760.3 -93.1 2800.9 0.6784152985 -0.0996388420 0.7278906107 0.0655447170 0.9950183630 0.0751155913 -0.7317489982 -0.0032501835 0.6815664768
-721.3 -482.8 2802.2 0.6735705733 -0.0928847790 0.7332633734 0.1351265311 0.9908273816 0.0013849576 -0.7266660333 0.0981504619 0.6799433231
-585.0 -98.2 2757.2 -0.5806060433 -0.0841275901 0.8098266125 -0.0428700335 0.9964264631 0.0727765188 -0.8130552173 0.0075371922 -0.5821378231
-552.0 -488.4 2754.2 -0.5806060433 -0.5073207617 0.6368062496 -0.0428700335 0.8001039028 0.5983275771 -0.8130552173 0.3200927079 -0.4862940311
-856.8 -206.5 2699.3 0 0 0 0 0 0 0 0 0
-515.6 -220.8 2667.9 0 0 0 0 0 0 0 0 0
-691.9 -796.0 2771.2 0 0 0 0 0 0 0 0 0
-343.7 -816.9 2622.8 0 0 0 0 0 0 0 0 0
-647.0 494.0 2784.4  0.9802372456 0.0462214313 0.1923500150 -0.0427820496 0.9988422394 -0.0219982211 -0.1931440979 0.0133343479 0.9810798168
-656.4 291.0 2781.7 0.9802372456 0.0462214313 0.1923500150 -0.0427820496 0.9988422394 -0.0219982211 -0.1931440979 0.0133343479 0.9810798168
-664.7 95.4 2779.3 0.9803958535 0.0423079021 0.1924422532 -0.0392027237 0.9990327954 -0.0199165978 -0.1930987537 0.0119818905 0.9811061621
-796.1 296.6 2809.2 0.2010383904 -0.8992231488 -0.3885631263 0.9791045785 0.1720559895 0.1084016711 -0.0306226760 -0.4022368491 0.9150233865
-845.9 53.6 2816.8 -0.0045311349 -0.8992716670 -0.4373670816 0.9096302390 0.1779769212 -0.3753626049 0.4153942168 -0.3995431364 0.8171982169
-516.8 285.4 2754.2 0.1565772295 0.8644380569 0.4777347147 -0.9855388999 0.1684725285 0.0181667563 -0.0647811368 -0.4736706614 0.8783162832
-476.5 32.0 2737.5 -0.1299867034 0.8546094298 0.5027387142 -0.9572893977 0.0239000432 -0.2881419063 -0.2582642734 -0.5187210441 0.8150018454
-763.4 -92.2 2797.7 0.6989689469 -0.1025851965 0.7077561021 0.0688215792 0.9947137833 0.0762109384 -0.7118328810 -0.0045601847 0.7023341060
-723.2 -481.8 2799.5 0.6939030290 -0.0997034237 0.7131323814 0.1344838738 0.9908860326 0.0076787416 -0.7073984742 0.0905764997 0.7009873390
-587.3 -98.2 2757.3 -0.5950405002 -0.0907017216 0.7985612154 -0.0497188233 0.9958626032 0.0760639682 -0.8021563888 0.0055576195 -0.5970881581
-551.7 -488.2 2755.2 -0.5950405002 -0.5047017932 0.6254621744 -0.0497188233 0.7998583317 0.5981259942 -0.8021563888 0.3248119652 -0.5010412931
-844.7 -203.3 2699.5 0 0 0 0 0 0 0 0 0
-510.8 -220.4 2669.4 0 0 0 0 0 0 0 0 0
-691.4 -797.7 2770.6 0 0 0 0 0 0 0 0 0
-348.3 -810.7 2624.2 0 0 0 0 0 0 0 0 0
-639.3 490.1 2759.8  0.9918603301 0.0592278875 0.1127168909 -0.0639007464 0.9972209334 0.0383024178 -0.1101350710 -0.0451933444 0.9928886294
-651.4 287.5 2769.0 0.9918603301 0.0592278875 0.1127168909 -0.0639007464 0.9972209334 0.0383024178 -0.1101350710 -0.0451933444 0.9928886294
-662.7 92.4 2777.0 0.9920842648 0.0557245165 0.1125326678 -0.0600152388 0.9975799322 0.0351054929 -0.1103040949 -0.0415812843 0.9930276871
-792.2 295.7 2784.6 0.2174794972 -0.8929140568 -0.3942171931 0.9694766402 0.1507623792 0.1933539212 -0.1132153124 -0.4242348969 0.8984470367
-847.3 50.2 2813.3 -0.0396908112 -0.8929140568 -0.4484742582 0.9122408032 0.1507623792 -0.3809035122 0.4077271223 -0.4242348969 0.8085687160
