372.5 544.0 2906.0 0.8880537748 -0.0492744669 0.4570913315 0.0257929806 0.9980137348 0.0574743785 -0.4590154588 -0.0392505936 0.8875607848
382.5 341.7 2913.9 0.8880537748 -0.0492744669 0.4570913315 0.0257929806 0.9980137348 0.0574743785 -0.4590154588 -0.0392505936 0.8875607848
390.8 143.2 2920.9 0.8882670999 -0.0419446789 0.4574081302 0.0211241860 0.9984985590 0.0505408198 -0.4588412941 -0.0352313742 0.8878194690
257.4 338.7 2978.5 0.1225997135 -0.5985143185 -0.7916753888 0.9532523155 0.2930020988 -0.0738907680 0.2761872411 -0.7456073761 0.6064571142
221.9 62.3 2898.4 -0.4315297008 -0.5985143185 -0.6749538779 0.6662322879 0.2930020988 -0.6857727766 0.6082077622 -0.7456073761 0.2723104656
507.5 344.6 2849.4 0.0705188289 -0.0754300877 0.9946544170 -0.9682883620 0.2344102263 0.0864261463 -0.2396762967 -0.9692069888 -0.0565077402
525.4 98.1 2788.4 -0.5835253596 -0.0754300877 0.8085842133 -0.7985466123 0.2344102263 -0.5544142723 -0.1477208883 -0.9692069888 -0.1970187575
315.6 -55.4 2973.1 0.6573004127 -0.0056587891 0.7536073923 0.1052801609 0.9908557534 -0.0843856484 -0.7462387085 0.1348066330 0.6518856883
317.8 -449.3 2919.5 0.6652618051 -0.2018591166 0.7188042998 0.0690832138 0.9752697349 0.2099440247 -0.7434071898 -0.0900104344 0.6627547741
479.2 -52.6 2890.1 0.8209394217 -0.0328426994 0.5700700283 0.1435893178 0.9781380892 -0.1504261494 -0.5526667833 0.2053467184 0.8077079654
492.3 -441.4 2808.5 0.8125598431 -0.2625703812 0.5203876495 0.1760661751 0.9616522193 0.2102991790 -0.5556502342 -0.0792580172 0.8276297450
341.5 -122.4 2729.8 0 0 0 0 0 0 0 0 0
373.6 -109.6 2749.9 0 0 0 0 0 0 0 0 0
374.7 -723.9 2944.8 0 0 0 0 0 0 0 0 0
571.5 -731.8 2832.4 0 0 0 0 0 0 0 0 0
373.9 546.5 2908.4 0.8845481277 -0.0451651253 0.4642572105 0.0229043327 0.9983062148 0.0534803569 -0.4658862948 -0.0366724469 0.8840843439
383.1 344.0 2915.8 0.8845481277 -0.0451651253 0.4642572105 0.0229043327 0.9983062148 0.0534803569 -0.4658862948 -0.0366724469 0.8840843439
390.8 145.4 2921.7 0.8846507668 -0.0387317464 0.4646426737 0.0204599258 0.9988085628 0.0443043895 -0.4658050835 -0.0296873581 0.8843892217
258.6 341.1 2981.4 0.1095656008 -0.6308438182 -0.7681350708 0.9529314041 0.2864530683 -0.0993297324 0.2826961875 -0.7210968733 0.6325362921
226.5 61.7 2898.5 -0.4192764759 -0.6308438182 -0.6528730989 0.6561375856 0.2864530683 -0.6981604695 0.6274477243 -0.7210968733 0.2938173115
507.6 346.9 2850.3 0.0728079975 -0.1326111555 0.9884904027 -0.9645869732 0.2425719798 0.1035896763 -0.2535172105 -0.9610270858 -0.1102538109
526.3 99.2 2785.2 -0.5850159526 -0.1326111555 0.8001066446 -0.8018438220 0.2425719798 -0.5460817814 -0.1216669083 -0.9610270858 -0.2482419163
317.6 -57.2 2970.0 0.6516934633 -0.0010693430 0.7584817410 0.1100356579 0.9895532131 -0.0931483805 -0.7504584193 0.1441642195 0.6450030208
318.0 -450.6 2912.7 0.6638600826 -0.2061002105 0.7188966870 0.0573310219 0.9724722505 0.2258557528 -0.7456560135 -0.1087215468 0.6574015021
480.6 -53.3 2885.9 0.8171370625 -0.0319376364 0.5755580068 0.1393623948 0.9797903895 -0.1434885561 -0.5593435168 0.1974609643 0.8050739169
493.3 -442.8 2807.4 0.8099899888 -0.2561749816 0.5275325775 0.1676083654 0.9631483555 0.2103631943 -0.5619819164 -0.0819732025 0.8230776191
342.7 -120.2 2724.6 0 0 0 0 0 0 0 0 0
374.1 -109.4 2753.5 0 0 0 0 0 0 0 0 0
375.6 -722.2 2943.1 0 0 0 0 0 0 0 0 0
569.1 -728.0 2831.6 0 0 0 0 0 0 0 0 0
375.0 549.8 2908.1 0.8913982511 -0.0465595946 0.4508229494 0.0248917229 0.9982372522 0.0538772121 -0.4525367618 -0.0368042924 0.8909859061
384.5 346.8 2915.6 0.8913982511 -0.0465595946 0.4508229494 0.0248917229 0.9982372522 0.0538772121 -0.4525367618 -0.0368042924 0.8909859061
392.1 148.2 2921.4 0.8915610909 -0.0386145562 0.4512513280 0.0210745446 0.9988165498 0.0438328125 -0.4524098933 -0.0295697134 0.8913197517
259.0 343.8 2979.2 0.1002252847 -0.6508024931 -0.7526028156 0.9545558691 0.2762741148 -0.1117843986 0.2806742489 -0.7071977854 0.6489169598
229.5 62.5 2896.5 -0.4125960171 -0.6508024931 -0.6373544335 0.6532169580 0.2762741148 -0.7049682140 0.6348795891 -0.7071977854 0.3111256063
509.9 349.7 2851.9 0.0710531026 -0.1194434837 0.9902952909 -0.9658636451 0.2397117466 0.0982127488 -0.2491162717 -0.9634684920 -0.0983338580
528.5 97.3 2786.8 -0.5944820046 -0.1194434837 0.7951883078 -0.7944949269 0.2397117466 -0.5579570532 -0.1239716336 -0.9634684920 -0.2374015599
317.3 -55.0 2970.4 0.6628975868 -0.0021958952 0.7487068772 0.1076944023 0.9898763895 -0.0924483314 -0.7409242392 0.1419153064 0.6564231515
318.2 -448.6 2913.9 0.6741091013 -0.2043967694 0.7097879052 0.0585279576 0.9727093577 0.2245239913 -0.7363092899 -0.1098112315 0.6676751375
479.6 -51.2 2884.9 0.8254988194 -0.0331663042 0.5634285212 0.1378886402 0.9798730612 -0.1443450898 -0.5473010540 0.1968470961 0.8134573102
492.8 -440.8 2806.6 0.8158761859 -0.2601601481 0.5163939595 0.1759692430 0.9624186754 0.2068456709 -0.5508002043 -0.0778909996 0.8309946656
343.9 -118.6 2720.5 0 0 0 0 0 0 0 0 0
373.8 -109.4 2754.5 0 0 0 0 0 0 0 0 0
375.9 -723.3 2945.0 0 0 0 0 0 0 0 0 0
568.8 -722.0 2829.4 0 0 0 0 0 0 0 0 0
376.9 546.8 2907.9 0.8900539875 -0.0402068831 0.4540784955 0.0175005794 0.9983822107 0.0540994033 -0.4555190206 -0.0402047522 0.8893176913
385.1 344.2 2916.1 0.8900539875 -0.0402068831 0.4540784955 0.0175005794 0.9983822107 0.0540994033 -0.4555190206 -0.0402047522 0.8893176913
391.6 145.6 2923.0 0.8902052641 -0.0328694992 0.4543723464 0.0133671639 0.9988488555 0.0460682549 -0.4553635120 -0.0349365324 0.8896198869
259.8 342.3 2980.2 0.1160236895 -0.6542894840 -0.7472909689 0.9559305906 0.2778482139 -0.0948527232 0.2696945965 -0.7033531070 0.6576923132
225.6 60.8 2900.7 -0.4425004125 -0.6542894840 -0.6132688522 0.6135649085 0.2778482139 -0.7391471267 0.6540118456 -0.7033531070 0.2785010934
510.3 346.1 2852.0 0.0701484606 -0.0756734833 0.9946621060 -0.9703832269 0.2258878052 0.0856216401 -0.2311613411 -0.9712096453 -0.0575865954
528.0 101.9 2793.8 -0.5779517889 -0.0756734833 0.8125547767 -0.8036424518 0.2258878052 -0.5505756140 -0.1418822408 -0.9712096453 -0.1913666874
318.0 -52.3 2968.8 0.6611164212 -0.0010457654 0.7502825856 0.0955848023 0.9919680953 -0.0828425437 -0.7441697121 0.1264841855 0.6559063792
318.4 -446.7 2918.5 0.6689393520 -0.1951987296 0.7172291279 0.0588908866 0.9757879376 0.2106413841 -0.7409804463 -0.0986680463 0.6642383337
481.6 -48.4 2885.8 0.8243316412 -0.0265076738 0.5654862523 0.1370192915 0.9785450101 -0.1538682431 -0.5492750406 0.2043209821 0.8102776408
492.2 -437.5 2804.6 0.8145184517 -0.2618705034 0.5176712871 0.1755886376 0.9617527723 0.2102386057 -0.5529270768 -0.0803460330 0.8293468356
348.2 -109.1 2719.6 0 0 0 0 0 0 0 0 0
377.6 -107.2 2756.9 0 0 0 0 0 0 0 0 0
373.3 -720.9 2946.3 0 0 0 0 0 0 0 0 0
571.3 -728.3 2828.9 0 0 0 0 0 0 0 0 0
377.8 546.4 2907.4 0.8866160512 -0.0375568271 0.4609788060 0.0134092690 0.9983659387 0.0555482917 -0.4623117745 -0.0430686176 0.8856709003
385.4 344.0 2916.1 0.8866160512 -0.0375568271 0.4609788060 0.0134092690 0.9983659387 0.0555482917 -0.4623117745 -0.0430686176 0.8856709003
391.6 145.4 2924.1 0.8867650032 -0.0312107094 0.4611655474 0.0090827011 0.9987016320 0.0501250923 -0.4621312320 -0.0402605496 0.8858971596
260.6 342.7 2981.1 0.1078567728 -0.6429502368 -0.7582756281 0.9525998831 0.2850787938 -0.1062240824 0.2844651043 -0.7108762860 0.6432220340
228.7 61.0 2897.0 -0.4523147047 -0.6429502368 -0.6180828214 0.6076813340 0.2850787938 -0.7412512898 0.6527900100 -0.7108762860 0.2617635429
510.2 345.3 2851.1 0.0776624456 0.0157696977 0.9968549609 -0.9752478004 0.2088301480 0.0726755038 -0.2070273012 -0.9778247476 0.0315976217
529.6 101.8 2799.4 -0.6011046767 0.0157696977 0.7990146875 -0.7795106769 0.2088301480 -0.5905532241 -0.1761711985 -0.9778247476 -0.1132361293
316.5 -54.2 2971.8 0.6556199193 -0.0066061220 0.7550621629 0.1068709120 0.9907073379 -0.0841281191 -0.7474899292 0.1358502507 0.6502334476
319.1 -448.0 2917.8 0.6639192104 -0.1993825883 0.7207342982 0.0687804595 0.9759966135 0.2066393495 -0.7446345091 -0.0876194015 0.6616965532
479.8 -51.7 2888.2 0.8201178908 -0.0334473699 0.5712161660 0.1428776830 0.9786377549 -0.1478313953 -0.5540691614 0.2028532177 0.8073772192
493.1 -440.8 2807.6 0.8112285733 -0.2609325647 0.5232804418 0.1777369976 0.9626038074 0.2044589072 -0.5570617318 -0.0728566051 0.8272690773
354.1 -107.4 2716.1 0 0 0 0 0 0 0 0 0
373.3 -100.8 2753.6 0 0 0 0 0 0 0 0 0
374.3 -718.3 2942.0 0 0 0 0 0 0 0 0 0
571.9 -731.6 2829.6 0 0 0 0 0 0 0 0 0
378.4 548.1 2907.6 0.8869782686 -0.0354200266 0.4604508281 0.0138956588 0.9986498952 0.0500532426 -0.4616020322 -0.0379978716 0.8862729073
385.6 345.5 2915.3 0.8869782686 -0.0354200266 0.4604508281 0.0138956588 0.9986498952 0.0500532426 -0.4616020322 -0.0379978716 0.8862729073
391.6 146.9 2922.3 0.8870939612 -0.0299651381 0.4606152177 0.0103612375 0.9989318848 0.0450305119 -0.4614725709 -0.0351737514 0.8864569068
260.8 344.1 2980.2 0.0948630646 -0.6306295395 -0.7702644467 0.9492013454 0.2905009687 -0.1209381372 0.3000297546 -0.7196635008 0.6261522174
232.1 57.0 2889.5 -0.4549922347 -0.6306295395 -0.6287196875 0.6128321290 0.2905009687 -0.7348781824 0.6460795999 -0.7196635008 0.2542943656
510.5 347.0 2850.3 0.0779927075 -0.0000116258 0.9969539046 -0.9762874842 0.2025563121 0.0763783082 -0.2019401938 -0.9792706370 0.0157865640
530.4 97.0 2798.6 -0.6007745862 -0.0000116258 0.7994185090 -0.7828484178 0.2025563121 -0.5883190036 -0.1619204134 -0.9792706370 -0.1216997802
316.5 -53.9 2974.5 0.6562635303 -0.0062505156 0.7545058727 0.1101550534 0.9900456071 -0.0876102597 -0.7464476228 0.1406080574 0.6504193544
319.0 -447.6 2918.6 0.6659087539 -0.2014332563 0.7183246017 0.0667384937 0.9750826955 0.2115649879 -0.7430420518 -0.0929430723 0.6627594233
479.2 -52.3 2889.7 0.8206238151 -0.0371772833 0.5702582002 0.1461012363 0.9783676863 -0.1464619040 -0.5524771214 0.2035055608 0.8083034754
494.0 -441.3 2808.8 0.8110376596 -0.2577970624 0.5251271725 0.1845013946 0.9645716548 0.1885755658 -0.5551370382 -0.0560551845 0.8298678398
358.2 -112.9 2710.4 0 0 0 0 0 0 0 0 0
374.2 -106.6 2756.5 0 0 0 0 0 0 0 0 0
375.1 -719.5 2944.5 0 0 0 0 0 0 0 0 0
571.4 -730.9 2825.6 0 0 0 0 0 0 0 0 0
377.2 541.1 2908.7 0.8879433870 -0.0370793194 0.4584556818 0.0165697988 0.9986770153 0.0486791246 -0.4596541524 -0.0356277898 0.8873831034
384.7 339.2 2915.9 0.8879433870 -0.0370793194 0.4584556818 0.0165697988 0.9986770153 0.0486791246 -0.4596541524 -0.0356277898 0.8873831034
390.9 140.6 2922.5 0.8880860806 -0.0310910456 0.4586245418 0.0123893041 0.9989665151 0.0437310748 -0.4595102072 -0.0331549197 0.8875534534
259.7 337.4 2980.5 0.0821777731 -0.6439927220 -0.7606051564 0.9461953640 0.2900933921 -0.1433882117 0.3129874766 -0.7078977227 0.6331821680
235.2 54.8 2887.1 -0.4462617636 -0.6439927220 -0.6213886142 0.6091338992 0.2900933921 -0.7381068468 0.6555961967 -0.7078977227 0.2628202140
509.7 340.9 2851.2 0.0830290690 -0.0352985337 0.9959217906 -0.9745246768 0.2060602605 0.0885486230 -0.2083455324 -0.9779024124 -0.0172903016
530.7 94.0 2798.4 -0.5941663980 -0.0352985337 0.8035672307 -0.7911178470 0.2060602605 -0.5759094954 -0.1452545077 -0.9779024124 -0.1503593922
316.1 -52.6 2971.6 0.6577869058 -0.0078930380 0.7531627417 0.1088793352 0.9904388785 -0.0847118795 -0.7452930212 0.1377262175 0.6523571014
319.3 -446.4 2916.8 0.6676061749 -0.2027323693 0.7163808942 0.0650132075 0.9744108319 0.2151668221 -0.7416706085 -0.0970724747 0.6637029648
478.9 -50.7 2886.9 0.8216199875 -0.0401984677 0.5686165094 0.1490163952 0.9779697061 -0.1461828351 -0.5502133965 0.2048399150 0.8095096350
494.9 -439.5 2805.5 0.8145832419 -0.2555421889 0.5207228661 0.1769273877 0.9644078016 0.1965052634 -0.5524045825 -0.0679397509 0.8308028579
358.9 -114.0 2705.3 0 0 0 0 0 0 0 0 0
376.1 -111.8 2760.6 0 0 0 0 0 0 0 0 0
376.4 -720.9 2944.2 0 0 0 0 0 0 0 0 0
572.4 -732.1 2826.1 0 0 0 0 0 0 0 0 0
378.1 544.6 2908.2 0.8901039958 -0.0306809247 0.4547236264 0.0086230952 0.9986866713 0.0505035967 -0.4556759298 -0.0410323255 0.8891995549
384.3 342.8 2916.5 0.8901039958 -0.0306809247 0.4547236264 0.0086230952 0.9986866713 0.0505035967 -0.4556759298 -0.0410323255 0.8891995549
389.6 144.2 2924.6 0.8901962042 -0.0268012416 0.4547883570 0.0054191998 0.9988203645 0.0482542589 -0.4555451572 -0.0404911675 0.8892913461
259.0 342.0 2980.6 0.0800236538 -0.6400598288 -0.7641463280 0.9471908212 0.2876435518 -0.1417417228 0.3105249405 -0.7124497294 0.6292771101
234.3 49.2 2884.7 -0.4660867155 -0.6400598288 -0.6108081341 0.5918099880 0.2876435518 -0.7530087233 0.6576656699 -0.7124497294 0.2447269559
509.6 343.5 2852.4 0.0804499015 -0.0491842479 0.9955444336 -0.9728850126 0.2134123147 0.0891622975 -0.2168468237 -0.9757233858 -0.0306816157
530.7 88.4 2795.5 -0.5977971554 -0.0491842479 0.8001371622 -0.7888957262 0.2134123147 -0.5762800574 -0.1424152255 -0.9757233858 -0.1663785130
315.6 -59.2 2971.2 0.6615552902 -0.0127341598 0.7497882247 0.1050257310 0.9915745258 -0.0758260190 -0.7425053120 0.1289101690 0.6573187709
320.6 -453.4 2920.0 0.6685929894 -0.2017997503 0.7157236338 0.0728086457 0.9756147265 0.2070624083 -0.7400556207 -0.0863296017 0.6669819355
478.5 -56.9 2886.9 0.8242585063 -0.0464076512 0.5643086433 0.1521806419 0.9781212807 -0.1418441534 -0.5453796387 0.2027931064 0.8132871389
497.0 -445.8 2806.3 0.8179263473 -0.2555252016 0.5154641867 0.1771673113 0.9642853737 0.1968893558 -0.5473648310 -0.0697175786 0.8339851499
363.5 -114.8 2702.3 0 0 0 0 0 0 0 0 0
375.1 -117.0 2758.5 0 0 0 0 0 0 0 0 0
375.9 -720.8 2943.6 0 0 0 0 0 0 0 0 0
572.4 -730.5 2826.9 0 0 0 0 0 0 0 0 0
379.2 547.1 2909.0 0.8962587118 -0.0288812574 0.4425902963 0.0079925610 0.9987673163 0.0489894450 -0.4434596002 -0.0403697863 0.8953847289
385.0 345.1 2917.2 0.8962587118 -0.0288812574 0.4425902963 0.0079925610 0.9987673163 0.0489894450 -0.4434596002 -0.0403697863 0.8953847289
390.1 146.5 2925.1 0.8963378668 -0.0254651420 0.4426397681 0.0050833658 0.9988738894 0.0471716560 -0.4433425367 -0.0400316417 0.8954579234
258.9 344.4 2979.6 0.0961581618 -0.6367003322 -0.7650923729 0.9553208351 0.2748670876 -0.1086745411 0.2794918120 -0.7204587460 0.6346837878
229.0 47.3 2892.6 -0.4765355587 -0.6367003322 -0.6062396765 0.5942912698 0.2748670876 -0.7558213472 0.6478670239 -0.7204587460 0.2474015206
511.1 345.8 2854.8 0.0815641433 -0.0867462829 0.9928858876 -0.9712522626 0.2166213542 0.0987127125 -0.2236432433 -0.9723941088 -0.0665839836
532.3 93.7 2796.7 -0.5717297792 -0.0867462829 0.8158431649 -0.8101609349 0.2166213542 -0.5447150469 -0.1294770539 -0.9723941088 -0.1941273361
313.3 -54.9 2974.4 0.6715143323 -0.0155283129 0.7408288121 0.1186808050 0.9891273975 -0.0868437886 -0.7314255834 0.1462390125 0.6660561562
319.5 -448.1 2916.3 0.6843186617 -0.1994315535 0.7013807893 0.0619300641 0.9742923379 0.2166080773 -0.7265484333 -0.1047923937 0.6790772676
476.7 -53.9 2890.8 0.8315057158 -0.0552620739 0.5527606606 0.1565380841 0.9780259728 -0.1376989633 -0.5330047607 0.2010255754 0.8218848109
498.6 -442.7 2810.9 0.8239637017 -0.2512268722 0.5079063773 0.1872431785 0.9667072892 0.1744047254 -0.5348119736 -0.0486011654 0.8435721993
361.1 -117.5 2713.0 0 0 0 0 0 0 0 0 0
383.6 -117.1 2763.0 0 0 0 0 0 0 0 0 0
376.0 -724.2 2946.0 0 0 0 0 0 0 0 0 0
573.2 -729.7 2825.3 0 0 0 0 0 0 0 0 0
377.8 544.6 2911.4  0.8787563443 -0.0329391584 0.4761326313 0.0113784932 0.9987779260 0.0480958000 -0.4771350026 -0.0368468165 0.8780572414
384.5 342.6 2918.8 0.8787563443 -0.0329391584 0.4761326313 0.0113784932 0.9987779260 0.0480958000 -0.4771350026 -0.0368468165 0.8780572414
390.0 144.0 2925.9 0.8788726330 -0.0278657787 0.4762419164 0.0075575085 0.9989805818 0.0445052870 -0.4769966006 -0.0355152786 0.8781872988
260.9 341.6 2985.9 0.0920192599 -0.6209684610 -0.7784155011 0.9554727674 0.2751667202 -0.1065599918 0.2803644240 -0.7339492440 0.6186390519
232.7 49.3 2900.2 -0.4398305714 -0.6209684610 -0.6488044858 0.6527293921 0.2751667202 -0.7058523893 0.6168414354 -0.7339492440 0.2842976153
508.1 343.7 2851.8 0.1014083102 -0.0608039647 0.9929850101 -0.9724519849 0.2045239359 0.1118350998 -0.2098892182 -0.9769712687 -0.0383885130
533.7 98.0 2798.7 -0.5129156709 -0.0608039647 0.8562828898 -0.8460703492 0.2045239359 -0.4922752380 -0.1451980621 -0.9769712687 -0.1563479602
312.9 -52.5 2973.8 0.6431398392 -0.0139254108 0.7656221390 0.1252914667 0.9882740378 -0.0872725695 -0.7554291487 0.1520543844 0.6373431087
318.4 -445.4 2913.3 0.6646745205 -0.2019181103 0.7193308473 0.0356669575 0.9702658653 0.2393993437 -0.7462812066 -0.1334663033 0.6521127820
477.4 -51.6 2892.4 0.8106238842 -0.0537059642 0.5830991268 0.1578397751 0.9789678454 -0.1292615235 -0.5638931990 0.1968187094 0.8020516634
498.7 -440.8 2814.1 0.8043569922 -0.2483297884 0.5397611260 0.1834183931 0.9678772688 0.1719628870 -0.5651260614 -0.0393174365 0.8240671754
354.3 -131.2 2729.6 0 0 0 0 0 0 0 0 0
400.5 -121.6 2761.0 0 0 0 0 0 0 0 0 0
377.0 -727.0 2952.0 0 0 0 0 0 0 0 0 0
573.8 -733.5 2826.0 0 0 0 0 0 0 0 0 0
377.7 545.3 2910.1  0.8840612173 -0.0289907586 0.4664711356 0.0072244774 0.9988027215 0.0483827777 -0.4673152864 -0.0394033268 0.8832122087
383.5 343.2 2918.1 0.8840612173 -0.0289907586 0.4664711356 0.0072244774 0.9988027215 0.0483827777 -0.4673152864 -0.0394033268 0.8832122087
388.1 144.5 2925.1 0.8841448426 -0.0232271068 0.4666351378 0.0040234639 0.9991049767 0.0421078317 -0.4671955109 -0.0353519320 0.8834469914
259.2 342.6 2983.8 0.0794334188 -0.5903324485 -0.8032421470 0.9628558159 0.2540442348 -0.0914887637 0.2580678165 -0.7661390901 0.5885846615
234.6 45.0 2904.0 -0.4237192273 -0.5903324485 -0.6870003939 0.7103409171 0.2540442348 -0.6564124823 0.5620300770 -0.7661390901 0.3116938770
507.9 343.7 2852.3 0.1054543331 -0.0048263138 0.9944124222 -0.9743580222 0.1993713975 0.1042952612 -0.1987607479 -0.9799121022 0.0163220186
534.8 95.3 2801.7 -0.4612981379 -0.0048263138 0.8872320652 -0.8698735833 0.1993713975 -0.4511884451 -0.1747111082 -0.9799121022 -0.0961679369
314.9 -55.3 2976.7 0.6519693732 -0.0124581913 0.7581429482 0.1273765415 0.9874553680 -0.0933118090 -0.7474698424 0.1574060619 0.6453775764
319.9 -447.9 2914.1 0.6719304323 -0.1990676373 0.7133593559 0.0426199846 0.9719967246 0.2310972959 -0.7393869758 -0.1248779371 0.6615983844
476.1 -53.9 2889.2 0.8178478479 -0.0567746870 0.5726268888 0.1484347433 0.9822582603 -0.1146114916 -0.5559604764 0.1787324846 0.8117651343
498.7 -444.4 2818.2 0.8066095710 -0.2531460524 0.5341330171 0.1951545775 0.9670307040 0.1636042893 -0.5579387546 -0.0277262814 0.8294188380
351.6 -151.1 2748.9 0 0 0 0 0 0 0 0 0
415.1 -130.4 2756.3 0 0 0 0 0 0 0 0 0
376.4 -723.8 2949.5 0 0 0 0 0 0 0 0 0
574.9 -735.7 2826.5 0 0 0 0 0 0 0 0 0
377.9 547.5 2908.9  0.8902214766 -0.0319715850 0.4544045925 0.0068488996 0.9983605742 0.0568262972 -0.4554764628 -0.0474758185 0.8889809847
384.3 345.1 2918.6 0.8902214766 -0.0319715850 0.4544045925 0.0068488996 0.9983605742 0.0568262972 -0.4554764628 -0.0474758185 0.8889809847
389.3 146.5 2926.3 0.8902918100 -0.0249440782 0.4547068179 0.0043808073 0.9989216328 0.0462209545 -0.4553694129 -0.0391581543 0.8894410133
259.1 344.5 2982.6 0.0826158896 -0.5593165755 -0.8248270154 0.9695231915 0.2366616726 -0.0633718073 0.2306498438 -0.7944533825 0.5618224144
233.2 40.8 2910.4 -0.4229603410 -0.5593165755 -0.7129302025 0.7427664399 0.2366616726 -0.6263299584 0.5190399885 -0.7944533825 0.3153430820
509.6 345.7 2854.5 0.1073802263 0.0071619800 0.9941922426 -0.9739116430 0.2018292397 0.1037358269 -0.1999141127 -0.9793945551 0.0286476053
537.3 94.6 2802.9 -0.3887876570 0.0159628652 0.9211890697 -0.8968939781 0.2221794426 -0.3823839724 -0.2107732296 -0.9748750925 -0.0720636323
311.7 -54.5 2974.9 0.6616317630 -0.0189490989 0.7495894432 0.1249507442 0.9884893298 -0.0853005499 -0.7393448353 0.1500993073 0.6563836336
319.2 -447.5 2915.3 0.6762853861 -0.2006347924 0.7087903619 0.0610384308 0.9741477966 0.2175093889 -0.7341065407 -0.1038349718 0.6710484028
473.8 -53.7 2889.2 0.8246713281 -0.0601474606 0.5624050498 0.1515317559 0.9814760685 -0.1172297597 -0.5449360609 0.1818982512 0.8185094595
497.8 -443.9 2816.9 0.8135172129 -0.2582840621 0.5210365057 0.1967396885 0.9653640985 0.1713642478 -0.5472505689 -0.0368992090 0.8361550570
350.1 -164.4 2767.0 0 0 0 0 0 0 0 0 0
436.6 -137.7 2748.3 0 0 0 0 0 0 0 0 0
375.2 -719.3 2944.2 0 0 0 0 0 0 0 0 0
574.1 -729.4 2827.8 0 0 0 0 0 0 0 0 0
376.9 543.8 2908.4  0.8842384219 -0.0327071846 0.4658890665 0.0064111808 0.9983008504 0.0579163581 -0.4669917524 -0.0482249707 0.8829456568
383.5 341.9 2918.1 0.8842384219 -0.0327071846 0.4658890665 0.0064111808 0.9983008504 0.0579163581 -0.4669917524 -0.0482249707 0.8829456568
388.7 143.3 2926.8 0.8843428493 -0.0263573993 0.4660934210 0.0028819714 0.9986941218 0.0510076471 -0.4668291807 -0.0437649786 0.8832639456
259.0 341.5 2983.8 0.0959893614 -0.5609615445 -0.8222579956 0.9738844633 0.2236847878 -0.0389123820 0.2057549506 -0.7970491052 0.5677831173
229.2 38.9 2919.9 -0.4254323542 -0.5609615445 -0.7101615667 0.7480438352 0.2236847878 -0.6248164177 0.5093502998 -0.7970491052 0.3244610727
507.9 342.3 2852.4 0.1248144507 -0.0031990241 0.9921749234 -0.9765782952 0.1762444824 0.1234206706 -0.1752601862 -0.9843412042 0.0188737605
539.5 95.3 2808.1 -0.2990408838 0.0277668070 0.9538362026 -0.9159160852 0.2720839083 -0.2950729430 -0.2677167356 -0.9618728161 -0.0559321530
312.6 -52.5 2975.9 0.6519986391 -0.0110891871 0.7581390738 0.1172320247 0.9893435240 -0.0863484144 -0.7491024137 0.1451772302 0.6463506222
317.0 -445.8 2918.2 0.6626982689 -0.2082914710 0.7193369865 0.0708290264 0.9736690521 0.2166838199 -0.7455295324 -0.0926460624 0.6600018740
475.9 -51.7 2892.4 0.8174362183 -0.0545805581 0.5734273791 0.1495806128 0.9814634919 -0.1198125258 -0.5562586188 0.1837127209 0.8104479909
497.6 -441.9 2819.3 0.8070226312 -0.2570157647 0.5316553116 0.1917532086 0.9655847549 0.1757178605 -0.5585204959 -0.0398616865 0.8285323381
347.0 -168.1 2778.9 0 0 0 0 0 0 0 0 0
462.3 -141.2 2739.0 0 0 0 0 0 0 0 0 0
375.1 -717.7 2944.0 0 0 0 0 0 0 0 0 0
573.6 -727.2 2831.1 0 0 0 0 0 0 0 0 0
377.0 541.8 2908.6  0.8928896785 -0.0248589907 0.4495887756 0.0020628634 0.9986901879 0.0511234328 -0.4502708018 -0.0447201431 0.8917714357
382.0 340.0 2917.6 0.8928896785 -0.0248589907 0.4495887756 0.0020628634 0.9986901879 0.0511234328 -0.4502708018 -0.0447201431 0.8917714357
385.6 141.4 2925.7 0.8929769397 -0.0182592236 0.4497318864 -0.0019806526 0.9990077615 0.0444926918 -0.4500980377 -0.0406217091 0.8920547366
256.3 340.3 2980.9 0.0989260972 -0.6380333900 -0.7636275291 0.9828525186 0.1826517433 -0.0252847690 0.1556104422 -0.7480319142 0.6451616883
226.3 42.3 2933.8 -0.3989389837 -0.6380333900 -0.6586054564 0.7524983287 0.1826517433 -0.6327595115 0.5240170956 -0.7480319142 0.4072521627
507.6 339.7 2854.3 0.1568541229 0.0152364448 0.9875042439 -0.9701834321 0.1894430816 0.1511799544 -0.1847724020 -0.9817734957 0.0444970764
547.5 93.4 2807.4 -0.2403484881 0.0393549949 0.9698885679 -0.9281476736 0.2832328975 -0.2414973676 -0.2842084765 -0.9582433701 -0.0315473527
312.8 -55.5 2978.3 0.6667706370 -0.0107021872 0.7451860905 0.1217661947 0.9880247712 -0.0947630405 -0.7352481484 0.1539236903 0.6600890756
317.1 -448.3 2917.1 0.6784375906 -0.2117332965 0.7034851909 0.0723361298 0.9721675515 0.2228400707 -0.7310881615 -0.1002956852 0.6748710275
475.1 -54.9 2892.7 0.8286824226 -0.0605239496 0.5564371347 0.1482271552 0.9823728204 -0.1138963476 -0.5397351980 0.1768629849 0.8230463862
499.1 -445.5 2822.4 0.8168595433 -0.2523500323 0.5187098980 0.1978892386 0.9672542810 0.1589307040 -0.5418305397 -0.0271769539 0.8400482535
336.8 -166.1 2788.6 0 0 0 0 0 0 0 0 0
485.3 -146.8 2733.8 0 0 0 0 0 0 0 0 0
376.0 -719.0 2945.1 0 0 0 0 0 0 0 0 0
573.8 -731.6 2830.4 0 0 0 0 0 0 0 0 0
378.2 543.1 2910.7  0.8950049877 -0.0225502327 0.4454857409 0.0045356690 0.9991297722 0.0414629690 -0.4460330606 -0.0350889899 0.8943284154
382.8 341.4 2917.8 0.8950049877 -0.0225502327 0.4454857409 0.0045356690 0.9991297722 0.0414629690 -0.4460330606 -0.0350889899 0.8943284154
385.4 142.7 2924.0 0.8951231837 -0.0133596836 0.4456186295 -0.0020435527 0.9994174242 0.0340675451 -0.4458141625 -0.0314052925 0.8945744634
256.8 341.7 2980.5 0.1189299896 -0.6363664269 -0.7621636391 0.9832124710 0.1824613065 0.0010774558 0.1383797228 -0.7494969368 0.6473835111
221.0 45.9 2938.9 -0.3668795228 -0.6363664269 -0.6785552502 0.7831029892 0.1824613065 -0.5945230126 0.5021445751 -0.7494969368 0.4313991368
508.7 341.1 2855.0 0.1634889245 0.0220894758 0.9862978458 -0.9690499902 0.1910402477 0.1563513130 -0.1849688590 -0.9813336134 0.0526387691
554.2 71.5 2803.6 -0.1740895212 0.0480274223 0.9835579395 -0.9266701341 0.3299027383 -0.1801296324 -0.3331296146 -0.9427924156 -0.0129270311
307.3 -57.0 2975.0 0.6708371639 -0.0279450249 0.7410780191 0.1280338168 0.9886488318 -0.0786179304 -0.7304689288 0.1476228684 0.6668002605
318.5 -450.0 2916.3 0.6844545603 -0.2137666792 0.6970120072 0.0715742633 0.9711319804 0.2275517732 -0.7255336642 -0.1058607250 0.6799958944
471.2 -57.4 2892.4 0.8314018846 -0.0722405538 0.5509557724 0.1579461247 0.9813384414 -0.1096717268 -0.5327513218 0.1782025993 0.8272967339
499.9 -447.5 2821.6 0.8217784166 -0.2498707175 0.5120985508 0.1981137097 0.9679457545 0.1543760151 -0.5342576504 -0.0254091322 0.8449397087
322.6 -170.9 2799.9 0 0 0 0 0 0 0 0 0
509.0 -169.4 2717.0 0 0 0 0 0 0 0 0 0
377.7 -719.4 2945.7 0 0 0 0 0 0 0 0 0
573.7 -733.3 2829.1 0 0 0 0 0 0 0 0 0
377.9 546.0 2909.2  0.8907967210 -0.0237343311 0.4537817538 0.0039471337 0.9990014434 0.0445027538 -0.4543848932 -0.0378517695 0.8900008798
382.7 344.2 2916.9 0.8907967210 -0.0237343311 0.4537817538 0.0039471337 0.9990014434 0.0445027538 -0.4543848932 -0.0378517695 0.8900008798
385.7 145.5 2923.6 0.8909174800 -0.0147221033 0.4539265633 -0.0023270778 0.9993133545 0.0369778499 -0.4541592896 -0.0340005346 0.8902714849
257.4 344.5 2980.8 0.1437337995 -0.6558644176 -0.7410684824 0.9855033755 0.1630655825 0.0468259566 0.0901312828 -0.7370559573 0.6697946787
214.8 52.5 2954.1 -0.3733601868 -0.6558644176 -0.6560823321 0.7785298824 0.1630655825 -0.6060534716 0.5044733882 -0.7370559573 0.4497278631
508.1 343.8 2853.0 0.1720567346 0.0145494584 0.9849795699 -0.9698440433 0.1777201742 0.1667876840 -0.1726240665 -0.9839735031 0.0446886569
558.9 57.4 2802.0 -0.1188829616 0.0374051966 0.9922034740 -0.9258363247 0.3568691015 -0.1243846938 -0.3587393761 -0.9334052205 -0.0077945660
306.0 -55.8 2971.1 0.6639480591 -0.0340056494 0.7470050454 0.1232876033 0.9902726412 -0.0644998327 -0.7375453115 0.1349209994 0.6616821289
319.5 -449.4 2917.5 0.6782839894 -0.2101366967 0.7041117549 0.0631747469 0.9713650942 0.2290389538 -0.7320790291 -0.1108713821 0.6721367240
470.2 -56.1 2889.3 0.8267084956 -0.0712393150 0.5581021905 0.1505666673 0.9837844968 -0.0974563658 -0.5421095490 0.1645995975 0.8240292668
498.5 -447.3 2823.9 0.8125730157 -0.2562930286 0.5234873295 0.2099873573 0.9665501118 0.1472623646 -0.5437190533 -0.0097357128 0.8392108679
318.2 -163.2 2814.3 0 0 0 0 0 0 0 0 0
527.5 -187.0 2707.3 0 0 0 0 0 0 0 0 0
378.0 -719.8 2948.3 0 0 0 0 0 0 0 0 0
574.4 -733.2 2826.8 0 0 0 0 0 0 0 0 0
376.5 548.8 2909.5  0.8783342838 -0.0433914736 0.4760736525 0.0250177104 0.9986796379 0.0448675714 -0.4773919284 -0.0274984539 0.8782600760
385.4 345.3 2915.1 0.8783342838 -0.0433914736 0.4760736525 0.0250177104 0.9986796379 0.0448675714 -0.4773919284 -0.0274984539 0.8782600760
392.2 146.7 2920.5 0.8786367774 -0.0345293023 0.4762406647 0.0172620416 0.9990269542 0.0405858606 -0.4771786332 -0.0274393447 0.8783778548
261.8 342.8 2982.2 0.1807570755 -0.6634851694 -0.7260263562 0.9818906188 0.1643099934 0.0943029523 0.0567247830 -0.7299244404 0.6811700463
209.6 59.0 2965.8 -0.3742702007 -0.6634851694 -0.6478497386 0.7718634009 0.1643099934 -0.6141898036 0.5139540434 -0.7299244404 0.4506235719
509.0 347.7 2848.0 0.1759558618 -0.0075867963 0.9843688011 -0.9735980630 0.1463771760 0.1751587540 -0.1454180181 -0.9891997576 0.0183694325
562.5 51.4 2803.7 -0.0308536794 0.0002416881 0.9995238781 -0.9194236398 0.3922362626 -0.0284759589 -0.3920564055 -0.9198644757 -0.0118797179
306.9 -53.0 2972.0 0.6427707076 -0.0315731019 0.7654076815 0.1213751957 0.9907268286 -0.0610604025 -0.7563821077 0.1321493536 0.6406424046
319.4 -446.9 2919.5 0.6553502679 -0.2094632089 0.7257004976 0.0676869303 0.9731995463 0.2197750360 -0.7522861958 -0.0949091837 0.6519644856
470.3 -53.4 2888.7 0.8109740615 -0.0715775862 0.5806872845 0.1480500251 0.9852933288 -0.0853123590 -0.5660408735 0.1551568806 0.8096444011
498.8 -445.1 2827.0 0.7982048988 -0.2490161061 0.5485069752 0.2029728293 0.9684916735 0.1443119496 -0.5671604276 -0.0038584860 0.8235982656
313.3 -154.9 2823.4 0 0 0 0 0 0 0 0 0
554.2 -196.4 2698.1 0 0 0 0 0 0 0 0 0
377.9 -718.6 2946.0 0 0 0 0 0 0 0 0 0
573.0 -733.6 2828.2 0 0 0 0 0 0 0 0 0
377.5 548.3 2909.1  0.8872994781 -0.0501923598 0.4584542513 0.0327077135 0.9984056354 0.0460041463 -0.4600323737 -0.0258244630 0.8875265121
387.7 345.7 2914.4 0.8872994781 -0.0501923598 0.4584542513 0.0327077135 0.9984056354 0.0460041463 -0.4600323737 -0.0258244630 0.8875265121
395.9 147.1 2918.9 0.8875988722 -0.0411524400 0.4587751925 0.0261613503 0.9988971949 0.0389870033 -0.4598736465 -0.0226026438 0.8876966238
262.9 342.0 2979.1 0.1778062284 -0.7402999997 -0.6483369470 0.9838397503 0.1478434950 0.1010034680 0.0210795347 -0.6558187008 0.7546240687
212.2 61.4 2973.1 -0.3092159033 -0.7402999997 -0.5969433784 0.7913237214 0.1478434950 -0.5932529569 0.5274393559 -0.6558187008 0.5401014090
512.6 349.3 2849.7 0.1810650229 0.0110740839 0.9834087491 -0.9727377295 0.1493452340 0.1774185151 -0.1449026614 -0.9887230992 0.0378133766
567.7 53.3 2805.6 0.0210946351 0.0060414569 0.9997592568 -0.9209229350 0.3893704116 0.0170782804 -0.3891734779 -0.9210614562 0.0137773436
318.5 -53.5 2969.7 0.6572543383 -0.0040811310 0.7536577582 0.0955939963 0.9923602939 -0.0779924542 -0.7475817800 0.1233060434 0.6526232362
320.1 -447.8 2920.7 0.6611045003 -0.2118106782 0.7197757363 0.0783848241 0.9735733867 0.2145010978 -0.7461881042 -0.0853881463 0.6602364779
479.7 -50.3 2882.1 0.8234068751 -0.0467694029 0.5655208230 0.1159863845 0.9894288182 -0.0870507136 -0.5554712415 0.1372708678 0.8201270700
498.2 -443.5 2827.6 0.8038706183 -0.2501247227 0.5396569967 0.2055629194 0.9682067037 0.1425469220 -0.5581540465 -0.0036558143 0.8297293186
297.7 -157.5 2827.2 0 0 0 0 0 0 0 0 0
573.5 -199.2 2698.9 0 0 0 0 0 0 0 0 0
378.6 -716.4 2944.2 0 0 0 0 0 0 0 0 0
572.6 -731.2 2828.7 0 0 0 0 0 0 0 0 0
375.9 546.5 2910.5  0.8774079680 -0.0552957095 0.4765476286 0.0368649475 0.9981693625 0.0479467027 -0.4783264995 -0.0245009158 0.8778402209
387.1 344.6 2915.4 0.8774079680 -0.0552957095 0.4765476286 0.0368649475 0.9981693625 0.0479467027 -0.4783264995 -0.0245009158 0.8778402209
396.3 146.0 2919.4 0.8777019382 -0.0463337675 0.4769617319 0.0310889594 0.9987235069 0.0398098640 -0.4781974554 -0.0201129485 0.8780220151
263.7 340.2 2982.7 0.1837172657 -0.8234217167 -0.5368655920 0.9827946424 0.1644481719 0.0840921104 0.0190432966 -0.5430778265 0.8394663930
211.8 62.9 2977.3 -0.1545023471 -0.8234217167 -0.5459905863 0.8559445143 0.1644481719 -0.4902201891 0.4934450984 -0.5430778265 0.6793956161
510.6 348.9 2848.1 0.1960626543 -0.0079188785 0.9805594087 -0.9708340764 0.1391468793 0.1952418089 -0.1379878819 -0.9902400970 0.0195935909
570.0 54.7 2806.3 0.0760866031 -0.0268675834 0.9967391491 -0.9251927137 0.3708350956 0.0806211084 -0.3717919588 -0.9283099771 0.0033578926
322.7 -53.9 2965.5 0.6410622001 0.0092245806 0.7674335241 0.0790817291 0.9938114882 -0.0780051872 -0.7634038329 0.1106961444 0.6363654733
319.0 -448.9 2921.5 0.6412185431 -0.2155309916 0.7364680171 0.0783764943 0.9731206298 0.2165486962 -0.7633451819 -0.0811332613 0.6408755779
485.5 -49.1 2881.2 0.8116275072 -0.0302229952 0.5833929777 0.1077721268 0.9892655611 -0.0986851975 -0.5741480589 0.1429691166 0.8061723709
497.5 -442.3 2824.3 0.7916480899 -0.2510167360 0.5570313334 0.1990184933 0.9679254889 0.1533358693 -0.5776546597 -0.0105285095 0.8162133098
254.0 -170.7 2842.6 0 0 0 0 0 0 0 0 0
591.1 -201.4 2703.4 0 0 0 0 0 0 0 0 0
378.0 -715.2 2943.7 0 0 0 0 0 0 0 0 0
573.0 -733.5 2827.5 0 0 0 0 0 0 0 0 0
375.2 542.7 2910.1  0.8720401525 -0.0563427918 0.4861804545 0.0371459089 0.9981057048 0.0490421653 -0.4880226851 -0.0247071218 0.8724811673
386.5 342.0 2915.1 0.8720401525 -0.0563427918 0.4861804545 0.0371459089 0.9981057048 0.0490421653 -0.4880226851 -0.0247071218 0.8724811673
396.4 143.5 2919.9 0.8723261952 -0.0500010587 0.4863608778 0.0317758545 0.9984517694 0.0456548557 -0.4878906608 -0.0243713968 0.8725644350
263.8 337.6 2983.7 0.1887278706 -0.8290119767 -0.5264227986 0.9819993377 0.1635139883 0.0945543870 0.0076907640 -0.5347918868 0.8449488282
210.3 59.3 2981.6 0.0348521173 -0.8292711973 -0.5577585697 0.9175004959 0.2478050441 -0.3111037016 0.3962047100 -0.5009011626 0.7694932818
509.2 346.5 2846.4 0.2278324068 -0.0140850442 0.9735984802 -0.9673075676 0.1111159101 0.2279677689 -0.1113932207 -0.9937076569 0.0116912350
577.3 57.6 2813.2 0.1215220019 -0.0385122783 0.9918413162 -0.9450307488 0.3011082113 0.1274784505 -0.3035610616 -0.9528119564 0.0001959882
325.1 -55.4 2967.2 0.6324893832 0.0126124751 0.7744663358 0.0837952718 0.9928849936 -0.0846032351 -0.7700231075 0.1184072644 0.6269323230
320.0 -450.1 2920.2 0.6354144216 -0.2068701386 0.7439444065 0.0703038052 0.9749422669 0.2110566348 -0.7689641714 -0.0818063021 0.6340361238
486.0 -49.7 2879.5 0.8048675656 -0.0301847365 0.5926863551 0.1102491096 0.9889256954 -0.0993535146 -0.5831238031 0.1453095675 0.7992820144
498.0 -442.8 2821.8 0.7871459126 -0.2496867627 0.5639662147 0.1897296160 0.9680784345 0.1637890339 -0.5868594646 -0.0219247788 0.8093919158
200.9 -187.1 2875.2 0 0 0 0 0 0 0 0 0
611.2 -206.1 2728.5 0 0 0 0 0 0 0 0 0
376.1 -714.5 2942.4 0 0 0 0 0 0 0 0 0
572.5 -731.4 2828.3 0 0 0 0 0 0 0 0 0
374.1 543.0 2909.4  0.8726907969 -0.0453395434 0.4861636162 0.0253173579 0.9985418916 0.0476777852 -0.4876163900 -0.0292995870 0.8725662231
383.3 341.8 2915.4 0.8726907969 -0.0453395434 0.4861636162 0.0253173579 0.9985418916 0.0476777852 -0.4876163900 -0.0292995870 0.8725662231
390.9 143.2 2920.8 0.8729062080 -0.0382680595 0.4863849878 0.0201722626 0.9988974929 0.0423890054 -0.4874708951 -0.0271901414 0.8727157712
260.4 338.9 2984.0 0.1725285351 -0.8319218755 -0.5273896456 0.9850016832 0.1444343776 0.0943946689 -0.0023557968 -0.5357655287 0.8443635106
209.9 50.4 2984.6 0.1890756339 -0.8106541634 -0.5541571975 0.9289816618 0.3305321038 -0.1665582061 0.3181878328 -0.4833097756 0.8155784011
506.1 344.6 2846.8 0.2721897066 -0.0114563303 0.9621754289 -0.9565476179 0.1054170653 0.2718528211 -0.1045441478 -0.9943621159 0.0177349132
586.5 62.1 2815.9 0.1229627803 -0.0324229375 0.9918814898 -0.9548608065 0.2684659362 0.1271490455 -0.2704089284 -0.9627433419 0.0020519260
326.4 -57.9 2969.5 0.6340860724 0.0180143546 0.7730525732 0.0852718204 0.9920023084 -0.0930595919 -0.7685464025 0.1249273941 0.6274787784
319.2 -452.3 2919.8 0.6369293928 -0.2092743963 0.7419738173 0.0723021924 0.9744233489 0.2127709389 -0.7675241232 -0.0818737373 0.6357699037
486.4 -52.1 2880.0 0.8060727715 -0.0344790593 0.5908111930 0.1122882962 0.9890779257 -0.0954790041 -0.5810662508 0.1433041990 0.8011403680
500.1 -445.3 2823.0 0.7885451913 -0.2502169311 0.5617721081 0.1905319691 0.9679390192 0.1636814475 -0.5847170353 -0.0220346693 0.8109380007
159.1 -199.4 2899.1 0 0 0 0 0 0 0 0 0
621.3 -208.4 2739.3 0 0 0 0 0 0 0 0 0
375.4 -713.8 2941.8 0 0 0 0 0 0 0 0 0
573.6 -729.7 2829.5 0 0 0 0 0 0 0 0 0
373.5 539.9 2898.6  0.8632744551 -0.0429089218 0.5029076338 0.0041642198 0.9969514608 0.0779134110 -0.5047176480 -0.0651664361 0.8608213663
382.2 337.6 2911.8 0.8632744551 -0.0429089218 0.5029076338 0.0041642198 0.9969514608 0.0779134110 -0.5047176480 -0.0651664361 0.8608213663
389.0 139.3 2923.0 0.8633910418 -0.0341385305 0.5033789873 0.0011447582 0.9978381991 0.0657086447 -0.5045340061 -0.0561560094 0.8615636826
260.7 337.5 2982.8 0.2046021968 -0.8385390639 -0.5049654841 0.9774821997 0.1478157938 0.1505957991 -0.0516385920 -0.5244069695 0.8499004245
200.2 48.4 2998.1 0.2426310927 -0.8051285148 -0.5412007570 0.9271522164 0.3566345274 -0.1148938984 0.2855152190 -0.4738986194 0.8330072761
503.6 337.7 2840.9 0.3153674006 -0.0299025010 0.9484984279 -0.9455457330 0.0749273375 0.3167478144 -0.0805400163 -0.9967405796 -0.0046445429
595.2 63.2 2817.5 0.1074305251 -0.0507680625 0.9929155707 -0.9590948820 0.2577966750 0.1169524491 -0.2619077563 -0.9648644924 -0.0209961589
318.4 -57.2 2970.9 0.6198613644 -0.0037568996 0.7847023606 0.0947027653 0.9930376410 -0.0700543895 -0.7789757848 0.1177374944 0.6159014702
319.9 -451.9 2924.1 0.6239404082 -0.2040042728 0.7543743253 0.0757537857 0.9765679240 0.2014360428 -0.7777915597 -0.0685373843 0.6247742772
478.6 -53.5 2881.4 0.7934492230 -0.0545665920 0.6061854362 0.1329580843 0.9874576330 -0.0851443931 -0.5939363837 0.1481550038 0.7907525897
500.2 -446.0 2822.5 0.7809396982 -0.2523998916 0.5713382959 0.1855460554 0.9671701193 0.1736508012 -0.5964108109 -0.0296012387 0.8021333814
133.8 -205.3 2919.9 0 0 0 0 0 0 0 0 0
625.8 -209.8 2743.0 0 0 0 0 0 0 0 0 0
374.9 -715.1 2942.5 0 0 0 0 0 0 0 0 0
574.0 -728.8 2831.2 0 0 0 0 0 0 0 0 0
372.3 539.7 2903.7  0.8758354187 -0.0449215919 0.4805147052 0.0157328472 0.9977869987 0.0646032095 -0.4823534191 -0.0490219183 0.8746039271
381.4 338.0 2913.6 0.8758354187 -0.0449215919 0.4805147052 0.0157328472 0.9977869987 0.0646032095 -0.4823534191 -0.0490219183 0.8746039271
388.3 139.5 2921.9 0.8760595918 -0.0345767289 0.4809615612 0.0101030925 0.9985230565 0.0533821210 -0.4820969999 -0.0419067219 0.8751150370
258.1 336.6 2981.4 0.2160716802 -0.8291883469 -0.5155188441 0.9724397063 0.1353869140 0.1898193061 -0.0876014531 -0.5423255563 0.8355889916
195.7 55.8 3006.7 0.2865142524 -0.7828748822 -0.5522829890 0.9263594151 0.3734638095 -0.0488160588 0.2444745749 -0.4976260662 0.8322262168
504.6 339.4 2845.8 0.3292874396 -0.0017763138 0.9442280531 -0.9409806728 0.0822681785 0.3283097446 -0.0782630965 -0.9966086745 0.0254183989
601.4 62.8 2822.8 0.0987235010 -0.0187192392 0.9949388504 -0.9634135365 0.2485556304 0.1002718210 -0.2491746545 -0.9684367180 0.0065039136
316.7 -59.0 2980.4 0.6394044757 -0.0102589279 0.7688021064 0.1154929847 0.9898474216 -0.0828457102 -0.7601469159 0.1417631656 0.6340976954
320.7 -452.4 2924.1 0.6476523280 -0.2039407939 0.7341353297 0.0783237740 0.9762286544 0.2020966262 -0.7578996420 -0.0733880997 0.6482301354
475.1 -58.9 2887.9 0.8078437448 -0.0664236173 0.5856418610 0.1484911889 0.9845152497 -0.0931672156 -0.5703848004 0.1622272134 0.8051977754
501.5 -450.2 2823.4 0.7976219058 -0.2506456375 0.5486128330 0.1911016405 0.9677243829 0.1642853469 -0.5720834136 -0.0261967853 0.8197770119
117.1 -198.5 2939.6 0 0 0 0 0 0 0 0 0
629.4 -211.0 2752.0 0 0 0 0 0 0 0 0 0
376.6 -719.6 2944.2 0 0 0 0 0 0 0 0 0
574.0 -730.3 2831.0 0 0 0 0 0 0 0 0 0
374.6 547.6 2905.7  0.8768971562 -0.0379211232 0.4791799188 0.0116786044 0.9982697964 0.0576288253 -0.4805361927 -0.0449384004 0.8758227825
382.2 345.4 2914.8 0.8768971562 -0.0379211232 0.4791799188 0.0116786044 0.9982697964 0.0576288253 -0.4805361927 -0.0449384004 0.8758227825
388.2 146.9 2922.6 0.8770419955 -0.0296698101 0.4794966578 0.0073983166 0.9988068938 0.0482709855 -0.4803567231 -0.0387882143 0.8762151003
258.8 344.4 2982.4 0.2239980698 -0.8300628066 -0.5107060075 0.9682303071 0.1297701746 0.2137517929 -0.1111530066 -0.5423609614 0.8327602148
192.6 58.3 3015.3 0.3038038611 -0.7773134112 -0.5508965850 0.9207984805 0.3880138099 -0.0396920182 0.2446086109 -0.4952061474 0.8336291313
505.6 346.5 2847.3 0.3096250594 0.0004073258 0.9508586526 -0.9473510981 0.0859469548 0.3084460795 -0.0815977678 -0.9962996244 0.0269972123
598.2 63.2 2822.9 0.0980056822 -0.0164228212 0.9950503111 -0.9625083804 0.2525524497 0.0989687815 -0.2529277503 -0.9674438238 0.0089444732
314.9 -59.8 2974.5 0.6414900422 -0.0118027125 0.7670405507 0.1096889600 0.9910187721 -0.0764857382 -0.7592489123 0.1332007200 0.6370233297
