-286.5 466.4 2528.2 11 0.7330668569 -0.0149345482 -0.6799925566 0.2002014369 0.9602063894 0.1947385818 0.6500248909 -0.2788918912 0.7068853974
-283.5 272.0 2584.6 0.7330668569 -0.0149345482 -0.6799925566 0.2002014369 0.9602063894 0.1947385818 0.6500248909 -0.2788918912 0.7068853974
-281.2 84.1 2639.4 0.7330981493 -0.0118635092 -0.6800193787 0.1979601383 0.9602796435 0.1966589987 0.6506757140 -0.2787870765 0.7063277364
-387.7 243.9 2492.0 -0.1250254810 -0.3883895278 -0.9129743576 0.9825523496 0.0792377442 -0.1682623327 0.1376933455 -0.9180822372 0.3717063069
-353.1 -28.6 2453.8 -0.2102431655 -0.4466858804 -0.8696376085 0.8879620433 0.2849280834 -0.3610254526 0.4090491533 -0.8481082916 0.3367359340
-179.2 300.1 2677.3 0.6215636730 0.3404553533 -0.7055131197 -0.7038065791 0.6381572485 -0.3121083677 0.3439693153 0.6905399561 0.6362701058
-30.9 132.1 2759.4 0.6878579259 0.3404553533 0.6410472393 0.3316652179 0.6381572485 -0.6948046684 -0.6456389427 0.6905399561 0.3260443509
-327.7 -124.4 2635.6 0.3835417926 -0.1011282578 -0.9179699421 -0.0663023442 0.9884063601 -0.1365900338 0.9211404324 0.1132515445 0.3723901212
-288.1 -511.2 2591.2 0.3842032850 -0.0020079580 -0.9232463241 -0.0022040724 0.9999927878 -0.0030920841 0.9232459068 0.0032228907 0.3841961026
-200.8 -81.2 2756.7 0.5151045918 -0.4678598344 -0.7181743979 0.1752314568 0.8776704073 -0.4460813403 0.8390239477 0.1039317921 0.5340757966
-17.9 -424.4 2716.1 0.5731478930 -0.4339167178 -0.6951386929 0.0681209266 0.8705902696 -0.4872701168 0.8166155815 0.2319243401 0.5285357833
-299.3 -255.6 2349.2 0 0 0 0 0 0 0 0 0
149.8 219.3 2589.7 0 0 0 0 0 0 0 0 0
-287.6 -798.2 2590.3 0 0 0 0 0 0 0 0 0
151.7 -764.6 2625.5 0 0 0 0 0 0 0 0 0
-277.8 466.6 2531.2 12 0.7501603365 0.0099403290 -0.6611812711 0.1747454852 0.9613616467 0.2127153277 0.6377487779 -0.2751090229 0.7194383740
-279.8 273.6 2586.5 0.7501603365 0.0099403290 -0.6611812711 0.1747454852 0.9613616467 0.2127153277 0.6377487779 -0.2751090229 0.7194383740
-281.9 85.7 2641.1 0.7501785755 0.0109200934 -0.6611451507 0.1764238626 0.9603123665 0.2160434872 0.6372650266 -0.2787129581 0.7184791565
-386.5 248.5 2495.7 -0.0363562293 -0.4038996398 -0.9140805602 0.9896825552 0.1122962609 -0.0889829025 0.1385879964 -0.9078847170 0.3956497610
-377.2 -4.7 2460.2 0.0119725941 -0.4148795605 -0.9097975492 0.9195271730 0.3620278835 -0.1529888064 0.3928440213 -0.8347519040 0.3858274519
-173.0 298.6 2677.2 0.6599833965 0.3200247288 -0.6797103286 -0.6541799307 0.6896756291 -0.3104772866 0.3694192469 0.6495626569 0.6645281911
-16.1 143.1 2765.0 0.5670155287 0.3200247288 0.7589977384 0.4098432064 0.6896756291 -0.5969724059 -0.7145081758 0.6495626569 0.2598968446
-345.0 -121.5 2635.3 0.3951109350 -0.1768665463 -0.9014464021 -0.0542117804 0.9750912189 -0.2150773257 0.9170324206 0.1338484138 0.3756809533
-276.0 -502.1 2583.1 0.3978023231 0.0369458161 -0.9167269468 0.0017131453 0.9991571903 0.0410113074 0.9174695611 -0.0178848803 0.3974037766
-212.8 -85.9 2752.8 0.5115692019 -0.5062039495 -0.6943014860 0.2033253163 0.8564068675 -0.4745799303 0.8348387480 0.1016114056 0.5410354137
-14.8 -420.7 2713.1 0.5939106941 -0.4413925111 -0.6726385951 0.0604081042 0.8581686020 -0.5098015070 0.8022598624 0.2621437311 0.5363391638
-380.3 -238.6 2360.3 0 0 0 0 0 0 0 0 0
134.4 251.9 2575.3 0 0 0 0 0 0 0 0 0
-287.0 -799.9 2588.4 0 0 0 0 0 0 0 0 0
159.1 -758.8 2609.8 0 0 0 0 0 0 0 0 0
-270.9 470.3 2547.2 13 0.7468022108 0.0208109021 -0.6647205353 0.1518301666 0.9677788019 0.2008775920 0.6474828720 -0.2509404421 0.7195796371
-275.0 278.2 2597.1 0.7468022108 0.0208109021 -0.6647205353 0.1518301666 0.9677788019 0.2008775920 0.6474828720 -0.2509404421 0.7195796371
-278.7 89.1 2647.7 0.7469305396 0.0189534109 -0.6646319032 0.1580697000 0.9658738971 0.2051867992 0.6458395720 -0.2583184540 0.7184447050
-381.4 255.7 2505.1 0.1012193859 -0.3954107761 -0.9129101634 0.9835143685 0.1779837310 0.0319571868 0.1498469412 -0.9010949731 0.4069075882
-407.2 5.0 2466.9 0.2338646054 -0.3489448130 -0.9074937105 0.9081778526 0.4116740227 0.0757461190 0.3471603692 -0.8418800235 0.4131799340
-168.7 300.6 2689.0 0.6847346425 0.3249989152 -0.6523144841 -0.6475063562 0.6820785403 -0.3398594260 0.3344757557 0.6550912857 0.6774816513
-6.2 147.0 2768.4 0.4416897893 0.3249989152 0.8362331390 0.5030297041 0.6820785403 -0.5307824612 -0.7428804040 0.6550912857 0.1377830207
-351.8 -118.1 2638.3 0.3859938085 -0.2094989568 -0.8983979821 -0.0633344352 0.9655556083 -0.2523709834 0.9203246832 0.1543131769 0.3594299853
-269.9 -495.4 2578.0 0.3901125789 0.0502834618 -0.9193931222 0.0019037960 0.9984615445 0.0554156825 0.9207652211 -0.0233686920 0.3894166648
-216.4 -86.3 2753.4 0.4980878830 -0.5192300081 -0.6944844723 0.1975163668 0.8477857113 -0.4921855927 0.8443315625 0.1079796180 0.5248281956
-13.2 -418.1 2711.1 0.5925246477 -0.4562709630 -0.6638759971 0.0429940410 0.8408628702 -0.5395379066 0.8044041395 0.2911467850 0.5178489089
-465.8 -222.8 2379.8 0 0 0 0 0 0 0 0 0
110.7 280.1 2571.9 0 0 0 0 0 0 0 0 0
-285.2 -798.5 2585.1 0 0 0 0 0 0 0 0 0
168.9 -753.7 2595.0 0 0 0 0 0 0 0 0 0
-260.7 471.1 2555.8 14 0.7044357061 0.0021731397 -0.7097644806 0.1778896749 0.9675376415 0.1795164943 0.6871139407 -0.2527175844 0.6811814904
-261.1 279.0 2605.9 0.7044357061 0.0021731397 -0.7097644806 0.1778896749 0.9675376415 0.1795164943 0.6871139407 -0.2527175844 0.6811814904
-260.5 90.0 2656.7 0.7044314742 -0.0032179579 -0.7097647190 0.1857101321 0.9659891725 0.1799350530 0.6850460172 -0.2585624158 0.6810708046
-361.2 252.7 2508.5 0.3235107064 -0.3394369483 -0.8832459450 0.9391392469 0.2291999608 0.2559000254 0.1155780032 -0.9122773409 0.3929272294
-443.6 13.6 2479.1 0.4066402316 -0.2590408027 -0.8760945201 0.8635251522 0.4220696688 0.2760099471 0.2982750833 -0.8687664270 0.3953187466
-161.0 305.3 2703.4 0.6934419274 0.3917347193 -0.6047166586 -0.6699762344 0.6593565941 -0.3411461413 0.2650851011 0.6417108178 0.7196784616
2.2 147.7 2765.7 0.2929056585 0.3917347193 0.8722099662 0.5717968345 0.6593565941 -0.4881570041 -0.7663254142 0.6417108178 -0.0308634061
-348.6 -114.3 2640.2 0.3465488851 -0.2170372307 -0.9125780463 -0.0852415338 0.9615529776 -0.2610550821 0.9341508150 0.1682579070 0.3147245347
-263.8 -490.1 2574.5 0.3536573350 0.0666008666 -0.9330009818 0.0012652121 0.9974269271 0.0716793984 0.9353742003 -0.0265303887 0.3526630998
-215.0 -85.7 2756.7 0.4727338552 -0.5290745497 -0.7047004700 0.1714385897 0.8396394849 -0.5153778791 0.8643676639 0.1228237301 0.4876298010
-7.9 -414.3 2708.6 0.5696391463 -0.4571123421 -0.6830516458 0.0132983997 0.8360866308 -0.5484361649 0.8217872977 0.3033272326 0.4823465347
-545.6 -203.1 2404.2 0 0 0 0 0 0 0 0 0
77.6 295.0 2568.3 0 0 0 0 0 0 0 0 0
-284.5 -799.3 2582.7 0 0 0 0 0 0 0 0 0
176.3 -751.2 2586.4 0 0 0 0 0 0 0 0 0
-247.3 471.0 2560.0 15 0.6831083894 0.0079937177 -0.7302732468 0.1834141612 0.9660141468 0.1821424961 0.7069103122 -0.2583655119 0.6584262252
-248.9 279.3 2611.3 0.6831083894 0.0079937177 -0.7302732468 0.1834141612 0.9660141468 0.1821424961 0.7069103122 -0.2583655119 0.6584262252
-248.1 90.5 2663.2 0.6831313372 -0.0045257290 -0.7302815318 0.1961865872 0.9643594027 0.1775435507 0.7034503818 -0.2645570040 0.6596720219
-346.1 251.4 2511.2 0.4945972264 -0.3024818897 -0.8147872686 0.8660693765 0.2500391304 0.4329022169 0.0727836192 -0.9197745323 0.3856389523
-478.6 19.5 2491.7 0.5651652217 -0.2135337889 -0.7968636155 0.7983927727 0.3848063052 0.4631340206 0.2077433616 -0.8979573846 0.3879629672
-151.7 307.2 2711.4 0.7073929906 0.4820742011 -0.5169135332 -0.6831811070 0.6538823247 -0.3251176476 0.1812698096 0.5831314921 0.7918957472
11.8 149.3 2753.3 0.1634659618 0.4820742011 0.8607457876 0.5867609382 0.6538823247 -0.4776500165 -0.7930892110 0.5831314921 -0.1759748012
-322.7 -115.9 2645.8 0.3290264010 -0.1766094565 -0.9276587367 -0.1155484095 0.9674442410 -0.2251671404 0.9372247458 0.1812754273 0.2979077399
-253.7 -494.0 2574.9 0.3408126831 0.1012225226 -0.9346660972 -0.0164881870 0.9946774840 0.1017094627 0.9399866462 -0.0192529261 0.3406676948
-196.3 -82.4 2769.3 0.4805337489 -0.4977288544 -0.7220479846 0.1256275475 0.8539150357 -0.5050216317 0.8679314852 0.1519708186 0.4728634357
-1.6 -416.4 2709.8 0.5592759848 -0.4572919607 -0.6914437413 -0.0051045329 0.8321726918 -0.5544930100 0.8289658427 0.3136441112 0.4630799294
-620.6 -181.2 2439.5 0 0 0 0 0 0 0 0 0
52.9 296.9 2553.7 0 0 0 0 0 0 0 0 0
-284.9 -800.2 2580.9 0 0 0 0 0 0 0 0 0
182.7 -751.9 2583.4 0 0 0 0 0 0 0 0 0
-236.1 469.1 2553.6 16 0.6816057563 0.0094245272 -0.7316589355 0.2044537663 0.9576376677 0.2028023303 0.7025754452 -0.2878216505 0.6508044600
-238.0 279.2 2610.7 0.6816057563 0.0094245272 -0.7316589355 0.2044537663 0.9576376677 0.2028023303 0.7025754452 -0.2878216505 0.6508044600
-237.3 91.7 2667.1 0.6816305518 -0.0039460426 -0.7316858768 0.2131253779 0.9576960206 0.1933803260 0.6999695301 -0.2877547741 0.6536358595
-335.1 248.9 2511.0 0.6165863276 -0.2883690000 -0.7325739861 0.7871043682 0.2458519191 0.5657062531 0.0169725697 -0.9254189134 0.3785654306
-508.1 28.0 2506.3 0.6872590780 -0.1780323386 -0.7042580843 0.7103656530 0.3673689365 0.6003504992 0.1518407464 -0.9128770828 0.3789457083
-140.9 309.6 2710.4 0.7191042900 0.5714638233 -0.3953708708 -0.6836208701 0.6838706732 -0.2549184859 0.1247058511 0.4535967410 0.8824388981
25.7 151.1 2739.3 0.0190441199 0.5714638233 0.8204062581 0.5415433049 0.6838706732 -0.4889291823 -0.8404571414 0.4535967410 -0.2964486778
-308.5 -116.0 2651.6 0.3352269530 -0.1529729813 -0.9296354651 -0.1411058605 0.9674484134 -0.2100779861 0.9315106273 0.2016008198 0.3027293980
-248.7 -494.4 2572.8 0.3529556096 0.1179244816 -0.9281789660 -0.0158118214 0.9926357269 0.1201009676 0.9355064631 -0.0277141090 0.3522209525
-185.6 -80.6 2778.6 0.5068848729 -0.4789790809 -0.7166914940 0.0970360488 0.8578360677 -0.5046793818 0.8565347195 0.1862694323 0.4813023806
1.8 -416.1 2705.7 0.5605471730 -0.4546161294 -0.6921784878 0.0045278096 0.8375107050 -0.5464021564 0.8281101584 0.3031501174 0.4715226591
-682.5 -152.2 2467.8 0 0 0 0 0 0 0 0 0
30.4 285.1 2531.3 0 0 0 0 0 0 0 0 0
-284.9 -799.5 2581.3 0 0 0 0 0 0 0 0 0
185.2 -754.0 2583.4 0 0 0 0 0 0 0 0 0
-227.5 477.1 2568.0 17 0.7050908208 0.0072521535 -0.7090799212 0.1802212894 0.9652818441 0.1890798807 0.6858332157 -0.2611097693 0.6793044209
-228.9 284.4 2620.1 0.7050908208 0.0072521535 -0.7090799212 0.1802212894 0.9652818441 0.1890798807 0.6858332157 -0.2611097693 0.6793044209
-226.8 95.6 2671.9 0.7050591707 -0.0113220317 -0.7090581059 0.1952263415 0.9643356800 0.1787270755 0.6817464828 -0.2644399703 0.6821240783
-329.3 256.6 2523.1 0.6954690814 -0.3110712171 -0.6477325559 0.7182999849 0.2769069970 0.6382536292 -0.0191806536 -0.9091519117 0.4160227180
-534.9 44.2 2528.7 0.7707357407 -0.1804914773 -0.6110558510 0.6262701154 0.3911151290 0.6743995547 0.1172698215 -0.9024698138 0.4144828022
-128.5 312.2 2717.1 0.7009863257 0.6774535775 -0.2228784859 -0.7130789757 0.6709060073 -0.2034784406 0.0116833178 0.3015655577 0.9533738494
33.8 147.1 2719.8 -0.0647878125 0.6774535775 0.7327067852 0.4628086388 0.6709060073 -0.5793904662 -0.8840875030 0.3015655577 -0.3569978774
-297.9 -115.0 2660.3 0.3655835390 -0.1333290935 -0.9211797118 -0.1628167182 0.9652675390 -0.2043264359 0.9164274931 0.2246818393 0.3311777413
-245.7 -492.7 2572.4 0.3871279359 0.1231593937 -0.9137635231 -0.0214392226 0.9919731617 0.1246176884 0.9217767119 -0.0286526103 0.3866609633
-174.9 -76.5 2786.7 0.5323270559 -0.4568488896 -0.7126829624 0.0812945887 0.8655756712 -0.4941355288 0.8426263332 0.2051044405 0.4979086816
3.8 -415.2 2706.4 0.5640487075 -0.4470466673 -0.6942610145 0.0235775728 0.8491492867 -0.5276263952 0.8254048824 0.2812379897 0.4895018041
-735.1 -118.5 2498.3 0 0 0 0 0 0 0 0 0
18.0 260.0 2504.2 0 0 0 0 0 0 0 0 0
-284.0 -800.7 2581.3 0 0 0 0 0 0 0 0 0
187.2 -763.5 2591.1 0 0 0 0 0 0 0 0 0
-218.1 482.3 2584.1 18 0.7326805592 -0.0047669075 -0.6805559993 0.1649894416 0.9713898897 0.1708221436 0.6602709293 -0.2374426126 0.7125049233
-217.1 288.8 2631.4 0.7326805592 -0.0047669075 -0.6805559993 0.1649894416 0.9713898897 0.1708221436 0.6602709293 -0.2374426126 0.7125049233
-212.3 98.9 2678.7 0.7324035168 -0.0254760366 -0.6803940535 0.1827734113 0.9699780941 0.1604256928 0.6558803320 -0.2418542802 0.7150716782
-321.4 262.7 2538.1 0.7502157688 -0.3345770538 -0.5702933669 0.6591416001 0.3105541170 0.6849003434 -0.0520449877 -0.8897271156 0.4535162747
-551.0 61.0 2554.0 0.8377192020 -0.1506911218 -0.5248988271 0.5321650505 0.4410178363 0.7227057815 0.1225843951 -0.8847572803 0.4496416450
-112.9 314.9 2724.7 0.6228277087 0.7821810246 -0.0166867878 -0.7777668238 0.6167235970 -0.1213703156 -0.0846424252 0.0885712281 0.9924670458
33.1 132.6 2704.9 -0.1653213054 0.7821810246 0.6007176638 0.3424987495 0.6167235970 -0.7087641358 -0.9248586297 0.0885712281 -0.3698535562
-288.3 -110.8 2662.1 0.4015743732 -0.1129388958 -0.9088360071 -0.1606522948 0.9682924747 -0.1913125515 0.9016256928 0.2228327990 0.3706975579
-244.1 -489.8 2574.9 0.4216615856 0.1261850595 -0.8979303241 -0.0314262062 0.9917084575 0.1246060804 0.9062085152 -0.0243230537 0.4221308827
-161.0 -75.5 2785.2 0.5585138202 -0.4310997725 -0.7086715102 0.0811366737 0.8786361814 -0.4705479145 0.8255175352 0.2053082734 0.5257084370
7.7 -419.3 2704.8 0.5752496123 -0.4351920784 -0.6926007271 0.0487694256 0.8634641171 -0.5020470619 0.8165227771 0.2550246418 0.5179314613
-773.9 -80.6 2521.4 0 0 0 0 0 0 0 0 0
-6.9 215.4 2481.4 0 0 0 0 0 0 0 0 0
-283.7 -801.6 2582.5 0 0 0 0 0 0 0 0 0
185.7 -772.5 2600.5 0 0 0 0 0 0 0 0 0
-206.4 481.6 2592.2 19 0.7458565831 -0.0075391592 -0.6660639048 0.1573291570 0.9736379981 0.1651561856 0.6472600102 -0.2279741019 0.7273804545
-204.9 288.5 2637.4 0.7458565831 -0.0075391592 -0.6660639048 0.1573291570 0.9736379981 0.1651561856 0.6472600102 -0.2279741019 0.7273804545
-199.1 98.0 2682.4 0.7455121279 -0.0301331822 -0.6658105254 0.1751256585 0.9727317691 0.1520654857 0.6430728436 -0.2299671769 0.7304604053
-311.1 263.5 2545.9 0.7949404716 -0.3372117579 -0.5043390393 0.6018266082 0.3332872987 0.7257577181 -0.0766442344 -0.8804588914 0.4678865671
-558.1 76.5 2569.7 0.8966912031 -0.1178658083 -0.4266761541 0.4307127893 0.4547192156 0.7795619965 0.1021341458 -0.8828012943 0.4585090280
-98.8 313.5 2729.0 0.5468568206 0.8110347390 0.2077746838 -0.8114202023 0.5745613575 -0.1071283370 -0.2062641084 -0.1100087240 0.9722927809
27.5 126.1 2681.3 -0.2199890763 0.8110347390 0.5420585871 0.1253025085 0.5745613575 -0.8088130355 -0.9674213529 -0.1100087240 -0.2280219048
-273.5 -107.5 2666.8 0.4211294949 -0.0792284161 -0.9035335183 -0.1866354942 0.9672895670 -0.1718082726 0.8875906467 0.2409849614 0.3925673366
-242.5 -486.0 2572.5 0.4468397200 0.1247540563 -0.8858728409 -0.0283630416 0.9917068481 0.1253517568 0.8941643238 -0.0308861006 0.4466724396
-141.3 -74.4 2785.2 0.5782302618 -0.3877165020 -0.7178618908 0.0645923913 0.8988617659 -0.4334458709 0.8133127093 0.2042631060 0.5447925925
10.3 -426.0 2705.3 0.5792437792 -0.4190990925 -0.6991656423 0.0624727756 0.8780107498 -0.4745464027 0.8127568960 0.2311992347 0.5347645283
-800.4 -39.9 2542.1 0 0 0 0 0 0 0 0 0
-26.1 156.6 2445.6 0 0 0 0 0 0 0 0 0
-282.5 -804.3 2582.5 0 0 0 0 0 0 0 0 0
180.2 -781.9 2611.6 0 0 0 0 0 0 0 0 0
-197.8 482.8 2597.7 20 0.8339869380 -0.0216194615 -0.5513605475 0.1319138259 0.9780691862 0.1611814201 0.5357840657 -0.2071552575 0.8185487986
-193.4 287.5 2639.1 0.8339869380 -0.0216194615 -0.5513605475 0.1319138259 0.9780691862 0.1611814201 0.5357840657 -0.2071552575 0.8185487986
-186.9 96.1 2679.6 0.8336659074 -0.0351179764 -0.5511514544 0.1429794580 0.9776751995 0.1539742351 0.5334398150 -0.2071664035 0.8200756311
-311.0 267.1 2564.0 0.8042321801 -0.3797886670 -0.4571336210 0.5893532038 0.4104557037 0.6958368421 -0.0766378492 -0.8290275335 0.5539313555
-555.0 88.3 2587.2 0.9355491400 -0.0767546445 -0.3447557390 0.3283331096 0.5487468243 0.7688135505 0.1301735938 -0.8324576020 0.5385807157
-75.9 307.9 2714.2 0.3996289670 0.8762062192 0.2693683505 -0.8898543119 0.4413731396 -0.1155382097 -0.2201272547 -0.1935261786 0.9560813904
18.4 98.0 2662.3 -0.1912903786 0.8762062192 0.4423467219 -0.0500605702 0.4413731396 -0.8959261775 -0.9802560806 -0.1935261786 -0.0405670479
-260.6 -108.3 2669.3 0.5363379717 -0.0427911021 -0.8429178596 -0.1887790710 0.9673290253 -0.1692246199 0.8226202130 0.2498868406 0.5107372403
-243.9 -486.7 2571.6 0.5617833734 0.1230659112 -0.8180795908 -0.0374893807 0.9916446805 0.1234314516 0.8264344931 -0.0386724435 0.5617032051
-126.0 -76.6 2785.5 0.6671634316 -0.3495183289 -0.6578220725 0.0921530798 0.9150301814 -0.3927181363 0.7391892672 0.2013868541 0.6426838636
10.7 -434.4 2706.7 0.6517407298 -0.4030742049 -0.6424680352 0.1275606155 0.8932774663 -0.4310263395 0.7476378083 0.1989638209 0.6336017251
-812.3 -2.0 2551.4 0 0 0 0 0 0 0 0 0
-29.1 85.6 2419.1 0 0 0 0 0 0 0 0 0
-283.2 -803.9 2583.9 0 0 0 0 0 0 0 0 0
171.6 -791.0 2627.3 0 0 0 0 0 0 0 0 0
-185.9 484.9 2599.0 21 0.8908624053 -0.0130126271 -0.4540868700 0.1031405181 0.9792785048 0.1742860824 0.4424096048 -0.2020996660 0.8737444878
-183.3 287.3 2639.8 0.8908624053 -0.0130126271 -0.4540868700 0.1031405181 0.9792785048 0.1742860824 0.4424096048 -0.2020996660 0.8737444878
-178.9 95.5 2679.0 0.8907003999 -0.0239240397 -0.4539608657 0.1117313951 0.9795024395 0.1676037461 0.4406460226 -0.2000063956 0.8751162887
-308.8 271.5 2577.8 0.8017365932 -0.4280071259 -0.4171670079 0.5887686610 0.4455159307 0.6744382977 -0.1028098464 -0.7863367200 0.6091836095
-544.5 98.4 2608.0 0.9614296556 0.0188006591 -0.2744076550 0.2063900381 0.6101597548 0.7649236917 0.1818135679 -0.7920553088 0.5827454329
-57.8 303.1 2701.7 0.3471118808 0.8484043479 0.3996540606 -0.9051930308 0.4145241678 -0.0937832892 -0.2452324182 -0.3292107880 0.9118559957
31.4 70.4 2638.7 -0.2479416281 0.8484043479 0.4676910937 -0.2382920533 0.4145241678 -0.8782861829 -0.9390110970 -0.3292107880 0.0993902162
-255.0 -108.3 2672.4 0.6150172353 -0.0304598156 -0.7879251242 -0.1913035810 0.9636351466 -0.1865750104 0.7649554014 0.2654797435 0.5868251324
-243.1 -485.4 2568.5 0.6415550113 0.1242684647 -0.7569441795 -0.0402991287 0.9908878803 0.1285193861 0.7660177350 -0.0519480631 0.6407169700
-105.9 -82.4 2767.7 0.7237570882 -0.3014295101 -0.6207382083 0.1342038959 0.9438590407 -0.3018598557 0.6768788695 0.1351677328 0.7235776782
11.6 -450.4 2715.0 0.7097434402 -0.3844670653 -0.5902959704 0.1685512066 0.9062812328 -0.3876143098 0.6839990616 0.1756116152 0.7080295086
-808.8 41.7 2558.1 0 0 0 0 0 0 0 0 0
-30.8 10.6 2402.9 0 0 0 0 0 0 0 0 0
-282.8 -802.5 2585.2 0 0 0 0 0 0 0 0 0
159.7 -799.4 2647.4 0 0 0 0 0 0 0 0 0
-176.3 486.0 2608.6 22 0.9282402992 -0.0036220322 -0.3719635308 0.0695213377 0.9840226173 0.1639094800 0.3654268086 -0.1780067831 0.9136612415
-175.6 287.4 2644.6 0.9282402992 -0.0036220322 -0.3719635308 0.0695213377 0.9840226173 0.1639094800 0.3654268086 -0.1780067831 0.9136612415
-173.7 94.8 2679.2 0.9281893969 -0.0115855504 -0.3719276786 0.0761058927 0.9842971563 0.1592703611 0.3642421067 -0.1761389524 0.9144958854
-306.6 276.6 2593.3 0.7916976810 -0.2376208007 0.5628064871 0.5980166793 0.4897312522 -0.6344598532 -0.1248630434 0.8388680816 0.5298203230
-525.0 111.6 2627.8 0.9713342786 -0.2376208007 -0.0067907181 0.1137613505 0.4897312522 -0.8644198179 0.2087297589 0.8388680816 0.5027247667
-44.6 298.3 2695.8 0.2832325101 0.8256189823 0.4879883230 -0.9228823781 0.3730500340 -0.0955082104 -0.2608974576 -0.4233047962 0.8676090837
31.5 50.4 2625.7 -0.2236740440 0.8256189823 0.5179992318 -0.4723701179 0.3730500340 -0.7985612750 -0.8525469899 -0.4233047962 0.3065561354
-254.1 -106.3 2679.0 0.6721640825 -0.0327279121 -0.7396785617 -0.1887210906 0.9584517479 -0.2139032632 0.7159467936 0.2833710313 0.6380603909
-241.3 -481.5 2568.1 0.6968587041 0.1260071099 -0.7060525417 -0.0496979319 0.9905627966 0.1277320236 0.7154844999 -0.0539218262 0.6965445876
-94.9 -86.2 2757.6 0.7704735398 -0.2661218345 -0.5792664886 0.1425553709 0.9576089382 -0.2503260672 0.6213279963 0.1102920622 0.7757494450
9.0 -460.1 2714.5 0.7460493445 -0.3575183451 -0.5617749095 0.2117931545 0.9272351265 -0.3088344336 0.6313113570 0.1114256456 0.7674830556
-792.9 80.2 2570.2 0 0 0 0 0 0 0 0 0
-25.7 -70.5 2407.6 0 0 0 0 0 0 0 0 0
-282.2 -803.4 2585.6 0 0 0 0 0 0 0 0 0
142.9 -807.4 2672.8 0 0 0 0 0 0 0 0 0
-165.3 487.1 2613.0 23 0.9527049065 -0.0099845240 -0.3037328720 0.0616358630 0.9850361943 0.1609495580 0.2975808382 -0.1720582694 0.9390642047
-163.3 288.6 2647.6 0.9527049065 -0.0099845240 -0.3037328720 0.0616358630 0.9850361943 0.1609495580 0.2975808382 -0.1720582694 0.9390642047
-160.8 95.6 2680.8 0.9526731968 -0.0137589127 -0.3036848903 0.0642699748 0.9855102897 0.1569677442 0.2971248627 -0.1690567881 0.9397534728
-298.1 279.4 2605.7 0.7731076479 -0.2163941413 0.5962198377 0.6132029295 0.4952779710 -0.6153713465 -0.1621318012 0.8413520455 0.5155966878
-501.2 118.3 2648.3 0.9685097933 -0.2163941413 -0.1231353357 0.0002099412 0.4952779710 -0.8687345386 0.2489752769 0.8413520455 0.4797270000
-28.5 297.8 2689.5 0.1948235780 0.8244906664 0.5312805176 -0.9439436197 0.3047720790 -0.1268242300 -0.2664848566 -0.4767904878 0.8376494646
25.6 35.6 2615.5 -0.1398388594 0.8244906664 0.5483250022 -0.7067034841 0.3047720790 -0.6385015249 -0.6935526729 -0.4767904878 0.5400514603
-254.8 -104.8 2681.4 0.7192004919 -0.0356588140 -0.6938869357 -0.1731546074 0.9579734206 -0.2287016362 0.6728804708 0.2846320570 0.6828004718
-240.9 -479.9 2569.9 0.7383154631 0.1286775172 -0.6620667577 -0.0623486340 0.9904496670 0.1229719669 0.6715674996 -0.0495131463 0.7392871976
-88.6 -91.0 2746.3 0.8081644773 -0.2452113330 -0.5354825258 0.1554169804 0.9657690525 -0.2076912373 0.5680807233 0.0846256092 0.8186102509
7.2 -468.5 2713.3 0.7858892679 -0.3093397617 -0.5354315639 0.2323586196 0.9501528144 -0.2078919262 0.5730510950 0.0389679000 0.8185926676
-768.4 118.2 2579.7 0 0 0 0 0 0 0 0 0
-10.2 -145.5 2437.8 0 0 0 0 0 0 0 0 0
-282.9 -803.5 2586.1 0 0 0 0 0 0 0 0 0
118.5 -810.4 2699.2 0 0 0 0 0 0 0 0 0
-154.5 489.1 2635.1 24 0.9664167166 -0.0273021832 -0.2555254996 0.0572893992 0.9922059178 0.1106584072 0.2505127192 -0.1215810403 0.9604485631
-149.0 290.1 2659.5 0.9664167166 -0.0273021832 -0.2555254996 0.0572893992 0.9922059178 0.1106584072 0.2505127192 -0.1215810403 0.9604485631
-143.7 96.0 2683.4 0.9663733244 -0.0286604930 -0.2555409968 0.0588291176 0.9920544028 0.1112076715 0.2503232956 -0.1225013733 0.9603809714
-286.1 281.5 2624.1 0.7412334085 -0.1850811392 0.6452271342 0.6546276808 0.4118919075 -0.6338829994 -0.1484440416 0.8922387958 0.4264672697
-476.7 113.2 2662.3 0.9501340389 -0.1850811392 -0.2509787083 -0.1568747014 0.4118919075 -0.8976276517 0.2695100307 0.8922387958 0.3623179495
-11.9 298.6 2694.9 0.1130679324 0.8109360933 0.5741065145 -0.9570870996 0.2440670133 -0.1562547982 -0.2668331265 -0.5318025351 0.8037326336
21.5 15.7 2616.0 -0.0265190117 0.8128181696 0.5819135904 -0.8571563959 0.2810421884 -0.4316227436 -0.5143730640 -0.5102371573 0.6892592907
-243.8 -103.2 2687.4 0.7542302608 -0.0027478901 -0.6566042304 -0.2008079141 0.9511139989 -0.2346450984 0.6251502633 0.3088277578 0.7168071866
-242.7 -475.4 2566.6 0.7808077931 0.1176792979 -0.6135883927 -0.0523736291 0.9909726977 0.1234104559 0.6225722432 -0.0642239973 0.7799224854
-72.8 -91.5 2740.5 0.8361111283 -0.1960836351 -0.5123177171 0.1337274015 0.9786137342 -0.1563076675 0.5320105553 0.0621796697 0.8444516063
3.8 -473.9 2716.2 0.8133094907 -0.2633498907 -0.5188203454 0.2343242913 0.9644455314 -0.1222166121 0.5325596929 -0.0221722797 0.8461019993
-738.7 156.4 2588.0 0 0 0 0 0 0 0 0 0
14.5 -210.3 2480.4 0 0 0 0 0 0 0 0 0
-281.7 -803.9 2587.8 0 0 0 0 0 0 0 0 0
96.9 -814.9 2724.1 0 0 0 0 0 0 0 0 0
-141.3 489.0 2645.2 25 0.9797635674 -0.0397610180 -0.1961694211 0.0604591593 0.9930804372 0.1006772295 0.1908089817 -0.1105001196 0.9753879309
-133.3 290.0 2667.3 0.9797635674 -0.0397610180 -0.1961694211 0.0604591593 0.9930804372 0.1006772295 0.1908089817 -0.1105001196 0.9753879309
-125.6 95.7 2689.2 0.9797143340 -0.0406604819 -0.1962309629 0.0616751350 0.9928504229 0.1021971032 0.1906726062 -0.1122265384 0.9752175212
-272.4 281.1 2640.4 0.7099310160 -0.2192628533 0.6692695618 0.6931686997 0.3856136799 -0.6089492440 -0.1245595440 0.8962287307 0.4257452488
-452.5 105.2 2672.0 0.8891935945 -0.2192628533 -0.4015701115 -0.2990961075 0.3856136799 -0.8728365302 0.3462315500 0.8962287307 0.2773045301
5.7 298.9 2694.3 0.0727717578 0.7792894840 0.6224244237 -0.9662855268 0.2096315473 -0.1494886279 -0.2469747066 -0.5905611515 0.7682714462
27.9 4.6 2619.1 0.0401794501 0.7785122395 0.6263419986 -0.9445394278 0.2340673655 -0.2303425819 -0.3259307444 -0.5823496580 0.7447402477
-225.4 -103.4 2684.9 0.7919107676 0.0498038046 -0.6086024046 -0.2142090201 0.9559894204 -0.2004962862 0.5718320012 0.2891432941 0.7677267194
-244.9 -477.1 2571.9 0.8184655309 0.1108356491 -0.5637638569 -0.0632444173 0.9926339984 0.1033338010 0.5710642338 -0.0489202365 0.8194464445
-51.5 -92.6 2729.8 0.8710106015 -0.1257802844 -0.4748892486 0.1076815426 0.9920417666 -0.0652521178 0.4793173969 0.0056984765 0.8776231408
-2.5 -479.1 2727.6 0.8525757194 -0.2239499092 -0.4721875787 0.2084270418 0.9742718935 -0.0857461542 0.4792419374 -0.0253115781 0.8773177862
-697.4 187.6 2576.6 0 0 0 0 0 0 0 0 0
38.8 -253.5 2530.0 0 0 0 0 0 0 0 0 0
-281.1 -801.6 2587.9 0 0 0 0 0 0 0 0 0
74.3 -813.6 2736.3 0 0 0 0 0 0 0 0 0
-126.0 488.6 2650.7 26 0.9880393744 -0.0328892581 -0.1506534517 0.0489220284 0.9933750629 0.1039838344 0.1462354213 -0.1101104021 0.9831026793
-119.4 289.4 2672.8 0.9880393744 -0.0328892581 -0.1506534517 0.0489220284 0.9933750629 0.1039838344 0.1462354213 -0.1101104021 0.9831026793
-113.0 94.9 2694.4 0.9880200624 -0.0334295556 -0.1506613493 0.0495013557 0.9933215380 0.1042207330 0.1461711079 -0.1104301140 0.9830763936
-259.8 282.2 2652.1 0.6265549064 -0.2861025631 0.7249650359 0.7581882477 0.4391735494 -0.4819513559 -0.1804979593 0.8516289592 0.4920859337
-412.6 97.3 2696.1 0.8110640645 -0.2861025631 -0.5102159977 -0.3622581363 0.4391735494 -0.8221287131 0.4592865109 0.8516289592 0.2525549233
20.9 296.5 2693.5 0.0653941184 0.7549228668 0.6525450349 -0.9741259217 0.1900735199 -0.1222731546 -0.2163383365 -0.6276651025 0.7478196621
41.3 -6.8 2626.2 0.0853376910 0.7554700971 0.6496016979 -0.9792235494 0.1839666367 -0.0853086039 -0.1839531362 -0.6288252473 0.7554733753
-206.1 -104.3 2694.0 0.8124227524 0.0920090005 -0.5757634640 -0.2450778186 0.9498915672 -0.1940175742 0.5290614963 0.2987311482 0.7942629457
-242.0 -475.7 2577.2 0.8433525562 0.1132752299 -0.5252858400 -0.0797042251 0.9930855632 0.0861877948 0.5314167142 -0.0308191981 0.8465497494
-29.7 -93.0 2728.2 0.8957028985 -0.0610941797 -0.4404359758 0.0664587095 0.9977838993 -0.0032502471 0.4396584928 -0.0263595525 0.8977781534
-5.9 -481.8 2738.5 0.8785695434 -0.1966496408 -0.4352521896 0.1841500700 0.9803159237 -0.0712004006 0.4406861663 -0.0175972227 0.8974887133
-633.8 196.1 2570.9 0 0 0 0 0 0 0 0 0
65.2 -280.6 2574.7 0 0 0 0 0 0 0 0 0
-279.0 -799.2 2587.2 0 0 0 0 0 0 0 0 0
60.3 -811.7 2744.4 0 0 0 0 0 0 0 0 0
-111.0 492.8 2663.0 27 0.9923288226 -0.0217128154 -0.1217049360 0.0335630476 0.9947978258 0.0961811170 0.1189834476 -0.0995280817 0.9878953099
-106.7 293.3 2683.0 0.9923288226 -0.0217128154 -0.1217049360 0.0335630476 0.9947978258 0.0961811170 0.1189834476 -0.0995280817 0.9878953099
-102.6 98.5 2702.3 0.9923370481 -0.0214411989 -0.1216857433 0.0331822224 0.9948957562 0.0952962041 0.1190213636 -0.0986037627 0.9879834056
-247.8 288.5 2666.1 0.5298051238 -0.3733122945 0.7615408301 0.8098964691 0.4892151952 -0.3236297071 -0.2517424226 0.7882299423 0.5615330338
-373.1 97.1 2725.6 0.7218186259 -0.3733122945 -0.5827656388 -0.3805636764 0.4892151952 -0.7847545743 0.5780563354 0.7882299423 0.2110555470
34.4 298.1 2699.8 0.0901311859 0.7387936115 0.6678774953 -0.9747257829 0.2030802369 -0.0931027159 -0.2044164091 -0.6426059008 0.7384250760
60.7 14.6 2640.4 0.0700819418 0.7465969920 0.6615750194 -0.9913911819 0.1256590486 -0.0367880464 -0.1105987281 -0.6533014178 0.7489760518
-195.6 -104.1 2702.9 0.8235199451 0.1106916815 -0.5563831925 -0.2587904334 0.9460824132 -0.1948218793 0.5048192143 0.3044263721 0.8077636957
-238.9 -474.3 2583.8 0.8547086120 0.1162410453 -0.5059260726 -0.0951143801 0.9931748509 0.0675051287 0.5103198886 -0.0095763756 0.8599313498
-17.6 -95.1 2729.2 0.9088323116 -0.0258769561 -0.4163583219 0.0384706408 0.9990200400 0.0218844265 0.4153840244 -0.0359068438 0.9089372158
-7.5 -485.1 2743.2 0.8904146552 -0.1914201081 -0.4129407108 0.1838906854 0.9812147021 -0.0583261587 0.4163483083 -0.0240014866 0.9088883400
-566.8 199.2 2570.5 0 0 0 0 0 0 0 0 0
80.3 -262.9 2609.4 0 0 0 0 0 0 0 0 0
-276.7 -797.5 2586.9 0 0 0 0 0 0 0 0 0
56.2 -811.4 2751.2 0 0 0 0 0 0 0 0 0
-94.1 490.7 2668.6 28 0.9955504537 -0.0140906749 -0.0931706131 0.0235360153 0.9946009517 0.1010693386 0.0912434459 -0.1028124914 0.9905070662
-91.3 291.3 2689.3 0.9955504537 -0.0140906749 -0.0931706131 0.0235360153 0.9946009517 0.1010693386 0.0912434459 -0.1028124914 0.9905070662
-89.0 96.5 2709.2 0.9955773354 -0.0121289697 -0.0931591019 0.0214943476 0.9947355390 0.1001959890 0.0914533958 -0.1017552540 0.9905968904
-233.0 288.2 2676.3 0.4904947281 -0.4730257988 0.7318890095 0.8126477003 0.5515469313 -0.1881480515 -0.3146722615 0.6870535612 0.6549341679
-345.0 102.6 2748.1 0.6009404063 -0.4730257988 -0.6442958713 -0.3682887256 0.5515469313 -0.7484380007 0.7093898654 0.6870535612 0.1572367698
50.4 294.4 2702.2 0.0907842293 0.7250652313 0.6826702356 -0.9844686389 0.1687748730 -0.0483374819 -0.1502654105 -0.6676791906 0.7291260362
74.4 33.5 2662.4 0.0904788971 0.7314751148 0.6758385301 -0.9936534166 0.1118458807 0.0119735459 -0.0668314025 -0.6726325750 0.7369524837
-188.0 -99.3 2710.9 0.8352718949 0.1077330261 -0.5391794443 -0.2567731440 0.9435471892 -0.2092516720 0.4861979187 0.3132288456 0.8157813549
-230.2 -468.7 2588.3 0.8632864356 0.1339699775 -0.4866093099 -0.1163158491 0.9909850955 0.0664770678 0.4911284745 -0.0007883757 0.8710867763
-9.0 -93.2 2732.3 0.9202780724 -0.0128554236 -0.3910537660 0.0354264863 0.9980925322 0.0505590737 0.3896578848 -0.0603820644 0.9189780951
-3.9 -483.4 2755.9 0.9033731222 -0.1859195977 -0.3864594400 0.1708584279 0.9825649261 -0.0733043849 0.3933502138 0.0001913610 0.9193887115
-501.8 198.7 2563.1 0 0 0 0 0 0 0 0 0
99.8 -245.2 2643.7 0 0 0 0 0 0 0 0 0
-274.6 -797.0 2588.6 0 0 0 0 0 0 0 0 0
58.4 -812.8 2755.9 0 0 0 0 0 0 0 0 0
-77.3 489.3 2672.0 29 0.9978578687 -0.0003793239 -0.0654177740 0.0072906888 0.9943985939 0.1054433957 0.0650113449 -0.1056944653 0.9922712445
-77.2 289.3 2693.2 0.9978578687 -0.0003793239 -0.0654177740 0.0072906888 0.9943985939 0.1054433957 0.0650113449 -0.1056944653 0.9922712445
-77.6 94.6 2713.7 0.9978556633 0.0021224061 -0.0654186681 0.0047305236 0.9945217967 0.1044221595 0.0652819201 -0.1045077071 0.9923791885
-219.3 288.7 2683.9 0.4763243496 -0.5932576060 0.6489688158 0.8095042706 0.5840116739 -0.0602759719 -0.3432461619 0.5540539026 0.7584235668
-328.9 102.3 2762.9 0.4550477862 -0.5932576060 -0.6640608907 -0.3244609833 0.5840116739 -0.7440802455 0.8292506337 0.5540539026 0.0732642487
64.8 290.0 2702.5 0.1250009686 0.7124715447 0.6904774308 -0.9904708266 0.1301628649 0.0450014323 -0.0578122772 -0.6895229816 0.7219527960
97.2 33.2 2687.5 0.0681657642 0.7144516706 0.6963564157 -0.9944494963 0.1047284976 -0.0101040788 -0.0801472366 -0.6918025017 0.7176250219
-176.5 -100.2 2720.9 0.8423164487 0.1180132627 -0.5259048343 -0.2767311633 0.9319998026 -0.2340858430 0.4625179768 0.3427086174 0.8176967502
-222.7 -465.0 2586.8 0.8769240379 0.1452628076 -0.4581516683 -0.1197710186 0.9892081022 0.0843935683 0.4654665887 -0.0191334561 0.8848586082
3.2 -96.3 2737.4 0.9304900169 -0.0188518800 -0.3658317924 0.0408413336 0.9977874160 0.0524620451 0.3640333414 -0.0637564659 0.9292011857
10.6 -486.8 2762.4 0.9201005697 -0.1527352482 -0.3606756032 0.1359628290 0.9881237745 -0.0715929866 0.3673269153 0.0168342702 0.9299395680
-445.0 185.1 2551.4 0 0 0 0 0 0 0 0 0
116.4 -246.3 2665.0 0 0 0 0 0 0 0 0 0
-271.5 -797.5 2593.2 0 0 0 0 0 0 0 0 0
61.7 -817.1 2756.7 0 0 0 0 0 0 0 0 0
-59.2 493.0 2693.6 30 0.9989104271 0.0078105447 -0.0460104644 -0.0046143769 0.9975944161 0.0691670179 0.0464400128 -0.0688793510 0.9965435266
-60.8 292.5 2707.5 0.9989104271 0.0078105447 -0.0460104644 -0.0046143769 0.9975944161 0.0691670179 0.0464400128 -0.0688793510 0.9965435266
-63.0 97.3 2721.4 0.9988846779 0.0107018538 -0.0459883511 -0.0073919166 0.9974096417 0.0715498552 0.0466349423 -0.0711301044 0.9963762760
-203.0 293.5 2700.9 0.5040188432 -0.7126611471 0.4879334867 0.8097974062 0.5863706470 0.0199420694 -0.3003217876 0.3850760758 0.8726530075
-320.5 104.8 2770.9 0.3241710961 -0.7126611471 -0.6221151352 -0.2115279436 0.5863706470 -0.7819369435 0.9220461249 0.3850760758 0.0393366516
81.5 291.5 2714.1 0.1507846415 0.7056713700 0.6923091412 -0.9885551929 0.1109997556 0.1021647453 -0.0047514099 -0.6997906566 0.7143321633
121.6 28.3 2712.8 0.0840224102 0.7046456933 0.7045670152 -0.9922899604 0.1238161176 -0.0054954309 -0.0911090821 -0.6986730695 0.7096161842
-168.2 -100.6 2728.4 0.8503678441 0.1170474216 -0.5130053163 -0.2812144756 0.9251258373 -0.2550697625 0.4447392523 0.3611676395 0.8196126819
-214.0 -462.7 2587.0 0.8855338693 0.1666686684 -0.4336488843 -0.1344511658 0.9854282141 0.1041832566 0.4446939230 -0.0339532010 0.8950388432
12.0 -99.7 2740.1 0.9371950030 -0.0196988434 -0.3482491672 0.0352916680 0.9986356497 0.0384874046 0.3470158875 -0.0483604968 0.9366115928
19.7 -490.7 2759.1 0.9302296638 -0.1256545484 -0.3447951376 0.1129789352 0.9919782281 -0.0567009710 0.3491540253 0.0137903355 0.9369638562
-401.6 157.7 2540.2 0 0 0 0 0 0 0 0 0
145.2 -250.9 2687.2 0 0 0 0 0 0 0 0 0
-270.7 -797.8 2598.5 0 0 0 0 0 0 0 0 0
61.2 -817.9 2754.5 0 0 0 0 0 0 0 0 0
-40.3 492.5 2704.4 31 0.9991860986 0.0307364631 -0.0261220634 -0.0291854832 0.9979007244 0.0578135215 0.0278442074 -0.0570040829 0.9979856014
-46.5 292.3 2715.9 0.9991860986 0.0307364631 -0.0261220634 -0.0291854832 0.9979007244 0.0578135215 0.0278442074 -0.0570040829 0.9979856014
-53.2 97.1 2727.7 0.9990856647 0.0339179710 -0.0260262433 -0.0322854482 0.9976294637 0.0607709214 0.0280257743 -0.0598750859 0.9978123903
-188.7 296.9 2711.9 0.5162643194 -0.7931911945 0.3229842782 0.8060351014 0.5774660707 0.1297705024 -0.2894452810 0.1933407784 0.9374650717
-311.9 104.6 2781.0 0.1979975700 -0.7931911945 -0.5758859515 -0.0556865744 0.5774660707 -0.8145133257 0.9786193967 0.1933407784 0.0701667741
95.8 287.8 2719.8 0.1834827811 0.6967191696 0.6934814453 -0.9816840291 0.0930598974 0.1662416756 0.0512884520 -0.7112821341 0.7010329366
147.0 14.1 2734.1 0.1566417068 0.6898882389 0.7067655921 -0.9866586924 0.1414480358 0.0806046054 -0.0443624407 -0.7099624276 0.7028408647
-155.3 -97.3 2731.2 0.8544144630 0.1315931082 -0.5026521683 -0.2856079936 0.9270870090 -0.2427709103 0.4340553582 0.3509884477 0.8297005892
-206.9 -460.3 2593.8 0.8875566125 0.1756736785 -0.4258896708 -0.1499063820 0.9842607975 0.0935883671 0.4356275201 -0.0192213990 0.8999217749
25.1 -98.6 2739.6 0.9439617395 -0.0022687712 -0.3300471604 0.0155636864 0.9991699457 0.0376450345 0.3296878040 -0.0406722203 0.9432135224
26.0 -489.8 2755.5 0.9378973842 -0.1105277687 -0.3288345337 0.1025820747 0.9938595891 -0.0414725989 0.3313992321 0.0051645129 0.9434764981
-360.1 118.2 2542.7 0 0 0 0 0 0 0 0 0
191.4 -265.5 2721.6 0 0 0 0 0 0 0 0 0
-266.9 -796.5 2600.3 0 0 0 0 0 0 0 0 0
62.5 -818.5 2753.8 0 0 0 0 0 0 0 0 0
-20.6 494.0 2709.4 32 0.9989302158 0.0423418880 -0.0185910948 -0.0412625335 0.9976313710 0.0550372489 0.0208774395 -0.0542112514 0.9983112216
-29.2 292.6 2720.3 0.9989302158 0.0423418880 -0.0185910948 -0.0412625335 0.9976313710 0.0550372489 0.0208774395 -0.0542112514 0.9983112216
-38.2 97.4 2731.1 0.9987779260 0.0458094291 -0.0185497738 -0.0447080992 0.9974308610 0.0559724085 0.0210661814 -0.0550746806 0.9982599616
-171.4 299.0 2717.3 0.5184992552 -0.8394150138 0.1629139334 0.8118543029 0.5430808663 0.2143731117 -0.2684234381 0.0211100709 0.9630696774
-298.1 100.7 2782.9 0.1321283877 -0.8394150138 -0.5271854997 0.1662403345 0.5430808663 -0.8230597377 0.9771930575 0.0211100709 0.2113010287
113.1 286.3 2723.3 0.2006208599 0.7006438375 0.6847258210 -0.9707393050 0.0480192825 0.2352856249 0.1319713891 -0.7118934989 0.6897761822
171.7 2.7 2761.8 0.1789405793 0.6889419556 0.7023811340 -0.9838579893 0.1238986552 0.1291223913 0.0019337574 -0.7141485214 0.6999915242
-150.1 -95.3 2736.9 0.8572272062 0.1255823225 -0.4993901849 -0.2743908763 0.9320515990 -0.2366208285 0.4357420206 0.3398659229 0.8334386945
-199.3 -460.3 2603.9 0.8824593425 0.1877733767 -0.4312849343 -0.1700179577 0.9822079539 0.0797583684 0.4385879934 0.0029426664 0.8986834288
30.4 -101.1 2742.0 0.9461978078 -0.0176067892 -0.3231094480 0.0238454342 0.9995976686 0.0153594771 0.3227090240 -0.0222377889 0.9462369680
37.3 -492.4 2750.7 0.9429528713 -0.0830695257 -0.3223962486 0.0822896212 0.9964788556 -0.0160727296 0.3225961924 -0.0113740396 0.9464683533
-330.0 60.6 2547.2 0 0 0 0 0 0 0 0 0
222.9 -278.7 2762.4 0 0 0 0 0 0 0 0 0
-262.6 -791.3 2602.9 0 0 0 0 0 0 0 0 0
64.6 -819.7 2754.4 0 0 0 0 0 0 0 0 0
-4.0 496.7 2722.8 33 0.9985831976 0.0517415851 -0.0124240518 -0.0511760861 0.9977983832 0.0421833843 0.0145793334 -0.0414878055 0.9990326166
-14.4 294.5 2731.2 0.9985831976 0.0517415851 -0.0124240518 -0.0511760861 0.9977983832 0.0421833843 0.0145793334 -0.0414878055 0.9990326166
-25.0 99.2 2739.3 0.9984738827 0.0538084693 -0.0124315359 -0.0532431155 0.9976961613 0.0420418866 0.0146651054 -0.0413158312 0.9990385175
-156.7 302.1 2729.2 0.5009235740 -0.8576741815 0.1160628945 0.8152207136 0.5126037598 0.2695414722 -0.2906730175 -0.0404027924 0.9559690356
-286.8 90.4 2804.6 0.1164675057 -0.8576741815 -0.5008296371 0.2701999247 0.5126037598 -0.8150026798 0.9557338953 -0.0404027924 0.2914451659
127.8 286.9 2733.3 0.2153880745 0.6982178092 0.6827151179 -0.9652733207 0.0463876687 0.2570906579 0.1478357017 -0.7143809199 0.6839623451
192.6 -3.5 2777.8 0.2148258835 0.6827524304 0.6983544230 -0.9761767387 0.1277924776 0.1753513664 0.0304771308 -0.7193873525 0.6939401627
-137.4 -93.9 2740.1 0.8595341444 0.1329260916 -0.4934893548 -0.2725017965 0.9360779524 -0.2224878967 0.4323700368 0.3257126808 0.8408135176
-189.5 -460.5 2612.5 0.8790210485 0.2048767060 -0.4305201173 -0.1938648969 0.9785389304 0.0698422939 0.4355897605 0.0220698901 0.8998746872
43.1 -101.9 2743.8 0.9482032061 -0.0044045788 -0.3176338375 0.0074312380 0.9999377728 0.0083178133 0.3175774515 -0.0102473907 0.9481769800
44.8 -493.5 2747.9 0.9462869763 -0.0608436540 -0.3175515532 0.0626702681 0.9980242848 -0.0044697714 0.3171961010 -0.0156713538 0.9482305050
-315.4 24.1 2570.1 0 0 0 0 0 0 0 0 0
254.4 -284.3 2786.5 0 0 0 0 0 0 0 0 0
-258.9 -792.2 2605.0 0 0 0 0 0 0 0 0 0
64.6 -817.8 2752.9 0 0 0 0 0 0 0 0 0
13.7 497.1 2730.0 34 0.9980233312 0.0622253790 -0.0087986095 -0.0617619157 0.9970459938 0.0456585437 0.0116137387 -0.0450248718 0.9989183545
1.1 294.4 2739.2 0.9980233312 0.0622253790 -0.0087986095 -0.0617619157 0.9970459938 0.0456585437 0.0116137387 -0.0450248718 0.9989183545
-11.1 99.1 2747.8 0.9980379939 0.0619810596 -0.0088617271 -0.0615267977 0.9971064329 0.0446451865 0.0116032409 -0.0440123565 0.9989635944
-141.1 303.1 2737.6 0.4570353627 -0.8824869394 0.1110650450 0.8548817039 0.4703084230 0.2190600187 -0.2455524355 -0.0051706973 0.9693695307
-258.3 84.0 2800.5 0.2138354331 -0.8824869394 -0.4189166427 0.4109841287 0.4703084230 -0.7809622288 0.8862090111 -0.0051706973 0.4632567465
143.3 285.6 2740.8 0.2134500146 0.6990424991 0.6824797988 -0.9613923430 0.0261080302 0.2739400864 0.1736775488 -0.7146033645 0.6776268482
206.5 1.1 2792.3 0.2718631923 0.6663423181 0.6943185925 -0.9620035291 0.1692185551 0.2142761052 0.0252896417 -0.7261907458 0.6870279908
-125.8 -91.4 2746.1 0.8598975539 0.1331312209 -0.4928004146 -0.2698921263 0.9379953146 -0.2175386250 0.4332832694 0.3200638890 0.8425109386
