-529.3 479.4 2564.3 61 0.1273045689 0.0032689024 0.9918583035 -0.0196918603 0.9998058081 -0.0007676540 -0.9916681647 -0.0194338094 0.1273442060
-530.0 274.6 2568.3 0.1273045689 0.0032689024 0.9918583035 -0.0196918603 0.9998058081 -0.0007676540 -0.9916681647 -0.0194338094 0.1273442060
-532.8 78.9 2576.6 0.1270865500 0.0145843029 0.9917843938 -0.0440996625 0.9989862442 -0.0090393070 -0.9909108281 -0.0425885804 0.1276008785
-548.1 280.8 2709.4 0.4925704598 -0.8358895779 0.2422043979 0.8332061768 0.5333174467 0.1460821182 -0.2512803376 0.1298504621 0.9591647387
-688.5 43.2 2781.1 0.5057680011 -0.8358895779 -0.2132777125 0.6564282179 0.5333174467 -0.5335489511 0.5597327352 0.1298504621 0.8184363842
-511.9 268.3 2427.1 -0.2310156226 -0.8890359998 0.3952806294 -0.9622059464 0.2689700127 0.0426012240 -0.1441926658 -0.3704998195 -0.9175720215
-581.3 -20.9 2383.8 -0.4275637567 -0.8890359998 0.1637199074 -0.7771341801 0.2689700127 -0.5689618587 0.4617918134 -0.3704998195 -0.8059021235
-546.1 -115.1 2675.8 -0.1356265992 0.3518800139 0.9261673093 -0.0420816205 0.9319153428 -0.3602262437 -0.9898659587 -0.0878308788 -0.1115848199
-681.7 -474.3 2709.7 -0.1356265992 -0.3575617373 0.9239886403 -0.0420816205 0.9338432550 0.3551983237 -0.9898659587 0.0092914002 -0.1417007595
-520.0 -123.4 2497.2 -0.0661981180 0.0200211797 0.9976056218 -0.1421704143 0.9894087315 -0.0292906780 -0.9876261353 -0.1437689960 -0.0626505762
-527.8 -510.9 2553.5 -0.0851946771 -0.0949397236 0.9918307662 0.0421448424 0.9942156076 0.0987880975 -0.9954726100 0.0502167717 -0.0807006583
-815.4 -121.5 2640.7 0 0 0 0 0 0 0 0 0
-704.1 -244.2 2516.5 0 0 0 0 0 0 0 0 0
-552.3 -812.3 2706.3 0 0 0 0 0 0 0 0 0
-501.6 -785.5 2539.6 0 0 0 0 0 0 0 0 0
-536.8 482.8 2563.8 62 0.1154401600 -0.0044246982 0.9933046103 -0.0310678016 0.9994847775 0.0080628749 -0.9928284883 -0.0317905694 0.1152432114
-535.9 278.0 2570.3 0.1154401600 -0.0044246982 0.9933046103 -0.0310678016 0.9994847775 0.0080628749 -0.9928284883 -0.0317905694 0.1152432114
-538.3 82.5 2580.4 0.1153560057 0.0121885892 0.9932494164 -0.0527244247 0.9985902905 -0.0061307135 -0.9919239283 -0.0516612902 0.1158360243
-552.3 285.5 2711.6 0.4816543162 -0.7630571723 0.4309905171 0.8665264249 0.4881468713 -0.1041373610 -0.1309239119 0.4236228764 0.8963272572
-691.0 36.0 2749.3 0.6456016898 -0.7630571723 0.0306945462 0.6067816019 0.4881468713 -0.6273186803 0.4636965692 0.4236228764 0.7781575322
-519.4 270.5 2429.0 -0.1892108172 -0.8939567804 0.4062518775 -0.9718209505 0.2297156602 0.0528658293 -0.1405821890 -0.3848012686 -0.9122305512
-576.8 -24.2 2386.4 -0.3937810063 -0.8939567804 0.2139575183 -0.8125637770 0.2297156602 -0.5356966257 0.4297402203 -0.3848012686 -0.8168545365
-547.3 -112.8 2674.5 -0.0085250726 0.3905930221 0.9205240011 -0.0782463700 0.9174742699 -0.3900236487 -0.9968975782 -0.0753526390 0.0227409527
-698.9 -469.0 2703.8 -0.0085250726 -0.2250334024 0.9743137360 -0.0782463700 0.9715117812 0.2237015963 -0.9968975782 -0.0743294433 -0.0258902553
-524.2 -120.7 2495.4 -0.0774401799 0.0149209388 0.9968853593 -0.1353311092 0.9904763699 -0.0253378209 -0.9877694845 -0.1368717700 -0.0746833980
-530.1 -508.7 2549.0 -0.0959657878 -0.1041180044 0.9899242520 0.0293013677 0.9937878251 0.1073649153 -0.9949532747 0.0393094942 -0.0923188329
-852.2 -115.5 2633.6 0 0 0 0 0 0 0 0 0
-689.4 -256.5 2509.2 0 0 0 0 0 0 0 0 0
-616.8 -823.3 2730.9 0 0 0 0 0 0 0 0 0
-501.6 -780.6 2538.3 0 0 0 0 0 0 0 0 0
-547.9 484.9 2572.5 63 0.0549326725 -0.0499310568 0.9972408414 0.0077831787 0.9987399578 0.0495773815 -0.9984596968 0.0050382856 0.0552520752
-537.8 282.9 2571.5 0.0549326725 -0.0499310568 0.9972408414 0.0077831787 0.9987399578 0.0495773815 -0.9984596968 0.0050382856 0.0552520752
-533.9 87.3 2575.8 0.0559760928 -0.0210963283 0.9982091784 -0.0215721093 0.9995177984 0.0223336723 -0.9981990457 -0.0227836296 0.0554940104
-545.7 286.1 2713.4 0.5240505338 -0.6939910054 0.4937079847 0.8503016233 0.4593760967 -0.2568281889 -0.0485611930 0.5543916225 0.8308379650
-704.4 28.6 2728.1 0.7157632113 -0.6939910054 0.0778428912 0.5234473944 0.4593760967 -0.7176185846 0.4622616768 0.5543916225 0.6920722723
-529.9 279.7 2429.6 -0.1057260036 -0.8275535703 0.5513412356 -0.9842321873 0.1661553681 0.0606584884 -0.1418064386 -0.5362345576 -0.8320717812
-560.8 -7.6 2388.2 -0.3855995238 -0.8275535703 0.4080050290 -0.8624556065 0.1661553681 -0.4780823886 0.3278465569 -0.5362345576 -0.7777976394
-551.1 -108.4 2680.2 -0.0670336410 0.4034106433 0.9125603437 -0.0505969226 0.9120663404 -0.4069089592 -0.9964669943 -0.0734493360 -0.0407277904
-708.4 -464.0 2708.8 -0.0623108782 -0.0904139206 0.9939530492 -0.1034815162 0.9911060929 0.0836676955 -0.9926776290 -0.0976423621 -0.0711128637
-530.2 -117.9 2500.9 -0.1335292161 0.0052241236 0.9910311103 -0.1211108640 0.9924050570 -0.0215495620 -0.9836168289 -0.1229021326 -0.1318823695
-532.3 -506.5 2549.0 -0.1514385492 -0.1155260950 0.9816924334 0.0198207926 0.9925921559 0.1198663861 -0.9882679582 0.0376103148 -0.1480268985
-884.4 -103.1 2611.9 0 0 0 0 0 0 0 0 0
-669.5 -250.7 2480.6 0 0 0 0 0 0 0 0 0
-675.2 -828.0 2744.7 0 0 0 0 0 0 0 0 0
-500.4 -780.5 2538.6 0 0 0 0 0 0 0 0 0
-557.8 486.7 2576.9 64 0.1322571635 -0.0522192642 0.9898389578 0.0467651039 0.9978280067 0.0463922210 -0.9901116490 0.0401542187 0.1344119459
-547.3 286.0 2568.8 0.1322571635 -0.0522192642 0.9898389578 0.0467651039 0.9978280067 0.0463922210 -0.9901116490 0.0401542187 0.1344119459
-540.7 90.6 2565.1 0.1332591772 -0.0324284174 0.9905505776 0.0231242180 0.9992942214 0.0296037551 -0.9908114076 0.0189607348 0.1339150071
-566.1 282.8 2709.3 0.4772824049 -0.6415464282 0.6005161405 0.8785674572 0.3623025715 -0.3112170696 -0.0179083459 0.6761323810 0.7365624905
-704.4 28.3 2714.5 0.7568110824 -0.6415464282 0.1251205653 0.4427236617 0.3623025715 -0.8202027678 0.4808666706 0.6761323810 0.5582224131
-528.4 289.3 2428.4 -0.0448308885 -0.7895193696 0.6120860577 -0.9887249470 0.1226939186 0.0858438313 -0.1428745985 -0.6013363004 -0.7861180305
-541.1 10.2 2388.0 -0.3890006840 -0.7640898228 0.5146311522 -0.8967500329 0.1861234456 -0.4014940560 0.2109925896 -0.6176769733 -0.7575996518
-534.9 -106.3 2670.1 -0.2848219573 0.4786826074 0.8305055499 -0.0049908855 0.8656387925 -0.5006441474 -0.9585674405 -0.1467394084 -0.2441638857
-720.8 -442.4 2727.0 -0.2848219573 -0.0181892756 0.9584078193 -0.0049908855 0.9998345375 0.0174922943 -0.9585674405 0.0001988859 -0.2848656178
-524.9 -110.3 2490.0 -0.0565961562 0.0279507115 0.9980058074 -0.1536817402 0.9874508381 -0.0363702774 -0.9864982367 -0.1554336995 -0.0515904054
-535.8 -496.8 2550.9 -0.0810577720 -0.1236303076 0.9890122414 0.0316542163 0.9914575815 0.1265303046 -0.9962066412 0.0415626727 -0.0764519200
-895.6 -83.6 2593.0 0 0 0 0 0 0 0 0 0
-649.9 -240.7 2447.0 0 0 0 0 0 0 0 0 0
-714.1 -808.9 2727.0 0 0 0 0 0 0 0 0 0
-500.5 -780.4 2539.0 0 0 0 0 0 0 0 0 0
-568.3 486.4 2579.6 65 0.2128355205 -0.0698796883 0.9745860100 0.0649582148 0.9962445498 0.0572467111 -0.9749264121 0.0511232316 0.2165754884
-554.3 287.4 2569.4 0.2128355205 -0.0698796883 0.9745860100 0.0649582148 0.9962445498 0.0572467111 -0.9749264121 0.0511232316 0.2165754884
-544.2 92.1 2562.0 0.2138298005 -0.0502217449 0.9755790830 0.0484485812 0.9979938269 0.0407565497 -0.9756687880 0.0385504588 0.2158339918
-584.6 280.4 2707.6 0.4412181079 -0.6335598230 0.6355537176 0.8973909020 0.3083222806 -0.3156373799 0.0040197819 0.7096050382 0.7045881748
-706.6 32.2 2706.4 0.7631599307 -0.6335598230 0.1272354871 0.3998701572 0.3083222806 -0.8631576896 0.5076324940 0.7096050382 0.4886408746
-524.0 294.3 2431.2 -0.0042086225 -0.7395373583 0.6731023192 -0.9880933762 0.1065988913 0.1109420508 -0.1537977606 -0.6646210551 -0.7311806083
-525.2 28.3 2389.8 -0.3537164927 -0.7121338844 0.6064239144 -0.9279690385 0.1858747602 -0.3229922652 0.1172948256 -0.6769903302 -0.7265851498
-546.1 -106.9 2650.5 -0.2614437044 0.4576105773 0.8498468995 -0.0918622911 0.8646774888 -0.4938564599 -0.9608374238 -0.2071845382 -0.1840273142
-724.2 -443.4 2731.2 -0.2516472936 0.0772280619 0.9647328258 0.0887709260 0.9944511056 -0.0564514473 -0.9637392759 0.0714343786 -0.2571065128
-522.2 -102.8 2472.3 0.0244583208 0.0526232906 0.9983148575 -0.2006833106 0.9785441160 -0.0466644727 -0.9793508053 -0.1992037892 0.0344941616
-542.8 -485.4 2550.2 -0.0101097552 -0.1413993984 0.9899010062 0.0402121581 0.9890933037 0.1416947097 -0.9991400242 0.0412385538 -0.0043135164
-900.5 -69.4 2577.5 0 0 0 0 0 0 0 0 0
-623.9 -230.8 2422.5 0 0 0 0 0 0 0 0 0
-750.8 -786.3 2706.5 0 0 0 0 0 0 0 0 0
-500.6 -780.6 2537.9 0 0 0 0 0 0 0 0 0
-577.7 485.3 2580.4 66 0.3124016523 -0.0733496994 0.9471140504 0.0717132539 0.9959904552 0.0534806363 -0.9472393990 0.0512131937 0.3164092004
-563.1 287.1 2570.2 0.3124016523 -0.0733496994 0.9471140504 0.0717132539 0.9959904552 0.0534806363 -0.9472393990 0.0512131937 0.3164092004
-551.3 91.9 2562.2 0.3132682443 -0.0595082156 0.9477983713 0.0587112233 0.9973392487 0.0432133228 -0.9478480816 0.0421090424 0.3159285188
-607.4 278.7 2704.2 0.3609713316 -0.6232585907 0.6937207580 0.9325712323 0.2438349277 -0.2661867440 -0.0032501784 0.7430297732 0.6692504287
-706.1 23.6 2705.1 0.7726910710 -0.6232585907 0.1204045489 0.3383078575 0.2438349277 -0.9088962078 0.5371185541 0.7430297732 0.3992623389
-518.8 295.5 2436.3 0.0175191648 -0.6674693227 0.7444311976 -0.9863682389 0.1103020087 0.1221114248 -0.1636178941 -0.7364225388 -0.6564381123
-513.8 12.5 2389.4 -0.3576637506 -0.6324389577 0.6870935559 -0.9331060648 0.2126585096 -0.2899818420 0.0372795351 -0.7448471785 -0.6661928892
-553.3 -107.6 2642.2 -0.2137290984 0.4381140471 0.8731414080 -0.1855914593 0.8593060970 -0.4766013324 -0.9591014981 -0.2639111578 -0.1023484841
-724.1 -442.5 2745.1 -0.1487061083 0.1968350261 0.9690936208 0.2072032243 0.9644376040 -0.1640942842 -0.9669298530 0.1763975024 -0.1842026114
-514.9 -98.8 2466.9 0.1251245141 0.0814524218 0.9887918830 -0.2117567658 0.9758520126 -0.0535901934 -0.9692795873 -0.2026779205 0.1393511146
-546.8 -480.5 2546.2 0.0899738446 -0.1506516039 0.9844840169 0.0392601043 0.9882614017 0.1476415843 -0.9951699972 0.0253670625 0.0948322713
-902.8 -62.5 2568.4 0 0 0 0 0 0 0 0 0
-614.1 -249.4 2399.8 0 0 0 0 0 0 0 0 0
-794.6 -788.1 2681.9 0 0 0 0 0 0 0 0 0
-501.1 -780.1 2538.6 0 0 0 0 0 0 0 0 0
-586.1 483.6 2580.4 67 0.4342682660 -0.0794275999 0.8972749710 0.0809593573 0.9955151081 0.0489407368 -0.8971380591 0.0513893962 0.4387510419
-570.2 284.4 2570.1 0.4342682660 -0.0794275999 0.8972749710 0.0809593573 0.9955151081 0.0489407368 -0.8971380591 0.0513893962 0.4387510419
-556.1 89.3 2561.5 0.4349499643 -0.0716397613 0.8976002932 0.0719706789 0.9964067936 0.0446509458 -0.8975738287 0.0451799743 0.4385430813
-631.5 274.1 2696.3 0.3301847875 -0.6761542559 0.6586299539 0.9433040619 0.2614948153 -0.2044453472 -0.0339917243 0.6887930632 0.7241606712
-719.1 23.8 2705.3 0.7284336090 -0.6761542559 0.1104530320 0.3774288893 0.2614948153 -0.8883512020 0.5717795491 0.6887930632 0.4456817806
-508.9 294.7 2443.8 0.0153905656 -0.5662423372 0.8240951300 -0.9831679463 0.1414957047 0.1155841947 -0.1820545793 -0.8120028377 -0.5545336604
-504.5 9.2 2391.0 -0.3225281835 -0.5353888273 0.7805987000 -0.9440661669 0.2417679727 -0.2242484689 -0.0686636418 -0.8092632890 -0.5834194422
-567.5 -108.7 2639.0 -0.1111735404 0.4059987068 0.9070862532 -0.2291619033 0.8776735663 -0.4209203720 -0.9670187235 -0.2546648383 -0.0045346343
-726.1 -451.4 2738.5 0.0231011640 0.2872523963 0.9575763345 0.2230757028 0.9322015047 -0.2850221097 -0.9745273590 0.2201963514 -0.0425440930
-511.3 -98.0 2469.2 0.2522578835 0.0964800417 0.9628382921 -0.2086115330 0.9770418406 -0.0432483144 -0.9449059367 -0.1899494529 0.2665933669
-549.1 -480.4 2543.5 0.2194121182 -0.1564039737 0.9630140662 0.0469845757 0.9876152873 0.1496945620 -0.9745002389 0.0124020064 0.2240433395
-904.6 -72.3 2559.7 0 0 0 0 0 0 0 0 0
-596.0 -258.9 2371.5 0 0 0 0 0 0 0 0 0
-831.4 -793.1 2657.7 0 0 0 0 0 0 0 0 0
-501.4 -781.5 2539.7 0 0 0 0 0 0 0 0 0
-593.9 484.1 2580.3 68 0.5916174054 -0.0818690062 0.8020513058 0.0896947160 0.9953386784 0.0354371779 -0.8012138605 0.0509745106 0.5962029099
-577.5 285.4 2570.1 0.5916174054 -0.0818690062 0.8020513058 0.0896947160 0.9953386784 0.0354371779 -0.8012138605 0.0509745106 0.5962029099
-563.2 90.3 2561.6 0.5924524665 -0.0728663579 0.8023033142 0.0789462253 0.9963588715 0.0321937576 -0.8017278910 0.0442655459 0.5960478187
-660.2 274.3 2681.6 0.2724011540 -0.7019732594 0.6580510736 0.9598063231 0.2462905496 -0.1345837414 -0.0675975755 0.6682623029 0.7408481836
-731.4 23.6 2699.3 0.6919609308 -0.7019732594 0.1685930938 0.4579687119 0.2462905496 -0.8541695476 0.5580812693 0.6682623029 0.4919052124
-494.9 296.5 2458.7 -0.0003649541 -0.4075789154 0.9131699204 -0.9803426266 0.1803162545 0.0800895020 -0.1973021775 -0.8951901793 -0.3996327817
-495.0 2.8 2399.6 -0.2984818518 -0.3864397407 0.8726814389 -0.9444636106 0.2512920499 -0.2117565423 -0.1374667585 -0.8874213696 -0.4399843812
-580.8 -112.3 2632.9 -0.9188028574 0.3932224810 0.0343138091 0.3654221296 0.8802571893 -0.3026779890 -0.1492247730 -0.2655623555 -0.9524750113
-734.5 -456.5 2736.8 -0.9188028574 0.3202996850 0.2306717783 0.3654221296 0.9111784697 0.1903167665 -0.1492247730 0.2591561675 -0.9542379379
-503.1 -99.2 2472.8 0.4188290834 0.1265393049 0.8992052078 -0.2074452490 0.9773904681 -0.0409185961 -0.8840523958 -0.1693979502 0.4356095195
-552.6 -481.7 2539.1 0.3886364698 -0.1652752459 0.9064468145 0.0611481443 0.9862382412 0.1536067724 -0.9193598628 -0.0042696535 0.3933944106
-907.4 -93.0 2557.3 0 0 0 0 0 0 0 0 0
-580.2 -266.9 2360.3 0 0 0 0 0 0 0 0 0
-853.3 -794.3 2640.7 0 0 0 0 0 0 0 0 0
-502.4 -781.0 2540.4 0 0 0 0 0 0 0 0 0
-602.2 485.6 2580.8 69 0.6244667768 -0.0895236507 0.7759038210 0.0957809687 0.9946889877 0.0376801305 -0.7751562595 0.0507868305 0.6297249198
-584.4 287.5 2570.7 0.6244667768 -0.0895236507 0.7759038210 0.0957809687 0.9946889877 0.0376801305 -0.7751562595 0.0507868305 0.6297249198
-567.8 92.6 2562.4 0.6252789497 -0.0845240355 0.7758105397 0.0864944234 0.9954985380 0.0387471132 -0.7755932808 0.0428755321 0.6297751069
-672.5 275.3 2679.7 0.2957594693 -0.7891522050 0.5382983685 0.9523481131 0.2875681520 -0.1016739830 -0.0745612383 0.5427185297 0.8365986347
-753.4 14.9 2700.1 0.6006412506 -0.7891522050 0.1283313930 0.5459522009 0.2875681520 -0.7869185209 0.5840944648 0.5427185297 0.6035646796
-496.2 299.8 2461.6 0.0669657439 -0.3697985113 0.9266955853 -0.9790119529 0.1548268497 0.1325300485 -0.1924867779 -0.9161210060 -0.3516690731
-476.2 6.3 2403.9 -0.2779875696 -0.3270622790 0.9031905532 -0.9321314096 0.3189985156 -0.1713797152 -0.2320646048 -0.8895336986 -0.3935426474
-601.3 -111.8 2623.8 -0.9292930961 0.3690849543 -0.0138056474 0.3548077643 0.8817144036 -0.3109520972 -0.1025951058 -0.2938640118 -0.9503253102
-745.7 -456.7 2738.7 -0.9292930961 0.3108675182 0.1994384378 0.3548077643 0.9013774395 0.2482542843 -0.1025951058 0.3014633060 -0.9479420185
-496.5 -97.8 2482.4 0.4579636157 0.1536492109 0.8755919337 -0.2027828246 0.9770380855 -0.0653888732 -0.8655336499 -0.1476092786 0.4786053300
-556.6 -480.1 2540.1 0.4255748093 -0.1766382158 0.8875162005 0.0749158934 0.9842745662 0.1599724889 -0.9018169045 -0.0015911941 0.4321154654
-905.4 -123.3 2552.3 0 0 0 0 0 0 0 0 0
-554.6 -256.6 2338.5 0 0 0 0 0 0 0 0 0
-863.2 -797.3 2624.8 0 0 0 0 0 0 0 0 0
-502.5 -781.5 2540.6 0 0 0 0 0 0 0 0 0
-614.5 490.6 2598.0 70 0.6248340607 -0.1018910259 0.7740805149 0.1177631989 0.9924044013 0.0355707817 -0.7718252540 0.0689323619 0.6320871115
-594.3 293.4 2584.3 0.6248340607 -0.1018910259 0.7740805149 0.1177631989 0.9924044013 0.0355707817 -0.7718252540 0.0689323619 0.6320871115
-574.9 98.9 2573.0 0.6258594990 -0.0988658741 0.7736442685 0.1076201946 0.9933916926 0.0398857966 -0.7724751234 0.0582968369 0.6323635578
-683.0 278.1 2693.7 0.3083940148 -0.8362402916 0.4534261823 0.9507288337 0.2868621349 -0.1175790057 -0.0317465030 0.4673460126 0.8835043311
-771.6 5.0 2702.8 0.5358300209 -0.8362402916 0.1165690720 0.6086289287 0.2868621349 -0.7397844195 0.5851982832 0.4673460126 0.6626693606
-505.6 308.7 2475.0 0.1336517334 -0.3684600890 0.9199860692 -0.9675615430 0.1523059011 0.2015627474 -0.2143871337 -0.9170823693 -0.3361518681
-464.6 11.6 2409.2 -0.2028594315 -0.3296522796 0.9220506549 -0.9215461016 0.3826266825 -0.0659514293 -0.3310601413 -0.8630910516 -0.3814091980
-607.1 -110.2 2623.3 -0.9198200107 0.3854400218 0.0732608736 0.3454265296 0.8841325641 -0.3146269619 -0.1860421449 -0.2640939355 -0.9463840127
-757.9 -456.0 2726.6 -0.9198200107 0.2831917405 0.2715393305 0.3454265296 0.9127218127 0.2182186246 -0.1860421449 0.2945187390 -0.9373617172
-495.3 -94.6 2485.0 0.4587319493 0.1649420559 0.8731317520 -0.2094305009 0.9750075936 -0.0741552338 -0.8635414839 -0.1488430500 0.4818110466
-559.9 -476.3 2543.2 0.4249369502 -0.1795449853 0.8872385025 0.0790128633 0.9837484956 0.1612324268 -0.9017680287 0.0015896378 0.4322174489
-904.4 -146.0 2557.7 0 0 0 0 0 0 0 0 0
-521.6 -247.7 2316.0 0 0 0 0 0 0 0 0 0
-864.0 -798.0 2616.3 0 0 0 0 0 0 0 0 0
-504.1 -782.1 2542.7 0 0 0 0 0 0 0 0 0
-628.6 493.9 2616.2 71 0.6248655915 -0.1231702194 0.7709553242 0.1523692161 0.9877280593 0.0343060158 -0.7657197118 0.0960332006 0.6359646320
-604.2 298.6 2597.2 0.6248655915 -0.1231702194 0.7709553242 0.1523692161 0.9877280593 0.0343060158 -0.7657197118 0.0960332006 0.6359646320
-580.6 105.0 2581.0 0.6263540387 -0.1203946769 0.7701855302 0.1402875483 0.9892799258 0.0405543372 -0.7668116093 0.0826460719 0.6365293264
-693.2 278.7 2706.0 0.2851823866 -0.8520045877 0.4390435219 0.9572810531 0.2303486913 -0.1747925729 0.0477909781 0.4701358080 0.8812992573
-777.1 -3.0 2692.0 0.5022205710 -0.8309669495 0.2393082082 0.7331832647 0.2624548376 -0.6273434162 0.4584940374 0.4905215502 0.7410612702
-515.3 318.6 2488.3 0.1765672863 -0.3677296340 0.9130163789 -0.9538462758 0.1649845541 0.2509130836 -0.2429017723 -0.9151803255 -0.3216266930
-459.6 17.7 2411.7 -0.1134141311 -0.3505736589 0.9296426177 -0.9140856862 0.4034797251 0.0406383350 -0.3893386722 -0.8451640010 -0.3662146628
-611.8 -105.3 2631.0 -0.8818479180 0.4081829786 0.2360739708 0.3221172392 0.8871043324 -0.3305849135 -0.3443613946 -0.2154821306 -0.9137738943
-771.4 -452.1 2715.2 -0.8818479180 0.2279645652 0.4127667844 0.3221172392 0.9305218458 0.1742688566 -0.3443613946 0.2866379023 -0.8940100074
-499.3 -85.9 2492.3 0.4616276026 0.1721805036 0.8702033162 -0.2074976116 0.9747260809 -0.0827877745 -0.8624643087 -0.1423479915 0.4856874943
-566.7 -467.6 2548.0 0.4225320220 -0.1948518604 0.8851550221 0.0926835611 0.9807866216 0.1716606915 -0.9015966058 0.0095071830 0.4324733019
-901.7 -184.8 2578.2 0 0 0 0 0 0 0 0 0
-491.8 -242.4 2300.9 0 0 0 0 0 0 0 0 0
-856.1 -798.0 2608.7 0 0 0 0 0 0 0 0 0
-503.8 -784.4 2545.0 0 0 0 0 0 0 0 0 0
-639.0 489.6 2616.7 72 0.7234151959 -0.1349186599 0.6771022677 0.1613585055 0.9865992665 0.0241934787 -0.6712927222 0.0917542800 0.7354911566
-612.2 294.0 2598.5 0.7234151959 -0.1349186599 0.6771022677 0.1613585055 0.9865992665 0.0241934787 -0.6712927222 0.0917542800 0.7354911566
-586.2 100.6 2582.9 0.7245968580 -0.1329527497 0.6762269735 0.1526486278 0.9878053069 0.0306446012 -0.6720548868 0.0810201466 0.7360556722
-714.4 272.4 2693.2 0.2491413653 -0.9044983387 0.3461376727 0.9683634639 0.2378889620 -0.0753723830 -0.0141681349 0.3539654613 0.9351511598
-783.4 4.3 2697.1 0.4081357121 -0.8858315945 0.2207434177 0.8487946987 0.2791825831 -0.4490040541 0.3361142576 0.3706204295 0.8658335209
-510.1 315.6 2503.9 0.1693673283 -0.2514962554 0.9529240727 -0.9440115094 0.2363616228 0.2301639467 -0.2831200659 -0.9385535717 -0.1973834336
-457.9 24.6 2416.6 -0.0166086648 -0.2519723773 0.9675918818 -0.9195905328 0.3837601244 0.0841509625 -0.3925269246 -0.8883907199 -0.2380851656
-613.5 -101.3 2633.9 -0.8277416229 0.4393539429 0.3490156829 0.3268600702 0.8831291795 -0.3365195096 -0.4560770988 -0.1644719243 -0.8746100068
-785.1 -446.3 2698.2 -0.8393215537 0.1628590226 0.5186678171 0.2688307166 0.9535939097 0.1356051564 -0.4725139439 0.2532501817 -0.8441534042
-500.6 -76.0 2495.9 0.5685806870 0.1833044142 0.8019448519 -0.2288368642 0.9716236591 -0.0598428734 -0.7901580334 -0.1494890451 0.5943931937
-572.4 -456.5 2554.4 0.5330364108 -0.1979334801 0.8226144314 0.1281522214 0.9799215794 0.1527440846 -0.8363307714 0.0240017008 0.5476995111
-884.4 -205.9 2613.9 0 0 0 0 0 0 0 0 0
-462.7 -240.0 2303.6 0 0 0 0 0 0 0 0 0
-844.9 -796.1 2605.3 0 0 0 0 0 0 0 0 0
-506.7 -781.6 2546.4 0 0 0 0 0 0 0 0 0
-649.2 492.5 2627.0 73 0.8067302108 -0.1160207912 0.5794182420 0.1482310146 0.9889173508 -0.0083660819 -0.5720261335 0.0926369205 0.8149874210
-626.1 295.4 2608.5 0.8067302108 -0.1160207912 0.5794182420 0.1482310146 0.9889173508 -0.0083660819 -0.5720261335 0.0926369205 0.8149874210
-603.0 101.6 2592.9 0.8074222803 -0.1182175055 0.5780085325 0.1423847824 0.9898050427 0.0035425595 -0.5725345612 0.0794392750 0.8160230517
-739.6 275.4 2688.9 0.2172614038 -0.9459202290 0.2408992052 0.9756907821 0.2177118957 -0.0250804573 -0.0287225116 0.2404921502 0.9702260494
-800.8 0.7 2697.0 0.2978869677 -0.9373397231 0.1807141453 0.9331715107 0.2460472584 -0.2620146275 0.2011325061 0.2466880381 0.9479929805
-512.6 315.3 2528.2 0.1717696339 -0.1373926401 0.9755093455 -0.9235736132 0.3221051097 0.2079906017 -0.3427929282 -0.9366811514 -0.0715643317
-458.4 24.2 2420.1 0.0556951798 -0.1426263899 0.9882083535 -0.9097124338 0.4006510675 0.1090964377 -0.4114867449 -0.9050615430 -0.1074346676
-625.0 -106.6 2627.2 -0.7829993367 0.4367639422 0.4428874850 0.3003872633 0.8889913559 -0.3456325829 -0.5446829796 -0.1375923306 -0.8272779584
-795.8 -454.2 2681.0 -0.7957063317 0.1091440320 0.5957676172 0.2157671899 0.9701788425 0.1104425415 -0.5659469962 0.2164269388 -0.7955271006
-495.5 -79.1 2507.1 0.6587613821 0.2020232677 0.7247206569 -0.2319589704 0.9708858728 -0.0597967356 -0.7157014012 -0.1287136823 0.6864432096
-574.5 -459.2 2557.5 0.6323081255 -0.1933981031 0.7501890659 0.1452204138 0.9807633758 0.1304387599 -0.7609845400 0.0264652763 0.6482300162
-874.5 -230.0 2647.2 0 0 0 0 0 0 0 0 0
-442.4 -236.6 2302.1 0 0 0 0 0 0 0 0 0
-833.6 -789.9 2606.1 0 0 0 0 0 0 0 0 0
-510.6 -783.6 2548.8 0 0 0 0 0 0 0 0 0
-660.0 493.5 2631.6 74 0.8472419977 -0.1239382103 0.5165465474 0.1527507603 0.9881733060 -0.0134439468 -0.5087713003 0.0902931541 0.8561535478
-635.3 296.5 2613.6 0.8472419977 -0.1239382103 0.5165465474 0.1527507603 0.9881733060 -0.0134439468 -0.5087713003 0.0902931541 0.8561535478
-611.2 102.8 2597.9 0.8479357362 -0.1233142689 0.5155565143 0.1472027302 0.9890909195 -0.0055269268 -0.5092507005 0.0805778131 0.8568377495
-755.1 275.7 2685.4 0.2592717111 -0.9514218569 0.1660562307 0.9658026099 0.2557433844 -0.0426689722 -0.0018715913 0.1714403927 0.9851927161
-827.5 6.0 2685.9 0.1374054104 -0.9782469273 0.1554114670 0.9886693954 0.1258774996 -0.0817779973 0.0604362674 0.1648873091 0.9844590425
-515.6 317.3 2541.9 0.1590072811 -0.0735137686 0.9845366478 -0.9142563939 0.3654182851 0.1749418825 -0.3726283312 -0.9279359579 -0.0091062672
-464.9 25.8 2423.1 0.1409942359 -0.0784655437 0.9868960381 -0.9036073685 0.3970893621 0.1606666297 -0.4044927061 -0.9144195914 -0.0149147371
-651.9 -104.9 2628.2 -0.7606014609 0.3928254843 0.5168883204 0.2627530992 0.9143100977 -0.3082172871 -0.5936717987 -0.0986165330 -0.7986416817
-805.3 -462.0 2666.7 -0.7711370587 0.0657405779 0.6332659721 0.1647959799 0.9813671708 0.0987967923 -0.6149714589 0.1805455536 -0.7676023841
-507.8 -79.6 2526.3 0.7146043777 0.1940343529 0.6720798016 -0.2041905522 0.9767779708 -0.0648926198 -0.6690641046 -0.0908597857 0.7376298308
-583.8 -461.8 2561.8 0.6845269203 -0.2129281461 0.6971976161 0.1714949608 0.9765866399 0.1298769116 -0.7085283399 0.0306616407 0.7050159574
-861.3 -237.0 2671.1 0 0 0 0 0 0 0 0 0
-424.6 -232.6 2307.4 0 0 0 0 0 0 0 0 0
-826.9 -784.7 2607.4 0 0 0 0 0 0 0 0 0
-513.2 -785.5 2551.7 0 0 0 0 0 0 0 0 0
-673.2 495.7 2635.0 75 0.8721922040 -0.1134837568 0.4758173525 0.1405068338 0.9898468256 -0.0214734413 -0.4685494006 0.0855845585 0.8792819381
-650.4 296.9 2617.8 0.8721922040 -0.1134837568 0.4758173525 0.1405068338 0.9898468256 -0.0214734413 -0.4685494006 0.0855845585 0.8792819381
-629.0 102.8 2602.6 0.8730441928 -0.1094095185 0.4752088189 0.1329356134 0.9909944534 -0.0160654373 -0.4691716135 0.0771980137 0.8797263503
-774.2 278.1 2684.2 0.2493954599 -0.9574220777 0.1454129219 0.9648237228 0.2585527897 0.0475988425 -0.0831690952 0.1284268945 0.9882254004
-844.7 5.0 2707.7 0.0268274732 -0.9967516065 0.0759374723 0.9789850712 0.0108346827 -0.2036439776 0.2021597177 0.0798048973 0.9760956168
-526.7 315.7 2551.4 0.1600566208 -0.0276760701 0.9867197871 -0.9076607227 0.3887733519 0.1581369191 -0.3879869878 -0.9209176302 0.0371052697
-475.9 27.4 2428.2 0.2459832132 -0.0320225507 0.9687449932 -0.8831634521 0.4044238031 0.2376209199 -0.3993927538 -0.9140108824 0.0712003186
-663.0 -104.1 2627.6 -0.7430521846 0.3733462691 0.5554151535 0.2411485016 0.9235441089 -0.2981838882 -0.6242762804 -0.0876286402 -0.7762733698
-809.0 -465.2 2661.8 -0.7517628074 0.0458158366 0.6578400731 0.1404077858 0.9858292341 0.0917955041 -0.6443122625 0.1613743156 -0.7475426793
-511.1 -77.7 2536.6 0.7432869673 0.2064336389 0.6363251209 -0.2054634541 0.9756686091 -0.0765214562 -0.6366390586 -0.0738641471 0.7676163316
-591.9 -459.6 2565.5 0.7121573687 -0.2244569361 0.6651698351 0.1895497590 0.9737967253 0.1256613880 -0.6759458184 0.0365920998 0.7360423207
-851.4 -236.9 2657.7 0 0 0 0 0 0 0 0 0
-405.6 -225.0 2314.0 0 0 0 0 0 0 0 0 0
-823.9 -787.0 2609.2 0 0 0 0 0 0 0 0 0
-517.2 -783.6 2553.3 0 0 0 0 0 0 0 0 0
-686.0 499.4 2645.1 76 0.8387963772 -0.0916998982 0.5366672873 0.1204641685 0.9925417900 -0.0186874177 -0.5309510231 0.0803241134 0.8435869813
-667.6 300.0 2629.0 0.8387963772 -0.0916998982 0.5366672873 0.1204641685 0.9925417900 -0.0186874177 -0.5309510231 0.0803241134 0.8435869813
-650.8 105.4 2615.5 0.8397853971 -0.0855570883 0.5361347795 0.1093808487 0.9939185381 -0.0127200438 -0.5317859650 0.0693249851 0.8440365791
-786.6 284.5 2704.3 0.2517777979 -0.9459599853 0.2043713927 0.9654520750 0.2601606846 0.0147877224 -0.0671579912 0.1935875565 0.9787817001
-858.1 10.3 2723.4 -0.0255992915 -0.9931884408 0.1136722192 0.9543217421 -0.0581398495 -0.2930695713 0.2976821959 0.1009774953 0.9493096471
-548.6 315.5 2553.6 0.2080062181 -0.0833493769 0.9745697975 -0.9050288796 0.3615371585 0.2240840197 -0.3710204661 -0.9286246896 -0.0002316145
-483.7 33.1 2437.9 0.2690267563 -0.0815016851 0.9596781135 -0.8917334676 0.3554147184 0.2801637948 -0.3639175296 -0.9311486483 0.0229382813
-686.1 -103.2 2629.5 -0.7884843349 0.3345032036 0.5161395669 0.2272176743 0.9382322431 -0.2609451711 -0.5715457797 -0.0884751454 -0.8157864809
-816.9 -470.1 2664.1 -0.7957801819 0.0202863310 0.6052457690 0.1174154878 0.9856417775 0.1213422120 -0.5940939188 0.1676269472 -0.7867360711
-529.1 -79.3 2545.3 0.7062057853 0.1840373278 0.6836692095 -0.1613812745 0.9820484519 -0.0976571366 -0.6893688440 -0.0413653739 0.7232285142
-601.2 -463.6 2561.5 0.6615599990 -0.2472128868 0.7079718709 0.1794698238 0.9688572288 0.1706055701 -0.7280995846 0.0141937705 0.6853244305
-851.7 -228.3 2648.9 0 0 0 0 0 0 0 0 0
-407.5 -219.7 2334.7 0 0 0 0 0 0 0 0 0
-823.4 -786.1 2610.3 0 0 0 0 0 0 0 0 0
-518.1 -788.9 2556.7 0 0 0 0 0 0 0 0 0
-698.8 500.5 2649.7 77 0.8418742418 -0.0763714761 0.5342425704 0.1016799435 0.9946535826 -0.0180415493 -0.5300084352 0.0695104674 0.8451386690
-683.5 300.9 2635.7 0.8418742418 -0.0763714761 0.5342425704 0.1016799435 0.9946535826 -0.0180415493 -0.5300084352 0.0695104674 0.8451386690
-669.4 105.9 2624.7 0.8426724672 -0.0717565566 0.5336235762 0.0909538046 0.9958076477 -0.0097232237 -0.5306887031 0.0567285828 0.8456662297
-803.2 288.0 2711.1 0.1671950668 -0.9697596431 0.1777976751 0.9844248891 0.1542634666 -0.0843233839 0.0543457307 0.1891269088 0.9804476500
-849.7 14.2 2696.0 0.0255153403 -0.9891439080 0.1447177976 0.9653741717 -0.0132155502 -0.2605341673 0.2596183121 0.1463544369 0.9545568228
-563.7 313.8 2560.4 0.2384611517 -0.0748146921 0.9682660103 -0.9040170312 0.3471625149 0.2494622320 -0.3548091054 -0.9348160028 0.0151510183
-490.6 36.8 2451.6 0.2636602521 -0.0719931126 0.9619252682 -0.9010877609 0.3375247121 0.2722461522 -0.3442733884 -0.9385595918 0.0241197329
-709.5 -99.0 2649.9 -0.7914546728 0.2955350876 0.5350313187 0.2082926333 0.9533518553 -0.2184820622 -0.5746422410 -0.0614755750 -0.8160925508
-825.0 -471.7 2673.9 -0.7949448824 -0.0008993614 0.6066809893 0.1158411875 0.9813751578 0.1532435715 -0.5955194831 0.1920988411 -0.7800349593
-558.5 -79.4 2554.3 0.7170941830 0.1399093866 0.6827893257 -0.1135899052 0.9900072813 -0.0835640505 -0.6876578331 -0.0176346805 0.7258207202
-613.2 -466.5 2561.2 0.6634494662 -0.2785633504 0.6944330335 0.1932303458 0.9604172707 0.2006507218 -0.7228394151 0.0010639249 0.6910152435
-856.1 -229.7 2630.4 0 0 0 0 0 0 0 0 0
-416.0 -218.5 2354.1 0 0 0 0 0 0 0 0 0
-824.7 -786.4 2612.3 0 0 0 0 0 0 0 0 0
-520.9 -784.9 2560.8 0 0 0 0 0 0 0 0 0
-707.5 497.7 2654.0 78 0.8508987427 -0.0664833337 0.5211058259 0.0873534605 0.9960558414 -0.0155589115 -0.5180160999 0.0587594546 0.8533502817
-694.2 298.5 2642.2 0.8508987427 -0.0664833337 0.5211058259 0.0873534605 0.9960558414 -0.0155589115 -0.5180160999 0.0587594546 0.8533502817
-681.5 103.3 2633.2 0.8514075875 -0.0649580806 0.5204666257 0.0796384439 0.9968065619 -0.0058680810 -0.5184233785 0.0464452840 0.8538618684
-815.4 287.1 2716.0 0.1254219413 -0.9828886986 0.1349042654 0.9634180665 0.0882023871 -0.2530731261 0.2368438244 0.1617101282 0.9579952359
-849.6 24.3 2651.4 0.0272035897 -0.9876920581 0.1540272683 0.9960328937 0.0137222409 -0.0879215896 0.0847258493 0.1558080018 0.9841470122
-573.1 309.8 2568.5 0.2503850758 -0.0592547432 0.9663313031 -0.9034116268 0.3445510566 0.2552096546 -0.3480728567 -0.9368956685 0.0327390134
-495.8 31.1 2461.1 0.2301288843 -0.0563300364 0.9715284705 -0.9130402207 0.3329561055 0.2355796695 -0.3367465734 -0.9412583113 0.0251912288
-731.3 -97.2 2661.5 -0.7884944677 0.2569970787 0.5587745309 0.1829478592 0.9653954506 -0.1858539283 -0.5872023106 -0.0443181954 -0.8082260489
-831.7 -474.6 2678.8 -0.7894044518 -0.0182011127 0.6136035919 0.1085729897 0.9796627164 0.1687391698 -0.6041957736 0.1998242140 -0.7713739276
-579.4 -80.8 2565.8 0.7327864766 0.1128459200 0.6710363030 -0.0790205002 0.9935932755 -0.0807971060 -0.6758548021 0.0061814035 0.7370088696
-623.5 -469.4 2563.4 0.6737606525 -0.3017873764 0.6745153666 0.2114475518 0.9533720613 0.2153407037 -0.7080512643 -0.0024634607 0.7061567903
-856.4 -225.2 2630.1 0 0 0 0 0 0 0 0 0
-430.2 -229.5 2365.0 0 0 0 0 0 0 0 0 0
-825.9 -785.9 2615.3 0 0 0 0 0 0 0 0 0
-524.6 -782.0 2564.2 0 0 0 0 0 0 0 0 0
-717.9 499.0 2655.6 79 0.8750957251 -0.0782090425 0.4775885642 0.0927218273 0.9956685305 -0.0068473122 -0.4749843776 0.0502749383 0.8785569072
-702.3 299.7 2645.6 0.8750957251 -0.0782090425 0.4775885642 0.0927218273 0.9956685305 -0.0068473122 -0.4749843776 0.0502749383 0.8785569072
-686.7 104.7 2638.0 0.8754474521 -0.0793567747 0.4767538905 0.0882756636 0.9960892200 0.0037036387 -0.4751833081 0.0388434231 0.8790290356
-826.8 287.2 2713.2 0.1015665606 -0.9907974601 0.0894684792 0.9657580256 0.0766169205 -0.2478735447 0.2387376875 0.1115805656 0.9646522999
-854.5 23.6 2648.0 0.0107585918 -0.9943892360 0.1052343473 0.9965969324 0.0020618970 -0.0824032426 0.0817239210 0.1057627648 0.9910274744
-577.7 312.3 2578.0 0.2227378786 -0.0177851021 0.9747161269 -0.9130998254 0.3464573324 0.2149792016 -0.3415209651 -0.9378971457 0.0609295964
-508.8 29.7 2472.2 0.2150776535 -0.0110116238 0.9765348434 -0.9253214598 0.3174501956 0.2073777616 -0.3122847676 -0.9482110143 0.0580871552
-745.6 -99.1 2670.9 -0.7605587244 0.2328621894 0.6060739756 0.1688903570 0.9722921848 -0.1616289020 -0.6269182563 -0.0205682162 -0.7788134813
-836.7 -479.3 2678.9 -0.7601451874 -0.0313656069 0.6489957571 0.1044834331 0.9799349308 0.1697373688 -0.6412975192 0.1968343556 -0.7416155934
-592.0 -84.7 2577.3 0.7684521675 0.1114638448 0.6301246881 -0.0574914403 0.9927561879 -0.1054981723 -0.6373193860 0.0448435247 0.7692938447
-635.6 -473.0 2559.8 0.7025723457 -0.3288208246 0.6310855746 0.2327321917 0.9442437887 0.2328936309 -0.6724788547 -0.0167506952 0.7399267554
-857.2 -225.9 2627.6 0 0 0 0 0 0 0 0 0
-447.5 -234.1 2383.2 0 0 0 0 0 0 0 0 0
-826.9 -786.6 2617.2 0 0 0 0 0 0 0 0 0
-526.8 -785.2 2565.3 0 0 0 0 0 0 0 0 0
-731.5 501.8 2665.5 80 0.8986555338 -0.0860842913 0.4301251769 0.1028588936 0.9945696592 -0.0158509482 -0.4264249504 0.0584867448 0.9026300907
-714.2 302.5 2653.7 0.8986555338 -0.0860842913 0.4301251769 0.1028588936 0.9945696592 -0.0158509482 -0.4264249504 0.0584867448 0.9026300907
-697.7 107.6 2644.8 0.8992795348 -0.0839601830 0.4292400181 0.0955566093 0.9954088330 -0.0054920311 -0.4268081784 0.0459555909 0.9031737447
-842.1 288.9 2714.4 0.0861379728 -0.9955346584 0.0386133157 0.9631369114 0.0732955039 -0.2588340938 0.2548481226 0.0594853498 0.9651497006
-865.6 26.1 2644.9 0.0037413463 -0.9986132979 0.0525119975 0.9956046343 -0.0011944044 -0.0936481208 0.0935809836 0.0526315570 0.9942195415
-586.4 316.1 2593.0 0.2074737251 0.0330007635 0.9776837826 -0.9185755849 0.3502721488 0.1831073016 -0.3364127278 -0.9360664487 0.1029859632
-521.3 28.2 2487.6 0.1789687872 0.0392136090 0.9830729961 -0.9348716736 0.3181312084 0.1575038433 -0.3065699041 -0.9472353458 0.0935952514
-750.2 -98.4 2673.3 -0.7287014723 0.2122381330 0.6511138082 0.1650216132 0.9771676064 -0.1338333338 -0.6646518111 0.0099233082 -0.7470872998
-833.2 -480.6 2669.5 -0.7292388678 -0.0184891839 0.6840093732 0.0948805958 0.9872459173 0.1278403401 -0.6776491404 0.1581253707 -0.7181838155
-592.3 -82.4 2587.6 0.7983133197 0.1420113891 0.5852594376 -0.0736425072 0.9875265360 -0.1391694397 -0.5977228880 0.0680008382 0.7988136411
-647.8 -468.6 2561.0 0.7244665623 -0.3451020718 0.5967015624 0.2567429245 0.9384580255 0.2310403436 -0.6397118568 -0.0141820908 0.7684839368
-866.6 -223.2 2621.5 0 0 0 0 0 0 0 0 0
-469.8 -241.1 2399.3 0 0 0 0 0 0 0 0 0
-827.5 -787.4 2620.3 0 0 0 0 0 0 0 0 0
-532.0 -783.6 2565.8 0 0 0 0 0 0 0 0 0
-740.9 505.3 2670.9 81 0.8896481395 -0.0688417554 0.4514277875 0.0841737986 0.9963535070 -0.0139431665 -0.4488218129 0.0504029021 0.8921986818
-727.1 305.6 2660.8 0.8896481395 -0.0688417554 0.4514277875 0.0841737986 0.9963535070 -0.0139431665 -0.4488218129 0.0504029021 0.8921986818
-713.7 110.4 2652.8 0.8899759650 -0.0682676360 0.4508684278 0.0794079378 0.9968252778 -0.0058115632 -0.4490402937 0.0409746841 0.8925715089
-853.7 294.3 2724.7 0.1063515171 -0.9926239848 0.0581975281 0.9634369016 0.0883948281 -0.2529342175 0.2459242344 0.0829695836 0.9657315016
-882.8 31.4 2657.6 0.0205554254 -0.9969559312 0.0752087086 0.9960425496 0.0139145022 -0.0877815112 0.0864678100 0.0767154619 0.9932965636
-600.5 316.9 2596.9 0.1953125894 0.0193147678 0.9805508256 -0.9288309813 0.3246061504 0.1786166430 -0.3148428798 -0.9456520677 0.0813398212
-539.3 25.6 2498.1 0.1480384767 0.0250340570 0.9886646867 -0.9480212331 0.2883132398 0.1346522868 -0.2816742361 -0.9572088718 0.0664142668
-762.4 -95.9 2674.3 -0.7441088557 0.2013220340 0.6370019317 0.1621695012 0.9794260859 -0.1201068312 -0.6480764747 0.0139297377 -0.7614478469
-841.2 -479.3 2668.8 -0.7436109185 -0.0415664539 0.6673192978 0.0657142550 0.9886898398 0.1348112822 -0.6653754115 0.1440995336 -0.7324690223
-600.2 -78.7 2597.3 0.1967557818 0.1519185603 0.9686113596 0.0636945367 0.9838552475 -0.1672478169 -0.9783813953 0.0946022272 0.1839028299
-659.6 -463.7 2560.3 0.1967557818 -0.3599696159 0.9119808078 0.0636945367 0.9328911901 0.3544813693 -0.9783813953 -0.0116580641 0.2064798325
-887.9 -218.0 2635.9 0 0 0 0 0 0 0 0 0
-496.7 -247.2 2417.1 0 0 0 0 0 0 0 0 0
-828.1 -789.6 2623.6 0 0 0 0 0 0 0 0 0
-535.4 -785.7 2564.4 0 0 0 0 0 0 0 0 0
-753.4 507.4 2681.6 82 0.8753632307 -0.0679186881 0.4786713123 0.0893363208 0.9957566261 -0.0220845696 -0.4751401842 0.0620947555 0.8777163625
-739.8 307.9 2669.1 0.8753632307 -0.0679186881 0.4786713123 0.0893363208 0.9957566261 -0.0220845696 -0.4751401842 0.0620947555 0.8777163625
-726.5 112.8 2658.9 0.8756557107 -0.0683705062 0.4780716896 0.0850614384 0.9962866902 -0.0133200027 -0.4753857553 0.0523292013 0.8782198429
-864.5 295.8 2736.8 0.1125061959 -0.9897307158 0.0881782919 0.9612953067 0.0859518871 -0.2617702186 0.2515029311 0.1142161489 0.9610936046
-895.2 33.5 2668.2 0.0218086373 -0.9941485524 0.1057970300 0.9952321053 0.0115254959 -0.0968514979 0.0950654149 0.1074047983 0.9896599054
-615.2 320.1 2601.5 0.2013411224 0.0009458406 0.9795207381 -0.9404297471 0.2798733711 0.1930356920 -0.2739591897 -0.9600364566 0.0572395176
-552.5 27.0 2516.1 0.0738742650 0.0030626880 0.9972628355 -0.9650514126 0.2523399889 0.0707131773 -0.2514327466 -0.9676337838 0.0215970837
-780.7 -92.0 2685.4 -0.7643017173 0.1813932359 0.6188209057 0.1647670567 0.9827015996 -0.0845538303 -0.6234537959 0.0373366624 -0.7809681892
-851.7 -476.6 2670.8 -0.7614110112 -0.0723569468 0.6442186832 0.0347595774 0.9877650738 0.1520259976 -0.6473368406 0.1381470412 -0.7495801449
-620.0 -77.6 2604.3 0.2982108295 0.1348132491 0.9449315667 0.0877788365 0.9819068909 -0.1677906215 -0.9504552484 0.1329819709 0.2809815109
-672.8 -461.7 2552.3 0.2982108295 -0.3789622784 0.8760467172 0.0877788365 0.9248058796 0.3701742589 -0.9504552484 -0.0334916003 0.3090519905
-900.6 -215.7 2644.4 0 0 0 0 0 0 0 0 0
-531.1 -252.4 2443.3 0 0 0 0 0 0 0 0 0
-828.7 -789.7 2627.0 0 0 0 0 0 0 0 0 0
-539.0 -788.3 2564.1 0 0 0 0 0 0 0 0 0
-762.4 507.5 2686.9 83 0.8573142886 -0.0518736020 0.5121731162 0.0710215494 0.9973146915 -0.0178718567 -0.5098707080 0.0516971275 0.8586962819
-752.1 308.2 2676.6 0.8573142886 -0.0518736020 0.5121731162 0.0710215494 0.9973146915 -0.0178718567 -0.5098707080 0.0516971275 0.8586962819
-742.0 112.8 2668.5 0.8576048613 -0.0513965413 0.5117345452 0.0654076636 0.9978143573 -0.0093988730 -0.5101330280 0.0415318832 0.8590921760
-874.1 298.9 2749.2 0.1365741342 -0.9831249714 0.1217079237 0.9626000524 0.1026853621 -0.2507126927 0.2339842916 0.1513969302 0.9603803158
-911.4 36.2 2685.4 0.0403561965 -0.9889157414 0.1428880543 0.9959175587 0.0282545742 -0.0857317820 0.0807442740 0.1457645297 0.9860187769
-630.1 317.5 2604.0 0.1795424968 -0.0272957813 0.9833714366 -0.9536718726 0.2404646277 0.1807946563 -0.2414009869 -0.9702740312 0.0171424020
-579.5 48.6 2535.9 0.0516839698 -0.0268754773 0.9983018041 -0.9709379673 0.2325597256 0.0565280803 -0.2336840183 -0.9722107053 -0.0140748117
-792.2 -90.0 2691.6 -0.7854823470 0.1632322669 0.5969696045 0.1686616391 0.9845391512 -0.0472851656 -0.5954583883 0.0635442063 -0.8008691669
-856.0 -475.3 2666.8 -0.7825125456 -0.0819034502 0.6172243953 0.0092672938 0.9896685481 0.1430744529 -0.6225658655 0.1176775470 -0.7736690044
-634.1 -74.6 2605.8 0.3106867671 0.1488792747 0.9387804270 0.0958259851 0.9777193666 -0.1867678612 -0.9456696510 0.1479858607 0.2894979715
-692.3 -457.2 2547.9 0.3106867671 -0.4126821160 0.8562518358 0.0958259851 0.9098412991 0.4037402868 -0.9456696510 -0.0433855914 0.3222213089
-921.5 -213.2 2665.1 0 0 0 0 0 0 0 0 0
-564.7 -228.6 2469.2 0 0 0 0 0 0 0 0 0
-830.1 -788.6 2629.5 0 0 0 0 0 0 0 0 0
-542.4 -787.7 2563.6 0 0 0 0 0 0 0 0 0
-770.6 502.1 2681.1 84 0.8880376816 -0.0526940413 0.4567410946 0.0575128831 0.9983391166 0.0033562058 -0.4561593533 0.0232880600 0.8895933628
-760.0 300.9 2676.4 0.8880376816 -0.0526940413 0.4567410946 0.0575128831 0.9983391166 0.0033562058 -0.4561593533 0.0232880600 0.8895933628
-749.9 105.3 2672.6 0.8882060051 -0.0511848293 0.4565853775 0.0542771928 0.9985057116 0.0063493415 -0.4562281072 0.0191426501 0.8896569610
-886.3 293.1 2741.3 0.1241951287 -0.9904240966 0.0602962896 0.9667138457 0.1070749909 -0.2323774993 0.2236960530 0.0871494114 0.9707548618
-920.2 29.3 2680.2 0.0379106365 -0.9960519671 0.0802701637 0.9972238541 0.0325585306 -0.0669663623 0.0640884936 0.0825860649 0.9945210814
