-163.7 361.5 2782.1 7 0.8237736821 -0.0947645977 0.5589423776 0.0979331434 0.9948952198 0.0243425854 -0.5583959222 0.0346862003 0.8288491368
-144.4 158.8 2775.0 0.8237736821 -0.0947645977 0.5589423776 0.0979331434 0.9948952198 0.0243425854 -0.5583959222 0.0346862003 0.8288491368
-127.3 -37.4 2766.5 0.8243373036 -0.0875030011 0.5592952967 0.0917780623 0.9955686927 0.0204885751 -0.5586096644 0.0344415419 0.8287152648
-265.1 147.0 2854.9 0.2144728005 -0.5521088839 -0.8057153225 0.9717100263 0.2041368932 0.1187759191 0.0988989845 -0.8083958626 0.5802715421
-324.0 -119.8 2827.7 -0.2269534320 -0.5229203701 -0.8216120601 0.9529251456 0.0549323373 -0.2981880009 0.2010616511 -0.8506096005 0.4858368933
-23.7 170.6 2695.2 0.2395021766 0.5977271795 -0.7650887966 -0.9708691835 0.1532854438 -0.1841647625 0.0071966909 0.7869089842 0.6170271039
29.4 -44.6 2696.8 0.7859314680 0.5977271795 -0.1582212150 -0.3057541847 0.1532854438 -0.9396903515 -0.5374254584 0.7869089842 0.3032294214
-182.0 -245.9 2811.1 0.7055374980 -0.1300279051 0.6966416240 0.1113852635 0.9911518097 0.0721905008 -0.6998643875 0.0266625024 0.7137779593
-130.3 -639.7 2800.5 0.7057738900 0.0020821653 0.7084341049 0.0826307982 0.9929282665 -0.0852388367 -0.7036017179 0.1186978146 0.7006107569
-32.0 -226.3 2708.3 0.9931579232 -0.0347590372 0.1114860475 0.0684187040 0.9468591809 -0.3142874539 -0.0946372598 0.3197647929 0.9427588582
-18.2 -602.5 2581.2 0.9856383801 -0.1391722411 0.0956453606 0.1409077793 0.9899547100 -0.0116044208 -0.0930695683 0.0249149390 0.9953478575
-267.5 -357.0 2777.7 0 0 0 0 0 0 0 0 0
204.5 -112.7 2577.1 0 0 0 0 0 0 0 0 0
-131.0 -948.3 2763.6 0 0 0 0 0 0 0 0 0
34.9 -980.7 2571.7 0 0 0 0 0 0 0 0 0
-156.7 363.3 2771.4 8 0.8688368797 -0.0844164640 0.4878486693 0.0809072703 0.9963195324 0.0283090938 -0.4884429276 0.0148745198 0.8724690676
-139.4 159.6 2768.4 0.8688368797 -0.0844164640 0.4878486693 0.0809072703 0.9963195324 0.0283090938 -0.4884429276 0.0148745198 0.8724690676
-125.1 -37.0 2763.2 0.8695669770 -0.0725587681 0.4884552062 0.0716352314 0.9972180128 0.0206063483 -0.4885914922 0.0170720015 0.8723456264
-266.5 150.7 2838.0 0.2225179076 -0.4790424109 -0.8491196036 0.9690616131 0.2040851265 0.1388121694 0.1067957729 -0.8537374735 0.5096341968
-327.7 -115.4 2808.6 -0.2261563241 -0.4490598440 -0.8644064665 0.9588101506 0.0539425947 -0.2788785696 0.1718614846 -0.8918718696 0.4183636904
-12.3 168.5 2698.8 0.2209632397 0.5325704217 -0.8170336485 -0.9745844007 0.1522580683 -0.1643251628 0.0368852578 0.8325780630 0.5526782274
36.7 -47.6 2707.0 0.8225453496 0.5325704217 -0.1994689852 -0.3249334693 0.1522580683 -0.9334000945 -0.4667304754 0.8325780630 0.2982891202
-185.5 -243.6 2810.7 0.7609628439 -0.1340574771 0.6347945333 0.1105451360 0.9909036160 0.0767449737 -0.6393084526 0.0117733758 0.7688602805
-132.2 -637.4 2806.1 0.7610834241 -0.0003830441 0.6486539245 0.0934385955 0.9896349907 -0.1090496629 -0.6418888569 0.1436052024 0.7532305717
-34.5 -226.8 2708.5 0.9986844659 -0.0432596281 0.0275305714 0.0497966893 0.9462880492 -0.3194670677 -0.0122318240 0.3204177320 0.9471973777
-17.3 -602.8 2581.1 0.9899458289 -0.1406970173 0.0145468730 0.1412286311 0.9888892174 -0.0463962629 -0.0078574298 0.0479842238 0.9988172054
-271.4 -354.1 2765.9 0 0 0 0 0 0 0 0 0
220.0 -120.0 2603.0 0 0 0 0 0 0 0 0 0
-132.1 -943.5 2761.6 0 0 0 0 0 0 0 0 0
36.4 -980.6 2562.8 0 0 0 0 0 0 0 0 0
-149.1 363.5 2765.1 9 0.8801907897 -0.0630246550 0.4704169333 0.0580579974 0.9979982376 0.0250764284 -0.4710556865 0.0052394257 0.8820878863
-136.3 160.1 2764.0 0.8801907897 -0.0630246550 0.4704169333 0.0580579974 0.9979982376 0.0250764284 -0.4710556865 0.0052394257 0.8820878863
-126.1 -36.8 2759.9 0.8806023002 -0.0513359942 0.4710670710 0.0508729480 0.9986107945 0.0137259485 -0.4711172879 0.0118774679 0.8819906116
-264.9 154.2 2831.0 0.2411913574 -0.4571818113 -0.8560441136 0.9644860625 0.2107865512 0.1591716260 0.1076722220 -0.8640334606 0.4917854071
-331.2 -110.6 2801.5 -0.2088222653 -0.4296846092 -0.8785012364 0.9641618729 0.0598761030 -0.2584700882 0.1636618525 -0.9009916782 0.4017820358
-7.6 166.0 2697.0 0.1990745515 0.5188093185 -0.8313881159 -0.9789509177 0.1442312002 -0.1444039345 0.0449939929 0.8426352739 0.5366016030
36.6 -51.1 2707.0 0.8245954514 0.5188093185 -0.2255642414 -0.3444977105 0.1442312002 -0.9276414514 -0.4487356544 0.8426352739 0.2976610065
-190.3 -241.7 2804.3 0.7712261677 -0.1472622305 0.6192931533 0.1273363829 0.9888992310 0.0765749589 -0.6236951351 0.0198019370 0.7814168334
-131.8 -634.6 2796.4 0.7722051740 -0.0010192621 0.6353724599 0.0787647739 0.9924387336 -0.0941353589 -0.6304723024 0.1227367744 0.7664465904
-31.5 -228.5 2715.1 0.9993792772 -0.0351776630 0.0018862981 0.0338526815 0.9441634417 -0.3277336657 0.0097479308 0.3275941014 0.9447682500
-17.5 -603.7 2584.9 0.9898439646 -0.1419506222 -0.0076772976 0.1412306577 0.9881100059 -0.0607661456 0.0162118077 0.0590647347 0.9981225133
-279.2 -350.6 2760.7 0 0 0 0 0 0 0 0 0
220.3 -127.8 2607.0 0 0 0 0 0 0 0 0 0
-131.5 -943.9 2758.2 0 0 0 0 0 0 0 0 0
36.7 -981.2 2562.4 0 0 0 0 0 0 0 0 0
-143.3 362.5 2760.4 0 0.8959569335 -0.0501919016 0.4412957430 0.0467958637 0.9987315536 0.0185842607 -0.4416687787 0.0040001189 0.8971692920
-133.1 159.6 2759.6 0.8959569335 -0.0501919016 0.4412957430 0.0467958637 0.9987315536 0.0185842607 -0.4416687787 0.0040001189 0.8971692920
-125.1 -37.4 2755.4 0.8961942792 -0.0402951092 0.4418281317 0.0415555425 0.9991128445 0.0068296231 -0.4417113662 0.0122397393 0.8970736861
-263.9 155.1 2822.3 0.2485026866 -0.4259806275 -0.8699349761 0.9614708424 0.2174780816 0.1681581140 0.1175597012 -0.8782048821 0.4636118412
-332.2 -108.9 2790.1 -0.2030879706 -0.3990035057 -0.8941764235 0.9662179947 0.0663244799 -0.2490458786 0.1586759686 -0.9145475626 0.3720546663
-2.2 164.1 2696.9 0.1862910837 0.4923301637 -0.8502391577 -0.9812461734 0.1368444264 -0.1357556581 0.0495138913 0.8595839739 0.5085899830
39.1 -53.5 2707.9 0.8349688053 0.4923301637 -0.2458416373 -0.3531833291 0.1368444264 -0.9254918098 -0.4220054746 0.8595839739 0.2881436348
-196.6 -239.8 2800.5 0.7860741019 -0.1819710881 0.5907402635 0.1611596048 0.9829664230 0.0883435309 -0.5967538357 0.0257589091 0.8020108342
-124.3 -630.2 2790.3 0.7882404923 0.0282932557 0.6147165298 0.0442353599 0.9937529564 -0.1024612188 -0.6137753725 0.1079562902 0.7820647359
-35.5 -230.5 2714.3 0.9980738759 -0.0526049361 -0.0328827836 0.0387040228 0.9422600865 -0.3326377869 0.0484825261 0.3307243884 0.9424812198
-14.6 -604.9 2582.9 0.9899036884 -0.1339629143 -0.0463106148 0.1313676685 0.9897975326 -0.0551668927 0.0532284491 0.0485261939 0.9974026084
-281.6 -349.4 2750.6 0 0 0 0 0 0 0 0 0
225.1 -132.1 2613.9 0 0 0 0 0 0 0 0 0
-133.3 -944.4 2756.1 0 0 0 0 0 0 0 0 0
36.6 -983.0 2564.4 0 0 0 0 0 0 0 0 0
-132.9 364.1 2748.6 1 0.9183880091 -0.0390807576 0.3937462866 0.0342475958 0.9992270470 0.0192966126 -0.3941960931 -0.0042369142 0.9190165997
-125.0 160.5 2749.5 0.9183880091 -0.0390807576 0.3937462866 0.0342475958 0.9992270470 0.0192966126 -0.3941960931 -0.0042369142 0.9190165997
-119.0 -36.5 2745.9 0.9185156822 -0.0293554440 0.3942933381 0.0305195693 0.9995286465 0.0033196225 -0.3942049444 0.0089845369 0.9189786315
-259.0 157.6 2805.2 0.2530773282 -0.3768698275 -0.8910224438 0.9587624073 0.2208241075 0.1789170355 0.1293307990 -0.8995586634 0.4172142148
-328.5 -105.7 2769.7 -0.1999620199 -0.3497716188 -0.9152458906 0.9687547684 0.0693086311 -0.2381396741 0.1467289329 -0.9342676997 0.3249838352
9.1 163.4 2693.7 0.1721135229 0.4481854141 -0.8772153854 -0.9832290411 0.1326821446 -0.1251241267 0.0603120103 0.8840391636 0.4635052979
47.2 -54.6 2707.1 0.8517938256 0.4481854141 -0.2712510228 -0.3634571731 0.1326821446 -0.9221140742 -0.3772878945 0.8840391636 0.2759140432
-199.1 -239.7 2793.3 0.8144009709 -0.1956224740 0.5463358760 0.1706477255 0.9805727601 0.0967287645 -0.5546443462 0.0144549683 0.8319619298
-121.4 -629.2 2787.6 0.8173675537 0.0419688560 0.5745858550 0.0215580743 0.9944164753 -0.1033011675 -0.5757130980 0.0968219861 0.8118989468
-35.1 -232.1 2712.4 0.9943791032 -0.0602802038 -0.0870427638 0.0299864635 0.9487836957 -0.3145001233 0.1015428901 0.3101222515 0.9452582598
-11.1 -609.0 2589.2 0.9873534441 -0.1244932935 -0.0981559083 0.1148483381 0.9884912968 -0.0984620824 0.1092841327 0.0859438404 0.9902881384
-278.7 -346.8 2733.2 0 0 0 0 0 0 0 0 0
237.0 -135.6 2623.0 0 0 0 0 0 0 0 0 0
-134.8 -946.1 2756.7 0 0 0 0 0 0 0 0 0
31.9 -950.4 2559.6 0 0 0 0 0 0 0 0 0
-123.0 364.5 2732.2 2 0.9386624694 -0.0259773303 0.3438574374 0.0113848774 0.9989494681 0.0443889871 -0.3446493149 -0.0377514996 0.9379721284
-117.7 159.7 2739.9 0.9386624694 -0.0259773303 0.3438574374 0.0113848774 0.9989494681 0.0443889871 -0.3446493149 -0.0377514996 0.9379721284
-114.4 -37.5 2741.6 0.9387179613 -0.0157251861 0.3443273902 0.0087263007 0.9997228384 0.0218666643 -0.3445757926 -0.0175219271 0.9385949373
-254.6 159.9 2788.4 0.2592276931 -0.3248200715 -0.9095564485 0.9584688544 0.2024617046 0.2008649856 0.1189053580 -0.9238512516 0.3638136089
-325.8 -103.3 2755.8 -0.1939062625 -0.2980302572 -0.9346541166 0.9746613503 0.0497740097 -0.2180775702 0.1115152016 -0.9532578588 0.2808270752
19.1 159.4 2691.4 0.1547667533 0.4018352032 -0.9025384784 -0.9834678173 0.1495954990 -0.1020404026 0.0940122679 0.9034100175 0.4183443785
53.5 -58.6 2712.3 0.8656447530 0.4018352032 -0.2986430526 -0.3838073611 0.1495954990 -0.9112151861 -0.3214826584 0.9034100175 0.2837238610
-197.3 -237.9 2780.1 0.8421719074 -0.1862565875 0.5060186982 0.1630171835 0.9824801683 0.0903225392 -0.5139765143 0.0064226454 0.8577802181
-123.3 -628.3 2777.5 0.8467012644 0.0377676636 0.5307264924 0.0070667858 0.9965913296 -0.0821937099 -0.5320217013 0.0733440518 0.8435481787
-29.2 -232.3 2707.9 0.9879699349 -0.0643110946 -0.1406397372 0.0174893290 0.9500592351 -0.3115792274 0.1536540836 0.3053711951 0.9397546649
-3.6 -609.9 2586.6 0.9846011996 -0.0869444981 -0.1516613513 0.0746935904 0.9936033487 -0.0846949369 0.1580549926 0.0720626041 0.9847972393
-277.5 -345.9 2728.0 0 0 0 0 0 0 0 0 0
246.3 -144.1 2640.6 0 0 0 0 0 0 0 0 0
-135.3 -944.0 2754.3 0 0 0 0 0 0 0 0 0
28.0 -971.0 2560.4 0 0 0 0 0 0 0 0 0
-113.3 364.0 2724.0 3 0.9504067302 -0.0333324224 0.3092183471 0.0181851797 0.9984949827 0.0517399460 -0.3104776144 -0.0435508043 0.9495825171
-106.5 160.4 2732.9 0.9504067302 -0.0333324224 0.3092183471 0.0181851797 0.9984949827 0.0517399460 -0.3104776144 -0.0435508043 0.9495825171
-101.3 -36.7 2735.9 0.9504833221 -0.0243470911 0.3098204434 0.0155329918 0.9994022250 0.0308846217 -0.3103872240 -0.0245428775 0.9502933621
-245.0 159.6 2776.4 0.2458442450 -0.2929417491 -0.9239836335 0.9615984559 0.1937050223 0.1944397539 0.1220207438 -0.9363030791 0.3293136060
-312.5 -104.5 2742.9 -0.2068536729 -0.2636879086 -0.9421678185 0.9734399915 0.0411014855 -0.2252227068 0.0981130078 -0.9637320042 0.2481823564
32.1 161.1 2689.3 0.1603644788 0.3673805892 -0.9161412120 -0.9813590050 0.1589361131 -0.1080456451 0.1059140563 0.9163901210 0.3860199451
67.6 -56.5 2712.8 0.8802626133 0.3673805892 -0.3002818823 -0.3775283396 0.1589361131 -0.9122563601 -0.2874196470 0.9163901210 0.2786020935
-197.3 -236.9 2776.4 0.8564845324 -0.1960326284 0.4774991870 0.1790689528 0.9804692864 0.0813282952 -0.4841162860 0.0158488508 0.8748601079
-119.4 -626.4 2770.1 0.8630841374 0.0531297922 0.5022578835 -0.0190101098 0.9971643090 -0.0728148073 -0.5047022104 0.0532973297 0.8616467118
-25.5 -235.2 2713.4 0.9831259847 -0.0660136789 -0.1706032157 0.0077458392 0.9468025565 -0.3217218518 0.1827656031 0.3149716258 0.9313375354
0.7 -611.4 2588.3 0.9805978537 -0.0761308894 -0.1806432605 0.0555531830 0.9916520119 -0.1163620576 0.1879940033 0.1040690765 0.9766411185
-261.0 -346.8 2718.4 0 0 0 0 0 0 0 0 0
263.7 -140.6 2648.8 0 0 0 0 0 0 0 0 0
-136.3 -944.3 2753.1 0 0 0 0 0 0 0 0 0
29.1 -980.9 2549.5 0 0 0 0 0 0 0 0 0
-99.8 360.6 2699.9 4 0.9643698335 -0.0474578030 0.2602662444 0.0252371002 0.9957950115 0.0880649835 -0.2633512020 -0.0783588514 0.9615123868
-90.1 157.5 2715.8 0.9643698335 -0.0474578030 0.2602662444 0.0252371002 0.9957950115 0.0880649835 -0.2633512020 -0.0783588514 0.9615123868
-82.0 -39.3 2724.3 0.9644181728 -0.0390772633 0.2614776194 0.0241239127 0.9978973866 0.0601564310 -0.2632785738 -0.0517080948 0.9633330703
-230.6 155.5 2752.5 0.2240335345 -0.2489132434 -0.9422585368 0.9684692621 0.1649723351 0.1866852790 0.1089781597 -0.9543722272 0.2780241668
-292.2 -110.5 2722.5 -0.2270386815 -0.2158894986 -0.9496552944 0.9718844891 0.0122543685 -0.2351389676 0.0624014586 -0.9763408899 0.2070374340
50.4 159.6 2679.2 0.1705583781 0.3186019957 -0.9324176311 -0.9754638672 0.1882884055 -0.1140953079 0.1392124295 0.9289996028 0.3428988755
88.2 -56.7 2710.1 0.8994359970 0.3186019957 -0.2991782427 -0.3693883717 0.1882884055 -0.9099998474 -0.2335959524 0.9289996028 0.2870412469
-183.6 -236.7 2769.1 0.8817009926 -0.1618857235 0.4431662560 0.1548225433 0.9865540862 0.0523546934 -0.4456829727 0.0224509425 0.8949093223
-119.3 -628.5 2760.2 0.8881599903 0.0497362129 0.4568349123 -0.0332549401 0.9984756112 -0.0440524295 -0.4583295286 0.0239335876 0.8884600401
-9.6 -233.8 2712.4 0.9769849777 -0.0376913138 -0.2099516988 -0.0335443243 0.9448705912 -0.3257212043 0.2106540501 0.3252674043 0.9218600392
5.4 -609.1 2583.2 0.9741448164 -0.0749521628 -0.2131292075 0.0516064018 0.9922457337 -0.1130715758 0.2199515104 0.0991492569 0.9704590440
-235.6 -352.4 2707.0 0 0 0 0 0 0 0 0 0
288.6 -139.0 2658.1 0 0 0 0 0 0 0 0 0
-135.1 -946.1 2752.6 0 0 0 0 0 0 0 0 0
31.2 -951.8 2548.9 0 0 0 0 0 0 0 0 0
-87.4 361.0 2687.8 5 0.9771872163 -0.0404542163 0.2084913701 0.0200435556 0.9948760271 0.0990958214 -0.2114319056 -0.0926562548 0.9729909301
-79.2 157.8 2706.7 0.9771872163 -0.0404542163 0.2084913701 0.0200435556 0.9948760271 0.0990958214 -0.2114319056 -0.0926562548 0.9729909301
-71.9 -38.9 2717.1 0.9771574140 -0.0345132537 0.2096955478 0.0208348595 0.9975292087 0.0670926943 -0.2114930153 -0.0611911491 0.9754621387
-221.4 156.2 2735.8 0.2195768803 -0.1972351074 -0.9554498196 0.9689642191 0.1580803543 0.1900499016 0.1135533229 -0.9675272107 0.2258245498
-281.7 -109.9 2704.6 -0.2283527255 -0.1633507162 -0.9597768188 0.9726331234 0.0051562572 -0.2322891057 0.0428934470 -0.9865545630 0.1577028632
63.1 159.4 2677.7 0.1611660868 0.2687978446 -0.9496173859 -0.9746108651 0.1948843151 -0.1102441251 0.1554321498 0.9432750344 0.2933820188
98.8 -56.7 2712.1 0.9099937677 0.2687978446 -0.3156883121 -0.3723538816 0.1948843151 -0.9073988795 -0.1823841482 0.9432750344 0.2774314284
-162.7 -239.8 2758.7 0.9083276987 -0.1183447018 0.4011674523 0.1234426647 0.9922636747 0.0132183218 -0.3996282220 0.0375146121 0.9159093499
-115.7 -633.6 2743.8 0.9131763577 0.0610127226 0.4029719234 -0.0656432658 0.9978404641 -0.0023254273 -0.4022435546 -0.0243288688 0.9152094126
13.8 -235.2 2710.5 0.9657080770 0.0038002196 -0.2596024573 -0.0884269550 0.9449261427 -0.3151114285 0.2441076636 0.3272615075 0.9128589034
12.3 -610.3 2580.6 0.9655724168 -0.0625751391 -0.2524960637 0.0380223468 0.9941618443 -0.1009777486 0.2573406696 0.0879008397 0.9623144865
-224.9 -352.0 2693.9 0 0 0 0 0 0 0 0 0
301.5 -139.6 2671.5 0 0 0 0 0 0 0 0 0
-134.8 -946.0 2751.4 0 0 0 0 0 0 0 0 0
35.0 -971.9 2548.6 0 0 0 0 0 0 0 0 0
-75.0 357.7 2671.8 6 0.9758306146 -0.0273294412 0.2168127298 0.0013589099 0.9928887486 0.1190383434 -0.2185241729 -0.1158666313 0.9689283371
-69.4 155.3 2695.4 0.9758306146 -0.0273294412 0.2168127298 0.0013589099 0.9928887486 0.1190383434 -0.2185241729 -0.1158666313 0.9689283371
-64.6 -41.3 2709.9 0.9757733345 -0.0221975297 0.2176549435 0.0036587364 0.9963562489 0.0852107927 -0.2187533379 -0.0823500752 0.9722990394
-211.5 156.2 2725.5 0.2327758670 -0.2022578418 -0.9512661099 0.9682468772 0.1399002671 0.2071855515 0.0911774784 -0.9692882299 0.2284009457
-275.4 -109.7 2700.5 -0.2155742496 -0.1704721004 -0.9614920616 0.9762021303 -0.0138214342 -0.2164218277 0.0236046854 -0.9852655530 0.1693947762
72.6 154.4 2665.3 0.1498180181 0.2781502604 -0.9487818480 -0.9730697870 0.2115093768 -0.0916459411 0.1751849055 0.9369611740 0.3023475409
105.8 -61.3 2704.2 0.9038004875 0.2781502604 -0.3252339959 -0.3879155219 0.2115093768 -0.8970983028 -0.1807380915 0.9369611740 0.2990610898
-154.6 -239.1 2748.6 0.9066016078 -0.1075484082 0.4080524743 0.1057915539 0.9940232038 0.0269446094 -0.4085114598 0.0187404789 0.9125607610
-111.9 -633.8 2741.1 0.9090714455 0.0702544078 0.4106743038 -0.0777094364 0.9969749451 0.0014647684 -0.4093291163 -0.0332448483 0.9117809534
24.2 -235.1 2709.9 0.9660221934 0.0190424323 -0.2577566803 -0.1074644923 0.9365824461 -0.3335637152 0.2350585014 0.3499296606 0.9068058133
16.7 -607.0 2570.9 0.9682999253 -0.0609482899 -0.2422406673 0.0479088761 0.9970860481 -0.0593646355 0.2451529503 0.0458772928 0.9683983326
-221.7 -352.7 2694.6 0 0 0 0 0 0 0 0 0
307.2 -147.7 2663.9 0 0 0 0 0 0 0 0 0
-133.8 -945.0 2751.5 0 0 0 0 0 0 0 0 0
39.4 -978.5 2553.8 0 0 0 0 0 0 0 0 0
-61.5 361.4 2664.8 7 0.9783646464 -0.0154596800 0.2063094378 -0.0092914319 0.9929146767 0.1184655055 -0.2066791207 -0.1178193763 0.9712889791
-58.3 158.5 2688.9 0.9783646464 -0.0154596800 0.2063094378 -0.0092914319 0.9929146767 0.1184655055 -0.2066791207 -0.1178193763 0.9712889791
-55.9 -38.1 2703.4 0.9783430696 -0.0097074872 0.2067621350 -0.0075853840 0.9965472817 0.0826799199 -0.2068508565 -0.0824576989 0.9748914838
-200.7 161.0 2717.2 0.2427922040 -0.1888093054 -0.9515266418 0.9654978514 0.1422386467 0.2181330174 0.0941583291 -0.9716579914 0.2168294191
-267.4 -104.1 2691.3 -0.2045800239 -0.1586051732 -0.9659147859 0.9786217213 -0.0118389623 -0.2053273618 0.0211305525 -0.9872711301 0.1576364785
84.1 156.0 2660.5 0.1364475340 0.2691351175 -0.9533878565 -0.9747350216 0.2082733959 -0.0807085037 0.1768438220 0.9403129816 0.2907538116
114.3 -60.1 2699.7 0.9014040828 0.2691351175 -0.3391710818 -0.3983046710 0.2082733959 -0.8932948112 -0.1697766930 0.9403129816 0.2949362695
-149.6 -239.5 2746.3 0.9110947251 -0.0978185385 0.4004221857 0.1114793271 0.9937069416 -0.0109016625 -0.3968359232 0.0545712449 0.9162659049
-110.7 -634.0 2724.6 0.9156045914 0.0770380497 0.3946306109 -0.1017939448 0.9939121008 0.0421506874 -0.3889809549 -0.0787643716 0.9178725481
29.2 -238.8 2706.3 0.9619881511 0.0119578652 -0.2728292048 -0.1084390432 0.9336297512 -0.3414328694 0.2506386638 0.3580397367 0.8994374871
24.4 -609.7 2564.0 0.9661890268 -0.0383256562 -0.2549703419 0.0322703831 0.9990899563 -0.0278914161 0.2558072507 0.0187203903 0.9665465355
-216.5 -347.7 2686.1 0 0 0 0 0 0 0 0 0
315.1 -148.9 2661.9 0 0 0 0 0 0 0 0 0
-134.9 -946.0 2749.4 0 0 0 0 0 0 0 0 0
38.9 -986.5 2557.0 0 0 0 0 0 0 0 0 0
-47.6 357.4 2652.3 8 0.9885959625 0.0003791667 0.1505919099 -0.0195301790 0.9918743968 0.1257130653 -0.1493205875 -0.1272205114 0.9805703759
-47.7 154.2 2678.3 0.9885959625 0.0003791667 0.1505919099 -0.0195301790 0.9918743968 0.1257130653 -0.1493205875 -0.1272205114 0.9805703759
-47.6 -42.3 2694.9 0.9886004925 0.0024493716 0.1505426466 -0.0163394157 0.9957077503 0.0910990760 -0.1496733427 -0.0925203636 0.9843972325
-191.5 157.9 2698.4 0.2440569401 -0.1311458796 -0.9608522058 0.9647214413 0.1337130964 0.2267893255 0.0987360328 -0.9823042154 0.1591528505
-258.5 -107.0 2671.2 -0.1982240826 -0.1012273058 -0.9749155045 0.9801567197 -0.0207164697 -0.1971387118 -0.0002409859 -0.9946476221 0.1033251286
96.1 150.4 2658.3 0.1187675372 0.2157403678 -0.9692009091 -0.9738087654 0.2159093171 -0.0712716207 0.1938833296 0.9522810578 0.2357328832
122.4 -65.5 2701.3 0.9067580104 0.2157403678 -0.3622788787 -0.4061313570 0.2159093171 -0.8879417181 -0.1133454889 0.9522810578 0.2833964229
-143.6 -235.4 2738.7 0.9337832928 -0.0816142708 0.3484075665 0.0963664874 0.9950270653 -0.0251917858 -0.3446189761 0.0570984855 0.9370045662
-111.2 -630.6 2716.0 0.9374613762 0.0753421336 0.3398377895 -0.1025464311 0.9927446246 0.0627882481 -0.3326415420 -0.0937107056 0.9383857846
35.7 -236.8 2700.8 0.9448357224 0.0194434896 -0.3269670010 -0.1326661408 0.9354069829 -0.3277398646 0.2994748354 0.3530378044 0.8863854408
27.9 -608.4 2560.5 0.9527230263 -0.0288403817 -0.3024682403 0.0294528902 0.9995629787 -0.0025368959 0.3024092317 -0.0064916052 0.9531560540
-209.2 -351.0 2671.3 0 0 0 0 0 0 0 0 0
324.4 -156.0 2676.1 0 0 0 0 0 0 0 0 0
-135.1 -945.1 2745.7 0 0 0 0 0 0 0 0 0
38.9 -987.8 2563.0 0 0 0 0 0 0 0 0 0
-35.0 355.5 2644.5 9 0.9957517385 -0.0008048640 0.0920750499 -0.0110849468 0.9916414618 0.1285472214 -0.0914088935 -0.1290217638 0.9874197841
-34.9 152.7 2670.9 0.9957517385 -0.0008048640 0.0920750499 -0.0110849468 0.9916414618 0.1285472214 -0.0914088935 -0.1290217638 0.9874197841
-33.9 -43.8 2687.2 0.9957470894 -0.0014371921 0.0921177641 -0.0069518108 0.9958555698 0.0906826332 -0.0918663144 -0.0909373537 0.9916102886
-179.6 155.1 2682.5 0.2289028913 -0.0749694183 -0.9705581069 0.9667480588 0.1342945844 0.2176308930 0.1140250415 -0.9881014824 0.1032169536
-242.4 -110.4 2651.2 -0.2069895566 -0.0429465659 -0.9774000645 0.9782865644 -0.0198297799 -0.2063059807 -0.0105214948 -0.9988805652 0.0461186059
109.9 150.3 2659.3 0.1163376495 0.1579100937 -0.9805763364 -0.9730255008 0.2161470950 -0.0806339011 0.1992158294 0.9635065198 0.1787965894
135.7 -65.4 2703.5 0.9155604839 0.1579100937 -0.3698829114 -0.3975474238 0.2161470950 -0.8917603493 -0.0608688332 0.9635065198 0.2606724799
-138.6 -238.7 2726.9 0.9535441399 -0.0703656673 0.2929202616 0.0787488148 0.9967510700 -0.0169104598 -0.2907786667 0.0391919948 0.9559873343
-110.7 -634.6 2711.3 0.9555450082 0.0753412098 0.2850569189 -0.1009941697 0.9919515252 0.0763694495 -0.2770088911 -0.1017635316 0.9554633498
42.3 -241.6 2699.5 0.9266824722 0.0267761294 -0.3748901784 -0.1584778428 0.9322887063 -0.3251500726 0.3407995999 0.3607226610 0.8681790233
31.7 -612.1 2556.2 0.9387789965 -0.0144930817 -0.3442149162 0.0177229159 0.9998234510 0.0062384801 0.3440637290 -0.0119570456 0.9388701916
-190.9 -353.9 2653.8 0 0 0 0 0 0 0 0 0
339.6 -154.0 2689.9 0 0 0 0 0 0 0 0 0
-134.3 -946.2 2743.3 0 0 0 0 0 0 0 0 0
37.2 -992.8 2560.7 0 0 0 0 0 0 0 0 0
-21.4 355.5 2640.6 0 0.9994854927 -0.0112004839 0.0300559085 0.0074815615 0.9926111102 0.1211080775 -0.0311902985 -0.1208209023 0.9921842217
-19.1 152.6 2665.3 0.9994854927 -0.0112004839 0.0300559085 0.0074815615 0.9926111102 0.1211080775 -0.0311902985 -0.1208209023 0.9921842217
-15.3 -44.1 2678.5 0.9994136691 -0.0152372327 0.0306621566 0.0128855910 0.9970638752 0.0754825547 -0.0317222737 -0.0750431940 0.9966756105
-164.3 152.2 2668.2 0.2029051334 -0.0181098934 -0.9790309072 0.9687070847 0.1496792734 0.1979967803 0.1429549307 -0.9885687232 0.0479138754
-220.0 -113.9 2629.0 -0.2248673886 0.0174772106 -0.9742326140 0.9743607640 -0.0036258940 -0.2249620110 -0.0074641728 -0.9998406768 -0.0162137635
126.0 153.1 2662.4 0.1229683608 0.0955837294 -0.9877967834 -0.9739736319 0.2025930136 -0.1016437188 0.1904052347 0.9745870233 0.1180085614
153.3 -62.9 2704.6 0.9250807762 0.0955837294 -0.3675449789 -0.3795863688 0.2025930136 -0.9027016163 -0.0118215447 0.9745870233 0.2236971855
-124.7 -241.0 2713.6 0.9714393616 -0.0314878412 0.2351894230 0.0387346819 0.9989045262 -0.0262556355 -0.2341050506 0.0346157439 0.9715948701
-112.2 -637.6 2699.9 0.9707093239 0.0757106543 0.2280161083 -0.1053424701 0.9870823622 0.1207119301 -0.2159315050 -0.1411959678 0.9661455750
57.5 -242.3 2696.8 0.9064991474 0.0471800752 -0.4195632339 -0.1985298544 0.9246544838 -0.3249614537 0.3726193309 0.3778731227 0.8475651741
38.7 -609.6 2546.7 0.9291629791 -0.0062512332 -0.3696174324 0.0279584210 0.9981816411 0.0534013323 0.3686115146 -0.0599524602 0.9276482463
-164.1 -356.4 2630.8 0 0 0 0 0 0 0 0 0
359.4 -147.4 2702.0 0 0 0 0 0 0 0 0 0
-136.3 -952.1 2744.9 0 0 0 0 0 0 0 0 0
41.1 -989.9 2569.6 0 0 0 0 0 0 0 0 0
-8.3 353.3 2620.7 1 0.9990590215 -0.0090954769 0.0424064249 0.0027938543 0.9892286062 0.1463523507 -0.0432807915 -0.1460961699 0.9883231521
-6.4 149.5 2650.8 0.9990590215 -0.0090954769 0.0424064249 0.0027938543 0.9892286062 0.1463523507 -0.0432807915 -0.1460961699 0.9883231521
-2.6 -47.0 2667.3 0.9989537597 -0.0153771434 0.0430682488 0.0113304807 0.9956319332 0.0926749930 -0.0443051979 -0.0920900479 0.9947645068
-151.5 149.2 2655.5 0.2054269612 -0.0302384030 -0.9782052040 0.9708297849 0.1325806230 0.1997797489 0.1236500293 -0.9907108545 0.0565919764
-208.0 -117.4 2621.5 -0.2241718024 0.0050850818 -0.9745363593 0.9743115902 -0.0209322218 -0.2242293209 -0.0215394348 -0.9997679591 -0.0002620403
138.7 149.7 2646.1 0.1245475635 0.1078116894 -0.9863389730 -0.9706586003 0.2193191648 -0.0985949039 0.2056933492 0.9696781635 0.1319640130
166.3 -65.5 2691.7 0.9245627522 0.1078116894 -0.3654591143 -0.3806637526 0.2193191648 -0.8983285427 -0.0166981332 0.9696781635 0.2438143194
-103.6 -243.3 2696.4 0.9687408805 0.0189721789 0.2473483384 -0.0098748617 0.9992301464 -0.0379682854 -0.2478782684 0.0343388990 0.9681824446
-111.1 -639.7 2682.7 0.9653200507 0.0873355418 0.2460278720 -0.1308189481 0.9773520231 0.1663412452 -0.2259283364 -0.1927576363 0.9548826218
79.1 -241.0 2690.6 0.9081732035 0.0933290944 -0.4080577195 -0.2275719345 0.9282625914 -0.2941760719 0.3513295352 0.3600253165 0.8642622828
42.1 -609.4 2547.7 0.9348732829 -0.0183445998 -0.3545072377 0.0302848164 0.9991444945 0.0281617977 0.3536873460 -0.0370639004 0.9346290827
-152.2 -359.9 2626.9 0 0 0 0 0 0 0 0 0
372.3 -150.3 2688.0 0 0 0 0 0 0 0 0 0
-139.0 -951.4 2744.2 0 0 0 0 0 0 0 0 0
49.1 -990.5 2561.9 0 0 0 0 0 0 0 0 0
3.7 350.6 2611.2 2 0.9983960986 0.0157279614 0.0543864369 -0.0230768193 0.9902665615 0.1372572184 -0.0516982973 -0.1382921338 0.9890412092
0.5 146.4 2639.7 0.9983960986 0.0157279614 0.0543864369 -0.0230768193 0.9902665615 0.1372572184 -0.0516982973 -0.1382921338 0.9890412092
-0.1 -50.1 2655.5 0.9985269308 0.0068364455 0.0538254827 -0.0115565713 0.9960643053 0.0878767520 -0.0530128777 -0.0883693472 0.9946760535
-144.6 149.5 2645.7 0.2288714945 -0.0357590318 -0.9727996588 0.9653539658 0.1370057762 0.2220835686 0.1253376752 -0.9899246097 0.0658768415
-207.4 -115.6 2611.3 -0.2017753124 -0.0040723002 -0.9794233441 0.9793000221 -0.0172457993 -0.2016782016 -0.0160696432 -0.9998430014 0.0074677803
145.5 143.4 2633.8 0.1038632244 0.1212581694 -0.9871721864 -0.9740486741 0.2130875438 -0.0763080940 0.2011011094 0.9694793224 0.1402433217
168.5 -72.6 2678.4 0.9153395891 0.1212581694 -0.3839920461 -0.4018318057 0.2130875438 -0.8905755877 -0.0261656493 0.9694793224 0.2437728494
-90.9 -245.8 2689.7 0.9658257365 0.0484776571 0.2546184063 -0.0365961641 0.9980177879 -0.0511983633 -0.2565956712 0.0401306413 0.9656853676
-110.2 -641.9 2673.8 0.9614187479 0.0931454450 0.2588395178 -0.1446851194 0.9714900851 0.1878117919 -0.2339662015 -0.2180159986 0.9474855065
92.0 -243.8 2681.6 0.9074068666 0.1097944081 -0.4056575000 -0.2357617915 0.9320598841 -0.2751013041 0.3478924930 0.3452673554 0.8716428280
48.4 -613.8 2544.5 0.9386430383 -0.0004971808 -0.3448899090 0.0208287109 0.9982553720 0.0552478097 0.3442607224 -0.0590415820 0.9370158315
-157.2 -359.4 2615.3 0 0 0 0 0 0 0 0 0
372.5 -162.1 2672.5 0 0 0 0 0 0 0 0 0
-139.9 -952.3 2743.4 0 0 0 0 0 0 0 0 0
48.6 -994.8 2567.1 0 0 0 0 0 0 0 0 0
16.8 349.1 2607.0 3 0.9997713566 0.0194311105 -0.0089269513 -0.0182407796 0.9928236604 0.1181880608 0.0111594144 -0.1179982051 0.9929510951
12.8 145.0 2631.3 0.9997713566 0.0194311105 -0.0089269513 -0.0182407796 0.9928236604 0.1181880608 0.0111594144 -0.1179982051 0.9929510951
12.0 -51.8 2644.2 0.9999191761 0.0083919894 -0.0095476806 -0.0076649599 0.9972443581 0.0737899616 0.0101406146 -0.0737108216 0.9972280860
-132.3 147.5 2628.1 0.2165883034 0.0263697375 -0.9759068489 0.9641727805 0.1510569900 0.2180657685 0.1531678885 -0.9881732464 0.0072921938
-191.8 -117.3 2586.0 -0.2043054998 0.0592425466 -0.9771128893 0.9787921906 -0.0029365949 -0.2048346698 -0.0150043117 -0.9982392788 -0.0573861785
157.9 142.4 2634.4 0.0948663503 0.0588377565 -0.9937497377 -0.9764984846 0.1995596141 -0.0814040080 0.1935226768 0.9781176448 0.0763864741
179.0 -74.1 2677.3 0.9167761207 0.0588377565 -0.3950439394 -0.3985435963 0.1995596141 -0.8951753974 0.0261647068 0.9781176448 0.2064009011
-92.9 -246.9 2678.0 0.9797399044 0.0487489551 0.1942504048 -0.0413672328 0.9982658625 -0.0418804288 -0.1959551722 0.0329963267 0.9800575376
-112.3 -643.4 2664.9 0.9755840898 0.0903613344 0.2001763433 -0.1369520426 0.9628276825 0.2328239381 -0.1716970354 -0.2545538843 0.9516944885
90.0 -249.0 2668.3 0.8855785131 0.0989649221 -0.4538244307 -0.2271554023 0.9445055127 -0.2372966707 0.4051556289 0.3132334948 0.8589142561
50.7 -624.0 2543.9 0.9158732891 -0.0054355073 -0.4014306366 0.0342007987 0.9973298311 0.0645257309 0.4000079930 -0.0728266388 0.9136136174
-141.0 -360.9 2589.7 0 0 0 0 0 0 0 0 0
383.2 -162.9 2683.2 0 0 0 0 0 0 0 0 0
-141.4 -953.2 2746.8 0 0 0 0 0 0 0 0 0
52.8 -1004.8 2571.7 0 0 0 0 0 0 0 0 0
32.4 348.1 2594.9 4 0.9986418486 0.0381217487 0.0355124734 -0.0423033983 0.9911781549 0.1256037951 -0.0304109491 -0.1269355118 0.9914447069
24.5 144.6 2621.0 0.9986418486 0.0381217487 0.0355124734 -0.0423033983 0.9911781549 0.1256037951 -0.0304109491 -0.1269355118 0.9914447069
19.7 -52.0 2636.1 0.9990026951 0.0287986845 0.0341213308 -0.0315895453 0.9959399104 0.0842956454 -0.0315551944 -0.0852894560 0.9958564043
-120.5 150.5 2623.8 0.2455099523 -0.0116363568 -0.9693242311 0.9602195621 0.1401636004 0.2415213138 0.1330535412 -0.9900599718 0.0455850177
-187.9 -113.2 2587.3 -0.1816190183 0.0171439387 -0.9832195044 0.9832124710 -0.0146713397 -0.1818735301 -0.0175431762 -0.9997453690 -0.0141915390
169.6 138.6 2618.1 0.0798650682 0.1045896262 -0.9913035035 -0.9764452577 0.2081812769 -0.0567033812 0.2004402280 0.9724821448 0.1187524498
187.3 -77.9 2662.5 0.9074128866 0.1045896262 -0.4070169628 -0.4201706350 0.2081812769 -0.8832424283 -0.0076446822 0.9724821448 0.2328518629
-81.0 -249.1 2657.9 0.9692578912 0.0799158439 0.2327072024 -0.0686270595 0.9960569143 -0.0562226139 -0.2362826914 0.0385241993 0.9709203839
-112.8 -644.7 2642.6 0.9645287395 0.0956390277 0.2460435927 -0.1618995667 0.9505028129 0.2652035058 -0.2085013241 -0.2956307530 0.9322712421
101.9 -250.6 2659.8 0.8975155354 0.1260820925 -0.4225744605 -0.2347842902 0.9477721453 -0.2158801705 0.3732856810 0.2929696441 0.8802423477
51.9 -626.9 2543.5 0.9307782650 -0.0037192795 -0.3655653298 0.0343403220 0.9964165092 0.0772974640 0.3639678359 -0.0845004246 0.9275705218
-142.7 -357.9 2591.6 0 0 0 0 0 0 0 0 0
389.5 -171.5 2660.8 0 0 0 0 0 0 0 0 0
-143.4 -949.0 2737.3 0 0 0 0 0 0 0 0 0
53.3 -1007.5 2575.8 0 0 0 0 0 0 0 0 0
46.9 345.2 2579.8 5 0.9969525933 0.0555081666 0.0548124015 -0.0627656430 0.9880095720 0.1410588771 -0.0463252552 -0.1440693438 0.9884826541
35.5 142.4 2609.4 0.9969525933 0.0555081666 0.0548124015 -0.0627656430 0.9880095720 0.1410588771 -0.0463252552 -0.1440693438 0.9884826541
27.4 -53.7 2628.1 0.9975772500 0.0453310721 0.0527699515 -0.0504894890 0.9936123490 0.1009220704 -0.0478579700 -0.1033418924 0.9934938550
-109.3 151.1 2614.6 0.2650857866 -0.0261335075 -0.9638706446 0.9577088952 0.1231527403 0.2600521147 0.1119072363 -0.9920435548 0.0576743335
-182.1 -111.9 2583.9 -0.1640855521 -0.0003285518 -0.9864460826 0.9859321713 -0.0323297828 -0.1639893055 -0.0318377092 -0.9994772077 0.0056287805
180.4 133.7 2604.2 0.0656326488 0.1250542402 -0.9899766445 -0.9741230607 0.2230672538 -0.0364036560 0.2162789404 0.9667483568 0.1364587098
194.9 -82.3 2652.1 0.8994010091 0.1250542402 -0.4188546836 -0.4368480146 0.2230672538 -0.8714383841 -0.0155442972 0.9667483568 0.2552565932
-77.4 -246.9 2656.1 0.9658875465 0.0938676074 0.2413506210 -0.0674228743 0.9910048246 -0.1156008467 -0.2500308156 0.0953848660 0.9635280371
-114.6 -639.9 2618.2 0.9606650472 0.1007655710 0.2587836683 -0.1761055291 0.9415687919 0.2871151268 -0.2147313058 -0.3213947117 0.9222775698
105.4 -252.7 2650.3 0.9040361047 0.1147301123 -0.4117713869 -0.2111917883 0.9574051499 -0.1969097704 0.3716405630 0.2649762928 0.8897588849
59.9 -632.8 2545.1 0.9319204092 0.0194780082 -0.3621393740 0.0116223451 0.9964397550 0.0835031047 0.3624765277 -0.0820271596 0.9283761382
-141.3 -357.3 2591.8 0 0 0 0 0 0 0 0 0
395.3 -179.6 2648.7 0 0 0 0 0 0 0 0 0
-147.0 -943.0 2721.7 0 0 0 0 0 0 0 0 0
52.5 -1013.4 2576.4 0 0 0 0 0 0 0 0 0
59.5 345.3 2572.3 6 0.9978749156 0.0650113374 0.0043751667 -0.0649396032 0.9867817760 0.1484741718 0.0053351698 -0.1484427750 0.9889066219
46.2 143.2 2602.7 0.9978749156 0.0650113374 0.0043751667 -0.0649396032 0.9867817760 0.1484741718 0.0053351698 -0.1484427750 0.9889066219
37.0 -52.8 2622.5 0.9986903071 0.0511223897 0.0020311603 -0.0510407165 0.9927831888 0.1085192636 0.0035312625 -0.1084808111 0.9940922856
-98.7 151.9 2600.4 0.2595789731 0.0246258751 -0.9654078484 0.9584885240 0.1155551150 0.2606661022 0.1179769412 -0.9929957390 0.0063920594
-170.0 -111.3 2568.0 -0.1616764963 0.0506869927 -0.9855412245 0.9856899977 -0.0399845988 -0.1637573391 -0.0477068350 -0.9979138374 -0.0434970930
191.1 134.4 2605.0 0.0539412051 0.0756573156 -0.9956737757 -0.9724500775 0.2304425091 -0.0351726301 0.2267844975 0.9701403379 0.0860033110
203.1 -81.2 2655.2 0.8987690806 0.0756573156 -0.4318449795 -0.4371220767 0.2304425091 -0.8693794012 0.0337405279 0.9701403379 0.2401860803
-72.9 -246.4 2653.1 0.9779403806 0.0925331190 0.1872704476 -0.0631580725 0.9855515957 -0.1571594924 -0.1991071403 0.1418649703 0.9696549177
-109.6 -637.2 2596.8 0.9693535566 0.1294264942 0.2088120431 -0.1928880364 0.9273551702 0.3206346035 -0.1521443129 -0.3510856330 0.9238998890
109.8 -255.7 2644.4 0.8836255670 0.1046670973 -0.4563449025 -0.2097457349 0.9599074125 -0.1859689355 0.4185840189 0.2600432932 0.8701522350
68.2 -637.0 2541.1 0.9116473794 0.0559172891 -0.4071514904 -0.0176431518 0.9951121807 0.0971619710 0.4105944633 -0.0813940167 0.9081779718
-129.8 -356.7 2579.9 0 0 0 0 0 0 0 0 0
403.3 -178.6 2662.8 0 0 0 0 0 0 0 0 0
-152.4 -944.0 2713.0 0 0 0 0 0 0 0 0 0
46.9 -1016.9 2572.2 0 0 0 0 0 0 0 0 0
73.4 345.7 2568.0 7 0.9968723059 0.0785601586 -0.0085986722 -0.0764419064 0.9861232042 0.1473689824 0.0200566817 -0.1462507546 0.9890441895
57.1 142.1 2598.2 0.9968723059 0.0785601586 -0.0085986722 -0.0764419064 0.9861232042 0.1473689824 0.0200566817 -0.1462507546 0.9890441895
45.7 -53.8 2617.5 0.9979859591 0.0623809993 -0.0115150809 -0.0608075559 0.9924594164 0.1064273939 0.0180672966 -0.1055128425 0.9942538142
-87.6 152.3 2593.8 0.2671443522 0.0403350852 -0.9628120065 0.9556580186 0.1173729450 0.2700765133 0.1239016429 -0.9922684431 -0.0071910266
-161.0 -110.1 2559.8 -0.1513467133 0.0649488866 -0.9863446951 0.9873203039 -0.0384035259 -0.1540252119 -0.0478828773 -0.9971493483 -0.0583131090
201.9 131.9 2602.6 0.0411264971 0.0636394247 -0.9971252084 -0.9734002352 0.2276746482 -0.0256171022 0.2253898680 0.9716554284 0.0713100880
211.0 -83.9 2652.6 0.8938747644 0.0636394247 -0.4437768459 -0.4459557235 0.2276746482 -0.8656141162 0.0459495559 0.9716554284 0.2318930030
-64.6 -245.4 2643.7 0.9784246683 0.0908029303 -0.1855801791 -0.1205168813 0.9804283381 -0.1556788832 0.1678119749 0.1746856123 0.9702185988
-100.6 -634.4 2574.4 0.9784246683 0.1768743247 -0.1067738310 -0.1205168813 0.9083800316 0.4004015923 0.1678119749 -0.3788947165 0.9100977778
118.2 -254.7 2644.4 0.8757050037 0.1142930537 -0.4691245258 -0.2157411277 0.9618214369 -0.1683904082 0.4319681823 0.2486697882 0.8669295311
72.8 -636.8 2545.6 0.9026557207 0.0667079464 -0.4251619279 -0.0361684598 0.9961775541 0.0795115829 0.4288408160 -0.0563941337 0.9016181231
-123.3 -355.9 2571.7 0 0 0 0 0 0 0 0 0
410.2 -183.2 2662.8 0 0 0 0 0 0 0 0 0
-161.2 -945.7 2704.3 0 0 0 0 0 0 0 0 0
47.4 -1017.2 2567.1 0 0 0 0 0 0 0 0 0
84.6 343.3 2557.9 8 0.9960661530 0.0864286646 -0.0195522141 -0.0821449086 0.9833571315 0.1620522738 0.0332327709 -0.1598086804 0.9865884781
66.8 140.9 2590.8 0.9960661530 0.0864286646 -0.0195522141 -0.0821449086 0.9833571315 0.1620522738 0.0332327709 -0.1598086804 0.9865884781
53.5 -54.6 2612.6 0.9971231818 0.0722612441 -0.0228850842 -0.0689988732 0.9903002381 0.1206007376 0.0313778631 -0.1186747476 0.9924372435
-77.8 152.3 2584.5 0.2738468349 0.0536127202 -0.9602778554 0.9550201893 0.1029530391 0.2780954242 0.1137729734 -0.9932403564 -0.0230078660
-153.0 -110.0 2553.2 -0.1421990395 0.0769369304 -0.9868435264 0.9877894521 -0.0530799031 -0.1464736015 -0.0636507869 -0.9956220388 -0.0684495792
211.4 129.5 2597.1 0.0299172867 0.0535888076 -0.9981148243 -0.9704218507 0.2408744544 -0.0161546674 0.2395546585 0.9690757394 0.0592100583
218.1 -85.6 2650.2 0.8893483281 0.0535888076 -0.4540790915 -0.4528172910 0.2408744544 -0.8584497571 0.0633727610 0.9690757394 0.2384872288
-58.1 -245.4 2636.7 0.9596053958 0.0687642023 -0.2728167772 -0.1312462687 0.9671098590 -0.2178828269 0.2488612533 0.2448877096 0.9370688796
-85.3 -628.4 2539.8 0.9596053958 0.2287201136 -0.1638432741 -0.1312462687 0.8790109158 0.4583822191 0.2488612533 -0.4183622301 0.8735222816
124.8 -256.5 2640.1 0.8659913540 0.1275582910 -0.4835160971 -0.2357314825 0.9568754435 -0.1697648615 0.4410097599 0.2609948516 0.8587153554
74.1 -636.7 2536.4 0.9048603773 0.0698892251 -0.4199323654 -0.0133909537 0.9906165004 0.1360135078 0.4254978001 -0.1174499318 0.8973054886
-117.6 -355.9 2569.1 0 0 0 0 0 0 0 0 0
416.2 -186.5 2664.3 0 0 0 0 0 0 0 0 0
-169.1 -950.2 2692.9 0 0 0 0 0 0 0 0 0
47.4 -1014.4 2581.2 0 0 0 0 0 0 0 0 0
94.4 344.8 2551.8 9 0.9961678982 0.0843601897 -0.0230837539 -0.0795309022 0.9835389853 0.1622527391 0.0363914445 -0.1597951055 0.9864791632
77.1 143.0 2584.6 0.9961678982 0.0843601897 -0.0230837539 -0.0795309022 0.9835389853 0.1622527391 0.0363914445 -0.1597951055 0.9864791632
63.9 -52.5 2606.8 0.9971112609 0.0712920502 -0.0262024570 -0.0675690696 0.9901400208 0.1227074265 0.0346921645 -0.1205824837 0.9920969009
-67.5 154.2 2577.8 0.2721857727 0.0566286370 -0.9605769515 0.9556363225 0.1008858681 0.2767332792 0.1125796735 -0.9932850599 -0.0266566854
-142.3 -108.3 2546.9 -0.1433383971 0.0801722854 -0.9864210486 0.9874548912 -0.0551198460 -0.1479685307 -0.0662343577 -0.9952558279 -0.0712657273
221.7 131.9 2591.4 0.0304747429 0.0501817539 -0.9982750416 -0.9698616266 0.2430348694 -0.0173903666 0.2417429686 0.9687186480 0.0560757816
228.4 -83.2 2645.0 0.8897570372 0.0501817539 -0.4536675513 -0.4514645040 0.2430348694 -0.8585533500 0.0671733171 0.9687186480 0.2388972640
-52.3 -245.0 2633.3 0.9550847411 0.0564163886 -0.2909129858 -0.1455078721 0.9444944859 -0.2945464253 0.2581484914 0.3236469030 0.9102813005
-74.6 -618.5 2505.3 0.9550847411 0.2498002648 -0.1594145745 -0.1455078721 0.8639701009 0.4820613265 0.2581484914 -0.4372133315 0.8615125418
130.5 -257.7 2639.1 0.8635465503 0.1394709498 -0.4845979810 -0.2434171438 0.9569064379 -0.1583608985 0.4416281879 0.2547114789 0.8602828979
75.1 -637.9 2537.9 0.9010583162 0.0621965379 -0.4292149842 -0.0186667405 0.9943080544 0.1048954427 0.4332960546 -0.0865048692 0.8970905542
-106.6 -354.1 2563.4 0 0 0 0 0 0 0 0 0
426.7 -183.7 2660.0 0 0 0 0 0 0 0 0 0
-169.9 -948.2 2672.2 0 0 0 0 0 0 0 0 0
51.3 -1017.2 2570.9 0 0 0 0 0 0 0 0 0
105.3 344.9 2548.8 0 0.9953172803 0.0964764580 0.0059822318 -0.0962623730 0.9836848974 0.1519790292 0.0087777665 -0.1518432200 0.9883655906
85.6 144.0 2579.8 0.9953172803 0.0964764580 0.0059822318 -0.0962623730 0.9836848974 0.1519790292 0.0087777665 -0.1518432200 0.9883655906
70.0 -51.5 2600.6 0.9965275526 0.0832263306 0.0025003350 -0.0829699188 0.9900404215 0.1137363911 0.0069904299 -0.1135488972 0.9935078025
-58.9 157.4 2577.0 0.2897916138 0.0313174799 -0.9565772414 0.9503059983 0.1093722805 0.2914724946 0.1137512252 -0.9935073853 0.0019339786
-138.5 -103.6 2545.8 -0.1298733652 0.0523973890 -0.9901451468 0.9900906086 -0.0469462685 -0.1323505640 -0.0534184463 -0.9975222349 -0.0457810909
230.2 130.6 2582.6 0.0220764689 0.0800664350 -0.9965450168 -0.9724464417 0.2331094295 -0.0028136647 0.2320787609 0.9691487551 0.0830065534
235.1 -85.0 2634.0 0.8841991425 0.0800664350 -0.4601970017 -0.4654863179 0.2331094295 -0.8538047075 0.0389151610 0.9691487551 0.2433849871
