44.2 495.5 2165.6 6 0.9983928800 0.0163848791 0.0542509668 -0.0163776353 0.9998657107 -0.0005781045 -0.0542531535 -0.0003113272 0.9985271692
40.9 294.5 2165.6 0.9983928800 0.0163848791 0.0542509668 -0.0163776353 0.9998657107 -0.0005781045 -0.0542531535 -0.0003113272 0.9985271692
37.0 95.7 2164.7 0.9983280897 0.0201992542 0.0541576780 -0.0199207682 0.9997854233 -0.0056770714 -0.0542607307 0.0045887171 0.9985162616
-99.5 297.3 2173.3 0.1990278363 -0.7771399617 -0.5970271230 0.9798044562 0.1697765440 0.1056371108 0.0192663725 -0.6059945226 0.7952354550
-154.3 27.6 2168.0 0.0137959784 -0.7779277563 -0.6282022595 0.9353817701 0.2320710123 -0.2668407559 0.3533703685 -0.5839276314 0.7308610678
181.4 291.6 2158.0 0.1510817409 0.6744786501 0.7226706743 -0.9850477576 0.1639543623 0.0529134944 -0.0827959776 -0.7198593616 0.6891642213
222.3 24.9 2135.6 -0.0718986765 0.6735551953 0.7356317043 -0.9609644413 0.1507782638 -0.2319768965 -0.2671664953 -0.7235947251 0.6364218593
-58.3 -99.5 2162.6 0.9912851453 0.0491502471 0.1222210079 -0.0487296432 0.9987913370 -0.0064298953 -0.1223893091 0.0004180736 0.9924820662
-77.9 -496.6 2162.5 0.9901337624 -0.0490110144 0.1312747598 0.0092248032 0.9576038122 0.2879406810 -0.1398214847 -0.2838888168 0.9486079812
125.1 -103.1 2157.5 0.8542559743 0.0085246330 -0.5197827220 -0.0258148462 0.9993276000 -0.0260370057 0.5192112327 0.0356603786 0.8539016247
121.7 -500.4 2143.4 0.8668740988 -0.0188107267 -0.4981721342 0.1614132822 0.9560492039 0.2447768599 0.4716726542 -0.2926023006 0.8318105340
-158.2 -239.9 2066.9 0 0 0 0 0 0 0 0 0
201.8 -249.9 2059.2 0 0 0 0 0 0 0 0 0
-59.2 -862.5 2270.9 0 0 0 0 0 0 0 0 0
128.9 -865.9 2255.2 0 0 0 0 0 0 0 0 0
44.4 498.0 2169.7 7 0.9990243316 0.0165862497 0.0409303457 -0.0160581246 0.9997839332 -0.0131982556 -0.0411404110 0.0125281131 0.9990748167
41.1 296.5 2167.1 0.9990243316 0.0165862497 0.0409303457 -0.0160581246 0.9997839332 -0.0131982556 -0.0411404110 0.0125281131 0.9990748167
37.0 97.8 2164.2 0.9989530444 0.0205261707 0.0408841334 -0.0198990256 0.9996789098 -0.0156879127 -0.0411930196 0.0148579329 0.9990407228
-99.5 299.3 2172.9 0.1999146640 -0.7706073523 -0.6051433086 0.9796604514 0.1681144238 0.1095579863 0.0173071288 -0.6147372127 0.7885420918
-154.8 28.3 2168.2 0.0122003807 -0.7716922760 -0.6358790398 0.9344488978 0.2351346165 -0.2674265504 0.3558881879 -0.5909337997 0.7239757180
181.6 293.7 2161.4 0.1368507594 0.6854659319 0.7151281834 -0.9863401651 0.1611044258 0.0343292244 -0.0916788056 -0.7100576162 0.6981498599
219.5 20.9 2136.0 -0.0604674816 0.6856533289 0.7254124284 -0.9580815434 0.1640237719 -0.2348956466 -0.2800418735 -0.7092078328 0.6469936967
-58.6 -101.2 2168.8 0.9929937720 0.0467579030 0.1085222214 -0.0440995395 0.9986684322 -0.0267693885 -0.1096293926 0.0217960570 0.9937335253
-77.2 -498.1 2160.1 0.9921597838 -0.0416659191 0.1178259403 0.0045511751 0.9542089105 0.2991064489 -0.1248931065 -0.2962251306 0.9469172955
124.6 -104.9 2158.8 0.8473060131 0.0067322380 -0.5310623050 -0.0269796439 0.9991742373 -0.0303793661 0.5304192901 0.0400684923 0.8467879891
121.9 -502.1 2142.9 0.8602973223 -0.0205668900 -0.5093775988 0.1658215076 0.9561398625 0.2414534241 0.4820703268 -0.2921875119 0.8259750009
-158.3 -238.9 2066.4 0 0 0 0 0 0 0 0 0
202.2 -253.1 2055.9 0 0 0 0 0 0 0 0 0
-61.2 -862.8 2273.3 0 0 0 0 0 0 0 0 0
129.7 -867.7 2254.6 0 0 0 0 0 0 0 0 0
44.4 498.8 2171.7 8 0.9992364049 0.0143662421 0.0363343209 -0.0137741603 0.9997690916 -0.0164935514 -0.0365628786 0.0159804821 0.9992035627
41.5 297.8 2168.5 0.9992364049 0.0143662421 0.0363343209 -0.0137741603 0.9997690916 -0.0164935514 -0.0365628786 0.0159804821 0.9992035627
38.0 99.1 2164.8 0.9991892576 0.0174297225 0.0362912416 -0.0167407598 0.9996754527 -0.0192023944 -0.0366141573 0.0185792819 0.9991567731
-99.1 300.2 2173.7 0.2020165175 -0.7686780095 -0.6068965793 0.9793125987 0.1659261584 0.1158245653 0.0116682239 -0.6177399755 0.7862958908
-155.0 29.3 2170.4 0.0198518280 -0.7698783875 -0.6378818154 0.9302865863 0.2479692698 -0.2703295350 0.3662959337 -0.5880463719 0.7211301923
182.1 295.5 2163.4 0.1356372386 0.6892336607 0.7117299438 -0.9867123961 0.1588292420 0.0342327580 -0.0894491598 -0.7069159746 0.7016185522
219.5 23.2 2138.7 -0.0607146323 0.6898473501 0.7214044929 -0.9558498859 0.1679991037 -0.2410960943 -0.2875148058 -0.7041924000 0.6491904855
-58.7 -99.1 2165.0 0.9933253527 0.0487919711 0.1045183167 -0.0471031964 0.9987174273 -0.0185670443 -0.1052901968 0.0135199698 0.9943496585
-78.1 -496.1 2159.6 0.9922446012 -0.0478832424 0.1147075444 0.0103721563 0.9515009522 0.3074709177 -0.1238670424 -0.3038966060 0.9446183443
124.6 -102.8 2157.5 0.8449189067 0.0028439001 -0.5348868370 -0.0239666998 0.9991828203 -0.0325458422 0.5343571901 0.0403180718 0.8442966342
123.5 -500.1 2141.4 0.8579245210 -0.0089726327 -0.5136973858 0.1549699455 0.9577990770 0.2420851886 0.4898467660 -0.2872984707 0.8231098056
-160.7 -236.7 2065.7 0 0 0 0 0 0 0 0 0
202.1 -250.1 2056.5 0 0 0 0 0 0 0 0 0
-59.8 -859.8 2275.8 0 0 0 0 0 0 0 0 0
126.9 -866.2 2251.3 0 0 0 0 0 0 0 0 0
43.6 498.5 2173.3 9 0.9995293021 0.0104819247 0.0288318265 -0.0099063627 0.9997502565 -0.0200336426 -0.0290346164 0.0197385941 0.9993835092
41.5 297.4 2169.3 0.9995293021 0.0104819247 0.0288318265 -0.0099063627 0.9997502565 -0.0200336426 -0.0290346164 0.0197385941 0.9993835092
38.6 98.7 2165.0 0.9994794726 0.0145213613 0.0288089216 -0.0138938045 0.9996643662 -0.0218652952 -0.0291167665 0.0214536469 0.9993457794
-99.2 299.4 2173.4 0.1934550554 -0.7663951516 -0.6125468612 0.9810811281 0.1558290422 0.1148785427 0.0074102306 -0.6231819987 0.7820417285
-153.1 25.8 2171.3 0.0227745138 -0.7680000067 -0.6400447488 0.9303173423 0.2506889701 -0.2677025497 0.3660477102 -0.5893479586 0.7201930881
182.1 295.4 2165.2 0.1444498599 0.6931748986 0.7061464190 -0.9849563837 0.1691247374 0.0354654342 -0.0948430821 -0.7006464005 0.7071770430
221.5 26.8 2139.3 -0.0648291111 0.6929847598 0.7180315256 -0.9547252059 0.1662800461 -0.2466793060 -0.2903393209 -0.7015148401 0.6508302689
-57.1 -98.1 2164.5 0.9939597845 0.0508408621 0.0972580910 -0.0494055375 0.9986321926 -0.0171112474 -0.0979950130 0.0122028030 0.9951120615
-77.3 -495.1 2159.6 0.9933298230 -0.0391022936 0.1084749848 0.0039570513 0.9517512918 0.3068449497 -0.1152395532 -0.3043690026 0.9455577135
126.2 -101.2 2157.8 0.8409147263 0.0079209907 -0.5411096811 -0.0267284792 0.9992804527 -0.0269096661 0.5405071974 0.0370917730 0.8405213952
123.1 -498.5 2143.0 0.8538969755 -0.0107225478 -0.5203316212 0.1549718827 0.9596736431 0.2345424742 0.4968336523 -0.2809118927 0.8211241364
-159.7 -240.2 2066.6 0 0 0 0 0 0 0 0 0
203.0 -246.2 2056.3 0 0 0 0 0 0 0 0 0
-62.4 -859.0 2276.0 0 0 0 0 0 0 0 0 0
127.2 -865.4 2250.4 0 0 0 0 0 0 0 0 0
45.3 496.8 2168.0 0 0.9986205101 0.0139147025 0.0506306924 -0.0137938196 0.9999011159 -0.0027362059 -0.0506637618 0.0020340406 0.9987136722
42.5 295.7 2167.6 0.9986205101 0.0139147025 0.0506306924 -0.0137938196 0.9999011159 -0.0027362059 -0.0506637618 0.0020340406 0.9987136722
39.1 96.9 2165.9 0.9985787272 0.0169574283 0.0505271479 -0.0165006686 0.9998192787 -0.0094433771 -0.0506781489 0.0085962238 0.9986780286
-98.0 298.0 2174.7 0.2018475085 -0.7765007019 -0.5969122648 0.9793912172 0.1644423306 0.1172669828 0.0070997421 -0.6082806587 0.7936902642
-154.4 24.4 2172.8 0.0136471502 -0.7780374289 -0.6280696392 0.9290506840 0.2421075553 -0.2797299027 0.3697007298 -0.5796909928 0.7261402607
183.0 293.3 2160.5 0.1465548724 0.6780669689 0.7202408314 -0.9859752655 0.1588972956 0.0510335937 -0.0798401237 -0.7176188827 0.6918444633
222.5 27.4 2138.9 -0.0695077702 0.6789946556 0.7308453321 -0.9531949162 0.1708967686 -0.2494268566 -0.2942586243 -0.7139751315 0.6353356242
-56.0 -98.8 2163.4 0.9915000200 0.0534948707 0.1186001822 -0.0526693501 0.9985610843 -0.0100862691 -0.1189690903 0.0037539415 0.9928908348
-77.3 -495.8 2161.9 0.9908568263 -0.0383372940 0.1293560714 -0.0023977829 0.9536234736 0.3009924591 -0.1348962337 -0.2985506058 0.9448124170
127.4 -101.4 2158.1 0.8523450494 0.0132828718 -0.5228111148 -0.0293116570 0.9993193746 -0.0223977920 0.5221577287 0.0344151072 0.8521542549
122.1 -498.7 2144.4 0.8646654487 -0.0208233818 -0.5019163489 0.1593047976 0.9589364529 0.2346547395 0.4764195979 -0.2828555405 0.8324764967
-158.3 -241.2 2067.0 0 0 0 0 0 0 0 0 0
202.6 -245.2 2054.8 0 0 0 0 0 0 0 0 0
-62.6 -860.4 2276.1 0 0 0 0 0 0 0 0 0
130.1 -865.3 2252.5 0 0 0 0 0 0 0 0 0
44.6 496.0 2165.4 1 0.9983543754 0.0089693889 0.0566395782 -0.0093440041 0.9999361634 0.0063526360 -0.0565789826 -0.0068714228 0.9983744621
42.8 295.2 2166.8 0.9983543754 0.0089693889 0.0566395782 -0.0093440041 0.9999361634 0.0063526360 -0.0565789826 -0.0068714228 0.9983744621
40.4 96.4 2166.9 0.9983243942 0.0121617299 0.0565733537 -0.0121860607 0.9999257326 0.0000850953 -0.0565681197 -0.0007743590 0.9983984232
-97.7 296.9 2174.7 0.1994152367 -0.7797263265 -0.5935152769 0.9799078107 0.1610088199 0.1177151203 0.0037756138 -0.6050644517 0.7961675525
-153.6 22.1 2173.7 0.0181458071 -0.7813447714 -0.6238357425 0.9270263910 0.2468867749 -0.2822570503 0.3745568693 -0.5731903911 0.7288071513
183.3 293.4 2158.8 0.1458537728 0.6729698181 0.7251471281 -0.9863623381 0.1554244608 0.0541527420 -0.0762624368 -0.7231562138 0.6864613295
223.0 25.2 2138.1 -0.0746316016 0.6737099886 0.7352176905 -0.9547758698 0.1645112783 -0.2476672530 -0.2878074944 -0.7204518914 0.6309642792
-55.8 -100.3 2168.8 0.9907004833 0.0568126701 0.1236318871 -0.0548964068 0.9983140230 -0.0188542809 -0.1244946122 0.0118919993 0.9921489954
-78.4 -497.2 2164.1 0.9897601008 -0.0456030890 0.1352602541 0.0032175297 0.9544794559 0.2982593179 -0.1427046657 -0.2947699428 0.9448524117
127.4 -103.4 2159.6 0.8554430604 0.0152799627 -0.5176714659 -0.0334717892 0.9991060495 -0.0258212164 0.5168141127 0.0394159704 0.8551897407
121.3 -500.6 2143.9 0.8685144782 -0.0217172690 -0.4951878488 0.1604378223 0.9575743079 0.2393973768 0.4689801335 -0.2873669565 0.8351514339
-158.8 -243.0 2066.6 0 0 0 0 0 0 0 0 0
201.6 -247.9 2055.8 0 0 0 0 0 0 0 0 0
-61.0 -862.1 2276.8 0 0 0 0 0 0 0 0 0
129.6 -866.7 2253.7 0 0 0 0 0 0 0 0 0
44.6 495.2 2170.1 2 0.9975931048 0.0081177130 0.0688631982 -0.0076152263 0.9999424815 -0.0075562638 -0.0689205751 0.0070136678 0.9975975156
43.0 294.6 2168.7 0.9975931048 0.0081177130 0.0688631982 -0.0076152263 0.9999424815 -0.0075562638 -0.0689205751 0.0070136678 0.9975975156
40.8 95.8 2167.3 0.9975644350 0.0111147808 0.0688595399 -0.0105930911 0.9999123812 -0.0079366732 -0.0689417198 0.0071879076 0.9975947738
-97.4 296.1 2178.4 0.1880471557 -0.7876347303 -0.5867450833 0.9819464087 0.1632285863 0.0955913067 0.0204825420 -0.5941278934 0.8041097522
-150.4 19.2 2172.6 0.0318769775 -0.7880238891 -0.6148188114 0.9296131730 0.2493391931 -0.2713839710 0.3671554923 -0.5628927946 0.7405055761
183.3 293.1 2159.0 0.1466242075 0.6643959880 0.7328569293 -0.9859167933 0.1583955437 0.0536556207 -0.0804326981 -0.7304031849 0.6782637835
223.2 25.3 2137.1 -0.0733784959 0.6648719907 0.7433443666 -0.9563734531 0.1644306183 -0.2414796799 -0.2827816606 -0.7286341786 0.6238002777
-53.6 -101.2 2172.3 0.9890016913 0.0583012328 0.1359285861 -0.0553389490 0.9981426001 -0.0254738778 -0.1371612698 0.0176715646 0.9903910756
-76.7 -498.1 2165.3 0.9883945584 -0.0381664485 0.1470357925 -0.0025911892 0.9635464549 0.2675285041 -0.1518864334 -0.2648046911 0.9522652030
129.6 -103.5 2161.9 0.8616579771 0.0203342792 -0.5070819259 -0.0433270633 0.9984963536 -0.0335831493 0.5056365132 0.0509075597 0.8612433672
121.5 -500.5 2141.7 0.8769044876 -0.0176257454 -0.4803414047 0.1571665853 0.9549106956 0.2518813908 0.4542435408 -0.2963695526 0.8401356339
-159.6 -246.7 2067.6 0 0 0 0 0 0 0 0 0
202.2 -248.2 2056.3 0 0 0 0 0 0 0 0 0
-62.1 -866.3 2266.4 0 0 0 0 0 0 0 0 0
128.3 -865.5 2255.0 0 0 0 0 0 0 0 0 0
43.7 495.1 2171.9 3 0.9983115196 0.0017718710 0.0580601096 -0.0011023181 0.9999325275 -0.0115620634 -0.0580766797 0.0114785405 0.9982461333
43.4 294.5 2169.6 0.9983115196 0.0017718710 0.0580601096 -0.0011023181 0.9999325275 -0.0115620634 -0.0580766797 0.0114785405 0.9982461333
42.7 95.8 2167.1 0.9983073473 0.0034572007 0.0580561422 -0.0027021521 0.9999108315 -0.0130789615 -0.0580961816 0.0128999464 0.9982276559
-97.1 294.9 2177.8 0.1902197599 -0.7823327184 -0.5931036472 0.9816295505 0.1606901288 0.1028693691 0.0148278372 -0.6017758846 0.7985273600
-150.7 18.6 2173.6 0.0279576536 -0.7830909491 -0.6212785244 0.9304557443 0.2475397736 -0.2701409757 0.3653360903 -0.5705196261 0.7355520725
183.9 294.2 2161.5 0.1435324550 0.6712843776 0.7271696329 -0.9852346778 0.1662219912 0.0410233438 -0.0933332518 -0.7223209143 0.6852309108
223.1 24.6 2135.9 -0.0722349510 0.6706500053 0.7382484078 -0.9587116838 0.1574345976 -0.2368254513 -0.2750528157 -0.7248744369 0.6315876842
-53.0 -102.0 2172.1 0.9901775122 0.0604664162 0.1260646433 -0.0588043369 0.9981269836 -0.0168677904 -0.1268484592 0.0092889583 0.9918786287
-77.0 -498.8 2168.5 0.9898305535 -0.0347726904 0.1379358321 -0.0026929432 0.9649087787 0.2625716031 -0.1422258019 -0.2602728605 0.9550025463
130.1 -103.9 2159.5 0.8563771248 0.0194913745 -0.5159829259 -0.0416243263 0.9986410737 -0.0313600190 0.5146704316 0.0483334400 0.8560246229
122.3 -501.0 2140.3 0.8730099797 -0.0087000169 -0.4876247346 0.1561820060 0.9521728158 0.2626292706 0.4620181322 -0.3054361939 0.8326151371
-158.6 -247.4 2069.2 0 0 0 0 0 0 0 0 0
202.5 -249.6 2057.3 0 0 0 0 0 0 0 0 0
-63.7 -867.6 2267.9 0 0 0 0 0 0 0 0 0
125.6 -865.0 2257.0 0 0 0 0 0 0 0 0 0
43.3 497.8 2173.4 4 0.9983581305 -0.0008636572 0.0572740138 0.0016056901 0.9999153614 -0.0129110850 -0.0572580136 0.0129818507 0.9982749820
43.5 297.6 2170.8 0.9983581305 -0.0008636572 0.0572740138 0.0016056901 0.9999153614 -0.0129110850 -0.0572580136 0.0129818507 0.9982749820
43.4 98.8 2167.7 0.9983583093 0.0005624044 0.0572743751 0.0003144948 0.9998828769 -0.0153003335 -0.0572762713 0.0152932275 0.9982412457
-97.0 297.5 2178.8 0.1824419051 -0.7831480503 -0.5944695473 0.9830804467 0.1553611159 0.0970349312 0.0163647328 -0.6021146178 0.7982419133
-149.2 16.6 2174.1 0.0363226533 -0.7836768031 -0.6201058626 0.9293824434 0.2545723915 -0.2672847807 0.3673267365 -0.5666069984 0.7375822663
184.0 297.6 2162.7 0.1425778270 0.6718245149 0.7268585563 -0.9851953387 0.1669551432 0.0389380530 -0.0951932445 -0.7216493487 0.6856824756
223.5 24.3 2136.3 -0.0735729784 0.6712005138 0.7376157045 -0.9578065276 0.1584966332 -0.2397613078 -0.2778375149 -0.7241330743 0.6312191486
-49.6 -102.8 2169.8 0.9894889593 0.0712373778 0.1258444041 -0.0704854578 0.9974583387 -0.0104234880 -0.1262671053 0.0014437260 0.9919952154
-77.9 -499.3 2169.3 0.9892831445 -0.0389406085 0.1407212019 -0.0002367014 0.9633509517 0.2682441175 -0.1460095048 -0.2654027045 0.9530176520
133.6 -103.3 2159.2 0.8559575677 0.0274560191 -0.5163165331 -0.0455283783 0.9987125397 -0.0223693997 0.5150376558 0.0426543131 0.8561056256
122.7 -500.3 2142.2 0.8723273873 -0.0075804037 -0.4888634384 0.1501535177 0.9557128549 0.2531143129 0.4652943909 -0.2942031026 0.8348327279
-159.6 -249.2 2069.1 0 0 0 0 0 0 0 0 0
202.5 -249.6 2056.8 0 0 0 0 0 0 0 0 0
-63.0 -867.6 2270.7 0 0 0 0 0 0 0 0 0
125.6 -865.7 2254.7 0 0 0 0 0 0 0 0 0
44.0 496.7 2175.1 5 0.9980417490 0.0010468946 0.0625424087 0.0000686004 0.9998410344 -0.0178310070 -0.0625511333 0.0178003795 0.9978830218
43.8 296.6 2171.5 0.9980417490 0.0010468946 0.0625424087 0.0000686004 0.9998410344 -0.0178310070 -0.0625511333 0.0178003795 0.9978830218
43.4 97.8 2167.7 0.9980403781 0.0020295377 0.0625405312 -0.0008392080 0.9998181462 -0.0190533269 -0.0625678226 0.0189635046 0.9978605509
-96.7 296.7 2180.3 0.1860671788 -0.7859771252 -0.5895921588 0.9823855758 0.1593561918 0.0975918397 0.0172502026 -0.5973654985 0.8017835617
-149.0 20.3 2175.5 0.0370484777 -0.7861618996 -0.6169091463 0.9303567410 0.2524797618 -0.2658765316 0.3647790849 -0.5640952587 0.7407649755
184.3 296.4 2162.7 0.1448572129 0.6688819528 0.7291181684 -0.9854006171 0.1641446501 0.0451901928 -0.0894539431 -0.7250196338 0.6828942299
223.6 29.1 2138.4 -0.0682972372 0.6686992049 0.7403896451 -0.9586401582 0.1615456790 -0.2343332916 -0.2763052285 -0.7257715464 0.6300087571
-48.3 -100.0 2169.9 0.9889081717 0.0713020787 0.1302944720 -0.0685917214 0.9973270297 -0.0251782183 -0.1317414641 0.0159618240 0.9911555648
-76.7 -496.5 2163.6 0.9889453650 -0.0223164335 0.1465916038 -0.0241876300 0.9510899782 0.3079656661 -0.1462945044 -0.3081068993 0.9400361776
134.9 -100.0 2159.4 0.8584703207 0.0331332795 -0.5117918253 -0.0530801527 0.9982919693 -0.0244065020 0.5101090074 0.0481182449 0.8587627411
121.7 -496.9 2140.3 0.8751057386 -0.0208460502 -0.4834825993 0.1598070115 0.9554740191 0.2480547726 0.4567840993 -0.2943380475 0.8394721150
-159.6 -245.8 2071.1 0 0 0 0 0 0 0 0 0
204.0 -245.0 2059.4 0 0 0 0 0 0 0 0 0
-68.2 -859.7 2281.2 0 0 0 0 0 0 0 0 0
129.6 -862.1 2252.8 0 0 0 0 0 0 0 0 0
43.9 495.8 2174.9 6 0.9983391166 0.0023749936 0.0575615279 -0.0014388101 0.9998661280 -0.0163000394 -0.0575925335 0.0161901470 0.9982088804
43.4 295.5 2171.7 0.9983391166 0.0023749936 0.0575615279 -0.0014388101 0.9998661280 -0.0163000394 -0.0575925335 0.0161901470 0.9982088804
42.7 96.7 2167.9 0.9983361959 0.0035234161 0.0575536489 -0.0024349689 0.9998170733 -0.0189710613 -0.0576099642 0.0187993571 0.9981621504
-97.1 295.9 2179.8 0.1815587878 -0.7839282155 -0.5937111974 0.9832586646 0.1542032659 0.0970757455 0.0154517926 -0.6013966203 0.7988011837
-148.3 18.5 2175.4 0.0416832119 -0.7839382887 -0.6194378734 0.9315379262 0.2546525896 -0.2595941126 0.3612472117 -0.5662091374 0.7408829927
183.9 295.2 2163.6 0.1458811015 0.6719873548 0.7260521650 -0.9848706722 0.1680331081 0.0423632078 -0.0935332552 -0.7212474346 0.6863334775
223.4 28.4 2138.2 -0.0664866343 0.6717011333 0.7378327250 -0.9579789042 0.1638167799 -0.2354581207 -0.2790268660 -0.7224829793 0.6325838566
-48.6 -100.9 2169.7 0.9894285202 0.0729319826 0.1253480762 -0.0703434125 0.9972105026 -0.0249605607 -0.1268188506 0.0158792771 0.9917987585
-77.6 -497.4 2163.4 0.9890778661 -0.0382669531 0.1423397660 -0.0068386546 0.9527556300 0.3036608696 -0.1472351998 -0.3013176322 0.9420878291
134.6 -101.1 2158.2 0.8561002612 0.0315188281 -0.5158477426 -0.0465036482 0.9987875223 -0.0161504447 0.5147132874 0.0378152020 0.8565280437
122.0 -498.2 2143.2 0.8706517220 -0.0126861203 -0.4917363524 0.1456919909 0.9614642859 0.2331528515 0.4698291421 -0.2746369839 0.8389487863
-160.3 -247.9 2072.1 0 0 0 0 0 0 0 0 0
204.4 -245.6 2058.4 0 0 0 0 0 0 0 0 0
-63.0 -861.4 2278.5 0 0 0 0 0 0 0 0 0
126.9 -865.6 2248.2 0 0 0 0 0 0 0 0 0
43.5 496.4 2168.4 7 0.9983876348 -0.0007974332 0.0567578152 0.0003756955 0.9999722242 0.0074407617 -0.0567621738 -0.0074074408 0.9983602762
43.7 295.6 2169.8 0.9983876348 -0.0007974332 0.0567578152 0.0003756955 0.9999722242 0.0074407617 -0.0567621738 -0.0074074408 0.9983602762
43.2 96.8 2170.0 0.9983854294 0.0023990134 0.0567524321 -0.0024437588 0.9999967813 0.0007190438 -0.0567505211 -0.0008565721 0.9983880520
-96.8 295.9 2177.8 0.1852292567 -0.7816128731 -0.5956269503 0.9826638699 0.1521705985 0.1059045345 0.0078605684 -0.6049177051 0.7962492108
-149.3 17.4 2175.6 0.0400172919 -0.7817900777 -0.6222563386 0.9326028824 0.2527715266 -0.2576012909 0.3586787879 -0.5700095296 0.7392148972
184.2 295.2 2161.9 0.1441757828 0.6712611318 0.7270638347 -0.9856922030 0.1622527093 0.0456617400 -0.0873171315 -0.7232444882 0.6850497723
223.4 27.3 2138.1 -0.0686524734 0.6709628701 0.7383059263 -0.9596024752 0.1579927653 -0.2328118235 -0.2728550732 -0.7244633436 0.6330110431
-49.6 -101.8 2169.5 0.9900432229 0.0691997409 0.1225797087 -0.0655819103 0.9972910285 -0.0333118103 -0.1245528087 0.0249411222 0.9918994308
-77.1 -498.3 2159.6 0.9897321463 -0.0322843902 0.1392407566 -0.0151014486 0.9450868964 0.3264700770 -0.1421345025 -0.3252206743 0.9348953366
133.6 -102.2 2158.9 0.8554286957 0.0285604838 -0.5171325207 -0.0455273725 0.9987598658 -0.0201502666 0.5159156919 0.0407808013 0.8556681275
122.2 -499.3 2142.7 0.8712309599 -0.0149019770 -0.4906470478 0.1558812261 0.9562005401 0.2477530092 0.4654649496 -0.2923327684 0.8353945017
-160.8 -249.3 2073.0 0 0 0 0 0 0 0 0 0
203.8 -247.2 2060.1 0 0 0 0 0 0 0 0 0
-64.8 -859.4 2283.8 0 0 0 0 0 0 0 0 0
127.9 -864.8 2254.4 0 0 0 0 0 0 0 0 0
43.3 495.6 2172.1 8 0.9975594878 0.0006150455 0.0698188841 -0.0001228105 0.9999750853 -0.0070542437 -0.0698214844 0.0070284531 0.9975347519
43.2 294.9 2170.7 0.9975594878 0.0006150455 0.0698188841 -0.0001228105 0.9999750853 -0.0070542437 -0.0698214844 0.0070284531 0.9975347519
42.7 96.1 2169.1 0.9975563884 0.0026135279 0.0698169991 -0.0020443546 0.9999641180 -0.0082225688 -0.0698359832 0.0080597447 0.9975259304
-97.2 295.1 2180.5 0.1857267171 -0.7899468541 -0.5843710899 0.9825575352 0.1549282074 0.1028492525 0.0092901196 -0.5932800770 0.8049425483
-149.2 19.9 2177.9 0.0361185782 -0.7902221084 -0.6117551923 0.9319064617 0.2477011979 -0.2649422884 0.3608957529 -0.5605292916 0.7453597188
183.6 294.6 2160.8 0.1466297656 0.6626277566 0.7344549894 -0.9853959680 0.1628252864 0.0498271808 -0.0865709707 -0.7310351133 0.6768257618
223.3 27.5 2137.4 -0.0727353618 0.6621634960 0.7458211184 -0.9599037766 0.1565120071 -0.2325698286 -0.2707291842 -0.7328325510 0.6242292523
-48.9 -101.8 2175.4 0.9881050587 0.0737865418 0.1349220872 -0.0674621612 0.9964243174 -0.0508664362 -0.1381929070 0.0411592461 0.9895496964
-78.2 -497.9 2159.0 0.9869151711 -0.0516196415 0.1527544260 -0.0011753817 0.9450417161 0.3269477487 -0.1612362266 -0.3228492141 0.9326152802
134.3 -102.2 2165.0 0.8618249297 0.0331065953 -0.5061241984 -0.0589871742 0.9976384640 -0.0351854414 0.5037640929 0.0601785257 0.8617425561
121.2 -498.8 2141.1 0.8794648051 -0.0219930448 -0.4754555225 0.1600670666 0.9544152021 0.2519328296 0.4482412040 -0.2976708114 0.8428949714
-159.6 -246.6 2074.7 0 0 0 0 0 0 0 0 0
202.5 -247.0 2059.9 0 0 0 0 0 0 0 0 0
-58.5 -859.0 2282.4 0 0 0 0 0 0 0 0 0
129.6 -863.6 2254.8 0 0 0 0 0 0 0 0 0
43.5 495.8 2172.9 9 0.9972479343 0.0016523384 0.0741207451 -0.0009430474 0.9999534488 -0.0096033774 -0.0741331577 0.0095070479 0.9972030520
43.2 295.2 2171.0 0.9972479343 0.0016523384 0.0741207451 -0.0009430474 0.9999534488 -0.0096033774 -0.0741331577 0.0095070479 0.9972030520
42.2 96.5 2169.0 0.9972373247 0.0049216938 0.0741178617 -0.0041561364 0.9999364614 -0.0104796179 -0.0741647333 0.0101426225 0.9971944094
-97.2 295.8 2181.5 0.1818548441 -0.7928552628 -0.5816436410 0.9832437038 0.1542420238 0.0971660763 0.0126752574 -0.5895675421 0.8076196313
-149.0 15.9 2177.8 0.0334029645 -0.7932016850 -0.6080421805 0.9332708716 0.2424438596 -0.2650027871 0.3576167524 -0.5586161613 0.7483703494
183.5 294.7 2160.6 0.1462582350 0.6598058939 0.7370648980 -0.9853795767 0.1629839987 0.0496320762 -0.0873822570 -0.7335478067 0.6739969850
223.3 26.2 2136.8 -0.0749584585 0.6591371894 0.7482776046 -0.9604583383 0.1540572494 -0.2319184095 -0.2681436539 -0.7360736728 0.6215259433
-49.4 -102.5 2173.9 0.9875232577 0.0732267871 0.1394118369 -0.0669827387 0.9965515733 -0.0489718877 -0.1425171494 0.0390226915 0.9890227914
-78.5 -498.7 2158.3 0.9861989617 -0.0533352159 0.1567385197 -0.0015325316 0.9437102079 0.3307698071 -0.1655574292 -0.3264450431 0.9306042790
133.6 -102.9 2161.0 0.8642179370 0.0296867657 -0.5022410154 -0.0511352718 0.9982711077 -0.0289832540 0.5005122423 0.0507300794 0.8642418385
121.8 -499.7 2140.9 0.8806543946 -0.0155081488 -0.4735053182 0.1531699449 0.9551069736 0.2535934448 0.4483154714 -0.2958549559 0.8434945345
-158.5 -251.0 2075.6 0 0 0 0 0 0 0 0 0
201.9 -248.4 2060.1 0 0 0 0 0 0 0 0 0
-58.1 -859.4 2283.1 0 0 0 0 0 0 0 0 0
127.8 -864.9 2254.0 0 0 0 0 0 0 0 0 0
44.0 495.5 2173.9 0 0.9979100227 0.0039684074 0.0644966811 -0.0030322261 0.9998887181 -0.0146065950 -0.0645474717 0.0143804988 0.9978110194
43.2 294.8 2171.0 0.9979100227 0.0039684074 0.0644966811 -0.0030322261 0.9998887181 -0.0146065950 -0.0645474717 0.0143804988 0.9978110194
42.0 96.1 2168.0 0.9978976250 0.0063932627 0.0644937903 -0.0054258285 0.9998703003 -0.0151644377 -0.0645823777 0.0147826243 0.9978028536
-97.2 295.6 2180.1 0.1876769066 -0.7874818444 -0.5870687962 0.9822009802 0.1551218927 0.1059173495 0.0076592281 -0.5964977741 0.8025782108
-150.7 15.5 2177.9 0.0350661576 -0.7873564959 -0.6154999137 0.9394742250 0.2360036224 -0.2483757138 0.3408204317 -0.5695367455 0.7479768395
183.7 294.1 2161.9 0.1456093937 0.6665729880 0.7310802341 -0.9847442508 0.1688088477 0.0422177911 -0.0952715799 -0.7260743976 0.6809840798
223.3 26.2 2136.0 -0.0728145614 0.6652517915 0.7430599332 -0.9620391130 0.1496307701 -0.2282354236 -0.2630186677 -0.7314715981 0.6291029453
-50.3 -101.9 2173.8 0.9888886213 0.0696004033 0.1313586682 -0.0659170821 0.9973058105 -0.0321884453 -0.1332450807 0.0231720079 0.9908121824
-78.0 -498.4 2164.6 0.9882350564 -0.0425151363 0.1469147354 -0.0029865436 0.9550391436 0.2964646518 -0.1529135555 -0.2934155464 0.9436761737
132.7 -102.7 2160.2 0.8595739007 0.0201174635 -0.5106152892 -0.0431323238 0.9985152483 -0.0332693271 0.5091878772 0.0506214686 0.8591654301
124.7 -499.7 2140.1 0.8762125969 -0.0020982290 -0.4819201827 0.1469240040 0.9535482526 0.2629810870 0.4589823782 -0.3012329936 0.8358193040
-160.7 -253.2 2080.4 0 0 0 0 0 0 0 0 0
202.5 -248.9 2060.7 0 0 0 0 0 0 0 0 0
-61.7 -863.3 2276.7 0 0 0 0 0 0 0 0 0
125.5 -864.2 2255.2 0 0 0 0 0 0 0 0 0
43.7 495.7 2174.3 1 0.9980195761 0.0056969086 0.0626455545 -0.0047032032 0.9998609424 -0.0159983821 -0.0627279878 0.0156720635 0.9979075789
42.6 294.9 2171.2 0.9980195761 0.0056969086 0.0626455545 -0.0047032032 0.9998609424 -0.0159983821 -0.0627279878 0.0156720635 0.9979075789
41.2 96.2 2167.8 0.9980124831 0.0068995021 0.0626380667 -0.0058333329 0.9998352528 -0.0171880554 -0.0627463311 0.0167885050 0.9978882670
-97.9 295.7 2180.0 0.1868016869 -0.7874270678 -0.5874212980 0.9823960662 0.1507933289 0.1102692485 0.0017502138 -0.5976788402 0.8017337322
-151.1 16.0 2179.5 0.0443071611 -0.7868389487 -0.6155658364 0.9390863776 0.2430090159 -0.2430295795 0.3408131897 -0.5673015714 0.7496768236
183.0 294.1 2162.3 0.1473678648 0.6677411795 0.7296604514 -0.9842705727 0.1716808528 0.0416789390 -0.0974379852 -0.7243254781 0.6825382710
223.2 26.0 2135.8 -0.0676351860 0.6665405631 0.7423942089 -0.9623374939 0.1527948827 -0.2248560935 -0.2633097470 -0.7296419740 0.6311026812
-50.9 -102.2 2171.0 0.9890778661 0.0683115497 0.1306081265 -0.0664772317 0.9976190329 -0.0183583088 -0.1315512359 0.0094753308 0.9912641048
-78.0 -498.8 2167.2 0.9887448549 -0.0356541760 0.1453009695 -0.0080898507 0.9570268393 0.2898865640 -0.1493925899 -0.2877993286 0.9459668994
132.3 -103.2 2159.2 0.8586665988 0.0230909847 -0.5120141506 -0.0418599211 0.9988067746 -0.0251561087 0.5108222961 0.0430335812 0.8586085439
123.1 -500.3 2142.1 0.8740022779 -0.0064126081 -0.4858794510 0.1464157850 0.9569168091 0.2507440746 0.4633383155 -0.2902913094 0.8372864127
-163.7 -252.5 2082.0 0 0 0 0 0 0 0 0 0
203.8 -249.2 2060.5 0 0 0 0 0 0 0 0 0
-64.4 -864.5 2277.2 0 0 0 0 0 0 0 0 0
125.5 -866.1 2253.0 0 0 0 0 0 0 0 0 0
44.2 494.9 2174.5 2 0.9983686805 0.0048686075 0.0568882860 -0.0039547314 0.9998614788 -0.0161659513 -0.0569591112 0.0159146022 0.9982496500
43.2 294.3 2171.4 0.9983686805 0.0048686075 0.0568882860 -0.0039547314 0.9998614788 -0.0161659513 -0.0569591112 0.0159146022 0.9982496500
41.8 95.6 2167.9 0.9983569980 0.0069415667 0.0568781570 -0.0059330487 0.9998224974 -0.0178809240 -0.0569921844 0.0175140854 0.9982209802
-97.3 295.2 2179.4 0.1863229722 -0.7846856117 -0.5912294388 0.9824858904 0.1474177837 0.1139711067 -0.0022737442 -0.6021100283 0.7984098792
-150.3 15.7 2180.0 0.0410692766 -0.7848584056 -0.6183127165 0.9339042902 0.2501226664 -0.2554631233 0.3551563919 -0.5669532418 0.7432549596
183.7 293.5 2163.3 0.1453445256 0.6716184020 0.7265009880 -0.9840596318 0.1741898209 0.0358410813 -0.1024775580 -0.7201296091 0.6862300634
223.1 26.7 2135.5 -0.0647979230 0.6704155207 0.7391510606 -0.9622602463 0.1542057246 -0.2242226005 -0.2643036246 -0.7257848382 0.6351220012
-51.7 -102.1 2170.3 0.9902326465 0.0634471923 0.1241523027 -0.0601480640 0.9977341294 -0.0301472656 -0.1257837415 0.0223852843 0.9918050766
-77.0 -498.7 2161.4 0.9896703362 -0.0368383825 0.1385480165 -0.0100641549 0.9461849332 0.3234699368 -0.1430081427 -0.3215229809 0.9360404015
131.4 -103.2 2158.7 0.8557752371 0.0231976733 -0.5168274045 -0.0390647277 0.9990396500 -0.0198426638 0.5158707500 0.0371705815 0.8558596373
122.2 -500.4 2144.0 0.8705874681 -0.0073173316 -0.4919592440 0.1476760209 0.9576739073 0.2470881194 0.4693284929 -0.2877624035 0.8348194957
-162.0 -251.3 2078.5 0 0 0 0 0 0 0 0 0
204.6 -248.5 2060.0 0 0 0 0 0 0 0 0 0
-62.9 -860.2 2284.2 0 0 0 0 0 0 0 0 0
125.0 -866.5 2254.0 0 0 0 0 0 0 0 0 0
43.8 496.0 2174.7 3 0.9983227849 0.0011305138 0.0578823090 -0.0002373263 0.9998808503 -0.0154356472 -0.0578928590 0.0153960213 0.9982040524
43.5 295.6 2171.6 0.9983227849 0.0011305138 0.0578823090 -0.0002373263 0.9998808503 -0.0154356472 -0.0578928590 0.0153960213 0.9982040524
43.3 96.8 2168.2 0.9983228445 0.0011436011 0.0578804910 -0.0001578289 0.9998549223 -0.0170328729 -0.0578915738 0.0169951711 0.9981781840
-97.0 295.6 2179.7 0.1837435365 -0.7854277492 -0.5910512209 0.9829733372 0.1460165381 0.1115462482 -0.0013082651 -0.6014835238 0.7988841534
-149.6 13.9 2180.1 0.0455749966 -0.7852423191 -0.6175090075 0.9346107244 0.2517905831 -0.2512056530 0.3527402878 -0.5656818748 0.7453712821
184.0 295.6 2163.4 0.1424142569 0.6705617309 0.7280557156 -0.9842775464 0.1735833734 0.0326579101 -0.1044792235 -0.7212598324 0.6847395897
223.0 26.2 2134.8 -0.0637038127 0.6696296334 0.7399581075 -0.9611964822 0.1582505554 -0.2259602994 -0.2684084773 -0.7256396413 0.6335645318
-51.2 -102.7 2169.6 0.9896916747 0.0680542588 0.1260119677 -0.0665232167 0.9976513386 -0.0163234472 -0.1268268824 0.0077724583 0.9918944240
-78.2 -499.3 2166.5 0.9891526103 -0.0417904258 0.1408213377 -0.0009790822 0.9567794204 0.2908130288 -0.1468881518 -0.2877963483 0.9463599324
132.1 -103.7 2159.2 0.8562996387 0.0241355728 -0.5159151554 -0.0411658064 0.9989189506 -0.0215942152 0.5148362517 0.0397291817 0.8563674688
122.5 -500.9 2143.4 0.8717728257 -0.0079776896 -0.4898453653 0.1499225199 0.9562429786 0.2512421012 0.4664068520 -0.2924648821 0.8348227143
-162.7 -253.4 2079.2 0 0 0 0 0 0 0 0 0
204.8 -248.6 2058.1 0 0 0 0 0 0 0 0 0
-62.2 -864.7 2276.4 0 0 0 0 0 0 0 0 0
125.5 -866.5 2255.2 0 0 0 0 0 0 0 0 0
44.3 494.1 2175.2 4 0.9980127215 0.0018338152 0.0629865304 -0.0006586121 0.9998254180 -0.0186737068 -0.0630097762 0.0185951125 0.9978396893
44.0 294.1 2171.5 0.9980127215 0.0018338152 0.0629865304 -0.0006586121 0.9998254180 -0.0186737068 -0.0630097762 0.0185951125 0.9978396893
43.7 95.3 2167.7 0.9980137944 0.0011100078 0.0629861504 0.0000826697 0.9998208284 -0.0189297870 -0.0629958734 0.0188973937 0.9978348613
-96.5 294.1 2180.4 0.1887860447 -0.7874975801 -0.5866919160 0.9820168018 0.1524083912 0.1114210635 0.0016729584 -0.5971760750 0.8021084070
-149.6 17.7 2179.9 0.0334449597 -0.7878954411 -0.6149001718 0.9346531630 0.2425654680 -0.2599719167 0.3539842367 -0.5660236478 0.7445215583
184.4 294.1 2162.6 0.1430851519 0.6671695709 0.7310345173 -0.9843367338 0.1727971584 0.0349627323 -0.1029946208 -0.7245867252 0.6814441681
223.1 28.1 2134.8 -0.0674388558 0.6663890481 0.7425480485 -0.9593963623 0.1609859765 -0.2316077501 -0.2738806903 -0.7280172706 0.6284745336
-48.5 -101.9 2170.1 0.9885037541 0.0759233385 0.1307517588 -0.0735607818 0.9970297813 -0.0228120759 -0.1320953667 0.0129316188 0.9911526442
-78.7 -498.3 2165.0 0.9877387285 -0.0498542078 0.1479417384 0.0048220074 0.9569304585 0.2902772725 -0.1560414881 -0.2860047221 0.9454376698
134.7 -102.0 2159.5 0.8587442636 0.0318524763 -0.5114133954 -0.0485129096 0.9986367822 -0.0192625504 0.5101026893 0.0413517579 0.8591188788
122.0 -499.0 2143.1 0.8744419217 -0.0164602380 -0.4848509133 0.1539286226 0.9571952820 0.2451185882 0.4600623250 -0.2889744043 0.8395453691
-159.2 -249.5 2078.7 0 0 0 0 0 0 0 0 0
203.8 -246.3 2056.5 0 0 0 0 0 0 0 0 0
-59.6 -864.0 2274.3 0 0 0 0 0 0 0 0 0
128.3 -865.0 2253.5 0 0 0 0 0 0 0 0 0
44.5 493.3 2174.5 5 0.9978144765 0.0022490851 0.0660393462 -0.0010984075 0.9998470545 -0.0174552631 -0.0660685003 0.0173445754 0.9976643324
44.1 293.4 2171.0 0.9978144765 0.0022490851 0.0660393462 -0.0010984075 0.9998470545 -0.0174552631 -0.0660685003 0.0173445754 0.9976643324
43.7 94.6 2167.5 0.9978151321 0.0019834097 0.0660380870 -0.0007928825 0.9998368025 -0.0180492178 -0.0660631061 0.0179574229 0.9976538420
-96.4 293.5 2180.3 0.1942551434 -0.7884221673 -0.5836569071 0.9809508324 0.1564989388 0.1150804684 0.0006096942 -0.5948936939 0.8038041592
-150.5 19.9 2180.2 0.0247304253 -0.7890099287 -0.6138824821 0.9365401864 0.2330834568 -0.2618483603 0.3496868312 -0.5684500337 0.7447037697
184.5 293.3 2161.7 0.1422273964 0.6652438045 0.7329543233 -0.9846968055 0.1704353690 0.0363866948 -0.1007153243 -0.7269129753 0.6793040037
223.0 26.6 2134.5 -0.0691558644 0.6644979715 0.7440832257 -0.9596405029 0.1594963670 -0.2316270024 -0.2725942433 -0.7300707698 0.6266490817
-48.1 -103.4 2169.8 0.9879517555 0.0762498006 0.1346748173 -0.0755470693 0.9970887303 -0.0103283254 -0.1350702792 0.0000296003 0.9908360243
-78.4 -499.8 2169.8 0.9877100587 -0.0447929017 0.1497411579 0.0066423160 0.9692180753 0.2461141050 -0.1561560035 -0.2420947403 0.9576039910
135.1 -103.4 2158.2 0.8604730368 0.0287230816 -0.5086857080 -0.0421005376 0.9990036488 -0.0148066171 0.5077535510 0.0341566354 0.8608250022
123.7 -500.6 2144.6 0.8747153878 0.0020874145 -0.4846324921 0.1306131184 0.9619740844 0.2398876399 0.4667046368 -0.2731327713 0.8411808610
-157.6 -247.9 2080.2 0 0 0 0 0 0 0 0 0
203.2 -247.9 2056.5 0 0 0 0 0 0 0 0 0
-61.3 -869.9 2262.2 0 0 0 0 0 0 0 0 0
122.9 -868.3 2249.0 0 0 0 0 0 0 0 0 0
43.4 494.2 2168.1 6 0.9986745119 0.0008986134 0.0514627621 -0.0010448222 0.9999954700 0.0028142275 -0.0514600016 -0.0028642665 0.9986709356
43.3 293.6 2168.7 0.9986745119 0.0008986134 0.0514627621 -0.0010448222 0.9999954700 0.0028142275 -0.0514600016 -0.0028642665 0.9986709356
42.9 94.8 2168.3 0.9986739755 0.0015834016 0.0514564961 -0.0014703231 0.9999964237 -0.0022353362 -0.0514598489 0.0021567144 0.9986727238
-97.3 293.7 2176.0 0.1842689961 -0.7810848355 -0.5966166258 0.9828103185 0.1394178867 0.1210228875 -0.0113501186 -0.6086617112 0.7933486700
-149.0 18.0 2179.1 0.0202901792 -0.7829655409 -0.6217340827 0.9357168674 0.2339163572 -0.2640398741 0.3521679044 -0.5764096379 0.7373803258
183.8 293.4 2161.5 0.1441304386 0.6740850806 0.7244554758 -0.9846270680 0.1706913114 0.0370681882 -0.0986711457 -0.7186610699 0.6883242130
223.1 25.1 2134.6 -0.0704515204 0.6729593277 0.7363166809 -0.9603039026 0.1539766192 -0.2326103300 -0.2699128687 -0.7234755754 0.6353976130
-48.3 -104.1 2170.0 0.9902607203 0.0733208805 0.1183544025 -0.0715652332 0.9972545505 -0.0190220028 -0.1194241792 0.0103666820 0.9927892089
-77.4 -500.6 2165.8 0.9901068807 -0.0364873782 0.1354882717 -0.0055939984 0.9545661211 0.2979466021 -0.1402038187 -0.2957569063 0.9449183941
134.8 -104.2 2157.8 0.8527135849 0.0292329714 -0.5215600729 -0.0426136814 0.9989979863 -0.0136773977 0.5206376910 0.0338885002 0.8531048894
123.2 -501.5 2144.4 0.8678389192 -0.0031844203 -0.4968354404 0.1418878734 0.9599243999 0.2416877151 0.4761548340 -0.2802409530 0.8335115910
-154.8 -249.6 2078.4 0 0 0 0 0 0 0 0 0
202.9 -249.5 2057.4 0 0 0 0 0 0 0 0 0
-63.5 -864.7 2278.7 0 0 0 0 0 0 0 0 0
124.4 -868.4 2251.5 0 0 0 0 0 0 0 0 0
44.1 498.6 2171.0 7 0.9989300370 0.0041580023 0.0460593030 -0.0039593396 0.9999824762 -0.0044035842 -0.0460768044 0.0042165080 0.9989290237
43.3 297.6 2170.1 0.9989300370 0.0041580023 0.0460593030 -0.0039593396 0.9999824762 -0.0044035842 -0.0460768044 0.0042165080 0.9989290237
42.4 98.8 2168.8 0.9989282489 0.0046685645 0.0460497104 -0.0043702424 0.9999688268 -0.0065768128 -0.0460789800 0.0063685155 0.9989175200
-97.3 298.2 2176.6 0.1839386374 -0.7784311771 -0.6001762152 0.9828732610 0.1386653185 0.1213759407 -0.0112591926 -0.6122228503 0.7906050682
-149.8 17.5 2179.8 0.0067424225 -0.7810654044 -0.6244128346 0.9358932376 0.2248690575 -0.2711783946 0.3522191644 -0.5825553536 0.7325100303
183.9 297.0 2163.6 0.1414523125 0.6778765321 0.7214393020 -0.9840297699 0.1758316904 0.0277238917 -0.1080585122 -0.7138393521 0.6919224858
222.9 25.3 2133.8 -0.0702417865 0.6761382818 0.7334187627 -0.9621095657 0.1482644975 -0.2288291454 -0.2634600997 -0.7217026353 0.6401047707
-49.0 -103.9 2172.6 0.9912599325 0.0700235814 0.1118052974 -0.0660552233 0.9970606565 -0.0388162434 -0.1141947210 0.0310916640 0.9929717183
-76.9 -500.2 2160.2 0.9911917448 -0.0268464126 0.1296851188 -0.0174929611 0.9441177845 0.3291438222 -0.1312743425 -0.3285132051 0.9353320599
134.2 -104.1 2163.1 0.8497155309 0.0292168800 -0.5264313221 -0.0485918820 0.9985535741 -0.0230127946 0.5249975324 0.0451346152 0.8499061465
122.6 -501.2 2145.2 0.8646640778 -0.0155626917 -0.5021093488 0.1503957659 0.9616943002 0.2291836739 0.4793089926 -0.2736820281 0.8338831067
-151.7 -250.2 2079.1 0 0 0 0 0 0 0 0 0
202.9 -249.8 2058.5 0 0 0 0 0 0 0 0 0
-66.6 -860.6 2285.6 0 0 0 0 0 0 0 0 0
128.5 -868.8 2249.8 0 0 0 0 0 0 0 0 0
44.3 493.4 2166.4 8 0.9986032248 0.0056160893 0.0525364764 -0.0057318392 0.9999814630 0.0020528133 -0.0525239743 -0.0023510766 0.9986168742
43.2 292.9 2166.8 0.9986032248 0.0056160893 0.0525364764 -0.0057318392 0.9999814630 0.0020528133 -0.0525239743 -0.0023510766 0.9986168742
41.9 94.1 2166.9 0.9985996485 0.0063335700 0.0525231026 -0.0063325907 0.9999799132 -0.0001850629 -0.0525232218 -0.0001478036 0.9986196756
-97.4 293.8 2174.2 0.1869305968 -0.7820988297 -0.5944563746 0.9821649790 0.1363344342 0.1294791251 -0.0202206019 -0.6080578566 0.7936351299
-149.6 19.3 2179.9 0.0052314717 -0.7845567465 -0.6200349927 0.9385273457 0.2178726047 -0.2677648067 0.3451653123 -0.5805189610 0.7374677062
183.7 292.0 2159.4 0.1472853571 0.6734579802 0.7244041562 -0.9844833016 0.1704512388 0.0417007916 -0.0953918472 -0.7193056941 0.6881131530
222.9 29.6 2134.0 -0.0723745301 0.6718963981 0.7371005416 -0.9623525739 0.1470869631 -0.2285672128 -0.2619913518 -0.7258930206 0.6359558702
-50.2 -99.6 2171.8 0.9908427596 0.0652394071 0.1182135418 -0.0618434884 0.9975671172 -0.0321749784 -0.1200250164 0.0245696083 0.9924668074
-76.2 -496.2 2162.0 0.9908643365 -0.0207578093 0.1332554966 -0.0210186038 0.9522402883 0.3046253622 -0.1332146078 -0.3046432734 0.9431046247
133.1 -100.4 2163.3 0.8530185819 0.0244862605 -0.5213057399 -0.0468702093 0.9984564781 -0.0297957491 0.5197715759 0.0498500392 0.8528496623
123.4 -497.4 2143.5 0.8685647249 -0.0055804662 -0.4955443442 0.1428959966 0.9602864981 0.2396467030 0.4745272100 -0.2789599597 0.8348684311
-151.1 -249.1 2081.2 0 0 0 0 0 0 0 0 0
202.3 -245.6 2059.1 0 0 0 0 0 0 0 0 0
-68.2 -859.8 2278.4 0 0 0 0 0 0 0 0 0
125.5 -864.5 2250.2 0 0 0 0 0 0 0 0 0
43.5 492.8 2164.1 9 0.9987297654 0.0006051787 0.0503838733 -0.0009024338 0.9999822974 0.0058772666 -0.0503794253 -0.0059152693 0.9987126589
43.3 292.4 2165.3 0.9987297654 0.0006051787 0.0503838733 -0.0009024338 0.9999822974 0.0058772666 -0.0503794253 -0.0059152693 0.9987126589
42.9 93.6 2165.7 0.9987279177 0.0021292043 0.0503784716 -0.0022291257 0.9999956489 0.0019273106 -0.0503741503 -0.0020371587 0.9987283349
-97.2 292.7 2172.4 0.1827353835 -0.7808740139 -0.5973638892 0.9830117822 0.1344890296 0.1249021739 -0.0171939712 -0.6100397706 0.7921842337
-148.8 15.0 2177.2 0.0074513173 -0.7832778692 -0.6216270924 0.9395264387 0.2183377743 -0.2638534606 0.3423952460 -0.5820690393 0.7375372052
183.9 292.1 2158.2 0.1429561228 0.6747277379 0.7240898013 -0.9849331379 0.1689203084 0.0370492935 -0.0973152891 -0.7184764743 0.6887099147
222.8 24.4 2131.7 -0.0710557550 0.6731649637 0.7360706329 -0.9633896947 0.1449380070 -0.2255511284 -0.2585177124 -0.7251495719 0.6382215023
-51.0 -104.1 2171.7 0.9910226464 0.0647218153 0.1169837415 -0.0630893856 0.9978525639 -0.0176077634 -0.1178721264 0.0100692604 0.9929777384
