-52.3 470.8 2136.9 3 0.9977384806 0.0268868599 -0.0616036281 -0.0225500166 0.9972890019 0.0700437650 0.0633198768 -0.0684961975 0.9956399202
-57.8 268.0 2150.8 0.9977384806 0.0268868599 -0.0616036281 -0.0225500166 0.9972890019 0.0700437650 0.0633198768 -0.0684961975 0.9956399202
-62.9 72.5 2162.7 0.9977403879 0.0263261050 -0.0618145689 -0.0224785209 0.9978145957 0.0621349141 0.0633152500 -0.0606050156 0.9961516857
-200.0 271.2 2141.8 0.1613793373 -0.8451002836 -0.5096687675 0.9868102670 0.1315179616 0.0943846703 -0.0127339158 -0.5181781054 0.8551779389
-243.7 3.6 2145.2 0.0314606130 -0.8447636962 -0.5342139602 0.9506760240 0.1903052181 -0.2449469566 0.3085860014 -0.5001582503 0.8090837002
84.4 264.8 2159.8 0.0923303589 0.7236937881 0.6839169860 -0.9925217032 0.1219686717 0.0049303002 -0.0798484236 -0.6792576909 0.7295431495
110.6 -16.5 2137.2 -0.1147555634 0.7233186960 0.6809120774 -0.9506967664 0.1188293025 -0.2864528596 -0.2881090045 -0.6802129745 0.6740204096
-157.0 -124.1 2167.4 0.8865581155 0.0117095569 -0.4624689817 -0.0107727638 0.9999310970 0.0046664071 0.4624917507 0.0008450280 0.8866232038
-161.6 -515.7 2167.0 0.8843278885 0.0680802390 -0.4618758261 -0.0580222346 0.9976673126 0.0359636620 0.4632468224 -0.0050045997 0.8862151504
23.3 -127.5 2179.9 0.9386847615 -0.0188114420 0.3442630768 0.0313500650 0.9990310073 -0.0308909528 -0.3433483839 0.0397895351 0.9383649230
30.7 -518.8 2164.3 0.9389371872 0.0152257821 0.3437514901 -0.0131530240 0.9998785257 -0.0083608944 -0.3438370228 0.0033289830 0.9390234351
-252.5 -261.6 2059.2 0 0 0 0 0 0 0 0 0
78.2 -284.3 2056.0 0 0 0 0 0 0 0 0 0
-187.2 -891.3 2168.9 0 0 0 0 0 0 0 0 0
24.9 -895.4 2163.1 0 0 0 0 0 0 0 0 0
-50.9 470.5 2137.6 4 0.9979401827 0.0339215621 -0.0544494428 -0.0301997215 0.9972431660 0.0677790418 0.0565985069 -0.0659950748 0.9962134361
-57.8 267.4 2151.0 0.9979401827 0.0339215621 -0.0544494428 -0.0301997215 0.9972431660 0.0677790418 0.0565985069 -0.0659950748 0.9962134361
-64.1 72.0 2162.5 0.9979854822 0.0321489014 -0.0546943992 -0.0288323481 0.9977588058 0.0603825189 0.0565130524 -0.0586839058 0.9966757298
-200.0 271.5 2143.0 0.1694847345 -0.8474892378 -0.5030277371 0.9854564667 0.1393805444 0.0972040221 -0.0122670829 -0.5121865273 0.8587866426
-245.0 9.7 2146.2 0.0277707055 -0.8471332788 -0.5306543112 0.9513854980 0.1853018999 -0.2460259944 0.3067480624 -0.4980245233 0.8110963106
84.4 263.3 2159.1 0.0896462500 0.7200421691 0.6881153584 -0.9931537509 0.1165798306 0.0073971809 -0.0748940930 -0.6840675473 0.7255635858
109.5 -14.3 2138.1 -0.1094379723 0.7208980918 0.6843458414 -0.9512190223 0.1238404289 -0.2825702727 -0.2884540558 -0.6818867326 0.6721791029
-158.3 -120.9 2168.8 0.8896791339 0.0114872977 -0.4564417005 -0.0103948638 0.9999339581 0.0049041202 0.4564678967 0.0003815556 0.8897398114
-162.8 -512.5 2168.7 0.8871272802 0.0703267902 -0.4561351836 -0.0666361451 0.9974840283 0.0241926257 0.4566889405 0.0089331502 0.8895816207
22.1 -124.9 2180.3 0.9362974763 -0.0227025952 0.3504734337 0.0390142500 0.9984556437 -0.0395505279 -0.3490342796 0.0507045165 0.9357371926
31.0 -516.0 2160.4 0.9369739890 0.0152583681 0.3490657508 -0.0186001826 0.9998076558 0.0062236260 -0.3489036560 -0.0123240622 0.9370775819
-252.8 -255.6 2060.7 0 0 0 0 0 0 0 0 0
78.7 -282.3 2056.9 0 0 0 0 0 0 0 0 0
-189.2 -888.1 2165.3 0 0 0 0 0 0 0 0 0
25.2 -892.5 2165.1 0 0 0 0 0 0 0 0 0
-52.0 470.4 2137.9 5 0.9964607954 0.0315331630 -0.0779200718 -0.0261758827 0.9972839952 0.0688433722 0.0798792914 -0.0665600896 0.9945798516
-58.4 267.3 2151.5 0.9964607954 0.0315331630 -0.0779200718 -0.0261758827 0.9972839952 0.0688433722 0.0798792914 -0.0665600896 0.9945798516
-63.7 71.9 2163.1 0.9965813756 0.0268020220 -0.0781485885 -0.0220516920 0.9978924394 0.0610277206 0.0796195492 -0.0590957813 0.9950720668
-200.4 270.5 2140.1 0.1721740514 -0.8363484144 -0.5204588771 0.9847626686 0.1330130100 0.1120268255 -0.0244656596 -0.5318166018 0.8465060592
-245.8 11.0 2146.6 0.0255084820 -0.8362384439 -0.5477723479 0.9523537755 0.1869191974 -0.2410050929 0.3039268851 -0.5155254006 0.8011628985
83.5 264.2 2162.8 0.0902605429 0.7346256971 0.6724418998 -0.9923524261 0.1234261617 -0.0016384465 -0.0842005685 -0.6671514511 0.7401480675
109.0 -15.7 2139.1 -0.1030634716 0.7351427078 0.6700321436 -0.9494464993 0.1281083822 -0.2865999639 -0.2965286076 -0.6656976938 0.6847754121
-160.6 -120.8 2168.9 0.8789189458 0.0040643178 -0.4769538641 -0.0057954574 0.9999808669 -0.0021584833 0.4769359827 0.0046612974 0.8789256811
-162.2 -512.5 2167.1 0.8763870001 0.0698938593 -0.4765088856 -0.0614263639 0.9975544214 0.0333459899 0.4776742160 0.0000462182 0.8785370588
19.8 -126.0 2179.1 0.9438761473 -0.0274373405 0.3291579485 0.0437577441 0.9981473088 -0.0422757082 -0.3273881972 0.0543062426 0.9433280230
30.6 -517.0 2157.9 0.9449848533 0.0112982420 0.3269188702 -0.0180704612 0.9996802807 0.0176853742 -0.3266145289 -0.0226199850 0.9448869228
-252.9 -254.7 2061.8 0 0 0 0 0 0 0 0 0
80.0 -283.2 2055.5 0 0 0 0 0 0 0 0 0
-188.5 -888.2 2167.1 0 0 0 0 0 0 0 0 0
26.3 -893.5 2166.4 0 0 0 0 0 0 0 0 0
-52.7 470.0 2137.1 6 0.9954795837 0.0279123615 -0.0907818675 -0.0216591693 0.9973710179 0.0691516846 0.0924733877 -0.0668728277 0.9934670329
-58.4 266.8 2150.7 0.9954795837 0.0279123615 -0.0907818675 -0.0216591693 0.9973710179 0.0691516846 0.0924733877 -0.0668728277 0.9934670329
-63.0 71.4 2162.5 0.9955757260 0.0235183779 -0.0909717306 -0.0179282241 0.9979283810 0.0617856979 0.0922363773 -0.0598813780 0.9939349294
-200.3 269.4 2137.6 0.1697571278 -0.8311819434 -0.5294516683 0.9847748280 0.1226676181 0.1231716275 -0.0374314599 -0.5422999263 0.8393507600
-245.0 10.2 2147.4 0.0343361385 -0.8310499787 -0.5551369190 0.9510312676 0.1978988945 -0.2374353558 0.3071816266 -0.5197999477 0.7971495986
83.4 264.3 2163.9 0.0933364481 0.7422738075 0.6635645032 -0.9917602539 0.1280529499 -0.0037418578 -0.0877488703 -0.6577476859 0.7481096983
109.6 -13.7 2139.3 -0.1023781747 0.7417491674 0.6628174186 -0.9507135749 0.1230882481 -0.2845925987 -0.2926813364 -0.6592856050 0.6925894618
-159.0 -121.6 2167.5 0.8728196621 0.0081651965 -0.4879745841 -0.0051389840 0.9999583960 0.0075402507 0.4880158305 -0.0040735854 0.8728252649
-162.2 -513.2 2169.1 0.8699556589 0.0732488260 -0.4876595140 -0.0669055060 0.9972947836 0.0304430518 0.4885702133 0.0061430032 0.8725029826
21.1 -125.5 2181.9 0.9478853345 -0.0264084581 0.3175154030 0.0428364873 0.9980740547 -0.0448686257 -0.3157189786 0.0561315566 0.9471910000
31.5 -516.5 2159.9 0.9485080242 0.0260665994 0.3156787455 -0.0300904810 0.9995161295 0.0078785056 -0.3153206110 -0.0169717502 0.9488334060
-254.5 -255.1 2061.8 0 0 0 0 0 0 0 0 0
80.8 -281.5 2056.8 0 0 0 0 0 0 0 0 0
-189.8 -888.8 2166.7 0 0 0 0 0 0 0 0 0
21.6 -892.9 2166.3 0 0 0 0 0 0 0 0 0
-52.5 468.4 2137.7 7 0.9954771996 0.0262889098 -0.0912907049 -0.0200742949 0.9974602461 0.0683381632 0.0928553864 -0.0661964864 0.9934766889
-57.8 265.3 2151.2 0.9954771996 0.0262889098 -0.0912907049 -0.0200742949 0.9974602461 0.0683381632 0.0928553864 -0.0661964864 0.9934766889
-62.0 69.8 2162.9 0.9955772161 0.0214956123 -0.0914546698 -0.0158988554 0.9979809523 0.0614913851 0.0925918147 -0.0597653985 0.9939088821
-199.7 267.6 2138.0 0.1645018905 -0.8311396837 -0.5311741829 0.9858884215 0.1216004342 0.1150537133 -0.0310346950 -0.5426050425 0.8394144773
-243.3 6.6 2146.2 0.0413950793 -0.8307512999 -0.5551024079 0.9487868547 0.2068365961 -0.2387931645 0.3131932318 -0.5167890191 0.7967679501
84.0 263.0 2164.4 0.0957289189 0.7420235872 0.6635035872 -0.9912458658 0.1319506466 -0.0045509972 -0.0909266770 -0.6572594643 0.7481592894
110.6 -11.6 2139.2 -0.1020858809 0.7412359118 0.6634363532 -0.9503519535 0.1244041324 -0.2852275670 -0.2939551175 -0.6596157551 0.6917350888
-157.6 -122.5 2165.9 0.8726603389 0.0110520683 -0.4882026017 -0.0025754811 0.9998341203 0.0180308633 0.4883209169 -0.0144774625 0.8725440502
-161.9 -514.1 2171.5 0.8699895144 0.0685676411 -0.4882793725 -0.0732874423 0.9972659349 0.0094635738 0.4875932932 0.0275515374 0.8726360798
22.3 -125.7 2182.5 0.9481114149 -0.0215169694 0.3172093928 0.0367198698 0.9984415174 -0.0420261584 -0.3158107400 0.0514933690 0.9474238753
30.8 -516.8 2162.4 0.9485431314 0.0132462140 0.3163707852 -0.0104788011 0.9998905063 -0.0104471380 -0.3164745569 0.0065943738 0.9485780597
-254.8 -258.1 2058.8 0 0 0 0 0 0 0 0 0
81.8 -279.4 2056.3 0 0 0 0 0 0 0 0 0
-187.8 -889.6 2161.2 0 0 0 0 0 0 0 0 0
25.8 -893.3 2159.9 0 0 0 0 0 0 0 0 0
-51.7 467.7 2137.0 8 0.9955279827 0.0228744168 -0.0916560069 -0.0166831277 0.9975625277 0.0677548647 0.0929824486 -0.0659227520 0.9934830070
-56.3 264.9 2150.4 0.9955279827 0.0228744168 -0.0916560069 -0.0166831277 0.9975625277 0.0677548647 0.0929824486 -0.0659227520 0.9934830070
-59.9 69.4 2162.2 0.9956069589 0.0185156614 -0.0917821005 -0.0128747458 0.9980131984 0.0616752990 0.0927417055 -0.0602226853 0.9938672781
-198.2 266.7 2137.2 0.1687923074 -0.8302125931 -0.5312779546 0.9852154851 0.1260766983 0.1159963980 -0.0293199029 -0.5430025458 0.8392190337
-243.3 3.3 2145.0 0.0443377458 -0.8295279145 -0.5567024350 0.9482628107 0.2103034556 -0.2378447652 0.3143753111 -0.5173546672 0.7959348559
85.6 263.1 2163.6 0.0890432149 0.7424001694 0.6640130281 -0.9919052124 0.1266871244 -0.0086295288 -0.0905284658 -0.6578695178 0.7476712465
110.4 -13.7 2138.3 -0.1085008010 0.7412508130 0.6624007821 -0.9511957169 0.1162244454 -0.2858646512 -0.2888845503 -0.6610893011 0.6924641728
-156.2 -124.2 2166.2 0.8724954128 0.0158904754 -0.4883638322 -0.0079271179 0.9997998476 0.0183693413 0.4885579646 -0.0121558476 0.8724467754
-162.5 -515.8 2171.0 0.8701648712 0.0650821626 -0.4884438813 -0.0673944131 0.9976434708 0.0128664598 0.4881302118 0.0217224490 0.8725004196
23.7 -127.1 2183.0 0.9480316639 -0.0218859687 0.3174223304 0.0398934409 0.9979349971 -0.0503413603 -0.3156650662 0.0603882745 0.9469470978
32.3 -518.0 2159.3 0.9482803345 0.0354342163 0.3154501617 -0.0412368923 0.9990804791 0.0117372051 -0.3147441745 -0.0241383445 0.9488695860
-255.7 -261.2 2057.3 0 0 0 0 0 0 0 0 0
79.9 -281.7 2057.0 0 0 0 0 0 0 0 0 0
-187.0 -891.5 2162.8 0 0 0 0 0 0 0 0 0
19.0 -893.9 2168.4 0 0 0 0 0 0 0 0 0
-52.1 466.3 2137.6 9 0.9970824718 0.0229499135 -0.0728001073 -0.0182479769 0.9977439046 0.0646070391 0.0741185918 -0.0630900934 0.9952517748
-56.8 262.2 2150.5 0.9970824718 0.0229499135 -0.0728001073 -0.0182479769 0.9977439046 0.0646070391 0.0741185918 -0.0630900934 0.9952517748
-60.5 66.7 2162.2 0.9971633554 0.0187877081 -0.0728850961 -0.0143793970 0.9980620146 0.0605431050 0.0738813132 -0.0593233258 0.9955010414
-198.9 264.3 2140.0 0.1650375873 -0.8398216963 -0.5171673894 0.9860845208 0.1298689544 0.1037850603 -0.0199969541 -0.5270991921 0.8495684862
-242.8 2.2 2145.3 0.0452988334 -0.8389357328 -0.5423420668 0.9473235011 0.2083828151 -0.2432176024 0.3170586824 -0.5027558804 0.8041830063
85.3 260.2 2161.1 0.0999018773 0.7297858000 0.6763374209 -0.9916370511 0.1288428903 0.0074499808 -0.0817043781 -0.6714255214 0.7365542650
112.7 -12.1 2138.6 -0.1110552251 0.7287230492 0.6757436395 -0.9510254264 0.1194426417 -0.2851035893 -0.2884741724 -0.6743116379 0.6797693968
-153.6 -124.9 2165.6 0.8814629912 0.0223252159 -0.4717251360 -0.0149650425 0.9997007847 0.0193489902 0.4720159471 -0.0099960323 0.8815333247
-162.3 -516.5 2169.5 0.8793757558 0.0664391294 -0.4714702070 -0.0594924130 0.9977884889 0.0296434704 0.4723970294 0.0019811499 0.8813836575
26.4 -127.2 2182.4 0.9421102405 -0.0113061694 0.3351126015 0.0284527037 0.9985222220 -0.0463012159 -0.3340938985 0.0531557091 0.9410396814
30.9 -518.3 2161.5 0.9422890544 0.0214996729 0.3341093659 -0.0243516229 0.9996939898 0.0043493928 -0.3339136243 -0.0122344904 0.9425242543
-255.4 -262.0 2056.9 0 0 0 0 0 0 0 0 0
81.4 -280.0 2057.4 0 0 0 0 0 0 0 0 0
-187.3 -892.2 2168.8 0 0 0 0 0 0 0 0 0
22.8 -894.6 2166.2 0 0 0 0 0 0 0 0 0
-52.4 465.8 2137.0 0 0.9972496629 0.0254402105 -0.0696124285 -0.0208777729 0.9976341128 0.0655007884 0.0711140856 -0.0638672933 0.9954214096
-57.6 262.5 2150.0 0.9972496629 0.0254402105 -0.0696124285 -0.0208777729 0.9976341128 0.0655007884 0.0711140856 -0.0638672933 0.9954214096
-61.8 67.1 2161.7 0.9973325729 0.0216422807 -0.0697087795 -0.0173631702 0.9979611635 0.0614169315 0.0708958507 -0.0600427426 0.9956749678
-199.7 265.0 2139.9 0.1618160903 -0.8416426778 -0.5152214766 0.9866494536 0.1282536834 0.1003684700 -0.0183953382 -0.5245842338 0.8511598110
-242.9 1.4 2144.8 0.0372642912 -0.8412543535 -0.5393537879 0.9475255609 0.2012283951 -0.2483998388 0.3175007403 -0.5017950535 0.8046085835
84.6 260.0 2160.1 0.0966540575 0.7282921076 0.6784162521 -0.9921599030 0.1247539371 0.0074275564 -0.0792256668 -0.6738153100 0.7346402407
111.5 -16.4 2138.0 -0.1036044359 0.7284637690 0.6772050261 -0.9512365460 0.1263212413 -0.2814107537 -0.2905429304 -0.6733375192 0.6798539162
-154.3 -127.4 2167.1 0.8829307556 0.0207952484 -0.4690424800 -0.0128805144 0.9997154474 0.0200764965 0.4693265259 -0.0116846468 0.8829473853
-162.4 -519.1 2171.7 0.8809973001 0.0614043325 -0.4691196978 -0.0609367453 0.9980102777 0.0161942616 0.4691806734 0.0143195279 0.8829860687
25.9 -130.0 2180.5 0.9411499500 -0.0134868305 0.3377200961 0.0285248794 0.9988081455 -0.0396050811 -0.3367834389 0.0469077453 0.9404129982
31.2 -521.3 2162.1 0.9412422776 0.0208908021 0.3370853662 -0.0199013036 0.9997815490 -0.0063909306 -0.3371452391 -0.0006930241 0.9414523840
-253.3 -262.9 2056.2 0 0 0 0 0 0 0 0 0
82.3 -284.4 2056.1 0 0 0 0 0 0 0 0 0
-185.6 -894.9 2166.3 0 0 0 0 0 0 0 0 0
23.4 -897.7 2162.3 0 0 0 0 0 0 0 0 0
-52.7 467.0 2137.1 1 0.9975607991 0.0271461103 -0.0643085688 -0.0228477716 0.9975143671 0.0666566640 0.0659581870 -0.0650247633 0.9957014322
-58.2 264.0 2150.4 0.9975607991 0.0271461103 -0.0643085688 -0.0228477716 0.9975143671 0.0666566640 0.0659581870 -0.0650247633 0.9957014322
-63.0 68.6 2162.3 0.9976229668 0.0244657379 -0.0644190833 -0.0204428397 0.9978428483 0.0623839088 0.0658063889 -0.0609187111 0.9959710836
-200.4 266.9 2141.0 0.1592551619 -0.8443228602 -0.5116216540 0.9871140122 0.1279881001 0.0960469618 -0.0156131573 -0.5203248858 0.8538256288
-243.0 2.6 2145.2 0.0280940421 -0.8442777395 -0.5351689458 0.9494794607 0.1899481416 -0.2498169541 0.3125692308 -0.5011135340 0.8069607615
84.0 261.1 2159.7 0.0957301930 0.7250469923 0.6820136309 -0.9922778606 0.1237974614 0.0076713716 -0.0788694546 -0.6774814129 0.7312992215
110.9 -17.3 2137.6 -0.1049356982 0.7253615260 0.6803228259 -0.9511095285 0.1266200691 -0.2817054987 -0.2904808521 -0.6766225100 0.6766113043
-156.2 -126.8 2167.1 0.8854250312 0.0165825412 -0.4644863307 -0.0079548107 0.9997576475 0.0205283407 0.4647141695 -0.0144814057 0.8853422999
-162.7 -518.5 2172.8 0.8831177354 0.0648369268 -0.4646495879 -0.0686457530 0.9976028204 0.0087360870 0.4641021788 0.0241812281 0.8854515553
24.1 -130.0 2179.9 0.9394122362 -0.0182758514 0.3423019648 0.0314124785 0.9989657998 -0.0328724831 -0.3413471878 0.0416333638 0.9390147924
31.3 -521.3 2163.6 0.9394665360 0.0214885864 0.3419662118 -0.0167131815 0.9997174144 -0.0169052910 -0.3422328532 0.0101666125 0.9395601749
-250.8 -262.3 2058.0 0 0 0 0 0 0 0 0 0
81.3 -285.3 2055.8 0 0 0 0 0 0 0 0 0
-187.1 -894.2 2163.7 0 0 0 0 0 0 0 0 0
23.2 -897.7 2159.8 0 0 0 0 0 0 0 0 0
-52.4 468.6 2137.2 2 0.9974337816 0.0305370968 -0.0647558048 -0.0261376034 0.9973611832 0.0677311569 0.0666532367 -0.0658647791 0.9955999255
-58.6 265.7 2150.6 0.9974337816 0.0305370968 -0.0647558048 -0.0261376034 0.9973611832 0.0677311569 0.0666532367 -0.0658647791 0.9955999255
-63.9 70.3 2162.5 0.9975337386 0.0266954172 -0.0649139211 -0.0226538219 0.9978054166 0.0622190051 0.0664324239 -0.0605950095 0.9959492683
-200.8 269.0 2141.1 0.1610585749 -0.8438120484 -0.5118997693 0.9868181944 0.1293738931 0.0972227156 -0.0158112347 -0.5208105445 0.8535258770
-244.2 3.3 2145.4 0.0207897052 -0.8439002633 -0.5360971093 0.9521502852 0.1802507937 -0.2468186766 0.3049222827 -0.5053137541 0.8072672486
83.5 262.5 2160.1 0.0928215012 0.7259477973 0.6814572215 -0.9927155375 0.1202727556 0.0070930375 -0.0768115595 -0.6771515608 0.7318235636
109.7 -17.1 2138.4 -0.1096301973 0.7264251709 0.6784450412 -0.9499317408 0.1243522987 -0.2866464257 -0.2925933897 -0.6759015918 0.6764215827
-157.9 -125.0 2168.3 0.8851168752 0.0088020507 -0.4652855992 -0.0095717805 0.9999539256 0.0007081697 0.4652704000 0.0038267986 0.8851603270
-161.4 -516.7 2166.8 0.8822767735 0.0762539655 -0.4645137191 -0.0638455823 0.9970582128 0.0424103178 0.4663811624 -0.0077604936 0.8845497966
22.4 -128.7 2180.2 0.9395591021 -0.0228517111 0.3416232765 0.0364404730 0.9987771511 -0.0334116966 -0.3404420018 0.0438411795 0.9392428994
31.4 -520.0 2163.0 0.9396570325 0.0283519588 0.3409410417 -0.0271491800 0.9995969534 -0.0082994197 -0.3410389125 -0.0014576610 0.9400480390
-250.0 -262.3 2060.3 0 0 0 0 0 0 0 0 0
78.8 -284.7 2056.0 0 0 0 0 0 0 0 0 0
-190.1 -892.0 2169.7 0 0 0 0 0 0 0 0 0
20.7 -896.4 2163.5 0 0 0 0 0 0 0 0 0
-51.5 470.7 2137.7 3 0.9969119430 0.0292249713 -0.0728869736 -0.0238957219 0.9970495701 0.0729460195 0.0748037696 -0.0709790736 0.9946689606
-57.4 267.7 2152.2 0.9969119430 0.0292249713 -0.0728869736 -0.0238957219 0.9970495701 0.0729460195 0.0748037696 -0.0709790736 0.9946689606
-62.1 72.3 2164.9 0.9970442057 0.0237913169 -0.0730532333 -0.0189180300 0.9975943565 0.0666906759 0.0744641498 -0.0651115328 0.9950957894
-199.5 270.4 2141.6 0.1707157195 -0.8381996155 -0.5179551244 0.9851443172 0.1352637708 0.1058037058 -0.0186240673 -0.5283228755 0.8488392234
-245.4 5.4 2146.6 0.0134503823 -0.8384270072 -0.5448479056 0.9518649578 0.1776111573 -0.2498147637 0.3062224984 -0.5152614713 0.8004582524
84.7 265.0 2162.8 0.0816335753 0.7309476733 0.6775333881 -0.9928440452 0.1190895960 -0.0088539533 -0.0871589482 -0.6719622016 0.7354387641
107.9 -17.0 2138.0 -0.0983369127 0.7321173549 0.6740430593 -0.9511880875 0.1299512684 -0.2799175680 -0.2925252616 -0.6686679721 0.6836023331
-159.3 -123.1 2168.3 0.8814248443 0.0055450089 -0.4722917974 -0.0018607450 0.9999641180 0.0082675647 0.4723206758 -0.0064084218 0.8814035058
-161.4 -514.7 2170.8 0.8784406185 0.0737387687 -0.4721278548 -0.0700742379 0.9972191453 0.0253695082 0.4726856649 0.0107983947 0.8811649680
21.1 -127.2 2180.3 0.9421370625 -0.0245945808 0.3343245685 0.0370490290 0.9988347888 -0.0309260506 -0.3331743777 0.0415229760 0.9419504404
30.7 -518.4 2164.1 0.9425160885 0.0143197533 0.3338538706 -0.0103023564 0.9998517036 -0.0138009265 -0.3340019882 0.0095681129 0.9425237775
-249.2 -260.1 2061.2 0 0 0 0 0 0 0 0 0
80.2 -285.0 2055.6 0 0 0 0 0 0 0 0 0
-189.2 -890.2 2166.8 0 0 0 0 0 0 0 0 0
25.3 -894.9 2160.5 0 0 0 0 0 0 0 0 0
-51.7 470.3 2131.0 4 0.9963263273 0.0259407163 -0.0816143006 -0.0189235862 0.9961492419 0.0856070295 0.0835207328 -0.0837481096 0.9929806590
-57.0 267.2 2148.1 0.9963263273 0.0259407163 -0.0816143006 -0.0189235862 0.9961492419 0.0856070295 0.0835207328 -0.0837481096 0.9929806590
-61.4 72.0 2163.3 0.9963994026 0.0223981924 -0.0817713737 -0.0159117319 0.9967371821 0.0791312605 0.0832769722 -0.0775452182 0.9935047626
-199.0 269.5 2136.2 0.1660541892 -0.8347589374 -0.5249795318 0.9854968786 0.1216068938 0.1183540300 -0.0349559560 -0.5370188355 0.8428456783
-243.4 5.9 2145.6 0.0186434612 -0.8352321982 -0.5495812893 0.9526682496 0.1816624999 -0.2437661886 0.3034396768 -0.5190240145 0.7990860343
85.0 264.9 2159.9 0.0810930058 0.7366663814 0.6713766456 -0.9939397573 0.1099247709 -0.0005605192 -0.0742138401 -0.6672624946 0.7411161065
107.8 -14.5 2139.1 -0.1000524387 0.7386517525 0.6666206717 -0.9502937794 0.1275940537 -0.2840097547 -0.2948411405 -0.6619012952 0.6891700625
-156.9 -121.4 2171.0 0.8771466017 0.0140016750 -0.4800185263 -0.0133177005 0.9998996258 0.0048304261 0.4800379872 0.0021557510 0.8772450686
-162.4 -513.0 2170.1 0.8752796054 0.0614914820 -0.4796920121 -0.0576880127 0.9980769753 0.0226814095 0.4801642895 0.0078199049 0.8771437407
23.4 -124.8 2184.4 0.9449168444 -0.0195584632 0.3267256916 0.0342141502 0.9986466765 -0.0391690470 -0.3255174160 0.0481901318 0.9443072081
31.0 -516.0 2165.6 0.9450122118 0.0188407600 0.3264919519 -0.0101739001 0.9995495677 -0.0282329023 -0.3268768191 0.0233587399 0.9447782040
-248.6 -259.8 2060.9 0 0 0 0 0 0 0 0 0
79.7 -282.2 2056.0 0 0 0 0 0 0 0 0 0
-185.5 -888.8 2167.2 0 0 0 0 0 0 0 0 0
23.9 -892.4 2156.8 0 0 0 0 0 0 0 0 0
-51.9 472.0 2128.6 5 0.9954739809 0.0307942685 -0.0899067074 -0.0225214511 0.9955391884 0.0916214436 0.0923270658 -0.0891819298 0.9917269349
-58.2 268.8 2146.8 0.9954739809 0.0307942685 -0.0899067074 -0.0225214511 0.9955391884 0.0916214436 0.0923270658 -0.0891819298 0.9917269349
-63.4 73.6 2162.7 0.9955669045 0.0268216804 -0.0901507586 -0.0193101931 0.9963470697 0.0831841528 0.0920525789 -0.0810745582 0.9924480915
-200.0 271.5 2133.7 0.1578378081 -0.8317896724 -0.5321777463 0.9865280986 0.1093563959 0.1216697171 -0.0430065766 -0.5442123413 0.8378444910
-242.7 4.7 2145.4 0.0207792036 -0.8327293396 -0.5532902479 0.9524697065 0.1847188324 -0.2422403395 0.3039237559 -0.5219586492 0.7969877720
83.7 266.0 2160.0 0.0898101851 0.7418038249 0.6645759344 -0.9930839539 0.1173629165 0.0032032290 -0.0756204054 -0.6602673531 0.7472138405
109.0 -13.9 2138.7 -0.1171689704 0.7408444881 0.6613780260 -0.9504816532 0.1093717664 -0.2908993363 -0.2878472507 -0.6627120376 0.6913441420
-155.8 -121.8 2170.9 0.8728708625 0.0177118853 -0.4876297414 -0.0143111283 0.9998403192 0.0106992861 0.4877414107 -0.0023605630 0.8729849458
-162.8 -513.4 2171.9 0.8709499836 0.0610728785 -0.4875614941 -0.0619375817 0.9979766011 0.0143669397 0.4874524176 0.0176854935 0.8729704618
24.3 -124.7 2186.0 0.9478045702 -0.0169809591 0.3183992803 0.0320055634 0.9986041784 -0.0420156792 -0.3172414005 0.0500132032 0.9470251203
31.0 -515.8 2166.4 0.9478641152 0.0184714850 0.3181389868 -0.0099347774 0.9995462894 -0.0284350086 -0.3185198605 0.0237918831 0.9476175308
-248.5 -261.0 2060.6 0 0 0 0 0 0 0 0 0
76.0 -281.6 2057.6 0 0 0 0 0 0 0 0 0
-185.8 -889.2 2165.2 0 0 0 0 0 0 0 0 0
24.0 -892.3 2157.4 0 0 0 0 0 0 0 0 0
-52.4 473.3 2133.0 6 0.9969066381 0.0319296196 -0.0718169212 -0.0263604429 0.9966670275 0.0772004649 0.0740425438 -0.0750685260 0.9944256544
-58.9 267.4 2148.5 0.9969066381 0.0319296196 -0.0718169212 -0.0263604429 0.9966670275 0.0772004649 0.0740425438 -0.0750685260 0.9944256544
-64.6 72.2 2162.4 0.9969931245 0.0288004875 -0.0719389245 -0.0235203858 0.9970402718 0.0731951743 0.0738340616 -0.0712830573 0.9947196841
-201.0 270.8 2137.9 0.1592131108 -0.8406624794 -0.5176270604 0.9868314266 0.1203562170 0.1080653295 -0.0285468325 -0.5280160904 0.8487544656
-243.5 7.2 2145.6 0.0148822060 -0.8411624432 -0.5405776501 0.9536585212 0.1744327545 -0.2451705933 0.3005227447 -0.5118778348 0.8047776818
83.1 264.1 2159.0 0.0922396407 0.7309724092 0.6761443615 -0.9935272336 0.1127750427 0.0136171440 -0.0662984550 -0.6730238795 0.7366433144
108.8 -12.9 2140.5 -0.1185584813 0.7314440608 0.6715157628 -0.9485623837 0.1165046915 -0.2943739891 -0.2935528755 -0.6718751192 0.6800077558
-158.7 -119.8 2170.3 0.8817281723 0.0114523191 -0.4716188312 -0.0067019989 0.9999085069 0.0117508657 0.4717102349 -0.0072002807 0.8817242384
-163.2 -511.4 2173.1 0.8800122738 0.0551736914 -0.4717353880 -0.0640500635 0.9979428649 -0.0027656371 0.4706123769 0.0326484740 0.8817358613
21.3 -123.2 2186.9 0.9419853687 -0.0202368628 0.3350433707 0.0349389948 0.9986701012 -0.0379117168 -0.3338305950 0.0474183597 0.9414396882
29.2 -514.4 2168.3 0.9422419667 0.0056158174 0.3348858058 0.0049113310 0.9995202422 -0.0305799339 -0.3348968625 0.0304584336 0.9417623878
-247.7 -258.8 2061.7 0 0 0 0 0 0 0 0 0
75.4 -280.1 2057.8 0 0 0 0 0 0 0 0 0
-183.9 -887.2 2160.8 0 0 0 0 0 0 0 0 0
27.1 -890.9 2156.9 0 0 0 0 0 0 0 0 0
-52.6 471.4 2135.1 7 0.9960956573 0.0340720043 -0.0814407542 -0.0279858820 0.9968104362 0.0747379437 0.0837274641 -0.0721669495 0.9938720465
-59.6 266.9 2149.9 0.9960956573 0.0340720043 -0.0814407542 -0.0279858820 0.9968104362 0.0747379437 0.0837274641 -0.0721669495 0.9938720465
-65.6 71.5 2162.9 0.9961912632 0.0306388922 -0.0816349983 -0.0250395499 0.9973194599 0.0687521994 0.0835226625 -0.0664462373 0.9942881465
-201.6 270.4 2138.0 0.1646036953 -0.8357879519 -0.5237977505 0.9857512712 0.1207400113 0.1171163023 -0.0346410461 -0.5356121063 0.8437533379
-245.2 9.0 2147.2 0.0073706387 -0.8366802335 -0.5476420522 0.9516178966 0.1741111577 -0.2531969845 0.3071955144 -0.5192797780 0.7974832058
82.4 263.3 2161.8 0.0884853154 0.7373955250 0.6696403623 -0.9929944277 0.1181559116 0.0011017662 -0.0783095285 -0.6650466323 0.7426847219
107.2 -15.0 2139.9 -0.1110947058 0.7377114892 0.6659126878 -0.9487142563 0.1208299026 -0.2921324968 -0.2959716618 -0.6642152071 0.6864538789
-160.4 -121.0 2169.7 0.8770769835 0.0057853539 -0.4803149700 -0.0056623695 0.9999825358 0.0017049625 0.4803164303 0.0012243375 0.8770943880
-162.6 -512.7 2169.2 0.8750516772 0.0609286278 -0.4801793694 -0.0605474077 0.9980322123 0.0162993707 0.4802275896 0.0148108257 0.8770188689
19.8 -125.2 2183.1 0.9451243281 -0.0270884950 0.3255860209 0.0412493721 0.9984757900 -0.0366679654 -0.3240965009 0.0480860062 0.9448011518
30.4 -516.3 2164.2 0.9457010031 0.0126525676 0.3247915208 -0.0095122047 0.9998914003 -0.0112548890 -0.3248986602 0.0075542768 0.9457186460
-247.3 -256.4 2061.5 0 0 0 0 0 0 0 0 0
75.9 -282.3 2056.5 0 0 0 0 0 0 0 0 0
-185.6 -888.5 2163.7 0 0 0 0 0 0 0 0 0
25.7 -892.8 2161.4 0 0 0 0 0 0 0 0 0
-52.7 470.4 2135.7 8 0.9973229766 0.0358606204 -0.0637254119 -0.0310884174 0.9967465997 0.0743621439 0.0661847591 -0.0721819550 0.9951931238
-60.0 266.8 2150.4 0.9973229766 0.0358606204 -0.0637254119 -0.0310884174 0.9967465997 0.0743621439 0.0661847591 -0.0721819550 0.9951931238
-66.1 71.5 2163.3 0.9974578023 0.0314424522 -0.0639479086 -0.0270937253 0.9973330498 0.0677699521 0.0659082159 -0.0658650845 0.9956494570
-202.1 270.7 2141.1 0.1659561694 -0.8435801268 -0.5107162595 0.9858980179 0.1306237280 0.1046065614 -0.0215323530 -0.5208742619 0.8533617854
-246.5 7.0 2146.8 0.0032159155 -0.8441986442 -0.5360208154 0.9494081140 0.1709051132 -0.2634685934 0.3140285313 -0.5080552101 0.8020386100
82.1 263.0 2159.8 0.0904277936 0.7260559201 0.6816638708 -0.9933863878 0.1143881530 0.0099426527 -0.0707553402 -0.6780546904 0.7315979600
107.4 -14.5 2140.1 -0.1100968495 0.7275708914 0.6771405339 -0.9484046698 0.1269046217 -0.2905578315 -0.2973336875 -0.6741927266 0.6760598421
-161.7 -121.5 2168.4 0.8854441047 0.0013688066 -0.4647439122 0.0017712051 0.9999784827 0.0063197822 0.4647425413 -0.0064189704 0.8854225874
-162.2 -513.2 2170.9 0.8830544353 0.0653266236 -0.4647012949 -0.0647434443 0.9977531433 0.0172322709 0.4647828937 0.0148693305 0.8852998018
18.4 -126.1 2183.5 0.9391464591 -0.0310550630 0.3421104252 0.0467786640 0.9981896877 -0.0378040858 -0.3403170705 0.0515070446 0.9388989806
30.6 -517.1 2163.3 0.9399309158 0.0150309745 0.3410336375 -0.0130669912 0.9998821616 -0.0080553181 -0.3411145210 0.0031151592 0.9400165677
-247.4 -257.8 2059.2 0 0 0 0 0 0 0 0 0
76.4 -281.7 2056.3 0 0 0 0 0 0 0 0 0
-186.8 -889.0 2165.3 0 0 0 0 0 0 0 0 0
24.9 -893.6 2162.2 0 0 0 0 0 0 0 0 0
-52.0 470.0 2137.0 9 0.9964532852 0.0364097133 -0.0758630484 -0.0308445171 0.9968342185 0.0732811093 0.0782910287 -0.0706812441 0.9944217801
-59.4 266.6 2151.4 0.9964532852 0.0364097133 -0.0758630484 -0.0308445171 0.9968342185 0.0732811093 0.0782910287 -0.0706812441 0.9944217801
-65.7 71.3 2164.1 0.9965916872 0.0318794474 -0.0760839507 -0.0268033650 0.9974042773 0.0668299645 0.0780169666 -0.0645628795 0.9948592782
-201.4 270.4 2140.3 0.1681359708 -0.8375521898 -0.5198428631 0.9854202271 0.1288841069 0.1110670418 -0.0260249544 -0.5309380293 0.8470109105
-246.2 8.1 2147.2 0.0052672327 -0.8383707404 -0.5450749993 0.9481695294 0.1773738563 -0.2636533082 0.3177212775 -0.5154348016 0.7958518863
82.6 262.8 2162.5 0.0802163854 0.7341428399 0.6742400527 -0.9932074547 0.1160667911 -0.0082138218 -0.0842869952 -0.6690013409 0.7384666204
104.9 -14.0 2139.0 -0.0940924883 0.7359153628 0.6705036759 -0.9509814978 0.1328471750 -0.2792594731 -0.2945858538 -0.6639127731 0.6873419881
-162.5 -121.4 2170.3 0.8797215223 0.0003087813 -0.4754891396 0.0005343740 0.9999985099 0.0016380629 0.4754889309 -0.0016951282 0.8797200918
-162.6 -513.1 2171.0 0.8775032163 0.0626944080 -0.4754551053 -0.0642634779 0.9978486300 0.0129730916 0.4752455652 0.0191704687 0.8796443343
17.8 -126.3 2182.2 0.9431671500 -0.0333834402 0.3306376040 0.0484611355 0.9981223345 -0.0374615528 -0.3287661672 0.0513555817 0.9430140257
30.9 -517.3 2162.1 0.9440521598 0.0150839873 0.3294511139 -0.0136487465 0.9998846054 -0.0066690282 -0.3295136690 0.0017993159 0.9441490769
-247.7 -256.3 2058.6 0 0 0 0 0 0 0 0 0
78.4 -281.9 2056.0 0 0 0 0 0 0 0 0 0
-186.2 -888.9 2163.7 0 0 0 0 0 0 0 0 0
25.2 -893.9 2161.4 0 0 0 0 0 0 0 0 0
-52.3 469.9 2137.1 0 0.9971804619 0.0344600752 -0.0666608736 -0.0295578483 0.9968808293 0.0731775463 0.0689746514 -0.0710008666 0.9950886369
-59.3 266.8 2151.6 0.9971804619 0.0344600752 -0.0666608736 -0.0295578483 0.9968808293 0.0731775463 0.0689746514 -0.0710008666 0.9950886369
-65.3 71.5 2164.1 0.9972915053 0.0305594951 -0.0669012070 -0.0261511300 0.9974896908 0.0658057183 0.0687442571 -0.0638779476 0.9955871701
-201.5 270.6 2141.8 0.1667124480 -0.8417796493 -0.5134335160 0.9858561158 0.1332406104 0.1016592309 -0.0171644706 -0.5231194496 0.8520864844
-245.8 8.1 2146.4 0.0055058557 -0.8422749043 -0.5390200615 0.9499636889 0.1727529615 -0.2602410018 0.3123117685 -0.5106166601 0.8010817766
82.8 263.1 2161.4 0.0856836513 0.7279356718 0.6802705526 -0.9932609797 0.1158942804 0.0010916884 -0.0780447870 -0.6757797003 0.7329602838
106.8 -14.9 2139.5 -0.0978620201 0.7304865718 0.6758790016 -0.9478325844 0.1386147588 -0.2870528996 -0.3033750951 -0.6687117219 0.6788138151
-162.0 -121.7 2169.6 0.8840927482 0.0008226902 -0.4673107862 -0.0027720281 0.9999901056 -0.0034838649 0.4673033059 0.0043754582 0.8840862513
-162.3 -513.4 2167.9 0.8823965192 0.0566435196 -0.4670844972 -0.0503671132 0.9983942509 0.0259242151 0.4678029418 0.0006502618 0.8838325739
18.2 -126.5 2183.8 0.9399959445 -0.0322480164 0.3396582305 0.0508648120 0.9976434112 -0.0460483357 -0.3373728096 0.0605618991 0.9394209981
30.8 -517.3 2160.0 0.9411457181 0.0190439448 0.3374641240 -0.0227540042 0.9997162819 0.0070416136 -0.3372342885 -0.0143058449 0.9413120747
-247.4 -256.9 2059.2 0 0 0 0 0 0 0 0 0
79.2 -281.9 2054.1 0 0 0 0 0 0 0 0 0
-183.6 -889.4 2167.7 0 0 0 0 0 0 0 0 0
23.6 -893.8 2165.4 0 0 0 0 0 0 0 0 0
-52.0 469.8 2137.2 1 0.9981642365 0.0319290310 -0.0514658317 -0.0282085557 0.9970443249 0.0714626908 0.0535954498 -0.0698797181 0.9961146116
-58.5 267.2 2151.4 0.9981642365 0.0319290310 -0.0514658317 -0.0282085557 0.9970443249 0.0714626908 0.0535954498 -0.0698797181 0.9961146116
-63.9 71.8 2163.9 0.9982765317 0.0278593879 -0.0516513214 -0.0244622603 0.9975674748 0.0652745664 0.0533441864 -0.0638985634 0.9965296388
-200.7 270.7 2143.8 0.1704656631 -0.8482633829 -0.5013887882 0.9853221774 0.1420750320 0.0946302637 -0.0090365503 -0.5101607442 0.8600316048
-246.2 7.5 2146.2 0.0036224257 -0.8484461904 -0.5292692780 0.9511312842 0.1663455665 -0.2601508796 0.3087656200 -0.5024621487 0.8075862527
83.8 263.7 2159.0 0.0852273926 0.7180942297 0.6907075644 -0.9941575527 0.1073725745 0.0110406019 -0.0662348643 -0.6876131296 0.7230498791
107.7 -15.3 2140.4 -0.1024854705 0.7218185067 0.6844521165 -0.9476514459 0.1383366734 -0.2877841592 -0.3024127781 -0.6781157255 0.6698548794
-161.4 -121.6 2170.4 0.8911975622 0.0005769084 -0.4536150098 0.0032432789 0.9999655485 0.0076436861 0.4536037743 -0.0082832342 0.8911649585
-161.7 -513.2 2173.6 0.8887889981 0.0654794499 -0.4536150098 -0.0708974823 0.9974707365 0.0050724330 0.4527998269 0.0276518371 0.8911833167
18.8 -126.3 2182.8 0.9347209334 -0.0322424509 0.3539170027 0.0486905761 0.9981034398 -0.0376664549 -0.3520313203 0.0524400435 0.9345180392
31.5 -517.2 2162.3 0.9354841709 0.0276104212 0.3522882760 -0.0308122113 0.9995191097 0.0034834878 -0.3520227075 -0.0141135287 0.9358850718
-247.3 -257.8 2060.1 0 0 0 0 0 0 0 0 0
78.8 -282.2 2055.2 0 0 0 0 0 0 0 0 0
-186.3 -888.7 2163.2 0 0 0 0 0 0 0 0 0
21.1 -893.7 2167.6 0 0 0 0 0 0 0 0 0
-52.1 471.3 2137.2 2 0.9979342222 0.0331857093 -0.0550088510 -0.0291779265 0.9969688058 0.0721241161 0.0572355986 -0.0703700781 0.9958775640
-58.9 268.0 2151.6 0.9979342222 0.0331857093 -0.0550088510 -0.0291779265 0.9969688058 0.0721241161 0.0572355986 -0.0703700781 0.9958775640
-64.8 72.6 2164.2 0.9980268478 0.0299110673 -0.0552067496 -0.0262511801 0.9974829555 0.0658687055 0.0570379943 -0.0642894879 0.9962999225
-201.1 271.7 2143.5 0.1649091244 -0.8478258848 -0.5039803386 0.9861764908 0.1333675683 0.0983312577 -0.0161531530 -0.5132293105 0.8580995202
-245.1 8.6 2147.8 0.0075946026 -0.8481958508 -0.5296283364 0.9500843883 0.1713214219 -0.2607462704 0.3119005859 -0.5012113452 0.8071587086
83.3 264.3 2159.7 0.0912151560 0.7199155688 0.6880416870 -0.9931967258 0.1159916222 0.0103052231 -0.0723881796 -0.6843007803 0.7255979776
108.9 -14.5 2139.4 -0.1076091379 0.7214716077 0.6840314269 -0.9496144056 0.1291273534 -0.2855846882 -0.2943683863 -0.6802976131 0.6712245345
-159.6 -121.4 2171.6 0.8894998431 0.0063689030 -0.4568911195 -0.0034755915 0.9999682307 0.0071727433 0.4569222629 -0.0047921874 0.8894937038
-162.1 -513.1 2173.5 0.8868295550 0.0691177398 -0.4568983614 -0.0746376440 0.9971928000 0.0059813042 0.4560291767 0.0287974197 0.8894987702
20.9 -125.8 2181.3 0.9363162518 -0.0244090483 0.3503085077 0.0389575996 0.9986436367 -0.0345429666 -0.3489901721 0.0459903181 0.9359971881
30.4 -517.0 2163.2 0.9368540049 0.0174122658 0.3492869437 -0.0182586052 0.9998329282 -0.0008695109 -0.3492437303 -0.0055628880 0.9370154142
-247.2 -256.4 2060.8 0 0 0 0 0 0 0 0 0
78.6 -282.0 2056.5 0 0 0 0 0 0 0 0 0
-188.1 -888.6 2162.6 0 0 0 0 0 0 0 0 0
23.9 -893.5 2165.3 0 0 0 0 0 0 0 0 0
-52.4 471.3 2137.3 3 0.9974292517 0.0355385095 -0.0622242242 -0.0310038514 0.9968948960 0.0723835304 0.0646034107 -0.0702682659 0.9954339862
-59.6 268.0 2151.6 0.9974292517 0.0355385095 -0.0622242242 -0.0310038514 0.9968948960 0.0723835304 0.0646034107 -0.0702682659 0.9954339862
-65.6 72.6 2163.9 0.9975728393 0.0307394899 -0.0624778718 -0.0266832914 0.9975446463 0.0647506863 0.0643148720 -0.0629264116 0.9959437251
-201.8 271.8 2142.4 0.1626998484 -0.8444440365 -0.5103362203 0.9865674973 0.1315754056 0.0968113020 -0.0146040283 -0.5192323327 0.8545083404
-245.4 7.4 2146.3 0.0041371570 -0.8450344205 -0.5346959233 0.9488410354 0.1721381247 -0.2647058666 0.3157271147 -0.5062462687 0.8025155067
82.6 264.2 2160.8 0.0921269283 0.7249752283 0.6825859547 -0.9931660295 0.1162279472 0.0105993263 -0.0716513172 -0.6788976192 0.7307284474
108.3 -13.4 2140.7 -0.1041540578 0.7265298963 0.6791952848 -0.9498689771 0.1297495663 -0.2844537497 -0.2947894335 -0.6747735739 0.6765943170
-160.8 -120.4 2171.6 0.8861453533 0.0020113292 -0.4634030163 -0.0004733116 0.9999939799 0.0034352264 0.4634071290 -0.0028247759 0.8861410022
-161.6 -512.1 2172.7 0.8833283782 0.0710041299 -0.4633458257 -0.0720900595 0.9972793460 0.0153918769 0.4631781280 0.0198065452 0.8860438466
19.6 -125.1 2181.9 0.9387654662 -0.0275166761 0.3434562683 0.0426827222 0.9984153509 -0.0366742350 -0.3419028521 0.0490881540 0.9384523630
30.4 -516.2 2162.7 0.9394733310 0.0128404042 0.3423813581 -0.0121258702 0.9999175668 -0.0042274883 -0.3424074054 -0.0001800593 0.9395515323
-246.5 -257.3 2058.3 0 0 0 0 0 0 0 0 0
79.0 -281.0 2057.7 0 0 0 0 0 0 0 0 0
-188.4 -887.7 2165.3 0 0 0 0 0 0 0 0 0
25.5 -892.8 2162.8 0 0 0 0 0 0 0 0 0
-52.4 470.3 2136.8 4 0.9971176386 0.0349173844 -0.0673586950 -0.0300101861 0.9969142079 0.0725362599 0.0696836114 -0.0703057349 0.9950885773
-59.6 267.1 2151.1 0.9971176386 0.0349173844 -0.0673586950 -0.0300101861 0.9969142079 0.0725362599 0.0696836114 -0.0703057349 0.9950885773
-65.7 71.7 2163.6 0.9972191453 0.0314073786 -0.0675841048 -0.0269587245 0.9974713326 0.0657581240 0.0694784969 -0.0637532771 0.9955441952
-201.7 270.9 2141.2 0.1650383174 -0.8419014215 -0.5137745738 0.9860817194 0.1302166283 0.1033754945 -0.0201299824 -0.5236846805 0.8516743183
-245.7 8.1 2146.6 0.0028962304 -0.8424710631 -0.5387338400 0.9510867000 0.1687425971 -0.2587663531 0.3089105189 -0.5116330981 0.8017517328
82.6 263.2 2161.0 0.0804160014 0.7291871905 0.6795728803 -0.9942108989 0.1074198782 0.0023857087 -0.0712600127 -0.6758306026 0.7336041331
104.7 -10.8 2141.4 -0.0873842984 0.7326273918 0.6749970913 -0.9510705471 0.1402247548 -0.2753213942 -0.2963593006 -0.6660286188 0.6845269203
-161.8 -120.4 2170.4 0.8837442994 0.0005029158 -0.4679698348 -0.0019912419 0.9999943972 -0.0026857194 0.4679658711 0.0033053304 0.8837403655
-162.0 -512.1 2169.1 0.8816427588 0.0624790341 -0.4677631557 -0.0569452308 0.9980393052 0.0259772073 0.4684690237 0.0037342629 0.8834720254
18.5 -125.2 2182.1 0.9404938817 -0.0320139267 0.3382991850 0.0431912504 0.9987397790 -0.0255617592 -0.3370545208 0.0386522412 0.9406913519
31.1 -516.4 2166.9 0.9407896996 0.0186876226 0.3384753168 -0.0086191185 0.9994751811 -0.0312254317 -0.3388811946 0.0264592059 0.9404570460
-246.5 -257.2 2060.4 0 0 0 0 0 0 0 0 0
80.1 -278.7 2057.9 0 0 0 0 0 0 0 0 0
-185.5 -887.9 2167.7 0 0 0 0 0 0 0 0 0
24.0 -892.7 2156.9 0 0 0 0 0 0 0 0 0
-52.3 469.8 2136.5 5 0.9975095987 0.0391266085 -0.0586831085 -0.0346685387 0.9965692163 0.0751523226 0.0614222363 -0.0729307085 0.9954438210
-60.3 267.0 2151.4 0.9975095987 0.0391266085 -0.0586831085 -0.0346685387 0.9965692163 0.0751523226 0.0614222363 -0.0729307085 0.9954438210
-67.2 71.6 2164.1 0.9976357818 0.0352555104 -0.0589902289 -0.0312855281 0.9972677231 0.0669199303 0.0611883476 -0.0649161786 0.9960129857
-202.5 271.4 2142.6 0.1621090472 -0.8459963202 -0.5079477429 0.9866678715 0.1314577609 0.0959449038 -0.0143953562 -0.5167292356 0.8560278416
-245.7 8.4 2146.5 0.0088677565 -0.8463333249 -0.5325798392 0.9519354105 0.1702179313 -0.2546464801 0.3061704338 -0.5047234297 0.8071641326
81.9 262.5 2160.1 0.0847977921 0.7238667011 0.6847089529 -0.9943829775 0.1051625535 0.0119726835 -0.0633391142 -0.6818781495 0.7287182808
105.2 -11.0 2142.7 -0.0879902691 0.7283003330 0.6795853972 -0.9490637183 0.1459183544 -0.2792596221 -0.3025488555 -0.6695419550 0.6783640385
-162.0 -121.2 2169.8 0.8876134157 0.0005275300 -0.4605889022 -0.0000944783 0.9999995232 0.0009632658 0.4605892003 -0.0008114920 0.8876130581
-162.2 -512.9 2170.1 0.8853611946 0.0637424812 -0.4605132937 -0.0624951608 0.9978834391 0.0179729369 0.4606842399 0.0128673110 0.8874708414
18.3 -126.1 2182.4 0.9375781417 -0.0335300341 0.3461546004 0.0470647365 0.9984179139 -0.0307662599 -0.3445753455 0.0451374464 0.9376728535
31.4 -517.2 2164.7 0.9379497170 0.0220255628 0.3460710049 -0.0130262971 0.9995143414 -0.0283087958 -0.3465264738 0.0220442042 0.9377811551
-248.2 -257.1 2061.1 0 0 0 0 0 0 0 0 0
80.4 -278.3 2057.4 0 0 0 0 0 0 0 0 0
-186.2 -888.8 2165.3 0 0 0 0 0 0 0 0 0
23.1 -893.6 2156.4 0 0 0 0 0 0 0 0 0
-52.7 469.7 2136.9 6 0.9979117513 0.0415061861 -0.0494905822 -0.0377761796 0.9965381622 0.0740586519 0.0523931459 -0.0720344335 0.9960250854
-61.1 266.9 2151.6 0.9979117513 0.0415061861 -0.0494905822 -0.0377761796 0.9965381622 0.0740586519 0.0523931459 -0.0720344335 0.9960250854
-68.2 71.6 2164.2 0.9981054664 0.0361510143 -0.0497850291 -0.0328029878 0.9972471595 0.0664989874 0.0520519838 -0.0647399053 0.9965437055
-203.4 271.6 2144.1 0.1613376290 -0.8505083323 -0.5006054044 0.9868259430 0.1328464299 0.0923385024 -0.0120310243 -0.5089080930 0.8607367873
-246.1 10.5 2147.3 0.0187407639 -0.8505550027 -0.5255520940 0.9511501193 0.1771774143 -0.2528271973 0.3081593812 -0.4951407611 0.8123259544
81.1 262.2 2159.0 0.0761409029 0.7181822062 0.6916768551 -0.9950498939 0.0991584733 0.0065784324 -0.0638611093 -0.6887539029 0.7221771479
102.1 -11.7 2141.4 -0.0747632682 0.7239430547 0.6857964993 -0.9505126476 0.1562335491 -0.2685455978 -0.3015561402 -0.6719356179 0.6764365435
-164.3 -120.9 2171.3 0.8917749524 -0.0042266231 -0.4524594843 0.0070685060 0.9999644756 0.0045905621 0.4524240196 -0.0072919605 0.8917731643
