57.0 493.4 1992.9 5 0.9987123609 0.0066021397 -0.0502998829 -0.0039536394 0.9986092448 0.0525728725 0.0505770221 -0.0523063093 0.9973495007
55.7 291.1 2003.5 0.9987123609 0.0066021397 -0.0502998829 -0.0039536394 0.9986092448 0.0525728725 0.0505770221 -0.0523063093 0.9973495007
55.0 92.6 2012.5 0.9987273812 0.0031692395 -0.0503348596 -0.0008807490 0.9989674687 0.0454225764 0.0504268445 -0.0453204364 0.9976989627
-90.2 291.2 1996.1 0.1792802960 -0.8894231319 -0.4204582274 0.9728312492 0.0966389328 0.2103813738 -0.1464854181 -0.4467521310 0.8825840354
-134.6 50.7 2032.4 0.0212783441 -0.8891811967 -0.4570602179 0.9721457958 0.1251319051 -0.1981780082 0.2334089726 -0.4401122630 0.8670763969
201.5 291.0 2010.9 0.1210808381 0.9911175370 0.0550036468 -0.9880571365 0.1150163859 0.1025391370 0.0953020155 -0.0667622760 0.9932070971
233.5 30.1 2036.0 -0.0328341797 0.9954631329 0.0893030018 -0.9789515734 -0.0140236868 -0.2036102712 -0.2014341652 -0.0941086933 0.9749706984
-36.0 -105.1 2015.6 0.9767141342 0.0922851339 -0.1936826110 -0.0691613033 0.9900010824 0.1229411662 0.2030916512 -0.1066830382 0.9733306170
-72.7 -498.5 2058.0 0.9795362353 0.0477415323 -0.1955236048 -0.0279552396 0.9943159223 0.1027343646 0.1993169338 -0.0951661244 0.9753031135
147.1 -104.8 2026.1 0.9856722951 0.0965461507 -0.1383076757 -0.0817120820 0.9906560183 0.1091962904 0.1475578099 -0.0963303447 0.9843511581
108.7 -498.5 2064.3 0.9890715480 -0.0581448302 -0.1354868561 0.0768902823 0.9875109196 0.1375139803 0.1257990301 -0.1464287937 0.9811896682
-140.4 -217.2 1968.0 0 0 0 0 0 0 0 0 0
224.1 -249.7 1978.5 0 0 0 0 0 0 0 0 0
-90.9 -878.0 2094.3 0 0 0 0 0 0 0 0 0
130.9 -875.5 2120.2 0 0 0 0 0 0 0 0 0
57.2 494.9 1996.8 6 0.9993416071 0.0082532568 -0.0353309400 -0.0068560466 0.9991965890 0.0394864492 0.0356284454 -0.0392182171 0.9985952973
55.5 291.6 2004.8 0.9993416071 0.0082532568 -0.0353309400 -0.0068560466 0.9991965890 0.0394864492 0.0356284454 -0.0392182171 0.9985952973
54.8 93.1 2012.1 0.9993674755 0.0038795962 -0.0353488214 -0.0025869654 0.9993288517 0.0365404859 0.0354668610 -0.0364259295 0.9987068176
-90.4 292.0 1999.6 0.1767634749 -0.8952258825 -0.4090540707 0.9758712649 0.1052823961 0.1912873238 -0.1281791776 -0.4329967499 0.8922353387
-134.4 49.2 2031.5 0.0216817558 -0.8949846029 -0.4455698431 0.9725537896 0.1221529171 -0.1980347186 0.2316656858 -0.4290469289 0.8730691671
201.5 291.3 2010.0 0.1173915789 0.9907562733 0.0679797605 -0.9878580570 0.1094852164 0.1102246493 0.1017629802 -0.0800938010 0.9915791750
232.8 28.3 2037.1 -0.0277920496 0.9944257140 0.1017110646 -0.9779245853 -0.0059670922 -0.2088730186 -0.2071017772 -0.1052707583 0.9726391435
-37.2 -105.8 2016.9 0.9795112014 0.0920826644 -0.1791051179 -0.0725636780 0.9909821153 0.1126452535 0.1878626496 -0.0973407552 0.9773598909
-73.8 -499.6 2055.6 0.9832882285 0.0345650688 -0.1787442267 -0.0137296822 0.9930942059 0.1165136099 0.1815371513 -0.1121123582 0.9769724011
146.0 -106.0 2026.1 0.9875835180 0.0983366743 -0.1225099936 -0.0849843621 0.9903110266 0.1098256856 0.1321228892 -0.0980506092 0.9863719344
106.9 -499.6 2065.1 0.9892871380 -0.0823751464 -0.1205211058 0.0979483426 0.9867184758 0.1295868903 0.1082456633 -0.1400034875 0.9842163920
-140.4 -218.7 1967.7 0 0 0 0 0 0 0 0 0
224.8 -251.2 1977.9 0 0 0 0 0 0 0 0 0
-87.0 -878.9 2098.4 0 0 0 0 0 0 0 0 0
138.4 -876.4 2118.6 0 0 0 0 0 0 0 0 0
57.3 494.1 1998.8 7 0.9984467626 0.0087663755 -0.0550205968 -0.0067355623 0.9992930293 0.0369875617 0.0553059466 -0.0365595147 0.9977999330
55.6 291.6 2006.2 0.9984467626 0.0087663755 -0.0550205968 -0.0067355623 0.9992930293 0.0369875617 0.0553059466 -0.0365595147 0.9977999330
54.6 93.0 2012.6 0.9984717965 0.0048202532 -0.0550530367 -0.0030488346 0.9994763136 0.0322153680 0.0551794916 -0.0319982879 0.9979636073
-90.3 292.0 1998.1 0.1759334952 -0.8878239989 -0.4252246320 0.9757249951 0.1000471786 0.1948109567 -0.1304153055 -0.4491760731 0.8838737011
-134.1 49.0 2030.6 0.0230728630 -0.8875243068 -0.4601828158 0.9734864831 0.1247286052 -0.1917467266 0.2275778502 -0.4435576200 0.8668708205
201.4 291.1 2014.3 0.1160349548 0.9919973612 0.0497705154 -0.9893389344 0.1109937578 0.0942804813 0.0880017728 -0.0601797402 0.9943007827
232.2 28.3 2037.6 -0.0262370445 0.9962628484 0.0822919309 -0.9783239961 -0.0086746877 -0.2068983167 -0.2054112405 -0.0859365687 0.9748954177
-37.7 -105.3 2016.0 0.9764201045 0.0868016109 -0.1976593137 -0.0646403357 0.9911502004 0.1159434617 0.2059741467 -0.1004327610 0.9733899236
-72.2 -499.2 2056.0 0.9788954854 0.0506089441 -0.1979957968 -0.0286824051 0.9932847619 0.1120832860 0.2023386210 -0.1040388271 0.9737735987
145.6 -105.7 2022.5 0.9852010608 0.0973024741 -0.1411067843 -0.0814774707 0.9901456237 0.1138991117 0.1507989317 -0.1007165015 0.9834204912
107.0 -499.2 2062.6 0.9882106185 -0.0686955526 -0.1368237585 0.0899865180 0.9836384654 0.1560696959 0.1238638312 -0.1665420085 0.9782236218
-140.5 -219.2 1967.9 0 0 0 0 0 0 0 0 0
224.7 -251.4 1978.9 0 0 0 0 0 0 0 0 0
-91.5 -878.5 2095.7 0 0 0 0 0 0 0 0 0
133.2 -874.8 2126.2 0 0 0 0 0 0 0 0 0
56.0 491.7 1994.3 8 0.9987066388 0.0079612704 -0.0502167828 -0.0054285559 0.9987157583 0.0503718406 0.0505533144 -0.0500340834 0.9974672794
54.3 289.0 2004.4 0.9987066388 0.0079612704 -0.0502167828 -0.0054285559 0.9987157583 0.0503718406 0.0505533144 -0.0500340834 0.9974672794
53.6 90.5 2013.1 0.9987290502 0.0038437529 -0.0502549671 -0.0016354534 0.9990341663 0.0439094044 0.0503752083 -0.0437714085 0.9977707267
-91.5 289.3 1997.1 0.1803155839 -0.8894344568 -0.4199912548 0.9726083279 0.0975468978 0.2109921575 -0.1466948539 -0.4465321302 0.8826605678
-135.5 52.1 2032.9 0.0165128838 -0.8892976642 -0.4570305943 0.9719379544 0.1215513945 -0.2013998181 0.2346570939 -0.4408796728 0.8663493395
200.2 288.8 2011.8 0.1225423217 0.9909766316 0.0543014184 -0.9873768687 0.1161994189 0.1076315716 0.1003505811 -0.0668053851 0.9927067757
232.8 26.2 2038.5 -0.0282587390 0.9955539703 0.0898540169 -0.9784888029 -0.0091731036 -0.2060958594 -0.2043553144 -0.0937451571 0.9743976593
-37.9 -105.3 2013.9 0.9773169160 0.0862793922 -0.1934100837 -0.0630824715 0.9903935790 0.1230493784 0.2021687329 -0.1080574542 0.9733711481
-72.2 -498.9 2056.8 0.9793252349 0.0482620746 -0.1964505911 -0.0317064449 0.9957416058 0.0865644217 0.1997918040 -0.0785459727 0.9766851068
145.2 -105.9 2024.0 0.9856274724 0.0972009525 -0.1381681859 -0.0826087743 0.9907460213 0.1076946780 0.1473575979 -0.0947329327 0.9845361114
106.6 -499.7 2061.6 0.9878092408 -0.0794441625 -0.1338711977 0.0994518623 0.9836565256 0.1500972956 0.1197589114 -0.1615812480 0.9795658588
-140.1 -215.7 1968.2 0 0 0 0 0 0 0 0 0
224.7 -253.5 1980.1 0 0 0 0 0 0 0 0 0
-90.6 -879.2 2086.8 0 0 0 0 0 0 0 0 0
136.9 -875.4 2123.3 0 0 0 0 0 0 0 0 0
55.6 489.6 1987.5 9 0.9987356067 0.0118303336 -0.0488594100 -0.0084268497 0.9975612164 0.0692862868 0.0495599322 -0.0687869564 0.9963995814
53.2 287.5 2001.5 0.9987356067 0.0118303336 -0.0488594100 -0.0084268497 0.9975612164 0.0692862868 0.0495599322 -0.0687869564 0.9963995814
51.7 89.1 2013.2 0.9987689853 0.0079808999 -0.0489573479 -0.0050638877 0.9982202053 0.0594199225 0.0493444391 -0.0590988621 0.9970318079
-92.7 288.2 1994.2 0.1797556579 -0.8893099427 -0.4204946458 0.9722408652 0.0955236778 0.2135952115 -0.1497851461 -0.4472170174 0.8817943931
-137.2 47.4 2031.4 0.0139615480 -0.8892326355 -0.4572422206 0.9721294641 0.1190999821 -0.2019392699 0.2340285182 -0.4416792393 0.8661120534
199.1 286.7 2008.7 0.1262719780 0.9904357195 0.0556095354 -0.9850905538 0.1185930297 0.1246287674 0.1168418825 -0.0705175474 0.9906438589
232.7 25.1 2039.7 -0.0278424937 0.9951837659 0.0939897075 -0.9785713553 -0.0079453131 -0.2057546526 -0.2040169090 -0.0977043584 0.9740795493
-38.8 -107.8 2017.2 0.9772211313 0.0849148929 -0.1944951564 -0.0646257773 0.9920050502 0.1083951294 0.2021445334 -0.0933566019 0.9748959541
-72.5 -502.0 2054.3 0.9799706340 0.0421397574 -0.1946326047 -0.0215362366 0.9940487146 0.1067862883 0.1979742348 -0.1004557759 0.9750460982
144.4 -108.1 2026.4 0.9856510758 0.0964161232 -0.1385492533 -0.0823347270 0.9911622405 0.1040114537 0.1473531723 -0.0911115855 0.9848785400
106.1 -502.0 2062.7 0.9877351522 -0.0777495503 -0.1354039162 0.0962041691 0.9860861897 0.1355683506 0.1229795516 -0.1469320506 0.9814718366
-141.0 -220.5 1966.9 0 0 0 0 0 0 0 0 0
224.7 -254.6 1981.4 0 0 0 0 0 0 0 0 0
-88.6 -881.7 2092.7 0 0 0 0 0 0 0 0 0
135.8 -878.7 2118.8 0 0 0 0 0 0 0 0 0
55.5 488.3 1983.6 0 0.9984802008 0.0157724191 -0.0528064482 -0.0115265390 0.9967470765 0.0797647238 0.0538927540 -0.0790348202 0.9954140186
52.3 286.5 1999.6 0.9984802008 0.0157724191 -0.0528064482 -0.0115265390 0.9967470765 0.0797647238 0.0538927540 -0.0790348202 0.9954140186
49.9 88.3 2013.4 0.9985222816 0.0122577706 -0.0529434979 -0.0085330652 0.9975095391 0.0700140148 0.0536698587 -0.0694587827 0.9961400628
-93.5 287.7 1991.8 0.1702138633 -0.8888785839 -0.4253494143 0.9732928872 0.0841768309 0.2135772407 -0.1540396661 -0.4503433704 0.8794672489
-135.8 45.8 2030.1 0.0178131349 -0.8888202310 -0.4579096735 0.9735451937 0.1197632104 -0.1945931166 0.2277990282 -0.4423294663 0.8674400449
198.2 285.2 2007.5 0.1260450929 0.9907006621 0.0512334704 -0.9830983877 0.1178317145 0.1401188523 0.1327789128 -0.0680288374 0.9888082743
231.9 21.9 2043.1 -0.0263969284 0.9953692555 0.0924294516 -0.9763895273 -0.0058416864 -0.2159382105 -0.2143983096 -0.0959472582 0.9720223546
-41.5 -108.7 2020.4 0.9771212339 0.0723921210 -0.1999837607 -0.0537160337 0.9938053489 0.0972909033 0.2057880312 -0.0843226761 0.9749569297
-70.3 -503.6 2053.9 0.9784774184 0.0586743616 -0.1978363991 -0.0340576433 0.9914946556 0.1256122738 0.2035239637 -0.1161709353 0.9721534252
141.7 -109.7 2029.5 0.9856530428 0.0891873837 -0.1432956755 -0.0745485350 0.9917295575 0.1044746935 0.1514283866 -0.0922933146 0.9841501117
106.2 -503.8 2066.2 0.9873408675 -0.0733015314 -0.1406589597 0.0922213644 0.9868047237 0.1330851763 0.1290475726 -0.1443721801 0.9810725451
-140.8 -222.4 1967.3 0 0 0 0 0 0 0 0 0
224.4 -257.2 1981.8 0 0 0 0 0 0 0 0 0
-92.7 -882.3 2098.3 0 0 0 0 0 0 0 0 0
134.2 -880.8 2121.3 0 0 0 0 0 0 0 0 0
55.8 487.7 1982.2 1 0.9981398582 0.0192179866 -0.0578574091 -0.0142490212 0.9962703586 0.0851022378 0.0592771135 -0.0841195211 0.9946909547
51.9 286.0 1999.2 0.9981398582 0.0192179866 -0.0578574091 -0.0142490212 0.9962703586 0.0851022378 0.0592771135 -0.0841195211 0.9946909547
48.9 87.9 2014.0 0.9981985092 0.0152362389 -0.0580311753 -0.0108567560 0.9971207380 0.0750488415 0.0590075515 -0.0742836073 0.9954898357
-93.9 287.6 1990.6 0.1775106788 -0.8861993551 -0.4279493988 0.9701591134 0.0845966190 0.2272327840 -0.1651704758 -0.4555152357 0.8747711778
-137.5 49.1 2031.2 0.0097437575 -0.8863508105 -0.4629117846 0.9724335074 0.1162569821 -0.2021320611 0.2329766303 -0.4481814206 0.8630499840
197.8 284.5 2007.9 0.1233092099 0.9912377596 0.0473550893 -0.9837822318 0.1158393994 0.1369444430 0.1302589327 -0.0634736046 0.9894461632
231.0 18.9 2043.0 -0.0271527264 0.9958699942 0.0866356269 -0.9782141447 -0.0086269369 -0.2074189931 -0.2058149427 -0.0903801844 0.9744083285
-44.1 -109.2 2022.3 0.9766097665 0.0651943609 -0.2048977464 -0.0448473729 0.9937289953 0.1024274305 0.2102905214 -0.0908425078 0.9734092355
-70.0 -504.0 2058.4 0.9763379693 0.0675044209 -0.2054441124 -0.0489748754 0.9943684936 0.0939829275 0.2106314152 -0.0816975012 0.9741457701
139.0 -110.7 2032.2 0.9852652550 0.0820388868 -0.1500734091 -0.0692306310 0.9936519265 0.0886737108 0.1563954204 -0.0769774467 0.9846902490
106.4 -505.6 2062.8 0.9870598316 -0.0715266243 -0.1435157806 0.0948316306 0.9820981622 0.1627579331 0.1293050498 -0.1742616594 0.9761726856
-140.2 -218.8 1967.0 0 0 0 0 0 0 0 0 0
223.3 -260.7 1984.2 0 0 0 0 0 0 0 0 0
-95.8 -883.7 2089.6 0 0 0 0 0 0 0 0 0
133.7 -880.7 2129.3 0 0 0 0 0 0 0 0 0
56.0 487.2 1981.0 2 0.9979476333 0.0216380358 -0.0602689683 -0.0161220171 0.9957613349 0.0905505940 0.0619728453 -0.0893930942 0.9940665364
51.6 285.6 1999.1 0.9979476333 0.0216380358 -0.0602689683 -0.0161220171 0.9957613349 0.0905505940 0.0619728453 -0.0893930942 0.9940665364
48.1 87.6 2014.6 0.9980087280 0.0178422332 -0.0605001003 -0.0130384900 0.9967983961 0.0788855255 0.0617138967 -0.0779396147 0.9950461388
-94.2 287.5 1990.1 0.1827602983 -0.8849558234 -0.4283128381 0.9673597813 0.0840787217 0.2390519232 -0.1755383909 -0.4580218196 0.8714368939
-138.6 52.3 2032.7 0.0046931920 -0.8852402568 -0.4651103318 0.9714092016 0.1144392267 -0.2080091387 0.2373649329 -0.4508362412 0.8604676723
197.4 283.7 2008.1 0.1198661327 0.9917599559 0.0452140197 -0.9838497639 0.1125653237 0.1391713023 0.1329349875 -0.0611657314 0.9892355800
230.1 15.6 2044.3 -0.0280991010 0.9960988164 0.0836513489 -0.9782044888 -0.0101775685 -0.2073941827 -0.2057337314 -0.0876557231 0.9746743441
-45.7 -109.2 2023.3 0.9762485027 0.0614145845 -0.2077668905 -0.0415971354 0.9942727089 0.0984454453 0.2126229256 -0.0874647126 0.9732118845
-70.1 -504.3 2058.1 0.9758254290 0.0666528866 -0.2081397623 -0.0482358560 0.9945581555 0.0923436955 0.2131620646 -0.0800715312 0.9737302065
137.4 -111.2 2034.2 0.9855715036 0.0730486289 -0.1526849270 -0.0597238131 0.9941394329 0.0901099816 0.1583725214 -0.0796909034 0.9841582775
108.4 -506.3 2065.8 0.9866119623 -0.0675966069 -0.1484167129 0.0893096849 0.9854093194 0.1448872089 0.1364573240 -0.1562024951 0.9782536626
-139.9 -215.3 1967.3 0 0 0 0 0 0 0 0 0
222.0 -264.0 1985.5 0 0 0 0 0 0 0 0 0
-95.5 -884.2 2088.7 0 0 0 0 0 0 0 0 0
134.2 -882.7 2125.5 0 0 0 0 0 0 0 0 0
56.4 487.8 1975.9 3 0.9985890388 0.0241699573 -0.0472837500 -0.0190031808 0.9940966368 0.1068211794 0.0495864786 -0.1057719141 0.9931532741
51.5 284.9 1997.5 0.9985890388 0.0241699573 -0.0472837500 -0.0190031808 0.9940966368 0.1068211794 0.0495864786 -0.1057719141 0.9931532741
47.3 87.0 2015.3 0.9986408949 0.0211176127 -0.0476490818 -0.0167251267 0.9957314730 0.0907693654 0.0493625216 -0.0898490623 0.9947313666
-94.4 287.3 1990.2 0.1843774617 -0.8898441792 -0.4173514545 0.9656464458 0.0848926678 0.2456016392 -0.1831171066 -0.4482973814 0.8749272227
-139.1 53.4 2034.6 0.0018583732 -0.8902071714 -0.4555521607 0.9686903954 0.1147005782 -0.2201879323 0.2482649684 -0.4408798218 0.8625482321
197.3 282.4 2004.7 0.1212588400 0.9909261465 0.0579794608 -0.9819986224 0.1112340614 0.1526621282 0.1448276043 -0.0754473805 0.9865762591
230.4 14.9 2044.1 -0.0336818397 0.9947377443 0.0967594162 -0.9795451164 -0.0136390422 -0.2007619590 -0.1983857900 -0.1015422419 0.9748498797
-47.0 -109.3 2024.4 0.9785051346 0.0644602478 -0.1958892643 -0.0457731932 0.9940865040 0.0984727591 0.2010784447 -0.0873896182 0.9756692648
-72.6 -504.4 2059.1 0.9789288640 0.0565625913 -0.1962115914 -0.0387504660 0.9948684573 0.0934623033 0.2004911900 -0.0838896558 0.9760972261
136.0 -111.7 2035.7 0.9874554873 0.0709030256 -0.1410830170 -0.0590502918 0.9945003390 0.0864990428 0.1464401484 -0.0770829618 0.9862117171
107.9 -506.9 2066.3 0.9886438251 -0.0619547404 -0.1369124055 0.0814583004 0.9865399003 0.1417871714 0.1262851506 -0.1513296664 0.9803832769
-139.6 -213.5 1966.2 0 0 0 0 0 0 0 0 0
220.7 -265.1 1987.4 0 0 0 0 0 0 0 0 0
-94.3 -884.5 2091.2 0 0 0 0 0 0 0 0 0
131.5 -883.9 2124.2 0 0 0 0 0 0 0 0 0
56.2 487.3 1972.8 4 0.9987292886 0.0247744117 -0.0438860916 -0.0195360668 0.9930561185 0.1160080284 0.0464553796 -0.1150032580 0.9922782779
51.2 284.9 1996.3 0.9987292886 0.0247744117 -0.0438860916 -0.0195360668 0.9930561185 0.1160080284 0.0464553796 -0.1150032580 0.9922782779
46.9 87.3 2016.1 0.9987895489 0.0214927644 -0.0442432836 -0.0169474129 0.9947763681 0.1006615013 0.0461756662 -0.0997898504 0.9939365387
-94.7 287.4 1989.5 0.1796100736 -0.8909434080 -0.4170852602 0.9673565030 0.0829075351 0.2394739240 -0.1787782013 -0.4464820623 0.8767508864
-138.5 51.4 2033.1 0.0043131583 -0.8912664056 -0.4534595907 0.9698701501 0.1141860411 -0.2152054608 0.2435841560 -0.4388687015 0.8649051785
197.1 282.5 2003.0 0.1193924621 0.9909638166 0.0611243546 -0.9804272056 0.1079678833 0.1646373570 0.1565501988 -0.0795844421 0.9844583869
229.9 12.8 2046.0 -0.0308501776 0.9944820404 0.1002681106 -0.9792933464 -0.0099923247 -0.2021997273 -0.2000820935 -0.1044297889 0.9741979241
-48.5 -109.3 2028.6 0.9790108204 0.0628116354 -0.1938879043 -0.0465521552 0.9950928688 0.0873099715 0.1984205544 -0.0764515102 0.9771307111
-73.5 -504.8 2059.0 0.9796370268 0.0518656783 -0.1939618438 -0.0356587358 0.9956449866 0.0861364678 0.1975846589 -0.0774660408 0.9772201777
134.7 -112.4 2037.7 0.9883132577 0.0632905737 -0.1386767477 -0.0522204787 0.9952580929 0.0820632651 0.1432129741 -0.0738624483 0.9869318008
109.5 -507.9 2067.1 0.9898319244 -0.0473676100 -0.1341235042 0.0673455596 0.9866050482 0.1485769451 0.1252891868 -0.1560988277 0.9797631502
-139.7 -215.8 1966.0 0 0 0 0 0 0 0 0 0
221.1 -267.1 1988.9 0 0 0 0 0 0 0 0 0
-93.3 -885.2 2088.6 0 0 0 0 0 0 0 0 0
127.6 -884.9 2126.7 0 0 0 0 0 0 0 0 0
55.3 485.8 1972.3 5 0.9980803728 0.0206349697 -0.0583934635 -0.0135145197 0.9927053452 0.1198057011 0.0604396909 -0.1187865585 0.9910786152
51.1 283.8 1996.5 0.9980803728 0.0206349697 -0.0583934635 -0.0135145197 0.9927053452 0.1198057011 0.0604396909 -0.1187865585 0.9910786152
47.5 86.2 2017.2 0.9981096983 0.0182714649 -0.0586784445 -0.0120154163 0.9943731427 0.1052507386 0.0602713525 -0.1043467373 0.9927130342
-94.7 285.5 1987.7 0.1728802323 -0.8857091665 -0.4308499694 0.9681506157 0.0723815933 0.2396775484 -0.1810989976 -0.4585631490 0.8700132370
-136.8 49.5 2031.8 0.0120698577 -0.8862174749 -0.4631122053 0.9708957076 0.1211784855 -0.2065847367 0.2391982377 -0.4471402168 0.8618873358
196.9 282.0 2005.3 0.1187371835 0.9917730689 0.0478296317 -0.9811620712 0.1098012924 0.1589486301 0.1523892134 -0.0658017322 0.9861276150
229.5 12.9 2047.1 -0.0286687538 0.9957641363 0.0873608068 -0.9787400365 -0.0102065802 -0.2048505694 -0.2030911893 -0.0913763344 0.9748868346
-48.9 -108.8 2031.7 0.9759418368 0.0633730888 -0.2086178362 -0.0472862981 0.9955738783 0.0812198743 0.2128416300 -0.0694011077 0.9746188521
-74.1 -504.5 2059.3 0.9770458341 0.0472533554 -0.2077222914 -0.0279355012 0.9950882792 0.0949681178 0.2111895829 -0.0869853795 0.9735668898
134.3 -111.9 2040.1 0.9862222075 0.0627369508 -0.1530681401 -0.0503166839 0.9952188730 0.0837115347 0.1575881094 -0.0748562962 0.9846636653
109.3 -507.5 2069.9 0.9876810908 -0.0439914018 -0.1501692384 0.0634394139 0.9898358583 0.1272806823 0.1430436522 -0.1352393627 0.9804329872
-140.1 -218.0 1965.9 0 0 0 0 0 0 0 0 0
221.3 -266.9 1989.0 0 0 0 0 0 0 0 0 0
-92.2 -884.7 2092.5 0 0 0 0 0 0 0 0 0
126.1 -885.6 2121.6 0 0 0 0 0 0 0 0 0
54.7 486.9 1966.5 6 0.9981595278 0.0194481220 -0.0574397743 -0.0111742001 0.9899466038 0.1409993023 0.0596044846 -0.1400979608 0.9883419871
50.8 285.0 1995.1 0.9981595278 0.0194481220 -0.0574397743 -0.0111742001 0.9899466038 0.1409993023 0.0596044846 -0.1400979608 0.9883419871
47.5 87.8 2019.2 0.9981961250 0.0163087845 -0.0577802025 -0.0091460841 0.9924725294 0.1221254617 0.0593369827 -0.1213767007 0.9908313751
-95.1 286.4 1986.4 0.1767810732 -0.8846466541 -0.4314495623 0.9661686420 0.0723349079 0.2475596517 -0.1877939552 -0.4606169164 0.8675053120
-138.5 49.3 2032.5 0.0048169610 -0.8853884339 -0.4648269713 0.9696499109 0.1177652180 -0.2142672390 0.2444501817 -0.4496873319 0.8590840697
196.6 283.7 2003.8 0.1187966987 0.9916708469 0.0497626774 -0.9799835682 0.1090384647 0.1665616632 0.1597482860 -0.0685535818 0.9847745299
229.5 11.9 2048.1 -0.0281744916 0.9955651164 0.0897565708 -0.9790669084 -0.0093767615 -0.2033225596 -0.2015792280 -0.0936061963 0.9749890566
-47.7 -110.3 2032.4 0.9756562114 0.0674295872 -0.2086820304 -0.0511908159 0.9952947497 0.0822671503 0.2132473588 -0.0695818588 0.9745172858
-74.5 -505.9 2060.1 0.9772648215 0.0390517600 -0.2083950192 -0.0213611685 0.9960249662 0.0864752457 0.2109436542 -0.0800576508 0.9742143154
135.4 -112.5 2043.5 0.9860257506 0.0633809790 -0.1540649980 -0.0531883501 0.9961695075 0.0694065243 0.1578739136 -0.0602421574 0.9856199622
110.2 -508.4 2067.4 0.9881315231 -0.0384646654 -0.1487162858 0.0604182370 0.9874305725 0.1460497826 0.1412292570 -0.1533015668 0.9780352116
-139.8 -217.9 1965.2 0 0 0 0 0 0 0 0 0
221.5 -268.0 1990.5 0 0 0 0 0 0 0 0 0
-89.4 -886.4 2090.7 0 0 0 0 0 0 0 0 0
124.9 -885.6 2126.0 0 0 0 0 0 0 0 0 0
56.5 486.9 1968.1 7 0.9981807470 0.0241595339 -0.0552406982 -0.0162559040 0.9901182055 0.1392897516 0.0580599979 -0.1381383687 0.9887096882
51.5 284.1 1996.4 0.9981807470 0.0241595339 -0.0552406982 -0.0162559040 0.9901182055 0.1392897516 0.0580599979 -0.1381383687 0.9887096882
47.5 86.9 2020.6 0.9982448220 0.0203495212 -0.0556164682 -0.0134018715 0.9923715591 0.1225524992 0.0576860867 -0.1215920299 0.9909024835
-94.3 286.1 1988.0 0.1826073825 -0.8846877217 -0.4289315045 0.9651730657 0.0781758130 0.2496588379 -0.1873380393 -0.4595826566 0.8681522012
-138.7 51.3 2033.6 0.0040727565 -0.8851944208 -0.4652034044 0.9703869820 0.1158568636 -0.2119582593 0.2415212840 -0.4505640566 0.8594530225
197.4 282.1 2004.9 0.1166423038 0.9918303490 0.0516445786 -0.9796163440 0.1063317657 0.1704270691 0.1635432690 -0.0704708770 0.9840160012
229.3 13.8 2049.7 -0.0266303848 0.9954694510 0.0912764296 -0.9785990715 -0.0073230211 -0.2056459188 -0.2040458173 -0.0947994590 0.9743604660
-47.3 -108.5 2037.9 0.9760186076 0.0626006946 -0.2084916681 -0.0517843850 0.9970334768 0.0569445267 0.2114379406 -0.0447823070 0.9763649702
-72.1 -504.6 2055.7 0.9777563214 0.0420681015 -0.2054820657 -0.0214629415 0.9946044087 0.1014959365 0.2086431086 -0.0948280394 0.9733836055
135.8 -110.2 2048.8 0.9855776429 0.0718411654 -0.1532174200 -0.0641197190 0.9964386225 0.0547610559 0.1566058546 -0.0441470146 0.9866740108
107.3 -506.1 2066.3 0.9867355227 -0.0712956637 -0.1458421648 0.0929534957 0.9846788049 0.1475375146 0.1330889016 -0.1591370553 0.9782447219
-139.8 -216.1 1967.1 0 0 0 0 0 0 0 0 0
221.7 -265.9 1991.3 0 0 0 0 0 0 0 0 0
-88.2 -884.7 2091.9 0 0 0 0 0 0 0 0 0
134.5 -882.1 2127.1 0 0 0 0 0 0 0 0 0
58.2 486.4 1965.0 8 0.9977003932 0.0285199136 -0.0614861026 -0.0188650247 0.9881633520 0.1522407830 0.0651002079 -0.1507307440 0.9864290357
52.3 282.8 1996.0 0.9977003932 0.0285199136 -0.0614861026 -0.0188650247 0.9881633520 0.1522407830 0.0651002079 -0.1507307440 0.9864290357
47.8 85.9 2021.8 0.9978189468 0.0225707442 -0.0620313138 -0.0142713105 0.9912641048 0.1311174035 0.0644488335 -0.1299461722 0.9894242287
-93.4 284.9 1986.6 0.1912898123 -0.8805742264 -0.4335865080 0.9618595839 0.0801721439 0.2615312338 -0.1955361068 -0.4670775831 0.8623248339
-139.7 52.4 2033.9 -0.0004536697 -0.8811259270 -0.4728814960 0.9702623487 0.1140756011 -0.2134893090 0.2420552075 -0.4589159787 0.8548715711
198.1 280.8 2005.4 0.1147126555 0.9923048019 0.0466061383 -0.9801409841 0.1054178029 0.1679604203 0.1617548168 -0.0649477690 0.9846913815
229.5 12.0 2049.8 -0.0281189289 0.9958979487 0.0860031545 -0.9777718186 -0.0095190918 -0.2094557136 -0.2077778429 -0.0899811313 0.9740286469
-48.1 -109.0 2039.5 0.9746790528 0.0592477657 -0.2156164050 -0.0486733094 0.9973522425 0.0540313050 0.2182467431 -0.0421684198 0.9749821424
-71.6 -505.4 2056.2 0.9761286378 0.0465433858 -0.2121475637 -0.0240998827 0.9939479232 0.1071759537 0.2158519626 -0.0995047837 0.9713427424
135.0 -111.5 2050.1 0.9845994115 0.0688503087 -0.1606973559 -0.0616383962 0.9968730211 0.0494462587 0.1635992378 -0.0387796313 0.9857643843
107.6 -507.6 2065.5 0.9848856926 -0.0819890574 -0.1525713652 0.1056311205 0.9824174047 0.1539417356 0.1372672319 -0.1677313000 0.9762294292
-139.6 -214.9 1967.2 0 0 0 0 0 0 0 0 0
221.5 -267.5 1990.4 0 0 0 0 0 0 0 0 0
-89.4 -885.2 2094.3 0 0 0 0 0 0 0 0 0
139.0 -882.9 2129.5 0 0 0 0 0 0 0 0 0
58.5 484.8 1962.9 9 0.9960713387 0.0297589414 -0.0834047496 -0.0161080286 0.9870183468 0.1597975791 0.0870774239 -0.1578263044 0.9836200476
52.4 282.2 1995.3 0.9960713387 0.0297589414 -0.0834047496 -0.0161080286 0.9870183468 0.1597975791 0.0870774239 -0.1578263044 0.9836200476
47.6 85.4 2022.6 0.9961831570 0.0238534864 -0.0839653090 -0.0119839320 0.9902024269 0.1391239911 0.0864612535 -0.1375867426 0.9867088199
-93.1 283.9 1982.6 0.1963995397 -0.8715505004 -0.4492515624 0.9559533596 0.0682710335 0.2854684591 -0.2181293070 -0.4855293930 0.8465700150
-140.5 53.3 2035.2 -0.0037964722 -0.8727345467 -0.4881802797 0.9702880979 0.1148886532 -0.2129356116 0.2419226468 -0.4744839370 0.8463677764
197.9 280.5 2007.9 0.1159839183 0.9928928614 0.0266732983 -0.9810728431 0.1103281453 0.1591344029 0.1550606042 -0.0446254797 0.9868965149
229.8 10.6 2050.5 -0.0283956770 0.9973692298 0.0666953698 -0.9786019921 -0.0141342776 -0.2052762210 -0.2037934959 -0.0710971802 0.9764289260
-48.2 -109.8 2041.7 0.9697585106 0.0543384627 -0.2379406095 -0.0445473157 0.9979319572 0.0463390760 0.2399665415 -0.0343380980 0.9701736569
-69.8 -506.4 2055.4 0.9706736207 0.0588029623 -0.2330986559 -0.0307074133 0.9920083880 0.1223780438 0.2384320050 -0.1116312742 0.9647220373
134.9 -112.4 2053.6 0.9807791710 0.0668583065 -0.1833089888 -0.0597963594 0.9972495437 0.0437915735 0.1857326478 -0.0319886543 0.9820795059
108.3 -508.7 2066.3 0.9813632369 -0.0797941610 -0.1748117357 0.1072261930 0.9823028445 0.1535698771 0.1594640911 -0.1694522202 0.9725518823
-139.5 -214.0 1968.6 0 0 0 0 0 0 0 0 0
221.6 -269.1 1992.3 0 0 0 0 0 0 0 0 0
-92.2 -885.4 2098.0 0 0 0 0 0 0 0 0 0
138.8 -884.0 2131.0 0 0 0 0 0 0 0 0 0
58.2 483.5 1961.3 0 0.9947096705 0.0296396352 -0.0983573198 -0.0128603438 0.9858682156 0.1670283973 0.1019180119 -0.1648798436 0.9810338020
52.1 281.5 1995.1 0.9947096705 0.0296396352 -0.0983573198 -0.0128603438 0.9858682156 0.1670283973 0.1019180119 -0.1648798436 0.9810338020
47.3 84.9 2023.5 0.9947910905 0.0244048517 -0.0989702344 -0.0098848250 0.9894369245 0.1446265727 0.1014543921 -0.1428949237 0.9845242500
-93.2 283.0 1980.3 0.2035133690 -0.8643355370 -0.4598982334 0.9514417648 0.0637877584 0.3011472523 -0.2309563905 -0.4988538921 0.8353465796
-142.3 53.4 2036.0 -0.0110575277 -0.8658372164 -0.5002036095 0.9710761905 0.1100217178 -0.2119109035 0.2385136038 -0.4880790114 0.8395773768
197.4 280.1 2009.9 0.1075874865 0.9941044450 0.0134642096 -0.9833725095 0.1044136286 0.1485809237 0.1462991089 -0.0292257816 0.9888085723
227.0 9.5 2050.2 -0.0156482365 0.9986245036 0.0500423908 -0.9792249799 -0.0051861606 -0.2027105093 -0.2021721452 -0.0521748215 0.9779592156
-48.5 -110.2 2042.0 0.9661284685 0.0511590391 -0.2529398799 -0.0413804986 0.9981815219 0.0438330621 0.2547223568 -0.0318815894 0.9664885402
-68.8 -506.9 2054.7 0.9668350816 0.0649789199 -0.2469972670 -0.0313694812 0.9899841547 0.1376492381 0.2534676790 -0.1253359318 0.9591897726
134.2 -112.4 2057.9 0.9778724313 0.0631417409 -0.1994457692 -0.0587024167 0.9978799820 0.0280998945 0.2007972151 -0.0157701634 0.9795058966
109.1 -508.9 2064.1 0.9795163274 -0.0696179196 -0.1889472306 0.1014095545 0.9812023640 0.1641889513 0.1739649773 -0.1799868196 0.9681636691
-139.2 -214.2 1970.3 0 0 0 0 0 0 0 0 0
222.6 -270.3 1992.4 0 0 0 0 0 0 0 0 0
-93.7 -885.2 2102.6 0 0 0 0 0 0 0 0 0
135.7 -883.8 2132.9 0 0 0 0 0 0 0 0 0
58.3 484.1 1961.0 1 0.9934033155 0.0316122323 -0.1102292240 -0.0123596042 0.9851681590 0.1711460054 0.1140046269 -0.1686546355 0.9790600538
51.8 282.5 1995.6 0.9934033155 0.0316122323 -0.1102292240 -0.0123596042 0.9851681590 0.1711460054 0.1140046269 -0.1686546355 0.9790600538
46.5 86.0 2025.0 0.9934859276 0.0264432002 -0.1108444035 -0.0095518138 0.9886047840 0.1502311379 0.1135538965 -0.1481937617 0.9824174643
-93.3 283.9 1979.0 0.2052144706 -0.9030693769 -0.3772966266 0.9487900734 0.0889614299 0.3031225204 -0.2401758134 -0.4201804101 0.8750793934
-143.2 53.1 2037.4 -0.0147940572 -0.9030693769 -0.4292398691 0.9712896943 0.0889614299 -0.2206404060 0.2374393791 -0.4201804101 0.8758258820
196.9 281.1 2012.1 0.1079900116 0.9941491485 0.0023779066 -0.9834802747 0.1064809635 0.1463842243 0.1452745497 -0.0181466583 0.9892249703
226.8 8.4 2052.4 -0.0156392287 0.9990578890 0.0404821709 -0.9773470759 -0.0067278668 -0.2115357518 -0.2110640854 -0.0428733863 0.9765315056
-48.8 -110.8 2042.6 0.9628946185 0.0505235419 -0.2651062012 -0.0414231271 0.9983482361 0.0398103930 0.2666796744 -0.0273516849 0.9633970261
-68.9 -507.5 2053.4 0.9631684422 0.0787587687 -0.2571063042 -0.0380640477 0.9864505529 0.1595820189 0.2661911249 -0.1439178586 0.9531158805
133.6 -112.6 2061.2 0.9754500389 0.0601413548 -0.2118496895 -0.0561856478 0.9981160164 0.0246484075 0.2129329592 -0.0121403774 0.9769914150
109.7 -509.2 2066.0 0.9777795076 -0.0596470311 -0.2009714097 0.0944341272 0.9812141061 0.1682291329 0.1871616095 -0.1834695637 0.9650437832
-139.2 -214.5 1972.0 0 0 0 0 0 0 0 0 0
222.4 -271.0 1992.1 0 0 0 0 0 0 0 0 0
-99.0 -884.4 2108.4 0 0 0 0 0 0 0 0 0
132.5 -884.1 2136.1 0 0 0 0 0 0 0 0 0
57.9 484.7 1960.4 2 0.9955769777 0.0324685983 -0.0881601647 -0.0166512802 0.9845082760 0.1745456308 0.0924616605 -0.1723056436 0.9806944728
51.2 283.2 1995.7 0.9955769777 0.0324685983 -0.0881601647 -0.0166512802 0.9845082760 0.1745456308 0.0924616605 -0.1723056436 0.9806944728
45.7 86.8 2025.7 0.9956665635 0.0275590122 -0.0888179094 -0.0137086408 0.9881418347 0.1529306322 0.0919793025 -0.1510503292 0.9842375517
-94.2 285.2 1982.2 0.2015525550 -0.9106464386 -0.3606932163 0.9525122046 0.0964163542 0.2888328433 -0.2282478958 -0.4017796814 0.8868348002
-143.1 53.9 2037.7 -0.0138649493 -0.9105426669 -0.4131824970 0.9726476073 0.0835419819 -0.2167426050 0.2318714857 -0.4048860967 0.8844788671
196.6 281.2 2009.1 0.1020688489 0.9945049286 0.0232783593 -0.9823058248 0.0970678255 0.1601659060 0.1570262015 -0.0392144173 0.9868155718
225.0 7.8 2052.8 -0.0064497967 0.9982616305 0.0585839488 -0.9786262512 0.0057409620 -0.2055669278 -0.2055459023 -0.0586576536 0.9768880010
-49.9 -109.5 2044.0 0.9686578512 0.0450575463 -0.2442780584 -0.0372835994 0.9986431003 0.0363575779 0.2455847859 -0.0261104908 0.9690234065
-67.8 -506.4 2054.4 0.9680724740 0.0832113847 -0.2364562303 -0.0445264354 0.9853767157 0.1644691229 0.2466841787 -0.1486894786 0.9576212168
132.3 -111.3 2064.9 0.9794619679 0.0618896149 -0.1918955147 -0.0620472580 0.9980596900 0.0051934393 0.1918446124 0.0068198149 0.9814016223
107.8 -507.8 2062.1 0.9818620086 -0.0678855628 -0.1770269573 0.1019080803 0.9763193130 0.1908279359 0.1598803699 -0.2054071724 0.9655289650
-139.3 -214.1 1973.8 0 0 0 0 0 0 0 0 0
223.2 -272.0 1994.1 0 0 0 0 0 0 0 0 0
-99.6 -882.9 2111.2 0 0 0 0 0 0 0 0 0
133.7 -880.8 2140.6 0 0 0 0 0 0 0 0 0
58.3 483.6 1960.1 3 0.9966060519 0.0345505029 -0.0747167021 -0.0207086969 0.9836934209 0.1786573678 0.0796710327 -0.1765037328 0.9810703397
51.2 282.1 1996.2 0.9966060519 0.0345505029 -0.0747167021 -0.0207086969 0.9836934209 0.1786573678 0.0796710327 -0.1765037328 0.9810703397
45.3 85.8 2026.8 0.9967079163 0.0296243913 -0.0754702464 -0.0175808854 0.9876779318 0.1555096209 0.0791471675 -0.1536708325 0.9849472046
-94.4 284.7 1984.7 0.2054741979 -0.9139231443 -0.3500355482 0.9532712698 0.1059595495 0.2829248607 -0.2214819640 -0.3918125927 0.8929886222
-144.0 54.4 2038.2 -0.0171275120 -0.9138139486 -0.4057717025 0.9734338522 0.0774357840 -0.2154768407 0.2283269912 -0.3986825049 0.8882111311
196.8 279.5 2007.8 0.1049448550 0.9938690066 0.0347985178 -0.9788177013 0.0970436186 0.1802731305 0.1757909060 -0.0529801436 0.9830008149
225.4 12.5 2055.8 -0.0073853000 0.9973568916 0.0722821504 -0.9781615734 0.0078095659 -0.2076991498 -0.2077146769 -0.0722375438 0.9755185246
-51.0 -108.3 2047.3 0.9716753960 0.0449953824 -0.2319964617 -0.0388917960 0.9987680912 0.0308183488 0.2330973297 -0.0209226720 0.9722282887
-68.9 -505.2 2055.6 0.9720662832 0.0677272603 -0.2247223407 -0.0334102213 0.9876400828 0.1531365514 0.2323163152 -0.1413508505 0.9623144269
131.5 -110.8 2064.1 0.9818043709 0.0629903823 -0.1791436076 -0.0624442734 0.9980106354 0.0086914338 0.1793347001 0.0026532044 0.9837845564
106.5 -507.4 2063.1 0.9832567573 -0.0789986253 -0.1642114371 0.1108768657 0.9744973779 0.1950928420 0.1446115375 -0.2100335956 0.9669402242
-139.3 -213.8 1975.3 0 0 0 0 0 0 0 0 0
223.3 -267.1 1996.4 0 0 0 0 0 0 0 0 0
-94.8 -882.6 2109.6 0 0 0 0 0 0 0 0 0
136.7 -879.7 2143.3 0 0 0 0 0 0 0 0 0
59.8 481.7 1955.4 4 0.9981552958 0.0393202230 -0.0462592207 -0.0296896342 0.9807480574 0.1930072606 0.0529577248 -0.1912778020 0.9801062346
51.7 280.5 1994.7 0.9981552958 0.0393202230 -0.0462592207 -0.0296896342 0.9807480574 0.1930072606 0.0529577248 -0.1912778020 0.9801062346
44.9 84.7 2027.7 0.9982810020 0.0347282998 -0.0472119935 -0.0263516735 0.9854844809 0.1677079350 0.0523508973 -0.1661755443 0.9847055674
-94.0 284.4 1987.0 0.2091700882 -0.9212186337 -0.3280306756 0.9544153214 0.1192786396 0.2736129463 -0.2129302770 -0.3703091443 0.9041746855
-144.8 52.8 2038.7 -0.0205078702 -0.9213365912 -0.3882245719 0.9728967547 0.0710666329 -0.2200487405 0.2303287685 -0.3822151423 0.8949079514
197.5 276.6 2002.3 0.0969606116 0.9933388829 0.0622618869 -0.9761812091 0.0827142000 0.2005706131 0.1940846443 -0.0802263394 0.9776987433
223.8 12.0 2054.9 0.0006672562 0.9954147935 0.0956498533 -0.9788392186 0.0202229582 -0.2036291212 -0.2046297640 -0.0934899598 0.9743645787
-51.9 -108.8 2050.1 0.9774264097 0.0476779491 -0.2058261335 -0.0419868045 0.9986077547 0.0319325738 0.2070620507 -0.0225697588 0.9780674577
-70.9 -505.7 2059.0 0.9779371619 0.0601737238 -0.2000451684 -0.0340905935 0.9907479882 0.1313630193 0.2060989588 -0.1216451153 0.9709405899
130.8 -112.0 2064.6 0.9865564108 0.0582510494 -0.1526867002 -0.0565732419 0.9982810020 0.0153138274 0.1533162743 -0.0064699729 0.9881559610
107.7 -508.7 2067.1 0.9871950746 -0.0752877742 -0.1406330019 0.1007737592 0.9777548909 0.1839566082 0.1236549243 -0.1957731694 0.9728218317
-139.1 -215.2 1975.2 0 0 0 0 0 0 0 0 0
224.0 -267.8 1996.4 0 0 0 0 0 0 0 0 0
-93.9 -884.2 2105.5 0 0 0 0 0 0 0 0 0
136.5 -882.3 2141.9 0 0 0 0 0 0 0 0 0
61.0 482.0 1957.1 5 0.9989171624 0.0438165553 -0.0156400055 -0.0401039496 0.9813616276 0.1879387945 0.0235833321 -0.1871080548 0.9820562005
52.0 279.8 1995.6 0.9989171624 0.0438165553 -0.0156400055 -0.0401039496 0.9813616276 0.1879387945 0.0235833321 -0.1871080548 0.9820562005
44.1 83.9 2028.2 0.9990678430 0.0398330465 -0.0166360885 -0.0365604907 0.9856967330 0.1645154208 0.0229512881 -0.1637538373 0.9862341881
-93.9 285.2 1992.3 0.2076213360 -0.9294676781 -0.3049314618 0.9602591395 0.1342129111 0.2447229326 -0.1865363270 -0.3436229229 0.9203953147
-144.6 50.7 2037.8 -0.0205573700 -0.9303729534 -0.3660376668 0.9734177589 0.0649075657 -0.2196472138 0.2281124443 -0.3608229160 0.9043071866
197.8 274.5 1999.0 0.0974086672 0.9911288023 0.0904172733 -0.9721569419 0.0753007084 0.2219024003 0.2131253779 -0.1095149964 0.9708676934
224.3 9.7 2057.0 -0.0025626258 0.9924024940 0.1230069622 -0.9779194593 0.0232174713 -0.2076883763 -0.2089663744 -0.1208231300 0.9704302549
-53.5 -108.7 2055.9 0.9833908081 0.0392717943 -0.1772012264 -0.0361326374 0.9991282225 0.0209087394 0.1778678745 -0.0141587146 0.9839525223
-69.1 -505.8 2061.6 0.9822888374 0.0751933381 -0.1716235578 -0.0523848794 0.9896282554 0.1337600350 0.1799013764 -0.1224005073 0.9760397673
129.5 -113.6 2065.5 0.9907956123 0.0558666438 -0.1233004853 -0.0542478971 0.9983919859 0.0164494962 0.1240211949 -0.0096092969 0.9922330379
107.3 -510.4 2069.4 0.9905883670 -0.0756571591 -0.1140642092 0.0933526605 0.9828903675 0.1587821543 0.1000996009 -0.1679359525 0.9807025790
-138.9 -217.5 1975.0 0 0 0 0 0 0 0 0 0
223.6 -269.8 1997.3 0 0 0 0 0 0 0 0 0
-97.9 -883.9 2108.3 0 0 0 0 0 0 0 0 0
136.2 -885.8 2133.5 0 0 0 0 0 0 0 0 0
62.3 481.0 1958.9 6 0.9984088540 0.0491331778 -0.0276718680 -0.0430226400 0.9809450507 0.1894619465 0.0364534482 -0.1879699528 0.9814980626
52.2 279.6 1997.5 0.9984088540 0.0491331778 -0.0276718680 -0.0430226400 0.9809450507 0.1894619465 0.0364534482 -0.1879699528 0.9814980626
43.3 83.7 2029.6 0.9985857010 0.0446003005 -0.0289383363 -0.0393116027 0.9858611226 0.1628876776 0.0357940197 -0.1615196913 0.9862201214
-93.6 285.4 1992.3 0.2107894719 -0.9256064296 -0.3143573403 0.9585681558 0.1326854825 0.2520747483 -0.1916113496 -0.3544676304 0.9152255654
-145.1 51.2 2039.1 -0.0222292952 -0.9262463450 -0.3762626946 0.9729616642 0.0665004924 -0.2211861163 0.2298944890 -0.3710059822 0.8997238874
198.0 273.9 2002.8 0.0978021249 0.9920495152 0.0791992024 -0.9739754200 0.0790621862 0.2124171108 0.2044666409 -0.0979129225 0.9739642739
224.8 7.0 2058.8 -0.0079007978 0.9936102033 0.1125890315 -0.9775772095 0.0160187054 -0.2099670768 -0.2104289681 -0.1117233783 0.9712041616
-55.4 -108.6 2058.7 0.9811109900 0.0366144702 -0.1899488717 -0.0339760855 0.9992758632 0.0171290524 0.1904384941 -0.0103517827 0.9816445708
-70.0 -505.7 2062.8 0.9802872539 0.0686998740 -0.1852489710 -0.0471133292 0.9918342233 0.1185123250 0.1918780655 -0.1074484289 0.9755191803
127.7 -115.3 2062.9 0.9895713925 0.0487038977 -0.1355596185 -0.0457824543 0.9986488223 0.0245875698 0.1365739554 -0.0181249026 0.9904640317
108.4 -512.1 2070.1 0.9892134070 -0.0720172599 -0.1275553107 0.0924100354 0.9824604988 0.1619621515 0.1136539802 -0.1720025241 0.9785182476
-139.0 -216.8 1975.8 0 0 0 0 0 0 0 0 0
222.5 -272.4 1998.6 0 0 0 0 0 0 0 0 0
-96.2 -884.6 2103.8 0 0 0 0 0 0 0 0 0
135.9 -887.5 2135.8 0 0 0 0 0 0 0 0 0
63.8 480.8 1958.8 7 0.9983177781 0.0565795265 -0.0126636382 -0.0531686880 0.9804906249 0.1892384738 0.0231236015 -0.1882468313 0.9818494916
52.2 279.7 1997.5 0.9983177781 0.0565795265 -0.0126636382 -0.0531686880 0.9804906249 0.1892384738 0.0231236015 -0.1882468313 0.9818494916
41.8 83.9 2029.9 0.9985388517 0.0521768220 -0.0140613420 -0.0491727255 0.9852380753 0.1639755219 0.0224094912 -0.1630444974 0.9863641858
-93.6 286.9 1994.2 0.2110720128 -0.9298624992 -0.3013375700 0.9590253830 0.1373960376 0.2477752864 -0.1889943630 -0.3412888348 0.9207622409
-145.4 51.8 2040.5 -0.0254105218 -0.9307176471 -0.3648547828 0.9723725915 0.0617067143 -0.2251307219 0.2320471257 -0.3604954779 0.9034363031
198.0 272.5 2000.7 0.0917464867 0.9913798571 0.0935335234 -0.9727043509 0.0691189766 0.2215147167 0.2131402791 -0.1113036647 0.9706609845
223.0 7.1 2058.9 -0.0018799744 0.9923392534 0.1235283911 -0.9774049520 0.0242864992 -0.2099755555 -0.2113670558 -0.1211320162 0.9698716402
-57.1 -108.6 2058.4 0.9838265777 0.0289612859 -0.1767669022 -0.0268824305 0.9995385408 0.0141444514 0.1770949811 -0.0091637624 0.9841511250
-68.6 -505.8 2062.1 0.9813758135 0.0846146941 -0.1724583954 -0.0633963197 0.9901247025 0.1250358522 0.1813351810 -0.1117739379 0.9770486951
126.0 -115.8 2065.0 0.9915577173 0.0423901975 -0.1225410774 -0.0407825038 0.9990462661 0.0155993532 0.1230854616 -0.0104701286 0.9923408628
109.2 -512.8 2069.2 0.9913741946 -0.0629908592 -0.1149321571 0.0813779011 0.9832558036 0.1630511433 0.1027369797 -0.1709976196 0.9799004793
-138.4 -216.2 1976.6 0 0 0 0 0 0 0 0 0
222.5 -272.3 1998.5 0 0 0 0 0 0 0 0 0
-100.9 -884.1 2104.8 0 0 0 0 0 0 0 0 0
133.2 -888.5 2134.5 0 0 0 0 0 0 0 0 0
64.0 480.4 1959.3 8 0.9979618788 0.0605895333 -0.0200251546 -0.0556359701 0.9798213840 0.1919757873 0.0312527977 -0.1904703975 0.9811953306
51.6 279.5 1998.4 0.9979618788 0.0605895333 -0.0200251546 -0.0556359701 0.9798213840 0.1919757873 0.0312527977 -0.1904703975 0.9811953306
40.3 83.8 2031.0 0.9981633425 0.0565960817 -0.0216070376 -0.0522586107 0.9848318100 0.1654550135 0.0306434035 -0.1640219688 0.9859806299
-94.2 287.1 1993.9 0.2121088803 -0.9279319048 -0.3065163195 0.9570867419 0.1338710785 0.2570282221 -0.1974710077 -0.3478806615 0.9165065289
-145.9 54.0 2042.0 -0.0240209196 -0.9286755919 -0.3701143563 0.9734653234 0.0625474602 -0.2201207131 0.2275704443 -0.3655809760 0.9025310278
197.4 271.8 2002.9 0.0912489817 0.9920137525 0.0870766938 -0.9742481112 0.0708245710 0.2140664607 0.2061897069 -0.1043676510 0.9729301929
222.2 6.9 2058.9 0.0051759901 0.9931007624 0.1171496958 -0.9770830274 0.0299522281 -0.2107407153 -0.2127956599 -0.1133741811 0.9704969525
-60.1 -107.3 2060.2 0.9825446606 0.0201946963 -0.1849274486 -0.0187304672 0.9997779131 0.0096615795 0.1850814968 -0.0060291556 0.9827046990
