-52.4 468.2 2137.0 09 0.9972932339 0.0444624946 -0.0585602149 -0.0398104861 0.9961313009 0.0783425122 0.0618169643 -0.0757991448 0.9952051044
-61.4 265.8 2152.4 0.9972932339 0.0444624946 -0.0585602149 -0.0398104861 0.9961313009 0.0783425122 0.0618169643 -0.0757991448 0.9952051044
-69.2 70.5 2165.5 0.9974730015 0.0396454409 -0.0589559190 -0.0355498418 0.9969854355 0.0689654052 0.0615123585 -0.0666952580 0.9958754778
-203.6 270.8 2143.7 0.1630237848 -0.8461185098 -0.5074511766 0.9864011407 0.1288902313 0.1019810960 -0.0208825991 -0.5171757340 0.8556244373
-247.1 7.5 2149.2 0.0336046889 -0.8455151320 -0.5328929424 0.9581246376 0.1789658368 -0.2235361338 0.2843728065 -0.5030660033 0.8161229491
80.7 260.7 2161.2 0.0708522722 0.7248502374 0.6852533221 -0.9952385426 0.0974691585 -0.0001979279 -0.0669345334 -0.6819764972 0.7283048034
100.3 -14.8 2142.7 -0.0554748662 0.7300639153 0.6811235547 -0.9549124241 0.1604752839 -0.2497797310 -0.2916586399 -0.6642698050 0.6882447600
-164.2 -122.6 2174.4 0.8878338337 -0.0045924713 -0.4601412714 0.0046994970 0.9999885559 -0.0009128629 0.4601401687 -0.0013519620 0.8878452182
-162.4 -514.3 2174.9 0.8852214217 0.0685302019 -0.4600941241 -0.0815122649 0.9966371059 -0.0083823455 0.4579724371 0.0449235477 0.8878305554
16.1 -127.9 2185.7 0.9387003779 -0.0426634364 0.3420839012 0.0616492815 0.9970912337 -0.0448161103 -0.3391768336 0.0631581247 0.9386000633
32.9 -518.5 2161.0 0.9398460984 0.0372873023 0.3395570815 -0.0412731059 0.9991376996 0.0045212414 -0.3390957117 -0.0182638466 0.9405745864
-256.5 -259.8 2069.9 0 0 0 0 0 0 0 0 0
84.7 -283.8 2060.5 0 0 0 0 0 0 0 0 0
-188.2 -889.6 2158.0 0 0 0 0 0 0 0 0 0
18.8 -894.8 2167.8 0 0 0 0 0 0 0 0 0
-52.9 469.3 2137.1 10 0.9975027442 0.0438216254 -0.0553891249 -0.0394212455 0.9961592555 0.0781835392 0.0586025231 -0.0758047849 0.9953991175
-61.8 266.9 2152.5 0.9975027442 0.0438216254 -0.0553891249 -0.0394212455 0.9961592555 0.0781835392 0.0586025231 -0.0758047849 0.9953991175
-69.5 71.6 2165.5 0.9976634383 0.0394325741 -0.0557918623 -0.0355738737 0.9970138073 0.0685416833 0.0583280325 -0.0663968027 0.9960870147
-204.0 272.0 2144.2 0.1605691314 -0.8478017449 -0.5054203868 0.9868700504 0.1288378984 0.0974077731 -0.0174651835 -0.5144249201 0.8573575616
-246.7 9.1 2148.9 0.0323432498 -0.8472351432 -0.5302324891 0.9588119984 0.1760862917 -0.2228746712 0.2821939290 -0.5011848211 0.8180344701
80.4 261.8 2160.9 0.0692565218 0.7226725817 0.6877120733 -0.9951962233 0.0978650823 -0.0026182202 -0.0691951141 -0.6842271090 0.7259788513
99.6 -14.4 2141.7 -0.0531623624 0.7279766798 0.6835376024 -0.9548885822 0.1632133424 -0.2480911613 -0.2921670377 -0.6658913493 0.6864598393
-167.1 -121.6 2173.0 0.8892758489 -0.0061750524 -0.4573295414 0.0073497798 0.9999727011 0.0007895791 0.4573121667 -0.0040634251 0.8892969489
-164.7 -513.3 2174.6 0.8875172734 0.0566272922 -0.4572815895 -0.0665001422 0.9977712035 -0.0055085141 0.4559504688 0.0352981910 0.8893048763
13.2 -128.0 2184.1 0.9373202324 -0.0514263436 0.3446535766 0.0681210458 0.9970092773 -0.0364966244 -0.3417459130 0.0576871894 0.9380202293
33.3 -518.5 2161.5 0.9386798739 0.0416514836 0.3422648907 -0.0458804630 0.9989378452 0.0042651887 -0.3417237103 -0.0197069179 0.9395938516
-255.8 -258.4 2070.2 0 0 0 0 0 0 0 0 0
84.6 -283.4 2059.3 0 0 0 0 0 0 0 0 0
-186.0 -889.0 2161.3 0 0 0 0 0 0 0 0 0
17.7 -894.7 2168.9 0 0 0 0 0 0 0 0 0
-52.5 468.9 2137.2 11 0.9979258776 0.0441781841 -0.0468210913 -0.0406221747 0.9964041114 0.0743554309 0.0499376133 -0.0722992346 0.9961320758
-61.5 266.3 2151.9 0.9979258776 0.0441781841 -0.0468210913 -0.0406221747 0.9964041114 0.0743554309 0.0499376133 -0.0722992346 0.9961320758
-68.9 71.0 2164.5 0.9981569648 0.0381752402 -0.0471727476 -0.0350275114 0.9972150326 0.0658424571 0.0495549254 -0.0640687644 0.9967143536
-203.7 271.3 2144.9 0.1642116755 -0.8518850207 -0.4973192215 0.9862515926 0.1323335320 0.0989727825 -0.0185014177 -0.5067343712 0.8619036674
-247.0 11.4 2149.7 0.0392126366 -0.8509845138 -0.5237248540 0.9591608644 0.1789928377 -0.2190251499 0.2801299989 -0.4937478304 0.8232498169
80.8 261.3 2159.0 0.0719177127 0.7170458436 0.6933059096 -0.9955270886 0.0943024158 0.0057361070 -0.0612673759 -0.6906173825 0.7206205726
100.7 -14.3 2142.0 -0.0689415410 0.7229737043 0.6874271035 -0.9530657530 0.1558974981 -0.2595411241 -0.2948095798 -0.6730564237 0.6782937050
-167.4 -120.4 2173.3 0.8931841850 -0.0096808355 -0.4495867491 0.0104178973 0.9999454021 -0.0008345555 0.4495702684 -0.0039383369 0.8932362795
-163.6 -512.1 2174.8 0.8915017843 0.0558142848 -0.4495656788 -0.0639467090 0.9979490638 -0.0029112352 0.4484811723 0.0313436165 0.8932425380
13.0 -126.9 2183.8 0.9342970848 -0.0494275689 0.3530522585 0.0690765902 0.9966727495 -0.0432653986 -0.3497390747 0.0648103803 0.9346026778
32.3 -517.3 2158.4 0.9365255833 0.0291388445 0.3493863344 -0.0376228280 0.9991384149 0.0175192878 -0.3485748172 -0.0295521617 0.9368149638
-257.9 -256.2 2071.6 0 0 0 0 0 0 0 0 0
81.3 -282.8 2059.0 0 0 0 0 0 0 0 0 0
-184.6 -888.0 2163.0 0 0 0 0 0 0 0 0 0
21.3 -893.5 2169.6 0 0 0 0 0 0 0 0 0
-53.2 469.4 2136.7 12 0.9982722998 0.0415372849 -0.0415586270 -0.0383785926 0.9965109825 0.0741140470 0.0444921255 -0.0723910406 0.9963834286
-61.6 267.1 2151.4 0.9982722998 0.0415372849 -0.0415586270 -0.0383785926 0.9965109825 0.0741140470 0.0444921255 -0.0723910406 0.9963834286
-68.4 71.7 2164.2 0.9985133410 0.0349277742 -0.0418472625 -0.0320934057 0.9972642660 0.0665880442 0.0440585539 -0.0651460215 0.9969026446
-203.9 271.6 2145.2 0.1647408307 -0.8543791175 -0.4928456247 0.9861711264 0.1335162520 0.0981831700 -0.0180827510 -0.5022048950 0.8645595908
-247.2 12.6 2149.9 0.0471841767 -0.8530755639 -0.5196496248 0.9580628872 0.1858546436 -0.2181135714 0.2826466560 -0.4875655472 0.8260694146
80.7 262.5 2157.7 0.0807156935 0.7128924727 0.6966127157 -0.9952085614 0.0963332728 0.0167290643 -0.0551809594 -0.6946251988 0.7172523141
103.1 -13.2 2142.4 -0.0766141489 0.7187107205 0.6910753846 -0.9520614147 0.1531423628 -0.2648139894 -0.2961575687 -0.6782346964 0.6725238562
-166.6 -121.2 2172.5 0.8956584930 -0.0109242452 -0.4446082711 0.0104994755 0.9999390244 -0.0034179187 0.4446184933 -0.0016068658 0.8957185745
-162.4 -512.9 2173.2 0.8931668997 0.0670802817 -0.4446944296 -0.0716970637 0.9974055886 0.0064511732 0.4439734519 0.0261213109 0.8956590891
13.8 -127.5 2181.5 0.9325087070 -0.0476941764 0.3579843342 0.0641573146 0.9973520637 -0.0342455506 -0.3554030955 0.0549015887 0.9330993891
32.5 -518.2 2160.0 0.9338057637 0.0354053006 0.3560242355 -0.0385972299 0.9992530942 0.0018635234 -0.3556923568 -0.0154817179 0.9344748855
-260.4 -254.7 2071.1 0 0 0 0 0 0 0 0 0
81.5 -281.4 2059.0 0 0 0 0 0 0 0 0 0
-187.6 -888.5 2163.3 0 0 0 0 0 0 0 0 0
19.2 -894.5 2165.8 0 0 0 0 0 0 0 0 0
-53.3 468.4 2137.0 13 0.9979668260 0.0427073389 -0.0473112762 -0.0393811837 0.9968297482 0.0691342726 0.0501138270 -0.0671305358 0.9964848757
-62.0 264.6 2150.7 0.9979668260 0.0427073389 -0.0473112762 -0.0393811837 0.9968297482 0.0691342726 0.0501138270 -0.0671305358 0.9964848757
-69.5 69.2 2163.0 0.9981378913 0.0382607207 -0.0475060642 -0.0351668335 0.9973084331 0.0643368214 0.0498397723 -0.0625463799 0.9967968464
-204.3 269.6 2143.6 0.1751465797 -0.8515685797 -0.4941200614 0.9839553833 0.1340729296 0.1177125424 -0.0339921787 -0.5068090558 0.8613879085
-249.8 13.9 2152.5 0.0399965830 -0.8506401181 -0.5242248178 0.9565833807 0.1841846257 -0.2258854657 0.2887013853 -0.4924300909 0.8210749626
80.2 259.6 2157.8 0.0852535814 0.7170631886 0.6917746663 -0.9949595928 0.0980587527 0.0209743828 -0.0527946018 -0.6900759935 0.7218087912
103.5 -12.1 2143.4 -0.0717889369 0.7229648232 0.6871449351 -0.9511275887 0.1578244120 -0.2654199004 -0.3003374934 -0.6726167202 0.6763017774
-165.5 -120.7 2173.0 0.8930948973 -0.0056915353 -0.4498323500 0.0013852066 0.9999499917 -0.0099017555 0.4498662353 0.0082200961 0.8930581212
-163.3 -512.4 2169.8 0.8910042048 0.0613190122 -0.4498349428 -0.0611426979 0.9980172515 0.0149366558 0.4498589635 0.0141955009 0.8929867744
15.0 -126.5 2180.9 0.9349343777 -0.0443168245 0.3520422578 0.0584804788 0.9978467822 -0.0296953265 -0.3499682248 0.0483507812 0.9355129004
32.3 -517.3 2162.0 0.9357870817 0.0316669904 0.3511406481 -0.0297672320 0.9994984269 -0.0108085377 -0.3513067961 -0.0003379950 0.9362603426
-261.0 -253.0 2071.9 0 0 0 0 0 0 0 0 0
83.3 -280.0 2058.8 0 0 0 0 0 0 0 0 0
-186.4 -888.2 2164.4 0 0 0 0 0 0 0 0 0
20.4 -893.7 2162.1 0 0 0 0 0 0 0 0 0
-52.9 466.4 2137.6 14 0.9978204966 0.0425937325 -0.0503987335 -0.0391087756 0.9969033599 0.0682218894 0.0531484932 -0.0661021695 0.9963963628
-61.6 263.2 2151.1 0.9978204966 0.0425937325 -0.0503987335 -0.0391087756 0.9969033599 0.0682218894 0.0531484932 -0.0661021695 0.9963963628
-69.1 67.8 2163.1 0.9979833364 0.0383136943 -0.0506097004 -0.0350951441 0.9973949194 0.0630218014 0.0528924540 -0.0611185543 0.9967281222
-203.8 268.2 2143.6 0.1727810651 -0.8501221538 -0.4974324107 0.9845213294 0.1339859962 0.1129845604 -0.0294017065 -0.5092543960 0.8601136208
-248.8 12.1 2151.2 0.0424790904 -0.8490670919 -0.5265743732 0.9570185542 0.1859265119 -0.2225911617 0.2868989706 -0.4944859743 0.8204709888
80.6 258.2 2158.7 0.0877517685 0.7190048695 0.6894429922 -0.9946456552 0.1011693627 0.0210904311 -0.0545863844 -0.6876021624 0.7240328789
104.7 -14.3 2143.7 -0.0775455981 0.7247688770 0.6846143007 -0.9489879608 0.1568448544 -0.2735351920 -0.3056280315 -0.6709021926 0.6756343246
-167.2 -122.9 2170.7 0.8916417360 -0.0075306077 -0.4526790679 0.0086767683 0.9999622703 0.0004556096 0.4526585639 -0.0043340321 0.8916733861
-164.3 -514.6 2172.4 0.8898629546 0.0567927435 -0.4526792169 -0.0634518191 0.9979847670 0.0004746598 0.4517939389 0.0283009373 0.8916733265
13.2 -129.3 2179.7 0.9357533455 -0.0504578091 0.3490267992 0.0644161850 0.9975162148 -0.0284940097 -0.3467221558 0.0491463393 0.9366794229
33.0 -520.0 2160.5 0.9367446899 0.0411254466 0.3475890160 -0.0429652594 0.9990736246 -0.0024162836 -0.3473663926 -0.0126708103 0.9376438856
-260.6 -254.8 2071.2 0 0 0 0 0 0 0 0 0
82.8 -281.6 2057.6 0 0 0 0 0 0 0 0 0
-185.7 -890.4 2161.8 0 0 0 0 0 0 0 0 0
17.5 -896.2 2165.3 0 0 0 0 0 0 0 0 0
-52.0 467.6 2138.5 15 0.9981576204 0.0444789529 -0.0412669815 -0.0415366963 0.9967094660 0.0696058571 0.0442271866 -0.0677635223 0.9967206717
-61.0 264.9 2152.2 0.9981576204 0.0444789529 -0.0412669815 -0.0415366963 0.9967094660 0.0696058571 0.0442271866 -0.0677635223 0.9967206717
-69.1 69.6 2164.2 0.9982786179 0.0413805991 -0.0415628143 -0.0387271829 0.9972785115 0.0627354980 0.0440457352 -0.0610178933 0.9971643686
-203.3 270.4 2146.0 0.1714990586 -0.8532804251 -0.4924434721 0.9850992560 0.1419577450 0.0970950723 -0.0129431644 -0.5017573833 0.8649115562
-248.8 8.8 2149.4 0.0442082100 -0.8521621227 -0.5214071274 0.9580648541 0.1840736419 -0.2196100503 0.2831206620 -0.4898332953 0.8245641589
81.3 259.4 2158.5 0.0790911764 0.7133674622 0.6963127255 -0.9951461554 0.0975297987 0.0131157953 -0.0585548580 -0.6939703226 0.7176186442
103.1 -14.9 2142.4 -0.0648602322 0.7197029591 0.6912458539 -0.9512262940 0.1647685319 -0.2608061433 -0.3015985191 -0.6744471788 0.6739134789
-166.8 -124.4 2170.3 0.8956120014 -0.0103893261 -0.4447147250 0.0086364839 0.9999449253 -0.0059674531 0.4447522163 0.0015037509 0.8956524134
-162.8 -516.0 2169.7 0.8930302858 0.0679543540 -0.4448360503 -0.0672980174 0.9975830913 0.0172893852 0.4449358284 0.0144966422 0.8954451084
13.6 -130.7 2179.8 0.9328689575 -0.0472347401 0.3571054935 0.0613625608 0.9977134466 -0.0283291489 -0.3549508452 0.0483402945 0.9336343408
32.1 -521.5 2160.9 0.9344662428 0.0287615899 0.3548880816 -0.0354229547 0.9992969036 0.0122860931 -0.3542852104 -0.0240521245 0.9348280430
-261.2 -258.4 2070.4 0 0 0 0 0 0 0 0 0
84.8 -282.9 2057.4 0 0 0 0 0 0 0 0 0
-188.3 -891.7 2164.2 0 0 0 0 0 0 0 0 0
21.3 -897.8 2170.0 0 0 0 0 0 0 0 0 0
-53.2 468.9 2138.4 16 0.9981381297 0.0398199409 -0.0462021232 -0.0364488326 0.9967640638 0.0716442838 0.0489054844 -0.0698268786 0.9963595867
-61.3 264.9 2152.7 0.9981381297 0.0398199409 -0.0462021232 -0.0364488326 0.9967640638 0.0716442838 0.0489054844 -0.0698268786 0.9963595867
-68.9 69.6 2164.9 0.9981797338 0.0384259708 -0.0464830063 -0.0353887826 0.9972909093 0.0644860864 0.0488350205 -0.0627237260 0.9968354106
-203.6 270.0 2145.7 0.1707740426 -0.8510241508 -0.4965824783 0.9852057695 0.1401452422 0.0986353382 -0.0143473800 -0.5060802698 0.8623670340
-248.4 11.3 2149.5 0.0496786088 -0.8495960236 -0.5250892043 0.9579634666 0.1892668456 -0.2156015933 0.2825562358 -0.4923054576 0.8232844472
80.9 259.9 2159.6 0.0769674927 0.7162429690 0.6935935616 -0.9950063229 0.0995188877 0.0076463115 -0.0635490417 -0.6907184720 0.7203260064
102.0 -13.2 2142.2 -0.0462786257 0.7220870256 0.6902525425 -0.9532125592 0.1747248918 -0.2466922253 -0.2987375557 -0.6693739891 0.6802163720
-167.5 -122.2 2172.2 0.8934634328 -0.0139287999 -0.4489199221 0.0125382859 0.9999029636 -0.0060700094 0.4489609003 -0.0002053548 0.8935513496
-162.0 -513.9 2172.2 0.8909059763 0.0676640123 -0.4491192997 -0.0675306320 0.9975834489 0.0163365416 0.4491393864 0.0157749876 0.8933224082
13.0 -129.2 2180.1 0.9342212677 -0.0508792028 0.3530465662 0.0659282878 0.9973512292 -0.0307244863 -0.3505481780 0.0519792251 0.9351011515
32.9 -519.9 2159.8 0.9358221889 0.0391768813 0.3502884805 -0.0477391668 0.9987342358 0.0158386007 -0.3492245972 -0.0315445922 0.9365079403
-262.3 -256.0 2070.6 0 0 0 0 0 0 0 0 0
89.0 -281.7 2058.0 0 0 0 0 0 0 0 0 0
-187.5 -889.6 2166.3 0 0 0 0 0 0 0 0 0
18.2 -896.0 2171.6 0 0 0 0 0 0 0 0 0
-53.8 467.8 2137.8 17 0.9980049729 0.0406911485 -0.0482727215 -0.0371608026 0.9967191219 0.0719035417 0.0510401838 -0.0699662343 0.9962427616
-62.1 264.6 2152.1 0.9980049729 0.0406911485 -0.0482727215 -0.0371608026 0.9967191219 0.0719035417 0.0510401838 -0.0699662343 0.9962427616
-69.5 69.2 2164.6 0.9981051683 0.0378412493 -0.0485189632 -0.0346171372 0.9972419739 0.0656514540 0.0508694798 -0.0638474748 0.9966623187
-204.3 269.5 2144.8 0.1682385653 -0.8504999280 -0.4983429015 0.9856079817 0.1366665959 0.0994944423 -0.0165131912 -0.5079095364 0.8612521291
-248.6 10.5 2149.2 0.0487471409 -0.8491072059 -0.5259664059 0.9581660032 0.1884467304 -0.2154198885 0.2820312381 -0.4934620261 0.8227719069
80.2 259.6 2159.3 0.0783980116 0.7174938321 0.6921389699 -0.9949546456 0.0999094993 0.0091282437 -0.0626018047 -0.6893625259 0.7217065096
101.8 -15.1 2142.1 -0.0397176072 0.7234346867 0.6892493963 -0.9525043368 0.1810180247 -0.2448836416 -0.3019238710 -0.6662392616 0.6818850636
-166.6 -122.5 2172.8 0.8926529884 -0.0061017722 -0.4507032037 0.0043783276 0.9999786019 -0.0048664273 0.4507232308 0.0023707044 0.8926606178
-164.2 -514.2 2171.9 0.8912383914 0.0503338166 -0.4507334530 -0.0484758615 0.9987013340 0.0156742334 0.4509370625 0.0078802146 0.8925209641
13.8 -128.9 2181.6 0.9350123405 -0.0493382104 0.3511661887 0.0634055659 0.9975760579 -0.0286655426 -0.3489006758 0.0490685254 0.9358742237
33.2 -519.7 2162.4 0.9361006618 0.0427924506 0.3491193652 -0.0486255661 0.9987853765 0.0079570217 -0.3483548164 -0.0244247001 0.9370445013
-262.2 -256.8 2070.5 0 0 0 0 0 0 0 0 0
90.6 -283.4 2057.0 0 0 0 0 0 0 0 0 0
-183.2 -890.3 2168.9 0 0 0 0 0 0 0 0 0
17.1 -895.9 2171.6 0 0 0 0 0 0 0 0 0
-53.7 467.0 2137.0 18 0.9982159138 0.0374949910 -0.0464661941 -0.0339132249 0.9965605736 0.0756100193 0.0491413772 -0.0738993064 0.9960542321
-61.3 264.5 2152.1 0.9982159138 0.0374949910 -0.0464661941 -0.0339132249 0.9965605736 0.0756100193 0.0491413772 -0.0738993064 0.9960542321
-68.1 69.2 2165.0 0.9983047843 0.0346640721 -0.0467547365 -0.0314584486 0.9972139001 0.0676375479 0.0489690639 -0.0660520568 0.9966138601
-203.6 269.0 2145.1 0.1694733053 -0.8509079218 -0.4972267747 0.9854286909 0.1389041096 0.0981629565 -0.0144608030 -0.5066175461 0.8620496392
-248.0 11.0 2148.9 0.0466922112 -0.8496320248 -0.5253049135 0.9574167132 0.1880559325 -0.2190622091 0.2849089801 -0.4927071631 0.8222326636
80.9 260.0 2159.0 0.0743949264 0.7160213590 0.6941028833 -0.9951608777 0.0981075913 0.0054571019 -0.0641893595 -0.6911500096 0.7198551297
101.6 -16.5 2141.2 -0.0405463129 0.7219192386 0.6907884479 -0.9536839724 0.1782776415 -0.2422889769 -0.2980651855 -0.6686177850 0.6812542677
-167.1 -123.0 2172.5 0.8935136795 -0.0089827031 -0.4489461482 0.0090147574 0.9999572039 -0.0020659729 0.4489454925 -0.0022011653 0.8935564160
-163.6 -514.7 2173.4 0.8912094235 0.0641551614 -0.4490320981 -0.0648878068 0.9977974892 0.0137745878 0.4489268064 0.0168606658 0.8934094310
13.3 -129.2 2181.7 0.9341765642 -0.0491441824 0.3534104526 0.0644870028 0.9974129200 -0.0317625105 -0.3509352207 0.0524621755 0.9349289536
32.6 -519.9 2161.2 0.9354659915 0.0394558758 0.3512074351 -0.0449267104 0.9989625812 0.0074385200 -0.3505496085 -0.0227370765 0.9362681508
-261.0 -256.1 2069.4 0 0 0 0 0 0 0 0 0
90.2 -285.2 2057.2 0 0 0 0 0 0 0 0 0
-187.8 -890.4 2167.0 0 0 0 0 0 0 0 0 0
17.7 -896.2 2169.7 0 0 0 0 0 0 0 0 0
-53.5 466.5 2136.7 19 0.9982045293 0.0381738655 -0.0461572744 -0.0345421582 0.9964271784 0.0770699456 0.0489344187 -0.0753371939 0.9959567189
-61.2 264.4 2151.9 0.9982045293 0.0381738655 -0.0461572744 -0.0345421582 0.9964271784 0.0770699456 0.0489344187 -0.0753371939 0.9959567189
-68.0 69.1 2165.0 0.9983175397 0.0346611291 -0.0464829542 -0.0314481854 0.9971789122 0.0681555718 0.0487141721 -0.0665790960 0.9965912700
-203.5 268.9 2145.0 0.1715910137 -0.8507721424 -0.4967326224 0.9850460291 0.1402215511 0.1001111344 -0.0155191449 -0.5064826608 0.8621104956
-248.7 9.6 2149.1 0.0480800904 -0.8494311571 -0.5255045295 0.9579259157 0.1882542521 -0.2166524976 0.2829598486 -0.4929777086 0.8227434158
81.1 259.9 2158.9 0.0741144717 0.7157919407 0.6943694949 -0.9951433539 0.0983160958 0.0048686666 -0.0647827461 -0.6913579702 0.7196021676
101.7 -17.2 2140.8 -0.0482373685 0.7215217352 0.6907094121 -0.9542036653 0.1711149961 -0.2453874946 -0.2952431440 -0.6709143519 0.6802245378
-165.2 -123.3 2173.5 0.8936698437 -0.0074515282 -0.4486632645 0.0050828853 0.9999660850 -0.0064833793 0.4486963451 0.0035134968 0.8936773539
-162.2 -515.0 2172.1 0.8906558156 0.0736673400 -0.4486706555 -0.0695357248 0.9972482920 0.0257031024 0.4493295252 0.0083060227 0.8933274746
15.3 -129.0 2182.4 0.9343709350 -0.0407316759 0.3539659083 0.0578786433 0.9976006150 -0.0379872173 -0.3515693247 0.0559812188 0.9344865680
31.3 -519.8 2160.4 0.9358632565 0.0196939260 0.3518126607 -0.0233935453 0.9997066855 0.0062675658 -0.3515860140 -0.0140957292 0.9360494614
-262.1 -257.6 2070.2 0 0 0 0 0 0 0 0 0
88.1 -286.0 2057.7 0 0 0 0 0 0 0 0 0
-190.0 -890.6 2169.0 0 0 0 0 0 0 0 0 0
23.9 -896.2 2165.7 0 0 0 0 0 0 0 0 0
-53.0 466.2 2137.0 20 0.9980126023 0.0409419015 -0.0479018539 -0.0372352786 0.9964224696 0.0758666694 0.0508366078 -0.0739322528 0.9959666729
-61.3 264.1 2152.0 0.9980126023 0.0409419015 -0.0479018539 -0.0372352786 0.9964224696 0.0758666694 0.0508366078 -0.0739322528 0.9959666729
-68.5 68.8 2164.9 0.9981664419 0.0365950093 -0.0482142605 -0.0332808383 0.9971413612 0.0678343177 0.0505588278 -0.0661053285 0.9965309501
-203.6 268.9 2144.8 0.1714073271 -0.8500210047 -0.4980801344 0.9850622416 0.1394068301 0.1010844484 -0.0164881367 -0.5079665780 0.8612189889
-248.8 9.4 2149.1 0.0473466143 -0.8487098217 -0.5267351866 0.9575206041 0.1887301803 -0.2180256695 0.2844513655 -0.4940370321 0.8215928674
80.9 259.4 2159.2 0.0745339543 0.7171776891 0.6928931475 -0.9951386452 0.0983438417 0.0052556628 -0.0643725246 -0.6899164319 0.7210211754
101.7 -17.5 2141.3 -0.0622997917 0.7230324745 0.6879991293 -0.9524155855 0.1630080789 -0.2575518191 -0.2983677387 -0.6713064909 0.6784719825
-165.1 -123.4 2173.6 0.8928579688 -0.0057866480 -0.4503012300 0.0002732202 0.9999242425 -0.0123079000 0.4503383338 0.0108661754 0.8927918673
-162.8 -515.1 2169.4 0.8906829357 0.0630487651 -0.4502319098 -0.0593772046 0.9979867339 0.0222897828 0.4507308006 0.0068803830 0.8926333785
15.4 -129.1 2182.4 0.9348322749 -0.0436764136 0.3523932993 0.0634411499 0.9969826937 -0.0447290018 -0.3493764400 0.0641703457 0.9347825050
32.5 -519.6 2157.3 0.9362958074 0.0389043353 0.3490510881 -0.0476506837 0.9987277389 0.0165027305 -0.3479649723 -0.0320839584 0.9369583726
-262.0 -257.7 2069.8 0 0 0 0 0 0 0 0 0
84.1 -285.8 2057.2 0 0 0 0 0 0 0 0 0
-186.5 -890.9 2166.8 0 0 0 0 0 0 0 0 0
17.9 -895.6 2169.4 0 0 0 0 0 0 0 0 0
-53.5 467.0 2137.1 21 0.9981237054 0.0405115485 -0.0459119156 -0.0370314792 0.9965505004 0.0742684379 0.0487622730 -0.0724289045 0.9961808324
-61.7 264.6 2151.8 0.9981237054 0.0405115485 -0.0459119156 -0.0370314792 0.9965505004 0.0742684379 0.0487622730 -0.0724289045 0.9961808324
-68.8 69.3 2164.6 0.9982883334 0.0358745381 -0.0461891592 -0.0327344537 0.9972137213 0.0670320988 0.0484652072 -0.0654053837 0.9966810942
-204.0 269.2 2144.9 0.1685990244 -0.8516677022 -0.4962222576 0.9855151772 0.1363143027 0.1008870900 -0.0182800870 -0.5060440302 0.8623139262
-248.3 10.5 2149.7 0.0507235415 -0.8501604199 -0.5240747929 0.9575398564 0.1905166805 -0.2163811922 0.2838037312 -0.4908468723 0.8237261772
80.6 259.9 2158.7 0.0753322691 0.7158893943 0.6941378713 -0.9952837229 0.0966474265 0.0083385706 -0.0611171424 -0.6914923191 0.7197937965
101.6 -18.1 2141.7 -0.0580955856 0.7223644257 0.6890679002 -0.9513327479 0.1691866219 -0.2575691342 -0.3026398718 -0.6704965234 0.6773799062
-165.9 -123.5 2173.3 0.8937953711 -0.0052220412 -0.4484446347 -0.0006934710 0.9999149442 -0.0130259506 0.4484744966 0.0119535178 0.8937156796
-163.9 -515.2 2168.6 0.8914067149 0.0674544796 -0.4481561184 -0.0572356731 0.9976996779 0.0363244936 0.4495754540 -0.0067293821 0.8932170272
14.5 -129.5 2182.4 0.9341070056 -0.0443347059 0.3542295694 0.0634071827 0.9970861077 -0.0424119607 -0.3513170779 0.0620780066 0.9341962337
31.9 -520.1 2158.1 0.9359305501 0.0279752165 0.3510716856 -0.0356213488 0.9992476702 0.0153385773 -0.3503784537 -0.0268614925 0.9362229109
-262.4 -256.6 2070.6 0 0 0 0 0 0 0 0 0
85.2 -286.1 2056.4 0 0 0 0 0 0 0 0 0
-189.3 -890.9 2171.1 0 0 0 0 0 0 0 0 0
21.4 -896.3 2168.2 0 0 0 0 0 0 0 0 0
-53.5 466.6 2137.2 22 0.9979586601 0.0427064374 -0.0474839397 -0.0391261876 0.9964956641 0.0739295259 0.0504748039 -0.0719207451 0.9961323738
-62.2 264.3 2151.8 0.9979586601 0.0427064374 -0.0474839397 -0.0391261876 0.9964956641 0.0739295259 0.0504748039 -0.0719207451 0.9961323738
-69.6 69.0 2164.4 0.9981303811 0.0381005593 -0.0477924235 -0.0348891392 0.9971883297 0.0663185716 0.0501848198 -0.0645271391 0.9966532588
-204.4 269.3 2144.6 0.1677013040 -0.8515183330 -0.4967824519 0.9855456352 0.1325401068 0.1055129021 -0.0240025725 -0.5072964430 0.8614373207
-248.4 10.9 2150.9 0.0527012683 -0.8498876691 -0.5243219733 0.9563527107 0.1940765083 -0.2184578180 0.2874231637 -0.4899237156 0.8230204582
80.1 259.4 2158.9 0.0771261975 0.7171444297 0.6926438212 -0.9951618314 0.0977818221 0.0095711006 -0.0608641133 -0.6900308728 0.7212163210
101.3 -14.7 2142.2 -0.0429599173 0.7231483459 0.6893554330 -0.9532201886 0.1769744754 -0.2450536191 -0.2992084324 -0.6676350236 0.6817167997
-166.0 -123.1 2173.1 0.8930081725 -0.0050682314 -0.4500119388 -0.0036851449 0.9998207092 -0.0185732562 0.4500254095 0.0182444286 0.8928293586
-164.0 -514.7 2165.9 0.8908921480 0.0646781027 -0.4495864511 -0.0534682982 0.9978613257 0.0376018807 0.4510569572 -0.0094605973 0.8924450278
14.5 -129.0 2181.8 0.9349902868 -0.0422724001 0.3521450758 0.0584746376 0.9976575971 -0.0354962796 -0.3498197198 0.0537802354 0.9352720976
31.0 -519.8 2160.8 0.9362358451 0.0214463603 0.3507171273 -0.0208315141 0.9997677207 -0.0055263001 -0.3507541716 -0.0021320486 0.9364651442
-263.1 -255.9 2070.8 0 0 0 0 0 0 0 0 0
89.2 -283.3 2057.9 0 0 0 0 0 0 0 0 0
-188.4 -890.6 2169.5 0 0 0 0 0 0 0 0 0
22.9 -896.2 2161.6 0 0 0 0 0 0 0 0 0
-54.2 465.4 2137.2 23 0.9980461001 0.0407922156 -0.0473277718 -0.0372249484 0.9965668321 0.0739514008 0.0501819327 -0.0720451325 0.9961381555
-62.4 263.1 2151.9 0.9980461001 0.0407922156 -0.0473277718 -0.0372249484 0.9965668321 0.0739514008 0.0501819327 -0.0720451325 0.9961381555
-69.6 67.8 2164.5 0.9981940389 0.0366130732 -0.0476245359 -0.0334144942 0.9972395897 0.0663073882 0.0499207899 -0.0645962954 0.9966620207
-204.7 267.9 2144.7 0.1677288413 -0.8512616754 -0.4972127974 0.9856359363 0.1347151995 0.1018511206 -0.0197198316 -0.5071541667 0.8616297245
-248.5 10.6 2149.9 0.0526625626 -0.8496319652 -0.5247400999 0.9555445313 0.1955269873 -0.2206893563 0.2901055813 -0.4897904992 0.8221581578
79.8 258.4 2159.0 0.0782865584 0.7166823149 0.6929917932 -0.9949022532 0.1004877687 0.0084700370 -0.0635668710 -0.6901221871 0.7208957076
101.2 -13.9 2141.6 -0.0401920453 0.7222520709 0.6904610991 -0.9539844990 0.1777647436 -0.2414814234 -0.2971501052 -0.6683948636 0.6818725467
-167.3 -123.1 2172.5 0.8930627108 -0.0127171576 -0.4497524500 0.0049081207 0.9998163581 -0.0185247734 0.4499054551 0.0143363457 0.8929611444
-162.3 -514.8 2166.9 0.8900864124 0.0738864839 -0.4497631788 -0.0640130937 0.9972575307 0.0371454768 0.4512742758 -0.0042719510 0.8923751116
13.1 -129.4 2181.6 0.9346756339 -0.0472516604 0.3523474038 0.0627742708 0.9974901676 -0.0327532329 -0.3499154150 0.0527319983 0.9352959394
31.6 -520.2 2161.0 0.9359044433 0.0301570352 0.3509607911 -0.0299125854 0.9995337725 -0.0061193574 -0.3509816825 -0.0047710110 0.9363701940
-263.2 -255.9 2069.0 0 0 0 0 0 0 0 0 0
89.9 -282.7 2057.9 0 0 0 0 0 0 0 0 0
-190.2 -890.4 2168.5 0 0 0 0 0 0 0 0 0
20.3 -896.5 2162.7 0 0 0 0 0 0 0 0 0
-53.2 466.7 2137.3 24 0.9981951118 0.0417230465 -0.0431932919 -0.0384353884 0.9964925051 0.0743329674 0.0461431891 -0.0725386515 0.9962975979
-61.7 264.4 2152.0 0.9981951118 0.0417230465 -0.0431932919 -0.0384353884 0.9964925051 0.0743329674 0.0461431891 -0.0725386515 0.9962975979
-69.0 69.1 2164.7 0.9983615875 0.0371670015 -0.0435064174 -0.0342295058 0.9972044826 0.0664196312 0.0458534136 -0.0648216084 0.9968428016
-204.0 269.3 2145.4 0.1707200706 -0.8522602320 -0.4944766760 0.9852304459 0.1409034878 0.0972991735 -0.0132507216 -0.5037844181 0.8637278080
-249.2 8.2 2149.0 0.0522658452 -0.8506711125 -0.5230936408 0.9559257030 0.1941636503 -0.2202418894 0.2889191806 -0.4885275364 0.8233265281
80.6 259.5 2158.5 0.0799207687 0.7139429450 0.6956278682 -0.9949300289 0.0998745859 0.0118034547 -0.0610485561 -0.6930444241 0.7183052897
102.7 -15.9 2141.6 -0.0540072806 0.7199318409 0.6919402480 -0.9524359703 0.1709897816 -0.2522464395 -0.2999149561 -0.6726519465 0.6764543056
-167.0 -124.5 2172.7 0.8948578835 -0.0121143637 -0.4461867809 0.0071632657 0.9998926520 -0.0127815492 0.4462937415 0.0082415156 0.8948485851
-162.3 -516.2 2169.4 0.8920564055 0.0708865225 -0.4463300109 -0.0672005787 0.9974482656 0.0241053179 0.4468998313 0.0084903333 0.8945437074
13.4 -130.6 2181.7 0.9334044456 -0.0456869751 0.3559057415 0.0595511720 0.9978299141 -0.0280902982 -0.3538500369 0.0474142134 0.9340996146
31.3 -521.4 2163.1 0.9343932271 0.0227589719 0.3555155993 -0.0168020818 0.9996621013 -0.0198346563 -0.3558468819 0.0125599662 0.9344598651
-263.8 -258.4 2068.4 0 0 0 0 0 0 0 0 0
87.5 -284.2 2057.1 0 0 0 0 0 0 0 0 0
-189.0 -891.8 2166.2 0 0 0 0 0 0 0 0 0
22.8 -897.8 2158.4 0 0 0 0 0 0 0 0 0
-53.1 468.5 2137.3 25 0.9981694221 0.0414976329 -0.0439965166 -0.0380517878 0.9963464141 0.0764580294 0.0470086001 -0.0746439174 0.9961016178
-61.5 266.2 2152.4 0.9981694221 0.0414976329 -0.0439965166 -0.0380517878 0.9963464141 0.0764580294 0.0470086001 -0.0746439174 0.9961016178
-68.5 70.9 2165.4 0.9983732104 0.0358513109 -0.0443351828 -0.0328002051 0.9971644282 0.0677295923 0.0466376618 -0.0661652088 0.9967181683
-203.8 270.9 2145.8 0.1711055934 -0.8516799212 -0.4953425229 0.9851692915 0.1413539201 0.0972653851 -0.0128203649 -0.5046388507 0.8632353544
-249.4 8.4 2149.2 0.0504099503 -0.8502047658 -0.5240330696 0.9565194249 0.1920271367 -0.2195363194 0.2872793972 -0.4901809990 0.8229174614
80.8 261.5 2159.1 0.0812230334 0.7141932845 0.6952199936 -0.9947697520 0.1014331132 0.0120183155 -0.0619349256 -0.6925599575 0.7186965942
103.4 -15.1 2141.8 -0.0648697317 0.7195665836 0.6913869381 -0.9531135559 0.1605450213 -0.2565149069 -0.2955782712 -0.6756103039 0.6754140854
-166.5 -123.1 2173.2 0.8945902586 -0.0078111449 -0.4468190074 0.0020812254 0.9999092221 -0.0133132031 0.4468824267 0.0109799309 0.8945252895
-163.5 -514.8 2168.9 0.8926016688 0.0602994636 -0.4467954934 -0.0552025028 0.9981762171 0.0244309641 0.4474538267 0.0028571095 0.8943024874
14.0 -129.3 2181.5 0.9336791635 -0.0425994992 0.3555678427 0.0582205616 0.9977467656 -0.0333433226 -0.3533462286 0.0518333241 0.9340555072
30.7 -520.1 2161.2 0.9349623919 0.0114058889 0.3545634449 -0.0077388058 0.9999009371 -0.0117588723 -0.3546624482 0.0082502058 0.9349580407
-263.5 -258.4 2069.1 0 0 0 0 0 0 0 0 0
85.1 -283.6 2058.6 0 0 0 0 0 0 0 0 0
-186.2 -890.7 2167.9 0 0 0 0 0 0 0 0 0
26.4 -896.7 2158.1 0 0 0 0 0 0 0 0 0
-52.6 469.5 2137.8 26 0.9975811243 0.0432834737 -0.0543916263 -0.0390689373 0.9963196516 0.0762937665 0.0574937053 -0.0739841908 0.9956007004
-61.4 267.0 2152.8 0.9975811243 0.0432834737 -0.0543916263 -0.0390689373 0.9963196516 0.0762937665 0.0574937053 -0.0739841908 0.9956007004
-69.0 71.7 2165.5 0.9977445602 0.0387872010 -0.0547840074 -0.0350983292 0.9971513748 0.0667629242 0.0572174937 -0.0646895170 0.9962637424
-203.6 272.0 2144.7 0.1704143435 -0.8474493027 -0.5027809143 0.9851292968 0.1351902187 0.1060368642 -0.0218898114 -0.5133743882 0.8578855395
-248.6 11.8 2150.4 0.0538248457 -0.8457383513 -0.5308761597 0.9562394619 0.1967753470 -0.2165307403 0.2875916958 -0.4959900081 0.8193197846
80.8 262.0 2161.0 0.0779881179 0.7215930223 0.6879108548 -0.9947197437 0.1024940014 0.0052584745 -0.0667122602 -0.6846885681 0.7257761359
102.5 -14.2 2142.4 -0.0628282577 0.7267757058 0.6839953661 -0.9525423646 0.1608691514 -0.2584262490 -0.2978516817 -0.6677710414 0.6821775436
-165.8 -121.5 2174.1 0.8897811174 -0.0076050241 -0.4563241005 0.0006343483 0.9998807907 -0.0154269440 0.4563870430 0.0134371351 0.8896799088
-162.8 -513.1 2168.9 0.8878293037 0.0600308143 -0.4562405646 -0.0538207144 0.9981960654 0.0266063996 0.4570147693 0.0009332518 0.8894585967
14.7 -127.4 2182.6 0.9373984337 -0.0405262858 0.3458926976 0.0593109913 0.9972741008 -0.0438928567 -0.3431710005 0.0616603345 0.9372468591
30.6 -518.0 2158.4 0.9393233657 0.0107185878 0.3428655267 -0.0170920454 0.9997326732 0.0155723849 -0.3426069617 -0.0204877779 0.9392554164
-263.6 -255.0 2070.2 0 0 0 0 0 0 0 0 0
84.8 -282.5 2058.5 0 0 0 0 0 0 0 0 0
-185.4 -889.1 2168.5 0 0 0 0 0 0 0 0 0
26.5 -894.4 2166.1 0 0 0 0 0 0 0 0 0
-52.3 470.0 2137.0 27 0.9975172281 0.0461331271 -0.0532079488 -0.0419053957 0.9960717559 0.0780062303 0.0565976091 -0.0755828619 0.9955319762
-61.6 267.8 2152.4 0.9975172281 0.0461331271 -0.0532079488 -0.0419053957 0.9960717559 0.0780062303 0.0565976091 -0.0755828619 0.9955319762
-70.0 72.5 2165.2 0.9976516366 0.0425475352 -0.0536739528 -0.0388846919 0.9969590306 0.0675331652 0.0563841015 -0.0652874783 0.9962722659
-203.8 273.3 2144.3 0.1688615084 -0.8482283354 -0.5019904971 0.9853620529 0.1331890672 0.1064063460 -0.0233972333 -0.5126103163 0.8583025336
-248.4 13.1 2150.5 0.0532429554 -0.8465604782 -0.5296230316 0.9557799697 0.1968172640 -0.2185123414 0.2892228663 -0.4945688248 0.8196046948
80.6 262.2 2160.4 0.0775860399 0.7212892175 0.6882748604 -0.9948944449 0.1007038057 0.0066156047 -0.0645401403 -0.6852741241 0.7254198194
102.1 -14.3 2142.5 -0.0683828741 0.7266499400 0.6835961342 -0.9518797398 0.1576591283 -0.2628090680 -0.2987453640 -0.6686729193 0.6809021235
-166.7 -120.4 2173.0 0.8900988102 -0.0110542523 -0.4556334913 0.0068201022 0.9999169707 -0.0109359147 0.4557165504 0.0066265776 0.8901003003
-162.4 -512.1 2170.4 0.8879771233 0.0616651550 -0.4557346702 -0.0563097559 0.9980918765 0.0253342893 0.4564273059 0.0031660402 0.8897550702
13.6 -126.8 2183.3 0.9371367693 -0.0425291769 0.3463610709 0.0602470264 0.9973597527 -0.0405438542 -0.3437222838 0.0588623621 0.9372247458
30.3 -517.4 2160.3 0.9387995005 0.0054923110 0.3444202244 -0.0053794906 0.9999846816 -0.0012832113 -0.3444220126 -0.0006481272 0.9388146996
-263.3 -253.6 2069.8 0 0 0 0 0 0 0 0 0
82.9 -282.5 2058.3 0 0 0 0 0 0 0 0 0
-185.6 -888.0 2169.2 0 0 0 0 0 0 0 0 0
28.2 -893.9 2160.5 0 0 0 0 0 0 0 0 0
-52.6 469.2 2137.2 28 0.9976539612 0.0450442173 -0.0515522845 -0.0410095826 0.9962019324 0.0768106654 0.0548163652 -0.0745163262 0.9957120419
-61.7 267.1 2152.3 0.9976539612 0.0450442173 -0.0515522845 -0.0410095826 0.9962019324 0.0768106654 0.0548163652 -0.0745163262 0.9957120419
-69.7 71.9 2165.3 0.9978309274 0.0404798985 -0.0519118793 -0.0368850641 0.9969738126 0.0684302300 0.0545248315 -0.0663670227 0.9963043928
-204.0 272.4 2144.5 0.1675149500 -0.8492923379 -0.5006408691 0.9855821133 0.1320046633 0.1058427170 -0.0238044728 -0.5111529231 0.8591600657
-247.7 14.9 2150.7 0.0521915928 -0.8476918936 -0.5279151797 0.9564872384 0.1943945587 -0.2175844014 0.2870683968 -0.4935880303 0.8209522367
80.5 261.9 2160.0 0.0769381076 0.7198691368 0.6898325682 -0.9949293733 0.1003840193 0.0062111164 -0.0647769794 -0.6868125796 0.7239422798
101.8 -14.5 2142.0 -0.0550302006 0.7254499197 0.6860715151 -0.9529228806 0.1670344621 -0.2530562282 -0.2981772125 -0.6676989794 0.6821058989
-168.5 -119.2 2172.8 0.8908970952 -0.0171022322 -0.4538831115 0.0124182981 0.9998344779 -0.0132985236 0.4540354013 0.0062111607 0.8909620047
-161.8 -510.9 2170.4 0.8882580996 0.0685417801 -0.4542021751 -0.0626624152 0.9976418018 0.0280045941 0.4550505579 0.0035860988 0.8904584050
11.9 -126.3 2183.0 0.9361739755 -0.0489091389 0.3481180072 0.0657582358 0.9971588850 -0.0367432125 -0.3453318775 0.0572896637 0.9367303848
31.0 -516.9 2160.6 0.9378398657 0.0154168652 0.3467257023 -0.0124608744 0.9998645186 -0.0107533764 -0.3468444943 0.0057644397 0.9379049540
-262.3 -251.9 2070.6 0 0 0 0 0 0 0 0 0
86.3 -282.9 2058.0 0 0 0 0 0 0 0 0 0
-187.6 -886.6 2169.1 0 0 0 0 0 0 0 0 0
25.2 -893.4 2158.4 0 0 0 0 0 0 0 0 0
-52.5 468.9 2136.7 29 0.9979541898 0.0439729318 -0.0464087240 -0.0404213667 0.9963734746 0.0748736188 0.0495328344 -0.0728445351 0.9961125255
-61.4 266.6 2151.5 0.9979541898 0.0439729318 -0.0464087240 -0.0404213667 0.9963734746 0.0748736188 0.0495328344 -0.0728445351 0.9961125255
-69.2 71.3 2164.6 0.9981188774 0.0397517942 -0.0466741994 -0.0365007259 0.9969795346 0.0685530901 0.0492583290 -0.0667204931 0.9965550900
-203.7 271.8 2144.5 0.1691339314 -0.8514240384 -0.4964583218 0.9853619337 0.1351666152 0.1038839146 -0.0213446729 -0.5067614317 0.8618220687
-248.0 13.5 2150.1 0.0552079566 -0.8496344090 -0.5244744420 0.9566618800 0.1954270303 -0.2158850282 0.2859198451 -0.4898261428 0.8236019611
80.8 261.4 2158.5 0.0751813576 0.7165029645 0.6935209632 -0.9952988625 0.0965043157 0.0081933951 -0.0610571690 -0.6908766031 0.7203899026
101.7 -15.0 2141.6 -0.0551014431 0.7224569917 0.6892167330 -0.9535779357 0.1665965319 -0.2508678734 -0.2960623801 -0.6710450649 0.6797393560
-167.8 -120.1 2173.3 0.8933972120 -0.0114176096 -0.4491225481 0.0045800647 0.9998565316 -0.0163076967 0.4492442906 0.0125122406 0.8933213353
-163.3 -511.7 2168.4 0.8910276890 0.0665969327 -0.4490373433 -0.0538495556 0.9977022409 0.0411156490 0.4507437348 -0.0124547174 0.8925665021
12.6 -126.7 2183.2 0.9342476130 -0.0483933091 0.3533262610 0.0673769861 0.9968591332 -0.0416201279 -0.3502023518 0.0626895651 0.9345738888
31.6 -517.2 2158.6 0.9358519316 0.0277749170 0.3512972593 -0.0278783310 0.9995999932 -0.0047646742 -0.3512890637 -0.0053345524 0.9362518787
-263.4 -253.3 2070.3 0 0 0 0 0 0 0 0 0
86.2 -283.7 2058.2 0 0 0 0 0 0 0 0 0
-188.4 -887.5 2173.1 0 0 0 0 0 0 0 0 0
21.1 -893.6 2160.6 0 0 0 0 0 0 0 0 0
-54.0 470.7 2137.0 30 0.9981597066 0.0384196416 -0.0469163023 -0.0347612053 0.9964674115 0.0764486119 0.0496876948 -0.0746770576 0.9959691167
-61.9 268.1 2152.2 0.9981597066 0.0384196416 -0.0469163023 -0.0347612053 0.9964674115 0.0764486119 0.0496876948 -0.0746770576 0.9959691167
-68.3 72.8 2165.3 0.9983427525 0.0329277515 -0.0471965037 -0.0296461917 0.9972023368 0.0686188787 0.0493239313 -0.0671059638 0.9965259433
-204.1 272.4 2145.1 0.1659314334 -0.8517560363 -0.4969691932 0.9859079123 0.1324172318 0.1022315472 -0.0212690588 -0.5069292784 0.8617252111
-247.7 13.7 2150.7 0.0539638028 -0.8500491977 -0.5239315629 0.9554612637 0.1964146793 -0.2202612311 0.2901407182 -0.4887101948 0.8227883577
80.4 263.9 2159.2 0.0806055516 0.7160215378 0.6934089065 -0.9949798584 0.0991970152 0.0132298628 -0.0593112223 -0.6909942627 0.7204228640
103.0 -14.7 2142.6 -0.0686095953 0.7219331264 0.6885530353 -0.9512227178 0.1607435644 -0.2633190155 -0.3007791936 -0.6730334759 0.6756905913
-167.2 -120.6 2173.2 0.8933678865 -0.0118936710 -0.4491685033 0.0077345292 0.9999085665 -0.0110933930 0.4492593706 0.0064363745 0.8933781981
-162.5 -512.3 2170.7 0.8908491731 0.0670368746 -0.4493259490 -0.0672182590 0.9976168275 0.0155695006 0.4492988586 0.0163328312 0.8932322264
13.3 -127.2 2182.1 0.9342386723 -0.0464314520 0.3536131382 0.0647069216 0.9971011281 -0.0400291979 -0.3507294357 0.0602780432 0.9345348477
31.4 -517.8 2158.5 0.9360135198 0.0224653091 0.3512463570 -0.0253369678 0.9996725321 0.0035809362 -0.3510508835 -0.0122513222 0.9362762570
-262.7 -252.8 2069.8 0 0 0 0 0 0 0 0 0
83.7 -282.6 2057.9 0 0 0 0 0 0 0 0 0
-187.8 -887.9 2164.5 0 0 0 0 0 0 0 0 0
23.0 -894.3 2163.1 0 0 0 0 0 0 0 0 0
-54.2 472.8 2138.1 31 0.9984682798 0.0362866707 -0.0417662300 -0.0332914777 0.9969700575 0.0703018010 0.0441906974 -0.0688036531 0.9966509938
-61.6 268.2 2152.3 0.9984682798 0.0362866707 -0.0417662300 -0.0332914777 0.9969700575 0.0703018010 0.0441906974 -0.0688036531 0.9966509938
-67.7 72.8 2164.6 0.9986379147 0.0310049616 -0.0419647247 -0.0282633435 0.9975226521 0.0644185096 0.0438580550 -0.0631446987 0.9970402122
-204.0 272.2 2146.0 0.1666826308 -0.8544111848 -0.4921365380 0.9858232141 0.1346788257 0.1000708267 -0.0192212686 -0.5018396974 0.8647470474
-247.6 13.9 2151.0 0.0555077568 -0.8526089191 -0.5195930004 0.9564276934 0.1948029101 -0.2174808830 0.2866443694 -0.4848812521 0.8262718320
80.7 264.1 2158.5 0.0787517205 0.7126260400 0.6971099973 -0.9951677918 0.0973352864 0.0129212290 -0.0586453937 -0.6947589517 0.7168477774
102.7 -13.4 2142.2 -0.0565923713 0.7186687589 0.6930457950 -0.9533229470 0.1673217416 -0.2513538301 -0.2966017723 -0.6749212146 0.6756542921
-165.0 -119.8 2174.0 0.8958244920 -0.0061906353 -0.4443649054 -0.0004387487 0.9998901486 -0.0148143955 0.4444078207 0.0134660620 0.8957234025
-162.6 -511.5 2168.7 0.8937582970 0.0618223138 -0.4442680776 -0.0570037775 0.9980803728 0.0242106952 0.4449119866 0.0036864493 0.8955667019
15.5 -125.2 2182.9 0.9324812293 -0.0434343629 0.3585976064 0.0624461137 0.9971809387 -0.0416006930 -0.3557797968 0.0611848906 0.9325647950
32.5 -515.8 2159.0 0.9338269830 0.0345310569 0.3560545146 -0.0396360233 0.9991893172 0.0070498283 -0.3555224240 -0.0206959043 0.9344385862
-263.1 -252.8 2071.1 0 0 0 0 0 0 0 0 0
86.7 -282.0 2058.6 0 0 0 0 0 0 0 0 0
-185.9 -887.3 2167.3 0 0 0 0 0 0 0 0 0
19.5 -892.1 2166.7 0 0 0 0 0 0 0 0 0
-54.8 470.6 2137.7 32 0.9982438684 0.0360656641 -0.0469943732 -0.0325933509 0.9968234897 0.0726680458 0.0494659171 -0.0710087270 0.9962484241
-62.1 267.1 2152.2 0.9982438684 0.0360656641 -0.0469943732 -0.0325933509 0.9968234897 0.0726680458 0.0494659171 -0.0710087270 0.9962484241
-68.4 71.7 2164.7 0.9983773232 0.0317883380 -0.0472465456 -0.0286708642 0.9974565506 0.0652564988 0.0492007732 -0.0637960061 0.9967494011
-204.4 271.2 2145.2 0.1653669924 -0.8524425030 -0.4959793389 0.9859101772 0.1300381273 0.1052200422 -0.0251978170 -0.5063909888 0.8619357347
-247.6 13.7 2151.8 0.0553618968 -0.8506596684 -0.5227935910 0.9546438456 0.1985139698 -0.2219172865 0.2925579250 -0.4867959619 0.8230671883
80.1 263.0 2159.2 0.0786716193 0.7161595821 0.6934884191 -0.9950313568 0.0989904478 0.0106530562 -0.0610194430 -0.6908808351 0.7203890085
101.8 -10.3 2142.5 -0.0520830750 0.7218164802 0.6901219487 -0.9539669752 0.1684236974 -0.2481540143 -0.2953545451 -0.6712782383 0.6798170805
