-54.6 469.2 2137.2 1 0.9985390306 0.0331732891 -0.0426530950 -0.0300276075 0.9969245195 0.0723869056 0.0449232273 -0.0710003823 0.9964641929
-61.4 266.6 2151.7 0.9985390306 0.0331732891 -0.0426530950 -0.0300276075 0.9969245195 0.0723869056 0.0449232273 -0.0710003823 0.9964641929
-67.1 71.2 2164.3 0.9986481667 0.0293966588 -0.0428674854 -0.0265488345 0.9974958301 0.0655531585 0.0446871854 -0.0643264577 0.9969278574
-203.7 270.3 2145.3 0.1675195545 -0.8530100584 -0.4942783415 0.9857949615 0.1387991607 0.0945678726 -0.0120619256 -0.5030990839 0.8641445637
-247.7 11.5 2148.5 0.0412612595 -0.8520138860 -0.5218905807 0.9548165202 0.1874876022 -0.2305945307 0.2943177521 -0.4887951314 0.8212529421
80.9 262.8 2158.0 0.0920484513 0.7118695974 0.6962533593 -0.9937816858 0.1096684039 0.0192551576 -0.0626498312 -0.6936962605 0.7175377607
106.4 -11.9 2140.7 -0.0634804592 0.7169324756 0.6942463517 -0.9513416886 0.1667099595 -0.2591463327 -0.3015282154 -0.6769162416 0.6714649200
-162.8 -119.9 2173.5 0.8951764703 -0.0039741830 -0.4456941187 0.0001834832 0.9999634624 -0.0085479878 0.4457118213 0.0075701806 0.8951445222
-161.2 -511.6 2170.5 0.8913930058 0.0832431987 -0.4455211163 -0.0782534853 0.9964933395 0.0296207760 0.4464245439 0.0084598269 0.8947812915
17.8 -124.6 2181.5 0.9323319793 -0.0354962200 0.3598570824 0.0509892181 0.9981321692 -0.0336493589 -0.3579905033 0.0497212037 0.9324004650
31.7 -515.6 2162.0 0.9333602786 0.0213528238 0.3583052456 -0.0240767412 0.9997051954 0.0031418607 -0.3581325114 -0.0115593104 0.9335992336
-259.2 -254.8 2066.4 0 0 0 0 0 0 0 0 0
88.5 -279.9 2055.8 0 0 0 0 0 0 0 0 0
-192.6 -886.8 2167.3 0 0 0 0 0 0 0 0 0
23.6 -892.0 2166.4 0 0 0 0 0 0 0 0 0
-54.3 468.0 2137.3 2 0.9985188246 0.0360499583 -0.0407503694 -0.0330846943 0.9969106317 0.0712360814 0.0431925319 -0.0697823539 0.9966267347
-61.6 265.4 2151.4 0.9985188246 0.0360499583 -0.0407503694 -0.0330846943 0.9969106317 0.0712360814 0.0431925319 -0.0697823539 0.9966267347
-67.7 70.1 2163.7 0.9986746311 0.0311249457 -0.0409901291 -0.0284578055 0.9975365400 0.0641174540 0.0428848043 -0.0628659800 0.9971001744
-203.9 269.5 2145.3 0.1665496826 -0.8539251089 -0.4930244386 0.9859879613 0.1394459754 0.0915564522 -0.0094320811 -0.5013648868 0.8651845455
-247.9 9.2 2147.8 0.0461012945 -0.8526828885 -0.5203908086 0.9529587030 0.1937678307 -0.2330745757 0.2995736897 -0.4851659238 0.8215044737
80.7 261.4 2157.5 0.0895076618 0.7109696865 0.6975030303 -0.9939919114 0.1080601886 0.0174083486 -0.0629955009 -0.6948705912 0.7163703442
105.4 -12.2 2140.2 -0.0538497269 0.7160833478 0.6959345341 -0.9529671669 0.1713128239 -0.2500109971 -0.2982512116 -0.6766657829 0.6731787324
-163.2 -121.8 2172.8 0.8959478736 -0.0050570667 -0.4441304207 0.0009786395 0.9999552369 -0.0094117187 0.4441581070 0.0079977661 0.8959127069
-161.2 -513.5 2169.7 0.8923653364 0.0809491426 -0.4439947605 -0.0758937895 0.9966888428 0.0291807894 0.4448868036 0.0076565212 0.8955540657
17.4 -126.6 2180.9 0.9318559766 -0.0367207676 0.3609653413 0.0480083972 0.9985968471 -0.0223502610 -0.3596381247 0.0381565914 0.9323113561
31.8 -517.7 2166.0 0.9321352243 0.0247889236 0.3612608910 -0.0146673797 0.9994199872 -0.0307328179 -0.3618131876 0.0233483929 0.9319581985
-260.8 -256.6 2064.3 0 0 0 0 0 0 0 0 0
90.2 -280.6 2056.2 0 0 0 0 0 0 0 0 0
-191.7 -888.8 2166.8 0 0 0 0 0 0 0 0 0
22.4 -893.8 2157.2 0 0 0 0 0 0 0 0 0
-52.7 466.9 2131.8 3 0.9976986051 0.0372429863 -0.0566603541 -0.0322295874 0.9956905246 0.0869579911 0.0596547499 -0.0849317238 0.9945994020
-60.3 264.5 2149.0 0.9976986051 0.0372429863 -0.0566603541 -0.0322295874 0.9956905246 0.0869579911 0.0596547499 -0.0849317238 0.9945994020
-66.7 69.4 2164.1 0.9978506565 0.0324136466 -0.0569506772 -0.0278810784 0.9965119362 0.0786546171 0.0593015142 -0.0768977180 0.9952738881
-202.5 268.5 2140.6 0.1722314209 -0.8457753658 -0.5049756169 0.9845849872 0.1319483519 0.1148130745 -0.0304753669 -0.5169658661 0.8554633856
-247.6 10.8 2148.6 0.0498761386 -0.8443960547 -0.5333925486 0.9514183402 0.2026364803 -0.2318224460 0.3038347661 -0.4959170520 0.8134806156
81.9 260.6 2157.5 0.0838245824 0.7214986682 0.6873231530 -0.9944887757 0.1041603237 0.0119464509 -0.0629724488 -0.6845365763 0.7262535095
104.9 -12.6 2140.2 -0.0493177287 0.7268504500 0.6850227118 -0.9523959160 0.1723671108 -0.2514590025 -0.3008484840 -0.6648142338 0.6837486625
-164.1 -122.7 2172.2 0.8887139559 -0.0040491717 -0.4584442377 0.0071688197 0.9999614954 0.0050649871 0.4584060609 -0.0077878288 0.8887087107
-162.5 -514.4 2175.2 0.8858097196 0.0720927790 -0.4584144354 -0.0813894644 0.9966822267 -0.0005278846 0.4568554461 0.0377777107 0.8887383938
16.5 -127.9 2179.9 0.9373351336 -0.0368290544 0.3464771807 0.0475779623 0.9986125827 -0.0225658081 -0.3451654017 0.0376364030 0.9377869368
30.9 -519.1 2165.2 0.9379321933 0.0125445127 0.3465918303 -0.0038656425 0.9996616840 -0.0257206280 -0.3467972279 0.0227844026 0.9376633763
-261.5 -254.6 2063.8 0 0 0 0 0 0 0 0 0
91.0 -280.9 2055.4 0 0 0 0 0 0 0 0 0
-189.6 -889.6 2161.0 0 0 0 0 0 0 0 0 0
26.2 -895.4 2156.6 0 0 0 0 0 0 0 0 0
-52.9 469.1 2134.0 4 0.9970935583 0.0353959985 -0.0674650297 -0.0301439781 0.9965492487 0.0773361996 0.0699696243 -0.0750777572 0.9947198629
-60.1 264.5 2149.4 0.9970935583 0.0353959985 -0.0674650297 -0.0301439781 0.9965492487 0.0773361996 0.0699696243 -0.0750777572 0.9947198629
-66.3 69.2 2163.2 0.9972094297 0.0315872729 -0.0676428154 -0.0266950689 0.9970440865 0.0720450208 0.0697185695 -0.0700382441 0.9951050282
-202.2 268.3 2139.5 0.1726191789 -0.8410321474 -0.5127061009 0.9844862223 0.1306920201 0.1170748696 -0.0314571336 -0.5249614120 0.8505445123
-247.8 8.6 2147.8 0.0432449654 -0.8401288390 -0.5406601429 0.9505158663 0.2012448311 -0.2366857678 0.3076516092 -0.5036705732 0.8072586060
82.0 260.7 2159.4 0.0878350213 0.7284066081 0.6794915795 -0.9937297702 0.1114469171 0.0089855436 -0.0691821128 -0.6760202646 0.7336282730
106.4 -14.9 2140.2 -0.0760551095 0.7323316336 0.6766874790 -0.9502986073 0.1522483975 -0.2715749741 -0.3019075394 -0.6637098789 0.6843544841
-163.3 -123.3 2173.8 0.8838100433 -0.0027408220 -0.4678379595 -0.0005689243 0.9999758005 -0.0069331205 0.4678456187 0.0063937255 0.8837870955
-162.2 -514.9 2171.3 0.8810498118 0.0703920424 -0.4677565694 -0.0698776245 0.9973844290 0.0184759777 0.4678336680 0.0164074618 0.8836641908
17.1 -128.3 2184.5 0.9408029318 -0.0356393903 0.3370752037 0.0530325323 0.9976866245 -0.0425312184 -0.3347796500 0.0578894466 0.9405165911
31.1 -519.0 2161.8 0.9418901801 0.0140552679 0.3356267810 -0.0121764913 0.9998962283 -0.0077016829 -0.3357001841 0.0031673827 0.9419635534
-259.8 -256.6 2062.0 0 0 0 0 0 0 0 0 0
84.9 -282.6 2055.2 0 0 0 0 0 0 0 0 0
-188.7 -890.4 2165.1 0 0 0 0 0 0 0 0 0
25.8 -895.5 2160.6 0 0 0 0 0 0 0 0 0
-52.4 471.7 2129.6 5 0.9982987642 0.0379415005 -0.0442720912 -0.0338599421 0.9954059720 0.0895566866 0.0474666208 -0.0879052803 0.9949972630
-60.2 268.5 2147.6 0.9982987642 0.0379415005 -0.0442720912 -0.0338599421 0.9954059720 0.0895566866 0.0474666208 -0.0879052803 0.9949972630
-67.0 73.4 2163.5 0.9983926415 0.0350685641 -0.0445234962 -0.0312994495 0.9960829020 0.0826992095 0.0472492352 -0.0811727196 0.9955794811
-202.4 272.9 2140.9 0.1711310297 -0.8513959646 -0.4958215654 0.9848698974 0.1338788122 0.1100353822 -0.0273036789 -0.5071502328 0.8614251018
-248.6 7.1 2148.2 0.0397842601 -0.8505588770 -0.5243728161 0.9513457417 0.1927176118 -0.2404188067 0.3055462241 -0.4892949760 0.8168426752
82.1 264.0 2154.3 0.0890507475 0.7134925723 0.6949808002 -0.9947754145 0.0986798704 0.0261563212 -0.0499182716 -0.6936790347 0.7185524106
107.1 -15.7 2140.3 -0.0898261219 0.7188107371 0.6893782616 -0.9500798583 0.1458157748 -0.2758368850 -0.2987967432 -0.6797417402 0.6698295474
-162.6 -123.7 2170.6 0.8942552805 -0.0001957439 -0.4475571811 0.0017199409 0.9999940395 0.0029992226 0.4475539327 -0.0034518426 0.8942502737
-162.6 -515.3 2171.9 0.8921927810 0.0607313365 -0.4475530386 -0.0640362427 0.9979174137 0.0077581573 0.4470921457 0.0217378419 0.8942237496
17.6 -128.5 2183.2 0.9330508709 -0.0336700678 0.3581653237 0.0482538864 0.9983270168 -0.0318556651 -0.3564935327 0.0470058247 0.9331145883
30.8 -519.5 2164.8 0.9338172674 0.0123802945 0.3575359881 -0.0076086828 0.9998622537 -0.0147494785 -0.3576693535 0.0110529400 0.9337828755
-259.7 -258.2 2063.0 0 0 0 0 0 0 0 0 0
81.8 -283.3 2056.1 0 0 0 0 0 0 0 0 0
-185.4 -891.1 2163.7 0 0 0 0 0 0 0 0 0
26.2 -896.0 2160.6 0 0 0 0 0 0 0 0 0
-52.5 472.5 2133.0 6 0.9979691505 0.0365428887 -0.0521745719 -0.0322159939 0.9961532950 0.0814908221 0.0549517833 -0.0796444714 0.9953075051
-59.9 269.8 2149.2 0.9979691505 0.0365428887 -0.0521745719 -0.0322159939 0.9961532950 0.0814908221 0.0549517833 -0.0796444714 0.9953075051
-66.4 74.6 2163.5 0.9980644584 0.0334865376 -0.0524024032 -0.0295041315 0.9967464209 0.0750072747 0.0547436401 -0.0733160079 0.9958051443
-202.1 274.0 2141.4 0.1711784750 -0.8483491540 -0.5010007024 0.9848154783 0.1324044019 0.1122834012 -0.0289208312 -0.5126137137 0.8581321239
-247.6 12.4 2149.0 0.0386902988 -0.8475825787 -0.5292511582 0.9521766305 0.1919222176 -0.2377508879 0.3030885756 -0.4947419465 0.8144738674
82.3 265.5 2157.0 0.0900872573 0.7187592387 0.6893978715 -0.9943517447 0.1039145291 0.0215969495 -0.0561154485 -0.6874495745 0.7240608335
107.6 -13.3 2141.2 -0.0888902321 0.7233195305 0.6847680807 -0.9498208165 0.1454402506 -0.2769252360 -0.2998982966 -0.6750229001 0.6740957499
-164.1 -118.9 2175.1 0.8907506466 -0.0069388626 -0.4544394016 0.0027710542 0.9999477863 -0.0098366952 0.4544839263 0.0075027659 0.8907233477
-161.4 -510.5 2172.2 0.8879176974 0.0710577667 -0.4544810057 -0.0734022036 0.9972239733 0.0125096412 0.4541082382 0.0222523753 0.8906685710
16.3 -124.5 2183.7 0.9358459711 -0.0361149088 0.3505538702 0.0481247716 0.9985130429 -0.0256056674 -0.3491078615 0.0408332869 0.9361924529
30.5 -515.6 2167.7 0.9365314841 0.0064473879 0.3505241275 0.0023949498 0.9996898770 -0.0247866940 -0.3505752385 0.0240530092 0.9362256527
-258.4 -253.2 2064.5 0 0 0 0 0 0 0 0 0
82.6 -280.9 2056.8 0 0 0 0 0 0 0 0 0
-188.1 -886.0 2163.8 0 0 0 0 0 0 0 0 0
28.1 -892.1 2158.6 0 0 0 0 0 0 0 0 0
-53.3 473.7 2135.6 7 0.9986541867 0.0340659358 -0.0391060747 -0.0311723761 0.9968914986 0.0723575205 0.0414494388 -0.0710411072 0.9966118336
-60.3 269.2 2150.2 0.9986541867 0.0340659358 -0.0391060747 -0.0311723761 0.9968914986 0.0723575205 0.0414494388 -0.0710411072 0.9966118336
-66.2 73.9 2163.3 0.9987701178 0.0303009413 -0.0392449200 -0.0275822133 0.9973001480 0.0680557936 0.0412011221 -0.0668896288 0.9969093204
-202.6 273.1 2144.3 0.1705938578 -0.8549669385 -0.4898257554 0.9850828052 0.1365939379 0.1046612412 -0.0225746706 -0.5003734827 0.8655152917
-247.3 14.7 2150.2 0.0394104086 -0.8540879488 -0.5186333656 0.9526504874 0.1887286603 -0.2384083718 0.3015027046 -0.4846805632 0.8210851550
82.1 265.3 2156.1 0.0933205038 0.7100746036 0.6979150176 -0.9943836927 0.1016193777 0.0295724403 -0.0499230511 -0.6967550516 0.7155697942
108.1 -12.6 2142.1 -0.1010144055 0.7147334218 0.6920637488 -0.9488135576 0.1400241554 -0.2831007838 -0.2992472351 -0.6852367520 0.6640043259
-163.2 -118.0 2173.0 0.8967453241 -0.0039892723 -0.4425289631 0.0010601558 0.9999758601 -0.0068661859 0.4425456822 0.0056880703 0.8967279196
-161.6 -509.7 2170.7 0.8941208720 0.0686348081 -0.4425349236 -0.0718493462 0.9973700643 0.0095185805 0.4420244098 0.0232850835 0.8967007399
17.2 -123.3 2182.9 0.9310501218 -0.0359097496 0.3631200790 0.0508946218 0.9981982112 -0.0317812115 -0.3613245487 0.0480707586 0.9312002063
31.3 -514.3 2164.0 0.9319150448 0.0169670396 0.3622795939 -0.0140567692 0.9998443127 -0.0106676826 -0.3624041677 0.0048488928 0.9320084453
-258.3 -251.1 2066.1 0 0 0 0 0 0 0 0 0
79.7 -279.9 2057.8 0 0 0 0 0 0 0 0 0
-187.5 -885.3 2162.0 0 0 0 0 0 0 0 0 0
24.9 -890.8 2162.2 0 0 0 0 0 0 0 0 0
-53.7 471.0 2137.4 8 0.9978306293 0.0339609273 -0.0563973412 -0.0299909040 0.9971095920 0.0698068589 0.0586050376 -0.0679640174 0.9959650040
-60.6 267.4 2151.3 0.9978306293 0.0339609273 -0.0563973412 -0.0299909040 0.9971095920 0.0698068589 0.0586050376 -0.0679640174 0.9959650040
-66.6 72.0 2163.6 0.9979335666 0.0304583050 -0.0565767922 -0.0268047154 0.9975737333 0.0642503798 0.0583964810 -0.0626010820 0.9963287115
-202.8 271.2 2143.0 0.1672080606 -0.8473239541 -0.5040670633 0.9856534600 0.1317388862 0.1055091396 -0.0229951870 -0.5144773722 0.8571955562
-246.7 12.7 2149.0 0.0426128060 -0.8463616967 -0.5309011340 0.9521620274 0.1953501850 -0.2350015938 0.3026079834 -0.4954898357 0.8141978979
81.6 263.6 2159.6 0.0896280110 0.7215262055 0.6865615845 -0.9938948750 0.1093264073 0.0148551241 -0.0643409416 -0.6837014556 0.7269198895
106.3 -10.8 2141.9 -0.0796038210 0.7258341312 0.6832481623 -0.9500973821 0.1521537006 -0.2723311186 -0.3016259372 -0.6708309054 0.6775010824
-162.4 -118.9 2172.7 0.8889417052 0.0054236394 -0.4579882622 -0.0070142858 0.9999738336 -0.0017725207 0.4579666555 0.0047881282 0.8889564872
-164.5 -510.6 2170.8 0.8873959184 0.0547093078 -0.4577504098 -0.0508702211 0.9984903336 0.0207202248 0.4581929147 0.0048988219 0.8888392448
18.1 -123.9 2180.1 0.9374445081 -0.0320309177 0.3466580808 0.0437966101 0.9986979961 -0.0261574164 -0.3453688622 0.0397035740 0.9376267791
30.7 -515.1 2164.6 0.9380383492 0.0086873425 0.3464225531 -0.0022114206 0.9998154044 -0.0190846175 -0.3465244174 0.0171360169 0.9378843904
-258.6 -252.9 2064.6 0 0 0 0 0 0 0 0 0
83.9 -278.4 2056.9 0 0 0 0 0 0 0 0 0
-185.1 -886.6 2168.9 0 0 0 0 0 0 0 0 0
27.4 -891.6 2158.1 0 0 0 0 0 0 0 0 0
-53.3 469.2 2137.4 9 0.9984201789 0.0370715223 -0.0422234870 -0.0340630971 0.9969744682 0.0698681697 0.0446858592 -0.0683195218 0.9966622591
-60.9 266.3 2151.3 0.9984201789 0.0370715223 -0.0422234870 -0.0340630971 0.9969744682 0.0698681697 0.0446858592 -0.0683195218 0.9966622591
-67.4 70.9 2163.5 0.9985432029 0.0333179608 -0.0424433909 -0.0305783879 0.9975045323 0.0636371672 0.0444577374 -0.0622466095 0.9970701337
-203.1 270.6 2144.9 0.1665592939 -0.8533301950 -0.4940502346 0.9859741926 0.1387357563 0.0927755013 -0.0106257042 -0.5025733709 0.8644692302
-247.1 10.1 2147.7 0.0380415656 -0.8525117040 -0.5213219523 0.9520525336 0.1894025803 -0.2402552664 0.3035601676 -0.4871862233 0.8188411593
81.4 261.9 2157.6 0.0875979513 0.7126904726 0.6959877014 -0.9944818020 0.1030543149 0.0196393449 -0.0577277578 -0.6938674450 0.7177851200
105.5 -11.3 2141.7 -0.0694544390 0.7185619473 0.6919861436 -0.9501041770 0.1638074964 -0.2654602230 -0.3041021228 -0.6758963466 0.6713315845
-162.7 -121.0 2170.6 0.8952727318 -0.0001183767 -0.4455184937 0.0039216494 0.9999633431 0.0076148883 0.4455012381 -0.0085645691 0.8952403665
-162.7 -512.6 2173.9 0.8925818801 0.0693679750 -0.4455173612 -0.0724379197 0.9973211884 0.0101575777 0.4450285137 0.0232058819 0.8952156901
17.7 -125.8 2181.1 0.9324374795 -0.0306704231 0.3600273430 0.0494571254 0.9978466034 -0.0430836715 -0.3579306602 0.0579787455 0.9319463968
29.7 -516.6 2158.4 0.9340627193 0.0125362677 0.3568889499 -0.0244147088 0.9992870688 0.0287975781 -0.3562735021 -0.0356120840 0.9337028265
-257.8 -255.4 2063.1 0 0 0 0 0 0 0 0 0
85.9 -279.0 2056.1 0 0 0 0 0 0 0 0 0
-188.8 -888.1 2165.2 0 0 0 0 0 0 0 0 0
25.0 -892.4 2171.8 0 0 0 0 0 0 0 0 0
-52.7 470.3 2137.8 0 0.9977585077 0.0417072624 -0.0523304567 -0.0380439833 0.9968808293 0.0691464543 0.0550511405 -0.0670006052 0.9962330461
-61.1 267.5 2151.4 0.9977585077 0.0417072624 -0.0523304567 -0.0380439833 0.9968808293 0.0691464543 0.0550511405 -0.0670006052 0.9962330461
-68.5 72.1 2163.2 0.9978983402 0.0378073752 -0.0526263714 -0.0345369428 0.9974955320 0.0617243573 0.0548282042 -0.0597770773 0.9967048764
-203.3 272.4 2143.6 0.1643459052 -0.8492237329 -0.5018061996 0.9862611294 0.1328486949 0.0981847569 -0.0167165287 -0.5110481977 0.8593894839
-247.0 10.5 2148.1 0.0288651641 -0.8488732576 -0.5278077722 0.9529455304 0.1827756166 -0.2418425977 0.3017641008 -0.4959912300 0.8142058253
81.1 262.5 2159.3 0.0884266198 0.7199597359 0.6883594394 -0.9942520261 0.1056749076 0.0171954706 -0.0603622720 -0.6859232783 0.7251659036
105.5 -11.9 2142.6 -0.0651597008 0.7258961797 0.6847108603 -0.9480564594 0.1690649688 -0.2694548965 -0.3113569021 -0.6667022109 0.6771743298
-164.1 -121.7 2171.6 0.8905700445 -0.0046088831 -0.4548227787 0.0037245303 0.9999890327 -0.0028403972 0.4548308849 0.0008355713 0.8905774355
-162.3 -513.4 2171.3 0.8875130415 0.0737901255 -0.4548358023 -0.0757045969 0.9970315695 0.0140320212 0.4545210600 0.0219795592 0.8904647827
16.3 -127.2 2179.7 0.9360395074 -0.0370400958 0.3499400318 0.0550973490 0.9976063371 -0.0417839065 -0.3475547135 0.0583921559 0.9358397722
30.9 -518.0 2156.8 0.9377263188 0.0248149056 0.3464874923 -0.0368440598 0.9989238381 0.0281725656 -0.3454155326 -0.0391841605 0.9376314282
-255.0 -255.4 2063.9 0 0 0 0 0 0 0 0 0
87.1 -279.0 2054.9 0 0 0 0 0 0 0 0 0
-190.1 -888.8 2163.0 0 0 0 0 0 0 0 0 0
21.5 -893.9 2171.5 0 0 0 0 0 0 0 0 0
-52.4 470.1 2137.0 1 0.9976817369 0.0445662104 -0.0514295287 -0.0408431478 0.9966182113 0.0713020489 0.0544332676 -0.0690362081 0.9961280227
-61.5 267.5 2151.1 0.9976817369 0.0445662104 -0.0514295287 -0.0408431478 0.9966182113 0.0713020489 0.0544332676 -0.0690362081 0.9961280227
-69.4 72.2 2163.3 0.9978419542 0.0404437818 -0.0517270640 -0.0370849073 0.9972397685 0.0643235967 0.0541857742 -0.0622664914 0.9965875745
-203.7 272.8 2143.4 0.1640021056 -0.8495592475 -0.5013505220 0.9862964749 0.1319652498 0.0990173370 -0.0179602467 -0.5107192993 0.8595598936
-246.8 13.3 2148.1 0.0365977660 -0.8488346934 -0.5273900032 0.9550282359 0.1850995570 -0.2316445559 0.2942475975 -0.4951946735 0.8174353838
80.8 262.2 2158.8 0.0872989967 0.7191584706 0.6893402338 -0.9939973950 0.1086883917 0.0124913594 -0.0659400150 -0.6862928867 0.7243300676
104.7 -10.9 2140.7 -0.0612015426 0.7243775725 0.6866815090 -0.9502584934 0.1682080030 -0.2621351779 -0.3053901792 -0.6685680151 0.6780513525
-166.1 -120.1 2169.9 0.8908603787 -0.0077966372 -0.4542103410 0.0129147386 0.9998832345 0.0081669241 0.4540936351 -0.0131415976 0.8908570409
-163.1 -511.8 2175.1 0.8885585070 0.0661576092 -0.4539680481 -0.0801194534 0.9967181683 -0.0115654115 0.4517130852 0.0466482155 0.8909428716
14.2 -126.4 2179.8 0.9356454611 -0.0418697707 0.3504489362 0.0591293052 0.9975002408 -0.0386902504 -0.3479529619 0.0569221601 0.9357823730
30.6 -517.1 2157.5 0.9377699494 0.0173360128 0.3468241692 -0.0290920995 0.9991641045 0.0287182219 -0.3460364044 -0.0370209292 0.9374904037
-257.0 -253.1 2066.0 0 0 0 0 0 0 0 0 0
87.5 -278.6 2054.7 0 0 0 0 0 0 0 0 0
-188.0 -887.0 2157.5 0 0 0 0 0 0 0 0 0
24.1 -893.3 2171.5 0 0 0 0 0 0 0 0 0
-52.0 469.8 2131.7 2 0.9985958338 0.0438739136 -0.0296897907 -0.0412916057 0.9957258701 0.0826131776 0.0331874564 -0.0812712312 0.9961393476
-60.9 267.2 2148.2 0.9985958338 0.0438739136 -0.0296897907 -0.0412916057 0.9957258701 0.0826131776 0.0331874564 -0.0812712312 0.9961393476
-68.5 72.1 2162.5 0.9987972379 0.0387592055 -0.0300302878 -0.0364354216 0.9965623617 0.0744037852 0.0328108855 -0.0732201263 0.9967759252
-203.2 272.4 2143.5 0.1655603945 -0.8589605689 -0.4845373929 0.9860654473 0.1360753626 0.0956995487 -0.0162685346 -0.4936296344 0.8695200682
-246.6 14.3 2147.8 0.0378610268 -0.8581423759 -0.5120138526 0.9535459280 0.1842648983 -0.2383203059 0.2988589406 -0.4792056680 0.8252546787
81.4 262.0 2152.9 0.0842081085 0.7047628164 0.7044277191 -0.9953303337 0.0929681510 0.0259705633 -0.0471862592 -0.7033252120 0.7093004584
104.5 -11.1 2139.9 -0.0653386638 0.7119236588 0.6992107034 -0.9514134526 0.1668516845 -0.2587914467 -0.3009042144 -0.6821475029 0.6664318442
-167.5 -119.8 2170.6 0.9005370736 -0.0132828373 -0.4345763326 0.0173872784 0.9998338819 0.0054702898 0.4344314635 -0.0124822985 0.9006183743
-162.3 -511.4 2175.5 0.8982065916 0.0679267421 -0.4342935383 -0.0808104500 0.9966660142 -0.0112463217 0.4320816696 0.0451969765 0.9007012248
12.9 -126.5 2180.4 0.9273396730 -0.0495170839 0.3709301353 0.0664323270 0.9972465038 -0.0329565927 -0.3682768643 0.0552037060 0.9280757904
32.3 -517.1 2158.7 0.9290798306 0.0341647007 0.3682979643 -0.0416441746 0.9990558624 0.0123767210 -0.3675273955 -0.0268364269 0.9296253920
-257.1 -251.7 2064.4 0 0 0 0 0 0 0 0 0
86.1 -279.1 2055.1 0 0 0 0 0 0 0 0 0
-187.9 -886.8 2158.4 0 0 0 0 0 0 0 0 0
19.4 -893.3 2168.8 0 0 0 0 0 0 0 0 0
-51.3 468.3 2128.5 3 0.9986413121 0.0433386378 -0.0289361663 -0.0405821800 0.9951266646 0.0898665711 0.0326898471 -0.0885701776 0.9955333471
-60.1 266.2 2146.5 0.9986413121 0.0433386378 -0.0289361663 -0.0405821800 0.9951266646 0.0898665711 0.0326898471 -0.0885701776 0.9955333471
-67.8 71.1 2162.3 0.9988011122 0.0392394215 -0.0292676948 -0.0367289223 0.9959657788 0.0818728879 0.0323622674 -0.0806997567 0.9962129593
-202.5 271.4 2141.8 0.1768120825 -0.8583803177 -0.4815814495 0.9836980700 0.1378124654 0.1155239716 -0.0327955782 -0.4941567779 0.8687540293
-248.8 13.8 2150.4 0.0261873100 -0.8580266833 -0.5129371285 0.9526824355 0.1768639535 -0.2472151071 0.3028372228 -0.4821922779 0.8220584989
82.2 261.0 2151.1 0.0813343450 0.7044931054 0.7050349116 -0.9959293604 0.0850207880 0.0299371034 -0.0388521403 -0.7045998573 0.7085404396
104.5 -11.4 2140.4 -0.0613535196 0.7128094435 0.6986690760 -0.9510994554 0.1705553830 -0.2575279176 -0.3027301133 -0.6803040504 0.6674885154
-166.3 -119.8 2173.9 0.9010410905 -0.0113712884 -0.4335846007 0.0052223331 0.9998682141 -0.0153701333 0.4337022603 0.0115847988 0.9009817839
-161.9 -511.4 2169.4 0.8984392881 0.0691786557 -0.4336140454 -0.0602445155 0.9975931048 0.0343303271 0.4349453151 -0.0047208467 0.9004445076
14.2 -126.4 2179.8 0.9273757935 -0.0433157496 0.3716152608 0.0573786572 0.9979910254 -0.0268633887 -0.3697050810 0.0462352410 0.9279980659
31.2 -517.3 2161.7 0.9287045002 0.0172064267 0.3704212308 -0.0177266318 0.9998408556 -0.0020001181 -0.3703967035 -0.0047088019 0.9288617373
-256.1 -251.9 2066.0 0 0 0 0 0 0 0 0 0
87.2 -279.4 2055.2 0 0 0 0 0 0 0 0 0
-187.9 -886.6 2171.1 0 0 0 0 0 0 0 0 0
24.7 -893.7 2163.5 0 0 0 0 0 0 0 0 0
-52.6 470.1 2132.9 4 0.9990513325 0.0361752287 -0.0242445748 -0.0341973118 0.9964017272 0.0775509626 0.0269627608 -0.0766482875 0.9966935515
-60.0 265.9 2148.6 0.9990513325 0.0361752287 -0.0242445748 -0.0341973118 0.9964017272 0.0775509626 0.0269627608 -0.0766482875 0.9966935515
-66.8 70.7 2162.5 0.9991117716 0.0343261287 -0.0244424213 -0.0324890278 0.9968784451 0.0719572678 0.0268361382 -0.0710992441 0.9971081614
-202.4 270.6 2144.8 0.1727211624 -0.8605734706 -0.4791457653 0.9848819375 0.1443599313 0.0957487822 -0.0132294130 -0.4884398282 0.8724972606
-247.6 12.9 2148.2 0.0290859211 -0.8600822687 -0.5093255639 0.9529759884 0.1776265800 -0.2455311418 0.3016467392 -0.4782335162 0.8248041868
82.3 261.3 2152.4 0.0856137127 0.7006711364 0.7083292007 -0.9953140616 0.0922186449 0.0290791169 -0.0449462608 -0.7074996233 0.7052830458
106.1 -14.5 2140.0 -0.0747475773 0.7083137035 0.7019291520 -0.9496477246 0.1642166823 -0.2668371797 -0.3042729199 -0.6865308285 0.6603736877
-165.7 -120.6 2175.1 0.9033412337 -0.0077785100 -0.4288520515 -0.0020398083 0.9997463226 -0.0224300660 0.4289177358 0.0211367793 0.9030962586
-162.7 -512.1 2166.9 0.9016599059 0.0581498779 -0.4285184145 -0.0457878970 0.9981852770 0.0391097404 0.4300149977 -0.0156427287 0.9026862383
14.8 -127.3 2181.0 0.9255492687 -0.0403062627 0.3764756918 0.0565659478 0.9978784919 -0.0322300158 -0.3743779361 0.0511261709 0.9258657098
30.6 -518.1 2161.0 0.9268242717 0.0087074023 0.3753944039 -0.0060890210 0.9999481440 -0.0081607467 -0.3754460216 0.0052777934 0.9268292189
-255.7 -252.9 2064.1 0 0 0 0 0 0 0 0 0
85.0 -282.0 2054.2 0 0 0 0 0 0 0 0 0
-184.6 -887.8 2172.7 0 0 0 0 0 0 0 0 0
27.3 -894.6 2159.0 0 0 0 0 0 0 0 0 0
-52.9 468.6 2128.6 5 0.9993194342 0.0307898559 -0.0203146432 -0.0289205536 0.9958189726 0.0866493881 0.0228976291 -0.0860029012 0.9960317016
-59.1 265.6 2146.1 0.9993194342 0.0307898559 -0.0203146432 -0.0289205536 0.9958189726 0.0866493881 0.0228976291 -0.0860029012 0.9960317016
-64.6 70.5 2161.8 0.9993928671 0.0281781089 -0.0204912629 -0.0264391303 0.9963891506 0.0806823969 0.0226907488 -0.0800916404 0.9965292215
-201.6 269.4 2142.9 0.1724519134 -0.8624287248 -0.4758960605 0.9848266244 0.1414382160 0.1005573720 -0.0194136798 -0.4860164225 0.8737340569
-246.9 10.4 2148.0 0.0364801399 -0.8616570234 -0.5061782002 0.9537399411 0.1812698394 -0.2398362309 0.2984114289 -0.4740130901 0.8284094334
83.3 261.8 2149.3 0.0824936777 0.6978857517 0.7114424109 -0.9961085916 0.0799624920 0.0370627046 -0.0310231727 -0.7117313147 0.7017664313
106.0 -12.7 2140.8 -0.0824122131 0.7069779634 0.7024175525 -0.9496595263 0.1580484509 -0.2704948485 -0.3022499084 -0.6893495917 0.6583632231
-163.8 -121.6 2174.0 0.9052978158 -0.0054447893 -0.4247425497 -0.0022650836 0.9998417497 -0.0176448133 0.4247713983 0.0169358868 0.9051421881
-161.7 -513.2 2167.4 0.9027141929 0.0705435947 -0.4244181216 -0.0608829781 0.9974846244 0.0362996385 0.4259112477 -0.0069283592 0.9047384262
16.8 -127.5 2178.8 0.9238787293 -0.0343709402 0.3811387420 0.0504899956 0.9981998205 -0.0323702730 -0.3793400228 0.0491499007 0.9239509702
30.3 -518.5 2159.6 0.9250451326 0.0042945850 0.3798329830 -0.0045677354 0.9999895692 -0.0001821286 -0.3798297942 -0.0015664995 0.9250550866
-257.1 -255.6 2064.7 0 0 0 0 0 0 0 0 0
82.8 -280.2 2055.6 0 0 0 0 0 0 0 0 0
-188.2 -888.7 2170.0 0 0 0 0 0 0 0 0 0
28.7 -895.0 2160.2 0 0 0 0 0 0 0 0 0
-54.0 468.7 2126.9 6 0.9988502860 0.0325911231 -0.0351559110 -0.0292816851 0.9954330921 0.0908599645 0.0379565842 -0.0897260755 0.9952429533
-60.7 265.9 2145.2 0.9988502860 0.0325911231 -0.0351559110 -0.0292816851 0.9954330921 0.0908599645 0.0379565842 -0.0897260755 0.9952429533
-66.2 70.8 2161.3 0.9989784956 0.0280898809 -0.0353965946 -0.0250732917 0.9962373972 0.0829602256 0.0375937521 -0.0819879696 0.9959240556
-203.0 269.5 2139.8 0.1591046900 -0.8580549359 -0.4882902801 0.9867764711 0.1227090731 0.1058993638 -0.0309498254 -0.4986824691 0.8662320375
-245.1 8.5 2148.0 0.0414269120 -0.8572255969 -0.5132719278 0.9530396461 0.1881483793 -0.2373091280 0.2999987304 -0.4793375134 0.8247643709
81.7 262.3 2150.6 0.0949601680 0.7068342566 0.7009763718 -0.9946985245 0.0952875093 0.0386664383 -0.0394635275 -0.7009319663 0.7121355534
108.1 -14.3 2139.6 -0.0908151492 0.7130531669 0.6952034235 -0.9493874907 0.1487910748 -0.2766308188 -0.3006925285 -0.6851397157 0.6634512544
-160.5 -122.3 2175.4 0.8989043832 0.0046047624 -0.4381206334 -0.0125035727 0.9998071194 -0.0151456967 0.4379663765 0.0190926064 0.8987885714
-162.3 -513.9 2167.9 0.8966895938 0.0689121932 -0.4372629523 -0.0582391471 0.9975872040 0.0377884321 0.4388120174 -0.0084186718 0.8985394239
20.2 -127.1 2179.5 0.9294567108 -0.0291657615 0.3677765727 0.0474808253 0.9980365634 -0.0408478342 -0.3658631146 0.0554286279 0.9290165901
31.6 -518.0 2157.8 0.9304627180 0.0203551780 0.3658206761 -0.0257575940 0.9996192455 0.0098929731 -0.3654800057 -0.0186277032 0.9306327701
-256.6 -257.4 2064.4 0 0 0 0 0 0 0 0 0
82.5 -281.7 2054.9 0 0 0 0 0 0 0 0 0
-188.3 -889.5 2171.1 0 0 0 0 0 0 0 0 0
23.9 -894.4 2164.8 0 0 0 0 0 0 0 0 0
-54.4 470.3 2131.6 7 0.9977988005 0.0370192304 -0.0550197400 -0.0326850750 0.9964417815 0.0776881352 0.0576999225 -0.0757188052 0.9954583645
-62.0 265.8 2147.1 0.9977988005 0.0370192304 -0.0550197400 -0.0326850750 0.9964417815 0.0776881352 0.0576999225 -0.0757188052 0.9954583645
-68.5 70.6 2160.8 0.9979136586 0.0334370993 -0.0552291423 -0.0294343345 0.9969872832 0.0717634931 0.0574623123 -0.0699881390 0.9958914518
-204.1 270.0 2139.0 0.1590971798 -0.8491320014 -0.5036496520 0.9867746234 0.1207263246 0.1081713811 -0.0310480092 -0.5141984224 0.8571090698
-246.4 8.2 2147.2 0.0270752236 -0.8490149379 -0.5276746750 0.9552872181 0.1774565727 -0.2365068495 0.2944371998 -0.4976773858 0.8158578277
80.2 261.6 2155.3 0.0953463390 0.7205609083 0.6868049502 -0.9938904047 0.1074435860 0.0252533965 -0.0555961765 -0.6850166321 0.7264029384
106.6 -13.3 2139.9 -0.0759324878 0.7251785994 0.6843612194 -0.9506441355 0.1544328183 -0.2691212595 -0.3008488119 -0.6710190177 0.6776602864
-162.0 -122.1 2173.9 0.8898869157 0.0016153490 -0.4561783969 -0.0044421386 0.9999769926 -0.0051245061 0.4561596215 0.0065866383 0.8898736238
-162.6 -513.7 2171.3 0.8875235915 0.0658298805 -0.4560354352 -0.0654648468 0.9977164865 0.0166170560 0.4560879767 0.0151062608 0.8898064494
18.6 -126.6 2180.7 0.9368329644 -0.0329412781 0.3482224941 0.0481356494 0.9982249141 -0.0350702740 -0.3464491069 0.0496169068 0.9367556572
31.5 -517.6 2161.3 0.9375975728 0.0192080904 0.3471913934 -0.0176099017 0.9998148084 -0.0077580633 -0.3472761214 0.0011599349 0.9377622008
-253.9 -258.2 2065.1 0 0 0 0 0 0 0 0 0
85.2 -281.1 2055.2 0 0 0 0 0 0 0 0 0
-187.4 -889.4 2165.7 0 0 0 0 0 0 0 0 0
24.3 -894.1 2160.8 0 0 0 0 0 0 0 0 0
-53.8 470.7 2135.4 8 0.9978876114 0.0386873782 -0.0521881059 -0.0349193327 0.9968451858 0.0712760240 0.0547809452 -0.0693030879 0.9960904121
-61.7 267.3 2149.6 0.9978876114 0.0386873782 -0.0521881059 -0.0349193327 0.9968451858 0.0712760240 0.0547809452 -0.0693030879 0.9960904121
-68.6 72.0 2162.0 0.9980084896 0.0351099297 -0.0524053872 -0.0316526107 0.9973567128 0.0654045045 0.0545632094 -0.0636154860 0.9964817762
-204.0 271.9 2141.8 0.1625630260 -0.8496313691 -0.5016969442 0.9864956737 0.1296513230 0.1000840962 -0.0199889131 -0.5111918449 0.8592341542
-247.1 10.0 2147.1 0.0322856195 -0.8491530418 -0.5271591544 0.9541687369 0.1831915826 -0.2366491258 0.2975224555 -0.4953584373 0.8161497712
80.5 262.8 2157.4 0.0914936960 0.7188646197 0.6891027689 -0.9936878681 0.1110157669 0.0161236711 -0.0649105310 -0.6862282157 0.7244842649
105.9 -13.6 2139.3 -0.0682574809 0.7232112288 0.6872455478 -0.9518825412 0.1590768099 -0.2619431317 -0.2987650335 -0.6720566154 0.6775539517
-165.2 -122.0 2169.3 0.8910778165 -0.0068368167 -0.4537990391 0.0076415073 0.9999707937 -0.0000604651 0.4537861943 -0.0034138297 0.8911040425
-162.5 -513.7 2170.7 0.8889240026 0.0619496107 -0.4538461864 -0.0641176552 0.9978857636 0.0106267575 0.4535449743 0.0196531750 0.8910166621
15.2 -127.4 2179.7 0.9358310103 -0.0416106246 0.3499841988 0.0528093502 0.9983508587 -0.0225113630 -0.3484703004 0.0395492688 0.9364850521
31.5 -518.4 2164.2 0.9366752505 0.0177064668 0.3497512341 -0.0125337821 0.9997761250 -0.0170475990 -0.3499747813 0.0115843592 0.9366874695
-256.1 -256.2 2064.1 0 0 0 0 0 0 0 0 0
86.7 -281.8 2055.1 0 0 0 0 0 0 0 0 0
-185.8 -889.5 2163.3 0 0 0 0 0 0 0 0 0
24.8 -894.9 2159.9 0 0 0 0 0 0 0 0 0
-53.9 470.7 2136.4 9 0.9977940917 0.0405082852 -0.0525925681 -0.0367361382 0.9968131185 0.0708101243 0.0552933551 -0.0687218830 0.9961023927
-62.1 267.7 2150.4 0.9977940917 0.0405082852 -0.0525925681 -0.0367361382 0.9968131185 0.0708101243 0.0552933551 -0.0687218830 0.9961023927
-69.1 72.3 2162.6 0.9979606271 0.0358257927 -0.0528307930 -0.0323860459 0.9973864555 0.0645866022 0.0550065823 -0.0627439097 0.9965126514
-204.3 272.3 2142.5 0.1618422568 -0.8493419290 -0.5024195313 0.9866675138 0.1304231286 0.0973502249 -0.0171564985 -0.5114763975 0.8591260314
-247.0 12.0 2147.0 0.0401536264 -0.8484898806 -0.5276860595 0.9535694122 0.1903010160 -0.2334327847 0.2984845638 -0.4938121140 0.8167353272
80.1 263.1 2158.2 0.0886409506 0.7194425464 0.6888724566 -0.9939291477 0.1091391072 0.0139118712 -0.0651741326 -0.6859235168 0.7247490883
104.6 -11.7 2140.2 -0.0690208226 0.7238038778 0.6865450144 -0.9524115324 0.1570016444 -0.2612714767 -0.2968980074 -0.6719065309 0.6785227656
-165.7 -120.5 2169.6 0.8908265829 -0.0086794328 -0.4542605579 0.0122995274 0.9999117851 0.0050149173 0.4541769624 -0.0100546125 0.8908547759
-162.3 -512.1 2173.5 0.8887740970 0.0614354238 -0.4542095065 -0.0690421909 0.9976137280 -0.0001631245 0.4531156421 0.0315046012 0.8908948898
14.7 -126.2 2179.4 0.9358171225 -0.0447143801 0.3496383131 0.0574597046 0.9980050325 -0.0261601787 -0.3477710485 0.0445712544 0.9365194440
32.3 -517.1 2162.0 0.9369156361 0.0270866603 0.3485045731 -0.0277993381 0.9996091723 -0.0029567457 -0.3484484255 -0.0069179749 0.9373024106
-258.2 -254.0 2063.8 0 0 0 0 0 0 0 0 0
85.2 -280.0 2056.5 0 0 0 0 0 0 0 0 0
-185.4 -887.8 2161.6 0 0 0 0 0 0 0 0 0
22.1 -893.5 2164.6 0 0 0 0 0 0 0 0 0
-54.0 467.9 2136.8 0 0.9982109070 0.0396214835 -0.0447784550 -0.0365889780 0.9971070290 0.0666244999 0.0472886749 -0.0648669079 0.9967728257
-62.0 265.1 2150.0 0.9982109070 0.0396214835 -0.0447784550 -0.0365889780 0.9971070290 0.0666244999 0.0472886749 -0.0648669079 0.9967728257
-68.7 69.7 2161.6 0.9984002709 0.0342370346 -0.0449970737 -0.0314749926 0.9976584315 0.0607200377 0.0469705872 -0.0592066161 0.9971401095
-204.3 269.5 2143.3 0.1621322781 -0.8532842398 -0.4955997765 0.9866630435 0.1328231245 0.0940961838 -0.0144636827 -0.5042459965 0.8634389043
-246.9 10.5 2147.1 0.0485144034 -0.8519340158 -0.5213969350 0.9532235861 0.1954151243 -0.2306030393 0.2983474135 -0.4858202934 0.8215640187
80.3 260.6 2156.7 0.0885821879 0.7144899368 0.6940153241 -0.9942484498 0.1055303067 0.0182594787 -0.0601934344 -0.6916411519 0.7197286487
104.4 -10.7 2140.3 -0.0622787178 0.7194786668 0.6917166114 -0.9531818628 0.1626096666 -0.2549557388 -0.2959150076 -0.6752099991 0.6756668687
-166.3 -120.1 2170.0 0.8943600655 -0.0089845387 -0.4472576380 0.0143579422 0.9998596907 0.0086256592 0.4471173882 -0.0141361440 0.8943635821
-162.8 -511.7 2175.5 0.8927549720 0.0571197979 -0.4469070733 -0.0716591179 0.9973059297 -0.0156813841 0.4448073506 0.0460246019 0.8944429159
14.1 -125.9 2179.9 0.9330088496 -0.0447734743 0.3570571244 0.0588999167 0.9978488684 -0.0287824720 -0.3550003469 0.0478849374 0.9336389899
31.6 -516.8 2161.1 0.9343512058 0.0206598956 0.3557541370 -0.0211571082 0.9997730255 -0.0024933999 -0.3557249010 -0.0051970175 0.9345762730
-260.4 -255.4 2063.9 0 0 0 0 0 0 0 0 0
86.9 -279.2 2056.9 0 0 0 0 0 0 0 0 0
-184.3 -887.3 2158.2 0 0 0 0 0 0 0 0 0
23.8 -893.3 2163.1 0 0 0 0 0 0 0 0 0
-53.6 466.4 2136.5 1 0.9981271029 0.0409167558 -0.0454763100 -0.0379381739 0.9971939921 0.0645352080 0.0479892753 -0.0626890510 0.9968786836
-61.9 263.5 2149.3 0.9981271029 0.0409167558 -0.0454763100 -0.0379381739 0.9971939921 0.0645352080 0.0479892753 -0.0626890510 0.9968786836
-68.6 68.1 2160.5 0.9983702302 0.0341919661 -0.0456926562 -0.0314809382 0.9977739453 0.0587888844 0.0476010479 -0.0572546236 0.9972241521
-204.2 268.0 2142.5 0.1656446755 -0.8529574275 -0.4950005114 0.9860057831 0.1336586028 0.0996393040 -0.0188270006 -0.5045781136 0.8631607890
-247.7 9.2 2147.5 0.0399674810 -0.8520870805 -0.5218718052 0.9523776174 0.1904950738 -0.2380934805 0.3022903800 -0.4875030220 0.8191223145
80.4 259.1 2156.1 0.0881081149 0.7150442004 0.6935046911 -0.9942226410 0.1059752926 0.0170468409 -0.0613051169 -0.6909999847 0.7202504277
104.5 -12.9 2139.3 -0.0580731817 0.7205931544 0.6909218431 -0.9510776997 0.1704315394 -0.2576903999 -0.3034448028 -0.6720852256 0.6754425764
-165.7 -122.9 2169.0 0.8940051198 -0.0070763947 -0.4480008483 0.0190089829 0.9995740652 0.0221444834 0.4476532936 -0.0283133220 0.8937588334
-162.9 -514.4 2180.0 0.8924550414 0.0603764243 -0.4470779598 -0.0815050676 0.9962751269 -0.0281563457 0.4437126815 0.0615673922 0.8940517306
14.8 -128.6 2177.4 0.9334279895 -0.0427178405 0.3562125862 0.0555958673 0.9981150627 -0.0259884633 -0.3544310033 0.0440623090 0.9340434670
31.5 -519.6 2160.2 0.9348517060 0.0231598057 0.3542822599 -0.0296270344 0.9994785190 0.0128404787 -0.3538001180 -0.0225002766 0.9350503683
-258.8 -256.4 2063.1 0 0 0 0 0 0 0 0 0
88.1 -280.9 2053.8 0 0 0 0 0 0 0 0 0
-185.6 -889.6 2156.9 0 0 0 0 0 0 0 0 0
22.8 -895.9 2168.7 0 0 0 0 0 0 0 0 0
-54.0 468.5 2136.9 2 0.9982191920 0.0398227982 -0.0444144681 -0.0367666334 0.9970331788 0.0676241517 0.0469756834 -0.0658707470 0.9967218041
-62.1 265.8 2150.3 0.9982191920 0.0398227982 -0.0444144681 -0.0367666334 0.9970331788 0.0676241517 0.0469756834 -0.0658707470 0.9967218041
-68.8 70.4 2162.1 0.9984216690 0.0340833515 -0.0446376652 -0.0313015990 0.9976099730 0.0616003610 0.0466305241 -0.0601059012 0.9971022606
-204.4 270.3 2143.7 0.1633478254 -0.8532239795 -0.4953042567 0.9864610434 0.1338424534 0.0947673619 -0.0145650534 -0.5040783882 0.8635351062
-247.6 9.8 2147.5 0.0378299318 -0.8524755239 -0.5213965178 0.9514698386 0.1901949197 -0.2419319600 0.3054080606 -0.4869408011 0.8182998300
80.2 261.4 2156.9 0.0904618278 0.7137851119 0.6944980025 -0.9938099384 0.1098550782 0.0165428109 -0.0644861236 -0.6916955113 0.7193043828
105.2 -13.3 2139.1 -0.0535715148 0.7191139460 0.6928241253 -0.9508728385 0.1751210243 -0.2552908659 -0.3049112856 -0.6724639535 0.6744044423
-165.6 -124.5 2167.4 0.8945434093 -0.0076960260 -0.4469148517 0.0115827788 0.9999151230 0.0059651746 0.4468310177 -0.0105126239 0.8945565820
-162.6 -516.1 2171.5 0.8924680352 0.0610979497 -0.4469540119 -0.0622282177 0.9979877472 0.0121675041 0.4467980266 0.0169540420 0.8944742084
14.9 -130.2 2176.0 0.9329664707 -0.0425933115 0.3574344814 0.0565649681 0.9979857206 -0.0287205093 -0.3554912210 0.0470135398 0.9334964752
31.6 -521.1 2157.6 0.9346792698 0.0288681835 0.3543181121 -0.0421818495 0.9986622334 0.0299079679 -0.3529807031 -0.0429001525 0.9346465468
-258.1 -255.6 2062.3 0 0 0 0 0 0 0 0 0
90.1 -281.2 2053.2 0 0 0 0 0 0 0 0 0
-185.5 -891.6 2165.2 0 0 0 0 0 0 0 0 0
20.7 -897.1 2173.8 0 0 0 0 0 0 0 0 0
-53.8 467.8 2130.6 3 0.9980945587 0.0422653742 -0.0449543893 -0.0384112522 0.9957763553 0.0833911300 0.0482890718 -0.0815054849 0.9955024123
-62.5 262.8 2147.4 0.9980945587 0.0422653742 -0.0449543893 -0.0384112522 0.9957763553 0.0833911300 0.0482890718 -0.0815054849 0.9955024123
-69.6 67.7 2161.9 0.9983187318 0.0362243503 -0.0452497937 -0.0327213109 0.9965789318 0.0758926794 0.0478441529 -0.0742844492 0.9960887432
-204.8 267.5 2140.6 0.1643903702 -0.8525533080 -0.4961135089 0.9860384464 0.1285045445 0.1058996469 -0.0265322570 -0.5065959096 0.8617752790
-247.6 10.4 2147.5 0.0409117825 -0.8516932726 -0.5224412084 0.9527837038 0.1907109469 -0.2362890691 0.3008810580 -0.4881064892 0.8192818165
79.8 258.2 2154.2 0.0913636014 0.7140790224 0.6940777302 -0.9943321943 0.1034721360 0.0244331285 -0.0543705188 -0.6923761368 0.7194853425
104.6 -11.3 2139.5 -0.0434381142 0.7196689844 0.6929572225 -0.9529491067 0.1784349978 -0.2450489551 -0.3000019491 -0.6709974408 0.6780570149
-165.7 -122.1 2169.6 0.8942607045 -0.0103849480 -0.4474259615 0.0126293087 0.9999181628 0.0020334006 0.4473682344 -0.0074690706 0.8943186402
-161.7 -513.8 2172.6 0.8914961219 0.0707818046 -0.4474646449 -0.0760939866 0.9970818758 0.0061183772 0.4465919733 0.0285948589 0.8942806721
14.8 -127.8 2178.1 0.9331493378 -0.0409508608 0.3571488559 0.0543979257 0.9981355071 -0.0276827980 -0.3553493321 0.0452603437 0.9336371422
30.8 -518.8 2160.3 0.9347082973 0.0144486986 0.3551219404 -0.0208167359 0.9996836185 0.0141175417 -0.3548056185 -0.0205882639 0.9347133636
-259.0 -255.4 2063.5 0 0 0 0 0 0 0 0 0
92.3 -279.8 2054.9 0 0 0 0 0 0 0 0 0
-188.3 -889.1 2161.8 0 0 0 0 0 0 0 0 0
25.4 -895.1 2168.1 0 0 0 0 0 0 0 0 0
-53.5 467.8 2128.4 4 0.9980504513 0.0424036346 -0.0457950346 -0.0382545218 0.9953891039 0.0879609436 0.0493137427 -0.0860375986 0.9950706959
-62.2 264.2 2146.0 0.9980504513 0.0424036346 -0.0457950346 -0.0382545218 0.9953891039 0.0879609436 0.0493137427 -0.0860375986 0.9950706959
-69.3 69.1 2161.5 0.9982765913 0.0363325290 -0.0460841805 -0.0325344019 0.9962115884 0.0806470737 0.0488397069 -0.0790087655 0.9956768155
-204.5 268.8 2139.1 0.1626291573 -0.8523813486 -0.4969886839 0.9861973524 0.1245514527 0.1090952381 -0.0310900845 -0.5078709722 0.8608719110
-247.4 8.5 2147.3 0.0377121419 -0.8517527580 -0.5225849152 0.9529691339 0.1880255789 -0.2376892120 0.3007117808 -0.4890435636 0.8187849522
80.1 259.6 2153.0 0.0890396014 0.7145912051 0.6938526034 -0.9946091175 0.1009610966 0.0236558747 -0.0531478375 -0.6922183633 0.7197284102
104.7 -14.9 2138.3 -0.0454507284 0.7204012275 0.6920666695 -0.9529856443 0.1764956266 -0.2463079989 -0.2995873392 -0.6707245111 0.6785101891
-166.9 -124.5 2172.1 0.8938778639 -0.0140643138 -0.4480898678 0.0152800903 0.9998828173 -0.0009018980 0.4480500817 -0.0060406672 0.8939880729
