47.7 459.3 2098.0  0.9940231442 0.0544058681 0.0946466401 -0.0525816791 0.9983816147 -0.0216638688 -0.0956721082 0.0165577084 0.9952751994
37.0 261.7 2094.7 0.9940231442 0.0544058681 0.0946466401 -0.0525816791 0.9983816147 -0.0216638688 -0.0956721082 0.0165577084 0.9952751994
26.3 67.9 2090.8 0.9940181375 0.0548322313 0.0944532901 -0.0526737310 0.9982938170 -0.0251979791 -0.0956737921 0.0200720411 0.9952103496
-98.8 268.9 2107.8 0.2377035767 -0.6912842393 -0.6823658347 0.9712504745 0.1597365737 0.1765128523 -0.0130217643 -0.7047058344 0.7093800902
-162.8 7.6 2111.3 -0.0613134578 -0.6922199130 -0.7190773487 0.9531403184 0.1732245386 -0.2480258942 0.2962503135 -0.7005889416 0.6491616964
172.8 254.5 2081.7 0.1805417538 0.6960228682 0.6949509382 -0.9817864895 0.0850302577 0.1698975414 0.0591607168 -0.7129670382 0.6986973882
222.4 -15.3 2097.9 -0.1209525242 0.6993344426 0.7044869065 -0.9558414221 0.1094389334 -0.2727458179 -0.2678388357 -0.7063670754 0.6552159190
-73.7 -123.1 2096.9 0.9972919226 -0.0684042498 0.0270123705 0.0689550936 0.9974189401 -0.0200153235 -0.0255735163 0.0218237601 0.9994347095
-47.1 -510.4 2088.5 0.9926449060 0.1206220910 0.0103144469 -0.1200386584 0.9696169496 0.2131518722 0.0157097615 -0.2128222585 0.9769646525
104.3 -132.8 2079.0 0.9992489815 0.0368696488 0.0119213294 -0.0372466743 0.9987569451 0.0331241600 -0.0106852353 -0.0335433111 0.9993801713
90.0 -520.4 2092.1 0.9917972088 -0.1269584745 0.0148252025 0.1245055422 0.9857964516 0.1127108335 -0.0289242286 -0.1099404693 0.9935172200
-145.7 -258.5 2028.6 0 0 0 0 0 0 0 0 0
189.2 -277.3 2024.5 0 0 0 0 0 0 0 0 0
-92.2 -872.3 2167.9 0 0 0 0 0 0 0 0 0
137.4 -888.0 2133.0 0 0 0 0 0 0 0 0 0
46.8 457.5 2093.0  0.9943941832 0.0530532300 0.0914633945 -0.0524072833 0.9985810518 -0.0094513446 -0.0918350369 0.0046050143 0.9957635999
36.3 259.8 2092.1 0.9943941832 0.0530532300 0.0914633945 -0.0524072833 0.9985810518 -0.0094513446 -0.0918350369 0.0046050143 0.9957635999
25.9 66.0 2090.3 0.9943839312 0.0536612645 0.0912197530 -0.0525990427 0.9985173941 -0.0140108308 -0.0918363556 0.0091340737 0.9957322478
-99.6 267.0 2104.6 0.2433557510 -0.6881284118 -0.6835621595 0.9696419835 0.1552144587 0.1889520586 -0.0239245370 -0.7087931633 0.7050105333
-164.3 9.0 2111.0 -0.0652416795 -0.6893301010 -0.7215036154 0.9529927373 0.1713529676 -0.2498859316 0.2958857119 -0.7038907409 0.6457472444
172.1 252.7 2079.5 0.1834695786 0.6975619197 0.6926372051 -0.9807183146 0.0816411003 0.1775565147 0.0673089921 -0.7118582129 0.6990903616
221.7 -12.2 2097.7 -0.1082011536 0.7013586760 0.7045484185 -0.9593273997 0.1122139171 -0.2590347528 -0.2607364357 -0.7039204836 0.6606909037
-73.4 -121.2 2095.5 0.9974979758 -0.0662784502 0.0245968457 0.0668029636 0.9975419641 -0.0211525448 -0.0231344290 0.0227427632 0.9994736314
-47.6 -508.4 2086.7 0.9941431284 0.1078741923 0.0065286364 -0.1063053906 0.9652332664 0.2387967557 0.0194583479 -0.2380921692 0.9710476398
104.7 -130.6 2078.4 0.9991722107 0.0398338176 0.0082531935 -0.0400983505 0.9985879660 0.0348460749 -0.0068534873 -0.0351481698 0.9993585944
89.3 -518.2 2092.0 0.9911751151 -0.1320886612 0.0111582093 0.1301260740 0.9855828881 0.1081367061 -0.0252809729 -0.1057304367 0.9940733910
-146.1 -257.1 2028.4 0 0 0 0 0 0 0 0 0
192.0 -275.2 2026.2 0 0 0 0 0 0 0 0 0
-87.9 -868.6 2175.5 0 0 0 0 0 0 0 0 0
138.6 -885.9 2131.5 0 0 0 0 0 0 0 0 0
48.0 456.8 2091.0  0.9939962029 0.0562520735 0.0938467011 -0.0558808483 0.9984157681 -0.0065809987 -0.0940682217 0.0012972545 0.9955649376
36.9 259.2 2090.7 0.9939962029 0.0562520735 0.0938467011 -0.0558808483 0.9984157681 -0.0065809987 -0.0940682217 0.0012972545 0.9955649376
25.6 65.4 2089.4 0.9939272404 0.0579780862 0.0935260952 -0.0570862703 0.9982948899 -0.0121851303 -0.0940730944 0.0067720772 0.9955422878
-98.9 267.0 2103.6 0.2414818853 -0.6910874844 -0.6812375188 0.9698837399 0.1488678902 0.1927794814 -0.0318130963 -0.7072739601 0.7062234282
-163.6 7.2 2112.1 -0.0581314936 -0.6931496263 -0.7184457779 0.9522428513 0.1775898188 -0.2483856231 0.2997570634 -0.6985738873 0.6497231722
172.7 251.4 2077.9 0.1838730127 0.6964393258 0.6936591268 -0.9800602198 0.0758221447 0.1836652905 0.0753170028 -0.7135988474 0.6964941025
222.6 -14.6 2098.3 -0.1110055819 0.7009320259 0.7045367956 -0.9589067101 0.1107121110 -0.2612293065 -0.2611047328 -0.7045829892 0.6598387361
-73.7 -123.1 2096.8 0.9978614450 -0.0597959831 0.0263995212 0.0601062067 0.9981300831 -0.0111174956 -0.0256853737 0.0126804952 0.9995896220
-50.4 -510.6 2091.8 0.9950415492 0.0985697582 0.0132769933 -0.0992401466 0.9750877619 0.1983815730 0.0066081905 -0.1987155229 0.9800349474
104.5 -132.5 2080.3 0.9992600679 0.0370323397 0.0103863664 -0.0373044275 0.9989294410 0.0273560975 -0.0093621863 -0.0277233124 0.9995718002
90.2 -520.3 2091.1 0.9918138981 -0.1269501150 0.0137443729 0.1244371086 0.9850649834 0.1190057024 -0.0286468882 -0.1163211986 0.9927984476
-147.4 -258.7 2028.4 0 0 0 0 0 0 0 0 0
192.2 -277.5 2026.7 0 0 0 0 0 0 0 0 0
-87.2 -874.2 2165.9 0 0 0 0 0 0 0 0 0
137.5 -887.9 2134.5 0 0 0 0 0 0 0 0 0
46.6 457.5 2096.0  0.9949486852 0.0566272102 0.0828880221 -0.0550558120 0.9982597828 -0.0211243387 -0.0839399919 0.0164541658 0.9963349700
35.3 259.2 2092.7 0.9949486852 0.0566272102 0.0828880221 -0.0550558120 0.9982597828 -0.0211243387 -0.0839399919 0.0164541658 0.9963349700
23.9 65.4 2089.1 0.9948370457 0.0587321632 0.0827636421 -0.0569885261 0.9981034398 -0.0232768748 -0.0839737728 0.0184401181 0.9962972999
-100.6 267.0 2104.2 0.2380388528 -0.6854056120 -0.6881545782 0.9709013104 0.1487835050 0.1876543462 -0.0262332931 -0.7127991915 0.7008774281
-164.7 5.5 2111.2 -0.0758338794 -0.6876320243 -0.7220882773 0.9484562874 0.1737283915 -0.2650456131 0.3077010512 -0.7049685717 0.6390143633
171.2 251.4 2081.2 0.1795141846 0.7035069466 0.6876428127 -0.9820170403 0.0866121501 0.1677524149 0.0584567785 -0.7053908706 0.7064039111
219.9 -14.7 2097.1 -0.1066839620 0.7065180540 0.6996076107 -0.9594138861 0.1115827933 -0.2589870691 -0.2610432208 -0.6988430023 0.6659391522
-74.7 -123.2 2096.5 0.9975603223 -0.0681794658 0.0150001710 0.0683733225 0.9975774884 -0.0128139006 -0.0140901888 0.0138082504 0.9998053908
-48.2 -510.5 2091.2 0.9919966459 0.1262633204 0.0005119811 -0.1239467487 0.9730070233 0.1946651936 0.0240809117 -0.1931706816 0.9808695912
103.4 -133.4 2079.7 0.9994584322 0.0329052508 0.0003346377 -0.0328955837 0.9987943172 0.0364387557 0.0008647921 -0.0364300311 0.9993358254
90.6 -521.2 2093.8 0.9922626019 -0.1241325811 0.0024586320 0.1232539639 0.9872369170 0.1008548886 -0.0149466302 -0.0997714996 0.9948980808
-143.5 -259.3 2025.3 0 0 0 0 0 0 0 0 0
190.6 -277.7 2025.5 0 0 0 0 0 0 0 0 0
-95.3 -873.4 2163.2 0 0 0 0 0 0 0 0 0
137.0 -889.6 2131.0 0 0 0 0 0 0 0 0 0
47.4 458.0 2098.5  0.9947576523 0.0576207191 0.0844808295 -0.0554392003 0.9980708957 -0.0279470701 -0.0859281868 0.0231170133 0.9960331321
36.0 260.0 2093.9 0.9947576523 0.0576207191 0.0844808295 -0.0554392003 0.9980708957 -0.0279470701 -0.0859281868 0.0231170133 0.9960331321
24.8 66.3 2089.0 0.9947440028 0.0580453798 0.0843511224 -0.0556753092 0.9979925156 -0.0301854480 -0.0859339163 0.0253305174 0.9959787726
-99.9 267.6 2105.6 0.2388399839 -0.6867947578 -0.6864898801 0.9708020091 0.1526159793 0.1850726008 -0.0223375726 -0.7106484771 0.7031925321
-164.8 3.9 2111.7 -0.0860647634 -0.6889527440 -0.7196783423 0.9440957904 0.1743413210 -0.2798004150 0.3182389438 -0.7035262585 0.6354327202
171.9 252.4 2082.1 0.1777850091 0.7031827569 0.6884231567 -0.9825033545 0.0873863623 0.1644711941 0.0554945134 -0.7056186199 0.7064154148
220.3 -14.7 2097.2 -0.1116849780 0.7061481476 0.6992003918 -0.9578063488 0.1110135838 -0.2651094198 -0.2648272812 -0.6993073225 0.6639546156
-76.6 -123.2 2093.1 0.9969581366 -0.0764271170 0.0152770150 0.0764638111 0.9970706701 -0.0018316173 -0.0150922788 0.0029941846 0.9998816252
-46.9 -510.2 2091.9 0.9923135638 0.1237485781 0.0002781280 -0.1215432584 0.9742022157 0.1901505738 0.0232599098 -0.1887227893 0.9817548990
101.7 -133.4 2078.0 0.9996660352 0.0257243887 0.0024697415 -0.0258153379 0.9984323382 0.0496628210 -0.0011883242 -0.0497099906 0.9987629652
91.7 -521.0 2097.3 0.9926778674 -0.1207580641 0.0028564471 0.1203223169 0.9906257391 0.0646771342 -0.0106399553 -0.0638598651 0.9979021549
-140.7 -259.6 2022.9 0 0 0 0 0 0 0 0 0
189.7 -277.3 2024.6 0 0 0 0 0 0 0 0 0
-93.1 -873.8 2162.3 0 0 0 0 0 0 0 0 0
136.7 -890.5 2121.1 0 0 0 0 0 0 0 0 0
47.9 457.7 2099.2  0.9952398539 0.0579635650 0.0783447921 -0.0558485091 0.9980201721 -0.0289252829 -0.0798662975 0.0244121533 0.9965066314
36.5 260.1 2094.4 0.9952398539 0.0579635650 0.0783447921 -0.0558485091 0.9980201721 -0.0289252829 -0.0798662975 0.0244121533 0.9965066314
25.3 66.4 2089.1 0.9952684045 0.0576824285 0.0781893358 -0.0553555936 0.9979662895 -0.0316084474 -0.0798535720 0.0271306708 0.9964373112
-99.5 267.6 2105.3 0.2385034114 -0.6833697557 -0.6900158525 0.9708244801 0.1496161968 0.1873895377 -0.0248188004 -0.7145773172 0.6991160512
-163.8 6.1 2112.0 -0.0798479170 -0.6861875057 -0.7230290174 0.9448098540 0.1791104078 -0.2743242979 0.3177399337 -0.7050291896 0.6340151429
172.4 252.5 2083.5 0.1764713675 0.7070872784 0.6847521067 -0.9830119610 0.0909461603 0.1594249755 0.0504518040 -0.7012534142 0.7111246586
219.8 -11.2 2097.0 -0.1121854410 0.7093967199 0.6958237886 -0.9577046037 0.1095426157 -0.2660870254 -0.2649836242 -0.6962447166 0.6671034098
-75.6 -122.4 2091.8 0.9973067045 -0.0728120357 0.0088151703 0.0728118047 0.9973456264 0.0003475659 -0.0088170785 0.0002952187 0.9999610782
-47.4 -509.6 2091.6 0.9927167892 0.1203798428 -0.0046990453 -0.1174836680 0.9759925008 0.1834017634 0.0266641080 -0.1815139502 0.9830268025
102.6 -132.4 2076.4 0.9995700121 0.0290753841 -0.0037968499 -0.0288724173 0.9985436201 0.0455740392 0.0051164031 -0.0454448164 0.9989537597
91.3 -520.0 2094.0 0.9922021031 -0.1246142238 -0.0025003331 0.1243328154 0.9881571531 0.0899266377 -0.0087354165 -0.0895362720 0.9959452748
-141.5 -257.7 2023.3 0 0 0 0 0 0 0 0 0
189.0 -273.8 2024.4 0 0 0 0 0 0 0 0 0
-92.3 -873.8 2159.4 0 0 0 0 0 0 0 0 0
137.8 -888.6 2127.4 0 0 0 0 0 0 0 0 0
47.5 456.8 2100.1 0 0.9952978492 0.0545058846 0.0800703540 -0.0520778149 0.9981267452 -0.0321073458 -0.0816704035 0.0277864840 0.9962719679
36.7 259.4 2094.6 0.9952978492 0.0545058846 0.0800703540 -0.0520778149 0.9981267452 -0.0321073458 -0.0816704035 0.0277864840 0.9962719679
26.1 65.7 2088.7 0.9953184128 0.0543340780 0.0799315423 -0.0517008863 0.9980611801 -0.0346532725 -0.0816594288 0.0303585082 0.9961978197
-99.3 266.5 2105.8 0.2449820489 -0.6821774840 -0.6889250278 0.9694094658 0.1612602323 0.1850416511 -0.0151350414 -0.7131823301 0.7008152008
-164.9 6.8 2109.8 -0.0837743580 -0.6833738685 -0.7252461910 0.9460437298 0.1740798354 -0.2733083367 0.3130224943 -0.7090108395 0.6319181323
172.7 252.3 2083.4 0.1750095040 0.7066580057 0.6855699420 -0.9832862616 0.0899459347 0.1582966447 0.0501973517 -0.7018149495 0.7105885148
219.9 -13.2 2097.0 -0.1078986675 0.7090705633 0.6968333721 -0.9591850042 0.1100376770 -0.2604916096 -0.2613848746 -0.6964988112 0.6682569385
-75.1 -122.4 2091.0 0.9973152876 -0.0724591315 0.0105783232 0.0725109503 0.9973570108 -0.0045997188 -0.0102170734 0.0053544142 0.9999334812
-47.0 -509.6 2088.9 0.9931949973 0.1163796037 -0.0044090129 -0.1131890342 0.9734953642 0.1987334788 0.0274206772 -0.1968820542 0.9800436497
103.2 -132.3 2076.7 0.9993878603 0.0349232033 -0.0020814997 -0.0347761400 0.9981508255 0.0498552099 0.0038187543 -0.0497523025 0.9987542629
89.7 -519.8 2096.0 0.9914005995 -0.1308567822 -0.0011519884 0.1305618137 0.9884933829 0.0763831809 -0.0088565238 -0.0758767352 0.9970778823
-141.5 -257.4 2022.4 0 0 0 0 0 0 0 0 0
190.3 -276.2 2025.3 0 0 0 0 0 0 0 0 0
-90.4 -872.9 2162.4 0 0 0 0 0 0 0 0 0
138.5 -888.7 2124.3 0 0 0 0 0 0 0 0 0
47.6 456.7 2100.0 1 0.9948959351 0.0530687831 0.0858241692 -0.0503784157 0.9981776476 -0.0332166776 -0.0874305367 0.0287234504 0.9957564473
37.1 259.4 2094.4 0.9948959351 0.0530687831 0.0858241692 -0.0503784157 0.9981776476 -0.0332166776 -0.0874305367 0.0287234504 0.9957564473
27.0 65.6 2088.4 0.9949352741 0.0525011420 0.0857174024 -0.0496348739 0.9981456995 -0.0352356024 -0.0874083638 0.0308025684 0.9956962466
-98.8 266.2 2106.3 0.2484462559 -0.6846234798 -0.6852482557 0.9685920477 0.1681454778 0.1831843108 -0.0101908855 -0.7092374563 0.7048959732
-165.7 5.3 2109.0 -0.0885376632 -0.6849980950 -0.7231449485 0.9448400736 0.1720815599 -0.2786847651 0.3153384626 -0.7079304457 0.6319779754
173.1 252.6 2082.4 0.1732307225 0.7037835717 0.6889701486 -0.9833289981 0.0843334794 0.1610959172 0.0552734099 -0.7053910494 0.7066599727
220.0 -14.0 2097.4 -0.1033798307 0.7074674368 0.6991440654 -0.9591501355 0.1151877716 -0.2583850622 -0.2633318603 -0.6972959042 0.6666594148
-73.6 -123.4 2090.1 0.9974440336 -0.0696796104 0.0158143155 0.0696603730 0.9975692034 0.0017649364 -0.0158988554 -0.0006587942 0.9998733997
-46.5 -510.7 2090.4 0.9931642413 0.1167147011 0.0015529105 -0.1146355495 0.9727934003 0.2013247609 0.0219868980 -0.2001265734 0.9795233011
104.8 -132.7 2075.5 0.9991698861 0.0405757986 0.0036273955 -0.0407084115 0.9978585243 0.0511973165 -0.0015422555 -0.0513024814 0.9986819625
89.0 -520.1 2095.4 0.9910936356 -0.1330835670 0.0047057020 0.1323198676 0.9881546497 0.0777289793 -0.0149944117 -0.0764140412 0.9969634414
-141.0 -258.5 2021.0 0 0 0 0 0 0 0 0 0
191.7 -277.0 2025.2 0 0 0 0 0 0 0 0 0
-90.1 -873.8 2165.1 0 0 0 0 0 0 0 0 0
138.7 -888.9 2123.9 0 0 0 0 0 0 0 0 0
46.5 457.4 2101.5 2 0.9945968390 0.0489409715 0.0915527493 -0.0455818251 0.9982211590 -0.0384300090 -0.0932706967 0.0340492241 0.9950584173
36.8 260.0 2094.8 0.9945968390 0.0489409715 0.0915527493 -0.0455818251 0.9982211590 -0.0384300090 -0.0932706967 0.0340492241 0.9950584173
27.1 66.2 2088.1 0.9945523143 0.0498649552 0.0915379301 -0.0464816056 0.9981680512 -0.0387294702 -0.0933014825 0.0342636555 0.9950481653
-99.1 266.3 2107.5 0.2437814772 -0.6885481477 -0.6829875708 0.9698270559 0.1712853611 0.1734843403 -0.0024665399 -0.7046720982 0.7095288038
-164.5 5.8 2108.2 -0.0929144248 -0.6883322001 -0.7194203734 0.9438982010 0.1690731496 -0.2836731672 0.3168960512 -0.7054169178 0.6340062022
172.7 253.6 2082.0 0.1717271805 0.7004808784 0.6927022338 -0.9836578965 0.0833066478 0.1596156061 0.0541009828 -0.7087923288 0.7033395171
219.1 -12.1 2096.6 -0.0946495011 0.7045403123 0.7033238411 -0.9610737562 0.1195469871 -0.2490898371 -0.2595740855 -0.6995223165 0.6658001542
-72.4 -123.7 2090.2 0.9976236224 -0.0655835569 0.0211165864 0.0655046701 0.9978425503 0.0044066682 -0.0213600341 -0.0030129610 0.9997673035
-46.9 -511.1 2091.4 0.9926482439 0.1207515150 0.0082792612 -0.1200589463 0.9736672044 0.1937990338 0.0153402817 -0.1933682561 0.9810063243
105.9 -132.6 2074.6 0.9991065860 0.0411747470 0.0095220618 -0.0416378751 0.9976155162 0.0550412387 -0.0072330479 -0.0553885438 0.9984386563
89.9 -519.9 2096.1 0.9918062091 -0.1272910684 0.0108367447 0.1258809716 0.9882245064 0.0869846791 -0.0217815097 -0.0849078074 0.9961507320
-138.6 -257.8 2019.7 0 0 0 0 0 0 0 0 0
193.1 -275.6 2025.5 0 0 0 0 0 0 0 0 0
-92.0 -874.5 2163.6 0 0 0 0 0 0 0 0 0
137.4 -888.8 2127.8 0 0 0 0 0 0 0 0 0
46.2 456.8 2101.2 3 0.9957457781 0.0459082685 0.0798920691 -0.0428250954 0.9982860684 -0.0398872346 -0.0815862939 0.0362961590 0.9960051775
37.1 259.3 2094.1 0.9957457781 0.0459082685 0.0798920691 -0.0428250954 0.9982860684 -0.0398872346 -0.0815862939 0.0362961590 0.9960051775
27.9 65.5 2086.8 0.9956901670 0.0471979529 0.0798337907 -0.0440178141 0.9981834292 -0.0411368459 -0.0816303492 0.0374454446 0.9959589839
-98.9 265.3 2105.2 0.2432037592 -0.6820960045 -0.6896353960 0.9699445963 0.1653685719 0.1784956902 -0.0077071781 -0.7123189569 0.7018135786
-163.8 6.5 2107.3 -0.0964774713 -0.6824757457 -0.7245129347 0.9435449243 0.1690331697 -0.2848698199 0.3168834448 -0.7110940218 0.6276385784
173.1 253.3 2082.9 0.1872693896 0.7073560953 0.6815992594 -0.9805994034 0.0937022939 0.1721764952 0.0579226725 -0.7006191611 0.7111805081
223.2 -9.0 2098.4 -0.1062053367 0.7094330788 0.6967245340 -0.9592567086 0.1113935411 -0.2596498728 -0.2618148327 -0.6959139109 0.6686978936
-71.6 -123.4 2089.8 0.9980815649 -0.0611916892 0.0094228461 0.0612002835 0.9981253147 -0.0006264255 -0.0093668494 0.0012019046 0.9999554157
-47.9 -510.9 2089.4 0.9945618510 0.1040748060 -0.0038900992 -0.1008636504 0.9718362093 0.2129810899 0.0259465035 -0.2114304900 0.9770485759
106.6 -131.7 2073.1 0.9988934994 0.0469829664 -0.0020887910 -0.0467719175 0.9970858693 0.0602677651 0.0049142623 -0.0601033792 0.9981800318
88.3 -518.8 2096.4 0.9916543961 -0.1289178580 -0.0013050255 0.1286358535 0.9887068868 0.0768865123 -0.0086217579 -0.0764127225 0.9970390201
-136.9 -256.9 2018.8 0 0 0 0 0 0 0 0 0
194.1 -272.0 2026.6 0 0 0 0 0 0 0 0 0
-86.7 -873.6 2168.3 0 0 0 0 0 0 0 0 0
136.4 -887.9 2125.0 0 0 0 0 0 0 0 0 0
47.1 457.9 2101.1 4 0.9962600470 0.0466218144 0.0727485642 -0.0437678620 0.9982267618 -0.0403441042 -0.0745004863 0.0370091721 0.9965339899
37.8 260.2 2093.8 0.9962600470 0.0466218144 0.0727485642 -0.0437678620 0.9982267618 -0.0403441042 -0.0745004863 0.0370091721 0.9965339899
28.4 66.5 2086.2 0.9961820245 0.0484245233 0.0726391599 -0.0454063639 0.9980580807 -0.0426420793 -0.0745630190 0.0391809903 0.9964463115
-98.3 266.4 2104.0 0.2480268925 -0.6768313050 -0.6930959821 0.9687156677 0.1669886261 0.1835884303 -0.0085192574 -0.7169477940 0.6970747709
-165.7 3.1 2106.3 -0.1071948707 -0.6769361496 -0.7281941175 0.9407626390 0.1679058224 -0.2945731580 0.3216752708 -0.7166345716 0.6188375950
173.9 254.0 2083.6 0.1744073778 0.7130375504 0.6790872216 -0.9833691716 0.0906407014 0.1573827565 0.0506668724 -0.6952421665 0.7169875503
220.7 -9.4 2097.2 -0.0884251595 0.7160575986 0.6924178600 -0.9616069198 0.1199374571 -0.2468341589 -0.2597943246 -0.6876601577 0.6779605150
-70.4 -124.3 2086.8 0.9982098341 -0.0597896092 0.0015259825 0.0597708859 0.9981592894 0.0102688400 -0.0021371436 -0.0101592485 0.9999461174
-47.2 -511.8 2090.8 0.9939299226 0.1095599681 -0.0099988226 -0.1052987799 0.9737078547 0.2020030469 0.0318673775 -0.1997240037 0.9793338776
108.0 -132.2 2072.2 0.9988657832 0.0467096567 -0.0092412289 -0.0461109392 0.9973156452 0.0568791255 0.0118732266 -0.0563884899 0.9983382821
89.9 -519.4 2094.1 0.9923781157 -0.1230267808 -0.0070778872 0.1231001243 0.9870555401 0.1027991623 -0.0056607821 -0.1028869301 0.9946769476
-135.7 -259.6 2016.5 0 0 0 0 0 0 0 0 0
196.4 -273.0 2025.9 0 0 0 0 0 0 0 0 0
-88.1 -875.2 2165.3 0 0 0 0 0 0 0 0 0
135.8 -887.7 2132.5 0 0 0 0 0 0 0 0 0
47.8 457.0 2101.5 5 0.9965254664 0.0480044633 0.0680629611 -0.0451912135 0.9980828762 -0.0422879085 -0.0699624866 0.0390651301 0.9967843890
38.3 259.5 2093.8 0.9965254664 0.0480044633 0.0680629611 -0.0451912135 0.9980828762 -0.0422879085 -0.0699624866 0.0390651301 0.9967843890
28.7 65.8 2086.0 0.9964647293 0.0493229292 0.0680094808 -0.0464368239 0.9979786277 -0.0433847196 -0.0700118765 0.0400731973 0.9967409372
-97.9 265.9 2103.4 0.2480369508 -0.6742629409 -0.6955912113 0.9686904550 0.1646267325 0.1858409494 -0.0107927639 -0.7199079990 0.6939855814
-164.4 6.1 2106.3 -0.1083267480 -0.6748459339 -0.7299645543 0.9399204850 0.1696052849 -0.2962828279 0.3237510920 -0.7182040215 0.6159287095
174.4 253.2 2084.2 0.1828969717 0.7148724198 0.6749119163 -0.9818917513 0.0983508378 0.1619125754 0.0493686832 -0.6923037767 0.7199153900
222.8 -6.9 2097.3 -0.0956653431 0.7164207697 0.6910784245 -0.9615328312 0.1130827740 -0.2503336966 -0.2574933171 -0.6884428859 0.6780439615
-70.2 -123.2 2085.2 0.9984966516 -0.0547193624 -0.0032000977 0.0547541417 0.9984273314 0.0120366449 0.0025364275 -0.0121937683 0.9999224544
-49.0 -510.8 2090.0 0.9957491755 0.0911091715 -0.0135157621 -0.0865487158 0.9757397175 0.2011002153 0.0315099396 -0.1990756094 0.9794774055
108.3 -131.3 2071.9 0.9988348484 0.0462223254 -0.0138705214 -0.0454090722 0.9975014329 0.0541197509 0.0163374059 -0.0534268469 0.9984381199
90.4 -518.6 2092.6 0.9921280742 -0.1246840805 -0.0116494196 0.1252215803 0.9869077206 0.1016497388 -0.0011772021 -0.1023083180 0.9947520494
-134.2 -256.4 2015.9 0 0 0 0 0 0 0 0 0
196.6 -270.4 2026.7 0 0 0 0 0 0 0 0 0
-83.0 -875.0 2164.3 0 0 0 0 0 0 0 0 0
136.9 -886.9 2130.8 0 0 0 0 0 0 0 0 0
47.5 457.4 2101.3 6 0.9961425066 0.0516470745 0.0709415078 -0.0488074049 0.9979583025 -0.0411958583 -0.0729243085 0.0375744738 0.9966294169
37.3 260.0 2093.8 0.9961425066 0.0516470745 0.0709415078 -0.0488074049 0.9979583025 -0.0411958583 -0.0729243085 0.0375744738 0.9966294169
27.1 66.3 2086.3 0.9960879087 0.0527593866 0.0708892122 -0.0498505533 0.9978649616 -0.0421955362 -0.0729640648 0.0384965986 0.9965913296
-98.8 266.8 2103.8 0.2428376824 -0.6767829657 -0.6949781775 0.9700199366 0.1623585373 0.1808343083 -0.0095499456 -0.7180560231 0.6959197521
-163.8 7.1 2106.3 -0.0962820277 -0.6780676842 -0.7286658883 0.9419938326 0.1744011641 -0.2867608964 0.3215234876 -0.7140086889 0.6219438910
173.4 253.2 2083.9 0.1854983121 0.7118054032 0.6774388552 -0.9815641046 0.1019023359 0.1617029160 0.0460684188 -0.6949452758 0.7175853848
223.3 -11.0 2096.3 -0.0951769277 0.7133833766 0.6942805648 -0.9606663585 0.1169605330 -0.2518736422 -0.2608858943 -0.6909446120 0.6741914749
-70.2 -123.8 2084.5 0.9984996319 -0.0547559559 -0.0005067123 0.0547547489 0.9982867241 0.0206279047 -0.0006236565 -0.0206247009 0.9997870922
-48.9 -511.3 2092.5 0.9943244457 0.1059325337 -0.0098590367 -0.1021155864 0.9762703180 0.1909677684 0.0298547838 -0.1888771653 0.9815468192
108.4 -132.1 2072.0 0.9989149570 0.0453267172 -0.0106968060 -0.0446752235 0.9974959493 0.0548267290 0.0131551363 -0.0542893559 0.9984385967
90.8 -519.3 2093.1 0.9915910363 -0.1290843040 -0.0091931690 0.1293917149 0.9877024889 0.0877584666 -0.0022481245 -0.0882100314 0.9960993528
-136.9 -255.9 2016.6 0 0 0 0 0 0 0 0 0
197.2 -274.3 2024.7 0 0 0 0 0 0 0 0 0
-88.4 -875.6 2163.0 0 0 0 0 0 0 0 0 0
139.0 -888.0 2126.0 0 0 0 0 0 0 0 0 0
47.1 456.0 2100.6 7 0.9960196614 0.0535138696 0.0712822154 -0.0506814420 0.9978742003 -0.0409695208 -0.0733231157 0.0371937640 0.9966144562
36.5 258.8 2093.3 0.9960196614 0.0535138696 0.0712822154 -0.0506814420 0.9978742003 -0.0409695208 -0.0733231157 0.0371937640 0.9966144562
26.2 65.1 2085.9 0.9960307479 0.0533702858 0.0712342188 -0.0504734777 0.9978475571 -0.0418656915 -0.0733152702 0.0381040759 0.9965806007
-99.5 265.7 2103.3 0.2398404926 -0.6777333617 -0.6950928569 0.9707507491 0.1593594849 0.1795761436 -0.0109351091 -0.7178314924 0.6961309910
-163.0 9.0 2106.2 -0.0952120200 -0.6791794896 -0.7277705073 0.9428486228 0.1729963273 -0.2847959101 0.3193291724 -0.7132934332 0.6238921285
172.6 251.9 2083.2 0.1886258870 0.7108653188 0.6775623560 -0.9810392857 0.1051191092 0.1628246903 0.0445216708 -0.6954282522 0.7172150016
223.7 -14.0 2095.3 -0.0971324742 0.7117196321 0.6957157850 -0.9615451097 0.1133240536 -0.2501771748 -0.2568973601 -0.6932624578 0.6733431220
-72.4 -122.9 2085.4 0.9984048605 -0.0564596578 0.0001346457 0.0564499088 0.9982715249 0.0163527541 -0.0010576838 -0.0163190700 0.9998662472
-50.5 -510.5 2091.7 0.9954259992 0.0950841606 -0.0092751384 -0.0918069631 0.9789164662 0.1824666262 0.0264292695 -0.1807805002 0.9831683040
106.1 -131.9 2072.3 0.9992130399 0.0382975787 -0.0103252074 -0.0376810357 0.9978055358 0.0544448122 0.0123876538 -0.0540129021 0.9984633923
91.2 -519.2 2093.3 0.9925499558 -0.1215183437 -0.0088265585 0.1218105480 0.9881637096 0.0932454616 -0.0026089498 -0.0936259478 0.9956040382
-136.4 -254.3 2017.0 0 0 0 0 0 0 0 0 0
197.1 -277.6 2024.9 0 0 0 0 0 0 0 0 0
-86.0 -875.8 2159.2 0 0 0 0 0 0 0 0 0
136.6 -888.1 2128.3 0 0 0 0 0 0 0 0 0
48.4 456.2 2101.3 8 0.9958159924 0.0589328408 0.0698389634 -0.0558594018 0.9974161983 -0.0451737046 -0.0723207295 0.0410835333 0.9965349436
36.7 258.4 2093.1 0.9958159924 0.0589328408 0.0698389634 -0.0558594018 0.9974161983 -0.0451737046 -0.0723207295 0.0410835333 0.9965349436
25.7 64.8 2084.9 0.9959506392 0.0566849411 0.0697790161 -0.0535354465 0.9974962473 -0.0462080874 -0.0722236112 0.0422853269 0.9964916706
-99.4 265.7 2103.0 0.2385789305 -0.6775207520 -0.6957339048 0.9710770249 0.1594619602 0.1777112186 -0.0094599472 -0.7180094123 0.6959691048
-163.0 6.9 2105.5 -0.0929555967 -0.6794367433 -0.7278220654 0.9415989518 0.1776269227 -0.2860770226 0.3236520290 -0.7119089365 0.6232455373
172.8 251.1 2083.3 0.1869741678 0.7116243839 0.6772233248 -0.9816064239 0.1082556397 0.1572563946 0.0385942385 -0.6941696405 0.7187760472
223.8 -16.9 2093.8 -0.0994364545 0.7120391130 0.6950631142 -0.9610843062 0.1122069657 -0.2524411976 -0.2577389181 -0.6931160688 0.6731721163
-73.4 -124.1 2085.0 0.9974083304 -0.0719332024 -0.0015104801 0.0719488189 0.9972396493 0.0183413588 0.0001869581 -0.0184025001 0.9998306632
-45.5 -511.2 2092.2 0.9928449988 0.1186201423 -0.0137121761 -0.1139724851 0.9756230712 0.1875363141 0.0356234983 -0.1846316755 0.9821619391
105.1 -133.2 2071.9 0.9991744757 0.0390514210 -0.0111952778 -0.0383547284 0.9976458549 0.0568474047 0.0133888945 -0.0563710853 0.9983201027
89.9 -520.5 2093.8 0.9911995530 -0.1319931000 -0.0100606754 0.1323688179 0.9874896407 0.0856895298 -0.0013756134 -0.0862671435 0.9962710738
-137.0 -256.1 2015.2 0 0 0 0 0 0 0 0 0
196.6 -280.4 2023.1 0 0 0 0 0 0 0 0 0
-89.8 -875.3 2161.1 0 0 0 0 0 0 0 0 0
139.2 -889.1 2126.0 0 0 0 0 0 0 0 0 0
48.5 454.3 2095.6 9 0.9953494668 0.0591127574 0.0760601908 -0.0568935275 0.9978981614 -0.0310224500 -0.0777341500 0.0265508462 0.9966205359
36.8 256.7 2090.4 0.9953494668 0.0591127574 0.0760601908 -0.0568935275 0.9978981614 -0.0310224500 -0.0777341500 0.0265508462 0.9966205359
25.5 63.0 2084.6 0.9954295158 0.0580003113 0.0758687928 -0.0555293746 0.9978682995 -0.0342841074 -0.0776955485 0.0299144667 0.9965282083
-99.2 264.3 2101.0 0.2405695915 -0.6802608371 -0.6923665404 0.9705178142 0.1576443762 0.1823279411 -0.0148828654 -0.7158166170 0.6981297135
-163.1 6.5 2104.9 -0.0933157876 -0.6822983623 -0.7250938416 0.9413129687 0.1768125594 -0.2875190377 0.3243794739 -0.7093703151 0.6257569194
172.8 249.1 2079.8 0.1917344481 0.7076305747 0.6800712347 -0.9798201323 0.0981341675 0.1741325408 0.0564832874 -0.6997346878 0.7121663690
224.5 -15.2 2095.0 -0.1110081896 0.7093305588 0.6960799694 -0.9571679831 0.1121500134 -0.2669304311 -0.2674072981 -0.6958969235 0.6664989591
-74.5 -124.0 2083.2 0.9973384142 -0.0726722851 0.0058969809 0.0725886002 0.9972727299 0.0133431526 -0.0068505756 -0.0128795849 0.9998936057
-46.3 -511.2 2088.2 0.9934837222 0.1136616617 -0.0084310602 -0.1094324663 0.9719570279 0.2081443369 0.0318526588 -0.2058653831 0.9780617952
103.9 -133.6 2070.3 0.9992458820 0.0384480096 -0.0054210853 -0.0380717963 0.9976066351 0.0577196777 0.0076273172 -0.0574697629 0.9983181357
89.0 -520.9 2092.6 0.9908630252 -0.1348292530 -0.0033893536 0.1343793720 0.9847875834 0.1101616919 -0.0115152244 -0.1096106097 0.9939079285
-137.1 -256.3 2014.4 0 0 0 0 0 0 0 0 0
194.1 -277.6 2021.7 0 0 0 0 0 0 0 0 0
-88.7 -873.9 2165.0 0 0 0 0 0 0 0 0 0
139.3 -888.4 2133.5 0 0 0 0 0 0 0 0 0
47.7 454.2 2092.3 0 0.9951149225 0.0586171895 0.0794377774 -0.0568223484 0.9980794191 -0.0246714652 -0.0807313845 0.0200371016 0.9965344667
36.1 256.7 2088.3 0.9951149225 0.0586171895 0.0794377774 -0.0568223484 0.9980794191 -0.0246714652 -0.0807313845 0.0200371016 0.9965344667
24.8 63.0 2083.8 0.9951696396 0.0579612181 0.0792328566 -0.0558847301 0.9980394840 -0.0281801689 -0.0807108805 0.0236161407 0.9964577556
-99.9 264.3 2099.4 0.2410743386 -0.6817671657 -0.6907074451 0.9703590274 0.1569122672 0.1837985665 -0.0169273540 -0.7145432830 0.6993864179
-164.5 4.3 2103.9 -0.0880580544 -0.6836891770 -0.7244411111 0.9434771538 0.1760412157 -0.2808209360 0.3195257187 -0.7082221508 0.6295432448
172.0 249.1 2077.3 0.1931311786 0.7044817209 0.6829391718 -0.9795049429 0.0978636965 0.1760475487 0.0571873263 -0.7029425502 0.7089438438
224.6 -17.7 2092.9 -0.1116056666 0.7061340213 0.6992273331 -0.9576748610 0.1114451140 -0.2654031217 -0.2653356493 -0.6992529631 0.6638089418
-74.9 -125.7 2085.7 0.9977270961 -0.0666901320 0.0096494928 0.0665521324 0.9976850152 0.0139780603 -0.0105593540 -0.0133040948 0.9998557568
-49.0 -513.0 2090.9 0.9951123595 0.0987290516 -0.0019897332 -0.0966436565 0.9778363109 0.1857313365 0.0202827118 -0.1846312582 0.9825985432
103.4 -135.7 2071.8 0.9993348122 0.0364043526 -0.0021477924 -0.0362032391 0.9974463582 0.0615640469 0.0043835067 -0.0614453405 0.9981008172
89.3 -522.9 2095.7 0.9905811548 -0.1369213313 -0.0012483313 0.1365186870 0.9868825078 0.0861717612 -0.0105667962 -0.0855305418 0.9962795377
-139.9 -259.2 2014.7 0 0 0 0 0 0 0 0 0
194.0 -280.3 2020.1 0 0 0 0 0 0 0 0 0
-85.9 -877.9 2159.8 0 0 0 0 0 0 0 0 0
140.4 -891.2 2127.6 0 0 0 0 0 0 0 0 0
48.5 453.4 2090.6 1 0.9952058792 0.0581452996 0.0786409676 -0.0565919168 0.9981584549 -0.0218412112 -0.0797661096 0.0172860585 0.9966636896
37.0 255.9 2087.2 0.9952058792 0.0581452996 0.0786409676 -0.0565919168 0.9981584549 -0.0218412112 -0.0797661096 0.0172860585 0.9966636896
26.0 62.2 2083.2 0.9953086376 0.0566378161 0.0784404427 -0.0548048094 0.9981757998 -0.0253287032 -0.0797319189 0.0209109634 0.9965969920
-99.0 263.4 2098.1 0.2452223152 -0.6804054976 -0.6905899048 0.9692758918 0.1579335630 0.1885767728 -0.0192413479 -0.7156153917 0.6982294917
-165.0 2.5 2103.3 -0.0946709439 -0.6820699573 -0.7251331210 0.9422831535 0.1735898554 -0.2863022685 0.3211539388 -0.7103852034 0.6262691021
173.0 248.4 2076.3 0.1863514781 0.7059298158 0.6833273172 -0.9806976318 0.0917407274 0.1726726294 0.0592058189 -0.7023152709 0.7093997002
224.1 -20.5 2092.6 -0.1262659431 0.7089725733 0.6938406229 -0.9506658316 0.1133085862 -0.2887830436 -0.2833573520 -0.6960740089 0.6596890092
-75.6 -125.7 2086.4 0.9974533319 -0.0707146078 0.0092893494 0.0706244633 0.9974558353 0.0096983071 -0.0099515272 -0.0090175532 0.9999098182
-48.1 -513.0 2089.9 0.9940233231 0.1091167480 -0.0033346354 -0.1066072956 0.9768335819 0.1855559945 0.0235046502 -0.1840914935 0.9826280475
102.7 -135.8 2071.9 0.9993997216 0.0344773568 -0.0033864253 -0.0342396349 0.9979034066 0.0549223684 0.0052729035 -0.0547734499 0.9984849095
89.3 -523.2 2093.2 0.9911225438 -0.1329350621 -0.0020802116 0.1325548887 0.9868388176 0.0926196724 -0.0102595687 -0.0920731872 0.9956994057
-138.6 -260.6 2013.6 0 0 0 0 0 0 0 0 0
189.5 -281.1 2014.9 0 0 0 0 0 0 0 0 0
-88.9 -877.5 2158.6 0 0 0 0 0 0 0 0 0
139.0 -891.5 2127.6 0 0 0 0 0 0 0 0 0
48.5 453.4 2089.8 2 0.9951797724 0.0566056520 0.0800811127 -0.0551075265 0.9982638359 -0.0207973868 -0.0811193213 0.0162840672 0.9965713620
37.3 255.6 2086.6 0.9951797724 0.0566056520 0.0800811127 -0.0551075265 0.9982638359 -0.0207973868 -0.0811193213 0.0162840672 0.9965713620
26.6 61.9 2082.5 0.9952886105 0.0550409965 0.0798186362 -0.0531610474 0.9982605577 -0.0254911203 -0.0810828507 0.0211277809 0.9964833856
-98.7 262.9 2097.7 0.2456909716 -0.6818859577 -0.6889611483 0.9690774679 0.1559847444 0.1912005842 -0.0229095742 -0.7146329880 0.6991243958
-165.0 1.4 2103.8 -0.1021007299 -0.6836357713 -0.7226462364 0.9400632977 0.1712866127 -0.2948590815 0.3253558278 -0.7094385028 0.6251724362
173.3 248.4 2075.5 0.1822512150 0.7051798701 0.6852049828 -0.9816930890 0.0912756547 0.1671748161 0.0553457811 -0.7031288147 0.7089052796
223.6 -22.9 2090.8 -0.1454466134 0.7081183195 0.6909513474 -0.9440901279 0.1095135137 -0.3109672368 -0.2958700955 -0.6975494623 0.6525990963
-74.2 -126.7 2086.2 0.9977444410 -0.0662682131 0.0107005797 0.0661823079 0.9977739453 0.0081923222 -0.0112196505 -0.0074656554 0.9999091625
-48.5 -514.1 2089.1 0.9949315190 0.1005389094 -0.0017826773 -0.0983020291 0.9762211442 0.1932070255 0.0211651120 -0.1920525283 0.9811564088
104.2 -136.5 2072.0 0.9992485642 0.0386883616 -0.0023475194 -0.0385282263 0.9980689883 0.0487226062 0.0042279838 -0.0485955477 0.9988095760
89.1 -524.0 2090.8 0.9898647666 -0.1420131028 -0.0000595679 0.1411956400 0.9841216803 0.1075558066 -0.0152157126 -0.1064741164 0.9941990376
-136.5 -261.0 2013.0 0 0 0 0 0 0 0 0 0
183.8 -281.6 2009.7 0 0 0 0 0 0 0 0 0
-86.0 -878.4 2160.8 0 0 0 0 0 0 0 0 0
142.2 -891.3 2130.6 0 0 0 0 0 0 0 0 0
48.5 455.8 2088.9 3 0.9947925210 0.0527716130 0.0871954337 -0.0512013622 0.9984850883 -0.0201494209 -0.0881266519 0.0155799687 0.9959874153
38.1 257.9 2085.8 0.9947925210 0.0527716130 0.0871954337 -0.0512013622 0.9984850883 -0.0201494209 -0.0881266519 0.0155799687 0.9959874153
28.0 64.1 2081.7 0.9948537946 0.0520724840 0.0869159028 -0.0500337854 0.9984226227 -0.0254734363 -0.0881052688 0.0209936127 0.9958899021
-97.8 264.7 2097.8 0.2484742254 -0.6856604218 -0.6842005253 0.9684198499 0.1608371288 0.1905109733 -0.0205809921 -0.7099304199 0.7039710283
-165.5 1.1 2103.4 -0.1029608324 -0.6865803003 -0.7197267413 0.9402039647 0.1690069586 -0.2957247794 0.3246776164 -0.7071380019 0.6281244159
174.0 251.1 2073.8 0.1783540696 0.7011922598 0.6903037429 -0.9823570251 0.0867824927 0.1656606495 0.0562536791 -0.7076709867 0.7042991519
223.8 -23.2 2089.5 -0.1501802057 0.7047759891 0.6933518052 -0.9431560636 0.1081805825 -0.3142509460 -0.2964837253 -0.7011331916 0.6484671831
-73.2 -127.2 2085.6 0.9984347820 -0.0532368757 0.0171422455 0.0529391691 0.9984465241 0.0173762292 -0.0180406719 -0.0164415352 0.9997020364
-52.6 -514.8 2092.0 0.9968680739 0.0786391795 0.0083585009 -0.0788709670 0.9809183478 0.1777035892 0.0057754572 -0.1778062731 0.9840485454
105.1 -136.7 2071.1 0.9993414283 0.0359849259 0.0046656341 -0.0361793414 0.9979867935 0.0520900376 -0.0027817853 -0.0522245318 0.9986314774
91.1 -524.1 2091.4 0.9914927483 -0.1300170124 0.0061429190 0.1288872063 0.9872769117 0.0931257829 -0.0181726981 -0.0915417969 0.9956353903
-136.7 -261.4 2012.8 0 0 0 0 0 0 0 0 0
182.6 -281.7 2008.2 0 0 0 0 0 0 0 0 0
-81.9 -880.8 2158.4 0 0 0 0 0 0 0 0 0
139.7 -892.6 2125.5 0 0 0 0 0 0 0 0 0
49.4 458.2 2088.9 4 0.9945963621 0.0520782024 0.0898104087 -0.0503166765 0.9984960556 -0.0217691418 -0.0908090398 0.0171325486 0.9957209229
39.0 259.3 2085.5 0.9945963621 0.0520782024 0.0898104087 -0.0503166765 0.9984960556 -0.0217691418 -0.0908090398 0.0171325486 0.9957209229
28.9 65.5 2081.5 0.9946207404 0.0519253686 0.0896287411 -0.0498485938 0.9984373450 -0.0252573211 -0.0908001810 0.0206535887 0.9956549406
-96.9 266.1 2097.9 0.2484498173 -0.6864411831 -0.6834260225 0.9685294032 0.1651577204 0.1862087250 -0.0149482545 -0.7081817389 0.7058718801
-164.0 4.3 2102.0 -0.1060413495 -0.6865552664 -0.7193031907 0.9402410388 0.1661658138 -0.2972132564 0.3235769272 -0.7078352571 0.6279069781
174.9 252.5 2073.1 0.1870441139 0.6999105215 0.6893038154 -0.9798839688 0.0832280889 0.1813849062 0.0695837662 -0.7093647122 0.7013984323
226.5 -17.6 2092.3 -0.1506433934 0.7041123509 0.6939253211 -0.9431287050 0.1080493182 -0.3143781722 -0.2963356972 -0.7018198371 0.6477916241
-71.3 -125.2 2085.5 0.9984083176 -0.0526627228 0.0201867186 0.0524406992 0.9985592365 0.0113748973 -0.0207566675 -0.0102981860 0.9997315407
-50.8 -512.9 2089.5 0.9962763190 0.0855422914 0.0107735973 -0.0860620812 0.9791663289 0.1839202791 0.0051838188 -0.1841626167 0.9828821421
107.0 -134.2 2069.7 0.9992436767 0.0382089764 0.0072192410 -0.0385133065 0.9980946779 0.0482046381 -0.0053636362 -0.0484462194 0.9988113642
92.2 -521.7 2088.6 0.9926440120 -0.1206658632 0.0098780114 0.1186714172 0.9858968854 0.1180018559 -0.0239774957 -0.1159616038 0.9929642677
-134.4 -258.2 2011.6 0 0 0 0 0 0 0 0 0
185.2 -276.1 2011.0 0 0 0 0 0 0 0 0 0
-82.8 -878.3 2158.3 0 0 0 0 0 0 0 0 0
137.2 -889.6 2131.8 0 0 0 0 0 0 0 0 0
47.7 457.6 2088.9 5 0.9948368669 0.0491933450 0.0887675360 -0.0475351177 0.9986550808 -0.0207001027 -0.0896664560 0.0163736492 0.9958372712
37.9 259.3 2085.7 0.9948368669 0.0491933450 0.0887675360 -0.0475351177 0.9986550808 -0.0207001027 -0.0896664560 0.0163736492 0.9958372712
28.4 65.4 2081.8 0.9948573112 0.0491169170 0.0885805562 -0.0471198112 0.9985888004 -0.0244987812 -0.0896588489 0.0201988928 0.9957677126
-98.0 265.7 2097.9 0.2487505525 -0.6855065823 -0.6842542291 0.9684540629 0.1652187854 0.1865460277 -0.0148268817 -0.7090722322 0.7049799562
-165.0 5.0 2101.9 -0.1078062877 -0.6857979894 -0.7197631001 0.9389314055 0.1677357852 -0.3004538417 0.3267806768 -0.7081989646 0.6258342862
173.8 252.8 2073.4 0.2053405792 0.6989312768 0.6850768924 -0.9757992029 0.0924433246 0.1981670111 0.0751743317 -0.7091892362 0.7009989023
229.6 -12.1 2093.9 -0.1416238099 0.7011878490 0.6987690926 -0.9480668306 0.1070092842 -0.2995302081 -0.2848017216 -0.7049003839 0.6496179104
-70.3 -123.9 2085.6 0.9982501864 -0.0559812263 0.0190423578 0.0557639264 0.9983747602 0.0117575489 -0.0196696110 -0.0106750997 0.9997495413
-48.5 -511.5 2089.8 0.9952610135 0.0968656391 0.0085190171 -0.0966784731 0.9763162732 0.1935453117 0.0104306350 -0.1934517026 0.9810543656
108.0 -132.8 2069.4 0.9989296198 0.0458400920 0.0061889528 -0.0461089760 0.9974606037 0.0542804003 -0.0036850180 -0.0545076653 0.9985065460
90.2 -520.1 2090.5 0.9913178682 -0.1312173605 0.0084206956 0.1296655387 0.9862000942 0.1029381156 -0.0218117591 -0.1009525210 0.9946520925
-134.9 -257.2 2010.7 0 0 0 0 0 0 0 0 0
190.8 -272.0 2015.8 0 0 0 0 0 0 0 0 0
-84.7 -875.9 2162.0 0 0 0 0 0 0 0 0 0
139.1 -888.1 2128.2 0 0 0 0 0 0 0 0 0
48.1 456.1 2089.0 6 0.9943574667 0.0523345619 0.0922728777 -0.0504819751 0.9984759688 -0.0222998951 -0.0932993069 0.0175159518 0.9954839945
37.8 258.2 2085.5 0.9943574667 0.0523345619 0.0922728777 -0.0504819751 0.9984759688 -0.0222998951 -0.0932993069 0.0175159518 0.9954839945
27.5 64.4 2081.3 0.9943485260 0.0528712906 0.0920629352 -0.0506515503 0.9983704686 -0.0262845866 -0.0933026150 0.0214729104 0.9954062104
-98.1 265.1 2098.2 0.2494697124 -0.6871342659 -0.6823571920 0.9683338404 0.1699346006 0.1828984469 -0.0097196931 -0.7063771486 0.7077689171
-165.3 4.2 2100.9 -0.1123000085 -0.6863141656 -0.7185830474 0.9391621947 0.1629202962 -0.3023762405 0.3245968521 -0.7088228464 0.6262643337
173.6 251.3 2072.7 0.2100597322 0.6964680552 0.6861538887 -0.9744525552 0.0920899883 0.2048454434 0.0794803947 -0.7116541862 0.6980194449
229.9 -9.6 2094.0 -0.1284366846 0.6991429925 0.7033513188 -0.9523338675 0.1109336242 -0.2841724455 -0.2767024934 -0.7063234448 0.6515696049
-70.3 -124.2 2085.9 0.9983735085 -0.0521709397 0.0229898784 0.0520883203 0.9986337423 0.0041784607 -0.0231764633 -0.0029741600 0.9997269511
-50.0 -511.9 2087.0 0.9969134927 0.0776833966 0.0113475155 -0.0782930925 0.9730640054 0.2168331891 0.0058024810 -0.2170523703 0.9761427045
108.0 -132.7 2069.8 0.9988742471 0.0463625155 0.0100371623 -0.0468396656 0.9974343777 0.0541357212 -0.0075015430 -0.0545449145 0.9984831214
90.0 -519.9 2091.0 0.9918691516 -0.1266881973 0.0120692309 0.1249138862 0.9873148203 0.0980102271 -0.0243328698 -0.0957057029 0.9951122403
-134.0 -258.1 2010.2 0 0 0 0 0 0 0 0 0
194.7 -270.7 2018.2 0 0 0 0 0 0 0 0 0
-79.0 -874.9 2168.0 0 0 0 0 0 0 0 0 0
137.3 -888.4 2126.7 0 0 0 0 0 0 0 0 0
47.1 455.4 2089.5 7 0.9946424961 0.0515700839 0.0895926207 -0.0495952480 0.9984778166 -0.0241319314 -0.0907007307 0.0195592772 0.9956861138
36.9 257.8 2085.6 0.9946424961 0.0515700839 0.0895926207 -0.0495952480 0.9984778166 -0.0241319314 -0.0907007307 0.0195592772 0.9956861138
27.0 64.0 2080.9 0.9946933389 0.0509827472 0.0893638954 -0.0486050397 0.9984089136 -0.0285856016 -0.0906790793 0.0240903720 0.9955887198
-99.0 264.5 2098.0 0.2427041084 -0.6867392659 -0.6851889491 0.9700617790 0.1655036658 0.1777321696 -0.0086543756 -0.7078119516 0.7063478827
-164.0 5.1 2100.3 -0.1032189354 -0.6867997646 -0.7194803357 0.9414049387 0.1660545319 -0.2935688794 0.3210960031 -0.7076241970 0.6294167042
172.8 251.2 2073.2 0.2150489986 0.6972190738 0.6838417053 -0.9737795591 0.0998748764 0.2043976635 0.0742113441 -0.7098665833 0.7004156709
230.7 -11.1 2093.2 -0.1263652891 0.6985265613 0.7043383121 -0.9538235068 0.1094820946 -0.2797040939 -0.2724931836 -0.7071593404 0.6524363160
-71.8 -124.9 2085.5 0.9981400371 -0.0574007854 0.0205339696 0.0574909076 0.9983386993 -0.0038253926 -0.0202802755 0.0049987938 0.9997818470
