42.9 495.6 2025.1 7 0.9885675311 -0.0118326759 -0.1503135860 0.0104973186 0.9998980761 -0.0096741877 0.1504127532 0.0079856981 0.9885910153
45.3 292.5 2023.5 0.9885675311 -0.0118326759 -0.1503135860 0.0104973186 0.9998980761 -0.0096741877 0.1504127532 0.0079856981 0.9885910153
47.9 93.8 2022.5 0.9885454774 -0.0131565239 -0.1503488421 0.0122653414 0.9999012947 -0.0068532443 0.1504241675 0.0049306634 0.9886092544
-99.1 290.7 2001.5 0.1666912884 -0.8268134594 -0.5372090340 0.9850934744 0.1161732674 0.1268647164 -0.0424841270 -0.5503483415 0.8338536024
-140.2 48.1 2012.0 -0.0532934777 -0.8259361386 -0.5612390637 0.9670354128 0.0974607840 -0.2352527976 0.2490025908 -0.5552754998 0.7935155034
189.6 294.3 2045.5 0.1423176229 0.9887849689 -0.0452761948 -0.9879920483 0.1446853876 0.0542020835 0.0601450093 0.0370186083 0.9975029826
229.0 21.1 2062.1 0.0317500345 0.9994904399 -0.0032838504 -0.9734857082 0.0301789772 -0.2267483473 -0.2265337110 0.0103960494 0.9739478230
-40.6 -107.5 2009.9 0.9558355808 0.0692684501 -0.2856225073 -0.0290763192 0.9893488288 0.1426305026 0.2924600840 -0.1280264556 0.9476689100
-68.1 -500.6 2060.7 0.9557546377 0.0487879962 -0.2900909781 -0.0307584759 0.9973194599 0.0663917959 0.2925524712 -0.0545315109 0.9546933174
140.2 -105.0 2040.1 0.9696499705 0.0767277554 -0.2321460843 -0.0589801483 0.9948477149 0.0824581385 0.2372768372 -0.0662635192 0.9691794515
109.7 -500.4 2066.4 0.9711213708 -0.0602706037 -0.2308478802 0.0850353688 0.9914605021 0.0988691896 0.2229176462 -0.1156442165 0.9679535627
-125.5 -218.3 1943.4 0 0 0 0 0 0 0 0 0
238.1 -257.2 1997.3 0 0 0 0 0 0 0 0 0
-86.7 -881.2 2081.6 0 0 0 0 0 0 0 0 0
132.8 -879.1 2110.6 0 0 0 0 0 0 0 0 0
42.8 496.5 2023.4 8 0.9911544323 -0.0114499666 -0.1322187930 0.0114394631 0.9999341965 -0.0008390560 0.1322197020 -0.0006808779 0.9912201762
45.1 293.0 2023.6 0.9911544323 -0.0114499666 -0.1322187930 0.0114394631 0.9999341965 -0.0008390560 0.1322197020 -0.0006808779 0.9912201762
47.7 94.4 2023.3 0.9911424518 -0.0127226040 -0.1321922541 0.0124304853 0.9999181628 -0.0030348268 0.1322200298 0.0013647319 0.9912194610
-99.6 291.2 2004.3 0.1669558436 -0.8364912271 -0.5219273567 0.9848062992 0.1158292592 0.1293838918 -0.0477740318 -0.5355987549 0.8431201577
-140.5 50.3 2016.0 -0.0408447348 -0.8359296322 -0.5473147035 0.9692907929 0.0997964218 -0.2247577310 0.2425016910 -0.5396872759 0.8061827421
189.9 294.9 2042.9 0.1463555694 0.9888621569 -0.0270498563 -0.9872864485 0.1477272362 0.0586695150 0.0620120615 0.0181193464 0.9979109168
230.1 23.5 2059.9 0.0272461977 0.9995098710 0.0154153453 -0.9744150043 0.0299975034 -0.2227454633 -0.2230987102 -0.0089519769 0.9747547507
-40.2 -106.0 2007.8 0.9607442021 0.0711890757 -0.2681468427 -0.0324300304 0.9887093902 0.1462942660 0.2755338550 -0.1318553537 0.9522054791
-68.5 -498.8 2060.2 0.9611294866 0.0469149500 -0.2720829546 -0.0248422138 0.9961550832 0.0840110853 0.2749782205 -0.0739863887 0.9585995078
141.1 -103.7 2035.3 0.9734676480 0.0795883983 -0.2145377398 -0.0629720688 0.9945400357 0.0832141414 0.2199892551 -0.0674963892 0.9731643796
109.5 -498.9 2062.2 0.9758336544 -0.0595353618 -0.2102479041 0.0889410302 0.9870770574 0.1332981735 0.1995949149 -0.1487765163 0.9685181379
-129.2 -216.7 1949.1 0 0 0 0 0 0 0 0 0
237.9 -255.1 1996.2 0 0 0 0 0 0 0 0 0
-86.4 -879.2 2088.4 0 0 0 0 0 0 0 0 0
132.2 -875.8 2119.0 0 0 0 0 0 0 0 0 0
43.2 496.5 2022.6 9 0.9926961064 -0.0109973699 -0.1201396286 0.0113146668 0.9999340773 0.0019592242 0.1201101542 -0.0033042540 0.9927550554
45.5 293.9 2023.3 0.9926961064 -0.0109973699 -0.1201396286 0.0113146668 0.9999340773 0.0019592242 0.1201101542 -0.0033042540 0.9927550554
47.6 95.2 2023.6 0.9927040935 -0.0104626417 -0.1201212704 0.0105690192 0.9999440908 0.0002485063 0.1201119572 -0.0015162572 0.9927591681
-99.5 292.4 2005.7 0.1653869450 -0.8434786201 -0.5110684633 0.9846019745 0.1114630401 0.1346661299 -0.0566227548 -0.5254710317 0.8489252329
-140.3 49.7 2019.7 -0.0338699780 -0.8433483243 -0.5362988710 0.9671822786 0.1075451449 -0.2302008569 0.2518158555 -0.5264956951 0.8120290041
190.5 295.5 2040.8 0.1454224139 0.9892773628 -0.0135148168 -0.9878611565 0.1459411830 0.0532122590 0.0546140485 0.0056125070 0.9984917641
230.3 24.6 2055.8 0.0241956934 0.9993676543 0.0260543991 -0.9763604999 0.0292221121 -0.2141640782 -0.2147900164 -0.0202566385 0.9764501452
-40.7 -105.5 2010.9 0.9639804959 0.0659513995 -0.2576664984 -0.0333862528 0.9911114573 0.1287768930 0.2638692260 -0.1155358925 0.9576139450
-66.9 -499.3 2056.8 0.9644471407 0.0548467226 -0.2585217655 -0.0254903827 0.9929723144 0.1155691817 0.2630435526 -0.1048705503 0.9590674043
141.1 -103.2 2035.2 0.9760209322 0.0800077394 -0.2024397254 -0.0634065196 0.9941698313 0.0872121006 0.2082371116 -0.0722848400 0.9754036069
109.3 -498.3 2063.9 0.9780849218 -0.0616758466 -0.1988615990 0.0885729641 0.9876380563 0.1293284744 0.1884268373 -0.1441079974 0.9714567661
-131.0 -216.8 1950.3 0 0 0 0 0 0 0 0 0
237.3 -254.5 1994.4 0 0 0 0 0 0 0 0 0
-87.8 -878.4 2096.9 0 0 0 0 0 0 0 0 0
132.8 -875.6 2118.9 0 0 0 0 0 0 0 0 0
42.8 498.6 2028.2 0 0.9944470525 -0.0100401584 -0.1047581062 0.0088661863 0.9998926520 -0.0116661862 0.1048639864 0.0106726000 0.9944292903
44.8 296.5 2026.0 0.9944470525 -0.0100401584 -0.1047581062 0.0088661863 0.9998926520 -0.0116661862 0.1048639864 0.0106726000 0.9944292903
46.9 97.8 2023.9 0.9944407940 -0.0106485859 -0.1047571376 0.0094681066 0.9998860359 -0.0117595876 0.1048704237 0.0107023623 0.9944282770
-100.4 295.1 2010.7 0.1583710909 -0.8529163003 -0.4974459112 0.9858937263 0.1089688018 0.1270405650 -0.0541488901 -0.5105483532 0.8581423163
-139.4 52.5 2024.0 -0.0223689675 -0.8530400395 -0.5213658214 0.9670360684 0.1138514578 -0.2277699262 0.2536551356 -0.5092744827 0.8223737478
190.1 297.9 2041.3 0.1457046270 0.9893276095 0.0010176437 -0.9882301092 0.1454943866 0.0472509339 0.0465985946 -0.0078903465 0.9988825321
230.2 25.5 2054.2 0.0218593013 0.9989657998 0.0398690365 -0.9754367471 0.0300536659 -0.2182199657 -0.2191924900 -0.0341195874 0.9750849009
-41.4 -104.4 2012.9 0.9682088494 0.0611576065 -0.2425518781 -0.0321321562 0.9920260906 0.1218679547 0.2480709404 -0.1101999134 0.9624535441
-65.7 -498.7 2056.7 0.9678385854 0.0715941638 -0.2411694825 -0.0374392681 0.9889652729 0.1433389038 0.2487704605 -0.1296997219 0.9598391652
140.7 -102.5 2034.9 0.9792910814 0.0795149580 -0.1861891448 -0.0636006445 0.9939135909 0.0899485946 0.1922081858 -0.0762441009 0.9783878922
109.1 -497.5 2065.2 0.9805907011 -0.0668084621 -0.1843326390 0.0885819420 0.9896920919 0.1125292778 0.1749146432 -0.1266736984 0.9764008522
-133.2 -213.9 1954.2 0 0 0 0 0 0 0 0 0
236.5 -253.3 1991.5 0 0 0 0 0 0 0 0 0
-93.0 -876.2 2106.2 0 0 0 0 0 0 0 0 0
134.6 -875.6 2113.6 0 0 0 0 0 0 0 0 0
43.0 497.9 2025.0 1 0.9969902039 -0.0087639280 -0.0770303831 0.0085795950 0.9999594688 -0.0027235996 0.0770511329 0.0020545127 0.9970250130
44.7 294.3 2024.6 0.9969902039 -0.0087639280 -0.0770303831 0.0085795950 0.9999594688 -0.0027235996 0.0770511329 0.0020545127 0.9970250130
46.8 95.6 2023.6 0.9969767332 -0.0103715947 -0.0770050362 0.0099873692 0.9999356866 -0.0053730644 0.0770558119 0.0045877430 0.9970162511
-100.8 292.9 2013.3 0.1562327445 -0.8665080667 -0.4740834236 0.9859096408 0.1077595204 0.1279455870 -0.0597788766 -0.4873926938 0.8711342216
-138.7 53.7 2027.8 -0.0084232986 -0.8666469455 -0.4988507628 0.9679901004 0.1180772111 -0.2214789093 0.2508469224 -0.4847481847 0.8379110694
190.3 295.8 2035.8 0.1545237303 0.9876077175 0.0274487324 -0.9862930179 0.1525717080 0.0628327206 0.0578661822 -0.0367816389 0.9976465106
232.1 29.0 2051.5 0.0113028223 0.9975387454 0.0692007542 -0.9767132401 0.0258420687 -0.2129868120 -0.2142508924 -0.0651819408 0.9746013880
-42.2 -101.7 2012.2 0.9746779203 0.0611154139 -0.2150996774 -0.0318309218 0.9900506139 0.1370641738 0.2213362902 -0.1267465949 0.9669257998
-66.4 -495.1 2062.5 0.9740306139 0.0611440092 -0.2180041373 -0.0434524342 0.9954290390 0.0850466490 0.2222077399 -0.0733652338 0.9722352028
140.2 -100.0 2031.4 0.9841079116 0.0804124996 -0.1583206654 -0.0645399392 0.9925884604 0.1029697955 0.1654273123 -0.0911153853 0.9820039868
108.3 -494.4 2067.6 0.9855399728 -0.0620438121 -0.1576754302 0.0801003054 0.9906018376 0.1108691245 0.1493148357 -0.1218957976 0.9812474251
-136.4 -213.0 1958.7 0 0 0 0 0 0 0 0 0
235.3 -250.2 1990.2 0 0 0 0 0 0 0 0 0
-89.8 -874.7 2090.5 0 0 0 0 0 0 0 0 0
132.0 -872.9 2114.2 0 0 0 0 0 0 0 0 0
42.9 497.8 2023.4 2 0.9980216622 -0.0130563378 -0.0615004972 0.0130365500 0.9999147654 -0.0007230155 0.0615046956 -0.0000801693 0.9981067777
45.6 294.7 2023.4 0.9980216622 -0.0130563378 -0.0615004972 0.0130365500 0.9999147654 -0.0007230155 0.0615046956 -0.0000801693 0.9981067777
48.2 96.0 2022.9 0.9980224967 -0.0131438076 -0.0614679307 0.0129710389 0.9999107122 -0.0032089092 0.0615046173 0.0024052607 0.9981039166
-100.2 292.8 2014.4 0.1514680237 -0.8744478822 -0.4608669877 0.9863345027 0.1031335294 0.1284822822 -0.0648202226 -0.4740299881 0.8781195283
-137.4 50.6 2030.3 -0.0008310945 -0.8746474981 -0.4847587943 0.9669363499 0.1229187250 -0.2234393060 0.2550165653 -0.4689165950 0.8456262946
191.3 296.6 2032.4 0.1505593807 0.9876901507 0.0424269140 -0.9867473245 0.1475118101 0.0676012859 0.0605106540 -0.0520426519 0.9968098998
232.1 28.9 2048.8 0.0095547875 0.9965137243 0.0828800350 -0.9770399928 0.0269456431 -0.2113451660 -0.2128416151 -0.0789577514 0.9738911986
-42.5 -104.0 2015.7 0.9773069024 0.0658733249 -0.2013252825 -0.0412663072 0.9914153218 0.1240677610 0.2077697068 -0.1129443347 0.9716354012
-68.7 -497.9 2060.6 0.9780253768 0.0452516302 -0.2035157382 -0.0275149103 0.9956378341 0.0891525969 0.2066622674 -0.0815937817 0.9750041962
140.3 -102.2 2029.8 0.9861912131 0.0832683444 -0.1431547403 -0.0682401732 0.9919288754 0.1068662852 0.1508979052 -0.0956216827 0.9839137793
107.2 -496.4 2067.8 0.9868206382 -0.0756100267 -0.1430670172 0.0914937407 0.9899415374 0.1079103202 0.1334688812 -0.1195778698 0.9838125706
-137.2 -215.8 1960.1 0 0 0 0 0 0 0 0 0
234.9 -250.3 1987.9 0 0 0 0 0 0 0 0 0
-86.0 -878.0 2091.7 0 0 0 0 0 0 0 0 0
136.1 -874.6 2113.5 0 0 0 0 0 0 0 0 0
43.0 497.4 2022.6 3 0.9982632399 -0.0138985952 -0.0572484396 0.0140078859 0.9999007583 0.0015081897 0.0572217964 -0.0023075000 0.9983588457
45.8 294.7 2023.0 0.9982632399 -0.0138985952 -0.0572484396 0.0140078859 0.9999007583 0.0015081897 0.0572217964 -0.0023075000 0.9983588457
48.6 96.0 2023.0 0.9982631803 -0.0140564898 -0.0572107583 0.0140115041 0.9999011159 -0.0011874017 0.0572217926 0.0003837307 0.9983614087
-100.0 292.6 2014.7 0.1467924714 -0.8774120212 -0.4567276239 0.9864509106 0.0956552103 0.1332841218 -0.0732567161 -0.4701044858 0.8795653582
-136.2 49.4 2032.7 0.0056508081 -0.8776906133 -0.4791944027 0.9668741226 0.1270855814 -0.2213677913 0.2551911473 -0.4620697498 0.8493344784
191.6 296.7 2031.4 0.1493904591 0.9876371622 0.0474901088 -0.9871784449 0.1462455392 0.0639607906 0.0562248379 -0.0564363450 0.9968218207
231.9 30.6 2046.5 0.0042546424 0.9962765574 0.0861100554 -0.9784514904 0.0219238121 -0.2053095847 -0.2064329833 -0.0833809897 0.9749015570
-40.7 -103.9 2016.8 0.9775308967 0.0723333284 -0.1979929805 -0.0499468371 0.9920138717 0.1158176810 0.2047892660 -0.1033262387 0.9733370543
-69.5 -498.1 2057.8 0.9792266488 0.0396270417 -0.1988589168 -0.0191762690 0.9944204092 0.1037319601 0.2018599659 -0.0977637246 0.9745228887
142.3 -101.5 2028.1 0.9864563942 0.0871252567 -0.1389711499 -0.0720858574 0.9913349152 0.1098123714 0.1473343819 -0.0983072594 0.9841891527
107.7 -495.5 2067.1 0.9875948429 -0.0739359111 -0.1385277361 0.0901701227 0.9892836213 0.1148359403 0.1285527200 -0.1259024441 0.9836781621
-137.8 -217.0 1962.4 0 0 0 0 0 0 0 0 0
233.1 -249.1 1987.5 0 0 0 0 0 0 0 0 0
-84.6 -877.8 2095.2 0 0 0 0 0 0 0 0 0
135.9 -873.5 2115.2 0 0 0 0 0 0 0 0 0
44.7 497.5 2022.7 4 0.9986186028 -0.0117963934 -0.0512026884 0.0120599782 0.9999155402 0.0048419619 0.0511412472 -0.0054527763 0.9986765385
47.1 294.9 2023.8 0.9986186028 -0.0117963934 -0.0512026884 0.0120599782 0.9999155402 0.0048419619 0.0511412472 -0.0054527763 0.9986765385
49.7 96.2 2024.0 0.9986092448 -0.0127716903 -0.0511514470 0.0128227910 0.9999175668 0.0006709523 0.0511386618 -0.0013259235 0.9986906648
-98.8 293.0 2016.3 0.1473523825 -0.8801593184 -0.4512281716 0.9861668944 0.0957257226 0.1353199035 -0.0759089440 -0.4649259746 0.8820893764
-135.4 47.8 2035.2 0.0125450036 -0.8802919984 -0.4742664397 0.9670439959 0.1313060373 -0.2181391567 0.2543002069 -0.4558999538 0.8529282808
193.0 296.8 2031.2 0.1445186436 0.9879583120 0.0552516915 -0.9884224534 0.1415280849 0.0546884909 0.0462102816 -0.0625155196 0.9969736338
231.7 31.9 2043.6 -0.0034178800 0.9958759546 0.0906610191 -0.9792431593 0.0150404172 -0.2021301538 -0.2026601285 -0.0894700438 0.9751533270
-40.1 -104.0 2017.6 0.9784860015 0.0757245570 -0.1919140071 -0.0535800084 0.9915594459 0.1180638894 0.1992344856 -0.1052411050 0.9742842913
-70.2 -498.0 2059.5 0.9804104567 0.0376110151 -0.1933409870 -0.0186667163 0.9949235320 0.0988876745 0.1960787624 -0.0933414698 0.9761354923
142.9 -101.4 2028.1 0.9871162176 0.0876765996 -0.1338447779 -0.0744886473 0.9921393991 0.1005527303 0.1416088045 -0.0892873108 0.9858877659
108.1 -495.7 2063.6 0.9899109006 -0.0598226599 -0.1284434050 0.0800814629 0.9840471745 0.1588652134 0.1168906316 -0.1675483435 0.9789096713
-138.9 -218.7 1965.1 0 0 0 0 0 0 0 0 0
230.7 -248.0 1985.7 0 0 0 0 0 0 0 0 0
-84.6 -878.1 2095.1 0 0 0 0 0 0 0 0 0
130.9 -871.4 2127.6 0 0 0 0 0 0 0 0 0
45.8 494.4 2017.2 5 0.9999026656 -0.0081458688 -0.0113265533 0.0083617028 0.9997818470 0.0191406198 0.0111681661 -0.0192334652 0.9997526407
47.5 290.8 2021.1 0.9999026656 -0.0081458688 -0.0113265533 0.0083617028 0.9997818470 0.0191406198 0.0111681661 -0.0192334652 0.9997526407
48.8 92.1 2023.5 0.9999135733 -0.0067689037 -0.0112727769 0.0069033476 0.9999049902 0.0119305244 0.0111909490 -0.0120073128 0.9998652935
-98.5 289.8 2019.5 0.1487107426 -0.8962129951 -0.4179561436 0.9863510728 0.1042179242 0.1274763644 -0.0706874579 -0.4312085807 0.8994789720
-135.0 47.8 2036.8 0.0170327928 -0.8960610628 -0.4436039329 0.9672259688 0.1271840930 -0.2197684646 0.2533453405 -0.4253219664 0.8688598275
193.4 291.7 2022.8 0.1452449858 0.9850744009 0.0923702642 -0.9868056178 0.1374811083 0.0855193883 0.0715437979 -0.1035727635 0.9920454621
231.6 32.2 2041.6 -0.0099737151 0.9914026856 0.1304656118 -0.9788562655 0.0169777106 -0.2038436234 -0.2043061107 -0.1297401488 0.9702713490
-39.4 -103.7 2019.6 0.9852286577 0.0743667409 -0.1542534083 -0.0588322096 0.9929460883 0.1029409394 0.1608206928 -0.0923452973 0.9826540947
-68.9 -498.3 2056.3 0.9875778556 0.0387758426 -0.1522708088 -0.0190886855 0.9915019870 0.1286836416 0.1559666246 -0.1241784617 0.9799255729
143.8 -101.3 2029.0 0.9912723303 0.0903582722 -0.0959926620 -0.0819541961 0.9927295446 0.0881567001 0.1032604426 -0.0795202926 0.9914705157
107.9 -495.9 2060.6 0.9943241477 -0.0589775369 -0.0885503143 0.0731408596 0.9833508730 0.1663473696 0.0772652775 -0.1718798578 0.9820832014
-139.7 -218.7 1967.0 0 0 0 0 0 0 0 0 0
228.8 -247.6 1983.2 0 0 0 0 0 0 0 0 0
-83.7 -876.9 2103.7 0 0 0 0 0 0 0 0 0
130.4 -871.4 2126.2 0 0 0 0 0 0 0 0 0
46.7 493.3 2014.5 6 0.9999663830 -0.0041699200 -0.0070637478 0.0043625357 0.9996129274 0.0274759009 0.0069464413 -0.0275057927 0.9995974898
47.6 289.8 2020.1 0.9999663830 -0.0041699200 -0.0070637478 0.0043625357 0.9996129274 0.0274759009 0.0069464413 -0.0275057927 0.9995974898
48.6 91.2 2024.4 0.9999632239 -0.0049033440 -0.0070368936 0.0050540320 0.9997547865 0.0215584282 0.0069294600 -0.0215932000 0.9997428060
-98.4 289.1 2019.1 0.1491308957 -0.8978638053 -0.4142470360 0.9856618643 0.1015393361 0.1347605139 -0.0789342150 -0.4284044802 0.9001327753
-135.5 43.9 2038.7 0.0139338020 -0.8978125453 -0.4401573241 0.9649657607 0.1274200678 -0.2293582112 0.2620055377 -0.4215409160 0.8681338429
193.6 290.5 2021.1 0.1447642595 0.9845299125 0.0987122804 -0.9872354269 0.1370221078 0.0811858550 0.0664041340 -0.1092050746 0.9917987585
231.9 29.2 2038.7 -0.0109115979 0.9907436967 0.1353063881 -0.9799522758 0.0163250472 -0.1985625476 -0.1989334822 -0.1347604394 0.9707034230
-41.4 -107.2 2024.9 0.9861309528 0.0664993301 -0.1520644724 -0.0543558113 0.9950935245 0.0826696083 0.1568158418 -0.0732574761 0.9849071503
-67.8 -502.6 2054.0 0.9876286387 0.0516545475 -0.1480588764 -0.0309568960 0.9898318648 0.1388326287 0.1537247300 -0.1325316280 0.9791854024
141.9 -106.0 2027.0 0.9919369817 0.0869746730 -0.0921761841 -0.0784914121 0.9926628470 0.0919759497 0.0994994491 -0.0839993060 0.9914857149
107.3 -500.5 2060.4 0.9937788248 -0.0736683756 -0.0835259110 0.0881447718 0.9786710143 0.1855628490 0.0680742711 -0.1917708069 0.9790760279
-139.4 -222.0 1966.5 0 0 0 0 0 0 0 0 0
228.8 -250.9 1981.8 0 0 0 0 0 0 0 0 0
-87.5 -880.7 2104.7 0 0 0 0 0 0 0 0 0
135.4 -874.3 2133.6 0 0 0 0 0 0 0 0 0
47.3 494.1 2018.1 7 0.9988812208 -0.0101194791 -0.0461941734 0.0107895285 0.9998398423 0.0142788533 0.0460422821 -0.0147612914 0.9988304377
49.4 289.9 2021.1 0.9988812208 -0.0101194791 -0.0461941734 0.0107895285 0.9998398423 0.0142788533 0.0460422821 -0.0147612914 0.9988304377
51.1 91.2 2023.5 0.9988974929 -0.0085144266 -0.0461656637 0.0090414481 0.9998961687 0.0112190926 0.0460653454 -0.0116241286 0.9988707900
-96.4 288.6 2014.4 0.1579800844 -0.8822894692 -0.4434045851 0.9820049405 0.0933205038 0.1641875952 -0.1034822389 -0.4613638818 0.8811553717
-136.0 42.7 2040.3 0.0131379263 -0.8825234771 -0.4700847864 0.9650461674 0.1342573613 -0.2250797451 0.2617505193 -0.4506964087 0.8534397483
195.2 291.1 2027.9 0.1371841729 0.9885134697 0.0634164214 -0.9899151325 0.1345318556 0.0443756655 0.0353344120 -0.0688645169 0.9970000982
231.7 27.6 2037.3 -0.0166327432 0.9953629971 0.0947410837 -0.9804822206 0.0023282212 -0.1965940595 -0.1959030181 -0.0961618423 0.9758969545
-42.1 -107.9 2028.1 0.9795222878 0.0676351711 -0.1896355003 -0.0514526591 0.9947016835 0.0890012234 0.1946503669 -0.0774214268 0.9778124094
-69.0 -503.2 2058.8 0.9812004566 0.0407129414 -0.1886482686 -0.0214152914 0.9944273829 0.1032258198 0.1917996258 -0.0972452611 0.9766044617
141.3 -107.0 2029.3 0.9877557158 0.0864953622 -0.1298350692 -0.0740974545 0.9924767017 0.0974655375 0.1372886002 -0.0866516978 0.9867336750
106.9 -501.5 2063.8 0.9888473749 -0.0815422982 -0.1246265098 0.1005304828 0.9828516245 0.1545844674 0.1098841876 -0.1653891951 0.9800876975
-139.6 -223.2 1968.2 0 0 0 0 0 0 0 0 0
226.9 -252.7 1981.3 0 0 0 0 0 0 0 0 0
-84.5 -882.9 2096.0 0 0 0 0 0 0 0 0 0
138.0 -876.8 2126.9 0 0 0 0 0 0 0 0 0
47.3 495.7 2021.4 8 0.9994300604 -0.0188692734 -0.0279902108 0.0190587919 0.9997971058 0.0065196548 0.0278615095 -0.0070493985 0.9995869398
51.1 291.0 2022.9 0.9994300604 -0.0188692734 -0.0279902108 0.0190587919 0.9997971058 0.0065196548 0.0278615095 -0.0070493985 0.9995869398
54.7 92.4 2024.0 0.9994472265 -0.0179864224 -0.0279602893 0.0181301739 0.9998236299 0.0048962492 0.0278672911 -0.0054004672 0.9995970726
-94.8 288.4 2018.8 0.1641354561 -0.8882825375 -0.4289681315 0.9823414087 0.1075992957 0.1530614495 -0.0898051411 -0.4465159774 0.8902575374
-135.9 42.6 2041.3 0.0145663293 -0.8882154226 -0.4591962397 0.9642984867 0.1339237690 -0.2284575999 0.2644168437 -0.4394744337 0.8584555387
197.0 293.7 2027.0 0.1344945282 0.9876181483 0.0807562619 -0.9904143810 0.1313909739 0.0426121913 0.0314739309 -0.0857132748 0.9958226085
233.1 27.8 2035.4 -0.0353166200 0.9931984544 0.1109482422 -0.9799734950 -0.0126470812 -0.1987258941 -0.1959710866 -0.1157446653 0.9737548232
-38.7 -108.3 2021.6 0.9823696017 0.0776560679 -0.1700574011 -0.0580111481 0.9913662672 0.1175909862 0.1777208298 -0.1056525782 0.9783930182
-69.5 -502.1 2063.5 0.9838873148 0.0448691770 -0.1730679125 -0.0318517163 0.9965009689 0.0772741809 0.1759295762 -0.0705165789 0.9818738103
144.4 -106.7 2030.0 0.9893646240 0.0921147466 -0.1125721186 -0.0820312649 0.9924529791 0.0911479890 0.1201186106 -0.0809441656 0.9894541502
107.8 -501.1 2062.2 0.9918945432 -0.0690488592 -0.1066651717 0.0849242359 0.9846792221 0.1522982270 0.0945149586 -0.1601222306 0.9825618267
-139.9 -223.1 1968.4 0 0 0 0 0 0 0 0 0
223.0 -252.2 1979.4 0 0 0 0 0 0 0 0 0
-86.6 -882.6 2090.5 0 0 0 0 0 0 0 0 0
134.2 -877.3 2123.4 0 0 0 0 0 0 0 0 0
48.2 495.3 2016.1 9 0.9989802837 -0.0178903583 -0.0414526053 0.0189342257 0.9995099306 0.0249279495 0.0409863181 -0.0256874040 0.9988294840
51.9 290.1 2021.4 0.9989802837 -0.0178903583 -0.0414526053 0.0189342257 0.9995099306 0.0249279495 0.0409863181 -0.0256874040 0.9988294840
55.4 91.5 2025.2 0.9989908338 -0.0175697375 -0.0413360521 0.0183411352 0.9996632338 0.0183569957 0.0409996063 -0.0190966204 0.9989766479
-94.0 287.4 2015.4 0.1650830358 -0.8827400804 -0.4399062991 0.9804500937 0.0984563902 0.1703641862 -0.1070756987 -0.4594304264 0.8817360401
-135.3 41.8 2042.2 0.0175250154 -0.8828192353 -0.4693858325 0.9632479548 0.1407609284 -0.2287787795 0.2680414915 -0.4481256008 0.8528406620
197.8 292.8 2027.4 0.1371823698 0.9880846739 0.0697833970 -0.9901221991 0.1347228289 0.0388307385 0.0289666411 -0.0744209811 0.9968061447
233.9 31.8 2035.0 -0.0406510457 0.9941624999 0.0999418274 -0.9808055162 -0.0206127837 -0.1938959360 -0.1907039881 -0.1059055701 0.9759180546
-33.3 -107.9 2022.5 0.9791325927 0.0877192989 -0.1833159328 -0.0646590292 0.9896386266 0.1281974912 0.1926619262 -0.1136693135 0.9746592641
-68.2 -501.1 2067.6 0.9806214571 0.0496303812 -0.1895215958 -0.0405147485 0.9978417754 0.0516755693 0.1916772425 -0.0429957509 0.9805157781
149.9 -104.6 2027.6 0.9860150814 0.1093112305 -0.1257988065 -0.0964381099 0.9898649454 0.1042452157 0.1359190047 -0.0906555504 0.9865635037
106.5 -498.0 2063.6 0.9894911051 -0.0767796263 -0.1225246638 0.0930749029 0.9866881967 0.1333546788 0.1106547192 -0.1433572322 0.9834654331
-140.2 -223.6 1968.4 0 0 0 0 0 0 0 0 0
222.3 -248.5 1980.5 0 0 0 0 0 0 0 0 0
-87.1 -882.2 2084.0 0 0 0 0 0 0 0 0 0
135.8 -874.9 2118.4 0 0 0 0 0 0 0 0 0
49.8 496.7 2018.9 0 0.9986613393 -0.0170338657 -0.0488402061 0.0180387273 0.9996330738 0.0202080626 0.0484780632 -0.0210620258 0.9986021519
53.3 292.7 2023.2 0.9986613393 -0.0170338657 -0.0488402061 0.0180387273 0.9996330738 0.0202080626 0.0484780632 -0.0210620258 0.9986021519
56.4 94.0 2026.1 0.9986837506 -0.0159944333 -0.0487335436 0.0166827980 0.9997662902 0.0137511780 0.0485022105 -0.0145460898 0.9987171292
-92.6 290.2 2016.1 0.1672812253 -0.8790701628 -0.4463771880 0.9808151126 0.1024172455 0.1658687294 -0.1000935286 -0.4655601978 0.8793377876
-135.3 40.2 2041.7 0.0176192503 -0.8790767193 -0.4763545394 0.9639121890 0.1415109485 -0.2254949957 0.2656368017 -0.4551908970 0.8498460650
199.1 295.1 2030.3 0.1316173226 0.9892228842 0.0641482994 -0.9912191033 0.1305008382 0.0213128533 0.0127117541 -0.0663901642 0.9977127910
234.2 30.7 2033.7 -0.0385401472 0.9951218367 0.0908137485 -0.9813399911 -0.0205596667 -0.1911782473 -0.1883785576 -0.0964871943 0.9773452282
-32.7 -108.8 2025.2 0.9771047831 0.0937719643 -0.1909791678 -0.0721160173 0.9904676080 0.1173593178 0.2001636922 -0.1008996964 0.9745531082
-70.0 -502.4 2065.3 0.9802448750 0.0292870384 -0.1956072599 -0.0167236403 0.9977076054 0.0655734241 0.1970793009 -0.0610067472 0.9784875512
150.5 -105.5 2032.7 0.9851155281 0.1080321819 -0.1337028891 -0.0960171223 0.9909992218 0.0932803452 0.1425767541 -0.0790541470 0.9866216779
107.5 -499.3 2064.1 0.9898560047 -0.0607337430 -0.1284388155 0.0787359849 0.9870033860 0.1400890946 0.1182614118 -0.1487807930 0.9817731380
-140.1 -225.4 1968.5 0 0 0 0 0 0 0 0 0
223.2 -249.8 1979.9 0 0 0 0 0 0 0 0 0
-81.2 -883.4 2088.6 0 0 0 0 0 0 0 0 0
130.7 -876.3 2121.0 0 0 0 0 0 0 0 0 0
51.8 495.6 2015.3 1 0.9989123940 -0.0112553602 -0.0452476069 0.0125568295 0.9995125532 0.0285826977 0.0449038446 -0.0291197766 0.9985668063
54.1 292.2 2021.3 0.9989123940 -0.0112553602 -0.0452476069 0.0125568295 0.9995125532 0.0285826977 0.0449038446 -0.0291197766 0.9985668063
56.3 93.5 2025.8 0.9989221692 -0.0106574930 -0.0451770984 0.0116674025 0.9996865988 0.0221500173 0.0449268743 -0.0226532426 0.9987334013
-91.8 290.5 2014.7 0.1690389961 -0.8804562688 -0.4429701865 0.9798184633 0.1014689952 0.1722204238 -0.1066848114 -0.4631423056 0.8798394799
-134.5 42.8 2041.7 0.0167966466 -0.8804710507 -0.4738022685 0.9644899368 0.1391902417 -0.2244665921 0.2635850012 -0.4532072246 0.8515434265
200.1 293.9 2027.8 0.1285942048 0.9894341826 0.0669588447 -0.9913477898 0.1264630854 0.0351662040 0.0263268221 -0.0709016770 0.9971358180
234.1 31.7 2034.8 -0.0361970849 0.9947869778 0.0953344479 -0.9798466563 -0.0165765285 -0.1990621388 -0.1964441091 -0.1006186083 0.9753386974
-32.0 -106.2 2024.6 0.9771070480 0.0989558026 -0.1883335710 -0.0786458477 0.9905423522 0.1124308333 0.1976780593 -0.0950453058 0.9756484032
-71.3 -499.8 2062.3 0.9812913537 0.0298294835 -0.1902039200 -0.0121714408 0.9955600500 0.0933383107 0.1921436638 -0.0892770216 0.9772974849
151.2 -103.1 2033.5 0.9857856035 0.1048811823 -0.1312504709 -0.0937264487 0.9916591048 0.0884735584 0.1394349337 -0.0749143213 0.9873933792
109.5 -497.2 2063.2 0.9911261797 -0.0437311269 -0.1255250573 0.0614251569 0.9881377816 0.1407503933 0.1178808808 -0.1472117901 0.9820553660
-139.1 -222.9 1969.0 0 0 0 0 0 0 0 0 0
223.7 -248.4 1978.7 0 0 0 0 0 0 0 0 0
-82.7 -879.9 2096.4 0 0 0 0 0 0 0 0 0
126.2 -874.7 2119.5 0 0 0 0 0 0 0 0 0
52.5 495.6 2015.1 2 0.9993112087 -0.0106784711 -0.0355406031 0.0116005437 0.9995988011 0.0258399136 0.0352504104 -0.0262344051 0.9990341067
54.7 290.7 2020.4 0.9993112087 -0.0106784711 -0.0355406031 0.0116005437 0.9995988011 0.0258399136 0.0352504104 -0.0262344051 0.9990341067
56.9 92.0 2024.7 0.9993079901 -0.0111474115 -0.0354860425 0.0118920337 0.9997120500 0.0208420940 0.0352434888 -0.0212496724 0.9991528392
-91.3 288.9 2015.3 0.1745542884 -0.8837472200 -0.4341907799 0.9790064096 0.1086354777 0.1724667251 -0.1052484661 -0.4551803470 0.8841570020
-134.8 44.6 2041.6 0.0172420405 -0.8836279511 -0.4678721428 0.9647136331 0.1376658380 -0.2244453877 0.2627362311 -0.4474927485 0.8548215628
200.7 292.4 2025.6 0.1301063150 0.9887000918 0.0744611770 -0.9906747341 0.1265673041 0.0504414737 0.0404471382 -0.0803295597 0.9959473610
234.8 32.4 2036.2 -0.0355827138 0.9938510060 0.1048526838 -0.9795120955 -0.0138733685 -0.2009069771 -0.1982169449 -0.1098532826 0.9739826918
-33.2 -106.2 2026.2 0.9791252613 0.0961031839 -0.1791031808 -0.0773572177 0.9910409451 0.1088746116 0.1879617870 -0.0927469581 0.9777874947
-71.4 -500.0 2063.0 0.9831246138 0.0206760392 -0.1817649752 -0.0060541271 0.9967254400 0.0806336403 0.1828369498 -0.0781724900 0.9800304770
150.0 -104.0 2034.4 0.9867299199 0.1072316617 -0.1219238862 -0.0972740874 0.9916301370 0.0848963410 0.1300069839 -0.0719097257 0.9889020324
107.4 -498.1 2063.0 0.9909739494 -0.0671230480 -0.1160392463 0.0829661116 0.9870079160 0.1375937909 0.1052959412 -0.1459791958 0.9836680293
-139.6 -221.2 1969.2 0 0 0 0 0 0 0 0 0
224.7 -247.6 1979.5 0 0 0 0 0 0 0 0 0
-79.3 -880.7 2092.9 0 0 0 0 0 0 0 0 0
133.0 -875.1 2118.7 0 0 0 0 0 0 0 0 0
55.6 494.8 2013.9 3 0.9993432760 0.0007848751 -0.0362270884 0.0003266359 0.9995296597 0.0306656510 0.0362341180 -0.0306573454 0.9988729954
55.4 290.6 2020.2 0.9993432760 0.0007848751 -0.0362270884 0.0003266359 0.9995296597 0.0306656510 0.0362341180 -0.0306573454 0.9988729954
55.4 91.9 2024.8 0.9993434548 -0.0000082583 -0.0362299681 0.0008510500 0.9997293949 0.0232469197 0.0362199731 -0.0232624914 0.9990730286
-90.5 290.5 2014.9 0.1707976758 -0.8837026358 -0.4357727170 0.9804121256 0.1083982363 0.1644442379 -0.0980828032 -0.4553235471 0.8849068880
-133.6 43.2 2039.6 0.0234303847 -0.8834054470 -0.4680233002 0.9666501880 0.1394430399 -0.2148092836 0.2550262809 -0.4473817647 0.8572112918
201.4 290.7 2025.5 0.1295240670 0.9888488054 0.0734955519 -0.9905028939 0.1255800873 0.0559793971 0.0461255796 -0.0800482333 0.9957231879
235.3 31.9 2037.5 -0.0308946464 0.9940260649 0.1046791375 -0.9789721370 -0.0089652827 -0.2037968040 -0.2016408592 -0.1087741926 0.9734008312
-32.5 -107.7 2025.6 0.9789569974 0.0967984200 -0.1796475798 -0.0787613317 0.9913517237 0.1049684286 0.1882547140 -0.0886102915 0.9781147242
-71.0 -501.7 2060.9 0.9832124114 0.0233115777 -0.1809693426 -0.0068155355 0.9958050847 0.0912456736 0.1823372692 -0.0884804726 0.9792467952
150.8 -105.6 2032.1 0.9861162305 0.1129904538 -0.1216878891 -0.1023528129 0.9906322956 0.0903969705 0.1307619512 -0.0766868144 0.9884434342
105.9 -499.3 2062.6 0.9894858003 -0.0858846605 -0.1163686663 0.1015125439 0.9855204821 0.1358108968 0.1030196249 -0.1461958289 0.9838768840
-140.1 -223.1 1969.4 0 0 0 0 0 0 0 0 0
226.4 -248.0 1979.9 0 0 0 0 0 0 0 0 0
-79.9 -882.2 2094.7 0 0 0 0 0 0 0 0 0
138.7 -875.7 2118.4 0 0 0 0 0 0 0 0 0
57.0 494.7 2012.3 4 0.9995824695 0.0080684777 -0.0277441330 -0.0070887045 0.9993539453 0.0352334008 0.0280104894 -0.0350220203 0.9989939332
55.4 290.0 2019.5 0.9995824695 0.0080684777 -0.0277441330 -0.0070887045 0.9993539453 0.0352334008 0.0280104894 -0.0350220203 0.9989939332
53.7 91.4 2024.3 0.9995753765 0.0086120320 -0.0278362669 -0.0079391990 0.9996758103 0.0241919048 0.0280355848 -0.0239606351 0.9993197322
-90.6 291.2 2015.4 0.1805778146 -0.8861055374 -0.4268590808 0.9784338474 0.1175831258 0.1698274463 -0.1002936140 -0.4483204484 0.8882285357
-135.5 48.0 2040.3 0.0132169127 -0.8860071898 -0.4634830952 0.9658449292 0.1312749982 -0.2234064192 0.2587834299 -0.4447000623 0.8574805856
201.4 288.9 2023.6 0.1287215352 0.9884131551 0.0804377496 -0.9899389744 0.1232666969 0.0694703385 0.0587501004 -0.0885707885 0.9943357706
235.2 28.8 2039.0 -0.0304113515 0.9930809140 0.1134258285 -0.9772394896 -0.0057053040 -0.2120623142 -0.2099479139 -0.1172933057 0.9706513882
-36.2 -106.8 2026.1 0.9812206030 0.0877543241 -0.1717711240 -0.0719677359 0.9927686453 0.0960785076 0.1789602786 -0.0819122344 0.9804404974
-71.1 -501.3 2058.6 0.9848945737 0.0183585547 -0.1721791923 -0.0025764832 0.9958072901 0.0914397240 0.1731359959 -0.0896148756 0.9808124900
147.1 -106.6 2032.7 0.9883937836 0.1015020013 -0.1130269691 -0.0915623456 0.9917314053 0.0899172351 0.1212191731 -0.0785246193 0.9895149469
106.7 -500.8 2063.9 0.9913541079 -0.0744609982 -0.1080399230 0.0890585408 0.9865212440 0.1372750849 0.0963620320 -0.1457100958 0.9846232533
-139.2 -218.1 1969.0 0 0 0 0 0 0 0 0 0
226.5 -250.5 1979.0 0 0 0 0 0 0 0 0 0
-78.1 -881.8 2092.9 0 0 0 0 0 0 0 0 0
135.2 -877.7 2119.6 0 0 0 0 0 0 0 0 0
57.7 494.8 2011.6 5 0.9993577600 0.0133401658 -0.0332584567 -0.0121518075 0.9992893338 0.0356806517 0.0337108076 -0.0352535844 0.9988096952
54.9 290.7 2018.8 0.9993577600 0.0133401658 -0.0332584567 -0.0121518075 0.9992893338 0.0356806517 0.0337108076 -0.0352535844 0.9988096952
52.3 92.0 2024.2 0.9993547797 0.0132983793 -0.0333648436 -0.0123761110 0.9995397329 0.0276977923 0.0337178223 -0.0272669941 0.9990593791
-91.0 292.5 2013.8 0.1691215783 -0.8851276636 -0.4335284829 0.9809328914 0.1084298939 0.1612872779 -0.0957523882 -0.4525395334 0.8865886927
-133.3 47.4 2037.7 0.0243580807 -0.8848117590 -0.4653115273 0.9655383825 0.1414642632 -0.2184570581 0.2591183186 -0.4439549446 0.8577655554
200.9 288.9 2023.7 0.1253445446 0.9893270135 0.0743022561 -0.9896823764 0.1194467545 0.0791280121 0.0694083199 -0.0834539011 0.9940915108
234.1 26.7 2042.1 -0.0302465949 0.9936203361 0.1086452603 -0.9747961164 -0.0052863020 -0.2230349034 -0.2210376859 -0.1126530245 0.9687371254
-39.7 -106.5 2026.5 0.9809930921 0.0784786940 -0.1774644405 -0.0626358092 0.9936766028 0.0931856856 0.1836553514 -0.0802988857 0.9797054529
-70.9 -501.4 2058.4 0.9836409688 0.0307472330 -0.1774967760 -0.0143792052 0.9955831766 0.0927760601 0.1795654148 -0.0887060687 0.9797384739
143.6 -108.0 2031.6 0.9886204600 0.0922727957 -0.1188078895 -0.0821201354 0.9927567244 0.0876944661 0.1260391474 -0.0769400224 0.9890370965
107.0 -502.5 2062.2 0.9904517531 -0.0775442347 -0.1139834523 0.0930651724 0.9860713482 0.1378482282 0.1017064825 -0.1471399069 0.9838727713
-140.0 -218.6 1966.4 0 0 0 0 0 0 0 0 0
225.5 -252.0 1978.9 0 0 0 0 0 0 0 0 0
-82.6 -881.8 2092.3 0 0 0 0 0 0 0 0 0
136.6 -879.3 2118.4 0 0 0 0 0 0 0 0 0
59.3 494.3 2011.7 6 0.9992173314 0.0167610217 -0.0358306244 -0.0155210542 0.9992803931 0.0346087962 0.0363849215 -0.0340255797 0.9987584352
55.9 289.6 2018.6 0.9992173314 0.0167610217 -0.0358306244 -0.0155210542 0.9992803931 0.0346087962 0.0363849215 -0.0340255797 0.9987584352
52.5 91.0 2023.8 0.9992059469 0.0171381477 -0.0359683149 -0.0161899347 0.9995179772 0.0264901649 0.0364049710 -0.0258868057 0.9990018010
-90.1 292.0 2013.3 0.1826512963 -0.8827246428 -0.4329384267 0.9776742458 0.1165445298 0.1748441309 -0.1038826257 -0.4552082419 0.8843041658
-135.1 51.0 2038.9 0.0161231104 -0.8825879097 -0.4698708653 0.9637508988 0.1388844699 -0.2278053313 0.2663159966 -0.4491655529 0.8528341651
201.9 287.3 2023.9 0.1203471050 0.9902102947 0.0707120076 -0.9896336198 0.1140436232 0.0872888714 0.0783700868 -0.0804839432 0.9936702251
233.6 26.6 2044.6 -0.0248712283 0.9941319823 0.1052761003 -0.9728183150 0.0001846393 -0.2315695882 -0.2302301675 -0.1081739366 0.9671052098
-42.0 -105.4 2026.5 0.9810305238 0.0740351379 -0.1791590154 -0.0566531681 0.9933461547 0.1002686769 0.1853903234 -0.0882167071 0.9786972404
-71.4 -500.2 2061.6 0.9830594659 0.0219920855 -0.1819628626 -0.0110992938 0.9980964065 0.0606659874 0.1829506457 -0.0576186106 0.9814321995
141.3 -107.7 2032.7 0.9896382093 0.0767192319 -0.1213688403 -0.0667229071 0.9941962361 0.0843909904 0.1271388531 -0.0754184648 0.9890135527
110.8 -502.8 2062.7 0.9922173023 -0.0427599922 -0.1169462353 0.0590036400 0.9885086417 0.1391734481 0.1096513048 -0.1449905485 0.9833383560
-139.5 -214.5 1965.5 0 0 0 0 0 0 0 0 0
226.5 -251.5 1978.8 0 0 0 0 0 0 0 0 0
-79.8 -881.4 2083.6 0 0 0 0 0 0 0 0 0
127.1 -880.3 2118.0 0 0 0 0 0 0 0 0 0
59.0 493.3 2012.7 7 0.9971173406 0.0079183346 -0.0754608139 -0.0052988040 0.9993784428 0.0348509923 0.0756898746 -0.0343506746 0.9965395331
57.4 289.3 2019.7 0.9971173406 0.0079183346 -0.0754608139 -0.0052988040 0.9993784428 0.0348509923 0.0756898746 -0.0343506746 0.9965395331
55.9 90.6 2024.7 0.9971147180 0.0075402143 -0.0755338967 -0.0056353435 0.9996615052 0.0254002195 0.0756998509 -0.0249012727 0.9968196750
-88.2 290.1 2008.7 0.1816747189 -0.8654981852 -0.4668053687 0.9773449302 0.1065031067 0.1829041243 -0.1085869595 -0.4894589186 0.8652392030
-133.1 48.5 2035.5 0.0247873403 -0.8652611971 -0.5007081628 0.9656895995 0.1502437145 -0.2118263394 0.2585133612 -0.4782780707 0.8392978907
202.9 288.4 2030.8 0.1127291843 0.9930537343 0.0337112248 -0.9919472337 0.1105027497 0.0618855655 0.0577305071 -0.0404160656 0.9975137711
232.9 24.5 2046.1 -0.0123826833 0.9977663159 0.0656430870 -0.9719306827 0.0034145643 -0.2352425456 -0.2349412441 -0.0667134672 0.9697174430
-42.5 -106.1 2025.6 0.9731174707 0.0752166733 -0.2176805139 -0.0520269163 0.9925274253 0.1103742048 0.2243558615 -0.0960818231 0.9697591066
-72.4 -500.5 2063.8 0.9748649597 0.0154946223 -0.2222572118 -0.0060317102 0.9990485907 0.0431921966 0.2227150053 -0.0407659672 0.9740309119
140.7 -109.1 2032.3 0.9839121103 0.0781167746 -0.1606694907 -0.0645481125 0.9940260649 0.0880094916 0.1665846854 -0.0762226954 0.9830766320
109.7 -504.1 2062.5 0.9862439632 -0.0533157960 -0.1564617902 0.0753943026 0.9874522090 0.1387583017 0.1471005380 -0.1486458629 0.9778884649
-139.9 -217.5 1964.3 0 0 0 0 0 0 0 0 0
229.4 -253.3 1979.0 0 0 0 0 0 0 0 0 0
-78.4 -882.2 2079.3 0 0 0 0 0 0 0 0 0
130.1 -881.3 2119.3 0 0 0 0 0 0 0 0 0
59.9 492.6 2011.7 8 0.9965497255 0.0082256943 -0.0825895965 -0.0050690919 0.9992512465 0.0383575261 0.0828432739 -0.0378065258 0.9958451986
58.2 288.7 2019.4 0.9965497255 0.0082256943 -0.0825895965 -0.0050690919 0.9992512465 0.0383575261 0.0828432739 -0.0378065258 0.9958451986
57.1 90.1 2025.1 0.9965613484 0.0057799187 -0.0826560333 -0.0034024185 0.9995772243 0.0288757700 0.0827879906 -0.0284952465 0.9961597323
-87.3 289.2 2007.4 0.1776101291 -0.8610261679 -0.4765381813 0.9797965288 0.1094767675 0.1673725992 -0.0919423178 -0.4966375232 0.8630746007
-131.7 44.6 2030.3 0.0315690599 -0.8604613543 -0.5085366964 0.9691918492 0.1507003158 -0.1948243380 0.2442754656 -0.4867192507 0.8387096524
203.7 288.2 2031.5 0.1162745729 0.9928650260 0.0264443606 -0.9912391305 0.1143223867 0.0661468655 0.0626517236 -0.0339038819 0.9974594116
234.7 24.7 2048.2 -0.0099257389 0.9981489182 0.0600014403 -0.9724031091 0.0043525617 -0.2332664728 -0.2330958396 -0.0606609285 0.9705599546
-37.0 -107.5 2022.8 0.9704476595 0.0878489390 -0.2247531116 -0.0634221360 0.9914892912 0.1136955023 0.2328283191 -0.0960812122 0.9677599669
-71.9 -501.5 2060.9 0.9732161760 0.0136231659 -0.2294878364 -0.0008280040 0.9984439015 0.0557595566 0.2298903465 -0.0540760867 0.9717130065
145.8 -108.5 2036.6 0.9818753600 0.0864841640 -0.1686453670 -0.0736155733 0.9939811826 0.0811306834 0.1746468395 -0.0672452897 0.9823322296
111.4 -503.5 2063.4 0.9858019948 -0.0417242609 -0.1626454443 0.0658336133 0.9871228337 0.1457891017 0.1544680744 -0.1544267237 0.9758545160
-140.3 -222.4 1963.0 0 0 0 0 0 0 0 0 0
231.8 -253.3 1981.6 0 0 0 0 0 0 0 0 0
-77.1 -882.9 2081.6 0 0 0 0 0 0 0 0 0
127.3 -880.7 2122.4 0 0 0 0 0 0 0 0 0
60.3 491.0 2012.3 9 0.9957736731 0.0107884733 -0.0912052393 -0.0072162179 0.9991971850 0.0394066460 0.0915571600 -0.0385819450 0.9950520992
58.1 287.5 2020.1 0.9957736731 0.0107884733 -0.0912052393 -0.0072162179 0.9991971850 0.0394066460 0.0915571600 -0.0385819450 0.9950520992
56.5 88.9 2025.5 0.9957883358 0.0081649562 -0.0913175866 -0.0056690183 0.9996041059 0.0275585596 0.0915064514 -0.0269248113 0.9954404235
-87.3 288.3 2006.7 0.1784886867 -0.8568466306 -0.4836896062 0.9797909856 0.1096707657 0.1672778875 -0.0902848840 -0.5037719607 0.8591056466
-131.5 46.1 2029.1 0.0279734731 -0.8564323783 -0.5155007839 0.9684082866 0.1510577351 -0.1984109282 0.2477959245 -0.4936649799 0.8336018324
203.5 286.7 2033.5 0.1228589788 0.9922727346 0.0173340365 -0.9902102351 0.1214001849 0.0688889623 0.0662522838 -0.0256279688 0.9974737167
235.9 25.6 2050.9 -0.0121178050 0.9985036850 0.0533244126 -0.9730121493 0.0005147897 -0.2307534218 -0.2304355949 -0.0546815246 0.9715499878
-35.4 -108.2 2023.2 0.9685058594 0.0871763378 -0.2332310230 -0.0628174320 0.9919538498 0.1099161282 0.2409365028 -0.0918034390 0.9661892653
-70.1 -502.4 2059.7 0.9715484381 0.0276241787 -0.2352244854 -0.0073921676 0.9962276816 0.0864626095 0.2367255986 -0.0822637901 0.9680876136
147.3 -108.8 2038.4 0.9800226092 0.0900372267 -0.1773387641 -0.0773816183 0.9940201640 0.0770451501 0.1832152307 -0.0617832281 0.9811294675
111.5 -503.9 2063.0 0.9841849804 -0.0458526760 -0.1711065918 0.0706104860 0.9874111414 0.1415394545 0.1624625921 -0.1513829231 0.9750328660
-139.2 -220.7 1960.8 0 0 0 0 0 0 0 0 0
232.5 -252.5 1985.1 0 0 0 0 0 0 0 0 0
-80.6 -882.9 2091.1 0 0 0 0 0 0 0 0 0
129.0 -881.1 2120.8 0 0 0 0 0 0 0 0 0
62.2 492.2 2011.5 0 0.9931737781 0.0142818661 -0.1157665327 -0.0093463752 0.9990285635 0.0430644117 0.1162691191 -0.0416884497 0.9923424721
59.3 288.6 2020.0 0.9931737781 0.0142818661 -0.1157665327 -0.0093463752 0.9990285635 0.0430644117 0.1162691191 -0.0416884497 0.9923424721
56.9 90.0 2026.1 0.9931903481 0.0117152985 -0.1159123927 -0.0080719423 0.9994600415 0.0318516232 0.1162229553 -0.0306990854 0.9927486181
-85.8 289.8 2003.0 0.1846142858 -0.8435445428 -0.5043314099 0.9787442088 0.1111641824 0.1723434776 -0.0893158093 -0.5254285336 0.8461368680
-132.0 44.8 2025.4 0.0218858588 -0.8433658481 -0.5368939042 0.9682236910 0.1516983062 -0.1988228410 0.2491262853 -0.5154819489 0.8198868632
204.3 287.4 2037.0 0.1148349121 0.9933631420 -0.0065274704 -0.9911050797 0.1150138229 0.0669519752 0.0672583729 -0.0012190145 0.9977348447
235.0 22.7 2054.9 -0.0050432659 0.9995828271 0.0284390170 -0.9719142914 0.0017916284 -0.2353282273 -0.2352810055 -0.0288271103 0.9714998007
-36.5 -109.3 2022.4 0.9627397656 0.0878986716 -0.2557458580 -0.0568763502 0.9903633595 0.1262757182 0.2643808126 -0.1070247591 0.9584615231
