12.2 497.4 2189.1 1 0.9974957705 -0.0181671530 0.0683526620 0.0184678566 0.9998223186 -0.0037699125 -0.0682720318 0.0050227991 0.9976540804
15.8 297.0 2188.1 0.9974957705 -0.0181671530 0.0683526620 0.0184678566 0.9998223186 -0.0037699125 -0.0682720318 0.0050227991 0.9976540804
19.2 98.3 2186.5 0.9975089431 -0.0172442142 0.0684001073 0.0177264158 0.9998220801 -0.0064489860 -0.0682767257 0.0076454096 0.9976371527
-124.6 294.5 2197.7 0.1818139404 -0.7910099030 -0.5841635466 0.9832836986 0.1403015554 0.1160544455 -0.0098411683 -0.5954988003 0.8032959104
-175.5 19.0 2200.4 0.0162783153 -0.7920602560 -0.6102258563 0.9444049001 0.2126197666 -0.2507831156 0.3283814192 -0.5722179413 0.7514866590
156.2 299.5 2178.4 0.1434240192 0.6599689126 0.7374758124 -0.9847556949 0.1692741960 0.0400310308 -0.0984163955 -0.7319749594 0.6741861105
196.1 25.5 2151.1 -0.0372555368 0.6604316831 0.7499613762 -0.9617381096 0.1801454425 -0.2064157426 -0.2714256048 -0.7289565206 0.6284508705
-70.3 -101.8 2191.2 0.9893262386 0.0588895120 0.1332878172 -0.0542692319 0.9978015423 -0.0380385406 -0.1352348626 0.0303990990 0.9903471470
-93.7 -498.5 2179.1 0.9855748415 -0.0869853571 0.1451751143 0.0421754122 0.9569791555 0.2870750427 -0.1639008969 -0.2768111229 0.9468432069
112.8 -99.8 2178.4 0.8635066152 0.0181594659 -0.5040104985 -0.0664525181 0.9947353005 -0.0780109242 0.4999403954 0.1008557156 0.8601672649
105.6 -495.3 2138.3 0.8778606057 -0.0646083727 -0.4745381773 0.1938072741 0.9540246725 0.2286387086 0.4379491508 -0.2926818728 0.8500222564
-180.2 -251.1 2106.5 0 0 0 0 0 0 0 0 0
185.5 -249.5 2073.4 0 0 0 0 0 0 0 0 0
-60.4 -864.2 2284.9 0 0 0 0 0 0 0 0 0
130.3 -860.1 2250.2 0 0 0 0 0 0 0 0 0
12.1 495.2 2189.9 2 0.9982011914 -0.0216573086 0.0559047498 0.0219434518 0.9997490644 -0.0045095906 -0.0557930544 0.0057282220 0.9984259009
16.5 295.1 2188.8 0.9982011914 -0.0216573086 0.0559047498 0.0219434518 0.9997490644 -0.0045095906 -0.0557930544 0.0057282220 0.9984259009
20.6 96.3 2187.0 0.9982128143 -0.0209268723 0.0559749343 0.0213965680 0.9997406006 -0.0078050001 -0.0557970777 0.0089887232 0.9984016418
-124.0 292.1 2196.6 0.1856708527 -0.7840684056 -0.5922524929 0.9824776649 0.1381693482 0.1250872761 -0.0162458364 -0.6050999165 0.7959837317
-176.0 17.2 2201.2 0.0155305741 -0.7851954699 -0.6190532446 0.9463045001 0.2114851624 -0.2445032597 0.3229034245 -0.5820155740 0.7463184595
156.9 298.1 2180.9 0.1415569037 0.6684185266 0.7301906347 -0.9843987823 0.1729144305 0.0325521007 -0.1045020744 -0.7234067321 0.6824675798
195.9 27.2 2152.2 -0.0399054140 0.6685932875 0.7425568104 -0.9613269567 0.1769823581 -0.2110159993 -0.2725033164 -0.7222605348 0.6356741786
-68.9 -102.1 2191.3 0.9907265306 0.0611431636 0.1213361770 -0.0573607720 0.9977596998 -0.0344278924 -0.1231693774 0.0271486901 0.9920142293
-93.2 -498.8 2180.5 0.9873573780 -0.0842748880 0.1342503577 0.0447961465 0.9607807994 0.2736669481 -0.1520484239 -0.2641931772 0.9524091482
114.2 -98.9 2178.8 0.8570187688 0.0288062450 -0.5144793987 -0.0839063898 0.9929118752 -0.0841769055 0.5084078908 0.1153092980 0.8533611298
102.7 -493.6 2132.9 0.8754873872 -0.0831220150 -0.4760384560 0.2247104794 0.9421381354 0.2487588376 0.4278166294 -0.3247560561 0.8435084224
-180.4 -253.5 2108.8 0 0 0 0 0 0 0 0 0
184.5 -247.7 2074.2 0 0 0 0 0 0 0 0 0
-61.0 -866.1 2281.5 0 0 0 0 0 0 0 0 0
134.5 -853.5 2257.0 0 0 0 0 0 0 0 0 0
12.9 495.5 2188.4 3 0.9981282949 -0.0177833717 0.0585117675 0.0177791603 0.9998417497 0.0005926170 -0.0585130453 0.0004487823 0.9982865453
16.4 295.1 2188.3 0.9981282949 -0.0177833717 0.0585117675 0.0177791603 0.9998417497 0.0005926170 -0.0585130453 0.0004487823 0.9982865453
19.9 96.4 2187.7 0.9981286526 -0.0176260583 0.0585533082 0.0177591536 0.9998407364 -0.0017534498 -0.0585130788 0.0027900257 0.9982827306
-124.0 292.6 2196.5 0.1849906892 -0.7852808237 -0.5908574462 0.9825661182 0.1364771575 0.1262448281 -0.0184991043 -0.6039106250 0.7968373299
-176.4 14.6 2201.7 0.0132643823 -0.7868245840 -0.6170341372 0.9434818029 0.2142208964 -0.2528864145 0.3311588466 -0.5788061023 0.7451961637
156.9 297.6 2180.0 0.1405484974 0.6666413546 0.7320078015 -0.9849342704 0.1693798453 0.0348567665 -0.1007504091 -0.7258786559 0.6804039478
195.6 26.1 2152.3 -0.0409312584 0.6670020819 0.7439306974 -0.9610777497 0.1773221344 -0.2118642926 -0.2732293010 -0.7236470580 0.6337828040
-66.8 -104.4 2190.3 0.9900485277 0.0677942112 0.1233202741 -0.0638052598 0.9973121881 -0.0360175520 -0.1254305989 0.0277906433 0.9917131066
-93.8 -500.9 2179.3 0.9863206744 -0.0890029594 0.1387442648 0.0448831990 0.9549072385 0.2934921086 -0.1586095840 -0.2832500339 0.9458395243
116.4 -100.5 2180.1 0.8579305410 0.0338764079 -0.5126476288 -0.0875071287 0.9928787351 -0.0808350071 0.5062584877 0.1142111346 0.8547854424
102.9 -495.2 2134.7 0.8762710690 -0.0808867365 -0.4749803543 0.2176778167 0.9459265471 0.2404980808 0.4298434258 -0.3141342103 0.8464953303
-180.2 -255.2 2107.0 0 0 0 0 0 0 0 0 0
183.9 -248.7 2074.1 0 0 0 0 0 0 0 0 0
-59.7 -865.9 2287.5 0 0 0 0 0 0 0 0 0
133.8 -856.7 2254.7 0 0 0 0 0 0 0 0 0
12.6 498.0 2187.6 4 0.9983344078 -0.0122416839 0.0563785955 0.0118637569 0.9999048710 0.0070332238 -0.0564593337 -0.0063526472 0.9983847141
15.1 297.3 2188.8 0.9983344078 -0.0122416839 0.0563785955 0.0118637569 0.9999048710 0.0070332238 -0.0564593337 -0.0063526472 0.9983847141
17.3 98.5 2189.2 0.9983404875 -0.0114803025 0.0564310178 0.0113508571 0.9999321699 0.0026138732 -0.0564571992 -0.0019689950 0.9984030724
-125.4 295.7 2196.8 0.1782408655 -0.7843276262 -0.5941888690 0.9838547707 0.1321597099 0.1206798181 -0.0161246825 -0.6061056256 0.7952207327
-176.3 14.8 2201.4 0.0183045585 -0.7857580185 -0.6182631254 0.9447526932 0.2160011977 -0.2465477884 0.3272724748 -0.5795927644 0.7463008165
155.6 298.9 2180.9 0.1445887536 0.6670014262 0.7308920622 -0.9835993648 0.1773762852 0.0327095911 -0.1078255773 -0.7236344218 0.6817087531
195.9 24.8 2150.8 -0.0407639332 0.6669626832 0.7439752221 -0.9614558816 0.1764554530 -0.2108698338 -0.2719207704 -0.7238951921 0.6340621710
-68.1 -104.0 2192.5 0.9905698895 0.0650675148 0.1205714718 -0.0608643144 0.9974138141 -0.0382252857 -0.1227468774 0.0305263195 0.9919683933
-94.0 -500.6 2180.4 0.9868589640 -0.0883869976 0.1352670044 0.0455271639 0.9553110003 0.2920755744 -0.1550377309 -0.2820790708 0.9467812181
115.0 -100.8 2181.8 0.8562720418 0.0318042450 -0.5155450106 -0.0912586302 0.9917162061 -0.0903925598 0.5083994865 0.1244485527 0.8520812988
102.4 -495.1 2132.3 0.8761534095 -0.0830525681 -0.4748235941 0.2239392698 0.9424228668 0.2483754307 0.4268563986 -0.3239466250 0.8443057537
-181.6 -255.3 2107.8 0 0 0 0 0 0 0 0 0
184.2 -250.2 2073.1 0 0 0 0 0 0 0 0 0
-60.2 -865.8 2288.2 0 0 0 0 0 0 0 0 0
134.1 -855.3 2256.1 0 0 0 0 0 0 0 0 0
13.0 499.6 2187.2 5 0.9982688427 -0.0112692434 0.0577267632 0.0107135251 0.9998933077 0.0099271704 -0.0578324758 -0.0092915269 0.9982830882
15.3 299.0 2189.0 0.9982688427 -0.0112692434 0.0577267632 0.0107135251 0.9998933077 0.0099271704 -0.0578324758 -0.0092915269 0.9982830882
17.3 100.2 2189.8 0.9982765317 -0.0102227768 0.0577880554 0.0099953050 0.9999411106 0.0042240098 -0.0578278340 -0.0036391206 0.9983199239
-125.2 297.6 2197.2 0.1790128946 -0.7848251462 -0.5932991505 0.9837169647 0.1329874396 0.1208936945 -0.0159790758 -0.6052799225 0.7958523035
-176.2 17.6 2201.7 0.0180658884 -0.7861183882 -0.6178118587 0.9457945824 0.2138352096 -0.2444323003 0.3242626488 -0.5799071789 0.7473696470
155.8 300.4 2180.9 0.1437467486 0.6661390066 0.7318440676 -0.9838317037 0.1760252267 0.0330197811 -0.1068272516 -0.7247578502 0.6806716919
195.4 28.8 2151.4 -0.0450953729 0.6659638882 0.7446197271 -0.9619286060 0.1721773148 -0.2122457922 -0.2695546448 -0.7258423567 0.6328453422
-72.0 -101.3 2194.8 0.9910519123 0.0559696667 0.1211753115 -0.0504681841 0.9975712299 -0.0480059423 -0.1235678867 0.0414608829 0.9914696217
-94.2 -497.9 2178.3 0.9876514077 -0.0827917010 0.1330047101 0.0402017385 0.9544649124 0.2956020534 -0.1514217257 -0.2866047621 0.9460069537
111.2 -99.2 2184.4 0.8570674658 0.0201845691 -0.5148086548 -0.0832206532 0.9915340543 -0.0996720418 0.5084384680 0.1282683760 0.8514913917
103.2 -493.4 2133.4 0.8755095601 -0.0788759440 -0.4767196178 0.2190893143 0.9441452026 0.2461498082 0.4306772351 -0.3199506998 0.8438889980
-181.4 -252.9 2109.0 0 0 0 0 0 0 0 0 0
182.5 -246.3 2074.3 0 0 0 0 0 0 0 0 0
-62.6 -862.8 2287.9 0 0 0 0 0 0 0 0 0
133.4 -854.3 2255.8 0 0 0 0 0 0 0 0 0
13.0 496.6 2187.0 6 0.9984745383 -0.0074242083 0.0547123626 0.0068420242 0.9999180436 0.0108204614 -0.0547882132 -0.0104296124 0.9984435439
14.5 296.2 2189.1 0.9984745383 -0.0074242083 0.0547123626 0.0068420242 0.9999180436 0.0108204614 -0.0547882132 -0.0104296124 0.9984435439
16.0 97.4 2189.7 0.9984703064 -0.0075880820 0.0547673479 0.0074077370 0.9999664426 0.0034951896 -0.0547920354 -0.0030841408 0.9984930158
-126.1 295.2 2196.8 0.1786254495 -0.7835473418 -0.5951020718 0.9837291837 0.1303998381 0.1235831901 -0.0192320682 -0.6074943542 0.7940911055
-176.1 19.8 2202.2 0.0190090965 -0.7848692536 -0.6193697453 0.9465926290 0.2135573179 -0.2415692657 0.3218712211 -0.5816988349 0.7470109463
155.0 297.2 2181.4 0.1489995718 0.6682975292 0.7288193107 -0.9832935333 0.1780717671 0.0377396718 -0.1045608148 -0.7222664952 0.6836652160
195.6 29.6 2152.9 -0.0525853001 0.6677932143 0.7424870133 -0.9610312581 0.1682225764 -0.2193627805 -0.2713920772 -0.7250885367 0.6329241395
-72.3 -99.5 2195.8 0.9915281534 0.0537791140 0.1182358116 -0.0487071089 0.9977817535 -0.0453783460 -0.1204139441 0.0392349847 0.9919481277
-93.7 -496.2 2180.2 0.9882383943 -0.0816661641 0.1292886287 0.0424932204 0.9588139057 0.2808384597 -0.1468987465 -0.2720414698 0.9510069489
110.9 -97.7 2185.2 0.8554518819 0.0138290524 -0.5176976919 -0.0773622617 0.9918393493 -0.1013400182 0.5120714903 0.1267417669 0.8495406508
105.4 -492.0 2134.8 0.8729978204 -0.0651708469 -0.4833503067 0.2014965415 0.9506958127 0.2357470244 0.4441552758 -0.3032000661 0.8430870771
-181.5 -250.9 2110.1 0 0 0 0 0 0 0 0 0
180.5 -245.3 2075.3 0 0 0 0 0 0 0 0 0
-62.4 -862.7 2284.2 0 0 0 0 0 0 0 0 0
130.3 -855.4 2250.7 0 0 0 0 0 0 0 0 0
12.7 494.3 2187.4 7 0.9988408685 -0.0083885631 0.0473971888 0.0080146035 0.9999352694 0.0080744484 -0.0474618524 -0.0076852199 0.9988434911
14.4 294.0 2188.9 0.9988408685 -0.0083885631 0.0473971888 0.0080146035 0.9999352694 0.0080744484 -0.0474618524 -0.0076852199 0.9988434911
16.0 95.2 2188.9 0.9988399744 -0.0081330491 0.0474609658 0.0081253890 0.9999669194 0.0003543396 -0.0474622771 0.0000317102 0.9988730550
-126.2 292.9 2195.6 0.1788422167 -0.7802442908 -0.5993615389 0.9835439324 0.1259108335 0.1295678020 -0.0256284289 -0.6126706004 0.7899227142
-176.4 17.1 2202.8 0.0178204738 -0.7821308970 -0.6228592992 0.9446146488 0.2173444182 -0.2458954901 0.3276974559 -0.5839800835 0.7426854372
154.9 295.2 2182.2 0.1482755095 0.6734563112 0.7242037058 -0.9829680920 0.1807594895 0.0331625938 -0.1085731387 -0.7167863250 0.6887882352
195.2 28.1 2152.7 -0.0554288179 0.6726835966 0.7378512025 -0.9604618549 0.1660121977 -0.2235016376 -0.2728382051 -0.7210663557 0.6368851066
-74.1 -102.1 2195.3 0.9925154448 0.0498506501 0.1114807799 -0.0457333215 0.9981845617 -0.0391917154 -0.1132321283 0.0337999947 0.9929934740
-93.9 -498.9 2181.9 0.9892659187 -0.0810583457 0.1215832010 0.0436809994 0.9580357075 0.2833011448 -0.1394449770 -0.2749493122 0.9512928128
109.1 -100.7 2185.3 0.8517609835 0.0120557165 -0.5237918496 -0.0758014247 0.9920523167 -0.1004307121 0.5184181929 0.1252471358 0.8459053040
104.3 -495.2 2135.5 0.8687823415 -0.0717433691 -0.4899695516 0.2109961212 0.9487679601 0.2352021337 0.4479932189 -0.3077211380 0.8394103646
-181.5 -253.1 2109.1 0 0 0 0 0 0 0 0 0
179.4 -246.6 2074.7 0 0 0 0 0 0 0 0 0
-63.0 -865.2 2287.0 0 0 0 0 0 0 0 0 0
131.7 -857.8 2253.1 0 0 0 0 0 0 0 0 0
11.9 494.7 2187.1 8 0.9986661077 -0.0121882912 0.0501738675 0.0115631260 0.9998520613 0.0127314646 -0.0503216200 -0.0121343154 0.9986593723
14.3 294.0 2189.5 0.9986661077 -0.0121882912 0.0501738675 0.0115631260 0.9998520613 0.0127314646 -0.0503216200 -0.0121343154 0.9986593723
16.3 95.2 2190.3 0.9986848831 -0.0100830616 0.0502682067 0.0098813064 0.9999421239 0.0042604865 -0.0503082536 -0.0037581678 0.9987266660
-126.2 292.6 2196.6 0.1781922877 -0.7814056277 -0.5980408192 0.9836975336 0.1265021116 0.1278137714 -0.0242209733 -0.6110666990 0.7912084460
-176.6 14.6 2203.4 0.0152438292 -0.7833905220 -0.6213428378 0.9444088340 0.2153894156 -0.2483936399 0.3284198940 -0.5830152035 0.7431242466
154.9 295.4 2182.4 0.1473146379 0.6710298657 0.7266480327 -0.9831568003 0.1796897650 0.0333809219 -0.1081716195 -0.7193264365 0.6861984730
195.1 26.8 2152.9 -0.0570767224 0.6702998877 0.7398921251 -0.9601143599 0.1663326472 -0.2247529477 -0.2737200856 -0.7232092023 0.6340708137
-74.0 -104.3 2193.3 0.9920741320 0.0521298386 0.1143304184 -0.0483559817 0.9981977344 -0.0355388150 -0.1159769967 0.0297285784 0.9928069115
-94.8 -501.2 2181.4 0.9878069758 -0.0929544792 0.1248875186 0.0551492795 0.9590969086 0.2776539326 -0.1455884129 -0.2673810124 0.9525289536
109.3 -102.8 2184.6 0.8533463478 0.0123304063 -0.5211985707 -0.0734689012 0.9925879240 -0.0968064815 0.5161417723 0.1209013462 0.8479272127
104.4 -497.5 2136.5 0.8698399663 -0.0664229691 -0.4888419509 0.2026701719 0.9515293241 0.2313369662 0.4497813582 -0.3002998233 0.8411401510
-181.0 -255.5 2109.5 0 0 0 0 0 0 0 0 0
178.8 -247.8 2074.6 0 0 0 0 0 0 0 0 0
-59.2 -867.8 2283.7 0 0 0 0 0 0 0 0 0
129.7 -861.2 2251.3 0 0 0 0 0 0 0 0 0
11.5 494.0 2187.4 9 0.9986823797 -0.0124911359 0.0497746021 0.0118431244 0.9998415112 0.0132926516 -0.0499327555 -0.0126856491 0.9986720085
14.0 293.5 2190.0 0.9986823797 -0.0124911359 0.0497746021 0.0118431244 0.9998415112 0.0132926516 -0.0499327555 -0.0126856491 0.9986720085
16.0 94.7 2190.7 0.9987053275 -0.0099975755 0.0498765856 0.0097990166 0.9999430776 0.0042239577 -0.0499159768 -0.0037297476 0.9987464547
-126.5 292.1 2197.0 0.1778448373 -0.7810368538 -0.5986256003 0.9838024974 0.1272405982 0.1262635738 -0.0224470291 -0.6113846898 0.7910150886
-176.7 14.6 2203.3 0.0148657607 -0.7831110358 -0.6217042208 0.9434372783 0.2169503570 -0.2507161796 0.3312175572 -0.5828118920 0.7420412898
154.6 294.9 2182.9 0.1490028650 0.6712177396 0.7261300683 -0.9829747081 0.1803832203 0.0349656790 -0.1075121015 -0.7189775109 0.6866676807
195.1 27.4 2153.7 -0.0574085973 0.6703258753 0.7398428917 -0.9609625340 0.1638033837 -0.2229786217 -0.2706570923 -0.7237622142 0.6347543001
-73.3 -104.5 2195.6 0.9923744798 0.0489843339 0.1131082252 -0.0433273166 0.9977096915 -0.0519433767 -0.1153935865 0.0466466025 0.9922239780
-92.8 -501.2 2177.1 0.9893855453 -0.0772691369 0.1230677366 0.0377107747 0.9544211626 0.2960711122 -0.1403356194 -0.2882875204 0.9472044110
110.0 -102.7 2186.4 0.8530770540 0.0159517694 -0.5215410590 -0.0777962878 0.9922488928 -0.0969014764 0.5159527659 0.1232383847 0.8477057219
103.6 -497.2 2137.4 0.8692381978 -0.0729343817 -0.4889841676 0.2069313377 0.9519266486 0.2258650661 0.4490037560 -0.2975167036 0.8425434232
-181.0 -255.2 2108.6 0 0 0 0 0 0 0 0 0
178.7 -247.4 2076.3 0 0 0 0 0 0 0 0 0
-63.2 -865.9 2287.3 0 0 0 0 0 0 0 0 0
131.5 -861.1 2251.1 0 0 0 0 0 0 0 0 0
12.2 492.9 2187.1 0 0.9990943670 -0.0131779155 0.0404566526 0.0128606632 0.9998845458 0.0080920653 -0.0405586176 -0.0075644380 0.9991485476
14.8 292.6 2188.6 0.9990943670 -0.0131779155 0.0404566526 0.0128606632 0.9998845458 0.0080920653 -0.0405586176 -0.0075644380 0.9991485476
17.1 93.8 2188.9 0.9991118312 -0.0115220435 0.0405315645 0.0114492839 0.9999324083 0.0020268210 -0.0405521803 -0.0015609635 0.9991762042
-125.8 291.0 2194.3 0.1807795763 -0.7764576077 -0.6036822796 0.9829715490 0.1220760643 0.1373475641 -0.0329494067 -0.6182321310 0.7853046060
-176.8 13.9 2203.6 0.0132792443 -0.7791556120 -0.6266898513 0.9424342513 0.2191840857 -0.2525391281 0.3341277242 -0.5872604251 0.7372135520
155.4 294.2 2182.9 0.1464225501 0.6785095930 0.7198507786 -0.9836153984 0.1772292852 0.0330231078 -0.1051721498 -0.7128916383 0.6933428645
195.1 27.3 2154.4 -0.0576855466 0.6776621938 0.7331073284 -0.9608501792 0.1616468579 -0.2250272483 -0.2709969282 -0.7173871398 0.6418071389
-73.6 -105.0 2196.0 0.9933109879 0.0495070741 0.1043185294 -0.0449537374 0.9979497194 -0.0455578715 -0.1063600779 0.0405636244 0.9934999347
-93.3 -501.7 2179.9 0.9900261164 -0.0816030130 0.1148444563 0.0453135036 0.9562955499 0.2888693511 -0.1333978474 -0.2807841897 0.9504553080
109.6 -103.2 2186.9 0.8483363390 0.0138865858 -0.5292755365 -0.0777071267 0.9920963645 -0.0985213667 0.5237241983 0.1247077361 0.8427104354
104.1 -497.6 2137.3 0.8648647666 -0.0736257061 -0.4965764880 0.2109334767 0.9509247541 0.2263828814 0.4555392861 -0.3005351722 0.8379514217
-180.6 -255.6 2108.1 0 0 0 0 0 0 0 0 0
178.6 -247.5 2076.9 0 0 0 0 0 0 0 0 0
-62.1 -867.3 2287.2 0 0 0 0 0 0 0 0 0
132.3 -861.2 2252.2 0 0 0 0 0 0 0 0 0
14.2 493.2 2187.4 1 0.9992973804 -0.0136829922 0.0348938182 0.0134208966 0.9998800159 0.0077344328 -0.0349954627 -0.0072606918 0.9993610978
16.9 292.9 2188.9 0.9992973804 -0.0136829922 0.0348938182 0.0134208966 0.9998800159 0.0077344328 -0.0349954627 -0.0072606918 0.9993610978
19.6 94.1 2189.3 0.9992932677 -0.0137995724 0.0349647328 0.0137179149 0.9999026060 0.0025742622 -0.0349968523 -0.0020927996 0.9993852377
-123.7 291.0 2193.8 0.1876460016 -0.7721289396 -0.6071292162 0.9816576838 0.1261993647 0.1429052651 -0.0337219797 -0.6228086352 0.7816471457
-176.8 13.2 2203.4 0.0107703209 -0.7747034431 -0.6322330236 0.9429971576 0.2181909531 -0.2512948513 0.3326265216 -0.5934873819 0.7328931093
157.5 294.8 2184.0 0.1375758052 0.6824616790 0.7178571820 -0.9842066765 0.1757025421 0.0215819720 -0.1114004627 -0.7094889879 0.6958557963
195.3 24.8 2153.4 -0.0589727722 0.6814102530 0.7295219302 -0.9620232582 0.1563179344 -0.2237764448 -0.2665209174 -0.7150138021 0.6463140249
-72.3 -106.1 2193.0 0.9937731028 0.0512138717 0.0989554822 -0.0470916107 0.9979405403 -0.0435551666 -0.1009823158 0.0386239775 0.9941381812
-92.6 -502.8 2177.6 0.9911878705 -0.0731660724 0.1104236767 0.0375932492 0.9547135234 0.2951419950 -0.1270173639 -0.2883899808 0.9490510225
111.1 -104.0 2185.5 0.8454342484 0.0179113224 -0.5337791443 -0.0857995600 0.9910112619 -0.1026408821 0.5271427035 0.1325741261 0.8393716216
103.9 -498.0 2132.8 0.8651878834 -0.0794385150 -0.4951156378 0.2263090163 0.9429553747 0.2441709191 0.4474753737 -0.3233028352 0.8338111639
-179.9 -256.5 2108.2 0 0 0 0 0 0 0 0 0
178.4 -250.3 2077.2 0 0 0 0 0 0 0 0 0
-64.7 -867.8 2287.8 0 0 0 0 0 0 0 0 0
134.3 -858.4 2256.4 0 0 0 0 0 0 0 0 0
12.7 493.6 2188.6 2 0.9991174936 -0.0146563808 0.0393621996 0.0143647091 0.9998673201 0.0076826001 -0.0394695774 -0.0071103936 0.9991954565
15.7 293.2 2190.0 0.9991174936 -0.0146563808 0.0393621996 0.0143647091 0.9998673201 0.0076826001 -0.0394695774 -0.0071103936 0.9991954565
18.8 94.5 2190.2 0.9991008043 -0.0155253466 0.0394528136 0.0154711418 0.9998788834 0.0016788661 -0.0394741036 -0.0010669765 0.9992200136
-124.9 291.1 2195.6 0.1837387830 -0.7745897174 -0.6051866412 0.9826278687 0.1283733100 0.1340251267 -0.0261246786 -0.6192988753 0.7847205997
-176.8 13.8 2203.0 0.0131305195 -0.7767337561 -0.6296921968 0.9440932870 0.2170973271 -0.2481059730 0.3294167817 -0.5912303925 0.7361597419
156.3 295.4 2184.5 0.1417154372 0.6786705852 0.7206406593 -0.9834402204 0.1796028912 0.0242526568 -0.1129695848 -0.7121439576 0.6928844452
195.4 24.3 2153.3 -0.0594938844 0.6774378419 0.7331701517 -0.9622266293 0.1565542370 -0.2227346152 -0.2656697631 -0.7187271714 0.6425346732
-69.3 -106.0 2192.9 0.9928861260 0.0581408143 0.1039076522 -0.0545834564 0.9978323579 -0.0367598608 -0.1058196574 0.0308267176 0.9939073920
-92.4 -502.7 2180.7 0.9905317426 -0.0726061240 0.1165125221 0.0398256443 0.9641753435 0.2622590661 -0.1313801110 -0.2551357448 0.9579378963
114.1 -103.4 2186.5 0.8478114605 0.0223095696 -0.5298282504 -0.0914386809 0.9902999997 -0.1046180427 0.5223549008 0.1371431798 0.8416276574
105.2 -497.2 2132.0 0.8702956438 -0.0735460445 -0.4870076180 0.2225108445 0.9408415556 0.2555505037 0.4394022822 -0.3307689726 0.8351751566
-180.5 -256.2 2108.8 0 0 0 0 0 0 0 0 0
178.4 -250.9 2077.4 0 0 0 0 0 0 0 0 0
-64.7 -871.1 2278.2 0 0 0 0 0 0 0 0 0
133.3 -856.8 2258.4 0 0 0 0 0 0 0 0 0
13.4 493.2 2188.2 3 0.9993354678 -0.0142876506 0.0335341394 0.0138819413 0.9998279810 0.0123002082 -0.0337041132 -0.0118265152 0.9993618727
16.3 292.8 2190.6 0.9993354678 -0.0142876506 0.0335341394 0.0138819413 0.9998279810 0.0123002082 -0.0337041132 -0.0118265152 0.9993618727
19.4 94.0 2191.3 0.9993095398 -0.0157318432 0.0336586647 0.0156057710 0.9998701811 0.0040050657 -0.0337173045 -0.0034770311 0.9994253516
-124.4 290.6 2195.3 0.1860284805 -0.7710580826 -0.6089850664 0.9820633531 0.1265244782 0.1397965997 -0.0307397917 -0.6240680814 0.7807650566
-176.9 13.3 2204.0 0.0081475563 -0.7738882303 -0.6332697868 0.9419525862 0.2185089141 -0.2549100816 0.3356470168 -0.5944332480 0.7307463288
156.9 295.0 2185.8 0.1405417174 0.6823826432 0.7173576355 -0.9833265543 0.1806546450 0.0208024811 -0.1153987348 -0.7083204389 0.6963945031
195.6 24.6 2154.1 -0.0554722622 0.6812903285 0.7299084663 -0.9622365832 0.1586450189 -0.2212068588 -0.2665024400 -0.7146154642 0.6467620730
-69.8 -105.7 2194.1 0.9934504032 0.0578518659 0.0985365435 -0.0553659126 0.9980795383 -0.0277813580 -0.0999545157 0.0221438371 0.9947455525
-92.8 -502.6 2185.3 0.9911242127 -0.0733501017 0.1108716205 0.0428983904 0.9658561349 0.2555027902 -0.1258271933 -0.2484787852 0.9604300261
113.5 -102.9 2186.8 0.8447003961 0.0249207504 -0.5346589684 -0.0937997252 0.9903489351 -0.1020321995 0.5269562006 0.1363375038 0.8388857245
103.6 -496.7 2132.6 0.8661615252 -0.0794271901 -0.4934121072 0.2260626704 0.9427790642 0.2450780720 0.4457127750 -0.3238192499 0.8345544934
-179.2 -256.1 2108.0 0 0 0 0 0 0 0 0 0
179.7 -250.6 2077.9 0 0 0 0 0 0 0 0 0
-64.8 -871.7 2280.2 0 0 0 0 0 0 0 0 0
134.0 -857.1 2256.4 0 0 0 0 0 0 0 0 0
13.8 492.0 2188.0 4 0.9993441701 -0.0154078901 0.0327699184 0.0150889968 0.9998365641 0.0099564260 -0.0329179727 -0.0094554303 0.9994133115
16.9 291.8 2189.9 0.9993441701 -0.0154078901 0.0327699184 0.0150889968 0.9998365641 0.0099564260 -0.0329179727 -0.0094554303 0.9994133115
20.1 93.1 2189.8 0.9993221164 -0.0164678451 0.0329250693 0.0164694246 0.9998643398 0.0002232666 -0.0329242796 0.0003191417 0.9994577765
-123.8 289.5 2194.5 0.1882717609 -0.7707939744 -0.6086298823 0.9816118479 0.1278122663 0.1417821795 -0.0314944871 -0.6241319180 0.7806839943
-176.8 12.8 2203.4 0.0096071837 -0.7736376524 -0.6335554123 0.9406480789 0.2219439745 -0.2567529678 0.3392475545 -0.5934860110 0.7298530340
157.5 294.2 2185.2 0.1386937648 0.6837766171 0.7163892388 -0.9840127230 0.1767598540 0.0217928588 -0.1117274091 -0.7079586983 0.6973603964
195.6 24.1 2154.6 -0.0530873984 0.6829165220 0.7285648584 -0.9626039863 0.1591004431 -0.2192728072 -0.2656600177 -0.7129600644 0.6489319205
-69.2 -106.2 2195.0 0.9934639931 0.0588646904 0.0977966785 -0.0559718162 0.9979172349 -0.0320675932 -0.0994806439 0.0263841432 0.9946896434
-92.6 -503.0 2184.6 0.9913780689 -0.0698970109 0.1108327806 0.0383615792 0.9636050463 0.2645632923 -0.1252912134 -0.2580305338 0.9579782486
114.2 -103.4 2188.9 0.8442455530 0.0298992656 -0.5351219177 -0.1002601981 0.9896276593 -0.1028832644 0.5264953375 0.1405101717 0.8384864926
102.3 -496.8 2133.0 0.8668666482 -0.0878319219 -0.4907420278 0.2368136495 0.9387593269 0.2503001988 0.4387043118 -0.3331913054 0.8345789909
-179.6 -256.2 2106.4 0 0 0 0 0 0 0 0 0
180.4 -251.2 2078.6 0 0 0 0 0 0 0 0 0
-65.9 -871.3 2283.2 0 0 0 0 0 0 0 0 0
135.9 -855.7 2260.4 0 0 0 0 0 0 0 0 0
13.1 492.2 2187.4 5 0.9993855357 -0.0162115823 0.0310762078 0.0158906803 0.9998181462 0.0105456356 -0.0312415175 -0.0100453338 0.9994614124
16.3 292.0 2189.4 0.9993855357 -0.0162115823 0.0310762078 0.0158906803 0.9998181462 0.0105456356 -0.0312415175 -0.0100453338 0.9994614124
19.7 93.2 2189.6 0.9993692636 -0.0169085022 0.0312279668 0.0168735348 0.9998566508 0.0013829984 -0.0312468745 -0.0008552000 0.9995113611
-124.3 289.6 2193.8 0.1856916398 -0.7697758079 -0.6107076406 0.9821689725 0.1268276274 0.1387762576 -0.0293719936 -0.6255877018 0.7796007395
-176.8 11.9 2202.1 0.0060084425 -0.7731140852 -0.6342385411 0.9388721585 0.2226828188 -0.2625479996 0.3442135751 -0.5938914418 0.7271932364
157.0 294.4 2185.0 0.1416582018 0.6848466992 0.7147852778 -0.9839410782 0.1766227782 0.0257752948 -0.1085952297 -0.7069578767 0.6988688707
196.3 21.2 2154.8 -0.0558237061 0.6838666797 0.7274682522 -0.9623018503 0.1574008018 -0.2218109369 -0.2661932111 -0.7124263644 0.6492995024
-68.3 -107.2 2192.8 0.9933644533 0.0638780519 0.0956382379 -0.0604055598 0.9974204302 -0.0387767255 -0.0978685096 0.0327423401 0.9946606159
-93.7 -503.8 2179.8 0.9909799695 -0.0736972094 0.1119259596 0.0353626385 0.9494109154 0.3120390177 -0.1292601377 -0.3052664399 0.9434533715
115.1 -104.2 2186.7 0.8434004188 0.0321652666 -0.5363218188 -0.0990915149 0.9903949499 -0.0964299962 0.5280687213 0.1344740391 0.8384868503
102.3 -498.0 2133.3 0.8655772209 -0.0864296854 -0.4932605624 0.2345486283 0.9402438402 0.2468370199 0.4424511492 -0.3293500841 0.8341255784
-178.5 -256.6 2103.7 0 0 0 0 0 0 0 0 0
180.4 -254.0 2078.7 0 0 0 0 0 0 0 0 0
-65.5 -866.3 2296.3 0 0 0 0 0 0 0 0 0
135.4 -857.4 2259.2 0 0 0 0 0 0 0 0 0
12.7 493.3 2187.1 6 0.9994437695 -0.0155407777 0.0295058955 0.0152114248 0.9998198152 0.0113541232 -0.0296770316 -0.0108989812 0.9995000958
15.8 292.8 2189.3 0.9994437695 -0.0155407777 0.0295058955 0.0152114248 0.9998198152 0.0113541232 -0.0296770316 -0.0108989812 0.9995000958
19.0 94.1 2189.8 0.9994280338 -0.0162843503 0.0296383407 0.0162015408 0.9998641610 0.0030320392 -0.0296836905 -0.0025501181 0.9995560646
-124.9 290.6 2193.4 0.1830872148 -0.7690697312 -0.6123812795 0.9826456308 0.1242957190 0.1376883686 -0.0297755804 -0.6269627810 0.7784799933
-176.8 12.0 2201.9 0.0084449193 -0.7725012302 -0.6349570751 0.9388281703 0.2247451693 -0.2609429657 0.3442822993 -0.5939120054 0.7271438837
156.4 295.1 2185.1 0.1439305544 0.6853895187 0.7138103247 -0.9833710790 0.1797863990 0.0256558657 -0.1107491255 -0.7056331038 0.6998689771
196.6 20.6 2154.2 -0.0507693514 0.6843698025 0.7273654342 -0.9640071988 0.1567401886 -0.2147617489 -0.2609838545 -0.7120888233 0.6517798305
-68.6 -107.1 2192.6 0.9935095906 0.0623527803 0.0951360390 -0.0607369356 0.9979575872 -0.0197896287 -0.0961756706 0.0138829146 0.9952675700
-93.4 -503.8 2187.1 0.9911963344 -0.0761470571 0.1083120331 0.0473800562 0.9678896070 0.2468701601 -0.1236325279 -0.2395649701 0.9629764557
114.8 -104.0 2186.9 0.8425768018 0.0289468467 -0.5377978086 -0.0961705074 0.9905925393 -0.0973535180 0.5299203992 0.1337480992 0.8374340534
103.2 -497.9 2133.7 0.8639171124 -0.0788688809 -0.4974202514 0.2234775126 0.9451356530 0.2382778972 0.4513369203 -0.3170146048 0.8341442943
-179.2 -256.5 2103.4 0 0 0 0 0 0 0 0 0
182.1 -255.1 2079.5 0 0 0 0 0 0 0 0 0
-64.4 -872.8 2278.4 0 0 0 0 0 0 0 0 0
133.4 -859.2 2254.9 0 0 0 0 0 0 0 0 0
13.9 493.4 2187.4 7 0.9991581440 -0.0054418487 0.0406617522 0.0050800256 0.9999466538 0.0089964019 -0.0407085419 -0.0087822657 0.9991324544
15.0 292.8 2189.2 0.9991581440 -0.0054418487 0.0406617522 0.0050800256 0.9999466538 0.0089964019 -0.0407085419 -0.0087822657 0.9991324544
16.3 94.0 2189.6 0.9991466999 -0.0070107481 0.0407028534 0.0069189472 0.9999731779 0.0023958350 -0.0407185592 -0.0021121698 0.9991683960
-125.7 291.8 2194.9 0.1799932718 -0.7757792473 -0.6047884226 0.9833496809 0.1262718290 0.1306858063 -0.0250156019 -0.6182410717 0.7855903506
-176.7 12.8 2202.0 0.0098869838 -0.7787787318 -0.6272208095 0.9392252564 0.2224901021 -0.2614461482 0.3431591094 -0.5865166783 0.7336484194
155.6 293.8 2183.5 0.1424758434 0.6791265607 0.7200608850 -0.9842447042 0.1741634607 0.0304863825 -0.1047041863 -0.7130597234 0.6932408214
195.3 19.2 2154.3 -0.0382179059 0.6790199280 0.7331243157 -0.9627876282 0.1714077890 -0.2089482397 -0.2675432563 -0.7138286233 0.6472011805
-69.4 -106.2 2193.0 0.9925692081 0.0609827004 0.1052970886 -0.0580600202 0.9978438616 -0.0306050815 -0.1069364324 0.0242641103 0.9939697385
-93.7 -502.9 2183.4 0.9896993637 -0.0802947432 0.1185238808 0.0467698798 0.9638225436 0.2624092698 -0.1353060752 -0.2541629374 0.9576499462
114.0 -103.2 2187.6 0.8478969932 0.0226383545 -0.5296774507 -0.0898779258 0.9907642007 -0.1015296131 0.5224869847 0.1336929649 0.8421006799
105.0 -497.2 2134.4 0.8699384928 -0.0675893277 -0.4885065854 0.2140059173 0.9441751242 0.2504691184 0.4443067312 -0.3224360347 0.8358387947
-179.6 -255.8 2103.9 0 0 0 0 0 0 0 0 0
184.4 -256.1 2077.8 0 0 0 0 0 0 0 0 0
-63.0 -870.8 2280.4 0 0 0 0 0 0 0 0 0
130.8 -858.1 2257.7 0 0 0 0 0 0 0 0 0
13.8 491.3 2188.1 8 0.9991744757 -0.0021814052 0.0405657254 0.0018788793 0.9999701381 0.0074943039 -0.0405808613 -0.0074118990 0.9991487861
14.3 291.3 2189.6 0.9991744757 -0.0021814052 0.0405657254 0.0018788793 0.9999701381 0.0074943039 -0.0405808613 -0.0074118990 0.9991487861
15.2 92.5 2190.1 0.9991657734 -0.0045710895 0.0405820832 0.0044672536 0.9999865294 0.0026489708 -0.0405936465 -0.0024654705 0.9991726875
-126.3 290.6 2195.3 0.1781232208 -0.7752264142 -0.6060496569 0.9838377237 0.1288417429 0.1243509054 -0.0183156114 -0.6184042692 0.7856466770
-176.5 13.7 2200.5 0.0117517812 -0.7775776386 -0.6286770701 0.9425071478 0.2186078578 -0.2527664006 0.3339792490 -0.5895621777 0.7354415655
154.9 291.9 2183.9 0.1466676295 0.6787065864 0.7196151614 -0.9833930135 0.1786585301 0.0319270492 -0.1068962812 -0.7123471498 0.6936387420
195.2 22.0 2154.5 -0.0322964787 0.6786246896 0.7337747812 -0.9627205133 0.1761483848 -0.2052824944 -0.2685630322 -0.7130500078 0.6476369500
-73.9 -105.4 2193.8 0.9933634400 0.0477928706 0.1046181470 -0.0439117961 0.9982702732 -0.0390929282 -0.1063055471 0.0342395157 0.9937438369
-92.9 -502.3 2180.2 0.9901902080 -0.0804575309 0.1142362207 0.0471180864 0.9619589448 0.2691000998 -0.1315416843 -0.2610777020 0.9563133717
109.4 -104.2 2186.3 0.8478444219 0.0107101807 -0.5301368833 -0.0787110850 0.9912613630 -0.1058560014 0.5243704319 0.1314770728 0.8412784338
105.1 -498.3 2134.0 0.8668559194 -0.0686132908 -0.4938147366 0.2133381963 0.9462707043 0.2430197597 0.4506080151 -0.3160126507 0.8349182010
-179.8 -255.8 2104.9 0 0 0 0 0 0 0 0 0
185.9 -253.3 2077.7 0 0 0 0 0 0 0 0 0
-62.2 -869.7 2279.9 0 0 0 0 0 0 0 0 0
131.4 -860.0 2254.9 0 0 0 0 0 0 0 0 0
13.2 492.3 2187.4 9 0.9990378618 -0.0035237139 0.0437145866 0.0028930819 0.9998909831 0.0144810118 -0.0437608473 -0.0143406093 0.9989390969
13.9 292.2 2190.3 0.9990378618 -0.0035237139 0.0437145866 0.0028930819 0.9998909831 0.0144810118 -0.0437608473 -0.0143406093 0.9989390969
15.0 93.4 2191.6 0.9990282655 -0.0053331209 0.0437499397 0.0050535304 0.9999660850 0.0064987638 -0.0437831134 -0.0062713572 0.9990213513
-126.7 291.5 2196.5 0.1829963624 -0.7763663530 -0.6031314731 0.9828726649 0.1308961958 0.1297208518 -0.0217632931 -0.6165398955 0.7870228291
-178.5 13.3 2202.6 -0.0009503866 -0.7795372009 -0.6263551712 0.9387191534 0.2151978463 -0.2692511976 0.3446816206 -0.5882275105 0.7315620184
154.6 292.9 2184.1 0.1343635470 0.6772493720 0.7233807445 -0.9851778150 0.1698531955 0.0239694193 -0.1066352502 -0.7158793211 0.6900331378
191.8 19.6 2154.6 -0.0173145663 0.6778520942 0.7349943519 -0.9605755210 0.1927296221 -0.2003744990 -0.2774794698 -0.7094870210 0.6477910876
-75.6 -106.7 2194.3 0.9932043552 0.0448484123 0.1073950604 -0.0403167494 0.9982175827 -0.0440029763 -0.1091770977 0.0393741317 0.9932422042
-93.4 -503.6 2178.6 0.9901704788 -0.0777792260 0.1162444428 0.0399554819 0.9537810087 0.2978345156 -0.1340370774 -0.2902623415 0.9475135207
107.8 -105.9 2186.9 0.8495708108 0.0017584828 -0.5274717212 -0.0748005658 0.9902902246 -0.1171758920 0.5221440196 0.1390043944 0.8414531350
107.1 -499.6 2131.6 0.8694222569 -0.0626607835 -0.4900801778 0.2112763077 0.9438091516 0.2541390359 0.4466175735 -0.3244964778 0.8338074088
-178.2 -255.1 2104.1 0 0 0 0 0 0 0 0 0
186.9 -255.0 2075.2 0 0 0 0 0 0 0 0 0
-63.7 -867.9 2289.5 0 0 0 0 0 0 0 0 0
131.0 -860.4 2255.6 0 0 0 0 0 0 0 0 0
14.3 492.5 2187.6 0 0.9990206361 -0.0097616408 0.0431557745 0.0091531361 0.9998562336 0.0142753758 -0.0432889201 -0.0138663845 0.9989663363
16.3 292.5 2190.4 0.9990206361 -0.0097616408 0.0431557745 0.0091531361 0.9998562336 0.0142753758 -0.0432889201 -0.0138663845 0.9989663363
18.2 93.7 2191.8 0.9990193248 -0.0096169682 0.0432196259 0.0092931790 0.9999272823 0.0076864036 -0.0432904027 -0.0072772182 0.9990360141
-124.4 291.2 2196.5 0.1877962053 -0.7746880651 -0.6038136482 0.9820553660 0.1372569948 0.1293361038 -0.0173174981 -0.6172672510 0.7865629196
-177.4 13.5 2201.4 0.0052112853 -0.7771970034 -0.6292358041 0.9390943646 0.2200273871 -0.2639880478 0.3436198235 -0.5895360708 0.7310079336
156.9 293.8 2184.3 0.1206947938 0.6784098148 0.7247019410 -0.9869545698 0.1603671610 0.0142480945 -0.1065523475 -0.7169675827 0.6889151335
190.3 20.4 2154.8 -0.0103140054 0.6792767048 0.7338097692 -0.9607973695 0.1965985298 -0.1954927295 -0.2770595849 -0.7070587873 0.6506195664
-75.6 -105.8 2196.8 0.9933573604 0.0425456800 0.1069158465 -0.0377399549 0.9982014894 -0.0465777479 -0.1087052375 0.0422333479 0.9931764603
-92.5 -502.7 2180.0 0.9906417727 -0.0735507682 0.1149748340 0.0377452299 0.9571603537 0.2870877981 -0.1311648786 -0.2800614238 0.9509791732
107.7 -104.9 2188.8 0.8496118784 0.0050234618 -0.5273845196 -0.0781018287 0.9901279807 -0.1163901612 0.5215935111 0.1400761604 0.8416168094
105.7 -498.6 2133.1 0.8681648970 -0.0687106922 -0.4914962053 0.2116452307 0.9470531344 0.2414470166 0.4488830268 -0.3136386573 0.8367406130
-178.9 -255.0 2103.1 0 0 0 0 0 0 0 0 0
187.3 -254.4 2075.5 0 0 0 0 0 0 0 0 0
-64.4 -868.5 2287.1 0 0 0 0 0 0 0 0 0
132.0 -860.6 2253.0 0 0 0 0 0 0 0 0 0
12.8 490.1 2187.7 1 0.9990323782 -0.0193796810 0.0394815169 0.0189195238 0.9997490644 0.0119955298 -0.0397040769 -0.0112369508 0.9991483092
16.7 290.3 2189.9 0.9990323782 -0.0193796810 0.0394815169 0.0189195238 0.9997490644 0.0119955298 -0.0397040769 -0.0112369508 0.9991483092
20.8 91.6 2191.4 0.9990057349 -0.0205485448 0.0395636074 0.0202518832 0.9997638464 0.0078846263 -0.0397162810 -0.0070755491 0.9991859198
-123.9 287.5 2195.5 0.1898208112 -0.7718402147 -0.6068201661 0.9817134738 0.1401565522 0.1288210005 -0.0143794091 -0.6201764345 0.7843305469
-176.9 13.5 2199.5 0.0083956141 -0.7740529776 -0.6330651045 0.9395225048 0.2228729278 -0.2600484192 0.3423843384 -0.5925956368 0.7291113734
157.3 293.2 2184.4 0.1302695423 0.6793080568 0.7221983075 -0.9857480526 0.1669396907 0.0207830239 -0.1064454839 -0.7146129608 0.6913737655
193.5 19.3 2154.8 -0.0228390899 0.6800574660 0.7328029871 -0.9598134756 0.1901621670 -0.2063889951 -0.2797077894 -0.7080679536 0.6483852267
-71.6 -106.0 2197.3 0.9933586121 0.0502366088 0.1035128757 -0.0447745472 0.9975130558 -0.0544327311 -0.1059899628 0.0494364798 0.9931375384
-91.6 -502.6 2177.6 0.9911938906 -0.0662603378 0.1146483943 0.0280285683 0.9511674643 0.3074001372 -0.1294182539 -0.3014797270 0.9446485639
111.7 -104.3 2189.3 0.8484326005 0.0166754238 -0.5290406346 -0.0910025388 0.9892159104 -0.1147623137 0.5214217305 0.1455121338 0.8408005834
105.1 -497.6 2131.5 0.8692564964 -0.0708349720 -0.4892602265 0.2128282040 0.9468927979 0.2410356849 0.4462032318 -0.3136502206 0.8381683826
-179.3 -255.2 2101.6 0 0 0 0 0 0 0 0 0
187.0 -255.1 2074.8 0 0 0 0 0 0 0 0 0
-66.2 -866.0 2292.8 0 0 0 0 0 0 0 0 0
132.2 -859.6 2251.4 0 0 0 0 0 0 0 0 0
13.8 491.2 2187.2 2 0.9992112517 -0.0143042039 0.0370447859 0.0138372844 0.9998219609 0.0128300693 -0.0372217111 -0.0123073505 0.9992312193
16.6 291.4 2189.7 0.9992112517 -0.0143042039 0.0370447859 0.0138372844 0.9998219609 0.0128300693 -0.0372217111 -0.0123073505 0.9992312193
19.6 92.6 2191.1 0.9991986752 -0.0149720889 0.0371186025 0.0146927144 0.9998617172 0.0077879322 -0.0372300707 -0.0072363187 0.9992805123
-124.0 289.3 2194.9 0.1857953668 -0.7706921101 -0.6095193028 0.9825170636 0.1382402480 0.1246990263 -0.0118444553 -0.6220316291 0.7829025388
-176.9 9.8 2198.3 0.0055736573 -0.7730727196 -0.6342929006 0.9403291941 0.2198579311 -0.2596988082 0.3402203918 -0.5949966908 0.7281683087
157.2 293.5 2184.5 0.1357021630 0.6806486845 0.7199321389 -0.9846271873 0.1733106077 0.0217415020 -0.1099735573 -0.7118151784 0.6937038302
195.1 18.7 2153.8 -0.0288182423 0.6808977723 0.7318112850 -0.9616394043 0.1809178442 -0.2061997652 -0.2727986872 -0.7096809149 0.6495643854
-66.8 -109.0 2196.4 0.9928168654 0.0623026453 0.1021425277 -0.0594140813 0.9977493286 -0.0310852025 -0.1038493216 0.0247932076 0.9942839742
-91.5 -505.6 2186.6 0.9907452464 -0.0715482682 0.1153460145 0.0414613560 0.9686989784 0.2447513491 -0.1292470992 -0.2377038300 0.9627004266
116.5 -105.3 2189.1 0.8465589881 0.0311218891 -0.5313843489 -0.0976565927 0.9904256463 -0.0975718275 0.5232600570 0.1344935000 0.8414929509
104.2 -499.0 2135.7 0.8670560718 -0.0727960020 -0.4928635657 0.2091646045 0.9510496259 0.2274966836 0.4521768689 -0.3003419936 0.8398397565
-178.4 -259.1 2101.0 0 0 0 0 0 0 0 0 0
186.9 -256.3 2075.8 0 0 0 0 0 0 0 0 0
-64.3 -875.0 2277.2 0 0 0 0 0 0 0 0 0
132.0 -862.6 2250.5 0 0 0 0 0 0 0 0 0
13.3 493.5 2188.0 3 0.9988994002 -0.0140250055 0.0447585098 0.0137118772 0.9998793602 0.0072953138 -0.0448554307 -0.0066735609 0.9989712238
16.1 293.0 2189.3 0.9988994002 -0.0140250055 0.0447585098 0.0137118772 0.9998793602 0.0072953138 -0.0448554307 -0.0066735609 0.9989712238
18.8 94.3 2190.4 0.9989032745 -0.0136909615 0.0447754636 0.0134323267 0.9998913407 0.0060720560 -0.0448537320 -0.0054639578 0.9989786148
-124.5 291.1 2195.7 0.1827695817 -0.7753406167 -0.6045181751 0.9831312299 0.1397869587 0.1179517433 -0.0069490219 -0.6158786416 0.7878103852
-176.5 11.5 2197.6 0.0067769471 -0.7773334980 -0.6290522814 0.9417058825 0.2165644616 -0.2574681342 0.3363689482 -0.5906373858 0.7334871292
156.7 294.9 2183.0 0.1388388127 0.6758685708 0.7238269448 -0.9849388599 0.1702961177 0.0299103875 -0.1030494273 -0.7170780301 0.6893329620
195.3 20.6 2154.3 -0.0354983248 0.6762606502 0.7358066440 -0.9606048465 0.1799851507 -0.2117631584 -0.2756413519 -0.7143366933 0.6432300806
-69.1 -107.5 2196.0 0.9922952056 0.0591568835 0.1088606715 -0.0543495603 0.9974334240 -0.0466122590 -0.1113387048 0.0403365903 0.9929635525
-92.6 -504.0 2180.0 0.9889487624 -0.0841303915 0.1220752746 0.0476841554 0.9601448774 0.2754052877 -0.1403799057 -0.2665406764 0.9535458088
114.3 -104.8 2189.2 0.8506113291 0.0215778295 -0.5253520608 -0.0923182666 0.9897651672 -0.1088222265 0.5176270008 0.1410650164 0.8438974619
105.7 -498.3 2133.1 0.8729419708 -0.0626914799 -0.4837789237 0.2055394351 0.9466504455 0.2482065111 0.4424090981 -0.3161055446 0.8392565250
-178.4 -257.8 2101.4 0 0 0 0 0 0 0 0 0
185.2 -254.1 2075.5 0 0 0 0 0 0 0 0 0
-60.5 -870.4 2281.7 0 0 0 0 0 0 0 0 0
129.6 -860.1 2253.9 0 0 0 0 0 0 0 0 0
12.4 492.9 2194.4 4 0.9986590147 -0.0134493019 0.0499923564 0.0139083425 0.9998641610 -0.0088456962 -0.0498665944 0.0095291454 0.9987104535
15.0 292.9 2192.5 0.9986590147 -0.0134493019 0.0499923564 0.0139083425 0.9998641610 -0.0088456962 -0.0498665944 0.0095291454 0.9987104535
17.4 94.1 2190.8 0.9986792803 -0.0118978368 0.0499814190 0.0123118060 0.9998923540 -0.0079827541 -0.0498810597 0.0085875727 0.9987182617
-125.5 291.2 2199.5 0.1798246950 -0.7788299918 -0.6009051204 0.9836732745 0.1467623264 0.1041526049 0.0070730611 -0.6098234653 0.7925056815
-176.3 13.3 2197.5 0.0117097031 -0.7802503705 -0.6253576875 0.9410795569 0.2199882269 -0.2568548322 0.3379824162 -0.5855036378 0.7368537188
155.6 294.6 2185.5 0.1453527510 0.6719163656 0.7262238264 -0.9827672839 0.1827763766 0.0275913440 -0.1141974777 -0.7177194357 0.6869044304
196.0 21.4 2153.7 -0.0392109044 0.6716818810 0.7398012877 -0.9612977505 0.1767027229 -0.2113829404 -0.2727069855 -0.7194578648 0.6387576461
-70.1 -105.8 2195.6 0.9917868376 0.0564887263 0.1147513986 -0.0513907485 0.9975762367 -0.0469113439 -0.1171232313 0.0406288952 0.9922859669
